
metadata:
    version:
        essentia: "2.1-beta2"
    audio_properties:
        analysis_sample_rate: 44100
        bitrate: 320
        channels: 2
        equal_loudness: 1
        length: 249.756729126
        replay_gain: -14.1919384003
        downmix: "mix"
    tags:
        album: "Twilight Of The Thunder God"
        artist: "Amon Amarth"
        comment: ""
        date: "2008"
        genre: "Melodic Death Metal"
        title: "Live For The Kill"
        tracknumber: "9"

configuration:
    average_loudness:
        compute: 1
        frameSize: 88200
        hopSize: 44100
        silentFrames: "noise"
        windowType: "hann"
    general:
        analysisSampleRate: 44100
        endTime: 2000
        equalLoudness: 1
        nequalLoudness: 0
        shortSound: 0
        startTime: 0
    lowlevel:
        compute: 1
        frameSize: 2048
        hopSize: 1024
        zeroPadding: 0
        silentFrames: "noise"
        windowType: "blackmanharris62"
        mfccStats: ["mean", "cov", "icov"]
        stats: ["mean", "var", "median", "min", "max", "dmean", "dmean2", "dvar", "dvar2"]
    panning:
        compute: 0
        frameSize: 8192
        hopSize: 2048
        zeroPadding: 8192
        silentFrames: "noise"
        windowType: "hann"
        stats: ["copy"]
    rhythm:
        compute: 1
        maxTempo: 208
        minTempo: 40
        method: "degara"
        stats: ["mean", "var", "median", "min", "max", "dmean", "dmean2", "dvar", "dvar2"]
    segmentation:
        compute: 0
        cpw: 5
        inc1: 300
        inc2: 50
        minimumSegmentsLength: 10
        size1: 1000
        size2: 600
    sfx:
        compute: 1
        stats: ["mean", "var", "median", "min", "max", "dmean", "dmean2", "dvar", "dvar2"]
    svm:
        compute: 0
    tonal:
        compute: 1
        frameSize: 4096
        hopSize: 2048
        zeroPadding: 0
        silentFrames: "noise"
        windowType: "blackmanharris62"
        stats: ["mean", "var", "median", "min", "max", "dmean", "dmean2", "dvar", "dvar2"]

lowlevel:
    average_loudness: 0.887963414192
    barkbands_kurtosis:
        dmean: 0.690673351288
        dmean2: 1.11861133575
        dvar: 2.84529304504
        dvar2: 7.26151847839
        max: 55.9614562988
        mean: -0.268406450748
        median: -1.21622502804
        min: -1.87543618679
        var: 9.64029598236
    barkbands_skewness:
        dmean: 0.338602334261
        dmean2: 0.543722689152
        dvar: 0.11159864068
        dvar2: 0.269900351763
        max: 6.76607942581
        mean: 0.32142701745
        median: 0.0908863544464
        min: -2.23407387733
        var: 0.842896282673
    barkbands_spread:
        dmean: 4.7308921814
        dmean2: 7.66815471649
        dvar: 18.1081142426
        dvar2: 45.7733764648
        max: 66.3534011841
        mean: 34.0898742676
        median: 35.4046478271
        min: 1.77358257771
        var: 111.40763855
    dissonance:
        dmean: 0.0102302990854
        dmean2: 0.0174844153225
        dvar: 0.000110002722067
        dvar2: 0.00029983438435
        max: 0.500000059605
        mean: 0.480605185032
        median: 0.485916793346
        min: 0.300639182329
        var: 0.000352278613718
    hfc:
        dmean: 1.82297611237
        dmean2: 3.01403188705
        dvar: 5.80637264252
        dvar2: 15.2348670959
        max: 31.562297821
        mean: 7.55040645599
        median: 7.85002231598
        min: 1.07701767873e-016
        var: 24.6858158112
    pitch:
        dmean: 722.069396973
        dmean2: 1392.046875
        dvar: 1554875.875
        dvar2: 4121610.75
        max: 4438.74609375
        mean: 760.45135498
        median: 245.890380859
        min: 65.2765426636
        var: 1420718.375
    pitch_instantaneous_confidence:
        dmean: 0.0600210949779
        dmean2: 0.100010350347
        dvar: 0.00286515359767
        dvar2: 0.00733886193484
        max: 0.927312016487
        mean: 0.301505446434
        median: 0.244233906269
        min: 0.0878388881683
        var: 0.0242150239646
    pitch_salience:
        dmean: 0.0517673008144
        dmean2: 0.0874927639961
        dvar: 0.00229175947607
        dvar2: 0.00624598423019
        max: 0.911370337009
        mean: 0.665684998035
        median: 0.699050664902
        min: 0.166943386197
        var: 0.0111050587147
    silence_rate_20dB:
        dmean: 0
        dmean2: 0
        dvar: 0
        dvar2: 0
        max: 1
        mean: 1
        median: 1
        min: 1
        var: 0
    silence_rate_30dB:
        dmean: 0
        dmean2: 0
        dvar: 0
        dvar2: 0
        max: 1
        mean: 1
        median: 1
        min: 1
        var: 0
    silence_rate_60dB:
        dmean: 0.0451798811555
        dmean2: 0.0903681665659
        dvar: 0.0431417487562
        dvar2: 0.0967153683305
        max: 1
        mean: 0.309165269136
        median: 0
        min: 0
        var: 0.213598713279
    spectral_centroid:
        dmean: 217.35508728
        dmean2: 354.524963379
        dvar: 51444.9023438
        dvar2: 118439.671875
        max: 11688.0722656
        mean: 1583.22436523
        median: 1589.98425293
        min: 196.277587891
        var: 1290019.75
    spectral_complexity:
        dmean: 3.84140563011
        dmean2: 6.12420988083
        dvar: 15.8187675476
        dvar2: 36.5235443115
        max: 50
        mean: 18.1981773376
        median: 20
        min: 0
        var: 118.507781982
    spectral_crest:
        dmean: 1.68918931484
        dmean2: 2.81606602669
        dvar: 3.17529821396
        dvar2: 8.31948661804
        max: 23.7668190002
        mean: 6.02795362473
        median: 4.79178619385
        min: 2.0769340992
        var: 11.6157531738
    spectral_decrease:
        dmean: 2.69841399225e-010
        dmean2: 4.57000964849e-010
        dvar: 1.70301870292e-019
        dvar2: 4.60001239098e-019
        max: 1.75448101258e-028
        mean: -1.07171693742e-009
        median: -1.03550856778e-009
        min: -4.52992132693e-009
        var: 4.34096061963e-019
    spectral_energy:
        dmean: 0.00115215172991
        dmean2: 0.0019458013121
        dvar: 3.01064210362e-006
        dvar2: 8.08238746686e-006
        max: 0.0189877506346
        mean: 0.00472974823788
        median: 0.00464321952313
        min: 9.81440426389e-021
        var: 8.38784490043e-006
    spectral_energyband_high:
        dmean: 0.00017193936219
        dmean2: 0.000297988182865
        dvar: 5.98794329676e-008
        dvar2: 1.64572696804e-007
        max: 0.00276883738115
        mean: 0.000400983612053
        median: 0.000368182256352
        min: 6.95794362138e-021
        var: 1.08872086457e-007
    spectral_energyband_low:
        dmean: 0.000338212354109
        dmean2: 0.000573323108256
        dvar: 1.6186851326e-007
        dvar2: 4.38089216459e-007
        max: 0.00599086703733
        mean: 0.000625259883236
        median: 0.00049447757192
        min: 1.82315111087e-023
        var: 2.77041550589e-007
    spectral_energyband_middle_high:
        dmean: 0.000457062356872
        dmean2: 0.0007251201896
        dvar: 2.8671098562e-007
        dvar2: 7.00998270986e-007
        max: 0.00882208626717
        mean: 0.00215764716268
        median: 0.00215994752944
        min: 1.12600021468e-021
        var: 2.2648846425e-006
    spectral_energyband_middle_low:
        dmean: 0.000742309144698
        dmean2: 0.00127759273164
        dvar: 1.58989757892e-006
        dvar2: 4.43502858616e-006
        max: 0.0132861593738
        mean: 0.00175873679109
        median: 0.00142278254498
        min: 1.52249081857e-022
        var: 1.98960515263e-006
    spectral_flatness_db:
        dmean: 0.0118222022429
        dmean2: 0.0193643681705
        dvar: 0.000141444630572
        dvar2: 0.000375999079552
        max: 0.373794019222
        mean: 0.136348053813
        median: 0.119505509734
        min: 0.0530468896031
        var: 0.00210592709482
    spectral_flux:
        dmean: 0.00661711487919
        dmean2: 0.0102808279917
        dvar: 6.6120584961e-005
        dvar2: 0.000127205596073
        max: 0.102527968585
        mean: 0.0384849309921
        median: 0.0403370335698
        min: 6.32294563929e-011
        var: 0.000340340804541
    spectral_kurtosis:
        dmean: 1.26786649227
        dmean2: 2.2077794075
        dvar: 3.21941304207
        dvar2: 9.87732601166
        max: 40.3014755249
        mean: 4.07473087311
        median: 3.14096260071
        min: -1.27459073067
        var: 13.0985860825
    spectral_rms:
        dmean: 0.000237930478761
        dmean2: 0.000393366266508
        dvar: 8.91440095074e-008
        dvar2: 2.31775828752e-007
        max: 0.0043040253222
        mean: 0.00201688171364
        median: 0.00212837266736
        min: 3.0943544168e-012
        var: 5.46583009964e-007
    spectral_rolloff:
        dmean: 329.674468994
        dmean2: 540.754577637
        dvar: 168436.359375
        dvar2: 368540.6875
        max: 19573.6816406
        mean: 3172.09106445
        median: 3359.1796875
        min: 150.732421875
        var: 3755819.5
    spectral_skewness:
        dmean: 0.169876560569
        dmean2: 0.287120193243
        dvar: 0.029112957418
        dvar2: 0.0833318457007
        max: 4.8616437912
        mean: 1.40041470528
        median: 1.28865230083
        min: -0.0797702670097
        var: 0.276772916317
    spectral_spread:
        dmean: 373206.6875
        dmean2: 592325.5
        dvar: 308760379392
        dvar2: 633951551488
        max: 43163228
        mean: 4689681
        median: 4289842
        min: 1511152.375
        var: 1.53279025644e+013
    spectral_strongpeak:
        dmean: 0.227433428168
        dmean2: 0.404178798199
        dvar: 0.183968767524
        dvar2: 0.513149619102
        max: 5.73513650894
        mean: 0.301437318325
        median: 0.149800792336
        min: 6.53080159396e-011
        var: 0.216748803854
    zerocrossingrate:
        dmean: 0.00670706992969
        dmean2: 0.00853951927274
        dvar: 4.81194547319e-005
        dvar2: 6.28187990515e-005
        max: 0.525390625
        mean: 0.0926898792386
        median: 0.095703125
        min: 0.00927734375
        var: 0.00256810081191
    barkbands:
        dmean: [4.06669499853e-007, 0.00010311769438, 0.000205384058063, 0.000289848452667, 0.000384002982173, 0.000149665487697, 0.000105917817564, 8.47870760481e-005, 0.000122866709717, 0.000101454017567, 7.60358961998e-005, 7.25290956325e-005, 7.08348597982e-005, 7.33888737159e-005, 6.82925019646e-005, 9.42344195209e-005, 0.000126822298625, 0.000114708069304, 0.000156930997036, 0.000113928770588, 9.06009736354e-005, 3.5749617382e-005, 7.10034646545e-006, 1.67392454387e-006, 6.08757147802e-007, 1.75209500242e-008, 3.21681514759e-010]
        dmean2: [6.32644969301e-007, 0.000180442351848, 0.000349870271748, 0.000500438385643, 0.000671363202855, 0.000248578580795, 0.00017931322509, 0.000140431817272, 0.00020138011314, 0.000169272403582, 0.000124686572235, 0.000118505391583, 0.000117624433187, 0.000122629891848, 0.000113030502689, 0.000156418391271, 0.000212694620132, 0.000192149440409, 0.000265022594249, 0.000191010258277, 0.000157478163601, 6.26003093203e-005, 1.26750055642e-005, 2.83002736978e-006, 9.81202106232e-007, 2.72233169341e-008, 5.42422051719e-010]
        dvar: [3.08672439822e-013, 2.54399505906e-008, 7.12905290357e-008, 2.23919570885e-007, 5.79073514473e-007, 5.62685578132e-008, 3.39059340604e-008, 2.00629806102e-008, 4.2404746381e-008, 3.8283182846e-008, 2.60076458147e-008, 1.8327394713e-008, 1.36420599262e-008, 1.05722604005e-008, 8.1998514645e-009, 1.46471457185e-008, 2.37980781748e-008, 1.83138855192e-008, 3.67292791736e-008, 2.06982715412e-008, 1.58539936734e-008, 2.81265077895e-009, 1.33998992458e-010, 7.65049135154e-012, 1.22194311961e-012, 1.61377415913e-015, 2.34465585399e-019]
        dvar2: [7.20462264066e-013, 7.04948206476e-008, 1.94583421376e-007, 6.27161512057e-007, 1.64320181284e-006, 1.60278275985e-007, 9.32814003818e-008, 5.31972439433e-008, 1.10950402643e-007, 1.05407394813e-007, 6.74309958981e-008, 4.71974885841e-008, 3.6442063589e-008, 2.8780110739e-008, 2.19622489084e-008, 3.84624847527e-008, 6.55949321526e-008, 4.98465553278e-008, 1.00467062225e-007, 5.68507552146e-008, 4.3867206756e-008, 7.77120767737e-009, 3.6610062204e-010, 1.8448916006e-011, 2.65146129878e-012, 3.35007226936e-015, 5.99553846266e-019]
        max: [5.02848160977e-006, 0.00145604368299, 0.00462383916602, 0.00522163510323, 0.00932383351028, 0.00472357776016, 0.00313910911791, 0.00240570819005, 0.00412590336055, 0.00467768730596, 0.00294714793563, 0.00309565407224, 0.00213578436524, 0.00217659305781, 0.00181331299245, 0.00204507960007, 0.00220208545215, 0.00171993498225, 0.00260773976333, 0.0021170892287, 0.00198010215536, 0.000559253734536, 0.000124048805446, 6.13069714746e-005, 2.70410328085e-005, 1.13943053748e-006, 1.45271039642e-008]
        mean: [6.16315162461e-007, 0.000139293260872, 0.000310064322548, 0.000375070550945, 0.000514272716828, 0.000261663139099, 0.000173850581632, 0.000140605145134, 0.000232196893194, 0.000174817803781, 0.000129837950226, 0.000136879869387, 0.000134430621983, 0.000147580620251, 0.000145588055602, 0.000208526922506, 0.000290610914817, 0.000277633662336, 0.00038468503044, 0.000287486123852, 0.00018523268227, 6.45203617751e-005, 9.76488172455e-006, 3.18956290357e-006, 1.29735815335e-006, 3.88651599792e-008, 5.81435011249e-010]
        median: [3.32764670929e-007, 9.87981766229e-005, 0.000202066788916, 0.0002168356732, 0.000309590570396, 0.000160551979207, 0.000103076614323, 7.49830069253e-005, 0.000131985361804, 8.3537568571e-005, 5.22150003235e-005, 6.74524490023e-005, 8.07579781394e-005, 0.000104985432699, 0.000118649324577, 0.000179075315828, 0.000262581917923, 0.000265756738372, 0.000357174081728, 0.00026748990058, 0.000164157216204, 5.31464575033e-005, 5.99345548835e-006, 2.12541999645e-006, 8.68173287927e-007, 2.13441158081e-008, 3.03535918622e-010]
        min: [7.1015240701e-025, 3.74200351354e-024, 4.77267848799e-025, 1.0323114664e-024, 8.21292239212e-024, 5.82017434352e-024, 7.12561252949e-024, 9.21178280348e-024, 1.57654719655e-023, 1.15530541281e-023, 1.08545714391e-023, 2.44731584511e-023, 2.84494134216e-023, 2.47658873781e-023, 4.74481343591e-023, 6.4384763424e-023, 6.48675021218e-023, 8.89474686319e-023, 1.31625493626e-022, 1.27143249071e-022, 2.37753563912e-022, 3.03568014665e-022, 3.56898596442e-022, 5.18015699185e-022, 8.15313418235e-022, 1.29767502789e-021, 1.8956744071e-021]
        var: [5.75372865672e-013, 2.5410935578e-008, 1.1945884637e-007, 2.3836784635e-007, 4.92897754611e-007, 9.74278080434e-008, 5.36395674544e-008, 3.65591930063e-008, 9.20094649359e-008, 7.70310180087e-008, 5.68610758478e-008, 4.70228016525e-008, 3.04380982641e-008, 2.62188795119e-008, 2.12808419775e-008, 3.66460710666e-008, 5.76363845539e-008, 4.69739660502e-008, 9.61742898653e-008, 5.37844506709e-008, 2.58149732701e-008, 3.8186862561e-009, 1.44811343472e-010, 1.63327788794e-011, 3.0890838932e-012, 3.87786125165e-015, 5.99193195519e-019]
    frequency_bands:
        dmean: [4.06669499853e-007, 0.00010311769438, 0.000205384058063, 0.000289848452667, 0.000384002982173, 0.000149665487697, 0.000105917817564, 8.47870760481e-005, 0.000122866709717, 0.000101454017567, 7.60358961998e-005, 7.25290956325e-005, 7.08348597982e-005, 7.33888737159e-005, 6.82925019646e-005, 9.42344195209e-005, 0.000126822298625, 0.000114708069304, 0.000156930997036, 0.000113928770588, 9.06009736354e-005, 3.5749617382e-005, 7.10034646545e-006, 1.67392454387e-006, 6.08757147802e-007, 1.75209500242e-008, 3.21681514759e-010, 5.79873891959e-011]
        dmean2: [6.32644969301e-007, 0.000180442351848, 0.000349870271748, 0.000500438385643, 0.000671363202855, 0.000248578580795, 0.00017931322509, 0.000140431817272, 0.00020138011314, 0.000169272403582, 0.000124686572235, 0.000118505391583, 0.000117624433187, 0.000122629891848, 0.000113030502689, 0.000156418391271, 0.000212694620132, 0.000192149440409, 0.000265022594249, 0.000191010258277, 0.000157478163601, 6.26003093203e-005, 1.26750055642e-005, 2.83002736978e-006, 9.81202106232e-007, 2.72233169341e-008, 5.42422051719e-010, 1.07754090373e-010]
        dvar: [3.08672439822e-013, 2.54399505906e-008, 7.12905290357e-008, 2.23919570885e-007, 5.79073514473e-007, 5.62685578132e-008, 3.39059340604e-008, 2.00629806102e-008, 4.2404746381e-008, 3.8283182846e-008, 2.60076458147e-008, 1.8327394713e-008, 1.36420599262e-008, 1.05722604005e-008, 8.1998514645e-009, 1.46471457185e-008, 2.37980781748e-008, 1.83138855192e-008, 3.67292791736e-008, 2.06982715412e-008, 1.58539936734e-008, 2.81265077895e-009, 1.33998992458e-010, 7.65049135154e-012, 1.22194311961e-012, 1.61377415913e-015, 2.34465585399e-019, 7.80197803892e-021]
        dvar2: [7.20462264066e-013, 7.04948206476e-008, 1.94583421376e-007, 6.27161512057e-007, 1.64320181284e-006, 1.60278275985e-007, 9.32814003818e-008, 5.31972439433e-008, 1.10950402643e-007, 1.05407394813e-007, 6.74309958981e-008, 4.71974885841e-008, 3.6442063589e-008, 2.8780110739e-008, 2.19622489084e-008, 3.84624847527e-008, 6.55949321526e-008, 4.98465553278e-008, 1.00467062225e-007, 5.68507552146e-008, 4.3867206756e-008, 7.77120767737e-009, 3.6610062204e-010, 1.8448916006e-011, 2.65146129878e-012, 3.35007226936e-015, 5.99553846266e-019, 2.49508982825e-020]
        max: [5.02848160977e-006, 0.00145604368299, 0.00462383916602, 0.00522163510323, 0.00932383351028, 0.00472357776016, 0.00313910911791, 0.00240570819005, 0.00412590336055, 0.00467768730596, 0.00294714793563, 0.00309565407224, 0.00213578436524, 0.00217659305781, 0.00181331299245, 0.00204507960007, 0.00220208545215, 0.00171993498225, 0.00260773976333, 0.0021170892287, 0.00198010215536, 0.000559253734536, 0.000124048805446, 6.13069714746e-005, 2.70410328085e-005, 1.13943053748e-006, 1.45271039642e-008, 1.73067105091e-009]
        mean: [6.16315162461e-007, 0.000139293260872, 0.000310064322548, 0.000375070550945, 0.000514272716828, 0.000261663139099, 0.000173850581632, 0.000140605145134, 0.000232196893194, 0.000174817803781, 0.000129837950226, 0.000136879869387, 0.000134430621983, 0.000147580620251, 0.000145588055602, 0.000208526922506, 0.000290610914817, 0.000277633662336, 0.00038468503044, 0.000287486123852, 0.00018523268227, 6.45203617751e-005, 9.76488172455e-006, 3.18956290357e-006, 1.29735815335e-006, 3.88651599792e-008, 5.81435011249e-010, 4.50233947347e-011]
        median: [3.32764670929e-007, 9.87981766229e-005, 0.000202066788916, 0.0002168356732, 0.000309590570396, 0.000160551979207, 0.000103076614323, 7.49830069253e-005, 0.000131985361804, 8.3537568571e-005, 5.22150003235e-005, 6.74524490023e-005, 8.07579781394e-005, 0.000104985432699, 0.000118649324577, 0.000179075315828, 0.000262581917923, 0.000265756738372, 0.000357174081728, 0.00026748990058, 0.000164157216204, 5.31464575033e-005, 5.99345548835e-006, 2.12541999645e-006, 8.68173287927e-007, 2.13441158081e-008, 3.03535918622e-010, 1.54009131836e-011]
        min: [7.1015240701e-025, 3.74200351354e-024, 4.77267848799e-025, 1.0323114664e-024, 8.21292239212e-024, 5.82017434352e-024, 7.12561252949e-024, 9.21178280348e-024, 1.57654719655e-023, 1.15530541281e-023, 1.08545714391e-023, 2.44731584511e-023, 2.84494134216e-023, 2.47658873781e-023, 4.74481343591e-023, 6.4384763424e-023, 6.48675021218e-023, 8.89474686319e-023, 1.31625493626e-022, 1.27143249071e-022, 2.37753563912e-022, 3.03568014665e-022, 3.56898596442e-022, 5.18015699185e-022, 8.15313418235e-022, 1.29767502789e-021, 1.8956744071e-021, 5.29412808134e-022]
        var: [5.75372865672e-013, 2.5410935578e-008, 1.1945884637e-007, 2.3836784635e-007, 4.92897754611e-007, 9.74278080434e-008, 5.36395674544e-008, 3.65591930063e-008, 9.20094649359e-008, 7.70310180087e-008, 5.68610758478e-008, 4.70228016525e-008, 3.04380982641e-008, 2.62188795119e-008, 2.12808419775e-008, 3.66460710666e-008, 5.76363845539e-008, 4.69739660502e-008, 9.61742898653e-008, 5.37844506709e-008, 2.58149732701e-008, 3.8186862561e-009, 1.44811343472e-010, 1.63327788794e-011, 3.0890838932e-012, 3.87786125165e-015, 5.99193195519e-019, 6.05727479687e-021]
    mfcc:
        mean: [-708.156494141, 111.745910645, -46.1512680054, 51.8266639709, -13.181186676, 1.9553374052, -0.594534993172, -5.16111135483, 0.661691963673, -5.56822013855, -3.01265358925, -5.21020126343, -8.6970281601]
        cov: [[9281.51855469, 145.274490356, -958.929443359, 850.950195313, -417.604949951, 284.146057129, -32.7874221802, 297.874359131, 108.319732666, 27.5239906311, 100.119491577, 63.2825241089, 292.381866455], [145.274490356, 794.065368652, -95.4518508911, 42.8117637634, -32.7704620361, -83.5254669189, -15.8607130051, -130.296234131, -46.8621025085, -70.8740386963, -50.9447860718, -47.5075416565, -130.310287476], [-958.929443359, -95.4518508911, 363.853027344, -114.970962524, 101.907615662, -16.9380245209, 0.753276050091, -9.09151172638, -32.3460540771, 3.76080608368, -38.7069358826, -2.55351495743, -39.1091690063], [850.950195313, 42.8117637634, -114.970962524, 220.903488159, -6.18409252167, 53.066734314, -5.32537984848, 24.5302047729, 30.6093215942, 7.68300151825, 25.8600502014, 6.24456071854, 35.4404182434], [-417.604949951, -32.7704620361, 101.907615662, -6.18409252167, 108.85609436, 23.1944885254, 7.8449716568, -14.6792421341, -8.27014255524, 9.86182880402, -1.90508592129, 5.37297487259, -8.13439941406], [284.146057129, -83.5254669189, -16.9380245209, 53.066734314, 23.1944885254, 92.4113540649, 29.1534290314, 40.3146820068, 12.8998432159, 13.8056440353, 17.5687065125, 18.1714706421, 37.3242950439], [-32.7874221802, -15.8607130051, 0.753276050091, -5.32537984848, 7.8449716568, 29.1534290314, 71.1293334961, 42.4647903442, 15.5374755859, 7.49444675446, 4.47128200531, 11.8812618256, 11.3228435516], [297.874359131, -130.296234131, -9.09151172638, 24.5302047729, -14.6792421341, 40.3146820068, 42.4647903442, 115.188049316, 54.3516845703, 25.9098720551, 16.7157497406, 26.8682956696, 53.7884292603], [108.319732666, -46.8621025085, -32.3460540771, 30.6093215942, -8.27014255524, 12.8998432159, 15.5374755859, 54.3516845703, 74.9225234985, 30.5944290161, 19.1583995819, 16.0744915009, 29.5301895142], [27.5239906311, -70.8740386963, 3.76080608368, 7.68300151825, 9.86182880402, 13.8056440353, 7.49444675446, 25.9098720551, 30.5944290161, 61.2897529602, 30.6135635376, 17.318145752, 19.0582847595], [100.119491577, -50.9447860718, -38.7069358826, 25.8600502014, -1.90508592129, 17.5687065125, 4.47128200531, 16.7157497406, 19.1583995819, 30.6135635376, 58.81457901, 30.3849067688, 28.1757946014], [63.2825241089, -47.5075416565, -2.55351495743, 6.24456071854, 5.37297487259, 18.1714706421, 11.8812618256, 26.8682956696, 16.0744915009, 17.318145752, 30.3849067688, 57.2800369263, 41.8527755737], [292.381866455, -130.310287476, -39.1091690063, 35.4404182434, -8.13439941406, 37.3242950439, 11.3228435516, 53.7884292603, 29.5301895142, 19.0582847595, 28.1757946014, 41.8527755737, 92.3738327026]]
        icov: [[0.000289694813546, -0.000126366401673, 0.000319729413604, -0.000783090421464, 0.000792698352598, -0.000537621031981, 0.000580288644414, -0.000847263610922, 0.00080608233111, -0.000456850975752, 0.000482450937852, -0.000157680216944, -0.000189286191016], [-0.000126366401673, 0.00247691851109, 0.000512836908456, -0.000935630407184, 4.49898216175e-005, 0.00155713711865, -0.0018778439844, 0.00251545454375, -0.00103978754487, 0.00128162035253, 0.00128474808298, -0.00211935583502, 0.00324680516496], [0.000319729413604, 0.000512836908456, 0.00612410577014, 0.000821194029413, -0.00430036755279, 0.000756387365982, 0.00190359714907, -0.00365209206939, 0.00308160530403, -0.00188485370018, 0.00423601316288, -0.00263362121768, 0.00250305398367], [-0.000783090421464, -0.000935630407184, 0.000821194029413, 0.00975535437465, -0.00371729186736, -0.00296285073273, 0.00196699402295, 0.000656461284962, -0.0038685775362, 0.0019941853825, -0.00342313130386, 0.0030219417531, -0.00148965569679], [0.000792698352598, 4.49898216175e-005, -0.00430036755279, -0.00371729186736, 0.0186249483377, -0.0067977248691, -0.00130317453295, 0.00458126747981, -5.88951261307e-005, -0.00300093670376, 0.00150684197433, -0.00208919984289, 0.000163729710039], [-0.000537621031981, 0.00155713711865, 0.000756387365982, -0.00296285073273, -0.0067977248691, 0.0213394723833, -0.00715874508023, -0.00201000762172, 0.00297800707631, 0.000346748594893, -0.00147692975588, 0.000190791659406, -0.00247728917748], [0.000580288644414, -0.0018778439844, 0.00190359714907, 0.00196699402295, -0.00130317453295, -0.00715874508023, 0.0237803608179, -0.012173707597, 0.00246702460572, -0.000614332617261, 0.000845723203383, -0.00191250641365, 0.00246366136707], [-0.000847263610922, 0.00251545454375, -0.00365209206939, 0.000656461284962, 0.00458126747981, -0.00201000762172, -0.012173707597, 0.0279982853681, -0.0147861531004, 0.00109620345756, 0.0018137319712, -0.00141308270395, -0.00457545183599], [0.00080608233111, -0.00103978754487, 0.00308160530403, -0.0038685775362, -5.88951261307e-005, 0.00297800707631, 0.00246702460572, -0.0147861531004, 0.0286834258586, -0.0105492519215, 0.00160936510656, -0.000363516883226, -0.00144958787132], [-0.000456850975752, 0.00128162035253, -0.00188485370018, 0.0019941853825, -0.00300093670376, 0.000346748594893, -0.000614332617261, 0.00109620345756, -0.0105492519215, 0.029223093763, -0.0139860259369, 0.00133147928864, 0.0017294298159], [0.000482450937852, 0.00128474808298, 0.00423601316288, -0.00342313130386, 0.00150684197433, -0.00147692975588, 0.000845723203383, 0.0018137319712, 0.00160936510656, -0.0139860259369, 0.0357121713459, -0.0160085521638, 0.0016930908896], [-0.000157680216944, -0.00211935583502, -0.00263362121768, 0.0030219417531, -0.00208919984289, 0.000190791659406, -0.00191250641365, -0.00141308270395, -0.000363516883226, 0.00133147928864, -0.0160085521638, 0.0362688750029, -0.0156771894544], [-0.000189286191016, 0.00324680516496, 0.00250305398367, -0.00148965569679, 0.000163729710039, -0.00247728917748, 0.00246366136707, -0.00457545183599, -0.00144958787132, 0.0017294298159, 0.0016930908896, -0.0156771894544, 0.0277070272714]]
    sccoeffs:
        dmean: [0.0545377954841, 0.0425201095641, 0.0342615135014, 0.0254979804158, 0.0176758728921, 0.0162960570306]
        dmean2: [0.0922311842442, 0.0715134590864, 0.0573034472764, 0.0428237728775, 0.0298141650856, 0.0261801294982]
        dvar: [0.00211833557114, 0.00118687143549, 0.000761455507018, 0.000408684602007, 0.000198979047127, 0.000203823059564]
        dvar2: [0.00592622021213, 0.00339972227812, 0.0021207802929, 0.00110691669397, 0.000556789920665, 0.000495957152452]
        max: [-0.271488010883, -0.509517431259, -0.551703929901, -0.578465402126, -0.659434914589, -0.594119369984]
        mean: [-0.647585749626, -0.768471717834, -0.786165416241, -0.800032913685, -0.805566728115, -0.73272138834]
        median: [-0.660266757011, -0.772384226322, -0.793401956558, -0.807783007622, -0.808598518372, -0.729188024998]
        min: [-0.979461669922, -0.974630951881, -0.980025112629, -0.971574544907, -0.966971933842, -0.965902149677]
        var: [0.00877639837563, 0.00377431022935, 0.00357391824946, 0.00246052653529, 0.00126124802046, 0.00198184140027]
    scvalleys:
        dmean: [0.353226512671, 0.316077381372, 0.263131827116, 0.217704549432, 0.194192931056, 0.263137161732]
        dmean2: [0.589477241039, 0.526507019997, 0.429606616497, 0.34972178936, 0.309453159571, 0.421417057514]
        dvar: [0.0971249565482, 0.0781848207116, 0.0581828504801, 0.0447866506875, 0.0470205806196, 0.105308547616]
        dvar2: [0.246356800199, 0.187780603766, 0.125098094344, 0.0874094739556, 0.0904909074306, 0.235711738467]
        max: [-5.06774806976, -4.72110080719, -4.88312721252, -5.46192216873, -5.6328830719, -8.04371070862]
        mean: [-6.98058509827, -6.74966955185, -7.09020328522, -7.26057767868, -7.30230855942, -10.1300964355]
        median: [-6.36857318878, -6.32428836823, -6.61568927765, -6.60746526718, -6.54568099976, -9.46746635437]
        min: [-28.1246891022, -28.2496376038, -27.7963142395, -27.7145309448, -27.5982608795, -27.4354972839]
        var: [6.18963670731, 6.03916501999, 5.9072432518, 6.00789833069, 6.35340929031, 5.26067352295]

rhythm:
    beats_loudness:
        dmean: 0.00128754624166
        dmean2: 0.00217293319292
        dvar: 1.48286176227e-006
        dvar2: 3.88516991734e-006
        max: 0.0120461396873
        mean: 0.00544183235615
        median: 0.00602872902527
        min: 0
        var: 8.07909327705e-006
    bpm: 88.3495254517
    bpm_confidence: 0
    first_peak_bpm: 89
    first_peak_spread: 0.105263106525
    first_peak_weight: 0.824797868729
    onset_rate: 2.29022860527
    second_peak_bpm: 112
    second_peak_spread: 0.41666662693
    second_peak_weight: 0.0188679248095
    beats_loudness_band_ratio:
        dmean: [0.110778696835, 0.0790897458792, 0.0653190389276, 0.0525802485645, 0.0549801588058, 0.049707390368]
        dmean2: [0.190992131829, 0.140724539757, 0.112270221114, 0.0893052667379, 0.0951981544495, 0.0860984697938]
        dvar: [0.0099391611293, 0.00653178617358, 0.00359447696246, 0.00288881501183, 0.00207558926195, 0.00202348944731]
        dvar2: [0.0263560116291, 0.0192036125809, 0.00953031517565, 0.0076288911514, 0.0060562454164, 0.00547679234296]
        max: [0.707338869572, 0.636167049408, 0.473174929619, 0.436711460352, 0.480382531881, 0.4064014256]
        mean: [0.247032016516, 0.164742708206, 0.125820845366, 0.123114556074, 0.20130777359, 0.17084518075]
        median: [0.223297715187, 0.124894596636, 0.112429335713, 0.104914039373, 0.214720353484, 0.186164155602]
        min: [0, 0, 0, 0, 0, 0]
        var: [0.0168443508446, 0.01567087695, 0.00540652312338, 0.00546990009025, 0.00775294331834, 0.00749952578917]
    beats_position: [0.626938760281, 1.28870749474, 1.95047616959, 2.62385487556, 3.29723358154, 3.97061228752, 4.6439909935, 5.31736946106, 6.00235795975, 6.68734693527, 7.36072540283, 8.03410434723, 8.70748329163, 9.38086128235, 10.0542402267, 10.7392292023, 11.4242172241, 12.0975961685, 12.7709751129, 13.4443531036, 14.117732048, 14.8027210236, 15.4877090454, 16.1610889435, 16.8344669342, 17.5078449249, 18.181224823, 18.8662128448, 19.5512008667, 20.2245807648, 20.8979587555, 21.5829467773, 22.2679367065, 22.9413146973, 23.614692688, 24.2880725861, 24.9730606079, 25.6580486298, 26.3314285278, 27.0048065186, 27.6781845093, 28.3631744385, 29.0481624603, 29.7215423584, 30.3949203491, 31.0682983398, 31.7416782379, 32.4266662598, 33.111656189, 33.7850341797, 34.4584121704, 35.1550102234, 35.8283882141, 36.5017662048, 37.1751480103, 37.848526001, 38.5335159302, 39.2185020447, 39.8918800354, 40.5652618408, 41.2386398315, 41.9120178223, 42.5970077515, 43.2703857422, 43.9553718567, 44.6287536621, 45.3021316528, 45.9871177673, 46.6721076965, 47.3454856873, 48.018863678, 48.6922454834, 49.3772315979, 50.0622215271, 50.7355995178, 51.4089775085, 52.0939674377, 52.7789573669, 53.4523353577, 54.1257133484, 54.7990913391, 55.4840812683, 56.157459259, 56.8424491882, 57.515827179, 58.1892051697, 58.8625831604, 59.5475730896, 60.2209510803, 60.9059410095, 61.5793190002, 62.252696991, 62.9376869202, 63.6226730347, 64.2960510254, 64.9694290161, 65.6544189453, 66.327796936, 67.0127868652, 67.6977767944, 68.3943786621, 69.1025848389, 69.7991790771, 70.5073928833, 71.2155990601, 71.9122009277, 72.608795166, 73.3170089722, 74.0252151489, 74.7334213257, 75.4416275024, 76.1382293701, 76.8348312378, 77.5082092285, 78.1815872192, 78.8665771484, 79.5515594482, 80.2249450684, 80.8983230591, 81.5833053589, 82.2682952881, 82.9416732788, 83.6150588989, 84.2884368896, 84.9618148804, 85.6468048096, 86.3317871094, 87.0051651001, 87.6785507202, 88.36353302, 89.0485229492, 89.7219009399, 90.3952789307, 91.0802688599, 91.7652587891, 92.4386367798, 93.1120147705, 93.7853927612, 94.4703826904, 95.1553726196, 95.8287506104, 96.5021286011, 97.1755065918, 97.8488845825, 98.5222625732, 99.2188644409, 99.8922424316, 100.565620422, 101.238998413, 101.912376404, 102.608978271, 103.282356262, 103.955734253, 104.629112244, 105.314102173, 105.999092102, 106.672470093, 107.345848083, 108.019226074, 108.692604065, 109.377593994, 110.062583923, 110.735961914, 111.420951843, 112.105941772, 112.779319763, 113.452697754, 114.126075745, 114.799453735, 115.484443665, 116.169433594, 116.842811584, 117.516189575, 118.189567566, 118.862945557, 119.536323547, 120.221313477, 120.906303406, 121.579681396, 122.253059387, 122.926437378, 123.611427307, 124.296417236, 124.969795227, 125.643173218, 126.316551208, 126.989929199, 127.674919128, 128.359909058, 129.033279419, 129.718276978, 130.403259277, 131.076644897, 131.750015259, 132.423400879, 133.09677124, 133.77015686, 134.45513916, 135.140136719, 135.81350708, 136.4868927, 137.160263062, 137.84526062, 138.53024292, 139.20362854, 139.876998901, 140.550384521, 141.235366821, 141.92036438, 142.593734741, 143.267120361, 143.952102661, 144.63710022, 145.310470581, 145.983856201, 146.657226563, 147.342224121, 148.027206421, 148.700592041, 149.385574341, 150.093780518, 150.813598633, 151.545028687, 152.27645874, 152.996276855, 153.716094971, 154.435913086, 155.132507324, 155.829116821, 156.502487183, 157.175872803, 157.849243164, 158.522628784, 159.207611084, 159.892608643, 160.565979004, 161.239364624, 161.924346924, 162.597732544, 163.282714844, 163.956100464, 164.629470825, 165.302856445, 165.987838745, 166.672836304, 167.346206665, 168.019592285, 168.692962646, 169.377960205, 170.062942505, 170.736328125, 171.409698486, 172.083084106, 172.756454468, 173.429840088, 174.114822388, 174.799819946, 175.484802246, 176.169799805, 176.843170166, 177.516555786, 178.201538086, 178.886520386, 179.571517944, 180.256500244, 180.953109741, 181.638092041, 182.323074341, 183.019683838, 183.716278076, 184.412872314, 185.109481812, 185.794464111, 186.49105835, 187.187667847, 187.884262085, 188.592468262, 189.2890625, 189.985671997, 190.670654297, 191.355636597, 192.052246094, 192.748840332, 193.44543457, 194.130432129, 194.815414429, 195.500411987, 196.173782349, 196.83555603, 197.508926392, 198.19392395, 198.87890625, 199.55229187, 200.225662231, 200.899047852, 201.584030151, 202.26902771, 202.942398071, 203.615783691, 204.289154053, 204.962539673, 205.635910034, 206.309295654, 206.982666016, 207.656051636, 208.341033936, 209.014419556, 209.699401855, 210.384399414, 211.069381714, 211.742767334, 212.416137695, 213.089523315, 213.774505615, 214.447891235, 215.132873535, 215.817871094, 216.502853394, 217.187835693, 217.872833252, 218.546203613, 219.219589233, 219.892959595, 220.566345215, 221.239730835, 221.913101196, 222.598098755, 223.283081055, 223.968063354, 224.641448975, 225.326431274, 225.999816895, 226.673187256, 227.346572876, 228.019943237, 228.693328857, 229.378311157, 230.063308716, 230.736679077, 231.410064697, 232.083435059, 232.768432617, 233.453414917, 234.126800537, 234.800170898, 235.473556519, 236.14692688, 236.831924438, 237.516906738, 238.027755737, 238.538589478, 239.072647095, 239.595092773, 240.129150391, 240.663208008, 241.197280884, 241.719726563, 242.25378418, 242.787841797, 243.321899414, 243.890792847, 244.459671021, 245.040176392, 245.56262207, 246.085067749, 246.607528687, 247.002258301, 247.397003174, 247.791748047, 248.186477661, 248.581222534, 248.987564087]
