
metadata:
    version:
        essentia: "2.1-beta2"
    audio_properties:
        analysis_sample_rate: 44100
        bitrate: 320
        channels: 2
        equal_loudness: 1
        length: 185.469390869
        replay_gain: -15.5580701828
        downmix: "mix"
    tags:
        album: "Anything That Moves"
        artist: "Bobaflex"
        comment: "BigBlackMetal@KickassTorrents"
        date: "2015"
        genre: "Hard Rock"
        title: "Lose Control"
        tracknumber: "03/13"

configuration:
    average_loudness:
        compute: 1
        frameSize: 88200
        hopSize: 44100
        silentFrames: "noise"
        windowType: "hann"
    general:
        analysisSampleRate: 44100
        endTime: 2000
        equalLoudness: 1
        nequalLoudness: 0
        shortSound: 0
        startTime: 0
    lowlevel:
        compute: 1
        frameSize: 2048
        hopSize: 1024
        zeroPadding: 0
        silentFrames: "noise"
        windowType: "blackmanharris62"
        mfccStats: ["mean", "cov", "icov"]
        stats: ["mean", "var", "median", "min", "max", "dmean", "dmean2", "dvar", "dvar2"]
    panning:
        compute: 0
        frameSize: 8192
        hopSize: 2048
        zeroPadding: 8192
        silentFrames: "noise"
        windowType: "hann"
        stats: ["copy"]
    rhythm:
        compute: 1
        maxTempo: 208
        minTempo: 40
        method: "degara"
        stats: ["mean", "var", "median", "min", "max", "dmean", "dmean2", "dvar", "dvar2"]
    segmentation:
        compute: 0
        cpw: 5
        inc1: 300
        inc2: 50
        minimumSegmentsLength: 10
        size1: 1000
        size2: 600
    sfx:
        compute: 1
        stats: ["mean", "var", "median", "min", "max", "dmean", "dmean2", "dvar", "dvar2"]
    svm:
        compute: 0
    tonal:
        compute: 1
        frameSize: 4096
        hopSize: 2048
        zeroPadding: 0
        silentFrames: "noise"
        windowType: "blackmanharris62"
        stats: ["mean", "var", "median", "min", "max", "dmean", "dmean2", "dvar", "dvar2"]

lowlevel:
    average_loudness: 0.963645935059
    barkbands_kurtosis:
        dmean: 0.654282867908
        dmean2: 1.0429046154
        dvar: 20.2146205902
        dvar2: 33.05651474
        max: 380.156066895
        mean: -0.521992504597
        median: -1.19550478458
        min: -1.85651803017
        var: 78.4156799316
    barkbands_skewness:
        dmean: 0.317127674818
        dmean2: 0.503128945827
        dvar: 0.13498352468
        dvar2: 0.29814478755
        max: 17.0330886841
        mean: -0.210183039308
        median: -0.247089505196
        min: -9.41520214081
        var: 0.698417544365
    barkbands_spread:
        dmean: 4.73639440536
        dmean2: 7.66407585144
        dvar: 22.7058467865
        dvar2: 57.9508132935
        max: 77.4200363159
        mean: 33.5477142334
        median: 33.6944465637
        min: 0.640132725239
        var: 74.2220306396
    dissonance:
        dmean: 0.0108061600477
        dmean2: 0.0184064339846
        dvar: 0.000102422876807
        dvar2: 0.000284610548988
        max: 0.500000059605
        mean: 0.481548279524
        median: 0.484587460756
        min: 0.39390951395
        var: 0.000184301883564
    hfc:
        dmean: 2.31113624573
        dmean2: 3.65875983238
        dvar: 8.72425365448
        dvar2: 21.6762542725
        max: 35.1962356567
        mean: 9.94888210297
        median: 9.55422782898
        min: 1.20473588732e-016
        var: 25.5291938782
    pitch:
        dmean: 962.205383301
        dmean2: 1831.97668457
        dvar: 1679609.5
        dvar2: 3980757.75
        max: 4830.45458984
        mean: 1516.84033203
        median: 539.189086914
        min: 58.0690956116
        var: 2229631
    pitch_instantaneous_confidence:
        dmean: 0.0801743865013
        dmean2: 0.132242783904
        dvar: 0.00476235058159
        dvar2: 0.0121181411669
        max: 0.997425079346
        mean: 0.343461543322
        median: 0.323708951473
        min: 0.124227106571
        var: 0.0126712983474
    pitch_salience:
        dmean: 0.0504542924464
        dmean2: 0.0845692008734
        dvar: 0.00190279143862
        dvar2: 0.00508038932458
        max: 0.902108967304
        mean: 0.683633863926
        median: 0.692794084549
        min: 0.028533084318
        var: 0.00547481374815
    silence_rate_20dB:
        dmean: 0
        dmean2: 0
        dvar: 0
        dvar2: 0
        max: 1
        mean: 1
        median: 1
        min: 1
        var: 0
    silence_rate_30dB:
        dmean: 0
        dmean2: 0
        dvar: 0
        dvar2: 0
        max: 1
        mean: 1
        median: 1
        min: 1
        var: 0
    silence_rate_60dB:
        dmean: 0.0403104647994
        dmean2: 0.0806310251355
        dvar: 0.0386803150177
        dvar2: 0.0854094177485
        max: 1
        mean: 0.148829638958
        median: 0
        min: 0
        var: 0.126683562994
    spectral_centroid:
        dmean: 218.666168213
        dmean2: 345.426177979
        dvar: 43886.2929688
        dvar2: 95521.8515625
        max: 11073.4238281
        mean: 1813.06018066
        median: 1813.72155762
        min: 50.1977272034
        var: 200655.625
    spectral_complexity:
        dmean: 3.76815223694
        dmean2: 5.87529754639
        dvar: 13.1168727875
        dvar2: 29.2288837433
        max: 49
        mean: 21.0803604126
        median: 22
        min: 0
        var: 72.198387146
    spectral_crest:
        dmean: 1.62049305439
        dmean2: 2.71883130074
        dvar: 2.39098000526
        dvar2: 6.46885585785
        max: 26.5885448456
        mean: 5.78215837479
        median: 5.18500471115
        min: 2.46907711029
        var: 5.67694330215
    spectral_decrease:
        dmean: 2.59179455675e-010
        dmean2: 4.09869416185e-010
        dvar: 1.36011498665e-019
        dvar2: 3.40877795861e-019
        max: 3.24714737704e-029
        mean: -1.18824650119e-009
        median: -1.18693543882e-009
        min: -4.51161730197e-009
        var: 2.99128361834e-019
    spectral_energy:
        dmean: 0.00115245417692
        dmean2: 0.0018195011653
        dvar: 2.64648247139e-006
        dvar2: 6.61887906972e-006
        max: 0.0199847575277
        mean: 0.00538710877299
        median: 0.00539744459093
        min: 1.08047519068e-020
        var: 6.10792449152e-006
    spectral_energyband_high:
        dmean: 0.000143626457429
        dmean2: 0.000239168817643
        dvar: 4.85468163447e-008
        dvar2: 1.27826609742e-007
        max: 0.00298940460198
        mean: 0.000356533273589
        median: 0.000273166428087
        min: 8.23382286422e-021
        var: 9.80249765803e-008
    spectral_energyband_low:
        dmean: 0.000230768942856
        dmean2: 0.000396114570322
        dvar: 1.12482837267e-007
        dvar2: 3.09474984306e-007
        max: 0.00331137003377
        mean: 0.000452424981631
        median: 0.000386650761357
        min: 6.39320582386e-023
        var: 1.17681651091e-007
    spectral_energyband_middle_high:
        dmean: 0.000680327008013
        dmean2: 0.00106720509939
        dvar: 5.83268104037e-007
        dvar2: 1.41036878176e-006
        max: 0.00967921502888
        mean: 0.00305726495571
        median: 0.00302218133584
        min: 1.41575889735e-021
        var: 2.29097827287e-006
    spectral_energyband_middle_low:
        dmean: 0.000620870676357
        dmean2: 0.00099305738695
        dvar: 8.73757585396e-007
        dvar2: 2.21503933062e-006
        max: 0.0102135976776
        mean: 0.00166408298537
        median: 0.00140309438575
        min: 2.9415487196e-022
        var: 1.5074969042e-006
    spectral_flatness_db:
        dmean: 0.0114644858986
        dmean2: 0.0177806261927
        dvar: 0.000162198368344
        dvar2: 0.000369380257325
        max: 0.455639511347
        mean: 0.139086917043
        median: 0.133542731404
        min: 0.0715252235532
        var: 0.00100636738352
    spectral_flux:
        dmean: 0.00670346897095
        dmean2: 0.0101348068565
        dvar: 5.38565655006e-005
        dvar2: 0.000107791587652
        max: 0.106686398387
        mean: 0.043176934123
        median: 0.0432622134686
        min: 1.03945907437e-010
        var: 0.000204543335713
    spectral_kurtosis:
        dmean: 1.15306925774
        dmean2: 1.96329534054
        dvar: 1.90452694893
        dvar2: 5.35515737534
        max: 33.8285942078
        mean: 3.98508286476
        median: 3.69568610191
        min: -1.18843340874
        var: 4.97593259811
    spectral_rms:
        dmean: 0.000231035402976
        dmean2: 0.000356802454917
        dvar: 7.62082521533e-008
        dvar2: 1.79729767069e-007
        max: 0.00441557727754
        mean: 0.00221057119779
        median: 0.00229473295622
        min: 3.24672472067e-012
        var: 3.69110892962e-007
    spectral_rolloff:
        dmean: 224.831115723
        dmean2: 368.798980713
        dvar: 97645.7421875
        dvar2: 211036.59375
        max: 18367.8222656
        mean: 3406.62670898
        median: 3466.84570313
        min: 64.599609375
        var: 347381.65625
    spectral_skewness:
        dmean: 0.161085784435
        dmean2: 0.26432788372
        dvar: 0.0268740057945
        dvar2: 0.0723352134228
        max: 4.16067838669
        mean: 1.31140649319
        median: 1.28240811825
        min: 0.00856830179691
        var: 0.104422986507
    spectral_spread:
        dmean: 341541.34375
        dmean2: 501283.96875
        dvar: 266054959104
        dvar2: 408154210304
        max: 39881236
        mean: 4000950.5
        median: 3899828.75
        min: 1557081.375
        var: 1.21377285734e+012
    spectral_strongpeak:
        dmean: 0.562368810177
        dmean2: 0.982742905617
        dvar: 0.618182182312
        dvar2: 1.65336215496
        max: 7.29410934448
        mean: 0.742329180241
        median: 0.410411089659
        min: 3.03203839813e-009
        var: 0.808773756027
    zerocrossingrate:
        dmean: 0.00663061253726
        dmean2: 0.00828244071454
        dvar: 4.88656041853e-005
        dvar2: 6.49008652545e-005
        max: 0.49951171875
        mean: 0.102396838367
        median: 0.1025390625
        min: 0.001953125
        var: 0.00039429141907
    barkbands:
        dmean: [4.04600598358e-007, 8.91588642844e-005, 0.000133974521304, 0.00012722912652, 0.000279393425444, 0.000160874609719, 0.000118085779832, 0.000117662486446, 0.000173495034687, 0.00014011458552, 5.59440668439e-005, 6.08871414443e-005, 0.000101446319604, 0.000103124410089, 8.56012629811e-005, 0.000138274743222, 0.000191952291061, 0.000163437536685, 0.000326508365106, 0.000174688684638, 6.35342730675e-005, 2.38145566982e-005, 5.06256264998e-006, 1.38120901738e-006, 4.42759159114e-007, 1.66002589452e-008, 3.55597440382e-010]
        dmean2: [5.66837513816e-007, 0.000154065113747, 0.000230144476518, 0.000213838997297, 0.00046354814549, 0.000252814817941, 0.000194550782908, 0.000188255173271, 0.00028098988696, 0.000228206874453, 9.12632822292e-005, 9.93222347461e-005, 0.000165281730006, 0.000170024883118, 0.000140997988638, 0.000227498327149, 0.000316973222652, 0.000272854493232, 0.000536798499525, 0.000284555397229, 0.000108364351036, 3.8717778807e-005, 8.28930478747e-006, 2.03566537493e-006, 6.39747611331e-007, 2.36189663383e-008, 5.63673219212e-010]
        dvar: [6.28874122915e-013, 2.32543886369e-008, 3.84367666584e-008, 2.87358901119e-008, 3.97853227696e-007, 5.06100406028e-008, 2.93893211989e-008, 3.13251042883e-008, 8.9567876671e-008, 6.1742944979e-008, 7.45252659584e-009, 9.60908597136e-009, 2.56074130789e-008, 2.65217856565e-008, 1.66826374937e-008, 3.43568054006e-008, 5.26096322062e-008, 3.83943756788e-008, 1.60909721103e-007, 5.83002055521e-008, 1.03522630468e-008, 1.17699583413e-009, 7.35895580584e-011, 1.29866317353e-011, 1.02764086303e-012, 8.65169299084e-016, 2.8599813623e-019]
        dvar2: [1.19666451227e-012, 6.49073257364e-008, 1.05276967588e-007, 7.86279343856e-008, 1.05345895918e-006, 1.21543706655e-007, 7.73618751282e-008, 7.8004482873e-008, 2.3426194673e-007, 1.60501699042e-007, 1.92720346348e-008, 2.40418458475e-008, 6.52315037541e-008, 6.97275766015e-008, 4.39242633377e-008, 8.96329979128e-008, 1.41862017244e-007, 1.02039464878e-007, 4.11836197145e-007, 1.44494507026e-007, 2.79504135392e-008, 2.78009837373e-009, 1.71859665388e-010, 2.21274804035e-011, 2.04400537294e-012, 1.69198748741e-015, 5.97433058573e-019]
        max: [8.6001409727e-006, 0.00127554347273, 0.00260671670549, 0.00226328894496, 0.00694485288113, 0.0035047607962, 0.00204377365299, 0.00323557574302, 0.00446470221505, 0.00371027225628, 0.00147758668754, 0.00205946806818, 0.00261505902745, 0.00235432083718, 0.00246944464743, 0.0043779858388, 0.00376122375019, 0.00259437621571, 0.00440922193229, 0.00418491242453, 0.00174814718775, 0.000687681953423, 0.000170438099303, 9.02192259673e-005, 2.30063324125e-005, 5.39611562544e-007, 9.43135614051e-009]
        mean: [4.70783163564e-007, 0.00014900759561, 0.000220465735765, 0.000193352097995, 0.000416158116423, 0.000298915780149, 0.000181452778634, 0.000191841783817, 0.000302881060634, 0.0002435137867, 9.6998825029e-005, 0.000107507701614, 0.000184150223504, 0.000180418443051, 0.000160145238624, 0.000301692081848, 0.000429330102634, 0.000362670922186, 0.000763146264944, 0.000400572345825, 0.000134057670948, 5.50920267415e-005, 9.15684813663e-006, 3.00068722936e-006, 1.07635401037e-006, 3.78285314184e-008, 6.12815409529e-010]
        median: [8.48252454944e-008, 0.000119536387501, 0.000165531353559, 0.000136777031003, 0.000251524092164, 0.000194503227249, 0.00011500409164, 9.5235540357e-005, 0.000137263938086, 0.00010173474584, 5.41992558283e-005, 6.38959536445e-005, 9.62631456787e-005, 9.06553468667e-005, 0.000101877129055, 0.000224471790716, 0.000346623564838, 0.000313472526614, 0.000654730247334, 0.000292529002763, 0.00010234934598, 3.93257687392e-005, 5.51763696421e-006, 1.52987661295e-006, 6.76679633216e-007, 2.11212256573e-008, 3.09828940281e-010]
        min: [4.58955614343e-023, 3.29226775836e-023, 1.35827601051e-023, 3.80370584697e-024, 5.29440651769e-023, 6.37285573686e-023, 2.51729711596e-023, 4.36657924431e-023, 9.61569694189e-023, 4.37571614686e-023, 9.26151101722e-023, 9.62057084011e-023, 1.35812363414e-022, 1.24551342437e-022, 1.08264242509e-022, 1.51224534557e-022, 1.72397902041e-022, 1.32456132604e-022, 2.65313359959e-022, 2.23266114455e-022, 5.5649418844e-022, 5.52526760823e-022, 3.89938590264e-022, 1.02454891574e-021, 1.1678347328e-021, 2.10942405701e-021, 2.49187755635e-021]
        var: [9.5196355139e-013, 2.22572484887e-008, 4.41051994926e-008, 3.89626357844e-008, 3.89912315768e-007, 9.750830543e-008, 4.23043751141e-008, 6.81069991515e-008, 2.13395168203e-007, 1.43126499097e-007, 1.56253019412e-008, 1.89424138597e-008, 5.67048630273e-008, 5.27735615208e-008, 3.30814344807e-008, 8.12255294136e-008, 1.19830005474e-007, 6.17066646669e-008, 3.03278739011e-007, 1.38195190402e-007, 1.52506931528e-008, 2.92128099488e-009, 1.74399730768e-010, 4.82521661516e-011, 3.05053183235e-012, 2.37292510877e-015, 7.64783483816e-019]
    frequency_bands:
        dmean: [4.04600598358e-007, 8.91588642844e-005, 0.000133974521304, 0.00012722912652, 0.000279393425444, 0.000160874609719, 0.000118085779832, 0.000117662486446, 0.000173495034687, 0.00014011458552, 5.59440668439e-005, 6.08871414443e-005, 0.000101446319604, 0.000103124410089, 8.56012629811e-005, 0.000138274743222, 0.000191952291061, 0.000163437536685, 0.000326508365106, 0.000174688684638, 6.35342730675e-005, 2.38145566982e-005, 5.06256264998e-006, 1.38120901738e-006, 4.42759159114e-007, 1.66002589452e-008, 3.55597440382e-010, 5.92217178075e-011]
        dmean2: [5.66837513816e-007, 0.000154065113747, 0.000230144476518, 0.000213838997297, 0.00046354814549, 0.000252814817941, 0.000194550782908, 0.000188255173271, 0.00028098988696, 0.000228206874453, 9.12632822292e-005, 9.93222347461e-005, 0.000165281730006, 0.000170024883118, 0.000140997988638, 0.000227498327149, 0.000316973222652, 0.000272854493232, 0.000536798499525, 0.000284555397229, 0.000108364351036, 3.8717778807e-005, 8.28930478747e-006, 2.03566537493e-006, 6.39747611331e-007, 2.36189663383e-008, 5.63673219212e-010, 1.0922275584e-010]
        dvar: [6.28874122915e-013, 2.32543886369e-008, 3.84367666584e-008, 2.87358901119e-008, 3.97853227696e-007, 5.06100406028e-008, 2.93893211989e-008, 3.13251042883e-008, 8.9567876671e-008, 6.1742944979e-008, 7.45252659584e-009, 9.60908597136e-009, 2.56074130789e-008, 2.65217856565e-008, 1.66826374937e-008, 3.43568054006e-008, 5.26096322062e-008, 3.83943756788e-008, 1.60909721103e-007, 5.83002055521e-008, 1.03522630468e-008, 1.17699583413e-009, 7.35895580584e-011, 1.29866317353e-011, 1.02764086303e-012, 8.65169299084e-016, 2.8599813623e-019, 5.97946650491e-021]
        dvar2: [1.19666451227e-012, 6.49073257364e-008, 1.05276967588e-007, 7.86279343856e-008, 1.05345895918e-006, 1.21543706655e-007, 7.73618751282e-008, 7.8004482873e-008, 2.3426194673e-007, 1.60501699042e-007, 1.92720346348e-008, 2.40418458475e-008, 6.52315037541e-008, 6.97275766015e-008, 4.39242633377e-008, 8.96329979128e-008, 1.41862017244e-007, 1.02039464878e-007, 4.11836197145e-007, 1.44494507026e-007, 2.79504135392e-008, 2.78009837373e-009, 1.71859665388e-010, 2.21274804035e-011, 2.04400537294e-012, 1.69198748741e-015, 5.97433058573e-019, 1.88921137194e-020]
        max: [8.6001409727e-006, 0.00127554347273, 0.00260671670549, 0.00226328894496, 0.00694485288113, 0.0035047607962, 0.00204377365299, 0.00323557574302, 0.00446470221505, 0.00371027225628, 0.00147758668754, 0.00205946806818, 0.00261505902745, 0.00235432083718, 0.00246944464743, 0.0043779858388, 0.00376122375019, 0.00259437621571, 0.00440922193229, 0.00418491242453, 0.00174814718775, 0.000687681953423, 0.000170438099303, 9.02192259673e-005, 2.30063324125e-005, 5.39611562544e-007, 9.43135614051e-009, 9.16788978067e-010]
        mean: [4.70783163564e-007, 0.00014900759561, 0.000220465735765, 0.000193352097995, 0.000416158116423, 0.000298915780149, 0.000181452778634, 0.000191841783817, 0.000302881060634, 0.0002435137867, 9.6998825029e-005, 0.000107507701614, 0.000184150223504, 0.000180418443051, 0.000160145238624, 0.000301692081848, 0.000429330102634, 0.000362670922186, 0.000763146264944, 0.000400572345825, 0.000134057670948, 5.50920267415e-005, 9.15684813663e-006, 3.00068722936e-006, 1.07635401037e-006, 3.78285314184e-008, 6.12815409529e-010, 4.68942384924e-011]
        median: [8.48252454944e-008, 0.000119536387501, 0.000165531353559, 0.000136777031003, 0.000251524092164, 0.000194503227249, 0.00011500409164, 9.5235540357e-005, 0.000137263938086, 0.00010173474584, 5.41992558283e-005, 6.38959536445e-005, 9.62631456787e-005, 9.06553468667e-005, 0.000101877129055, 0.000224471790716, 0.000346623564838, 0.000313472526614, 0.000654730247334, 0.000292529002763, 0.00010234934598, 3.93257687392e-005, 5.51763696421e-006, 1.52987661295e-006, 6.76679633216e-007, 2.11212256573e-008, 3.09828940281e-010, 1.93779558372e-011]
        min: [4.58955614343e-023, 3.29226775836e-023, 1.35827601051e-023, 3.80370584697e-024, 5.29440651769e-023, 6.37285573686e-023, 2.51729711596e-023, 4.36657924431e-023, 9.61569694189e-023, 4.37571614686e-023, 9.26151101722e-023, 9.62057084011e-023, 1.35812363414e-022, 1.24551342437e-022, 1.08264242509e-022, 1.51224534557e-022, 1.72397902041e-022, 1.32456132604e-022, 2.65313359959e-022, 2.23266114455e-022, 5.5649418844e-022, 5.52526760823e-022, 3.89938590264e-022, 1.02454891574e-021, 1.1678347328e-021, 2.10942405701e-021, 2.49187755635e-021, 5.8836871285e-022]
        var: [9.5196355139e-013, 2.22572484887e-008, 4.41051994926e-008, 3.89626357844e-008, 3.89912315768e-007, 9.750830543e-008, 4.23043751141e-008, 6.81069991515e-008, 2.13395168203e-007, 1.43126499097e-007, 1.56253019412e-008, 1.89424138597e-008, 5.67048630273e-008, 5.27735615208e-008, 3.30814344807e-008, 8.12255294136e-008, 1.19830005474e-007, 6.17066646669e-008, 3.03278739011e-007, 1.38195190402e-007, 1.52506931528e-008, 2.92128099488e-009, 1.74399730768e-010, 4.82521661516e-011, 3.05053183235e-012, 2.37292510877e-015, 7.64783483816e-019, 5.03662600945e-021]
    mfcc:
        mean: [-692.416687012, 109.518424988, -57.8361320496, 57.3631019592, -12.8441324234, -2.65169239044, -1.51067483425, 0.0751516968012, -0.693548858166, -2.58252382278, 0.846635818481, -6.64614582062, -1.24322938919]
        cov: [[5323.56494141, 523.489379883, -362.590393066, 605.202575684, -351.862518311, -2.20953845978, -84.6617965698, -108.404457092, -127.013893127, 33.4254302979, -0.0270908921957, -115.680252075, -30.5441055298], [523.489379883, 478.585723877, -224.009963989, 95.8391036987, -77.6307754517, -45.9087905884, 32.0295677185, 9.94690799713, 0.191565409303, -26.7160720825, 19.2372550964, -37.6229286194, 7.48052692413], [-362.590393066, -224.009963989, 439.83807373, 17.3988208771, 80.9483642578, 26.8132610321, -32.9058876038, 0.802849531174, -16.7501163483, 0.460618287325, -17.759267807, 38.3267974854, -2.54487371445], [605.202575684, 95.8391036987, 17.3988208771, 291.540313721, 42.4290847778, -3.16348361969, -55.8967247009, -40.8799629211, -2.24975538254, 8.65197277069, -18.9186115265, -15.0098323822, 22.566532135], [-351.862518311, -77.6307754517, 80.9483642578, 42.4290847778, 166.361755371, 30.2327861786, -13.8649711609, -5.98329210281, 16.6228027344, 7.4874048233, -14.3221321106, 14.332239151, 6.91395759583], [-2.20953845978, -45.9087905884, 26.8132610321, -3.16348361969, 30.2327861786, 108.367919922, 44.9683494568, 19.1540126801, -9.67092895508, 5.43663024902, 2.26129174232, 5.77046442032, -6.34943151474], [-84.6617965698, 32.0295677185, -32.9058876038, -55.8967247009, -13.8649711609, 44.9683494568, 123.696556091, 59.4041938782, 1.73238670826, -6.10292100906, 7.15070438385, 1.05789136887, -0.390762299299], [-108.404457092, 9.94690799713, 0.802849531174, -40.8799629211, -5.98329210281, 19.1540126801, 59.4041938782, 100.699668884, 34.0100860596, 9.51756191254, 4.19968032837, 7.74526691437, 1.6251282692], [-127.013893127, 0.191565409303, -16.7501163483, -2.24975538254, 16.6228027344, -9.67092895508, 1.73238670826, 34.0100860596, 74.1531829834, 31.8360118866, -1.05342197418, 0.101622164249, 1.86657249928], [33.4254302979, -26.7160720825, 0.460618287325, 8.65197277069, 7.4874048233, 5.43663024902, -6.10292100906, 9.51756191254, 31.8360118866, 68.3200531006, 17.5306129456, 1.27028870583, -5.56377029419], [-0.0270908921957, 19.2372550964, -17.759267807, -18.9186115265, -14.3221321106, 2.26129174232, 7.15070438385, 4.19968032837, -1.05342197418, 17.5306129456, 53.9280853271, 17.5812950134, -1.07788908482], [-115.680252075, -37.6229286194, 38.3267974854, -15.0098323822, 14.332239151, 5.77046442032, 1.05789136887, 7.74526691437, 0.101622164249, 1.27028870583, 17.5812950134, 59.2284393311, 17.5758781433], [-30.5441055298, 7.48052692413, -2.54487371445, 22.566532135, 6.91395759583, -6.34943151474, -0.390762299299, 1.6251282692, 1.86657249928, -5.56377029419, -1.07788908482, 17.5758781433, 57.6924324036]]
        icov: [[0.000408245978178, -6.69015716994e-005, 0.000231805533986, -0.000970432825852, 0.000984368496574, -0.000312239659252, 0.000166575773619, -0.000146105056047, 0.000740676361602, -0.000520666013472, 0.000217374647036, -5.81162430535e-006, 0.000399191834731], [-6.69015716994e-005, 0.00392774911597, 0.00145734171383, -0.00186224910431, 0.000617948535364, 0.00161440006923, -0.00142768991645, -0.000724064768292, -0.00049715442583, 0.00242673093453, -0.00248774094507, 0.00140941434074, 0.000136613773066], [0.000231805533986, 0.00145734171383, 0.00362085574307, -0.00129838672001, -0.000284498906694, 1.71832743945e-005, 0.00078473368194, -0.00150239118375, 0.00191998109221, -6.21243598289e-005, 0.000756376539357, -0.00160261976998, 0.00111922761425], [-0.000970432825852, -0.00186224910431, -0.00129838672001, 0.00763938482851, -0.00355174043216, -0.000675654911902, 0.00194996222854, 0.00143294280861, -0.00122255436145, -0.000902761647012, 0.00152517470997, 0.000949506182224, -0.00330189662054], [0.000984368496574, 0.000617948535364, -0.000284498906694, -0.00355174043216, 0.0105134146288, -0.00313052884303, 0.000556903425604, 0.00104221026413, -0.00153618503828, -0.000458000169601, 0.0018386116717, -0.00152486562729, 0.0006921167369], [-0.000312239659252, 0.00161440006923, 1.71832743945e-005, -0.000675654911902, -0.00313052884303, 0.013861768879, -0.00591447670013, -0.000985308433883, 0.00309840543196, -0.00140910642222, -0.000681389588863, -0.000387023144867, 0.00164788565598], [0.000166575773619, -0.00142768991645, 0.00078473368194, 0.00194996222854, 0.000556903425604, -0.00591447670013, 0.0157195646316, -0.00802659150213, 0.00265833316371, 0.000724044453818, -0.000137298222398, 0.0009791291086, -0.00115694163833], [-0.000146105056047, -0.000724064768292, -0.00150239118375, 0.00143294280861, 0.00104221026413, -0.000985308433883, -0.00802659150213, 0.018721241504, -0.00953897275031, 0.000592205906287, 0.0004021229106, -0.00184089003596, -0.000491230457556], [0.000740676361602, -0.00049715442583, 0.00191998109221, -0.00122255436145, -0.00153618503828, 0.00309840543196, 0.00265833316371, -0.00953897275031, 0.0254233628511, -0.0119798332453, 0.00474355649203, -0.000361915124813, 5.23234557477e-005], [-0.000520666013472, 0.00242673093453, -6.21243598289e-005, -0.000902761647012, -0.000458000169601, -0.00140910642222, 0.000724044453818, 0.000592205906287, -0.0119798332453, 0.0244199577719, -0.0104246046394, 0.00267518172041, 0.00138095614966], [0.000217374647036, -0.00248774094507, 0.000756376539357, 0.00152517470997, 0.0018386116717, -0.000681389588863, -0.000137298222398, 0.0004021229106, 0.00474355649203, -0.0104246046394, 0.0275894161314, -0.0102705033496, 0.00205239374191], [-5.81162430535e-006, 0.00140941434074, -0.00160261976998, 0.000949506182224, -0.00152486562729, -0.000387023144867, 0.0009791291086, -0.00184089003596, -0.000361915124813, 0.00267518172041, -0.0102705033496, 0.0250347983092, -0.00797826983035], [0.000399191834731, 0.000136613773066, 0.00111922761425, -0.00330189662054, 0.0006921167369, 0.00164788565598, -0.00115694163833, -0.000491230457556, 5.23234557477e-005, 0.00138095614966, 0.00205239374191, -0.00797826983035, 0.0215726513416]]
    sccoeffs:
        dmean: [0.0496189706028, 0.0456458888948, 0.0400751456618, 0.0308378394693, 0.0209519844502, 0.0166995450854]
        dmean2: [0.0825480222702, 0.0751558169723, 0.066615447402, 0.051641587168, 0.0349368192255, 0.0268066190183]
        dvar: [0.00169947079848, 0.00124157918617, 0.000996988266706, 0.000601932639256, 0.000286817463348, 0.000228329168749]
        dvar2: [0.00473480252549, 0.00335975876078, 0.00266706477851, 0.00164992338978, 0.000774539425038, 0.000541207904462]
        max: [-0.398395448923, -0.520370185375, -0.511700034142, -0.5684684515, -0.615422189236, -0.575294971466]
        mean: [-0.675729036331, -0.757629036903, -0.770837128162, -0.78506821394, -0.778271615505, -0.727966606617]
        median: [-0.677597522736, -0.759682238102, -0.775617659092, -0.786853969097, -0.778075873852, -0.726312100887]
        min: [-0.969148218632, -0.977155745029, -0.973051190376, -0.960233569145, -0.962011694908, -0.956847965717]
        var: [0.00364185543731, 0.00337819568813, 0.00353740900755, 0.0018520563608, 0.00108483911026, 0.00138097198214]
    scvalleys:
        dmean: [0.363528698683, 0.340162664652, 0.284665107727, 0.24041672051, 0.196612760425, 0.228210568428]
        dmean2: [0.589486181736, 0.555712461472, 0.46296018362, 0.377617925406, 0.305100053549, 0.323029577732]
        dvar: [0.107738219202, 0.100900225341, 0.0730034708977, 0.0595878101885, 0.0573863238096, 0.100760154426]
        dvar2: [0.24277459085, 0.21750472486, 0.148958280683, 0.109251186252, 0.0940626487136, 0.181580126286]
        max: [-5.12653112411, -4.60781145096, -5.34261798859, -5.63087272644, -5.477455616, -7.83797359467]
        mean: [-6.7341337204, -6.4877114296, -6.84634542465, -6.87543106079, -6.80558729172, -9.8440694809]
        median: [-6.51620531082, -6.32373428345, -6.69249773026, -6.71138143539, -6.61517906189, -9.6207113266]
        min: [-27.4794521332, -27.3381328583, -27.0629882813, -27.0361366272, -27.2273902893, -27.290971756]
        var: [1.5289722681, 1.23698222637, 1.09163725376, 1.06499266624, 1.14246118069, 1.2287966013]

rhythm:
    beats_loudness:
        dmean: 0.00270986510441
        dmean2: 0.00508021889254
        dvar: 3.81810787076e-006
        dvar2: 1.12823854579e-005
        max: 0.0127905104309
        mean: 0.00675958814099
        median: 0.00670452928171
        min: 1.64720834195e-010
        var: 6.08573009231e-006
    bpm: 150.043319702
    bpm_confidence: 0
    first_peak_bpm: 152
    first_peak_spread: 0.450331121683
    first_peak_weight: 0.540130138397
    onset_rate: 2.38314270973
    second_peak_bpm: 144
    second_peak_spread: 0.375
    second_peak_weight: 0.0108459871262
    beats_loudness_band_ratio:
        dmean: [0.116524718702, 0.124823257327, 0.0676047578454, 0.0922965705395, 0.0896597355604, 0.0846573263407]
        dmean2: [0.210230991244, 0.227221995592, 0.116906926036, 0.162277832627, 0.150395825505, 0.147093579173]
        dvar: [0.00873667467386, 0.00661724666134, 0.00445670215413, 0.0067808907479, 0.00493089249358, 0.00530297635123]
        dvar2: [0.0245024934411, 0.0200368594378, 0.0111133810133, 0.0212116818875, 0.0132417110726, 0.0141440825537]
        max: [0.858740210533, 0.694917976856, 0.838265478611, 0.556200385094, 0.694542884827, 0.643909096718]
        mean: [0.190378561616, 0.147122889757, 0.121230773628, 0.126932904124, 0.253550559282, 0.231191918254]
        median: [0.175098851323, 0.122067317367, 0.100837096572, 0.100503191352, 0.235893726349, 0.218978434801]
        min: [2.57839587903e-006, 0.00209626671858, 0.0118087762967, 0.00747320987284, 0.0149048613384, 0.00341279781424]
        var: [0.0120160793886, 0.00997660961002, 0.00677593192086, 0.00781253352761, 0.008973560296, 0.00727003300563]
    beats_position: [0.406349211931, 0.835918366909, 1.26548755169, 1.69505667686, 2.11301589012, 2.51936507225, 2.92571425438, 3.32045340538, 3.72680258751, 4.13315200806, 4.52789115906, 4.92263031006, 5.31736946106, 5.71210861206, 6.10684776306, 6.5015873909, 6.90793657303, 7.31428575516, 7.70902490616, 8.11537361145, 8.52172279358, 8.92807197571, 9.33442115784, 9.72916126251, 10.1239004135, 10.5186395645, 10.9133787155, 11.3081178665, 11.7028570175, 12.1092061996, 12.5155553818, 12.9102945328, 13.3050336838, 13.6997728348, 14.1061220169, 14.512471199, 14.90721035, 15.301949501, 15.7082986832, 16.114648819, 16.50938797, 16.904127121, 17.3104763031, 17.7168254852, 18.1115646362, 18.5063037872, 18.9126529694, 19.3190021515, 19.7137413025, 20.1084804535, 20.5032196045, 20.9095687866, 21.3159179688, 21.7106571198, 22.1053962708, 22.5117454529, 22.918094635, 23.312833786, 23.707572937, 24.1139221191, 24.5086612701, 24.9034004211, 25.3097496033, 25.7044887543, 26.0992279053, 26.5055770874, 26.9119262695, 27.3066654205, 27.7014045715, 28.0961437225, 28.4908847809, 28.897233963, 29.3035831451, 29.6983222961, 30.1046714783, 30.4994106293, 30.9057598114, 31.3121089935, 31.7184581757, 32.1131973267, 32.5079345703, 32.9142837524, 33.3206329346, 33.7153739929, 34.1101112366, 34.5048522949, 34.9112014771, 35.3175506592, 35.7122879028, 36.1070289612, 36.5017662048, 36.908115387, 37.3144645691, 37.7092056274, 38.1155548096, 38.5219039917, 38.91664505, 39.3113822937, 39.7061233521, 40.1008605957, 40.4956016541, 40.9019508362, 41.3083000183, 41.703037262, 42.1093864441, 42.5041275024, 42.9104766846, 43.3052139282, 43.7115631104, 44.1179122925, 44.5126533508, 44.9073905945, 45.3021316528, 45.708480835, 46.1148300171, 46.5095672607, 46.9043083191, 47.2990455627, 47.7053947449, 48.111743927, 48.5064849854, 48.901222229, 49.3075714111, 49.7023124695, 50.0970497131, 50.5033988953, 50.9097480774, 51.3044891357, 51.7108383179, 52.1055755615, 52.5003166199, 52.8950538635, 53.2897949219, 53.696144104, 54.1024932861, 54.5204544067, 54.9151916504, 55.3099327087, 55.7046699524, 56.0994110107, 56.5057601929, 56.912109375, 57.3068466187, 57.701587677, 58.1079368591, 58.5142860413, 58.9206352234, 59.315372467, 59.7217216492, 60.1164627075, 60.5111999512, 60.9059410095, 61.3122901917, 61.7070274353, 62.1133766174, 62.5081176758, 62.9144668579, 63.32081604, 63.7155532837, 64.1102905273, 64.5050354004, 64.899772644, 65.3061218262, 65.7008590698, 66.0955963135, 66.5019454956, 66.9082946777, 67.3146438599, 67.720993042, 68.115737915, 68.5220870972, 68.9168243408, 69.3115615845, 69.7062988281, 70.1126480103, 70.5189971924, 70.9137420654, 71.3084793091, 71.7032165527, 72.1095657349, 72.5043106079, 72.91065979, 73.3053970337, 73.7001342773, 74.1064834595, 74.5128326416, 74.9075698853, 75.3023147583, 75.7086639404, 76.1150131226, 76.5213623047, 76.9277114868, 77.3224487305, 77.7171859741, 78.1119232178, 78.5066680908, 78.9130172729, 79.3193664551, 79.7141036987, 80.1088409424, 80.5151901245, 80.9215393066, 81.3162765503, 81.7110214233, 82.105758667, 82.5121078491, 82.9184570313, 83.3131942749, 83.7079315186, 84.1142807007, 84.5206298828, 84.9153747559, 85.3101119995, 85.7048492432, 86.1111984253, 86.5175476074, 86.9122848511, 87.3186416626, 87.7133789063, 88.1197280884, 88.514465332, 88.9092025757, 89.3155517578, 89.7219009399, 90.116645813, 90.5113830566, 90.9061203003, 91.3008575439, 91.695602417, 92.1019515991, 92.5083007813, 92.9146499634, 93.3209991455, 93.7157363892, 94.1104736328, 94.5052108765, 94.8999557495, 95.3063049316, 95.7126541138, 96.1073913574, 96.5137405396, 96.9084777832, 97.3148269653, 97.709564209, 98.104309082, 98.5106582642, 98.9170074463, 99.3117446899, 99.7180938721, 100.112831116, 100.519180298, 100.913917542, 101.308662415, 101.703399658, 102.098136902, 102.492874146, 102.899223328, 103.305580139, 103.711929321, 104.118278503, 104.513015747, 104.907752991, 105.302490234, 105.708839417, 106.115188599, 106.509933472, 106.916282654, 107.311019897, 107.71736908, 108.112106323, 108.518455505, 108.924804688, 109.319541931, 109.714286804, 110.109024048, 110.503761292, 110.898498535, 111.304847717, 111.711196899, 112.105941772, 112.512290955, 112.918640137, 113.31337738, 113.708114624, 114.114463806, 114.520812988, 114.92716217, 115.321899414, 115.728248596, 116.122993469, 116.517730713, 116.912467957, 117.3072052, 117.701950073, 118.096687317, 118.491424561, 118.897773743, 119.304122925, 119.710472107, 120.10521698, 120.511566162, 120.906303406, 121.312652588, 121.71900177, 122.113739014, 122.508476257, 122.90322113, 123.297958374, 123.704307556, 124.110656738, 124.505393982, 124.900131226, 125.306480408, 125.71282959, 126.107574463, 126.502311707, 126.908660889, 127.315010071, 127.709747314, 128.104492188, 128.51083374, 128.917190552, 129.311920166, 129.706665039, 130.113006592, 130.519363403, 130.914108276, 131.308837891, 131.715194702, 132.121536255, 132.516281128, 132.911010742, 133.305755615, 133.723709106, 134.118453979, 134.513198853, 134.907928467, 135.314285278, 135.709014893, 136.115371704, 136.510116577, 136.91645813, 137.322814941, 137.717544556, 138.112289429, 138.507034302, 138.901763916, 139.296508789, 139.691238403, 140.097595215, 140.492340088, 140.898681641, 141.305038452, 141.711380005, 142.106124878, 142.500854492, 142.907211304, 143.313552856, 143.708297729, 144.103042603, 144.509384155, 144.915740967, 145.310470581, 145.705215454, 146.111557007, 146.517913818, 146.912643433, 147.307388306, 147.702133179, 148.096862793, 148.503219604, 148.909561157, 149.30430603, 149.710647583, 150.117004395, 150.511749268, 150.906478882, 151.301223755, 151.695953369, 152.102310181, 152.508651733, 152.903396606, 153.309753418, 153.716094971, 154.110839844, 154.505569458, 154.91192627, 155.318267822, 155.713012695, 156.107757568, 156.502487183, 156.897232056, 157.303573608, 157.70993042, 158.116271973, 158.522628784, 158.917373657, 159.312103271, 159.706848145, 160.101577759, 160.50793457, 160.914276123, 161.320632935, 161.726974487, 162.12171936, 162.516464233, 162.911193848, 163.305938721, 163.700683594, 164.095413208, 164.50177002, 164.896499634, 165.302856445, 165.709197998, 166.11555481, 166.521896362, 166.928253174, 167.322982788, 167.717727661, 168.112472534, 168.507202148, 168.901947021, 169.308303833, 169.714645386, 170.109390259, 170.504119873, 170.898864746, 171.305206299, 171.699951172, 172.106307983, 172.512649536, 172.919006348, 173.313735962, 173.708480835, 174.103210449, 174.497955322, 174.904312134, 175.310653687, 175.717010498, 176.111740112, 176.518096924, 176.912826538, 177.307571411, 177.702316284, 178.108657837, 178.515014648, 178.909744263, 179.304489136, 179.710830688, 180.1171875, 180.511917114, 180.918273926, 181.313018799, 181.719360352, 182.114105225, 182.508834839, 182.91519165, 183.321533203, 183.727890015, 184.134231567, 184.552200317, 184.970153809]
