
metadata:
    version:
        essentia: "2.1-beta2"
    audio_properties:
        analysis_sample_rate: 44100
        bitrate: 320
        channels: 2
        equal_loudness: 1
        length: 204.199188232
        replay_gain: -15.8549623489
        downmix: "mix"
    tags:
        album: "Anything That Moves"
        artist: "Bobaflex"
        comment: "BigBlackMetal@KickassTorrents"
        date: "2015"
        genre: "Hard Rock"
        title: "Dry Your Eyes"
        tracknumber: "04/13"

configuration:
    average_loudness:
        compute: 1
        frameSize: 88200
        hopSize: 44100
        silentFrames: "noise"
        windowType: "hann"
    general:
        analysisSampleRate: 44100
        endTime: 2000
        equalLoudness: 1
        nequalLoudness: 0
        shortSound: 0
        startTime: 0
    lowlevel:
        compute: 1
        frameSize: 2048
        hopSize: 1024
        zeroPadding: 0
        silentFrames: "noise"
        windowType: "blackmanharris62"
        mfccStats: ["mean", "cov", "icov"]
        stats: ["mean", "var", "median", "min", "max", "dmean", "dmean2", "dvar", "dvar2"]
    panning:
        compute: 0
        frameSize: 8192
        hopSize: 2048
        zeroPadding: 8192
        silentFrames: "noise"
        windowType: "hann"
        stats: ["copy"]
    rhythm:
        compute: 1
        maxTempo: 208
        minTempo: 40
        method: "degara"
        stats: ["mean", "var", "median", "min", "max", "dmean", "dmean2", "dvar", "dvar2"]
    segmentation:
        compute: 0
        cpw: 5
        inc1: 300
        inc2: 50
        minimumSegmentsLength: 10
        size1: 1000
        size2: 600
    sfx:
        compute: 1
        stats: ["mean", "var", "median", "min", "max", "dmean", "dmean2", "dvar", "dvar2"]
    svm:
        compute: 0
    tonal:
        compute: 1
        frameSize: 4096
        hopSize: 2048
        zeroPadding: 0
        silentFrames: "noise"
        windowType: "blackmanharris62"
        stats: ["mean", "var", "median", "min", "max", "dmean", "dmean2", "dvar", "dvar2"]

lowlevel:
    average_loudness: 0.930166959763
    barkbands_kurtosis:
        dmean: 0.623934209347
        dmean2: 0.980777144432
        dvar: 3.49470758438
        dvar2: 6.44740962982
        max: 115.793014526
        mean: -0.740109503269
        median: -1.24633610249
        min: -1.86485552788
        var: 7.36746263504
    barkbands_skewness:
        dmean: 0.377897143364
        dmean2: 0.596400260925
        dvar: 0.133875325322
        dvar2: 0.307856857777
        max: 9.62604522705
        mean: -0.277297109365
        median: -0.304888784885
        min: -6.20929384232
        var: 0.525846660137
    barkbands_spread:
        dmean: 5.21028137207
        dmean2: 8.18779182434
        dvar: 24.3558368683
        dvar2: 58.5465621948
        max: 63.8975944519
        mean: 33.963142395
        median: 35.3260421753
        min: 1.60278701782
        var: 98.869392395
    dissonance:
        dmean: 0.0105127301067
        dmean2: 0.0179918725044
        dvar: 0.000155048328452
        dvar2: 0.000376222131308
        max: 0.500000059605
        mean: 0.48279646039
        median: 0.486545920372
        min: 0
        var: 0.000268988020252
    hfc:
        dmean: 2.61965346336
        dmean2: 4.22198343277
        dvar: 10.9376916885
        dvar2: 27.7650356293
        max: 39.5157470703
        mean: 9.80756950378
        median: 9.2583026886
        min: 1.26047224344e-016
        var: 30.279417038
    pitch:
        dmean: 931.213378906
        dmean2: 1769.12561035
        dvar: 1579856.375
        dvar2: 3736828.75
        max: 4943.31933594
        mean: 1604.19909668
        median: 698.684326172
        min: 66.9428100586
        var: 2178683.75
    pitch_instantaneous_confidence:
        dmean: 0.0850187242031
        dmean2: 0.139792516828
        dvar: 0.00507462583482
        dvar2: 0.0126176411286
        max: 0.925068795681
        mean: 0.373615205288
        median: 0.351587444544
        min: 0.103679358959
        var: 0.0171569306403
    pitch_salience:
        dmean: 0.0592049844563
        dmean2: 0.0996560528874
        dvar: 0.00281525403261
        dvar2: 0.00752002093941
        max: 0.884569644928
        mean: 0.665378570557
        median: 0.675297558308
        min: 0.107363946736
        var: 0.0057924464345
    silence_rate_20dB:
        dmean: 0
        dmean2: 0
        dvar: 0
        dvar2: 0
        max: 1
        mean: 1
        median: 1
        min: 1
        var: 0
    silence_rate_30dB:
        dmean: 0
        dmean2: 0
        dvar: 0
        dvar2: 0
        max: 1
        mean: 1
        median: 1
        min: 1
        var: 0
    silence_rate_60dB:
        dmean: 0.0536668561399
        dmean2: 0.107345916331
        dvar: 0.050782289356
        dvar2: 0.112660609186
        max: 1
        mean: 0.179058656096
        median: 0
        min: 0
        var: 0.146998301148
    spectral_centroid:
        dmean: 262.484832764
        dmean2: 414.279174805
        dvar: 68913.21875
        dvar2: 155455.921875
        max: 11069.0498047
        mean: 1835.61962891
        median: 1843.60351563
        min: 125.667831421
        var: 226823.3125
    spectral_complexity:
        dmean: 3.94906187057
        dmean2: 6.22333431244
        dvar: 14.4013700485
        dvar2: 32.7729721069
        max: 48
        mean: 19.2557983398
        median: 20
        min: 0
        var: 69.2592010498
    spectral_crest:
        dmean: 1.72480332851
        dmean2: 2.89806675911
        dvar: 2.56247258186
        dvar2: 6.72530174255
        max: 22.3591442108
        mean: 6.07162380219
        median: 5.46874284744
        min: 2.11043000221
        var: 5.88064718246
    spectral_decrease:
        dmean: 2.70119621115e-010
        dmean2: 4.32110541793e-010
        dvar: 1.25946429594e-019
        dvar2: 3.15856383663e-019
        max: 9.29619240581e-029
        mean: -1.14311027311e-009
        median: -1.12175380096e-009
        min: -4.36269997905e-009
        var: 3.23344694652e-019
    spectral_energy:
        dmean: 0.00121812149882
        dmean2: 0.00194439385086
        dvar: 2.47622301686e-006
        dvar2: 6.18576314082e-006
        max: 0.0191963389516
        mean: 0.00520393019542
        median: 0.0050926329568
        min: 1.10819858512e-020
        var: 6.70746430842e-006
    spectral_energyband_high:
        dmean: 0.000163233518833
        dmean2: 0.000279239553493
        dvar: 9.54021572852e-008
        dvar2: 2.62476191892e-007
        max: 0.0031023893971
        mean: 0.000305849185679
        median: 0.000209564183024
        min: 8.0371582502e-021
        var: 1.08252820041e-007
    spectral_energyband_low:
        dmean: 0.000301736581605
        dmean2: 0.00048454006901
        dvar: 2.2467166616e-007
        dvar2: 5.93041704633e-007
        max: 0.00458887172863
        mean: 0.000567982846405
        median: 0.000500615919009
        min: 6.43345161398e-023
        var: 2.82725693523e-007
    spectral_energyband_middle_high:
        dmean: 0.000739788869396
        dmean2: 0.00117049273103
        dvar: 6.64764002067e-007
        dvar2: 1.63828337918e-006
        max: 0.0114576453343
        mean: 0.00304246833548
        median: 0.00300418562256
        min: 1.53093400315e-021
        var: 2.727187848e-006
    spectral_energyband_middle_low:
        dmean: 0.000618348829448
        dmean2: 0.00102709548082
        dvar: 1.05239621462e-006
        dvar2: 2.7891519494e-006
        max: 0.0110609829426
        mean: 0.00147073273547
        median: 0.00122366193682
        min: 3.5869730028e-022
        var: 1.45786964367e-006
    spectral_flatness_db:
        dmean: 0.0127708483487
        dmean2: 0.0202539674938
        dvar: 0.000150122446939
        dvar2: 0.000343457562849
        max: 0.371327519417
        mean: 0.147972017527
        median: 0.140667125583
        min: 0.0612035244703
        var: 0.00115055753849
    spectral_flux:
        dmean: 0.0073751443997
        dmean2: 0.0111814979464
        dvar: 6.26954424661e-005
        dvar2: 0.000123613222968
        max: 0.112915635109
        mean: 0.0441299937665
        median: 0.0438518002629
        min: 1.05271014128e-010
        var: 0.000235487401369
    spectral_kurtosis:
        dmean: 1.29015862942
        dmean2: 2.1991853714
        dvar: 2.28275156021
        dvar2: 6.49862241745
        max: 41.9070091248
        mean: 4.33030653
        median: 3.88517284393
        min: -1.19178211689
        var: 5.3291425705
    spectral_rms:
        dmean: 0.000252351921517
        dmean2: 0.000391161476728
        dvar: 7.96933505853e-008
        dvar2: 1.85433179922e-007
        max: 0.00432760128751
        mean: 0.00216223555617
        median: 0.00222899578512
        min: 3.28811392176e-012
        var: 4.01761411695e-007
    spectral_rolloff:
        dmean: 253.988494873
        dmean2: 417.945983887
        dvar: 131094.09375
        dvar2: 274801.28125
        max: 19143.0175781
        mean: 3367.21533203
        median: 3445.3125
        min: 129.19921875
        var: 374614.03125
    spectral_skewness:
        dmean: 0.173767864704
        dmean2: 0.291186958551
        dvar: 0.0299665573984
        dvar2: 0.0807515233755
        max: 4.66344594955
        mean: 1.35194814205
        median: 1.33839559555
        min: -0.0186334233731
        var: 0.0968684405088
    spectral_spread:
        dmean: 344664.75
        dmean2: 502799.65625
        dvar: 268579700736
        dvar2: 392660647936
        max: 40378624
        mean: 3925669.5
        median: 3957183
        min: 1706736.75
        var: 1.18435951411e+012
    spectral_strongpeak:
        dmean: 0.630255639553
        dmean2: 1.09840929508
        dvar: 0.836454033852
        dvar2: 2.17896127701
        max: 9.77428436279
        mean: 0.783857524395
        median: 0.276214718819
        min: 0
        var: 1.25106751919
    zerocrossingrate:
        dmean: 0.00731300422922
        dmean2: 0.00899167079479
        dvar: 6.97858486092e-005
        dvar2: 8.41183864395e-005
        max: 0.50732421875
        mean: 0.102301694453
        median: 0.103515625
        min: 0.0068359375
        var: 0.000413761008531
    barkbands:
        dmean: [2.54070585015e-007, 9.73964561126e-005, 0.000184050950338, 0.000227912518312, 0.000253360223724, 0.000171011823113, 0.000103441991087, 0.000100029435998, 0.000118016832857, 0.000105934370367, 4.98136942042e-005, 5.6499040511e-005, 6.24585300102e-005, 9.38138546189e-005, 0.000110086497443, 0.000164174911333, 0.000250411132583, 0.000194224339793, 0.000321589090163, 0.000181554918527, 8.35392638692e-005, 3.16149016726e-005, 5.05376829096e-006, 1.53860048613e-006, 5.60897490232e-007, 2.02977865627e-008, 3.33088306936e-010]
        dmean2: [3.67813584035e-007, 0.000152847365825, 0.00030493689701, 0.000398207484977, 0.000430679239798, 0.000282300228719, 0.000170298182638, 0.00016590852465, 0.000191753730178, 0.000171586725628, 8.19621636765e-005, 9.34479103307e-005, 0.000102652018541, 0.000153738074005, 0.000178110756679, 0.000268173171207, 0.000415017217165, 0.000325440109009, 0.000526166288182, 0.000299292616546, 0.000148015256855, 5.46098963241e-005, 8.3263257693e-006, 2.30033128901e-006, 8.55679274991e-007, 3.10654542091e-008, 5.50942513833e-010]
        dvar: [3.91548311785e-013, 3.91648597997e-008, 1.03840910981e-007, 1.52444059154e-007, 3.45361883092e-007, 6.51639950888e-008, 2.3314697728e-008, 3.4567825935e-008, 4.56797550896e-008, 3.63349457189e-008, 7.67599672713e-009, 7.73135511167e-009, 1.35826603298e-008, 1.82984596364e-008, 3.13929753304e-008, 6.16215984905e-008, 1.48001831235e-007, 7.12628249744e-008, 1.40338670462e-007, 7.13225176696e-008, 3.14361301434e-008, 5.52055556824e-009, 8.3300463749e-011, 1.28851295952e-011, 1.8714975316e-012, 3.9013422755e-015, 5.7001527829e-019]
        dvar2: [6.98454694689e-013, 9.7003677979e-008, 2.91531364383e-007, 4.41895736003e-007, 9.51179629283e-007, 1.73446480289e-007, 5.95941855863e-008, 9.13998547958e-008, 1.13728340523e-007, 9.31435764073e-008, 1.93957561123e-008, 2.03004031363e-008, 3.56108742494e-008, 4.59216451532e-008, 7.42309111956e-008, 1.49873415012e-007, 4.05918370916e-007, 1.87634427107e-007, 3.5802204934e-007, 1.70771414787e-007, 8.92245779482e-008, 1.52741161941e-008, 1.98436989063e-010, 2.3682871636e-011, 4.17264486852e-012, 8.8926872051e-015, 1.36893045723e-018]
        max: [4.49788012702e-006, 0.00162728538271, 0.00325907859951, 0.00412510056049, 0.00677241152152, 0.00399089511484, 0.00297411088832, 0.00431857304648, 0.00394549500197, 0.00333784916438, 0.00186752458103, 0.00160877639428, 0.00299085746519, 0.0017947058659, 0.00291820126586, 0.00573990540579, 0.00809826981276, 0.00457313470542, 0.00705208955333, 0.00507537089288, 0.0018517987337, 0.000898722384591, 0.000139234922244, 9.52190894168e-005, 4.24972095061e-005, 1.79012340595e-006, 2.68869122522e-008]
        mean: [2.61286146497e-007, 0.000139473340823, 0.000280806503724, 0.000293954712106, 0.000335081043886, 0.000290399242658, 0.000160860960023, 0.000152899287059, 0.000186140532605, 0.000173782391357, 8.00695052021e-005, 9.91053384496e-005, 0.000105618673842, 0.00016414190759, 0.000192659645109, 0.0003245723492, 0.000520402158145, 0.000382130121579, 0.000758639711421, 0.000374270981411, 0.000124494021293, 5.02761322423e-005, 9.46182899497e-006, 3.21829566019e-006, 1.18412560823e-006, 4.03444815333e-008, 5.42362432743e-010]
        median: [1.94336884363e-008, 8.97443169379e-005, 0.000211735881749, 0.0001960482914, 0.000180669652764, 0.000172661413671, 0.000102952617453, 8.32090445329e-005, 0.000102739562863, 8.8047265308e-005, 4.2713003495e-005, 5.55195947527e-005, 5.67802599107e-005, 0.000101368510514, 0.000114046437375, 0.000214438710827, 0.000362754333764, 0.000310769944917, 0.00066005345434, 0.000260535103735, 7.63888529036e-005, 2.71869612334e-005, 5.70961674384e-006, 1.87567979992e-006, 7.6764666801e-007, 2.38688553367e-008, 2.94987145821e-010]
        min: [8.4364161529e-024, 3.07506500553e-023, 9.86487916919e-024, 2.35590816544e-023, 6.14522266514e-023, 8.05251352239e-023, 1.05669448645e-023, 3.92429333375e-023, 1.34072843076e-022, 1.3666026898e-022, 1.88952350085e-023, 1.14457633652e-022, 7.82239774762e-023, 7.29354034805e-023, 8.67783472671e-023, 1.68652958443e-022, 2.49147492174e-022, 2.03878816413e-022, 3.13882301581e-022, 3.37264719413e-022, 3.62997008732e-022, 5.55767729588e-022, 5.99633444628e-022, 8.77017840563e-022, 1.13816679749e-021, 1.79957181229e-021, 2.79199326326e-021]
        var: [5.29774141222e-013, 4.20036911919e-008, 1.01378368811e-007, 1.42969625472e-007, 3.11709953849e-007, 1.17925189613e-007, 3.5553131994e-008, 5.36076782964e-008, 7.66582388678e-008, 7.00385953678e-008, 1.3024768819e-008, 1.74743490788e-008, 2.32958257129e-008, 3.52451650087e-008, 5.97482667786e-008, 1.53714410089e-007, 3.47875698026e-007, 1.01496631544e-007, 3.17606975386e-007, 1.69280610862e-007, 2.72665214851e-008, 5.68248958999e-009, 1.57383939214e-010, 3.36491216835e-011, 3.50023243896e-012, 6.07458529618e-015, 9.32963364418e-019]
    frequency_bands:
        dmean: [2.54070585015e-007, 9.73964561126e-005, 0.000184050950338, 0.000227912518312, 0.000253360223724, 0.000171011823113, 0.000103441991087, 0.000100029435998, 0.000118016832857, 0.000105934370367, 4.98136942042e-005, 5.6499040511e-005, 6.24585300102e-005, 9.38138546189e-005, 0.000110086497443, 0.000164174911333, 0.000250411132583, 0.000194224339793, 0.000321589090163, 0.000181554918527, 8.35392638692e-005, 3.16149016726e-005, 5.05376829096e-006, 1.53860048613e-006, 5.60897490232e-007, 2.02977865627e-008, 3.33088306936e-010, 5.7122737096e-011]
        dmean2: [3.67813584035e-007, 0.000152847365825, 0.00030493689701, 0.000398207484977, 0.000430679239798, 0.000282300228719, 0.000170298182638, 0.00016590852465, 0.000191753730178, 0.000171586725628, 8.19621636765e-005, 9.34479103307e-005, 0.000102652018541, 0.000153738074005, 0.000178110756679, 0.000268173171207, 0.000415017217165, 0.000325440109009, 0.000526166288182, 0.000299292616546, 0.000148015256855, 5.46098963241e-005, 8.3263257693e-006, 2.30033128901e-006, 8.55679274991e-007, 3.10654542091e-008, 5.50942513833e-010, 1.05397926498e-010]
        dvar: [3.91548311785e-013, 3.91648597997e-008, 1.03840910981e-007, 1.52444059154e-007, 3.45361883092e-007, 6.51639950888e-008, 2.3314697728e-008, 3.4567825935e-008, 4.56797550896e-008, 3.63349457189e-008, 7.67599672713e-009, 7.73135511167e-009, 1.35826603298e-008, 1.82984596364e-008, 3.13929753304e-008, 6.16215984905e-008, 1.48001831235e-007, 7.12628249744e-008, 1.40338670462e-007, 7.13225176696e-008, 3.14361301434e-008, 5.52055556824e-009, 8.3300463749e-011, 1.28851295952e-011, 1.8714975316e-012, 3.9013422755e-015, 5.7001527829e-019, 5.83441949593e-021]
        dvar2: [6.98454694689e-013, 9.7003677979e-008, 2.91531364383e-007, 4.41895736003e-007, 9.51179629283e-007, 1.73446480289e-007, 5.95941855863e-008, 9.13998547958e-008, 1.13728340523e-007, 9.31435764073e-008, 1.93957561123e-008, 2.03004031363e-008, 3.56108742494e-008, 4.59216451532e-008, 7.42309111956e-008, 1.49873415012e-007, 4.05918370916e-007, 1.87634427107e-007, 3.5802204934e-007, 1.70771414787e-007, 8.92245779482e-008, 1.52741161941e-008, 1.98436989063e-010, 2.3682871636e-011, 4.17264486852e-012, 8.8926872051e-015, 1.36893045723e-018, 1.8266860496e-020]
        max: [4.49788012702e-006, 0.00162728538271, 0.00325907859951, 0.00412510056049, 0.00677241152152, 0.00399089511484, 0.00297411088832, 0.00431857304648, 0.00394549500197, 0.00333784916438, 0.00186752458103, 0.00160877639428, 0.00299085746519, 0.0017947058659, 0.00291820126586, 0.00573990540579, 0.00809826981276, 0.00457313470542, 0.00705208955333, 0.00507537089288, 0.0018517987337, 0.000898722384591, 0.000139234922244, 9.52190894168e-005, 4.24972095061e-005, 1.79012340595e-006, 2.68869122522e-008, 9.06707930959e-010]
        mean: [2.61286146497e-007, 0.000139473340823, 0.000280806503724, 0.000293954712106, 0.000335081043886, 0.000290399242658, 0.000160860960023, 0.000152899287059, 0.000186140532605, 0.000173782391357, 8.00695052021e-005, 9.91053384496e-005, 0.000105618673842, 0.00016414190759, 0.000192659645109, 0.0003245723492, 0.000520402158145, 0.000382130121579, 0.000758639711421, 0.000374270981411, 0.000124494021293, 5.02761322423e-005, 9.46182899497e-006, 3.21829566019e-006, 1.18412560823e-006, 4.03444815333e-008, 5.42362432743e-010, 4.63046719024e-011]
        median: [1.94336884363e-008, 8.97443169379e-005, 0.000211735881749, 0.0001960482914, 0.000180669652764, 0.000172661413671, 0.000102952617453, 8.32090445329e-005, 0.000102739562863, 8.8047265308e-005, 4.2713003495e-005, 5.55195947527e-005, 5.67802599107e-005, 0.000101368510514, 0.000114046437375, 0.000214438710827, 0.000362754333764, 0.000310769944917, 0.00066005345434, 0.000260535103735, 7.63888529036e-005, 2.71869612334e-005, 5.70961674384e-006, 1.87567979992e-006, 7.6764666801e-007, 2.38688553367e-008, 2.94987145821e-010, 1.86241196076e-011]
        min: [8.4364161529e-024, 3.07506500553e-023, 9.86487916919e-024, 2.35590816544e-023, 6.14522266514e-023, 8.05251352239e-023, 1.05669448645e-023, 3.92429333375e-023, 1.34072843076e-022, 1.3666026898e-022, 1.88952350085e-023, 1.14457633652e-022, 7.82239774762e-023, 7.29354034805e-023, 8.67783472671e-023, 1.68652958443e-022, 2.49147492174e-022, 2.03878816413e-022, 3.13882301581e-022, 3.37264719413e-022, 3.62997008732e-022, 5.55767729588e-022, 5.99633444628e-022, 8.77017840563e-022, 1.13816679749e-021, 1.79957181229e-021, 2.79199326326e-021, 7.77600010462e-022]
        var: [5.29774141222e-013, 4.20036911919e-008, 1.01378368811e-007, 1.42969625472e-007, 3.11709953849e-007, 1.17925189613e-007, 3.5553131994e-008, 5.36076782964e-008, 7.66582388678e-008, 7.00385953678e-008, 1.3024768819e-008, 1.74743490788e-008, 2.32958257129e-008, 3.52451650087e-008, 5.97482667786e-008, 1.53714410089e-007, 3.47875698026e-007, 1.01496631544e-007, 3.17606975386e-007, 1.69280610862e-007, 2.72665214851e-008, 5.68248958999e-009, 1.57383939214e-010, 3.36491216835e-011, 3.50023243896e-012, 6.07458529618e-015, 9.32963364418e-019, 4.9437483285e-021]
    mfcc:
        mean: [-699.517333984, 108.55166626, -61.1628074646, 56.5130615234, -10.4395170212, -6.66121244431, -3.16712212563, -1.76895880699, -3.16013121605, -1.24733424187, -1.97288298607, -7.48911619186, -2.33350157738]
        cov: [[4368.95703125, -24.4335155487, -65.5689468384, 509.42678833, 34.5113601685, 246.176437378, -35.9844017029, 171.717193604, 71.3133773804, 58.0463562012, 46.7624435425, -11.9244995117, 41.4103279114], [-24.4335155487, 685.093811035, -225.781082153, 56.2940483093, -20.9120502472, -59.968711853, 57.3237419128, -28.4712619781, 10.5557413101, 8.27275753021, 33.6217842102, 13.3340568542, 6.75155210495], [-65.5689468384, -225.781082153, 567.908325195, 42.3416557312, 152.084640503, 71.3758773804, 7.13145208359, 47.4518814087, 17.617805481, 22.146024704, -3.48477268219, 32.677116394, -16.814622879], [509.42678833, 56.2940483093, 42.3416557312, 291.830718994, 102.964538574, 51.6230964661, -19.6367263794, 25.9890575409, 43.1030158997, 19.2349624634, 2.38461112976, 25.5193691254, 39.279499054], [34.5113601685, -20.9120502472, 152.084640503, 102.964538574, 195.880554199, 58.3306884766, 13.1150894165, 29.0277328491, 34.82995224, 39.5697402954, 8.50284385681, 22.2178535461, 13.2036561966], [246.176437378, -59.968711853, 71.3758773804, 51.6230964661, 58.3306884766, 134.42527771, 37.5415916443, 37.8023414612, 14.7544593811, 17.7669067383, 21.8348484039, 2.84254693985, -8.37136173248], [-35.9844017029, 57.3237419128, 7.13145208359, -19.6367263794, 13.1150894165, 37.5415916443, 117.909545898, 54.0728149414, 11.1941623688, 20.5466117859, 23.7473011017, 8.24145317078, -1.74506258965], [171.717193604, -28.4712619781, 47.4518814087, 25.9890575409, 29.0277328491, 37.8023414612, 54.0728149414, 103.960678101, 40.8508338928, 27.1527423859, 17.31599617, 8.79312229156, 13.087477684], [71.3133773804, 10.5557413101, 17.617805481, 43.1030158997, 34.82995224, 14.7544593811, 11.1941623688, 40.8508338928, 79.1297607422, 40.976108551, 8.90767478943, 6.47888755798, 12.9891023636], [58.0463562012, 8.27275753021, 22.146024704, 19.2349624634, 39.5697402954, 17.7669067383, 20.5466117859, 27.1527423859, 40.976108551, 90.9728469849, 34.8802986145, 6.43934202194, 8.46952629089], [46.7624435425, 33.6217842102, -3.48477268219, 2.38461112976, 8.50284385681, 21.8348484039, 23.7473011017, 17.31599617, 8.90767478943, 34.8802986145, 65.4296798706, 21.1478824615, -0.561824440956], [-11.9244995117, 13.3340568542, 32.677116394, 25.5193691254, 22.2178535461, 2.84254693985, 8.24145317078, 8.79312229156, 6.47888755798, 6.43934202194, 21.1478824615, 61.0304489136, 26.6739711761], [41.4103279114, 6.75155210495, -16.814622879, 39.279499054, 13.2036561966, -8.37136173248, -1.74506258965, 13.087477684, 12.9891023636, 8.46952629089, -0.561824440956, 26.6739711761, 67.6936340332]]
        icov: [[0.000367688131519, -1.76983048732e-005, 8.95209086593e-005, -0.000659337441903, 0.000422851240728, -0.000586708425544, 0.000489633821417, -0.00073877646355, 0.000343215157045, -0.00022924906807, -5.26621988683e-005, 0.00019334119861, 6.82833924657e-005], [-1.76983048732e-005, 0.00222189025953, 0.000775251712184, -0.000914587231819, -0.000347468914697, 0.0015590126859, -0.00216690963134, 0.00148299383, -0.000734412751626, 0.000464137992822, -0.00121629179921, -0.000191135826753, 0.000578547711484], [8.95209086593e-005, 0.000775251712184, 0.00289551331662, -2.99440944218e-005, -0.00189256796148, -0.000301772990497, 0.00025632136385, -0.00110055564437, 0.000521107343957, -0.000337797944667, 0.0010372500401, -0.00208443682641, 0.00192795833573], [-0.000659337441903, -0.000914587231819, -2.99440944218e-005, 0.00673064170405, -0.00287769059651, -0.00127880903892, 0.00188667885959, 0.00021145894425, -0.00192423060071, 0.000935211661272, 0.000845976814162, -0.00107734557241, -0.00232370872982], [0.000422851240728, -0.000347468914697, -0.00189256796148, -0.00287769059651, 0.00958471186459, -0.00278537534177, 0.000124076803331, -8.63942841534e-005, -0.000456785055576, -0.00309337070212, 0.00157929549459, -0.00101689307485, -0.000329897709889], [-0.000586708425544, 0.0015590126859, -0.000301772990497, -0.00127880903892, -0.00278537534177, 0.0128218950704, -0.00460693333298, 0.000411937362514, -0.000521117239259, 0.00168040383141, -0.00403390731663, 0.00161281810142, 0.00202175695449], [0.000489633821417, -0.00216690963134, 0.00025632136385, 0.00188667885959, 0.000124076803331, -0.00460693333298, 0.0158376079053, -0.00927708018571, 0.00310152769089, -0.00189638417214, -9.93223966361e-006, -0.00141903467011, 0.000694659189321], [-0.00073877646355, 0.00148299383, -0.00110055564437, 0.00021145894425, -8.63942841534e-005, 0.000411937362514, -0.00927708018571, 0.0200785510242, -0.00867794826627, 0.00173960276879, -0.0026332535781, 0.00150213995948, -0.00331154861487], [0.000343215157045, -0.000734412751626, 0.000521107343957, -0.00192423060071, -0.000456785055576, -0.000521117239259, 0.00310152769089, -0.00867794826627, 0.0219614841044, -0.00896161608398, 0.00375004578382, -0.0010097513441, 0.000227880096645], [-0.00022924906807, 0.000464137992822, -0.000337797944667, 0.000935211661272, -0.00309337070212, 0.00168040383141, -0.00189638417214, 0.00173960276879, -0.00896161608398, 0.0201259087771, -0.0110735483468, 0.00458780350164, -0.00280484417453], [-5.26621988683e-005, -0.00121629179921, 0.0010372500401, 0.000845976814162, 0.00157929549459, -0.00403390731663, -9.93223966361e-006, -0.0026332535781, 0.00375004578382, -0.0110735483468, 0.0269365794957, -0.0114127267152, 0.00500877108425], [0.00019334119861, -0.000191135826753, -0.00208443682641, -0.00107734557241, -0.00101689307485, 0.00161281810142, -0.00141903467011, 0.00150213995948, -0.0010097513441, 0.00458780350164, -0.0114127267152, 0.0266404896975, -0.0108934175223], [6.82833924657e-005, 0.000578547711484, 0.00192795833573, -0.00232370872982, -0.000329897709889, 0.00202175695449, 0.000694659189321, -0.00331154861487, 0.000227880096645, -0.00280484417453, 0.00500877108425, -0.0108934175223, 0.0221139192581]]
    sccoeffs:
        dmean: [0.0581020228565, 0.0473496317863, 0.0383787341416, 0.0302242413163, 0.0222314689308, 0.0177889894694]
        dmean2: [0.0956462174654, 0.0786819085479, 0.0637495219707, 0.0495513901114, 0.0365850664675, 0.0292288996279]
        dvar: [0.00232701492496, 0.00139027344994, 0.00089867861243, 0.000580411055125, 0.000316757854307, 0.000348128261976]
        dvar2: [0.00628620339558, 0.00380438310094, 0.00237992918119, 0.00152901967522, 0.000838631414808, 0.000908103887923]
        max: [-0.322583138943, -0.46209859848, -0.495949059725, -0.514834105968, -0.596423983574, -0.582493364811]
        mean: [-0.639838337898, -0.761946201324, -0.787559270859, -0.787405729294, -0.77415895462, -0.742990851402]
        median: [-0.642206370831, -0.767113566399, -0.791884064674, -0.792725980282, -0.775068223476, -0.744437217712]
        min: [-0.974357903004, -0.984899282455, -0.9640224576, -0.965212285519, -0.959701895714, -0.957890808582]
        var: [0.00527549860999, 0.00383676402271, 0.00278873345815, 0.00217277463526, 0.00126785167959, 0.00117355864495]
    scvalleys:
        dmean: [0.413550525904, 0.337267637253, 0.285436779261, 0.245011761785, 0.225733190775, 0.252483725548]
        dmean2: [0.671298265457, 0.549567759037, 0.458803325891, 0.383340507746, 0.350017637014, 0.357368975878]
        dvar: [0.1346398592, 0.095034442842, 0.0762695148587, 0.0684477463365, 0.0788774564862, 0.122848242521]
        dvar2: [0.303036183119, 0.198278665543, 0.15007725358, 0.119971074164, 0.141377463937, 0.227137297392]
        max: [-5.29351663589, -4.8267121315, -5.40572166443, -5.69668769836, -5.4999499321, -7.81163167953]
        mean: [-7.05836057663, -6.45335674286, -6.83573579788, -6.90857410431, -6.81190776825, -9.86095523834]
        median: [-6.76378440857, -6.31355524063, -6.7186460495, -6.75830554962, -6.65168571472, -9.56164073944]
        min: [-27.3544883728, -27.5681018829, -27.3524303436, -27.0546665192, -27.194984436, -27.3445682526]
        var: [1.17495322227, 0.715413272381, 0.640995502472, 0.648170173168, 0.700502514839, 1.06661510468]

rhythm:
    beats_loudness:
        dmean: 0.00292102037929
        dmean2: 0.00553750479594
        dvar: 3.58493389285e-006
        dvar2: 1.30606622406e-005
        max: 0.0145742949098
        mean: 0.00710499659181
        median: 0.00701993517578
        min: 2.74359481409e-005
        var: 6.17535442871e-006
    bpm: 90.0404281616
    bpm_confidence: 0
    first_peak_bpm: 91
    first_peak_spread: 0.451827228069
    first_peak_weight: 0.540983617306
    onset_rate: 2.71303725243
    second_peak_bpm: 96
    second_peak_spread: 0.5
    second_peak_weight: 0.00655737705529
    beats_loudness_band_ratio:
        dmean: [0.1216705814, 0.117302790284, 0.0806778743863, 0.0712328404188, 0.10242395848, 0.0749129354954]
        dmean2: [0.217269092798, 0.227572157979, 0.138392329216, 0.125357553363, 0.175105884671, 0.134480684996]
        dvar: [0.0107253752649, 0.00389141798951, 0.00964142102748, 0.00530781550333, 0.00758433435112, 0.00509393168613]
        dvar2: [0.0324997417629, 0.0130202351138, 0.0271910559386, 0.0144238928333, 0.0242971256375, 0.0157815907151]
        max: [0.718238651752, 0.424219310284, 0.739727199078, 0.466039448977, 0.649235844612, 0.581116616726]
        mean: [0.271077513695, 0.127600073814, 0.117627389729, 0.104733027518, 0.262345999479, 0.18594995141]
        median: [0.27239215374, 0.118966028094, 0.0906603187323, 0.0825398117304, 0.250945389271, 0.175125956535]
        min: [5.53385871171e-005, 0.0115501405671, 0.00762594910339, 0.00537760555744, 0.0146923884749, 0.00721681164578]
        var: [0.0148680238053, 0.00599969318137, 0.00987469125539, 0.00573664484546, 0.0109426090494, 0.00531280878931]
    beats_position: [0.592108845711, 1.20743763447, 1.82276642323, 2.4497051239, 3.07664394379, 3.7151927948, 4.3653512001, 5.02712011337, 5.6888885498, 6.35065746307, 7.01242637634, 7.6858048439, 8.35918331146, 9.0093421936, 9.67111110687, 10.3328800201, 11.0062580109, 11.6796369553, 12.3530158997, 13.0147848129, 13.6765527725, 14.3499317169, 15.0117006302, 15.6734695435, 16.3468475342, 17.0202255249, 17.6703853607, 18.3437633514, 19.0171432495, 19.6905212402, 20.3406791687, 21.0140590668, 21.6758270264, 22.3492050171, 23.010974884, 23.6843528748, 24.3461227417, 25.0195007324, 25.681268692, 26.3546485901, 27.0048065186, 27.6781845093, 28.3399543762, 29.0017223358, 29.6751022339, 30.3368701935, 30.9986381531, 31.6720180511, 32.3453979492, 33.0071640015, 33.6689338684, 34.3423118591, 35.0156898499, 35.6774597168, 36.3392295837, 37.0126075745, 37.6743774414, 38.3361434937, 38.9979133606, 39.6596832275, 40.3330612183, 41.006439209, 41.6798171997, 42.3415870667, 43.0033569336, 43.6767349243, 44.350112915, 45.011882782, 45.6736488342, 46.347026825, 47.0087966919, 47.6705665588, 48.3439445496, 49.0173225403, 49.6790924072, 50.3408622742, 51.0142402649, 51.6760063171, 52.3377761841, 52.999546051, 53.661315918, 54.3346939087, 55.0080718994, 55.6814498901, 56.3432197571, 57.0049858093, 57.6783676147, 58.3517456055, 59.0135154724, 59.6868934631, 60.3486595154, 61.0220413208, 61.6721992493, 62.34557724, 63.0189552307, 63.6807250977, 64.3424911499, 65.0158691406, 65.6776428223, 66.3394088745, 67.0127868652, 67.6745529175, 68.3363265991, 69.0097045898, 69.6830825806, 70.3564605713, 71.0182266235, 71.6800003052, 72.3417663574, 73.0035324097, 73.6653060913, 74.3270721436, 75.0004501343, 75.673828125, 76.3472061157, 77.0205917358, 77.6823577881, 78.3441238403, 79.0175018311, 79.6908798218, 80.3410415649, 81.0144195557, 81.6761856079, 82.3379592896, 82.9997253418, 83.6731033325, 84.3348770142, 85.0082550049, 85.6816329956, 86.3550109863, 87.0283889771, 87.7017669678, 88.3519287109, 89.0253067017, 89.6754608154, 90.3372344971, 90.9990005493, 91.67237854, 92.3457565308, 93.0075302124, 93.6692962646, 94.3426742554, 95.0044403076, 95.6662139893, 96.3279800415, 97.0013580322, 97.6631240845, 98.3248977661, 98.9982757568, 99.6716537476, 100.3334198, 101.006797791, 101.680175781, 102.341949463, 103.003715515, 103.665489197, 104.327255249, 105.00063324, 105.67401123, 106.347389221, 107.009155273, 107.670928955, 108.344306946, 109.017684937, 109.679450989, 110.34122467, 111.014602661, 111.676368713, 112.338134766, 113.011520386, 113.684898376, 114.346664429, 115.008430481, 115.681808472, 116.343582153, 117.005348206, 117.678726196, 118.352104187, 119.013877869, 119.675643921, 120.349021912, 121.010787964, 121.672561646, 122.345939636, 123.007705688, 123.681083679, 124.342857361, 125.016235352, 125.678001404, 126.339767456, 127.013153076, 127.686531067, 128.348297119, 129.010070801, 129.683441162, 130.356826782, 131.018585205, 131.680358887, 132.342132568, 133.003890991, 133.677276611, 134.350662231, 135.012420654, 135.674194336, 136.347564697, 137.020950317, 137.671112061, 138.344482422, 139.017868042, 139.679641724, 140.341400146, 141.014785767, 141.676544189, 142.34992981, 143.011703491, 143.685073853, 144.346847534, 145.008621216, 145.681991577, 146.355377197, 147.01713562, 147.678909302, 148.352294922, 149.025665283, 149.675827026, 150.337600708, 150.999359131, 151.672744751, 152.346115112, 153.019500732, 153.681274414, 154.343032837, 155.004806519, 155.6665802, 156.328338623, 157.001724243, 157.663482666, 158.336868286, 159.010253906, 159.683624268, 160.357009888, 161.030380249, 161.692153931, 162.353912354, 163.015686035, 163.677459717, 164.350830078, 165.01260376, 165.674377441, 166.347747803, 167.009521484, 167.671295166, 168.344665527, 169.018051147, 169.67980957, 170.341583252, 171.014968872, 171.688339233, 172.350112915, 173.011871338, 173.685256958, 174.34703064, 175.008789063, 175.682174683, 176.343948364, 177.005706787, 177.679092407, 178.352462769, 179.01423645, 179.676010132, 180.337768555, 180.999542236, 181.672927856, 182.346298218, 183.008071899, 183.681442261, 184.343215942, 185.016601563, 185.678359985, 186.340133667, 187.013504028, 187.686889648, 188.34866333, 189.010421753, 189.672195435, 190.345581055, 191.007339478, 191.669113159, 192.330886841, 193.004257202, 193.677642822, 194.351013184, 195.012786865, 195.674560547, 196.347930908, 197.021316528, 197.671463013, 198.344848633, 199.006622314, 199.668380737, 200.341766357, 201.015136719, 201.6769104, 202.338684082, 203.000442505, 203.673828125]
    bpm_estimates: [93.9630508423, 92.2852020264, 90.6660919189, 90.6661529541, 90.6660919189, 90.6660919189, 89.102935791, 89.102935791, 92.2851333618, 90.6660919189, 90.6660919189, 89.1030044556, 89.1028747559, 89.1028747559, 90.6660919189, 90.6662216187, 89.1028747559, 90.6660919189, 90.6660919189, 89.1030044556, 89.1030044556, 92.2849960327, 89.1030044556, 89.1027526855, 89.1030044556, 92.2852706909, 89.1027526855, 90.6662216187, 89.1030044556, 90.6659622192, 89.1030044556, 90.6659622192, 89.1030044556, 90.6662216187, 89.1027526855, 92.2852706909, 89.1030044556, 90.6659622192, 90.6662216187, 89.1027526855, 90.6662216187, 90.6662216187, 89.1027526855, 89.1027526855, 90.6664810181, 90.6659622192, 89.1030044556, 89.1030044556, 90.6659622192, 90.6659622192, 89.1030044556, 90.6659622192, 90.6664810181, 90.6659622192, 90.6659622192, 89.1030044556, 89.1030044556, 89.1030044556, 90.6659622192, 90.6659622192, 89.1030044556, 89.1030044556, 90.6659622192, 90.6664810181, 89.1030044556, 90.6659622192, 90.6659622192, 89.1030044556, 89.1030044556, 90.6659622192, 90.6659622192, 89.1030044556, 90.6664810181, 90.6659622192, 90.6659622192, 90.6659622192, 89.1030044556, 89.1030044556, 89.1030044556, 90.6659622192, 90.6664810181, 89.1024932861, 89.1030044556, 90.6659622192, 89.1030044556, 90.6664810181, 89.1024932861, 92.2852706909, 89.1030044556, 89.1030044556, 90.6659622192, 90.6664810181, 89.1030044556, 90.665435791, 90.6664810181, 89.1030044556, 90.6664810181, 90.665435791, 89.1030044556, 89.1030044556, 89.1030044556, 90.6664810181, 90.665435791, 90.6664810181, 90.6664810181, 90.665435791, 90.6664810181, 89.1030044556, 89.1030044556, 89.1030044556, 89.1019897461, 90.6664810181, 90.6664810181, 89.1030044556, 89.1030044556, 92.2847290039, 89.1030044556, 90.6664810181, 90.665435791, 90.6664810181, 89.1030044556, 90.665435791, 89.1030044556, 89.1030044556, 89.1030044556, 89.1030044556, 89.1030044556, 92.2847290039, 89.1030044556, 92.2858123779, 90.665435791, 90.6664810181, 89.1030044556, 89.1030044556, 90.665435791, 90.6664810181, 89.1030044556, 90.6664810181, 90.665435791, 90.6664810181, 89.1030044556, 90.6664810181, 90.665435791, 89.1030044556, 89.1030044556, 90.6664810181, 89.1030044556, 89.1030044556, 90.665435791, 90.6664810181, 90.665435791, 90.6664810181, 89.1030044556, 89.1030044556, 89.1030044556, 90.6664810181, 90.665435791, 89.1030044556, 89.1030044556, 90.6664810181, 90.665435791, 89.1030044556, 90.6664810181, 90.6664810181, 89.1019897461, 89.1030044556, 90.6664810181, 90.6664810181, 89.1030044556, 90.665435791, 90.6664810181, 89.1030044556, 89.1030044556, 90.665435791, 90.6664810181, 89.1030044556, 90.6664810181, 90.665435791, 89.1030044556, 90.6664810181, 89.1030044556, 90.665435791, 89.1030044556, 90.6664810181, 90.6664810181, 89.1019897461, 89.1030044556, 90.6664810181, 90.665435791, 89.1040115356, 89.1019897461, 90.6675262451, 90.665435791, 90.665435791, 90.6675262451, 89.1019897461, 89.1019897461, 90.6675262451, 90.665435791, 89.1040115356, 89.1019897461, 92.2847290039, 89.1040115356, 89.1019897461, 90.665435791, 90.6675262451, 89.1019897461, 90.6675262451, 89.1019897461, 90.665435791, 89.1040115356, 90.665435791, 90.665435791, 89.1040115356, 89.1019897461, 90.6675262451, 90.665435791, 89.1019897461, 89.1040115356, 92.2847290039, 90.665435791, 90.6675262451, 89.1019897461, 89.1040115356, 89.1019897461, 90.665435791, 90.6675262451, 90.665435791, 90.665435791, 90.6675262451, 89.1019897461, 90.6675262451, 89.1019897461, 89.1019897461, 89.1040115356, 89.1019897461, 89.1040115356, 90.665435791, 90.6675262451, 90.665435791, 90.665435791, 89.1040115356, 90.665435791, 90.665435791, 89.1040115356, 90.665435791, 90.665435791, 89.1040115356, 89.1019897461, 90.6675262451, 90.665435791, 89.1019897461, 89.1040115356, 90.665435791, 90.6675262451, 89.1019897461, 90.665435791, 90.6675262451, 89.1019897461, 90.665435791, 90.6675262451, 89.1019897461, 89.1040115356, 90.665435791, 90.665435791, 90.6675262451, 90.665435791, 89.1019897461, 89.1040115356, 90.665435791, 89.1040115356, 90.665435791, 89.1019897461, 90.6675262451, 90.665435791, 89.1040115356, 89.1019897461, 90.665435791, 90.6675262451, 90.665435791, 89.1019897461, 90.6675262451, 90.665435791, 90.665435791, 89.1040115356, 89.1019897461, 89.1040115356, 90.665435791, 90.665435791, 89.1040115356, 89.1019897461, 92.286895752, 89.1019897461, 90.665435791, 90.6675262451, 89.1019897461, 89.1040115356, 90.665435791, 90.665435791, 90.6675262451, 89.1019897461]
