
metadata:
    version:
        essentia: "2.1-beta2"
    audio_properties:
        analysis_sample_rate: 44100
        bitrate: 320
        channels: 2
        equal_loudness: 1
        length: 216.111022949
        replay_gain: -15.8932380676
        downmix: "mix"
    tags:
        album: "Anything That Moves"
        artist: "Bobaflex"
        comment: "BigBlackMetal@KickassTorrents"
        date: "2015"
        genre: "Hard Rock"
        title: "Mama (Don't Take My Drugs Away)"
        tracknumber: "05/13"

configuration:
    average_loudness:
        compute: 1
        frameSize: 88200
        hopSize: 44100
        silentFrames: "noise"
        windowType: "hann"
    general:
        analysisSampleRate: 44100
        endTime: 2000
        equalLoudness: 1
        nequalLoudness: 0
        shortSound: 0
        startTime: 0
    lowlevel:
        compute: 1
        frameSize: 2048
        hopSize: 1024
        zeroPadding: 0
        silentFrames: "noise"
        windowType: "blackmanharris62"
        mfccStats: ["mean", "cov", "icov"]
        stats: ["mean", "var", "median", "min", "max", "dmean", "dmean2", "dvar", "dvar2"]
    panning:
        compute: 0
        frameSize: 8192
        hopSize: 2048
        zeroPadding: 8192
        silentFrames: "noise"
        windowType: "hann"
        stats: ["copy"]
    rhythm:
        compute: 1
        maxTempo: 208
        minTempo: 40
        method: "degara"
        stats: ["mean", "var", "median", "min", "max", "dmean", "dmean2", "dvar", "dvar2"]
    segmentation:
        compute: 0
        cpw: 5
        inc1: 300
        inc2: 50
        minimumSegmentsLength: 10
        size1: 1000
        size2: 600
    sfx:
        compute: 1
        stats: ["mean", "var", "median", "min", "max", "dmean", "dmean2", "dvar", "dvar2"]
    svm:
        compute: 0
    tonal:
        compute: 1
        frameSize: 4096
        hopSize: 2048
        zeroPadding: 0
        silentFrames: "noise"
        windowType: "blackmanharris62"
        stats: ["mean", "var", "median", "min", "max", "dmean", "dmean2", "dvar", "dvar2"]

lowlevel:
    average_loudness: 0.923904061317
    barkbands_kurtosis:
        dmean: 0.693936049938
        dmean2: 1.13370859623
        dvar: 4.75221776962
        dvar2: 11.9584674835
        max: 115.921829224
        mean: -0.714133024216
        median: -1.29621803761
        min: -1.9047986269
        var: 6.90281867981
    barkbands_skewness:
        dmean: 0.376853227615
        dmean2: 0.587111532688
        dvar: 0.178202077746
        dvar2: 0.381699711084
        max: 6.1858253479
        mean: -0.258767008781
        median: -0.205767139792
        min: -6.52167224884
        var: 0.509111821651
    barkbands_spread:
        dmean: 5.33849430084
        dmean2: 8.56066608429
        dvar: 31.874879837
        dvar2: 81.6483154297
        max: 67.3613433838
        mean: 34.0835533142
        median: 34.6636619568
        min: 0.732401669025
        var: 107.48878479
    dissonance:
        dmean: 0.0103285228834
        dmean2: 0.0175573434681
        dvar: 0.000127321050968
        dvar2: 0.000305980589474
        max: 0.5
        mean: 0.483288168907
        median: 0.486543029547
        min: 0
        var: 0.000201403527171
    hfc:
        dmean: 2.23028659821
        dmean2: 3.48705673218
        dvar: 6.88401556015
        dvar2: 16.9204807281
        max: 33.5776939392
        mean: 9.64811897278
        median: 9.15211772919
        min: 1.17598441272e-016
        var: 28.1985988617
    pitch:
        dmean: 986.229064941
        dmean2: 1874.76281738
        dvar: 1620612.125
        dvar2: 3889320.75
        max: 4952.72021484
        mean: 1794.68640137
        median: 1152.47155762
        min: 72.4064254761
        var: 2261149.5
    pitch_instantaneous_confidence:
        dmean: 0.0810232684016
        dmean2: 0.133503764868
        dvar: 0.00455376366153
        dvar2: 0.0118340402842
        max: 0.889213263988
        mean: 0.350335031748
        median: 0.328837990761
        min: 0.104839682579
        var: 0.0148879215121
    pitch_salience:
        dmean: 0.0573508106172
        dmean2: 0.0945835337043
        dvar: 0.00282017327845
        dvar2: 0.00717229396105
        max: 0.964582681656
        mean: 0.679833292961
        median: 0.693999409676
        min: 0.130110695958
        var: 0.00631078891456
    silence_rate_20dB:
        dmean: 0
        dmean2: 0
        dvar: 0
        dvar2: 0
        max: 1
        mean: 1
        median: 1
        min: 1
        var: 0
    silence_rate_30dB:
        dmean: 0
        dmean2: 0
        dvar: 0
        dvar2: 0
        max: 1
        mean: 1
        median: 1
        min: 1
        var: 0
    silence_rate_60dB:
        dmean: 0.0605930387974
        dmean2: 0.121199093759
        dvar: 0.0569165423512
        dvar2: 0.120906375349
        max: 1
        mean: 0.225910410285
        median: 0
        min: 0
        var: 0.174871489406
    spectral_centroid:
        dmean: 257.939239502
        dmean2: 406.305267334
        dvar: 84415.6328125
        dvar2: 176055.109375
        max: 10457.4208984
        mean: 1872.04431152
        median: 1825.71557617
        min: 204.993942261
        var: 250307.359375
    spectral_complexity:
        dmean: 3.84336066246
        dmean2: 6.00257873535
        dvar: 13.1911735535
        dvar2: 29.377571106
        max: 48
        mean: 19.4706192017
        median: 20
        min: 0
        var: 86.0947875977
    spectral_crest:
        dmean: 1.87947428226
        dmean2: 3.13405036926
        dvar: 3.49063420296
        dvar2: 9.29003334045
        max: 24.6010055542
        mean: 6.27227115631
        median: 5.53541231155
        min: 2.3873000145
        var: 7.70924806595
    spectral_decrease:
        dmean: 2.50261783519e-010
        dmean2: 3.94475424548e-010
        dvar: 9.28730409805e-020
        dvar2: 2.33521565525e-019
        max: -1.30875770035e-030
        mean: -1.1477467865e-009
        median: -1.1527865329e-009
        min: -3.7734424474e-009
        var: 3.40549043267e-019
    spectral_energy:
        dmean: 0.00110903021414
        dmean2: 0.00173964642454
        dvar: 1.75380068868e-006
        dvar2: 4.34801040683e-006
        max: 0.0169725976884
        mean: 0.00520696910098
        median: 0.00520259561017
        min: 1.06714603137e-020
        var: 6.91763079885e-006
    spectral_energyband_high:
        dmean: 0.000168101556483
        dmean2: 0.000282089749817
        dvar: 7.97118104856e-008
        dvar2: 2.13092121726e-007
        max: 0.00292458874173
        mean: 0.000390294822864
        median: 0.000302544474835
        min: 7.58038653101e-021
        var: 1.10329509084e-007
    spectral_energyband_low:
        dmean: 0.000298324652249
        dmean2: 0.000504100462422
        dvar: 2.32193883676e-007
        dvar2: 6.45619365969e-007
        max: 0.00560126965865
        mean: 0.000534386723302
        median: 0.00039025224396
        min: 8.36758204358e-023
        var: 3.18483188266e-007
    spectral_energyband_middle_high:
        dmean: 0.000638271681964
        dmean2: 0.000975810689852
        dvar: 4.42873044904e-007
        dvar2: 9.94492552309e-007
        max: 0.0115023469552
        mean: 0.00278485938907
        median: 0.0026188257616
        min: 1.66840703867e-021
        var: 2.66994265985e-006
    spectral_energyband_middle_low:
        dmean: 0.000634492840618
        dmean2: 0.00103522802237
        dvar: 7.41795929571e-007
        dvar2: 1.98119710149e-006
        max: 0.00932860374451
        mean: 0.00174652202986
        median: 0.00150478782598
        min: 3.5953869301e-022
        var: 1.61669379395e-006
    spectral_flatness_db:
        dmean: 0.0129353646189
        dmean2: 0.0201528891921
        dvar: 0.000170728104422
        dvar2: 0.000385679362807
        max: 0.366769224405
        mean: 0.143095090985
        median: 0.135007694364
        min: 0.0673747360706
        var: 0.00130554311909
    spectral_flux:
        dmean: 0.00704100634903
        dmean2: 0.0106878550723
        dvar: 5.47335839656e-005
        dvar2: 0.000116173810966
        max: 0.100994005799
        mean: 0.0432798452675
        median: 0.0433156304061
        min: 1.03302762178e-010
        var: 0.000203303818125
    spectral_kurtosis:
        dmean: 1.0456520319
        dmean2: 1.75857436657
        dvar: 1.40792930126
        dvar2: 4.07237768173
        max: 17.8160457611
        mean: 3.37837123871
        median: 3.10124158859
        min: -1.20723080635
        var: 3.16880702972
    spectral_rms:
        dmean: 0.000239908331423
        dmean2: 0.000362882652553
        dvar: 6.73537954299e-008
        dvar2: 1.48473958461e-007
        max: 0.00406923005357
        mean: 0.00215747416951
        median: 0.00225293217227
        min: 3.22663618914e-012
        var: 4.25289670147e-007
    spectral_rolloff:
        dmean: 292.81060791
        dmean2: 475.15725708
        dvar: 155055.3125
        dvar2: 327392.65625
        max: 18776.953125
        mean: 3421.0456543
        median: 3423.77929688
        min: 86.1328125
        var: 359086.40625
    spectral_skewness:
        dmean: 0.159407570958
        dmean2: 0.256760060787
        dvar: 0.0264719389379
        dvar2: 0.0669444128871
        max: 3.01916599274
        mean: 1.23833227158
        median: 1.21730387211
        min: 0.0437151566148
        var: 0.0919989347458
    spectral_spread:
        dmean: 384925.65625
        dmean2: 556014.6875
        dvar: 306506301440
        dvar2: 482515877888
        max: 41061648
        mean: 4257973
        median: 4143286.75
        min: 1617059.75
        var: 1.29464139776e+012
    spectral_strongpeak:
        dmean: 0.495691984892
        dmean2: 0.863541901112
        dvar: 0.568547427654
        dvar2: 1.50308454037
        max: 9.2374458313
        mean: 0.644920289516
        median: 0.316286742687
        min: 1.95178695428e-009
        var: 0.798771977425
    zerocrossingrate:
        dmean: 0.00749334413558
        dmean2: 0.00918290857226
        dvar: 8.38764681248e-005
        dvar2: 0.000104221137008
        max: 0.50390625
        mean: 0.104829721153
        median: 0.10400390625
        min: 0.0107421875
        var: 0.000444094854174
    barkbands:
        dmean: [3.4905789903e-007, 7.02757242834e-005, 0.000146042410051, 0.000255739316344, 0.000183227632078, 0.000174343207618, 0.000108412627014, 0.000112962741696, 0.00020128635515, 9.78954922175e-005, 5.10408171976e-005, 5.4665015341e-005, 7.18280207366e-005, 8.70990770636e-005, 8.29298442113e-005, 0.000121422730444, 0.000241743036895, 0.000216370681301, 0.000257824838627, 0.000142994773341, 8.90697629075e-005, 3.22967207467e-005, 6.16585202806e-006, 1.88959484149e-006, 7.27668066247e-007, 2.33697186047e-008, 4.38699632177e-010]
        dmean2: [5.77407490709e-007, 0.000118938238302, 0.000249523902312, 0.000423289835453, 0.000304549030261, 0.000286839087494, 0.000178509289981, 0.000185579323443, 0.000335382239427, 0.00015951183741, 8.36177714518e-005, 8.90700248419e-005, 0.00011727999663, 0.000140981050208, 0.000136572372867, 0.000200622816919, 0.000390404718928, 0.000353828101652, 0.000429380685091, 0.000240301058511, 0.000153454282554, 5.24468377989e-005, 1.01037603599e-005, 2.86004114969e-006, 1.10773873985e-006, 3.41022285966e-008, 6.81056044893e-010]
        dvar: [5.09228618474e-013, 1.82110699853e-008, 5.08359789819e-008, 3.35447055022e-007, 8.99000198729e-008, 5.93713593844e-008, 3.23092486099e-008, 5.5252332487e-008, 1.44239237443e-007, 4.23937827065e-008, 9.3011278679e-009, 9.28289267677e-009, 1.53199550823e-008, 1.97861727003e-008, 1.49492311863e-008, 3.90172445464e-008, 1.08089409423e-007, 7.13651360229e-008, 1.06841660852e-007, 3.52444651242e-008, 2.39069120056e-008, 2.67050825897e-009, 1.08725986547e-010, 2.50632101878e-011, 3.18019764169e-012, 3.04626632689e-015, 7.57044640499e-019]
        dvar2: [1.31455653654e-012, 5.10805193699e-008, 1.45163269849e-007, 8.65716515364e-007, 2.45732280746e-007, 1.60588882636e-007, 8.29709136951e-008, 1.45381903849e-007, 4.07377939382e-007, 1.05261491967e-007, 2.37921842228e-008, 2.25736549453e-008, 3.75871778147e-008, 4.85037965348e-008, 3.8960010329e-008, 9.92986954884e-008, 2.62960782038e-007, 1.83488793937e-007, 2.85388296106e-007, 9.43995956959e-008, 6.48156373018e-008, 6.9691323823e-009, 2.77053768816e-010, 4.82956695469e-011, 7.30859123221e-012, 6.63856524345e-015, 1.53106426794e-018]
        max: [8.19595788926e-006, 0.00132895738352, 0.00231938343495, 0.00634592724964, 0.0035500745289, 0.0039024616126, 0.00361822452396, 0.00623275199905, 0.00588275073096, 0.00516906986013, 0.00277777900919, 0.00170033064205, 0.00233322940767, 0.00303838984109, 0.00200719782151, 0.00744148949161, 0.00768824154511, 0.00441384874284, 0.00671598082408, 0.0023205706384, 0.0019951753784, 0.0006899634609, 0.000236598556512, 0.000101872275991, 5.01270224049e-005, 1.48871060901e-006, 2.1561625374e-008]
        mean: [4.08967537169e-007, 0.000122709592688, 0.000213435472688, 0.000356772536179, 0.000320846447721, 0.000305492227199, 0.000168984217453, 0.000168004233274, 0.000339974008966, 0.00016099671484, 8.23629452498e-005, 9.0082299721e-005, 0.000117345392937, 0.00014969627955, 0.000161733580171, 0.000243659174885, 0.000514492916409, 0.000480373448227, 0.000636636745185, 0.000316592981108, 0.000169520775671, 6.94570990163e-005, 1.20466384033e-005, 3.86129704566e-006, 1.43956515331e-006, 4.77587533965e-008, 7.67522545519e-010]
        median: [8.08346740655e-008, 8.74818215379e-005, 0.000145759433508, 0.000125032034703, 0.000224883900955, 0.00020373109146, 0.000104998616735, 8.21383873699e-005, 0.000180348331924, 9.35739080887e-005, 4.69969018013e-005, 4.92968138133e-005, 5.29981298314e-005, 7.83516588854e-005, 0.000100398945506, 0.000168972866959, 0.000371349160559, 0.000376194395358, 0.000514250656124, 0.000262285262579, 0.00012223853264, 5.15239444212e-005, 8.20345849206e-006, 2.22720996135e-006, 8.12771304481e-007, 1.99378202836e-008, 3.07693925894e-010]
        min: [3.47289576419e-023, 3.39285793674e-023, 1.09336744664e-023, 2.6391870121e-023, 5.62479156221e-023, 8.40415679059e-023, 5.36345330391e-023, 2.49547675001e-023, 8.63655142673e-023, 8.24191902573e-023, 2.78509235854e-023, 5.30242449993e-023, 1.33207784519e-022, 1.29768817977e-022, 1.46719141668e-022, 2.49748667293e-022, 2.05839672188e-022, 2.57630107177e-022, 2.18959464027e-022, 2.7872351572e-022, 3.49451168895e-022, 3.61295315852e-022, 6.70871446633e-022, 9.01545381507e-022, 1.43908201808e-021, 1.67428494856e-021, 2.28190454332e-021]
        var: [6.4723698406e-013, 1.96140597097e-008, 5.62998714315e-008, 4.75502190511e-007, 1.27855855681e-007, 1.13748775732e-007, 4.80231570066e-008, 8.73582095551e-008, 2.72856766514e-007, 7.80490765351e-008, 1.58824207119e-008, 1.70153686696e-008, 3.13132098029e-008, 3.88089027581e-008, 3.46533539641e-008, 7.43645571788e-008, 2.68105679879e-007, 1.70173450442e-007, 2.87558634682e-007, 6.1490723624e-008, 2.86067667332e-008, 4.22695789482e-009, 2.05936281916e-010, 5.32200949976e-011, 5.10411721569e-012, 6.547107708e-015, 1.9865743299e-018]
    frequency_bands:
        dmean: [3.4905789903e-007, 7.02757242834e-005, 0.000146042410051, 0.000255739316344, 0.000183227632078, 0.000174343207618, 0.000108412627014, 0.000112962741696, 0.00020128635515, 9.78954922175e-005, 5.10408171976e-005, 5.4665015341e-005, 7.18280207366e-005, 8.70990770636e-005, 8.29298442113e-005, 0.000121422730444, 0.000241743036895, 0.000216370681301, 0.000257824838627, 0.000142994773341, 8.90697629075e-005, 3.22967207467e-005, 6.16585202806e-006, 1.88959484149e-006, 7.27668066247e-007, 2.33697186047e-008, 4.38699632177e-010, 5.7366819628e-011]
        dmean2: [5.77407490709e-007, 0.000118938238302, 0.000249523902312, 0.000423289835453, 0.000304549030261, 0.000286839087494, 0.000178509289981, 0.000185579323443, 0.000335382239427, 0.00015951183741, 8.36177714518e-005, 8.90700248419e-005, 0.00011727999663, 0.000140981050208, 0.000136572372867, 0.000200622816919, 0.000390404718928, 0.000353828101652, 0.000429380685091, 0.000240301058511, 0.000153454282554, 5.24468377989e-005, 1.01037603599e-005, 2.86004114969e-006, 1.10773873985e-006, 3.41022285966e-008, 6.81056044893e-010, 1.06548068979e-010]
        dvar: [5.09228618474e-013, 1.82110699853e-008, 5.08359789819e-008, 3.35447055022e-007, 8.99000198729e-008, 5.93713593844e-008, 3.23092486099e-008, 5.5252332487e-008, 1.44239237443e-007, 4.23937827065e-008, 9.3011278679e-009, 9.28289267677e-009, 1.53199550823e-008, 1.97861727003e-008, 1.49492311863e-008, 3.90172445464e-008, 1.08089409423e-007, 7.13651360229e-008, 1.06841660852e-007, 3.52444651242e-008, 2.39069120056e-008, 2.67050825897e-009, 1.08725986547e-010, 2.50632101878e-011, 3.18019764169e-012, 3.04626632689e-015, 7.57044640499e-019, 6.44680416396e-021]
        dvar2: [1.31455653654e-012, 5.10805193699e-008, 1.45163269849e-007, 8.65716515364e-007, 2.45732280746e-007, 1.60588882636e-007, 8.29709136951e-008, 1.45381903849e-007, 4.07377939382e-007, 1.05261491967e-007, 2.37921842228e-008, 2.25736549453e-008, 3.75871778147e-008, 4.85037965348e-008, 3.8960010329e-008, 9.92986954884e-008, 2.62960782038e-007, 1.83488793937e-007, 2.85388296106e-007, 9.43995956959e-008, 6.48156373018e-008, 6.9691323823e-009, 2.77053768816e-010, 4.82956695469e-011, 7.30859123221e-012, 6.63856524345e-015, 1.53106426794e-018, 2.02846011948e-020]
        max: [8.19595788926e-006, 0.00132895738352, 0.00231938343495, 0.00634592724964, 0.0035500745289, 0.0039024616126, 0.00361822452396, 0.00623275199905, 0.00588275073096, 0.00516906986013, 0.00277777900919, 0.00170033064205, 0.00233322940767, 0.00303838984109, 0.00200719782151, 0.00744148949161, 0.00768824154511, 0.00441384874284, 0.00671598082408, 0.0023205706384, 0.0019951753784, 0.0006899634609, 0.000236598556512, 0.000101872275991, 5.01270224049e-005, 1.48871060901e-006, 2.1561625374e-008, 9.54124779184e-010]
        mean: [4.08967537169e-007, 0.000122709592688, 0.000213435472688, 0.000356772536179, 0.000320846447721, 0.000305492227199, 0.000168984217453, 0.000168004233274, 0.000339974008966, 0.00016099671484, 8.23629452498e-005, 9.0082299721e-005, 0.000117345392937, 0.00014969627955, 0.000161733580171, 0.000243659174885, 0.000514492916409, 0.000480373448227, 0.000636636745185, 0.000316592981108, 0.000169520775671, 6.94570990163e-005, 1.20466384033e-005, 3.86129704566e-006, 1.43956515331e-006, 4.77587533965e-008, 7.67522545519e-010, 4.52492314451e-011]
        median: [8.08346740655e-008, 8.74818215379e-005, 0.000145759433508, 0.000125032034703, 0.000224883900955, 0.00020373109146, 0.000104998616735, 8.21383873699e-005, 0.000180348331924, 9.35739080887e-005, 4.69969018013e-005, 4.92968138133e-005, 5.29981298314e-005, 7.83516588854e-005, 0.000100398945506, 0.000168972866959, 0.000371349160559, 0.000376194395358, 0.000514250656124, 0.000262285262579, 0.00012223853264, 5.15239444212e-005, 8.20345849206e-006, 2.22720996135e-006, 8.12771304481e-007, 1.99378202836e-008, 3.07693925894e-010, 1.73430419331e-011]
        min: [3.47289576419e-023, 3.39285793674e-023, 1.09336744664e-023, 2.6391870121e-023, 5.62479156221e-023, 8.40415679059e-023, 5.36345330391e-023, 2.49547675001e-023, 8.63655142673e-023, 8.24191902573e-023, 2.78509235854e-023, 5.30242449993e-023, 1.33207784519e-022, 1.29768817977e-022, 1.46719141668e-022, 2.49748667293e-022, 2.05839672188e-022, 2.57630107177e-022, 2.18959464027e-022, 2.7872351572e-022, 3.49451168895e-022, 3.61295315852e-022, 6.70871446633e-022, 9.01545381507e-022, 1.43908201808e-021, 1.67428494856e-021, 2.28190454332e-021, 7.97906072713e-022]
        var: [6.4723698406e-013, 1.96140597097e-008, 5.62998714315e-008, 4.75502190511e-007, 1.27855855681e-007, 1.13748775732e-007, 4.80231570066e-008, 8.73582095551e-008, 2.72856766514e-007, 7.80490765351e-008, 1.58824207119e-008, 1.70153686696e-008, 3.13132098029e-008, 3.88089027581e-008, 3.46533539641e-008, 7.43645571788e-008, 2.68105679879e-007, 1.70173450442e-007, 2.87558634682e-007, 6.1490723624e-008, 2.86067667332e-008, 4.22695789482e-009, 2.05936281916e-010, 5.32200949976e-011, 5.10411721569e-012, 6.547107708e-015, 1.9865743299e-018, 5.20437322935e-021]
    mfcc:
        mean: [-694.456665039, 97.9914474487, -54.688167572, 56.681476593, -15.7963075638, -6.48353719711, -8.02718544006, -0.52270001173, -1.58301734924, -5.12805128098, 0.409559309483, -6.46614217758, -5.73775625229]
        cov: [[4071.47216797, 610.616088867, 2.11963844299, 383.607696533, -24.7744808197, 245.899765015, 100.29259491, 230.07711792, 180.624633789, 161.634384155, 75.1787338257, 1.03387105465, 2.14000844955], [610.616088867, 791.831359863, -156.696884155, 87.6660690308, -0.623865306377, 18.314666748, 58.2335281372, 85.3229904175, 51.937877655, 43.7588424683, 56.6263427734, 3.72680711746, 12.7468194962], [2.11963844299, -156.696884155, 484.931671143, 130.652511597, 31.067522049, 45.2761573792, 50.9890823364, 9.36837005615, 42.5725593567, 38.8652000427, -18.3291492462, 7.35695695877, -1.7899736166], [383.607696533, 87.6660690308, 130.652511597, 322.546936035, 66.8408203125, 54.6283683777, 11.1677036285, 30.3798809052, 76.1877365112, 49.4138298035, 0.169855669141, 0.193346261978, 21.650970459], [-24.7744808197, -0.623865306377, 31.067522049, 66.8408203125, 156.185592651, 47.8005905151, -4.92098093033, -5.17565202713, 36.3185577393, 26.2647895813, -5.23594713211, 11.4423675537, 13.8879156113], [245.899765015, 18.314666748, 45.2761573792, 54.6283683777, 47.8005905151, 163.856689453, 75.1023864746, 31.2876968384, 12.4749956131, 21.7240066528, 10.5526027679, 6.75757408142, -11.0653352737], [100.29259491, 58.2335281372, 50.9890823364, 11.1677036285, -4.92098093033, 75.1023864746, 151.461975098, 59.7497901917, 7.3256521225, 14.3764419556, 13.693318367, 9.98363494873, -6.32434844971], [230.07711792, 85.3229904175, 9.36837005615, 30.3798809052, -5.17565202713, 31.2876968384, 59.7497901917, 114.067886353, 48.4439544678, 33.8774223328, 19.7771987915, 4.96816301346, 6.5125207901], [180.624633789, 51.937877655, 42.5725593567, 76.1877365112, 36.3185577393, 12.4749956131, 7.3256521225, 48.4439544678, 120.852622986, 77.8753509521, 16.220664978, -0.865510523319, 1.95452666283], [161.634384155, 43.7588424683, 38.8652000427, 49.4138298035, 26.2647895813, 21.7240066528, 14.3764419556, 33.8774223328, 77.8753509521, 121.432235718, 44.2797012329, 8.15782737732, 8.2913646698], [75.1787338257, 56.6263427734, -18.3291492462, 0.169855669141, -5.23594713211, 10.5526027679, 13.693318367, 19.7771987915, 16.220664978, 44.2797012329, 77.2470016479, 30.4395236969, 5.7065782547], [1.03387105465, 3.72680711746, 7.35695695877, 0.193346261978, 11.4423675537, 6.75757408142, 9.98363494873, 4.96816301346, -0.865510523319, 8.15782737732, 30.4395236969, 67.1603012085, 31.4157676697], [2.14000844955, 12.7468194962, -1.7899736166, 21.650970459, 13.8879156113, -11.0653352737, -6.32434844971, 6.5125207901, 1.95452666283, 8.2913646698, 5.7065782547, 31.4157676697, 72.076171875]]
        icov: [[0.000369870569557, -0.000196447392227, 5.2020244766e-005, -0.000317324971547, 0.000423253630288, -0.000605488312431, 0.000345567183103, -0.000440577772679, -8.59458814375e-005, -0.000199394533411, 0.000125492777443, -9.79297037702e-005, 7.40108371247e-005], [-0.000196447392227, 0.00178312696517, 0.000719561008736, -0.0005116147222, -0.000235788407736, 0.000634152907878, -0.000883757951669, -0.000398022093577, -0.000190912178368, 0.000243367598159, -0.00107438059058, 0.000511124439072, -0.000197294415557], [5.2020244766e-005, 0.000719561008736, 0.00291845295578, -0.00131486286409, 0.000219851979637, 8.40424181661e-005, -0.00127225439064, 0.000318372476613, -0.000257360283285, -0.000983473844826, 0.00121433474123, -0.000956379633863, 0.000609615060966], [-0.000317324971547, -0.0005116147222, -0.00131486286409, 0.00500681996346, -0.00115374138113, -0.000885595218278, 0.000597978825681, 0.000460987153929, -0.00215538730845, 0.000643842155114, -3.06576839648e-005, 0.00108813866973, -0.0018270611763], [0.000423253630288, -0.000235788407736, 0.000219851979637, -0.00115374138113, 0.00925707351416, -0.00377564784139, 0.00152529566549, 0.0014225471532, -0.00266189943068, -0.00088769098511, 0.00224864901975, -0.0019627972506, -0.00112508179154], [-0.000605488312431, 0.000634152907878, 8.40424181661e-005, -0.000885595218278, -0.00377564784139, 0.0108429193497, -0.00507046002895, -0.000184609438293, 0.00214347871952, -0.00084532040637, -0.000618676654994, -0.000431324035162, 0.00241395109333], [0.000345567183103, -0.000883757951669, -0.00127225439064, 0.000597978825681, 0.00152529566549, -0.00507046002895, 0.0119176115841, -0.00555172562599, 0.00177363457624, -0.000602068146691, 0.000651434122119, -0.00164044334088, 0.00109443219844], [-0.000440577772679, -0.000398022093577, 0.000318372476613, 0.000460987153929, 0.0014225471532, -0.000184609438293, -0.00555172562599, 0.0155832841992, -0.00650185486302, 0.00140691397246, -0.00182590074837, 0.00124342017807, -0.00262765935622], [-8.59458814375e-005, -0.000190912178368, -0.000257360283285, -0.00215538730845, -0.00266189943068, 0.00214347871952, 0.00177363457624, -0.00650185486302, 0.0195968654007, -0.0110067967325, 0.00335908541456, -0.000890680355951, 0.00311949686147], [-0.000199394533411, 0.000243367598159, -0.000983473844826, 0.000643842155114, -0.00088769098511, -0.00084532040637, -0.000602068146691, 0.00140691397246, -0.0110067967325, 0.0193577352911, -0.0106033086777, 0.00417434377596, -0.0033019518014], [0.000125492777443, -0.00107438059058, 0.00121433474123, -3.06576839648e-005, 0.00224864901975, -0.000618676654994, 0.000651434122119, -0.00182590074837, 0.00335908541456, -0.0106033086777, 0.0243035424501, -0.0120989335701, 0.00439753755927], [-9.79297037702e-005, 0.000511124439072, -0.000956379633863, 0.00108813866973, -0.0019627972506, -0.000431324035162, -0.00164044334088, 0.00124342017807, -0.000890680355951, 0.00417434377596, -0.0120989335701, 0.0256289020181, -0.0110513800755], [7.40108371247e-005, -0.000197294415557, 0.000609615060966, -0.0018270611763, -0.00112508179154, 0.00241395109333, 0.00109443219844, -0.00262765935622, 0.00311949686147, -0.0033019518014, 0.00439753755927, -0.0110513800755, 0.0201557464898]]
    sccoeffs:
        dmean: [0.0525664910674, 0.0488829314709, 0.0389792248607, 0.0296616405249, 0.022412147373, 0.0174049977213]
        dmean2: [0.0866355746984, 0.0802005976439, 0.064213052392, 0.0489864237607, 0.0365141443908, 0.0274756047875]
        dvar: [0.00190740660764, 0.00148526101839, 0.000931397313252, 0.00056486018002, 0.000352636445314, 0.000263841124251]
        dvar2: [0.00505119748414, 0.00395225733519, 0.00251290295273, 0.00144584511872, 0.000844123249408, 0.000589069502894]
        max: [-0.304872095585, -0.420670092106, -0.55372774601, -0.551681756973, -0.570904433727, -0.587160825729]
        mean: [-0.662429153919, -0.755160629749, -0.784074485302, -0.795006930828, -0.779714941978, -0.72526705265]
        median: [-0.672359526157, -0.760334312916, -0.788746416569, -0.799978017807, -0.78339445591, -0.721592187881]
        min: [-0.979287803173, -0.953767716885, -0.96481269598, -0.97014695406, -0.957767486572, -0.960527956486]
        var: [0.00655144266784, 0.00406560860574, 0.00278845848516, 0.00179424753878, 0.00126153440215, 0.00129055406433]
    scvalleys:
        dmean: [0.391728788614, 0.351166218519, 0.305673807859, 0.252768725157, 0.2065307796, 0.235175251961]
        dmean2: [0.64578974247, 0.569157719612, 0.478539228439, 0.383878022432, 0.309509634972, 0.332934707403]
        dvar: [0.125084862113, 0.100870832801, 0.0840345099568, 0.066644012928, 0.0621742680669, 0.101955495775]
        dvar2: [0.286454796791, 0.224142000079, 0.161242306232, 0.109623864293, 0.0975154861808, 0.180487707257]
        max: [-5.07792472839, -4.67054748535, -5.25939702988, -5.60046815872, -5.61140871048, -7.75163316727]
        mean: [-6.98932027817, -6.46158409119, -6.85053062439, -6.94570446014, -6.76109218597, -9.6463470459]
        median: [-6.57126522064, -6.26462936401, -6.6619849205, -6.80105686188, -6.60434293747, -9.48090553284]
        min: [-27.4318141937, -27.3996334076, -27.4454231262, -26.8221530914, -27.2991905212, -27.2859306335]
        var: [1.57326197624, 0.834082484245, 0.802977025509, 0.653886973858, 0.589304208755, 0.784453094006]

rhythm:
    beats_loudness:
        dmean: 0.00256568333134
        dmean2: 0.00479117454961
        dvar: 2.90265234071e-006
        dvar2: 9.34741183301e-006
        max: 0.0136326430365
        mean: 0.00699999835342
        median: 0.00716029247269
        min: 0.000113083318865
        var: 5.70533120481e-006
    bpm: 98.9884185791
    bpm_confidence: 0
    first_peak_bpm: 99
    first_peak_spread: 0.0257879421115
    first_peak_weight: 0.960452020168
    onset_rate: 2.6884329319
    second_peak_bpm: 94
    second_peak_spread: 0.40000000596
    second_peak_weight: 0.00847457628697
    beats_loudness_band_ratio:
        dmean: [0.148634850979, 0.0604249238968, 0.0851576402783, 0.0816695764661, 0.115124635398, 0.0613295920193]
        dmean2: [0.279438853264, 0.107846066356, 0.152128696442, 0.150454983115, 0.201271384954, 0.103186845779]
        dvar: [0.0108475331217, 0.00329154753126, 0.00714398361742, 0.0105392076075, 0.0113513823599, 0.00335761136375]
        dvar2: [0.0347159393132, 0.00966979842633, 0.0206620804965, 0.0315950885415, 0.0327147357166, 0.0102000627667]
        max: [0.590931177139, 0.383400142193, 0.570854902267, 0.564226329327, 0.81430208683, 0.687515318394]
        mean: [0.225939646363, 0.0940884128213, 0.119625240564, 0.102228425443, 0.288443922997, 0.202033370733]
        median: [0.221063181758, 0.0821990743279, 0.0926825851202, 0.0688674673438, 0.261157393456, 0.196982994676]
        min: [1.69928898686e-005, 0.000802104594186, 0.0021511928644, 0.00240574683994, 0.0768038928509, 0.0137548362836]
        var: [0.01626707986, 0.00379830109887, 0.00835735723376, 0.00822274573147, 0.0140684992075, 0.0047043855302]
    beats_position: [0.638548731804, 1.27709746361, 1.92725622654, 2.56580495834, 3.21596360207, 3.85451245308, 4.48145103455, 5.10838985443, 5.72371864319, 6.33904743195, 6.94276618958, 7.5464849472, 8.15020370483, 8.75392246246, 9.35764122009, 9.96135997772, 10.5766887665, 11.1920175552, 11.7957363129, 12.3994560242, 13.0031747818, 13.6068935394, 14.2106122971, 14.8143310547, 15.4180498123, 16.0217685699, 16.6254863739, 17.2292060852, 17.8445339203, 18.4598636627, 19.0635814667, 19.667301178, 20.2710208893, 20.8747386932, 21.4784584045, 22.0821762085, 22.6858959198, 23.3012237549, 23.9165534973, 24.5202713013, 25.1239910126, 25.7277088165, 26.343038559, 26.9467563629, 27.5504760742, 28.1658039093, 28.7695236206, 29.3732414246, 29.9769611359, 30.5806789398, 31.1843986511, 31.7881164551, 32.391834259, 32.9955558777, 33.5992736816, 34.2029914856, 34.818321228, 35.4336509705, 36.0373687744, 36.6410865784, 37.244808197, 37.848526001, 38.4522438049, 39.0559616089, 39.6596832275, 40.2750091553, 40.8787307739, 41.4940567017, 42.0977783203, 42.7014961243, 43.3052139282, 43.9089317322, 44.5126533508, 45.1163711548, 45.7200889587, 46.3238105774, 46.9391365051, 47.5428581238, 48.1581840515, 48.7619056702, 49.3656234741, 49.9693412781, 50.573059082, 51.1767807007, 51.7804985046, 52.3842163086, 52.999546051, 53.603263855, 54.2069816589, 54.8223114014, 55.4260292053, 56.029750824, 56.6334686279, 57.2371864319, 57.8409042358, 58.4446258545, 59.0599517822, 59.6752815247, 60.2789993286, 60.8827209473, 61.4864387512, 62.0901565552, 62.6938781738, 63.2975959778, 63.9013137817, 64.5166397095, 65.1319732666, 65.7356872559, 66.3394088745, 66.9431304932, 67.5468444824, 68.1505661011, 68.7542877197, 69.358001709, 69.9733352661, 70.5886611938, 71.1923828125, 71.7960968018, 72.3998184204, 73.0035324097, 73.6072540283, 74.210975647, 74.8146896362, 75.4184112549, 76.0221328735, 76.6374588013, 77.252784729, 77.8565063477, 78.4602279663, 79.0639419556, 79.6676635742, 80.2713851929, 80.8750991821, 81.4788208008, 82.0941467285, 82.7094802856, 83.3131942749, 83.9169158936, 84.5206298828, 85.1243515015, 85.7280731201, 86.3317871094, 86.935508728, 87.5392303467, 88.1429443359, 88.7582778931, 89.3736038208, 89.9773254395, 90.5810394287, 91.1847610474, 91.788482666, 92.3921966553, 92.9959182739, 93.5996322632, 94.2149658203, 94.830291748, 95.4340133667, 96.037727356, 96.6414489746, 97.2451705933, 97.8488845825, 98.4526062012, 99.0563278198, 99.6600418091, 100.263763428, 100.867477417, 101.471199036, 102.086524963, 102.701858521, 103.305580139, 103.909294128, 104.513015747, 105.116729736, 105.732063293, 106.347389221, 106.95111084, 107.554824829, 108.158546448, 108.762268066, 109.365982056, 109.969703674, 110.573425293, 111.177139282, 111.780860901, 112.38457489, 112.988296509, 113.603622437, 114.218955994, 114.822669983, 115.426391602, 116.03011322, 116.633827209, 117.237548828, 117.841270447, 118.456596375, 119.071922302, 119.675643921, 120.27936554, 120.883079529, 121.486801147, 122.090522766, 122.694236755, 123.297958374, 123.913284302, 124.528617859, 125.132331848, 125.736053467, 126.339767456, 126.943489075, 127.547210693, 128.150924683, 128.754638672, 129.35836792, 129.962081909, 130.565795898, 131.181137085, 131.796463013, 132.400177002, 133.003890991, 133.607620239, 134.211334229, 134.815048218, 135.418777466, 136.022491455, 136.637817383, 137.253143311, 137.856872559, 138.460586548, 139.064300537, 139.668029785, 140.271743774, 140.875457764, 141.479187012, 142.082901001, 142.68661499, 143.301940918, 143.905670166, 144.520996094, 145.124710083, 145.728439331, 146.33215332, 146.93586731, 147.539596558, 148.143310547, 148.758636475, 149.373962402, 149.97769165, 150.58140564, 151.185119629, 151.788833618, 152.392562866, 152.996276855, 153.611602783, 154.226928711, 154.830657959, 155.434371948, 156.038085938, 156.641815186, 157.245529175, 157.849243164, 158.452972412, 159.056686401, 159.660400391, 160.264129639, 160.867843628, 161.471557617, 162.086883545, 162.702224731, 163.305938721, 163.921264648, 164.524978638, 165.117095947, 165.720809937, 166.324539185, 166.939865112, 167.543579102, 168.135681152, 168.751022339, 169.354736328, 169.970062256, 170.573776245, 171.177505493, 171.781219482, 172.384933472, 173.000274658, 173.615600586, 174.219314575, 174.811431885, 175.415145874, 176.018859863, 176.622589111, 177.226303101, 177.841629028, 178.456954956, 179.060684204, 179.664398193, 180.268112183, 180.88343811, 181.487167358, 182.090881348, 182.694595337, 183.298324585, 183.902038574, 184.505752563, 185.109481812, 185.724807739, 186.340133667, 186.943847656, 187.547576904, 188.151290894, 188.755004883, 189.358734131, 189.96244812, 190.566162109, 191.181488037, 191.796829224, 192.400543213, 193.004257202, 193.607971191, 194.200088501, 194.80380249, 195.419128418, 196.022857666, 196.649795532, 197.26512146, 197.857223511, 198.460952759, 199.064666748, 199.668380737, 200.272109985, 200.875823975, 201.479537964, 202.09487915, 202.710205078, 203.313919067, 203.917633057, 204.521362305, 205.125076294, 205.717178345, 206.332519531, 206.936233521, 207.53994751, 208.155273438, 208.770614624, 209.374328613, 209.978042603, 210.581771851, 211.18548584, 211.789199829, 212.392913818, 212.996643066, 213.600357056, 214.204071045, 214.807800293, 215.411514282]
