
metadata:
    version:
        essentia: "2.1-beta2"
    audio_properties:
        analysis_sample_rate: 44100
        bitrate: 320
        channels: 2
        equal_loudness: 1
        length: 226.142044067
        replay_gain: -15.1886024475
        downmix: "mix"
    tags:
        album: "Anything That Moves"
        artist: "Bobaflex"
        comment: "BigBlackMetal@KickassTorrents"
        date: "2015"
        genre: "Hard Rock"
        title: "A Spider In The Dark"
        tracknumber: "06/13"

configuration:
    average_loudness:
        compute: 1
        frameSize: 88200
        hopSize: 44100
        silentFrames: "noise"
        windowType: "hann"
    general:
        analysisSampleRate: 44100
        endTime: 2000
        equalLoudness: 1
        nequalLoudness: 0
        shortSound: 0
        startTime: 0
    lowlevel:
        compute: 1
        frameSize: 2048
        hopSize: 1024
        zeroPadding: 0
        silentFrames: "noise"
        windowType: "blackmanharris62"
        mfccStats: ["mean", "cov", "icov"]
        stats: ["mean", "var", "median", "min", "max", "dmean", "dmean2", "dvar", "dvar2"]
    panning:
        compute: 0
        frameSize: 8192
        hopSize: 2048
        zeroPadding: 8192
        silentFrames: "noise"
        windowType: "hann"
        stats: ["copy"]
    rhythm:
        compute: 1
        maxTempo: 208
        minTempo: 40
        method: "degara"
        stats: ["mean", "var", "median", "min", "max", "dmean", "dmean2", "dvar", "dvar2"]
    segmentation:
        compute: 0
        cpw: 5
        inc1: 300
        inc2: 50
        minimumSegmentsLength: 10
        size1: 1000
        size2: 600
    sfx:
        compute: 1
        stats: ["mean", "var", "median", "min", "max", "dmean", "dmean2", "dvar", "dvar2"]
    svm:
        compute: 0
    tonal:
        compute: 1
        frameSize: 4096
        hopSize: 2048
        zeroPadding: 0
        silentFrames: "noise"
        windowType: "blackmanharris62"
        stats: ["mean", "var", "median", "min", "max", "dmean", "dmean2", "dvar", "dvar2"]

lowlevel:
    average_loudness: 0.908964574337
    barkbands_kurtosis:
        dmean: 0.821094870567
        dmean2: 1.31585967541
        dvar: 5.27417039871
        dvar2: 13.3650751114
        max: 77.7996139526
        mean: 0.0387404151261
        median: -1.06196260452
        min: -1.93569326401
        var: 14.191245079
    barkbands_skewness:
        dmean: 0.330396741629
        dmean2: 0.508283555508
        dvar: 0.134549736977
        dvar2: 0.286901026964
        max: 8.3794260025
        mean: 0.0724110007286
        median: -0.05808769539
        min: -4.85892295837
        var: 0.99956882
    barkbands_spread:
        dmean: 4.38855218887
        dmean2: 6.89626121521
        dvar: 25.3324871063
        dvar2: 60.8610115051
        max: 72.5732803345
        mean: 30.5239715576
        median: 32.0951690674
        min: 0.685189962387
        var: 130.755950928
    dissonance:
        dmean: 0.0145873017609
        dmean2: 0.0247290860862
        dvar: 0.000353172043106
        dvar2: 0.00100454431958
        max: 0.500000059605
        mean: 0.473497182131
        median: 0.481885462999
        min: 0.186721891165
        var: 0.00076197378803
    hfc:
        dmean: 1.91891527176
        dmean2: 3.03507590294
        dvar: 7.49531269073
        dvar2: 18.8779792786
        max: 37.2690505981
        mean: 8.76125621796
        median: 8.67358493805
        min: 1.16826211922e-016
        var: 38.7295608521
    pitch:
        dmean: 751.445129395
        dmean2: 1436.40234375
        dvar: 1494669
        dvar2: 3681946
        max: 5689.03662109
        mean: 1214.05761719
        median: 348.089874268
        min: 58.1116409302
        var: 2098267.25
    pitch_instantaneous_confidence:
        dmean: 0.0742015764117
        dmean2: 0.121333539486
        dvar: 0.00418420881033
        dvar2: 0.0104923238978
        max: 0.925574660301
        mean: 0.40356105566
        median: 0.382236838341
        min: 0.0415200591087
        var: 0.0213133748621
    pitch_salience:
        dmean: 0.0519508048892
        dmean2: 0.085902236402
        dvar: 0.00243148580194
        dvar2: 0.00644355406985
        max: 0.925598859787
        mean: 0.62619972229
        median: 0.654201626778
        min: 0.130936175585
        var: 0.0126334792003
    silence_rate_20dB:
        dmean: 0
        dmean2: 0
        dvar: 0
        dvar2: 0
        max: 1
        mean: 1
        median: 1
        min: 1
        var: 0
    silence_rate_30dB:
        dmean: 0
        dmean2: 0
        dvar: 0
        dvar2: 0
        max: 1
        mean: 1
        median: 1
        min: 1
        var: 0
    silence_rate_60dB:
        dmean: 0.0410677604377
        dmean2: 0.0821439549327
        dvar: 0.0393793061376
        dvar2: 0.0891671925783
        max: 1
        mean: 0.294528275728
        median: 0
        min: 0
        var: 0.207810088992
    spectral_centroid:
        dmean: 210.279510498
        dmean2: 322.289642334
        dvar: 72096.8671875
        dvar2: 130478.328125
        max: 11204.2158203
        mean: 1655.5760498
        median: 1697.28417969
        min: 185.323898315
        var: 435193.46875
    spectral_complexity:
        dmean: 3.04024648666
        dmean2: 4.84464502335
        dvar: 10.6356487274
        dvar2: 25.4280471802
        max: 47
        mean: 17.2660923004
        median: 19
        min: 0
        var: 106.119049072
    spectral_crest:
        dmean: 1.76759696007
        dmean2: 2.89888358116
        dvar: 3.08209323883
        dvar2: 7.96016168594
        max: 24.0846996307
        mean: 7.2323589325
        median: 6.11647796631
        min: 2.18479084969
        var: 13.3757152557
    spectral_decrease:
        dmean: 2.0940170431e-010
        dmean2: 3.27080418305e-010
        dvar: 1.05909329886e-019
        dvar2: 2.59124718339e-019
        max: -4.58887385711e-029
        mean: -1.06172370895e-009
        median: -1.11747677778e-009
        min: -4.44755565709e-009
        var: 4.0478905286e-019
    spectral_energy:
        dmean: 0.000936874945182
        dmean2: 0.00146463315468
        dvar: 2.03340709959e-006
        dvar2: 5.00220221511e-006
        max: 0.018897973001
        mean: 0.00480185635388
        median: 0.00502418028191
        min: 1.08289711735e-020
        var: 8.48188119562e-006
    spectral_energyband_high:
        dmean: 0.000137167808134
        dmean2: 0.000229262848734
        dvar: 6.6481476324e-008
        dvar2: 1.76168327926e-007
        max: 0.0044728233479
        mean: 0.000335598684615
        median: 0.000271746481303
        min: 7.90916174393e-021
        var: 1.08929690157e-007
    spectral_energyband_low:
        dmean: 0.000164048673469
        dmean2: 0.000271435157629
        dvar: 1.08129512455e-007
        dvar2: 2.95048295129e-007
        max: 0.00387374148704
        mean: 0.000413418165408
        median: 0.000352653791197
        min: 5.27888268171e-023
        var: 1.6901140043e-007
    spectral_energyband_middle_high:
        dmean: 0.00055544130737
        dmean2: 0.000860510859638
        dvar: 4.46867261417e-007
        dvar2: 1.06554614376e-006
        max: 0.00991080328822
        mean: 0.00265912548639
        median: 0.00274325511418
        min: 1.66798224023e-021
        var: 3.46872911905e-006
    spectral_energyband_middle_low:
        dmean: 0.00053772382671
        dmean2: 0.000855459773447
        dvar: 8.51511572364e-007
        dvar2: 2.10884672924e-006
        max: 0.0113147804514
        mean: 0.00160602619871
        median: 0.00146583491005
        min: 2.50438649217e-022
        var: 1.48888307194e-006
    spectral_flatness_db:
        dmean: 0.0125587331131
        dmean2: 0.0193790215999
        dvar: 0.000176283647306
        dvar2: 0.000396496645408
        max: 0.415177047253
        mean: 0.158660113811
        median: 0.137150108814
        min: 0.0508206002414
        var: 0.00297026778571
    spectral_flux:
        dmean: 0.00613556802273
        dmean2: 0.00922609493136
        dvar: 5.36481456948e-005
        dvar2: 0.00011132065265
        max: 0.115006960928
        mean: 0.0368369370699
        median: 0.0389423444867
        min: 1.04062342077e-010
        var: 0.000331712944899
    spectral_kurtosis:
        dmean: 1.45331823826
        dmean2: 2.44148826599
        dvar: 5.97416734695
        dvar2: 16.8171920776
        max: 68.6902770996
        mean: 4.53905630112
        median: 3.51888155937
        min: -1.25415408611
        var: 25.6893482208
    spectral_rms:
        dmean: 0.000196191642317
        dmean2: 0.000299076345982
        dvar: 5.91658810833e-008
        dvar2: 1.36327017231e-007
        max: 0.00429383851588
        mean: 0.00201987288892
        median: 0.00221396470442
        min: 3.25036156844e-012
        var: 6.04854278663e-007
    spectral_rolloff:
        dmean: 281.430969238
        dmean2: 457.777801514
        dvar: 215890.53125
        dvar2: 422442.25
        max: 18755.4199219
        mean: 3053.13305664
        median: 3380.71289063
        min: 172.265625
        var: 1140894.375
    spectral_skewness:
        dmean: 0.18776461482
        dmean2: 0.301524311304
        dvar: 0.049611736089
        dvar2: 0.123175159097
        max: 6.58793449402
        mean: 1.42119765282
        median: 1.31739640236
        min: -0.329059958458
        var: 0.375212520361
    spectral_spread:
        dmean: 326485.6875
        dmean2: 467401.46875
        dvar: 298297262080
        dvar2: 349275750400
        max: 42510668
        mean: 4106548.75
        median: 4095270.25
        min: 1068013
        var: 1.43094185984e+012
    spectral_strongpeak:
        dmean: 0.547656178474
        dmean2: 0.945817351341
        dvar: 0.802872657776
        dvar2: 2.10666394234
        max: 11.3202924728
        mean: 0.867106616497
        median: 0.32893589139
        min: 5.71121316906e-010
        var: 1.45565569401
    zerocrossingrate:
        dmean: 0.00709251081571
        dmean2: 0.00845625530928
        dvar: 9.30405367399e-005
        dvar2: 0.000104717364593
        max: 0.4990234375
        mean: 0.0940910577774
        median: 0.09912109375
        min: 0.00927734375
        var: 0.000976407027338
    barkbands:
        dmean: [2.31209867252e-007, 6.3295745349e-005, 9.65109284152e-005, 0.000113489557407, 0.000251686171396, 0.000126939965412, 9.43476261455e-005, 9.46928630583e-005, 0.000117487201351, 0.000166443205671, 6.1263461248e-005, 6.99885931681e-005, 6.28769339528e-005, 5.94731100136e-005, 7.0998488809e-005, 0.000108540363726, 0.000146448146552, 0.000149487808812, 0.000257829320617, 0.000165568388184, 6.17706173216e-005, 2.94175642921e-005, 4.83704252474e-006, 1.36333085266e-006, 4.4846561309e-007, 2.12252206921e-008, 3.70798808325e-010]
        dmean2: [3.54645806055e-007, 0.000106480809336, 0.000160252195201, 0.000186091361684, 0.000399765907787, 0.00020819187921, 0.000157144051627, 0.000152793494635, 0.00018874106172, 0.000266786984866, 0.00010011705308, 0.000112444729893, 0.000102603371488, 9.68141685007e-005, 0.000112766261736, 0.000174658911419, 0.000239459157456, 0.000245373346843, 0.000421402190113, 0.000270810473012, 0.000104595557787, 4.87216530018e-005, 7.64486139815e-006, 1.99580063054e-006, 6.68605309784e-007, 3.22250173213e-008, 5.57276724766e-010]
        dvar: [4.13070483851e-013, 1.95048102114e-008, 4.18502352773e-008, 3.53371767403e-008, 4.52256415429e-007, 3.90296293062e-008, 2.79204961373e-008, 2.80611924808e-008, 3.6810163806e-008, 1.07799571936e-007, 1.20538601323e-008, 1.70274088163e-008, 1.24316494876e-008, 1.0275537754e-008, 1.49556154128e-008, 4.01026092334e-008, 4.77054129533e-008, 4.81285304943e-008, 1.43540958675e-007, 7.34223633003e-008, 1.30393420505e-008, 4.26403712339e-009, 8.18664372404e-011, 1.1456002813e-011, 6.84006833378e-013, 5.97315437129e-015, 4.66152619422e-019]
        dvar2: [9.13175026047e-013, 5.46993526029e-008, 1.15778689747e-007, 9.33975812245e-008, 1.12101508876e-006, 1.05302220277e-007, 7.4234741021e-008, 7.39621697221e-008, 9.40655908721e-008, 2.67200277904e-007, 3.19736948029e-008, 4.28337294522e-008, 3.25815499025e-008, 2.59723158536e-008, 3.69350878771e-008, 1.0212155388e-007, 1.23726351831e-007, 1.28922181375e-007, 3.71272165012e-007, 1.85392295293e-007, 3.5278937105e-008, 1.13178320049e-008, 1.89122051353e-010, 2.0345967966e-011, 1.45345486948e-012, 1.6085223431e-014, 9.24319740608e-019]
        max: [6.34279695078e-006, 0.00161661230959, 0.00244889920577, 0.00286813592538, 0.00778703670949, 0.00275523494929, 0.00257015181705, 0.00280833244324, 0.0043024350889, 0.00780814886093, 0.00214369432069, 0.00246682623401, 0.0015556528233, 0.00133185926825, 0.00227860477753, 0.00497974641621, 0.00373270222917, 0.00490552652627, 0.00490810442716, 0.00493481056765, 0.00147823162843, 0.00136496778578, 0.000166067664395, 9.8218821222e-005, 1.88943504327e-005, 4.21276672569e-006, 1.56404400542e-008]
        mean: [2.91734778557e-007, 0.00012188465189, 0.000196286040591, 0.000213980689296, 0.000410513050156, 0.000249059230555, 0.00015510902449, 0.000168501908774, 0.000226999894949, 0.000311115727527, 0.000111812907562, 0.000132698289235, 0.000114971218864, 0.000105940285721, 0.000138829884236, 0.000229982688325, 0.000338264886523, 0.000377771677449, 0.000628676265478, 0.000361476821126, 0.000128277693875, 6.40207290417e-005, 1.07203077278e-005, 3.45418538927e-006, 1.1849101611e-006, 4.46231318563e-008, 7.14752368403e-010]
        median: [5.21866176939e-008, 7.61546325521e-005, 0.000100445569842, 0.000123559802887, 0.000247234624112, 0.000174168890226, 8.95927078091e-005, 8.91455129022e-005, 0.000141842043377, 0.000143017779919, 5.71606360609e-005, 6.0543865402e-005, 4.90006023028e-005, 5.64999209018e-005, 7.36469373805e-005, 0.000133669833303, 0.000228983597481, 0.000268706993666, 0.000474422646221, 0.000254424725426, 9.82867204584e-005, 4.54987748526e-005, 6.71552197673e-006, 2.05249421015e-006, 7.58619989938e-007, 1.82877570865e-008, 2.73522288152e-010]
        min: [2.50186242126e-023, 1.36498101266e-023, 5.31067630054e-024, 1.34309580234e-023, 2.41611718517e-023, 4.02108562019e-023, 4.17376870176e-023, 3.7622313271e-023, 5.97732718987e-023, 2.57370414167e-023, 2.32676985241e-023, 4.3332564975e-023, 4.84867233833e-023, 7.57113355863e-023, 1.18008265032e-022, 1.32714525572e-022, 1.68723552027e-022, 1.11037574529e-022, 2.47261521387e-022, 3.24234327603e-022, 5.39377951525e-022, 5.98714276523e-022, 6.78579766258e-022, 8.57504678185e-022, 1.02497745023e-021, 1.6604547149e-021, 2.54152778015e-021]
        var: [5.53539961264e-013, 2.40785897887e-008, 6.35813819372e-008, 8.34390405657e-008, 4.71888796483e-007, 7.45926698187e-008, 4.66049172587e-008, 5.95277107607e-008, 8.62536140289e-008, 2.61494278675e-007, 2.80581780032e-008, 4.0607364582e-008, 2.8546621067e-008, 1.99327754302e-008, 3.69627741748e-008, 1.18617947464e-007, 1.40817064676e-007, 1.6290783833e-007, 4.11368972664e-007, 1.78986326205e-007, 1.81926100851e-008, 6.00580163379e-009, 2.19410767333e-010, 4.56783152969e-011, 2.4686229623e-012, 7.93451252374e-015, 1.46682076868e-018]
    frequency_bands:
        dmean: [2.31209867252e-007, 6.3295745349e-005, 9.65109284152e-005, 0.000113489557407, 0.000251686171396, 0.000126939965412, 9.43476261455e-005, 9.46928630583e-005, 0.000117487201351, 0.000166443205671, 6.1263461248e-005, 6.99885931681e-005, 6.28769339528e-005, 5.94731100136e-005, 7.0998488809e-005, 0.000108540363726, 0.000146448146552, 0.000149487808812, 0.000257829320617, 0.000165568388184, 6.17706173216e-005, 2.94175642921e-005, 4.83704252474e-006, 1.36333085266e-006, 4.4846561309e-007, 2.12252206921e-008, 3.70798808325e-010, 5.2137669182e-011]
        dmean2: [3.54645806055e-007, 0.000106480809336, 0.000160252195201, 0.000186091361684, 0.000399765907787, 0.00020819187921, 0.000157144051627, 0.000152793494635, 0.00018874106172, 0.000266786984866, 0.00010011705308, 0.000112444729893, 0.000102603371488, 9.68141685007e-005, 0.000112766261736, 0.000174658911419, 0.000239459157456, 0.000245373346843, 0.000421402190113, 0.000270810473012, 0.000104595557787, 4.87216530018e-005, 7.64486139815e-006, 1.99580063054e-006, 6.68605309784e-007, 3.22250173213e-008, 5.57276724766e-010, 9.60959922747e-011]
        dvar: [4.13070483851e-013, 1.95048102114e-008, 4.18502352773e-008, 3.53371767403e-008, 4.52256415429e-007, 3.90296293062e-008, 2.79204961373e-008, 2.80611924808e-008, 3.6810163806e-008, 1.07799571936e-007, 1.20538601323e-008, 1.70274088163e-008, 1.24316494876e-008, 1.0275537754e-008, 1.49556154128e-008, 4.01026092334e-008, 4.77054129533e-008, 4.81285304943e-008, 1.43540958675e-007, 7.34223633003e-008, 1.30393420505e-008, 4.26403712339e-009, 8.18664372404e-011, 1.1456002813e-011, 6.84006833378e-013, 5.97315437129e-015, 4.66152619422e-019, 5.78300060812e-021]
        dvar2: [9.13175026047e-013, 5.46993526029e-008, 1.15778689747e-007, 9.33975812245e-008, 1.12101508876e-006, 1.05302220277e-007, 7.4234741021e-008, 7.39621697221e-008, 9.40655908721e-008, 2.67200277904e-007, 3.19736948029e-008, 4.28337294522e-008, 3.25815499025e-008, 2.59723158536e-008, 3.69350878771e-008, 1.0212155388e-007, 1.23726351831e-007, 1.28922181375e-007, 3.71272165012e-007, 1.85392295293e-007, 3.5278937105e-008, 1.13178320049e-008, 1.89122051353e-010, 2.0345967966e-011, 1.45345486948e-012, 1.6085223431e-014, 9.24319740608e-019, 1.82794071457e-020]
        max: [6.34279695078e-006, 0.00161661230959, 0.00244889920577, 0.00286813592538, 0.00778703670949, 0.00275523494929, 0.00257015181705, 0.00280833244324, 0.0043024350889, 0.00780814886093, 0.00214369432069, 0.00246682623401, 0.0015556528233, 0.00133185926825, 0.00227860477753, 0.00497974641621, 0.00373270222917, 0.00490552652627, 0.00490810442716, 0.00493481056765, 0.00147823162843, 0.00136496778578, 0.000166067664395, 9.8218821222e-005, 1.88943504327e-005, 4.21276672569e-006, 1.56404400542e-008, 7.31265603626e-010]
        mean: [2.91734778557e-007, 0.00012188465189, 0.000196286040591, 0.000213980689296, 0.000410513050156, 0.000249059230555, 0.00015510902449, 0.000168501908774, 0.000226999894949, 0.000311115727527, 0.000111812907562, 0.000132698289235, 0.000114971218864, 0.000105940285721, 0.000138829884236, 0.000229982688325, 0.000338264886523, 0.000377771677449, 0.000628676265478, 0.000361476821126, 0.000128277693875, 6.40207290417e-005, 1.07203077278e-005, 3.45418538927e-006, 1.1849101611e-006, 4.46231318563e-008, 7.14752368403e-010, 4.1407426099e-011]
        median: [5.21866176939e-008, 7.61546325521e-005, 0.000100445569842, 0.000123559802887, 0.000247234624112, 0.000174168890226, 8.95927078091e-005, 8.91455129022e-005, 0.000141842043377, 0.000143017779919, 5.71606360609e-005, 6.0543865402e-005, 4.90006023028e-005, 5.64999209018e-005, 7.36469373805e-005, 0.000133669833303, 0.000228983597481, 0.000268706993666, 0.000474422646221, 0.000254424725426, 9.82867204584e-005, 4.54987748526e-005, 6.71552197673e-006, 2.05249421015e-006, 7.58619989938e-007, 1.82877570865e-008, 2.73522288152e-010, 1.38107268677e-011]
        min: [2.50186242126e-023, 1.36498101266e-023, 5.31067630054e-024, 1.34309580234e-023, 2.41611718517e-023, 4.02108562019e-023, 4.17376870176e-023, 3.7622313271e-023, 5.97732718987e-023, 2.57370414167e-023, 2.32676985241e-023, 4.3332564975e-023, 4.84867233833e-023, 7.57113355863e-023, 1.18008265032e-022, 1.32714525572e-022, 1.68723552027e-022, 1.11037574529e-022, 2.47261521387e-022, 3.24234327603e-022, 5.39377951525e-022, 5.98714276523e-022, 6.78579766258e-022, 8.57504678185e-022, 1.02497745023e-021, 1.6604547149e-021, 2.54152778015e-021, 5.99914859712e-022]
        var: [5.53539961264e-013, 2.40785897887e-008, 6.35813819372e-008, 8.34390405657e-008, 4.71888796483e-007, 7.45926698187e-008, 4.66049172587e-008, 5.95277107607e-008, 8.62536140289e-008, 2.61494278675e-007, 2.80581780032e-008, 4.0607364582e-008, 2.8546621067e-008, 1.99327754302e-008, 3.69627741748e-008, 1.18617947464e-007, 1.40817064676e-007, 1.6290783833e-007, 4.11368972664e-007, 1.78986326205e-007, 1.81926100851e-008, 6.00580163379e-009, 2.19410767333e-010, 4.56783152969e-011, 2.4686229623e-012, 7.93451252374e-015, 1.46682076868e-018, 4.79259157287e-021]
    mfcc:
        mean: [-719.015441895, 105.402130127, -50.4266319275, 48.6840744019, -18.7110671997, -7.154774189, -2.68251132965, -0.458058387041, -1.60252821445, -5.97319507599, -5.03983306885, -10.0169706345, -6.04985761642]
        cov: [[9377.21679688, 67.2938461304, -770.425842285, 1168.07873535, -109.776565552, 369.554748535, 41.591178894, 344.94921875, 19.4021472931, 219.259338379, 504.208679199, 260.284362793, 460.76663208], [67.2938461304, 898.303283691, -13.636048317, -7.23479604721, 57.5480880737, -18.1088180542, 116.661407471, -36.392414093, -35.9015579224, -28.7937698364, -1.88092112541, 33.860660553, -36.3714675903], [-770.425842285, -13.636048317, 624.044616699, 3.21190786362, 132.626937866, 48.488117218, 59.9906616211, 37.0000762939, 4.31355619431, 17.1054840088, -15.4074449539, 38.8275642395, -18.2380714417], [1168.07873535, -7.23479604721, 3.21190786362, 470.190979004, 137.649993896, 72.4243774414, -2.72947120667, 34.6401863098, 40.1800193787, 28.3789405823, 22.9615020752, 33.6572418213, 75.3311767578], [-109.776565552, 57.5480880737, 132.626937866, 137.649993896, 243.784194946, 51.5739746094, 38.8479576111, 17.0386009216, 29.6664619446, 20.197479248, -18.6807956696, 10.9103631973, -6.34031009674], [369.554748535, -18.1088180542, 48.488117218, 72.4243774414, 51.5739746094, 158.111618042, 75.7795333862, 41.322517395, 1.5189011097, 16.3398799896, 36.1254692078, 17.6323699951, 0.639857292175], [41.591178894, 116.661407471, 59.9906616211, -2.72947120667, 38.8479576111, 75.7795333862, 180.427200317, 83.9236831665, 8.56514549255, 5.60583400726, 36.3740005493, 25.3078918457, -14.7240867615], [344.94921875, -36.392414093, 37.0000762939, 34.6401863098, 17.0386009216, 41.322517395, 83.9236831665, 162.034835815, 53.2323188782, 42.9041023254, 59.8421020508, 22.8342971802, 28.4859790802], [19.4021472931, -35.9015579224, 4.31355619431, 40.1800193787, 29.6664619446, 1.5189011097, 8.56514549255, 53.2323188782, 104.877044678, 49.7182998657, 1.23553419113, -9.88950920105, 6.39444112778], [219.259338379, -28.7937698364, 17.1054840088, 28.3789405823, 20.197479248, 16.3398799896, 5.60583400726, 42.9041023254, 49.7182998657, 109.007957458, 54.8836708069, 12.4572496414, 26.6406936646], [504.208679199, -1.88092112541, -15.4074449539, 22.9615020752, -18.6807956696, 36.1254692078, 36.3740005493, 59.8421020508, 1.23553419113, 54.8836708069, 134.493804932, 54.5342330933, 38.9849205017], [260.284362793, 33.860660553, 38.8275642395, 33.6572418213, 10.9103631973, 17.6323699951, 25.3078918457, 22.8342971802, -9.88950920105, 12.4572496414, 54.5342330933, 95.1194763184, 52.4285469055], [460.76663208, -36.3714675903, -18.2380714417, 75.3311767578, -6.34031009674, 0.639857292175, -14.7240867615, 28.4859790802, 6.39444112778, 26.6406936646, 38.9849205017, 52.4285469055, 124.094650269]]
        icov: [[0.000322117295582, -0.000135041147587, 0.000334506185027, -0.000744923774619, 0.000442833319539, -0.000565059250221, 0.000361761049135, -0.000563692126889, 0.000416951486841, -0.000200848400709, -0.000465642486233, -9.59354074439e-005, -0.000327937334077], [-0.000135041147587, 0.00150616792962, 4.92672224937e-005, 0.000194608161109, -0.000548021169379, 0.00112933921628, -0.0017690792447, 0.00116798141971, 6.45564869046e-005, 4.12982353737e-006, 0.000164578712429, -0.000580879452173, 0.000509625650011], [0.000334506185027, 4.92672224937e-005, 0.00239969044924, -0.000456782639958, -0.000621827028226, -0.000762894167565, 0.000164423807291, -0.00112012913451, 0.00103392626625, -0.00091361021623, 0.000595968856942, -0.00157824507914, 0.000273597601335], [-0.000744923774619, 0.000194608161109, -0.000456782639958, 0.00498886266723, -0.0028850978706, -0.000126639337395, 0.000205426185858, 0.00110816746019, -0.00192525296006, 0.00119198078755, 0.000725074613001, 0.000289285002509, -0.00115609704517], [0.000442833319539, -0.000548021169379, -0.000621827028226, -0.0028850978706, 0.00717429956421, -0.00173637818079, -0.000183342446689, -0.000491536105983, -0.000228361168411, -0.00171317427885, 0.00141772686038, -0.00108125898987, 0.000712695065886], [-0.000565059250221, 0.00112933921628, -0.000762894167565, -0.000126639337395, -0.00173637818079, 0.0108078056946, -0.00505299912766, 0.0015964206541, 0.000627379806247, -0.000302112777717, -0.00091555819381, 0.000525569717865, 0.00138149526902], [0.000361761049135, -0.0017690792447, 0.000164423807291, 0.000205426185858, -0.000183342446689, -0.00505299912766, 0.0123008843511, -0.00674670469016, 0.000930659240112, 0.00123412569519, -0.000659861601889, -0.0018374226056, 0.001733337529], [-0.000563692126889, 0.00116798141971, -0.00112012913451, 0.00110816746019, -0.000491536105983, 0.0015964206541, -0.00674670469016, 0.0141084380448, -0.00656091701239, 0.00108332571108, -0.00364468572661, 0.00169550126884, -0.00194028171245], [0.000416951486841, 6.45564869046e-005, 0.00103392626625, -0.00192525296006, -0.000228361168411, 0.000627379806247, 0.000930659240112, -0.00656091701239, 0.0173305496573, -0.00824255961925, 0.00416988739744, 0.000383643055102, 0.000797445769422], [-0.000200848400709, 4.12982353737e-006, -0.00091361021623, 0.00119198078755, -0.00171317427885, -0.000302112777717, 0.00123412569519, 0.00108332571108, -0.00824255961925, 0.0173175204545, -0.00803289283067, 0.00291064567864, -0.00229825987481], [-0.000465642486233, 0.000164578712429, 0.000595968856942, 0.000725074613001, 0.00141772686038, -0.00091555819381, -0.000659861601889, -0.00364468572661, 0.00416988739744, -0.00803289283067, 0.0171835962683, -0.00742402393371, 0.00150800775737], [-9.59354074439e-005, -0.000580879452173, -0.00157824507914, 0.000289285002509, -0.00108125898987, 0.000525569717865, -0.0018374226056, 0.00169550126884, 0.000383643055102, 0.00291064567864, -0.00742402393371, 0.0196920167655, -0.00751875946298], [-0.000327937334077, 0.000509625650011, 0.000273597601335, -0.00115609704517, 0.000712695065886, 0.00138149526902, 0.001733337529, -0.00194028171245, 0.000797445769422, -0.00229825987481, 0.00150800775737, -0.00751875946298, 0.0140028754249]]
    sccoeffs:
        dmean: [0.0469741895795, 0.043703764677, 0.0371525213122, 0.0286331456155, 0.0209180302918, 0.0165564678609]
        dmean2: [0.0772906541824, 0.0720331519842, 0.0610571540892, 0.0466802641749, 0.0338734947145, 0.0260568391532]
        dvar: [0.00157218729146, 0.00123593222816, 0.000872047501616, 0.000542300753295, 0.000308244168991, 0.000259647757048]
        dvar2: [0.00413624383509, 0.00329343578778, 0.00232122396119, 0.00138038047589, 0.000769994745497, 0.000598743616138]
        max: [-0.261028885841, -0.382002204657, -0.443427473307, -0.550917625427, -0.606223106384, -0.573336005211]
        mean: [-0.637540519238, -0.748291671276, -0.762209296227, -0.774668633938, -0.774632275105, -0.734268605709]
        median: [-0.657277226448, -0.756623744965, -0.769696950912, -0.781144857407, -0.775153815746, -0.732124209404]
        min: [-0.95956236124, -0.971288859844, -0.964074134827, -0.980279803276, -0.978294789791, -0.960990488529]
        var: [0.00997676514089, 0.00517810834572, 0.00369092333131, 0.00299592316151, 0.0016733816592, 0.00149740325287]
    scvalleys:
        dmean: [0.380121648312, 0.321373045444, 0.273164361715, 0.235150128603, 0.204195290804, 0.215217649937]
        dmean2: [0.613024771214, 0.527549564838, 0.44564640522, 0.36593708396, 0.312247544527, 0.29136672616]
        dvar: [0.135379359126, 0.0953884422779, 0.0726368203759, 0.0689083859324, 0.0736514180899, 0.0953869596124]
        dvar2: [0.283988028765, 0.192995414138, 0.134140744805, 0.105705805123, 0.106813050807, 0.138047918677]
        max: [-5.15211772919, -4.6288728714, -5.28808116913, -5.71010637283, -5.46485948563, -7.81947469711]
        mean: [-7.32414388657, -6.74343442917, -7.0549864769, -7.39886903763, -7.28766441345, -10.1077623367]
        median: [-6.63201332092, -6.35631752014, -6.69887304306, -6.97135257721, -6.72779512405, -9.54002761841]
        min: [-27.4198226929, -27.1653938293, -27.2969074249, -27.2865219116, -27.3404178619, -27.3091030121]
        var: [2.52509307861, 1.46301937103, 1.38478302956, 1.77032065392, 2.06436634064, 2.44135260582]

rhythm:
    beats_loudness:
        dmean: 0.00212557357736
        dmean2: 0.0037638482172
        dvar: 3.48131561623e-006
        dvar2: 9.16104818316e-006
        max: 0.0137850791216
        mean: 0.00580129213631
        median: 0.00591306528077
        min: 6.39595182372e-011
        var: 1.00892666524e-005
    bpm: 172.26524353
    bpm_confidence: 0
    first_peak_bpm: 172
    first_peak_spread: 0
    first_peak_weight: 0.575235128403
    onset_rate: 2.27290773392
    second_peak_bpm: 167
    second_peak_spread: 0
    second_peak_weight: 0.405956119299
    beats_loudness_band_ratio:
        dmean: [0.147952035069, 0.121755793691, 0.10777053237, 0.0901563167572, 0.109691224992, 0.0988501757383]
        dmean2: [0.264396876097, 0.211160734296, 0.184056386352, 0.152773842216, 0.192805200815, 0.172435984015]
        dvar: [0.0151631701738, 0.0117304306477, 0.0153501816094, 0.0119734853506, 0.00988790020347, 0.010950374417]
        dvar2: [0.0391572229564, 0.0319219529629, 0.0433423481882, 0.0326086394489, 0.027555372566, 0.0331037864089]
        max: [0.850822627544, 0.7576623559, 0.90345788002, 0.842645406723, 0.758530974388, 0.89403128624]
        mean: [0.219405293465, 0.166537702084, 0.157054722309, 0.127105757594, 0.226598873734, 0.193039864302]
        median: [0.171804010868, 0.122151017189, 0.111281298101, 0.0885950475931, 0.206349641085, 0.184325307608]
        min: [0, 0, 0, 0, 0, 0]
        var: [0.0273328870535, 0.0177940372378, 0.0198908932507, 0.0148149365559, 0.0167103502899, 0.0142116574571]
    beats_position: [0.371519267559, 0.754648506641, 1.13777780533, 1.52090704441, 1.90403628349, 2.27555561066, 2.6470746994, 3.00698399544, 3.36689329147, 3.72680258751, 4.08671188354, 4.446621418, 4.80653047562, 5.17804956436, 5.54956912994, 5.89786815643, 6.24616765976, 6.59446716309, 6.94276618958, 7.2910656929, 7.63936471939, 7.99927425385, 8.35918331146, 8.70748329163, 9.05578231812, 9.4040813446, 9.75238037109, 10.1122903824, 10.4605894089, 10.8088884354, 11.1687984467, 11.5287075043, 11.8886165619, 12.2369155884, 12.5852155685, 12.9451246262, 13.3050336838, 13.6533327103, 14.0016326904, 14.3499317169, 14.6982307434, 15.0465307236, 15.4064397812, 15.7663488388, 16.114648819, 16.4629478455, 16.8228569031, 17.1827659607, 17.5426750183, 17.9025840759, 18.2508831024, 18.5991840363, 18.9474830627, 19.2957820892, 19.6556911469, 20.0039901733, 20.3522891998, 20.7121982574, 21.0604991913, 21.4087982178, 21.7570972443, 22.1170063019, 22.4769153595, 22.825214386, 23.1851234436, 23.5450344086, 23.8933334351, 24.2416324615, 24.589931488, 24.9382305145, 25.286529541, 25.6348285675, 25.9831295013, 26.3314285278, 26.6913375854, 27.0512466431, 27.3995456696, 27.7594547272, 28.1077537537, 28.4560546875, 28.8159637451, 29.1758728027, 29.5241718292, 29.8840808868, 30.2323799133, 30.5922889709, 30.9521980286, 31.3121089935, 31.6720180511, 32.0203170776, 32.3686180115, 32.7169151306, 33.0652160645, 33.4135131836, 33.7734222412, 34.121723175, 34.4700202942, 34.818321228, 35.1782302856, 35.5381393433, 35.8980484009, 36.2463493347, 36.6062583923, 36.96616745, 37.3144645691, 37.6511573792, 37.9878463745, 38.3361434937, 38.6960525513, 39.0559616089, 39.4158706665, 39.7757797241, 40.124080658, 40.4723815918, 40.8206787109, 41.1805877686, 41.5404968262, 41.88879776, 42.2370948792, 42.585395813, 42.9453048706, 43.3052139282, 43.6535148621, 44.0018119812, 44.350112915, 44.7100219727, 45.0699310303, 45.4182319641, 45.7665290833, 46.1264381409, 46.4863471985, 46.8346481323, 47.1829452515, 47.5312461853, 47.8795471191, 48.2278442383, 48.5761451721, 48.9244422913, 49.2843513489, 49.6442604065, 50.0041732788, 50.3640823364, 50.7123794556, 51.0606803894, 51.420589447, 51.7688865662, 52.1171875, 52.4654884338, 52.8253974915, 53.1736946106, 53.5219955444, 53.8702926636, 54.2302017212, 54.5901107788, 54.9384117126, 55.2867126465, 55.6466217041, 56.0065307617, 56.3548278809, 56.7031288147, 57.0514259338, 57.3997268677, 57.7480278015, 58.1079368591, 58.4562339783, 58.8161430359, 59.1644439697, 59.5243530273, 59.8726501465, 60.2325630188, 60.5808601379, 60.9291610718, 61.2890701294, 61.6373672485, 61.9972763062, 62.3571853638, 62.7170982361, 63.0653953552, 63.4136962891, 63.7619934082, 64.1102905273, 64.4585952759, 64.8185043335, 65.1784133911, 65.5383224487, 65.8982315063, 66.2465286255, 66.5948257446, 66.9431304932, 67.2914276123, 67.6513366699, 68.0112457275, 68.3595428467, 68.7078475952, 69.0561447144, 69.4044418335, 69.7643508911, 70.1242599487, 70.4725646973, 70.8208618164, 71.1691589355, 71.5174560547, 71.8773651123, 72.2372741699, 72.5855789185, 72.9338760376, 73.2937850952, 73.6536941528, 74.001991272, 74.3502960205, 74.6985931396, 75.0468902588, 75.3951950073, 75.7551040649, 76.1034011841, 76.4633102417, 76.8232192993, 77.1831283569, 77.5314254761, 77.8797302246, 78.2280273438, 78.5763244629, 78.9362335205, 79.2961425781, 79.6560516357, 80.0043487549, 80.3642578125, 80.712562561, 81.0608596802, 81.4091567993, 81.7574615479, 82.1173706055, 82.4772796631, 82.8255767822, 83.1738739014, 83.5221786499, 83.870475769, 84.2187728882, 84.5786819458, 84.9385910034, 85.298500061, 85.6468048096, 86.0067138672, 86.3550109863, 86.7033081055, 87.0516052246, 87.4115142822, 87.7714233398, 88.1197280884, 88.4680252075, 88.8279342651, 89.1878433228, 89.5361404419, 89.8844451904, 90.2327423096, 90.5810394287, 90.9409484863, 91.3008575439, 91.6491622925, 91.9974594116, 92.3457565308, 92.7056655884, 93.065574646, 93.4138793945, 93.7621765137, 94.1104736328, 94.4703826904, 94.830291748, 95.1785888672, 95.5268936157, 95.8751907349, 96.2350997925, 96.5833969116, 96.9317016602, 97.2916107178, 97.6399078369, 97.9998168945, 98.3597259521, 98.7080230713, 99.0563278198, 99.404624939, 99.7645339966, 100.112831116, 100.472740173, 100.821044922, 101.169342041, 101.51763916, 101.877548218, 102.237457275, 102.597366333, 102.957275391, 103.305580139, 103.653877258, 104.002174377, 104.350471497, 104.698776245, 105.058685303, 105.41859436, 105.766891479, 106.115188599, 106.475097656, 106.823402405, 107.171699524, 107.531608582, 107.879905701, 108.239814758, 108.599723816, 108.948028564, 109.296325684, 109.644622803, 109.992919922, 110.352828979, 110.712738037, 111.061042786, 111.409339905, 111.769248962, 112.12915802, 112.477455139, 112.825759888, 113.174057007, 113.533966064, 113.893875122, 114.242172241, 114.59047699, 114.938774109, 115.287071228, 115.646980286, 116.006889343, 116.355194092, 116.703491211, 117.063400269, 117.423309326, 117.771606445, 118.119903564, 118.468208313, 118.816505432, 119.17641449, 119.524711609, 119.884620667, 120.232925415, 120.581222534, 120.929519653, 121.289428711, 121.649337769, 121.997642517, 122.345939636, 122.705848694, 123.065757751, 123.414054871, 123.762359619, 124.110656738, 124.470565796, 124.830474854, 125.178771973, 125.527069092, 125.87537384, 126.235282898, 126.595191956, 126.943489075, 127.291786194, 127.66330719, 128.011611938, 128.359909058, 128.708206177, 129.056503296, 129.404800415, 129.764709473, 130.12461853, 130.472915649, 130.821228027, 131.169525146, 131.529434204, 131.877731323, 132.226028442, 132.5859375, 132.934234619, 133.282531738, 133.642440796, 134.002349854, 134.350662231, 134.710571289, 135.070480347, 135.418777466, 135.767074585, 136.115371704, 136.463668823, 136.823577881, 137.183486938, 137.531784058, 137.880081177, 138.228393555, 138.588302612, 138.94821167, 139.296508789, 139.644805908, 139.993103027, 140.341400146, 140.701309204, 141.061218262, 141.409515381, 141.769424438, 142.129333496, 142.477645874, 142.825942993, 143.174240112, 143.522537231, 143.882446289, 144.242355347, 144.590652466, 144.938949585, 145.287246704, 145.647155762, 146.007064819, 146.355377197, 146.703674316, 147.063583374, 147.423492432, 147.771789551, 148.12008667, 148.468383789, 148.816680908, 149.176589966, 149.536499023, 149.884811401, 150.233108521, 150.58140564, 150.941314697, 151.301223755, 151.649520874, 151.997817993, 152.357727051, 152.70602417, 153.054321289, 153.414230347, 153.762542725, 154.122451782, 154.48236084, 154.830657959, 155.178955078, 155.527252197, 155.887161255, 156.247070313, 156.595367432, 156.943664551, 157.303573608, 157.640274048, 157.988571167, 158.348480225, 158.708389282, 159.06829834, 159.428207397, 159.776504517, 160.124801636, 160.473098755, 160.821395874, 161.169708252, 161.52961731, 161.877914429, 162.237823486, 162.586120605, 162.934417725, 163.282714844, 163.642623901, 164.002532959, 164.350830078, 164.699142456, 165.047439575, 165.395736694, 165.744033813, 166.103942871, 166.463851929, 166.823760986, 167.183670044, 167.531967163, 167.880264282, 168.228561401, 168.576873779, 168.936782837, 169.296691895, 169.644989014, 170.004898071, 170.35319519, 170.713104248, 171.061401367, 171.409698486, 171.757995605, 172.117904663, 172.477813721, 172.826126099, 173.174423218, 173.522720337, 173.871017456, 174.219314575, 174.579223633, 174.927520752, 175.28742981, 175.647338867, 175.995635986, 176.343948364, 176.692245483, 177.040542603, 177.40045166, 177.760360718, 178.120269775, 178.468566895, 178.828475952, 179.18838501, 179.536682129, 179.884979248, 180.233291626, 180.581588745, 180.929885864, 181.289794922, 181.649703979, 181.998001099, 182.357910156, 182.717819214, 183.066116333, 183.414413452, 183.762710571, 184.122619629, 184.470932007, 184.819229126, 185.179138184, 185.527435303, 185.875732422, 186.235641479, 186.595550537, 186.943847656, 187.292144775, 187.652053833, 188.011962891, 188.360275269, 188.708572388, 189.056869507, 189.405166626, 189.765075684, 190.124984741, 190.47328186, 190.821578979, 191.169876099, 191.518188477, 191.866485596, 192.226394653, 192.586303711, 192.93460083, 193.282897949, 193.631195068, 193.979492188, 194.339401245, 194.699310303, 195.05921936, 195.419128418, 195.767440796, 196.127349854, 196.487258911, 196.83555603, 197.183853149, 197.532150269, 197.880447388, 198.240356445, 198.600265503, 198.948562622, 199.296859741, 199.645172119, 199.993469238, 200.353378296, 200.713287354, 201.073196411, 201.42149353, 201.781402588, 202.129699707, 202.477996826, 202.826293945, 203.174606323, 203.522903442, 203.871200562, 204.231109619, 204.591018677, 204.939315796, 205.299224854, 205.659133911, 206.00743103, 206.355728149, 206.704025269, 207.052337646, 207.412246704, 207.772155762, 208.120452881, 208.46875, 208.817047119, 209.176956177, 209.536865234, 209.885162354, 210.233459473, 210.59336853, 210.953277588, 211.301589966, 211.649887085, 211.998184204, 212.358093262, 212.718002319, 213.066299438, 213.414596558, 213.762893677, 214.111190796, 214.471099854, 214.831008911, 215.179321289, 215.527618408, 215.887527466, 216.247436523, 216.595733643, 216.944030762, 217.292327881, 217.640625, 217.988937378, 218.348846436, 218.708755493, 219.057052612, 219.405349731, 219.765258789, 220.125167847, 220.473464966, 220.821762085, 221.170059204, 221.529968262, 221.889877319, 222.238174438, 222.586486816, 222.946395874, 223.306304932, 223.666213989, 224.026123047, 224.386032104, 224.745941162, 225.094238281, 225.454147339, 225.814056396]
