
metadata:
    version:
        essentia: "2.1-beta2"
    audio_properties:
        analysis_sample_rate: 44100
        bitrate: 320
        channels: 2
        equal_loudness: 1
        length: 404.244903564
        replay_gain: -13.6385879517
        downmix: "mix"
    tags:
        album: "Twilight Of The Thunder God"
        artist: "Amon Amarth"
        comment: ""
        date: "2008"
        genre: "Melodic Death Metal"
        title: "Embrace The Endless Ocean"
        tracknumber: "10"

configuration:
    average_loudness:
        compute: 1
        frameSize: 88200
        hopSize: 44100
        silentFrames: "noise"
        windowType: "hann"
    general:
        analysisSampleRate: 44100
        endTime: 2000
        equalLoudness: 1
        nequalLoudness: 0
        shortSound: 0
        startTime: 0
    lowlevel:
        compute: 1
        frameSize: 2048
        hopSize: 1024
        zeroPadding: 0
        silentFrames: "noise"
        windowType: "blackmanharris62"
        mfccStats: ["mean", "cov", "icov"]
        stats: ["mean", "var", "median", "min", "max", "dmean", "dmean2", "dvar", "dvar2"]
    panning:
        compute: 0
        frameSize: 8192
        hopSize: 2048
        zeroPadding: 8192
        silentFrames: "noise"
        windowType: "hann"
        stats: ["copy"]
    rhythm:
        compute: 1
        maxTempo: 208
        minTempo: 40
        method: "degara"
        stats: ["mean", "var", "median", "min", "max", "dmean", "dmean2", "dvar", "dvar2"]
    segmentation:
        compute: 0
        cpw: 5
        inc1: 300
        inc2: 50
        minimumSegmentsLength: 10
        size1: 1000
        size2: 600
    sfx:
        compute: 1
        stats: ["mean", "var", "median", "min", "max", "dmean", "dmean2", "dvar", "dvar2"]
    svm:
        compute: 0
    tonal:
        compute: 1
        frameSize: 4096
        hopSize: 2048
        zeroPadding: 0
        silentFrames: "noise"
        windowType: "blackmanharris62"
        stats: ["mean", "var", "median", "min", "max", "dmean", "dmean2", "dvar", "dvar2"]

lowlevel:
    average_loudness: 0.829711437225
    barkbands_kurtosis:
        dmean: 0.312252819538
        dmean2: 0.515696942806
        dvar: 0.240166842937
        dvar2: 0.560970842838
        max: 14.1074676514
        mean: -0.949825167656
        median: -1.25084495544
        min: -1.81576323509
        var: 1.23064661026
    barkbands_skewness:
        dmean: 0.267624408007
        dmean2: 0.429667502642
        dvar: 0.0624801702797
        dvar2: 0.149846240878
        max: 3.7400932312
        mean: -0.152147248387
        median: -0.132778555155
        min: -2.23499894142
        var: 0.331412255764
    barkbands_spread:
        dmean: 4.81314659119
        dmean2: 7.9162402153
        dvar: 19.4056167603
        dvar2: 49.655456543
        max: 64.2461776733
        mean: 34.4932060242
        median: 34.0125656128
        min: 10.7467784882
        var: 51.3756904602
    dissonance:
        dmean: 0.0101602319628
        dmean2: 0.0173894520849
        dvar: 8.88088616193e-005
        dvar2: 0.00024919534917
        max: 0.500000119209
        mean: 0.482940346003
        median: 0.485353529453
        min: 0.219399303198
        var: 0.000143213706906
    hfc:
        dmean: 1.6545265913
        dmean2: 2.74998617172
        dvar: 4.22666931152
        dvar2: 11.2499790192
        max: 29.688419342
        mean: 8.59398269653
        median: 8.67043209076
        min: 1.03949451621e-016
        var: 22.9592227936
    pitch:
        dmean: 643.077514648
        dmean2: 1240.36938477
        dvar: 1305599
        dvar2: 3508971.25
        max: 4594.05664063
        mean: 748.664794922
        median: 248.92376709
        min: 61.0730781555
        var: 1286227.75
    pitch_instantaneous_confidence:
        dmean: 0.0616793371737
        dmean2: 0.101860933006
        dvar: 0.00276977289468
        dvar2: 0.00701733445749
        max: 0.803369164467
        mean: 0.281258314848
        median: 0.264002025127
        min: 0.0849038362503
        var: 0.00943281687796
    pitch_salience:
        dmean: 0.0457056686282
        dmean2: 0.0768488869071
        dvar: 0.00171935686376
        dvar2: 0.00474119745195
        max: 0.972091853619
        mean: 0.698065042496
        median: 0.704809367657
        min: 0.171008005738
        var: 0.00409787893295
    silence_rate_20dB:
        dmean: 0
        dmean2: 0
        dvar: 0
        dvar2: 0
        max: 1
        mean: 1
        median: 1
        min: 1
        var: 0
    silence_rate_30dB:
        dmean: 0
        dmean2: 0
        dvar: 0
        dvar2: 0
        max: 1
        mean: 1
        median: 1
        min: 1
        var: 0
    silence_rate_60dB:
        dmean: 0.0367604829371
        dmean2: 0.0735251903534
        dvar: 0.0354022346437
        dvar2: 0.0843058973551
        max: 1
        mean: 0.231060817838
        median: 0
        min: 0
        var: 0.177644714713
    spectral_centroid:
        dmean: 210.921783447
        dmean2: 347.217010498
        dvar: 41985.9414063
        dvar2: 101608.46875
        max: 12217.6542969
        mean: 2159.08666992
        median: 1753.1472168
        min: 310.491333008
        var: 4006821
    spectral_complexity:
        dmean: 3.53520965576
        dmean2: 5.7582859993
        dvar: 11.634106636
        dvar2: 28.9543914795
        max: 47
        mean: 20.154384613
        median: 22
        min: 0
        var: 108.545295715
    spectral_crest:
        dmean: 1.27427315712
        dmean2: 2.12695193291
        dvar: 1.56586229801
        dvar2: 3.95114541054
        max: 21.0592556
        mean: 4.94237041473
        median: 4.4685959816
        min: 2.20705318451
        var: 3.3013381958
    spectral_decrease:
        dmean: 2.28201124663e-010
        dmean2: 3.82766596196e-010
        dvar: 1.12495542256e-019
        dvar2: 3.04938814499e-019
        max: 2.5005971064e-028
        mean: -1.12635556437e-009
        median: -1.09704667572e-009
        min: -4.44922942933e-009
        var: 3.9869896145e-019
    spectral_energy:
        dmean: 0.000979177537374
        dmean2: 0.00163782038726
        dvar: 2.01229363483e-006
        dvar2: 5.43410760656e-006
        max: 0.0190844759345
        mean: 0.0050306157209
        median: 0.0049176258035
        min: 9.76045092376e-021
        var: 7.77884724812e-006
    spectral_energyband_high:
        dmean: 0.000153042070451
        dmean2: 0.00026615979732
        dvar: 4.37372698059e-008
        dvar2: 1.20070140497e-007
        max: 0.0023635791149
        mean: 0.000401332450565
        median: 0.000364281935617
        min: 6.63078561118e-021
        var: 7.86320768498e-008
    spectral_energyband_low:
        dmean: 0.000312912772642
        dmean2: 0.000536985637154
        dvar: 1.5546052623e-007
        dvar2: 4.25319200303e-007
        max: 0.00446165911853
        mean: 0.000504049705341
        median: 0.000386271014577
        min: 9.90969514607e-024
        var: 2.00648216264e-007
    spectral_energyband_middle_high:
        dmean: 0.000479636277305
        dmean2: 0.000766366836615
        dvar: 2.6638784334e-007
        dvar2: 6.78371179674e-007
        max: 0.0111156804487
        mean: 0.00261452165432
        median: 0.0025109834969
        min: 1.11565843754e-021
        var: 2.58512432083e-006
    spectral_energyband_middle_low:
        dmean: 0.000598350365181
        dmean2: 0.00101219071075
        dvar: 9.94130232357e-007
        dvar2: 2.78279003396e-006
        max: 0.0118210026994
        mean: 0.00164296338335
        median: 0.00142473552842
        min: 1.4317108513e-022
        var: 1.58459135946e-006
    spectral_flatness_db:
        dmean: 0.0103445751593
        dmean2: 0.0168974157423
        dvar: 7.7912438428e-005
        dvar2: 0.0001987288706
        max: 0.228238642216
        mean: 0.124141998589
        median: 0.122998952866
        min: 0.0542333461344
        var: 0.000461835530587
    spectral_flux:
        dmean: 0.00567932473496
        dmean2: 0.00865879841149
        dvar: 4.82097239001e-005
        dvar2: 9.36225769692e-005
        max: 0.106026127934
        mean: 0.0395391248167
        median: 0.0406568907201
        min: 6.19445605921e-011
        var: 0.000288018898573
    spectral_kurtosis:
        dmean: 1.00042665005
        dmean2: 1.75754714012
        dvar: 0.968502402306
        dvar2: 3.05691003799
        max: 19.8560962677
        mean: 2.98735499382
        median: 3.00854754448
        min: -1.27461707592
        var: 2.21109724045
    spectral_rms:
        dmean: 0.000197094530449
        dmean2: 0.000324761669617
        dvar: 6.06149441751e-008
        dvar2: 1.5881722959e-007
        max: 0.00431497395039
        mean: 0.00207209959626
        median: 0.00219036149792
        min: 3.08583714137e-012
        var: 6.14312455127e-007
    spectral_rolloff:
        dmean: 271.881134033
        dmean2: 452.82522583
        dvar: 116332.101563
        dvar2: 263214.78125
        max: 19853.6132813
        mean: 4115.97509766
        median: 3466.84570313
        min: 150.732421875
        var: 10792789
    spectral_skewness:
        dmean: 0.145242884755
        dmean2: 0.248061940074
        dvar: 0.0168691426516
        dvar2: 0.0483565032482
        max: 3.00676870346
        mean: 1.15159320831
        median: 1.19720315933
        min: -0.114324085414
        var: 0.112672150135
    spectral_spread:
        dmean: 392612.59375
        dmean2: 627203.1875
        dvar: 282770571264
        dvar2: 620505858048
        max: 43558480
        mean: 5757973.5
        median: 4011595
        min: 1911967.375
        var: 6.07022156349e+013
    spectral_strongpeak:
        dmean: 0.311989814043
        dmean2: 0.543670594692
        dvar: 0.234588831663
        dvar2: 0.614157438278
        max: 6.19795703888
        mean: 0.456217706203
        median: 0.256270617247
        min: 0
        var: 0.327691853046
    zerocrossingrate:
        dmean: 0.00636824220419
        dmean2: 0.00841364450753
        dvar: 4.21152217314e-005
        dvar2: 6.71722882544e-005
        max: 0.53173828125
        mean: 0.117971338332
        median: 0.10009765625
        min: 0.02392578125
        var: 0.00741166202351
    barkbands:
        dmean: [5.72206033667e-007, 0.000121954064525, 0.000183762633242, 0.00019692472415, 0.000249580334639, 0.000148747189087, 0.000124182304717, 0.000105348728539, 0.000161027433933, 0.000127156323288, 9.52834016061e-005, 9.00411905604e-005, 6.89873922965e-005, 7.41421390558e-005, 8.04729497759e-005, 0.000114182301331, 0.000160366485943, 0.000123937454191, 0.000166532539879, 0.000122889352497, 7.75780645199e-005, 3.00003321172e-005, 4.74003263662e-006, 1.30017497213e-006, 5.21563038092e-007, 1.48751331253e-008, 2.74879646822e-010]
        dmean2: [9.18255693705e-007, 0.000214154657442, 0.000315727840643, 0.000353165029082, 0.000439096300397, 0.000245822127908, 0.000206492273719, 0.00017169424973, 0.000253315694863, 0.000206663855352, 0.000156454683747, 0.000147071143147, 0.00011401354277, 0.000122659737826, 0.000136088929139, 0.000191380197066, 0.000267626164714, 0.000209261692362, 0.000279692467302, 0.000208121418837, 0.00013382450561, 5.31080804649e-005, 8.40386928758e-006, 2.21764230446e-006, 8.61869409619e-007, 2.34851746939e-008, 4.76339190314e-010]
        dvar: [4.91123905867e-013, 3.07679250966e-008, 5.85109880546e-008, 1.85081944437e-007, 2.45919011377e-007, 4.95093210873e-008, 4.08452542899e-008, 3.34465184437e-008, 6.60766303895e-008, 4.62071696461e-008, 3.96100467981e-008, 2.65511204134e-008, 1.18970540086e-008, 1.12027391808e-008, 1.19619016914e-008, 1.87377047212e-008, 3.38197416738e-008, 1.84362320965e-008, 3.07076142292e-008, 2.14942410537e-008, 1.01117443307e-008, 2.20029217068e-009, 7.06005948148e-011, 5.55211605857e-012, 1.15030662946e-012, 1.27614237943e-015, 1.33250679973e-019]
        dvar2: [1.26640061285e-012, 8.51902157706e-008, 1.59617400186e-007, 5.37204698503e-007, 7.12768951416e-007, 1.32520284524e-007, 1.09284442829e-007, 8.92435139122e-008, 1.63037441325e-007, 1.2330319521e-007, 1.05754423885e-007, 7.19311756825e-008, 3.10940606596e-008, 2.95238784531e-008, 3.28485150192e-008, 5.0165628096e-008, 9.116449462e-008, 5.14561691034e-008, 8.59351345639e-008, 5.97892508836e-008, 2.78212297644e-008, 6.0921236944e-009, 1.93778590396e-010, 1.39537209912e-011, 2.61528819434e-012, 2.71571595439e-015, 3.81164826264e-019]
        max: [6.09904827797e-006, 0.00136607838795, 0.00377883343026, 0.00538077624515, 0.00591722596437, 0.00395284593105, 0.00338549586013, 0.0038459058851, 0.00563076511025, 0.00365908280946, 0.00493323476985, 0.0038498044014, 0.0038161908742, 0.00252656335942, 0.00271089561284, 0.00236943806522, 0.00365629652515, 0.00299316225573, 0.00285585410893, 0.00205076369457, 0.00135441147722, 0.000615848286543, 0.000120056341984, 4.69140650239e-005, 3.43853607774e-005, 1.7412573925e-006, 6.9564807248e-009]
        mean: [7.79289450747e-007, 0.000156495400006, 0.000253157049883, 0.000206556243938, 0.000350434391294, 0.000278942461591, 0.000221590365982, 0.000196559703909, 0.00032055968768, 0.00025051026023, 0.000173789361725, 0.000170873041498, 0.000131304361275, 0.000147402708535, 0.000170967599843, 0.000252408324741, 0.000383992417483, 0.000323549436871, 0.000465821183752, 0.000324404216371, 0.000183567317436, 5.58873398404e-005, 7.41976145946e-006, 2.56947214439e-006, 1.05052254185e-006, 3.0006134466e-008, 3.86021076215e-010]
        median: [4.69826062499e-007, 0.00010927481344, 0.000162326105055, 0.000101514313428, 0.000226217103773, 0.000164580473211, 0.000123669131426, 9.40744357649e-005, 0.000161709205713, 0.000114336842671, 6.51259470033e-005, 8.87051282916e-005, 8.40714783408e-005, 0.000107093183033, 0.000137621726026, 0.000215732186916, 0.000328976049786, 0.000305445166305, 0.000447876838734, 0.000297991733532, 0.00016360724112, 4.44381075795e-005, 4.23235269409e-006, 1.53194764607e-006, 6.20110995442e-007, 1.576554709e-008, 2.25516799679e-010]
        min: [6.50989835923e-026, 9.69315006658e-025, 5.54503642308e-025, 5.5820724565e-025, 3.24780424453e-024, 4.86568538593e-024, 3.27715539223e-024, 2.29365370827e-024, 8.06389157877e-024, 1.20200361182e-023, 1.1545335913e-023, 9.48947919705e-024, 1.99051726047e-023, 2.3416368828e-023, 3.34622615982e-023, 2.23730908145e-023, 5.48213584938e-023, 8.24024600952e-023, 1.06428039379e-022, 1.04084472469e-022, 1.64550995331e-022, 3.00682071173e-022, 3.41360232798e-022, 5.12961890195e-022, 8.02437390726e-022, 1.26503784537e-021, 1.85191118087e-021]
        var: [7.61587624562e-013, 2.8594032031e-008, 8.21563759246e-008, 1.38374801395e-007, 2.15898310785e-007, 1.2343970468e-007, 8.57829576262e-008, 8.57060271642e-008, 1.83229559525e-007, 1.29913942715e-007, 9.65024753441e-008, 5.89615893887e-008, 2.57821515248e-008, 2.43127100674e-008, 2.76711027425e-008, 4.2229704178e-008, 9.40570785701e-008, 4.63468197154e-008, 9.15185154327e-008, 4.97050720583e-008, 1.80194401622e-008, 2.57213472743e-009, 8.85098730419e-011, 1.20336692e-011, 2.77149700759e-012, 3.01323691239e-015, 2.21305012606e-019]
    frequency_bands:
        dmean: [5.72206033667e-007, 0.000121954064525, 0.000183762633242, 0.00019692472415, 0.000249580334639, 0.000148747189087, 0.000124182304717, 0.000105348728539, 0.000161027433933, 0.000127156323288, 9.52834016061e-005, 9.00411905604e-005, 6.89873922965e-005, 7.41421390558e-005, 8.04729497759e-005, 0.000114182301331, 0.000160366485943, 0.000123937454191, 0.000166532539879, 0.000122889352497, 7.75780645199e-005, 3.00003321172e-005, 4.74003263662e-006, 1.30017497213e-006, 5.21563038092e-007, 1.48751331253e-008, 2.74879646822e-010, 5.92643989439e-011]
        dmean2: [9.18255693705e-007, 0.000214154657442, 0.000315727840643, 0.000353165029082, 0.000439096300397, 0.000245822127908, 0.000206492273719, 0.00017169424973, 0.000253315694863, 0.000206663855352, 0.000156454683747, 0.000147071143147, 0.00011401354277, 0.000122659737826, 0.000136088929139, 0.000191380197066, 0.000267626164714, 0.000209261692362, 0.000279692467302, 0.000208121418837, 0.00013382450561, 5.31080804649e-005, 8.40386928758e-006, 2.21764230446e-006, 8.61869409619e-007, 2.34851746939e-008, 4.76339190314e-010, 1.10047214397e-010]
        dvar: [4.91123905867e-013, 3.07679250966e-008, 5.85109880546e-008, 1.85081944437e-007, 2.45919011377e-007, 4.95093210873e-008, 4.08452542899e-008, 3.34465184437e-008, 6.60766303895e-008, 4.62071696461e-008, 3.96100467981e-008, 2.65511204134e-008, 1.18970540086e-008, 1.12027391808e-008, 1.19619016914e-008, 1.87377047212e-008, 3.38197416738e-008, 1.84362320965e-008, 3.07076142292e-008, 2.14942410537e-008, 1.01117443307e-008, 2.20029217068e-009, 7.06005948148e-011, 5.55211605857e-012, 1.15030662946e-012, 1.27614237943e-015, 1.33250679973e-019, 7.80875219577e-021]
        dvar2: [1.26640061285e-012, 8.51902157706e-008, 1.59617400186e-007, 5.37204698503e-007, 7.12768951416e-007, 1.32520284524e-007, 1.09284442829e-007, 8.92435139122e-008, 1.63037441325e-007, 1.2330319521e-007, 1.05754423885e-007, 7.19311756825e-008, 3.10940606596e-008, 2.95238784531e-008, 3.28485150192e-008, 5.0165628096e-008, 9.116449462e-008, 5.14561691034e-008, 8.59351345639e-008, 5.97892508836e-008, 2.78212297644e-008, 6.0921236944e-009, 1.93778590396e-010, 1.39537209912e-011, 2.61528819434e-012, 2.71571595439e-015, 3.81164826264e-019, 2.49288778298e-020]
        max: [6.09904827797e-006, 0.00136607838795, 0.00377883343026, 0.00538077624515, 0.00591722596437, 0.00395284593105, 0.00338549586013, 0.0038459058851, 0.00563076511025, 0.00365908280946, 0.00493323476985, 0.0038498044014, 0.0038161908742, 0.00252656335942, 0.00271089561284, 0.00236943806522, 0.00365629652515, 0.00299316225573, 0.00285585410893, 0.00205076369457, 0.00135441147722, 0.000615848286543, 0.000120056341984, 4.69140650239e-005, 3.43853607774e-005, 1.7412573925e-006, 6.9564807248e-009, 1.44832734694e-009]
        mean: [7.79289450747e-007, 0.000156495400006, 0.000253157049883, 0.000206556243938, 0.000350434391294, 0.000278942461591, 0.000221590365982, 0.000196559703909, 0.00032055968768, 0.00025051026023, 0.000173789361725, 0.000170873041498, 0.000131304361275, 0.000147402708535, 0.000170967599843, 0.000252408324741, 0.000383992417483, 0.000323549436871, 0.000465821183752, 0.000324404216371, 0.000183567317436, 5.58873398404e-005, 7.41976145946e-006, 2.56947214439e-006, 1.05052254185e-006, 3.0006134466e-008, 3.86021076215e-010, 4.60694850324e-011]
        median: [4.69826062499e-007, 0.00010927481344, 0.000162326105055, 0.000101514313428, 0.000226217103773, 0.000164580473211, 0.000123669131426, 9.40744357649e-005, 0.000161709205713, 0.000114336842671, 6.51259470033e-005, 8.87051282916e-005, 8.40714783408e-005, 0.000107093183033, 0.000137621726026, 0.000215732186916, 0.000328976049786, 0.000305445166305, 0.000447876838734, 0.000297991733532, 0.00016360724112, 4.44381075795e-005, 4.23235269409e-006, 1.53194764607e-006, 6.20110995442e-007, 1.576554709e-008, 2.25516799679e-010, 1.6487644583e-011]
        min: [6.50989835923e-026, 9.69315006658e-025, 5.54503642308e-025, 5.5820724565e-025, 3.24780424453e-024, 4.86568538593e-024, 3.27715539223e-024, 2.29365370827e-024, 8.06389157877e-024, 1.20200361182e-023, 1.1545335913e-023, 9.48947919705e-024, 1.99051726047e-023, 2.3416368828e-023, 3.34622615982e-023, 2.23730908145e-023, 5.48213584938e-023, 8.24024600952e-023, 1.06428039379e-022, 1.04084472469e-022, 1.64550995331e-022, 3.00682071173e-022, 3.41360232798e-022, 5.12961890195e-022, 8.02437390726e-022, 1.26503784537e-021, 1.85191118087e-021, 4.43423435368e-022]
        var: [7.61587624562e-013, 2.8594032031e-008, 8.21563759246e-008, 1.38374801395e-007, 2.15898310785e-007, 1.2343970468e-007, 8.57829576262e-008, 8.57060271642e-008, 1.83229559525e-007, 1.29913942715e-007, 9.65024753441e-008, 5.89615893887e-008, 2.57821515248e-008, 2.43127100674e-008, 2.76711027425e-008, 4.2229704178e-008, 9.40570785701e-008, 4.63468197154e-008, 9.15185154327e-008, 4.97050720583e-008, 1.80194401622e-008, 2.57213472743e-009, 8.85098730419e-011, 1.20336692e-011, 2.77149700759e-012, 3.01323691239e-015, 2.21305012606e-019, 6.18957805454e-021]
    mfcc:
        mean: [-709.810241699, 107.2370224, -55.6808357239, 52.9175224304, -16.9377250671, -0.291599392891, 0.939976990223, -1.42763960361, 4.72547864914, -3.88648200035, -0.843144118786, -2.64041781425, -3.10279679298]
        cov: [[13969.3447266, 2773.74169922, -1531.96704102, 1389.47607422, -569.587463379, 74.7759017944, -22.3917751312, 27.9023189545, 80.7096710205, -98.7214889526, -65.7714996338, -91.5438232422, -107.075645447], [2773.74169922, 1011.4753418, -546.387512207, 441.354064941, -167.932632446, -9.24803733826, 15.1541481018, -34.5756530762, 65.3371658325, -58.8748779297, 13.7793149948, -19.5418224335, -8.39244270325], [-1531.96704102, -546.387512207, 471.663696289, -222.90788269, 128.116104126, 13.3367509842, -23.7345542908, 17.6042060852, -55.6453933716, 25.4789466858, -25.5343856812, -0.052531182766, -2.73686003685], [1389.47607422, 441.354064941, -222.90788269, 319.168304443, -29.0889911652, 22.6887664795, -5.82997512817, -31.4312458038, 26.4461174011, -21.1760139465, 13.8511190414, -17.6621322632, -13.3928937912], [-569.587463379, -167.932632446, 128.116104126, -29.0889911652, 108.570632935, 26.1732940674, -4.31580734253, -15.3897237778, -20.2208023071, 11.4472351074, 1.06365287304, -3.26650309563, -3.51168680191], [74.7759017944, -9.24803733826, 13.3367509842, 22.6887664795, 26.1732940674, 59.6764945984, 17.2872390747, 4.0892033577, -13.0313148499, -3.04094004631, -1.80645430088, -1.89351773262, -1.57459163666], [-22.3917751312, 15.1541481018, -23.7345542908, -5.82997512817, -4.31580734253, 17.2872390747, 64.8016586304, 28.2589817047, 11.1043310165, -7.9272813797, -2.60061430931, -0.201515510678, 0.324713498354], [27.9023189545, -34.5756530762, 17.6042060852, -31.4312458038, -15.3897237778, 4.0892033577, 28.2589817047, 63.2289199829, 24.2485294342, 10.7180271149, -8.73308753967, 0.535636723042, -0.18936342001], [80.7096710205, 65.3371658325, -55.6453933716, 26.4461174011, -20.2208023071, -13.0313148499, 11.1043310165, 24.2485294342, 64.4280548096, 20.4135341644, 12.4065675735, -1.11059105396, -1.44476377964], [-98.7214889526, -58.8748779297, 25.4789466858, -21.1760139465, 11.4472351074, -3.04094004631, -7.9272813797, 10.7180271149, 20.4135341644, 54.1526489258, 21.532541275, 8.56872272491, -2.72245955467], [-65.7714996338, 13.7793149948, -25.5343856812, 13.8511190414, 1.06365287304, -1.80645430088, -2.60061430931, -8.73308753967, 12.4065675735, 21.532541275, 46.543888092, 18.7742290497, 5.64004659653], [-91.5438232422, -19.5418224335, -0.052531182766, -17.6621322632, -3.26650309563, -1.89351773262, -0.201515510678, 0.535636723042, -1.11059105396, 8.56872272491, 18.7742290497, 42.74401474, 22.3861370087], [-107.075645447, -8.39244270325, -2.73686003685, -13.3928937912, -3.51168680191, -1.57459163666, 0.324713498354, -0.18936342001, -1.44476377964, -2.72245955467, 5.64004659653, 22.3861370087, 40.7090415955]]
        icov: [[0.00024596977164, -0.000403481535614, 0.000188690348295, -0.000533557205927, 0.0005374433822, -0.000331177958287, 0.000455375877209, -0.000822787755169, 0.000929905392695, -0.000772957399022, 0.000711055879947, -0.000188933394384, 0.00041372035048], [-0.000403481535614, 0.00618671439588, 0.00244649592787, -0.00440518977121, 0.0025900953915, 0.00139241665602, -0.00156820821576, 0.00229964172468, -0.00222189491615, 0.0027646960225, -8.21047506179e-005, 0.000191627099412, -0.000758091977332], [0.000188690348295, 0.00244649592787, 0.00740641867742, -0.000158836992341, -0.00386785226874, 0.000445863232017, 0.003007811727, -0.00402728235349, 0.00336669641547, -0.000676775292959, 0.00251241424121, -7.22571785445e-005, 0.000853086763527], [-0.000533557205927, -0.00440518977121, -0.000158836992341, 0.012237357907, -0.00573227414861, -0.00371166854165, 0.00235514994711, 0.00227835820988, -0.00392186595127, 0.00264551141299, -0.00367848342285, 0.0019981530495, 0.000506079813931], [0.0005374433822, 0.0025900953915, -0.00386785226874, -0.00573227414861, 0.0221446678042, -0.00673156743869, -0.00278774835169, 0.00734720891342, 0.000156760681421, -0.00437796954066, 0.00143446039874, 0.00135825644247, 0.000275125523331], [-0.000331177958287, 0.00139241665602, 0.000445863232017, -0.00371166854165, -0.00673156743869, 0.025565136224, -0.00756787322462, -0.0037549987901, 0.00708291586488, -0.000598868879024, -0.00116838573013, 0.000476007175166, -0.00121267104987], [0.000455375877209, -0.00156820821576, 0.003007811727, 0.00235514994711, -0.00278774835169, -0.00756787322462, 0.0258693099022, -0.013614053838, -0.000717312388588, 0.00659676641226, -0.00220593879931, -0.000449005485279, 0.00201687030494], [-0.000822787755169, 0.00229964172468, -0.00402728235349, 0.00227835820988, 0.00734720891342, -0.0037549987901, -0.013614053838, 0.0355597399175, -0.0155443260446, -0.00397886848077, 0.00796749908477, -0.00246255239472, -0.00101615127642], [0.000929905392695, -0.00222189491615, 0.00336669641547, -0.00392186595127, 0.000156760681421, 0.00708291586488, -0.000717312388588, -0.0155443260446, 0.0331897996366, -0.0128477206454, -0.00245115906, 0.0048407879658, -0.000858854502439], [-0.000772957399022, 0.0027646960225, -0.000676775292959, 0.00264551141299, -0.00437796954066, -0.000598868879024, 0.00659676641226, -0.00397886848077, -0.0128477206454, 0.0359093546867, -0.0161638222635, -0.00227871676907, 0.00432778894901], [0.000711055879947, -8.21047506179e-005, 0.00251241424121, -0.00367848342285, 0.00143446039874, -0.00116838573013, -0.00220593879931, 0.00796749908477, -0.00245115906, -0.0161638222635, 0.0406533814967, -0.0164282023907, 0.00317893316969], [-0.000188933394384, 0.000191627099412, -7.22571785445e-005, 0.0019981530495, 0.00135825644247, 0.000476007175166, -0.000449005485279, -0.00246255239472, 0.0048407879658, -0.00227871676907, -0.0164282023907, 0.0428149662912, -0.0209259577096], [0.00041372035048, -0.000758091977332, 0.000853086763527, 0.000506079813931, 0.000275125523331, -0.00121267104987, 0.00201687030494, -0.00101615127642, -0.000858854502439, 0.00432778894901, 0.00317893316969, -0.0209259577096, 0.0370021611452]]
    sccoeffs:
        dmean: [0.0532693676651, 0.0431593172252, 0.0355359762907, 0.0250525735319, 0.0171105060726, 0.0162746291608]
        dmean2: [0.0908748060465, 0.0723465904593, 0.0589904896915, 0.0426887348294, 0.0291725993156, 0.0261364970356]
        dvar: [0.00198964774609, 0.00126565794926, 0.000829333148431, 0.000402228120947, 0.000189925689483, 0.000228371296544]
        dvar2: [0.00570006575435, 0.00351687311195, 0.00227053789422, 0.00115555652883, 0.000545885355677, 0.000535507453606]
        max: [-0.376517653465, -0.507266044617, -0.583321630955, -0.675558924675, -0.703055381775, -0.58775639534]
        mean: [-0.709521830082, -0.769460320473, -0.787055790424, -0.813936054707, -0.81349337101, -0.726302444935]
        median: [-0.704195439816, -0.766829133034, -0.784556388855, -0.809817135334, -0.806494534016, -0.719445466995]
        min: [-0.987059950829, -0.983025550842, -0.980183720589, -0.973696887493, -0.971285939217, -0.967546582222]
        var: [0.00704961502925, 0.00501822866499, 0.00400742888451, 0.00206519314088, 0.00161067419685, 0.00426020054147]
    scvalleys:
        dmean: [0.366015434265, 0.322221934795, 0.26284763217, 0.209604173899, 0.168052792549, 0.260127544403]
        dmean2: [0.621972322464, 0.540311157703, 0.433520764112, 0.344329863787, 0.271295189857, 0.417824089527]
        dvar: [0.0883085802197, 0.0720680952072, 0.0483073145151, 0.0364965870976, 0.0326111055911, 0.112413696945]
        dvar2: [0.239739775658, 0.184594154358, 0.116030991077, 0.0801392123103, 0.0633954405785, 0.256806850433]
        max: [-5.13478899002, -4.58026790619, -4.69746780396, -5.54182100296, -5.63432884216, -8.00235271454]
        mean: [-7.5042514801, -7.36892795563, -7.57792043686, -7.73643255234, -7.63641691208, -10.6887331009]
        median: [-6.39161252975, -6.27821826935, -6.55678987503, -6.6220164299, -6.4899187088, -9.6626663208]
        min: [-28.6015911102, -28.8098583221, -27.9979839325, -27.8726787567, -27.6304149628, -27.4503860474]
        var: [20.3442077637, 20.5177173615, 20.034116745, 19.708070755, 19.8536567688, 14.784954071]

rhythm:
    beats_loudness:
        dmean: 0.00175375677645
        dmean2: 0.0032757492736
        dvar: 2.3062038963e-006
        dvar2: 7.3469786912e-006
        max: 0.0144790960476
        mean: 0.00580845493823
        median: 0.00612152647227
        min: 0
        var: 7.68814697949e-006
    bpm: 129.912780762
    bpm_confidence: 0
    first_peak_bpm: 129
    first_peak_spread: 0.257521063089
    first_peak_weight: 0.714947879314
    onset_rate: 2.11505460739
    second_peak_bpm: 92
    second_peak_spread: 0.588235318661
    second_peak_weight: 0.00811123941094
    beats_loudness_band_ratio:
        dmean: [0.106840021908, 0.0619878098369, 0.0730346888304, 0.0617443025112, 0.0672106668353, 0.052304815501]
        dmean2: [0.19607950747, 0.107648417354, 0.126009330153, 0.106776379049, 0.121250621974, 0.0887774303555]
        dvar: [0.00604309746996, 0.00310009997338, 0.00492645520717, 0.00419022934511, 0.00345100113191, 0.0022291475907]
        dvar2: [0.0189561918378, 0.00917662028223, 0.0145439086482, 0.0111556574702, 0.0103526767343, 0.00661081681028]
        max: [0.590789675713, 0.569373071194, 0.569568693638, 0.451468169689, 0.523007750511, 0.51738256216]
        mean: [0.176080912352, 0.107550248504, 0.141540825367, 0.132532715797, 0.240528523922, 0.198713377118]
        median: [0.166328459978, 0.0938074737787, 0.127065092325, 0.111454039812, 0.240182638168, 0.19870300591]
        min: [0, 0, 0, 0, 0, 0]
        var: [0.00984919723123, 0.00492301816121, 0.00688609527424, 0.00677560595796, 0.00633479095995, 0.00432280125096]
