
metadata:
    version:
        essentia: "2.1-beta2"
    audio_properties:
        analysis_sample_rate: 44100
        bitrate: 320
        channels: 2
        equal_loudness: 1
        length: 286.902862549
        replay_gain: -15.1091136932
        downmix: "mix"
    tags:
        album: "Born From Ashes"
        artist: "Born From Ashes"
        comment: ""
        date: "2013"
        genre: "Alternative Metal / Alternative Rock"
        title: "Desertion"
        tracknumber: "1/10"

configuration:
    average_loudness:
        compute: 1
        frameSize: 88200
        hopSize: 44100
        silentFrames: "noise"
        windowType: "hann"
    general:
        analysisSampleRate: 44100
        endTime: 2000
        equalLoudness: 1
        nequalLoudness: 0
        shortSound: 0
        startTime: 0
    lowlevel:
        compute: 1
        frameSize: 2048
        hopSize: 1024
        zeroPadding: 0
        silentFrames: "noise"
        windowType: "blackmanharris62"
        mfccStats: ["mean", "cov", "icov"]
        stats: ["mean", "var", "median", "min", "max", "dmean", "dmean2", "dvar", "dvar2"]
    panning:
        compute: 0
        frameSize: 8192
        hopSize: 2048
        zeroPadding: 8192
        silentFrames: "noise"
        windowType: "hann"
        stats: ["copy"]
    rhythm:
        compute: 1
        maxTempo: 208
        minTempo: 40
        method: "degara"
        stats: ["mean", "var", "median", "min", "max", "dmean", "dmean2", "dvar", "dvar2"]
    segmentation:
        compute: 0
        cpw: 5
        inc1: 300
        inc2: 50
        minimumSegmentsLength: 10
        size1: 1000
        size2: 600
    sfx:
        compute: 1
        stats: ["mean", "var", "median", "min", "max", "dmean", "dmean2", "dvar", "dvar2"]
    svm:
        compute: 0
    tonal:
        compute: 1
        frameSize: 4096
        hopSize: 2048
        zeroPadding: 0
        silentFrames: "noise"
        windowType: "blackmanharris62"
        stats: ["mean", "var", "median", "min", "max", "dmean", "dmean2", "dvar", "dvar2"]

lowlevel:
    average_loudness: 0.760190248489
    barkbands_kurtosis:
        dmean: 0.912934601307
        dmean2: 1.46757113934
        dvar: 1.57746994495
        dvar2: 3.84174108505
        max: 37.9317169189
        mean: 0.418485373259
        median: -0.404046714306
        min: -1.9236061573
        var: 8.52373504639
    barkbands_skewness:
        dmean: 0.366883218288
        dmean2: 0.564313113689
        dvar: 0.119881130755
        dvar2: 0.267225652933
        max: 5.24378108978
        mean: -0.730552017689
        median: -0.847460091114
        min: -5.34437990189
        var: 0.936425209045
    barkbands_spread:
        dmean: 5.12638044357
        dmean2: 8.22957706451
        dvar: 22.594367981
        dvar2: 55.9273262024
        max: 76.8837432861
        mean: 28.9144821167
        median: 28.7128620148
        min: 2.23277711868
        var: 103.391090393
    dissonance:
        dmean: 0.00848520360887
        dmean2: 0.0145489443094
        dvar: 8.35465325508e-005
        dvar2: 0.000233265731367
        max: 0.5
        mean: 0.485866904259
        median: 0.48924484849
        min: 0.346029579639
        var: 0.000153384855366
    hfc:
        dmean: 2.28468251228
        dmean2: 3.61781859398
        dvar: 5.52993059158
        dvar2: 14.2769136429
        max: 62.9622421265
        mean: 12.7178459167
        median: 12.6940889359
        min: 1.1075661205e-016
        var: 55.856388092
    pitch:
        dmean: 1001.40063477
        dmean2: 1883.92456055
        dvar: 1615221.875
        dvar2: 4030355.25
        max: 5148.9765625
        mean: 1315.64160156
        median: 471.150512695
        min: 58.331817627
        var: 1983109.25
    pitch_instantaneous_confidence:
        dmean: 0.0672433078289
        dmean2: 0.110369108617
        dvar: 0.00358947552741
        dvar2: 0.00897753890604
        max: 0.987574636936
        mean: 0.374367088079
        median: 0.313039302826
        min: 0.125552594662
        var: 0.0291632413864
    pitch_salience:
        dmean: 0.0507720075548
        dmean2: 0.0821595415473
        dvar: 0.00217662495561
        dvar2: 0.00545986089855
        max: 0.882353127003
        mean: 0.664232254028
        median: 0.686113238335
        min: 0.227886363864
        var: 0.00887913443148
    silence_rate_20dB:
        dmean: 0
        dmean2: 0
        dvar: 0
        dvar2: 0
        max: 1
        mean: 1
        median: 1
        min: 1
        var: 0
    silence_rate_30dB:
        dmean: 0
        dmean2: 0
        dvar: 0
        dvar2: 0
        max: 1
        mean: 1
        median: 1
        min: 1
        var: 0
    silence_rate_60dB:
        dmean: 0.0388475246727
        dmean2: 0.0777013376355
        dvar: 0.0373357757926
        dvar2: 0.0867161005735
        max: 1
        mean: 0.160313993692
        median: 0
        min: 0
        var: 0.134630829096
    spectral_centroid:
        dmean: 225.098114014
        dmean2: 346.709747314
        dvar: 54885.8671875
        dvar2: 113903.703125
        max: 10856.6376953
        mean: 2218.7644043
        median: 2338.69067383
        min: 236.206497192
        var: 361803.46875
    spectral_complexity:
        dmean: 3.55665254593
        dmean2: 5.63464164734
        dvar: 10.7299995422
        dvar2: 24.8691101074
        max: 46
        mean: 21.4176578522
        median: 23
        min: 0
        var: 92.3172912598
    spectral_crest:
        dmean: 1.6269595623
        dmean2: 2.70637607574
        dvar: 2.65559434891
        dvar2: 6.80929422379
        max: 23.7370262146
        mean: 6.89895200729
        median: 5.85523843765
        min: 2.42312002182
        var: 10.0139522552
    spectral_decrease:
        dmean: 1.90901142116e-010
        dmean2: 3.00601737946e-010
        dvar: 3.60507379871e-020
        dvar2: 8.7552065981e-020
        max: -6.40748105442e-029
        mean: -1.13069720253e-009
        median: -1.13262466073e-009
        min: -3.46112027927e-009
        var: 2.37558491258e-019
    spectral_energy:
        dmean: 0.000887132366188
        dmean2: 0.00139688467607
        dvar: 7.49552214074e-007
        dvar2: 1.84973737305e-006
        max: 0.0186131317168
        mean: 0.0054210643284
        median: 0.00544276228175
        min: 1.02877850266e-020
        var: 6.02169484409e-006
    spectral_energyband_high:
        dmean: 0.000180332324817
        dmean2: 0.000291056145215
        dvar: 3.54677531789e-008
        dvar2: 9.08816275569e-008
        max: 0.00484092859551
        mean: 0.000667916843668
        median: 0.00067766540451
        min: 6.85705020487e-021
        var: 1.80931735372e-007
    spectral_energyband_low:
        dmean: 0.00015179082402
        dmean2: 0.000245494884439
        dvar: 4.31220392727e-008
        dvar2: 1.06494688623e-007
        max: 0.00358673604205
        mean: 0.000286666268948
        median: 0.000210437661735
        min: 1.0310887241e-022
        var: 8.39216340864e-008
    spectral_energyband_middle_high:
        dmean: 0.000699910975527
        dmean2: 0.00111390929669
        dvar: 5.01827173593e-007
        dvar2: 1.32347258841e-006
        max: 0.0169338993728
        mean: 0.00348991085775
        median: 0.00337517540902
        min: 1.87732638597e-021
        var: 4.22430912295e-006
    spectral_energyband_middle_low:
        dmean: 0.000440034549683
        dmean2: 0.00069087970769
        dvar: 3.97378641992e-007
        dvar2: 9.49979096276e-007
        max: 0.0113658569753
        mean: 0.00111951038707
        median: 0.000897028832696
        min: 3.06234213063e-022
        var: 8.00375346444e-007
    spectral_flatness_db:
        dmean: 0.011784366332
        dmean2: 0.0183343663812
        dvar: 0.00012050994701
        dvar2: 0.000268248841166
        max: 0.467282742262
        mean: 0.162803888321
        median: 0.150755360723
        min: 0.0614579133689
        var: 0.00266525009647
    spectral_flux:
        dmean: 0.00579190440476
        dmean2: 0.00895451754332
        dvar: 3.91563626181e-005
        dvar2: 8.55327598401e-005
        max: 0.127067908645
        mean: 0.0428945086896
        median: 0.0447915755212
        min: 1.0142871959e-010
        var: 0.000207617980777
    spectral_kurtosis:
        dmean: 1.16578400135
        dmean2: 2.02327251434
        dvar: 2.03690505028
        dvar2: 6.12135076523
        max: 27.8570175171
        mean: 4.26941108704
        median: 3.71778273582
        min: -1.23844134808
        var: 6.15169525146
    spectral_rms:
        dmean: 0.000189491678611
        dmean2: 0.000294812489301
        dvar: 3.04015053132e-008
        dvar2: 6.9216156362e-008
        max: 0.00426135584712
        mean: 0.00222889776342
        median: 0.00230434630066
        min: 3.16810098121e-012
        var: 3.20838324797e-007
    spectral_rolloff:
        dmean: 245.801498413
        dmean2: 398.567626953
        dvar: 126429.546875
        dvar2: 260156.625
        max: 18712.3535156
        mean: 3669.17822266
        median: 3832.91015625
        min: 172.265625
        var: 469534.34375
    spectral_skewness:
        dmean: 0.158460482955
        dmean2: 0.25933739543
        dvar: 0.0247773844749
        dvar2: 0.0657343193889
        max: 4.28435945511
        mean: 1.15651297569
        median: 1.1057895422
        min: 0.00946821179241
        var: 0.120737567544
    spectral_spread:
        dmean: 312876.15625
        dmean2: 448735.5
        dvar: 267301519360
        dvar2: 376955207680
        max: 41956352
        mean: 3703203
        median: 3457670.5
        min: 1389845.25
        var: 1.33808324608e+012
    spectral_strongpeak:
        dmean: 0.723714947701
        dmean2: 1.23327660561
        dvar: 0.872120440006
        dvar2: 2.20512676239
        max: 16.0665931702
        mean: 1.39280080795
        median: 0.715531110764
        min: 4.9950616976e-009
        var: 3.50504684448
    zerocrossingrate:
        dmean: 0.00671505276114
        dmean2: 0.00817063916475
        dvar: 5.35656035936e-005
        dvar2: 6.54906762065e-005
        max: 0.513671875
        mean: 0.115844361484
        median: 0.12060546875
        min: 0.0107421875
        var: 0.000564279733226
    barkbands:
        dmean: [4.76494875556e-007, 3.15759752993e-005, 9.3030903372e-005, 0.00013413807028, 0.000199564761715, 0.000101628524135, 0.000102473226434, 6.92319517839e-005, 8.2947582996e-005, 8.38976484374e-005, 5.80886917305e-005, 3.80177407351e-005, 4.38720708189e-005, 3.83536025765e-005, 8.43285524752e-005, 0.000206868498935, 0.000293875636999, 0.000171519815922, 0.000308367569232, 0.000219437191845, 9.924533515e-005, 1.61837651831e-005, 1.90762034435e-006, 6.73863723932e-007, 3.4338231103e-007, 2.00296721431e-008, 3.52325363329e-010]
        dmean2: [6.78981734836e-007, 5.24891875102e-005, 0.00015346656437, 0.000220542686293, 0.000326980225509, 0.000162267315318, 0.000168387909071, 0.000112159810669, 0.000133662178996, 0.000130719170556, 9.67513187788e-005, 6.38388519292e-005, 7.21831966075e-005, 6.37900520815e-005, 0.000138175862958, 0.000344860687619, 0.000487477984279, 0.000283059926005, 0.000512245169375, 0.00036175805144, 0.000163654302014, 2.58351647062e-005, 2.91426931653e-006, 9.92022592072e-007, 4.98485803746e-007, 2.92414839009e-008, 5.78100012305e-010]
        dvar: [7.36970705816e-013, 1.91404936345e-009, 1.73078440469e-008, 4.26366391082e-008, 1.20696427075e-007, 9.33051396146e-008, 1.1279662715e-007, 4.26278461418e-008, 2.30421868253e-008, 2.48856153462e-008, 1.36176483423e-008, 4.80480766285e-009, 5.55629542376e-009, 3.72766617573e-009, 2.13670379168e-008, 6.42037676357e-008, 1.3369388796e-007, 7.64298349054e-008, 2.07951771358e-007, 6.58804850673e-008, 1.20068435194e-008, 4.26854523949e-010, 1.08311857747e-011, 2.22288940727e-012, 8.50272705976e-013, 3.38105419347e-015, 2.63583816376e-019]
        dvar2: [1.47292724892e-012, 5.05412511842e-009, 4.45161063567e-008, 1.08693221534e-007, 3.10556742988e-007, 2.22503217628e-007, 2.75513627912e-007, 1.06249650855e-007, 5.89875490675e-008, 5.48506271514e-008, 3.79217901525e-008, 1.33369155719e-008, 1.3830228518e-008, 9.71440528019e-009, 5.33354800325e-008, 1.73482817445e-007, 3.53589967972e-007, 1.85265292885e-007, 5.91963953411e-007, 1.81983111247e-007, 3.20067776727e-008, 9.58557011543e-010, 2.27436836725e-011, 4.42744061899e-012, 1.73384126067e-012, 6.79303779501e-015, 5.52985077044e-019]
        max: [7.32051512387e-006, 0.000563479203265, 0.00184374232776, 0.00295049580745, 0.00634132884443, 0.0108367670327, 0.0068267295137, 0.00540973944589, 0.00441712886095, 0.00425841566175, 0.00214827852324, 0.00268154032528, 0.00187777366955, 0.00151925580576, 0.00393967702985, 0.00497605605051, 0.00922153703868, 0.00874152127653, 0.0151618216187, 0.00653234263882, 0.00333486264572, 0.000638725003228, 9.63316269917e-005, 5.02437287651e-005, 2.917484926e-005, 1.93981895791e-006, 9.08000608035e-009]
        mean: [5.90991646732e-007, 5.10968238814e-005, 0.000140140400617, 0.000188527410501, 0.000327789166477, 0.000170271479874, 0.000122968573123, 0.000106664934719, 0.000153881221195, 0.000165329882293, 0.000100952864159, 7.01742683304e-005, 7.90011254139e-005, 6.97557261446e-005, 0.000155921166879, 0.000458692840766, 0.000717519724276, 0.00039983500028, 0.000931503425818, 0.000649476889521, 0.000306049099891, 4.77049397887e-005, 4.8384654292e-006, 1.61139155352e-006, 7.20435195944e-007, 4.132659015e-008, 5.69810032491e-010]
        median: [7.66341230474e-008, 3.64797306247e-005, 8.96443525562e-005, 0.000105758685095, 0.000202943992917, 8.62981396494e-005, 4.71221428597e-005, 4.2689654947e-005, 6.54573304928e-005, 6.14839736954e-005, 3.1535862945e-005, 3.8824564399e-005, 4.63966425741e-005, 4.98026347486e-005, 0.000106109808257, 0.000401310855523, 0.00063661969034, 0.000293600838631, 0.000693395093549, 0.000600711849984, 0.000303527718643, 4.3327894673e-005, 3.47315244653e-006, 1.07691630546e-006, 3.87496811527e-007, 2.01713241665e-008, 2.99096247769e-010]
        min: [4.19173737546e-023, 1.99021749333e-023, 5.35772617374e-023, 2.24747386976e-023, 2.10414920288e-023, 7.44768250676e-023, 2.56241364885e-023, 5.23050184239e-023, 1.01241947881e-022, 7.26237403141e-023, 1.24222229668e-022, 6.05298463048e-023, 1.65404959349e-022, 1.35926552608e-022, 1.02868623244e-022, 1.26451878752e-022, 2.25304480547e-022, 1.90452365941e-022, 5.43707220172e-022, 2.25887985182e-022, 3.56700257878e-022, 5.21462857258e-022, 6.26932828223e-022, 5.87631045862e-022, 1.32065130226e-021, 1.41836201212e-021, 2.21161458804e-021]
        var: [1.20935943551e-012, 2.58120347318e-009, 2.66803734661e-008, 6.48215987553e-008, 1.61648458175e-007, 1.26408764345e-007, 1.11297758565e-007, 7.4423667229e-008, 7.19473263189e-008, 9.5497789232e-008, 3.03395388812e-008, 8.31296897985e-009, 1.08944835375e-008, 6.33022168017e-009, 3.95952284293e-008, 1.49616894873e-007, 3.80649169074e-007, 2.36834736711e-007, 1.31925537517e-006, 2.31427335962e-007, 4.84107651744e-008, 1.39169531455e-009, 2.99318902997e-011, 6.25909393759e-012, 2.12440330084e-012, 8.23849994301e-015, 6.11174699896e-019]
    frequency_bands:
        dmean: [4.76494875556e-007, 3.15759752993e-005, 9.3030903372e-005, 0.00013413807028, 0.000199564761715, 0.000101628524135, 0.000102473226434, 6.92319517839e-005, 8.2947582996e-005, 8.38976484374e-005, 5.80886917305e-005, 3.80177407351e-005, 4.38720708189e-005, 3.83536025765e-005, 8.43285524752e-005, 0.000206868498935, 0.000293875636999, 0.000171519815922, 0.000308367569232, 0.000219437191845, 9.924533515e-005, 1.61837651831e-005, 1.90762034435e-006, 6.73863723932e-007, 3.4338231103e-007, 2.00296721431e-008, 3.52325363329e-010, 6.10268641177e-011]
        dmean2: [6.78981734836e-007, 5.24891875102e-005, 0.00015346656437, 0.000220542686293, 0.000326980225509, 0.000162267315318, 0.000168387909071, 0.000112159810669, 0.000133662178996, 0.000130719170556, 9.67513187788e-005, 6.38388519292e-005, 7.21831966075e-005, 6.37900520815e-005, 0.000138175862958, 0.000344860687619, 0.000487477984279, 0.000283059926005, 0.000512245169375, 0.00036175805144, 0.000163654302014, 2.58351647062e-005, 2.91426931653e-006, 9.92022592072e-007, 4.98485803746e-007, 2.92414839009e-008, 5.78100012305e-010, 1.13259693291e-010]
        dvar: [7.36970705816e-013, 1.91404936345e-009, 1.73078440469e-008, 4.26366391082e-008, 1.20696427075e-007, 9.33051396146e-008, 1.1279662715e-007, 4.26278461418e-008, 2.30421868253e-008, 2.48856153462e-008, 1.36176483423e-008, 4.80480766285e-009, 5.55629542376e-009, 3.72766617573e-009, 2.13670379168e-008, 6.42037676357e-008, 1.3369388796e-007, 7.64298349054e-008, 2.07951771358e-007, 6.58804850673e-008, 1.20068435194e-008, 4.26854523949e-010, 1.08311857747e-011, 2.22288940727e-012, 8.50272705976e-013, 3.38105419347e-015, 2.63583816376e-019, 6.58228083866e-021]
        dvar2: [1.47292724892e-012, 5.05412511842e-009, 4.45161063567e-008, 1.08693221534e-007, 3.10556742988e-007, 2.22503217628e-007, 2.75513627912e-007, 1.06249650855e-007, 5.89875490675e-008, 5.48506271514e-008, 3.79217901525e-008, 1.33369155719e-008, 1.3830228518e-008, 9.71440528019e-009, 5.33354800325e-008, 1.73482817445e-007, 3.53589967972e-007, 1.85265292885e-007, 5.91963953411e-007, 1.81983111247e-007, 3.20067776727e-008, 9.58557011543e-010, 2.27436836725e-011, 4.42744061899e-012, 1.73384126067e-012, 6.79303779501e-015, 5.52985077044e-019, 2.05219584098e-020]
        max: [7.32051512387e-006, 0.000563479203265, 0.00184374232776, 0.00295049580745, 0.00634132884443, 0.0108367670327, 0.0068267295137, 0.00540973944589, 0.00441712886095, 0.00425841566175, 0.00214827852324, 0.00268154032528, 0.00187777366955, 0.00151925580576, 0.00393967702985, 0.00497605605051, 0.00922153703868, 0.00874152127653, 0.0151618216187, 0.00653234263882, 0.00333486264572, 0.000638725003228, 9.63316269917e-005, 5.02437287651e-005, 2.917484926e-005, 1.93981895791e-006, 9.08000608035e-009, 9.03649155504e-010]
        mean: [5.90991646732e-007, 5.10968238814e-005, 0.000140140400617, 0.000188527410501, 0.000327789166477, 0.000170271479874, 0.000122968573123, 0.000106664934719, 0.000153881221195, 0.000165329882293, 0.000100952864159, 7.01742683304e-005, 7.90011254139e-005, 6.97557261446e-005, 0.000155921166879, 0.000458692840766, 0.000717519724276, 0.00039983500028, 0.000931503425818, 0.000649476889521, 0.000306049099891, 4.77049397887e-005, 4.8384654292e-006, 1.61139155352e-006, 7.20435195944e-007, 4.132659015e-008, 5.69810032491e-010, 4.77522847653e-011]
        median: [7.66341230474e-008, 3.64797306247e-005, 8.96443525562e-005, 0.000105758685095, 0.000202943992917, 8.62981396494e-005, 4.71221428597e-005, 4.2689654947e-005, 6.54573304928e-005, 6.14839736954e-005, 3.1535862945e-005, 3.8824564399e-005, 4.63966425741e-005, 4.98026347486e-005, 0.000106109808257, 0.000401310855523, 0.00063661969034, 0.000293600838631, 0.000693395093549, 0.000600711849984, 0.000303527718643, 4.3327894673e-005, 3.47315244653e-006, 1.07691630546e-006, 3.87496811527e-007, 2.01713241665e-008, 2.99096247769e-010, 1.90089992358e-011]
        min: [4.19173737546e-023, 1.99021749333e-023, 5.35772617374e-023, 2.24747386976e-023, 2.10414920288e-023, 7.44768250676e-023, 2.56241364885e-023, 5.23050184239e-023, 1.01241947881e-022, 7.26237403141e-023, 1.24222229668e-022, 6.05298463048e-023, 1.65404959349e-022, 1.35926552608e-022, 1.02868623244e-022, 1.26451878752e-022, 2.25304480547e-022, 1.90452365941e-022, 5.43707220172e-022, 2.25887985182e-022, 3.56700257878e-022, 5.21462857258e-022, 6.26932828223e-022, 5.87631045862e-022, 1.32065130226e-021, 1.41836201212e-021, 2.21161458804e-021, 8.58487157111e-022]
        var: [1.20935943551e-012, 2.58120347318e-009, 2.66803734661e-008, 6.48215987553e-008, 1.61648458175e-007, 1.26408764345e-007, 1.11297758565e-007, 7.4423667229e-008, 7.19473263189e-008, 9.5497789232e-008, 3.03395388812e-008, 8.31296897985e-009, 1.08944835375e-008, 6.33022168017e-009, 3.95952284293e-008, 1.49616894873e-007, 3.80649169074e-007, 2.36834736711e-007, 1.31925537517e-006, 2.31427335962e-007, 4.84107651744e-008, 1.39169531455e-009, 2.99318902997e-011, 6.25909393759e-012, 2.12440330084e-012, 8.23849994301e-015, 6.11174699896e-019, 5.41812469679e-021]
    mfcc:
        mean: [-703.91784668, 95.7012710571, -69.5364837646, 71.0713424683, -15.9902391434, -3.75423407555, -1.13545560837, -3.1964738369, 5.05725669861, -7.04910087585, -9.76603412628, -5.25279521942, -2.74830818176]
        cov: [[2714.22363281, 260.900970459, -99.9014053345, 90.4819412231, -134.164916992, 165.678726196, -103.355514526, 20.8439502716, 82.5338973999, 45.2409553528, -56.9485054016, -43.6501541138, 10.6600522995], [260.900970459, 644.413879395, 213.478652954, -30.8217220306, 74.3724441528, 74.5304946899, 7.81604909897, 9.74077415466, -45.0651664734, -8.34659194946, 21.8162002563, -61.2357711792, -12.0288591385], [-99.9014053345, 213.478652954, 593.711364746, -92.4748001099, 143.978851318, 37.5152320862, -27.4135990143, -10.4767751694, -85.7684249878, 16.3224601746, 27.5982017517, -39.6516609192, -10.0014228821], [90.4819412231, -30.8217220306, -92.4748001099, 343.772491455, 60.1891860962, -1.89573919773, -48.5007019043, -50.1842308044, 50.2971839905, 21.5749359131, 0.503345429897, 10.382815361, 16.7955875397], [-134.164916992, 74.3724441528, 143.978851318, 60.1891860962, 188.103012085, 36.7038459778, -10.8002510071, -28.0346870422, -25.1798877716, 7.98081064224, 0.0606983229518, -4.9022936821, 10.1480455399], [165.678726196, 74.5304946899, 37.5152320862, -1.89573919773, 36.7038459778, 154.845199585, 48.2674293518, 21.8527793884, 16.3704433441, -0.107596889138, -3.43900299072, -7.38195180893, 8.71262931824], [-103.355514526, 7.81604909897, -27.4135990143, -48.5007019043, -10.8002510071, 48.2674293518, 138.827636719, 66.1603469849, 22.0127162933, -10.9249696732, -2.70445132256, 3.28586483002, -2.37810730934], [20.8439502716, 9.74077415466, -10.4767751694, -50.1842308044, -28.0346870422, 21.8527793884, 66.1603469849, 112.692749023, 42.2912597656, 19.4399738312, 5.39081144333, -3.23410630226, -5.45161867142], [82.5338973999, -45.0651664734, -85.7684249878, 50.2971839905, -25.1798877716, 16.3704433441, 22.0127162933, 42.2912597656, 137.910247803, 44.4283752441, -7.7707452774, 23.8510417938, -0.897631347179], [45.2409553528, -8.34659194946, 16.3224601746, 21.5749359131, 7.98081064224, -0.107596889138, -10.9249696732, 19.4399738312, 44.4283752441, 87.8941116333, 39.7866897583, 4.09348678589, -2.79424405098], [-56.9485054016, 21.8162002563, 27.5982017517, 0.503345429897, 0.0606983229518, -3.43900299072, -2.70445132256, 5.39081144333, -7.7707452774, 39.7866897583, 82.3605957031, 19.6960754395, -0.024496121332], [-43.6501541138, -61.2357711792, -39.6516609192, 10.382815361, -4.9022936821, -7.38195180893, 3.28586483002, -3.23410630226, 23.8510417938, 4.09348678589, 19.6960754395, 87.02734375, 34.327507019], [10.6600522995, -12.0288591385, -10.0014228821, 16.7955875397, 10.1480455399, 8.71262931824, -2.37810730934, -5.45161867142, -0.897631347179, -2.79424405098, -0.024496121332, 34.327507019, 64.7919464111]]
        icov: [[0.000543174974155, -0.000275501050055, 6.46022817818e-005, -0.000184987133252, 0.000718520255759, -0.000846590206493, 0.000794889754616, -0.000264561647782, 0.000125776030472, -0.000582409265917, 0.000753011845518, -0.000101318124507, -4.37818052887e-005], [-0.000275501050055, 0.00215646112338, -0.000531554105692, 0.000133167821332, -0.00069904042175, -0.000271358439932, -0.000211953141843, -0.000117718263937, -0.000318918755511, 0.00128859921824, -0.00162720086519, 0.00158915296197, -0.00033400914981], [6.46022817818e-005, -0.000531554105692, 0.00278029986657, 0.000969194050413, -0.00195387727581, -0.000340536993463, 0.00089234742336, -0.00042644343921, 0.00103702966589, -0.000864182016812, -0.000278443447314, 0.000360236357665, 0.000203446805244], [-0.000184987133252, 0.000133167821332, 0.000969194050413, 0.00436007091776, -0.00233392859809, 0.000368236826034, 0.00073222926585, 0.00185449805576, -0.00246277893893, 0.000528666481841, -0.00138520612381, 0.00126401882153, -0.00110805372242], [0.000718520255759, -0.00069904042175, -0.00195387727581, -0.00233392859809, 0.00939059816301, -0.00256353686564, 1.05054787127e-005, 0.00107678829227, 0.00204205466434, -0.00299119111151, 0.00313547649421, -0.00138430250809, -0.000345790875144], [-0.000846590206493, -0.000271358439932, -0.000340536993463, 0.000368236826034, -0.00256353686564, 0.00973749440163, -0.0041632251814, 0.000734702975024, -0.00194543611724, 0.00144996773452, -0.00143907184247, 0.00157463969663, -0.00185722217429], [0.000794889754616, -0.000211953141843, 0.00089234742336, 0.00073222926585, 1.05054787127e-005, -0.0041632251814, 0.0133764464408, -0.00703252106905, -0.00053250050405, 0.00286602997221, -0.000216497515794, -0.000794725841843, 0.000772433762904], [-0.000264561647782, -0.000117718263937, -0.00042644343921, 0.00185449805576, 0.00107678829227, 0.000734702975024, -0.00703252106905, 0.0160239972174, -0.00425156997517, -0.00224288972095, -0.0011399758514, 0.00230802921578, -0.00108106632251], [0.000125776030472, -0.000318918755511, 0.00103702966589, -0.00246277893893, 0.00204205466434, -0.00194543611724, -0.00053250050405, -0.00425156997517, 0.0153720919043, -0.00988029595464, 0.00779020786285, -0.00647634873167, 0.0035041323863], [-0.000582409265917, 0.00128859921824, -0.000864182016812, 0.000528666481841, -0.00299119111151, 0.00144996773452, 0.00286602997221, -0.00224288972095, -0.00988029595464, 0.0239549987018, -0.0139293912798, 0.0053126742132, -0.00166916102171], [0.000753011845518, -0.00162720086519, -0.000278443447314, -0.00138520612381, 0.00313547649421, -0.00143907184247, -0.000216497515794, -0.0011399758514, 0.00779020786285, -0.0139293912798, 0.0227659642696, -0.00878368131816, 0.00365816708654], [-0.000101318124507, 0.00158915296197, 0.000360236357665, 0.00126401882153, -0.00138430250809, 0.00157463969663, -0.000794725841843, 0.00230802921578, -0.00647634873167, 0.0053126742132, -0.00878368131816, 0.0203778631985, -0.0104506034404], [-4.37818052887e-005, -0.00033400914981, 0.000203446805244, -0.00110805372242, -0.000345790875144, -0.00185722217429, 0.000772433762904, -0.00108106632251, 0.0035041323863, -0.00166916102171, 0.00365816708654, -0.0104506034404, 0.0214539319277]]
    sccoeffs:
        dmean: [0.0535440593958, 0.0472304336727, 0.0369499921799, 0.0304577350616, 0.0203831605613, 0.0178557261825]
        dmean2: [0.0875360518694, 0.078090839088, 0.0612725391984, 0.0504804179072, 0.0335085466504, 0.0272361822426]
        dvar: [0.00189845066052, 0.0015470481012, 0.000825677125249, 0.00056632765336, 0.000300582381897, 0.000234495499171]
        dvar2: [0.00494530890137, 0.00400176085532, 0.00229180045426, 0.00153177499305, 0.000733355002012, 0.000491783197504]
        max: [-0.279097676277, -0.400778591633, -0.454060077667, -0.510042607784, -0.507196784019, -0.560329020023]
        mean: [-0.675733566284, -0.760434687138, -0.775747597218, -0.76927369833, -0.774312257767, -0.700065612793]
        median: [-0.682206094265, -0.772233784199, -0.784272372723, -0.778317391872, -0.789108335972, -0.691700637341]
        min: [-0.959621727467, -0.966537475586, -0.957607150078, -0.965513050556, -0.957643151283, -0.95735758543]
        var: [0.00521869212389, 0.00537285069004, 0.00377512443811, 0.00283831683919, 0.00290652341209, 0.00278279650956]
    scvalleys:
        dmean: [0.356341063976, 0.334979861975, 0.281132370234, 0.23461329937, 0.181329652667, 0.201837733388]
        dmean2: [0.589258253574, 0.551543593407, 0.459150850773, 0.375397861004, 0.274536311626, 0.283435493708]
        dvar: [0.101693727076, 0.0852018073201, 0.0656272098422, 0.0542464070022, 0.0480192601681, 0.0574473403394]
        dvar2: [0.240285679698, 0.19821883738, 0.145373508334, 0.10584975034, 0.0767440125346, 0.0913439467549]
        max: [-5.46076583862, -5.10261106491, -5.38200616837, -5.78971672058, -5.56888866425, -7.98689413071]
        mean: [-6.96379852295, -6.87234163284, -7.07102012634, -7.13005542755, -6.61692237854, -9.97718048096]
        median: [-6.69565725327, -6.70243120193, -6.92859697342, -6.87449598312, -6.30828046799, -9.86880016327]
        min: [-27.6248168945, -26.9887733459, -27.2041835785, -27.0096282959, -27.2591915131, -27.2945995331]
        var: [1.15779292583, 0.739483177662, 0.856122493744, 0.663006067276, 0.647349894047, 0.524132072926]

rhythm:
    beats_loudness:
        dmean: 0.0015973187983
        dmean2: 0.00271704816259
        dvar: 1.69731777078e-006
        dvar2: 4.86925728183e-006
        max: 0.0167209394276
        mean: 0.00589331705123
        median: 0.00586565211415
        min: 0.000475528795505
        var: 5.64944639336e-006
    bpm: 114.904685974
    bpm_confidence: 0
    first_peak_bpm: 115
    first_peak_spread: 0.380531013012
    first_peak_weight: 0.419999986887
    onset_rate: 1.7845761776
    second_peak_bpm: 86
    second_peak_spread: 0.410256385803
    second_peak_weight: 0.138000011444
    beats_loudness_band_ratio:
        dmean: [0.0851143449545, 0.0963750258088, 0.0708055645227, 0.0547995641828, 0.116746097803, 0.0960208326578]
        dmean2: [0.148990854621, 0.173605427146, 0.123628675938, 0.0977912172675, 0.203185617924, 0.162779808044]
        dvar: [0.00645496696234, 0.0121978912503, 0.00962495338172, 0.00592856248841, 0.00876126810908, 0.00724899815395]
        dvar2: [0.0185678116977, 0.0348070822656, 0.0248945578933, 0.0177267212421, 0.0266327746212, 0.0203185658902]
        max: [0.689374506474, 0.883920133114, 0.711037755013, 0.778173983097, 0.714006602764, 0.80529409647]
        mean: [0.117696478963, 0.118529081345, 0.100002869964, 0.0802538990974, 0.315523445606, 0.312241077423]
        median: [0.0828333497047, 0.0725686475635, 0.060800652951, 0.0547325797379, 0.312477976084, 0.301564842463]
        min: [7.97280335973e-006, 1.67935759237e-005, 0.00235453108326, 0.00120635214262, 0.00751914503053, 0.0129719721153]
        var: [0.01144705154, 0.0151441423222, 0.011792646721, 0.00691888248548, 0.0163899902254, 0.0188088174909]
    beats_position: [0.545668900013, 1.09133780003, 1.64861679077, 2.19428563118, 2.72834467888, 3.25079369545, 3.7732424736, 4.29569149017, 4.81814050674, 5.34058952332, 5.86303853989, 6.38548755646, 6.8963265419, 7.41877555847, 7.94122457504, 8.46367359161, 8.98612213135, 9.50857162476, 10.0194101334, 10.5418596268, 11.0526981354, 11.5635375977, 12.0975961685, 12.6200447083, 13.1424942017, 13.6649427414, 14.1873922348, 14.7098407745, 15.2322902679, 15.7663488388, 16.2887973785, 16.8112468719, 17.3336963654, 17.8561439514, 18.3669834137, 18.8894329071, 19.4118824005, 19.9459400177, 20.45677948, 20.9792289734, 21.5016784668, 22.0241260529, 22.5349655151, 23.0574150085, 23.5798625946, 24.102312088, 24.6363716125, 25.158821106, 25.681268692, 26.2037181854, 26.7261676788, 27.2602272034, 27.7942848206, 28.3283443451, 28.8391838074, 29.3500213623, 29.8724708557, 30.4065303802, 30.9289798737, 31.5443077087, 32.171245575, 32.8214035034, 33.4599533081, 34.1101112366, 34.8299331665, 35.5497512817, 36.2579574585, 36.96616745, 37.6859855652, 38.4058036804, 39.1024017334, 39.7989997864, 40.4956016541, 41.192199707, 41.8771858215, 42.5621757507, 43.2587738037, 43.9669837952, 44.6635818481, 45.3485717773, 46.0451698303, 46.718547821, 47.4035377502, 48.0420837402, 48.6806335449, 49.2030830383, 49.7139205933, 50.2247619629, 50.7355995178, 51.2580490112, 51.7804985046, 52.302947998, 52.8253974915, 53.3478431702, 53.8702926636, 54.3811340332, 54.8919715881, 55.4028091431, 55.936870575, 56.4593200684, 56.9817695618, 57.5042152405, 58.0266647339, 58.5375061035, 59.0483436584, 59.5824012756, 60.1164627075, 60.6273002625, 61.1497497559, 61.6721992493, 62.2062568665, 62.7287063599, 63.2511558533, 63.7619934082, 64.2728347778, 64.7952804565, 65.3177337646, 65.8401794434, 66.3626327515, 66.8850784302, 67.4075241089, 67.929977417, 68.4524230957, 68.9748764038, 69.485710144, 70.0081634521, 70.5422210693, 71.064666748, 71.5871200562, 72.0979614258, 72.608795166, 73.1428527832, 73.6769180298, 74.210975647, 74.7218093872, 75.2442626953, 75.766708374, 76.2891616821, 76.8116073608, 77.3340606689, 77.8448944092, 78.3557357788, 78.8781814575, 79.4006347656, 79.9230804443, 80.4455337524, 80.9679794312, 81.4904327393, 82.0244903564, 82.5701599121, 83.1042175293, 83.6382751465, 84.1607208252, 84.6831741333, 85.1940155029, 85.6932373047, 86.1924667358, 86.7033081055, 87.2141494751, 87.7249908447, 88.2474365234, 88.7466659546, 89.3619918823, 89.9773254395, 90.5926513672, 91.2776412964, 91.9742355347, 92.6708374023, 93.3558273315, 94.0524215698, 94.760635376, 95.4688415527, 96.1770477295, 96.8736495972, 97.5702438354, 98.2900695801, 99.0098876953, 99.7064819336, 100.403083801, 101.111289978, 101.819496155, 102.527709961, 103.235916138, 103.955734253, 104.48979187, 105.023849487, 105.557914734, 106.068748474, 106.579589844, 107.090431213, 107.612876892, 108.1353302, 108.657775879, 109.180221558, 109.702674866, 110.225120544, 110.735961914, 111.246803284, 111.757637024, 112.280090332, 112.802536011, 113.324989319, 113.847434998, 114.369888306, 114.892333984, 115.414779663, 115.937232971, 116.45967865, 116.982131958, 117.504577637, 118.027030945, 118.549476624, 119.071922302, 119.59437561, 120.116821289, 120.639274597, 121.161720276, 121.684173584, 122.206619263, 122.717460632, 123.228294373, 123.762359619, 124.284805298, 124.795646667, 125.318092346, 125.852149963, 126.374603271, 126.89704895, 127.40789032, 127.91872406, 128.42956543, 128.92880249, 129.590560913, 130.252334595, 130.937316895, 131.622314453, 132.318908691, 133.003890991, 133.68888855, 134.385482788, 135.070480347, 135.778686523, 136.4868927, 137.183486938, 137.880081177, 138.576690674, 139.261672974, 139.958267212, 140.654876709, 141.339859009, 142.036453247, 142.733062744, 143.429656982, 144.114639282, 144.822860718, 145.519454956, 146.216049194, 146.924255371, 147.644073486, 148.37550354, 149.014053345, 149.652603149, 150.233108521, 150.813598633, 151.382492065, 151.904937744, 152.427383423, 152.96144104, 153.495513916, 154.017959595, 154.540405273, 155.062850952, 155.585296631, 156.107757568, 156.630203247, 157.152648926, 157.675094604, 158.197555542, 158.720001221, 159.242446899, 159.764892578, 160.287338257, 160.798187256, 161.320632935, 161.843078613, 162.365524292, 162.887985229, 163.410430908, 163.932876587, 164.455322266, 164.977767944, 165.500228882, 166.022674561, 166.545120239, 167.067565918, 167.590026855, 168.112472534, 168.634918213, 169.157363892, 169.67980957, 170.202270508, 170.724716187, 171.247161865, 171.757995605, 172.280456543, 172.802902222, 173.313735962, 173.836181641, 174.358642578, 174.881088257, 175.403533936, 175.925979614, 176.460037231, 176.982498169, 177.516555786, 178.039001465, 178.561447144, 179.072280884, 179.583129883, 180.093963623, 180.604797363, 181.127258301, 181.649703979, 182.172149658, 182.694595337, 183.217056274, 183.751113892, 184.261947632, 184.784393311, 185.318450928, 185.852508545, 186.363357544, 186.874191284, 187.408248901, 187.919082642, 188.441543579, 188.963989258, 189.486434937, 189.997268677, 190.519729614, 191.030563354, 191.553009033, 192.08706665, 192.609527588, 193.143585205, 193.677642822, 194.211700439, 194.72253418, 195.23336792, 195.767440796, 196.278274536, 196.789108276, 197.311553955, 197.845626831, 198.36807251, 198.890518188, 199.412963867, 199.935409546, 200.457870483, 200.980316162, 201.502761841, 202.013595581, 202.52444458, 203.046890259, 203.569335938, 204.091781616, 204.614242554, 205.148300171, 205.682357788, 206.216415405, 206.738861084, 207.249694824, 207.772155762, 208.29460144, 208.817047119, 209.339492798, 209.861953735, 210.372787476, 210.883621216, 211.406066895, 211.928527832, 212.439361572, 212.961807251, 213.495864868, 214.018310547, 214.552383423, 215.074829102, 215.59727478, 216.119720459, 216.630569458, 217.153015137, 217.663848877, 218.186294556, 218.708755493, 219.231201172, 219.753646851, 220.264480591, 220.786941528, 221.309387207, 221.843444824, 222.38911438, 222.911560059, 223.434005737, 223.956451416, 224.478912354, 224.989746094, 225.512191772, 226.034637451, 226.557098389, 227.091156006, 227.6484375, 228.205703735, 228.739776611, 229.273834229, 229.807891846, 230.341949463, 230.852783203, 231.375228882, 231.897689819, 232.420135498, 232.942581177, 233.59274292, 234.242904663, 234.893051147, 235.554824829, 236.204986572, 236.913192749, 237.633010864, 238.352828979, 239.084259033, 239.804077148, 240.512283325, 241.220489502, 241.928695679, 242.613693237, 243.298675537, 244.006881714, 244.715103149, 245.400085449, 246.085067749, 246.781677246, 247.489883423, 248.186477661, 248.87147522, 249.568069458, 250.264663696, 250.949661255, 251.576599121, 252.203536987, 252.818862915, 253.434188843, 254.037902832, 254.722900391, 255.431106567, 256.139312744, 256.835906982, 257.532501221, 258.217498779, 258.902496338, 259.599090576, 260.295684814, 260.992279053, 261.700500488, 262.408691406, 263.174957275, 263.929595947, 264.626220703, 265.311187744, 266.007781982, 266.716003418, 267.412597656, 268.097595215, 268.794189453, 269.32824707, 269.850708008, 270.384765625, 270.918823242, 271.452880859, 271.975311279, 272.509368896, 273.020233154, 273.554290771, 274.088348389, 274.622406006, 275.295776367, 275.957550049, 276.61932373, 277.292694092, 278.012512207, 278.720733643, 279.417327881, 280.125518799, 280.822113037, 281.460662842, 282.099212646, 282.772613525, 283.457580566, 284.142578125, 284.815948486, 285.489349365, 286.162719727]
