
metadata:
    version:
        essentia: "2.1-beta2"
    audio_properties:
        analysis_sample_rate: 44100
        bitrate: 320
        channels: 2
        equal_loudness: 1
        length: 205.008972168
        replay_gain: -15.7913160324
        downmix: "mix"
    tags:
        album: "Born From Ashes"
        artist: "Born From Ashes"
        comment: ""
        date: "2013"
        genre: "Alternative Metal / Alternative Rock"
        title: "My Decree"
        tracknumber: "2/10"

configuration:
    average_loudness:
        compute: 1
        frameSize: 88200
        hopSize: 44100
        silentFrames: "noise"
        windowType: "hann"
    general:
        analysisSampleRate: 44100
        endTime: 2000
        equalLoudness: 1
        nequalLoudness: 0
        shortSound: 0
        startTime: 0
    lowlevel:
        compute: 1
        frameSize: 2048
        hopSize: 1024
        zeroPadding: 0
        silentFrames: "noise"
        windowType: "blackmanharris62"
        mfccStats: ["mean", "cov", "icov"]
        stats: ["mean", "var", "median", "min", "max", "dmean", "dmean2", "dvar", "dvar2"]
    panning:
        compute: 0
        frameSize: 8192
        hopSize: 2048
        zeroPadding: 8192
        silentFrames: "noise"
        windowType: "hann"
        stats: ["copy"]
    rhythm:
        compute: 1
        maxTempo: 208
        minTempo: 40
        method: "degara"
        stats: ["mean", "var", "median", "min", "max", "dmean", "dmean2", "dvar", "dvar2"]
    segmentation:
        compute: 0
        cpw: 5
        inc1: 300
        inc2: 50
        minimumSegmentsLength: 10
        size1: 1000
        size2: 600
    sfx:
        compute: 1
        stats: ["mean", "var", "median", "min", "max", "dmean", "dmean2", "dvar", "dvar2"]
    svm:
        compute: 0
    tonal:
        compute: 1
        frameSize: 4096
        hopSize: 2048
        zeroPadding: 0
        silentFrames: "noise"
        windowType: "blackmanharris62"
        stats: ["mean", "var", "median", "min", "max", "dmean", "dmean2", "dvar", "dvar2"]

lowlevel:
    average_loudness: 0.944253504276
    barkbands_kurtosis:
        dmean: 0.974279761314
        dmean2: 1.57191824913
        dvar: 2.34590363503
        dvar2: 5.61451244354
        max: 49.5769577026
        mean: 0.550368010998
        median: -0.275825560093
        min: -1.89900147915
        var: 8.13395309448
    barkbands_skewness:
        dmean: 0.358377605677
        dmean2: 0.566122531891
        dvar: 0.123306296766
        dvar2: 0.307711660862
        max: 5.74191522598
        mean: -1.00734567642
        median: -0.974631071091
        min: -4.72607374191
        var: 0.531688868999
    barkbands_spread:
        dmean: 5.32006692886
        dmean2: 8.60967540741
        dvar: 25.5374336243
        dvar2: 64.5513763428
        max: 62.9375839233
        mean: 27.4037818909
        median: 26.9197273254
        min: 2.30788016319
        var: 99.0525436401
    dissonance:
        dmean: 0.00744750211015
        dmean2: 0.0126883760095
        dvar: 5.43387577636e-005
        dvar2: 0.000148334482219
        max: 0.500000059605
        mean: 0.488416075706
        median: 0.491122037172
        min: 0.383907616138
        var: 9.43561535678e-005
    hfc:
        dmean: 2.83611917496
        dmean2: 4.57243156433
        dvar: 8.40022182465
        dvar2: 20.8283462524
        max: 60.8553695679
        mean: 14.1744832993
        median: 13.3594379425
        min: 1.13903035046e-016
        var: 42.7946090698
    pitch:
        dmean: 1124.40112305
        dmean2: 2153.265625
        dvar: 2046444.25
        dvar2: 4962207.5
        max: 4395.75878906
        mean: 2214.54492188
        median: 3416.29003906
        min: 58.2599906921
        var: 2728548.25
    pitch_instantaneous_confidence:
        dmean: 0.071141384542
        dmean2: 0.119640178978
        dvar: 0.00334703712724
        dvar2: 0.0091399140656
        max: 0.877236068249
        mean: 0.347740411758
        median: 0.328778296709
        min: 0.0989947915077
        var: 0.0112579623237
    pitch_salience:
        dmean: 0.0470047108829
        dmean2: 0.0784496590495
        dvar: 0.00179757806472
        dvar2: 0.0048556625843
        max: 0.853407740593
        mean: 0.709254562855
        median: 0.722708582878
        min: 0.277653604746
        var: 0.00437095109373
    silence_rate_20dB:
        dmean: 0
        dmean2: 0
        dvar: 0
        dvar2: 0
        max: 1
        mean: 1
        median: 1
        min: 1
        var: 0
    silence_rate_30dB:
        dmean: 0
        dmean2: 0
        dvar: 0
        dvar2: 0
        max: 1
        mean: 1
        median: 1
        min: 1
        var: 0
    silence_rate_60dB:
        dmean: 0.0437195599079
        dmean2: 0.087449029088
        dvar: 0.0418090894818
        dvar2: 0.0947551131248
        max: 1
        mean: 0.0833522081375
        median: 0
        min: 0
        var: 0.0764096751809
    spectral_centroid:
        dmean: 224.236465454
        dmean2: 355.328369141
        dvar: 58537.390625
        dvar2: 130030.242188
        max: 11156.9541016
        mean: 2496.61401367
        median: 2532.13134766
        min: 191.681091309
        var: 203719.015625
    spectral_complexity:
        dmean: 4.23445463181
        dmean2: 6.76891708374
        dvar: 13.0482149124
        dvar2: 31.1314105988
        max: 47
        mean: 24.9358997345
        median: 26
        min: 0
        var: 65.1756210327
    spectral_crest:
        dmean: 1.52013218403
        dmean2: 2.58540773392
        dvar: 2.12672972679
        dvar2: 5.86938619614
        max: 21.9569969177
        mean: 6.20953512192
        median: 5.76431274414
        min: 2.75583052635
        var: 4.00743246078
    spectral_decrease:
        dmean: 2.10575390458e-010
        dmean2: 3.38464062333e-010
        dvar: 4.2119939856e-020
        dvar2: 1.02942265341e-019
        max: -5.55822298615e-029
        mean: -1.15082232632e-009
        median: -1.12365095006e-009
        min: -3.31991611979e-009
        var: 1.80425539939e-019
    spectral_energy:
        dmean: 0.00101001828443
        dmean2: 0.00162407534663
        dvar: 9.7071745131e-007
        dvar2: 2.36022015088e-006
        max: 0.0178674086928
        mean: 0.00562912551686
        median: 0.00547345262021
        min: 1.05411155516e-020
        var: 4.55420968137e-006
    spectral_energyband_high:
        dmean: 0.000247038842645
        dmean2: 0.000408363353927
        dvar: 5.35097548493e-008
        dvar2: 1.42430025107e-007
        max: 0.00395683571696
        mean: 0.000886389520019
        median: 0.000852774246596
        min: 7.51022077399e-021
        var: 1.68893748764e-007
    spectral_energyband_low:
        dmean: 0.000130623331643
        dmean2: 0.000220011192141
        dvar: 3.28074918343e-008
        dvar2: 8.77552821521e-008
        max: 0.00313944020309
        mean: 0.000200682829018
        median: 0.000137948867632
        min: 1.11262784851e-022
        var: 4.8977238265e-008
    spectral_energyband_middle_high:
        dmean: 0.000819658744149
        dmean2: 0.00132995971944
        dvar: 7.11387087904e-007
        dvar2: 1.79058542926e-006
        max: 0.0163943879306
        mean: 0.00371848791838
        median: 0.00339290313423
        min: 1.48345684502e-021
        var: 3.50598816112e-006
    spectral_energyband_middle_low:
        dmean: 0.000407807878219
        dmean2: 0.000658774923068
        dvar: 3.78914677412e-007
        dvar2: 9.89381078398e-007
        max: 0.00614127609879
        mean: 0.000960719422437
        median: 0.000736675458029
        min: 3.72622979798e-022
        var: 6.48939419534e-007
    spectral_flatness_db:
        dmean: 0.0111233275384
        dmean2: 0.0178939830512
        dvar: 9.54928837018e-005
        dvar2: 0.000236185660469
        max: 0.356154352427
        mean: 0.155270755291
        median: 0.15090483427
        min: 0.0654102563858
        var: 0.000763372809161
    spectral_flux:
        dmean: 0.00577852269635
        dmean2: 0.00890816934407
        dvar: 2.99134644592e-005
        dvar2: 6.56692791381e-005
        max: 0.104896388948
        mean: 0.0472848154604
        median: 0.046738229692
        min: 1.02669935054e-010
        var: 0.00015498198627
    spectral_kurtosis:
        dmean: 0.943959891796
        dmean2: 1.64878296852
        dvar: 0.822547852993
        dvar2: 2.55230689049
        max: 21.0002422333
        mean: 3.57319355011
        median: 3.28876161575
        min: -1.15558075905
        var: 2.0096514225
    spectral_rms:
        dmean: 0.000209003294003
        dmean2: 0.00033353472827
        dvar: 3.84674905263e-008
        dvar2: 8.95382896715e-008
        max: 0.00417511863634
        mean: 0.00228453311138
        median: 0.00231083389372
        min: 3.20687009933e-012
        var: 2.72743733376e-007
    spectral_rolloff:
        dmean: 196.87348938
        dmean2: 326.360534668
        dvar: 62329.6054688
        dvar2: 113880.984375
        max: 18841.5527344
        mean: 4005.6484375
        median: 4026.70898438
        min: 215.33203125
        var: 125016.367188
    spectral_skewness:
        dmean: 0.13731482625
        dmean2: 0.230030864477
        dvar: 0.0159720368683
        dvar2: 0.0434062182903
        max: 3.60666656494
        mean: 1.01321160793
        median: 0.998146355152
        min: -0.0256356131285
        var: 0.0614177696407
    spectral_spread:
        dmean: 249895.03125
        dmean2: 380282.90625
        dvar: 168848441344
        dvar2: 206628487168
        max: 39143096
        mean: 3609066.25
        median: 3512427
        min: 1275230.125
        var: 895592235008
    spectral_strongpeak:
        dmean: 0.723292827606
        dmean2: 1.23847258091
        dvar: 0.690358042717
        dvar2: 1.80007553101
        max: 13.3128614426
        mean: 1.17706656456
        median: 0.865218818188
        min: 2.58612642412e-009
        var: 1.39945578575
    zerocrossingrate:
        dmean: 0.00612737936899
        dmean2: 0.0076966797933
        dvar: 4.29191022704e-005
        dvar2: 5.45108814549e-005
        max: 0.4775390625
        mean: 0.127686157823
        median: 0.12890625
        min: 0.048828125
        var: 0.000274839258054
    barkbands:
        dmean: [3.47480693108e-007, 3.48509311152e-005, 8.00076086307e-005, 0.000104852959339, 0.000190639038919, 8.36729450384e-005, 6.13550000708e-005, 7.62377167121e-005, 7.80088957981e-005, 0.000114409216621, 8.28357515275e-005, 6.16865509073e-005, 4.44966681243e-005, 5.62072964385e-005, 0.000102260593849, 0.000195679967874, 0.000274499121588, 0.00022270406771, 0.000383881648304, 0.000288717797957, 0.000134126530611, 2.23014267249e-005, 2.22033327191e-006, 8.6709661673e-007, 3.43031643979e-007, 1.85124786611e-008, 3.49021728185e-010]
        dmean2: [4.74445755572e-007, 6.0434682382e-005, 0.000135921000037, 0.000179683338501, 0.000314694392728, 0.000139457348268, 0.000103963946458, 0.000122480574646, 0.000126050668769, 0.000184682896361, 0.000136998933158, 0.000102933103335, 7.46528967284e-005, 9.24374471651e-005, 0.000166666679434, 0.000328302558046, 0.00046678527724, 0.000374662777176, 0.000643285457045, 0.000484421820147, 0.000224223884288, 3.75604613509e-005, 3.54050621354e-006, 1.3143309161e-006, 5.01931481267e-007, 2.7884523135e-008, 5.99593319439e-010]
        dvar: [3.14172651653e-013, 3.14651527056e-009, 1.50560097723e-008, 2.84790697691e-008, 1.17920905041e-007, 4.65449048193e-008, 1.84997084318e-008, 3.66210208824e-008, 3.53713112133e-008, 4.50816308728e-008, 2.02304377694e-008, 1.20835537132e-008, 4.62192861761e-009, 9.43769329353e-009, 3.21785940116e-008, 5.47697958098e-008, 1.10990448832e-007, 1.05546483553e-007, 2.50710172622e-007, 7.96384895807e-008, 1.50521710651e-008, 4.80101347566e-010, 1.29512693972e-011, 5.06426324487e-012, 1.15919481045e-012, 3.18454254971e-015, 4.48700039075e-019]
        dvar2: [5.99306357579e-013, 8.58352322552e-009, 4.00473751938e-008, 8.0283200532e-008, 3.14535270718e-007, 1.21331396485e-007, 4.97448198189e-008, 8.2677587443e-008, 8.98452157116e-008, 1.13545986835e-007, 5.19632017415e-008, 3.13851842293e-008, 1.22455388052e-008, 2.31602648171e-008, 7.36652268074e-008, 1.43700432886e-007, 3.07869669314e-007, 2.83705674065e-007, 6.71863119805e-007, 2.20072195134e-007, 4.06059683655e-008, 1.23107757322e-009, 2.8731952581e-011, 9.5227185512e-012, 2.02676699208e-012, 6.36558897092e-015, 1.12135343873e-018]
        max: [6.97283030604e-006, 0.000502272334415, 0.00245255930349, 0.00201695854776, 0.00404881266877, 0.00566055718809, 0.00299422326498, 0.00291608460248, 0.00393781904131, 0.00345729291439, 0.00381728936918, 0.00264234724455, 0.00168982613832, 0.00216452637687, 0.00341931963339, 0.00529546709731, 0.00611652480438, 0.00708831753582, 0.0126651683822, 0.00537466770038, 0.00191865745001, 0.000362095714081, 0.000118311567348, 7.86384698586e-005, 5.40257206012e-005, 1.99355326913e-006, 1.64618203513e-008]
        mean: [4.82668269797e-007, 4.16082766606e-005, 0.000100729201222, 0.000130794651341, 0.000293132470688, 0.000115404800454, 8.36231920402e-005, 0.000111645036668, 0.000129198379, 0.000220755013288, 0.000154143039254, 0.000110638902697, 8.0311918282e-005, 9.83288773568e-005, 0.000183231226401, 0.000400283082854, 0.000605719920713, 0.000456414330984, 0.000995967886411, 0.000843564746901, 0.000400549237384, 6.36157710687e-005, 6.003987437e-006, 2.17345723286e-006, 7.83404971116e-007, 4.0981259275e-008, 5.59697788116e-010]
        median: [3.2653026949e-008, 2.39087457885e-005, 5.32695557922e-005, 7.6503805758e-005, 0.000190134873264, 6.55766343698e-005, 4.8847112339e-005, 4.82821924379e-005, 5.46775845578e-005, 7.4392897659e-005, 7.00939126546e-005, 5.87746872043e-005, 4.58350259578e-005, 5.54275829927e-005, 0.000116095019621, 0.000338942918461, 0.00049530598335, 0.000328194728354, 0.000753765343688, 0.000777376175392, 0.000381163408747, 5.99415870965e-005, 4.97736527905e-006, 1.46081788444e-006, 4.84497718389e-007, 2.0384440802e-008, 2.41063058404e-010]
        min: [2.50511868131e-023, 5.50747406166e-023, 1.42317622827e-023, 7.32686435705e-023, 9.47941964279e-023, 9.09492757541e-023, 5.93998567006e-023, 2.09557349598e-023, 2.95804727211e-023, 5.08818376202e-023, 2.73888341107e-023, 2.38170814533e-022, 5.57209502266e-023, 9.1521502833e-023, 1.07460967537e-022, 1.73696821475e-022, 1.47876444792e-022, 1.4763082506e-022, 2.28098991905e-022, 4.55514035095e-022, 4.06606678455e-022, 6.29924340237e-022, 7.79423503465e-022, 7.50683621992e-022, 1.2463217733e-021, 1.45127031034e-021, 2.15054135541e-021]
        var: [6.05236563991e-013, 2.90520185686e-009, 2.02858387865e-008, 2.99982971796e-008, 1.37593545446e-007, 4.40136638247e-008, 1.72259273512e-008, 6.50320188811e-008, 7.73069999127e-008, 1.34419778419e-007, 5.55380239575e-008, 2.08027781667e-008, 8.77999184468e-009, 1.74726739743e-008, 6.59794920921e-008, 9.23746625858e-008, 2.19709065163e-007, 1.89134212292e-007, 6.91189256941e-007, 2.14626439288e-007, 3.84244209783e-008, 1.01286423693e-009, 3.34493335807e-011, 1.4924289235e-011, 3.27215598367e-012, 8.1324124545e-015, 1.12710834105e-018]
    frequency_bands:
        dmean: [3.47480693108e-007, 3.48509311152e-005, 8.00076086307e-005, 0.000104852959339, 0.000190639038919, 8.36729450384e-005, 6.13550000708e-005, 7.62377167121e-005, 7.80088957981e-005, 0.000114409216621, 8.28357515275e-005, 6.16865509073e-005, 4.44966681243e-005, 5.62072964385e-005, 0.000102260593849, 0.000195679967874, 0.000274499121588, 0.00022270406771, 0.000383881648304, 0.000288717797957, 0.000134126530611, 2.23014267249e-005, 2.22033327191e-006, 8.6709661673e-007, 3.43031643979e-007, 1.85124786611e-008, 3.49021728185e-010, 6.49772458061e-011]
        dmean2: [4.74445755572e-007, 6.0434682382e-005, 0.000135921000037, 0.000179683338501, 0.000314694392728, 0.000139457348268, 0.000103963946458, 0.000122480574646, 0.000126050668769, 0.000184682896361, 0.000136998933158, 0.000102933103335, 7.46528967284e-005, 9.24374471651e-005, 0.000166666679434, 0.000328302558046, 0.00046678527724, 0.000374662777176, 0.000643285457045, 0.000484421820147, 0.000224223884288, 3.75604613509e-005, 3.54050621354e-006, 1.3143309161e-006, 5.01931481267e-007, 2.7884523135e-008, 5.99593319439e-010, 1.20241261392e-010]
        dvar: [3.14172651653e-013, 3.14651527056e-009, 1.50560097723e-008, 2.84790697691e-008, 1.17920905041e-007, 4.65449048193e-008, 1.84997084318e-008, 3.66210208824e-008, 3.53713112133e-008, 4.50816308728e-008, 2.02304377694e-008, 1.20835537132e-008, 4.62192861761e-009, 9.43769329353e-009, 3.21785940116e-008, 5.47697958098e-008, 1.10990448832e-007, 1.05546483553e-007, 2.50710172622e-007, 7.96384895807e-008, 1.50521710651e-008, 4.80101347566e-010, 1.29512693972e-011, 5.06426324487e-012, 1.15919481045e-012, 3.18454254971e-015, 4.48700039075e-019, 6.99447123869e-021]
        dvar2: [5.99306357579e-013, 8.58352322552e-009, 4.00473751938e-008, 8.0283200532e-008, 3.14535270718e-007, 1.21331396485e-007, 4.97448198189e-008, 8.2677587443e-008, 8.98452157116e-008, 1.13545986835e-007, 5.19632017415e-008, 3.13851842293e-008, 1.22455388052e-008, 2.31602648171e-008, 7.36652268074e-008, 1.43700432886e-007, 3.07869669314e-007, 2.83705674065e-007, 6.71863119805e-007, 2.20072195134e-007, 4.06059683655e-008, 1.23107757322e-009, 2.8731952581e-011, 9.5227185512e-012, 2.02676699208e-012, 6.36558897092e-015, 1.12135343873e-018, 2.19770595801e-020]
        max: [6.97283030604e-006, 0.000502272334415, 0.00245255930349, 0.00201695854776, 0.00404881266877, 0.00566055718809, 0.00299422326498, 0.00291608460248, 0.00393781904131, 0.00345729291439, 0.00381728936918, 0.00264234724455, 0.00168982613832, 0.00216452637687, 0.00341931963339, 0.00529546709731, 0.00611652480438, 0.00708831753582, 0.0126651683822, 0.00537466770038, 0.00191865745001, 0.000362095714081, 0.000118311567348, 7.86384698586e-005, 5.40257206012e-005, 1.99355326913e-006, 1.64618203513e-008, 9.4529906125e-010]
        mean: [4.82668269797e-007, 4.16082766606e-005, 0.000100729201222, 0.000130794651341, 0.000293132470688, 0.000115404800454, 8.36231920402e-005, 0.000111645036668, 0.000129198379, 0.000220755013288, 0.000154143039254, 0.000110638902697, 8.0311918282e-005, 9.83288773568e-005, 0.000183231226401, 0.000400283082854, 0.000605719920713, 0.000456414330984, 0.000995967886411, 0.000843564746901, 0.000400549237384, 6.36157710687e-005, 6.003987437e-006, 2.17345723286e-006, 7.83404971116e-007, 4.0981259275e-008, 5.59697788116e-010, 5.11862947861e-011]
        median: [3.2653026949e-008, 2.39087457885e-005, 5.32695557922e-005, 7.6503805758e-005, 0.000190134873264, 6.55766343698e-005, 4.8847112339e-005, 4.82821924379e-005, 5.46775845578e-005, 7.4392897659e-005, 7.00939126546e-005, 5.87746872043e-005, 4.58350259578e-005, 5.54275829927e-005, 0.000116095019621, 0.000338942918461, 0.00049530598335, 0.000328194728354, 0.000753765343688, 0.000777376175392, 0.000381163408747, 5.99415870965e-005, 4.97736527905e-006, 1.46081788444e-006, 4.84497718389e-007, 2.0384440802e-008, 2.41063058404e-010, 2.11678348461e-011]
        min: [2.50511868131e-023, 5.50747406166e-023, 1.42317622827e-023, 7.32686435705e-023, 9.47941964279e-023, 9.09492757541e-023, 5.93998567006e-023, 2.09557349598e-023, 2.95804727211e-023, 5.08818376202e-023, 2.73888341107e-023, 2.38170814533e-022, 5.57209502266e-023, 9.1521502833e-023, 1.07460967537e-022, 1.73696821475e-022, 1.47876444792e-022, 1.4763082506e-022, 2.28098991905e-022, 4.55514035095e-022, 4.06606678455e-022, 6.29924340237e-022, 7.79423503465e-022, 7.50683621992e-022, 1.2463217733e-021, 1.45127031034e-021, 2.15054135541e-021, 9.39078701801e-022]
        var: [6.05236563991e-013, 2.90520185686e-009, 2.02858387865e-008, 2.99982971796e-008, 1.37593545446e-007, 4.40136638247e-008, 1.72259273512e-008, 6.50320188811e-008, 7.73069999127e-008, 1.34419778419e-007, 5.55380239575e-008, 2.08027781667e-008, 8.77999184468e-009, 1.74726739743e-008, 6.59794920921e-008, 9.23746625858e-008, 2.19709065163e-007, 1.89134212292e-007, 6.91189256941e-007, 2.14626439288e-007, 3.84244209783e-008, 1.01286423693e-009, 3.34493335807e-011, 1.4924289235e-011, 3.27215598367e-012, 8.1324124545e-015, 1.12710834105e-018, 5.95027122982e-021]
    mfcc:
        mean: [-694.561096191, 85.6799087524, -73.2027664185, 67.6063156128, -23.1310768127, -2.65617513657, -0.324392467737, -3.92931246758, 3.64276003838, -7.53387069702, -12.4130754471, -6.1778883934, -3.06466722488]
        cov: [[3800.90893555, 653.404724121, -526.606262207, 313.085998535, -194.308929443, 60.9287147522, 34.937374115, 52.5285797119, 46.7939033508, -54.9581642151, -121.602462769, -50.2084159851, -32.519153595], [653.404724121, 450.374328613, -77.3445510864, 113.980491638, -28.6088428497, 70.9346160889, 26.4086952209, 27.9291229248, 44.6078681946, -5.59423112869, -10.7596473694, -13.5525112152, -1.7848649025], [-526.606262207, -77.3445510864, 371.120391846, 3.97548913956, 112.625389099, 23.0047187805, -19.6848602295, 0.942260921001, 10.1194524765, 54.6871795654, 23.6827201843, 29.1989650726, 10.6050710678], [313.085998535, 113.980491638, 3.97548913956, 316.324371338, 83.4753265381, 30.1203269958, -33.4324607849, -27.1944961548, 43.7276496887, 24.061882019, 15.9324884415, 14.1263065338, 12.0149240494], [-194.308929443, -28.6088428497, 112.625389099, 83.4753265381, 142.675125122, 33.2519645691, -9.48801803589, -9.71517181396, 4.10376119614, 28.2409820557, 13.9986066818, 19.0262432098, 6.44720172882], [60.9287147522, 70.9346160889, 23.0047187805, 30.1203269958, 33.2519645691, 128.403121948, 64.1595611572, 36.144329071, 12.5453166962, 7.79085636139, 9.02419185638, 13.1347913742, 16.4041500092], [34.937374115, 26.4086952209, -19.6848602295, -33.4324607849, -9.48801803589, 64.1595611572, 122.603889465, 65.496711731, 0.719024419785, -14.4281311035, 3.17949795723, 10.3869628906, 8.50155162811], [52.5285797119, 27.9291229248, 0.942260921001, -27.1944961548, -9.71517181396, 36.144329071, 65.496711731, 94.7845916748, 30.4861221313, 14.2835235596, -3.54024243355, 1.25478899479, 1.42695879936], [46.7939033508, 44.6078681946, 10.1194524765, 43.7276496887, 4.10376119614, 12.5453166962, 0.719024419785, 30.4861221313, 87.9453353882, 44.392414093, 8.73839473724, -2.27464127541, 4.26935005188], [-54.9581642151, -5.59423112869, 54.6871795654, 24.061882019, 28.2409820557, 7.79085636139, -14.4281311035, 14.2835235596, 44.392414093, 80.5887145996, 34.1575317383, 13.5070514679, -5.05258178711], [-121.602462769, -10.7596473694, 23.6827201843, 15.9324884415, 13.9986066818, 9.02419185638, 3.17949795723, -3.54024243355, 8.73839473724, 34.1575317383, 65.4716644287, 30.0193576813, 7.51574468613], [-50.2084159851, -13.5525112152, 29.1989650726, 14.1263065338, 19.0262432098, 13.1347913742, 10.3869628906, 1.25478899479, -2.27464127541, 13.5070514679, 30.0193576813, 60.0425643921, 27.5701904297], [-32.519153595, -1.7848649025, 10.6050710678, 12.0149240494, 6.44720172882, 16.4041500092, 8.50155162811, 1.42695879936, 4.26935005188, -5.05258178711, 7.51574468613, 27.5701904297, 51.8176956177]]
        icov: [[0.000520145986229, -0.000492843042593, 0.000504790397827, -0.000572463031858, 0.000616050150711, -0.000109852502646, 1.23701474877e-005, -0.000211406950257, 0.000447743164841, -0.000668019230943, 0.00121259165462, -0.000536623760127, 0.000308409071295], [-0.000492843042593, 0.00359099917114, -0.000237346044742, -0.000726501515601, 0.000864473113324, -0.00192568078637, 0.000473346590297, -0.000281904882286, -0.00150232028682, 0.00146071310155, -0.000905728200451, 0.000566357455682, 0.00055983371567], [0.000504790397827, -0.000237346044742, 0.00456777913496, 0.000394861184759, -0.00256481394172, -0.000511696736794, 0.000934127310757, -0.000601671112236, 0.000570772273932, -0.00240736315027, 0.00146557064727, -0.00124544650316, -0.000205048709176], [-0.000572463031858, -0.000726501515601, 0.000394861184759, 0.00592421647161, -0.00441706506535, -0.000265684182523, 0.00112840649672, 0.00186069635674, -0.00334329763427, 0.0016515214229, -0.0019757533446, -0.000245219183853, -0.00058789603645], [0.000616050150711, 0.000864473113324, -0.00256481394172, -0.00441706506535, 0.0139662995934, -0.00334355188534, 0.000142830103869, 0.000538613938261, 0.00268750218675, -0.0034290982876, 0.00295233470388, -0.00192868208978, 0.00129018293228], [-0.000109852502646, -0.00192568078637, -0.000511696736794, -0.000265684182523, -0.00334355188534, 0.0140364104882, -0.00748394010589, 0.00014449536684, 0.000664031249471, -0.0020083617419, -0.000400396238547, 0.00146097934339, -0.00374241149984], [1.23701474877e-005, 0.000473346590297, 0.000934127310757, 0.00112840649672, 0.000142830103869, -0.00748394010589, 0.0201302599162, -0.0123962191865, 0.000840418389998, 0.0073503665626, -0.00413982197642, -0.00249043805525, 0.00153434427921], [-0.000211406950257, -0.000281904882286, -0.000601671112236, 0.00186069635674, 0.000538613938261, 0.00014449536684, -0.0123962191865, 0.0228686202317, -0.0063793817535, -0.00517480028793, 0.00481486134231, -0.000636685581412, 0.000502035662066], [0.000447743164841, -0.00150232028682, 0.000570772273932, -0.00334329763427, 0.00268750218675, 0.000664031249471, 0.000840418389998, -0.0063793817535, 0.0224578138441, -0.0135840699077, 0.00273394747637, 0.00468469318002, -0.00568313058466], [-0.000668019230943, 0.00146071310155, -0.00240736315027, 0.0016515214229, -0.0034290982876, -0.0020083617419, 0.0073503665626, -0.00517480028793, -0.0135840699077, 0.0312868580222, -0.0141407642514, -0.00304909190163, 0.00758305331692], [0.00121259165462, -0.000905728200451, 0.00146557064727, -0.0019757533446, 0.00295233470388, -0.000400396238547, -0.00413982197642, 0.00481486134231, 0.00273394747637, -0.0141407642514, 0.0294838491827, -0.0118767498061, 0.00163267960306], [-0.000536623760127, 0.000566357455682, -0.00124544650316, -0.000245219183853, -0.00192868208978, 0.00146097934339, -0.00249043805525, -0.000636685581412, 0.00468469318002, -0.00304909190163, -0.0118767498061, 0.0317143462598, -0.0156365502626], [0.000308409071295, 0.00055983371567, -0.000205048709176, -0.00058789603645, 0.00129018293228, -0.00374241149984, 0.00153434427921, 0.000502035662066, -0.00568313058466, 0.00758305331692, 0.00163267960306, -0.0156365502626, 0.029738644138]]
    sccoeffs:
        dmean: [0.0563486143947, 0.0445983745158, 0.0364580638707, 0.0305008757859, 0.0189238861203, 0.0170503947884]
        dmean2: [0.0904450714588, 0.0742116123438, 0.060473293066, 0.0507407225668, 0.0321451611817, 0.0270285792649]
        dvar: [0.00202094810084, 0.00126432732213, 0.000833094876725, 0.000577924540266, 0.000226000280236, 0.000228472461458]
        dvar2: [0.00518363062292, 0.00337211322039, 0.00224607577547, 0.001574607566, 0.000636003445834, 0.000541965709999]
        max: [-0.257526606321, -0.45069950819, -0.488920450211, -0.563116848469, -0.621407926083, -0.520406782627]
        mean: [-0.66837990284, -0.784220933914, -0.785979092121, -0.782086908817, -0.796370089054, -0.684657871723]
        median: [-0.670910358429, -0.790897965431, -0.791228652, -0.785556972027, -0.798993349075, -0.682324528694]
        min: [-0.959292292595, -0.968220710754, -0.960618913174, -0.960202157497, -0.962082028389, -0.961065649986]
        var: [0.00605379603803, 0.00329069653526, 0.0035166060552, 0.0018115065759, 0.000829671625979, 0.00167977588717]
    scvalleys:
        dmean: [0.413814365864, 0.346198141575, 0.278921067715, 0.226206615567, 0.167810201645, 0.1903218925]
        dmean2: [0.677637159824, 0.568278670311, 0.45998647809, 0.367514520884, 0.272099584341, 0.28691214323]
        dvar: [0.134434476495, 0.0942041575909, 0.0688805505633, 0.0533575862646, 0.0406047590077, 0.0574391148984]
        dvar2: [0.295773684978, 0.210036337376, 0.137474626303, 0.0956591293216, 0.0598339699209, 0.100420251489]
        max: [-5.47434234619, -5.02551269531, -5.47856521606, -5.68361377716, -5.44806003571, -7.81616783142]
        mean: [-7.21913290024, -6.75239753723, -6.86943769455, -6.95542526245, -6.33559751511, -9.84681987762]
        median: [-6.96500873566, -6.63812446594, -6.73886585236, -6.83662605286, -6.20010280609, -9.72517776489]
        min: [-27.8689231873, -27.0062179565, -27.3325500488, -27.2500495911, -27.1721000671, -27.1923809052]
        var: [1.31600522995, 0.789472401142, 0.910671710968, 0.76432043314, 0.733747363091, 0.570811927319]

rhythm:
    beats_loudness:
        dmean: 0.00160253269132
        dmean2: 0.00275538722053
        dvar: 1.73357784661e-006
        dvar2: 4.96243410453e-006
        max: 0.0123023269698
        mean: 0.00561598408967
        median: 0.00551133183762
        min: 1.13000164781e-009
        var: 4.06882509196e-006
    bpm: 124.130958557
    bpm_confidence: 0
    first_peak_bpm: 123
    first_peak_spread: 0.514534890652
    first_peak_weight: 0.409313738346
    onset_rate: 1.26335942745
    second_peak_bpm: 94
    second_peak_spread: 0.357142835855
    second_peak_weight: 0.0661764740944
    beats_loudness_band_ratio:
        dmean: [0.0713249593973, 0.0643311738968, 0.063883267343, 0.063470095396, 0.0957463979721, 0.0930692926049]
        dmean2: [0.124094054103, 0.116926126182, 0.115699030459, 0.114545226097, 0.16410022974, 0.162155151367]
        dvar: [0.00571398297325, 0.00531539320946, 0.00618494767696, 0.00657006865367, 0.00631885277107, 0.00600556842983]
        dvar2: [0.0161704644561, 0.016414642334, 0.0184378121048, 0.0193372424692, 0.0177688114345, 0.0171730667353]
        max: [0.473913967609, 0.403525680304, 0.497056156397, 0.664115250111, 0.644579827785, 0.720190107822]
        mean: [0.090713724494, 0.0715086907148, 0.0815913975239, 0.0995119735599, 0.317888140678, 0.379275560379]
        median: [0.0667630285025, 0.052420206368, 0.0501579456031, 0.072804056108, 0.306943356991, 0.379639446735]
        min: [0.00036774209002, 0.00487547786906, 0.00333001860417, 0.00460810726508, 0.0622324757278, 0.0522806271911]
        var: [0.00679246615618, 0.00466301431879, 0.00662544136867, 0.00748670706525, 0.00894248206168, 0.0107875047252]
    beats_position: [0.487619042397, 0.975238084793, 1.46285712719, 1.97369611263, 2.47292518616, 2.97215414047, 3.45977306366, 3.94739222527, 4.43501138687, 4.93424034119, 5.4334692955, 5.93269824982, 6.43192720413, 6.91954612732, 7.41877555847, 7.90639448166, 8.40562343597, 8.893242836, 9.38086128235, 9.86848068237, 10.3560991287, 10.8321084976, 11.3081178665, 11.7957363129, 12.2717456818, 12.7477550507, 13.235373497, 13.722992897, 14.1990022659, 14.6750106812, 15.1626300812, 15.6386394501, 16.114648819, 16.5906581879, 17.0782756805, 17.5658950806, 18.0535144806, 18.5411338806, 19.0287532806, 19.5163707733, 19.9923801422, 20.4683895111, 20.94439888, 21.4204082489, 21.8964176178, 22.3724250793, 22.8484344482, 23.3360538483, 23.8120632172, 24.2996826172, 24.7873020172, 25.2633094788, 25.7509288788, 26.2385482788, 26.7261676788, 27.2021770477, 27.6781845093, 28.1541938782, 28.6418132782, 29.1178226471, 29.593832016, 30.0698413849, 30.5574588776, 31.0334682465, 31.5094776154, 31.9970970154, 32.4847145081, 32.960723877, 33.4367332458, 33.9243545532, 34.4119720459, 34.8879814148, 35.3639907837, 35.8516082764, 36.3392295837, 36.8268470764, 37.3028564453, 37.7788658142, 38.2664833069, 38.7424926758, 39.2185020447, 39.7061233521, 40.1937408447, 40.6813583374, 41.1689796448, 41.6565971375, 42.1326065063, 42.6086158752, 43.0730133057, 43.5374145508, 44.0134239197, 44.4894332886, 44.9770507813, 45.4646720886, 45.9522895813, 46.439907074, 46.9275283813, 47.415145874, 47.8911552429, 48.3671646118, 48.8431739807, 49.3191833496, 49.8068008423, 50.2828102112, 50.7588195801, 51.2464370728, 51.7340583801, 52.210067749, 52.6860771179, 53.1736946106, 53.661315918, 54.1373214722, 54.6133308411, 55.08934021, 55.5653495789, 56.0413589478, 56.5173683167, 57.0049858093, 57.4926071167, 57.9802246094, 58.4678459167, 58.9554634094, 59.4430847168, 59.919090271, 60.3950996399, 60.8711090088, 61.3471183777, 61.8347396851, 62.3223571777, 62.7983665466, 63.2859840393, 63.7619934082, 64.2380065918, 64.7256240845, 65.2016296387, 65.6892471313, 66.1768722534, 66.6528778076, 67.1288909912, 67.6048965454, 68.0809020996, 68.7310638428, 69.3812255859, 70.0197753906, 70.6583175659, 71.2968673706, 71.9354171753, 72.57396698, 73.2125167847, 73.8510665894, 74.489616394, 75.1397705078, 75.789932251, 76.4284820557, 77.0670318604, 77.7171859741, 78.3673477173, 79.005897522, 79.6444396973, 80.282989502, 80.9215393066, 81.5717010498, 82.2102508545, 82.8487930298, 83.4989547729, 84.1491165161, 84.7760543823, 85.414604187, 86.0531539917, 86.7033081055, 87.3534698486, 87.9920196533, 88.6305618286, 89.2691116333, 89.907661438, 90.5578231812, 91.2079772949, 91.8465270996, 92.4850769043, 93.123626709, 93.7621765137, 94.4123306274, 95.0508804321, 95.5268936157, 96.0145111084, 96.5021286011, 96.9781417847, 97.4541473389, 97.9417648315, 98.4177780151, 98.8937835693, 99.381401062, 99.8690261841, 100.345031738, 100.821044922, 101.308662415, 101.784667969, 102.260681152, 102.748298645, 103.224304199, 103.700317383, 104.187934875, 104.675552368, 105.163169861, 105.650794983, 106.138412476, 106.626029968, 107.102035522, 107.566436768, 108.042449951, 108.530067444, 109.006072998, 109.482086182, 109.958091736, 110.445709229, 110.921722412, 111.409339905, 111.896957397, 112.372970581, 112.848976135, 113.336593628, 113.812606812, 114.288612366, 114.776237488, 115.26385498, 115.751472473, 116.227478027, 116.703491211, 117.191108704, 117.678726196, 118.15473938, 118.630744934, 119.118362427, 119.59437561, 120.070381165, 120.546394348, 121.034011841, 121.510017395, 121.997642517, 122.473648071, 122.949661255, 123.437278748, 123.92489624, 124.400901794, 124.888526917, 125.364532471, 125.828933716, 126.316551208, 126.804168701, 127.291786194, 127.779411316, 128.267028809, 128.76625061, 129.265487671, 129.764709473, 130.263946533, 130.763168335, 131.262405396, 131.750015259, 132.237640381, 132.725265503, 133.212875366, 133.700500488, 134.188110352, 134.675735474, 135.163360596, 135.639358521, 136.126983643, 136.602996826, 137.078994751, 137.555007935, 138.042633057, 138.53024292, 139.02947998, 139.528701782, 140.027938843, 140.527160645, 141.037994385, 141.537231445, 142.036453247, 142.524078369, 143.011703491, 143.499313354, 143.986938477, 144.46295166, 144.938949585, 145.414962769, 145.902587891, 146.378585815, 146.866210938, 147.35383606, 147.829833984, 148.317459106, 148.79347229, 149.269470215, 149.757095337, 150.233108521, 150.720718384, 151.196731567, 151.672744751, 152.148742676, 152.624755859, 153.112380981, 153.599990845, 154.087615967, 154.575241089, 155.051239014, 155.527252197, 156.014877319, 156.502487183, 156.978500366, 157.466125488, 157.942123413, 158.418136597, 158.89414978, 159.358551025, 159.846160889, 160.322174072, 160.821395874, 161.309020996, 161.78503418, 162.261047363, 162.748657227, 163.236282349, 163.712280273, 164.188293457, 164.675918579, 165.163528442, 165.639541626, 166.127166748, 166.614776611, 167.090789795, 167.578414917, 168.054412842, 168.530426025, 169.006439209, 169.482452393, 169.970062256, 170.457687378, 170.945297241, 171.432922363, 171.908935547, 172.408157349, 172.872558594, 173.348571777, 173.824569702, 174.312194824, 174.799819946, 175.28742981, 175.763442993, 176.239456177, 176.703857422, 177.179855347, 177.65586853, 178.143493652, 178.631103516, 179.118728638, 179.606338501, 180.082351685, 180.558364868, 181.04598999, 181.533599854, 182.009613037, 182.485626221, 182.961624146, 183.437637329, 183.925262451, 184.412872314, 184.900497437, 185.3881073, 185.875732422, 186.363357544, 186.850967407, 187.326980591, 187.814605713, 188.302215576, 188.801452637, 189.300674438, 189.799911499, 190.299133301, 190.798370361, 191.309204102, 191.785217285, 192.272827148, 192.748840332, 193.236465454, 193.712463379, 194.200088501, 194.676101685, 195.140487671, 195.628112793, 196.115737915, 196.603347778, 197.0909729, 197.566986084, 198.042984009, 198.530609131, 199.018234253, 199.529067993, 200.039901733, 200.550750732, 201.003540039, 201.467926025, 201.932327271, 202.396728516, 202.861129761, 203.325531006, 203.789932251, 204.254333496]
