
metadata:
    version:
        essentia: "2.1-beta2"
    audio_properties:
        analysis_sample_rate: 44100
        bitrate: 320
        channels: 2
        equal_loudness: 1
        length: 330.605712891
        replay_gain: -14.1858997345
        downmix: "mix"
    tags:
        album: "Born From Ashes"
        artist: "Born From Ashes"
        comment: ""
        date: "2013"
        genre: "Alternative Metal / Alternative Rock"
        title: "Sheltered"
        tracknumber: "9/10"

configuration:
    average_loudness:
        compute: 1
        frameSize: 88200
        hopSize: 44100
        silentFrames: "noise"
        windowType: "hann"
    general:
        analysisSampleRate: 44100
        endTime: 2000
        equalLoudness: 1
        nequalLoudness: 0
        shortSound: 0
        startTime: 0
    lowlevel:
        compute: 1
        frameSize: 2048
        hopSize: 1024
        zeroPadding: 0
        silentFrames: "noise"
        windowType: "blackmanharris62"
        mfccStats: ["mean", "cov", "icov"]
        stats: ["mean", "var", "median", "min", "max", "dmean", "dmean2", "dvar", "dvar2"]
    panning:
        compute: 0
        frameSize: 8192
        hopSize: 2048
        zeroPadding: 8192
        silentFrames: "noise"
        windowType: "hann"
        stats: ["copy"]
    rhythm:
        compute: 1
        maxTempo: 208
        minTempo: 40
        method: "degara"
        stats: ["mean", "var", "median", "min", "max", "dmean", "dmean2", "dvar", "dvar2"]
    segmentation:
        compute: 0
        cpw: 5
        inc1: 300
        inc2: 50
        minimumSegmentsLength: 10
        size1: 1000
        size2: 600
    sfx:
        compute: 1
        stats: ["mean", "var", "median", "min", "max", "dmean", "dmean2", "dvar", "dvar2"]
    svm:
        compute: 0
    tonal:
        compute: 1
        frameSize: 4096
        hopSize: 2048
        zeroPadding: 0
        silentFrames: "noise"
        windowType: "blackmanharris62"
        stats: ["mean", "var", "median", "min", "max", "dmean", "dmean2", "dvar", "dvar2"]

lowlevel:
    average_loudness: 0.919577717781
    barkbands_kurtosis:
        dmean: 1.16723644733
        dmean2: 1.82629549503
        dvar: 73.3865432739
        dvar2: 161.726928711
        max: 924.421386719
        mean: 0.910497069359
        median: -0.838015556335
        min: -1.918207407
        var: 448.131713867
    barkbands_skewness:
        dmean: 0.377853155136
        dmean2: 0.588976740837
        dvar: 0.164415046573
        dvar2: 0.386085629463
        max: 10.0370540619
        mean: -0.505906760693
        median: -0.587988257408
        min: -21.0999717712
        var: 1.12542259693
    barkbands_spread:
        dmean: 5.53439664841
        dmean2: 9.05107688904
        dvar: 28.1273288727
        dvar2: 74.2105407715
        max: 64.4742050171
        mean: 30.6934108734
        median: 30.0435523987
        min: 0.0326098166406
        var: 110.848709106
    dissonance:
        dmean: 0.00975895673037
        dmean2: 0.0166745632887
        dvar: 0.000189677637536
        dvar2: 0.000544988317415
        max: 0.500000178814
        mean: 0.48425590992
        median: 0.489106088877
        min: 0.187357321382
        var: 0.000370161229512
    hfc:
        dmean: 2.1967189312
        dmean2: 3.38852930069
        dvar: 5.35082435608
        dvar2: 12.2512998581
        max: 49.0154571533
        mean: 11.9903774261
        median: 11.6120605469
        min: 1.08659166566e-016
        var: 36.2599868774
    pitch:
        dmean: 1079.29504395
        dmean2: 2060.96386719
        dvar: 2010832.375
        dvar2: 4874904
        max: 4287.65332031
        mean: 1695.77490234
        median: 701.538452148
        min: 69.6851196289
        var: 2673752.25
    pitch_instantaneous_confidence:
        dmean: 0.0701522454619
        dmean2: 0.114754378796
        dvar: 0.00331288506277
        dvar2: 0.00846795458347
        max: 0.997335135937
        mean: 0.34491738677
        median: 0.314507305622
        min: 0.121676564217
        var: 0.0179981905967
    pitch_salience:
        dmean: 0.0517541766167
        dmean2: 0.0844996273518
        dvar: 0.00218724855222
        dvar2: 0.00548573257402
        max: 0.887540698051
        mean: 0.679990768433
        median: 0.702811121941
        min: 0.0329321995378
        var: 0.0098884543404
    silence_rate_20dB:
        dmean: 0
        dmean2: 0
        dvar: 0
        dvar2: 0
        max: 1
        mean: 1
        median: 1
        min: 1
        var: 0
    silence_rate_30dB:
        dmean: 0
        dmean2: 0
        dvar: 0
        dvar2: 0
        max: 1
        mean: 1
        median: 1
        min: 1
        var: 0
    silence_rate_60dB:
        dmean: 0.0387694910169
        dmean2: 0.0775444284081
        dvar: 0.0372668839991
        dvar2: 0.0838895142078
        max: 1
        mean: 0.120443850756
        median: 0
        min: 0
        var: 0.105942972004
    spectral_centroid:
        dmean: 255.318634033
        dmean2: 402.327270508
        dvar: 60964.9414063
        dvar2: 140223.578125
        max: 10640.3408203
        mean: 2161.59082031
        median: 2228.11669922
        min: 259.960906982
        var: 269643.03125
    spectral_complexity:
        dmean: 3.84323644638
        dmean2: 6.05815839767
        dvar: 10.6928787231
        dvar2: 25.2261619568
        max: 49
        mean: 23.1835098267
        median: 25
        min: 0
        var: 84.6846237183
    spectral_crest:
        dmean: 1.54332065582
        dmean2: 2.53125977516
        dvar: 2.37240743637
        dvar2: 5.71430206299
        max: 26.9278297424
        mean: 6.32268333435
        median: 5.39847183228
        min: 2.28371143341
        var: 10.2077951431
    spectral_decrease:
        dmean: 2.10881659357e-010
        dmean2: 3.26324106625e-010
        dvar: 4.77531561497e-020
        dvar2: 1.07367209866e-019
        max: -2.72039819464e-028
        mean: -1.14484655089e-009
        median: -1.1195173677e-009
        min: -3.49985618264e-009
        var: 2.35630204003e-019
    spectral_energy:
        dmean: 0.00094094715314
        dmean2: 0.00144301867113
        dvar: 9.11441190965e-007
        dvar2: 2.03180684366e-006
        max: 0.0176551286131
        mean: 0.00540848914534
        median: 0.00530096422881
        min: 1.08824382219e-020
        var: 5.3159901654e-006
    spectral_energyband_high:
        dmean: 0.000212002269109
        dmean2: 0.000345633830875
        dvar: 5.86327253416e-008
        dvar2: 1.56190566258e-007
        max: 0.00601000245661
        mean: 0.000767226272728
        median: 0.00069166830508
        min: 7.47911910608e-021
        var: 2.61854438577e-007
    spectral_energyband_low:
        dmean: 0.000203643605346
        dmean2: 0.000347721710568
        dvar: 8.76636647718e-008
        dvar2: 2.38867102098e-007
        max: 0.00368766696192
        mean: 0.000299794482999
        median: 0.000200040856726
        min: 2.02192471612e-022
        var: 1.06225243712e-007
    spectral_energyband_middle_high:
        dmean: 0.00066726753721
        dmean2: 0.00103080377448
        dvar: 5.26368125975e-007
        dvar2: 1.18630862289e-006
        max: 0.0153729608282
        mean: 0.00316389277577
        median: 0.00307155610062
        min: 1.74927050687e-021
        var: 2.69187466984e-006
    spectral_energyband_middle_low:
        dmean: 0.000554167374503
        dmean2: 0.000878976250533
        dvar: 5.37406435797e-007
        dvar2: 1.30073567561e-006
        max: 0.0102955633774
        mean: 0.00137934682425
        median: 0.00107352272607
        min: 5.6211340244e-022
        var: 1.0840400364e-006
    spectral_flatness_db:
        dmean: 0.0112437130883
        dmean2: 0.0177136287093
        dvar: 0.000107251675217
        dvar2: 0.00024749932345
        max: 0.635486185551
        mean: 0.156011104584
        median: 0.144668653607
        min: 0.0596372447908
        var: 0.00279771443456
    spectral_flux:
        dmean: 0.00588386040181
        dmean2: 0.00892917439342
        dvar: 3.27406014549e-005
        dvar2: 7.08160805516e-005
        max: 0.107629671693
        mean: 0.04455466941
        median: 0.0447125323117
        min: 1.04318928495e-010
        var: 0.000205092306715
    spectral_kurtosis:
        dmean: 1.3779668808
        dmean2: 2.41715788841
        dvar: 9.98753547668
        dvar2: 30.5059986115
        max: 152.975814819
        mean: 4.35008335114
        median: 3.14998340607
        min: -1.23333513737
        var: 51.3651771545
    spectral_rms:
        dmean: 0.000195236643776
        dmean2: 0.000297275488265
        dvar: 3.23045767914e-008
        dvar2: 7.10010823468e-008
        max: 0.00415024301037
        mean: 0.00222073611803
        median: 0.00227413116954
        min: 3.25837577406e-012
        var: 3.44885989989e-007
    spectral_rolloff:
        dmean: 228.489181519
        dmean2: 373.583648682
        dvar: 69817.859375
        dvar2: 148898.53125
        max: 18389.3554688
        mean: 3774.0065918
        median: 3919.04296875
        min: 193.798828125
        var: 465605.9375
    spectral_skewness:
        dmean: 0.161363333464
        dmean2: 0.273856669664
        dvar: 0.0508512221277
        dvar2: 0.156098440289
        max: 9.75200462341
        mean: 1.13455724716
        median: 1.05469477177
        min: -0.0631718859076
        var: 0.470319122076
    spectral_spread:
        dmean: 263344.875
        dmean2: 385562.96875
        dvar: 152205066240
        dvar2: 213159411712
        max: 41930484
        mean: 3702566.25
        median: 3597033.5
        min: 610532.375
        var: 1.02656468582e+012
    spectral_strongpeak:
        dmean: 0.621492683887
        dmean2: 1.05800557137
        dvar: 0.714615225792
        dvar2: 1.80418789387
        max: 11.8488883972
        mean: 0.940425753593
        median: 0.515522897243
        min: 2.1888827556e-011
        var: 1.3243817091
    zerocrossingrate:
        dmean: 0.00714047020301
        dmean2: 0.00895042810589
        dvar: 4.77835710626e-005
        dvar2: 6.65623811074e-005
        max: 0.47265625
        mean: 0.115931250155
        median: 0.119140625
        min: 0.01513671875
        var: 0.000520109606441
    barkbands:
        dmean: [1.68875430973e-007, 4.03963204008e-005, 0.000125131162349, 0.00015649877605, 0.000253027625149, 0.000111283756269, 8.44692331157e-005, 9.74253707682e-005, 0.000117807161587, 0.000140104515594, 7.44375720387e-005, 7.01996468706e-005, 4.7264402383e-005, 7.18574083294e-005, 9.72123307292e-005, 0.00018453571829, 0.000222955524805, 0.000154465305968, 0.000272916367976, 0.00023733524722, 0.000122101089801, 1.7170141291e-005, 2.07678863262e-006, 9.69119582805e-007, 4.01641045755e-007, 2.0743327056e-008, 3.1670419065e-010]
        dmean2: [2.40198062329e-007, 6.88719010213e-005, 0.000213921885006, 0.000263945548795, 0.000412665278418, 0.000183311582077, 0.000141529002576, 0.000160912299179, 0.000188606529264, 0.000224429735681, 0.000121658376884, 0.000117668227176, 7.88190081948e-005, 0.000120003765915, 0.0001577330695, 0.000304889224935, 0.000368961045751, 0.000252027821261, 0.000448372215033, 0.000394296133891, 0.000201619652216, 2.80930726149e-005, 3.25408359458e-006, 1.40924919378e-006, 5.90417300828e-007, 3.04879890223e-008, 5.29068400201e-010]
        dvar: [7.18068589615e-014, 3.41739325727e-009, 3.67820014446e-008, 4.99946466448e-008, 1.91392089732e-007, 3.64322723101e-008, 3.24269890939e-008, 8.28949566767e-008, 5.59219337504e-008, 7.12757568522e-008, 2.13909050473e-008, 1.52987595925e-008, 8.91126283875e-009, 1.87985111921e-008, 3.17901367453e-008, 7.83247955383e-008, 7.14165580007e-008, 7.37148795338e-008, 1.2782392389e-007, 6.71730333579e-008, 1.99900274112e-008, 4.3575987263e-010, 1.38812607242e-011, 4.40698866289e-012, 1.95352978585e-012, 6.47314436753e-015, 2.53682852185e-019]
        dvar2: [1.50137687656e-013, 9.48126821498e-009, 9.98624329895e-008, 1.31816435101e-007, 4.77927756037e-007, 8.93139144864e-008, 8.33002715694e-008, 2.02377762548e-007, 1.36561240538e-007, 1.78843109211e-007, 5.24242729227e-008, 4.2024559832e-008, 2.29056773549e-008, 5.00193806374e-008, 7.42199688375e-008, 1.87355425396e-007, 1.74199612957e-007, 1.72356678263e-007, 3.17610300726e-007, 1.81035247238e-007, 5.17735401218e-008, 1.10321918267e-009, 3.23027646298e-011, 8.96342462059e-012, 4.35819262623e-012, 1.3246256136e-014, 6.18472190658e-019]
        max: [2.34919070863e-006, 0.000664393766783, 0.00234948750585, 0.00359180173837, 0.00534482626244, 0.00603477843106, 0.00638202158734, 0.0096424985677, 0.00522483792156, 0.00561753567308, 0.00441170204431, 0.00308259320445, 0.00250738137402, 0.00452338485047, 0.00515737012029, 0.00856653600931, 0.0051449467428, 0.00809437781572, 0.00863116886467, 0.00603167107329, 0.00519539695233, 0.000598149432335, 0.000156672060257, 7.7991062426e-005, 7.08349762135e-005, 3.36880293617e-006, 2.79098468781e-008]
        mean: [2.22651095783e-007, 5.5765016441e-005, 0.000153374683578, 0.000193411411601, 0.000354751711711, 0.000177746187546, 0.00011608996283, 0.000136483387905, 0.000227743104915, 0.00027477851836, 0.000138140138006, 0.000129062609631, 8.28489064588e-005, 0.000128090090584, 0.000182856092579, 0.000381530204322, 0.000502512441017, 0.000340324419085, 0.000714324123692, 0.000695335154887, 0.000362108985428, 5.1869195886e-005, 5.72834096602e-006, 2.43932549893e-006, 9.14605493563e-007, 4.67412597516e-008, 5.58328827616e-010]
        median: [5.38860085442e-008, 3.82785874535e-005, 8.54040772538e-005, 0.000112991074275, 0.000193572472199, 0.000109082277049, 6.54617688269e-005, 6.63586979499e-005, 0.000104254533653, 0.000120210919704, 5.29868520971e-005, 6.3790132117e-005, 4.7052741138e-005, 6.91175737302e-005, 0.00011129630002, 0.000304161716485, 0.000423623248935, 0.000256806553807, 0.000621184706688, 0.000636409851722, 0.000315652985591, 4.51081250503e-005, 4.60752562503e-006, 1.45965145748e-006, 5.05817354224e-007, 1.71004987948e-008, 2.2410473477e-010]
        min: [7.46483297393e-024, 1.58895897626e-022, 3.62153104268e-023, 1.40035574446e-023, 1.15050377426e-022, 2.60458631062e-023, 3.7339396196e-023, 2.44413746141e-022, 1.1832384726e-022, 6.80907183608e-023, 7.67479871681e-023, 6.37781988077e-023, 1.36311289537e-022, 6.13177290225e-023, 1.36699080937e-022, 3.02452300288e-022, 1.14739275928e-022, 2.92808557763e-022, 4.02468503473e-022, 3.67054934472e-022, 4.7345437291e-022, 7.05435974108e-022, 7.20793391993e-022, 8.6295819353e-022, 1.12986338644e-021, 1.43524560448e-021, 2.06049963573e-021]
        var: [1.25427690153e-013, 3.62064778159e-009, 4.20078229979e-008, 6.26567029371e-008, 2.44761821477e-007, 5.70099487618e-008, 3.60670497912e-008, 9.66937463431e-008, 1.42987417462e-007, 2.05847356938e-007, 7.18298451829e-008, 2.99982794161e-008, 1.36256987915e-008, 3.17202193401e-008, 6.27910239359e-008, 1.56209750912e-007, 1.70944574052e-007, 1.35931102818e-007, 3.0155771924e-007, 1.92754015416e-007, 7.29736839844e-008, 1.46652023858e-009, 3.75996664359e-011, 1.14798665365e-011, 3.93764057818e-012, 1.4349368319e-014, 7.55441254279e-019]
    frequency_bands:
        dmean: [1.68875430973e-007, 4.03963204008e-005, 0.000125131162349, 0.00015649877605, 0.000253027625149, 0.000111283756269, 8.44692331157e-005, 9.74253707682e-005, 0.000117807161587, 0.000140104515594, 7.44375720387e-005, 7.01996468706e-005, 4.7264402383e-005, 7.18574083294e-005, 9.72123307292e-005, 0.00018453571829, 0.000222955524805, 0.000154465305968, 0.000272916367976, 0.00023733524722, 0.000122101089801, 1.7170141291e-005, 2.07678863262e-006, 9.69119582805e-007, 4.01641045755e-007, 2.0743327056e-008, 3.1670419065e-010, 6.09966382958e-011]
        dmean2: [2.40198062329e-007, 6.88719010213e-005, 0.000213921885006, 0.000263945548795, 0.000412665278418, 0.000183311582077, 0.000141529002576, 0.000160912299179, 0.000188606529264, 0.000224429735681, 0.000121658376884, 0.000117668227176, 7.88190081948e-005, 0.000120003765915, 0.0001577330695, 0.000304889224935, 0.000368961045751, 0.000252027821261, 0.000448372215033, 0.000394296133891, 0.000201619652216, 2.80930726149e-005, 3.25408359458e-006, 1.40924919378e-006, 5.90417300828e-007, 3.04879890223e-008, 5.29068400201e-010, 1.13055863282e-010]
        dvar: [7.18068589615e-014, 3.41739325727e-009, 3.67820014446e-008, 4.99946466448e-008, 1.91392089732e-007, 3.64322723101e-008, 3.24269890939e-008, 8.28949566767e-008, 5.59219337504e-008, 7.12757568522e-008, 2.13909050473e-008, 1.52987595925e-008, 8.91126283875e-009, 1.87985111921e-008, 3.17901367453e-008, 7.83247955383e-008, 7.14165580007e-008, 7.37148795338e-008, 1.2782392389e-007, 6.71730333579e-008, 1.99900274112e-008, 4.3575987263e-010, 1.38812607242e-011, 4.40698866289e-012, 1.95352978585e-012, 6.47314436753e-015, 2.53682852185e-019, 6.59312223612e-021]
        dvar2: [1.50137687656e-013, 9.48126821498e-009, 9.98624329895e-008, 1.31816435101e-007, 4.77927756037e-007, 8.93139144864e-008, 8.33002715694e-008, 2.02377762548e-007, 1.36561240538e-007, 1.78843109211e-007, 5.24242729227e-008, 4.2024559832e-008, 2.29056773549e-008, 5.00193806374e-008, 7.42199688375e-008, 1.87355425396e-007, 1.74199612957e-007, 1.72356678263e-007, 3.17610300726e-007, 1.81035247238e-007, 5.17735401218e-008, 1.10321918267e-009, 3.23027646298e-011, 8.96342462059e-012, 4.35819262623e-012, 1.3246256136e-014, 6.18472190658e-019, 2.07770466935e-020]
        max: [2.34919070863e-006, 0.000664393766783, 0.00234948750585, 0.00359180173837, 0.00534482626244, 0.00603477843106, 0.00638202158734, 0.0096424985677, 0.00522483792156, 0.00561753567308, 0.00441170204431, 0.00308259320445, 0.00250738137402, 0.00452338485047, 0.00515737012029, 0.00856653600931, 0.0051449467428, 0.00809437781572, 0.00863116886467, 0.00603167107329, 0.00519539695233, 0.000598149432335, 0.000156672060257, 7.7991062426e-005, 7.08349762135e-005, 3.36880293617e-006, 2.79098468781e-008, 7.87876208719e-010]
        mean: [2.22651095783e-007, 5.5765016441e-005, 0.000153374683578, 0.000193411411601, 0.000354751711711, 0.000177746187546, 0.00011608996283, 0.000136483387905, 0.000227743104915, 0.00027477851836, 0.000138140138006, 0.000129062609631, 8.28489064588e-005, 0.000128090090584, 0.000182856092579, 0.000381530204322, 0.000502512441017, 0.000340324419085, 0.000714324123692, 0.000695335154887, 0.000362108985428, 5.1869195886e-005, 5.72834096602e-006, 2.43932549893e-006, 9.14605493563e-007, 4.67412597516e-008, 5.58328827616e-010, 4.77147661659e-011]
        median: [5.38860085442e-008, 3.82785874535e-005, 8.54040772538e-005, 0.000112991074275, 0.000193572472199, 0.000109082277049, 6.54617688269e-005, 6.63586979499e-005, 0.000104254533653, 0.000120210919704, 5.29868520971e-005, 6.3790132117e-005, 4.7052741138e-005, 6.91175737302e-005, 0.00011129630002, 0.000304161716485, 0.000423623248935, 0.000256806553807, 0.000621184706688, 0.000636409851722, 0.000315652985591, 4.51081250503e-005, 4.60752562503e-006, 1.45965145748e-006, 5.05817354224e-007, 1.71004987948e-008, 2.2410473477e-010, 1.84379005119e-011]
        min: [7.46483297393e-024, 1.58895897626e-022, 3.62153104268e-023, 1.40035574446e-023, 1.15050377426e-022, 2.60458631062e-023, 3.7339396196e-023, 2.44413746141e-022, 1.1832384726e-022, 6.80907183608e-023, 7.67479871681e-023, 6.37781988077e-023, 1.36311289537e-022, 6.13177290225e-023, 1.36699080937e-022, 3.02452300288e-022, 1.14739275928e-022, 2.92808557763e-022, 4.02468503473e-022, 3.67054934472e-022, 4.7345437291e-022, 7.05435974108e-022, 7.20793391993e-022, 8.6295819353e-022, 1.12986338644e-021, 1.43524560448e-021, 2.06049963573e-021, 7.13971423858e-022]
        var: [1.25427690153e-013, 3.62064778159e-009, 4.20078229979e-008, 6.26567029371e-008, 2.44761821477e-007, 5.70099487618e-008, 3.60670497912e-008, 9.66937463431e-008, 1.42987417462e-007, 2.05847356938e-007, 7.18298451829e-008, 2.99982794161e-008, 1.36256987915e-008, 3.17202193401e-008, 6.27910239359e-008, 1.56209750912e-007, 1.70944574052e-007, 1.35931102818e-007, 3.0155771924e-007, 1.92754015416e-007, 7.29736839844e-008, 1.46652023858e-009, 3.75996664359e-011, 1.14798665365e-011, 3.93764057818e-012, 1.4349368319e-014, 7.55441254279e-019, 5.48373005523e-021]
    mfcc:
        mean: [-698.442810059, 99.1210174561, -67.5405578613, 61.2323036194, -22.2095432281, -3.93539834023, 0.445614993572, -4.97772550583, 6.20086765289, -3.97300338745, -10.2737131119, -5.65833854675, -3.64490747452]
        cov: [[5876.05615234, 342.507873535, -341.903106689, 1295.91992188, -92.0647506714, 336.332977295, 49.516040802, -1.69441950321, 146.303009033, -49.0445976257, -50.7717247009, 52.3748550415, -124.61782074], [342.507873535, 440.937133789, -165.31729126, 124.030189514, -72.4513244629, -14.3804225922, 19.6653633118, -36.9466438293, -2.24530792236, -24.9352684021, 16.3204078674, -37.2320518494, -17.6433563232], [-341.903106689, -165.31729126, 302.648468018, -17.4790019989, 109.771652222, 2.66040682793, -14.2610654831, 10.3160219193, -7.04942560196, 10.1118583679, -5.7258939743, 16.0621089935, 4.9210319519], [1295.91992188, 124.030189514, -17.4790019989, 827.328796387, 105.546417236, 221.714920044, -5.61830663681, -54.3375930786, 131.222991943, -71.4942092896, -15.7996301651, 25.7073917389, 18.3868103027], [-92.0647506714, -72.4513244629, 109.771652222, 105.546417236, 140.790771484, 54.868309021, -9.73773288727, -9.49284267426, 22.949546814, -4.96632814407, -11.7396392822, 12.8184614182, 14.7670688629], [336.332977295, -14.3804225922, 2.66040682793, 221.714920044, 54.868309021, 178.189224243, 59.581703186, 8.96207809448, 38.3416862488, -37.3958244324, -11.0933713913, 21.4342861176, 15.2443666458], [49.516040802, 19.6653633118, -14.2610654831, -5.61830663681, -9.73773288727, 59.581703186, 105.319862366, 46.2444000244, 1.25063824654, -9.77733421326, -1.35361504555, 1.38952672482, -2.32769370079], [-1.69441950321, -36.9466438293, 10.3160219193, -54.3375930786, -9.49284267426, 8.96207809448, 46.2444000244, 89.4697189331, 31.5736083984, 30.5025539398, -6.30015563965, 0.663039803505, -10.5985136032], [146.303009033, -2.24530792236, -7.04942560196, 131.222991943, 22.949546814, 38.3416862488, 1.25063824654, 31.5736083984, 105.691246033, 29.9387779236, -3.58882379532, 0.635020852089, 5.1134095192], [-49.0445976257, -24.9352684021, 10.1118583679, -71.4942092896, -4.96632814407, -37.3958244324, -9.77733421326, 30.5025539398, 29.9387779236, 87.1457901001, 23.867105484, 0.465982109308, -18.1598758698], [-50.7717247009, 16.3204078674, -5.7258939743, -15.7996301651, -11.7396392822, -11.0933713913, -1.35361504555, -6.30015563965, -3.58882379532, 23.867105484, 64.5516281128, 20.1700439453, 0.180592656136], [52.3748550415, -37.2320518494, 16.0621089935, 25.7073917389, 12.8184614182, 21.4342861176, 1.38952672482, 0.663039803505, 0.635020852089, 0.465982109308, 20.1700439453, 59.2022094727, 25.7408256531], [-124.61782074, -17.6433563232, 4.9210319519, 18.3868103027, 14.7670688629, 15.2443666458, -2.32769370079, -10.5985136032, 5.1134095192, -18.1598758698, 0.180592656136, 25.7408256531, 61.1532554626]]
        icov: [[0.00039207842201, 2.6933269055e-006, 0.000275837024674, -0.000802481023129, 0.000580937659834, -0.00012492564565, 5.88524526393e-005, -0.000327227870002, 0.000629072659649, -0.000564243062399, 0.000682488025632, -0.000807716452982, 0.00097303756047], [2.6933269055e-006, 0.0037503009662, 0.00150188140105, -0.00111265433952, 0.000471026229206, 0.00186294130981, -0.00217997678556, 0.00137352827005, 0.000216527696466, 0.000402561301598, -0.00139037182089, 0.0021195942536, 9.14610864129e-005], [0.000275837024674, 0.00150188140105, 0.00600721454248, -0.000831381417811, -0.00419612368569, 0.00149305502418, -0.000239161061472, -0.00148186262231, 0.00192722980864, -0.000297077262076, -6.10525312368e-005, -0.000687545340043, 0.00117733946536], [-0.000802481023129, -0.00111265433952, -0.000831381417811, 0.00497707538307, -0.00182181422133, -0.00298011559062, 0.00147785700392, 0.00260491925292, -0.00549517758191, 0.00350160105154, -0.00139106984716, 8.91918170964e-005, -0.000229448138271], [0.000580937659834, 0.000471026229206, -0.00419612368569, -0.00182181422133, 0.0144514720887, -0.00400886498392, 0.00153150339611, 0.00190029840451, -0.000180273404112, -0.00275043607689, 0.00295105716214, -0.000853184727021, -0.000348841713276], [-0.00012492564565, 0.00186294130981, 0.00149305502418, -0.00298011559062, -0.00400886498392, 0.0155004402623, -0.00959709007293, 0.00135914143175, -0.00200563226826, 0.00345012266189, 0.000102247911855, -0.0025292779319, 0.00028968648985], [5.88524526393e-005, -0.00217997678556, -0.000239161061472, 0.00147785700392, 0.00153150339611, -0.00959709007293, 0.0209007747471, -0.0120600303635, 0.00377188553102, 0.00242732861079, -0.00241688499227, 0.00178923748899, -0.000546715513337], [-0.000327227870002, 0.00137352827005, -0.00148186262231, 0.00260491925292, 0.00190029840451, 0.00135914143175, -0.0120600303635, 0.0255125947297, -0.0100006898865, -0.00426138658077, 0.00477874046192, -0.00336148077622, 0.00320194638334], [0.000629072659649, 0.000216527696466, 0.00192722980864, -0.00549517758191, -0.000180273404112, -0.00200563226826, 0.00377188553102, -0.0100006898865, 0.0225260462612, -0.0105674341321, 0.00210843211971, 0.00337861268781, -0.00465460773557], [-0.000564243062399, 0.000402561301598, -0.000297077262076, 0.00350160105154, -0.00275043607689, 0.00345012266189, 0.00242732861079, -0.00426138658077, -0.0105674341321, 0.0246744211763, -0.00951931253076, -0.000621072598733, 0.00559576414526], [0.000682488025632, -0.00139037182089, -6.10525312368e-005, -0.00139106984716, 0.00295105716214, 0.000102247911855, -0.00241688499227, 0.00477874046192, 0.00210843211971, -0.00951931253076, 0.0240557380021, -0.0109556429088, 0.00294823083095], [-0.000807716452982, 0.0021195942536, -0.000687545340043, 8.91918170964e-005, -0.000853184727021, -0.0025292779319, 0.00178923748899, -0.00336148077622, 0.00337861268781, -0.000621072598733, -0.0109556429088, 0.0298295281827, -0.0136744026095], [0.00097303756047, 9.14610864129e-005, 0.00117733946536, -0.000229448138271, -0.000348841713276, 0.00028968648985, -0.000546715513337, 0.00320194638334, -0.00465460773557, 0.00559576414526, 0.00294823083095, -0.0136744026095, 0.0266800578684]]
    sccoeffs:
        dmean: [0.0558249726892, 0.0463445968926, 0.036747071892, 0.0299960803241, 0.018471961841, 0.0172192268074]
        dmean2: [0.0925896689296, 0.0776476934552, 0.0610114298761, 0.0499043054879, 0.0310248937458, 0.026884349063]
        dvar: [0.00204180111177, 0.0013835397549, 0.000858913583215, 0.000556190032512, 0.000210477621295, 0.000222660601139]
        dvar2: [0.00543963396922, 0.00379652925767, 0.00231336103752, 0.00149474013597, 0.000580345687922, 0.000503632123582]
        max: [-0.372712761164, -0.453124016523, -0.491635024548, -0.533661425114, -0.642580151558, -0.500609576702]
        mean: [-0.672731637955, -0.775041818619, -0.777335584164, -0.783795714378, -0.797729253769, -0.693563520908]
        median: [-0.67891138792, -0.781385540962, -0.788575649261, -0.790276288986, -0.799947142601, -0.693729877472]
        min: [-0.962124824524, -0.966932892799, -0.964681267738, -0.964738726616, -0.960146546364, -0.962281107903]
        var: [0.00565860234201, 0.00366301857866, 0.00441742688417, 0.00199514837004, 0.000825412455015, 0.0035262813326]
    scvalleys:
        dmean: [0.383022248745, 0.344584137201, 0.275380432606, 0.221161589026, 0.155070215464, 0.169575944543]
        dmean2: [0.640495359898, 0.570707917213, 0.449804186821, 0.357228398323, 0.245686665177, 0.235307738185]
        dvar: [0.105600714684, 0.0904227420688, 0.0615596324205, 0.0474587641656, 0.0331635512412, 0.0419577173889]
        dvar2: [0.270217716694, 0.21667483449, 0.135345965624, 0.0944007560611, 0.0535664260387, 0.0646463856101]
        max: [-5.23934412003, -4.8132352829, -5.19321727753, -5.66964673996, -5.54689216614, -7.87772464752]
        mean: [-7.08582448959, -6.61261940002, -6.79082489014, -6.97845411301, -6.57582330704, -10.0818748474]
        median: [-6.76055192947, -6.45714855194, -6.67617225647, -6.78460693359, -6.29894304276, -9.75198936462]
        min: [-27.2755203247, -26.9053592682, -27.1686935425, -26.9960174561, -27.1085834503, -27.1252479553]
        var: [2.03521442413, 1.02683055401, 0.956733942032, 1.01200675964, 1.30693161488, 1.42595219612]

rhythm:
    beats_loudness:
        dmean: 0.00178538518958
        dmean2: 0.00319732981734
        dvar: 2.37325411945e-006
        dvar2: 7.90826379671e-006
        max: 0.0137357199565
        mean: 0.00611427566037
        median: 0.00624251458794
        min: 1.10772002682e-009
        var: 6.37209495835e-006
    bpm: 101.868545532
    bpm_confidence: 0
    first_peak_bpm: 101
    first_peak_spread: 0.417647004128
    first_peak_weight: 0.522887349129
    onset_rate: 1.49725198746
    second_peak_bpm: 167
    second_peak_spread: 0
    second_peak_weight: 0.0158450696617
    beats_loudness_band_ratio:
        dmean: [0.124561615288, 0.0782458931208, 0.0926990061998, 0.0741091743112, 0.104981608689, 0.0861474201083]
        dmean2: [0.227510675788, 0.143127739429, 0.160428345203, 0.128558322787, 0.188197746873, 0.154914066195]
        dvar: [0.00984415411949, 0.00398456910625, 0.0125473644584, 0.00847328826785, 0.00950675550848, 0.00584833044559]
        dvar2: [0.032115586102, 0.0126145081595, 0.0366041362286, 0.021302068606, 0.0270920228213, 0.0175480116159]
        max: [0.631400644779, 0.439142227173, 0.933249533176, 0.992007493973, 0.996148586273, 0.624268233776]
        mean: [0.15613155067, 0.100913085043, 0.154208391905, 0.121492221951, 0.259787768126, 0.276864588261]
        median: [0.136879980564, 0.0794082060456, 0.0944963395596, 0.085596062243, 0.24104475975, 0.270644783974]
        min: [2.69885958915e-007, 4.78225374536e-005, 0.000229991434026, 0.00151320872828, 0.00403105933219, 9.56576186582e-005]
        var: [0.0146334785968, 0.00570645695552, 0.0252595189959, 0.0139395799488, 0.014572866261, 0.013340016827]
    beats_position: [0.580498874187, 1.16099774837, 1.75310659409, 2.34521532059, 2.94893407822, 3.55265307426, 4.1679816246, 4.78331041336, 5.38702917099, 5.99074840546, 6.58285713196, 7.17496585846, 7.76707458496, 8.35918331146, 8.93968200684, 9.52018165588, 10.1122903824, 10.7043991089, 11.2965078354, 11.8886165619, 12.4807252884, 13.0612239838, 13.6533327103, 14.2338323593, 14.8259410858, 15.4180498123, 16.0101585388, 16.602268219, 17.1943759918, 17.7748756409, 18.3553733826, 18.9358730316, 19.5279808044, 20.1200904846, 20.7121982574, 21.2926979065, 21.8848075867, 22.4653053284, 23.0574150085, 23.6495227814, 24.2416324615, 24.8337402344, 25.4258499146, 26.0179595947, 26.6100673676, 27.2137870789, 27.8175048828, 28.4676647186, 29.106212616, 29.7679805756, 30.4297504425, 31.0915184021, 31.7416782379, 32.4034461975, 33.0303840637, 33.6457138062, 34.2494316101, 34.8531494141, 35.4568710327, 36.0141487122, 36.5598182678, 37.1054878235, 37.7092056274, 38.3129234314, 38.9050331116, 39.5087509155, 40.1008605957, 40.6929702759, 41.2850799561, 41.8771858215, 42.4692955017, 43.0614051819, 43.6535148621, 44.2340126038, 44.8261222839, 45.4182319641, 45.9987297058, 46.5792274475, 47.1713371277, 47.7634468079, 48.3439445496, 48.9360542297, 49.5281639099, 50.1318817139, 50.723991394, 51.3160972595, 51.8965988159, 52.4770965576, 53.0575942993, 53.6497039795, 54.2418136597, 54.8339233398, 55.4260292053, 56.0065307617, 56.5870285034, 57.1791381836, 57.7712478638, 58.3633537292, 58.9438552856, 59.5359611511, 60.1280708313, 60.7201805115, 61.3006782532, 61.8927879333, 62.4848976135, 63.0886154175, 63.6691131592, 64.2496109009, 64.8417205811, 65.4222183228, 66.0027160645, 66.5948257446, 67.1869354248, 67.779045105, 68.3595428467, 68.9400405884, 69.5321502686, 70.1242599487, 70.7163696289, 71.3084793091, 71.8889770508, 72.4694747925, 73.0615844727, 73.6536941528, 74.2341918945, 74.8263015747, 75.4184112549, 75.9989089966, 76.5910186768, 77.1831283569, 77.7752380371, 78.3673477173, 78.947845459, 79.5399551392, 80.1204528809, 80.712562561, 81.2930603027, 81.8851699829, 82.4656677246, 83.0577774048, 83.649887085, 84.2419967651, 84.8224945068, 85.4029922485, 86.0067138672, 86.598815918, 87.1909255981, 87.7830352783, 88.36353302, 88.9556427002, 89.5477523804, 90.1398620605, 90.7319717407, 91.3240814209, 91.9045791626, 92.4850769043, 93.065574646, 93.6460723877, 94.2265777588, 94.830291748, 95.4224014282, 96.0145111084, 96.5950088501, 97.1755065918, 97.7792282104, 98.3597259521, 98.9518356323, 99.5439453125, 100.136054993, 100.728164673, 101.308662415, 101.889160156, 102.469657898, 103.061767578, 103.653877258, 104.245986938, 104.838096619, 105.41859436, 105.999092102, 106.579589844, 107.160087585, 107.763809204, 108.355918884, 108.948028564, 109.528526306, 110.120635986, 110.712738037, 111.293243408, 111.87374115, 112.46585083, 113.046348572, 113.638458252, 114.230567932, 114.822669983, 115.403175354, 116.006889343, 116.610610962, 117.191108704, 117.783218384, 118.363716125, 118.944213867, 119.536323547, 120.116821289, 120.697319031, 121.289428711, 121.881538391, 122.473648071, 123.065757751, 123.657867432, 124.249977112, 124.842086792, 125.434196472, 126.026298523, 126.618408203, 127.210517883, 127.802627563, 128.394729614, 128.986846924, 129.567337036, 130.147842407, 130.728347778, 131.320449829, 131.912567139, 132.504669189, 133.085174561, 133.665664673, 134.246170044, 134.838272095, 135.430389404, 136.010879517, 136.602996826, 137.183486938, 137.775604248, 138.367706299, 138.94821167, 139.540313721, 140.120819092, 140.712921143, 141.293426514, 141.885528564, 142.466033936, 143.058135986, 143.650253296, 144.242355347, 144.822860718, 145.40335083, 145.99546814, 146.58757019, 147.179672241, 147.771789551, 148.363891602, 148.956008911, 149.548110962, 150.140228271, 150.732330322, 151.324447632, 151.904937744, 152.485443115, 153.065933228, 153.646438599, 154.226928711, 154.819046021, 155.411148071, 156.003265381, 156.595367432, 157.175872803, 157.767974854, 158.360092163, 158.952194214, 159.544311523, 160.124801636, 160.705307007, 161.297409058, 161.889526367, 162.470016479, 163.062133789, 163.65423584, 164.246353149, 164.8384552, 165.442169189, 166.034286499, 166.614776611, 167.183670044, 167.764175415, 168.344665527, 168.936782837, 169.528884888, 170.109390259, 170.70149231, 171.293609619, 171.874099731, 172.466217041, 173.058319092, 173.650421143, 174.242538452, 174.846252441, 175.438369751, 176.030471802, 176.610977173, 177.191467285, 177.771972656, 178.352462769, 178.93296814, 179.513473511, 180.093963623, 180.674468994, 181.254959106, 181.847076416, 182.439178467, 183.019683838, 183.611785889, 184.203903198, 184.796005249, 185.399719238, 185.991836548, 186.583938599, 187.176055908, 187.768157959, 188.360275269, 188.952377319, 189.54447937, 190.124984741, 190.705490112, 191.285980225, 191.878097534, 192.470199585, 193.062316895, 193.654418945, 194.234924316, 194.827026367, 195.419128418, 196.011245728, 196.603347778, 197.195465088, 197.7759552, 198.36807251, 198.960174561, 199.55229187, 200.132781982, 200.713287354, 201.305389404, 201.885894775, 202.466384888, 203.058502197, 203.650604248, 204.242721558, 204.834823608, 205.426940918, 206.019042969, 206.59954834, 207.180038452, 207.772155762, 208.352645874, 208.944763184, 209.536865234, 210.117370605, 210.697860718, 211.289978027, 211.882080078, 212.474197388, 213.066299438, 213.658401489, 214.23890686, 214.831008911, 215.423126221, 216.015228271, 216.595733643, 217.187835693, 217.779953003, 218.360443115, 218.952560425, 219.544662476, 220.125167847, 220.717269897, 221.309387207, 221.889877319, 222.481994629, 223.062484741, 223.654602051, 224.246704102, 224.838821411, 225.430923462, 226.023040771, 226.615142822, 227.195648193, 227.776138306, 228.368255615, 228.948745728, 229.529251099, 230.121353149, 230.713470459, 231.30557251, 231.897689819, 232.478179932, 233.058685303, 233.662399292, 234.242904663, 234.823394775, 235.415512085, 236.007614136, 236.588119507, 237.191833496, 237.772338867, 238.352828979, 238.944946289, 239.53704834, 240.117553711, 240.7212677, 241.301757813, 241.905487061, 242.485977173, 243.078094482, 243.658584595, 244.250701904, 244.831192017, 245.423309326, 246.015411377, 246.595916748, 247.188018799, 247.780136108, 248.383850098, 248.964355469, 249.544845581, 250.125350952, 250.705841064, 251.309570313, 251.901672363, 252.493789673, 253.085891724, 253.677993774, 254.258499146, 254.839004517, 255.419494629, 256, 256.592102051, 257.184204102, 257.764709473, 258.356811523, 258.937316895, 259.529418945, 260.121551514, 260.713653564, 261.294158936, 261.874633789, 262.466766357, 263.058868408, 263.650970459, 264.24307251, 264.835174561, 265.427307129, 266.01940918, 266.61151123, 267.203613281, 267.79574585, 268.376220703, 268.956726074, 269.537231445, 270.117736816, 270.69821167, 271.301940918, 271.894042969, 272.486175537, 273.066650391, 273.647155762, 274.227661133, 274.819763184, 275.411865234, 276.003997803, 276.596099854, 277.188201904, 277.780303955, 278.372406006, 278.964538574, 279.556640625, 280.148742676, 280.729248047, 281.321350098, 281.901855469, 282.49395752, 283.074462891, 283.654968262, 284.235473633, 284.827575684, 285.419677734, 286.011779785, 286.603881836, 287.196014404, 287.776489258, 288.368621826, 288.960723877, 289.552825928, 290.144927979, 290.737060547, 291.3175354, 291.898040771, 292.478546143, 293.070648193, 293.662750244, 294.254882813, 294.846984863, 295.439086914, 296.031188965, 296.623291016, 297.215423584, 297.795898438, 298.376403809, 298.95690918, 299.537414551, 300.117919922, 300.721618652, 301.3253479, 301.940673828, 302.555999756, 303.159729004, 303.740234375, 304.320709229, 304.912841797, 305.504943848, 306.097045898, 306.689147949, 307.28125, 307.734039307, 308.186828613, 308.63961792, 309.092407227, 309.545196533, 309.98638916, 310.439178467, 310.891967773, 311.34475708, 311.809143066, 312.28515625, 312.761169434, 313.237182617, 313.597106934, 313.957000732, 314.316925049, 314.676818848, 315.048339844, 315.41986084, 315.779754639, 316.139678955, 316.499572754, 316.85949707, 317.219390869, 317.590911865, 317.962432861, 318.345581055, 318.72869873, 319.111816406, 319.622680664, 320.133514404, 320.644348145, 321.155181885, 321.666015625, 322.176879883, 322.676086426, 323.175323486, 323.686157227, 324.231842041, 324.789123535, 325.346374512, 325.973327637, 326.565429688, 327.273651123, 327.981842041, 328.690063477, 329.398284912, 330.10647583]
