
metadata:
    version:
        essentia: "2.1-beta2"
    audio_properties:
        analysis_sample_rate: 44100
        bitrate: 320
        channels: 2
        equal_loudness: 1
        length: 239.020401001
        replay_gain: -13.5740737915
        downmix: "mix"
    tags:
        album: "Saturate"
        artist: "Breaking Benjamin"
        comment: ""
        date: "2002"
        genre: "Metal Alternatif"
        title: "Wish I May"
        tracknumber: "1"

configuration:
    average_loudness:
        compute: 1
        frameSize: 88200
        hopSize: 44100
        silentFrames: "noise"
        windowType: "hann"
    general:
        analysisSampleRate: 44100
        endTime: 2000
        equalLoudness: 1
        nequalLoudness: 0
        shortSound: 0
        startTime: 0
    lowlevel:
        compute: 1
        frameSize: 2048
        hopSize: 1024
        zeroPadding: 0
        silentFrames: "noise"
        windowType: "blackmanharris62"
        mfccStats: ["mean", "cov", "icov"]
        stats: ["mean", "var", "median", "min", "max", "dmean", "dmean2", "dvar", "dvar2"]
    panning:
        compute: 0
        frameSize: 8192
        hopSize: 2048
        zeroPadding: 8192
        silentFrames: "noise"
        windowType: "hann"
        stats: ["copy"]
    rhythm:
        compute: 1
        maxTempo: 208
        minTempo: 40
        method: "degara"
        stats: ["mean", "var", "median", "min", "max", "dmean", "dmean2", "dvar", "dvar2"]
    segmentation:
        compute: 0
        cpw: 5
        inc1: 300
        inc2: 50
        minimumSegmentsLength: 10
        size1: 1000
        size2: 600
    sfx:
        compute: 1
        stats: ["mean", "var", "median", "min", "max", "dmean", "dmean2", "dvar", "dvar2"]
    svm:
        compute: 0
    tonal:
        compute: 1
        frameSize: 4096
        hopSize: 2048
        zeroPadding: 0
        silentFrames: "noise"
        windowType: "blackmanharris62"
        stats: ["mean", "var", "median", "min", "max", "dmean", "dmean2", "dvar", "dvar2"]

lowlevel:
    average_loudness: 0.873934090137
    barkbands_kurtosis:
        dmean: 1.42934250832
        dmean2: 2.12491822243
        dvar: 12.4168624878
        dvar2: 21.5296669006
        max: 128.693603516
        mean: 1.79636669159
        median: -1.05152606964
        min: -1.94962692261
        var: 126.692085266
    barkbands_skewness:
        dmean: 0.459989696741
        dmean2: 0.701362788677
        dvar: 0.212687805295
        dvar2: 0.474790304899
        max: 9.14077472687
        mean: -0.304241716862
        median: -0.517016649246
        min: -6.74216842651
        var: 2.15153431892
    barkbands_spread:
        dmean: 6.76803302765
        dmean2: 10.8552837372
        dvar: 53.3609275818
        dvar2: 132.957992554
        max: 78.8682632446
        mean: 38.1630630493
        median: 40.5065803528
        min: 0.576566159725
        var: 218.180480957
    dissonance:
        dmean: 0.00802609696984
        dmean2: 0.0134251434356
        dvar: 7.40683026379e-005
        dvar2: 0.000196650580619
        max: 0.500000059605
        mean: 0.484337300062
        median: 0.488309621811
        min: 0.364377945662
        var: 0.000188623424037
    hfc:
        dmean: 2.82544326782
        dmean2: 4.71933794022
        dvar: 16.9339046478
        dvar2: 46.3992462158
        max: 49.4447822571
        mean: 10.7223548889
        median: 10.6521244049
        min: 1.1103095808e-016
        var: 47.6249465942
    pitch:
        dmean: 823.297912598
        dmean2: 1563.52209473
        dvar: 1726972.875
        dvar2: 4187752.25
        max: 5100.46728516
        mean: 2389.16357422
        median: 3449.73706055
        min: 49.1615943909
        var: 2900669.25
    pitch_instantaneous_confidence:
        dmean: 0.0722106322646
        dmean2: 0.118816763163
        dvar: 0.00338712497614
        dvar2: 0.00873764697462
        max: 0.888688325882
        mean: 0.42355465889
        median: 0.410414278507
        min: 0.0595914721489
        var: 0.0135579686612
    pitch_salience:
        dmean: 0.0571820437908
        dmean2: 0.0926585271955
        dvar: 0.00262292264961
        dvar2: 0.00685972115025
        max: 0.896518111229
        mean: 0.6233304739
        median: 0.640078365803
        min: 0.147971585393
        var: 0.0108392694965
    silence_rate_20dB:
        dmean: 0
        dmean2: 0
        dvar: 0
        dvar2: 0
        max: 1
        mean: 1
        median: 1
        min: 1
        var: 0
    silence_rate_30dB:
        dmean: 0
        dmean2: 0
        dvar: 0
        dvar2: 0
        max: 1
        mean: 1
        median: 1
        min: 1
        var: 0
    silence_rate_60dB:
        dmean: 0.0610064119101
        dmean2: 0.122024677694
        dvar: 0.0572860464454
        dvar2: 0.128704667091
        max: 1
        mean: 0.268576979637
        median: 0
        min: 0
        var: 0.196456059813
    spectral_centroid:
        dmean: 296.574005127
        dmean2: 464.955841064
        dvar: 98077.75
        dvar2: 222403.90625
        max: 11395.1474609
        mean: 2173.12353516
        median: 2255.79711914
        min: 111.294212341
        var: 664392.5
    spectral_complexity:
        dmean: 3.36759281158
        dmean2: 5.4637131691
        dvar: 12.8556604385
        dvar2: 30.6089248657
        max: 48
        mean: 16.4355506897
        median: 17
        min: 0
        var: 88.7226104736
    spectral_crest:
        dmean: 1.74751603603
        dmean2: 2.87611269951
        dvar: 2.65778255463
        dvar2: 6.81159353256
        max: 22.7916412354
        mean: 7.15599250793
        median: 6.4277677536
        min: 2.74903106689
        var: 7.14538478851
    spectral_decrease:
        dmean: 2.69699873545e-010
        dmean2: 4.47966830297e-010
        dvar: 1.6598438816e-019
        dvar2: 4.47587274356e-019
        max: -2.05642204999e-028
        mean: -1.02142272418e-009
        median: -1.00016295246e-009
        min: -4.63915217352e-009
        var: 3.97190158163e-019
    spectral_energy:
        dmean: 0.00122708140407
        dmean2: 0.00204347167164
        dvar: 3.37760343427e-006
        dvar2: 9.13785879675e-006
        max: 0.0218467116356
        mean: 0.00482763443142
        median: 0.00477179139853
        min: 1.0846973661e-020
        var: 8.49593106977e-006
    spectral_energyband_high:
        dmean: 0.000324844702845
        dmean2: 0.000552737794351
        dvar: 2.48204599984e-007
        dvar2: 6.85205179707e-007
        max: 0.00686003500596
        mean: 0.000832761928905
        median: 0.000708807143383
        min: 7.21349396305e-021
        var: 4.63470428258e-007
    spectral_energyband_low:
        dmean: 0.000388513260987
        dmean2: 0.00064751249738
        dvar: 3.6019096683e-007
        dvar2: 9.9242674878e-007
        max: 0.00615744804963
        mean: 0.000743155891541
        median: 0.000577084952965
        min: 3.79704470548e-023
        var: 5.36780248694e-007
    spectral_energyband_middle_high:
        dmean: 0.000575351528823
        dmean2: 0.000942330283578
        dvar: 4.92307833611e-007
        dvar2: 1.29712577746e-006
        max: 0.00907352101058
        mean: 0.00228274124674
        median: 0.00222488190047
        min: 1.98054786354e-021
        var: 2.32686670643e-006
    spectral_energyband_middle_low:
        dmean: 0.000569357071072
        dmean2: 0.000928220280912
        dvar: 1.21856010082e-006
        dvar2: 3.24796519635e-006
        max: 0.012428695336
        mean: 0.00124610518105
        median: 0.000860901607666
        min: 5.20565903476e-022
        var: 1.86956253856e-006
    spectral_flatness_db:
        dmean: 0.0132682211697
        dmean2: 0.0208874400705
        dvar: 0.000142133794725
        dvar2: 0.00033188398811
        max: 0.484858065844
        mean: 0.168613553047
        median: 0.157629221678
        min: 0.0638371780515
        var: 0.00247822050005
    spectral_flux:
        dmean: 0.007102989126
        dmean2: 0.0109672704712
        dvar: 7.48182501411e-005
        dvar2: 0.000141300755786
        max: 0.111525245011
        mean: 0.0391906090081
        median: 0.0401898436248
        min: 1.04148807634e-010
        var: 0.000335529155564
    spectral_kurtosis:
        dmean: 1.04052984715
        dmean2: 1.81180548668
        dvar: 3.83837151527
        dvar2: 11.6728639603
        max: 81.4143295288
        mean: 3.44203805923
        median: 2.30761480331
        min: -1.21189415455
        var: 37.4890136719
    spectral_rms:
        dmean: 0.000249615986831
        dmean2: 0.000404916936532
        dvar: 1.03263275264e-007
        dvar2: 2.67197123094e-007
        max: 0.00461669405922
        mean: 0.00202522543259
        median: 0.0021576390136
        min: 3.25306209921e-012
        var: 6.08344464581e-007
    spectral_rolloff:
        dmean: 301.324523926
        dmean2: 496.696685791
        dvar: 249145.375
        dvar2: 511404.03125
        max: 18303.2226563
        mean: 3768.79492188
        median: 4005.17578125
        min: 107.666015625
        var: 1146570.375
    spectral_skewness:
        dmean: 0.154767602682
        dmean2: 0.259993940592
        dvar: 0.0305460877717
        dvar2: 0.0848573446274
        max: 7.65166139603
        mean: 1.02187371254
        median: 0.888645172119
        min: -0.0100245857611
        var: 0.527389585972
    spectral_spread:
        dmean: 355691.96875
        dmean2: 529259.25
        dvar: 300754796544
        dvar2: 432765894656
        max: 40405640
        mean: 4499177.5
        median: 4289920.5
        min: 1130669.25
        var: 1.65065379021e+012
    spectral_strongpeak:
        dmean: 0.544856250286
        dmean2: 0.968010425568
        dvar: 0.883692204952
        dvar2: 2.37958335876
        max: 11.3022165298
        mean: 0.728618383408
        median: 0.195066779852
        min: 8.13728390225e-011
        var: 1.1697524786
    zerocrossingrate:
        dmean: 0.00828863866627
        dmean2: 0.00995812937617
        dvar: 7.50736726332e-005
        dvar2: 8.78007122083e-005
        max: 0.46923828125
        mean: 0.118250906467
        median: 0.12255859375
        min: 0.0048828125
        var: 0.00127825851087
    barkbands:
        dmean: [2.61824425252e-007, 9.33034825721e-005, 0.000233693557675, 0.000190628881683, 0.000266189541435, 0.000152281092596, 5.96194113314e-005, 5.65519258089e-005, 8.23643858894e-005, 4.45388686785e-005, 2.28690678341e-005, 1.66119316418e-005, 3.33675525326e-005, 3.41574923368e-005, 4.48105056421e-005, 7.82603383414e-005, 0.000165724297403, 0.000171715815668, 0.000317730009556, 0.000254593935097, 0.000173028849531, 4.71446001029e-005, 5.12253291163e-006, 1.77869276285e-006, 8.33550700463e-007, 2.7807214309e-008, 4.52266557538e-010]
        dmean2: [4.32887617308e-007, 0.000167590464116, 0.000386753032217, 0.000313998985803, 0.000443625525804, 0.000259561173152, 9.92875066004e-005, 9.32086550165e-005, 0.000123697245726, 7.04184203641e-005, 3.73647162633e-005, 2.64975024038e-005, 5.45952425455e-005, 5.38310559932e-005, 7.13543267921e-005, 0.000127113860799, 0.000273549580015, 0.00028529856354, 0.000532984849997, 0.000426009326475, 0.000301141437376, 7.86171367508e-005, 8.2799269876e-006, 2.69632846539e-006, 1.24919608879e-006, 4.15172962676e-008, 7.65776275724e-010]
        dvar: [2.48544240744e-013, 4.97271273048e-008, 1.27825444451e-007, 6.73268090168e-008, 4.24079047434e-007, 1.93518005176e-007, 4.04997528847e-008, 4.30851549993e-008, 6.82864609303e-008, 1.92690929879e-008, 4.91399099189e-009, 1.93909377444e-009, 7.82433939861e-009, 6.03393734977e-009, 1.18858727305e-008, 1.81071744265e-008, 5.43285239019e-008, 4.52375346072e-008, 1.65275992003e-007, 1.17435341451e-007, 8.27415576055e-008, 4.09465616968e-009, 6.23910020869e-011, 2.44768129376e-011, 7.24675441183e-012, 9.24740088649e-015, 1.03797022087e-018]
        dvar2: [6.61823460618e-013, 1.41501004691e-007, 3.482460329e-007, 1.84502582101e-007, 1.12644090677e-006, 5.32081742222e-007, 1.00553975813e-007, 1.07852713427e-007, 1.50622369688e-007, 4.32263433936e-008, 1.1936581501e-008, 4.60670124269e-009, 2.07530792551e-008, 1.37150255597e-008, 2.99390308101e-008, 4.53156054903e-008, 1.43000633557e-007, 1.21874379033e-007, 4.50869350743e-007, 3.16731842531e-007, 2.30167984228e-007, 1.09970565987e-008, 1.48828824265e-010, 4.48189783897e-011, 1.39550333095e-011, 1.84305780408e-014, 2.67776334782e-018]
        max: [6.40098824078e-006, 0.00196578865871, 0.00487770978361, 0.00385369174182, 0.00923372246325, 0.00626923469827, 0.00551723502576, 0.00551685458049, 0.00605245493352, 0.0052235275507, 0.00206523644738, 0.00126492662821, 0.00248279306106, 0.00252813869156, 0.00279455189593, 0.00348964845762, 0.00517329340801, 0.00294729042798, 0.00488673616201, 0.00490318425, 0.00299527472816, 0.0012786060106, 0.000146578226122, 0.000124731697724, 6.86412313371e-005, 3.96441191697e-006, 1.81767525476e-008]
        mean: [3.99885664137e-007, 9.98542309389e-005, 0.00039875638322, 0.000349450594513, 0.000373633549316, 0.000188722566236, 7.74888540036e-005, 6.8968947744e-005, 0.00017791314167, 8.89944931259e-005, 3.53635368811e-005, 2.90040188702e-005, 5.58753672522e-005, 5.92717806285e-005, 8.46779003041e-005, 0.000164271812537, 0.000365054263966, 0.000378872209694, 0.000738317961805, 0.000607091758866, 0.000342099054251, 0.000123814228573, 1.29385052787e-005, 4.70783470519e-006, 2.03972558666e-006, 5.64130004932e-008, 5.8017607385e-010]
        median: [1.42243067103e-007, 3.73276016035e-005, 0.000276311388006, 0.000227432421525, 0.000182845004019, 5.79528605158e-005, 2.69051888608e-005, 1.53541150212e-005, 3.21825573337e-005, 2.38533357333e-005, 1.16440141937e-005, 9.31173326535e-006, 1.639560287e-005, 2.21381360461e-005, 3.89348315366e-005, 0.000104208884295, 0.000289615883958, 0.000313701370033, 0.000673173577525, 0.000510985264555, 0.000281523738522, 0.000105644983705, 9.68988751993e-006, 2.72421766567e-006, 1.11971496608e-006, 2.43959519253e-008, 1.98817060038e-010]
        min: [6.58762990251e-024, 1.87057585077e-023, 9.60443989677e-024, 4.55770304448e-024, 2.07666042956e-022, 5.93864649979e-023, 1.74127085145e-022, 7.6521211746e-024, 6.1030754047e-023, 7.48558380227e-023, 1.10834856209e-022, 1.15158369328e-022, 9.5355385765e-023, 1.63624872629e-022, 1.91388485089e-022, 2.70965365329e-022, 2.84172361008e-022, 2.25203809274e-022, 3.21645046298e-022, 3.44293305996e-022, 4.20994920764e-022, 7.13369617651e-022, 5.79793024882e-022, 7.16147720702e-022, 1.12154371855e-021, 1.75570175536e-021, 1.99519215117e-021]
        var: [3.62815138176e-013, 3.48974715791e-008, 1.91167004004e-007, 1.4119639502e-007, 4.35569518231e-007, 2.28820411508e-007, 5.2944319151e-008, 5.93786211311e-008, 2.98336431115e-007, 7.95087444772e-008, 8.05170152773e-009, 4.42863035133e-009, 1.47904044567e-008, 1.38332865163e-008, 2.82354104542e-008, 5.46549259184e-008, 1.2725612919e-007, 1.05871961864e-007, 3.3396676713e-007, 2.7983779205e-007, 9.88828716686e-008, 1.04371213894e-008, 1.78522779892e-010, 8.57064696991e-011, 2.07491055587e-011, 1.73838164187e-014, 1.23857392712e-018]
    frequency_bands:
        dmean: [2.61824425252e-007, 9.33034825721e-005, 0.000233693557675, 0.000190628881683, 0.000266189541435, 0.000152281092596, 5.96194113314e-005, 5.65519258089e-005, 8.23643858894e-005, 4.45388686785e-005, 2.28690678341e-005, 1.66119316418e-005, 3.33675525326e-005, 3.41574923368e-005, 4.48105056421e-005, 7.82603383414e-005, 0.000165724297403, 0.000171715815668, 0.000317730009556, 0.000254593935097, 0.000173028849531, 4.71446001029e-005, 5.12253291163e-006, 1.77869276285e-006, 8.33550700463e-007, 2.7807214309e-008, 4.52266557538e-010, 5.82290882178e-011]
        dmean2: [4.32887617308e-007, 0.000167590464116, 0.000386753032217, 0.000313998985803, 0.000443625525804, 0.000259561173152, 9.92875066004e-005, 9.32086550165e-005, 0.000123697245726, 7.04184203641e-005, 3.73647162633e-005, 2.64975024038e-005, 5.45952425455e-005, 5.38310559932e-005, 7.13543267921e-005, 0.000127113860799, 0.000273549580015, 0.00028529856354, 0.000532984849997, 0.000426009326475, 0.000301141437376, 7.86171367508e-005, 8.2799269876e-006, 2.69632846539e-006, 1.24919608879e-006, 4.15172962676e-008, 7.65776275724e-010, 1.08459338732e-010]
        dvar: [2.48544240744e-013, 4.97271273048e-008, 1.27825444451e-007, 6.73268090168e-008, 4.24079047434e-007, 1.93518005176e-007, 4.04997528847e-008, 4.30851549993e-008, 6.82864609303e-008, 1.92690929879e-008, 4.91399099189e-009, 1.93909377444e-009, 7.82433939861e-009, 6.03393734977e-009, 1.18858727305e-008, 1.81071744265e-008, 5.43285239019e-008, 4.52375346072e-008, 1.65275992003e-007, 1.17435341451e-007, 8.27415576055e-008, 4.09465616968e-009, 6.23910020869e-011, 2.44768129376e-011, 7.24675441183e-012, 9.24740088649e-015, 1.03797022087e-018, 7.76447137581e-021]
        dvar2: [6.61823460618e-013, 1.41501004691e-007, 3.482460329e-007, 1.84502582101e-007, 1.12644090677e-006, 5.32081742222e-007, 1.00553975813e-007, 1.07852713427e-007, 1.50622369688e-007, 4.32263433936e-008, 1.1936581501e-008, 4.60670124269e-009, 2.07530792551e-008, 1.37150255597e-008, 2.99390308101e-008, 4.53156054903e-008, 1.43000633557e-007, 1.21874379033e-007, 4.50869350743e-007, 3.16731842531e-007, 2.30167984228e-007, 1.09970565987e-008, 1.48828824265e-010, 4.48189783897e-011, 1.39550333095e-011, 1.84305780408e-014, 2.67776334782e-018, 2.49460741393e-020]
        max: [6.40098824078e-006, 0.00196578865871, 0.00487770978361, 0.00385369174182, 0.00923372246325, 0.00626923469827, 0.00551723502576, 0.00551685458049, 0.00605245493352, 0.0052235275507, 0.00206523644738, 0.00126492662821, 0.00248279306106, 0.00252813869156, 0.00279455189593, 0.00348964845762, 0.00517329340801, 0.00294729042798, 0.00488673616201, 0.00490318425, 0.00299527472816, 0.0012786060106, 0.000146578226122, 0.000124731697724, 6.86412313371e-005, 3.96441191697e-006, 1.81767525476e-008, 1.33659339152e-009]
        mean: [3.99885664137e-007, 9.98542309389e-005, 0.00039875638322, 0.000349450594513, 0.000373633549316, 0.000188722566236, 7.74888540036e-005, 6.8968947744e-005, 0.00017791314167, 8.89944931259e-005, 3.53635368811e-005, 2.90040188702e-005, 5.58753672522e-005, 5.92717806285e-005, 8.46779003041e-005, 0.000164271812537, 0.000365054263966, 0.000378872209694, 0.000738317961805, 0.000607091758866, 0.000342099054251, 0.000123814228573, 1.29385052787e-005, 4.70783470519e-006, 2.03972558666e-006, 5.64130004932e-008, 5.8017607385e-010, 4.48085006599e-011]
        median: [1.42243067103e-007, 3.73276016035e-005, 0.000276311388006, 0.000227432421525, 0.000182845004019, 5.79528605158e-005, 2.69051888608e-005, 1.53541150212e-005, 3.21825573337e-005, 2.38533357333e-005, 1.16440141937e-005, 9.31173326535e-006, 1.639560287e-005, 2.21381360461e-005, 3.89348315366e-005, 0.000104208884295, 0.000289615883958, 0.000313701370033, 0.000673173577525, 0.000510985264555, 0.000281523738522, 0.000105644983705, 9.68988751993e-006, 2.72421766567e-006, 1.11971496608e-006, 2.43959519253e-008, 1.98817060038e-010, 1.57158799863e-011]
        min: [6.58762990251e-024, 1.87057585077e-023, 9.60443989677e-024, 4.55770304448e-024, 2.07666042956e-022, 5.93864649979e-023, 1.74127085145e-022, 7.6521211746e-024, 6.1030754047e-023, 7.48558380227e-023, 1.10834856209e-022, 1.15158369328e-022, 9.5355385765e-023, 1.63624872629e-022, 1.91388485089e-022, 2.70965365329e-022, 2.84172361008e-022, 2.25203809274e-022, 3.21645046298e-022, 3.44293305996e-022, 4.20994920764e-022, 7.13369617651e-022, 5.79793024882e-022, 7.16147720702e-022, 1.12154371855e-021, 1.75570175536e-021, 1.99519215117e-021, 7.97416650785e-022]
        var: [3.62815138176e-013, 3.48974715791e-008, 1.91167004004e-007, 1.4119639502e-007, 4.35569518231e-007, 2.28820411508e-007, 5.2944319151e-008, 5.93786211311e-008, 2.98336431115e-007, 7.95087444772e-008, 8.05170152773e-009, 4.42863035133e-009, 1.47904044567e-008, 1.38332865163e-008, 2.82354104542e-008, 5.46549259184e-008, 1.2725612919e-007, 1.05871961864e-007, 3.3396676713e-007, 2.7983779205e-007, 9.88828716686e-008, 1.04371213894e-008, 1.78522779892e-010, 8.57064696991e-011, 2.07491055587e-011, 1.73838164187e-014, 1.23857392712e-018, 6.02134454291e-021]
    mfcc:
        mean: [-726.389343262, 72.5423812866, -37.9524726868, 78.5503921509, -11.9203166962, -0.931157708168, -1.08308565617, -0.724370062351, 3.02519488335, -7.86787414551, -4.78841304779, -8.95112800598, -8.98535633087]
        cov: [[9958.05761719, 478.414520264, -1634.15600586, 781.203979492, -598.243164063, -42.8757476807, -100.898330688, 60.1637535095, 98.5929641724, -18.54296875, -46.0929527283, -94.7512207031, -126.915367126], [478.414520264, 844.431518555, -37.1293182373, 193.839447021, 112.077667236, 5.5563621521, 49.9641685486, 5.49841690063, 16.7809772491, -4.06346464157, 33.208114624, 17.0079040527, 11.0302324295], [-1634.15600586, -37.1293182373, 786.464172363, -22.7939357758, 165.971908569, 75.1150817871, 29.136138916, 7.93414831161, 3.71649909019, 34.4024848938, 8.0326795578, 41.6986732483, 42.0619697571], [781.203979492, 193.839447021, -22.7939357758, 385.742340088, 20.6552772522, 30.2882709503, -6.49590682983, 2.16205263138, 54.6721076965, 7.84458351135, -2.33497905731, -15.3574790955, 9.49524784088], [-598.243164063, 112.077667236, 165.971908569, 20.6552772522, 271.682312012, 66.0458984375, 28.8116378784, -9.6893119812, 3.65130162239, 34.0864143372, 5.11970090866, 21.1208133698, 20.3790245056], [-42.8757476807, 5.5563621521, 75.1150817871, 30.2882709503, 66.0458984375, 170.185958862, 74.0278549194, 36.344127655, 8.88067245483, 11.4872894287, 20.2692337036, 12.0656499863, 14.2834739685], [-100.898330688, 49.9641685486, 29.136138916, -6.49590682983, 28.8116378784, 74.0278549194, 141.138412476, 66.755065918, 9.63199234009, -4.8684720993, 14.1664247513, 20.6883163452, 9.38667106628], [60.1637535095, 5.49841690063, 7.93414831161, 2.16205263138, -9.6893119812, 36.344127655, 66.755065918, 107.960220337, 43.248249054, 9.68742752075, -0.982546806335, 6.37697792053, 3.65168356895], [98.5929641724, 16.7809772491, 3.71649909019, 54.6721076965, 3.65130162239, 8.88067245483, 9.63199234009, 43.248249054, 90.7461242676, 46.6640167236, 8.60233402252, -10.5610208511, -4.57847356796], [-18.54296875, -4.06346464157, 34.4024848938, 7.84458351135, 34.0864143372, 11.4872894287, -4.8684720993, 9.68742752075, 46.6640167236, 91.649230957, 31.7708702087, 8.01954936981, -6.96850395203], [-46.0929527283, 33.208114624, 8.0326795578, -2.33497905731, 5.11970090866, 20.2692337036, 14.1664247513, -0.982546806335, 8.60233402252, 31.7708702087, 69.2325134277, 27.9305820465, 3.67207336426], [-94.7512207031, 17.0079040527, 41.6986732483, -15.3574790955, 21.1208133698, 12.0656499863, 20.6883163452, 6.37697792053, -10.5610208511, 8.01954936981, 27.9305820465, 63.7585601807, 29.6113853455], [-126.915367126, 11.0302324295, 42.0619697571, 9.49524784088, 20.3790245056, 14.2834739685, 9.38667106628, 3.65168356895, -4.57847356796, -6.96850395203, 3.67207336426, 29.6113853455, 58.8269615173]]
        icov: [[0.000235933577642, -9.90870612441e-005, 0.000419822230469, -0.000439560011728, 0.00042105501052, -0.000306930684019, 0.000222385453526, -0.000171362262336, 0.00018636562163, -0.000347741122823, 0.000441329699242, -0.000427082413808, 0.000362917286111], [-9.90870612441e-005, 0.00162372051273, -1.15341572382e-005, -0.00065466115484, -0.00105203781277, 0.000892242125701, -0.000786743767094, -9.70463406702e-006, -1.6747344489e-005, 0.000799242116045, -0.00133698724676, 0.000216883432586, -6.27041372354e-005], [0.000419822230469, -1.15341572382e-005, 0.00230482243933, -0.000695450755302, -8.64147368702e-005, -0.000875306956004, 0.0004609185562, -0.000338766345521, 0.000296491693007, -0.000920338206924, 0.0010645420989, -0.0013007374946, 6.44761094009e-005], [-0.000439560011728, -0.00065466115484, -0.000695450755302, 0.00436059664935, -0.000542139401659, -0.000619810598437, 0.000254190439591, 0.00140931515489, -0.00327857327648, 0.00143991026562, -0.00019916430756, 0.00114629999734, -0.00147107464727], [0.00042105501052, -0.00105203781277, -8.64147368702e-005, -0.000542139401659, 0.00632865587249, -0.00244730501436, -0.000365161889931, 0.00169501686469, 0.000499956659041, -0.00338931218721, 0.00333585077897, -0.00177228881512, -6.88746658852e-005], [-0.000306930684019, 0.000892242125701, -0.000875306956004, -0.000619810598437, -0.00244730501436, 0.00971366371959, -0.00441817427054, -0.00123183696996, 0.00130351283588, 0.000136861403007, -0.00364883919246, 0.00297804106958, -0.00198646541685], [0.000222385453526, -0.000786743767094, 0.0004609185562, 0.000254190439591, -0.000365161889931, -0.00441817427054, 0.014003672637, -0.00790382642299, 0.00115698564332, 0.00232519651763, -0.00137876754161, -0.00270028132945, 0.00152288423851], [-0.000171362262336, -9.70463406702e-006, -0.000338766345521, 0.00140931515489, 0.00169501686469, -0.00123183696996, -0.00790382642299, 0.0189489200711, -0.010044307448, 0.00103922071867, 0.00404720520601, -0.00291802035645, 1.23083361814e-006], [0.00018636562163, -1.6747344489e-005, 0.000296491693007, -0.00327857327648, 0.000499956659041, 0.00130351283588, 0.00115698564332, -0.010044307448, 0.0239852238446, -0.0116221001372, -0.000864157220349, 0.00621682871133, -0.0019137536874], [-0.000347741122823, 0.000799242116045, -0.000920338206924, 0.00143991026562, -0.00338931218721, 0.000136861403007, 0.00232519651763, 0.00103922071867, -0.0116221001372, 0.0216884631664, -0.00857697986066, -0.00204584444873, 0.00346074206755], [0.000441329699242, -0.00133698724676, 0.0010645420989, -0.00019916430756, 0.00333585077897, -0.00364883919246, -0.00137876754161, 0.00404720520601, -0.000864157220349, -0.00857697986066, 0.0249948594719, -0.0117067918181, 0.00342222233303], [-0.000427082413808, 0.000216883432586, -0.0013007374946, 0.00114629999734, -0.00177228881512, 0.00297804106958, -0.00270028132945, -0.00291802035645, 0.00621682871133, -0.00204584444873, -0.0117067918181, 0.030201613903, -0.0139443138614], [0.000362917286111, -6.27041372354e-005, 6.44761094009e-005, -0.00147107464727, -6.88746658852e-005, -0.00198646541685, 0.00152288423851, 1.23083361814e-006, -0.0019137536874, 0.00346074206755, 0.00342222233303, -0.0139443138614, 0.0253146421164]]
    sccoeffs:
        dmean: [0.0502741187811, 0.0447142347693, 0.0351192578673, 0.0280259810388, 0.019074447453, 0.0184760820121]
        dmean2: [0.083486199379, 0.0731748640537, 0.057642146945, 0.0459082685411, 0.0317309685051, 0.030003733933]
        dvar: [0.00183162698522, 0.00138420274016, 0.000811903795693, 0.000504629453644, 0.000235705723753, 0.000315511017106]
        dvar2: [0.00515519315377, 0.00361870089546, 0.00213469052687, 0.00133105146233, 0.000619879050646, 0.000790321035311]
        max: [-0.339733600616, -0.429253697395, -0.435695081949, -0.543514966965, -0.583567917347, -0.589596569538]
        mean: [-0.627431452274, -0.76062721014, -0.784149229527, -0.7869810462, -0.793545305729, -0.707412064075]
        median: [-0.62882822752, -0.769698083401, -0.797374248505, -0.792053639889, -0.794914841652, -0.698784291744]
        min: [-0.973100841045, -0.97937643528, -0.987292647362, -0.986329555511, -0.982850134373, -0.96194255352]
        var: [0.00537674175575, 0.00485917879269, 0.0054067238234, 0.00316961924545, 0.00148463761434, 0.00235892273486]
    scvalleys:
        dmean: [0.407899588346, 0.359987676144, 0.303512662649, 0.25184610486, 0.205905482173, 0.16172811389]
        dmean2: [0.662944018841, 0.593282401562, 0.48599794507, 0.398786991835, 0.319151222706, 0.241280168295]
        dvar: [0.142281547189, 0.126523062587, 0.0798024013638, 0.0632608309388, 0.0649069175124, 0.0442317277193]
        dvar2: [0.325841218233, 0.302126586437, 0.166068330407, 0.12290969491, 0.11370331794, 0.0669564530253]
        max: [-4.95818138123, -4.45711088181, -5.72490692139, -6.00444555283, -5.36883974075, -7.53106212616]
        mean: [-7.20384311676, -7.29461431503, -7.85751581192, -7.88266611099, -6.91136455536, -9.83934879303]
        median: [-6.78905916214, -7.02280378342, -7.51034975052, -7.49903297424, -6.41365003586, -9.38446235657]
        min: [-27.4724521637, -27.7499504089, -27.002281189, -27.1333999634, -27.2135238647, -27.2089118958]
        var: [1.93763244152, 1.85600090027, 2.14693641663, 2.09792137146, 2.32947254181, 2.52598643303]

rhythm:
    beats_loudness:
        dmean: 0.00165251363069
        dmean2: 0.00289287208579
        dvar: 2.32276056522e-006
        dvar2: 7.26086091163e-006
        max: 0.0117173315957
        mean: 0.00534693337977
        median: 0.00552890915424
        min: 2.12790562948e-010
        var: 6.67187396175e-006
    bpm: 117.012763977
    bpm_confidence: 0
    first_peak_bpm: 117
    first_peak_spread: 0.327499985695
    first_peak_weight: 0.569915235043
    onset_rate: 2.63575839996
    second_peak_bpm: 148
    second_peak_spread: 0.62857145071
    second_peak_weight: 0.0275423731655
    beats_loudness_band_ratio:
        dmean: [0.132836729288, 0.12018417567, 0.051794257015, 0.0295840296894, 0.0860221758485, 0.136232882738]
        dmean2: [0.224616795778, 0.21677288413, 0.0921015739441, 0.0519505478442, 0.145598292351, 0.238064497709]
        dvar: [0.0134506979957, 0.0108463149518, 0.00504660932347, 0.00173963000998, 0.00488471845165, 0.0130707547069]
        dvar2: [0.0344511978328, 0.0287149995565, 0.0136072784662, 0.00493444455788, 0.0137055246159, 0.0395147018135]
        max: [0.991942942142, 0.57487231493, 0.535911679268, 0.32515206933, 0.504219293594, 0.975410282612]
        mean: [0.249497875571, 0.127156749368, 0.0596917122602, 0.0384435243905, 0.203757733107, 0.370130389929]
        median: [0.215603038669, 0.0819227322936, 0.0311698056757, 0.021156091243, 0.192051574588, 0.357594043016]
        min: [0.00116524938494, 0.00188974488992, 0.00028922475758, 2.31872472796e-005, 0.000498426612467, 0.000178874877747]
        var: [0.0355498753488, 0.0120475664735, 0.005876399111, 0.0019755801186, 0.0092973196879, 0.0266864709556]
    beats_position: [0.476009070873, 0.952018141747, 1.42802715302, 1.90403628349, 2.38004541397, 2.85605430603, 3.30884337425, 3.76163268089, 4.21442174911, 4.62077093124, 5.01551008224, 5.42185926437, 5.94430828094, 6.46675729752, 6.98920631409, 7.50004529953, 8.0224943161, 8.53333282471, 9.05578231812, 9.56662082672, 10.077460289, 10.5882987976, 11.0991382599, 11.6099767685, 12.1208162308, 12.6432647705, 13.1657142639, 13.6649427414, 14.1641721725, 14.6750106812, 15.1858501434, 15.696688652, 16.2191371918, 16.7299766541, 17.2408161163, 17.7516555786, 18.2624931335, 18.784942627, 19.2957820892, 19.8066215515, 20.3174591064, 20.8399085999, 21.3507480621, 21.8615875244, 22.3608150482, 22.8832645416, 23.405714035, 23.9165534973, 24.4273910522, 24.9382305145, 25.4490699768, 25.9599094391, 26.470746994, 26.9815864563, 27.4924259186, 28.0032653809, 28.5257129669, 29.0481624603, 29.5590019226, 30.0698413849, 30.5806789398, 31.0915184021, 31.5907478333, 32.1015853882, 32.6240348816, 33.1348762512, 33.6457138062, 34.1565513611, 34.6673927307, 35.1782302856, 35.6890678406, 36.1999092102, 36.7107467651, 37.2215881348, 37.7324256897, 38.2432632446, 38.7541046143, 39.2649421692, 39.7757797241, 40.2866210938, 40.7974586487, 41.3199081421, 41.8423576355, 42.3531951904, 42.8756446838, 43.3864860535, 43.8857116699, 44.4081611633, 44.9306106567, 45.4414520264, 45.9522895813, 46.4747390747, 46.9855766296, 47.4964179993, 47.9956436157, 48.5064849854, 49.0173225403, 49.5397720337, 50.0622215271, 50.573059082, 51.0839004517, 51.5947380066, 52.1055755615, 52.6164169312, 53.1272544861, 53.6497039795, 54.1605415344, 54.6829910278, 55.1938323975, 55.7046699524, 56.2155075073, 56.726348877, 57.2487983704, 57.7712478638, 58.2820854187, 58.7929229736, 59.3037643433, 59.8146018982, 60.3254394531, 60.8362808228, 61.3471183777, 61.8579597473, 62.3687973022, 62.8796348572, 63.3904762268, 63.889705658, 64.4121551514, 64.9229888916, 65.4338302612, 65.9446716309, 66.4555053711, 66.9663467407, 67.4771881104, 67.98802948, 68.4988632202, 69.0097045898, 69.5321502686, 70.0546035767, 70.5654373169, 71.0762786865, 71.5871200562, 72.0979614258, 72.608795166, 73.1196365356, 73.6420822144, 74.1761474609, 74.6985931396, 75.1978225708, 75.697052002, 76.2078933716, 76.7187271118, 77.2295684814, 77.7404098511, 78.2628555298, 78.7853012085, 79.2961425781, 79.8069839478, 80.3178253174, 80.8286590576, 81.3395004272, 81.8503417969, 82.3611755371, 82.8720169067, 83.3828582764, 83.9053039551, 84.4277572632, 84.9385910034, 85.449432373, 85.9602737427, 86.4711074829, 86.9819488525, 87.5043945313, 88.0268478394, 88.5492935181, 89.0717468262, 89.5825805664, 90.093421936, 90.5926513672, 91.0918807983, 91.602722168, 92.1135559082, 92.6243972778, 93.1352386475, 93.6460723877, 94.1569137573, 94.667755127, 95.1902008057, 95.7010421753, 96.2118835449, 96.7227172852, 97.2335586548, 97.7560043335, 98.2784576416, 98.8009033203, 99.3117446899, 99.8225860596, 100.3334198, 100.844261169, 101.355102539, 101.865936279, 102.376777649, 102.887619019, 103.398452759, 103.920906067, 104.443351746, 104.942581177, 105.441810608, 105.952651978, 106.463493347, 106.974327087, 107.496780396, 108.019226074, 108.530067444, 109.040908813, 109.551742554, 110.062583923, 110.585029602, 111.10748291, 111.61831665, 112.12915802, 112.63999939, 113.15083313, 113.6616745, 114.172515869, 114.694961548, 115.205802917, 115.728248596, 116.239089966, 116.749931335, 117.260765076, 117.771606445, 118.282447815, 118.793289185, 119.304122925, 119.826576233, 120.337409973, 120.848251343, 121.370697021, 121.881538391, 122.392379761, 122.90322113, 123.414054871, 123.92489624, 124.43573761, 124.94657135, 125.45741272, 125.968254089, 126.47908783, 127.001541138, 127.523986816, 128.034820557, 128.545669556, 129.056503296, 129.567337036, 130.078186035, 130.589019775, 131.111465454, 131.633926392, 132.15637207, 132.678817749, 133.189651489, 133.700500488, 134.211334229, 134.722167969, 135.233016968, 135.743850708, 136.254684448, 136.765533447, 137.264755249, 137.787200928, 138.298049927, 138.808883667, 139.331329346, 139.853790283, 140.376235962, 140.887069702, 141.386306763, 141.908752441, 142.419586182, 142.930435181, 143.441268921, 143.952102661, 144.46295166, 144.9737854, 145.484619141, 146.007064819, 146.517913818, 147.028747559, 147.539596558, 148.050430298, 148.561264038, 149.083709717, 149.594558716, 150.105392456, 150.627838135, 151.138687134, 151.661132813, 152.183578491, 152.694412231, 153.20526123, 153.716094971, 154.226928711, 154.73777771, 155.236999512, 155.747848511, 156.258682251, 156.757904053, 157.268753052, 157.779586792, 158.290420532, 158.801269531, 159.312103271, 159.83454895, 160.357009888, 160.867843628, 161.378677368, 161.889526367, 162.411972046, 162.934417725, 163.445251465, 163.956100464, 164.478546143, 165.000991821, 165.51184082, 166.022674561, 166.533508301, 167.0443573, 167.55519104, 168.06602478, 168.576873779, 169.08770752, 169.59854126, 170.109390259, 170.608612061, 171.119445801, 171.618682861, 172.129516602, 172.65196228, 173.174423218, 173.685256958, 174.196090698, 174.706939697, 175.217773438, 175.728607178, 176.251068115, 176.773513794, 177.284347534, 177.795196533, 178.306030273, 178.816864014, 179.327713013, 179.838546753, 180.349380493, 180.871826172, 181.394287109, 181.90512085, 182.41595459, 182.938415527, 183.460861206, 183.960083008, 184.459320068, 184.981765747, 185.492599487, 186.015060425, 186.525894165, 187.048339844, 187.547576904, 188.058410645, 188.569244385, 189.080093384, 189.590927124, 190.113372803, 190.624221802, 191.14666748, 191.657501221, 192.156738281, 192.667572021, 193.178405762, 193.70085144, 194.211700439, 194.72253418, 195.23336792, 195.744216919, 196.255050659, 196.765899658, 197.288345337, 197.810791016, 198.310012817, 198.809249878, 199.331695557, 199.854141235, 200.376602173, 200.887435913, 201.409881592, 201.920715332, 202.431564331, 202.930786133, 203.441635132, 203.940856934, 204.440093994, 204.950927734, 205.484985352, 206.00743103, 206.529876709, 207.040725708, 207.551559448, 208.062393188, 208.561630249, 209.072463989, 209.594909668, 210.117370605, 210.651428223, 211.092605591, 211.510559082, 211.928527832, 212.334869385, 212.752838135, 213.182403564, 213.600357056, 214.041534424, 214.471099854, 214.91229248, 215.34185791, 215.759811401, 216.177780151, 216.595733643, 217.013687134, 217.431655884, 217.861221313, 218.290786743, 218.708755493, 219.126708984, 219.544662476, 219.951019287, 220.35736084, 220.763717651, 221.170059204, 221.576416016, 221.982757568, 222.38911438, 222.795455933, 223.190200806, 223.584945679, 223.979675293, 224.374420166, 224.76914978, 225.163894653, 225.558639526, 225.953369141, 226.348114014, 226.754455566, 227.160812378, 227.636825562, 228.112823486, 228.58883667, 229.08807373, 229.587295532, 230.098129272, 230.643798828, 231.177871704, 231.711929321, 232.292419434, 232.884536743, 233.453414917, 234.010696411, 234.567977905, 235.113647461, 235.659317017, 236.193374634, 236.727432251, 237.273101807, 237.807159424, 238.352828979]
