
metadata:
    version:
        essentia: "2.1-beta2"
    audio_properties:
        analysis_sample_rate: 44100
        bitrate: 320
        channels: 2
        equal_loudness: 1
        length: 225.828567505
        replay_gain: -13.1736907959
        downmix: "mix"
    tags:
        album: "Saturate"
        artist: "Breaking Benjamin"
        comment: ""
        date: "2002"
        genre: "Metal Alternatif"
        title: "Medicate"
        tracknumber: "2"

configuration:
    average_loudness:
        compute: 1
        frameSize: 88200
        hopSize: 44100
        silentFrames: "noise"
        windowType: "hann"
    general:
        analysisSampleRate: 44100
        endTime: 2000
        equalLoudness: 1
        nequalLoudness: 0
        shortSound: 0
        startTime: 0
    lowlevel:
        compute: 1
        frameSize: 2048
        hopSize: 1024
        zeroPadding: 0
        silentFrames: "noise"
        windowType: "blackmanharris62"
        mfccStats: ["mean", "cov", "icov"]
        stats: ["mean", "var", "median", "min", "max", "dmean", "dmean2", "dvar", "dvar2"]
    panning:
        compute: 0
        frameSize: 8192
        hopSize: 2048
        zeroPadding: 8192
        silentFrames: "noise"
        windowType: "hann"
        stats: ["copy"]
    rhythm:
        compute: 1
        maxTempo: 208
        minTempo: 40
        method: "degara"
        stats: ["mean", "var", "median", "min", "max", "dmean", "dmean2", "dvar", "dvar2"]
    segmentation:
        compute: 0
        cpw: 5
        inc1: 300
        inc2: 50
        minimumSegmentsLength: 10
        size1: 1000
        size2: 600
    sfx:
        compute: 1
        stats: ["mean", "var", "median", "min", "max", "dmean", "dmean2", "dvar", "dvar2"]
    svm:
        compute: 0
    tonal:
        compute: 1
        frameSize: 4096
        hopSize: 2048
        zeroPadding: 0
        silentFrames: "noise"
        windowType: "blackmanharris62"
        stats: ["mean", "var", "median", "min", "max", "dmean", "dmean2", "dvar", "dvar2"]

lowlevel:
    average_loudness: 0.930106818676
    barkbands_kurtosis:
        dmean: 1.09026753902
        dmean2: 1.70000624657
        dvar: 3.86047434807
        dvar2: 7.59672164917
        max: 112.79208374
        mean: 0.751556634903
        median: -0.888260960579
        min: -1.88718736172
        var: 42.8331871033
    barkbands_skewness:
        dmean: 0.430306464434
        dmean2: 0.68790948391
        dvar: 0.191412106156
        dvar2: 0.474300295115
        max: 8.41589164734
        mean: 0.295691043139
        median: -0.0645945891738
        min: -2.95023918152
        var: 1.72106897831
    barkbands_spread:
        dmean: 6.32075595856
        dmean2: 10.2630357742
        dvar: 46.8834991455
        dvar2: 121.255401611
        max: 92.0914840698
        mean: 34.5544929504
        median: 36.2174339294
        min: 1.06428468227
        var: 167.025466919
    dissonance:
        dmean: 0.0103462915868
        dmean2: 0.0171843878925
        dvar: 0.000123667501612
        dvar2: 0.000322447012877
        max: 0.5
        mean: 0.475583970547
        median: 0.482501894236
        min: 0.345826417208
        var: 0.000456946232589
    hfc:
        dmean: 2.1737883091
        dmean2: 3.7779109478
        dvar: 9.18482685089
        dvar2: 25.6006031036
        max: 39.8190498352
        mean: 8.69624710083
        median: 8.87534427643
        min: 1.19750778461e-016
        var: 41.3160858154
    pitch:
        dmean: 733.611328125
        dmean2: 1409.24755859
        dvar: 1580633.875
        dvar2: 4049804.25
        max: 4857.15136719
        mean: 1743.6114502
        median: 502.841247559
        min: 51.8214759827
        var: 2775171.25
    pitch_instantaneous_confidence:
        dmean: 0.0740849226713
        dmean2: 0.121388122439
        dvar: 0.0040544597432
        dvar2: 0.0102833844721
        max: 0.957107424736
        mean: 0.419534444809
        median: 0.390886545181
        min: 0.0685720443726
        var: 0.0185975916684
    pitch_salience:
        dmean: 0.0562083646655
        dmean2: 0.093688249588
        dvar: 0.0026475454215
        dvar2: 0.0073205512017
        max: 0.967371344566
        mean: 0.606132090092
        median: 0.622083187103
        min: 0.223601013422
        var: 0.0105810100213
    silence_rate_20dB:
        dmean: 0
        dmean2: 0
        dvar: 0
        dvar2: 0
        max: 1
        mean: 1
        median: 1
        min: 1
        var: 0
    silence_rate_30dB:
        dmean: 0
        dmean2: 0
        dvar: 0
        dvar2: 0
        max: 1
        mean: 1
        median: 1
        min: 1
        var: 0
    silence_rate_60dB:
        dmean: 0.065186098218
        dmean2: 0.130385607481
        dvar: 0.0609457418323
        dvar2: 0.132911920547
        max: 1
        mean: 0.286933273077
        median: 0
        min: 0
        var: 0.204573735595
    spectral_centroid:
        dmean: 271.396026611
        dmean2: 447.960876465
        dvar: 108476.132813
        dvar2: 263460.65625
        max: 11317.5644531
        mean: 1632.67810059
        median: 1822.05578613
        min: 103.054504395
        var: 623127.25
    spectral_complexity:
        dmean: 3.01789021492
        dmean2: 5.13501262665
        dvar: 10.2947072983
        dvar2: 27.4251289368
        max: 44
        mean: 16.1185359955
        median: 18
        min: 0
        var: 102.11290741
    spectral_crest:
        dmean: 1.90456795692
        dmean2: 3.18893027306
        dvar: 3.84037160873
        dvar2: 10.209643364
        max: 22.9505023956
        mean: 7.55070638657
        median: 6.47963142395
        min: 2.71409702301
        var: 11.6200246811
    spectral_decrease:
        dmean: 3.11163289579e-010
        dmean2: 5.28218524476e-010
        dvar: 2.47242863375e-019
        dvar2: 6.82862152587e-019
        max: 7.67957884755e-029
        mean: -1.09452191754e-009
        median: -1.04971809023e-009
        min: -5.75236347444e-009
        var: 3.94966308935e-019
    spectral_energy:
        dmean: 0.00133266567718
        dmean2: 0.00226945779286
        dvar: 4.26456654168e-006
        dvar2: 1.17701492854e-005
        max: 0.0234104134142
        mean: 0.00491974269971
        median: 0.00476313615218
        min: 1.05719086423e-020
        var: 8.02380600362e-006
    spectral_energyband_high:
        dmean: 0.000219784866204
        dmean2: 0.000388400279917
        dvar: 1.15878599161e-007
        dvar2: 3.25879454977e-007
        max: 0.00407724361867
        mean: 0.00053109426517
        median: 0.00050788349472
        min: 7.8604574464e-021
        var: 2.46170344553e-007
    spectral_energyband_low:
        dmean: 0.000436283211457
        dmean2: 0.000736417539883
        dvar: 3.80547987788e-007
        dvar2: 1.08429060219e-006
        max: 0.00577268749475
        mean: 0.000774209212977
        median: 0.000625595683232
        min: 4.82545205982e-023
        var: 4.25827295203e-007
    spectral_energyband_middle_high:
        dmean: 0.000488480727654
        dmean2: 0.000819157168735
        dvar: 3.42373226658e-007
        dvar2: 9.32342459237e-007
        max: 0.00844430923462
        mean: 0.00209343619645
        median: 0.00193693698384
        min: 1.33283161756e-021
        var: 2.66868210019e-006
    spectral_energyband_middle_low:
        dmean: 0.000788308039773
        dmean2: 0.00131328345742
        dvar: 2.76292348644e-006
        dvar2: 7.63712068874e-006
        max: 0.0189880020916
        mean: 0.00173830601852
        median: 0.00123520405032
        min: 2.76434481187e-022
        var: 2.89416334454e-006
    spectral_flatness_db:
        dmean: 0.0143521726131
        dmean2: 0.0227835867554
        dvar: 0.000183908079634
        dvar2: 0.000422432029154
        max: 0.448291391134
        mean: 0.161102339625
        median: 0.151134893298
        min: 0.0562128946185
        var: 0.00153912347741
    spectral_flux:
        dmean: 0.007877654396
        dmean2: 0.012357509695
        dvar: 0.000102762569441
        dvar2: 0.000182658070116
        max: 0.127190083265
        mean: 0.0379204601049
        median: 0.037926517427
        min: 1.02819787406e-010
        var: 0.000340697966749
    spectral_kurtosis:
        dmean: 1.09108006954
        dmean2: 1.87580215931
        dvar: 1.60684728622
        dvar2: 4.49480104446
        max: 44.514087677
        mean: 3.46201944351
        median: 2.99283075333
        min: -1.20732414722
        var: 4.95882415771
    spectral_rms:
        dmean: 0.000273444224149
        dmean2: 0.000454789667856
        dvar: 1.2105996916e-007
        dvar2: 3.26699904463e-007
        max: 0.00477906130254
        mean: 0.00209422060288
        median: 0.00215568137355
        min: 3.21155060011e-012
        var: 4.13990164816e-007
    spectral_rolloff:
        dmean: 387.549987793
        dmean2: 655.390441895
        dvar: 427654.75
        dvar2: 997404
        max: 18949.21875
        mean: 2989.44482422
        median: 3552.97851563
        min: 107.666015625
        var: 1849746.375
    spectral_skewness:
        dmean: 0.184532344341
        dmean2: 0.312310308218
        dvar: 0.0546129159629
        dvar2: 0.145120769739
        max: 5.4227771759
        mean: 1.25122225285
        median: 1.11304211617
        min: -0.0314434804022
        var: 0.246831595898
    spectral_spread:
        dmean: 338939.1875
        dmean2: 501054.5625
        dvar: 420482449408
        dvar2: 618201219072
        max: 43515008
        mean: 4470639.5
        median: 4281642.5
        min: 1875822.25
        var: 1.52466266522e+012
    spectral_strongpeak:
        dmean: 0.399998605251
        dmean2: 0.706225275993
        dvar: 0.488842427731
        dvar2: 1.32553648949
        max: 7.7475938797
        mean: 0.584704697132
        median: 0.214041396976
        min: 0
        var: 0.680460631847
    zerocrossingrate:
        dmean: 0.00735072651878
        dmean2: 0.00937635544688
        dvar: 5.7012475736e-005
        dvar2: 7.11776519893e-005
        max: 0.4951171875
        mean: 0.0937559753656
        median: 0.10595703125
        min: 0.00341796875
        var: 0.00130326114595
    barkbands:
        dmean: [2.98260573572e-007, 0.000109838700155, 0.000269212789135, 0.000211601174669, 0.00041516116471, 0.000221598529606, 0.00010936432227, 5.61248343729e-005, 8.89239599928e-005, 5.0827031373e-005, 2.33241207752e-005, 2.16217631532e-005, 2.24965297093e-005, 4.73672807857e-005, 6.33625677438e-005, 8.69394789333e-005, 0.00014995370293, 0.000138812785735, 0.000240494628088, 0.000182872696314, 0.000104439168354, 3.05827561533e-005, 3.43230180988e-006, 1.2041247146e-006, 5.973999464e-007, 2.3050962028e-008, 3.48857109866e-010]
        dmean2: [4.98670601701e-007, 0.000197974470211, 0.000453673565062, 0.000350694695953, 0.000724177167285, 0.000364504929166, 0.000172249448951, 9.15746568353e-005, 0.000133151173941, 7.78338871896e-005, 3.85268103855e-005, 3.57053031621e-005, 3.63125909644e-005, 7.67431993154e-005, 0.000102478006738, 0.000143033845234, 0.000250738230534, 0.000237674146774, 0.000412689638324, 0.000317262223689, 0.000186182325706, 5.33315942448e-005, 5.57187104278e-006, 1.81130360488e-006, 8.71183488016e-007, 3.39139951677e-008, 5.81179715464e-010]
        dvar: [2.24045500034e-013, 5.78928514017e-008, 1.4151196126e-007, 7.67961338966e-008, 1.31692377181e-006, 2.39603139107e-007, 7.18078183581e-008, 2.63161741287e-008, 4.56760247403e-008, 1.77202252871e-008, 2.19361484532e-009, 1.6197415631e-009, 4.62440752358e-009, 1.07006172811e-008, 3.14604129414e-008, 2.57671111115e-008, 4.60797799917e-008, 3.2483395529e-008, 9.16227875791e-008, 6.3744899137e-008, 3.11696979338e-008, 2.63600385964e-009, 3.84831784495e-011, 1.84189035551e-011, 3.90415564461e-012, 7.0437057608e-015, 4.02373401128e-019]
        dvar2: [5.88375322855e-013, 1.64339510889e-007, 4.03482459888e-007, 2.09844913002e-007, 3.6734297737e-006, 6.31812497431e-007, 1.63862381442e-007, 6.13344113276e-008, 1.03932308093e-007, 3.68593653377e-008, 5.35988720074e-009, 4.55020288115e-009, 1.08744808713e-008, 2.61723798189e-008, 8.13866734006e-008, 6.40383248651e-008, 1.23001669294e-007, 8.90616149718e-008, 2.54552759316e-007, 1.77816957603e-007, 8.76326495813e-008, 7.3488415353e-009, 9.25395871043e-011, 3.72789125958e-011, 6.95649917878e-012, 1.36882548685e-014, 9.04008734257e-019]
        max: [5.8762034314e-006, 0.00183018611278, 0.00408213306218, 0.00383940734901, 0.0168081745505, 0.00606804573908, 0.008673931472, 0.00540145719424, 0.00471196556464, 0.00391790270805, 0.00169690768234, 0.0009064351907, 0.00236579100601, 0.00169261684641, 0.00422571506351, 0.00383935729042, 0.00567496707663, 0.00297963619232, 0.00471771275625, 0.00442542415112, 0.00161827926058, 0.000651612586807, 0.000174571556272, 0.000153721819515, 5.67325841985e-005, 4.49123808721e-006, 1.34069573221e-008]
        mean: [4.42222301444e-007, 0.000122659577755, 0.000459133385448, 0.000355469994247, 0.00050351669779, 0.000345776876202, 0.000253888050793, 8.11741774669e-005, 0.000182741932804, 9.55471841735e-005, 3.85410894523e-005, 3.58543729817e-005, 4.05244209105e-005, 8.29820128274e-005, 0.000120936449093, 0.000185925629921, 0.00037352432264, 0.000332523952238, 0.000583749031648, 0.000456677109469, 0.00018804690626, 6.65482366458e-005, 8.99619044503e-006, 3.10823065774e-006, 1.42150759075e-006, 4.092697381e-008, 4.02479133355e-010]
        median: [2.71167550636e-007, 6.87338615535e-005, 0.000357805285603, 0.000252304569585, 0.000274193444056, 0.000120625190903, 5.62376371818e-005, 2.64118334599e-005, 7.55419023335e-005, 3.22462146869e-005, 2.28653407248e-005, 2.18389250222e-005, 2.02693245228e-005, 2.79184459941e-005, 4.86915014335e-005, 0.000110400796984, 0.000301732652588, 0.000278219959, 0.000529810029548, 0.000419793679612, 0.000160144452821, 5.59424333915e-005, 6.84664928485e-006, 1.90729826954e-006, 8.72214968695e-007, 1.60817759109e-008, 1.38182063014e-010]
        min: [2.07856612818e-023, 2.37850524384e-023, 1.40522759164e-023, 7.972643249e-024, 6.25773316289e-023, 2.91580377064e-023, 5.09543402483e-023, 2.03217274503e-023, 6.84568823494e-023, 6.42133471048e-023, 4.56828024927e-023, 7.79839302582e-023, 4.3437508719e-023, 5.92399198852e-023, 9.53367055388e-023, 1.09705888969e-022, 1.57648942038e-022, 1.82842912675e-022, 1.8575860569e-022, 2.69975262851e-022, 3.64203322206e-022, 4.58567898674e-022, 5.11717787128e-022, 8.43400703481e-022, 1.18477941456e-021, 1.65916002376e-021, 2.5612296633e-021]
        var: [2.79580476608e-013, 3.94551484817e-008, 1.78343725565e-007, 1.32483407356e-007, 9.37170284487e-007, 4.02490968554e-007, 3.79289105013e-007, 6.52091145525e-008, 1.29299934315e-007, 5.31226795886e-008, 3.84292109246e-009, 2.60247046135e-009, 8.65741078826e-009, 2.45341720273e-008, 7.86902489835e-008, 7.15290795483e-008, 1.24972373783e-007, 1.02142124092e-007, 2.72818681424e-007, 1.90739584127e-007, 3.86628755678e-008, 4.89098761491e-009, 1.00699365513e-010, 3.12447775985e-011, 8.66473039152e-012, 1.4290906105e-014, 6.62359240334e-019]
    frequency_bands:
        dmean: [2.98260573572e-007, 0.000109838700155, 0.000269212789135, 0.000211601174669, 0.00041516116471, 0.000221598529606, 0.00010936432227, 5.61248343729e-005, 8.89239599928e-005, 5.0827031373e-005, 2.33241207752e-005, 2.16217631532e-005, 2.24965297093e-005, 4.73672807857e-005, 6.33625677438e-005, 8.69394789333e-005, 0.00014995370293, 0.000138812785735, 0.000240494628088, 0.000182872696314, 0.000104439168354, 3.05827561533e-005, 3.43230180988e-006, 1.2041247146e-006, 5.973999464e-007, 2.3050962028e-008, 3.48857109866e-010, 5.85768586414e-011]
        dmean2: [4.98670601701e-007, 0.000197974470211, 0.000453673565062, 0.000350694695953, 0.000724177167285, 0.000364504929166, 0.000172249448951, 9.15746568353e-005, 0.000133151173941, 7.78338871896e-005, 3.85268103855e-005, 3.57053031621e-005, 3.63125909644e-005, 7.67431993154e-005, 0.000102478006738, 0.000143033845234, 0.000250738230534, 0.000237674146774, 0.000412689638324, 0.000317262223689, 0.000186182325706, 5.33315942448e-005, 5.57187104278e-006, 1.81130360488e-006, 8.71183488016e-007, 3.39139951677e-008, 5.81179715464e-010, 1.08938420784e-010]
        dvar: [2.24045500034e-013, 5.78928514017e-008, 1.4151196126e-007, 7.67961338966e-008, 1.31692377181e-006, 2.39603139107e-007, 7.18078183581e-008, 2.63161741287e-008, 4.56760247403e-008, 1.77202252871e-008, 2.19361484532e-009, 1.6197415631e-009, 4.62440752358e-009, 1.07006172811e-008, 3.14604129414e-008, 2.57671111115e-008, 4.60797799917e-008, 3.2483395529e-008, 9.16227875791e-008, 6.3744899137e-008, 3.11696979338e-008, 2.63600385964e-009, 3.84831784495e-011, 1.84189035551e-011, 3.90415564461e-012, 7.0437057608e-015, 4.02373401128e-019, 7.47541537257e-021]
        dvar2: [5.88375322855e-013, 1.64339510889e-007, 4.03482459888e-007, 2.09844913002e-007, 3.6734297737e-006, 6.31812497431e-007, 1.63862381442e-007, 6.13344113276e-008, 1.03932308093e-007, 3.68593653377e-008, 5.35988720074e-009, 4.55020288115e-009, 1.08744808713e-008, 2.61723798189e-008, 8.13866734006e-008, 6.40383248651e-008, 1.23001669294e-007, 8.90616149718e-008, 2.54552759316e-007, 1.77816957603e-007, 8.76326495813e-008, 7.3488415353e-009, 9.25395871043e-011, 3.72789125958e-011, 6.95649917878e-012, 1.36882548685e-014, 9.04008734257e-019, 2.41335969852e-020]
        max: [5.8762034314e-006, 0.00183018611278, 0.00408213306218, 0.00383940734901, 0.0168081745505, 0.00606804573908, 0.008673931472, 0.00540145719424, 0.00471196556464, 0.00391790270805, 0.00169690768234, 0.0009064351907, 0.00236579100601, 0.00169261684641, 0.00422571506351, 0.00383935729042, 0.00567496707663, 0.00297963619232, 0.00471771275625, 0.00442542415112, 0.00161827926058, 0.000651612586807, 0.000174571556272, 0.000153721819515, 5.67325841985e-005, 4.49123808721e-006, 1.34069573221e-008, 9.75746927701e-010]
        mean: [4.42222301444e-007, 0.000122659577755, 0.000459133385448, 0.000355469994247, 0.00050351669779, 0.000345776876202, 0.000253888050793, 8.11741774669e-005, 0.000182741932804, 9.55471841735e-005, 3.85410894523e-005, 3.58543729817e-005, 4.05244209105e-005, 8.29820128274e-005, 0.000120936449093, 0.000185925629921, 0.00037352432264, 0.000332523952238, 0.000583749031648, 0.000456677109469, 0.00018804690626, 6.65482366458e-005, 8.99619044503e-006, 3.10823065774e-006, 1.42150759075e-006, 4.092697381e-008, 4.02479133355e-010, 4.50977935551e-011]
        median: [2.71167550636e-007, 6.87338615535e-005, 0.000357805285603, 0.000252304569585, 0.000274193444056, 0.000120625190903, 5.62376371818e-005, 2.64118334599e-005, 7.55419023335e-005, 3.22462146869e-005, 2.28653407248e-005, 2.18389250222e-005, 2.02693245228e-005, 2.79184459941e-005, 4.86915014335e-005, 0.000110400796984, 0.000301732652588, 0.000278219959, 0.000529810029548, 0.000419793679612, 0.000160144452821, 5.59424333915e-005, 6.84664928485e-006, 1.90729826954e-006, 8.72214968695e-007, 1.60817759109e-008, 1.38182063014e-010, 1.64165903094e-011]
        min: [2.07856612818e-023, 2.37850524384e-023, 1.40522759164e-023, 7.972643249e-024, 6.25773316289e-023, 2.91580377064e-023, 5.09543402483e-023, 2.03217274503e-023, 6.84568823494e-023, 6.42133471048e-023, 4.56828024927e-023, 7.79839302582e-023, 4.3437508719e-023, 5.92399198852e-023, 9.53367055388e-023, 1.09705888969e-022, 1.57648942038e-022, 1.82842912675e-022, 1.8575860569e-022, 2.69975262851e-022, 3.64203322206e-022, 4.58567898674e-022, 5.11717787128e-022, 8.43400703481e-022, 1.18477941456e-021, 1.65916002376e-021, 2.5612296633e-021, 6.89861259753e-022]
        var: [2.79580476608e-013, 3.94551484817e-008, 1.78343725565e-007, 1.32483407356e-007, 9.37170284487e-007, 4.02490968554e-007, 3.79289105013e-007, 6.52091145525e-008, 1.29299934315e-007, 5.31226795886e-008, 3.84292109246e-009, 2.60247046135e-009, 8.65741078826e-009, 2.45341720273e-008, 7.86902489835e-008, 7.15290795483e-008, 1.24972373783e-007, 1.02142124092e-007, 2.72818681424e-007, 1.90739584127e-007, 3.86628755678e-008, 4.89098761491e-009, 1.00699365513e-010, 3.12447775985e-011, 8.66473039152e-012, 1.4290906105e-014, 6.62359240334e-019, 5.8121352987e-021]
    mfcc:
        mean: [-714.841064453, 103.132293701, -39.1288299561, 70.5717926025, -6.35146284103, -7.69650268555, -0.86272662878, -1.17428672314, 1.15128421783, -5.00674152374, -6.34299898148, -7.24585342407, -6.81854009628]
        cov: [[4438.06933594, -724.887390137, -659.605224609, 343.341186523, -465.205535889, 199.494827271, -216.546340942, 17.015007019, -2.25826263428, -16.9224014282, -78.5604476929, -188.711791992, -130.169082642], [-724.887390137, 914.038330078, 195.999771118, -21.8937416077, 156.613800049, -145.953948975, 46.6187210083, -46.4227790833, -56.8043251038, -8.75162696838, 36.8275222778, 92.9834442139, 80.9300384521], [-659.605224609, 195.999771118, 371.360809326, -106.039611816, 84.2971115112, -21.1811008453, 23.1346817017, -21.7397441864, -65.392616272, -38.2514839172, 20.0866279602, 65.0144729614, 78.8682556152], [343.341186523, -21.8937416077, -106.039611816, 276.805175781, -31.0306720734, 16.7646427155, 10.3140125275, 32.5738220215, 88.1844787598, 31.7317829132, -18.3936767578, -34.290271759, -33.368560791], [-465.205535889, 156.613800049, 84.2971115112, -31.0306720734, 201.229125977, -28.4688949585, 11.8255214691, -9.45498371124, -0.436182498932, 31.7257728577, 13.7173042297, 16.133058548, 15.8271245956], [199.494827271, -145.953948975, -21.1811008453, 16.7646427155, -28.4688949585, 149.721374512, 35.6636161804, 32.3571548462, 14.1805276871, -9.11043357849, 0.222520619631, -10.9205312729, 3.90687131882], [-216.546340942, 46.6187210083, 23.1346817017, 10.3140125275, 11.8255214691, 35.6636161804, 130.572509766, 38.8394203186, 31.4479808807, -9.07409954071, 3.08855557442, 19.4768276215, 4.19485378265], [17.015007019, -46.4227790833, -21.7397441864, 32.5738220215, -9.45498371124, 32.3571548462, 38.8394203186, 92.2870635986, 62.7926368713, 25.8852653503, -0.679633378983, -15.6611309052, -13.2584009171], [-2.25826263428, -56.8043251038, -65.392616272, 88.1844787598, -0.436182498932, 14.1805276871, 31.4479808807, 62.7926368713, 155.644699097, 79.3412475586, 4.49471139908, -38.606552124, -46.781791687], [-16.9224014282, -8.75162696838, -38.2514839172, 31.7317829132, 31.7257728577, -9.11043357849, -9.07409954071, 25.8852653503, 79.3412475586, 121.198051453, 34.3149642944, -14.8791465759, -39.2227973938], [-78.5604476929, 36.8275222778, 20.0866279602, -18.3936767578, 13.7173042297, 0.222520619631, 3.08855557442, -0.679633378983, 4.49471139908, 34.3149642944, 63.7363700867, 25.9427013397, 1.27419221401], [-188.711791992, 92.9834442139, 65.0144729614, -34.290271759, 16.133058548, -10.9205312729, 19.4768276215, -15.6611309052, -38.606552124, -14.8791465759, 25.9427013397, 83.8045730591, 53.8759002686], [-130.169082642, 80.9300384521, 78.8682556152, -33.368560791, 15.8271245956, 3.90687131882, 4.19485378265, -13.2584009171, -46.781791687, -39.2227973938, 1.27419221401, 53.8759002686, 93.9048461914]]
        icov: [[0.000483580981381, 1.91226990864e-005, 0.000525556330103, -0.00043131413986, 0.000703466299456, -0.000529932614882, 0.000629580579698, -0.000125201055198, 0.000627560308203, -0.000192172359675, 1.90793571164e-006, 0.000424272730015, -9.42063634284e-005], [1.91226990864e-005, 0.00182857562322, -0.000360041391104, -0.000546138209756, -0.000838381412905, 0.00176137802191, -0.0010432159761, 0.000274790421827, 0.000477244175272, -4.88119439979e-005, -0.000762501556892, -0.000184690099559, -0.000953994458541], [0.000525556330103, -0.000360041391104, 0.00463461643085, 0.000510808487888, -0.000357493699994, -0.000504203897435, 0.000338814366842, -0.000349223264493, 0.00077718612738, 0.000579874555115, -0.000754309934564, 7.27956066839e-005, -0.00205752532929], [-0.00043131413986, -0.000546138209756, 0.000510808487888, 0.00537116453052, -0.00011124547018, -0.000240258552367, -0.000153049913934, 0.000345457607182, -0.00346578541212, 0.000434755434981, 0.00144653290045, -0.000568152347114, 0.000198088790057], [0.000703466299456, -0.000838381412905, -0.000357493699994, -0.00011124547018, 0.00775181176141, -0.000664535327815, 4.72876745334e-005, 0.000657268741634, 0.00127119920217, -0.00347609980963, 0.000927334069274, 0.00158381974325, -0.000969691900536], [-0.000529932614882, 0.00176137802191, -0.000504203897435, -0.000240258552367, -0.000664535327815, 0.0105041321367, -0.00395406922325, -0.00170954770874, 0.000454131339211, 0.000725626479834, -0.00263862800784, 0.00239928020164, -0.00311565888114], [0.000629580579698, -0.0010432159761, 0.000338814366842, -0.000153049913934, 4.72876745334e-005, -0.00395406922325, 0.012959013693, -0.00396310957149, -0.0030921313446, 0.00401377491653, 0.000689843902364, -0.00526609271765, 0.003598931944], [-0.000125201055198, 0.000274790421827, -0.000349223264493, 0.000345457607182, 0.000657268741634, -0.00170954770874, -0.00396310957149, 0.0174875259399, -0.00583858415484, -0.00123589427676, 0.000532215286512, 0.00177215109579, -0.00183672597632], [0.000627560308203, 0.000477244175272, 0.00077718612738, -0.00346578541212, 0.00127119920217, 0.000454131339211, -0.0030921313446, -0.00583858415484, 0.0176674686372, -0.00931576918811, 0.00100506702438, 0.00449629081413, -2.77728722722e-005], [-0.000192172359675, -4.88119439979e-005, 0.000579874555115, 0.000434755434981, -0.00347609980963, 0.000725626479834, 0.00401377491653, -0.00123589427676, -0.00931576918811, 0.0196524895728, -0.00895027257502, -0.00194192421623, 0.0044482476078], [1.90793571164e-006, -0.000762501556892, -0.000754309934564, 0.00144653290045, 0.000927334069274, -0.00263862800784, 0.000689843902364, 0.000532215286512, 0.00100506702438, -0.00895027257502, 0.0253573656082, -0.0101232761517, 0.0040313815698], [0.000424272730015, -0.000184690099559, 7.27956066839e-005, -0.000568152347114, 0.00158381974325, 0.00239928020164, -0.00526609271765, 0.00177215109579, 0.00449629081413, -0.00194192421623, -0.0101232761517, 0.0282533541322, -0.0140405874699], [-9.42063634284e-005, -0.000953994458541, -0.00205752532929, 0.000198088790057, -0.000969691900536, -0.00311565888114, 0.003598931944, -0.00183672597632, -2.77728722722e-005, 0.0044482476078, 0.0040313815698, -0.0140405874699, 0.0228570122272]]
    sccoeffs:
        dmean: [0.0513625815511, 0.0440039224923, 0.0343280658126, 0.0275631267577, 0.0196118857712, 0.0217487886548]
        dmean2: [0.0854694768786, 0.0720711499453, 0.0564605146646, 0.0451683960855, 0.0325198322535, 0.0366314612329]
        dvar: [0.00198783329688, 0.00134925846942, 0.000772990169935, 0.000510985322762, 0.000267368217465, 0.000813043618109]
        dvar2: [0.0054800468497, 0.00352168804966, 0.00209565716796, 0.00133758946322, 0.000700987817254, 0.0021523993928]
        max: [-0.320548832417, -0.42238381505, -0.480678111315, -0.570043385029, -0.623730778694, -0.590301632881]
        mean: [-0.623442530632, -0.724590957165, -0.781204938889, -0.777282178402, -0.793091595173, -0.740730047226]
        median: [-0.626864552498, -0.737450063229, -0.792991399765, -0.782584667206, -0.795739889145, -0.728398382664]
        min: [-0.970226943493, -0.980860888958, -0.974786221981, -0.983866631985, -0.976272344589, -0.961352884769]
        var: [0.00463759060949, 0.00681081227958, 0.00412930734456, 0.00229502189904, 0.00101452833042, 0.00304831168614]
    scvalleys:
        dmean: [0.381547003984, 0.346679508686, 0.281747639179, 0.239412873983, 0.221531733871, 0.169801518321]
        dmean2: [0.620502114296, 0.572650015354, 0.460893303156, 0.386424958706, 0.358020752668, 0.24549998343]
        dvar: [0.130941957235, 0.126220285892, 0.072755202651, 0.0701938122511, 0.107540003955, 0.0566684007645]
        dvar2: [0.290343225002, 0.295185208321, 0.150556370616, 0.137687087059, 0.224102288485, 0.0878252610564]
        max: [-4.96522665024, -4.40044736862, -5.47700881958, -6.05355739594, -5.59486627579, -7.44074440002]
        mean: [-6.79311704636, -6.88333129883, -7.40733337402, -7.60859441757, -6.94779491425, -9.88260650635]
        median: [-6.66238594055, -6.76024484634, -7.23475790024, -7.36345434189, -6.41675043106, -9.5749130249]
        min: [-27.171995163, -27.2568836212, -27.1782436371, -27.6348075867, -27.3733978271, -27.2221374512]
        var: [1.04914295673, 1.17194080353, 1.15243244171, 1.15935671329, 1.4571942091, 1.43165946007]

rhythm:
    beats_loudness:
        dmean: 0.00142336334102
        dmean2: 0.00250601908192
        dvar: 1.43304407629e-006
        dvar2: 4.09247559219e-006
        max: 0.0113517846912
        mean: 0.00489008845761
        median: 0.00507133640349
        min: 1.38839547498e-011
        var: 5.57679459234e-006
    bpm: 120.005187988
    bpm_confidence: 0
    first_peak_bpm: 120
    first_peak_spread: 0.248243540525
    first_peak_weight: 0.705494523048
    onset_rate: 2.59931707382
    second_peak_bpm: 172
    second_peak_spread: 0
    second_peak_weight: 0.0197802204639
    beats_loudness_band_ratio:
        dmean: [0.132756978273, 0.123691737652, 0.0822395011783, 0.0274595990777, 0.0725505501032, 0.0707797408104]
        dmean2: [0.229225739837, 0.217987567186, 0.142441943288, 0.0456282198429, 0.132677212358, 0.121750034392]
        dvar: [0.0174853671342, 0.00996203999966, 0.0112307351083, 0.000966301304288, 0.00410127965733, 0.00336133455858]
        dvar2: [0.054634436965, 0.0281647592783, 0.0302491467446, 0.00257090036757, 0.0122811021283, 0.00923700816929]
        max: [0.981069564819, 0.741570591927, 0.748685002327, 0.233993470669, 0.643307924271, 0.53211247921]
        mean: [0.263290464878, 0.184665128589, 0.118186786771, 0.0512528680265, 0.206723839045, 0.236955404282]
        median: [0.215893253684, 0.155978739262, 0.0652455538511, 0.0371997319162, 0.220832437277, 0.262844443321]
        min: [0, 0, 0, 0, 0, 0]
        var: [0.0270726848394, 0.0174323841929, 0.0158145818859, 0.00144009524956, 0.0115834968165, 0.016587484628]
    beats_position: [0.510838985443, 1.03328800201, 1.53251695633, 2.04335594177, 2.54258489609, 3.04181408882, 3.54104304314, 4.04027223587, 4.53950119019, 5.05034017563, 5.56117916107, 6.06040811539, 6.54802703857, 7.04725599289, 7.5464849472, 8.04571437836, 8.54494285583, 9.04417228699, 9.54340076447, 10.0542402267, 10.5534696579, 11.0526981354, 11.5519275665, 12.051156044, 12.538775444, 13.0380039215, 13.5372333527, 14.0480718613, 14.5356912613, 15.0349206924, 15.5341491699, 16.0449886322, 16.5558280945, 17.0550556183, 17.5542850494, 18.0651245117, 18.5643539429, 19.0635814667, 19.5512008667, 20.0504302979, 20.549659729, 21.0488891602, 21.548116684, 22.0473461151, 22.5465755463, 23.0458049774, 23.5450344086, 24.0442619324, 24.5434913635, 25.0427207947, 25.5419502258, 26.0527877808, 26.5520172119, 27.0512466431, 27.5504760742, 28.0497055054, 28.5489330292, 29.0481624603, 29.5473918915, 30.0466213226, 30.5458488464, 31.0450782776, 31.5443077087, 32.0435371399, 32.542766571, 33.0419960022, 33.5412254333, 34.0404510498, 34.539680481, 35.0389099121, 35.5381393433, 36.0373687744, 36.5365982056, 37.0358276367, 37.5466651917, 38.0458946228, 38.545124054, 39.0443534851, 39.5435829163, 40.0544204712, 40.5420417786, 41.0528793335, 41.5521087646, 42.0513381958, 42.550567627, 43.0497932434, 43.5490226746, 44.0482521057, 44.5474815369, 45.046710968, 45.5459403992, 46.0451698303, 46.532787323, 47.0320167542, 47.5312461853, 48.0420837402, 48.5529251099, 49.052154541, 49.5513839722, 50.0506095886, 50.5498390198, 51.0490684509, 51.5482978821, 52.0475273132, 52.5467567444, 53.0459861755, 53.5452156067, 54.0444450378, 54.5436706543, 55.0429000854, 55.5421295166, 56.0413589478, 56.5405883789, 57.0514259338, 57.5622673035, 58.0498847961, 58.5375061035, 59.0483436584, 59.5475730896, 60.0468025208, 60.5460319519, 61.0452613831, 61.5444869995, 62.0437164307, 62.5429458618, 63.042175293, 63.5297966003, 64.0406341553, 64.5282516479, 65.0274810791, 65.5267105103, 66.0375518799, 66.5483856201, 67.0476150513, 67.5468444824, 68.0576858521, 68.5569152832, 69.0561447144, 69.543762207, 70.0429916382, 70.5422210693, 71.0414505005, 71.5406799316, 72.0515213013, 72.5507507324, 73.0499725342, 73.5375976563, 74.0368270874, 74.5360565186, 75.0468902588, 75.5577316284, 76.068572998, 76.5794067383, 77.0786361694, 77.5778656006, 78.0654830933, 78.5647125244, 79.0639419556, 79.5631713867, 80.0624008179, 80.561630249, 81.0608596802, 81.5600891113, 82.0593185425, 82.5585479736, 83.0577774048, 83.5570068359, 84.0562362671, 84.5554656982, 85.0546951294, 85.5539245605, 86.0531539917, 86.5523757935, 87.0516052246, 87.5508346558, 88.0500640869, 88.5492935181, 89.0485229492, 89.5477523804, 90.0469818115, 90.5462112427, 91.0454406738, 91.544670105, 92.0438995361, 92.5431289673, 93.0423583984, 93.5531921387, 94.0524215698, 94.551651001, 95.039276123, 95.5384979248, 96.037727356, 96.5369567871, 97.0361862183, 97.5354156494, 98.046257019, 98.5454864502, 99.0447158813, 99.5439453125, 100.043174744, 100.542404175, 101.041633606, 101.540863037, 102.040092468, 102.53931427, 103.038543701, 103.537773132, 104.037002563, 104.536231995, 105.047073364, 105.546302795, 106.045532227, 106.544761658, 107.043991089, 107.531608582, 108.042449951, 108.541679382, 109.040908813, 109.551742554, 110.050971985, 110.550201416, 111.037818909, 111.53704834, 112.036277771, 112.535507202, 113.034736633, 113.545578003, 114.056411743, 114.544036865, 115.054870605, 115.554100037, 116.053329468, 116.552558899, 117.05178833, 117.551017761, 118.050247192, 118.537864685, 119.037094116, 119.536323547, 120.047164917, 120.546394348, 121.045623779, 121.54485321, 122.044082642, 122.543312073, 123.042533875, 123.541763306, 124.040992737, 124.540222168, 125.039451599, 125.53868103, 126.037910461, 126.548751831, 127.047981262, 127.547210693, 128.046432495, 128.545669556, 129.056503296, 129.555740356, 130.054962158, 130.554199219, 131.053421021, 131.552658081, 132.051879883, 132.551101685, 133.050338745, 133.537963867, 134.048797607, 134.536407471, 135.04725647, 135.55809021, 136.057327271, 136.556549072, 137.055786133, 137.555007935, 138.054244995, 138.553466797, 139.052688599, 139.551925659, 140.062759399, 140.550384521, 141.049606323, 141.548843384, 142.036453247, 142.547302246, 143.058135986, 143.557373047, 144.056594849, 144.555831909, 145.055053711, 145.542678833, 146.041900635, 146.541137695, 147.040359497, 147.539596558, 148.038818359, 148.538040161, 149.037277222, 149.536499023, 150.047348022, 150.558181763, 151.069015503, 151.556640625, 152.044265747, 152.555099487, 153.054321289, 153.55355835, 154.06439209, 154.56362915, 155.051239014, 155.550476074, 156.061309814, 156.560546875, 157.059768677, 157.559005737, 158.058227539, 158.5574646, 159.056686401, 159.555908203, 160.055145264, 160.565979004, 161.076828003, 161.564437866, 162.063674927, 162.562896729, 163.062133789, 163.561355591, 164.060592651, 164.559814453, 165.059051514, 165.558273315, 166.057495117, 166.556732178, 167.055953979, 167.55519104, 168.054412842, 168.553649902, 169.052871704, 169.552108765, 170.039718628, 170.538955688, 171.049789429, 171.549026489, 172.059860229, 172.547485352, 173.046707153, 173.545944214, 174.056777954, 174.555999756, 175.055236816, 175.54284668, 176.04208374, 176.541305542, 177.052154541, 177.539764404, 178.050613403, 178.549835205, 179.049072266, 179.536682129, 180.047531128, 180.54675293, 181.04598999, 181.545211792, 182.044433594, 182.555282593, 183.066116333, 183.565353394, 184.064575195, 184.552200317, 185.051422119, 185.55065918, 186.049880981, 186.549118042, 187.059951782, 187.547576904, 188.046798706, 188.546035767, 189.056869507, 189.54447937, 190.032104492, 190.531341553, 191.030563354, 191.529785156, 192.052246094, 192.551467896, 193.050704956, 193.549926758, 194.049163818, 194.54838562, 195.047622681, 195.546844482, 196.046066284, 196.545303345, 197.044525146, 197.543762207, 198.042984009, 198.553833008, 199.064666748, 199.55229187, 200.051513672, 200.550750732, 201.049972534, 201.549209595, 202.048431396, 202.547653198, 203.046890259, 203.546112061, 204.045349121, 204.544570923, 205.043807983, 205.543029785, 206.042266846, 206.541488647, 207.052337646, 207.551559448, 208.050796509, 208.550018311, 209.049255371, 209.548477173, 210.047698975, 210.535324097, 211.046157837, 211.545394897, 212.044616699, 212.555465698, 213.066299438, 213.577133179, 214.122802734, 214.66847229, 215.202529907, 215.701766968, 216.20098877, 216.70022583, 217.153015137, 217.605804443, 218.05859375, 218.453323364, 218.836456299, 219.219589233, 219.602722168, 219.951019287, 220.299316406, 220.647613525, 220.995910645, 221.344207764, 221.692520142, 222.040817261, 222.38911438, 222.737411499, 223.07409668, 223.410797119, 223.7474823, 224.107391357, 224.467300415, 224.827209473, 225.198730469]
