
metadata:
    version:
        essentia: "2.1-beta2"
    audio_properties:
        analysis_sample_rate: 44100
        bitrate: 320
        channels: 2
        equal_loudness: 1
        length: 240.431015015
        replay_gain: -13.3494033813
        downmix: "mix"
    tags:
        album: "Saturate"
        artist: "Breaking Benjamin"
        comment: ""
        date: "2002"
        genre: "Metal Alternatif"
        title: "Natural Life"
        tracknumber: "5"

configuration:
    average_loudness:
        compute: 1
        frameSize: 88200
        hopSize: 44100
        silentFrames: "noise"
        windowType: "hann"
    general:
        analysisSampleRate: 44100
        endTime: 2000
        equalLoudness: 1
        nequalLoudness: 0
        shortSound: 0
        startTime: 0
    lowlevel:
        compute: 1
        frameSize: 2048
        hopSize: 1024
        zeroPadding: 0
        silentFrames: "noise"
        windowType: "blackmanharris62"
        mfccStats: ["mean", "cov", "icov"]
        stats: ["mean", "var", "median", "min", "max", "dmean", "dmean2", "dvar", "dvar2"]
    panning:
        compute: 0
        frameSize: 8192
        hopSize: 2048
        zeroPadding: 8192
        silentFrames: "noise"
        windowType: "hann"
        stats: ["copy"]
    rhythm:
        compute: 1
        maxTempo: 208
        minTempo: 40
        method: "degara"
        stats: ["mean", "var", "median", "min", "max", "dmean", "dmean2", "dvar", "dvar2"]
    segmentation:
        compute: 0
        cpw: 5
        inc1: 300
        inc2: 50
        minimumSegmentsLength: 10
        size1: 1000
        size2: 600
    sfx:
        compute: 1
        stats: ["mean", "var", "median", "min", "max", "dmean", "dmean2", "dvar", "dvar2"]
    svm:
        compute: 0
    tonal:
        compute: 1
        frameSize: 4096
        hopSize: 2048
        zeroPadding: 0
        silentFrames: "noise"
        windowType: "blackmanharris62"
        stats: ["mean", "var", "median", "min", "max", "dmean", "dmean2", "dvar", "dvar2"]

lowlevel:
    average_loudness: 0.950775206089
    barkbands_kurtosis:
        dmean: 1.1501698494
        dmean2: 1.84508872032
        dvar: 7.91467523575
        dvar2: 18.0613613129
        max: 84.6066665649
        mean: -0.232385128736
        median: -1.18506884575
        min: -1.95360743999
        var: 12.0765028
    barkbands_skewness:
        dmean: 0.509030640125
        dmean2: 0.80663639307
        dvar: 0.291574805975
        dvar2: 0.673757135868
        max: 8.12002944946
        mean: -0.259705126286
        median: -0.337818026543
        min: -5.36584472656
        var: 1.22664272785
    barkbands_spread:
        dmean: 7.70088195801
        dmean2: 12.5725927353
        dvar: 63.8073158264
        dvar2: 164.419586182
        max: 79.1482696533
        mean: 42.2583351135
        median: 43.5031356812
        min: 1.86247730255
        var: 145.572021484
    dissonance:
        dmean: 0.00805756356567
        dmean2: 0.0136909643188
        dvar: 7.45378129068e-005
        dvar2: 0.000204426978598
        max: 0.499999970198
        mean: 0.485040336847
        median: 0.488472938538
        min: 0.345986187458
        var: 0.000159834511578
    hfc:
        dmean: 3.92949056625
        dmean2: 6.69857883453
        dvar: 36.4473724365
        dvar2: 97.2222518921
        max: 63.9207496643
        mean: 11.0305128098
        median: 9.48886299133
        min: 1.17472326007e-016
        var: 60.0394287109
    pitch:
        dmean: 846.217163086
        dmean2: 1609.72460938
        dvar: 1876523
        dvar2: 4480223.5
        max: 4934.16894531
        mean: 2744.203125
        median: 3698.54833984
        min: 43.0243911743
        var: 2923197.5
    pitch_instantaneous_confidence:
        dmean: 0.0763908848166
        dmean2: 0.126091897488
        dvar: 0.00387006276287
        dvar2: 0.0101744728163
        max: 0.940523982048
        mean: 0.422548800707
        median: 0.405659109354
        min: 0.105553686619
        var: 0.0157137047499
    pitch_salience:
        dmean: 0.0627765506506
        dmean2: 0.101974204183
        dvar: 0.00335531192832
        dvar2: 0.00846991315484
        max: 0.866638660431
        mean: 0.62958830595
        median: 0.643058419228
        min: 0.158470660448
        var: 0.00924647506326
    silence_rate_20dB:
        dmean: 0
        dmean2: 0
        dvar: 0
        dvar2: 0
        max: 1
        mean: 1
        median: 1
        min: 1
        var: 0
    silence_rate_30dB:
        dmean: 0
        dmean2: 0
        dvar: 0
        dvar2: 0
        max: 1
        mean: 1
        median: 1
        min: 1
        var: 0
    silence_rate_60dB:
        dmean: 0.0950265601277
        dmean2: 0.190071463585
        dvar: 0.0859986022115
        dvar2: 0.185243427753
        max: 1
        mean: 0.222576290369
        median: 0
        min: 0
        var: 0.173048228025
    spectral_centroid:
        dmean: 368.864807129
        dmean2: 595.547546387
        dvar: 144671.234375
        dvar2: 341049.625
        max: 10623.5029297
        mean: 2182.10009766
        median: 2217.79345703
        min: 165.336029053
        var: 667173
    spectral_complexity:
        dmean: 4.26286840439
        dmean2: 6.88796615601
        dvar: 20.5471439362
        dvar2: 46.8312530518
        max: 45
        mean: 16.2814788818
        median: 17
        min: 0
        var: 72.2679824829
    spectral_crest:
        dmean: 1.80153250694
        dmean2: 2.94638991356
        dvar: 3.06617903709
        dvar2: 7.62717628479
        max: 23.0102996826
        mean: 7.02095031738
        median: 6.33800792694
        min: 2.58402109146
        var: 7.41254615784
    spectral_decrease:
        dmean: 3.57717827582e-010
        dmean2: 6.03994965154e-010
        dvar: 2.88730210396e-019
        dvar2: 7.62372665921e-019
        max: -7.03843586628e-030
        mean: -1.05885844537e-009
        median: -9.75550751292e-010
        min: -5.78901859782e-009
        var: 3.8672097259e-019
    spectral_energy:
        dmean: 0.00165234215092
        dmean2: 0.00279459380545
        dvar: 6.2127523961e-006
        dvar2: 1.63951262948e-005
        max: 0.0257339701056
        mean: 0.00499688414857
        median: 0.00458627007902
        min: 1.07444048806e-020
        var: 8.51134427649e-006
    spectral_energyband_high:
        dmean: 0.000510106154252
        dmean2: 0.000878494523931
        dvar: 5.95566007178e-007
        dvar2: 1.57346744345e-006
        max: 0.00997943710536
        mean: 0.00113639584742
        median: 0.000836326507851
        min: 7.93268953936e-021
        var: 1.09720713226e-006
    spectral_energyband_low:
        dmean: 0.000515695021022
        dmean2: 0.000884092936758
        dvar: 4.84021484226e-007
        dvar2: 1.35479365326e-006
        max: 0.00858340132982
        mean: 0.000828337331768
        median: 0.000589984236285
        min: 4.03721183036e-023
        var: 6.50666322599e-007
    spectral_energyband_middle_high:
        dmean: 0.000628990295809
        dmean2: 0.00105244712904
        dvar: 7.15601743195e-007
        dvar2: 1.89135914752e-006
        max: 0.00907469633967
        mean: 0.00188341096509
        median: 0.00168948248029
        min: 1.37091161215e-021
        var: 1.51431629547e-006
    spectral_energyband_middle_low:
        dmean: 0.000705384707544
        dmean2: 0.00117590872105
        dvar: 1.80856363841e-006
        dvar2: 4.84833662995e-006
        max: 0.0173585563898
        mean: 0.00144599203486
        median: 0.00103966565803
        min: 3.32950293972e-022
        var: 2.29627107728e-006
    spectral_flatness_db:
        dmean: 0.0155624896288
        dmean2: 0.0249327458441
        dvar: 0.000217595734284
        dvar2: 0.000506449257955
        max: 0.369720578194
        mean: 0.158737868071
        median: 0.149364382029
        min: 0.059159386903
        var: 0.00143762840889
    spectral_flux:
        dmean: 0.00917470641434
        dmean2: 0.0141168693081
        dvar: 0.000136216971441
        dvar2: 0.000253371457802
        max: 0.138817638159
        mean: 0.0419125370681
        median: 0.0399782657623
        min: 1.03655223294e-010
        var: 0.000315023266012
    spectral_kurtosis:
        dmean: 0.823460876942
        dmean2: 1.43695175648
        dvar: 0.830897569656
        dvar2: 2.54876661301
        max: 12.3008422852
        mean: 1.98848545551
        median: 1.7608320713
        min: -1.22879433632
        var: 1.38987767696
    spectral_rms:
        dmean: 0.000333526695613
        dmean2: 0.000550748372916
        dvar: 1.79592163363e-007
        dvar2: 4.59165249822e-007
        max: 0.00501061975956
        mean: 0.00211080373265
        median: 0.0021152801346
        min: 3.237645178e-012
        var: 4.19490220338e-007
    spectral_rolloff:
        dmean: 378.341674805
        dmean2: 625.114562988
        dvar: 330412.46875
        dvar2: 678311.5625
        max: 18690.8203125
        mean: 3991.75
        median: 4177.44140625
        min: 150.732421875
        var: 936936.5625
    spectral_skewness:
        dmean: 0.154449388385
        dmean2: 0.255930453539
        dvar: 0.0252112355083
        dvar2: 0.0654831975698
        max: 2.71016979218
        mean: 0.78297919035
        median: 0.753619611263
        min: -0.0559640489519
        var: 0.0762125402689
    spectral_spread:
        dmean: 376385.96875
        dmean2: 583100.125
        dvar: 368575283200
        dvar2: 549608095744
        max: 41400240
        mean: 4645783
        median: 4536462
        min: 1885119.125
        var: 1.43694613709e+012
    spectral_strongpeak:
        dmean: 0.494624942541
        dmean2: 0.868161141872
        dvar: 0.80429905653
        dvar2: 2.05615997314
        max: 13.3101825714
        mean: 0.642377138138
        median: 0.201247408986
        min: 4.26911478391e-010
        var: 1.02405321598
    zerocrossingrate:
        dmean: 0.0097962282598
        dmean2: 0.011711251922
        dvar: 9.12064715521e-005
        dvar2: 0.000112744055514
        max: 0.47802734375
        mean: 0.120822876692
        median: 0.12353515625
        min: 0.0087890625
        var: 0.00114799616858
    barkbands:
        dmean: [4.742317401e-007, 0.000129919077153, 0.000300006795442, 0.000267010327661, 0.000332756986609, 0.000197988803848, 5.72673197894e-005, 4.45283549197e-005, 7.56303779781e-005, 3.69282133761e-005, 3.07469999825e-005, 2.45328046731e-005, 3.59843506885e-005, 3.57934222848e-005, 3.3925382013e-005, 4.91268438054e-005, 0.000122043296869, 0.000130822270876, 0.000305374065647, 0.000384513783501, 0.000266541348537, 8.49179778015e-005, 8.55347843753e-006, 1.63309800882e-006, 7.7967240486e-007, 2.72869105089e-008, 3.86668169705e-010]
        dmean2: [7.95680307419e-007, 0.00023633686942, 0.000508126977365, 0.000452853535535, 0.000563293055166, 0.000334850570653, 9.47833977989e-005, 7.34965797164e-005, 0.000114156930067, 5.81491731282e-005, 4.84702795802e-005, 3.90934983443e-005, 5.55440092285e-005, 5.70454503759e-005, 5.59463114769e-005, 7.94865918579e-005, 0.00020182337903, 0.000218136716285, 0.000522474001627, 0.000662121165078, 0.000466651166789, 0.000142754011904, 1.37207671287e-005, 2.45604883276e-006, 1.18762022794e-006, 4.14830871875e-008, 6.36100672136e-010]
        dvar: [4.63245869615e-013, 6.51478799796e-008, 1.684557418e-007, 1.39943395538e-007, 6.12129497313e-007, 3.2186838439e-007, 2.5471070586e-008, 2.06418917514e-008, 3.83382179336e-008, 8.57296544865e-009, 5.37538502599e-009, 3.37871974843e-009, 7.96143151405e-009, 6.56970966517e-009, 6.38802877262e-009, 6.84006762341e-009, 1.86433926075e-008, 2.57163161876e-008, 1.66070208252e-007, 3.05637115616e-007, 1.79171621539e-007, 1.55008166303e-008, 1.68671979162e-010, 1.51209531007e-011, 4.49648478174e-012, 7.16275708857e-015, 4.95583188629e-019]
        dvar2: [1.26164486844e-012, 1.82663924875e-007, 4.59830317823e-007, 3.81099567903e-007, 1.62678509241e-006, 8.66875552674e-007, 6.17345392584e-008, 5.24709449223e-008, 7.47069393014e-008, 1.86718853712e-008, 1.27198118705e-008, 7.64052110469e-009, 1.78007724116e-008, 1.60751909561e-008, 1.689194562e-008, 1.65274602892e-008, 4.9435545435e-008, 6.77958098549e-008, 4.51310825156e-007, 8.20648892841e-007, 4.84963493363e-007, 3.96442558781e-008, 3.85178777762e-010, 2.83305566506e-011, 9.41396960386e-012, 1.68470990739e-014, 1.08023284292e-018]
        max: [7.25878680896e-006, 0.00188622996211, 0.00516284443438, 0.00648443773389, 0.0141603834927, 0.0105552347377, 0.00453129131347, 0.00299306446686, 0.00584179488942, 0.00301828794181, 0.00152789638378, 0.00172084348742, 0.00168418744579, 0.00151935196482, 0.0024638408795, 0.00216459925286, 0.00240066624247, 0.00302974297665, 0.00375679577701, 0.0076497993432, 0.00436452263966, 0.00179401738569, 0.000298111495795, 0.000108703454316, 5.00670248584e-005, 2.91691185339e-006, 1.13986837746e-008]
        mean: [6.21445963134e-007, 0.000116656439786, 0.000452843582025, 0.000410778855439, 0.000464071141323, 0.000248480995651, 9.19102167245e-005, 5.56051891181e-005, 0.000159668314154, 7.40326213418e-005, 5.24926290382e-005, 4.20640099037e-005, 6.55561889289e-005, 6.3906518335e-005, 6.48881832603e-005, 0.000104151855339, 0.000265439186478, 0.000274313177215, 0.000590906653088, 0.000724071811419, 0.000458131253254, 0.000188711899682, 2.11973219848e-005, 4.44994702775e-006, 1.88211515706e-006, 5.04429813475e-008, 4.79140116472e-010]
        median: [3.37983749432e-007, 4.55240879091e-005, 0.00031370902434, 0.000266031827778, 0.000236405612668, 7.55091896281e-005, 3.04441655317e-005, 1.76871690201e-005, 5.24419010617e-005, 2.50650082307e-005, 1.83814117918e-005, 1.71781066456e-005, 1.58212023962e-005, 2.04163807211e-005, 3.42912098859e-005, 6.99121155776e-005, 0.000226492702495, 0.000229816854699, 0.000500336114783, 0.000524136470631, 0.000313334225211, 0.000132914050482, 1.48985755004e-005, 2.92623690257e-006, 1.20989670904e-006, 2.48678588832e-008, 1.72748870764e-010]
        min: [2.80266107976e-024, 1.30181486894e-023, 1.30308296285e-023, 1.99599163961e-023, 2.79163580198e-023, 1.91806369954e-023, 6.64740646869e-023, 4.34840799114e-023, 6.0680947878e-023, 5.57140271833e-023, 7.49219130121e-023, 9.77646994982e-023, 5.00072622445e-023, 6.93819132687e-023, 6.64149316735e-023, 1.25816119971e-022, 1.10433395428e-022, 1.60832759408e-022, 1.93146344865e-022, 3.34905709762e-022, 4.46143225821e-022, 3.68930302968e-022, 6.75934949146e-022, 8.09570005974e-022, 1.29053635419e-021, 1.84444716831e-021, 2.2574520262e-021]
        var: [6.08620142131e-013, 4.45496937118e-008, 2.29769014481e-007, 2.57181710595e-007, 6.34316961623e-007, 3.26149091734e-007, 4.05594065001e-008, 2.27197496372e-008, 2.06691609606e-007, 3.87647283162e-008, 1.2414273165e-008, 7.13623826698e-009, 2.40945006169e-008, 1.65224456339e-008, 1.91346511969e-008, 2.36039010559e-008, 4.57620750183e-008, 4.8498780103e-008, 2.13063799492e-007, 4.82219491005e-007, 2.20739252654e-007, 3.86832539334e-008, 5.89043480659e-010, 4.96265945005e-011, 1.02822975828e-011, 1.06911812506e-014, 9.37456299313e-019]
    frequency_bands:
        dmean: [4.742317401e-007, 0.000129919077153, 0.000300006795442, 0.000267010327661, 0.000332756986609, 0.000197988803848, 5.72673197894e-005, 4.45283549197e-005, 7.56303779781e-005, 3.69282133761e-005, 3.07469999825e-005, 2.45328046731e-005, 3.59843506885e-005, 3.57934222848e-005, 3.3925382013e-005, 4.91268438054e-005, 0.000122043296869, 0.000130822270876, 0.000305374065647, 0.000384513783501, 0.000266541348537, 8.49179778015e-005, 8.55347843753e-006, 1.63309800882e-006, 7.7967240486e-007, 2.72869105089e-008, 3.86668169705e-010, 6.25857490832e-011]
        dmean2: [7.95680307419e-007, 0.00023633686942, 0.000508126977365, 0.000452853535535, 0.000563293055166, 0.000334850570653, 9.47833977989e-005, 7.34965797164e-005, 0.000114156930067, 5.81491731282e-005, 4.84702795802e-005, 3.90934983443e-005, 5.55440092285e-005, 5.70454503759e-005, 5.59463114769e-005, 7.94865918579e-005, 0.00020182337903, 0.000218136716285, 0.000522474001627, 0.000662121165078, 0.000466651166789, 0.000142754011904, 1.37207671287e-005, 2.45604883276e-006, 1.18762022794e-006, 4.14830871875e-008, 6.36100672136e-010, 1.16653048332e-010]
        dvar: [4.63245869615e-013, 6.51478799796e-008, 1.684557418e-007, 1.39943395538e-007, 6.12129497313e-007, 3.2186838439e-007, 2.5471070586e-008, 2.06418917514e-008, 3.83382179336e-008, 8.57296544865e-009, 5.37538502599e-009, 3.37871974843e-009, 7.96143151405e-009, 6.56970966517e-009, 6.38802877262e-009, 6.84006762341e-009, 1.86433926075e-008, 2.57163161876e-008, 1.66070208252e-007, 3.05637115616e-007, 1.79171621539e-007, 1.55008166303e-008, 1.68671979162e-010, 1.51209531007e-011, 4.49648478174e-012, 7.16275708857e-015, 4.95583188629e-019, 8.16000830366e-021]
        dvar2: [1.26164486844e-012, 1.82663924875e-007, 4.59830317823e-007, 3.81099567903e-007, 1.62678509241e-006, 8.66875552674e-007, 6.17345392584e-008, 5.24709449223e-008, 7.47069393014e-008, 1.86718853712e-008, 1.27198118705e-008, 7.64052110469e-009, 1.78007724116e-008, 1.60751909561e-008, 1.689194562e-008, 1.65274602892e-008, 4.9435545435e-008, 6.77958098549e-008, 4.51310825156e-007, 8.20648892841e-007, 4.84963493363e-007, 3.96442558781e-008, 3.85178777762e-010, 2.83305566506e-011, 9.41396960386e-012, 1.68470990739e-014, 1.08023284292e-018, 2.62801145189e-020]
        max: [7.25878680896e-006, 0.00188622996211, 0.00516284443438, 0.00648443773389, 0.0141603834927, 0.0105552347377, 0.00453129131347, 0.00299306446686, 0.00584179488942, 0.00301828794181, 0.00152789638378, 0.00172084348742, 0.00168418744579, 0.00151935196482, 0.0024638408795, 0.00216459925286, 0.00240066624247, 0.00302974297665, 0.00375679577701, 0.0076497993432, 0.00436452263966, 0.00179401738569, 0.000298111495795, 0.000108703454316, 5.00670248584e-005, 2.91691185339e-006, 1.13986837746e-008, 1.52935064612e-009]
        mean: [6.21445963134e-007, 0.000116656439786, 0.000452843582025, 0.000410778855439, 0.000464071141323, 0.000248480995651, 9.19102167245e-005, 5.56051891181e-005, 0.000159668314154, 7.40326213418e-005, 5.24926290382e-005, 4.20640099037e-005, 6.55561889289e-005, 6.3906518335e-005, 6.48881832603e-005, 0.000104151855339, 0.000265439186478, 0.000274313177215, 0.000590906653088, 0.000724071811419, 0.000458131253254, 0.000188711899682, 2.11973219848e-005, 4.44994702775e-006, 1.88211515706e-006, 5.04429813475e-008, 4.79140116472e-010, 4.8312305545e-011]
        median: [3.37983749432e-007, 4.55240879091e-005, 0.00031370902434, 0.000266031827778, 0.000236405612668, 7.55091896281e-005, 3.04441655317e-005, 1.76871690201e-005, 5.24419010617e-005, 2.50650082307e-005, 1.83814117918e-005, 1.71781066456e-005, 1.58212023962e-005, 2.04163807211e-005, 3.42912098859e-005, 6.99121155776e-005, 0.000226492702495, 0.000229816854699, 0.000500336114783, 0.000524136470631, 0.000313334225211, 0.000132914050482, 1.48985755004e-005, 2.92623690257e-006, 1.20989670904e-006, 2.48678588832e-008, 1.72748870764e-010, 1.89321024135e-011]
        min: [2.80266107976e-024, 1.30181486894e-023, 1.30308296285e-023, 1.99599163961e-023, 2.79163580198e-023, 1.91806369954e-023, 6.64740646869e-023, 4.34840799114e-023, 6.0680947878e-023, 5.57140271833e-023, 7.49219130121e-023, 9.77646994982e-023, 5.00072622445e-023, 6.93819132687e-023, 6.64149316735e-023, 1.25816119971e-022, 1.10433395428e-022, 1.60832759408e-022, 1.93146344865e-022, 3.34905709762e-022, 4.46143225821e-022, 3.68930302968e-022, 6.75934949146e-022, 8.09570005974e-022, 1.29053635419e-021, 1.84444716831e-021, 2.2574520262e-021, 6.46149176952e-022]
        var: [6.08620142131e-013, 4.45496937118e-008, 2.29769014481e-007, 2.57181710595e-007, 6.34316961623e-007, 3.26149091734e-007, 4.05594065001e-008, 2.27197496372e-008, 2.06691609606e-007, 3.87647283162e-008, 1.2414273165e-008, 7.13623826698e-009, 2.40945006169e-008, 1.65224456339e-008, 1.91346511969e-008, 2.36039010559e-008, 4.57620750183e-008, 4.8498780103e-008, 2.13063799492e-007, 4.82219491005e-007, 2.20739252654e-007, 3.86832539334e-008, 5.89043480659e-010, 4.96265945005e-011, 1.02822975828e-011, 1.06911812506e-014, 9.37456299313e-019, 6.32434104363e-021]
    mfcc:
        mean: [-709.221435547, 77.9066085815, -35.5181159973, 81.6863250732, -18.4592761993, 4.24024868011, 1.17914509773, 0.267927050591, 2.08477425575, -7.80944681168, -4.6980471611, -8.38471412659, -7.28726243973]
        cov: [[4853.2578125, 251.951904297, -216.947463989, -79.7323608398, -350.781982422, 96.4560852051, -79.2819137573, 66.3245315552, 29.5703105927, -7.71328163147, -7.09679365158, 21.2065429688, 1.80294549465], [251.951904297, 889.602905273, -114.722419739, 179.226272583, 48.344619751, -61.1342391968, -19.8579559326, -13.8395414352, -39.6917228699, -35.3142471313, 2.0805106163, -28.7164535522, -5.32210922241], [-216.947463989, -114.722419739, 380.63848877, 2.81387758255, 26.4727458954, 29.3949203491, 33.5626525879, 10.3577194214, 19.3345012665, 32.1706962585, 1.59559547901, 22.3030986786, 17.298625946], [-79.7323608398, 179.226272583, 2.81387758255, 374.777435303, 42.1191101074, -3.33199238777, -11.5504522324, -15.3584737778, 30.034702301, -5.93609762192, -12.0622491837, -23.9045066833, 15.3412017822], [-350.781982422, 48.344619751, 26.4727458954, 42.1191101074, 204.487945557, 14.0662221909, 10.7111206055, -15.7946481705, -2.32527375221, 21.1401958466, -15.2277669907, -19.0286026001, -13.590215683], [96.4560852051, -61.1342391968, 29.3949203491, -3.33199238777, 14.0662221909, 144.643051147, 62.3543205261, 32.8002128601, 10.1884899139, 8.66250801086, 14.4899311066, 5.66861581802, 2.95416712761], [-79.2819137573, -19.8579559326, 33.5626525879, -11.5504522324, 10.7111206055, 62.3543205261, 143.271972656, 69.2333450317, 18.595746994, 3.08324313164, 12.152806282, 11.8759012222, -2.98532629013], [66.3245315552, -13.8395414352, 10.3577194214, -15.3584737778, -15.7946481705, 32.8002128601, 69.2333450317, 124.653488159, 56.7352142334, 11.4256134033, 0.573475956917, -4.38571739197, 3.58630561829], [29.5703105927, -39.6917228699, 19.3345012665, 30.034702301, -2.32527375221, 10.1884899139, 18.595746994, 56.7352142334, 97.2574234009, 41.813243866, 3.20760846138, -5.67221355438, 2.03328514099], [-7.71328163147, -35.3142471313, 32.1706962585, -5.93609762192, 21.1401958466, 8.66250801086, 3.08324313164, 11.4256134033, 41.813243866, 84.305770874, 27.4570503235, 5.80507564545, -5.55854225159], [-7.09679365158, 2.0805106163, 1.59559547901, -12.0622491837, -15.2277669907, 14.4899311066, 12.152806282, 0.573475956917, 3.20760846138, 27.4570503235, 63.7147979736, 26.1563167572, 4.36998414993], [21.2065429688, -28.7164535522, 22.3030986786, -23.9045066833, -19.0286026001, 5.66861581802, 11.8759012222, -4.38571739197, -5.67221355438, 5.80507564545, 26.1563167572, 59.1355819702, 23.5793075562], [1.80294549465, -5.32210922241, 17.298625946, 15.3412017822, -13.590215683, 2.95416712761, -2.98532629013, 3.58630561829, 2.03328514099, -5.55854225159, 4.36998414993, 23.5793075562, 57.7108764648]]
        icov: [[0.000275953847449, -0.000149872503243, 0.000114229900646, 5.80087616981e-005, 0.000524075003341, -0.000450338324299, 0.00034004545887, -0.000149234721903, -3.31025839841e-005, -0.000244850612944, 0.000423354184022, -0.000291437958367, 0.00016582752869], [-0.000149872503243, 0.00152584339958, 0.000272173114354, -0.000775216554757, -0.000643241510261, 0.000926189241, -0.000191649698536, -0.000549424439669, 0.000995616195723, 0.000403872312745, -0.00101457943674, 0.00061539845774, -7.5559320976e-005], [0.000114229900646, 0.000272173114354, 0.00305427773856, -0.000168176979059, -8.41787914396e-005, -0.000361106853234, -0.000531679601409, 0.000139050607686, 7.93482759036e-005, -0.00137333152816, 0.00114463130012, -0.00110616104212, -0.000656547083054], [5.80087616981e-005, -0.000775216554757, -0.000168176979059, 0.00353714986704, -0.000360761099728, -0.000411935063312, -0.000199464338948, 0.00171080802102, -0.00264066946693, 0.00103317073081, -8.01284259069e-005, 0.00148598698433, -0.00155219167937], [0.000524075003341, -0.000643241510261, -8.41787914396e-005, -0.000360761099728, 0.00695944949985, -0.00152532116044, -0.000544090406038, 0.00109549076296, 0.000876149628311, -0.00340776401572, 0.00322699663229, 0.000632240436971, 0.000804396928288], [-0.000450338324299, 0.000926189241, -0.000361106853234, -0.000411935063312, -0.00152532116044, 0.00982637703419, -0.00402457732707, -0.000496044289321, 0.000755752378609, 0.000380705547286, -0.00277602672577, 0.00165192922577, -0.0011770244455], [0.00034004545887, -0.000191649698536, -0.000531679601409, -0.000199464338948, -0.000544090406038, -0.00402457732707, 0.01279970631, -0.00726777594537, 0.00138598203193, 0.00125131220557, -0.00080869125668, -0.00385583052412, 0.00308406655677], [-0.000149234721903, -0.000549424439669, 0.000139050607686, 0.00171080802102, 0.00109549076296, -0.000496044289321, -0.00726777594537, 0.0170009993017, -0.00975934788585, 0.00186133023817, 0.000467223406304, 0.00322644226253, -0.00252204784192], [-3.31025839841e-005, 0.000995616195723, 7.93482759036e-005, -0.00264066946693, 0.000876149628311, 0.000755752378609, 0.00138598203193, -0.00975934788585, 0.0212568733841, -0.0102396747097, 0.00235373596661, 0.000868030299898, -0.000651235168334], [-0.000244850612944, 0.000403872312745, -0.00137333152816, 0.00103317073081, -0.00340776401572, 0.000380705547286, 0.00125131220557, 0.00186133023817, -0.0102396747097, 0.021615171805, -0.0100888675079, 0.000392489164369, 0.00235524983145], [0.000423354184022, -0.00101457943674, 0.00114463130012, -8.01284259069e-005, 0.00322699663229, -0.00277602672577, -0.00080869125668, 0.000467223406304, 0.00235373596661, -0.0100888675079, 0.0256714262068, -0.0104057909921, 0.00165557616856], [-0.000291437958367, 0.00061539845774, -0.00110616104212, 0.00148598698433, 0.000632240436971, 0.00165192922577, -0.00385583052412, 0.00322644226253, 0.000868030299898, 0.000392489164369, -0.0104057909921, 0.028495695442, -0.0111807296053], [0.00016582752869, -7.5559320976e-005, -0.000656547083054, -0.00155219167937, 0.000804396928288, -0.0011770244455, 0.00308406655677, -0.00252204784192, -0.000651235168334, 0.00235524983145, 0.00165557616856, -0.0111807296053, 0.0231835767627]]
    sccoeffs:
        dmean: [0.0548690892756, 0.046328343451, 0.0341514050961, 0.0274449661374, 0.0207179039717, 0.0202331971377]
        dmean2: [0.0926559865475, 0.0766733512282, 0.0563450865448, 0.044982381165, 0.0340151414275, 0.0327132940292]
        dvar: [0.00198348821141, 0.00140731816646, 0.000746069417801, 0.000485549477162, 0.000306520028971, 0.000393281836296]
        dvar2: [0.00562121765688, 0.00372207653709, 0.00195454969071, 0.00124610448256, 0.000743711076211, 0.000931968796067]
        max: [-0.344681054354, -0.470273762941, -0.45669350028, -0.530278325081, -0.516449272633, -0.562581121922]
        mean: [-0.633738636971, -0.756520152092, -0.795178294182, -0.793972373009, -0.791750192642, -0.68598562479]
        median: [-0.636270999908, -0.763379693031, -0.806958675385, -0.804439067841, -0.798695802689, -0.681907176971]
        min: [-0.976763367653, -0.974475979805, -0.966709196568, -0.980079233646, -0.958182454109, -0.959691286087]
        var: [0.00538621051237, 0.00486086634919, 0.00390563043766, 0.00282514211722, 0.00173140049446, 0.00209890981205]
    scvalleys:
        dmean: [0.410440504551, 0.367556869984, 0.310181856155, 0.268656820059, 0.265204936266, 0.216987431049]
        dmean2: [0.67514359951, 0.603399455547, 0.492777973413, 0.417568653822, 0.398359626532, 0.315484732389]
        dvar: [0.136427640915, 0.129966691136, 0.0914222151041, 0.0826557055116, 0.110612608492, 0.104687526822]
        dvar2: [0.319008201361, 0.288227707148, 0.176996454597, 0.145126000047, 0.201627805829, 0.197355881333]
        max: [-4.93929386139, -4.46104335785, -5.57251024246, -6.07052850723, -5.36223745346, -7.56272745132]
        mean: [-6.81694889069, -7.06491088867, -7.51779556274, -7.67867422104, -6.74904489517, -9.71976280212]
        median: [-6.63259315491, -6.89352226257, -7.27256202698, -7.43234825134, -6.44752025604, -9.32331848145]
        min: [-26.8774356842, -27.0293178558, -27.0748500824, -27.4118156433, -27.4401416779, -27.3117961884]
        var: [1.54201924801, 1.4949504137, 1.44245421886, 1.35289990902, 1.2958265543, 1.55155932903]

rhythm:
    beats_loudness:
        dmean: 0.00320338550955
        dmean2: 0.00625374075025
        dvar: 5.09723395226e-006
        dvar2: 1.7222675524e-005
        max: 0.0160368345678
        mean: 0.00681475596502
        median: 0.0065887295641
        min: 9.02082835513e-012
        var: 8.03688817541e-006
    bpm: 100.0389328
    bpm_confidence: 0
    first_peak_bpm: 99
    first_peak_spread: 0.353383481503
    first_peak_weight: 0.646616518497
    onset_rate: 3.26081061363
    second_peak_bpm: 0
    second_peak_spread: 0
    second_peak_weight: 0
    beats_loudness_band_ratio:
        dmean: [0.109891466796, 0.136547684669, 0.0660622268915, 0.0427143909037, 0.0596949867904, 0.123406119645]
        dmean2: [0.203285038471, 0.261996001005, 0.120872870088, 0.080164603889, 0.105546548963, 0.21164701879]
        dvar: [0.0116370618343, 0.0100813303143, 0.0053915111348, 0.00313884275965, 0.00300656724721, 0.00943209975958]
        dvar2: [0.0381113626063, 0.0351135805249, 0.0145121822134, 0.00990387517959, 0.00966534949839, 0.0255269054323]
        max: [0.728845596313, 0.547421336174, 0.524804532528, 0.319766134024, 0.513904690742, 0.780369341373]
        mean: [0.189554005861, 0.147968351841, 0.0697339251637, 0.0472051016986, 0.159749299288, 0.427111119032]
        median: [0.157922267914, 0.119080603123, 0.0486424267292, 0.0250856131315, 0.148311033845, 0.412156909704]
        min: [0, 0, 0, 0, 0, 0]
        var: [0.0153664723039, 0.0134034203365, 0.00544618535787, 0.00294293137267, 0.00488984631374, 0.019518148154]
    beats_position: [0.580498874187, 1.17260766029, 1.764716506, 2.34521532059, 2.97215414047, 3.59909296036, 4.22603178024, 4.85297060013, 5.46829938889, 6.08362817764, 6.68734693527, 7.27945566177, 7.87156438828, 8.47528362274, 9.06739234924, 9.65950107574, 10.2632198334, 10.866938591, 11.4706573486, 12.051156044, 12.6548748016, 13.2585935593, 13.8623123169, 14.4660310745, 15.0697498322, 15.6734695435, 16.2655773163, 16.8576869965, 17.4614048004, 18.0651245117, 18.6688423157, 19.272562027, 19.8762817383, 20.45677948, 21.0604991913, 21.6642169952, 22.2679367065, 22.8600444794, 23.4521541595, 24.0558719635, 24.6479816437, 25.2400894165, 25.8438091278, 26.4475269318, 27.0512466431, 27.6549663544, 28.2354640961, 28.8391838074, 29.4429016113, 30.0466213226, 30.6503391266, 31.2540588379, 31.8461666107, 32.4382743835, 33.0419960022, 33.6457138062, 34.2494316101, 34.8415412903, 35.4452590942, 36.0373687744, 36.6410865784, 37.244808197, 37.848526001, 38.4406356812, 39.0327415466, 39.6364631653, 40.2401809692, 40.8438987732, 41.4360084534, 42.0281181335, 42.6318359375, 43.2355537415, 43.8392753601, 44.4429931641, 45.046710968, 45.650428772, 46.2425384521, 46.8462562561, 47.4383659363, 48.0420837402, 48.6458053589, 49.2495231628, 49.841632843, 50.4337387085, 51.0374603271, 51.6411781311, 52.2332878113, 52.8253974915, 53.4291152954, 54.0328330994, 54.6365509033, 55.240272522, 55.8439903259, 56.4477081299, 57.0398178101, 57.6319274902, 58.2356452942, 58.8393630981, 59.4430847168, 60.0468025208, 60.6389122009, 61.2426300049, 61.8347396851, 62.438457489, 63.042175293, 63.6458930969, 64.2496109009, 64.8533325195, 65.4454421997, 66.0375518799, 66.6412658691, 67.2449874878, 67.837097168, 68.4292068481, 69.0329208374, 69.6366424561, 70.2403640747, 70.844078064, 71.4477996826, 72.0399093628, 72.6436233521, 73.2357330322, 73.8394546509, 74.4431762695, 75.0352783203, 75.6273880005, 76.2311096191, 76.8232192993, 77.4153289795, 78.0190429688, 78.6227645874, 79.2264862061, 79.8302001953, 80.4223098755, 81.0144195557, 81.6181411743, 82.2218551636, 82.8255767822, 83.4292984009, 84.0330123901, 84.6251220703, 85.2172317505, 85.8209533691, 86.4130630493, 87.0167770386, 87.6088867188, 88.2126083374, 88.8163223267, 89.4084320068, 90.0121536255, 90.6158676147, 91.2312011719, 91.8233108521, 92.4154205322, 93.0191345215, 93.6228561401, 94.2149658203, 94.8186798096, 95.4107894897, 96.0145111084, 96.6066207886, 97.1987304688, 97.802444458, 98.4061660767, 98.9982757568, 99.6019973755, 100.194099426, 100.797821045, 101.401542664, 102.005256653, 102.608978271, 103.21269989, 103.804801941, 104.40852356, 105.00063324, 105.604354858, 106.208068848, 106.811790466, 107.415504456, 108.019226074, 108.622947693, 109.226661682, 109.818771362, 110.410881042, 111.014602661, 111.61831665, 112.222038269, 112.825759888, 113.417869568, 114.009971619, 114.602081299, 115.205802917, 115.797912598, 116.390022278, 116.993736267, 117.585845947, 118.201179504, 118.804893494, 119.397003174, 120.000724792, 120.604438782, 121.2081604, 121.800270081, 122.403991699, 122.99609375, 123.599815369, 124.203536987, 124.807250977, 125.410972595, 126.003082275, 126.595191956, 127.198905945, 127.802627563, 128.406341553, 129.010070801, 129.602172852, 130.194290161, 130.79800415, 131.40171814, 132.005432129, 132.609161377, 133.212875366, 133.816589355, 134.408706665, 135.000808716, 135.604537964, 136.196640015, 136.788757324, 137.392471313, 137.996185303, 138.599899292, 139.20362854, 139.795730591, 140.399459839, 140.99156189, 141.595275879, 142.187393188, 142.791107178, 143.394821167, 143.986938477, 144.590652466, 145.194366455, 145.798095703, 146.401809692, 146.993927002, 147.586029053, 148.189743042, 148.79347229, 149.385574341, 149.97769165, 150.58140564, 151.185119629, 151.788833618, 152.392562866, 152.984664917, 153.576782227, 154.180496216, 154.784210205, 155.387939453, 155.991653442, 156.595367432, 157.187484741, 157.779586792, 158.383300781, 158.987030029, 159.590744019, 160.194458008, 160.774963379, 161.378677368, 161.982406616, 162.586120605, 163.189834595, 163.793563843, 164.374053955, 164.977767944, 165.569885254, 166.173599243, 166.777328491, 167.369430542, 167.961532593, 168.565261841, 169.157363892, 169.761077881, 170.364807129, 170.968521118, 171.572235107, 172.175964355, 172.756454468, 173.360183716, 173.963897705, 174.567611694, 175.171340942, 175.775054932, 176.378768921, 176.982498169, 177.586212158, 178.178314209, 178.770431519, 179.362533569, 179.954650879, 180.558364868, 181.162078857, 181.765808105, 182.369522095, 182.973236084, 183.576965332, 184.169067383, 184.761169434, 185.364898682, 185.968612671, 186.57232666, 187.176055908, 187.768157959, 188.360275269, 188.952377319, 189.54447937, 190.148208618, 190.751922607, 191.355636597, 191.959365845, 192.563079834, 193.155181885, 193.747299194, 194.351013184, 194.954742432, 195.558456421, 196.16217041, 196.765899658, 197.358001709, 197.95010376, 198.553833008, 199.13432312, 199.738052368, 200.341766357, 200.945480347, 201.549209595, 202.141311646, 202.745025635, 203.337142944, 203.940856934, 204.544570923, 205.148300171, 205.75201416, 206.355728149, 206.936233521, 207.53994751, 208.143676758, 208.747390747, 209.339492798, 209.931610107, 210.535324097, 211.139038086, 211.742767334, 212.346481323, 212.938583374, 213.542312622, 214.146026611, 214.761352539, 215.353469849, 215.945571899, 216.537689209, 217.12979126, 217.733505249, 218.337234497, 218.940948486, 219.533050537, 220.125167847, 220.728881836, 221.332611084, 221.936325073, 222.540039063, 223.143753052, 223.735870361, 224.327972412, 224.93170166, 225.535415649, 226.1275177, 226.71963501, 227.323348999, 227.927078247, 228.519180298, 229.122894287, 229.726623535, 230.330337524, 230.922439575, 231.526168823, 232.129882813, 232.733596802, 233.314102173, 233.917816162, 234.521530151, 235.125259399, 235.71736145, 236.321090698, 236.936416626, 237.528518677, 238.132247925, 238.724349976, 239.316452026, 239.920181274]
