
metadata:
    version:
        essentia: "2.1-beta2"
    audio_properties:
        analysis_sample_rate: 44100
        bitrate: 320
        channels: 2
        equal_loudness: 1
        length: 252.786941528
        replay_gain: -14.1243476868
        downmix: "mix"
    tags:
        album: "Saturate"
        artist: "Breaking Benjamin"
        comment: ""
        date: "2002"
        genre: "Metal Alternatif"
        title: "Water"
        tracknumber: "7"

configuration:
    average_loudness:
        compute: 1
        frameSize: 88200
        hopSize: 44100
        silentFrames: "noise"
        windowType: "hann"
    general:
        analysisSampleRate: 44100
        endTime: 2000
        equalLoudness: 1
        nequalLoudness: 0
        shortSound: 0
        startTime: 0
    lowlevel:
        compute: 1
        frameSize: 2048
        hopSize: 1024
        zeroPadding: 0
        silentFrames: "noise"
        windowType: "blackmanharris62"
        mfccStats: ["mean", "cov", "icov"]
        stats: ["mean", "var", "median", "min", "max", "dmean", "dmean2", "dvar", "dvar2"]
    panning:
        compute: 0
        frameSize: 8192
        hopSize: 2048
        zeroPadding: 8192
        silentFrames: "noise"
        windowType: "hann"
        stats: ["copy"]
    rhythm:
        compute: 1
        maxTempo: 208
        minTempo: 40
        method: "degara"
        stats: ["mean", "var", "median", "min", "max", "dmean", "dmean2", "dvar", "dvar2"]
    segmentation:
        compute: 0
        cpw: 5
        inc1: 300
        inc2: 50
        minimumSegmentsLength: 10
        size1: 1000
        size2: 600
    sfx:
        compute: 1
        stats: ["mean", "var", "median", "min", "max", "dmean", "dmean2", "dvar", "dvar2"]
    svm:
        compute: 0
    tonal:
        compute: 1
        frameSize: 4096
        hopSize: 2048
        zeroPadding: 0
        silentFrames: "noise"
        windowType: "blackmanharris62"
        stats: ["mean", "var", "median", "min", "max", "dmean", "dmean2", "dvar", "dvar2"]

lowlevel:
    average_loudness: 0.901625156403
    barkbands_kurtosis:
        dmean: 1.85576653481
        dmean2: 2.94396781921
        dvar: 27.7858600616
        dvar2: 69.7531738281
        max: 184.03817749
        mean: 2.23351764679
        median: -0.675331652164
        min: -1.94772684574
        var: 102.480194092
    barkbands_skewness:
        dmean: 0.457543849945
        dmean2: 0.720111608505
        dvar: 0.24826823175
        dvar2: 0.602000653744
        max: 8.89661693573
        mean: -0.231077730656
        median: -0.581510722637
        min: -3.90136241913
        var: 1.70094907284
    barkbands_spread:
        dmean: 7.0038485527
        dmean2: 11.4583721161
        dvar: 56.013130188
        dvar2: 148.779388428
        max: 82.0928344727
        mean: 34.5596961975
        median: 35.5503082275
        min: 0.12992747128
        var: 228.521530151
    dissonance:
        dmean: 0.0133374882862
        dmean2: 0.0222065076232
        dvar: 0.000578311795834
        dvar2: 0.00163276644889
        max: 0.500000059605
        mean: 0.47482162714
        median: 0.487798511982
        min: 0.121485255659
        var: 0.00139565195423
    hfc:
        dmean: 3.69706296921
        dmean2: 6.2800488472
        dvar: 35.9868888855
        dvar2: 96.5856246948
        max: 58.9443588257
        mean: 11.3891496658
        median: 10.5438957214
        min: 1.18288323138e-016
        var: 71.14478302
    pitch:
        dmean: 846.47442627
        dmean2: 1607.39880371
        dvar: 1733777
        dvar2: 4222773
        max: 5142.53125
        mean: 2171.3737793
        median: 3338.19311523
        min: 50.7647743225
        var: 2967406.75
    pitch_instantaneous_confidence:
        dmean: 0.0766256079078
        dmean2: 0.124823495746
        dvar: 0.0044792839326
        dvar2: 0.011115311645
        max: 0.941817164421
        mean: 0.407940477133
        median: 0.378413081169
        min: 0.0727522373199
        var: 0.0185487996787
    pitch_salience:
        dmean: 0.0566137433052
        dmean2: 0.0906942039728
        dvar: 0.002903761575
        dvar2: 0.0072403899394
        max: 0.950429916382
        mean: 0.629237771034
        median: 0.661618411541
        min: 0.0711484253407
        var: 0.0159489959478
    silence_rate_20dB:
        dmean: 0
        dmean2: 0
        dvar: 0
        dvar2: 0
        max: 1
        mean: 1
        median: 1
        min: 1
        var: 0
    silence_rate_30dB:
        dmean: 0
        dmean2: 0
        dvar: 0
        dvar2: 0
        max: 1
        mean: 1
        median: 1
        min: 1
        var: 0
    silence_rate_60dB:
        dmean: 0.0665013343096
        dmean2: 0.133014887571
        dvar: 0.0620673373342
        dvar2: 0.130944177508
        max: 1
        mean: 0.29169729352
        median: 0
        min: 0
        var: 0.206610620022
    spectral_centroid:
        dmean: 274.535552979
        dmean2: 438.715545654
        dvar: 97348.7578125
        dvar2: 223732.03125
        max: 10733.0800781
        mean: 2094.20214844
        median: 2313.95947266
        min: 118.725486755
        var: 736713.625
    spectral_complexity:
        dmean: 3.97997617722
        dmean2: 6.46647071838
        dvar: 20.5230026245
        dvar2: 47.5940093994
        max: 50
        mean: 17.7069244385
        median: 19
        min: 0
        var: 120.069595337
    spectral_crest:
        dmean: 1.75170195103
        dmean2: 2.85056495667
        dvar: 2.94720220566
        dvar2: 7.14519357681
        max: 25.5132770538
        mean: 7.4355969429
        median: 6.07768154144
        min: 2.75458097458
        var: 14.4732513428
    spectral_decrease:
        dmean: 2.77522338443e-010
        dmean2: 4.61166660415e-010
        dvar: 1.52730382733e-019
        dvar2: 4.09432534626e-019
        max: -1.72248990185e-029
        mean: -1.01665598162e-009
        median: -1.00925390267e-009
        min: -4.37184510815e-009
        var: 3.65050107161e-019
    spectral_energy:
        dmean: 0.00134810153395
        dmean2: 0.00225765886717
        dvar: 3.95293000111e-006
        dvar2: 1.06072029666e-005
        max: 0.0212631709874
        mean: 0.00487012416124
        median: 0.00480851903558
        min: 1.079411165e-020
        var: 8.82046242623e-006
    spectral_energyband_high:
        dmean: 0.000391242356272
        dmean2: 0.000665355240926
        dvar: 4.5986834607e-007
        dvar2: 1.21938762732e-006
        max: 0.00758133502677
        mean: 0.000900597253349
        median: 0.000696549599525
        min: 7.90134230221e-021
        var: 7.20066338999e-007
    spectral_energyband_low:
        dmean: 0.000349361420376
        dmean2: 0.000589606584981
        dvar: 2.38196562918e-007
        dvar2: 6.63732919293e-007
        max: 0.00517798215151
        mean: 0.000579865009058
        median: 0.000425898673711
        min: 7.60615077866e-023
        var: 3.19358775869e-007
    spectral_energyband_middle_high:
        dmean: 0.000735631037969
        dmean2: 0.00125213945284
        dvar: 1.03718048194e-006
        dvar2: 2.81319921669e-006
        max: 0.0109835416079
        mean: 0.00243708887137
        median: 0.00228701625019
        min: 1.50942397507e-021
        var: 3.19791820402e-006
    spectral_energyband_middle_low:
        dmean: 0.000422529614298
        dmean2: 0.000666256062686
        dvar: 3.77391643269e-007
        dvar2: 9.2501409199e-007
        max: 0.0116804642603
        mean: 0.00113752740435
        median: 0.000786436954513
        min: 5.30676651657e-022
        var: 1.32858497182e-006
    spectral_flatness_db:
        dmean: 0.0141017409042
        dmean2: 0.0220944061875
        dvar: 0.00020853272872
        dvar2: 0.000475331471534
        max: 0.588249623775
        mean: 0.170358732343
        median: 0.143246918917
        min: 0.0452153682709
        var: 0.0080832792446
    spectral_flux:
        dmean: 0.00747753959149
        dmean2: 0.0114963231608
        dvar: 9.2406735348e-005
        dvar2: 0.000167783728102
        max: 0.120407871902
        mean: 0.0399451926351
        median: 0.0413073003292
        min: 1.03894712278e-010
        var: 0.000362707796739
    spectral_kurtosis:
        dmean: 2.23007440567
        dmean2: 3.72673535347
        dvar: 59.9443588257
        dvar2: 173.434463501
        max: 271.845733643
        mean: 9.03020572662
        median: 2.3867893219
        min: -1.20540487766
        var: 698.19720459
    spectral_rms:
        dmean: 0.000279074738501
        dmean2: 0.000451448751846
        dvar: 1.31249933588e-007
        dvar2: 3.34945838176e-007
        max: 0.00455461954698
        mean: 0.00203722622246
        median: 0.00216592662036
        min: 3.24512552247e-012
        var: 6.01058559369e-007
    spectral_rolloff:
        dmean: 300.2734375
        dmean2: 486.288360596
        dvar: 229506.125
        dvar2: 471595.40625
        max: 18346.2890625
        mean: 3597.94458008
        median: 4026.70898438
        min: 107.666015625
        var: 1808643.375
    spectral_skewness:
        dmean: 0.204955369234
        dmean2: 0.337670266628
        dvar: 0.134387344122
        dvar2: 0.372287034988
        max: 13.8193950653
        mean: 1.41868376732
        median: 0.900695562363
        min: 0.0524461641908
        var: 3.48510932922
    spectral_spread:
        dmean: 378862.9375
        dmean2: 582838.4375
        dvar: 363446501376
        dvar2: 578984148992
        max: 40402156
        mean: 4239330
        median: 4141517
        min: 328886.71875
        var: 1.95396160717e+012
    spectral_strongpeak:
        dmean: 0.544044911861
        dmean2: 0.950190484524
        dvar: 0.683070838451
        dvar2: 1.82954955101
        max: 7.87951469421
        mean: 0.725760102272
        median: 0.225347787142
        min: 3.13827053233e-009
        var: 0.944531202316
    zerocrossingrate:
        dmean: 0.00765337236226
        dmean2: 0.00925850495696
        dvar: 7.63324642321e-005
        dvar2: 9.27745277295e-005
        max: 0.5166015625
        mean: 0.113448522985
        median: 0.12548828125
        min: 0.00439453125
        var: 0.00169181544334
    barkbands:
        dmean: [7.14570717264e-007, 0.000113560330647, 0.000207787787076, 0.000142185104778, 0.00017120114353, 8.60896761878e-005, 6.20688151685e-005, 0.000103951148049, 8.32698351587e-005, 4.9725673307e-005, 2.9783388527e-005, 3.28580208588e-005, 5.39930006198e-005, 5.24241149833e-005, 4.84584452352e-005, 6.88225845806e-005, 0.000158000329975, 0.000196050692466, 0.000373544375179, 0.000309776543872, 0.000209995298064, 6.82036770741e-005, 6.13974316366e-006, 1.21948608012e-006, 6.80384516727e-007, 2.82829937248e-008, 4.64638300057e-010]
        dmean2: [1.19501123663e-006, 0.000205752075999, 0.000348008383298, 0.000234011182329, 0.000279918662272, 0.000145851663547, 9.50010071392e-005, 0.00015310064191, 0.000128074694658, 7.74252257543e-005, 4.79072477901e-005, 5.20365902048e-005, 8.69355717441e-005, 8.46237380756e-005, 7.9911762441e-005, 0.000114817827125, 0.000266896968242, 0.000333321251674, 0.000639252830297, 0.000532221165486, 0.00035985474824, 0.000114527392725, 1.00044808278e-005, 1.87632804227e-006, 1.07737616872e-006, 4.41866028211e-008, 7.51072370964e-010]
        dvar: [1.14584058387e-012, 4.79861981262e-008, 7.98797969992e-008, 3.55490534787e-008, 9.2383743322e-008, 4.8849571499e-008, 3.39248558134e-008, 9.15204410035e-008, 4.17166461375e-008, 1.1188777016e-008, 6.04326189091e-009, 6.47134790199e-009, 1.37249474008e-008, 1.58155621932e-008, 8.99474894567e-009, 9.24607856945e-009, 3.78083448993e-008, 6.62758807835e-008, 2.66236071411e-007, 2.25599123382e-007, 1.41017764577e-007, 1.24993064787e-008, 8.82563327975e-011, 8.20130074963e-012, 3.96059096977e-012, 1.13773363831e-014, 1.08769608e-018]
        dvar2: [2.94888115662e-012, 1.35374619958e-007, 2.18291461351e-007, 9.25220859926e-008, 2.36440783397e-007, 1.26530991906e-007, 7.1823777148e-008, 1.7244873618e-007, 9.24561192051e-008, 2.65112340969e-008, 1.44573544247e-008, 1.54934642893e-008, 3.4024473905e-008, 3.95734964798e-008, 2.24967671159e-008, 2.39751933861e-008, 1.051389944e-007, 1.81713843972e-007, 7.33605190817e-007, 6.10814197444e-007, 3.78658512545e-007, 3.31445235702e-008, 2.11245076986e-010, 1.63112041235e-011, 8.56022717988e-012, 2.46785776629e-014, 2.35153551515e-018]
        max: [9.68570475379e-006, 0.00157516426407, 0.00304122269154, 0.0034972592257, 0.00607316102833, 0.00506857736036, 0.00709614809602, 0.0114787714556, 0.00804667826742, 0.00249958666973, 0.00255849654786, 0.00197622040287, 0.00176965794526, 0.00275254203007, 0.00232472852804, 0.00260643148795, 0.00282105896622, 0.00391050102189, 0.00748083740473, 0.00602267077193, 0.00498983729631, 0.00152521627024, 0.000161002899404, 7.32238040655e-005, 4.66576639155e-005, 3.47349782714e-006, 2.27563994315e-008]
        mean: [9.24893299725e-007, 0.000109704538772, 0.000312971445965, 0.000239208093262, 0.000282212393358, 0.000112931818876, 0.000126343162265, 0.000202652139706, 0.000160468844115, 0.000102766003693, 4.82940813527e-005, 5.9110680013e-005, 9.28052759264e-005, 8.94806871656e-005, 9.24218329601e-005, 0.000141953642014, 0.000348601839505, 0.000405948841944, 0.000771508319303, 0.00060479179956, 0.000382921396522, 0.000162495940458, 1.47471746459e-005, 3.2441582789e-006, 1.56502733262e-006, 5.4388131332e-008, 7.65882690601e-010]
        median: [5.38218955626e-007, 5.16462896485e-005, 0.000213484250708, 0.000170487939613, 0.0001753034594, 5.24951647094e-005, 2.59909847955e-005, 2.03040035558e-005, 4.32589658885e-005, 3.10031100526e-005, 1.66201898537e-005, 1.97813242266e-005, 2.81028078462e-005, 3.18419770338e-005, 4.81663228129e-005, 0.000108941501821, 0.000295280071441, 0.00031986401882, 0.000683515914716, 0.000449842016678, 0.000287380476948, 0.000123974125017, 1.03912689156e-005, 1.89169600162e-006, 7.4878698797e-007, 2.01902956576e-008, 2.81432904758e-010]
        min: [2.86122974213e-023, 3.47768919859e-023, 1.30239760049e-023, 2.30230033376e-023, 1.68960399625e-022, 8.32918029471e-023, 7.34537860695e-023, 2.07782270566e-023, 7.98590589408e-023, 1.60142840593e-022, 1.00836530174e-022, 4.75970208109e-023, 9.89513861133e-023, 1.75733471005e-022, 8.75814392231e-023, 1.07293842622e-022, 1.37890525961e-022, 1.94923011085e-022, 2.58248346935e-022, 3.88372833896e-022, 2.73414519693e-022, 7.56983654508e-022, 4.68676980781e-022, 8.27399019739e-022, 9.59182159328e-022, 2.09287095318e-021, 2.49483347496e-021]
        var: [1.35791887717e-012, 3.35714567257e-008, 1.14390168449e-007, 6.14378734554e-008, 1.41325031677e-007, 5.36613633528e-008, 2.00987756216e-007, 5.370410463e-007, 1.47218784718e-007, 4.29237694277e-008, 1.45094620763e-008, 1.65591327317e-008, 3.02991232104e-008, 3.2088319557e-008, 2.34651906794e-008, 2.35617765298e-008, 9.6508642855e-008, 1.46115326061e-007, 4.34932616145e-007, 3.64705925904e-007, 1.60460487564e-007, 2.3575342567e-008, 2.36192204683e-010, 2.66626460493e-011, 1.17169772149e-011, 1.92802435665e-014, 2.30656149845e-018]
    frequency_bands:
        dmean: [7.14570717264e-007, 0.000113560330647, 0.000207787787076, 0.000142185104778, 0.00017120114353, 8.60896761878e-005, 6.20688151685e-005, 0.000103951148049, 8.32698351587e-005, 4.9725673307e-005, 2.9783388527e-005, 3.28580208588e-005, 5.39930006198e-005, 5.24241149833e-005, 4.84584452352e-005, 6.88225845806e-005, 0.000158000329975, 0.000196050692466, 0.000373544375179, 0.000309776543872, 0.000209995298064, 6.82036770741e-005, 6.13974316366e-006, 1.21948608012e-006, 6.80384516727e-007, 2.82829937248e-008, 4.64638300057e-010, 5.94341659221e-011]
        dmean2: [1.19501123663e-006, 0.000205752075999, 0.000348008383298, 0.000234011182329, 0.000279918662272, 0.000145851663547, 9.50010071392e-005, 0.00015310064191, 0.000128074694658, 7.74252257543e-005, 4.79072477901e-005, 5.20365902048e-005, 8.69355717441e-005, 8.46237380756e-005, 7.9911762441e-005, 0.000114817827125, 0.000266896968242, 0.000333321251674, 0.000639252830297, 0.000532221165486, 0.00035985474824, 0.000114527392725, 1.00044808278e-005, 1.87632804227e-006, 1.07737616872e-006, 4.41866028211e-008, 7.51072370964e-010, 1.10735969006e-010]
        dvar: [1.14584058387e-012, 4.79861981262e-008, 7.98797969992e-008, 3.55490534787e-008, 9.2383743322e-008, 4.8849571499e-008, 3.39248558134e-008, 9.15204410035e-008, 4.17166461375e-008, 1.1188777016e-008, 6.04326189091e-009, 6.47134790199e-009, 1.37249474008e-008, 1.58155621932e-008, 8.99474894567e-009, 9.24607856945e-009, 3.78083448993e-008, 6.62758807835e-008, 2.66236071411e-007, 2.25599123382e-007, 1.41017764577e-007, 1.24993064787e-008, 8.82563327975e-011, 8.20130074963e-012, 3.96059096977e-012, 1.13773363831e-014, 1.08769608e-018, 8.17691865419e-021]
        dvar2: [2.94888115662e-012, 1.35374619958e-007, 2.18291461351e-007, 9.25220859926e-008, 2.36440783397e-007, 1.26530991906e-007, 7.1823777148e-008, 1.7244873618e-007, 9.24561192051e-008, 2.65112340969e-008, 1.44573544247e-008, 1.54934642893e-008, 3.4024473905e-008, 3.95734964798e-008, 2.24967671159e-008, 2.39751933861e-008, 1.051389944e-007, 1.81713843972e-007, 7.33605190817e-007, 6.10814197444e-007, 3.78658512545e-007, 3.31445235702e-008, 2.11245076986e-010, 1.63112041235e-011, 8.56022717988e-012, 2.46785776629e-014, 2.35153551515e-018, 2.62110336287e-020]
        max: [9.68570475379e-006, 0.00157516426407, 0.00304122269154, 0.0034972592257, 0.00607316102833, 0.00506857736036, 0.00709614809602, 0.0114787714556, 0.00804667826742, 0.00249958666973, 0.00255849654786, 0.00197622040287, 0.00176965794526, 0.00275254203007, 0.00232472852804, 0.00260643148795, 0.00282105896622, 0.00391050102189, 0.00748083740473, 0.00602267077193, 0.00498983729631, 0.00152521627024, 0.000161002899404, 7.32238040655e-005, 4.66576639155e-005, 3.47349782714e-006, 2.27563994315e-008, 1.38595557253e-009]
        mean: [9.24893299725e-007, 0.000109704538772, 0.000312971445965, 0.000239208093262, 0.000282212393358, 0.000112931818876, 0.000126343162265, 0.000202652139706, 0.000160468844115, 0.000102766003693, 4.82940813527e-005, 5.9110680013e-005, 9.28052759264e-005, 8.94806871656e-005, 9.24218329601e-005, 0.000141953642014, 0.000348601839505, 0.000405948841944, 0.000771508319303, 0.00060479179956, 0.000382921396522, 0.000162495940458, 1.47471746459e-005, 3.2441582789e-006, 1.56502733262e-006, 5.4388131332e-008, 7.65882690601e-010, 4.54195986377e-011]
        median: [5.38218955626e-007, 5.16462896485e-005, 0.000213484250708, 0.000170487939613, 0.0001753034594, 5.24951647094e-005, 2.59909847955e-005, 2.03040035558e-005, 4.32589658885e-005, 3.10031100526e-005, 1.66201898537e-005, 1.97813242266e-005, 2.81028078462e-005, 3.18419770338e-005, 4.81663228129e-005, 0.000108941501821, 0.000295280071441, 0.00031986401882, 0.000683515914716, 0.000449842016678, 0.000287380476948, 0.000123974125017, 1.03912689156e-005, 1.89169600162e-006, 7.4878698797e-007, 2.01902956576e-008, 2.81432904758e-010, 1.56843357746e-011]
        min: [2.86122974213e-023, 3.47768919859e-023, 1.30239760049e-023, 2.30230033376e-023, 1.68960399625e-022, 8.32918029471e-023, 7.34537860695e-023, 2.07782270566e-023, 7.98590589408e-023, 1.60142840593e-022, 1.00836530174e-022, 4.75970208109e-023, 9.89513861133e-023, 1.75733471005e-022, 8.75814392231e-023, 1.07293842622e-022, 1.37890525961e-022, 1.94923011085e-022, 2.58248346935e-022, 3.88372833896e-022, 2.73414519693e-022, 7.56983654508e-022, 4.68676980781e-022, 8.27399019739e-022, 9.59182159328e-022, 2.09287095318e-021, 2.49483347496e-021, 6.37402287235e-022]
        var: [1.35791887717e-012, 3.35714567257e-008, 1.14390168449e-007, 6.14378734554e-008, 1.41325031677e-007, 5.36613633528e-008, 2.00987756216e-007, 5.370410463e-007, 1.47218784718e-007, 4.29237694277e-008, 1.45094620763e-008, 1.65591327317e-008, 3.02991232104e-008, 3.2088319557e-008, 2.34651906794e-008, 2.35617765298e-008, 9.6508642855e-008, 1.46115326061e-007, 4.34932616145e-007, 3.64705925904e-007, 1.60460487564e-007, 2.3575342567e-008, 2.36192204683e-010, 2.66626460493e-011, 1.17169772149e-011, 1.92802435665e-014, 2.30656149845e-018, 6.21914854975e-021]
    mfcc:
        mean: [-726.225524902, 82.1791915894, -37.0329627991, 71.8731842041, -16.416103363, 4.48379468918, -0.896564364433, 1.59118282795, 3.17542791367, -5.64430522919, 0.799620568752, -6.48583078384, -6.42017507553]
        cov: [[12585.1894531, -415.961730957, -3311.85302734, 1388.65490723, -722.828918457, 456.686920166, 432.665802002, 417.648468018, 210.553924561, -159.58253479, -10.781794548, -187.033599854, -180.663787842], [-415.961730957, 724.640075684, 70.9376831055, -59.1422615051, 8.96983146667, -111.240409851, -34.4500427246, -29.5708408356, -26.6201972961, 15.8049182892, 20.9936161041, 27.7445201874, 15.5807571411], [-3311.85302734, 70.9376831055, 1323.34155273, -247.330413818, 213.921081543, -80.9688415527, -92.3575439453, -118.712722778, -51.7428627014, 21.0845031738, -7.1545419693, 52.7907371521, 37.417591095], [1388.65490723, -59.1422615051, -247.330413818, 526.07800293, 75.2916030884, 181.383132935, 140.285919189, 106.258552551, 77.0050964355, -26.4617729187, -23.9964351654, -54.027141571, -34.041229248], [-722.828918457, 8.96983146667, 213.921081543, 75.2916030884, 292.739593506, 100.550163269, 68.8425369263, 10.6047048569, 1.45814454556, 10.5969238281, -29.9745330811, -26.168056488, -10.949555397], [456.686920166, -111.240409851, -80.9688415527, 181.383132935, 100.550163269, 240.799331665, 143.281967163, 81.6636657715, 27.2771968842, -19.7779083252, -18.1382446289, -38.7434921265, -35.573299408], [432.665802002, -34.4500427246, -92.3575439453, 140.285919189, 68.8425369263, 143.281967163, 187.338104248, 106.110420227, 26.7799758911, -23.6581249237, -19.6028499603, -22.3718986511, -25.2101669312], [417.648468018, -29.5708408356, -118.712722778, 106.258552551, 10.6047048569, 81.6636657715, 106.110420227, 128.557937622, 49.296585083, -11.6355609894, -12.6310138702, -22.4925556183, -15.8911218643], [210.553924561, -26.6201972961, -51.7428627014, 77.0050964355, 1.45814454556, 27.2771968842, 26.7799758911, 49.296585083, 79.52368927, 23.6969947815, 0.518013179302, -17.1758174896, -11.4716405869], [-159.58253479, 15.8049182892, 21.0845031738, -26.4617729187, 10.5969238281, -19.7779083252, -23.6581249237, -11.6355609894, 23.6969947815, 68.0700759888, 33.8438987732, 7.85723018646, -4.21768522263], [-10.781794548, 20.9936161041, -7.1545419693, -23.9964351654, -29.9745330811, -18.1382446289, -19.6028499603, -12.6310138702, 0.518013179302, 33.8438987732, 71.9715423584, 35.0259552002, 7.56452989578], [-187.033599854, 27.7445201874, 52.7907371521, -54.027141571, -26.168056488, -38.7434921265, -22.3718986511, -22.4925556183, -17.1758174896, 7.85723018646, 35.0259552002, 68.0566558838, 36.4101982117], [-180.663787842, 15.5807571411, 37.417591095, -34.041229248, -10.949555397, -35.573299408, -25.2101669312, -15.8911218643, -11.4716405869, -4.21768522263, 7.56452989578, 36.4101982117, 61.0453109741]]
        icov: [[0.000443652708782, 6.99713273207e-005, 0.000811112404335, -0.00081675243564, 0.000811161648016, -0.000113865404273, -0.000300335814245, 0.000278651132248, 9.23017796595e-005, 0.000236709718592, 2.48355881922e-005, -0.000114002323244, 0.000468777958304], [6.99713273207e-005, 0.00157499546185, 0.000124239188153, -0.000279017724097, -0.000218195244088, 0.00116044480819, -0.000467128440505, -0.00012465583859, 0.000579875835683, -0.000154369758093, -0.00035572462366, -0.000156599926413, 0.000220868707402], [0.000811112404335, 0.000124239188153, 0.00259299040772, -0.00101726106368, 0.000361374550266, -8.85594781721e-005, -0.000277875573374, 0.00102882133797, -0.000310037081363, 0.000819304841571, 0.000333758274792, -0.00121499539819, 0.00106008863077], [-0.00081675243564, -0.000279017724097, -0.00101726106368, 0.00483124842867, -0.00219470681623, -0.00120984413661, 6.09507114859e-005, -0.00010139313963, -0.00322832167149, 0.00173026777338, -0.000904757878743, 0.000980778830126, -0.00108823715709], [0.000811161648016, -0.000218195244088, 0.000361374550266, -0.00219470681623, 0.00753170484677, -0.00232038390823, -0.00239892606623, 0.00171601865441, 0.00181928358506, -0.00359543669038, 0.00271689961664, 0.00147754349746, -0.000658721139189], [-0.000113865404273, 0.00116044480819, -8.85594781721e-005, -0.00120984413661, -0.00232038390823, 0.0104420585558, -0.00539460871369, -0.000181248469744, 0.000414119102061, 0.0014050535392, -0.00234989263117, 0.00190721522085, 0.00146873935591], [-0.000300335814245, -0.000467128440505, -0.000277875573374, 6.09507114859e-005, -0.00239892606623, -0.00539460871369, 0.0166161395609, -0.0105147873983, 0.00226864172146, 0.00143795483746, 0.00149337202311, -0.0042796744965, 0.00287885195576], [0.000278651132248, -0.00012465583859, 0.00102882133797, -0.00010139313963, 0.00171601865441, -0.000181248469744, -0.0105147873983, 0.0208726376295, -0.0101700555533, 0.00356866116636, -0.00089378003031, 0.0021540299058, -0.00137593538966], [9.23017796595e-005, 0.000579875835683, -0.000310037081363, -0.00322832167149, 0.00181928358506, 0.000414119102061, 0.00226864172146, -0.0101700555533, 0.0250682830811, -0.0127894179896, 0.00305514666252, 0.00265315896831, -0.00076178717427], [0.000236709718592, -0.000154369758093, 0.000819304841571, 0.00173026777338, -0.00359543669038, 0.0014050535392, 0.00143795483746, 0.00356866116636, -0.0127894179896, 0.0292881149799, -0.0140534359962, 0.00127053097822, 0.00350311840884], [2.48355881922e-005, -0.00035572462366, 0.000333758274792, -0.000904757878743, 0.00271689961664, -0.00234989263117, 0.00149337202311, -0.00089378003031, 0.00305514666252, -0.0140534359962, 0.028012111783, -0.0150643009692, 0.00407422846183], [-0.000114002323244, -0.000156599926413, -0.00121499539819, 0.000980778830126, 0.00147754349746, 0.00190721522085, -0.0042796744965, 0.0021540299058, 0.00265315896831, 0.00127053097822, -0.0150643009692, 0.0344614908099, -0.0169373303652], [0.000468777958304, 0.000220868707402, 0.00106008863077, -0.00108823715709, -0.000658721139189, 0.00146873935591, 0.00287885195576, -0.00137593538966, -0.00076178717427, 0.00350311840884, 0.00407422846183, -0.0169373303652, 0.0277202855796]]
    sccoeffs:
        dmean: [0.0512861832976, 0.0451757609844, 0.0358327850699, 0.0275778472424, 0.0190578512847, 0.0172374118119]
        dmean2: [0.0849868133664, 0.0744734704494, 0.0582794733346, 0.0455871522427, 0.0319956056774, 0.0278689470142]
        dvar: [0.00173273554537, 0.00138751987834, 0.000859939551447, 0.000514977436978, 0.000239802538999, 0.000258279120317]
        dvar2: [0.00480219954625, 0.003635303583, 0.00220662658103, 0.00134587043431, 0.000653564697132, 0.000612336851191]
        max: [-0.392348349094, -0.363313257694, -0.379467427731, -0.554491221905, -0.65835672617, -0.580103993416]
        mean: [-0.674932122231, -0.75912386179, -0.781664729118, -0.79903459549, -0.804990112782, -0.699956476688]
        median: [-0.676801145077, -0.774875283241, -0.791694998741, -0.8020439744, -0.801124513149, -0.68438231945]
        min: [-0.969838857651, -0.977522730827, -0.983656167984, -0.988930940628, -0.981145977974, -0.980772197247]
        var: [0.00492914998904, 0.00624363776296, 0.00470081856474, 0.00275848526508, 0.00124345603399, 0.00347760901786]
    scvalleys:
        dmean: [0.362775981426, 0.372220098972, 0.306207567453, 0.272136628628, 0.249417826533, 0.176309496164]
        dmean2: [0.592513680458, 0.609242856503, 0.484857320786, 0.418828427792, 0.37698829174, 0.268498897552]
        dvar: [0.106236852705, 0.130975797772, 0.0895003527403, 0.0901990532875, 0.105309523642, 0.0695616304874]
        dvar2: [0.250021249056, 0.286837935448, 0.166925236583, 0.152985483408, 0.177169531584, 0.126239672303]
        max: [-5.02128887177, -4.5560297966, -5.65971565247, -5.87506961823, -5.16627836227, -7.85804843903]
        mean: [-6.83875799179, -7.12699890137, -7.64169979095, -7.70855379105, -7.04005479813, -10.0074663162]
        median: [-6.56968784332, -6.97122430801, -7.26675701141, -7.23789978027, -6.37255334854, -9.51983833313]
        min: [-27.0106258392, -27.6320743561, -27.0677967072, -27.4367351532, -27.069688797, -27.1762905121]
        var: [1.2880756855, 1.10801410675, 2.01282453537, 2.35158634186, 3.26153945923, 2.82233428955]

rhythm:
    beats_loudness:
        dmean: 0.00169267074671
        dmean2: 0.00301880482584
        dvar: 1.98384964278e-006
        dvar2: 5.73844408791e-006
        max: 0.0121841486543
        mean: 0.00533440569416
        median: 0.00559890829027
        min: 4.40977387939e-008
        var: 6.26940573056e-006
    bpm: 172.265060425
    bpm_confidence: 0
    first_peak_bpm: 172
    first_peak_spread: 0
    first_peak_weight: 0.72893255949
    onset_rate: 2.61485028267
    second_peak_bpm: 167
    second_peak_spread: 0
    second_peak_weight: 0.117977529764
    beats_loudness_band_ratio:
        dmean: [0.0838476493955, 0.0676307752728, 0.0822224915028, 0.0353572666645, 0.0731208100915, 0.114712648094]
        dmean2: [0.144851431251, 0.118603885174, 0.144196122885, 0.0624593310058, 0.129836156964, 0.208180576563]
        dvar: [0.0071473447606, 0.00991258211434, 0.0111316954717, 0.00182355253492, 0.00440823845565, 0.00897512119263]
        dvar2: [0.0222614146769, 0.0249215196818, 0.0292424932122, 0.00543780671433, 0.0140588190407, 0.0269471742213]
        max: [0.99493932724, 0.914608597755, 0.983954310417, 0.340034842491, 0.527382194996, 0.759734034538]
        mean: [0.178687974811, 0.0911195799708, 0.117197044194, 0.0506340265274, 0.205292776227, 0.391013413668]
        median: [0.130441859365, 0.0569048188627, 0.0503084138036, 0.0326473638415, 0.199047520757, 0.414538025856]
        min: [0.000131621374749, 0.00444277888164, 0.000102500795037, 6.60012619846e-006, 1.54121444211e-005, 1.78491609404e-005]
        var: [0.0307472217828, 0.0132164228708, 0.028488913551, 0.00245581241325, 0.00952567066997, 0.028806488961]
