
metadata:
    version:
        essentia: "2.1-beta2"
    audio_properties:
        analysis_sample_rate: 44100
        bitrate: 320
        channels: 2
        equal_loudness: 1
        length: 217.756729126
        replay_gain: -13.3001899719
        downmix: "mix"
    tags:
        album: "Saturate"
        artist: "Breaking Benjamin"
        comment: ""
        date: "2002"
        genre: "Metal Alternatif"
        title: "Home"
        tracknumber: "8"

configuration:
    average_loudness:
        compute: 1
        frameSize: 88200
        hopSize: 44100
        silentFrames: "noise"
        windowType: "hann"
    general:
        analysisSampleRate: 44100
        endTime: 2000
        equalLoudness: 1
        nequalLoudness: 0
        shortSound: 0
        startTime: 0
    lowlevel:
        compute: 1
        frameSize: 2048
        hopSize: 1024
        zeroPadding: 0
        silentFrames: "noise"
        windowType: "blackmanharris62"
        mfccStats: ["mean", "cov", "icov"]
        stats: ["mean", "var", "median", "min", "max", "dmean", "dmean2", "dvar", "dvar2"]
    panning:
        compute: 0
        frameSize: 8192
        hopSize: 2048
        zeroPadding: 8192
        silentFrames: "noise"
        windowType: "hann"
        stats: ["copy"]
    rhythm:
        compute: 1
        maxTempo: 208
        minTempo: 40
        method: "degara"
        stats: ["mean", "var", "median", "min", "max", "dmean", "dmean2", "dvar", "dvar2"]
    segmentation:
        compute: 0
        cpw: 5
        inc1: 300
        inc2: 50
        minimumSegmentsLength: 10
        size1: 1000
        size2: 600
    sfx:
        compute: 1
        stats: ["mean", "var", "median", "min", "max", "dmean", "dmean2", "dvar", "dvar2"]
    svm:
        compute: 0
    tonal:
        compute: 1
        frameSize: 4096
        hopSize: 2048
        zeroPadding: 0
        silentFrames: "noise"
        windowType: "blackmanharris62"
        stats: ["mean", "var", "median", "min", "max", "dmean", "dmean2", "dvar", "dvar2"]

lowlevel:
    average_loudness: 0.946624696255
    barkbands_kurtosis:
        dmean: 1.07073259354
        dmean2: 1.67861235142
        dvar: 9.59251308441
        dvar2: 21.7666416168
        max: 109.89679718
        mean: -0.148546844721
        median: -1.20852148533
        min: -1.93782305717
        var: 19.5983200073
    barkbands_skewness:
        dmean: 0.45173355937
        dmean2: 0.697056949139
        dvar: 0.239293172956
        dvar2: 0.522585749626
        max: 8.90733146667
        mean: -0.163524597883
        median: -0.354937314987
        min: -3.55184316635
        var: 1.24923074245
    barkbands_spread:
        dmean: 6.39927434921
        dmean2: 10.2080211639
        dvar: 40.5579681396
        dvar2: 101.247322083
        max: 74.7295150757
        mean: 39.3016395569
        median: 40.1580810547
        min: 1.21534025669
        var: 140.764587402
    dissonance:
        dmean: 0.00875984504819
        dmean2: 0.0146595109254
        dvar: 9.633123409e-005
        dvar2: 0.000253842503298
        max: 0.500000119209
        mean: 0.482861697674
        median: 0.487807512283
        min: 0.334249705076
        var: 0.000256236991845
    hfc:
        dmean: 2.66725921631
        dmean2: 4.35873794556
        dvar: 10.585814476
        dvar2: 27.2046470642
        max: 40.4494056702
        mean: 10.6139564514
        median: 10.1654043198
        min: 1.19726664491e-016
        var: 36.0082054138
    pitch:
        dmean: 690.218994141
        dmean2: 1306.34069824
        dvar: 1395392.125
        dvar2: 3374402.25
        max: 4723.23388672
        mean: 2458.53442383
        median: 3424.96142578
        min: 63.7140884399
        var: 2492724.25
    pitch_instantaneous_confidence:
        dmean: 0.0776676461101
        dmean2: 0.127284631133
        dvar: 0.00392489740625
        dvar2: 0.00993927568197
        max: 0.895593464375
        mean: 0.435943931341
        median: 0.427497804165
        min: 0.075720846653
        var: 0.0128118805587
    pitch_salience:
        dmean: 0.0566495805979
        dmean2: 0.0908875241876
        dvar: 0.00255904672667
        dvar2: 0.0062691946514
        max: 0.904446125031
        mean: 0.636127233505
        median: 0.654684126377
        min: 0.182839274406
        var: 0.00959873851389
    silence_rate_20dB:
        dmean: 0
        dmean2: 0
        dvar: 0
        dvar2: 0
        max: 1
        mean: 1
        median: 1
        min: 1
        var: 0
    silence_rate_30dB:
        dmean: 0
        dmean2: 0
        dvar: 0
        dvar2: 0
        max: 1
        mean: 1
        median: 1
        min: 1
        var: 0
    silence_rate_60dB:
        dmean: 0.07741522789
        dmean2: 0.154846966267
        dvar: 0.0714134648442
        dvar2: 0.154306426644
        max: 1
        mean: 0.181575864553
        median: 0
        min: 0
        var: 0.148596093059
    spectral_centroid:
        dmean: 291.565856934
        dmean2: 457.572052002
        dvar: 83984.375
        dvar2: 183951.8125
        max: 11601.9072266
        mean: 1994.9173584
        median: 2088.10864258
        min: 143.043411255
        var: 459313.9375
    spectral_complexity:
        dmean: 3.72531461716
        dmean2: 6.06611919403
        dvar: 12.951461792
        dvar2: 31.0851478577
        max: 43
        mean: 17.7554111481
        median: 18
        min: 0
        var: 71.9044570923
    spectral_crest:
        dmean: 1.82574057579
        dmean2: 2.99256849289
        dvar: 2.75064277649
        dvar2: 6.96387720108
        max: 23.18699646
        mean: 7.20178461075
        median: 6.45889759064
        min: 2.63792037964
        var: 8.28150367737
    spectral_decrease:
        dmean: 3.05795444522e-010
        dmean2: 5.03165675791e-010
        dvar: 1.55795965781e-019
        dvar2: 4.13613002045e-019
        max: -1.72131177439e-029
        mean: -1.15603460138e-009
        median: -1.09485231992e-009
        min: -4.67811300808e-009
        var: 3.21311898296e-019
    spectral_energy:
        dmean: 0.00135021586902
        dmean2: 0.00222480506636
        dvar: 2.98841655422e-006
        dvar2: 7.89702971815e-006
        max: 0.0213251486421
        mean: 0.00532586034387
        median: 0.00504677835852
        min: 1.09245258824e-020
        var: 6.57786313241e-006
    spectral_energyband_high:
        dmean: 0.00023586624593
        dmean2: 0.000391920621041
        dvar: 1.05928300798e-007
        dvar2: 2.75832604757e-007
        max: 0.00410971604288
        mean: 0.000658407283481
        median: 0.000574467645492
        min: 7.9843939822e-021
        var: 2.46044692176e-007
    spectral_energyband_low:
        dmean: 0.000385718565667
        dmean2: 0.000647349108476
        dvar: 2.65413092393e-007
        dvar2: 7.52455491693e-007
        max: 0.00537899043411
        mean: 0.000721274584066
        median: 0.00054541049758
        min: 1.07382270774e-022
        var: 3.96307711981e-007
    spectral_energyband_middle_high:
        dmean: 0.000661060912535
        dmean2: 0.00106281053741
        dvar: 5.17756120644e-007
        dvar2: 1.30330670345e-006
        max: 0.0108363069594
        mean: 0.00253403396346
        median: 0.00226583192125
        min: 1.61514941075e-021
        var: 2.62814910457e-006
    spectral_energyband_middle_low:
        dmean: 0.000716961163562
        dmean2: 0.00116363004781
        dvar: 1.21208086057e-006
        dvar2: 3.18772504215e-006
        max: 0.0129308430478
        mean: 0.00167763268109
        median: 0.00121047138236
        min: 2.03032362351e-022
        var: 2.19008870772e-006
    spectral_flatness_db:
        dmean: 0.0134536558762
        dmean2: 0.0207900386304
        dvar: 0.000173084452399
        dvar2: 0.000396459974581
        max: 0.404029875994
        mean: 0.150055631995
        median: 0.143890544772
        min: 0.0593209788203
        var: 0.00105036096647
    spectral_flux:
        dmean: 0.00770219182596
        dmean2: 0.0119521366432
        dvar: 7.03160840203e-005
        dvar2: 0.000132969071274
        max: 0.106013707817
        mean: 0.0423178933561
        median: 0.0409902408719
        min: 1.04520454791e-010
        var: 0.000206994634937
    spectral_kurtosis:
        dmean: 0.843150019646
        dmean2: 1.41289401054
        dvar: 1.08367371559
        dvar2: 3.04104471207
        max: 32.0197257996
        mean: 2.83399581909
        median: 2.59205985069
        min: -1.19635987282
        var: 2.66085553169
    spectral_rms:
        dmean: 0.0002788414713
        dmean2: 0.000448226230219
        dvar: 9.84752617228e-008
        dvar2: 2.50091375165e-007
        max: 0.00456125242636
        mean: 0.00220601493493
        median: 0.00221893796697
        min: 3.26467065187e-012
        var: 3.29442912061e-007
    spectral_rolloff:
        dmean: 313.967773438
        dmean2: 518.104309082
        dvar: 255452.453125
        dvar2: 536537.8125
        max: 18410.8886719
        mean: 3576.3425293
        median: 3746.77734375
        min: 150.732421875
        var: 900288
    spectral_skewness:
        dmean: 0.1435187608
        dmean2: 0.228719308972
        dvar: 0.0273685865104
        dvar2: 0.0642613694072
        max: 4.51863193512
        mean: 1.08452546597
        median: 1.04519927502
        min: -0.0367046445608
        var: 0.113021112978
    spectral_spread:
        dmean: 409631.875
        dmean2: 606485.3125
        dvar: 382773755904
        dvar2: 553573154816
        max: 39912084
        mean: 4730326
        median: 4560023.5
        min: 1544966.25
        var: 1.32220662579e+012
    spectral_strongpeak:
        dmean: 0.569560348988
        dmean2: 0.990252792835
        dvar: 0.844416677952
        dvar2: 2.16162705421
        max: 9.31258010864
        mean: 0.761334598064
        median: 0.223329052329
        min: 3.83522946734e-009
        var: 1.17672967911
    zerocrossingrate:
        dmean: 0.00828958675265
        dmean2: 0.00989481620491
        dvar: 7.01965254848e-005
        dvar2: 8.77720522112e-005
        max: 0.505859375
        mean: 0.111588485539
        median: 0.1171875
        min: 0.00341796875
        var: 0.000891183386557
    barkbands:
        dmean: [4.18381233658e-007, 9.26863140194e-005, 0.000237753527472, 0.000224002651521, 0.000370973575627, 0.00015719619114, 0.000124707032228, 8.28548945719e-005, 8.27866533655e-005, 5.40469773114e-005, 3.06349393213e-005, 3.61923521268e-005, 4.59814400529e-005, 4.5950167987e-005, 5.49364231119e-005, 8.35314494907e-005, 0.000169571852894, 0.00018986928626, 0.000338273181114, 0.000224513118155, 0.000117242663691, 3.78765544156e-005, 6.45617319606e-006, 2.10822599911e-006, 1.40602185184e-006, 4.95885714713e-008, 6.11971195941e-010]
        dmean2: [6.70400254421e-007, 0.000164267985383, 0.000400770746637, 0.000367734290194, 0.000612611242104, 0.000266678747721, 0.000189532060176, 0.000134229543619, 0.000128155181301, 8.11847203295e-005, 4.97801738675e-005, 5.79483021284e-005, 7.4017472798e-005, 7.31823747628e-005, 8.95206394489e-005, 0.00013698755356, 0.000277848856058, 0.000313734053634, 0.000556115759537, 0.000375283387257, 0.000197375527932, 6.28138150205e-005, 1.00913093775e-005, 3.16065211337e-006, 2.06834965866e-006, 7.51220881057e-008, 1.01157471288e-009]
        dvar: [4.68965578176e-013, 3.61053302811e-008, 1.02808954239e-007, 8.56415240946e-008, 4.26896889394e-007, 1.40093291634e-007, 1.14162823195e-007, 4.98628587309e-008, 4.7150734872e-008, 1.80998558363e-008, 8.87718165643e-009, 1.07852198283e-008, 1.3075524663e-008, 1.2145479289e-008, 1.81211170514e-008, 1.84575341677e-008, 4.78635158174e-008, 5.96925175955e-008, 1.44047717754e-007, 8.10668083773e-008, 2.88692465489e-008, 3.28013260997e-009, 1.02313532646e-010, 2.44728612375e-011, 1.73499652145e-011, 3.44961655541e-014, 1.77383960637e-018]
        dvar2: [1.1679593924e-012, 1.00823498883e-007, 2.91115725304e-007, 2.30744078067e-007, 1.1281266552e-006, 3.72743841126e-007, 2.35894191292e-007, 1.18208589583e-007, 1.09369807433e-007, 3.61768783819e-008, 2.25500986772e-008, 2.60439190214e-008, 3.2176913578e-008, 2.96034805558e-008, 4.30234301518e-008, 4.70928540608e-008, 1.23964255749e-007, 1.51193844999e-007, 3.75826886057e-007, 2.12894292417e-007, 7.78799105206e-008, 8.46855829906e-009, 2.22046672715e-010, 4.75550709922e-011, 3.70386638027e-011, 6.68023104823e-014, 4.27976962362e-018]
        max: [6.87796273269e-006, 0.00147328595631, 0.00376994302496, 0.00494904210791, 0.00805182568729, 0.00688826479018, 0.00821381621063, 0.00455455482006, 0.00720431050286, 0.00402056798339, 0.00318249431439, 0.0023421831429, 0.00239507714286, 0.00249952357262, 0.00435999501497, 0.0029985900037, 0.00410874374211, 0.00418253941461, 0.00654787151143, 0.00453745853156, 0.00215406529605, 0.000963010767009, 0.000301737512928, 0.000110312328616, 0.000125093574752, 7.98326072982e-006, 2.82938934504e-008]
        mean: [6.03395562848e-007, 9.32175389607e-005, 0.000392855261452, 0.000391853653127, 0.000567117473111, 0.000213118459214, 0.000203611154575, 0.000117571551527, 0.000169878447196, 0.000110534208943, 4.95286440128e-005, 5.85812085774e-005, 7.3591763794e-005, 7.63613497838e-005, 0.000100402743556, 0.000170163126313, 0.000386072002584, 0.000432809523772, 0.000812145473901, 0.000527340220287, 0.000262739224127, 9.16208955459e-005, 1.58983639267e-005, 5.16963746122e-006, 2.9869215723e-006, 8.98976395547e-008, 7.52447215646e-010]
        median: [3.38794393429e-007, 4.43789867859e-005, 0.000277824845398, 0.000272604112979, 0.000316532357829, 9.93718131213e-005, 4.9916041462e-005, 2.66190945695e-005, 6.01995561738e-005, 3.00020310533e-005, 1.70646508195e-005, 1.78113714355e-005, 2.33217779169e-005, 2.882946319e-005, 4.41697302449e-005, 0.000110094973934, 0.000285685411654, 0.000322017614963, 0.00070063007297, 0.000437668757513, 0.000222693750402, 7.0733949542e-005, 1.14397089419e-005, 3.15576403409e-006, 1.4864192508e-006, 3.17133661554e-008, 2.4146526445e-010]
        min: [4.53992196191e-023, 3.50168003644e-023, 3.92883843474e-023, 1.80976240581e-023, 2.45850678368e-023, 4.54019396115e-023, 3.37240529782e-023, 3.06293453362e-023, 3.52437083152e-023, 8.41754028916e-023, 2.74482384923e-023, 5.81320878062e-023, 6.35353937319e-023, 1.04014926492e-022, 2.16851223792e-022, 7.32356881173e-023, 1.33378405666e-022, 3.48489288705e-022, 2.47486971523e-022, 4.21721657296e-022, 4.86305106383e-022, 6.22364806089e-022, 6.15385015287e-022, 9.54264211118e-022, 1.33335930871e-021, 1.75267454896e-021, 2.26908122434e-021]
        var: [6.12687201321e-013, 2.55208849609e-008, 1.57484905117e-007, 1.61064562576e-007, 5.90225226915e-007, 1.48732027583e-007, 3.43673235648e-007, 1.11929729485e-007, 2.25270838428e-007, 9.99292240067e-008, 1.81500343643e-008, 2.12022523982e-008, 2.45565701107e-008, 2.28950245429e-008, 4.90818905519e-008, 4.55071251793e-008, 1.34026663545e-007, 1.65439175248e-007, 3.64848773415e-007, 1.8104626065e-007, 4.47135235504e-008, 7.60508900299e-009, 3.04512720595e-010, 6.98619079254e-011, 3.68060304456e-011, 7.72426691836e-014, 2.22631877517e-018]
    frequency_bands:
        dmean: [4.18381233658e-007, 9.26863140194e-005, 0.000237753527472, 0.000224002651521, 0.000370973575627, 0.00015719619114, 0.000124707032228, 8.28548945719e-005, 8.27866533655e-005, 5.40469773114e-005, 3.06349393213e-005, 3.61923521268e-005, 4.59814400529e-005, 4.5950167987e-005, 5.49364231119e-005, 8.35314494907e-005, 0.000169571852894, 0.00018986928626, 0.000338273181114, 0.000224513118155, 0.000117242663691, 3.78765544156e-005, 6.45617319606e-006, 2.10822599911e-006, 1.40602185184e-006, 4.95885714713e-008, 6.11971195941e-010, 6.42264436079e-011]
        dmean2: [6.70400254421e-007, 0.000164267985383, 0.000400770746637, 0.000367734290194, 0.000612611242104, 0.000266678747721, 0.000189532060176, 0.000134229543619, 0.000128155181301, 8.11847203295e-005, 4.97801738675e-005, 5.79483021284e-005, 7.4017472798e-005, 7.31823747628e-005, 8.95206394489e-005, 0.00013698755356, 0.000277848856058, 0.000313734053634, 0.000556115759537, 0.000375283387257, 0.000197375527932, 6.28138150205e-005, 1.00913093775e-005, 3.16065211337e-006, 2.06834965866e-006, 7.51220881057e-008, 1.01157471288e-009, 1.19755302896e-010]
        dvar: [4.68965578176e-013, 3.61053302811e-008, 1.02808954239e-007, 8.56415240946e-008, 4.26896889394e-007, 1.40093291634e-007, 1.14162823195e-007, 4.98628587309e-008, 4.7150734872e-008, 1.80998558363e-008, 8.87718165643e-009, 1.07852198283e-008, 1.3075524663e-008, 1.2145479289e-008, 1.81211170514e-008, 1.84575341677e-008, 4.78635158174e-008, 5.96925175955e-008, 1.44047717754e-007, 8.10668083773e-008, 2.88692465489e-008, 3.28013260997e-009, 1.02313532646e-010, 2.44728612375e-011, 1.73499652145e-011, 3.44961655541e-014, 1.77383960637e-018, 7.4010369721e-021]
        dvar2: [1.1679593924e-012, 1.00823498883e-007, 2.91115725304e-007, 2.30744078067e-007, 1.1281266552e-006, 3.72743841126e-007, 2.35894191292e-007, 1.18208589583e-007, 1.09369807433e-007, 3.61768783819e-008, 2.25500986772e-008, 2.60439190214e-008, 3.2176913578e-008, 2.96034805558e-008, 4.30234301518e-008, 4.70928540608e-008, 1.23964255749e-007, 1.51193844999e-007, 3.75826886057e-007, 2.12894292417e-007, 7.78799105206e-008, 8.46855829906e-009, 2.22046672715e-010, 4.75550709922e-011, 3.70386638027e-011, 6.68023104823e-014, 4.27976962362e-018, 2.34072904021e-020]
        max: [6.87796273269e-006, 0.00147328595631, 0.00376994302496, 0.00494904210791, 0.00805182568729, 0.00688826479018, 0.00821381621063, 0.00455455482006, 0.00720431050286, 0.00402056798339, 0.00318249431439, 0.0023421831429, 0.00239507714286, 0.00249952357262, 0.00435999501497, 0.0029985900037, 0.00410874374211, 0.00418253941461, 0.00654787151143, 0.00453745853156, 0.00215406529605, 0.000963010767009, 0.000301737512928, 0.000110312328616, 0.000125093574752, 7.98326072982e-006, 2.82938934504e-008, 9.36550170749e-010]
        mean: [6.03395562848e-007, 9.32175389607e-005, 0.000392855261452, 0.000391853653127, 0.000567117473111, 0.000213118459214, 0.000203611154575, 0.000117571551527, 0.000169878447196, 0.000110534208943, 4.95286440128e-005, 5.85812085774e-005, 7.3591763794e-005, 7.63613497838e-005, 0.000100402743556, 0.000170163126313, 0.000386072002584, 0.000432809523772, 0.000812145473901, 0.000527340220287, 0.000262739224127, 9.16208955459e-005, 1.58983639267e-005, 5.16963746122e-006, 2.9869215723e-006, 8.98976395547e-008, 7.52447215646e-010, 4.96708854603e-011]
        median: [3.38794393429e-007, 4.43789867859e-005, 0.000277824845398, 0.000272604112979, 0.000316532357829, 9.93718131213e-005, 4.9916041462e-005, 2.66190945695e-005, 6.01995561738e-005, 3.00020310533e-005, 1.70646508195e-005, 1.78113714355e-005, 2.33217779169e-005, 2.882946319e-005, 4.41697302449e-005, 0.000110094973934, 0.000285685411654, 0.000322017614963, 0.00070063007297, 0.000437668757513, 0.000222693750402, 7.0733949542e-005, 1.14397089419e-005, 3.15576403409e-006, 1.4864192508e-006, 3.17133661554e-008, 2.4146526445e-010, 2.00269731354e-011]
        min: [4.53992196191e-023, 3.50168003644e-023, 3.92883843474e-023, 1.80976240581e-023, 2.45850678368e-023, 4.54019396115e-023, 3.37240529782e-023, 3.06293453362e-023, 3.52437083152e-023, 8.41754028916e-023, 2.74482384923e-023, 5.81320878062e-023, 6.35353937319e-023, 1.04014926492e-022, 2.16851223792e-022, 7.32356881173e-023, 1.33378405666e-022, 3.48489288705e-022, 2.47486971523e-022, 4.21721657296e-022, 4.86305106383e-022, 6.22364806089e-022, 6.15385015287e-022, 9.54264211118e-022, 1.33335930871e-021, 1.75267454896e-021, 2.26908122434e-021, 8.05233416697e-022]
        var: [6.12687201321e-013, 2.55208849609e-008, 1.57484905117e-007, 1.61064562576e-007, 5.90225226915e-007, 1.48732027583e-007, 3.43673235648e-007, 1.11929729485e-007, 2.25270838428e-007, 9.99292240067e-008, 1.81500343643e-008, 2.12022523982e-008, 2.45565701107e-008, 2.28950245429e-008, 4.90818905519e-008, 4.55071251793e-008, 1.34026663545e-007, 1.65439175248e-007, 3.64848773415e-007, 1.8104626065e-007, 4.47135235504e-008, 7.60508900299e-009, 3.04512720595e-010, 6.98619079254e-011, 3.68060304456e-011, 7.72426691836e-014, 2.22631877517e-018, 5.93335684032e-021]
    mfcc:
        mean: [-697.890075684, 85.3121643066, -38.2936019897, 74.7701416016, -9.84459972382, -5.4483332634, -0.515262424946, -0.338662147522, -1.5204282999, -6.09674549103, -4.66306400299, -8.36886692047, -7.10711765289]
        cov: [[2972.16088867, -188.595092773, -441.319061279, -181.692565918, -252.833389282, -0.741383194923, -86.7438049316, -15.3854169846, -13.4943351746, -48.2091445923, 34.7976989746, -2.61766195297, -29.870967865], [-188.595092773, 614.979309082, -47.9921302795, 35.1860656738, 30.9734992981, -47.774887085, -18.5864944458, -8.3002910614, -29.6702060699, -13.0095834732, 7.61199092865, 0.95946341753, 14.3961811066], [-441.319061279, -47.9921302795, 387.735626221, 43.745891571, 46.8923110962, 20.7496509552, 6.54877948761, 35.5105934143, 12.1753997803, 16.970872879, -5.89459896088, -6.90449714661, 0.490030109882], [-181.692565918, 35.1860656738, 43.745891571, 243.520126343, 37.1495437622, 16.836183548, 1.70908153057, -10.3232316971, 32.3369636536, 12.7375764847, -19.763212204, -11.4956569672, 6.46527290344], [-252.833389282, 30.9734992981, 46.8923110962, 37.1495437622, 228.990142822, 36.7025337219, -0.955308377743, -26.502450943, -5.94750785828, 22.2637481689, 9.95300006866, -15.1237154007, -4.67028188705], [-0.741383194923, -47.774887085, 20.7496509552, 16.836183548, 36.7025337219, 128.926803589, 26.9514884949, 15.9360074997, 5.64093494415, 4.38796472549, 12.9455318451, -3.93221616745, -9.36734771729], [-86.7438049316, -18.5864944458, 6.54877948761, 1.70908153057, -0.955308377743, 26.9514884949, 123.034240723, 61.4380722046, 11.9910335541, -9.21652317047, -8.11400127411, 9.44474887848, -0.187802448869], [-15.3854169846, -8.3002910614, 35.5105934143, -10.3232316971, -26.502450943, 15.9360074997, 61.4380722046, 124.99596405, 36.3279457092, -2.3608314991, -7.56866979599, -0.816194832325, -3.35560035706], [-13.4943351746, -29.6702060699, 12.1753997803, 32.3369636536, -5.94750785828, 5.64093494415, 11.9910335541, 36.3279457092, 85.6272964478, 25.4748859406, -2.35353255272, -9.02339172363, -4.76532030106], [-48.2091445923, -13.0095834732, 16.970872879, 12.7375764847, 22.2637481689, 4.38796472549, -9.21652317047, -2.3608314991, 25.4748859406, 74.3266525269, 26.0288982391, 3.84954738617, -8.56380558014], [34.7976989746, 7.61199092865, -5.89459896088, -19.763212204, 9.95300006866, 12.9455318451, -8.11400127411, -7.56866979599, -2.35353255272, 26.0288982391, 74.6626434326, 25.0843086243, -0.479496926069], [-2.61766195297, 0.95946341753, -6.90449714661, -11.4956569672, -15.1237154007, -3.93221616745, 9.44474887848, -0.816194832325, -9.02339172363, 3.84954738617, 25.0843086243, 65.1929855347, 25.832321167], [-29.870967865, 14.3961811066, 0.490030109882, 6.46527290344, -4.67028188705, -9.36734771729, -0.187802448869, -3.35560035706, -4.76532030106, -8.56380558014, -0.479496926069, 25.832321167, 60.3399581909]]
        icov: [[0.000488814548589, 0.00016325188335, 0.000517872802448, 0.000156192443683, 0.000397010531742, -0.000192629595404, 0.000470343249617, -0.000192386170966, -3.63996741726e-006, 0.000256484170677, -0.000288365292363, 0.000147680402733, 0.00014428216673], [0.00016325188335, 0.00187516375445, 0.000465520861326, -0.000435316091171, -0.000263037189143, 0.000755675078835, 0.000417930452386, -0.000657871481963, 0.000814627681393, 0.000376390526071, -0.000683775870129, 0.000337471312378, -0.000294191093417], [0.000517872802448, 0.000465520861326, 0.00343803013675, -0.000364052946679, -0.000205058808206, -0.000297937891446, 0.00101375102531, -0.0015849492047, 0.000550829514395, -0.000355055235559, -1.97941626539e-005, 0.000223460010602, -9.34333584155e-005], [0.000156192443683, -0.000435316091171, -0.000364052946679, 0.0050125895068, -0.000291213480523, -0.000891909818165, -0.000239699787926, 0.00142995384522, -0.00234907446429, -0.000445423327619, 0.00160184456035, 0.000168666432728, -0.000743387499824], [0.000397010531742, -0.000263037189143, -0.000205058808206, -0.000291213480523, 0.00564674893394, -0.00159664009698, -0.000416878989199, 0.00141807924956, 0.000631074071862, -0.00139018869959, -0.00074800173752, 0.0018487200141, -0.000385954976082], [-0.000192629595404, 0.000755675078835, -0.000297937891446, -0.000891909818165, -0.00159664009698, 0.00944574642926, -0.00189632212278, -0.000780777307227, 0.000340343744028, 0.00069164542947, -0.00247843516991, 0.000882295658812, 0.00084343960043], [0.000470343249617, 0.000417930452386, 0.00101375102531, -0.000239699787926, -0.000416878989199, -0.00189632212278, 0.0123333372176, -0.00616679992527, 0.000531073950697, 0.00135884806514, 0.0013941678917, -0.00294736470096, 0.00102704484016], [-0.000192386170966, -0.000657871481963, -0.0015849492047, 0.00142995384522, 0.00141807924956, -0.000780777307227, -0.00616679992527, 0.0135930832475, -0.00553484726697, 0.000906376284547, 0.000452550884802, 0.00036436112714, 0.000185796510777], [-3.63996741726e-006, 0.000814627681393, 0.000550829514395, -0.00234907446429, 0.000631074071862, 0.000340343744028, 0.000531073950697, -0.00553484726697, 0.0171380527318, -0.00618248665705, 0.000556923623662, 0.0024639305193, -0.000727804086637], [0.000256484170677, 0.000376390526071, -0.000355055235559, -0.000445423327619, -0.00139018869959, 0.00069164542947, 0.00135884806514, 0.000906376284547, -0.00618248665705, 0.0191876422614, -0.00645899446681, -0.00120763247833, 0.00284282839857], [-0.000288365292363, -0.000683775870129, -1.97941626539e-005, 0.00160184456035, -0.00074800173752, -0.00247843516991, 0.0013941678917, 0.000452550884802, 0.000556923623662, -0.00645899446681, 0.0198237225413, -0.0083127701655, 0.00227938406169], [0.000147680402733, 0.000337471312378, 0.000223460010602, 0.000168666432728, 0.0018487200141, 0.000882295658812, -0.00294736470096, 0.00036436112714, 0.0024639305193, -0.00120763247833, -0.0083127701655, 0.0238815769553, -0.0100030228496], [0.00014428216673, -0.000294191093417, -9.34333584155e-005, -0.000743387499824, -0.000385954976082, 0.00084343960043, 0.00102704484016, 0.000185796510777, -0.000727804086637, 0.00284282839857, 0.00227938406169, -0.0100030228496, 0.0215559173375]]
    sccoeffs:
        dmean: [0.0500463619828, 0.0463777035475, 0.0356848575175, 0.0289802383631, 0.020589793101, 0.0190361682326]
        dmean2: [0.0824599191546, 0.0756715014577, 0.0585968084633, 0.0477807745337, 0.0339557528496, 0.0305574256927]
        dvar: [0.00168689945713, 0.00145137542859, 0.000792167906184, 0.000534929917194, 0.000287444097921, 0.00035179106635]
        dvar2: [0.0044933934696, 0.00374406576157, 0.00209190463647, 0.00140339077916, 0.000736226560548, 0.000823623733595]
        max: [-0.341256737709, -0.424811124802, -0.432243466377, -0.559401512146, -0.635354578495, -0.602321922779]
        mean: [-0.632022619247, -0.748933494091, -0.787198007107, -0.790757775307, -0.792225837708, -0.730481386185]
        median: [-0.635159492493, -0.760437071323, -0.799593687057, -0.798184990883, -0.795002698898, -0.724651217461]
        min: [-0.961634397507, -0.967647910118, -0.977885246277, -0.988104224205, -0.970129787922, -0.971558988094]
        var: [0.00501743890345, 0.00551827671006, 0.00412969850004, 0.00235432386398, 0.000902718282305, 0.00141535070725]
    scvalleys:
        dmean: [0.380714982748, 0.368545532227, 0.303782522678, 0.284559130669, 0.217866390944, 0.211034506559]
        dmean2: [0.622023046017, 0.601443648338, 0.486332386732, 0.447658240795, 0.327863305807, 0.296152502298]
        dvar: [0.124552749097, 0.136710554361, 0.0957848206162, 0.101001121104, 0.0913225784898, 0.0873773619533]
        dvar2: [0.279520094395, 0.297360122204, 0.185662612319, 0.186794102192, 0.140849515796, 0.141735300422]
        max: [-4.9396572113, -4.61520767212, -5.71373033524, -5.79432964325, -5.52367019653, -7.50666999817]
        mean: [-6.69310760498, -6.82018613815, -7.3212852478, -7.39728116989, -6.59956645966, -9.43595790863]
        median: [-6.61498355865, -6.76330900192, -7.22846031189, -7.30394649506, -6.40776443481, -9.29511642456]
        min: [-27.2530460358, -27.6620254517, -27.171875, -27.3389663696, -27.4593429565, -27.1906280518]
        var: [0.577755272388, 0.607296586037, 0.589899003506, 0.591288626194, 0.600434839725, 0.668162465096]

rhythm:
    beats_loudness:
        dmean: 0.00187072425615
        dmean2: 0.00314116291702
        dvar: 2.49677418651e-006
        dvar2: 6.46683611194e-006
        max: 0.0163686126471
        mean: 0.00605375226587
        median: 0.00594280380756
        min: 1.10076452984e-005
        var: 4.60066075902e-006
    bpm: 93.9736557007
    bpm_confidence: 0
    first_peak_bpm: 94
    first_peak_spread: 0.307692289352
    first_peak_weight: 0.690265476704
    onset_rate: 2.66352295876
    second_peak_bpm: 89
    second_peak_spread: 0
    second_peak_weight: 0.00294985249639
    beats_loudness_band_ratio:
        dmean: [0.109758481383, 0.106595426798, 0.0774886608124, 0.0435231626034, 0.0929724276066, 0.129150271416]
        dmean2: [0.184153228998, 0.188383504748, 0.138524025679, 0.0756238698959, 0.157033771276, 0.230155542493]
        dvar: [0.0115353539586, 0.00712124910206, 0.00902969855815, 0.00353745138273, 0.00583694083616, 0.0085185887292]
        dvar2: [0.0313389264047, 0.0239587388933, 0.0247290339321, 0.00949217192829, 0.0168997868896, 0.0276807714254]
        max: [0.753987550735, 0.605674743652, 0.529813051224, 0.483098804951, 0.539610505104, 0.776890158653]
        mean: [0.19469422102, 0.149874180555, 0.0853608250618, 0.0505785383284, 0.212077125907, 0.366630643606]
        median: [0.157721608877, 0.133215397596, 0.0461142398417, 0.0276697874069, 0.192150831223, 0.360600829124]
        min: [0.00161785434466, 0.00994585361332, 0.00572000676766, 0.00319573958404, 0.0152291869745, 0.0261364988983]
        var: [0.0177476890385, 0.0102793974802, 0.00880367960781, 0.00391112500802, 0.00921030063182, 0.0175700392574]
    beats_position: [0.673378646374, 1.34675729275, 1.99691605568, 2.6470746994, 3.28562355042, 3.92417216301, 4.55111122131, 5.18965959549, 5.8282084465, 6.46675729752, 7.10530614853, 7.75546455383, 8.39401340485, 9.03256225586, 9.65950107574, 10.2980499268, 10.9365987778, 11.5751476288, 12.2136955261, 12.8522443771, 13.4907932281, 14.1293420792, 14.7678909302, 15.4064397812, 16.0449886322, 16.6835365295, 17.3220863342, 17.9606342316, 18.5991840363, 19.2377319336, 19.8762817383, 20.5148296356, 21.153377533, 21.7919273376, 22.430475235, 23.0806350708, 23.7191829681, 24.3577327728, 24.9962806702, 25.6348285675, 26.2849884033, 26.9235363007, 27.5620861053, 28.1890239716, 28.8391838074, 29.4777317047, 30.1046714783, 30.7432193756, 31.3817672729, 32.0203170776, 32.6472549438, 33.2858047485, 33.9243545532, 34.5629005432, 35.2014503479, 35.8283882141, 36.4785499573, 37.1170959473, 37.755645752, 38.3825836182, 39.0327415466, 39.6596832275, 40.2982292175, 40.9367790222, 41.5869369507, 42.2254867554, 42.8640365601, 43.5141944885, 44.1411323547, 44.7680702209, 45.4066200256, 46.0451698303, 46.6953277588, 47.3338775635, 47.9724235535, 48.6109733582, 49.2495231628, 49.8880729675, 50.5266189575, 51.1651687622, 51.8153266907, 52.4538764954, 53.0808143616, 53.7193641663, 54.3579139709, 54.9964599609, 55.6350097656, 56.2735595703, 56.912109375, 57.550655365, 58.1892051697, 58.8161430359, 59.4430847168, 60.0816307068, 60.7201805115, 61.3703384399, 62.0204963684, 62.6590461731, 63.2975959778, 63.9361457825, 64.5746917725, 65.2132415771, 65.8517913818, 66.478729248, 67.1288909912, 67.7674331665, 68.4059829712, 69.0445327759, 69.6830825806, 70.3216323853, 70.9601821899, 71.5871200562, 72.2372741699, 72.8758239746, 73.5143737793, 74.152923584, 74.7914733887, 75.4300231934, 76.068572998, 76.6955108643, 77.345664978, 77.9842147827, 78.6227645874, 79.2613143921, 79.9114761353, 80.5500183105, 81.1769561768, 81.8039016724, 82.4540557861, 83.0809936523, 83.719543457, 84.3580932617, 85.0082550049, 85.6468048096, 86.2853469849, 86.9122848511, 87.5508346558, 88.1893844604, 88.8163223267, 89.4548721313, 90.093421936, 90.7435836792, 91.3821334839, 92.0206756592, 92.6708374023, 93.3209991455, 93.9595413208, 94.5980911255, 95.2250289917, 95.8519744873, 96.4905166626, 97.1290664673, 97.767616272, 98.4061660767, 99.0331039429, 99.683265686, 100.321815491, 100.948753357, 101.587303162, 102.214241028, 102.87600708, 103.514556885, 104.164710999, 104.803260803, 105.441810608, 106.068748474, 106.69568634, 107.345848083, 107.984397888, 108.622947693, 109.261497498, 109.900039673, 110.526985168, 111.153923035, 111.780860901, 112.431015015, 113.081176758, 113.719726563, 114.369888306, 115.020042419, 115.658592224, 116.297142029, 116.935691833, 117.574241638, 118.212783813, 118.839729309, 119.466667175, 120.10521698, 120.743759155, 121.38230896, 122.020858765, 122.659408569, 123.297958374, 123.936508179, 124.575057983, 125.225212097, 125.863761902, 126.513923645, 127.15246582, 127.779411316, 128.406341553, 129.044891357, 129.683441162, 130.333602905, 130.97215271, 131.610702515, 132.237640381, 132.876190186, 133.51473999, 134.153289795, 134.7918396, 135.441986084, 136.068939209, 136.707473755, 137.34602356, 137.984573364, 138.623123169, 139.261672974, 139.900222778, 140.527160645, 141.154098511, 141.792648315, 142.43119812, 143.081359863, 143.731521606, 144.370071411, 145.008621216, 145.647155762, 146.285705566, 146.924255371, 147.562805176, 148.20135498, 148.839904785, 149.47845459, 150.117004395, 150.767166138, 151.405715942, 152.044265747, 152.671203613, 153.309753418, 153.948303223, 154.598449707, 155.225387573, 155.852325439, 156.502487183, 157.141036987, 157.779586792, 158.418136597, 159.056686401, 159.695236206, 160.333786011, 160.983947754, 161.622497559, 162.261047363, 162.887985229, 163.526535034, 164.1534729, 164.780410767, 165.418960571, 166.069107056, 166.719268799, 167.357818604, 167.996368408, 168.634918213, 169.273468018, 169.912017822, 170.550567627, 171.189117432, 171.827667236, 172.454605103, 173.093154907, 173.743301392, 174.381851196, 175.020401001, 175.658950806, 176.29750061, 176.936050415, 177.562988281, 178.189926147, 178.840087891, 179.478637695, 180.1171875, 180.755737305, 181.394287109, 182.032836914, 182.671386719, 183.309921265, 183.948471069, 184.587020874, 185.21395874, 185.852508545, 186.49105835, 187.141220093, 187.779769897, 188.418319702, 189.056869507, 189.695419312, 190.333969116, 190.972518921, 191.611068726, 192.24961853, 192.888153076, 193.515090942, 194.153640747, 194.792190552, 195.430740356, 196.069290161, 196.707839966, 197.346389771, 197.984939575, 198.62348938, 199.250427246, 199.900588989, 200.539138794, 201.177688599, 201.804626465, 202.44317627, 203.081726074, 203.70866394, 204.347213745, 204.985748291, 205.635910034, 206.274459839, 206.913009644, 207.551559448, 208.190109253, 208.817047119, 209.455596924, 210.094146729, 210.732696533, 211.371246338, 212.009796143, 212.659957886, 213.298492432, 213.937042236, 214.575592041, 215.214141846, 215.85269165, 216.502853394, 217.141403198]
