
metadata:
    version:
        essentia: "2.1-beta2"
    audio_properties:
        analysis_sample_rate: 44100
        bitrate: 320
        channels: 2
        equal_loudness: 1
        length: 271.595092773
        replay_gain: -13.8942070007
        downmix: "mix"
    tags:
        album: "Saturate"
        artist: "Breaking Benjamin"
        comment: ""
        date: "2002"
        genre: "Metal Alternatif"
        title: "Phase"
        tracknumber: "9"

configuration:
    average_loudness:
        compute: 1
        frameSize: 88200
        hopSize: 44100
        silentFrames: "noise"
        windowType: "hann"
    general:
        analysisSampleRate: 44100
        endTime: 2000
        equalLoudness: 1
        nequalLoudness: 0
        shortSound: 0
        startTime: 0
    lowlevel:
        compute: 1
        frameSize: 2048
        hopSize: 1024
        zeroPadding: 0
        silentFrames: "noise"
        windowType: "blackmanharris62"
        mfccStats: ["mean", "cov", "icov"]
        stats: ["mean", "var", "median", "min", "max", "dmean", "dmean2", "dvar", "dvar2"]
    panning:
        compute: 0
        frameSize: 8192
        hopSize: 2048
        zeroPadding: 8192
        silentFrames: "noise"
        windowType: "hann"
        stats: ["copy"]
    rhythm:
        compute: 1
        maxTempo: 208
        minTempo: 40
        method: "degara"
        stats: ["mean", "var", "median", "min", "max", "dmean", "dmean2", "dvar", "dvar2"]
    segmentation:
        compute: 0
        cpw: 5
        inc1: 300
        inc2: 50
        minimumSegmentsLength: 10
        size1: 1000
        size2: 600
    sfx:
        compute: 1
        stats: ["mean", "var", "median", "min", "max", "dmean", "dmean2", "dvar", "dvar2"]
    svm:
        compute: 0
    tonal:
        compute: 1
        frameSize: 4096
        hopSize: 2048
        zeroPadding: 0
        silentFrames: "noise"
        windowType: "blackmanharris62"
        stats: ["mean", "var", "median", "min", "max", "dmean", "dmean2", "dvar", "dvar2"]

lowlevel:
    average_loudness: 0.757916092873
    barkbands_kurtosis:
        dmean: 2.09077191353
        dmean2: 3.1240234375
        dvar: 20.0799674988
        dvar2: 39.7772598267
        max: 94.0231933594
        mean: 2.03172779083
        median: -0.61516225338
        min: -1.95715212822
        var: 52.6408576965
    barkbands_skewness:
        dmean: 0.539621770382
        dmean2: 0.809046804905
        dvar: 0.357664227486
        dvar2: 0.73751950264
        max: 8.97956848145
        mean: 0.32757973671
        median: -0.170152753592
        min: -6.78773641586
        var: 2.79020905495
    barkbands_spread:
        dmean: 6.9782371521
        dmean2: 11.0819778442
        dvar: 52.588344574
        dvar2: 122.261039734
        max: 96.1580810547
        mean: 34.5523147583
        median: 37.2048339844
        min: 1.55203914642
        var: 248.333709717
    dissonance:
        dmean: 0.0117464549839
        dmean2: 0.0194783192128
        dvar: 0.000232906924793
        dvar2: 0.000624277454335
        max: 0.500000119209
        mean: 0.475106209517
        median: 0.486208766699
        min: 0.273444831371
        var: 0.000776428089011
    hfc:
        dmean: 2.66749882698
        dmean2: 4.4689822197
        dvar: 20.4670581818
        dvar2: 54.3851852417
        max: 56.9755744934
        mean: 8.90909671783
        median: 7.77212762833
        min: 1.14916443793e-016
        var: 68.5461425781
    pitch:
        dmean: 716.944152832
        dmean2: 1362.66662598
        dvar: 1534777.375
        dvar2: 3724478.5
        max: 4952.59179688
        mean: 2180.80419922
        median: 3380.71459961
        min: 50.6463127136
        var: 2997384.75
    pitch_instantaneous_confidence:
        dmean: 0.0831369385123
        dmean2: 0.135637491941
        dvar: 0.00527543295175
        dvar2: 0.0131487436593
        max: 0.9600263834
        mean: 0.428775548935
        median: 0.413594871759
        min: 0.0844206809998
        var: 0.0162970125675
    pitch_salience:
        dmean: 0.0661568269134
        dmean2: 0.105622693896
        dvar: 0.00430698413402
        dvar2: 0.0104096438736
        max: 0.946834683418
        mean: 0.611175298691
        median: 0.638161182404
        min: 0.0882316082716
        var: 0.0154825784266
    silence_rate_20dB:
        dmean: 0
        dmean2: 0
        dvar: 0
        dvar2: 0
        max: 1
        mean: 1
        median: 1
        min: 1
        var: 0
    silence_rate_30dB:
        dmean: 0
        dmean2: 0
        dvar: 0
        dvar2: 0
        max: 1
        mean: 1
        median: 1
        min: 1
        var: 0
    silence_rate_60dB:
        dmean: 0.0673677027225
        dmean2: 0.134746924043
        dvar: 0.0628237202764
        dvar2: 0.136430352926
        max: 1
        mean: 0.414173364639
        median: 0
        min: 0
        var: 0.242651343346
    spectral_centroid:
        dmean: 280.971740723
        dmean2: 438.408843994
        dvar: 94966.5703125
        dvar2: 220619.578125
        max: 10675.5771484
        mean: 1776.89892578
        median: 1985.86486816
        min: 103.728477478
        var: 905240.3125
    spectral_complexity:
        dmean: 3.1474738121
        dmean2: 5.04993152618
        dvar: 15.1695108414
        dvar2: 35.222114563
        max: 46
        mean: 14.1837921143
        median: 14
        min: 0
        var: 121.696327209
    spectral_crest:
        dmean: 2.02575969696
        dmean2: 3.29838871956
        dvar: 4.22505092621
        dvar2: 10.1953802109
        max: 25.6796741486
        mean: 8.09208011627
        median: 6.86119270325
        min: 2.65203809738
        var: 16.5958862305
    spectral_decrease:
        dmean: 2.62730143197e-010
        dmean2: 4.3278863826e-010
        dvar: 1.83019371545e-019
        dvar2: 4.75297359588e-019
        max: -1.80288841914e-028
        mean: -8.69769756218e-010
        median: -8.0818751691e-010
        min: -5.03951458342e-009
        var: 4.46418726644e-019
    spectral_energy:
        dmean: 0.00119993055705
        dmean2: 0.00198524375446
        dvar: 3.87416821468e-006
        dvar2: 1.0075161299e-005
        max: 0.0228753127158
        mean: 0.0040907850489
        median: 0.00378075893968
        min: 1.1103708228e-020
        var: 1.025317124e-005
    spectral_energyband_high:
        dmean: 0.00029199916753
        dmean2: 0.000496240507346
        dvar: 2.90347372811e-007
        dvar2: 7.83565553775e-007
        max: 0.00663429079577
        mean: 0.000717734510545
        median: 0.000529492506757
        min: 7.84107686314e-021
        var: 6.56862880533e-007
    spectral_energyband_low:
        dmean: 0.000292394688586
        dmean2: 0.000479786656797
        dvar: 1.98950530717e-007
        dvar2: 5.46860519535e-007
        max: 0.00528834667057
        mean: 0.00058108655503
        median: 0.000446541933343
        min: 1.02960086933e-022
        var: 3.16674942269e-007
    spectral_energyband_middle_high:
        dmean: 0.000532602716703
        dmean2: 0.000875917088706
        dvar: 6.030668942e-007
        dvar2: 1.5891739622e-006
        max: 0.00987962912768
        mean: 0.00182301166933
        median: 0.00153799145482
        min: 1.57564335759e-021
        var: 2.87776265395e-006
    spectral_energyband_middle_low:
        dmean: 0.00058262096718
        dmean2: 0.000943353283219
        dvar: 1.23559243548e-006
        dvar2: 3.20065464621e-006
        max: 0.0132866287604
        mean: 0.00117572303861
        median: 0.000825302209705
        min: 5.31920199366e-022
        var: 1.73003911641e-006
    spectral_flatness_db:
        dmean: 0.0179923400283
        dmean2: 0.0271802730858
        dvar: 0.000385141087463
        dvar2: 0.000807598349638
        max: 0.388765513897
        mean: 0.169236749411
        median: 0.157048240304
        min: 0.0374765135348
        var: 0.00200973055325
    spectral_flux:
        dmean: 0.00751089351252
        dmean2: 0.0114400843158
        dvar: 9.00419036043e-005
        dvar2: 0.000173402455403
        max: 0.114264197648
        mean: 0.0348769836128
        median: 0.0363134890795
        min: 1.0537413303e-010
        var: 0.000417376984842
    spectral_kurtosis:
        dmean: 1.51916325092
        dmean2: 2.4940404892
        dvar: 5.81576156616
        dvar2: 14.7218503952
        max: 38.2602653503
        mean: 3.83079147339
        median: 2.44247913361
        min: -1.27653253078
        var: 16.609457016
    spectral_rms:
        dmean: 0.000265758950263
        dmean2: 0.000425503647421
        dvar: 1.19291797773e-007
        dvar2: 3.00179152646e-007
        max: 0.00472412724048
        mean: 0.00179281446617
        median: 0.00192055862863
        min: 3.29133508642e-012
        var: 7.76818012582e-007
    spectral_rolloff:
        dmean: 384.437774658
        dmean2: 647.721191406
        dvar: 426262
        dvar2: 921910.125
        max: 18410.8886719
        mean: 3127.01855469
        median: 3789.84375
        min: 86.1328125
        var: 2430192.25
    spectral_skewness:
        dmean: 0.224877849221
        dmean2: 0.355618000031
        dvar: 0.0796708539128
        dvar2: 0.188414081931
        max: 4.70841693878
        mean: 1.19467556477
        median: 0.924779415131
        min: 0.0401175692677
        var: 0.519860208035
    spectral_spread:
        dmean: 521934.15625
        dmean2: 762218.5625
        dvar: 688980099072
        dvar2: 1.20842380902e+012
        max: 48504804
        mean: 4538265.5
        median: 4159849.5
        min: 1483077.625
        var: 2.56479644877e+012
    spectral_strongpeak:
        dmean: 0.459588050842
        dmean2: 0.805789232254
        dvar: 0.75682836771
        dvar2: 1.99806797504
        max: 9.82063579559
        mean: 0.576334476471
        median: 0.137912660837
        min: 7.07288047574e-011
        var: 1.0472728014
    zerocrossingrate:
        dmean: 0.00870983209461
        dmean2: 0.0102670146152
        dvar: 7.12980181561e-005
        dvar2: 8.53989986354e-005
        max: 0.4775390625
        mean: 0.0999081507325
        median: 0.11376953125
        min: 0.00390625
        var: 0.00201333034784
    barkbands:
        dmean: [3.93072269844e-007, 6.52857779642e-005, 0.000178778544068, 0.000179256297997, 0.00032110788743, 0.00012272298045, 6.23598316452e-005, 4.99687812408e-005, 5.8331672335e-005, 2.57418960246e-005, 1.38815976243e-005, 1.98501838895e-005, 3.34151518473e-005, 3.01010531985e-005, 4.31081170973e-005, 5.75243466301e-005, 0.000126931859995, 0.000132032044348, 0.000282388326013, 0.000233770915656, 0.000155131536303, 4.81545248476e-005, 5.35807839697e-006, 1.26139946133e-006, 7.04130741269e-007, 2.52568916892e-008, 3.01444841311e-010]
        dmean2: [6.45677801003e-007, 0.00011295418517, 0.000292901007924, 0.000293482502457, 0.000525245210156, 0.000212553422898, 0.000100585755717, 8.18565458758e-005, 9.1399779194e-005, 4.11966975662e-005, 2.32475704252e-005, 3.15649594995e-005, 5.3735300753e-005, 4.74224507343e-005, 7.00316377333e-005, 9.53029230004e-005, 0.000213804611121, 0.000221416034037, 0.000473209482152, 0.000398579490138, 0.000266877585091, 8.05016170489e-005, 8.5368847067e-006, 1.83645397556e-006, 1.0059560509e-006, 3.6268176018e-008, 4.92570761956e-010]
        dvar: [4.5971982731e-013, 1.9318326494e-008, 7.3088749275e-008, 7.09329910364e-008, 5.54783866846e-007, 9.24944174585e-008, 3.70962922602e-008, 2.88537673754e-008, 2.73391460581e-008, 4.24914237129e-009, 1.00847408202e-009, 2.42703923625e-009, 7.83180009734e-009, 6.6007777022e-009, 1.33122490809e-008, 1.08723225978e-008, 3.48033282194e-008, 3.76393600732e-008, 1.87082079606e-007, 1.44142461522e-007, 9.44133731196e-008, 8.44659009402e-009, 9.44018752058e-011, 1.172505322e-011, 4.54870169309e-012, 9.54569793842e-015, 3.26072788011e-019]
        dvar2: [1.16310466033e-012, 5.4501764879e-008, 1.98873024715e-007, 1.92775445385e-007, 1.42629585298e-006, 2.56399744103e-007, 9.01102197304e-008, 7.09113905373e-008, 6.17332958086e-008, 9.48271061674e-009, 2.65165733815e-009, 5.70204594652e-009, 2.03290575485e-008, 1.51707517659e-008, 3.36897620912e-008, 2.76566485269e-008, 9.57195709361e-008, 1.00938144953e-007, 5.09643484747e-007, 3.94337405396e-007, 2.58230215877e-007, 2.26768754885e-008, 2.23105187103e-010, 2.0861841768e-011, 8.7042473923e-012, 1.89745341292e-014, 7.08877861731e-019]
        max: [8.44221267471e-006, 0.00138567842077, 0.00381042039953, 0.00404367735609, 0.00870428886265, 0.00443068193272, 0.00610051956028, 0.00440877815709, 0.00441060960293, 0.00235003861599, 0.000685379316565, 0.00108890351839, 0.00196369318292, 0.00293586356565, 0.00299752852879, 0.00275964057073, 0.00341094215401, 0.00381257990375, 0.00792329013348, 0.00528469355777, 0.0040159332566, 0.00145410676487, 0.00021463810117, 0.000106904582935, 5.28211676283e-005, 3.95647339246e-006, 1.25480443813e-008]
        mean: [6.64683227569e-007, 8.24615781312e-005, 0.000316556077451, 0.000317563826684, 0.000431758468039, 0.000147245198605, 9.32953116717e-005, 6.41969745629e-005, 0.000108631407784, 4.33963432442e-005, 2.16346415982e-005, 3.55485681212e-005, 5.61244996788e-005, 5.26382063981e-005, 8.43579837237e-005, 0.000113424663141, 0.000272938370472, 0.000290127733024, 0.000616121978965, 0.000521946582012, 0.000293547462206, 0.000108541680675, 1.32496124934e-005, 3.18524030263e-006, 1.59548130796e-006, 4.47703492057e-008, 3.85858095475e-010]
        median: [4.05991499974e-007, 4.43335011369e-005, 0.000227135038585, 0.000213651015656, 0.000205694523174, 6.32210576441e-005, 2.40364588535e-005, 1.49353199959e-005, 3.3162854379e-005, 1.47621740325e-005, 9.14995052881e-006, 1.07488649519e-005, 1.14037884487e-005, 1.51939493662e-005, 3.21748266288e-005, 7.20055249985e-005, 0.000201839386136, 0.000220655943849, 0.000479211972561, 0.000385203427868, 0.000192844890989, 6.90800661687e-005, 7.30837018637e-006, 1.35941991175e-006, 5.63649223295e-007, 9.80930625616e-009, 9.66525470769e-011]
        min: [1.03775661824e-023, 4.07654127965e-023, 3.99744535212e-023, 2.05496561871e-023, 3.95033394778e-023, 2.19762290926e-023, 3.29723442662e-023, 1.36789213028e-022, 1.83302622945e-022, 1.13735201146e-022, 1.07096488556e-022, 6.10348498128e-023, 1.30845644667e-022, 9.37351853725e-023, 1.62841842983e-022, 1.51830745763e-022, 1.18169255766e-022, 2.71084237201e-022, 3.28878787203e-022, 3.05010607758e-022, 5.17125106778e-022, 5.4248008077e-022, 5.38127133673e-022, 8.95899308371e-022, 1.02780755499e-021, 1.5652763369e-021, 2.23911046742e-021]
        var: [6.60178129611e-013, 1.60841775454e-008, 1.12832061916e-007, 1.30325418013e-007, 5.89168621445e-007, 8.32678352936e-008, 1.0314142429e-007, 4.16340597553e-008, 8.62056026563e-008, 9.42278877147e-009, 1.70554259604e-009, 5.96914739859e-009, 1.72394276632e-008, 1.62759299371e-008, 3.82459752757e-008, 2.84333623313e-008, 9.51194110144e-008, 1.0043081744e-007, 4.76415891626e-007, 3.38862577109e-007, 1.40093760592e-007, 1.85962694133e-008, 3.14872683482e-010, 4.0775778587e-011, 1.46818147917e-011, 2.08901448792e-014, 7.66221227118e-019]
    frequency_bands:
        dmean: [3.93072269844e-007, 6.52857779642e-005, 0.000178778544068, 0.000179256297997, 0.00032110788743, 0.00012272298045, 6.23598316452e-005, 4.99687812408e-005, 5.8331672335e-005, 2.57418960246e-005, 1.38815976243e-005, 1.98501838895e-005, 3.34151518473e-005, 3.01010531985e-005, 4.31081170973e-005, 5.75243466301e-005, 0.000126931859995, 0.000132032044348, 0.000282388326013, 0.000233770915656, 0.000155131536303, 4.81545248476e-005, 5.35807839697e-006, 1.26139946133e-006, 7.04130741269e-007, 2.52568916892e-008, 3.01444841311e-010, 4.90085264038e-011]
        dmean2: [6.45677801003e-007, 0.00011295418517, 0.000292901007924, 0.000293482502457, 0.000525245210156, 0.000212553422898, 0.000100585755717, 8.18565458758e-005, 9.1399779194e-005, 4.11966975662e-005, 2.32475704252e-005, 3.15649594995e-005, 5.3735300753e-005, 4.74224507343e-005, 7.00316377333e-005, 9.53029230004e-005, 0.000213804611121, 0.000221416034037, 0.000473209482152, 0.000398579490138, 0.000266877585091, 8.05016170489e-005, 8.5368847067e-006, 1.83645397556e-006, 1.0059560509e-006, 3.6268176018e-008, 4.92570761956e-010, 9.14529840745e-011]
        dvar: [4.5971982731e-013, 1.9318326494e-008, 7.3088749275e-008, 7.09329910364e-008, 5.54783866846e-007, 9.24944174585e-008, 3.70962922602e-008, 2.88537673754e-008, 2.73391460581e-008, 4.24914237129e-009, 1.00847408202e-009, 2.42703923625e-009, 7.83180009734e-009, 6.6007777022e-009, 1.33122490809e-008, 1.08723225978e-008, 3.48033282194e-008, 3.76393600732e-008, 1.87082079606e-007, 1.44142461522e-007, 9.44133731196e-008, 8.44659009402e-009, 9.44018752058e-011, 1.172505322e-011, 4.54870169309e-012, 9.54569793842e-015, 3.26072788011e-019, 6.7777369935e-021]
        dvar2: [1.16310466033e-012, 5.4501764879e-008, 1.98873024715e-007, 1.92775445385e-007, 1.42629585298e-006, 2.56399744103e-007, 9.01102197304e-008, 7.09113905373e-008, 6.17332958086e-008, 9.48271061674e-009, 2.65165733815e-009, 5.70204594652e-009, 2.03290575485e-008, 1.51707517659e-008, 3.36897620912e-008, 2.76566485269e-008, 9.57195709361e-008, 1.00938144953e-007, 5.09643484747e-007, 3.94337405396e-007, 2.58230215877e-007, 2.26768754885e-008, 2.23105187103e-010, 2.0861841768e-011, 8.7042473923e-012, 1.89745341292e-014, 7.08877861731e-019, 2.1814885328e-020]
        max: [8.44221267471e-006, 0.00138567842077, 0.00381042039953, 0.00404367735609, 0.00870428886265, 0.00443068193272, 0.00610051956028, 0.00440877815709, 0.00441060960293, 0.00235003861599, 0.000685379316565, 0.00108890351839, 0.00196369318292, 0.00293586356565, 0.00299752852879, 0.00275964057073, 0.00341094215401, 0.00381257990375, 0.00792329013348, 0.00528469355777, 0.0040159332566, 0.00145410676487, 0.00021463810117, 0.000106904582935, 5.28211676283e-005, 3.95647339246e-006, 1.25480443813e-008, 1.01138009079e-009]
        mean: [6.64683227569e-007, 8.24615781312e-005, 0.000316556077451, 0.000317563826684, 0.000431758468039, 0.000147245198605, 9.32953116717e-005, 6.41969745629e-005, 0.000108631407784, 4.33963432442e-005, 2.16346415982e-005, 3.55485681212e-005, 5.61244996788e-005, 5.26382063981e-005, 8.43579837237e-005, 0.000113424663141, 0.000272938370472, 0.000290127733024, 0.000616121978965, 0.000521946582012, 0.000293547462206, 0.000108541680675, 1.32496124934e-005, 3.18524030263e-006, 1.59548130796e-006, 4.47703492057e-008, 3.85858095475e-010, 3.77004018282e-011]
        median: [4.05991499974e-007, 4.43335011369e-005, 0.000227135038585, 0.000213651015656, 0.000205694523174, 6.32210576441e-005, 2.40364588535e-005, 1.49353199959e-005, 3.3162854379e-005, 1.47621740325e-005, 9.14995052881e-006, 1.07488649519e-005, 1.14037884487e-005, 1.51939493662e-005, 3.21748266288e-005, 7.20055249985e-005, 0.000201839386136, 0.000220655943849, 0.000479211972561, 0.000385203427868, 0.000192844890989, 6.90800661687e-005, 7.30837018637e-006, 1.35941991175e-006, 5.63649223295e-007, 9.80930625616e-009, 9.66525470769e-011, 1.04460606831e-011]
        min: [1.03775661824e-023, 4.07654127965e-023, 3.99744535212e-023, 2.05496561871e-023, 3.95033394778e-023, 2.19762290926e-023, 3.29723442662e-023, 1.36789213028e-022, 1.83302622945e-022, 1.13735201146e-022, 1.07096488556e-022, 6.10348498128e-023, 1.30845644667e-022, 9.37351853725e-023, 1.62841842983e-022, 1.51830745763e-022, 1.18169255766e-022, 2.71084237201e-022, 3.28878787203e-022, 3.05010607758e-022, 5.17125106778e-022, 5.4248008077e-022, 5.38127133673e-022, 8.95899308371e-022, 1.02780755499e-021, 1.5652763369e-021, 2.23911046742e-021, 5.4548870791e-022]
        var: [6.60178129611e-013, 1.60841775454e-008, 1.12832061916e-007, 1.30325418013e-007, 5.89168621445e-007, 8.32678352936e-008, 1.0314142429e-007, 4.16340597553e-008, 8.62056026563e-008, 9.42278877147e-009, 1.70554259604e-009, 5.96914739859e-009, 1.72394276632e-008, 1.62759299371e-008, 3.82459752757e-008, 2.84333623313e-008, 9.51194110144e-008, 1.0043081744e-007, 4.76415891626e-007, 3.38862577109e-007, 1.40093760592e-007, 1.85962694133e-008, 3.14872683482e-010, 4.0775778587e-011, 1.46818147917e-011, 2.08901448792e-014, 7.66221227118e-019, 5.11275611027e-021]
    mfcc:
        mean: [-756.24798584, 92.953994751, -31.2475242615, 72.4013137817, -9.72296237946, -2.62803959846, 0.693919956684, -0.265904992819, 0.624162614346, -6.33072566986, -4.04450750351, -7.09682893753, -5.87255382538]
        cov: [[13217.6513672, -1431.01086426, -2289.74975586, 2155.14038086, -664.911071777, 817.620178223, -169.367355347, -36.1828842163, 48.2067298889, -61.0052452087, -29.519367218, -331.072662354, -432.145721436], [-1431.01086426, 1107.87487793, 170.460678101, -103.442504883, 157.651062012, -220.971084595, 50.2702522278, -36.8536872864, -61.1451911926, -41.6509437561, -21.7333602905, 11.7250394821, 47.2276649475], [-2289.74975586, 170.460678101, 810.760559082, -386.103973389, 157.526580811, -147.398239136, 24.0248432159, 10.9457731247, -8.99470329285, 26.0569782257, 7.39821052551, 81.037940979, 87.7819671631], [2155.14038086, -103.442504883, -386.103973389, 828.621704102, 24.7898521423, 161.437576294, 56.045841217, 16.3223419189, 75.7482528687, -10.4786720276, -22.1838340759, -92.3664855957, -74.3459625244], [-664.911071777, 157.651062012, 157.526580811, 24.7898521423, 272.376373291, -11.3015880585, 36.7617721558, -15.6285142899, 14.2885942459, 38.8347663879, 2.21384930611, -1.59560644627, 13.5810575485], [817.620178223, -220.971084595, -147.398239136, 161.437576294, -11.3015880585, 200.047958374, 29.3952674866, 29.0974349976, 27.22605896, 21.6523532867, 28.2834892273, -16.5355262756, -29.104631424], [-169.367355347, 50.2702522278, 24.0248432159, 56.045841217, 36.7617721558, 29.3952674866, 140.719268799, 66.5885467529, 25.7166957855, 4.06980371475, 9.86859893799, 9.46741580963, 2.87113237381], [-36.1828842163, -36.8536872864, 10.9457731247, 16.3223419189, -15.6285142899, 29.0974349976, 66.5885467529, 119.458106995, 47.4614982605, 16.008014679, 15.5130672455, 10.5621128082, 7.58004236221], [48.2067298889, -61.1451911926, -8.99470329285, 75.7482528687, 14.2885942459, 27.22605896, 25.7166957855, 47.4614982605, 104.721961975, 48.4695205688, 14.8098859787, -0.0628851205111, -3.60766458511], [-61.0052452087, -41.6509437561, 26.0569782257, -10.4786720276, 38.8347663879, 21.6523532867, 4.06980371475, 16.008014679, 48.4695205688, 100.951148987, 45.869720459, 13.6773481369, 0.799822747707], [-29.519367218, -21.7333602905, 7.39821052551, -22.1838340759, 2.21384930611, 28.2834892273, 9.86859893799, 15.5130672455, 14.8098859787, 45.869720459, 82.9975128174, 36.7897796631, 10.376367569], [-331.072662354, 11.7250394821, 81.037940979, -92.3664855957, -1.59560644627, -16.5355262756, 9.46741580963, 10.5621128082, -0.0628851205111, 13.6773481369, 36.7897796631, 77.1707687378, 43.6687049866], [-432.145721436, 47.2276649475, 87.7819671631, -74.3459625244, 13.5810575485, -29.104631424, 2.87113237381, 7.58004236221, -3.60766458511, 0.799822747707, 10.376367569, 43.6687049866, 77.1758575439]]
        icov: [[0.000321530416841, 0.00012807296298, 0.000387799722375, -0.000628285750281, 0.000439019408077, -0.000402740435675, 0.000457500864286, -0.000119754549814, 0.000536587205715, -0.000294796162052, 0.000154782508616, -0.000281266926322, 0.000607773079537], [0.00012807296298, 0.00147204473615, 0.000317259167787, -0.000307260314003, -0.000602009473369, 0.00157238787506, -0.000660573423374, 0.000129492225824, 0.00074846210191, 0.000336053344654, -0.00059833942214, 0.000366319669411, -0.000225073206821], [0.000387799722375, 0.000317259167787, 0.00264935824089, 2.50861521636e-005, -0.000781603797805, 0.000488468853291, 0.000173457388883, -0.000440125586465, 0.000438571587438, -0.000361343467375, 0.000563451612834, -0.00119803915732, -2.7040947316e-005], [-0.000628285750281, -0.000307260314003, 2.50861521636e-005, 0.00335957016796, -0.00143588054925, -0.000186295612366, -0.00158662325703, 0.00084518379299, -0.00280558178201, 0.00162532296963, -0.000363609462511, 0.00187398470007, -0.00112323963549], [0.000439019408077, -0.000602009473369, -0.000781603797805, -0.00143588054925, 0.00626009656116, -0.00149174791295, -0.000914002419449, 0.00186398252845, 0.000655519892462, -0.00319064059295, 0.00107707083225, 0.000806872441899, -1.8451402866e-005], [-0.000402740435675, 0.00157238787506, 0.000488468853291, -0.000186295612366, -0.00149174791295, 0.00978378299624, -0.00224442081526, -0.000764338823501, 0.000217895794776, 0.000239780871198, -0.00351730990224, 0.00149425514974, -0.000206569384318], [0.000457500864286, -0.000660573423374, 0.000173457388883, -0.00158662325703, -0.000914002419449, -0.00224442081526, 0.0123103195801, -0.00672950968146, 0.000882057705894, 0.000956218864303, 0.000383449107176, -0.00275953882374, 0.00229888525791], [-0.000119754549814, 0.000129492225824, -0.000440125586465, 0.00084518379299, 0.00186398252845, -0.000764338823501, -0.00672950968146, 0.0149160958827, -0.00594542734325, 0.000768051773775, -0.00114517193288, 0.0011696779402, -0.0020596976392], [0.000536587205715, 0.00074846210191, 0.000438571587438, -0.00280558178201, 0.000655519892462, 0.000217895794776, 0.000882057705894, -0.00594542734325, 0.0178643986583, -0.008739778772, 0.00251147383824, -0.00110833568033, 0.00107812543865], [-0.000294796162052, 0.000336053344654, -0.000361343467375, 0.00162532296963, -0.00319064059295, 0.000239780871198, 0.000956218864303, 0.000768051773775, -0.008739778772, 0.0196026321501, -0.00993185304105, 0.00182666222099, 0.000351317052264], [0.000154782508616, -0.00059833942214, 0.000563451612834, -0.000363609462511, 0.00107707083225, -0.00351730990224, 0.000383449107176, -0.00114517193288, 0.00251147383824, -0.00993185304105, 0.0229502525181, -0.0114524746314, 0.00243876106106], [-0.000281266926322, 0.000366319669411, -0.00119803915732, 0.00187398470007, 0.000806872441899, 0.00149425514974, -0.00275953882374, 0.0011696779402, -0.00110833568033, 0.00182666222099, -0.0114524746314, 0.0279635731131, -0.0125755434856], [0.000607773079537, -0.000225073206821, -2.7040947316e-005, -0.00112323963549, -1.8451402866e-005, -0.000206569384318, 0.00229888525791, -0.0020596976392, 0.00107812543865, 0.000351317052264, 0.00243876106106, -0.0125755434856, 0.0223237294704]]
    sccoeffs:
        dmean: [0.0512171462178, 0.0459080785513, 0.0334210023284, 0.0273077972233, 0.0202727541327, 0.0208302531391]
        dmean2: [0.0829692706466, 0.0752157345414, 0.0553982965648, 0.044810347259, 0.0331424213946, 0.0328884385526]
        dvar: [0.00191816268489, 0.00142687675543, 0.000733522116207, 0.000499835528899, 0.000296428130241, 0.000445154262707]
        dvar2: [0.00493743363768, 0.00372491590679, 0.00196989905089, 0.00126052112319, 0.000741277472116, 0.00102561549284]
        max: [-0.374860614538, -0.465037584305, -0.530535459518, -0.554074466228, -0.567195773125, -0.552342534065]
        mean: [-0.645335555077, -0.758265554905, -0.805879533291, -0.804833948612, -0.807145774364, -0.729422092438]
        median: [-0.646515011787, -0.768345057964, -0.812977910042, -0.812192857265, -0.804649949074, -0.705699443817]
        min: [-0.964788198471, -0.976562976837, -0.976455390453, -0.964783906937, -0.960575222969, -0.960987746716]
        var: [0.00488928845152, 0.005308305379, 0.00296920887195, 0.00274189119227, 0.00140717509203, 0.00471124472097]
    scvalleys:
        dmean: [0.376248657703, 0.419991761446, 0.335387408733, 0.322103351355, 0.317474722862, 0.295415282249]
        dmean2: [0.608178317547, 0.682500064373, 0.533446013927, 0.487412452698, 0.462472200394, 0.410727649927]
        dvar: [0.13620197773, 0.192825824022, 0.124228596687, 0.138401210308, 0.181555137038, 0.179920241237]
        dvar2: [0.314742743969, 0.447302997112, 0.265532821417, 0.273858189583, 0.363694012165, 0.371872752905]
        max: [-4.9612364769, -4.55184602737, -5.48945426941, -5.91185760498, -5.31392145157, -7.72582006454]
        mean: [-7.07389974594, -7.3398141861, -7.75278902054, -8.00931358337, -7.31157302856, -10.2303524017]
        median: [-6.6931552887, -7.08355474472, -7.48503398895, -7.54047775269, -6.51384449005, -9.67754459381]
        min: [-27.3448429108, -26.6501140594, -27.4613208771, -27.0425930023, -27.3639793396, -27.2269477844]
        var: [2.07217168808, 1.56161499023, 1.43942153454, 1.88163495064, 2.79295539856, 2.28814959526]

rhythm:
    beats_loudness:
        dmean: 0.00208827573806
        dmean2: 0.00390470982529
        dvar: 3.62906644114e-006
        dvar2: 1.15135944725e-005
        max: 0.0160985812545
        mean: 0.0049751829356
        median: 0.00518228765577
        min: 9.79904612314e-012
        var: 1.30290572997e-005
    bpm: 88.0406570435
    bpm_confidence: 0
    first_peak_bpm: 88
    first_peak_spread: 0.152542322874
    first_peak_weight: 0.585480093956
    onset_rate: 3.46103477478
    second_peak_bpm: 117
    second_peak_spread: 0.273584932089
    second_peak_weight: 0.180327862501
    beats_loudness_band_ratio:
        dmean: [0.173692464828, 0.179345756769, 0.0822344049811, 0.0259017720819, 0.069884814322, 0.116689883173]
        dmean2: [0.319977670908, 0.334302514791, 0.145931750536, 0.0473370850086, 0.124049082398, 0.214714303613]
        dvar: [0.0247260611504, 0.0189272705466, 0.013369994238, 0.00099084561225, 0.005673261825, 0.0128451576456]
        dvar2: [0.0620850920677, 0.0499654524028, 0.0358864441514, 0.00279142986983, 0.015556467697, 0.0424583479762]
        max: [0.944357812405, 0.89304703474, 0.904162108898, 0.237386524677, 0.6233907938, 0.899784326553]
        mean: [0.251644909382, 0.257618844509, 0.104859046638, 0.0356881767511, 0.152496919036, 0.291552573442]
        median: [0.215329915285, 0.21163713932, 0.0499778985977, 0.0246837921441, 0.145894989371, 0.314840435982]
        min: [0, 0, 0, 0, 0, 0]
        var: [0.0342605188489, 0.0471418611705, 0.0170740690082, 0.00111533142626, 0.0102636534721, 0.037673804909]
    beats_position: [0.487619042397, 0.986848056316, 1.48607707024, 1.99691605568, 2.50775504112, 3.01859402657, 3.52943301201, 4.04027223587, 4.55111122131, 5.06195020676, 5.5727891922, 6.08362817764, 6.59446716309, 7.10530614853, 7.60453510284, 8.10376358032, 8.6146030426, 9.12544155121, 9.63628101349, 10.1471195221, 10.6695690155, 11.1804075241, 11.7028570175, 12.2369155884, 12.7941951752, 13.3630838394, 13.8971424103, 14.4195919037, 14.9536504745, 15.4877090454, 16.0449886322, 16.602268219, 17.1363258362, 17.6471652985, 18.1580047607, 18.6688423157, 19.179681778, 19.7137413025, 20.2361907959, 20.758638382, 21.2578678131, 21.7570972443, 22.2679367065, 22.7787742615, 23.2780036926, 23.800453186, 24.3112926483, 24.8337402344, 25.3445796967, 25.8670291901, 26.3778686523, 26.8887062073, 27.3995456696, 27.9103851318, 28.4212245941, 28.932062149, 29.4429016113, 29.9537410736, 30.4645805359, 30.9754180908, 31.4862575531, 31.9970970154, 32.5079345703, 33.0303840637, 33.5528335571, 34.0868911743, 34.6093406677, 35.1434020996, 35.6890678406, 36.2231292725, 36.7339668274, 37.244808197, 37.755645752, 38.2664833069, 38.8005447388, 39.3229942322, 39.8454399109, 40.3562812805, 40.8671188354, 41.3779602051, 41.88879776, 42.3996353149, 42.9104766846, 43.4097061157, 43.9205436707, 44.4313812256, 44.953830719, 45.4646720886, 45.9755096436, 46.4863471985, 47.0087966919, 47.5312461853, 48.0420837402, 48.5529251099, 49.0637626648, 49.5746040344, 50.0854415894, 50.5962791443, 51.1071205139, 51.6063499451, 52.1055755615, 52.6164169312, 53.1272544861, 53.6380958557, 54.1489334106, 54.6597709656, 55.1706123352, 55.6814498901, 56.1922874451, 56.7031288147, 57.2255783081, 57.7480278015, 58.2588653564, 58.7697029114, 59.280544281, 59.7913818359, 60.3022193909, 60.8130607605, 61.3238983154, 61.8347396851, 62.34557724, 62.8680267334, 63.4020843506, 63.9477539063, 64.4934234619, 65.0274810791, 65.7240829468, 66.409072876, 67.0940551758, 67.779045105, 68.4524230957, 69.1374130249, 69.8224029541, 70.5073928833, 71.1923828125, 71.8657608032, 72.5507507324, 73.2357330322, 73.9091110229, 74.5941009521, 75.2790908813, 75.9524688721, 76.6374588013, 77.3224487305, 78.0074386597, 78.6924285889, 79.3658065796, 80.0391845703, 80.7357788086, 81.4323806763, 82.105758667, 82.7791366577, 83.4641265869, 84.1491165161, 84.8224945068, 85.4958724976, 86.1808624268, 86.865852356, 87.5508346558, 88.235824585, 88.9092025757, 89.5941925049, 90.2791824341, 90.9641723633, 91.637550354, 92.3225402832, 92.9959182739, 93.6692962646, 94.3542861938, 95.039276123, 95.7242584229, 96.4092483521, 97.0942382813, 97.7792282104, 98.4526062012, 99.1375961304, 99.8109741211, 100.49596405, 101.169342041, 101.85433197, 102.527709961, 103.21269989, 103.886077881, 104.582672119, 105.267662048, 105.952651978, 106.626029968, 107.311019897, 107.984397888, 108.669387817, 109.354377747, 110.027755737, 110.712738037, 111.397727966, 112.082717896, 112.756095886, 113.441085815, 114.126075745, 114.822669983, 115.496055603, 116.169433594, 116.854415894, 117.539405823, 118.212783813, 118.897773743, 119.582763672, 120.267753601, 120.941131592, 121.614509583, 122.299499512, 122.984489441, 123.66947937, 124.35446167, 125.039451599, 125.71282959, 126.386207581, 127.07119751, 127.756187439, 128.42956543, 129.10295105, 129.78793335, 130.472915649, 131.157913208, 131.842895508, 132.539505005, 133.212875366, 133.886260986, 134.582855225, 135.256240845, 135.917999268, 136.602996826, 137.287979126, 137.949752808, 138.623123169, 139.319732666, 140.016326904, 140.701309204, 141.386306763, 142.059677124, 142.756271362, 143.441268921, 144.126251221, 144.799636841, 145.473007202, 146.158004761, 146.842987061, 147.516372681, 148.20135498, 148.886352539, 149.5597229, 150.244720459, 150.929702759, 151.614685059, 152.299682617, 152.984664917, 153.669662476, 154.343032837, 155.016418457, 155.701400757, 156.386398315, 157.059768677, 157.744766235, 158.418136597, 159.103118896, 159.776504517, 160.449890137, 161.123260498, 161.819854736, 162.493240356, 163.166610718, 163.839996338, 164.536590576, 165.221588135, 165.906570435, 166.591567993, 167.276550293, 167.949935913, 168.634918213, 169.308303833, 169.993286133, 170.666656494, 171.351654053, 172.036636353, 172.710021973, 173.406616211, 174.09161377, 174.776596069, 175.461578369, 176.146575928, 176.819946289, 177.504943848, 178.189926147, 178.863311768, 179.559906006, 180.233291626, 180.906661987, 181.603256226, 182.276641846, 182.950012207, 183.635009766, 184.308380127, 184.993377686, 185.678359985, 186.363357544, 187.048339844, 187.721725464, 188.406707764, 189.091690063, 189.765075684, 190.450057983, 191.135055542, 191.820037842, 192.5050354, 193.1900177, 193.86340332, 194.559997559, 195.23336792, 195.90675354, 196.58013916, 197.26512146, 197.93850708, 198.600265503, 199.296859741, 199.993469238, 200.6668396, 201.34022522, 202.036819458, 202.710205078, 203.395187378, 204.05696106, 204.741943359, 205.426940918, 206.100311279, 206.773696899, 207.470291138, 208.166885376, 208.840270996, 209.536865234, 210.210250854, 210.883621216, 211.557006836, 212.230377197, 212.926986694, 213.611968994, 214.296951294, 214.970336914, 215.655319214, 216.340316772, 217.013687134, 217.710296631, 218.395278931, 219.08026123, 219.753646851, 220.427032471, 221.100402832, 221.773788452, 222.423934937, 223.062484741, 223.701034546, 224.351196289, 225.001358032, 225.663131714, 226.313278198, 226.963439941, 227.625213623, 228.275375366, 228.948745728, 229.633743286, 230.318725586, 231.003707886, 231.688705444, 232.362075806, 233.047073364, 233.732055664, 234.405441284, 235.090423584, 235.775421143, 236.448791504, 237.122177124, 237.795547485, 238.468933105, 239.165527344, 239.838912964, 240.512283325, 241.197280884, 241.882263184, 242.578857422, 243.26385498, 243.937225342, 244.6222229, 245.295593262, 245.968978882, 246.653961182, 247.33895874, 248.012329102, 248.685714722, 249.370697021, 250.05569458, 250.74067688, 251.42565918, 252.0990448, 252.7840271, 253.469024658, 254.154006958, 254.839004517, 255.512374878, 256.197357178, 256.882354736, 257.555725098, 258.229125977, 258.925720215, 259.622314453, 260.307312012, 260.980682373, 261.654052734, 262.339050293, 263.024017334, 263.709014893, 264.428833008, 265.148651123, 265.868469238, 266.565063477, 267.261688232, 267.958282471, 268.654876709, 269.363067627, 270.082885742, 270.802703857]
