
metadata:
    version:
        essentia: "2.1-beta2"
    audio_properties:
        analysis_sample_rate: 44100
        bitrate: 320
        channels: 2
        equal_loudness: 1
        length: 215.980407715
        replay_gain: -13.8605632782
        downmix: "mix"
    tags:
        album: "Saturate"
        artist: "Breaking Benjamin"
        comment: ""
        date: "2002"
        genre: "Metal Alternatif"
        title: "No Games"
        tracknumber: "10"

configuration:
    average_loudness:
        compute: 1
        frameSize: 88200
        hopSize: 44100
        silentFrames: "noise"
        windowType: "hann"
    general:
        analysisSampleRate: 44100
        endTime: 2000
        equalLoudness: 1
        nequalLoudness: 0
        shortSound: 0
        startTime: 0
    lowlevel:
        compute: 1
        frameSize: 2048
        hopSize: 1024
        zeroPadding: 0
        silentFrames: "noise"
        windowType: "blackmanharris62"
        mfccStats: ["mean", "cov", "icov"]
        stats: ["mean", "var", "median", "min", "max", "dmean", "dmean2", "dvar", "dvar2"]
    panning:
        compute: 0
        frameSize: 8192
        hopSize: 2048
        zeroPadding: 8192
        silentFrames: "noise"
        windowType: "hann"
        stats: ["copy"]
    rhythm:
        compute: 1
        maxTempo: 208
        minTempo: 40
        method: "degara"
        stats: ["mean", "var", "median", "min", "max", "dmean", "dmean2", "dvar", "dvar2"]
    segmentation:
        compute: 0
        cpw: 5
        inc1: 300
        inc2: 50
        minimumSegmentsLength: 10
        size1: 1000
        size2: 600
    sfx:
        compute: 1
        stats: ["mean", "var", "median", "min", "max", "dmean", "dmean2", "dvar", "dvar2"]
    svm:
        compute: 0
    tonal:
        compute: 1
        frameSize: 4096
        hopSize: 2048
        zeroPadding: 0
        silentFrames: "noise"
        windowType: "blackmanharris62"
        stats: ["mean", "var", "median", "min", "max", "dmean", "dmean2", "dvar", "dvar2"]

lowlevel:
    average_loudness: 0.937614798546
    barkbands_kurtosis:
        dmean: 1.52985811234
        dmean2: 2.28324198723
        dvar: 12.9876499176
        dvar2: 24.502374649
        max: 193.021102905
        mean: 2.47752857208
        median: -0.785863995552
        min: -1.89201414585
        var: 97.9385757446
    barkbands_skewness:
        dmean: 0.428379446268
        dmean2: 0.663744747639
        dvar: 0.257126480341
        dvar2: 0.597963094711
        max: 11.2827329636
        mean: 0.541403114796
        median: 0.0452453829348
        min: -2.40415024757
        var: 2.47703456879
    barkbands_spread:
        dmean: 5.69092798233
        dmean2: 9.04576873779
        dvar: 43.7030906677
        dvar2: 105.249305725
        max: 71.2625045776
        mean: 31.2274131775
        median: 33.2722053528
        min: 0.493989735842
        var: 198.461410522
    dissonance:
        dmean: 0.0109841255471
        dmean2: 0.0179200805724
        dvar: 0.000128400570247
        dvar2: 0.000322969659464
        max: 0.5
        mean: 0.472112327814
        median: 0.481045663357
        min: 0.248621508479
        var: 0.000801137066446
    hfc:
        dmean: 2.30849599838
        dmean2: 3.88980865479
        dvar: 12.681353569
        dvar2: 34.2758293152
        max: 41.7317428589
        mean: 9.15540409088
        median: 9.61638641357
        min: 1.15702887415e-016
        var: 47.4662055969
    pitch:
        dmean: 763.346923828
        dmean2: 1465.30322266
        dvar: 1675257.75
        dvar2: 4086887.5
        max: 4758.04638672
        mean: 1440.91699219
        median: 329.296966553
        min: 67.7306213379
        var: 2630010.75
    pitch_instantaneous_confidence:
        dmean: 0.0699904710054
        dmean2: 0.11480974406
        dvar: 0.00374491279945
        dvar2: 0.00968703161925
        max: 0.884813547134
        mean: 0.415304929018
        median: 0.3887783885
        min: 0.119986116886
        var: 0.0174480061978
    pitch_salience:
        dmean: 0.0534005463123
        dmean2: 0.087086610496
        dvar: 0.00252843322232
        dvar2: 0.00670572044328
        max: 0.950778484344
        mean: 0.611005961895
        median: 0.628004312515
        min: 0.149497240782
        var: 0.0107521070167
    silence_rate_20dB:
        dmean: 0
        dmean2: 0
        dvar: 0
        dvar2: 0
        max: 1
        mean: 1
        median: 1
        min: 1
        var: 0
    silence_rate_30dB:
        dmean: 0
        dmean2: 0
        dvar: 0
        dvar2: 0
        max: 1
        mean: 1
        median: 1
        min: 1
        var: 0
    silence_rate_60dB:
        dmean: 0.0397763922811
        dmean2: 0.0795613378286
        dvar: 0.0381965152919
        dvar2: 0.0904382169247
        max: 1
        mean: 0.247877031565
        median: 0
        min: 0
        var: 0.186418786645
    spectral_centroid:
        dmean: 244.192855835
        dmean2: 391.272644043
        dvar: 101610.0625
        dvar2: 234483.34375
        max: 10968.4130859
        mean: 1582.64160156
        median: 1759.06054688
        min: 145.075576782
        var: 741855.75
    spectral_complexity:
        dmean: 3.20124697685
        dmean2: 5.30566596985
        dvar: 13.3536224365
        dvar2: 33.670337677
        max: 47
        mean: 16.467912674
        median: 18
        min: 0
        var: 98.7449111938
    spectral_crest:
        dmean: 1.70251405239
        dmean2: 2.78610062599
        dvar: 2.86250042915
        dvar2: 7.50529241562
        max: 23.9937667847
        mean: 7.90303277969
        median: 6.76196575165
        min: 2.73625898361
        var: 13.0950746536
    spectral_decrease:
        dmean: 2.54982757131e-010
        dmean2: 4.17253842588e-010
        dvar: 1.12275887029e-019
        dvar2: 2.98156683108e-019
        max: 1.02644956646e-029
        mean: -1.15423337554e-009
        median: -1.18190557341e-009
        min: -4.4939394428e-009
        var: 3.7142526569e-019
    spectral_energy:
        dmean: 0.00113045796752
        dmean2: 0.00186010578182
        dvar: 2.29065358326e-006
        dvar2: 6.10871848039e-006
        max: 0.0196315795183
        mean: 0.00518676918
        median: 0.00536004500464
        min: 1.0455851325e-020
        var: 7.76356228016e-006
    spectral_energyband_high:
        dmean: 0.000223157796427
        dmean2: 0.000379375356715
        dvar: 1.25877903656e-007
        dvar2: 3.40516947972e-007
        max: 0.00486241886392
        mean: 0.000576287391596
        median: 0.00050434586592
        min: 7.43652011233e-021
        var: 3.1460612604e-007
    spectral_energyband_low:
        dmean: 0.000326365436194
        dmean2: 0.000545189075638
        dvar: 2.04552065952e-007
        dvar2: 5.61669878607e-007
        max: 0.00780144939199
        mean: 0.00068661570549
        median: 0.000503986666445
        min: 3.25681130057e-023
        var: 4.30332306678e-007
    spectral_energyband_middle_high:
        dmean: 0.000540434499271
        dmean2: 0.000894763448741
        dvar: 5.53239090095e-007
        dvar2: 1.47769424075e-006
        max: 0.0107793742791
        mean: 0.00214156438597
        median: 0.00208109966479
        min: 1.58315432315e-021
        var: 2.92499498755e-006
    spectral_energyband_middle_low:
        dmean: 0.000640745682176
        dmean2: 0.00101082806941
        dvar: 8.9501753564e-007
        dvar2: 2.32668071476e-006
        max: 0.0131041845307
        mean: 0.00202298676595
        median: 0.00150228966959
        min: 2.29047316309e-022
        var: 2.77325625575e-006
    spectral_flatness_db:
        dmean: 0.0149788325652
        dmean2: 0.0223698746413
        dvar: 0.000284748151898
        dvar2: 0.000544443377294
        max: 0.484293341637
        mean: 0.169622153044
        median: 0.149263337255
        min: 0.0520570613444
        var: 0.00367525918409
    spectral_flux:
        dmean: 0.00706962076947
        dmean2: 0.010882280767
        dvar: 6.96551433066e-005
        dvar2: 0.000133703739266
        max: 0.114693313837
        mean: 0.0371010452509
        median: 0.0386479720473
        min: 1.02253858159e-010
        var: 0.000344515312463
    spectral_kurtosis:
        dmean: 1.84132051468
        dmean2: 3.01562404633
        dvar: 20.0918941498
        dvar2: 46.3366317749
        max: 161.655227661
        mean: 5.04432153702
        median: 2.90234565735
        min: -1.17905509472
        var: 73.7163467407
    spectral_rms:
        dmean: 0.0002310086129
        dmean2: 0.000374616589397
        dvar: 7.205608199e-008
        dvar2: 1.88832530057e-007
        max: 0.00437638675794
        mean: 0.0021348320879
        median: 0.00228676898405
        min: 3.19387398473e-012
        var: 5.02748264353e-007
    spectral_rolloff:
        dmean: 358.058898926
        dmean2: 595.875366211
        dvar: 406081.5
        dvar2: 890973.5
        max: 18540.0878906
        mean: 2891.15112305
        median: 3531.4453125
        min: 150.732421875
        var: 2252192
    spectral_skewness:
        dmean: 0.22874905169
        dmean2: 0.367110937834
        dvar: 0.142315685749
        dvar2: 0.326826304197
        max: 10.6064825058
        mean: 1.41634130478
        median: 1.1489636898
        min: -0.0121191553771
        var: 0.755051136017
    spectral_spread:
        dmean: 445800.9375
        dmean2: 626544.25
        dvar: 668918480896
        dvar2: 1.07874228634e+012
        max: 41305048
        mean: 4513255.5
        median: 4270047
        min: 598764.625
        var: 2.81059210035e+012
    spectral_strongpeak:
        dmean: 0.417623817921
        dmean2: 0.724736452103
        dvar: 0.55517321825
        dvar2: 1.48605930805
        max: 7.28280258179
        mean: 0.665104866028
        median: 0.277076750994
        min: 0
        var: 0.728554308414
    zerocrossingrate:
        dmean: 0.00748710148036
        dmean2: 0.00897317193449
        dvar: 6.03475054959e-005
        dvar2: 6.99437805451e-005
        max: 0.4931640625
        mean: 0.090677075088
        median: 0.103515625
        min: 0.0048828125
        var: 0.00171232991852
    barkbands:
        dmean: [3.34638798449e-007, 6.84011174599e-005, 0.000210566111491, 0.000169740946149, 0.000371002592146, 0.000155495014042, 9.80758049991e-005, 7.29061066522e-005, 0.000129299267428, 2.79813302768e-005, 3.69660956494e-005, 3.510690658e-005, 5.55592632736e-005, 4.06186991313e-005, 6.01658539381e-005, 7.46839941712e-005, 0.000156231544679, 0.00015380269906, 0.000267183815595, 0.000200321490411, 0.000107595224108, 3.77311225748e-005, 4.0557729335e-006, 1.4923349454e-006, 7.95867663328e-007, 3.56451437256e-008, 6.62274290963e-010]
        dmean2: [5.4876034028e-007, 0.000122426543385, 0.000347869674442, 0.000280753651168, 0.000609594455454, 0.00024966840283, 0.000152640684973, 0.000114889728138, 0.000191185419681, 4.59483671875e-005, 5.87176618865e-005, 5.6258031691e-005, 8.75298501342e-005, 6.41311198706e-005, 9.65682047536e-005, 0.000121835662867, 0.000259747292148, 0.000259425549302, 0.000451504747616, 0.000341947481502, 0.000184472402907, 6.34150055703e-005, 6.54338191453e-006, 2.22731978283e-006, 1.17350839446e-006, 5.23529450902e-008, 1.02911601463e-009]
        dvar: [4.64575047269e-013, 2.44777584868e-008, 8.80790196334e-008, 4.83870721268e-008, 4.76182577813e-007, 1.1430681468e-007, 6.08412733527e-008, 4.55617374939e-008, 7.92172230035e-008, 4.72497596604e-009, 6.39868869001e-009, 6.29827212606e-009, 1.94935818598e-008, 1.05858868338e-008, 2.32599752792e-008, 2.07430819188e-008, 4.77166359758e-008, 4.58327455988e-008, 1.4178064589e-007, 9.10555115752e-008, 3.31978000645e-008, 3.3572060687e-009, 4.70146734044e-011, 2.22501513741e-011, 7.59964400437e-012, 1.44805533937e-014, 2.47361827457e-018]
        dvar2: [1.17667963047e-012, 6.99932272141e-008, 2.43143716716e-007, 1.26153608448e-007, 1.24473524465e-006, 2.90584409868e-007, 1.45100841564e-007, 1.1046709858e-007, 1.77253724587e-007, 1.24817134406e-008, 1.49824046503e-008, 1.52566332901e-008, 4.66923246734e-008, 2.4268976162e-008, 5.63110411633e-008, 5.06792900978e-008, 1.27745096279e-007, 1.23571183508e-007, 3.89209816376e-007, 2.44139272354e-007, 9.15191122886e-008, 8.98313334829e-009, 1.14208198454e-010, 4.27494081801e-011, 1.45273914426e-011, 3.26553427311e-014, 5.53595753471e-018]
        max: [5.76574666411e-006, 0.00138869485818, 0.00475614191964, 0.0038065710105, 0.0107320584357, 0.00634123664349, 0.00627842266113, 0.00514037907124, 0.00552720529959, 0.00227593048476, 0.00186994089745, 0.00214193458669, 0.00285776820965, 0.00268343137577, 0.00416716653854, 0.00414136750624, 0.00323630077764, 0.00347871496342, 0.0050521241501, 0.0045397435315, 0.00240172911435, 0.000862314889673, 0.000146822829265, 0.000129969543195, 8.1262398453e-005, 3.37999222211e-006, 3.73404773768e-008]
        mean: [4.43290417707e-007, 8.14807062852e-005, 0.000393058027839, 0.000341398408636, 0.000693247071467, 0.000269531534286, 0.000226080039283, 0.000130976506625, 0.000344163185218, 4.90718884976e-005, 6.7888169724e-005, 5.89558221691e-005, 0.000103282756754, 7.21416290617e-005, 0.000113765861897, 0.000162378099049, 0.000359206926078, 0.000327353423927, 0.000616451899987, 0.000453234621091, 0.000215881504118, 9.14739794098e-005, 9.77570198302e-006, 3.72671979676e-006, 1.7405741346e-006, 6.3700440478e-008, 8.72682703879e-010]
        median: [1.64567865113e-007, 3.88608059438e-005, 0.000265824201051, 0.000228435863391, 0.000390781904571, 0.000155449743033, 6.28930501989e-005, 3.73522598238e-005, 8.08452314232e-005, 2.90712760034e-005, 3.05399807985e-005, 2.36450141529e-005, 2.66909846687e-005, 2.44785096584e-005, 4.63552132715e-005, 0.000106620951556, 0.000280970270978, 0.000260928733042, 0.000556432874873, 0.000372775219148, 0.000179178983672, 7.5323456258e-005, 7.27763563191e-006, 2.24739392252e-006, 9.08737945338e-007, 1.94808862375e-008, 2.15509138313e-010]
        min: [1.77116785934e-023, 9.58332366806e-024, 1.32590147451e-023, 1.60105079399e-024, 3.6345649181e-023, 3.99534729766e-023, 6.91759132873e-023, 2.39102919957e-023, 3.29365331366e-023, 1.0525355802e-022, 5.47582306887e-023, 4.73436923307e-023, 6.81061989672e-023, 4.7661237244e-023, 8.49022467079e-023, 1.14389993563e-022, 1.90400048686e-022, 2.42508161117e-022, 2.74083852394e-022, 3.15490467111e-022, 3.89555544652e-022, 4.39538352208e-022, 5.47976257712e-022, 8.49081006869e-022, 1.23769019611e-021, 1.58728820673e-021, 2.21746119593e-021]
        var: [5.33035367147e-013, 1.82463946174e-008, 1.76434539867e-007, 1.35472461693e-007, 9.77835838967e-007, 1.55774145583e-007, 2.66203812771e-007, 8.32384685623e-008, 4.833596563e-007, 7.23404758318e-009, 1.50361820772e-008, 1.15288854019e-008, 5.14969755727e-008, 2.49936338292e-008, 6.01541358947e-008, 6.17944024839e-008, 1.35478614993e-007, 1.08682570499e-007, 3.26595767319e-007, 2.16956919985e-007, 5.14128508655e-008, 9.1308658412e-009, 1.2865103427e-010, 5.59559933111e-011, 1.77942018759e-011, 2.81218512967e-014, 3.63125754184e-018]
    frequency_bands:
        dmean: [3.34638798449e-007, 6.84011174599e-005, 0.000210566111491, 0.000169740946149, 0.000371002592146, 0.000155495014042, 9.80758049991e-005, 7.29061066522e-005, 0.000129299267428, 2.79813302768e-005, 3.69660956494e-005, 3.510690658e-005, 5.55592632736e-005, 4.06186991313e-005, 6.01658539381e-005, 7.46839941712e-005, 0.000156231544679, 0.00015380269906, 0.000267183815595, 0.000200321490411, 0.000107595224108, 3.77311225748e-005, 4.0557729335e-006, 1.4923349454e-006, 7.95867663328e-007, 3.56451437256e-008, 6.62274290963e-010, 6.1011473651e-011]
        dmean2: [5.4876034028e-007, 0.000122426543385, 0.000347869674442, 0.000280753651168, 0.000609594455454, 0.00024966840283, 0.000152640684973, 0.000114889728138, 0.000191185419681, 4.59483671875e-005, 5.87176618865e-005, 5.6258031691e-005, 8.75298501342e-005, 6.41311198706e-005, 9.65682047536e-005, 0.000121835662867, 0.000259747292148, 0.000259425549302, 0.000451504747616, 0.000341947481502, 0.000184472402907, 6.34150055703e-005, 6.54338191453e-006, 2.22731978283e-006, 1.17350839446e-006, 5.23529450902e-008, 1.02911601463e-009, 1.13434477089e-010]
        dvar: [4.64575047269e-013, 2.44777584868e-008, 8.80790196334e-008, 4.83870721268e-008, 4.76182577813e-007, 1.1430681468e-007, 6.08412733527e-008, 4.55617374939e-008, 7.92172230035e-008, 4.72497596604e-009, 6.39868869001e-009, 6.29827212606e-009, 1.94935818598e-008, 1.05858868338e-008, 2.32599752792e-008, 2.07430819188e-008, 4.77166359758e-008, 4.58327455988e-008, 1.4178064589e-007, 9.10555115752e-008, 3.31978000645e-008, 3.3572060687e-009, 4.70146734044e-011, 2.22501513741e-011, 7.59964400437e-012, 1.44805533937e-014, 2.47361827457e-018, 7.15859631224e-021]
        dvar2: [1.17667963047e-012, 6.99932272141e-008, 2.43143716716e-007, 1.26153608448e-007, 1.24473524465e-006, 2.90584409868e-007, 1.45100841564e-007, 1.1046709858e-007, 1.77253724587e-007, 1.24817134406e-008, 1.49824046503e-008, 1.52566332901e-008, 4.66923246734e-008, 2.4268976162e-008, 5.63110411633e-008, 5.06792900978e-008, 1.27745096279e-007, 1.23571183508e-007, 3.89209816376e-007, 2.44139272354e-007, 9.15191122886e-008, 8.98313334829e-009, 1.14208198454e-010, 4.27494081801e-011, 1.45273914426e-011, 3.26553427311e-014, 5.53595753471e-018, 2.27760191166e-020]
        max: [5.76574666411e-006, 0.00138869485818, 0.00475614191964, 0.0038065710105, 0.0107320584357, 0.00634123664349, 0.00627842266113, 0.00514037907124, 0.00552720529959, 0.00227593048476, 0.00186994089745, 0.00214193458669, 0.00285776820965, 0.00268343137577, 0.00416716653854, 0.00414136750624, 0.00323630077764, 0.00347871496342, 0.0050521241501, 0.0045397435315, 0.00240172911435, 0.000862314889673, 0.000146822829265, 0.000129969543195, 8.1262398453e-005, 3.37999222211e-006, 3.73404773768e-008, 1.01589336943e-009]
        mean: [4.43290417707e-007, 8.14807062852e-005, 0.000393058027839, 0.000341398408636, 0.000693247071467, 0.000269531534286, 0.000226080039283, 0.000130976506625, 0.000344163185218, 4.90718884976e-005, 6.7888169724e-005, 5.89558221691e-005, 0.000103282756754, 7.21416290617e-005, 0.000113765861897, 0.000162378099049, 0.000359206926078, 0.000327353423927, 0.000616451899987, 0.000453234621091, 0.000215881504118, 9.14739794098e-005, 9.77570198302e-006, 3.72671979676e-006, 1.7405741346e-006, 6.3700440478e-008, 8.72682703879e-010, 4.72109747129e-011]
        median: [1.64567865113e-007, 3.88608059438e-005, 0.000265824201051, 0.000228435863391, 0.000390781904571, 0.000155449743033, 6.28930501989e-005, 3.73522598238e-005, 8.08452314232e-005, 2.90712760034e-005, 3.05399807985e-005, 2.36450141529e-005, 2.66909846687e-005, 2.44785096584e-005, 4.63552132715e-005, 0.000106620951556, 0.000280970270978, 0.000260928733042, 0.000556432874873, 0.000372775219148, 0.000179178983672, 7.5323456258e-005, 7.27763563191e-006, 2.24739392252e-006, 9.08737945338e-007, 1.94808862375e-008, 2.15509138313e-010, 1.76581249622e-011]
        min: [1.77116785934e-023, 9.58332366806e-024, 1.32590147451e-023, 1.60105079399e-024, 3.6345649181e-023, 3.99534729766e-023, 6.91759132873e-023, 2.39102919957e-023, 3.29365331366e-023, 1.0525355802e-022, 5.47582306887e-023, 4.73436923307e-023, 6.81061989672e-023, 4.7661237244e-023, 8.49022467079e-023, 1.14389993563e-022, 1.90400048686e-022, 2.42508161117e-022, 2.74083852394e-022, 3.15490467111e-022, 3.89555544652e-022, 4.39538352208e-022, 5.47976257712e-022, 8.49081006869e-022, 1.23769019611e-021, 1.58728820673e-021, 2.21746119593e-021, 7.52564316877e-022]
        var: [5.33035367147e-013, 1.82463946174e-008, 1.76434539867e-007, 1.35472461693e-007, 9.77835838967e-007, 1.55774145583e-007, 2.66203812771e-007, 8.32384685623e-008, 4.833596563e-007, 7.23404758318e-009, 1.50361820772e-008, 1.15288854019e-008, 5.14969755727e-008, 2.49936338292e-008, 6.01541358947e-008, 6.17944024839e-008, 1.35478614993e-007, 1.08682570499e-007, 3.26595767319e-007, 2.16956919985e-007, 5.14128508655e-008, 9.1308658412e-009, 1.2865103427e-010, 5.59559933111e-011, 1.77942018759e-011, 2.81218512967e-014, 3.63125754184e-018, 5.72527769931e-021]
    mfcc:
        mean: [-723.289855957, 104.417915344, -35.2484092712, 66.8216629028, -11.2646160126, -4.9791097641, -2.63008308411, -3.10437393188, -2.76620554924, -10.2061052322, -4.99969959259, -6.99720954895, -7.88538122177]
        cov: [[8963.75976563, -905.185668945, -1911.64953613, 740.004760742, -757.116699219, 129.340148926, -103.362449646, 86.8853225708, 222.873703003, 156.93939209, 117.402816772, 17.560174942, -10.1552343369], [-905.185668945, 1418.59777832, 175.47265625, -0.992836117744, 125.800567627, -180.562286377, 1.72914028168, -38.1885414124, -56.7474861145, -94.407333374, -3.73518514633, -2.08211493492, -17.7926979065], [-1911.64953613, 175.47265625, 790.600341797, -133.221557617, 170.050582886, -42.0361747742, 13.587682724, -49.2377357483, -96.4568710327, -59.821105957, -44.5436172485, 0.108448415995, 0.334167450666], [740.004760742, -0.992836117744, -133.221557617, 278.672851563, -39.5915489197, 11.7334423065, 1.06535828114, 4.25548791885, 42.288394928, 13.0985946655, -7.92860221863, -18.9367046356, -2.10146951675], [-757.116699219, 125.800567627, 170.050582886, -39.5915489197, 226.057403564, 18.6549339294, 15.6105775833, -15.3692951202, -20.2845439911, -13.3230924606, -25.862197876, -9.95624160767, -5.71095466614], [129.340148926, -180.562286377, -42.0361747742, 11.7334423065, 18.6549339294, 137.492767334, 37.2329483032, 13.8182706833, 10.5934371948, 10.6473464966, -0.98606133461, 2.64409995079, 5.7156791687], [-103.362449646, 1.72914028168, 13.587682724, 1.06535828114, 15.6105775833, 37.2329483032, 113.14175415, 39.4944190979, 0.87636089325, -8.87945175171, 7.72656774521, 12.6242609024, -0.391079097986], [86.8853225708, -38.1885414124, -49.2377357483, 4.25548791885, -15.3692951202, 13.8182706833, 39.4944190979, 86.8376846313, 42.6846351624, 16.2288074493, 12.8123321533, 4.55855894089, 1.56577241421], [222.873703003, -56.7474861145, -96.4568710327, 42.288394928, -20.2845439911, 10.5934371948, 0.87636089325, 42.6846351624, 107.894248962, 51.4363098145, 5.96485042572, -0.145366892219, 2.90130400658], [156.93939209, -94.407333374, -59.821105957, 13.0985946655, -13.3230924606, 10.6473464966, -8.87945175171, 16.2288074493, 51.4363098145, 93.2991333008, 33.7978477478, 4.8629784584, -7.38015270233], [117.402816772, -3.73518514633, -44.5436172485, -7.92860221863, -25.862197876, -0.98606133461, 7.72656774521, 12.8123321533, 5.96485042572, 33.7978477478, 82.8653030396, 30.426486969, -6.91330337524], [17.560174942, -2.08211493492, 0.108448415995, -18.9367046356, -9.95624160767, 2.64409995079, 12.6242609024, 4.55855894089, -0.145366892219, 4.8629784584, 30.426486969, 67.177734375, 22.6545391083], [-10.1552343369, -17.7926979065, 0.334167450666, -2.10146951675, -5.71095466614, 5.7156791687, -0.391079097986, 1.56577241421, 2.90130400658, -7.38015270233, -6.91330337524, 22.6545391083, 62.74061203]]
        icov: [[0.000349634385202, 8.96047495189e-005, 0.000622814288363, -0.000600800267421, 0.000558128464036, -0.000132611865411, 0.000259797612671, -4.08711312048e-005, 0.000243280839641, -9.60063698585e-006, 6.64628241793e-005, -0.000325784407323, 0.000236665495322], [8.96047495189e-005, 0.00104396499228, 0.00017374654999, -0.000336499098921, -0.000565240799915, 0.00141923280898, -0.000300933083054, 0.000270445132628, -0.000186142613529, 0.0010761867743, -0.000571545911953, -7.76428496465e-005, 0.000209255056689], [0.000622814288363, 0.00017374654999, 0.00292919226922, -0.000544399896171, -0.000140120639117, 0.000471985666081, 2.3439519282e-005, 0.000251650169957, 0.00142936129123, -4.89730555273e-005, 0.000843779998831, -0.000885207555257, 0.000395109294914], [-0.000600800267421, -0.000336499098921, -0.000544399896171, 0.00528696319088, -0.000416998780565, -0.000140729272971, -0.00102145504206, 0.00118217885029, -0.00209528603591, 0.00017344619846, 0.000210589292692, 0.00177437381353, -0.000573893077672], [0.000558128464036, -0.000565240799915, -0.000140120639117, -0.000416998780565, 0.00704167224467, -0.00222196592949, -8.42535882839e-005, 0.000561476335861, 0.000321571598761, -0.00111380417366, 0.00171905837487, -0.000154110704898, 0.000844852416776], [-0.000132611865411, 0.00141923280898, 0.000471985666081, -0.000140729272971, -0.00222196592949, 0.0106974178925, -0.00369171355851, 0.000713142857421, -0.00018954128609, -1.89683487406e-005, 1.74862561835e-005, 0.000236813517404, -0.000920858001336], [0.000259797612671, -0.000300933083054, 2.3439519282e-005, -0.00102145504206, -8.42535882839e-005, -0.00369171355851, 0.0131217073649, -0.00675984844565, 0.00183196063153, 0.00164889905136, -0.000403358979383, -0.00269091362134, 0.00153794989455], [-4.08711312048e-005, 0.000270445132628, 0.000251650169957, 0.00118217885029, 0.000561476335861, 0.000713142857421, -0.00675984844565, 0.0187101513147, -0.00790506508201, 0.00155632244423, -0.00249676732346, 0.00165834021755, -0.000739884970244], [0.000243280839641, -0.000186142613529, 0.00142936129123, -0.00209528603591, 0.000321571598761, -0.00018954128609, 0.00183196063153, -0.00790506508201, 0.0182010121644, -0.00935739371926, 0.00430968636647, -0.00137852726039, -0.000805698451586], [-9.60063698585e-006, 0.0010761867743, -4.89730555273e-005, 0.00017344619846, -0.00111380417366, -1.89683487406e-005, 0.00164889905136, 0.00155632244423, -0.00935739371926, 0.0197672732174, -0.00845738314092, 0.00137480720878, 0.0015110981185], [6.64628241793e-005, -0.000571545911953, 0.000843779998831, 0.000210589292692, 0.00171905837487, 1.74862561835e-005, -0.000403358979383, -0.00249676732346, 0.00430968636647, -0.00845738314092, 0.0204623155296, -0.00968310888857, 0.00462289713323], [-0.000325784407323, -7.76428496465e-005, -0.000885207555257, 0.00177437381353, -0.000154110704898, 0.000236813517404, -0.00269091362134, 0.00165834021755, -0.00137852726039, 0.00137480720878, -0.00968310888857, 0.0232665780932, -0.00934702344239], [0.000236665495322, 0.000209255056689, 0.000395109294914, -0.000573893077672, 0.000844852416776, -0.000920858001336, 0.00153794989455, -0.000739884970244, -0.000805698451586, 0.0015110981185, 0.00462289713323, -0.00934702344239, 0.0203032512218]]
    sccoeffs:
        dmean: [0.0491373687983, 0.0433651506901, 0.0336532406509, 0.0279691200703, 0.0202337298542, 0.0191599354148]
        dmean2: [0.0808568075299, 0.0710601136088, 0.0552507229149, 0.0457201525569, 0.0333599597216, 0.0308617819101]
        dvar: [0.00167966319714, 0.00136156834196, 0.000775235006586, 0.000520810252056, 0.000289157702355, 0.000464002019726]
        dvar2: [0.00458073290065, 0.00354602141306, 0.00207094056532, 0.00132566073444, 0.00072569551412, 0.00112477433868]
        max: [-0.251799821854, -0.469659954309, -0.475076943636, -0.571403801441, -0.614050924778, -0.590438246727]
        mean: [-0.609716236591, -0.731761038303, -0.77698713541, -0.779629230499, -0.789411962032, -0.73190933466]
        median: [-0.616306245327, -0.738504111767, -0.785706162453, -0.782909035683, -0.790421247482, -0.719359815121]
        min: [-0.961713671684, -0.972580492496, -0.976466059685, -0.96438652277, -0.965964138508, -0.963670372963]
        var: [0.00753787951544, 0.00516983307898, 0.0042215809226, 0.0027608727105, 0.0014328295365, 0.00280294660479]
    scvalleys:
        dmean: [0.370625287294, 0.319643169641, 0.283939003944, 0.258164197206, 0.25700879097, 0.229471847415]
        dmean2: [0.608456611633, 0.524933815002, 0.457332909107, 0.406209439039, 0.38948276639, 0.311481386423]
        dvar: [0.118470668793, 0.100989319384, 0.0799795538187, 0.0828488171101, 0.134952574968, 0.130692005157]
        dvar2: [0.266795575619, 0.219202488661, 0.164364039898, 0.159105181694, 0.263749450445, 0.223736733198]
        max: [-5.01302099228, -4.62654161453, -5.46969509125, -6.02003145218, -5.52349710464, -7.63509702682]
        mean: [-7.00099658966, -6.84984922409, -7.56600284576, -7.75092697144, -7.23405504227, -10.065372467]
        median: [-6.74925231934, -6.61492395401, -7.27501583099, -7.31407642365, -6.50165462494, -9.47692203522]
        min: [-27.685508728, -27.2659645081, -27.4837760925, -27.2379798889, -27.1508026123, -27.3401412964]
        var: [2.0226457119, 1.92178487778, 1.95400631428, 2.2260761261, 2.72515106201, 2.53379011154]

rhythm:
    beats_loudness:
        dmean: 0.00182589038741
        dmean2: 0.00306609738618
        dvar: 2.82315090772e-006
        dvar2: 8.23137270345e-006
        max: 0.0160507000983
        mean: 0.00560182100162
        median: 0.00592061970383
        min: 7.40801430615e-012
        var: 7.4253512139e-006
    bpm: 147.945404053
    bpm_confidence: 0
    first_peak_bpm: 148
    first_peak_spread: 0.265225946903
    first_peak_weight: 0.708333313465
    onset_rate: 2.78266000748
    second_peak_bpm: 140
    second_peak_spread: 0.300000011921
    second_peak_weight: 0.0132575761527
    beats_loudness_band_ratio:
        dmean: [0.120482966304, 0.114442884922, 0.093758508563, 0.0391225628555, 0.0873319730163, 0.0952768921852]
        dmean2: [0.201594218612, 0.197451531887, 0.164639145136, 0.0686822831631, 0.15301309526, 0.16602422297]
        dvar: [0.0131623838097, 0.010423113592, 0.0142160039395, 0.00217315740883, 0.0067823883146, 0.0066775130108]
        dvar2: [0.0363685935736, 0.0284557342529, 0.0406243428588, 0.0063435845077, 0.0181741956621, 0.0193183459342]
        max: [0.876301348209, 0.827746391296, 0.665495634079, 0.364250481129, 0.615929424763, 0.581941068172]
        mean: [0.233306616545, 0.207398220897, 0.126194819808, 0.0530825518072, 0.192999437451, 0.249153643847]
        median: [0.171366170049, 0.157639414072, 0.0650629624724, 0.0378998182714, 0.181027963758, 0.269040256739]
        min: [0, 0, 0, 0, 0, 0]
        var: [0.0325482711196, 0.0260954853147, 0.0184548459947, 0.00225872476585, 0.0132898474112, 0.0222907494754]
    beats_position: [0.417959183455, 0.824308395386, 1.23065757751, 1.63700675964, 2.04335594177, 2.4497051239, 2.85605430603, 3.26240348816, 3.66875267029, 4.07510185242, 4.48145103455, 4.88780021667, 5.2941493988, 5.70049858093, 6.10684776306, 6.51319694519, 6.91954612732, 7.32589578629, 7.73224496841, 8.12698364258, 8.52172279358, 8.92807197571, 9.33442115784, 9.75238037109, 10.1587295532, 10.5650787354, 10.95981884, 11.3661680222, 11.7725172043, 12.1788663864, 12.5852155685, 12.9799547195, 13.3863039017, 13.7926530838, 14.1990022659, 14.6053514481, 15.0117006302, 15.4180498123, 15.8243989944, 16.2307472229, 16.637096405, 17.0434455872, 17.4497947693, 17.8445339203, 18.2508831024, 18.6572322845, 19.0635814667, 19.4699325562, 19.8762817383, 20.2826309204, 20.6889801025, 21.0837192535, 21.5016784668, 21.9080276489, 22.3143768311, 22.7207260132, 23.1270751953, 23.5218143463, 23.9165534973, 24.3112926483, 24.7292518616, 25.1472110748, 25.553560257, 25.9599094391, 26.3662586212, 26.7726078033, 27.1673469543, 27.5736961365, 27.9916553497, 28.3980045319, 28.804353714, 29.2107028961, 29.6054420471, 30.0117912292, 30.4181404114, 30.8128795624, 31.2192287445, 31.6255779266, 32.0435371399, 32.4382743835, 32.8562355042, 33.2741928101, 33.6805419922, 34.0868911743, 34.4816322327, 34.8763694763, 35.2943305969, 35.7006797791, 36.0954170227, 36.5017662048, 36.8965072632, 37.3028564453, 37.7092056274, 38.1155548096, 38.5335159302, 38.9398651123, 39.334602356, 39.7293434143, 40.1356925964, 40.5420417786, 40.9483909607, 41.3547401428, 41.7726974487, 42.1906585693, 42.5970077515, 43.0033569336, 43.3980941772, 43.8044433594, 44.2107925415, 44.6171417236, 45.0234909058, 45.4298400879, 45.83618927, 46.2425384521, 46.6488876343, 47.0436286926, 47.4383659363, 47.8447151184, 48.2510643005, 48.6690254211, 49.0637626648, 49.4701118469, 49.8764610291, 50.2828102112, 50.6775512695, 51.0839004517, 51.5018577576, 51.8965988159, 52.302947998, 52.7092971802, 53.1040344238, 53.5219955444, 53.9283447266, 54.3346939087, 54.7294311523, 55.1473922729, 55.5537414551, 55.9600906372, 56.3780479431, 56.7843971252, 57.1907463074, 57.5970954895, 58.0034446716, 58.4097938538, 58.8161430359, 59.2108840942, 59.6172332764, 60.0235824585, 60.4299316406, 60.8362808228, 61.2426300049, 61.648979187, 62.0553283691, 62.4616775513, 62.8564147949, 63.2627639771, 63.6691131592, 64.0754623413, 64.4818115234, 64.8881607056, 65.2945098877, 65.7008590698, 66.107208252, 66.5019454956, 66.9082946777, 67.3146438599, 67.720993042, 68.1273422241, 68.5336914063, 68.9284362793, 69.3347854614, 69.7411346436, 70.1474838257, 70.5538330078, 70.9601821899, 71.3665313721, 71.7728805542, 72.1792297363, 72.5855789185, 72.9803161621, 73.3982772827, 73.8046264648, 74.210975647, 74.6173248291, 75.0236740112, 75.4300231934, 75.8363723755, 76.2311096191, 76.6374588013, 77.0438079834, 77.4501571655, 77.8448944092, 78.2512435913, 78.6575927734, 79.0639419556, 79.4586868286, 79.8766403198, 80.282989502, 80.6893386841, 81.0956878662, 81.5020370483, 81.9083862305, 82.3147354126, 82.7094802856, 83.1274337769, 83.533782959, 83.9401321411, 84.3348770142, 84.7412261963, 85.1475753784, 85.5655288696, 85.9718780518, 86.3782272339, 86.784576416, 87.1909255981, 87.5856704712, 87.9804077148, 88.3751449585, 88.7931060791, 89.1994552612, 89.6058044434, 90.0121536255, 90.4185028076, 90.8248519897, 91.2312011719, 91.637550354, 92.0438995361, 92.4386367798, 92.8449859619, 93.251335144, 93.6692962646, 94.0756454468, 94.4819946289, 94.888343811, 95.2946929932, 95.6894302368, 96.0841674805, 96.4905166626, 96.8968658447, 97.3032150269, 97.709564209, 98.1159133911, 98.5222625732, 98.9402236938, 99.346572876, 99.7529220581, 100.15927124, 100.565620422, 100.960357666, 101.366706848, 101.77305603, 102.179405212, 102.574150085, 102.980499268, 103.38684845, 103.793197632, 104.211151123, 104.605895996, 105.012245178, 105.41859436, 105.824943542, 106.231292725, 106.637641907, 107.055595398, 107.46194458, 107.868293762, 108.274642944, 108.669387817, 109.064125061, 109.470474243, 109.876823425, 110.271560669, 110.68952179, 111.095870972, 111.502220154, 111.908569336, 112.314918518, 112.709655762, 113.116004944, 113.522354126, 113.928703308, 114.33505249, 114.741401672, 115.147750854, 115.554100037, 115.960449219, 116.366798401, 116.773147583, 117.179496765, 117.585845947, 117.992195129, 118.398544312, 118.793289185, 119.199638367, 119.605987549, 120.012336731, 120.418685913, 120.825035095, 121.231384277, 121.637733459, 122.044082642, 122.450431824, 122.856781006, 123.263130188, 123.66947937, 124.087432861, 124.493782043, 124.900131226, 125.306480408, 125.71282959, 126.119178772, 126.525527954, 126.920272827, 127.326622009, 127.732971191, 128.139312744, 128.545669556, 128.952011108, 129.35836792, 129.753097534, 130.159454346, 130.565795898, 130.97215271, 131.378494263, 131.784851074, 132.191192627, 132.597549438, 133.003890991, 133.410247803, 133.804992676, 134.211334229, 134.606079102, 135.012420654, 135.418777466, 135.825119019, 136.23147583, 136.637817383, 137.044174194, 137.450515747, 137.868484497, 138.27482605, 138.681182861, 139.087524414, 139.482269287, 139.88861084, 140.30657959, 140.712921143, 141.119277954, 141.525619507, 141.931976318, 142.338317871, 142.733062744, 143.139404297, 143.545761108, 143.952102661, 144.358459473, 144.764801025, 145.171157837, 145.57749939, 145.983856201, 146.378585815, 146.784942627, 147.19128418, 147.597640991, 148.003982544, 148.410339355, 148.816680908, 149.211425781, 149.617782593, 150.024124146, 150.430480957, 150.83682251, 151.243179321, 151.649520874, 152.044265747, 152.462219238, 152.86857605, 153.274917603, 153.669662476, 154.076004028, 154.48236084, 154.888702393, 155.283447266, 155.689788818, 156.09614563, 156.502487183, 156.897232056, 157.291976929, 157.70993042, 158.116271973, 158.522628784, 158.928970337, 159.335327148, 159.741668701, 160.148025513, 160.542770386, 160.960723877, 161.36706543, 161.773422241, 162.179763794, 162.586120605, 162.992462158, 163.39881897, 163.793563843, 164.211517334, 164.617858887, 165.024215698, 165.442169189, 165.848526001, 166.254867554, 166.661224365, 167.067565918, 167.462310791, 167.857055664, 168.263397217, 168.669754028, 169.076095581, 169.470840454, 169.877182007, 170.283538818, 170.689880371, 171.096237183, 171.502578735, 171.908935547, 172.3152771, 172.721633911, 173.127975464, 173.522720337, 173.92906189, 174.335418701, 174.730148315, 175.148117065, 175.554458618, 175.96081543, 176.378768921, 176.773513794, 177.168243408, 177.562988281, 177.980941772, 178.398910522, 178.805252075, 179.211608887, 179.606338501, 180.012695313, 180.419036865, 180.825393677, 181.231735229, 181.638092041, 182.044433594, 182.439178467, 182.845535278, 183.251876831, 183.658233643, 184.064575195, 184.470932007, 184.87727356, 185.283630371, 185.689971924, 186.096328735, 186.502670288, 186.9090271, 187.315368652, 187.721725464, 188.128067017, 188.534423828, 188.940765381, 189.347122192, 189.753463745, 190.148208618, 190.554550171, 190.960906982, 191.367248535, 191.773605347, 192.179946899, 192.586303711, 192.992645264, 193.399002075, 193.793731689, 194.211700439, 194.606430054, 195.012786865, 195.419128418, 195.837097168, 196.231826782, 196.649795532, 197.056137085, 197.462493896, 197.868835449, 198.263580322, 198.658325195, 199.064666748, 199.482620239, 199.888977051, 200.295318604, 200.701675415, 201.108016968, 201.502761841, 201.909118652, 202.315460205, 202.721817017, 203.128158569, 203.546112061, 203.964080811, 204.382034302, 204.800003052, 205.229568481, 205.67074585, 206.111923218, 206.564712524, 207.017501831, 207.470291138, 207.911468506, 208.364257813, 208.817047119, 209.281448364, 209.769073486, 210.25668335, 210.744308472, 211.162261963, 211.580215454, 212.009796143, 212.439361572, 212.857315063, 213.275283813, 213.693237305, 214.122802734, 214.552383423, 214.981948853, 215.411514282]
