
metadata:
    version:
        essentia: "2.1-beta2"
    audio_properties:
        analysis_sample_rate: 44100
        bitrate: 320
        channels: 2
        equal_loudness: 1
        length: 218.801635742
        replay_gain: -13.7399539948
        downmix: "mix"
    tags:
        album: "Saturate"
        artist: "Breaking Benjamin"
        comment: ""
        date: "2002"
        genre: "Metal Alternatif"
        title: "Sugarcoat"
        tracknumber: "11"

configuration:
    average_loudness:
        compute: 1
        frameSize: 88200
        hopSize: 44100
        silentFrames: "noise"
        windowType: "hann"
    general:
        analysisSampleRate: 44100
        endTime: 2000
        equalLoudness: 1
        nequalLoudness: 0
        shortSound: 0
        startTime: 0
    lowlevel:
        compute: 1
        frameSize: 2048
        hopSize: 1024
        zeroPadding: 0
        silentFrames: "noise"
        windowType: "blackmanharris62"
        mfccStats: ["mean", "cov", "icov"]
        stats: ["mean", "var", "median", "min", "max", "dmean", "dmean2", "dvar", "dvar2"]
    panning:
        compute: 0
        frameSize: 8192
        hopSize: 2048
        zeroPadding: 8192
        silentFrames: "noise"
        windowType: "hann"
        stats: ["copy"]
    rhythm:
        compute: 1
        maxTempo: 208
        minTempo: 40
        method: "degara"
        stats: ["mean", "var", "median", "min", "max", "dmean", "dmean2", "dvar", "dvar2"]
    segmentation:
        compute: 0
        cpw: 5
        inc1: 300
        inc2: 50
        minimumSegmentsLength: 10
        size1: 1000
        size2: 600
    sfx:
        compute: 1
        stats: ["mean", "var", "median", "min", "max", "dmean", "dmean2", "dvar", "dvar2"]
    svm:
        compute: 0
    tonal:
        compute: 1
        frameSize: 4096
        hopSize: 2048
        zeroPadding: 0
        silentFrames: "noise"
        windowType: "blackmanharris62"
        stats: ["mean", "var", "median", "min", "max", "dmean", "dmean2", "dvar", "dvar2"]

lowlevel:
    average_loudness: 0.929356575012
    barkbands_kurtosis:
        dmean: 1.23785400391
        dmean2: 1.95633935928
        dvar: 5.48770284653
        dvar2: 12.7342729568
        max: 63.0863723755
        mean: 0.610512852669
        median: -0.631796956062
        min: -1.91792392731
        var: 14.6872615814
    barkbands_skewness:
        dmean: 0.424336761236
        dmean2: 0.663180291653
        dvar: 0.227674901485
        dvar2: 0.537871897221
        max: 7.13977909088
        mean: -0.239491075277
        median: -0.62552267313
        min: -4.65727424622
        var: 1.8325792551
    barkbands_spread:
        dmean: 6.92438030243
        dmean2: 11.1149435043
        dvar: 54.2773284912
        dvar2: 137.144592285
        max: 72.0179977417
        mean: 35.9299049377
        median: 36.8891525269
        min: 2.44129753113
        var: 163.856002808
    dissonance:
        dmean: 0.0087020136416
        dmean2: 0.0144599955529
        dvar: 0.000106957857497
        dvar2: 0.00027621735353
        max: 0.500000059605
        mean: 0.481120079756
        median: 0.48825532198
        min: 0.208018779755
        var: 0.000578555336688
    hfc:
        dmean: 3.55228447914
        dmean2: 5.92001247406
        dvar: 36.0223083496
        dvar2: 94.9820632935
        max: 75.5375823975
        mean: 11.4687566757
        median: 10.6017494202
        min: 1.23306927176e-016
        var: 76.4484558105
    pitch:
        dmean: 755.961608887
        dmean2: 1434.18249512
        dvar: 1631956.125
        dvar2: 3909480.75
        max: 5169.88037109
        mean: 2344.53930664
        median: 3457.87011719
        min: 51.952091217
        var: 2874945.5
    pitch_instantaneous_confidence:
        dmean: 0.0769713073969
        dmean2: 0.12546505034
        dvar: 0.00455521000549
        dvar2: 0.0116832386702
        max: 0.912383437157
        mean: 0.443815737963
        median: 0.42099699378
        min: 0.126171648502
        var: 0.0226920302957
    pitch_salience:
        dmean: 0.0522133372724
        dmean2: 0.0846317186952
        dvar: 0.00240975362249
        dvar2: 0.00616041384637
        max: 0.930501043797
        mean: 0.642929852009
        median: 0.666801989079
        min: 0.232204928994
        var: 0.0101998094469
    silence_rate_20dB:
        dmean: 0
        dmean2: 0
        dvar: 0
        dvar2: 0
        max: 1
        mean: 1
        median: 1
        min: 1
        var: 0
    silence_rate_30dB:
        dmean: 0
        dmean2: 0
        dvar: 0
        dvar2: 0
        max: 1
        mean: 1
        median: 1
        min: 1
        var: 0
    silence_rate_60dB:
        dmean: 0.0774700194597
        dmean2: 0.154956489801
        dvar: 0.0714605525136
        dvar2: 0.15452259779
        max: 1
        mean: 0.242466047406
        median: 0
        min: 0
        var: 0.183693781495
    spectral_centroid:
        dmean: 264.477935791
        dmean2: 416.580383301
        dvar: 93749.9921875
        dvar2: 214667.25
        max: 11317.3583984
        mean: 2107.07836914
        median: 2334.3125
        min: 192.213241577
        var: 749899.875
    spectral_complexity:
        dmean: 3.67887091637
        dmean2: 5.91063451767
        dvar: 16.5597782135
        dvar2: 37.4046173096
        max: 50
        mean: 17.4494915009
        median: 19
        min: 0
        var: 101.268577576
    spectral_crest:
        dmean: 1.68239414692
        dmean2: 2.74300074577
        dvar: 2.93065690994
        dvar2: 7.48947763443
        max: 22.6632156372
        mean: 7.55952787399
        median: 6.62626123428
        min: 2.57340025902
        var: 10.0519266129
    spectral_decrease:
        dmean: 2.85563156455e-010
        dmean2: 4.77178296876e-010
        dvar: 2.04979181501e-019
        dvar2: 5.53429066238e-019
        max: 7.59867233614e-029
        mean: -1.04648845145e-009
        median: -1.0084963975e-009
        min: -4.94612306667e-009
        var: 3.26446647798e-019
    spectral_energy:
        dmean: 0.00136529398151
        dmean2: 0.00228567561135
        dvar: 4.89293142891e-006
        dvar2: 1.31306942421e-005
        max: 0.0255193058401
        mean: 0.00498994113877
        median: 0.00479326304048
        min: 1.08975156889e-020
        var: 8.18669195723e-006
    spectral_energyband_high:
        dmean: 0.000418570591137
        dmean2: 0.000698818359524
        dvar: 5.53622101052e-007
        dvar2: 1.45263823015e-006
        max: 0.00976956635714
        mean: 0.000966966152191
        median: 0.000735537149012
        min: 7.89949407052e-021
        var: 9.62219928624e-007
    spectral_energyband_low:
        dmean: 0.000304943503579
        dmean2: 0.000508064113092
        dvar: 2.27261097052e-007
        dvar2: 6.55472490507e-007
        max: 0.00461749685928
        mean: 0.000631230184808
        median: 0.000509004690684
        min: 4.85355096972e-023
        var: 2.69657505214e-007
    spectral_energyband_middle_high:
        dmean: 0.000673323287629
        dmean2: 0.00111751479562
        dvar: 8.45324336751e-007
        dvar2: 2.24675591198e-006
        max: 0.0121080735698
        mean: 0.00235696113668
        median: 0.00231100991368
        min: 1.65323091996e-021
        var: 2.79734308606e-006
    spectral_energyband_middle_low:
        dmean: 0.000528260541614
        dmean2: 0.000868234026711
        dvar: 8.79541630638e-007
        dvar2: 2.39025075643e-006
        max: 0.0107314372435
        mean: 0.00127945560962
        median: 0.000947283522692
        min: 2.92393503331e-022
        var: 1.31762101319e-006
    spectral_flatness_db:
        dmean: 0.0132731283084
        dmean2: 0.0207468364388
        dvar: 0.000166264129803
        dvar2: 0.000379291013815
        max: 0.392837464809
        mean: 0.155589580536
        median: 0.146961823106
        min: 0.051866274327
        var: 0.00138477014843
    spectral_flux:
        dmean: 0.00762771302834
        dmean2: 0.011651112698
        dvar: 0.00010292121442
        dvar2: 0.00019281997811
        max: 0.124332033098
        mean: 0.039940983057
        median: 0.0403409302235
        min: 1.0439116932e-010
        var: 0.000345785520039
    spectral_kurtosis:
        dmean: 0.971216142178
        dmean2: 1.64158713818
        dvar: 1.34547185898
        dvar2: 3.79130864143
        max: 37.4105606079
        mean: 2.91831350327
        median: 2.44562554359
        min: -1.18587052822
        var: 4.66847991943
    spectral_rms:
        dmean: 0.000274471589364
        dmean2: 0.000445757119451
        dvar: 1.37404128964e-007
        dvar2: 3.5583266822e-007
        max: 0.00498967757449
        mean: 0.00210649403743
        median: 0.00216248794459
        min: 3.26063221562e-012
        var: 4.30922625583e-007
    spectral_rolloff:
        dmean: 328.588592529
        dmean2: 543.280151367
        dvar: 319647.625
        dvar2: 699282.375
        max: 19099.9511719
        mean: 3548.17041016
        median: 4026.70898438
        min: 150.732421875
        var: 1657068.875
    spectral_skewness:
        dmean: 0.168177619576
        dmean2: 0.273266255856
        dvar: 0.0362671390176
        dvar2: 0.0933947339654
        max: 5.11301088333
        mean: 1.02190136909
        median: 0.912225425243
        min: -0.0160883869976
        var: 0.203888371587
    spectral_spread:
        dmean: 429693.34375
        dmean2: 650149.5
        dvar: 370252906496
        dvar2: 728017207296
        max: 40136324
        mean: 4573375.5
        median: 4358849.5
        min: 2086940.25
        var: 1.6763092992e+012
    spectral_strongpeak:
        dmean: 0.686330974102
        dmean2: 1.20746994019
        dvar: 1.13519835472
        dvar2: 2.91414237022
        max: 10.7548770905
        mean: 0.873878061771
        median: 0.217419236898
        min: 6.20577100818e-009
        var: 1.66621315479
    zerocrossingrate:
        dmean: 0.00771031482145
        dmean2: 0.0090953912586
        dvar: 6.756374205e-005
        dvar2: 7.647908933e-005
        max: 0.49072265625
        mean: 0.114568583667
        median: 0.125
        min: 0.01025390625
        var: 0.00144635827746
    barkbands:
        dmean: [4.30277907526e-007, 7.70617552917e-005, 0.000184205113328, 0.000160155323101, 0.000317269033985, 0.000111781104351, 8.61689768499e-005, 4.09120330005e-005, 4.87823745061e-005, 3.11360054184e-005, 3.64835250366e-005, 3.1745632441e-005, 2.76344890153e-005, 2.54650494753e-005, 4.56849302282e-005, 7.25521458662e-005, 0.000158055787324, 0.000181343464646, 0.000355944503099, 0.000351748312823, 0.000191191109479, 6.83040852891e-005, 5.82138954996e-006, 1.85476699244e-006, 8.14215582068e-007, 3.1975741166e-008, 1.06056285976e-009]
        dmean2: [6.92011781211e-007, 0.000137603332405, 0.000304816028802, 0.000259112915955, 0.000536461011507, 0.000188009245903, 0.000133685127366, 6.87181673129e-005, 7.72093626438e-005, 5.14737002959e-005, 5.66523813177e-005, 5.01252616232e-005, 4.5116419642e-005, 4.13344532717e-005, 7.43346245144e-005, 0.000118370116979, 0.0002622527536, 0.000299218576401, 0.000602618325502, 0.000592998054344, 0.000322626176057, 0.000114090653369, 9.47189710132e-006, 2.89568765766e-006, 1.2714630202e-006, 4.84587658889e-008, 1.70909253416e-009]
        dvar: [6.84361584329e-013, 3.68417865104e-008, 7.46987609546e-008, 5.36958602027e-008, 4.65657080895e-007, 6.70600996955e-008, 4.46598740211e-008, 1.71745035971e-008, 1.2381512704e-008, 3.50591089493e-009, 5.9640803407e-009, 3.70899377877e-009, 3.19230308854e-009, 3.55159457399e-009, 9.9125960773e-009, 1.7745055203e-008, 4.38127365499e-008, 6.19306845806e-008, 2.50878173347e-007, 3.12341398967e-007, 1.33599726837e-007, 1.37050406579e-008, 9.0537459474e-011, 3.06108784154e-011, 4.90407107284e-012, 5.06936809899e-015, 9.09523630119e-018]
        dvar2: [1.67456380793e-012, 1.04780191634e-007, 2.16956820509e-007, 1.41734545878e-007, 1.28299882363e-006, 1.79052932481e-007, 1.03012645525e-007, 4.42035066328e-008, 2.75585687604e-008, 9.64070689946e-009, 1.43599709901e-008, 9.03600128055e-009, 8.16473377796e-009, 8.77023520474e-009, 2.43972753111e-008, 4.3265920624e-008, 1.16395291627e-007, 1.57787169996e-007, 6.76759555063e-007, 8.23824677809e-007, 3.55464635504e-007, 3.63572283391e-008, 2.31111879634e-010, 6.47146156108e-011, 1.04518902214e-011, 1.07715672184e-014, 2.22261892037e-017]
        max: [9.12127325137e-006, 0.00147520087194, 0.00287929782644, 0.00647717015818, 0.0089758336544, 0.00453489320353, 0.00389033299871, 0.00372711871751, 0.00354821840301, 0.000987088889815, 0.00178363732994, 0.00115147850011, 0.00115288188681, 0.00133490841836, 0.002522300696, 0.00341157102957, 0.0035020201467, 0.00465118512511, 0.00811613351107, 0.00783469434828, 0.00468516349792, 0.00175016734283, 0.00017043495609, 0.000130495012854, 6.24515960226e-005, 1.9394346964e-006, 5.37007522894e-008]
        mean: [6.89247485752e-007, 8.24080198072e-005, 0.000361216487363, 0.000313061464112, 0.000484559801407, 0.00017209239013, 0.00014499205281, 5.21259025845e-005, 8.78536447999e-005, 6.71668240102e-005, 6.93654583301e-005, 5.96906356805e-005, 4.57380592707e-005, 4.07548868679e-005, 8.46030088724e-005, 0.00014758182806, 0.000355151802069, 0.000406859646318, 0.000762620533351, 0.000732990680262, 0.000350662419805, 0.000148502396769, 1.34323963721e-005, 4.10856182498e-006, 1.6655400259e-006, 5.28038235359e-008, 1.09247977331e-009]
        median: [4.10227187331e-007, 3.59999285138e-005, 0.000281528162304, 0.000212547049159, 0.000245070405072, 8.91188246896e-005, 4.0636608901e-005, 1.96970631805e-005, 4.69178958156e-005, 2.28910357691e-005, 2.34415383602e-005, 2.78588668152e-005, 2.19869089051e-005, 1.93569321709e-005, 4.40297735622e-005, 0.000100143632153, 0.000288836105028, 0.000313271943014, 0.000651950831525, 0.000554183498025, 0.000251055927947, 0.000106594954559, 9.1449228421e-006, 2.4557357392e-006, 1.02899105059e-006, 2.62155666064e-008, 2.62461746781e-010]
        min: [3.47080812269e-024, 6.36134475742e-024, 3.12547511064e-023, 1.65461776267e-023, 1.04353789582e-022, 3.87006671958e-023, 8.26507083112e-024, 1.74774626352e-023, 7.45323924297e-023, 6.75416143727e-023, 7.03943310435e-023, 7.46369196551e-023, 7.99668299623e-023, 1.33403964759e-022, 7.20474048476e-023, 2.68503134806e-022, 2.09884218847e-022, 2.35163929198e-022, 3.26615046706e-022, 2.85931785884e-022, 5.56085798305e-022, 3.8618542989e-022, 4.75882499398e-022, 1.1420333014e-021, 1.04001028656e-021, 1.69439466649e-021, 2.68206487765e-021]
        var: [8.49799831198e-013, 2.51613041513e-008, 1.04322666061e-007, 1.1780509368e-007, 5.76571721922e-007, 9.15276459068e-008, 1.02278569614e-007, 2.0788467836e-008, 2.84231429504e-008, 1.25249863814e-008, 1.67611400315e-008, 7.79391928774e-009, 5.32904520512e-009, 5.30461052861e-009, 2.23137011091e-008, 4.52454997912e-008, 1.09919433555e-007, 1.92650588815e-007, 5.06211790707e-007, 5.52492963379e-007, 1.66350957898e-007, 2.53729126598e-008, 2.02616270983e-010, 6.49202427927e-011, 9.98057539392e-012, 8.46334314479e-015, 8.89083914464e-018]
    frequency_bands:
        dmean: [4.30277907526e-007, 7.70617552917e-005, 0.000184205113328, 0.000160155323101, 0.000317269033985, 0.000111781104351, 8.61689768499e-005, 4.09120330005e-005, 4.87823745061e-005, 3.11360054184e-005, 3.64835250366e-005, 3.1745632441e-005, 2.76344890153e-005, 2.54650494753e-005, 4.56849302282e-005, 7.25521458662e-005, 0.000158055787324, 0.000181343464646, 0.000355944503099, 0.000351748312823, 0.000191191109479, 6.83040852891e-005, 5.82138954996e-006, 1.85476699244e-006, 8.14215582068e-007, 3.1975741166e-008, 1.06056285976e-009, 6.31738689139e-011]
        dmean2: [6.92011781211e-007, 0.000137603332405, 0.000304816028802, 0.000259112915955, 0.000536461011507, 0.000188009245903, 0.000133685127366, 6.87181673129e-005, 7.72093626438e-005, 5.14737002959e-005, 5.66523813177e-005, 5.01252616232e-005, 4.5116419642e-005, 4.13344532717e-005, 7.43346245144e-005, 0.000118370116979, 0.0002622527536, 0.000299218576401, 0.000602618325502, 0.000592998054344, 0.000322626176057, 0.000114090653369, 9.47189710132e-006, 2.89568765766e-006, 1.2714630202e-006, 4.84587658889e-008, 1.70909253416e-009, 1.17636095309e-010]
        dvar: [6.84361584329e-013, 3.68417865104e-008, 7.46987609546e-008, 5.36958602027e-008, 4.65657080895e-007, 6.70600996955e-008, 4.46598740211e-008, 1.71745035971e-008, 1.2381512704e-008, 3.50591089493e-009, 5.9640803407e-009, 3.70899377877e-009, 3.19230308854e-009, 3.55159457399e-009, 9.9125960773e-009, 1.7745055203e-008, 4.38127365499e-008, 6.19306845806e-008, 2.50878173347e-007, 3.12341398967e-007, 1.33599726837e-007, 1.37050406579e-008, 9.0537459474e-011, 3.06108784154e-011, 4.90407107284e-012, 5.06936809899e-015, 9.09523630119e-018, 8.52697518863e-021]
        dvar2: [1.67456380793e-012, 1.04780191634e-007, 2.16956820509e-007, 1.41734545878e-007, 1.28299882363e-006, 1.79052932481e-007, 1.03012645525e-007, 4.42035066328e-008, 2.75585687604e-008, 9.64070689946e-009, 1.43599709901e-008, 9.03600128055e-009, 8.16473377796e-009, 8.77023520474e-009, 2.43972753111e-008, 4.3265920624e-008, 1.16395291627e-007, 1.57787169996e-007, 6.76759555063e-007, 8.23824677809e-007, 3.55464635504e-007, 3.63572283391e-008, 2.31111879634e-010, 6.47146156108e-011, 1.04518902214e-011, 1.07715672184e-014, 2.22261892037e-017, 2.74192084615e-020]
        max: [9.12127325137e-006, 0.00147520087194, 0.00287929782644, 0.00647717015818, 0.0089758336544, 0.00453489320353, 0.00389033299871, 0.00372711871751, 0.00354821840301, 0.000987088889815, 0.00178363732994, 0.00115147850011, 0.00115288188681, 0.00133490841836, 0.002522300696, 0.00341157102957, 0.0035020201467, 0.00465118512511, 0.00811613351107, 0.00783469434828, 0.00468516349792, 0.00175016734283, 0.00017043495609, 0.000130495012854, 6.24515960226e-005, 1.9394346964e-006, 5.37007522894e-008, 1.15834819514e-009]
        mean: [6.89247485752e-007, 8.24080198072e-005, 0.000361216487363, 0.000313061464112, 0.000484559801407, 0.00017209239013, 0.00014499205281, 5.21259025845e-005, 8.78536447999e-005, 6.71668240102e-005, 6.93654583301e-005, 5.96906356805e-005, 4.57380592707e-005, 4.07548868679e-005, 8.46030088724e-005, 0.00014758182806, 0.000355151802069, 0.000406859646318, 0.000762620533351, 0.000732990680262, 0.000350662419805, 0.000148502396769, 1.34323963721e-005, 4.10856182498e-006, 1.6655400259e-006, 5.28038235359e-008, 1.09247977331e-009, 4.81230610916e-011]
        median: [4.10227187331e-007, 3.59999285138e-005, 0.000281528162304, 0.000212547049159, 0.000245070405072, 8.91188246896e-005, 4.0636608901e-005, 1.96970631805e-005, 4.69178958156e-005, 2.28910357691e-005, 2.34415383602e-005, 2.78588668152e-005, 2.19869089051e-005, 1.93569321709e-005, 4.40297735622e-005, 0.000100143632153, 0.000288836105028, 0.000313271943014, 0.000651950831525, 0.000554183498025, 0.000251055927947, 0.000106594954559, 9.1449228421e-006, 2.4557357392e-006, 1.02899105059e-006, 2.62155666064e-008, 2.62461746781e-010, 1.77271114454e-011]
        min: [3.47080812269e-024, 6.36134475742e-024, 3.12547511064e-023, 1.65461776267e-023, 1.04353789582e-022, 3.87006671958e-023, 8.26507083112e-024, 1.74774626352e-023, 7.45323924297e-023, 6.75416143727e-023, 7.03943310435e-023, 7.46369196551e-023, 7.99668299623e-023, 1.33403964759e-022, 7.20474048476e-023, 2.68503134806e-022, 2.09884218847e-022, 2.35163929198e-022, 3.26615046706e-022, 2.85931785884e-022, 5.56085798305e-022, 3.8618542989e-022, 4.75882499398e-022, 1.1420333014e-021, 1.04001028656e-021, 1.69439466649e-021, 2.68206487765e-021, 7.9579742858e-022]
        var: [8.49799831198e-013, 2.51613041513e-008, 1.04322666061e-007, 1.1780509368e-007, 5.76571721922e-007, 9.15276459068e-008, 1.02278569614e-007, 2.0788467836e-008, 2.84231429504e-008, 1.25249863814e-008, 1.67611400315e-008, 7.79391928774e-009, 5.32904520512e-009, 5.30461052861e-009, 2.23137011091e-008, 4.52454997912e-008, 1.09919433555e-007, 1.92650588815e-007, 5.06211790707e-007, 5.52492963379e-007, 1.66350957898e-007, 2.53729126598e-008, 2.02616270983e-010, 6.49202427927e-011, 9.98057539392e-012, 8.46334314479e-015, 8.89083914464e-018, 6.53799557584e-021]
    mfcc:
        mean: [-710.962158203, 85.194190979, -39.4523773193, 76.1472702026, -15.1198539734, 0.435138642788, 1.9333139658, 0.0448981486261, 1.74959611893, -10.4649925232, -5.61529779434, -6.90981245041, -5.7396774292]
        cov: [[5253.98535156, -297.937225342, -600.675964355, 383.707275391, -363.843261719, 75.5265655518, -83.6488876343, -39.2403564453, -202.313476563, -208.177612305, -151.773040771, -70.5414505005, 86.1860046387], [-297.937225342, 900.644287109, 105.468826294, 28.9063091278, 77.7080230713, -12.7992649078, -23.2090854645, -87.1952438354, -83.3394622803, -73.9887695313, 61.0627174377, 47.0697288513, 10.0350437164], [-600.675964355, 105.468826294, 439.8984375, -102.164222717, 32.2407112122, 30.1962184906, -15.2498140335, -57.9331207275, -56.7986297607, -7.82516527176, 28.3748970032, 33.8849143982, 1.04126942158], [383.707275391, 28.9063091278, -102.164222717, 315.660888672, 6.81553840637, -20.8135681152, -16.2545757294, 1.34971046448, 34.5605316162, 1.33502066135, -8.94988918304, -16.892168045, 6.92587757111], [-363.843261719, 77.7080230713, 32.2407112122, 6.81553840637, 181.183258057, 16.2158031464, 1.39292681217, -36.232460022, -7.97209692001, 27.6646614075, 21.4460964203, 14.6368045807, -2.55358719826], [75.5265655518, -12.7992649078, 30.1962184906, -20.8135681152, 16.2158031464, 118.104743958, 19.1302680969, -18.5810718536, -35.6137390137, -9.00043392181, 7.4001455307, 2.47157144547, 10.0820493698], [-83.6488876343, -23.2090854645, -15.2498140335, -16.2545757294, 1.39292681217, 19.1302680969, 111.002067566, 55.661441803, 18.436788559, 2.34941315651, -8.68776130676, -0.454769402742, -4.97492790222], [-39.2403564453, -87.1952438354, -57.9331207275, 1.34971046448, -36.232460022, -18.5810718536, 55.661441803, 128.044815063, 72.106880188, 4.74583435059, -21.1218070984, -11.7506046295, -9.01812267303], [-202.313476563, -83.3394622803, -56.7986297607, 34.5605316162, -7.97209692001, -35.6137390137, 18.436788559, 72.106880188, 140.458282471, 49.9493980408, -10.9189252853, -15.843085289, -17.3473091125], [-208.177612305, -73.9887695313, -7.82516527176, 1.33502066135, 27.6646614075, -9.00043392181, 2.34941315651, 4.74583435059, 49.9493980408, 96.0555343628, 28.5482959747, -1.06579077244, -11.6526536942], [-151.773040771, 61.0627174377, 28.3748970032, -8.94988918304, 21.4460964203, 7.4001455307, -8.68776130676, -21.1218070984, -10.9189252853, 28.5482959747, 72.4279022217, 32.9001808167, 1.87037181854], [-70.5414505005, 47.0697288513, 33.8849143982, -16.892168045, 14.6368045807, 2.47157144547, -0.454769402742, -11.7506046295, -15.843085289, -1.06579077244, 32.9001808167, 65.2099304199, 20.9910984039], [86.1860046387, 10.0350437164, 1.04126942158, 6.92587757111, -2.55358719826, 10.0820493698, -4.97492790222, -9.01812267303, -17.3473091125, -11.6526536942, 1.87037181854, 20.9910984039, 56.0015983582]]
        icov: [[0.000385524414014, 9.55366049311e-005, 0.000476556888316, -0.000419505435275, 0.000666021602228, -0.000328585098032, 0.000226430332987, 8.52424200275e-005, 0.000729159510229, 0.00017836043844, 0.000488102930831, -0.000148947889102, -0.000141541924677], [9.55366049311e-005, 0.00156058720313, -8.49190691952e-005, -0.000316190591548, -0.000455397239421, 0.000573258497752, -0.000329459959175, 0.000807730597444, 1.56598764534e-006, 0.00206464435905, -0.0016727388138, 1.84158870979e-005, 6.98966614436e-005], [0.000476556888316, -8.49190691952e-005, 0.00334608182311, 0.000276952021522, 0.000685616570991, -0.000830942764878, 0.000413701083744, 0.000850796175655, 0.00116328475997, 0.00014752142306, 0.000628305831924, -0.00120470987167, 0.000361566868378], [-0.000419505435275, -0.000316190591548, 0.000276952021522, 0.00414570700377, -0.00101656967308, 0.00059590296587, 0.000144098492456, 0.000541936664376, -0.00205036741681, 0.000325480534229, -0.000735472654924, 0.00115943665151, -0.000846585375257], [0.000666021602228, -0.000455397239421, 0.000685616570991, -0.00101656967308, 0.00787291862071, -0.00144095916767, -0.000527745811269, 0.00204417551868, 0.00115194253158, -0.00234771566465, 0.00155705865473, -0.00162147439551, 0.000494383857585], [-0.000328585098032, 0.000573258497752, -0.000830942764878, 0.00059590296587, -0.00144095916767, 0.0106875784695, -0.00315676419996, 0.00136741634924, 0.00116933858953, 0.00103920616675, -0.0025848033838, 0.0021604616195, -0.00185034261085], [0.000226430332987, -0.000329459959175, 0.000413701083744, 0.000144098492456, -0.000527745811269, -0.00315676419996, 0.0132069587708, -0.00707715936005, 0.00194591411855, -0.00138571753632, 0.00216365978122, -0.00164218945429, 0.00112060771789], [8.52424200275e-005, 0.000807730597444, 0.000850796175655, 0.000541936664376, 0.00204417551868, 0.00136741634924, -0.00707715936005, 0.0168677084148, -0.00784641318023, 0.00385490246117, -9.88074098132e-005, -0.000103084079456, -1.06590769064e-005], [0.000729159510229, 1.56598764534e-006, 0.00116328475997, -0.00205036741681, 0.00115194253158, 0.00116933858953, 0.00194591411855, -0.00784641318023, 0.0164825525135, -0.00781738385558, 0.0041745537892, -0.000758562295232, 0.00148483493831], [0.00017836043844, 0.00206464435905, 0.00014752142306, 0.000325480534229, -0.00234771566465, 0.00103920616675, -0.00138571753632, 0.00385490246117, -0.00781738385558, 0.0203282013535, -0.0106682414189, 0.00359045225196, 0.000334844808094], [0.000488102930831, -0.0016727388138, 0.000628305831924, -0.000735472654924, 0.00155705865473, -0.0025848033838, 0.00216365978122, -9.88074098132e-005, 0.0041745537892, -0.0106682414189, 0.0263891480863, -0.0125520927832, 0.00323733198456], [-0.000148947889102, 1.84158870979e-005, -0.00120470987167, 0.00115943665151, -0.00162147439551, 0.0021604616195, -0.00164218945429, -0.000103084079456, -0.000758562295232, 0.00359045225196, -0.0125520927832, 0.0254895593971, -0.00914335716516], [-0.000141541924677, 6.98966614436e-005, 0.000361566868378, -0.000846585375257, 0.000494383857585, -0.00185034261085, 0.00112060771789, -1.06590769064e-005, 0.00148483493831, 0.000334844808094, 0.00323733198456, -0.00914335716516, 0.0224621221423]]
    sccoeffs:
        dmean: [0.0455678924918, 0.0435284078121, 0.0332125090063, 0.0267425533384, 0.0204878244549, 0.0198042411357]
        dmean2: [0.0742911621928, 0.0716055035591, 0.0548807419837, 0.0439740233123, 0.0338340625167, 0.0318154990673]
        dvar: [0.00161961291451, 0.00136992847547, 0.000729734485503, 0.000487710291054, 0.000297252292512, 0.000409656495322]
        dvar2: [0.00459266034886, 0.00360054266639, 0.00195625331253, 0.00129969976842, 0.00078812945867, 0.000997575232759]
        max: [-0.342242568731, -0.452737987041, -0.536223173141, -0.516367554665, -0.616033315659, -0.575877726078]
        mean: [-0.638140618801, -0.7551638484, -0.79303085804, -0.795931518078, -0.791948437691, -0.707260906696]
        median: [-0.64067029953, -0.765191078186, -0.80314463377, -0.802478432655, -0.795065283775, -0.701208353043]
        min: [-0.973639309406, -0.973850429058, -0.984639585018, -0.960442602634, -0.959486424923, -0.95805978775]
        var: [0.00415655644611, 0.00509570678696, 0.00350143713877, 0.00205649808049, 0.0011904144194, 0.00243721390143]
    scvalleys:
        dmean: [0.32791236043, 0.344641447067, 0.285200506449, 0.262098670006, 0.244060665369, 0.223213732243]
        dmean2: [0.532714664936, 0.563873171806, 0.460455954075, 0.410329401493, 0.374317884445, 0.3199698627]
        dvar: [0.0949796289206, 0.108570724726, 0.0720041021705, 0.0730436742306, 0.105650484562, 0.0854768678546]
        dvar2: [0.22777941823, 0.250138968229, 0.15330080688, 0.148962497711, 0.218429490924, 0.154326736927]
        max: [-4.90749025345, -4.65360832214, -5.59333515167, -5.96715736389, -5.19476032257, -7.63103055954]
        mean: [-6.84386253357, -7.01487064362, -7.42208957672, -7.57642650604, -6.81122493744, -9.7425994873]
        median: [-6.66656970978, -6.85332584381, -7.27601623535, -7.3635725975, -6.3853187561, -9.42027950287]
        min: [-27.795797348, -27.7169017792, -27.2836856842, -27.399471283, -27.2723178864, -27.3073711395]
        var: [1.51324915886, 1.47779691219, 1.52953743935, 1.37237250805, 1.61503875256, 1.60973203182]

rhythm:
    beats_loudness:
        dmean: 0.00188029010314
        dmean2: 0.00315184821375
        dvar: 2.23823144552e-006
        dvar2: 6.68372149448e-006
        max: 0.0137189831585
        mean: 0.00591942109168
        median: 0.00597778288648
        min: 8.93745494279e-012
        var: 7.89120895206e-006
    bpm: 97.0571670532
    bpm_confidence: 0
    first_peak_bpm: 98
    first_peak_spread: 0.352727264166
    first_peak_weight: 0.462337642908
    onset_rate: 2.71478772163
    second_peak_bpm: 129
    second_peak_spread: 0.310344785452
    second_peak_weight: 0.103896103799
    beats_loudness_band_ratio:
        dmean: [0.102465942502, 0.074316650629, 0.0598594658077, 0.0276021119207, 0.0660551637411, 0.123223103583]
        dmean2: [0.177833989263, 0.132080063224, 0.106703318655, 0.0464495420456, 0.112951129675, 0.215078338981]
        dvar: [0.0108754765242, 0.00653877248988, 0.00645594764501, 0.00128154526465, 0.00419929297641, 0.00934578664601]
        dvar2: [0.0294001623988, 0.0200726669282, 0.0193033721298, 0.00390989379957, 0.0122385257855, 0.030164739117]
        max: [0.888173103333, 0.589488863945, 0.547067642212, 0.255835205317, 0.560070216656, 0.752716779709]
        mean: [0.195477843285, 0.112764187157, 0.0735367760062, 0.042334344238, 0.201246663928, 0.408976852894]
        median: [0.139306917787, 0.0820678323507, 0.0432015061378, 0.0322759672999, 0.193901851773, 0.441229254007]
        min: [0, 0, 0, 0, 0, 0]
        var: [0.0279202312231, 0.00972552038729, 0.00654911436141, 0.00138636841439, 0.0113766090944, 0.0317213647068]
    beats_position: [0.580498874187, 1.17260766029, 1.764716506, 2.35682535172, 2.94893407822, 3.55265307426, 4.15637159348, 4.78331041336, 5.39863920212, 6.01396799088, 6.64090681076, 7.25623559952, 7.87156438828, 8.498503685, 9.10222244263, 9.71755123138, 10.3328800201, 10.95981884, 11.5751476288, 12.1904764175, 12.8058052063, 13.4211339951, 14.0480718613, 14.6750106812, 15.301949501, 15.9288883209, 16.5326080322, 17.1595458984, 17.7748756409, 18.390203476, 19.0055332184, 19.6208610535, 20.2361907959, 20.851518631, 21.4668483734, 22.0821762085, 22.6975059509, 23.312833786, 23.9397735596, 24.5667114258, 25.1704311371, 25.7857589722, 26.4010887146, 27.0280265808, 27.6549663544, 28.2702941895, 28.8856239319, 29.5125617981, 30.1394996643, 30.7548294067, 31.3701572418, 31.9854869843, 32.6008148193, 33.2277526855, 33.8546943665, 34.4700202942, 35.0853500366, 35.7006797791, 36.3160095215, 36.9313354492, 37.5466651917, 38.1619949341, 38.7889328003, 39.4042625427, 40.0312004089, 40.6581382751, 41.2734680176, 41.88879776, 42.5041275024, 43.1194534302, 43.7347831726, 44.350112915, 44.9770507813, 45.6039886475, 46.2193183899, 46.8346481323, 47.4383659363, 48.0653038025, 48.6806335449, 49.2959632874, 49.9112930298, 50.538230896, 51.1535606384, 51.7804985046, 52.4074363708, 53.0343742371, 53.661315918, 54.2882537842, 54.9035835266, 55.5189094543, 56.122631073, 56.7495689392, 57.3648986816, 57.9802246094, 58.5955543518, 59.2108840942, 59.8262138367, 60.4531517029, 61.0684814453, 61.6954193115, 62.310749054, 62.9260749817, 63.5414047241, 64.1567306519, 64.7836685181, 65.4106140137, 66.0259399414, 66.6412658691, 67.2682037354, 67.871925354, 68.4872512817, 69.1025848389, 69.7295227051, 70.3564605713, 70.971786499, 71.5871200562, 72.2140579224, 72.8409957886, 73.4563217163, 74.0716552734, 74.6753692627, 75.2907028198, 75.9060287476, 76.5329666138, 77.1366882324, 77.7520141602, 78.3673477173, 78.9942855835, 79.6212234497, 80.2365493774, 80.8518829346, 81.4672088623, 82.08253479, 82.6978683472, 83.3131942749, 83.9401321411, 84.5670700073, 85.1824035645, 85.7977294922, 86.4130630493, 87.0283889771, 87.6437149048, 88.2590484619, 88.8859863281, 89.5129241943, 90.1282501221, 90.7435836792, 91.3705215454, 91.9858474731, 92.6011810303, 93.216506958, 93.8318328857, 94.458770752, 95.0857162476, 95.7010421753, 96.316368103, 96.9317016602, 97.5470275879, 98.1739654541, 98.7892990112, 99.404624939, 100.031562805, 100.646888733, 101.26222229, 101.877548218, 102.492874146, 103.108207703, 103.735145569, 104.350471497, 104.977409363, 105.581130981, 106.208068848, 106.835006714, 107.46194458, 108.088890076, 108.715827942, 109.33115387, 109.946479797, 110.561813354, 111.177139282, 111.792472839, 112.407798767, 113.023124695, 113.638458252, 114.265396118, 114.892333984, 115.519271851, 116.134597778, 116.749931335, 117.376869202, 117.98059082, 118.58430481, 119.211242676, 119.838180542, 120.465126038, 121.092063904, 121.707389832, 122.322715759, 122.938049316, 123.553375244, 124.168708801, 124.784034729, 125.410972595, 126.037910461, 126.676460266, 127.315010071, 127.802627563, 128.25541687, 128.708206177, 129.172607422, 129.637008667, 130.113006592, 130.600631714, 131.088256836, 131.564254761, 132.040267944, 132.516281128, 132.980682373, 133.445083618, 133.909469604, 134.37387085, 134.838272095, 135.30267334, 135.755462646, 136.208251953, 136.672653198, 137.137054443, 137.601455688, 138.065841675, 138.53024292, 138.994644165, 139.45904541, 139.935058594, 140.399459839, 140.875457764, 141.374694824, 141.873916626, 142.384765625, 142.86076355, 143.336776733, 143.801177979, 144.253967285, 144.706756592, 145.171157837, 145.635559082, 146.099945068, 146.564346313, 147.028747559, 147.493148804, 147.969161987, 148.445159912, 148.909561157, 149.373962402, 149.838363647, 150.302764893, 150.767166138, 151.266387939, 151.777236938, 152.27645874, 152.740859985, 153.20526123, 153.669662476, 154.134063721, 154.598449707, 155.062850952, 155.538864136, 156.014877319, 156.479278564, 156.943664551, 157.408065796, 157.872467041, 158.336868286, 158.801269531, 159.416595459, 160.031921387, 160.658859253, 161.274185181, 161.889526367, 162.504852295, 163.120178223, 163.747116089, 164.362442017, 164.977767944, 165.604721069, 166.220046997, 166.835372925, 167.462310791, 168.089248657, 168.704574585, 169.319900513, 169.923629761, 170.550567627, 171.177505493, 171.804443359, 172.419769287, 173.023483276, 173.650421143, 174.265762329, 174.892700195, 175.496414185, 176.123352051, 176.738677979, 177.354003906, 177.980941772, 178.607894897, 179.223220825, 179.838546753, 180.465484619, 181.080810547, 181.696136475, 182.311477661, 182.938415527, 183.553741455, 184.157455444, 184.772781372, 185.3881073, 186.003448486, 186.630386353, 187.257324219, 187.872650146, 188.487976074, 189.103302002, 189.730239868, 190.357177734, 190.972518921, 191.587844849, 192.203170776, 192.818496704, 193.433822632, 194.049163818, 194.676101685, 195.303039551, 195.918365479, 196.545303345, 197.160629272, 197.7759552, 198.391296387, 199.006622314, 199.621948242, 200.248886108, 200.864212036, 201.479537964, 202.09487915, 202.582489014, 203.081726074, 203.580947876, 203.952468872, 204.335601807, 204.707122803, 205.090240479, 205.473373413, 205.856506348, 206.239639282, 206.587936401, 206.936233521, 207.28453064, 207.632827759, 207.981124878, 208.317825317, 208.654510498, 208.991195679, 209.327880859, 209.664581299, 210.001266479, 210.33795166, 210.6746521, 211.022949219, 211.371246338, 211.719543457, 212.067840576, 212.416137695, 212.764434814, 213.112747192, 213.461044312, 213.809341431, 214.215682983, 214.622039795, 215.039993286, 215.457962036, 215.829467773, 216.20098877, 216.572509766, 216.944030762, 217.315551758, 217.687072754, 218.070205688]
    bpm_estimates: [101.332733154, 101.332717896, 101.332717896, 101.332740784, 99.3839874268, 99.3840637207, 95.7031173706, 97.5088424683, 97.5088424683, 95.7031173706, 97.5088424683, 97.5088424683, 95.7030487061, 99.3840255737, 97.5088424683, 97.5088424683, 95.7031173706, 97.5088424683, 97.5088424683, 97.5088424683, 97.5088424683, 95.7032623291, 95.7031173706, 95.7031173706, 95.7031173706, 99.3838653564, 95.7032623291, 97.5086975098, 97.5089950562, 97.5086975098, 97.5089950562, 97.5086975098, 97.5089950562, 97.5086975098, 97.5089950562, 97.5086975098, 97.5089950562, 95.7029724121, 95.7032623291, 99.3838653564, 97.5089950562, 97.5086975098, 95.7032623291, 95.7029724121, 97.5089950562, 97.5086975098, 95.7032623291, 95.7032623291, 97.5086975098, 97.5089950562, 97.5086975098, 97.5089950562, 95.7032623291, 95.7026824951, 97.5093002319, 97.5086975098, 97.5086975098, 97.5086975098, 97.5093002319, 97.5086975098, 97.5086975098, 95.7032623291, 97.5086975098, 95.7032623291, 95.7032623291, 97.5086975098, 97.5086975098, 97.5086975098, 97.5093002319, 97.5086975098, 97.5086975098, 95.7032623291, 95.7032623291, 97.5086975098, 97.5086975098, 99.3841781616, 95.7032623291, 97.5086975098, 97.5086975098, 97.5086975098, 95.7032623291, 97.5086975098, 95.7032623291, 95.7032623291, 95.7032623291, 95.7026824951, 95.7032623291, 97.5086975098, 97.5093002319, 99.3835525513, 95.7032623291, 97.5086975098, 97.5093002319, 97.5086975098, 97.5086975098, 97.5086975098, 95.7032623291, 97.5086975098, 95.7032623291, 97.5086975098, 97.5093002319, 97.5086975098, 97.5093002319, 95.7032623291, 95.7021026611, 97.5093002319, 97.5093002319, 95.7032623291, 99.3835525513, 97.5093002319, 97.5080871582, 95.7032623291, 95.7032623291, 97.5093002319, 97.5080871582, 95.7032623291, 95.7032623291, 97.5093002319, 97.5080871582, 99.3848114014, 97.5080871582, 97.5093002319, 95.7032623291, 99.3835525513, 97.5093002319, 97.5080871582, 95.7032623291, 95.7032623291, 97.5093002319, 97.5080871582, 97.5093002319, 97.5093002319, 97.5080871582, 97.5093002319, 95.7032623291, 95.7032623291, 97.5080871582, 97.5093002319, 97.5080871582, 97.5093002319, 97.5093002319, 97.5080871582, 95.7032623291, 95.7032623291, 97.5093002319, 97.5080871582, 95.7032623291, 97.5093002319, 97.5080871582, 97.5093002319, 97.5093002319, 95.7032623291, 95.7021026611, 97.5093002319, 97.5093002319, 97.5080871582, 97.5093002319, 95.7032623291, 97.5080871582, 97.5093002319, 95.7032623291, 97.5093002319, 97.5080871582, 97.5093002319, 97.5093002319, 97.5080871582, 95.7032623291, 97.5093002319, 95.7032623291, 99.3835525513, 95.7032623291, 95.7032623291, 95.7032623291, 95.7021026611, 95.7032623291, 97.5093002319, 97.5093002319, 97.5080871582, 97.5093002319, 97.5080871582, 97.5093002319, 97.5093002319, 97.5080871582, 95.7032623291, 95.7032623291, 95.7032623291, 97.5093002319, 97.5080871582, 95.7032623291, 99.3835525513, 99.3848114014, 95.7032623291, 95.7032623291, 95.7021026611, 95.7032623291, 97.5093002319, 97.5093002319, 97.5080871582, 97.5093002319, 97.5080871582, 97.5093002319, 95.7032623291, 95.7032623291, 93.9629135132, 93.9629135132, 97.5093002319, 97.5093002319, 95.7032623291, 97.5093002319, 97.5068817139, 97.5093002319, 97.5093002319, 95.7032623291, 97.5093002319, 97.5093002319, 95.7009353638, 97.5093002319, 97.5093002319, 95.7032623291, 95.7032623291, 97.5093002319, 97.5093002319, 99.3823013306, 95.7032623291, 95.7032623291, 95.7032623291, 97.5093002319, 99.3848114014, 95.7032623291, 97.5068817139, 95.7032623291, 99.3848114014, 95.7032623291, 97.5093002319, 97.5093002319, 95.7032623291, 95.7009353638, 97.5093002319, 97.5093002319, 95.7032623291, 97.5093002319, 97.5093002319, 97.5068817139, 95.7032623291, 97.5093002319, 99.3848114014, 97.5093002319, 97.5093002319, 97.5068817139, 95.7032623291, 95.7032623291, 97.5093002319, 97.5093002319, 97.5093002319, 95.7032623291, 95.7032623291, 97.5068817139, 97.5093002319, 97.5093002319, 97.5093002319, 97.5093002319, 97.5068817139, 95.7032623291, 95.7032623291, 97.5093002319, 95.7032623291, 97.5093002319, 97.5093002319, 97.5068817139, 97.5093002319, 97.5093002319, 95.7032623291, 97.5093002319, 97.5093002319, 97.5068817139]
