
metadata:
    version:
        essentia: "2.1-beta2"
    audio_properties:
        analysis_sample_rate: 44100
        bitrate: 320
        channels: 2
        equal_loudness: 1
        length: 245.786117554
        replay_gain: -13.4888916016
        downmix: "mix"
    tags:
        album: "Saturate"
        artist: "Breaking Benjamin"
        comment: ""
        date: "2002"
        genre: "Metal Alternatif"
        title: "Shallow Bay"
        tracknumber: "12"

configuration:
    average_loudness:
        compute: 1
        frameSize: 88200
        hopSize: 44100
        silentFrames: "noise"
        windowType: "hann"
    general:
        analysisSampleRate: 44100
        endTime: 2000
        equalLoudness: 1
        nequalLoudness: 0
        shortSound: 0
        startTime: 0
    lowlevel:
        compute: 1
        frameSize: 2048
        hopSize: 1024
        zeroPadding: 0
        silentFrames: "noise"
        windowType: "blackmanharris62"
        mfccStats: ["mean", "cov", "icov"]
        stats: ["mean", "var", "median", "min", "max", "dmean", "dmean2", "dvar", "dvar2"]
    panning:
        compute: 0
        frameSize: 8192
        hopSize: 2048
        zeroPadding: 8192
        silentFrames: "noise"
        windowType: "hann"
        stats: ["copy"]
    rhythm:
        compute: 1
        maxTempo: 208
        minTempo: 40
        method: "degara"
        stats: ["mean", "var", "median", "min", "max", "dmean", "dmean2", "dvar", "dvar2"]
    segmentation:
        compute: 0
        cpw: 5
        inc1: 300
        inc2: 50
        minimumSegmentsLength: 10
        size1: 1000
        size2: 600
    sfx:
        compute: 1
        stats: ["mean", "var", "median", "min", "max", "dmean", "dmean2", "dvar", "dvar2"]
    svm:
        compute: 0
    tonal:
        compute: 1
        frameSize: 4096
        hopSize: 2048
        zeroPadding: 0
        silentFrames: "noise"
        windowType: "blackmanharris62"
        stats: ["mean", "var", "median", "min", "max", "dmean", "dmean2", "dvar", "dvar2"]

lowlevel:
    average_loudness: 0.941345870495
    barkbands_kurtosis:
        dmean: 1.25415980816
        dmean2: 2.01174521446
        dvar: 24.3465976715
        dvar2: 58.071647644
        max: 159.803604126
        mean: 0.205250680447
        median: -1.10710036755
        min: -1.9593013525
        var: 33.0134086609
    barkbands_skewness:
        dmean: 0.439396440983
        dmean2: 0.677142679691
        dvar: 0.315985530615
        dvar2: 0.674151003361
        max: 11.1744937897
        mean: -0.0724535360932
        median: -0.315938413143
        min: -4.7766456604
        var: 1.519567132
    barkbands_spread:
        dmean: 6.4222278595
        dmean2: 10.3010149002
        dvar: 45.1474533081
        dvar2: 116.952682495
        max: 77.3197555542
        mean: 38.6362876892
        median: 39.9481239319
        min: 0.754846334457
        var: 177.219070435
    dissonance:
        dmean: 0.0100638037547
        dmean2: 0.0167520940304
        dvar: 0.000132304936415
        dvar2: 0.000343838590197
        max: 0.499999940395
        mean: 0.477133840322
        median: 0.48550465703
        min: 0.298575371504
        var: 0.000565021473449
    hfc:
        dmean: 3.34902334213
        dmean2: 5.51778554916
        dvar: 27.9022846222
        dvar2: 72.4427337646
        max: 52.7745437622
        mean: 11.2520513535
        median: 10.7548933029
        min: 1.16614916906e-016
        var: 65.3272018433
    pitch:
        dmean: 720.207824707
        dmean2: 1366.95739746
        dvar: 1600277.5
        dvar2: 4030391.75
        max: 4964.17724609
        mean: 2336.53613281
        median: 3557.79052734
        min: 61.7238311768
        var: 3172884.75
    pitch_instantaneous_confidence:
        dmean: 0.0736953392625
        dmean2: 0.120091311634
        dvar: 0.00369004672393
        dvar2: 0.00947650987655
        max: 0.917392492294
        mean: 0.437494546175
        median: 0.405805110931
        min: 0.100546896458
        var: 0.0206150691956
    pitch_salience:
        dmean: 0.0546248331666
        dmean2: 0.087497189641
        dvar: 0.00280675361864
        dvar2: 0.0068339840509
        max: 0.934643208981
        mean: 0.619012057781
        median: 0.638156235218
        min: 0.100787304342
        var: 0.012066129595
    silence_rate_20dB:
        dmean: 0
        dmean2: 0
        dvar: 0
        dvar2: 0
        max: 1
        mean: 1
        median: 1
        min: 1
        var: 0
    silence_rate_30dB:
        dmean: 0
        dmean2: 0
        dvar: 0
        dvar2: 0
        max: 1
        mean: 1
        median: 1
        min: 1
        var: 0
    silence_rate_60dB:
        dmean: 0.0566786304116
        dmean2: 0.113367974758
        dvar: 0.0534689687192
        dvar2: 0.115999512374
        max: 1
        mean: 0.23698875308
        median: 0
        min: 0
        var: 0.180815264583
    spectral_centroid:
        dmean: 290.743743896
        dmean2: 454.118621826
        dvar: 107115.109375
        dvar2: 226051.53125
        max: 11162.7734375
        mean: 2062.34619141
        median: 2190.37329102
        min: 117.783836365
        var: 666984.125
    spectral_complexity:
        dmean: 3.69771385193
        dmean2: 5.89777994156
        dvar: 17.1175670624
        dvar2: 38.6447410583
        max: 49
        mean: 17.1767253876
        median: 18
        min: 0
        var: 95.6006546021
    spectral_crest:
        dmean: 1.74229466915
        dmean2: 2.80364966393
        dvar: 2.90627717972
        dvar2: 7.18280601501
        max: 24.0407218933
        mean: 7.40242624283
        median: 6.33078384399
        min: 2.43604135513
        var: 11.7262239456
    spectral_decrease:
        dmean: 2.9238303445e-010
        dmean2: 4.78879991217e-010
        dvar: 1.90539089548e-019
        dvar2: 5.04434744966e-019
        max: 7.03265536811e-029
        mean: -1.07984865494e-009
        median: -1.07412390093e-009
        min: -4.9049404538e-009
        var: 3.6720990159e-019
    spectral_energy:
        dmean: 0.00136449257843
        dmean2: 0.00224157748744
        dvar: 4.29247802458e-006
        dvar2: 1.12873140097e-005
        max: 0.0219916906208
        mean: 0.0050961994566
        median: 0.00506267603487
        min: 1.08051671127e-020
        var: 8.53629626363e-006
    spectral_energyband_high:
        dmean: 0.000396022951463
        dmean2: 0.000651545997243
        dvar: 3.54900123511e-007
        dvar2: 9.05439378585e-007
        max: 0.00712657161057
        mean: 0.0010553561151
        median: 0.00088375096675
        min: 7.87767637408e-021
        var: 9.04970477222e-007
    spectral_energyband_low:
        dmean: 0.000334540061885
        dmean2: 0.000556772341952
        dvar: 2.40879387547e-007
        dvar2: 6.58068699977e-007
        max: 0.00603688089177
        mean: 0.000606144603807
        median: 0.000466145196697
        min: 2.13632052832e-023
        var: 3.20138155985e-007
    spectral_energyband_middle_high:
        dmean: 0.000636338896584
        dmean2: 0.00105351372622
        dvar: 8.40760492338e-007
        dvar2: 2.23379583986e-006
        max: 0.0104400077835
        mean: 0.0020403128583
        median: 0.00192880490795
        min: 1.52400929377e-021
        var: 2.12809004552e-006
    spectral_energyband_middle_low:
        dmean: 0.000612575502601
        dmean2: 0.0009836651152
        dvar: 1.02186027107e-006
        dvar2: 2.79182040686e-006
        max: 0.0146060362458
        mean: 0.00158853933681
        median: 0.00122090405785
        min: 3.26714430558e-022
        var: 1.8089359628e-006
    spectral_flatness_db:
        dmean: 0.0136138191447
        dmean2: 0.0213737785816
        dvar: 0.000218847068027
        dvar2: 0.000478339963593
        max: 0.469890058041
        mean: 0.157318845391
        median: 0.146683394909
        min: 0.0441544763744
        var: 0.00161639682483
    spectral_flux:
        dmean: 0.00731214415282
        dmean2: 0.0111460722983
        dvar: 8.94840122783e-005
        dvar2: 0.000162118172739
        max: 0.126828715205
        mean: 0.0396686792374
        median: 0.040192335844
        min: 1.03947905838e-010
        var: 0.000334001088049
    spectral_kurtosis:
        dmean: 1.04311454296
        dmean2: 1.80054593086
        dvar: 3.06763291359
        dvar2: 8.89251041412
        max: 54.8095664978
        mean: 2.61304569244
        median: 1.9054287672
        min: -1.18121492863
        var: 6.68380212784
    spectral_rms:
        dmean: 0.000275056110695
        dmean2: 0.000436459609773
        dvar: 1.27245030512e-007
        dvar2: 3.18820639222e-007
        max: 0.00463198730722
        mean: 0.0021146486979
        median: 0.0022224301938
        min: 3.24678717072e-012
        var: 5.00154726524e-007
    spectral_rolloff:
        dmean: 331.462768555
        dmean2: 535.614990234
        dvar: 274476.375
        dvar2: 529726.9375
        max: 18841.5527344
        mean: 3706.49658203
        median: 4177.44140625
        min: 129.19921875
        var: 1515011
    spectral_skewness:
        dmean: 0.162836611271
        dmean2: 0.265241026878
        dvar: 0.042508199811
        dvar2: 0.101342462003
        max: 6.10610771179
        mean: 0.941449761391
        median: 0.81842893362
        min: -0.0247564185411
        var: 0.206262975931
    spectral_spread:
        dmean: 359619.75
        dmean2: 557799.625
        dvar: 337668997120
        dvar2: 548286824448
        max: 40753248
        mean: 4584757.5
        median: 4498201
        min: 1543050.5
        var: 1.63470757069e+012
    spectral_strongpeak:
        dmean: 0.485194772482
        dmean2: 0.859215974808
        dvar: 0.759069085121
        dvar2: 2.00192523003
        max: 12.7913312912
        mean: 0.644581377506
        median: 0.247034624219
        min: 0
        var: 0.867995560169
    zerocrossingrate:
        dmean: 0.00862218160182
        dmean2: 0.0100820735097
        dvar: 7.85016236478e-005
        dvar2: 8.61209555296e-005
        max: 0.5009765625
        mean: 0.115002527833
        median: 0.12353515625
        min: 0.00537109375
        var: 0.00138523522764
    barkbands:
        dmean: [5.66421363146e-007, 8.89013899723e-005, 0.000201432208996, 0.000198932146304, 0.00029278054717, 0.000154659152031, 7.076554175e-005, 8.68495189934e-005, 9.79144388111e-005, 3.43140309269e-005, 3.137227759e-005, 3.96366631321e-005, 2.93513621727e-005, 3.07286281895e-005, 4.29094325227e-005, 6.51772352285e-005, 0.000126876766444, 0.000149595638504, 0.000331150746206, 0.000325600907672, 0.000200242371648, 7.5356932939e-005, 6.76926129017e-006, 1.48110257214e-006, 7.30287695205e-007, 2.85259567079e-008, 5.12119124885e-010]
        dmean2: [9.04280454961e-007, 0.000156929512741, 0.000334451906383, 0.000330309441779, 0.000487104232889, 0.000257149542449, 0.000108567946882, 0.000136854039738, 0.000140346863191, 5.31232908543e-005, 5.01186368638e-005, 6.29836940789e-005, 4.67037789349e-005, 4.92663202749e-005, 7.0356814831e-005, 0.00010776000272, 0.000213690844248, 0.000252587691648, 0.000558547035325, 0.000547326228116, 0.000335854303557, 0.000123726596939, 1.08692975118e-005, 2.2419628749e-006, 1.0993920796e-006, 4.1982385568e-008, 8.18152823268e-010]
        dvar: [9.3214563672e-013, 3.98280164404e-008, 8.30969426602e-008, 1.01558015331e-007, 3.65477148989e-007, 1.0111740778e-007, 3.54928495483e-008, 4.81383892748e-008, 4.61219187287e-008, 1.0228216496e-008, 6.16978201862e-009, 9.94432625134e-009, 3.90618426493e-009, 4.67415395278e-009, 9.24719323336e-009, 1.02751700481e-008, 2.23556071433e-008, 4.07067339836e-008, 2.29930861906e-007, 2.22664695571e-007, 1.04454194627e-007, 1.087507151e-008, 9.57567081183e-011, 1.42035385189e-011, 3.6768695727e-012, 7.5060442955e-015, 1.83720060732e-018]
        dvar2: [2.31003757789e-012, 1.08985183545e-007, 2.29155261877e-007, 2.85587674398e-007, 9.89178033706e-007, 2.83108107624e-007, 8.16254654978e-008, 1.10904451844e-007, 9.54240420015e-008, 2.25607657001e-008, 1.53446642059e-008, 2.34284076583e-008, 9.52941370258e-009, 1.14142153507e-008, 2.15935180847e-008, 2.67530815279e-008, 6.12005024436e-008, 1.10089224847e-007, 6.13756071743e-007, 5.93832055529e-007, 2.73552046792e-007, 2.74181211068e-008, 2.36623942662e-010, 2.6791457941e-011, 7.03591178375e-012, 1.41498446261e-014, 4.1663350375e-018]
        max: [1.25777878566e-005, 0.00150418607518, 0.0045610726811, 0.00601903256029, 0.0103277079761, 0.00507209682837, 0.0053092315793, 0.00502920150757, 0.00586896017194, 0.00345442956313, 0.0023249052465, 0.00321332691237, 0.00113286811393, 0.00236029876396, 0.0022319231648, 0.00181298796088, 0.00195184058975, 0.00307734776288, 0.0067571294494, 0.00799180660397, 0.00530900945887, 0.00161884445697, 0.000221123365918, 0.000122407262097, 5.5316475482e-005, 2.89211493509e-006, 6.36740082882e-008]
        mean: [8.57727172843e-007, 8.79427461769e-005, 0.000359859579476, 0.000314144854201, 0.000475630629808, 0.000260636355961, 0.000130059066578, 0.000141626791446, 0.000252586760325, 5.7950757764e-005, 5.00593159813e-005, 7.07246217644e-005, 5.03124865645e-005, 5.71965538256e-005, 8.24231246952e-005, 0.000134076180984, 0.000269159296295, 0.000299463048577, 0.000678760756273, 0.000700932112522, 0.000406017818023, 0.000192846011487, 1.70914663613e-005, 4.03032163376e-006, 1.7485222088e-006, 5.68896005859e-008, 7.01648850132e-010]
        median: [4.37519076968e-007, 3.81152931368e-005, 0.00026114837965, 0.000181174880709, 0.000279429397779, 0.000117666699225, 3.43745086866e-005, 3.30887596647e-005, 5.63185894862e-005, 1.93202413357e-005, 2.02450373763e-005, 2.68563908321e-005, 2.16679109144e-005, 2.13902949326e-005, 4.30103100371e-005, 9.09681839403e-005, 0.000228234304814, 0.000241748144617, 0.000588752969634, 0.000550115772057, 0.00031187737477, 0.00016088951088, 1.30109847305e-005, 2.81668644675e-006, 1.03278841834e-006, 2.04928998215e-008, 1.88340426588e-010]
        min: [4.73319698576e-025, 3.51745031257e-024, 5.14021765842e-024, 3.91892371534e-024, 2.56344121907e-023, 1.6676481671e-023, 2.74638926481e-023, 4.40217895925e-023, 3.67327526935e-023, 7.0085583507e-023, 9.41515524692e-023, 5.17066264065e-023, 4.43982150838e-023, 8.78936072605e-023, 7.60741611156e-023, 1.42522363787e-022, 1.50417839084e-022, 1.71393675797e-022, 2.49432188919e-022, 2.3002527664e-022, 4.83452736811e-022, 4.70350931e-022, 6.61546429157e-022, 7.40070325239e-022, 1.04012670981e-021, 1.78510099833e-021, 2.35640088165e-021]
        var: [1.36985832833e-012, 2.84802137429e-008, 1.28512198216e-007, 1.76850988964e-007, 4.56817019767e-007, 1.58105606829e-007, 1.21522774066e-007, 1.03874072011e-007, 2.80079234471e-007, 2.8322958201e-008, 1.36504674231e-008, 2.58401904318e-008, 8.653725736e-009, 1.31498172351e-008, 2.55084806611e-008, 2.66923709802e-008, 5.21501561934e-008, 7.82923379461e-008, 3.57961283726e-007, 4.65167602215e-007, 1.67113398675e-007, 3.16844612769e-008, 2.81532797075e-010, 3.52075313348e-011, 9.40459082138e-012, 1.80518882449e-014, 3.69208137305e-018]
    frequency_bands:
        dmean: [5.66421363146e-007, 8.89013899723e-005, 0.000201432208996, 0.000198932146304, 0.00029278054717, 0.000154659152031, 7.076554175e-005, 8.68495189934e-005, 9.79144388111e-005, 3.43140309269e-005, 3.137227759e-005, 3.96366631321e-005, 2.93513621727e-005, 3.07286281895e-005, 4.29094325227e-005, 6.51772352285e-005, 0.000126876766444, 0.000149595638504, 0.000331150746206, 0.000325600907672, 0.000200242371648, 7.5356932939e-005, 6.76926129017e-006, 1.48110257214e-006, 7.30287695205e-007, 2.85259567079e-008, 5.12119124885e-010, 6.19852641437e-011]
        dmean2: [9.04280454961e-007, 0.000156929512741, 0.000334451906383, 0.000330309441779, 0.000487104232889, 0.000257149542449, 0.000108567946882, 0.000136854039738, 0.000140346863191, 5.31232908543e-005, 5.01186368638e-005, 6.29836940789e-005, 4.67037789349e-005, 4.92663202749e-005, 7.0356814831e-005, 0.00010776000272, 0.000213690844248, 0.000252587691648, 0.000558547035325, 0.000547326228116, 0.000335854303557, 0.000123726596939, 1.08692975118e-005, 2.2419628749e-006, 1.0993920796e-006, 4.1982385568e-008, 8.18152823268e-010, 1.15756682018e-010]
        dvar: [9.3214563672e-013, 3.98280164404e-008, 8.30969426602e-008, 1.01558015331e-007, 3.65477148989e-007, 1.0111740778e-007, 3.54928495483e-008, 4.81383892748e-008, 4.61219187287e-008, 1.0228216496e-008, 6.16978201862e-009, 9.94432625134e-009, 3.90618426493e-009, 4.67415395278e-009, 9.24719323336e-009, 1.02751700481e-008, 2.23556071433e-008, 4.07067339836e-008, 2.29930861906e-007, 2.22664695571e-007, 1.04454194627e-007, 1.087507151e-008, 9.57567081183e-011, 1.42035385189e-011, 3.6768695727e-012, 7.5060442955e-015, 1.83720060732e-018, 8.06168932524e-021]
        dvar2: [2.31003757789e-012, 1.08985183545e-007, 2.29155261877e-007, 2.85587674398e-007, 9.89178033706e-007, 2.83108107624e-007, 8.16254654978e-008, 1.10904451844e-007, 9.54240420015e-008, 2.25607657001e-008, 1.53446642059e-008, 2.34284076583e-008, 9.52941370258e-009, 1.14142153507e-008, 2.15935180847e-008, 2.67530815279e-008, 6.12005024436e-008, 1.10089224847e-007, 6.13756071743e-007, 5.93832055529e-007, 2.73552046792e-007, 2.74181211068e-008, 2.36623942662e-010, 2.6791457941e-011, 7.03591178375e-012, 1.41498446261e-014, 4.1663350375e-018, 2.58508287837e-020]
        max: [1.25777878566e-005, 0.00150418607518, 0.0045610726811, 0.00601903256029, 0.0103277079761, 0.00507209682837, 0.0053092315793, 0.00502920150757, 0.00586896017194, 0.00345442956313, 0.0023249052465, 0.00321332691237, 0.00113286811393, 0.00236029876396, 0.0022319231648, 0.00181298796088, 0.00195184058975, 0.00307734776288, 0.0067571294494, 0.00799180660397, 0.00530900945887, 0.00161884445697, 0.000221123365918, 0.000122407262097, 5.5316475482e-005, 2.89211493509e-006, 6.36740082882e-008, 1.53261670022e-009]
        mean: [8.57727172843e-007, 8.79427461769e-005, 0.000359859579476, 0.000314144854201, 0.000475630629808, 0.000260636355961, 0.000130059066578, 0.000141626791446, 0.000252586760325, 5.7950757764e-005, 5.00593159813e-005, 7.07246217644e-005, 5.03124865645e-005, 5.71965538256e-005, 8.24231246952e-005, 0.000134076180984, 0.000269159296295, 0.000299463048577, 0.000678760756273, 0.000700932112522, 0.000406017818023, 0.000192846011487, 1.70914663613e-005, 4.03032163376e-006, 1.7485222088e-006, 5.68896005859e-008, 7.01648850132e-010, 4.74724322352e-011]
        median: [4.37519076968e-007, 3.81152931368e-005, 0.00026114837965, 0.000181174880709, 0.000279429397779, 0.000117666699225, 3.43745086866e-005, 3.30887596647e-005, 5.63185894862e-005, 1.93202413357e-005, 2.02450373763e-005, 2.68563908321e-005, 2.16679109144e-005, 2.13902949326e-005, 4.30103100371e-005, 9.09681839403e-005, 0.000228234304814, 0.000241748144617, 0.000588752969634, 0.000550115772057, 0.00031187737477, 0.00016088951088, 1.30109847305e-005, 2.81668644675e-006, 1.03278841834e-006, 2.04928998215e-008, 1.88340426588e-010, 1.7255868609e-011]
        min: [4.73319698576e-025, 3.51745031257e-024, 5.14021765842e-024, 3.91892371534e-024, 2.56344121907e-023, 1.6676481671e-023, 2.74638926481e-023, 4.40217895925e-023, 3.67327526935e-023, 7.0085583507e-023, 9.41515524692e-023, 5.17066264065e-023, 4.43982150838e-023, 8.78936072605e-023, 7.60741611156e-023, 1.42522363787e-022, 1.50417839084e-022, 1.71393675797e-022, 2.49432188919e-022, 2.3002527664e-022, 4.83452736811e-022, 4.70350931e-022, 6.61546429157e-022, 7.40070325239e-022, 1.04012670981e-021, 1.78510099833e-021, 2.35640088165e-021, 5.58602327702e-022]
        var: [1.36985832833e-012, 2.84802137429e-008, 1.28512198216e-007, 1.76850988964e-007, 4.56817019767e-007, 1.58105606829e-007, 1.21522774066e-007, 1.03874072011e-007, 2.80079234471e-007, 2.8322958201e-008, 1.36504674231e-008, 2.58401904318e-008, 8.653725736e-009, 1.31498172351e-008, 2.55084806611e-008, 2.66923709802e-008, 5.21501561934e-008, 7.82923379461e-008, 3.57961283726e-007, 4.65167602215e-007, 1.67113398675e-007, 3.16844612769e-008, 2.81532797075e-010, 3.52075313348e-011, 9.40459082138e-012, 1.80518882449e-014, 3.69208137305e-018, 6.26716218378e-021]
    mfcc:
        mean: [-710.647705078, 85.7374420166, -37.3719749451, 73.8154602051, -19.0253276825, -0.205175325274, -3.07220339775, -2.80570220947, 0.63139373064, -8.45707416534, -3.86189031601, -6.86630439758, -5.1989774704]
        cov: [[6381.85400391, -521.906494141, -332.654083252, 773.067260742, -355.148468018, 494.428161621, 88.782913208, 224.833816528, 76.0590896606, -16.3073120117, 83.2075653076, -45.2651557922, -56.1693382263], [-521.906494141, 950.789733887, -191.734924316, -137.368927002, -9.48786067963, -264.389190674, -100.821495056, -76.9354629517, -27.3498630524, -23.8910083771, 5.58980464935, 9.02192497253, -3.59245562553], [-332.654083252, -191.734924316, 413.649108887, 70.7015914917, 40.2326393127, 69.180015564, 30.8822441101, 11.6149368286, 1.46585762501, 2.16735911369, -3.18951654434, 1.2260658741, 3.90047097206], [773.067260742, -137.368927002, 70.7015914917, 390.610748291, 30.3819198608, 150.514434814, 66.7917556763, 63.1953125, 33.9686965942, -11.9212331772, -2.47584414482, -28.3843402863, -2.75240683556], [-355.148468018, -9.48786067963, 40.2326393127, 30.3819198608, 184.046188354, 47.7119674683, 20.6586227417, -11.0027084351, 7.48785829544, 15.156920433, -3.54629611969, -8.79961585999, -4.90599727631], [494.428161621, -264.389190674, 69.180015564, 150.514434814, 47.7119674683, 257.367218018, 91.6529541016, 81.5953521729, 34.6757698059, 10.5359554291, 26.0045375824, -11.8667812347, -13.7906904221], [88.782913208, -100.821495056, 30.8822441101, 66.7917556763, 20.6586227417, 91.6529541016, 146.806106567, 87.5541992188, 25.8464756012, -0.500517547131, -6.29579019547, -2.39467334747, -0.322020620108], [224.833816528, -76.9354629517, 11.6149368286, 63.1953125, -11.0027084351, 81.5953521729, 87.5541992188, 144.038650513, 57.3752555847, 4.9741191864, 11.7993831635, -3.4892077446, -5.34822273254], [76.0590896606, -27.3498630524, 1.46585762501, 33.9686965942, 7.48785829544, 34.6757698059, 25.8464756012, 57.3752555847, 89.4998397827, 45.0835189819, 17.3784503937, -8.57457256317, -13.8248472214], [-16.3073120117, -23.8910083771, 2.16735911369, -11.9212331772, 15.156920433, 10.5359554291, -0.500517547131, 4.9741191864, 45.0835189819, 92.764213562, 40.8163757324, -0.868305027485, -22.0481243134], [83.2075653076, 5.58980464935, -3.18951654434, -2.47584414482, -3.54629611969, 26.0045375824, -6.29579019547, 11.7993831635, 17.3784503937, 40.8163757324, 80.8158569336, 23.9031982422, -9.77171230316], [-45.2651557922, 9.02192497253, 1.2260658741, -28.3843402863, -8.79961585999, -11.8667812347, -2.39467334747, -3.4892077446, -8.57457256317, -0.868305027485, 23.9031982422, 55.285369873, 27.1909561157], [-56.1693382263, -3.59245562553, 3.90047097206, -2.75240683556, -4.90599727631, -13.7906904221, -0.322020620108, -5.34822273254, -13.8248472214, -22.0481243134, -9.77171230316, 27.1909561157, 70.4868850708]]
        icov: [[0.000350343587343, 5.76570346311e-005, 0.000415751128457, -0.000647788052447, 0.000799817964435, -0.000581803615205, 0.000334759621182, -0.000143809083966, 0.000191425599041, -0.000103566933831, -2.49162276305e-005, -0.000123783029267, 0.000215720720007], [5.76570346311e-005, 0.00171089090873, 0.000588787777815, -0.000225806899834, -0.000457399961306, 0.00186191638932, 4.13112938986e-005, -4.65927450932e-006, -0.000363087980077, 0.00112085777801, -0.00130008033011, 0.000288102921331, 0.000412043445976], [0.000415751128457, 0.000588787777815, 0.00326234288514, -0.00110727467109, 0.000416033668444, -0.000648479617666, 0.000261800829321, -3.9927304897e-005, 0.000412800000049, -0.000151308340719, 7.64027936384e-005, -0.000583023647778, 0.000306930101942], [-0.000647788052447, -0.000225806899834, -0.00110727467109, 0.00479760020971, -0.00146776472684, -0.000802588183433, -0.00092793465592, 0.000335767719662, -0.00143915810622, 0.00132229994051, -0.000264865520876, 0.00208464334719, -0.00122659525368], [0.000799817964435, -0.000457399961306, 0.000416033668444, -0.00146776472684, 0.00827662553638, -0.00326844165102, -0.000377027026843, 0.00185114389751, -0.000129575579194, -0.00166364584584, 0.00118520460092, 1.53414148372e-005, 0.000221631242312], [-0.000581803615205, 0.00186191638932, -0.000648479617666, -0.000802588183433, -0.00326844165102, 0.0102335670963, -0.00308845913969, -0.00130154308863, -0.000491633662023, 0.00207819626667, -0.00453937891871, 0.00197538733482, 0.000459951465018], [0.000334759621182, 4.13112938986e-005, 0.000261800829321, -0.00092793465592, -0.000377027026843, -0.00308845913969, 0.0133309969679, -0.00783155951649, 0.00258245738223, -0.0021329652518, 0.0040920348838, -0.00245809927583, 0.000409170315834], [-0.000143809083966, -4.65927450932e-006, -3.9927304897e-005, 0.000335767719662, 0.00185114389751, -0.00130154308863, -0.00783155951649, 0.0167663227767, -0.0100998207927, 0.00516196340322, -0.00301992543973, 0.000616592064034, -1.17227127703e-005], [0.000191425599041, -0.000363087980077, 0.000412800000049, -0.00143915810622, -0.000129575579194, -0.000491633662023, 0.00258245738223, -0.0100998207927, 0.0229796804488, -0.0118069741875, 0.00223615346476, 0.00132185034454, -0.000190757898963], [-0.000103566933831, 0.00112085777801, -0.000151308340719, 0.00132229994051, -0.00166364584584, 0.00207819626667, -0.0021329652518, 0.00516196340322, -0.0118069741875, 0.0220818035305, -0.0106161348522, 0.00253319344483, 0.00284978374839], [-2.49162276305e-005, -0.00130008033011, 7.64027936384e-005, -0.000264865520876, 0.00118520460092, -0.00453937891871, 0.0040920348838, -0.00301992543973, 0.00223615346476, -0.0106161348522, 0.0240525193512, -0.0131282592192, 0.0043999068439], [-0.000123783029267, 0.000288102921331, -0.000583023647778, 0.00208464334719, 1.53414148372e-005, 0.00197538733482, -0.00245809927583, 0.000616592064034, 0.00132185034454, 0.00253319344483, -0.0131282592192, 0.0314188748598, -0.0124356588349], [0.000215720720007, 0.000412043445976, 0.000306930101942, -0.00122659525368, 0.000221631242312, 0.000459951465018, 0.000409170315834, -1.17227127703e-005, -0.000190757898963, 0.00284978374839, 0.0043999068439, -0.0124356588349, 0.0206825789064]]
    sccoeffs:
        dmean: [0.0473992787302, 0.0442968942225, 0.033674325794, 0.0276095662266, 0.0200940556824, 0.0179909151047]
        dmean2: [0.0782122537494, 0.0722735598683, 0.0550509765744, 0.0458072386682, 0.0334707312286, 0.0285789426416]
        dvar: [0.00151366693899, 0.00132187758572, 0.000734130502678, 0.000470307422802, 0.000270831777016, 0.000320301973261]
        dvar2: [0.00417013140395, 0.00348266027868, 0.00194823206402, 0.0012392597273, 0.000698457937688, 0.000680518045556]
        max: [-0.391165614128, -0.34477981925, -0.45121011138, -0.52942687273, -0.630293309689, -0.579596579075]
        mean: [-0.640220284462, -0.723626315594, -0.780408024788, -0.785983741283, -0.78812533617, -0.695346593857]
        median: [-0.640592873096, -0.738338530064, -0.795045673847, -0.794305801392, -0.792976856232, -0.686999857426]
        min: [-0.957046627998, -0.970002055168, -0.970790743828, -0.964411795139, -0.960528194904, -0.959626615047]
        var: [0.00504804821685, 0.00930045358837, 0.00528374267742, 0.00310048880056, 0.00138556829188, 0.00208718352951]
    scvalleys:
        dmean: [0.342928379774, 0.369206428528, 0.304460316896, 0.27129265666, 0.235362142324, 0.183750107884]
        dmean2: [0.561984837055, 0.594212710857, 0.483477652073, 0.421981841326, 0.351226359606, 0.266147166491]
        dvar: [0.0976692587137, 0.139788001776, 0.0995591878891, 0.0958504974842, 0.106429263949, 0.0687994658947]
        dvar2: [0.221856296062, 0.316384315491, 0.194420695305, 0.168624013662, 0.170508250594, 0.110699981451]
        max: [-5.09543323517, -4.56354856491, -5.20513916016, -5.805747509, -5.38912534714, -7.80598926544]
        mean: [-6.94951057434, -7.04716920853, -7.55518913269, -7.67681407928, -6.9296913147, -9.81615352631]
        median: [-6.58175516129, -6.8479590416, -7.30895185471, -7.36455059052, -6.42226982117, -9.35385513306]
        min: [-27.5587673187, -27.5306797028, -27.1120166779, -27.4067993164, -27.5161590576, -27.2714252472]
        var: [2.18620872498, 1.59464693069, 1.50505113602, 1.5174498558, 1.9808716774, 1.96232390404]

rhythm:
    beats_loudness:
        dmean: 0.00209200405516
        dmean2: 0.00385939958505
        dvar: 3.08576704811e-006
        dvar2: 1.01302784969e-005
        max: 0.0131986578926
        mean: 0.00642520328984
        median: 0.0070069571957
        min: 7.06955934765e-012
        var: 8.86250018084e-006
    bpm: 98.0866241455
    bpm_confidence: 0
    first_peak_bpm: 98
    first_peak_spread: 0.091954022646
    first_peak_weight: 0.77450978756
    onset_rate: 2.44521546364
    second_peak_bpm: 120
    second_peak_spread: 0.521739125252
    second_peak_weight: 0.0269607845694
    beats_loudness_band_ratio:
        dmean: [0.0892873182893, 0.117378346622, 0.0771963596344, 0.0300569105893, 0.0600869134068, 0.113945364952]
        dmean2: [0.158143743873, 0.216186568141, 0.127605557442, 0.0540385320783, 0.103986687958, 0.203812599182]
        dvar: [0.00736174033955, 0.0109435152262, 0.00899572577327, 0.00168394926004, 0.0026215382386, 0.00851151254028]
        dvar2: [0.0209212265909, 0.0304936151952, 0.0224084425718, 0.00434299046174, 0.0065678646788, 0.0259176827967]
        max: [0.727520704269, 0.953492820263, 0.746763527393, 0.464206129313, 0.569987595081, 0.768118083477]
        mean: [0.156994253397, 0.150213599205, 0.107687681913, 0.0443024002016, 0.162208199501, 0.418583005667]
        median: [0.139830857515, 0.10935985297, 0.0557749792933, 0.0294993110001, 0.155473992229, 0.447545200586]
        min: [0, 0, 0, 0, 0, 0]
        var: [0.0103593990207, 0.0199355632067, 0.0164508018643, 0.00218366738409, 0.00497485185042, 0.0323759913445]
    beats_position: [0.592108845711, 1.18421769142, 1.77632653713, 2.36843538284, 2.96054410934, 3.56426286697, 4.1679816246, 4.77170038223, 5.3754196167, 5.9675283432, 6.57124710083, 7.17496585846, 7.77868461609, 8.40562343597, 9.0093421936, 9.63628101349, 10.2516098022, 10.866938591, 11.4706573486, 12.0743761063, 12.689704895, 13.3050336838, 13.9087524414, 14.5356912613, 15.15102005, 15.7663488388, 16.3700675964, 16.9853973389, 17.600725174, 18.2044448853, 18.8081626892, 19.4118824005, 20.0388202667, 20.6657600403, 21.2694778442, 21.8731975555, 22.4885253906, 23.1038551331, 23.707572937, 24.3229026794, 24.9382305145, 25.553560257, 26.1572780609, 26.7726078033, 27.3879356384, 28.0032653809, 28.6069831848, 29.2339229584, 29.8492507935, 30.4645805359, 31.0682983398, 31.6720180511, 32.2873458862, 32.9026756287, 33.5180053711, 34.1333312988, 34.7486610413, 35.3639907837, 35.9677085876, 36.5714263916, 37.186756134, 37.8020858765, 38.4174156189, 39.0327415466, 39.6480712891, 40.2634010315, 40.8671188354, 41.4708366394, 42.0861663818, 42.7014961243, 43.3052139282, 43.9205436707, 44.5358734131, 45.139591217, 45.7665290833, 46.3702468872, 46.9855766296, 47.6009063721, 48.204624176, 48.80834198, 49.4352836609, 50.0390014648, 50.6543312073, 51.269657135, 51.8849868774, 52.5003166199, 53.1040344238, 53.7077522278, 54.3230819702, 54.9384117126, 55.5537414551, 56.1690673828, 56.7843971252, 57.3997268677, 58.0034446716, 58.6071662903, 59.2341041565, 59.8610420227, 60.4647598267, 61.0684814453, 61.683807373, 62.2991371155, 62.9028549194, 63.5297966003, 64.1335144043, 64.748840332, 65.3525619507, 65.9678878784, 66.5716094971, 67.1869354248, 67.8022689819, 68.4059829712, 69.0329208374, 69.6366424561, 70.2403640747, 70.8556900024, 71.4710159302, 72.0747375488, 72.6900634766, 73.3053970337, 73.9207229614, 74.5360565186, 75.1397705078, 75.7434921265, 76.3588180542, 76.9741516113, 77.5778656006, 78.2048034668, 78.8085250854, 79.4122467041, 80.0275726318, 80.6428985596, 81.2582321167, 81.8735580444, 82.4888839722, 83.1042175293, 83.719543457, 84.3348770142, 84.9385910034, 85.5539245605, 86.1692504883, 86.7729721069, 87.3766860962, 87.9804077148, 88.6073455811, 89.2226715088, 89.8380050659, 90.4533309937, 91.0686569214, 91.6839904785, 92.2761001587, 92.8798141479, 93.4951477051, 94.1104736328, 94.7257995605, 95.3411331177, 95.9564590454, 96.5717926025, 97.1755065918, 97.7792282104, 98.3945541382, 99.0098876953, 99.625213623, 100.240539551, 100.855873108, 101.471199036, 102.074920654, 102.690246582, 103.305580139, 103.909294128, 104.524627686, 105.139953613, 105.743675232, 106.347389221, 106.962722778, 107.578048706, 108.181770325, 108.785484314, 109.389205933, 110.016143799, 110.619865417, 111.235191345, 111.850517273, 112.477455139, 113.104400635, 113.719726563, 114.33505249, 114.938774109, 115.554100037, 116.169433594, 116.784759521, 117.400085449, 118.015419006, 118.630744934, 119.234466553, 119.838180542, 120.453514099, 121.068840027, 121.684173584, 122.299499512, 122.90322113, 123.50693512, 124.122268677, 124.737594604, 125.352920532, 125.968254089, 126.583580017, 127.198905945, 127.814239502, 128.42956543, 129.033279419, 129.637008667, 130.240722656, 130.844436646, 131.459777832, 132.07510376, 132.678817749, 133.305755615, 133.921081543, 134.536407471, 135.140136719, 135.743850708, 136.347564697, 136.951293945, 137.566619873, 138.181945801, 138.797271729, 139.412597656, 140.039550781, 140.643264771, 141.24697876, 141.862304688, 142.477645874, 143.092971802, 143.708297729, 144.323623657, 144.938949585, 145.554275513, 146.158004761, 146.76171875, 147.377044678, 147.992385864, 148.607711792, 149.211425781, 149.826751709, 150.442077637, 151.057418823, 151.661132813, 152.27645874, 152.903396606, 153.518722534, 154.134063721, 154.73777771, 155.341491699, 155.945205688, 156.548934937, 157.164260864, 157.779586792, 158.39491272, 159.010253906, 159.625579834, 160.240905762, 160.844619751, 161.448348999, 162.063674927, 162.679000854, 163.294326782, 163.90965271, 164.524978638, 165.140319824, 165.744033813, 166.347747803, 166.96307373, 167.578414917, 168.193740845, 168.809066772, 169.4243927, 170.039718628, 170.643447876, 171.247161865, 171.850875854, 172.454605103, 173.06993103, 173.685256958, 174.300582886, 174.915908813, 175.519638062, 176.146575928, 176.773513794, 177.388839722, 178.004165649, 178.607894897, 179.223220825, 179.826934814, 180.442260742, 181.04598999, 181.672927856, 182.276641846, 182.891967773, 183.507293701, 184.111022949, 184.714736938, 185.330062866, 185.945388794, 186.57232666, 187.176055908, 187.791381836, 188.406707764, 189.022033691, 189.637359619, 190.241088867, 190.844802856, 191.471740723, 192.075454712, 192.690795898, 193.294509888, 193.909835815, 194.525161743, 195.140487671, 195.744216919, 196.359542847, 196.974868774, 197.590194702, 198.205535889, 198.820861816, 199.424575806, 200.039901733, 200.643630981, 201.258956909, 201.874282837, 202.489608765, 203.104934692, 203.70866394, 204.31237793, 204.916091919, 205.531417847, 206.146759033, 206.773696899, 207.389022827, 208.004348755, 208.608062744, 209.211791992, 209.82711792, 210.442443848, 211.057769775, 211.673095703, 212.276824951, 212.88053894, 213.495864868, 214.018310547, 214.540771484, 215.063217163, 215.539230347, 216.015228271, 216.479629517, 216.9556427, 217.443267822, 217.930877686, 218.430114746, 218.940948486, 219.440170288, 219.939407349, 220.450241089, 220.949478149, 221.46031189, 221.95954895, 222.458770752, 222.958007813, 223.457229614, 223.956451416, 224.467300415, 224.978134155, 225.488967896, 225.999816895, 226.510650635, 227.021499634, 227.532333374, 228.031555176, 228.530792236, 229.08807373, 229.645339966, 230.20262146, 230.748291016, 231.293960571, 231.851242065, 232.420135498, 232.989013672, 233.557907104, 234.126800537, 234.69569397, 235.252960205, 235.810241699, 236.379135132, 236.936416626, 237.49369812, 238.039367676, 238.585037231, 239.119094849, 239.664764404, 240.198822021, 240.744491577, 241.278549194, 241.812606812, 242.346664429, 242.880722046, 243.426391602, 243.983673096, 244.529342651, 245.086624146]
