
metadata:
    version:
        essentia: "2.1-beta2"
    audio_properties:
        analysis_sample_rate: 44100
        bitrate: 320
        channels: 2
        equal_loudness: 1
        length: 236.852249146
        replay_gain: -13.7200527191
        downmix: "mix"
    tags:
        album: "Saturate"
        artist: "Breaking Benjamin"
        comment: ""
        date: "2002"
        genre: "Metal Alternatif"
        title: "Saturate"
        tracknumber: "13"

configuration:
    average_loudness:
        compute: 1
        frameSize: 88200
        hopSize: 44100
        silentFrames: "noise"
        windowType: "hann"
    general:
        analysisSampleRate: 44100
        endTime: 2000
        equalLoudness: 1
        nequalLoudness: 0
        shortSound: 0
        startTime: 0
    lowlevel:
        compute: 1
        frameSize: 2048
        hopSize: 1024
        zeroPadding: 0
        silentFrames: "noise"
        windowType: "blackmanharris62"
        mfccStats: ["mean", "cov", "icov"]
        stats: ["mean", "var", "median", "min", "max", "dmean", "dmean2", "dvar", "dvar2"]
    panning:
        compute: 0
        frameSize: 8192
        hopSize: 2048
        zeroPadding: 8192
        silentFrames: "noise"
        windowType: "hann"
        stats: ["copy"]
    rhythm:
        compute: 1
        maxTempo: 208
        minTempo: 40
        method: "degara"
        stats: ["mean", "var", "median", "min", "max", "dmean", "dmean2", "dvar", "dvar2"]
    segmentation:
        compute: 0
        cpw: 5
        inc1: 300
        inc2: 50
        minimumSegmentsLength: 10
        size1: 1000
        size2: 600
    sfx:
        compute: 1
        stats: ["mean", "var", "median", "min", "max", "dmean", "dmean2", "dvar", "dvar2"]
    svm:
        compute: 0
    tonal:
        compute: 1
        frameSize: 4096
        hopSize: 2048
        zeroPadding: 0
        silentFrames: "noise"
        windowType: "blackmanharris62"
        stats: ["mean", "var", "median", "min", "max", "dmean", "dmean2", "dvar", "dvar2"]

lowlevel:
    average_loudness: 0.533291459084
    barkbands_kurtosis:
        dmean: 1.79215443134
        dmean2: 2.67109727859
        dvar: 10.9031057358
        dvar2: 22.0251235962
        max: 194.298965454
        mean: 5.02322101593
        median: 0.609503388405
        min: -1.91755640507
        var: 246.721923828
    barkbands_skewness:
        dmean: 0.385024040937
        dmean2: 0.592080533504
        dvar: 0.201313361526
        dvar2: 0.455847740173
        max: 11.2318964005
        mean: 1.37221610546
        median: 1.2535276413
        min: -2.53058958054
        var: 2.48564958572
    barkbands_spread:
        dmean: 4.79751396179
        dmean2: 7.52665233612
        dvar: 39.0789871216
        dvar2: 89.7840652466
        max: 75.7431411743
        mean: 24.7304859161
        median: 24.5843048096
        min: 0.414280354977
        var: 183.798446655
    dissonance:
        dmean: 0.0140330214053
        dmean2: 0.0231143441051
        dvar: 0.000184690230526
        dvar2: 0.00046095464495
        max: 0.500000059605
        mean: 0.460372030735
        median: 0.466818749905
        min: 0.246776401997
        var: 0.00092703331029
    hfc:
        dmean: 1.25017082691
        dmean2: 2.04991889
        dvar: 7.27402734756
        dvar2: 19.6198196411
        max: 52.9301643372
        mean: 4.7905626297
        median: 1.72572779655
        min: 1.0445616923e-016
        var: 45.3902893066
    pitch:
        dmean: 484.494598389
        dmean2: 940.624389648
        dvar: 1208066.375
        dvar2: 2999407.75
        max: 5280.40332031
        mean: 790.229248047
        median: 210.579040527
        min: 51.9480514526
        var: 1587021.625
    pitch_instantaneous_confidence:
        dmean: 0.0664599686861
        dmean2: 0.104934535921
        dvar: 0.00395007338375
        dvar2: 0.00983695499599
        max: 0.95335572958
        mean: 0.486702531576
        median: 0.474357068539
        min: 0.0880472660065
        var: 0.0218343827873
    pitch_salience:
        dmean: 0.0484447702765
        dmean2: 0.0768919214606
        dvar: 0.00212227203883
        dvar2: 0.00553190056235
        max: 0.952889621258
        mean: 0.559887111187
        median: 0.564045786858
        min: 0.0853449478745
        var: 0.0128453820944
    silence_rate_20dB:
        dmean: 0
        dmean2: 0
        dvar: 0
        dvar2: 0
        max: 1
        mean: 1
        median: 1
        min: 1
        var: 0
    silence_rate_30dB:
        dmean: 0
        dmean2: 0
        dvar: 0
        dvar2: 0
        max: 1
        mean: 1
        median: 1
        min: 1
        var: 0
    silence_rate_60dB:
        dmean: 0.0707773715258
        dmean2: 0.141568630934
        dvar: 0.0657649636269
        dvar2: 0.14484718442
        max: 1
        mean: 0.567731797695
        median: 1
        min: 0
        var: 0.24539399147
    spectral_centroid:
        dmean: 175.161071777
        dmean2: 275.668334961
        dvar: 74701.28125
        dvar2: 165284.265625
        max: 11877.6396484
        mean: 1090.78625488
        median: 770.127563477
        min: 129.242721558
        var: 1418273.875
    spectral_complexity:
        dmean: 1.81335163116
        dmean2: 2.9990196228
        dvar: 6.9529004097
        dvar2: 17.5224456787
        max: 48
        mean: 9.7228975296
        median: 6
        min: 0
        var: 83.1219711304
    spectral_crest:
        dmean: 1.63831615448
        dmean2: 2.60879182816
        dvar: 2.85810375214
        dvar2: 7.62155342102
        max: 24.8418807983
        mean: 9.18581295013
        median: 8.41836071014
        min: 2.72514414787
        var: 14.259472847
    spectral_decrease:
        dmean: 1.7690214571e-010
        dmean2: 2.86734691546e-010
        dvar: 7.06282866903e-020
        dvar2: 1.93770044096e-019
        max: 2.40577153817e-028
        mean: -8.04603383919e-010
        median: -6.48758435862e-010
        min: -5.38317479482e-009
        var: 3.89786219596e-019
    spectral_energy:
        dmean: 0.00075917301001
        dmean2: 0.0012333211489
        dvar: 1.42230373967e-006
        dvar2: 3.88681792174e-006
        max: 0.0232486017048
        mean: 0.00347128580324
        median: 0.00264489278197
        min: 1.00013826252e-020
        var: 8.32847399579e-006
    spectral_energyband_high:
        dmean: 0.000107353087515
        dmean2: 0.000183040610864
        dvar: 8.19026837462e-008
        dvar2: 2.24760626111e-007
        max: 0.00439443951473
        mean: 0.000244748662226
        median: 1.99532441911e-005
        min: 7.06366198887e-021
        var: 2.63417575752e-007
    spectral_energyband_low:
        dmean: 0.000219202687731
        dmean2: 0.000352048053173
        dvar: 1.39876092931e-007
        dvar2: 3.99580159183e-007
        max: 0.00448322901502
        mean: 0.000562096422072
        median: 0.000456080189906
        min: 2.03868289853e-023
        var: 2.20651713789e-007
    spectral_energyband_middle_high:
        dmean: 0.000286319409497
        dmean2: 0.000467257224955
        dvar: 2.91629703497e-007
        dvar2: 7.78327887474e-007
        max: 0.0133235650137
        mean: 0.00116105296183
        median: 0.000363204366295
        min: 1.19949731237e-021
        var: 2.58807403952e-006
    spectral_energyband_middle_low:
        dmean: 0.000499817891978
        dmean2: 0.000797981163487
        dvar: 5.55328085738e-007
        dvar2: 1.510062134e-006
        max: 0.015763502568
        mean: 0.00174843159039
        median: 0.00138087722007
        min: 1.76123622676e-022
        var: 2.10267421608e-006
    spectral_flatness_db:
        dmean: 0.015889801085
        dmean2: 0.0232909247279
        dvar: 0.000272773060715
        dvar2: 0.000551589473616
        max: 0.54391092062
        mean: 0.196819275618
        median: 0.184960052371
        min: 0.059727717191
        var: 0.00473525701091
    spectral_flux:
        dmean: 0.00558094866574
        dmean2: 0.00857920385897
        dvar: 6.33294475847e-005
        dvar2: 0.000124136189697
        max: 0.114835590124
        mean: 0.023824762553
        median: 0.0189616270363
        min: 6.40297467824e-011
        var: 0.000334352691425
    spectral_kurtosis:
        dmean: 2.68221259117
        dmean2: 4.49628257751
        dvar: 17.0446395874
        dvar2: 46.0366439819
        max: 97.5352935791
        mean: 8.45439434052
        median: 5.51730728149
        min: -1.26127433777
        var: 116.020805359
    spectral_rms:
        dmean: 0.000183740048669
        dmean2: 0.000290289171971
        dvar: 6.03203247351e-008
        dvar2: 1.58390591309e-007
        max: 0.004762516357
        mean: 0.00166727625765
        median: 0.00160635705106
        min: 3.12369119286e-012
        var: 6.06809635428e-007
    spectral_rolloff:
        dmean: 366.06060791
        dmean2: 614.626281738
        dvar: 433679.875
        dvar2: 931732.1875
        max: 19487.5488281
        mean: 2065.65112305
        median: 2174.85351563
        min: 150.732421875
        var: 4576015.5
    spectral_skewness:
        dmean: 0.286404132843
        dmean2: 0.468967914581
        dvar: 0.127798825502
        dvar2: 0.319504469633
        max: 8.48770332336
        mean: 1.95442032814
        median: 1.82350254059
        min: -0.086766988039
        var: 1.05594205856
    spectral_spread:
        dmean: 509020.96875
        dmean2: 741580.75
        dvar: 734986240000
        dvar2: 1.4716511191e+012
        max: 42401440
        mean: 4458658.5
        median: 3938390.5
        min: 918708.1875
        var: 1.43513542984e+013
    spectral_strongpeak:
        dmean: 0.256530731916
        dmean2: 0.448459506035
        dvar: 0.369267404079
        dvar2: 1.02418875694
        max: 6.38146686554
        mean: 0.466251075268
        median: 0.182081282139
        min: 0
        var: 0.533368647099
    zerocrossingrate:
        dmean: 0.0067115817219
        dmean2: 0.00800192449242
        dvar: 6.16541728959e-005
        dvar2: 7.59203612688e-005
        max: 0.521484375
        mean: 0.0664959400892
        median: 0.05517578125
        min: 0.0048828125
        var: 0.00297867530026
    barkbands:
        dmean: [2.10926629052e-007, 5.65161899431e-005, 0.000133219873533, 0.000136854199809, 0.000268466013949, 0.00015061745944, 5.61007655051e-005, 4.5554501412e-005, 7.47913436498e-005, 3.90372733818e-005, 1.43442748595e-005, 1.30188409457e-005, 2.15147047129e-005, 2.25543244596e-005, 2.1105615815e-005, 3.88477528759e-005, 9.57080337685e-005, 8.6743668362e-005, 0.000134805959533, 9.67347659753e-005, 5.2373874496e-005, 2.05263677344e-005, 1.7908744212e-006, 7.12017026672e-007, 4.80692847304e-007, 2.60897135007e-008, 8.38302705031e-010]
        dmean2: [3.46949974528e-007, 9.62716076174e-005, 0.000211850638152, 0.000220845933654, 0.000451393600088, 0.000243878908805, 8.84358232724e-005, 6.8441084295e-005, 0.000105052320578, 5.22546106367e-005, 2.15049221879e-005, 1.95190896193e-005, 3.36102748406e-005, 3.56786586053e-005, 3.44474356098e-005, 6.38506317046e-005, 0.00015742094547, 0.00014266994549, 0.000225829848205, 0.000165866251336, 8.86824345798e-005, 3.53379327862e-005, 2.91647893391e-006, 1.11804854441e-006, 7.33840465728e-007, 4.04948359289e-008, 1.38124478521e-009]
        dvar: [3.16051059022e-013, 2.11562198871e-008, 5.21645695528e-008, 5.67040636668e-008, 2.64199286448e-007, 9.26845444837e-008, 1.27085284518e-008, 1.37710705062e-008, 3.90214651702e-008, 2.5631278433e-008, 8.91283047366e-010, 6.31810048723e-010, 6.73011868457e-009, 4.86201701122e-009, 2.72691447201e-009, 1.07400435212e-008, 3.63930148239e-008, 3.16944266388e-008, 8.86470417072e-008, 6.08159496096e-008, 1.98706509025e-008, 4.85122830796e-009, 1.89099395864e-011, 5.15951691094e-012, 2.67349662374e-012, 4.4368377753e-015, 7.1280146889e-018]
        dvar2: [7.96068831514e-013, 6.11455348576e-008, 1.48649533571e-007, 1.61425546708e-007, 7.54648226575e-007, 2.48819105764e-007, 2.98588709313e-008, 2.83022281167e-008, 7.22143411735e-008, 4.13077998473e-008, 1.9596533285e-009, 1.37538602729e-009, 1.59418593881e-008, 1.16650742399e-008, 7.27238891329e-009, 2.76746376926e-008, 9.9525024666e-008, 8.43411669393e-008, 2.43459737703e-007, 1.714869029e-007, 5.41604876503e-008, 1.37782469878e-008, 4.91627190347e-011, 1.11925642365e-011, 5.4507735131e-012, 1.00171734175e-014, 1.82041492066e-017]
        max: [9.36147625907e-006, 0.00181596702896, 0.00290630478412, 0.00638978648931, 0.00842175446451, 0.00806534104049, 0.00257975305431, 0.00374033534899, 0.0077662137337, 0.00726700993255, 0.000934842275456, 0.000551418343093, 0.00251476396807, 0.00219038873911, 0.0015155520523, 0.00349923828617, 0.00321065704338, 0.00342626264319, 0.00490630418062, 0.00344536732882, 0.00283480412327, 0.00203618896194, 8.47304181661e-005, 9.39513265621e-005, 5.96324825892e-005, 1.43677334563e-006, 4.36990532648e-008]
        mean: [3.1121018651e-007, 9.93618159555e-005, 0.000263698515482, 0.000335551158059, 0.000532943755388, 0.00035060805385, 0.000129101332277, 0.000105714934762, 0.000199968591915, 0.000116277915367, 3.32901217917e-005, 3.00758802041e-005, 4.30222680734e-005, 4.5392105676e-005, 4.50286170235e-005, 8.72124946909e-005, 0.000218369430513, 0.000192865583813, 0.000300830084598, 0.000197365574422, 9.61497134995e-005, 4.15528993472e-005, 3.95068445869e-006, 1.63769357187e-006, 9.64385662883e-007, 3.64624206384e-008, 7.7016160116e-010]
        median: [1.15378767873e-007, 6.29041460343e-005, 0.000188396632439, 0.000208391473279, 0.000331276212819, 0.000169753126102, 4.30449363193e-005, 1.51909989654e-005, 3.19481405313e-005, 8.32279147289e-006, 9.96932976705e-006, 1.03094571386e-005, 9.56463918556e-006, 9.35742627917e-006, 1.70802013599e-005, 2.20655056182e-005, 7.37588052289e-005, 6.81513483869e-005, 6.21955550741e-005, 1.78810878424e-005, 7.64144169807e-006, 2.54815086009e-006, 5.83058465509e-007, 2.78880634141e-007, 1.59209548656e-007, 3.34017191683e-009, 9.75298869443e-011]
        min: [1.31238657143e-024, 4.42886430929e-024, 1.21820604567e-024, 1.2002895354e-024, 5.77830949528e-024, 4.82932442023e-024, 8.36260401572e-024, 1.91214235181e-023, 5.18112956269e-024, 2.21954693154e-023, 1.08158020811e-023, 2.90487299839e-023, 3.12018784931e-023, 2.09989487602e-023, 3.55327185519e-023, 6.68628027193e-023, 5.27673729559e-023, 1.05259086357e-022, 1.27291643274e-022, 1.45123029932e-022, 2.37183059706e-022, 3.29085885279e-022, 3.91189963473e-022, 5.70790771424e-022, 7.88407985465e-022, 1.36990984715e-021, 1.88729415469e-021]
        var: [3.65381688664e-013, 1.78142816054e-008, 7.44578940726e-008, 1.55010752678e-007, 4.27627099953e-007, 2.49318134138e-007, 5.38733004873e-008, 7.05310156945e-008, 2.48046262641e-007, 2.59346052189e-007, 3.85280163329e-009, 2.37583686058e-009, 2.07923278595e-008, 1.45063863144e-008, 7.04711800026e-009, 3.8827764115e-008, 1.13123448386e-007, 9.45693443555e-008, 2.892634825e-007, 1.73137692627e-007, 4.20375911858e-008, 9.50571354963e-009, 6.28071761266e-011, 1.92839442331e-011, 8.75990339294e-012, 8.85773777866e-015, 6.10913124707e-018]
    frequency_bands:
        dmean: [2.10926629052e-007, 5.65161899431e-005, 0.000133219873533, 0.000136854199809, 0.000268466013949, 0.00015061745944, 5.61007655051e-005, 4.5554501412e-005, 7.47913436498e-005, 3.90372733818e-005, 1.43442748595e-005, 1.30188409457e-005, 2.15147047129e-005, 2.25543244596e-005, 2.1105615815e-005, 3.88477528759e-005, 9.57080337685e-005, 8.6743668362e-005, 0.000134805959533, 9.67347659753e-005, 5.2373874496e-005, 2.05263677344e-005, 1.7908744212e-006, 7.12017026672e-007, 4.80692847304e-007, 2.60897135007e-008, 8.38302705031e-010, 3.90242872739e-011]
        dmean2: [3.46949974528e-007, 9.62716076174e-005, 0.000211850638152, 0.000220845933654, 0.000451393600088, 0.000243878908805, 8.84358232724e-005, 6.8441084295e-005, 0.000105052320578, 5.22546106367e-005, 2.15049221879e-005, 1.95190896193e-005, 3.36102748406e-005, 3.56786586053e-005, 3.44474356098e-005, 6.38506317046e-005, 0.00015742094547, 0.00014266994549, 0.000225829848205, 0.000165866251336, 8.86824345798e-005, 3.53379327862e-005, 2.91647893391e-006, 1.11804854441e-006, 7.33840465728e-007, 4.04948359289e-008, 1.38124478521e-009, 7.19728998622e-011]
        dvar: [3.16051059022e-013, 2.11562198871e-008, 5.21645695528e-008, 5.67040636668e-008, 2.64199286448e-007, 9.26845444837e-008, 1.27085284518e-008, 1.37710705062e-008, 3.90214651702e-008, 2.5631278433e-008, 8.91283047366e-010, 6.31810048723e-010, 6.73011868457e-009, 4.86201701122e-009, 2.72691447201e-009, 1.07400435212e-008, 3.63930148239e-008, 3.16944266388e-008, 8.86470417072e-008, 6.08159496096e-008, 1.98706509025e-008, 4.85122830796e-009, 1.89099395864e-011, 5.15951691094e-012, 2.67349662374e-012, 4.4368377753e-015, 7.1280146889e-018, 4.47218712079e-021]
        dvar2: [7.96068831514e-013, 6.11455348576e-008, 1.48649533571e-007, 1.61425546708e-007, 7.54648226575e-007, 2.48819105764e-007, 2.98588709313e-008, 2.83022281167e-008, 7.22143411735e-008, 4.13077998473e-008, 1.9596533285e-009, 1.37538602729e-009, 1.59418593881e-008, 1.16650742399e-008, 7.27238891329e-009, 2.76746376926e-008, 9.9525024666e-008, 8.43411669393e-008, 2.43459737703e-007, 1.714869029e-007, 5.41604876503e-008, 1.37782469878e-008, 4.91627190347e-011, 1.11925642365e-011, 5.4507735131e-012, 1.00171734175e-014, 1.82041492066e-017, 1.42141682485e-020]
        max: [9.36147625907e-006, 0.00181596702896, 0.00290630478412, 0.00638978648931, 0.00842175446451, 0.00806534104049, 0.00257975305431, 0.00374033534899, 0.0077662137337, 0.00726700993255, 0.000934842275456, 0.000551418343093, 0.00251476396807, 0.00219038873911, 0.0015155520523, 0.00349923828617, 0.00321065704338, 0.00342626264319, 0.00490630418062, 0.00344536732882, 0.00283480412327, 0.00203618896194, 8.47304181661e-005, 9.39513265621e-005, 5.96324825892e-005, 1.43677334563e-006, 4.36990532648e-008, 1.21576737566e-009]
        mean: [3.1121018651e-007, 9.93618159555e-005, 0.000263698515482, 0.000335551158059, 0.000532943755388, 0.00035060805385, 0.000129101332277, 0.000105714934762, 0.000199968591915, 0.000116277915367, 3.32901217917e-005, 3.00758802041e-005, 4.30222680734e-005, 4.5392105676e-005, 4.50286170235e-005, 8.72124946909e-005, 0.000218369430513, 0.000192865583813, 0.000300830084598, 0.000197365574422, 9.61497134995e-005, 4.15528993472e-005, 3.95068445869e-006, 1.63769357187e-006, 9.64385662883e-007, 3.64624206384e-008, 7.7016160116e-010, 3.05739877859e-011]
        median: [1.15378767873e-007, 6.29041460343e-005, 0.000188396632439, 0.000208391473279, 0.000331276212819, 0.000169753126102, 4.30449363193e-005, 1.51909989654e-005, 3.19481405313e-005, 8.32279147289e-006, 9.96932976705e-006, 1.03094571386e-005, 9.56463918556e-006, 9.35742627917e-006, 1.70802013599e-005, 2.20655056182e-005, 7.37588052289e-005, 6.81513483869e-005, 6.21955550741e-005, 1.78810878424e-005, 7.64144169807e-006, 2.54815086009e-006, 5.83058465509e-007, 2.78880634141e-007, 1.59209548656e-007, 3.34017191683e-009, 9.75298869443e-011, 9.12086552118e-012]
        min: [1.31238657143e-024, 4.42886430929e-024, 1.21820604567e-024, 1.2002895354e-024, 5.77830949528e-024, 4.82932442023e-024, 8.36260401572e-024, 1.91214235181e-023, 5.18112956269e-024, 2.21954693154e-023, 1.08158020811e-023, 2.90487299839e-023, 3.12018784931e-023, 2.09989487602e-023, 3.55327185519e-023, 6.68628027193e-023, 5.27673729559e-023, 1.05259086357e-022, 1.27291643274e-022, 1.45123029932e-022, 2.37183059706e-022, 3.29085885279e-022, 3.91189963473e-022, 5.70790771424e-022, 7.88407985465e-022, 1.36990984715e-021, 1.88729415469e-021, 4.60761159183e-022]
        var: [3.65381688664e-013, 1.78142816054e-008, 7.44578940726e-008, 1.55010752678e-007, 4.27627099953e-007, 2.49318134138e-007, 5.38733004873e-008, 7.05310156945e-008, 2.48046262641e-007, 2.59346052189e-007, 3.85280163329e-009, 2.37583686058e-009, 2.07923278595e-008, 1.45063863144e-008, 7.04711800026e-009, 3.8827764115e-008, 1.13123448386e-007, 9.45693443555e-008, 2.892634825e-007, 1.73137692627e-007, 4.20375911858e-008, 9.50571354963e-009, 6.28071761266e-011, 1.92839442331e-011, 8.75990339294e-012, 8.85773777866e-015, 6.10913124707e-018, 3.53075339782e-021]
    mfcc:
        mean: [-783.423034668, 129.923339844, -27.0033969879, 63.1327667236, 7.00203180313, -10.2956819534, -2.51268553734, -2.14114165306, -3.62864899635, -8.77710914612, -3.48420190811, -6.1997795105, -7.36829042435]
        cov: [[11053.7353516, -253.219192505, -2005.85241699, 830.401733398, -1430.30212402, -80.358505249, -190.222412109, -58.5890045166, 165.391220093, -68.2555770874, 81.3065719604, -172.090408325, -171.24559021], [-253.219192505, 1576.93835449, -83.1086196899, 103.355911255, 416.80557251, -206.202255249, 36.8009338379, 41.5098457336, -84.7819213867, -23.1687088013, 2.18975543976, 29.7154178619, 8.80549526215], [-2005.85241699, -83.1086196899, 811.137512207, -84.7470321655, 239.763824463, 46.4127349854, -4.30229282379, -37.7685585022, -63.5501670837, 25.3687057495, -12.1618509293, 39.4131240845, 43.5373077393], [830.401733398, 103.355911255, -84.7470321655, 306.359863281, -40.5502738953, -8.52884483337, 10.6532344818, -16.6334152222, 7.18206548691, -22.6231365204, -5.2572145462, -8.94260883331, -6.82151508331], [-1430.30212402, 416.80557251, 239.763824463, -40.5502738953, 491.500152588, -14.6428937912, 46.9645423889, 29.1484375, -44.0282096863, -16.1958007813, -32.5649261475, 30.8314266205, 22.0294265747], [-80.358505249, -206.202255249, 46.4127349854, -8.52884483337, -14.6428937912, 161.798370361, 36.453540802, -4.14755582809, 29.8948364258, 5.47748231888, -1.36528980732, -8.66752338409, 0.834520101547], [-190.222412109, 36.8009338379, -4.30229282379, 10.6532344818, 46.9645423889, 36.453540802, 119.20880127, 25.305803299, 6.78682184219, -11.7501239777, -9.36417293549, 6.48420667648, -1.85560774803], [-58.5890045166, 41.5098457336, -37.7685585022, -16.6334152222, 29.1484375, -4.14755582809, 25.305803299, 96.4076156616, 23.4726200104, -6.08060121536, 7.04967355728, 1.73847019672, -2.26730847359], [165.391220093, -84.7819213867, -63.5501670837, 7.18206548691, -44.0282096863, 29.8948364258, 6.78682184219, 23.4726200104, 98.9314193726, 16.1802196503, -10.167924881, -2.22747254372, -3.70352983475], [-68.2555770874, -23.1687088013, 25.3687057495, -22.6231365204, -16.1958007813, 5.47748231888, -11.7501239777, -6.08060121536, 16.1802196503, 88.5913162231, 29.9764728546, -6.20899438858, -5.9130730629], [81.3065719604, 2.18975543976, -12.1618509293, -5.2572145462, -32.5649261475, -1.36528980732, -9.36417293549, 7.04967355728, -10.167924881, 29.9764728546, 85.7899093628, 14.0855998993, -13.0412092209], [-172.090408325, 29.7154178619, 39.4131240845, -8.94260883331, 30.8314266205, -8.66752338409, 6.48420667648, 1.73847019672, -2.22747254372, -6.20899438858, 14.0855998993, 66.7117080688, 24.0040016174], [-171.24559021, 8.80549526215, 43.5373077393, -6.82151508331, 22.0294265747, 0.834520101547, -1.85560774803, -2.26730847359, -3.70352983475, -5.9130730629, -13.0412092209, 24.0040016174, 68.7343978882]]
        icov: [[0.000333693111315, -8.31245342852e-005, 0.000555959763005, -0.000643071834929, 0.00067172764102, -0.000192393796169, 0.000437823939137, 3.30203488375e-006, 9.90674234345e-005, 9.20343591133e-005, 3.63273393305e-005, 2.40963181568e-005, 0.000236749838223], [-8.31245342852e-005, 0.00119676731993, 0.000235878163949, -0.000272490084171, -0.0013004981447, 0.00131536961999, -0.000428720901255, -4.72011306556e-005, 0.000391838868381, -0.00022691389313, -0.0003677290224, 4.48976243206e-005, -0.000233014230616], [0.000555959763005, 0.000235878163949, 0.00277396896854, -0.000954047951382, 4.90633965455e-006, -0.00074359291466, 0.00104457163252, 0.000465043645818, 0.00131251011044, -0.000759955379181, 0.000388914981158, -0.000717393937521, -0.000116184754006], [-0.000643071834929, -0.000272490084171, -0.000954047951382, 0.00494106300175, -0.000781228183769, 0.000292171200272, -0.00134199426975, 0.00110536348075, -0.000940685451496, 0.00100023997948, -0.000348748115357, 0.000476562679978, -0.000422732991865], [0.00067172764102, -0.0013004981447, 4.90633965455e-006, -0.000781228183769, 0.00527447974309, -0.00120546482503, 0.000259044405539, -0.00119929341599, 0.00096745690098, 0.000162913231179, 0.00180629629176, -0.00101008440834, 0.000812716491055], [-0.000192393796169, 0.00131536961999, -0.00074359291466, 0.000292171200272, -0.00120546482503, 0.00932708289474, -0.0035426847171, 0.00155122065917, -0.00279562966898, 0.000527145341039, -0.00181604956742, 0.00222004577518, -0.00114435818978], [0.000437823939137, -0.000428720901255, 0.00104457163252, -0.00134199426975, 0.000259044405539, -0.0035426847171, 0.0111999018118, -0.00278098555282, 0.000872613803949, 0.000385775201721, 0.00168469874188, -0.00193855853286, 0.00159835396335], [3.30203488375e-006, -4.72011306556e-005, 0.000465043645818, 0.00110536348075, -0.00119929341599, 0.00155122065917, -0.00278098555282, 0.0134023651481, -0.00456781731918, 0.00245530926622, -0.00348079833202, 0.00164552056231, -0.000708012783434], [9.90674234345e-005, 0.000391838868381, 0.00131251011044, -0.000940685451496, 0.00096745690098, -0.00279562966898, 0.000872613803949, -0.00456781731918, 0.0147542161867, -0.00477554788813, 0.00492348242551, -0.00303689390421, 0.001247524051], [9.20343591133e-005, -0.00022691389313, -0.000759955379181, 0.00100023997948, 0.000162913231179, 0.000527145341039, 0.000385775201721, 0.00245530926622, -0.00477554788813, 0.0154152167961, -0.00689803576097, 0.00379446102306, -0.000693305453751], [3.63273393305e-005, -0.0003677290224, 0.000388914981158, -0.000348748115357, 0.00180629629176, -0.00181604956742, 0.00168469874188, -0.00348079833202, 0.00492348242551, -0.00689803576097, 0.0176641959697, -0.00706933904439, 0.00472261570394], [2.40963181568e-005, 4.48976243206e-005, -0.000717393937521, 0.000476562679978, -0.00101008440834, 0.00222004577518, -0.00193855853286, 0.00164552056231, -0.00303689390421, 0.00379446102306, -0.00706933904439, 0.020908806473, -0.00762573257089], [0.000236749838223, -0.000233014230616, -0.000116184754006, -0.000422732991865, 0.000812716491055, -0.00114435818978, 0.00159835396335, -0.000708012783434, 0.001247524051, -0.000693305453751, 0.00472261570394, -0.00762573257089, 0.0185400359333]]
    sccoeffs:
        dmean: [0.0402190536261, 0.0400815866888, 0.0299146603793, 0.0255804713815, 0.0203299652785, 0.0176835656166]
        dmean2: [0.065960533917, 0.0658745095134, 0.0478168837726, 0.0410552620888, 0.0325981117785, 0.0287558995187]
        dvar: [0.00125319731887, 0.00116719212383, 0.000636634591501, 0.000490548962262, 0.000345896667568, 0.000438411603682]
        dvar2: [0.00358668714762, 0.00312124053016, 0.00160355342086, 0.00119907560293, 0.000803566828836, 0.0010688622715]
        max: [-0.335379183292, -0.365191072226, -0.392962545156, -0.512295365334, -0.619331717491, -0.618237912655]
        mean: [-0.633098721504, -0.704328119755, -0.768718183041, -0.762489199638, -0.769860744476, -0.779530346394]
        median: [-0.632568478584, -0.706591367722, -0.775445044041, -0.762585997581, -0.769003629684, -0.786599993706]
        min: [-0.982334792614, -0.977712631226, -0.977003753185, -0.970244705677, -0.966863930225, -0.964365065098]
        var: [0.00529456837103, 0.00713715702295, 0.00516505353153, 0.00359885953367, 0.00281069520861, 0.00332471798174]
    scvalleys:
        dmean: [0.306424289942, 0.310004621744, 0.273742496967, 0.253380864859, 0.26679033041, 0.27918368578]
        dmean2: [0.49900829792, 0.510847628117, 0.441355079412, 0.399166107178, 0.391174167395, 0.376852065325]
        dvar: [0.0868472084403, 0.0998380482197, 0.0729107782245, 0.0784153714776, 0.152594074607, 0.175286635756]
        dvar2: [0.20061853528, 0.237871721387, 0.145247071981, 0.149621665478, 0.287331879139, 0.330845415592]
        max: [-5.23703050613, -4.60168838501, -5.78456783295, -6.05536413193, -5.44837188721, -7.78215312958]
        mean: [-7.11049461365, -7.44176912308, -8.39794254303, -8.64360523224, -8.41627407074, -11.0094337463]
        median: [-6.69125175476, -7.05408906937, -8.07069969177, -8.30594825745, -8.19180297852, -10.6176223755]
        min: [-28.1357078552, -28.1039104462, -27.9777832031, -27.6175785065, -27.4625396729, -27.4052219391]
        var: [5.33374071121, 5.35773658752, 5.30039644241, 5.25576305389, 5.82244348526, 4.89853239059]

rhythm:
    beats_loudness:
        dmean: 0.00125798548106
        dmean2: 0.00204146606848
        dvar: 1.53921473611e-006
        dvar2: 4.56316365671e-006
        max: 0.0193522386253
        mean: 0.003715087194
        median: 0.0029058130458
        min: 0
        var: 8.28683641885e-006
    bpm: 108.013000488
    bpm_confidence: 0
    first_peak_bpm: 108
    first_peak_spread: 0.171794831753
    first_peak_weight: 0.745958447456
    onset_rate: 2.46145009995
    second_peak_bpm: 157
    second_peak_spread: 0.352941155434
    second_peak_weight: 0.025404157117
    beats_loudness_band_ratio:
        dmean: [0.19331716001, 0.147951424122, 0.0886632353067, 0.0238469652832, 0.0683865845203, 0.132983699441]
        dmean2: [0.358569920063, 0.260391741991, 0.152429044247, 0.0415325798094, 0.116726160049, 0.254034489393]
        dvar: [0.0265686921775, 0.0177557040006, 0.0106622502208, 0.00133750285022, 0.00409348448738, 0.0143024586141]
        dvar2: [0.086916513741, 0.0519004315138, 0.0290873367339, 0.00391269940883, 0.0117254070938, 0.0541031211615]
        max: [0.995188772678, 0.805175244808, 0.637702345848, 0.254510521889, 0.513752937317, 0.66798979044]
        mean: [0.320324569941, 0.277764290571, 0.116294525564, 0.0360205434263, 0.137647345662, 0.158708110452]
        median: [0.264115214348, 0.255369633436, 0.0633665174246, 0.0231424644589, 0.120243966579, 0.0986160039902]
        min: [0, 0, 0, 0, 0, 0]
        var: [0.0534818582237, 0.0319012776017, 0.0157204307616, 0.00157353002578, 0.0101541662589, 0.0222584493458]
    beats_position: [0.49922901392, 1.01006805897, 1.55573689938, 2.10140585899, 2.6470746994, 3.19274377823, 3.75002264977, 4.3073015213, 4.85297060013, 5.41024923325, 5.95591831207, 6.51319694519, 7.08208608627, 7.63936471939, 8.19664382935, 8.75392246246, 9.31120204926, 9.86848068237, 10.4257593155, 10.9830379486, 11.5403175354, 12.0975961685, 12.6548748016, 13.2121543884, 13.7694330215, 14.3267116547, 14.8723802567, 15.4180498123, 15.9753284454, 16.5326080322, 17.0898857117, 17.6471652985, 18.2044448853, 18.7617225647, 19.3190021515, 19.8762817383, 20.4335594177, 20.9908390045, 21.548116684, 22.0937862396, 22.6510658264, 23.1967334747, 23.7540130615, 24.3112926483, 24.8685703278, 25.4258499146, 25.9831295013, 26.5404071808, 27.0976867676, 27.6549663544, 28.2122440338, 28.7695236206, 29.3268013, 29.8840808868, 30.4413604736, 30.9986381531, 31.5443077087, 32.1015853882, 32.6588668823, 33.204536438, 33.7618141174, 34.3190917969, 34.8763694763, 35.4336509705, 35.9793205261, 36.5365982056, 37.093875885, 37.6511573792, 38.1968231201, 38.7541046143, 39.3113822937, 39.8686599731, 40.4259414673, 40.9832191467, 41.5404968262, 42.0977783203, 42.6550559998, 43.2123336792, 43.7696151733, 44.3268928528, 44.8725624084, 45.4182319641, 45.9755096436, 46.532787323, 47.0900688171, 47.6473464966, 48.204624176, 48.7619056702, 49.3191833496, 49.8764610291, 50.4337387085, 50.9910202026, 51.5482978821, 52.1055755615, 52.6512451172, 53.1969146729, 53.7541923523, 54.3114738464, 54.8687515259, 55.4260292053, 55.9833106995, 56.5405883789, 57.0862579346, 57.6319274902, 58.1892051697, 58.7464828491, 59.3037643433, 59.8610420227, 60.4183197021, 60.9756011963, 61.5328788757, 62.0901565552, 62.6474380493, 63.2047157288, 63.7619934082, 64.3192749023, 64.8765487671, 65.4338302612, 65.9911117554, 66.5483856201, 67.1056671143, 67.6629486084, 68.2202224731, 68.7775039673, 69.3231735229, 69.8804550171, 70.4377288818, 70.995010376, 71.5406799316, 72.0979614258, 72.6552352905, 73.2125167847, 73.7697982788, 74.3270721436, 74.8843536377, 75.4300231934, 75.9872970581, 76.5445785522, 77.1018600464, 77.6591339111, 78.2048034668, 78.7620849609, 79.3193664551, 79.8766403198, 80.433921814, 80.9912033081, 81.5368728638, 82.08253479, 82.6398162842, 83.1970977783, 83.7543716431, 84.3116531372, 84.8689346313, 85.4262084961, 85.9834899902, 86.5407714844, 87.0980453491, 87.6553268433, 88.2126083374, 88.7698822021, 89.3271636963, 89.8844451904, 90.4301147461, 90.9757843018, 91.5330581665, 92.0903396606, 92.6476211548, 93.2048950195, 93.7621765137, 94.3194503784, 94.8767318726, 95.4340133667, 95.9796829224, 96.525352478, 97.0826263428, 97.6399078369, 98.1971893311, 98.7544631958, 99.3117446899, 99.8690261841, 100.426300049, 100.983581543, 101.540863037, 102.098136902, 102.655418396, 103.21269989, 103.769973755, 104.315643311, 104.861312866, 105.41859436, 105.975868225, 106.533149719, 107.090431213, 107.647705078, 108.204986572, 108.762268066, 109.319541931, 109.876823425, 110.434104919, 110.991378784, 111.548660278, 112.105941772, 112.651611328, 113.208885193, 113.754554749, 114.311836243, 114.869110107, 115.426391602, 115.983673096, 116.54094696, 117.086616516, 117.632286072, 118.189567566, 118.74684906, 119.304122925, 119.861404419, 120.418685913, 120.975959778, 121.533241272, 122.090522766, 122.647796631, 123.205078125, 123.762359619, 124.319633484, 124.876914978, 125.434196472, 125.991470337, 126.548751831, 127.094421387, 127.640090942, 128.197372437, 128.754638672, 129.311920166, 129.86920166, 130.426483154, 130.983764648, 131.541046143, 132.098312378, 132.655593872, 133.212875366, 133.77015686, 134.327438354, 134.884719849, 135.441986084, 135.98765564, 136.533325195, 137.078994751, 137.624664307, 138.181945801, 138.750839233, 139.319732666, 139.876998901, 140.434280396, 140.99156189, 141.548843384, 142.106124878, 142.663391113, 143.220672607, 143.777954102, 144.335235596, 144.880905151, 145.438186646, 145.99546814, 146.541137695, 147.098403931, 147.655685425, 148.212966919, 148.758636475, 149.30430603, 149.861587524, 150.418869019, 150.976135254, 151.533416748, 152.090698242, 152.647979736, 153.20526123, 153.762542725, 154.31980896, 154.877090454, 155.434371948, 155.991653442, 156.537322998, 157.094604492, 157.640274048, 158.197555542, 158.754821777, 159.312103271, 159.869384766, 160.42666626, 160.983947754, 161.541213989, 162.086883545, 162.632553101, 163.189834595, 163.747116089, 164.304397583, 164.861679077, 165.418960571, 165.976226807, 166.533508301, 167.090789795, 167.648071289, 168.205352783, 168.762634277, 169.319900513, 169.865570068, 170.411239624, 170.968521118, 171.525802612, 172.083084106, 172.640365601, 173.197631836, 173.75491333, 174.312194824, 174.869476318, 175.426757813, 175.984039307, 176.541305542, 177.098587036, 177.644256592, 178.189926147, 178.747207642, 179.304489136, 179.86177063, 180.419036865, 180.964706421, 181.510375977, 182.067657471, 182.624938965, 183.182220459, 183.739501953, 184.296783447, 184.854049683, 185.411331177, 185.968612671, 186.525894165, 187.083175659, 187.640457153, 188.18611145, 188.731781006, 189.2890625, 189.846343994, 190.403625488, 190.960906982, 191.518188477, 192.075454712, 192.621124268, 193.178405762, 193.724075317, 194.281356812, 194.838638306, 195.3959198, 195.953201294, 196.510467529, 197.067749023, 197.625030518, 198.182312012, 198.739593506, 199.296859741, 199.854141235, 200.411422729, 200.968704224, 201.514373779, 202.060043335, 202.617324829, 203.174606323, 203.731872559, 204.289154053, 204.846435547, 205.403717041, 205.960998535, 206.518280029, 207.075546265, 207.632827759, 208.190109253, 208.747390747, 209.304672241, 209.861953735, 210.407608032, 210.953277588, 211.510559082, 212.067840576, 212.62512207, 213.182403564, 213.739685059, 214.296951294, 214.854232788, 215.411514282, 215.968795776, 216.526077271, 217.106567383, 217.698684692, 218.290786743, 218.894515991, 219.509841919, 220.136779785, 220.77532959, 221.413879395, 221.97114563, 222.528427124, 222.992828369, 223.457229614, 223.921630859, 224.386032104, 224.803985596, 225.221939087, 225.628295898, 226.081085205, 226.54548645, 227.009887695, 227.40461731, 227.799362183, 228.194107056, 228.58883667, 228.960357666, 229.320266724, 229.69178772, 230.051696777, 230.423217773, 230.806350708, 231.177871704, 231.549377441, 231.920898438, 232.304031372, 232.687164307, 233.058685303, 233.441802979, 233.824935913, 234.208068848, 234.591201782, 234.974319458, 235.357452393, 235.740585327, 236.123718262]
