
metadata:
    version:
        essentia: "2.1-beta2"
    audio_properties:
        analysis_sample_rate: 44100
        bitrate: 279
        channels: 2
        equal_loudness: 1
        length: 205.949386597
        replay_gain: -15.9691438675
        downmix: "mix"
    tags:
        album: "So Cold"
        artist: "Breaking Benjamin"
        comment: ""
        date: "2004"
        genre: "Metal Alternatif"
        title: "Blow Me Away"
        tracknumber: "2"

configuration:
    average_loudness:
        compute: 1
        frameSize: 88200
        hopSize: 44100
        silentFrames: "noise"
        windowType: "hann"
    general:
        analysisSampleRate: 44100
        endTime: 2000
        equalLoudness: 1
        nequalLoudness: 0
        shortSound: 0
        startTime: 0
    lowlevel:
        compute: 1
        frameSize: 2048
        hopSize: 1024
        zeroPadding: 0
        silentFrames: "noise"
        windowType: "blackmanharris62"
        mfccStats: ["mean", "cov", "icov"]
        stats: ["mean", "var", "median", "min", "max", "dmean", "dmean2", "dvar", "dvar2"]
    panning:
        compute: 0
        frameSize: 8192
        hopSize: 2048
        zeroPadding: 8192
        silentFrames: "noise"
        windowType: "hann"
        stats: ["copy"]
    rhythm:
        compute: 1
        maxTempo: 208
        minTempo: 40
        method: "degara"
        stats: ["mean", "var", "median", "min", "max", "dmean", "dmean2", "dvar", "dvar2"]
    segmentation:
        compute: 0
        cpw: 5
        inc1: 300
        inc2: 50
        minimumSegmentsLength: 10
        size1: 1000
        size2: 600
    sfx:
        compute: 1
        stats: ["mean", "var", "median", "min", "max", "dmean", "dmean2", "dvar", "dvar2"]
    svm:
        compute: 0
    tonal:
        compute: 1
        frameSize: 4096
        hopSize: 2048
        zeroPadding: 0
        silentFrames: "noise"
        windowType: "blackmanharris62"
        stats: ["mean", "var", "median", "min", "max", "dmean", "dmean2", "dvar", "dvar2"]

lowlevel:
    average_loudness: 0.91956192255
    barkbands_kurtosis:
        dmean: 1.53403878212
        dmean2: 2.47522449493
        dvar: 15.661989212
        dvar2: 37.3877639771
        max: 184.365463257
        mean: 1.61359131336
        median: -0.524436891079
        min: -1.91016066074
        var: 68.2152252197
    barkbands_skewness:
        dmean: 0.466990381479
        dmean2: 0.722909331322
        dvar: 0.211878314614
        dvar2: 0.480567574501
        max: 12.5279579163
        mean: -0.291628748178
        median: -0.547059297562
        min: -4.31546115875
        var: 1.93257045746
    barkbands_spread:
        dmean: 5.86612033844
        dmean2: 9.32660865784
        dvar: 38.9781646729
        dvar2: 97.6650161743
        max: 70.4726867676
        mean: 28.4958610535
        median: 28.6203022003
        min: 0.75681656599
        var: 184.341186523
    dissonance:
        dmean: 0.0130547983572
        dmean2: 0.0220827553421
        dvar: 0.000306813511997
        dvar2: 0.000876614882145
        max: 0.500000059605
        mean: 0.473762154579
        median: 0.485553979874
        min: 0.150101065636
        var: 0.00146462477278
    hfc:
        dmean: 2.44979572296
        dmean2: 3.9339966774
        dvar: 9.27595233917
        dvar2: 22.8462715149
        max: 51.775718689
        mean: 10.0203905106
        median: 9.3829164505
        min: 1.08757700321e-016
        var: 51.8594093323
    pitch:
        dmean: 682.527587891
        dmean2: 1308.05224609
        dvar: 1381486.875
        dvar2: 3268859.5
        max: 4549.89453125
        mean: 1646.08447266
        median: 457.672210693
        min: 58.0696411133
        var: 2539820
    pitch_instantaneous_confidence:
        dmean: 0.0857484042645
        dmean2: 0.139461129904
        dvar: 0.00529622472823
        dvar2: 0.0127961449325
        max: 0.933606028557
        mean: 0.432706743479
        median: 0.419611513615
        min: 0.0909957885742
        var: 0.0183719601482
    pitch_salience:
        dmean: 0.0614885352552
        dmean2: 0.101534865797
        dvar: 0.00320742256008
        dvar2: 0.00838741287589
        max: 0.993957042694
        mean: 0.659206032753
        median: 0.67746847868
        min: 0.0621066875756
        var: 0.00975361466408
    silence_rate_20dB:
        dmean: 0
        dmean2: 0
        dvar: 0
        dvar2: 0
        max: 1
        mean: 1
        median: 1
        min: 1
        var: 0
    silence_rate_30dB:
        dmean: 0
        dmean2: 0
        dvar: 0
        dvar2: 0
        max: 1
        mean: 1
        median: 1
        min: 1
        var: 0
    silence_rate_60dB:
        dmean: 0.0807215347886
        dmean2: 0.161461263895
        dvar: 0.07421361655
        dvar2: 0.159078940749
        max: 1
        mean: 0.313606142998
        median: 0
        min: 0
        var: 0.21527531743
    spectral_centroid:
        dmean: 253.379653931
        dmean2: 395.114349365
        dvar: 83134.0234375
        dvar2: 186784.453125
        max: 11611.6748047
        mean: 1956.63195801
        median: 2087.39892578
        min: 86.7756500244
        var: 1009167.4375
    spectral_complexity:
        dmean: 3.4243516922
        dmean2: 5.56116819382
        dvar: 13.1475276947
        dvar2: 31.8710403442
        max: 43
        mean: 16.9705791473
        median: 18
        min: 0
        var: 90.7436904907
    spectral_crest:
        dmean: 1.99527549744
        dmean2: 3.33274888992
        dvar: 3.40110445023
        dvar2: 8.9895734787
        max: 26.144536972
        mean: 7.43536090851
        median: 6.60654878616
        min: 2.57755231857
        var: 10.1429204941
    spectral_decrease:
        dmean: 2.67755040362e-010
        dmean2: 4.41154973663e-010
        dvar: 1.23252186017e-019
        dvar2: 3.1489610452e-019
        max: 2.01575640033e-028
        mean: -1.00021080307e-009
        median: -9.38433664111e-010
        min: -3.98957133996e-009
        var: 3.76778597669e-019
    spectral_energy:
        dmean: 0.00120056804735
        dmean2: 0.00197305250913
        dvar: 2.33739388023e-006
        dvar2: 5.93513050262e-006
        max: 0.0186534635723
        mean: 0.00468390109017
        median: 0.00444181216881
        min: 1.01216630874e-020
        var: 8.4294761109e-006
    spectral_energyband_high:
        dmean: 0.000158495051437
        dmean2: 0.000260467641056
        dvar: 5.58214345858e-008
        dvar2: 1.34988297873e-007
        max: 0.00400122441351
        mean: 0.000416597904405
        median: 0.000352226314135
        min: 6.9304794479e-021
        var: 1.5204845738e-007
    spectral_energyband_low:
        dmean: 0.00024317012867
        dmean2: 0.000415878457716
        dvar: 1.78006828833e-007
        dvar2: 4.9429917226e-007
        max: 0.00410035112873
        mean: 0.000374064053176
        median: 0.000268237869022
        min: 6.73801282346e-024
        var: 1.71244110447e-007
    spectral_energyband_middle_high:
        dmean: 0.000755099288654
        dmean2: 0.001203382737
        dvar: 9.07394507976e-007
        dvar2: 2.21916911869e-006
        max: 0.0168699603528
        mean: 0.00299145607278
        median: 0.00257787713781
        min: 1.18724772877e-021
        var: 5.38860649613e-006
    spectral_energyband_middle_low:
        dmean: 0.000547627802007
        dmean2: 0.00089463981567
        dvar: 1.0011044651e-006
        dvar2: 2.58808404396e-006
        max: 0.0111546888947
        mean: 0.0010449741967
        median: 0.000726634345483
        min: 1.25370369384e-022
        var: 1.22438802919e-006
    spectral_flatness_db:
        dmean: 0.0153246028349
        dmean2: 0.0242298413068
        dvar: 0.000213733175769
        dvar2: 0.000494058418553
        max: 0.466985732317
        mean: 0.167845517397
        median: 0.153301790357
        min: 0.0393053777516
        var: 0.00279776123352
    spectral_flux:
        dmean: 0.00743584381416
        dmean2: 0.0114548886195
        dvar: 7.17416114639e-005
        dvar2: 0.00014207183267
        max: 0.109725415707
        mean: 0.0399489477277
        median: 0.0404780991375
        min: 6.53641515913e-011
        var: 0.000331180170178
    spectral_kurtosis:
        dmean: 1.89995241165
        dmean2: 3.27945041656
        dvar: 12.4614133835
        dvar2: 37.6715507507
        max: 122.070640564
        mean: 5.5904750824
        median: 3.73495340347
        min: -1.25028240681
        var: 49.0949745178
    spectral_rms:
        dmean: 0.000261068722466
        dmean2: 0.000421481614467
        dvar: 8.61729816393e-008
        dvar2: 2.10355963759e-007
        max: 0.00426597008482
        mean: 0.00199703359976
        median: 0.00208170013502
        min: 3.14241840015e-012
        var: 5.81505901209e-007
    spectral_rolloff:
        dmean: 271.520294189
        dmean2: 439.999938965
        dvar: 187694.40625
        dvar2: 409121.09375
        max: 19789.0136719
        mean: 3254.25805664
        median: 3509.91210938
        min: 86.1328125
        var: 2466698
    spectral_skewness:
        dmean: 0.206428855658
        dmean2: 0.344016462564
        dvar: 0.0673040524125
        dvar2: 0.190744072199
        max: 8.33591175079
        mean: 1.43997049332
        median: 1.24222421646
        min: -0.0592701435089
        var: 0.622588932514
    spectral_spread:
        dmean: 448555.875
        dmean2: 679648
        dvar: 543902695424
        dvar2: 1.14382995456e+012
        max: 45363288
        mean: 4053856.5
        median: 3724659.5
        min: 810685.375
        var: 8.58470586778e+012
    spectral_strongpeak:
        dmean: 0.659560620785
        dmean2: 1.1278847456
        dvar: 0.823394179344
        dvar2: 2.12122631073
        max: 11.1370563507
        mean: 1.02423214912
        median: 0.452258169651
        min: 2.99780859858e-011
        var: 1.69363868237
    zerocrossingrate:
        dmean: 0.00738543272018
        dmean2: 0.00905073806643
        dvar: 6.27771078143e-005
        dvar2: 7.75052903919e-005
        max: 0.52294921875
        mean: 0.103824801743
        median: 0.111328125
        min: 0.00537109375
        var: 0.00207360764034
    barkbands:
        dmean: [7.17626349456e-008, 7.52828855184e-005, 0.000155474233907, 9.79741598712e-005, 0.000221551366849, 0.000120434051496, 7.8553086496e-005, 8.33436643006e-005, 0.000108544620161, 0.000106728424726, 7.26631114958e-005, 7.05628335709e-005, 7.91133279563e-005, 8.38220803416e-005, 9.80164113571e-005, 0.000143496014061, 0.000182387069799, 0.000239996152231, 0.000322375039104, 0.00015320291277, 8.54756581248e-005, 2.31231624639e-005, 3.84745908377e-006, 2.11690462493e-006, 1.07268033389e-006, 2.90237416323e-008, 3.72623987221e-010]
        dmean2: [1.21321733104e-007, 0.000131845692522, 0.000268302537734, 0.000167655438418, 0.000377336487873, 0.000199862144655, 0.000132559973281, 0.000132929621032, 0.000171389809111, 0.000167461766978, 0.000117934883747, 0.00011573494703, 0.000128642408527, 0.000135671522003, 0.000158025199198, 0.000231660946156, 0.00029648502823, 0.000394331582356, 0.000533038575668, 0.000251899909927, 0.000142945806147, 3.76057432732e-005, 6.12494659435e-006, 3.08984817821e-006, 1.58784177984e-006, 4.41317027366e-008, 6.12483064266e-010]
        dvar: [2.04871926715e-014, 2.17469029451e-008, 7.37190362088e-008, 2.51714489252e-008, 2.84600162104e-007, 1.022549867e-007, 5.46539808965e-008, 7.14686834158e-008, 8.41037177679e-008, 9.51373806402e-008, 3.76612234732e-008, 4.17511749617e-008, 3.94455348385e-008, 3.55682239217e-008, 6.78151437228e-008, 9.16219491387e-008, 8.58604067844e-008, 1.23887659242e-007, 2.67769109996e-007, 4.7169596229e-008, 1.83156956268e-008, 1.33931621349e-009, 3.95565420697e-011, 3.41722240782e-011, 1.10350045074e-011, 8.22320930425e-015, 5.60911897155e-019]
        dvar2: [5.02800587081e-014, 5.94783209351e-008, 2.08578427419e-007, 7.13786647566e-008, 7.57608916047e-007, 2.73290737596e-007, 1.42553318483e-007, 1.79197783723e-007, 1.94542579379e-007, 2.2306322478e-007, 9.54178105417e-008, 1.05628600977e-007, 9.74334568582e-008, 8.93654075185e-008, 1.72143899135e-007, 2.27553428545e-007, 2.17801016333e-007, 3.39542680194e-007, 7.19789227333e-007, 1.19160880274e-007, 4.57354474293e-008, 3.24821236575e-009, 8.76543282402e-011, 6.28890897691e-011, 2.11780037951e-011, 1.64719380171e-014, 1.34996341258e-018]
        max: [5.49159585717e-006, 0.0013505112147, 0.00283980183303, 0.00205579260364, 0.00738725764677, 0.0074768117629, 0.00455465400591, 0.00887650065124, 0.00687702698633, 0.00744589976966, 0.00549319200218, 0.00465774908662, 0.00346946972422, 0.00393435219303, 0.00526602519676, 0.00733822351322, 0.00633442075923, 0.00669653108343, 0.0117032602429, 0.0061574773863, 0.00281632202677, 0.000594937650021, 0.000113403366413, 0.000165423291037, 7.69668404246e-005, 2.79450682683e-006, 1.35077335983e-008]
        mean: [1.18968962681e-007, 8.31716752145e-005, 0.000215954481973, 0.000132019937155, 0.000262946705334, 0.000174645130755, 9.49827663135e-005, 0.000111899287731, 0.000163047414389, 0.000185120239621, 0.000116057562991, 0.000112966488814, 0.000120982607768, 0.000134004585561, 0.000166827390785, 0.000276516366284, 0.000380061886972, 0.000540975655895, 0.00078536872752, 0.000377914082492, 0.000182988296729, 5.05849202455e-005, 8.45177692099e-006, 4.31269927503e-006, 1.94154267774e-006, 4.95551510937e-008, 5.71950320438e-010]
        median: [4.02232274155e-008, 4.04165766668e-005, 0.00013671987108, 8.44596579554e-005, 0.000138626273838, 8.00682755653e-005, 3.54182629962e-005, 3.81701793231e-005, 4.82240684505e-005, 4.96182947245e-005, 3.0137867725e-005, 2.80638996628e-005, 3.23165331793e-005, 5.32091107743e-005, 5.97064936301e-005, 0.000174987289938, 0.000261759938439, 0.000387717445847, 0.000627370318398, 0.000317686208291, 0.000147290338646, 3.03975757561e-005, 5.22196978636e-006, 1.71916792624e-006, 6.33261322491e-007, 1.64850604278e-008, 2.41078546015e-010]
        min: [5.87007571224e-025, 2.57475186728e-024, 7.7763437916e-025, 1.79447436036e-024, 1.21677984432e-023, 9.16138879113e-024, 5.43274858132e-024, 6.20634384473e-024, 1.66613071427e-023, 1.56071665145e-023, 1.78682753717e-023, 1.96115285991e-023, 2.83813568136e-023, 3.93022209677e-023, 5.31563129366e-023, 6.72981087885e-023, 8.44926701259e-023, 9.44910340266e-023, 1.47062971426e-022, 1.44647529822e-022, 2.99368826025e-022, 3.60159961994e-022, 4.05582976814e-022, 6.27392917147e-022, 8.1214499943e-022, 1.32290232001e-021, 1.95691222767e-021]
        var: [1.53658552896e-013, 1.73365162226e-008, 7.08903300506e-008, 2.54633718555e-008, 2.35112679547e-007, 1.08672544741e-007, 5.46299538939e-008, 8.17706293788e-008, 1.5034973444e-007, 2.2091924734e-007, 8.15048366576e-008, 8.32772784065e-008, 7.44056478652e-008, 6.85074752482e-008, 1.35584741656e-007, 1.80098950864e-007, 2.0270766754e-007, 3.26491573333e-007, 6.97572772879e-007, 1.28727478454e-007, 3.61330627641e-008, 3.840449736e-009, 1.17346521389e-010, 1.12575483657e-010, 2.8281302647e-011, 1.49538787928e-014, 9.85620027852e-019]
    frequency_bands:
        dmean: [7.17626349456e-008, 7.52828855184e-005, 0.000155474233907, 9.79741598712e-005, 0.000221551366849, 0.000120434051496, 7.8553086496e-005, 8.33436643006e-005, 0.000108544620161, 0.000106728424726, 7.26631114958e-005, 7.05628335709e-005, 7.91133279563e-005, 8.38220803416e-005, 9.80164113571e-005, 0.000143496014061, 0.000182387069799, 0.000239996152231, 0.000322375039104, 0.00015320291277, 8.54756581248e-005, 2.31231624639e-005, 3.84745908377e-006, 2.11690462493e-006, 1.07268033389e-006, 2.90237416323e-008, 3.72623987221e-010, 5.43590589208e-011]
        dmean2: [1.21321733104e-007, 0.000131845692522, 0.000268302537734, 0.000167655438418, 0.000377336487873, 0.000199862144655, 0.000132559973281, 0.000132929621032, 0.000171389809111, 0.000167461766978, 0.000117934883747, 0.00011573494703, 0.000128642408527, 0.000135671522003, 0.000158025199198, 0.000231660946156, 0.00029648502823, 0.000394331582356, 0.000533038575668, 0.000251899909927, 0.000142945806147, 3.76057432732e-005, 6.12494659435e-006, 3.08984817821e-006, 1.58784177984e-006, 4.41317027366e-008, 6.12483064266e-010, 1.00963883087e-010]
        dvar: [2.04871926715e-014, 2.17469029451e-008, 7.37190362088e-008, 2.51714489252e-008, 2.84600162104e-007, 1.022549867e-007, 5.46539808965e-008, 7.14686834158e-008, 8.41037177679e-008, 9.51373806402e-008, 3.76612234732e-008, 4.17511749617e-008, 3.94455348385e-008, 3.55682239217e-008, 6.78151437228e-008, 9.16219491387e-008, 8.58604067844e-008, 1.23887659242e-007, 2.67769109996e-007, 4.7169596229e-008, 1.83156956268e-008, 1.33931621349e-009, 3.95565420697e-011, 3.41722240782e-011, 1.10350045074e-011, 8.22320930425e-015, 5.60911897155e-019, 6.55123612019e-021]
        dvar2: [5.02800587081e-014, 5.94783209351e-008, 2.08578427419e-007, 7.13786647566e-008, 7.57608916047e-007, 2.73290737596e-007, 1.42553318483e-007, 1.79197783723e-007, 1.94542579379e-007, 2.2306322478e-007, 9.54178105417e-008, 1.05628600977e-007, 9.74334568582e-008, 8.93654075185e-008, 1.72143899135e-007, 2.27553428545e-007, 2.17801016333e-007, 3.39542680194e-007, 7.19789227333e-007, 1.19160880274e-007, 4.57354474293e-008, 3.24821236575e-009, 8.76543282402e-011, 6.28890897691e-011, 2.11780037951e-011, 1.64719380171e-014, 1.34996341258e-018, 2.07247145951e-020]
        max: [5.49159585717e-006, 0.0013505112147, 0.00283980183303, 0.00205579260364, 0.00738725764677, 0.0074768117629, 0.00455465400591, 0.00887650065124, 0.00687702698633, 0.00744589976966, 0.00549319200218, 0.00465774908662, 0.00346946972422, 0.00393435219303, 0.00526602519676, 0.00733822351322, 0.00633442075923, 0.00669653108343, 0.0117032602429, 0.0061574773863, 0.00281632202677, 0.000594937650021, 0.000113403366413, 0.000165423291037, 7.69668404246e-005, 2.79450682683e-006, 1.35077335983e-008, 1.07053432785e-009]
        mean: [1.18968962681e-007, 8.31716752145e-005, 0.000215954481973, 0.000132019937155, 0.000262946705334, 0.000174645130755, 9.49827663135e-005, 0.000111899287731, 0.000163047414389, 0.000185120239621, 0.000116057562991, 0.000112966488814, 0.000120982607768, 0.000134004585561, 0.000166827390785, 0.000276516366284, 0.000380061886972, 0.000540975655895, 0.00078536872752, 0.000377914082492, 0.000182988296729, 5.05849202455e-005, 8.45177692099e-006, 4.31269927503e-006, 1.94154267774e-006, 4.95551510937e-008, 5.71950320438e-010, 4.2352846924e-011]
        median: [4.02232274155e-008, 4.04165766668e-005, 0.00013671987108, 8.44596579554e-005, 0.000138626273838, 8.00682755653e-005, 3.54182629962e-005, 3.81701793231e-005, 4.82240684505e-005, 4.96182947245e-005, 3.0137867725e-005, 2.80638996628e-005, 3.23165331793e-005, 5.32091107743e-005, 5.97064936301e-005, 0.000174987289938, 0.000261759938439, 0.000387717445847, 0.000627370318398, 0.000317686208291, 0.000147290338646, 3.03975757561e-005, 5.22196978636e-006, 1.71916792624e-006, 6.33261322491e-007, 1.64850604278e-008, 2.41078546015e-010, 1.38390132687e-011]
        min: [5.87007571224e-025, 2.57475186728e-024, 7.7763437916e-025, 1.79447436036e-024, 1.21677984432e-023, 9.16138879113e-024, 5.43274858132e-024, 6.20634384473e-024, 1.66613071427e-023, 1.56071665145e-023, 1.78682753717e-023, 1.96115285991e-023, 2.83813568136e-023, 3.93022209677e-023, 5.31563129366e-023, 6.72981087885e-023, 8.44926701259e-023, 9.44910340266e-023, 1.47062971426e-022, 1.44647529822e-022, 2.99368826025e-022, 3.60159961994e-022, 4.05582976814e-022, 6.27392917147e-022, 8.1214499943e-022, 1.32290232001e-021, 1.95691222767e-021, 5.52375753914e-022]
        var: [1.53658552896e-013, 1.73365162226e-008, 7.08903300506e-008, 2.54633718555e-008, 2.35112679547e-007, 1.08672544741e-007, 5.46299538939e-008, 8.17706293788e-008, 1.5034973444e-007, 2.2091924734e-007, 8.15048366576e-008, 8.32772784065e-008, 7.44056478652e-008, 6.85074752482e-008, 1.35584741656e-007, 1.80098950864e-007, 2.0270766754e-007, 3.26491573333e-007, 6.97572772879e-007, 1.28727478454e-007, 3.61330627641e-008, 3.840449736e-009, 1.17346521389e-010, 1.12575483657e-010, 2.8281302647e-011, 1.49538787928e-014, 9.85620027852e-019, 5.27193264043e-021]
    mfcc:
        mean: [-727.54901123, 99.333732605, -51.9412765503, 59.0018196106, -9.74835968018, -7.14969921112, 2.03527665138, 1.20934557915, 0.226926758885, -4.9111456871, -4.2290391922, -5.84280157089, -5.88360500336]
        cov: [[9311.1484375, -1056.46179199, -2213.75366211, 902.016113281, -277.811920166, 500.219573975, 96.9769592285, -85.5000991821, -105.697059631, 120.763778687, 197.130096436, -174.416442871, -183.395950317], [-1056.46179199, 1344.29418945, 286.432952881, -105.898956299, 20.3221263885, -189.786621094, 8.49821090698, 9.0374174118, -9.3695230484, -80.4391021729, -64.3231811523, 46.5585746765, 29.2015857697], [-2213.75366211, 286.432952881, 1339.82897949, -232.146102905, 95.2984161377, -172.586456299, -87.4108505249, 49.1356811523, 9.01166725159, -40.5761642456, -59.6008529663, 61.8620262146, 71.9824447632], [902.016113281, -105.898956299, -232.146102905, 414.030212402, 73.6234130859, 90.9519271851, 9.03942680359, -43.4337387085, 35.2442817688, 41.129070282, -5.71849441528, -24.197183609, -15.1531391144], [-277.811920166, 20.3221263885, 95.2984161377, 73.6234130859, 224.074645996, 67.1582870483, 2.50891304016, -21.0804290771, 21.9380779266, 34.5959434509, -2.23049855232, 3.16832995415, 1.88023245335], [500.219573975, -189.786621094, -172.586456299, 90.9519271851, 67.1582870483, 232.572769165, 94.150177002, 29.1578235626, -2.98634791374, 26.9043102264, 39.387676239, -10.8980731964, -13.0666332245], [96.9769592285, 8.49821090698, -87.4108505249, 9.03942680359, 2.50891304016, 94.150177002, 203.994659424, 59.7155723572, -2.17861461639, -15.8271875381, 2.82651519775, 7.45298957825, -2.25045275688], [-85.5000991821, 9.0374174118, 49.1356811523, -43.4337387085, -21.0804290771, 29.1578235626, 59.7155723572, 135.057159424, 26.0822162628, -3.17341709137, 6.94823646545, -4.28246355057, 5.78644275665], [-105.697059631, -9.3695230484, 9.01166725159, 35.2442817688, 21.9380779266, -2.98634791374, -2.17861461639, 26.0822162628, 91.3510360718, 37.6469459534, -0.9539681077, -3.98325991631, -5.85614776611], [120.763778687, -80.4391021729, -40.5761642456, 41.129070282, 34.5959434509, 26.9043102264, -15.8271875381, -3.17341709137, 37.6469459534, 98.3672943115, 38.1417388916, -5.83713817596, -12.2760324478], [197.130096436, -64.3231811523, -59.6008529663, -5.71849441528, -2.23049855232, 39.387676239, 2.82651519775, 6.94823646545, -0.9539681077, 38.1417388916, 87.8369750977, 22.2026538849, -6.02963972092], [-174.416442871, 46.5585746765, 61.8620262146, -24.197183609, 3.16832995415, -10.8980731964, 7.45298957825, -4.28246355057, -3.98325991631, -5.83713817596, 22.2026538849, 69.7593460083, 32.5457839966], [-183.395950317, 29.2015857697, 71.9824447632, -15.1531391144, 1.88023245335, -13.0666332245, -2.25045275688, 5.78644275665, -5.85614776611, -12.2760324478, -6.02963972092, 32.5457839966, 67.0227737427]]
        icov: [[0.000257023930317, 5.26793301105e-005, 0.000260278175119, -0.000453012558864, 0.000358932011295, -0.000201771021239, 0.000127960753161, -0.0001081898954, 0.000427831808338, -4.51478445029e-005, -0.00029761629412, 0.000185073207831, 0.000175086825038], [5.26793301105e-005, 0.000958897464443, 2.79027462966e-005, -8.13838923932e-005, -0.000379664939828, 0.000913082505576, -0.000344682048308, -0.000224435192649, 0.000167681311723, 0.000465576769784, 0.000142734861583, -0.000477403198602, 0.000219050707528], [0.000260278175119, 2.79027462966e-005, 0.00139065389521, 3.49935362465e-005, -0.000534688937478, 0.000424955593189, 0.00055759458337, -0.000886168214492, 0.000533837475814, -2.04834832402e-005, 0.000381320045562, -0.000600450031925, -0.000223751543672], [-0.000453012558864, -8.13838923932e-005, 3.49935362465e-005, 0.00415940675884, -0.0012925195042, -0.000733587774448, -8.71790325618e-005, 0.00138465187047, -0.00210091448389, -0.000427140301326, 0.00154853402637, 3.60972408089e-005, -0.000670566572808], [0.000358932011295, -0.000379664939828, -0.000534688937478, -0.0012925195042, 0.007130112499, -0.00337052135728, 0.000497639237437, 0.00162630586419, -0.000478908565128, -0.00207131472416, 0.000992870423943, -0.000256341008935, 0.000241337693296], [-0.000201771021239, 0.000913082505576, 0.000424955593189, -0.000733587774448, -0.00337052135728, 0.00921117980033, -0.0034403107129, -0.00164622627199, 0.00153588037938, 0.000156396548846, -0.00304573890753, 0.00138933071867, -0.000441047479399], [0.000127960753161, -0.000344682048308, 0.00055759458337, -8.71790325618e-005, 0.000497639237437, -0.0034403107129, 0.0077310600318, -0.00304636405781, 0.000554264697712, 0.000849694130011, 0.00178231927566, -0.00265243463218, 0.00137208227534], [-0.0001081898954, -0.000224435192649, -0.000886168214492, 0.00138465187047, 0.00162630586419, -0.00164622627199, -0.00304636405781, 0.0113986153156, -0.00497624278069, 0.0014126887545, -0.00218358053826, 0.00352021795698, -0.00246830726974], [0.000427831808338, 0.000167681311723, 0.000533837475814, -0.00210091448389, -0.000478908565128, 0.00153588037938, 0.000554264697712, -0.00497624278069, 0.0167954321951, -0.00701811816543, 0.00293212616816, -0.00193278375082, 0.00219478434883], [-4.51478445029e-005, 0.000465576769784, -2.04834832402e-005, -0.000427140301326, -0.00207131472416, 0.000156396548846, 0.000849694130011, 0.0014126887545, -0.00701811816543, 0.0178309883922, -0.00857516564429, 0.00348179996945, -0.000215241874685], [-0.00029761629412, 0.000142734861583, 0.000381320045562, 0.00154853402637, 0.000992870423943, -0.00304573890753, 0.00178231927566, -0.00218358053826, 0.00293212616816, -0.00857516564429, 0.0207988023758, -0.0107369767502, 0.00446122186258], [0.000185073207831, -0.000477403198602, -0.000600450031925, 3.60972408089e-005, -0.000256341008935, 0.00138933071867, -0.00265243463218, 0.00352021795698, -0.00193278375082, 0.00348179996945, -0.0107369767502, 0.0253867357969, -0.011572166346], [0.000175086825038, 0.000219050707528, -0.000223751543672, -0.000670566572808, 0.000241337693296, -0.000441047479399, 0.00137208227534, -0.00246830726974, 0.00219478434883, -0.000215241874685, 0.00446122186258, -0.011572166346, 0.0217321328819]]
    sccoeffs:
        dmean: [0.0531010329723, 0.0464927516878, 0.038137152791, 0.0305496752262, 0.0212866514921, 0.0176972858608]
        dmean2: [0.0894952863455, 0.0763679593801, 0.0612706877291, 0.0496244318783, 0.0344395525753, 0.0276207569987]
        dvar: [0.00192832993343, 0.00152852048632, 0.000973001529928, 0.00065478758188, 0.00033788420842, 0.000303537031868]
        dvar2: [0.00531154917553, 0.00400049658492, 0.00244749896228, 0.00158338749316, 0.000809522287454, 0.00064626079984]
        max: [-0.249110296369, -0.369237154722, -0.417453080416, -0.476551681757, -0.546115994453, -0.552129149437]
        mean: [-0.659312069416, -0.750883221626, -0.770105183125, -0.782293438911, -0.788732767105, -0.738848090172]
        median: [-0.660648047924, -0.754073441029, -0.77724057436, -0.787986695766, -0.790318310261, -0.734618961811]
        min: [-0.973530650139, -0.974917054176, -0.976534307003, -0.97310847044, -0.972841382027, -0.963775634766]
        var: [0.00465946411714, 0.00461475830525, 0.00467637553811, 0.00400620978326, 0.0021924674511, 0.00226815557107]
    scvalleys:
        dmean: [0.409925758839, 0.395353764296, 0.308485120535, 0.252710729837, 0.2158549577, 0.280762016773]
        dmean2: [0.677458584309, 0.633576750755, 0.494515061378, 0.397760331631, 0.334729641676, 0.421709418297]
        dvar: [0.118753120303, 0.150449976325, 0.0845870152116, 0.0678992271423, 0.0723018050194, 0.169053182006]
        dvar2: [0.296751976013, 0.353652119637, 0.183305159211, 0.139906570315, 0.137850865722, 0.360656559467]
        max: [-5.17576551437, -4.35191965103, -5.18815135956, -5.71886539459, -5.61977672577, -7.42526054382]
        mean: [-7.26502895355, -7.14905691147, -7.37592411041, -7.53723144531, -7.13855695724, -10.1889324188]
        median: [-6.9755191803, -6.9521689415, -7.11450529099, -7.0943274498, -6.52235889435, -9.64341163635]
        min: [-28.0502605438, -27.8011035919, -27.7434577942, -27.6435279846, -27.506526947, -27.3887996674]
        var: [3.11818051338, 3.07448482513, 3.16000699997, 3.63662171364, 4.02520132065, 3.77624988556]

rhythm:
    beats_loudness:
        dmean: 0.00185534765478
        dmean2: 0.00314068910666
        dvar: 2.23837764679e-006
        dvar2: 6.40984990241e-006
        max: 0.0131744714454
        mean: 0.00538683170453
        median: 0.00535767665133
        min: 1.81748312147e-012
        var: 6.67812128086e-006
    bpm: 99.1706161499
    bpm_confidence: 0
    first_peak_bpm: 99
    first_peak_spread: 0.0482315272093
    first_peak_weight: 0.89156627655
    onset_rate: 2.71425962448
    second_peak_bpm: 105
    second_peak_spread: 0.166666612029
    second_peak_weight: 0.0150602413341
    beats_loudness_band_ratio:
        dmean: [0.116667456925, 0.145039901137, 0.11733866483, 0.0816428810358, 0.130750671029, 0.110960572958]
        dmean2: [0.21168614924, 0.278953462839, 0.215950220823, 0.142951205373, 0.228554189205, 0.196264699101]
        dvar: [0.0159064307809, 0.0107870735228, 0.00963843148202, 0.00868899747729, 0.0147947231308, 0.0108282482252]
        dvar2: [0.0463543981314, 0.0318528041244, 0.0268752798438, 0.0260269828141, 0.0455628223717, 0.0304826293141]
        max: [0.981161952019, 0.814182341099, 0.698864817619, 0.596061885357, 0.798816978931, 0.816383183002]
        mean: [0.12447232008, 0.150734677911, 0.136552929878, 0.104255355895, 0.269897401333, 0.253394842148]
        median: [0.0662203580141, 0.0945492088795, 0.0999388918281, 0.0734216421843, 0.254871606827, 0.232819333673]
        min: [0, 0, 0, 0, 0, 0]
        var: [0.0235209427774, 0.0221728105098, 0.0175004098564, 0.0104340845719, 0.0231338813901, 0.0256392396986]
    beats_position: [0.835918366909, 1.68344664574, 2.53097510338, 3.41333317757, 4.28408145905, 5.15482997894, 6.06040811539, 6.96598625183, 7.87156438828, 8.77714252472, 9.62467098236, 10.4141492844, 11.2036275864, 11.9698867798, 12.7361450195, 13.3746938705, 13.966802597, 14.5705213547, 15.1742401123, 15.7779588699, 16.3700675964, 16.9737873077, 17.5658950806, 18.1580047607, 18.7617225647, 19.3538322449, 19.9575500488, 20.5612697601, 21.1765975952, 21.7803173065, 22.3840351105, 22.9877548218, 23.5914726257, 24.195192337, 24.7989120483, 25.4026298523, 26.0063495636, 26.6100673676, 27.2137870789, 27.8175048828, 28.4328346252, 29.0365524292, 29.6518821716, 30.2555999756, 30.8593196869, 31.4630374908, 32.0667572021, 32.6704750061, 33.2741928101, 33.8779144287, 34.4816322327, 35.0853500366, 35.6890678406, 36.2927894592, 36.8965072632, 37.5002250671, 38.1039466858, 38.7192726135, 39.3229942322, 39.9383201599, 40.5420417786, 41.1457595825, 41.7494773865, 42.3531951904, 42.9569168091, 43.560634613, 44.164352417, 44.7680702209, 45.3717918396, 45.9755096436, 46.5792274475, 47.1945571899, 47.8098869324, 48.4136047363, 49.0173225403, 49.6210403442, 50.2247619629, 50.8284797668, 51.4321975708, 52.0359191895, 52.6396369934, 53.2433547974, 53.8470726013, 54.45079422, 55.0545120239, 55.6582298279, 56.2619476318, 56.8656692505, 57.4693870544, 58.0847167969, 58.6884346008, 59.280544281, 59.884262085, 60.4879798889, 61.1033096313, 61.7186393738, 62.3223571777, 62.9260749817, 63.5297966003, 64.1335144043, 64.7372360229, 65.3409500122, 65.9446716309, 66.5599975586, 67.1753311157, 67.779045105, 68.3711547852, 68.9864807129, 69.5902023315, 70.1939239502, 70.7976379395, 71.4013595581, 72.0166854858, 72.632019043, 73.2357330322, 73.8394546509, 74.4431762695, 75.0468902588, 75.6506118774, 76.2543258667, 76.8580474854, 77.461769104, 78.0654830933, 78.6692047119, 79.2729263306, 79.8766403198, 80.4803619385, 81.0840835571, 81.6877975464, 82.291519165, 82.8952331543, 83.4989547729, 84.1026763916, 84.7063903809, 85.321723938, 85.9370498657, 86.5407714844, 87.1444854736, 87.7482070923, 88.3519287109, 88.9556427002, 89.5593643188, 90.1630859375, 90.7667999268, 91.3705215454, 91.9742355347, 92.5779571533, 93.181678772, 93.7853927612, 94.3891143799, 94.9928359985, 95.5965499878, 96.2118835449, 96.8272094727, 97.4309310913, 98.0346450806, 98.6383666992, 99.253692627, 99.8458023071, 100.449523926, 101.053237915, 101.668571472, 102.2838974, 102.887619019, 103.491333008, 104.095054626, 104.698776245, 105.302490234, 105.906211853, 106.509933472, 107.113647461, 107.71736908, 108.321083069, 108.924804688, 109.528526306, 110.132240295, 110.735961914, 111.351287842, 111.95500946, 112.558731079, 113.162445068, 113.766166687, 114.381492615, 114.985214233, 115.588935852, 116.192649841, 116.79637146, 117.38848114, 117.98059082, 118.595916748, 119.211242676, 119.826576233, 120.441902161, 121.045623779, 121.649337769, 122.253059387, 122.845169067, 123.460494995, 124.064216614, 124.667930603, 125.271652222, 125.87537384, 126.47908783, 127.082809448, 127.686531067, 128.290252686, 128.905578613, 129.520904541, 130.12461853, 130.728347778, 131.332061768, 131.935775757, 132.539505005, 133.143218994, 133.746932983, 134.350662231, 134.954376221, 135.55809021, 136.161804199, 136.765533447, 137.380859375, 137.996185303, 138.599899292, 139.20362854, 139.807342529, 140.411056519, 141.014785767, 141.618499756, 142.222213745, 142.825942993, 143.429656982, 144.033370972, 144.63710022, 145.240814209, 145.844528198, 146.448257446, 147.051971436, 147.667297363, 148.282623291, 148.886352539, 149.490066528, 150.093780518, 150.697509766, 151.301223755, 151.904937744, 152.520263672, 153.135604858, 153.739318848, 154.343032837, 154.946762085, 155.550476074, 156.154190063, 156.757904053, 157.350021362, 157.942123413, 158.545852661, 159.161178589, 159.776504517, 160.380218506, 160.983947754, 161.587661743, 162.191375732, 162.79510498, 163.410430908, 164.025756836, 164.629470825, 165.233200073, 165.836914063, 166.440628052, 167.0443573, 167.648071289, 168.251785278, 168.855514526, 169.459228516, 170.062942505, 170.666656494, 171.270385742, 171.874099731, 172.489425659, 173.104751587, 173.708480835, 174.312194824, 174.915908813, 175.519638062, 176.123352051, 176.72706604, 177.330795288, 177.934509277, 178.538223267, 179.141952515, 179.734054565, 180.349380493, 180.953109741, 181.55682373, 182.16053772, 182.775863647, 183.391204834, 183.994918823, 184.598632813, 185.202362061, 185.80607605, 186.409790039, 187.013504028, 187.617233276, 188.220947266, 188.824661255, 189.428390503, 190.032104492, 190.635818481, 191.239547729, 191.854873657, 192.470199585, 193.085525513, 193.677642822, 194.281356812, 194.885070801, 195.488800049, 196.092514038, 196.696228027, 197.299957275, 197.903671265, 198.507385254, 199.122711182, 199.738052368, 200.341766357, 200.945480347, 201.549209595, 202.10647583, 202.675369263, 203.244262695, 203.813140869, 204.382034302, 204.950927734]
    bpm_estimates: [101.332740784, 99.3840255737, 99.3840255737, 99.3840255737, 101.332740784, 99.3838653564, 101.332901001, 101.332580566, 99.3841781616, 101.332580566, 99.3841781616, 99.3838653564, 97.5089950562, 99.3838653564, 99.3841781616, 99.3838653564, 99.3841781616, 99.3838653564, 99.3838653564, 99.3841781616, 99.3838653564, 99.3841781616, 99.3838653564, 99.3841781616, 97.5086975098, 99.3841781616, 97.5086975098, 99.3841781616, 99.3838653564, 99.3841781616, 99.3838653564, 99.3841781616, 99.3841781616, 99.3835525513, 99.3841781616, 99.3841781616, 99.3841781616, 99.3835525513, 99.3841781616, 99.3841781616, 99.3835525513, 97.5093002319, 99.3835525513, 97.5093002319, 99.3835525513, 99.3841781616, 99.3841781616, 99.3841781616, 99.3835525513, 99.3841781616, 99.3841781616, 99.3841781616, 99.3835525513, 99.3841781616, 99.3841781616, 97.5086975098, 97.5086975098, 99.3841781616, 99.3841781616, 99.3841781616, 99.3835525513, 99.3841781616, 99.3841781616, 99.3835525513, 99.3841781616, 99.3841781616, 99.3841781616, 99.3835525513, 99.3841781616, 99.3841781616, 99.3841781616, 99.3835525513, 99.3841781616, 97.5086975098, 99.3841781616, 101.332580566, 99.3841781616, 99.3841781616, 97.5086975098, 97.5086975098, 99.3841781616, 99.3841781616, 99.3835525513, 99.3841781616, 99.3835525513, 99.3848114014, 99.3835525513, 97.5093002319, 97.5080871582, 99.3848114014, 101.332580566, 97.5093002319, 99.3835525513, 99.3835525513, 99.3848114014, 99.3835525513, 97.5093002319, 97.5080871582, 99.3848114014, 99.3835525513, 99.3835525513, 99.3848114014, 99.3835525513, 99.3848114014, 99.3835525513, 99.3835525513, 99.3848114014, 99.3835525513, 99.3835525513, 99.3848114014, 99.3835525513, 99.3835525513, 99.3848114014, 99.3835525513, 99.3848114014, 99.3835525513, 99.3835525513, 99.3848114014, 97.5080871582, 97.5093002319, 99.3835525513, 99.3848114014, 99.3835525513, 99.3835525513, 99.3848114014, 99.3835525513, 99.3835525513, 99.3848114014, 99.3835525513, 99.3848114014, 99.3835525513, 99.3835525513, 99.3848114014, 99.3835525513, 99.3835525513, 99.3848114014, 97.5080871582, 97.5093002319, 99.3835525513, 99.3848114014, 99.3835525513, 97.5093002319, 101.332580566, 99.3835525513, 99.3848114014, 97.5080871582, 97.5093002319, 99.3835525513, 99.3848114014, 99.3835525513, 99.3835525513, 99.3848114014, 99.3835525513, 99.3835525513, 99.3848114014, 99.3835525513, 99.3848114014, 99.3835525513, 99.3835525513, 99.3848114014, 99.3835525513, 97.5093002319, 99.3835525513, 99.3835525513, 99.3848114014, 99.3835525513, 97.5093002319, 99.3835525513, 99.3835525513, 99.3848114014, 99.3835525513, 101.332580566, 101.332580566, 97.5093002319, 97.5093002319, 97.5080871582, 97.5093002319, 99.3835525513, 99.3848114014, 99.3835525513, 101.332580566, 97.5093002319, 99.3835525513, 99.3848114014, 99.3835525513, 99.3835525513, 99.3848114014, 99.3835525513, 99.3835525513, 99.3835525513, 97.5093002319, 97.5093002319, 99.3848114014, 99.3823013306, 99.3848114014, 99.3848114014, 99.3823013306, 99.3848114014, 99.3848114014, 99.3823013306, 99.3848114014, 99.3848114014, 99.3848114014, 99.3823013306, 97.5093002319, 97.5093002319, 99.3848114014, 99.3823013306, 99.3848114014, 99.3848114014, 99.3823013306, 99.3848114014, 99.3848114014, 99.3823013306, 99.3848114014, 99.3848114014, 99.3823013306, 99.3848114014, 99.3848114014, 99.3823013306, 99.3848114014, 97.5093002319, 97.5093002319, 99.3823013306, 99.3848114014, 99.3848114014, 99.3823013306, 99.3848114014, 99.3848114014, 97.5093002319, 97.5068817139, 99.3848114014, 99.3848114014, 99.3823013306, 99.3848114014, 99.3848114014, 99.3848114014, 101.331268311, 101.333885193, 99.3823013306, 97.5093002319, 97.5093002319, 99.3848114014, 99.3823013306, 99.3848114014, 99.3848114014, 99.3823013306, 97.5093002319, 97.5093002319, 99.3848114014, 99.3823013306, 99.3848114014, 99.3848114014, 99.3823013306, 99.3848114014, 99.3848114014, 99.3823013306, 99.3848114014, 99.3848114014, 99.3848114014, 99.3823013306, 99.3848114014, 97.5093002319, 97.5093002319, 99.3823013306, 99.3848114014, 99.3848114014, 99.3823013306, 99.3848114014, 99.3848114014, 99.3823013306, 99.3848114014, 99.3848114014, 99.3823013306, 101.333885193, 97.5093002319, 99.3823013306, 99.3848114014, 99.3848114014, 97.5093002319, 97.5068817139, 99.3848114014, 99.3848114014, 99.3823013306, 99.3848114014, 99.3848114014, 99.3848114014, 99.3823013306, 99.3848114014, 99.3848114014, 99.3823013306, 99.3848114014, 99.3848114014, 99.3823013306, 97.5093002319, 97.5093002319, 97.5093002319, 101.331268311, 99.3848114014, 99.3848114014, 99.3823013306, 99.3848114014, 99.3848114014, 99.3823013306, 99.3848114014, 99.3848114014, 97.5093002319, 97.5068817139, 99.3848114014, 99.3848114014, 99.3823013306]
