
metadata:
    version:
        essentia: "2.1-beta2"
    audio_properties:
        analysis_sample_rate: 44100
        bitrate: 320
        channels: 2
        equal_loudness: 1
        length: 249.756729126
        replay_gain: -14.157245636
        downmix: "mix"
    tags:
        album: "Greatest Hits - Hymns To The Rising Sun"
        artist: "Amon Amarth"
        comment: ""
        date: "2010"
        genre: "Melodic Death Metal"
        title: "Live For The Kill"
        tracknumber: "03"

configuration:
    average_loudness:
        compute: 1
        frameSize: 88200
        hopSize: 44100
        silentFrames: "noise"
        windowType: "hann"
    general:
        analysisSampleRate: 44100
        endTime: 2000
        equalLoudness: 1
        nequalLoudness: 0
        shortSound: 0
        startTime: 0
    lowlevel:
        compute: 1
        frameSize: 2048
        hopSize: 1024
        zeroPadding: 0
        silentFrames: "noise"
        windowType: "blackmanharris62"
        mfccStats: ["mean", "cov", "icov"]
        stats: ["mean", "var", "median", "min", "max", "dmean", "dmean2", "dvar", "dvar2"]
    panning:
        compute: 0
        frameSize: 8192
        hopSize: 2048
        zeroPadding: 8192
        silentFrames: "noise"
        windowType: "hann"
        stats: ["copy"]
    rhythm:
        compute: 1
        maxTempo: 208
        minTempo: 40
        method: "degara"
        stats: ["mean", "var", "median", "min", "max", "dmean", "dmean2", "dvar", "dvar2"]
    segmentation:
        compute: 0
        cpw: 5
        inc1: 300
        inc2: 50
        minimumSegmentsLength: 10
        size1: 1000
        size2: 600
    sfx:
        compute: 1
        stats: ["mean", "var", "median", "min", "max", "dmean", "dmean2", "dvar", "dvar2"]
    svm:
        compute: 0
    tonal:
        compute: 1
        frameSize: 4096
        hopSize: 2048
        zeroPadding: 0
        silentFrames: "noise"
        windowType: "blackmanharris62"
        stats: ["mean", "var", "median", "min", "max", "dmean", "dmean2", "dvar", "dvar2"]

lowlevel:
    average_loudness: 0.887561142445
    barkbands_kurtosis:
        dmean: 0.688915252686
        dmean2: 1.1285071373
        dvar: 2.97408103943
        dvar2: 7.56160974503
        max: 58.5866203308
        mean: -0.273300766945
        median: -1.21929633617
        min: -1.89250361919
        var: 9.70177745819
    barkbands_skewness:
        dmean: 0.338980406523
        dmean2: 0.543930947781
        dvar: 0.11156013608
        dvar2: 0.272591561079
        max: 6.69020080566
        mean: 0.32233402133
        median: 0.0914388746023
        min: -2.29261136055
        var: 0.838304281235
    barkbands_spread:
        dmean: 4.72911024094
        dmean2: 7.61525630951
        dvar: 18.1535186768
        dvar2: 46.3073387146
        max: 65.9445877075
        mean: 34.0997390747
        median: 35.4317474365
        min: 1.56817615032
        var: 111.229980469
    dissonance:
        dmean: 0.0101214749739
        dmean2: 0.0172871463001
        dvar: 0.000110486529593
        dvar2: 0.000306850444758
        max: 0.500000178814
        mean: 0.480724185705
        median: 0.485971480608
        min: 0.274514466524
        var: 0.00033735379111
    hfc:
        dmean: 1.83745121956
        dmean2: 3.03228592873
        dvar: 5.70230865479
        dvar2: 14.8559713364
        max: 33.5989761353
        mean: 7.6059885025
        median: 7.95106983185
        min: 1.05559277442e-016
        var: 24.9249897003
    pitch:
        dmean: 711.087402344
        dmean2: 1369.68383789
        dvar: 1529545.5
        dvar2: 4019697.25
        max: 4400.69873047
        mean: 757.338317871
        median: 246.173309326
        min: 43.0243911743
        var: 1414213.25
    pitch_instantaneous_confidence:
        dmean: 0.0601253323257
        dmean2: 0.100651815534
        dvar: 0.00290856440552
        dvar2: 0.00733646657318
        max: 0.933404684067
        mean: 0.301270544529
        median: 0.243835836649
        min: 0.0823889970779
        var: 0.024213667959
    pitch_salience:
        dmean: 0.0519735999405
        dmean2: 0.0873133987188
        dvar: 0.00224389950745
        dvar2: 0.0062053995207
        max: 0.978791117668
        mean: 0.665586829185
        median: 0.698240399361
        min: 0.177271485329
        var: 0.0111006209627
    silence_rate_20dB:
        dmean: 0
        dmean2: 0
        dvar: 0
        dvar2: 0
        max: 1
        mean: 1
        median: 1
        min: 1
        var: 0
    silence_rate_30dB:
        dmean: 0
        dmean2: 0
        dvar: 0
        dvar2: 0
        max: 1
        mean: 1
        median: 1
        min: 1
        var: 0
    silence_rate_60dB:
        dmean: 0.0429487787187
        dmean2: 0.0859055444598
        dvar: 0.0410981066525
        dvar2: 0.0904310271144
        max: 1
        mean: 0.306097775698
        median: 0
        min: 0
        var: 0.212398141623
    spectral_centroid:
        dmean: 219.463562012
        dmean2: 357.607971191
        dvar: 51259.0625
        dvar2: 121185.6875
        max: 11650.0410156
        mean: 1581.2043457
        median: 1589.18505859
        min: 185.253295898
        var: 1274948
    spectral_complexity:
        dmean: 3.85665154457
        dmean2: 6.1591668129
        dvar: 16.3893241882
        dvar2: 38.1484069824
        max: 52
        mean: 18.3267345428
        median: 20
        min: 0
        var: 119.975624084
    spectral_crest:
        dmean: 1.68892836571
        dmean2: 2.82434296608
        dvar: 3.13389253616
        dvar2: 8.12400341034
        max: 24.1641349792
        mean: 6.03346347809
        median: 4.81700706482
        min: 2.08929514885
        var: 11.5832281113
    spectral_decrease:
        dmean: 2.6984814383e-010
        dmean2: 4.55822463108e-010
        dvar: 1.67529432298e-019
        dvar2: 4.51722867226e-019
        max: 2.87000322902e-028
        mean: -1.07961539708e-009
        median: -1.04871511475e-009
        min: -4.55218707174e-009
        var: 4.36758394463e-019
    spectral_energy:
        dmean: 0.00115377735347
        dmean2: 0.00194258708507
        dvar: 2.94889150609e-006
        dvar2: 7.89543537394e-006
        max: 0.0195426233113
        mean: 0.00476460205391
        median: 0.00470137409866
        min: 9.95356690063e-021
        var: 8.44127498567e-006
    spectral_energyband_high:
        dmean: 0.000172629544977
        dmean2: 0.000299312669085
        dvar: 5.85714410306e-008
        dvar2: 1.60239196134e-007
        max: 0.00334854889661
        mean: 0.000403460697271
        median: 0.000369963003322
        min: 6.89594950409e-021
        var: 1.08757461703e-007
    spectral_energyband_low:
        dmean: 0.000340545346262
        dmean2: 0.000575390469749
        dvar: 1.67304122556e-007
        dvar2: 4.57531513121e-007
        max: 0.00551101658493
        mean: 0.000630153808743
        median: 0.000495972693898
        min: 1.5369146669e-023
        var: 2.82504402094e-007
    spectral_energyband_middle_high:
        dmean: 0.000463983160444
        dmean2: 0.00073505792534
        dvar: 2.90225386834e-007
        dvar2: 7.02330055447e-007
        max: 0.00984529405832
        mean: 0.00217537162825
        median: 0.00218789884821
        min: 1.16179496127e-021
        var: 2.30079422181e-006
    spectral_energyband_middle_low:
        dmean: 0.000735374866053
        dmean2: 0.00125926162582
        dvar: 1.57011550073e-006
        dvar2: 4.39288396592e-006
        max: 0.0131368180737
        mean: 0.00177024153527
        median: 0.0014341364149
        min: 1.63113274244e-022
        var: 1.99002329282e-006
    spectral_flatness_db:
        dmean: 0.0117356702685
        dmean2: 0.0192153528333
        dvar: 0.000136280388688
        dvar2: 0.000359992583981
        max: 0.375930815935
        mean: 0.136351615191
        median: 0.119700312614
        min: 0.0547053851187
        var: 0.00209501781501
    spectral_flux:
        dmean: 0.00658189784735
        dmean2: 0.0102388234809
        dvar: 6.61689555272e-005
        dvar2: 0.000124865851831
        max: 0.107765056193
        mean: 0.0386103354394
        median: 0.04058008641
        min: 6.45833803103e-011
        var: 0.000342475803336
    spectral_kurtosis:
        dmean: 1.26213419437
        dmean2: 2.19547271729
        dvar: 3.1986374855
        dvar2: 9.64494419098
        max: 46.0096969604
        mean: 4.08000516891
        median: 3.14842581749
        min: -1.25348758698
        var: 13.5734834671
    spectral_rms:
        dmean: 0.000238231776166
        dmean2: 0.000392134621507
        dvar: 8.71984795481e-008
        dvar2: 2.26633943612e-007
        max: 0.00436646025628
        mean: 0.00202456954867
        median: 0.0021416596137
        min: 3.1162151852e-012
        var: 5.49486799173e-007
    spectral_rolloff:
        dmean: 334.081542969
        dmean2: 549.094421387
        dvar: 169382.453125
        dvar2: 371738.125
        max: 19918.2128906
        mean: 3169.26123047
        median: 3359.1796875
        min: 129.19921875
        var: 3751566.25
    spectral_skewness:
        dmean: 0.169822707772
        dmean2: 0.287854999304
        dvar: 0.029426343739
        dvar2: 0.0837539583445
        max: 5.16760015488
        mean: 1.40087723732
        median: 1.28781807423
        min: -0.0692458450794
        var: 0.281370699406
    spectral_spread:
        dmean: 372690.6875
        dmean2: 592794.3125
        dvar: 321369309184
        dvar2: 667220049920
        max: 42923252
        mean: 4688414.5
        median: 4288586
        min: 1625434.25
        var: 1.53113465979e+013
    spectral_strongpeak:
        dmean: 0.22440084815
        dmean2: 0.398104965687
        dvar: 0.180247098207
        dvar2: 0.499551564455
        max: 5.75261354446
        mean: 0.297136157751
        median: 0.150844916701
        min: 0
        var: 0.209591418505
    zerocrossingrate:
        dmean: 0.00671251676977
        dmean2: 0.00852662697434
        dvar: 4.46903941338e-005
        dvar2: 6.11888754065e-005
        max: 0.52392578125
        mean: 0.0926847010851
        median: 0.095703125
        min: 0.0087890625
        var: 0.00254328502342
    barkbands:
        dmean: [4.0588452066e-007, 0.000104174709122, 0.000206782671739, 0.000290913012577, 0.000380666548153, 0.000148790451931, 0.000105093597085, 8.65570982569e-005, 0.000125279460917, 0.000101910191006, 7.7576325566e-005, 7.48735255911e-005, 7.21461037756e-005, 7.35396024538e-005, 6.9885609264e-005, 9.51869151322e-005, 0.000128518368001, 0.000115089751489, 0.000158630427904, 0.00011332770373, 9.09443042474e-005, 3.61231068382e-005, 7.10889753464e-006, 1.67460279954e-006, 6.06879723364e-007, 1.78315708865e-008, 3.26330490408e-010]
        dmean2: [6.27415317922e-007, 0.000181426672498, 0.000352326635038, 0.000502649345435, 0.000666620209813, 0.000248193566222, 0.000175486711669, 0.000142610369949, 0.000205582429771, 0.000170170023921, 0.000128557498101, 0.000123487698147, 0.000120606397104, 0.000122686542454, 0.000116054754471, 0.000157048736583, 0.000215395688429, 0.000192454070202, 0.000267071998678, 0.00019006599905, 0.000158774390002, 6.359838153e-005, 1.27425373648e-005, 2.82528935713e-006, 9.74724002845e-007, 2.80929643992e-008, 5.55576362693e-010]
        dvar: [3.08529813026e-013, 2.6566908673e-008, 7.29193203597e-008, 2.36084815697e-007, 5.61834838209e-007, 5.42909930346e-008, 3.07217078444e-008, 2.13799999926e-008, 4.26572910328e-008, 3.75541944209e-008, 2.7166581873e-008, 1.91301605668e-008, 1.47284966445e-008, 1.04426538527e-008, 9.08730779514e-009, 1.46062690831e-008, 2.63603379125e-008, 1.81369230745e-008, 3.72535211568e-008, 1.95753973031e-008, 1.62403601678e-008, 2.83884138419e-009, 1.30676539034e-010, 7.63884094868e-012, 1.20943207706e-012, 1.68078664136e-015, 2.24819418686e-019]
        dvar2: [7.17013904847e-013, 7.4386989013e-008, 2.00323057697e-007, 6.62862589706e-007, 1.59063733918e-006, 1.52274594711e-007, 8.25202732813e-008, 5.61966970736e-008, 1.14047551847e-007, 1.02227879495e-007, 6.88214214506e-008, 4.95245728871e-008, 3.99999642298e-008, 2.80694099075e-008, 2.444794589e-008, 3.83805698334e-008, 7.256784329e-008, 4.93489231701e-008, 1.0169873832e-007, 5.28131920419e-008, 4.50077166647e-008, 7.82847120462e-009, 3.55228374493e-010, 1.84789249874e-011, 2.61309745543e-012, 3.57990174234e-015, 5.72886835787e-019]
        max: [5.24016331838e-006, 0.00146245514043, 0.00428935419768, 0.00519510637969, 0.00958327855915, 0.0037381646689, 0.0029008151032, 0.00356960389763, 0.00439245300367, 0.00349347898737, 0.00311570707709, 0.00279896031134, 0.00239870417863, 0.00193799322005, 0.00213787867688, 0.00184132053982, 0.00290136225522, 0.00185240840074, 0.00290484819561, 0.00197157124057, 0.00222663651221, 0.000591727846768, 9.91657288978e-005, 6.05495042691e-005, 2.900747495e-005, 1.0028458064e-006, 9.58349843927e-009]
        mean: [6.21675440016e-007, 0.000140472358908, 0.000312457123073, 0.000377226591809, 0.000516641826835, 0.000262394081801, 0.00017509997997, 0.000142420554766, 0.00023491862521, 0.000176677873242, 0.000130837797769, 0.000138566858368, 0.000135630107252, 0.000148784019984, 0.000146903723362, 0.000210041718674, 0.00029248080682, 0.000280057312921, 0.000387335778214, 0.000289123971015, 0.000186467616004, 6.50861838949e-005, 9.79800825007e-006, 3.21472430187e-006, 1.30437535972e-006, 3.93515264818e-008, 5.84498338618e-010]
        median: [3.39825533047e-007, 9.97895767796e-005, 0.000203022442292, 0.000215624953853, 0.000314477656502, 0.000162512791576, 0.000104833365185, 7.50792896724e-005, 0.000133930821903, 8.42977169668e-005, 5.30309953319e-005, 6.88460131641e-005, 8.22051370051e-005, 0.000106789157144, 0.000119791118777, 0.000179541500984, 0.00026198325213, 0.000268414674792, 0.000358662917279, 0.000270003045443, 0.000164346929523, 5.32675258e-005, 5.97132657276e-006, 2.14938904719e-006, 8.64492676556e-007, 2.15233040279e-008, 3.01230124178e-010]
        min: [1.82221470339e-025, 1.61497044188e-024, 5.53357180893e-025, 1.34909138188e-024, 4.94276853486e-024, 8.56176220644e-024, 8.17047299795e-024, 4.34561976227e-024, 1.05674757678e-023, 9.38490779546e-024, 7.40695977134e-024, 2.37587265723e-023, 2.69099040334e-023, 2.9072402122e-023, 5.28292101845e-023, 5.00692635562e-023, 6.49315702491e-023, 7.95971634312e-023, 1.12663498897e-022, 1.19382044211e-022, 2.43309088438e-022, 3.77227882757e-022, 3.69732845877e-022, 5.0476228062e-022, 8.56738586961e-022, 1.32220711267e-021, 1.72864693126e-021]
        var: [5.82331708895e-013, 2.62139590035e-008, 1.20706246776e-007, 2.48323772212e-007, 4.85022837893e-007, 9.60984110066e-008, 5.3985399262e-008, 3.83137006565e-008, 9.27169381271e-008, 7.90473677625e-008, 5.79585019977e-008, 4.78305643981e-008, 3.15946522278e-008, 2.66980553221e-008, 2.22157474639e-008, 3.70617989631e-008, 6.00949974228e-008, 4.73452566041e-008, 9.70340892081e-008, 5.38040012543e-008, 2.59773731415e-008, 3.86087428694e-009, 1.43270270647e-010, 1.65610372638e-011, 3.12349451859e-012, 3.99143397031e-015, 5.94723008091e-019]
    frequency_bands:
        dmean: [4.0588452066e-007, 0.000104174709122, 0.000206782671739, 0.000290913012577, 0.000380666548153, 0.000148790451931, 0.000105093597085, 8.65570982569e-005, 0.000125279460917, 0.000101910191006, 7.7576325566e-005, 7.48735255911e-005, 7.21461037756e-005, 7.35396024538e-005, 6.9885609264e-005, 9.51869151322e-005, 0.000128518368001, 0.000115089751489, 0.000158630427904, 0.00011332770373, 9.09443042474e-005, 3.61231068382e-005, 7.10889753464e-006, 1.67460279954e-006, 6.06879723364e-007, 1.78315708865e-008, 3.26330490408e-010, 5.82147247075e-011]
        dmean2: [6.27415317922e-007, 0.000181426672498, 0.000352326635038, 0.000502649345435, 0.000666620209813, 0.000248193566222, 0.000175486711669, 0.000142610369949, 0.000205582429771, 0.000170170023921, 0.000128557498101, 0.000123487698147, 0.000120606397104, 0.000122686542454, 0.000116054754471, 0.000157048736583, 0.000215395688429, 0.000192454070202, 0.000267071998678, 0.00019006599905, 0.000158774390002, 6.359838153e-005, 1.27425373648e-005, 2.82528935713e-006, 9.74724002845e-007, 2.80929643992e-008, 5.55576362693e-010, 1.08571408808e-010]
        dvar: [3.08529813026e-013, 2.6566908673e-008, 7.29193203597e-008, 2.36084815697e-007, 5.61834838209e-007, 5.42909930346e-008, 3.07217078444e-008, 2.13799999926e-008, 4.26572910328e-008, 3.75541944209e-008, 2.7166581873e-008, 1.91301605668e-008, 1.47284966445e-008, 1.04426538527e-008, 9.08730779514e-009, 1.46062690831e-008, 2.63603379125e-008, 1.81369230745e-008, 3.72535211568e-008, 1.95753973031e-008, 1.62403601678e-008, 2.83884138419e-009, 1.30676539034e-010, 7.63884094868e-012, 1.20943207706e-012, 1.68078664136e-015, 2.24819418686e-019, 7.1757788892e-021]
        dvar2: [7.17013904847e-013, 7.4386989013e-008, 2.00323057697e-007, 6.62862589706e-007, 1.59063733918e-006, 1.52274594711e-007, 8.25202732813e-008, 5.61966970736e-008, 1.14047551847e-007, 1.02227879495e-007, 6.88214214506e-008, 4.95245728871e-008, 3.99999642298e-008, 2.80694099075e-008, 2.444794589e-008, 3.83805698334e-008, 7.256784329e-008, 4.93489231701e-008, 1.0169873832e-007, 5.28131920419e-008, 4.50077166647e-008, 7.82847120462e-009, 3.55228374493e-010, 1.84789249874e-011, 2.61309745543e-012, 3.57990174234e-015, 5.72886835787e-019, 2.29903816799e-020]
        max: [5.24016331838e-006, 0.00146245514043, 0.00428935419768, 0.00519510637969, 0.00958327855915, 0.0037381646689, 0.0029008151032, 0.00356960389763, 0.00439245300367, 0.00349347898737, 0.00311570707709, 0.00279896031134, 0.00239870417863, 0.00193799322005, 0.00213787867688, 0.00184132053982, 0.00290136225522, 0.00185240840074, 0.00290484819561, 0.00197157124057, 0.00222663651221, 0.000591727846768, 9.91657288978e-005, 6.05495042691e-005, 2.900747495e-005, 1.0028458064e-006, 9.58349843927e-009, 1.12205877922e-009]
        mean: [6.21675440016e-007, 0.000140472358908, 0.000312457123073, 0.000377226591809, 0.000516641826835, 0.000262394081801, 0.00017509997997, 0.000142420554766, 0.00023491862521, 0.000176677873242, 0.000130837797769, 0.000138566858368, 0.000135630107252, 0.000148784019984, 0.000146903723362, 0.000210041718674, 0.00029248080682, 0.000280057312921, 0.000387335778214, 0.000289123971015, 0.000186467616004, 6.50861838949e-005, 9.79800825007e-006, 3.21472430187e-006, 1.30437535972e-006, 3.93515264818e-008, 5.84498338618e-010, 4.5019384054e-011]
        median: [3.39825533047e-007, 9.97895767796e-005, 0.000203022442292, 0.000215624953853, 0.000314477656502, 0.000162512791576, 0.000104833365185, 7.50792896724e-005, 0.000133930821903, 8.42977169668e-005, 5.30309953319e-005, 6.88460131641e-005, 8.22051370051e-005, 0.000106789157144, 0.000119791118777, 0.000179541500984, 0.00026198325213, 0.000268414674792, 0.000358662917279, 0.000270003045443, 0.000164346929523, 5.32675258e-005, 5.97132657276e-006, 2.14938904719e-006, 8.64492676556e-007, 2.15233040279e-008, 3.01230124178e-010, 1.57037698817e-011]
        min: [1.82221470339e-025, 1.61497044188e-024, 5.53357180893e-025, 1.34909138188e-024, 4.94276853486e-024, 8.56176220644e-024, 8.17047299795e-024, 4.34561976227e-024, 1.05674757678e-023, 9.38490779546e-024, 7.40695977134e-024, 2.37587265723e-023, 2.69099040334e-023, 2.9072402122e-023, 5.28292101845e-023, 5.00692635562e-023, 6.49315702491e-023, 7.95971634312e-023, 1.12663498897e-022, 1.19382044211e-022, 2.43309088438e-022, 3.77227882757e-022, 3.69732845877e-022, 5.0476228062e-022, 8.56738586961e-022, 1.32220711267e-021, 1.72864693126e-021, 5.35956592359e-022]
        var: [5.82331708895e-013, 2.62139590035e-008, 1.20706246776e-007, 2.48323772212e-007, 4.85022837893e-007, 9.60984110066e-008, 5.3985399262e-008, 3.83137006565e-008, 9.27169381271e-008, 7.90473677625e-008, 5.79585019977e-008, 4.78305643981e-008, 3.15946522278e-008, 2.66980553221e-008, 2.22157474639e-008, 3.70617989631e-008, 6.00949974228e-008, 4.73452566041e-008, 9.70340892081e-008, 5.38040012543e-008, 2.59773731415e-008, 3.86087428694e-009, 1.43270270647e-010, 1.65610372638e-011, 3.12349451859e-012, 3.99143397031e-015, 5.94723008091e-019, 5.67985910211e-021]
    mfcc:
        mean: [-707.740539551, 111.803436279, -46.1671180725, 51.8212661743, -13.1923818588, 1.96133315563, -0.597763478756, -5.14744758606, 0.660559654236, -5.55644321442, -2.98423266411, -5.18852376938, -8.69480991364]
        cov: [[9290.45996094, 144.569274902, -957.445556641, 849.102416992, -419.701812744, 281.806182861, -33.0105781555, 298.842041016, 109.017883301, 26.7572822571, 99.6553649902, 63.9166488647, 290.012268066], [144.569274902, 794.223693848, -96.7213439941, 41.9073867798, -33.1350898743, -83.5794372559, -16.2807407379, -130.628295898, -46.8437538147, -71.3855895996, -51.982749939, -47.8579406738, -129.549987793], [-957.445556641, -96.7213439941, 363.647613525, -113.860420227, 102.845474243, -16.4538669586, 1.36383318901, -8.69914913177, -31.741268158, 4.46340751648, -38.5494194031, -3.11838078499, -39.5641555786], [849.102416992, 41.9073867798, -113.860420227, 220.931884766, -6.06484603882, 52.5819129944, -5.23745203018, 24.7301921844, 30.8243179321, 7.66044807434, 25.5324840546, 6.10301065445, 34.904586792], [-419.701812744, -33.1350898743, 102.845474243, -6.06484603882, 109.836013794, 23.6784572601, 7.95461511612, -14.9481210709, -8.43940544128, 9.80763912201, -2.55157256126, 5.02141332626, -8.68917274475], [281.806182861, -83.5794372559, -16.4538669586, 52.5819129944, 23.6784572601, 92.2438354492, 29.1441364288, 40.2213363647, 12.6766958237, 13.8649482727, 17.1855316162, 18.0870609283, 36.9458503723], [-33.0105781555, -16.2807407379, 1.36383318901, -5.23745203018, 7.95461511612, 29.1441364288, 71.0669937134, 42.5092582703, 15.634139061, 7.33362817764, 4.11017179489, 11.8115177155, 11.3284826279], [298.842041016, -130.628295898, -8.69914913177, 24.7301921844, -14.9481210709, 40.2213363647, 42.5092582703, 115.376182556, 54.1963539124, 25.563337326, 16.6114959717, 26.7210998535, 53.182636261], [109.017883301, -46.8437538147, -31.741268158, 30.8243179321, -8.43940544128, 12.6766958237, 15.634139061, 54.1963539124, 74.1290817261, 29.9395160675, 18.738199234, 16.0326576233, 29.1712398529], [26.7572822571, -71.3855895996, 4.46340751648, 7.66044807434, 9.80763912201, 13.8649482727, 7.33362817764, 25.563337326, 29.9395160675, 60.9815864563, 30.3638191223, 17.5689868927, 18.8076305389], [99.6553649902, -51.982749939, -38.5494194031, 25.5324840546, -2.55157256126, 17.1855316162, 4.11017179489, 16.6114959717, 18.738199234, 30.3638191223, 58.2326393127, 30.3761672974, 28.1110057831], [63.9166488647, -47.8579406738, -3.11838078499, 6.10301065445, 5.02141332626, 18.0870609283, 11.8115177155, 26.7210998535, 16.0326576233, 17.5689868927, 30.3761672974, 57.3506011963, 41.9741744995], [290.012268066, -129.549987793, -39.5641555786, 34.904586792, -8.68917274475, 36.9458503723, 11.3284826279, 53.182636261, 29.1712398529, 18.8076305389, 28.1110057831, 41.9741744995, 92.0865478516]]
        icov: [[0.000288512179395, -0.000122857803944, 0.000318622856867, -0.000784731062595, 0.000789657526184, -0.00053556979401, 0.000575993268285, -0.000844568305183, 0.000802063848823, -0.000453299639048, 0.000495273328852, -0.000166145444382, -0.000177792244358], [-0.000122857803944, 0.0024818230886, 0.000541077577509, -0.000922851031646, 6.51518639643e-005, 0.00152976298705, -0.00185960461386, 0.00252738688141, -0.00102057785261, 0.00128085026518, 0.00136701297015, -0.00215664319694, 0.00324963335879], [0.000318622856867, 0.000541077577509, 0.00614126306027, 0.000782009505201, -0.00431107915938, 0.000850582320709, 0.00183135434054, -0.00364974141121, 0.00308471289463, -0.00191858527251, 0.00428205868229, -0.00261863716878, 0.00253547052853], [-0.000784731062595, -0.000922851031646, 0.000782009505201, 0.00971576943994, -0.00371521129273, -0.00290012801997, 0.00191647326574, 0.000679586140905, -0.00396562088281, 0.00199312018231, -0.00351930037141, 0.0030785871204, -0.00146862142719], [0.000789657526184, 6.51518639643e-005, -0.00431107915938, -0.00371521129273, 0.0186071451753, -0.00694905361161, -0.00126487435773, 0.00462618796155, -0.000119355827337, -0.00292828213423, 0.0016698280815, -0.00217529339716, 0.000306025176542], [-0.00053556979401, 0.00152976298705, 0.000850582320709, -0.00290012801997, -0.00694905361161, 0.0214050784707, -0.00711011467502, -0.00214695674367, 0.00316969491541, 0.000195355183678, -0.00139142351691, 0.00019660385442, -0.00253430986777], [0.000575993268285, -0.00185960461386, 0.00183135434054, 0.00191647326574, -0.00126487435773, -0.00711011467502, 0.0237123668194, -0.0120321940631, 0.00230876379646, -0.000571580603719, 0.000944188272115, -0.0019287255127, 0.00237165763974], [-0.000844568305183, 0.00252738688141, -0.00364974141121, 0.000679586140905, 0.00462618796155, -0.00214695674367, -0.0120321940631, 0.0278709214181, -0.0148549005389, 0.00120914459694, 0.00169718638062, -0.00138393801171, -0.00435688439757], [0.000802063848823, -0.00102057785261, 0.00308471289463, -0.00396562088281, -0.000119355827337, 0.00316969491541, 0.00230876379646, -0.0148549005389, 0.0289360545576, -0.0105217602104, 0.00172894657589, -0.000392146059312, -0.00148763984907], [-0.000453299639048, 0.00128085026518, -0.00191858527251, 0.00199312018231, -0.00292828213423, 0.000195355183678, -0.000571580603719, 0.00120914459694, -0.0105217602104, 0.0292516425252, -0.0140248928219, 0.00109078770038, 0.00180998991709], [0.000495273328852, 0.00136701297015, 0.00428205868229, -0.00351930037141, 0.0016698280815, -0.00139142351691, 0.000944188272115, 0.00169718638062, 0.00172894657589, -0.0140248928219, 0.0361740514636, -0.0161570739001, 0.00179512670729], [-0.000166145444382, -0.00215664319694, -0.00261863716878, 0.0030785871204, -0.00217529339716, 0.00019660385442, -0.0019287255127, -0.00138393801171, -0.000392146059312, 0.00109078770038, -0.0161570739001, 0.0364384874701, -0.0158258024603], [-0.000177792244358, 0.00324963335879, 0.00253547052853, -0.00146862142719, 0.000306025176542, -0.00253430986777, 0.00237165763974, -0.00435688439757, -0.00148763984907, 0.00180998991709, 0.00179512670729, -0.0158258024603, 0.0276742782444]]
    sccoeffs:
        dmean: [0.0542872659862, 0.0427825711668, 0.0350995622575, 0.0258690454066, 0.0174233391881, 0.016251815483]
        dmean2: [0.0912247672677, 0.0720673277974, 0.0586957931519, 0.0435726232827, 0.0291777495295, 0.0261008031666]
        dvar: [0.00206570164301, 0.00116896617692, 0.000785046955571, 0.000414622511016, 0.000192855120986, 0.000205132761039]
        dvar2: [0.00585024198517, 0.0033028498292, 0.0022227014415, 0.00112992757931, 0.000535836385097, 0.000500458176248]
        max: [-0.305246770382, -0.47351193428, -0.541624128819, -0.58283251524, -0.650601148605, -0.590943753719]
        mean: [-0.647096276283, -0.76846164465, -0.786109507084, -0.800048947334, -0.805469155312, -0.732557833195]
        median: [-0.659436821938, -0.771664738655, -0.793505847454, -0.807132184505, -0.808474123478, -0.729218959808]
        min: [-0.983210146427, -0.980117619038, -0.979163825512, -0.971922457218, -0.967250406742, -0.964546561241]
        var: [0.00870477687567, 0.00377910770476, 0.00361430295743, 0.00246191094629, 0.00125566788483, 0.00198887544684]
    scvalleys:
        dmean: [0.355334550142, 0.318081587553, 0.26774302125, 0.220329210162, 0.190050065517, 0.261917620897]
        dmean2: [0.591568231583, 0.529517591, 0.439210385084, 0.354696303606, 0.301981419325, 0.420895427465]
        dvar: [0.0898767337203, 0.0758146345615, 0.0569120049477, 0.0433845333755, 0.0434918701649, 0.103971928358]
        dvar2: [0.229112863541, 0.186422675848, 0.129116520286, 0.0883206725121, 0.0830236598849, 0.233332768083]
        max: [-5.06978845596, -4.90386486053, -4.88826990128, -5.51909589767, -5.68252515793, -7.96855449677]
        mean: [-6.97860527039, -6.74388980865, -7.08556270599, -7.2550034523, -7.29797077179, -10.1266021729]
        median: [-6.36162471771, -6.31983566284, -6.61015892029, -6.60313749313, -6.54129505157, -9.46777153015]
        min: [-28.0906791687, -28.0175762177, -27.735200882, -27.7672767639, -27.5210838318, -27.4063739777]
        var: [6.18398284912, 6.00685930252, 5.88574075699, 5.98464441299, 6.33450317383, 5.24531984329]

rhythm:
    beats_loudness:
        dmean: 0.00128267530818
        dmean2: 0.00213853525929
        dvar: 1.41867963066e-006
        dvar2: 3.63708818441e-006
        max: 0.012166227214
        mean: 0.00548505084589
        median: 0.00603859685361
        min: 0
        var: 7.93250455899e-006
    bpm: 88.2937316895
    bpm_confidence: 0
    first_peak_bpm: 89
    first_peak_spread: 0.124637678266
    first_peak_weight: 0.814016163349
    onset_rate: 2.29423260689
    second_peak_bpm: 115
    second_peak_spread: 0.363636344671
    second_peak_weight: 0.0188679248095
    beats_loudness_band_ratio:
        dmean: [0.110134780407, 0.0778388753533, 0.064055763185, 0.0529983080924, 0.0563375093043, 0.0500777885318]
        dmean2: [0.19061909616, 0.137137204409, 0.11138664186, 0.0906565189362, 0.0966897681355, 0.0871717408299]
        dvar: [0.0101986546069, 0.00666473386809, 0.00351055478677, 0.00277676130645, 0.00219809287228, 0.0021178368479]
        dvar2: [0.027653561905, 0.0191485267133, 0.00975939817727, 0.00740700680763, 0.00671843113378, 0.00575618864968]
        max: [0.782617151737, 0.814272344112, 0.473472416401, 0.4190749228, 0.480788588524, 0.406929403543]
        mean: [0.252385735512, 0.165689453483, 0.124152123928, 0.121725864708, 0.199854433537, 0.17029517889]
        median: [0.228265106678, 0.124130189419, 0.109974235296, 0.102565482259, 0.212748810649, 0.185394465923]
        min: [0, 0, 0, 0, 0, 0]
        var: [0.0191880818456, 0.01800391078, 0.005194935482, 0.00550117203966, 0.00809808727354, 0.0075839268975]
    beats_position: [0.638548731804, 1.30031740665, 1.97369611263, 2.6470746994, 3.32045340538, 3.99383211136, 4.66721057892, 5.34058952332, 6.01396799088, 6.68734693527, 7.36072540283, 8.04571437836, 8.71909236908, 9.4040813446, 10.077460289, 10.7508392334, 11.4242172241, 12.0975961685, 12.782585144, 13.4675731659, 14.1409521103, 14.8143310547, 15.4993190765, 16.1843090057, 16.8576869965, 17.5310649872, 18.2044448853, 18.877822876, 19.5628108978, 20.247800827, 20.9211788177, 21.5945568085, 22.2795467377, 22.9645347595, 23.6379127502, 24.3112926483, 24.984670639, 25.6696586609, 26.3546485901, 27.0280265808, 27.7014045715, 28.3747844696, 29.0597724915, 29.7447605133, 30.4181404114, 31.0915184021, 31.7648983002, 32.449886322, 33.1348762512, 33.8082542419, 34.4816322327, 35.1782302856, 35.8516082764, 36.5249862671, 37.1983680725, 37.8717460632, 38.545124054, 39.2301139832, 39.9151000977, 40.5884780884, 41.2618598938, 41.9352378845, 42.6086158752, 43.2936058044, 43.9785919189, 44.6519737244, 45.3253517151, 46.0103378296, 46.6953277588, 47.3687057495, 48.0420837402, 48.7154655457, 49.3888435364, 50.0738296509, 50.7588195801, 51.4321975708, 52.1055755615, 52.7905654907, 53.4639434814, 54.1489334106, 54.8223114014, 55.4956893921, 56.1690673828, 56.854057312, 57.5390472412, 58.2124252319, 58.8858032227, 59.5591812134, 60.2441711426, 60.9291610718, 61.6025390625, 62.2759170532, 62.9609069824, 63.6458930969, 64.3192749023, 64.9926528931, 65.6660308838, 66.3394088745, 67.0243988037, 67.720993042, 68.4175949097, 69.1258010864, 69.8224029541, 70.5306091309, 71.238822937, 71.9470291138, 72.666847229, 73.3750534058, 74.0716552734, 74.7682495117, 75.4648513794, 76.1614532471, 76.8464355469, 77.5314254761, 78.2048034668, 78.8781814575, 79.5631713867, 80.2481613159, 80.9215393066, 81.5949172974, 82.2682952881, 82.9532852173, 83.6382751465, 84.3116531372, 84.9850311279, 85.6584091187, 86.3550109863, 87.0283889771, 87.7017669678, 88.3751449585, 89.0601348877, 89.7451248169, 90.4185028076, 91.0918807983, 91.7652587891, 92.4502487183, 93.123626709, 93.8086166382, 94.4819946289, 95.1553726196, 95.8403625488, 96.525352478, 97.1987304688, 97.8721084595, 98.5454864502, 99.2304763794, 99.9154663086, 100.588844299, 101.26222229, 101.935600281, 102.62059021, 103.305580139, 103.97895813, 104.652336121, 105.33732605, 106.02230835, 106.69568634, 107.36907196, 108.042449951, 108.715827942, 109.400817871, 110.085800171, 110.759178162, 111.432563782, 112.105941772, 112.790924072, 113.475914001, 114.149291992, 114.822669983, 115.507659912, 116.192649841, 116.866027832, 117.539405823, 118.212783813, 118.886169434, 119.559547424, 120.232925415, 120.917915344, 121.602897644, 122.276275635, 122.949661255, 123.623039246, 124.308021545, 124.981407166, 125.654785156, 126.339767456, 127.013153076, 127.686531067, 128.371520996, 129.056503296, 129.729888916, 130.414871216, 131.088256836, 131.761627197, 132.446624756, 133.119995117, 133.793380737, 134.466751099, 135.151748657, 135.836730957, 136.510116577, 137.183486938, 137.856872559, 138.541854858, 139.226852417, 139.900222778, 140.573608398, 141.24697876, 141.931976318, 142.616958618, 143.290344238, 143.9637146, 144.648712158, 145.333694458, 146.018676758, 146.715286255, 147.411880493, 148.12008667, 148.828292847, 149.536499023, 150.233108521, 150.929702759, 151.614685059, 152.311294556, 153.019500732, 153.739318848, 154.459136963, 155.155731201, 155.829116821, 156.514099121, 157.19909668, 157.872467041, 158.545852661, 159.219223022, 159.892608643, 160.577590942, 161.262588501, 161.935958862, 162.609344482, 163.294326782, 163.979324341, 164.652694702, 165.326080322, 165.999450684, 166.684448242, 167.369430542, 168.042816162, 168.716186523, 169.401168823, 170.086166382, 170.759536743, 171.432922363, 172.106307983, 172.779678345, 173.453063965, 174.126434326, 174.811431885, 175.496414185, 176.181396484, 176.866394043, 177.562988281, 178.25958252, 178.956192017, 179.664398193, 180.37260437, 181.069198608, 181.765808105, 182.462402344, 183.158996582, 183.85559082, 184.552200317, 185.248794556, 185.945388794, 186.641998291, 187.326980591, 188.011962891, 188.696960449, 189.381942749, 190.066940308, 190.740310669, 191.413696289, 192.098678589, 192.783676147, 193.468658447, 194.153640747, 194.838638306, 195.512008667, 196.185394287, 196.858764648, 197.52053833, 198.205535889, 198.87890625, 199.563903809, 200.248886108, 200.92225647, 201.59564209, 202.26902771, 202.95401001, 203.63899231, 204.31237793, 204.985748291, 205.659133911, 206.332519531, 207.005889893, 207.690887451, 208.375869751, 209.049255371, 209.722625732, 210.396011353, 211.080993652, 211.754379272, 212.427749634, 213.101135254, 213.774505615, 214.459503174, 215.144485474, 215.829467773, 216.514465332, 217.199447632, 217.88444519, 218.56942749, 219.24281311, 219.916183472, 220.589569092, 221.262939453, 221.936325073, 222.621307373, 223.306304932, 223.979675293, 224.653060913, 225.326431274, 226.011428833, 226.696411133, 227.369796753, 228.043167114, 228.716552734, 229.389923096, 230.074920654, 230.759902954, 231.433288574, 232.106658936, 232.780044556, 233.465026855, 234.150024414, 234.823394775, 235.496780396, 236.193374634, 236.889968872, 237.586578369, 238.097412109, 238.619857788, 239.142303467, 239.664764404, 240.187210083, 240.7212677, 241.243713379, 241.766159058, 242.288604736, 242.822677612, 243.356735229, 243.925613403, 244.494506836, 245.063400269, 245.56262207, 246.061859131, 246.561080933, 246.955825806, 247.362167358, 247.76852417, 248.174865723, 248.581222534, 248.987564087]
