
metadata:
    version:
        essentia: "2.1-beta2"
    audio_properties:
        analysis_sample_rate: 44100
        bitrate: 320
        channels: 2
        equal_loudness: 1
        length: 223.973876953
        replay_gain: -16.1204109192
        downmix: "mix"
    tags:
        album: "The Poison"
        artist: "Bullet For My Valentine"
        comment: ""
        date: "2006"
        genre: "Metal"
        title: "4 Words (To Choke Upon)"
        tracknumber: "3"

configuration:
    average_loudness:
        compute: 1
        frameSize: 88200
        hopSize: 44100
        silentFrames: "noise"
        windowType: "hann"
    general:
        analysisSampleRate: 44100
        endTime: 2000
        equalLoudness: 1
        nequalLoudness: 0
        shortSound: 0
        startTime: 0
    lowlevel:
        compute: 1
        frameSize: 2048
        hopSize: 1024
        zeroPadding: 0
        silentFrames: "noise"
        windowType: "blackmanharris62"
        mfccStats: ["mean", "cov", "icov"]
        stats: ["mean", "var", "median", "min", "max", "dmean", "dmean2", "dvar", "dvar2"]
    panning:
        compute: 0
        frameSize: 8192
        hopSize: 2048
        zeroPadding: 8192
        silentFrames: "noise"
        windowType: "hann"
        stats: ["copy"]
    rhythm:
        compute: 1
        maxTempo: 208
        minTempo: 40
        method: "degara"
        stats: ["mean", "var", "median", "min", "max", "dmean", "dmean2", "dvar", "dvar2"]
    segmentation:
        compute: 0
        cpw: 5
        inc1: 300
        inc2: 50
        minimumSegmentsLength: 10
        size1: 1000
        size2: 600
    sfx:
        compute: 1
        stats: ["mean", "var", "median", "min", "max", "dmean", "dmean2", "dvar", "dvar2"]
    svm:
        compute: 0
    tonal:
        compute: 1
        frameSize: 4096
        hopSize: 2048
        zeroPadding: 0
        silentFrames: "noise"
        windowType: "blackmanharris62"
        stats: ["mean", "var", "median", "min", "max", "dmean", "dmean2", "dvar", "dvar2"]

lowlevel:
    average_loudness: 0.928964436054
    barkbands_kurtosis:
        dmean: 0.903973817825
        dmean2: 1.46380710602
        dvar: 2.45327997208
        dvar2: 6.61417531967
        max: 79.5926055908
        mean: -0.199026688933
        median: -0.772280752659
        min: -1.91963016987
        var: 4.71049070358
    barkbands_skewness:
        dmean: 0.421241521835
        dmean2: 0.647858023643
        dvar: 0.163306683302
        dvar2: 0.383962333202
        max: 8.45694923401
        mean: -0.734617114067
        median: -0.74641263485
        min: -4.42899656296
        var: 0.548255681992
    barkbands_spread:
        dmean: 6.17882728577
        dmean2: 9.83793640137
        dvar: 33.1702537537
        dvar2: 83.7954711914
        max: 78.5710906982
        mean: 33.2049560547
        median: 32.9703903198
        min: 0.649662554264
        var: 108.918212891
    dissonance:
        dmean: 0.00837823189795
        dmean2: 0.0141379805282
        dvar: 0.000101104211353
        dvar2: 0.000279865023913
        max: 0.500000059605
        mean: 0.485752671957
        median: 0.488341629505
        min: 0.07188924402
        var: 0.00013035799202
    hfc:
        dmean: 2.87553977966
        dmean2: 4.75907611847
        dvar: 10.3989686966
        dvar2: 28.4780025482
        max: 42.9900550842
        mean: 12.364654541
        median: 11.8394021988
        min: 1.15061974642e-016
        var: 41.0695648193
    pitch:
        dmean: 900.958557129
        dmean2: 1724.5949707
        dvar: 1757310.875
        dvar2: 4120263.5
        max: 4895.11181641
        mean: 1988.06359863
        median: 1615.08276367
        min: 77.8218994141
        var: 2629330.75
    pitch_instantaneous_confidence:
        dmean: 0.0821972712874
        dmean2: 0.133650571108
        dvar: 0.00479682954028
        dvar2: 0.0119698792696
        max: 0.935613930225
        mean: 0.397690355778
        median: 0.378274857998
        min: 0.10794532299
        var: 0.0181225072592
    pitch_salience:
        dmean: 0.0576820075512
        dmean2: 0.0938935503364
        dvar: 0.00255362130702
        dvar2: 0.00661830417812
        max: 0.958268165588
        mean: 0.67130368948
        median: 0.682893395424
        min: 0.183562397957
        var: 0.00633530085906
    silence_rate_20dB:
        dmean: 0
        dmean2: 0
        dvar: 0
        dvar2: 0
        max: 1
        mean: 1
        median: 1
        min: 1
        var: 0
    silence_rate_30dB:
        dmean: 0
        dmean2: 0
        dvar: 0
        dvar2: 0
        max: 1
        mean: 1
        median: 1
        min: 1
        var: 0
    silence_rate_60dB:
        dmean: 0.0555670745671
        dmean2: 0.111145667732
        dvar: 0.0524766333401
        dvar2: 0.119100794196
        max: 1
        mean: 0.20742200315
        median: 0
        min: 0
        var: 0.164385840297
    spectral_centroid:
        dmean: 290.612731934
        dmean2: 450.292999268
        dvar: 91884.421875
        dvar2: 197291.28125
        max: 11100.2607422
        mean: 2350.35253906
        median: 2385.52783203
        min: 122.36730957
        var: 291919.90625
    spectral_complexity:
        dmean: 4.25938224792
        dmean2: 6.73468112946
        dvar: 15.578204155
        dvar2: 37.8956832886
        max: 47
        mean: 19.8715667725
        median: 20
        min: 0
        var: 81.6188430786
    spectral_crest:
        dmean: 1.82063913345
        dmean2: 3.07405567169
        dvar: 2.97651433945
        dvar2: 8.09331130981
        max: 21.57721138
        mean: 6.44533586502
        median: 5.86864423752
        min: 2.39692354202
        var: 5.63628005981
    spectral_decrease:
        dmean: 2.64123611871e-010
        dmean2: 4.27962665306e-010
        dvar: 1.07793518075e-019
        dvar2: 2.78752447654e-019
        max: 3.15446741514e-029
        mean: -1.10171338719e-009
        median: -1.05980713094e-009
        min: -3.69871622219e-009
        var: 2.97617490596e-019
    spectral_energy:
        dmean: 0.00120970304124
        dmean2: 0.00196978985332
        dvar: 2.10905136555e-006
        dvar2: 5.49865762878e-006
        max: 0.0173858813941
        mean: 0.00527962716296
        median: 0.00509571563452
        min: 1.04337751346e-020
        var: 6.59267425362e-006
    spectral_energyband_high:
        dmean: 0.000291284522973
        dmean2: 0.000496963912155
        dvar: 1.37281816137e-007
        dvar2: 3.85960902349e-007
        max: 0.00470909941941
        mean: 0.000794778112322
        median: 0.000688934116624
        min: 7.40859872769e-021
        var: 2.80101517092e-007
    spectral_energyband_low:
        dmean: 0.000200717171538
        dmean2: 0.000319666578434
        dvar: 8.53442614357e-008
        dvar2: 2.0622115926e-007
        max: 0.00398030690849
        mean: 0.000386302446714
        median: 0.000301373162074
        min: 5.14700659537e-023
        var: 1.59432090641e-007
    spectral_energyband_middle_high:
        dmean: 0.000742081261706
        dmean2: 0.00120280368719
        dvar: 5.86987709994e-007
        dvar2: 1.53489816057e-006
        max: 0.0129522504285
        mean: 0.00307115749456
        median: 0.00299720698968
        min: 1.51234515856e-021
        var: 2.71459498435e-006
    spectral_energyband_middle_low:
        dmean: 0.000613066018559
        dmean2: 0.000994480913505
        dvar: 1.02409887859e-006
        dvar2: 2.65232893071e-006
        max: 0.0105109587312
        mean: 0.00116992963012
        median: 0.000839730666485
        min: 2.23109932618e-022
        var: 1.28492683871e-006
    spectral_flatness_db:
        dmean: 0.0133690834045
        dmean2: 0.0214035678655
        dvar: 0.000150305917487
        dvar2: 0.000333801639499
        max: 0.490748435259
        mean: 0.155906841159
        median: 0.150122717023
        min: 0.0698148682714
        var: 0.000915913376957
    spectral_flux:
        dmean: 0.00731520913541
        dmean2: 0.0114797493443
        dvar: 6.01698557148e-005
        dvar2: 0.000129389460199
        max: 0.112446933985
        mean: 0.0447899997234
        median: 0.0447218082845
        min: 6.74276814938e-011
        var: 0.000210949234315
    spectral_kurtosis:
        dmean: 0.935832083225
        dmean2: 1.62698209286
        dvar: 2.50598239899
        dvar2: 5.53164672852
        max: 108.500282288
        mean: 2.64665293694
        median: 2.50026273727
        min: -1.21313202381
        var: 4.05395317078
    spectral_rms:
        dmean: 0.000247702555498
        dmean2: 0.000397102616262
        dvar: 6.94456403494e-008
        dvar2: 1.77100346832e-007
        max: 0.00411847513169
        mean: 0.00218830746599
        median: 0.00222967029549
        min: 3.19050038125e-012
        var: 3.62162609235e-007
    spectral_rolloff:
        dmean: 276.885192871
        dmean2: 458.587493896
        dvar: 155414.6875
        dvar2: 329193.59375
        max: 18992.2851563
        mean: 3931.97924805
        median: 3940.57617188
        min: 129.19921875
        var: 312988.3125
    spectral_skewness:
        dmean: 0.139059141278
        dmean2: 0.23430877924
        dvar: 0.0228640120476
        dvar2: 0.0541431941092
        max: 8.59632205963
        mean: 0.928020477295
        median: 0.928789794445
        min: -0.036867108196
        var: 0.101479619741
    spectral_spread:
        dmean: 359100.0625
        dmean2: 546079.5625
        dvar: 418950348800
        dvar2: 721183375360
        max: 41204308
        mean: 4090927.5
        median: 3975604.75
        min: 1208539
        var: 1.57325446349e+012
    spectral_strongpeak:
        dmean: 0.837203025818
        dmean2: 1.42282009125
        dvar: 1.18203210831
        dvar2: 2.96722412109
        max: 11.7295427322
        mean: 1.18301105499
        median: 0.504811286926
        min: 0
        var: 2.30906820297
    zerocrossingrate:
        dmean: 0.00793682318181
        dmean2: 0.00971727818251
        dvar: 7.83123468864e-005
        dvar2: 9.43044215092e-005
        max: 0.51123046875
        mean: 0.124958649278
        median: 0.1259765625
        min: 0.00634765625
        var: 0.000463769130874
    barkbands:
        dmean: [9.21402474319e-008, 4.52583371953e-005, 0.000142851291457, 9.68588283285e-005, 0.000352774368366, 0.000118817697512, 8.57196573634e-005, 6.5860011091e-005, 0.00011684466881, 9.49468449107e-005, 5.96888858126e-005, 7.12668406777e-005, 5.69777839701e-005, 7.21616015653e-005, 9.31741087697e-005, 0.000137857248774, 0.000229757250054, 0.000199542046175, 0.000358784280252, 0.000272157369182, 0.00015456150868, 4.23718265665e-005, 7.11922302798e-006, 2.18655077333e-006, 1.09020550099e-006, 2.2730869631e-008, 2.86999729537e-010]
        dmean2: [1.54623734261e-007, 7.21841861377e-005, 0.000228246746701, 0.000160745956236, 0.000598901940975, 0.000193289728486, 0.000141561875353, 0.000103146056063, 0.000184967328096, 0.000149108222104, 9.77761374088e-005, 0.000118812618894, 9.37017030083e-005, 0.000116415889352, 0.000150856401888, 0.000223023540457, 0.000375918170903, 0.000331850489601, 0.000589976378251, 0.00046361607383, 0.000263549154624, 7.27606384316e-005, 1.23716790768e-005, 3.57378326044e-006, 1.65006508723e-006, 3.47103075171e-008, 5.0705784016e-010]
        dvar: [2.18727623904e-014, 5.07224307e-009, 4.48995116642e-008, 1.95557614546e-008, 6.46699788831e-007, 6.24865563736e-008, 4.96447292164e-008, 3.69587915827e-008, 6.54756036056e-008, 4.00287696323e-008, 1.47873722156e-008, 2.3592820142e-008, 1.19090595163e-008, 1.59823354551e-008, 5.17063796224e-008, 5.57418928793e-008, 1.24352226294e-007, 4.91982703466e-008, 2.00777577675e-007, 1.13215627096e-007, 3.22637880856e-008, 4.09879019614e-009, 1.69119537818e-010, 2.36706956119e-011, 1.96661627955e-011, 1.0809503283e-014, 2.17512105154e-019]
        dvar2: [6.15791868452e-014, 1.29716477559e-008, 1.06673695655e-007, 5.17714617843e-008, 1.74379317741e-006, 1.63105809747e-007, 1.25185366073e-007, 8.06336970527e-008, 1.56720602718e-007, 9.75095559852e-008, 3.83032912055e-008, 6.74743318996e-008, 3.12435410876e-008, 4.10377722915e-008, 1.26632272668e-007, 1.37925539434e-007, 2.97870627719e-007, 1.27437061792e-007, 5.08036293922e-007, 3.19611501709e-007, 8.82941293412e-008, 1.10519611241e-008, 4.54250748128e-010, 5.18868385757e-011, 3.53733188574e-011, 2.29138912434e-014, 6.03787304942e-019]
        max: [2.18818900066e-006, 0.000901514140423, 0.00304668885656, 0.00199066870846, 0.00853548105806, 0.00404161587358, 0.00480539537966, 0.00518473703414, 0.00569559307769, 0.00372109375894, 0.00243007484823, 0.00324426824227, 0.00186774693429, 0.0022449598182, 0.00593578908592, 0.00493792351335, 0.00850911159068, 0.00420268019661, 0.00868052709848, 0.00444468809292, 0.00228738598526, 0.00108260673005, 0.000234278544667, 0.000105885897938, 0.000130798624014, 4.95425365443e-006, 1.83423480848e-008]
        mean: [1.31894481115e-007, 7.29165185476e-005, 0.000228513716138, 0.000135585243697, 0.000402575707994, 0.000172078609467, 0.000107681960799, 9.3048234703e-005, 0.000181528826943, 0.000146449965541, 9.3021633802e-005, 0.000115060727694, 9.35560383368e-005, 0.000118863128591, 0.000148690116475, 0.000248999596806, 0.000442839867901, 0.000463658681838, 0.00090012216242, 0.000635083997622, 0.000375767587684, 8.45894755912e-005, 1.2928245269e-005, 4.19616344516e-006, 1.71553381278e-006, 3.77739262092e-008, 3.49339279726e-010]
        median: [5.17311598003e-008, 5.08092634846e-005, 0.000150649226271, 8.31543948152e-005, 0.000168566140928, 9.23599000089e-005, 5.021850302e-005, 2.70189520961e-005, 7.17975781299e-005, 5.06087671965e-005, 3.67334396287e-005, 4.50814986834e-005, 3.57757162419e-005, 5.92973847233e-005, 5.55153455934e-005, 0.000154886147357, 0.000327168439981, 0.000391558103729, 0.000727453560103, 0.00051672803238, 0.000325571571011, 6.78818978486e-005, 8.41220025904e-006, 2.60465162683e-006, 6.58408055187e-007, 1.2422248119e-008, 1.8324836093e-010]
        min: [8.32273104127e-025, 2.87056480654e-023, 9.19489763023e-025, 2.41463953036e-024, 2.03625541576e-023, 2.18149669909e-023, 2.26403900214e-023, 2.25781646732e-023, 2.15290364672e-023, 3.07605518374e-023, 4.76156189956e-023, 4.42672957279e-023, 2.79358207961e-023, 3.41708795722e-023, 6.39804248784e-023, 1.28588682063e-022, 1.15464005597e-022, 1.43921727302e-022, 2.11604402626e-022, 2.69911472403e-022, 2.64660587026e-022, 3.94237137513e-022, 4.55741933855e-022, 7.19960910235e-022, 9.43712609598e-022, 1.47627778164e-021, 2.32188628591e-021]
        var: [3.13974750875e-014, 6.73492950298e-009, 7.69269874468e-008, 2.79692038418e-008, 5.41792189779e-007, 6.7875966181e-008, 5.0403169638e-008, 7.97201948899e-008, 1.28636372665e-007, 7.23868822661e-008, 2.67666155906e-008, 3.72615538424e-008, 2.32634658204e-008, 2.80425069832e-008, 8.21843144649e-008, 1.11000915126e-007, 2.22570889719e-007, 1.14045960231e-007, 5.04661272771e-007, 2.30289415981e-007, 6.18997404445e-008, 5.18169773756e-009, 2.23354904016e-010, 4.25891370781e-011, 3.27115244614e-011, 1.43522685598e-014, 2.70068111048e-019]
    frequency_bands:
        dmean: [9.21402474319e-008, 4.52583371953e-005, 0.000142851291457, 9.68588283285e-005, 0.000352774368366, 0.000118817697512, 8.57196573634e-005, 6.5860011091e-005, 0.00011684466881, 9.49468449107e-005, 5.96888858126e-005, 7.12668406777e-005, 5.69777839701e-005, 7.21616015653e-005, 9.31741087697e-005, 0.000137857248774, 0.000229757250054, 0.000199542046175, 0.000358784280252, 0.000272157369182, 0.00015456150868, 4.23718265665e-005, 7.11922302798e-006, 2.18655077333e-006, 1.09020550099e-006, 2.2730869631e-008, 2.86999729537e-010, 6.02956018447e-011]
        dmean2: [1.54623734261e-007, 7.21841861377e-005, 0.000228246746701, 0.000160745956236, 0.000598901940975, 0.000193289728486, 0.000141561875353, 0.000103146056063, 0.000184967328096, 0.000149108222104, 9.77761374088e-005, 0.000118812618894, 9.37017030083e-005, 0.000116415889352, 0.000150856401888, 0.000223023540457, 0.000375918170903, 0.000331850489601, 0.000589976378251, 0.00046361607383, 0.000263549154624, 7.27606384316e-005, 1.23716790768e-005, 3.57378326044e-006, 1.65006508723e-006, 3.47103075171e-008, 5.0705784016e-010, 1.12139797448e-010]
        dvar: [2.18727623904e-014, 5.07224307e-009, 4.48995116642e-008, 1.95557614546e-008, 6.46699788831e-007, 6.24865563736e-008, 4.96447292164e-008, 3.69587915827e-008, 6.54756036056e-008, 4.00287696323e-008, 1.47873722156e-008, 2.3592820142e-008, 1.19090595163e-008, 1.59823354551e-008, 5.17063796224e-008, 5.57418928793e-008, 1.24352226294e-007, 4.91982703466e-008, 2.00777577675e-007, 1.13215627096e-007, 3.22637880856e-008, 4.09879019614e-009, 1.69119537818e-010, 2.36706956119e-011, 1.96661627955e-011, 1.0809503283e-014, 2.17512105154e-019, 7.25499758872e-021]
        dvar2: [6.15791868452e-014, 1.29716477559e-008, 1.06673695655e-007, 5.17714617843e-008, 1.74379317741e-006, 1.63105809747e-007, 1.25185366073e-007, 8.06336970527e-008, 1.56720602718e-007, 9.75095559852e-008, 3.83032912055e-008, 6.74743318996e-008, 3.12435410876e-008, 4.10377722915e-008, 1.26632272668e-007, 1.37925539434e-007, 2.97870627719e-007, 1.27437061792e-007, 5.08036293922e-007, 3.19611501709e-007, 8.82941293412e-008, 1.10519611241e-008, 4.54250748128e-010, 5.18868385757e-011, 3.53733188574e-011, 2.29138912434e-014, 6.03787304942e-019, 2.31781225984e-020]
        max: [2.18818900066e-006, 0.000901514140423, 0.00304668885656, 0.00199066870846, 0.00853548105806, 0.00404161587358, 0.00480539537966, 0.00518473703414, 0.00569559307769, 0.00372109375894, 0.00243007484823, 0.00324426824227, 0.00186774693429, 0.0022449598182, 0.00593578908592, 0.00493792351335, 0.00850911159068, 0.00420268019661, 0.00868052709848, 0.00444468809292, 0.00228738598526, 0.00108260673005, 0.000234278544667, 0.000105885897938, 0.000130798624014, 4.95425365443e-006, 1.83423480848e-008, 1.2170364716e-009]
        mean: [1.31894481115e-007, 7.29165185476e-005, 0.000228513716138, 0.000135585243697, 0.000402575707994, 0.000172078609467, 0.000107681960799, 9.3048234703e-005, 0.000181528826943, 0.000146449965541, 9.3021633802e-005, 0.000115060727694, 9.35560383368e-005, 0.000118863128591, 0.000148690116475, 0.000248999596806, 0.000442839867901, 0.000463658681838, 0.00090012216242, 0.000635083997622, 0.000375767587684, 8.45894755912e-005, 1.2928245269e-005, 4.19616344516e-006, 1.71553381278e-006, 3.77739262092e-008, 3.49339279726e-010, 4.72120641193e-011]
        median: [5.17311598003e-008, 5.08092634846e-005, 0.000150649226271, 8.31543948152e-005, 0.000168566140928, 9.23599000089e-005, 5.021850302e-005, 2.70189520961e-005, 7.17975781299e-005, 5.06087671965e-005, 3.67334396287e-005, 4.50814986834e-005, 3.57757162419e-005, 5.92973847233e-005, 5.55153455934e-005, 0.000154886147357, 0.000327168439981, 0.000391558103729, 0.000727453560103, 0.00051672803238, 0.000325571571011, 6.78818978486e-005, 8.41220025904e-006, 2.60465162683e-006, 6.58408055187e-007, 1.2422248119e-008, 1.8324836093e-010, 1.83644072171e-011]
        min: [8.32273104127e-025, 2.87056480654e-023, 9.19489763023e-025, 2.41463953036e-024, 2.03625541576e-023, 2.18149669909e-023, 2.26403900214e-023, 2.25781646732e-023, 2.15290364672e-023, 3.07605518374e-023, 4.76156189956e-023, 4.42672957279e-023, 2.79358207961e-023, 3.41708795722e-023, 6.39804248784e-023, 1.28588682063e-022, 1.15464005597e-022, 1.43921727302e-022, 2.11604402626e-022, 2.69911472403e-022, 2.64660587026e-022, 3.94237137513e-022, 4.55741933855e-022, 7.19960910235e-022, 9.43712609598e-022, 1.47627778164e-021, 2.32188628591e-021, 5.69036142822e-022]
        var: [3.13974750875e-014, 6.73492950298e-009, 7.69269874468e-008, 2.79692038418e-008, 5.41792189779e-007, 6.7875966181e-008, 5.0403169638e-008, 7.97201948899e-008, 1.28636372665e-007, 7.23868822661e-008, 2.67666155906e-008, 3.72615538424e-008, 2.32634658204e-008, 2.80425069832e-008, 8.21843144649e-008, 1.11000915126e-007, 2.22570889719e-007, 1.14045960231e-007, 5.04661272771e-007, 2.30289415981e-007, 6.18997404445e-008, 5.18169773756e-009, 2.23354904016e-010, 4.25891370781e-011, 3.27115244614e-011, 1.43522685598e-014, 2.70068111048e-019, 5.86106295115e-021]
    mfcc:
        mean: [-694.917053223, 80.9900131226, -58.4193077087, 68.7524261475, -19.1851177216, -1.22344982624, 1.36934268475, -1.64336621761, -0.0177883468568, -6.61300611496, -5.53368711472, -4.69865703583, -7.71544599533]
        cov: [[3459.54467773, 341.425994873, -126.20513916, 51.7506713867, -81.3112411499, 91.5041503906, -15.8527469635, 161.359939575, 14.0046520233, 108.452270508, -70.2914199829, -37.3840370178, -65.5193634033], [341.425994873, 554.292297363, -69.0715560913, 224.452438354, 24.1506958008, 34.754322052, 49.7700843811, -8.76880168915, 40.0233078003, -23.9063568115, 3.68170976639, -5.94728374481, 3.33501267433], [-126.20513916, -69.0715560913, 415.652160645, 73.1320953369, 131.700088501, 2.65422105789, -20.3629055023, 49.6659812927, -3.89208006859, 9.87136077881, -27.8696479797, -6.14342260361, -2.15154790878], [51.7506713867, 224.452438354, 73.1320953369, 447.915313721, 123.26285553, 29.4432315826, 9.82967185974, -8.30132293701, 51.5500984192, -5.6658244133, -1.83603835106, 11.5965852737, 12.6246643066], [-81.3112411499, 24.1506958008, 131.700088501, 123.26285553, 178.586959839, 74.0951538086, 24.0294494629, 8.19974899292, 18.6398506165, 19.6964359283, -0.828353524208, 3.97502207756, 2.2119717598], [91.5041503906, 34.754322052, 2.65422105789, 29.4432315826, 74.0951538086, 147.696289063, 78.5419845581, 43.6685447693, -7.97155714035, 26.4615097046, 15.2935838699, 16.6300411224, 7.82374238968], [-15.8527469635, 49.7700843811, -20.3629055023, 9.82967185974, 24.0294494629, 78.5419845581, 140.862716675, 64.4614181519, 9.98281478882, -10.517537117, 14.9338760376, 18.6574707031, 7.9358792305], [161.359939575, -8.76880168915, 49.6659812927, -8.30132293701, 8.19974899292, 43.6685447693, 64.4614181519, 146.5675354, 47.6938362122, 43.9889297485, -7.07847309113, 10.4123134613, -5.80075025558], [14.0046520233, 40.0233078003, -3.89208006859, 51.5500984192, 18.6398506165, -7.97155714035, 9.98281478882, 47.6938362122, 107.727218628, 51.9046707153, 11.3269557953, 0.488805055618, -5.06076955795], [108.452270508, -23.9063568115, 9.87136077881, -5.6658244133, 19.6964359283, 26.4615097046, -10.517537117, 43.9889297485, 51.9046707153, 121.555244446, 41.3223457336, 18.0517063141, -7.56591367722], [-70.2914199829, 3.68170976639, -27.8696479797, -1.83603835106, -0.828353524208, 15.2935838699, 14.9338760376, -7.07847309113, 11.3269557953, 41.3223457336, 76.6655578613, 38.0342063904, 13.4040708542], [-37.3840370178, -5.94728374481, -6.14342260361, 11.5965852737, 3.97502207756, 16.6300411224, 18.6574707031, 10.4123134613, 0.488805055618, 18.0517063141, 38.0342063904, 66.4730606079, 34.1804351807], [-65.5193634033, 3.33501267433, -2.15154790878, 12.6246643066, 2.2119717598, 7.82374238968, 7.9358792305, -5.80075025558, -5.06076955795, -7.56591367722, 13.4040708542, 34.1804351807, 62.7179603577]]
        icov: [[0.00039727325202, -0.000307814072585, 0.000138946939842, -4.40744952357e-005, 0.000259004154941, -0.000308428541757, 0.000427987601142, -0.000560058106203, 0.00042875300278, -0.000509523728397, 0.000560094078537, -7.45185243431e-005, 0.000262449786533], [-0.000307814072585, 0.00282681686804, 0.00022117732442, -0.0013682350982, 0.000535200699233, -0.000425886450103, -0.00104975886643, 0.000913503521588, -0.00116844545119, 0.000930355163291, -0.000693907029927, 0.000833998434246, -0.000225572104682], [0.000138946939842, 0.00022117732442, 0.00444618286565, -0.000196715787752, -0.00443643284962, 0.00249895383604, 0.00138292193878, -0.00364843080752, 0.00260159280151, -6.98054573149e-005, 1.30159332912e-005, 0.000601240550168, -0.000471120583825], [-4.40744952357e-005, -0.0013682350982, -0.000196715787752, 0.00385136832483, -0.00245238631032, 0.000194364794879, 0.000692217960022, 0.000346559507307, -0.00165880273562, 0.00108712585643, 0.000228256365517, -0.0013755261898, -5.04230483784e-005], [0.000259004154941, 0.000535200699233, -0.00443643284962, -0.00245238631032, 0.0144971590489, -0.00828013010323, -0.000804733601399, 0.00502651045099, -0.00411058682948, -0.00119975057896, 0.00238615926355, -0.000704793434124, 0.00106961862184], [-0.000308428541757, -0.000425886450103, 0.00249895383604, 0.000194364794879, -0.00828013010323, 0.0172938201576, -0.00740214856341, -0.0029207826592, 0.00742663815618, -0.00546756666154, -0.000144243997056, 0.00133877748158, -0.00221086922102], [0.000427987601142, -0.00104975886643, 0.00138292193878, 0.000692217960022, -0.000804733601399, -0.00740214856341, 0.0172482617199, -0.00847793649882, -0.00163881841581, 0.00850136298686, -0.00572915095836, -0.00103120517451, 0.00107594009023], [-0.000560058106203, 0.000913503521588, -0.00364843080752, 0.000346559507307, 0.00502651045099, -0.0029207826592, -0.00847793649882, 0.0176301952451, -0.00685367034748, -0.00527229811996, 0.00778734823689, -0.00437549967319, 0.00159308023285], [0.00042875300278, -0.00116844545119, 0.00260159280151, -0.00165880273562, -0.00411058682948, 0.00742663815618, -0.00163881841581, -0.00685367034748, 0.0188309177756, -0.00804647058249, -0.000518886488862, 0.00379764172249, -0.00168475997634], [-0.000509523728397, 0.000930355163291, -6.98054573149e-005, 0.00108712585643, -0.00119975057896, -0.00546756666154, 0.00850136298686, -0.00527229811996, -0.00804647058249, 0.0206861551851, -0.0115277348086, -0.00118722568732, 0.0033149542287], [0.000560094078537, -0.000693907029927, 1.30159332912e-005, 0.000228256365517, 0.00238615926355, -0.000144243997056, -0.00572915095836, 0.00778734823689, -0.000518886488862, -0.0115277348086, 0.0281012505293, -0.0133783677593, 0.00180824939162], [-7.45185243431e-005, 0.000833998434246, 0.000601240550168, -0.0013755261898, -0.000704793434124, 0.00133877748158, -0.00103120517451, -0.00437549967319, 0.00379764172249, -0.00118722568732, -0.0133783677593, 0.0313615053892, -0.0143101960421], [0.000262449786533, -0.000225572104682, -0.000471120583825, -5.04230483784e-005, 0.00106961862184, -0.00221086922102, 0.00107594009023, 0.00159308023285, -0.00168475997634, 0.0033149542287, 0.00180824939162, -0.0143101960421, 0.0241501778364]]
    sccoeffs:
        dmean: [0.0561821274459, 0.0493446364999, 0.0396076217294, 0.0318878777325, 0.0204053316265, 0.0172920431942]
        dmean2: [0.0921173095703, 0.0803149193525, 0.0641519725323, 0.052130009979, 0.0338716506958, 0.0274752769619]
        dvar: [0.0023017746862, 0.00157912052236, 0.00104888703208, 0.000652311486192, 0.000274869031273, 0.000223140581511]
        dvar2: [0.00583819346502, 0.0040558706969, 0.00259530683979, 0.00167723791674, 0.000715902075171, 0.000520044064615]
        max: [-0.253600746393, -0.451396197081, -0.444563001394, -0.552324175835, -0.606844305992, -0.558263897896]
        mean: [-0.658659160137, -0.751409113407, -0.777523040771, -0.781299948692, -0.790941417217, -0.693078160286]
        median: [-0.663758039474, -0.758786201477, -0.786728203297, -0.78756403923, -0.795394837856, -0.696377813816]
        min: [-0.988938748837, -0.970566749573, -0.974762618542, -0.962283730507, -0.964744269848, -0.961692690849]
        var: [0.00574960047379, 0.00474171619862, 0.00389554328285, 0.00252662994899, 0.00104512961116, 0.00212783156894]
    scvalleys:
        dmean: [0.405940800905, 0.381201863289, 0.321584999561, 0.259522736073, 0.202645525336, 0.233116328716]
        dmean2: [0.655775785446, 0.609794795513, 0.51144772768, 0.407627016306, 0.314111292362, 0.360367596149]
        dvar: [0.146957352757, 0.127972185612, 0.0966714471579, 0.0734987407923, 0.0632584840059, 0.105624489486]
        dvar2: [0.311381697655, 0.267793923616, 0.189624100924, 0.137319013476, 0.105231098831, 0.211775869131]
        max: [-5.37662553787, -4.75681495667, -5.30602693558, -5.63172483444, -5.43916797638, -7.40130472183]
        mean: [-7.10850429535, -6.92163705826, -7.139960289, -7.14756774902, -6.52616834641, -9.68964385986]
        median: [-6.80397558212, -6.81088161469, -7.04751443863, -7.0367898941, -6.39890241623, -9.48099136353]
        min: [-27.7160358429, -27.923866272, -27.3742218018, -27.3290481567, -27.3515701294, -27.2920055389]
        var: [1.39168643951, 1.03742957115, 1.10849440098, 0.921006679535, 0.899793386459, 1.20830273628]

rhythm:
    beats_loudness:
        dmean: 0.0014600683935
        dmean2: 0.00254870695062
        dvar: 1.38032282848e-006
        dvar2: 3.88512853533e-006
        max: 0.012677282095
        mean: 0.0055076405406
        median: 0.00554397003725
        min: 7.39808392325e-009
        var: 5.90617992202e-006
    bpm: 184.570510864
    bpm_confidence: 0
    first_peak_bpm: 185
    first_peak_spread: 0
    first_peak_weight: 0.37195122242
    onset_rate: 2.97356128693
    second_peak_bpm: 92
    second_peak_spread: 0.340579748154
    second_peak_weight: 0.184959337115
    beats_loudness_band_ratio:
        dmean: [0.0685887262225, 0.117979876697, 0.057709466666, 0.0498597659171, 0.095747217536, 0.10729136318]
        dmean2: [0.119371153414, 0.208833619952, 0.103210426867, 0.086536154151, 0.168192997575, 0.185482725501]
        dvar: [0.00548211624846, 0.0123550677672, 0.00412514433265, 0.00311609730124, 0.00584543915465, 0.00744283013046]
        dvar2: [0.0159154608846, 0.0367898382246, 0.0121758058667, 0.00831037387252, 0.0176939237863, 0.0221378058195]
        max: [0.723608016968, 0.584878206253, 0.421478331089, 0.365867525339, 0.756130456924, 0.788419008255]
        mean: [0.121656961739, 0.142916202545, 0.0890828371048, 0.0839599519968, 0.276194185019, 0.339401215315]
        median: [0.107094600797, 0.0949010327458, 0.0680724084377, 0.0542024970055, 0.269015699625, 0.341770887375]
        min: [0.00024099991424, 0.000369247340132, 0.00604070769623, 0.0031002452597, 0.0463514737785, 0.0556542724371]
        var: [0.00762704247609, 0.0171379372478, 0.00533639080822, 0.00526972813532, 0.00952418800443, 0.0122544374317]
    beats_position: [0.626938760281, 1.25387752056, 1.88081634045, 2.50775504112, 3.14630389214, 3.7732424736, 4.41179132462, 5.05034017563, 5.6888885498, 6.30421733856, 6.91954612732, 7.53487491608, 8.15020370483, 8.76553249359, 9.38086128235, 10.0078001022, 10.6463489532, 11.2848978043, 11.9234466553, 12.5503854752, 13.1889343262, 13.8158731461, 14.4312019348, 15.0465307236, 15.6502494812, 16.2539672852, 16.8576869965, 17.4730148315, 18.088344574, 18.6920623779, 19.3073921204, 19.9111099243, 20.5264396667, 21.1301574707, 21.733877182, 22.3375968933, 22.9529247284, 23.5682544708, 24.1719722748, 24.7873020172, 25.4490699768, 26.0992279053, 26.7261676788, 27.3763256073, 28.0264854431, 28.6766433716, 29.3268013, 29.9653511047, 30.6038990021, 31.2540588379, 31.9042167664, 32.5543746948, 33.204536438, 33.8546943665, 34.5048522949, 35.1550102234, 35.8051681519, 36.455329895, 37.1054878235, 37.755645752, 38.4058036804, 39.0443534851, 39.6829032898, 40.3330612183, 40.9832191467, 41.6333770752, 42.2835350037, 42.9336967468, 43.560634613, 44.2107925415, 44.86095047, 45.5111083984, 46.1612701416, 46.7998161316, 47.4383659363, 48.0885238647, 48.7386856079, 49.3888435364, 50.0390014648, 50.6891593933, 51.3393173218, 51.9894790649, 52.6628570557, 53.3130149841, 53.9631729126, 54.6133308411, 55.2634925842, 55.9136505127, 56.5522003174, 57.1907463074, 57.8641242981, 58.5142860413, 59.1644439697, 59.8146018982, 60.4647598267, 61.1149177551, 61.7534675598, 62.3920173645, 63.042175293, 63.6807250977, 64.3424911499, 64.9926528931, 65.6428070068, 66.29296875, 66.9315185547, 67.5700683594, 68.2202224731, 68.8587722778, 69.4973220825, 70.1474838257, 70.8092498779, 71.4594116211, 72.1211776733, 72.7829437256, 73.4447174072, 74.1064834595, 74.7682495117, 75.4300231934, 76.1034011841, 76.7767791748, 77.4501571655, 78.1235351563, 78.7853012085, 79.4470748901, 80.1088409424, 80.7706069946, 81.4323806763, 82.105758667, 82.7675247192, 83.44090271, 84.1026763916, 84.7644424438, 85.4262084961, 86.0995864868, 86.74974823, 87.3999099731, 88.0500640869, 88.7002258301, 89.3387756348, 89.9889297485, 90.6274795532, 91.2776412964, 91.9277954102, 92.5779571533, 93.2281188965, 93.8782730103, 94.5284347534, 95.1785888672, 95.8287506104, 96.4789123535, 97.1290664673, 97.7792282104, 98.4177780151, 99.0563278198, 99.7064819336, 100.356643677, 101.006797791, 101.656959534, 102.307121277, 102.945663452, 103.595825195, 104.245986938, 104.884536743, 105.499862671, 105.987480164, 106.486709595, 106.974327087, 107.473556519, 107.97278595, 108.460403442, 108.936416626, 109.41242218, 109.888435364, 110.387664795, 110.875282288, 111.36289978, 111.850517273, 112.338134766, 112.837364197, 113.336593628, 113.82421875, 114.311836243, 114.799453735, 115.287071228, 115.774688721, 116.262313843, 116.749931335, 117.237548828, 117.713554382, 118.189567566, 118.677185059, 119.164802551, 119.652427673, 120.140045166, 120.627662659, 121.115280151, 121.602897644, 122.078910828, 122.554916382, 123.042533875, 123.379226685, 123.715919495, 124.040992737, 124.366073608, 124.69115448, 125.016235352, 125.341316223, 125.666389465, 125.991470337, 126.30493927, 126.618408203, 126.943489075, 127.268569946, 127.593650818, 127.91872406, 128.243804932, 128.557281494, 128.870742798, 129.195831299, 129.520904541, 129.857589722, 130.182678223, 130.507751465, 130.832824707, 131.169525146, 131.494598389, 131.81968689, 132.15637207, 132.493057251, 132.818145752, 133.143218994, 133.468292236, 133.793380737, 134.118453979, 134.44354248, 134.780227661, 135.116912842, 135.453598022, 135.790298462, 136.126983643, 136.463668823, 136.800354004, 137.137054443, 137.473739624, 137.810424805, 138.147125244, 138.472198486, 138.808883667, 139.145568848, 139.482269287, 139.807342529, 140.14402771, 140.480728149, 140.805801392, 141.130874634, 141.455963135, 141.781036377, 142.117736816, 142.454421997, 142.791107178, 143.127792358, 143.464492798, 143.801177979, 144.137863159, 144.47454834, 144.811248779, 145.14793396, 145.484619141, 145.82131958, 146.158004761, 146.494689941, 146.831375122, 147.144851685, 147.469924927, 147.795013428, 148.12008667, 148.445159912, 148.770248413, 149.095321655, 149.420410156, 149.745483398, 150.070556641, 150.395645142, 150.720718384, 151.045806885, 151.359268188, 151.672744751, 151.997817993, 152.322906494, 152.647979736, 152.973052979, 153.298141479, 153.623214722, 153.948303223, 154.273376465, 154.598449707, 154.923538208, 155.24861145, 155.573699951, 155.898773193, 156.223846436, 156.548934937, 156.86239624, 157.187484741, 157.512557983, 157.826034546, 158.151107788, 158.47618103, 158.801269531, 159.126342773, 159.451431274, 159.776504517, 160.101577759, 160.42666626, 160.740127563, 161.053604126, 161.378677368, 161.703765869, 162.028839111, 162.365524292, 162.702224731, 163.015686035, 163.329162598, 163.65423584, 163.979324341, 164.304397583, 164.629470825, 164.954559326, 165.279632568, 165.616317749, 165.953018188, 166.278091431, 166.603164673, 166.928253174, 167.253326416, 167.578414917, 167.903488159, 168.228561401, 168.553649902, 168.867111206, 169.180587769, 169.505661011, 169.830749512, 170.155822754, 170.480911255, 170.805984497, 171.131057739, 171.45614624, 171.781219482, 172.106307983, 172.431381226, 172.756454468, 173.081542969, 173.406616211, 173.731704712, 174.056777954, 174.381851196, 174.706939697, 175.032012939, 175.35710144, 175.670562744, 175.995635986, 176.309112549, 176.634185791, 176.959274292, 177.284347534, 177.609436035, 177.934509277, 178.25958252, 178.596282959, 178.93296814, 179.258041382, 179.583129883, 179.908203125, 180.233291626, 180.558364868, 180.88343811, 181.208526611, 181.533599854, 181.858688354, 182.183761597, 182.508834839, 182.83392334, 183.158996582, 183.484085083, 183.809158325, 184.134231567, 184.459320068, 184.784393311, 185.109481812, 185.434555054, 185.748016357, 186.06149292, 186.386566162, 186.711654663, 187.036727905, 187.361816406, 187.67527771, 187.988754272, 188.313827515, 188.638900757, 188.963989258, 189.2890625, 189.614151001, 189.939224243, 190.264297485, 190.589385986, 190.914459229, 191.239547729, 191.564620972, 191.889694214, 192.214782715, 192.539855957, 192.864944458, 193.1900177, 193.515090942, 193.840179443, 194.165252686, 194.490341187, 194.815414429, 195.140487671, 195.465576172, 195.790649414, 196.115737915, 196.440811157, 196.765899658, 197.0909729, 197.416046143, 197.741134644, 198.066207886, 198.379684448, 198.693145752, 199.018234253, 199.343307495, 199.668380737, 199.9818573, 200.306930542, 200.632019043, 200.957092285, 201.293777466, 201.618865967, 201.943939209, 202.257415771, 202.594100952, 202.919174194, 203.244262695, 203.569335938, 203.894424438, 204.219497681, 204.544570923, 204.858047485, 205.171508789, 205.49659729, 205.821670532, 206.146759033, 206.483444214, 206.820129395, 207.156814575, 207.493515015, 207.830200195, 208.306213379, 208.793823242, 209.269836426, 209.745849609, 210.210250854, 210.6746521, 211.139038086, 211.591827393, 212.044616699, 212.509017944, 212.961807251, 213.414596558, 213.878997803, 214.331787109, 214.784576416, 215.248977661, 215.701766968, 216.154556274, 216.607345581, 217.071746826, 217.524536133, 217.988937378, 218.453323364, 218.917724609, 219.382125854, 219.8465271, 220.334152222, 220.821762085, 221.309387207, 221.79699707, 222.273010254, 222.760635376, 223.248245239]
