
metadata:
    version:
        essentia: "2.1-beta2"
    audio_properties:
        analysis_sample_rate: 44100
        bitrate: 320
        channels: 2
        equal_loudness: 1
        length: 210.155105591
        replay_gain: -15.4655952454
        downmix: "mix"
    tags:
        album: "The Poison"
        artist: "Bullet For My Valentine"
        comment: ""
        date: "2006"
        genre: "Metal"
        title: "Hit The Floor"
        tracknumber: "6"

configuration:
    average_loudness:
        compute: 1
        frameSize: 88200
        hopSize: 44100
        silentFrames: "noise"
        windowType: "hann"
    general:
        analysisSampleRate: 44100
        endTime: 2000
        equalLoudness: 1
        nequalLoudness: 0
        shortSound: 0
        startTime: 0
    lowlevel:
        compute: 1
        frameSize: 2048
        hopSize: 1024
        zeroPadding: 0
        silentFrames: "noise"
        windowType: "blackmanharris62"
        mfccStats: ["mean", "cov", "icov"]
        stats: ["mean", "var", "median", "min", "max", "dmean", "dmean2", "dvar", "dvar2"]
    panning:
        compute: 0
        frameSize: 8192
        hopSize: 2048
        zeroPadding: 8192
        silentFrames: "noise"
        windowType: "hann"
        stats: ["copy"]
    rhythm:
        compute: 1
        maxTempo: 208
        minTempo: 40
        method: "degara"
        stats: ["mean", "var", "median", "min", "max", "dmean", "dmean2", "dvar", "dvar2"]
    segmentation:
        compute: 0
        cpw: 5
        inc1: 300
        inc2: 50
        minimumSegmentsLength: 10
        size1: 1000
        size2: 600
    sfx:
        compute: 1
        stats: ["mean", "var", "median", "min", "max", "dmean", "dmean2", "dvar", "dvar2"]
    svm:
        compute: 0
    tonal:
        compute: 1
        frameSize: 4096
        hopSize: 2048
        zeroPadding: 0
        silentFrames: "noise"
        windowType: "blackmanharris62"
        stats: ["mean", "var", "median", "min", "max", "dmean", "dmean2", "dvar", "dvar2"]

lowlevel:
    average_loudness: 0.924743771553
    barkbands_kurtosis:
        dmean: 0.635115802288
        dmean2: 1.02504253387
        dvar: 2.06413793564
        dvar2: 5.00203275681
        max: 53.2566719055
        mean: -0.853694200516
        median: -1.24432682991
        min: -1.92003238201
        var: 2.60288882256
    barkbands_skewness:
        dmean: 0.405950129032
        dmean2: 0.622706472874
        dvar: 0.154277905822
        dvar2: 0.354409724474
        max: 6.84805393219
        mean: -0.0331093966961
        median: -0.133792698383
        min: -2.91576242447
        var: 0.567845284939
    barkbands_spread:
        dmean: 5.30359315872
        dmean2: 8.33339691162
        dvar: 25.8740959167
        dvar2: 59.9133758545
        max: 71.2597198486
        mean: 37.0863075256
        median: 37.5524520874
        min: 3.18269824982
        var: 113.838500977
    dissonance:
        dmean: 0.0128713697195
        dmean2: 0.0214350819588
        dvar: 0.000189580096048
        dvar2: 0.000499143148772
        max: 0.500000238419
        mean: 0.476391017437
        median: 0.483368039131
        min: 0.306247681379
        var: 0.000502648355905
    hfc:
        dmean: 3.12110853195
        dmean2: 5.34262180328
        dvar: 20.4361610413
        dvar2: 57.1183929443
        max: 38.5416183472
        mean: 9.84826946259
        median: 9.10908603668
        min: 1.04994418963e-016
        var: 35.0385055542
    pitch:
        dmean: 811.557861328
        dmean2: 1564.64953613
        dvar: 1760834
        dvar2: 4191665
        max: 5577.81103516
        mean: 1786.31921387
        median: 454.045776367
        min: 64.7132492065
        var: 2758575.75
    pitch_instantaneous_confidence:
        dmean: 0.0792043060064
        dmean2: 0.127509117126
        dvar: 0.00434335600585
        dvar2: 0.0105320150033
        max: 0.864859819412
        mean: 0.397250682116
        median: 0.380094587803
        min: 0.108100712299
        var: 0.0143644157797
    pitch_salience:
        dmean: 0.0592467747629
        dmean2: 0.0955636650324
        dvar: 0.00274180434644
        dvar2: 0.00684047443792
        max: 0.985171675682
        mean: 0.647520422935
        median: 0.661700487137
        min: 0.15957467258
        var: 0.00831568054855
    silence_rate_20dB:
        dmean: 0
        dmean2: 0
        dvar: 0
        dvar2: 0
        max: 1
        mean: 1
        median: 1
        min: 1
        var: 0
    silence_rate_30dB:
        dmean: 0
        dmean2: 0
        dvar: 0
        dvar2: 0
        max: 1
        mean: 1
        median: 1
        min: 1
        var: 0
    silence_rate_60dB:
        dmean: 0.083305709064
        dmean2: 0.166629835963
        dvar: 0.0763723403215
        dvar2: 0.167567074299
        max: 1
        mean: 0.223265573382
        median: 0
        min: 0
        var: 0.173398762941
    spectral_centroid:
        dmean: 299.593933105
        dmean2: 467.880432129
        dvar: 96342.4609375
        dvar2: 209754.0625
        max: 11596.2519531
        mean: 1852.45983887
        median: 1899.59472656
        min: 180.771728516
        var: 365423.5625
    spectral_complexity:
        dmean: 4.46757268906
        dmean2: 7.31712722778
        dvar: 21.2817592621
        dvar2: 53.7606430054
        max: 47
        mean: 17.8981437683
        median: 17
        min: 0
        var: 81.4529190063
    spectral_crest:
        dmean: 1.91284608841
        dmean2: 3.1442091465
        dvar: 3.73722267151
        dvar2: 9.57639884949
        max: 22.6217594147
        mean: 6.50691461563
        median: 5.57379627228
        min: 2.4993391037
        var: 9.09251308441
    spectral_decrease:
        dmean: 3.03831071413e-010
        dmean2: 5.06992003935e-010
        dvar: 1.7382851606e-019
        dvar2: 4.66792391927e-019
        max: 1.141568493e-028
        mean: -1.1361190877e-009
        median: -1.08115028041e-009
        min: -4.68632199713e-009
        var: 3.24615166525e-019
    spectral_energy:
        dmean: 0.00138836260885
        dmean2: 0.00233638565987
        dvar: 3.68067662748e-006
        dvar2: 9.96237122308e-006
        max: 0.0205748658627
        mean: 0.00518122408539
        median: 0.00492431456223
        min: 1.00727980389e-020
        var: 6.81219353282e-006
    spectral_energyband_high:
        dmean: 0.000289557210635
        dmean2: 0.000514259852935
        dvar: 2.38347993786e-007
        dvar2: 6.68803977533e-007
        max: 0.00403854157776
        mean: 0.000559342151973
        median: 0.000469089951366
        min: 7.19858855615e-021
        var: 2.25111421059e-007
    spectral_energyband_low:
        dmean: 0.000228420336498
        dmean2: 0.000372874666937
        dvar: 7.43509644963e-008
        dvar2: 1.93368123291e-007
        max: 0.0033964838367
        mean: 0.00049978151219
        median: 0.00042189101805
        min: 2.11080860887e-023
        var: 1.46828867287e-007
    spectral_energyband_middle_high:
        dmean: 0.000742686388548
        dmean2: 0.00120610080194
        dvar: 7.06600360445e-007
        dvar2: 1.86648219369e-006
        max: 0.010890474543
        mean: 0.00251650484279
        median: 0.00226806616411
        min: 1.17997990908e-021
        var: 2.47274579124e-006
    spectral_energyband_middle_low:
        dmean: 0.000746961915866
        dmean2: 0.00120686762966
        dvar: 1.30947034904e-006
        dvar2: 3.42656267094e-006
        max: 0.0121995210648
        mean: 0.00176400784403
        median: 0.00134777603671
        min: 1.88164177067e-022
        var: 2.12210898098e-006
    spectral_flatness_db:
        dmean: 0.0133193461224
        dmean2: 0.0207681134343
        dvar: 0.000166350873769
        dvar2: 0.000375059520593
        max: 0.357591331005
        mean: 0.147596269846
        median: 0.141313046217
        min: 0.0632445067167
        var: 0.000988774234429
    spectral_flux:
        dmean: 0.00840185768902
        dmean2: 0.0133282812312
        dvar: 8.97542922758e-005
        dvar2: 0.00017178489361
        max: 0.109241046011
        mean: 0.0425917617977
        median: 0.0414880886674
        min: 6.19603812702e-011
        var: 0.000231399346376
    spectral_kurtosis:
        dmean: 0.928656756878
        dmean2: 1.56175363064
        dvar: 1.06916630268
        dvar2: 2.834897995
        max: 31.190908432
        mean: 3.10654020309
        median: 2.76639127731
        min: -1.22903752327
        var: 5.6957154274
    spectral_rms:
        dmean: 0.000282841239823
        dmean2: 0.000465271819849
        dvar: 1.17300352542e-007
        dvar2: 3.07554131496e-007
        max: 0.00448029441759
        mean: 0.00216693547554
        median: 0.00219185044989
        min: 3.13482378077e-012
        var: 3.5922013808e-007
    spectral_rolloff:
        dmean: 370.592407227
        dmean2: 598.040649414
        dvar: 282677.375
        dvar2: 549149.5
        max: 19013.8183594
        mean: 3513.10888672
        median: 3682.17773438
        min: 150.732421875
        var: 859889.0625
    spectral_skewness:
        dmean: 0.159216493368
        dmean2: 0.253460645676
        dvar: 0.0268866196275
        dvar2: 0.0639782994986
        max: 4.50150060654
        mean: 1.13030457497
        median: 1.08246636391
        min: -0.0656684860587
        var: 0.177292436361
    spectral_spread:
        dmean: 406321.28125
        dmean2: 593004.625
        dvar: 623887581184
        dvar2: 1.01621039104e+012
        max: 41799944
        mean: 4560833
        median: 4330979
        min: 2222839.75
        var: 2.69566056858e+012
    spectral_strongpeak:
        dmean: 0.48511210084
        dmean2: 0.8294095397
        dvar: 0.588319718838
        dvar2: 1.52087843418
        max: 10.1755800247
        mean: 0.719103455544
        median: 0.294979840517
        min: 0
        var: 0.911535203457
    zerocrossingrate:
        dmean: 0.00879159849137
        dmean2: 0.0104283923283
        dvar: 9.21594837564e-005
        dvar2: 0.00010593461775
        max: 0.51953125
        mean: 0.104974858463
        median: 0.10888671875
        min: 0.02001953125
        var: 0.0007255327655
    barkbands:
        dmean: [1.71522387404e-007, 6.10740244156e-005, 0.000153336324729, 0.000159750881721, 0.000336981203873, 0.00022513238946, 9.51581896516e-005, 0.000107983854832, 0.000200922397198, 0.000128746658447, 7.18334777048e-005, 7.9455327068e-005, 6.8864239438e-005, 4.6929315431e-005, 6.79976146785e-005, 0.000114112874144, 0.000132765635499, 0.000215786858462, 0.000264053378487, 0.000247721734922, 0.000147979080793, 4.78253787151e-005, 5.97221196585e-006, 2.16391049435e-006, 9.17752061014e-007, 4.24177137859e-008, 4.67462291098e-010]
        dmean2: [3.06915779902e-007, 9.82779529295e-005, 0.000247873162152, 0.000274076126516, 0.000578074890655, 0.000368487351807, 0.000156301990501, 0.000166585057741, 0.000296367506962, 0.000198454814381, 0.000112753281428, 0.000129381922306, 0.000111811677925, 7.55619257689e-005, 0.000108281354187, 0.000186283315998, 0.000223118870053, 0.000367119675502, 0.000441939133452, 0.000429116131272, 0.000260635337327, 8.45924951136e-005, 1.0112160453e-005, 3.28443752551e-006, 1.45167200571e-006, 6.5038435082e-008, 7.67747310171e-010]
        dvar: [1.37444485589e-013, 7.55991003132e-009, 3.67766084253e-008, 5.02862000928e-008, 5.55039321171e-007, 1.45801777762e-007, 3.70481103573e-008, 6.7009679583e-008, 2.14066261606e-007, 1.02424912996e-007, 3.23455608964e-008, 4.00912156806e-008, 2.39603963337e-008, 1.04103667908e-008, 3.49890605378e-008, 6.37775983137e-008, 2.59901504762e-008, 7.41520551628e-008, 9.17615565754e-008, 1.17521658183e-007, 5.19630916074e-008, 6.42274589069e-009, 1.00529307101e-010, 3.29117705311e-011, 5.4264179955e-012, 1.24724026002e-014, 4.02286081875e-019]
        dvar2: [4.0360285101e-013, 2.03171044433e-008, 9.59589101512e-008, 1.35847585625e-007, 1.52920199525e-006, 3.82433256618e-007, 9.21427982803e-008, 1.3442827651e-007, 4.33010967527e-007, 2.22902926339e-007, 7.42632693118e-008, 9.68981339611e-008, 6.12053909776e-008, 2.5055031827e-008, 7.284201331e-008, 1.44793162349e-007, 6.97747850609e-008, 2.0109190757e-007, 2.52825572034e-007, 3.27208340423e-007, 1.46663040823e-007, 1.78897980874e-008, 2.47912051998e-010, 5.8369364897e-011, 1.09467461137e-011, 2.45893054724e-014, 1.00079930908e-018]
        max: [3.04836339637e-006, 0.000945448176935, 0.00288288481534, 0.00259821815416, 0.00691410759464, 0.00914134830236, 0.00470049027354, 0.00687641929835, 0.00917055644095, 0.00812788400799, 0.00448878807947, 0.00421517295763, 0.00518252095208, 0.00320994062349, 0.00690233148634, 0.00820942781866, 0.00324161234312, 0.00459333369508, 0.00401200819761, 0.00331588904373, 0.00232753716409, 0.000762186245993, 0.000187270969036, 0.000125323989778, 7.78765970608e-005, 3.02484340864e-006, 1.41561145028e-008]
        mean: [1.86650112255e-007, 0.000110364024295, 0.000282085180515, 0.000207597520784, 0.000413317233324, 0.000371156958863, 0.000148313847603, 0.000176368877874, 0.000367491767975, 0.000207415258046, 0.000112281886686, 0.000118068848678, 0.000109987340693, 7.55040018703e-005, 0.000112753521535, 0.000212365019252, 0.000277220824501, 0.000425785314292, 0.00061467953492, 0.000454881694168, 0.000290761352517, 7.6233089203e-005, 1.04821410787e-005, 4.20337710239e-006, 1.65178653333e-006, 8.05941553494e-008, 7.73174968494e-010]
        median: [9.22018905669e-009, 7.06529972376e-005, 0.000213507373701, 0.00012941127352, 0.000230332254432, 0.000224680741667, 9.25208660192e-005, 6.37822959106e-005, 9.82701894827e-005, 5.4438940424e-005, 3.57999597327e-005, 3.80546844099e-005, 3.36671400873e-005, 3.42175990227e-005, 4.88446712552e-005, 0.00014511369227, 0.000211389895412, 0.000321739760693, 0.00051376526244, 0.000354598189006, 0.000238898806856, 5.56267332286e-005, 6.4453338382e-006, 2.02651153813e-006, 8.93880837793e-007, 3.4224306944e-008, 3.77870762458e-010]
        min: [1.92087926244e-024, 7.43506609653e-024, 3.2254781004e-024, 3.09341391018e-024, 1.51741781186e-023, 1.17799699675e-023, 6.25178341617e-024, 1.26361191302e-023, 3.64067291032e-023, 2.06810867247e-023, 3.42426722254e-023, 4.05763323038e-023, 4.32098687053e-023, 6.54708166312e-023, 7.72442248537e-023, 7.97111443657e-023, 5.76438965018e-023, 1.58388855702e-022, 1.53754834309e-022, 1.90809385454e-022, 3.30324333791e-022, 3.62535531413e-022, 3.85021121681e-022, 6.30076003479e-022, 9.16466742327e-022, 1.44328920893e-021, 2.08753022601e-021]
        var: [1.23210157897e-013, 1.45498209037e-008, 6.77308094055e-008, 5.90922546451e-008, 4.46258866305e-007, 2.14881453076e-007, 4.80581654472e-008, 1.79351914653e-007, 6.89159094236e-007, 2.13822531236e-007, 6.95598174616e-008, 6.46527595904e-008, 4.29109086042e-008, 2.01976675385e-008, 6.61150707515e-008, 1.13899361054e-007, 6.01599126071e-008, 1.32671843289e-007, 2.05453545732e-007, 1.49748046852e-007, 5.76090961601e-008, 5.87112047867e-009, 1.69940686523e-010, 8.29551011217e-011, 1.13197506924e-011, 2.96556229823e-014, 9.84222196015e-019]
    frequency_bands:
        dmean: [1.71522387404e-007, 6.10740244156e-005, 0.000153336324729, 0.000159750881721, 0.000336981203873, 0.00022513238946, 9.51581896516e-005, 0.000107983854832, 0.000200922397198, 0.000128746658447, 7.18334777048e-005, 7.9455327068e-005, 6.8864239438e-005, 4.6929315431e-005, 6.79976146785e-005, 0.000114112874144, 0.000132765635499, 0.000215786858462, 0.000264053378487, 0.000247721734922, 0.000147979080793, 4.78253787151e-005, 5.97221196585e-006, 2.16391049435e-006, 9.17752061014e-007, 4.24177137859e-008, 4.67462291098e-010, 6.22163640052e-011]
        dmean2: [3.06915779902e-007, 9.82779529295e-005, 0.000247873162152, 0.000274076126516, 0.000578074890655, 0.000368487351807, 0.000156301990501, 0.000166585057741, 0.000296367506962, 0.000198454814381, 0.000112753281428, 0.000129381922306, 0.000111811677925, 7.55619257689e-005, 0.000108281354187, 0.000186283315998, 0.000223118870053, 0.000367119675502, 0.000441939133452, 0.000429116131272, 0.000260635337327, 8.45924951136e-005, 1.0112160453e-005, 3.28443752551e-006, 1.45167200571e-006, 6.5038435082e-008, 7.67747310171e-010, 1.1611757389e-010]
        dvar: [1.37444485589e-013, 7.55991003132e-009, 3.67766084253e-008, 5.02862000928e-008, 5.55039321171e-007, 1.45801777762e-007, 3.70481103573e-008, 6.7009679583e-008, 2.14066261606e-007, 1.02424912996e-007, 3.23455608964e-008, 4.00912156806e-008, 2.39603963337e-008, 1.04103667908e-008, 3.49890605378e-008, 6.37775983137e-008, 2.59901504762e-008, 7.41520551628e-008, 9.17615565754e-008, 1.17521658183e-007, 5.19630916074e-008, 6.42274589069e-009, 1.00529307101e-010, 3.29117705311e-011, 5.4264179955e-012, 1.24724026002e-014, 4.02286081875e-019, 8.16377585285e-021]
        dvar2: [4.0360285101e-013, 2.03171044433e-008, 9.59589101512e-008, 1.35847585625e-007, 1.52920199525e-006, 3.82433256618e-007, 9.21427982803e-008, 1.3442827651e-007, 4.33010967527e-007, 2.22902926339e-007, 7.42632693118e-008, 9.68981339611e-008, 6.12053909776e-008, 2.5055031827e-008, 7.284201331e-008, 1.44793162349e-007, 6.97747850609e-008, 2.0109190757e-007, 2.52825572034e-007, 3.27208340423e-007, 1.46663040823e-007, 1.78897980874e-008, 2.47912051998e-010, 5.8369364897e-011, 1.09467461137e-011, 2.45893054724e-014, 1.00079930908e-018, 2.60359476042e-020]
        max: [3.04836339637e-006, 0.000945448176935, 0.00288288481534, 0.00259821815416, 0.00691410759464, 0.00914134830236, 0.00470049027354, 0.00687641929835, 0.00917055644095, 0.00812788400799, 0.00448878807947, 0.00421517295763, 0.00518252095208, 0.00320994062349, 0.00690233148634, 0.00820942781866, 0.00324161234312, 0.00459333369508, 0.00401200819761, 0.00331588904373, 0.00232753716409, 0.000762186245993, 0.000187270969036, 0.000125323989778, 7.78765970608e-005, 3.02484340864e-006, 1.41561145028e-008, 1.15772047504e-009]
        mean: [1.86650112255e-007, 0.000110364024295, 0.000282085180515, 0.000207597520784, 0.000413317233324, 0.000371156958863, 0.000148313847603, 0.000176368877874, 0.000367491767975, 0.000207415258046, 0.000112281886686, 0.000118068848678, 0.000109987340693, 7.55040018703e-005, 0.000112753521535, 0.000212365019252, 0.000277220824501, 0.000425785314292, 0.00061467953492, 0.000454881694168, 0.000290761352517, 7.6233089203e-005, 1.04821410787e-005, 4.20337710239e-006, 1.65178653333e-006, 8.05941553494e-008, 7.73174968494e-010, 4.78265378689e-011]
        median: [9.22018905669e-009, 7.06529972376e-005, 0.000213507373701, 0.00012941127352, 0.000230332254432, 0.000224680741667, 9.25208660192e-005, 6.37822959106e-005, 9.82701894827e-005, 5.4438940424e-005, 3.57999597327e-005, 3.80546844099e-005, 3.36671400873e-005, 3.42175990227e-005, 4.88446712552e-005, 0.00014511369227, 0.000211389895412, 0.000321739760693, 0.00051376526244, 0.000354598189006, 0.000238898806856, 5.56267332286e-005, 6.4453338382e-006, 2.02651153813e-006, 8.93880837793e-007, 3.4224306944e-008, 3.77870762458e-010, 1.8242605343e-011]
        min: [1.92087926244e-024, 7.43506609653e-024, 3.2254781004e-024, 3.09341391018e-024, 1.51741781186e-023, 1.17799699675e-023, 6.25178341617e-024, 1.26361191302e-023, 3.64067291032e-023, 2.06810867247e-023, 3.42426722254e-023, 4.05763323038e-023, 4.32098687053e-023, 6.54708166312e-023, 7.72442248537e-023, 7.97111443657e-023, 5.76438965018e-023, 1.58388855702e-022, 1.53754834309e-022, 1.90809385454e-022, 3.30324333791e-022, 3.62535531413e-022, 3.85021121681e-022, 6.30076003479e-022, 9.16466742327e-022, 1.44328920893e-021, 2.08753022601e-021, 5.57506909138e-022]
        var: [1.23210157897e-013, 1.45498209037e-008, 6.77308094055e-008, 5.90922546451e-008, 4.46258866305e-007, 2.14881453076e-007, 4.80581654472e-008, 1.79351914653e-007, 6.89159094236e-007, 2.13822531236e-007, 6.95598174616e-008, 6.46527595904e-008, 4.29109086042e-008, 2.01976675385e-008, 6.61150707515e-008, 1.13899361054e-007, 6.01599126071e-008, 1.32671843289e-007, 2.05453545732e-007, 1.49748046852e-007, 5.76090961601e-008, 5.87112047867e-009, 1.69940686523e-010, 8.29551011217e-011, 1.13197506924e-011, 2.96556229823e-014, 9.84222196015e-019, 6.26766988204e-021]
    mfcc:
        mean: [-696.552001953, 98.4514160156, -47.4362564087, 65.6782150269, -20.6967277527, -5.95998096466, -0.809150099754, -2.28784871101, 0.324521571398, -7.67019224167, -3.24614572525, -4.40316534042, -4.83501386642]
        cov: [[4417.11865234, 300.70300293, -352.422729492, 320.566802979, -237.034851074, 45.0690345764, -6.9212884903, 43.1153526306, -37.2805480957, 0.688744366169, -4.21933412552, 9.17224979401, -14.8575897217], [300.70300293, 606.468200684, -190.629928589, 152.537109375, -55.4184150696, 6.44694423676, 54.7840042114, 2.15690588951, 36.3654136658, -20.9428882599, 28.201423645, -3.61850976944, -9.95955944061], [-352.422729492, -190.629928589, 475.798522949, 15.1492357254, 200.910064697, 23.0180473328, -13.0596408844, 13.1247768402, 1.05229723454, 41.1446914673, -14.1094818115, 10.4639348984, 27.2722225189], [320.566802979, 152.537109375, 15.1492357254, 407.290313721, 85.381729126, 33.1538162231, -7.16235923767, -42.3516769409, 72.1410217285, -21.5840568542, 43.9964637756, 25.7225055695, 45.7585449219], [-237.034851074, -55.4184150696, 200.910064697, 85.381729126, 227.786178589, 37.8163490295, -2.12710595131, -17.3372268677, 23.4112453461, 24.5010852814, 4.68008708954, 14.9179353714, 28.828081131], [45.0690345764, 6.44694423676, 23.0180473328, 33.1538162231, 37.8163490295, 110.604431152, 46.7444877625, 24.0740947723, -2.49049472809, 4.89803028107, 13.722032547, 6.23430109024, 12.7715120316], [-6.9212884903, 54.7840042114, -13.0596408844, -7.16235923767, -2.12710595131, 46.7444877625, 118.512168884, 49.3514480591, 17.0023365021, -3.73470211029, 18.0857505798, 20.8344402313, 8.83624267578], [43.1153526306, 2.15690588951, 13.1247768402, -42.3516769409, -17.3372268677, 24.0740947723, 49.3514480591, 94.7208938599, 28.4277839661, 28.5755882263, -2.24880766869, 3.63782787323, 8.95895385742], [-37.2805480957, 36.3654136658, 1.05229723454, 72.1410217285, 23.4112453461, -2.49049472809, 17.0023365021, 28.4277839661, 102.404518127, 39.3836669922, 24.6237602234, 4.98003673553, 10.6152467728], [0.688744366169, -20.9428882599, 41.1446914673, -21.5840568542, 24.5010852814, 4.89803028107, -3.73470211029, 28.5755882263, 39.3836669922, 89.9506988525, 30.3308620453, 6.71642875671, -2.07112979889], [-4.21933412552, 28.201423645, -14.1094818115, 43.9964637756, 4.68008708954, 13.722032547, 18.0857505798, -2.24880766869, 24.6237602234, 30.3308620453, 76.142074585, 38.3070831299, 13.5962324142], [9.17224979401, -3.61850976944, 10.4639348984, 25.7225055695, 14.9179353714, 6.23430109024, 20.8344402313, 3.63782787323, 4.98003673553, 6.71642875671, 38.3070831299, 68.9065856934, 34.8114051819], [-14.8575897217, -9.95955944061, 27.2722225189, 45.7585449219, 28.828081131, 12.7715120316, 8.83624267578, 8.95895385742, 10.6152467728, -2.07112979889, 13.5962324142, 34.8114051819, 65.8805465698]]
        icov: [[0.000310493109282, -1.22424808069e-005, 0.000170367318788, -0.000545339018572, 0.000345987151377, -9.22866674955e-005, 5.34455939487e-005, -0.000350866204826, 0.000608578557149, -0.000594321929384, 0.000492324004881, -0.000301626307191, 0.000224492061534], [-1.22424808069e-005, 0.00232775253244, 0.000889190996531, -0.00112653663382, -6.48584973533e-005, 0.000632825132925, -0.00135783967562, -0.00026501037064, 0.000352312257746, -0.000211663878872, -0.000316780322464, 0.000699396652635, 0.000519755296409], [0.000170367318788, 0.000889190996531, 0.00419699260965, -0.000676796888001, -0.00336116971448, 0.000764918804634, -5.21840865986e-006, -0.00185821810737, 0.00185463228263, -0.00152863829862, 0.000923732121009, -9.92411514744e-005, -3.67504708265e-006], [-0.000545339018572, -0.00112653663382, -0.000676796888001, 0.00585845904425, -0.00150779436808, -0.00189593085088, 0.00184477306902, 0.00265249493532, -0.00548320496455, 0.00449153920636, -0.00287902820855, 0.000438093149569, -0.00227565388195], [0.000345987151377, -6.48584973533e-005, -0.00336116971448, -0.00150779436808, 0.00976397749037, -0.00293648196384, -0.000880818639416, 0.00427747145295, -0.00146658031736, -0.00311957160011, 0.00326815480366, -0.00147489039227, -0.00141681963578], [-9.22866674955e-005, 0.000632825132925, 0.000764918804634, -0.00189593085088, -0.00293648196384, 0.0139750353992, -0.00535627966747, -0.0034598337952, 0.00512732518837, -0.00128480116837, -0.00308183371089, 0.00405263202265, -0.00153221399523], [5.34455939487e-005, -0.00135783967562, -5.21840865986e-006, 0.00184477306902, -0.000880818639416, -0.00535627966747, 0.0162540730089, -0.00770528195426, -0.0030583110638, 0.00671630539, -0.00359834055416, -0.00431913509965, 0.00254793441854], [-0.000350866204826, -0.00026501037064, -0.00185821810737, 0.00265249493532, 0.00427747145295, -0.0034598337952, -0.00770528195426, 0.0223843771964, -0.00650272751227, -0.00650660647079, 0.00680966861546, -0.000426880520536, -0.00474041793495], [0.000608578557149, 0.000352312257746, 0.00185463228263, -0.00548320496455, -0.00146658031736, 0.00512732518837, -0.0030583110638, -0.00650272751227, 0.0200711805373, -0.00856509245932, -0.00158255524002, 0.00352609157562, -0.000866421731189], [-0.000594321929384, -0.000211663878872, -0.00152863829862, 0.00449153920636, -0.00311957160011, -0.00128480116837, 0.00671630539, -0.00650660647079, -0.00856509245932, 0.0239236820489, -0.0121244844049, 0.00129174697213, 0.00289705838077], [0.000492324004881, -0.000316780322464, 0.000923732121009, -0.00287902820855, 0.00326815480366, -0.00308183371089, -0.00359834055416, 0.00680966861546, -0.00158255524002, -0.0121244844049, 0.0288599506021, -0.0146338855848, 0.00205475487746], [-0.000301626307191, 0.000699396652635, -9.92411514744e-005, 0.000438093149569, -0.00147489039227, 0.00405263202265, -0.00431913509965, -0.000426880520536, 0.00352609157562, 0.00129174697213, -0.0146338855848, 0.0301207564771, -0.0131517043337], [0.000224492061534, 0.000519755296409, -3.67504708265e-006, -0.00227565388195, -0.00141681963578, -0.00153221399523, 0.00254793441854, -0.00474041793495, -0.000866421731189, 0.00289705838077, 0.00205475487746, -0.0131517043337, 0.0248662251979]]
    sccoeffs:
        dmean: [0.0530954226851, 0.0497125796974, 0.0413026176393, 0.0312524475157, 0.0202694740146, 0.0191782824695]
        dmean2: [0.0855079963803, 0.0809703692794, 0.0657191798091, 0.0507497191429, 0.0335252210498, 0.0299458615482]
        dvar: [0.00183999736328, 0.00155096384697, 0.00119209499098, 0.0006549928803, 0.000279060157482, 0.000316385005135]
        dvar2: [0.00486839516088, 0.00401264242828, 0.00282203848474, 0.00157008308452, 0.000696425558999, 0.000734624278266]
        max: [-0.371246099472, -0.424493521452, -0.370203703642, -0.500100851059, -0.549930930138, -0.54788172245]
        mean: [-0.642580091953, -0.736760437489, -0.766990959644, -0.783200442791, -0.79625171423, -0.709002494812]
        median: [-0.644933700562, -0.743274927139, -0.784167766571, -0.791174829006, -0.799159169197, -0.707705140114]
        min: [-0.978711664677, -0.982253730297, -0.993177175522, -0.963041901588, -0.962867558002, -0.964097261429]
        var: [0.00534544838592, 0.00521067949012, 0.00677224993706, 0.00285758008249, 0.000989753985777, 0.00264754937962]
    scvalleys:
        dmean: [0.410307556391, 0.349187552929, 0.315059959888, 0.26629704237, 0.263709455729, 0.288084387779]
        dmean2: [0.670653343201, 0.567998886108, 0.501456201077, 0.413032531738, 0.403233677149, 0.436891824007]
        dvar: [0.138475805521, 0.113710552454, 0.101447075605, 0.0826344043016, 0.100987248123, 0.161417454481]
        dvar2: [0.301769077778, 0.233279898763, 0.197467058897, 0.149299874902, 0.190370216966, 0.341440737247]
        max: [-5.31959295273, -5.11984491348, -5.16864538193, -5.71652507782, -5.42091083527, -7.7431845665]
        mean: [-6.98213291168, -6.596326828, -7.0317864418, -7.34274959564, -6.75854825974, -9.7777557373]
        median: [-6.726354599, -6.43514823914, -6.9081659317, -7.19148349762, -6.54434108734, -9.50968933105]
        min: [-27.9728107452, -27.6856079102, -27.5052967072, -27.7543468475, -27.4031562805, -27.3343334198]
        var: [1.70310175419, 1.32738351822, 1.33218097687, 1.36324298382, 1.61274003983, 1.89345324039]

rhythm:
    beats_loudness:
        dmean: 0.00141703244299
        dmean2: 0.00248608272523
        dvar: 1.5506757336e-006
        dvar2: 4.69601991426e-006
        max: 0.0115246651694
        mean: 0.00524930236861
        median: 0.00530825136229
        min: 8.54742165934e-010
        var: 4.158855063e-006
    bpm: 129.578155518
    bpm_confidence: 0
    first_peak_bpm: 129
    first_peak_spread: 0.289999991655
    first_peak_weight: 0.196132600307
    onset_rate: 3.68299412727
    second_peak_bpm: 94
    second_peak_spread: 0.66666662693
    second_peak_weight: 0.182320445776
    beats_loudness_band_ratio:
        dmean: [0.0886194109917, 0.134156301618, 0.106022059917, 0.072774425149, 0.0907180979848, 0.0793801248074]
        dmean2: [0.151428103447, 0.242213577032, 0.189283296466, 0.123687468469, 0.159503310919, 0.135311067104]
        dvar: [0.00672508729622, 0.0148463910446, 0.018733818084, 0.00850873999298, 0.00850837305188, 0.0048902775161]
        dvar2: [0.0174720734358, 0.040573745966, 0.0536148846149, 0.0222498159856, 0.0257902629673, 0.0136240199208]
        max: [0.869757950306, 0.671602785587, 0.841453969479, 0.769438624382, 0.753541111946, 0.545728862286]
        mean: [0.175845563412, 0.175312429667, 0.150713324547, 0.0992506891489, 0.215115651488, 0.247448772192]
        median: [0.153364747763, 0.143345609307, 0.106194421649, 0.0558342337608, 0.204817861319, 0.243951141834]
        min: [0.000103715370642, 0.00141036242712, 0.0148213338107, 0.00272330571897, 0.0194845423102, 0.0135313579813]
        var: [0.0145199708641, 0.0177498776466, 0.0195422321558, 0.00994698237628, 0.00924903620034, 0.00874204561114]
    beats_position: [0.650158703327, 1.31192743778, 1.98530614376, 2.6470746994, 3.29723358154, 3.94739222527, 4.58594083786, 5.23609972, 5.87464857101, 6.51319694519, 7.1517457962, 7.80190467834, 8.45206356049, 9.07900238037, 9.71755123138, 10.3560991287, 10.9946479797, 11.6331968307, 12.2601356506, 12.8986845016, 13.5372333527, 14.1641721725, 14.7911109924, 15.4180498123, 16.0449886322, 16.6835365295, 17.3220863342, 17.9490242004, 18.575963974, 19.2261219025, 19.8878898621, 20.5612697601, 21.2346477509, 21.8964176178, 22.5581855774, 23.2315635681, 23.9049434662, 24.5667114258, 25.2052612305, 25.8438091278, 26.470746994, 27.1092967987, 27.7362346649, 28.3747844696, 29.0017223358, 29.6286621094, 30.2555999756, 30.8941497803, 31.5326976776, 32.1828575134, 32.8214035034, 33.4599533081, 34.1101112366, 34.7486610413, 35.3872108459, 36.0257606506, 36.6643066406, 37.3144645691, 37.9530143738, 38.5915641785, 39.2417221069, 39.8802719116, 40.5304298401, 41.1689796448, 41.8075294495, 42.4460754395, 43.0962333679, 43.7347831726, 44.3733329773, 45.0234909058, 45.6620407104, 46.3005905151, 46.9391365051, 47.5776863098, 48.2278442383, 48.866394043, 49.5049438477, 50.1551017761, 50.7936515808, 51.4321975708, 52.0591392517, 52.6860771179, 53.3014030457, 53.9167327881, 54.5320625305, 55.1473922729, 55.7627182007, 56.3780479431, 57.0049858093, 57.6203155518, 58.2356452942, 58.8509750366, 59.4663009644, 60.0932426453, 60.708568573, 61.3238983154, 61.9392280579, 62.5661659241, 63.1814956665, 63.8084335327, 64.4237594604, 65.0390930176, 65.6660308838, 66.2813568115, 66.8966903687, 67.5120162964, 68.1273422241, 68.7542877197, 69.3812255859, 69.9965515137, 70.6118774414, 71.2272109985, 71.8541488647, 72.481086731, 73.1196365356, 73.7465744019, 74.3735122681, 75.0120620728, 75.6506118774, 76.2775497437, 76.9044876099, 77.5430374146, 78.1815872192, 78.8085250854, 79.4354629517, 80.0624008179, 80.6893386841, 81.3162765503, 81.9664382935, 82.6166000366, 83.2667541504, 83.9053039551, 84.5438537598, 85.1824035645, 85.8209533691, 86.4595031738, 87.0980453491, 87.7482070923, 88.386756897, 89.0253067017, 89.6638565063, 90.3023986816, 90.9525604248, 91.602722168, 92.2412643433, 92.8798141479, 93.5299758911, 94.1685256958, 94.8070755005, 95.4572296143, 96.0957794189, 96.7343292236, 97.3844909668, 98.0230331421, 98.6615829468, 99.3001327515, 99.9386825562, 100.588844299, 101.215782166, 101.865936279, 102.504486084, 103.13142395, 103.746757507, 104.350471497, 104.965805054, 105.581130981, 106.196456909, 106.811790466, 107.438728333, 108.05405426, 108.669387817, 109.284713745, 109.900039673, 110.526985168, 111.142311096, 111.757637024, 112.38457489, 113.011520386, 113.615234375, 114.242172241, 114.857505798, 115.472831726, 116.088157654, 116.715103149, 117.330429077, 117.945755005, 118.561088562, 119.188026428, 119.814964294, 120.430290222, 121.045623779, 121.649337769, 122.264671326, 122.891609192, 123.518547058, 124.133872986, 124.760810852, 125.387756348, 126.003082275, 126.618408203, 127.23374176, 127.849067688, 128.476013184, 129.10295105, 129.729888916, 130.345214844, 130.960540771, 131.564254761, 132.167984009, 132.76008606, 133.352203369, 133.955917358, 134.559631348, 135.151748657, 135.755462646, 136.359176636, 136.951293945, 137.555007935, 138.158721924, 138.762451172, 139.366165161, 139.958267212, 140.550384521, 141.154098511, 141.757827759, 142.361541748, 142.965255737, 143.568969727, 144.172698975, 144.776412964, 145.368530273, 145.960632324, 146.552734375, 147.144851685, 147.748565674, 148.352294922, 148.956008911, 149.5597229, 150.15184021, 150.743942261, 151.34765625, 151.951385498, 152.555099487, 153.158813477, 153.762542725, 154.366256714, 154.969970703, 155.562088013, 156.154190063, 156.757904053, 157.361633301, 157.826034546, 158.290420532, 158.754821777, 159.242446899, 159.730072021, 160.217681885, 160.728515625, 161.216140747, 161.703765869, 162.179763794, 162.667388916, 163.1434021, 163.619400024, 164.107025146, 164.594650269, 165.070648193, 165.535049438, 165.999450684, 166.463851929, 166.928253174, 167.392654419, 167.868652344, 168.344665527, 168.820678711, 169.285079956, 169.749481201, 170.202270508, 170.666656494, 171.131057739, 171.583847046, 172.036636353, 172.501037598, 172.965438843, 173.429840088, 173.894241333, 174.358642578, 174.823028564, 175.28742981, 175.751831055, 176.2162323, 176.680633545, 177.14503479, 177.609436035, 178.073822021, 178.538223267, 179.002624512, 179.467025757, 179.931427002, 180.395828247, 180.860229492, 181.324615479, 181.789016724, 182.253417969, 182.717819214, 183.182220459, 183.646621704, 184.111022949, 184.575408936, 185.039810181, 185.504211426, 185.957000732, 186.421401978, 186.874191284, 187.338592529, 187.802993774, 188.26739502, 188.731781006, 189.196182251, 189.648971558, 190.101760864, 190.554550171, 191.018951416, 191.471740723, 191.936141968, 192.400543213, 192.864944458, 193.329345703, 193.793731689, 194.258132935, 194.699310303, 195.163711548, 195.616500854, 196.069290161, 196.533691406, 196.998092651, 197.462493896, 197.915283203, 198.36807251, 198.832473755, 199.285263062, 199.738052368, 200.202438354, 200.6668396, 201.142852783, 201.618865967, 202.060043335, 202.501220703, 202.965621948, 203.430023193, 203.8828125, 204.335601807, 204.800003052, 205.264389038, 205.717178345, 206.169967651, 206.622756958, 207.087158203, 207.551559448, 208.015960693, 208.480361938, 208.944763184, 209.409164429]
    bpm_estimates: [129.198623657, 129.202865601, 129.198623657, 126.050971985, 126.046928406, 126.050971985, 126.050971985, 129.198623657, 129.198623657, 129.198623657, 129.198623657, 129.198623657, 126.050971985, 126.046928406, 126.046928406, 129.198623657, 129.198623657, 132.511962891, 129.202865601, 129.198623657, 132.511962891, 132.511962891, 129.198623657, 129.198623657, 129.198623657, 129.198623657, 129.198623657, 129.202865601, 129.198623657, 129.198623657, 129.198623657, 129.198623657, 129.198623657, 129.198623657, 129.202865601, 129.198623657, 129.198623657, 129.198623657, 129.198623657, 129.198623657, 129.198623657, 129.202865601, 129.198623657, 129.198623657, 129.198623657, 129.198623657, 129.198623657, 129.198623657, 129.202865601, 129.198623657, 129.198623657, 132.511962891, 129.198623657, 132.511962891, 129.198623657, 129.198623657, 129.198623657, 129.202865601, 129.198623657, 132.511962891, 132.511962891, 132.511962891, 129.198623657, 132.511962891, 129.198623657, 129.198623657, 129.198623657, 129.198623657, 129.202865601, 129.198623657, 129.198623657, 132.511962891, 132.511962891, 129.198623657, 129.198623657, 129.198623657, 132.511962891, 132.511962891, 129.198623657, 132.511962891, 132.511962891, 129.202865601, 129.198623657, 126.046928406, 126.046928406, 129.198623657, 129.198623657, 132.511962891, 132.511962891, 129.198623657, 129.202865601, 132.511962891, 132.511962891, 132.511962891, 129.198623657, 129.198623657, 129.198623657, 129.198623657, 129.198623657, 129.198623657]
