
metadata:
    version:
        essentia: "2.1-beta2"
    audio_properties:
        analysis_sample_rate: 44100
        bitrate: 320
        channels: 2
        equal_loudness: 1
        length: 226.115921021
        replay_gain: -15.6592550278
        downmix: "mix"
    tags:
        album: "The Poison"
        artist: "Bullet For My Valentine"
        comment: ""
        date: ""
        genre: "Metal"
        title: "All These Things I Hate"
        tracknumber: "7"

configuration:
    average_loudness:
        compute: 1
        frameSize: 88200
        hopSize: 44100
        silentFrames: "noise"
        windowType: "hann"
    general:
        analysisSampleRate: 44100
        endTime: 2000
        equalLoudness: 1
        nequalLoudness: 0
        shortSound: 0
        startTime: 0
    lowlevel:
        compute: 1
        frameSize: 2048
        hopSize: 1024
        zeroPadding: 0
        silentFrames: "noise"
        windowType: "blackmanharris62"
        mfccStats: ["mean", "cov", "icov"]
        stats: ["mean", "var", "median", "min", "max", "dmean", "dmean2", "dvar", "dvar2"]
    panning:
        compute: 0
        frameSize: 8192
        hopSize: 2048
        zeroPadding: 8192
        silentFrames: "noise"
        windowType: "hann"
        stats: ["copy"]
    rhythm:
        compute: 1
        maxTempo: 208
        minTempo: 40
        method: "degara"
        stats: ["mean", "var", "median", "min", "max", "dmean", "dmean2", "dvar", "dvar2"]
    segmentation:
        compute: 0
        cpw: 5
        inc1: 300
        inc2: 50
        minimumSegmentsLength: 10
        size1: 1000
        size2: 600
    sfx:
        compute: 1
        stats: ["mean", "var", "median", "min", "max", "dmean", "dmean2", "dvar", "dvar2"]
    svm:
        compute: 0
    tonal:
        compute: 1
        frameSize: 4096
        hopSize: 2048
        zeroPadding: 0
        silentFrames: "noise"
        windowType: "blackmanharris62"
        stats: ["mean", "var", "median", "min", "max", "dmean", "dmean2", "dvar", "dvar2"]

lowlevel:
    average_loudness: 0.885578930378
    barkbands_kurtosis:
        dmean: 0.792570948601
        dmean2: 1.27300167084
        dvar: 1.32883524895
        dvar2: 3.21174240112
        max: 32.5638084412
        mean: -0.410712152719
        median: -0.879517614841
        min: -1.86137914658
        var: 2.74488711357
    barkbands_skewness:
        dmean: 0.430776536465
        dmean2: 0.652730762959
        dvar: 0.168801739812
        dvar2: 0.380939722061
        max: 5.63090753555
        mean: -0.302136003971
        median: -0.421652823687
        min: -3.71232962608
        var: 0.781359255314
    barkbands_spread:
        dmean: 5.30729103088
        dmean2: 8.25881099701
        dvar: 27.5120182037
        dvar2: 65.7809143066
        max: 71.9482955933
        mean: 30.557100296
        median: 29.7862758636
        min: 3.36221694946
        var: 113.687042236
    dissonance:
        dmean: 0.0131022529677
        dmean2: 0.0218956302851
        dvar: 0.00019860912289
        dvar2: 0.000533463666216
        max: 0.500000119209
        mean: 0.474300920963
        median: 0.480534434319
        min: 0.276849925518
        var: 0.000500634429045
    hfc:
        dmean: 2.71783256531
        dmean2: 4.44418621063
        dvar: 12.7281723022
        dvar2: 33.3380737305
        max: 51.5682601929
        mean: 10.490114212
        median: 9.42424488068
        min: 1.12676504869e-016
        var: 48.4295921326
    pitch:
        dmean: 810.445495605
        dmean2: 1559.44287109
        dvar: 1767832.375
        dvar2: 4238075.5
        max: 6040.77978516
        mean: 1413.2623291
        median: 298.617401123
        min: 73.3535385132
        var: 2518286
    pitch_instantaneous_confidence:
        dmean: 0.0816276744008
        dmean2: 0.132233992219
        dvar: 0.00483562191948
        dvar2: 0.0119121018797
        max: 0.90914273262
        mean: 0.446808815002
        median: 0.413668811321
        min: 0.12279099226
        var: 0.0242715273052
    pitch_salience:
        dmean: 0.0619177594781
        dmean2: 0.0994182825089
        dvar: 0.00317393336445
        dvar2: 0.00801340956241
        max: 0.848138511181
        mean: 0.630773067474
        median: 0.648266255856
        min: 0.120632961392
        var: 0.0104484092444
    silence_rate_20dB:
        dmean: 0
        dmean2: 0
        dvar: 0
        dvar2: 0
        max: 1
        mean: 1
        median: 1
        min: 1
        var: 0
    silence_rate_30dB:
        dmean: 0
        dmean2: 0
        dvar: 0
        dvar2: 0
        max: 1
        mean: 1
        median: 1
        min: 1
        var: 0
    silence_rate_60dB:
        dmean: 0.079277060926
        dmean2: 0.158570408821
        dvar: 0.0729931220412
        dvar2: 0.157049134374
        max: 1
        mean: 0.319129288197
        median: 0
        min: 0
        var: 0.217272043228
    spectral_centroid:
        dmean: 304.978759766
        dmean2: 463.652832031
        dvar: 115625.445313
        dvar2: 236044.859375
        max: 11303.0380859
        mean: 2110.02246094
        median: 2175.50610352
        min: 190.70741272
        var: 414975.125
    spectral_complexity:
        dmean: 3.53994655609
        dmean2: 5.69456720352
        dvar: 13.3710956573
        dvar2: 33.6125984192
        max: 51
        mean: 17.2087478638
        median: 17
        min: 0
        var: 96.2123794556
    spectral_crest:
        dmean: 2.12436723709
        dmean2: 3.49108743668
        dvar: 4.5570807457
        dvar2: 11.8396873474
        max: 24.3228988647
        mean: 7.36820650101
        median: 6.35750246048
        min: 2.48876953125
        var: 11.2570829391
    spectral_decrease:
        dmean: 2.63985694415e-010
        dmean2: 4.22079704521e-010
        dvar: 1.20708683182e-019
        dvar2: 3.15444964706e-019
        max: -2.38124295459e-029
        mean: -1.04274211488e-009
        median: -9.68642943633e-010
        min: -4.12308454045e-009
        var: 3.84657673949e-019
    spectral_energy:
        dmean: 0.00120304326992
        dmean2: 0.00193483976182
        dvar: 2.36788650909e-006
        dvar2: 6.20047831035e-006
        max: 0.0186380445957
        mean: 0.00488702673465
        median: 0.00450577307492
        min: 1.03099775393e-020
        var: 8.35344326333e-006
    spectral_energyband_high:
        dmean: 0.000262361514615
        dmean2: 0.000446132646175
        dvar: 1.68327929373e-007
        dvar2: 4.6559964062e-007
        max: 0.00404887320474
        mean: 0.000605696463026
        median: 0.000497352913953
        min: 7.80135038332e-021
        var: 2.81580298633e-007
    spectral_energyband_low:
        dmean: 0.000126669125166
        dmean2: 0.000196355409571
        dvar: 5.74994380997e-008
        dvar2: 1.29687109052e-007
        max: 0.00457875756547
        mean: 0.000263607420493
        median: 0.00015959321172
        min: 5.11535370932e-023
        var: 1.45512998984e-007
    spectral_energyband_middle_high:
        dmean: 0.000735612062272
        dmean2: 0.00115250900853
        dvar: 7.16710246706e-007
        dvar2: 1.75206503172e-006
        max: 0.0148217026144
        mean: 0.0028048553504
        median: 0.00231144623831
        min: 1.47875548646e-021
        var: 4.12879080613e-006
    spectral_energyband_middle_low:
        dmean: 0.000619435682893
        dmean2: 0.000972085108515
        dvar: 1.18953823858e-006
        dvar2: 3.10966720463e-006
        max: 0.0123272128403
        mean: 0.0013227899326
        median: 0.000880641280673
        min: 2.12833914922e-022
        var: 1.89102274817e-006
    spectral_flatness_db:
        dmean: 0.0155458217487
        dmean2: 0.0237436778843
        dvar: 0.000207840043004
        dvar2: 0.000455524976132
        max: 0.381688952446
        mean: 0.163629919291
        median: 0.156577408314
        min: 0.0601981468499
        var: 0.00138244347181
    spectral_flux:
        dmean: 0.00780384754762
        dmean2: 0.0120390569791
        dvar: 6.73473696224e-005
        dvar2: 0.000136476985062
        max: 0.107807211578
        mean: 0.0409528240561
        median: 0.0417682938278
        min: 1.0153806268e-010
        var: 0.000316273188218
    spectral_kurtosis:
        dmean: 0.965799450874
        dmean2: 1.63690423965
        dvar: 1.29855537415
        dvar2: 3.65875244141
        max: 34.8250465393
        mean: 2.6897354126
        median: 2.36927318573
        min: -1.20280408859
        var: 3.88633608818
    spectral_rms:
        dmean: 0.000257046165643
        dmean2: 0.000400864548283
        dvar: 8.14608469568e-008
        dvar2: 2.0115957966e-007
        max: 0.00426420662552
        mean: 0.00206356239505
        median: 0.002096634591
        min: 3.17151621805e-012
        var: 5.09520646119e-007
    spectral_rolloff:
        dmean: 373.962432861
        dmean2: 595.759338379
        dvar: 264376.21875
        dvar2: 520215.40625
        max: 18583.1542969
        mean: 3661.37475586
        median: 3789.84375
        min: 129.19921875
        var: 798910.0625
    spectral_skewness:
        dmean: 0.15554343164
        dmean2: 0.252048015594
        dvar: 0.0243076756597
        dvar2: 0.0589676462114
        max: 3.43852758408
        mean: 1.06504309177
        median: 1.02551114559
        min: -0.0349576771259
        var: 0.116642341018
    spectral_spread:
        dmean: 447953
        dmean2: 639589.4375
        dvar: 431404875776
        dvar2: 636933439488
        max: 41074036
        mean: 4568351
        median: 4287185.5
        min: 802123.625
        var: 2.13813677261e+012
    spectral_strongpeak:
        dmean: 0.60843026638
        dmean2: 1.04273700714
        dvar: 0.650632739067
        dvar2: 1.71106421947
        max: 9.77762031555
        mean: 0.964366972446
        median: 0.694004774094
        min: 4.13728784565e-009
        var: 0.993639349937
    zerocrossingrate:
        dmean: 0.00963560678065
        dmean2: 0.0111017413437
        dvar: 0.000115283226478
        dvar2: 0.000124506696011
        max: 0.48779296875
        mean: 0.113681338727
        median: 0.11669921875
        min: 0.0166015625
        var: 0.000809273857158
    barkbands:
        dmean: [6.11218311519e-008, 3.37941019097e-005, 7.81194539741e-005, 7.74371656007e-005, 0.000218205692363, 0.000104800870758, 0.00016938263434, 0.000130118976813, 0.000171426640009, 0.000179178474355, 7.71159247961e-005, 5.83845321671e-005, 5.14424500579e-005, 6.44395477138e-005, 9.20767997741e-005, 0.00011256133439, 0.000171145671629, 0.000264705449808, 0.000213763734791, 0.00025559408823, 0.000116417984827, 4.85509081045e-005, 1.16407582027e-005, 3.52493748323e-006, 1.36910716719e-006, 3.34788872181e-008, 2.69467143044e-010]
        dmean2: [1.05684605956e-007, 5.44916219951e-005, 0.000122391080367, 0.000119380907563, 0.000369011075236, 0.000172974090674, 0.000260332220932, 0.000209412930417, 0.000258510641288, 0.000279403029708, 0.000121796561871, 9.27295259316e-005, 8.16370884422e-005, 0.000103588063212, 0.000148993785842, 0.000185535551282, 0.000280654290691, 0.000441913405666, 0.000352382921847, 0.000429461622844, 0.000201262868359, 8.2464866864e-005, 1.83886677405e-005, 5.1266229093e-006, 1.95418579096e-006, 4.64108325104e-008, 4.73407812951e-010]
        dvar: [1.54642889884e-014, 4.58796778346e-009, 2.06772359235e-008, 2.54786698406e-008, 4.08492098813e-007, 9.78997718448e-008, 1.67528952488e-007, 1.79878881568e-007, 1.53324265284e-007, 2.18052406353e-007, 5.34184110279e-008, 2.42934721228e-008, 2.00607850331e-008, 2.22683933515e-008, 2.66424287076e-008, 3.51717837077e-008, 5.98229021875e-008, 1.60811424621e-007, 7.88000633634e-008, 1.22862402918e-007, 3.08260794668e-008, 8.3144939822e-009, 4.85913420611e-010, 7.99494428994e-011, 1.36247757868e-011, 1.10973945352e-014, 1.44321665291e-019]
        dvar2: [4.89335202675e-014, 1.15343912199e-008, 4.94927405725e-008, 5.47554215302e-008, 1.12180475753e-006, 2.5125447678e-007, 3.99494126668e-007, 4.36718636365e-007, 3.49280355749e-007, 5.52242170215e-007, 1.22184800944e-007, 6.09034032095e-008, 4.99408869814e-008, 5.60762281054e-008, 6.93945025887e-008, 8.87189841592e-008, 1.60632879442e-007, 4.34045205111e-007, 1.9529161932e-007, 3.28493911184e-007, 8.54111945614e-008, 2.10840376269e-008, 1.03063091395e-009, 1.37841613124e-010, 2.31219886987e-011, 1.92075088473e-014, 4.04966689897e-019]
        max: [1.03955778741e-006, 0.000642823579255, 0.00282303104177, 0.00370417442173, 0.00831365026534, 0.00915034394711, 0.0107699828222, 0.0112231010571, 0.0081304833293, 0.00839936360717, 0.00389528041705, 0.00388984172605, 0.0038547986187, 0.00312759308144, 0.00258909328841, 0.00486920261756, 0.00500447489321, 0.0081839999184, 0.00712111778557, 0.00524086505175, 0.00232826895081, 0.00182296859566, 0.000414937676396, 0.000212715749512, 8.5709427367e-005, 3.91934690924e-006, 6.52719434058e-009]
        mean: [7.13511596473e-008, 5.21251786267e-005, 0.000140174597618, 0.000125883118017, 0.000259544642176, 0.0001451743301, 0.000299840379739, 0.00016396335559, 0.000290858821245, 0.000290056603262, 0.000108452310087, 9.26109642023e-005, 8.02022841526e-005, 0.000101221616205, 0.000162564596394, 0.000221460868488, 0.000343401188729, 0.000569195777643, 0.000524589559063, 0.000556021637749, 0.000241117319092, 8.62869201228e-005, 2.26698994084e-005, 7.06071523382e-006, 2.4267221761e-006, 5.74986991353e-008, 3.05203778916e-010]
        median: [5.41280797961e-009, 2.2356167392e-005, 6.72982496326e-005, 4.90415259264e-005, 0.000116584466014, 6.09698508924e-005, 8.55249600136e-005, 4.25021207775e-005, 8.89696020749e-005, 6.37695920886e-005, 2.16648186324e-005, 3.34617070621e-005, 2.77015915344e-005, 3.79026932933e-005, 5.86280657444e-005, 0.000139884461532, 0.000233720202232, 0.000379435135983, 0.00046125499648, 0.000414581387304, 0.000208131692489, 5.7829238358e-005, 1.32450977617e-005, 2.95817767437e-006, 7.763644021e-007, 1.49385144255e-008, 1.3646150876e-010]
        min: [8.18957723692e-025, 2.09871426679e-023, 2.31170040031e-023, 1.03238920864e-023, 2.20739342489e-023, 3.70422859355e-023, 2.94441701785e-023, 5.66982920902e-023, 3.51160958643e-023, 1.37960589431e-022, 4.81272300025e-023, 9.99371277678e-023, 1.93502430367e-022, 1.30418435467e-022, 5.74948838322e-023, 1.13898438556e-022, 1.17707046384e-022, 3.45843057954e-022, 1.67893215971e-022, 2.08935528412e-022, 5.6770565633e-022, 6.35629988149e-022, 6.16338211696e-022, 8.48134272809e-022, 1.04178894702e-021, 1.90106966034e-021, 2.20984511623e-021]
        var: [1.7676337553e-014, 6.30146557157e-009, 4.67844429863e-008, 5.65062343583e-008, 3.22962989685e-007, 9.86785977375e-008, 4.95711219628e-007, 2.3599707788e-007, 3.46038035559e-007, 3.94760490963e-007, 9.29310530751e-008, 4.1269860418e-008, 3.10522239033e-008, 3.49362316854e-008, 6.0560857662e-008, 8.12170526387e-008, 1.38323059673e-007, 3.77730771106e-007, 2.22737980948e-007, 2.77113969105e-007, 4.77543160571e-008, 1.1768931607e-008, 1.05905206826e-009, 2.31770255765e-010, 3.7276019077e-011, 2.96632225619e-014, 2.22875699343e-019]
    frequency_bands:
        dmean: [6.11218311519e-008, 3.37941019097e-005, 7.81194539741e-005, 7.74371656007e-005, 0.000218205692363, 0.000104800870758, 0.00016938263434, 0.000130118976813, 0.000171426640009, 0.000179178474355, 7.71159247961e-005, 5.83845321671e-005, 5.14424500579e-005, 6.44395477138e-005, 9.20767997741e-005, 0.00011256133439, 0.000171145671629, 0.000264705449808, 0.000213763734791, 0.00025559408823, 0.000116417984827, 4.85509081045e-005, 1.16407582027e-005, 3.52493748323e-006, 1.36910716719e-006, 3.34788872181e-008, 2.69467143044e-010, 5.97074958919e-011]
        dmean2: [1.05684605956e-007, 5.44916219951e-005, 0.000122391080367, 0.000119380907563, 0.000369011075236, 0.000172974090674, 0.000260332220932, 0.000209412930417, 0.000258510641288, 0.000279403029708, 0.000121796561871, 9.27295259316e-005, 8.16370884422e-005, 0.000103588063212, 0.000148993785842, 0.000185535551282, 0.000280654290691, 0.000441913405666, 0.000352382921847, 0.000429461622844, 0.000201262868359, 8.2464866864e-005, 1.83886677405e-005, 5.1266229093e-006, 1.95418579096e-006, 4.64108325104e-008, 4.73407812951e-010, 1.11339402975e-010]
        dvar: [1.54642889884e-014, 4.58796778346e-009, 2.06772359235e-008, 2.54786698406e-008, 4.08492098813e-007, 9.78997718448e-008, 1.67528952488e-007, 1.79878881568e-007, 1.53324265284e-007, 2.18052406353e-007, 5.34184110279e-008, 2.42934721228e-008, 2.00607850331e-008, 2.22683933515e-008, 2.66424287076e-008, 3.51717837077e-008, 5.98229021875e-008, 1.60811424621e-007, 7.88000633634e-008, 1.22862402918e-007, 3.08260794668e-008, 8.3144939822e-009, 4.85913420611e-010, 7.99494428994e-011, 1.36247757868e-011, 1.10973945352e-014, 1.44321665291e-019, 7.82433372588e-021]
        dvar2: [4.89335202675e-014, 1.15343912199e-008, 4.94927405725e-008, 5.47554215302e-008, 1.12180475753e-006, 2.5125447678e-007, 3.99494126668e-007, 4.36718636365e-007, 3.49280355749e-007, 5.52242170215e-007, 1.22184800944e-007, 6.09034032095e-008, 4.99408869814e-008, 5.60762281054e-008, 6.93945025887e-008, 8.87189841592e-008, 1.60632879442e-007, 4.34045205111e-007, 1.9529161932e-007, 3.28493911184e-007, 8.54111945614e-008, 2.10840376269e-008, 1.03063091395e-009, 1.37841613124e-010, 2.31219886987e-011, 1.92075088473e-014, 4.04966689897e-019, 2.51314417603e-020]
        max: [1.03955778741e-006, 0.000642823579255, 0.00282303104177, 0.00370417442173, 0.00831365026534, 0.00915034394711, 0.0107699828222, 0.0112231010571, 0.0081304833293, 0.00839936360717, 0.00389528041705, 0.00388984172605, 0.0038547986187, 0.00312759308144, 0.00258909328841, 0.00486920261756, 0.00500447489321, 0.0081839999184, 0.00712111778557, 0.00524086505175, 0.00232826895081, 0.00182296859566, 0.000414937676396, 0.000212715749512, 8.5709427367e-005, 3.91934690924e-006, 6.52719434058e-009, 1.4773953172e-009]
        mean: [7.13511596473e-008, 5.21251786267e-005, 0.000140174597618, 0.000125883118017, 0.000259544642176, 0.0001451743301, 0.000299840379739, 0.00016396335559, 0.000290858821245, 0.000290056603262, 0.000108452310087, 9.26109642023e-005, 8.02022841526e-005, 0.000101221616205, 0.000162564596394, 0.000221460868488, 0.000343401188729, 0.000569195777643, 0.000524589559063, 0.000556021637749, 0.000241117319092, 8.62869201228e-005, 2.26698994084e-005, 7.06071523382e-006, 2.4267221761e-006, 5.74986991353e-008, 3.05203778916e-010, 4.62430545245e-011]
        median: [5.41280797961e-009, 2.2356167392e-005, 6.72982496326e-005, 4.90415259264e-005, 0.000116584466014, 6.09698508924e-005, 8.55249600136e-005, 4.25021207775e-005, 8.89696020749e-005, 6.37695920886e-005, 2.16648186324e-005, 3.34617070621e-005, 2.77015915344e-005, 3.79026932933e-005, 5.86280657444e-005, 0.000139884461532, 0.000233720202232, 0.000379435135983, 0.00046125499648, 0.000414581387304, 0.000208131692489, 5.7829238358e-005, 1.32450977617e-005, 2.95817767437e-006, 7.763644021e-007, 1.49385144255e-008, 1.3646150876e-010, 1.58306284748e-011]
        min: [8.18957723692e-025, 2.09871426679e-023, 2.31170040031e-023, 1.03238920864e-023, 2.20739342489e-023, 3.70422859355e-023, 2.94441701785e-023, 5.66982920902e-023, 3.51160958643e-023, 1.37960589431e-022, 4.81272300025e-023, 9.99371277678e-023, 1.93502430367e-022, 1.30418435467e-022, 5.74948838322e-023, 1.13898438556e-022, 1.17707046384e-022, 3.45843057954e-022, 1.67893215971e-022, 2.08935528412e-022, 5.6770565633e-022, 6.35629988149e-022, 6.16338211696e-022, 8.48134272809e-022, 1.04178894702e-021, 1.90106966034e-021, 2.20984511623e-021, 6.32118055129e-022]
        var: [1.7676337553e-014, 6.30146557157e-009, 4.67844429863e-008, 5.65062343583e-008, 3.22962989685e-007, 9.86785977375e-008, 4.95711219628e-007, 2.3599707788e-007, 3.46038035559e-007, 3.94760490963e-007, 9.29310530751e-008, 4.1269860418e-008, 3.10522239033e-008, 3.49362316854e-008, 6.0560857662e-008, 8.12170526387e-008, 1.38323059673e-007, 3.77730771106e-007, 2.22737980948e-007, 2.77113969105e-007, 4.77543160571e-008, 1.1768931607e-008, 1.05905206826e-009, 2.31770255765e-010, 3.7276019077e-011, 2.96632225619e-014, 2.22875699343e-019, 6.1901111983e-021]
    mfcc:
        mean: [-706.645202637, 80.0286178589, -54.894405365, 52.6591453552, -25.6020259857, -10.5721149445, -7.94393253326, -0.370452851057, -3.77462506294, -4.51464748383, -6.65033578873, -7.93045043945, -5.64621400833]
        cov: [[4688.91210938, 129.924255371, -142.190322876, 474.494293213, 12.6957569122, 167.335739136, 65.432220459, 228.754180908, 179.847122192, 221.32409668, 60.0634422302, 31.7418518066, 36.9588928223], [129.924255371, 663.768005371, -173.148757935, 134.474960327, -42.032081604, 16.556230545, 88.3295516968, 19.8311100006, 6.54069805145, 5.5320649147, 37.3076286316, 4.91068029404, 16.6260604858], [-142.190322876, -173.148757935, 657.736572266, 103.977607727, 178.918792725, 92.3918380737, 50.0799331665, 25.1649131775, 12.8050708771, 17.4006786346, 39.3108406067, 81.4595413208, 60.0578155518], [474.494293213, 134.474960327, 103.977607727, 488.414855957, 195.411453247, 95.5646057129, 41.7909431458, 25.7767333984, 126.295135498, 35.4413719177, 54.559047699, 65.5249862671, 54.784412384], [12.6957569122, -42.032081604, 178.918792725, 195.411453247, 311.545532227, 69.8162765503, 12.3847141266, 35.3123474121, 89.5940933228, 54.1532325745, 26.6585712433, 52.6458892822, 28.6359233856], [167.335739136, 16.556230545, 92.3918380737, 95.5646057129, 69.8162765503, 229.196884155, 155.045150757, 79.7391052246, 51.5608787537, 26.1561603546, 32.1983184814, 11.8787822723, 5.90694379807], [65.432220459, 88.3295516968, 50.0799331665, 41.7909431458, 12.3847141266, 155.045150757, 232.029495239, 104.996894836, 49.0914230347, 13.0914325714, 36.1791229248, 19.0751686096, 16.6753807068], [228.754180908, 19.8311100006, 25.1649131775, 25.7767333984, 35.3123474121, 79.7391052246, 104.996894836, 167.840820313, 75.6054153442, 62.1952781677, 17.9208297729, 12.1580629349, 15.0556020737], [179.847122192, 6.54069805145, 12.8050708771, 126.295135498, 89.5940933228, 51.5608787537, 49.0914230347, 75.6054153442, 166.202819824, 72.4550704956, 31.9792881012, 10.9831342697, 3.92994594574], [221.32409668, 5.5320649147, 17.4006786346, 35.4413719177, 54.1532325745, 26.1561603546, 13.0914325714, 62.1952781677, 72.4550704956, 150.020172119, 47.3144721985, 25.084646225, 2.65726900101], [60.0634422302, 37.3076286316, 39.3108406067, 54.559047699, 26.6585712433, 32.1983184814, 36.1791229248, 17.9208297729, 31.9792881012, 47.3144721985, 90.2362213135, 51.0102386475, 24.6307296753], [31.7418518066, 4.91068029404, 81.4595413208, 65.5249862671, 52.6458892822, 11.8787822723, 19.0751686096, 12.1580629349, 10.9831342697, 25.084646225, 51.0102386475, 102.968406677, 58.5359039307], [36.9588928223, 16.6260604858, 60.0578155518, 54.784412384, 28.6359233856, 5.90694379807, 16.6753807068, 15.0556020737, 3.92994594574, 2.65726900101, 24.6307296753, 58.5359039307, 96.8012237549]]
        icov: [[0.000289738090942, 5.47670206288e-005, 8.70310832397e-005, -0.000422015960794, 0.00029699751758, -0.000173675856786, 0.000205833275686, -0.000398420495912, 0.000157343136379, -0.000384114828194, 0.000114361726446, 1.70621206053e-005, -2.11977185245e-005], [5.47670206288e-005, 0.00210536643863, 0.000650599016808, -0.00109998695552, 0.000258553161984, 0.000772523984779, -0.00136687420309, -5.20722824149e-005, 0.000971160246991, -0.000397319701733, -0.00072649854701, 0.000602109648753, -0.000251455465332], [8.70310832397e-005, 0.000650599016808, 0.002239653375, -0.00026964355493, -0.0009604896768, -0.000422020966653, -0.000372478214558, -8.59768406372e-005, 0.000847877527121, -6.01687497692e-005, -0.000283991103061, -0.000657320546452, -0.000557506922632], [-0.000422015960794, -0.00109998695552, -0.00026964355493, 0.00466459291056, -0.00191007030662, -0.00131149915978, 0.00082992692478, 0.00152703479398, -0.00304794870317, 0.00161686481442, -0.000478588161059, -0.00101863534655, -0.00104086229112], [0.00029699751758, 0.000258553161984, -0.0009604896768, -0.00191007030662, 0.0060762129724, -0.0013651518384, 0.00142270012293, -0.000443864963017, -0.00153094669804, -0.00124338455498, 0.00161095755175, -0.00187654641923, 0.000450024148449], [-0.000173675856786, 0.000772523984779, -0.000422020966653, -0.00131149915978, -0.0013651518384, 0.0100146904588, -0.00663753179833, -0.000392169546103, 0.00125532248057, -0.000490640755743, -0.00128238240723, 0.00207324465737, 0.000969938933849], [0.000205833275686, -0.00136687420309, -0.000372478214558, 0.00082992692478, 0.00142270012293, -0.00663753179833, 0.0117698125541, -0.00469948677346, -0.00155653746333, 0.00271272403188, -0.00183120078873, -0.00132889614906, -0.000136601127451], [-0.000398420495912, -5.20722824149e-005, -8.59768406372e-005, 0.00152703479398, -0.000443864963017, -0.000392169546103, -0.00469948677346, 0.0122201675549, -0.00357643933967, -0.00326135195792, 0.002717893105, -0.000133908863063, -0.00196150550619], [0.000157343136379, 0.000971160246991, 0.000847877527121, -0.00304794870317, -0.00153094669804, 0.00125532248057, -0.00155653746333, -0.00357643933967, 0.012269902043, -0.00347584788688, -0.00187838997226, 0.00261063780636, 0.000669300905429], [-0.000384114828194, -0.000397319701733, -6.01687497692e-005, 0.00161686481442, -0.00124338455498, -0.000490640755743, 0.00271272403188, -0.00326135195792, -0.00347584788688, 0.0120355105028, -0.00531961815432, -0.00111077050678, 0.00161083554849], [0.000114361726446, -0.00072649854701, -0.000283991103061, -0.000478588161059, 0.00161095755175, -0.00128238240723, -0.00183120078873, 0.002717893105, -0.00187838997226, -0.00531961815432, 0.02028176561, -0.00896854698658, 0.000507558113895], [1.70621206053e-005, 0.000602109648753, -0.000657320546452, -0.00101863534655, -0.00187654641923, 0.00207324465737, -0.00132889614906, -0.000133908863063, 0.00261063780636, -0.00111077050678, -0.00896854698658, 0.0215262081474, -0.00925768259913], [-2.11977185245e-005, -0.000251455465332, -0.000557506922632, -0.00104086229112, 0.000450024148449, 0.000969938933849, -0.000136601127451, -0.00196150550619, 0.000669300905429, 0.00161083554849, 0.000507558113895, -0.00925768259913, 0.0168505888432]]
    sccoeffs:
        dmean: [0.0524622090161, 0.0495860762894, 0.0428170114756, 0.0330902375281, 0.0231626294553, 0.0183075424284]
        dmean2: [0.0844738185406, 0.0784160792828, 0.0672190412879, 0.0521773695946, 0.0367860905826, 0.0280557554215]
        dvar: [0.00201721792109, 0.00172662432306, 0.00127418339252, 0.000714765803423, 0.00036695424933, 0.00028017553268]
        dvar2: [0.00497308466583, 0.0041784257628, 0.00299048866145, 0.00173379085027, 0.000842811190523, 0.000599675287958]
        max: [-0.291386932135, -0.392334222794, -0.452363580465, -0.50773859024, -0.562415599823, -0.554002404213]
        mean: [-0.626120209694, -0.718100130558, -0.730120837688, -0.759706616402, -0.772571146488, -0.722511231899]
        median: [-0.638231217861, -0.732072591782, -0.736546337605, -0.764838397503, -0.778956115246, -0.717958033085]
        min: [-0.955170869827, -0.962956488132, -0.967399895191, -0.967527925968, -0.95454287529, -0.960715055466]
        var: [0.00798099674284, 0.00793288834393, 0.00641916086897, 0.00336924917065, 0.00190250470769, 0.00218720105477]
    scvalleys:
        dmean: [0.432308763266, 0.372940212488, 0.317040830851, 0.261464893818, 0.233595699072, 0.286419183016]
        dmean2: [0.673284888268, 0.595306992531, 0.498014092445, 0.40403547883, 0.351521521807, 0.407624334097]
        dvar: [0.163760244846, 0.125819191337, 0.0900063887239, 0.0672482177615, 0.0690928399563, 0.142511293292]
        dvar2: [0.340734899044, 0.279234021902, 0.179100945592, 0.131079182029, 0.131805866957, 0.270531445742]
        max: [-5.5263967514, -4.46215343475, -5.00581169128, -5.76724863052, -5.41337490082, -7.4418926239]
        mean: [-7.77655172348, -7.04203081131, -7.35713529587, -7.53650903702, -6.94038057327, -9.66641235352]
        median: [-7.25732517242, -6.84548902512, -7.1985578537, -7.30396223068, -6.54663801193, -9.49765586853]
        min: [-27.4129276276, -27.1382770538, -27.1079311371, -27.0173397064, -27.4724693298, -27.2395133972]
        var: [2.07602381706, 1.23223602772, 1.13641095161, 1.2261852026, 1.35802173615, 1.3930567503]

rhythm:
    beats_loudness:
        dmean: 0.0015621453058
        dmean2: 0.00267587741837
        dvar: 1.77119284217e-006
        dvar2: 5.01662498209e-006
        max: 0.0144138494506
        mean: 0.00524838315323
        median: 0.00515151582658
        min: 3.41554423633e-010
        var: 5.89961882724e-006
    bpm: 125.343009949
    bpm_confidence: 0
    first_peak_bpm: 126
    first_peak_spread: 0.310344874859
    first_peak_weight: 0.625
    onset_rate: 2.99403953552
    second_peak_bpm: 185
    second_peak_spread: 0
    second_peak_weight: 0.0333333350718
    beats_loudness_band_ratio:
        dmean: [0.0996444374323, 0.144668892026, 0.152088373899, 0.107212387025, 0.132223770022, 0.118927828968]
        dmean2: [0.177388608456, 0.266850531101, 0.266718626022, 0.192563787103, 0.237946584821, 0.206261649728]
        dvar: [0.00755324820057, 0.018428530544, 0.0240127071738, 0.0175828151405, 0.0123948594555, 0.00867734849453]
        dvar2: [0.0220790728927, 0.0506798587739, 0.069517493248, 0.0501258559525, 0.0373335890472, 0.025626745075]
        max: [0.770380496979, 0.615076303482, 0.845444440842, 0.793492436409, 0.781248569489, 0.663591623306]
        mean: [0.119045376778, 0.127400249243, 0.183983325958, 0.114015266299, 0.251357465982, 0.257433176041]
        median: [0.0981593057513, 0.071550399065, 0.119954906404, 0.0554320812225, 0.238594666123, 0.239373371005]
        min: [5.60142943868e-005, 0.00123979104683, 0.00658958731219, 0.00573532283306, 0.0262850895524, 0.0097277816385]
        var: [0.0111070116982, 0.0173889622092, 0.0275417119265, 0.0174299646169, 0.0167717300355, 0.0140013741329]
    beats_position: [0.441179126501, 0.905578196049, 1.38158726692, 1.8575963974, 2.33360528946, 2.80961441994, 3.29723358154, 3.7732424736, 4.2492518425, 4.72526073456, 5.20126962662, 5.67727899551, 6.15328788757, 6.64090681076, 7.12852573395, 7.60453510284, 8.08054447174, 8.56816291809, 9.04417228699, 9.52018165588, 9.99619007111, 10.4838094711, 10.95981884, 11.4358272552, 11.9118366241, 12.387845993, 12.8638544083, 13.3514738083, 13.8274831772, 14.3034915924, 14.7795009613, 15.2555103302, 15.7431287766, 16.2307472229, 16.7067565918, 17.1827659607, 17.6587753296, 18.1347846985, 18.6107940674, 19.0868015289, 19.574420929, 20.062040329, 20.5380496979, 21.0256690979, 21.5016784668, 21.9892959595, 22.4536952972, 22.918094635, 23.3941040039, 23.8817234039, 24.369342804, 24.8453502655, 25.3213596344, 25.7973690033, 26.2849884033, 26.7609977722, 27.2370071411, 27.7130146027, 28.1890239716, 28.6650333405, 29.1410427094, 29.6286621094, 30.1046714783, 30.5806789398, 31.0682983398, 31.5443077087, 32.0203170776, 32.5079345703, 32.9723358154, 33.4599533081, 33.9475746155, 34.4235839844, 34.8995895386, 35.3872108459, 35.8632202148, 36.3392295837, 36.8152389526, 37.2912483215, 37.7672538757, 38.2432632446, 38.7192726135, 39.1952819824, 39.6712913513, 40.1473007202, 40.6233100891, 41.099319458, 41.5869369507, 42.0745582581, 42.550567627, 43.0265769958, 43.5141944885, 43.9902038574, 44.4662132263, 44.9306106567, 45.4066200256, 45.8826293945, 46.3702468872, 46.8462562561, 47.322265625, 47.7982749939, 48.2742843628, 48.7619056702, 49.2379112244, 49.7139205933, 50.2015419006, 50.6891593933, 51.1767807007, 51.6643981934, 52.1287956238, 52.6048049927, 53.0808143616, 53.5684356689, 54.0560531616, 54.5320625305, 55.0080718994, 55.4840812683, 55.9600906372, 56.4361000061, 56.912109375, 57.3881187439, 57.8641242981, 58.3517456055, 58.8277549744, 59.315372467, 59.7913818359, 60.2673912048, 60.7434005737, 61.2194099426, 61.6954193115, 62.1830368042, 62.6590461731, 63.135055542, 63.6110649109, 64.0870742798, 64.5514755249, 65.0274810791, 65.5150985718, 66.0027160645, 66.478729248, 66.9663467407, 67.4539642334, 67.929977417, 68.4059829712, 68.8819961548, 69.358001709, 69.8456192017, 70.3100204468, 70.7860336304, 71.273651123, 71.7612686157, 72.2372741699, 72.7132873535, 73.1892929077, 73.6653060913, 74.1413116455, 74.6289291382, 75.1165542603, 75.5925598145, 76.068572998, 76.5445785522, 77.0205917358, 77.49659729, 77.9726028442, 78.4602279663, 78.9362335205, 79.4122467041, 79.8882522583, 80.3642578125, 80.8518829346, 81.3278884888, 81.8039016724, 82.2799072266, 82.7559204102, 83.2319259644, 83.7079315186, 84.1955566406, 84.6831741333, 85.1591796875, 85.6351928711, 86.1111984253, 86.5872116089, 87.0748291016, 87.5508346558, 88.0268478394, 88.514465332, 88.9904708862, 89.4664840698, 89.942489624, 90.4185028076, 90.8945083618, 91.3705215454, 91.8581390381, 92.3457565308, 92.8217697144, 93.2977752686, 93.7737884521, 94.2497940063, 94.7257995605, 95.2018127441, 95.6778182983, 96.1538314819, 96.6298370361, 97.1058502197, 97.5934677124, 98.0694732666, 98.5454864502, 99.0214920044, 99.497505188, 99.9851226807, 100.472740173, 100.960357666, 101.43637085, 101.912376404, 102.388389587, 102.864395142, 103.340408325, 103.816413879, 104.304031372, 104.780044556, 105.25605011, 105.732063293, 106.208068848, 106.69568634, 107.171699524, 107.647705078, 108.123718262, 108.599723816, 109.075737, 109.563354492, 110.039360046, 110.526985168, 111.002990723, 111.479003906, 111.95500946, 112.431015015, 112.907028198, 113.383033752, 113.870658875, 114.346664429, 114.822669983, 115.310295105, 115.797912598, 116.28553009, 116.761543274, 117.237548828, 117.713554382, 118.189567566, 118.677185059, 119.153198242, 119.629203796, 120.116821289, 120.592834473, 121.068840027, 121.533241272, 122.020858765, 122.508476257, 122.984489441, 123.460494995, 123.92489624, 124.412513733, 124.888526917, 125.364532471, 125.852149963, 126.328163147, 126.804168701, 127.280181885, 127.756187439, 128.243804932, 128.731430054, 129.207427979, 129.683441162, 130.147842407, 130.623855591, 131.111465454, 131.587478638, 132.07510376, 132.551101685, 133.027114868, 133.503128052, 133.990753174, 134.466751099, 134.942764282, 135.418777466, 135.906387329, 136.382400513, 136.858413696, 137.34602356, 137.822036743, 138.298049927, 138.78565979, 139.261672974, 139.749298096, 140.225296021, 140.689697266, 141.177322388, 141.653335571, 142.129333496, 142.60534668, 143.081359863, 143.557373047, 144.033370972, 144.509384155, 144.985397339, 145.473007202, 145.960632324, 146.436645508, 146.912643433, 147.388656616, 147.8646698, 148.352294922, 148.828292847, 149.30430603, 149.791931152, 150.279541016, 150.778778076, 151.277999878, 151.777236938, 152.27645874, 152.775695801, 153.251693726, 153.727706909, 154.203720093, 154.691329956, 155.16734314, 155.654968262, 156.130966187, 156.60697937, 157.082992554, 157.570602417, 158.046615601, 158.522628784, 159.010253906, 159.486251831, 159.962265015, 160.449890137, 160.949111938, 161.448348999, 161.947570801, 162.446792603, 162.946029663, 163.445251465, 163.944488525, 164.443710327, 164.931335449, 165.418960571, 165.894958496, 166.37097168, 166.846984863, 167.322982788, 167.798995972, 168.275009155, 168.762634277, 169.250244141, 169.737869263, 170.213867188, 170.689880371, 171.165893555, 171.641906738, 172.117904663, 172.593917847, 173.081542969, 173.557540894, 174.033554077, 174.509567261, 174.985580444, 175.473190308, 175.949203491, 176.425216675, 176.912826538, 177.388839722, 177.864852905, 178.34085083, 178.816864014, 179.292877197, 179.768890381, 180.256500244, 180.732513428, 181.208526611, 181.684524536, 182.16053772, 182.636550903, 183.112564087, 183.60017395, 184.087799072, 184.563812256, 185.051422119, 185.527435303, 186.003448486, 186.479446411, 186.955459595, 187.431472778, 187.907485962, 188.383483887, 188.85949707, 189.335510254, 189.823120117, 190.310745239, 190.786758423, 191.262756348, 191.75038147, 192.238006592, 192.714004517, 193.1900177, 193.666030884, 194.142044067, 194.629653931, 195.117279053, 195.593276978, 196.069290161, 196.545303345, 197.021316528, 197.485717773, 197.961715698, 198.44934082, 198.925354004, 199.412963867, 199.888977051, 200.376602173, 200.852600098, 201.328613281, 201.804626465, 202.28062439, 202.756637573, 203.244262695, 203.731872559, 204.207885742, 204.695510864, 205.171508789, 205.635910034, 206.111923218, 206.587936401, 207.075546265, 207.563171387, 208.03918457, 208.515182495, 208.991195679, 209.467208862, 209.943222046, 210.419219971, 210.906845093, 211.371246338, 211.847259521, 212.323257446, 212.810882568, 213.298492432, 213.774505615, 214.250518799, 214.726531982, 215.190933228, 215.51600647, 215.85269165, 216.177780151, 216.502853394, 216.816329956, 217.12979126, 217.431655884, 217.733505249, 218.05859375, 218.383666992, 218.708755493, 219.033828735, 219.347290039, 219.67237854, 219.985839844, 220.310928345, 220.636001587, 220.949478149, 221.274551392, 221.588027954, 221.913101196, 222.226577759, 222.540039063, 222.865127563, 223.190200806, 223.515274048, 223.840362549, 224.177047729, 224.51373291, 224.85043335, 225.18711853, 225.523803711]
