
metadata:
    version:
        essentia: "2.1-beta2"
    audio_properties:
        analysis_sample_rate: 44100
        bitrate: 320
        channels: 2
        equal_loudness: 1
        length: 219.506942749
        replay_gain: -15.9352321625
        downmix: "mix"
    tags:
        album: "The Poison"
        artist: "Bullet For My Valentine"
        comment: ""
        date: ""
        genre: "Metal"
        title: "The Poison"
        tracknumber: "10"

configuration:
    average_loudness:
        compute: 1
        frameSize: 88200
        hopSize: 44100
        silentFrames: "noise"
        windowType: "hann"
    general:
        analysisSampleRate: 44100
        endTime: 2000
        equalLoudness: 1
        nequalLoudness: 0
        shortSound: 0
        startTime: 0
    lowlevel:
        compute: 1
        frameSize: 2048
        hopSize: 1024
        zeroPadding: 0
        silentFrames: "noise"
        windowType: "blackmanharris62"
        mfccStats: ["mean", "cov", "icov"]
        stats: ["mean", "var", "median", "min", "max", "dmean", "dmean2", "dvar", "dvar2"]
    panning:
        compute: 0
        frameSize: 8192
        hopSize: 2048
        zeroPadding: 8192
        silentFrames: "noise"
        windowType: "hann"
        stats: ["copy"]
    rhythm:
        compute: 1
        maxTempo: 208
        minTempo: 40
        method: "degara"
        stats: ["mean", "var", "median", "min", "max", "dmean", "dmean2", "dvar", "dvar2"]
    segmentation:
        compute: 0
        cpw: 5
        inc1: 300
        inc2: 50
        minimumSegmentsLength: 10
        size1: 1000
        size2: 600
    sfx:
        compute: 1
        stats: ["mean", "var", "median", "min", "max", "dmean", "dmean2", "dvar", "dvar2"]
    svm:
        compute: 0
    tonal:
        compute: 1
        frameSize: 4096
        hopSize: 2048
        zeroPadding: 0
        silentFrames: "noise"
        windowType: "blackmanharris62"
        stats: ["mean", "var", "median", "min", "max", "dmean", "dmean2", "dvar", "dvar2"]

lowlevel:
    average_loudness: 0.933139204979
    barkbands_kurtosis:
        dmean: 0.864340603352
        dmean2: 1.43068146706
        dvar: 1.3650277853
        dvar2: 3.43786096573
        max: 23.6498184204
        mean: -0.217847958207
        median: -0.576848208904
        min: -1.89984738827
        var: 2.26664233208
    barkbands_skewness:
        dmean: 0.415882021189
        dmean2: 0.646647572517
        dvar: 0.161787569523
        dvar2: 0.3787111938
        max: 4.85079479218
        mean: -0.727073431015
        median: -0.790679931641
        min: -3.74328660965
        var: 0.498771101236
    barkbands_spread:
        dmean: 6.05272197723
        dmean2: 9.75646686554
        dvar: 32.7050437927
        dvar2: 84.018081665
        max: 73.3202209473
        mean: 32.3851623535
        median: 31.2283344269
        min: 4.3095498085
        var: 99.3639526367
    dissonance:
        dmean: 0.00988402962685
        dmean2: 0.0167668368667
        dvar: 0.000101568773971
        dvar2: 0.000261133536696
        max: 0.5
        mean: 0.483387440443
        median: 0.486877828836
        min: 0.217483609915
        var: 0.000179585025762
    hfc:
        dmean: 3.91936612129
        dmean2: 6.66784286499
        dvar: 23.5333652496
        dvar2: 64.6100311279
        max: 52.0126113892
        mean: 13.3231554031
        median: 12.3281450272
        min: 1.11325235855e-016
        var: 43.9774742126
    pitch:
        dmean: 934.031921387
        dmean2: 1788.88793945
        dvar: 1820672.625
        dvar2: 4252140
        max: 5144.51416016
        mean: 1902.77905273
        median: 1116.46166992
        min: 73.4575958252
        var: 2654646.75
    pitch_instantaneous_confidence:
        dmean: 0.0790565982461
        dmean2: 0.130058601499
        dvar: 0.00417205458507
        dvar2: 0.0105785457417
        max: 0.96340739727
        mean: 0.38596072793
        median: 0.36995947361
        min: 0.115872442722
        var: 0.0155521128327
    pitch_salience:
        dmean: 0.0568752363324
        dmean2: 0.0906208604574
        dvar: 0.00295459711924
        dvar2: 0.00696210470051
        max: 0.871760368347
        mean: 0.670799791813
        median: 0.688151299953
        min: 0.152492120862
        var: 0.00714352121577
    silence_rate_20dB:
        dmean: 0
        dmean2: 0
        dvar: 0
        dvar2: 0
        max: 1
        mean: 1
        median: 1
        min: 1
        var: 0
    silence_rate_30dB:
        dmean: 0
        dmean2: 0
        dvar: 0
        dvar2: 0
        max: 1
        mean: 1
        median: 1
        min: 1
        var: 0
    silence_rate_60dB:
        dmean: 0.0621958971024
        dmean2: 0.12440495193
        dvar: 0.0583260506392
        dvar2: 0.133484393358
        max: 1
        mean: 0.10523532331
        median: 0
        min: 0
        var: 0.0941544547677
    spectral_centroid:
        dmean: 298.218017578
        dmean2: 466.807037354
        dvar: 95582.7578125
        dvar2: 213381.375
        max: 10994.1621094
        mean: 2339.40429688
        median: 2383.15649414
        min: 244.052886963
        var: 250906.453125
    spectral_complexity:
        dmean: 4.81997060776
        dmean2: 7.65132761002
        dvar: 19.1983337402
        dvar2: 45.5968742371
        max: 49
        mean: 22.3198299408
        median: 23
        min: 0
        var: 63.3573379517
    spectral_crest:
        dmean: 1.7759193182
        dmean2: 2.9501285553
        dvar: 2.97434163094
        dvar2: 7.57955217361
        max: 21.7207870483
        mean: 6.35732221603
        median: 5.71896409988
        min: 2.4980711937
        var: 6.22104549408
    spectral_decrease:
        dmean: 3.04749309121e-010
        dmean2: 5.06368447173e-010
        dvar: 1.27865475691e-019
        dvar2: 3.41988104888e-019
        max: -1.29866190411e-028
        mean: -1.17976528546e-009
        median: -1.12150688736e-009
        min: -3.58534779643e-009
        var: 2.56018655139e-019
    spectral_energy:
        dmean: 0.00146789406426
        dmean2: 0.00246162735857
        dvar: 2.91656670015e-006
        dvar2: 7.84408803156e-006
        max: 0.0168577060103
        mean: 0.00566116021946
        median: 0.00536027690396
        min: 1.05876775805e-020
        var: 5.87612339586e-006
    spectral_energyband_high:
        dmean: 0.000393174705096
        dmean2: 0.000689011241775
        dvar: 2.8452478773e-007
        dvar2: 7.95099140305e-007
        max: 0.00461039040238
        mean: 0.000842116016429
        median: 0.000683221849613
        min: 7.76503602351e-021
        var: 3.51565290657e-007
    spectral_energyband_low:
        dmean: 0.000246670853812
        dmean2: 0.00039456030936
        dvar: 1.33902332777e-007
        dvar2: 3.21541733683e-007
        max: 0.00637982878834
        mean: 0.000471758161439
        median: 0.000354481046088
        min: 4.16943059787e-023
        var: 2.29429716114e-007
    spectral_energyband_middle_high:
        dmean: 0.00090167473536
        dmean2: 0.00145925651304
        dvar: 8.15260307263e-007
        dvar2: 2.14059400605e-006
        max: 0.0147157795727
        mean: 0.00341062992811
        median: 0.00317413453013
        min: 1.69566997058e-021
        var: 2.89802642328e-006
    spectral_energyband_middle_low:
        dmean: 0.000562840490602
        dmean2: 0.000909973983653
        dvar: 9.09835762286e-007
        dvar2: 2.36024993683e-006
        max: 0.0109492540359
        mean: 0.00110615126323
        median: 0.00076248019468
        min: 3.52707283789e-022
        var: 1.1827939943e-006
    spectral_flatness_db:
        dmean: 0.0128087308258
        dmean2: 0.0205301567912
        dvar: 0.000134812871693
        dvar2: 0.000313265016302
        max: 0.386925816536
        mean: 0.147245571017
        median: 0.141950145364
        min: 0.0715503245592
        var: 0.000773782667238
    spectral_flux:
        dmean: 0.0084440484643
        dmean2: 0.0131173403934
        dvar: 7.78735120548e-005
        dvar2: 0.000161563890288
        max: 0.136242896318
        mean: 0.0464432798326
        median: 0.0450904220343
        min: 1.02896441367e-010
        var: 0.000205874326639
    spectral_kurtosis:
        dmean: 0.940711975098
        dmean2: 1.62967395782
        dvar: 1.07800614834
        dvar2: 3.2510740757
        max: 27.3923892975
        mean: 2.79435133934
        median: 2.58296823502
        min: -1.22256290913
        var: 2.88043379784
    spectral_rms:
        dmean: 0.000291927834041
        dmean2: 0.000479485752294
        dvar: 9.76125633656e-008
        dvar2: 2.5807813131e-007
        max: 0.00405543344095
        mean: 0.00228850031272
        median: 0.00228681834415
        min: 3.21394495219e-012
        var: 2.85839831804e-007
    spectral_rolloff:
        dmean: 287.110565186
        dmean2: 465.432922363
        dvar: 133471.296875
        dvar2: 261136.734375
        max: 17786.4257813
        mean: 3887.88989258
        median: 3919.04296875
        min: 129.19921875
        var: 271219.6875
    spectral_skewness:
        dmean: 0.144508957863
        dmean2: 0.245162725449
        dvar: 0.0189662724733
        dvar2: 0.0519510768354
        max: 3.87145090103
        mean: 1.01164996624
        median: 1.01767635345
        min: -0.00295550771989
        var: 0.0821750089526
    spectral_spread:
        dmean: 383387.0625
        dmean2: 579832.6875
        dvar: 330825596928
        dvar2: 524136972288
        max: 41448192
        mean: 4240162.5
        median: 4163328.5
        min: 1492008.75
        var: 1.19497215181e+012
    spectral_strongpeak:
        dmean: 0.772853016853
        dmean2: 1.33307409286
        dvar: 0.972804784775
        dvar2: 2.53775930405
        max: 12.005153656
        mean: 1.08654069901
        median: 0.62968558073
        min: 5.66666980006e-009
        var: 1.78337192535
    zerocrossingrate:
        dmean: 0.00798996258527
        dmean2: 0.0097123188898
        dvar: 7.50304752728e-005
        dvar2: 8.74254983501e-005
        max: 0.48486328125
        mean: 0.123898774385
        median: 0.12548828125
        min: 0.017578125
        var: 0.000390189641621
    barkbands:
        dmean: [1.91763433577e-007, 4.62335337943e-005, 0.000169469669345, 0.000125850041513, 0.000206925629755, 9.55350915319e-005, 0.00011300524784, 6.47774650133e-005, 0.000166058496688, 0.000123908088426, 8.3916260337e-005, 8.33644444356e-005, 8.47442715894e-005, 8.5029983893e-005, 9.83505015029e-005, 0.000131291322759, 0.000197597997612, 0.000246852025157, 0.000406769628171, 0.000310106523102, 0.000185574332136, 7.74595173425e-005, 1.09700013127e-005, 2.79517598756e-006, 1.38963912377e-006, 3.44148247677e-008, 2.80632017624e-010]
        dmean2: [3.37650078563e-007, 7.79451875133e-005, 0.000274900638033, 0.000201496339287, 0.000350240967236, 0.000159505580086, 0.000191352606635, 0.000110867942567, 0.000252835045103, 0.000191407729289, 0.000131509586936, 0.000135021196911, 0.000136449511047, 0.000138526724186, 0.000159901755978, 0.000218323693844, 0.00032538632513, 0.000413013302023, 0.00068102410296, 0.000529657350853, 0.000321110099321, 0.000138942283229, 1.86819725059e-005, 4.59296825284e-006, 2.17691194848e-006, 5.169370354e-008, 4.98767582791e-010]
        dvar: [1.29452722955e-013, 4.86080331541e-009, 6.076000858e-008, 5.00640453538e-008, 2.74476093409e-007, 3.82947007438e-008, 1.02259051005e-007, 2.34382238062e-008, 1.4054296571e-007, 8.55441868453e-008, 4.600040171e-008, 4.30824975695e-008, 3.86862950563e-008, 3.71605359817e-008, 4.79091042394e-008, 3.00061060443e-008, 5.48733680716e-008, 7.51511848307e-008, 2.39731974716e-007, 1.39343555361e-007, 5.26939025747e-008, 1.67863696277e-008, 3.64236502071e-010, 2.95850254017e-011, 1.3496124357e-011, 1.34440755986e-014, 1.28252544519e-019]
        dvar2: [3.81274086738e-013, 1.33262645363e-008, 1.5572238965e-007, 1.06109553144e-007, 7.22612696791e-007, 9.95951339178e-008, 2.58712958612e-007, 6.20951894348e-008, 2.94920198485e-007, 1.9272648899e-007, 1.08187798276e-007, 1.12944057662e-007, 1.00290506566e-007, 9.47840632648e-008, 1.20153956118e-007, 7.56150129178e-008, 1.40982223229e-007, 1.97917998435e-007, 6.26193298103e-007, 3.81931783977e-007, 1.44105868571e-007, 4.62348666019e-008, 9.03783825557e-010, 6.16564438394e-011, 2.63776847587e-011, 2.60546335077e-014, 3.68435576462e-019]
        max: [3.69698364011e-006, 0.00075465568807, 0.00455721002072, 0.00555229093879, 0.00535008404404, 0.00368861760944, 0.00842028297484, 0.00472137797624, 0.00853406637907, 0.0067441649735, 0.00598512031138, 0.00390992499888, 0.00450100470334, 0.00622697547078, 0.00478609930724, 0.00459115020931, 0.00466199358925, 0.00735214073211, 0.0127611495554, 0.00460354425013, 0.00396745325997, 0.00101068185177, 0.00028341653524, 0.000114226335427, 0.000148990264279, 4.29231477028e-006, 1.00633252842e-008]
        mean: [1.79230184472e-007, 6.99115116731e-005, 0.000284382665996, 0.000192403342226, 0.000210318452446, 0.000143087512697, 0.000133124340209, 8.68749411893e-005, 0.000279246654827, 0.000201359318453, 0.000133712688694, 0.000134116300615, 0.00014007644495, 0.000142393415445, 0.0001658868714, 0.000266716902843, 0.000435043271864, 0.000538704742212, 0.000914330303203, 0.000659112585708, 0.000389583496144, 0.000114088536066, 1.84797008842e-005, 5.39475831829e-006, 2.56462794823e-006, 6.56010854527e-008, 3.37502498171e-010]
        median: [2.79289515959e-008, 4.64727927465e-005, 0.000205654258025, 0.000113061876618, 8.11550125945e-005, 8.38745181682e-005, 5.86271307839e-005, 4.40034855274e-005, 0.000100108947663, 6.33126328466e-005, 4.43373428425e-005, 4.33814748249e-005, 4.48174578196e-005, 6.28201523796e-005, 8.29896089272e-005, 0.000212305065361, 0.000348542293068, 0.000457647256553, 0.000748764723539, 0.000518782471772, 0.00032636889955, 8.01683127065e-005, 1.2248301573e-005, 3.51624476025e-006, 1.42028193295e-006, 2.99534157477e-008, 2.0450932614e-010]
        min: [5.67680715704e-024, 1.44050813345e-023, 1.26643516732e-023, 2.32349039985e-023, 1.77570586059e-023, 9.99364020158e-023, 8.13491414601e-023, 4.95878343675e-023, 6.59632236083e-023, 5.98774267817e-023, 9.13377676618e-023, 9.149530634e-023, 1.41031606002e-022, 1.72683583284e-022, 9.84726232745e-023, 1.46201181908e-022, 1.30574238651e-022, 2.11393076256e-022, 3.91497985258e-022, 3.60346764256e-022, 5.25786875248e-022, 5.12721117225e-022, 7.81685628376e-022, 7.9137183055e-022, 1.23049901583e-021, 1.56228154323e-021, 2.33152770603e-021]
        var: [1.10345177548e-013, 5.62475310772e-009, 9.11217910016e-008, 9.52798018261e-008, 2.1709617215e-007, 4.19980956679e-008, 9.76968692612e-008, 2.48615616982e-008, 3.67488695474e-007, 1.78484185653e-007, 1.05405042916e-007, 8.2426694803e-008, 7.2866470191e-008, 6.44911963832e-008, 7.55500195737e-008, 5.94742068927e-008, 1.36412907636e-007, 1.40194160281e-007, 5.48297975911e-007, 2.49593313129e-007, 7.35820080422e-008, 1.36481146384e-008, 5.34613742165e-010, 6.29176363787e-011, 3.09398270892e-011, 2.65084805371e-014, 1.58442323356e-019]
    frequency_bands:
        dmean: [1.91763433577e-007, 4.62335337943e-005, 0.000169469669345, 0.000125850041513, 0.000206925629755, 9.55350915319e-005, 0.00011300524784, 6.47774650133e-005, 0.000166058496688, 0.000123908088426, 8.3916260337e-005, 8.33644444356e-005, 8.47442715894e-005, 8.5029983893e-005, 9.83505015029e-005, 0.000131291322759, 0.000197597997612, 0.000246852025157, 0.000406769628171, 0.000310106523102, 0.000185574332136, 7.74595173425e-005, 1.09700013127e-005, 2.79517598756e-006, 1.38963912377e-006, 3.44148247677e-008, 2.80632017624e-010, 6.5020155926e-011]
        dmean2: [3.37650078563e-007, 7.79451875133e-005, 0.000274900638033, 0.000201496339287, 0.000350240967236, 0.000159505580086, 0.000191352606635, 0.000110867942567, 0.000252835045103, 0.000191407729289, 0.000131509586936, 0.000135021196911, 0.000136449511047, 0.000138526724186, 0.000159901755978, 0.000218323693844, 0.00032538632513, 0.000413013302023, 0.00068102410296, 0.000529657350853, 0.000321110099321, 0.000138942283229, 1.86819725059e-005, 4.59296825284e-006, 2.17691194848e-006, 5.169370354e-008, 4.98767582791e-010, 1.20537746451e-010]
        dvar: [1.29452722955e-013, 4.86080331541e-009, 6.076000858e-008, 5.00640453538e-008, 2.74476093409e-007, 3.82947007438e-008, 1.02259051005e-007, 2.34382238062e-008, 1.4054296571e-007, 8.55441868453e-008, 4.600040171e-008, 4.30824975695e-008, 3.86862950563e-008, 3.71605359817e-008, 4.79091042394e-008, 3.00061060443e-008, 5.48733680716e-008, 7.51511848307e-008, 2.39731974716e-007, 1.39343555361e-007, 5.26939025747e-008, 1.67863696277e-008, 3.64236502071e-010, 2.95850254017e-011, 1.3496124357e-011, 1.34440755986e-014, 1.28252544519e-019, 7.5538052759e-021]
        dvar2: [3.81274086738e-013, 1.33262645363e-008, 1.5572238965e-007, 1.06109553144e-007, 7.22612696791e-007, 9.95951339178e-008, 2.58712958612e-007, 6.20951894348e-008, 2.94920198485e-007, 1.9272648899e-007, 1.08187798276e-007, 1.12944057662e-007, 1.00290506566e-007, 9.47840632648e-008, 1.20153956118e-007, 7.56150129178e-008, 1.40982223229e-007, 1.97917998435e-007, 6.26193298103e-007, 3.81931783977e-007, 1.44105868571e-007, 4.62348666019e-008, 9.03783825557e-010, 6.16564438394e-011, 2.63776847587e-011, 2.60546335077e-014, 3.68435576462e-019, 2.38536141193e-020]
        max: [3.69698364011e-006, 0.00075465568807, 0.00455721002072, 0.00555229093879, 0.00535008404404, 0.00368861760944, 0.00842028297484, 0.00472137797624, 0.00853406637907, 0.0067441649735, 0.00598512031138, 0.00390992499888, 0.00450100470334, 0.00622697547078, 0.00478609930724, 0.00459115020931, 0.00466199358925, 0.00735214073211, 0.0127611495554, 0.00460354425013, 0.00396745325997, 0.00101068185177, 0.00028341653524, 0.000114226335427, 0.000148990264279, 4.29231477028e-006, 1.00633252842e-008, 1.02887764974e-009]
        mean: [1.79230184472e-007, 6.99115116731e-005, 0.000284382665996, 0.000192403342226, 0.000210318452446, 0.000143087512697, 0.000133124340209, 8.68749411893e-005, 0.000279246654827, 0.000201359318453, 0.000133712688694, 0.000134116300615, 0.00014007644495, 0.000142393415445, 0.0001658868714, 0.000266716902843, 0.000435043271864, 0.000538704742212, 0.000914330303203, 0.000659112585708, 0.000389583496144, 0.000114088536066, 1.84797008842e-005, 5.39475831829e-006, 2.56462794823e-006, 6.56010854527e-008, 3.37502498171e-010, 5.05611177926e-011]
        median: [2.79289515959e-008, 4.64727927465e-005, 0.000205654258025, 0.000113061876618, 8.11550125945e-005, 8.38745181682e-005, 5.86271307839e-005, 4.40034855274e-005, 0.000100108947663, 6.33126328466e-005, 4.43373428425e-005, 4.33814748249e-005, 4.48174578196e-005, 6.28201523796e-005, 8.29896089272e-005, 0.000212305065361, 0.000348542293068, 0.000457647256553, 0.000748764723539, 0.000518782471772, 0.00032636889955, 8.01683127065e-005, 1.2248301573e-005, 3.51624476025e-006, 1.42028193295e-006, 2.99534157477e-008, 2.0450932614e-010, 2.05539734538e-011]
        min: [5.67680715704e-024, 1.44050813345e-023, 1.26643516732e-023, 2.32349039985e-023, 1.77570586059e-023, 9.99364020158e-023, 8.13491414601e-023, 4.95878343675e-023, 6.59632236083e-023, 5.98774267817e-023, 9.13377676618e-023, 9.149530634e-023, 1.41031606002e-022, 1.72683583284e-022, 9.84726232745e-023, 1.46201181908e-022, 1.30574238651e-022, 2.11393076256e-022, 3.91497985258e-022, 3.60346764256e-022, 5.25786875248e-022, 5.12721117225e-022, 7.81685628376e-022, 7.9137183055e-022, 1.23049901583e-021, 1.56228154323e-021, 2.33152770603e-021, 5.86317624009e-022]
        var: [1.10345177548e-013, 5.62475310772e-009, 9.11217910016e-008, 9.52798018261e-008, 2.1709617215e-007, 4.19980956679e-008, 9.76968692612e-008, 2.48615616982e-008, 3.67488695474e-007, 1.78484185653e-007, 1.05405042916e-007, 8.2426694803e-008, 7.2866470191e-008, 6.44911963832e-008, 7.55500195737e-008, 5.94742068927e-008, 1.36412907636e-007, 1.40194160281e-007, 5.48297975911e-007, 2.49593313129e-007, 7.35820080422e-008, 1.36481146384e-008, 5.34613742165e-010, 6.29176363787e-011, 3.09398270892e-011, 2.65084805371e-014, 1.58442323356e-019, 6.09588611768e-021]
    mfcc:
        mean: [-682.458251953, 81.3218078613, -58.6887435913, 62.7301216125, -18.8045024872, -0.927294075489, 2.90659356117, 1.28152298927, 3.83392763138, -4.10158252716, -1.38736915588, -5.29099607468, -4.54751825333]
        cov: [[2695.18041992, 53.1738853455, -6.77565860748, 69.772064209, -49.9383468628, 68.6424560547, 23.008934021, 77.2101287842, -47.0930023193, 73.812538147, 15.518781662, 11.1105289459, -11.7088460922], [53.1738853455, 509.590698242, -250.640304565, 142.741577148, -77.888381958, -0.267246246338, 39.184753418, -19.175579071, 44.2477684021, -61.1372909546, 5.72755861282, -33.9087486267, -28.94830513], [-6.77565860748, -250.640304565, 457.933624268, -25.0405406952, 124.835174561, 7.05989027023, -43.9727973938, 25.2000522614, -37.3974266052, 36.8878250122, -22.2757759094, 19.8208961487, 14.3652715683], [69.772064209, 142.741577148, -25.0405406952, 302.05960083, 39.2660102844, -1.07293617725, -16.1041679382, -25.2304077148, 64.4974517822, -5.73432731628, 14.6551017761, -4.03557682037, 5.57386636734], [-49.9383468628, -77.888381958, 124.835174561, 39.2660102844, 145.536987305, 39.125125885, -3.15474581718, -6.19541788101, 3.46916437149, 27.1630153656, 2.41592073441, 14.78282547, 1.68479824066], [68.6424560547, -0.267246246338, 7.05989027023, -1.07293617725, 39.125125885, 109.604125977, 65.0056381226, 30.1858406067, -13.2980623245, 11.6172380447, 16.8628883362, 14.0909929276, 6.66041469574], [23.008934021, 39.184753418, -43.9727973938, -16.1041679382, -3.15474581718, 65.0056381226, 117.594589233, 53.8409423828, 6.03267335892, -7.11335325241, 10.9462738037, 11.5351905823, 2.55138993263], [77.2101287842, -19.175579071, 25.2000522614, -25.2304077148, -6.19541788101, 30.1858406067, 53.8409423828, 95.1645965576, 29.8900527954, 25.8561077118, -2.46742486954, 0.0924286618829, 0.646508514881], [-47.0930023193, 44.2477684021, -37.3974266052, 64.4974517822, 3.46916437149, -13.2980623245, 6.03267335892, 29.8900527954, 102.516716003, 38.8997268677, 9.11062908173, -16.8031787872, -13.201125145], [73.812538147, -61.1372909546, 36.8878250122, -5.73432731628, 27.1630153656, 11.6172380447, -7.11335325241, 25.8561077118, 38.8997268677, 94.7975921631, 29.0867958069, 6.29394817352, -8.6037569046], [15.518781662, 5.72755861282, -22.2757759094, 14.6551017761, 2.41592073441, 16.8628883362, 10.9462738037, -2.46742486954, 9.11062908173, 29.0867958069, 60.9254264832, 26.8029251099, 6.71808481216], [11.1105289459, -33.9087486267, 19.8208961487, -4.03557682037, 14.78282547, 14.0909929276, 11.5351905823, 0.0924286618829, -16.8031787872, 6.29394817352, 26.8029251099, 61.377822876, 28.4748020172], [-11.7088460922, -28.94830513, 14.3652715683, 5.57386636734, 1.68479824066, 6.66041469574, 2.55138993263, 0.646508514881, -13.201125145, -8.6037569046, 6.71808481216, 28.4748020172, 60.5622749329]]
        icov: [[0.000442472635768, -6.53878669254e-005, 5.31592850166e-005, -0.000360103935236, 0.000322837237036, -0.000205437274417, 0.000184202363016, -0.000567125563975, 0.000857614504639, -0.000726010475773, 0.000229404395213, -0.000101896657725, 0.000192990584765], [-6.53878669254e-005, 0.00368861015886, 0.00125733751338, -0.00155114242807, 0.000962286256254, -0.000457442307379, -0.00069071596954, 0.00029133859789, -0.000750770093873, 0.00208953791298, -0.000631498813163, 0.000694449059665, 0.00152127246838], [5.31592850166e-005, 0.00125733751338, 0.00435016583651, -0.000622057414148, -0.00318253855221, 0.000894671189599, 0.00180820492096, -0.00328734517097, 0.00259967544116, -0.000461867835838, 0.000953682232648, -0.000234112580074, 9.10686430871e-005], [-0.000360103935236, -0.00155114242807, -0.000622057414148, 0.00579308345914, -0.00193972780835, -0.000803916016594, 0.00117236177903, 0.00206354283728, -0.00509246671572, 0.00241735996678, -0.00141107512172, -2.84399607153e-006, -0.0017344658263], [0.000322837237036, 0.000962286256254, -0.00318253855221, -0.00193972780835, 0.0133772715926, -0.00614750850946, -0.000367340369849, 0.00482515105978, -0.0024233981967, -0.00257292645983, 0.00331143452786, -0.00311520253308, 0.00192728824914], [-0.000205437274417, -0.000457442307379, 0.000894671189599, -0.000803916016594, -0.00614750850946, 0.0192505531013, -0.00955683365464, -0.00281548639759, 0.00674871355295, -0.00315690925345, -0.00340218190104, 0.00281087495387, -0.00183164223563], [0.000184202363016, -0.00069071596954, 0.00180820492096, 0.00117236177903, -0.000367340369849, -0.00955683365464, 0.0205114167184, -0.0103298770264, -0.00155064242426, 0.00621252274141, -0.00253738090396, -0.00328986812383, 0.00184891314711], [-0.000567125563975, 0.00029133859789, -0.00328734517097, 0.00206354283728, 0.00482515105978, -0.00281548639759, -0.0103298770264, 0.023679157719, -0.00889586377889, -0.0045028696768, 0.0058677829802, -0.000818848086055, -0.001867433195], [0.000857614504639, -0.000750770093873, 0.00259967544116, -0.00509246671572, -0.0024233981967, 0.00674871355295, -0.00155064242426, -0.00889586377889, 0.0229189135134, -0.00971816014498, -0.00087561365217, 0.0050171376206, 0.000497872417327], [-0.000726010475773, 0.00208953791298, -0.000461867835838, 0.00241735996678, -0.00257292645983, -0.00315690925345, 0.00621252274141, -0.0045028696768, -0.00971816014498, 0.0233182385564, -0.0111496504396, 3.31443625328e-005, 0.00336620025337], [0.000229404395213, -0.000631498813163, 0.000953682232648, -0.00141107512172, 0.00331143452786, -0.00340218190104, -0.00253738090396, 0.0058677829802, -0.00087561365217, -0.0111496504396, 0.0295823514462, -0.0127842584625, 0.000926915497985], [-0.000101896657725, 0.000694449059665, -0.000234112580074, -2.84399607153e-006, -0.00311520253308, 0.00281087495387, -0.00328986812383, -0.000818848086055, 0.0050171376206, 3.31443625328e-005, -0.0127842584625, 0.0296007562429, -0.0111081348732], [0.000192990584765, 0.00152127246838, 9.10686430871e-005, -0.0017344658263, 0.00192728824914, -0.00183164223563, 0.00184891314711, -0.001867433195, 0.000497872417327, 0.00336620025337, 0.000926915497985, -0.0111081348732, 0.0232109688222]]
    sccoeffs:
        dmean: [0.0525475330651, 0.0457872785628, 0.0415072701871, 0.0302230324596, 0.0193514414132, 0.018652189523]
        dmean2: [0.0864595398307, 0.0751732364297, 0.0667273178697, 0.0494794584811, 0.0320064127445, 0.0295082535595]
        dvar: [0.00181959162001, 0.00140699779149, 0.00115957600065, 0.000577620405238, 0.000232484191656, 0.00028602371458]
        dvar2: [0.00482433382422, 0.00368852936663, 0.00282743293792, 0.00149541604333, 0.000615299388301, 0.000654495495837]
        max: [-0.355341970921, -0.490909487009, -0.464977234602, -0.448256105185, -0.594884574413, -0.440561175346]
        mean: [-0.633921086788, -0.767624735832, -0.754997074604, -0.781862974167, -0.793222367764, -0.702134311199]
        median: [-0.635703861713, -0.771939456463, -0.767012417316, -0.786968052387, -0.797282338142, -0.708415269852]
        min: [-0.954806208611, -0.972380757332, -0.961785793304, -0.964557766914, -0.964219629765, -0.957122862339]
        var: [0.00467512197793, 0.00342678232118, 0.00518280081451, 0.00213137385435, 0.000826647446956, 0.00234011677094]
    scvalleys:
        dmean: [0.405134767294, 0.364162057638, 0.31944295764, 0.234987720847, 0.222865968943, 0.278238177299]
        dmean2: [0.671445548534, 0.596638262272, 0.503621101379, 0.3758276999, 0.351152181625, 0.437290072441]
        dvar: [0.126927927136, 0.126319795847, 0.0922679156065, 0.0584770962596, 0.066498696804, 0.152943432331]
        dvar2: [0.303533792496, 0.288885653019, 0.1951597929, 0.11769464612, 0.134084880352, 0.329419106245]
        max: [-5.41314506531, -4.85177230835, -5.21227216721, -5.5885052681, -5.33201932907, -7.51283454895]
        mean: [-7.22687244415, -6.75838136673, -6.96880865097, -7.00537347794, -6.40997934341, -9.51187610626]
        median: [-7.09892845154, -6.71325683594, -6.94406318665, -6.97040653229, -6.32191801071, -9.28197860718]
        min: [-27.379283905, -27.4101066589, -27.1383266449, -27.1373176575, -27.1512451172, -27.3343868256]
        var: [0.805948376656, 0.640499413013, 0.675523936749, 0.522443234921, 0.596401393414, 1.29318463802]

rhythm:
    beats_loudness:
        dmean: 0.00153580820188
        dmean2: 0.00259740161709
        dvar: 1.7748444634e-006
        dvar2: 4.98966619489e-006
        max: 0.0131142623723
        mean: 0.00560445059091
        median: 0.0054240883328
        min: 6.12304518199e-008
        var: 3.79090988645e-006
    bpm: 124.135993958
    bpm_confidence: 0
    first_peak_bpm: 123
    first_peak_spread: 0.505617976189
    first_peak_weight: 0.200913235545
    onset_rate: 3.46686077118
    second_peak_bpm: 94
    second_peak_spread: 0.375
    second_peak_weight: 0.194063931704
    beats_loudness_band_ratio:
        dmean: [0.0818991959095, 0.083722859621, 0.0826733633876, 0.0805252492428, 0.101562567055, 0.0983734726906]
        dmean2: [0.146227240562, 0.151660636067, 0.144043207169, 0.141815125942, 0.176388114691, 0.168002083898]
        dvar: [0.00606745108962, 0.00799250602722, 0.0105617903173, 0.0105186160654, 0.00800590589643, 0.00552343903109]
        dvar2: [0.0193421710283, 0.0224665272981, 0.0288529582322, 0.0288678593934, 0.0223436187953, 0.0159047078341]
        max: [0.608429968357, 0.527412891388, 0.659554362297, 0.63071668148, 0.87607139349, 0.677630007267]
        mean: [0.131128311157, 0.0915109440684, 0.108888290823, 0.105083622038, 0.287405312061, 0.313935309649]
        median: [0.11261484772, 0.0515303052962, 0.0776941850781, 0.0600360967219, 0.279321491718, 0.303951948881]
        min: [0.000419866933953, 0.00200380082242, 0.00440357951447, 0.00763793941587, 0.0864750668406, 0.0454527549446]
        var: [0.00819601211697, 0.00911749713123, 0.0101519534364, 0.0110654486343, 0.0105939097703, 0.0102891828865]
    beats_position: [0.359909296036, 0.684988677502, 0.99845802784, 1.3235373497, 1.63700675964, 1.95047616959, 2.27555561066, 2.60063481331, 2.92571425438, 3.25079369545, 3.56426286697, 3.87773227692, 4.20281171799, 4.52789115906, 4.85297060013, 5.17804956436, 5.50312900543, 5.8282084465, 6.14167785645, 6.45514726639, 6.78022670746, 7.10530614853, 7.41877555847, 7.73224496841, 8.05732440948, 8.37079334259, 8.68426322937, 8.99773216248, 9.31120204926, 9.64789104462, 9.98458003998, 10.321269989, 10.6695690155, 11.017868042, 11.3661680222, 11.7260770798, 12.051156044, 12.3762359619, 12.7013149261, 13.0263938904, 13.3514738083, 13.6649427414, 13.9900226593, 14.3151016235, 14.6285715103, 14.9536504745, 15.2671203613, 15.5805892944, 15.9056682587, 16.2307472229, 16.5442180634, 16.8576869965, 17.1827659607, 17.5078449249, 17.8329238892, 18.1580047607, 18.483083725, 18.8081626892, 19.1332416534, 19.4467124939, 19.760181427, 20.0852603912, 20.4103393555, 20.7354183197, 21.0488891602, 21.3623580933, 21.6874370575, 22.0125160217, 22.3375968933, 22.6510658264, 22.9645347595, 23.2780036926, 23.6030826569, 23.9165534973, 24.2416324615, 24.5667114258, 24.89179039, 25.2168693542, 25.5419502258, 25.8670291901, 26.1804981232, 26.4939670563, 26.8190479279, 27.1441268921, 27.4692058563, 27.7942848206, 28.1541938782, 28.5024929047, 28.8507938385, 29.2107028961, 29.5357818604, 29.8608608246, 30.1859397888, 30.5110206604, 30.8360996246, 31.1611785889, 31.474647522, 31.7881164551, 32.1131973267, 32.4382743835, 32.7517471313, 33.0768241882, 33.3902931213, 33.7153739929, 34.1913833618, 34.6790008545, 35.1550102234, 35.6426315308, 36.118637085, 36.5946464539, 37.0822677612, 37.5698852539, 38.0575065613, 38.5335159302, 39.0095214844, 39.4971427917, 39.9847602844, 40.4607696533, 40.9367790222, 41.4243965149, 41.9120178223, 42.3996353149, 42.8640365601, 43.340045929, 43.8160552979, 44.3036727905, 44.7796821594, 45.2672996521, 45.743309021, 46.2309303284, 46.718547821, 47.2061653137, 47.6821746826, 48.1581840515, 48.6341934204, 49.1102027893, 49.5978240967, 50.0854415894, 50.573059082, 51.0490684509, 51.5250778198, 52.0010871887, 52.4887046814, 52.9647140503, 53.4407234192, 53.9167327881, 54.4043540955, 54.8919715881, 55.3795890808, 55.8555984497, 56.3316078186, 56.819229126, 57.3068466187, 57.794467926, 58.2820854187, 58.7813148499, 59.280544281, 59.7913818359, 60.3022193909, 60.801448822, 61.3006782532, 61.7882995605, 62.2759170532, 62.7635345459, 63.2627639771, 63.7619934082, 64.2612228394, 64.7604522705, 65.2596817017, 65.7705230713, 66.2697525024, 66.7573699951, 67.2449874878, 67.7326049805, 68.2202224731, 68.7078475952, 69.1838531494, 69.659866333, 70.1358718872, 70.6234893799, 71.0995025635, 71.5871200562, 72.0631256104, 72.5391387939, 73.0267562866, 73.5143737793, 73.9903869629, 74.4663925171, 74.9540100098, 75.4300231934, 75.9060287476, 76.3820419312, 76.8580474854, 77.345664978, 77.8332901001, 78.3209075928, 78.796913147, 79.2845306396, 79.7605438232, 80.2481613159, 80.7241744995, 81.2001800537, 81.6761856079, 82.1521987915, 82.6398162842, 83.1274337769, 83.6034469604, 84.0910644531, 84.5670700073, 85.0546951294, 85.5423126221, 86.0183181763, 86.4943313599, 86.9819488525, 87.4579544067, 87.9455795288, 88.4331970215, 88.9092025757, 89.3852157593, 89.872833252, 90.3488388062, 90.8364639282, 91.3240814209, 91.788482666, 92.2644882202, 92.7404937744, 93.216506958, 93.6925125122, 94.1685256958, 94.64453125, 95.1321487427, 95.6081619263, 96.0841674805, 96.5717926025, 97.0477981567, 97.5238113403, 97.9998168945, 98.4758224487, 98.9634475708, 99.4510650635, 99.9386825562, 100.426300049, 100.902313232, 101.378318787, 101.865936279, 102.36516571, 102.852790833, 103.352012634, 103.839637756, 104.327255249, 104.803260803, 105.279273987, 105.766891479, 106.254508972, 106.742126465, 107.20652771, 107.682540894, 108.146934509, 108.622947693, 109.110565186, 109.598182678, 110.085800171, 110.573425293, 111.049430847, 111.53704834, 112.013061523, 112.500679016, 112.965080261, 113.452697754, 113.928703308, 114.404716492, 114.892333984, 115.368339539, 115.844352722, 116.331970215, 116.819587708, 117.295600891, 117.771606445, 118.259223938, 118.74684906, 119.234466553, 119.698867798, 120.186485291, 120.674102783, 121.161720276, 121.649337769, 122.160179138, 122.671020508, 123.181854248, 123.692695618, 124.191925049, 124.679542542, 125.167160034, 125.643173218, 126.13079071, 126.780952454, 127.419502258, 128.058044434, 128.708206177, 129.346755981, 129.985305786, 130.635467529, 131.274017334, 131.912567139, 132.551101685, 133.189651489, 133.839813232, 134.478363037, 135.116912842, 135.767074585, 136.40562439, 137.044174194, 137.682723999, 138.321273804, 138.971420288, 139.621582031, 140.271743774, 140.910293579, 141.548843384, 142.187393188, 142.825942993, 143.476104736, 144.114639282, 144.753189087, 145.391738892, 146.030288696, 146.668838501, 147.307388306, 147.94593811, 148.584487915, 149.234649658, 149.873199463, 150.511749268, 151.161895752, 151.800445557, 152.438995361, 153.089157104, 153.727706909, 154.366256714, 155.004806519, 155.643356323, 156.293518066, 156.932067871, 157.570602417, 158.209152222, 158.847702026, 159.49786377, 160.148025513, 160.786575317, 161.425125122, 162.075286865, 162.71383667, 163.352371216, 164.002532959, 164.641082764, 165.279632568, 165.918182373, 166.556732178, 167.195281982, 167.833831787, 168.48399353, 169.134140015, 169.784301758, 170.434463501, 171.073013306, 171.71156311, 172.338500977, 172.977050781, 173.615600586, 174.254150391, 174.892700195, 175.53125, 176.181396484, 176.819946289, 177.470108032, 178.108657837, 178.747207642, 179.397369385, 180.047531128, 180.674468994, 181.313018799, 181.951568604, 182.590103149, 183.228652954, 183.867202759, 184.540588379, 185.21395874, 185.88734436, 186.549118042, 187.199264526, 187.84942627, 188.52281189, 189.196182251, 189.869567871, 190.542938232, 191.216323853, 191.866485596, 192.516647339, 193.166793823, 193.816955566, 194.455505371, 195.094055176, 195.744216919, 196.394378662, 197.032928467, 197.671463013, 198.310012817, 198.960174561, 199.610336304, 200.248886108, 200.887435913, 201.525985718, 202.164535522, 202.803085327, 203.453231812, 204.103393555, 204.741943359, 205.380493164, 206.019042969, 206.657592773, 207.296142578, 207.934692383, 208.573242188, 209.211791992, 209.861953735, 210.51210022, 211.150650024, 211.789199829, 212.427749634, 213.066299438, 213.716461182, 214.366622925, 215.016769409, 215.643707275, 216.293869019, 216.920806885, 217.547744751, 218.174682617, 218.82484436]
    bpm_estimates: [126.047935486, 123.047264099, 126.047935486, 123.046302795, 126.048950195, 126.047935486, 123.046302795, 123.047264099, 123.046302795, 126.047935486, 126.048950195, 123.046302795, 123.047264099, 126.047935486, 126.047935486, 123.047264099, 123.046302795, 123.047264099, 126.047935486, 126.047935486, 123.047264099, 126.047935486, 123.047264099, 126.047935486, 123.046302795, 123.047264099, 123.047264099, 126.047935486, 126.047935486, 126.047935486, 126.047935486, 123.046302795, 123.047264099, 123.047264099, 126.047935486, 126.047935486, 126.047935486, 123.047264099, 126.047935486, 126.047935486, 126.047935486, 123.046302795, 123.047264099, 123.047264099, 126.047935486, 126.047935486, 123.046302795, 123.047264099, 123.046302795, 123.047264099, 120.185218811, 120.185218811, 120.185218811, 120.185218811, 123.046302795, 123.047264099, 123.047264099, 120.185218811, 120.185218811, 120.185218811, 120.185218811, 120.185218811, 120.185218811, 123.047264099, 123.047264099, 123.047264099, 123.047264099, 123.045341492, 126.048950195, 126.046928406, 126.048950195, 123.047264099, 126.046928406, 123.047264099, 126.048950195, 126.046928406, 123.047264099, 123.047264099, 126.046928406, 126.048950195, 123.047264099, 126.046928406, 126.048950195, 126.046928406, 126.048950195, 123.047264099, 123.045341492, 123.047264099, 126.048950195, 123.047264099, 126.046928406, 123.047264099, 126.046928406, 126.048950195, 126.048950195, 126.046928406, 123.047264099, 123.047264099, 126.046928406, 123.047264099, 126.048950195, 123.045341492, 123.047264099, 126.048950195, 126.046928406, 123.047264099, 126.048950195, 123.045341492, 123.047264099, 126.048950195, 126.046928406, 123.047264099, 126.048950195, 123.045341492, 123.047264099, 126.048950195, 126.048950195, 126.046928406, 126.048950195, 126.046928406, 126.048950195, 123.047264099, 126.046928406, 126.048950195, 123.045341492, 126.048950195, 126.046928406, 126.048950195, 126.048950195, 123.045341492, 123.047264099, 123.047264099, 123.047264099, 126.046928406, 126.048950195, 123.047264099, 120.185218811, 123.045341492, 120.187057495, 123.045341492, 123.047264099, 126.048950195, 126.046928406, 123.047264099, 123.047264099, 123.047264099, 126.046928406, 126.046928406, 123.047264099, 123.047264099, 123.047264099, 123.045341492, 126.048950195, 123.047264099, 126.046928406, 123.047264099, 123.047264099, 126.048950195, 126.046928406, 123.047264099, 126.048950195, 126.046928406, 123.047264099, 123.047264099, 126.046928406, 126.048950195, 123.047264099, 123.045341492, 123.047264099, 123.047264099, 123.047264099, 123.047264099, 123.047264099, 120.185218811, 123.047264099, 123.047264099, 126.046928406, 123.047264099]
