
metadata:
    version:
        essentia: "2.1-beta2"
    audio_properties:
        analysis_sample_rate: 44100
        bitrate: 320
        channels: 2
        equal_loudness: 1
        length: 235.702850342
        replay_gain: -15.6453857422
        downmix: "mix"
    tags:
        album: "The Poison"
        artist: "Bullet For My Valentine"
        comment: ""
        date: ""
        genre: "Metal"
        title: "10 Years Today"
        tracknumber: "11"

configuration:
    average_loudness:
        compute: 1
        frameSize: 88200
        hopSize: 44100
        silentFrames: "noise"
        windowType: "hann"
    general:
        analysisSampleRate: 44100
        endTime: 2000
        equalLoudness: 1
        nequalLoudness: 0
        shortSound: 0
        startTime: 0
    lowlevel:
        compute: 1
        frameSize: 2048
        hopSize: 1024
        zeroPadding: 0
        silentFrames: "noise"
        windowType: "blackmanharris62"
        mfccStats: ["mean", "cov", "icov"]
        stats: ["mean", "var", "median", "min", "max", "dmean", "dmean2", "dvar", "dvar2"]
    panning:
        compute: 0
        frameSize: 8192
        hopSize: 2048
        zeroPadding: 8192
        silentFrames: "noise"
        windowType: "hann"
        stats: ["copy"]
    rhythm:
        compute: 1
        maxTempo: 208
        minTempo: 40
        method: "degara"
        stats: ["mean", "var", "median", "min", "max", "dmean", "dmean2", "dvar", "dvar2"]
    segmentation:
        compute: 0
        cpw: 5
        inc1: 300
        inc2: 50
        minimumSegmentsLength: 10
        size1: 1000
        size2: 600
    sfx:
        compute: 1
        stats: ["mean", "var", "median", "min", "max", "dmean", "dmean2", "dvar", "dvar2"]
    svm:
        compute: 0
    tonal:
        compute: 1
        frameSize: 4096
        hopSize: 2048
        zeroPadding: 0
        silentFrames: "noise"
        windowType: "blackmanharris62"
        stats: ["mean", "var", "median", "min", "max", "dmean", "dmean2", "dvar", "dvar2"]

lowlevel:
    average_loudness: 0.963881850243
    barkbands_kurtosis:
        dmean: 0.57872313261
        dmean2: 0.958351194859
        dvar: 0.706679224968
        dvar2: 1.72679364681
        max: 23.293806076
        mean: -0.78464525938
        median: -1.04252147675
        min: -1.90631222725
        var: 1.1018705368
    barkbands_skewness:
        dmean: 0.35733217001
        dmean2: 0.565936326981
        dvar: 0.109594896436
        dvar2: 0.270127266645
        max: 4.42495584488
        mean: -0.469338715076
        median: -0.496882259846
        min: -3.50581169128
        var: 0.355739474297
    barkbands_spread:
        dmean: 5.45006370544
        dmean2: 8.72276306152
        dvar: 24.2069244385
        dvar2: 62.1995735168
        max: 78.6027297974
        mean: 35.0485725403
        median: 34.4254989624
        min: 3.25903058052
        var: 85.770614624
    dissonance:
        dmean: 0.0111556882039
        dmean2: 0.0188175719231
        dvar: 0.000114524322271
        dvar2: 0.000317400874337
        max: 0.499999970198
        mean: 0.480570852757
        median: 0.484117716551
        min: 0.38304823637
        var: 0.000219915804337
    hfc:
        dmean: 3.29913663864
        dmean2: 5.54672384262
        dvar: 15.9367160797
        dvar2: 42.528678894
        max: 46.6011695862
        mean: 13.0152206421
        median: 12.3408412933
        min: 1.17582678518e-016
        var: 29.2079296112
    pitch:
        dmean: 978.552062988
        dmean2: 1877.34838867
        dvar: 1956588.875
        dvar2: 4522115.5
        max: 5356.35888672
        mean: 1734.87329102
        median: 535.213134766
        min: 73.338760376
        var: 2758145.5
    pitch_instantaneous_confidence:
        dmean: 0.0762103050947
        dmean2: 0.124892748892
        dvar: 0.00383577635512
        dvar2: 0.00984855554998
        max: 0.82037872076
        mean: 0.376826137304
        median: 0.368151545525
        min: 0.132760345936
        var: 0.0104294680059
    pitch_salience:
        dmean: 0.0544721595943
        dmean2: 0.0876072198153
        dvar: 0.00223583518527
        dvar2: 0.005468334537
        max: 0.834877729416
        mean: 0.653966426849
        median: 0.664528250694
        min: 0.208036318421
        var: 0.00652332091704
    silence_rate_20dB:
        dmean: 0
        dmean2: 0
        dvar: 0
        dvar2: 0
        max: 1
        mean: 1
        median: 1
        min: 1
        var: 0
    silence_rate_30dB:
        dmean: 0
        dmean2: 0
        dvar: 0
        dvar2: 0
        max: 1
        mean: 1
        median: 1
        min: 1
        var: 0
    silence_rate_60dB:
        dmean: 0.0360555611551
        dmean2: 0.0721182301641
        dvar: 0.0347618944943
        dvar2: 0.0808962136507
        max: 1
        mean: 0.0728920400143
        median: 0
        min: 0
        var: 0.0675763189793
    spectral_centroid:
        dmean: 284.381011963
        dmean2: 454.230834961
        dvar: 85107.1171875
        dvar2: 198668.65625
        max: 11228.234375
        mean: 2193.0637207
        median: 2195.54931641
        min: 249.901229858
        var: 228063.90625
    spectral_complexity:
        dmean: 4.3576002121
        dmean2: 7.02778339386
        dvar: 15.1283845901
        dvar2: 36.6591949463
        max: 51
        mean: 22.8480110168
        median: 23
        min: 0
        var: 53.1847915649
    spectral_crest:
        dmean: 1.71474981308
        dmean2: 2.82668614388
        dvar: 2.75546002388
        dvar2: 6.99992084503
        max: 22.8618888855
        mean: 6.15489435196
        median: 5.48708438873
        min: 2.45662164688
        var: 6.00340414047
    spectral_decrease:
        dmean: 2.56368176688e-010
        dmean2: 4.12414685735e-010
        dvar: 7.87171372664e-020
        dvar2: 2.00667088968e-019
        max: -8.90435052341e-029
        mean: -1.26820864921e-009
        median: -1.23311383327e-009
        min: -4.00509314602e-009
        var: 2.25399737584e-019
    spectral_energy:
        dmean: 0.00121966877487
        dmean2: 0.00198718276806
        dvar: 1.78804259576e-006
        dvar2: 4.60519322587e-006
        max: 0.0178617816418
        mean: 0.00596703542396
        median: 0.00583094544709
        min: 1.10011717594e-020
        var: 4.755588634e-006
    spectral_energyband_high:
        dmean: 0.000365322310245
        dmean2: 0.000632050447166
        dvar: 2.65905839569e-007
        dvar2: 7.29099326691e-007
        max: 0.007577938959
        mean: 0.000832109479234
        median: 0.000686668558046
        min: 7.90133180089e-021
        var: 3.05887709828e-007
    spectral_energyband_low:
        dmean: 0.000221093461732
        dmean2: 0.000348451227183
        dvar: 7.85784095569e-008
        dvar2: 1.8001509261e-007
        max: 0.00614768266678
        mean: 0.000486664212076
        median: 0.000409356725868
        min: 1.14162826866e-022
        var: 1.74459785285e-007
    spectral_energyband_middle_high:
        dmean: 0.000773450708948
        dmean2: 0.00124321342446
        dvar: 5.92397441324e-007
        dvar2: 1.47029618347e-006
        max: 0.0128336222842
        mean: 0.00326889124699
        median: 0.00307129323483
        min: 1.67398283377e-021
        var: 2.20932429329e-006
    spectral_energyband_middle_low:
        dmean: 0.000597493082751
        dmean2: 0.000942685524933
        dvar: 6.96525432886e-007
        dvar2: 1.75771344857e-006
        max: 0.0112074492499
        mean: 0.00156034796964
        median: 0.00114843831398
        min: 3.97580165946e-022
        var: 1.63384174812e-006
    spectral_flatness_db:
        dmean: 0.012105718255
        dmean2: 0.0191392246634
        dvar: 0.000118986463349
        dvar2: 0.000277486658888
        max: 0.302603691816
        mean: 0.143133535981
        median: 0.139381825924
        min: 0.055963139981
        var: 0.000596262747422
    spectral_flux:
        dmean: 0.00730226328596
        dmean2: 0.0112284403294
        dvar: 5.28119126102e-005
        dvar2: 0.000104756836663
        max: 0.0984827727079
        mean: 0.0463055893779
        median: 0.0454572662711
        min: 1.04886467567e-010
        var: 0.000166398313013
    spectral_kurtosis:
        dmean: 0.808196902275
        dmean2: 1.38454020023
        dvar: 0.646725893021
        dvar2: 1.83239281178
        max: 23.9576225281
        mean: 2.37806868553
        median: 2.24877882004
        min: -1.15230882168
        var: 1.4487016201
    spectral_rms:
        dmean: 0.00023946906731
        dmean2: 0.000384874758311
        dvar: 5.94349529592e-008
        dvar2: 1.49506973912e-007
        max: 0.00417446158826
        mean: 0.00236481102183
        median: 0.00238510523923
        min: 3.27610291326e-012
        var: 2.2917626552e-007
    spectral_rolloff:
        dmean: 297.063537598
        dmean2: 483.291931152
        dvar: 120492.21875
        dvar2: 251845.390625
        max: 18303.2226563
        mean: 3859.27539063
        median: 3854.44335938
        min: 172.265625
        var: 273835.5
    spectral_skewness:
        dmean: 0.142703279853
        dmean2: 0.235055416822
        dvar: 0.0177927874029
        dvar2: 0.0445973277092
        max: 3.56506538391
        mean: 0.983775019646
        median: 0.975766062737
        min: -0.0295429099351
        var: 0.0657960548997
    spectral_spread:
        dmean: 375850.0625
        dmean2: 558953.5
        dvar: 309797126144
        dvar2: 477604020224
        max: 39379544
        mean: 4422055
        median: 4325041
        min: 2150688.25
        var: 1.01117276979e+012
    spectral_strongpeak:
        dmean: 0.64504212141
        dmean2: 1.12460315228
        dvar: 0.669544041157
        dvar2: 1.75153362751
        max: 8.01029396057
        mean: 0.931403696537
        median: 0.602316021919
        min: 1.48860346272e-009
        var: 0.986679494381
    zerocrossingrate:
        dmean: 0.00791827589273
        dmean2: 0.00987516343594
        dvar: 6.8935820309e-005
        dvar2: 8.98867438082e-005
        max: 0.4912109375
        mean: 0.118900477886
        median: 0.11962890625
        min: 0.0244140625
        var: 0.000388524262235
    barkbands:
        dmean: [9.6987001541e-008, 4.96158318128e-005, 0.000156654219609, 0.000125075705, 0.000227576412726, 0.000130981876282, 0.000111244007712, 9.69883185462e-005, 0.000212187835132, 0.000161846852279, 9.44364292081e-005, 5.88769398746e-005, 8.97986901691e-005, 8.54940371937e-005, 0.000113695161417, 0.000128143423353, 0.000183467534953, 0.000237223168369, 0.000311633601086, 0.000290671538096, 0.00017385634419, 7.72989442339e-005, 1.35793425216e-005, 3.38649670084e-006, 1.74038234491e-006, 3.87668883661e-008, 4.69058292207e-010]
        dmean2: [1.7016759557e-007, 7.78561588959e-005, 0.000249484408414, 0.000200927082915, 0.000386023777537, 0.000215007021325, 0.000187816098332, 0.000150741136167, 0.000317614380037, 0.000251168996328, 0.000145740021253, 9.57102311077e-005, 0.000138094066642, 0.00013808683434, 0.000183474781807, 0.000210103113204, 0.000305784808006, 0.000395776820369, 0.000524922332261, 0.000499245128594, 0.000301063992083, 0.000130754182464, 2.2850035748e-005, 5.33559068572e-006, 2.59929902313e-006, 5.98342353442e-008, 8.19188050727e-010]
        dvar: [2.29723619278e-014, 5.61096724638e-009, 3.68526045236e-008, 3.93015859856e-008, 2.58948574583e-007, 7.31073797056e-008, 6.9081515619e-008, 6.86231018676e-008, 1.95363895727e-007, 1.27768842617e-007, 4.91902554245e-008, 2.03968166801e-008, 3.26184874666e-008, 2.89408763621e-008, 8.63200924073e-008, 4.2291397051e-008, 5.54427082022e-008, 6.81362877231e-008, 9.79509309218e-008, 1.27442305597e-007, 4.72676369156e-008, 1.52746117976e-008, 4.23753920842e-010, 6.14115217012e-011, 2.42128192496e-011, 1.44563706031e-014, 2.48267631587e-018]
        dvar2: [7.21627889822e-014, 1.34306574751e-008, 9.13938151825e-008, 8.35679401234e-008, 7.03020702986e-007, 1.92828551349e-007, 1.78910909199e-007, 1.40077304422e-007, 4.20258430722e-007, 2.97938612448e-007, 1.09798065751e-007, 5.11406703652e-008, 7.2525097039e-008, 7.21982260643e-008, 2.06705621508e-007, 1.01658550022e-007, 1.46065346485e-007, 1.86034739613e-007, 2.66446448904e-007, 3.48989857457e-007, 1.30764775008e-007, 3.78824154268e-008, 1.07710762531e-009, 1.1483185236e-010, 4.51173612359e-011, 3.22962854648e-014, 6.55603625252e-018]
        max: [1.30113596697e-006, 0.000714000430889, 0.00320830056444, 0.00554828252643, 0.00536699360237, 0.00631100684404, 0.00559909362346, 0.0074167419225, 0.0109073966742, 0.00853304285556, 0.00632938463241, 0.0036385958083, 0.00343321543187, 0.00393025297672, 0.0092547852546, 0.00725561147556, 0.00810648407787, 0.00374271487817, 0.00570062082261, 0.00815873406827, 0.00226482283324, 0.00197764369659, 0.00030957441777, 0.000292857730528, 0.00010506833496, 3.69002941625e-006, 4.06419147225e-008]
        mean: [1.13207683228e-007, 7.59637769079e-005, 0.000299189967336, 0.000195832544705, 0.000286153692286, 0.000224698946113, 0.000152423745021, 0.000179989292519, 0.000415632908698, 0.000273885030765, 0.000153562505147, 9.05854903976e-005, 0.000150998457684, 0.000139863681397, 0.000180119372089, 0.00026040780358, 0.00038761793985, 0.000538052991033, 0.000802125374321, 0.0006148009561, 0.000377261225367, 0.000133212204673, 2.50699886237e-005, 6.53250572213e-006, 2.87691773337e-006, 6.25006393307e-008, 4.66909177987e-010]
        median: [2.78918719232e-008, 4.5779033826e-005, 0.000230498946621, 0.000124731304822, 0.00014652646496, 0.000140339077916, 8.46932380227e-005, 5.9889665863e-005, 0.000134096029797, 8.40803841129e-005, 5.26990661456e-005, 4.784547491e-005, 5.67032693652e-005, 6.4153704443e-005, 8.13736551208e-005, 0.000199587069801, 0.000311353884172, 0.00045356337796, 0.000722734956071, 0.000503633287735, 0.000319929793477, 8.62469169078e-005, 1.5874784367e-005, 3.74002252101e-006, 1.26920394905e-006, 2.33385399895e-008, 2.03080552375e-010]
        min: [9.87350378546e-024, 4.34482151392e-023, 4.67478593781e-023, 2.41216057441e-023, 6.45487202746e-023, 4.1108551513e-023, 3.70346024303e-023, 4.39829019053e-023, 1.50112884391e-022, 6.61431280709e-023, 1.0469298715e-022, 7.29487446962e-023, 1.1123567328e-022, 1.89113927731e-022, 1.00107673185e-022, 1.31351664228e-022, 1.56862933654e-022, 3.11840098469e-022, 2.90733310846e-022, 3.61086425485e-022, 3.52284227152e-022, 7.07503521742e-022, 6.4698721229e-022, 9.49217722757e-022, 1.28992263302e-021, 1.56457274871e-021, 2.42334919689e-021]
        var: [2.71769928203e-014, 7.74318120733e-009, 7.49803632516e-008, 8.10850551147e-008, 2.26119880153e-007, 9.00487506783e-008, 6.67746533622e-008, 2.80117177454e-007, 6.79230765854e-007, 2.84283885321e-007, 1.05041479515e-007, 2.56384424802e-008, 6.65529711341e-008, 4.7238064127e-008, 1.33458343043e-007, 8.02685846679e-008, 9.97485187781e-008, 1.28539653588e-007, 1.850846445e-007, 1.82223331535e-007, 5.61552226941e-008, 2.19093010401e-008, 7.64978302925e-010, 1.51375856294e-010, 5.06514552523e-011, 2.23005038643e-014, 1.87673218918e-018]
    frequency_bands:
        dmean: [9.6987001541e-008, 4.96158318128e-005, 0.000156654219609, 0.000125075705, 0.000227576412726, 0.000130981876282, 0.000111244007712, 9.69883185462e-005, 0.000212187835132, 0.000161846852279, 9.44364292081e-005, 5.88769398746e-005, 8.97986901691e-005, 8.54940371937e-005, 0.000113695161417, 0.000128143423353, 0.000183467534953, 0.000237223168369, 0.000311633601086, 0.000290671538096, 0.00017385634419, 7.72989442339e-005, 1.35793425216e-005, 3.38649670084e-006, 1.74038234491e-006, 3.87668883661e-008, 4.69058292207e-010, 6.73245001415e-011]
        dmean2: [1.7016759557e-007, 7.78561588959e-005, 0.000249484408414, 0.000200927082915, 0.000386023777537, 0.000215007021325, 0.000187816098332, 0.000150741136167, 0.000317614380037, 0.000251168996328, 0.000145740021253, 9.57102311077e-005, 0.000138094066642, 0.00013808683434, 0.000183474781807, 0.000210103113204, 0.000305784808006, 0.000395776820369, 0.000524922332261, 0.000499245128594, 0.000301063992083, 0.000130754182464, 2.2850035748e-005, 5.33559068572e-006, 2.59929902313e-006, 5.98342353442e-008, 8.19188050727e-010, 1.24567189896e-010]
        dvar: [2.29723619278e-014, 5.61096724638e-009, 3.68526045236e-008, 3.93015859856e-008, 2.58948574583e-007, 7.31073797056e-008, 6.9081515619e-008, 6.86231018676e-008, 1.95363895727e-007, 1.27768842617e-007, 4.91902554245e-008, 2.03968166801e-008, 3.26184874666e-008, 2.89408763621e-008, 8.63200924073e-008, 4.2291397051e-008, 5.54427082022e-008, 6.81362877231e-008, 9.79509309218e-008, 1.27442305597e-007, 4.72676369156e-008, 1.52746117976e-008, 4.23753920842e-010, 6.14115217012e-011, 2.42128192496e-011, 1.44563706031e-014, 2.48267631587e-018, 8.08926416645e-021]
        dvar2: [7.21627889822e-014, 1.34306574751e-008, 9.13938151825e-008, 8.35679401234e-008, 7.03020702986e-007, 1.92828551349e-007, 1.78910909199e-007, 1.40077304422e-007, 4.20258430722e-007, 2.97938612448e-007, 1.09798065751e-007, 5.11406703652e-008, 7.2525097039e-008, 7.21982260643e-008, 2.06705621508e-007, 1.01658550022e-007, 1.46065346485e-007, 1.86034739613e-007, 2.66446448904e-007, 3.48989857457e-007, 1.30764775008e-007, 3.78824154268e-008, 1.07710762531e-009, 1.1483185236e-010, 4.51173612359e-011, 3.22962854648e-014, 6.55603625252e-018, 2.56269423342e-020]
        max: [1.30113596697e-006, 0.000714000430889, 0.00320830056444, 0.00554828252643, 0.00536699360237, 0.00631100684404, 0.00559909362346, 0.0074167419225, 0.0109073966742, 0.00853304285556, 0.00632938463241, 0.0036385958083, 0.00343321543187, 0.00393025297672, 0.0092547852546, 0.00725561147556, 0.00810648407787, 0.00374271487817, 0.00570062082261, 0.00815873406827, 0.00226482283324, 0.00197764369659, 0.00030957441777, 0.000292857730528, 0.00010506833496, 3.69002941625e-006, 4.06419147225e-008, 1.27727095567e-009]
        mean: [1.13207683228e-007, 7.59637769079e-005, 0.000299189967336, 0.000195832544705, 0.000286153692286, 0.000224698946113, 0.000152423745021, 0.000179989292519, 0.000415632908698, 0.000273885030765, 0.000153562505147, 9.05854903976e-005, 0.000150998457684, 0.000139863681397, 0.000180119372089, 0.00026040780358, 0.00038761793985, 0.000538052991033, 0.000802125374321, 0.0006148009561, 0.000377261225367, 0.000133212204673, 2.50699886237e-005, 6.53250572213e-006, 2.87691773337e-006, 6.25006393307e-008, 4.66909177987e-010, 5.31856086949e-011]
        median: [2.78918719232e-008, 4.5779033826e-005, 0.000230498946621, 0.000124731304822, 0.00014652646496, 0.000140339077916, 8.46932380227e-005, 5.9889665863e-005, 0.000134096029797, 8.40803841129e-005, 5.26990661456e-005, 4.784547491e-005, 5.67032693652e-005, 6.4153704443e-005, 8.13736551208e-005, 0.000199587069801, 0.000311353884172, 0.00045356337796, 0.000722734956071, 0.000503633287735, 0.000319929793477, 8.62469169078e-005, 1.5874784367e-005, 3.74002252101e-006, 1.26920394905e-006, 2.33385399895e-008, 2.03080552375e-010, 2.29651211242e-011]
        min: [9.87350378546e-024, 4.34482151392e-023, 4.67478593781e-023, 2.41216057441e-023, 6.45487202746e-023, 4.1108551513e-023, 3.70346024303e-023, 4.39829019053e-023, 1.50112884391e-022, 6.61431280709e-023, 1.0469298715e-022, 7.29487446962e-023, 1.1123567328e-022, 1.89113927731e-022, 1.00107673185e-022, 1.31351664228e-022, 1.56862933654e-022, 3.11840098469e-022, 2.90733310846e-022, 3.61086425485e-022, 3.52284227152e-022, 7.07503521742e-022, 6.4698721229e-022, 9.49217722757e-022, 1.28992263302e-021, 1.56457274871e-021, 2.42334919689e-021, 7.10235378611e-022]
        var: [2.71769928203e-014, 7.74318120733e-009, 7.49803632516e-008, 8.10850551147e-008, 2.26119880153e-007, 9.00487506783e-008, 6.67746533622e-008, 2.80117177454e-007, 6.79230765854e-007, 2.84283885321e-007, 1.05041479515e-007, 2.56384424802e-008, 6.65529711341e-008, 4.7238064127e-008, 1.33458343043e-007, 8.02685846679e-008, 9.97485187781e-008, 1.28539653588e-007, 1.850846445e-007, 1.82223331535e-007, 5.61552226941e-008, 2.19093010401e-008, 7.64978302925e-010, 1.51375856294e-010, 5.06514552523e-011, 2.23005038643e-014, 1.87673218918e-018, 6.5448694952e-021]
    mfcc:
        mean: [-674.258911133, 84.5661239624, -53.1530723572, 61.1723175049, -21.8730392456, -1.32403123379, -1.20117259026, 1.79446077347, 0.295783549547, -3.8916208744, -2.21026849747, -6.19422197342, -5.34387016296]
        cov: [[2190.71655273, 73.7373352051, -40.0378608704, 38.1615066528, -51.2289505005, 53.0078086853, -16.4693202972, 93.0936508179, 18.2850418091, 67.0181655884, -2.68804812431, -19.7191905975, -5.72825241089], [73.7373352051, 421.762451172, -191.406768799, 92.5976867676, -56.2948608398, -2.54377388954, 31.6464481354, 2.58471012115, 0.673633158207, -12.9105653763, 9.60716247559, -2.17329788208, -22.5344562531], [-40.0378608704, -191.406768799, 382.837890625, 20.3379077911, 108.050735474, -2.3442838192, -22.805431366, -7.76361703873, -0.680550932884, 9.05209445953, 0.967761397362, 27.8423461914, 37.7158546448], [38.1615066528, 92.5976867676, 20.3379077911, 231.405151367, 50.820941925, 10.8080091476, -5.60296344757, -32.3586158752, 18.2384319305, -25.9103965759, 7.29595136642, 23.6211433411, 42.5142784119], [-51.2289505005, -56.2948608398, 108.050735474, 50.820941925, 147.498626709, 16.7180652618, 0.445196330547, -23.5886821747, 9.43470096588, 3.74919223785, -0.594267070293, 15.0275497437, 11.7031173706], [53.0078086853, -2.54377388954, -2.3442838192, 10.8080091476, 16.7180652618, 114.527999878, 56.6533546448, 42.6939086914, -13.2815437317, 6.76201152802, 3.79143333435, 2.48703455925, 11.0114278793], [-16.4693202972, 31.6464481354, -22.805431366, -5.60296344757, 0.445196330547, 56.6533546448, 120.178749084, 49.9602203369, 8.66613292694, -11.0280056, 3.31314182281, 13.56229496, 2.85094547272], [93.0936508179, 2.58471012115, -7.76361703873, -32.3586158752, -23.5886821747, 42.6939086914, 49.9602203369, 116.355552673, 36.7141914368, 40.0062103271, -0.84636259079, -2.17096924782, 3.89974164963], [18.2850418091, 0.673633158207, -0.680550932884, 18.2384319305, 9.43470096588, -13.2815437317, 8.66613292694, 36.7141914368, 96.7653045654, 47.7435798645, 10.7461671829, -1.77290487289, -1.2511305809], [67.0181655884, -12.9105653763, 9.05209445953, -25.9103965759, 3.74919223785, 6.76201152802, -11.0280056, 40.0062103271, 47.7435798645, 105.228340149, 30.4624137878, 5.5807466507, -13.0194330215], [-2.68804812431, 9.60716247559, 0.967761397362, 7.29595136642, -0.594267070293, 3.79143333435, 3.31314182281, -0.84636259079, 10.7461671829, 30.4624137878, 72.454460144, 36.8442611694, 12.8220481873], [-19.7191905975, -2.17329788208, 27.8423461914, 23.6211433411, 15.0275497437, 2.48703455925, 13.56229496, -2.17096924782, -1.77290487289, 5.5807466507, 36.8442611694, 74.7691268921, 38.7185401917], [-5.72825241089, -22.5344562531, 37.7158546448, 42.5142784119, 11.7031173706, 11.0114278793, 2.85094547272, 3.89974164963, -1.2511305809, -13.0194330215, 12.8220481873, 38.7185401917, 79.0295791626]]
        icov: [[0.000498678011354, -4.90738602821e-005, -4.69654196422e-006, -0.000206555938348, 0.000166263867868, -0.000198468726012, 0.000302577158436, -0.000441801937995, 0.000162390904734, -0.000260159780737, 8.83788161445e-005, 4.44794495706e-005, 7.30103201931e-005], [-4.90738602821e-005, 0.00396914361045, 0.0017102798447, -0.00244698952883, 0.000686646089889, 0.00115688238293, -0.0012202168582, -0.000676989962813, 0.00116816838272, -0.000381371326512, -0.000464012788143, -0.000287560018478, 0.00161474396009], [-4.69654196422e-006, 0.0017102798447, 0.00435445271432, -0.000657840922941, -0.00256677158177, 0.00110762927216, 0.000268631498329, -0.00115994911175, 0.00115320156328, -0.000456868147012, 0.000124200247228, -0.000575360551011, -0.000758847338147], [-0.000206555938348, -0.00244698952883, -0.000657840922941, 0.0076218387112, -0.00194927875418, -0.00243082735687, 0.00159404426813, 0.00258061778732, -0.0039813159965, 0.00258266017772, 1.8214353986e-005, -0.000551822013222, -0.00342661142349], [0.000166263867868, 0.000686646089889, -0.00256677158177, -0.00194927875418, 0.0108362184837, -0.00280383042991, -0.00090788572561, 0.00382213341072, -0.00203448603861, -0.00143677170854, 0.00207434454933, -0.00187436654232, 0.00142439629417], [-0.000198468726012, 0.00115688238293, 0.00110762927216, -0.00243082735687, -0.00280383042991, 0.0160862188786, -0.00699343672022, -0.00490857986733, 0.00749637559056, -0.00363493198529, -0.00175122765359, 0.00405675079674, -0.00242060027085], [0.000302577158436, -0.0012202168582, 0.000268631498329, 0.00159404426813, -0.00090788572561, -0.00699343672022, 0.015840863809, -0.00552140641958, -0.00393018359318, 0.00692627765238, -0.00073320500087, -0.00507454341277, 0.0031820689328], [-0.000441801937995, -0.000676989962813, -0.00115994911175, 0.00258061778732, 0.00382213341072, -0.00490857986733, -0.00552140641958, 0.0184162631631, -0.00570640759543, -0.00554550904781, 0.00414073513821, 0.000499636342283, -0.00357189774513], [0.000162390904734, 0.00116816838272, 0.00115320156328, -0.0039813159965, -0.00203448603861, 0.00749637559056, -0.00393018359318, -0.00570640759543, 0.0191173069179, -0.00839009229094, -0.00111621478572, 0.0038452190347, -0.00116588978563], [-0.000260159780737, -0.000381371326512, -0.000456868147012, 0.00258266017772, -0.00143677170854, -0.00363493198529, 0.00692627765238, -0.00554550904781, -0.00839009229094, 0.020068904385, -0.0072512999177, -0.00244066142477, 0.00498966500163], [8.83788161445e-005, -0.000464012788143, 0.000124200247228, 1.8214353986e-005, 0.00207434454933, -0.00175122765359, -0.00073320500087, 0.00414073513821, -0.00111621478572, -0.0072512999177, 0.0227889791131, -0.0108461733907, -3.18447819154e-005], [4.44794495706e-005, -0.000287560018478, -0.000575360551011, -0.000551822013222, -0.00187436654232, 0.00405675079674, -0.00507454341277, 0.000499636342283, 0.0038452190347, -0.00244066142477, -0.0108461733907, 0.0263146255165, -0.0111102638766], [7.30103201931e-005, 0.00161474396009, -0.000758847338147, -0.00342661142349, 0.00142439629417, -0.00242060027085, 0.0031820689328, -0.00357189774513, -0.00116588978563, 0.00498966500163, -3.18447819154e-005, -0.0111102638766, 0.0217644274235]]
    sccoeffs:
        dmean: [0.0528502054513, 0.0473962090909, 0.0416900515556, 0.0317679494619, 0.0202197879553, 0.0186023432761]
        dmean2: [0.0862867236137, 0.0772840231657, 0.0666647180915, 0.0519140735269, 0.033481720835, 0.0289521999657]
        dvar: [0.00175423256587, 0.00151073536836, 0.00113419326954, 0.000645447056741, 0.000265603826847, 0.000287872797344]
        dvar2: [0.00463673193008, 0.00394011754543, 0.00272907270119, 0.00167242891621, 0.000683235004544, 0.000632962677628]
        max: [-0.315906792879, -0.44805970788, -0.47769099474, -0.549158275127, -0.555680394173, -0.545389950275]
        mean: [-0.633519530296, -0.751480102539, -0.744630873203, -0.776437699795, -0.790513336658, -0.700937867165]
        median: [-0.637081921101, -0.758314609528, -0.753883302212, -0.780182719231, -0.793488740921, -0.70235645771]
        min: [-0.957404017448, -0.980592131615, -0.96726578474, -0.955475687981, -0.956827938557, -0.958204865456]
        var: [0.0050813369453, 0.00422805268317, 0.00517009524629, 0.00210130307823, 0.000840400403831, 0.00173522229306]
    scvalleys:
        dmean: [0.398404300213, 0.341066539288, 0.297678381205, 0.232340276241, 0.200863331556, 0.271347939968]
        dmean2: [0.658140718937, 0.564763367176, 0.471257418394, 0.369566738605, 0.31420147419, 0.413555115461]
        dvar: [0.128730863333, 0.0977481007576, 0.0796218439937, 0.0550502613187, 0.0543629042804, 0.121596559882]
        dvar2: [0.303099304438, 0.221666455269, 0.15869051218, 0.104286625981, 0.104317672551, 0.261680036783]
        max: [-5.44334173203, -4.38874340057, -5.3074555397, -5.64112758636, -5.50503396988, -7.35873889923]
        mean: [-7.06474161148, -6.58963155746, -6.90226364136, -7.01897096634, -6.43500566483, -9.40987968445]
        median: [-6.94097566605, -6.51882362366, -6.82581710815, -6.95499134064, -6.35540676117, -9.30547714233]
        min: [-27.8166542053, -26.766910553, -27.0739517212, -27.4228134155, -27.4789505005, -27.2296123505]
        var: [0.74387550354, 0.543668568134, 0.59531223774, 0.472120821476, 0.471537947655, 0.80721116066]

rhythm:
    beats_loudness:
        dmean: 0.0016459741164
        dmean2: 0.00287505332381
        dvar: 1.7409748807e-006
        dvar2: 4.88583646074e-006
        max: 0.0125363441184
        mean: 0.00610057311133
        median: 0.00593653693795
        min: 1.12252040996e-010
        var: 3.64303173228e-006
    bpm: 172.265808105
    bpm_confidence: 0
    first_peak_bpm: 172
    first_peak_spread: 0
    first_peak_weight: 0.241650298238
    onset_rate: 3.40683221817
    second_peak_bpm: 167
    second_peak_spread: 0
    second_peak_weight: 0.212180748582
    beats_loudness_band_ratio:
        dmean: [0.0718072801828, 0.0918604806066, 0.0998150482774, 0.0769990757108, 0.0969663336873, 0.0894157961011]
        dmean2: [0.122046977282, 0.168563142419, 0.174978718162, 0.133274033666, 0.165929675102, 0.153384178877]
        dvar: [0.00344864209183, 0.00752315437421, 0.011671056971, 0.00695723388344, 0.00618076696992, 0.00554499262944]
        dvar2: [0.00921685248613, 0.0216058529913, 0.0307563040406, 0.018601924181, 0.0176551826298, 0.0158025640994]
        max: [0.533505856991, 0.599463105202, 0.676781535149, 0.516861200333, 0.663831114769, 0.624647915363]
        mean: [0.137177988887, 0.108806706965, 0.134255215526, 0.100964047015, 0.260811120272, 0.299531251192]
        median: [0.12282923609, 0.0818506777287, 0.0927257984877, 0.0639626085758, 0.248518720269, 0.290725409985]
        min: [0.000439135066699, 0.000302339205518, 0.0120899202302, 0.00835333112627, 0.0583010576665, 0.101452037692]
        var: [0.00652231229469, 0.00781473051757, 0.0137438410893, 0.00767479278147, 0.00888873916119, 0.00773185724393]
    beats_position: [0.348299324512, 0.708208620548, 1.06811785698, 1.42802715302, 1.78793644905, 2.15945577621, 2.53097510338, 2.91410422325, 3.28562355042, 3.63392281532, 3.98222208023, 4.31891155243, 4.66721057892, 5.01551008224, 5.35219955444, 5.6888885498, 6.03718805313, 6.37387752533, 6.71056699753, 7.05886602402, 7.40716552734, 7.75546455383, 8.09215450287, 8.42884349823, 8.76553249359, 9.10222244263, 9.45052146912, 9.79882049561, 10.1355104446, 10.47219944, 10.8204984665, 11.1571884155, 11.4938774109, 11.8421764374, 12.1904764175, 12.538775444, 12.8870744705, 13.235373497, 13.572063446, 13.9087524414, 14.2570514679, 14.5937414169, 14.9304304123, 15.2787294388, 15.6154193878, 15.9521083832, 16.3004074097, 16.637096405, 16.9737873077, 17.3104763031, 17.6471652985, 17.995464325, 18.3437633514, 18.6920623779, 19.0403633118, 19.3770523071, 19.7137413025, 20.062040329, 20.3987293243, 20.7354183197, 21.0837192535, 21.4204082489, 21.7570972443, 22.1053962708, 22.4536952972, 22.7903842926, 23.1386852264, 23.4869842529, 23.8468933105, 24.2068023682, 24.5667114258, 24.9150104523, 25.2749195099, 25.6348285675, 25.9947395325, 26.3546485901, 26.7029476166, 27.0744667053, 27.4227657318, 27.7710647583, 28.1309738159, 28.4908847809, 28.8507938385, 29.2107028961, 29.5590019226, 29.9189109802, 30.2788200378, 30.6271190643, 30.9870281219, 31.3469390869, 31.7068481445, 32.0667572021, 32.4266662598, 32.7865753174, 33.1348762512, 33.4947853088, 33.843082428, 34.2029914856, 34.5629005432, 34.9228096008, 35.2711105347, 35.6426315308, 35.9909286499, 36.3508377075, 36.7107467651, 37.059047699, 37.4189567566, 37.7788658142, 38.1271629333, 38.4870758057, 38.8469848633, 39.2068939209, 39.5668029785, 39.9267120361, 40.2866210938, 40.6349182129, 40.9948310852, 41.3547401428, 41.703037262, 42.0513381958, 42.4112472534, 42.771156311, 43.1310653687, 43.4909744263, 43.8392753601, 44.1991844177, 44.5590934753, 44.919002533, 45.2789115906, 45.6388206482, 45.9987297058, 46.347026825, 46.6953277588, 47.0552368164, 47.4035377502, 47.7518348694, 48.0885238647, 48.4252128601, 48.7619056702, 49.1102027893, 49.4352836609, 49.7603607178, 50.1086616516, 50.4569587708, 50.8052597046, 51.1535606384, 51.4902496338, 51.8269386292, 52.1752357483, 52.5119247437, 52.8486175537, 53.1853065491, 53.5219955444, 53.8702926636, 54.2069816589, 54.5436706543, 54.8919715881, 55.240272522, 55.5769615173, 55.9136505127, 56.2619476318, 56.5986366272, 56.9353294373, 57.2720184326, 57.608707428, 57.9570045471, 58.305305481, 58.6536026001, 58.9902954102, 59.3269844055, 59.6752815247, 60.01197052, 60.3602714539, 60.6969604492, 61.0336494446, 61.3703384399, 61.7186393738, 62.0553283691, 62.3920173645, 62.7403144836, 63.100227356, 63.4485244751, 63.7968254089, 64.1567306519, 64.5282516479, 64.899772644, 65.2712936401, 65.6195907593, 65.9678878784, 66.316192627, 66.6644897461, 67.0243988037, 67.3726959229, 67.7326049805, 68.0809020996, 68.4408187866, 68.8123321533, 69.1722412109, 69.5205459595, 69.8688430786, 70.2171401978, 70.5654373169, 70.9137420654, 71.2504272461, 71.5871200562, 71.9354171753, 72.2837142944, 72.6204071045, 72.9570999146, 73.3053970337, 73.6420822144, 73.9903869629, 74.3270721436, 74.6753692627, 75.0120620728, 75.3603591919, 75.697052002, 76.0337371826, 76.3704299927, 76.7071151733, 77.0438079834, 77.3921051025, 77.7287979126, 78.0654830933, 78.4137878418, 78.7736968994, 79.133605957, 79.4935150146, 79.8534240723, 80.2133331299, 80.5732421875, 80.9215393066, 81.2698364258, 81.6181411743, 81.9664382935, 82.3031311035, 82.6514282227, 82.9881134033, 83.3248062134, 83.661491394, 83.9981842041, 84.3348770142, 84.6831741333, 85.0314712524, 85.3797683716, 85.7164611816, 86.0647583008, 86.4014511108, 86.7381362915, 87.0748291016, 87.4231262207, 87.7714233398, 88.1197280884, 88.4680252075, 88.8279342651, 89.1994552612, 89.5709762573, 89.942489624, 90.3256225586, 90.6971435547, 91.0686569214, 91.428565979, 91.788482666, 92.1483917236, 92.5083007813, 92.8565979004, 93.2048950195, 93.5648040771, 93.9247131348, 94.2846221924, 94.64453125, 95.0044403076, 95.3643493652, 95.7126541138, 96.0841674805, 96.432472229, 96.7923812866, 97.1522903442, 97.5005874634, 97.860496521, 98.2204055786, 98.5803146362, 98.9402236938, 99.288520813, 99.6368255615, 99.9967346191, 100.356643677, 100.716552734, 101.076461792, 101.424758911, 101.784667969, 102.144577026, 102.504486084, 102.864395142, 103.21269989, 103.572608948, 103.932518005, 104.292427063, 104.652336121, 105.00063324, 105.372154236, 105.720451355, 106.080360413, 106.44026947, 106.788566589, 107.148475647, 107.508384705, 107.856689453, 108.216598511, 108.576507568, 108.936416626, 109.296325684, 109.644622803, 109.992919922, 110.352828979, 110.712738037, 111.072654724, 111.432563782, 111.780860901, 112.140769958, 112.500679016, 112.860588074, 113.220497131, 113.56879425, 113.928703308, 114.277008057, 114.613693237, 114.961990356, 115.298683167, 115.635368347, 115.972061157, 116.297142029, 116.633827209, 116.982131958, 117.330429077, 117.678726196, 118.027030945, 118.363716125, 118.886169434, 119.385391235, 119.884620667, 120.395462036, 120.906303406, 121.417137146, 122.102127075, 122.787117004, 123.472106934, 124.157096863, 124.830474854, 125.515464783, 126.200454712, 126.873832703, 127.558815002, 128.243804932, 128.92880249, 129.61378479, 130.321990967, 131.030197144, 131.750015259, 132.469833374, 133.189651489, 133.909469604, 134.61769104, 135.325897217, 136.045715332, 136.74230957, 137.438903809, 138.123901367, 138.808883667, 139.493881226, 140.178863525, 140.863845825, 141.548843384, 142.222213745, 142.895599365, 143.580581665, 144.265579224, 144.938949585, 145.623947144, 146.308929443, 146.982315063, 147.667297363, 148.352294922, 149.037277222, 149.722259521, 150.395645142, 151.069015503, 151.754013062, 152.438995361, 153.12399292, 153.80897522, 154.48236084, 155.155731201, 155.84072876, 156.52571106, 157.210693359, 157.895690918, 158.580673218, 159.265670776, 159.939041138, 160.612426758, 161.297409058, 161.982406616, 162.667388916, 163.352371216, 164.025756836, 164.710739136, 165.395736694, 166.069107056, 166.754104614, 167.439086914, 168.112472534, 168.797454834, 169.482452393, 170.155822754, 170.840820313, 171.525802612, 172.210784912, 172.895782471, 173.569152832, 174.254150391, 174.93913269, 175.624130249, 176.29750061, 176.982498169, 177.667480469, 178.352462769, 179.037460327, 179.722442627, 180.407440186, 181.080810547, 181.765808105, 182.439178467, 183.112564087, 183.797546387, 184.482528687, 185.167526245, 185.852508545, 186.537506104, 187.222488403, 187.895874023, 188.580856323, 189.265853882, 189.939224243, 190.624221802, 191.297592163, 191.982574463, 192.655960083, 193.317733765, 193.967880249, 194.618041992, 195.279815674, 195.941589355, 196.603347778, 197.276733398, 197.95010376, 198.635101318, 199.320083618, 200.005081177, 200.678451538, 201.363449097, 202.036819458, 202.710205078, 203.383575439, 204.05696106, 204.730331421, 205.426940918, 206.111923218, 206.796905518, 207.481903076, 208.166885376, 208.840270996, 209.525253296, 210.210250854, 210.895233154, 211.580215454, 212.265213013, 212.938583374, 213.623580933, 214.296951294, 214.981948853, 215.666931152, 216.351928711, 217.036911011, 217.721893311, 218.406890869, 219.091873169, 219.776870728, 220.485076904, 221.193283081, 221.901489258, 222.609695435, 223.32951355, 224.014511108, 224.711105347, 225.396102905, 226.081085205, 226.766067505, 227.439453125, 228.124435425, 228.809432983, 229.494415283, 230.167800903, 230.841171265, 231.526168823, 232.199539185, 232.872924805, 233.557907104, 234.242904663, 234.927886963]
    bpm_estimates: [172.265655518, 172.265655518, 172.265777588, 172.265533447, 172.265533447, 172.265777588, 172.265533447, 172.265777588, 172.265777588, 172.265777588, 172.265777588, 172.265777588, 172.265304565, 172.265777588, 172.265777588, 172.265777588, 172.265777588, 172.265777588, 172.265777588, 172.265777588, 172.265777588, 172.265777588, 172.264831543, 172.265777588, 172.264831543, 172.265777588, 172.265777588, 172.264831543, 172.265777588, 172.265777588, 172.265777588, 172.265777588, 172.265777588, 172.265777588, 172.265777588, 172.264831543, 172.266708374, 172.264831543, 172.266708374, 172.264831543, 172.266708374, 172.266708374, 172.266708374, 172.264831543, 172.264831543, 172.266708374, 172.264831543, 172.264831543, 172.266708374, 172.266708374, 172.264831543, 172.266708374, 172.264831543, 172.264831543, 172.266708374, 172.266708374, 172.264831543, 172.264831543, 172.266708374, 172.266708374, 172.264831543, 172.266708374, 172.266708374, 172.264831543, 172.264831543, 172.266708374, 172.266708374, 172.264831543, 172.266708374, 172.266708374, 172.262939453, 172.266708374, 172.266708374, 172.266708374, 172.262939453, 172.266708374, 172.266708374, 172.266708374, 172.262939453, 172.266708374, 172.266708374, 172.266708374, 172.262939453, 172.266708374, 172.266708374, 172.266708374, 172.262939453, 172.266708374, 172.266708374, 172.262939453, 172.266708374, 172.266708374, 172.266708374, 172.266708374, 172.266708374, 172.266708374, 172.266708374, 172.266708374, 172.262939453, 172.266708374, 172.266708374, 172.266708374, 172.262939453, 172.262939453, 172.266708374, 172.266708374, 172.262939453, 172.266708374, 172.262939453, 172.266708374, 172.266708374, 172.266708374, 172.262939453, 172.266708374, 172.266708374, 172.266708374, 172.266708374, 172.262939453, 172.266708374, 172.262939453, 172.266708374, 172.266708374, 172.262939453]
