
metadata:
    version:
        essentia: "2.1-beta2"
    audio_properties:
        analysis_sample_rate: 44100
        bitrate: 320
        channels: 2
        equal_loudness: 1
        length: 258.246520996
        replay_gain: -14.7376003265
        downmix: "mix"
    tags:
        album: "Greatest Hits - Hymns To The Rising Sun"
        artist: "Amon Amarth"
        comment: ""
        date: "2010"
        genre: "Melodic Death Metal"
        title: "Varyags Of Miklagaard"
        tracknumber: "04"

configuration:
    average_loudness:
        compute: 1
        frameSize: 88200
        hopSize: 44100
        silentFrames: "noise"
        windowType: "hann"
    general:
        analysisSampleRate: 44100
        endTime: 2000
        equalLoudness: 1
        nequalLoudness: 0
        shortSound: 0
        startTime: 0
    lowlevel:
        compute: 1
        frameSize: 2048
        hopSize: 1024
        zeroPadding: 0
        silentFrames: "noise"
        windowType: "blackmanharris62"
        mfccStats: ["mean", "cov", "icov"]
        stats: ["mean", "var", "median", "min", "max", "dmean", "dmean2", "dvar", "dvar2"]
    panning:
        compute: 0
        frameSize: 8192
        hopSize: 2048
        zeroPadding: 8192
        silentFrames: "noise"
        windowType: "hann"
        stats: ["copy"]
    rhythm:
        compute: 1
        maxTempo: 208
        minTempo: 40
        method: "degara"
        stats: ["mean", "var", "median", "min", "max", "dmean", "dmean2", "dvar", "dvar2"]
    segmentation:
        compute: 0
        cpw: 5
        inc1: 300
        inc2: 50
        minimumSegmentsLength: 10
        size1: 1000
        size2: 600
    sfx:
        compute: 1
        stats: ["mean", "var", "median", "min", "max", "dmean", "dmean2", "dvar", "dvar2"]
    svm:
        compute: 0
    tonal:
        compute: 1
        frameSize: 4096
        hopSize: 2048
        zeroPadding: 0
        silentFrames: "noise"
        windowType: "blackmanharris62"
        stats: ["mean", "var", "median", "min", "max", "dmean", "dmean2", "dvar", "dvar2"]

lowlevel:
    average_loudness: 0.937350392342
    barkbands_kurtosis:
        dmean: 1.21780788898
        dmean2: 2.13089299202
        dvar: 26.8721179962
        dvar2: 86.0471878052
        max: 249.263214111
        mean: 1.12292969227
        median: -1.28163468838
        min: -1.88180661201
        var: 231.561828613
    barkbands_skewness:
        dmean: 0.378939956427
        dmean2: 0.628712117672
        dvar: 0.17985984683
        dvar2: 0.512260615826
        max: 11.9465932846
        mean: 0.458544939756
        median: 0.21900062263
        min: -2.28090023994
        var: 1.27587080002
    barkbands_spread:
        dmean: 4.91889238358
        dmean2: 8.1257610321
        dvar: 24.1797065735
        dvar2: 63.6593818665
        max: 66.2042007446
        mean: 34.789390564
        median: 36.3310089111
        min: 0.268347799778
        var: 98.2969512939
    dissonance:
        dmean: 0.011158104986
        dmean2: 0.0192668363452
        dvar: 0.000108980668301
        dvar2: 0.00031882346957
        max: 0.500000178814
        mean: 0.480752110481
        median: 0.484541088343
        min: 0.330302417278
        var: 0.000277617975371
    hfc:
        dmean: 1.75551974773
        dmean2: 2.93558382988
        dvar: 4.64165353775
        dvar2: 12.5050640106
        max: 27.3758792877
        mean: 7.43144464493
        median: 7.37172985077
        min: 1.05978492577e-016
        var: 15.5192489624
    pitch:
        dmean: 675.740356445
        dmean2: 1306.32763672
        dvar: 1480735.625
        dvar2: 3850030.5
        max: 4613.17138672
        mean: 677.495239258
        median: 200.153671265
        min: 51.6023178101
        var: 1247100.25
    pitch_instantaneous_confidence:
        dmean: 0.0645290985703
        dmean2: 0.106002628803
        dvar: 0.00303230877034
        dvar2: 0.00779067119583
        max: 0.837242841721
        mean: 0.269483447075
        median: 0.247263729572
        min: 0.0970057249069
        var: 0.0096588069573
    pitch_salience:
        dmean: 0.0601211860776
        dmean2: 0.103159293532
        dvar: 0.00329020200297
        dvar2: 0.00963602587581
        max: 0.989710509777
        mean: 0.681157767773
        median: 0.701679587364
        min: 0.0386708639562
        var: 0.00996569544077
    silence_rate_20dB:
        dmean: 0
        dmean2: 0
        dvar: 0
        dvar2: 0
        max: 1
        mean: 1
        median: 1
        min: 1
        var: 0
    silence_rate_30dB:
        dmean: 0
        dmean2: 0
        dvar: 0
        dvar2: 0
        max: 1
        mean: 1
        median: 1
        min: 1
        var: 0
    silence_rate_60dB:
        dmean: 0.0588023737073
        dmean2: 0.117615319788
        dvar: 0.0553469993174
        dvar2: 0.126792103052
        max: 1
        mean: 0.197428748012
        median: 0
        min: 0
        var: 0.158448651433
    spectral_centroid:
        dmean: 239.778793335
        dmean2: 401.661346436
        dvar: 57194.2265625
        dvar2: 147058.46875
        max: 11786.1630859
        mean: 1495.67260742
        median: 1499.20983887
        min: 120.868865967
        var: 788884.125
    spectral_complexity:
        dmean: 3.87610149384
        dmean2: 6.29799461365
        dvar: 13.4955101013
        dvar2: 32.7920417786
        max: 48
        mean: 18.0950279236
        median: 19
        min: 0
        var: 83.7040100098
    spectral_crest:
        dmean: 1.78190362453
        dmean2: 3.03067111969
        dvar: 3.02465867996
        dvar2: 8.49598693848
        max: 23.2513504028
        mean: 5.74579524994
        median: 4.85676002502
        min: 2.15681767464
        var: 8.87236404419
    spectral_decrease:
        dmean: 3.09984898861e-010
        dmean2: 5.32193566993e-010
        dvar: 2.39875966991e-019
        dvar2: 6.68254298066e-019
        max: 1.54936225127e-028
        mean: -1.16100318248e-009
        median: -1.10846332113e-009
        min: -4.85048756715e-009
        var: 4.03840405945e-019
    spectral_energy:
        dmean: 0.00128826196305
        dmean2: 0.00220577744767
        dvar: 3.99687542085e-006
        dvar2: 1.10799255708e-005
        max: 0.0199704244733
        mean: 0.00505594303831
        median: 0.00487482594326
        min: 1.00017113972e-020
        var: 7.3231362876e-006
    spectral_energyband_high:
        dmean: 0.000158233189723
        dmean2: 0.000275104801403
        dvar: 4.10016802732e-008
        dvar2: 1.12603785851e-007
        max: 0.00263924803585
        mean: 0.000387760577723
        median: 0.000347751018126
        min: 7.15786606685e-021
        var: 6.87457912818e-008
    spectral_energyband_low:
        dmean: 0.000379312928999
        dmean2: 0.000651271897368
        dvar: 1.6412138848e-007
        dvar2: 4.56061627574e-007
        max: 0.00386557448655
        mean: 0.000634851283394
        median: 0.00051111925859
        min: 1.65890427506e-023
        var: 2.33564222185e-007
    spectral_energyband_middle_high:
        dmean: 0.000472802465083
        dmean2: 0.000765855773352
        dvar: 2.52752755614e-007
        dvar2: 6.4100521513e-007
        max: 0.00793168786913
        mean: 0.00212977291085
        median: 0.00203662761487
        min: 1.0972521543e-021
        var: 1.49894924562e-006
    spectral_energyband_middle_low:
        dmean: 0.00093160092365
        dmean2: 0.00161001493689
        dvar: 2.64133518613e-006
        dvar2: 7.50451408749e-006
        max: 0.0145826647058
        mean: 0.00214086496271
        median: 0.00181606982369
        min: 1.8041686878e-022
        var: 2.87540797217e-006
    spectral_flatness_db:
        dmean: 0.0131446383893
        dmean2: 0.0219465829432
        dvar: 0.000216335014557
        dvar2: 0.000597366364673
        max: 0.521146595478
        mean: 0.134602427483
        median: 0.124043039978
        min: 0.0465736500919
        var: 0.00249183294363
    spectral_flux:
        dmean: 0.00705770635977
        dmean2: 0.0109090460464
        dvar: 7.81420822022e-005
        dvar2: 0.000147210565046
        max: 0.113490007818
        mean: 0.0424346141517
        median: 0.0423117876053
        min: 6.38119626584e-011
        var: 0.0002661687613
    spectral_kurtosis:
        dmean: 1.31928312778
        dmean2: 2.2674343586
        dvar: 10.3444232941
        dvar2: 28.5290489197
        max: 145.609909058
        mean: 4.12456893921
        median: 2.84587931633
        min: -1.26578712463
        var: 75.6532669067
    spectral_rms:
        dmean: 0.000259914260823
        dmean2: 0.000436482339865
        dvar: 1.08592267622e-007
        dvar2: 2.92976778837e-007
        max: 0.0044139935635
        mean: 0.00211870018393
        median: 0.00218080892228
        min: 3.1237423672e-012
        var: 4.43755993729e-007
    spectral_rolloff:
        dmean: 380.654876709
        dmean2: 642.747802734
        dvar: 226193.578125
        dvar2: 569019.8125
        max: 19810.546875
        mean: 3151.95458984
        median: 3337.64648438
        min: 129.19921875
        var: 2372095.25
    spectral_skewness:
        dmean: 0.17460078001
        dmean2: 0.292383998632
        dvar: 0.0610639452934
        dvar2: 0.161516040564
        max: 10.0615062714
        mean: 1.34519255161
        median: 1.23760211468
        min: -0.0762161910534
        var: 0.563228607178
    spectral_spread:
        dmean: 400670.15625
        dmean2: 643360
        dvar: 347728412672
        dvar2: 761023430656
        max: 42524120
        mean: 4533282.5
        median: 4265003
        min: 706912.3125
        var: 9.3491078103e+012
    spectral_strongpeak:
        dmean: 0.197944656014
        dmean2: 0.351364970207
        dvar: 0.094744592905
        dvar2: 0.267274826765
        max: 3.56418466568
        mean: 0.259095996618
        median: 0.16598585248
        min: 0
        var: 0.0875090360641
    zerocrossingrate:
        dmean: 0.00688247382641
        dmean2: 0.00906624272466
        dvar: 4.9243302783e-005
        dvar2: 7.9157667642e-005
        max: 0.525390625
        mean: 0.0897453278303
        median: 0.09130859375
        min: 0.00537109375
        var: 0.0016246176092
    barkbands:
        dmean: [5.04902914145e-007, 0.000102975529444, 0.000215521227801, 0.000396776915295, 0.000476923945826, 0.000183022057172, 0.000137260649353, 9.34884083108e-005, 0.000173770356923, 0.000136550996103, 0.000104341845145, 6.66851119604e-005, 6.50676374789e-005, 6.88878426445e-005, 6.57837663312e-005, 9.88830579445e-005, 0.00013598172518, 0.000102981393866, 0.000151678032125, 0.000113292553579, 7.81018461566e-005, 3.32976705977e-005, 5.74016985411e-006, 1.51468736931e-006, 5.38857534593e-007, 1.44781679978e-008, 2.59204463449e-010]
        dmean2: [7.62348349781e-007, 0.000180228831596, 0.000370582129108, 0.000705646176357, 0.000838012841996, 0.000304638087982, 0.00022987597913, 0.000155374291353, 0.000286907510599, 0.000226098141866, 0.000173384847585, 0.000110435976239, 0.00010843022028, 0.00011512258061, 0.000110152832349, 0.000165855497471, 0.000229724289966, 0.000174444925506, 0.000256940955296, 0.000192343402887, 0.000135778114782, 5.89375667914e-005, 1.01647574411e-005, 2.54372525887e-006, 8.68618030836e-007, 2.27324346014e-008, 4.56580773189e-010]
        dvar: [3.57598309688e-013, 2.06893133736e-008, 6.12388504351e-008, 4.83895462366e-007, 9.28049189497e-007, 7.31040330493e-008, 3.81082649881e-008, 2.17002806835e-008, 7.37923215866e-008, 4.99108985252e-008, 4.04364364215e-008, 1.41768001782e-008, 1.08236202223e-008, 9.33818711246e-009, 7.84916043273e-009, 1.19630927387e-008, 2.36338930648e-008, 1.23330607948e-008, 2.64039723419e-008, 1.77348216113e-008, 9.24448251283e-009, 2.51289078435e-009, 8.11062397799e-011, 6.18572814498e-012, 8.40089716542e-013, 9.91031512903e-016, 1.02673108524e-019]
        dvar2: [8.08167226717e-013, 5.73909311186e-008, 1.6966797034e-007, 1.40449878927e-006, 2.66816437033e-006, 1.92112537434e-007, 1.02285135029e-007, 5.81287125101e-008, 2.01491047847e-007, 1.35839044901e-007, 1.07652205372e-007, 3.67075294605e-008, 2.78257896724e-008, 2.48083988907e-008, 2.12620143714e-008, 3.27481188833e-008, 6.56421619283e-008, 3.39460584087e-008, 7.40297636526e-008, 4.92436349475e-008, 2.54840895053e-008, 7.02143276854e-009, 2.18217111048e-010, 1.50348206107e-011, 1.89071956876e-012, 2.06961489233e-015, 3.02054022112e-019]
        max: [5.2770756156e-006, 0.00129320030101, 0.00258206110448, 0.00669097248465, 0.00895607098937, 0.00436128908768, 0.00264543993399, 0.00251729087904, 0.00401507504284, 0.00377050205134, 0.00366892851889, 0.0025040039327, 0.00187414686661, 0.00202775048092, 0.00218561594374, 0.00169180706143, 0.00358154461719, 0.00129058444872, 0.00198552804068, 0.00203719804995, 0.00125152920373, 0.000519668334164, 9.91403430817e-005, 4.42125674454e-005, 2.66772858595e-005, 1.13926284939e-006, 5.2382662652e-009]
        mean: [7.1585071737e-007, 0.00013436016161, 0.000299034814816, 0.000460901472252, 0.000617881771177, 0.000314984848956, 0.000217105523916, 0.00015200857888, 0.000310348143103, 0.000232249425608, 0.000168535043485, 0.000116714712931, 0.000117006442451, 0.00013005117944, 0.00013256969396, 0.000212640676182, 0.000302628061036, 0.000239770044573, 0.000364608393284, 0.000283818866592, 0.000176789428224, 5.88145085203e-005, 8.46311104397e-006, 2.82874952973e-006, 1.08905942398e-006, 2.97044291386e-008, 3.75334402447e-010]
        median: [4.11145066437e-007, 9.76049486781e-005, 0.000212250393815, 0.000253960257396, 0.000393112597521, 0.000202138209715, 0.000137066279422, 8.47296396387e-005, 0.000163958087796, 0.000114679787657, 6.30725771771e-005, 6.50182337267e-005, 7.51990010031e-005, 9.52396148932e-005, 0.000104213548184, 0.000184381759027, 0.000275417842204, 0.000218341490836, 0.000343611143762, 0.000261807115749, 0.000157871691044, 4.6342764108e-005, 5.47018862562e-006, 1.84883037946e-006, 6.66795983761e-007, 1.66234617183e-008, 2.49204462621e-010]
        min: [6.53067917414e-025, 2.3175394304e-024, 9.55992132045e-025, 3.90259251967e-025, 7.02999548803e-024, 8.32496746193e-024, 7.03396345838e-024, 3.33169289648e-024, 1.8157254054e-023, 1.24043888727e-023, 1.34632003463e-023, 2.81396971639e-023, 3.74917220813e-023, 2.46986322527e-023, 5.90033688988e-023, 4.24958328346e-023, 6.32129768136e-023, 7.1833137604e-023, 1.43333350662e-022, 1.07544940203e-022, 2.03099661653e-022, 3.42326076225e-022, 3.86631963028e-022, 4.68255716436e-022, 8.30260073092e-022, 1.28527721417e-021, 1.94790068459e-021]
        var: [6.13592239084e-013, 1.87145072772e-008, 8.38070448594e-008, 4.29552386549e-007, 7.15096916792e-007, 1.3200514104e-007, 6.34483114936e-008, 4.06449274237e-008, 1.56485640446e-007, 1.06817196865e-007, 7.99097179538e-008, 2.64056509991e-008, 2.12667998767e-008, 1.82893451495e-008, 1.56281760866e-008, 2.48082638876e-008, 4.48964065924e-008, 2.56992809256e-008, 5.3990611093e-008, 3.64717109846e-008, 1.52107730855e-008, 2.71498312721e-009, 9.05217359404e-011, 1.19331228926e-011, 2.01177204236e-012, 2.21988467816e-015, 1.66549274971e-019]
    frequency_bands:
        dmean: [5.04902914145e-007, 0.000102975529444, 0.000215521227801, 0.000396776915295, 0.000476923945826, 0.000183022057172, 0.000137260649353, 9.34884083108e-005, 0.000173770356923, 0.000136550996103, 0.000104341845145, 6.66851119604e-005, 6.50676374789e-005, 6.88878426445e-005, 6.57837663312e-005, 9.88830579445e-005, 0.00013598172518, 0.000102981393866, 0.000151678032125, 0.000113292553579, 7.81018461566e-005, 3.32976705977e-005, 5.74016985411e-006, 1.51468736931e-006, 5.38857534593e-007, 1.44781679978e-008, 2.59204463449e-010, 5.82692435969e-011]
        dmean2: [7.62348349781e-007, 0.000180228831596, 0.000370582129108, 0.000705646176357, 0.000838012841996, 0.000304638087982, 0.00022987597913, 0.000155374291353, 0.000286907510599, 0.000226098141866, 0.000173384847585, 0.000110435976239, 0.00010843022028, 0.00011512258061, 0.000110152832349, 0.000165855497471, 0.000229724289966, 0.000174444925506, 0.000256940955296, 0.000192343402887, 0.000135778114782, 5.89375667914e-005, 1.01647574411e-005, 2.54372525887e-006, 8.68618030836e-007, 2.27324346014e-008, 4.56580773189e-010, 1.08289814615e-010]
        dvar: [3.57598309688e-013, 2.06893133736e-008, 6.12388504351e-008, 4.83895462366e-007, 9.28049189497e-007, 7.31040330493e-008, 3.81082649881e-008, 2.17002806835e-008, 7.37923215866e-008, 4.99108985252e-008, 4.04364364215e-008, 1.41768001782e-008, 1.08236202223e-008, 9.33818711246e-009, 7.84916043273e-009, 1.19630927387e-008, 2.36338930648e-008, 1.23330607948e-008, 2.64039723419e-008, 1.77348216113e-008, 9.24448251283e-009, 2.51289078435e-009, 8.11062397799e-011, 6.18572814498e-012, 8.40089716542e-013, 9.91031512903e-016, 1.02673108524e-019, 6.48849237047e-021]
        dvar2: [8.08167226717e-013, 5.73909311186e-008, 1.6966797034e-007, 1.40449878927e-006, 2.66816437033e-006, 1.92112537434e-007, 1.02285135029e-007, 5.81287125101e-008, 2.01491047847e-007, 1.35839044901e-007, 1.07652205372e-007, 3.67075294605e-008, 2.78257896724e-008, 2.48083988907e-008, 2.12620143714e-008, 3.27481188833e-008, 6.56421619283e-008, 3.39460584087e-008, 7.40297636526e-008, 4.92436349475e-008, 2.54840895053e-008, 7.02143276854e-009, 2.18217111048e-010, 1.50348206107e-011, 1.89071956876e-012, 2.06961489233e-015, 3.02054022112e-019, 2.05134959644e-020]
        max: [5.2770756156e-006, 0.00129320030101, 0.00258206110448, 0.00669097248465, 0.00895607098937, 0.00436128908768, 0.00264543993399, 0.00251729087904, 0.00401507504284, 0.00377050205134, 0.00366892851889, 0.0025040039327, 0.00187414686661, 0.00202775048092, 0.00218561594374, 0.00169180706143, 0.00358154461719, 0.00129058444872, 0.00198552804068, 0.00203719804995, 0.00125152920373, 0.000519668334164, 9.91403430817e-005, 4.42125674454e-005, 2.66772858595e-005, 1.13926284939e-006, 5.2382662652e-009, 9.11246134105e-010]
        mean: [7.1585071737e-007, 0.00013436016161, 0.000299034814816, 0.000460901472252, 0.000617881771177, 0.000314984848956, 0.000217105523916, 0.00015200857888, 0.000310348143103, 0.000232249425608, 0.000168535043485, 0.000116714712931, 0.000117006442451, 0.00013005117944, 0.00013256969396, 0.000212640676182, 0.000302628061036, 0.000239770044573, 0.000364608393284, 0.000283818866592, 0.000176789428224, 5.88145085203e-005, 8.46311104397e-006, 2.82874952973e-006, 1.08905942398e-006, 2.97044291386e-008, 3.75334402447e-010, 4.54747801915e-011]
        median: [4.11145066437e-007, 9.76049486781e-005, 0.000212250393815, 0.000253960257396, 0.000393112597521, 0.000202138209715, 0.000137066279422, 8.47296396387e-005, 0.000163958087796, 0.000114679787657, 6.30725771771e-005, 6.50182337267e-005, 7.51990010031e-005, 9.52396148932e-005, 0.000104213548184, 0.000184381759027, 0.000275417842204, 0.000218341490836, 0.000343611143762, 0.000261807115749, 0.000157871691044, 4.6342764108e-005, 5.47018862562e-006, 1.84883037946e-006, 6.66795983761e-007, 1.66234617183e-008, 2.49204462621e-010, 1.75400492741e-011]
        min: [6.53067917414e-025, 2.3175394304e-024, 9.55992132045e-025, 3.90259251967e-025, 7.02999548803e-024, 8.32496746193e-024, 7.03396345838e-024, 3.33169289648e-024, 1.8157254054e-023, 1.24043888727e-023, 1.34632003463e-023, 2.81396971639e-023, 3.74917220813e-023, 2.46986322527e-023, 5.90033688988e-023, 4.24958328346e-023, 6.32129768136e-023, 7.1833137604e-023, 1.43333350662e-022, 1.07544940203e-022, 2.03099661653e-022, 3.42326076225e-022, 3.86631963028e-022, 4.68255716436e-022, 8.30260073092e-022, 1.28527721417e-021, 1.94790068459e-021, 5.75798687642e-022]
        var: [6.13592239084e-013, 1.87145072772e-008, 8.38070448594e-008, 4.29552386549e-007, 7.15096916792e-007, 1.3200514104e-007, 6.34483114936e-008, 4.06449274237e-008, 1.56485640446e-007, 1.06817196865e-007, 7.99097179538e-008, 2.64056509991e-008, 2.12667998767e-008, 1.82893451495e-008, 1.56281760866e-008, 2.48082638876e-008, 4.48964065924e-008, 2.56992809256e-008, 5.3990611093e-008, 3.64717109846e-008, 1.52107730855e-008, 2.71498312721e-009, 9.05217359404e-011, 1.19331228926e-011, 2.01177204236e-012, 2.21988467816e-015, 1.66549274971e-019, 5.20687415824e-021]
    mfcc:
        mean: [-698.581665039, 113.735321045, -45.3055038452, 55.859790802, -15.545797348, 1.68779110909, -0.747162222862, -2.30961370468, 3.10397624969, -5.29058361053, -4.74702882767, -5.53714084625, -6.06041669846]
        cov: [[7975.00146484, 606.554870605, -1296.88757324, 409.784759521, -616.520202637, -60.3099784851, -184.377960205, -32.6467895508, 4.83767271042, -58.0690689087, -37.4396095276, -35.5078086853, -61.2537612915], [606.554870605, 583.936096191, -163.973617554, 153.443862915, -53.431427002, -28.7373256683, 6.342461586, -22.5547714233, 33.7696418762, -30.2233409882, -7.82914495468, -11.7673826218, -3.09705662727], [-1296.88757324, -163.973617554, 534.835083008, -95.4002685547, 155.966522217, 18.6297416687, 33.2997055054, 28.4860038757, -37.8568725586, 9.91290092468, -23.2212314606, 5.43289136887, 5.73891878128], [409.784759521, 153.443862915, -95.4002685547, 195.419418335, 15.3219041824, 17.9045658112, -23.2358226776, -30.3045291901, 3.04055857658, -9.89949703217, 9.22236633301, -10.0697860718, -2.71613574028], [-616.520202637, -53.431427002, 155.966522217, 15.3219041824, 148.393234253, 38.584690094, 16.3737545013, -20.2757854462, -25.8006420135, 7.66197347641, 4.99712753296, -0.397143095732, 2.36040854454], [-60.3099784851, -28.7373256683, 18.6297416687, 17.9045658112, 38.584690094, 62.2779159546, 16.5558261871, -2.32401847839, -12.7434234619, 1.68978750706, 5.00959968567, 0.172969177365, 0.670049905777], [-184.377960205, 6.342461586, 33.2997055054, -23.2358226776, 16.3737545013, 16.5558261871, 67.6621704102, 30.3991241455, 7.2120347023, -2.79468870163, -6.26984500885, 1.14167022705, -0.411055773497], [-32.6467895508, -22.5547714233, 28.4860038757, -30.3045291901, -20.2757854462, -2.32401847839, 30.3991241455, 67.2593154907, 26.9812984467, 8.23693084717, -9.13655757904, 2.5896794796, 1.2399007082], [4.83767271042, 33.7696418762, -37.8568725586, 3.04055857658, -25.8006420135, -12.7434234619, 7.2120347023, 26.9812984467, 59.98072052, 19.3466262817, 8.97247123718, 0.463454544544, -0.830925762653], [-58.0690689087, -30.2233409882, 9.91290092468, -9.89949703217, 7.66197347641, 1.68978750706, -2.79468870163, 8.23693084717, 19.3466262817, 47.3027153015, 21.4612979889, 7.75230884552, -1.09738779068], [-37.4396095276, -7.82914495468, -23.2212314606, 9.22236633301, 4.99712753296, 5.00959968567, -6.26984500885, -9.13655757904, 8.97247123718, 21.4612979889, 45.612739563, 16.5218410492, 6.07451105118], [-35.5078086853, -11.7673826218, 5.43289136887, -10.0697860718, -0.397143095732, 0.172969177365, 1.14167022705, 2.5896794796, 0.463454544544, 7.75230884552, 16.5218410492, 40.192905426, 20.0013046265], [-61.2537612915, -3.09705662727, 5.73891878128, -2.71613574028, 2.36040854454, 0.670049905777, -0.411055773497, 1.2399007082, -0.830925762653, -1.09738779068, 6.07451105118, 20.0013046265, 39.2528572083]]
        icov: [[0.000316540361382, -8.8795364718e-005, 0.000475511886179, -0.000501530535985, 0.000965854211245, -0.000314377248287, 0.000454669818282, -0.000459869712358, 0.000934406649321, -0.000505749601871, 0.000582151697017, -0.000258558720816, 0.000396600516979], [-8.8795364718e-005, 0.00275799352676, -7.42455376894e-005, -0.00213998067193, 0.000602595042437, 0.00167745607905, -0.00232988409698, 0.00195751455612, -0.00192211708054, 0.00114634062629, 0.000548031937797, -0.000176658097189, -0.000212717073737], [0.000475511886179, -7.42455376894e-005, 0.00452034082264, 0.000775426451582, -0.00324572063982, 0.000805503630545, 0.00146361568477, -0.00370786967687, 0.00313329370692, -0.00126292789355, 0.00249754101969, -0.000963587372098, 0.000578328268602], [-0.000501530535985, -0.00213998067193, 0.000775426451582, 0.00971131864935, -0.00478712935001, -0.00290836440399, 0.00371560454369, 0.000150472784298, -0.00250007398427, 0.00273048086092, -0.00235547381453, 0.0018709510332, -0.000586610403843], [0.000965854211245, 0.000602595042437, -0.00324572063982, -0.00478712935001, 0.0185266193002, -0.00586905516684, -0.00384560553357, 0.00625777710229, 0.0035725068301, -0.00484463712201, 0.000858840881847, 0.000800430076197, -0.000154366920469], [-0.000314377248287, 0.00167745607905, 0.000805503630545, -0.00290836440399, -0.00586905516684, 0.023750865832, -0.00714373635128, -0.000973148737103, 0.00425276067108, -0.000910916365683, -0.00284611433744, 0.0012213147711, -0.000891136296559], [0.000454669818282, -0.00232988409698, 0.00146361568477, 0.00371560454369, -0.00384560553357, -0.00714373635128, 0.0255447030067, -0.0130353169516, 0.000251665071119, 0.0043054157868, 0.000253535312368, -0.0016314444365, 0.00251901056617], [-0.000459869712358, 0.00195751455612, -0.00370786967687, 0.000150472784298, 0.00625777710229, -0.000973148737103, -0.0130353169516, 0.0316497832537, -0.0136744687334, -0.003134066239, 0.00720645813271, -0.00215024198405, -0.00190324615687], [0.000934406649321, -0.00192211708054, 0.00313329370692, -0.00250007398427, 0.0035725068301, 0.00425276067108, 0.000251665071119, -0.0136744687334, 0.0326836332679, -0.0121854562312, -0.00290945032611, 0.00330241303891, -5.87607173657e-005], [-0.000505749601871, 0.00114634062629, -0.00126292789355, 0.00273048086092, -0.00484463712201, -0.000910916365683, 0.0043054157868, -0.003134066239, -0.0121854562312, 0.0360072366893, -0.0152563704178, -0.00182722951286, 0.00416651088744], [0.000582151697017, 0.000548031937797, 0.00249754101969, -0.00235547381453, 0.000858840881847, -0.00284611433744, 0.000253535312368, 0.00720645813271, -0.00290945032611, -0.0152563704178, 0.0386669524014, -0.0140653634444, 0.000890562892891], [-0.000258558720816, -0.000176658097189, -0.000963587372098, 0.0018709510332, 0.000800430076197, 0.0012213147711, -0.0016314444365, -0.00215024198405, 0.00330241303891, -0.00182722951286, -0.0140653634444, 0.0408238396049, -0.018771532923], [0.000396600516979, -0.000212717073737, 0.000578328268602, -0.000586610403843, -0.000154366920469, -0.000891136296559, 0.00251901056617, -0.00190324615687, -5.87607173657e-005, 0.00416651088744, 0.000890562892891, -0.018771532923, 0.0356062687933]]
    sccoeffs:
        dmean: [0.0590986385942, 0.0464867241681, 0.038106918335, 0.0257818624377, 0.0172113887966, 0.0174757298082]
        dmean2: [0.0995745137334, 0.0784618481994, 0.0641719251871, 0.043627679348, 0.0291857700795, 0.0282982718199]
        dvar: [0.00238323700614, 0.00133832904976, 0.000907967332751, 0.000413826870499, 0.000181143652298, 0.000241761663347]
        dvar2: [0.00675803050399, 0.00369727681391, 0.00253627449274, 0.00116234458983, 0.000516219704878, 0.000591380579863]
        max: [-0.361867308617, -0.550212562084, -0.590681970119, -0.683076322079, -0.725359797478, -0.594772279263]
        mean: [-0.664904594421, -0.769666910172, -0.791873812675, -0.815402567387, -0.817440927029, -0.727553129196]
        median: [-0.666763663292, -0.77088958025, -0.79355275631, -0.813946068287, -0.814126729965, -0.722803354263]
        min: [-0.975116491318, -0.994054913521, -0.994789659977, -0.9899097085, -0.987497150898, -0.963491857052]
        var: [0.00499790674075, 0.00319615704939, 0.00260429247282, 0.00128345016856, 0.00081878824858, 0.00202020723373]
    scvalleys:
        dmean: [0.361396402121, 0.335969001055, 0.284448206425, 0.227583140135, 0.203239232302, 0.299606651068]
        dmean2: [0.608869612217, 0.560968458652, 0.46608749032, 0.372561365366, 0.327183485031, 0.477597683668]
        dvar: [0.0925242230296, 0.0860470309854, 0.062786154449, 0.0523061789572, 0.0624223537743, 0.157307595015]
        dvar2: [0.239231273532, 0.211661711335, 0.140859469771, 0.112198382616, 0.134612485766, 0.362376987934]
        max: [-5.20136070251, -4.62425947189, -4.69008827209, -5.55100679398, -5.65401077271, -8.0470790863]
        mean: [-6.61211967468, -6.53157329559, -6.84255743027, -7.08749389648, -7.02177238464, -9.97554302216]
        median: [-6.31714773178, -6.20718717575, -6.52601528168, -6.68952226639, -6.58616685867, -9.58535385132]
        min: [-27.9752025604, -28.7206401825, -27.9349346161, -27.6740474701, -27.5094795227, -27.4311294556]
        var: [3.95780849457, 4.30140686035, 4.54469156265, 4.43934726715, 4.50653266907, 3.77328181267]

rhythm:
    beats_loudness:
        dmean: 0.00187836110126
        dmean2: 0.00348515831865
        dvar: 1.9544463612e-006
        dvar2: 6.44975125397e-006
        max: 0.0105758393183
        mean: 0.00566352531314
        median: 0.00611350871623
        min: 0
        var: 5.65811569686e-006
    bpm: 122.050918579
    bpm_confidence: 0
    first_peak_bpm: 123
    first_peak_spread: 0.348195284605
    first_peak_weight: 0.577067673206
    onset_rate: 3.016497612
    second_peak_bpm: 117
    second_peak_spread: 0.285714328289
    second_peak_weight: 0.0187969915569
    beats_loudness_band_ratio:
        dmean: [0.135123878717, 0.0693437084556, 0.0739991739392, 0.0582450963557, 0.056247971952, 0.0496889203787]
        dmean2: [0.248071476817, 0.119235612452, 0.129477217793, 0.102613195777, 0.0996563136578, 0.0864572748542]
        dvar: [0.0113160768524, 0.00386402616277, 0.00508226593956, 0.00397084653378, 0.00222329609096, 0.0019617062062]
        dvar2: [0.0343798957765, 0.0111307650805, 0.016148308292, 0.0123388236389, 0.00690686656162, 0.00577513501048]
        max: [0.991832494736, 0.490910619497, 0.495236098766, 0.462713599205, 0.415484428406, 0.417318880558]
        mean: [0.297252088785, 0.143047943711, 0.134706348181, 0.116325415671, 0.187224134803, 0.168548732996]
        median: [0.2564227283, 0.130114197731, 0.119306355715, 0.0949102640152, 0.190642654896, 0.173137009144]
        min: [0, 0, 0, 0, 0, 0]
        var: [0.0346282310784, 0.00588917173445, 0.00682472623885, 0.00558819295838, 0.00551582919434, 0.00446534715593]
    beats_position: [0.476009070873, 0.96362811327, 1.46285712719, 1.95047616959, 2.43809509277, 2.92571425438, 3.42494320869, 3.92417216301, 4.41179132462, 4.8994102478, 5.39863920212, 5.88625860214, 6.37387752533, 6.87310647964, 7.38394546509, 7.89478445053, 8.40562343597, 8.91646194458, 9.43891143799, 9.96135997772, 10.4838094711, 11.0062580109, 11.5170974731, 12.0163259506, 12.5155553818, 13.0031747818, 13.5024032593, 13.9900226593, 14.4892511368, 14.9768705368, 15.4644899368, 15.9521083832, 16.4397277832, 16.9389572144, 17.4381847382, 17.9258041382, 18.4134235382, 18.9126529694, 19.4002723694, 19.8994998932, 20.3871192932, 20.8747386932, 21.3623580933, 21.8499774933, 22.3492050171, 22.8484344482, 23.3360538483, 23.8236732483, 24.3112926483, 24.8105201721, 25.3097496033, 25.7973690033, 26.2849884033, 26.7726078033, 27.2718353271, 27.7710647583, 28.2586841583, 28.7579135895, 29.2571430206, 29.7447605133, 30.2323799133, 30.7199993134, 31.2076187134, 31.6952381134, 32.1828575134, 32.6936950684, 33.1813163757, 33.6689338684, 34.1565513611, 34.6557807922, 35.1550102234, 35.6426315308, 36.1302490234, 36.6178665161, 37.1054878235, 37.6047172546, 38.1039466858, 38.5915641785, 39.0791816711, 39.5668029785, 40.0544204712, 40.5536499023, 41.0528793335, 41.5404968262, 42.0281181335, 42.5157356262, 43.0149650574, 43.5141944885, 44.0018119812, 44.4894332886, 44.9770507813, 45.4646720886, 45.9522895813, 46.4515190125, 46.9507484436, 47.4383659363, 47.9259872437, 48.4136047363, 48.901222229, 49.4004516602, 49.8996810913, 50.3873023987, 50.8749198914, 51.362537384, 51.8501586914, 52.3493881226, 52.8486175537, 53.3362350464, 53.8238525391, 54.3114738464, 54.8107032776, 55.3099327087, 55.7975502014, 56.2851676941, 56.7727890015, 57.2720184326, 57.7712478638, 58.2588653564, 58.7464828491, 59.2341041565, 59.7217216492, 60.2209510803, 60.7201805115, 61.2077980042, 61.6954193115, 62.1830368042, 62.6706581116, 63.169883728, 63.6691131592, 64.1567306519, 64.6443557739, 65.1435852051, 65.6428070068, 66.1304321289, 66.6180496216, 67.1056671143, 67.5932846069, 68.0925140381, 68.5917434692, 69.0793609619, 69.566986084, 70.0546035767, 70.5422210693, 71.0414505005, 71.5406799316, 72.0282974243, 72.515914917, 73.0035324097, 73.4911575317, 73.9903869629, 74.489616394, 74.9772338867, 75.4648513794, 75.9524688721, 76.4400863647, 76.9277114868, 77.4385452271, 77.9261627197, 78.4137878418, 78.9014053345, 79.3890228271, 79.8882522583, 80.3874816895, 80.8750991821, 81.3627166748, 81.8503417969, 82.349571228, 82.8487930298, 83.3364181519, 83.8240356445, 84.3116531372, 84.8224945068, 85.3101119995, 85.7977294922, 86.2853469849, 86.7729721069, 87.2722015381, 87.7714233398, 88.2590484619, 88.7466659546, 89.2342834473, 89.7219009399, 90.2211303711, 90.7203598022, 91.2079772949, 91.695602417, 92.1832199097, 92.6708374023, 93.158454895, 93.6576843262, 94.1569137573, 94.64453125, 95.1321487427, 95.6313781738, 96.130607605, 96.6182327271, 97.1058502197, 97.5934677124, 98.0926971436, 98.5919265747, 99.0795440674, 99.5671615601, 100.054779053, 100.542404175, 101.030021667, 101.529251099, 102.02848053, 102.516098022, 103.003715515, 103.502944946, 104.002174377, 104.48979187, 104.977409363, 105.465034485, 105.952651978, 106.451881409, 106.95111084, 107.438728333, 107.926345825, 108.413963318, 108.913192749, 109.41242218, 109.900039673, 110.387664795, 110.875282288, 111.36289978, 111.862129211, 112.361358643, 112.848976135, 113.336593628, 113.82421875, 114.311836243, 114.799453735, 115.298683167, 115.797912598, 116.28553009, 116.773147583, 117.272377014, 117.771606445, 118.259223938, 118.74684906, 119.234466553, 119.722084045, 120.209701538, 120.708930969, 121.2081604, 121.695777893, 122.195007324, 122.682624817, 123.170249939, 123.66947937, 124.157096863, 124.644714355, 125.143943787, 125.643173218, 126.13079071, 126.618408203, 127.106025696, 127.605255127, 128.104492188, 128.592102051, 129.079727173, 129.567337036, 130.054962158, 130.54258728, 131.030197144, 131.529434204, 132.028656006, 132.516281128, 133.01550293, 133.503128052, 133.990753174, 134.489974976, 134.977600098, 135.465209961, 135.952835083, 136.452056885, 136.951293945, 137.438903809, 137.926528931, 138.425750732, 138.913375854, 139.401000977, 139.88861084, 140.3878479, 140.875457764, 141.363082886, 141.850692749, 142.34992981, 142.837554932, 143.336776733, 143.824401855, 144.312011719, 144.811248779, 145.310470581, 145.798095703, 146.285705566, 146.784942627, 147.284164429, 147.771789551, 148.259414673, 148.747024536, 149.234649658, 149.722259521, 150.221496582, 150.720718384, 151.208343506, 151.695953369, 152.183578491, 152.671203613, 153.158813477, 153.646438599, 154.1456604, 154.644897461, 155.144119263, 155.643356323, 156.130966187, 156.618591309, 157.106216431, 157.593826294, 158.093063354, 158.592285156, 159.079910278, 159.567520142, 160.055145264, 160.565979004, 161.053604126, 161.541213989, 162.028839111, 162.516464233, 163.004074097, 163.491699219, 163.990921021, 164.490158081, 164.977767944, 165.465393066, 165.953018188, 166.45223999, 166.951477051, 167.439086914, 167.926712036, 168.414321899, 168.901947021, 169.401168823, 169.888793945, 170.388031006, 170.875640869, 171.363265991, 171.850875854, 172.350112915, 172.849334717, 173.336959839, 173.824569702, 174.323806763, 174.823028564, 175.310653687, 175.798278809, 176.285888672, 176.773513794, 177.261123657, 177.760360718, 178.24798584, 178.747207642, 179.234832764, 179.722442627, 180.210067749, 180.709289551, 181.208526611, 181.696136475, 182.183761597, 182.671386719, 183.158996582, 183.658233643, 184.157455444, 184.645080566, 185.144302368, 185.63192749, 186.131149292, 186.618774414, 187.106384277, 187.594009399, 188.081634521, 188.580856323, 189.080093384, 189.567703247, 190.055328369, 190.542938232, 191.030563354, 191.518188477, 192.017410278, 192.516647339, 193.015869141, 193.503494263, 194.002716064, 194.490341187, 194.97795105, 195.465576172, 195.953201294, 196.440811157, 196.940048218, 197.43927002, 197.926895142, 198.414505005, 198.913742065, 199.412963867, 199.900588989, 200.388198853, 200.875823975, 201.363449097, 201.862670898, 202.361907959, 202.849517822, 203.337142944, 203.824752808, 204.31237793, 204.811599731, 205.310836792, 205.798446655, 206.286071777, 206.785308838, 207.28453064, 207.772155762, 208.259765625, 208.747390747, 209.23500061, 209.722625732, 210.221862793, 210.709472656, 211.208709717, 211.69631958, 212.183944702, 212.671554565, 213.159179688, 213.658401489, 214.15763855, 214.645263672, 215.132873535, 215.632110596, 216.131332397, 216.61895752, 217.106567383, 217.594192505, 218.081817627, 218.581039429, 219.08026123, 219.567886353, 220.055511475, 220.554733276, 221.042358398, 221.5415802, 222.029205322, 222.516815186, 223.004440308, 223.503662109, 224.00289917, 224.490524292, 224.978134155, 225.465759277, 225.964981079, 226.452606201, 226.951828003, 227.439453125, 227.927078247, 228.41468811, 228.902313232, 229.389923096, 229.889160156, 230.37677002, 230.87600708, 231.363616943, 231.874465942, 232.362075806, 232.849700928, 233.33732605, 233.824935913, 234.312561035, 234.800170898, 235.299407959, 235.798629761, 236.286254883, 236.773880005, 237.261489868, 237.74911499, 238.248336792, 238.747573853, 239.246795654, 239.653152466, 240.071105957, 240.46585083, 240.860580444, 241.243713379, 241.626846313, 242.009979248, 242.416320801, 242.822677612, 243.229019165, 243.635375977, 244.053329468, 244.471282959, 244.900863647, 245.318817139, 245.73677063, 246.15473938, 246.58430481, 246.990646362, 247.385391235, 247.780136108, 248.174865723, 248.581222534, 248.964355469, 249.347473145, 249.742218018, 250.125350952, 250.520080566, 250.914825439, 251.309570313, 251.715911865, 252.110656738, 252.516998291, 252.888519287, 253.260040283, 253.631561279, 254.014694214, 254.374603271, 254.746124268, 255.117630005, 255.489151001, 255.849060059, 256.208984375, 256.568878174, 256.92880249, 257.288696289, 257.648620605]
