
metadata:
    version:
        essentia: "2.1-beta2"
    audio_properties:
        analysis_sample_rate: 44100
        bitrate: 320
        channels: 2
        equal_loudness: 1
        length: 247.875915527
        replay_gain: -15.6464500427
        downmix: "mix"
    tags:
        album: "The Poison"
        artist: "Bullet For My Valentine"
        comment: ""
        date: "2006"
        genre: "Metal"
        title: "Spit You Out"
        tracknumber: "13"

configuration:
    average_loudness:
        compute: 1
        frameSize: 88200
        hopSize: 44100
        silentFrames: "noise"
        windowType: "hann"
    general:
        analysisSampleRate: 44100
        endTime: 2000
        equalLoudness: 1
        nequalLoudness: 0
        shortSound: 0
        startTime: 0
    lowlevel:
        compute: 1
        frameSize: 2048
        hopSize: 1024
        zeroPadding: 0
        silentFrames: "noise"
        windowType: "blackmanharris62"
        mfccStats: ["mean", "cov", "icov"]
        stats: ["mean", "var", "median", "min", "max", "dmean", "dmean2", "dvar", "dvar2"]
    panning:
        compute: 0
        frameSize: 8192
        hopSize: 2048
        zeroPadding: 8192
        silentFrames: "noise"
        windowType: "hann"
        stats: ["copy"]
    rhythm:
        compute: 1
        maxTempo: 208
        minTempo: 40
        method: "degara"
        stats: ["mean", "var", "median", "min", "max", "dmean", "dmean2", "dvar", "dvar2"]
    segmentation:
        compute: 0
        cpw: 5
        inc1: 300
        inc2: 50
        minimumSegmentsLength: 10
        size1: 1000
        size2: 600
    sfx:
        compute: 1
        stats: ["mean", "var", "median", "min", "max", "dmean", "dmean2", "dvar", "dvar2"]
    svm:
        compute: 0
    tonal:
        compute: 1
        frameSize: 4096
        hopSize: 2048
        zeroPadding: 0
        silentFrames: "noise"
        windowType: "blackmanharris62"
        stats: ["mean", "var", "median", "min", "max", "dmean", "dmean2", "dvar", "dvar2"]

lowlevel:
    average_loudness: 0.942439496517
    barkbands_kurtosis:
        dmean: 0.604217112064
        dmean2: 1.00513899326
        dvar: 0.559456467628
        dvar2: 1.45407760143
        max: 16.5708370209
        mean: -0.748648822308
        median: -0.973067343235
        min: -1.91151809692
        var: 0.992247581482
    barkbands_skewness:
        dmean: 0.391082823277
        dmean2: 0.618273019791
        dvar: 0.125437572598
        dvar2: 0.312394678593
        max: 3.77508163452
        mean: -0.46752306819
        median: -0.516808211803
        min: -3.56961655617
        var: 0.386985272169
    barkbands_spread:
        dmean: 5.76702642441
        dmean2: 9.30732440948
        dvar: 28.6291446686
        dvar2: 72.6627960205
        max: 73.1796264648
        mean: 35.709602356
        median: 35.2505340576
        min: 7.28308200836
        var: 110.032852173
    dissonance:
        dmean: 0.00872264429927
        dmean2: 0.0149343246594
        dvar: 8.37071274873e-005
        dvar2: 0.000212500235648
        max: 0.500000059605
        mean: 0.486608505249
        median: 0.489126563072
        min: 0.13253287971
        var: 0.000122321696836
    hfc:
        dmean: 3.2859389782
        dmean2: 5.54524755478
        dvar: 17.0189476013
        dvar2: 46.3843650818
        max: 37.0640144348
        mean: 11.928606987
        median: 11.3079223633
        min: 1.12758892058e-016
        var: 38.630695343
    pitch:
        dmean: 934.401855469
        dmean2: 1776.83825684
        dvar: 1716221.5
        dvar2: 4266031.5
        max: 4697.48779297
        mean: 2131.67358398
        median: 3265.16894531
        min: 58.335269928
        var: 2627711.75
    pitch_instantaneous_confidence:
        dmean: 0.0713990777731
        dmean2: 0.120118066669
        dvar: 0.00339131406508
        dvar2: 0.00910121481866
        max: 0.890273094177
        mean: 0.335350126028
        median: 0.324623525143
        min: 0.0928294062614
        var: 0.0102890888229
    pitch_salience:
        dmean: 0.0543204210699
        dmean2: 0.0900929644704
        dvar: 0.00231992430054
        dvar2: 0.00625924440101
        max: 0.960112094879
        mean: 0.681453168392
        median: 0.693649470806
        min: 0.189367055893
        var: 0.00540852500126
    silence_rate_20dB:
        dmean: 0
        dmean2: 0
        dvar: 0
        dvar2: 0
        max: 1
        mean: 1
        median: 1
        min: 1
        var: 0
    silence_rate_30dB:
        dmean: 0
        dmean2: 0
        dvar: 0
        dvar2: 0
        max: 1
        mean: 1
        median: 1
        min: 1
        var: 0
    silence_rate_60dB:
        dmean: 0.0575121752918
        dmean2: 0.115035131574
        dvar: 0.0541999489069
        dvar2: 0.121476083994
        max: 1
        mean: 0.186194628477
        median: 0
        min: 0
        var: 0.151523128152
    spectral_centroid:
        dmean: 311.582244873
        dmean2: 498.135925293
        dvar: 89316.8984375
        dvar2: 221623.453125
        max: 11811.8623047
        mean: 2185.1496582
        median: 2210.55419922
        min: 312.1015625
        var: 353462.40625
    spectral_complexity:
        dmean: 4.53053569794
        dmean2: 7.23522233963
        dvar: 17.9951858521
        dvar2: 44.2687568665
        max: 49
        mean: 21.5576477051
        median: 22
        min: 0
        var: 85.1615524292
    spectral_crest:
        dmean: 1.72338688374
        dmean2: 2.91054487228
        dvar: 2.90033125877
        dvar2: 7.65462017059
        max: 19.7579994202
        mean: 5.8652048111
        median: 5.29146194458
        min: 2.4568862915
        var: 4.80803871155
    spectral_decrease:
        dmean: 2.91899893146e-010
        dmean2: 4.90279816745e-010
        dvar: 1.49912953867e-019
        dvar2: 4.05479981316e-019
        max: 1.45918948905e-028
        mean: -1.14870724044e-009
        median: -1.0800097483e-009
        min: -3.8991232465e-009
        var: 3.11709598005e-019
    spectral_energy:
        dmean: 0.00135435711127
        dmean2: 0.0022807768546
        dvar: 3.05321532323e-006
        dvar2: 8.23500067781e-006
        max: 0.0172467306256
        mean: 0.00541746290401
        median: 0.00511153833941
        min: 1.03055160954e-020
        var: 6.75410046824e-006
    spectral_energyband_high:
        dmean: 0.000341905717505
        dmean2: 0.000597721722443
        dvar: 2.45101176688e-007
        dvar2: 6.83268353896e-007
        max: 0.00411010999233
        mean: 0.000775612599682
        median: 0.000644916552119
        min: 7.21693193247e-021
        var: 3.17456340326e-007
    spectral_energyband_low:
        dmean: 0.00025035845465
        dmean2: 0.000404821650591
        dvar: 1.0318731114e-007
        dvar2: 2.63478995066e-007
        max: 0.0045195533894
        mean: 0.000474898784887
        median: 0.000379294127924
        min: 2.57034438308e-023
        var: 1.80437595532e-007
    spectral_energyband_middle_high:
        dmean: 0.000763569492847
        dmean2: 0.00123261637054
        dvar: 6.13247721049e-007
        dvar2: 1.56575367782e-006
        max: 0.0103625860065
        mean: 0.00310987443663
        median: 0.00283576641232
        min: 1.27392407948e-021
        var: 3.07718164549e-006
    spectral_energyband_middle_low:
        dmean: 0.000616418838035
        dmean2: 0.00103509111796
        dvar: 1.32116326768e-006
        dvar2: 3.63133995052e-006
        max: 0.0107216946781
        mean: 0.00120009400416
        median: 0.000865378067829
        min: 1.72480069793e-022
        var: 1.38512166359e-006
    spectral_flatness_db:
        dmean: 0.0120976809412
        dmean2: 0.0192965753376
        dvar: 0.000111749162897
        dvar2: 0.000264841888566
        max: 0.317524880171
        mean: 0.14405938983
        median: 0.140491694212
        min: 0.0589357949793
        var: 0.000582944368944
    spectral_flux:
        dmean: 0.00740532344207
        dmean2: 0.0115072093904
        dvar: 7.09731539246e-005
        dvar2: 0.000131701934151
        max: 0.106917463243
        mean: 0.0453215800226
        median: 0.0450870580971
        min: 6.33977245701e-011
        var: 0.000237431828282
    spectral_kurtosis:
        dmean: 0.859041690826
        dmean2: 1.48655903339
        dvar: 0.759410917759
        dvar2: 2.3138422966
        max: 14.5406866074
        mean: 2.48048043251
        median: 2.22980093956
        min: -1.24162840843
        var: 1.79890847206
    spectral_rms:
        dmean: 0.000270433811238
        dmean2: 0.000446501508122
        dvar: 9.78040688437e-008
        dvar2: 2.58170302914e-007
        max: 0.00410196045414
        mean: 0.00222023413517
        median: 0.00223312946036
        min: 3.17082991808e-012
        var: 3.5587407865e-007
    spectral_rolloff:
        dmean: 289.162414551
        dmean2: 475.460235596
        dvar: 109309.929688
        dvar2: 262499.0625
        max: 19272.2167969
        mean: 3863.50585938
        median: 3854.44335938
        min: 129.19921875
        var: 557815.6875
    spectral_skewness:
        dmean: 0.139149338007
        dmean2: 0.234269589186
        dvar: 0.0157660674304
        dvar2: 0.0436238981783
        max: 3.19302201271
        mean: 0.987437963486
        median: 0.957738041878
        min: -0.0660076513886
        var: 0.0819552466273
    spectral_spread:
        dmean: 362771.90625
        dmean2: 555283.3125
        dvar: 252594388992
        dvar2: 513646919680
        max: 41599084
        mean: 4373401.5
        median: 4223308.5
        min: 1926671.625
        var: 2.78991523021e+012
    spectral_strongpeak:
        dmean: 0.535193026066
        dmean2: 0.93688338995
        dvar: 0.545829534531
        dvar2: 1.45997333527
        max: 7.02163267136
        mean: 0.695749461651
        median: 0.292290627956
        min: 6.16940332154e-010
        var: 0.815427601337
    zerocrossingrate:
        dmean: 0.00795894768089
        dmean2: 0.00993285235018
        dvar: 5.54619109607e-005
        dvar2: 7.28980521671e-005
        max: 0.5166015625
        mean: 0.119240775704
        median: 0.1201171875
        min: 0.0234375
        var: 0.000579650339205
    barkbands:
        dmean: [8.69691021421e-008, 5.52684396098e-005, 0.000180149581865, 0.000115537484817, 0.000331491406541, 9.04332628124e-005, 0.000129396430566, 7.86229647929e-005, 0.000114956783364, 0.000134560585138, 0.000138456030982, 8.66435220814e-005, 9.62530684774e-005, 8.11525023892e-005, 8.73275348567e-005, 0.00011707747035, 0.00016401996254, 0.000206721699215, 0.000276168691926, 0.000282831315417, 0.000164484386914, 7.13070403435e-005, 1.19279857245e-005, 2.76420064438e-006, 1.28790304643e-006, 2.32530634747e-008, 2.76779404951e-010]
        dmean2: [1.52872331682e-007, 8.82778840605e-005, 0.000291154370643, 0.000194174412172, 0.000570067437366, 0.000151906511746, 0.000216382046347, 0.000134451998747, 0.000182606425369, 0.000217264299863, 0.00022717093816, 0.000141942582559, 0.000161378527991, 0.000134532150696, 0.000141738186358, 0.000190594626474, 0.000272125820629, 0.000343550083926, 0.000461873481981, 0.000488994526677, 0.000283977977233, 0.000123481018818, 2.0589261112e-005, 4.53239863418e-006, 2.01599004868e-006, 3.52172264684e-008, 4.95108842813e-010]
        dvar: [1.99924627499e-014, 7.69898989006e-009, 5.57416086622e-008, 2.43334543626e-008, 6.59090346744e-007, 3.00922309293e-008, 1.09154299821e-007, 5.18280813822e-008, 7.77518067707e-008, 8.95484930652e-008, 9.45959328646e-008, 3.38537411437e-008, 4.07040197103e-008, 2.30917027721e-008, 4.01900699387e-008, 4.06326456925e-008, 4.2158394109e-008, 5.12084845639e-008, 7.42309396173e-008, 1.24240472132e-007, 4.37907736739e-008, 1.24755183961e-008, 3.73058389735e-010, 2.30358909031e-011, 8.38900563599e-012, 4.40922788935e-015, 1.7757989646e-019]
        dvar2: [6.31197500408e-014, 1.9143154617e-008, 1.3972761792e-007, 6.72587887607e-008, 1.84375051049e-006, 8.00373740617e-008, 2.75698795349e-007, 1.39684487976e-007, 1.89547634477e-007, 2.25952902611e-007, 2.47090667926e-007, 8.7781899083e-008, 1.11842453521e-007, 6.02271015282e-008, 9.97186475615e-008, 9.51632372903e-008, 1.11739318243e-007, 1.37574517112e-007, 2.0508839782e-007, 3.50720114284e-007, 1.22202777675e-007, 3.32354197496e-008, 1.00480224141e-009, 5.56702080268e-011, 1.63904324141e-011, 9.13822257475e-015, 5.119851462e-019]
        max: [1.48993854054e-006, 0.000927340006456, 0.003510419745, 0.00276110414416, 0.00697519443929, 0.00318992813118, 0.0068984720856, 0.00667821569368, 0.00663130264729, 0.00589437922463, 0.00424961838871, 0.00428247218952, 0.00391305424273, 0.00254946807399, 0.00420551002026, 0.0065041789785, 0.00467344420031, 0.00347034051083, 0.00458203675225, 0.00402979273349, 0.00218707509339, 0.00168557651341, 0.000334003474563, 0.000101832723885, 0.000101476623968, 2.86387557935e-006, 7.82723397208e-009]
        mean: [1.08648229968e-007, 8.2596532593e-005, 0.0002952706418, 0.000172786094481, 0.000357190321665, 0.00014820038632, 0.000168017868418, 0.000103297068563, 0.000189621932805, 0.000209716148674, 0.000215786945773, 0.000146567792399, 0.000158241702593, 0.000138159928611, 0.000155473695486, 0.000237309126533, 0.000333007163135, 0.00048219106975, 0.000718304305337, 0.000595744175371, 0.000357807613909, 0.000124210171634, 2.02366991289e-005, 5.25618816027e-006, 2.3103782496e-006, 4.59900491023e-008, 3.18008452904e-010]
        median: [2.63009063417e-008, 4.54970722785e-005, 0.00021486429614, 0.000120546450489, 0.000137296097819, 9.51390175032e-005, 7.72250059526e-005, 4.5306100219e-005, 9.22587059904e-005, 6.78604483255e-005, 5.43250134797e-005, 4.62968018837e-005, 4.92696781293e-005, 6.4748339355e-005, 7.18354567653e-005, 0.000178570277058, 0.00026849238202, 0.000412872963352, 0.000651841808576, 0.000473968219012, 0.000310211471515, 8.72150121722e-005, 1.2952198631e-005, 3.51180347025e-006, 1.09622726541e-006, 2.04143031368e-008, 1.60033528096e-010]
        min: [2.0283191595e-024, 6.00801316911e-024, 3.5081898744e-024, 3.75758469971e-024, 3.12853494432e-023, 1.77680190393e-023, 1.82722589299e-023, 1.09348269922e-023, 1.64822104736e-023, 2.21409022289e-023, 3.49512176242e-023, 4.47365890805e-023, 3.31667448368e-023, 5.0026292725e-023, 4.7319774068e-023, 8.73320834464e-023, 1.05581976592e-022, 1.340098478e-022, 1.72513946635e-022, 1.96790251158e-022, 2.9630887875e-022, 3.27861850833e-022, 4.52416954559e-022, 5.71588417084e-022, 8.90693583703e-022, 1.4171051863e-021, 2.14626328068e-021]
        var: [2.44443374776e-014, 1.04330188933e-008, 9.26924244027e-008, 3.53788927043e-008, 5.0441002486e-007, 3.49620670193e-008, 1.16783091642e-007, 6.08390919865e-008, 1.4625497613e-007, 1.6179652107e-007, 1.77948734859e-007, 6.82763285909e-008, 7.26042372889e-008, 4.18099652677e-008, 7.59534941608e-008, 8.09450639849e-008, 7.30849549768e-008, 1.1284792123e-007, 1.72417671251e-007, 1.98198804924e-007, 5.96116862539e-008, 1.65557416665e-008, 5.89515769533e-010, 4.76013707618e-011, 2.39700533727e-011, 8.5946637448e-015, 2.12936361726e-019]
    frequency_bands:
        dmean: [8.69691021421e-008, 5.52684396098e-005, 0.000180149581865, 0.000115537484817, 0.000331491406541, 9.04332628124e-005, 0.000129396430566, 7.86229647929e-005, 0.000114956783364, 0.000134560585138, 0.000138456030982, 8.66435220814e-005, 9.62530684774e-005, 8.11525023892e-005, 8.73275348567e-005, 0.00011707747035, 0.00016401996254, 0.000206721699215, 0.000276168691926, 0.000282831315417, 0.000164484386914, 7.13070403435e-005, 1.19279857245e-005, 2.76420064438e-006, 1.28790304643e-006, 2.32530634747e-008, 2.76779404951e-010, 6.22185428178e-011]
        dmean2: [1.52872331682e-007, 8.82778840605e-005, 0.000291154370643, 0.000194174412172, 0.000570067437366, 0.000151906511746, 0.000216382046347, 0.000134451998747, 0.000182606425369, 0.000217264299863, 0.00022717093816, 0.000141942582559, 0.000161378527991, 0.000134532150696, 0.000141738186358, 0.000190594626474, 0.000272125820629, 0.000343550083926, 0.000461873481981, 0.000488994526677, 0.000283977977233, 0.000123481018818, 2.0589261112e-005, 4.53239863418e-006, 2.01599004868e-006, 3.52172264684e-008, 4.95108842813e-010, 1.15414879043e-010]
        dvar: [1.99924627499e-014, 7.69898989006e-009, 5.57416086622e-008, 2.43334543626e-008, 6.59090346744e-007, 3.00922309293e-008, 1.09154299821e-007, 5.18280813822e-008, 7.77518067707e-008, 8.95484930652e-008, 9.45959328646e-008, 3.38537411437e-008, 4.07040197103e-008, 2.30917027721e-008, 4.01900699387e-008, 4.06326456925e-008, 4.2158394109e-008, 5.12084845639e-008, 7.42309396173e-008, 1.24240472132e-007, 4.37907736739e-008, 1.24755183961e-008, 3.73058389735e-010, 2.30358909031e-011, 8.38900563599e-012, 4.40922788935e-015, 1.7757989646e-019, 8.00096344385e-021]
        dvar2: [6.31197500408e-014, 1.9143154617e-008, 1.3972761792e-007, 6.72587887607e-008, 1.84375051049e-006, 8.00373740617e-008, 2.75698795349e-007, 1.39684487976e-007, 1.89547634477e-007, 2.25952902611e-007, 2.47090667926e-007, 8.7781899083e-008, 1.11842453521e-007, 6.02271015282e-008, 9.97186475615e-008, 9.51632372903e-008, 1.11739318243e-007, 1.37574517112e-007, 2.0508839782e-007, 3.50720114284e-007, 1.22202777675e-007, 3.32354197496e-008, 1.00480224141e-009, 5.56702080268e-011, 1.63904324141e-011, 9.13822257475e-015, 5.119851462e-019, 2.54629440843e-020]
        max: [1.48993854054e-006, 0.000927340006456, 0.003510419745, 0.00276110414416, 0.00697519443929, 0.00318992813118, 0.0068984720856, 0.00667821569368, 0.00663130264729, 0.00589437922463, 0.00424961838871, 0.00428247218952, 0.00391305424273, 0.00254946807399, 0.00420551002026, 0.0065041789785, 0.00467344420031, 0.00347034051083, 0.00458203675225, 0.00402979273349, 0.00218707509339, 0.00168557651341, 0.000334003474563, 0.000101832723885, 0.000101476623968, 2.86387557935e-006, 7.82723397208e-009, 1.35748368102e-009]
        mean: [1.08648229968e-007, 8.2596532593e-005, 0.0002952706418, 0.000172786094481, 0.000357190321665, 0.00014820038632, 0.000168017868418, 0.000103297068563, 0.000189621932805, 0.000209716148674, 0.000215786945773, 0.000146567792399, 0.000158241702593, 0.000138159928611, 0.000155473695486, 0.000237309126533, 0.000333007163135, 0.00048219106975, 0.000718304305337, 0.000595744175371, 0.000357807613909, 0.000124210171634, 2.02366991289e-005, 5.25618816027e-006, 2.3103782496e-006, 4.59900491023e-008, 3.18008452904e-010, 4.80714947015e-011]
        median: [2.63009063417e-008, 4.54970722785e-005, 0.00021486429614, 0.000120546450489, 0.000137296097819, 9.51390175032e-005, 7.72250059526e-005, 4.5306100219e-005, 9.22587059904e-005, 6.78604483255e-005, 5.43250134797e-005, 4.62968018837e-005, 4.92696781293e-005, 6.4748339355e-005, 7.18354567653e-005, 0.000178570277058, 0.00026849238202, 0.000412872963352, 0.000651841808576, 0.000473968219012, 0.000310211471515, 8.72150121722e-005, 1.2952198631e-005, 3.51180347025e-006, 1.09622726541e-006, 2.04143031368e-008, 1.60033528096e-010, 1.84548470256e-011]
        min: [2.0283191595e-024, 6.00801316911e-024, 3.5081898744e-024, 3.75758469971e-024, 3.12853494432e-023, 1.77680190393e-023, 1.82722589299e-023, 1.09348269922e-023, 1.64822104736e-023, 2.21409022289e-023, 3.49512176242e-023, 4.47365890805e-023, 3.31667448368e-023, 5.0026292725e-023, 4.7319774068e-023, 8.73320834464e-023, 1.05581976592e-022, 1.340098478e-022, 1.72513946635e-022, 1.96790251158e-022, 2.9630887875e-022, 3.27861850833e-022, 4.52416954559e-022, 5.71588417084e-022, 8.90693583703e-022, 1.4171051863e-021, 2.14626328068e-021, 5.72323660691e-022]
        var: [2.44443374776e-014, 1.04330188933e-008, 9.26924244027e-008, 3.53788927043e-008, 5.0441002486e-007, 3.49620670193e-008, 1.16783091642e-007, 6.08390919865e-008, 1.4625497613e-007, 1.6179652107e-007, 1.77948734859e-007, 6.82763285909e-008, 7.26042372889e-008, 4.18099652677e-008, 7.59534941608e-008, 8.09450639849e-008, 7.30849549768e-008, 1.1284792123e-007, 1.72417671251e-007, 1.98198804924e-007, 5.96116862539e-008, 1.65557416665e-008, 5.89515769533e-010, 4.76013707618e-011, 2.39700533727e-011, 8.5946637448e-015, 2.12936361726e-019, 6.26181176309e-021]
    mfcc:
        mean: [-686.229675293, 84.5872344971, -54.9272041321, 61.2258834839, -20.3204574585, 1.36899280548, 2.46683502197, 0.883628904819, 0.301899373531, -5.9998421669, -3.22540426254, -6.22881317139, -5.13396024704]
        cov: [[4196.38623047, 165.743377686, -216.640289307, 101.30581665, -264.868927002, 2.59066581726, -66.7690429688, 69.2959289551, -49.1343383789, -30.0512275696, -21.2034873962, -26.1965179443, -6.63695526123], [165.743377686, 563.836547852, -225.155883789, 165.891494751, -3.46237945557, 24.9484119415, 78.3846893311, -8.29896450043, 5.18643283844, -37.4383659363, 7.86563301086, -5.40137720108, -9.82695960999], [-216.640289307, -225.155883789, 502.748413086, 83.4011764526, 124.283744812, -8.30226802826, -77.0685272217, 1.32437634468, -3.41661596298, 31.0304279327, -7.55162143707, 26.9159393311, 30.2752971649], [101.30581665, 165.891494751, 83.4011764526, 371.194671631, 86.4473724365, 9.95491886139, -60.3845939636, -21.439119339, 58.3831138611, 32.9504928589, 11.1847877502, 9.72729301453, 23.6434211731], [-264.868927002, -3.46237945557, 124.283744812, 86.4473724365, 171.534866333, 42.6723594666, -3.19496917725, -23.2608222961, 21.4976196289, 29.1457099915, 5.92380046844, 10.2298793793, 5.15021324158], [2.59066581726, 24.9484119415, -8.30226802826, 9.95491886139, 42.6723594666, 114.228363037, 72.6024017334, 33.4346923828, -10.8442668915, 10.4471473694, 5.01129961014, 11.3679666519, 5.6913933754], [-66.7690429688, 78.3846893311, -77.0685272217, -60.3845939636, -3.19496917725, 72.6024017334, 165.616622925, 63.1261520386, -4.89263963699, -20.7816944122, 2.2686226368, 13.6158542633, -3.17360043526], [69.2959289551, -8.29896450043, 1.32437634468, -21.439119339, -23.2608222961, 33.4346923828, 63.1261520386, 115.153755188, 36.9978637695, 28.1575622559, -0.115121163428, 9.35423374176, 7.32108449936], [-49.1343383789, 5.18643283844, -3.41661596298, 58.3831138611, 21.4976196289, -10.8442668915, -4.89263963699, 36.9978637695, 99.9816741943, 51.0422515869, 18.5967388153, -0.697909832001, 4.68144321442], [-30.0512275696, -37.4383659363, 31.0304279327, 32.9504928589, 29.1457099915, 10.4471473694, -20.7816944122, 28.1575622559, 51.0422515869, 95.9238510132, 32.2413368225, 10.9591178894, 4.56460618973], [-21.2034873962, 7.86563301086, -7.55162143707, 11.1847877502, 5.92380046844, 5.01129961014, 2.2686226368, -0.115121163428, 18.5967388153, 32.2413368225, 58.2812423706, 27.5994815826, 10.4360551834], [-26.1965179443, -5.40137720108, 26.9159393311, 9.72729301453, 10.2298793793, 11.3679666519, 13.6158542633, 9.35423374176, -0.697909832001, 10.9591178894, 27.5994815826, 56.3683891296, 30.4222869873], [-6.63695526123, -9.82695960999, 30.2752971649, 23.6434211731, 5.15021324158, 5.6913933754, -3.17360043526, 7.32108449936, 4.68144321442, 4.56460618973, 10.4360551834, 30.4222869873, 60.4881515503]]
        icov: [[0.000294031196972, -4.66218443762e-005, 5.98302503931e-005, -0.000184399221325, 0.000496550172102, -0.000294738449156, 0.000380068144295, -0.00033216693555, 0.00023053867335, 5.42439447599e-005, -1.31818587761e-005, 2.30262521654e-005, 8.11747377156e-005], [-4.66218443762e-005, 0.00349167385139, 0.00172162277158, -0.00243758270517, -0.000723318138625, 0.00127859693021, -0.0021202431526, -0.000229228739045, 0.00126408576034, 0.000886708556209, -0.000924598483834, 0.000491473590955, 0.000258614163613], [5.98302503931e-005, 0.00172162277158, 0.00409760512412, -0.00138667796273, -0.00326003576629, 0.00176295649726, 0.00100719602779, -0.0027627449017, 0.00267614354379, 0.000296340207569, 0.000238607157371, -0.000930473557673, -0.000526382995304], [-0.000184399221325, -0.00243758270517, -0.00138667796273, 0.0056095123291, -0.000890827854164, -0.00222126184963, 0.00294427061453, 0.0011717317393, -0.00386488740332, 0.000227875629207, 0.000888017006218, -0.000884896377102, -0.00104354252107], [0.000496550172102, -0.000723318138625, -0.00326003576629, -0.000890827854164, 0.0127991065383, -0.00619982974604, -0.00122757395729, 0.00672532198951, -0.00454888772219, -0.0026008086279, 0.00275895232335, -0.00171280489303, 0.00146582897287], [-0.000294738449156, 0.00127859693021, 0.00176295649726, -0.00222126184963, -0.00619982974604, 0.0183179304004, -0.00774735352024, -0.00413023866713, 0.00797828193754, -0.00393659435213, -0.00128423317801, 0.00215344806202, -0.00212292629294], [0.000380068144295, -0.0021202431526, 0.00100719602779, 0.00294427061453, -0.00122757395729, -0.00774735352024, 0.0162153784186, -0.00773827638477, -0.00150971661787, 0.00665909424424, -0.00179728376679, -0.00358719262294, 0.00239169225097], [-0.00033216693555, -0.000229228739045, -0.0027627449017, 0.0011717317393, 0.00672532198951, -0.00413023866713, -0.00773827638477, 0.0206413250417, -0.00894167553633, -0.00633363658562, 0.00726439384744, -0.00300164171495, -0.000810860248748], [0.00023053867335, 0.00126408576034, 0.00267614354379, -0.00386488740332, -0.00454888772219, 0.00797828193754, -0.00150971661787, -0.00894167553633, 0.0219927728176, -0.00681368075311, -0.00479263905436, 0.00584548991174, -0.00225946796127], [5.42439447599e-005, 0.000886708556209, 0.000296340207569, 0.000227875629207, -0.0026008086279, -0.00393659435213, 0.00665909424424, -0.00633363658562, -0.00681368075311, 0.0220936555415, -0.010260633193, 9.21320752241e-005, 0.00220444216393], [-1.31818587761e-005, -0.000924598483834, 0.000238607157371, 0.000888017006218, 0.00275895232335, -0.00128423317801, -0.00179728376679, 0.00726439384744, -0.00479263905436, -0.010260633193, 0.0314371436834, -0.0159247480333, 0.00202484871261], [2.30262521654e-005, 0.000491473590955, -0.000930473557673, -0.000884896377102, -0.00171280489303, 0.00215344806202, -0.00358719262294, -0.00300164171495, 0.00584548991174, 9.21320752241e-005, -0.0159247480333, 0.0352845042944, -0.0144457826391], [8.11747377156e-005, 0.000258614163613, -0.000526382995304, -0.00104354252107, 0.00146582897287, -0.00212292629294, 0.00239169225097, -0.000810860248748, -0.00225946796127, 0.00220444216393, 0.00202484871261, -0.0144457826391, 0.0244776308537]]
    sccoeffs:
        dmean: [0.0568355247378, 0.0466490872204, 0.0395892672241, 0.0295242704451, 0.0184765215963, 0.0177208539099]
        dmean2: [0.0927609279752, 0.0767167657614, 0.0654862076044, 0.0494398102164, 0.0313551314175, 0.0281670931727]
        dvar: [0.00222057616338, 0.00147539703175, 0.00103032949846, 0.00056022638455, 0.000205525473575, 0.000242859649006]
        dvar2: [0.00598777644336, 0.00392876705155, 0.00277900020592, 0.00153383542784, 0.00057433580514, 0.000565476948395]
        max: [-0.275432825089, -0.478428781033, -0.503891468048, -0.575195729733, -0.619446158409, -0.525378227234]
        mean: [-0.628489017487, -0.77472871542, -0.77983468771, -0.792019724846, -0.801895439625, -0.702966153622]
        median: [-0.629764735699, -0.780890762806, -0.788056850433, -0.797624826431, -0.803048253059, -0.703140676022]
        min: [-0.986465394497, -0.970504641533, -0.971518456936, -0.967805981636, -0.965265870094, -0.964952945709]
        var: [0.00569999450818, 0.0037199947983, 0.00369126209989, 0.00199574721046, 0.000683134479914, 0.00192675471772]
    scvalleys:
        dmean: [0.410490363836, 0.355016976595, 0.298090875149, 0.224213168025, 0.196299418807, 0.282387018204]
        dmean2: [0.670108497143, 0.591370046139, 0.477610230446, 0.362144470215, 0.315046578646, 0.435607194901]
        dvar: [0.120614007115, 0.106200918555, 0.0683909580112, 0.042487192899, 0.0449713654816, 0.152640759945]
        dvar2: [0.297440111637, 0.263483285904, 0.154314309359, 0.0910670161247, 0.0956330299377, 0.342562377453]
        max: [-5.4593462944, -4.79275178909, -4.79929447174, -5.38416433334, -5.54079246521, -7.60887861252]
        mean: [-7.21349096298, -6.7103676796, -6.86641836166, -7.01381826401, -6.52225446701, -9.56915855408]
        median: [-7.03366041183, -6.5564661026, -6.77321052551, -6.88619041443, -6.35145139694, -9.32250404358]
        min: [-27.8159980774, -27.805557251, -27.6818466187, -27.7139778137, -27.4995365143, -27.2942485809]
        var: [1.62493669987, 1.59436094761, 1.60912251472, 1.51243257523, 1.52335751057, 1.75435042381]

rhythm:
    beats_loudness:
        dmean: 0.00132504408248
        dmean2: 0.00223537604325
        dvar: 1.18193156595e-006
        dvar2: 3.28085297951e-006
        max: 0.0117390984669
        mean: 0.00556206470355
        median: 0.00540723465383
        min: 1.71846356589e-010
        var: 4.13147654399e-006
    bpm: 110.046569824
    bpm_confidence: 0
    first_peak_bpm: 110
    first_peak_spread: 0.540462434292
    first_peak_weight: 0.354120254517
    onset_rate: 3.30003857613
    second_peak_bpm: 103
    second_peak_spread: 0.40000000596
    second_peak_weight: 0.106904231012
    beats_loudness_band_ratio:
        dmean: [0.0868946909904, 0.0880689695477, 0.0657839328051, 0.0994537547231, 0.0941850170493, 0.0939845368266]
        dmean2: [0.149911791086, 0.160127863288, 0.115165099502, 0.176615819335, 0.165009647608, 0.161305993795]
        dvar: [0.006097975187, 0.00702159898356, 0.00724211428314, 0.0108735570684, 0.00639989320189, 0.0064173550345]
        dvar2: [0.0170940104872, 0.0215837527066, 0.0195833537728, 0.0336404815316, 0.0197985302657, 0.0183739159256]
        max: [0.72581923008, 0.530202388763, 0.577430069447, 0.567470788956, 0.652705609798, 0.633939981461]
        mean: [0.167238548398, 0.116444207728, 0.0965387970209, 0.127364993095, 0.244414046407, 0.302260547876]
        median: [0.145893245935, 0.0979928672314, 0.0734505578876, 0.0764595940709, 0.229660898447, 0.286432355642]
        min: [0.00281350128353, 0.00329262088053, 0.00461238995194, 0.00586515245959, 0.0269559957087, 0.0586821436882]
        var: [0.0113180922344, 0.00844816211611, 0.00658174790442, 0.0126155447215, 0.00807335413992, 0.00930517818779]
    beats_position: [0.580498874187, 1.16099774837, 1.74149656296, 2.32199549675, 2.90249419212, 3.48299312592, 4.06349182129, 4.6439909935, 5.22448968887, 5.80498838425, 6.38548755646, 6.9543762207, 7.52326536179, 8.09215450287, 8.66104316711, 9.24154186249, 9.82204055786, 10.4025392532, 10.9830379486, 11.5635375977, 12.144036293, 12.7245349884, 13.3050336838, 13.8855323792, 14.4660310745, 15.0465307236, 15.6270294189, 16.2075271606, 16.7996368408, 17.391746521, 17.9838542938, 18.5875740051, 19.179681778, 19.760181427, 20.3406791687, 20.9211788177, 21.5016784668, 22.0821762085, 22.6626758575, 23.2431735992, 23.8236732483, 24.40417099, 24.984670639, 25.553560257, 26.1224479675, 26.7029476166, 27.2834453583, 27.8523349762, 28.4328346252, 29.0133323669, 29.5822219849, 30.1627197266, 30.7199993134, 31.3004989624, 31.8809967041, 32.449886322, 33.0303840637, 33.5992736816, 34.1797714233, 34.7602729797, 35.3407707214, 35.9212684631, 36.5017662048, 37.0822677612, 37.6511573792, 38.2084350586, 38.765712738, 39.334602356, 39.9034919739, 40.4723815918, 41.0296592712, 41.5869369507, 42.1442184448, 42.7014961243, 43.2587738037, 43.8160552979, 44.3733329773, 44.9422225952, 45.5111083984, 46.0683898926, 46.625667572, 47.1829452515, 47.7402267456, 48.297504425, 48.8547821045, 49.4004516602, 49.9461212158, 50.4917907715, 51.0374603271, 51.5831298828, 52.1287956238, 52.6744651794, 53.2201347351, 53.7658042908, 54.3114738464, 54.8571434021, 55.3912010193, 55.936870575, 56.4941482544, 57.0398178101, 57.5970954895, 58.1311569214, 58.6768226624, 59.222492218, 59.7681617737, 60.3254394531, 60.859500885, 61.4051704407, 61.9508361816, 62.4965057373, 63.042175293, 63.5878448486, 64.1219024658, 64.6675720215, 65.2016296387, 65.7589111328, 66.316192627, 66.8618545532, 67.4075241089, 67.9531936646, 68.4988632202, 69.0445327759, 69.5902023315, 70.1242599487, 70.6699295044, 71.2155990601, 71.7612686157, 72.3069381714, 72.8526077271, 73.3982772827, 73.9439468384, 74.489616394, 75.0468902588, 75.5925598145, 76.1382293701, 76.6838989258, 77.2295684814, 77.7752380371, 78.3209075928, 78.8665771484, 79.4122467041, 79.9579086304, 80.503578186, 81.0376434326, 81.5833053589, 82.140586853, 82.6862564087, 83.2319259644, 83.77759552, 84.3232650757, 84.8573226929, 85.4029922485, 85.9486618042, 86.4943313599, 87.0400009155, 87.5856704712, 88.1429443359, 88.6770019531, 89.2226715088, 89.7683410645, 90.3023986816, 90.8596801758, 91.4053497314, 91.9510192871, 92.5083007813, 93.065574646, 93.6228561401, 94.1801376343, 94.760635376, 95.3179092407, 95.8751907349, 96.432472229, 96.9897460938, 97.5470275879, 98.104309082, 98.6615829468, 99.2188644409, 99.7877502441, 100.356643677, 100.913917542, 101.471199036, 102.02848053, 102.585754395, 103.143035889, 103.700317383, 104.245986938, 104.791656494, 105.33732605, 105.882987976, 106.428657532, 106.974327087, 107.519996643, 108.065666199, 108.611335754, 109.15700531, 109.702674866, 110.248344421, 110.794013977, 111.339683533, 111.885353088, 112.431015015, 112.97668457, 113.522354126, 114.068023682, 114.613693237, 115.170974731, 115.716644287, 116.262313843, 116.807983398, 117.353645325, 117.89931488, 118.444984436, 118.979042053, 119.5131073, 120.058776855, 120.604438782, 121.161720276, 121.71900177, 122.264671326, 122.810340881, 123.344398499, 123.901672363, 124.43573761, 124.969795227, 125.515464783, 126.061134338, 126.606803894, 127.15246582, 127.698135376, 128.25541687, 128.801086426, 129.346755981, 129.892425537, 130.449707031, 130.983764648, 131.529434204, 132.07510376, 132.620773315, 133.166442871, 133.712112427, 134.257781982, 134.815048218, 135.360717773, 135.894775391, 136.440444946, 136.99772644, 137.543395996, 138.077453613, 138.623123169, 139.168792725, 139.71446228, 140.248519897, 140.794189453, 141.339859009, 141.885528564, 142.43119812, 142.988479614, 143.522537231, 144.068206787, 144.613876343, 145.159545898, 145.705215454, 146.25088501, 146.796554565, 147.330612183, 147.8646698, 148.398727417, 148.932785034, 149.466842651, 150.000900269, 150.534957886, 151.069015503, 151.59147644, 152.125534058, 152.647979736, 153.182037354, 153.716094971, 154.250152588, 154.795822144, 155.341491699, 155.898773193, 156.456054688, 157.013336182, 157.570602417, 158.127883911, 158.685165405, 159.242446899, 159.776504517, 160.310562134, 160.844619751, 161.378677368, 161.912734985, 162.446792603, 162.96925354, 163.503311157, 164.048980713, 164.594650269, 165.128707886, 165.662765503, 166.19682312, 166.719268799, 167.253326416, 167.787384033, 168.309844971, 168.855514526, 169.389572144, 169.923629761, 170.457687378, 170.968521118, 171.502578735, 172.036636353, 172.57069397, 173.104751587, 173.638824463, 174.161270142, 174.695327759, 175.217773438, 175.740219116, 176.274276733, 176.796737671, 177.31918335, 177.841629028, 178.375686646, 178.909744263, 179.44380188, 179.966262817, 180.500320435, 181.034378052, 181.568435669, 182.090881348, 182.624938965, 183.158996582, 183.693054199, 184.215499878, 184.761169434, 185.29524231, 185.829299927, 186.351745605, 186.885803223, 187.408248901, 187.942306519, 188.476364136, 189.010421753, 189.54447937, 190.078552246, 190.612609863, 191.14666748, 191.680725098, 192.214782715, 192.748840332, 193.282897949, 193.805343628, 194.327789307, 194.861862183, 195.3959198, 195.929977417, 196.464035034, 196.998092651, 197.532150269, 198.054595947, 198.577041626, 199.111114502, 199.645172119, 200.179229736, 200.713287354, 201.247344971, 201.781402588, 202.303848267, 202.826293945, 203.360351563, 203.894424438, 204.428482056, 204.962539673, 205.508209229, 206.053878784, 206.611160278, 207.145217896, 207.690887451, 208.236557007, 208.782211304, 209.327880859, 209.873550415, 210.419219971, 210.964889526, 211.510559082, 212.056228638, 212.601898193, 213.147567749, 213.681625366, 214.227294922, 214.784576416, 215.330245972, 215.875915527, 216.421585083, 216.967254639, 217.512924194, 218.05859375, 218.604263306, 219.149932861, 219.695602417, 220.241271973, 220.786941528, 221.332611084, 221.878265381, 222.412338257, 222.946395874, 223.49206543, 224.049331665, 224.606613159, 225.163894653, 225.721176147, 226.278457642, 226.835739136, 227.393005371, 227.950286865, 228.507568359, 229.076461792, 229.645339966, 230.20262146, 230.759902954, 231.317184448, 231.886077881, 232.454956055, 233.012237549, 233.581130981, 234.150024414, 234.707290649, 235.264572144, 235.821853638, 236.379135132, 236.936416626, 237.49369812, 238.050964355, 238.60824585, 239.165527344, 239.734420776, 240.30329895, 240.872192383, 241.429473877, 241.986755371, 242.532424927, 243.066482544, 243.600540161, 244.134597778, 244.680267334, 245.22593689, 245.759994507, 246.305664063, 246.851333618, 247.385391235]
