
metadata:
    version:
        essentia: "2.1-beta2"
    audio_properties:
        analysis_sample_rate: 44100
        bitrate: 320
        channels: 2
        equal_loudness: 1
        length: 405.551025391
        replay_gain: -14.7894210815
        downmix: "mix"
    tags:
        album: "The Poison"
        artist: "Bullet For My Valentine"
        comment: ""
        date: ""
        genre: "Metal"
        title: "The End"
        tracknumber: "14"

configuration:
    average_loudness:
        compute: 1
        frameSize: 88200
        hopSize: 44100
        silentFrames: "noise"
        windowType: "hann"
    general:
        analysisSampleRate: 44100
        endTime: 2000
        equalLoudness: 1
        nequalLoudness: 0
        shortSound: 0
        startTime: 0
    lowlevel:
        compute: 1
        frameSize: 2048
        hopSize: 1024
        zeroPadding: 0
        silentFrames: "noise"
        windowType: "blackmanharris62"
        mfccStats: ["mean", "cov", "icov"]
        stats: ["mean", "var", "median", "min", "max", "dmean", "dmean2", "dvar", "dvar2"]
    panning:
        compute: 0
        frameSize: 8192
        hopSize: 2048
        zeroPadding: 8192
        silentFrames: "noise"
        windowType: "hann"
        stats: ["copy"]
    rhythm:
        compute: 1
        maxTempo: 208
        minTempo: 40
        method: "degara"
        stats: ["mean", "var", "median", "min", "max", "dmean", "dmean2", "dvar", "dvar2"]
    segmentation:
        compute: 0
        cpw: 5
        inc1: 300
        inc2: 50
        minimumSegmentsLength: 10
        size1: 1000
        size2: 600
    sfx:
        compute: 1
        stats: ["mean", "var", "median", "min", "max", "dmean", "dmean2", "dvar", "dvar2"]
    svm:
        compute: 0
    tonal:
        compute: 1
        frameSize: 4096
        hopSize: 2048
        zeroPadding: 0
        silentFrames: "noise"
        windowType: "blackmanharris62"
        stats: ["mean", "var", "median", "min", "max", "dmean", "dmean2", "dvar", "dvar2"]

lowlevel:
    average_loudness: 0.553175330162
    barkbands_kurtosis:
        dmean: 0.862560212612
        dmean2: 1.40436685085
        dvar: 2.80111527443
        dvar2: 6.98049163818
        max: 43.8384819031
        mean: 0.0161152426153
        median: -1.04003286362
        min: -1.89723396301
        var: 12.5113391876
    barkbands_skewness:
        dmean: 0.373300909996
        dmean2: 0.593844592571
        dvar: 0.132216379046
        dvar2: 0.320943772793
        max: 5.53459024429
        mean: 0.163115829229
        median: -0.0318276509643
        min: -5.00796794891
        var: 1.14745759964
    barkbands_spread:
        dmean: 5.03270626068
        dmean2: 8.03813934326
        dvar: 28.6851863861
        dvar2: 68.8239898682
        max: 81.7270355225
        mean: 33.0404167175
        median: 33.507270813
        min: 0.931293427944
        var: 141.569076538
    dissonance:
        dmean: 0.0119813606143
        dmean2: 0.02016588673
        dvar: 0.00018791272305
        dvar2: 0.000517032283824
        max: 0.5
        mean: 0.471614599228
        median: 0.478703528643
        min: 0.235899850726
        var: 0.000712357403245
    hfc:
        dmean: 2.1771440506
        dmean2: 3.69104027748
        dvar: 19.5152931213
        dvar2: 54.0297889709
        max: 51.3618888855
        mean: 6.61553192139
        median: 3.63562083244
        min: 1.12161402958e-016
        var: 53.7852897644
    pitch:
        dmean: 596.193603516
        dmean2: 1136.84277344
        dvar: 1308626.875
        dvar2: 3329189.75
        max: 5546.65673828
        mean: 1154.1463623
        median: 294.291656494
        min: 64.5315628052
        var: 2141868.25
    pitch_instantaneous_confidence:
        dmean: 0.0738437473774
        dmean2: 0.119546152651
        dvar: 0.0044446894899
        dvar2: 0.0108826914802
        max: 0.948092281818
        mean: 0.457052618265
        median: 0.435828268528
        min: 0.109331488609
        var: 0.0230137426406
    pitch_salience:
        dmean: 0.0511803589761
        dmean2: 0.0828964114189
        dvar: 0.0020913942717
        dvar2: 0.0053303106688
        max: 0.948848426342
        mean: 0.586367189884
        median: 0.589550495148
        min: 0.198198437691
        var: 0.0129203880206
    silence_rate_20dB:
        dmean: 0
        dmean2: 0
        dvar: 0
        dvar2: 0
        max: 1
        mean: 1
        median: 1
        min: 1
        var: 0
    silence_rate_30dB:
        dmean: 0
        dmean2: 0
        dvar: 0
        dvar2: 0
        max: 1
        mean: 1
        median: 1
        min: 1
        var: 0
    silence_rate_60dB:
        dmean: 0.0421390123665
        dmean2: 0.0842828527093
        dvar: 0.040358863771
        dvar2: 0.0923926904798
        max: 1
        mean: 0.548577308655
        median: 1
        min: 0
        var: 0.247662365437
    spectral_centroid:
        dmean: 244.558685303
        dmean2: 389.441802979
        dvar: 79731.2265625
        dvar2: 182776.265625
        max: 11327.5644531
        mean: 1682.52404785
        median: 1771.33337402
        min: 187.307220459
        var: 564541.6875
    spectral_complexity:
        dmean: 2.71315693855
        dmean2: 4.39759540558
        dvar: 13.9468345642
        dvar2: 34.1553421021
        max: 51
        mean: 12.7195281982
        median: 9
        min: 0
        var: 119.851280212
    spectral_crest:
        dmean: 1.66502606869
        dmean2: 2.73343324661
        dvar: 2.52281284332
        dvar2: 6.62634277344
        max: 22.8498268127
        mean: 7.28935337067
        median: 6.42779970169
        min: 2.4212884903
        var: 9.72854614258
    spectral_decrease:
        dmean: 1.93668511783e-010
        dmean2: 3.17392612192e-010
        dvar: 1.23871989865e-019
        dvar2: 3.30011201702e-019
        max: 1.79338527894e-028
        mean: -7.633598198e-010
        median: -6.1027144449e-010
        min: -5.09108799562e-009
        var: 4.66383040921e-019
    spectral_energy:
        dmean: 0.000902155472431
        dmean2: 0.00149116001558
        dvar: 2.80399535768e-006
        dvar2: 7.54526445235e-006
        max: 0.0232005640864
        mean: 0.00348114664666
        median: 0.0026363118086
        min: 1.04019868421e-020
        var: 1.01860377981e-005
    spectral_energyband_high:
        dmean: 0.00021340456442
        dmean2: 0.000370093155652
        dvar: 2.4616846872e-007
        dvar2: 6.8198420422e-007
        max: 0.00569179002196
        mean: 0.000375596253434
        median: 0.000150667066919
        min: 7.36662335057e-021
        var: 3.20144039279e-007
    spectral_energyband_low:
        dmean: 0.000190181555809
        dmean2: 0.000306079396978
        dvar: 1.14035081822e-007
        dvar2: 2.94922074318e-007
        max: 0.00651892041788
        mean: 0.000368183595128
        median: 0.000214491621591
        min: 1.82377730866e-023
        var: 2.17019618276e-007
    spectral_energyband_middle_high:
        dmean: 0.000484349438921
        dmean2: 0.00079141772585
        dvar: 6.39464587948e-007
        dvar2: 1.7506434915e-006
        max: 0.0128341820091
        mean: 0.00175782176666
        median: 0.000928355555516
        min: 1.3559469334e-021
        var: 3.92939500671e-006
    spectral_energyband_middle_low:
        dmean: 0.000406335515436
        dmean2: 0.000658186443616
        dvar: 6.82791664985e-007
        dvar2: 1.7717470655e-006
        max: 0.0150606138632
        mean: 0.00109489413444
        median: 0.000758029986173
        min: 1.86492688094e-022
        var: 1.39151848089e-006
    spectral_flatness_db:
        dmean: 0.01445222646
        dmean2: 0.0229860544205
        dvar: 0.000195315762539
        dvar2: 0.000460783427116
        max: 0.531162321568
        mean: 0.1862398386
        median: 0.165561109781
        min: 0.0573780499399
        var: 0.00419936561957
    spectral_flux:
        dmean: 0.00577564677224
        dmean2: 0.00905746407807
        dvar: 6.63877654006e-005
        dvar2: 0.00012961505854
        max: 0.134871006012
        mean: 0.0289466995746
        median: 0.0244318712503
        min: 6.74198405437e-011
        var: 0.000461858842755
    spectral_kurtosis:
        dmean: 2.57784819603
        dmean2: 4.43315410614
        dvar: 39.600402832
        dvar2: 112.444221497
        max: 288.157836914
        mean: 5.97376012802
        median: 2.91241335869
        min: -1.38444054127
        var: 253.546569824
    spectral_rms:
        dmean: 0.00019714582595
        dmean2: 0.000317989382893
        dvar: 8.40527292212e-008
        dvar2: 2.16451340407e-007
        max: 0.00475759338588
        mean: 0.00160582445096
        median: 0.00160374923144
        min: 3.18563643346e-012
        var: 8.17567411104e-007
    spectral_rolloff:
        dmean: 354.027008057
        dmean2: 591.523254395
        dvar: 260004.859375
        dvar2: 577983.875
        max: 19573.6816406
        mean: 3120.08300781
        median: 3466.84570313
        min: 150.732421875
        var: 1510173.25
    spectral_skewness:
        dmean: 0.261038959026
        dmean2: 0.437300592661
        dvar: 0.146386116743
        dvar2: 0.408186584711
        max: 13.5395059586
        mean: 1.28234314919
        median: 1.08056890965
        min: -0.0779444128275
        var: 0.982012748718
    spectral_spread:
        dmean: 388171.84375
        dmean2: 566200.25
        dvar: 399884648448
        dvar2: 689968250880
        max: 42357088
        mean: 4028205.75
        median: 3887984.5
        min: 288456.4375
        var: 3.75724231885e+012
    spectral_strongpeak:
        dmean: 0.398265808821
        dmean2: 0.698633849621
        dvar: 0.454786986113
        dvar2: 1.19165027142
        max: 11.9783725739
        mean: 0.565463483334
        median: 0.207996100187
        min: 0
        var: 0.606549978256
    zerocrossingrate:
        dmean: 0.00729321548715
        dmean2: 0.00903824903071
        dvar: 6.40833095531e-005
        dvar2: 7.72619896452e-005
        max: 0.52294921875
        mean: 0.0960991829634
        median: 0.10302734375
        min: 0.0087890625
        var: 0.00119726767298
    barkbands:
        dmean: [1.02092954535e-007, 3.8635393139e-005, 0.000141115684528, 8.95229313755e-005, 0.000181706040166, 0.000101432007796, 7.33564447728e-005, 7.44183635106e-005, 7.24670971977e-005, 8.26657487778e-005, 5.29580138391e-005, 5.5646909459e-005, 4.37871822214e-005, 4.46133562946e-005, 3.81783283956e-005, 7.41408221074e-005, 0.000104594160803, 0.000142821838381, 0.000171931475052, 0.00016971975856, 0.000100726523669, 3.94255184801e-005, 7.63666139392e-006, 2.38247957896e-006, 1.27058285671e-006, 2.98013151934e-008, 1.96208022052e-010]
        dmean2: [1.85073787407e-007, 6.22742081759e-005, 0.00022813603573, 0.000150189778651, 0.000297325168503, 0.000171480191057, 0.000122650657431, 0.000113179172331, 0.000110716435302, 0.000128265441163, 8.6490130343e-005, 9.15616474231e-005, 7.14313136996e-005, 7.20186144463e-005, 6.09881753917e-005, 0.00012105746282, 0.000175588807906, 0.00023705312924, 0.000291842414299, 0.000291220581857, 0.0001744019537, 6.95849885233e-005, 1.27459679788e-005, 3.71301825908e-006, 1.96422661247e-006, 4.24483985739e-008, 3.36179445393e-010]
        dvar: [8.58272938939e-014, 6.70440369888e-009, 6.05013710242e-008, 3.00546538767e-008, 2.26034117645e-007, 3.68129811079e-008, 5.69233264969e-008, 5.35454383055e-008, 4.47013874805e-008, 5.96541980258e-008, 3.07113623421e-008, 3.42655894769e-008, 1.99182057514e-008, 1.72511729346e-008, 1.41244962393e-008, 1.42094362943e-008, 2.95352560187e-008, 5.37850510796e-008, 9.26896746023e-008, 1.36089795433e-007, 4.81556128307e-008, 9.68602620333e-009, 3.6179392815e-010, 5.09167326357e-011, 2.32235584929e-011, 1.54815396614e-014, 1.67767065778e-019]
        dvar2: [2.57838699393e-013, 1.72202003768e-008, 1.58413087092e-007, 8.20848740091e-008, 5.98918745709e-007, 1.02633528343e-007, 1.50553546518e-007, 1.24471128515e-007, 1.02347321729e-007, 1.51317436803e-007, 8.40881426711e-008, 9.74776241947e-008, 5.29074348776e-008, 4.4113519948e-008, 3.39983081687e-008, 3.43194486163e-008, 8.25544290706e-008, 1.48075017137e-007, 2.59402440861e-007, 3.69811516521e-007, 1.34502343485e-007, 2.66319091224e-008, 8.86443363157e-010, 9.87208856329e-011, 4.62864677142e-011, 2.98033624689e-014, 4.4158830206e-019]
        max: [4.08925370721e-006, 0.000926544365939, 0.00475525204092, 0.00279233558103, 0.00980195123702, 0.00682875094935, 0.00486314436421, 0.00743336137384, 0.00528927426785, 0.00559890968725, 0.00580647261813, 0.00469829933718, 0.00295025622472, 0.00434359489009, 0.00430145440623, 0.00265226769261, 0.00280370144174, 0.00369323021732, 0.00434917677194, 0.0083228610456, 0.00230786274187, 0.00125871552154, 0.000390854023863, 0.000190592953004, 0.000163816803251, 5.25659424966e-006, 1.66406124436e-008]
        mean: [1.03713794886e-007, 6.65790648782e-005, 0.00022621966491, 0.000129187726998, 0.000315699988278, 0.00019028421957, 0.00010283789743, 0.000155567249749, 0.000133648791234, 0.00015185753, 8.82551103132e-005, 0.000102755635453, 7.242961874e-005, 7.76880042395e-005, 6.74868206261e-005, 0.000138242685352, 0.000215009538806, 0.00032155867666, 0.00038361348561, 0.0002950563794, 0.000175426874193, 5.27665797563e-005, 1.2600710761e-005, 4.19754223913e-006, 2.02542514671e-006, 4.98084062883e-008, 2.31717145471e-010]
        median: [2.601268978e-009, 4.24777499575e-005, 0.000116495917609, 5.17794542247e-005, 0.000186133256648, 0.000105760416773, 3.08948146994e-005, 4.2152529204e-005, 2.34686249314e-005, 1.64264802152e-005, 1.38167188197e-005, 1.5670510038e-005, 1.0156452845e-005, 1.9116418116e-005, 2.15813433897e-005, 8.1952639448e-005, 0.000120969780255, 0.000172116793692, 0.000153365806909, 0.000108908898255, 7.53714120947e-005, 1.57859667524e-005, 3.09027473122e-006, 7.92826710949e-007, 2.69944052889e-007, 5.11687048288e-009, 6.2529127709e-011]
        min: [2.79047791194e-024, 3.6501311948e-024, 3.11213989035e-024, 1.80973428292e-024, 1.99667211103e-023, 1.76238341985e-023, 1.03542632312e-023, 1.47534943751e-023, 1.43910222554e-023, 2.4073535716e-023, 3.19965580363e-023, 4.67720805633e-023, 5.48521240691e-023, 5.1643296653e-023, 7.48613158728e-023, 7.38022669521e-023, 1.0658837378e-022, 1.35119352264e-022, 1.67266267189e-022, 2.49588118321e-022, 3.32504341436e-022, 3.08649894482e-022, 4.23280421201e-022, 6.48232981432e-022, 1.10684914577e-021, 1.427272581e-021, 1.96490049825e-021]
        var: [7.48159401185e-014, 8.72920491446e-009, 1.04410283086e-007, 3.96171913053e-008, 2.41752189822e-007, 7.17215442592e-008, 6.52782006227e-008, 1.65810931207e-007, 1.27067337985e-007, 1.51902256107e-007, 5.84532671155e-008, 8.7826691697e-008, 3.98462383089e-008, 3.78999480688e-008, 3.00816829224e-008, 3.23159206062e-008, 6.5312555364e-008, 1.50469148252e-007, 2.52545476087e-007, 2.05132835163e-007, 6.62890045078e-008, 1.02121218148e-008, 6.75047462373e-010, 1.39773775887e-010, 5.28384766496e-011, 3.64111240887e-014, 2.51444217104e-019]
    frequency_bands:
        dmean: [1.02092954535e-007, 3.8635393139e-005, 0.000141115684528, 8.95229313755e-005, 0.000181706040166, 0.000101432007796, 7.33564447728e-005, 7.44183635106e-005, 7.24670971977e-005, 8.26657487778e-005, 5.29580138391e-005, 5.5646909459e-005, 4.37871822214e-005, 4.46133562946e-005, 3.81783283956e-005, 7.41408221074e-005, 0.000104594160803, 0.000142821838381, 0.000171931475052, 0.00016971975856, 0.000100726523669, 3.94255184801e-005, 7.63666139392e-006, 2.38247957896e-006, 1.27058285671e-006, 2.98013151934e-008, 1.96208022052e-010, 3.99613016289e-011]
        dmean2: [1.85073787407e-007, 6.22742081759e-005, 0.00022813603573, 0.000150189778651, 0.000297325168503, 0.000171480191057, 0.000122650657431, 0.000113179172331, 0.000110716435302, 0.000128265441163, 8.6490130343e-005, 9.15616474231e-005, 7.14313136996e-005, 7.20186144463e-005, 6.09881753917e-005, 0.00012105746282, 0.000175588807906, 0.00023705312924, 0.000291842414299, 0.000291220581857, 0.0001744019537, 6.95849885233e-005, 1.27459679788e-005, 3.71301825908e-006, 1.96422661247e-006, 4.24483985739e-008, 3.36179445393e-010, 7.42110539687e-011]
        dvar: [8.58272938939e-014, 6.70440369888e-009, 6.05013710242e-008, 3.00546538767e-008, 2.26034117645e-007, 3.68129811079e-008, 5.69233264969e-008, 5.35454383055e-008, 4.47013874805e-008, 5.96541980258e-008, 3.07113623421e-008, 3.42655894769e-008, 1.99182057514e-008, 1.72511729346e-008, 1.41244962393e-008, 1.42094362943e-008, 2.95352560187e-008, 5.37850510796e-008, 9.26896746023e-008, 1.36089795433e-007, 4.81556128307e-008, 9.68602620333e-009, 3.6179392815e-010, 5.09167326357e-011, 2.32235584929e-011, 1.54815396614e-014, 1.67767065778e-019, 5.76279647932e-021]
        dvar2: [2.57838699393e-013, 1.72202003768e-008, 1.58413087092e-007, 8.20848740091e-008, 5.98918745709e-007, 1.02633528343e-007, 1.50553546518e-007, 1.24471128515e-007, 1.02347321729e-007, 1.51317436803e-007, 8.40881426711e-008, 9.74776241947e-008, 5.29074348776e-008, 4.4113519948e-008, 3.39983081687e-008, 3.43194486163e-008, 8.25544290706e-008, 1.48075017137e-007, 2.59402440861e-007, 3.69811516521e-007, 1.34502343485e-007, 2.66319091224e-008, 8.86443363157e-010, 9.87208856329e-011, 4.62864677142e-011, 2.98033624689e-014, 4.4158830206e-019, 1.85507708542e-020]
        max: [4.08925370721e-006, 0.000926544365939, 0.00475525204092, 0.00279233558103, 0.00980195123702, 0.00682875094935, 0.00486314436421, 0.00743336137384, 0.00528927426785, 0.00559890968725, 0.00580647261813, 0.00469829933718, 0.00295025622472, 0.00434359489009, 0.00430145440623, 0.00265226769261, 0.00280370144174, 0.00369323021732, 0.00434917677194, 0.0083228610456, 0.00230786274187, 0.00125871552154, 0.000390854023863, 0.000190592953004, 0.000163816803251, 5.25659424966e-006, 1.66406124436e-008, 1.30145605404e-009]
        mean: [1.03713794886e-007, 6.65790648782e-005, 0.00022621966491, 0.000129187726998, 0.000315699988278, 0.00019028421957, 0.00010283789743, 0.000155567249749, 0.000133648791234, 0.00015185753, 8.82551103132e-005, 0.000102755635453, 7.242961874e-005, 7.76880042395e-005, 6.74868206261e-005, 0.000138242685352, 0.000215009538806, 0.00032155867666, 0.00038361348561, 0.0002950563794, 0.000175426874193, 5.27665797563e-005, 1.2600710761e-005, 4.19754223913e-006, 2.02542514671e-006, 4.98084062883e-008, 2.31717145471e-010, 3.09161238277e-011]
        median: [2.601268978e-009, 4.24777499575e-005, 0.000116495917609, 5.17794542247e-005, 0.000186133256648, 0.000105760416773, 3.08948146994e-005, 4.2152529204e-005, 2.34686249314e-005, 1.64264802152e-005, 1.38167188197e-005, 1.5670510038e-005, 1.0156452845e-005, 1.9116418116e-005, 2.15813433897e-005, 8.1952639448e-005, 0.000120969780255, 0.000172116793692, 0.000153365806909, 0.000108908898255, 7.53714120947e-005, 1.57859667524e-005, 3.09027473122e-006, 7.92826710949e-007, 2.69944052889e-007, 5.11687048288e-009, 6.2529127709e-011, 6.97984465364e-012]
        min: [2.79047791194e-024, 3.6501311948e-024, 3.11213989035e-024, 1.80973428292e-024, 1.99667211103e-023, 1.76238341985e-023, 1.03542632312e-023, 1.47534943751e-023, 1.43910222554e-023, 2.4073535716e-023, 3.19965580363e-023, 4.67720805633e-023, 5.48521240691e-023, 5.1643296653e-023, 7.48613158728e-023, 7.38022669521e-023, 1.0658837378e-022, 1.35119352264e-022, 1.67266267189e-022, 2.49588118321e-022, 3.32504341436e-022, 3.08649894482e-022, 4.23280421201e-022, 6.48232981432e-022, 1.10684914577e-021, 1.427272581e-021, 1.96490049825e-021, 4.52049257025e-022]
        var: [7.48159401185e-014, 8.72920491446e-009, 1.04410283086e-007, 3.96171913053e-008, 2.41752189822e-007, 7.17215442592e-008, 6.52782006227e-008, 1.65810931207e-007, 1.27067337985e-007, 1.51902256107e-007, 5.84532671155e-008, 8.7826691697e-008, 3.98462383089e-008, 3.78999480688e-008, 3.00816829224e-008, 3.23159206062e-008, 6.5312555364e-008, 1.50469148252e-007, 2.52545476087e-007, 2.05132835163e-007, 6.62890045078e-008, 1.02121218148e-008, 6.75047462373e-010, 1.39773775887e-010, 5.28384766496e-011, 3.64111240887e-014, 2.51444217104e-019, 4.38893631968e-021]
    mfcc:
        mean: [-771.054016113, 101.610946655, -38.7741012573, 59.8850097656, -6.62125444412, -11.4720077515, -3.54052519798, -3.25731253624, -2.64463305473, -10.1096515656, -6.31109189987, -2.72747802734, -5.53036403656]
        cov: [[15832.7080078, 577.515197754, -1674.6340332, 1151.4029541, -1147.33935547, 883.059936523, 406.892852783, 528.924316406, 184.909317017, 324.972900391, 310.532958984, -148.07359314, 12.8493766785], [577.515197754, 1517.41296387, -206.285369873, 199.900878906, 183.422302246, -229.207366943, -62.8476257324, -63.1581230164, -41.7762641907, -108.493461609, -75.4249038696, 28.453666687, -2.99525141716], [-1674.6340332, -206.285369873, 815.601196289, -268.699188232, 216.493255615, 11.6335391998, -131.914215088, 40.0452804565, -74.5797576904, 0.23492257297, -4.90150499344, 18.0179615021, 64.2567825317], [1151.4029541, 199.900878906, -268.699188232, 583.550048828, -41.3728179932, -18.7911815643, 6.19930887222, -90.3009872437, 80.1841125488, -53.0155982971, -24.185508728, 15.69627285, -35.981262207], [-1147.33935547, 183.422302246, 216.493255615, -41.3728179932, 330.899505615, -90.2847976685, -98.4698791504, -53.2853736877, -41.1762428284, -28.1328811646, -45.7230911255, 20.2711811066, 29.299911499], [883.059936523, -229.207366943, 11.6335391998, -18.7911815643, -90.2847976685, 264.627075195, 84.058555603, 110.028289795, 5.32658290863, 59.7464637756, 54.0518226624, -21.4189777374, 19.7971935272], [406.892852783, -62.8476257324, -131.914215088, 6.19930887222, -98.4698791504, 84.058555603, 180.770263672, 64.0570449829, 14.3562355042, -12.8045377731, 7.15963411331, -2.29621553421, -24.3578929901], [528.924316406, -63.1581230164, 40.0452804565, -90.3009872437, -53.2853736877, 110.028289795, 64.0570449829, 172.790100098, -0.861054062843, 47.4026489258, 25.7531318665, -15.7231998444, 27.00340271], [184.909317017, -41.7762641907, -74.5797576904, 80.1841125488, -41.1762428284, 5.32658290863, 14.3562355042, -0.861054062843, 104.047676086, 12.7080430984, -0.258013993502, -5.19367170334, -18.4127006531], [324.972900391, -108.493461609, 0.23492257297, -53.0155982971, -28.1328811646, 59.7464637756, -12.8045377731, 47.4026489258, 12.7080430984, 124.152671814, 56.0381546021, -17.637260437, 12.6374759674], [310.532958984, -75.4249038696, -4.90150499344, -24.185508728, -45.7230911255, 54.0518226624, 7.15963411331, 25.7531318665, -0.258013993502, 56.0381546021, 94.1667480469, 11.7408514023, 4.76581668854], [-148.07359314, 28.453666687, 18.0179615021, 15.69627285, 20.2711811066, -21.4189777374, -2.29621553421, -15.7231998444, -5.19367170334, -17.637260437, 11.7408514023, 64.0563278198, 20.9510040283], [12.8493766785, -2.99525141716, 64.2567825317, -35.981262207, 29.299911499, 19.7971935272, -24.3578929901, 27.00340271, -18.4127006531, 12.6374759674, 4.76581668854, 20.9510040283, 88.5929107666]]
        icov: [[0.000180085859029, -0.000136564427521, 0.000210342506762, -0.000319299317198, 0.000396269548219, -0.000435249647126, 0.000237727552303, -0.000400074583013, 0.000168314058101, -0.000154511246365, -0.000164003577083, 0.000181206691195, -0.000136476926855], [-0.000136564427521, 0.00106919067912, 0.000263723370153, -6.61635203869e-005, -0.000902304018382, 0.00104878726415, 8.90844748938e-005, -0.000475770939374, 0.000412397057517, 0.000673798611388, -7.49387140786e-007, -0.000137423587148, 9.34983763727e-005], [0.000210342506762, 0.000263723370153, 0.00253633642569, 0.000305315217702, -0.000811785750557, -0.00103838194627, 0.00207410356961, -0.00157428195234, 0.000592777621932, 0.00096542283427, -0.000313190132147, -0.000422688055551, -8.42900626594e-005], [-0.000319299317198, -6.61635203869e-005, 0.000305315217702, 0.00322351721115, -0.000639620353468, -0.000333565694746, 0.000236975902226, 0.00187577016186, -0.00208469922654, 0.00120946369134, 0.000583481334615, -0.00114593480248, 0.000545134127606], [0.000396269548219, -0.000902304018382, -0.000811785750557, -0.000639620353468, 0.00598062761128, -0.000692780537065, 0.00134448742028, 0.000264465343207, 0.00104492297396, -0.00128551607486, 0.00177992018871, -0.000630253343843, -0.000839211395942], [-0.000435249647126, 0.00104878726415, -0.00103838194627, -0.000333565694746, -0.000692780537065, 0.00858735758811, -0.00334226083942, -0.00169703073334, 0.000332005962264, -0.000599220336881, -0.00225392449647, 0.0022660556715, -0.00163540802896], [0.000237727552303, 8.90844748938e-005, 0.00207410356961, 0.000236975902226, 0.00134448742028, -0.00334226083942, 0.0109612122178, -0.00431552296504, 0.000139438663609, 0.00323857110925, 0.000607684603892, -0.00264552864246, 0.00335166719742], [-0.000400074583013, -0.000475770939374, -0.00157428195234, 0.00187577016186, 0.000264465343207, -0.00169703073334, -0.00431552296504, 0.0120797120035, -0.00130115344655, -0.00254241377115, 0.000947137188632, 0.00140557973646, -0.0029222026933], [0.000168314058101, 0.000412397057517, 0.000592777621932, -0.00208469922654, 0.00104492297396, 0.000332005962264, 0.000139438663609, -0.00130115344655, 0.0124743757769, -0.00257726665586, 0.00147776526865, -0.000519500405062, 0.00173167209141], [-0.000154511246365, 0.000673798611388, 0.00096542283427, 0.00120946369134, -0.00128551607486, -0.000599220336881, 0.00323857110925, -0.00254241377115, -0.00257726665586, 0.0156082501635, -0.008210638538, 0.00450072716922, -0.0013241925044], [-0.000164003577083, -7.49387140786e-007, -0.000313190132147, 0.000583481334615, 0.00177992018871, -0.00225392449647, 0.000607684603892, 0.000947137188632, 0.00147776526865, -0.008210638538, 0.0188956875354, -0.00795930530876, 0.00262541789562], [0.000181206691195, -0.000137423587148, -0.000422688055551, -0.00114593480248, -0.000630253343843, 0.0022660556715, -0.00264552864246, 0.00140557973646, -0.000519500405062, 0.00450072716922, -0.00795930530876, 0.0227572061121, -0.0073470743373], [-0.000136476926855, 9.34983763727e-005, -8.42900626594e-005, 0.000545134127606, -0.000839211395942, -0.00163540802896, 0.00335166719742, -0.0029222026933, 0.00173167209141, -0.0013241925044, 0.00262541789562, -0.0073470743373, 0.0161933302879]]
    sccoeffs:
        dmean: [0.0454211197793, 0.04110224545, 0.0331416428089, 0.0303892530501, 0.0214749965817, 0.0189616102725]
        dmean2: [0.074734814465, 0.067949809134, 0.0534754693508, 0.0486128628254, 0.0347993709147, 0.0305975191295]
        dvar: [0.00138590903953, 0.00124252936803, 0.000832386023831, 0.000623147934675, 0.000361711310688, 0.000353806768544]
        dvar2: [0.00368469650857, 0.00333085865714, 0.00216011609882, 0.00153654930182, 0.000860628380906, 0.000893323333003]
        max: [-0.356929123402, -0.435410439968, -0.476085096598, -0.51898431778, -0.548014461994, -0.510284245014]
        mean: [-0.637402534485, -0.733458220959, -0.77616995573, -0.753231048584, -0.761384963989, -0.706870257854]
        median: [-0.638828456402, -0.736852705479, -0.785925686359, -0.758205771446, -0.774300336838, -0.71316576004]
        min: [-0.972610235214, -0.97665387392, -0.975495576859, -0.970414757729, -0.964007616043, -0.961958229542]
        var: [0.00527530163527, 0.00510269822553, 0.00422661146149, 0.00364862242714, 0.00302627193742, 0.00556082651019]
    scvalleys:
        dmean: [0.382279008627, 0.312479764223, 0.283704042435, 0.257667005062, 0.250689774752, 0.325516909361]
        dmean2: [0.632659256458, 0.508943855762, 0.453084498644, 0.407953768969, 0.386669665575, 0.498203396797]
        dvar: [0.116622447968, 0.0946162641048, 0.0720064043999, 0.0706248134375, 0.0990114882588, 0.179074749351]
        dvar2: [0.2749132514, 0.219261825085, 0.157929927111, 0.145310491323, 0.207226529717, 0.400871068239]
        max: [-5.232670784, -4.58364915848, -4.92273902893, -5.68497943878, -5.32459306717, -7.41563796997]
        mean: [-7.68507480621, -7.31764650345, -8.03466892242, -8.42489910126, -8.04092121124, -11.3560342789]
        median: [-7.13856649399, -6.96223068237, -7.69521331787, -7.93545150757, -7.63039922714, -10.065908432]
        min: [-28.1678028107, -27.847743988, -27.5742759705, -27.4983234406, -27.365278244, -27.4383449554]
        var: [2.9967238903, 2.24617624283, 3.17019915581, 3.53782057762, 4.0702586174, 7.46185112]

rhythm:
    beats_loudness:
        dmean: 0.00118162296712
        dmean2: 0.00206562899984
        dvar: 1.67393181982e-006
        dvar2: 4.87480838274e-006
        max: 0.0124965216964
        mean: 0.00374911352992
        median: 0.00320470845327
        min: 2.76336925564e-010
        var: 8.71621523402e-006
    bpm: 115.035827637
    bpm_confidence: 0
    first_peak_bpm: 115
    first_peak_spread: 0.490015357733
    first_peak_weight: 0.428387105465
    onset_rate: 3.00085544586
    second_peak_bpm: 110
    second_peak_spread: 0.142857119441
    second_peak_weight: 0.108387097716
    beats_loudness_band_ratio:
        dmean: [0.0976342111826, 0.126990422606, 0.0809234976768, 0.0460318624973, 0.101233206689, 0.0679588392377]
        dmean2: [0.164122328162, 0.21023273468, 0.139845326543, 0.0798217728734, 0.169392094016, 0.117180652916]
        dvar: [0.00966731924564, 0.00987058598548, 0.00828900467604, 0.00462826527655, 0.00898713618517, 0.00381517107598]
        dvar2: [0.0251335855573, 0.0271312892437, 0.0219876039773, 0.011967536062, 0.0226300153881, 0.010985516943]
        max: [0.786119937897, 0.865830719471, 0.721830606461, 0.611443042755, 0.730454683304, 0.524015843868]
        mean: [0.19031175971, 0.24196614325, 0.136236444116, 0.0723515748978, 0.241637155414, 0.184956640005]
        median: [0.156628414989, 0.210894048214, 0.093408703804, 0.0392410755157, 0.227374196053, 0.190526634455]
        min: [0.000580680964049, 0.00586057081819, 0.00829306710511, 0.00163349800278, 0.00113760388922, 4.2420842874e-006]
        var: [0.0209229998291, 0.0277059394866, 0.0147784799337, 0.00808625668287, 0.0170622169971, 0.0111572733149]
