
metadata:
    version:
        essentia: "2.1-beta2"
    audio_properties:
        analysis_sample_rate: 44100
        bitrate: 320
        channels: 2
        equal_loudness: 1
        length: 234.031021118
        replay_gain: -14.271156311
        downmix: "mix"
    tags:
        album: "Venom (Deluxe Edition)"
        artist: "Bullet for My Valentine"
        comment: ""
        date: "2015"
        genre: ""
        title: "No Way Out"
        tracknumber: "2/15"

configuration:
    average_loudness:
        compute: 1
        frameSize: 88200
        hopSize: 44100
        silentFrames: "noise"
        windowType: "hann"
    general:
        analysisSampleRate: 44100
        endTime: 2000
        equalLoudness: 1
        nequalLoudness: 0
        shortSound: 0
        startTime: 0
    lowlevel:
        compute: 1
        frameSize: 2048
        hopSize: 1024
        zeroPadding: 0
        silentFrames: "noise"
        windowType: "blackmanharris62"
        mfccStats: ["mean", "cov", "icov"]
        stats: ["mean", "var", "median", "min", "max", "dmean", "dmean2", "dvar", "dvar2"]
    panning:
        compute: 0
        frameSize: 8192
        hopSize: 2048
        zeroPadding: 8192
        silentFrames: "noise"
        windowType: "hann"
        stats: ["copy"]
    rhythm:
        compute: 1
        maxTempo: 208
        minTempo: 40
        method: "degara"
        stats: ["mean", "var", "median", "min", "max", "dmean", "dmean2", "dvar", "dvar2"]
    segmentation:
        compute: 0
        cpw: 5
        inc1: 300
        inc2: 50
        minimumSegmentsLength: 10
        size1: 1000
        size2: 600
    sfx:
        compute: 1
        stats: ["mean", "var", "median", "min", "max", "dmean", "dmean2", "dvar", "dvar2"]
    svm:
        compute: 0
    tonal:
        compute: 1
        frameSize: 4096
        hopSize: 2048
        zeroPadding: 0
        silentFrames: "noise"
        windowType: "blackmanharris62"
        stats: ["mean", "var", "median", "min", "max", "dmean", "dmean2", "dvar", "dvar2"]

lowlevel:
    average_loudness: 0.940901219845
    barkbands_kurtosis:
        dmean: 0.617945492268
        dmean2: 1.00397408009
        dvar: 0.573728978634
        dvar2: 1.41831696033
        max: 10.9387388229
        mean: -0.672216892242
        median: -0.980811595917
        min: -1.86934697628
        var: 1.19282531738
    barkbands_skewness:
        dmean: 0.37659367919
        dmean2: 0.60508275032
        dvar: 0.124061137438
        dvar2: 0.318226188421
        max: 3.16076111794
        mean: -0.43454644084
        median: -0.464658915997
        min: -3.01455903053
        var: 0.378066688776
    barkbands_spread:
        dmean: 6.08216285706
        dmean2: 9.73585319519
        dvar: 31.4837188721
        dvar2: 81.1869659424
        max: 73.3198394775
        mean: 32.6903114319
        median: 31.9780082703
        min: 4.08031463623
        var: 93.9455490112
    dissonance:
        dmean: 0.00948876608163
        dmean2: 0.0163226909935
        dvar: 8.63955647219e-005
        dvar2: 0.000237750587985
        max: 0.500000178814
        mean: 0.485244274139
        median: 0.488325059414
        min: 0.36665019393
        var: 0.000143095676322
    hfc:
        dmean: 2.67095971107
        dmean2: 4.39339590073
        dvar: 10.9068412781
        dvar2: 28.5004653931
        max: 40.0005073547
        mean: 10.0456647873
        median: 9.21074295044
        min: 1.14003302571e-016
        var: 27.6821556091
    pitch:
        dmean: 850.167785645
        dmean2: 1608.98034668
        dvar: 1532991.875
        dvar2: 3836771.75
        max: 5053.73388672
        mean: 1204.28527832
        median: 351.873138428
        min: 65.1197967529
        var: 1998367.875
    pitch_instantaneous_confidence:
        dmean: 0.0748035907745
        dmean2: 0.12258220464
        dvar: 0.00400707451627
        dvar2: 0.0102347964421
        max: 0.861400067806
        mean: 0.323818296194
        median: 0.303787052631
        min: 0.115427672863
        var: 0.0116210319102
    pitch_salience:
        dmean: 0.0549787059426
        dmean2: 0.0913807824254
        dvar: 0.00220467988402
        dvar2: 0.00583261530846
        max: 0.98622405529
        mean: 0.680685758591
        median: 0.693782329559
        min: 0.296579480171
        var: 0.00563481496647
    silence_rate_20dB:
        dmean: 0
        dmean2: 0
        dvar: 0
        dvar2: 0
        max: 1
        mean: 1
        median: 1
        min: 1
        var: 0
    silence_rate_30dB:
        dmean: 0
        dmean2: 0
        dvar: 0
        dvar2: 0
        max: 1
        mean: 1
        median: 1
        min: 1
        var: 0
    silence_rate_60dB:
        dmean: 0.0998114868999
        dmean2: 0.199642792344
        dvar: 0.0898396670818
        dvar2: 0.188593417406
        max: 1
        mean: 0.215972214937
        median: 0
        min: 0
        var: 0.169321611524
    spectral_centroid:
        dmean: 278.450256348
        dmean2: 447.05178833
        dvar: 74238.828125
        dvar2: 175506.78125
        max: 11199.2763672
        mean: 2073.74316406
        median: 2082.54052734
        min: 476.398345947
        var: 210950.484375
    spectral_complexity:
        dmean: 4.34467697144
        dmean2: 6.91982555389
        dvar: 16.7223415375
        dvar2: 40.6065788269
        max: 49
        mean: 19.142162323
        median: 19
        min: 0
        var: 63.4993171692
    spectral_crest:
        dmean: 1.87831735611
        dmean2: 3.15267634392
        dvar: 3.60237836838
        dvar2: 9.53702640533
        max: 20.2801418304
        mean: 6.03922843933
        median: 5.27242708206
        min: 2.04703593254
        var: 6.89663410187
    spectral_decrease:
        dmean: 3.51852019742e-010
        dmean2: 5.98822713638e-010
        dvar: 2.92488402111e-019
        dvar2: 7.98193980841e-019
        max: 5.06018653032e-029
        mean: -1.061395416e-009
        median: -9.57243395661e-010
        min: -6.02086114299e-009
        var: 3.59803714126e-019
    spectral_energy:
        dmean: 0.00153946503997
        dmean2: 0.0026070678141
        dvar: 5.26215353602e-006
        dvar2: 1.43034776556e-005
        max: 0.0257639940828
        mean: 0.00491711590439
        median: 0.00446774810553
        min: 1.01494479549e-020
        var: 7.12869496056e-006
    spectral_energyband_high:
        dmean: 0.000226974458201
        dmean2: 0.000379024655558
        dvar: 8.71054268714e-008
        dvar2: 2.26016041438e-007
        max: 0.00394221069291
        mean: 0.000607174064498
        median: 0.000537609739695
        min: 7.48082678168e-021
        var: 1.62699407724e-007
    spectral_energyband_low:
        dmean: 0.000237527259742
        dmean2: 0.000412009918364
        dvar: 1.79031943048e-007
        dvar2: 4.93687764447e-007
        max: 0.00528334081173
        mean: 0.00030156824505
        median: 0.000176588684553
        min: 1.16926957612e-022
        var: 1.61801224863e-007
    spectral_energyband_middle_high:
        dmean: 0.000684946018737
        dmean2: 0.0010922543006
        dvar: 5.49863557353e-007
        dvar2: 1.38378663905e-006
        max: 0.0108522390947
        mean: 0.00271567469463
        median: 0.00244373641908
        min: 1.36614007652e-021
        var: 2.22960693463e-006
    spectral_energyband_middle_low:
        dmean: 0.000856739701703
        dmean2: 0.00147797435056
        dvar: 2.64527898253e-006
        dvar2: 7.36868832973e-006
        max: 0.0172240976244
        mean: 0.00141538295429
        median: 0.00092643260723
        min: 1.85290249504e-022
        var: 2.40427971221e-006
    spectral_flatness_db:
        dmean: 0.0126519463956
        dmean2: 0.0200561024249
        dvar: 0.000123386373161
        dvar2: 0.000296401849482
        max: 0.331082522869
        mean: 0.137533441186
        median: 0.134444981813
        min: 0.0706477165222
        var: 0.000532595906407
    spectral_flux:
        dmean: 0.00831509102136
        dmean2: 0.0132037019357
        dvar: 0.000104877042759
        dvar2: 0.000186179808225
        max: 0.128511711955
        mean: 0.0437503196299
        median: 0.0420544072986
        min: 1.00744468323e-010
        var: 0.000237497544731
    spectral_kurtosis:
        dmean: 0.846745550632
        dmean2: 1.44683682919
        dvar: 0.635738790035
        dvar2: 1.84034729004
        max: 17.4736671448
        mean: 2.62997961044
        median: 2.46122050285
        min: -1.2131998539
        var: 1.57429969311
    spectral_rms:
        dmean: 0.000310567498673
        dmean2: 0.000512718805112
        dvar: 1.47025858155e-007
        dvar2: 3.89464958062e-007
        max: 0.00501354178414
        mean: 0.00211243261583
        median: 0.00208776863292
        min: 3.14672853746e-012
        var: 3.34822999548e-007
    spectral_rolloff:
        dmean: 298.649383545
        dmean2: 483.257354736
        dvar: 122554.648438
        dvar2: 258125.265625
        max: 19315.2832031
        mean: 3742.59057617
        median: 3811.37695313
        min: 236.865234375
        var: 306934.0625
    spectral_skewness:
        dmean: 0.142351463437
        dmean2: 0.229102984071
        dvar: 0.0168836992234
        dvar2: 0.0406718663871
        max: 2.99912238121
        mean: 1.09383606911
        median: 1.0771586895
        min: 0.0218506585807
        var: 0.0630222335458
    spectral_spread:
        dmean: 434887.28125
        dmean2: 657221.0625
        dvar: 386314600448
        dvar2: 637892427776
        max: 41159880
        mean: 4331665.5
        median: 4207227
        min: 1685677.125
        var: 1.08419357082e+012
    spectral_strongpeak:
        dmean: 0.598258674145
        dmean2: 1.02703094482
        dvar: 0.595407545567
        dvar2: 1.55465304852
        max: 9.72678470612
        mean: 0.836459815502
        median: 0.409293949604
        min: 3.83481513211e-009
        var: 1.03380310535
    zerocrossingrate:
        dmean: 0.00752381375059
        dmean2: 0.00938383769244
        dvar: 5.59433028684e-005
        dvar2: 7.13040717528e-005
        max: 0.50244140625
        mean: 0.114104688168
        median: 0.11376953125
        min: 0.0458984375
        var: 0.000380025652703
    barkbands:
        dmean: [2.64672621597e-007, 7.50695689931e-005, 0.000129479245516, 0.000147354207002, 0.000489546684548, 0.000135134090669, 9.55113646341e-005, 0.000117064584629, 0.000127662890009, 8.9505687356e-005, 6.02112486376e-005, 8.03813090897e-005, 6.45923282718e-005, 9.21549726627e-005, 0.000106591200165, 0.000182327799848, 0.000197158020455, 0.000154890483827, 0.000206522439839, 0.000222613307415, 0.000103475322248, 4.47035017714e-005, 9.0168987299e-006, 3.30244483848e-006, 1.57134252277e-006, 2.5489887534e-008, 2.52981524618e-010]
        dmean2: [4.14994019593e-007, 0.000127724415506, 0.000229576704442, 0.000256456667557, 0.000863262743223, 0.000234911669395, 0.000167333157151, 0.000189870348549, 0.000198919689865, 0.000142652686918, 9.78543612291e-005, 0.000129996566102, 0.000104356651718, 0.00014870747691, 0.000173500389792, 0.000295591686154, 0.000320485793054, 0.000258969288552, 0.000347013323335, 0.000369432149455, 0.000175708948518, 7.47301091906e-005, 1.45105568663e-005, 4.88079285788e-006, 2.22841163122e-006, 3.98824653303e-008, 4.48304227074e-010]
        dvar: [2.94709325303e-013, 2.07696615462e-008, 6.03941288091e-008, 5.44910214728e-008, 1.28516592213e-006, 7.81303697295e-008, 4.95983911719e-008, 6.6873759863e-008, 6.47801314813e-008, 3.41609052157e-008, 1.79619110696e-008, 2.55078891342e-008, 1.39987434977e-008, 3.57547804697e-008, 3.52776474699e-008, 9.68021751646e-008, 7.19962898188e-008, 3.42910517759e-008, 6.85220271635e-008, 7.90934748807e-008, 1.95688567572e-008, 4.30514690564e-009, 2.82856127409e-010, 1.09339530485e-010, 4.12026142371e-011, 5.58611283044e-015, 1.25840640949e-019]
        dvar2: [6.63346114149e-013, 5.60483748302e-008, 1.69413709727e-007, 1.50570244273e-007, 3.62573609891e-006, 2.11916798776e-007, 1.31107626089e-007, 1.60469141974e-007, 1.36194870493e-007, 7.67787611267e-008, 4.46951347044e-008, 6.1664302109e-008, 3.35637757587e-008, 8.85330493361e-008, 8.44291250246e-008, 2.39969153881e-007, 1.8162020865e-007, 9.23387233343e-008, 1.7977983191e-007, 2.04005615956e-007, 5.22748173637e-008, 1.0531433503e-008, 5.83401715826e-010, 1.69210548351e-010, 6.47995337943e-011, 1.1063994332e-014, 3.67875988778e-019]
        max: [4.43125736638e-006, 0.00159075972624, 0.00342685123906, 0.00413022190332, 0.0142568666488, 0.0046244058758, 0.0048858942464, 0.00576878618449, 0.00949302036315, 0.00619394145906, 0.00385494157672, 0.00440918467939, 0.00299510871992, 0.00471099233255, 0.0056870598346, 0.00822591036558, 0.00539949163795, 0.00323194125667, 0.00505492137745, 0.00711382413283, 0.00238395854831, 0.00115909893066, 0.000376220123144, 0.000284217909211, 0.000242456328124, 1.9976018848e-006, 6.08453776252e-009]
        mean: [2.52801839906e-007, 8.60703803482e-005, 0.000139320385642, 0.000169646504219, 0.000498235342093, 0.000156582638738, 0.000102202582639, 0.000179839931661, 0.00024467901676, 0.000147855535033, 9.98166942736e-005, 0.000149748870172, 0.000115159578854, 0.000166211117175, 0.000194555395865, 0.000372922688257, 0.000427317252615, 0.000333318603225, 0.000434162124293, 0.000548015465029, 0.000232832506299, 9.44784915191e-005, 1.52547918333e-005, 6.10421420788e-006, 2.49818867815e-006, 3.83149902916e-008, 2.84318679711e-010]
        median: [5.77516203748e-008, 4.8287496611e-005, 6.55824478599e-005, 9.36991345952e-005, 0.000222644797759, 7.76356610004e-005, 4.63605028926e-005, 6.70515582897e-005, 0.000112664114567, 7.5616495451e-005, 4.06402832596e-005, 5.8864177845e-005, 5.60641710763e-005, 7.48044840293e-005, 0.00012192374561, 0.000242864887696, 0.000303345208522, 0.000278351799352, 0.000346570974216, 0.000437620037701, 0.000202412717044, 7.58846435929e-005, 8.62157503434e-006, 2.90484513243e-006, 8.79863819137e-007, 1.85014581433e-008, 1.63708060996e-010]
        min: [3.53830976705e-024, 6.16912073295e-023, 4.94405950573e-023, 8.47143763279e-024, 1.48477806082e-023, 1.60582371801e-023, 4.53160989232e-023, 2.00085165387e-023, 6.15922399957e-023, 5.71459485658e-023, 1.26184699452e-023, 1.17275003044e-022, 4.80534999069e-023, 1.03399545566e-022, 1.8039133493e-022, 9.8004645742e-023, 1.71386405655e-022, 1.76763407803e-022, 3.15282258319e-022, 2.00935999205e-022, 4.79706038786e-022, 5.16867572091e-022, 6.02276545179e-022, 1.01526534817e-021, 1.13150956876e-021, 1.70789572427e-021, 2.14583414035e-021]
        var: [2.93247820774e-013, 1.70506471164e-008, 5.29595709509e-008, 5.74961660504e-008, 8.83685061126e-007, 6.93517989703e-008, 4.36881641974e-008, 1.70854917769e-007, 2.81209651121e-007, 7.33161584776e-008, 3.53732438896e-008, 7.21769382039e-008, 3.29718972125e-008, 8.45235845759e-008, 6.69979485224e-008, 2.25659846365e-007, 1.89079131019e-007, 5.8717901652e-008, 1.18917249381e-007, 2.05528294828e-007, 2.90451751539e-008, 7.02673164099e-009, 5.94593596581e-010, 2.82737916413e-010, 9.18900788793e-011, 9.94410666143e-015, 1.45305880973e-019]
    frequency_bands:
        dmean: [2.64672621597e-007, 7.50695689931e-005, 0.000129479245516, 0.000147354207002, 0.000489546684548, 0.000135134090669, 9.55113646341e-005, 0.000117064584629, 0.000127662890009, 8.9505687356e-005, 6.02112486376e-005, 8.03813090897e-005, 6.45923282718e-005, 9.21549726627e-005, 0.000106591200165, 0.000182327799848, 0.000197158020455, 0.000154890483827, 0.000206522439839, 0.000222613307415, 0.000103475322248, 4.47035017714e-005, 9.0168987299e-006, 3.30244483848e-006, 1.57134252277e-006, 2.5489887534e-008, 2.52981524618e-010, 5.77098577259e-011]
        dmean2: [4.14994019593e-007, 0.000127724415506, 0.000229576704442, 0.000256456667557, 0.000863262743223, 0.000234911669395, 0.000167333157151, 0.000189870348549, 0.000198919689865, 0.000142652686918, 9.78543612291e-005, 0.000129996566102, 0.000104356651718, 0.00014870747691, 0.000173500389792, 0.000295591686154, 0.000320485793054, 0.000258969288552, 0.000347013323335, 0.000369432149455, 0.000175708948518, 7.47301091906e-005, 1.45105568663e-005, 4.88079285788e-006, 2.22841163122e-006, 3.98824653303e-008, 4.48304227074e-010, 1.07519097792e-010]
        dvar: [2.94709325303e-013, 2.07696615462e-008, 6.03941288091e-008, 5.44910214728e-008, 1.28516592213e-006, 7.81303697295e-008, 4.95983911719e-008, 6.6873759863e-008, 6.47801314813e-008, 3.41609052157e-008, 1.79619110696e-008, 2.55078891342e-008, 1.39987434977e-008, 3.57547804697e-008, 3.52776474699e-008, 9.68021751646e-008, 7.19962898188e-008, 3.42910517759e-008, 6.85220271635e-008, 7.90934748807e-008, 1.95688567572e-008, 4.30514690564e-009, 2.82856127409e-010, 1.09339530485e-010, 4.12026142371e-011, 5.58611283044e-015, 1.25840640949e-019, 8.03098428397e-021]
        dvar2: [6.63346114149e-013, 5.60483748302e-008, 1.69413709727e-007, 1.50570244273e-007, 3.62573609891e-006, 2.11916798776e-007, 1.31107626089e-007, 1.60469141974e-007, 1.36194870493e-007, 7.67787611267e-008, 4.46951347044e-008, 6.1664302109e-008, 3.35637757587e-008, 8.85330493361e-008, 8.44291250246e-008, 2.39969153881e-007, 1.8162020865e-007, 9.23387233343e-008, 1.7977983191e-007, 2.04005615956e-007, 5.22748173637e-008, 1.0531433503e-008, 5.83401715826e-010, 1.69210548351e-010, 6.47995337943e-011, 1.1063994332e-014, 3.67875988778e-019, 2.60127720068e-020]
        max: [4.43125736638e-006, 0.00159075972624, 0.00342685123906, 0.00413022190332, 0.0142568666488, 0.0046244058758, 0.0048858942464, 0.00576878618449, 0.00949302036315, 0.00619394145906, 0.00385494157672, 0.00440918467939, 0.00299510871992, 0.00471099233255, 0.0056870598346, 0.00822591036558, 0.00539949163795, 0.00323194125667, 0.00505492137745, 0.00711382413283, 0.00238395854831, 0.00115909893066, 0.000376220123144, 0.000284217909211, 0.000242456328124, 1.9976018848e-006, 6.08453776252e-009, 1.37770916897e-009]
        mean: [2.52801839906e-007, 8.60703803482e-005, 0.000139320385642, 0.000169646504219, 0.000498235342093, 0.000156582638738, 0.000102202582639, 0.000179839931661, 0.00024467901676, 0.000147855535033, 9.98166942736e-005, 0.000149748870172, 0.000115159578854, 0.000166211117175, 0.000194555395865, 0.000372922688257, 0.000427317252615, 0.000333318603225, 0.000434162124293, 0.000548015465029, 0.000232832506299, 9.44784915191e-005, 1.52547918333e-005, 6.10421420788e-006, 2.49818867815e-006, 3.83149902916e-008, 2.84318679711e-010, 4.4519318787e-011]
        median: [5.77516203748e-008, 4.8287496611e-005, 6.55824478599e-005, 9.36991345952e-005, 0.000222644797759, 7.76356610004e-005, 4.63605028926e-005, 6.70515582897e-005, 0.000112664114567, 7.5616495451e-005, 4.06402832596e-005, 5.8864177845e-005, 5.60641710763e-005, 7.48044840293e-005, 0.00012192374561, 0.000242864887696, 0.000303345208522, 0.000278351799352, 0.000346570974216, 0.000437620037701, 0.000202412717044, 7.58846435929e-005, 8.62157503434e-006, 2.90484513243e-006, 8.79863819137e-007, 1.85014581433e-008, 1.63708060996e-010, 1.73349321009e-011]
        min: [3.53830976705e-024, 6.16912073295e-023, 4.94405950573e-023, 8.47143763279e-024, 1.48477806082e-023, 1.60582371801e-023, 4.53160989232e-023, 2.00085165387e-023, 6.15922399957e-023, 5.71459485658e-023, 1.26184699452e-023, 1.17275003044e-022, 4.80534999069e-023, 1.03399545566e-022, 1.8039133493e-022, 9.8004645742e-023, 1.71386405655e-022, 1.76763407803e-022, 3.15282258319e-022, 2.00935999205e-022, 4.79706038786e-022, 5.16867572091e-022, 6.02276545179e-022, 1.01526534817e-021, 1.13150956876e-021, 1.70789572427e-021, 2.14583414035e-021, 7.87878931166e-022]
        var: [2.93247820774e-013, 1.70506471164e-008, 5.29595709509e-008, 5.74961660504e-008, 8.83685061126e-007, 6.93517989703e-008, 4.36881641974e-008, 1.70854917769e-007, 2.81209651121e-007, 7.33161584776e-008, 3.53732438896e-008, 7.21769382039e-008, 3.29718972125e-008, 8.45235845759e-008, 6.69979485224e-008, 2.25659846365e-007, 1.89079131019e-007, 5.8717901652e-008, 1.18917249381e-007, 2.05528294828e-007, 2.90451751539e-008, 7.02673164099e-009, 5.94593596581e-010, 2.82737916413e-010, 9.18900788793e-011, 9.94410666143e-015, 1.45305880973e-019, 5.97296699788e-021]
    mfcc:
        mean: [-687.714782715, 89.3600006104, -56.8862113953, 55.2526397705, -16.309469223, 1.7517786026, -3.67920851707, -3.11583709717, 4.12093114853, -2.8065404892, -5.7111582756, -5.64490652084, -6.67220211029]
        cov: [[3158.11889648, 226.673782349, -149.198486328, 213.476852417, -85.462852478, 31.6586723328, -63.4357833862, -0.28618979454, -53.9825744629, -14.9939413071, -68.9668121338, -43.1012115479, -53.3036193848], [226.673782349, 471.978424072, -169.257781982, 114.149917603, -56.1107559204, 20.8662662506, 40.9994850159, -20.7337589264, 25.6319465637, -28.9268398285, 12.0580844879, -2.55382227898, -8.12441062927], [-149.198486328, -169.257781982, 362.199584961, 38.1257591248, 80.4075241089, -10.5268602371, -23.5883960724, 3.63014769554, -14.0957298279, 16.0339202881, 6.51827812195, 3.52981686592, 4.15073919296], [213.476852417, 114.149917603, 38.1257591248, 287.523986816, 53.9820976257, 7.11364364624, -19.7349071503, -4.05154895782, 46.5428390503, 21.3493251801, 13.8128204346, -11.0685958862, 4.73020124435], [-85.462852478, -56.1107559204, 80.4075241089, 53.9820976257, 153.030181885, 32.9056167603, 13.3576717377, 3.96330356598, 19.7835636139, 17.9416923523, 7.80158472061, 6.11566638947, 7.28516769409], [31.6586723328, 20.8662662506, -10.5268602371, 7.11364364624, 32.9056167603, 135.649810791, 84.819442749, 36.2128448486, -12.3709392548, -12.0054216385, 19.8291568756, 12.8976364136, -9.48688697815], [-63.4357833862, 40.9994850159, -23.5883960724, -19.7349071503, 13.3576717377, 84.819442749, 145.067382813, 56.3105049133, 3.84970140457, -8.10927772522, 19.2415027618, 21.5518035889, 0.417755395174], [-0.28618979454, -20.7337589264, 3.63014769554, -4.05154895782, 3.96330356598, 36.2128448486, 56.3105049133, 89.6219787598, 31.6188697815, 14.6798219681, 5.93454504013, 8.8340549469, 2.01039528847], [-53.9825744629, 25.6319465637, -14.0957298279, 46.5428390503, 19.7835636139, -12.3709392548, 3.84970140457, 31.6188697815, 99.6147537231, 43.6672210693, 14.2662887573, -1.05572605133, 2.69332790375], [-14.9939413071, -28.9268398285, 16.0339202881, 21.3493251801, 17.9416923523, -12.0054216385, -8.10927772522, 14.6798219681, 43.6672210693, 85.7904281616, 29.3845462799, 9.01530361176, 1.7603956461], [-68.9668121338, 12.0580844879, 6.51827812195, 13.8128204346, 7.80158472061, 19.8291568756, 19.2415027618, 5.93454504013, 14.2662887573, 29.3845462799, 68.4496154785, 32.4904556274, 5.93953275681], [-43.1012115479, -2.55382227898, 3.52981686592, -11.0685958862, 6.11566638947, 12.8976364136, 21.5518035889, 8.8340549469, -1.05572605133, 9.01530361176, 32.4904556274, 63.4606361389, 26.5416870117], [-53.3036193848, -8.12441062927, 4.15073919296, 4.73020124435, 7.28516769409, -9.48688697815, 0.417755395174, 2.01039528847, 2.69332790375, 1.7603956461, 5.93953275681, 26.5416870117, 61.5906829834]]
        icov: [[0.000394505128497, -0.000113936679554, 0.000145918937051, -0.000379066448659, 0.000203815434361, -0.000250286306255, 0.000357490265742, -0.000329878239427, 0.000511278223712, -0.000328708702, 0.000572016520891, -0.000227087060921, 0.000321091210935], [-0.000113936679554, 0.00367714790627, 0.00130205927417, -0.00176002900116, 0.00133524334524, 8.83926040842e-005, -0.00185939262155, 0.00210052751936, -0.00146836205386, 0.00161207932979, -0.000706755090505, -0.000172943458892, 0.000394411501475], [0.000145918937051, 0.00130205927417, 0.00400195410475, -0.00112935050856, -0.00152601569425, 0.000890344846994, 0.00020021374803, -0.000848284573294, 0.0015804588329, 1.79242088052e-005, -0.000627796223853, -0.000115764560178, 0.000499852292705], [-0.000379066448659, -0.00176002900116, -0.00112935050856, 0.00556492526084, -0.00186006817967, -0.000758884300012, 0.00148040684871, 1.79188718903e-005, -0.00201465259306, -8.86873094714e-005, -0.00133484136313, 0.00176474102773, -0.00136014120653], [0.000203815434361, 0.00133524334524, -0.00152601569425, -0.00186006817967, 0.00978186354041, -0.00342971039936, -0.000913522846531, 0.00289610936306, -0.00261796731502, -0.00107319070958, 0.00187666818965, -0.000892005977221, -0.000826856179629], [-0.000250286306255, 8.83926040842e-005, 0.000890344846994, -0.000758884300012, -0.00342971039936, 0.0145503329113, -0.00661153811961, -0.00308446609415, 0.00363889103755, 0.00207556877285, -0.00397159298882, 0.000425117556006, 0.00256709218957], [0.000357490265742, -0.00185939262155, 0.00020021374803, 0.00148040684871, -0.000913522846531, -0.00661153811961, 0.01504409872, -0.00729916850105, 0.000727215025108, 0.00111495086458, -0.000923710758798, -0.00192748685367, 1.88485082617e-005], [-0.000329878239427, 0.00210052751936, -0.000848284573294, 1.79188718903e-005, 0.00289610936306, -0.00308446609415, -0.00729916850105, 0.0203012507409, -0.00782677065581, -0.00132804934401, 0.00312225031666, -0.00132129248232, -0.000734920031391], [0.000511278223712, -0.00146836205386, 0.0015804588329, -0.00201465259306, -0.00261796731502, 0.00363889103755, 0.000727215025108, -0.00782677065581, 0.0185381714255, -0.00701759010553, -0.00107830017805, 0.00204969616607, 2.83288900391e-005], [-0.000328708702, 0.00161207932979, 1.79242088052e-005, -8.86873094714e-005, -0.00107319070958, 0.00207556877285, 0.00111495086458, -0.00132804934401, -0.00701759010553, 0.0194001290947, -0.00840485654771, 0.000407211337006, 0.000803623872343], [0.000572016520891, -0.000706755090505, -0.000627796223853, -0.00133484136313, 0.00187666818965, -0.00397159298882, -0.000923710758798, 0.00312225031666, -0.00107830017805, -0.00840485654771, 0.0262161046267, -0.0127856004983, 0.00288627413101], [-0.000227087060921, -0.000172943458892, -0.000115764560178, 0.00176474102773, -0.000892005977221, 0.000425117556006, -0.00192748685367, -0.00132129248232, 0.00204969616607, 0.000407211337006, -0.0127856004983, 0.0278713088483, -0.0109989382327], [0.000321091210935, 0.000394411501475, 0.000499852292705, -0.00136014120653, -0.000826856179629, 0.00256709218957, 1.88485082617e-005, -0.000734920031391, 2.83288900391e-005, 0.000803623872343, 0.00288627413101, -0.0109989382327, 0.0215912852436]]
    sccoeffs:
        dmean: [0.0628928989172, 0.0464116968215, 0.0389668568969, 0.0306823961437, 0.0195361040533, 0.0196962896734]
        dmean2: [0.102724902332, 0.0771108493209, 0.0648874714971, 0.0508319288492, 0.032448656857, 0.0309165269136]
        dvar: [0.00284575391561, 0.00136760564055, 0.000936203054152, 0.000578749109991, 0.000236521882471, 0.000344270694768]
        dvar2: [0.00759150320664, 0.00371056119911, 0.00253284769133, 0.00156321958639, 0.000644735060632, 0.000786621880252]
        max: [-0.274969160557, -0.489389538765, -0.518391728401, -0.596888184547, -0.647741436958, -0.548250615597]
        mean: [-0.670014441013, -0.77616661787, -0.781459331512, -0.781919360161, -0.799004733562, -0.718795359135]
        median: [-0.679073929787, -0.783734023571, -0.788844347, -0.785556435585, -0.802384734154, -0.717880547047]
        min: [-0.966545701027, -0.980031311512, -0.979810476303, -0.972802400589, -0.980649292469, -0.961572468281]
        var: [0.00641894480214, 0.00356356985867, 0.00301931402646, 0.00182176544331, 0.000840189517476, 0.00137171708047]
    scvalleys:
        dmean: [0.392476737499, 0.39202684164, 0.296891629696, 0.231777667999, 0.198542833328, 0.289881795645]
        dmean2: [0.63801920414, 0.653749167919, 0.488213509321, 0.374992877245, 0.315395623446, 0.440943986177]
        dvar: [0.113484576344, 0.139299124479, 0.0653471648693, 0.0450966022909, 0.0424117706716, 0.117209941149]
        dvar2: [0.271617680788, 0.361909389496, 0.150163546205, 0.0977971106768, 0.0850142538548, 0.261050850153]
        max: [-5.23037195206, -4.29303503036, -5.12738990784, -5.67811059952, -5.55222845078, -7.20735883713]
        mean: [-6.8980345726, -6.59778022766, -6.85324048996, -6.84407711029, -6.63289403915, -9.50187683105]
        median: [-6.76016902924, -6.5560092926, -6.78158664703, -6.76519012451, -6.53059482574, -9.3819026947]
        min: [-27.5940647125, -26.6398906708, -27.0525150299, -27.209148407, -27.1403770447, -27.1567993164]
        var: [0.986108779907, 0.754184305668, 0.748124182224, 0.664061486721, 0.623956739902, 0.886362433434]

rhythm:
    beats_loudness:
        dmean: 0.00127771159168
        dmean2: 0.00220674392767
        dvar: 1.17425440749e-006
        dvar2: 3.37372966897e-006
        max: 0.0113138426095
        mean: 0.00497423112392
        median: 0.00494105089456
        min: 2.81086931508e-009
        var: 3.53897053174e-006
    bpm: 139.871810913
    bpm_confidence: 0
    first_peak_bpm: 140
    first_peak_spread: 0.156250014901
    first_peak_weight: 0.739051103592
    onset_rate: 3.20897650719
    second_peak_bpm: 133
    second_peak_spread: 0.352941155434
    second_peak_weight: 0.0401459857821
    beats_loudness_band_ratio:
        dmean: [0.0753312185407, 0.081653855741, 0.0795877277851, 0.0822160542011, 0.10387352854, 0.0888758450747]
        dmean2: [0.136405065656, 0.142114579678, 0.13594597578, 0.145863771439, 0.180472284555, 0.155542984605]
        dvar: [0.00691913301125, 0.00568872177973, 0.00826914142817, 0.00920148007572, 0.00788656249642, 0.0072638024576]
        dvar2: [0.0213490221649, 0.0157721042633, 0.0214488934726, 0.0270584076643, 0.0218269601464, 0.0202608220279]
        max: [0.581336915493, 0.691697835922, 0.663967490196, 0.533553719521, 0.764175474644, 0.686939895153]
        mean: [0.116233214736, 0.121795669198, 0.121155381203, 0.117575138807, 0.305370092392, 0.261054903269]
        median: [0.0941637679935, 0.106491178274, 0.0842038169503, 0.0782166346908, 0.291506499052, 0.250639081001]
        min: [4.4744952902e-005, 0.000110782915726, 0.00473976135254, 0.0119252782315, 0.0253219436854, 0.0194392614067]
        var: [0.00777782360092, 0.00818124506623, 0.0113742956892, 0.0101562263444, 0.0118413185701, 0.00911445915699]
    beats_position: [0.441179126501, 0.893968224525, 1.34675729275, 1.78793644905, 2.22911548615, 2.65868473053, 3.08825397491, 3.50621318817, 3.93578219414, 4.3653512001, 4.79492044449, 5.22448968887, 5.65405893326, 6.08362817764, 6.51319694519, 6.94276618958, 7.37233543396, 7.80190467834, 8.23147392273, 8.66104316711, 9.07900238037, 9.50857162476, 9.93814086914, 10.3677091599, 10.7972784042, 11.2268476486, 11.656416893, 12.0859861374, 12.5155553818, 12.9451246262, 13.3746938705, 13.8042631149, 14.2338323593, 14.66340065, 15.0929698944, 15.5109291077, 15.9404983521, 16.3700675964, 16.8112468719, 17.2640361786, 17.7284355164, 18.181224823, 18.6572322845, 19.1332416534, 19.574420929, 20.0156002045, 20.4451694489, 20.8747386932, 21.3043079376, 21.733877182, 22.1634464264, 22.5930156708, 23.010974884, 23.4405441284, 23.8701133728, 24.2996826172, 24.7292518616, 25.1472110748, 25.5767803192, 26.0063495636, 26.435918808, 26.865486145, 27.2950553894, 27.7246246338, 28.1541938782, 28.5837631226, 29.0133323669, 29.4429016113, 29.8724708557, 30.3020401001, 30.7316093445, 31.1611785889, 31.5907478333, 32.0203170776, 32.449886322, 32.8794555664, 33.3090248108, 33.7385940552, 34.1681632996, 34.5861206055, 35.0156898499, 35.4452590942, 35.8632202148, 36.2927894592, 36.7223587036, 37.151927948, 37.5814971924, 38.0110664368, 38.4406356812, 38.8702049255, 39.2997741699, 39.7293434143, 40.1473007202, 40.5768699646, 41.006439209, 41.4360084534, 41.8655776978, 42.2951469421, 42.7247161865, 43.1542854309, 43.5838546753, 44.0134239197, 44.4429931641, 44.8725624084, 45.3021316528, 45.7317008972, 46.1612701416, 46.5792274475, 47.0087966919, 47.4383659363, 47.8679351807, 48.297504425, 48.7270736694, 49.1566429138, 49.5862121582, 50.0157814026, 50.445350647, 50.8749198914, 51.3044891357, 51.7340583801, 52.1868476868, 52.6396369934, 53.0924263, 53.5452156067, 54.0096130371, 54.4624023438, 54.9151916504, 55.3563690186, 55.7975502014, 56.2271194458, 56.6566886902, 57.0862579346, 57.515827179, 57.9337844849, 58.3633537292, 58.7929229736, 59.222492218, 59.6520614624, 60.0816307068, 60.5111999512, 60.9407691956, 61.3703384399, 61.7999076843, 62.2294769287, 62.6590461731, 63.0886154175, 63.5181846619, 63.9477539063, 64.3657150269, 64.7952804565, 65.2248535156, 65.6544189453, 66.0839920044, 66.5019454956, 66.9199066162, 67.3610839844, 67.7906570435, 68.2202224731, 68.6497955322, 69.0909729004, 69.5205459595, 69.9384994507, 70.3680725098, 70.7976379395, 71.2272109985, 71.6567764282, 72.0863494873, 72.515914917, 72.9338760376, 73.3750534058, 73.7930145264, 74.2225799561, 74.6521530151, 75.0817184448, 75.5112915039, 75.9408569336, 76.3704299927, 76.7999954224, 77.2295684814, 77.6591339111, 78.0887069702, 78.5414962769, 79.005897522, 79.4702911377, 79.9230804443, 80.3874816895, 80.8518829346, 81.2930603027, 81.7342376709, 82.16381073, 82.5933761597, 83.0113372803, 83.44090271, 83.8588638306, 84.2884368896, 84.7180023193, 85.1475753784, 85.5771408081, 86.0067138672, 86.4362792969, 86.865852356, 87.2954177856, 87.7249908447, 88.1545562744, 88.5841217041, 89.0136947632, 89.4432601929, 89.872833252, 90.3023986816, 90.7319717407, 91.1615371704, 91.579498291, 92.0206756592, 92.4502487183, 92.8798141479, 93.309387207, 93.7389526367, 94.1569137573, 94.5864868164, 95.0160522461, 95.4340133667, 95.8635787964, 96.2931518555, 96.7227172852, 97.1522903442, 97.5818557739, 98.011428833, 98.4409942627, 98.8705673218, 99.3001327515, 99.7297058105, 100.15927124, 100.588844299, 101.018409729, 101.447982788, 101.865936279, 102.295509338, 102.725074768, 103.154647827, 103.584213257, 104.013786316, 104.431747437, 104.861312866, 105.290885925, 105.720451355, 106.150024414, 106.579589844, 107.009155273, 107.438728333, 107.868293762, 108.297866821, 108.727432251, 109.15700531, 109.58657074, 110.016143799, 110.445709229, 110.863670349, 111.293243408, 111.722808838, 112.152381897, 112.581947327, 113.011520386, 113.441085815, 113.870658875, 114.300224304, 114.729797363, 115.159362793, 115.588935852, 116.006889343, 116.436462402, 116.866027832, 117.295600891, 117.725166321, 118.15473938, 118.58430481, 119.013877869, 119.443443298, 119.873016357, 120.302581787, 120.720542908, 121.150108337, 121.579681396, 121.997642517, 122.427207947, 122.856781006, 123.297958374, 123.727523804, 124.157096863, 124.586662292, 125.004623413, 125.434196472, 125.863761902, 126.293327332, 126.722900391, 127.15246582, 127.582038879, 128.011611938, 128.441177368, 128.870742798, 129.300308228, 129.729888916, 130.159454346, 130.589019775, 131.018585205, 131.436553955, 131.866119385, 132.295684814, 132.713653564, 133.143218994, 133.572784424, 134.002349854, 134.431930542, 134.861495972, 135.291061401, 135.720626831, 136.138595581, 136.568161011, 136.99772644, 137.42729187, 137.856872559, 138.205169678, 138.541854858, 138.890151978, 139.226852417, 139.575149536, 139.900222778, 140.225296021, 140.550384521, 140.875457764, 141.200546265, 141.525619507, 141.850692749, 142.17578125, 142.500854492, 142.825942993, 143.162628174, 143.499313354, 143.836013794, 144.161087036, 144.497772217, 144.834457397, 145.171157837, 145.496231079, 145.83291626, 146.169616699, 146.50630188, 146.842987061, 147.168075562, 147.493148804, 147.818222046, 148.143310547, 148.479995728, 148.944396973, 149.397186279, 149.849975586, 150.279541016, 150.709106445, 151.138687134, 151.568252563, 151.997817993, 152.438995361, 152.86857605, 153.298141479, 153.727706909, 154.157272339, 154.586837769, 155.016418457, 155.445983887, 155.875549316, 156.305114746, 156.734695435, 157.164260864, 157.593826294, 158.023391724, 158.452972412, 158.870925903, 159.300491333, 159.730072021, 160.159637451, 160.589202881, 161.018768311, 161.448348999, 161.877914429, 162.307479858, 162.737045288, 163.166610718, 163.584579468, 164.014144897, 164.443710327, 164.873291016, 165.302856445, 165.732421875, 166.161987305, 166.579956055, 167.009521484, 167.439086914, 167.868652344, 168.298233032, 168.727798462, 169.157363892, 169.586929321, 170.01651001, 170.446075439, 170.875640869, 171.305206299, 171.734786987, 172.152740479, 172.593917847, 173.011871338, 173.441452026, 173.871017456, 174.300582886, 174.730148315, 175.159729004, 175.589294434, 176.018859863, 176.448425293, 176.866394043, 177.295959473, 177.725524902, 178.155105591, 178.584671021, 179.01423645, 179.44380188, 179.86177063, 180.29133606, 180.720901489, 181.150466919, 181.580047607, 182.009613037, 182.439178467, 182.868743896, 183.298324585, 183.727890015, 184.157455444, 184.587020874, 185.016601563, 185.446166992, 185.875732422, 186.305297852, 186.73487854, 187.16444397, 187.594009399, 188.023574829, 188.453155518, 188.871109009, 189.300674438, 189.730239868, 190.159820557, 190.589385986, 191.007339478, 191.436920166, 191.866485596, 192.296051025, 192.725616455, 193.166793823, 193.584762573, 194.014328003, 194.443893433, 194.861862183, 195.279815674, 195.709381104, 196.138946533, 196.58013916, 197.00970459, 197.43927002, 197.868835449, 198.298416138, 198.727981567, 199.157546997, 199.587112427, 200.016693115, 200.434646606, 200.864212036, 201.293777466, 201.723358154, 202.152923584, 202.582489014, 203.012054443, 203.441635132, 203.871200562, 204.300765991, 204.730331421, 205.148300171, 205.577865601, 206.00743103, 206.43699646, 206.866577148, 207.296142578, 207.714096069, 208.143676758, 208.573242188, 209.002807617, 209.432373047, 209.861953735, 210.279907227, 210.721084595, 211.150650024, 211.580215454, 212.009796143, 212.439361572, 212.88053894, 213.333328247, 213.797729492, 214.250518799, 214.703308105, 215.156097412, 215.608886719, 216.061676025, 216.502853394, 216.932418823, 217.361984253, 217.791564941, 218.221130371, 218.650695801, 219.08026123, 219.509841919, 219.939407349, 220.368972778, 220.798538208, 221.228118896, 221.657684326, 222.087249756, 222.516815186, 222.946395874, 223.364349365, 223.793914795, 224.223495483, 224.653060913, 225.082626343, 225.512191772, 225.941757202, 226.371337891, 226.80090332, 227.23046875, 227.683258057, 228.136047363, 228.600448608, 229.064849854, 229.529251099, 229.993652344, 230.434829712, 230.864395142, 231.282348633, 231.711929321, 232.153106689, 232.594284058, 233.035461426, 233.476638794]
