
metadata:
    version:
        essentia: "2.1-beta2"
    audio_properties:
        analysis_sample_rate: 44100
        bitrate: 320
        channels: 2
        equal_loudness: 1
        length: 258.272644043
        replay_gain: -14.7110767365
        downmix: "mix"
    tags:
        album: "Venom (Deluxe Edition)"
        artist: "Bullet for My Valentine"
        comment: ""
        date: "2015"
        genre: ""
        title: "Army of Noise"
        tracknumber: "3/15"

configuration:
    average_loudness:
        compute: 1
        frameSize: 88200
        hopSize: 44100
        silentFrames: "noise"
        windowType: "hann"
    general:
        analysisSampleRate: 44100
        endTime: 2000
        equalLoudness: 1
        nequalLoudness: 0
        shortSound: 0
        startTime: 0
    lowlevel:
        compute: 1
        frameSize: 2048
        hopSize: 1024
        zeroPadding: 0
        silentFrames: "noise"
        windowType: "blackmanharris62"
        mfccStats: ["mean", "cov", "icov"]
        stats: ["mean", "var", "median", "min", "max", "dmean", "dmean2", "dvar", "dvar2"]
    panning:
        compute: 0
        frameSize: 8192
        hopSize: 2048
        zeroPadding: 8192
        silentFrames: "noise"
        windowType: "hann"
        stats: ["copy"]
    rhythm:
        compute: 1
        maxTempo: 208
        minTempo: 40
        method: "degara"
        stats: ["mean", "var", "median", "min", "max", "dmean", "dmean2", "dvar", "dvar2"]
    segmentation:
        compute: 0
        cpw: 5
        inc1: 300
        inc2: 50
        minimumSegmentsLength: 10
        size1: 1000
        size2: 600
    sfx:
        compute: 1
        stats: ["mean", "var", "median", "min", "max", "dmean", "dmean2", "dvar", "dvar2"]
    svm:
        compute: 0
    tonal:
        compute: 1
        frameSize: 4096
        hopSize: 2048
        zeroPadding: 0
        silentFrames: "noise"
        windowType: "blackmanharris62"
        stats: ["mean", "var", "median", "min", "max", "dmean", "dmean2", "dvar", "dvar2"]

lowlevel:
    average_loudness: 0.96225965023
    barkbands_kurtosis:
        dmean: 0.737204492092
        dmean2: 1.20891857147
        dvar: 0.725450694561
        dvar2: 1.78199827671
        max: 9.92970657349
        mean: -0.555251061916
        median: -0.981436610222
        min: -1.88200855255
        var: 1.67300224304
    barkbands_skewness:
        dmean: 0.40297177434
        dmean2: 0.627615451813
        dvar: 0.119789727032
        dvar2: 0.289240688086
        max: 3.07013463974
        mean: -0.531113564968
        median: -0.561387717724
        min: -2.71841597557
        var: 0.473668396473
    barkbands_spread:
        dmean: 6.54908466339
        dmean2: 10.5072402954
        dvar: 32.0713691711
        dvar2: 82.146156311
        max: 73.7269058228
        mean: 34.9283676147
        median: 35.0789413452
        min: 4.47318935394
        var: 102.926979065
    dissonance:
        dmean: 0.00834010913968
        dmean2: 0.0143299130723
        dvar: 7.23065895727e-005
        dvar2: 0.00020094300271
        max: 0.500000119209
        mean: 0.487130254507
        median: 0.490174144506
        min: 0.404932022095
        var: 0.000122690034914
    hfc:
        dmean: 3.26600599289
        dmean2: 5.34612560272
        dvar: 16.4625473022
        dvar2: 43.2903633118
        max: 48.4628410339
        mean: 11.1517686844
        median: 10.1703395844
        min: 1.14840422586e-016
        var: 30.507270813
    pitch:
        dmean: 1065.08166504
        dmean2: 2007.91259766
        dvar: 1792255.75
        dvar2: 4238693.5
        max: 4892.95214844
        mean: 1891.75012207
        median: 1091.14367676
        min: 75.7204971313
        var: 2556154.25
    pitch_instantaneous_confidence:
        dmean: 0.0763121768832
        dmean2: 0.125733867288
        dvar: 0.00424308236688
        dvar2: 0.0106948576868
        max: 0.872278094292
        mean: 0.328746199608
        median: 0.308786958456
        min: 0.102359235287
        var: 0.0120694646612
    pitch_salience:
        dmean: 0.0589058548212
        dmean2: 0.0980259850621
        dvar: 0.00272059603594
        dvar2: 0.0071910279803
        max: 0.992814421654
        mean: 0.68814021349
        median: 0.702880620956
        min: 0.277921825647
        var: 0.0058428151533
    silence_rate_20dB:
        dmean: 0
        dmean2: 0
        dvar: 0
        dvar2: 0
        max: 1
        mean: 1
        median: 1
        min: 1
        var: 0
    silence_rate_30dB:
        dmean: 0
        dmean2: 0
        dvar: 0
        dvar2: 0
        max: 1
        mean: 1
        median: 1
        min: 1
        var: 0
    silence_rate_60dB:
        dmean: 0.0735413134098
        dmean2: 0.14709584415
        dvar: 0.0681386440992
        dvar2: 0.15350368619
        max: 1
        mean: 0.170262500644
        median: 0
        min: 0
        var: 0.141257882118
    spectral_centroid:
        dmean: 299.524993896
        dmean2: 468.730133057
        dvar: 74934.0078125
        dvar2: 173974.953125
        max: 10678.0097656
        mean: 2213.78198242
        median: 2241.80371094
        min: 444.892883301
        var: 259788.015625
    spectral_complexity:
        dmean: 5.11984157562
        dmean2: 8.01312732697
        dvar: 22.9560546875
        dvar2: 53.1121826172
        max: 50
        mean: 19.1545314789
        median: 19
        min: 0
        var: 65.3375396729
    spectral_crest:
        dmean: 1.86582124233
        dmean2: 3.08616304398
        dvar: 3.14018154144
        dvar2: 7.85149860382
        max: 18.997133255
        mean: 6.27967882156
        median: 5.59184122086
        min: 2.52318072319
        var: 6.20754480362
    spectral_decrease:
        dmean: 3.4189062692e-010
        dmean2: 5.66649394074e-010
        dvar: 2.49486771733e-019
        dvar2: 6.65661448737e-019
        max: 1.67412152547e-029
        mean: -1.09203190934e-009
        median: -1.02372932353e-009
        min: -4.81028727961e-009
        var: 3.18780984116e-019
    spectral_energy:
        dmean: 0.00154473667499
        dmean2: 0.00255943858065
        dvar: 4.90738329972e-006
        dvar2: 1.30611988425e-005
        max: 0.0221040546894
        mean: 0.00513308262452
        median: 0.00481294002384
        min: 1.03531888406e-020
        var: 6.54055020277e-006
    spectral_energyband_high:
        dmean: 0.000293394958135
        dmean2: 0.000493184605148
        dvar: 1.38837719987e-007
        dvar2: 3.66117006934e-007
        max: 0.00499935960397
        mean: 0.000724890967831
        median: 0.000611690687947
        min: 7.60268728802e-021
        var: 1.92342710648e-007
    spectral_energyband_low:
        dmean: 0.000199832109502
        dmean2: 0.00033491459908
        dvar: 8.33413906776e-008
        dvar2: 2.16940591713e-007
        max: 0.00418433826417
        mean: 0.000288155220915
        median: 0.000191049068235
        min: 5.96975664954e-023
        var: 9.93009123818e-008
    spectral_energyband_middle_high:
        dmean: 0.000775924127083
        dmean2: 0.00122791866306
        dvar: 7.06208595602e-007
        dvar2: 1.79176731763e-006
        max: 0.0106499725953
        mean: 0.00274741020985
        median: 0.00248515582643
        min: 1.3088953815e-021
        var: 2.26101201406e-006
    spectral_energyband_middle_low:
        dmean: 0.000833491561934
        dmean2: 0.00138625979889
        dvar: 1.87301702681e-006
        dvar2: 5.06308515469e-006
        max: 0.0142679782584
        mean: 0.00148637604434
        median: 0.00101385638118
        min: 3.50507207522e-022
        var: 2.10840948967e-006
    spectral_flatness_db:
        dmean: 0.0118759609759
        dmean2: 0.0185171104968
        dvar: 9.95981317828e-005
        dvar2: 0.00023787576356
        max: 0.291812092066
        mean: 0.136122122407
        median: 0.133911073208
        min: 0.0643643662333
        var: 0.000464227428893
    spectral_flux:
        dmean: 0.00837589241564
        dmean2: 0.0131343547255
        dvar: 9.96287781163e-005
        dvar2: 0.000196834706003
        max: 0.123307459056
        mean: 0.0457197614014
        median: 0.0442899055779
        min: 1.01750621817e-010
        var: 0.00022587942658
    spectral_kurtosis:
        dmean: 0.713736653328
        dmean2: 1.20421874523
        dvar: 0.419445365667
        dvar2: 1.22308194637
        max: 11.0649290085
        mean: 2.33709383011
        median: 2.28473377228
        min: -1.21861732006
        var: 1.10874199867
    spectral_rms:
        dmean: 0.000305132212816
        dmean2: 0.000492736755405
        dvar: 1.32940812136e-007
        dvar2: 3.44368828564e-007
        max: 0.00464380579069
        mean: 0.00216827122495
        median: 0.0021669222042
        min: 3.17815543847e-012
        var: 3.06485219426e-007
    spectral_rolloff:
        dmean: 285.958404541
        dmean2: 457.027252197
        dvar: 113362.359375
        dvar2: 230671.40625
        max: 18906.1523438
        mean: 3929.92016602
        median: 3919.04296875
        min: 193.798828125
        var: 276307.4375
    spectral_skewness:
        dmean: 0.121918052435
        dmean2: 0.200168356299
        dvar: 0.0110638849437
        dvar2: 0.028306433931
        max: 2.48949551582
        mean: 1.01934027672
        median: 1.02048301697
        min: 0.0695751458406
        var: 0.0398969985545
    spectral_spread:
        dmean: 376221.6875
        dmean2: 547331.875
        dvar: 236063129600
        dvar2: 330057809920
        max: 40596252
        mean: 4648723.5
        median: 4465430
        min: 2622996.75
        var: 1.07569210982e+012
    spectral_strongpeak:
        dmean: 0.602552711964
        dmean2: 1.03492879868
        dvar: 0.63328564167
        dvar2: 1.63349246979
        max: 8.82194519043
        mean: 0.822226762772
        median: 0.319433897734
        min: 1.72624775585e-010
        var: 1.06049144268
    zerocrossingrate:
        dmean: 0.00823515281081
        dmean2: 0.0101961744949
        dvar: 5.79852348892e-005
        dvar2: 7.81162307248e-005
        max: 0.4931640625
        mean: 0.121025666595
        median: 0.12158203125
        min: 0.0341796875
        var: 0.000417363422457
    barkbands:
        dmean: [3.14127646561e-007, 9.12094983505e-005, 0.00010412352276, 0.000144499252201, 0.000455768749816, 0.000195475309738, 9.14320771699e-005, 0.000108319734863, 0.000123701058328, 8.23075606604e-005, 4.29684478149e-005, 5.34274804522e-005, 5.32072263013e-005, 6.73828835716e-005, 9.28640147322e-005, 0.000223457245738, 0.000208720972296, 0.000182806354132, 0.000256108527537, 0.000279088388197, 0.000136443981319, 6.1907703639e-005, 1.08438725874e-005, 4.21466393163e-006, 1.47089201619e-006, 2.25350067495e-008, 2.80876849557e-010]
        dmean2: [4.60325992435e-007, 0.000157445319928, 0.000179403199581, 0.000243512637098, 0.000743629410863, 0.000353129318682, 0.000163527845871, 0.000183134965482, 0.000199010421056, 0.000131742432131, 7.09740488674e-005, 8.65539332153e-005, 8.56424085214e-005, 0.000111558307253, 0.00015214481391, 0.000367748114513, 0.000344440020854, 0.000304943561787, 0.000426938291639, 0.000462944008177, 0.000234182094573, 0.000104832412035, 1.74332708411e-005, 6.20476203039e-006, 2.13088992496e-006, 3.51636693097e-008, 4.92703156052e-010]
        dvar: [3.30189082456e-013, 2.97811055816e-008, 2.43844233694e-008, 3.58966651959e-008, 5.8209349163e-007, 2.00224306468e-007, 4.20688408553e-008, 5.44563825144e-008, 5.52847332358e-008, 2.91585013912e-008, 9.00828212025e-009, 1.1193730387e-008, 1.17913172559e-008, 1.34119542139e-008, 3.15339434565e-008, 1.55240456934e-007, 9.03146144537e-008, 4.93560357029e-008, 9.30573520463e-008, 1.05105371517e-007, 3.60192373705e-008, 6.37512975743e-009, 3.70200647914e-010, 1.17303305958e-010, 2.02007889583e-011, 3.2199394213e-015, 1.09491416142e-019]
        dvar2: [6.94285124184e-013, 8.03035149488e-008, 6.45657181053e-008, 8.59678266352e-008, 1.55000600444e-006, 5.59811837775e-007, 1.17020753976e-007, 1.40601514431e-007, 1.337582205e-007, 6.1723575584e-008, 2.35778685465e-008, 2.66120903092e-008, 2.60479495751e-008, 3.40095205331e-008, 7.90951730778e-008, 4.07214713505e-007, 2.26670536563e-007, 1.31249407787e-007, 2.46844706453e-007, 2.67117343355e-007, 9.82691830131e-008, 1.61847975022e-008, 7.72143515793e-010, 1.82256071346e-010, 3.18281200007e-011, 6.50329535232e-015, 3.15878355648e-019]
        max: [6.83919006406e-006, 0.00158395164181, 0.00287522887811, 0.0042632734403, 0.0105580799282, 0.0053860838525, 0.00295177521184, 0.00507942121476, 0.00442783301696, 0.00387336569838, 0.00212240405381, 0.0029719111044, 0.00327059603296, 0.0019151935121, 0.00482375454158, 0.00838097464293, 0.00692055886611, 0.00387166230939, 0.00446509104222, 0.00605870271102, 0.00312727876008, 0.000967953877989, 0.000385637773434, 0.0002348311682, 0.000199094400159, 2.75472666544e-006, 4.27812008041e-009]
        mean: [3.06304173137e-007, 0.000100051453046, 0.000124213416711, 0.000185414988664, 0.000603642722126, 0.000178883346962, 9.19546946534e-005, 0.000142534467159, 0.000212945407839, 0.000133692810778, 6.73181930324e-005, 9.01775056263e-005, 9.35030984692e-005, 0.000114668975584, 0.000160312978551, 0.000428676052252, 0.000415968272137, 0.000349731941242, 0.000545590766706, 0.000657095341012, 0.000281036656816, 0.000124130034237, 2.00614413188e-005, 8.39227595861e-006, 2.73566456599e-006, 4.81674824471e-008, 4.1181072441e-010]
        median: [3.73129012132e-008, 5.29076205567e-005, 7.15128917363e-005, 0.000114300550194, 0.000327532237861, 7.02300167177e-005, 4.01739453082e-005, 4.82227114844e-005, 0.000102641293779, 6.50197762297e-005, 2.80295625998e-005, 4.28898056271e-005, 4.03857193305e-005, 5.40996552445e-005, 8.28972551972e-005, 0.000246164476266, 0.000280778855085, 0.000279861298623, 0.000449578918051, 0.000530021323357, 0.000232149584917, 9.49153545662e-005, 1.04209548226e-005, 4.07297829952e-006, 1.20983543184e-006, 3.30446106034e-008, 2.8980112754e-010]
        min: [1.9691705266e-023, 2.01355704761e-023, 1.58975919677e-023, 2.38310524955e-023, 5.06990017505e-023, 1.32240047825e-022, 3.69760216195e-023, 5.17085480717e-023, 3.48123118405e-023, 5.35392512635e-023, 2.74658237796e-023, 5.90836812498e-023, 2.44864318247e-022, 9.89345423553e-023, 9.16486924544e-023, 1.74353885811e-022, 8.68916024496e-023, 1.81516553503e-022, 2.11444118712e-022, 2.83336016987e-022, 3.71418837269e-022, 4.49864225913e-022, 7.90252531588e-022, 8.57885148955e-022, 1.20973872116e-021, 1.87407844999e-021, 2.16342323942e-021]
        var: [4.0327116646e-013, 2.35918378166e-008, 2.74546447798e-008, 5.95912190704e-008, 6.18885394488e-007, 1.39697860391e-007, 3.2262704508e-008, 1.08673894772e-007, 1.4239681434e-007, 6.96553570378e-008, 1.62541251569e-008, 2.51840912568e-008, 3.07185175075e-008, 2.77190430609e-008, 6.41758859388e-008, 2.9754426123e-007, 2.06146779647e-007, 7.10466281362e-008, 1.39039755709e-007, 2.21472262751e-007, 3.72621400402e-008, 9.96547644405e-009, 9.25220455805e-010, 3.12912751266e-010, 5.26060896233e-011, 6.64341196597e-015, 1.65563223982e-019]
    frequency_bands:
        dmean: [3.14127646561e-007, 9.12094983505e-005, 0.00010412352276, 0.000144499252201, 0.000455768749816, 0.000195475309738, 9.14320771699e-005, 0.000108319734863, 0.000123701058328, 8.23075606604e-005, 4.29684478149e-005, 5.34274804522e-005, 5.32072263013e-005, 6.73828835716e-005, 9.28640147322e-005, 0.000223457245738, 0.000208720972296, 0.000182806354132, 0.000256108527537, 0.000279088388197, 0.000136443981319, 6.1907703639e-005, 1.08438725874e-005, 4.21466393163e-006, 1.47089201619e-006, 2.25350067495e-008, 2.80876849557e-010, 5.99936350598e-011]
        dmean2: [4.60325992435e-007, 0.000157445319928, 0.000179403199581, 0.000243512637098, 0.000743629410863, 0.000353129318682, 0.000163527845871, 0.000183134965482, 0.000199010421056, 0.000131742432131, 7.09740488674e-005, 8.65539332153e-005, 8.56424085214e-005, 0.000111558307253, 0.00015214481391, 0.000367748114513, 0.000344440020854, 0.000304943561787, 0.000426938291639, 0.000462944008177, 0.000234182094573, 0.000104832412035, 1.74332708411e-005, 6.20476203039e-006, 2.13088992496e-006, 3.51636693097e-008, 4.92703156052e-010, 1.11473531794e-010]
        dvar: [3.30189082456e-013, 2.97811055816e-008, 2.43844233694e-008, 3.58966651959e-008, 5.8209349163e-007, 2.00224306468e-007, 4.20688408553e-008, 5.44563825144e-008, 5.52847332358e-008, 2.91585013912e-008, 9.00828212025e-009, 1.1193730387e-008, 1.17913172559e-008, 1.34119542139e-008, 3.15339434565e-008, 1.55240456934e-007, 9.03146144537e-008, 4.93560357029e-008, 9.30573520463e-008, 1.05105371517e-007, 3.60192373705e-008, 6.37512975743e-009, 3.70200647914e-010, 1.17303305958e-010, 2.02007889583e-011, 3.2199394213e-015, 1.09491416142e-019, 6.85526013433e-021]
        dvar2: [6.94285124184e-013, 8.03035149488e-008, 6.45657181053e-008, 8.59678266352e-008, 1.55000600444e-006, 5.59811837775e-007, 1.17020753976e-007, 1.40601514431e-007, 1.337582205e-007, 6.1723575584e-008, 2.35778685465e-008, 2.66120903092e-008, 2.60479495751e-008, 3.40095205331e-008, 7.90951730778e-008, 4.07214713505e-007, 2.26670536563e-007, 1.31249407787e-007, 2.46844706453e-007, 2.67117343355e-007, 9.82691830131e-008, 1.61847975022e-008, 7.72143515793e-010, 1.82256071346e-010, 3.18281200007e-011, 6.50329535232e-015, 3.15878355648e-019, 2.16658926514e-020]
        max: [6.83919006406e-006, 0.00158395164181, 0.00287522887811, 0.0042632734403, 0.0105580799282, 0.0053860838525, 0.00295177521184, 0.00507942121476, 0.00442783301696, 0.00387336569838, 0.00212240405381, 0.0029719111044, 0.00327059603296, 0.0019151935121, 0.00482375454158, 0.00838097464293, 0.00692055886611, 0.00387166230939, 0.00446509104222, 0.00605870271102, 0.00312727876008, 0.000967953877989, 0.000385637773434, 0.0002348311682, 0.000199094400159, 2.75472666544e-006, 4.27812008041e-009, 1.19990417602e-009]
        mean: [3.06304173137e-007, 0.000100051453046, 0.000124213416711, 0.000185414988664, 0.000603642722126, 0.000178883346962, 9.19546946534e-005, 0.000142534467159, 0.000212945407839, 0.000133692810778, 6.73181930324e-005, 9.01775056263e-005, 9.35030984692e-005, 0.000114668975584, 0.000160312978551, 0.000428676052252, 0.000415968272137, 0.000349731941242, 0.000545590766706, 0.000657095341012, 0.000281036656816, 0.000124130034237, 2.00614413188e-005, 8.39227595861e-006, 2.73566456599e-006, 4.81674824471e-008, 4.1181072441e-010, 4.64765656516e-011]
        median: [3.73129012132e-008, 5.29076205567e-005, 7.15128917363e-005, 0.000114300550194, 0.000327532237861, 7.02300167177e-005, 4.01739453082e-005, 4.82227114844e-005, 0.000102641293779, 6.50197762297e-005, 2.80295625998e-005, 4.28898056271e-005, 4.03857193305e-005, 5.40996552445e-005, 8.28972551972e-005, 0.000246164476266, 0.000280778855085, 0.000279861298623, 0.000449578918051, 0.000530021323357, 0.000232149584917, 9.49153545662e-005, 1.04209548226e-005, 4.07297829952e-006, 1.20983543184e-006, 3.30446106034e-008, 2.8980112754e-010, 1.87946151697e-011]
        min: [1.9691705266e-023, 2.01355704761e-023, 1.58975919677e-023, 2.38310524955e-023, 5.06990017505e-023, 1.32240047825e-022, 3.69760216195e-023, 5.17085480717e-023, 3.48123118405e-023, 5.35392512635e-023, 2.74658237796e-023, 5.90836812498e-023, 2.44864318247e-022, 9.89345423553e-023, 9.16486924544e-023, 1.74353885811e-022, 8.68916024496e-023, 1.81516553503e-022, 2.11444118712e-022, 2.83336016987e-022, 3.71418837269e-022, 4.49864225913e-022, 7.90252531588e-022, 8.57885148955e-022, 1.20973872116e-021, 1.87407844999e-021, 2.16342323942e-021, 7.37454033337e-022]
        var: [4.0327116646e-013, 2.35918378166e-008, 2.74546447798e-008, 5.95912190704e-008, 6.18885394488e-007, 1.39697860391e-007, 3.2262704508e-008, 1.08673894772e-007, 1.4239681434e-007, 6.96553570378e-008, 1.62541251569e-008, 2.51840912568e-008, 3.07185175075e-008, 2.77190430609e-008, 6.41758859388e-008, 2.9754426123e-007, 2.06146779647e-007, 7.10466281362e-008, 1.39039755709e-007, 2.21472262751e-007, 3.72621400402e-008, 9.96547644405e-009, 9.25220455805e-010, 3.12912751266e-010, 5.26060896233e-011, 6.64341196597e-015, 1.65563223982e-019, 5.44439373969e-021]
    mfcc:
        mean: [-683.192138672, 79.2531433105, -48.4696922302, 60.9806442261, -14.6978311539, 1.00684583187, -3.32544922829, -1.42913508415, 3.88192343712, -2.87604236603, -7.27874183655, -7.37788391113, -7.91334962845]
        cov: [[3086.01025391, 449.133636475, -161.771347046, 266.136566162, -67.919631958, 13.2863903046, -63.034942627, 3.74662542343, -27.8763027191, -16.0056858063, -46.2214431763, -40.5977478027, -17.8349628448], [449.133636475, 419.881958008, -120.190307617, 100.344474792, -47.3520126343, 10.728395462, 24.3337841034, -17.9268932343, 16.0956630707, -19.2589588165, -10.0316267014, -18.6944789886, -32.8845024109], [-161.771347046, -120.190307617, 347.698242188, -5.12526845932, 44.7034988403, -5.10634374619, -20.6310214996, 27.3804950714, -22.7462024689, 9.16768360138, -2.31922101974, -7.35910367966, -2.09788513184], [266.136566162, 100.344474792, -5.12526845932, 195.515731812, 38.6595039368, -7.5476565361, -24.5227088928, -6.4927072525, 42.1216697693, 10.8903617859, -14.2495994568, -13.76329422, -2.33865189552], [-67.919631958, -47.3520126343, 44.7034988403, 38.6595039368, 125.586578369, 35.5333023071, 2.70194578171, 2.8709602356, 23.8352737427, 12.1047325134, -9.78826236725, -2.57988381386, 4.90325117111], [13.2863903046, 10.728395462, -5.10634374619, -7.5476565361, 35.5333023071, 100.592834473, 59.5134391785, 21.1075248718, -2.55044341087, -1.62184894085, 9.37497997284, -1.67784798145, -6.91552495956], [-63.034942627, 24.3337841034, -20.6310214996, -24.5227088928, 2.70194578171, 59.5134391785, 112.656723022, 45.4652709961, 9.28626251221, 0.284054100513, 10.3337802887, 4.08027458191, -12.7136030197], [3.74662542343, -17.9268932343, 27.3804950714, -6.4927072525, 2.8709602356, 21.1075248718, 45.4652709961, 86.3595809937, 35.4619674683, 16.5111293793, 7.02980947495, 3.30223035812, 0.193628311157], [-27.8763027191, 16.0956630707, -22.7462024689, 42.1216697693, 23.8352737427, -2.55044341087, 9.28626251221, 35.4619674683, 94.9248504639, 45.8942298889, 6.66698074341, -3.27084422112, 0.192620515823], [-16.0056858063, -19.2589588165, 9.16768360138, 10.8903617859, 12.1047325134, -1.62184894085, 0.284054100513, 16.5111293793, 45.8942298889, 75.544342041, 32.2050552368, 7.64471769333, 2.24364042282], [-46.2214431763, -10.0316267014, -2.31922101974, -14.2495994568, -9.78826236725, 9.37497997284, 10.3337802887, 7.02980947495, 6.66698074341, 32.2050552368, 66.3719177246, 30.3176841736, 5.51223230362], [-40.5977478027, -18.6944789886, -7.35910367966, -13.76329422, -2.57988381386, -1.67784798145, 4.08027458191, 3.30223035812, -3.27084422112, 7.64471769333, 30.3176841736, 55.8644485474, 28.1933631897], [-17.8349628448, -32.8845024109, -2.09788513184, -2.33865189552, 4.90325117111, -6.91552495956, -12.7136030197, 0.193628311157, 0.192620515823, 2.24364042282, 5.51223230362, 28.1933631897, 59.0588912964]]
        icov: [[0.000475625507534, -0.000396431860281, 0.000217581618926, -0.000577480357606, 0.000233169907006, -0.00038853121805, 0.000665552681312, -0.000780693488196, 0.000906750618014, -0.000535185565241, 0.00037625816185, 4.31824119005e-005, -4.96215070598e-005], [-0.000396431860281, 0.00401752721518, 0.000560542335734, -0.00178264908027, 0.00185125821736, -0.000478838570416, -0.00156348932069, 0.00180694588926, -0.00157127797138, 0.00145974557381, -0.000233160797507, -0.000191770959646, 0.00157731294166], [0.000217581618926, 0.000560542335734, 0.00396999903023, -0.000677449046634, -0.00151458592154, 0.000583117012866, 0.00135456840508, -0.00315266195685, 0.0033581906464, -0.00137560977601, -5.47801791981e-005, 0.000829059630632, 0.000638622615952], [-0.000577480357606, -0.00178264908027, -0.000677449046634, 0.00844259280711, -0.00292955618352, 0.000858317129314, 0.00112399284262, 0.00124965189025, -0.00399799644947, 0.000892138865311, -3.61987731594e-005, 0.000685337348841, -0.000619782542344], [0.000233169907006, 0.00185125821736, -0.00151458592154, -0.00292955618352, 0.0132093215361, -0.00694515928626, 0.0010357866995, 0.00288418214768, -0.00391829758883, -0.000913112482522, 0.00411811424419, -0.00231898576021, 5.13327813678e-006], [-0.00038853121805, -0.000478838570416, 0.000583117012866, 0.000858317129314, -0.00694515928626, 0.0188503544778, -0.00930982362479, -0.000954738527071, 0.00317507889122, 0.0011525870068, -0.00492473691702, 0.00407698983327, -0.00108710292261], [0.000665552681312, -0.00156348932069, 0.00135456840508, 0.00112399284262, 0.0010357866995, -0.00930982362479, 0.0188797991723, -0.00878983736038, 0.000981758348644, 0.000128361221869, 0.000856241967995, -0.00294649880379, 0.00365858362056], [-0.000780693488196, 0.00180694588926, -0.00315266195685, 0.00124965189025, 0.00288418214768, -0.000954738527071, -0.00878983736038, 0.0219929888844, -0.0109340557829, 0.0019257911481, 0.000236790350755, -0.00107288523577, -0.00115511077456], [0.000906750618014, -0.00157127797138, 0.0033581906464, -0.00399799644947, -0.00391829758883, 0.00317507889122, 0.000981758348644, -0.0109340557829, 0.025181312114, -0.0136374104768, 0.002755837515, 0.00221426808275, -0.000574114441406], [-0.000535185565241, 0.00145974557381, -0.00137560977601, 0.000892138865311, -0.000913112482522, 0.0011525870068, 0.000128361221869, 0.0019257911481, -0.0136374104768, 0.0271050650626, -0.0136984232813, 0.00309182610363, -0.000312937307172], [0.00037625816185, -0.000233160797507, -5.47801791981e-005, -3.61987731594e-005, 0.00411811424419, -0.00492473691702, 0.000856241967995, 0.000236790350755, 0.002755837515, -0.0136984232813, 0.0299380645156, -0.0165115520358, 0.00484480010346], [4.31824119005e-005, -0.000191770959646, 0.000829059630632, 0.000685337348841, -0.00231898576021, 0.00407698983327, -0.00294649880379, -0.00107288523577, 0.00221426808275, 0.00309182610363, -0.0165115520358, 0.0347674377263, -0.015178761445], [-4.96215070598e-005, 0.00157731294166, 0.000638622615952, -0.000619782542344, 5.13327813678e-006, -0.00108710292261, 0.00365858362056, -0.00115511077456, -0.000574114441406, -0.000312937307172, 0.00484480010346, -0.015178761445, 0.0252648871392]]
    sccoeffs:
        dmean: [0.0603064335883, 0.048547860235, 0.0384144298732, 0.0309894941747, 0.0190531592816, 0.0168841965497]
        dmean2: [0.0979514569044, 0.0814753323793, 0.0639541223645, 0.0515219643712, 0.0319070108235, 0.0270030219108]
        dvar: [0.00234408024698, 0.00150278524961, 0.000926337030251, 0.000605936045758, 0.000227725584409, 0.000205337681109]
        dvar2: [0.0060150581412, 0.0041172625497, 0.00250914273784, 0.00163964810781, 0.000629100191873, 0.00048842857359]
        max: [-0.35999789834, -0.493073016405, -0.526468753815, -0.59623247385, -0.609456598759, -0.596751689911]
        mean: [-0.663581430912, -0.787117302418, -0.791360259056, -0.788840949535, -0.80085259676, -0.721330702305]
        median: [-0.668641448021, -0.795180082321, -0.79930472374, -0.796143591404, -0.803602337837, -0.718526661396]
        min: [-0.96530944109, -0.980694770813, -0.989517629147, -0.974537134171, -0.981579363346, -0.958654522896]
        var: [0.00561262667179, 0.00355998286977, 0.00300211971626, 0.00201076408848, 0.000754703069106, 0.00107444112655]
    scvalleys:
        dmean: [0.392400473356, 0.430312037468, 0.288894951344, 0.242266714573, 0.2063280195, 0.222917750478]
        dmean2: [0.643414974213, 0.718375384808, 0.471268236637, 0.395263195038, 0.324355512857, 0.351109415293]
        dvar: [0.103946760297, 0.183831647038, 0.0577051006258, 0.0443178191781, 0.0397717021406, 0.0682951211929]
        dvar2: [0.2580922544, 0.478065639734, 0.141666784883, 0.0986060723662, 0.0843671932817, 0.146525323391]
        max: [-5.27266836166, -4.2455034256, -5.42426919937, -5.7684469223, -5.34077548981, -7.38885498047]
        mean: [-6.80429983139, -6.64166069031, -6.9339723587, -6.93114471436, -6.5273733139, -9.24478721619]
        median: [-6.66349029541, -6.60443782806, -6.85307598114, -6.86266946793, -6.44391441345, -9.22016334534]
        min: [-27.4983577728, -27.4847869873, -27.1940078735, -26.9740161896, -27.2284946442, -27.1911525726]
        var: [0.983223557472, 0.914063930511, 0.816082656384, 0.743066191673, 0.71622890234, 0.728551149368]

rhythm:
    beats_loudness:
        dmean: 0.00159331574105
        dmean2: 0.00286598969251
        dvar: 1.72235479567e-006
        dvar2: 5.03830096932e-006
        max: 0.0117959966883
        mean: 0.00618802756071
        median: 0.00632744748145
        min: 3.26319610222e-010
        var: 4.11365044783e-006
    bpm: 86.3767166138
    bpm_confidence: 0
    first_peak_bpm: 86
    first_peak_spread: 0.453296750784
    first_peak_weight: 0.537837803364
    onset_rate: 3.55051183701
    second_peak_bpm: 91
    second_peak_spread: 0
    second_peak_weight: 0.0108108110726
    beats_loudness_band_ratio:
        dmean: [0.0799990668893, 0.0974103063345, 0.0599828921258, 0.0551128648221, 0.107225582004, 0.0859639048576]
        dmean2: [0.139803037047, 0.164602190256, 0.102723151445, 0.0954382643104, 0.187090352178, 0.149379074574]
        dvar: [0.00395031273365, 0.00655887648463, 0.00525401020423, 0.00395112112164, 0.00904809869826, 0.00468612788245]
        dvar2: [0.0110933529213, 0.0209703911096, 0.0143340220675, 0.0113141918555, 0.0255829561502, 0.0145107209682]
        max: [0.425853908062, 0.522753179073, 0.523114621639, 0.450365424156, 0.66037774086, 0.788328528404]
        mean: [0.167934268713, 0.199419260025, 0.0833492577076, 0.0760122612119, 0.289466768503, 0.287372708321]
        median: [0.158873677254, 0.192434072495, 0.0588681511581, 0.0521412044764, 0.277940988541, 0.275361716747]
        min: [3.71701316908e-005, 0.000453981978353, 0.0121615668759, 0.00961045734584, 0.0729793310165, 0.135134726763]
        var: [0.00634505273774, 0.011899988167, 0.00571574363858, 0.00443216506392, 0.0119273569435, 0.00753627717495]
    beats_position: [0.708208620548, 1.4164172411, 2.12462592125, 2.83283448219, 3.52943301201, 4.23764181137, 4.94585037231, 5.64244890213, 6.35065746307, 7.05886602402, 7.76707458496, 8.47528362274, 9.17188167572, 9.86848068237, 10.5534696579, 11.2268476486, 11.8886165619, 12.5619955063, 13.235373497, 13.9319725037, 14.6169614792, 15.301949501, 15.9985485077, 16.6835365295, 17.3685264587, 18.0651245117, 18.7501125336, 19.4351024628, 20.1317005157, 20.8166885376, 21.5016784668, 22.1982765198, 22.8948745728, 23.5798625946, 24.2648525238, 24.9614505768, 25.6464385986, 26.3314285278, 27.0280265808, 27.7246246338, 28.409614563, 29.0946025848, 29.7912006378, 30.476190567, 31.1611785889, 31.8461666107, 32.5311546326, 33.2161445618, 33.901134491, 34.5977325439, 35.2943305969, 35.9909286499, 36.6875267029, 37.3725166321, 38.0575065613, 38.7424926758, 39.427482605, 40.124080658, 40.8206787109, 41.5056686401, 42.1906585693, 42.8872566223, 43.5722427368, 44.2688446045, 44.953830719, 45.6388206482, 46.3238105774, 47.0204086304, 47.7170066833, 48.4136047363, 49.0985946655, 49.78358078, 50.480178833, 51.2116088867, 51.9430389404, 52.6744651794, 53.4058952332, 54.1257133484, 54.8223114014, 55.5305213928, 56.2387275696, 56.946937561, 57.6551475525, 58.3517456055, 59.0599517822, 59.7681617737, 60.4763717651, 61.1845779419, 61.8811798096, 62.6009979248, 63.2975959778, 63.9941940308, 64.6907958984, 65.3873901367, 66.0839920044, 66.7689819336, 67.4539642334, 68.1505661011, 68.8355560303, 69.5205459595, 70.2171401978, 70.9137420654, 71.5987319946, 72.2837142944, 72.9803161621, 73.6653060913, 74.3502960205, 75.0468902588, 75.731880188, 76.4168701172, 77.1134643555, 77.8100662231, 78.4950561523, 79.1800460815, 79.8766403198, 80.5732421875, 81.2582321167, 81.9432220459, 82.6398162842, 83.3248062134, 84.0097961426, 84.7063903809, 85.4029922485, 86.1111984253, 86.8310165405, 87.5392303467, 88.2590484619, 88.9788665771, 89.6754608154, 90.3720626831, 91.0686569214, 91.7652587891, 92.4502487183, 93.1468429565, 93.8318328857, 94.5284347534, 95.2134246826, 95.8984146118, 96.5950088501, 97.2916107178, 97.976600647, 98.6615829468, 99.346572876, 100.043174744, 100.728164673, 101.424758911, 102.10974884, 102.79473877, 103.491333008, 104.187934875, 104.872924805, 105.569519043, 106.254508972, 106.939498901, 107.624488831, 108.321083069, 109.006072998, 109.691062927, 110.387664795, 111.084259033, 111.769248962, 112.454238892, 113.139228821, 113.82421875, 114.520812988, 115.217414856, 115.902404785, 116.587387085, 117.283988953, 117.957366943, 118.630744934, 119.292518616, 119.954284668, 120.61605072, 121.289428711, 121.962806702, 122.647796631, 123.344398499, 124.052604675, 124.760810852, 125.45741272, 126.165618896, 126.873832703, 127.582038879, 128.290252686, 128.986846924, 129.695053101, 130.403259277, 131.111465454, 131.81968689, 132.516281128, 133.224487305, 133.921081543, 134.61769104, 135.30267334, 135.999267578, 136.684265137, 137.369247437, 138.065841675, 138.762451172, 139.447433472, 140.13243103, 140.829025269, 141.514007568, 142.199005127, 142.895599365, 143.580581665, 144.265579224, 144.962173462, 145.647155762, 146.33215332, 147.028747559, 147.725341797, 148.410339355, 149.095321655, 149.791931152, 150.476913452, 151.161895752, 151.858505249, 152.555099487, 153.286529541, 154.017959595, 154.761001587, 155.480819702, 156.189025879, 156.920455933, 157.640274048, 158.371704102, 159.103118896, 159.811340332, 160.519546509, 161.216140747, 161.912734985, 162.609344482, 163.305938721, 164.002532959, 164.699142456, 165.395736694, 166.092330933, 166.800537109, 167.497146606, 168.193740845, 168.901947021, 169.59854126, 170.295150757, 170.991744995, 171.688339233, 172.384933472, 173.081542969, 173.778137207, 174.474731445, 175.171340942, 175.867935181, 176.564529419, 177.261123657, 177.957733154, 178.654327393, 179.374145508, 180.093963623, 180.8021698, 181.510375977, 182.230194092, 182.950012207, 183.646621704, 184.343215942, 185.039810181, 185.736419678, 186.433013916, 187.117996216, 187.802993774, 188.499588013, 189.184570313, 189.869567871, 190.566162109, 191.251159668, 191.936141968, 192.632736206, 193.317733765, 194.002716064, 194.699310303, 195.3959198, 196.0809021, 196.765899658, 197.462493896, 198.159088135, 198.844070435, 199.529067993, 200.225662231, 200.91065979, 201.59564209, 202.292236328, 202.977233887, 203.662216187, 204.358810425, 205.043807983, 205.728790283, 206.42539978, 207.11038208, 207.79536438, 208.491973877, 209.176956177, 209.873550415, 210.558547974, 211.255142212, 211.95173645, 212.659957886, 213.379776001, 214.111190796, 214.854232788, 215.574050903, 216.2706604, 216.978866577, 217.687072754, 218.395278931, 219.103485107, 219.800079346, 220.508300781, 221.216506958, 221.924713135, 222.632919312, 223.341125488, 224.049331665, 224.745941162, 225.454147339, 226.162353516, 226.858947754, 227.555557251, 228.240539551, 228.925521851, 229.622131348, 230.307113647, 230.992111206, 231.688705444, 232.373687744, 233.058685303, 233.755279541, 234.440261841, 235.125259399, 235.821853638, 236.506851196, 237.191833496, 237.888427734, 238.585037231, 239.270019531, 239.955001831, 240.651611328, 241.336593628, 242.021575928, 242.718185425, 243.403167725, 244.088165283, 244.784759521, 245.48135376, 246.166351318, 246.851333618, 247.547927856, 248.232925415, 248.917907715, 249.614501953, 250.31111145, 250.99609375, 251.681091309, 252.377685547, 253.062667847, 253.747665405, 254.444259644, 255.129241943, 255.802627563, 256.499237061, 257.195831299, 257.892425537]
