
metadata:
    version:
        essentia: "2.1-beta2"
    audio_properties:
        analysis_sample_rate: 44100
        bitrate: 320
        channels: 2
        equal_loudness: 1
        length: 198.217147827
        replay_gain: -15.3946704865
        downmix: "mix"
    tags:
        album: "Venom (Deluxe Edition)"
        artist: "Bullet for My Valentine"
        comment: ""
        date: "2015"
        genre: ""
        title: "Worthless"
        tracknumber: "4/15"

configuration:
    average_loudness:
        compute: 1
        frameSize: 88200
        hopSize: 44100
        silentFrames: "noise"
        windowType: "hann"
    general:
        analysisSampleRate: 44100
        endTime: 2000
        equalLoudness: 1
        nequalLoudness: 0
        shortSound: 0
        startTime: 0
    lowlevel:
        compute: 1
        frameSize: 2048
        hopSize: 1024
        zeroPadding: 0
        silentFrames: "noise"
        windowType: "blackmanharris62"
        mfccStats: ["mean", "cov", "icov"]
        stats: ["mean", "var", "median", "min", "max", "dmean", "dmean2", "dvar", "dvar2"]
    panning:
        compute: 0
        frameSize: 8192
        hopSize: 2048
        zeroPadding: 8192
        silentFrames: "noise"
        windowType: "hann"
        stats: ["copy"]
    rhythm:
        compute: 1
        maxTempo: 208
        minTempo: 40
        method: "degara"
        stats: ["mean", "var", "median", "min", "max", "dmean", "dmean2", "dvar", "dvar2"]
    segmentation:
        compute: 0
        cpw: 5
        inc1: 300
        inc2: 50
        minimumSegmentsLength: 10
        size1: 1000
        size2: 600
    sfx:
        compute: 1
        stats: ["mean", "var", "median", "min", "max", "dmean", "dmean2", "dvar", "dvar2"]
    svm:
        compute: 0
    tonal:
        compute: 1
        frameSize: 4096
        hopSize: 2048
        zeroPadding: 0
        silentFrames: "noise"
        windowType: "blackmanharris62"
        stats: ["mean", "var", "median", "min", "max", "dmean", "dmean2", "dvar", "dvar2"]

lowlevel:
    average_loudness: 0.912142455578
    barkbands_kurtosis:
        dmean: 0.709842443466
        dmean2: 1.14283418655
        dvar: 1.17386865616
        dvar2: 2.59419941902
        max: 33.0538444519
        mean: -0.347882091999
        median: -0.777494311333
        min: -1.87393152714
        var: 2.56631016731
    barkbands_skewness:
        dmean: 0.361897677183
        dmean2: 0.575340569019
        dvar: 0.128008887172
        dvar2: 0.311070114374
        max: 4.89410448074
        mean: -0.517249345779
        median: -0.572881758213
        min: -4.27569818497
        var: 0.51000648737
    barkbands_spread:
        dmean: 5.28725671768
        dmean2: 8.42555618286
        dvar: 26.2462463379
        dvar2: 62.6569519043
        max: 82.2293624878
        mean: 29.8345546722
        median: 29.2698249817
        min: 2.13528800011
        var: 100.683860779
    dissonance:
        dmean: 0.00983086973429
        dmean2: 0.0166816357523
        dvar: 9.73976566456e-005
        dvar2: 0.000267752388027
        max: 0.500000119209
        mean: 0.483481764793
        median: 0.487036079168
        min: 0.321988075972
        var: 0.000190985956579
    hfc:
        dmean: 2.23588943481
        dmean2: 3.54243135452
        dvar: 8.93123817444
        dvar2: 22.0052146912
        max: 46.7982635498
        mean: 10.0747213364
        median: 9.30870056152
        min: 1.15485941101e-016
        var: 37.8261528015
    pitch:
        dmean: 820.150878906
        dmean2: 1554.66650391
        dvar: 1522922.375
        dvar2: 3800104.75
        max: 6370.72265625
        mean: 987.636901855
        median: 292.994720459
        min: 72.9151000977
        var: 1736886.25
    pitch_instantaneous_confidence:
        dmean: 0.0743153840303
        dmean2: 0.120612360537
        dvar: 0.00402684649453
        dvar2: 0.00985273905098
        max: 0.880104482174
        mean: 0.343497663736
        median: 0.321356505156
        min: 0.108211576939
        var: 0.0135639160872
    pitch_salience:
        dmean: 0.0523225180805
        dmean2: 0.0864216685295
        dvar: 0.00216762674972
        dvar2: 0.00588767742738
        max: 0.991340100765
        mean: 0.671177566051
        median: 0.686702668667
        min: 0.135584101081
        var: 0.00678278319538
    silence_rate_20dB:
        dmean: 0
        dmean2: 0
        dvar: 0
        dvar2: 0
        max: 1
        mean: 1
        median: 1
        min: 1
        var: 0
    silence_rate_30dB:
        dmean: 0
        dmean2: 0
        dvar: 0
        dvar2: 0
        max: 1
        mean: 1
        median: 1
        min: 1
        var: 0
    silence_rate_60dB:
        dmean: 0.0740306898952
        dmean2: 0.148078724742
        dvar: 0.0685578137636
        dvar2: 0.147247582674
        max: 1
        mean: 0.297025054693
        median: 0
        min: 0
        var: 0.208803370595
    spectral_centroid:
        dmean: 256.072753906
        dmean2: 399.35446167
        dvar: 76046.28125
        dvar2: 162891.875
        max: 10982.0673828
        mean: 2128.34448242
        median: 2176.45263672
        min: 190.989425659
        var: 359336.78125
    spectral_complexity:
        dmean: 3.61813282967
        dmean2: 5.68275547028
        dvar: 13.2676849365
        dvar2: 30.4958934784
        max: 51
        mean: 18.6830635071
        median: 19
        min: 0
        var: 94.8026351929
    spectral_crest:
        dmean: 1.7370942831
        dmean2: 2.90844464302
        dvar: 3.14849448204
        dvar2: 8.37836933136
        max: 24.8762264252
        mean: 6.05915594101
        median: 5.37987041473
        min: 2.34723496437
        var: 6.05380630493
    spectral_decrease:
        dmean: 2.77445622032e-010
        dmean2: 4.58371146594e-010
        dvar: 2.78250685065e-019
        dvar2: 7.60506132868e-019
        max: -2.31040364011e-029
        mean: -1.00705610517e-009
        median: -9.30045040981e-010
        min: -6.2187099914e-009
        var: 4.20532057676e-019
    spectral_energy:
        dmean: 0.00121861021034
        dmean2: 0.00199872115627
        dvar: 4.84982138005e-006
        dvar2: 1.31320439323e-005
        max: 0.0277155581862
        mean: 0.00471465755254
        median: 0.00438517471775
        min: 1.05621149531e-020
        var: 8.58198291098e-006
    spectral_energyband_high:
        dmean: 0.000185876662727
        dmean2: 0.000300676474581
        dvar: 7.03033791183e-008
        dvar2: 1.65859120216e-007
        max: 0.00458133639768
        mean: 0.000580961001106
        median: 0.000511472928338
        min: 7.62583784385e-021
        var: 2.05036229772e-007
    spectral_energyband_low:
        dmean: 0.000198132402147
        dmean2: 0.000334429234499
        dvar: 1.52349429072e-007
        dvar2: 4.08105677252e-007
        max: 0.0047430768609
        mean: 0.000288792798528
        median: 0.000181798051926
        min: 1.19331998875e-022
        var: 1.64884895071e-007
    spectral_energyband_middle_high:
        dmean: 0.000642673636321
        dmean2: 0.00101241248194
        dvar: 5.53064410269e-007
        dvar2: 1.36215373914e-006
        max: 0.0105526996776
        mean: 0.00274550146423
        median: 0.00254593766294
        min: 1.59469971271e-021
        var: 2.86634349322e-006
    spectral_energyband_middle_low:
        dmean: 0.000667977205012
        dmean2: 0.00113621458877
        dvar: 2.74891181107e-006
        dvar2: 7.76273463998e-006
        max: 0.0179487355053
        mean: 0.00123832945246
        median: 0.000877597252838
        min: 3.59163472899e-022
        var: 2.35686343331e-006
    spectral_flatness_db:
        dmean: 0.0124975042418
        dmean2: 0.0198775604367
        dvar: 0.000138009039802
        dvar2: 0.000333889911417
        max: 0.354950517416
        mean: 0.145952165127
        median: 0.141377255321
        min: 0.0590447559953
        var: 0.000832329504192
    spectral_flux:
        dmean: 0.00698246899992
        dmean2: 0.0107683409005
        dvar: 9.72512643784e-005
        dvar2: 0.000184313292266
        max: 0.131854355335
        mean: 0.0408565215766
        median: 0.0405494570732
        min: 1.027721519e-010
        var: 0.0002980735444
    spectral_kurtosis:
        dmean: 0.937710165977
        dmean2: 1.59712517262
        dvar: 1.75728201866
        dvar2: 5.21707820892
        max: 36.1325454712
        mean: 2.96188855171
        median: 2.6714618206
        min: -1.20270740986
        var: 4.14848613739
    spectral_rms:
        dmean: 0.00024750889861
        dmean2: 0.000393921916839
        dvar: 1.22604120634e-007
        dvar2: 3.15133974027e-007
        max: 0.0051999585703
        mean: 0.00202817539684
        median: 0.00206838548183
        min: 3.21006264105e-012
        var: 4.86173917125e-007
    spectral_rolloff:
        dmean: 295.090881348
        dmean2: 475.803070068
        dvar: 152169.1875
        dvar2: 318143.5625
        max: 18561.6210938
        mean: 3692.11499023
        median: 3811.37695313
        min: 193.798828125
        var: 593934.25
    spectral_skewness:
        dmean: 0.138415545225
        dmean2: 0.225810736418
        dvar: 0.0224911328405
        dvar2: 0.0565703287721
        max: 3.89962220192
        mean: 1.16522204876
        median: 1.11852097511
        min: -0.412468105555
        var: 0.11034938693
    spectral_spread:
        dmean: 372444.1875
        dmean2: 524599.375
        dvar: 328489697280
        dvar2: 429246447616
        max: 39952304
        mean: 4388916.5
        median: 4162068.5
        min: 1384633.5
        var: 1.54090025779e+012
    spectral_strongpeak:
        dmean: 0.573355019093
        dmean2: 0.982713162899
        dvar: 0.501902699471
        dvar2: 1.31226599216
        max: 7.35516691208
        mean: 0.872575283051
        median: 0.537042856216
        min: 1.441214037e-009
        var: 0.931759476662
    zerocrossingrate:
        dmean: 0.00761540280655
        dmean2: 0.00925068743527
        dvar: 6.58479257254e-005
        dvar2: 7.28179875296e-005
        max: 0.48193359375
        mean: 0.115460388362
        median: 0.1171875
        min: 0.021484375
        var: 0.000677545671351
    barkbands:
        dmean: [1.4085023281e-007, 5.13275444973e-005, 0.000116142786283, 0.000128253290313, 0.000345898821251, 0.000126700106193, 6.49087669444e-005, 0.000119117969007, 0.000110664077511, 9.64342980296e-005, 4.85300406581e-005, 6.44847823423e-005, 6.62337988615e-005, 7.4606432463e-005, 9.00974773685e-005, 0.000189549042261, 0.00023329416581, 0.000158489347086, 0.000182562420378, 0.00021091128292, 8.45186877996e-005, 3.53843497578e-005, 7.91364254837e-006, 3.9386145545e-006, 1.56011469699e-006, 1.86922886058e-008, 2.32726476979e-010]
        dmean2: [2.19906127086e-007, 8.72500604601e-005, 0.000198749927222, 0.000216503845877, 0.000611272407696, 0.000219356734306, 0.000112007030111, 0.000189832964679, 0.000174265966052, 0.000152635970153, 8.06338866823e-005, 0.000103922000562, 0.000106652449176, 0.000122316661873, 0.000148040984641, 0.0003105601063, 0.000379978126148, 0.00026404162054, 0.000300830753986, 0.000344969594153, 0.00014057046792, 5.66105300095e-005, 1.19531850942e-005, 5.5464779507e-006, 2.14385681829e-006, 2.79975349571e-008, 4.16475076648e-010]
        dvar: [1.17838884809e-013, 1.05505542081e-008, 5.46585852135e-008, 8.33154913948e-008, 1.39260248488e-006, 9.69000808482e-008, 2.52042813287e-008, 6.92371457944e-008, 4.6403194176e-008, 3.4834663154e-008, 1.05204014389e-008, 1.74465224489e-008, 2.47987550495e-008, 1.80967560937e-008, 2.39100774735e-008, 8.63510436488e-008, 1.22621585774e-007, 4.03937612248e-008, 6.19082669573e-008, 8.66734026772e-008, 1.76738303992e-008, 3.46078077307e-009, 3.19231668877e-010, 1.78873291179e-010, 3.54974105665e-011, 5.55871597328e-015, 1.12641242366e-019]
        dvar2: [2.65273778421e-013, 3.0429575304e-008, 1.49796548499e-007, 2.16304599121e-007, 4.01876377509e-006, 2.70760580179e-007, 6.88834376206e-008, 1.62861667263e-007, 1.04298642611e-007, 8.139680574e-008, 2.82258252327e-008, 4.26866328951e-008, 5.99720806349e-008, 4.5046736119e-008, 6.01404011036e-008, 2.28690623771e-007, 3.19477777566e-007, 1.09634974876e-007, 1.60974124697e-007, 2.13139372818e-007, 4.42125589473e-008, 6.74728317662e-009, 6.06169503481e-010, 3.12105646882e-010, 5.94649884889e-011, 1.28985880746e-014, 3.41517361571e-019]
        max: [3.17266062666e-006, 0.00147325661965, 0.00244057038799, 0.00587603729218, 0.0134438797832, 0.00558793125674, 0.00327643472701, 0.00632511544973, 0.00482401810586, 0.00449715228751, 0.00201281253248, 0.00313073047437, 0.00434563495219, 0.00331508531235, 0.00307089090347, 0.00663496088237, 0.00669628754258, 0.00372296734713, 0.00402985047549, 0.00553166680038, 0.00236195721664, 0.00157543132082, 0.000404925347539, 0.000285217451164, 0.000193269632291, 4.54034716313e-006, 7.61045804154e-009]
        mean: [1.44825520465e-007, 7.63003990869e-005, 0.000137850263854, 0.000154133682372, 0.000368769862689, 0.000156180132763, 7.79560868978e-005, 0.000183995565749, 0.000195559390704, 0.000176118817762, 7.91452694102e-005, 0.000110143853817, 0.000115274066047, 0.000128204905195, 0.000164010110893, 0.00039496953832, 0.00050735072, 0.000374540832127, 0.000440050032921, 0.000549090153072, 0.000211008882616, 8.70141811902e-005, 1.61344287335e-005, 7.80478694651e-006, 2.88890578304e-006, 3.65244225975e-008, 2.59042509665e-010]
        median: [2.58453081159e-008, 4.25035905209e-005, 6.96128845448e-005, 7.38500675652e-005, 0.000158679205924, 7.25122226868e-005, 3.55840602424e-005, 5.78152394155e-005, 8.93011892913e-005, 9.21833270695e-005, 3.30989423674e-005, 5.67863462493e-005, 5.22625850863e-005, 6.93087349646e-005, 0.000106504528958, 0.000271172320936, 0.000369092565961, 0.000302520056721, 0.00037702001282, 0.000451169966254, 0.000183837808436, 6.93659676472e-005, 8.34821548779e-006, 3.51550647792e-006, 1.03421552922e-006, 2.0809022061e-008, 1.43596232127e-010]
        min: [7.19531265031e-023, 6.6115303369e-023, 2.29676537011e-023, 4.39582926005e-023, 1.14559718564e-022, 6.63400593072e-023, 3.22423734053e-023, 5.37079223469e-023, 3.45838387897e-023, 5.65869491065e-023, 2.86521569851e-023, 3.05317600868e-023, 6.330172051e-023, 2.07593215317e-022, 1.29857334482e-022, 1.20137204978e-022, 1.49736326371e-022, 1.92704873059e-022, 4.65907611998e-022, 3.10478612899e-022, 3.38773425361e-022, 6.91669051269e-022, 5.69753867406e-022, 8.23415638199e-022, 1.11539822704e-021, 1.27041441838e-021, 2.85978814616e-021]
        var: [1.25841774067e-013, 1.1867760108e-008, 4.92833862609e-008, 8.50874073421e-008, 8.89366162937e-007, 8.4682618251e-008, 2.37246648993e-008, 1.45606065871e-007, 1.24543490188e-007, 9.52993701731e-008, 2.02322567588e-008, 3.38854597715e-008, 4.56304114493e-008, 3.51041968827e-008, 3.96489916454e-008, 2.02882532108e-007, 3.04319428324e-007, 9.74934337705e-008, 1.21973386058e-007, 2.25846264357e-007, 3.26358922109e-008, 9.02527563795e-009, 8.26572088553e-010, 4.19702050891e-010, 8.78090447576e-011, 7.63353715362e-015, 1.18930477509e-019]
    frequency_bands:
        dmean: [1.4085023281e-007, 5.13275444973e-005, 0.000116142786283, 0.000128253290313, 0.000345898821251, 0.000126700106193, 6.49087669444e-005, 0.000119117969007, 0.000110664077511, 9.64342980296e-005, 4.85300406581e-005, 6.44847823423e-005, 6.62337988615e-005, 7.4606432463e-005, 9.00974773685e-005, 0.000189549042261, 0.00023329416581, 0.000158489347086, 0.000182562420378, 0.00021091128292, 8.45186877996e-005, 3.53843497578e-005, 7.91364254837e-006, 3.9386145545e-006, 1.56011469699e-006, 1.86922886058e-008, 2.32726476979e-010, 5.70026699453e-011]
        dmean2: [2.19906127086e-007, 8.72500604601e-005, 0.000198749927222, 0.000216503845877, 0.000611272407696, 0.000219356734306, 0.000112007030111, 0.000189832964679, 0.000174265966052, 0.000152635970153, 8.06338866823e-005, 0.000103922000562, 0.000106652449176, 0.000122316661873, 0.000148040984641, 0.0003105601063, 0.000379978126148, 0.00026404162054, 0.000300830753986, 0.000344969594153, 0.00014057046792, 5.66105300095e-005, 1.19531850942e-005, 5.5464779507e-006, 2.14385681829e-006, 2.79975349571e-008, 4.16475076648e-010, 1.06027159275e-010]
        dvar: [1.17838884809e-013, 1.05505542081e-008, 5.46585852135e-008, 8.33154913948e-008, 1.39260248488e-006, 9.69000808482e-008, 2.52042813287e-008, 6.92371457944e-008, 4.6403194176e-008, 3.4834663154e-008, 1.05204014389e-008, 1.74465224489e-008, 2.47987550495e-008, 1.80967560937e-008, 2.39100774735e-008, 8.63510436488e-008, 1.22621585774e-007, 4.03937612248e-008, 6.19082669573e-008, 8.66734026772e-008, 1.76738303992e-008, 3.46078077307e-009, 3.19231668877e-010, 1.78873291179e-010, 3.54974105665e-011, 5.55871597328e-015, 1.12641242366e-019, 8.05189805942e-021]
        dvar2: [2.65273778421e-013, 3.0429575304e-008, 1.49796548499e-007, 2.16304599121e-007, 4.01876377509e-006, 2.70760580179e-007, 6.88834376206e-008, 1.62861667263e-007, 1.04298642611e-007, 8.139680574e-008, 2.82258252327e-008, 4.26866328951e-008, 5.99720806349e-008, 4.5046736119e-008, 6.01404011036e-008, 2.28690623771e-007, 3.19477777566e-007, 1.09634974876e-007, 1.60974124697e-007, 2.13139372818e-007, 4.42125589473e-008, 6.74728317662e-009, 6.06169503481e-010, 3.12105646882e-010, 5.94649884889e-011, 1.28985880746e-014, 3.41517361571e-019, 2.60036132433e-020]
        max: [3.17266062666e-006, 0.00147325661965, 0.00244057038799, 0.00587603729218, 0.0134438797832, 0.00558793125674, 0.00327643472701, 0.00632511544973, 0.00482401810586, 0.00449715228751, 0.00201281253248, 0.00313073047437, 0.00434563495219, 0.00331508531235, 0.00307089090347, 0.00663496088237, 0.00669628754258, 0.00372296734713, 0.00402985047549, 0.00553166680038, 0.00236195721664, 0.00157543132082, 0.000404925347539, 0.000285217451164, 0.000193269632291, 4.54034716313e-006, 7.61045804154e-009, 1.47233436554e-009]
        mean: [1.44825520465e-007, 7.63003990869e-005, 0.000137850263854, 0.000154133682372, 0.000368769862689, 0.000156180132763, 7.79560868978e-005, 0.000183995565749, 0.000195559390704, 0.000176118817762, 7.91452694102e-005, 0.000110143853817, 0.000115274066047, 0.000128204905195, 0.000164010110893, 0.00039496953832, 0.00050735072, 0.000374540832127, 0.000440050032921, 0.000549090153072, 0.000211008882616, 8.70141811902e-005, 1.61344287335e-005, 7.80478694651e-006, 2.88890578304e-006, 3.65244225975e-008, 2.59042509665e-010, 4.36928618286e-011]
        median: [2.58453081159e-008, 4.25035905209e-005, 6.96128845448e-005, 7.38500675652e-005, 0.000158679205924, 7.25122226868e-005, 3.55840602424e-005, 5.78152394155e-005, 8.93011892913e-005, 9.21833270695e-005, 3.30989423674e-005, 5.67863462493e-005, 5.22625850863e-005, 6.93087349646e-005, 0.000106504528958, 0.000271172320936, 0.000369092565961, 0.000302520056721, 0.00037702001282, 0.000451169966254, 0.000183837808436, 6.93659676472e-005, 8.34821548779e-006, 3.51550647792e-006, 1.03421552922e-006, 2.0809022061e-008, 1.43596232127e-010, 1.51485594901e-011]
        min: [7.19531265031e-023, 6.6115303369e-023, 2.29676537011e-023, 4.39582926005e-023, 1.14559718564e-022, 6.63400593072e-023, 3.22423734053e-023, 5.37079223469e-023, 3.45838387897e-023, 5.65869491065e-023, 2.86521569851e-023, 3.05317600868e-023, 6.330172051e-023, 2.07593215317e-022, 1.29857334482e-022, 1.20137204978e-022, 1.49736326371e-022, 1.92704873059e-022, 4.65907611998e-022, 3.10478612899e-022, 3.38773425361e-022, 6.91669051269e-022, 5.69753867406e-022, 8.23415638199e-022, 1.11539822704e-021, 1.27041441838e-021, 2.85978814616e-021, 6.30986134394e-022]
        var: [1.25841774067e-013, 1.1867760108e-008, 4.92833862609e-008, 8.50874073421e-008, 8.89366162937e-007, 8.4682618251e-008, 2.37246648993e-008, 1.45606065871e-007, 1.24543490188e-007, 9.52993701731e-008, 2.02322567588e-008, 3.38854597715e-008, 4.56304114493e-008, 3.51041968827e-008, 3.96489916454e-008, 2.02882532108e-007, 3.04319428324e-007, 9.74934337705e-008, 1.21973386058e-007, 2.25846264357e-007, 3.26358922109e-008, 9.02527563795e-009, 8.26572088553e-010, 4.19702050891e-010, 8.78090447576e-011, 7.63353715362e-015, 1.18930477509e-019, 6.05495925661e-021]
    mfcc:
        mean: [-701.61730957, 82.6738586426, -58.7099571228, 49.7744522095, -13.9786500931, -2.32512998581, -3.85766029358, -2.23400473595, 3.41576623917, -3.34497046471, -6.73139381409, -5.06737089157, -6.95538663864]
        cov: [[6374.30371094, 474.580291748, -350.129669189, 815.511657715, -199.148406982, 42.789264679, -89.5725860596, 62.730884552, 70.8693084717, 12.4606428146, -17.8462638855, 13.400305748, -43.1134490967], [474.580291748, 881.867126465, -165.194458008, 167.920623779, 43.3471107483, 52.6224441528, 109.75037384, 35.6997871399, 43.516708374, 9.403175354, 21.2242412567, -6.95683526993, -13.9511117935], [-350.129669189, -165.194458008, 453.446746826, 48.870475769, 130.378799438, 71.7450561523, 17.6663322449, 36.6757278442, -6.36886835098, 23.7562427521, 21.5878868103, 12.1300811768, 17.2054386139], [815.511657715, 167.920623779, 48.870475769, 408.669158936, 76.228187561, 69.7391586304, 16.0285873413, 40.4578933716, 77.4773483276, 27.4890899658, 16.6388206482, 6.90284061432, 15.0234937668], [-199.148406982, 43.3471107483, 130.378799438, 76.228187561, 207.037658691, 59.9906959534, 47.1214904785, 30.3979320526, 39.6396598816, 12.6109209061, 3.75797510147, 1.20642650127, 5.93403577805], [42.789264679, 52.6224441528, 71.7450561523, 69.7391586304, 59.9906959534, 169.700317383, 106.516456604, 68.4536056519, 27.1592617035, 10.6974868774, 35.4224319458, 8.86028385162, -3.59291100502], [-89.5725860596, 109.75037384, 17.6663322449, 16.0285873413, 47.1214904785, 106.516456604, 172.901626587, 87.712059021, 43.9897346497, 12.9532222748, 32.9283103943, 12.8711204529, -6.96732854843], [62.730884552, 35.6997871399, 36.6757278442, 40.4578933716, 30.3979320526, 68.4536056519, 87.712059021, 118.426643372, 64.6195907593, 26.0218753815, 27.7386302948, 14.4704170227, 3.50763821602], [70.8693084717, 43.516708374, -6.36886835098, 77.4773483276, 39.6396598816, 27.1592617035, 43.9897346497, 64.6195907593, 119.931381226, 47.229385376, 29.2133693695, 10.754529953, 0.228133365512], [12.4606428146, 9.403175354, 23.7562427521, 27.4890899658, 12.6109209061, 10.6974868774, 12.9532222748, 26.0218753815, 47.229385376, 80.5275192261, 34.9690856934, 13.3414068222, 1.37521541119], [-17.8462638855, 21.2242412567, 21.5878868103, 16.6388206482, 3.75797510147, 35.4224319458, 32.9283103943, 27.7386302948, 29.2133693695, 34.9690856934, 74.6154632568, 30.8872661591, 8.44762134552], [13.400305748, -6.95683526993, 12.1300811768, 6.90284061432, 1.20642650127, 8.86028385162, 12.8711204529, 14.4704170227, 10.754529953, 13.3414068222, 30.8872661591, 61.661151886, 26.5252571106], [-43.1134490967, -13.9511117935, 17.2054386139, 15.0234937668, 5.93403577805, -3.59291100502, -6.96732854843, 3.50763821602, 0.228133365512, 1.37521541119, 8.44762134552, 26.5252571106, 61.1875457764]]
        icov: [[0.000272091507213, -3.38983809343e-005, 0.000195326007088, -0.000643134233542, 0.00032891012961, -7.29702442186e-005, 0.000295555801131, -0.000404717720812, 0.000293652294204, -4.37338094343e-005, 0.000184310076293, -0.00030420764233, 0.000413966423366], [-3.38983809343e-005, 0.00157672248315, 0.000770666229073, -0.000692510569934, -0.000535107043106, 0.000412353838328, -0.00130381493364, 0.000215730149648, 0.000532814883627, -0.000159884526511, -0.000530584075022, 0.000456430687336, 8.12170546851e-005], [0.000195326007088, 0.000770666229073, 0.00369301857427, -0.000853058765642, -0.00209060613997, -0.000741012627259, 0.000821521505713, -0.00176950427704, 0.00251602660865, -0.00122131535318, -0.000707836064976, 5.26561416336e-006, -4.79162990814e-005], [-0.000643134233542, -0.000692510569934, -0.000853058765642, 0.00510412594303, -0.00109201588202, -0.00178798486013, 0.00118441600353, 0.00112088141032, -0.00318477139808, 0.000257758918451, 0.00019366563356, 0.000621560728177, -0.00184298970271], [0.00032891012961, -0.000535107043106, -0.00209060613997, -0.00109201588202, 0.00786646548659, -0.00141823117156, -0.000920931284782, 0.00144324696157, -0.00278892321512, 0.00032129290048, 0.00233813654631, -0.000347207591403, -0.000237156244111], [-7.29702442186e-005, 0.000412353838328, -0.000741012627259, -0.00178798486013, -0.00141823117156, 0.0124924527481, -0.00618006521836, -0.00249059451744, 0.00267911027186, 0.00105058099143, -0.0039569591172, 0.00141637143679, 0.000898826634511], [0.000295555801131, -0.00130381493364, 0.000821521505713, 0.00118441600353, -0.000920931284782, -0.00618006521836, 0.0146377775818, -0.00720055168495, -0.000330619048327, 0.00119369698223, -0.000860665866639, -0.00158433779143, 0.00197518942878], [-0.000404717720812, 0.000215730149648, -0.00176950427704, 0.00112088141032, 0.00144324696157, -0.00249059451744, -0.00720055168495, 0.0198767650872, -0.0087683275342, -0.000131759661599, 0.000941810954828, -0.00048985221656, -0.00214122817852], [0.000293652294204, 0.000532814883627, 0.00251602660865, -0.00318477139808, -0.00278892321512, 0.00267911027186, -0.000330619048327, -0.0087683275342, 0.0184913352132, -0.00676353508607, -0.00220857583918, 0.000337438978022, 0.00153737363871], [-4.37338094343e-005, -0.000159884526511, -0.00122131535318, 0.000257758918451, 0.00032129290048, 0.00105058099143, 0.00119369698223, -0.000131759661599, -0.00676353508607, 0.0194757673889, -0.00725510250777, 9.19571084523e-006, 0.000972026609816], [0.000184310076293, -0.000530584075022, -0.000707836064976, 0.00019366563356, 0.00233813654631, -0.0039569591172, -0.000860665866639, 0.000941810954828, -0.00220857583918, -0.00725510250777, 0.0237696655095, -0.00973638519645, 0.00065970281139], [-0.00030420764233, 0.000456430687336, 5.26561416336e-006, 0.000621560728177, -0.000347207591403, 0.00141637143679, -0.00158433779143, -0.00048985221656, 0.000337438978022, 9.19571084523e-006, -0.00973638519645, 0.0256679635495, -0.0100843589753], [0.000413966423366, 8.12170546851e-005, -4.79162990814e-005, -0.00184298970271, -0.000237156244111, 0.000898826634511, 0.00197518942878, -0.00214122817852, 0.00153737363871, 0.000972026609816, 0.00065970281139, -0.0100843589753, 0.021795809269]]
    sccoeffs:
        dmean: [0.0565716661513, 0.0465515367687, 0.0380458645523, 0.0305546559393, 0.0194224305451, 0.0166703164577]
        dmean2: [0.0934068784118, 0.0770658403635, 0.0626221299171, 0.0504962578416, 0.0324991904199, 0.0258328784257]
        dvar: [0.00237348000519, 0.00144181912765, 0.000912170216907, 0.000583001994528, 0.00023689660884, 0.000230237856158]
        dvar2: [0.00642047123984, 0.00383146922104, 0.00241575972177, 0.00152514595538, 0.000631789211184, 0.000471593783004]
        max: [-0.279827177525, -0.465091377497, -0.55781519413, -0.612587153912, -0.642842411995, -0.54679775238]
        mean: [-0.659196078777, -0.765686392784, -0.776194691658, -0.77840590477, -0.794970750809, -0.735911607742]
        median: [-0.665692687035, -0.772541761398, -0.781414330006, -0.781044661999, -0.795951962471, -0.729545235634]
        min: [-0.952352464199, -0.983755707741, -0.982193589211, -0.98594892025, -0.977594316006, -0.963033974171]
        var: [0.00624880939722, 0.00481189414859, 0.00339196738787, 0.00199389760382, 0.000938975135796, 0.00178903783672]
    scvalleys:
        dmean: [0.41596660018, 0.364338666201, 0.294168591499, 0.226467058063, 0.185394898057, 0.216192707419]
        dmean2: [0.677628278732, 0.60043656826, 0.47550240159, 0.361018836498, 0.283634006977, 0.303924441338]
        dvar: [0.132132813334, 0.113128431141, 0.0641851574183, 0.0426839590073, 0.0417213775218, 0.0883989855647]
        dvar2: [0.311865955591, 0.280676871538, 0.14585646987, 0.0859681889415, 0.0769578143954, 0.153954923153]
        max: [-5.02785348892, -4.38514757156, -5.18312549591, -5.67007064819, -5.42337465286, -7.29767084122]
        mean: [-7.39463329315, -6.88864278793, -7.09709405899, -7.04468393326, -6.80160522461, -9.55104446411]
        median: [-6.95261573792, -6.69203472137, -6.91511726379, -6.83622074127, -6.49757766724, -9.30734825134]
        min: [-27.5074825287, -27.7407245636, -27.1467552185, -27.17603302, -27.358789444, -27.1217498779]
        var: [2.18731927872, 1.59341931343, 1.49522650242, 1.40198552608, 1.57120227814, 1.57210612297]

rhythm:
    beats_loudness:
        dmean: 0.00192173593678
        dmean2: 0.00356452376582
        dvar: 2.32884553952e-006
        dvar2: 7.40321956982e-006
        max: 0.0122116310522
        mean: 0.00541821913794
        median: 0.00544239021838
        min: 1.52594173408e-010
        var: 5.84434155826e-006
    bpm: 121.751472473
    bpm_confidence: 0
    first_peak_bpm: 123
    first_peak_spread: 0.485411167145
    first_peak_weight: 0.486215531826
    onset_rate: 2.44681143761
    second_peak_bpm: 117
    second_peak_spread: 0.181818172336
    second_peak_weight: 0.0451127812266
    beats_loudness_band_ratio:
        dmean: [0.12616212666, 0.0819935649633, 0.0933075919747, 0.0746646672487, 0.120030246675, 0.09569850564]
        dmean2: [0.216733142734, 0.145910829306, 0.16630166769, 0.12909168005, 0.210045397282, 0.168589010835]
        dvar: [0.016040481627, 0.00494017452002, 0.0106973312795, 0.00695391604677, 0.0101484358311, 0.00945023261011]
        dvar2: [0.0381090156734, 0.0138734420761, 0.0323857069016, 0.0180567670614, 0.0306532196701, 0.026367213577]
        max: [0.830194652081, 0.347262352705, 0.706684470177, 0.848175823689, 0.813336312771, 0.855848014355]
        mean: [0.14918717742, 0.0956414714456, 0.122509300709, 0.106052063406, 0.314600884914, 0.250537931919]
        median: [0.0868629440665, 0.0745194330812, 0.0936640053988, 0.0759038925171, 0.30399119854, 0.239426791668]
        min: [2.5953999284e-005, 0.000145591184264, 0.00551498169079, 0.00370196811855, 0.0247102510184, 0.0104696145281]
        var: [0.0250126495957, 0.00560522358865, 0.00983593799174, 0.00819568056613, 0.0145387174562, 0.0110834948719]
    beats_position: [0.510838985443, 1.02167797089, 1.53251695633, 2.04335594177, 2.56580495834, 3.08825397491, 3.61070299149, 4.13315200806, 4.6439909935, 5.14321994781, 5.64244890213, 6.14167785645, 6.64090681076, 7.12852573395, 7.61614513397, 8.11537361145, 8.60299301147, 9.10222244263, 9.6014509201, 10.0890703201, 10.5882987976, 11.0759181976, 11.5635375977, 12.0627660751, 12.5619955063, 13.0612239838, 13.5604534149, 14.0480718613, 14.5473012924, 15.0465307236, 15.5341491699, 16.0217685699, 16.5209980011, 17.0202255249, 17.5078449249, 17.995464325, 18.4946937561, 18.9939231873, 19.4815406799, 19.9807701111, 20.4799995422, 20.9676189423, 21.4552383423, 21.9544658661, 22.4536952972, 22.9413146973, 23.4405441284, 23.9397735596, 24.4273910522, 24.9266204834, 25.4258499146, 25.9134693146, 26.4126987457, 26.9119262695, 27.3995456696, 27.8871650696, 28.3747844696, 28.8740139008, 29.3616313934, 29.8608608246, 30.3600902557, 30.8593196869, 31.3469390869, 31.8461666107, 32.3337860107, 32.8330154419, 33.332244873, 33.8314743042, 34.3307037354, 34.8299331665, 35.329158783, 35.8167800903, 36.304397583, 36.8036270142, 37.2912483215, 37.790473938, 38.2897033691, 38.7773246765, 39.2649421692, 39.7641716003, 40.251789093, 40.7510185242, 41.2502479553, 41.7494773865, 42.2370948792, 42.7247161865, 43.2239456177, 43.7231750488, 44.2107925415, 44.7100219727, 45.1976394653, 45.6968688965, 46.1960983276, 46.6953277588, 47.1829452515, 47.6705665588, 48.16979599, 48.6690254211, 49.1682548523, 49.6674804688, 50.1551017761, 50.6427192688, 51.1419487, 51.6411781311, 52.1287956238, 52.6164169312, 53.1040344238, 53.603263855, 54.1024932861, 54.6017227173, 55.1009521484, 55.6001815796, 56.0877990723, 56.5870285034, 57.0746459961, 57.5622673035, 58.0498847961, 58.5375061035, 59.03673172, 59.5127410889, 60.0003623962, 60.4879798889, 60.9872093201, 61.4748306274, 61.9624481201, 62.4616775513, 62.9492950439, 63.4369163513, 63.924533844, 64.4121551514, 64.899772644, 65.3873901367, 65.8750076294, 66.3626327515, 66.8618545532, 67.3610839844, 67.8487091064, 68.3363265991, 68.8239440918, 69.3115615845, 69.7991790771, 70.2868041992, 70.7744216919, 71.2620391846, 71.7496566772, 72.2372741699, 72.7132873535, 73.2125167847, 73.7001342773, 74.1993637085, 74.6985931396, 75.1862106323, 75.673828125, 76.1614532471, 76.6490707397, 77.1366882324, 77.6359176636, 78.1351470947, 78.6227645874, 79.133605957, 79.6328353882, 80.1320648193, 80.6312942505, 81.1305236816, 81.6297454834, 82.1289749146, 82.6282043457, 83.1274337769, 83.626663208, 84.1258926392, 84.6251220703, 85.1243515015, 85.6235809326, 86.1228103638, 86.6220397949, 87.1328811646, 87.6321105957, 88.1313400269, 88.6305618286, 89.1297912598, 89.6290206909, 90.1282501221, 90.6274795532, 91.1267089844, 91.6259384155, 92.1367797852, 92.6360092163, 93.1352386475, 93.6344680786, 94.1336975098, 94.6329269409, 95.1321487427, 95.6313781738, 96.130607605, 96.6298370361, 97.1290664673, 97.6282958984, 98.1275253296, 98.6267547607, 99.1259841919, 99.625213623, 100.136054993, 100.646888733, 101.146118164, 101.633743286, 102.132965088, 102.632194519, 103.13142395, 103.630653381, 104.129882813, 104.629112244, 105.128341675, 105.627571106, 106.126800537, 106.626029968, 107.136871338, 107.636100769, 108.1353302, 108.622947693, 109.110565186, 109.598182678, 110.085800171, 110.573425293, 111.072654724, 111.571876526, 112.059501648, 112.547119141, 113.034736633, 113.522354126, 114.009971619, 114.497596741, 114.985214233, 115.484443665, 115.983673096, 116.471290588, 116.958908081, 117.446525574, 117.934150696, 118.433380127, 118.932601929, 119.420227051, 119.907844543, 120.383850098, 120.87147522, 121.359092712, 121.846710205, 122.345939636, 122.833557129, 123.321174622, 123.808792114, 124.296417236, 124.784034729, 125.271652222, 125.759269714, 126.246894836, 126.734512329, 127.222129822, 127.709747314, 128.197372437, 128.696594238, 129.195831299, 129.683441162, 130.171066284, 130.658676147, 131.14630127, 131.633926392, 132.121536255, 132.609161377, 133.09677124, 133.596008301, 134.095230103, 134.594467163, 135.093688965, 135.581314087, 136.068939209, 136.568161011, 137.067382813, 137.555007935, 138.054244995, 138.553466797, 139.041091919, 139.528701782, 140.027938843, 140.527160645, 141.014785767, 141.50239563, 142.00163269, 142.500854492, 142.988479614, 143.476104736, 143.975326538, 144.47454834, 144.9737854, 145.473007202, 145.960632324, 146.459854126, 146.959091187, 147.446716309, 147.934326172, 148.421951294, 148.921173096, 149.420410156, 149.90802002, 150.40725708, 150.906478882, 151.394104004, 151.881713867, 152.380950928, 152.86857605, 153.367797852, 153.867019653, 154.366256714, 154.853881836, 155.341491699, 155.829116821, 156.316726685, 156.804351807, 157.291976929, 157.779586792, 158.267211914, 158.766433716, 159.265670776, 159.75328064, 160.240905762, 160.728515625, 161.216140747, 161.703765869, 162.191375732, 162.679000854, 163.166610718, 163.65423584, 164.141860962, 164.629470825, 165.128707886, 165.627929688, 166.11555481, 166.603164673, 167.090789795, 167.578414917, 168.06602478, 168.553649902, 169.041259766, 169.540496826, 170.028121948, 170.52734375, 171.003356934, 171.490966797, 171.990203857, 172.477813721, 172.965438843, 173.453063965, 173.940673828, 174.42829895, 174.915908813, 175.403533936, 175.891159058, 176.378768921, 176.866394043, 177.365615845, 177.853240967, 178.34085083, 178.816864014, 179.304489136, 179.792098999, 180.279724121, 180.767349243, 181.254959106, 181.742584229, 182.24180603, 182.741043091, 183.228652954, 183.716278076, 184.203903198, 184.691513062, 185.179138184, 185.666748047, 186.154373169, 186.641998291, 187.129608154, 187.628845215, 188.116455078, 188.615692139, 189.103302002, 189.590927124, 190.066940308, 190.554550171, 191.042175293, 191.541397095, 192.029022217, 192.528244019, 193.027481079, 193.538314819, 194.049163818, 194.559997559, 195.05921936, 195.570068359, 196.0809021, 196.59173584, 197.102584839, 197.613418579]
