
metadata:
    version:
        essentia: "2.1-beta2"
    audio_properties:
        analysis_sample_rate: 44100
        bitrate: 320
        channels: 2
        equal_loudness: 1
        length: 239.28163147
        replay_gain: -15.2409000397
        downmix: "mix"
    tags:
        album: "Venom (Deluxe Edition)"
        artist: "Bullet for My Valentine"
        comment: ""
        date: "2015"
        genre: ""
        title: "Skin"
        tracknumber: "9/15"

configuration:
    average_loudness:
        compute: 1
        frameSize: 88200
        hopSize: 44100
        silentFrames: "noise"
        windowType: "hann"
    general:
        analysisSampleRate: 44100
        endTime: 2000
        equalLoudness: 1
        nequalLoudness: 0
        shortSound: 0
        startTime: 0
    lowlevel:
        compute: 1
        frameSize: 2048
        hopSize: 1024
        zeroPadding: 0
        silentFrames: "noise"
        windowType: "blackmanharris62"
        mfccStats: ["mean", "cov", "icov"]
        stats: ["mean", "var", "median", "min", "max", "dmean", "dmean2", "dvar", "dvar2"]
    panning:
        compute: 0
        frameSize: 8192
        hopSize: 2048
        zeroPadding: 8192
        silentFrames: "noise"
        windowType: "hann"
        stats: ["copy"]
    rhythm:
        compute: 1
        maxTempo: 208
        minTempo: 40
        method: "degara"
        stats: ["mean", "var", "median", "min", "max", "dmean", "dmean2", "dvar", "dvar2"]
    segmentation:
        compute: 0
        cpw: 5
        inc1: 300
        inc2: 50
        minimumSegmentsLength: 10
        size1: 1000
        size2: 600
    sfx:
        compute: 1
        stats: ["mean", "var", "median", "min", "max", "dmean", "dmean2", "dvar", "dvar2"]
    svm:
        compute: 0
    tonal:
        compute: 1
        frameSize: 4096
        hopSize: 2048
        zeroPadding: 0
        silentFrames: "noise"
        windowType: "blackmanharris62"
        stats: ["mean", "var", "median", "min", "max", "dmean", "dmean2", "dvar", "dvar2"]

lowlevel:
    average_loudness: 0.920603513718
    barkbands_kurtosis:
        dmean: 0.812635600567
        dmean2: 1.32847344875
        dvar: 2.34734916687
        dvar2: 5.83416795731
        max: 57.5347290039
        mean: -0.388896942139
        median: -0.797526061535
        min: -1.88346862793
        var: 3.12026524544
    barkbands_skewness:
        dmean: 0.431213706732
        dmean2: 0.682563185692
        dvar: 0.187826707959
        dvar2: 0.452693879604
        max: 6.70897626877
        mean: -0.407689273357
        median: -0.492282509804
        min: -3.96391201019
        var: 0.610565900803
    barkbands_spread:
        dmean: 6.55011749268
        dmean2: 10.4870548248
        dvar: 36.1525840759
        dvar2: 92.3058700562
        max: 73.3880462646
        mean: 31.2609672546
        median: 30.6660118103
        min: 2.00483202934
        var: 93.3307342529
    dissonance:
        dmean: 0.0107531370595
        dmean2: 0.018263855949
        dvar: 0.000126629500301
        dvar2: 0.00034476685687
        max: 0.500000059605
        mean: 0.482895374298
        median: 0.487227380276
        min: 0.281275391579
        var: 0.000280769454548
    hfc:
        dmean: 2.60787343979
        dmean2: 4.21815538406
        dvar: 11.0551919937
        dvar2: 28.6566619873
        max: 37.6372184753
        mean: 9.01536083221
        median: 8.65624713898
        min: 1.22314125152e-016
        var: 23.5628871918
    pitch:
        dmean: 823.928100586
        dmean2: 1571.43359375
        dvar: 1518672.375
        dvar2: 3757239.25
        max: 5265.57324219
        mean: 1010.25732422
        median: 348.853485107
        min: 64.1226348877
        var: 1669592
    pitch_instantaneous_confidence:
        dmean: 0.0854184925556
        dmean2: 0.139446511865
        dvar: 0.00571432011202
        dvar2: 0.0139338672161
        max: 0.93168759346
        mean: 0.357405811548
        median: 0.329498589039
        min: 0.109252929688
        var: 0.0173788331449
    pitch_salience:
        dmean: 0.0607602633536
        dmean2: 0.0998820438981
        dvar: 0.0028804379981
        dvar2: 0.00757293310016
        max: 0.985710084438
        mean: 0.660744667053
        median: 0.67501103878
        min: 0.151929810643
        var: 0.00731944153085
    silence_rate_20dB:
        dmean: 0
        dmean2: 0
        dvar: 0
        dvar2: 0
        max: 1
        mean: 1
        median: 1
        min: 1
        var: 0
    silence_rate_30dB:
        dmean: 0
        dmean2: 0
        dvar: 0
        dvar2: 0
        max: 1
        mean: 1
        median: 1
        min: 1
        var: 0
    silence_rate_60dB:
        dmean: 0.0892770513892
        dmean2: 0.178571432829
        dvar: 0.0813175141811
        dvar2: 0.177337795496
        max: 1
        mean: 0.239957302809
        median: 0
        min: 0
        var: 0.182383701205
    spectral_centroid:
        dmean: 288.168823242
        dmean2: 456.489807129
        dvar: 83963.546875
        dvar2: 197980.15625
        max: 10320.4365234
        mean: 2026.58825684
        median: 2091.20019531
        min: 181.767944336
        var: 267163.125
    spectral_complexity:
        dmean: 4.36739444733
        dmean2: 6.83462715149
        dvar: 17.9312782288
        dvar2: 41.0835952759
        max: 51
        mean: 16.7744026184
        median: 17
        min: 0
        var: 63.3802337646
    spectral_crest:
        dmean: 2.15511536598
        dmean2: 3.61614465714
        dvar: 4.96701049805
        dvar2: 13.1647071838
        max: 24.3933753967
        mean: 6.49039983749
        median: 5.58575153351
        min: 2.40200304985
        var: 8.59978485107
    spectral_decrease:
        dmean: 3.7226735583e-010
        dmean2: 6.34935715116e-010
        dvar: 4.31258677365e-019
        dvar2: 1.19038424579e-018
        max: 1.26913330546e-028
        mean: -9.91612458812e-010
        median: -9.0420781973e-010
        min: -6.02841954134e-009
        var: 4.18993450038e-019
    spectral_energy:
        dmean: 0.00161297270097
        dmean2: 0.00273246061988
        dvar: 7.41841677154e-006
        dvar2: 2.03346207854e-005
        max: 0.0243073422462
        mean: 0.00456028804183
        median: 0.00423143384978
        min: 1.06152596919e-020
        var: 7.87431508797e-006
    spectral_energyband_high:
        dmean: 0.000198408801225
        dmean2: 0.000330872426275
        dvar: 7.29917246645e-008
        dvar2: 1.92866764337e-007
        max: 0.0035400299821
        mean: 0.000493935833219
        median: 0.000439802242909
        min: 7.86741254901e-021
        var: 1.14026470044e-007
    spectral_energyband_low:
        dmean: 0.000233230312006
        dmean2: 0.000396236544475
        dvar: 1.57633650133e-007
        dvar2: 4.27522422797e-007
        max: 0.00398706179112
        mean: 0.000303673528833
        median: 0.000189525133464
        min: 8.25502358309e-023
        var: 1.42926097624e-007
    spectral_energyband_middle_high:
        dmean: 0.000683192978613
        dmean2: 0.00107818667311
        dvar: 5.72426472445e-007
        dvar2: 1.4136411437e-006
        max: 0.0133752152324
        mean: 0.00249879504554
        median: 0.00240329024382
        min: 1.3657406226e-021
        var: 1.99581540983e-006
    spectral_energyband_middle_low:
        dmean: 0.000946888001636
        dmean2: 0.00166807742789
        dvar: 4.58621752841e-006
        dvar2: 1.29930285766e-005
        max: 0.0200944859535
        mean: 0.00138489459641
        median: 0.000852550554555
        min: 3.05963375026e-022
        var: 3.38838003699e-006
    spectral_flatness_db:
        dmean: 0.0137258460745
        dmean2: 0.0219296794385
        dvar: 0.000172544809175
        dvar2: 0.000413531379309
        max: 0.338888525963
        mean: 0.144098028541
        median: 0.141308248043
        min: 0.0626929849386
        var: 0.000769076053984
    spectral_flux:
        dmean: 0.00964641291648
        dmean2: 0.0150956436992
        dvar: 0.000161561387358
        dvar2: 0.000291075848509
        max: 0.137596338987
        mean: 0.043081920594
        median: 0.0410037711263
        min: 1.03030382836e-010
        var: 0.000339175632689
    spectral_kurtosis:
        dmean: 0.99662142992
        dmean2: 1.70685613155
        dvar: 1.02661550045
        dvar2: 3.05434918404
        max: 22.2538890839
        mean: 2.68222284317
        median: 2.48547315598
        min: -1.251942873
        var: 1.99102878571
    spectral_rms:
        dmean: 0.000324798194924
        dmean2: 0.000531012949068
        dvar: 1.94024522671e-007
        dvar2: 5.13392365065e-007
        max: 0.00486975163221
        mean: 0.0020133939106
        median: 0.00203180406243
        min: 3.21812845469e-012
        var: 3.95301242406e-007
    spectral_rolloff:
        dmean: 333.832092285
        dmean2: 537.75390625
        dvar: 168328.875
        dvar2: 349603.5625
        max: 19466.015625
        mean: 3613.3347168
        median: 3746.77734375
        min: 150.732421875
        var: 449170.25
    spectral_skewness:
        dmean: 0.151528999209
        dmean2: 0.25113222003
        dvar: 0.0207790415734
        dvar2: 0.0551082119346
        max: 2.98593974113
        mean: 1.0920548439
        median: 1.07155108452
        min: 0.0406445525587
        var: 0.0708528831601
    spectral_spread:
        dmean: 405042.59375
        dmean2: 579119.3125
        dvar: 312493604864
        dvar2: 412802318336
        max: 40937056
        mean: 4293208.5
        median: 4041116.5
        min: 1143523.875
        var: 1.53460998144e+012
    spectral_strongpeak:
        dmean: 0.606891036034
        dmean2: 1.0320276022
        dvar: 0.539341330528
        dvar2: 1.3618465662
        max: 7.3704791069
        mean: 0.903306484222
        median: 0.536215186119
        min: 3.81029652274e-009
        var: 0.941588938236
    zerocrossingrate:
        dmean: 0.0082652438432
        dmean2: 0.0101822093129
        dvar: 6.26512555755e-005
        dvar2: 8.20728309918e-005
        max: 0.5146484375
        mean: 0.111011356115
        median: 0.11328125
        min: 0.0107421875
        var: 0.000501868489664
    barkbands:
        dmean: [1.98749305014e-007, 7.06981591065e-005, 0.000138800896821, 0.000133356879815, 0.000591702351812, 0.000142925942782, 7.07798099029e-005, 0.000112297660962, 0.000140007919981, 8.65453039296e-005, 6.01930041739e-005, 7.48226739233e-005, 5.80714076932e-005, 8.14287050162e-005, 9.75212969934e-005, 0.000160177718499, 0.000223144568736, 0.000203342133318, 0.000189829879673, 0.000194647931494, 9.17689685593e-005, 3.66561180272e-005, 6.97310088071e-006, 2.44043462772e-006, 9.77800823421e-007, 1.30090054284e-008, 2.24759683087e-010]
        dmean2: [3.18881234307e-007, 0.00012076125131, 0.000244093069341, 0.000231612240896, 0.00108351663221, 0.000244711874984, 0.000123609395814, 0.000184816701221, 0.000220616915612, 0.000136533912155, 9.54115312197e-005, 0.00011801734945, 9.42552214838e-005, 0.000131326858536, 0.000159268805874, 0.000262487359578, 0.000367556785932, 0.000338607147569, 0.000317210273352, 0.000320404273225, 0.000154976674821, 6.28357956884e-005, 1.18594070955e-005, 3.66026210941e-006, 1.37499034736e-006, 1.94503719797e-008, 4.00695920888e-010]
        dvar: [1.62664356269e-013, 1.47547636331e-008, 6.2548046742e-008, 3.95752657312e-008, 2.87844295599e-006, 9.15546252145e-008, 2.6102433992e-008, 5.2419554919e-008, 6.71318645118e-008, 2.89247790164e-008, 1.74337007053e-008, 2.67433790668e-008, 1.48753249718e-008, 2.77556999606e-008, 3.50253088754e-008, 5.76452983125e-008, 1.22804010516e-007, 9.4212516899e-008, 6.03067533689e-008, 6.6572255264e-008, 1.7550210174e-008, 2.56668908349e-009, 1.3352220718e-010, 3.34117976342e-011, 1.01346292469e-011, 1.60351690778e-015, 9.499995498e-020]
        dvar2: [3.76464565901e-013, 3.95554629051e-008, 1.74504819483e-007, 1.09207505261e-007, 8.27636813483e-006, 2.33283060425e-007, 6.98058713056e-008, 1.28015102518e-007, 1.50560310885e-007, 6.37527790559e-008, 4.16336973785e-008, 6.00525140726e-008, 3.66089309978e-008, 6.78652085639e-008, 9.09311310693e-008, 1.47859637423e-007, 3.19954722272e-007, 2.51937677831e-007, 1.62445203955e-007, 1.70847300751e-007, 4.72637076143e-008, 6.90315582474e-009, 3.28108623604e-010, 5.57348056596e-011, 1.78990190725e-011, 3.3776446741e-015, 2.7386057906e-019]
        max: [3.18071215588e-006, 0.00107760052197, 0.00232566287741, 0.00344975129701, 0.0165358111262, 0.00487683946267, 0.00391913484782, 0.00388909340836, 0.00552003132179, 0.0045527019538, 0.00272565404885, 0.00315565895289, 0.00312049221247, 0.00282788346522, 0.00363188702613, 0.00558348651975, 0.00674332724884, 0.0104810353369, 0.003815573873, 0.00523250410333, 0.00200768606737, 0.000561261491384, 0.000224423230975, 0.000117695024528, 7.1257527452e-005, 1.27144130602e-006, 5.58127277728e-009]
        mean: [1.77827104153e-007, 8.42271183501e-005, 0.000150965279317, 0.000147246406414, 0.000491332029924, 0.000159532602993, 8.1876081822e-005, 0.000157736270921, 0.000266435439698, 0.000147185666719, 9.53568305704e-005, 0.000125512582599, 9.21564933378e-005, 0.000128411324113, 0.00015559241001, 0.00031652659527, 0.000436902540969, 0.000402910198318, 0.000383739708923, 0.00045413695625, 0.000190330203623, 7.39448150853e-005, 1.14893464342e-005, 4.76296554552e-006, 1.78486914137e-006, 2.41824000824e-008, 2.47998288572e-010]
        median: [2.97402458216e-008, 5.0632894272e-005, 7.66740995459e-005, 8.65970359882e-005, 0.000154984998517, 6.49301073281e-005, 3.96005634684e-005, 6.5951855504e-005, 0.00013034636504, 7.26459256839e-005, 3.33406205755e-005, 4.8249210522e-005, 4.05946520914e-005, 5.70145930396e-005, 8.79963263287e-005, 0.00022540212376, 0.000287142815068, 0.00030922278529, 0.000329144822899, 0.000395985640353, 0.000164612749359, 6.13799493294e-005, 7.06579248799e-006, 2.24172481467e-006, 6.10707274973e-007, 1.1534501354e-008, 1.36698444231e-010]
        min: [2.99130470125e-023, 2.70442249574e-023, 1.59726347279e-023, 2.52022442101e-023, 2.41326056206e-023, 5.06632284862e-023, 3.41107210395e-023, 1.09984451532e-022, 5.7010270801e-023, 1.64947281185e-023, 7.21134041064e-023, 1.42200268724e-022, 8.38605337945e-023, 1.05057150587e-022, 1.63878418834e-022, 1.46967235267e-022, 1.24557400889e-022, 1.6880565667e-022, 1.78644456098e-022, 2.94633110995e-022, 3.85890004637e-022, 5.63585252807e-022, 6.37502352663e-022, 8.16231778547e-022, 1.03087868516e-021, 1.91812440397e-021, 2.58766652531e-021]
        var: [1.55986971929e-013, 1.27712684872e-008, 5.1736250839e-008, 3.57147555974e-008, 1.72442366875e-006, 9.23782295104e-008, 2.28759589049e-008, 8.76087113966e-008, 2.24249859571e-007, 6.82733301005e-008, 3.56538194524e-008, 5.82464352306e-008, 2.74022049496e-008, 5.13400308932e-008, 5.03086390324e-008, 1.18652629055e-007, 2.46059101983e-007, 1.55069571406e-007, 8.2037637128e-008, 1.17366546704e-007, 2.15460680408e-008, 3.53671802955e-009, 2.1956818308e-010, 1.04540924528e-010, 2.61626085379e-011, 3.29837530749e-015, 1.2613138201e-019]
    frequency_bands:
        dmean: [1.98749305014e-007, 7.06981591065e-005, 0.000138800896821, 0.000133356879815, 0.000591702351812, 0.000142925942782, 7.07798099029e-005, 0.000112297660962, 0.000140007919981, 8.65453039296e-005, 6.01930041739e-005, 7.48226739233e-005, 5.80714076932e-005, 8.14287050162e-005, 9.75212969934e-005, 0.000160177718499, 0.000223144568736, 0.000203342133318, 0.000189829879673, 0.000194647931494, 9.17689685593e-005, 3.66561180272e-005, 6.97310088071e-006, 2.44043462772e-006, 9.77800823421e-007, 1.30090054284e-008, 2.24759683087e-010, 5.3199892408e-011]
        dmean2: [3.18881234307e-007, 0.00012076125131, 0.000244093069341, 0.000231612240896, 0.00108351663221, 0.000244711874984, 0.000123609395814, 0.000184816701221, 0.000220616915612, 0.000136533912155, 9.54115312197e-005, 0.00011801734945, 9.42552214838e-005, 0.000131326858536, 0.000159268805874, 0.000262487359578, 0.000367556785932, 0.000338607147569, 0.000317210273352, 0.000320404273225, 0.000154976674821, 6.28357956884e-005, 1.18594070955e-005, 3.66026210941e-006, 1.37499034736e-006, 1.94503719797e-008, 4.00695920888e-010, 9.91351653545e-011]
        dvar: [1.62664356269e-013, 1.47547636331e-008, 6.2548046742e-008, 3.95752657312e-008, 2.87844295599e-006, 9.15546252145e-008, 2.6102433992e-008, 5.2419554919e-008, 6.71318645118e-008, 2.89247790164e-008, 1.74337007053e-008, 2.67433790668e-008, 1.48753249718e-008, 2.77556999606e-008, 3.50253088754e-008, 5.76452983125e-008, 1.22804010516e-007, 9.4212516899e-008, 6.03067533689e-008, 6.6572255264e-008, 1.7550210174e-008, 2.56668908349e-009, 1.3352220718e-010, 3.34117976342e-011, 1.01346292469e-011, 1.60351690778e-015, 9.499995498e-020, 6.043746678e-021]
        dvar2: [3.76464565901e-013, 3.95554629051e-008, 1.74504819483e-007, 1.09207505261e-007, 8.27636813483e-006, 2.33283060425e-007, 6.98058713056e-008, 1.28015102518e-007, 1.50560310885e-007, 6.37527790559e-008, 4.16336973785e-008, 6.00525140726e-008, 3.66089309978e-008, 6.78652085639e-008, 9.09311310693e-008, 1.47859637423e-007, 3.19954722272e-007, 2.51937677831e-007, 1.62445203955e-007, 1.70847300751e-007, 4.72637076143e-008, 6.90315582474e-009, 3.28108623604e-010, 5.57348056596e-011, 1.78990190725e-011, 3.3776446741e-015, 2.7386057906e-019, 1.93312480739e-020]
        max: [3.18071215588e-006, 0.00107760052197, 0.00232566287741, 0.00344975129701, 0.0165358111262, 0.00487683946267, 0.00391913484782, 0.00388909340836, 0.00552003132179, 0.0045527019538, 0.00272565404885, 0.00315565895289, 0.00312049221247, 0.00282788346522, 0.00363188702613, 0.00558348651975, 0.00674332724884, 0.0104810353369, 0.003815573873, 0.00523250410333, 0.00200768606737, 0.000561261491384, 0.000224423230975, 0.000117695024528, 7.1257527452e-005, 1.27144130602e-006, 5.58127277728e-009, 1.41423328603e-009]
        mean: [1.77827104153e-007, 8.42271183501e-005, 0.000150965279317, 0.000147246406414, 0.000491332029924, 0.000159532602993, 8.1876081822e-005, 0.000157736270921, 0.000266435439698, 0.000147185666719, 9.53568305704e-005, 0.000125512582599, 9.21564933378e-005, 0.000128411324113, 0.00015559241001, 0.00031652659527, 0.000436902540969, 0.000402910198318, 0.000383739708923, 0.00045413695625, 0.000190330203623, 7.39448150853e-005, 1.14893464342e-005, 4.76296554552e-006, 1.78486914137e-006, 2.41824000824e-008, 2.47998288572e-010, 4.00641880782e-011]
        median: [2.97402458216e-008, 5.0632894272e-005, 7.66740995459e-005, 8.65970359882e-005, 0.000154984998517, 6.49301073281e-005, 3.96005634684e-005, 6.5951855504e-005, 0.00013034636504, 7.26459256839e-005, 3.33406205755e-005, 4.8249210522e-005, 4.05946520914e-005, 5.70145930396e-005, 8.79963263287e-005, 0.00022540212376, 0.000287142815068, 0.00030922278529, 0.000329144822899, 0.000395985640353, 0.000164612749359, 6.13799493294e-005, 7.06579248799e-006, 2.24172481467e-006, 6.10707274973e-007, 1.1534501354e-008, 1.36698444231e-010, 1.49540779065e-011]
        min: [2.99130470125e-023, 2.70442249574e-023, 1.59726347279e-023, 2.52022442101e-023, 2.41326056206e-023, 5.06632284862e-023, 3.41107210395e-023, 1.09984451532e-022, 5.7010270801e-023, 1.64947281185e-023, 7.21134041064e-023, 1.42200268724e-022, 8.38605337945e-023, 1.05057150587e-022, 1.63878418834e-022, 1.46967235267e-022, 1.24557400889e-022, 1.6880565667e-022, 1.78644456098e-022, 2.94633110995e-022, 3.85890004637e-022, 5.63585252807e-022, 6.37502352663e-022, 8.16231778547e-022, 1.03087868516e-021, 1.91812440397e-021, 2.58766652531e-021, 8.04129617275e-022]
        var: [1.55986971929e-013, 1.27712684872e-008, 5.1736250839e-008, 3.57147555974e-008, 1.72442366875e-006, 9.23782295104e-008, 2.28759589049e-008, 8.76087113966e-008, 2.24249859571e-007, 6.82733301005e-008, 3.56538194524e-008, 5.82464352306e-008, 2.74022049496e-008, 5.13400308932e-008, 5.03086390324e-008, 1.18652629055e-007, 2.46059101983e-007, 1.55069571406e-007, 8.2037637128e-008, 1.17366546704e-007, 2.15460680408e-008, 3.53671802955e-009, 2.1956818308e-010, 1.04540924528e-010, 2.61626085379e-011, 3.29837530749e-015, 1.2613138201e-019, 4.54010276883e-021]
    mfcc:
        mean: [-700.724121094, 90.8886489868, -56.0893096924, 56.5377311707, -16.4193668365, -0.462977707386, -3.56810808182, 1.31039595604, 5.60507774353, -2.25714612007, -4.75165891647, -3.93369603157, -7.16588783264]
        cov: [[5019.17822266, 478.405426025, -415.904754639, 499.489807129, -125.380874634, 81.9808120728, -73.2408599854, 73.861541748, -11.050245285, 25.6970672607, -52.3495330811, -38.490272522, -57.272102356], [478.405426025, 533.719604492, -178.734329224, 141.006622314, -61.9956703186, 14.5617876053, 40.6591567993, -0.463964313269, 16.6269855499, -21.9067344666, 13.2770652771, -5.82711076736, -20.9568634033], [-415.904754639, -178.734329224, 403.379486084, -61.8998718262, 66.2421112061, -26.7841587067, -40.0851478577, -19.8602714539, -46.0956420898, -4.72098112106, -13.0162849426, -9.97897529602, 9.29184818268], [499.489807129, 141.006622314, -61.8998718262, 276.875, 43.5973205566, 4.50995063782, -26.4618148804, 15.5372743607, 69.71144104, 29.3900680542, -5.77311658859, -12.3882284164, -0.82646459341], [-125.380874634, -61.9956703186, 66.2421112061, 43.5973205566, 146.7474823, 34.1769981384, 0.718603372574, 5.88305854797, 25.5051555634, 9.60542488098, -7.92722511292, -10.0919075012, -1.19584810734], [81.9808120728, 14.5617876053, -26.7841587067, 4.50995063782, 34.1769981384, 124.010505676, 73.361289978, 38.3470993042, 1.15956616402, 11.0046262741, 12.5765810013, 0.161034792662, -1.96790587902], [-73.2408599854, 40.6591567993, -40.0851478577, -26.4618148804, 0.718603372574, 73.361289978, 132.699798584, 59.381690979, 21.0710678101, 5.31747770309, 20.216047287, 14.3014583588, 1.92191874981], [73.861541748, -0.463964313269, -19.8602714539, 15.5372743607, 5.88305854797, 38.3470993042, 59.381690979, 112.589698792, 54.1043663025, 28.9702606201, 13.6355581284, 14.0785799026, 9.79826641083], [-11.050245285, 16.6269855499, -46.0956420898, 69.71144104, 25.5051555634, 1.15956616402, 21.0710678101, 54.1043663025, 124.656898499, 59.3062591553, 15.5009183884, 1.6644500494, 4.2621088028], [25.6970672607, -21.9067344666, -4.72098112106, 29.3900680542, 9.60542488098, 11.0046262741, 5.31747770309, 28.9702606201, 59.3062591553, 89.9522171021, 38.6322555542, 10.3626966476, 3.18139529228], [-52.3495330811, 13.2770652771, -13.0162849426, -5.77311658859, -7.92722511292, 12.5765810013, 20.216047287, 13.6355581284, 15.5009183884, 38.6322555542, 68.7504882813, 32.2720565796, 7.67262172699], [-38.490272522, -5.82711076736, -9.97897529602, -12.3882284164, -10.0919075012, 0.161034792662, 14.3014583588, 14.0785799026, 1.6644500494, 10.3626966476, 32.2720565796, 60.1819381714, 28.7552585602], [-57.272102356, -20.9568634033, 9.29184818268, -0.82646459341, -1.19584810734, -1.96790587902, 1.92191874981, 9.79826641083, 4.2621088028, 3.18139529228, 7.67262172699, 28.7552585602, 56.5181388855]]
        icov: [[0.000320101506077, -7.52359046601e-005, 0.000215111926082, -0.000592059164774, 0.000343918014551, -0.00033073319355, 0.0004028652329, -0.000479490525322, 0.000633968680631, -0.000363053666661, 0.000418080599047, -0.000138139846968, 0.000303793523926], [-7.52359046601e-005, 0.00303712091409, 0.000630380294751, -0.00180074747186, 0.00128024839796, 0.000185170021723, -0.00145720678847, 0.000756040331908, -0.000204332871363, 0.00179425324313, -0.0015953873517, 0.000576564925723, 0.000709617801476], [0.000215111926082, 0.000630380294751, 0.00365525158122, -3.25874898408e-005, -0.00174446369056, 0.00125044106971, 0.00031215447234, -0.00101986271329, 0.00262118247338, -0.00122341618408, 7.42095071473e-005, 0.00108362280298, -0.000667069223709], [-0.000592059164774, -0.00180074747186, -3.25874898408e-005, 0.00719058373943, -0.00261763460003, -0.000371613132302, 0.00221329322085, 0.000344187341398, -0.00370368012227, -0.000316195888445, 0.000518559187185, 0.000393451889977, -0.00133390480187], [0.000343918014551, 0.00128024839796, -0.00174446369056, -0.00261763460003, 0.0107623748481, -0.00489262258634, 0.00116449932102, 0.00126312766224, -0.00315972021781, 0.00167665642221, 0.000856596569065, -0.000433794804849, 0.00111883948557], [-0.00033073319355, 0.000185170021723, 0.00125044106971, -0.000371613132302, -0.00489262258634, 0.0160921234637, -0.00874847825617, -0.00211535720155, 0.0056408890523, -0.00337411137298, -0.00143274536822, 0.0033728631679, -0.00111348193604], [0.0004028652329, -0.00145720678847, 0.00031215447234, 0.00221329322085, 0.00116449932102, -0.00874847825617, 0.0168846659362, -0.00564998621121, -0.00288113276474, 0.00342705124058, -0.00174088787753, -0.00203100009821, 0.00126834807452], [-0.000479490525322, 0.000756040331908, -0.00101986271329, 0.000344187341398, 0.00126312766224, -0.00211535720155, -0.00564998621121, 0.0163094904274, -0.00706778652966, -0.000212965082028, 0.00131590652745, -0.00256065744907, -0.00104599073529], [0.000633968680631, -0.000204332871363, 0.00262118247338, -0.00370368012227, -0.00315972021781, 0.0056408890523, -0.00288113276474, -0.00706778652966, 0.0205103289336, -0.0115966489539, 0.00241678347811, 0.00242483336478, -0.000921332510188], [-0.000363053666661, 0.00179425324313, -0.00122341618408, -0.000316195888445, 0.00167665642221, -0.00337411137298, 0.00342705124058, -0.000212965082028, -0.0115966489539, 0.0249995663762, -0.0135882506147, 0.00226740958169, 0.000490657577757], [0.000418080599047, -0.0015953873517, 7.42095071473e-005, 0.000518559187185, 0.000856596569065, -0.00143274536822, -0.00174088787753, 0.00131590652745, 0.00241678347811, -0.0135882506147, 0.0294820498675, -0.0148486737162, 0.00376176577993], [-0.000138139846968, 0.000576564925723, 0.00108362280298, 0.000393451889977, -0.000433794804849, 0.0033728631679, -0.00203100009821, -0.00256065744907, 0.00242483336478, 0.00226740958169, -0.0148486737162, 0.0320844314992, -0.0140959415585], [0.000303793523926, 0.000709617801476, -0.000667069223709, -0.00133390480187, 0.00111883948557, -0.00111348193604, 0.00126834807452, -0.00104599073529, -0.000921332510188, 0.000490657577757, 0.00376176577993, -0.0140959415585, 0.0251805838197]]
    sccoeffs:
        dmean: [0.0637205690145, 0.0497092753649, 0.0396293513477, 0.0320751555264, 0.0204791724682, 0.0174293722957]
        dmean2: [0.105905428529, 0.0817015320063, 0.065174639225, 0.0533266477287, 0.0339401364326, 0.0274021141231]
        dvar: [0.00335415871814, 0.00164125172887, 0.00101172644645, 0.000653037219308, 0.000268429488642, 0.000260162225459]
        dvar2: [0.00912586692721, 0.00428165122867, 0.00262728938833, 0.00176971743349, 0.000700723787304, 0.000561310444027]
        max: [-0.285234212875, -0.384259909391, -0.529006302357, -0.546515166759, -0.601851284504, -0.574539899826]
        mean: [-0.667299747467, -0.77035677433, -0.778670847416, -0.783758759499, -0.795846581459, -0.719933211803]
        median: [-0.675868034363, -0.780282735825, -0.785074591637, -0.788200199604, -0.799351930618, -0.713360548019]
        min: [-0.94998049736, -0.986944794655, -0.978872418404, -0.980562806129, -0.980429589748, -0.96215647459]
        var: [0.00701909977943, 0.00486888224259, 0.00352292624302, 0.00213747425005, 0.00110717234202, 0.00191339617595]
    scvalleys:
        dmean: [0.416496098042, 0.404198944569, 0.309848964214, 0.251842349768, 0.230443939567, 0.252164363861]
        dmean2: [0.67856246233, 0.670691132545, 0.501780092716, 0.398760527372, 0.349364131689, 0.378438979387]
        dvar: [0.120764248073, 0.153103291988, 0.0691367760301, 0.0514489002526, 0.0540867857635, 0.100072219968]
        dvar2: [0.292908787727, 0.390532761812, 0.162218868732, 0.11129848659, 0.110387988389, 0.203518480062]
        max: [-5.18706512451, -4.35669279099, -5.31152868271, -5.68963289261, -5.5153875351, -7.60093402863]
        mean: [-7.09174108505, -6.75553131104, -7.01907396317, -7.08313035965, -6.8017168045, -9.71753883362]
        median: [-6.85586547852, -6.62777853012, -6.86816358566, -6.89685535431, -6.57249355316, -9.55758476257]
        min: [-27.4355564117, -27.3071269989, -26.8565998077, -27.0135784149, -27.231803894, -27.1197776794]
        var: [1.57711482048, 1.39157319069, 1.2845928669, 1.27723860741, 1.30685269833, 1.3663932085]

rhythm:
    beats_loudness:
        dmean: 0.00129390344955
        dmean2: 0.00225466955453
        dvar: 1.04520438526e-006
        dvar2: 3.03782871924e-006
        max: 0.010311614722
        mean: 0.00462229503319
        median: 0.00476905424148
        min: 8.11950923163e-011
        var: 2.69613065029e-006
    bpm: 172.26499939
    bpm_confidence: 0
    first_peak_bpm: 172
    first_peak_spread: 0
    first_peak_weight: 0.882525682449
    onset_rate: 3.7403626442
    second_peak_bpm: 167
    second_peak_spread: 0
    second_peak_weight: 0.0734214410186
    beats_loudness_band_ratio:
        dmean: [0.0723508447409, 0.0881319120526, 0.0783618465066, 0.0862086862326, 0.118306688964, 0.0833105146885]
        dmean2: [0.123820200562, 0.159586906433, 0.134477555752, 0.152948856354, 0.201083391905, 0.1414745152]
        dvar: [0.00614603050053, 0.00732938060537, 0.00980961695313, 0.00803196337074, 0.0101154334843, 0.0054742153734]
        dvar2: [0.0165030807257, 0.0225809328258, 0.0254109166563, 0.0226417481899, 0.028475208208, 0.0156161375344]
        max: [0.69509935379, 0.802636921406, 0.782722830772, 0.544667303562, 0.789814352989, 0.580726146698]
        mean: [0.115887179971, 0.102424621582, 0.129836603999, 0.113652296364, 0.334922879934, 0.246216878295]
        median: [0.0844423919916, 0.0724233835936, 0.0912976935506, 0.0782199949026, 0.325548201799, 0.241769894958]
        min: [0, 0, 0, 0, 0, 0]
        var: [0.0102983927354, 0.0081478971988, 0.0150906350464, 0.00918563455343, 0.0179454907775, 0.00786149594933]
