
metadata:
    version:
        essentia: "2.1-beta2"
    audio_properties:
        analysis_sample_rate: 44100
        bitrate: 320
        channels: 2
        equal_loudness: 1
        length: 276.819580078
        replay_gain: -14.2589244843
        downmix: "mix"
    tags:
        album: "Venom (Deluxe Edition)"
        artist: "Bullet for My Valentine"
        comment: ""
        date: "2015"
        genre: ""
        title: "Hell or High Water"
        tracknumber: "10/15"

configuration:
    average_loudness:
        compute: 1
        frameSize: 88200
        hopSize: 44100
        silentFrames: "noise"
        windowType: "hann"
    general:
        analysisSampleRate: 44100
        endTime: 2000
        equalLoudness: 1
        nequalLoudness: 0
        shortSound: 0
        startTime: 0
    lowlevel:
        compute: 1
        frameSize: 2048
        hopSize: 1024
        zeroPadding: 0
        silentFrames: "noise"
        windowType: "blackmanharris62"
        mfccStats: ["mean", "cov", "icov"]
        stats: ["mean", "var", "median", "min", "max", "dmean", "dmean2", "dvar", "dvar2"]
    panning:
        compute: 0
        frameSize: 8192
        hopSize: 2048
        zeroPadding: 8192
        silentFrames: "noise"
        windowType: "hann"
        stats: ["copy"]
    rhythm:
        compute: 1
        maxTempo: 208
        minTempo: 40
        method: "degara"
        stats: ["mean", "var", "median", "min", "max", "dmean", "dmean2", "dvar", "dvar2"]
    segmentation:
        compute: 0
        cpw: 5
        inc1: 300
        inc2: 50
        minimumSegmentsLength: 10
        size1: 1000
        size2: 600
    sfx:
        compute: 1
        stats: ["mean", "var", "median", "min", "max", "dmean", "dmean2", "dvar", "dvar2"]
    svm:
        compute: 0
    tonal:
        compute: 1
        frameSize: 4096
        hopSize: 2048
        zeroPadding: 0
        silentFrames: "noise"
        windowType: "blackmanharris62"
        stats: ["mean", "var", "median", "min", "max", "dmean", "dmean2", "dvar", "dvar2"]

lowlevel:
    average_loudness: 0.924687147141
    barkbands_kurtosis:
        dmean: 0.701169192791
        dmean2: 1.1650724411
        dvar: 1.7662101984
        dvar2: 4.2804236412
        max: 47.8286056519
        mean: -0.719132006168
        median: -1.17065668106
        min: -1.90398180485
        var: 2.94607591629
    barkbands_skewness:
        dmean: 0.44120618701
        dmean2: 0.698794960976
        dvar: 0.180072814226
        dvar2: 0.433846235275
        max: 6.13343191147
        mean: -0.231492608786
        median: -0.284481793642
        min: -3.45911669731
        var: 0.622613072395
    barkbands_spread:
        dmean: 6.23240709305
        dmean2: 10.0967912674
        dvar: 32.1107025146
        dvar2: 81.6179656982
        max: 74.7135696411
        mean: 36.7690200806
        median: 37.2665863037
        min: 2.92859053612
        var: 92.670753479
    dissonance:
        dmean: 0.0097484709695
        dmean2: 0.0166060794145
        dvar: 9.09093141672e-005
        dvar2: 0.000255950493738
        max: 0.500000059605
        mean: 0.484100580215
        median: 0.487269550562
        min: 0.36068636179
        var: 0.000155556859681
    hfc:
        dmean: 2.67342972755
        dmean2: 4.28240823746
        dvar: 11.6490011215
        dvar2: 29.7389984131
        max: 39.1336097717
        mean: 8.38409900665
        median: 7.46513271332
        min: 1.14294046631e-016
        var: 23.5375976563
    pitch:
        dmean: 1019.74273682
        dmean2: 1942.08374023
        dvar: 1888765.125
        dvar2: 4535289
        max: 4938.16503906
        mean: 1238.81311035
        median: 309.926452637
        min: 48.8076820374
        var: 2159878.25
    pitch_instantaneous_confidence:
        dmean: 0.0794957503676
        dmean2: 0.128937736154
        dvar: 0.00440028542653
        dvar2: 0.0106844510883
        max: 0.866314888
        mean: 0.333436816931
        median: 0.310893952847
        min: 0.107067704201
        var: 0.0130305876955
    pitch_salience:
        dmean: 0.0629014968872
        dmean2: 0.104032084346
        dvar: 0.00325273047201
        dvar2: 0.00882921181619
        max: 0.993435204029
        mean: 0.65490591526
        median: 0.665823757648
        min: 0.261652648449
        var: 0.00619702367112
    silence_rate_20dB:
        dmean: 0
        dmean2: 0
        dvar: 0
        dvar2: 0
        max: 1
        mean: 1
        median: 1
        min: 1
        var: 0
    silence_rate_30dB:
        dmean: 0
        dmean2: 0
        dvar: 0
        dvar2: 0
        max: 1
        mean: 1
        median: 1
        min: 1
        var: 0
    silence_rate_60dB:
        dmean: 0.1425935179
        dmean2: 0.285210967064
        dvar: 0.122269295156
        dvar2: 0.246627703309
        max: 1
        mean: 0.298498690128
        median: 0
        min: 0
        var: 0.209404230118
    spectral_centroid:
        dmean: 311.487731934
        dmean2: 495.220001221
        dvar: 87796.5390625
        dvar2: 205492.21875
        max: 11394.8447266
        mean: 1906.79394531
        median: 1937.63195801
        min: 150.73626709
        var: 309795.84375
    spectral_complexity:
        dmean: 4.45160198212
        dmean2: 6.96602630615
        dvar: 20.2938690186
        dvar2: 46.0420799255
        max: 48
        mean: 15.7397470474
        median: 15
        min: 0
        var: 58.2192153931
    spectral_crest:
        dmean: 2.17112898827
        dmean2: 3.65014576912
        dvar: 5.35861253738
        dvar2: 13.8947381973
        max: 21.4628658295
        mean: 6.3867058754
        median: 5.48691272736
        min: 2.43129467964
        var: 8.38570022583
    spectral_decrease:
        dmean: 4.15481121729e-010
        dmean2: 7.09300673751e-010
        dvar: 5.87731212265e-019
        dvar2: 1.63438781184e-018
        max: -1.62621768941e-028
        mean: -1.01004671293e-009
        median: -8.64817217838e-010
        min: -8.23509704873e-009
        var: 5.29085192509e-019
    spectral_energy:
        dmean: 0.00177622423507
        dmean2: 0.00300959008746
        dvar: 9.92857167148e-006
        dvar2: 2.74256144621e-005
        max: 0.0329899415374
        mean: 0.00457259686664
        median: 0.003976136446
        min: 1.09805819092e-020
        var: 9.55670202529e-006
    spectral_energyband_high:
        dmean: 0.000213181279832
        dmean2: 0.000352606904926
        dvar: 7.62677885291e-008
        dvar2: 1.98566525e-007
        max: 0.00451480736956
        mean: 0.000498214969411
        median: 0.000424998841481
        min: 7.54923316431e-021
        var: 1.25347185076e-007
    spectral_energyband_low:
        dmean: 0.000329870468704
        dmean2: 0.000561901717447
        dvar: 2.78515784657e-007
        dvar2: 7.48372599446e-007
        max: 0.00704120798036
        mean: 0.000476663582958
        median: 0.000293634977425
        min: 2.15511296213e-022
        var: 3.21137832771e-007
    spectral_energyband_middle_high:
        dmean: 0.000660593737848
        dmean2: 0.00103629985824
        dvar: 5.76537956931e-007
        dvar2: 1.36987716814e-006
        max: 0.011006093584
        mean: 0.00218034978025
        median: 0.00190968217794
        min: 1.80816108128e-021
        var: 1.78127459094e-006
    spectral_energyband_middle_low:
        dmean: 0.00109095335938
        dmean2: 0.00191279198043
        dvar: 6.29265377938e-006
        dvar2: 1.79596554517e-005
        max: 0.0282024219632
        mean: 0.00158870639279
        median: 0.00102006620727
        min: 4.49000290693e-022
        var: 4.63845844934e-006
    spectral_flatness_db:
        dmean: 0.0151929734275
        dmean2: 0.0242518670857
        dvar: 0.000203426025109
        dvar2: 0.000487986544613
        max: 0.333284527063
        mean: 0.146526068449
        median: 0.142244011164
        min: 0.0517188571393
        var: 0.000756959372666
    spectral_flux:
        dmean: 0.00978917069733
        dmean2: 0.0152834579349
        dvar: 0.000187589947018
        dvar2: 0.000354788033292
        max: 0.156319782138
        mean: 0.0423910804093
        median: 0.0394697748125
        min: 1.04788275279e-010
        var: 0.000335355754942
    spectral_kurtosis:
        dmean: 1.01837682724
        dmean2: 1.77201223373
        dvar: 1.22992920876
        dvar2: 3.76413989067
        max: 21.6401062012
        mean: 2.45598196983
        median: 2.20076203346
        min: -1.17446291447
        var: 2.01257658005
    spectral_rms:
        dmean: 0.000356551609002
        dmean2: 0.000581426371355
        dvar: 2.43241458975e-007
        dvar2: 6.36553011191e-007
        max: 0.00567320967093
        mean: 0.00201487774029
        median: 0.00196955772117
        min: 3.27303570531e-012
        var: 4.0136862367e-007
    spectral_rolloff:
        dmean: 365.734771729
        dmean2: 597.637878418
        dvar: 207173.78125
        dvar2: 461129.625
        max: 18453.9550781
        mean: 3618.48999023
        median: 3789.84375
        min: 129.19921875
        var: 516904.71875
    spectral_skewness:
        dmean: 0.147532239556
        dmean2: 0.246508911252
        dvar: 0.0191410407424
        dvar2: 0.052995800972
        max: 2.86943149567
        mean: 1.00225174427
        median: 0.991150379181
        min: -0.0256676524878
        var: 0.0648764967918
    spectral_spread:
        dmean: 383994.84375
        dmean2: 583893.6875
        dvar: 269355859968
        dvar2: 424197652480
        max: 41129684
        mean: 4209734.5
        median: 4132806.25
        min: 1792332.125
        var: 1.20271824486e+012
    spectral_strongpeak:
        dmean: 0.510813832283
        dmean2: 0.886737406254
        dvar: 0.529160916805
        dvar2: 1.36829936504
        max: 10.949092865
        mean: 0.667223989964
        median: 0.244974330068
        min: 4.96571506137e-010
        var: 0.874084293842
    zerocrossingrate:
        dmean: 0.00857621245086
        dmean2: 0.0106422863901
        dvar: 6.48354616715e-005
        dvar2: 8.93761680345e-005
        max: 0.48388671875
        mean: 0.108403556049
        median: 0.109375
        min: 0.0087890625
        var: 0.000533718732186
    barkbands:
        dmean: [3.16338088169e-007, 0.000111727102194, 0.000181632742169, 0.00023599852284, 0.000709949235898, 0.000140438525705, 7.55196233513e-005, 0.000110224784294, 0.000104118305899, 7.36888468964e-005, 4.3386593461e-005, 4.34924186266e-005, 4.14086607634e-005, 6.46331973257e-005, 8.70184812811e-005, 0.000170477782376, 0.000193421758013, 0.000137705399538, 0.000181449402589, 0.00022097879264, 9.44123894442e-005, 3.58272627636e-005, 6.58979934087e-006, 2.12931922761e-006, 6.57291252537e-007, 1.17583409676e-008, 2.33745106604e-010]
        dmean2: [5.14239218319e-007, 0.000191808576346, 0.000319004931953, 0.000402075966122, 0.00126800232101, 0.000248276890488, 0.000133292312967, 0.000179735710844, 0.000166511017596, 0.000117706149467, 7.07312865416e-005, 7.0544447226e-005, 6.7353284976e-005, 0.000105326951598, 0.000141287004226, 0.000277358514722, 0.000315475859679, 0.000228854813031, 0.000300334242638, 0.000359665922588, 0.000161012416356, 5.93736149312e-005, 1.08591739263e-005, 3.29012323164e-006, 9.88333226815e-007, 1.88646165356e-008, 4.20145862545e-010]
        dvar: [3.48843322935e-013, 2.94141155877e-008, 9.28721703986e-008, 1.84049923746e-007, 3.75263948627e-006, 1.2017991935e-007, 3.56997063022e-008, 5.3979878345e-008, 3.69264299138e-008, 1.66402802648e-008, 1.00236512424e-008, 1.07682955885e-008, 7.58075824336e-009, 1.68066858208e-008, 2.63962434133e-008, 8.72504415383e-008, 1.00106717582e-007, 2.90702271144e-008, 5.40411022598e-008, 7.73001005427e-008, 1.69169620534e-008, 2.45908871044e-009, 1.28974816938e-010, 2.74604852746e-011, 2.98444428892e-012, 4.74320662771e-016, 1.63547591624e-019]
        dvar2: [8.35935650128e-013, 8.07150470905e-008, 2.5788176572e-007, 4.75794195154e-007, 1.08431568151e-005, 3.21455615904e-007, 9.9898137762e-008, 1.35936204515e-007, 8.99101024743e-008, 3.81390918847e-008, 2.55196006549e-008, 2.71486833014e-008, 1.82736741294e-008, 4.06440534562e-008, 6.18840658717e-008, 2.14383874209e-007, 2.45200254767e-007, 7.64766525663e-008, 1.41722907188e-007, 1.87389346706e-007, 4.54178774589e-008, 6.11940365047e-009, 2.84391288297e-010, 4.77309164415e-011, 5.08208579386e-012, 1.0714631146e-015, 4.57412835865e-019]
        max: [4.67983090857e-006, 0.00157761934679, 0.00329839345068, 0.00659527722746, 0.0225332602859, 0.0065418984741, 0.00283574056812, 0.0049507454969, 0.00429603783414, 0.00275543774478, 0.00247997394763, 0.00362492003478, 0.00201388262212, 0.00356185715646, 0.00401967857033, 0.00599415367469, 0.00723618874326, 0.00285270181485, 0.00385087099858, 0.00591647438705, 0.00137812725734, 0.000948289001826, 0.000260340224486, 0.000160566356499, 4.52715030406e-005, 6.46843318464e-007, 9.43107281159e-009]
        mean: [2.96295382896e-007, 0.000139300202136, 0.000211708756979, 0.000275636004517, 0.000675966322888, 0.000153050641529, 8.21630019345e-005, 0.000160349722137, 0.00017963135906, 0.000121886492707, 6.89852386131e-005, 6.89568187227e-005, 6.57944838167e-005, 0.000100060962723, 0.000155291796545, 0.000334736192599, 0.000379451405024, 0.000262753310381, 0.000371395755792, 0.000495439686347, 0.000180412418558, 7.31125983293e-005, 1.12142543003e-005, 3.79884431823e-006, 1.20006473026e-006, 2.21483880125e-008, 2.41952929914e-010]
        median: [7.60317533377e-008, 8.85343033588e-005, 0.000111128902063, 0.000139778596349, 0.00027932820376, 7.12636829121e-005, 3.46996966982e-005, 6.42937666271e-005, 0.000103007194411, 6.32759547443e-005, 2.74767589872e-005, 3.49267756974e-005, 3.1122162909e-005, 5.04488052684e-005, 8.51268268889e-005, 0.000213268227526, 0.000267047347734, 0.000208153476706, 0.000300475890981, 0.000399498268962, 0.000145899743075, 5.68037612538e-005, 6.79336017129e-006, 1.8665710968e-006, 5.77521461764e-007, 1.19584173675e-008, 1.06323394533e-010]
        min: [2.07206370551e-023, 9.82317430194e-023, 8.87300396338e-023, 2.5162958937e-023, 6.66917271879e-023, 5.00749685983e-023, 1.33056815474e-022, 5.21283135811e-023, 8.94376731093e-023, 9.24074567384e-023, 9.31687012011e-023, 1.04355379926e-022, 2.96856310353e-022, 1.24978652613e-022, 1.63670323639e-022, 2.26717892098e-022, 2.48060631173e-022, 1.51485578097e-022, 1.92020305876e-022, 2.91326786682e-022, 3.80160552058e-022, 5.97571753497e-022, 6.13894484695e-022, 1.00978971948e-021, 1.24007641831e-021, 1.41073452233e-021, 2.27881533877e-021]
        var: [3.28313819273e-013, 2.80051484225e-008, 9.32361814421e-008, 1.97774042476e-007, 2.43019144364e-006, 1.03154363273e-007, 3.0041373833e-008, 9.65597948266e-008, 7.66290355614e-008, 3.77988094158e-008, 2.14417728017e-008, 1.79800760947e-008, 1.40608591437e-008, 2.91011250653e-008, 5.77573473493e-008, 2.02746889499e-007, 2.04183479013e-007, 4.53045849724e-008, 9.47455305322e-008, 1.68747220641e-007, 2.031725721e-008, 4.34045865916e-009, 2.56381554875e-010, 6.66817503991e-011, 7.48611849594e-012, 1.05017082388e-015, 2.10612953557e-019]
    frequency_bands:
        dmean: [3.16338088169e-007, 0.000111727102194, 0.000181632742169, 0.00023599852284, 0.000709949235898, 0.000140438525705, 7.55196233513e-005, 0.000110224784294, 0.000104118305899, 7.36888468964e-005, 4.3386593461e-005, 4.34924186266e-005, 4.14086607634e-005, 6.46331973257e-005, 8.70184812811e-005, 0.000170477782376, 0.000193421758013, 0.000137705399538, 0.000181449402589, 0.00022097879264, 9.44123894442e-005, 3.58272627636e-005, 6.58979934087e-006, 2.12931922761e-006, 6.57291252537e-007, 1.17583409676e-008, 2.33745106604e-010, 5.41200972926e-011]
        dmean2: [5.14239218319e-007, 0.000191808576346, 0.000319004931953, 0.000402075966122, 0.00126800232101, 0.000248276890488, 0.000133292312967, 0.000179735710844, 0.000166511017596, 0.000117706149467, 7.07312865416e-005, 7.0544447226e-005, 6.7353284976e-005, 0.000105326951598, 0.000141287004226, 0.000277358514722, 0.000315475859679, 0.000228854813031, 0.000300334242638, 0.000359665922588, 0.000161012416356, 5.93736149312e-005, 1.08591739263e-005, 3.29012323164e-006, 9.88333226815e-007, 1.88646165356e-008, 4.20145862545e-010, 1.01136293784e-010]
        dvar: [3.48843322935e-013, 2.94141155877e-008, 9.28721703986e-008, 1.84049923746e-007, 3.75263948627e-006, 1.2017991935e-007, 3.56997063022e-008, 5.3979878345e-008, 3.69264299138e-008, 1.66402802648e-008, 1.00236512424e-008, 1.07682955885e-008, 7.58075824336e-009, 1.68066858208e-008, 2.63962434133e-008, 8.72504415383e-008, 1.00106717582e-007, 2.90702271144e-008, 5.40411022598e-008, 7.73001005427e-008, 1.69169620534e-008, 2.45908871044e-009, 1.28974816938e-010, 2.74604852746e-011, 2.98444428892e-012, 4.74320662771e-016, 1.63547591624e-019, 6.76701111052e-021]
        dvar2: [8.35935650128e-013, 8.07150470905e-008, 2.5788176572e-007, 4.75794195154e-007, 1.08431568151e-005, 3.21455615904e-007, 9.9898137762e-008, 1.35936204515e-007, 8.99101024743e-008, 3.81390918847e-008, 2.55196006549e-008, 2.71486833014e-008, 1.82736741294e-008, 4.06440534562e-008, 6.18840658717e-008, 2.14383874209e-007, 2.45200254767e-007, 7.64766525663e-008, 1.41722907188e-007, 1.87389346706e-007, 4.54178774589e-008, 6.11940365047e-009, 2.84391288297e-010, 4.77309164415e-011, 5.08208579386e-012, 1.0714631146e-015, 4.57412835865e-019, 2.17023483751e-020]
        max: [4.67983090857e-006, 0.00157761934679, 0.00329839345068, 0.00659527722746, 0.0225332602859, 0.0065418984741, 0.00283574056812, 0.0049507454969, 0.00429603783414, 0.00275543774478, 0.00247997394763, 0.00362492003478, 0.00201388262212, 0.00356185715646, 0.00401967857033, 0.00599415367469, 0.00723618874326, 0.00285270181485, 0.00385087099858, 0.00591647438705, 0.00137812725734, 0.000948289001826, 0.000260340224486, 0.000160566356499, 4.52715030406e-005, 6.46843318464e-007, 9.43107281159e-009, 1.5242933582e-009]
        mean: [2.96295382896e-007, 0.000139300202136, 0.000211708756979, 0.000275636004517, 0.000675966322888, 0.000153050641529, 8.21630019345e-005, 0.000160349722137, 0.00017963135906, 0.000121886492707, 6.89852386131e-005, 6.89568187227e-005, 6.57944838167e-005, 0.000100060962723, 0.000155291796545, 0.000334736192599, 0.000379451405024, 0.000262753310381, 0.000371395755792, 0.000495439686347, 0.000180412418558, 7.31125983293e-005, 1.12142543003e-005, 3.79884431823e-006, 1.20006473026e-006, 2.21483880125e-008, 2.41952929914e-010, 4.09705325222e-011]
        median: [7.60317533377e-008, 8.85343033588e-005, 0.000111128902063, 0.000139778596349, 0.00027932820376, 7.12636829121e-005, 3.46996966982e-005, 6.42937666271e-005, 0.000103007194411, 6.32759547443e-005, 2.74767589872e-005, 3.49267756974e-005, 3.1122162909e-005, 5.04488052684e-005, 8.51268268889e-005, 0.000213268227526, 0.000267047347734, 0.000208153476706, 0.000300475890981, 0.000399498268962, 0.000145899743075, 5.68037612538e-005, 6.79336017129e-006, 1.8665710968e-006, 5.77521461764e-007, 1.19584173675e-008, 1.06323394533e-010, 1.59954931245e-011]
        min: [2.07206370551e-023, 9.82317430194e-023, 8.87300396338e-023, 2.5162958937e-023, 6.66917271879e-023, 5.00749685983e-023, 1.33056815474e-022, 5.21283135811e-023, 8.94376731093e-023, 9.24074567384e-023, 9.31687012011e-023, 1.04355379926e-022, 2.96856310353e-022, 1.24978652613e-022, 1.63670323639e-022, 2.26717892098e-022, 2.48060631173e-022, 1.51485578097e-022, 1.92020305876e-022, 2.91326786682e-022, 3.80160552058e-022, 5.97571753497e-022, 6.13894484695e-022, 1.00978971948e-021, 1.24007641831e-021, 1.41073452233e-021, 2.27881533877e-021, 8.40252580489e-022]
        var: [3.28313819273e-013, 2.80051484225e-008, 9.32361814421e-008, 1.97774042476e-007, 2.43019144364e-006, 1.03154363273e-007, 3.0041373833e-008, 9.65597948266e-008, 7.66290355614e-008, 3.77988094158e-008, 2.14417728017e-008, 1.79800760947e-008, 1.40608591437e-008, 2.91011250653e-008, 5.77573473493e-008, 2.02746889499e-007, 2.04183479013e-007, 4.53045849724e-008, 9.47455305322e-008, 1.68747220641e-007, 2.031725721e-008, 4.34045865916e-009, 2.56381554875e-010, 6.66817503991e-011, 7.48611849594e-012, 1.05017082388e-015, 2.10612953557e-019, 4.9579376264e-021]
    mfcc:
        mean: [-703.400695801, 98.3444061279, -53.3355865479, 66.6667022705, -13.4486427307, 3.10384726524, -3.18115758896, -0.626366257668, 8.18228530884, -0.996182799339, -5.78400945663, -7.31317567825, -6.15812444687]
        cov: [[4203.45068359, 270.195983887, -241.649810791, 269.356414795, -180.855148315, 0.653075456619, -121.5807724, 31.8557453156, -78.255859375, 24.277803421, -78.9995117188, -39.9785270691, -35.6900672913], [270.195983887, 784.39239502, -314.656921387, 235.445663452, -67.7059936523, 49.5196228027, 80.3898010254, -43.4625930786, 67.3936157227, -38.3804359436, 27.4782333374, -17.846496582, -16.3756370544], [-241.649810791, -314.656921387, 411.606567383, -92.5145187378, 79.0995559692, -12.4681100845, -44.69506073, 22.0959568024, -83.6163406372, 5.67854261398, -16.596326828, 11.5936403275, 2.86984992027], [269.356414795, 235.445663452, -92.5145187378, 276.607666016, 27.6024208069, 12.7347192764, 12.2624521255, -12.3585109711, 74.9515762329, -3.96700692177, 3.26383733749, -8.13941574097, 0.829514563084], [-180.855148315, -67.7059936523, 79.0995559692, 27.6024208069, 142.995422363, 11.1306905746, -4.21551609039, 3.20970392227, 18.3987407684, 11.7088050842, -4.73927497864, 6.70783901215, 5.03941679001], [0.653075456619, 49.5196228027, -12.4681100845, 12.7347192764, 11.1306905746, 117.863800049, 71.0977478027, 36.1168785095, -2.74676728249, -9.09078121185, 5.7930932045, -7.36185646057, -16.0232334137], [-121.5807724, 80.3898010254, -44.69506073, 12.2624521255, -4.21551609039, 71.0977478027, 120.474006653, 47.3385696411, 27.5462398529, -7.05309820175, 10.2361345291, 0.552571356297, -9.85758686066], [31.8557453156, -43.4625930786, 22.0959568024, -12.3585109711, 3.20970392227, 36.1168785095, 47.3385696411, 100.951454163, 30.9862327576, 17.0753879547, -2.30969405174, 4.95320892334, 2.28753900528], [-78.255859375, 67.3936157227, -83.6163406372, 74.9515762329, 18.3987407684, -2.74676728249, 27.5462398529, 30.9862327576, 128.37789917, 37.2310791016, 12.5158081055, -3.53524541855, 2.90578961372], [24.277803421, -38.3804359436, 5.67854261398, -3.96700692177, 11.7088050842, -9.09078121185, -7.05309820175, 17.0753879547, 37.2310791016, 84.4949264526, 24.9595527649, 8.53504180908, 8.12030315399], [-78.9995117188, 27.4782333374, -16.596326828, 3.26383733749, -4.73927497864, 5.7930932045, 10.2361345291, -2.30969405174, 12.5158081055, 24.9595527649, 59.7155532837, 24.6138019562, 5.18608188629], [-39.9785270691, -17.846496582, 11.5936403275, -8.13941574097, 6.70783901215, -7.36185646057, 0.552571356297, 4.95320892334, -3.53524541855, 8.53504180908, 24.6138019562, 53.3128128052, 25.8411426544], [-35.6900672913, -16.3756370544, 2.86984992027, 0.829514563084, 5.03941679001, -16.0232334137, -9.85758686066, 2.28753900528, 2.90578961372, 8.12030315399, 5.18608188629, 25.8411426544, 53.999042511]]
        icov: [[0.000369558576494, -6.16849911239e-006, 0.000309288006974, -0.000593450095039, 0.000421844160883, -0.000174960019649, 0.000681336212438, -0.000658307108097, 0.000822326634079, -0.000620062928647, 0.00067769450834, -0.000261335400864, 0.000405014579883], [-6.16849911239e-006, 0.00266571994871, 0.00128647778183, -0.00184652965982, 0.000696938077454, -0.000221215814236, -0.00132954982109, 0.00105549150612, 0.00034740686533, 0.000674982264172, -0.000974446185865, 0.000434194866102, 0.000111816065328], [0.000309288006974, 0.00128647778183, 0.00487454142421, -0.000874957244378, -0.00194932357408, 0.000519828463439, 0.000990857020952, -0.00240740529262, 0.00407466804609, -0.000927159853745, 0.000270501623163, -0.000162417680258, 0.000939871766604], [-0.000593450095039, -0.00184652965982, -0.000874957244378, 0.0071320803836, -0.00201284140348, -0.000778881658334, 0.000459909177152, 0.00173542974517, -0.00485671963543, 0.0019829061348, -0.000531450496055, 0.000394111761125, -0.00122249964625], [0.000421844160883, 0.000696938077454, -0.00194932357408, -0.00201284140348, 0.0101410029456, -0.00279271160252, 0.00104083213955, 0.00164634257089, -0.00230772374198, -0.00130018801428, 0.00280794873834, -0.00250674947165, 0.000219487410504], [-0.000174960019649, -0.000221215814236, 0.000519828463439, -0.000778881658334, -0.00279271160252, 0.0159034729004, -0.00842156540602, -0.00360763375647, 0.00443876627833, 0.000433834939031, -0.00302098388784, 0.00327152293175, 0.00181722792331], [0.000681336212438, -0.00132954982109, 0.000990857020952, 0.000459909177152, 0.00104083213955, -0.00842156540602, 0.0184205584228, -0.00629785982892, -0.00188406882808, 0.00190416560508, -0.000425103557063, -0.00213206978515, 0.00189697078895], [-0.000658307108097, 0.00105549150612, -0.00240740529262, 0.00173542974517, 0.00164634257089, -0.00360763375647, -0.00629785982892, 0.018084783107, -0.00680898362771, -0.00147166301031, 0.00343108619563, -0.00269340001978, -0.00160656182561], [0.000822326634079, 0.00034740686533, 0.00407466804609, -0.00485671963543, -0.00230772374198, 0.00443876627833, -0.00188406882808, -0.00680898362771, 0.0181394405663, -0.00679005077109, -0.000401297933422, 0.00277832662687, 0.000737851078156], [-0.000620062928647, 0.000674982264172, -0.000927159853745, 0.0019829061348, -0.00130018801428, 0.000433834939031, 0.00190416560508, -0.00147166301031, -0.00679005077109, 0.0188774634153, -0.00935569684952, 0.00258649489842, -0.002338913735], [0.00067769450834, -0.000974446185865, 0.000270501623163, -0.000531450496055, 0.00280794873834, -0.00302098388784, -0.000425103557063, 0.00343108619563, -0.000401297933422, -0.00935569684952, 0.0287274122238, -0.0150916446, 0.00465635210276], [-0.000261335400864, 0.000434194866102, -0.000162417680258, 0.000394111761125, -0.00250674947165, 0.00327152293175, -0.00213206978515, -0.00269340001978, 0.00277832662687, 0.00258649489842, -0.0150916446, 0.0334692634642, -0.0142145939171], [0.000405014579883, 0.000111816065328, 0.000939871766604, -0.00122249964625, 0.000219487410504, 0.00181722792331, 0.00189697078895, -0.00160656182561, 0.000737851078156, -0.002338913735, 0.00465635210276, -0.0142145939171, 0.0263895615935]]
    sccoeffs:
        dmean: [0.0636712908745, 0.0475432239473, 0.0379538945854, 0.0309072434902, 0.020197506994, 0.0183870960027]
        dmean2: [0.106326572597, 0.0796559453011, 0.062670506537, 0.0511392168701, 0.0333419032395, 0.0290796197951]
        dvar: [0.003122682916, 0.00147633173037, 0.000905240245629, 0.000618051679339, 0.000258068845142, 0.000340040540323]
        dvar2: [0.00851696357131, 0.00391795532778, 0.00240937271155, 0.00161394232418, 0.000669002474751, 0.00075192906661]
        max: [-0.291750758886, -0.488882273436, -0.526003420353, -0.568770229816, -0.658552765846, -0.472199559212]
        mean: [-0.661162316799, -0.774263381958, -0.790125906467, -0.786573529243, -0.799733698368, -0.706455588341]
        median: [-0.667995870113, -0.780169785023, -0.795394361019, -0.791419148445, -0.802109181881, -0.709425449371]
        min: [-0.965399742126, -0.976698160172, -0.991780877113, -0.985236167908, -0.977404475212, -0.955464601517]
        var: [0.0058835959062, 0.00394452922046, 0.00298256496899, 0.00229762331583, 0.000960420758929, 0.00228171888739]
    scvalleys:
        dmean: [0.39798283577, 0.399556577206, 0.313299328089, 0.255569010973, 0.230658739805, 0.325957000256]
        dmean2: [0.656101465225, 0.669479250908, 0.50182133913, 0.401469349861, 0.345668137074, 0.487054556608]
        dvar: [0.106620177627, 0.155464887619, 0.0728089362383, 0.0516755096614, 0.0505929738283, 0.190168976784]
        dvar2: [0.268238246441, 0.410158187151, 0.166646748781, 0.109017752111, 0.0994995608926, 0.402030855417]
        max: [-5.08114099503, -4.25071144104, -5.38000202179, -5.68570184708, -5.44534158707, -7.70056056976]
        mean: [-6.74606370926, -6.73737096786, -7.08480501175, -7.07392072678, -6.78598356247, -9.91488838196]
        median: [-6.58225679398, -6.65002965927, -6.96704435349, -6.95504713058, -6.6398563385, -9.57611370087]
        min: [-27.3001823425, -27.3025054932, -26.7224178314, -27.0330429077, -27.4013633728, -27.3280315399]
        var: [1.21463000774, 1.10268080235, 1.0411683321, 1.00131094456, 1.00341236591, 1.51413583755]

rhythm:
    beats_loudness:
        dmean: 0.00182926631533
        dmean2: 0.00325715146028
        dvar: 2.18176342059e-006
        dvar2: 6.46047146802e-006
        max: 0.0150886904448
        mean: 0.00556509010494
        median: 0.00561466813087
        min: 1.36504030301e-010
        var: 4.26096539741e-006
    bpm: 108.771430969
    bpm_confidence: 0
    first_peak_bpm: 110
    first_peak_spread: 0.396039605141
    first_peak_weight: 0.488977968693
    onset_rate: 3.97731995583
    second_peak_bpm: 105
    second_peak_spread: 0.0833333432674
    second_peak_weight: 0.154308617115
    beats_loudness_band_ratio:
        dmean: [0.151383861899, 0.125177174807, 0.0809450745583, 0.0499094389379, 0.0939263626933, 0.104421444237]
        dmean2: [0.284816503525, 0.234575659037, 0.14377745986, 0.0892987400293, 0.160048693419, 0.182022690773]
        dvar: [0.0204462315887, 0.0103045562282, 0.00741658359766, 0.00475527066737, 0.00667385337874, 0.00674738967791]
        dvar2: [0.0679613128304, 0.0305458921939, 0.0216163769364, 0.0137130217627, 0.0185675732791, 0.0203587878495]
        max: [0.799398779869, 0.647764265537, 0.60512727499, 0.719687819481, 0.743668317795, 0.598028600216]
        mean: [0.202560290694, 0.158955708146, 0.116787694395, 0.0746563971043, 0.266587883234, 0.241560101509]
        median: [0.141069680452, 0.135295599699, 0.0914153456688, 0.0584070645273, 0.26014187932, 0.23179551959]
        min: [0.00399968074635, 0.00258798105642, 0.0138705754653, 0.00846576876938, 0.0447029583156, 0.0215012859553]
        var: [0.023811398074, 0.0140458997339, 0.00814541615546, 0.00408808141947, 0.010317013599, 0.00966062676162]
    beats_position: [0.53405892849, 1.06811785698, 1.62539684772, 2.18267560005, 2.73995471001, 3.29723358154, 3.85451245308, 4.41179132462, 4.95746040344, 5.50312900543, 6.06040811539, 6.6176867485, 7.17496585846, 7.73224496841, 8.28952407837, 8.84680271149, 9.4040813446, 9.96135997772, 10.5070295334, 11.0526981354, 11.6099767685, 12.1672563553, 12.7245349884, 13.2818136215, 13.8390922546, 14.3963718414, 14.9420404434, 15.4993190765, 16.0565986633, 16.6254863739, 17.1827659607, 17.7400455475, 18.2973232269, 18.8429927826, 19.3886623383, 19.9343299866, 20.4799995422, 21.0140590668, 21.5597267151, 22.1053962708, 22.6626758575, 23.1967334747, 23.7540130615, 24.2880725861, 24.8337402344, 25.37940979, 25.9250793457, 26.470746994, 27.0164165497, 27.5620861053, 28.1077537537, 28.6534233093, 29.2107028961, 29.7447605133, 30.3020401001, 30.8360996246, 31.3817672729, 31.9274368286, 32.4731063843, 33.0187759399, 33.5644454956, 34.1101112366, 34.6557807922, 35.2014503479, 35.7587280273, 36.304397583, 36.8616790771, 37.4073448181, 37.9646263123, 38.5219039917, 39.0791816711, 39.6364631653, 40.1937408447, 40.7510185242, 41.3083000183, 41.8655776978, 42.4228553772, 42.9685249329, 43.5258026123, 44.0830841064, 44.6403617859, 45.1860313416, 45.7549209595, 46.3121986389, 46.8578681946, 47.415145874, 47.9724235535, 48.5297050476, 49.0869827271, 49.6326522827, 50.1783218384, 50.7355995178, 51.2928771973, 51.8501586914, 52.4074363708, 52.9647140503, 53.5219955444, 54.0792732239, 54.6133308411, 55.1590003967, 55.7046699524, 56.2503395081, 56.7960090637, 57.3416786194, 57.8873443604, 58.433013916, 58.9786834717, 59.5243530273, 60.070022583, 60.6156921387, 61.1613578796, 61.7070274353, 62.252696991, 62.7983665466, 63.3440361023, 63.889705658, 64.4353713989, 64.9810409546, 65.5267105103, 66.0723800659, 66.6180496216, 67.1637191772, 67.7093887329, 68.2434463501, 68.7891159058, 69.3347854614, 69.8804550171, 70.4261245728, 70.971786499, 71.5174560547, 72.0631256104, 72.608795166, 73.1544647217, 73.7001342773, 74.2574157715, 74.7914733887, 75.3371429443, 75.8828125, 76.4284820557, 76.9741516113, 77.5314254761, 78.0654830933, 78.6111526489, 79.1568222046, 79.7024917603, 80.2481613159, 80.7938308716, 81.3395004272, 81.8851699829, 82.4308395386, 82.9765090942, 83.5221786499, 84.0678405762, 84.6135101318, 85.1591796875, 85.7048492432, 86.2505187988, 86.7961883545, 87.3418579102, 87.8875274658, 88.4331970215, 88.9788665771, 89.5245361328, 90.0702056885, 90.6158676147, 91.1615371704, 91.7072067261, 92.2528762817, 92.7985458374, 93.3442153931, 93.8898849487, 94.4355545044, 94.9812240601, 95.5268936157, 96.0725631714, 96.6182327271, 97.1638946533, 97.709564209, 98.2552337646, 98.8009033203, 99.346572876, 99.8922424316, 100.437911987, 100.983581543, 101.529251099, 102.074920654, 102.62059021, 103.166259766, 103.711929321, 104.257591248, 104.791656494, 105.33732605, 105.882987976, 106.428657532, 106.974327087, 107.531608582, 108.077278137, 108.622947693, 109.168617249, 109.714286804, 110.25995636, 110.805618286, 111.351287842, 111.896957397, 112.431015015, 112.97668457, 113.522354126, 114.07963562, 114.625305176, 115.170974731, 115.728248596, 116.28553009, 116.842811584, 117.38848114, 117.945755005, 118.491424561, 119.048706055, 119.605987549, 120.163261414, 120.720542908, 121.277824402, 121.835098267, 122.392379761, 122.949661255, 123.50693512, 124.064216614, 124.621498108, 125.178771973, 125.736053467, 126.293327332, 126.850608826, 127.396278381, 127.941947937, 128.499221802, 129.056503296, 129.61378479, 130.171066284, 130.728347778, 131.285614014, 131.842895508, 132.400177002, 132.945846558, 133.491516113, 134.037185669, 134.582855225, 135.116912842, 135.662582397, 136.208251953, 136.765533447, 137.299591064, 137.84526062, 138.390930176, 138.936599731, 139.482269287, 140.027938843, 140.573608398, 141.119277954, 141.66494751, 142.210617065, 142.756271362, 143.301940918, 143.847610474, 144.404891968, 144.938949585, 145.484619141, 146.030288696, 146.575958252, 147.121627808, 147.667297363, 148.212966919, 148.758636475, 149.30430603, 149.849975586, 150.395645142, 150.941314697, 151.486984253, 152.032653809, 152.578323364, 153.12399292, 153.669662476, 154.215332031, 154.761001587, 155.306671143, 155.852325439, 156.397994995, 156.943664551, 157.477722168, 158.023391724, 158.569061279, 159.126342773, 159.672012329, 160.217681885, 160.76335144, 161.309020996, 161.854690552, 162.400360107, 162.946029663, 163.491699219, 164.037368774, 164.58303833, 165.128707886, 165.674377441, 166.208435059, 166.765716553, 167.311386108, 167.857055664, 168.40272522, 168.948379517, 169.494049072, 170.028121948, 170.573776245, 171.131057739, 171.676727295, 172.222396851, 172.756454468, 173.290512085, 173.836181641, 174.393463135, 174.93913269, 175.496414185, 176.053695679, 176.610977173, 177.168243408, 177.725524902, 178.282806396, 178.851699829, 179.420593262, 179.989471436, 180.558364868, 181.127258301, 181.696136475, 182.253417969, 182.810699463, 183.379592896, 183.948471069, 184.517364502, 185.074645996, 185.643539429, 186.212417603, 186.781311035, 187.350204468, 187.919082642, 188.476364136, 189.045257568, 189.614151001, 190.183029175, 190.751922607, 191.309204102, 191.866485596, 192.43536377, 193.004257202, 193.573150635, 194.142044067, 194.710922241, 195.279815674, 195.837097168, 196.405975342, 196.974868774, 197.532150269, 198.101043701, 198.669921875, 199.238815308, 199.80770874, 200.388198853, 200.980316162, 201.572418213, 202.176147461, 202.756637573, 203.325531006, 203.894424438, 204.463302612, 205.032196045, 205.601089478, 206.169967651, 206.727249146, 207.296142578, 207.865036011, 208.433914185, 209.002807617, 209.560089111, 210.128982544, 210.697860718, 211.255142212, 211.824035645, 212.392913818, 212.961807251, 213.530700684, 214.087982178, 214.656860352, 215.225753784, 215.783035278, 216.351928711, 216.909194946, 217.478088379, 218.035369873, 218.592651367, 219.126708984, 219.660766602, 220.206436157, 220.752105713, 221.320999146, 221.889877319, 222.447158813, 223.004440308, 223.57333374, 224.142211914, 224.711105347, 225.279998779, 225.837280273, 226.406158447, 226.97505188, 227.532333374, 228.101226807, 228.67010498, 229.238998413, 229.807891846, 230.37677002, 230.945663452, 231.502944946, 232.06022644, 232.629104614, 233.197998047, 233.766891479, 234.335784912, 234.904663086, 235.473556519, 236.030838013, 236.588119507, 237.156997681, 237.725891113, 238.306396484, 238.886886597, 239.432556152, 239.978225708, 240.523895264, 241.069564819, 241.615234375, 242.277008057, 242.938766479, 243.600540161, 244.169433594, 244.749923706, 245.318817139, 245.887710571, 246.444976807, 247.002258301, 247.559539795, 248.105209351, 248.650878906, 249.196548462, 249.742218018, 250.287887573, 250.82194519, 251.379226685, 251.92489624, 252.470565796, 253.016235352, 253.561904907, 254.107574463, 254.653244019, 255.210510254, 255.75617981, 256.301849365, 256.835906982, 257.381591797, 257.927246094, 258.461303711, 259.018585205, 259.56427002, 260.109924316, 260.655609131, 261.201263428, 261.735321045, 262.292602539, 262.838256836, 263.38394165, 263.917999268, 264.475280762, 265.020935059, 265.566619873, 266.10067749, 266.646331787, 267.192016602, 267.737670898, 268.283355713, 268.82901001, 269.374694824, 269.920349121, 270.466033936, 271.02331543, 271.568969727, 272.103027344, 272.625488281, 273.171142578, 273.670379639, 274.169616699, 274.668823242, 275.168060303, 275.667297363, 276.166534424]
