
metadata:
    version:
        essentia: "2.1-beta2"
    audio_properties:
        analysis_sample_rate: 44100
        bitrate: 320
        channels: 2
        equal_loudness: 1
        length: 229.825302124
        replay_gain: -14.2751750946
        downmix: "mix"
    tags:
        album: "Greatest Hits - Hymns To The Rising Sun"
        artist: "Amon Amarth"
        comment: ""
        date: "2010"
        genre: "Melodic Death Metal"
        title: "Cry Of The Black Birds"
        tracknumber: "06"

configuration:
    average_loudness:
        compute: 1
        frameSize: 88200
        hopSize: 44100
        silentFrames: "noise"
        windowType: "hann"
    general:
        analysisSampleRate: 44100
        endTime: 2000
        equalLoudness: 1
        nequalLoudness: 0
        shortSound: 0
        startTime: 0
    lowlevel:
        compute: 1
        frameSize: 2048
        hopSize: 1024
        zeroPadding: 0
        silentFrames: "noise"
        windowType: "blackmanharris62"
        mfccStats: ["mean", "cov", "icov"]
        stats: ["mean", "var", "median", "min", "max", "dmean", "dmean2", "dvar", "dvar2"]
    panning:
        compute: 0
        frameSize: 8192
        hopSize: 2048
        zeroPadding: 8192
        silentFrames: "noise"
        windowType: "hann"
        stats: ["copy"]
    rhythm:
        compute: 1
        maxTempo: 208
        minTempo: 40
        method: "degara"
        stats: ["mean", "var", "median", "min", "max", "dmean", "dmean2", "dvar", "dvar2"]
    segmentation:
        compute: 0
        cpw: 5
        inc1: 300
        inc2: 50
        minimumSegmentsLength: 10
        size1: 1000
        size2: 600
    sfx:
        compute: 1
        stats: ["mean", "var", "median", "min", "max", "dmean", "dmean2", "dvar", "dvar2"]
    svm:
        compute: 0
    tonal:
        compute: 1
        frameSize: 4096
        hopSize: 2048
        zeroPadding: 0
        silentFrames: "noise"
        windowType: "blackmanharris62"
        stats: ["mean", "var", "median", "min", "max", "dmean", "dmean2", "dvar", "dvar2"]

lowlevel:
    average_loudness: 0.972120404243
    barkbands_kurtosis:
        dmean: 0.473424375057
        dmean2: 0.770726084709
        dvar: 0.588357627392
        dvar2: 1.3882086277
        max: 75.6520385742
        mean: -0.860643446445
        median: -1.17575383186
        min: -1.91149389744
        var: 5.07048988342
    barkbands_skewness:
        dmean: 0.295851200819
        dmean2: 0.473332345486
        dvar: 0.0657932758331
        dvar2: 0.165373682976
        max: 7.88356971741
        mean: -0.390417456627
        median: -0.439128220081
        min: -2.47551321983
        var: 0.401267707348
    barkbands_spread:
        dmean: 5.80535745621
        dmean2: 9.45772361755
        dvar: 25.3535194397
        dvar2: 68.7689056396
        max: 66.6837692261
        mean: 35.8964424133
        median: 36.2570075989
        min: 2.72875881195
        var: 64.8609466553
    dissonance:
        dmean: 0.00768185546622
        dmean2: 0.0132004264742
        dvar: 5.22983136761e-005
        dvar2: 0.000146237871377
        max: 0.500000119209
        mean: 0.48696821928
        median: 0.488883823156
        min: 0.417887955904
        var: 8.0571808212e-005
    hfc:
        dmean: 2.63283491135
        dmean2: 4.46553039551
        dvar: 7.22212505341
        dvar2: 19.7722816467
        max: 33.5387382507
        mean: 12.5743160248
        median: 12.8481197357
        min: 1.15770835339e-016
        var: 23.1927986145
    pitch:
        dmean: 999.408752441
        dmean2: 1923.89880371
        dvar: 1820328.375
        dvar2: 4244795
        max: 4419.67138672
        mean: 1877.50720215
        median: 1361.74255371
        min: 65.6352233887
        var: 2421143.75
    pitch_instantaneous_confidence:
        dmean: 0.0789328739047
        dmean2: 0.130227729678
        dvar: 0.00414964836091
        dvar2: 0.010572639294
        max: 0.835329353809
        mean: 0.349517613649
        median: 0.337091267109
        min: 0.123888075352
        var: 0.0122755467892
    pitch_salience:
        dmean: 0.0443770997226
        dmean2: 0.0735836476088
        dvar: 0.00136417162139
        dvar2: 0.00363668543287
        max: 0.982038199902
        mean: 0.703996181488
        median: 0.716462492943
        min: 0.14095813036
        var: 0.00495726428926
    silence_rate_20dB:
        dmean: 0
        dmean2: 0
        dvar: 0
        dvar2: 0
        max: 1
        mean: 1
        median: 1
        min: 1
        var: 0
    silence_rate_30dB:
        dmean: 0
        dmean2: 0
        dvar: 0
        dvar2: 0
        max: 1
        mean: 1
        median: 1
        min: 1
        var: 0
    silence_rate_60dB:
        dmean: 0.0171751864254
        dmean2: 0.0343538448215
        dvar: 0.0168788805604
        dvar2: 0.0384304486215
        max: 1
        mean: 0.0691989064217
        median: 0
        min: 0
        var: 0.0644128918648
    spectral_centroid:
        dmean: 217.637451172
        dmean2: 352.275878906
        dvar: 39569.1171875
        dvar2: 93436.9921875
        max: 11051.6591797
        mean: 2012.60571289
        median: 2036.88903809
        min: 190.406845093
        var: 176932.03125
    spectral_complexity:
        dmean: 4.14992904663
        dmean2: 6.79417991638
        dvar: 13.4802045822
        dvar2: 35.3516769409
        max: 52
        mean: 25.4079208374
        median: 26
        min: 0
        var: 75.6303253174
    spectral_crest:
        dmean: 1.45324087143
        dmean2: 2.42732596397
        dvar: 1.53613829613
        dvar2: 4.17462301254
        max: 21.2110157013
        mean: 5.88209533691
        median: 5.52669715881
        min: 2.27323436737
        var: 3.91610264778
    spectral_decrease:
        dmean: 2.71683564534e-010
        dmean2: 4.48432985189e-010
        dvar: 9.3742104074e-020
        dvar2: 2.49611727704e-019
        max: -8.34326995457e-029
        mean: -1.33839461736e-009
        median: -1.32877209236e-009
        min: -3.55749540937e-009
        var: 2.34840815204e-019
    spectral_energy:
        dmean: 0.00122040277347
        dmean2: 0.00202827807516
        dvar: 1.84986731711e-006
        dvar2: 4.94239520776e-006
        max: 0.0158362388611
        mean: 0.00619194144383
        median: 0.00621019024402
        min: 1.08156538888e-020
        var: 4.87346687805e-006
    spectral_energyband_high:
        dmean: 0.000209864214412
        dmean2: 0.000364622683264
        dvar: 5.97080429543e-008
        dvar2: 1.62686859539e-007
        max: 0.00289153540507
        mean: 0.000564658490475
        median: 0.000523557246197
        min: 8.0315586252e-021
        var: 1.0231134695e-007
    spectral_energyband_low:
        dmean: 0.000349751877366
        dmean2: 0.000591400195844
        dvar: 1.45687877762e-007
        dvar2: 3.91857952309e-007
        max: 0.00513195013627
        mean: 0.000536373234354
        median: 0.000412645546021
        min: 5.55042659131e-023
        var: 1.90008378809e-007
    spectral_energyband_middle_high:
        dmean: 0.000739035021979
        dmean2: 0.00123448076192
        dvar: 5.04746424212e-007
        dvar2: 1.35451205097e-006
        max: 0.00993021950126
        mean: 0.00366220460273
        median: 0.00367703312077
        min: 1.69465578576e-021
        var: 2.21635514208e-006
    spectral_energyband_middle_low:
        dmean: 0.000588904309552
        dmean2: 0.00096643215511
        dvar: 5.43436669886e-007
        dvar2: 1.44552677739e-006
        max: 0.00928236171603
        mean: 0.00163140660152
        median: 0.00145687407348
        min: 1.80715954348e-022
        var: 8.6349217554e-007
    spectral_flatness_db:
        dmean: 0.0111237717792
        dmean2: 0.017708549276
        dvar: 9.7036936495e-005
        dvar2: 0.000240162291448
        max: 0.36412152648
        mean: 0.12503528595
        median: 0.1208800897
        min: 0.0546590127051
        var: 0.000573564902879
    spectral_flux:
        dmean: 0.00609538331628
        dmean2: 0.00947555247694
        dvar: 3.52170209226e-005
        dvar2: 7.18738156138e-005
        max: 0.0917282029986
        mean: 0.0473460368812
        median: 0.0489108487964
        min: 1.03998337719e-010
        var: 0.000184645934496
    spectral_kurtosis:
        dmean: 0.886428654194
        dmean2: 1.5246297121
        dvar: 0.74926930666
        dvar2: 2.18634557724
        max: 28.0639381409
        mean: 3.43877649307
        median: 3.27557134628
        min: -1.19915044308
        var: 2.19236326218
    spectral_rms:
        dmean: 0.000230934892897
        dmean2: 0.00037845823681
        dvar: 5.42539275727e-008
        dvar2: 1.41593289982e-007
        max: 0.00393064739183
        mean: 0.00239760824479
        median: 0.00246144714765
        min: 3.24836229963e-012
        var: 2.92384299883e-007
    spectral_rolloff:
        dmean: 188.364028931
        dmean2: 319.966003418
        dvar: 58535.84375
        dvar2: 119442.625
        max: 18324.7558594
        mean: 3556.36157227
        median: 3574.51171875
        min: 107.666015625
        var: 228707.71875
    spectral_skewness:
        dmean: 0.143814086914
        dmean2: 0.235688954592
        dvar: 0.0152405761182
        dvar2: 0.0389226488769
        max: 3.35086274147
        mean: 1.24556231499
        median: 1.24216020107
        min: -0.0225251745433
        var: 0.0830626860261
    spectral_spread:
        dmean: 467107.875
        dmean2: 734076.25
        dvar: 283001815040
        dvar2: 592034332672
        max: 41151008
        mean: 4405483.5
        median: 4260521
        min: 1782029.25
        var: 2.79069012787e+012
    spectral_strongpeak:
        dmean: 0.686272382736
        dmean2: 1.22420704365
        dvar: 0.881930530071
        dvar2: 2.23193383217
        max: 7.20617055893
        mean: 0.701039731503
        median: 0.229453131557
        min: 2.74395284272e-010
        var: 1.01415026188
    zerocrossingrate:
        dmean: 0.00593495042995
        dmean2: 0.00752452388406
        dvar: 3.3343447285e-005
        dvar2: 4.4822369091e-005
        max: 0.49462890625
        mean: 0.111721307039
        median: 0.11328125
        min: 0.01220703125
        var: 0.000313887314405
    barkbands:
        dmean: [7.46839475596e-007, 0.000154512948939, 0.000178356203833, 0.000193944608327, 0.000335709977662, 0.000147235885379, 8.86720808921e-005, 6.91277818987e-005, 0.000126156024635, 0.000121493991173, 0.000111753877718, 0.000108257459942, 8.01426940598e-005, 8.66219197633e-005, 9.71357148956e-005, 0.000134430316393, 0.000222937465878, 0.000159418472322, 0.000389883003663, 0.000191189246834, 0.0001048775448, 4.03849771828e-005, 6.87101510266e-006, 2.79029654848e-006, 1.39860878789e-006, 5.44297371619e-008, 5.98927407669e-010]
        dmean2: [1.09775953661e-006, 0.00028013609699, 0.000302917440422, 0.000325360277202, 0.00055908219656, 0.000242602356593, 0.000149190032971, 0.000117427458463, 0.000205309857847, 0.000202134702704, 0.000183302676305, 0.000178062298801, 0.000130640590214, 0.000144554360304, 0.000162690368597, 0.000226444681175, 0.000375663978048, 0.000270619086223, 0.000654707138892, 0.00032874266617, 0.000181628711289, 6.99071242707e-005, 1.23558120322e-005, 4.74849593957e-006, 2.27554687626e-006, 8.69421228344e-008, 9.93717663711e-010]
        dvar: [5.96677980462e-013, 3.97628525661e-008, 5.28191534954e-008, 4.68253595898e-008, 2.40322577838e-007, 3.48322402033e-008, 1.70800031896e-008, 1.67325300282e-008, 3.36660406219e-008, 4.57648319241e-008, 4.63102090009e-008, 2.65758934859e-008, 1.95673237613e-008, 1.90382856147e-008, 1.63576352463e-008, 1.99551219993e-008, 4.64503280284e-008, 2.47784779361e-008, 1.32531752683e-007, 4.53417428048e-008, 1.44049954187e-008, 1.99583749527e-009, 9.16917930471e-011, 1.85108612466e-011, 5.09849020641e-012, 8.63823003741e-015, 5.67620693815e-019]
        dvar2: [1.28071555097e-012, 1.05788018345e-007, 1.41980848412e-007, 1.25056160982e-007, 6.47478543669e-007, 9.17930194078e-008, 4.56010873506e-008, 4.6178296742e-008, 8.78219310607e-008, 1.25590247535e-007, 1.19153405365e-007, 7.05341847151e-008, 5.09088771139e-008, 5.07082695833e-008, 4.4018474199e-008, 5.50860796977e-008, 1.28840724756e-007, 7.11058021352e-008, 3.63060252084e-007, 1.28279950218e-007, 3.9447662914e-008, 5.4899897961e-009, 2.47875830972e-010, 4.35939964682e-011, 1.06092426511e-011, 1.88839608962e-014, 1.39587307395e-018]
        max: [7.62006038713e-006, 0.0013359664008, 0.00370141072199, 0.00502501893789, 0.00701887067407, 0.00242168921977, 0.00191886536777, 0.0031659938395, 0.00307782134041, 0.00432472256944, 0.00376251689158, 0.00363253988326, 0.00272359070368, 0.00223204935901, 0.00276956404559, 0.00272712064907, 0.00310941482894, 0.00210653943941, 0.0049920831807, 0.00243619689718, 0.00177116587292, 0.000744664110243, 0.000116905808682, 8.28342454042e-005, 4.62592142867e-005, 2.43194836003e-006, 1.40128033621e-008]
        mean: [1.23226936921e-006, 0.000138365896419, 0.000245904404437, 0.000303140375763, 0.000533707265276, 0.00025948358234, 0.000139972340548, 0.000100590783404, 0.000218697445234, 0.000203843621421, 0.000188523714314, 0.000188795718714, 0.000140501215355, 0.000162115655257, 0.000205551812542, 0.000302778818877, 0.000528664968442, 0.000401447789045, 0.00111555622425, 0.000448252743809, 0.000250862358371, 9.63622806012e-005, 9.97843289952e-006, 5.00514897794e-006, 2.51494179793e-006, 9.12332751568e-008, 9.69932911765e-010]
        median: [1.01744740277e-006, 6.59695069771e-005, 0.000160772484378, 0.000193696003407, 0.000382864614949, 0.000185586148291, 9.03514155652e-005, 5.83543733228e-005, 0.000127105755382, 0.000109244632768, 9.52334157773e-005, 0.000120940887427, 8.5128180217e-005, 0.000110351007606, 0.000163129516295, 0.00027185716317, 0.000485424126964, 0.0003737420775, 0.00107044260949, 0.000401360128308, 0.000231322381296, 8.75783443917e-005, 6.74317698213e-006, 3.38855193149e-006, 1.69708982867e-006, 4.95078467111e-008, 5.81910297726e-010]
        min: [5.54149037498e-023, 1.28595608262e-023, 1.46659639467e-023, 8.73730032393e-024, 1.10489215226e-023, 4.69566992587e-023, 1.58373876811e-023, 1.90815513326e-023, 6.43843405946e-023, 7.31682436653e-023, 7.74237506631e-023, 1.33344377362e-022, 1.20675422685e-022, 5.68707055296e-023, 1.78044114016e-022, 2.04662855801e-022, 1.28544291282e-022, 1.98202526749e-022, 3.75012054516e-022, 3.47854161013e-022, 6.74862249776e-022, 6.6030823308e-022, 5.34113257926e-022, 9.00054598479e-022, 1.37784046147e-021, 1.46341821293e-021, 2.46379744027e-021]
        var: [1.1790388544e-012, 3.02129592455e-008, 7.26976168153e-008, 1.17237171082e-007, 2.74891164054e-007, 6.10849326677e-008, 2.56185277436e-008, 1.95300611239e-008, 7.09379648356e-008, 7.89868934703e-008, 9.3615511787e-008, 4.99120780262e-008, 3.36669145895e-008, 3.72602890764e-008, 3.40759065409e-008, 3.7375428974e-008, 9.32447647983e-008, 4.90038125633e-008, 3.05650189603e-007, 7.23811410808e-008, 2.22632010605e-008, 3.43710504502e-009, 1.08609392313e-010, 3.74313566254e-011, 1.23758156501e-011, 1.83583464592e-014, 1.27806466694e-018]
    frequency_bands:
        dmean: [7.46839475596e-007, 0.000154512948939, 0.000178356203833, 0.000193944608327, 0.000335709977662, 0.000147235885379, 8.86720808921e-005, 6.91277818987e-005, 0.000126156024635, 0.000121493991173, 0.000111753877718, 0.000108257459942, 8.01426940598e-005, 8.66219197633e-005, 9.71357148956e-005, 0.000134430316393, 0.000222937465878, 0.000159418472322, 0.000389883003663, 0.000191189246834, 0.0001048775448, 4.03849771828e-005, 6.87101510266e-006, 2.79029654848e-006, 1.39860878789e-006, 5.44297371619e-008, 5.98927407669e-010, 7.14293346693e-011]
        dmean2: [1.09775953661e-006, 0.00028013609699, 0.000302917440422, 0.000325360277202, 0.00055908219656, 0.000242602356593, 0.000149190032971, 0.000117427458463, 0.000205309857847, 0.000202134702704, 0.000183302676305, 0.000178062298801, 0.000130640590214, 0.000144554360304, 0.000162690368597, 0.000226444681175, 0.000375663978048, 0.000270619086223, 0.000654707138892, 0.00032874266617, 0.000181628711289, 6.99071242707e-005, 1.23558120322e-005, 4.74849593957e-006, 2.27554687626e-006, 8.69421228344e-008, 9.93717663711e-010, 1.32798064212e-010]
        dvar: [5.96677980462e-013, 3.97628525661e-008, 5.28191534954e-008, 4.68253595898e-008, 2.40322577838e-007, 3.48322402033e-008, 1.70800031896e-008, 1.67325300282e-008, 3.36660406219e-008, 4.57648319241e-008, 4.63102090009e-008, 2.65758934859e-008, 1.95673237613e-008, 1.90382856147e-008, 1.63576352463e-008, 1.99551219993e-008, 4.64503280284e-008, 2.47784779361e-008, 1.32531752683e-007, 4.53417428048e-008, 1.44049954187e-008, 1.99583749527e-009, 9.16917930471e-011, 1.85108612466e-011, 5.09849020641e-012, 8.63823003741e-015, 5.67620693815e-019, 8.32847122866e-021]
        dvar2: [1.28071555097e-012, 1.05788018345e-007, 1.41980848412e-007, 1.25056160982e-007, 6.47478543669e-007, 9.17930194078e-008, 4.56010873506e-008, 4.6178296742e-008, 8.78219310607e-008, 1.25590247535e-007, 1.19153405365e-007, 7.05341847151e-008, 5.09088771139e-008, 5.07082695833e-008, 4.4018474199e-008, 5.50860796977e-008, 1.28840724756e-007, 7.11058021352e-008, 3.63060252084e-007, 1.28279950218e-007, 3.9447662914e-008, 5.4899897961e-009, 2.47875830972e-010, 4.35939964682e-011, 1.06092426511e-011, 1.88839608962e-014, 1.39587307395e-018, 2.61793551962e-020]
        max: [7.62006038713e-006, 0.0013359664008, 0.00370141072199, 0.00502501893789, 0.00701887067407, 0.00242168921977, 0.00191886536777, 0.0031659938395, 0.00307782134041, 0.00432472256944, 0.00376251689158, 0.00363253988326, 0.00272359070368, 0.00223204935901, 0.00276956404559, 0.00272712064907, 0.00310941482894, 0.00210653943941, 0.0049920831807, 0.00243619689718, 0.00177116587292, 0.000744664110243, 0.000116905808682, 8.28342454042e-005, 4.62592142867e-005, 2.43194836003e-006, 1.40128033621e-008, 8.8822565969e-010]
        mean: [1.23226936921e-006, 0.000138365896419, 0.000245904404437, 0.000303140375763, 0.000533707265276, 0.00025948358234, 0.000139972340548, 0.000100590783404, 0.000218697445234, 0.000203843621421, 0.000188523714314, 0.000188795718714, 0.000140501215355, 0.000162115655257, 0.000205551812542, 0.000302778818877, 0.000528664968442, 0.000401447789045, 0.00111555622425, 0.000448252743809, 0.000250862358371, 9.63622806012e-005, 9.97843289952e-006, 5.00514897794e-006, 2.51494179793e-006, 9.12332751568e-008, 9.69932911765e-010, 5.56663812268e-011]
        median: [1.01744740277e-006, 6.59695069771e-005, 0.000160772484378, 0.000193696003407, 0.000382864614949, 0.000185586148291, 9.03514155652e-005, 5.83543733228e-005, 0.000127105755382, 0.000109244632768, 9.52334157773e-005, 0.000120940887427, 8.5128180217e-005, 0.000110351007606, 0.000163129516295, 0.00027185716317, 0.000485424126964, 0.0003737420775, 0.00107044260949, 0.000401360128308, 0.000231322381296, 8.75783443917e-005, 6.74317698213e-006, 3.38855193149e-006, 1.69708982867e-006, 4.95078467111e-008, 5.81910297726e-010, 2.33078625844e-011]
        min: [5.54149037498e-023, 1.28595608262e-023, 1.46659639467e-023, 8.73730032393e-024, 1.10489215226e-023, 4.69566992587e-023, 1.58373876811e-023, 1.90815513326e-023, 6.43843405946e-023, 7.31682436653e-023, 7.74237506631e-023, 1.33344377362e-022, 1.20675422685e-022, 5.68707055296e-023, 1.78044114016e-022, 2.04662855801e-022, 1.28544291282e-022, 1.98202526749e-022, 3.75012054516e-022, 3.47854161013e-022, 6.74862249776e-022, 6.6030823308e-022, 5.34113257926e-022, 9.00054598479e-022, 1.37784046147e-021, 1.46341821293e-021, 2.46379744027e-021, 5.98469414098e-022]
        var: [1.1790388544e-012, 3.02129592455e-008, 7.26976168153e-008, 1.17237171082e-007, 2.74891164054e-007, 6.10849326677e-008, 2.56185277436e-008, 1.95300611239e-008, 7.09379648356e-008, 7.89868934703e-008, 9.3615511787e-008, 4.99120780262e-008, 3.36669145895e-008, 3.72602890764e-008, 3.40759065409e-008, 3.7375428974e-008, 9.32447647983e-008, 4.90038125633e-008, 3.05650189603e-007, 7.23811410808e-008, 2.22632010605e-008, 3.43710504502e-009, 1.08609392313e-010, 3.74313566254e-011, 1.23758156501e-011, 1.83583464592e-014, 1.27806466694e-018, 6.70819041025e-021]
    mfcc:
        mean: [-674.828796387, 97.4753189087, -56.0110168457, 58.3091773987, -12.2247524261, -0.547675788403, 4.75849056244, -2.11407828331, 0.495084673166, -9.20431137085, -5.25518465042, -8.05323123932, -6.00930547714]
        cov: [[5315.62011719, 576.632446289, -616.505310059, 255.798294067, -227.841461182, -88.0508346558, -46.6620140076, -39.5338439941, -17.1399459839, -66.7318725586, -57.1815376282, -57.9940834045, -31.9522781372], [576.632446289, 424.156707764, -202.515365601, 145.452636719, -67.7323455811, -6.94358634949, 3.20180225372, -9.48783111572, 10.0200328827, -42.2833595276, -0.211185470223, -14.291560173, -12.4062662125], [-616.505310059, -202.515365601, 306.202728271, -62.007938385, 66.0168914795, 15.2739286423, 5.97393321991, 13.9178352356, -3.44153857231, 37.0572624207, -3.09169745445, 12.9034032822, 12.3537034988], [255.798294067, 145.452636719, -62.007938385, 243.847717285, 27.2823390961, 24.8232154846, -13.7821245193, -12.669380188, 1.52332806587, -22.018032074, -5.64109897614, -14.9092102051, -2.69349145889], [-227.841461182, -67.7323455811, 66.0168914795, 27.2823390961, 107.817070007, 33.8210830688, 8.53257465363, -18.098777771, -5.42455148697, 6.52899551392, 10.7520084381, 6.26556110382, 5.30798864365], [-88.0508346558, -6.94358634949, 15.2739286423, 24.8232154846, 33.8210830688, 72.2521133423, 25.6875209808, 11.0328464508, -5.75541687012, 6.97137832642, 2.92138266563, 6.17683744431, 5.05102348328], [-46.6620140076, 3.20180225372, 5.97393321991, -13.7821245193, 8.53257465363, 25.6875209808, 69.02293396, 35.6070518494, 14.1954450607, -4.8672580719, 1.23135983944, 4.0352897644, 2.98704075813], [-39.5338439941, -9.48783111572, 13.9178352356, -12.669380188, -18.098777771, 11.0328464508, 35.6070518494, 69.4037094116, 28.2765331268, 8.82507419586, -3.90836048126, 2.84640860558, 3.38274312019], [-17.1399459839, 10.0200328827, -3.44153857231, 1.52332806587, -5.42455148697, -5.75541687012, 14.1954450607, 28.2765331268, 54.9246177673, 23.9250240326, 11.0513000488, -0.493517041206, -1.08518385887], [-66.7318725586, -42.2833595276, 37.0572624207, -22.018032074, 6.52899551392, 6.97137832642, -4.8672580719, 8.82507419586, 23.9250240326, 60.4074058533, 24.8540401459, 7.55168819427, -1.94736433029], [-57.1815376282, -0.211185470223, -3.09169745445, -5.64109897614, 10.7520084381, 2.92138266563, 1.23135983944, -3.90836048126, 11.0513000488, 24.8540401459, 48.2505912781, 21.5906124115, 6.05666780472], [-57.9940834045, -14.291560173, 12.9034032822, -14.9092102051, 6.26556110382, 6.17683744431, 4.0352897644, 2.84640860558, -0.493517041206, 7.55168819427, 21.5906124115, 43.9157981873, 21.469707489], [-31.9522781372, -12.4062662125, 12.3537034988, -2.69349145889, 5.30798864365, 5.05102348328, 2.98704075813, 3.38274312019, -1.08518385887, -1.94736433029, 6.05666780472, 21.469707489, 41.2914237976]]
        icov: [[0.00027605809737, -0.000102669691842, 0.000461723684566, -0.000223060007556, 0.000227942829952, 0.000330785580445, -0.000204336669412, 9.04008265934e-005, 0.000345060136169, -0.000572864082642, 0.000524209463038, -5.30334400537e-005, -9.95728842099e-005], [-0.000102669691842, 0.0048960139975, 0.00150865165051, -0.00254383566789, 0.00310734007508, -0.000602714892011, -0.00154498207849, 0.001846131403, -0.00168527069036, 0.00212989537977, -0.0014724843204, -0.000240981826209, 0.000806536350865], [0.000461723684566, 0.00150865165051, 0.00640490464866, -0.000174474553205, -0.0025677094236, 0.00171143969055, -0.000630754162557, -0.00154945277609, 0.00235576415434, -0.0045211291872, 0.0037102510687, -0.0011180434376, -0.000937956967391], [-0.000223060007556, -0.00254383566789, -0.000174474553205, 0.00702494289726, -0.00367766572163, -0.00292350840755, 0.0041324570775, -0.00141712999903, -0.00183538952842, 0.00252671935596, -0.000399095617468, 0.00205355416983, -0.000717228162102], [0.000227942829952, 0.00310734007508, -0.0025677094236, -0.00367766572163, 0.018097890541, -0.00644177570939, -0.0040595754981, 0.009053690359, -0.00346182147041, 0.00273046456277, -0.00386132742278, 0.000258942483924, 0.000121346572996], [0.000330785580445, -0.000602714892011, 0.00171143969055, -0.00292350840755, -0.00644177570939, 0.0234968122095, -0.00895460881293, -0.00409552780911, 0.0100465463474, -0.00965005159378, 0.00378528656438, -0.00194351293612, -0.00142651202623], [-0.000204336669412, -0.00154498207849, -0.000630754162557, 0.0041324570775, -0.0040595754981, -0.00895460881293, 0.0274152234197, -0.0126129481941, -0.0052749319002, 0.00999338272959, -0.00455759232864, 0.00091201934265, 0.00103023881093], [9.04008265934e-005, 0.001846131403, -0.00154945277609, -0.00141712999903, 0.009053690359, -0.00409552780911, -0.0126129481941, 0.0301663018763, -0.0129679273814, -0.00101157603785, 0.00592396548018, -0.00333562027663, -0.000749074679334], [0.000345060136169, -0.00168527069036, 0.00235576415434, -0.00183538952842, -0.00346182147041, 0.0100465463474, -0.0052749319002, -0.0129679273814, 0.0348289348185, -0.0158704202622, -0.00173843139783, 0.00397468265146, -0.00204862817191], [-0.000572864082642, 0.00212989537977, -0.0045211291872, 0.00252671935596, 0.00273046456277, -0.00965005159378, 0.00999338272959, -0.00101157603785, -0.0158704202622, 0.0363049842417, -0.0176765955985, 0.00224685133435, 0.00462317513302], [0.000524209463038, -0.0014724843204, 0.0037102510687, -0.000399095617468, -0.00386132742278, 0.00378528656438, -0.00455759232864, 0.00592396548018, -0.00173843139783, -0.0176765955985, 0.0403632409871, -0.0185380131006, 0.00154394819401], [-5.30334400537e-005, -0.000240981826209, -0.0011180434376, 0.00205355416983, 0.000258942483924, -0.00194351293612, 0.00091201934265, -0.00333562027663, 0.00397468265146, 0.00224685133435, -0.0185380131006, 0.0415419191122, -0.0179035961628], [-9.95728842099e-005, 0.000806536350865, -0.000937956967391, -0.000717228162102, 0.000121346572996, -0.00142651202623, 0.00103023881093, -0.000749074679334, -0.00204862817191, 0.00462317513302, 0.00154394819401, -0.0179035961628, 0.034009758383]]
    sccoeffs:
        dmean: [0.0522286742926, 0.0464960150421, 0.0364407710731, 0.0269794017076, 0.0205119941384, 0.020020890981]
        dmean2: [0.0867142155766, 0.0777213275433, 0.0605557076633, 0.0453197695315, 0.0343941450119, 0.0324682593346]
        dvar: [0.00175446434878, 0.00134554947726, 0.000843860441819, 0.000443207653007, 0.000270716438536, 0.000320737919537]
        dvar2: [0.00488663651049, 0.00375138153322, 0.00230288738385, 0.00120290194172, 0.000728411774617, 0.000833512400277]
        max: [-0.37355658412, -0.522672891617, -0.613111913204, -0.649628043175, -0.634229063988, -0.61172670126]
        mean: [-0.676758527756, -0.765424013138, -0.794935464859, -0.801739454269, -0.785278379917, -0.722124934196]
        median: [-0.677985608578, -0.769372105598, -0.797978103161, -0.803179323673, -0.786129355431, -0.721884965897]
        min: [-0.966756403446, -0.988455414772, -0.995083510876, -0.981415271759, -0.991603374481, -0.961190700531]
        var: [0.00425429362804, 0.00341089768335, 0.00200439384207, 0.00106844678521, 0.000796443433501, 0.00144866318442]
    scvalleys:
        dmean: [0.379281401634, 0.369205534458, 0.294549167156, 0.229417279363, 0.178485244513, 0.339224666357]
        dmean2: [0.634475886822, 0.609918117523, 0.474944025278, 0.371331840754, 0.289531767368, 0.55200523138]
        dvar: [0.109922662377, 0.114614859223, 0.0711525902152, 0.0543876588345, 0.0447947122157, 0.145833075047]
        dvar2: [0.278014153242, 0.275625705719, 0.148530244827, 0.103345446289, 0.0788395106792, 0.334899067879]
        max: [-5.10130786896, -4.67671775818, -4.92237472534, -5.42369556427, -5.57823181152, -7.77383756638]
        mean: [-6.50339126587, -6.56720542908, -6.55659246445, -6.73913955688, -6.56526470184, -9.48559474945]
        median: [-6.33147192001, -6.4289264679, -6.42848157883, -6.55266618729, -6.33328294754, -9.25510025024]
        min: [-26.8665542603, -27.1911182404, -27.1790542603, -27.4555454254, -27.1327438354, -27.2870864868]
        var: [1.5350561142, 1.33798444271, 1.28614854813, 1.21378731728, 1.3122587204, 1.35979068279]

rhythm:
    beats_loudness:
        dmean: 0.00122327602003
        dmean2: 0.00211309595034
        dvar: 1.04427510905e-006
        dvar2: 2.9785580864e-006
        max: 0.0138270603493
        mean: 0.00659810379148
        median: 0.00677884463221
        min: 6.76945235978e-011
        var: 3.16259479405e-006
    bpm: 172.265563965
    bpm_confidence: 0
    first_peak_bpm: 172
    first_peak_spread: 0
    first_peak_weight: 0.457746475935
    onset_rate: 1.58816301823
    second_peak_bpm: 178
    second_peak_spread: 0
    second_peak_weight: 0.202464789152
    beats_loudness_band_ratio:
        dmean: [0.0698614045978, 0.0732287913561, 0.0514816790819, 0.0700400620699, 0.0704843774438, 0.0768978819251]
        dmean2: [0.120044253767, 0.128699108958, 0.0889067873359, 0.121568344533, 0.1191656515, 0.133370906115]
        dvar: [0.00468675326556, 0.00357279018499, 0.00238681654446, 0.00646421127021, 0.00275033898652, 0.00452438602224]
        dvar2: [0.0115881050006, 0.010290347971, 0.0067967264913, 0.0171961393207, 0.0082309031859, 0.0130982883275]
        max: [0.960702955723, 0.367639809847, 0.359160274267, 0.587264955044, 0.51823502779, 0.595591366291]
        mean: [0.138759210706, 0.144876331091, 0.0928699225187, 0.127289757133, 0.255396574736, 0.278128653765]
        median: [0.124608829618, 0.134511485696, 0.0830792337656, 0.0927980691195, 0.252315104008, 0.270942032337]
        min: [0, 0, 0, 0, 0, 0]
        var: [0.00791756249964, 0.0049459929578, 0.00288862618618, 0.00860231369734, 0.00471717352048, 0.0067739454098]
    beats_position: [0.53405892849, 1.06811785698, 1.59056687355, 2.11301589012, 2.63546490669, 3.15791368484, 3.66875267029, 4.17959165573, 4.69043064117, 5.21287965775, 5.73532867432, 6.25777769089, 6.78022670746, 7.2910656929, 7.80190467834, 8.32435321808, 8.84680271149, 9.35764122009, 9.8800907135, 10.4025392532, 10.9133787155, 11.4358272552, 11.9582767487, 12.4807252884, 13.0031747818, 13.5140132904, 14.0248527527, 14.5473012924, 15.0581407547, 15.5689792633, 16.0798187256, 16.602268219, 17.1131057739, 17.6239452362, 18.1463947296, 18.6688423157, 19.179681778, 19.6905212402, 20.2013607025, 20.7121982574, 21.2346477509, 21.7570972443, 22.2795467377, 22.8019943237, 23.3244438171, 23.8468933105, 24.369342804, 24.89179039, 25.4026298523, 25.9134693146, 26.4243087769, 26.9467563629, 27.4692058563, 27.9800453186, 28.4908847809, 29.0133323669, 29.5357818604, 30.0466213226, 30.5574588776, 31.0682983398, 31.5907478333, 32.1131973267, 32.6240348816, 33.146484375, 33.6689338684, 34.2029914856, 34.7370529175, 35.2943305969, 35.8516082764, 36.4088897705, 36.9313354492, 37.4653968811, 38.0110664368, 38.5683441162, 39.1256217957, 39.6829032898, 40.216960907, 40.7394104004, 41.2618598938, 41.7726974487, 42.2951469421, 42.8175964355, 43.340045929, 43.8508834839, 44.3617210388, 44.6984100342, 45.0351028442, 45.3717918396, 45.7200889587, 46.0683898926, 46.4166870117, 46.7649879456, 47.1132888794, 47.4615859985, 47.8098869324, 48.1581840515, 48.5064849854, 48.8431739807, 49.1798629761, 49.5281639099, 49.8764610291, 50.2247619629, 50.573059082, 50.9097480774, 51.2464370728, 51.5947380066, 51.9430389404, 52.2913360596, 52.6280250549, 52.9763259888, 53.3130149841, 53.661315918, 54.0096130371, 54.3579139709, 54.7062110901, 55.0429000854, 55.3912010193, 55.7278900146, 56.0761909485, 56.4244880676, 56.7727890015, 57.1210861206, 57.4693870544, 57.8060760498, 58.1427650452, 58.491065979, 58.8393630981, 59.187664032, 59.5359611511, 59.8726501465, 60.2093429565, 60.5576400757, 60.9059410095, 61.2542381287, 61.6025390625, 61.9508361816, 62.2875289917, 62.6242179871, 62.9725151062, 63.32081604, 63.6691131592, 64.0058059692, 64.3424911499, 64.6907958984, 65.0390930176, 65.3873901367, 65.7356872559, 66.0723800659, 66.4206771851, 66.7573699951, 67.1056671143, 67.4539642334, 67.7906570435, 68.1273422241, 68.4756469727, 68.8239440918, 69.1722412109, 69.5205459595, 69.8688430786, 70.2171401978, 70.5654373169, 70.9137420654, 71.2504272461, 71.5871200562, 71.9354171753, 72.2837142944, 72.632019043, 72.9803161621, 73.3170089722, 73.6653060913, 74.001991272, 74.3502960205, 74.6985931396, 75.0468902588, 75.3835830688, 75.7202682495, 76.068572998, 76.4168701172, 76.7651672363, 77.1134643555, 77.4501571655, 77.7868499756, 78.1351470947, 78.4834442139, 78.831741333, 79.1684341431, 79.5051269531, 79.8534240723, 80.2017211914, 80.5500183105, 80.8983230591, 81.2466201782, 81.5949172974, 81.9316101074, 82.2682952881, 82.6166000366, 82.9648971558, 83.3131942749, 83.661491394, 84.0097961426, 84.3580932617, 84.6947860718, 85.0430831909, 85.3797683716, 85.7280731201, 86.0763702393, 86.4246673584, 86.7729721069, 87.1212692261, 87.4579544067, 87.7946472168, 88.1429443359, 88.4912490845, 88.8279342651, 89.1762313843, 89.5245361328, 89.872833252, 90.2211303711, 90.5578231812, 90.9061203003, 91.2544174194, 91.5911102295, 91.9277954102, 92.2761001587, 92.6243972778, 92.972694397, 93.3209991455, 93.6692962646, 94.0175933838, 94.3658905029, 94.702583313, 95.0508804321, 95.3875732422, 95.7358703613, 96.0841674805, 96.432472229, 96.7807693481, 97.1058502197, 97.4541473389, 97.802444458, 98.1391372681, 98.4874343872, 98.8241271973, 99.1724243164, 99.5207214355, 99.8690261841, 100.217323303, 100.565620422, 100.913917542, 101.250610352, 101.598907471, 101.935600281, 102.2838974, 102.632194519, 102.980499268, 103.328796387, 103.665489197, 104.013786316, 104.350471497, 104.698776245, 105.047073364, 105.395370483, 105.743675232, 106.080360413, 106.417053223, 106.765350342, 107.113647461, 107.46194458, 107.810249329, 108.146934509, 108.472015381, 109.006072998, 109.516914368, 110.039360046, 110.561813354, 111.084259033, 111.595100403, 112.105941772, 112.63999939, 113.162445068, 113.696502686, 114.230567932, 114.776237488, 115.321899414, 115.879180908, 116.424850464, 116.947296143, 117.469749451, 117.98059082, 118.503036499, 119.025482178, 119.536323547, 120.047164917, 120.557998657, 121.068840027, 121.579681396, 122.102127075, 122.624580383, 123.147026062, 123.66947937, 124.191925049, 124.714370728, 125.236824036, 125.782493591, 126.328163147, 126.873832703, 127.431106567, 127.965164185, 128.499221802, 129.044891357, 129.590560913, 130.147842407, 130.705123901, 131.239181519, 131.761627197, 132.284072876, 132.806533813, 133.328979492, 133.839813232, 134.350662231, 134.87310791, 135.395553589, 135.917999268, 136.440444946, 136.951293945, 137.462127686, 137.972961426, 138.495422363, 139.017868042, 139.528701782, 140.051147461, 140.573608398, 141.084442139, 141.595275879, 142.106124878, 142.628570557, 143.151016235, 143.661849976, 144.184310913, 144.695144653, 145.205978394, 145.728439331, 146.25088501, 146.773330688, 147.284164429, 147.806625366, 148.329071045, 148.839904785, 149.362350464, 149.884811401, 150.395645142, 150.906478882, 151.428924561, 151.951385498, 152.462219238, 152.973052979, 153.495513916, 154.006347656, 154.528793335, 155.039627075, 155.562088013, 156.084533691, 156.60697937, 157.141036987, 157.524169922, 157.837631226, 158.162719727, 158.499404907, 158.836090088, 159.172790527, 159.521087646, 159.869384766, 160.217681885, 160.565979004, 160.914276123, 161.262588501, 161.599273682, 161.935958862, 162.284255981, 162.632553101, 162.980865479, 163.329162598, 163.665847778, 164.002532959, 164.350830078, 164.699142456, 165.035827637, 165.384124756, 165.720809937, 166.069107056, 166.417419434, 166.765716553, 167.114013672, 167.462310791, 167.81060791, 168.147293091, 168.49559021, 168.832290649, 169.180587769, 169.528884888, 169.877182007, 170.225479126, 170.562179565, 170.898864746, 171.247161865, 171.595458984, 171.943756104, 172.292053223, 172.640365601, 172.977050781, 173.313735962, 173.662033081, 174.0103302, 174.358642578, 174.695327759, 175.032012939, 175.380310059, 175.728607178, 176.076919556, 176.425216675, 176.773513794, 177.121810913, 177.458496094, 177.795196533, 178.143493652, 178.491790771, 178.840087891, 179.18838501, 179.536682129, 179.884979248, 180.221679688, 180.558364868, 180.895050049, 181.231735229, 181.580047607, 181.928344727, 182.276641846, 182.613327026, 182.973236084, 183.321533203, 183.669830322, 184.0181427, 184.354827881, 184.691513062, 185.039810181, 185.3881073, 185.736419678, 186.084716797, 186.433013916, 186.781311035, 187.117996216, 187.454696655, 187.802993774, 188.151290894, 188.487976074, 188.824661255, 189.172973633, 189.521270752, 189.869567871, 190.21786499, 190.554550171, 190.89125061, 191.239547729, 191.587844849, 191.936141968, 192.284439087, 192.632736206, 192.981033325, 193.329345703, 193.677642822, 194.025939941, 194.374237061, 194.710922241, 195.047622681, 195.3959198, 195.73260498, 196.069290161, 196.41758728, 196.765899658, 197.102584839, 197.43927002, 197.787567139, 198.135864258, 198.484161377, 198.832473755, 199.180770874, 199.529067993, 199.877365112, 200.225662231, 200.562347412, 200.899047852, 201.247344971, 201.59564209, 201.943939209, 202.292236328, 202.628936768, 202.965621948, 203.313919067, 203.662216187, 204.010513306, 204.358810425, 204.707122803, 205.043807983, 205.380493164, 205.728790283, 206.077087402, 206.42539978, 206.773696899, 207.121994019, 207.470291138, 207.806976318, 208.143676758, 208.491973877, 208.840270996, 209.188568115, 209.536865234, 209.873550415, 210.210250854, 210.558547974, 210.906845093, 211.243530273, 211.591827393, 211.928527832, 212.276824951, 212.62512207, 212.973419189, 213.321716309, 213.670013428, 214.018310547, 214.366622925, 214.703308105, 215.039993286, 215.388290405, 215.736587524, 216.084899902, 216.433197021, 216.781494141, 217.118179321, 217.454864502, 217.80317688, 218.139862061, 218.476547241, 218.82484436, 219.173141479, 219.521453857, 219.869750977, 220.206436157, 220.543121338, 220.891418457, 221.239730835, 221.588027954, 221.936325073, 222.284622192, 222.632919312, 222.969604492, 223.31791687, 223.654602051, 224.00289917, 224.339584351, 224.699493408, 225.059402466, 225.419311523, 225.953369141, 226.487426758, 227.021499634, 227.567153931, 228.112823486, 228.658493042, 229.192550659]
