
metadata:
    version:
        essentia: "2.1-beta2"
    audio_properties:
        analysis_sample_rate: 44100
        bitrate: 320
        channels: 2
        equal_loudness: 1
        length: 239.908569336
        replay_gain: -15.1895217896
        downmix: "mix"
    tags:
        album: "Bullet For My Valentine (EP)"
        artist: "Bullet For My Valentine"
        comment: ""
        date: "2004"
        genre: "Metalcore"
        title: "Curses"
        tracknumber: "03"

configuration:
    average_loudness:
        compute: 1
        frameSize: 88200
        hopSize: 44100
        silentFrames: "noise"
        windowType: "hann"
    general:
        analysisSampleRate: 44100
        endTime: 2000
        equalLoudness: 1
        nequalLoudness: 0
        shortSound: 0
        startTime: 0
    lowlevel:
        compute: 1
        frameSize: 2048
        hopSize: 1024
        zeroPadding: 0
        silentFrames: "noise"
        windowType: "blackmanharris62"
        mfccStats: ["mean", "cov", "icov"]
        stats: ["mean", "var", "median", "min", "max", "dmean", "dmean2", "dvar", "dvar2"]
    panning:
        compute: 0
        frameSize: 8192
        hopSize: 2048
        zeroPadding: 8192
        silentFrames: "noise"
        windowType: "hann"
        stats: ["copy"]
    rhythm:
        compute: 1
        maxTempo: 208
        minTempo: 40
        method: "degara"
        stats: ["mean", "var", "median", "min", "max", "dmean", "dmean2", "dvar", "dvar2"]
    segmentation:
        compute: 0
        cpw: 5
        inc1: 300
        inc2: 50
        minimumSegmentsLength: 10
        size1: 1000
        size2: 600
    sfx:
        compute: 1
        stats: ["mean", "var", "median", "min", "max", "dmean", "dmean2", "dvar", "dvar2"]
    svm:
        compute: 0
    tonal:
        compute: 1
        frameSize: 4096
        hopSize: 2048
        zeroPadding: 0
        silentFrames: "noise"
        windowType: "blackmanharris62"
        stats: ["mean", "var", "median", "min", "max", "dmean", "dmean2", "dvar", "dvar2"]

lowlevel:
    average_loudness: 0.788626611233
    barkbands_kurtosis:
        dmean: 0.953423023224
        dmean2: 1.55529785156
        dvar: 5.19875526428
        dvar2: 12.5940475464
        max: 119.44379425
        mean: 0.154333993793
        median: -0.833135426044
        min: -1.92883884907
        var: 14.517414093
    barkbands_skewness:
        dmean: 0.40526586771
        dmean2: 0.62606471777
        dvar: 0.169847011566
        dvar2: 0.396474629641
        max: 9.28467750549
        mean: 0.217066913843
        median: 0.0810452923179
        min: -2.97334694862
        var: 1.0091136694
    barkbands_spread:
        dmean: 5.22844839096
        dmean2: 8.13132476807
        dvar: 29.2631454468
        dvar2: 68.0823898315
        max: 82.6309509277
        mean: 28.7669563293
        median: 28.6668357849
        min: 0.956749141216
        var: 169.976531982
    dissonance:
        dmean: 0.0176114905626
        dmean2: 0.029530916363
        dvar: 0.00042742973892
        dvar2: 0.00112569215707
        max: 0.500000059605
        mean: 0.461667150259
        median: 0.476488441229
        min: 0.173645034432
        var: 0.00158462184481
    hfc:
        dmean: 1.75741648674
        dmean2: 2.76263165474
        dvar: 7.07695293427
        dvar2: 17.8362293243
        max: 38.159122467
        mean: 6.991751194
        median: 6.24170684814
        min: 1.08174207117e-016
        var: 39.2023735046
    pitch:
        dmean: 531.351196289
        dmean2: 1011.90368652
        dvar: 1181963.25
        dvar2: 2977933.25
        max: 6156.62451172
        mean: 1175.79711914
        median: 315.676483154
        min: 65.0358352661
        var: 2155795.5
    pitch_instantaneous_confidence:
        dmean: 0.0797842890024
        dmean2: 0.127738371491
        dvar: 0.0050459173508
        dvar2: 0.0119046280161
        max: 0.956391751766
        mean: 0.454943060875
        median: 0.418533742428
        min: 0.094407916069
        var: 0.0295849218965
    pitch_salience:
        dmean: 0.0588212497532
        dmean2: 0.0946877226233
        dvar: 0.00289620179683
        dvar2: 0.00746468408033
        max: 0.940424621105
        mean: 0.599596858025
        median: 0.614112198353
        min: 0.162783548236
        var: 0.0127058830112
    silence_rate_20dB:
        dmean: 0
        dmean2: 0
        dvar: 0
        dvar2: 0
        max: 1
        mean: 1
        median: 1
        min: 1
        var: 0
    silence_rate_30dB:
        dmean: 0
        dmean2: 0
        dvar: 0
        dvar2: 0
        max: 1
        mean: 1
        median: 1
        min: 1
        var: 0
    silence_rate_60dB:
        dmean: 0.0433604344726
        dmean2: 0.0867292582989
        dvar: 0.0414816364646
        dvar2: 0.0890734270215
        max: 1
        mean: 0.441885232925
        median: 0
        min: 0
        var: 0.246649816632
    spectral_centroid:
        dmean: 247.055053711
        dmean2: 381.555175781
        dvar: 90700.546875
        dvar2: 191879.015625
        max: 11652.3144531
        mean: 1590.80078125
        median: 1573.16552734
        min: 209.246353149
        var: 845717.9375
    spectral_complexity:
        dmean: 2.92160272598
        dmean2: 4.53876686096
        dvar: 11.7963819504
        dvar2: 26.6065216064
        max: 44
        mean: 13.8048000336
        median: 13
        min: 0
        var: 106.701721191
    spectral_crest:
        dmean: 2.17528653145
        dmean2: 3.57598757744
        dvar: 5.22195196152
        dvar2: 13.6524887085
        max: 25.3513412476
        mean: 7.82954788208
        median: 6.75463962555
        min: 2.33340287209
        var: 13.2186851501
    spectral_decrease:
        dmean: 2.44398473681e-010
        dmean2: 3.95708854573e-010
        dvar: 2.07530348682e-019
        dvar2: 5.51679165652e-019
        max: 2.05605636404e-028
        mean: -8.66814398037e-010
        median: -7.97499066785e-010
        min: -5.39683719936e-009
        var: 5.49067549663e-019
    spectral_energy:
        dmean: 0.00105111708399
        dmean2: 0.00169594050385
        dvar: 3.50701429852e-006
        dvar2: 9.25149379327e-006
        max: 0.02295297198
        mean: 0.00390573288314
        median: 0.00366725027561
        min: 1.00049878079e-020
        var: 1.08648519017e-005
    spectral_energyband_high:
        dmean: 0.000148522798554
        dmean2: 0.000246340845479
        dvar: 8.48921075658e-008
        dvar2: 2.2037622216e-007
        max: 0.00496037909761
        mean: 0.000350367248757
        median: 0.000239021304878
        min: 7.0252586749e-021
        var: 1.78358661174e-007
    spectral_energyband_low:
        dmean: 0.000205221047509
        dmean2: 0.000330828974256
        dvar: 1.3715782643e-007
        dvar2: 3.48941341599e-007
        max: 0.00571603421122
        mean: 0.000360551202903
        median: 0.000192602587049
        min: 1.96144426513e-023
        var: 2.43607814809e-007
    spectral_energyband_middle_high:
        dmean: 0.000509240140673
        dmean2: 0.000780719565228
        dvar: 5.00945930071e-007
        dvar2: 1.18060643217e-006
        max: 0.0121265677735
        mean: 0.00199882150628
        median: 0.0016507289838
        min: 1.09405480639e-021
        var: 3.52424285666e-006
    spectral_energyband_middle_low:
        dmean: 0.000670350855216
        dmean2: 0.00110107695218
        dvar: 2.52193103734e-006
        dvar2: 6.77459001963e-006
        max: 0.0172185190022
        mean: 0.00136649573687
        median: 0.000888129870873
        min: 1.69234759137e-022
        var: 3.12790552925e-006
    spectral_flatness_db:
        dmean: 0.0168180912733
        dmean2: 0.0262318588793
        dvar: 0.000269255804596
        dvar2: 0.000656188407447
        max: 0.513422489166
        mean: 0.180806234479
        median: 0.164797082543
        min: 0.0577091760933
        var: 0.00393198896199
    spectral_flux:
        dmean: 0.00661065382883
        dmean2: 0.0102085880935
        dvar: 7.65433796914e-005
        dvar2: 0.000156997717568
        max: 0.130254998803
        mean: 0.0327882170677
        median: 0.0326110310853
        min: 6.41336081464e-011
        var: 0.00044880589121
    spectral_kurtosis:
        dmean: 3.22149944305
        dmean2: 5.36728191376
        dvar: 74.9159545898
        dvar2: 192.849136353
        max: 314.088745117
        mean: 7.88227510452
        median: 3.52836275101
        min: -1.24619936943
        var: 290.932861328
    spectral_rms:
        dmean: 0.000225251584197
        dmean2: 0.000353531679139
        dvar: 9.39153963486e-008
        dvar2: 2.31828153119e-007
        max: 0.00473213940859
        mean: 0.00174193573184
        median: 0.00189150869846
        min: 3.12425411063e-012
        var: 7.76105650857e-007
    spectral_rolloff:
        dmean: 374.381835938
        dmean2: 613.55456543
        dvar: 324383.0625
        dvar2: 665665.9375
        max: 19379.8828125
        mean: 2929.47436523
        median: 3273.046875
        min: 129.19921875
        var: 2543858
    spectral_skewness:
        dmean: 0.300292462111
        dmean2: 0.483165770769
        dvar: 0.250863999128
        dvar2: 0.657481431961
        max: 12.8457422256
        mean: 1.59814858437
        median: 1.26097631454
        min: -0.241726845503
        var: 1.40756452084
    spectral_spread:
        dmean: 493277.96875
        dmean2: 689009.375
        dvar: 640038141952
        dvar2: 1.04528419226e+012
        max: 42075936
        mean: 4081881
        median: 3659376.75
        min: 291251.75
        var: 8.50917117133e+012
    spectral_strongpeak:
        dmean: 0.395002692938
        dmean2: 0.660942494869
        dvar: 0.407344102859
        dvar2: 1.03080487251
        max: 8.87261962891
        mean: 0.6554723382
        median: 0.290958017111
        min: 1.42714902396e-011
        var: 0.751323223114
    zerocrossingrate:
        dmean: 0.00834525190294
        dmean2: 0.00996843352914
        dvar: 9.42877595662e-005
        dvar2: 0.000106797575427
        max: 0.521484375
        mean: 0.0897796228528
        median: 0.0927734375
        min: 0.00927734375
        var: 0.00191018765327
    barkbands:
        dmean: [5.3583239179e-008, 4.05207974836e-005, 0.000141797296237, 0.000101521385659, 0.000344804051565, 0.000124665762996, 5.98864862695e-005, 6.29772475804e-005, 0.000165315388585, 0.000143166354974, 8.05786403362e-005, 6.10395873082e-005, 4.35221991211e-005, 6.0375645262e-005, 6.75294577377e-005, 0.000112209905637, 0.000114370457595, 0.000114873080747, 0.000164629193023, 0.000132901230245, 6.4287254645e-005, 2.96432099276e-005, 4.87378065372e-006, 2.57842589235e-006, 1.32505090278e-006, 4.76439403485e-008, 3.57675472573e-010]
        dmean2: [9.5802136002e-008, 6.46911576041e-005, 0.000230853431276, 0.000170027458807, 0.000606683490332, 0.000204671625397, 0.0001005991071, 0.000101568781247, 0.000258679268882, 0.000203857023735, 0.000128857922391, 9.72165871644e-005, 7.12926048436e-005, 9.82176570687e-005, 0.000108655811346, 0.000180057773832, 0.000184964694199, 0.000188720019651, 0.000267953670118, 0.00022421781614, 0.000106649356894, 4.71871353511e-005, 7.8941720858e-006, 3.73568514078e-006, 1.93796813619e-006, 7.09647167696e-008, 5.87947357467e-010]
        dvar: [2.07689954509e-014, 9.47844203125e-009, 6.19834210625e-008, 4.10728873135e-008, 1.61277830557e-006, 1.07143584671e-007, 4.2152997537e-008, 5.47484297897e-008, 2.22850118803e-007, 1.81284150358e-007, 7.06464078348e-008, 2.41256898903e-008, 1.32288349164e-008, 2.42907471915e-008, 4.24039789948e-008, 7.85259146596e-008, 5.14250189099e-008, 2.86320283038e-008, 5.35245980871e-008, 5.64309914353e-008, 1.47487480007e-008, 6.45325615167e-009, 1.24406859814e-010, 1.08503865615e-010, 3.8338832109e-011, 2.21428049643e-014, 8.63381138086e-019]
        dvar2: [6.32209670899e-014, 2.35671642201e-008, 1.59479682793e-007, 9.77502736532e-008, 4.58177328255e-006, 2.68694236638e-007, 1.1437538916e-007, 1.37895582952e-007, 5.36377626759e-007, 3.70497616586e-007, 1.68660633904e-007, 6.23623250817e-008, 3.53817810606e-008, 6.17733064701e-008, 1.09892269506e-007, 1.98199145984e-007, 1.21677558695e-007, 7.61943610428e-008, 1.39992110348e-007, 1.56218945335e-007, 3.87547665071e-008, 1.37245477205e-008, 3.02922020801e-010, 2.14039549973e-010, 7.5961577306e-011, 4.93860764187e-014, 2.2013836224e-018]
        max: [1.98967859433e-006, 0.0010886878008, 0.00425794394687, 0.0059858309105, 0.0151238422841, 0.00893117673695, 0.0064401961863, 0.00633926363662, 0.0109756821766, 0.0096696857363, 0.00839985441417, 0.00332050165161, 0.00279538356699, 0.00355353206396, 0.00496897380799, 0.00936622638255, 0.00884025730193, 0.00379045074806, 0.00402074400336, 0.00238734460436, 0.00299307773821, 0.00232332455926, 0.000204281721381, 0.000345405453118, 0.000221207941649, 4.1231578507e-006, 2.01222594143e-008]
        mean: [5.91233977332e-008, 5.48863426957e-005, 0.000221246576984, 0.000143283876241, 0.000404574850108, 0.000202167895623, 8.80110164871e-005, 9.83351492323e-005, 0.00025837298017, 0.000260746455751, 0.000127038540086, 0.000100849400042, 7.06216014805e-005, 9.62572084973e-005, 0.000111848930828, 0.000221624592086, 0.000247261341428, 0.000270183256362, 0.000428944214946, 0.000286098686047, 0.000144889199873, 5.36327061127e-005, 8.65176843945e-006, 4.26356109529e-006, 1.83084205219e-006, 5.87147823694e-008, 3.92352289547e-010]
        median: [6.46383391256e-009, 1.86248635146e-005, 9.22375911614e-005, 6.66304840706e-005, 0.000157774644322, 0.000108532578452, 3.91724461224e-005, 3.69737572328e-005, 9.33828487177e-005, 3.24139909935e-005, 2.72080833383e-005, 3.95751267206e-005, 2.4775541533e-005, 3.87296968256e-005, 4.11355867982e-005, 0.00012154020078, 0.000168077938724, 0.000200343565666, 0.00033995587728, 0.000212244776776, 9.59789322224e-005, 2.35825809796e-005, 2.21064783545e-006, 6.33628872038e-007, 1.98539453322e-007, 3.67819641411e-009, 7.99624602643e-011]
        min: [5.26923585947e-025, 4.3739856227e-024, 3.15133513468e-025, 1.91643817276e-024, 9.52097525756e-024, 1.47118078094e-023, 1.6994215911e-023, 1.00366946521e-023, 8.86338317355e-024, 2.08633924799e-023, 2.69463746508e-023, 3.18885629784e-023, 3.33052467237e-023, 3.89054933521e-023, 5.94298460368e-023, 5.44822114134e-023, 9.80663472866e-023, 7.36945464177e-023, 1.28418439569e-022, 1.15421432352e-022, 2.43847356633e-022, 3.37041061569e-022, 4.23652182946e-022, 5.83134765894e-022, 8.93704129352e-022, 1.23912332288e-021, 2.07122592261e-021]
        var: [2.05259867805e-014, 1.03928741169e-008, 1.1021146662e-007, 6.78156411027e-008, 1.1091901797e-006, 1.23291442833e-007, 4.00289366098e-008, 6.72755220421e-008, 3.78835125048e-007, 6.00979660703e-007, 1.34689045694e-007, 4.08788061179e-008, 2.43714026738e-008, 3.91911960662e-008, 7.00537654552e-008, 1.7480851966e-007, 1.44590146078e-007, 8.81029649236e-008, 2.06118997426e-007, 1.05799465189e-007, 3.27959277513e-008, 1.21541541276e-008, 2.26399843317e-010, 2.02879435474e-010, 6.37156161165e-011, 3.02607805892e-014, 8.76284018268e-019]
    frequency_bands:
        dmean: [5.3583239179e-008, 4.05207974836e-005, 0.000141797296237, 0.000101521385659, 0.000344804051565, 0.000124665762996, 5.98864862695e-005, 6.29772475804e-005, 0.000165315388585, 0.000143166354974, 8.05786403362e-005, 6.10395873082e-005, 4.35221991211e-005, 6.0375645262e-005, 6.75294577377e-005, 0.000112209905637, 0.000114370457595, 0.000114873080747, 0.000164629193023, 0.000132901230245, 6.4287254645e-005, 2.96432099276e-005, 4.87378065372e-006, 2.57842589235e-006, 1.32505090278e-006, 4.76439403485e-008, 3.57675472573e-010, 4.31862080819e-011]
        dmean2: [9.5802136002e-008, 6.46911576041e-005, 0.000230853431276, 0.000170027458807, 0.000606683490332, 0.000204671625397, 0.0001005991071, 0.000101568781247, 0.000258679268882, 0.000203857023735, 0.000128857922391, 9.72165871644e-005, 7.12926048436e-005, 9.82176570687e-005, 0.000108655811346, 0.000180057773832, 0.000184964694199, 0.000188720019651, 0.000267953670118, 0.00022421781614, 0.000106649356894, 4.71871353511e-005, 7.8941720858e-006, 3.73568514078e-006, 1.93796813619e-006, 7.09647167696e-008, 5.87947357467e-010, 7.98858895701e-011]
        dvar: [2.07689954509e-014, 9.47844203125e-009, 6.19834210625e-008, 4.10728873135e-008, 1.61277830557e-006, 1.07143584671e-007, 4.2152997537e-008, 5.47484297897e-008, 2.22850118803e-007, 1.81284150358e-007, 7.06464078348e-008, 2.41256898903e-008, 1.32288349164e-008, 2.42907471915e-008, 4.24039789948e-008, 7.85259146596e-008, 5.14250189099e-008, 2.86320283038e-008, 5.35245980871e-008, 5.64309914353e-008, 1.47487480007e-008, 6.45325615167e-009, 1.24406859814e-010, 1.08503865615e-010, 3.8338832109e-011, 2.21428049643e-014, 8.63381138086e-019, 5.90155602707e-021]
        dvar2: [6.32209670899e-014, 2.35671642201e-008, 1.59479682793e-007, 9.77502736532e-008, 4.58177328255e-006, 2.68694236638e-007, 1.1437538916e-007, 1.37895582952e-007, 5.36377626759e-007, 3.70497616586e-007, 1.68660633904e-007, 6.23623250817e-008, 3.53817810606e-008, 6.17733064701e-008, 1.09892269506e-007, 1.98199145984e-007, 1.21677558695e-007, 7.61943610428e-008, 1.39992110348e-007, 1.56218945335e-007, 3.87547665071e-008, 1.37245477205e-008, 3.02922020801e-010, 2.14039549973e-010, 7.5961577306e-011, 4.93860764187e-014, 2.2013836224e-018, 1.89079949409e-020]
        max: [1.98967859433e-006, 0.0010886878008, 0.00425794394687, 0.0059858309105, 0.0151238422841, 0.00893117673695, 0.0064401961863, 0.00633926363662, 0.0109756821766, 0.0096696857363, 0.00839985441417, 0.00332050165161, 0.00279538356699, 0.00355353206396, 0.00496897380799, 0.00936622638255, 0.00884025730193, 0.00379045074806, 0.00402074400336, 0.00238734460436, 0.00299307773821, 0.00232332455926, 0.000204281721381, 0.000345405453118, 0.000221207941649, 4.1231578507e-006, 2.01222594143e-008, 1.36989408706e-009]
        mean: [5.91233977332e-008, 5.48863426957e-005, 0.000221246576984, 0.000143283876241, 0.000404574850108, 0.000202167895623, 8.80110164871e-005, 9.83351492323e-005, 0.00025837298017, 0.000260746455751, 0.000127038540086, 0.000100849400042, 7.06216014805e-005, 9.62572084973e-005, 0.000111848930828, 0.000221624592086, 0.000247261341428, 0.000270183256362, 0.000428944214946, 0.000286098686047, 0.000144889199873, 5.36327061127e-005, 8.65176843945e-006, 4.26356109529e-006, 1.83084205219e-006, 5.87147823694e-008, 3.92352289547e-010, 3.33035578282e-011]
        median: [6.46383391256e-009, 1.86248635146e-005, 9.22375911614e-005, 6.66304840706e-005, 0.000157774644322, 0.000108532578452, 3.91724461224e-005, 3.69737572328e-005, 9.33828487177e-005, 3.24139909935e-005, 2.72080833383e-005, 3.95751267206e-005, 2.4775541533e-005, 3.87296968256e-005, 4.11355867982e-005, 0.00012154020078, 0.000168077938724, 0.000200343565666, 0.00033995587728, 0.000212244776776, 9.59789322224e-005, 2.35825809796e-005, 2.21064783545e-006, 6.33628872038e-007, 1.98539453322e-007, 3.67819641411e-009, 7.99624602643e-011, 8.05815483784e-012]
        min: [5.26923585947e-025, 4.3739856227e-024, 3.15133513468e-025, 1.91643817276e-024, 9.52097525756e-024, 1.47118078094e-023, 1.6994215911e-023, 1.00366946521e-023, 8.86338317355e-024, 2.08633924799e-023, 2.69463746508e-023, 3.18885629784e-023, 3.33052467237e-023, 3.89054933521e-023, 5.94298460368e-023, 5.44822114134e-023, 9.80663472866e-023, 7.36945464177e-023, 1.28418439569e-022, 1.15421432352e-022, 2.43847356633e-022, 3.37041061569e-022, 4.23652182946e-022, 5.83134765894e-022, 8.93704129352e-022, 1.23912332288e-021, 2.07122592261e-021, 5.18960565223e-022]
        var: [2.05259867805e-014, 1.03928741169e-008, 1.1021146662e-007, 6.78156411027e-008, 1.1091901797e-006, 1.23291442833e-007, 4.00289366098e-008, 6.72755220421e-008, 3.78835125048e-007, 6.00979660703e-007, 1.34689045694e-007, 4.08788061179e-008, 2.43714026738e-008, 3.91911960662e-008, 7.00537654552e-008, 1.7480851966e-007, 1.44590146078e-007, 8.81029649236e-008, 2.06118997426e-007, 1.05799465189e-007, 3.27959277513e-008, 1.21541541276e-008, 2.26399843317e-010, 2.02879435474e-010, 6.37156161165e-011, 3.02607805892e-014, 8.76284018268e-019, 4.51292738154e-021]
    mfcc:
        mean: [-752.212463379, 114.538345337, -46.9188919067, 47.2141838074, -11.5790719986, -7.98461008072, -1.76156508923, -1.60987174511, -4.56939697266, -8.32186126709, -6.08422374725, -8.46583557129, -7.56241083145]
        cov: [[10667.3017578, -1457.54760742, -1575.08654785, 1906.70629883, -865.43572998, 520.242797852, 173.251785278, 111.946090698, 616.361877441, 324.477264404, -13.6956539154, 1.5717471838, 56.508480072], [-1457.54760742, 1407.70178223, -56.160823822, -280.454101563, 185.859115601, -211.92489624, 5.47718429565, -41.902431488, -199.073257446, -112.172668457, 11.5724315643, -26.5500507355, -14.8236560822], [-1575.08654785, -56.160823822, 903.608093262, -357.44229126, 216.568786621, -13.5637674332, -107.382926941, -8.83228778839, -119.574623108, -65.2942886353, -4.16808652878, 17.700088501, -17.5967407227], [1906.70629883, -280.454101563, -357.44229126, 811.855285645, -98.7224960327, 110.499938965, 41.9499473572, -42.4972076416, 198.550811768, 55.8867912292, 19.5786991119, 71.0235137939, 57.8811416626], [-865.43572998, 185.859115601, 216.568786621, -98.7224960327, 279.341705322, -46.5627632141, -52.4736442566, -30.3718338013, -69.1779632568, -42.6724624634, -7.8031244278, 23.2512817383, 10.0488853455], [520.242797852, -211.92489624, -13.5637674332, 110.499938965, -46.5627632141, 186.206710815, 39.3410148621, 22.1717319489, 49.8145637512, 23.2999191284, 2.55622601509, 0.488883912563, 8.07730579376], [173.251785278, 5.47718429565, -107.382926941, 41.9499473572, -52.4736442566, 39.3410148621, 152.371414185, 39.8401298523, 5.75353479385, 3.12408423424, 9.7717666626, 4.06048679352, -4.81188297272], [111.946090698, -41.902431488, -8.83228778839, -42.4972076416, -30.3718338013, 22.1717319489, 39.8401298523, 135.598922729, 26.9291858673, 17.3129043579, 3.81308364868, -6.93480110168, -1.22831988335], [616.361877441, -199.073257446, -119.574623108, 198.550811768, -69.1779632568, 49.8145637512, 5.75353479385, 26.9291858673, 181.241744995, 66.9494628906, -4.20891857147, 7.55402755737, 6.16541004181], [324.477264404, -112.172668457, -65.2942886353, 55.8867912292, -42.6724624634, 23.2999191284, 3.12408423424, 17.3129043579, 66.9494628906, 115.902122498, 26.8958244324, -9.92863941193, -6.17394161224], [-13.6956539154, 11.5724315643, -4.16808652878, 19.5786991119, -7.8031244278, 2.55622601509, 9.7717666626, 3.81308364868, -4.20891857147, 26.8958244324, 88.6490402222, 26.600025177, -4.56750202179], [1.5717471838, -26.5500507355, 17.700088501, 71.0235137939, 23.2512817383, 0.488883912563, 4.06048679352, -6.93480110168, 7.55402755737, -9.92863941193, 26.600025177, 92.2439651489, 37.9612579346], [56.508480072, -14.8236560822, -17.5967407227, 57.8811416626, 10.0488853455, 8.07730579376, -4.81188297272, -1.22831988335, 6.16541004181, -6.17394161224, -4.56750202179, 37.9612579346, 76.0519180298]]
        icov: [[0.000268521311227, 9.3944312539e-005, 0.000218363391468, -0.000511119607836, 0.000412106921431, -0.000292320590233, 0.000265983922873, -0.000300859392155, 0.000253858714132, -0.000238270295085, 0.000267469411483, 2.781684816e-005, 0.000209137520869], [9.3944312539e-005, 0.00116626010276, 0.000465932564111, 2.91059018309e-006, -0.000586792593822, 0.000781767535955, -0.000239789689658, -2.32616312132e-005, 0.000589665491134, 0.000582715962082, -0.000491269398481, 0.000583738146815, -7.93082654127e-005], [0.000218363391468, 0.000465932564111, 0.00211244565435, 0.000346549262758, -0.000880595354829, -0.000770751503296, 0.00113888317719, -0.000381641555578, 0.000538329884876, 0.000391247041989, -1.13974156193e-005, -0.000704733130988, 0.000756903144065], [-0.000511119607836, 2.91059018309e-006, 0.000346549262758, 0.00343287340365, -0.00101867993362, -0.000239933113335, -0.000771086371969, 0.00192374712788, -0.00268716970459, 0.00101748283487, -0.00106106873136, -0.00113049231004, -0.00120877544396], [0.000412106921431, -0.000586792593822, -0.000880595354829, -0.00101867993362, 0.0061215669848, -0.000281465181615, 0.00135324511211, -0.000153265384142, 0.00117248576134, -0.000545813236386, 0.00138701929245, -0.0014380676439, 0.000116895826068], [-0.000292320590233, 0.000781767535955, -0.000770751503296, -0.000239933113335, -0.000281465181615, 0.00779794016853, -0.00226095784456, -0.000127656181576, -0.000708389387, 0.000318112608511, -0.000781242502853, 0.00153054471593, -0.00128991203383], [0.000265983922873, -0.000239789689658, 0.00113888317719, -0.000771086371969, 0.00135324511211, -0.00226095784456, 0.00911052152514, -0.00288354582153, 0.00166844937485, 0.000121691657114, 0.000223271359573, -0.00161069713067, 0.0018891870277], [-0.000300859392155, -2.32616312132e-005, -0.000381641555578, 0.00192374712788, -0.000153265384142, -0.000127656181576, -0.00288354582153, 0.00960914604366, -0.00275160837919, 8.52149605635e-005, -0.00100421125535, 0.000603345513809, -0.00145832670387], [0.000253858714132, 0.000589665491134, 0.000538329884876, -0.00268716970459, 0.00117248576134, -0.000708389387, 0.00166844937485, -0.00275160837919, 0.0115644913167, -0.00509198009968, 0.00330080511048, -0.00159647210967, 0.00172167201526], [-0.000238270295085, 0.000582715962082, 0.000391247041989, 0.00101748283487, -0.000545813236386, 0.000318112608511, 0.000121691657114, 8.52149605635e-005, -0.00509198009968, 0.0138688506559, -0.00591552630067, 0.00342460605316, -0.000871805415954], [0.000267469411483, -0.000491269398481, -1.13974156193e-005, -0.00106106873136, 0.00138701929245, -0.000781242502853, 0.000223271359573, -0.00100421125535, 0.00330080511048, -0.00591552630067, 0.0160406846553, -0.00698079587892, 0.00410804292187], [2.781684816e-005, 0.000583738146815, -0.000704733130988, -0.00113049231004, -0.0014380676439, 0.00153054471593, -0.00161069713067, 0.000603345513809, -0.00159647210967, 0.00342460605316, -0.00698079587892, 0.018504275009, -0.00852247793227], [0.000209137520869, -7.93082654127e-005, 0.000756903144065, -0.00120877544396, 0.000116895826068, -0.00128991203383, 0.0018891870277, -0.00145832670387, 0.00172167201526, -0.000871805415954, 0.00410804292187, -0.00852247793227, 0.0185810495168]]
    sccoeffs:
        dmean: [0.0497821196914, 0.0443718843162, 0.0397808924317, 0.0310825612396, 0.020841114223, 0.0207000896335]
        dmean2: [0.082382388413, 0.0722540542483, 0.062444537878, 0.049546752125, 0.0335505530238, 0.0318609401584]
        dvar: [0.0019883455243, 0.00144280388486, 0.00113589782268, 0.000675828719977, 0.00032465645927, 0.000454621360404]
        dvar2: [0.00535502843559, 0.00366777251475, 0.00273311254568, 0.00162122072652, 0.000765404314734, 0.00100953213405]
        max: [-0.293144732714, -0.396766483784, -0.380622535944, -0.514161407948, -0.597922861576, -0.566459953785]
        mean: [-0.624189138412, -0.724422633648, -0.740813314915, -0.758954703808, -0.778472840786, -0.739245116711]
        median: [-0.623680174351, -0.733539998531, -0.750193178654, -0.765012860298, -0.789461493492, -0.733368337154]
        min: [-0.978107869625, -0.981411099434, -0.972406327724, -0.978704512119, -0.96717685461, -0.965732514858]
        var: [0.00533949118108, 0.00654514180496, 0.00645115086809, 0.00398190319538, 0.00225491658784, 0.00421216059476]
    scvalleys:
        dmean: [0.383183449507, 0.33273422718, 0.306113630533, 0.25783059001, 0.234343707561, 0.340123653412]
        dmean2: [0.63731855154, 0.533644258976, 0.485153675079, 0.398671925068, 0.346304863691, 0.479813247919]
        dvar: [0.114821530879, 0.0940569415689, 0.0810040235519, 0.062562443316, 0.0695782229304, 0.172209471464]
        dvar2: [0.290460914373, 0.222598046064, 0.180052369833, 0.132092371583, 0.133580505848, 0.339595019817]
        max: [-5.35923147202, -4.55420398712, -5.2036280632, -5.64848041534, -5.64144182205, -7.33978176117]
        mean: [-7.608689785, -7.24577283859, -7.66268777847, -7.94695711136, -7.82944583893, -10.8385324478]
        median: [-7.19479513168, -6.90165996552, -7.25548601151, -7.26862287521, -6.74744176865, -10.2529001236]
        min: [-28.1180057526, -27.9400520325, -27.7079372406, -27.483505249, -27.5029888153, -27.380361557]
        var: [3.03454995155, 3.004134655, 3.24842143059, 3.68224906921, 4.95849370956, 4.92355155945]

rhythm:
    beats_loudness:
        dmean: 0.00128206575755
        dmean2: 0.00214678212069
        dvar: 2.20105494009e-006
        dvar2: 5.8878067648e-006
        max: 0.0134776392952
        mean: 0.00394581072032
        median: 0.00387386465445
        min: 0
        var: 9.95358914224e-006
    bpm: 112.830680847
    bpm_confidence: 0
    first_peak_bpm: 112
    first_peak_spread: 0.435714304447
    first_peak_weight: 0.328482329845
    onset_rate: 3.1928832531
    second_peak_bpm: 136
    second_peak_spread: 0.516666650772
    second_peak_weight: 0.180873185396
    beats_loudness_band_ratio:
        dmean: [0.101086072624, 0.143662199378, 0.125547394156, 0.111112236977, 0.107938364148, 0.0740743502975]
        dmean2: [0.17569424212, 0.25075596571, 0.220362737775, 0.194964200258, 0.183970585465, 0.129170164466]
        dvar: [0.00949405692518, 0.0165518503636, 0.0192790441215, 0.0152720576152, 0.00981279183179, 0.00567302387208]
        dvar2: [0.0277224350721, 0.0476852767169, 0.0509291999042, 0.0425570011139, 0.0268372837454, 0.016318788752]
        max: [0.817670106888, 0.801959395409, 0.80426222086, 0.686557590961, 0.687319457531, 0.681442260742]
        mean: [0.153802901506, 0.205380544066, 0.184013575315, 0.142631620169, 0.210704773664, 0.165902495384]
        median: [0.128747493029, 0.146070629358, 0.114846371114, 0.087157189846, 0.193608552217, 0.166778877378]
        min: [0, 0, 0, 0, 0, 0]
        var: [0.0123928729445, 0.0294069871306, 0.0295284613967, 0.018736159429, 0.0179927758873, 0.0158258322626]
    beats_position: [0.452789098024, 0.917188167572, 1.34675729275, 1.78793644905, 2.22911548615, 2.67029476166, 3.11147379875, 3.54104304314, 3.98222208023, 4.41179132462, 4.841360569, 5.27092981339, 5.71210861206, 6.15328788757, 6.58285713196, 7.01242637634, 7.44199514389, 7.87156438828, 8.31274318695, 8.75392246246, 9.19510173798, 9.63628101349, 10.0658502579, 10.4954195023, 10.9249887466, 11.354557991, 11.7957363129, 12.2369155884, 12.6664848328, 13.1076641083, 13.5604534149, 14.0016326904, 14.4544210434, 14.90721035, 15.3599996567, 15.8243989944, 16.2771873474, 16.7415866852, 17.1943759918, 17.6471652985, 18.088344574, 18.5295238495, 18.970703125, 19.4118824005, 19.853061676, 20.2942390442, 20.7238082886, 21.153377533, 21.5945568085, 22.0241260529, 22.4536952972, 22.8948745728, 23.3360538483, 23.7772331238, 24.2068023682, 24.6363716125, 25.0659408569, 25.4955101013, 25.9250793457, 26.3546485901, 26.7958278656, 27.2370071411, 27.6781845093, 28.1193637848, 28.537322998, 28.9668922424, 29.3964614868, 29.8376407623, 30.2788200378, 30.7199993134, 31.1495685577, 31.5791378021, 32.0087051392, 32.4382743835, 32.8794555664, 33.3090248108, 33.7385940552, 34.1797714233, 34.6209526062, 35.0621299744, 35.5033111572, 35.9328804016, 36.3740577698, 36.8152389526, 37.244808197, 37.6743774414, 38.1039466858, 38.5335159302, 38.9746932983, 39.4042625427, 39.8454399109, 40.2750091553, 40.7045783997, 41.1457595825, 41.5869369507, 42.0165061951, 42.4460754395, 42.8872566223, 43.3168258667, 43.7463951111, 44.1875724792, 44.6287536621, 45.0699310303, 45.5111083984, 45.9638977051, 46.4166870117, 46.8578681946, 47.2990455627, 47.7402267456, 48.1814041138, 48.6225852966, 49.0637626648, 49.5281639099, 49.9925613403, 50.445350647, 50.8865280151, 51.3393173218, 51.7804985046, 52.2216758728, 52.6628570557, 53.1156463623, 53.5568237305, 53.9863929749, 54.4275741577, 54.8687515259, 55.3215408325, 55.7743301392, 56.2271194458, 56.6799087524, 57.1326980591, 57.5854873657, 58.0382766724, 58.491065979, 58.9438552856, 59.3850326538, 59.8378219604, 60.2789993286, 60.7201805115, 61.1613578796, 61.6025390625, 62.0553283691, 62.5081176758, 62.9725151062, 63.4369163513, 63.889705658, 64.3424911499, 64.7952804565, 65.2480697632, 65.6892471313, 66.1304321289, 66.5716094971, 67.0127868652, 67.4539642334, 67.895149231, 68.3363265991, 68.7658920288, 69.1954650879, 69.6366424561, 70.0778198242, 70.5189971924, 70.9601821899, 71.4013595581, 71.8425369263, 72.2953262329, 72.7481155396, 73.2009048462, 73.6536941528, 74.1064834595, 74.5592727661, 75.0120620728, 75.4648513794, 75.917640686, 76.3588180542, 76.7999954224, 77.252784729, 77.7055740356, 78.1583633423, 78.6227645874, 79.075553894, 79.5283432007, 79.9927444458, 80.4455337524, 80.8983230591, 81.3395004272, 81.7806777954, 82.2218551636, 82.6630401611, 83.1042175293, 83.533782959, 83.9865722656, 84.4277572632, 84.9850311279, 85.5539245605, 86.1111984253, 86.656867981, 87.2025375366, 87.7482070923, 88.2938766479, 88.8395462036, 89.3736038208, 89.907661438, 90.4417190552, 90.9757843018, 91.5098419189, 92.0438995361, 92.5547409058, 93.0887985229, 93.6228561401, 94.1453018188, 94.667755127, 95.2018127441, 95.7358703613, 96.2699279785, 96.7923812866, 97.3148269653, 97.8488845825, 98.3829498291, 98.9170074463, 99.439453125, 99.9619064331, 100.49596405, 101.030021667, 101.564079285, 102.086524963, 102.608978271, 103.143035889, 103.688705444, 104.245986938, 104.803260803, 105.372154236, 105.952651978, 106.486709595, 107.020767212, 107.554824829, 108.088890076, 108.611335754, 109.145393372, 109.66784668, 110.201904297, 110.735961914, 111.270019531, 111.804077148, 112.326530457, 112.848976135, 113.383033752, 113.917098999, 114.439544678, 114.961990356, 115.496055603, 116.03011322, 116.552558899, 117.075012207, 117.609069824, 118.143127441, 118.677185059, 119.211242676, 119.745300293, 120.27936554, 120.801811218, 121.324264526, 121.858322144, 122.380767822, 122.914825439, 123.437278748, 123.959724426, 124.482177734, 125.016235352, 125.550292969, 126.084350586, 126.618408203, 127.15246582, 127.686531067, 128.208984375, 128.731430054, 129.253875732, 129.776321411, 130.310379028, 130.844436646, 131.378494263, 131.912567139, 132.446624756, 132.969070435, 133.491516113, 134.02557373, 134.559631348, 135.093688965, 135.616149902, 136.138595581, 136.66104126, 137.183486938, 137.717544556, 138.251602173, 138.78565979, 139.319732666, 139.853790283, 140.411056519, 140.979949951, 141.537231445, 142.106124878, 142.663391113, 143.197463989, 143.731521606, 144.265579224, 144.788024902, 145.310470581, 145.83291626, 146.355377197, 146.889434814, 147.423492432, 147.957550049, 148.491607666, 149.025665283, 149.548110962, 150.082168579, 150.604629517, 151.138687134, 151.661132813, 152.183578491, 152.70602417, 153.228485107, 153.762542725, 154.296600342, 154.830657959, 155.364715576, 155.898773193, 156.432830811, 156.966888428, 157.500946045, 158.023391724, 158.5574646, 159.079910278, 159.613967896, 160.148025513, 160.670471191, 161.19291687, 161.726974487, 162.261047363, 162.79510498, 163.317550659, 163.839996338, 164.374053955, 164.908111572, 165.430557251, 165.953018188, 166.487075806, 167.021133423, 167.55519104, 168.089248657, 168.623306274, 169.145751953, 169.668212891, 170.202270508, 170.736328125, 171.235549927, 171.746398926, 172.245620728, 172.791290283, 173.348571777, 173.894241333, 174.439910889, 174.973968506, 175.519638062, 176.065307617, 176.622589111, 177.179855347, 177.737136841, 178.294418335, 178.840087891, 179.374145508, 179.908203125, 180.442260742, 180.964706421, 181.487167358, 182.021224976, 182.555282593, 183.08934021, 183.623397827, 184.157455444, 184.679901123, 185.21395874, 185.759628296, 186.282089233, 186.804534912, 187.326980591, 187.84942627, 188.383483887, 188.917541504, 189.440002441, 189.96244812, 190.484893799, 191.007339478, 191.529785156, 192.052246094, 192.586303711, 193.120361328, 193.654418945, 194.188476563, 194.72253418, 195.256591797, 195.790649414, 196.324707031, 196.858764648, 197.381225586, 197.915283203, 198.44934082, 198.971786499, 199.494232178, 200.016693115, 200.550750732, 201.073196411, 201.59564209, 202.129699707, 202.652145386, 203.186203003, 203.720275879, 204.254333496, 204.788391113, 205.334060669, 205.844894409, 206.378952026, 206.901397705, 207.423858643, 207.95791626, 208.491973877, 209.026031494, 209.560089111, 210.094146729, 210.616592407, 211.139038086, 211.673095703, 212.207168579, 212.741226196, 213.263671875, 213.786117554, 214.308563232, 214.831008911, 215.365081787, 215.899139404, 216.433197021, 216.967254639, 217.489700317, 218.012145996, 218.546203613, 219.068664551, 219.602722168, 220.136779785, 220.682449341, 221.216506958, 221.750564575, 222.261398315, 222.783843994, 223.31791687, 223.840362549, 224.374420166, 224.908477783, 225.4425354, 225.964981079, 226.487426758, 227.021499634, 227.543945313, 228.066390991, 228.600448608, 229.134506226, 229.668563843, 230.191009521, 230.725082397, 231.247528076, 231.781585693, 232.315643311, 232.849700928, 233.383758545, 233.917816162, 234.451873779, 234.974319458, 235.496780396, 236.030838013, 236.56489563, 237.098953247, 237.633010864, 238.167068481, 238.712738037, 239.258407593]
