
metadata:
    version:
        essentia: "2.1-beta2"
    audio_properties:
        analysis_sample_rate: 44100
        bitrate: 320
        channels: 2
        equal_loudness: 1
        length: 176.71836853
        replay_gain: -15.9936771393
        downmix: "mix"
    tags:
        album: "Bullet For My Valentine (EP)"
        artist: "Bullet For My Valentine"
        comment: ""
        date: "2004"
        genre: "Metalcore"
        title: "Just Another Star"
        tracknumber: "05"

configuration:
    average_loudness:
        compute: 1
        frameSize: 88200
        hopSize: 44100
        silentFrames: "noise"
        windowType: "hann"
    general:
        analysisSampleRate: 44100
        endTime: 2000
        equalLoudness: 1
        nequalLoudness: 0
        shortSound: 0
        startTime: 0
    lowlevel:
        compute: 1
        frameSize: 2048
        hopSize: 1024
        zeroPadding: 0
        silentFrames: "noise"
        windowType: "blackmanharris62"
        mfccStats: ["mean", "cov", "icov"]
        stats: ["mean", "var", "median", "min", "max", "dmean", "dmean2", "dvar", "dvar2"]
    panning:
        compute: 0
        frameSize: 8192
        hopSize: 2048
        zeroPadding: 8192
        silentFrames: "noise"
        windowType: "hann"
        stats: ["copy"]
    rhythm:
        compute: 1
        maxTempo: 208
        minTempo: 40
        method: "degara"
        stats: ["mean", "var", "median", "min", "max", "dmean", "dmean2", "dvar", "dvar2"]
    segmentation:
        compute: 0
        cpw: 5
        inc1: 300
        inc2: 50
        minimumSegmentsLength: 10
        size1: 1000
        size2: 600
    sfx:
        compute: 1
        stats: ["mean", "var", "median", "min", "max", "dmean", "dmean2", "dvar", "dvar2"]
    svm:
        compute: 0
    tonal:
        compute: 1
        frameSize: 4096
        hopSize: 2048
        zeroPadding: 0
        silentFrames: "noise"
        windowType: "blackmanharris62"
        stats: ["mean", "var", "median", "min", "max", "dmean", "dmean2", "dvar", "dvar2"]

lowlevel:
    average_loudness: 0.950623571873
    barkbands_kurtosis:
        dmean: 0.756239712238
        dmean2: 1.2499307394
        dvar: 1.34181499481
        dvar2: 3.22179579735
        max: 35.0598220825
        mean: -0.41888487339
        median: -0.824847817421
        min: -1.92263829708
        var: 2.60634231567
    barkbands_skewness:
        dmean: 0.437357783318
        dmean2: 0.684965491295
        dvar: 0.197925642133
        dvar2: 0.477438777685
        max: 5.6646361351
        mean: -0.430422276258
        median: -0.527411997318
        min: -2.89336967468
        var: 0.680734217167
    barkbands_spread:
        dmean: 5.92318201065
        dmean2: 9.41614723206
        dvar: 29.858171463
        dvar2: 73.5043563843
        max: 74.8489837646
        mean: 32.4150352478
        median: 31.8612060547
        min: 3.64781951904
        var: 103.372421265
    dissonance:
        dmean: 0.00948118884116
        dmean2: 0.016225464642
        dvar: 9.8127493402e-005
        dvar2: 0.000267255061772
        max: 0.500000119209
        mean: 0.484830349684
        median: 0.488149881363
        min: 0.323880404234
        var: 0.000158756622113
    hfc:
        dmean: 2.63077330589
        dmean2: 4.2167725563
        dvar: 8.57347679138
        dvar2: 22.4839725494
        max: 37.0305023193
        mean: 10.9021167755
        median: 10.9292545319
        min: 1.05996657463e-016
        var: 30.2273006439
    pitch:
        dmean: 808.298034668
        dmean2: 1542.39489746
        dvar: 1537556.375
        dvar2: 3650023
        max: 5427.21386719
        mean: 1916.39001465
        median: 1576.17529297
        min: 58.3791847229
        var: 2487491
    pitch_instantaneous_confidence:
        dmean: 0.07818120718
        dmean2: 0.130625113845
        dvar: 0.0040136417374
        dvar2: 0.0107791312039
        max: 0.897110164165
        mean: 0.361816734076
        median: 0.353931725025
        min: 0.0888867378235
        var: 0.0114431809634
    pitch_salience:
        dmean: 0.0609039925039
        dmean2: 0.0994965061545
        dvar: 0.00333528895862
        dvar2: 0.00863845460117
        max: 0.922893702984
        mean: 0.675376534462
        median: 0.69239616394
        min: 0.234071925282
        var: 0.00723436893895
    silence_rate_20dB:
        dmean: 0
        dmean2: 0
        dvar: 0
        dvar2: 0
        max: 1
        mean: 1
        median: 1
        min: 1
        var: 0
    silence_rate_30dB:
        dmean: 0
        dmean2: 0
        dvar: 0
        dvar2: 0
        max: 1
        mean: 1
        median: 1
        min: 1
        var: 0
    silence_rate_60dB:
        dmean: 0.0609643943608
        dmean2: 0.12194480747
        dvar: 0.0572513416409
        dvar2: 0.12732039392
        max: 1
        mean: 0.166184976697
        median: 0
        min: 0
        var: 0.138556614518
    spectral_centroid:
        dmean: 311.341949463
        dmean2: 488.521484375
        dvar: 115523.046875
        dvar2: 264089.84375
        max: 11854.1835938
        mean: 2210.33422852
        median: 2155.91015625
        min: 206.001052856
        var: 1672425.5
    spectral_complexity:
        dmean: 4.20444107056
        dmean2: 6.61997365952
        dvar: 14.7769594193
        dvar2: 35.588596344
        max: 47
        mean: 20.3805828094
        median: 22
        min: 0
        var: 77.6841583252
    spectral_crest:
        dmean: 2.15134477615
        dmean2: 3.68717122078
        dvar: 5.33933782578
        dvar2: 14.9025192261
        max: 19.9524364471
        mean: 6.60471963882
        median: 5.88940429688
        min: 2.46408605576
        var: 7.08085632324
    spectral_decrease:
        dmean: 3.00550029309e-010
        dmean2: 4.98012853178e-010
        dvar: 1.97590429453e-019
        dvar2: 5.26988806644e-019
        max: 1.90677873776e-028
        mean: -1.13288800563e-009
        median: -1.06513087239e-009
        min: -4.74440886578e-009
        var: 3.26774831706e-019
    spectral_energy:
        dmean: 0.00132297119126
        dmean2: 0.0021841309499
        dvar: 3.33015418619e-006
        dvar2: 8.82138829184e-006
        max: 0.0195184722543
        mean: 0.00526462262496
        median: 0.00505264289677
        min: 9.84565779699e-021
        var: 6.47126807962e-006
    spectral_energyband_high:
        dmean: 0.000234569160966
        dmean2: 0.000393236754462
        dvar: 1.19424768741e-007
        dvar2: 3.1159558489e-007
        max: 0.00465971278027
        mean: 0.000560716842301
        median: 0.000482289091451
        min: 7.06289135381e-021
        var: 1.80983448672e-007
    spectral_energyband_low:
        dmean: 0.00023350219999
        dmean2: 0.000377716409275
        dvar: 1.01302291e-007
        dvar2: 2.47199949399e-007
        max: 0.00423813983798
        mean: 0.000387817708543
        median: 0.000279357976979
        min: 1.48717619797e-023
        var: 1.60521565817e-007
    spectral_energyband_middle_high:
        dmean: 0.000724227516912
        dmean2: 0.00113948050421
        dvar: 5.09808387505e-007
        dvar2: 1.28009401124e-006
        max: 0.0117134023458
        mean: 0.00307954079472
        median: 0.00293353805318
        min: 1.1732375591e-021
        var: 2.97496967505e-006
    spectral_energyband_middle_low:
        dmean: 0.000771647377405
        dmean2: 0.0013034743024
        dvar: 2.583550895e-006
        dvar2: 7.01583030605e-006
        max: 0.0156075432897
        mean: 0.00137197785079
        median: 0.000968095671851
        min: 1.56797098478e-022
        var: 2.41153702518e-006
    spectral_flatness_db:
        dmean: 0.013986366801
        dmean2: 0.0225281845778
        dvar: 0.000163916411111
        dvar2: 0.000406239327276
        max: 0.332026600838
        mean: 0.146366298199
        median: 0.143974930048
        min: 0.0508663840592
        var: 0.000708095147274
    spectral_flux:
        dmean: 0.00800426024944
        dmean2: 0.0124052800238
        dvar: 8.65671536303e-005
        dvar2: 0.000173341293703
        max: 0.121033228934
        mean: 0.0454992689192
        median: 0.0451156795025
        min: 6.22546736384e-011
        var: 0.000265470822342
    spectral_kurtosis:
        dmean: 0.987329423428
        dmean2: 1.65865254402
        dvar: 0.989303052425
        dvar2: 2.70809793472
        max: 19.2382659912
        mean: 3.26980948448
        median: 3.19852542877
        min: -1.25804722309
        var: 2.78176617622
    spectral_rms:
        dmean: 0.000267789728241
        dmean2: 0.000433511071606
        dvar: 1.01105548822e-007
        dvar2: 2.60057731793e-007
        max: 0.00436376128346
        mean: 0.00218142243102
        median: 0.00222022691742
        min: 3.09927734518e-012
        var: 3.7761262206e-007
    spectral_rolloff:
        dmean: 333.521331787
        dmean2: 545.145996094
        dvar: 217798.3125
        dvar2: 504508.59375
        max: 19616.7480469
        mean: 3849.16479492
        median: 3682.17773438
        min: 129.19921875
        var: 4238208.5
    spectral_skewness:
        dmean: 0.157902821898
        dmean2: 0.253226161003
        dvar: 0.0234260261059
        dvar2: 0.0569802969694
        max: 3.10854196548
        mean: 1.14057910442
        median: 1.15565133095
        min: -0.0896919444203
        var: 0.109556153417
    spectral_spread:
        dmean: 444990.15625
        dmean2: 648846.6875
        dvar: 537294176256
        dvar2: 994947497984
        max: 42335388
        mean: 4821072.5
        median: 4002392.5
        min: 2008700.5
        var: 2.33940283556e+013
    spectral_strongpeak:
        dmean: 0.608806669712
        dmean2: 1.0519888401
        dvar: 0.625639200211
        dvar2: 1.59614515305
        max: 8.44628429413
        mean: 0.82989180088
        median: 0.394870907068
        min: 0
        var: 0.992067754269
    zerocrossingrate:
        dmean: 0.00890787690878
        dmean2: 0.010809045285
        dvar: 8.68678253028e-005
        dvar2: 0.000112434019684
        max: 0.5244140625
        mean: 0.118339762092
        median: 0.115234375
        min: 0.015625
        var: 0.00305633991957
    barkbands:
        dmean: [5.42041043161e-008, 4.16038819822e-005, 0.000161924574059, 0.000123439735034, 0.00048136030091, 0.000125222300994, 0.000144363861182, 9.78170792223e-005, 0.000115344337246, 0.000112805508252, 0.00011485478899, 7.84333606134e-005, 7.39156457712e-005, 8.32886144053e-005, 9.48290544329e-005, 0.000149192172103, 0.000186854376807, 0.000199638030608, 0.000289854360744, 0.000204906813451, 0.000110880027933, 4.71671482956e-005, 7.72488874645e-006, 2.54989140558e-006, 1.1787690255e-006, 6.06633605571e-008, 4.28882762638e-010]
        dmean2: [9.62156434525e-008, 6.79231525282e-005, 0.00026445207186, 0.000205931675737, 0.000858950312249, 0.000211958773434, 0.000233620085055, 0.000162085649208, 0.000189064114238, 0.000181440642336, 0.000186896388186, 0.000128713436425, 0.000119693628221, 0.000136659800773, 0.000155642395839, 0.000245732109761, 0.000312147021759, 0.000334751501214, 0.000477035879157, 0.000347760767909, 0.000189307756955, 7.71209524828e-005, 1.25346796267e-005, 3.86568945032e-006, 1.70211694694e-006, 9.19835088098e-008, 7.24888427062e-010]
        dvar: [1.01206833848e-014, 5.63619817484e-009, 5.23542240671e-008, 2.56583394531e-008, 1.89593913547e-006, 1.03147527852e-007, 1.77383498112e-007, 8.50434176414e-008, 7.66431469401e-008, 8.80198243181e-008, 7.65774004208e-008, 2.95399811279e-008, 2.8401402119e-008, 3.23407789438e-008, 3.75775357497e-008, 5.92661670851e-008, 6.56429293144e-008, 5.20471274967e-008, 9.3270379864e-008, 6.02928906801e-008, 2.39205029118e-008, 1.12588942613e-008, 2.42721509558e-010, 5.23618093329e-011, 1.201809572e-011, 3.14591085929e-014, 8.58911105754e-019]
        dvar2: [3.10871188275e-014, 1.43927705309e-008, 1.25634713299e-007, 6.5986789366e-008, 5.3512485465e-006, 2.79377047718e-007, 4.11299026837e-007, 1.99819439217e-007, 1.9486763847e-007, 2.21008249923e-007, 1.97617779918e-007, 8.14944485228e-008, 6.99370872326e-008, 8.38957276983e-008, 9.48270511003e-008, 1.45398445284e-007, 1.78672550533e-007, 1.38708600161e-007, 2.48106687195e-007, 1.67932157069e-007, 6.40069899305e-008, 2.37290205263e-008, 5.56116430683e-010, 9.18228895697e-011, 2.03238398333e-011, 6.6351241721e-014, 2.23588863448e-018]
        max: [1.04616344743e-006, 0.000831740384456, 0.00333691528067, 0.00246941368096, 0.0138353407383, 0.00756397424266, 0.0075176814571, 0.00596942007542, 0.00687812129036, 0.00561249488965, 0.00515897385776, 0.00395724736154, 0.00416403543204, 0.00317303906195, 0.00432505505159, 0.00692754844204, 0.00555677898228, 0.00433496618643, 0.00561787560582, 0.00259638181888, 0.00216405163519, 0.00219171121716, 0.000264204456471, 0.000201821574592, 0.00010579454829, 6.14485679762e-006, 2.58053454161e-008]
        mean: [6.64990267296e-008, 5.52826168132e-005, 0.000234138555243, 0.000170604951563, 0.000488383579068, 0.000178901784238, 0.000194034131709, 0.000121383280202, 0.000178255068022, 0.000168146769283, 0.000176225468749, 0.000133762165206, 0.000129445630591, 0.000131795357447, 0.000165362362168, 0.000297885941109, 0.00039557472337, 0.000458588503534, 0.000772219907958, 0.000473087711725, 0.000239099419559, 8.23199661681e-005, 1.31928381961e-005, 4.7822554734e-006, 2.00579711418e-006, 8.30522353112e-008, 5.15696874093e-010]
        median: [2.33238317549e-008, 3.01637264783e-005, 0.000149111278006, 0.000109991437057, 0.000206659009564, 0.000103886661236, 7.30828469386e-005, 4.5890265028e-005, 9.36308279051e-005, 5.34322825843e-005, 4.94278792758e-005, 5.29768003616e-005, 4.10863794968e-005, 6.00881176069e-005, 8.01656715339e-005, 0.000210949190659, 0.000310703006107, 0.000394836708438, 0.00069338112371, 0.000426282465924, 0.000202604089282, 5.21346883033e-005, 6.83342750563e-006, 2.00963563657e-006, 8.39936888042e-007, 2.6769210848e-008, 2.82164458465e-010]
        min: [5.10787238915e-025, 1.79609468066e-024, 5.23943861093e-025, 1.45420118104e-024, 4.25270851371e-024, 7.50989270883e-024, 4.00960367083e-024, 1.0023151488e-023, 9.7406903746e-024, 7.09273832899e-024, 1.16359791865e-023, 2.54569531969e-023, 2.69079886791e-023, 2.35903473675e-023, 3.12643625877e-023, 5.19802475447e-023, 4.29097702397e-023, 9.25004855272e-023, 1.1358969733e-022, 1.55740315166e-022, 2.25944833654e-022, 2.35162212637e-022, 3.0455120041e-022, 5.45620176313e-022, 8.37625888245e-022, 1.14870214217e-021, 1.98246576742e-021]
        var: [1.0993295033e-014, 5.97703220251e-009, 8.00852788529e-008, 3.93042149938e-008, 1.26910435938e-006, 9.31795938186e-008, 2.1116551352e-007, 9.75182743446e-008, 1.27946066186e-007, 1.45704632359e-007, 1.38064109478e-007, 5.74566776379e-008, 6.35678958361e-008, 4.86980020753e-008, 7.22717032886e-008, 1.17649946674e-007, 1.4327170561e-007, 1.1310588377e-007, 2.72772837207e-007, 1.00463502406e-007, 3.51924853703e-008, 1.75651475587e-008, 4.3286429996e-010, 1.28969362967e-010, 3.01763197763e-011, 4.68566429147e-014, 8.36175684727e-019]
    frequency_bands:
        dmean: [5.42041043161e-008, 4.16038819822e-005, 0.000161924574059, 0.000123439735034, 0.00048136030091, 0.000125222300994, 0.000144363861182, 9.78170792223e-005, 0.000115344337246, 0.000112805508252, 0.00011485478899, 7.84333606134e-005, 7.39156457712e-005, 8.32886144053e-005, 9.48290544329e-005, 0.000149192172103, 0.000186854376807, 0.000199638030608, 0.000289854360744, 0.000204906813451, 0.000110880027933, 4.71671482956e-005, 7.72488874645e-006, 2.54989140558e-006, 1.1787690255e-006, 6.06633605571e-008, 4.28882762638e-010, 6.15113585067e-011]
        dmean2: [9.62156434525e-008, 6.79231525282e-005, 0.00026445207186, 0.000205931675737, 0.000858950312249, 0.000211958773434, 0.000233620085055, 0.000162085649208, 0.000189064114238, 0.000181440642336, 0.000186896388186, 0.000128713436425, 0.000119693628221, 0.000136659800773, 0.000155642395839, 0.000245732109761, 0.000312147021759, 0.000334751501214, 0.000477035879157, 0.000347760767909, 0.000189307756955, 7.71209524828e-005, 1.25346796267e-005, 3.86568945032e-006, 1.70211694694e-006, 9.19835088098e-008, 7.24888427062e-010, 1.14396728201e-010]
        dvar: [1.01206833848e-014, 5.63619817484e-009, 5.23542240671e-008, 2.56583394531e-008, 1.89593913547e-006, 1.03147527852e-007, 1.77383498112e-007, 8.50434176414e-008, 7.66431469401e-008, 8.80198243181e-008, 7.65774004208e-008, 2.95399811279e-008, 2.8401402119e-008, 3.23407789438e-008, 3.75775357497e-008, 5.92661670851e-008, 6.56429293144e-008, 5.20471274967e-008, 9.3270379864e-008, 6.02928906801e-008, 2.39205029118e-008, 1.12588942613e-008, 2.42721509558e-010, 5.23618093329e-011, 1.201809572e-011, 3.14591085929e-014, 8.58911105754e-019, 7.15491438916e-021]
        dvar2: [3.10871188275e-014, 1.43927705309e-008, 1.25634713299e-007, 6.5986789366e-008, 5.3512485465e-006, 2.79377047718e-007, 4.11299026837e-007, 1.99819439217e-007, 1.9486763847e-007, 2.21008249923e-007, 1.97617779918e-007, 8.14944485228e-008, 6.99370872326e-008, 8.38957276983e-008, 9.48270511003e-008, 1.45398445284e-007, 1.78672550533e-007, 1.38708600161e-007, 2.48106687195e-007, 1.67932157069e-007, 6.40069899305e-008, 2.37290205263e-008, 5.56116430683e-010, 9.18228895697e-011, 2.03238398333e-011, 6.6351241721e-014, 2.23588863448e-018, 2.24966437115e-020]
        max: [1.04616344743e-006, 0.000831740384456, 0.00333691528067, 0.00246941368096, 0.0138353407383, 0.00756397424266, 0.0075176814571, 0.00596942007542, 0.00687812129036, 0.00561249488965, 0.00515897385776, 0.00395724736154, 0.00416403543204, 0.00317303906195, 0.00432505505159, 0.00692754844204, 0.00555677898228, 0.00433496618643, 0.00561787560582, 0.00259638181888, 0.00216405163519, 0.00219171121716, 0.000264204456471, 0.000201821574592, 0.00010579454829, 6.14485679762e-006, 2.58053454161e-008, 1.16999621103e-009]
        mean: [6.64990267296e-008, 5.52826168132e-005, 0.000234138555243, 0.000170604951563, 0.000488383579068, 0.000178901784238, 0.000194034131709, 0.000121383280202, 0.000178255068022, 0.000168146769283, 0.000176225468749, 0.000133762165206, 0.000129445630591, 0.000131795357447, 0.000165362362168, 0.000297885941109, 0.00039557472337, 0.000458588503534, 0.000772219907958, 0.000473087711725, 0.000239099419559, 8.23199661681e-005, 1.31928381961e-005, 4.7822554734e-006, 2.00579711418e-006, 8.30522353112e-008, 5.15696874093e-010, 4.77481700012e-011]
        median: [2.33238317549e-008, 3.01637264783e-005, 0.000149111278006, 0.000109991437057, 0.000206659009564, 0.000103886661236, 7.30828469386e-005, 4.5890265028e-005, 9.36308279051e-005, 5.34322825843e-005, 4.94278792758e-005, 5.29768003616e-005, 4.10863794968e-005, 6.00881176069e-005, 8.01656715339e-005, 0.000210949190659, 0.000310703006107, 0.000394836708438, 0.00069338112371, 0.000426282465924, 0.000202604089282, 5.21346883033e-005, 6.83342750563e-006, 2.00963563657e-006, 8.39936888042e-007, 2.6769210848e-008, 2.82164458465e-010, 1.86303229788e-011]
        min: [5.10787238915e-025, 1.79609468066e-024, 5.23943861093e-025, 1.45420118104e-024, 4.25270851371e-024, 7.50989270883e-024, 4.00960367083e-024, 1.0023151488e-023, 9.7406903746e-024, 7.09273832899e-024, 1.16359791865e-023, 2.54569531969e-023, 2.69079886791e-023, 2.35903473675e-023, 3.12643625877e-023, 5.19802475447e-023, 4.29097702397e-023, 9.25004855272e-023, 1.1358969733e-022, 1.55740315166e-022, 2.25944833654e-022, 2.35162212637e-022, 3.0455120041e-022, 5.45620176313e-022, 8.37625888245e-022, 1.14870214217e-021, 1.98246576742e-021, 4.31269979205e-022]
        var: [1.0993295033e-014, 5.97703220251e-009, 8.00852788529e-008, 3.93042149938e-008, 1.26910435938e-006, 9.31795938186e-008, 2.1116551352e-007, 9.75182743446e-008, 1.27946066186e-007, 1.45704632359e-007, 1.38064109478e-007, 5.74566776379e-008, 6.35678958361e-008, 4.86980020753e-008, 7.22717032886e-008, 1.17649946674e-007, 1.4327170561e-007, 1.1310588377e-007, 2.72772837207e-007, 1.00463502406e-007, 3.51924853703e-008, 1.75651475587e-008, 4.3286429996e-010, 1.28969362967e-010, 3.01763197763e-011, 4.68566429147e-014, 8.36175684727e-019, 5.83160635483e-021]
    mfcc:
        mean: [-698.066650391, 90.9841003418, -57.8888816833, 60.1434211731, -16.5789699554, -3.80128192902, -0.685784935951, -1.37743759155, -1.48801827431, -7.14910125732, -5.55289459229, -7.04881715775, -4.6437087059]
        cov: [[6235.45800781, 690.228393555, -742.632507324, 557.401611328, -341.745330811, -49.042755127, -57.6067733765, -19.4506072998, -69.9945297241, -65.3620986938, -43.9705886841, -54.2663955688, -26.6789989471], [690.228393555, 697.099975586, -233.809951782, 184.993881226, -30.7774162292, -7.73828744888, 45.4169845581, -1.25225365162, 1.64890027046, -21.0393447876, -13.6139240265, -37.563243866, -30.6201820374], [-742.632507324, -233.809951782, 605.505737305, -26.7531394958, 167.031860352, -13.5494880676, -66.2824859619, 28.7402324677, -3.77435779572, 17.9534416199, -31.245885849, 5.8636598587, -17.2274188995], [557.401611328, 184.993881226, -26.7531394958, 347.455993652, 54.5649795532, -11.3989334106, -17.1660327911, -5.88453245163, 55.7587661743, 5.21143007278, 0.153742238879, 11.3629760742, 1.98193657398], [-341.745330811, -30.7774162292, 167.031860352, 54.5649795532, 183.584716797, 32.5387115479, -15.9416780472, 3.54716396332, 20.7450561523, 23.2947750092, -6.78447246552, 8.64775276184, 0.953614354134], [-49.042755127, -7.73828744888, -13.5494880676, -11.3989334106, 32.5387115479, 131.209152222, 60.6538467407, 30.6049289703, -5.74867582321, 10.3479719162, 18.0727672577, 4.49303913116, 4.95572710037], [-57.6067733765, 45.4169845581, -66.2824859619, -17.1660327911, -15.9416780472, 60.6538467407, 143.940460205, 46.9022369385, 13.2741508484, -11.7865514755, 12.3079519272, 12.6995534897, 0.170194208622], [-19.4506072998, -1.25225365162, 28.7402324677, -5.88453245163, 3.54716396332, 30.6049289703, 46.9022369385, 95.6600189209, 30.6795578003, 10.9151687622, -6.6011929512, -0.276885032654, -1.20727932453], [-69.9945297241, 1.64890027046, -3.77435779572, 55.7587661743, 20.7450561523, -5.74867582321, 13.2741508484, 30.6795578003, 84.3241882324, 31.1210289001, 12.5237855911, 3.36043810844, 2.80492687225], [-65.3620986938, -21.0393447876, 17.9534416199, 5.21143007278, 23.2947750092, 10.3479719162, -11.7865514755, 10.9151687622, 31.1210289001, 71.4398269653, 29.2914237976, 13.6565885544, -0.624822676182], [-43.9705886841, -13.6139240265, -31.245885849, 0.153742238879, -6.78447246552, 18.0727672577, 12.3079519272, -6.6011929512, 12.5237855911, 29.2914237976, 65.0046920776, 30.5363712311, 14.7254590988], [-54.2663955688, -37.563243866, 5.8636598587, 11.3629760742, 8.64775276184, 4.49303913116, 12.6995534897, -0.276885032654, 3.36043810844, 13.6565885544, 30.5363712311, 64.7048034668, 30.9260997772], [-26.6789989471, -30.6201820374, -17.2274188995, 1.98193657398, 0.953614354134, 4.95572710037, 0.170194208622, -1.20727932453, 2.80492687225, -0.624822676182, 14.7254590988, 30.9260997772, 56.4369125366]]
        icov: [[0.000277419079794, -3.8103418774e-005, 0.000235490544583, -0.000572979508433, 0.000466518424219, -7.41612093407e-005, 0.000261062668869, -0.000332517025527, 0.000612773001194, -0.000181146984687, 0.000200684560696, 5.40073378943e-005, 7.87858080002e-005], [-3.8103418774e-005, 0.00223292363808, 0.000840247317683, -0.00128467218019, -0.000501050963067, 0.000838519365061, -0.000998691772111, -0.000486745819217, 0.00140345247928, -0.000325934845023, -0.000230211371672, 0.00141914840788, 0.000631556089502], [0.000235490544583, 0.000840247317683, 0.00328111974522, -0.000411611807067, -0.00248913862742, 0.00102378346492, 0.00117780524306, -0.00230135256425, 0.00182609306648, 1.73879070644e-005, 0.000475137116155, -0.000606998160947, 0.00160068506375], [-0.000572979508433, -0.00128467218019, -0.000411611807067, 0.00571567751467, -0.00200941460207, -0.000528302160092, 0.00104918668512, 0.00151446566451, -0.0052447183989, 0.00217320700176, 0.000157320071594, -0.00257118977606, 0.000467970152386], [0.000466518424219, -0.000501050963067, -0.00248913862742, -0.00200941460207, 0.0105889579281, -0.00420045340434, 0.000948162341956, 0.00229538604617, -0.0018353991909, -0.00238755834289, 0.00357998046093, -0.00142893113662, -0.000590674346313], [-7.41612093407e-005, 0.000838519365061, 0.00102378346492, -0.000528302160092, -0.00420045340434, 0.0130968168378, -0.00544481258839, -0.00362851750106, 0.00589843885973, -0.00252637965605, -0.00440659746528, 0.00437099300325, -0.00195586774498], [0.000261062668869, -0.000998691772111, 0.00117780524306, 0.00104918668512, 0.000948162341956, -0.00544481258839, 0.0133574521169, -0.00477153481916, -0.00331054488197, 0.00599733227864, -0.0012832225766, -0.00529507594183, 0.00369130703621], [-0.000332517025527, -0.000486745819217, -0.00230135256425, 0.00151446566451, 0.00229538604617, -0.00362851750106, -0.00477153481916, 0.0177400521934, -0.00773312803358, -0.00256922864355, 0.00586410053074, -0.00092551310081, -0.00117023778148], [0.000612773001194, 0.00140345247928, 0.00182609306648, -0.0052447183989, -0.0018353991909, 0.00589843885973, -0.00331054488197, -0.00773312803358, 0.0236770976335, -0.00889856275171, -0.00312781101093, 0.0058676134795, -0.00252413144335], [-0.000181146984687, -0.000325934845023, 1.73879070644e-005, 0.00217320700176, -0.00238755834289, -0.00252637965605, 0.00599733227864, -0.00256922864355, -0.00889856275171, 0.0248774848878, -0.00992114283144, -0.00411272933707, 0.00541563378647], [0.000200684560696, -0.000230211371672, 0.000475137116155, 0.000157320071594, 0.00357998046093, -0.00440659746528, -0.0012832225766, 0.00586410053074, -0.00312781101093, -0.00992114283144, 0.0284197498113, -0.0106154577807, -0.000987373641692], [5.40073378943e-005, 0.00141914840788, -0.000606998160947, -0.00257118977606, -0.00142893113662, 0.00437099300325, -0.00529507594183, -0.00092551310081, 0.0058676134795, -0.00411272933707, -0.0106154577807, 0.0298101305962, -0.013565627858], [7.87858080002e-005, 0.000631556089502, 0.00160068506375, 0.000467970152386, -0.000590674346313, -0.00195586774498, 0.00369130703621, -0.00117023778148, -0.00252413144335, 0.00541563378647, -0.000987373641692, -0.013565627858, 0.0265932120383]]
    sccoeffs:
        dmean: [0.0589383877814, 0.0494223311543, 0.0402853041887, 0.0306889656931, 0.0193420965225, 0.0182206947356]
        dmean2: [0.0973008498549, 0.0806261897087, 0.0664471760392, 0.0506755895913, 0.0325261838734, 0.0286304019392]
        dvar: [0.00251235906035, 0.00161263265181, 0.00109343288932, 0.000622188556008, 0.000250247336226, 0.000282214983599]
        dvar2: [0.00672377180308, 0.00425315601751, 0.00289716105908, 0.00163646892179, 0.000677523668855, 0.000633425777778]
        max: [-0.271168738604, -0.469788908958, -0.527226924896, -0.569882750511, -0.634987413883, -0.576736986637]
        mean: [-0.636041402817, -0.767251431942, -0.783314347267, -0.791038632393, -0.800384819508, -0.719061791897]
        median: [-0.637627184391, -0.772063732147, -0.7899081707, -0.793384075165, -0.799777746201, -0.714657187462]
        min: [-0.980831682682, -0.983137488365, -0.978855013847, -0.973941147327, -0.966469705105, -0.964755535126]
        var: [0.00743135018274, 0.00468366406858, 0.0040216492489, 0.00238602934405, 0.00117128435522, 0.0026910752058]
    scvalleys:
        dmean: [0.421331763268, 0.360683381557, 0.311438947916, 0.238491341472, 0.204508051276, 0.274888396263]
        dmean2: [0.69266885519, 0.599037945271, 0.498233616352, 0.38064211607, 0.314459890127, 0.399693518877]
        dvar: [0.129517793655, 0.0988000184298, 0.0816774144769, 0.0580732598901, 0.064042776823, 0.131756767631]
        dvar2: [0.312827020884, 0.239311382174, 0.182115718722, 0.121529795229, 0.127921551466, 0.266992151737]
        max: [-5.29311466217, -4.70423460007, -4.94644832611, -5.49547338486, -5.56861257553, -7.39780902863]
        mean: [-7.48410749435, -6.97928571701, -7.19887161255, -7.31122636795, -6.88305568695, -9.952293396]
        median: [-7.01603651047, -6.55999755859, -6.81517314911, -6.91428661346, -6.38898658752, -9.57015609741]
        min: [-28.4757080078, -28.2230377197, -27.6851711273, -27.6417274475, -27.4660949707, -27.3915081024]
        var: [7.56991672516, 7.79469299316, 7.65702629089, 7.54727268219, 7.86880636215, 6.04039573669]

rhythm:
    beats_loudness:
        dmean: 0.00151255668607
        dmean2: 0.00265375431627
        dvar: 2.24064478971e-006
        dvar2: 5.87843487665e-006
        max: 0.0150660444051
        mean: 0.00566828390583
        median: 0.00555260619149
        min: 0
        var: 4.59015700471e-006
    bpm: 98.5138931274
    bpm_confidence: 0
    first_peak_bpm: 98
    first_peak_spread: 0.124542213976
    first_peak_weight: 0.818493127823
    onset_rate: 3.20849514008
    second_peak_bpm: 123
    second_peak_spread: 0.10000000149
    second_peak_weight: 0.0308219175786
    beats_loudness_band_ratio:
        dmean: [0.071466371417, 0.123647376895, 0.0827640816569, 0.0823427811265, 0.110000520945, 0.076919414103]
        dmean2: [0.126284688711, 0.231504932046, 0.146351516247, 0.150276839733, 0.186874046922, 0.129425644875]
        dvar: [0.00527830515057, 0.0144785745069, 0.0127583313733, 0.0105419671163, 0.00934325624257, 0.00447255186737]
        dvar2: [0.0148989576846, 0.0444682128727, 0.0368526540697, 0.0282661765814, 0.0282422546297, 0.0117135606706]
        max: [0.615358412266, 0.62796664238, 0.749970316887, 0.543786585331, 0.717188000679, 0.629063546658]
        mean: [0.118753790855, 0.134143665433, 0.106879077852, 0.113598704338, 0.277401179075, 0.275034248829]
        median: [0.0990319177508, 0.0831003338099, 0.0791236758232, 0.0579098165035, 0.271229624748, 0.276149958372]
        min: [0, 0, 0, 0, 0, 0]
        var: [0.00770391477272, 0.0171167571098, 0.0106916530058, 0.013109526597, 0.0131765669212, 0.0104111433029]
    beats_position: [0.580498874187, 1.16099774837, 1.75310659409, 2.34521532059, 2.94893407822, 3.55265307426, 4.1679816246, 4.78331041336, 5.39863920212, 6.01396799088, 6.6176867485, 7.23301553726, 7.83673477173, 8.45206356049, 9.05578231812, 9.65950107574, 10.2748298645, 10.8901586533, 11.505487442, 12.1208162308, 12.7245349884, 13.328253746, 13.9551925659, 14.5705213547, 15.1858501434, 15.8011789322, 16.4165077209, 17.031835556, 17.6355552673, 18.2508831024, 18.877822876, 19.4815406799, 20.0852603912, 20.7005901337, 21.3159179688, 21.9312477112, 22.5465755463, 23.1502952576, 23.7656230927, 24.3809528351, 24.984670639, 25.5883903503, 26.2037181854, 26.8190479279, 27.4343757629, 28.0497055054, 28.6650333405, 29.2687530518, 29.8840808868, 30.4878005981, 31.1031284332, 31.7184581757, 32.322177887, 32.9375038147, 33.5528335571, 34.1797714233, 34.783493042, 35.3988189697, 36.0141487122, 36.6178665161, 37.2331962585, 37.848526001, 38.4522438049, 39.0675735474, 39.6829032898, 40.2866210938, 40.91355896, 41.5172767639, 42.1209983826, 42.7247161865, 43.3516540527, 43.9669837952, 44.5823135376, 45.2092514038, 45.8129692078, 46.4166870117, 47.0320167542, 47.6473464966, 48.2510643005, 48.8780021667, 49.4817237854, 50.0854415894, 50.7007713318, 51.3160972595, 51.9198188782, 52.5351448059, 53.1504745483, 53.7658042908, 54.3811340332, 54.9964599609, 55.6117897034, 56.2155075073, 56.8308372498, 57.4461669922, 58.0498847961, 58.6536026001, 59.2573242188, 59.8610420227, 60.4879798889, 61.1033096313, 61.7186393738, 62.3339653015, 62.9376869202, 63.5530128479, 64.1683425903, 64.7836685181, 65.3990020752, 66.0143280029, 66.6180496216, 67.2333755493, 67.8487091064, 68.4524230957, 69.0677566528, 69.6830825806, 70.2868041992, 70.8905181885, 71.4942398071, 72.0863494873, 72.6784591675, 73.2821731567, 73.8858947754, 74.489616394, 75.0933303833, 75.6854400635, 76.2775497437, 76.8812713623, 77.4733810425, 78.0654830933, 78.6692047119, 79.2729263306, 79.8766403198, 80.4803619385, 81.0724716187, 81.6645812988, 82.2682952881, 82.8720169067, 83.4641265869, 84.0562362671, 84.6599502563, 85.263671875, 85.8673934937, 86.4711074829, 87.0748291016, 87.6785507202, 88.2822647095, 88.8859863281, 89.4897003174, 90.1050338745, 90.7203598022, 91.3356933594, 91.9510192871, 92.5547409058, 93.158454895, 93.7737884521, 94.3891143799, 95.0044403076, 95.6197738647, 96.2350997925, 96.8504257202, 97.4541473389, 98.0578689575, 98.6731948853, 99.288520813, 99.9154663086, 100.530792236, 101.134513855, 101.749839783, 102.353561401, 102.957275391, 103.572608948, 104.187934875, 104.803260803, 105.41859436, 106.02230835, 106.637641907, 107.241355896, 107.856689453, 108.460403442, 109.075737, 109.691062927, 110.306388855, 110.921722412, 111.53704834, 112.140769958, 112.756095886, 113.371429443, 113.986755371, 114.59047699, 115.205802917, 115.821128845, 116.436462402, 117.05178833, 117.667114258, 118.282447815, 118.897773743, 119.501495361, 120.116821289, 120.720542908, 121.324264526, 121.927978516, 122.554916382, 123.181854248, 123.785575867, 124.389297485, 124.993011475, 125.596733093, 126.200454712, 126.81578064, 127.431106567, 128.034820557, 128.638549805, 129.242263794, 129.845977783, 130.449707031, 131.053421021, 131.65713501, 132.260864258, 132.864578247, 133.468292236, 134.072021484, 134.675735474, 135.267837524, 135.859954834, 136.463668823, 137.067382813, 137.671112061, 138.27482605, 138.866943359, 139.45904541, 140.062759399, 140.666488647, 141.270202637, 141.873916626, 142.477645874, 143.081359863, 143.673461914, 144.265579224, 144.857681274, 145.449798584, 146.053512573, 146.657226563, 147.249343872, 147.853057861, 148.456771851, 149.060501099, 149.664215088, 150.279541016, 150.883255005, 151.486984253, 152.102310181, 152.717636108, 153.321365356, 153.936691284, 154.552017212, 155.16734314, 155.782669067, 156.397994995, 157.013336182, 157.617050171, 158.22076416, 158.824493408, 159.439819336, 160.055145264, 160.670471191, 161.285797119, 161.901138306, 162.516464233, 163.131790161, 163.747116089, 164.362442017, 164.977767944, 165.593109131, 166.208435059, 166.835372925, 167.462310791, 167.949935913, 168.437545776, 168.925170898, 169.389572144, 169.85395813, 170.318359375, 170.78276062, 171.235549927, 171.688339233, 172.14112854, 172.593917847, 173.06993103, 173.557540894, 174.045166016, 174.532791138, 175.020401001, 175.508026123, 175.995635986]
    bpm_estimates: [101.332717896, 101.332740784, 99.3840255737, 99.3839874268, 97.5088806152, 97.5088424683, 97.5088424683, 97.5088424683, 99.3840255737, 97.5088424683, 99.3839492798, 97.5088424683, 99.3840255737, 99.3840255737, 97.5088424683, 97.5088424683, 97.5088424683, 97.5088424683, 99.3840255737, 99.3840255737, 95.7031173706, 97.5088424683, 97.5088424683, 97.5088424683, 97.5088424683, 97.5089950562, 99.3838653564, 97.5089950562, 95.7029724121, 99.3841781616, 99.3838653564, 97.5086975098, 97.5089950562, 97.5086975098, 97.5089950562, 99.3838653564, 97.5089950562, 97.5086975098, 99.3841781616, 99.3838653564, 97.5089950562, 97.5086975098, 97.5089950562, 97.5086975098, 97.5089950562, 99.3838653564, 97.5089950562, 99.3838653564, 97.5089950562, 97.5086975098, 99.3838653564, 97.5093002319, 97.5086975098, 95.7032623291, 99.3835525513, 97.5093002319, 97.5086975098, 99.3841781616, 97.5086975098, 97.5086975098, 99.3841781616, 97.5086975098, 97.5086975098, 99.3841781616, 95.7032623291, 99.3841781616, 99.3835525513, 99.3841781616, 95.7032623291, 97.5086975098, 97.5086975098, 95.7032623291, 99.3841781616, 99.3841781616, 97.5086975098, 97.5086975098, 99.3841781616, 95.7032623291, 99.3835525513, 99.3841781616, 97.5086975098, 97.5093002319, 99.3835525513, 97.5093002319, 97.5086975098, 97.5086975098, 97.5086975098, 97.5093002319, 97.5086975098, 99.3841781616, 97.5086975098, 97.5086975098, 99.3841781616, 99.3841781616, 99.3835525513, 99.3841781616, 95.7032623291, 97.5086975098, 97.5086975098, 97.5093002319, 99.3835525513, 97.5093002319, 97.5086975098, 97.5093002319, 97.5080871582, 97.5093002319, 99.3835525513, 97.5093002319, 97.5080871582, 99.3848114014, 97.5080871582, 97.5093002319, 99.3835525513, 99.3848114014, 99.3835525513, 101.332580566, 101.332580566, 99.3848114014, 99.3835525513, 99.3835525513, 99.3848114014, 101.332580566, 101.332580566, 99.3835525513, 101.332580566, 101.333885193, 99.3835525513, 99.3835525513, 99.3848114014, 99.3835525513, 101.332580566, 101.332580566, 99.3848114014, 99.3835525513, 101.332580566, 101.332580566, 99.3848114014, 99.3835525513, 99.3835525513, 99.3848114014, 99.3835525513, 99.3835525513, 99.3848114014, 99.3835525513, 99.3848114014, 97.5080871582, 97.5093002319, 97.5080871582, 97.5093002319, 99.3835525513, 99.3848114014, 97.5080871582, 97.5093002319, 97.5093002319, 97.5080871582, 97.5093002319, 97.5093002319, 99.3835525513, 99.3835525513, 97.5093002319, 97.5093002319, 95.7021026611, 97.5093002319, 99.3835525513, 97.5093002319, 99.3835525513, 99.3848114014, 97.5080871582, 97.5093002319, 97.5093002319, 97.5080871582, 99.3848114014, 97.5080871582, 99.3848114014, 97.5080871582, 99.3848114014, 97.5080871582, 97.5093002319, 97.5093002319, 97.5080871582, 97.5093002319, 99.3835525513, 97.5093002319, 97.5080871582, 97.5093002319, 99.3835525513, 97.5093002319, 97.5093002319, 97.5080871582, 97.5093002319, 97.5093002319, 97.5080871582, 97.5093002319, 99.3835525513, 97.5093002319, 99.3835525513, 99.3835525513, 99.3848114014, 95.7032623291, 95.7032623291, 99.3835525513, 99.3835525513, 99.3848114014, 99.3835525513, 99.3835525513, 97.5093002319, 97.5093002319, 99.3848114014, 99.3823013306, 99.3848114014, 99.3848114014, 99.3823013306, 99.3848114014, 99.3848114014, 99.3823013306, 99.3848114014, 99.3848114014, 99.3823013306, 99.3848114014, 101.333885193, 101.331268311, 99.3848114014, 99.3848114014, 99.3823013306, 99.3848114014, 101.331268311, 101.333885193, 99.3848114014, 99.3823013306, 99.3848114014, 99.3848114014, 99.3823013306, 99.3848114014, 101.333885193, 101.331268311, 101.333885193, 101.331268311, 99.3848114014, 99.3848114014, 101.331268311, 99.3848114014, 99.3848114014, 99.3823013306, 99.3848114014, 97.5093002319, 99.3848114014, 99.3823013306, 97.5093002319, 97.5093002319, 99.3823013306, 97.5093002319, 97.5093002319, 97.5093002319, 97.5093002319, 97.5093002319, 97.5068817139, 99.3848114014, 99.3848114014, 99.3823013306, 97.5093002319, 97.5093002319, 97.5093002319, 97.5093002319, 97.5068817139, 97.5093002319, 97.5093002319, 97.5093002319, 97.5093002319, 97.5093002319, 97.5068817139, 97.5093002319, 95.7032623291, 95.7032623291]
