
metadata:
    version:
        essentia: "2.1-beta2"
    audio_properties:
        analysis_sample_rate: 44100
        bitrate: 320
        channels: 2
        equal_loudness: 1
        length: 223.817138672
        replay_gain: -16.1806488037
        downmix: "mix"
    tags:
        album: "Hand of Blood (EP)"
        artist: "Bullet For My Valentine"
        comment: ""
        date: "2005"
        genre: "Metalcore"
        title: "4 Words (To Choke Upon)"
        tracknumber: "01"

configuration:
    average_loudness:
        compute: 1
        frameSize: 88200
        hopSize: 44100
        silentFrames: "noise"
        windowType: "hann"
    general:
        analysisSampleRate: 44100
        endTime: 2000
        equalLoudness: 1
        nequalLoudness: 0
        shortSound: 0
        startTime: 0
    lowlevel:
        compute: 1
        frameSize: 2048
        hopSize: 1024
        zeroPadding: 0
        silentFrames: "noise"
        windowType: "blackmanharris62"
        mfccStats: ["mean", "cov", "icov"]
        stats: ["mean", "var", "median", "min", "max", "dmean", "dmean2", "dvar", "dvar2"]
    panning:
        compute: 0
        frameSize: 8192
        hopSize: 2048
        zeroPadding: 8192
        silentFrames: "noise"
        windowType: "hann"
        stats: ["copy"]
    rhythm:
        compute: 1
        maxTempo: 208
        minTempo: 40
        method: "degara"
        stats: ["mean", "var", "median", "min", "max", "dmean", "dmean2", "dvar", "dvar2"]
    segmentation:
        compute: 0
        cpw: 5
        inc1: 300
        inc2: 50
        minimumSegmentsLength: 10
        size1: 1000
        size2: 600
    sfx:
        compute: 1
        stats: ["mean", "var", "median", "min", "max", "dmean", "dmean2", "dvar", "dvar2"]
    svm:
        compute: 0
    tonal:
        compute: 1
        frameSize: 4096
        hopSize: 2048
        zeroPadding: 0
        silentFrames: "noise"
        windowType: "blackmanharris62"
        stats: ["mean", "var", "median", "min", "max", "dmean", "dmean2", "dvar", "dvar2"]

lowlevel:
    average_loudness: 0.931143462658
    barkbands_kurtosis:
        dmean: 0.90503269434
        dmean2: 1.46373748779
        dvar: 1.59714865685
        dvar2: 3.73135399818
        max: 37.5208778381
        mean: -0.196531638503
        median: -0.764733433723
        min: -1.88809192181
        var: 4.04862880707
    barkbands_skewness:
        dmean: 0.421707838774
        dmean2: 0.647490024567
        dvar: 0.14802646637
        dvar2: 0.339163184166
        max: 3.64370083809
        mean: -0.744413614273
        median: -0.753664016724
        min: -4.55209779739
        var: 0.5327911973
    barkbands_spread:
        dmean: 6.20519304276
        dmean2: 9.90327644348
        dvar: 33.4130477905
        dvar2: 83.0437164307
        max: 74.6346130371
        mean: 33.1407089233
        median: 32.7648925781
        min: 0.795772790909
        var: 109.150947571
    dissonance:
        dmean: 0.00828910432756
        dmean2: 0.0139899915084
        dvar: 6.67643034831e-005
        dvar2: 0.000183204552741
        max: 0.500000059605
        mean: 0.485941648483
        median: 0.488369643688
        min: 0.329475909472
        var: 0.000108850188553
    hfc:
        dmean: 2.86847519875
        dmean2: 4.76090192795
        dvar: 10.2363967896
        dvar2: 28.0960464478
        max: 45.9006919861
        mean: 12.4206914902
        median: 11.9200954437
        min: 1.22031149973e-016
        var: 40.7536773682
    pitch:
        dmean: 923.15637207
        dmean2: 1769.12780762
        dvar: 1797771.75
        dvar2: 4347670.5
        max: 4856.07324219
        mean: 2011.25292969
        median: 1733.87548828
        min: 74.9946594238
        var: 2623729.5
    pitch_instantaneous_confidence:
        dmean: 0.0819778963923
        dmean2: 0.133672475815
        dvar: 0.00473242113367
        dvar2: 0.0116225462407
        max: 0.92794072628
        mean: 0.396695464849
        median: 0.37679502368
        min: 0.0626909136772
        var: 0.0179422143847
    pitch_salience:
        dmean: 0.0574741773307
        dmean2: 0.0937982648611
        dvar: 0.00252208905295
        dvar2: 0.0066320085898
        max: 0.90274477005
        mean: 0.672368586063
        median: 0.683657765388
        min: 0.199467822909
        var: 0.00627152761444
    silence_rate_20dB:
        dmean: 0
        dmean2: 0
        dvar: 0
        dvar2: 0
        max: 1
        mean: 1
        median: 1
        min: 1
        var: 0
    silence_rate_30dB:
        dmean: 0
        dmean2: 0
        dvar: 0
        dvar2: 0
        max: 1
        mean: 1
        median: 1
        min: 1
        var: 0
    silence_rate_60dB:
        dmean: 0.0553999394178
        dmean2: 0.110811375082
        dvar: 0.052337706089
        dvar2: 0.120736837387
        max: 1
        mean: 0.205601662397
        median: 0
        min: 0
        var: 0.163325548172
    spectral_centroid:
        dmean: 290.194152832
        dmean2: 451.64956665
        dvar: 81604.5859375
        dvar2: 176650.828125
        max: 11099.2871094
        mean: 2355.88842773
        median: 2391.55712891
        min: 130.739059448
        var: 258940.734375
    spectral_complexity:
        dmean: 4.29733371735
        dmean2: 6.81987953186
        dvar: 15.9508152008
        dvar2: 39.0033416748
        max: 50
        mean: 19.9928417206
        median: 20
        min: 0
        var: 82.6594161987
    spectral_crest:
        dmean: 1.82242774963
        dmean2: 3.0950551033
        dvar: 3.09416151047
        dvar2: 8.61214733124
        max: 21.5612621307
        mean: 6.44116973877
        median: 5.8648443222
        min: 2.62185049057
        var: 5.57305622101
    spectral_decrease:
        dmean: 2.6197952141e-010
        dmean2: 4.26272100951e-010
        dvar: 1.05154262621e-019
        dvar2: 2.70389780908e-019
        max: 8.67312277243e-029
        mean: -1.10171805012e-009
        median: -1.06351472073e-009
        min: -3.87049192696e-009
        var: 2.94267279868e-019
    spectral_energy:
        dmean: 0.00120234140195
        dmean2: 0.0019654429052
        dvar: 2.04731941267e-006
        dvar2: 5.30214811079e-006
        max: 0.0168976914138
        mean: 0.00528471823782
        median: 0.00512130511925
        min: 1.07412350987e-020
        var: 6.52431208437e-006
    spectral_energyband_high:
        dmean: 0.000287828414002
        dmean2: 0.000491618993692
        dvar: 1.31249379365e-007
        dvar2: 3.69687626289e-007
        max: 0.00514658354223
        mean: 0.000799608766101
        median: 0.000700032687746
        min: 8.04877189832e-021
        var: 2.75201443856e-007
    spectral_energyband_low:
        dmean: 0.000201264789212
        dmean2: 0.000321651285049
        dvar: 8.90590357017e-008
        dvar2: 2.18977262989e-007
        max: 0.00424868799746
        mean: 0.000382922939025
        median: 0.000295280420687
        min: 8.92893861918e-023
        var: 1.58235266667e-007
    spectral_energyband_middle_high:
        dmean: 0.000741580559406
        dmean2: 0.0012059455039
        dvar: 6.01166561864e-007
        dvar2: 1.57683234647e-006
        max: 0.0126355504617
        mean: 0.0030814006459
        median: 0.00301016867161
        min: 1.46926926368e-021
        var: 2.70445070782e-006
    spectral_energyband_middle_low:
        dmean: 0.000607778958511
        dmean2: 0.000989134190604
        dvar: 1.00950387605e-006
        dvar2: 2.62708863374e-006
        max: 0.00996745470911
        mean: 0.001162452274
        median: 0.00083734060172
        min: 3.27080512505e-022
        var: 1.26194436234e-006
    spectral_flatness_db:
        dmean: 0.0135053545237
        dmean2: 0.021566838026
        dvar: 0.000154421446496
        dvar2: 0.000356516655302
        max: 0.488776028156
        mean: 0.15482853353
        median: 0.149017363787
        min: 0.046183463186
        var: 0.000918137084227
    spectral_flux:
        dmean: 0.00725931534544
        dmean2: 0.0113693512976
        dvar: 5.91642674408e-005
        dvar2: 0.000127761610202
        max: 0.108255192637
        mean: 0.0448085740209
        median: 0.0446589104831
        min: 1.03639929971e-010
        var: 0.000207802440855
    spectral_kurtosis:
        dmean: 0.920572221279
        dmean2: 1.59935867786
        dvar: 2.28295755386
        dvar2: 5.14443683624
        max: 97.0014190674
        mean: 2.67248177528
        median: 2.52485585213
        min: -1.22328436375
        var: 3.62478685379
    spectral_rms:
        dmean: 0.000246540643275
        dmean2: 0.000396761141019
        dvar: 6.80485214843e-008
        dvar2: 1.72114781094e-007
        max: 0.00406024046242
        mean: 0.00219046557322
        median: 0.0022352617234
        min: 3.23716747852e-012
        var: 3.5770247564e-007
    spectral_rolloff:
        dmean: 273.656951904
        dmean2: 449.232666016
        dvar: 110635.554688
        dvar2: 238404.953125
        max: 18540.0878906
        mean: 3932.66015625
        median: 3940.57617188
        min: 150.732421875
        var: 214424.90625
    spectral_skewness:
        dmean: 0.137926846743
        dmean2: 0.232433348894
        dvar: 0.0229448489845
        dvar2: 0.0568124949932
        max: 7.84551668167
        mean: 0.936313033104
        median: 0.943375945091
        min: -0.031377274543
        var: 0.0941917076707
    spectral_spread:
        dmean: 356099.4375
        dmean2: 541340.8125
        dvar: 260601364480
        dvar2: 405065859072
        max: 41922680
        mean: 4099162
        median: 4007001.75
        min: 980016.0625
        var: 1.00646957875e+012
    spectral_strongpeak:
        dmean: 0.8411937356
        dmean2: 1.44356703758
        dvar: 1.22803676128
        dvar2: 3.14875721931
        max: 12.1223812103
        mean: 1.17514455318
        median: 0.508389115334
        min: 5.03168451349e-010
        var: 2.2645714283
    zerocrossingrate:
        dmean: 0.00787217356265
        dmean2: 0.00963820982724
        dvar: 6.87215651851e-005
        dvar2: 8.85096669663e-005
        max: 0.50244140625
        mean: 0.12511523068
        median: 0.1259765625
        min: 0.005859375
        var: 0.000377083139028
    barkbands:
        dmean: [9.26754637476e-008, 4.4859789341e-005, 0.000142536009662, 9.68817330431e-005, 0.000347225664882, 0.000117203053378, 8.71412776178e-005, 6.47164924885e-005, 0.000115560498671, 9.46346044657e-005, 6.02092623012e-005, 7.07702492946e-005, 5.68064060644e-005, 7.32756016077e-005, 9.45136780501e-005, 0.000138710383908, 0.000234214909142, 0.000201913659112, 0.00036026671296, 0.000267491792329, 0.000154640307301, 4.28977473348e-005, 7.18793353371e-006, 2.25414100896e-006, 1.11279666726e-006, 2.38700774702e-008, 3.25223875608e-010]
        dmean2: [1.57158936531e-007, 7.16191352694e-005, 0.000229833996855, 0.00016279463307, 0.000587317685131, 0.000190916412976, 0.000144685865962, 0.000102666839666, 0.000182452829904, 0.000150884268805, 9.86064333119e-005, 0.00011718274618, 9.40222671488e-005, 0.000118833952001, 0.000153922199388, 0.000224788745982, 0.000383453705581, 0.000337052304531, 0.000597004429437, 0.000455486559076, 0.000263522495516, 7.37267619115e-005, 1.24669977595e-005, 3.6912347241e-006, 1.68111148469e-006, 3.65744554642e-008, 5.72533409571e-010]
        dvar: [2.26026184938e-014, 5.15297804426e-009, 4.63856011379e-008, 1.97251441847e-008, 6.39703898742e-007, 5.68550859725e-008, 5.84378945234e-008, 3.62572833978e-008, 6.10885564356e-008, 4.18419858761e-008, 1.48017553769e-008, 2.31610712831e-008, 1.17805782907e-008, 1.70281797551e-008, 5.12698328237e-008, 5.5256961673e-008, 1.23236929994e-007, 5.10822317779e-008, 2.07352442771e-007, 1.05098663994e-007, 3.25820437297e-008, 4.02419653156e-009, 1.65483043935e-010, 2.68136016862e-011, 1.94527068065e-011, 1.06330586968e-014, 4.04807793671e-019]
        dvar2: [6.43630521059e-014, 1.32462805169e-008, 1.11069532238e-007, 5.28287422696e-008, 1.72924592334e-006, 1.47338042211e-007, 1.53890951538e-007, 7.98629287146e-008, 1.44250435596e-007, 1.06428473146e-007, 3.91437033898e-008, 6.49845688372e-008, 3.07524139487e-008, 4.41311662769e-008, 1.25705355458e-007, 1.36711051368e-007, 2.97490657886e-007, 1.32834330202e-007, 5.30665943188e-007, 2.95099965797e-007, 8.99428300727e-008, 1.0855363719e-008, 4.47993059316e-010, 6.07235303707e-011, 3.53427564992e-011, 2.21305382331e-014, 1.12592319803e-018]
        max: [2.41830753112e-006, 0.000892561743967, 0.00315342890099, 0.00165543076582, 0.0087035195902, 0.0039598592557, 0.00527394236997, 0.00507953111082, 0.00515296636149, 0.00345367961563, 0.0025480161421, 0.00375170889311, 0.00173495046329, 0.00211293925531, 0.00483583053574, 0.00485380133614, 0.00791530590504, 0.00494533637539, 0.00959792360663, 0.00494010839611, 0.00279353978112, 0.00105261267163, 0.000212853803532, 0.000109773398435, 0.000117781550216, 3.72047634301e-006, 2.40241284644e-008]
        mean: [1.30625764427e-007, 7.19232775737e-005, 0.00022645755962, 0.000135365888127, 0.000399910204578, 0.000170241473825, 0.000107621206553, 9.22887920751e-005, 0.00018034853565, 0.000145373211126, 9.25017666304e-005, 0.000115303701023, 9.32483453653e-005, 0.000119350697787, 0.000149283005157, 0.000249738513958, 0.000445448065875, 0.000465775723569, 0.000903419218957, 0.000637021788862, 0.000378943863325, 8.56844635564e-005, 1.320040883e-005, 4.33737977801e-006, 1.76972093868e-006, 4.01151787344e-008, 4.37553798749e-010]
        median: [5.0505846616e-008, 4.98876979691e-005, 0.000150371459313, 8.33741651149e-005, 0.000167738602613, 9.21501341509e-005, 4.9820941058e-005, 2.67636896751e-005, 7.13882909622e-005, 5.08535595145e-005, 3.68709552276e-005, 4.43658354925e-005, 3.55826341547e-005, 6.03505031904e-005, 5.61694614589e-005, 0.000155531641212, 0.000325991597492, 0.000390981149394, 0.000727812177502, 0.000523021211848, 0.000328720780089, 6.98172079865e-005, 8.68382085173e-006, 2.73839759757e-006, 7.01896397004e-007, 1.31323014685e-008, 2.36459379854e-010]
        min: [6.0277808401e-023, 3.22980606743e-023, 1.90058285743e-023, 1.71603863053e-023, 5.45274289205e-023, 3.70610923795e-023, 6.13911246411e-023, 5.69620682442e-023, 6.67348873457e-023, 8.94934234872e-023, 8.07739356425e-023, 4.19765509443e-023, 6.26507461801e-023, 1.04569262205e-022, 3.88334040872e-023, 1.05591247285e-022, 2.89747045388e-022, 3.12004534947e-022, 2.40304752702e-022, 2.01984931774e-022, 3.20453273108e-022, 4.84603085337e-022, 4.85237809132e-022, 1.02686162872e-021, 1.28223657821e-021, 1.84488034761e-021, 2.68974800421e-021]
        var: [3.11171783327e-014, 6.62335386536e-009, 7.61501866009e-008, 2.77082197186e-008, 5.35211768238e-007, 6.4073056194e-008, 5.41137552545e-008, 7.75745618853e-008, 1.25273345475e-007, 7.15113088745e-008, 2.60696175758e-008, 3.77271440755e-008, 2.30575203375e-008, 2.85886194717e-008, 8.1653034556e-008, 1.10086759264e-007, 2.23144965616e-007, 1.14978753629e-007, 5.04264335177e-007, 2.23894360829e-007, 6.18736279989e-008, 5.1918576105e-009, 2.2285358281e-010, 4.55335422145e-011, 3.26467394784e-011, 1.50337590819e-014, 4.39309316075e-019]
    frequency_bands:
        dmean: [9.26754637476e-008, 4.4859789341e-005, 0.000142536009662, 9.68817330431e-005, 0.000347225664882, 0.000117203053378, 8.71412776178e-005, 6.47164924885e-005, 0.000115560498671, 9.46346044657e-005, 6.02092623012e-005, 7.07702492946e-005, 5.68064060644e-005, 7.32756016077e-005, 9.45136780501e-005, 0.000138710383908, 0.000234214909142, 0.000201913659112, 0.00036026671296, 0.000267491792329, 0.000154640307301, 4.28977473348e-005, 7.18793353371e-006, 2.25414100896e-006, 1.11279666726e-006, 2.38700774702e-008, 3.25223875608e-010, 6.13278594574e-011]
        dmean2: [1.57158936531e-007, 7.16191352694e-005, 0.000229833996855, 0.00016279463307, 0.000587317685131, 0.000190916412976, 0.000144685865962, 0.000102666839666, 0.000182452829904, 0.000150884268805, 9.86064333119e-005, 0.00011718274618, 9.40222671488e-005, 0.000118833952001, 0.000153922199388, 0.000224788745982, 0.000383453705581, 0.000337052304531, 0.000597004429437, 0.000455486559076, 0.000263522495516, 7.37267619115e-005, 1.24669977595e-005, 3.6912347241e-006, 1.68111148469e-006, 3.65744554642e-008, 5.72533409571e-010, 1.14070329571e-010]
        dvar: [2.26026184938e-014, 5.15297804426e-009, 4.63856011379e-008, 1.97251441847e-008, 6.39703898742e-007, 5.68550859725e-008, 5.84378945234e-008, 3.62572833978e-008, 6.10885564356e-008, 4.18419858761e-008, 1.48017553769e-008, 2.31610712831e-008, 1.17805782907e-008, 1.70281797551e-008, 5.12698328237e-008, 5.5256961673e-008, 1.23236929994e-007, 5.10822317779e-008, 2.07352442771e-007, 1.05098663994e-007, 3.25820437297e-008, 4.02419653156e-009, 1.65483043935e-010, 2.68136016862e-011, 1.94527068065e-011, 1.06330586968e-014, 4.04807793671e-019, 6.60372452669e-021]
        dvar2: [6.43630521059e-014, 1.32462805169e-008, 1.11069532238e-007, 5.28287422696e-008, 1.72924592334e-006, 1.47338042211e-007, 1.53890951538e-007, 7.98629287146e-008, 1.44250435596e-007, 1.06428473146e-007, 3.91437033898e-008, 6.49845688372e-008, 3.07524139487e-008, 4.41311662769e-008, 1.25705355458e-007, 1.36711051368e-007, 2.97490657886e-007, 1.32834330202e-007, 5.30665943188e-007, 2.95099965797e-007, 8.99428300727e-008, 1.0855363719e-008, 4.47993059316e-010, 6.07235303707e-011, 3.53427564992e-011, 2.21305382331e-014, 1.12592319803e-018, 2.08069075905e-020]
        max: [2.41830753112e-006, 0.000892561743967, 0.00315342890099, 0.00165543076582, 0.0087035195902, 0.0039598592557, 0.00527394236997, 0.00507953111082, 0.00515296636149, 0.00345367961563, 0.0025480161421, 0.00375170889311, 0.00173495046329, 0.00211293925531, 0.00483583053574, 0.00485380133614, 0.00791530590504, 0.00494533637539, 0.00959792360663, 0.00494010839611, 0.00279353978112, 0.00105261267163, 0.000212853803532, 0.000109773398435, 0.000117781550216, 3.72047634301e-006, 2.40241284644e-008, 9.13211506415e-010]
        mean: [1.30625764427e-007, 7.19232775737e-005, 0.00022645755962, 0.000135365888127, 0.000399910204578, 0.000170241473825, 0.000107621206553, 9.22887920751e-005, 0.00018034853565, 0.000145373211126, 9.25017666304e-005, 0.000115303701023, 9.32483453653e-005, 0.000119350697787, 0.000149283005157, 0.000249738513958, 0.000445448065875, 0.000465775723569, 0.000903419218957, 0.000637021788862, 0.000378943863325, 8.56844635564e-005, 1.320040883e-005, 4.33737977801e-006, 1.76972093868e-006, 4.01151787344e-008, 4.37553798749e-010, 4.76805331329e-011]
        median: [5.0505846616e-008, 4.98876979691e-005, 0.000150371459313, 8.33741651149e-005, 0.000167738602613, 9.21501341509e-005, 4.9820941058e-005, 2.67636896751e-005, 7.13882909622e-005, 5.08535595145e-005, 3.68709552276e-005, 4.43658354925e-005, 3.55826341547e-005, 6.03505031904e-005, 5.61694614589e-005, 0.000155531641212, 0.000325991597492, 0.000390981149394, 0.000727812177502, 0.000523021211848, 0.000328720780089, 6.98172079865e-005, 8.68382085173e-006, 2.73839759757e-006, 7.01896397004e-007, 1.31323014685e-008, 2.36459379854e-010, 1.84828003597e-011]
        min: [6.0277808401e-023, 3.22980606743e-023, 1.90058285743e-023, 1.71603863053e-023, 5.45274289205e-023, 3.70610923795e-023, 6.13911246411e-023, 5.69620682442e-023, 6.67348873457e-023, 8.94934234872e-023, 8.07739356425e-023, 4.19765509443e-023, 6.26507461801e-023, 1.04569262205e-022, 3.88334040872e-023, 1.05591247285e-022, 2.89747045388e-022, 3.12004534947e-022, 2.40304752702e-022, 2.01984931774e-022, 3.20453273108e-022, 4.84603085337e-022, 4.85237809132e-022, 1.02686162872e-021, 1.28223657821e-021, 1.84488034761e-021, 2.68974800421e-021, 6.33868543789e-022]
        var: [3.11171783327e-014, 6.62335386536e-009, 7.61501866009e-008, 2.77082197186e-008, 5.35211768238e-007, 6.4073056194e-008, 5.41137552545e-008, 7.75745618853e-008, 1.25273345475e-007, 7.15113088745e-008, 2.60696175758e-008, 3.77271440755e-008, 2.30575203375e-008, 2.85886194717e-008, 8.1653034556e-008, 1.10086759264e-007, 2.23144965616e-007, 1.14978753629e-007, 5.04264335177e-007, 2.23894360829e-007, 6.18736279989e-008, 5.1918576105e-009, 2.2285358281e-010, 4.55335422145e-011, 3.26467394784e-011, 1.50337590819e-014, 4.39309316075e-019, 5.49663132629e-021]
    mfcc:
        mean: [-694.137878418, 80.3870773315, -58.2550506592, 68.5316085815, -19.0621910095, -1.27541565895, 1.35574495792, -1.69943380356, -0.0543557815254, -6.64555692673, -5.5561132431, -4.75530815125, -7.70579719543]
        cov: [[3320.84790039, 308.98739624, -102.209259033, 25.9636688232, -71.5901641846, 89.4759216309, -15.6738414764, 161.312133789, 12.9857549667, 109.95124054, -68.470993042, -35.4331016541, -64.5244674683], [308.98739624, 545.825195313, -64.2536468506, 220.663833618, 25.0704402924, 35.6251754761, 49.7091827393, -7.95349884033, 40.2209587097, -23.4540786743, 4.25460147858, -5.53727674484, 3.66131734848], [-102.209259033, -64.2536468506, 410.388183594, 75.6776275635, 130.305969238, 3.97690939903, -20.1364116669, 49.5346717834, -4.02768468857, 9.6938791275, -28.0814990997, -6.90817070007, -2.99540925026], [25.9636688232, 220.663833618, 75.6776275635, 443.096160889, 123.497665405, 30.1995887756, 10.6703500748, -8.00598335266, 51.4507293701, -5.23476886749, -1.09273028374, 12.3249998093, 13.0700397491], [-71.5901641846, 25.0704402924, 130.305969238, 123.497665405, 176.740325928, 74.1648712158, 24.1368255615, 8.22593402863, 18.2562541962, 19.3152236938, -1.24227178097, 3.59363937378, 1.93817055225], [89.4759216309, 35.6251754761, 3.97690939903, 30.1995887756, 74.1648712158, 146.847442627, 78.7762832642, 43.4623451233, -7.5719499588, 26.2234592438, 14.7147426605, 16.4174308777, 8.28276634216], [-15.6738414764, 49.7091827393, -20.1364116669, 10.6703500748, 24.1368255615, 78.7762832642, 140.098937988, 64.9113922119, 9.8369808197, -10.8765525818, 14.3449935913, 18.4645309448, 8.26704788208], [161.312133789, -7.95349884033, 49.5346717834, -8.00598335266, 8.22593402863, 43.4623451233, 64.9113922119, 146.345001221, 47.969493866, 43.1600265503, -7.24024152756, 10.209487915, -5.76894760132], [12.9857549667, 40.2209587097, -4.02768468857, 51.4507293701, 18.2562541962, -7.5719499588, 9.8369808197, 47.969493866, 107.218658447, 52.1860809326, 11.5675563812, 0.769181311131, -4.92633199692], [109.95124054, -23.4540786743, 9.6938791275, -5.23476886749, 19.3152236938, 26.2234592438, -10.8765525818, 43.1600265503, 52.1860809326, 120.528297424, 41.5540885925, 17.890203476, -7.2660651207], [-68.470993042, 4.25460147858, -28.0814990997, -1.09273028374, -1.24227178097, 14.7147426605, 14.3449935913, -7.24024152756, 11.5675563812, 41.5540885925, 76.1199951172, 37.8908843994, 13.0535821915], [-35.4331016541, -5.53727674484, -6.90817070007, 12.3249998093, 3.59363937378, 16.4174308777, 18.4645309448, 10.209487915, 0.769181311131, 17.890203476, 37.8908843994, 66.4465637207, 34.2422981262], [-64.5244674683, 3.66131734848, -2.99540925026, 13.0700397491, 1.93817055225, 8.28276634216, 8.26704788208, -5.76894760132, -4.92633199692, -7.2660651207, 13.0535821915, 34.2422981262, 62.299785614]]
        icov: [[0.000409987813327, -0.00031106514507, 0.000133939567604, -2.04639454751e-005, 0.000234240331338, -0.000298090279102, 0.000432028871728, -0.000572243821807, 0.000451005820651, -0.000541976769455, 0.000590493087657, -0.000100985700556, 0.000279899628367], [-0.00031106514507, 0.00285939662717, 0.000208001336432, -0.00139540818054, 0.000594097597059, -0.000502252602018, -0.00101893267129, 0.000920332153328, -0.00123855820857, 0.00100948126055, -0.000756926718168, 0.000874690769706, -0.00022111312137], [0.000133939567604, 0.000208001336432, 0.00449251523241, -0.000215238673263, -0.00447522755712, 0.00248092086986, 0.00144594721496, -0.00370295229368, 0.00265738251619, -9.29505404201e-005, -1.66056520357e-006, 0.00063944858266, -0.000489549245685], [-2.04639454751e-005, -0.00139540818054, -0.000215238673263, 0.00390996830538, -0.00248764711432, 0.00019314236124, 0.000686696730554, 0.000354449235601, -0.00168647174723, 0.00107833975926, 0.000243638409302, -0.00141291110776, -5.84567969781e-005], [0.000234240331338, 0.000594097597059, -0.00447522755712, -0.00248764711432, 0.0146626923233, -0.00835922453552, -0.000837065745145, 0.00509600294754, -0.00417110370472, -0.00111477740575, 0.00239498307928, -0.000742697564419, 0.00119912414812], [-0.000298090279102, -0.000502252602018, 0.00248092086986, 0.00019314236124, -0.00835922453552, 0.0175998788327, -0.00770467147231, -0.00280442344956, 0.00757291959599, -0.00585490185767, 0.000107205472887, 0.00134120730218, -0.00236127292737], [0.000432028871728, -0.00101893267129, 0.00144594721496, 0.000686696730554, -0.000837065745145, -0.00770467147231, 0.017726527527, -0.00877602118999, -0.00165780237876, 0.00885704625398, -0.00601383950561, -0.000898183556274, 0.000973904388957], [-0.000572243821807, 0.000920332153328, -0.00370295229368, 0.000354449235601, 0.00509600294754, -0.00280442344956, -0.00877602118999, 0.0178651586175, -0.00699313962832, -0.0053221359849, 0.00795777514577, -0.00450329203159, 0.00176810589619], [0.000451005820651, -0.00123855820857, 0.00265738251619, -0.00168647174723, -0.00417110370472, 0.00757291959599, -0.00165780237876, -0.00699313962832, 0.0192005448043, -0.0084203062579, -0.000345056701917, 0.00375301693566, -0.00173744431231], [-0.000541976769455, 0.00100948126055, -9.29505404201e-005, 0.00107833975926, -0.00111477740575, -0.00585490185767, 0.00885704625398, -0.0053221359849, -0.0084203062579, 0.0213359296322, -0.0120612615719, -0.00095229310682, 0.00316678290255], [0.000590493087657, -0.000756926718168, -1.66056520357e-006, 0.000243638409302, 0.00239498307928, 0.000107205472887, -0.00601383950561, 0.00795777514577, -0.000345056701917, -0.0120612615719, 0.0287299863994, -0.013740693219, 0.00214967061765], [-0.000100985700556, 0.000874690769706, 0.00063944858266, -0.00141291110776, -0.000742697564419, 0.00134120730218, -0.000898183556274, -0.00450329203159, 0.00375301693566, -0.00095229310682, -0.013740693219, 0.0316176079214, -0.0145953120664], [0.000279899628367, -0.00022111312137, -0.000489549245685, -5.84567969781e-005, 0.00119912414812, -0.00236127292737, 0.000973904388957, 0.00176810589619, -0.00173744431231, 0.00316678290255, 0.00214967061765, -0.0145953120664, 0.0244578216225]]
    sccoeffs:
        dmean: [0.0561010614038, 0.049683008343, 0.0400930307806, 0.0317054986954, 0.0202834885567, 0.0173240546137]
        dmean2: [0.0922598093748, 0.0811548531055, 0.0652744621038, 0.0518412701786, 0.0336235538125, 0.0275849141181]
        dvar: [0.00223420606926, 0.00158256338909, 0.00107959844172, 0.000654290488455, 0.000274950376479, 0.000229944693274]
        dvar2: [0.00566362170503, 0.00412973901257, 0.00272166449577, 0.00165791448671, 0.000707714003511, 0.000548821641132]
        max: [-0.311821639538, -0.475681006908, -0.443213492632, -0.553006887436, -0.578106224537, -0.557770490646]
        mean: [-0.658846080303, -0.75109910965, -0.777954876423, -0.782015144825, -0.79128909111, -0.694391787052]
        median: [-0.662494897842, -0.758446931839, -0.787488937378, -0.788837552071, -0.79544198513, -0.697623610497]
        min: [-0.95906919241, -0.96814674139, -0.972017586231, -0.975403308868, -0.963804662228, -0.964896440506]
        var: [0.0056567681022, 0.00466391630471, 0.00391719024628, 0.00251217349432, 0.00103151367512, 0.00206952239387]
    scvalleys:
        dmean: [0.407260119915, 0.379690170288, 0.321328401566, 0.255344480276, 0.200411245227, 0.228812292218]
        dmean2: [0.663885712624, 0.609520018101, 0.509884119034, 0.399684965611, 0.313240259886, 0.354691982269]
        dvar: [0.145602852106, 0.125689119101, 0.0913629978895, 0.0641381368041, 0.0541094690561, 0.098553031683]
        dvar2: [0.315785646439, 0.279572069645, 0.195152744651, 0.128156810999, 0.0982859805226, 0.207332566381]
        max: [-5.16457653046, -4.80804395676, -5.24787425995, -5.64700222015, -5.49833440781, -7.33561944962]
        mean: [-7.10003662109, -6.91415977478, -7.12530136108, -7.1264872551, -6.50709056854, -9.6504650116]
        median: [-6.80509519577, -6.81593513489, -7.0451259613, -7.02132415771, -6.38962459564, -9.45253658295]
        min: [-27.1148605347, -26.9975242615, -27.1895923615, -27.3855934143, -27.1719360352, -27.195608139]
        var: [1.19682896137, 0.81669563055, 0.89675951004, 0.695944905281, 0.66512042284, 1.0233373642]

rhythm:
    beats_loudness:
        dmean: 0.00156385020819
        dmean2: 0.00276643387042
        dvar: 1.57047361427e-006
        dvar2: 4.77503454022e-006
        max: 0.0116816638038
        mean: 0.00582212908193
        median: 0.00585601245984
        min: 7.61518759163e-009
        var: 5.45534840057e-006
    bpm: 92.0137863159
    bpm_confidence: 0
    first_peak_bpm: 92
    first_peak_spread: 0.285234898329
    first_peak_weight: 0.619186043739
    onset_rate: 2.90415668488
    second_peak_bpm: 98
    second_peak_spread: 0
    second_peak_weight: 0.133720934391
    beats_loudness_band_ratio:
        dmean: [0.0743762105703, 0.134963408113, 0.0582196824253, 0.051454205066, 0.0973989143968, 0.107212208211]
        dmean2: [0.128123164177, 0.24635733664, 0.0997916385531, 0.0863345786929, 0.168765604496, 0.187285870314]
        dvar: [0.00617565168068, 0.0154790319502, 0.00443939631805, 0.00292854802683, 0.0065799113363, 0.00770589103922]
        dvar2: [0.0171774365008, 0.0496955998242, 0.0122894961387, 0.00737104611471, 0.0193204265088, 0.0214219260961]
        max: [0.69477647543, 0.577675819397, 0.425097793341, 0.328983545303, 0.752146303654, 0.785243272781]
        mean: [0.124437235296, 0.159676089883, 0.0896381437778, 0.0854046791792, 0.275527209044, 0.324646949768]
        median: [0.111247628927, 0.110358819366, 0.0684428438544, 0.0551579520106, 0.265593618155, 0.314304441214]
        min: [0.00161142705474, 0.00559445517138, 0.00822217296809, 0.0051241395995, 0.0663481801748, 0.0577374361455]
        var: [0.00739632965997, 0.0191521327943, 0.00540244625881, 0.00498690269887, 0.0104829501361, 0.0124439448118]
    beats_position: [0.603718817234, 1.21904754639, 1.82276642323, 2.43809509277, 3.04181408882, 3.65714287758, 4.26086139679, 4.87619018555, 5.47990942001, 6.08362817764, 6.6989569664, 7.31428575516, 7.92961454391, 8.54494285583, 9.17188167572, 9.81043052673, 10.4489793777, 11.0759181976, 11.7144670486, 12.3414058685, 12.9567346573, 13.5836734772, 14.1873922348, 14.8027210236, 15.4180498123, 16.0217685699, 16.6254863739, 17.2408161163, 17.8445339203, 18.4598636627, 19.0635814667, 19.6789112091, 20.2942390442, 20.8979587555, 21.5016784668, 22.1053962708, 22.7207260132, 23.3360538483, 23.9397735596, 24.5434913635, 25.1472110748, 25.8089790344, 26.470746994, 27.1209068298, 27.7710647583, 28.4212245941, 29.0713825226, 29.7215423584, 30.3717002869, 31.0218582153, 31.6720180511, 32.322177887, 32.9723358154, 33.6224937439, 34.2726516724, 34.9112014771, 35.5497512817, 36.1999092102, 36.8500671387, 37.5002250671, 38.1503829956, 38.8005447388, 39.4507026672, 40.1008605957, 40.7510185242, 41.4011802673, 42.0513381958, 42.7014961243, 43.3284339905, 43.9785919189, 44.6287536621, 45.2789115906, 45.929069519, 46.5676193237, 47.2061653137, 47.8563270569, 48.5064849854, 49.1566429138, 49.8068008423, 50.4569587708, 51.1187286377, 51.7804985046, 52.4306564331, 53.0808143616, 53.73097229, 54.3811340332, 55.0312919617, 55.6814498901, 56.3199996948, 56.9585494995, 57.6203155518, 58.2704734802, 58.9206352234, 59.5707931519, 60.2209510803, 60.8711090088, 61.5096588135, 62.1598167419, 62.8099746704, 63.4601364136, 64.1102905273, 64.7604522705, 65.4106140137, 66.0607681274, 66.6993179321, 67.3378677368, 67.98802948, 68.6265716553, 69.26512146, 69.9152832031, 70.5770492554, 71.2272109985, 71.8889770508, 72.5507507324, 73.2125167847, 73.8742828369, 74.5360565186, 75.1978225708, 75.8712005615, 76.5445785522, 77.217956543, 77.8913345337, 78.5647125244, 79.2264862061, 79.8882522583, 80.5500183105, 81.2117919922, 81.8735580444, 82.5353240967, 83.1970977783, 83.8588638306, 84.5206298828, 85.1824035645, 85.8441696167, 86.4943313599, 87.1444854736, 87.7946472168, 88.44480896, 89.0949630737, 89.7451248169, 90.3952789307, 91.0338287354, 91.67237854, 92.3225402832, 92.972694397, 93.6228561401, 94.2730178833, 94.9231719971, 95.5733337402, 96.223487854, 96.8736495972, 97.5238113403, 98.1739654541, 98.8241271973, 99.474281311, 100.124443054, 100.774604797, 101.424758911, 102.074920654, 102.725074768, 103.375236511, 104.037002563, 104.710380554, 105.395370483, 106.068748474, 106.742126465, 107.403900146, 108.065666199, 108.727432251, 109.400817871, 110.085800171, 110.7707901, 111.455780029, 112.105941772, 112.767707825, 113.429473877, 114.07963562, 114.729797363, 115.368339539, 116.018501282, 116.657051086, 117.3072052, 117.957366943, 118.607528687, 119.2576828, 119.907844543, 120.557998657, 121.2081604, 121.846710205, 122.48526001, 123.135414124, 123.785575867, 124.43573761, 125.085891724, 125.736053467, 126.386207581, 127.024757385, 127.674919128, 128.313461304, 128.963623047, 129.625396729, 130.28717041, 130.937316895, 131.587478638, 132.249252319, 132.899414063, 133.549560547, 134.211334229, 134.884719849, 135.55809021, 136.23147583, 136.904846191, 137.566619873, 138.228393555, 138.890151978, 139.551925659, 140.225296021, 140.898681641, 141.548843384, 142.210617065, 142.872375488, 143.545761108, 144.21913147, 144.904129028, 145.57749939, 146.239273071, 146.912643433, 147.562805176, 148.212966919, 148.863128662, 149.513290405, 150.16343689, 150.813598633, 151.452148438, 152.090698242, 152.740859985, 153.391021729, 154.041183472, 154.691329956, 155.329879761, 155.968429565, 156.60697937, 157.245529175, 157.895690918, 158.545852661, 159.207611084, 159.857772827, 160.496322632, 161.146484375, 161.796646118, 162.458404541, 163.096954346, 163.747116089, 164.397277832, 165.047439575, 165.69758606, 166.347747803, 166.997909546, 167.648071289, 168.298233032, 168.948379517, 169.59854126, 170.248703003, 170.898864746, 171.537414551, 172.175964355, 172.826126099, 173.476272583, 174.126434326, 174.776596069, 175.426757813, 176.076919556, 176.72706604, 177.377227783, 178.039001465, 178.700775146, 179.350921631, 180.001083374, 180.651245117, 181.30140686, 181.951568604, 182.601715088, 183.251876831, 183.902038574, 184.540588379, 185.190750122, 185.829299927, 186.479446411, 187.117996216, 187.756546021, 188.406707764, 189.056869507, 189.70703125, 190.357177734, 191.007339478, 191.657501221, 192.307662964, 192.957824707, 193.607971191, 194.258132935, 194.896682739, 195.535232544, 196.185394287, 196.83555603, 197.485717773, 198.135864258, 198.786026001, 199.424575806, 200.06312561, 200.713287354, 201.363449097, 202.02520752, 202.686981201, 203.337142944, 203.998901367, 204.672286987, 205.334060669, 206.00743103, 206.634368896, 207.261306763, 207.899856567, 208.538406372, 209.176956177, 209.815505981, 210.430831909, 211.046157837, 211.661499023, 212.276824951, 212.88053894, 213.48425293, 214.099594116, 214.714920044, 215.318634033, 215.922348022, 216.526077271, 217.141403198, 217.756729126, 218.383666992, 219.022216797, 219.660766602, 220.334152222, 221.007522583, 221.680908203, 222.354278564, 223.039276123]
    bpm_estimates: [95.7031173706, 93.9630508423, 93.9630508423, 95.7031173706, 93.9630508423, 95.7031173706, 95.7031173706, 90.6662216187, 90.6662216187, 92.2849960327, 92.2852706909, 92.2849960327, 92.2852706909, 92.2849960327, 92.2852706909, 92.2852706909, 92.2849960327, 92.2849960327, 92.2852706909, 92.2852706909, 92.2852706909, 93.9629135132, 93.9629135132, 92.2852706909, 92.2852706909, 92.2852706909, 92.2852706909, 92.2847290039, 92.2852706909, 92.2852706909, 92.2852706909, 92.2847290039, 92.2852706909, 92.2852706909, 95.7032623291, 92.2852706909, 92.2847290039, 92.2852706909, 92.2852706909, 93.9629135132, 93.9634780884, 92.2847290039, 92.2852706909, 92.2852706909, 92.2852706909, 92.2852706909, 90.6659622192, 90.6659622192, 92.2852706909, 92.2852706909, 92.2852706909, 92.2847290039, 92.2852706909, 92.2852706909, 93.9629135132, 93.9629135132, 90.6664810181, 92.2852706909, 92.2847290039, 92.2852706909, 92.2852706909, 92.2852706909, 93.9629135132, 92.2852706909, 92.2852706909, 92.2847290039, 92.2858123779, 92.2847290039, 92.2847290039, 92.2858123779, 93.9629135132, 93.9629135132, 92.2847290039, 93.9640350342, 93.9629135132, 92.2847290039, 90.6664810181, 92.2847290039, 90.6664810181, 90.665435791, 90.6664810181, 90.6664810181, 90.665435791, 90.6664810181, 89.1030044556, 89.1030044556, 89.1030044556, 89.1030044556, 89.1030044556, 90.665435791, 90.6664810181, 90.6664810181, 90.665435791, 90.6664810181, 90.6664810181, 90.665435791, 90.6664810181, 90.6664810181, 90.665435791, 90.6664810181, 92.2847290039, 92.2858123779, 92.2847290039, 92.2847290039, 92.2858123779, 92.2847290039, 92.2858123779, 93.9629135132, 93.9629135132, 92.2847290039, 92.2858123779, 92.2847290039, 92.2847290039, 92.2858123779, 92.2847290039, 92.2858123779, 92.2847290039, 92.2847290039, 92.2858123779, 92.2847290039, 92.2858123779, 92.2847290039, 92.2847290039, 92.2858123779, 92.2847290039, 92.2858123779, 92.2847290039, 90.6664810181, 89.1030044556, 87.5925292969, 89.1030044556, 89.1030044556, 90.665435791, 90.6664810181, 90.6664810181, 89.1019897461, 87.5935058594, 87.5925292969, 87.5925292969, 92.2847290039, 90.6664810181, 90.6664810181, 92.2847290039, 92.2847290039, 93.9640350342, 92.2847290039, 93.9629135132, 92.2858123779, 92.2847290039, 92.2847290039, 92.2858123779, 92.2847290039, 92.2858123779, 92.2847290039, 93.9629135132, 93.9629135132, 92.2858123779, 92.2847290039, 92.2847290039, 92.2858123779, 92.2847290039, 92.2858123779, 93.9629135132, 92.2847290039, 93.9640350342, 92.2847290039, 90.665435791, 90.665435791, 92.286895752, 92.2847290039, 90.665435791, 92.2847290039, 92.286895752, 90.665435791, 89.1019897461, 89.1040115356, 89.1019897461, 89.1040115356, 90.665435791, 90.665435791, 90.6675262451, 90.665435791, 89.1040115356, 89.1019897461, 92.2847290039, 90.665435791, 90.6675262451, 89.1019897461, 89.1040115356, 87.5915527344, 89.1040115356, 90.665435791, 89.1040115356, 92.2847290039, 92.2847290039, 92.2847290039, 92.2847290039, 92.286895752, 92.2847290039, 93.9629135132, 93.9629135132, 92.2847290039, 92.2847290039, 92.2847290039, 92.286895752, 93.9629135132, 93.9629135132, 93.9629135132, 93.9629135132, 92.2847290039, 92.2847290039, 90.6675262451, 92.2847290039, 93.9629135132, 92.2847290039, 92.2847290039, 90.6675262451, 93.9629135132, 92.2847290039, 92.2847290039, 92.2847290039, 92.286895752, 92.2847290039, 92.2847290039, 92.2847290039, 92.2847290039, 92.286895752, 92.2847290039, 92.2847290039, 92.2847290039, 93.9629135132, 93.9629135132, 92.2847290039, 92.286895752, 92.2847290039, 92.2847290039, 92.2847290039, 92.2847290039, 92.286895752, 92.2847290039, 90.665435791, 90.665435791, 92.286895752, 92.2847290039, 92.2847290039, 92.2847290039, 92.2847290039, 92.286895752, 92.2847290039, 92.2847290039, 93.9629135132, 92.2847290039, 93.9629135132, 92.286895752, 93.9629135132, 93.9629135132, 92.2847290039, 92.2847290039, 92.2847290039, 92.286895752, 92.2847290039, 92.2847290039, 92.2847290039, 92.2847290039, 92.286895752, 92.2847290039, 93.9629135132, 93.9629135132, 92.2847290039, 92.2847290039, 92.2847290039, 92.286895752, 92.2847290039, 93.9629135132, 93.9629135132, 92.2847290039, 92.2847290039, 90.6675262451, 90.665435791, 92.2847290039, 90.6675262451, 89.1019897461, 90.665435791, 89.1040115356, 95.7032623291, 95.7032623291, 93.9629135132, 93.9629135132, 93.9629135132, 93.9629135132, 95.7032623291, 93.9629135132, 93.9629135132, 89.1019897461, 89.1040115356, 89.1019897461, 89.1040115356, 87.5915527344]
