
metadata:
    version:
        essentia: "2.1-beta2"
    audio_properties:
        analysis_sample_rate: 44100
        bitrate: 320
        channels: 2
        equal_loudness: 1
        length: 217.495513916
        replay_gain: -16.0695495605
        downmix: "mix"
    tags:
        album: "Hand of Blood (EP)"
        artist: "Bullet For My Valentine"
        comment: ""
        date: "2005"
        genre: "Metalcore"
        title: "Hand of Blood"
        tracknumber: "02"

configuration:
    average_loudness:
        compute: 1
        frameSize: 88200
        hopSize: 44100
        silentFrames: "noise"
        windowType: "hann"
    general:
        analysisSampleRate: 44100
        endTime: 2000
        equalLoudness: 1
        nequalLoudness: 0
        shortSound: 0
        startTime: 0
    lowlevel:
        compute: 1
        frameSize: 2048
        hopSize: 1024
        zeroPadding: 0
        silentFrames: "noise"
        windowType: "blackmanharris62"
        mfccStats: ["mean", "cov", "icov"]
        stats: ["mean", "var", "median", "min", "max", "dmean", "dmean2", "dvar", "dvar2"]
    panning:
        compute: 0
        frameSize: 8192
        hopSize: 2048
        zeroPadding: 8192
        silentFrames: "noise"
        windowType: "hann"
        stats: ["copy"]
    rhythm:
        compute: 1
        maxTempo: 208
        minTempo: 40
        method: "degara"
        stats: ["mean", "var", "median", "min", "max", "dmean", "dmean2", "dvar", "dvar2"]
    segmentation:
        compute: 0
        cpw: 5
        inc1: 300
        inc2: 50
        minimumSegmentsLength: 10
        size1: 1000
        size2: 600
    sfx:
        compute: 1
        stats: ["mean", "var", "median", "min", "max", "dmean", "dmean2", "dvar", "dvar2"]
    svm:
        compute: 0
    tonal:
        compute: 1
        frameSize: 4096
        hopSize: 2048
        zeroPadding: 0
        silentFrames: "noise"
        windowType: "blackmanharris62"
        stats: ["mean", "var", "median", "min", "max", "dmean", "dmean2", "dvar", "dvar2"]

lowlevel:
    average_loudness: 0.934963703156
    barkbands_kurtosis:
        dmean: 0.868779480457
        dmean2: 1.43131327629
        dvar: 1.32555866241
        dvar2: 3.5584435463
        max: 45.580871582
        mean: 0.120249144733
        median: -0.684361219406
        min: -1.88365721703
        var: 10.1551904678
    barkbands_skewness:
        dmean: 0.417334496975
        dmean2: 0.667379021645
        dvar: 0.149775579572
        dvar2: 0.383958905935
        max: 6.21095705032
        mean: -0.547641038895
        median: -0.686230540276
        min: -3.42306089401
        var: 0.993801414967
    barkbands_spread:
        dmean: 5.73722457886
        dmean2: 9.19649028778
        dvar: 28.6439304352
        dvar2: 71.3611907959
        max: 63.0372772217
        mean: 30.2864112854
        median: 30.1183204651
        min: 1.77829301357
        var: 111.61479187
    dissonance:
        dmean: 0.0098988013342
        dmean2: 0.0168770123273
        dvar: 0.00010030491103
        dvar2: 0.000279056024738
        max: 0.500000059605
        mean: 0.483540952206
        median: 0.487450122833
        min: 0.302660256624
        var: 0.000220031288336
    hfc:
        dmean: 3.02420401573
        dmean2: 4.97538948059
        dvar: 11.679684639
        dvar2: 31.3666954041
        max: 44.821269989
        mean: 11.7406692505
        median: 11.3662061691
        min: 1.09990444279e-016
        var: 35.3374671936
    pitch:
        dmean: 915.715698242
        dmean2: 1761.8815918
        dvar: 1791124.875
        dvar2: 4109985.25
        max: 4546.05908203
        mean: 1718.46337891
        median: 539.161865234
        min: 69.0442047119
        var: 2519529.5
    pitch_instantaneous_confidence:
        dmean: 0.0781565830112
        dmean2: 0.128577113152
        dvar: 0.00442868005484
        dvar2: 0.0111426366493
        max: 0.967685520649
        mean: 0.393410503864
        median: 0.374350875616
        min: 0.0960749983788
        var: 0.0174586158246
    pitch_salience:
        dmean: 0.0550299733877
        dmean2: 0.0900859236717
        dvar: 0.00219139968976
        dvar2: 0.00577356014401
        max: 0.884596705437
        mean: 0.668281435966
        median: 0.688988447189
        min: 0.0836846977472
        var: 0.0109329083934
    silence_rate_20dB:
        dmean: 0
        dmean2: 0
        dvar: 0
        dvar2: 0
        max: 1
        mean: 1
        median: 1
        min: 1
        var: 0
    silence_rate_30dB:
        dmean: 0
        dmean2: 0
        dvar: 0
        dvar2: 0
        max: 1
        mean: 1
        median: 1
        min: 1
        var: 0
    silence_rate_60dB:
        dmean: 0.0612789578736
        dmean2: 0.122570998967
        dvar: 0.0575287528336
        dvar2: 0.130175724626
        max: 1
        mean: 0.15883859992
        median: 0
        min: 0
        var: 0.133606731892
    spectral_centroid:
        dmean: 284.986297607
        dmean2: 458.235687256
        dvar: 88489.171875
        dvar2: 218773.65625
        max: 11592.7490234
        mean: 2212.64428711
        median: 2276.47363281
        min: 209.789123535
        var: 708603.375
    spectral_complexity:
        dmean: 4.32689237595
        dmean2: 6.78283166885
        dvar: 16.3247833252
        dvar2: 38.6363945007
        max: 44
        mean: 20.7915248871
        median: 21
        min: 0
        var: 81.6075286865
    spectral_crest:
        dmean: 1.83921384811
        dmean2: 3.14405012131
        dvar: 3.61395215988
        dvar2: 10.0642786026
        max: 21.8158435822
        mean: 6.52923679352
        median: 5.76203155518
        min: 2.62731909752
        var: 7.25790262222
    spectral_decrease:
        dmean: 3.0204633239e-010
        dmean2: 5.03003139141e-010
        dvar: 1.73550531675e-019
        dvar2: 4.69603306745e-019
        max: 1.62030508448e-028
        mean: -1.12082998438e-009
        median: -1.06677078282e-009
        min: -4.21375689896e-009
        var: 3.38740412857e-019
    spectral_energy:
        dmean: 0.00137274782173
        dmean2: 0.00227892817929
        dvar: 3.13463806378e-006
        dvar2: 8.41597557155e-006
        max: 0.0178687870502
        mean: 0.00529518024996
        median: 0.00507067795843
        min: 1.01585784456e-020
        var: 7.02212219039e-006
    spectral_energyband_high:
        dmean: 0.000278995081317
        dmean2: 0.000483482843265
        dvar: 1.48947592038e-007
        dvar2: 4.06974180578e-007
        max: 0.00297284242697
        mean: 0.000621273589786
        median: 0.000532879494131
        min: 7.19987052454e-021
        var: 1.85631250815e-007
    spectral_energyband_low:
        dmean: 0.000187630939763
        dmean2: 0.000307813868858
        dvar: 6.83730618789e-008
        dvar2: 1.73073431142e-007
        max: 0.00380388018675
        mean: 0.000305894413032
        median: 0.000215370746446
        min: 2.44949247012e-023
        var: 1.11117763879e-007
    spectral_energyband_middle_high:
        dmean: 0.000765429402236
        dmean2: 0.00121403788216
        dvar: 5.94099105911e-007
        dvar2: 1.51761196321e-006
        max: 0.0136425858364
        mean: 0.00320748449303
        median: 0.00302339927293
        min: 1.12902832984e-021
        var: 3.09006895804e-006
    spectral_energyband_middle_low:
        dmean: 0.000745512952562
        dmean2: 0.00127738621086
        dvar: 2.06242907552e-006
        dvar2: 5.76935781282e-006
        max: 0.0125931203365
        mean: 0.001289363252
        median: 0.000897942809388
        min: 1.78208500007e-022
        var: 1.9982660433e-006
    spectral_flatness_db:
        dmean: 0.0129274912179
        dmean2: 0.0205716900527
        dvar: 0.00012920347217
        dvar2: 0.000308103248244
        max: 0.422902613878
        mean: 0.150812670588
        median: 0.141822695732
        min: 0.0494039840996
        var: 0.00201875832863
    spectral_flux:
        dmean: 0.00796954892576
        dmean2: 0.0124194109812
        dvar: 7.80601694714e-005
        dvar2: 0.000156612019055
        max: 0.117919653654
        mean: 0.0452380739152
        median: 0.0453109890223
        min: 6.34012078948e-011
        var: 0.000294070399832
    spectral_kurtosis:
        dmean: 1.27035617828
        dmean2: 2.2119550705
        dvar: 7.41208410263
        dvar2: 23.9644088745
        max: 85.6014328003
        mean: 4.21083211899
        median: 2.9492752552
        min: -1.26223492622
        var: 52.3822364807
    spectral_rms:
        dmean: 0.000272650766419
        dmean2: 0.000443045457359
        dvar: 9.67158442222e-008
        dvar2: 2.52349821039e-007
        max: 0.00417528022081
        mean: 0.00216435082257
        median: 0.00222418596968
        min: 3.14814363814e-012
        var: 4.81594270241e-007
    spectral_rolloff:
        dmean: 282.849517822
        dmean2: 466.652038574
        dvar: 125524.125
        dvar2: 285050.28125
        max: 19659.8144531
        mean: 3706.64428711
        median: 3746.77734375
        min: 150.732421875
        var: 1613328.375
    spectral_skewness:
        dmean: 0.174568191171
        dmean2: 0.290685266256
        dvar: 0.049111943692
        dvar2: 0.1496565938
        max: 7.13102960587
        mean: 1.21086394787
        median: 1.10325050354
        min: -0.0778224542737
        var: 0.433054000139
    spectral_spread:
        dmean: 413058.25
        dmean2: 611317.875
        dvar: 439245963264
        dvar2: 817045307392
        max: 42819544
        mean: 4372668.5
        median: 4051500.25
        min: 1027338.25
        var: 7.92379575501e+012
    spectral_strongpeak:
        dmean: 0.716019153595
        dmean2: 1.21825861931
        dvar: 0.769652307034
        dvar2: 1.9787260294
        max: 12.7291536331
        mean: 1.04191279411
        median: 0.597067952156
        min: 0
        var: 1.40700280666
    zerocrossingrate:
        dmean: 0.00750557146966
        dmean2: 0.00930768530816
        dvar: 5.76586535317e-005
        dvar2: 7.80952977948e-005
        max: 0.5185546875
        mean: 0.117699913681
        median: 0.12060546875
        min: 0.0078125
        var: 0.0013238665415
    barkbands:
        dmean: [7.98215538111e-008, 4.97144719702e-005, 0.000122398632811, 0.000105619554233, 0.000421863485826, 0.000135322392453, 9.45286010392e-005, 6.44458923489e-005, 0.000156756912475, 0.000118504991406, 7.23603880033e-005, 7.86614909885e-005, 6.34480020381e-005, 8.25002789497e-005, 0.000110212364234, 0.000147134036524, 0.000216818240006, 0.000244262890192, 0.000320631457726, 0.000243912392762, 0.000132812085212, 4.85820200993e-005, 8.19816978037e-006, 2.67931272901e-006, 1.36862627187e-006, 4.981795243e-008, 3.47674750101e-010]
        dmean2: [1.37854826221e-007, 8.02549329819e-005, 0.000204122436116, 0.000176737463335, 0.000752281746827, 0.000225176976528, 0.000156036461703, 0.000104452723463, 0.00025207948056, 0.000186301957001, 0.00011741599883, 0.000128199375467, 0.000104150400148, 0.000129537394969, 0.000183608935913, 0.000245237984927, 0.000363875034964, 0.000404424819862, 0.000527799420524, 0.000418289448135, 0.000230797988479, 8.26983959996e-005, 1.36078597279e-005, 4.25268081017e-006, 2.05855621971e-006, 7.33761567062e-008, 5.89331083933e-010]
        dvar: [1.50256614469e-014, 6.93712420841e-009, 3.11525738539e-008, 2.55890082457e-008, 1.16334069844e-006, 6.70587141371e-008, 5.67407987262e-008, 2.94613506924e-008, 1.07321191933e-007, 9.15768509913e-008, 2.47678730858e-008, 2.42138611384e-008, 1.74621384019e-008, 3.12034096339e-008, 5.05149984065e-008, 5.46088152475e-008, 9.56446584155e-008, 7.73882788963e-008, 1.41886403071e-007, 8.5754805923e-008, 3.19913340263e-008, 5.32129940112e-009, 2.01908698094e-010, 5.66029723092e-011, 2.83191855383e-011, 4.08005403009e-014, 4.02762305263e-019]
        dvar2: [4.39645336196e-014, 1.74071832504e-008, 7.9974746825e-008, 6.46264197712e-008, 3.32748095389e-006, 1.7655047202e-007, 1.39907726293e-007, 7.44114743156e-008, 2.63795442379e-007, 1.99309312165e-007, 6.25887608408e-008, 6.2627272257e-008, 4.72108894201e-008, 7.32877794007e-008, 1.35180144412e-007, 1.48983559711e-007, 2.65833534741e-007, 2.08601335316e-007, 3.74480492837e-007, 2.35691288708e-007, 8.7545288352e-008, 1.34672566432e-008, 4.82933748547e-010, 1.1205365108e-010, 5.65055884028e-011, 8.21380927141e-014, 1.05170193603e-018]
        max: [1.31403191972e-006, 0.000872181146406, 0.00294631090946, 0.00266900402494, 0.0104705113918, 0.0052668848075, 0.00537423836067, 0.00574191240594, 0.006936150603, 0.00775986304507, 0.00343873165548, 0.00303588807583, 0.0032049822621, 0.00493530742824, 0.00603013159707, 0.00531885912642, 0.00805244222283, 0.00500623555854, 0.00883593503386, 0.00266207917593, 0.00251793162897, 0.000968174485024, 0.00023140932899, 0.000244704249781, 0.000162670519785, 8.58977091411e-006, 2.89096746542e-008]
        mean: [1.06475120276e-007, 6.37139455648e-005, 0.000167232268723, 0.000139268217026, 0.000427465158282, 0.000192879480892, 0.000121642107842, 9.70141263679e-005, 0.000233171260334, 0.000168885555468, 0.000110463275632, 0.000130623899167, 0.000102125675767, 0.000137075665407, 0.000196727967705, 0.00028539088089, 0.000442258780822, 0.000564283749554, 0.000809747551102, 0.000537165149581, 0.000261514011072, 8.48937706905e-005, 1.41572945722e-005, 5.12181213708e-006, 2.18006039177e-006, 7.50961177687e-008, 4.72203665058e-010]
        median: [5.42371374479e-008, 3.58173638233e-005, 9.94471629383e-005, 8.0814876128e-005, 0.000162799318787, 0.000104053979157, 5.96059398958e-005, 3.42579078279e-005, 0.000108253509097, 5.1626117056e-005, 4.76787281514e-005, 5.6505894463e-005, 4.63028736704e-005, 6.43004677841e-005, 9.57951633609e-005, 0.00021620435291, 0.00036085373722, 0.000477435765788, 0.00070070696529, 0.000473529216833, 0.000213658582652, 5.85644011153e-005, 8.99719725567e-006, 3.08881726596e-006, 9.5047130344e-007, 2.43010447321e-008, 2.63583460614e-010]
        min: [7.43717255236e-025, 1.47700498044e-024, 1.32039636924e-024, 7.36750627367e-025, 1.48892462928e-023, 1.2891951455e-023, 1.27406834321e-023, 9.88418890643e-024, 1.89405471789e-023, 1.24583856128e-023, 1.03703985922e-023, 3.72703140688e-023, 3.53248852578e-023, 2.39675980073e-023, 4.47449541615e-023, 5.71290038335e-023, 7.89811955928e-023, 8.53649546496e-023, 1.31258894186e-022, 1.95419337123e-022, 2.78894616495e-022, 3.0502769764e-022, 4.39088108269e-022, 6.36019900006e-022, 9.03367258923e-022, 1.36781685402e-021, 1.91789014383e-021]
        var: [1.81380975642e-014, 7.42903250028e-009, 4.95132397305e-008, 3.52765781031e-008, 8.2333752971e-007, 7.61685683415e-008, 6.29299847787e-008, 7.84639411222e-008, 1.58135478046e-007, 1.92661758547e-007, 3.94204100473e-008, 4.5129809223e-008, 2.82407128793e-008, 6.17268085534e-008, 9.24393717128e-008, 9.66230686572e-008, 1.54803828423e-007, 1.81046075909e-007, 3.51405503807e-007, 1.28979820602e-007, 4.2824972013e-008, 7.77077513447e-009, 3.25737936624e-010, 1.13956698244e-010, 4.71030089932e-011, 6.56622244641e-014, 4.87713392281e-019]
    frequency_bands:
        dmean: [7.98215538111e-008, 4.97144719702e-005, 0.000122398632811, 0.000105619554233, 0.000421863485826, 0.000135322392453, 9.45286010392e-005, 6.44458923489e-005, 0.000156756912475, 0.000118504991406, 7.23603880033e-005, 7.86614909885e-005, 6.34480020381e-005, 8.25002789497e-005, 0.000110212364234, 0.000147134036524, 0.000216818240006, 0.000244262890192, 0.000320631457726, 0.000243912392762, 0.000132812085212, 4.85820200993e-005, 8.19816978037e-006, 2.67931272901e-006, 1.36862627187e-006, 4.981795243e-008, 3.47674750101e-010, 6.31679847318e-011]
        dmean2: [1.37854826221e-007, 8.02549329819e-005, 0.000204122436116, 0.000176737463335, 0.000752281746827, 0.000225176976528, 0.000156036461703, 0.000104452723463, 0.00025207948056, 0.000186301957001, 0.00011741599883, 0.000128199375467, 0.000104150400148, 0.000129537394969, 0.000183608935913, 0.000245237984927, 0.000363875034964, 0.000404424819862, 0.000527799420524, 0.000418289448135, 0.000230797988479, 8.26983959996e-005, 1.36078597279e-005, 4.25268081017e-006, 2.05855621971e-006, 7.33761567062e-008, 5.89331083933e-010, 1.17282225598e-010]
        dvar: [1.50256614469e-014, 6.93712420841e-009, 3.11525738539e-008, 2.55890082457e-008, 1.16334069844e-006, 6.70587141371e-008, 5.67407987262e-008, 2.94613506924e-008, 1.07321191933e-007, 9.15768509913e-008, 2.47678730858e-008, 2.42138611384e-008, 1.74621384019e-008, 3.12034096339e-008, 5.05149984065e-008, 5.46088152475e-008, 9.56446584155e-008, 7.73882788963e-008, 1.41886403071e-007, 8.5754805923e-008, 3.19913340263e-008, 5.32129940112e-009, 2.01908698094e-010, 5.66029723092e-011, 2.83191855383e-011, 4.08005403009e-014, 4.02762305263e-019, 7.83122985956e-021]
        dvar2: [4.39645336196e-014, 1.74071832504e-008, 7.9974746825e-008, 6.46264197712e-008, 3.32748095389e-006, 1.7655047202e-007, 1.39907726293e-007, 7.44114743156e-008, 2.63795442379e-007, 1.99309312165e-007, 6.25887608408e-008, 6.2627272257e-008, 4.72108894201e-008, 7.32877794007e-008, 1.35180144412e-007, 1.48983559711e-007, 2.65833534741e-007, 2.08601335316e-007, 3.74480492837e-007, 2.35691288708e-007, 8.7545288352e-008, 1.34672566432e-008, 4.82933748547e-010, 1.1205365108e-010, 5.65055884028e-011, 8.21380927141e-014, 1.05170193603e-018, 2.49038346137e-020]
        max: [1.31403191972e-006, 0.000872181146406, 0.00294631090946, 0.00266900402494, 0.0104705113918, 0.0052668848075, 0.00537423836067, 0.00574191240594, 0.006936150603, 0.00775986304507, 0.00343873165548, 0.00303588807583, 0.0032049822621, 0.00493530742824, 0.00603013159707, 0.00531885912642, 0.00805244222283, 0.00500623555854, 0.00883593503386, 0.00266207917593, 0.00251793162897, 0.000968174485024, 0.00023140932899, 0.000244704249781, 0.000162670519785, 8.58977091411e-006, 2.89096746542e-008, 9.02207808462e-010]
        mean: [1.06475120276e-007, 6.37139455648e-005, 0.000167232268723, 0.000139268217026, 0.000427465158282, 0.000192879480892, 0.000121642107842, 9.70141263679e-005, 0.000233171260334, 0.000168885555468, 0.000110463275632, 0.000130623899167, 0.000102125675767, 0.000137075665407, 0.000196727967705, 0.00028539088089, 0.000442258780822, 0.000564283749554, 0.000809747551102, 0.000537165149581, 0.000261514011072, 8.48937706905e-005, 1.41572945722e-005, 5.12181213708e-006, 2.18006039177e-006, 7.50961177687e-008, 4.72203665058e-010, 4.89486055855e-011]
        median: [5.42371374479e-008, 3.58173638233e-005, 9.94471629383e-005, 8.0814876128e-005, 0.000162799318787, 0.000104053979157, 5.96059398958e-005, 3.42579078279e-005, 0.000108253509097, 5.1626117056e-005, 4.76787281514e-005, 5.6505894463e-005, 4.63028736704e-005, 6.43004677841e-005, 9.57951633609e-005, 0.00021620435291, 0.00036085373722, 0.000477435765788, 0.00070070696529, 0.000473529216833, 0.000213658582652, 5.85644011153e-005, 8.99719725567e-006, 3.08881726596e-006, 9.5047130344e-007, 2.43010447321e-008, 2.63583460614e-010, 1.8462046128e-011]
        min: [7.43717255236e-025, 1.47700498044e-024, 1.32039636924e-024, 7.36750627367e-025, 1.48892462928e-023, 1.2891951455e-023, 1.27406834321e-023, 9.88418890643e-024, 1.89405471789e-023, 1.24583856128e-023, 1.03703985922e-023, 3.72703140688e-023, 3.53248852578e-023, 2.39675980073e-023, 4.47449541615e-023, 5.71290038335e-023, 7.89811955928e-023, 8.53649546496e-023, 1.31258894186e-022, 1.95419337123e-022, 2.78894616495e-022, 3.0502769764e-022, 4.39088108269e-022, 6.36019900006e-022, 9.03367258923e-022, 1.36781685402e-021, 1.91789014383e-021, 4.82111042183e-022]
        var: [1.81380975642e-014, 7.42903250028e-009, 4.95132397305e-008, 3.52765781031e-008, 8.2333752971e-007, 7.61685683415e-008, 6.29299847787e-008, 7.84639411222e-008, 1.58135478046e-007, 1.92661758547e-007, 3.94204100473e-008, 4.5129809223e-008, 2.82407128793e-008, 6.17268085534e-008, 9.24393717128e-008, 9.66230686572e-008, 1.54803828423e-007, 1.81046075909e-007, 3.51405503807e-007, 1.28979820602e-007, 4.2824972013e-008, 7.77077513447e-009, 3.25737936624e-010, 1.13956698244e-010, 4.71030089932e-011, 6.56622244641e-014, 4.87713392281e-019, 6.19726905709e-021]
    mfcc:
        mean: [-703.395446777, 82.6275787354, -58.2886543274, 57.5359916687, -15.5537719727, -4.15160608292, -1.03650283813, -0.960931241512, -1.48890459538, -5.65763807297, -4.88875341415, -6.31459379196, -6.43408918381]
        cov: [[10044.6621094, 1172.00598145, -1116.05578613, 1199.87536621, -395.396179199, 12.2116508484, 19.081029892, 164.211898804, 77.3050460815, -16.8438663483, -109.083847046, -121.741874695, -18.210100174], [1172.00598145, 583.537597656, -237.313232422, 261.009674072, -31.8749732971, 21.0227890015, 48.3056259155, -2.86504936218, 22.1762962341, -14.6114664078, -1.33263504505, -10.0565099716, -18.1721744537], [-1116.05578613, -237.313232422, 663.053344727, -141.267822266, 151.596282959, 49.1686325073, -46.2633552551, 29.5403251648, -26.9865856171, 35.200668335, -8.10436439514, -4.1581697464, -3.30214118958], [1199.87536621, 261.009674072, -141.267822266, 451.909057617, 9.79137992859, 28.3263816833, 32.581829071, 16.9305114746, 68.2424087524, 7.31731987, -5.62106895447, 2.25927329063, 18.1185321808], [-395.396179199, -31.8749732971, 151.596282959, 9.79137992859, 172.201171875, 55.0422210693, 10.7798480988, 9.62339496613, 10.8929891586, 22.7209339142, -3.661850214, -2.53388142586, -2.01392745972], [12.2116508484, 21.0227890015, 49.1686325073, 28.3263816833, 55.0422210693, 131.768692017, 64.5552978516, 36.4116210938, 9.24540424347, 12.2715597153, 6.21171951294, 1.08153748512, 3.65580749512], [19.081029892, 48.3056259155, -46.2633552551, 32.581829071, 10.7798480988, 64.5552978516, 134.697433472, 59.246295929, 35.5855484009, -1.22338557243, 9.60618400574, 17.2148647308, 8.52395439148], [164.211898804, -2.86504936218, 29.5403251648, 16.9305114746, 9.62339496613, 36.4116210938, 59.246295929, 110.145004272, 49.5354614258, 31.2739906311, -0.012980661355, -0.195793688297, 3.99646186829], [77.3050460815, 22.1762962341, -26.9865856171, 68.2424087524, 10.8929891586, 9.24540424347, 35.5855484009, 49.5354614258, 96.1044387817, 43.511100769, 16.0025463104, 5.90207195282, 8.32965373993], [-16.8438663483, -14.6114664078, 35.200668335, 7.31731987, 22.7209339142, 12.2715597153, -1.22338557243, 31.2739906311, 43.511100769, 84.5260848999, 32.9834060669, 14.9433412552, -0.210469290614], [-109.083847046, -1.33263504505, -8.10436439514, -5.62106895447, -3.661850214, 6.21171951294, 9.60618400574, -0.012980661355, 16.0025463104, 32.9834060669, 65.9875640869, 37.1160011292, 13.4590330124], [-121.741874695, -10.0565099716, -4.1581697464, 2.25927329063, -2.53388142586, 1.08153748512, 17.2148647308, -0.195793688297, 5.90207195282, 14.9433412552, 37.1160011292, 71.439666748, 29.108165741], [-18.210100174, -18.1721744537, -3.30214118958, 18.1185321808, -2.01392745972, 3.65580749512, 8.52395439148, 3.99646186829, 8.32965373993, -0.210469290614, 13.4590330124, 29.108165741, 60.3353385925]]
        icov: [[0.000238890366745, -0.000174198154127, 0.000248241412919, -0.000533642421942, 0.000405549595598, -0.00017250237579, 0.00041633224464, -0.000719741510693, 0.000556273269467, -0.000268665899057, 0.000229339901125, 0.000234175677178, -3.55516058335e-005], [-0.000174198154127, 0.00284559652209, 0.000442097865744, -0.00110218860209, -0.000214403160498, -3.85546591133e-005, -0.000972554960754, 0.000684406142682, 0.000305037247017, 0.000250241952017, -0.000679537537508, 0.000144393561641, 0.00128758850042], [0.000248241412919, 0.000442097865744, 0.00276547274552, -0.000234292703681, -0.00151215610094, -0.000825041497592, 0.00185982673429, -0.0021816578228, 0.00152014545165, -0.00057602400193, 0.000417909730459, -8.25168390293e-005, 4.57739843114e-005], [-0.000533642421942, -0.00110218860209, -0.000234292703681, 0.00483874976635, -0.00134839885868, -0.000477213936392, -7.35620196792e-005, 0.00195708870888, -0.00403476273641, 0.00105806835927, 0.000733073218726, -0.00102821621113, -0.00120100472122], [0.000405549595598, -0.000214403160498, -0.00151215610094, -0.00134839885868, 0.00950270425528, -0.00330722890794, 3.52658316842e-005, 0.00111622025725, -0.000411522574723, -0.00243808049709, 0.00234074611217, 0.00022976960463, 0.000233954837313], [-0.00017250237579, -3.85546591133e-005, -0.000825041497592, -0.000477213936392, -0.00330722890794, 0.0129834869877, -0.00681083323434, -0.000726150290575, 0.00342242605984, -0.00195717741735, -0.00191132701002, 0.00258154631592, -0.00115069048479], [0.00041633224464, -0.000972554960754, 0.00185982673429, -7.35620196792e-005, 3.52658316842e-005, -0.00681083323434, 0.0167491286993, -0.00823327805847, -0.00338984909467, 0.00636184494942, -0.00112848053686, -0.00429010251537, 0.00136119336821], [-0.000719741510693, 0.000684406142682, -0.0021816578228, 0.00195708870888, 0.00111622025725, -0.000726150290575, -0.00823327805847, 0.0196675658226, -0.0071270223707, -0.00492017250508, 0.00406020367518, 0.000708772102371, -0.00105739792343], [0.000556273269467, 0.000305037247017, 0.00152014545165, -0.00403476273641, -0.000411522574723, 0.00342242605984, -0.00338984909467, -0.0071270223707, 0.0223548728973, -0.00956588797271, -0.00135596899781, 0.0037507545203, -0.00234216405079], [-0.000268665899057, 0.000250241952017, -0.00057602400193, 0.00105806835927, -0.00243808049709, -0.00195717741735, 0.00636184494942, -0.00492017250508, -0.00956588797271, 0.0243151839823, -0.010504109785, -0.00260869436897, 0.00411649327725], [0.000229339901125, -0.000679537537508, 0.000417909730459, 0.000733073218726, 0.00234074611217, -0.00191132701002, -0.00112848053686, 0.00406020367518, -0.00135596899781, -0.010504109785, 0.0282235965133, -0.0112738860771, -0.000954607967287], [0.000234175677178, 0.000144393561641, -8.25168390293e-005, -0.00102821621113, 0.00022976960463, 0.00258154631592, -0.00429010251537, 0.000708772102371, 0.0037507545203, -0.00260869436897, -0.0112738860771, 0.0253850594163, -0.00942999031395], [-3.55516058335e-005, 0.00128758850042, 4.57739843114e-005, -0.00120100472122, 0.000233954837313, -0.00115069048479, 0.00136119336821, -0.00105739792343, -0.00234216405079, 0.00411649327725, -0.000954607967287, -0.00942999031395, 0.0223695952445]]
    sccoeffs:
        dmean: [0.0571772232652, 0.0485597737134, 0.040964782238, 0.0313710272312, 0.0205637030303, 0.0183276049793]
        dmean2: [0.0943459495902, 0.0796731486917, 0.0660626962781, 0.0509457848966, 0.0336754992604, 0.0289150923491]
        dvar: [0.00252542411909, 0.00160275399685, 0.00116709573194, 0.000652108457871, 0.000291828968329, 0.000271153898211]
        dvar2: [0.00679594278336, 0.00403798744082, 0.00292614195496, 0.00166618684307, 0.00074712827336, 0.000595515477471]
        max: [-0.290775597095, -0.475110322237, -0.49404039979, -0.525950193405, -0.560542225838, -0.551991999149]
        mean: [-0.655588686466, -0.759249866009, -0.779002308846, -0.778872728348, -0.791332662106, -0.725176870823]
        median: [-0.664967000484, -0.764906346798, -0.786023497581, -0.782688438892, -0.793043255806, -0.721231460571]
        min: [-0.977154254913, -0.976779043674, -0.97770601511, -0.969004631042, -0.966116368771, -0.963161945343]
        var: [0.00740664917976, 0.00471189757809, 0.00405030464754, 0.0026836914476, 0.00155404361431, 0.00297964643687]
    scvalleys:
        dmean: [0.407722532749, 0.370298355818, 0.317844897509, 0.239824309945, 0.205979257822, 0.255176872015]
        dmean2: [0.66796785593, 0.598173439503, 0.498482078314, 0.377704262733, 0.320320188999, 0.38901719451]
        dvar: [0.124562062323, 0.114760145545, 0.0832907855511, 0.0529028698802, 0.0507989451289, 0.106285892427]
        dvar2: [0.302800804377, 0.270323842764, 0.176784053445, 0.108387805521, 0.1049637869, 0.215257704258]
        max: [-5.31837511063, -4.78270673752, -5.2347869873, -5.67644786835, -5.55056333542, -7.44048118591]
        mean: [-7.45941543579, -7.03013515472, -7.24913692474, -7.31579494476, -6.87990140915, -9.86289215088]
        median: [-6.90642261505, -6.65704679489, -6.84799480438, -6.93093490601, -6.3864812851, -9.41561222076]
        min: [-28.0937290192, -27.701166153, -27.7830791473, -27.6868038177, -27.4374847412, -27.355342865]
        var: [4.74583625793, 3.9945704937, 4.21085691452, 4.1129784584, 4.82138156891, 4.12941169739]

rhythm:
    beats_loudness:
        dmean: 0.0013375999406
        dmean2: 0.00230382173322
        dvar: 1.75596790086e-006
        dvar2: 5.0978537729e-006
        max: 0.015625545755
        mean: 0.00522559601814
        median: 0.005460774526
        min: 0
        var: 5.21955280419e-006
    bpm: 94.3953933716
    bpm_confidence: 0
    first_peak_bpm: 94
    first_peak_spread: 0.555555582047
    first_peak_weight: 0.331550806761
    onset_rate: 3.24604392052
    second_peak_bpm: 185
    second_peak_spread: 0
    second_peak_weight: 0.0508021377027
    beats_loudness_band_ratio:
        dmean: [0.0771855860949, 0.0916083529592, 0.0668999105692, 0.0646446421742, 0.0896296650171, 0.0670807808638]
        dmean2: [0.137578338385, 0.168355479836, 0.117648221552, 0.111308947206, 0.154118701816, 0.113080605865]
        dvar: [0.00617274874821, 0.00724497577175, 0.00733714178205, 0.00529387779534, 0.00792186893523, 0.00317128491588]
        dvar2: [0.015147715807, 0.0215073656291, 0.0198172479868, 0.0149212190881, 0.0222147088498, 0.00911400001496]
        max: [0.961296081543, 0.488748461008, 0.742289364338, 0.470089375973, 0.776618003845, 0.526180207729]
        mean: [0.149123355746, 0.125509098172, 0.104149758816, 0.100370451808, 0.297315627337, 0.271353423595]
        median: [0.106671839952, 0.094496794045, 0.0793535709381, 0.0701483339071, 0.301345944405, 0.27811729908]
        min: [0, 0, 0, 0, 0, 0]
        var: [0.0277532543987, 0.00904454197735, 0.00809757784009, 0.00674473401159, 0.0146832577884, 0.0106973825023]
    beats_position: [0.348299324512, 0.708208620548, 1.06811785698, 1.42802715302, 1.78793644905, 2.14784574509, 2.50775504112, 2.86766433716, 3.25079369545, 3.63392281532, 4.00544214249, 4.38857126236, 4.72526073456, 5.06195020676, 5.39863920212, 5.73532867432, 6.08362817764, 6.43192720413, 6.78022670746, 7.12852573395, 7.46521520615, 7.79029464722, 8.11537361145, 8.45206356049, 8.77714252472, 9.11383247375, 9.43891143799, 9.76399040222, 10.0890703201, 10.4141492844, 10.7276191711, 11.0410881042, 11.354557991, 11.6680269241, 11.9931058884, 12.3065757751, 12.6316547394, 12.9567346573, 13.2818136215, 13.5952835083, 13.9087524414, 14.2222223282, 14.5356912613, 14.8607711792, 15.1858501434, 15.5109291077, 15.8243989944, 16.1378688812, 16.4629478455, 16.7880268097, 17.1014957428, 17.4149665833, 17.7284355164, 18.0419044495, 18.3669834137, 18.6920623779, 19.0171432495, 19.4931507111, 19.96916008, 20.4451694489, 20.9095687866, 21.3855781555, 21.8499774933, 22.3143768311, 22.7787742615, 23.2547836304, 23.7307929993, 24.195192337, 24.6595916748, 25.1239910126, 25.5883903503, 26.0527877808, 26.5171871185, 26.9931964874, 27.4692058563, 27.9336051941, 28.409614563, 28.8856239319, 29.3616313934, 29.8376407623, 30.3136501312, 30.8012695313, 31.3701572418, 31.9390468597, 32.5079345703, 33.0652160645, 33.6224937439, 34.1681632996, 34.8067131042, 35.4452590942, 36.0838088989, 36.7107467651, 37.3376846313, 37.9646263123, 38.5915641785, 39.2301139832, 39.8686599731, 40.5072097778, 41.1457595825, 41.7843093872, 42.4228553772, 43.0614051819, 43.6999549866, 44.3385009766, 44.9770507813, 45.6156005859, 46.2541503906, 46.8926963806, 47.5312461853, 48.1581840515, 48.7851219177, 49.4236717224, 50.0622215271, 50.7123794556, 51.362537384, 52.0010871887, 52.6396369934, 53.2781867981, 53.9167327881, 54.5436706543, 55.182220459, 55.8323783875, 56.4709281921, 57.0978660583, 57.736415863, 58.3749656677, 59.0019035339, 59.6520614624, 60.3022193909, 60.9407691956, 61.5793190002, 62.2178688049, 62.8564147949, 63.4949645996, 64.1335144043, 64.772064209, 65.4106140137, 66.049156189, 66.6877059937, 67.3146438599, 67.9415893555, 68.5685272217, 69.1838531494, 69.8107910156, 70.4493408203, 71.0762786865, 71.7032165527, 72.3301544189, 72.9570999146, 73.5840377808, 74.210975647, 74.8379135132, 75.4648513794, 76.0917892456, 76.6955108643, 77.3224487305, 77.9493865967, 78.5763244629, 79.2032623291, 79.8302001953, 80.4571380615, 81.0840835571, 81.7110214233, 82.3263473511, 82.9416732788, 83.5686187744, 84.1955566406, 84.8341064453, 85.4726486206, 86.0879821777, 86.7033081055, 87.3302459717, 87.9571838379, 88.5957336426, 89.2342834473, 89.8612213135, 90.5113830566, 91.1499328613, 91.788482666, 92.4270248413, 93.065574646, 93.7041244507, 94.3426742554, 94.9812240601, 95.6197738647, 96.2583236694, 96.8968658447, 97.5238113403, 98.1623535156, 98.8009033203, 99.439453125, 100.066390991, 100.704940796, 101.355102539, 101.993652344, 102.632194519, 103.270744324, 103.909294128, 104.547843933, 105.186393738, 105.813331604, 106.451881409, 107.090431213, 107.728981018, 108.367523193, 109.017684937, 109.644622803, 110.294784546, 110.94493866, 111.571876526, 112.210426331, 112.848976135, 113.48752594, 114.126075745, 114.764625549, 115.403175354, 116.041717529, 116.680267334, 117.318817139, 117.945755005, 118.572692871, 119.199638367, 119.814964294, 120.441902161, 121.092063904, 121.71900177, 122.345939636, 122.972877502, 123.599815369, 124.226753235, 124.853691101, 125.480628967, 126.107574463, 126.734512329, 127.349838257, 127.976776123, 128.592102051, 129.219039917, 129.845977783, 130.46131897, 131.088256836, 131.715194702, 132.342132568, 132.957458496, 133.584396362, 134.211334229, 134.838272095, 135.465209961, 136.092147827, 136.719085693, 137.34602356, 137.972961426, 138.599899292, 139.226852417, 139.865386963, 140.503936768, 141.142486572, 141.781036377, 142.419586182, 143.058135986, 143.708297729, 144.335235596, 144.962173462, 145.612335205, 146.239273071, 146.889434814, 147.551193237, 148.224578857, 148.909561157, 149.582946777, 150.233108521, 150.906478882, 151.603088379, 152.299682617, 152.94984436, 153.599990845, 154.226928711, 154.877090454, 155.515640259, 156.154190063, 156.78112793, 157.408065796, 158.046615601, 158.685165405, 159.335327148, 159.985488892, 160.612426758, 161.250976563, 161.889526367, 162.528076172, 163.166610718, 163.793563843, 164.432098389, 165.070648193, 165.709197998, 166.347747803, 166.986297607, 167.624847412, 168.263397217, 168.901947021, 169.552108765, 170.190658569, 170.829208374, 171.467758179, 172.106307983, 172.744842529, 173.383392334, 174.0103302, 174.648880005, 175.28742981, 175.925979614, 176.564529419, 177.214691162, 177.853240967, 178.491790771, 179.118728638, 179.768890381, 180.419036865, 181.05758667, 181.696136475, 182.323074341, 182.961624146, 183.60017395, 184.238723755, 184.87727356, 185.504211426, 186.14276123, 186.781311035, 187.431472778, 188.070022583, 188.708572388, 189.347122192, 189.985671997, 190.612609863, 191.251159668, 191.889694214, 192.539855957, 193.201629639, 193.86340332, 194.513549805, 195.163711548, 195.813873291, 196.440811157, 197.079360962, 197.729522705, 198.379684448, 199.029830933, 199.691604614, 200.341766357, 200.968704224, 201.59564209, 202.222579956, 202.849517822, 203.476455688, 204.080184937, 204.707122803, 205.334060669, 205.960998535, 206.587936401, 207.214874268, 207.841812134, 208.46875, 209.095687866, 209.722625732, 210.33795166, 210.953277588, 211.580215454, 212.207168579, 212.834106445, 213.461044312, 214.111190796, 214.772964478, 215.434738159, 216.084899902, 216.746658325]
    bpm_estimates: [93.9629135132, 93.9634780884, 93.9629135132, 95.7032623291, 95.7032623291, 95.7026824951, 95.7032623291, 93.9629135132, 93.9634780884, 93.9629135132, 93.9629135132, 93.9629135132, 93.9634780884, 93.9629135132, 93.9629135132, 93.9634780884, 93.9629135132, 93.9629135132, 93.9629135132, 93.9634780884, 93.9629135132, 95.7032623291, 95.7032623291, 93.9629135132, 93.9629135132, 92.2852706909, 92.2852706909, 93.9629135132, 93.9629135132, 93.9629135132, 93.9634780884, 95.7032623291, 93.9629135132, 92.2852706909, 93.9629135132, 95.7032623291, 93.9629135132, 93.9629135132, 95.7032623291, 92.2852706909, 92.2852706909, 93.9629135132, 93.9629135132, 93.9629135132, 93.9634780884, 93.9629135132, 93.9629135132, 93.9629135132, 93.9629135132, 93.9640350342, 93.9629135132, 95.7032623291, 95.7021026611, 95.7032623291, 97.5093002319, 95.7032623291, 93.9629135132, 95.7032623291, 95.7032623291, 95.7032623291, 95.7021026611, 95.7032623291, 95.7032623291, 95.7032623291, 95.7032623291, 95.7032623291, 95.7032623291, 95.7032623291, 95.7032623291, 95.7032623291, 95.7032623291, 95.7032623291, 95.7021026611, 95.7032623291, 97.5093002319, 97.5093002319, 95.7021026611, 95.7032623291, 93.9629135132, 93.9640350342, 97.5080871582, 97.5093002319, 95.7032623291, 95.7032623291, 93.9629135132, 93.9629135132, 95.7032623291, 92.2847290039, 93.9629135132, 93.9629135132, 93.9640350342, 93.9629135132, 93.9629135132, 93.9629135132, 93.9629135132, 93.9629135132, 93.9629135132, 93.9640350342, 95.7021026611, 93.9640350342, 93.9629135132, 93.9629135132, 95.7032623291, 93.9629135132, 92.2847290039, 93.9629135132, 93.9640350342, 93.9629135132, 93.9629135132, 93.9629135132, 93.9629135132, 95.7032623291, 93.9629135132, 93.9629135132, 93.9629135132, 93.9640350342, 92.2847290039, 95.7032623291, 92.2847290039, 92.2858123779, 95.7032623291, 93.9629135132, 93.9629135132, 93.9629135132, 93.9629135132, 93.9629135132, 93.9629135132, 93.9640350342, 93.9629135132, 93.9629135132, 95.7032623291, 95.7032623291, 95.7021026611, 97.5093002319, 95.7032623291, 92.2847290039, 95.7032623291, 95.7032623291, 95.7032623291, 95.7032623291, 95.7032623291, 95.7032623291, 95.7032623291, 95.7021026611, 95.7032623291, 97.5093002319, 95.7032623291, 97.5093002319, 95.7032623291, 95.7032623291, 97.5068817139, 95.7032623291, 95.7032623291, 95.7032623291, 97.5093002319, 95.7032623291, 95.7032623291, 95.7032623291, 95.7032623291, 95.7032623291, 95.7032623291, 95.7032623291, 95.7032623291, 95.7032623291, 95.7009353638, 93.9651565552, 93.9629135132, 93.9629135132, 93.9629135132, 93.9629135132, 93.9629135132, 92.2847290039, 95.7032623291, 95.7032623291, 92.2847290039, 95.7032623291, 92.2847290039, 90.6675262451, 89.1019897461, 89.1019897461, 92.2847290039, 89.1040115356, 92.2847290039, 92.286895752, 95.7032623291, 92.2847290039, 93.9629135132, 93.9629135132, 95.7032623291, 95.7032623291, 93.9629135132, 93.9629135132, 92.2847290039, 92.2847290039, 95.7032623291, 93.9629135132, 93.9629135132, 93.9629135132, 93.9651565552, 95.7009353638, 93.9651565552, 93.9629135132, 93.9629135132, 93.9629135132, 93.9629135132, 93.9629135132, 93.9629135132, 93.9629135132, 92.2847290039, 93.9629135132, 93.9629135132, 93.9629135132, 93.9629135132, 93.9651565552, 93.9629135132, 95.7032623291, 93.9629135132, 93.9629135132, 93.9629135132, 93.9629135132, 92.2847290039, 93.9629135132, 93.9629135132, 95.7032623291, 92.2847290039, 92.286895752, 93.9629135132, 93.9629135132, 95.7032623291, 93.9629135132, 93.9629135132, 93.9629135132, 93.9629135132, 95.7032623291, 93.9629135132, 93.9629135132, 92.2847290039, 93.9629135132, 93.9629135132, 93.9629135132, 93.9629135132, 95.7032623291, 93.9629135132, 93.9651565552, 92.2847290039, 90.665435791, 90.665435791, 92.286895752, 92.2847290039, 92.2847290039, 95.7032623291, 93.9629135132, 92.2847290039, 92.2847290039, 92.286895752, 90.665435791, 92.2847290039, 95.7032623291, 95.7032623291, 95.7032623291, 95.7032623291, 95.7032623291, 95.7032623291, 95.7032623291, 95.7032623291, 95.7032623291, 95.7032623291, 95.7032623291, 95.7032623291, 95.7032623291, 95.7032623291, 97.5093002319, 97.5093002319, 95.7032623291, 95.7009353638, 95.7032623291, 95.7032623291, 92.286895752, 90.665435791, 90.665435791, 92.2847290039, 90.6675262451]
