
metadata:
    version:
        essentia: "2.1-beta2"
    audio_properties:
        analysis_sample_rate: 44100
        bitrate: 320
        channels: 2
        equal_loudness: 1
        length: 240.117553711
        replay_gain: -14.696434021
        downmix: "mix"
    tags:
        album: "Ghost Empire"
        artist: "Caliban"
        comment: "For QUALITY NEEDS Visit :
http://www.bubaneemusic2.com"
        date: "2014"
        genre: "Metalcore"
        title: "Wolves And Rats"
        tracknumber: "3/16"

configuration:
    average_loudness:
        compute: 1
        frameSize: 88200
        hopSize: 44100
        silentFrames: "noise"
        windowType: "hann"
    general:
        analysisSampleRate: 44100
        endTime: 2000
        equalLoudness: 1
        nequalLoudness: 0
        shortSound: 0
        startTime: 0
    lowlevel:
        compute: 1
        frameSize: 2048
        hopSize: 1024
        zeroPadding: 0
        silentFrames: "noise"
        windowType: "blackmanharris62"
        mfccStats: ["mean", "cov", "icov"]
        stats: ["mean", "var", "median", "min", "max", "dmean", "dmean2", "dvar", "dvar2"]
    panning:
        compute: 0
        frameSize: 8192
        hopSize: 2048
        zeroPadding: 8192
        silentFrames: "noise"
        windowType: "hann"
        stats: ["copy"]
    rhythm:
        compute: 1
        maxTempo: 208
        minTempo: 40
        method: "degara"
        stats: ["mean", "var", "median", "min", "max", "dmean", "dmean2", "dvar", "dvar2"]
    segmentation:
        compute: 0
        cpw: 5
        inc1: 300
        inc2: 50
        minimumSegmentsLength: 10
        size1: 1000
        size2: 600
    sfx:
        compute: 1
        stats: ["mean", "var", "median", "min", "max", "dmean", "dmean2", "dvar", "dvar2"]
    svm:
        compute: 0
    tonal:
        compute: 1
        frameSize: 4096
        hopSize: 2048
        zeroPadding: 0
        silentFrames: "noise"
        windowType: "blackmanharris62"
        stats: ["mean", "var", "median", "min", "max", "dmean", "dmean2", "dvar", "dvar2"]

lowlevel:
    average_loudness: 0.90004581213
    barkbands_kurtosis:
        dmean: 0.790860295296
        dmean2: 1.30554926395
        dvar: 0.877077102661
        dvar2: 2.23283982277
        max: 59.4810562134
        mean: 0.208844080567
        median: -0.289138525724
        min: -1.82458531857
        var: 11.4549541473
    barkbands_skewness:
        dmean: 0.32722723484
        dmean2: 0.539131760597
        dvar: 0.0940131768584
        dvar2: 0.254211544991
        max: 6.34165287018
        mean: -0.662020504475
        median: -0.822296500206
        min: -3.51430511475
        var: 0.692775309086
    barkbands_spread:
        dmean: 5.26994609833
        dmean2: 8.64639949799
        dvar: 25.7800655365
        dvar2: 68.1181182861
        max: 63.2904891968
        mean: 29.4610481262
        median: 29.1531829834
        min: 1.05074083805
        var: 114.044273376
    dissonance:
        dmean: 0.00939191505313
        dmean2: 0.0162727925926
        dvar: 0.000164808894624
        dvar2: 0.000451712781796
        max: 0.500000059605
        mean: 0.483552545309
        median: 0.491093844175
        min: 0.20364177227
        var: 0.000622519175522
    hfc:
        dmean: 2.68290138245
        dmean2: 4.56864786148
        dvar: 11.8883333206
        dvar2: 33.1548805237
        max: 44.5400428772
        mean: 10.9393777847
        median: 11.1349525452
        min: 1.10722810141e-016
        var: 48.5890197754
    pitch:
        dmean: 1028.6270752
        dmean2: 1940.38061523
        dvar: 1648570.625
        dvar2: 4111785.5
        max: 4466.73144531
        mean: 1516.37084961
        median: 611.90838623
        min: 48.9950561523
        var: 2227633.75
    pitch_instantaneous_confidence:
        dmean: 0.0682888478041
        dmean2: 0.114753350616
        dvar: 0.00336017436348
        dvar2: 0.00897740386426
        max: 0.929296553135
        mean: 0.326179891825
        median: 0.293018192053
        min: 0.114697158337
        var: 0.0162256360054
    pitch_salience:
        dmean: 0.0458689853549
        dmean2: 0.0771452784538
        dvar: 0.00158768612891
        dvar2: 0.00452855089679
        max: 0.993528664112
        mean: 0.689053177834
        median: 0.705483198166
        min: 0.200592905283
        var: 0.00582537753507
    silence_rate_20dB:
        dmean: 0
        dmean2: 0
        dvar: 0
        dvar2: 0
        max: 1
        mean: 1
        median: 1
        min: 1
        var: 0
    silence_rate_30dB:
        dmean: 0
        dmean2: 0
        dvar: 0
        dvar2: 0
        max: 1
        mean: 1
        median: 1
        min: 1
        var: 0
    silence_rate_60dB:
        dmean: 0.047384198755
        dmean2: 0.0947775617242
        dvar: 0.0451455414295
        dvar2: 0.100884303451
        max: 1
        mean: 0.263875454664
        median: 0
        min: 0
        var: 0.194233998656
    spectral_centroid:
        dmean: 220.27482605
        dmean2: 364.997802734
        dvar: 63389.0742188
        dvar2: 161687.984375
        max: 11496.3623047
        mean: 2130.9675293
        median: 2278.48779297
        min: 257.683288574
        var: 489357
    spectral_complexity:
        dmean: 4.06343698502
        dmean2: 6.65338468552
        dvar: 16.8738670349
        dvar2: 44.3801727295
        max: 51
        mean: 21.3052597046
        median: 24
        min: 0
        var: 156.327774048
    spectral_crest:
        dmean: 1.41522979736
        dmean2: 2.41371035576
        dvar: 2.0873696804
        dvar2: 5.69169807434
        max: 22.44465065
        mean: 5.77937936783
        median: 5.08780670166
        min: 2.56485676765
        var: 5.64537858963
    spectral_decrease:
        dmean: 2.24778501368e-010
        dmean2: 3.69636182773e-010
        dvar: 8.58000780565e-020
        dvar2: 2.25455081137e-019
        max: 1.06288763439e-028
        mean: -1.01754538129e-009
        median: -1.04293818026e-009
        min: -3.56459217699e-009
        var: 4.11437336088e-019
    spectral_energy:
        dmean: 0.00105831515975
        dmean2: 0.00174853217322
        dvar: 1.81443670044e-006
        dvar2: 4.79738628201e-006
        max: 0.0168792251498
        mean: 0.00483268871903
        median: 0.00497107114643
        min: 1.02336951694e-020
        var: 9.14683823794e-006
    spectral_energyband_high:
        dmean: 0.000249353761319
        dmean2: 0.000435828376794
        dvar: 1.1762336527e-007
        dvar2: 3.34347788566e-007
        max: 0.00356841599569
        mean: 0.000653415801935
        median: 0.000659310724586
        min: 7.38317100178e-021
        var: 2.00390488203e-007
    spectral_energyband_low:
        dmean: 0.000186069824849
        dmean2: 0.000315540382871
        dvar: 7.01050311136e-008
        dvar2: 1.94226629446e-007
        max: 0.00380468787625
        mean: 0.000411113724113
        median: 0.000385352526791
        min: 2.84671817246e-023
        var: 1.11479678822e-007
    spectral_energyband_middle_high:
        dmean: 0.000704081030563
        dmean2: 0.00115753000136
        dvar: 6.20883497504e-007
        dvar2: 1.67360053638e-006
        max: 0.0114905787632
        mean: 0.00309905060567
        median: 0.0029994091019
        min: 1.28788214647e-021
        var: 4.41930387751e-006
    spectral_energyband_middle_low:
        dmean: 0.000410583481425
        dmean2: 0.00070349231828
        dvar: 6.3021451524e-007
        dvar2: 1.71803810645e-006
        max: 0.00843802653253
        mean: 0.000781796115916
        median: 0.000582332082558
        min: 1.822261118e-022
        var: 7.36721062822e-007
    spectral_flatness_db:
        dmean: 0.0110501153395
        dmean2: 0.0180608220398
        dvar: 9.09258960746e-005
        dvar2: 0.000239433706156
        max: 0.364120870829
        mean: 0.14593924582
        median: 0.12952709198
        min: 0.0619023963809
        var: 0.002311876975
    spectral_flux:
        dmean: 0.00531654804945
        dmean2: 0.00810087844729
        dvar: 3.91154608224e-005
        dvar2: 7.82845527283e-005
        max: 0.0987776145339
        mean: 0.0404610857368
        median: 0.0446694009006
        min: 6.53157042341e-011
        var: 0.000389936409192
    spectral_kurtosis:
        dmean: 1.85033047199
        dmean2: 3.2418282032
        dvar: 14.6857471466
        dvar2: 45.822593689
        max: 80.8582992554
        mean: 5.35945701599
        median: 3.19488859177
        min: -1.22544682026
        var: 58.4229011536
    spectral_rms:
        dmean: 0.000215471693082
        dmean2: 0.000351303402567
        dvar: 6.22614493295e-008
        dvar2: 1.6030712402e-007
        max: 0.00405802112073
        mean: 0.00197987235151
        median: 0.00220223190263
        min: 3.15976151494e-012
        var: 7.9491451288e-007
    spectral_rolloff:
        dmean: 241.821975708
        dmean2: 411.995788574
        dvar: 85317.859375
        dvar2: 196593.796875
        max: 19250.6835938
        mean: 3551.46240234
        median: 3746.77734375
        min: 344.53125
        var: 1209035.125
    spectral_skewness:
        dmean: 0.192618772388
        dmean2: 0.331123739481
        dvar: 0.0661215409636
        dvar2: 0.206094205379
        max: 7.01192140579
        mean: 1.34411633015
        median: 1.19186532497
        min: -0.0501428842545
        var: 0.572511255741
    spectral_spread:
        dmean: 319192.03125
        dmean2: 496084.03125
        dvar: 271630155776
        dvar2: 460202475520
        max: 41462768
        mean: 3883434.5
        median: 3979214.5
        min: 938832.0625
        var: 3.1888769024e+012
    spectral_strongpeak:
        dmean: 0.546895503998
        dmean2: 0.953755438328
        dvar: 0.533315658569
        dvar2: 1.41044485569
        max: 8.67863845825
        mean: 0.661590278149
        median: 0.270609200001
        min: 5.11420295002e-010
        var: 0.708378076553
    zerocrossingrate:
        dmean: 0.00574949895963
        dmean2: 0.00758337602019
        dvar: 3.67584398191e-005
        dvar2: 5.46713454241e-005
        max: 0.51953125
        mean: 0.112755343318
        median: 0.11962890625
        min: 0.01318359375
        var: 0.00104364939034
    barkbands:
        dmean: [6.61620504161e-007, 7.90371705079e-005, 0.000121120108815, 0.00010842235497, 0.0002094549709, 5.09866513312e-005, 6.00553830736e-005, 4.17191185988e-005, 0.000100061653939, 8.2890241174e-005, 5.72205572098e-005, 0.000124879356008, 8.99868828128e-005, 6.19370985078e-005, 0.000115151611681, 0.000130178275867, 0.000256701430771, 0.00023222368327, 0.000258814456174, 0.000186602730537, 0.000122209021356, 3.95147362724e-005, 6.7260666583e-006, 2.2165622795e-006, 8.47315789088e-007, 2.45630165097e-008, 2.78858186542e-010]
        dmean2: [9.14742884106e-007, 0.000135622482048, 0.000208614437724, 0.000192652456462, 0.000362199003575, 8.55196194607e-005, 0.000100930054032, 6.99576557963e-005, 0.000168270649738, 0.000138546412927, 9.36199357966e-005, 0.000205657255719, 0.000151513275341, 0.000102779355075, 0.000192416206119, 0.000220790345338, 0.000430681160651, 0.000388509681216, 0.000445348880021, 0.000321979925502, 0.000212406303035, 7.10969252395e-005, 1.17524314192e-005, 3.58322881766e-006, 1.31204603804e-006, 3.84000173881e-008, 4.82814010994e-010]
        dvar: [9.24351957823e-013, 1.06684225898e-008, 3.31690550581e-008, 3.23401820879e-008, 3.65518644685e-007, 7.73159225531e-009, 3.57426799269e-008, 5.55795542923e-009, 4.7445304574e-008, 2.61453187989e-008, 1.00176915652e-008, 3.18809512123e-008, 2.91156485588e-008, 1.17499245889e-008, 3.17513553227e-008, 2.75142681971e-008, 1.08068348936e-007, 8.9323982877e-008, 9.56647880912e-008, 4.8552855958e-008, 2.73226490322e-008, 3.96593513585e-009, 1.22586343854e-010, 1.47126529709e-011, 3.40754291103e-012, 3.47145187894e-015, 1.89935881011e-019]
        dvar2: [1.60224773987e-012, 3.00395548436e-008, 9.40351654322e-008, 9.13677453696e-008, 1.00023578398e-006, 2.05411296861e-008, 9.25957834852e-008, 1.48202419226e-008, 1.3089665174e-007, 7.19403132621e-008, 2.56763250661e-008, 8.34608400169e-008, 8.25590973363e-008, 3.07052552273e-008, 8.30243891414e-008, 7.40869126048e-008, 2.87058327331e-007, 2.42245192794e-007, 2.77771448509e-007, 1.39617029049e-007, 7.70772032865e-008, 1.13715081795e-008, 3.37327693556e-010, 3.58547878887e-011, 7.202564066e-012, 7.16856349942e-015, 5.22300812221e-019]
        max: [1.27183502627e-005, 0.000897899852134, 0.0026558325626, 0.00234262691811, 0.00602518161759, 0.00236306060106, 0.00405425950885, 0.00125112920068, 0.00434871204197, 0.00288274697959, 0.00184220634401, 0.00235496764071, 0.00423615518957, 0.0017113853246, 0.0028480833862, 0.00319600990042, 0.00441732397303, 0.00653718132526, 0.0035726535134, 0.00238909991458, 0.00217507360503, 0.000744231976569, 0.00015130302927, 5.46526789549e-005, 3.94008093281e-005, 2.16200078285e-006, 1.33427766613e-008]
        mean: [1.0148741012e-006, 0.000117509604024, 0.000216918444494, 0.000133406487294, 0.000215356893023, 8.06146854302e-005, 7.94586376287e-005, 6.3193787355e-005, 0.000160058581969, 0.000142968026921, 0.000100597782875, 0.000233724422287, 0.000160467534442, 0.000111825727799, 0.000225907599088, 0.000264872825937, 0.000531949859578, 0.00053549464792, 0.000628178589977, 0.00045292507275, 0.000287384376861, 7.0210902777e-005, 1.1949612599e-005, 4.80864582642e-006, 1.83062786618e-006, 5.05561885689e-008, 4.42901548769e-010]
        median: [1.63395895925e-007, 9.00340673979e-005, 0.000154064400704, 7.51346233301e-005, 7.76214146754e-005, 5.46668561583e-005, 4.19931384386e-005, 3.61569182132e-005, 5.8272278693e-005, 6.19554921286e-005, 5.31429759576e-005, 0.00014417321654, 8.42877198011e-005, 6.27997360425e-005, 0.000144832971273, 0.00021879945416, 0.000405195867643, 0.000438601418864, 0.000560911954381, 0.000448911509011, 0.000279734580545, 6.08281006862e-005, 8.95797347766e-006, 3.52504321199e-006, 1.24259236145e-006, 3.04910301452e-008, 2.58135457454e-010]
        min: [1.91013635742e-024, 2.52669544701e-024, 8.06937751472e-025, 2.4199517197e-024, 1.6701657378e-023, 2.04677361375e-023, 1.98197784117e-023, 1.01798665955e-023, 1.61384895777e-023, 2.39043534508e-023, 2.47749813666e-023, 4.23160577452e-023, 3.86337244594e-023, 5.45994550766e-023, 3.27380368001e-023, 3.61087321631e-023, 1.1310054046e-022, 8.03953707604e-023, 1.75355903243e-022, 1.79236392078e-022, 2.82730550465e-022, 3.99234249492e-022, 4.86749695767e-022, 6.30135578255e-022, 8.85321049663e-022, 1.49274960124e-021, 2.04004953379e-021]
        var: [2.04466912151e-012, 1.33526869561e-008, 5.17810150313e-008, 3.39855183995e-008, 2.78144483445e-007, 9.83312542502e-009, 3.1442066728e-008, 8.17124767849e-009, 7.51423954171e-008, 5.08482145278e-008, 2.08872190655e-008, 7.27548226109e-008, 5.66727855755e-008, 2.31339338796e-008, 7.2433252285e-008, 5.86490251919e-008, 2.70539288749e-007, 2.51159889331e-007, 2.38463684354e-007, 9.75739453679e-008, 4.30151878561e-008, 4.35601776871e-009, 1.84820853066e-010, 3.60034224656e-011, 8.41214771452e-012, 8.07204102822e-015, 4.29690006882e-019]
    frequency_bands:
        dmean: [6.61620504161e-007, 7.90371705079e-005, 0.000121120108815, 0.00010842235497, 0.0002094549709, 5.09866513312e-005, 6.00553830736e-005, 4.17191185988e-005, 0.000100061653939, 8.2890241174e-005, 5.72205572098e-005, 0.000124879356008, 8.99868828128e-005, 6.19370985078e-005, 0.000115151611681, 0.000130178275867, 0.000256701430771, 0.00023222368327, 0.000258814456174, 0.000186602730537, 0.000122209021356, 3.95147362724e-005, 6.7260666583e-006, 2.2165622795e-006, 8.47315789088e-007, 2.45630165097e-008, 2.78858186542e-010, 5.84180689933e-011]
        dmean2: [9.14742884106e-007, 0.000135622482048, 0.000208614437724, 0.000192652456462, 0.000362199003575, 8.55196194607e-005, 0.000100930054032, 6.99576557963e-005, 0.000168270649738, 0.000138546412927, 9.36199357966e-005, 0.000205657255719, 0.000151513275341, 0.000102779355075, 0.000192416206119, 0.000220790345338, 0.000430681160651, 0.000388509681216, 0.000445348880021, 0.000321979925502, 0.000212406303035, 7.10969252395e-005, 1.17524314192e-005, 3.58322881766e-006, 1.31204603804e-006, 3.84000173881e-008, 4.82814010994e-010, 1.08133293986e-010]
        dvar: [9.24351957823e-013, 1.06684225898e-008, 3.31690550581e-008, 3.23401820879e-008, 3.65518644685e-007, 7.73159225531e-009, 3.57426799269e-008, 5.55795542923e-009, 4.7445304574e-008, 2.61453187989e-008, 1.00176915652e-008, 3.18809512123e-008, 2.91156485588e-008, 1.17499245889e-008, 3.17513553227e-008, 2.75142681971e-008, 1.08068348936e-007, 8.9323982877e-008, 9.56647880912e-008, 4.8552855958e-008, 2.73226490322e-008, 3.96593513585e-009, 1.22586343854e-010, 1.47126529709e-011, 3.40754291103e-012, 3.47145187894e-015, 1.89935881011e-019, 8.15448945801e-021]
        dvar2: [1.60224773987e-012, 3.00395548436e-008, 9.40351654322e-008, 9.13677453696e-008, 1.00023578398e-006, 2.05411296861e-008, 9.25957834852e-008, 1.48202419226e-008, 1.3089665174e-007, 7.19403132621e-008, 2.56763250661e-008, 8.34608400169e-008, 8.25590973363e-008, 3.07052552273e-008, 8.30243891414e-008, 7.40869126048e-008, 2.87058327331e-007, 2.42245192794e-007, 2.77771448509e-007, 1.39617029049e-007, 7.70772032865e-008, 1.13715081795e-008, 3.37327693556e-010, 3.58547878887e-011, 7.202564066e-012, 7.16856349942e-015, 5.22300812221e-019, 2.62551698536e-020]
        max: [1.27183502627e-005, 0.000897899852134, 0.0026558325626, 0.00234262691811, 0.00602518161759, 0.00236306060106, 0.00405425950885, 0.00125112920068, 0.00434871204197, 0.00288274697959, 0.00184220634401, 0.00235496764071, 0.00423615518957, 0.0017113853246, 0.0028480833862, 0.00319600990042, 0.00441732397303, 0.00653718132526, 0.0035726535134, 0.00238909991458, 0.00217507360503, 0.000744231976569, 0.00015130302927, 5.46526789549e-005, 3.94008093281e-005, 2.16200078285e-006, 1.33427766613e-008, 1.13430176363e-009]
        mean: [1.0148741012e-006, 0.000117509604024, 0.000216918444494, 0.000133406487294, 0.000215356893023, 8.06146854302e-005, 7.94586376287e-005, 6.3193787355e-005, 0.000160058581969, 0.000142968026921, 0.000100597782875, 0.000233724422287, 0.000160467534442, 0.000111825727799, 0.000225907599088, 0.000264872825937, 0.000531949859578, 0.00053549464792, 0.000628178589977, 0.00045292507275, 0.000287384376861, 7.0210902777e-005, 1.1949612599e-005, 4.80864582642e-006, 1.83062786618e-006, 5.05561885689e-008, 4.42901548769e-010, 4.5344002858e-011]
        median: [1.63395895925e-007, 9.00340673979e-005, 0.000154064400704, 7.51346233301e-005, 7.76214146754e-005, 5.46668561583e-005, 4.19931384386e-005, 3.61569182132e-005, 5.8272278693e-005, 6.19554921286e-005, 5.31429759576e-005, 0.00014417321654, 8.42877198011e-005, 6.27997360425e-005, 0.000144832971273, 0.00021879945416, 0.000405195867643, 0.000438601418864, 0.000560911954381, 0.000448911509011, 0.000279734580545, 6.08281006862e-005, 8.95797347766e-006, 3.52504321199e-006, 1.24259236145e-006, 3.04910301452e-008, 2.58135457454e-010, 1.30371911183e-011]
        min: [1.91013635742e-024, 2.52669544701e-024, 8.06937751472e-025, 2.4199517197e-024, 1.6701657378e-023, 2.04677361375e-023, 1.98197784117e-023, 1.01798665955e-023, 1.61384895777e-023, 2.39043534508e-023, 2.47749813666e-023, 4.23160577452e-023, 3.86337244594e-023, 5.45994550766e-023, 3.27380368001e-023, 3.61087321631e-023, 1.1310054046e-022, 8.03953707604e-023, 1.75355903243e-022, 1.79236392078e-022, 2.82730550465e-022, 3.99234249492e-022, 4.86749695767e-022, 6.30135578255e-022, 8.85321049663e-022, 1.49274960124e-021, 2.04004953379e-021, 6.47756484202e-022]
        var: [2.04466912151e-012, 1.33526869561e-008, 5.17810150313e-008, 3.39855183995e-008, 2.78144483445e-007, 9.83312542502e-009, 3.1442066728e-008, 8.17124767849e-009, 7.51423954171e-008, 5.08482145278e-008, 2.08872190655e-008, 7.27548226109e-008, 5.66727855755e-008, 2.31339338796e-008, 7.2433252285e-008, 5.86490251919e-008, 2.70539288749e-007, 2.51159889331e-007, 2.38463684354e-007, 9.75739453679e-008, 4.30151878561e-008, 4.35601776871e-009, 1.84820853066e-010, 3.60034224656e-011, 8.41214771452e-012, 8.07204102822e-015, 4.29690006882e-019, 6.52534916365e-021]
    mfcc:
        mean: [-718.249633789, 89.3474655151, -57.0652961731, 49.3249740601, -7.39090967178, 2.3101131916, 6.77885293961, 2.93883991241, 2.66327548027, -4.85539770126, -3.67420625687, 1.47475385666, -2.38552999496]
        cov: [[13422.1601563, -451.914794922, -1656.8737793, 1670.12939453, -851.39453125, 771.48614502, 433.094970703, 154.987640381, 328.295471191, 199.288009644, 120.031768799, 265.490722656, -86.0332946777], [-451.914794922, 871.164611816, 55.4961128235, -182.341339111, 128.934417725, -10.5460004807, -10.8574542999, 15.3594341278, 15.386510849, -11.2353401184, 9.68266963959, -18.7538204193, 1.11811053753], [-1656.8737793, 55.4961128235, 583.311828613, -277.663970947, 205.764633179, -17.0548763275, -81.6326522827, 3.32345271111, -86.8267593384, -20.7368659973, -24.566991806, -36.0342559814, 16.2039337158], [1670.12939453, -182.341339111, -277.663970947, 471.833343506, -132.728393555, 96.7467041016, 64.7836227417, -32.7712097168, 46.5344467163, -3.96222949028, -2.80102157593, 48.7049217224, 12.4053106308], [-851.39453125, 128.934417725, 205.764633179, -132.728393555, 174.223632813, -12.3811645508, -42.3884277344, 1.00738418102, -30.8285655975, -6.49746751785, -12.6325378418, -21.1976070404, 9.23128414154], [771.48614502, -10.5460004807, -17.0548763275, 96.7467041016, -12.3811645508, 163.038116455, 60.5210800171, 20.9703998566, 21.0954341888, 20.2842025757, 11.030295372, 26.324754715, 6.7546415329], [433.094970703, -10.8574542999, -81.6326522827, 64.7836227417, -42.3884277344, 60.5210800171, 99.2397918701, 28.088262558, 22.918756485, 2.51620960236, 5.44303226471, 18.3116168976, 3.67575979233], [154.987640381, 15.3594341278, 3.32345271111, -32.7712097168, 1.00738418102, 20.9703998566, 28.088262558, 70.2592926025, 23.5983276367, 16.0488891602, 8.72256946564, -0.283026784658, -9.57320213318], [328.295471191, 15.386510849, -86.8267593384, 46.5344467163, -30.8285655975, 21.0954341888, 22.918756485, 23.5983276367, 71.3480834961, 36.9388122559, 17.302652359, 9.73733520508, -8.22506713867], [199.288009644, -11.2353401184, -20.7368659973, -3.96222949028, -6.49746751785, 20.2842025757, 2.51620960236, 16.0488891602, 36.9388122559, 67.2720336914, 33.4250984192, 7.96713876724, -7.56745433807], [120.031768799, 9.68266963959, -24.566991806, -2.80102157593, -12.6325378418, 11.030295372, 5.44303226471, 8.72256946564, 17.302652359, 33.4250984192, 54.0513839722, 29.8877735138, 2.6343832016], [265.490722656, -18.7538204193, -36.0342559814, 48.7049217224, -21.1976070404, 26.324754715, 18.3116168976, -0.283026784658, 9.73733520508, 7.96713876724, 29.8877735138, 66.3080368042, 30.7346820831], [-86.0332946777, 1.11811053753, 16.2039337158, 12.4053106308, 9.23128414154, 6.7546415329, 3.67575979233, -9.57320213318, -8.22506713867, -7.56745433807, 2.6343832016, 30.7346820831, 59.6062164307]]
        icov: [[0.000297549413517, -0.000135506503284, 0.0004147880245, -0.000632358191069, 0.000674157985486, -0.000972840993199, 0.000491751416121, -0.000912336166948, 0.000720460957382, -0.000776780128945, 0.000517424836289, -0.000582019041758, 0.000557878811378], [-0.000135506503284, 0.00159844907466, 0.000323127984302, 0.000992165296338, -0.00176520249806, 3.42093953805e-005, -0.00031502006459, 0.000790868129116, -0.00175770767964, 0.00197685905732, -0.00138798414264, 0.000809477991425, -0.000451569096185], [0.0004147880245, 0.000323127984302, 0.00474732695147, 0.000643619336188, -0.0023787014652, -0.00289567466825, 0.0023076729849, -0.0020112877246, 0.00349319167435, -0.00110884348396, 0.00129309110343, -0.00070277688792, 4.57863898191e-005], [-0.000632358191069, 0.000992165296338, 0.000643619336188, 0.00594275211915, -0.000865132606123, -0.00054504146101, -0.000967698753811, 0.00476507097483, -0.00377757335082, 0.00327184260823, 0.000608232396189, -0.000543350819498, -0.00117497949395], [0.000674157985486, -0.00176520249806, -0.0023787014652, -0.000865132606123, 0.0136009082198, -0.00291615677997, 0.003207718255, -0.00252321129665, 0.00241112126969, -0.00322909303941, 0.00294534419663, -0.000251001358265, -0.000624114240054], [-0.000972840993199, 3.42093953805e-005, -0.00289567466825, -0.00054504146101, -0.00291615677997, 0.013552702032, -0.00725980568677, 0.00163767300546, -0.0012355200015, -0.00171091419179, -0.000346148881363, -0.000587255461141, -0.000947240740061], [0.000491751416121, -0.00031502006459, 0.0023076729849, -0.000967698753811, 0.003207718255, -0.00725980568677, 0.0186449009925, -0.00768221123144, 3.73106158804e-005, 0.00233090342954, 0.00121441134252, -0.0019650394097, -0.000507322023623], [-0.000912336166948, 0.000790868129116, -0.0020112877246, 0.00476507097483, -0.00252321129665, 0.00163767300546, -0.00768221123144, 0.0240367911756, -0.00948282424361, 0.00262312311679, -0.00242153322324, 0.00176300422754, 0.000985266524367], [0.000720460957382, -0.00175770767964, 0.00349319167435, -0.00377757335082, 0.00241112126969, -0.0012355200015, 3.73106158804e-005, -0.00948282424361, 0.0309729296714, -0.0175889097154, 0.00527540547773, -0.00362065900117, 0.00282538635656], [-0.000776780128945, 0.00197685905732, -0.00110884348396, 0.00327184260823, -0.00322909303941, -0.00171091419179, 0.00233090342954, 0.00262312311679, -0.0175889097154, 0.0357381701469, -0.0209680963308, 0.00824280269444, -0.0017796078464], [0.000517424836289, -0.00138798414264, 0.00129309110343, 0.000608232396189, 0.00294534419663, -0.000346148881363, 0.00121441134252, -0.00242153322324, 0.00527540547773, -0.0209680963308, 0.0423929132521, -0.0220789238811, 0.00699083600193], [-0.000582019041758, 0.000809477991425, -0.00070277688792, -0.000543350819498, -0.000251001358265, -0.000587255461141, -0.0019650394097, 0.00176300422754, -0.00362065900117, 0.00824280269444, -0.0220789238811, 0.0356994792819, -0.0169263631105], [0.000557878811378, -0.000451569096185, 4.57863898191e-005, -0.00117497949395, -0.000624114240054, -0.000947240740061, -0.000507322023623, 0.000985266524367, 0.00282538635656, -0.0017796078464, 0.00699083600193, -0.0169263631105, 0.0267987735569]]
    sccoeffs:
        dmean: [0.0506247580051, 0.0424529798329, 0.0364365614951, 0.0275461114943, 0.0185568779707, 0.0166158787906]
        dmean2: [0.0837821364403, 0.0718573704362, 0.0609761923552, 0.0466821566224, 0.0315981954336, 0.02667760849]
        dvar: [0.00187061040197, 0.00116207438987, 0.000844881113153, 0.000455638219137, 0.000213256600546, 0.000200004025828]
        dvar2: [0.00510239833966, 0.0033210341353, 0.00240502227098, 0.00129509984981, 0.000612409086898, 0.000486809614813]
        max: [-0.393216758966, -0.515935122967, -0.56047731638, -0.647575378418, -0.682073712349, -0.558898806572]
        mean: [-0.6931681633, -0.791345477104, -0.790736615658, -0.794980347157, -0.800617694855, -0.727620899677]
        median: [-0.696451306343, -0.795277357101, -0.793941020966, -0.795746266842, -0.801001131535, -0.727173984051]
        min: [-0.975304067135, -0.993004620075, -0.996325731277, -0.980136275291, -0.975688159466, -0.980479121208]
        var: [0.00525894062594, 0.00249865232036, 0.00243364786729, 0.00134882528801, 0.000833773636259, 0.00245585665107]
    scvalleys:
        dmean: [0.360189825296, 0.324675381184, 0.267240315676, 0.216963127255, 0.18146301806, 0.209203094244]
        dmean2: [0.598417401314, 0.543828606606, 0.440226405859, 0.353869616985, 0.299350172281, 0.335526525974]
        dvar: [0.092847019434, 0.069315046072, 0.0488541610539, 0.0376414507627, 0.0342108905315, 0.0689646303654]
        dvar2: [0.234662845731, 0.179180517793, 0.119937211275, 0.0826064348221, 0.0724645555019, 0.16440884769]
        max: [-5.22585582733, -5.07603502274, -5.22444581985, -5.516933918, -5.46517372131, -7.77036952972]
        mean: [-7.1387386322, -7.03638362885, -7.07443332672, -7.20253515244, -7.02726221085, -10.1930742264]
        median: [-6.74081325531, -6.67452430725, -6.68148994446, -6.66127300262, -6.29466199875, -9.2427072525]
        min: [-27.7582473755, -27.616519928, -27.5371685028, -27.6124000549, -27.4443950653, -27.316116333]
        var: [2.54871630669, 2.0974881649, 2.50312256813, 3.17751646042, 3.9700217247, 5.16868257523]

rhythm:
    beats_loudness:
        dmean: 0.00144332833588
        dmean2: 0.00255636149086
        dvar: 1.71687872808e-006
        dvar2: 4.75714614367e-006
        max: 0.0123329665512
        mean: 0.00534579250962
        median: 0.00570649513975
        min: 1.97592067708e-010
        var: 8.29686541692e-006
    bpm: 139.890731812
    bpm_confidence: 0
    first_peak_bpm: 140
    first_peak_spread: 0.147239267826
    first_peak_weight: 0.766544103622
    onset_rate: 1.9990208149
    second_peak_bpm: 133
    second_peak_spread: 0.0909090861678
    second_peak_weight: 0.0183823537081
    beats_loudness_band_ratio:
        dmean: [0.0841296613216, 0.104808740318, 0.048232447356, 0.068823069334, 0.102120913565, 0.0742396041751]
        dmean2: [0.150189459324, 0.196877658367, 0.0843006744981, 0.121829882264, 0.181049406528, 0.132489413023]
        dvar: [0.00590283703059, 0.0120378918946, 0.00330991484225, 0.00707553746179, 0.00677599944174, 0.00551152043045]
        dvar2: [0.017244566232, 0.0358438715339, 0.00915554258972, 0.0204441379756, 0.0210372451693, 0.0170047469437]
        max: [0.704775691032, 0.84142100811, 0.598429203033, 0.883329153061, 0.764867246151, 0.661075294018]
        mean: [0.155713826418, 0.110918946564, 0.0867788046598, 0.133102074265, 0.31323081255, 0.246304824948]
        median: [0.136106356978, 0.0402737632394, 0.0636843442917, 0.1041187644, 0.314025878906, 0.252415060997]
        min: [0.000109229105874, 0.00277694920078, 0.00307865347713, 0.00848411768675, 0.000243518137722, 0.000167750971741]
        var: [0.0116998925805, 0.0200027152896, 0.00527110788971, 0.00992476195097, 0.0166623238474, 0.0117450319231]
    beats_position: [0.441179126501, 0.882358253002, 1.3235373497, 1.77632653713, 2.24072551727, 2.69351458549, 3.13469386101, 3.5758728981, 4.01705217361, 4.46984100342, 4.92263031006, 5.3754196167, 5.8282084465, 6.26938772202, 6.71056699753, 7.1517457962, 7.60453510284, 8.05732440948, 8.498503685, 8.92807197571, 9.35764122009, 9.78721046448, 10.2167797089, 10.6463489532, 11.0759181976, 11.505487442, 11.9350566864, 12.3646259308, 12.7941951752, 13.2237634659, 13.6533327103, 14.0829019547, 14.512471199, 14.9420404434, 15.3716096878, 15.7895689011, 16.2191371918, 16.6487064362, 17.0782756805, 17.5078449249, 17.9374141693, 18.3669834137, 18.784942627, 19.2145118713, 19.6440811157, 20.0736503601, 20.5032196045, 20.9327888489, 21.3623580933, 21.7919273376, 22.221496582, 22.6510658264, 23.0806350708, 23.5102043152, 23.9397735596, 24.369342804, 24.7989120483, 25.2168693542, 25.6464385986, 26.076007843, 26.5055770874, 26.9351463318, 27.3647155762, 27.7942848206, 28.2238540649, 28.6534233093, 29.0829925537, 29.5125617981, 29.9305210114, 30.3600902557, 30.7896595001, 31.2192287445, 31.6487979889, 32.0783653259, 32.5079345703, 32.9375038147, 33.3670730591, 33.7966423035, 34.2262115479, 34.6557807922, 35.0853500366, 35.5033111572, 35.9328804016, 36.362449646, 36.7920188904, 37.2215881348, 37.6511573792, 38.0807266235, 38.5102958679, 38.9398651123, 39.369430542, 39.7989997864, 40.2285690308, 40.6581382751, 41.0877075195, 41.5056686401, 41.9352378845, 42.3648071289, 42.7943763733, 43.2239456177, 43.6535148621, 44.0830841064, 44.5126533508, 44.9422225952, 45.3717918396, 45.7897491455, 46.2193183899, 46.6488876343, 47.0784568787, 47.508026123, 47.9375953674, 48.355556488, 48.7851219177, 49.2263031006, 49.655872345, 50.0854415894, 50.5150108337, 50.9445800781, 51.3741493225, 51.8037185669, 52.2332878113, 52.6628570557, 53.1040344238, 53.5219955444, 53.9399528503, 54.3811340332, 54.8107032776, 55.2286605835, 55.6582298279, 56.0761909485, 56.5057601929, 56.9353294373, 57.3648986816, 57.794467926, 58.2240333557, 58.6536026001, 59.0831718445, 59.5127410889, 59.9539222717, 60.3718795776, 60.801448822, 61.2310180664, 61.6605873108, 62.0901565552, 62.5197257996, 62.9492950439, 63.3672561646, 63.7968254089, 64.2263946533, 64.6443557739, 65.0739212036, 65.5034942627, 65.9330596924, 66.3626327515, 66.8038101196, 67.2217712402, 67.6397247314, 68.0576858521, 68.4988632202, 68.9400405884, 69.3696136475, 69.7991790771, 70.2287521362, 70.6583175659, 71.087890625, 71.5174560547, 71.9470291138, 72.3765945435, 72.8061676025, 73.2241287231, 73.6536941528, 74.0716552734, 74.5012207031, 74.9307937622, 75.3603591919, 75.789932251, 76.2194976807, 76.6490707397, 77.0786361694, 77.5082092285, 77.9377746582, 78.3673477173, 78.796913147, 79.2264862061, 79.6560516357, 80.0856246948, 80.5151901245, 80.9447631836, 81.3743286133, 81.8039016724, 82.2334671021, 82.6630401611, 83.0926055908, 83.5221786499, 83.9517440796, 84.3813171387, 84.8108825684, 85.228843689, 85.6468048096, 86.0763702393, 86.5059356689, 86.935508728, 87.3650741577, 87.7946472168, 88.2242126465, 88.6537857056, 89.0833511353, 89.5129241943, 89.942489624, 90.3720626831, 90.8016281128, 91.2195892334, 91.6491622925, 92.0787277222, 92.5083007813, 92.9378662109, 93.36743927, 93.7970046997, 94.2265777588, 94.6561431885, 95.0857162476, 95.5152816772, 95.9448471069, 96.3628082275, 96.7923812866, 97.2219467163, 97.6515197754, 98.0810852051, 98.5106582642, 98.9402236938, 99.3697967529, 99.7993621826, 100.228935242, 100.658500671, 101.08807373, 101.51763916, 101.947212219, 102.376777649, 102.806350708, 103.235916138, 103.653877258, 104.083442688, 104.513015747, 104.942581177, 105.372154236, 105.801719666, 106.231292725, 106.660858154, 107.090431213, 107.508384705, 107.937957764, 108.367523193, 108.797096252, 109.226661682, 109.656234741, 110.085800171, 110.51537323, 110.94493866, 111.374511719, 111.804077148, 112.233650208, 112.663215637, 113.092788696, 113.522354126, 113.951927185, 114.381492615, 114.811065674, 115.229019165, 115.658592224, 116.088157654, 116.517730713, 116.947296143, 117.376869202, 117.794830322, 118.224395752, 118.653968811, 119.083534241, 119.5131073, 119.942672729, 120.372245789, 120.801811218, 121.231384277, 121.660949707, 122.090522766, 122.520088196, 122.949661255, 123.367614746, 123.797187805, 124.226753235, 124.656326294, 125.085891724, 125.503852844, 125.933418274, 126.362991333, 126.792556763, 127.222129822, 127.651695251, 128.081268311, 128.522445679, 128.94039917, 129.369979858, 129.799545288, 130.229110718, 130.658676147, 131.088256836, 131.517822266, 131.947387695, 132.376953125, 132.806533813, 133.236099243, 133.665664673, 134.095230103, 134.524810791, 134.942764282, 135.372329712, 135.801895142, 136.23147583, 136.66104126, 137.090606689, 137.508575439, 137.938140869, 138.367706299, 138.797271729, 139.226852417, 139.656417847, 140.085983276, 140.515548706, 140.945129395, 141.374694824, 141.804260254, 142.233825684, 142.663391113, 143.081359863, 143.510925293, 143.940490723, 144.370071411, 144.799636841, 145.229202271, 145.6587677, 146.088348389, 146.517913818, 146.93586731, 147.365432739, 147.795013428, 148.224578857, 148.654144287, 149.083709717, 149.513290405, 149.942855835, 150.372421265, 150.801986694, 151.231567383, 151.661132813, 152.090698242, 152.520263672, 152.94984436, 153.37940979, 153.80897522, 154.226928711, 154.656509399, 155.086074829, 155.515640259, 155.945205688, 156.374786377, 156.804351807, 157.233917236, 157.663482666, 158.093063354, 158.522628784, 158.952194214, 159.381759644, 159.799728394, 160.229293823, 160.658859253, 161.088439941, 161.518005371, 161.947570801, 162.37713623, 162.79510498, 163.22467041, 163.65423584, 164.08380127, 164.513381958, 164.942947388, 165.372512817, 165.802078247, 166.231658936, 166.661224365, 167.079177856, 167.508743286, 167.938323975, 168.367889404, 168.797454834, 169.227020264, 169.656600952, 170.086166382, 170.515731812, 170.945297241, 171.37487793, 171.804443359, 172.234008789, 172.663574219, 173.093154907, 173.522720337, 173.952285767, 174.381851196, 174.799819946, 175.229385376, 175.658950806, 176.088516235, 176.518096924, 176.947662354, 177.377227783, 177.806793213, 178.236373901, 178.665939331, 179.095504761, 179.513473511, 179.94303894, 180.37260437, 180.8021698, 181.231735229, 181.661315918, 182.090881348, 182.520446777, 182.950012207, 183.379592896, 183.809158325, 184.238723755, 184.668289185, 185.097869873, 185.527435303, 185.957000732, 186.386566162, 186.816146851, 187.24571228, 187.67527771, 188.116455078, 188.546035767, 188.975601196, 189.405166626, 189.823120117, 190.241088867, 190.659042358, 191.088607788, 191.518188477, 191.947753906, 192.377319336, 192.806884766, 193.236465454, 193.666030884, 194.095596313, 194.525161743, 194.954742432, 195.384307861, 195.813873291, 196.231826782, 196.649795532, 197.0909729, 197.52053833, 197.95010376, 198.36807251, 198.797637939, 199.227203369, 199.656768799, 200.086349487, 200.515914917, 200.945480347, 201.375045776, 201.804626465, 202.234191895, 202.663757324, 203.093322754, 203.522903442, 203.952468872, 204.382034302, 204.800003052, 205.229568481, 205.659133911, 206.088699341, 206.518280029, 206.947845459, 207.377410889, 207.806976318, 208.236557007, 208.666122437, 209.095687866, 209.525253296, 209.954818726, 210.372787476, 210.802352905, 211.231918335, 211.661499023, 212.091064453, 212.532241821, 212.973419189, 213.426208496, 213.878997803, 214.320175171, 214.761352539, 215.190933228, 215.678543091, 216.166168213, 216.653778076, 217.153015137, 217.652236938, 218.151473999, 218.673919678, 219.184753418, 219.707214355, 220.241271973, 220.77532959, 221.309387207, 221.843444824, 222.377502441, 222.934783936, 223.503662109, 224.072555542, 224.641448975, 225.210342407, 225.779220581, 226.382949829, 226.986663818, 227.590377808, 228.194107056, 228.797821045, 229.401535034, 230.005249023, 230.574142456, 231.154647827, 231.735137939, 232.269195557, 232.803268433, 233.348922729, 233.894592285, 234.440261841, 234.985931396, 235.531600952, 236.077270508, 236.634552002, 237.191833496, 237.74911499, 238.294784546, 238.85206604, 239.409332275]
