
metadata:
    version:
        essentia: "2.1-beta2"
    audio_properties:
        analysis_sample_rate: 44100
        bitrate: 320
        channels: 2
        equal_loudness: 1
        length: 226.351013184
        replay_gain: -14.0498332977
        downmix: "mix"
    tags:
        album: "Ghost Empire"
        artist: "Caliban"
        comment: "For QUALITY NEEDS Visit :
http://www.bubaneemusic2.com"
        date: "2014"
        genre: "Metalcore"
        title: "I Am Ghost"
        tracknumber: "5/16"

configuration:
    average_loudness:
        compute: 1
        frameSize: 88200
        hopSize: 44100
        silentFrames: "noise"
        windowType: "hann"
    general:
        analysisSampleRate: 44100
        endTime: 2000
        equalLoudness: 1
        nequalLoudness: 0
        shortSound: 0
        startTime: 0
    lowlevel:
        compute: 1
        frameSize: 2048
        hopSize: 1024
        zeroPadding: 0
        silentFrames: "noise"
        windowType: "blackmanharris62"
        mfccStats: ["mean", "cov", "icov"]
        stats: ["mean", "var", "median", "min", "max", "dmean", "dmean2", "dvar", "dvar2"]
    panning:
        compute: 0
        frameSize: 8192
        hopSize: 2048
        zeroPadding: 8192
        silentFrames: "noise"
        windowType: "hann"
        stats: ["copy"]
    rhythm:
        compute: 1
        maxTempo: 208
        minTempo: 40
        method: "degara"
        stats: ["mean", "var", "median", "min", "max", "dmean", "dmean2", "dvar", "dvar2"]
    segmentation:
        compute: 0
        cpw: 5
        inc1: 300
        inc2: 50
        minimumSegmentsLength: 10
        size1: 1000
        size2: 600
    sfx:
        compute: 1
        stats: ["mean", "var", "median", "min", "max", "dmean", "dmean2", "dvar", "dvar2"]
    svm:
        compute: 0
    tonal:
        compute: 1
        frameSize: 4096
        hopSize: 2048
        zeroPadding: 0
        silentFrames: "noise"
        windowType: "blackmanharris62"
        stats: ["mean", "var", "median", "min", "max", "dmean", "dmean2", "dvar", "dvar2"]

lowlevel:
    average_loudness: 0.833476006985
    barkbands_kurtosis:
        dmean: 0.746702611446
        dmean2: 1.24575638771
        dvar: 1.32373511791
        dvar2: 3.40663266182
        max: 24.1591339111
        mean: -0.334555983543
        median: -0.868524193764
        min: -1.87574779987
        var: 4.07839345932
    barkbands_skewness:
        dmean: 0.392074972391
        dmean2: 0.647242307663
        dvar: 0.149616017938
        dvar2: 0.402439445257
        max: 4.3108086586
        mean: -0.365041851997
        median: -0.476010203362
        min: -3.42968678474
        var: 0.567999005318
    barkbands_spread:
        dmean: 5.70230817795
        dmean2: 9.47524452209
        dvar: 33.3497657776
        dvar2: 84.9248809814
        max: 113.030090332
        mean: 32.9771766663
        median: 33.7145309448
        min: 0.745694637299
        var: 154.008773804
    dissonance:
        dmean: 0.010494238697
        dmean2: 0.0179642178118
        dvar: 0.000225162977586
        dvar2: 0.00064809207106
        max: 0.500000119209
        mean: 0.480868339539
        median: 0.490408271551
        min: 0.195085287094
        var: 0.000957768352237
    hfc:
        dmean: 2.97489261627
        dmean2: 5.15719985962
        dvar: 15.4330778122
        dvar2: 43.1776275635
        max: 41.5899658203
        mean: 9.56999397278
        median: 9.55078887939
        min: 1.09860523983e-016
        var: 40.2537574768
    pitch:
        dmean: 929.670959473
        dmean2: 1750.35229492
        dvar: 1536134.875
        dvar2: 3984960
        max: 4747.32421875
        mean: 1493.7980957
        median: 634.260131836
        min: 72.8123397827
        var: 2213721.5
    pitch_instantaneous_confidence:
        dmean: 0.0632536709309
        dmean2: 0.10611114651
        dvar: 0.00286758504808
        dvar2: 0.00785038620234
        max: 0.936667978764
        mean: 0.317595392466
        median: 0.275263190269
        min: 0.0999633669853
        var: 0.0202064532787
    pitch_salience:
        dmean: 0.0543534196913
        dmean2: 0.0926971361041
        dvar: 0.00256137014367
        dvar2: 0.00749807571992
        max: 0.981914818287
        mean: 0.678004980087
        median: 0.700457930565
        min: 0.232735991478
        var: 0.00804112944752
    silence_rate_20dB:
        dmean: 0
        dmean2: 0
        dvar: 0
        dvar2: 0
        max: 1
        mean: 1
        median: 1
        min: 1
        var: 0
    silence_rate_30dB:
        dmean: 0
        dmean2: 0
        dvar: 0
        dvar2: 0
        max: 1
        mean: 1
        median: 1
        min: 1
        var: 0
    silence_rate_60dB:
        dmean: 0.0613396242261
        dmean2: 0.122691832483
        dvar: 0.0575750544667
        dvar2: 0.125081911683
        max: 1
        mean: 0.279692322016
        median: 0
        min: 0
        var: 0.201469108462
    spectral_centroid:
        dmean: 279.470855713
        dmean2: 469.335144043
        dvar: 100944.257813
        dvar2: 258139.046875
        max: 11605.3388672
        mean: 1927.64880371
        median: 2028.45617676
        min: 238.770370483
        var: 458075.78125
    spectral_complexity:
        dmean: 4.64950227737
        dmean2: 7.65859651566
        dvar: 21.8676738739
        dvar2: 56.734336853
        max: 53
        mean: 19.7722053528
        median: 22
        min: 0
        var: 132.958343506
    spectral_crest:
        dmean: 1.63892245293
        dmean2: 2.81023240089
        dvar: 3.60285830498
        dvar2: 10.0967350006
        max: 24.8086700439
        mean: 5.84904909134
        median: 4.8928232193
        min: 2.23668599129
        var: 9.54691505432
    spectral_decrease:
        dmean: 2.79980483242e-010
        dmean2: 4.64575794501e-010
        dvar: 1.20140901239e-019
        dvar2: 3.11180435058e-019
        max: 1.16042202308e-028
        mean: -1.0060158262e-009
        median: -1.01295238863e-009
        min: -3.7648075768e-009
        var: 4.00385556869e-019
    spectral_energy:
        dmean: 0.00128885009326
        dmean2: 0.00214708829299
        dvar: 2.44449006459e-006
        dvar2: 6.37714538243e-006
        max: 0.0171202011406
        mean: 0.00466496217996
        median: 0.00472709257156
        min: 1.04669132501e-020
        var: 8.50980995892e-006
    spectral_energyband_high:
        dmean: 0.000288230279693
        dmean2: 0.000513223931193
        dvar: 1.5991491864e-007
        dvar2: 4.5937986215e-007
        max: 0.00422629667446
        mean: 0.000607552181464
        median: 0.000570542993955
        min: 7.47797688598e-021
        var: 2.15397477632e-007
    spectral_energyband_low:
        dmean: 0.000273446203209
        dmean2: 0.000463108270196
        dvar: 1.2356157697e-007
        dvar2: 3.34158357873e-007
        max: 0.00477277860045
        mean: 0.000511011632625
        median: 0.000457353540696
        min: 3.32342460867e-023
        var: 1.88203642892e-007
    spectral_energyband_middle_high:
        dmean: 0.00070254819002
        dmean2: 0.00118309853133
        dvar: 6.85181532845e-007
        dvar2: 1.87405146335e-006
        max: 0.012288752012
        mean: 0.00265614059754
        median: 0.00261680735275
        min: 1.30467253966e-021
        var: 3.43752253684e-006
    spectral_energyband_middle_low:
        dmean: 0.00055417540716
        dmean2: 0.000935939198826
        dvar: 1.05792162231e-006
        dvar2: 2.83227336695e-006
        max: 0.0116094341502
        mean: 0.00102984975092
        median: 0.000747628568206
        min: 2.20072275397e-022
        var: 1.18080686207e-006
    spectral_flatness_db:
        dmean: 0.0127426730469
        dmean2: 0.0207276530564
        dvar: 0.000146499063703
        dvar2: 0.000405682949349
        max: 0.497402220964
        mean: 0.138591393828
        median: 0.12507173419
        min: 0.0438759587705
        var: 0.00247485702857
    spectral_flux:
        dmean: 0.00653145741671
        dmean2: 0.0101430173963
        dvar: 5.69949952478e-005
        dvar2: 0.000110417779069
        max: 0.10420782119
        mean: 0.0407322943211
        median: 0.0438026860356
        min: 6.68468960741e-011
        var: 0.000343664374668
    spectral_kurtosis:
        dmean: 1.98221576214
        dmean2: 3.40561962128
        dvar: 40.2235488892
        dvar2: 110.913352966
        max: 303.897705078
        mean: 7.04449939728
        median: 3.04545879364
        min: -1.25931096077
        var: 441.11605835
    spectral_rms:
        dmean: 0.000273848854704
        dmean2: 0.000446245190687
        dvar: 8.849188049e-008
        dvar2: 2.26240402412e-007
        max: 0.00408688560128
        mean: 0.00198189006187
        median: 0.00214750971645
        min: 3.19556295487e-012
        var: 6.2328695094e-007
    spectral_rolloff:
        dmean: 317.540893555
        dmean2: 546.151062012
        dvar: 187129.484375
        dvar2: 442825.125
        max: 19164.5507813
        mean: 3435.44311523
        median: 3660.64453125
        min: 150.732421875
        var: 1233341
    spectral_skewness:
        dmean: 0.206646576524
        dmean2: 0.354932844639
        dvar: 0.130488321185
        dvar2: 0.375341951847
        max: 14.5452613831
        mean: 1.50827658176
        median: 1.2291353941
        min: -0.0444345735013
        var: 1.50506424904
    spectral_spread:
        dmean: 377632.96875
        dmean2: 596160.6875
        dvar: 537308102656
        dvar2: 1.0408467497e+012
        max: 46445780
        mean: 4254662
        median: 4323296
        min: 268699.28125
        var: 2.93045377434e+012
    spectral_strongpeak:
        dmean: 0.369550913572
        dmean2: 0.658698439598
        dvar: 0.306819289923
        dvar2: 0.840312123299
        max: 6.12826633453
        mean: 0.444409668446
        median: 0.166696727276
        min: 0
        var: 0.358689874411
    zerocrossingrate:
        dmean: 0.0067838486284
        dmean2: 0.00887386593968
        dvar: 6.02059626544e-005
        dvar2: 8.42629015096e-005
        max: 0.52197265625
        mean: 0.105127453804
        median: 0.11181640625
        min: 0.01611328125
        var: 0.00101092818659
    barkbands:
        dmean: [9.48533454448e-007, 0.000107607229438, 0.000184166245162, 0.000162120646564, 0.000304263987346, 6.72641035635e-005, 7.02342003933e-005, 5.16145519214e-005, 0.00010297379049, 9.58543969318e-005, 7.86597520346e-005, 8.16474712337e-005, 7.39972383599e-005, 6.63420942146e-005, 9.16198623599e-005, 0.000132565633976, 0.000210924699786, 0.000218203131226, 0.000223397786613, 0.000186746197869, 0.000137928102049, 4.72744213766e-005, 7.75227545091e-006, 2.36388154917e-006, 8.01871976819e-007, 2.51959821895e-008, 2.83506967902e-010]
        dmean2: [1.28905219299e-006, 0.000185015262105, 0.000321648956742, 0.000283167726593, 0.000530787860043, 0.00011147063924, 0.000117607385619, 8.33695012261e-005, 0.000170110637555, 0.000157202928676, 0.000129907479277, 0.000137904367875, 0.000123890204122, 0.000112506801088, 0.000154963854584, 0.000226727919653, 0.000359895202564, 0.000372623297153, 0.000385547115002, 0.000324588065268, 0.000244150811341, 8.66470509209e-005, 1.4012272004e-005, 4.08505229643e-006, 1.31726983454e-006, 4.09053910744e-008, 4.77600736737e-010]
        dvar: [1.68727044055e-012, 1.86584383499e-008, 6.42008401996e-008, 5.25744034974e-008, 7.07051526661e-007, 1.09288222916e-008, 2.27576428813e-008, 1.85938180408e-008, 7.35243688155e-008, 3.84896665651e-008, 2.65351616235e-008, 1.8337823704e-008, 1.38693039275e-008, 1.77233854259e-008, 2.9029489923e-008, 3.22025321964e-008, 7.44531263308e-008, 7.8701113182e-008, 8.04239803642e-008, 5.57300765536e-008, 3.45872877006e-008, 4.93924412481e-009, 1.2987276532e-010, 1.29110385577e-011, 1.87218101265e-012, 2.24646245447e-015, 1.66591991094e-019]
        dvar2: [3.32551672831e-012, 5.0782027472e-008, 1.81650605668e-007, 1.44660063484e-007, 1.93842765839e-006, 2.8162297383e-008, 5.9137011732e-008, 4.34946940686e-008, 2.05506268003e-007, 1.07696664031e-007, 7.23449034012e-008, 5.10282696098e-008, 3.79555231689e-008, 4.7620421384e-008, 8.32316899846e-008, 8.79570265511e-008, 2.00475639645e-007, 2.19548709879e-007, 2.27766719263e-007, 1.5809663978e-007, 9.8273105209e-008, 1.44267628954e-008, 3.76190745222e-010, 3.52638543366e-011, 4.2362068714e-012, 5.44113636525e-015, 4.16219163811e-019]
        max: [9.96999824565e-006, 0.00104348291643, 0.00315404636785, 0.00259010121226, 0.00926525332034, 0.00218920409679, 0.00425492879003, 0.00456913886592, 0.00635481532663, 0.00567558361217, 0.00356612028554, 0.00178684457205, 0.00174742483068, 0.00398937193677, 0.00313016748987, 0.00287342700176, 0.00721633294597, 0.00433772103861, 0.00512413308024, 0.00297138933092, 0.0021125881467, 0.00058278843062, 8.88838912942e-005, 5.92541364313e-005, 3.77103606297e-005, 1.07523158022e-006, 7.39294625518e-009]
        mean: [1.35145035074e-006, 0.000147594080772, 0.000262873421889, 0.000185426179087, 0.000315769255394, 0.000111401495815, 0.00011455364438, 7.99510453362e-005, 0.000163316450198, 0.000167536272784, 0.000137592680403, 0.000146848557051, 0.00014056560758, 0.000121838187624, 0.000184154327144, 0.000261235370999, 0.00042094127275, 0.000471868610475, 0.000478458008729, 0.000392508576624, 0.000271737459116, 6.89454391249e-005, 1.1935621842e-005, 4.71608018415e-006, 1.79631763331e-006, 5.40579563335e-008, 5.41318601055e-010]
        median: [1.51358634071e-007, 0.000107808125904, 0.000173855776666, 9.84190046438e-005, 0.000134931295179, 7.10641033947e-005, 5.99124177825e-005, 2.91755204671e-005, 5.15561259817e-005, 7.55401124479e-005, 4.95120693813e-005, 8.28422198538e-005, 7.04730846337e-005, 6.08868576819e-005, 0.000103093727375, 0.000204774943995, 0.000351166178007, 0.000392193614971, 0.000436279631685, 0.000362273538485, 0.000249937875196, 5.46339142602e-005, 9.29329326027e-006, 3.66605877389e-006, 1.39018663958e-006, 3.31333822601e-008, 3.02343539094e-010]
        min: [8.11496184213e-025, 7.72505452073e-024, 2.11778407198e-024, 2.07246421019e-024, 1.14481924257e-023, 2.34717642185e-023, 6.53860574713e-024, 2.98921358876e-023, 3.23280216115e-023, 1.89422716289e-023, 2.55345865763e-023, 5.45949364813e-023, 5.92681169294e-023, 8.66459574746e-023, 5.9202376417e-023, 1.06102410219e-022, 1.06033697279e-022, 8.77463363958e-023, 1.45526560684e-022, 2.34834803807e-022, 3.06054504238e-022, 4.07823796168e-022, 3.9873334175e-022, 7.20191535298e-022, 8.30458739822e-022, 1.23359740903e-021, 2.23712632447e-021]
        var: [3.59328062097e-012, 2.36473471915e-008, 8.45589127607e-008, 5.77824472714e-008, 5.26294684278e-007, 1.75824137472e-008, 3.02739664448e-008, 3.565777007e-008, 1.2583690534e-007, 6.59477805698e-008, 5.79598697925e-008, 3.8097581978e-008, 3.26731317557e-008, 3.54547893266e-008, 6.45857198833e-008, 6.872273417e-008, 1.55945613756e-007, 1.99781069909e-007, 1.47963831409e-007, 9.33789365831e-008, 4.59436009237e-008, 4.69261518532e-009, 1.38708197706e-010, 2.40597437806e-011, 4.84841333748e-012, 5.43998270638e-015, 4.96511233577e-019]
    frequency_bands:
        dmean: [9.48533454448e-007, 0.000107607229438, 0.000184166245162, 0.000162120646564, 0.000304263987346, 6.72641035635e-005, 7.02342003933e-005, 5.16145519214e-005, 0.00010297379049, 9.58543969318e-005, 7.86597520346e-005, 8.16474712337e-005, 7.39972383599e-005, 6.63420942146e-005, 9.16198623599e-005, 0.000132565633976, 0.000210924699786, 0.000218203131226, 0.000223397786613, 0.000186746197869, 0.000137928102049, 4.72744213766e-005, 7.75227545091e-006, 2.36388154917e-006, 8.01871976819e-007, 2.51959821895e-008, 2.83506967902e-010, 5.21077764271e-011]
        dmean2: [1.28905219299e-006, 0.000185015262105, 0.000321648956742, 0.000283167726593, 0.000530787860043, 0.00011147063924, 0.000117607385619, 8.33695012261e-005, 0.000170110637555, 0.000157202928676, 0.000129907479277, 0.000137904367875, 0.000123890204122, 0.000112506801088, 0.000154963854584, 0.000226727919653, 0.000359895202564, 0.000372623297153, 0.000385547115002, 0.000324588065268, 0.000244150811341, 8.66470509209e-005, 1.4012272004e-005, 4.08505229643e-006, 1.31726983454e-006, 4.09053910744e-008, 4.77600736737e-010, 9.63769619666e-011]
        dvar: [1.68727044055e-012, 1.86584383499e-008, 6.42008401996e-008, 5.25744034974e-008, 7.07051526661e-007, 1.09288222916e-008, 2.27576428813e-008, 1.85938180408e-008, 7.35243688155e-008, 3.84896665651e-008, 2.65351616235e-008, 1.8337823704e-008, 1.38693039275e-008, 1.77233854259e-008, 2.9029489923e-008, 3.22025321964e-008, 7.44531263308e-008, 7.8701113182e-008, 8.04239803642e-008, 5.57300765536e-008, 3.45872877006e-008, 4.93924412481e-009, 1.2987276532e-010, 1.29110385577e-011, 1.87218101265e-012, 2.24646245447e-015, 1.66591991094e-019, 5.87841435697e-021]
        dvar2: [3.32551672831e-012, 5.0782027472e-008, 1.81650605668e-007, 1.44660063484e-007, 1.93842765839e-006, 2.8162297383e-008, 5.9137011732e-008, 4.34946940686e-008, 2.05506268003e-007, 1.07696664031e-007, 7.23449034012e-008, 5.10282696098e-008, 3.79555231689e-008, 4.7620421384e-008, 8.32316899846e-008, 8.79570265511e-008, 2.00475639645e-007, 2.19548709879e-007, 2.27766719263e-007, 1.5809663978e-007, 9.8273105209e-008, 1.44267628954e-008, 3.76190745222e-010, 3.52638543366e-011, 4.2362068714e-012, 5.44113636525e-015, 4.16219163811e-019, 1.87291413673e-020]
        max: [9.96999824565e-006, 0.00104348291643, 0.00315404636785, 0.00259010121226, 0.00926525332034, 0.00218920409679, 0.00425492879003, 0.00456913886592, 0.00635481532663, 0.00567558361217, 0.00356612028554, 0.00178684457205, 0.00174742483068, 0.00398937193677, 0.00313016748987, 0.00287342700176, 0.00721633294597, 0.00433772103861, 0.00512413308024, 0.00297138933092, 0.0021125881467, 0.00058278843062, 8.88838912942e-005, 5.92541364313e-005, 3.77103606297e-005, 1.07523158022e-006, 7.39294625518e-009, 8.30118085382e-010]
        mean: [1.35145035074e-006, 0.000147594080772, 0.000262873421889, 0.000185426179087, 0.000315769255394, 0.000111401495815, 0.00011455364438, 7.99510453362e-005, 0.000163316450198, 0.000167536272784, 0.000137592680403, 0.000146848557051, 0.00014056560758, 0.000121838187624, 0.000184154327144, 0.000261235370999, 0.00042094127275, 0.000471868610475, 0.000478458008729, 0.000392508576624, 0.000271737459116, 6.89454391249e-005, 1.1935621842e-005, 4.71608018415e-006, 1.79631763331e-006, 5.40579563335e-008, 5.41318601055e-010, 4.10888267854e-011]
        median: [1.51358634071e-007, 0.000107808125904, 0.000173855776666, 9.84190046438e-005, 0.000134931295179, 7.10641033947e-005, 5.99124177825e-005, 2.91755204671e-005, 5.15561259817e-005, 7.55401124479e-005, 4.95120693813e-005, 8.28422198538e-005, 7.04730846337e-005, 6.08868576819e-005, 0.000103093727375, 0.000204774943995, 0.000351166178007, 0.000392193614971, 0.000436279631685, 0.000362273538485, 0.000249937875196, 5.46339142602e-005, 9.29329326027e-006, 3.66605877389e-006, 1.39018663958e-006, 3.31333822601e-008, 3.02343539094e-010, 1.32000122638e-011]
        min: [8.11496184213e-025, 7.72505452073e-024, 2.11778407198e-024, 2.07246421019e-024, 1.14481924257e-023, 2.34717642185e-023, 6.53860574713e-024, 2.98921358876e-023, 3.23280216115e-023, 1.89422716289e-023, 2.55345865763e-023, 5.45949364813e-023, 5.92681169294e-023, 8.66459574746e-023, 5.9202376417e-023, 1.06102410219e-022, 1.06033697279e-022, 8.77463363958e-023, 1.45526560684e-022, 2.34834803807e-022, 3.06054504238e-022, 4.07823796168e-022, 3.9873334175e-022, 7.20191535298e-022, 8.30458739822e-022, 1.23359740903e-021, 2.23712632447e-021, 6.23257266519e-022]
        var: [3.59328062097e-012, 2.36473471915e-008, 8.45589127607e-008, 5.77824472714e-008, 5.26294684278e-007, 1.75824137472e-008, 3.02739664448e-008, 3.565777007e-008, 1.2583690534e-007, 6.59477805698e-008, 5.79598697925e-008, 3.8097581978e-008, 3.26731317557e-008, 3.54547893266e-008, 6.45857198833e-008, 6.872273417e-008, 1.55945613756e-007, 1.99781069909e-007, 1.47963831409e-007, 9.33789365831e-008, 4.59436009237e-008, 4.69261518532e-009, 1.38708197706e-010, 2.40597437806e-011, 4.84841333748e-012, 5.43998270638e-015, 4.96511233577e-019, 4.82216166418e-021]
    mfcc:
        mean: [-709.949157715, 96.3790588379, -49.1562995911, 48.6625175476, -8.84406852722, 4.13872098923, 4.15222978592, 1.41227769852, 2.76168107986, -5.03446388245, -5.04514694214, -0.231592878699, -3.96647167206]
        cov: [[9465.546875, -1107.8560791, -1351.77734375, 1679.30114746, -184.813842773, 355.583068848, 354.906799316, 418.219543457, 219.335449219, 16.7005710602, -27.5858879089, 49.3951873779, -199.396118164], [-1107.8560791, 1091.72888184, 131.745666504, -451.10458374, -14.1627731323, -79.1027984619, -107.215286255, -152.941436768, -35.9913978577, 20.4340991974, 21.279548645, -10.7173242569, 45.5734901428], [-1351.77734375, 131.745666504, 490.499328613, -246.811416626, 16.4090995789, -57.7114143372, -54.3032188416, -63.0188026428, -81.9160461426, -33.987739563, 8.78798007965, 20.3252639771, 37.2277145386], [1679.30114746, -451.10458374, -246.811416626, 643.232788086, 44.3196411133, 95.9478759766, 64.3712081909, 79.59009552, 54.8948020935, -8.37177562714, -21.3382396698, 9.93641757965, -31.8303356171], [-184.813842773, -14.1627731323, 16.4090995789, 44.3196411133, 114.4688797, 15.9640922546, -11.4000101089, -11.8260631561, 1.61670148373, -0.712191939354, -9.77737140656, -9.89863109589, 8.35142803192], [355.583068848, -79.1027984619, -57.7114143372, 95.9478759766, 15.9640922546, 85.6810913086, 47.1134796143, 34.8703536987, 13.305773735, 0.429167956114, -0.709416389465, 0.242495492101, -7.99431848526], [354.906799316, -107.215286255, -54.3032188416, 64.3712081909, -11.4000101089, 47.1134796143, 145.860031128, 73.1113815308, 19.2787761688, -10.9706716537, 6.94446372986, 25.7657413483, -10.3770895004], [418.219543457, -152.941436768, -63.0188026428, 79.59009552, -11.8260631561, 34.8703536987, 73.1113815308, 102.60194397, 43.6557884216, 6.88465642929, 0.961147546768, 10.2917900085, -12.469247818], [219.335449219, -35.9913978577, -81.9160461426, 54.8948020935, 1.61670148373, 13.305773735, 19.2787761688, 43.6557884216, 84.6706695557, 39.9348602295, 3.81294345856, -4.78322076797, -8.43747711182], [16.7005710602, 20.4340991974, -33.987739563, -8.37177562714, -0.712191939354, 0.429167956114, -10.9706716537, 6.88465642929, 39.9348602295, 69.8524398804, 26.2809848785, 0.0725568458438, -2.71350932121], [-27.5858879089, 21.279548645, 8.78798007965, -21.3382396698, -9.77737140656, -0.709416389465, 6.94446372986, 0.961147546768, 3.81294345856, 26.2809848785, 51.627456665, 33.7220115662, 7.10744953156], [49.3951873779, -10.7173242569, 20.3252639771, 9.93641757965, -9.89863109589, 0.242495492101, 25.7657413483, 10.2917900085, -4.78322076797, 0.0725568458438, 33.7220115662, 72.3400802612, 27.6406497955], [-199.396118164, 45.5734901428, 37.2277145386, -31.8303356171, 8.35142803192, -7.99431848526, -10.3770895004, -12.469247818, -8.43747711182, -2.71350932121, 7.10744953156, 27.6406497955, 55.343914032]]
        icov: [[0.000354324612999, -0.000121976845548, 0.000553302234039, -0.000720919459127, 0.000669795321301, -0.000324701191857, 0.000128762912937, -0.000716011505574, 0.000474082975416, -8.31461074995e-005, 0.000180899718544, -0.000437910668552, 0.000568734016269], [-0.000121976845548, 0.00162644835655, 2.74791564152e-005, 0.00126632943284, -0.000162514013937, -0.000179593509529, -0.000159947114298, 0.00247471802868, -0.00113016786054, 0.000174852408236, -0.000290741561912, 0.000175692432094, -0.000756930036005], [0.000553302234039, 2.74791564152e-005, 0.00399834522977, -8.28605152492e-006, 5.82837565162e-005, 0.000156180409249, 0.000762118201237, -0.001287220628, 0.0025870159734, 0.000584733206779, 2.93159450848e-006, -0.00153477326967, 0.000332404335495], [-0.000720919459127, 0.00126632943284, -8.28605152492e-006, 0.00462576141581, -0.00235530524515, -0.00130512053147, 0.000367739616195, 0.00209004594944, -0.00213425210677, 0.00107935618144, 0.000873853277881, -0.00123563595116, -3.4936962038e-005], [0.000669795321301, -0.000162514013937, 5.82837565162e-005, -0.00235530524515, 0.0115850316361, -0.00306427851319, 0.000407525221817, 0.000856561760884, -0.000358376622899, -0.000621497572865, 0.00136618374381, 0.00109665002674, -0.00157650955953], [-0.000324701191857, -0.000179593509529, 0.000156180409249, -0.00130512053147, -0.00306427851319, 0.017967350781, -0.00451534613967, -0.00224338006228, 0.00172912189737, -0.000848505878821, -0.00206476356834, 0.0033807947766, -0.0013732832158], [0.000128762912937, -0.000159947114298, 0.000762118201237, 0.000367739616195, 0.000407525221817, -0.00451534613967, 0.0133785987273, -0.00805125292391, 0.000287215079879, 0.0035379792098, -0.00059897970641, -0.00475544296205, 0.0029444845859], [-0.000716011505574, 0.00247471802868, -0.001287220628, 0.00209004594944, 0.000856561760884, -0.00224338006228, -0.00805125292391, 0.0253463741392, -0.0113619277254, 0.00137241033372, 0.00119489582721, -0.00093451468274, -0.000153485932969], [0.000474082975416, -0.00113016786054, 0.0025870159734, -0.00213425210677, -0.000358376622899, 0.00172912189737, 0.000287215079879, -0.0113619277254, 0.0261044427752, -0.0144251612946, 0.00499218190089, -0.000111791050585, 0.000156048554345], [-8.31461074995e-005, 0.000174852408236, 0.000584733206779, 0.00107935618144, -0.000621497572865, -0.000848505878821, 0.0035379792098, 0.00137241033372, -0.0144251612946, 0.0304177273065, -0.0188367795199, 0.00629935320467, -0.000707134429831], [0.000180899718544, -0.000290741561912, 2.93159450848e-006, 0.000873853277881, 0.00136618374381, -0.00206476356834, -0.00059897970641, 0.00119489582721, 0.00499218190089, -0.0188367795199, 0.0431107953191, -0.0222688298672, 0.00646718498319], [-0.000437910668552, 0.000175692432094, -0.00153477326967, -0.00123563595116, 0.00109665002674, 0.0033807947766, -0.00475544296205, -0.00093451468274, -0.000111791050585, 0.00629935320467, -0.0222688298672, 0.0330102592707, -0.0155148282647], [0.000568734016269, -0.000756930036005, 0.000332404335495, -3.4936962038e-005, -0.00157650955953, -0.0013732832158, 0.0029444845859, -0.000153485932969, 0.000156048554345, -0.000707134429831, 0.00646718498319, -0.0155148282647, 0.0279617756605]]
    sccoeffs:
        dmean: [0.057041157037, 0.0444166734815, 0.0365754142404, 0.027330102399, 0.0179773103446, 0.0180636122823]
        dmean2: [0.0946151763201, 0.0755193158984, 0.061245854944, 0.0464584454894, 0.0305621456355, 0.0294987112284]
        dvar: [0.00223950389773, 0.00121844059322, 0.000816590501927, 0.000466651952593, 0.000202561932383, 0.00024454051163]
        dvar2: [0.00617208797485, 0.0034519135952, 0.00230363686569, 0.00128917954862, 0.000579462619498, 0.000645049673039]
        max: [-0.301157414913, -0.478229522705, -0.566059410572, -0.560284018517, -0.652554690838, -0.594921886921]
        mean: [-0.681689441204, -0.77915674448, -0.79133105278, -0.795868039131, -0.809848368168, -0.741649806499]
        median: [-0.685680389404, -0.786195635796, -0.795271039009, -0.801045894623, -0.809538006783, -0.737866282463]
        min: [-0.976490497589, -0.973905920982, -0.971785545349, -0.983992040157, -0.97288697958, -0.961130261421]
        var: [0.00544488336891, 0.00386566785164, 0.00277417432517, 0.00191113480832, 0.0008043043199, 0.00173465022817]
    scvalleys:
        dmean: [0.38392162323, 0.347866982222, 0.28400939703, 0.238466113806, 0.217951923609, 0.26837348938]
        dmean2: [0.631848216057, 0.579691290855, 0.466108679771, 0.392156928778, 0.356314539909, 0.441266655922]
        dvar: [0.111001119018, 0.10265507549, 0.0786275193095, 0.0671678259969, 0.0655697286129, 0.103084295988]
        dvar2: [0.259787589312, 0.241578772664, 0.172737672925, 0.138477981091, 0.13509619236, 0.254717409611]
        max: [-5.21675682068, -5.12519454956, -5.11185789108, -5.56483316422, -5.52844285965, -7.79129171371]
        mean: [-6.89701032639, -6.87782621384, -6.93413305283, -7.10977649689, -6.98983478546, -9.81478881836]
        median: [-6.58244419098, -6.68219947815, -6.66954755783, -6.71439743042, -6.37525320053, -9.22566986084]
        min: [-27.7508831024, -27.6669998169, -27.5381183624, -27.4852714539, -27.3406524658, -27.3928050995]
        var: [2.00786066055, 1.79067671299, 1.87016701698, 2.04653859138, 2.9406747818, 2.91795539856]

rhythm:
    beats_loudness:
        dmean: 0.00163510779385
        dmean2: 0.00281853368506
        dvar: 2.20132665163e-006
        dvar2: 6.36829872747e-006
        max: 0.0133562805131
        mean: 0.00530998874456
        median: 0.00559826055542
        min: 1.99536567824e-011
        var: 8.31272882351e-006
    bpm: 134.870620728
    bpm_confidence: 0
    first_peak_bpm: 136
    first_peak_spread: 0.328193843365
    first_peak_weight: 0.605158746243
    onset_rate: 2.92466115952
    second_peak_bpm: 129
    second_peak_spread: 0.191489353776
    second_peak_weight: 0.0753968283534
    beats_loudness_band_ratio:
        dmean: [0.0896468311548, 0.125221565366, 0.0686613842845, 0.079897634685, 0.0893619582057, 0.0672842636704]
        dmean2: [0.154500812292, 0.22419603169, 0.12138774991, 0.137627080083, 0.154102340341, 0.116179473698]
        dvar: [0.00529188383371, 0.0160724930465, 0.00632513081655, 0.00682269083336, 0.00578446546569, 0.00430917693302]
        dvar2: [0.0158895980567, 0.0405570082366, 0.0189335308969, 0.0188606958836, 0.0157591886818, 0.0113903777674]
        max: [0.549046456814, 0.714393019676, 0.920380115509, 0.541103959084, 0.71376234293, 0.467328727245]
        mean: [0.1827686131, 0.143424242735, 0.125612214208, 0.130063340068, 0.266829788685, 0.204981654882]
        median: [0.1692738235, 0.0782848522067, 0.0692123323679, 0.0969933122396, 0.270616173744, 0.216372206807]
        min: [0, 0, 0, 0, 0, 0]
        var: [0.0096728252247, 0.0215915851295, 0.022152043879, 0.00877542607486, 0.0139913493767, 0.0108432462439]
    beats_position: [0.417959183455, 0.859138309956, 1.31192743778, 1.764716506, 2.21750569344, 2.68190479279, 3.14630389214, 3.61070299149, 4.07510185242, 4.53950119019, 5.00390005112, 5.46829938889, 5.93269824982, 6.38548755646, 6.83827638626, 7.2910656929, 7.74385452271, 8.19664382935, 8.64943313599, 9.10222244263, 9.56662082672, 10.0194101334, 10.4838094711, 10.9482088089, 11.412607193, 11.8770065308, 12.3414058685, 12.8058052063, 13.2702035904, 13.722992897, 14.1757822037, 14.6285715103, 15.0813598633, 15.5341491699, 15.9753284454, 16.4165077209, 16.8576869965, 17.298866272, 17.7400455475, 18.1928348541, 18.6456241608, 19.0868015289, 19.5279808044, 19.96916008, 20.4103393555, 20.851518631, 21.3043079376, 21.7570972443, 22.221496582, 22.6858959198, 23.1502952576, 23.614692688, 24.0790920258, 24.5434913635, 25.0078907013, 25.4839000702, 25.948299408, 26.4010887146, 26.8538761139, 27.3066654205, 27.747844696, 28.1890239716, 28.6302032471, 29.0829925537, 29.5241718292, 29.9653511047, 30.4181404114, 30.8593196869, 31.3121089935, 31.7648983002, 32.2060775757, 32.6472549438, 33.0884361267, 33.5296134949, 33.9707946777, 34.4119720459, 34.8531494141, 35.3059387207, 35.7587280273, 36.1999092102, 36.6410865784, 37.0822677612, 37.5234451294, 37.9646263123, 38.4174156189, 38.8585929871, 39.2997741699, 39.7525634766, 40.1937408447, 40.6349182129, 41.0760993958, 41.5172767639, 41.9700660706, 42.4228553772, 42.8640365601, 43.3052139282, 43.7463951111, 44.1875724792, 44.6287536621, 45.0699310303, 45.5227203369, 45.9755096436, 46.4166870117, 46.8578681946, 47.2990455627, 47.7402267456, 48.204624176, 48.6690254211, 49.14503479, 49.6210403442, 50.0854415894, 50.5614509583, 51.0258483887, 51.4902496338, 51.9546470642, 52.4074363708, 52.8602256775, 53.3130149841, 53.7541923523, 54.1953735352, 54.6365509033, 55.0777320862, 55.5189094543, 55.971698761, 56.4244880676, 56.8656692505, 57.3068466187, 57.7480278015, 58.1892051697, 58.6303825378, 59.0831718445, 59.5359611511, 59.977142334, 60.4183197021, 60.859500885, 61.3006782532, 61.7534675598, 62.1946487427, 62.6474380493, 63.0886154175, 63.5297966003, 63.9709739685, 64.4121551514, 64.864944458, 65.3177337646, 65.7589111328, 66.200088501, 66.6412658691, 67.0824508667, 67.5236282349, 67.9764175415, 68.4292068481, 68.8703842163, 69.3115615845, 69.7527389526, 70.1939239502, 70.6351013184, 71.0762786865, 71.5290679932, 71.9702453613, 72.423034668, 72.8642196655, 73.3053970337, 73.7465744019, 74.1993637085, 74.6405410767, 75.0933303833, 75.5345077515, 75.975692749, 76.4168701172, 76.8580474854, 77.2992248535, 77.7404098511, 78.1931991577, 78.6459884644, 79.0871658325, 79.5283432007, 79.9811325073, 80.4223098755, 80.8750991821, 81.3162765503, 81.7574615479, 82.198638916, 82.6398162842, 83.0809936523, 83.5221786499, 83.9749679565, 84.4277572632, 84.8689346313, 85.3101119995, 85.7512893677, 86.1924667358, 86.6452560425, 87.08644104, 87.5392303467, 87.9804077148, 88.421585083, 88.8627624512, 89.3039474487, 89.7451248169, 90.1863021851, 90.6390914917, 91.0918807983, 91.5330581665, 91.9742355347, 92.4154205322, 92.8565979004, 93.309387207, 93.7621765137, 94.2033538818, 94.64453125, 95.0857162476, 95.5501098633, 96.0145111084, 96.4905166626, 96.9665298462, 97.4541473389, 97.9417648315, 98.4061660767, 98.8705673218, 99.3117446899, 99.7529220581, 100.194099426, 100.635284424, 101.08807373, 101.540863037, 101.982040405, 102.423217773, 102.864395142, 103.305580139, 103.746757507, 104.187934875, 104.640724182, 105.093513489, 105.534690857, 105.975868225, 106.417053223, 106.858230591, 107.311019897, 107.763809204, 108.204986572, 108.64616394, 109.087341309, 109.528526306, 109.992919922, 110.457321167, 110.933334351, 111.409339905, 111.87374115, 112.361358643, 112.837364197, 113.290153503, 113.74294281, 114.195732117, 114.636917114, 115.078094482, 115.530883789, 115.972061157, 116.424850464, 116.866027832, 117.3072052, 117.748390198, 118.189567566, 118.630744934, 119.071922302, 119.5131073, 119.965896606, 120.418685913, 120.859863281, 121.301040649, 121.742218018, 122.195007324, 122.636184692, 123.088973999, 123.530158997, 123.971336365, 124.412513733, 124.853691101, 125.306480408, 125.759269714, 126.200454712, 126.64163208, 127.082809448, 127.523986816, 127.965164185, 128.417953491, 128.870742798, 129.311920166, 129.753097534, 130.194290161, 130.635467529, 131.088256836, 131.541046143, 131.982223511, 132.423400879, 132.864578247, 133.305755615, 133.746932983, 134.188110352, 134.640899658, 135.093688965, 135.534866333, 135.98765564, 136.428848267, 136.870025635, 137.311203003, 137.76399231, 138.205169678, 138.646347046, 139.087524414, 139.528701782, 139.96987915, 140.422668457, 140.875457764, 141.316635132, 141.757827759, 142.199005127, 142.640182495, 143.092971802, 143.545761108, 143.986938477, 144.428115845, 144.869293213, 145.310470581, 145.751647949, 146.192825317, 146.645614624, 147.098403931, 147.539596558, 147.980773926, 148.433563232, 148.874740601, 149.315917969, 149.757095337, 150.198272705, 150.639450073, 151.09223938, 151.533416748, 151.974594116, 152.415786743, 152.856964111, 153.309753418, 153.750930786, 154.203720093, 154.644897461, 155.086074829, 155.527252197, 155.968429565, 156.421218872, 156.874008179, 157.315185547, 157.756362915, 158.197555542, 158.63873291, 159.079910278, 159.521087646, 159.962265015, 160.403442383, 160.856231689, 161.309020996, 161.750198364, 162.191375732, 162.644165039, 163.085342407, 163.538131714, 163.979324341, 164.420501709, 164.861679077, 165.302856445, 165.755645752, 166.208435059, 166.649612427, 167.090789795, 167.531967163, 167.973144531, 168.414321899, 168.867111206, 169.319900513, 169.761077881, 170.202270508, 170.643447876, 171.084625244, 171.525802612, 171.978591919, 172.431381226, 172.872558594, 173.313735962, 173.75491333, 174.196090698, 174.637283325, 175.090057373, 175.54284668, 175.984039307, 176.425216675, 176.866394043, 177.307571411, 177.748748779, 178.189926147, 178.642715454, 179.095504761, 179.548294067, 180.001083374, 180.453872681, 180.906661987, 181.347839355, 181.789016724, 182.230194092, 182.671386719, 183.112564087, 183.553741455, 183.994918823, 184.436096191, 184.87727356, 185.318450928, 185.748016357, 186.200805664, 186.641998291, 187.094787598, 187.535964966, 187.988754272, 188.441543579, 188.894332886, 189.335510254, 189.776687622, 190.21786499, 190.659042358, 191.100219727, 191.541397095, 191.982574463, 192.42376709, 192.864944458, 193.317733765, 193.758911133, 194.200088501, 194.652877808, 195.094055176, 195.535232544, 195.976409912, 196.429199219, 196.881988525, 197.323165894, 197.764343262, 198.205535889, 198.646713257, 199.087890625, 199.540679932, 199.993469238, 200.434646606, 200.875823975, 201.317001343, 201.758178711, 202.199356079, 202.640533447, 203.081726074, 203.534515381, 203.987304688, 204.428482056, 204.869659424, 205.310836792, 205.75201416, 206.193191528, 206.634368896, 207.075546265, 207.516723633, 207.969512939, 208.422302246, 208.863494873, 209.31628418, 209.769073486, 210.210250854, 210.651428223, 211.092605591, 211.533782959, 211.986572266, 212.427749634, 212.88053894, 213.321716309, 213.762893677, 214.204071045, 214.656860352, 215.098052979, 215.550842285, 215.992019653, 216.433197021, 216.87437439, 217.315551758, 217.756729126, 218.197906494, 218.650695801, 219.103485107, 219.544662476, 219.985839844, 220.427032471, 220.868209839, 221.309387207, 221.750564575, 222.191741943, 222.632919312, 223.085708618, 223.538497925, 223.991287231, 224.444076538, 224.896865845, 225.349655151, 225.814056396]
