
metadata:
    version:
        essentia: "2.1-beta2"
    audio_properties:
        analysis_sample_rate: 44100
        bitrate: 320
        channels: 2
        equal_loudness: 1
        length: 263.81060791
        replay_gain: -14.2576656342
        downmix: "mix"
    tags:
        album: "Ghost Empire"
        artist: "Caliban"
        comment: "For QUALITY NEEDS Visit :
http://www.bubaneemusic2.com"
        date: "2014"
        genre: "Metalcore"
        title: "Devil's Night"
        tracknumber: "6/16"

configuration:
    average_loudness:
        compute: 1
        frameSize: 88200
        hopSize: 44100
        silentFrames: "noise"
        windowType: "hann"
    general:
        analysisSampleRate: 44100
        endTime: 2000
        equalLoudness: 1
        nequalLoudness: 0
        shortSound: 0
        startTime: 0
    lowlevel:
        compute: 1
        frameSize: 2048
        hopSize: 1024
        zeroPadding: 0
        silentFrames: "noise"
        windowType: "blackmanharris62"
        mfccStats: ["mean", "cov", "icov"]
        stats: ["mean", "var", "median", "min", "max", "dmean", "dmean2", "dvar", "dvar2"]
    panning:
        compute: 0
        frameSize: 8192
        hopSize: 2048
        zeroPadding: 8192
        silentFrames: "noise"
        windowType: "hann"
        stats: ["copy"]
    rhythm:
        compute: 1
        maxTempo: 208
        minTempo: 40
        method: "degara"
        stats: ["mean", "var", "median", "min", "max", "dmean", "dmean2", "dvar", "dvar2"]
    segmentation:
        compute: 0
        cpw: 5
        inc1: 300
        inc2: 50
        minimumSegmentsLength: 10
        size1: 1000
        size2: 600
    sfx:
        compute: 1
        stats: ["mean", "var", "median", "min", "max", "dmean", "dmean2", "dvar", "dvar2"]
    svm:
        compute: 0
    tonal:
        compute: 1
        frameSize: 4096
        hopSize: 2048
        zeroPadding: 0
        silentFrames: "noise"
        windowType: "blackmanharris62"
        stats: ["mean", "var", "median", "min", "max", "dmean", "dmean2", "dvar", "dvar2"]

lowlevel:
    average_loudness: 0.905279457569
    barkbands_kurtosis:
        dmean: 0.668625831604
        dmean2: 1.11582756042
        dvar: 0.727197647095
        dvar2: 1.82808995247
        max: 33.6133766174
        mean: -0.31080058217
        median: -0.752419769764
        min: -1.84507226944
        var: 3.23057460785
    barkbands_skewness:
        dmean: 0.345088809729
        dmean2: 0.561977267265
        dvar: 0.105248868465
        dvar2: 0.278279513121
        max: 3.33233833313
        mean: -0.463739693165
        median: -0.604275584221
        min: -3.34206318855
        var: 0.526424765587
    barkbands_spread:
        dmean: 5.28546094894
        dmean2: 8.7057056427
        dvar: 26.3389816284
        dvar2: 69.4812393188
        max: 81.2615203857
        mean: 33.1133651733
        median: 34.1400489807
        min: 0.972354590893
        var: 135.582931519
    dissonance:
        dmean: 0.0102909076959
        dmean2: 0.0176956038922
        dvar: 0.000207017859793
        dvar2: 0.000591621675994
        max: 0.5
        mean: 0.480637490749
        median: 0.489071041346
        min: 0.199649825692
        var: 0.000945725303609
    hfc:
        dmean: 2.71160387993
        dmean2: 4.5921792984
        dvar: 12.7975168228
        dvar2: 34.8827133179
        max: 46.1694259644
        mean: 10.6085062027
        median: 10.2011213303
        min: 1.0770364061e-016
        var: 39.5241088867
    pitch:
        dmean: 980.04095459
        dmean2: 1854.55151367
        dvar: 1670331.5
        dvar2: 4181909.25
        max: 4806.6171875
        mean: 1651.92260742
        median: 671.239013672
        min: 62.7002372742
        var: 2411108
    pitch_instantaneous_confidence:
        dmean: 0.0666869580746
        dmean2: 0.112040393054
        dvar: 0.00298822880723
        dvar2: 0.00809900835156
        max: 0.879154741764
        mean: 0.316144138575
        median: 0.284931778908
        min: 0.0963004827499
        var: 0.0148956160992
    pitch_salience:
        dmean: 0.04895093292
        dmean2: 0.0832773074508
        dvar: 0.0019761507865
        dvar2: 0.00564276380464
        max: 0.989746809006
        mean: 0.684195756912
        median: 0.698847353458
        min: 0.275454431772
        var: 0.00538196414709
    silence_rate_20dB:
        dmean: 0
        dmean2: 0
        dvar: 0
        dvar2: 0
        max: 1
        mean: 1
        median: 1
        min: 1
        var: 0
    silence_rate_30dB:
        dmean: 0
        dmean2: 0
        dvar: 0
        dvar2: 0
        max: 1
        mean: 1
        median: 1
        min: 1
        var: 0
    silence_rate_60dB:
        dmean: 0.071818344295
        dmean2: 0.143649324775
        dvar: 0.0666759610176
        dvar2: 0.140787944198
        max: 1
        mean: 0.241749539971
        median: 0
        min: 0
        var: 0.183328747749
    spectral_centroid:
        dmean: 245.877349854
        dmean2: 401.396789551
        dvar: 70296.0859375
        dvar2: 179880.59375
        max: 11684.4423828
        mean: 2050.96899414
        median: 2153.11352539
        min: 391.882507324
        var: 404859.84375
    spectral_complexity:
        dmean: 4.25787734985
        dmean2: 6.94692373276
        dvar: 17.40193367
        dvar2: 43.2103118896
        max: 48
        mean: 21.2522220612
        median: 23
        min: 0
        var: 114.242828369
    spectral_crest:
        dmean: 1.46389317513
        dmean2: 2.48107624054
        dvar: 2.44629144669
        dvar2: 6.60014200211
        max: 20.9407291412
        mean: 5.52082443237
        median: 4.81938362122
        min: 2.45382547379
        var: 5.39194393158
    spectral_decrease:
        dmean: 2.41325404104e-010
        dmean2: 3.93421462075e-010
        dvar: 9.34040780091e-020
        dvar2: 2.36605113903e-019
        max: 1.8574662645e-028
        mean: -1.04701924908e-009
        median: -9.96737359316e-010
        min: -3.93315957581e-009
        var: 3.25440382583e-019
    spectral_energy:
        dmean: 0.00111931073479
        dmean2: 0.00183142675087
        dvar: 1.95251254809e-006
        dvar2: 4.9808922995e-006
        max: 0.0176316201687
        mean: 0.00491391168907
        median: 0.00467816181481
        min: 1.00216566282e-020
        var: 7.17592456567e-006
    spectral_energyband_high:
        dmean: 0.000253600766882
        dmean2: 0.000440314732259
        dvar: 1.23896114701e-007
        dvar2: 3.44711935441e-007
        max: 0.00445924373344
        mean: 0.000640449754428
        median: 0.000604601460509
        min: 6.99201312286e-021
        var: 1.82471708854e-007
    spectral_energyband_low:
        dmean: 0.000234494975302
        dmean2: 0.000393835565774
        dvar: 1.06845575942e-007
        dvar2: 2.99527755487e-007
        max: 0.00485154753551
        mean: 0.000507379765622
        median: 0.000478089903481
        min: 2.35630101817e-023
        var: 1.38817796369e-007
    spectral_energyband_middle_high:
        dmean: 0.000723292410839
        dmean2: 0.00120060355403
        dvar: 6.75886383306e-007
        dvar2: 1.80591428034e-006
        max: 0.0130983060226
        mean: 0.00295703695156
        median: 0.00271370168775
        min: 1.1002652243e-021
        var: 3.70964698959e-006
    spectral_energyband_middle_low:
        dmean: 0.000433508655988
        dmean2: 0.000713301531505
        dvar: 6.63910839194e-007
        dvar2: 1.73339321918e-006
        max: 0.00985716097057
        mean: 0.000915695447475
        median: 0.000737450260203
        min: 2.02939163168e-022
        var: 7.53325366531e-007
    spectral_flatness_db:
        dmean: 0.0113410940394
        dmean2: 0.0180899854749
        dvar: 9.69154716586e-005
        dvar2: 0.00024597014999
        max: 0.405880540609
        mean: 0.142704948783
        median: 0.129783943295
        min: 0.0367457158864
        var: 0.0025445134379
    spectral_flux:
        dmean: 0.00585058005527
        dmean2: 0.00905626546592
        dvar: 4.46814519819e-005
        dvar2: 8.62025262904e-005
        max: 0.0982244759798
        mean: 0.0419206470251
        median: 0.0432463251054
        min: 6.41845535054e-011
        var: 0.000252564524999
    spectral_kurtosis:
        dmean: 1.18188285828
        dmean2: 2.0549030304
        dvar: 4.47694158554
        dvar2: 13.755490303
        max: 69.1515884399
        mean: 4.42196464539
        median: 3.127648592
        min: -1.24888718128
        var: 36.3918037415
    spectral_rms:
        dmean: 0.000232865204453
        dmean2: 0.000373693852453
        dvar: 6.80652192386e-008
        dvar2: 1.67798589246e-007
        max: 0.00414747884497
        mean: 0.00206963834353
        median: 0.00213636620902
        min: 3.12685554532e-012
        var: 5.10649783791e-007
    spectral_rolloff:
        dmean: 278.769744873
        dmean2: 468.867095947
        dvar: 117411.78125
        dvar2: 271145.3125
        max: 19186.0839844
        mean: 3583.13232422
        median: 3768.31054688
        min: 258.3984375
        var: 1033413
    spectral_skewness:
        dmean: 0.15297229588
        dmean2: 0.257730990648
        dvar: 0.0276830997318
        dvar2: 0.0806784927845
        max: 6.34976005554
        mean: 1.3250464201
        median: 1.17800295353
        min: -0.0910864174366
        var: 0.46609133482
    spectral_spread:
        dmean: 339175.25
        dmean2: 526854.375
        dvar: 320582942720
        dvar2: 582670548992
        max: 44775740
        mean: 4228757
        median: 4114351.25
        min: 963874.875
        var: 3.21901874381e+012
    spectral_strongpeak:
        dmean: 0.460395157337
        dmean2: 0.816570162773
        dvar: 0.470334649086
        dvar2: 1.27495849133
        max: 9.40547180176
        mean: 0.565546035767
        median: 0.153572171926
        min: 5.09399640525e-011
        var: 0.689773440361
    zerocrossingrate:
        dmean: 0.00626381207258
        dmean2: 0.00818748958409
        dvar: 4.22198354499e-005
        dvar2: 5.79115039727e-005
        max: 0.51708984375
        mean: 0.110468484461
        median: 0.11572265625
        min: 0.01806640625
        var: 0.000862930843141
    barkbands:
        dmean: [7.03859711848e-007, 7.46721343603e-005, 0.000168789469171, 0.000127357285237, 0.000217726963456, 7.70720216678e-005, 7.18637456885e-005, 6.14668533672e-005, 9.51103356783e-005, 7.86650198279e-005, 0.000117868818052, 8.91181844054e-005, 6.95173002896e-005, 6.63036116748e-005, 8.58609637362e-005, 0.000164128039614, 0.000227987649851, 0.00022220108076, 0.000247724383371, 0.000195443499251, 0.000127244027681, 3.72819595214e-005, 6.89375292495e-006, 2.22176686293e-006, 8.33027115732e-007, 2.59236845324e-008, 2.8369348537e-010]
        dmean2: [8.84277710611e-007, 0.000123554738821, 0.000283843051875, 0.000220476664254, 0.000373607210349, 0.000126003957121, 0.000116661467473, 0.000100898316305, 0.000154323715833, 0.000127135572257, 0.000195366970729, 0.00015038868878, 0.000114367008791, 0.00010976842168, 0.000143630575622, 0.00027929621865, 0.00038624604349, 0.000377746357117, 0.000426293496275, 0.000332365831127, 0.000220375863137, 6.65514671709e-005, 1.2050022633e-005, 3.67548818758e-006, 1.31511080781e-006, 4.00101072273e-008, 4.85793183458e-010]
        dvar: [1.30496579254e-012, 1.24656480693e-008, 5.00261023717e-008, 3.99637372084e-008, 4.42949243507e-007, 1.26573267423e-008, 1.45092702297e-008, 1.11832401117e-008, 1.98737932777e-008, 1.73025735961e-008, 1.33646210543e-007, 2.33223733659e-008, 2.28663683544e-008, 1.46568357451e-008, 1.89967099828e-008, 5.30551389488e-008, 7.78091191478e-008, 6.79222864619e-008, 8.14886220724e-008, 5.77948178204e-008, 2.75179328213e-008, 3.82774345553e-009, 1.31961483407e-010, 1.51807594273e-011, 2.96602564558e-012, 3.56723097648e-015, 1.55798305152e-019]
        dvar2: [2.07728756071e-012, 3.16271488998e-008, 1.41964960676e-007, 1.07857211162e-007, 1.20164179407e-006, 3.08857082132e-008, 3.57169973597e-008, 2.84166592479e-008, 5.00898558187e-008, 4.36792468861e-008, 3.50612452849e-007, 6.47249507324e-008, 6.2117223365e-008, 3.83895262246e-008, 4.92045479916e-008, 1.4602038334e-007, 2.14160351675e-007, 1.85393133734e-007, 2.31694471609e-007, 1.62883168286e-007, 7.72681900685e-008, 1.08721751602e-008, 3.62243068874e-010, 3.68079317026e-011, 5.92261049231e-012, 7.76987811791e-015, 4.07096447329e-019]
        max: [8.06380467111e-006, 0.00121516932268, 0.00284113734961, 0.00325273629278, 0.0074669783935, 0.00288208248094, 0.00211407500319, 0.00172852422111, 0.00205363635905, 0.002392684808, 0.00924321636558, 0.00426297308877, 0.0035351277329, 0.00290195154957, 0.00300323124975, 0.00480945082381, 0.00487410463393, 0.00488440785557, 0.00375153985806, 0.00400757510215, 0.0023802658543, 0.000664397142828, 0.000182292249519, 9.55520445132e-005, 5.41149747733e-005, 1.66790516687e-006, 1.2501428337e-008]
        mean: [9.6270684935e-007, 0.000140461241244, 0.000291603413643, 0.000140898002428, 0.000229572600801, 0.000127782404888, 0.000117287461762, 9.31945687626e-005, 0.00016712694196, 0.000137713825097, 0.000187357203686, 0.00015484096366, 0.000119440352137, 0.000118812080473, 0.000167175836395, 0.000315904209856, 0.000485671218485, 0.000493130064569, 0.000590515381191, 0.000461221963633, 0.000292757671559, 6.16426259512e-005, 1.20082704598e-005, 4.86821136292e-006, 1.89705258435e-006, 5.69217597501e-008, 4.89037532692e-010]
        median: [6.95072586154e-008, 0.000115482362162, 0.000250443612458, 7.28243539925e-005, 9.06858404051e-005, 8.32672449178e-005, 6.23726373306e-005, 4.84034717374e-005, 9.54466013354e-005, 7.37008813303e-005, 4.7218567488e-005, 9.05228735064e-005, 5.9699290432e-005, 6.71200468787e-005, 0.000109649088699, 0.00023977420642, 0.000395870505599, 0.000424524798291, 0.000539982691407, 0.00041353458073, 0.000272616744041, 4.62905009044e-005, 8.23606205813e-006, 3.13361510962e-006, 1.1706680425e-006, 3.21405551063e-008, 3.11086989502e-010]
        min: [6.57231278753e-025, 5.0058687298e-024, 1.63820407187e-024, 4.41149793089e-024, 1.00285070647e-023, 1.165965448e-023, 1.11915814953e-023, 1.18258445957e-023, 3.44017444493e-023, 1.76733809742e-023, 1.71451912665e-023, 3.4226494266e-023, 4.58955172581e-023, 4.17005064254e-023, 9.42076247023e-023, 8.53239401934e-023, 7.83676574461e-023, 1.18380279213e-022, 1.49158968541e-022, 1.92214756934e-022, 2.96479550384e-022, 3.66495537427e-022, 4.69930726884e-022, 5.87757617017e-022, 8.9471215475e-022, 1.3655774483e-021, 1.98350741722e-021]
        var: [2.7654259091e-012, 1.60782711589e-008, 6.28836076544e-008, 4.26411794763e-008, 3.32035710926e-007, 2.28892265142e-008, 2.57630059508e-008, 1.74349228388e-008, 4.23787440695e-008, 3.59248524262e-008, 2.87835916879e-007, 4.19831991394e-008, 3.82115423747e-008, 2.76618532524e-008, 4.11948022361e-008, 1.06717635617e-007, 1.81471804694e-007, 1.50890556938e-007, 1.75700520799e-007, 1.17965420543e-007, 4.06627158611e-008, 3.66790997575e-009, 1.88529136746e-010, 4.46943905497e-011, 1.05786403942e-011, 9.58617764297e-015, 3.57217947531e-019]
    frequency_bands:
        dmean: [7.03859711848e-007, 7.46721343603e-005, 0.000168789469171, 0.000127357285237, 0.000217726963456, 7.70720216678e-005, 7.18637456885e-005, 6.14668533672e-005, 9.51103356783e-005, 7.86650198279e-005, 0.000117868818052, 8.91181844054e-005, 6.95173002896e-005, 6.63036116748e-005, 8.58609637362e-005, 0.000164128039614, 0.000227987649851, 0.00022220108076, 0.000247724383371, 0.000195443499251, 0.000127244027681, 3.72819595214e-005, 6.89375292495e-006, 2.22176686293e-006, 8.33027115732e-007, 2.59236845324e-008, 2.8369348537e-010, 5.84278944671e-011]
        dmean2: [8.84277710611e-007, 0.000123554738821, 0.000283843051875, 0.000220476664254, 0.000373607210349, 0.000126003957121, 0.000116661467473, 0.000100898316305, 0.000154323715833, 0.000127135572257, 0.000195366970729, 0.00015038868878, 0.000114367008791, 0.00010976842168, 0.000143630575622, 0.00027929621865, 0.00038624604349, 0.000377746357117, 0.000426293496275, 0.000332365831127, 0.000220375863137, 6.65514671709e-005, 1.2050022633e-005, 3.67548818758e-006, 1.31511080781e-006, 4.00101072273e-008, 4.85793183458e-010, 1.08754207029e-010]
        dvar: [1.30496579254e-012, 1.24656480693e-008, 5.00261023717e-008, 3.99637372084e-008, 4.42949243507e-007, 1.26573267423e-008, 1.45092702297e-008, 1.11832401117e-008, 1.98737932777e-008, 1.73025735961e-008, 1.33646210543e-007, 2.33223733659e-008, 2.28663683544e-008, 1.46568357451e-008, 1.89967099828e-008, 5.30551389488e-008, 7.78091191478e-008, 6.79222864619e-008, 8.14886220724e-008, 5.77948178204e-008, 2.75179328213e-008, 3.82774345553e-009, 1.31961483407e-010, 1.51807594273e-011, 2.96602564558e-012, 3.56723097648e-015, 1.55798305152e-019, 6.84343242092e-021]
        dvar2: [2.07728756071e-012, 3.16271488998e-008, 1.41964960676e-007, 1.07857211162e-007, 1.20164179407e-006, 3.08857082132e-008, 3.57169973597e-008, 2.84166592479e-008, 5.00898558187e-008, 4.36792468861e-008, 3.50612452849e-007, 6.47249507324e-008, 6.2117223365e-008, 3.83895262246e-008, 4.92045479916e-008, 1.4602038334e-007, 2.14160351675e-007, 1.85393133734e-007, 2.31694471609e-007, 1.62883168286e-007, 7.72681900685e-008, 1.08721751602e-008, 3.62243068874e-010, 3.68079317026e-011, 5.92261049231e-012, 7.76987811791e-015, 4.07096447329e-019, 2.18370980355e-020]
        max: [8.06380467111e-006, 0.00121516932268, 0.00284113734961, 0.00325273629278, 0.0074669783935, 0.00288208248094, 0.00211407500319, 0.00172852422111, 0.00205363635905, 0.002392684808, 0.00924321636558, 0.00426297308877, 0.0035351277329, 0.00290195154957, 0.00300323124975, 0.00480945082381, 0.00487410463393, 0.00488440785557, 0.00375153985806, 0.00400757510215, 0.0023802658543, 0.000664397142828, 0.000182292249519, 9.55520445132e-005, 5.41149747733e-005, 1.66790516687e-006, 1.2501428337e-008, 8.56145876416e-010]
        mean: [9.6270684935e-007, 0.000140461241244, 0.000291603413643, 0.000140898002428, 0.000229572600801, 0.000127782404888, 0.000117287461762, 9.31945687626e-005, 0.00016712694196, 0.000137713825097, 0.000187357203686, 0.00015484096366, 0.000119440352137, 0.000118812080473, 0.000167175836395, 0.000315904209856, 0.000485671218485, 0.000493130064569, 0.000590515381191, 0.000461221963633, 0.000292757671559, 6.16426259512e-005, 1.20082704598e-005, 4.86821136292e-006, 1.89705258435e-006, 5.69217597501e-008, 4.89037532692e-010, 4.54107376702e-011]
        median: [6.95072586154e-008, 0.000115482362162, 0.000250443612458, 7.28243539925e-005, 9.06858404051e-005, 8.32672449178e-005, 6.23726373306e-005, 4.84034717374e-005, 9.54466013354e-005, 7.37008813303e-005, 4.7218567488e-005, 9.05228735064e-005, 5.9699290432e-005, 6.71200468787e-005, 0.000109649088699, 0.00023977420642, 0.000395870505599, 0.000424524798291, 0.000539982691407, 0.00041353458073, 0.000272616744041, 4.62905009044e-005, 8.23606205813e-006, 3.13361510962e-006, 1.1706680425e-006, 3.21405551063e-008, 3.11086989502e-010, 1.64805790542e-011]
        min: [6.57231278753e-025, 5.0058687298e-024, 1.63820407187e-024, 4.41149793089e-024, 1.00285070647e-023, 1.165965448e-023, 1.11915814953e-023, 1.18258445957e-023, 3.44017444493e-023, 1.76733809742e-023, 1.71451912665e-023, 3.4226494266e-023, 4.58955172581e-023, 4.17005064254e-023, 9.42076247023e-023, 8.53239401934e-023, 7.83676574461e-023, 1.18380279213e-022, 1.49158968541e-022, 1.92214756934e-022, 2.96479550384e-022, 3.66495537427e-022, 4.69930726884e-022, 5.87757617017e-022, 8.9471215475e-022, 1.3655774483e-021, 1.98350741722e-021, 5.21886797419e-022]
        var: [2.7654259091e-012, 1.60782711589e-008, 6.28836076544e-008, 4.26411794763e-008, 3.32035710926e-007, 2.28892265142e-008, 2.57630059508e-008, 1.74349228388e-008, 4.23787440695e-008, 3.59248524262e-008, 2.87835916879e-007, 4.19831991394e-008, 3.82115423747e-008, 2.76618532524e-008, 4.11948022361e-008, 1.06717635617e-007, 1.81471804694e-007, 1.50890556938e-007, 1.75700520799e-007, 1.17965420543e-007, 4.06627158611e-008, 3.66790997575e-009, 1.88529136746e-010, 4.46943905497e-011, 1.05786403942e-011, 9.58617764297e-015, 3.57217947531e-019, 5.43981799303e-021]
    mfcc:
        mean: [-703.440002441, 90.889289856, -56.1785354614, 51.9954566956, -13.7235307693, -1.26577758789, 4.36635923386, 1.20266878605, 4.26230716705, -3.28605890274, -4.18007850647, 1.5387481451, -3.46046590805]
        cov: [[9782.12109375, 411.134490967, -1118.42419434, 1875.87365723, 276.859405518, 538.533325195, 405.798583984, 398.403259277, 281.99798584, 67.9546051025, -15.0102300644, 167.122116089, 169.244384766], [411.134490967, 681.549926758, -234.864379883, 122.551818848, -65.6169204712, -54.9282264709, 13.985118866, -66.0768585205, 25.4034938812, -21.0938262939, -20.8822021484, -7.04509544373, -10.6442193985], [-1118.42419434, -234.864379883, 455.649139404, -174.971786499, 38.2429275513, -36.2224082947, -78.0638504028, -37.9825286865, -52.0576591492, -12.5826025009, -13.9480419159, -36.3645362854, -31.3960590363], [1875.87365723, 122.551818848, -174.971786499, 762.244689941, 190.773849487, 168.163391113, 106.270759583, 74.7496490479, 116.409568787, 32.3300971985, 9.45240879059, 58.8308181763, 62.7288780212], [276.859405518, -65.6169204712, 38.2429275513, 190.773849487, 154.269439697, 66.5044937134, 29.6088829041, 18.4698600769, 24.4489879608, 17.4808139801, 5.81606721878, 20.6943225861, 17.2525043488], [538.533325195, -54.9282264709, -36.2224082947, 168.163391113, 66.5044937134, 143.421554565, 80.9661712646, 61.5873146057, 26.216342926, 14.517829895, 14.1688785553, 20.9619579315, 19.6600627899], [405.798583984, 13.985118866, -78.0638504028, 106.270759583, 29.6088829041, 80.9661712646, 139.879608154, 66.1578445435, 36.169757843, 12.4518146515, 10.6472597122, 29.8769111633, 22.9663295746], [398.403259277, -66.0768585205, -37.9825286865, 74.7496490479, 18.4698600769, 61.5873146057, 66.1578445435, 105.329231262, 48.9630126953, 23.5557098389, 7.60272264481, 17.2122383118, 18.2946586609], [281.99798584, 25.4034938812, -52.0576591492, 116.409568787, 24.4489879608, 26.216342926, 36.169757843, 48.9630126953, 90.5189666748, 38.2644882202, 10.3397264481, 13.733496666, 12.5267791748], [67.9546051025, -21.0938262939, -12.5826025009, 32.3300971985, 17.4808139801, 14.517829895, 12.4518146515, 23.5557098389, 38.2644882202, 67.7888031006, 28.414396286, 16.7832489014, 8.88969802856], [-15.0102300644, -20.8822021484, -13.9480419159, 9.45240879059, 5.81606721878, 14.1688785553, 10.6472597122, 7.60272264481, 10.3397264481, 28.414396286, 54.5884399414, 31.4462814331, 12.5224304199], [167.122116089, -7.04509544373, -36.3645362854, 58.8308181763, 20.6943225861, 20.9619579315, 29.8769111633, 17.2122383118, 13.733496666, 16.7832489014, 31.4462814331, 65.3051452637, 35.2918701172], [169.244384766, -10.6442193985, -31.3960590363, 62.7288780212, 17.2525043488, 19.6600627899, 22.9663295746, 18.2946586609, 12.5267791748, 8.88969802856, 12.5224304199, 35.2918701172, 59.6852378845]]
        icov: [[0.000305518507957, 3.48989306076e-005, 0.000501625007018, -0.000700732809491, 0.000276123406366, -0.00023497302027, 0.000195612126845, -0.000756055931561, 0.000567255425267, -0.000166806290508, 0.000489799072966, -0.000197898043552, 0.000214327068534], [3.48989306076e-005, 0.00248262984678, 0.00101399747655, -0.000787237717304, 0.00123264908325, 0.000978018739261, -0.00113310234156, 0.00251316418871, -0.00104269944131, 0.000303755223285, 0.000703296740539, 2.71042590612e-005, 0.000701792072505], [0.000501625007018, 0.00101399747655, 0.00434426171705, -0.000402184436098, -0.00153514265548, -0.000144212914165, 0.00127335323486, -0.000719100644346, 0.00124072050676, -0.000154414345161, 0.0011082746787, 0.000490288774017, 0.000928168708924], [-0.000700732809491, -0.000787237717304, -0.000402184436098, 0.00494614057243, -0.00382090220228, -0.00200773356482, 0.000443001306849, 0.00203996058553, -0.00413292925805, 0.00139466091059, -0.000280540029053, -0.000290372408926, -0.0017030085437], [0.000276123406366, 0.00123264908325, -0.00153514265548, -0.00382090220228, 0.0131501145661, -0.00295310374349, -0.000619609898422, 0.00227287295274, 0.000163307820912, -0.00239271903411, 0.00248239887878, -0.00247159018181, 0.000621132843662], [-0.00023497302027, 0.000978018739261, -0.000144212914165, -0.00200773356482, -0.00295310374349, 0.0165307074785, -0.00619592377916, -0.00440014246851, 0.0036987431813, 0.000230637859204, -0.00420538894832, 0.00311377760954, 0.000246806477662], [0.000195612126845, -0.00113310234156, 0.00127335323486, 0.000443001306849, -0.000619609898422, -0.00619592377916, 0.0144739663228, -0.00603762082756, -0.000766029115766, 0.00125729234423, 0.00133199465927, -0.00394988665357, -2.17062406591e-005], [-0.000756055931561, 0.00251316418871, -0.000719100644346, 0.00203996058553, 0.00227287295274, -0.00440014246851, -0.00603762082756, 0.0235495511442, -0.0106265526265, -0.000827141106129, 0.00206533656456, -0.000279499974567, -0.00194749317598], [0.000567255425267, -0.00104269944131, 0.00124072050676, -0.00413292925805, 0.000163307820912, 0.0036987431813, -0.000766029115766, -0.0106265526265, 0.0245307087898, -0.0105348071083, 0.00141958741006, 0.00111201195978, 0.000953503593337], [-0.000166806290508, 0.000303755223285, -0.000154414345161, 0.00139466091059, -0.00239271903411, 0.000230637859204, 0.00125729234423, -0.000827141106129, -0.0105348071083, 0.0257353894413, -0.01206714008, 0.00103999057319, -0.000339652935509], [0.000489799072966, 0.000703296740539, 0.0011082746787, -0.000280540029053, 0.00248239887878, -0.00420538894832, 0.00133199465927, 0.00206533656456, 0.00141958741006, -0.01206714008, 0.0338992141187, -0.0160466246307, 0.00301186530851], [-0.000197898043552, 2.71042590612e-005, 0.000490288774017, -0.000290372408926, -0.00247159018181, 0.00311377760954, -0.00394988665357, -0.000279499974567, 0.00111201195978, 0.00103999057319, -0.0160466246307, 0.0328130200505, -0.0140005117282], [0.000214327068534, 0.000701792072505, 0.000928168708924, -0.0017030085437, 0.000621132843662, 0.000246806477662, -2.17062406591e-005, -0.00194749317598, 0.000953503593337, -0.000339652935509, 0.00301186530851, -0.0140005117282, 0.0263915751129]]
    sccoeffs:
        dmean: [0.0538862906396, 0.0438793450594, 0.0370953157544, 0.0270657017827, 0.0180534701794, 0.0169335268438]
        dmean2: [0.0883450955153, 0.073548823595, 0.061973888427, 0.0456395372748, 0.0309282746166, 0.0268068499863]
        dvar: [0.00185152923223, 0.00120932271238, 0.000854094920214, 0.000459362083348, 0.000197998146177, 0.000204014664632]
        dvar2: [0.00496479216963, 0.00339947640896, 0.00239406526089, 0.00129258260131, 0.000569672731217, 0.0004940572544]
        max: [-0.300669014454, -0.501406133175, -0.556066453457, -0.586511015892, -0.646282911301, -0.564302146435]
        mean: [-0.644899487495, -0.769255816936, -0.784255385399, -0.798168063164, -0.808176934719, -0.734444618225]
        median: [-0.648493230343, -0.77759873867, -0.788002073765, -0.80215126276, -0.807293951511, -0.727415621281]
        min: [-0.976619839668, -0.990012645721, -0.993215084076, -0.982530832291, -0.980767726898, -0.965674519539]
        var: [0.00602467218414, 0.00384613941424, 0.00289616873488, 0.00155111472122, 0.000908773508854, 0.00230625015683]
    scvalleys:
        dmean: [0.418066084385, 0.327920198441, 0.266349852085, 0.21175634861, 0.184569627047, 0.221993818879]
        dmean2: [0.688915550709, 0.547592401505, 0.442426472902, 0.350246459246, 0.299980342388, 0.354964852333]
        dvar: [0.129799291492, 0.0750457271934, 0.0516697131097, 0.0377621725202, 0.0411828793585, 0.0869932323694]
        dvar2: [0.31746250391, 0.185828000307, 0.122634001076, 0.0839259773493, 0.0863629505038, 0.208305358887]
        max: [-5.18264245987, -5.14028978348, -5.32216024399, -5.69719839096, -5.39117765427, -7.57089567184]
        mean: [-7.40131950378, -6.86426353455, -6.93753385544, -7.09235906601, -6.79196023941, -9.76827049255]
        median: [-6.81365633011, -6.58149147034, -6.64699554443, -6.75846624374, -6.31116294861, -9.3348531723]
        min: [-28.0355129242, -27.6077327728, -27.9500598907, -27.5961494446, -27.4111461639, -27.3499526978]
        var: [4.59632396698, 2.27404618263, 2.23958444595, 2.31468939781, 3.05563807487, 2.62011194229]

rhythm:
    beats_loudness:
        dmean: 0.00161998800468
        dmean2: 0.00279580918141
        dvar: 2.2140211513e-006
        dvar2: 6.16110128249e-006
        max: 0.0151200369
        mean: 0.00562082789838
        median: 0.00564363505691
        min: 4.61834390175e-011
        var: 7.12232667865e-006
    bpm: 129.854232788
    bpm_confidence: 0
    first_peak_bpm: 129
    first_peak_spread: 0.271863073111
    first_peak_weight: 0.66608697176
    onset_rate: 2.33121800423
    second_peak_bpm: 172
    second_peak_spread: 0
    second_peak_weight: 0.0208695661277
    beats_loudness_band_ratio:
        dmean: [0.0810859650373, 0.12337872386, 0.060173638165, 0.0678136646748, 0.0930380001664, 0.0783552527428]
        dmean2: [0.140237718821, 0.230217382312, 0.1034168154, 0.116837918758, 0.162025481462, 0.134648248553]
        dvar: [0.00562986638397, 0.014398816973, 0.0052222344093, 0.00644944608212, 0.00673368619755, 0.00400919560343]
        dvar2: [0.0160446427763, 0.0406646803021, 0.0145097030327, 0.016680078581, 0.0202434360981, 0.012435878627]
        max: [0.691363155842, 0.571588933468, 0.88355588913, 0.854480624199, 0.640360474586, 0.471552044153]
        mean: [0.160197198391, 0.108184069395, 0.124816149473, 0.128621995449, 0.279280275106, 0.234247177839]
        median: [0.148776322603, 0.0494805723429, 0.0772828608751, 0.0860906839371, 0.285667717457, 0.237007915974]
        min: [0, 0, 0, 0, 0, 0]
        var: [0.00967208202928, 0.0141613734886, 0.0207628440112, 0.014738897793, 0.0149132804945, 0.0112687144428]
    beats_position: [0.46439909935, 0.940408170223, 1.4164172411, 1.89242625237, 2.36843538284, 2.83283448219, 3.30884337425, 3.7732424736, 4.23764181137, 4.7020406723, 5.16644001007, 5.64244890213, 6.14167785645, 6.64090681076, 7.12852573395, 7.61614513397, 8.10376358032, 8.57977294922, 9.05578231812, 9.53179073334, 10.0078001022, 10.47219944, 10.9365987778, 11.4009971619, 11.8653964996, 12.3297958374, 12.782585144, 13.235373497, 13.6997728348, 14.1641721725, 14.6285715103, 15.0929698944, 15.5573692322, 16.0101585388, 16.4745578766, 16.9273471832, 17.391746521, 17.8561439514, 18.3205432892, 18.784942627, 19.2493419647, 19.7137413025, 20.1781406403, 20.6309299469, 21.0837192535, 21.548116684, 22.0125160217, 22.4769153595, 22.9413146973, 23.3941040039, 23.8468933105, 24.3112926483, 24.7756919861, 25.2400894165, 25.7044887543, 26.168888092, 26.6332874298, 27.0976867676, 27.5504760742, 28.0032653809, 28.4676647186, 28.932062149, 29.3964614868, 29.8608608246, 30.3252601624, 30.7896595001, 31.2540588379, 31.7068481445, 32.1596374512, 32.6240348816, 33.0884361267, 33.5528335571, 34.0172348022, 34.4816322327, 34.9460296631, 35.4104309082, 35.8632202148, 36.3160095215, 36.7804069519, 37.244808197, 37.7092056274, 38.1736030579, 38.638004303, 39.0907936096, 39.5435829163, 40.0079803467, 40.4723815918, 40.9367790222, 41.4011802673, 41.8655776978, 42.3183670044, 42.7827644348, 43.2471656799, 43.6999549866, 44.164352417, 44.6287536621, 45.0931510925, 45.5575485229, 46.0219497681, 46.4863471985, 46.9391365051, 47.3919258118, 47.8563270569, 48.3207244873, 48.7851219177, 49.2495231628, 49.7139205933, 50.1783218384, 50.631111145, 51.0839004517, 51.5482978821, 52.0126991272, 52.4770965576, 52.941493988, 53.4058952332, 53.8702926636, 54.3230819702, 54.7758712769, 55.240272522, 55.7046699524, 56.1690673828, 56.6334686279, 57.0978660583, 57.5622673035, 58.0266647339, 58.491065979, 58.9438552856, 59.3966445923, 59.8610420227, 60.3254394531, 60.7898406982, 61.2426300049, 61.7070274353, 62.1714286804, 62.6242179871, 63.0886154175, 63.5530128479, 64.0174102783, 64.4818115234, 64.9462127686, 65.4106140137, 65.8750076294, 66.327796936, 66.7805862427, 67.2449874878, 67.7093887329, 68.1737823486, 68.6381835938, 69.1025848389, 69.566986084, 70.0197753906, 70.4725646973, 70.936958313, 71.4013595581, 71.8657608032, 72.3301544189, 72.7945556641, 73.2589569092, 73.7117462158, 74.1645355225, 74.6289291382, 75.0933303833, 75.5577316284, 76.0221328735, 76.4865264893, 76.9393157959, 77.403717041, 77.8565063477, 78.3209075928, 78.7853012085, 79.2497024536, 79.7141036987, 80.1785049438, 80.6428985596, 81.0956878662, 81.5484771729, 82.012878418, 82.4772796631, 82.9416732788, 83.4060745239, 83.8820877075, 84.3580932617, 84.7992706299, 85.2404556274, 85.6816329956, 86.1228103638, 86.5755996704, 87.0283889771, 87.4811782837, 87.9571838379, 88.4331970215, 88.9208145142, 89.3852157593, 89.849609375, 90.3256225586, 90.7900238037, 91.2544174194, 91.7188186646, 92.1716079712, 92.6243972778, 93.0887985229, 93.5531921387, 94.0175933838, 94.4819946289, 94.946395874, 95.4107894897, 95.8751907349, 96.3279800415, 96.7807693481, 97.2451705933, 97.709564209, 98.1739654541, 98.6383666992, 99.1027679443, 99.5671615601, 100.019950867, 100.472740173, 100.937141418, 101.401542664, 101.865936279, 102.330337524, 102.79473877, 103.247528076, 103.700317383, 104.164710999, 104.629112244, 105.093513489, 105.557914734, 106.02230835, 106.486709595, 106.95111084, 107.403900146, 107.856689453, 108.321083069, 108.785484314, 109.249885559, 109.714286804, 110.167076111, 110.631469727, 111.084259033, 111.548660278, 112.013061523, 112.477455139, 112.930244446, 113.394645691, 113.870658875, 114.33505249, 114.787841797, 115.240631104, 115.705032349, 116.169433594, 116.633827209, 117.098228455, 117.5626297, 118.027030945, 118.479812622, 118.944213867, 119.408615112, 119.873016357, 120.325805664, 120.79019928, 121.254600525, 121.707389832, 122.160179138, 122.624580383, 123.088973999, 123.553375244, 124.017776489, 124.482177734, 124.94657135, 125.410972595, 125.863761902, 126.328163147, 126.780952454, 127.245346069, 127.709747314, 128.17414856, 128.638549805, 129.10295105, 129.567337036, 130.020126343, 130.484527588, 130.937316895, 131.40171814, 131.866119385, 132.33052063, 132.783309937, 133.236099243, 133.700500488, 134.164901733, 134.62928772, 135.093688965, 135.55809021, 136.022491455, 136.4868927, 136.939682007, 137.392471313, 137.856872559, 138.321273804, 138.78565979, 139.250061035, 139.71446228, 140.178863525, 140.643264771, 141.096054077, 141.548843384, 142.013244629, 142.477645874, 142.94203186, 143.406433105, 143.870834351, 144.335235596, 144.799636841, 145.264038086, 145.716827393, 146.169616699, 146.634017944, 147.098403931, 147.562805176, 148.027206421, 148.491607666, 148.956008911, 149.420410156, 149.861587524, 150.32598877, 150.790390015, 151.254776001, 151.719177246, 152.183578491, 152.647979736, 153.100769043, 153.55355835, 154.017959595, 154.48236084, 154.946762085, 155.411148071, 155.875549316, 156.339950562, 156.792739868, 157.245529175, 157.70993042, 158.174331665, 158.63873291, 159.103118896, 159.567520142, 160.031921387, 160.496322632, 160.949111938, 161.401901245, 161.86630249, 162.330703735, 162.79510498, 163.247894287, 163.712280273, 164.176681519, 164.629470825, 165.09387207, 165.558273315, 166.022674561, 166.487075806, 166.951477051, 167.415863037, 167.868652344, 168.32144165, 168.785842896, 169.250244141, 169.714645386, 170.179046631, 170.643447876, 171.107849121, 171.572235107, 172.025024414, 172.477813721, 172.942214966, 173.406616211, 173.871017456, 174.335418701, 174.799819946, 175.264221191, 175.717010498, 176.169799805, 176.634185791, 177.098587036, 177.562988281, 178.027389526, 178.491790771, 178.944580078, 179.408981323, 179.86177063, 180.326171875, 180.790557861, 181.254959106, 181.719360352, 182.183761597, 182.648162842, 183.112564087, 183.576965332, 184.029754639, 184.482528687, 184.946929932, 185.411331177, 185.875732422, 186.328521729, 186.781311035, 187.24571228, 187.710113525, 188.174514771, 188.638900757, 189.103302002, 189.567703247, 190.032104492, 190.496505737, 190.949295044, 191.402084351, 191.866485596, 192.330886841, 192.795272827, 193.259674072, 193.724075317, 194.176864624, 194.629653931, 195.094055176, 195.558456421, 196.022857666, 196.487258911, 196.951644897, 197.404434204, 197.857223511, 198.321624756, 198.786026001, 199.250427246, 199.714828491, 200.179229736, 200.643630981, 201.096420288, 201.549209595, 202.013595581, 202.477996826, 202.942398071, 203.406799316, 203.871200562, 204.335601807, 204.800003052, 205.264389038, 205.717178345, 206.169967651, 206.634368896, 207.098770142, 207.563171387, 208.027572632, 208.491973877, 208.956375122, 209.409164429, 209.861953735, 210.326339722, 210.790740967, 211.255142212, 211.719543457, 212.183944702, 212.648345947, 213.101135254, 213.553924561, 214.018310547, 214.482711792, 214.947113037, 215.411514282, 215.875915527, 216.340316772, 216.793106079, 217.245895386, 217.710296631, 218.174682617, 218.639083862, 219.103485107, 219.567886353, 220.032287598, 220.496688843, 220.961090088, 221.425476074, 221.878265381, 222.331054688, 222.795455933, 223.259857178, 223.724258423, 224.188659668, 224.653060913, 225.117462158, 225.570251465, 226.034637451, 226.487426758, 226.951828003, 227.416229248, 227.880630493, 228.345031738, 228.797821045, 229.250610352, 229.715011597, 230.179412842, 230.643798828, 231.108200073, 231.572601318, 232.037002563, 232.501403809, 232.954193115, 233.406982422, 233.871383667, 234.335784912, 234.800170898, 235.264572144, 235.728973389, 236.181762695, 236.634552002, 237.098953247, 237.563354492, 238.027755737, 238.492156982, 238.956542969, 239.420944214, 239.885345459, 240.338134766, 240.802536011, 241.255325317, 241.719726563, 242.184127808, 242.648529053, 243.112915039, 243.577316284, 244.030105591, 244.494506836, 244.958908081, 245.423309326, 245.876098633, 246.340499878, 246.712020874, 247.083526611, 247.455047607, 247.826568604, 248.186477661, 248.546386719, 248.894683838, 249.242996216, 249.591293335, 249.939590454, 250.287887573, 250.636184692, 250.984481812, 251.332778931, 251.66947937, 252.006164551, 252.342849731, 252.679534912, 253.016235352, 253.352920532, 253.701217651, 254.037902832, 254.38621521, 254.734512329, 255.082809448, 255.419494629, 255.82585144, 256.232208252, 256.638549805, 257.091339111, 257.532501221, 257.973693848, 258.414855957, 258.902496338, 259.390106201, 259.877716064, 260.365356445, 260.841369629, 261.317352295, 261.804992676, 262.281005859, 262.756988525, 263.244628906]
