
metadata:
    version:
        essentia: "2.1-beta2"
    audio_properties:
        analysis_sample_rate: 44100
        bitrate: 320
        channels: 2
        equal_loudness: 1
        length: 236.120819092
        replay_gain: -14.1208705902
        downmix: "mix"
    tags:
        album: "Ghost Empire"
        artist: "Caliban"
        comment: "For QUALITY NEEDS Visit :
http://www.bubaneemusic2.com"
        date: "2014"
        genre: "Metalcore"
        title: "Cries And Whispers"
        tracknumber: "8/16"

configuration:
    average_loudness:
        compute: 1
        frameSize: 88200
        hopSize: 44100
        silentFrames: "noise"
        windowType: "hann"
    general:
        analysisSampleRate: 44100
        endTime: 2000
        equalLoudness: 1
        nequalLoudness: 0
        shortSound: 0
        startTime: 0
    lowlevel:
        compute: 1
        frameSize: 2048
        hopSize: 1024
        zeroPadding: 0
        silentFrames: "noise"
        windowType: "blackmanharris62"
        mfccStats: ["mean", "cov", "icov"]
        stats: ["mean", "var", "median", "min", "max", "dmean", "dmean2", "dvar", "dvar2"]
    panning:
        compute: 0
        frameSize: 8192
        hopSize: 2048
        zeroPadding: 8192
        silentFrames: "noise"
        windowType: "hann"
        stats: ["copy"]
    rhythm:
        compute: 1
        maxTempo: 208
        minTempo: 40
        method: "degara"
        stats: ["mean", "var", "median", "min", "max", "dmean", "dmean2", "dvar", "dvar2"]
    segmentation:
        compute: 0
        cpw: 5
        inc1: 300
        inc2: 50
        minimumSegmentsLength: 10
        size1: 1000
        size2: 600
    sfx:
        compute: 1
        stats: ["mean", "var", "median", "min", "max", "dmean", "dmean2", "dvar", "dvar2"]
    svm:
        compute: 0
    tonal:
        compute: 1
        frameSize: 4096
        hopSize: 2048
        zeroPadding: 0
        silentFrames: "noise"
        windowType: "blackmanharris62"
        stats: ["mean", "var", "median", "min", "max", "dmean", "dmean2", "dvar", "dvar2"]

lowlevel:
    average_loudness: 0.866491675377
    barkbands_kurtosis:
        dmean: 0.673607647419
        dmean2: 1.12575423717
        dvar: 0.93947249651
        dvar2: 2.55279135704
        max: 25.6330451965
        mean: -0.297735691071
        median: -0.672638177872
        min: -1.85276830196
        var: 2.90510416031
    barkbands_skewness:
        dmean: 0.329767167568
        dmean2: 0.546153247356
        dvar: 0.104124486446
        dvar2: 0.291738808155
        max: 3.51980137825
        mean: -0.362617611885
        median: -0.498858571053
        min: -2.90299272537
        var: 0.529329419136
    barkbands_spread:
        dmean: 4.9277882576
        dmean2: 8.01376152039
        dvar: 23.6653118134
        dvar2: 65.9009857178
        max: 61.8492622375
        mean: 30.4576320648
        median: 30.9739055634
        min: 0.792408108711
        var: 133.592941284
    dissonance:
        dmean: 0.0116232512519
        dmean2: 0.0201566386968
        dvar: 0.000234719351283
        dvar2: 0.000673646223731
        max: 0.500000059605
        mean: 0.48162227869
        median: 0.488605558872
        min: 0.290368944407
        var: 0.000436234724475
    hfc:
        dmean: 2.6573369503
        dmean2: 4.52569532394
        dvar: 13.5538396835
        dvar2: 37.4441795349
        max: 43.3809127808
        mean: 10.0760593414
        median: 10.7387809753
        min: 1.11684377825e-016
        var: 46.4252471924
    pitch:
        dmean: 741.458679199
        dmean2: 1393.2479248
        dvar: 1298918.375
        dvar2: 3401598
        max: 4279.01513672
        mean: 1310.39294434
        median: 402.966705322
        min: 61.6762199402
        var: 2087152.875
    pitch_instantaneous_confidence:
        dmean: 0.067986510694
        dmean2: 0.113630630076
        dvar: 0.00344024435617
        dvar2: 0.00905503518879
        max: 0.946350395679
        mean: 0.335160136223
        median: 0.2915969491
        min: 0.103371202946
        var: 0.0220765527338
    pitch_salience:
        dmean: 0.0482320152223
        dmean2: 0.0816001519561
        dvar: 0.00185087264981
        dvar2: 0.00535011850297
        max: 0.975839555264
        mean: 0.683666169643
        median: 0.692337810993
        min: 0.205579817295
        var: 0.00514711532742
    silence_rate_20dB:
        dmean: 0
        dmean2: 0
        dvar: 0
        dvar2: 0
        max: 1
        mean: 1
        median: 1
        min: 1
        var: 0
    silence_rate_30dB:
        dmean: 0
        dmean2: 0
        dvar: 0
        dvar2: 0
        max: 1
        mean: 1
        median: 1
        min: 1
        var: 0
    silence_rate_60dB:
        dmean: 0.0373684726655
        dmean2: 0.0747442990541
        dvar: 0.0359778366983
        dvar2: 0.0900221243501
        max: 1
        mean: 0.282595872879
        median: 0
        min: 0
        var: 0.202713146806
    spectral_centroid:
        dmean: 230.742355347
        dmean2: 381.88684082
        dvar: 77085.28125
        dvar2: 198697.234375
        max: 11322.9863281
        mean: 1921.25976563
        median: 2042.19470215
        min: 386.505706787
        var: 481740
    spectral_complexity:
        dmean: 3.93096661568
        dmean2: 6.44787549973
        dvar: 15.8819112778
        dvar2: 40.7229156494
        max: 47
        mean: 20.3676490784
        median: 23
        min: 0
        var: 141.929824829
    spectral_crest:
        dmean: 1.50855541229
        dmean2: 2.55893945694
        dvar: 2.62945485115
        dvar2: 7.30918455124
        max: 23.8515644073
        mean: 5.73244571686
        median: 5.02389192581
        min: 2.21624040604
        var: 6.04772758484
    spectral_decrease:
        dmean: 2.43316783388e-010
        dmean2: 3.98280408653e-010
        dvar: 1.04232938515e-019
        dvar2: 2.68484990753e-019
        max: 1.4192588224e-028
        mean: -1.02956942971e-009
        median: -1.06301101255e-009
        min: -4.16559498007e-009
        var: 4.23316011576e-019
    spectral_energy:
        dmean: 0.00112445198465
        dmean2: 0.0018479898572
        dvar: 2.12829127122e-006
        dvar2: 5.50204094907e-006
        max: 0.0175864100456
        mean: 0.00479975761846
        median: 0.00501386635005
        min: 1.0321393278e-020
        var: 9.15401869861e-006
    spectral_energyband_high:
        dmean: 0.00025541317882
        dmean2: 0.00044618366519
        dvar: 1.45452361267e-007
        dvar2: 4.11046556792e-007
        max: 0.00398659566417
        mean: 0.000639575533569
        median: 0.000664913328364
        min: 7.39068509754e-021
        var: 2.58981287971e-007
    spectral_energyband_low:
        dmean: 0.000221980168135
        dmean2: 0.000368813576642
        dvar: 1.04006026902e-007
        dvar2: 3.00256658647e-007
        max: 0.00314680137672
        mean: 0.000492584949825
        median: 0.000485229189508
        min: 1.97096344967e-023
        var: 1.69277598161e-007
    spectral_energyband_middle_high:
        dmean: 0.000680068798829
        dmean2: 0.00112097267993
        dvar: 6.26730241038e-007
        dvar2: 1.66456106854e-006
        max: 0.014116646722
        mean: 0.0028106586542
        median: 0.00275922613218
        min: 1.19136293213e-021
        var: 3.85289331462e-006
    spectral_energyband_middle_low:
        dmean: 0.000479905400425
        dmean2: 0.000797050772235
        dvar: 8.60040074713e-007
        dvar2: 2.30570435633e-006
        max: 0.0120612150058
        mean: 0.000973608635832
        median: 0.000723013828974
        min: 2.1086482975e-022
        var: 1.08726476356e-006
    spectral_flatness_db:
        dmean: 0.0116161042824
        dmean2: 0.0191538054496
        dvar: 0.000115503615234
        dvar2: 0.000318640348269
        max: 0.404478907585
        mean: 0.150113537908
        median: 0.131715461612
        min: 0.0672397911549
        var: 0.00261507392861
    spectral_flux:
        dmean: 0.00579950446263
        dmean2: 0.00905892346054
        dvar: 4.89661288157e-005
        dvar2: 0.000100768920674
        max: 0.108392983675
        mean: 0.0398279540241
        median: 0.0441055223346
        min: 6.6730808379e-011
        var: 0.000379016360966
    spectral_kurtosis:
        dmean: 1.85397028923
        dmean2: 3.23661422729
        dvar: 15.9657449722
        dvar2: 47.738822937
        max: 108.075172424
        mean: 5.11407613754
        median: 3.01067638397
        min: -1.24816036224
        var: 63.6050567627
    spectral_rms:
        dmean: 0.000232355800108
        dmean2: 0.000374853174435
        dvar: 7.20442301372e-008
        dvar2: 1.83868607451e-007
        max: 0.0041421581991
        mean: 0.00198829965666
        median: 0.00221169088036
        min: 3.17327154137e-012
        var: 7.29355008389e-007
    spectral_rolloff:
        dmean: 299.600952148
        dmean2: 510.531768799
        dvar: 178903.046875
        dvar2: 426848.625
        max: 19186.0839844
        mean: 3377.48168945
        median: 3639.11132813
        min: 322.998046875
        var: 1326520.875
    spectral_skewness:
        dmean: 0.202801913023
        dmean2: 0.347085475922
        dvar: 0.0744456425309
        dvar2: 0.218651026487
        max: 7.46329879761
        mean: 1.38922989368
        median: 1.20470881462
        min: -0.0246364008635
        var: 0.604350149632
    spectral_spread:
        dmean: 338681.03125
        dmean2: 515278.3125
        dvar: 490332094464
        dvar2: 869980962816
        max: 41809232
        mean: 4050451.75
        median: 4113391
        min: 672015.8125
        var: 3.60058375373e+012
    spectral_strongpeak:
        dmean: 0.426509559155
        dmean2: 0.751805007458
        dvar: 0.403499126434
        dvar2: 1.10590982437
        max: 5.77026319504
        mean: 0.548234581947
        median: 0.192721456289
        min: 3.72120112502e-010
        var: 0.516842842102
    zerocrossingrate:
        dmean: 0.0061317733489
        dmean2: 0.00809236895293
        dvar: 5.07193690282e-005
        dvar2: 6.90730303177e-005
        max: 0.517578125
        mean: 0.10432741046
        median: 0.111328125
        min: 0.0224609375
        var: 0.00109585770406
    barkbands:
        dmean: [5.71687166939e-007, 7.35811481718e-005, 0.000155786561663, 0.000129680600367, 0.000232962571317, 7.88954930613e-005, 5.28605050931e-005, 6.26810069662e-005, 0.000128488871269, 8.22597212391e-005, 7.74490836193e-005, 0.000102467165561, 0.000108582760731, 8.48107374622e-005, 8.78831924638e-005, 0.000135802780278, 0.000196599154151, 0.000216455606278, 0.000227856420679, 0.000180789327715, 0.000127468229039, 4.26949918619e-005, 7.71450595494e-006, 2.44947227657e-006, 9.80663344308e-007, 3.05145420043e-008, 2.83693402103e-010]
        dmean2: [7.80504308295e-007, 0.000124657846754, 0.000252855941653, 0.000224773830269, 0.000406765175285, 0.000128459432744, 8.76033373061e-005, 0.000101918980363, 0.000205424104934, 0.000134655303555, 0.000127125967992, 0.000169068487594, 0.000177941430593, 0.000139522788231, 0.000145197744132, 0.000228847580729, 0.000330893497448, 0.000371520523913, 0.000391231995309, 0.000311530311592, 0.000221797963604, 7.64511860325e-005, 1.35330619742e-005, 4.0253808038e-006, 1.57109661814e-006, 4.65983838183e-008, 4.80758932664e-010]
        dvar: [1.0162282257e-012, 1.3960727685e-008, 4.70656260632e-008, 4.54337190092e-008, 5.22892662502e-007, 1.87578681476e-008, 1.42479636978e-008, 2.35051391684e-008, 5.95237992229e-008, 2.51655656314e-008, 2.46775808677e-008, 2.94555402292e-008, 4.03434725627e-008, 2.60955754783e-008, 2.28851178008e-008, 3.46705348875e-008, 7.32295006856e-008, 9.01224552763e-008, 7.95746544213e-008, 5.32832942213e-008, 3.43508368417e-008, 4.95069318873e-009, 1.83538351184e-010, 2.19758690412e-011, 6.23504026187e-012, 1.07547392148e-014, 2.29652557457e-019]
        dvar2: [1.74695490279e-012, 3.79446483123e-008, 1.32735337388e-007, 1.26087272179e-007, 1.44420698689e-006, 4.81123407781e-008, 3.55562974619e-008, 5.87693165244e-008, 1.50611285221e-007, 6.35303010199e-008, 6.54985186088e-008, 7.76838007255e-008, 1.05950810791e-007, 6.7057847275e-008, 5.77724428297e-008, 9.43802973552e-008, 1.98914193561e-007, 2.50060764984e-007, 2.26134403647e-007, 1.52977477796e-007, 9.68946523017e-008, 1.40429978757e-008, 5.02376140687e-010, 5.14081416325e-011, 1.30387358896e-011, 2.23800538106e-014, 5.81836309629e-019]
        max: [1.47954706335e-005, 0.00112375477329, 0.00246703531593, 0.00252254493535, 0.00818054378033, 0.00313024315983, 0.00243921461515, 0.00316889304668, 0.00693532265723, 0.00410250853747, 0.00383996963501, 0.0030766685959, 0.00469420151785, 0.00306070852093, 0.00292404135689, 0.00430863210931, 0.00479785911739, 0.00748189957812, 0.00322484062053, 0.00292584532872, 0.00239466642961, 0.00072034355253, 0.000195644795895, 0.000121701632452, 6.6218097345e-005, 4.06410481446e-006, 1.07667963434e-008]
        mean: [9.28974316139e-007, 0.000121925317217, 0.00028173904866, 0.000159608025569, 0.000240604014834, 0.00013473292347, 7.89249970694e-005, 8.95121411304e-005, 0.000235609841184, 0.000140627031215, 0.00013053699513, 0.000193742744159, 0.000199912319658, 0.000154143970576, 0.000171047460753, 0.000270909862593, 0.000399002194172, 0.000463428528747, 0.000529014389031, 0.000426820508437, 0.000282864057226, 7.37464506528e-005, 1.2995112229e-005, 5.25569657839e-006, 2.06915638046e-006, 6.02816143669e-008, 4.8763237892e-010]
        median: [3.39172459007e-008, 8.6695086793e-005, 0.000225944022532, 8.28834090498e-005, 8.13699662103e-005, 8.07525502751e-005, 4.5317094191e-005, 3.74126902898e-005, 0.000104558814201, 6.16044053459e-005, 4.92682338518e-005, 0.000100275603472, 7.73379142629e-005, 7.01939716237e-005, 0.000104329665191, 0.0002114559029, 0.000327874266077, 0.000402012519771, 0.00049148243852, 0.0004250422935, 0.000281271873973, 6.4551953983e-005, 9.42667065829e-006, 3.68631162928e-006, 1.33315506901e-006, 2.64256208027e-008, 2.41643149934e-010]
        min: [9.51935020409e-025, 4.215658478e-024, 2.82478409221e-024, 2.82518463633e-024, 1.88259509329e-023, 1.37191983318e-023, 1.94311492422e-023, 1.20666593754e-023, 2.66081868252e-023, 2.12479558604e-023, 2.12288165171e-023, 4.19867114727e-023, 3.78238356779e-023, 5.37531272322e-023, 3.09118427372e-023, 6.44078991366e-023, 8.57493886568e-023, 1.13428681353e-022, 1.78512205145e-022, 1.50829031253e-022, 3.37997110499e-022, 3.43578812586e-022, 4.66339983505e-022, 6.36331809297e-022, 8.77974066197e-022, 1.47204443848e-021, 2.21267017228e-021]
        var: [2.50414272651e-012, 1.90391666877e-008, 7.47366826204e-008, 5.12199491709e-008, 3.86824098086e-007, 3.10339736131e-008, 1.67454743405e-008, 3.5887680383e-008, 1.66387451372e-007, 5.24009990954e-008, 5.32764943273e-008, 6.98504436514e-008, 1.03209728763e-007, 5.99060641093e-008, 5.10554727384e-008, 7.97827937049e-008, 1.48227670138e-007, 1.97774156163e-007, 1.84910149414e-007, 1.15203413031e-007, 5.56245112193e-008, 5.41066125237e-009, 2.44782749625e-010, 6.02644670278e-011, 1.53321730312e-011, 2.19713299204e-014, 5.30032676202e-019]
    frequency_bands:
        dmean: [5.71687166939e-007, 7.35811481718e-005, 0.000155786561663, 0.000129680600367, 0.000232962571317, 7.88954930613e-005, 5.28605050931e-005, 6.26810069662e-005, 0.000128488871269, 8.22597212391e-005, 7.74490836193e-005, 0.000102467165561, 0.000108582760731, 8.48107374622e-005, 8.78831924638e-005, 0.000135802780278, 0.000196599154151, 0.000216455606278, 0.000227856420679, 0.000180789327715, 0.000127468229039, 4.26949918619e-005, 7.71450595494e-006, 2.44947227657e-006, 9.80663344308e-007, 3.05145420043e-008, 2.83693402103e-010, 5.45069649138e-011]
        dmean2: [7.80504308295e-007, 0.000124657846754, 0.000252855941653, 0.000224773830269, 0.000406765175285, 0.000128459432744, 8.76033373061e-005, 0.000101918980363, 0.000205424104934, 0.000134655303555, 0.000127125967992, 0.000169068487594, 0.000177941430593, 0.000139522788231, 0.000145197744132, 0.000228847580729, 0.000330893497448, 0.000371520523913, 0.000391231995309, 0.000311530311592, 0.000221797963604, 7.64511860325e-005, 1.35330619742e-005, 4.0253808038e-006, 1.57109661814e-006, 4.65983838183e-008, 4.80758932664e-010, 1.01238496752e-010]
        dvar: [1.0162282257e-012, 1.3960727685e-008, 4.70656260632e-008, 4.54337190092e-008, 5.22892662502e-007, 1.87578681476e-008, 1.42479636978e-008, 2.35051391684e-008, 5.95237992229e-008, 2.51655656314e-008, 2.46775808677e-008, 2.94555402292e-008, 4.03434725627e-008, 2.60955754783e-008, 2.28851178008e-008, 3.46705348875e-008, 7.32295006856e-008, 9.01224552763e-008, 7.95746544213e-008, 5.32832942213e-008, 3.43508368417e-008, 4.95069318873e-009, 1.83538351184e-010, 2.19758690412e-011, 6.23504026187e-012, 1.07547392148e-014, 2.29652557457e-019, 6.8768492252e-021]
        dvar2: [1.74695490279e-012, 3.79446483123e-008, 1.32735337388e-007, 1.26087272179e-007, 1.44420698689e-006, 4.81123407781e-008, 3.55562974619e-008, 5.87693165244e-008, 1.50611285221e-007, 6.35303010199e-008, 6.54985186088e-008, 7.76838007255e-008, 1.05950810791e-007, 6.7057847275e-008, 5.77724428297e-008, 9.43802973552e-008, 1.98914193561e-007, 2.50060764984e-007, 2.26134403647e-007, 1.52977477796e-007, 9.68946523017e-008, 1.40429978757e-008, 5.02376140687e-010, 5.14081416325e-011, 1.30387358896e-011, 2.23800538106e-014, 5.81836309629e-019, 2.17879761087e-020]
        max: [1.47954706335e-005, 0.00112375477329, 0.00246703531593, 0.00252254493535, 0.00818054378033, 0.00313024315983, 0.00243921461515, 0.00316889304668, 0.00693532265723, 0.00410250853747, 0.00383996963501, 0.0030766685959, 0.00469420151785, 0.00306070852093, 0.00292404135689, 0.00430863210931, 0.00479785911739, 0.00748189957812, 0.00322484062053, 0.00292584532872, 0.00239466642961, 0.00072034355253, 0.000195644795895, 0.000121701632452, 6.6218097345e-005, 4.06410481446e-006, 1.07667963434e-008, 8.77808659094e-010]
        mean: [9.28974316139e-007, 0.000121925317217, 0.00028173904866, 0.000159608025569, 0.000240604014834, 0.00013473292347, 7.89249970694e-005, 8.95121411304e-005, 0.000235609841184, 0.000140627031215, 0.00013053699513, 0.000193742744159, 0.000199912319658, 0.000154143970576, 0.000171047460753, 0.000270909862593, 0.000399002194172, 0.000463428528747, 0.000529014389031, 0.000426820508437, 0.000282864057226, 7.37464506528e-005, 1.2995112229e-005, 5.25569657839e-006, 2.06915638046e-006, 6.02816143669e-008, 4.8763237892e-010, 4.24431809143e-011]
        median: [3.39172459007e-008, 8.6695086793e-005, 0.000225944022532, 8.28834090498e-005, 8.13699662103e-005, 8.07525502751e-005, 4.5317094191e-005, 3.74126902898e-005, 0.000104558814201, 6.16044053459e-005, 4.92682338518e-005, 0.000100275603472, 7.73379142629e-005, 7.01939716237e-005, 0.000104329665191, 0.0002114559029, 0.000327874266077, 0.000402012519771, 0.00049148243852, 0.0004250422935, 0.000281271873973, 6.4551953983e-005, 9.42667065829e-006, 3.68631162928e-006, 1.33315506901e-006, 2.64256208027e-008, 2.41643149934e-010, 1.3040223415e-011]
        min: [9.51935020409e-025, 4.215658478e-024, 2.82478409221e-024, 2.82518463633e-024, 1.88259509329e-023, 1.37191983318e-023, 1.94311492422e-023, 1.20666593754e-023, 2.66081868252e-023, 2.12479558604e-023, 2.12288165171e-023, 4.19867114727e-023, 3.78238356779e-023, 5.37531272322e-023, 3.09118427372e-023, 6.44078991366e-023, 8.57493886568e-023, 1.13428681353e-022, 1.78512205145e-022, 1.50829031253e-022, 3.37997110499e-022, 3.43578812586e-022, 4.66339983505e-022, 6.36331809297e-022, 8.77974066197e-022, 1.47204443848e-021, 2.21267017228e-021, 5.74791369064e-022]
        var: [2.50414272651e-012, 1.90391666877e-008, 7.47366826204e-008, 5.12199491709e-008, 3.86824098086e-007, 3.10339736131e-008, 1.67454743405e-008, 3.5887680383e-008, 1.66387451372e-007, 5.24009990954e-008, 5.32764943273e-008, 6.98504436514e-008, 1.03209728763e-007, 5.99060641093e-008, 5.10554727384e-008, 7.97827937049e-008, 1.48227670138e-007, 1.97774156163e-007, 1.84910149414e-007, 1.15203413031e-007, 5.56245112193e-008, 5.41066125237e-009, 2.44782749625e-010, 6.02644670278e-011, 1.53321730312e-011, 2.19713299204e-014, 5.30032676202e-019, 5.46345080163e-021]
    mfcc:
        mean: [-715.940185547, 94.0702590942, -56.4523582458, 44.7797737122, -13.2116794586, 1.32883179188, 4.79303693771, -1.37038815022, 1.75747704506, -4.16858148575, -5.17601728439, -1.82678675652, -5.73623228073]
        cov: [[12346.9316406, -253.010742188, -978.388061523, 2077.12304688, 10.0153856277, 647.949279785, 397.027679443, 687.286621094, 408.876647949, 143.630783081, 321.139923096, 392.080291748, -16.5688934326], [-253.010742188, 905.874938965, -269.951751709, -145.881118774, -39.2024230957, -78.7442169189, -28.3041114807, -195.894882202, -101.879867554, -74.5066146851, -91.8384475708, -101.455665588, -39.9086456299], [-978.388061523, -269.951751709, 579.508483887, -103.579307556, 61.4384155273, -7.79947423935, -75.6168823242, 71.6682815552, -11.6354207993, 16.3847389221, 14.6383628845, 8.70397281647, 36.9810066223], [2077.12304688, -145.881118774, -103.579307556, 638.050109863, 64.8421478271, 129.109313965, 55.5017623901, 126.434921265, 113.480636597, 16.4142932892, 77.7897796631, 98.5406951904, 16.2109203339], [10.0153856277, -39.2024230957, 61.4384155273, 64.8421478271, 127.570999146, 25.5203018188, 1.00410747528, 11.8810138702, 12.7994537354, 21.890378952, 10.2850217819, 16.3035926819, 16.1862926483], [647.949279785, -78.7442169189, -7.79947423935, 129.109313965, 25.5203018188, 134.409515381, 58.3762664795, 57.0239067078, 16.2644348145, 6.49265909195, 34.8583641052, 31.703912735, 4.7757806778], [397.027679443, -28.3041114807, -75.6168823242, 55.5017623901, 1.00410747528, 58.3762664795, 148.345062256, 70.733833313, 30.7616996765, 5.78718137741, 20.9983196259, 31.6313800812, -3.34587264061], [687.286621094, -195.894882202, 71.6682815552, 126.434921265, 11.8810138702, 57.0239067078, 70.733833313, 203.091079712, 97.6649017334, 48.613494873, 60.0935745239, 63.7010269165, 14.627573967], [408.876647949, -101.879867554, -11.6354207993, 113.480636597, 12.7994537354, 16.2644348145, 30.7616996765, 97.6649017334, 118.864364624, 55.710849762, 40.3967666626, 41.6492576599, 5.64914655685], [143.630783081, -74.5066146851, 16.3847389221, 16.4142932892, 21.890378952, 6.49265909195, 5.78718137741, 48.613494873, 55.710849762, 84.1463546753, 43.3437309265, 26.3229236603, 7.48718214035], [321.139923096, -91.8384475708, 14.6383628845, 77.7897796631, 10.2850217819, 34.8583641052, 20.9983196259, 60.0935745239, 40.3967666626, 43.3437309265, 78.1143112183, 54.0629310608, 11.0134487152], [392.080291748, -101.455665588, 8.70397281647, 98.5406951904, 16.3035926819, 31.703912735, 31.6313800812, 63.7010269165, 41.6492576599, 26.3229236603, 54.0629310608, 83.5419311523, 28.2342567444], [-16.5688934326, -39.9086456299, 36.9810066223, 16.2109203339, 16.1862926483, 4.7757806778, -3.34587264061, 14.627573967, 5.64914655685, 7.48718214035, 11.0134487152, 28.2342567444, 53.6078720093]]
        icov: [[0.000327082205331, -0.000119458833069, 0.00046326458687, -0.000863364490215, 0.000401414639782, -0.00066263449844, 0.000311637559207, -0.00101108313538, 0.000757799192797, -0.000727745646145, 0.000530187273398, -0.000497853965499, 0.000361899437848], [-0.000119458833069, 0.00172973785084, 0.000540767505299, 0.00040788660408, -0.000408590422012, 0.000717882707249, -0.000271014840109, 0.00106401368976, 1.48556327986e-005, 0.000750262057409, -0.000203693416552, 0.00116915337276, -0.000173702792381], [0.00046326458687, 0.000540767505299, 0.00366292358376, -0.000380951532861, -0.00106927205343, -0.000941973994486, 0.00252490676939, -0.00372255826369, 0.00230158097111, -0.000180814735359, 0.000172168322024, -2.56195708062e-005, -0.000524936185684], [-0.000863364490215, 0.00040788660408, -0.000380951532861, 0.00532701704651, -0.00250798743218, -0.000330240029143, 0.000495203130413, 0.00216781534255, -0.00465697795153, 0.00476429611444, -0.00246975850314, -0.000302910222672, -0.000592929543927], [0.000401414639782, -0.000408590422012, -0.00106927205343, -0.00250798743218, 0.0107265990227, -0.00227549602278, -0.000436650996562, 0.00057553651277, 0.00128154410049, -0.00524176470935, 0.00334100634791, -0.00156854139641, -0.00116764614359], [-0.00066263449844, 0.000717882707249, -0.000941973994486, -0.000330240029143, -0.00227549602278, 0.0138057554141, -0.00452608661726, 0.000473724328913, 0.00205916864797, 0.00194082374219, -0.00495269522071, 0.00288633909076, -0.000866039656103], [0.000311637559207, -0.000271014840109, 0.00252490676939, 0.000495203130413, -0.000436650996562, -0.00452608661726, 0.0117136891931, -0.00538035901263, 0.000622909050435, 0.000982977333479, 0.00193523336202, -0.00375605374575, 0.00211500632577], [-0.00101108313538, 0.00106401368976, -0.00372255826369, 0.00216781534255, 0.00057553651277, 0.000473724328913, -0.00538035901263, 0.016481295228, -0.0101455207914, 0.00219486118294, -0.00337922293693, 6.12986877968e-006, -0.00120327540208], [0.000757799192797, 1.48556327986e-005, 0.00230158097111, -0.00465697795153, 0.00128154410049, 0.00205916864797, 0.000622909050435, -0.0101455207914, 0.0237233862281, -0.0126129537821, 0.00431581400335, -0.00327431294136, 0.00240213260986], [-0.000727745646145, 0.000750262057409, -0.000180814735359, 0.00476429611444, -0.00524176470935, 0.00194082374219, 0.000982977333479, 0.00219486118294, -0.0126129537821, 0.0273605436087, -0.0146882366389, 0.00486437557265, -0.00214667245746], [0.000530187273398, -0.000203693416552, 0.000172168322024, -0.00246975850314, 0.00334100634791, -0.00495269522071, 0.00193523336202, -0.00337922293693, 0.00431581400335, -0.0146882366389, 0.0346383675933, -0.0185156036168, 0.00534780090675], [-0.000497853965499, 0.00116915337276, -2.56195708062e-005, -0.000302910222672, -0.00156854139641, 0.00288633909076, -0.00375605374575, 6.12986877968e-006, -0.00327431294136, 0.00486437557265, -0.0185156036168, 0.0332741476595, -0.0132491337135], [0.000361899437848, -0.000173702792381, -0.000524936185684, -0.000592929543927, -0.00116764614359, -0.000866039656103, 0.00211500632577, -0.00120327540208, 0.00240213260986, -0.00214667245746, 0.00534780090675, -0.0132491337135, 0.0259940605611]]
    sccoeffs:
        dmean: [0.0520748831332, 0.0438224822283, 0.0373600721359, 0.0289544500411, 0.0181642528623, 0.0169744919986]
        dmean2: [0.0861018821597, 0.073455825448, 0.0630582794547, 0.0490032806993, 0.0308146271855, 0.0272804033011]
        dvar: [0.00193696573842, 0.00125088216737, 0.000859316613059, 0.000520519097336, 0.000215607651626, 0.000224421237363]
        dvar2: [0.0052376864478, 0.00344234565273, 0.00241565029137, 0.0014247871004, 0.000593334785663, 0.000547905045096]
        max: [-0.34685960412, -0.531875908375, -0.460267037153, -0.558772623539, -0.606377243996, -0.538945198059]
        mean: [-0.648984611034, -0.777657568455, -0.780336797237, -0.783222556114, -0.8059643507, -0.727595210075]
        median: [-0.646811068058, -0.782327651978, -0.786867320538, -0.788748502731, -0.805998325348, -0.726160287857]
        min: [-0.970951914787, -0.983841955662, -0.981963336468, -0.980133414268, -0.979260623455, -0.962789654732]
        var: [0.00585231557488, 0.00371089437976, 0.00364671484567, 0.00256454781629, 0.00126078422181, 0.00331848906353]
    scvalleys:
        dmean: [0.393018066883, 0.337459802628, 0.275686621666, 0.224678084254, 0.193396598101, 0.236697897315]
        dmean2: [0.645228683949, 0.557275831699, 0.458387941122, 0.369496136904, 0.317877620459, 0.367728590965]
        dvar: [0.108282931149, 0.0861587971449, 0.062574647367, 0.0514699034393, 0.0581675358117, 0.0889630317688]
        dvar2: [0.272275090218, 0.199582025409, 0.136119827628, 0.104380212724, 0.11183822155, 0.187939852476]
        max: [-5.25530672073, -4.87134742737, -5.05171918869, -5.53214359283, -5.44110250473, -7.58273172379]
        mean: [-7.4615521431, -6.91758012772, -7.0150847435, -7.20090579987, -7.11368083954, -10.2173509598]
        median: [-6.98712921143, -6.63589096069, -6.70265769958, -6.72697591782, -6.32413959503, -9.25540924072]
        min: [-27.7113018036, -27.7935695648, -27.4086494446, -27.8335800171, -27.3666648865, -27.3242073059]
        var: [3.36114192009, 1.88807439804, 2.08034420013, 2.89594841003, 3.95848155022, 5.03480148315]

rhythm:
    beats_loudness:
        dmean: 0.00158355629537
        dmean2: 0.00277718924917
        dvar: 2.27198961511e-006
        dvar2: 7.00202144799e-006
        max: 0.0143037959933
        mean: 0.00525351567194
        median: 0.0058316802606
        min: 6.52881221308e-011
        var: 1.01911045931e-005
    bpm: 89.6370544434
    bpm_confidence: 0
    first_peak_bpm: 91
    first_peak_spread: 0.5
    first_peak_weight: 0.251700669527
    onset_rate: 1.9439201355
    second_peak_bpm: 178
    second_peak_spread: 0
    second_peak_weight: 0.195011332631
    beats_loudness_band_ratio:
        dmean: [0.08083268255, 0.137874945998, 0.0671000406146, 0.0933516398072, 0.112180665135, 0.0770590826869]
        dmean2: [0.140368312597, 0.253886848688, 0.115659177303, 0.161158517003, 0.194213211536, 0.137266233563]
        dvar: [0.00545012578368, 0.0143553772941, 0.00630078464746, 0.00781920365989, 0.00784064922482, 0.0045158425346]
        dvar2: [0.0156030207872, 0.0430557020009, 0.0157501213253, 0.0201767906547, 0.0228717289865, 0.0131920799613]
        max: [0.550904750824, 0.699561059475, 0.936176419258, 0.640278875828, 0.615621268749, 0.476207226515]
        mean: [0.157005608082, 0.156862080097, 0.1170604527, 0.158826440573, 0.256245166063, 0.198151901364]
        median: [0.140179425478, 0.102939620614, 0.0772750228643, 0.113195568323, 0.255148798227, 0.200420886278]
        min: [0, 0, 0, 0, 0, 0]
        var: [0.0115608768538, 0.0215909332037, 0.0145477438346, 0.0158715192229, 0.0142904510722, 0.0113195050508]
    beats_position: [0.371519267559, 0.754648506641, 1.13777780533, 1.53251695633, 1.92725622654, 2.28716540337, 2.63546490669, 2.97215414047, 3.29723358154, 3.63392281532, 3.97061228752, 4.3073015213, 4.6439909935, 4.98067998886, 5.31736946106, 5.66566896439, 6.04879808426, 6.44353723526, 6.83827638626, 7.22140598297, 7.61614513397, 8.01088428497, 8.40562343597, 8.80036258698, 9.18349170685, 9.56662082672, 9.96135997772, 10.3444900513, 10.6927890778, 11.0294780731, 11.3777770996, 11.7260770798, 12.0743761063, 12.4226751328, 12.7709751129, 13.1192741394, 13.4675731659, 13.8274831772, 14.1873922348, 14.5356912613, 14.8839902878, 15.2439002991, 15.6038093567, 15.9521083832, 16.3004074097, 16.6487064362, 16.99700737, 17.3453063965, 17.693605423, 18.0535144806, 18.4134235382, 18.7733325958, 19.1332416534, 19.4815406799, 19.8298416138, 20.1781406403, 20.5264396667, 20.8747386932, 21.2230377197, 21.5713367462, 21.9196376801, 22.2679367065, 22.616235733, 22.9645347595, 23.3012237549, 23.6379127502, 23.9629936218, 24.2880725861, 24.6247615814, 24.9614505768, 25.2981395721, 25.6348285675, 25.9599094391, 26.2965984344, 26.6332874298, 26.958366394, 27.2950553894, 27.620136261, 27.9568252563, 28.2935142517, 28.6302032471, 28.9668922424, 29.3035831451, 29.6286621094, 29.9653511047, 30.3020401001, 30.6271190643, 30.9638080597, 31.3004989624, 31.6255779266, 31.962266922, 32.2989578247, 32.6240348816, 32.960723877, 33.2974128723, 33.6341018677, 33.9707946777, 34.2958717346, 34.63256073, 34.9576416016, 35.2943305969, 35.6310195923, 35.9677085876, 36.2927894592, 36.6294784546, 36.96616745, 37.2912483215, 37.6279373169, 37.9646263123, 38.2897033691, 38.6263923645, 38.9630813599, 39.2997741699, 39.6248512268, 39.9615402222, 40.2866210938, 40.6233100891, 40.9599990845, 41.2966880798, 41.6333770752, 41.9700660706, 42.3067550659, 42.6318359375, 42.9569168091, 43.2936058044, 43.6302947998, 43.9669837952, 44.3036727905, 44.6287536621, 44.953830719, 45.2905197144, 45.6272087097, 45.9638977051, 46.3005905151, 46.625667572, 46.9623565674, 47.2990455627, 47.6241264343, 47.9608154297, 48.297504425, 48.6341934204, 48.9708824158, 49.2959632874, 49.6210403442, 49.9577331543, 50.2944221497, 50.631111145, 50.9678001404, 51.3044891357, 51.6411781311, 51.9662590027, 52.2913360596, 52.6280250549, 52.9647140503, 53.3014030457, 53.6264839172, 53.9631729126, 54.299861908, 54.6365509033, 54.9732398987, 55.3099327087, 55.6350097656, 55.9600906372, 56.2967796326, 56.6334686279, 56.9701576233, 57.2952384949, 57.6319274902, 57.9686164856, 58.305305481, 58.6419944763, 58.9786834717, 59.3037643433, 59.8029937744, 60.3022193909, 60.801448822, 61.3006782532, 61.7999076843, 62.310749054, 62.9725151062, 63.6458930969, 64.3076629639, 64.9694290161, 65.6428070068, 66.3045806885, 66.9663467407, 67.6397247314, 68.3131027222, 68.9748764038, 69.6366424561, 70.3100204468, 70.971786499, 71.6335601807, 72.3069381714, 72.9687042236, 73.6304779053, 74.303855896, 74.9772338867, 75.638999939, 76.3007659912, 76.9741516113, 77.6359176636, 78.3092956543, 78.9710617065, 79.6328353882, 80.3062133789, 80.9795913696, 81.6413574219, 82.3031311035, 82.9648971558, 83.626663208, 84.3000411987, 84.9618148804, 85.6351928711, 86.2969589233, 86.9587249756, 87.6321105957, 88.2938766479, 88.9672546387, 89.6290206909, 90.3023986816, 90.9641723633, 91.637550354, 92.2993164063, 92.972694397, 93.6460723877, 94.3194503784, 94.9812240601, 95.6429901123, 96.3047637939, 96.9665298462, 97.6282958984, 98.2900695801, 98.9634475708, 99.6368255615, 100.298591614, 100.960357666, 101.633743286, 102.307121277, 102.968887329, 103.630653381, 104.304031372, 104.965805054, 105.627571106, 106.300949097, 106.974327087, 107.636100769, 108.297866821, 108.971244812, 109.633010864, 110.294784546, 110.968162537, 111.629928589, 112.291702271, 112.965080261, 113.638458252, 114.311836243, 114.973602295, 115.635368347, 116.308753967, 116.97052002, 117.632286072, 118.305664063, 118.967437744, 119.629203796, 120.302581787, 120.975959778, 121.649337769, 122.31111145, 122.972877502, 123.646255493, 124.308021545, 124.969795227, 125.643173218, 126.30493927, 126.966712952, 127.640090942, 128.301864624, 128.963623047, 129.637008667, 130.29876709, 130.960540771, 131.633926392, 132.307296753, 132.969070435, 133.630844116, 134.304214478, 134.977600098, 135.639358521, 136.301132202, 136.974502563, 137.647888184, 138.309661865, 138.971420288, 139.644805908, 140.31817627, 140.979949951, 141.641723633, 142.315093994, 142.965255737, 143.638641357, 144.312011719, 144.985397339, 145.670379639, 146.355377197, 147.040359497, 147.736953735, 148.433563232, 149.118545532, 149.803527832, 150.488525391, 151.185119629, 151.881713867, 152.578323364, 153.263305664, 153.959899902, 154.633285522, 155.306671143, 155.968429565, 156.641815186, 157.315185547, 157.988571167, 158.650344849, 159.312103271, 159.985488892, 160.647247314, 161.309020996, 161.982406616, 162.644165039, 163.305938721, 163.979324341, 164.641082764, 165.302856445, 165.976226807, 166.649612427, 167.311386108, 167.973144531, 168.646530151, 169.308303833, 169.981674194, 170.643447876, 171.316818237, 171.990203857, 172.663574219, 173.348571777, 174.045166016, 174.730148315, 175.415145874, 176.100128174, 176.785125732, 177.470108032, 178.178314209, 178.886520386, 179.583129883, 180.279724121, 180.953109741, 181.626480103, 182.299865723, 182.973236084, 183.646621704, 184.308380127, 184.970153809, 185.643539429, 186.305297852, 186.967071533, 187.640457153, 188.302215576, 188.975601196, 189.637359619, 190.310745239, 190.984130859, 191.645889282, 192.307662964, 192.981033325, 193.654418945, 194.316192627, 194.97795105, 195.65133667, 196.301498413, 196.974868774, 197.648254395, 198.310012817, 198.971786499, 199.645172119, 200.31854248, 200.980316162, 201.642089844, 202.303848267, 202.977233887, 203.63899231, 204.31237793, 204.985748291, 205.659133911, 206.320907593, 206.982666016, 207.656051636, 208.317825317, 208.97958374, 209.65296936, 210.314727783, 210.976501465, 211.649887085, 212.323257446, 212.985031128, 213.64680481, 214.320175171, 214.981948853, 215.655319214, 216.317092896, 216.978866577, 217.652236938, 218.325622559, 219.022216797, 219.718811035, 220.264480591, 220.810150146, 221.355819702, 221.889877319, 222.423934937, 222.969604492, 223.515274048, 224.060943604, 224.618225098, 225.175506592, 225.732788086, 226.29006958, 226.847335815, 227.393005371, 227.938674927, 228.484344482, 229.030014038, 229.575683594, 230.121353149, 230.667022705, 231.224304199, 231.769973755, 232.362075806, 232.954193115, 233.546295166, 234.138412476, 234.730514526, 235.334228516]
