
metadata:
    version:
        essentia: "2.1-beta2"
    audio_properties:
        analysis_sample_rate: 44100
        bitrate: 320
        channels: 2
        equal_loudness: 1
        length: 307.408966064
        replay_gain: -13.8048915863
        downmix: "mix"
    tags:
        album: "Ghost Empire"
        artist: "Caliban"
        comment: "For QUALITY NEEDS Visit :
http://www.bubaneemusic2.com"
        date: "2014"
        genre: "Metalcore"
        title: "Good Man"
        tracknumber: "9/16"

configuration:
    average_loudness:
        compute: 1
        frameSize: 88200
        hopSize: 44100
        silentFrames: "noise"
        windowType: "hann"
    general:
        analysisSampleRate: 44100
        endTime: 2000
        equalLoudness: 1
        nequalLoudness: 0
        shortSound: 0
        startTime: 0
    lowlevel:
        compute: 1
        frameSize: 2048
        hopSize: 1024
        zeroPadding: 0
        silentFrames: "noise"
        windowType: "blackmanharris62"
        mfccStats: ["mean", "cov", "icov"]
        stats: ["mean", "var", "median", "min", "max", "dmean", "dmean2", "dvar", "dvar2"]
    panning:
        compute: 0
        frameSize: 8192
        hopSize: 2048
        zeroPadding: 8192
        silentFrames: "noise"
        windowType: "hann"
        stats: ["copy"]
    rhythm:
        compute: 1
        maxTempo: 208
        minTempo: 40
        method: "degara"
        stats: ["mean", "var", "median", "min", "max", "dmean", "dmean2", "dvar", "dvar2"]
    segmentation:
        compute: 0
        cpw: 5
        inc1: 300
        inc2: 50
        minimumSegmentsLength: 10
        size1: 1000
        size2: 600
    sfx:
        compute: 1
        stats: ["mean", "var", "median", "min", "max", "dmean", "dmean2", "dvar", "dvar2"]
    svm:
        compute: 0
    tonal:
        compute: 1
        frameSize: 4096
        hopSize: 2048
        zeroPadding: 0
        silentFrames: "noise"
        windowType: "blackmanharris62"
        stats: ["mean", "var", "median", "min", "max", "dmean", "dmean2", "dvar", "dvar2"]

lowlevel:
    average_loudness: 0.876128077507
    barkbands_kurtosis:
        dmean: 1.17414593697
        dmean2: 1.88841605186
        dvar: 9.60510540009
        dvar2: 21.1057071686
        max: 126.754455566
        mean: 0.825070202351
        median: -0.804520487785
        min: -1.9425791502
        var: 29.345741272
    barkbands_skewness:
        dmean: 0.413521319628
        dmean2: 0.663478970528
        dvar: 0.176191955805
        dvar2: 0.433559268713
        max: 9.34863471985
        mean: 0.200205788016
        median: -0.197321176529
        min: -3.47385835648
        var: 1.55173110962
    barkbands_spread:
        dmean: 5.18563270569
        dmean2: 8.42220211029
        dvar: 26.8682422638
        dvar2: 68.78074646
        max: 81.977355957
        mean: 30.9149456024
        median: 33.1369628906
        min: 0.390812307596
        var: 204.691314697
    dissonance:
        dmean: 0.0121293850243
        dmean2: 0.0206815768033
        dvar: 0.000206725657335
        dvar2: 0.000581347208936
        max: 0.500000059605
        mean: 0.475647717714
        median: 0.486048579216
        min: 0.273346871138
        var: 0.000793034792878
    hfc:
        dmean: 2.88945293427
        dmean2: 4.83924055099
        dvar: 19.6334571838
        dvar2: 53.092918396
        max: 50.594909668
        mean: 8.27690792084
        median: 8.28623485565
        min: 1.11949512372e-016
        var: 46.5163993835
    pitch:
        dmean: 801.396240234
        dmean2: 1512.20605469
        dvar: 1505848.75
        dvar2: 3860338
        max: 6707.2578125
        mean: 1254.04040527
        median: 352.748016357
        min: 65.4968948364
        var: 2129685.25
    pitch_instantaneous_confidence:
        dmean: 0.0642534792423
        dmean2: 0.106457337737
        dvar: 0.00322086107917
        dvar2: 0.00817911047488
        max: 0.967154741287
        mean: 0.350554913282
        median: 0.285554945469
        min: 0.100864887238
        var: 0.0310045666993
    pitch_salience:
        dmean: 0.0550598092377
        dmean2: 0.092354118824
        dvar: 0.00249944534153
        dvar2: 0.00673733651638
        max: 0.993826627731
        mean: 0.656132638454
        median: 0.683453679085
        min: 0.113630846143
        var: 0.0114082582295
    silence_rate_20dB:
        dmean: 0
        dmean2: 0
        dvar: 0
        dvar2: 0
        max: 1
        mean: 1
        median: 1
        min: 1
        var: 0
    silence_rate_30dB:
        dmean: 0
        dmean2: 0
        dvar: 0
        dvar2: 0
        max: 1
        mean: 1
        median: 1
        min: 1
        var: 0
    silence_rate_60dB:
        dmean: 0.0500037781894
        dmean2: 0.100015111268
        dvar: 0.047504644841
        dvar2: 0.105879791081
        max: 1
        mean: 0.359592139721
        median: 0
        min: 0
        var: 0.230288729072
    spectral_centroid:
        dmean: 263.107025146
        dmean2: 427.325469971
        dvar: 97492.765625
        dvar2: 248151.484375
        max: 11421.9541016
        mean: 1633.61425781
        median: 1815.41992188
        min: 226.418991089
        var: 633572.625
    spectral_complexity:
        dmean: 4.25137853622
        dmean2: 6.66550827026
        dvar: 23.0587215424
        dvar2: 54.5259666443
        max: 51
        mean: 17.4993209839
        median: 19
        min: 0
        var: 153.173049927
    spectral_crest:
        dmean: 1.75458705425
        dmean2: 2.95862317085
        dvar: 3.84077429771
        dvar2: 10.0645446777
        max: 25.8664855957
        mean: 7.05174064636
        median: 5.18561553955
        min: 2.18974232674
        var: 20.6475334167
    spectral_decrease:
        dmean: 2.69902877825e-010
        dmean2: 4.37112485097e-010
        dvar: 1.45141995814e-019
        dvar2: 3.63911208704e-019
        max: 9.00755147948e-029
        mean: -9.34421873211e-010
        median: -9.10785946662e-010
        min: -4.40943503932e-009
        var: 4.72782420333e-019
    spectral_energy:
        dmean: 0.0012434865348
        dmean2: 0.00201699510217
        dvar: 3.03607976093e-006
        dvar2: 7.64283959143e-006
        max: 0.0205925293267
        mean: 0.00427746819332
        median: 0.00421876832843
        min: 1.00992193509e-020
        var: 1.00224606285e-005
    spectral_energyband_high:
        dmean: 0.000279224070255
        dmean2: 0.000485139840748
        dvar: 2.05529289588e-007
        dvar2: 5.7189834024e-007
        max: 0.00482475105673
        mean: 0.000537894316949
        median: 0.000485781376483
        min: 7.44131598273e-021
        var: 2.7722794016e-007
    spectral_energyband_low:
        dmean: 0.000246706273174
        dmean2: 0.000423117133323
        dvar: 1.17159302704e-007
        dvar2: 3.29623190964e-007
        max: 0.00442634988576
        mean: 0.000515599502251
        median: 0.000481000868604
        min: 5.0413001807e-023
        var: 2.08525491985e-007
    spectral_energyband_middle_high:
        dmean: 0.000675032788422
        dmean2: 0.00108436169103
        dvar: 8.12722646515e-007
        dvar2: 2.10006351153e-006
        max: 0.0115260733292
        mean: 0.00229204562493
        median: 0.00212656473741
        min: 1.24370240168e-021
        var: 3.74800606551e-006
    spectral_energyband_middle_low:
        dmean: 0.000547005794942
        dmean2: 0.000912357238121
        dvar: 1.05847573195e-006
        dvar2: 2.82014798358e-006
        max: 0.0109958220273
        mean: 0.00106937997043
        median: 0.00081162515562
        min: 1.82470633437e-022
        var: 1.2678586927e-006
    spectral_flatness_db:
        dmean: 0.013760545291
        dmean2: 0.0221819449216
        dvar: 0.00018966056814
        dvar2: 0.000495362561196
        max: 0.481852144003
        mean: 0.151670157909
        median: 0.128120213747
        min: 0.0663242787123
        var: 0.00378467701375
    spectral_flux:
        dmean: 0.0068729845807
        dmean2: 0.0102502629161
        dvar: 6.88459695084e-005
        dvar2: 0.000130604370497
        max: 0.107884384692
        mean: 0.0374108068645
        median: 0.0406112261117
        min: 6.53956333529e-011
        var: 0.000463816395495
    spectral_kurtosis:
        dmean: 2.62271714211
        dmean2: 4.42682409286
        dvar: 44.2535438538
        dvar2: 120.742172241
        max: 126.848480225
        mean: 7.3309803009
        median: 3.0896832943
        min: -1.22750532627
        var: 180.761276245
    spectral_rms:
        dmean: 0.000262981571723
        dmean2: 0.000415520742536
        dvar: 9.83514496511e-008
        dvar2: 2.35716299812e-007
        max: 0.00448221713305
        mean: 0.00184330379125
        median: 0.00202876119874
        min: 3.13893247332e-012
        var: 7.75369301209e-007
    spectral_rolloff:
        dmean: 336.570373535
        dmean2: 561.568908691
        dvar: 202145.46875
        dvar2: 469471.28125
        max: 19099.9511719
        mean: 3012.7746582
        median: 3531.4453125
        min: 193.798828125
        var: 2036756.125
    spectral_skewness:
        dmean: 0.251107603312
        dmean2: 0.414848506451
        dvar: 0.148680731654
        dvar2: 0.408981502056
        max: 8.75237369537
        mean: 1.62561929226
        median: 1.26863455772
        min: -0.363145947456
        var: 1.1604039669
    spectral_spread:
        dmean: 414091.09375
        dmean2: 630861.25
        dvar: 444475572224
        dvar2: 804517969920
        max: 42142600
        mean: 4203782.5
        median: 4294714
        min: 605093.9375
        var: 2.93726899405e+012
    spectral_strongpeak:
        dmean: 0.268244355917
        dmean2: 0.478213697672
        dvar: 0.210156261921
        dvar2: 0.58282160759
        max: 8.46298027039
        mean: 0.330659002066
        median: 0.136566787958
        min: 2.16286613619e-010
        var: 0.229873493314
    zerocrossingrate:
        dmean: 0.00697881868109
        dmean2: 0.0088648237288
        dvar: 6.21101935394e-005
        dvar2: 8.19960550871e-005
        max: 0.5361328125
        mean: 0.0914693847299
        median: 0.10400390625
        min: 0.009765625
        var: 0.00152265431825
    barkbands:
        dmean: [9.44561463712e-007, 9.70137334662e-005, 0.000171226405655, 0.000147656101035, 0.000312200718326, 8.16550236777e-005, 8.99670776562e-005, 5.05755124323e-005, 9.06522327568e-005, 9.90101107163e-005, 6.85589620844e-005, 8.70218209457e-005, 9.50800458668e-005, 6.99618540239e-005, 6.86105049681e-005, 0.000125767634017, 0.000183675831067, 0.000175781737198, 0.000202405775781, 0.000172292086063, 0.000133411274874, 4.57899550383e-005, 8.64067624207e-006, 2.56999055637e-006, 9.33112460189e-007, 2.90483406218e-008, 2.67398464482e-010]
        dmean2: [1.29860802645e-006, 0.000161741467309, 0.000295615143841, 0.000254406826571, 0.000537441403139, 0.00013485350064, 0.00014771259157, 8.28806878417e-005, 0.000150057050632, 0.000163422751939, 0.000113690686703, 0.000142384364153, 0.0001540176454, 0.000114522052172, 0.000112882735266, 0.000209785081097, 0.000303474400425, 0.000296618614811, 0.000347184075508, 0.00029557547532, 0.000232456455706, 8.26005416457e-005, 1.50896712512e-005, 4.32232627645e-006, 1.50668813603e-006, 4.6803283027e-008, 4.42570008419e-010]
        dvar: [1.84549055725e-012, 2.06400745384e-008, 5.8589080254e-008, 5.46775602572e-008, 6.90390152158e-007, 2.10109725174e-008, 5.38463815758e-008, 1.12561027166e-008, 2.56466989867e-008, 4.22848600579e-008, 2.24571810037e-008, 2.96170927783e-008, 3.79516187365e-008, 2.08671036006e-008, 1.78654939731e-008, 3.65107482025e-008, 7.12664203206e-008, 6.34536263533e-008, 8.72798082696e-008, 6.36301393797e-008, 4.6634010431e-008, 6.52585674388e-009, 2.19517778954e-010, 2.44375804315e-011, 4.05721766947e-012, 5.18892849356e-015, 4.08165112982e-019]
        dvar2: [3.61816891552e-012, 5.31938759707e-008, 1.67449712762e-007, 1.47294230146e-007, 1.87675220786e-006, 5.52924177555e-008, 1.30398930764e-007, 2.82136163321e-008, 7.01590252561e-008, 1.15575424786e-007, 6.18767757032e-008, 7.76756365894e-008, 9.50336414007e-008, 5.38273390305e-008, 4.58967051031e-008, 9.62448254427e-008, 1.85441834333e-007, 1.72985537006e-007, 2.46093520673e-007, 1.7566777899e-007, 1.31090772015e-007, 1.84498105682e-008, 5.8194477015e-010, 6.08666242408e-011, 9.02311125123e-012, 1.1646503972e-014, 8.63064948296e-019]
        max: [9.69154098129e-006, 0.00121998088434, 0.003054224886, 0.00401134602726, 0.00830935686827, 0.00289998855442, 0.00508645968512, 0.00253710849211, 0.00301270210184, 0.00489331735298, 0.00408869516104, 0.0028816384729, 0.00420416379347, 0.00239836494438, 0.00275698141195, 0.00283723743632, 0.0043119462207, 0.00351199158467, 0.00425547827035, 0.00305488263257, 0.00297703268006, 0.00100893166382, 0.000273759069387, 8.93442484085e-005, 4.59104412585e-005, 2.07795892493e-006, 4.02987723191e-008]
        mean: [1.42837041039e-006, 0.000135420399602, 0.000282844499452, 0.000183081065188, 0.000336151133524, 0.000127256731503, 0.000121047698485, 8.10954661574e-005, 0.000157276648679, 0.00017316020967, 0.000116192859423, 0.00015133935085, 0.000164049779414, 0.000119270000141, 0.000136776725412, 0.00023160870478, 0.000337689270964, 0.000344944768585, 0.000412196590332, 0.000338181736879, 0.000245933217229, 6.15114113316e-005, 1.26749073388e-005, 4.52719905297e-006, 1.74856063495e-006, 5.65623494708e-008, 4.83837081511e-010]
        median: [2.26431367878e-007, 8.50117066875e-005, 0.000201369461138, 8.51782388054e-005, 0.000143928060425, 7.09217711119e-005, 5.76722814003e-005, 3.68306064047e-005, 7.52290361561e-005, 7.35645735404e-005, 4.05376813433e-005, 6.51782102068e-005, 5.24333736394e-005, 5.33111888217e-005, 8.28669581097e-005, 0.000170822604559, 0.000264756963588, 0.000295057485346, 0.000374965544324, 0.000305764435325, 0.000218904548092, 3.90859859181e-005, 7.21230799172e-006, 2.66131792159e-006, 9.78436219157e-007, 2.68794160263e-008, 1.78569797837e-010]
        min: [4.35672140179e-024, 1.45086019734e-023, 3.55756231188e-024, 2.33479241004e-024, 1.06800170312e-023, 1.33849216787e-023, 1.3900596897e-023, 1.39350653854e-023, 3.16049864156e-023, 3.74243186502e-023, 3.61153049521e-023, 3.51241233128e-023, 3.43546999403e-023, 5.96835437039e-023, 6.74105877318e-023, 1.16379021138e-022, 8.24489019144e-023, 1.54266483181e-022, 8.09031258152e-023, 2.48416615701e-022, 3.36116264153e-022, 3.48467932663e-022, 4.64136827525e-022, 6.00194911644e-022, 8.00782726579e-022, 1.562200259e-021, 2.01402505039e-021]
        var: [3.95126466268e-012, 2.5698486894e-008, 9.18725007182e-008, 7.39461611943e-008, 5.19075513239e-007, 3.18114494746e-008, 6.05105157092e-008, 2.02464107701e-008, 5.08984570047e-008, 8.55864144e-008, 5.2428674735e-008, 6.08460908325e-008, 8.70843237522e-008, 3.81938853877e-008, 4.07018170279e-008, 7.21811446169e-008, 1.34905491223e-007, 1.2286776041e-007, 1.50782582864e-007, 1.04137889423e-007, 6.06698904448e-008, 6.25069018767e-009, 3.27342014605e-010, 4.55150535317e-011, 8.71533314267e-012, 1.04436274014e-014, 7.91891691754e-019]
    frequency_bands:
        dmean: [9.44561463712e-007, 9.70137334662e-005, 0.000171226405655, 0.000147656101035, 0.000312200718326, 8.16550236777e-005, 8.99670776562e-005, 5.05755124323e-005, 9.06522327568e-005, 9.90101107163e-005, 6.85589620844e-005, 8.70218209457e-005, 9.50800458668e-005, 6.99618540239e-005, 6.86105049681e-005, 0.000125767634017, 0.000183675831067, 0.000175781737198, 0.000202405775781, 0.000172292086063, 0.000133411274874, 4.57899550383e-005, 8.64067624207e-006, 2.56999055637e-006, 9.33112460189e-007, 2.90483406218e-008, 2.67398464482e-010, 4.56342706678e-011]
        dmean2: [1.29860802645e-006, 0.000161741467309, 0.000295615143841, 0.000254406826571, 0.000537441403139, 0.00013485350064, 0.00014771259157, 8.28806878417e-005, 0.000150057050632, 0.000163422751939, 0.000113690686703, 0.000142384364153, 0.0001540176454, 0.000114522052172, 0.000112882735266, 0.000209785081097, 0.000303474400425, 0.000296618614811, 0.000347184075508, 0.00029557547532, 0.000232456455706, 8.26005416457e-005, 1.50896712512e-005, 4.32232627645e-006, 1.50668813603e-006, 4.6803283027e-008, 4.42570008419e-010, 8.43088862612e-011]
        dvar: [1.84549055725e-012, 2.06400745384e-008, 5.8589080254e-008, 5.46775602572e-008, 6.90390152158e-007, 2.10109725174e-008, 5.38463815758e-008, 1.12561027166e-008, 2.56466989867e-008, 4.22848600579e-008, 2.24571810037e-008, 2.96170927783e-008, 3.79516187365e-008, 2.08671036006e-008, 1.78654939731e-008, 3.65107482025e-008, 7.12664203206e-008, 6.34536263533e-008, 8.72798082696e-008, 6.36301393797e-008, 4.6634010431e-008, 6.52585674388e-009, 2.19517778954e-010, 2.44375804315e-011, 4.05721766947e-012, 5.18892849356e-015, 4.08165112982e-019, 5.15264414881e-021]
        dvar2: [3.61816891552e-012, 5.31938759707e-008, 1.67449712762e-007, 1.47294230146e-007, 1.87675220786e-006, 5.52924177555e-008, 1.30398930764e-007, 2.82136163321e-008, 7.01590252561e-008, 1.15575424786e-007, 6.18767757032e-008, 7.76756365894e-008, 9.50336414007e-008, 5.38273390305e-008, 4.58967051031e-008, 9.62448254427e-008, 1.85441834333e-007, 1.72985537006e-007, 2.46093520673e-007, 1.7566777899e-007, 1.31090772015e-007, 1.84498105682e-008, 5.8194477015e-010, 6.08666242408e-011, 9.02311125123e-012, 1.1646503972e-014, 8.63064948296e-019, 1.63729480886e-020]
        max: [9.69154098129e-006, 0.00121998088434, 0.003054224886, 0.00401134602726, 0.00830935686827, 0.00289998855442, 0.00508645968512, 0.00253710849211, 0.00301270210184, 0.00489331735298, 0.00408869516104, 0.0028816384729, 0.00420416379347, 0.00239836494438, 0.00275698141195, 0.00283723743632, 0.0043119462207, 0.00351199158467, 0.00425547827035, 0.00305488263257, 0.00297703268006, 0.00100893166382, 0.000273759069387, 8.93442484085e-005, 4.59104412585e-005, 2.07795892493e-006, 4.02987723191e-008, 7.6300060714e-010]
        mean: [1.42837041039e-006, 0.000135420399602, 0.000282844499452, 0.000183081065188, 0.000336151133524, 0.000127256731503, 0.000121047698485, 8.10954661574e-005, 0.000157276648679, 0.00017316020967, 0.000116192859423, 0.00015133935085, 0.000164049779414, 0.000119270000141, 0.000136776725412, 0.00023160870478, 0.000337689270964, 0.000344944768585, 0.000412196590332, 0.000338181736879, 0.000245933217229, 6.15114113316e-005, 1.26749073388e-005, 4.52719905297e-006, 1.74856063495e-006, 5.65623494708e-008, 4.83837081511e-010, 3.61495069989e-011]
        median: [2.26431367878e-007, 8.50117066875e-005, 0.000201369461138, 8.51782388054e-005, 0.000143928060425, 7.09217711119e-005, 5.76722814003e-005, 3.68306064047e-005, 7.52290361561e-005, 7.35645735404e-005, 4.05376813433e-005, 6.51782102068e-005, 5.24333736394e-005, 5.33111888217e-005, 8.28669581097e-005, 0.000170822604559, 0.000264756963588, 0.000295057485346, 0.000374965544324, 0.000305764435325, 0.000218904548092, 3.90859859181e-005, 7.21230799172e-006, 2.66131792159e-006, 9.78436219157e-007, 2.68794160263e-008, 1.78569797837e-010, 9.93125200133e-012]
        min: [4.35672140179e-024, 1.45086019734e-023, 3.55756231188e-024, 2.33479241004e-024, 1.06800170312e-023, 1.33849216787e-023, 1.3900596897e-023, 1.39350653854e-023, 3.16049864156e-023, 3.74243186502e-023, 3.61153049521e-023, 3.51241233128e-023, 3.43546999403e-023, 5.96835437039e-023, 6.74105877318e-023, 1.16379021138e-022, 8.24489019144e-023, 1.54266483181e-022, 8.09031258152e-023, 2.48416615701e-022, 3.36116264153e-022, 3.48467932663e-022, 4.64136827525e-022, 6.00194911644e-022, 8.00782726579e-022, 1.562200259e-021, 2.01402505039e-021, 4.9424389961e-022]
        var: [3.95126466268e-012, 2.5698486894e-008, 9.18725007182e-008, 7.39461611943e-008, 5.19075513239e-007, 3.18114494746e-008, 6.05105157092e-008, 2.02464107701e-008, 5.08984570047e-008, 8.55864144e-008, 5.2428674735e-008, 6.08460908325e-008, 8.70843237522e-008, 3.81938853877e-008, 4.07018170279e-008, 7.21811446169e-008, 1.34905491223e-007, 1.2286776041e-007, 1.50782582864e-007, 1.04137889423e-007, 6.06698904448e-008, 6.25069018767e-009, 3.27342014605e-010, 4.55150535317e-011, 8.71533314267e-012, 1.04436274014e-014, 7.91891691754e-019, 4.18375069522e-021]
    mfcc:
        mean: [-733.103637695, 105.007354736, -41.463344574, 45.6554298401, -9.88171100616, 2.94159674644, 1.75473642349, -0.17414341867, 1.78389620781, -4.93179559708, -5.15487241745, -1.8828843832, -4.64485359192]
        cov: [[13349.0332031, -1571.36853027, -2346.43432617, 1944.25512695, -642.906799316, 389.480560303, 637.712158203, 625.772399902, 445.807678223, 180.275039673, 78.104057312, 352.311401367, 70.4053039551], [-1571.36853027, 1171.83398438, 280.617279053, -359.638031006, 90.2889785767, -80.6858139038, -106.334655762, -120.103988647, -56.1716651917, -42.6746063232, -20.3449821472, -98.3206253052, -44.8131484985], [-2346.43432617, 280.617279053, 745.260803223, -379.465026855, 177.086517334, -71.9031219482, -139.110031128, -100.248260498, -116.883270264, -47.4348220825, -34.3294372559, -86.5174484253, -20.1405677795], [1944.25512695, -359.638031006, -379.465026855, 671.168151855, -63.1023521423, 73.7230300903, 127.065849304, 90.2332992554, 100.798027039, 17.570230484, 21.5108528137, 75.6734619141, 31.6322994232], [-642.906799316, 90.2889785767, 177.086517334, -63.1023521423, 174.096817017, 11.6834096909, -32.1882591248, -31.1660633087, -14.5097513199, 6.96634483337, -9.22098255157, -21.8255577087, -5.12935638428], [389.480560303, -80.6858139038, -71.9031219482, 73.7230300903, 11.6834096909, 102.154464722, 64.0882034302, 33.2983665466, 15.9785366058, 15.0969114304, 13.6536064148, 16.7040081024, 5.25368595123], [637.712158203, -106.334655762, -139.110031128, 127.065849304, -32.1882591248, 64.0882034302, 186.310958862, 92.2919006348, 32.8504905701, 0.692079484463, 16.0325374603, 40.9370498657, 8.98175525665], [625.772399902, -120.103988647, -100.248260498, 90.2332992554, -31.1660633087, 33.2983665466, 92.2919006348, 124.102027893, 51.2113990784, 15.4947366714, 5.23443746567, 27.8622932434, 11.5672464371], [445.807678223, -56.1716651917, -116.883270264, 100.798027039, -14.5097513199, 15.9785366058, 32.8504905701, 51.2113990784, 101.712989807, 46.0227279663, 11.9212598801, 17.8423862457, 2.21984004974], [180.275039673, -42.6746063232, -47.4348220825, 17.570230484, 6.96634483337, 15.0969114304, 0.692079484463, 15.4947366714, 46.0227279663, 81.1955032349, 29.9818820953, 6.51616811752, 1.12739729881], [78.104057312, -20.3449821472, -34.3294372559, 21.5108528137, -9.22098255157, 13.6536064148, 16.0325374603, 5.23443746567, 11.9212598801, 29.9818820953, 62.2056503296, 34.3713760376, 8.70321655273], [352.311401367, -98.3206253052, -86.5174484253, 75.6734619141, -21.8255577087, 16.7040081024, 40.9370498657, 27.8622932434, 17.8423862457, 6.51616811752, 34.3713760376, 83.1822891235, 35.8997573853], [70.4053039551, -44.8131484985, -20.1405677795, 31.6322994232, -5.12935638428, 5.25368595123, 8.98175525665, 11.5672464371, 2.21984004974, 1.12739729881, 8.70321655273, 35.8997573853, 63.2564735413]]
        icov: [[0.000267331517534, 1.1102472854e-005, 0.000493141298648, -0.000406453706091, 0.000304248271277, -0.000326515553752, 0.000209819307202, -0.000711881031748, 0.000370378693333, -0.000403643731261, 0.000470960192615, -0.000349601061316, 0.000350569142029], [1.1102472854e-005, 0.00120304885786, 6.69689179631e-005, 0.000505423755385, -0.000430871907156, 0.000487697252538, -0.000308366958052, 0.000770704355091, -0.000797669636086, 0.00102680758573, -0.000887303613126, 0.00116511702072, -9.35506977839e-005], [0.000493141298648, 6.69689179631e-005, 0.00387625442818, 0.000203250834602, -0.00200666976161, 0.000471322797239, 0.000982112716883, -0.00191867898684, 0.00209192000329, 0.000390101398807, -0.000129507039674, 0.000927313813008, 5.18348970218e-005], [-0.000406453706091, 0.000505423755385, 0.000203250834602, 0.00325607857667, -0.0010125823319, 0.000110676519398, -0.00087268918287, 0.0014869151637, -0.00246866210364, 0.0021521251183, -0.00109657621942, 0.000487452984089, -0.00106986833271], [0.000304248271277, -0.000430871907156, -0.00200666976161, -0.0010125823319, 0.00929299276322, -0.00345679814927, 0.000436825299403, 0.000730917381588, -0.000280882610241, -0.00294430879876, 0.00286175170913, -0.00141619122587, 0.00054085633019], [-0.000326515553752, 0.000487697252538, 0.000471322797239, 0.000110676519398, -0.00345679814927, 0.0148723255843, -0.00459964899346, 0.000471597508295, 0.00105740944855, -0.00115190271754, -0.00233741896227, 0.0017498601228, -0.000833077181596], [0.000209819307202, -0.000308366958052, 0.000982112716883, -0.00087268918287, 0.000436825299403, -0.00459964899346, 0.0114482687786, -0.00750288972631, 0.00132736726664, 0.00205290527083, -0.000959163066, -0.00237023597583, 0.00185498595238], [-0.000711881031748, 0.000770704355091, -0.00191867898684, 0.0014869151637, 0.000730917381588, 0.000471597508295, -0.00750288972631, 0.0185034461319, -0.00744239008054, 0.00069429341238, 0.00126116035972, 0.000207475066418, -0.00235674716532], [0.000370378693333, -0.000797669636086, 0.00209192000329, -0.00246866210364, -0.000280882610241, 0.00105740944855, 0.00132736726664, -0.00744239008054, 0.0208402127028, -0.0113404775038, 0.00399020966142, -0.00285844411701, 0.00252910237759], [-0.000403643731261, 0.00102680758573, 0.000390101398807, 0.0021521251183, -0.00294430879876, -0.00115190271754, 0.00205290527083, 0.00069429341238, -0.0113404775038, 0.0247762221843, -0.0136024467647, 0.00669583491981, -0.00230900477618], [0.000470960192615, -0.000887303613126, -0.000129507039674, -0.00109657621942, 0.00286175170913, -0.00233741896227, -0.000959163066, 0.00126116035972, 0.00399020966142, -0.0136024467647, 0.0300162117928, -0.0148732662201, 0.00409966800362], [-0.000349601061316, 0.00116511702072, 0.000927313813008, 0.000487452984089, -0.00141619122587, 0.0017498601228, -0.00237023597583, 0.000207475066418, -0.00285844411701, 0.00669583491981, -0.0148732662201, 0.027244059369, -0.0121299549937], [0.000350569142029, -9.35506977839e-005, 5.18348970218e-005, -0.00106986833271, 0.00054085633019, -0.000833077181596, 0.00185498595238, -0.00235674716532, 0.00252910237759, -0.00230900477618, 0.00409966800362, -0.0121299549937, 0.0224567409605]]
    sccoeffs:
        dmean: [0.053931478411, 0.0443967320025, 0.0342525243759, 0.0277014207095, 0.017826218158, 0.0184328742325]
        dmean2: [0.0893090739846, 0.0747407823801, 0.0573900081217, 0.0465928763151, 0.0300587639213, 0.0288965404034]
        dvar: [0.00203890819103, 0.00133874686435, 0.000739869021345, 0.000484935444547, 0.000201474365895, 0.000251255463809]
        dvar2: [0.00559336878359, 0.00367212481797, 0.002095292788, 0.0013530717697, 0.000555550563149, 0.000585080357268]
        max: [-0.324503809214, -0.492726802826, -0.573711514473, -0.619461774826, -0.652169048786, -0.570906579494]
        mean: [-0.668943166733, -0.768970489502, -0.793244183064, -0.794465661049, -0.810253083706, -0.749620676041]
        median: [-0.673437297344, -0.777700781822, -0.796385765076, -0.798279523849, -0.810943424702, -0.741628527641]
        min: [-0.979581296444, -0.993980169296, -0.987877428532, -0.984072744846, -0.983291089535, -0.962928414345]
        var: [0.00564181851223, 0.00411903159693, 0.00248622754589, 0.00174230558332, 0.000804104260169, 0.00261948653497]
    scvalleys:
        dmean: [0.378662973642, 0.342693835497, 0.280527949333, 0.240347087383, 0.228721186519, 0.303595483303]
        dmean2: [0.622613251209, 0.5651730299, 0.45038625598, 0.38453695178, 0.356931865215, 0.471834421158]
        dvar: [0.11502096802, 0.090916454792, 0.0659349039197, 0.0577002689242, 0.0644714385271, 0.138015031815]
        dvar2: [0.271511495113, 0.212909922004, 0.140637204051, 0.113634340465, 0.129117533565, 0.314980357885]
        max: [-5.13448905945, -4.87089443207, -4.92413043976, -5.47644901276, -5.33642482758, -7.64120197296]
        mean: [-6.98337268829, -6.95424604416, -7.11997127533, -7.40150928497, -7.4202837944, -10.1928367615]
        median: [-6.64992332458, -6.6726937294, -6.73068666458, -6.84772443771, -6.46539211273, -9.38734054565]
        min: [-27.9546031952, -27.8760509491, -27.5787143707, -27.5988750458, -27.3275947571, -27.3656520844]
        var: [1.9237947464, 1.5708527565, 2.18603563309, 2.42391204834, 4.03219556808, 4.05482244492]

rhythm:
    beats_loudness:
        dmean: 0.00168089393992
        dmean2: 0.00300406175666
        dvar: 2.74266562883e-006
        dvar2: 8.75379737408e-006
        max: 0.0125778885558
        mean: 0.00470893736929
        median: 0.004818524234
        min: 1.79596337802e-010
        var: 9.6261373983e-006
    bpm: 106.515457153
    bpm_confidence: 0
    first_peak_bpm: 108
    first_peak_spread: 0.485887080431
    first_peak_weight: 0.46875
    onset_rate: 3.25950145721
    second_peak_bpm: 103
    second_peak_spread: 0.474999964237
    second_peak_weight: 0.0386029407382
    beats_loudness_band_ratio:
        dmean: [0.0901867598295, 0.138845920563, 0.0787253975868, 0.0865980535746, 0.0890482291579, 0.064809769392]
        dmean2: [0.150243759155, 0.25600618124, 0.134508088231, 0.148167148232, 0.155778750777, 0.115985222161]
        dvar: [0.0063929031603, 0.0183422844857, 0.00880511850119, 0.00789027567953, 0.00693475175649, 0.00543311843649]
        dvar2: [0.0181245524436, 0.0523096211255, 0.0238617099822, 0.0216992609203, 0.0200299639255, 0.0158662814647]
        max: [0.715587794781, 0.926779687405, 0.965879380703, 0.585114002228, 0.663365423679, 0.703773200512]
        mean: [0.189286246896, 0.221132352948, 0.129373863339, 0.131492808461, 0.2193710953, 0.167573854327]
        median: [0.181426718831, 0.113979272544, 0.0918148159981, 0.0909400731325, 0.227272689342, 0.178679540753]
        min: [0.000268223520834, 0.00155122228898, 0.0114635238424, 0.00597534282133, 0.00130633462686, 0.000140403106343]
        var: [0.010894251056, 0.0566122531891, 0.0148108070716, 0.011282319203, 0.0167810115963, 0.0122950281948]
    beats_position: [0.580498874187, 1.17260766029, 1.764716506, 2.34521532059, 2.91410422325, 3.48299312592, 4.06349182129, 4.6439909935, 5.23609972, 5.8282084465, 6.40870714188, 6.98920631409, 7.58131504059, 8.16181373596, 8.73070240021, 9.29959201813, 9.86848068237, 10.4257593155, 10.9830379486, 11.5403175354, 12.0975961685, 12.6664848328, 13.2237634659, 13.7810430527, 14.3499317169, 14.9188203812, 15.4877090454, 16.0449886322, 16.602268219, 17.1711559296, 17.7400455475, 18.3089332581, 18.8662128448, 19.4351024628, 19.9923801422, 20.549659729, 21.1069393158, 21.6758270264, 22.2331066132, 22.8019943237, 23.3708839417, 23.9397735596, 24.497051239, 25.0543308258, 25.6116104126, 26.1804981232, 26.7493877411, 27.3066654205, 27.8755550385, 28.4444446564, 29.0017223358, 29.5590019226, 30.1162815094, 30.6735591888, 31.2308387756, 31.7997264862, 32.3686180115, 32.9258956909, 33.4831733704, 34.0520629883, 34.6093406677, 35.1666221619, 35.7355079651, 36.2927894592, 36.8616790771, 37.4305648804, 37.9878463745, 38.5567321777, 39.1256217957, 39.6829032898, 40.2401809692, 40.7974586487, 41.3663482666, 41.923625946, 42.4809074402, 43.0497932434, 43.6070747375, 44.1759643555, 44.7448501587, 45.3137397766, 45.8826293945, 46.439907074, 46.9971885681, 47.5660743713, 48.1349639893, 48.7038536072, 49.2843513489, 49.8648529053, 50.4337387085, 51.0142402649, 51.5947380066, 52.1752357483, 52.7441253662, 53.3130149841, 53.8935127258, 54.4624023438, 55.0312919617, 55.6001815796, 56.157459259, 56.726348877, 57.2836265564, 57.8409042358, 58.4097938538, 58.9786834717, 59.5475730896, 60.1164627075, 60.673740387, 61.2310180664, 61.7882995605, 62.3571853638, 62.9144668579, 63.4833564758, 64.0406341553, 64.5979156494, 65.1668014526, 65.7356872559, 66.29296875, 66.8502502441, 67.4075241089, 67.9764175415, 68.5336914063, 69.1025848389, 69.659866333, 70.2171401978, 70.7860336304, 71.3549194336, 71.9122009277, 72.481086731, 73.0499725342, 73.6072540283, 74.1761474609, 74.7450332642, 75.3023147583, 75.859588623, 76.4168701172, 76.9741516113, 77.5314254761, 78.0887069702, 78.6575927734, 79.2264862061, 79.7837600708, 80.3526535034, 80.9099273682, 81.4788208008, 82.047706604, 82.6166000366, 83.1738739014, 83.742767334, 84.3000411987, 84.8689346313, 85.4262084961, 85.9834899902, 86.5523757935, 87.1212692261, 87.6785507202, 88.235824585, 88.7931060791, 89.3619918823, 89.9308853149, 90.4881591797, 91.0454406738, 91.6143264771, 92.1832199097, 92.7404937744, 93.2977752686, 93.8550567627, 94.4123306274, 94.9812240601, 95.5501098633, 96.1073913574, 96.6646728516, 97.2335586548, 97.802444458, 98.3597259521, 98.9170074463, 99.4858932495, 100.054779053, 100.612060547, 101.169342041, 101.738227844, 102.295509338, 102.864395142, 103.421676636, 103.97895813, 104.536231995, 105.105125427, 105.67401123, 106.231292725, 106.788566589, 107.357460022, 107.926345825, 108.483627319, 109.040908813, 109.609794617, 110.17868042, 110.735961914, 111.293243408, 111.862129211, 112.431015015, 112.988296509, 113.545578003, 114.102851868, 114.6717453, 115.240631104, 115.797912598, 116.355194092, 116.924079895, 117.492965698, 118.050247192, 118.607528687, 119.17641449, 119.745300293, 120.302581787, 120.859863281, 121.417137146, 121.986030579, 122.543312073, 123.112197876, 123.66947937, 124.226753235, 124.795646667, 125.364532471, 125.921813965, 126.490699768, 127.059593201, 127.628479004, 128.220581055, 128.812698364, 129.404800415, 129.996917725, 130.589019775, 131.169525146, 131.726806641, 132.284072876, 132.84135437, 133.410247803, 133.979141235, 134.548019409, 135.116912842, 135.674194336, 136.243087769, 136.800354004, 137.369247437, 137.926528931, 138.483810425, 139.052688599, 139.609970093, 140.178863525, 140.73614502, 141.293426514, 141.862304688, 142.419586182, 142.988479614, 143.545761108, 144.103042603, 144.671920776, 145.240814209, 145.798095703, 146.366973877, 146.93586731, 147.493148804, 148.050430298, 148.607711792, 149.176589966, 149.745483398, 150.302764893, 150.860046387, 151.417327881, 151.986206055, 152.555099487, 153.112380981, 153.669662476, 154.238540649, 154.807434082, 155.364715576, 155.92199707, 156.490875244, 157.059768677, 157.617050171, 158.174331665, 158.743209839, 159.312103271, 159.869384766, 160.42666626, 160.983947754, 161.541213989, 162.110107422, 162.679000854, 163.236282349, 163.805160522, 164.374053955, 164.931335449, 165.488616943, 166.045898438, 166.603164673, 167.172058105, 167.740951538, 168.298233032, 168.867111206, 169.4243927, 169.993286133, 170.550567627, 171.107849121, 171.676727295, 172.245620728, 172.802902222, 173.371795654, 173.940673828, 174.497955322, 175.055236816, 175.612518311, 176.169799805, 176.738677979, 177.295959473, 177.864852905, 178.422134399, 178.979400635, 179.536682129, 180.105575562, 180.674468994, 181.243347168, 181.800628662, 182.369522095, 182.926803589, 183.484085083, 184.041351318, 184.610244751, 185.167526245, 185.736419678, 186.293685913, 186.850967407, 187.41986084, 187.988754272, 188.557632446, 189.126525879, 189.683807373, 190.241088867, 190.798370361, 191.355636597, 191.924530029, 192.493423462, 193.050704956, 193.607971191, 194.165252686, 194.734146118, 195.291427612, 195.860321045, 196.429199219, 196.998092651, 197.555374146, 198.11265564, 198.681533813, 199.250427246, 199.80770874, 200.364990234, 200.92225647, 201.479537964, 202.036819458, 202.605712891, 203.174606323, 203.731872559, 204.300765991, 204.869659424, 205.426940918, 205.995819092, 206.553100586, 207.121994019, 207.679275513, 208.236557007, 208.793823242, 209.374328613, 209.931610107, 210.488891602, 211.057769775, 211.61505127, 212.183944702, 212.741226196, 213.298492432, 213.855773926, 214.424667358, 214.993560791, 215.550842285, 216.108108521, 216.677001953, 217.245895386, 217.80317688, 218.372055054, 218.929336548, 219.49822998, 220.055511475, 220.61277771, 221.181671143, 221.750564575, 222.307846069, 222.865127563, 223.422393799, 223.991287231, 224.560180664, 225.117462158, 225.674728394, 226.232009888, 226.80090332, 227.369796753, 227.927078247, 228.484344482, 229.053237915, 229.610519409, 230.179412842, 230.736679077, 231.30557251, 231.874465942, 232.431747437, 232.989013672, 233.557907104, 234.126800537, 234.684082031, 235.241363525, 235.798629761, 236.355911255, 236.924804688, 237.49369812, 238.074188232, 238.666305542, 239.258407593, 239.838912964, 240.431015015, 241.023132324, 241.603622437, 242.172515869, 242.741394043, 243.310287476, 243.879180908, 244.436462402, 244.993743896, 245.551010132, 246.108291626, 246.66557312, 247.234466553, 247.803344727, 248.372238159, 248.941131592, 249.498413086, 250.05569458, 250.612960815, 251.181854248, 251.750747681, 252.308029175, 252.86529541, 253.434188843, 253.991470337, 254.56036377, 255.117630005, 255.686523438, 256.255401611, 256.812683105, 257.3699646, 257.927246094, 258.484527588, 259.041809082, 259.610687256, 260.179595947, 260.748474121, 261.317352295, 261.874633789, 262.431915283, 262.989196777, 263.546478271, 264.115356445, 264.684265137, 265.253143311, 265.810424805, 266.367706299, 266.936584473, 267.493865967, 268.051147461, 268.608428955, 269.177307129, 269.734588623, 270.291870117, 270.860778809, 271.418029785, 271.986938477, 272.55581665, 273.124725342, 273.693603516, 274.25088501, 274.808166504, 275.365447998, 275.934326172, 276.503204346, 277.06048584, 277.617767334, 278.175048828, 278.743927002, 279.312835693, 279.881713867, 280.450592041, 281.007873535, 281.576782227, 282.134063721, 282.702941895, 283.271820068, 283.852325439, 284.44442749, 285.036560059, 285.628662109, 286.22076416, 286.789642334, 287.370147705, 287.939056396, 288.50793457, 289.076812744, 289.645721436, 290.20300293, 290.760253906, 291.3175354, 291.874816895, 292.432098389, 293.00100708, 293.569885254, 294.127166748, 294.696044922, 295.253326416, 295.82220459, 296.379486084, 296.948394775, 297.517272949, 298.086151123, 298.666656494, 299.258758545, 299.839263916, 300.39654541, 300.953826904, 301.499481201, 302.033569336, 302.567626953, 303.10168457, 303.54284668, 303.995635986, 304.448425293, 304.9012146, 305.354003906, 305.806793213, 306.25958252, 306.723999023]
