
metadata:
    version:
        essentia: "2.1-beta2"
    audio_properties:
        analysis_sample_rate: 44100
        bitrate: 320
        channels: 2
        equal_loudness: 1
        length: 261.172241211
        replay_gain: -13.75806427
        downmix: "mix"
    tags:
        album: "Ghost Empire"
        artist: "Caliban"
        comment: "For QUALITY NEEDS Visit :
http://www.bubaneemusic2.com"
        date: "2014"
        genre: "Metalcore"
        title: "I Am Rebellion"
        tracknumber: "10/16"

configuration:
    average_loudness:
        compute: 1
        frameSize: 88200
        hopSize: 44100
        silentFrames: "noise"
        windowType: "hann"
    general:
        analysisSampleRate: 44100
        endTime: 2000
        equalLoudness: 1
        nequalLoudness: 0
        shortSound: 0
        startTime: 0
    lowlevel:
        compute: 1
        frameSize: 2048
        hopSize: 1024
        zeroPadding: 0
        silentFrames: "noise"
        windowType: "blackmanharris62"
        mfccStats: ["mean", "cov", "icov"]
        stats: ["mean", "var", "median", "min", "max", "dmean", "dmean2", "dvar", "dvar2"]
    panning:
        compute: 0
        frameSize: 8192
        hopSize: 2048
        zeroPadding: 8192
        silentFrames: "noise"
        windowType: "hann"
        stats: ["copy"]
    rhythm:
        compute: 1
        maxTempo: 208
        minTempo: 40
        method: "degara"
        stats: ["mean", "var", "median", "min", "max", "dmean", "dmean2", "dvar", "dvar2"]
    segmentation:
        compute: 0
        cpw: 5
        inc1: 300
        inc2: 50
        minimumSegmentsLength: 10
        size1: 1000
        size2: 600
    sfx:
        compute: 1
        stats: ["mean", "var", "median", "min", "max", "dmean", "dmean2", "dvar", "dvar2"]
    svm:
        compute: 0
    tonal:
        compute: 1
        frameSize: 4096
        hopSize: 2048
        zeroPadding: 0
        silentFrames: "noise"
        windowType: "blackmanharris62"
        stats: ["mean", "var", "median", "min", "max", "dmean", "dmean2", "dvar", "dvar2"]

lowlevel:
    average_loudness: 0.8781452775
    barkbands_kurtosis:
        dmean: 0.817672908306
        dmean2: 1.29177689552
        dvar: 3.72519659996
        dvar2: 8.45164489746
        max: 274.661254883
        mean: 1.84926772118
        median: -0.779387295246
        min: -1.83227157593
        var: 190.225234985
    barkbands_skewness:
        dmean: 0.321248203516
        dmean2: 0.527931511402
        dvar: 0.108397483826
        dvar2: 0.299958825111
        max: 13.131652832
        mean: 0.224264577031
        median: -0.121686801314
        min: -2.5075571537
        var: 1.4316021204
    barkbands_spread:
        dmean: 4.26579332352
        dmean2: 6.86158514023
        dvar: 20.58244133
        dvar2: 53.5679016113
        max: 62.3007011414
        mean: 29.4327697754
        median: 30.9698448181
        min: 0.237876981497
        var: 168.909988403
    dissonance:
        dmean: 0.0141451945528
        dmean2: 0.0242993663996
        dvar: 0.000333993841195
        dvar2: 0.000893691612873
        max: 0.5
        mean: 0.472294747829
        median: 0.483432203531
        min: 0.209587946534
        var: 0.00115183298476
    hfc:
        dmean: 1.96923136711
        dmean2: 3.32341647148
        dvar: 9.10206890106
        dvar2: 25.2383499146
        max: 41.4894447327
        mean: 8.12903118134
        median: 8.05213546753
        min: 1.06434527175e-016
        var: 39.7949829102
    pitch:
        dmean: 682.245910645
        dmean2: 1295.99951172
        dvar: 1303864.5
        dvar2: 3451196.75
        max: 4304.49658203
        mean: 849.601806641
        median: 332.260131836
        min: 43.3297576904
        var: 1383309.5
    pitch_instantaneous_confidence:
        dmean: 0.0620050281286
        dmean2: 0.102211415768
        dvar: 0.00313632958569
        dvar2: 0.00816849805415
        max: 0.977683961391
        mean: 0.361394286156
        median: 0.300839543343
        min: 0.105161488056
        var: 0.0310067608953
    pitch_salience:
        dmean: 0.0488436371088
        dmean2: 0.082611374557
        dvar: 0.00215998454951
        dvar2: 0.00625678058714
        max: 0.989316523075
        mean: 0.599506437778
        median: 0.638559639454
        min: 0.0641929507256
        var: 0.017181981355
    silence_rate_20dB:
        dmean: 0
        dmean2: 0
        dvar: 0
        dvar2: 0
        max: 1
        mean: 1
        median: 1
        min: 1
        var: 0
    silence_rate_30dB:
        dmean: 0
        dmean2: 0
        dvar: 0
        dvar2: 0
        max: 1
        mean: 1
        median: 1
        min: 1
        var: 0
    silence_rate_60dB:
        dmean: 0.0593883357942
        dmean2: 0.118787229061
        dvar: 0.0558681190014
        dvar2: 0.120333641768
        max: 1
        mean: 0.36678814888
        median: 0
        min: 0
        var: 0.232246056199
    spectral_centroid:
        dmean: 208.935897827
        dmean2: 351.446044922
        dvar: 71100.3046875
        dvar2: 189437.921875
        max: 11399.8574219
        mean: 1534.93005371
        median: 1691.71496582
        min: 130.731338501
        var: 499498.15625
    spectral_complexity:
        dmean: 3.4219417572
        dmean2: 5.66817808151
        dvar: 14.9109745026
        dvar2: 38.4886360168
        max: 49
        mean: 17.3197612762
        median: 18
        min: 0
        var: 131.762527466
    spectral_crest:
        dmean: 1.59523546696
        dmean2: 2.69269728661
        dvar: 3.07886981964
        dvar2: 8.34313011169
        max: 22.6827468872
        mean: 7.20513010025
        median: 5.49053764343
        min: 2.42134213448
        var: 18.4863872528
    spectral_decrease:
        dmean: 2.32459926308e-010
        dmean2: 3.75798892005e-010
        dvar: 1.02328083736e-019
        dvar2: 2.63055403061e-019
        max: 1.06928641626e-028
        mean: -1.0099320269e-009
        median: -9.933024403e-010
        min: -4.57386395425e-009
        var: 4.21202616809e-019
    spectral_energy:
        dmean: 0.00102250894997
        dmean2: 0.00165520014707
        dvar: 1.9371595954e-006
        dvar2: 4.98009285366e-006
        max: 0.0194997992367
        mean: 0.00454902043566
        median: 0.0044960686937
        min: 1.03753280388e-020
        var: 8.86076577444e-006
    spectral_energyband_high:
        dmean: 0.000175521694473
        dmean2: 0.000307773181703
        dvar: 9.25766983073e-008
        dvar2: 2.64663782445e-007
        max: 0.00477985152975
        mean: 0.00043982474017
        median: 0.000381274119718
        min: 7.15242719277e-021
        var: 1.77711754645e-007
    spectral_energyband_low:
        dmean: 0.000217267181142
        dmean2: 0.000369561690604
        dvar: 1.46336972762e-007
        dvar2: 4.07832430938e-007
        max: 0.00569911208004
        mean: 0.000593941891566
        median: 0.000541956338566
        min: 1.95558618404e-023
        var: 2.03700864176e-007
    spectral_energyband_middle_high:
        dmean: 0.000589581206441
        dmean2: 0.0009592907154
        dvar: 5.57164867132e-007
        dvar2: 1.44989792261e-006
        max: 0.0116923935711
        mean: 0.00251336721703
        median: 0.00231875688769
        min: 1.25471121436e-021
        var: 3.98468682761e-006
    spectral_energyband_middle_low:
        dmean: 0.000536579347681
        dmean2: 0.00088662863709
        dvar: 9.4268847306e-007
        dvar2: 2.50516518463e-006
        max: 0.0132059678435
        mean: 0.00117178913206
        median: 0.000872859207448
        min: 2.05464982191e-022
        var: 1.29046475195e-006
    spectral_flatness_db:
        dmean: 0.0125440107659
        dmean2: 0.0201829187572
        dvar: 0.000153426080942
        dvar2: 0.000391570938518
        max: 0.580480396748
        mean: 0.173370063305
        median: 0.138932019472
        min: 0.0650560632348
        var: 0.00789348222315
    spectral_flux:
        dmean: 0.00614567892626
        dmean2: 0.00951041467488
        dvar: 5.5509590311e-005
        dvar2: 0.000110411456262
        max: 0.109130710363
        mean: 0.0360520780087
        median: 0.0399011150002
        min: 6.52533305168e-011
        var: 0.000391947804019
    spectral_kurtosis:
        dmean: 2.179946661
        dmean2: 3.70521092415
        dvar: 16.4904613495
        dvar2: 48.2281951904
        max: 189.996109009
        mean: 7.61991691589
        median: 3.52244997025
        min: -1.26013123989
        var: 262.890808105
    spectral_rms:
        dmean: 0.000214408442844
        dmean2: 0.000341829174431
        dvar: 6.43695230451e-008
        dvar2: 1.61922471875e-007
        max: 0.00436167325824
        mean: 0.00195670849644
        median: 0.00209437543526
        min: 3.18155159336e-012
        var: 6.09374865235e-007
    spectral_rolloff:
        dmean: 315.713317871
        dmean2: 543.228942871
        dvar: 203324.21875
        dvar2: 516733.15625
        max: 19121.484375
        mean: 2828.59985352
        median: 3294.58007813
        min: 150.732421875
        var: 1723778.75
    spectral_skewness:
        dmean: 0.219706684351
        dmean2: 0.368963450193
        dvar: 0.0847253203392
        dvar2: 0.246304780245
        max: 11.5668735504
        mean: 1.63111281395
        median: 1.31721925735
        min: -0.0641258209944
        var: 1.44941604137
    spectral_spread:
        dmean: 354629.40625
        dmean2: 517324.625
        dvar: 331737726976
        dvar2: 568753717248
        max: 42176968
        mean: 3829413
        median: 3873317.75
        min: 503608.9375
        var: 3.06033144627e+012
    spectral_strongpeak:
        dmean: 0.314889192581
        dmean2: 0.550724089146
        dvar: 0.26470130682
        dvar2: 0.723709762096
        max: 6.45677232742
        mean: 0.481131911278
        median: 0.180159345269
        min: 3.04072211854e-010
        var: 0.366799980402
    zerocrossingrate:
        dmean: 0.005854556337
        dmean2: 0.00753733981401
        dvar: 4.15769463871e-005
        dvar2: 5.59206455364e-005
        max: 0.513671875
        mean: 0.086426474154
        median: 0.0966796875
        min: 0.00537109375
        var: 0.00126742757857
    barkbands:
        dmean: [4.72813951546e-007, 6.07961774222e-005, 0.000151812011609, 0.000138087314554, 0.00023672907264, 0.000113793481432, 6.44753235974e-005, 3.91411340388e-005, 0.000121383513033, 0.000140228599776, 8.65623587742e-005, 0.000109619599243, 9.37923032325e-005, 9.61974146776e-005, 9.0188899776e-005, 0.000109070184408, 0.00016856729053, 0.000151274478412, 0.000173689812073, 0.000130645697936, 8.89788789209e-005, 2.78266197711e-005, 5.07228651259e-006, 1.76532773821e-006, 7.27042390736e-007, 2.23205365302e-008, 2.6098331829e-010]
        dmean2: [6.25241284524e-007, 9.98120376607e-005, 0.000255331950029, 0.000241400499362, 0.000413063855376, 0.000172595915501, 0.000110130327812, 6.41974911559e-005, 0.000194043852389, 0.000228807839449, 0.000135558730108, 0.000178622518433, 0.000152457301738, 0.000158579583513, 0.000147786864545, 0.00018284212274, 0.000285078975139, 0.000257391046034, 0.000298520113574, 0.00022624747362, 0.000156141628395, 4.91829741804e-005, 8.6379923232e-006, 2.82479527414e-006, 1.11442716388e-006, 3.35228058645e-008, 4.43314412957e-010]
        dvar: [1.04912129331e-012, 1.55887391884e-008, 6.44337561084e-008, 6.32667820355e-008, 5.34513219463e-007, 3.92890129319e-008, 2.19524896039e-008, 8.63516547156e-009, 5.68083677877e-008, 9.70623901253e-008, 3.06635996594e-008, 5.15979401428e-008, 4.26270538867e-008, 4.59066136216e-008, 3.31626246464e-008, 2.63169344095e-008, 5.48501688513e-008, 4.87447024966e-008, 5.92272790811e-008, 4.06564559796e-008, 2.11695994068e-008, 2.89294832534e-009, 8.85690409902e-011, 1.32951618464e-011, 3.74816237075e-012, 3.97660708209e-015, 1.54038064808e-019]
        dvar2: [1.70003583693e-012, 4.01150863638e-008, 1.81030287649e-007, 1.79568303338e-007, 1.45799924667e-006, 8.65094591518e-008, 5.80085703916e-008, 2.1705789166e-008, 1.44197443319e-007, 2.47787255603e-007, 7.28111118065e-008, 1.31052658503e-007, 1.04490553099e-007, 1.24539496937e-007, 8.45134735528e-008, 7.02493991867e-008, 1.50708885371e-007, 1.32990777502e-007, 1.67426833286e-007, 1.14883278002e-007, 6.0880815056e-008, 8.28126456298e-009, 2.38865344171e-010, 3.08656329662e-011, 7.36565062415e-012, 8.11068267127e-015, 4.11963448807e-019]
        max: [9.75832062977e-006, 0.00148527114652, 0.00326292589307, 0.00332113029435, 0.00845613423735, 0.00594051089138, 0.00473503395915, 0.0025347545743, 0.00598778342828, 0.00539477262646, 0.0036029224284, 0.00461280532181, 0.00424081971869, 0.00386567041278, 0.00437486171722, 0.00272367079742, 0.00366175547242, 0.00380486971699, 0.00299978326075, 0.00434490852058, 0.00249983766116, 0.000650902045891, 0.000170899191289, 7.96306630946e-005, 5.53100289835e-005, 1.80262065896e-006, 7.38845873371e-009]
        mean: [6.3552232632e-007, 0.000104779166577, 0.00037909130333, 0.000197827539523, 0.000240844121436, 0.000262802728685, 9.42464976106e-005, 5.85462003073e-005, 0.000215229258174, 0.000229498720728, 0.000171061547007, 0.000194442269276, 0.000161131974892, 0.000175958120963, 0.000175412074896, 0.000228972712648, 0.000354245043127, 0.000333594303811, 0.000407835555961, 0.00030122458702, 0.000199967689696, 4.75337037642e-005, 8.92931620911e-006, 3.68114228877e-006, 1.50649759689e-006, 4.35779305974e-008, 3.92707560914e-010]
        median: [4.53138682133e-008, 6.37302873656e-005, 0.00034035826684, 0.000110037537524, 8.61326698214e-005, 0.000124694633996, 5.3217405366e-005, 2.75497022812e-005, 0.000112988855108, 9.46848813328e-005, 6.42564191367e-005, 9.45571591728e-005, 5.5480744777e-005, 7.2065522545e-005, 9.13901531021e-005, 0.000166606056155, 0.000279291853076, 0.000268187344773, 0.000327152374666, 0.000255648221355, 0.00017291646509, 2.7566393328e-005, 4.81686947751e-006, 1.68767689956e-006, 6.14842747382e-007, 1.81624830731e-008, 2.10416559177e-010]
        min: [2.16720379181e-025, 5.93555116737e-024, 5.26243824505e-024, 4.48748298543e-024, 2.09680475008e-023, 1.14091501218e-023, 6.497902891e-024, 1.85069261165e-023, 2.73575636644e-023, 3.794768684e-023, 2.18445003655e-023, 3.66032122666e-023, 4.97913825692e-023, 5.77046829677e-023, 9.99540914328e-023, 6.45248966752e-023, 9.72161508682e-023, 1.37950883286e-022, 1.14505003172e-022, 2.1865739972e-022, 2.31636294691e-022, 4.02501623009e-022, 4.29571037873e-022, 5.98147861772e-022, 1.07088738786e-021, 1.46685921157e-021, 2.09968368218e-021]
        var: [2.11632968095e-012, 1.82545978333e-008, 1.04620355046e-007, 7.12138259473e-008, 3.9290677023e-007, 1.87473062851e-007, 2.35265513737e-008, 1.2277228123e-008, 1.11827283433e-007, 1.61876243965e-007, 1.08222607764e-007, 9.31242496449e-008, 9.39789117638e-008, 9.69458682221e-008, 6.97214943557e-008, 6.76377283071e-008, 1.30978534685e-007, 1.19539038224e-007, 1.49378607261e-007, 8.54432542496e-008, 3.80277178635e-008, 3.55768814408e-009, 1.47786338722e-010, 3.75806642749e-011, 1.10162703612e-011, 1.01917062504e-014, 2.85213348624e-019]
    frequency_bands:
        dmean: [4.72813951546e-007, 6.07961774222e-005, 0.000151812011609, 0.000138087314554, 0.00023672907264, 0.000113793481432, 6.44753235974e-005, 3.91411340388e-005, 0.000121383513033, 0.000140228599776, 8.65623587742e-005, 0.000109619599243, 9.37923032325e-005, 9.61974146776e-005, 9.0188899776e-005, 0.000109070184408, 0.00016856729053, 0.000151274478412, 0.000173689812073, 0.000130645697936, 8.89788789209e-005, 2.78266197711e-005, 5.07228651259e-006, 1.76532773821e-006, 7.27042390736e-007, 2.23205365302e-008, 2.6098331829e-010, 5.21102501427e-011]
        dmean2: [6.25241284524e-007, 9.98120376607e-005, 0.000255331950029, 0.000241400499362, 0.000413063855376, 0.000172595915501, 0.000110130327812, 6.41974911559e-005, 0.000194043852389, 0.000228807839449, 0.000135558730108, 0.000178622518433, 0.000152457301738, 0.000158579583513, 0.000147786864545, 0.00018284212274, 0.000285078975139, 0.000257391046034, 0.000298520113574, 0.00022624747362, 0.000156141628395, 4.91829741804e-005, 8.6379923232e-006, 2.82479527414e-006, 1.11442716388e-006, 3.35228058645e-008, 4.43314412957e-010, 9.66692004223e-011]
        dvar: [1.04912129331e-012, 1.55887391884e-008, 6.44337561084e-008, 6.32667820355e-008, 5.34513219463e-007, 3.92890129319e-008, 2.19524896039e-008, 8.63516547156e-009, 5.68083677877e-008, 9.70623901253e-008, 3.06635996594e-008, 5.15979401428e-008, 4.26270538867e-008, 4.59066136216e-008, 3.31626246464e-008, 2.63169344095e-008, 5.48501688513e-008, 4.87447024966e-008, 5.92272790811e-008, 4.06564559796e-008, 2.11695994068e-008, 2.89294832534e-009, 8.85690409902e-011, 1.32951618464e-011, 3.74816237075e-012, 3.97660708209e-015, 1.54038064808e-019, 7.15055795845e-021]
        dvar2: [1.70003583693e-012, 4.01150863638e-008, 1.81030287649e-007, 1.79568303338e-007, 1.45799924667e-006, 8.65094591518e-008, 5.80085703916e-008, 2.1705789166e-008, 1.44197443319e-007, 2.47787255603e-007, 7.28111118065e-008, 1.31052658503e-007, 1.04490553099e-007, 1.24539496937e-007, 8.45134735528e-008, 7.02493991867e-008, 1.50708885371e-007, 1.32990777502e-007, 1.67426833286e-007, 1.14883278002e-007, 6.0880815056e-008, 8.28126456298e-009, 2.38865344171e-010, 3.08656329662e-011, 7.36565062415e-012, 8.11068267127e-015, 4.11963448807e-019, 2.26983481496e-020]
        max: [9.75832062977e-006, 0.00148527114652, 0.00326292589307, 0.00332113029435, 0.00845613423735, 0.00594051089138, 0.00473503395915, 0.0025347545743, 0.00598778342828, 0.00539477262646, 0.0036029224284, 0.00461280532181, 0.00424081971869, 0.00386567041278, 0.00437486171722, 0.00272367079742, 0.00366175547242, 0.00380486971699, 0.00299978326075, 0.00434490852058, 0.00249983766116, 0.000650902045891, 0.000170899191289, 7.96306630946e-005, 5.53100289835e-005, 1.80262065896e-006, 7.38845873371e-009, 1.23721632939e-009]
        mean: [6.3552232632e-007, 0.000104779166577, 0.00037909130333, 0.000197827539523, 0.000240844121436, 0.000262802728685, 9.42464976106e-005, 5.85462003073e-005, 0.000215229258174, 0.000229498720728, 0.000171061547007, 0.000194442269276, 0.000161131974892, 0.000175958120963, 0.000175412074896, 0.000228972712648, 0.000354245043127, 0.000333594303811, 0.000407835555961, 0.00030122458702, 0.000199967689696, 4.75337037642e-005, 8.92931620911e-006, 3.68114228877e-006, 1.50649759689e-006, 4.35779305974e-008, 3.92707560914e-010, 4.10881918766e-011]
        median: [4.53138682133e-008, 6.37302873656e-005, 0.00034035826684, 0.000110037537524, 8.61326698214e-005, 0.000124694633996, 5.3217405366e-005, 2.75497022812e-005, 0.000112988855108, 9.46848813328e-005, 6.42564191367e-005, 9.45571591728e-005, 5.5480744777e-005, 7.2065522545e-005, 9.13901531021e-005, 0.000166606056155, 0.000279291853076, 0.000268187344773, 0.000327152374666, 0.000255648221355, 0.00017291646509, 2.7566393328e-005, 4.81686947751e-006, 1.68767689956e-006, 6.14842747382e-007, 1.81624830731e-008, 2.10416559177e-010, 1.18684367889e-011]
        min: [2.16720379181e-025, 5.93555116737e-024, 5.26243824505e-024, 4.48748298543e-024, 2.09680475008e-023, 1.14091501218e-023, 6.497902891e-024, 1.85069261165e-023, 2.73575636644e-023, 3.794768684e-023, 2.18445003655e-023, 3.66032122666e-023, 4.97913825692e-023, 5.77046829677e-023, 9.99540914328e-023, 6.45248966752e-023, 9.72161508682e-023, 1.37950883286e-022, 1.14505003172e-022, 2.1865739972e-022, 2.31636294691e-022, 4.02501623009e-022, 4.29571037873e-022, 5.98147861772e-022, 1.07088738786e-021, 1.46685921157e-021, 2.09968368218e-021, 4.33981085877e-022]
        var: [2.11632968095e-012, 1.82545978333e-008, 1.04620355046e-007, 7.12138259473e-008, 3.9290677023e-007, 1.87473062851e-007, 2.35265513737e-008, 1.2277228123e-008, 1.11827283433e-007, 1.61876243965e-007, 1.08222607764e-007, 9.31242496449e-008, 9.39789117638e-008, 9.69458682221e-008, 6.97214943557e-008, 6.76377283071e-008, 1.30978534685e-007, 1.19539038224e-007, 1.49378607261e-007, 8.54432542496e-008, 3.80277178635e-008, 3.55768814408e-009, 1.47786338722e-010, 3.75806642749e-011, 1.10162703612e-011, 1.01917062504e-014, 2.85213348624e-019, 5.63945003672e-021]
    mfcc:
        mean: [-727.572937012, 110.937446594, -52.2721672058, 45.8828430176, -10.7258224487, -0.0600899457932, 6.74443006516, -0.385750055313, 0.500035047531, -5.04988241196, -8.22461795807, -3.8930709362, -6.39757823944]
        cov: [[11282.4072266, -927.873474121, -1721.15820313, 1370.89135742, -320.968078613, 733.455749512, -24.8351535797, 227.966659546, 361.943450928, 144.098983765, 344.290618896, 358.432983398, 122.052276611], [-927.873474121, 1079.83349609, -85.9068069458, -114.053794861, 27.1200904846, -174.509475708, 66.6183929443, -115.055984497, -97.9591445923, -53.869052887, -108.00932312, -78.6947250366, -14.2792701721], [-1721.15820313, -85.9068069458, 771.765563965, -69.4400177002, 176.898254395, 19.7377872467, -61.2152061462, -5.79087114334, -47.2689437866, -13.6930341721, 9.69160652161, -31.1151294708, 0.23380163312], [1370.89135742, -114.053794861, -69.4400177002, 547.850402832, 90.6222915649, 214.541137695, -19.8164348602, 15.5552330017, 108.638458252, 28.2698097229, 95.3497161865, 93.4229049683, 42.2862548828], [-320.968078613, 27.1200904846, 176.898254395, 90.6222915649, 200.990310669, 76.0057601929, 6.94673633575, -17.4299449921, 14.551653862, 21.4766902924, 19.2661190033, 16.4161701202, 1.20962786674], [733.455749512, -174.509475708, 19.7377872467, 214.541137695, 76.0057601929, 253.679672241, 27.2377033234, 37.5534210205, 54.275138855, 41.825378418, 98.8684539795, 68.4724960327, 19.1868686676], [-24.8351535797, 66.6183929443, -61.2152061462, -19.8164348602, 6.94673633575, 27.2377033234, 119.338241577, 28.2322101593, 8.91365718842, 7.84721183777, 1.84058308601, 7.15797376633, -5.76765012741], [227.966659546, -115.055984497, -5.79087114334, 15.5552330017, -17.4299449921, 37.5534210205, 28.2322101593, 88.0531692505, 41.6610870361, 17.5612602234, 23.4840221405, 12.5367565155, 1.94742238522], [361.943450928, -97.9591445923, -47.2689437866, 108.638458252, 14.551653862, 54.275138855, 8.91365718842, 41.6610870361, 109.231208801, 53.6231040955, 46.9454345703, 39.4942817688, 10.4595842361], [144.098983765, -53.869052887, -13.6930341721, 28.2698097229, 21.4766902924, 41.825378418, 7.84721183777, 17.5612602234, 53.6231040955, 88.4539337158, 62.1666069031, 33.0932121277, 7.16237831116], [344.290618896, -108.00932312, 9.69160652161, 95.3497161865, 19.2661190033, 98.8684539795, 1.84058308601, 23.4840221405, 46.9454345703, 62.1666069031, 119.65562439, 73.7717590332, 23.3798999786], [358.432983398, -78.6947250366, -31.1151294708, 93.4229049683, 16.4161701202, 68.4724960327, 7.15797376633, 12.5367565155, 39.4942817688, 33.0932121277, 73.7717590332, 91.5171585083, 36.9015617371], [122.052276611, -14.2792701721, 0.23380163312, 42.2862548828, 1.20962786674, 19.1868686676, -5.76765012741, 1.94742238522, 10.4595842361, 7.16237831116, 23.3798999786, 36.9015617371, 58.7492218018]]
        icov: [[0.00030231999699, 0.000103694997961, 0.00063413096359, -0.000520480389241, 0.000270271295449, -0.000510823098011, 0.000462406955194, -0.000531814002898, 0.000353904470103, -0.000148728693603, 9.75273505901e-005, -0.000159066868946, 9.74956310529e-006], [0.000103694997961, 0.00147832056973, 0.000436670001363, -0.000465712044388, -0.000488115649205, 0.000911881623324, -0.00128705555107, 0.0013346914202, 0.000685973558575, -5.72835779167e-005, -0.000295547331916, 0.00102624727879, -0.000623138970695], [0.00063413096359, 0.000436670001363, 0.00355500821024, -0.000445844372734, -0.00205787178129, -0.000859703985043, 0.0021735150367, -0.00208925548941, 0.00143379927613, 0.000910314789508, -0.00172280194238, 0.00149551103823, -0.000918745296076], [-0.000520480389241, -0.000465712044388, -0.000445844372734, 0.00500611076131, -0.0016949021956, -0.00193172274157, 0.000971539062448, 0.00177168217488, -0.00446592085063, 0.00338566466235, -0.00101193471346, -0.000284576031845, -0.000967160856817], [0.000270271295449, -0.000488115649205, -0.00205787178129, -0.0016949021956, 0.00967088807374, -0.00300655816682, -0.00102136272471, 0.00249561714008, -0.000357783137588, -0.00365777732804, 0.00416530855, -0.00277939718217, 0.00174560025334], [-0.000510823098011, 0.000911881623324, -0.000859703985043, -0.00193172274157, -0.00300655816682, 0.0107196113095, -0.00366060598753, -0.00055525789503, 0.00130675849505, 0.00102731829975, -0.00622426392511, 0.00136345555075, 0.000159432762302], [0.000462406955194, -0.00128705555107, 0.0021735150367, 0.000971539062448, -0.00102136272471, -0.00366060598753, 0.0130423596129, -0.00620344420895, 0.000769667443819, -0.000532945850864, 0.00232958002016, -0.00311229703948, 0.00167693465482], [-0.000531814002898, 0.0013346914202, -0.00208925548941, 0.00177168217488, 0.00249561714008, -0.00055525789503, -0.00620344420895, 0.0203455965966, -0.00834400299937, 0.00236179493368, -0.00208057230338, 0.00319310510531, -0.000971177651081], [0.000353904470103, 0.000685973558575, 0.00143379927613, -0.00446592085063, -0.000357783137588, 0.00130675849505, 0.000769667443819, -0.00834400299937, 0.0217556059361, -0.0116076488048, 0.00335331074893, -0.00399483926594, 0.00128955557011], [-0.000148728693603, -5.72835779167e-005, 0.000910314789508, 0.00338566466235, -0.00365777732804, 0.00102731829975, -0.000532945850864, 0.00236179493368, -0.0116076488048, 0.0265095960349, -0.0152993854135, 0.00506982207298, -0.000797487096861], [9.75273505901e-005, -0.000295547331916, -0.00172280194238, -0.00101193471346, 0.00416530855, -0.00622426392511, 0.00232958002016, -0.00208057230338, 0.00335331074893, -0.0152993854135, 0.0308640748262, -0.0182396713644, 0.00314766471274], [-0.000159066868946, 0.00102624727879, 0.00149551103823, -0.000284576031845, -0.00277939718217, 0.00136345555075, -0.00311229703948, 0.00319310510531, -0.00399483926594, 0.00506982207298, -0.0182396713644, 0.032345533371, -0.0129857296124], [9.74956310529e-006, -0.000623138970695, -0.000918745296076, -0.000967160856817, 0.00174560025334, 0.000159432762302, 0.00167693465482, -0.000971177651081, 0.00128955557011, -0.000797487096861, 0.00314766471274, -0.0129857296124, 0.0244299825281]]
    sccoeffs:
        dmean: [0.0477987155318, 0.044026657939, 0.0368356630206, 0.0278579443693, 0.0175806581974, 0.0172575116158]
        dmean2: [0.0803392231464, 0.0736288055778, 0.0611858256161, 0.0467242561281, 0.0298187863082, 0.0275184493512]
        dvar: [0.0017606447218, 0.00125347613357, 0.000886100693606, 0.000505234580487, 0.000195736080059, 0.000242368958425]
        dvar2: [0.00489390594885, 0.0035472647287, 0.00243444833905, 0.00142109021544, 0.000542958267033, 0.000572926306631]
        max: [-0.317029029131, -0.440077900887, -0.444330871105, -0.587112367153, -0.654920935631, -0.593965053558]
        mean: [-0.613189220428, -0.742642641068, -0.762624979019, -0.78350263834, -0.812473237514, -0.739587068558]
        median: [-0.617533385754, -0.751291573048, -0.769548416138, -0.785547018051, -0.810678124428, -0.733470737934]
        min: [-0.980901360512, -0.988203883171, -0.981152534485, -0.981895089149, -0.979874014854, -0.963771104813]
        var: [0.00599581142887, 0.00501434039325, 0.00466518104076, 0.00228833034635, 0.000882837164681, 0.00213979324326]
    scvalleys:
        dmean: [0.384824872017, 0.330991446972, 0.257793426514, 0.221082776785, 0.189239263535, 0.26684358716]
        dmean2: [0.63578414917, 0.553440093994, 0.426938802004, 0.364971548319, 0.3119379282, 0.40052986145]
        dvar: [0.113357000053, 0.0762235298753, 0.0469219274819, 0.0419370830059, 0.0498658530414, 0.126421809196]
        dvar2: [0.291538536549, 0.197189211845, 0.111260518432, 0.0950890406966, 0.107769720256, 0.277018666267]
        max: [-5.23597002029, -5.04746294022, -5.42016935349, -5.59763002396, -5.4174656868, -7.59962844849]
        mean: [-7.46331691742, -7.03522586823, -7.05318546295, -7.33176374435, -7.2366232872, -10.4616317749]
        median: [-7.01955509186, -6.75160884857, -6.74625778198, -6.8049197197, -6.53506183624, -9.607629776]
        min: [-27.6199436188, -27.5296077728, -27.5369281769, -27.5091934204, -27.4287033081, -27.3083610535]
        var: [2.67131638527, 1.853479743, 2.05681920052, 2.58546233177, 3.13355135918, 4.46901845932]

rhythm:
    beats_loudness:
        dmean: 0.00152997893747
        dmean2: 0.00256043020636
        dvar: 2.15334011955e-006
        dvar2: 5.56471195523e-006
        max: 0.0141174970195
        mean: 0.00503795128316
        median: 0.00505329016596
        min: 1.50984469371e-009
        var: 9.77633499133e-006
    bpm: 126.867034912
    bpm_confidence: 0
    first_peak_bpm: 126
    first_peak_spread: 0.35862070322
    first_peak_weight: 0.490333914757
    onset_rate: 2.461977005
    second_peak_bpm: 167
    second_peak_spread: 0
    second_peak_weight: 0.0544815473258
    beats_loudness_band_ratio:
        dmean: [0.0936848223209, 0.113586395979, 0.0656701549888, 0.0972431004047, 0.0878091827035, 0.0592159405351]
        dmean2: [0.163571432233, 0.198965609074, 0.111726403236, 0.16302485764, 0.153407946229, 0.102104857564]
        dvar: [0.00803848356009, 0.0127439657226, 0.00496857427061, 0.0100310128182, 0.00752799771726, 0.00390054681338]
        dvar2: [0.0221919473261, 0.0343139432371, 0.0129285603762, 0.0279130414128, 0.0216665994376, 0.0114483386278]
        max: [0.987729728222, 0.779682993889, 0.95329028368, 0.968545496464, 0.68471300602, 0.461365014315]
        mean: [0.229052573442, 0.139367073774, 0.129301324487, 0.175939634442, 0.217923909426, 0.155390560627]
        median: [0.163943320513, 0.0935793071985, 0.0876141637564, 0.122046157718, 0.222970724106, 0.158331856132]
        min: [0.000235619241721, 0.00464457646012, 3.88727494283e-005, 5.58231840841e-005, 2.29487814067e-005, 7.86045166024e-006]
        var: [0.0428672581911, 0.0187041386962, 0.019961681217, 0.0266646239907, 0.0183469895273, 0.0102440472692]
    beats_position: [0.441179126501, 0.893968224525, 1.33514738083, 1.77632653713, 2.21750569344, 2.65868473053, 3.13469386101, 3.61070299149, 4.08671188354, 4.5627207756, 5.05034017563, 5.53795909882, 6.04879808426, 6.5596370697, 7.08208608627, 7.59292507172, 8.10376358032, 8.6146030426, 9.12544155121, 9.63628101349, 10.1471195221, 10.6347389221, 11.110748291, 11.5983667374, 12.0743761063, 12.5503854752, 13.0263938904, 13.4907932281, 13.9551925659, 14.4312019348, 14.90721035, 15.3832197189, 15.8592290878, 16.3352375031, 16.8112468719, 17.2872562408, 17.7632656097, 18.2508831024, 18.7268924713, 19.2029018402, 19.6905212402, 20.1781406403, 20.6657600403, 21.153377533, 21.640996933, 22.128616333, 22.6278457642, 23.1270751953, 23.6263027191, 24.1139221191, 24.589931488, 25.0659408569, 25.5419502258, 26.0063495636, 26.470746994, 26.9467563629, 27.4227657318, 27.8987751007, 28.3747844696, 28.8507938385, 29.3268013, 29.7912006378, 30.2555999756, 30.7316093445, 31.2076187134, 31.6720180511, 32.1480255127, 32.6240348816, 33.1000442505, 33.5760536194, 34.0404510498, 34.5164604187, 34.9924697876, 35.4568710327, 35.9328804016, 36.4088897705, 36.8965072632, 37.2680282593, 37.6511573792, 38.034286499, 38.4058036804, 38.7773246765, 39.1372337341, 39.5087509155, 39.8918800354, 40.2866210938, 40.6581382751, 41.041267395, 41.4243965149, 41.8191375732, 42.1906585693, 42.5621757507, 42.9336967468, 43.3168258667, 43.7115631104, 44.0830841064, 44.4429931641, 44.8261222839, 45.2092514038, 45.6039886475, 45.9755096436, 46.347026825, 46.718547821, 47.1016769409, 47.4848060608, 47.8563270569, 48.2278442383, 48.5993652344, 48.9824943542, 49.3656234741, 49.7371406555, 50.0970497131, 50.4569587708, 50.8168716431, 51.1767807007, 51.5366897583, 51.8965988159, 52.2681159973, 52.6396369934, 52.999546051, 53.3710632324, 53.7425842285, 54.1024932861, 54.4624023438, 54.8223114014, 55.1706123352, 55.5305213928, 55.878818512, 56.2387275696, 56.5986366272, 56.9585494995, 57.3300666809, 57.701587677, 58.0847167969, 58.4678459167, 58.8393630981, 59.1992721558, 59.5591812134, 59.9307022095, 60.3022193909, 60.6853485107, 61.0684814453, 61.4283905029, 61.7882995605, 62.1482086182, 62.5081176758, 62.8680267334, 63.2395439148, 63.5994529724, 64.0754623413, 64.5398635864, 65.0042648315, 65.4686584473, 65.9330596924, 66.409072876, 66.8966903687, 67.3726959229, 67.8487091064, 68.3131027222, 68.7891159058, 69.2535171509, 69.7295227051, 70.1939239502, 70.6699295044, 71.145942688, 71.6103363037, 72.0747375488, 72.5623550415, 73.0267562866, 73.4911575317, 73.9555511475, 74.4315643311, 74.9075698853, 75.3835830688, 75.859588623, 76.3356018066, 76.8116073608, 77.2876205444, 77.7636260986, 78.2396392822, 78.7040328979, 79.1800460815, 79.6444396973, 80.1204528809, 80.5964584351, 81.0608596802, 81.5252609253, 82.012878418, 82.4772796631, 82.9648971558, 83.4292984009, 83.9053039551, 84.3813171387, 84.8457107544, 85.3101119995, 85.7745132446, 86.2505187988, 86.7265319824, 87.1909255981, 87.6669387817, 88.1429443359, 88.6189575195, 89.0833511353, 89.5593643188, 90.023765564, 90.4997711182, 90.9757843018, 91.451789856, 91.9277954102, 92.4038085938, 92.8682098389, 93.3442153931, 93.8086166382, 94.2846221924, 94.760635376, 95.2366409302, 95.7126541138, 96.1770477295, 96.6414489746, 97.1174621582, 97.5934677124, 98.0578689575, 98.5338745117, 99.0098876953, 99.4858932495, 99.9619064331, 100.426300049, 100.902313232, 101.378318787, 101.842720032, 102.318725586, 102.79473877, 103.259140015, 103.735145569, 104.211151123, 104.687164307, 105.151565552, 105.615959167, 106.091972351, 106.567977905, 107.043991089, 107.519996643, 107.984397888, 108.460403442, 108.936416626, 109.41242218, 109.876823425, 110.352828979, 110.828842163, 111.304847717, 111.780860901, 112.245262146, 112.7212677, 113.185668945, 113.6616745, 114.126075745, 114.602081299, 115.078094482, 115.542495728, 116.006889343, 116.482902527, 116.958908081, 117.423309326, 117.887710571, 118.363716125, 118.839729309, 119.315734863, 119.791740417, 120.267753601, 120.743759155, 121.2081604, 121.672561646, 122.1485672, 122.624580383, 123.100585938, 123.576599121, 124.052604675, 124.528617859, 124.993011475, 125.469024658, 125.945030212, 126.409431458, 126.885437012, 127.361450195, 127.82585144, 128.290252686, 128.76625061, 129.242263794, 129.718276978, 130.194290161, 130.658676147, 131.134689331, 131.610702515, 132.086715698, 132.562713623, 133.027114868, 133.503128052, 133.979141235, 134.44354248, 134.919540405, 135.38394165, 135.859954834, 136.335968018, 136.811965942, 137.287979126, 137.76399231, 138.228393555, 138.704391479, 139.168792725, 139.63319397, 140.109207153, 140.585220337, 141.061218262, 141.537231445, 142.013244629, 142.489242554, 142.965255737, 143.441268921, 143.905670166, 144.381668091, 144.857681274, 145.333694458, 145.798095703, 146.274108887, 146.738494873, 147.202896118, 147.678909302, 148.154922485, 148.63092041, 149.095321655, 149.5597229, 150.035736084, 150.511749268, 150.976135254, 151.440536499, 151.916549683, 152.392562866, 152.86857605, 153.344573975, 153.820587158, 154.296600342, 154.772598267, 155.236999512, 155.713012695, 156.17741394, 156.641815186, 157.11781311, 157.593826294, 158.069839478, 158.545852661, 159.010253906, 159.49786377, 159.973876953, 160.449890137, 160.914276123, 161.378677368, 161.843078613, 162.319091797, 162.79510498, 163.271102905, 163.747116089, 164.211517334, 164.675918579, 165.151931763, 165.627929688, 166.103942871, 166.579956055, 167.0443573, 167.508743286, 167.98475647, 168.460769653, 168.936782837, 169.412780762, 169.877182007, 170.341583252, 170.817596436, 171.293609619, 171.757995605, 172.234008789, 172.710021973, 173.186035156, 173.662033081, 174.126434326, 174.60244751, 175.078460693, 175.554458618, 176.030471802, 176.494873047, 176.97088623, 177.446884155, 177.9112854, 178.387298584, 178.863311768, 179.327713013, 179.803710938, 180.268112183, 180.744125366, 181.22013855, 181.696136475, 182.16053772, 182.636550903, 183.112564087, 183.576965332, 184.052963257, 184.52897644, 184.993377686, 185.469390869, 185.945388794, 186.421401978, 186.897415161, 187.361816406, 187.837814331, 188.313827515, 188.77822876, 189.242630005, 189.718643188, 190.194641113, 190.659042358, 191.135055542, 191.599456787, 192.075454712, 192.551467896, 193.027481079, 193.503494263, 193.979492188, 194.443893433, 194.908294678, 195.384307861, 195.860321045, 196.33631897, 196.812332153, 197.276733398, 197.752746582, 198.228744507, 198.70475769, 199.180770874, 199.656768799, 200.132781982, 200.597183228, 201.061584473, 201.537597656, 202.013595581, 202.477996826, 202.95401001, 203.418411255, 203.8828125, 204.358810425, 204.834823608, 205.310836792, 205.786849976, 206.2628479, 206.738861084, 207.214874268, 207.679275513, 208.155273438, 208.631286621, 209.118911743, 209.618133545, 210.117370605, 210.628204346, 211.139038086, 211.661499023, 212.183944702, 212.648345947, 213.112747192, 213.577133179, 214.076370239, 214.575592041, 215.074829102, 215.574050903, 216.073287964, 216.572509766, 217.071746826, 217.570968628, 218.05859375, 218.546203613, 219.022216797, 219.49822998, 219.962631226, 220.427032471, 220.903030396, 221.379043579, 221.843444824, 222.319458008, 222.795455933, 223.259857178, 223.7474823, 224.211883545, 224.676269531, 225.152282715, 225.628295898, 226.104309082, 226.580307007, 227.044708252, 227.520721436, 227.996734619, 228.461135864, 228.937133789, 229.413146973, 229.877548218, 230.353561401, 230.829559326, 231.30557251, 231.781585693, 232.245986938, 232.721984863, 233.197998047, 233.662399292, 234.138412476, 234.6144104, 235.078811646, 235.554824829, 236.030838013, 236.495239258, 236.971237183, 237.447250366, 237.911651611, 238.387664795, 238.86366272, 239.339675903, 239.815689087, 240.280090332, 240.744491577, 241.220489502, 241.696502686, 242.160903931, 242.636917114, 243.112915039, 243.577316284, 244.053329468, 244.529342651, 245.005340576, 245.48135376, 245.945755005, 246.421768188, 246.897766113, 247.362167358, 247.826568604, 248.27935791, 248.732147217, 249.184936523, 249.649337769, 250.009246826, 250.369155884, 250.729064941, 251.088973999, 251.42565918, 251.762359619, 252.110656738, 252.447341919, 252.795639038, 253.155548096, 253.515457153, 253.875366211, 254.304931641, 254.734512329, 255.164077759, 255.593643188, 255.988388062, 256.371520996, 256.754638672, 257.172607422, 257.590576172, 258.008514404, 258.426483154, 258.844451904, 259.274017334, 259.703582764, 260.133148193, 260.562713623]
