
metadata:
    version:
        essentia: "2.1-beta2"
    audio_properties:
        analysis_sample_rate: 44100
        bitrate: 320
        channels: 2
        equal_loudness: 1
        length: 270.315093994
        replay_gain: -16.7453842163
        downmix: "mix"
    tags:
        album: "Greatest Hits - Hymns To The Rising Sun"
        artist: "Amon Amarth"
        comment: ""
        date: "2010"
        genre: "Melodic Death Metal"
        title: "Pursuit Of Vikings"
        tracknumber: "09"

configuration:
    average_loudness:
        compute: 1
        frameSize: 88200
        hopSize: 44100
        silentFrames: "noise"
        windowType: "hann"
    general:
        analysisSampleRate: 44100
        endTime: 2000
        equalLoudness: 1
        nequalLoudness: 0
        shortSound: 0
        startTime: 0
    lowlevel:
        compute: 1
        frameSize: 2048
        hopSize: 1024
        zeroPadding: 0
        silentFrames: "noise"
        windowType: "blackmanharris62"
        mfccStats: ["mean", "cov", "icov"]
        stats: ["mean", "var", "median", "min", "max", "dmean", "dmean2", "dvar", "dvar2"]
    panning:
        compute: 0
        frameSize: 8192
        hopSize: 2048
        zeroPadding: 8192
        silentFrames: "noise"
        windowType: "hann"
        stats: ["copy"]
    rhythm:
        compute: 1
        maxTempo: 208
        minTempo: 40
        method: "degara"
        stats: ["mean", "var", "median", "min", "max", "dmean", "dmean2", "dvar", "dvar2"]
    segmentation:
        compute: 0
        cpw: 5
        inc1: 300
        inc2: 50
        minimumSegmentsLength: 10
        size1: 1000
        size2: 600
    sfx:
        compute: 1
        stats: ["mean", "var", "median", "min", "max", "dmean", "dmean2", "dvar", "dvar2"]
    svm:
        compute: 0
    tonal:
        compute: 1
        frameSize: 4096
        hopSize: 2048
        zeroPadding: 0
        silentFrames: "noise"
        windowType: "blackmanharris62"
        stats: ["mean", "var", "median", "min", "max", "dmean", "dmean2", "dvar", "dvar2"]

lowlevel:
    average_loudness: 0.924757301807
    barkbands_kurtosis:
        dmean: 0.908544421196
        dmean2: 1.47743701935
        dvar: 1.20700085163
        dvar2: 2.76252913475
        max: 25.4810714722
        mean: -0.173166751862
        median: -0.613728642464
        min: -1.89706158638
        var: 3.22340250015
    barkbands_skewness:
        dmean: 0.400244623423
        dmean2: 0.618697702885
        dvar: 0.132860943675
        dvar2: 0.291085749865
        max: 4.6539978981
        mean: -0.748080193996
        median: -0.874990224838
        min: -3.8977189064
        var: 0.695847809315
    barkbands_spread:
        dmean: 5.61104869843
        dmean2: 9.05773830414
        dvar: 23.505027771
        dvar2: 59.5522918701
        max: 73.3088684082
        mean: 32.3625144958
        median: 31.9762001038
        min: 2.89033412933
        var: 79.5683441162
    dissonance:
        dmean: 0.00686116050929
        dmean2: 0.0117930099368
        dvar: 4.10514585383e-005
        dvar2: 0.000116859358968
        max: 0.500000178814
        mean: 0.488596737385
        median: 0.490135073662
        min: 0.40236774087
        var: 5.79004990868e-005
    hfc:
        dmean: 3.11787867546
        dmean2: 5.0679359436
        dvar: 11.063615799
        dvar2: 28.8138446808
        max: 49.5167160034
        mean: 11.7914562225
        median: 11.3571681976
        min: 1.14902745682e-016
        var: 36.6706733704
    pitch:
        dmean: 444.477752686
        dmean2: 833.285217285
        dvar: 776625.875
        dvar2: 2039793.25
        max: 5111.88476563
        mean: 2938.47045898
        median: 3222.57495117
        min: 61.5584487915
        var: 872207.4375
    pitch_instantaneous_confidence:
        dmean: 0.0792552903295
        dmean2: 0.132366850972
        dvar: 0.0037662293762
        dvar2: 0.0105372704566
        max: 0.822277247906
        mean: 0.445011645555
        median: 0.452670156956
        min: 0.100570619106
        var: 0.0106675503775
    pitch_salience:
        dmean: 0.0477045476437
        dmean2: 0.0777396708727
        dvar: 0.00170994608197
        dvar2: 0.00422117253765
        max: 0.937688469887
        mean: 0.712565422058
        median: 0.727435112
        min: 0.179241642356
        var: 0.00547345122322
    silence_rate_20dB:
        dmean: 0
        dmean2: 0
        dvar: 0
        dvar2: 0
        max: 1
        mean: 1
        median: 1
        min: 1
        var: 0
    silence_rate_30dB:
        dmean: 0
        dmean2: 0
        dvar: 0
        dvar2: 0
        max: 1
        mean: 1
        median: 1
        min: 1
        var: 0
    silence_rate_60dB:
        dmean: 0.0489606596529
        dmean2: 0.0979297310114
        dvar: 0.046567324549
        dvar2: 0.103125065565
        max: 1
        mean: 0.155458211899
        median: 0
        min: 0
        var: 0.131294026971
    spectral_centroid:
        dmean: 256.60824585
        dmean2: 405.667816162
        dvar: 73396.75
        dvar2: 162835.828125
        max: 11699.0292969
        mean: 2197.2253418
        median: 2277.47705078
        min: 224.558929443
        var: 314087.03125
    spectral_complexity:
        dmean: 4.08331918716
        dmean2: 6.41611528397
        dvar: 14.1588201523
        dvar2: 32.064453125
        max: 51
        mean: 21.1752128601
        median: 22
        min: 0
        var: 76.354927063
    spectral_crest:
        dmean: 1.70412540436
        dmean2: 2.87028169632
        dvar: 2.05349087715
        dvar2: 5.50722169876
        max: 20.8440818787
        mean: 6.97269868851
        median: 6.59786939621
        min: 2.85010385513
        var: 4.32341909409
    spectral_decrease:
        dmean: 2.40857611633e-010
        dmean2: 3.8342928832e-010
        dvar: 7.76856171932e-020
        dvar2: 1.89746572973e-019
        max: 7.81834510931e-029
        mean: -1.11061593255e-009
        median: -1.034339836e-009
        min: -3.63499230716e-009
        var: 2.53660182266e-019
    spectral_energy:
        dmean: 0.00116331200115
        dmean2: 0.00185448094271
        dvar: 1.67200687429e-006
        dvar2: 4.12010786022e-006
        max: 0.0170936938375
        mean: 0.00526125077158
        median: 0.00493887113407
        min: 1.03433741487e-020
        var: 5.74418891119e-006
    spectral_energyband_high:
        dmean: 0.00020138254331
        dmean2: 0.000347690220224
        dvar: 8.18814172021e-008
        dvar2: 2.17977103034e-007
        max: 0.00490882666782
        mean: 0.000399613170885
        median: 0.000295102887321
        min: 7.28086636991e-021
        var: 1.29759470724e-007
    spectral_energyband_low:
        dmean: 0.000188724341569
        dmean2: 0.000306087400531
        dvar: 6.07170349554e-008
        dvar2: 1.5180437174e-007
        max: 0.00524590956047
        mean: 0.000393229507608
        median: 0.000284907728201
        min: 1.56415135183e-023
        var: 1.45255697248e-007
    spectral_energyband_middle_high:
        dmean: 0.000846852955874
        dmean2: 0.00135486689396
        dvar: 7.1570042337e-007
        dvar2: 1.79891935659e-006
        max: 0.0132656991482
        mean: 0.00342157878913
        median: 0.00329904677346
        min: 1.34702586319e-021
        var: 3.20847539115e-006
    spectral_energyband_middle_low:
        dmean: 0.000445584533736
        dmean2: 0.000726235972252
        dvar: 4.83636029003e-007
        dvar2: 1.2643838545e-006
        max: 0.00781953986734
        mean: 0.00117145909462
        median: 0.000951592461206
        min: 1.75527534133e-022
        var: 7.22807612874e-007
    spectral_flatness_db:
        dmean: 0.0119295306504
        dmean2: 0.0187267381698
        dvar: 0.000108815504063
        dvar2: 0.000246625713771
        max: 0.350234180689
        mean: 0.13829754293
        median: 0.133214846253
        min: 0.0645752698183
        var: 0.000860831991304
    spectral_flux:
        dmean: 0.00631940504536
        dmean2: 0.00941240228713
        dvar: 4.28779094364e-005
        dvar2: 8.16149549792e-005
        max: 0.0923039093614
        mean: 0.0440293513238
        median: 0.0441475659609
        min: 6.76575392933e-011
        var: 0.000187704121345
    spectral_kurtosis:
        dmean: 1.10087299347
        dmean2: 1.87884664536
        dvar: 1.50227284431
        dvar2: 4.47983837128
        max: 22.1368637085
        mean: 4.45594358444
        median: 4.31503248215
        min: -1.21535468102
        var: 2.6624443531
    spectral_rms:
        dmean: 0.000241168789216
        dmean2: 0.000378384895157
        dvar: 5.87623425474e-008
        dvar2: 1.40029783324e-007
        max: 0.00408372050151
        mean: 0.0021942758467
        median: 0.00219508795999
        min: 3.17664861429e-012
        var: 3.18074086181e-007
    spectral_rolloff:
        dmean: 237.143661499
        dmean2: 393.640136719
        dvar: 146897.140625
        dvar2: 280637.34375
        max: 19229.1503906
        mean: 3461.55249023
        median: 3488.37890625
        min: 150.732421875
        var: 454235.90625
    spectral_skewness:
        dmean: 0.150282263756
        dmean2: 0.251372367144
        dvar: 0.023108407855
        dvar2: 0.062928840518
        max: 2.72798490524
        mean: 1.36680757999
        median: 1.33530306816
        min: -0.0763095617294
        var: 0.0956569090486
    spectral_spread:
        dmean: 447610.34375
        dmean2: 682278.5
        dvar: 376992071680
        dvar2: 629172338688
        max: 41151600
        mean: 4350981
        median: 4138446.5
        min: 1590002.875
        var: 2.43788834406e+012
    spectral_strongpeak:
        dmean: 0.745760142803
        dmean2: 1.3173340559
        dvar: 0.734310567379
        dvar2: 1.99388766289
        max: 9.46757125854
        mean: 0.92018699646
        median: 0.415724337101
        min: 8.05365441003e-010
        var: 0.988336503506
    zerocrossingrate:
        dmean: 0.00671850191429
        dmean2: 0.00814629811794
        dvar: 5.59338659514e-005
        dvar2: 6.04798769928e-005
        max: 0.513671875
        mean: 0.115987747908
        median: 0.119140625
        min: 0.0126953125
        var: 0.00051485595759
    barkbands:
        dmean: [2.38148146536e-007, 4.70361192129e-005, 0.00012470773072, 0.000127838196931, 0.0002335011377, 8.70469739311e-005, 6.64777762722e-005, 8.68503702804e-005, 9.77925228653e-005, 6.83190228301e-005, 4.94692576467e-005, 4.57141213701e-005, 3.54683943442e-005, 4.55219851574e-005, 6.16922116023e-005, 0.000132229411975, 0.000306869624183, 0.000266168906819, 0.000426622427767, 0.000212022699998, 9.10848903004e-005, 2.8249609386e-005, 6.64382969262e-006, 3.34907917932e-006, 1.73832472683e-006, 7.1504800303e-008, 1.30808430754e-009]
        dmean2: [3.92632841795e-007, 7.86642485764e-005, 0.000201231479878, 0.00021399887919, 0.000390551780583, 0.000140152100357, 0.000110383611172, 0.000143447949085, 0.000161358722835, 0.000112478002848, 8.25746828923e-005, 7.47826052248e-005, 5.74894256715e-005, 7.58354508434e-005, 0.000102867968963, 0.000220443791477, 0.000518569839187, 0.000448944949312, 0.000718866533134, 0.000371443660697, 0.000156142705237, 4.75076049042e-005, 1.16545488709e-005, 5.59652062293e-006, 2.71531735052e-006, 1.04940873769e-007, 1.8968291382e-009]
        dvar: [6.85981084219e-014, 3.49109430253e-009, 2.95103124159e-008, 3.40909416252e-008, 2.46210049681e-007, 1.52495367445e-008, 1.4863283937e-008, 3.14361265907e-008, 3.15479589119e-008, 1.94608098525e-008, 1.34394753104e-008, 1.35365771925e-008, 5.66723912243e-009, 7.50084439005e-009, 1.26482282425e-008, 2.8658666551e-008, 1.18071675104e-007, 8.65397353778e-008, 1.84188976959e-007, 8.21583867605e-008, 1.42649616564e-008, 1.64664493152e-009, 1.0679579443e-010, 3.97345108205e-011, 2.239358525e-011, 3.90775838066e-014, 6.47051156745e-018]
        dvar2: [1.80536697245e-013, 9.30062604709e-009, 6.97589968013e-008, 9.07587462962e-008, 6.60605905978e-007, 3.78332600803e-008, 3.89673395773e-008, 8.42315088789e-008, 8.38392111291e-008, 5.26836849701e-008, 3.46584130284e-008, 3.34042731254e-008, 1.34392967865e-008, 1.945337047e-008, 3.30949880833e-008, 7.40677492672e-008, 3.17193894261e-007, 2.41647995836e-007, 5.18774015745e-007, 2.24819558525e-007, 3.78559796843e-008, 4.22484491835e-009, 2.89732460246e-010, 8.98089519419e-011, 4.76585021447e-011, 8.79873566584e-014, 1.21962048959e-017]
        max: [3.32561126015e-006, 0.000516123429406, 0.00392298679799, 0.00433310540393, 0.00605454063043, 0.00238665845245, 0.00254691019654, 0.00399824697524, 0.00441440986469, 0.00404875166714, 0.00243399199098, 0.00340864132158, 0.00199581752531, 0.00265793595463, 0.00367039674893, 0.00336598255672, 0.00658950209618, 0.00606384780258, 0.00673583429307, 0.00523823825642, 0.00186295830645, 0.000736940535717, 0.000206966564292, 0.000134264788358, 0.000157674759976, 9.82691926765e-006, 5.86820192439e-008]
        mean: [3.74552371341e-007, 6.54086470604e-005, 0.00023310155666, 0.00020284843049, 0.000369969580788, 0.000166073848959, 0.00010307480261, 0.000131845503347, 0.000157161237439, 0.000111617082439, 7.47595040593e-005, 7.34573186492e-005, 5.81854692427e-005, 7.99635527073e-005, 0.000113164191134, 0.000260808126768, 0.000670810521115, 0.000642548722681, 0.00112224835902, 0.000374359544367, 0.000177455847734, 5.40379623999e-005, 9.39671554079e-006, 5.23049766343e-006, 3.2105738228e-006, 1.44126005353e-007, 2.69499644823e-009]
        median: [2.82085068193e-007, 4.67372119601e-005, 0.000133776338771, 0.000139496696647, 0.000248128053499, 0.000113119007437, 6.22352745268e-005, 6.31651346339e-005, 8.32806181279e-005, 5.13744926138e-005, 3.04600107484e-005, 3.6964109313e-005, 3.20086546708e-005, 5.35249018867e-005, 7.72520288592e-005, 0.000209691861528, 0.000587752729189, 0.000588337366935, 0.00104351702612, 0.000278519582935, 0.000132410597871, 3.87873405998e-005, 5.57896009923e-006, 2.63967035607e-006, 1.47138575812e-006, 5.80099630554e-008, 1.05397157668e-009]
        min: [1.37474277193e-024, 3.07720715732e-024, 5.8353398e-024, 5.22081005508e-024, 1.22272824998e-023, 9.09728989828e-024, 9.53519684196e-024, 1.38105358029e-023, 5.41186222668e-023, 4.14364652141e-023, 2.79911515e-023, 3.80056334067e-023, 4.28746280641e-023, 4.30277112559e-023, 1.11441988806e-022, 9.92680916787e-023, 1.14563391501e-022, 9.86194776206e-023, 2.1208014255e-022, 2.56647451547e-022, 2.24520314942e-022, 4.37227153839e-022, 4.30595370603e-022, 7.11028732868e-022, 1.16966559692e-021, 1.45078512933e-021, 2.02338010769e-021]
        var: [1.25529076608e-013, 4.08426403808e-009, 8.94341951607e-008, 4.95720797744e-008, 2.26539981441e-007, 3.09612850913e-008, 1.89524893557e-008, 5.77924730294e-008, 5.59054171845e-008, 3.91992216464e-008, 2.25198082404e-008, 2.12490327556e-008, 9.7503720653e-009, 1.15738467699e-008, 2.16361470962e-008, 5.25329362233e-008, 2.18940300556e-007, 1.64622420584e-007, 4.51613146879e-007, 1.1299979974e-007, 2.40079174318e-008, 3.00399527475e-009, 1.2597979604e-010, 8.14485562328e-011, 5.91996868193e-011, 7.83716082482e-014, 1.71556249883e-017]
    frequency_bands:
        dmean: [2.38148146536e-007, 4.70361192129e-005, 0.00012470773072, 0.000127838196931, 0.0002335011377, 8.70469739311e-005, 6.64777762722e-005, 8.68503702804e-005, 9.77925228653e-005, 6.83190228301e-005, 4.94692576467e-005, 4.57141213701e-005, 3.54683943442e-005, 4.55219851574e-005, 6.16922116023e-005, 0.000132229411975, 0.000306869624183, 0.000266168906819, 0.000426622427767, 0.000212022699998, 9.10848903004e-005, 2.8249609386e-005, 6.64382969262e-006, 3.34907917932e-006, 1.73832472683e-006, 7.1504800303e-008, 1.30808430754e-009, 6.08960312731e-011]
        dmean2: [3.92632841795e-007, 7.86642485764e-005, 0.000201231479878, 0.00021399887919, 0.000390551780583, 0.000140152100357, 0.000110383611172, 0.000143447949085, 0.000161358722835, 0.000112478002848, 8.25746828923e-005, 7.47826052248e-005, 5.74894256715e-005, 7.58354508434e-005, 0.000102867968963, 0.000220443791477, 0.000518569839187, 0.000448944949312, 0.000718866533134, 0.000371443660697, 0.000156142705237, 4.75076049042e-005, 1.16545488709e-005, 5.59652062293e-006, 2.71531735052e-006, 1.04940873769e-007, 1.8968291382e-009, 1.1249303572e-010]
        dvar: [6.85981084219e-014, 3.49109430253e-009, 2.95103124159e-008, 3.40909416252e-008, 2.46210049681e-007, 1.52495367445e-008, 1.4863283937e-008, 3.14361265907e-008, 3.15479589119e-008, 1.94608098525e-008, 1.34394753104e-008, 1.35365771925e-008, 5.66723912243e-009, 7.50084439005e-009, 1.26482282425e-008, 2.8658666551e-008, 1.18071675104e-007, 8.65397353778e-008, 1.84188976959e-007, 8.21583867605e-008, 1.42649616564e-008, 1.64664493152e-009, 1.0679579443e-010, 3.97345108205e-011, 2.239358525e-011, 3.90775838066e-014, 6.47051156745e-018, 6.55882937972e-021]
        dvar2: [1.80536697245e-013, 9.30062604709e-009, 6.97589968013e-008, 9.07587462962e-008, 6.60605905978e-007, 3.78332600803e-008, 3.89673395773e-008, 8.42315088789e-008, 8.38392111291e-008, 5.26836849701e-008, 3.46584130284e-008, 3.34042731254e-008, 1.34392967865e-008, 1.945337047e-008, 3.30949880833e-008, 7.40677492672e-008, 3.17193894261e-007, 2.41647995836e-007, 5.18774015745e-007, 2.24819558525e-007, 3.78559796843e-008, 4.22484491835e-009, 2.89732460246e-010, 8.98089519419e-011, 4.76585021447e-011, 8.79873566584e-014, 1.21962048959e-017, 2.06521278807e-020]
        max: [3.32561126015e-006, 0.000516123429406, 0.00392298679799, 0.00433310540393, 0.00605454063043, 0.00238665845245, 0.00254691019654, 0.00399824697524, 0.00441440986469, 0.00404875166714, 0.00243399199098, 0.00340864132158, 0.00199581752531, 0.00265793595463, 0.00367039674893, 0.00336598255672, 0.00658950209618, 0.00606384780258, 0.00673583429307, 0.00523823825642, 0.00186295830645, 0.000736940535717, 0.000206966564292, 0.000134264788358, 0.000157674759976, 9.82691926765e-006, 5.86820192439e-008, 1.0677777551e-009]
        mean: [3.74552371341e-007, 6.54086470604e-005, 0.00023310155666, 0.00020284843049, 0.000369969580788, 0.000166073848959, 0.00010307480261, 0.000131845503347, 0.000157161237439, 0.000111617082439, 7.47595040593e-005, 7.34573186492e-005, 5.81854692427e-005, 7.99635527073e-005, 0.000113164191134, 0.000260808126768, 0.000670810521115, 0.000642548722681, 0.00112224835902, 0.000374359544367, 0.000177455847734, 5.40379623999e-005, 9.39671554079e-006, 5.23049766343e-006, 3.2105738228e-006, 1.44126005353e-007, 2.69499644823e-009, 5.19558424061e-011]
        median: [2.82085068193e-007, 4.67372119601e-005, 0.000133776338771, 0.000139496696647, 0.000248128053499, 0.000113119007437, 6.22352745268e-005, 6.31651346339e-005, 8.32806181279e-005, 5.13744926138e-005, 3.04600107484e-005, 3.6964109313e-005, 3.20086546708e-005, 5.35249018867e-005, 7.72520288592e-005, 0.000209691861528, 0.000587752729189, 0.000588337366935, 0.00104351702612, 0.000278519582935, 0.000132410597871, 3.87873405998e-005, 5.57896009923e-006, 2.63967035607e-006, 1.47138575812e-006, 5.80099630554e-008, 1.05397157668e-009, 2.49569861305e-011]
        min: [1.37474277193e-024, 3.07720715732e-024, 5.8353398e-024, 5.22081005508e-024, 1.22272824998e-023, 9.09728989828e-024, 9.53519684196e-024, 1.38105358029e-023, 5.41186222668e-023, 4.14364652141e-023, 2.79911515e-023, 3.80056334067e-023, 4.28746280641e-023, 4.30277112559e-023, 1.11441988806e-022, 9.92680916787e-023, 1.14563391501e-022, 9.86194776206e-023, 2.1208014255e-022, 2.56647451547e-022, 2.24520314942e-022, 4.37227153839e-022, 4.30595370603e-022, 7.11028732868e-022, 1.16966559692e-021, 1.45078512933e-021, 2.02338010769e-021, 5.11341001916e-022]
        var: [1.25529076608e-013, 4.08426403808e-009, 8.94341951607e-008, 4.95720797744e-008, 2.26539981441e-007, 3.09612850913e-008, 1.89524893557e-008, 5.77924730294e-008, 5.59054171845e-008, 3.91992216464e-008, 2.25198082404e-008, 2.12490327556e-008, 9.7503720653e-009, 1.15738467699e-008, 2.16361470962e-008, 5.25329362233e-008, 2.18940300556e-007, 1.64622420584e-007, 4.51613146879e-007, 1.1299979974e-007, 2.40079174318e-008, 3.00399527475e-009, 1.2597979604e-010, 8.14485562328e-011, 5.91996868193e-011, 7.83716082482e-014, 1.71556249883e-017, 5.49272645218e-021]
    mfcc:
        mean: [-694.118713379, 92.6494979858, -56.0844459534, 65.7811050415, -6.69631576538, -13.7884750366, -0.931941509247, 2.47896933556, 1.25912678242, -8.09004020691, -0.408347755671, -7.25490570068, -8.51990699768]
        cov: [[3647.89599609, 67.8008270264, -134.499038696, 89.7980880737, -115.55052948, 31.9227104187, -40.3775367737, 30.6003093719, -10.8599185944, -18.8199329376, -40.0062713623, 14.6195011139, 11.695646286], [67.8008270264, 533.466003418, -156.901565552, 122.312294006, 17.926700592, -14.4252433777, 22.2129440308, 15.1494846344, 16.2267036438, -41.2101211548, 9.48824214935, -44.1065139771, -40.931842804], [-134.499038696, -156.901565552, 344.62387085, -64.9689712524, 73.280128479, 45.3294372559, 23.018321991, 23.2943706512, 8.8361787796, 22.2085170746, -23.3388404846, -0.69048511982, 2.07350635529], [89.7980880737, 122.312294006, -64.9689712524, 191.427810669, 10.6955947876, 12.6032400131, -12.3012695313, -8.65610122681, -0.519220530987, -6.35736560822, 5.42366790771, -14.4897317886, -9.5115480423], [-115.55052948, 17.926700592, 73.280128479, 10.6955947876, 135.82800293, 29.9229278564, 21.4374980927, -12.0545749664, -9.99819374084, -2.35988354683, 9.00830745697, -8.57964897156, -3.96025872231], [31.9227104187, -14.4252433777, 45.3294372559, 12.6032400131, 29.9229278564, 81.4245376587, 24.3866386414, 12.7590589523, -7.77529621124, 4.98241233826, -3.59856414795, 6.96761035919, 5.81743431091], [-40.3775367737, 22.2129440308, 23.018321991, -12.3012695313, 21.4374980927, 24.3866386414, 68.906036377, 29.9669570923, 7.40072536469, -6.75500011444, -3.82663393021, -0.587189137936, 0.0294888932258], [30.6003093719, 15.1494846344, 23.2943706512, -8.65610122681, -12.0545749664, 12.7590589523, 29.9669570923, 63.511806488, 24.2999916077, 10.057808876, -6.21392154694, 2.96984887123, 1.85383105278], [-10.8599185944, 16.2267036438, 8.8361787796, -0.519220530987, -9.99819374084, -7.77529621124, 7.40072536469, 24.2999916077, 54.1670417786, 18.0062236786, 6.77897262573, -5.65718221664, -3.86372947693], [-18.8199329376, -41.2101211548, 22.2085170746, -6.35736560822, -2.35988354683, 4.98241233826, -6.75500011444, 10.057808876, 18.0062236786, 55.4451065063, 13.5446252823, 8.13993167877, -0.193315207958], [-40.0062713623, 9.48824214935, -23.3388404846, 5.42366790771, 9.00830745697, -3.59856414795, -3.82663393021, -6.21392154694, 6.77897262573, 13.5446252823, 48.295009613, 14.4949550629, 5.80128717422], [14.6195011139, -44.1065139771, -0.69048511982, -14.4897317886, -8.57964897156, 6.96761035919, -0.587189137936, 2.96984887123, -5.65718221664, 8.13993167877, 14.4949550629, 50.6764373779, 26.9827518463], [11.695646286, -40.931842804, 2.07350635529, -9.5115480423, -3.96025872231, 5.81743431091, 0.0294888932258, 1.85383105278, -3.86372947693, -0.193315207958, 5.80128717422, 26.9827518463, 47.02186203]]
        icov: [[0.000297107355436, -1.60436538863e-005, 9.08095171326e-005, -9.81333650998e-005, 0.000183406969882, -0.000249921227805, 0.000281746470137, -0.000232174948906, 3.68615910702e-005, 9.21819591895e-005, 0.000250066077569, -0.000117789844808, -1.62281266967e-005], [-1.60436538863e-005, 0.00310172815807, 0.00126980734058, -0.00135594268795, -0.000978989992291, 0.000363212224329, -0.000553714693524, -0.00158357073087, -0.000847182469442, 0.00212180591188, -0.000911779410671, 0.00111306004692, 0.00172200694215], [9.08095171326e-005, 0.00126980734058, 0.00484357634559, 0.000954312214162, -0.00294202612713, -0.00149816123303, 0.000595635559876, -0.00171628803946, -0.00123962666839, -0.000715163303539, 0.00257679983042, 0.000186588542419, 0.000537291110959], [-9.81333650998e-005, -0.00135594268795, 0.000954312214162, 0.00688874162734, -0.000706118997186, -0.00238019623794, 0.00219642859884, 0.000418651237851, -0.000451837462606, -0.000259860797087, -0.000143185694469, 0.00124265369959, -0.000321040075505], [0.000183406969882, -0.000978989992291, -0.00294202612713, -0.000706118997186, 0.0113132353872, -0.00238672783598, -0.0036796934437, 0.00431664567441, 0.00185851834249, -0.000114814538392, -0.00392023520544, 0.00247591431253, -0.000615558528807], [-0.000249921227805, 0.000363212224329, -0.00149816123303, -0.00238019623794, -0.00238672783598, 0.0173286367208, -0.00534625677392, -0.00212055374868, 0.00431194156408, -0.00282672839239, 0.0011849940056, -0.00190543301869, -0.00100509345066], [0.000281746470137, -0.000553714693524, 0.000595635559876, 0.00219642859884, -0.0036796934437, -0.00534625677392, 0.023546313867, -0.0110499402508, -0.00130082550459, 0.00540954107419, -0.000239094311837, -0.000217210690607, 0.000707833387423], [-0.000232174948906, -0.00158357073087, -0.00171628803946, 0.000418651237851, 0.00431664567441, -0.00212055374868, -0.0110499402508, 0.0283499043435, -0.00959040876478, -0.00421595619991, 0.00463981227949, -0.00301382504404, -0.00129357888363], [3.68615910702e-005, -0.000847182469442, -0.00123962666839, -0.000451837462606, 0.00185851834249, 0.00431194156408, -0.00130082550459, -0.00959040876478, 0.0280619338155, -0.00762526784092, -0.00512306299061, 0.00585485296324, -0.00123457622249], [9.21819591895e-005, 0.00212180591188, -0.000715163303539, -0.000259860797087, -0.000114814538392, -0.00282672839239, 0.00540954107419, -0.00421595619991, -0.00762526784092, 0.0261801984161, -0.00685496814549, -0.00299866800196, 0.00435344921425], [0.000250066077569, -0.000911779410671, 0.00257679983042, -0.000143185694469, -0.00392023520544, 0.0011849940056, -0.000239094311837, 0.00463981227949, -0.00512306299061, -0.00685496814549, 0.0293402057141, -0.0097723249346, -0.000119298303616], [-0.000117789844808, 0.00111306004692, 0.000186588542419, 0.00124265369959, 0.00247591431253, -0.00190543301869, -0.000217210690607, -0.00301382504404, 0.00585485296324, -0.00299866800196, -0.0097723249346, 0.0345979742706, -0.0163745358586], [-1.62281266967e-005, 0.00172200694215, 0.000537291110959, -0.000321040075505, -0.000615558528807, -0.00100509345066, 0.000707833387423, -0.00129357888363, -0.00123457622249, 0.00435344921425, -0.000119298303616, -0.0163745358586, 0.0321315899491]]
    sccoeffs:
        dmean: [0.0499282516539, 0.0435245893896, 0.0368881225586, 0.0269608367234, 0.0234937556088, 0.0171515345573]
        dmean2: [0.0828792825341, 0.07309474051, 0.0612929984927, 0.0459731407464, 0.0394364707172, 0.02798634395]
        dvar: [0.00164919462986, 0.00116828584578, 0.000816039682832, 0.000435538851889, 0.000360642326996, 0.0002127350308]
        dvar2: [0.0045205000788, 0.00329874479212, 0.00227453606203, 0.00123383768369, 0.00100642046891, 0.000517722161021]
        max: [-0.384141653776, -0.532435238361, -0.554428756237, -0.637699723244, -0.644978225231, -0.648668766022]
        mean: [-0.669252157211, -0.781737327576, -0.799557566643, -0.810334503651, -0.767384111881, -0.737402677536]
        median: [-0.674598157406, -0.786055922508, -0.803909242153, -0.812205255032, -0.76593798399, -0.735776424408]
        min: [-0.973102807999, -0.989061832428, -0.966536283493, -0.963171243668, -0.966347932816, -0.96111613512]
        var: [0.00443420140073, 0.00280183786526, 0.00211429130286, 0.00102991226595, 0.000935368589126, 0.00125986349303]
    scvalleys:
        dmean: [0.348245292902, 0.337646156549, 0.295887023211, 0.243218541145, 0.235260605812, 0.330757260323]
        dmean2: [0.585307300091, 0.549921274185, 0.470999419689, 0.380645006895, 0.367439180613, 0.517871260643]
        dvar: [0.090959943831, 0.0852062553167, 0.0727752149105, 0.0547819584608, 0.0673417747021, 0.160769313574]
        dvar2: [0.223267242312, 0.183094620705, 0.145041286945, 0.0930117070675, 0.125071302056, 0.363378256559]
        max: [-5.33676290512, -4.70850610733, -5.07823467255, -5.37134742737, -5.42396306992, -7.32891607285]
        mean: [-6.80322122574, -6.58023738861, -6.94801330566, -7.02313566208, -6.59732532501, -9.57370853424]
        median: [-6.6109457016, -6.48290920258, -6.89683580399, -6.91631650925, -6.46594905853, -9.40800189972]
        min: [-28.0299797058, -27.6006736755, -27.5773105621, -27.6494522095, -27.4833812714, -27.3643188477]
        var: [1.18946790695, 0.958269834518, 0.983071267605, 0.899174332619, 0.902151405811, 1.25615668297]

rhythm:
    beats_loudness:
        dmean: 0.00196096068248
        dmean2: 0.00344842392951
        dvar: 2.01010334422e-006
        dvar2: 5.94222774453e-006
        max: 0.0138436360285
        mean: 0.00657461211085
        median: 0.00661905435845
        min: 2.29910673832e-010
        var: 5.45939610674e-006
    bpm: 129.733703613
    bpm_confidence: 0
    first_peak_bpm: 129
    first_peak_spread: 0.188255622983
    first_peak_weight: 0.807560145855
    onset_rate: 3.45152759552
    second_peak_bpm: 117
    second_peak_spread: 0
    second_peak_weight: 0.00171821308322
    beats_loudness_band_ratio:
        dmean: [0.077375203371, 0.123074151576, 0.0510708726943, 0.0343717969954, 0.0948796197772, 0.0842814967036]
        dmean2: [0.137305364013, 0.239414915442, 0.0913010537624, 0.0626517832279, 0.171746298671, 0.149264872074]
        dvar: [0.00605922751129, 0.0066364579834, 0.00225035962649, 0.00200230046175, 0.00445889402181, 0.00442477688193]
        dvar2: [0.0183271337301, 0.0231339018792, 0.00658255070448, 0.00616683298722, 0.0147409290075, 0.013273996301]
        max: [0.708480536938, 0.418895810843, 0.373850017786, 0.311399251223, 0.643864035606, 0.78423756361]
        mean: [0.114416629076, 0.134760826826, 0.0902536958456, 0.0553249791265, 0.36065492034, 0.288309335709]
        median: [0.0919988527894, 0.112416610122, 0.078124910593, 0.0417382009327, 0.356421560049, 0.278773039579]
        min: [0.000563659530599, 0.000151380023453, 0.00776248145849, 0.00527311721817, 0.11665237695, 0.0916952490807]
        var: [0.0071050869301, 0.00833000801504, 0.00288946391083, 0.00174771016464, 0.00659822393209, 0.0067739081569]
    beats_position: [0.49922901392, 1.01006805897, 1.49768710136, 1.97369611263, 2.43809509277, 2.90249419212, 3.36689329147, 3.8196823597, 4.27247142792, 4.73687076569, 5.20126962662, 5.66566896439, 6.13006782532, 6.59446716309, 7.05886602402, 7.52326536179, 7.97605419159, 8.42884349823, 8.893242836, 9.35764122009, 9.82204055786, 10.2864398956, 10.7508392334, 11.2152376175, 11.6796369553, 12.144036293, 12.6084346771, 13.0728340149, 13.5256233215, 13.9784126282, 14.4428119659, 14.90721035, 15.3716096878, 15.8360090256, 16.3004074097, 16.7648067474, 17.2292060852, 17.693605423, 18.1580047607, 18.6224040985, 19.0868015289, 19.5512008667, 20.0156002045, 20.4799995422, 20.94439888, 21.3971881866, 21.8499774933, 22.3143768311, 22.7787742615, 23.2431735992, 23.707572937, 24.1719722748, 24.6363716125, 25.1007709503, 25.5651702881, 26.0295696259, 26.4823570251, 26.9351463318, 27.3995456696, 27.8639450073, 28.3283443451, 28.7927436829, 29.2571430206, 29.7215423584, 30.1859397888, 30.6503391266, 31.1147384644, 31.567527771, 32.0203170776, 32.4847145081, 32.9491157532, 33.4135131836, 33.8779144287, 34.3423118591, 34.8067131042, 35.2711105347, 35.7355079651, 36.1999092102, 36.6643066406, 37.1170959473, 37.5814971924, 38.034286499, 38.4986839294, 38.9630813599, 39.427482605, 39.8918800354, 40.3562812805, 40.8206787109, 41.2850799561, 41.7494773865, 42.2138786316, 42.678276062, 43.1310653687, 43.5838546753, 44.0482521057, 44.5126533508, 44.9770507813, 45.4414520264, 45.9058494568, 46.3702468872, 46.8346481323, 47.2990455627, 47.7634468079, 48.2278442383, 48.6806335449, 49.1334228516, 49.5978240967, 50.0622215271, 50.5266189575, 50.9910202026, 51.4554176331, 51.9198188782, 52.3842163086, 52.8486175537, 53.3130149841, 53.7774124146, 54.2418136597, 54.7062110901, 55.1706123352, 55.6234016418, 56.0761909485, 56.5405883789, 57.0049858093, 57.4693870544, 57.9221763611, 58.3749656677, 58.8393630981, 59.3037643433, 59.7681617737, 60.2325630188, 60.6969604492, 61.1613578796, 61.6257591248, 62.0901565552, 62.5545578003, 63.0189552307, 63.4833564758, 63.9477539063, 64.4121551514, 64.8765487671, 65.3409500122, 65.7937393188, 66.258140564, 66.7109298706, 67.1753311157, 67.6397247314, 68.1041259766, 68.5685272217, 69.0329208374, 69.4973220825, 69.9617233276, 70.4261245728, 70.8789138794, 71.3316955566, 71.7960968018, 72.2604980469, 72.724899292, 73.1892929077, 73.6536941528, 74.1180953979, 74.5824966431, 75.0468902588, 75.5112915039, 75.975692749, 76.4284820557, 76.8812713623, 77.345664978, 77.8100662231, 78.2744674683, 78.738861084, 79.2032623291, 79.6792755127, 80.1436691284, 80.5964584351, 81.0608596802, 81.5252609253, 81.9896621704, 82.4540557861, 82.9068450928, 83.3712463379, 83.835647583, 84.2884368896, 84.7528305054, 85.2172317505, 85.6816329956, 86.1460266113, 86.6104278564, 87.0748291016, 87.5392303467, 88.0036239624, 88.4680252075, 88.9324264526, 89.3968200684, 89.8612213135, 90.3140106201, 90.7667999268, 91.2312011719, 91.695602417, 92.1599960327, 92.6243972778, 93.0887985229, 93.5531921387, 94.0175933838, 94.4819946289, 94.946395874, 95.4107894897, 95.8751907349, 96.3279800415, 96.7923812866, 97.2567749023, 97.709564209, 98.1739654541, 98.6383666992, 99.1027679443, 99.5671615601, 100.019950867, 100.472740173, 100.937141418, 101.401542664, 101.865936279, 102.330337524, 102.79473877, 103.259140015, 103.72353363, 104.187934875, 104.652336121, 105.116729736, 105.581130981, 106.045532227, 106.498321533, 106.95111084, 107.415504456, 107.879905701, 108.344306946, 108.808708191, 109.273101807, 109.737503052, 110.201904297, 110.666305542, 111.130699158, 111.595100403, 112.059501648, 112.523895264, 112.988296509, 113.452697754, 113.905487061, 114.369888306, 114.822669983, 115.287071228, 115.751472473, 116.215873718, 116.680267334, 117.144668579, 117.609069824, 118.07346344, 118.537864685, 119.00226593, 119.466667175, 119.919456482, 120.372245789, 120.836639404, 121.301040649, 121.765441895, 122.22983551, 122.694236755, 123.158638, 123.623039246, 124.087432861, 124.551834106, 125.016235352, 125.480628967, 125.945030212, 126.397819519, 126.850608826, 127.315010071, 127.779411316, 128.243804932, 128.708206177, 129.172607422, 129.637008667, 130.078186035, 130.54258728, 131.006988525, 131.471374512, 131.935775757, 132.400177002, 132.864578247, 133.328979492, 133.793380737, 134.257781982, 134.722167969, 135.186569214, 135.650970459, 136.115371704, 136.579772949, 137.032562256, 137.496963501, 137.961364746, 138.414154053, 138.878540039, 139.342941284, 139.807342529, 140.271743774, 140.73614502, 141.200546265, 141.66494751, 142.129333496, 142.593734741, 143.058135986, 143.522537231, 143.975326538, 144.428115845, 144.89251709, 145.356918335, 145.82131958, 146.285705566, 146.750106812, 147.214508057, 147.678909302, 148.143310547, 148.607711792, 149.060501099, 149.513290405, 149.97769165, 150.442077637, 150.906478882, 151.370880127, 151.835281372, 152.299682617, 152.764083862, 153.228485107, 153.692871094, 154.157272339, 154.610061646, 155.062850952, 155.527252197, 155.991653442, 156.456054688, 156.920455933, 157.384857178, 157.849243164, 158.313644409, 158.778045654, 159.242446899, 159.718460083, 160.194458008, 160.658859253, 161.123260498, 161.587661743, 162.052062988, 162.516464233, 162.96925354, 163.422042847, 163.874832153, 164.339233398, 164.792022705, 165.256408691, 165.720809937, 166.185211182, 166.649612427, 167.114013672, 167.578414917, 168.042816162, 168.49559021, 168.948379517, 169.412780762, 169.877182007, 170.341583252, 170.805984497, 171.270385742, 171.734786987, 172.199172974, 172.663574219, 173.127975464, 173.592376709, 174.045166016, 174.509567261, 174.962356567, 175.426757813, 175.891159058, 176.355545044, 176.819946289, 177.284347534, 177.748748779, 178.213150024, 178.67755127, 179.130340576, 179.583129883, 180.047531128, 180.511917114, 180.976318359, 181.440719604, 181.90512085, 182.369522095, 182.83392334, 183.298324585, 183.762710571, 184.227111816, 184.691513062, 185.144302368, 185.597091675, 186.06149292, 186.525894165, 186.99029541, 187.454696655, 187.919082642, 188.383483887, 188.847885132, 189.312286377, 189.776687622, 190.241088867, 190.693878174, 191.14666748, 191.611068726, 192.075454712, 192.539855957, 193.004257202, 193.468658447, 193.921447754, 194.397460938, 194.861862183, 195.326248169, 195.790649414, 196.255050659, 196.719451904, 197.172241211, 197.625030518, 198.089431763, 198.553833008, 199.018234253, 199.482620239, 199.947021484, 200.411422729, 200.875823975, 201.34022522, 201.804626465, 202.257415771, 202.710205078, 203.174606323, 203.63899231, 204.103393555, 204.5677948, 205.032196045, 205.484985352, 205.949386597, 206.413787842, 206.866577148, 207.330978394, 207.79536438, 208.259765625, 208.72416687, 209.188568115, 209.65296936, 210.117370605, 210.581771851, 211.046157837, 211.510559082, 211.974960327, 212.427749634, 212.892150879, 213.356552124, 213.809341431, 214.273742676, 214.738143921, 215.202529907, 215.666931152, 216.131332397, 216.595733643, 217.060134888, 217.524536133, 217.988937378, 218.453323364, 218.917724609, 219.370513916, 219.823303223, 220.287704468, 220.752105713, 221.20489502, 221.669296265, 222.145309448, 222.609695435, 223.07409668, 223.538497925, 224.00289917, 224.467300415, 224.93170166, 225.396102905, 225.860488892, 226.324890137, 226.777679443, 227.242080688, 227.694869995, 228.15927124, 228.623672485, 229.076461792, 229.529251099, 229.993652344, 230.45803833, 230.922439575, 231.398452759, 231.874465942, 232.338867188, 232.803268433, 233.256057739, 233.708831787, 234.173233032, 234.637634277, 235.102035522, 235.566436768, 236.019226074, 236.472015381, 236.936416626, 237.400817871, 237.865203857, 238.329605103, 238.782394409, 239.235183716, 239.699584961, 240.163986206, 240.628387451, 241.092788696, 241.557189941, 242.021575928, 242.485977173, 242.938766479, 243.403167725, 243.855957031, 244.320358276, 244.784759521, 245.249160767, 245.713562012, 246.177947998, 246.642349243, 247.106750488, 247.571151733, 248.035552979, 248.499954224, 248.964355469, 249.428741455, 249.8931427, 250.345932007, 250.810333252, 251.263122559, 251.727523804, 252.191925049, 252.656326294, 253.120727539, 253.585113525, 254.049514771, 254.513916016, 254.978317261, 255.442718506, 255.907119751, 256.371520996, 256.835906982, 257.288696289, 257.741485596, 258.2059021, 258.670288086, 259.134674072, 259.599090576, 260.063476563, 260.527893066, 260.992279053, 261.456695557, 261.909484863, 262.37387085, 262.826660156, 263.291046143, 263.755462646, 264.219848633, 264.684265137, 265.148651123, 265.613067627, 266.065856934, 266.51864624, 266.971435547, 267.424224854, 267.88861084, 268.352996826, 268.81741333, 269.281799316, 269.74621582]
