
metadata:
    version:
        essentia: "2.1-beta2"
    audio_properties:
        analysis_sample_rate: 44100
        bitrate: 192
        channels: 2
        equal_loudness: 1
        length: 190.302047729
        replay_gain: -14.5312919617
        downmix: "mix"
    tags:
        album: "The Undying Darkness"
        artist: "Caliban"
        comment: "caliban.ru"
        date: "2006"
        genre: "Metalcore"
        title: "Together Alone"
        tracknumber: "06"

configuration:
    average_loudness:
        compute: 1
        frameSize: 88200
        hopSize: 44100
        silentFrames: "noise"
        windowType: "hann"
    general:
        analysisSampleRate: 44100
        endTime: 2000
        equalLoudness: 1
        nequalLoudness: 0
        shortSound: 0
        startTime: 0
    lowlevel:
        compute: 1
        frameSize: 2048
        hopSize: 1024
        zeroPadding: 0
        silentFrames: "noise"
        windowType: "blackmanharris62"
        mfccStats: ["mean", "cov", "icov"]
        stats: ["mean", "var", "median", "min", "max", "dmean", "dmean2", "dvar", "dvar2"]
    panning:
        compute: 0
        frameSize: 8192
        hopSize: 2048
        zeroPadding: 8192
        silentFrames: "noise"
        windowType: "hann"
        stats: ["copy"]
    rhythm:
        compute: 1
        maxTempo: 208
        minTempo: 40
        method: "degara"
        stats: ["mean", "var", "median", "min", "max", "dmean", "dmean2", "dvar", "dvar2"]
    segmentation:
        compute: 0
        cpw: 5
        inc1: 300
        inc2: 50
        minimumSegmentsLength: 10
        size1: 1000
        size2: 600
    sfx:
        compute: 1
        stats: ["mean", "var", "median", "min", "max", "dmean", "dmean2", "dvar", "dvar2"]
    svm:
        compute: 0
    tonal:
        compute: 1
        frameSize: 4096
        hopSize: 2048
        zeroPadding: 0
        silentFrames: "noise"
        windowType: "blackmanharris62"
        stats: ["mean", "var", "median", "min", "max", "dmean", "dmean2", "dvar", "dvar2"]

lowlevel:
    average_loudness: 0.962783873081
    barkbands_kurtosis:
        dmean: 0.790706813335
        dmean2: 1.33525145054
        dvar: 1.97835230827
        dvar2: 5.25528001785
        max: 47.7555770874
        mean: -0.684094667435
        median: -1.15905308723
        min: -1.90022063255
        var: 3.03031587601
    barkbands_skewness:
        dmean: 0.455566823483
        dmean2: 0.71624481678
        dvar: 0.186873555183
        dvar2: 0.438931047916
        max: 6.92969179153
        mean: -0.520024478436
        median: -0.536674559116
        min: -4.13633012772
        var: 0.513145685196
    barkbands_spread:
        dmean: 6.22155284882
        dmean2: 10.2950372696
        dvar: 32.981086731
        dvar2: 87.8066635132
        max: 63.908039093
        mean: 37.9314117432
        median: 38.3525161743
        min: 2.92973184586
        var: 97.9096603394
    dissonance:
        dmean: 0.0079985242337
        dmean2: 0.0137058021501
        dvar: 7.04354824848e-005
        dvar2: 0.000195814209292
        max: 0.500000119209
        mean: 0.48781567812
        median: 0.490610271692
        min: 0.400127351284
        var: 9.82547790045e-005
    hfc:
        dmean: 4.99754524231
        dmean2: 8.59255409241
        dvar: 38.5280761719
        dvar2: 102.655540466
        max: 52.9822540283
        mean: 11.562169075
        median: 10.3163919449
        min: 1.11176488929e-016
        var: 47.2600708008
    pitch:
        dmean: 758.569274902
        dmean2: 1428.19873047
        dvar: 1351967
        dvar2: 3420019.25
        max: 4465.15820313
        mean: 2714.84643555
        median: 3395.25244141
        min: 77.7944335938
        var: 1855674.625
    pitch_instantaneous_confidence:
        dmean: 0.0748776867986
        dmean2: 0.125841930509
        dvar: 0.00357385748066
        dvar2: 0.00987422931939
        max: 0.86430990696
        mean: 0.375783503056
        median: 0.370695948601
        min: 0.135456264019
        var: 0.00942838843912
    pitch_salience:
        dmean: 0.0531224571168
        dmean2: 0.0887110084295
        dvar: 0.00233063241467
        dvar2: 0.00617288285866
        max: 0.944864630699
        mean: 0.698558568954
        median: 0.710254371166
        min: 0.140802338719
        var: 0.00463802553713
    silence_rate_20dB:
        dmean: 0
        dmean2: 0
        dvar: 0
        dvar2: 0
        max: 1
        mean: 1
        median: 1
        min: 1
        var: 0
    silence_rate_30dB:
        dmean: 0
        dmean2: 0
        dvar: 0
        dvar2: 0
        max: 1
        mean: 1
        median: 1
        min: 1
        var: 0
    silence_rate_60dB:
        dmean: 0.0671059042215
        dmean2: 0.134228184819
        dvar: 0.0626093298197
        dvar2: 0.150378525257
        max: 1
        mean: 0.142369166017
        median: 0
        min: 0
        var: 0.122096501291
    spectral_centroid:
        dmean: 341.919464111
        dmean2: 539.748901367
        dvar: 114123.257813
        dvar2: 247858.453125
        max: 10938.4082031
        mean: 2154.90112305
        median: 2163.15917969
        min: 286.942749023
        var: 288958.90625
    spectral_complexity:
        dmean: 5.46046829224
        dmean2: 8.72410011292
        dvar: 24.6855602264
        dvar2: 58.7204818726
        max: 47
        mean: 20.4828586578
        median: 21
        min: 0
        var: 85.0158615112
    spectral_crest:
        dmean: 1.58935618401
        dmean2: 2.65860843658
        dvar: 2.45783758163
        dvar2: 6.26945304871
        max: 25.6103458405
        mean: 6.06125116348
        median: 5.5420794487
        min: 2.44494128227
        var: 4.62514400482
    spectral_decrease:
        dmean: 3.65387609058e-010
        dmean2: 6.1753802072e-010
        dvar: 2.11827875081e-019
        dvar2: 5.69098658774e-019
        max: 3.91488684898e-029
        mean: -1.15159615177e-009
        median: -1.09913800284e-009
        min: -4.4798635912e-009
        var: 3.38683750985e-019
    spectral_energy:
        dmean: 0.00179645966273
        dmean2: 0.00305671663955
        dvar: 4.99936959386e-006
        dvar2: 1.33716375785e-005
        max: 0.0216918326914
        mean: 0.00539512932301
        median: 0.00508377607912
        min: 1.03818735901e-020
        var: 7.57093675929e-006
    spectral_energyband_high:
        dmean: 0.000476808636449
        dmean2: 0.000858583603986
        dvar: 4.29746478403e-007
        dvar2: 1.16140893169e-006
        max: 0.0044671036303
        mean: 0.000706602237187
        median: 0.000528730626684
        min: 7.28371626562e-021
        var: 3.63476061693e-007
    spectral_energyband_low:
        dmean: 0.000309912022203
        dmean2: 0.000516904052347
        dvar: 1.23539479091e-007
        dvar2: 3.31125733055e-007
        max: 0.00577911641449
        mean: 0.000558778003324
        median: 0.000462652969873
        min: 8.56236505394e-023
        var: 1.93509478663e-007
    spectral_energyband_middle_high:
        dmean: 0.00104449002538
        dmean2: 0.00172986206599
        dvar: 1.28506235342e-006
        dvar2: 3.34821334036e-006
        max: 0.0132299242541
        mean: 0.00289522088133
        median: 0.00263780169189
        min: 1.62383743251e-021
        var: 2.80993617707e-006
    spectral_energyband_middle_low:
        dmean: 0.00062436592998
        dmean2: 0.00103137269616
        dvar: 1.05295475805e-006
        dvar2: 2.88325441034e-006
        max: 0.0118966381997
        mean: 0.00139795523137
        median: 0.00114109041169
        min: 2.9267559999e-022
        var: 1.33651383294e-006
    spectral_flatness_db:
        dmean: 0.0131022082642
        dmean2: 0.0215337555856
        dvar: 0.000144041143358
        dvar2: 0.000357127690222
        max: 0.354445457458
        mean: 0.146448522806
        median: 0.141907528043
        min: 0.0679057985544
        var: 0.000633059768006
    spectral_flux:
        dmean: 0.00885602086782
        dmean2: 0.0141379879788
        dvar: 9.80859040283e-005
        dvar2: 0.000168029262568
        max: 0.112176664174
        mean: 0.0466550700366
        median: 0.0459622293711
        min: 1.04314099025e-010
        var: 0.000248353986535
    spectral_kurtosis:
        dmean: 0.931291460991
        dmean2: 1.61680209637
        dvar: 0.834266126156
        dvar2: 2.53459668159
        max: 12.5460300446
        mean: 2.64435791969
        median: 2.42915701866
        min: -1.24000406265
        var: 1.42999064922
    spectral_rms:
        dmean: 0.000357848912245
        dmean2: 0.000592718366534
        dvar: 1.55357540166e-007
        dvar2: 4.07646069789e-007
        max: 0.0046003004536
        mean: 0.00220617325976
        median: 0.00222705677152
        min: 3.18255513089e-012
        var: 3.96323684981e-007
    spectral_rolloff:
        dmean: 336.870422363
        dmean2: 546.923461914
        dvar: 180310.34375
        dvar2: 356047.15625
        max: 19035.3515625
        mean: 3749.49804688
        median: 3768.31054688
        min: 129.19921875
        var: 320969.625
    spectral_skewness:
        dmean: 0.154722079635
        dmean2: 0.25803142786
        dvar: 0.0179893784225
        dvar2: 0.0496942438185
        max: 2.43090796471
        mean: 1.01439225674
        median: 1.007422328
        min: 0.0105159506202
        var: 0.0477408319712
    spectral_spread:
        dmean: 401734.3125
        dmean2: 611577.1875
        dvar: 429028605952
        dvar2: 537876365312
        max: 41805628
        mean: 4264815.5
        median: 4157328.5
        min: 1748846.5
        var: 1.17542119014e+012
    spectral_strongpeak:
        dmean: 0.485934793949
        dmean2: 0.861816227436
        dvar: 0.45111951232
        dvar2: 1.2119576931
        max: 7.19355010986
        mean: 0.58519166708
        median: 0.248781651258
        min: 1.22683407877e-009
        var: 0.570300221443
    zerocrossingrate:
        dmean: 0.00835535209626
        dmean2: 0.0103560313582
        dvar: 8.61984517542e-005
        dvar2: 0.00010042777285
        max: 0.50927734375
        mean: 0.11607541889
        median: 0.11669921875
        min: 0.025390625
        var: 0.000422301673098
    barkbands:
        dmean: [5.00920691593e-007, 0.000114421032777, 0.000202469585929, 0.000178952963324, 0.000312381074764, 0.000142881879583, 0.000117701245472, 9.62327612797e-005, 0.000101319652458, 7.5635194662e-005, 5.75878002564e-005, 5.53962236154e-005, 4.93477782584e-005, 4.59665352537e-005, 6.30052381894e-005, 0.000133676221594, 0.000175290188054, 0.000377028656658, 0.000393786118366, 0.000365600659279, 0.000181582654477, 8.08530967333e-005, 7.61355204304e-006, 2.23056713367e-006, 1.70490329765e-006, 3.09722381076e-008, 2.26626703514e-010]
        dmean2: [9.11436075057e-007, 0.000193921412574, 0.000341114093317, 0.000300917774439, 0.000524032511748, 0.000241525660385, 0.000196658686036, 0.00015967048239, 0.000168373182532, 0.000120532131405, 9.55882205744e-005, 9.2211215815e-005, 8.21791036287e-005, 7.70664337324e-005, 0.000103467667941, 0.000224844305194, 0.00029133213684, 0.000633674208075, 0.000668511493132, 0.000650130677968, 0.000317386409733, 0.000147320955875, 1.33830772029e-005, 3.74765386368e-006, 2.99353587252e-006, 5.09918720581e-008, 4.21903761927e-010]
        dvar: [5.15264805649e-013, 2.06255030832e-008, 5.85551482857e-008, 7.76388731083e-008, 4.16753579202e-007, 7.67026264725e-008, 7.0205295799e-008, 4.64897382813e-008, 4.52147865815e-008, 3.48134285844e-008, 1.6117647661e-008, 1.13228297849e-008, 1.33319471018e-008, 9.05028763043e-009, 2.45184583747e-008, 2.77943250637e-008, 4.58742555054e-008, 2.07002017305e-007, 1.84362022537e-007, 2.25301505452e-007, 4.91745488773e-008, 1.49828309759e-008, 1.49005349726e-010, 9.27558550801e-012, 5.95352499938e-012, 4.02958687536e-015, 1.02048761645e-019]
        dvar2: [1.44716205165e-012, 5.61203172822e-008, 1.53429425609e-007, 2.03124926657e-007, 1.17329136629e-006, 1.97592328277e-007, 1.6666972158e-007, 1.21818516163e-007, 1.19576498037e-007, 8.22240622256e-008, 4.28718323064e-008, 2.93256334771e-008, 3.36784395927e-008, 2.21770815045e-008, 5.73471901077e-008, 7.56784359623e-008, 1.16475185052e-007, 5.52627398065e-007, 4.92770766414e-007, 6.08939274116e-007, 1.33943416358e-007, 4.04342479499e-008, 4.04812044996e-010, 2.17892977966e-011, 1.53176377832e-011, 9.77505074362e-015, 3.24919465592e-019]
        max: [1.20658014566e-005, 0.00111144094262, 0.0040527516976, 0.00437294133008, 0.00706224236637, 0.0044476413168, 0.00510617997497, 0.00458885869011, 0.00314816925675, 0.00594968954101, 0.00238039065152, 0.00218355446123, 0.00226517696865, 0.00253035826609, 0.0056326109916, 0.00517475744709, 0.00392306642607, 0.00713426060975, 0.00571615854278, 0.00315035879612, 0.00196111924015, 0.000762484385632, 0.000134812857141, 6.3688858063e-005, 3.24924185406e-005, 1.38725579291e-006, 5.1108854926e-009]
        mean: [6.07791434959e-007, 0.00016169322771, 0.000284568552161, 0.000233538317843, 0.000420986732934, 0.00021018012194, 0.000158392300364, 0.000145605183206, 0.000164859418874, 0.000139644544106, 9.18624209589e-005, 9.29789093789e-005, 8.40490101837e-005, 7.59824179113e-005, 0.000117944313388, 0.000247834715992, 0.000348771514837, 0.000732230546419, 0.000752515159547, 0.000515965744853, 0.000308868591674, 8.70425865287e-005, 1.22526644191e-005, 4.37308381152e-006, 2.3344850888e-006, 5.16515754612e-008, 1.7696882848e-010]
        median: [3.98743793539e-007, 0.000115632312372, 0.000201217379072, 0.000139944779221, 0.000243422429776, 0.000121505814604, 6.76774507156e-005, 4.00050412281e-005, 5.39092834515e-005, 4.16687398683e-005, 3.23576241499e-005, 3.34909709636e-005, 2.68630810751e-005, 3.86758292734e-005, 5.7798155467e-005, 0.00020145320741, 0.000277315091807, 0.000567325798329, 0.000657132884953, 0.000390769622754, 0.00025678606471, 4.65934135718e-005, 7.68748668634e-006, 3.03430215354e-006, 1.24646521726e-006, 2.39261321866e-008, 7.00037736112e-011]
        min: [1.4708724941e-023, 2.292094998e-023, 1.29454614679e-023, 7.60157096779e-024, 2.5540435191e-023, 5.11484757616e-023, 1.48732623931e-023, 3.65031752375e-023, 7.74483694342e-023, 6.46071401577e-023, 7.35582880513e-023, 6.45528791492e-023, 6.16398430182e-023, 1.5438262875e-022, 9.54695560261e-023, 8.47391796925e-023, 1.43647708578e-022, 1.89787791649e-022, 1.9194699861e-022, 3.03591087269e-022, 3.25309677545e-022, 3.96458191168e-022, 6.44330631684e-022, 8.12563638446e-022, 9.96946609557e-022, 1.57203595347e-021, 2.24281016195e-021]
        var: [9.03606074514e-013, 2.32927224175e-008, 8.37423783651e-008, 9.63575459423e-008, 3.55255082241e-007, 9.61923802834e-008, 9.38601161238e-008, 8.57326654113e-008, 9.14448534672e-008, 1.04825396363e-007, 2.98373450391e-008, 2.52008938162e-008, 3.46375621518e-008, 2.1444412468e-008, 6.07399712749e-008, 4.59325093516e-008, 9.4021828545e-008, 3.8280671788e-007, 2.4892278816e-007, 1.99698959591e-007, 5.15235463183e-008, 1.11759472787e-008, 1.88859691774e-010, 2.03255502707e-011, 7.89848568494e-012, 7.62343035649e-015, 7.95999522375e-020]
    frequency_bands:
        dmean: [5.00920691593e-007, 0.000114421032777, 0.000202469585929, 0.000178952963324, 0.000312381074764, 0.000142881879583, 0.000117701245472, 9.62327612797e-005, 0.000101319652458, 7.5635194662e-005, 5.75878002564e-005, 5.53962236154e-005, 4.93477782584e-005, 4.59665352537e-005, 6.30052381894e-005, 0.000133676221594, 0.000175290188054, 0.000377028656658, 0.000393786118366, 0.000365600659279, 0.000181582654477, 8.08530967333e-005, 7.61355204304e-006, 2.23056713367e-006, 1.70490329765e-006, 3.09722381076e-008, 2.26626703514e-010, 6.42828845709e-011]
        dmean2: [9.11436075057e-007, 0.000193921412574, 0.000341114093317, 0.000300917774439, 0.000524032511748, 0.000241525660385, 0.000196658686036, 0.00015967048239, 0.000168373182532, 0.000120532131405, 9.55882205744e-005, 9.2211215815e-005, 8.21791036287e-005, 7.70664337324e-005, 0.000103467667941, 0.000224844305194, 0.00029133213684, 0.000633674208075, 0.000668511493132, 0.000650130677968, 0.000317386409733, 0.000147320955875, 1.33830772029e-005, 3.74765386368e-006, 2.99353587252e-006, 5.09918720581e-008, 4.21903761927e-010, 1.19710977242e-010]
        dvar: [5.15264805649e-013, 2.06255030832e-008, 5.85551482857e-008, 7.76388731083e-008, 4.16753579202e-007, 7.67026264725e-008, 7.0205295799e-008, 4.64897382813e-008, 4.52147865815e-008, 3.48134285844e-008, 1.6117647661e-008, 1.13228297849e-008, 1.33319471018e-008, 9.05028763043e-009, 2.45184583747e-008, 2.77943250637e-008, 4.58742555054e-008, 2.07002017305e-007, 1.84362022537e-007, 2.25301505452e-007, 4.91745488773e-008, 1.49828309759e-008, 1.49005349726e-010, 9.27558550801e-012, 5.95352499938e-012, 4.02958687536e-015, 1.02048761645e-019, 8.21660151317e-021]
        dvar2: [1.44716205165e-012, 5.61203172822e-008, 1.53429425609e-007, 2.03124926657e-007, 1.17329136629e-006, 1.97592328277e-007, 1.6666972158e-007, 1.21818516163e-007, 1.19576498037e-007, 8.22240622256e-008, 4.28718323064e-008, 2.93256334771e-008, 3.36784395927e-008, 2.21770815045e-008, 5.73471901077e-008, 7.56784359623e-008, 1.16475185052e-007, 5.52627398065e-007, 4.92770766414e-007, 6.08939274116e-007, 1.33943416358e-007, 4.04342479499e-008, 4.04812044996e-010, 2.17892977966e-011, 1.53176377832e-011, 9.77505074362e-015, 3.24919465592e-019, 2.61671316639e-020]
        max: [1.20658014566e-005, 0.00111144094262, 0.0040527516976, 0.00437294133008, 0.00706224236637, 0.0044476413168, 0.00510617997497, 0.00458885869011, 0.00314816925675, 0.00594968954101, 0.00238039065152, 0.00218355446123, 0.00226517696865, 0.00253035826609, 0.0056326109916, 0.00517475744709, 0.00392306642607, 0.00713426060975, 0.00571615854278, 0.00315035879612, 0.00196111924015, 0.000762484385632, 0.000134812857141, 6.3688858063e-005, 3.24924185406e-005, 1.38725579291e-006, 5.1108854926e-009, 1.43787115547e-009]
        mean: [6.07791434959e-007, 0.00016169322771, 0.000284568552161, 0.000233538317843, 0.000420986732934, 0.00021018012194, 0.000158392300364, 0.000145605183206, 0.000164859418874, 0.000139644544106, 9.18624209589e-005, 9.29789093789e-005, 8.40490101837e-005, 7.59824179113e-005, 0.000117944313388, 0.000247834715992, 0.000348771514837, 0.000732230546419, 0.000752515159547, 0.000515965744853, 0.000308868591674, 8.70425865287e-005, 1.22526644191e-005, 4.37308381152e-006, 2.3344850888e-006, 5.16515754612e-008, 1.7696882848e-010, 4.96219003387e-011]
        median: [3.98743793539e-007, 0.000115632312372, 0.000201217379072, 0.000139944779221, 0.000243422429776, 0.000121505814604, 6.76774507156e-005, 4.00050412281e-005, 5.39092834515e-005, 4.16687398683e-005, 3.23576241499e-005, 3.34909709636e-005, 2.68630810751e-005, 3.86758292734e-005, 5.7798155467e-005, 0.00020145320741, 0.000277315091807, 0.000567325798329, 0.000657132884953, 0.000390769622754, 0.00025678606471, 4.65934135718e-005, 7.68748668634e-006, 3.03430215354e-006, 1.24646521726e-006, 2.39261321866e-008, 7.00037736112e-011, 1.91250262155e-011]
        min: [1.4708724941e-023, 2.292094998e-023, 1.29454614679e-023, 7.60157096779e-024, 2.5540435191e-023, 5.11484757616e-023, 1.48732623931e-023, 3.65031752375e-023, 7.74483694342e-023, 6.46071401577e-023, 7.35582880513e-023, 6.45528791492e-023, 6.16398430182e-023, 1.5438262875e-022, 9.54695560261e-023, 8.47391796925e-023, 1.43647708578e-022, 1.89787791649e-022, 1.9194699861e-022, 3.03591087269e-022, 3.25309677545e-022, 3.96458191168e-022, 6.44330631684e-022, 8.12563638446e-022, 9.96946609557e-022, 1.57203595347e-021, 2.24281016195e-021, 6.63976070258e-022]
        var: [9.03606074514e-013, 2.32927224175e-008, 8.37423783651e-008, 9.63575459423e-008, 3.55255082241e-007, 9.61923802834e-008, 9.38601161238e-008, 8.57326654113e-008, 9.14448534672e-008, 1.04825396363e-007, 2.98373450391e-008, 2.52008938162e-008, 3.46375621518e-008, 2.1444412468e-008, 6.07399712749e-008, 4.59325093516e-008, 9.4021828545e-008, 3.8280671788e-007, 2.4892278816e-007, 1.99698959591e-007, 5.15235463183e-008, 1.11759472787e-008, 1.88859691774e-010, 2.03255502707e-011, 7.89848568494e-012, 7.62343035649e-015, 7.95999522375e-020, 6.38282327839e-021]
    mfcc:
        mean: [-690.96472168, 87.1685409546, -48.3343887329, 70.9201812744, -11.2587146759, -5.6132683754, 2.23788762093, -0.0512879341841, 1.25385904312, -7.13259029388, -3.45883154869, -3.03210020065, -4.74434757233]
        cov: [[3151.70678711, 429.19140625, -78.2852554321, 95.1817550659, -39.5506134033, 101.461677551, 110.97303772, 191.915878296, 97.2725601196, 62.6342697144, 82.8563232422, 58.5227890015, 39.4497032166], [429.19140625, 602.807312012, -193.819229126, 61.3466529846, -35.9664001465, -7.74158525467, 29.6585559845, 37.1159858704, 29.2938671112, 1.1103900671, 8.79546642303, 33.6564369202, -19.6835708618], [-78.2852554321, -193.819229126, 379.537414551, 22.3513317108, 65.9176330566, 8.66801452637, -3.42881345749, 23.6842765808, -31.1177825928, 8.57472896576, -16.316778183, -12.9615154266, 3.37638068199], [95.1817550659, 61.3466529846, 22.3513317108, 230.275512695, 101.446228027, 39.5109901428, 11.0369558334, -27.8121700287, 31.7287502289, -7.49249887466, 8.74848747253, -2.63124680519, 23.5376167297], [-39.5506134033, -35.9664001465, 65.9176330566, 101.446228027, 181.725601196, 72.7551651001, 20.8103580475, -29.9938602448, 4.47242259979, 5.9533572197, 4.53022909164, -2.65862607956, 9.37947177887], [101.461677551, -7.74158525467, 8.66801452637, 39.5109901428, 72.7551651001, 135.188812256, 67.0999603271, 1.12785935402, -4.85229969025, 6.81277227402, 6.93553161621, -5.13405370712, 10.35105896], [110.97303772, 29.6585559845, -3.42881345749, 11.0369558334, 20.8103580475, 67.0999603271, 136.417602539, 61.3387527466, 36.1829223633, 6.36699390411, 11.5814495087, 2.89936685562, 6.56538295746], [191.915878296, 37.1159858704, 23.6842765808, -27.8121700287, -29.9938602448, 1.12785935402, 61.3387527466, 128.023681641, 49.6255378723, 31.8810100555, 11.9360895157, 13.0730857849, -1.93260300159], [97.2725601196, 29.2938671112, -31.1177825928, 31.7287502289, 4.47242259979, -4.85229969025, 36.1829223633, 49.6255378723, 94.3801345825, 39.1859664917, 23.4148616791, 5.75400686264, 12.7865886688], [62.6342697144, 1.1103900671, 8.57472896576, -7.49249887466, 5.9533572197, 6.81277227402, 6.36699390411, 31.8810100555, 39.1859664917, 68.015296936, 32.8796768188, 16.959602356, 3.94111967087], [82.8563232422, 8.79546642303, -16.316778183, 8.74848747253, 4.53022909164, 6.93553161621, 11.5814495087, 11.9360895157, 23.4148616791, 32.8796768188, 62.8243103027, 34.11460495, 15.4288721085], [58.5227890015, 33.6564369202, -12.9615154266, -2.63124680519, -2.65862607956, -5.13405370712, 2.89936685562, 13.0730857849, 5.75400686264, 16.959602356, 34.11460495, 61.5955276489, 25.7945632935], [39.4497032166, -19.6835708618, 3.37638068199, 23.5376167297, 9.37947177887, 10.35105896, 6.56538295746, -1.93260300159, 12.7865886688, 3.94111967087, 15.4288721085, 25.7945632935, 60.0227394104]]
        icov: [[0.000416730617872, -0.000275206984952, -4.76328787045e-005, -0.000139796786243, 0.000212828832446, -0.000491134065669, 0.000283095228951, -0.000648360175546, -3.0029033951e-005, 0.000144938196172, -0.000489293131977, 0.000173264896148, -0.000258852931438], [-0.000275206984952, 0.00267150462605, 0.001375126536, -0.00139332702383, 0.000345083157299, 0.000517114065588, -0.000577450846322, -0.000552975048777, 0.000611178926192, -0.000486828474095, 0.00148060545325, -0.00232496275567, 0.00194856885355], [-4.76328787045e-005, 0.001375126536, 0.00425873603672, -0.00118266057689, -0.00165142898913, 0.00151402270421, -0.000322766543832, -0.00271700229496, 0.00380560941994, -0.00226342049427, 0.00124908366706, 0.000611163151916, -0.00059455120936], [-0.000139796786243, -0.00139332702383, -0.00118266057689, 0.00790295843035, -0.00352741032839, -0.000958755786996, 0.00116256251931, 0.00206017447636, -0.00485847471282, 0.00392241589725, -0.00182628049515, 0.00154891319107, -0.00216064252891], [0.000212828832446, 0.000345083157299, -0.00165142898913, -0.00352741032839, 0.0105804111809, -0.00503149628639, 3.61967681783e-006, 0.00280639971606, -0.00185916991904, -0.00108146201819, 0.0010653086938, -0.00239332788624, 0.00197549466975], [-0.000491134065669, 0.000517114065588, 0.00151402270421, -0.000958755786996, -0.00503149628639, 0.0160981565714, -0.00894312001765, 0.00107764755376, 0.00777422217652, -0.00596831506118, -6.87545034452e-005, 0.00406926497817, -0.00318915653042], [0.000283095228951, -0.000577450846322, -0.000322766543832, 0.00116256251931, 3.61967681783e-006, -0.00894312001765, 0.0160544086248, -0.00676758214831, -0.00604200083762, 0.00734330574051, -0.0028757257387, -3.19088940159e-005, 0.000312447344186], [-0.000648360175546, -0.000552975048777, -0.00271700229496, 0.00206017447636, 0.00280639971606, 0.00107764755376, -0.00676758214831, 0.0175439305604, -0.00701251672581, -0.00358466268517, 0.00368401128799, -0.00438855169341, 0.00293870945461], [-3.0029033951e-005, 0.000611178926192, 0.00380560941994, -0.00485847471282, -0.00185916991904, 0.00777422217652, -0.00604200083762, -0.00701251672581, 0.0262740869075, -0.0134589122608, -0.00200565066189, 0.00756751047447, -0.00615372881293], [0.000144938196172, -0.000486828474095, -0.00226342049427, 0.00392241589725, -0.00108146201819, -0.00596831506118, 0.00734330574051, -0.00358466268517, -0.0134589122608, 0.0308835655451, -0.0118726575747, -0.00247423839755, 0.00356833916157], [-0.000489293131977, 0.00148060545325, 0.00124908366706, -0.00182628049515, 0.0010653086938, -6.87545034452e-005, -0.0028757257387, 0.00368401128799, -0.00200565066189, -0.0118726575747, 0.0317039601505, -0.0154702914879, 0.00143719965126], [0.000173264896148, -0.00232496275567, 0.000611163151916, 0.00154891319107, -0.00239332788624, 0.00406926497817, -3.19088940159e-005, -0.00438855169341, 0.00756751047447, -0.00247423839755, -0.0154702914879, 0.0329489894211, -0.0136163718998], [-0.000258852931438, 0.00194856885355, -0.00059455120936, -0.00216064252891, 0.00197549466975, -0.00318915653042, 0.000312447344186, 0.00293870945461, -0.00615372881293, 0.00356833916157, 0.00143719965126, -0.0136163718998, 0.025210717693]]
    sccoeffs:
        dmean: [0.0554522834718, 0.0502845644951, 0.0371911898255, 0.0292839277536, 0.0198245141655, 0.0204917322844]
        dmean2: [0.0912225842476, 0.0845882445574, 0.0630149319768, 0.0493775717914, 0.0335518568754, 0.032788939774]
        dvar: [0.00192535761744, 0.00169755704701, 0.000882830994669, 0.000541600165889, 0.000247789866989, 0.000291811535135]
        dvar2: [0.00515999877825, 0.00456397980452, 0.00248487805948, 0.00152377248742, 0.000689735985361, 0.000694639165886]
        max: [-0.244181647897, -0.410572975874, -0.525150597095, -0.580229699612, -0.647242188454, -0.497260540724]
        mean: [-0.668983638287, -0.764895796776, -0.801369845867, -0.800216138363, -0.799271047115, -0.715967595577]
        median: [-0.674063026905, -0.772403419018, -0.811408698559, -0.804714918137, -0.802365124226, -0.718284189701]
        min: [-0.958830475807, -0.967760324478, -0.966009616852, -0.959180176258, -0.963675260544, -0.959837734699]
        var: [0.00434866733849, 0.00421924283728, 0.00313071883284, 0.00152566179167, 0.000650700414553, 0.00157130509615]
    scvalleys:
        dmean: [0.410530686378, 0.350916057825, 0.30060711503, 0.258198320866, 0.276790648699, 0.36899420619]
        dmean2: [0.681323468685, 0.581467032433, 0.492240697145, 0.415888935328, 0.439154237509, 0.58299779892]
        dvar: [0.150545150042, 0.116164118052, 0.0864696130157, 0.082164555788, 0.101053439081, 0.17381504178]
        dvar2: [0.329625189304, 0.244675070047, 0.168971925974, 0.151311948895, 0.194603145123, 0.36425986886]
        max: [-5.09721088409, -4.76017141342, -5.35331392288, -5.61745214462, -5.37344837189, -8.01511096954]
        mean: [-6.69247627258, -6.60976266861, -6.9845457077, -7.0899643898, -6.4373626709, -9.56452846527]
        median: [-6.4424533844, -6.52090597153, -6.90696048737, -7.0067486763, -6.33686113358, -9.44149208069]
        min: [-27.1679000854, -27.226726532, -27.0425128937, -27.3146018982, -27.2952766418, -27.2580280304]
        var: [1.07046759129, 0.642029047012, 0.67824536562, 0.541626930237, 0.521843910217, 0.88310700655]

rhythm:
    beats_loudness:
        dmean: 0.00154991494492
        dmean2: 0.00268263928592
        dvar: 1.68714348092e-006
        dvar2: 5.00977967022e-006
        max: 0.014796923846
        mean: 0.00581174949184
        median: 0.00579254934564
        min: 1.07423943518e-007
        var: 3.91878757e-006
    bpm: 84.7020492554
    bpm_confidence: 0
    first_peak_bpm: 85
    first_peak_spread: 0.19753088057
    first_peak_weight: 0.36516854167
    onset_rate: 3.80447816849
    second_peak_bpm: 172
    second_peak_spread: 0
    second_peak_weight: 0.168539330363
    beats_loudness_band_ratio:
        dmean: [0.0959354713559, 0.0554416812956, 0.0662170872092, 0.0474343299866, 0.104902848601, 0.0730808451772]
        dmean2: [0.170590773225, 0.0962582752109, 0.113431021571, 0.0806963890791, 0.178878068924, 0.124767549336]
        dvar: [0.00645596068352, 0.00252108369023, 0.00512980110943, 0.002836529864, 0.00712401699275, 0.0052248807624]
        dvar2: [0.0185975842178, 0.00715905567631, 0.0146627584472, 0.00788189936429, 0.0200645569712, 0.0144446026534]
        max: [0.611295759678, 0.441987872124, 0.642173290253, 0.325385272503, 0.669247508049, 0.863285064697]
        mean: [0.179218038917, 0.0917469337583, 0.101631194353, 0.0748448297381, 0.307379484177, 0.283294647932]
        median: [0.175050765276, 0.0745500400662, 0.0717971175909, 0.0451910421252, 0.291144877672, 0.273204624653]
        min: [0.00121317582671, 0.00330556626432, 0.00716364430264, 0.00401749648154, 0.0527589656413, 0.0596264488995]
        var: [0.0100104659796, 0.00422148359939, 0.00751851173118, 0.0044565834105, 0.0119446162134, 0.00859318021685]
    beats_position: [0.719818592072, 1.43963718414, 2.17106580734, 2.90249419212, 3.62231278419, 4.33052158356, 5.0387301445, 5.75854873657, 6.48997735977, 7.22140598297, 7.94122457504, 8.66104316711, 9.35764122009, 10.0658502579, 10.774058342, 11.4822673798, 12.1904764175, 12.8986845016, 13.6068935394, 14.3034915924, 15.0000905991, 15.7082986832, 16.4165077209, 17.1247158051, 17.8213157654, 18.5295238495, 19.2377319336, 19.9459400177, 20.6541500092, 21.3623580933, 22.0705661774, 22.7787742615, 23.4753742218, 24.1835823059, 24.89179039, 25.6000003815, 26.3082084656, 27.0048065186, 27.7130146027, 28.4212245941, 29.1178226471, 29.8260307312, 30.5342407227, 31.2540588379, 31.9506568909, 32.6588668823, 33.3670730591, 34.1101112366, 34.8415412903, 35.5845794678, 36.304397583, 37.0242156982, 37.7440338135, 38.4754638672, 39.1952819824, 39.9151000977, 40.6349182129, 41.3547401428, 42.0745582581, 42.7943763733, 43.5141944885, 44.2340126038, 44.9654426575, 45.6968688965, 46.4166870117, 47.1248970032, 47.8331069946, 48.5413131714, 49.2495231628, 49.9577331543, 50.6659393311, 51.362537384, 52.0707473755, 52.7789573669, 53.4871635437, 54.1953735352, 54.8919715881, 55.6001815796, 56.3083877563, 57.0049858093, 57.7131958008, 58.4214057922, 59.129611969, 59.8378219604, 60.5344200134, 61.2426300049, 61.9508361816, 62.6590461731, 63.3672561646, 64.0638504028, 64.772064209, 65.4802703857, 66.1884765625, 66.8966903687, 67.6048965454, 68.3131027222, 69.0097045898, 69.7062988281, 70.4261245728, 71.122718811, 71.8309249878, 72.5391387939, 73.2357330322, 73.9439468384, 74.6521530151, 75.3603591919, 76.068572998, 76.7651672363, 77.461769104, 78.1583633423, 78.8433532715, 79.5283432007, 80.2249450684, 80.9215393066, 81.6181411743, 82.3263473511, 83.0345535278, 83.742767334, 84.4509735107, 85.1591796875, 85.8673934937, 86.5755996704, 87.2838058472, 87.9920196533, 88.7002258301, 89.3039474487, 89.907661438, 90.5113830566, 90.9177322388, 91.3124694824, 91.695602417, 92.0903396606, 92.4734649658, 92.8565979004, 93.251335144, 93.6460723877, 94.0292053223, 94.4123306274, 94.795463562, 95.1785888672, 95.5733337402, 95.9564590454, 96.33959198, 96.7343292236, 97.1174621582, 97.5005874634, 97.895324707, 98.2900695801, 98.6731948853, 99.0563278198, 99.439453125, 99.8225860596, 100.217323303, 100.612060547, 100.995193481, 101.378318787, 101.761451721, 102.144577026, 102.53931427, 102.934059143, 103.317184448, 103.700317383, 104.095054626, 104.478187561, 104.861312866, 105.25605011, 105.639183044, 106.02230835, 106.405441284, 106.788566589, 107.183311462, 107.566436768, 107.961174011, 108.344306946, 108.739044189, 109.122177124, 109.505302429, 109.900039673, 110.283172607, 110.666305542, 111.061042786, 111.432563782, 111.827301025, 112.222038269, 112.605171204, 112.988296509, 113.371429443, 113.754554749, 114.126075745, 114.474372864, 114.834281921, 115.194190979, 115.542495728, 115.890792847, 116.239089966, 116.587387085, 116.935691833, 117.295600891, 117.655509949, 118.003807068, 118.352104187, 118.712013245, 119.071922302, 119.420227051, 119.76852417, 120.116821289, 120.476730347, 120.836639404, 121.184944153, 121.533241272, 121.881538391, 122.22983551, 122.578140259, 122.938049316, 123.297958374, 123.646255493, 123.994552612, 124.35446167, 124.702766418, 125.051063538, 125.410972595, 125.759269714, 126.107574463, 126.455871582, 126.81578064, 127.175689697, 127.535598755, 127.895507813, 128.243804932, 128.592102051, 128.94039917, 129.288711548, 129.637008667, 129.996917725, 130.356826782, 130.705123901, 131.053421021, 131.40171814, 131.750015259, 132.109924316, 132.469833374, 132.818145752, 133.166442871, 133.526351929, 133.886260986, 134.234558105, 134.582855225, 134.931152344, 135.291061401, 135.650970459, 135.999267578, 136.347564697, 136.695877075, 137.055786133, 137.41569519, 137.76399231, 138.112289429, 138.472198486, 138.832107544, 139.180404663, 139.528701782, 139.88861084, 140.248519897, 140.596817017, 140.945129395, 141.293426514, 141.641723633, 142.00163269, 142.361541748, 142.709838867, 143.058135986, 143.406433105, 143.754730225, 144.114639282, 144.47454834, 144.822860718, 145.182769775, 145.542678833, 145.890975952, 146.239273071, 146.58757019, 146.93586731, 147.284164429, 147.644073486, 148.003982544, 148.352294922, 148.700592041, 149.060501099, 149.420410156, 149.780319214, 150.16343689, 150.534957886, 150.906478882, 151.277999878, 151.765625, 152.253234863, 152.740859985, 153.20526123, 153.669662476, 154.134063721, 154.598449707, 155.062850952, 155.50402832, 155.945205688, 156.386398315, 156.827575684, 157.268753052, 157.70993042, 158.151107788, 158.592285156, 159.033462524, 159.474639893, 159.915817261, 160.357009888, 160.879455566, 161.413513184, 161.935958862, 162.562896729, 163.178222656, 163.886444092, 164.594650269, 165.302856445, 165.999450684, 166.70765686, 167.404266357, 168.112472534, 168.820678711, 169.528884888, 170.237091064, 170.945297241, 171.653518677, 172.361724854, 173.058319092, 173.75491333, 174.463119507, 175.171340942, 175.891159058, 176.587753296, 177.295959473, 178.004165649, 178.700775146, 179.408981323, 180.1171875, 180.825393677, 181.533599854, 182.230194092, 182.938415527, 183.646621704, 184.354827881, 185.051422119, 185.759628296, 186.467849731, 187.176055908, 187.872650146, 188.569244385, 189.265853882, 189.974060059]
    bpm_estimates: [83.3543319702, 82.0312423706, 82.0312728882, 83.3543319702, 84.7207794189, 84.7208023071, 83.3543319702, 82.0312423706, 82.0312423706, 83.3543319702, 83.3543319702, 86.1328887939, 84.7207489014, 84.7208633423, 84.7207489014, 84.7207489014, 84.7208633423, 84.7207489014, 86.1328887939, 86.1327667236, 84.7208633423, 84.7207489014, 84.7208633423, 86.1326522827, 84.7208633423, 84.7208633423, 84.7208633423, 84.7206344604, 84.7208633423, 84.7208633423, 84.7208633423, 86.1326522827, 84.7208633423, 84.7208633423, 84.7206344604, 84.7208633423, 86.1328887939, 84.7208633423, 84.7206344604, 86.1328887939, 84.7208633423, 84.7206344604, 83.3543930054, 86.1328887939, 84.7206344604, 84.7210922241, 80.7495498657, 82.0310821533, 80.7495498657, 83.3543930054, 83.3543930054, 83.3543930054, 82.0310821533, 83.3543930054, 83.3543930054, 83.3543930054, 83.3539505005, 83.3543930054, 83.3543930054, 83.3543930054, 83.3543930054, 82.0310821533, 82.0315093994, 83.3543930054, 84.7206344604, 84.7206344604, 84.7210922241, 84.7206344604, 84.7206344604, 84.7210922241, 86.1328887939, 84.7206344604, 84.7206344604, 84.7210922241, 84.7206344604, 86.1328887939, 84.7206344604, 84.7210922241, 86.1328887939, 84.7206344604, 84.7206344604, 84.7210922241, 84.7206344604, 86.1328887939, 84.7206344604, 84.7210922241, 84.7206344604, 84.7206344604, 86.133354187, 84.7201766968, 84.7210922241, 84.7210922241, 84.7201766968, 84.7210922241, 84.7210922241, 86.1324157715, 86.133354187, 83.3535079956, 86.133354187, 84.7210922241, 84.7201766968, 86.133354187, 84.7201766968, 84.7210922241, 84.7210922241, 84.7201766968, 86.133354187, 86.1324157715, 86.133354187, 87.5925292969, 87.5925292969, 86.1324157715, 86.133354187, 86.1324157715, 84.7210922241, 84.7210922241, 84.7201766968, 84.7210922241, 84.7210922241, 84.7201766968, 84.7210922241, 84.7210922241, 84.7201766968, 84.7210922241, 84.7192687988, 84.7210922241, 84.7210922241, 86.133354187, 84.7210922241, 86.1314697266, 84.7210922241, 84.7210922241, 84.7210922241, 84.7210922241, 84.7210922241, 84.7192687988, 84.7210922241, 86.133354187, 86.133354187, 84.7210922241, 84.7192687988, 83.3543930054, 86.133354187, 84.7210922241, 84.7210922241, 86.1314697266, 84.7210922241, 84.7210922241, 84.7210922241, 84.7210922241, 86.133354187, 84.7192687988, 84.7210922241, 84.7210922241, 86.133354187, 84.7210922241, 84.7192687988, 84.7210922241, 86.133354187, 86.133354187, 86.1314697266, 84.7210922241]
