
metadata:
    version:
        essentia: "2.1-beta2"
    audio_properties:
        analysis_sample_rate: 44100
        bitrate: 192
        channels: 2
        equal_loudness: 1
        length: 159.843261719
        replay_gain: -14.9987640381
        downmix: "mix"
    tags:
        album: "The Undying Darkness"
        artist: "Caliban"
        comment: "caliban.ru"
        date: "2006"
        genre: "Metalcore"
        title: "Moment Of Clarity"
        tracknumber: "11"

configuration:
    average_loudness:
        compute: 1
        frameSize: 88200
        hopSize: 44100
        silentFrames: "noise"
        windowType: "hann"
    general:
        analysisSampleRate: 44100
        endTime: 2000
        equalLoudness: 1
        nequalLoudness: 0
        shortSound: 0
        startTime: 0
    lowlevel:
        compute: 1
        frameSize: 2048
        hopSize: 1024
        zeroPadding: 0
        silentFrames: "noise"
        windowType: "blackmanharris62"
        mfccStats: ["mean", "cov", "icov"]
        stats: ["mean", "var", "median", "min", "max", "dmean", "dmean2", "dvar", "dvar2"]
    panning:
        compute: 0
        frameSize: 8192
        hopSize: 2048
        zeroPadding: 8192
        silentFrames: "noise"
        windowType: "hann"
        stats: ["copy"]
    rhythm:
        compute: 1
        maxTempo: 208
        minTempo: 40
        method: "degara"
        stats: ["mean", "var", "median", "min", "max", "dmean", "dmean2", "dvar", "dvar2"]
    segmentation:
        compute: 0
        cpw: 5
        inc1: 300
        inc2: 50
        minimumSegmentsLength: 10
        size1: 1000
        size2: 600
    sfx:
        compute: 1
        stats: ["mean", "var", "median", "min", "max", "dmean", "dmean2", "dvar", "dvar2"]
    svm:
        compute: 0
    tonal:
        compute: 1
        frameSize: 4096
        hopSize: 2048
        zeroPadding: 0
        silentFrames: "noise"
        windowType: "blackmanharris62"
        stats: ["mean", "var", "median", "min", "max", "dmean", "dmean2", "dvar", "dvar2"]

lowlevel:
    average_loudness: 0.942460715771
    barkbands_kurtosis:
        dmean: 0.718373775482
        dmean2: 1.23547446728
        dvar: 1.9920604229
        dvar2: 5.71015262604
        max: 46.1187553406
        mean: -0.879115521908
        median: -1.25235211849
        min: -1.87400496006
        var: 3.02867913246
    barkbands_skewness:
        dmean: 0.475734382868
        dmean2: 0.785894870758
        dvar: 0.16283108294
        dvar2: 0.440209805965
        max: 6.46825408936
        mean: -0.463586509228
        median: -0.496146917343
        min: -3.35229921341
        var: 0.443821638823
    barkbands_spread:
        dmean: 6.29072904587
        dmean2: 10.4045810699
        dvar: 28.3714370728
        dvar2: 75.7125473022
        max: 68.7353210449
        mean: 40.2284126282
        median: 41.0215110779
        min: 2.50825381279
        var: 83.9292678833
    dissonance:
        dmean: 0.0072770928964
        dmean2: 0.0125438608229
        dvar: 5.02869370393e-005
        dvar2: 0.000140359668876
        max: 0.500000059605
        mean: 0.488774359226
        median: 0.490649998188
        min: 0.384415477514
        var: 6.81038654875e-005
    hfc:
        dmean: 5.02252054214
        dmean2: 8.73493099213
        dvar: 28.8331642151
        dvar2: 76.3432006836
        max: 55.3691749573
        mean: 12.5195646286
        median: 11.1348676682
        min: 1.1920325107e-016
        var: 37.4428100586
    pitch:
        dmean: 731.191101074
        dmean2: 1363.43933105
        dvar: 1233297.25
        dvar2: 3182597.75
        max: 4630.97119141
        mean: 2901.28588867
        median: 3418.78540039
        min: 61.6775894165
        var: 1494857.375
    pitch_instantaneous_confidence:
        dmean: 0.0773432254791
        dmean2: 0.131559669971
        dvar: 0.00375714665279
        dvar2: 0.0105344699696
        max: 0.82389986515
        mean: 0.357419759035
        median: 0.356247246265
        min: 0.128679335117
        var: 0.00788888242096
    pitch_salience:
        dmean: 0.0546066313982
        dmean2: 0.0931200459599
        dvar: 0.00224585295655
        dvar2: 0.00641977926716
        max: 0.890738785267
        mean: 0.707995355129
        median: 0.717272400856
        min: 0.141204804182
        var: 0.00384537712671
    silence_rate_20dB:
        dmean: 0
        dmean2: 0
        dvar: 0
        dvar2: 0
        max: 1
        mean: 1
        median: 1
        min: 1
        var: 0
    silence_rate_30dB:
        dmean: 0
        dmean2: 0
        dvar: 0
        dvar2: 0
        max: 1
        mean: 1
        median: 1
        min: 1
        var: 0
    silence_rate_60dB:
        dmean: 0.0488088317215
        dmean2: 0.0976318493485
        dvar: 0.0464250668883
        dvar2: 0.125866577029
        max: 1
        mean: 0.0562091507018
        median: 0
        min: 0
        var: 0.0530532076955
    spectral_centroid:
        dmean: 354.857818604
        dmean2: 593.645263672
        dvar: 109867.757813
        dvar2: 259033.5625
        max: 10914.8671875
        mean: 2115.11816406
        median: 2137.58813477
        min: 189.607574463
        var: 218177.84375
    spectral_complexity:
        dmean: 5.63422441483
        dmean2: 9.12973976135
        dvar: 19.9786605835
        dvar2: 51.4539718628
        max: 50
        mean: 22.7071895599
        median: 23
        min: 0
        var: 59.0142059326
    spectral_crest:
        dmean: 1.66534173489
        dmean2: 2.87380313873
        dvar: 2.3944838047
        dvar2: 6.67598056793
        max: 19.8002548218
        mean: 5.82688808441
        median: 5.39397764206
        min: 2.50074028969
        var: 3.51543664932
    spectral_decrease:
        dmean: 4.2998948846e-010
        dmean2: 7.32700844441e-010
        dvar: 2.01444923087e-019
        dvar2: 5.36302291655e-019
        max: 7.65492092573e-029
        mean: -1.25703869536e-009
        median: -1.17248233344e-009
        min: -3.97863031409e-009
        var: 2.93922604046e-019
    spectral_energy:
        dmean: 0.00204260903411
        dmean2: 0.00349166477099
        dvar: 4.33974264524e-006
        dvar2: 1.14781323646e-005
        max: 0.018545486033
        mean: 0.00587990693748
        median: 0.00542819919065
        min: 1.05231776876e-020
        var: 6.35656988379e-006
    spectral_energyband_high:
        dmean: 0.000488145888085
        dmean2: 0.000884063076228
        dvar: 3.50508685187e-007
        dvar2: 9.30516478093e-007
        max: 0.00396549934521
        mean: 0.000755319080781
        median: 0.000585555215366
        min: 7.71863878441e-021
        var: 3.0080869351e-007
    spectral_energyband_low:
        dmean: 0.000325607601553
        dmean2: 0.000549843942281
        dvar: 1.11637113775e-007
        dvar2: 3.12752405307e-007
        max: 0.00402308627963
        mean: 0.000619237893261
        median: 0.000538940774277
        min: 3.32489851639e-023
        var: 1.64190026908e-007
    spectral_energyband_middle_high:
        dmean: 0.00104257906787
        dmean2: 0.00174419849645
        dvar: 1.03047182165e-006
        dvar2: 2.65239214059e-006
        max: 0.0153589714319
        mean: 0.00313467741944
        median: 0.00275519210845
        min: 1.26201114385e-021
        var: 2.5894476039e-006
    spectral_energyband_middle_low:
        dmean: 0.000896910962183
        dmean2: 0.00154492701404
        dvar: 1.55717827965e-006
        dvar2: 4.26226097261e-006
        max: 0.00945996493101
        mean: 0.00155329343397
        median: 0.00116439140402
        min: 3.06230022634e-022
        var: 1.60712909292e-006
    spectral_flatness_db:
        dmean: 0.0133648281917
        dmean2: 0.0223189890385
        dvar: 0.000131562454044
        dvar2: 0.000355526048224
        max: 0.338086664677
        mean: 0.138194710016
        median: 0.135592326522
        min: 0.0695425271988
        var: 0.000369160872651
    spectral_flux:
        dmean: 0.00958531536162
        dmean2: 0.0153790637851
        dvar: 8.90015362529e-005
        dvar2: 0.00017768413818
        max: 0.100813388824
        mean: 0.0502944886684
        median: 0.0496623031795
        min: 1.04537142831e-010
        var: 0.000191095081391
    spectral_kurtosis:
        dmean: 0.920122206211
        dmean2: 1.56214773655
        dvar: 0.889173448086
        dvar2: 2.4462556839
        max: 26.985918045
        mean: 2.84385061264
        median: 2.62872600555
        min: -1.25937402248
        var: 1.53463113308
    spectral_rms:
        dmean: 0.000399336218834
        dmean2: 0.000670232926495
        dvar: 1.4251553182e-007
        dvar2: 3.77065248358e-007
        max: 0.00425360491499
        mean: 0.00233258050866
        median: 0.00230126129463
        min: 3.2041402951e-012
        var: 2.95544055007e-007
    spectral_rolloff:
        dmean: 324.341430664
        dmean2: 546.79675293
        dvar: 163731.1875
        dvar2: 287827.59375
        max: 19250.6835938
        mean: 3740.41210938
        median: 3789.84375
        min: 150.732421875
        var: 290930.9375
    spectral_skewness:
        dmean: 0.160483852029
        dmean2: 0.269058614969
        dvar: 0.0201388709247
        dvar2: 0.0534123294055
        max: 3.69201350212
        mean: 1.1172593832
        median: 1.10515582561
        min: -0.0174325015396
        var: 0.0455032885075
    spectral_spread:
        dmean: 463939.96875
        dmean2: 695456.625
        dvar: 528331112448
        dvar2: 703377965056
        max: 41736116
        mean: 4596587.5
        median: 4558358.5
        min: 2079799.25
        var: 1.0742766633e+012
    spectral_strongpeak:
        dmean: 0.451743751764
        dmean2: 0.809486865997
        dvar: 0.468450188637
        dvar2: 1.27036166191
        max: 5.81707000732
        mean: 0.462001651525
        median: 0.160739541054
        min: 1.38481437428e-009
        var: 0.473401337862
    zerocrossingrate:
        dmean: 0.00769220292568
        dmean2: 0.0101037258282
        dvar: 7.39507740946e-005
        dvar2: 8.47973788041e-005
        max: 0.5126953125
        mean: 0.115609824657
        median: 0.11669921875
        min: 0.01611328125
        var: 0.000304667133605
    barkbands:
        dmean: [3.99578709676e-007, 0.000103512538772, 0.000203626404982, 0.000283190398477, 0.000480669463286, 0.000193095198483, 0.000106414016045, 8.77486818354e-005, 0.0001167420196, 5.60667394893e-005, 6.8219313107e-005, 8.61486332724e-005, 4.71390558232e-005, 4.85620803374e-005, 6.11264913459e-005, 0.000141841344885, 0.000202671726584, 0.000383057951694, 0.000397433934268, 0.000370866677258, 0.000190943304915, 8.53078818182e-005, 9.54494407779e-006, 2.92791037282e-006, 2.19401317736e-006, 5.19163521062e-008, 2.56354826256e-010]
        dmean2: [7.31894090222e-007, 0.000174206026713, 0.000343455700204, 0.000479421723867, 0.000856228056364, 0.000332471710863, 0.000180418210221, 0.000147818849655, 0.000195758533664, 9.17898360058e-005, 0.000112080175313, 0.000140554242535, 7.99680856289e-005, 8.24926173664e-005, 0.00010193118942, 0.000240117311478, 0.00033674572478, 0.000645195774268, 0.000685005506966, 0.000663905811962, 0.000338824349456, 0.000153851447976, 1.59256469487e-005, 4.82383165945e-006, 3.68722726307e-006, 8.32837230291e-008, 4.79182249435e-010]
        dvar: [3.33515631562e-013, 1.46608174489e-008, 5.11589774987e-008, 1.3777051322e-007, 6.17495004462e-007, 1.03437145071e-007, 3.95497110617e-008, 4.2508837339e-008, 6.15971629259e-008, 1.56710253663e-008, 2.2484362816e-008, 4.3145611528e-008, 6.05129057973e-009, 8.40935676649e-009, 1.11457776342e-008, 3.24710676125e-008, 6.67372646035e-008, 1.99619861974e-007, 2.12598195048e-007, 1.8129532009e-007, 4.41250129768e-008, 1.3071591809e-008, 1.4089335254e-010, 1.48927901261e-011, 7.8906976439e-012, 1.00837053144e-014, 1.35289550936e-019]
        dvar2: [9.56558725458e-013, 3.99051494071e-008, 1.41747747762e-007, 3.66940582808e-007, 1.71089152445e-006, 2.62799318307e-007, 1.02414141168e-007, 1.12703027355e-007, 1.64991362794e-007, 3.92171166652e-008, 5.6763632017e-008, 1.04439095594e-007, 1.66914766453e-008, 2.16456133018e-008, 2.64636952352e-008, 8.55712301018e-008, 1.74603428604e-007, 5.33674949565e-007, 5.94172377077e-007, 4.91729508667e-007, 1.17506949948e-007, 3.52009905669e-008, 3.47313622306e-010, 3.47666687106e-011, 1.96740991554e-011, 2.39413659254e-014, 4.37414348689e-019]
        max: [3.69221538676e-006, 0.000985258957371, 0.00256593571976, 0.00377469323575, 0.00629179179668, 0.00651196669787, 0.00388176622801, 0.00296406354755, 0.00319921178743, 0.00261957990006, 0.00306942034513, 0.00436714477837, 0.00111143733375, 0.0022905068472, 0.00294293812476, 0.0045132744126, 0.00463641108945, 0.00832447782159, 0.0114040356129, 0.00307005550712, 0.0021608681418, 0.00090993946651, 0.000195819724468, 6.05798741162e-005, 4.91465580126e-005, 1.59309502124e-006, 3.73903219497e-009]
        mean: [4.2565250169e-007, 0.000164509372553, 0.000310207018629, 0.000338550715242, 0.000526567106135, 0.0002278884931, 0.000133688547066, 0.000117389579827, 0.000182045463589, 8.78798164194e-005, 0.000107081774331, 0.000139244482853, 7.33808556106e-005, 8.01223795861e-005, 0.00010982924141, 0.000274748017546, 0.000408321997384, 0.00077949516708, 0.00080478010932, 0.000561644788831, 0.000325289234752, 0.000101857767731, 1.60522322403e-005, 5.53979452889e-006, 3.27500902131e-006, 8.98478589306e-008, 1.93246765812e-010]
        median: [2.77632153711e-007, 0.000135193229653, 0.000238988650381, 0.000202006922336, 0.000302225642372, 0.00012149487884, 7.15323840268e-005, 4.16664224758e-005, 6.84897458996e-005, 4.41325828433e-005, 3.88115295209e-005, 4.2727246182e-005, 3.42536841345e-005, 5.10069185111e-005, 6.93450638209e-005, 0.000222849994316, 0.000310453644488, 0.000620993203484, 0.000697048380971, 0.000435285823187, 0.000270653283224, 6.64456310915e-005, 1.21552138808e-005, 4.36395612269e-006, 2.35791344494e-006, 6.31998204881e-008, 7.87040224659e-011]
        min: [4.50882837824e-024, 1.30070943816e-023, 7.93630989343e-024, 1.61043429446e-023, 3.4207018868e-023, 5.81369913655e-023, 3.11740979674e-023, 4.47634987037e-023, 5.46688622145e-023, 4.65245612548e-023, 6.49634970276e-023, 5.50915717528e-023, 7.04553762558e-023, 7.59670653591e-023, 9.66545702561e-023, 7.14250630132e-023, 1.05808638418e-022, 1.20470647016e-022, 2.99489010561e-022, 3.74644760879e-022, 4.05880118628e-022, 4.71127018669e-022, 5.23052645485e-022, 8.13715047202e-022, 1.19114765514e-021, 1.65141267761e-021, 2.04876845365e-021]
        var: [2.9766231255e-013, 1.87176247834e-008, 7.56801625812e-008, 1.59818938528e-007, 4.73290668879e-007, 1.16058544108e-007, 4.72118486528e-008, 5.86137538505e-008, 1.0824174268e-007, 2.71320885759e-008, 4.65480916034e-008, 9.2353765524e-008, 1.17121201626e-008, 1.17289902235e-008, 1.9394096995e-008, 4.88464024784e-008, 1.29894232259e-007, 3.45742421359e-007, 2.51345738889e-007, 1.64150790738e-007, 4.52080328728e-008, 1.0046862009e-008, 2.05847103252e-010, 2.67474237203e-011, 1.12056136939e-011, 1.41968329318e-014, 9.8728154936e-020]
    frequency_bands:
        dmean: [3.99578709676e-007, 0.000103512538772, 0.000203626404982, 0.000283190398477, 0.000480669463286, 0.000193095198483, 0.000106414016045, 8.77486818354e-005, 0.0001167420196, 5.60667394893e-005, 6.8219313107e-005, 8.61486332724e-005, 4.71390558232e-005, 4.85620803374e-005, 6.11264913459e-005, 0.000141841344885, 0.000202671726584, 0.000383057951694, 0.000397433934268, 0.000370866677258, 0.000190943304915, 8.53078818182e-005, 9.54494407779e-006, 2.92791037282e-006, 2.19401317736e-006, 5.19163521062e-008, 2.56354826256e-010, 7.2700706566e-011]
        dmean2: [7.31894090222e-007, 0.000174206026713, 0.000343455700204, 0.000479421723867, 0.000856228056364, 0.000332471710863, 0.000180418210221, 0.000147818849655, 0.000195758533664, 9.17898360058e-005, 0.000112080175313, 0.000140554242535, 7.99680856289e-005, 8.24926173664e-005, 0.00010193118942, 0.000240117311478, 0.00033674572478, 0.000645195774268, 0.000685005506966, 0.000663905811962, 0.000338824349456, 0.000153851447976, 1.59256469487e-005, 4.82383165945e-006, 3.68722726307e-006, 8.32837230291e-008, 4.79182249435e-010, 1.35934125067e-010]
        dvar: [3.33515631562e-013, 1.46608174489e-008, 5.11589774987e-008, 1.3777051322e-007, 6.17495004462e-007, 1.03437145071e-007, 3.95497110617e-008, 4.2508837339e-008, 6.15971629259e-008, 1.56710253663e-008, 2.2484362816e-008, 4.3145611528e-008, 6.05129057973e-009, 8.40935676649e-009, 1.11457776342e-008, 3.24710676125e-008, 6.67372646035e-008, 1.99619861974e-007, 2.12598195048e-007, 1.8129532009e-007, 4.41250129768e-008, 1.3071591809e-008, 1.4089335254e-010, 1.48927901261e-011, 7.8906976439e-012, 1.00837053144e-014, 1.35289550936e-019, 1.08425485678e-020]
        dvar2: [9.56558725458e-013, 3.99051494071e-008, 1.41747747762e-007, 3.66940582808e-007, 1.71089152445e-006, 2.62799318307e-007, 1.02414141168e-007, 1.12703027355e-007, 1.64991362794e-007, 3.92171166652e-008, 5.6763632017e-008, 1.04439095594e-007, 1.66914766453e-008, 2.16456133018e-008, 2.64636952352e-008, 8.55712301018e-008, 1.74603428604e-007, 5.33674949565e-007, 5.94172377077e-007, 4.91729508667e-007, 1.17506949948e-007, 3.52009905669e-008, 3.47313622306e-010, 3.47666687106e-011, 1.96740991554e-011, 2.39413659254e-014, 4.37414348689e-019, 3.50410606519e-020]
        max: [3.69221538676e-006, 0.000985258957371, 0.00256593571976, 0.00377469323575, 0.00629179179668, 0.00651196669787, 0.00388176622801, 0.00296406354755, 0.00319921178743, 0.00261957990006, 0.00306942034513, 0.00436714477837, 0.00111143733375, 0.0022905068472, 0.00294293812476, 0.0045132744126, 0.00463641108945, 0.00832447782159, 0.0114040356129, 0.00307005550712, 0.0021608681418, 0.00090993946651, 0.000195819724468, 6.05798741162e-005, 4.91465580126e-005, 1.59309502124e-006, 3.73903219497e-009, 1.05159392305e-009]
        mean: [4.2565250169e-007, 0.000164509372553, 0.000310207018629, 0.000338550715242, 0.000526567106135, 0.0002278884931, 0.000133688547066, 0.000117389579827, 0.000182045463589, 8.78798164194e-005, 0.000107081774331, 0.000139244482853, 7.33808556106e-005, 8.01223795861e-005, 0.00010982924141, 0.000274748017546, 0.000408321997384, 0.00077949516708, 0.00080478010932, 0.000561644788831, 0.000325289234752, 0.000101857767731, 1.60522322403e-005, 5.53979452889e-006, 3.27500902131e-006, 8.98478589306e-008, 1.93246765812e-010, 5.42774644674e-011]
        median: [2.77632153711e-007, 0.000135193229653, 0.000238988650381, 0.000202006922336, 0.000302225642372, 0.00012149487884, 7.15323840268e-005, 4.16664224758e-005, 6.84897458996e-005, 4.41325828433e-005, 3.88115295209e-005, 4.2727246182e-005, 3.42536841345e-005, 5.10069185111e-005, 6.93450638209e-005, 0.000222849994316, 0.000310453644488, 0.000620993203484, 0.000697048380971, 0.000435285823187, 0.000270653283224, 6.64456310915e-005, 1.21552138808e-005, 4.36395612269e-006, 2.35791344494e-006, 6.31998204881e-008, 7.87040224659e-011, 2.17893116744e-011]
        min: [4.50882837824e-024, 1.30070943816e-023, 7.93630989343e-024, 1.61043429446e-023, 3.4207018868e-023, 5.81369913655e-023, 3.11740979674e-023, 4.47634987037e-023, 5.46688622145e-023, 4.65245612548e-023, 6.49634970276e-023, 5.50915717528e-023, 7.04553762558e-023, 7.59670653591e-023, 9.66545702561e-023, 7.14250630132e-023, 1.05808638418e-022, 1.20470647016e-022, 2.99489010561e-022, 3.74644760879e-022, 4.05880118628e-022, 4.71127018669e-022, 5.23052645485e-022, 8.13715047202e-022, 1.19114765514e-021, 1.65141267761e-021, 2.04876845365e-021, 7.58537748357e-022]
        var: [2.9766231255e-013, 1.87176247834e-008, 7.56801625812e-008, 1.59818938528e-007, 4.73290668879e-007, 1.16058544108e-007, 4.72118486528e-008, 5.86137538505e-008, 1.0824174268e-007, 2.71320885759e-008, 4.65480916034e-008, 9.2353765524e-008, 1.17121201626e-008, 1.17289902235e-008, 1.9394096995e-008, 4.88464024784e-008, 1.29894232259e-007, 3.45742421359e-007, 2.51345738889e-007, 1.64150790738e-007, 4.52080328728e-008, 1.0046862009e-008, 2.05847103252e-010, 2.67474237203e-011, 1.12056136939e-011, 1.41968329318e-014, 9.8728154936e-020, 7.91297291398e-021]
    mfcc:
        mean: [-676.889038086, 85.2849578857, -44.7149429321, 69.3209457397, -8.22595977783, -3.33174705505, 3.12629175186, 1.05923998356, 1.02017343044, -7.9358086586, -3.52259635925, -3.8644618988, -4.78321695328]
        cov: [[2696.84765625, 178.370010376, -172.94367981, 152.06829834, -87.0603866577, 11.2571659088, 16.5049324036, 32.6533889771, -14.5259923935, -38.0951042175, 1.80845320225, -7.17776489258, 33.7478218079], [178.370010376, 353.373687744, -160.072525024, 15.8940286636, -60.020072937, -45.1275177002, 13.8310585022, 18.6949291229, 2.74845600128, -11.6370630264, -2.07965683937, 28.3599700928, -23.4092693329], [-172.94367981, -160.072525024, 262.227386475, 25.7705974579, 41.2507209778, 12.2928714752, -41.7498283386, -28.6358947754, -27.4817008972, -6.50886678696, -17.2486057281, -27.91147995, 11.5172634125], [152.06829834, 15.8940286636, 25.7705974579, 216.844009399, 62.1181488037, 13.8816680908, -12.9335870743, -26.3842601776, 25.6292476654, 6.2956328392, 2.525847435, -13.4385194778, 12.7413434982], [-87.0603866577, -60.020072937, 41.2507209778, 62.1181488037, 108.678939819, 39.1901321411, 3.28981375694, -18.5817012787, 6.94466781616, 9.9208316803, 3.21404981613, -6.28850126266, 9.6830701828], [11.2571659088, -45.1275177002, 12.2928714752, 13.8816680908, 39.1901321411, 85.9404296875, 28.1378173828, -9.20185852051, -15.7701978683, -7.89977645874, -8.24397373199, -10.0281715393, 10.0818748474], [16.5049324036, 13.8310585022, -41.7498283386, -12.9335870743, 3.28981375694, 28.1378173828, 92.6510696411, 39.9320068359, 26.0488586426, -2.50443387032, 4.94092464447, 8.11781597137, 12.1239671707], [32.6533889771, 18.6949291229, -28.6358947754, -26.3842601776, -18.5817012787, -9.20185852051, 39.9320068359, 78.5193862915, 36.4549865723, 13.3851251602, 8.23368740082, 10.5523605347, 2.01348829269], [-14.5259923935, 2.74845600128, -27.4817008972, 25.6292476654, 6.94466781616, -15.7701978683, 26.0488586426, 36.4549865723, 81.4007415771, 35.9596633911, 21.5393047333, 5.55607366562, 7.98088312149], [-38.0951042175, -11.6370630264, -6.50886678696, 6.2956328392, 9.9208316803, -7.89977645874, -2.50443387032, 13.3851251602, 35.9596633911, 58.0637931824, 29.7053565979, 9.58853721619, -3.03929400444], [1.80845320225, -2.07965683937, -17.2486057281, 2.525847435, 3.21404981613, -8.24397373199, 4.94092464447, 8.23368740082, 21.5393047333, 29.7053565979, 54.0436477661, 28.6950778961, 8.42759895325], [-7.17776489258, 28.3599700928, -27.91147995, -13.4385194778, -6.28850126266, -10.0281715393, 8.11781597137, 10.5523605347, 5.55607366562, 9.58853721619, 28.6950778961, 52.6320991516, 19.0109272003], [33.7478218079, -23.4092693329, 11.5172634125, 12.7413434982, 9.6830701828, 10.0818748474, 12.1239671707, 2.01348829269, 7.98088312149, -3.03929400444, 8.42759895325, 19.0109272003, 54.5631828308]]
        icov: [[0.000464216805995, -4.70690356451e-005, 0.000336274068104, -0.000556493236218, 0.000566253322177, -0.000214984931517, 0.00016324671742, -0.000498599663842, 0.000499336980283, 0.000158555092639, -0.000381625548471, 0.00054094666848, -0.000520726607647], [-4.70690356451e-005, 0.00509542552754, 0.00258339894935, -0.00181204779074, 0.00153909623623, 0.00192520115525, -0.000795037136413, -0.000308504444547, 0.00116696231999, 0.00034745404264, 0.00217298767529, -0.00331932073459, 0.00232177041471], [0.000336274068104, 0.00258339894935, 0.00656180409715, -0.00124215497635, -0.000677172152791, 0.00118785095401, 0.00176456535701, -0.00126421474852, 0.0028618008364, -0.000350751244696, 0.00080615025945, 0.00194436975289, -0.00187949021347], [-0.000556493236218, -0.00181204779074, -0.00124215497635, 0.00770529545844, -0.00429047783837, -0.000581174739636, 0.00140371569432, 0.00280731986277, -0.00469030113891, 0.0013482014183, -0.000952906208113, 0.00205383077264, -0.0013243148569], [0.000566253322177, 0.00153909623623, -0.000677172152791, -0.00429047783837, 0.0158612746745, -0.00588406762108, -0.000588395050727, 0.00214175996371, -0.00116100430023, -0.00213171727955, 0.000318751146551, -0.00155014987104, 0.000320971012115], [-0.000214984931517, 0.00192520115525, 0.00118785095401, -0.000581174739636, -0.00588406762108, 0.0204195529222, -0.00882993079722, 0.00159607129171, 0.00799472443759, -0.0029906812124, 0.00154564366676, 0.00350595987402, -0.0027780008968], [0.00016324671742, -0.000795037136413, 0.00176456535701, 0.00140371569432, -0.000588395050727, -0.00882993079722, 0.0205132253468, -0.00817083567381, -0.00657091708854, 0.00678156642243, -0.00219071819447, -0.000187349825865, -0.00192037213128], [-0.000498599663842, -0.000308504444547, -0.00126421474852, 0.00280731986277, 0.00214175996371, 0.00159607129171, -0.00817083567381, 0.0229000598192, -0.00877569615841, -0.00206602294929, 0.00317400880158, -0.00380833866075, 0.00208802195266], [0.000499336980283, 0.00116696231999, 0.0028618008364, -0.00469030113891, -0.00116100430023, 0.00799472443759, -0.00657091708854, -0.00877569615841, 0.0293751060963, -0.0140383718535, -0.00226038950495, 0.00672905379906, -0.00587831297889], [0.000158555092639, 0.00034745404264, -0.000350751244696, 0.0013482014183, -0.00213171727955, -0.0029906812124, 0.00678156642243, -0.00206602294929, -0.0140383718535, 0.0346606783569, -0.0150760114193, -0.000123341131257, 0.00566609576344], [-0.000381625548471, 0.00217298767529, 0.00080615025945, -0.000952906208113, 0.000318751146551, 0.00154564366676, -0.00219071819447, 0.00317400880158, -0.00226038950495, -0.0150760114193, 0.0380406156182, -0.0193375200033, 0.00160101032816], [0.00054094666848, -0.00331932073459, 0.00194436975289, 0.00205383077264, -0.00155014987104, 0.00350595987402, -0.000187349825865, -0.00380833866075, 0.00672905379906, -0.000123341131257, -0.0193375200033, 0.0387263037264, -0.0143366036937], [-0.000520726607647, 0.00232177041471, -0.00187949021347, -0.0013243148569, 0.000320971012115, -0.0027780008968, -0.00192037213128, 0.00208802195266, -0.00587831297889, 0.00566609576344, 0.00160101032816, -0.0143366036937, 0.0270808394998]]
    sccoeffs:
        dmean: [0.0580049939454, 0.0528989322484, 0.0366073548794, 0.0289031285793, 0.0201068930328, 0.01940930821]
        dmean2: [0.0972797423601, 0.0896474197507, 0.0610759109259, 0.0490334481001, 0.0341539978981, 0.031633656472]
        dvar: [0.0021114978008, 0.00176867679693, 0.000859836058225, 0.000501579372212, 0.000267643103143, 0.000246967509156]
        dvar2: [0.00577570823953, 0.00491091376171, 0.00230533513241, 0.00139413203578, 0.000744599034078, 0.000639307894744]
        max: [-0.358030617237, -0.520530998707, -0.594921827316, -0.624532878399, -0.648481309414, -0.594129323959]
        mean: [-0.65776860714, -0.769510984421, -0.806535005569, -0.807473123074, -0.800186812878, -0.731409430504]
        median: [-0.664275765419, -0.774749457836, -0.814202010632, -0.809836566448, -0.802343070507, -0.731420695782]
        min: [-0.96707957983, -0.973162055016, -0.967304885387, -0.960426390171, -0.961922109127, -0.96184951067]
        var: [0.00475729769096, 0.00346024311148, 0.0024525099434, 0.0011155444663, 0.000624884443823, 0.000708117091563]
    scvalleys:
        dmean: [0.400706291199, 0.381407827139, 0.295072615147, 0.261620521545, 0.258226007223, 0.345927983522]
        dmean2: [0.675424993038, 0.632559657097, 0.483494311571, 0.432101786137, 0.426420986652, 0.545887172222]
        dvar: [0.153904616833, 0.14103654027, 0.101063109934, 0.0914063826203, 0.0955633968115, 0.150126427412]
        dvar2: [0.323422789574, 0.301248282194, 0.190304756165, 0.167604789138, 0.179188594222, 0.317782878876]
        max: [-5.17725753784, -4.80024385452, -5.05889701843, -5.47846698761, -5.37875080109, -7.89509153366]
        mean: [-6.51873922348, -6.54924821854, -6.83980369568, -6.94092464447, -6.3556728363, -9.21272850037]
        median: [-6.39951515198, -6.49679374695, -6.81640481949, -6.90437221527, -6.28893375397, -9.05901527405]
        min: [-27.769525528, -27.0099925995, -27.1875591278, -27.3267097473, -27.4325008392, -27.2956905365]
        var: [0.738964796066, 0.68638586998, 0.715653717518, 0.636466503143, 0.689482867718, 0.906958460808]

rhythm:
    beats_loudness:
        dmean: 0.00153190654237
        dmean2: 0.00273776124232
        dvar: 1.5913592506e-006
        dvar2: 3.96389214075e-006
        max: 0.0122636305168
        mean: 0.00590732833371
        median: 0.00576813425869
        min: 1.17366969477e-008
        var: 2.923115062e-006
    bpm: 126.558311462
    bpm_confidence: 0
    first_peak_bpm: 126
    first_peak_spread: 0.224598944187
    first_peak_weight: 0.484949827194
    onset_rate: 3.94761753082
    second_peak_bpm: 96
    second_peak_spread: 0.413461506367
    second_peak_weight: 0.204013377428
    beats_loudness_band_ratio:
        dmean: [0.0988987162709, 0.0684909820557, 0.0567736402154, 0.0508228577673, 0.0938955098391, 0.0871198549867]
        dmean2: [0.168472528458, 0.121587112546, 0.101108327508, 0.0882620215416, 0.166401296854, 0.15288348496]
        dvar: [0.00682998588309, 0.00420336099342, 0.00488293543458, 0.00456539355218, 0.00559434248134, 0.00488436361775]
        dvar2: [0.0167757812887, 0.0122547568753, 0.0143988756463, 0.0124317985028, 0.0167118571699, 0.0150801157579]
        max: [0.921631991863, 0.413897305727, 0.42795547843, 0.447695881128, 0.576708078384, 0.537632167339]
        mean: [0.209382638335, 0.102595970035, 0.0789730027318, 0.0695193782449, 0.296024739742, 0.285328745842]
        median: [0.196695998311, 0.0847857445478, 0.0526615045965, 0.0392677895725, 0.284913778305, 0.27787810564]
        min: [0.0128807798028, 0.00836050137877, 0.0105734532699, 0.00645311689004, 0.0245602540672, 0.0195072088391]
        var: [0.00987696368247, 0.00479584280401, 0.00492725661024, 0.00470985751599, 0.00775860156864, 0.00755750574172]
    beats_position: [0.487619042397, 0.99845802784, 1.48607707024, 1.9620860815, 2.43809509277, 2.91410422325, 3.39011335373, 3.86612248421, 4.34213161469, 4.81814050674, 5.2941493988, 5.75854873657, 6.23455762863, 6.6989569664, 7.17496585846, 7.65097475052, 8.12698364258, 8.60299301147, 9.07900238037, 9.54340076447, 10.0194101334, 10.4954195023, 10.9714279175, 11.4474372864, 11.9118366241, 12.387845993, 12.8638544083, 13.3398637772, 13.8158731461, 14.2918815613, 14.7678909302, 15.2322902679, 15.696688652, 16.1726989746, 16.6487064362, 17.1247158051, 17.600725174, 18.0767345428, 18.5527439117, 19.0171432495, 19.4931507111, 19.96916008, 20.4451694489, 20.9211788177, 21.3855781555, 21.8615875244, 22.3375968933, 22.8136043549, 23.2896137238, 23.7540130615, 24.2300224304, 24.7060317993, 25.1820411682, 25.6580486298, 26.1340579987, 26.6100673676, 27.0744667053, 27.5504760742, 28.0264854431, 28.5024929047, 28.9785022736, 29.4429016113, 29.9189109802, 30.3949203491, 30.8593196869, 31.3353290558, 31.8113365173, 32.2873458862, 32.7633552551, 33.2277526855, 33.6921539307, 34.1681632996, 34.6441726685, 35.1201820374, 35.5961914063, 36.0722007751, 36.5482063293, 37.0242156982, 37.4886169434, 37.9646263123, 38.4406356812, 38.91664505, 39.3926506042, 39.8686599731, 40.344669342, 40.8206787109, 41.2850799561, 41.761089325, 42.2370948792, 42.7014961243, 43.1775054932, 43.6535148621, 44.129524231, 44.6055335999, 45.0699310303, 45.5459403992, 46.0219497681, 46.497959137, 46.9739685059, 47.4383659363, 47.9143753052, 48.3787727356, 48.8547821045, 49.3307914734, 49.8068008423, 50.2944221497, 50.7936515808, 51.2928771973, 51.7804985046, 52.2797279358, 52.7789573669, 53.2665748596, 53.7425842285, 54.2185935974, 54.6946029663, 55.1706123352, 55.6466217041, 56.122631073, 56.5986366272, 57.0746459961, 57.5390472412, 58.0150566101, 58.491065979, 58.9670753479, 59.4430847168, 59.919090271, 60.3950996399, 60.859500885, 61.3355102539, 61.8115196228, 62.2759170532, 62.7519264221, 63.227935791, 63.7155532837, 64.1799545288, 64.6443557739, 65.1203613281, 65.5963668823, 66.0723800659, 66.5483856201, 67.0243988037, 67.5004043579, 67.964805603, 68.4408187866, 68.9168243408, 69.392829895, 69.8572311401, 70.3332443237, 70.7976379395, 71.273651123, 71.7496566772, 72.2256698608, 72.701675415, 73.1892929077, 73.6536941528, 74.1180953979, 74.5941009521, 75.0701141357, 75.5461196899, 76.0221328735, 76.4981384277, 76.9741516113, 77.4385452271, 77.9145584106, 78.3905639648, 78.85496521, 79.3309707642, 79.8069839478, 80.282989502, 80.7590026855, 81.2350082397, 81.7110214233, 82.1754150391, 82.6514282227, 83.1274337769, 83.591835022, 84.0678405762, 84.5438537598, 85.019859314, 85.4958724976, 85.9718780518, 86.4478912354, 86.9122848511, 87.3882980347, 87.8526992798, 88.328704834, 88.8047180176, 89.2807235718, 89.7567367554, 90.2327423096, 90.7087478638, 91.1847610474, 91.6607666016, 92.2993164063, 92.9262542725, 93.5531921387, 94.1917419434, 94.8070755005, 95.4456253052, 96.0841674805, 96.7111129761, 97.3380508423, 97.9649887085, 98.6035385132, 99.2420806885, 99.8690261841, 100.49596405, 101.122901917, 101.761451721, 102.400001526, 103.026939392, 103.653877258, 104.280815125, 104.919364929, 105.557914734, 106.1848526, 106.811790466, 107.438728333, 108.077278137, 108.715827942, 109.342765808, 109.969703674, 110.596641541, 111.235191345, 111.87374115, 112.500679016, 113.127616882, 113.754554749, 114.393104553, 115.031654358, 115.658592224, 116.28553009, 116.912467957, 117.551017761, 118.189567566, 118.839729309, 119.501495361, 120.163261414, 120.825035095, 121.475189209, 122.113739014, 122.752288818, 123.390838623, 124.017776489, 124.644714355, 125.28326416, 125.921813965, 126.548751831, 127.175689697, 127.814239502, 128.441177368, 129.079727173, 129.706665039, 130.333602905, 130.960540771, 131.599090576, 132.237640381, 132.864578247, 133.491516113, 134.118453979, 134.768615723, 135.395553589, 136.022491455, 136.649429321, 137.287979126, 137.926528931, 138.553466797, 139.180404663, 139.807342529, 140.434280396, 141.0728302, 141.711380005, 142.338317871, 142.965255737, 143.592193604, 144.230743408, 144.857681274, 145.484619141, 146.123168945, 146.750106812, 147.388656616, 148.027206421, 148.654144287, 149.281082153, 149.919631958, 150.558181763, 151.185119629, 151.812057495, 152.438995361, 153.065933228, 153.692871094, 154.31980896, 154.946762085, 155.573699951, 156.200637817, 156.827575684, 157.45451355, 158.081451416, 158.720001221, 159.358551025]
    bpm_estimates: [123.046875, 126.048034668, 126.048034668, 126.04800415, 126.04800415, 126.04800415, 126.04800415, 126.048065186, 126.048065186, 129.199157715, 126.048065186, 129.199157715, 126.048065186, 126.048065186, 126.048065186, 126.047935486, 126.047935486, 129.199417114, 126.047935486, 126.047935486, 126.048194885, 126.047935486, 129.199157715, 126.047935486, 126.048194885, 126.047935486, 126.047935486, 126.048194885, 126.047935486, 129.199157715, 129.199417114, 126.047683716, 126.048446655, 126.047935486, 126.047935486, 126.047935486, 126.047935486, 129.199157715, 126.048446655, 126.047935486, 126.047935486, 126.047935486, 129.199157715, 126.047935486, 126.047935486, 126.048446655, 126.047935486, 129.199157715, 126.047935486, 126.047935486, 126.047935486, 126.048446655, 126.047935486, 126.047935486, 129.199157715, 126.047935486, 126.047935486, 126.048446655, 126.047935486, 129.199157715, 126.047935486, 126.047935486, 129.199157715, 126.047935486, 126.048446655, 126.047935486, 126.047935486, 129.199676514, 129.198623657, 126.047935486, 126.047935486, 126.047935486, 126.047935486, 126.047935486, 126.048950195, 126.047935486, 129.198623657, 126.047935486, 126.047935486, 126.047935486, 126.048950195, 126.047935486, 126.047935486, 126.047935486, 129.198623657, 126.047935486, 126.048950195, 129.198623657, 126.047935486, 126.047935486, 126.047935486, 126.047935486, 129.199676514, 126.047935486, 126.047935486, 126.047935486, 126.047935486, 129.199676514, 126.047935486, 129.199676514, 126.047935486, 126.047935486, 126.047935486, 123.046302795, 123.046302795, 123.047264099, 126.047935486, 126.047935486, 126.047935486, 126.047935486, 126.047935486, 126.047935486, 126.048950195, 126.047935486, 129.198623657, 126.047935486, 126.047935486, 126.047935486, 126.047935486, 126.048950195, 126.047935486, 129.198623657, 126.047935486, 126.047935486, 129.199676514, 126.047935486, 126.047935486, 123.047264099, 129.198623657, 129.198623657, 126.048950195, 126.048950195, 126.046928406, 126.048950195, 126.046928406, 126.048950195, 129.198623657, 126.046928406, 126.048950195, 126.048950195, 129.198623657, 126.046928406, 129.200744629, 126.046928406, 126.048950195, 126.046928406, 126.048950195, 123.047264099, 129.198623657, 129.198623657, 126.048950195, 126.046928406, 126.048950195, 126.046928406, 126.048950195, 126.046928406, 129.200744629, 126.046928406, 126.048950195, 129.198623657, 126.048950195, 126.046928406, 126.048950195, 126.046928406, 126.048950195, 126.046928406, 129.200744629, 126.046928406, 126.048950195, 129.198623657, 126.048950195, 126.046928406, 126.048950195, 126.046928406, 126.048950195, 126.046928406, 129.200744629, 126.046928406, 129.198623657, 126.048950195, 126.046928406, 126.048950195, 126.046928406, 126.048950195, 126.048950195, 126.046928406, 126.048950195]
