
metadata:
    version:
        essentia: "2.1-beta2"
    audio_properties:
        analysis_sample_rate: 44100
        bitrate: 192
        channels: 2
        equal_loudness: 1
        length: 213.159179688
        replay_gain: -15.4366207123
        downmix: "mix"
    tags:
        album: "The Undying Darkness"
        artist: "Caliban"
        comment: "caliban.ru"
        date: "2006"
        genre: "Metalcore"
        title: "Army Of Me"
        tracknumber: "12"

configuration:
    average_loudness:
        compute: 1
        frameSize: 88200
        hopSize: 44100
        silentFrames: "noise"
        windowType: "hann"
    general:
        analysisSampleRate: 44100
        endTime: 2000
        equalLoudness: 1
        nequalLoudness: 0
        shortSound: 0
        startTime: 0
    lowlevel:
        compute: 1
        frameSize: 2048
        hopSize: 1024
        zeroPadding: 0
        silentFrames: "noise"
        windowType: "blackmanharris62"
        mfccStats: ["mean", "cov", "icov"]
        stats: ["mean", "var", "median", "min", "max", "dmean", "dmean2", "dvar", "dvar2"]
    panning:
        compute: 0
        frameSize: 8192
        hopSize: 2048
        zeroPadding: 8192
        silentFrames: "noise"
        windowType: "hann"
        stats: ["copy"]
    rhythm:
        compute: 1
        maxTempo: 208
        minTempo: 40
        method: "degara"
        stats: ["mean", "var", "median", "min", "max", "dmean", "dmean2", "dvar", "dvar2"]
    segmentation:
        compute: 0
        cpw: 5
        inc1: 300
        inc2: 50
        minimumSegmentsLength: 10
        size1: 1000
        size2: 600
    sfx:
        compute: 1
        stats: ["mean", "var", "median", "min", "max", "dmean", "dmean2", "dvar", "dvar2"]
    svm:
        compute: 0
    tonal:
        compute: 1
        frameSize: 4096
        hopSize: 2048
        zeroPadding: 0
        silentFrames: "noise"
        windowType: "blackmanharris62"
        stats: ["mean", "var", "median", "min", "max", "dmean", "dmean2", "dvar", "dvar2"]

lowlevel:
    average_loudness: 0.936310589314
    barkbands_kurtosis:
        dmean: 0.572164416313
        dmean2: 0.946195662022
        dvar: 0.829956591129
        dvar2: 2.0227124691
        max: 22.9985046387
        mean: -0.883093655109
        median: -1.22706830502
        min: -1.885602355
        var: 1.7496972084
    barkbands_skewness:
        dmean: 0.36443901062
        dmean2: 0.583277761936
        dvar: 0.108101226389
        dvar2: 0.260914623737
        max: 4.60004997253
        mean: -0.401469349861
        median: -0.456430524588
        min: -4.5225815773
        var: 0.492994338274
    barkbands_spread:
        dmean: 5.18033123016
        dmean2: 8.4471578598
        dvar: 21.0420780182
        dvar2: 55.1803855896
        max: 62.4643058777
        mean: 38.486782074
        median: 38.9308853149
        min: 3.95389509201
        var: 80.9979629517
    dissonance:
        dmean: 0.00762798264623
        dmean2: 0.0130931828171
        dvar: 6.73073664075e-005
        dvar2: 0.000187684083357
        max: 0.5
        mean: 0.487378627062
        median: 0.490104794502
        min: 0.280787140131
        var: 0.000114763490274
    hfc:
        dmean: 2.80524230003
        dmean2: 4.76597738266
        dvar: 16.5266170502
        dvar2: 45.5974349976
        max: 54.4939613342
        mean: 10.621134758
        median: 9.70650482178
        min: 1.17408494133e-016
        var: 39.6431427002
    pitch:
        dmean: 671.311035156
        dmean2: 1278.99633789
        dvar: 1311484.75
        dvar2: 3401699
        max: 4575.2265625
        mean: 2717.55322266
        median: 3358.97485352
        min: 64.7590026855
        var: 1760285.5
    pitch_instantaneous_confidence:
        dmean: 0.0750071704388
        dmean2: 0.126762315631
        dvar: 0.0035144132562
        dvar2: 0.009706097655
        max: 0.888404011726
        mean: 0.38829523325
        median: 0.37928044796
        min: 0.122017204762
        var: 0.00952105596662
    pitch_salience:
        dmean: 0.0496245659888
        dmean2: 0.0821798667312
        dvar: 0.0017847988056
        dvar2: 0.00486063910648
        max: 0.903741896152
        mean: 0.692097365856
        median: 0.701898097992
        min: 0.202218800783
        var: 0.00450440356508
    silence_rate_20dB:
        dmean: 0
        dmean2: 0
        dvar: 0
        dvar2: 0
        max: 1
        mean: 1
        median: 1
        min: 1
        var: 0
    silence_rate_30dB:
        dmean: 0
        dmean2: 0
        dvar: 0
        dvar2: 0
        max: 1
        mean: 1
        median: 1
        min: 1
        var: 0
    silence_rate_60dB:
        dmean: 0.0498910658062
        dmean2: 0.09979300946
        dvar: 0.0474062561989
        dvar2: 0.106821715832
        max: 1
        mean: 0.199760377407
        median: 0
        min: 0
        var: 0.15986520052
    spectral_centroid:
        dmean: 260.073425293
        dmean2: 419.702392578
        dvar: 67203.234375
        dvar2: 150928.796875
        max: 11010.8623047
        mean: 2038.74475098
        median: 2082.40283203
        min: 255.027740479
        var: 252862.53125
    spectral_complexity:
        dmean: 3.80283212662
        dmean2: 6.25449419022
        dvar: 13.3600578308
        dvar2: 34.2074928284
        max: 47
        mean: 19.478597641
        median: 20
        min: 0
        var: 71.736869812
    spectral_crest:
        dmean: 1.57066774368
        dmean2: 2.63310861588
        dvar: 2.13699173927
        dvar2: 5.69371128082
        max: 22.3798236847
        mean: 6.29859209061
        median: 5.63713693619
        min: 2.55671644211
        var: 5.46795034409
    spectral_decrease:
        dmean: 2.41575814908e-010
        dmean2: 4.06990774415e-010
        dvar: 1.08396674913e-019
        dvar2: 2.97254073963e-019
        max: -5.51558169347e-029
        mean: -1.09570763573e-009
        median: -1.02379082989e-009
        min: -4.1098218162e-009
        var: 3.15428265997e-019
    spectral_energy:
        dmean: 0.00112682860345
        dmean2: 0.00190441228915
        dvar: 2.39616565523e-006
        dvar2: 6.57788768876e-006
        max: 0.0188534799963
        mean: 0.00509881228209
        median: 0.004752590321
        min: 1.08574612449e-020
        var: 6.94197797202e-006
    spectral_energyband_high:
        dmean: 0.000237842090428
        dmean2: 0.000417113304138
        dvar: 1.73450160901e-007
        dvar2: 4.90238960538e-007
        max: 0.00346947275102
        mean: 0.000559739593882
        median: 0.000463496195152
        min: 7.9126191004e-021
        var: 1.84789911373e-007
    spectral_energyband_low:
        dmean: 0.000265475566266
        dmean2: 0.000431956257671
        dvar: 7.6420285211e-008
        dvar2: 2.03809520372e-007
        max: 0.00345747172832
        mean: 0.000546587980352
        median: 0.000470084225526
        min: 1.28182387143e-022
        var: 1.54624444804e-007
    spectral_energyband_middle_high:
        dmean: 0.000713207875378
        dmean2: 0.00118382135406
        dvar: 8.02477075013e-007
        dvar2: 2.15635168388e-006
        max: 0.0167633034289
        mean: 0.00278847594745
        median: 0.00235277274624
        min: 1.65801477444e-021
        var: 3.34794685841e-006
    spectral_energyband_middle_low:
        dmean: 0.000529696641024
        dmean2: 0.000875614816323
        dvar: 7.41717485653e-007
        dvar2: 2.03203899218e-006
        max: 0.0113689731807
        mean: 0.00134082033765
        median: 0.00108715542592
        min: 3.52010637568e-022
        var: 1.0834673958e-006
    spectral_flatness_db:
        dmean: 0.0114598795772
        dmean2: 0.0185859892517
        dvar: 0.000107498199213
        dvar2: 0.000260078231804
        max: 0.337373375893
        mean: 0.149025142193
        median: 0.142911463976
        min: 0.0657738596201
        var: 0.000881228072103
    spectral_flux:
        dmean: 0.00597628252581
        dmean2: 0.00945666432381
        dvar: 4.98245717608e-005
        dvar2: 9.33482806431e-005
        max: 0.106852643192
        mean: 0.042363718152
        median: 0.0417786762118
        min: 1.0419914237e-010
        var: 0.000228239267017
    spectral_kurtosis:
        dmean: 0.908025801182
        dmean2: 1.58977603912
        dvar: 0.915089070797
        dvar2: 2.78091430664
        max: 15.36120224
        mean: 3.13760733604
        median: 2.9285261631
        min: -1.2158178091
        var: 1.94668853283
    spectral_rms:
        dmean: 0.000226883712457
        dmean2: 0.000376652926207
        dvar: 7.34186755835e-008
        dvar2: 1.97052386852e-007
        max: 0.00428878050297
        mean: 0.00214330526069
        median: 0.0021532936953
        min: 3.2546344092e-012
        var: 3.80718802262e-007
    spectral_rolloff:
        dmean: 245.048202515
        dmean2: 405.471740723
        dvar: 100052.65625
        dvar2: 196069.3125
        max: 18389.3554688
        mean: 3624.41357422
        median: 3660.64453125
        min: 150.732421875
        var: 336662.8125
    spectral_skewness:
        dmean: 0.131608009338
        dmean2: 0.222994342446
        dvar: 0.0144710866734
        dvar2: 0.0401040948927
        max: 2.57050204277
        mean: 1.09372901917
        median: 1.08527648449
        min: 0.0216200705618
        var: 0.07347971946
    spectral_spread:
        dmean: 322069.625
        dmean2: 486139.6875
        dvar: 262551371776
        dvar2: 384426246144
        max: 40588612
        mean: 4168098.25
        median: 4072481.5
        min: 1876319.625
        var: 1.08308692992e+012
    spectral_strongpeak:
        dmean: 0.488953828812
        dmean2: 0.865951359272
        dvar: 0.577336072922
        dvar2: 1.5993090868
        max: 8.66072750092
        mean: 0.601699471474
        median: 0.21244969964
        min: 4.1795251704e-009
        var: 0.748780786991
    zerocrossingrate:
        dmean: 0.00658174417913
        dmean2: 0.00823354255408
        dvar: 5.28679192939e-005
        dvar2: 6.15699609625e-005
        max: 0.50048828125
        mean: 0.111358597875
        median: 0.11328125
        min: 0.02880859375
        var: 0.000421895005275
    barkbands:
        dmean: [1.73336275111e-007, 7.9615310824e-005, 0.000191974337213, 0.000144423320307, 0.000273806799669, 0.000131978507852, 8.96747151273e-005, 8.20522182039e-005, 0.000128641127958, 7.31284962967e-005, 4.63796386612e-005, 5.15424835612e-005, 3.72816539311e-005, 4.35952679254e-005, 5.11506041221e-005, 0.000111468594696, 0.000143216951983, 0.000343226711266, 0.00028942633071, 0.000200653958018, 0.000107483239844, 3.74621376977e-005, 4.47866796094e-006, 1.63970605627e-006, 1.16410558348e-006, 3.1916343346e-008, 3.31558003275e-010]
        dmean2: [3.06672745864e-007, 0.000128501487779, 0.000315872894134, 0.000245746807195, 0.000458467053249, 0.000218020708417, 0.000148998544319, 0.000134632064146, 0.000209402918699, 0.000117976051115, 7.81818525866e-005, 8.49302450661e-005, 6.17433761363e-005, 7.28085287847e-005, 8.39586718939e-005, 0.000189615937416, 0.000242542577325, 0.000576604972593, 0.000493622384965, 0.000349972804543, 0.000185029624845, 6.7609566031e-005, 7.53558015276e-006, 2.61239051724e-006, 1.91453887055e-006, 5.11172437712e-008, 5.69926550398e-010]
        dvar: [1.60030354853e-013, 9.60112789272e-009, 4.3553441742e-008, 6.04595840059e-008, 2.84128219619e-007, 4.79836401723e-008, 4.93262710677e-008, 4.52489246072e-008, 6.54076686146e-008, 2.97996187726e-008, 1.27622099555e-008, 1.21199654757e-008, 5.51194201392e-009, 8.89080009614e-009, 9.10386788178e-009, 2.28408332248e-008, 4.16519014834e-008, 2.80514171891e-007, 1.2549223527e-007, 8.8946961796e-008, 2.12900967966e-008, 7.42738315296e-009, 7.22141513254e-011, 1.16030110867e-011, 5.1540113323e-012, 6.93251871043e-015, 2.66587696921e-019]
        dvar2: [4.56919387309e-013, 2.45532802978e-008, 1.13719750061e-007, 1.61033355539e-007, 7.84116252817e-007, 1.23695969023e-007, 1.30680419375e-007, 1.14678854857e-007, 1.73078063881e-007, 7.50154143248e-008, 3.54728655338e-008, 3.31778373663e-008, 1.50585695025e-008, 2.41464732653e-008, 2.2907878261e-008, 6.24443217134e-008, 1.13750417086e-007, 7.61247520131e-007, 3.47521904587e-007, 2.49837711408e-007, 5.88635522547e-008, 2.11436166353e-008, 1.94694246836e-010, 2.41613968416e-011, 1.23506673638e-011, 1.55389210613e-014, 6.50059995203e-019]
        max: [6.35555852568e-006, 0.000927167711779, 0.00272945920005, 0.0030806530267, 0.00693431869149, 0.00440884428099, 0.00621495349333, 0.00544100347906, 0.00347323250026, 0.00366098619998, 0.00237294030376, 0.00214398908429, 0.00130511797033, 0.00205424032174, 0.00160252861679, 0.00345703028142, 0.00499056186527, 0.0123112918809, 0.007625867147, 0.00286853988655, 0.00228650891222, 0.000700052420143, 0.000116697890917, 9.34258714551e-005, 5.11926082254e-005, 2.35785910263e-006, 1.64858686702e-008]
        mean: [2.06571073136e-007, 0.000137699127663, 0.000309483555611, 0.000184770033229, 0.000435811409261, 0.000215389125515, 0.000130480184453, 0.000126400846057, 0.000209726771573, 0.000128129016957, 7.51971019781e-005, 8.65537076606e-005, 6.38141864329e-005, 8.00802881713e-005, 9.84206199064e-005, 0.000228415912716, 0.0003142466594, 0.000792575243395, 0.000718028284609, 0.000440421426902, 0.000250660057645, 5.67105707887e-005, 9.09360096557e-006, 4.14987334807e-006, 2.29452052736e-006, 6.38353085947e-008, 4.17627710192e-010]
        median: [3.41447652374e-008, 0.000105966289993, 0.000234079707297, 0.000112881563837, 0.000274099438684, 0.000139792085974, 6.67235945002e-005, 4.24729223596e-005, 7.25802674424e-005, 3.81836798624e-005, 2.60520300799e-005, 2.73373516393e-005, 2.87687562377e-005, 4.05663085985e-005, 5.85603702348e-005, 0.000183788361028, 0.000239389482886, 0.00048844126286, 0.000630613707472, 0.000370912312064, 0.000214539337321, 3.50462469214e-005, 5.22579648532e-006, 2.62988942268e-006, 1.21278242204e-006, 2.92867063933e-008, 1.71982900143e-010]
        min: [5.36800913341e-023, 8.00898291546e-023, 1.39230399897e-023, 1.33543564741e-023, 1.21778540532e-022, 2.25335482781e-023, 4.03358969662e-023, 6.62973977095e-023, 7.23225721532e-023, 3.26713685873e-023, 1.17779937132e-022, 5.40050830944e-023, 1.4722944001e-022, 1.40750355002e-022, 2.10555533167e-022, 8.82055733495e-023, 1.99698875979e-022, 2.57140660006e-022, 2.99473965406e-022, 2.74512765534e-022, 4.38984609718e-022, 4.25329566288e-022, 6.37804972328e-022, 8.85226032945e-022, 1.18812802181e-021, 1.92190871488e-021, 2.38302696931e-021]
        var: [1.96017545728e-013, 1.58722048837e-008, 7.66842376265e-008, 6.31113863392e-008, 3.09839208512e-007, 7.44097405914e-008, 5.98991576339e-008, 7.60686944545e-008, 1.24257013567e-007, 7.59846017218e-008, 2.28226042509e-008, 2.52148559809e-008, 1.05185025134e-008, 2.17706741523e-008, 2.03687893219e-008, 4.26277466659e-008, 9.48283584989e-008, 8.37534514631e-007, 2.65756028739e-007, 1.06735249972e-007, 3.10001766479e-008, 5.4834914387e-009, 1.17533954791e-010, 4.21201094836e-011, 1.40598895373e-011, 1.79375066097e-014, 4.98840315688e-019]
    frequency_bands:
        dmean: [1.73336275111e-007, 7.9615310824e-005, 0.000191974337213, 0.000144423320307, 0.000273806799669, 0.000131978507852, 8.96747151273e-005, 8.20522182039e-005, 0.000128641127958, 7.31284962967e-005, 4.63796386612e-005, 5.15424835612e-005, 3.72816539311e-005, 4.35952679254e-005, 5.11506041221e-005, 0.000111468594696, 0.000143216951983, 0.000343226711266, 0.00028942633071, 0.000200653958018, 0.000107483239844, 3.74621376977e-005, 4.47866796094e-006, 1.63970605627e-006, 1.16410558348e-006, 3.1916343346e-008, 3.31558003275e-010, 5.69806979378e-011]
        dmean2: [3.06672745864e-007, 0.000128501487779, 0.000315872894134, 0.000245746807195, 0.000458467053249, 0.000218020708417, 0.000148998544319, 0.000134632064146, 0.000209402918699, 0.000117976051115, 7.81818525866e-005, 8.49302450661e-005, 6.17433761363e-005, 7.28085287847e-005, 8.39586718939e-005, 0.000189615937416, 0.000242542577325, 0.000576604972593, 0.000493622384965, 0.000349972804543, 0.000185029624845, 6.7609566031e-005, 7.53558015276e-006, 2.61239051724e-006, 1.91453887055e-006, 5.11172437712e-008, 5.69926550398e-010, 1.05920647253e-010]
        dvar: [1.60030354853e-013, 9.60112789272e-009, 4.3553441742e-008, 6.04595840059e-008, 2.84128219619e-007, 4.79836401723e-008, 4.93262710677e-008, 4.52489246072e-008, 6.54076686146e-008, 2.97996187726e-008, 1.27622099555e-008, 1.21199654757e-008, 5.51194201392e-009, 8.89080009614e-009, 9.10386788178e-009, 2.28408332248e-008, 4.16519014834e-008, 2.80514171891e-007, 1.2549223527e-007, 8.8946961796e-008, 2.12900967966e-008, 7.42738315296e-009, 7.22141513254e-011, 1.16030110867e-011, 5.1540113323e-012, 6.93251871043e-015, 2.66587696921e-019, 6.52287691144e-021]
        dvar2: [4.56919387309e-013, 2.45532802978e-008, 1.13719750061e-007, 1.61033355539e-007, 7.84116252817e-007, 1.23695969023e-007, 1.30680419375e-007, 1.14678854857e-007, 1.73078063881e-007, 7.50154143248e-008, 3.54728655338e-008, 3.31778373663e-008, 1.50585695025e-008, 2.41464732653e-008, 2.2907878261e-008, 6.24443217134e-008, 1.13750417086e-007, 7.61247520131e-007, 3.47521904587e-007, 2.49837711408e-007, 5.88635522547e-008, 2.11436166353e-008, 1.94694246836e-010, 2.41613968416e-011, 1.23506673638e-011, 1.55389210613e-014, 6.50059995203e-019, 2.07816430389e-020]
        max: [6.35555852568e-006, 0.000927167711779, 0.00272945920005, 0.0030806530267, 0.00693431869149, 0.00440884428099, 0.00621495349333, 0.00544100347906, 0.00347323250026, 0.00366098619998, 0.00237294030376, 0.00214398908429, 0.00130511797033, 0.00205424032174, 0.00160252861679, 0.00345703028142, 0.00499056186527, 0.0123112918809, 0.007625867147, 0.00286853988655, 0.00228650891222, 0.000700052420143, 0.000116697890917, 9.34258714551e-005, 5.11926082254e-005, 2.35785910263e-006, 1.64858686702e-008, 8.49928294411e-010]
        mean: [2.06571073136e-007, 0.000137699127663, 0.000309483555611, 0.000184770033229, 0.000435811409261, 0.000215389125515, 0.000130480184453, 0.000126400846057, 0.000209726771573, 0.000128129016957, 7.51971019781e-005, 8.65537076606e-005, 6.38141864329e-005, 8.00802881713e-005, 9.84206199064e-005, 0.000228415912716, 0.0003142466594, 0.000792575243395, 0.000718028284609, 0.000440421426902, 0.000250660057645, 5.67105707887e-005, 9.09360096557e-006, 4.14987334807e-006, 2.29452052736e-006, 6.38353085947e-008, 4.17627710192e-010, 4.41004767426e-011]
        median: [3.41447652374e-008, 0.000105966289993, 0.000234079707297, 0.000112881563837, 0.000274099438684, 0.000139792085974, 6.67235945002e-005, 4.24729223596e-005, 7.25802674424e-005, 3.81836798624e-005, 2.60520300799e-005, 2.73373516393e-005, 2.87687562377e-005, 4.05663085985e-005, 5.85603702348e-005, 0.000183788361028, 0.000239389482886, 0.00048844126286, 0.000630613707472, 0.000370912312064, 0.000214539337321, 3.50462469214e-005, 5.22579648532e-006, 2.62988942268e-006, 1.21278242204e-006, 2.92867063933e-008, 1.71982900143e-010, 1.66935302387e-011]
        min: [5.36800913341e-023, 8.00898291546e-023, 1.39230399897e-023, 1.33543564741e-023, 1.21778540532e-022, 2.25335482781e-023, 4.03358969662e-023, 6.62973977095e-023, 7.23225721532e-023, 3.26713685873e-023, 1.17779937132e-022, 5.40050830944e-023, 1.4722944001e-022, 1.40750355002e-022, 2.10555533167e-022, 8.82055733495e-023, 1.99698875979e-022, 2.57140660006e-022, 2.99473965406e-022, 2.74512765534e-022, 4.38984609718e-022, 4.25329566288e-022, 6.37804972328e-022, 8.85226032945e-022, 1.18812802181e-021, 1.92190871488e-021, 2.38302696931e-021, 6.70722762129e-022]
        var: [1.96017545728e-013, 1.58722048837e-008, 7.66842376265e-008, 6.31113863392e-008, 3.09839208512e-007, 7.44097405914e-008, 5.98991576339e-008, 7.60686944545e-008, 1.24257013567e-007, 7.59846017218e-008, 2.28226042509e-008, 2.52148559809e-008, 1.05185025134e-008, 2.17706741523e-008, 2.03687893219e-008, 4.26277466659e-008, 9.48283584989e-008, 8.37534514631e-007, 2.65756028739e-007, 1.06735249972e-007, 3.10001766479e-008, 5.4834914387e-009, 1.17533954791e-010, 4.21201094836e-011, 1.40598895373e-011, 1.79375066097e-014, 4.98840315688e-019, 5.26548038931e-021]
    mfcc:
        mean: [-696.435668945, 95.8151855469, -49.693813324, 70.9660263062, -9.47161006927, -9.46436691284, 2.88783955574, -2.31435775757, 1.71671426296, -6.16547203064, -4.12678480148, -4.20738935471, -7.48075580597]
        cov: [[3426.68530273, -124.109397888, -27.9929885864, 58.0685195923, -98.7202377319, 112.578811646, 94.8904647827, 255.932357788, 91.5794448853, 141.038284302, 121.240509033, 71.2716140747, 55.3845367432], [-124.109397888, 577.786560059, -184.194122314, 92.3881454468, -12.6941604614, -57.7956771851, 45.3896751404, -16.2685241699, 35.1943702698, -26.6409492493, -1.36852765083, 12.1834020615, -35.612449646], [-27.9929885864, -184.194122314, 307.724243164, 6.86954164505, 76.5086364746, 46.456653595, -19.0653095245, 24.685256958, -13.5730009079, 23.5129089355, -5.567943573, 1.18236863613, 23.7366695404], [58.0685195923, 92.3881454468, 6.86954164505, 251.160705566, 55.1381721497, 21.3569107056, -38.2120170593, -23.6897315979, 26.8109436035, -9.24109554291, 6.01325464249, 3.41546583176, 9.76255130768], [-98.7202377319, -12.6941604614, 76.5086364746, 55.1381721497, 124.247833252, 26.5245933533, 3.7258348465, -12.7478237152, 4.03343820572, 10.866938591, -6.31426143646, -0.926342427731, 4.07966661453], [112.578811646, -57.7956771851, 46.456653595, 21.3569107056, 26.5245933533, 124.899688721, 48.6886253357, 19.3756065369, -2.05416917801, 10.4904708862, -4.50605106354, -17.2836647034, 9.72192573547], [94.8904647827, 45.3896751404, -19.0653095245, -38.2120170593, 3.7258348465, 48.6886253357, 116.371047974, 42.199344635, 19.2646846771, 5.73438215256, 3.35424089432, 1.85358393192, -2.52564430237], [255.932357788, -16.2685241699, 24.685256958, -23.6897315979, -12.7478237152, 19.3756065369, 42.199344635, 104.819671631, 30.3650913239, 21.2951335907, 16.5802326202, 12.8269176483, 3.81495046616], [91.5794448853, 35.1943702698, -13.5730009079, 26.8109436035, 4.03343820572, -2.05416917801, 19.2646846771, 30.3650913239, 69.2484664917, 31.2454185486, 19.046749115, 5.58057403564, 0.45279943943], [141.038284302, -26.6409492493, 23.5129089355, -9.24109554291, 10.866938591, 10.4904708862, 5.73438215256, 21.2951335907, 31.2454185486, 69.7213668823, 26.3666191101, 11.8626499176, -0.818833708763], [121.240509033, -1.36852765083, -5.567943573, 6.01325464249, -6.31426143646, -4.50605106354, 3.35424089432, 16.5802326202, 19.046749115, 26.3666191101, 70.7774734497, 39.82188797, 10.2835178375], [71.2716140747, 12.1834020615, 1.18236863613, 3.41546583176, -0.926342427731, -17.2836647034, 1.85358393192, 12.8269176483, 5.58057403564, 11.8626499176, 39.82188797, 63.7527503967, 23.9812316895], [55.3845367432, -35.612449646, 23.7366695404, 9.76255130768, 4.07966661453, 9.72192573547, -2.52564430237, 3.81495046616, 0.45279943943, -0.818833708763, 10.2835178375, 23.9812316895, 51.3577194214]]
        icov: [[0.000428977888077, 0.000114090405987, 0.000211424106965, -0.000387083127862, 0.000382342055673, -0.000123486868688, -0.000130029555294, -0.000964101578575, 0.000419835036155, -0.000800661335234, -0.000229984012549, 7.45659563108e-005, -0.000354646646883], [0.000114090405987, 0.00290774251334, 0.0012457674602, -0.00159307557624, 3.94605267502e-005, 0.00155148061458, -0.00215886160731, 0.000150656560436, -0.000433789915405, 0.000288575451123, 0.000749087252188, -0.00127543485723, 0.00166010938119], [0.000211424106965, 0.0012457674602, 0.00548571720719, -0.000180566989002, -0.00296599464491, -0.00084294466069, 0.0013280910207, -0.00261215143837, 0.00167793454602, -0.00157543097157, 0.000775423075538, -0.000194595369976, -0.00131503224839], [-0.000387083127862, -0.00159307557624, -0.000180566989002, 0.00729097193107, -0.00301551586017, -0.00370808993466, 0.00506170094013, 0.00156415835954, -0.00512915244326, 0.00404705479741, -0.000663744518533, -0.000967323489022, -0.000221170441364], [0.000382342055673, 3.94605267502e-005, -0.00296599464491, -0.00301551586017, 0.0122533915564, -0.000556668906938, -0.00263151433319, 0.00218387925997, 1.76021621883e-005, -0.00287696742453, 0.00178917287849, -0.00137822749093, 0.000638750498183], [-0.000123486868688, 0.00155148061458, -0.00084294466069, -0.00370808993466, -0.000556668906938, 0.0151104684919, -0.00877425912768, -0.000738743168768, 0.00545367412269, -0.00373344682157, -0.00159979076125, 0.00730161136016, -0.00408605486155], [-0.000130029555294, -0.00215886160731, 0.0013280910207, 0.00506170094013, -0.00263151433319, -0.00877425912768, 0.0173405315727, -0.00387990963645, -0.00533734774217, 0.00382712553255, 0.000700574193615, -0.00312755303457, 0.00150638539344], [-0.000964101578575, 0.000150656560436, -0.00261215143837, 0.00156415835954, 0.00218387925997, -0.000738743168768, -0.00387990963645, 0.016782399267, -0.0069405157119, 0.00154702807777, 0.000501216505654, -0.00318543263711, 0.00205597374588], [0.000419835036155, -0.000433789915405, 0.00167793454602, -0.00512915244326, 1.76021621883e-005, 0.00545367412269, -0.00533734774217, -0.0069405157119, 0.0272876881063, -0.0125108296052, -0.00382790365256, 0.00678981980309, -0.00417881226167], [-0.000800661335234, 0.000288575451123, -0.00157543097157, 0.00404705479741, -0.00287696742453, -0.00373344682157, 0.00382712553255, 0.00154702807777, -0.0125108296052, 0.0255499687046, -0.00527781341225, -0.00308446609415, 0.00504567520693], [-0.000229984012549, 0.000749087252188, 0.000775423075538, -0.000663744518533, 0.00178917287849, -0.00159979076125, 0.000700574193615, 0.000501216505654, -0.00382790365256, -0.00527781341225, 0.0265993457288, -0.0168977677822, 0.00320702441968], [7.45659563108e-005, -0.00127543485723, -0.000194595369976, -0.000967323489022, -0.00137822749093, 0.00730161136016, -0.00312755303457, -0.00318543263711, 0.00678981980309, -0.00308446609415, -0.0168977677822, 0.0346974283457, -0.014808232896], [-0.000354646646883, 0.00166010938119, -0.00131503224839, -0.000221170441364, 0.000638750498183, -0.00408605486155, 0.00150638539344, 0.00205597374588, -0.00417881226167, 0.00504567520693, 0.00320702441968, -0.014808232896, 0.0286885723472]]
    sccoeffs:
        dmean: [0.0516299828887, 0.0480117201805, 0.0378667376935, 0.0280919764191, 0.0193423368037, 0.0161274615675]
        dmean2: [0.0863313004375, 0.0795850232244, 0.0629996657372, 0.047691822052, 0.0329257808626, 0.0261644218117]
        dvar: [0.0016231040936, 0.00145395169966, 0.000926618929952, 0.000494821346365, 0.000241862508119, 0.0001892739092]
        dvar2: [0.0044176382944, 0.00404474139214, 0.0025136244949, 0.00140388426371, 0.000669744797051, 0.000450703955721]
        max: [-0.309901595116, -0.429434657097, -0.521825015545, -0.619736015797, -0.650628626347, -0.567067921162]
        mean: [-0.65246617794, -0.761213779449, -0.792544782162, -0.800461828709, -0.79826182127, -0.724001407623]
        median: [-0.657775580883, -0.767606973648, -0.801411867142, -0.804944992065, -0.802850067616, -0.72774630785]
        min: [-0.972681343555, -0.968019008636, -0.970576643944, -0.970624983311, -0.962640285492, -0.957359611988]
        var: [0.00453141145408, 0.00370975746773, 0.00334594328888, 0.00143282336649, 0.000845738919452, 0.00157455354929]
    scvalleys:
        dmean: [0.386254519224, 0.323578387499, 0.281067788601, 0.227985158563, 0.175663858652, 0.21332269907]
        dmean2: [0.652439892292, 0.537260353565, 0.464329093695, 0.377305746078, 0.288098663092, 0.322868198156]
        dvar: [0.114818178117, 0.094903729856, 0.0804427415133, 0.0652159005404, 0.0568729825318, 0.0920814499259]
        dvar2: [0.272404462099, 0.212867304683, 0.169603466988, 0.134792715311, 0.105701379478, 0.188395246863]
        max: [-5.0200138092, -4.90240764618, -5.31331300735, -5.74031305313, -5.42924547195, -7.76362133026]
        mean: [-6.75986671448, -6.59220409393, -7.04152870178, -7.11580705643, -6.49761629105, -9.72044944763]
        median: [-6.54972410202, -6.51531267166, -6.99998474121, -7.01759004593, -6.36571264267, -9.46451282501]
        min: [-27.1523685455, -27.2495040894, -27.3355007172, -27.0781097412, -27.0796985626, -27.2987957001]
        var: [0.963607132435, 0.544304192066, 0.594330728054, 0.465235650539, 0.49058124423, 1.29552066326]

rhythm:
    beats_loudness:
        dmean: 0.00160356541164
        dmean2: 0.0027891844511
        dvar: 1.84760381217e-006
        dvar2: 5.50672712052e-006
        max: 0.0131134828553
        mean: 0.00528856320307
        median: 0.00511417305097
        min: 1.87856699085e-007
        var: 4.86554654344e-006
    bpm: 83.0230636597
    bpm_confidence: 0
    first_peak_bpm: 83
    first_peak_spread: 0.175824224949
    first_peak_weight: 0.45454543829
    onset_rate: 2.45825695992
    second_peak_bpm: 110
    second_peak_spread: 0.395683437586
    second_peak_weight: 0.254545450211
    beats_loudness_band_ratio:
        dmean: [0.0936355814338, 0.0774706155062, 0.0639356821775, 0.0507440045476, 0.100098870695, 0.0848454013467]
        dmean2: [0.158528521657, 0.132648602128, 0.111673362553, 0.0894096940756, 0.171526134014, 0.143155455589]
        dvar: [0.00620196014643, 0.00736917275935, 0.00491780368611, 0.00340508227237, 0.0061838850379, 0.00416027288884]
        dvar2: [0.0157873313874, 0.0202821213752, 0.0127990227193, 0.00934731587768, 0.0182149745524, 0.0118774147704]
        max: [0.689560890198, 0.677286982536, 0.479694724083, 0.303998112679, 0.628651320934, 0.543746232986]
        mean: [0.180766120553, 0.115211248398, 0.0953680276871, 0.0655621662736, 0.301570564508, 0.286844938993]
        median: [0.158691585064, 0.0786862596869, 0.0696229189634, 0.0409442074597, 0.300272732973, 0.286075562239]
        min: [0.000951445952523, 0.0117447180673, 0.00834699720144, 0.00556852389127, 0.0576251335442, 0.0249143783003]
        var: [0.0126483896747, 0.0101917246357, 0.00583787821233, 0.00364997587167, 0.0102384528145, 0.00869583059102]
    beats_position: [0.731428563595, 1.47446703911, 2.21750569344, 2.96054410934, 3.69197273254, 4.42340135574, 5.15482997894, 5.87464857101, 6.59446716309, 7.31428575516, 8.03410434723, 8.75392246246, 9.4853515625, 10.2167797089, 10.9365987778, 11.656416893, 12.387845993, 13.1192741394, 13.8390922546, 14.5473012924, 15.2787294388, 15.9985485077, 16.7183666229, 17.4381847382, 18.1696147919, 18.9010429382, 19.6208610535, 20.3406791687, 21.0604991913, 21.7803173065, 22.5001354218, 23.219953537, 23.9513835907, 24.6828117371, 25.4026298523, 26.1224479675, 26.8422679901, 27.5620861053, 28.2819042206, 29.0017223358, 29.7447605133, 30.4645805359, 31.1843986511, 31.9042167664, 32.6240348816, 33.3438529968, 34.0636711121, 34.7951011658, 35.5265312195, 36.2463493347, 36.96616745, 37.6859855652, 38.3941955566, 38.9282531738, 39.4739227295, 40.0079803467, 40.5536499023, 41.099319458, 41.6449890137, 42.1906585693, 42.7363243103, 43.281993866, 43.8276634216, 44.3733329773, 44.919002533, 45.4646720886, 45.9987297058, 46.532787323, 47.0784568787, 47.6125144958, 48.1581840515, 48.6922454834, 49.2379112244, 49.78358078, 50.3292503357, 50.8749198914, 51.420589447, 51.9662590027, 52.5003166199, 53.0459861755, 53.5916557312, 54.1257133484, 54.6597709656, 55.1938323975, 55.7395019531, 56.2851676941, 56.819229126, 57.3532867432, 57.8873443604, 58.4097938538, 58.9438552856, 59.4663009644, 59.9887504578, 60.5111999512, 61.0336494446, 61.556098938, 62.0901565552, 62.6242179871, 63.1582756042, 63.6923332214, 64.4353713989, 65.1668014526, 65.8982315063, 66.6180496216, 67.3378677368, 68.0576858521, 68.7775039673, 69.4973220825, 70.2171401978, 70.936958313, 71.6567764282, 72.3998184204, 73.1196365356, 73.8394546509, 74.5592727661, 75.2790908813, 75.9989089966, 76.7187271118, 77.4385452271, 78.1699752808, 78.889793396, 79.6212234497, 80.3410415649, 81.0724716187, 81.7806777954, 82.5004959106, 83.2087097168, 83.7659835815, 84.3116531372, 84.8457107544, 85.3797683716, 85.9370498657, 86.4827194214, 87.0283889771, 87.5740585327, 88.1081161499, 88.6421737671, 89.1762313843, 89.7219009399, 90.2675704956, 90.8132400513, 91.3589096069, 91.9045791626, 92.4502487183, 92.9959182739, 93.5299758911, 94.0640335083, 94.609703064, 95.1553726196, 95.7010421753, 96.246711731, 96.7923812866, 97.3380508423, 97.8721084595, 98.4061660767, 98.9402236938, 99.4858932495, 100.031562805, 100.577232361, 101.122901917, 101.656959534, 102.202629089, 102.748298645, 103.282356262, 103.816413879, 104.362083435, 104.907752991, 105.453422546, 105.999092102, 106.533149719, 107.078819275, 107.624488831, 108.170158386, 108.704216003, 109.249885559, 109.783943176, 110.318000793, 110.852058411, 111.467391968, 112.094329834, 112.7212677, 113.475914001, 114.230567932, 114.973602295, 115.705032349, 116.448066711, 117.179496765, 117.910926819, 118.630744934, 119.350563049, 120.081993103, 120.801811218, 121.533241272, 122.253059387, 122.972877502, 123.692695618, 124.412513733, 125.143943787, 125.87537384, 126.618408203, 127.338226318, 128.058044434, 128.777862549, 129.497680664, 130.229110718, 130.937316895, 131.645523071, 132.365356445, 133.085174561, 133.816589355, 134.548019409, 135.279449463, 136.010879517, 136.74230957, 137.462127686, 138.181945801, 138.901763916, 139.621582031, 140.341400146, 141.061218262, 141.781036377, 142.500854492, 143.232284546, 143.952102661, 144.683532715, 145.40335083, 146.123168945, 146.842987061, 147.562805176, 148.282623291, 149.002441406, 149.722259521, 150.453689575, 151.185119629, 151.904937744, 152.636367798, 153.356185913, 154.076004028, 154.807434082, 155.527252197, 156.247070313, 156.978500366, 157.698318481, 158.406524658, 159.114730835, 159.83454895, 160.565979004, 161.285797119, 162.005615234, 162.737045288, 163.468475342, 164.188293457, 164.919723511, 165.651153564, 166.37097168, 167.090789795, 167.81060791, 168.530426025, 169.261856079, 169.993286133, 170.713104248, 171.432922363, 172.152740479, 172.698410034, 173.24407959, 173.778137207, 174.323806763, 174.85786438, 175.403533936, 175.937591553, 176.47164917, 177.017318726, 177.562988281, 178.108657837, 178.654327393, 179.199996948, 179.745666504, 180.279724121, 180.813781738, 181.347839355, 181.893508911, 182.439178467, 182.984848022, 183.51890564, 184.064575195, 184.598632813, 185.13269043, 185.678359985, 186.224029541, 186.769699097, 187.315368652, 187.861038208, 188.406707764, 188.952377319, 189.486434937, 190.032104492, 190.577774048, 191.123443604, 191.669113159, 192.203170776, 192.748840332, 193.282897949, 193.828567505, 194.362625122, 194.908294678, 195.453964233, 195.999633789, 196.533691406, 197.067749023, 197.601806641, 198.298416138, 198.995010376, 199.691604614, 200.388198853, 201.096420288, 201.804626465, 202.512832642, 203.221038818, 203.940856934, 204.660675049, 205.392105103, 206.111923218, 206.831741333, 207.563171387, 208.282989502, 209.002807617, 209.711013794, 210.419219971, 211.127426147, 211.835647583, 212.54385376]
    bpm_estimates: [80.7495193481, 80.74949646, 80.7495269775, 82.0312423706, 82.0312423706, 82.0312423706, 83.3543319702, 83.3543319702, 83.3543319702, 83.3543319702, 83.3543930054, 82.0311889648, 82.0312957764, 83.3542785645, 83.3543930054, 82.0311889648, 82.0312957764, 83.3543930054, 84.7207489014, 82.0312957764, 83.3542785645, 83.3543930054, 83.3543930054, 82.0310821533, 82.0312957764, 83.3543930054, 83.3543930054, 83.3541717529, 83.3543930054, 83.3543930054, 83.3543930054, 82.0310821533, 82.0312957764, 83.3543930054, 83.3543930054, 83.3541717529, 83.3543930054, 83.3543930054, 83.3543930054, 80.7495498657, 83.3541717529, 83.3543930054, 83.3543930054, 83.3543930054, 83.3543930054, 83.3543930054, 82.0310821533, 82.0310821533, 83.3543930054, 83.3543930054, 83.3543930054, 84.7206344604, 80.7495498657, 82.0310821533, 82.0310821533, 83.3543930054, 83.3543930054, 83.3543930054, 83.3543930054, 83.3543930054, 83.3543930054, 83.3543930054, 83.3543930054, 80.7491378784, 83.3543930054, 83.3543930054, 83.3543930054, 83.3543930054, 83.3543930054, 83.3543930054, 83.3543930054, 82.0310821533, 83.3543930054, 82.0310821533, 83.3543930054, 82.0310821533, 84.7210922241, 83.3543930054, 84.7201766968, 79.5074462891, 79.5066452026, 80.7499694824, 82.0310821533, 80.7499694824, 82.0310821533, 82.0310821533, 83.3543930054, 83.3543930054, 82.0310821533, 83.3543930054, 82.0310821533, 83.3543930054, 83.3543930054, 83.3543930054, 83.3543930054, 82.0310821533, 82.0310821533, 80.7499694824, 83.3543930054, 83.3543930054, 83.3543930054, 83.3543930054, 82.0310821533, 84.7210922241, 84.7210922241, 83.3526229858, 83.3543930054, 82.0327987671, 82.0310821533, 82.0310821533, 82.0310821533, 82.0310821533, 83.3543930054, 83.3543930054, 83.3543930054, 83.3543930054, 83.3543930054, 83.3543930054, 83.3543930054, 83.3543930054, 82.0310821533, 83.3543930054, 82.0310821533, 83.3543930054, 83.3543930054, 83.3543930054, 83.3543930054, 83.3543930054, 83.3543930054, 83.3543930054, 82.0310821533, 82.0310821533, 83.3543930054, 82.0310821533, 83.3543930054, 83.3543930054, 82.0310821533, 83.3543930054, 83.3543930054, 82.0310821533, 83.3543930054, 84.7210922241, 84.7210922241, 83.3543930054, 82.0310821533, 83.3543930054, 83.3543930054, 82.0310821533, 82.0310821533, 83.3543930054, 82.0310821533, 82.0310821533, 83.3543930054, 83.3543930054, 83.3543930054, 83.3543930054, 82.0310821533, 82.0310821533, 83.3543930054, 83.3543930054, 83.3543930054, 86.1314697266, 86.133354187, 86.133354187, 86.133354187, 84.7192687988, 84.7210922241, 84.7210922241, 84.7210922241, 83.3543930054, 83.3543930054, 82.0310821533, 83.3543930054, 83.3543930054, 82.0310821533, 83.3543930054, 83.3543930054, 84.7210922241, 84.7210922241, 84.7210922241, 84.7192687988, 84.7210922241]
