
metadata:
    version:
        essentia: "2.1-beta2"
    audio_properties:
        analysis_sample_rate: 44100
        bitrate: 128
        channels: 2
        equal_loudness: 1
        length: 387.317565918
        replay_gain: -15.1278362274
        downmix: "mix"
    tags:
        album: ""
        artist: ""
        comment: ""
        date: ""
        genre: ""
        title: "Eon"
        tracknumber: ""

configuration:
    average_loudness:
        compute: 1
        frameSize: 88200
        hopSize: 44100
        silentFrames: "noise"
        windowType: "hann"
    general:
        analysisSampleRate: 44100
        endTime: 2000
        equalLoudness: 1
        nequalLoudness: 0
        shortSound: 0
        startTime: 0
    lowlevel:
        compute: 1
        frameSize: 2048
        hopSize: 1024
        zeroPadding: 0
        silentFrames: "noise"
        windowType: "blackmanharris62"
        mfccStats: ["mean", "cov", "icov"]
        stats: ["mean", "var", "median", "min", "max", "dmean", "dmean2", "dvar", "dvar2"]
    panning:
        compute: 0
        frameSize: 8192
        hopSize: 2048
        zeroPadding: 8192
        silentFrames: "noise"
        windowType: "hann"
        stats: ["copy"]
    rhythm:
        compute: 1
        maxTempo: 208
        minTempo: 40
        method: "degara"
        stats: ["mean", "var", "median", "min", "max", "dmean", "dmean2", "dvar", "dvar2"]
    segmentation:
        compute: 0
        cpw: 5
        inc1: 300
        inc2: 50
        minimumSegmentsLength: 10
        size1: 1000
        size2: 600
    sfx:
        compute: 1
        stats: ["mean", "var", "median", "min", "max", "dmean", "dmean2", "dvar", "dvar2"]
    svm:
        compute: 0
    tonal:
        compute: 1
        frameSize: 4096
        hopSize: 2048
        zeroPadding: 0
        silentFrames: "noise"
        windowType: "blackmanharris62"
        stats: ["mean", "var", "median", "min", "max", "dmean", "dmean2", "dvar", "dvar2"]

lowlevel:
    average_loudness: 0.789554655552
    barkbands_kurtosis:
        dmean: 0.79052656889
        dmean2: 1.28216898441
        dvar: 2.0427877903
        dvar2: 4.66075801849
        max: 44.5592384338
        mean: -0.262696951628
        median: -0.977256417274
        min: -1.90127015114
        var: 5.30914163589
    barkbands_skewness:
        dmean: 0.390514910221
        dmean2: 0.609427809715
        dvar: 0.141693904996
        dvar2: 0.320017486811
        max: 5.80338335037
        mean: -0.104500077665
        median: -0.194749936461
        min: -3.88536143303
        var: 0.888694941998
    barkbands_spread:
        dmean: 5.01371908188
        dmean2: 8.04120635986
        dvar: 23.2816429138
        dvar2: 56.5974693298
        max: 73.7110290527
        mean: 30.7883243561
        median: 31.448261261
        min: 1.64208960533
        var: 105.290100098
    dissonance:
        dmean: 0.010861415416
        dmean2: 0.0185415204614
        dvar: 0.000132746819872
        dvar2: 0.000365328916814
        max: 0.500000059605
        mean: 0.482090264559
        median: 0.486252725124
        min: 0.318137764931
        var: 0.000242991460254
    hfc:
        dmean: 2.14405441284
        dmean2: 3.46899175644
        dvar: 10.4931650162
        dvar2: 25.7851314545
        max: 71.4893417358
        mean: 7.84160757065
        median: 6.62178421021
        min: 1.05359205613e-016
        var: 46.8187561035
    pitch:
        dmean: 782.378234863
        dmean2: 1486.99279785
        dvar: 1454718.375
        dvar2: 3680151.5
        max: 5616.25878906
        mean: 1146.51208496
        median: 353.48538208
        min: 52.046913147
        var: 1903607.875
    pitch_instantaneous_confidence:
        dmean: 0.0796085968614
        dmean2: 0.130993291736
        dvar: 0.00507911900058
        dvar2: 0.0123231317848
        max: 0.966695666313
        mean: 0.352394759655
        median: 0.315178543329
        min: 0.0883666276932
        var: 0.0220264419913
    pitch_salience:
        dmean: 0.0551883541048
        dmean2: 0.091299302876
        dvar: 0.0025316097308
        dvar2: 0.00656404113397
        max: 0.926632225513
        mean: 0.670587658882
        median: 0.688626527786
        min: 0.194891378284
        var: 0.00808647274971
    silence_rate_20dB:
        dmean: 0
        dmean2: 0
        dvar: 0
        dvar2: 0
        max: 1
        mean: 1
        median: 1
        min: 1
        var: 0
    silence_rate_30dB:
        dmean: 0
        dmean2: 0
        dvar: 0
        dvar2: 0
        max: 1
        mean: 1
        median: 1
        min: 1
        var: 0
    silence_rate_60dB:
        dmean: 0.0793717429042
        dmean2: 0.158752992749
        dvar: 0.0730745121837
        dvar2: 0.157857552171
        max: 1
        mean: 0.399472475052
        median: 0
        min: 0
        var: 0.239905625582
    spectral_centroid:
        dmean: 266.577209473
        dmean2: 417.730407715
        dvar: 81523.5546875
        dvar2: 181174.28125
        max: 11938.4804688
        mean: 1866.86206055
        median: 1797.9296875
        min: 169.694854736
        var: 1392715.25
    spectral_complexity:
        dmean: 3.61033511162
        dmean2: 5.88261413574
        dvar: 17.0205230713
        dvar2: 41.2990722656
        max: 52
        mean: 15.1068220139
        median: 15
        min: 0
        var: 104.047836304
    spectral_crest:
        dmean: 1.91719603539
        dmean2: 3.18229722977
        dvar: 3.63491082191
        dvar2: 9.20892810822
        max: 23.9687232971
        mean: 6.61005210876
        median: 5.73977231979
        min: 2.08687782288
        var: 9.58036708832
    spectral_decrease:
        dmean: 2.34858965609e-010
        dmean2: 3.75261210994e-010
        dvar: 1.10529450262e-019
        dvar2: 2.72716329779e-019
        max: 1.46005724086e-028
        mean: -9.08990216431e-010
        median: -8.33875357653e-010
        min: -5.47982725863e-009
        var: 4.21484711248e-019
    spectral_energy:
        dmean: 0.00104788702447
        dmean2: 0.00167639844585
        dvar: 2.19155845116e-006
        dvar2: 5.41240160601e-006
        max: 0.0239244941622
        mean: 0.00414199801162
        median: 0.00379251525737
        min: 9.95664459412e-021
        var: 9.02544979908e-006
    spectral_energyband_high:
        dmean: 0.000178038942977
        dmean2: 0.000295395380817
        dvar: 1.20529179526e-007
        dvar2: 2.91733613267e-007
        max: 0.0131012368947
        mean: 0.000418010517024
        median: 0.000274364021607
        min: 6.87665050798e-021
        var: 2.85697126401e-007
    spectral_energyband_low:
        dmean: 0.000154529800056
        dmean2: 0.000257270992734
        dvar: 6.89356767225e-008
        dvar2: 1.83265470355e-007
        max: 0.00561676966026
        mean: 0.000286044814857
        median: 0.000203178205993
        min: 1.2789089515e-023
        var: 1.06926002275e-007
    spectral_energyband_middle_high:
        dmean: 0.000618422869593
        dmean2: 0.000985451857559
        dvar: 7.12865301011e-007
        dvar2: 1.72187924363e-006
        max: 0.0183276161551
        mean: 0.00224995426834
        median: 0.00187306758016
        min: 1.18268288733e-021
        var: 4.08047571909e-006
    spectral_energyband_middle_low:
        dmean: 0.000551489880309
        dmean2: 0.000884979148395
        dvar: 7.92325124621e-007
        dvar2: 1.9536525997e-006
        max: 0.0146815339103
        mean: 0.00130073435139
        median: 0.00102180964313
        min: 1.38806791058e-022
        var: 1.46137506363e-006
    spectral_flatness_db:
        dmean: 0.0142446048558
        dmean2: 0.0221666134894
        dvar: 0.000203986215638
        dvar2: 0.000449400657089
        max: 0.394237846136
        mean: 0.140626385808
        median: 0.128266885877
        min: 0.0467715263367
        var: 0.00208742218092
    spectral_flux:
        dmean: 0.00667649880052
        dmean2: 0.0104264244437
        dvar: 6.60799414618e-005
        dvar2: 0.000144813355291
        max: 0.139310568571
        mean: 0.0372817106545
        median: 0.0386167652905
        min: 6.24987422926e-011
        var: 0.000370616820874
    spectral_kurtosis:
        dmean: 1.7598553896
        dmean2: 3.01255369186
        dvar: 11.3797101974
        dvar2: 32.5355415344
        max: 83.5646514893
        mean: 4.78524017334
        median: 3.04467201233
        min: -1.26495778561
        var: 35.1702880859
    spectral_rms:
        dmean: 0.000234823324718
        dmean2: 0.000368665612768
        dvar: 8.20292171966e-008
        dvar2: 1.93326727072e-007
        max: 0.00483124936
        mean: 0.00182696816046
        median: 0.00192354223691
        min: 3.11669700465e-012
        var: 7.03157695625e-007
    spectral_rolloff:
        dmean: 376.439117432
        dmean2: 617.931945801
        dvar: 254736.65625
        dvar2: 581875.5
        max: 19552.1484375
        mean: 3381.10864258
        median: 3337.64648438
        min: 150.732421875
        var: 3676814.75
    spectral_skewness:
        dmean: 0.210902824998
        dmean2: 0.349814236164
        dvar: 0.0708959028125
        dvar2: 0.198018863797
        max: 7.07586336136
        mean: 1.40811145306
        median: 1.30411171913
        min: -0.0898917913437
        var: 0.350441098213
    spectral_spread:
        dmean: 445862.625
        dmean2: 668166.75
        dvar: 515093921792
        dvar2: 1.01059081011e+012
        max: 43169924
        mean: 4747931
        median: 4416978
        min: 575559.5
        var: 1.65885908091e+013
    spectral_strongpeak:
        dmean: 0.475213527679
        dmean2: 0.819853425026
        dvar: 0.602486670017
        dvar2: 1.5633276701
        max: 11.8859043121
        mean: 0.654537379742
        median: 0.234977811575
        min: 5.27813348583e-011
        var: 0.995522618294
    zerocrossingrate:
        dmean: 0.00818293355405
        dmean2: 0.00976676680148
        dvar: 7.10476670065e-005
        dvar2: 8.78390928847e-005
        max: 0.5380859375
        mean: 0.103893235326
        median: 0.1015625
        min: 0.0078125
        var: 0.00270360335708
    barkbands:
        dmean: [4.21550367946e-007, 5.04523486597e-005, 9.07272769837e-005, 0.000113123693154, 0.000312927033519, 0.000135248832521, 9.6271331131e-005, 7.06891732989e-005, 9.19268495636e-005, 9.66835359577e-005, 8.26520044939e-005, 7.47563390178e-005, 5.66051821806e-005, 7.59120448492e-005, 9.46888976614e-005, 0.000109567794425, 0.000179655835382, 0.00019336072728, 0.00019217224326, 0.000150555832079, 8.8576831331e-005, 3.23123385897e-005, 6.89322359904e-006, 2.52750623986e-006, 1.35374557431e-006, 4.55692870105e-008, 4.0797371037e-010]
        dmean2: [6.98792462117e-007, 8.60466461745e-005, 0.000152205771883, 0.000189725542441, 0.000510710349772, 0.000220626068767, 0.000159878589329, 0.000114649810712, 0.000147336977534, 0.000153952612891, 0.000135456124553, 0.000122805286082, 9.35119678616e-005, 0.0001245442254, 0.000154092253069, 0.000180395247298, 0.000296260899631, 0.000322528823745, 0.000317545491271, 0.000253208359936, 0.000149222149048, 5.37625855941e-005, 1.09920865725e-005, 3.89810929846e-006, 2.01325087801e-006, 7.01908717815e-008, 6.86474432854e-010]
        dvar: [8.56328029319e-013, 1.07718873821e-008, 2.82038055133e-008, 3.7656906926e-008, 4.15071355064e-007, 6.40950403863e-008, 4.78402242265e-008, 2.40446613731e-008, 2.91958262011e-008, 4.18034318272e-008, 2.40102853155e-008, 1.99112566435e-008, 1.21853762636e-008, 2.76729110738e-008, 5.44752154497e-008, 4.19731094325e-008, 1.1436183911e-007, 1.40225225209e-007, 9.88883996911e-008, 6.76414302347e-008, 4.71291059512e-008, 3.75304809452e-009, 1.79509657139e-010, 3.96038514483e-011, 1.47692014868e-011, 1.55624753535e-014, 1.16314653239e-018]
        dvar2: [2.26633230412e-012, 2.99748812438e-008, 7.62180007996e-008, 9.64777484569e-008, 1.04453613403e-006, 1.49869620714e-007, 1.2646222558e-007, 5.7546213128e-008, 6.93186166245e-008, 9.61457615745e-008, 6.22708569153e-008, 4.97112608855e-008, 3.05980982773e-008, 6.92781014777e-008, 1.41828479627e-007, 1.07771640501e-007, 2.95332881706e-007, 3.61370524615e-007, 2.55472969002e-007, 1.72658388919e-007, 1.16696050156e-007, 9.14270970043e-009, 3.79271031248e-010, 8.10159994646e-011, 2.79188443197e-011, 3.34651299456e-014, 2.90118648563e-018]
        max: [1.56583500939e-005, 0.00185065786354, 0.00336368521675, 0.00374188972637, 0.0109651200473, 0.00753709673882, 0.00758918141946, 0.00477671669796, 0.00437744846568, 0.00528676388785, 0.00337433954701, 0.00492980610579, 0.00354847754352, 0.00439957296476, 0.00570358848199, 0.00584233924747, 0.0118840746582, 0.0108757279813, 0.0102087715641, 0.00872656609863, 0.0111992536113, 0.00201040320098, 0.000591941934545, 0.000155536807142, 0.000127669947688, 4.28014527643e-006, 5.02108576939e-008]
        mean: [6.08550237757e-007, 8.00406269263e-005, 0.0001337651629, 0.000161296615261, 0.000440983771114, 0.00022232424817, 0.000146287871758, 0.000105082115624, 0.000155774163431, 0.000159576840815, 0.000137868410093, 0.000125487495097, 9.28725785343e-005, 0.000124118596432, 0.000157713307999, 0.000198011446628, 0.000364995881682, 0.000366584688891, 0.00040233504842, 0.000305824243696, 0.000173878710484, 6.42428785795e-005, 1.42258995766e-005, 5.29863837073e-006, 2.71634485216e-006, 8.06087356864e-008, 5.5136717414e-010]
        median: [2.42769118586e-007, 5.42947818758e-005, 7.29063613107e-005, 8.11486243038e-005, 0.000241296278546, 0.000123286823509, 6.7785178544e-005, 4.73742111353e-005, 8.03529255791e-005, 6.43520033918e-005, 6.71672605677e-005, 6.45920663374e-005, 4.82805116917e-005, 5.58373358217e-005, 7.36113724997e-005, 0.000130271466332, 0.000229362456594, 0.000231238314882, 0.000283845613012, 0.000193390791537, 0.000108111438749, 3.64532024832e-005, 6.98604708305e-006, 2.43450722337e-006, 1.16719252219e-006, 2.68360054179e-008, 1.99668392931e-010]
        min: [7.19406941046e-026, 7.88253827451e-025, 5.04975602019e-025, 7.67782985568e-025, 3.7603524182e-024, 5.98279723027e-024, 5.41066797015e-024, 4.83469853515e-024, 9.46741239095e-024, 1.07410464662e-023, 8.9940982144e-024, 2.22149857342e-023, 2.7219008135e-023, 2.27475015551e-023, 3.85705619444e-023, 5.82264545031e-023, 6.41898390498e-023, 8.21581277848e-023, 1.24991589931e-022, 1.47714545291e-022, 2.12332880962e-022, 3.10295925336e-022, 3.22755055633e-022, 5.68325284483e-022, 8.25848459987e-022, 1.22424548193e-021, 1.82270702004e-021]
        var: [1.05748905726e-012, 1.08063842319e-008, 4.20811581137e-008, 5.75268686021e-008, 4.62423003e-007, 1.22988936369e-007, 8.5028247554e-008, 4.17791170548e-008, 6.95546162888e-008, 1.023652203e-007, 5.50235945695e-008, 4.35705800328e-008, 2.35228672096e-008, 5.58878099355e-008, 1.0117094007e-007, 8.3099450876e-008, 3.34070477948e-007, 2.84564862341e-007, 2.1492924418e-007, 1.47339321188e-007, 8.40279881231e-008, 8.36788149883e-009, 5.50745893335e-010, 1.03351466274e-010, 3.63930968694e-011, 3.0365744912e-014, 1.68342297516e-018]
    frequency_bands:
        dmean: [4.21550367946e-007, 5.04523486597e-005, 9.07272769837e-005, 0.000113123693154, 0.000312927033519, 0.000135248832521, 9.6271331131e-005, 7.06891732989e-005, 9.19268495636e-005, 9.66835359577e-005, 8.26520044939e-005, 7.47563390178e-005, 5.66051821806e-005, 7.59120448492e-005, 9.46888976614e-005, 0.000109567794425, 0.000179655835382, 0.00019336072728, 0.00019217224326, 0.000150555832079, 8.8576831331e-005, 3.23123385897e-005, 6.89322359904e-006, 2.52750623986e-006, 1.35374557431e-006, 4.55692870105e-008, 4.0797371037e-010, 4.81559271626e-011]
        dmean2: [6.98792462117e-007, 8.60466461745e-005, 0.000152205771883, 0.000189725542441, 0.000510710349772, 0.000220626068767, 0.000159878589329, 0.000114649810712, 0.000147336977534, 0.000153952612891, 0.000135456124553, 0.000122805286082, 9.35119678616e-005, 0.0001245442254, 0.000154092253069, 0.000180395247298, 0.000296260899631, 0.000322528823745, 0.000317545491271, 0.000253208359936, 0.000149222149048, 5.37625855941e-005, 1.09920865725e-005, 3.89810929846e-006, 2.01325087801e-006, 7.01908717815e-008, 6.86474432854e-010, 8.9463624009e-011]
        dvar: [8.56328029319e-013, 1.07718873821e-008, 2.82038055133e-008, 3.7656906926e-008, 4.15071355064e-007, 6.40950403863e-008, 4.78402242265e-008, 2.40446613731e-008, 2.91958262011e-008, 4.18034318272e-008, 2.40102853155e-008, 1.99112566435e-008, 1.21853762636e-008, 2.76729110738e-008, 5.44752154497e-008, 4.19731094325e-008, 1.1436183911e-007, 1.40225225209e-007, 9.88883996911e-008, 6.76414302347e-008, 4.71291059512e-008, 3.75304809452e-009, 1.79509657139e-010, 3.96038514483e-011, 1.47692014868e-011, 1.55624753535e-014, 1.16314653239e-018, 5.68393886352e-021]
        dvar2: [2.26633230412e-012, 2.99748812438e-008, 7.62180007996e-008, 9.64777484569e-008, 1.04453613403e-006, 1.49869620714e-007, 1.2646222558e-007, 5.7546213128e-008, 6.93186166245e-008, 9.61457615745e-008, 6.22708569153e-008, 4.97112608855e-008, 3.05980982773e-008, 6.92781014777e-008, 1.41828479627e-007, 1.07771640501e-007, 2.95332881706e-007, 3.61370524615e-007, 2.55472969002e-007, 1.72658388919e-007, 1.16696050156e-007, 9.14270970043e-009, 3.79271031248e-010, 8.10159994646e-011, 2.79188443197e-011, 3.34651299456e-014, 2.90118648563e-018, 1.81567679263e-020]
        max: [1.56583500939e-005, 0.00185065786354, 0.00336368521675, 0.00374188972637, 0.0109651200473, 0.00753709673882, 0.00758918141946, 0.00477671669796, 0.00437744846568, 0.00528676388785, 0.00337433954701, 0.00492980610579, 0.00354847754352, 0.00439957296476, 0.00570358848199, 0.00584233924747, 0.0118840746582, 0.0108757279813, 0.0102087715641, 0.00872656609863, 0.0111992536113, 0.00201040320098, 0.000591941934545, 0.000155536807142, 0.000127669947688, 4.28014527643e-006, 5.02108576939e-008, 1.29519206471e-009]
        mean: [6.08550237757e-007, 8.00406269263e-005, 0.0001337651629, 0.000161296615261, 0.000440983771114, 0.00022232424817, 0.000146287871758, 0.000105082115624, 0.000155774163431, 0.000159576840815, 0.000137868410093, 0.000125487495097, 9.28725785343e-005, 0.000124118596432, 0.000157713307999, 0.000198011446628, 0.000364995881682, 0.000366584688891, 0.00040233504842, 0.000305824243696, 0.000173878710484, 6.42428785795e-005, 1.42258995766e-005, 5.29863837073e-006, 2.71634485216e-006, 8.06087356864e-008, 5.5136717414e-010, 3.72689622219e-011]
        median: [2.42769118586e-007, 5.42947818758e-005, 7.29063613107e-005, 8.11486243038e-005, 0.000241296278546, 0.000123286823509, 6.7785178544e-005, 4.73742111353e-005, 8.03529255791e-005, 6.43520033918e-005, 6.71672605677e-005, 6.45920663374e-005, 4.82805116917e-005, 5.58373358217e-005, 7.36113724997e-005, 0.000130271466332, 0.000229362456594, 0.000231238314882, 0.000283845613012, 0.000193390791537, 0.000108111438749, 3.64532024832e-005, 6.98604708305e-006, 2.43450722337e-006, 1.16719252219e-006, 2.68360054179e-008, 1.99668392931e-010, 1.0852541088e-011]
        min: [7.19406941046e-026, 7.88253827451e-025, 5.04975602019e-025, 7.67782985568e-025, 3.7603524182e-024, 5.98279723027e-024, 5.41066797015e-024, 4.83469853515e-024, 9.46741239095e-024, 1.07410464662e-023, 8.9940982144e-024, 2.22149857342e-023, 2.7219008135e-023, 2.27475015551e-023, 3.85705619444e-023, 5.82264545031e-023, 6.41898390498e-023, 8.21581277848e-023, 1.24991589931e-022, 1.47714545291e-022, 2.12332880962e-022, 3.10295925336e-022, 3.22755055633e-022, 5.68325284483e-022, 8.25848459987e-022, 1.22424548193e-021, 1.82270702004e-021, 4.88939472666e-022]
        var: [1.05748905726e-012, 1.08063842319e-008, 4.20811581137e-008, 5.75268686021e-008, 4.62423003e-007, 1.22988936369e-007, 8.5028247554e-008, 4.17791170548e-008, 6.95546162888e-008, 1.023652203e-007, 5.50235945695e-008, 4.35705800328e-008, 2.35228672096e-008, 5.58878099355e-008, 1.0117094007e-007, 8.3099450876e-008, 3.34070477948e-007, 2.84564862341e-007, 2.1492924418e-007, 1.47339321188e-007, 8.40279881231e-008, 8.36788149883e-009, 5.50745893335e-010, 1.03351466274e-010, 3.63930968694e-011, 3.0365744912e-014, 1.68342297516e-018, 4.5038914027e-021]
    mfcc:
        mean: [-729.620300293, 100.944084167, -45.4982566833, 44.6589241028, -8.72274017334, -4.15575742722, -1.83180975914, 0.434923261404, -2.05725073814, -9.10527515411, -5.03642225266, -4.36845588684, -4.58834886551]
        cov: [[12939.4277344, 60.8828048706, -1028.46789551, 1407.02966309, -1026.82922363, 453.65447998, 262.29776001, -124.536506653, 42.1009025574, 57.1672401428, -237.619476318, -229.966049194, 5.94663906097], [60.8828048706, 1415.77294922, -144.562088013, 27.1398639679, 104.529121399, -123.526443481, 38.4082298279, 4.69592189789, -28.6613292694, -63.7567367554, 10.966342926, 1.90140461922, -34.579864502], [-1028.46789551, -144.562088013, 513.049987793, -77.5763244629, 83.3583602905, -11.5222444534, 0.117700517178, 29.5668563843, -23.3199863434, 4.49669313431, 12.9747209549, 13.0078134537, 8.74571800232], [1407.02966309, 27.1398639679, -77.5763244629, 447.433441162, -125.07359314, 83.3436813354, 60.0186500549, -30.334197998, 19.0381565094, 5.23917579651, -41.4453620911, -35.5415039063, 9.80670928955], [-1026.82922363, 104.529121399, 83.3583602905, -125.07359314, 280.438537598, -50.3145332336, -41.1545181274, 37.0387306213, -0.758301079273, -13.2429208755, 24.7773761749, 29.6041278839, -8.77414226532], [453.65447998, -123.526443481, -11.5222444534, 83.3436813354, -50.3145332336, 157.960525513, 77.7435150146, -3.15160608292, 10.5763912201, 23.9269714355, -4.59560489655, -9.6185464859, 10.5623540878], [262.29776001, 38.4082298279, 0.117700517178, 60.0186500549, -41.1545181274, 77.7435150146, 171.153198242, 23.8896102905, -0.0222379062325, 13.6450881958, 2.79342627525, -2.87089920044, 6.69395637512], [-124.536506653, 4.69592189789, 29.5668563843, -30.334197998, 37.0387306213, -3.15160608292, 23.8896102905, 101.021598816, 24.0781955719, -1.31194114685, 8.97085666656, 9.88750648499, 1.0473536253], [42.1009025574, -28.6613292694, -23.3199863434, 19.0381565094, -0.758301079273, 10.5763912201, -0.0222379062325, 24.0781955719, 81.1301040649, 31.0340824127, 1.94424188137, 3.41349196434, 6.49046945572], [57.1672401428, -63.7567367554, 4.49669313431, 5.23917579651, -13.2429208755, 23.9269714355, 13.6450881958, -1.31194114685, 31.0340824127, 80.9345855713, 22.187664032, -1.89772462845, 8.16409778595], [-237.619476318, 10.966342926, 12.9747209549, -41.4453620911, 24.7773761749, -4.59560489655, 2.79342627525, 8.97085666656, 1.94424188137, 22.187664032, 67.6279907227, 23.251455307, 0.455784648657], [-229.966049194, 1.90140461922, 13.0078134537, -35.5415039063, 29.6041278839, -9.6185464859, -2.87089920044, 9.88750648499, 3.41349196434, -1.89772462845, 23.251455307, 63.8932037354, 23.1303138733], [5.94663906097, -34.579864502, 8.74571800232, 9.80670928955, -8.77414226532, 10.5623540878, 6.69395637512, 1.0473536253, 6.49046945572, 8.16409778595, 0.455784648657, 23.1303138733, 58.5758018494]]
        icov: [[0.000177558045834, -3.23944259435e-005, 0.000236010644585, -0.000369445187971, 0.000392789341277, -0.000231327794609, 0.000103955142549, -0.000216743210331, 0.000203298579436, -0.000176454486791, 0.000244709895924, 8.51395961945e-005, 4.85529744765e-005], [-3.23944259435e-005, 0.000919764570426, 0.00026254428667, -0.000165870587807, -0.000513018807396, 0.00102967652492, -0.000765838369261, 0.000214165804209, 2.5137567718e-005, 0.000559050415177, -0.000374151743017, 0.000100545337773, 0.000238513879594], [0.000236010644585, 0.00026254428667, 0.00257166707888, -0.000388804648537, -0.000170643950696, -3.47787608916e-005, -0.000127739112941, -0.000869009643793, 0.00131903099827, -0.000651116599329, 0.000343480729498, 0.000203805946512, -0.000315549666993], [-0.000369445187971, -0.000165870587807, -0.000388804648537, 0.00380690814927, 5.07491422468e-005, -0.000686477869749, -0.00059286976466, 0.00113994081039, -0.00137786974665, 0.000707287574187, 0.000517030595802, 0.000696964852978, -0.00068610033486], [0.000392789341277, -0.000513018807396, -0.000170643950696, 5.07491422468e-005, 0.00576868047938, -0.000584593159147, 0.00134083756711, -0.00180915859528, 0.000205629781703, -2.8608894354e-005, 6.52992821415e-006, -0.00131304189563, 0.00102252257057], [-0.000231327794609, 0.00102967652492, -3.47787608916e-005, -0.000686477869749, -0.000584593159147, 0.0105406362563, -0.00461661536247, 0.00123818567954, -0.000710709311534, -0.000941490579862, -0.000316481571645, 0.000622621970251, -0.000764763157349], [0.000103955142549, -0.000765838369261, -0.000127739112941, -0.00059286976466, 0.00134083756711, -0.00461661536247, 0.0090295271948, -0.00316061009653, 0.00185963406693, -0.00129538017791, -0.000109617074486, -0.000365897227312, -0.000166561294463], [-0.000216743210331, 0.000214165804209, -0.000869009643793, 0.00113994081039, -0.00180915859528, 0.00123818567954, -0.00316061009653, 0.0131658287719, -0.00547813763842, 0.00289183831774, -0.00152128899936, -0.000203490097192, 1.49909219544e-005], [0.000203298579436, 2.5137567718e-005, 0.00131903099827, -0.00137786974665, 0.000205629781703, -0.000710709311534, 0.00185963406693, -0.00547813763842, 0.0176648534834, -0.007831947878, 0.00279226503335, -0.00171798560768, -0.000136754402774], [-0.000176454486791, 0.000559050415177, -0.000651116599329, 0.000707287574187, -2.8608894354e-005, -0.000941490579862, -0.00129538017791, 0.00289183831774, -0.007831947878, 0.0190038047731, -0.00793970096856, 0.00410892348737, -0.00275305658579], [0.000244709895924, -0.000374151743017, 0.000343480729498, 0.000517030595802, 6.52992821415e-006, -0.000316481571645, -0.000109617074486, -0.00152128899936, 0.00279226503335, -0.00793970096856, 0.021461410448, -0.00820295978338, 0.0035835984163], [8.51395961945e-005, 0.000100545337773, 0.000203805946512, 0.000696964852978, -0.00131304189563, 0.000622621970251, -0.000365897227312, -0.000203490097192, -0.00171798560768, 0.00410892348737, -0.00820295978338, 0.0238755494356, -0.0101063381881], [4.85529744765e-005, 0.000238513879594, -0.000315549666993, -0.00068610033486, 0.00102252257057, -0.000764763157349, -0.000166561294463, 1.49909219544e-005, -0.000136754402774, -0.00275305658579, 0.0035835984163, -0.0101063381881, 0.0220413394272]]
    sccoeffs:
        dmean: [0.050071079284, 0.0458369255066, 0.0358719862998, 0.0288310870528, 0.0226196795702, 0.0229868274182]
        dmean2: [0.0822362601757, 0.0764377489686, 0.0596055425704, 0.0479528717697, 0.0372191108763, 0.0366734303534]
        dvar: [0.00180674856529, 0.00133129244205, 0.000809078104794, 0.00053199660033, 0.000339818623615, 0.000416920694988]
        dvar2: [0.00463913055137, 0.00364783708937, 0.00218172813766, 0.00144070282113, 0.000874420278706, 0.000985125196166]
        max: [-0.28334993124, -0.460126191378, -0.549320936203, -0.563570559025, -0.588470757008, -0.486729443073]
        mean: [-0.690895974636, -0.774610459805, -0.799632668495, -0.799497783184, -0.782811403275, -0.735081970692]
        median: [-0.695386767387, -0.778937876225, -0.803467988968, -0.803608894348, -0.787666976452, -0.730570912361]
        min: [-0.985308885574, -0.980731546879, -0.973306059837, -0.970795333385, -0.967935204506, -0.966260671616]
        var: [0.00705792196095, 0.00412204116583, 0.00288213812746, 0.0022154841572, 0.00225518364459, 0.00294931745157]
    scvalleys:
        dmean: [0.363724768162, 0.365057438612, 0.318555623293, 0.277033388615, 0.245784461498, 0.352174550295]
        dmean2: [0.592424571514, 0.598436176777, 0.5115224123, 0.43783774972, 0.381338387728, 0.510062873363]
        dvar: [0.117029763758, 0.105304569006, 0.0883512496948, 0.0842262580991, 0.0858982205391, 0.178562805057]
        dvar2: [0.253672719002, 0.248053058982, 0.186777204275, 0.167009219527, 0.168609827757, 0.335414648056]
        max: [-4.93803691864, -4.82579088211, -5.00724601746, -5.27977466583, -5.22614240646, -7.46394777298]
        mean: [-7.20845746994, -6.99593353271, -7.20310544968, -7.49959373474, -7.570499897, -10.4630270004]
        median: [-6.62847423553, -6.51344156265, -6.66533184052, -6.90330028534, -6.80470180511, -9.61492919922]
        min: [-28.163734436, -28.5621109009, -27.8760929108, -27.8163146973, -27.6300315857, -27.4290122986]
        var: [6.18477153778, 5.92262601852, 5.92285442352, 5.77522230148, 6.52887439728, 6.59238958359]

rhythm:
    beats_loudness:
        dmean: 0.00194709526841
        dmean2: 0.00337387435138
        dvar: 3.30827128892e-006
        dvar2: 1.0135251614e-005
        max: 0.0159190427512
        mean: 0.00480765569955
        median: 0.00472880527377
        min: 0
        var: 1.03280453914e-005
    bpm: 89.8880996704
    bpm_confidence: 0
    first_peak_bpm: 91
    first_peak_spread: 0.457665890455
    first_peak_weight: 0.350591719151
    onset_rate: 2.93815755844
    second_peak_bpm: 178
    second_peak_spread: 0
    second_peak_weight: 0.159763306379
    beats_loudness_band_ratio:
        dmean: [0.138996049762, 0.132608622313, 0.0725810453296, 0.0825346782804, 0.12779854238, 0.0933006182313]
        dmean2: [0.246728330851, 0.233943477273, 0.124591968954, 0.148250222206, 0.22325374186, 0.163112774491]
        dvar: [0.0122391572222, 0.0122300107032, 0.00586319016293, 0.00658892793581, 0.0128662539646, 0.00952106155455]
        dvar2: [0.0363780781627, 0.0359337814152, 0.0165224522352, 0.0187270827591, 0.0366465114057, 0.0283172894269]
        max: [0.741917252541, 0.607376933098, 0.700573146343, 0.649715423584, 0.942738354206, 0.904578328133]
        mean: [0.207295805216, 0.194663628936, 0.107746660709, 0.124876067042, 0.265547394753, 0.170076146722]
        median: [0.18585857749, 0.163147985935, 0.081072486937, 0.101720392704, 0.235589802265, 0.154866889119]
        min: [0, 0, 0, 0, 0, 0]
        var: [0.0221766475588, 0.0198635496199, 0.0074076470919, 0.00862876977772, 0.024788018316, 0.0155320987105]
