
metadata:
    version:
        essentia: "2.1-beta2"
    audio_properties:
        analysis_sample_rate: 44100
        bitrate: 320
        channels: 2
        equal_loudness: 1
        length: 258.37713623
        replay_gain: -12.9758739471
        downmix: "mix"
    tags:
        album: "La Gárgola"
        artist: "Chevelle"
        comment: "For Quality Need's Visit : http://www.bubaneemusic2.com"
        date: "2014"
        genre: "Alternative"
        title: "Ouija Board"
        tracknumber: "1/10"

configuration:
    average_loudness:
        compute: 1
        frameSize: 88200
        hopSize: 44100
        silentFrames: "noise"
        windowType: "hann"
    general:
        analysisSampleRate: 44100
        endTime: 2000
        equalLoudness: 1
        nequalLoudness: 0
        shortSound: 0
        startTime: 0
    lowlevel:
        compute: 1
        frameSize: 2048
        hopSize: 1024
        zeroPadding: 0
        silentFrames: "noise"
        windowType: "blackmanharris62"
        mfccStats: ["mean", "cov", "icov"]
        stats: ["mean", "var", "median", "min", "max", "dmean", "dmean2", "dvar", "dvar2"]
    panning:
        compute: 0
        frameSize: 8192
        hopSize: 2048
        zeroPadding: 8192
        silentFrames: "noise"
        windowType: "hann"
        stats: ["copy"]
    rhythm:
        compute: 1
        maxTempo: 208
        minTempo: 40
        method: "degara"
        stats: ["mean", "var", "median", "min", "max", "dmean", "dmean2", "dvar", "dvar2"]
    segmentation:
        compute: 0
        cpw: 5
        inc1: 300
        inc2: 50
        minimumSegmentsLength: 10
        size1: 1000
        size2: 600
    sfx:
        compute: 1
        stats: ["mean", "var", "median", "min", "max", "dmean", "dmean2", "dvar", "dvar2"]
    svm:
        compute: 0
    tonal:
        compute: 1
        frameSize: 4096
        hopSize: 2048
        zeroPadding: 0
        silentFrames: "noise"
        windowType: "blackmanharris62"
        stats: ["mean", "var", "median", "min", "max", "dmean", "dmean2", "dvar", "dvar2"]

lowlevel:
    average_loudness: 0.905887782574
    barkbands_kurtosis:
        dmean: 0.581101834774
        dmean2: 0.941413283348
        dvar: 0.657923638821
        dvar2: 1.58862709999
        max: 21.0988235474
        mean: -0.616970598698
        median: -1.00072038174
        min: -1.88224947453
        var: 1.68263566494
    barkbands_skewness:
        dmean: 0.328295946121
        dmean2: 0.514547526836
        dvar: 0.107460916042
        dvar2: 0.265947788954
        max: 3.56157207489
        mean: -0.427337318659
        median: -0.497704774141
        min: -3.25291585922
        var: 0.503911435604
    barkbands_spread:
        dmean: 4.55767631531
        dmean2: 7.21520376205
        dvar: 21.8907146454
        dvar2: 53.6111335754
        max: 67.7392044067
        mean: 31.5367031097
        median: 31.8437213898
        min: 1.66050207615
        var: 111.701553345
    dissonance:
        dmean: 0.0123706916347
        dmean2: 0.0212195068598
        dvar: 0.000263619847829
        dvar2: 0.00071979657514
        max: 0.500000059605
        mean: 0.478944808245
        median: 0.487682789564
        min: 0.263768702745
        var: 0.000640673621092
    hfc:
        dmean: 2.57737255096
        dmean2: 4.18778085709
        dvar: 15.0924930573
        dvar2: 38.8229217529
        max: 94.8804168701
        mean: 10.3842382431
        median: 9.89503860474
        min: 1.15645911214e-016
        var: 44.4494094849
    pitch:
        dmean: 708.815124512
        dmean2: 1351.46325684
        dvar: 1409995.125
        dvar2: 3638043.5
        max: 4709.52197266
        mean: 1809.06140137
        median: 769.024291992
        min: 63.5961532593
        var: 2550615.25
    pitch_instantaneous_confidence:
        dmean: 0.0676930621266
        dmean2: 0.112035885453
        dvar: 0.0035165718291
        dvar2: 0.00932582002133
        max: 0.992685198784
        mean: 0.430787622929
        median: 0.377499938011
        min: 0.122859060764
        var: 0.0341619066894
    pitch_salience:
        dmean: 0.049320679158
        dmean2: 0.0819661095738
        dvar: 0.00215193699114
        dvar2: 0.00590688735247
        max: 0.932794928551
        mean: 0.647615551949
        median: 0.674594938755
        min: 0.235922992229
        var: 0.0110862674192
    silence_rate_20dB:
        dmean: 0
        dmean2: 0
        dvar: 0
        dvar2: 0
        max: 1
        mean: 1
        median: 1
        min: 1
        var: 0
    silence_rate_30dB:
        dmean: 0
        dmean2: 0
        dvar: 0
        dvar2: 0
        max: 1
        mean: 1
        median: 1
        min: 1
        var: 0
    silence_rate_60dB:
        dmean: 0.0551761314273
        dmean2: 0.110362179577
        dvar: 0.0521374046803
        dvar2: 0.120302394032
        max: 1
        mean: 0.213855698705
        median: 0
        min: 0
        var: 0.168126240373
    spectral_centroid:
        dmean: 225.852554321
        dmean2: 358.591766357
        dvar: 61320.703125
        dvar2: 147614.90625
        max: 11122.4189453
        mean: 2024.53503418
        median: 2087.90551758
        min: 354.433807373
        var: 248754.84375
    spectral_complexity:
        dmean: 3.78504681587
        dmean2: 5.98004865646
        dvar: 16.4190483093
        dvar2: 37.1072120667
        max: 50
        mean: 18.8240623474
        median: 20
        min: 0
        var: 89.6438827515
    spectral_crest:
        dmean: 1.71416974068
        dmean2: 2.89057540894
        dvar: 3.23119115829
        dvar2: 8.79972171783
        max: 22.8867454529
        mean: 6.80242300034
        median: 6.07451963425
        min: 2.52113175392
        var: 7.38312149048
    spectral_decrease:
        dmean: 2.38844166667e-010
        dmean2: 3.7782382778e-010
        dvar: 1.20958427103e-019
        dvar2: 3.00553232138e-019
        max: -3.52506027172e-029
        mean: -1.05527064864e-009
        median: -1.01185482215e-009
        min: -5.63694202427e-009
        var: 3.27249685077e-019
    spectral_energy:
        dmean: 0.00110883172601
        dmean2: 0.00175812235102
        dvar: 2.50477387453e-006
        dvar2: 6.22612151346e-006
        max: 0.0295174177736
        mean: 0.00492471642792
        median: 0.00471704499796
        min: 1.06224716729e-020
        var: 7.31358204575e-006
    spectral_energyband_high:
        dmean: 0.000218265122385
        dmean2: 0.000370598892914
        dvar: 1.5662820374e-007
        dvar2: 4.22726799343e-007
        max: 0.00946285109967
        mean: 0.000532298407052
        median: 0.000449608400231
        min: 8.02666581956e-021
        var: 2.46026189643e-007
    spectral_energyband_low:
        dmean: 0.000130539396196
        dmean2: 0.000204638257856
        dvar: 2.9390138323e-008
        dvar2: 7.48966186848e-008
        max: 0.00342033291236
        mean: 0.000367323315004
        median: 0.00030094673275
        min: 3.67569391689e-023
        var: 1.20735350606e-007
    spectral_energyband_middle_high:
        dmean: 0.000680592609569
        dmean2: 0.00109169085044
        dvar: 7.96896927113e-007
        dvar2: 1.95359461941e-006
        max: 0.0248940549791
        mean: 0.00298590539023
        median: 0.00270170066506
        min: 1.21527402561e-021
        var: 3.80335745831e-006
    spectral_energyband_middle_low:
        dmean: 0.000521637208294
        dmean2: 0.000843984365929
        dvar: 1.11249414658e-006
        dvar2: 2.86340673483e-006
        max: 0.0108059644699
        mean: 0.00119616650045
        median: 0.000984431593679
        min: 4.31207981049e-022
        var: 1.24747282371e-006
    spectral_flatness_db:
        dmean: 0.0122780902311
        dmean2: 0.0199011303484
        dvar: 0.000114326205221
        dvar2: 0.000283108180156
        max: 0.500160753727
        mean: 0.174387454987
        median: 0.147249013186
        min: 0.0654656141996
        var: 0.00515826838091
    spectral_flux:
        dmean: 0.0064392760396
        dmean2: 0.00996837951243
        dvar: 6.00351013418e-005
        dvar2: 0.00012532187975
        max: 0.137025803328
        mean: 0.0383914709091
        median: 0.0393110886216
        min: 1.03065375678e-010
        var: 0.000330475653755
    spectral_kurtosis:
        dmean: 1.55827307701
        dmean2: 2.69681715965
        dvar: 6.47400331497
        dvar2: 19.4414615631
        max: 77.359703064
        mean: 4.21317768097
        median: 3.02103686333
        min: -1.1805216074
        var: 21.5308799744
    spectral_rms:
        dmean: 0.000226061194553
        dmean2: 0.000349690002622
        dvar: 7.86938088027e-008
        dvar2: 1.89444165244e-007
        max: 0.00536632817239
        mean: 0.00208554486744
        median: 0.0021452261135
        min: 3.21922154732e-012
        var: 4.55129878674e-007
    spectral_rolloff:
        dmean: 235.324676514
        dmean2: 393.877990723
        dvar: 91145.2109375
        dvar2: 193655.890625
        max: 18453.9550781
        mean: 3525.78100586
        median: 3639.11132813
        min: 301.46484375
        var: 471350.625
    spectral_skewness:
        dmean: 0.187812685966
        dmean2: 0.318547189236
        dvar: 0.048123087734
        dvar2: 0.141434937716
        max: 6.79691696167
        mean: 1.18821060658
        median: 1.11128604412
        min: -0.0110897263512
        var: 0.229338780046
    spectral_spread:
        dmean: 294245
        dmean2: 439797.40625
        dvar: 236932792320
        dvar2: 331386028032
        max: 40738796
        mean: 3802040.5
        median: 3833760.75
        min: 988777.5
        var: 1.3482459136e+012
    spectral_strongpeak:
        dmean: 0.574379146099
        dmean2: 0.993239462376
        dvar: 0.643979012966
        dvar2: 1.6743657589
        max: 12.0317907333
        mean: 0.95572167635
        median: 0.420110017061
        min: 3.63232310896e-009
        var: 1.36862576008
    zerocrossingrate:
        dmean: 0.00627595838159
        dmean2: 0.0080801397562
        dvar: 4.89779813506e-005
        dvar2: 6.44765750621e-005
        max: 0.4990234375
        mean: 0.10938680172
        median: 0.11279296875
        min: 0.01708984375
        var: 0.000484109419631
    barkbands:
        dmean: [2.15399040826e-007, 3.62097962352e-005, 8.51057993714e-005, 9.24993510125e-005, 0.000369147193851, 8.61830412759e-005, 5.61152337468e-005, 4.6011802624e-005, 7.48149686842e-005, 9.21110477066e-005, 4.9250505981e-005, 5.11739926878e-005, 6.40383223072e-005, 7.96568638179e-005, 7.65793956816e-005, 0.000142450851854, 0.000185313256225, 0.000191035287571, 0.000271100230748, 0.000218917921302, 0.000114278234832, 1.99710721063e-005, 4.56634688817e-006, 1.47241485138e-006, 4.86364058361e-007, 1.39321159054e-008, 2.4404905874e-010]
        dmean2: [3.73963388256e-007, 5.83313158131e-005, 0.000132811983349, 0.000154185006977, 0.000609376176726, 0.000140512638609, 9.12277391762e-005, 7.56042427383e-005, 0.000125513921375, 0.000144296311191, 8.11232821434e-005, 8.1519545347e-005, 0.00010564657714, 0.000131739041535, 0.000123296864331, 0.000235426981817, 0.000304415530991, 0.000317166850436, 0.000444955163402, 0.000371445697965, 0.000194985113922, 3.25711298501e-005, 7.40616223993e-006, 2.25211078941e-006, 7.21792559943e-007, 2.12250288456e-008, 4.23078433398e-010]
        dvar: [2.26946228737e-013, 5.19060439075e-009, 1.32024329247e-008, 1.85954238674e-008, 8.43585098664e-007, 1.96663059171e-008, 8.99227625695e-009, 6.83897916076e-009, 1.36368534243e-008, 3.28820348727e-008, 9.86201520448e-009, 1.84431581118e-008, 2.94388620148e-008, 5.89730113632e-008, 5.23728758139e-008, 5.35096411625e-008, 1.4000077897e-007, 8.49926138358e-008, 1.05541104745e-007, 1.41078373872e-007, 3.81778519909e-008, 1.19740595217e-009, 1.03939377938e-010, 1.35449039138e-011, 1.52843915909e-012, 1.03786110582e-015, 1.07233510338e-019]
        dvar2: [6.44436218798e-013, 1.33658506485e-008, 3.39074297528e-008, 5.05991408772e-008, 2.20012179852e-006, 5.09766024948e-008, 2.25733227666e-008, 1.77589551953e-008, 3.56814986446e-008, 7.90840886111e-008, 2.49192826374e-008, 4.13150473833e-008, 8.06142708143e-008, 1.57078247298e-007, 9.28019829871e-008, 1.34325887302e-007, 3.31505987106e-007, 2.23590674864e-007, 2.65972033731e-007, 3.85029522931e-007, 1.03471315072e-007, 2.99112845603e-009, 2.42900921599e-010, 2.743840051e-011, 3.00420170511e-012, 2.14487758134e-015, 3.00777759975e-019]
        max: [5.32408785148e-006, 0.000882650259882, 0.00268193054944, 0.00232998188585, 0.00904653500766, 0.00316774472594, 0.0024096458219, 0.00253928848542, 0.00200638128445, 0.00407938053831, 0.00249043526128, 0.0073850476183, 0.00469984347001, 0.0106694307178, 0.0203741658479, 0.00747140869498, 0.0189384687692, 0.00960613973439, 0.00636909110472, 0.0082239927724, 0.00543050980195, 0.000740394229069, 0.000466564000817, 0.000101216894109, 4.31616208516e-005, 1.88557078218e-006, 5.22205567677e-009]
        mean: [2.11126391036e-007, 5.69382682443e-005, 0.00021539881709, 0.000161954958457, 0.000476606830489, 0.000153833811055, 0.000102489575511, 7.71318664192e-005, 0.000129230000312, 0.000168490078067, 0.000125758058857, 0.000143199082231, 0.000133644323796, 0.00014652304526, 0.000147503611515, 0.000340398342814, 0.000408393185353, 0.000448377919383, 0.000719131028745, 0.0004623804125, 0.000246583716944, 4.53754873888e-005, 9.81344419415e-006, 4.04640422857e-006, 1.26897157315e-006, 3.18529522758e-008, 3.02794539442e-010]
        median: [4.46562680168e-008, 3.35895128956e-005, 0.000140705538797, 0.00011942735, 0.000251497636782, 9.72121051745e-005, 6.94430636941e-005, 4.46623125754e-005, 8.83218745003e-005, 6.94890259183e-005, 4.91024002258e-005, 5.13859195053e-005, 3.92460788134e-005, 5.56580926059e-005, 8.38329651742e-005, 0.000233068087255, 0.00023893895559, 0.00034161930671, 0.000652505899779, 0.000385040300898, 0.000195403539692, 3.07207992591e-005, 5.4680544963e-006, 2.49298182098e-006, 6.60602893277e-007, 1.51616745825e-008, 1.61789817654e-010]
        min: [4.33248759478e-024, 1.47076363129e-023, 7.05658562256e-024, 2.8867727427e-023, 3.67379844191e-023, 4.26283898657e-023, 3.51640428301e-023, 1.66221928946e-022, 1.16404592853e-022, 1.36221510856e-022, 3.41229420727e-023, 2.02724050266e-022, 5.52844135343e-023, 6.78394756288e-023, 1.31109730055e-022, 1.06687871229e-022, 1.45356267702e-022, 8.86359506159e-023, 2.02979742173e-022, 3.28526387259e-022, 5.6439188517e-022, 6.1430216801e-022, 4.48355368504e-022, 1.09014447968e-021, 1.32340305104e-021, 1.56145204021e-021, 2.35813723392e-021]
        var: [2.174480485e-013, 6.19662321455e-009, 6.77906868418e-008, 2.79476903842e-008, 7.17503269243e-007, 3.5692004019e-008, 1.72627085959e-008, 1.42121390212e-008, 2.55391245929e-008, 9.33353874188e-008, 4.35356568573e-008, 1.29571787966e-007, 8.04509667773e-008, 1.08635433094e-007, 1.39968577173e-007, 1.72094132722e-007, 4.24508868946e-007, 2.25418844479e-007, 2.96226232877e-007, 2.05649854479e-007, 6.96657735944e-008, 2.8161326604e-009, 2.51363541093e-010, 4.99096666773e-011, 6.04421590902e-012, 2.91054030852e-015, 1.5778490864e-019]
    frequency_bands:
        dmean: [2.15399040826e-007, 3.62097962352e-005, 8.51057993714e-005, 9.24993510125e-005, 0.000369147193851, 8.61830412759e-005, 5.61152337468e-005, 4.6011802624e-005, 7.48149686842e-005, 9.21110477066e-005, 4.9250505981e-005, 5.11739926878e-005, 6.40383223072e-005, 7.96568638179e-005, 7.65793956816e-005, 0.000142450851854, 0.000185313256225, 0.000191035287571, 0.000271100230748, 0.000218917921302, 0.000114278234832, 1.99710721063e-005, 4.56634688817e-006, 1.47241485138e-006, 4.86364058361e-007, 1.39321159054e-008, 2.4404905874e-010, 5.31092218814e-011]
        dmean2: [3.73963388256e-007, 5.83313158131e-005, 0.000132811983349, 0.000154185006977, 0.000609376176726, 0.000140512638609, 9.12277391762e-005, 7.56042427383e-005, 0.000125513921375, 0.000144296311191, 8.11232821434e-005, 8.1519545347e-005, 0.00010564657714, 0.000131739041535, 0.000123296864331, 0.000235426981817, 0.000304415530991, 0.000317166850436, 0.000444955163402, 0.000371445697965, 0.000194985113922, 3.25711298501e-005, 7.40616223993e-006, 2.25211078941e-006, 7.21792559943e-007, 2.12250288456e-008, 4.23078433398e-010, 9.80841102782e-011]
        dvar: [2.26946228737e-013, 5.19060439075e-009, 1.32024329247e-008, 1.85954238674e-008, 8.43585098664e-007, 1.96663059171e-008, 8.99227625695e-009, 6.83897916076e-009, 1.36368534243e-008, 3.28820348727e-008, 9.86201520448e-009, 1.84431581118e-008, 2.94388620148e-008, 5.89730113632e-008, 5.23728758139e-008, 5.35096411625e-008, 1.4000077897e-007, 8.49926138358e-008, 1.05541104745e-007, 1.41078373872e-007, 3.81778519909e-008, 1.19740595217e-009, 1.03939377938e-010, 1.35449039138e-011, 1.52843915909e-012, 1.03786110582e-015, 1.07233510338e-019, 5.83205266078e-021]
        dvar2: [6.44436218798e-013, 1.33658506485e-008, 3.39074297528e-008, 5.05991408772e-008, 2.20012179852e-006, 5.09766024948e-008, 2.25733227666e-008, 1.77589551953e-008, 3.56814986446e-008, 7.90840886111e-008, 2.49192826374e-008, 4.13150473833e-008, 8.06142708143e-008, 1.57078247298e-007, 9.28019829871e-008, 1.34325887302e-007, 3.31505987106e-007, 2.23590674864e-007, 2.65972033731e-007, 3.85029522931e-007, 1.03471315072e-007, 2.99112845603e-009, 2.42900921599e-010, 2.743840051e-011, 3.00420170511e-012, 2.14487758134e-015, 3.00777759975e-019, 1.85387912756e-020]
        max: [5.32408785148e-006, 0.000882650259882, 0.00268193054944, 0.00232998188585, 0.00904653500766, 0.00316774472594, 0.0024096458219, 0.00253928848542, 0.00200638128445, 0.00407938053831, 0.00249043526128, 0.0073850476183, 0.00469984347001, 0.0106694307178, 0.0203741658479, 0.00747140869498, 0.0189384687692, 0.00960613973439, 0.00636909110472, 0.0082239927724, 0.00543050980195, 0.000740394229069, 0.000466564000817, 0.000101216894109, 4.31616208516e-005, 1.88557078218e-006, 5.22205567677e-009, 1.02534036817e-009]
        mean: [2.11126391036e-007, 5.69382682443e-005, 0.00021539881709, 0.000161954958457, 0.000476606830489, 0.000153833811055, 0.000102489575511, 7.71318664192e-005, 0.000129230000312, 0.000168490078067, 0.000125758058857, 0.000143199082231, 0.000133644323796, 0.00014652304526, 0.000147503611515, 0.000340398342814, 0.000408393185353, 0.000448377919383, 0.000719131028745, 0.0004623804125, 0.000246583716944, 4.53754873888e-005, 9.81344419415e-006, 4.04640422857e-006, 1.26897157315e-006, 3.18529522758e-008, 3.02794539442e-010, 4.18494232324e-011]
        median: [4.46562680168e-008, 3.35895128956e-005, 0.000140705538797, 0.00011942735, 0.000251497636782, 9.72121051745e-005, 6.94430636941e-005, 4.46623125754e-005, 8.83218745003e-005, 6.94890259183e-005, 4.91024002258e-005, 5.13859195053e-005, 3.92460788134e-005, 5.56580926059e-005, 8.38329651742e-005, 0.000233068087255, 0.00023893895559, 0.00034161930671, 0.000652505899779, 0.000385040300898, 0.000195403539692, 3.07207992591e-005, 5.4680544963e-006, 2.49298182098e-006, 6.60602893277e-007, 1.51616745825e-008, 1.61789817654e-010, 1.53328998803e-011]
        min: [4.33248759478e-024, 1.47076363129e-023, 7.05658562256e-024, 2.8867727427e-023, 3.67379844191e-023, 4.26283898657e-023, 3.51640428301e-023, 1.66221928946e-022, 1.16404592853e-022, 1.36221510856e-022, 3.41229420727e-023, 2.02724050266e-022, 5.52844135343e-023, 6.78394756288e-023, 1.31109730055e-022, 1.06687871229e-022, 1.45356267702e-022, 8.86359506159e-023, 2.02979742173e-022, 3.28526387259e-022, 5.6439188517e-022, 6.1430216801e-022, 4.48355368504e-022, 1.09014447968e-021, 1.32340305104e-021, 1.56145204021e-021, 2.35813723392e-021, 7.10675171721e-022]
        var: [2.174480485e-013, 6.19662321455e-009, 6.77906868418e-008, 2.79476903842e-008, 7.17503269243e-007, 3.5692004019e-008, 1.72627085959e-008, 1.42121390212e-008, 2.55391245929e-008, 9.33353874188e-008, 4.35356568573e-008, 1.29571787966e-007, 8.04509667773e-008, 1.08635433094e-007, 1.39968577173e-007, 1.72094132722e-007, 4.24508868946e-007, 2.25418844479e-007, 2.96226232877e-007, 2.05649854479e-007, 6.96657735944e-008, 2.8161326604e-009, 2.51363541093e-010, 4.99096666773e-011, 6.04421590902e-012, 2.91054030852e-015, 1.5778490864e-019, 4.75864324043e-021]
    mfcc:
        mean: [-716.397277832, 92.2588348389, -64.8366470337, 56.8252944946, -15.006939888, -8.70613765717, 1.30958974361, -4.05434989929, -0.82089561224, -6.72862482071, -11.016541481, -5.7468047142, -5.31057405472]
        cov: [[7675.05517578, 919.913452148, 674.950500488, 1339.66430664, 101.945869446, 568.729431152, -102.846420288, -91.3619842529, -70.9012374878, 318.600830078, 450.377166748, -35.677570343, -457.304412842], [919.913452148, 1282.38513184, 13.1665153503, 442.9425354, 165.887542725, 118.947822571, 149.662155151, -85.936340332, -8.78973674774, -84.8247528076, 74.8459701538, 49.2161216736, -13.4600286484], [674.950500488, 13.1665153503, 625.301757813, 103.850532532, 61.1829795837, 59.1665344238, -72.8284759521, 22.5091609955, 19.7111587524, 116.691070557, 76.9281463623, -55.313747406, -106.467300415], [1339.66430664, 442.9425354, 103.850532532, 611.18572998, 226.708526611, 221.245132446, 106.372543335, -20.2074012756, 38.9476928711, 13.6162176132, 130.36088562, 103.452507019, 38.4114456177], [101.945869446, 165.887542725, 61.1829795837, 226.708526611, 318.231231689, 137.365814209, 106.755119324, 16.9595718384, 28.7230491638, -29.8391590118, 54.7392501831, 113.234771729, 75.8656921387], [568.729431152, 118.947822571, 59.1665344238, 221.245132446, 137.365814209, 213.355697632, 107.347434998, 4.3227481842, -20.4752025604, -6.65328121185, 85.3521194458, 58.9329795837, -4.16988515854], [-102.846420288, 149.662155151, -72.8284759521, 106.372543335, 106.755119324, 107.347434998, 193.287826538, 26.9059638977, -20.8235340118, -71.2990036011, 25.4983100891, 88.4142608643, 69.529510498], [-91.3619842529, -85.936340332, 22.5091609955, -20.2074012756, 16.9595718384, 4.3227481842, 26.9059638977, 90.5182800293, 30.8195705414, 14.638674736, 12.0117387772, 17.500705719, 19.9914970398], [-70.9012374878, -8.78973674774, 19.7111587524, 38.9476928711, 28.7230491638, -20.4752025604, -20.8235340118, 30.8195705414, 100.536582947, 48.8759155273, 15.0542812347, 7.56073856354, 28.3670101166], [318.600830078, -84.8247528076, 116.691070557, 13.6162176132, -29.8391590118, -6.65328121185, -71.2990036011, 14.638674736, 48.8759155273, 137.605407715, 53.3585700989, -37.4766197205, -55.1553115845], [450.377166748, 74.8459701538, 76.9281463623, 130.36088562, 54.7392501831, 85.3521194458, 25.4983100891, 12.0117387772, 15.0542812347, 53.3585700989, 127.840774536, 37.042011261, -23.7512836456], [-35.677570343, 49.2161216736, -55.313747406, 103.452507019, 113.234771729, 58.9329795837, 88.4142608643, 17.500705719, 7.56073856354, -37.4766197205, 37.042011261, 133.15057373, 90.8673248291], [-457.304412842, -13.4600286484, -106.467300415, 38.4114456177, 75.8656921387, -4.16988515854, 69.529510498, 19.9914970398, 28.3670101166, -55.1553115845, -23.7512836456, 90.8673248291, 169.49458313]]
        icov: [[0.000440799689386, -8.07825927041e-005, -1.8279748474e-005, -0.00107510818634, 0.000483398092911, -0.000491118757054, 0.000734710891265, -0.00045788064017, 0.000800901616458, -0.000498102337588, 2.42643545789e-005, -0.000440470379544, 0.000882620865013], [-8.07825927041e-005, 0.00147117360029, -5.3439194744e-005, -0.000968190783169, -0.000383924489142, 0.00154530594591, -0.00165773683693, 0.00139904639218, -0.00070575659629, 0.00130818272009, -0.000758976850193, 0.000776507426053, 0.000830767152365], [-1.8279748474e-005, -5.3439194744e-005, 0.00235996977426, -0.000206266282476, -0.00105339346919, -0.000182044503163, 0.000862119835801, -0.00109609344508, 0.000827335868962, -0.00130518095102, -0.000344023312209, 0.000992730259895, 0.000574629346374], [-0.00107510818634, -0.000968190783169, -0.000206266282476, 0.00705907447264, -0.00159241748042, -0.00266307522543, -0.000594972574618, 0.00221652863547, -0.00363981863484, 0.000621449551545, -0.00084789947141, 9.98432806227e-005, -0.00343796284869], [0.000483398092911, -0.000383924489142, -0.00105339346919, -0.00159241748042, 0.00731813628227, -0.00370294763707, 0.000866275397129, -0.000345171807567, -0.00167101528496, 0.00066468998557, 0.00116677361075, -0.00423837546259, 0.000223282229854], [-0.000491118757054, 0.00154530594591, -0.000182044503163, -0.00266307522543, -0.00370294763707, 0.0156998354942, -0.00749041326344, 0.00125903845765, 0.00268636830151, 0.00082173460396, -0.0047370060347, 0.00215973751619, 0.00225085089915], [0.000734710891265, -0.00165773683693, 0.000862119835801, -0.000594972574618, 0.000866275397129, -0.00749041326344, 0.0154785597697, -0.00602101394907, 0.00328236911446, 0.00225098105147, 0.000135776441311, -0.00393009139225, -0.00137528486084], [-0.00045788064017, 0.00139904639218, -0.00109609344508, 0.00221652863547, -0.000345171807567, 0.00125903845765, -0.00602101394907, 0.0170390717685, -0.00677095586434, 0.000360828329576, -0.00133318582084, -8.24297167128e-005, -0.000561438675504], [0.000800901616458, -0.00070575659629, 0.000827335868962, -0.00363981863484, -0.00167101528496, 0.00268636830151, 0.00328236911446, -0.00677095586434, 0.0204968303442, -0.00867831893265, 8.33325339045e-006, 0.00112380378414, -0.00314017361961], [-0.000498102337588, 0.00130818272009, -0.00130518095102, 0.000621449551545, 0.00066468998557, 0.00082173460396, 0.00225098105147, 0.000360828329576, -0.00867831893265, 0.0189964845777, -0.00753342732787, 0.00265412963927, 0.00171157636214], [2.42643545789e-005, -0.000758976850193, -0.000344023312209, -0.00084789947141, 0.00116677361075, -0.0047370060347, 0.000135776441311, -0.00133318582084, 8.33325339045e-006, -0.00753342732787, 0.0180222000927, -0.00758875580505, 0.00358500308357], [-0.000440470379544, 0.000776507426053, 0.000992730259895, 9.98432806227e-005, -0.00423837546259, 0.00215973751619, -0.00393009139225, -8.24297167128e-005, 0.00112380378414, 0.00265412963927, -0.00758875580505, 0.0215870384127, -0.00891444087029], [0.000882620865013, 0.000830767152365, 0.000574629346374, -0.00343796284869, 0.000223282229854, 0.00225085089915, -0.00137528486084, -0.000561438675504, -0.00314017361961, 0.00171157636214, 0.00358500308357, -0.00891444087029, 0.0164370909333]]
    sccoeffs:
        dmean: [0.0523365810513, 0.0425350852311, 0.0366472788155, 0.0291478596628, 0.0188245922327, 0.0178451649845]
        dmean2: [0.0850537344813, 0.0712649971247, 0.0611634477973, 0.0487673096359, 0.0314100794494, 0.0294034872204]
        dvar: [0.00205597910099, 0.00109950720798, 0.000860164524056, 0.00053689093329, 0.000215446736547, 0.000263342662947]
        dvar2: [0.00531325954944, 0.00307981087826, 0.00235362816602, 0.00147681182716, 0.000595376477577, 0.000682618061546]
        max: [-0.25177565217, -0.412686705589, -0.378104686737, -0.414226680994, -0.548304140568, -0.549444258213]
        mean: [-0.640089929104, -0.761734008789, -0.747809350491, -0.759464979172, -0.782881855965, -0.716143369675]
        median: [-0.653513669968, -0.772270619869, -0.773115694523, -0.777049660683, -0.79355597496, -0.724025249481]
        min: [-0.986866295338, -0.964927136898, -0.985239624977, -0.966135025024, -0.965280890465, -0.962753117085]
        var: [0.0108099067584, 0.00458279950544, 0.00880404748023, 0.00518412003294, 0.00176476035267, 0.00238235201687]
    scvalleys:
        dmean: [0.363475501537, 0.328617960215, 0.270779520273, 0.228794589639, 0.191636785865, 0.18603040278]
        dmean2: [0.607792258263, 0.544095098972, 0.443946510553, 0.371237039566, 0.300976544619, 0.27411454916]
        dvar: [0.103929720819, 0.0890463888645, 0.0655021741986, 0.0549081340432, 0.0560265481472, 0.0643440037966]
        dvar2: [0.248232364655, 0.205116942525, 0.139515027404, 0.106377951801, 0.0997663736343, 0.114211976528]
        max: [-5.48302316666, -5.03915452957, -5.18579292297, -5.37153482437, -5.30618047714, -7.71145343781]
        mean: [-7.42161512375, -7.00850105286, -7.21068000793, -7.30094385147, -6.89264965057, -10.195857048]
        median: [-6.76391744614, -6.55363464355, -6.86685800552, -6.90618944168, -6.41632413864, -9.60180950165]
        min: [-27.6493206024, -27.1478176117, -27.1734161377, -26.9826755524, -27.278459549, -27.2061328888]
        var: [3.08502149582, 1.96993374825, 1.34329271317, 1.41653180122, 1.52806150913, 2.3519282341]

rhythm:
    beats_loudness:
        dmean: 0.00141197431367
        dmean2: 0.00236948952079
        dvar: 2.63185393123e-006
        dvar2: 7.10848553354e-006
        max: 0.0233321450651
        mean: 0.00610611587763
        median: 0.00648713950068
        min: 2.61906529886e-006
        var: 6.89057696945e-006
    bpm: 131.025039673
    bpm_confidence: 0
    first_peak_bpm: 133
    first_peak_spread: 0.459057092667
    first_peak_weight: 0.407476633787
    onset_rate: 2.46925902367
    second_peak_bpm: 126
    second_peak_spread: 0.294117599726
    second_peak_weight: 0.0448598116636
    beats_loudness_band_ratio:
        dmean: [0.0740533098578, 0.0922958552837, 0.0381427071989, 0.0566203147173, 0.084133438766, 0.0723402202129]
        dmean2: [0.12817569077, 0.157685562968, 0.0643674135208, 0.0965175330639, 0.143090501428, 0.124595545232]
        dvar: [0.00517857307568, 0.00662542367354, 0.00214672298171, 0.00523025123402, 0.00598679343238, 0.00562890525907]
        dvar2: [0.0154279787093, 0.0191453024745, 0.00603459822014, 0.0148044424132, 0.0168125629425, 0.0162227693945]
        max: [0.669831752777, 0.573704063892, 0.493173748255, 0.70236825943, 0.795643687248, 0.647013068199]
        mean: [0.185818299651, 0.202159717679, 0.07428932935, 0.125413522124, 0.262009710073, 0.263484865427]
        median: [0.191320791841, 0.204727232456, 0.0552837774158, 0.0730271488428, 0.240779772401, 0.266352951527]
        min: [7.86604414316e-006, 7.38578091841e-006, 0.000327077112161, 0.0104772644117, 0.0547453686595, 0.00315703591332]
        var: [0.0137657001615, 0.0161186419427, 0.00478164292872, 0.017076227814, 0.0125430356711, 0.0112175680697]
    beats_position: [0.777868449688, 1.55573689938, 2.34521532059, 3.14630389214, 3.93578219414, 4.72526073456, 5.51473903656, 6.30421733856, 7.08208608627, 7.87156438828, 8.66104316711, 9.46213150024, 10.2748298645, 11.0294780731, 11.7841272354, 12.538775444, 13.2818136215, 14.0596818924, 14.8259410858, 15.5921993256, 16.3816776276, 17.1711559296, 17.9606342316, 18.7501125336, 19.5163707733, 20.2826309204, 21.0604991913, 21.8499774933, 22.5697956085, 23.2896137238, 23.9978218079, 24.7176418304, 25.4258499146, 26.1224479675, 26.8190479279, 27.5156459808, 28.2238540649, 28.932062149, 29.6286621094, 30.2207698822, 30.8128795624, 31.2888889313, 31.7648983002, 32.2409057617, 32.7169151306, 33.1813163757, 33.6457138062, 34.1101112366, 34.5629005432, 35.0273017883, 35.4916992188, 35.9444885254, 36.397277832, 36.8500671387, 37.3144645691, 37.7788658142, 38.2316551208, 38.6960525513, 39.1488418579, 39.613243103, 40.0776405334, 40.5304298401, 40.9832191467, 41.4360084534, 41.88879776, 42.3531951904, 42.8175964355, 43.281993866, 43.7347831726, 44.1875724792, 44.6519737244, 45.1047592163, 45.5575485229, 46.0219497681, 46.4863471985, 46.9391365051, 47.3919258118, 47.8563270569, 48.3207244873, 48.7735137939, 49.2263031006, 49.690700531, 50.1551017761, 50.6078910828, 51.0606803894, 51.5250778198, 51.9894790649, 52.4422683716, 52.8950538635, 53.3478431702, 53.8006324768, 54.2650337219, 54.7294311523, 55.1938323975, 55.6466217041, 56.0994110107, 56.5522003174, 57.0165977478, 57.4693870544, 57.9337844849, 58.3865737915, 58.8393630981, 59.3037643433, 59.7565536499, 60.2093429565, 60.6621322632, 61.1149177551, 61.5793190002, 62.0437164307, 62.5081176758, 62.9725151062, 63.4369163513, 63.889705658, 64.3424911499, 64.806892395, 65.2596817017, 65.7240829468, 66.1768722534, 66.6412658691, 67.1056671143, 67.5584564209, 68.0112457275, 68.4640350342, 68.9168243408, 69.3812255859, 69.8456192017, 70.3100204468, 70.7628097534, 71.2155990601, 71.6800003052, 72.1327896118, 72.5855789185, 73.0499725342, 73.5143737793, 73.9671630859, 74.4199523926, 74.8843536377, 75.3487548828, 75.8015441895, 76.2543258667, 76.7187271118, 77.1715164185, 77.6243057251, 78.0887069702, 78.5414962769, 78.9942855835, 79.4586868286, 79.9114761353, 80.3642578125, 80.8286590576, 81.2814483643, 81.7342376709, 82.198638916, 82.6630401611, 83.1274337769, 83.591835022, 84.0446243286, 84.4974136353, 84.9618148804, 85.4378204346, 85.9022216797, 86.3550109863, 86.807800293, 87.2605895996, 87.7249908447, 88.177772522, 88.6305618286, 89.0833511353, 89.5361404419, 90.000541687, 90.4533309937, 90.9177322388, 91.3705215454, 91.8233108521, 92.2877044678, 92.7404937744, 93.2048950195, 93.6692962646, 94.1220855713, 94.5748748779, 95.039276123, 95.4920654297, 95.9448471069, 96.4092483521, 96.8620376587, 97.3148269653, 97.7792282104, 98.2436294556, 98.6964187622, 99.1608123779, 99.625213623, 100.07800293, 100.542404175, 101.006797791, 101.459587097, 101.912376404, 102.36516571, 102.817955017, 103.282356262, 103.746757507, 104.199546814, 104.652336121, 105.116729736, 105.569519043, 106.033920288, 106.486709595, 106.939498901, 107.403900146, 107.856689453, 108.321083069, 108.785484314, 109.238273621, 109.691062927, 110.155464172, 110.619865417, 111.072654724, 111.525436401, 111.989837646, 112.442626953, 112.89541626, 113.359817505, 113.82421875, 114.288612366, 114.741401672, 115.194190979, 115.646980286, 116.099769592, 116.564170837, 117.028572083, 117.481361389, 117.945755005, 118.398544312, 118.862945557, 119.327346802, 119.780136108, 120.232925415, 120.685714722, 121.138504028, 121.602897644, 122.067298889, 122.520088196, 122.972877502, 123.437278748, 123.890068054, 124.342857361, 124.807250977, 125.271652222, 125.736053467, 126.188842773, 126.64163208, 127.106025696, 127.570426941, 128.023223877, 128.476013184, 128.94039917, 129.393188477, 129.845977783, 130.310379028, 130.763168335, 131.215957642, 131.680358887, 132.133148193, 132.5859375, 133.038726807, 133.491516113, 133.955917358, 134.420318604, 134.884719849, 135.337509155, 135.801895142, 136.254684448, 136.719085693, 137.183486938, 137.636276245, 138.089065552, 138.553466797, 139.017868042, 139.470657349, 139.923446655, 140.376235962, 140.829025269, 141.293426514, 141.757827759, 142.222213745, 142.675003052, 143.127792358, 143.580581665, 144.033370972, 144.497772217, 144.962173462, 145.414962769, 145.879364014, 146.33215332, 146.796554565, 147.260955811, 147.725341797, 148.178131104, 148.63092041, 149.083709717, 149.536499023, 149.98928833, 150.442077637, 150.906478882, 151.370880127, 151.835281372, 152.299682617, 152.752471924, 153.20526123, 153.669662476, 154.134063721, 154.586837769, 155.039627075, 155.50402832, 155.956817627, 156.421218872, 156.874008179, 157.338409424, 157.802810669, 158.255599976, 158.708389282, 159.172790527, 159.625579834, 160.078369141, 160.542770386, 160.995559692, 161.448348999, 161.912734985, 162.37713623, 162.829925537, 163.294326782, 163.747116089, 164.211517334, 164.664306641, 165.117095947, 165.581497192, 166.045898438, 166.498687744, 166.951477051, 167.415863037, 167.880264282, 168.333053589, 168.785842896, 169.250244141, 169.703033447, 170.155822754, 170.620223999, 171.084625244, 171.549026489, 172.013427734, 172.466217041, 172.930603027, 173.383392334, 173.836181641, 174.288970947, 174.741760254, 175.194549561, 175.647338867, 176.100128174, 176.564529419, 177.028930664, 177.493331909, 177.946121216, 178.410522461, 178.863311768, 179.316101074, 179.780502319, 180.233291626, 180.697677612, 181.162078857, 181.626480103, 182.079269409, 182.532058716, 182.984848022, 183.437637329, 183.902038574, 184.366439819, 184.819229126, 185.272018433, 185.736419678, 186.189208984, 186.653594971, 187.106384277, 187.570785522, 188.035186768, 188.487976074, 188.940765381, 189.405166626, 189.857955933, 190.310745239, 190.775146484, 191.227935791, 191.680725098, 192.133514404, 192.597915649, 193.050704956, 193.515090942, 193.979492188, 194.432281494, 194.896682739, 195.349472046, 195.813873291, 196.266662598, 196.731063843, 197.183853149, 197.648254395, 198.11265564, 198.565444946, 199.018234253, 199.47102356, 199.923812866, 200.388198853, 200.852600098, 201.317001343, 201.769790649, 202.222579956, 202.686981201, 203.151382446, 203.604171753, 204.05696106, 204.521362305, 204.974151611, 205.426940918, 205.891326904, 206.355728149, 206.808517456, 207.261306763, 207.725708008, 208.190109253, 208.64289856, 209.095687866, 209.560089111, 210.024490356, 210.477279663, 210.93006897, 211.394470215, 211.847259521, 212.300048828, 212.764434814, 213.22883606, 213.681625366, 214.134414673, 214.598815918, 215.063217163, 215.539230347, 216.015228271, 216.491241455, 217.060134888, 217.62902832, 218.197906494, 218.755187988, 219.312469482, 219.869750977, 220.427032471, 220.984298706, 221.5415802, 222.098861694, 222.656143188, 223.213424683, 223.782302856, 224.351196289, 224.827209473, 225.303222656, 225.779220581, 226.20880127, 226.638366699, 227.067932129, 227.48588562, 227.90385437, 228.321807861, 228.739776611, 229.169342041, 229.598907471, 230.0284729, 230.504486084, 230.992111206, 231.468109131, 231.944122314, 232.420135498, 232.896133423, 233.372146606, 233.84815979, 234.324172974, 234.800170898, 235.276184082, 235.752197266, 236.228210449, 236.657775879, 237.087341309, 237.516906738, 237.900039673, 238.283172607, 238.677902222, 239.072647095, 239.502212524, 239.943389893, 240.372970581, 240.802536011, 241.23210144, 241.66166687, 242.091247559, 242.520812988, 242.950378418, 243.391555786, 243.879180908, 244.37840271, 244.877639771, 245.365249634, 245.852874756, 246.340499878, 246.828109741, 247.315734863, 247.803344727, 248.290969849, 248.778594971, 249.254592896, 249.707382202, 250.160171509, 250.612960815, 251.077362061, 251.448883057, 251.832015991, 252.215148926, 252.586654663, 252.958175659, 253.341308594, 253.71282959, 254.095962524, 254.479095459, 254.862213135, 255.245346069, 255.616867065, 256, 256.371520996, 256.743041992, 257.114562988, 257.486083984]
