
metadata:
    version:
        essentia: "2.1-beta2"
    audio_properties:
        analysis_sample_rate: 44100
        bitrate: 320
        channels: 2
        equal_loudness: 1
        length: 261.328979492
        replay_gain: -14.9821014404
        downmix: "mix"
    tags:
        album: "La Gárgola"
        artist: "Chevelle"
        comment: "For Quality Need's Visit : http://www.bubaneemusic2.com"
        date: "2014"
        genre: "Alternative"
        title: "Take Out the Gunman"
        tracknumber: "3/10"

configuration:
    average_loudness:
        compute: 1
        frameSize: 88200
        hopSize: 44100
        silentFrames: "noise"
        windowType: "hann"
    general:
        analysisSampleRate: 44100
        endTime: 2000
        equalLoudness: 1
        nequalLoudness: 0
        shortSound: 0
        startTime: 0
    lowlevel:
        compute: 1
        frameSize: 2048
        hopSize: 1024
        zeroPadding: 0
        silentFrames: "noise"
        windowType: "blackmanharris62"
        mfccStats: ["mean", "cov", "icov"]
        stats: ["mean", "var", "median", "min", "max", "dmean", "dmean2", "dvar", "dvar2"]
    panning:
        compute: 0
        frameSize: 8192
        hopSize: 2048
        zeroPadding: 8192
        silentFrames: "noise"
        windowType: "hann"
        stats: ["copy"]
    rhythm:
        compute: 1
        maxTempo: 208
        minTempo: 40
        method: "degara"
        stats: ["mean", "var", "median", "min", "max", "dmean", "dmean2", "dvar", "dvar2"]
    segmentation:
        compute: 0
        cpw: 5
        inc1: 300
        inc2: 50
        minimumSegmentsLength: 10
        size1: 1000
        size2: 600
    sfx:
        compute: 1
        stats: ["mean", "var", "median", "min", "max", "dmean", "dmean2", "dvar", "dvar2"]
    svm:
        compute: 0
    tonal:
        compute: 1
        frameSize: 4096
        hopSize: 2048
        zeroPadding: 0
        silentFrames: "noise"
        windowType: "blackmanharris62"
        stats: ["mean", "var", "median", "min", "max", "dmean", "dmean2", "dvar", "dvar2"]

lowlevel:
    average_loudness: 0.703041255474
    barkbands_kurtosis:
        dmean: 1.63763618469
        dmean2: 2.47773838043
        dvar: 14.1475734711
        dvar2: 27.2387237549
        max: 198.885955811
        mean: 1.44059681892
        median: -0.369424045086
        min: -1.93944334984
        var: 45.678062439
    barkbands_skewness:
        dmean: 0.487788468599
        dmean2: 0.744863271713
        dvar: 0.357998818159
        dvar2: 0.752498269081
        max: 10.4384460449
        mean: -0.215298548341
        median: -0.603885054588
        min: -5.51491451263
        var: 2.05273461342
    barkbands_spread:
        dmean: 6.47350358963
        dmean2: 10.0887441635
        dvar: 50.1064529419
        dvar2: 118.704307556
        max: 79.5218353271
        mean: 28.696439743
        median: 29.3855800629
        min: 0.306828975677
        var: 152.324325562
    dissonance:
        dmean: 0.0125803127885
        dmean2: 0.0211363993585
        dvar: 0.00035067400313
        dvar2: 0.000923760526348
        max: 0.500000238419
        mean: 0.479975312948
        median: 0.488463401794
        min: 0.187601774931
        var: 0.000685202074237
    hfc:
        dmean: 2.40070176125
        dmean2: 3.9150326252
        dvar: 16.9684257507
        dvar2: 43.2263336182
        max: 69.3501968384
        mean: 8.93298721313
        median: 8.77383041382
        min: 1.17841830895e-016
        var: 69.1766967773
    pitch:
        dmean: 837.712158203
        dmean2: 1590.53149414
        dvar: 1664294.375
        dvar2: 3992223.5
        max: 5215.76123047
        mean: 1795.19042969
        median: 809.809326172
        min: 43.0581169128
        var: 2668494.75
    pitch_instantaneous_confidence:
        dmean: 0.0784459710121
        dmean2: 0.127246841788
        dvar: 0.00507232360542
        dvar2: 0.0121829304844
        max: 0.942297279835
        mean: 0.374356031418
        median: 0.341931164265
        min: 0.0217968225479
        var: 0.0219571180642
    pitch_salience:
        dmean: 0.0553997904062
        dmean2: 0.091197066009
        dvar: 0.00280830473639
        dvar2: 0.00726784160361
        max: 0.991595208645
        mean: 0.674929976463
        median: 0.699418306351
        min: 0.0695593878627
        var: 0.0109344450757
    silence_rate_20dB:
        dmean: 0
        dmean2: 0
        dvar: 0
        dvar2: 0
        max: 1
        mean: 1
        median: 1
        min: 1
        var: 0
    silence_rate_30dB:
        dmean: 0
        dmean2: 0
        dvar: 0
        dvar2: 0
        max: 1
        mean: 1
        median: 1
        min: 1
        var: 0
    silence_rate_60dB:
        dmean: 0.0223900489509
        dmean2: 0.0447840765119
        dvar: 0.0218903422356
        dvar2: 0.0482904091477
        max: 1
        mean: 0.443319112062
        median: 0
        min: 0
        var: 0.24678941071
    spectral_centroid:
        dmean: 290.750091553
        dmean2: 458.831604004
        dvar: 171991.375
        dvar2: 364547.46875
        max: 10845.3056641
        mean: 1901.25244141
        median: 2126.83374023
        min: 111.476066589
        var: 773967.8125
    spectral_complexity:
        dmean: 3.00310969353
        dmean2: 4.82743930817
        dvar: 12.5430822372
        dvar2: 29.589931488
        max: 52
        mean: 16.4852523804
        median: 18
        min: 0
        var: 163.779800415
    spectral_crest:
        dmean: 1.62939357758
        dmean2: 2.67492103577
        dvar: 2.86448740959
        dvar2: 7.33967638016
        max: 23.4711036682
        mean: 6.77473068237
        median: 5.86727619171
        min: 2.21214461327
        var: 8.85839366913
    spectral_decrease:
        dmean: 1.93741384047e-010
        dmean2: 3.05338643258e-010
        dvar: 1.03967497549e-019
        dvar2: 2.55452165666e-019
        max: 1.82804500635e-029
        mean: -8.14993406095e-010
        median: -8.00797705924e-010
        min: -5.39792743837e-009
        var: 4.64760474451e-019
    spectral_energy:
        dmean: 0.000925642671064
        dmean2: 0.00146952178329
        dvar: 2.39614996644e-006
        dvar2: 5.91487196289e-006
        max: 0.026625463739
        mean: 0.00388621818274
        median: 0.00388131476939
        min: 1.06196096602e-020
        var: 1.08730619104e-005
    spectral_energyband_high:
        dmean: 0.00020886825223
        dmean2: 0.000357282639015
        dvar: 1.73620662736e-007
        dvar2: 4.66700157631e-007
        max: 0.00578825548291
        mean: 0.000472426123451
        median: 0.00038096687058
        min: 7.88352156833e-021
        var: 3.12071534836e-007
    spectral_energyband_low:
        dmean: 0.000147809143527
        dmean2: 0.000236443709582
        dvar: 6.44221529456e-008
        dvar2: 1.63854664947e-007
        max: 0.00400413060561
        mean: 0.000306710135192
        median: 0.000232298480114
        min: 1.14872246322e-022
        var: 1.07884012834e-007
    spectral_energyband_middle_high:
        dmean: 0.000610307208262
        dmean2: 0.000980808399618
        dvar: 8.63573120569e-007
        dvar2: 2.15522663893e-006
        max: 0.0190698765218
        mean: 0.00243356917053
        median: 0.00228741904721
        min: 1.50022027809e-021
        var: 5.07412187289e-006
    spectral_energyband_middle_low:
        dmean: 0.000347535387846
        dmean2: 0.000561943277717
        dvar: 5.44676538539e-007
        dvar2: 1.37512563469e-006
        max: 0.01058163587
        mean: 0.000774677551817
        median: 0.000569458468817
        min: 1.98276200047e-022
        var: 7.62349145589e-007
    spectral_flatness_db:
        dmean: 0.0173449330032
        dmean2: 0.0251654069871
        dvar: 0.000429639418144
        dvar2: 0.000718617986422
        max: 0.526465535164
        mean: 0.165526300669
        median: 0.148018240929
        min: 0.0445977374911
        var: 0.00329843675718
    spectral_flux:
        dmean: 0.00569503707811
        dmean2: 0.00847106520087
        dvar: 4.73406726087e-005
        dvar2: 8.87599308044e-005
        max: 0.122423805296
        mean: 0.0343213006854
        median: 0.0377296246588
        min: 1.03051490952e-010
        var: 0.000434157176642
    spectral_kurtosis:
        dmean: 2.86233592033
        dmean2: 4.50733327866
        dvar: 53.63230896
        dvar2: 109.894927979
        max: 195.786834717
        mean: 6.85323190689
        median: 3.47581005096
        min: -1.19700455666
        var: 217.719833374
    spectral_rms:
        dmean: 0.000204178955755
        dmean2: 0.000312901305733
        dvar: 6.94506638865e-008
        dvar2: 1.63368540029e-007
        max: 0.00509667163715
        mean: 0.00170846562833
        median: 0.0019459312316
        min: 3.21878764961e-012
        var: 8.72565408372e-007
    spectral_rolloff:
        dmean: 393.544250488
        dmean2: 643.397949219
        dvar: 466026.21875
        dvar2: 946339.4375
        max: 18130.9570313
        mean: 3174.89233398
        median: 3682.17773438
        min: 107.666015625
        var: 1735579.625
    spectral_skewness:
        dmean: 0.300020188093
        dmean2: 0.465753465891
        dvar: 0.263370662928
        dvar2: 0.501766085625
        max: 11.9902696609
        mean: 1.48372364044
        median: 1.20112776756
        min: -0.0740155354142
        var: 1.27342367172
    spectral_spread:
        dmean: 473656.1875
        dmean2: 676516.3125
        dvar: 605553164288
        dvar2: 1.02388360806e+012
        max: 40519136
        mean: 3898773.75
        median: 3662607.75
        min: 523871.3125
        var: 2.54809132237e+012
    spectral_strongpeak:
        dmean: 0.488147050142
        dmean2: 0.847780406475
        dvar: 0.521673858166
        dvar2: 1.36597049236
        max: 8.09904003143
        mean: 0.656372487545
        median: 0.163362324238
        min: 0
        var: 0.893693387508
    zerocrossingrate:
        dmean: 0.00899244472384
        dmean2: 0.0104374783114
        dvar: 0.000154658191605
        dvar2: 0.000148317834828
        max: 0.51513671875
        mean: 0.101298362017
        median: 0.11376953125
        min: 0.00390625
        var: 0.00171936443076
    barkbands:
        dmean: [3.44733592783e-007, 6.21719882474e-005, 8.27268813737e-005, 7.46631485526e-005, 0.000172159212525, 6.28031557426e-005, 7.40274626878e-005, 5.13148006576e-005, 7.15065107215e-005, 4.41197262262e-005, 5.01023678225e-005, 3.41569721058e-005, 6.184951053e-005, 6.48646382615e-005, 5.05200187035e-005, 0.000110895904072, 0.000204898213269, 0.000209243502468, 0.000202579045435, 0.000204865005799, 0.000102415535366, 2.52879235632e-005, 6.27569670542e-006, 2.61805462287e-006, 7.53909944251e-007, 1.70490626061e-008, 2.56160537226e-010]
        dmean2: [5.64027402561e-007, 0.000100783581729, 0.000136976246722, 0.000125834791106, 0.000283462140942, 0.000103848535218, 0.000123577046907, 8.49361822475e-005, 0.000118653377285, 7.22009935998e-005, 8.2415775978e-005, 5.57530656806e-005, 0.000102050362329, 0.000106678387965, 8.19848355604e-005, 0.000180412956979, 0.000336295779562, 0.000349553156411, 0.000337025499903, 0.000347903434886, 0.000177008725586, 4.19848001911e-005, 1.00731876955e-005, 3.91936555388e-006, 1.11389135782e-006, 2.48988385465e-008, 4.28325819257e-010]
        dvar: [5.0718549369e-013, 2.26532996805e-008, 2.2989468107e-008, 1.30278756671e-008, 2.13231771795e-007, 2.13071142952e-008, 3.79863358546e-008, 1.8016775627e-008, 3.99374258109e-008, 1.12982494471e-008, 1.85377633244e-008, 5.88873483309e-009, 2.04367740508e-008, 2.27935803565e-008, 1.02423998172e-008, 3.99990369715e-008, 1.3559777301e-007, 1.26309629422e-007, 9.55180823325e-008, 1.08510477048e-007, 4.94842282706e-008, 4.25780299906e-009, 3.26515620097e-010, 8.30708141164e-011, 6.43825444346e-012, 2.03409583624e-015, 2.53915005594e-019]
        dvar2: [1.32106532744e-012, 5.63061774983e-008, 6.31191099387e-008, 3.6433601025e-008, 5.50616789496e-007, 5.73138159154e-008, 9.96682558707e-008, 4.71819348036e-008, 1.03218496861e-007, 2.94540107859e-008, 4.98736625332e-008, 1.5006671461e-008, 5.53253975966e-008, 6.19756193032e-008, 2.51547760399e-008, 1.00581402762e-007, 3.52894375055e-007, 3.48083517565e-007, 2.52113522947e-007, 2.99160973327e-007, 1.3448230618e-007, 1.07300950347e-008, 6.95812241158e-010, 1.78280182284e-010, 1.16590114299e-011, 4.1251576028e-015, 6.36196396438e-019]
        max: [7.35904632165e-006, 0.00135906366631, 0.00230703316629, 0.00188548699953, 0.00690101739019, 0.00384166114964, 0.00289807235822, 0.00277128000744, 0.00464830594137, 0.00412273127586, 0.00303625385277, 0.00173003925011, 0.00223840307444, 0.00405888911337, 0.00237066531554, 0.00637160753831, 0.010724959895, 0.00963211432099, 0.0071465051733, 0.00458976393566, 0.00336318416521, 0.00192590919323, 0.000616361037828, 0.000451501982752, 9.38091616263e-005, 1.32963407395e-006, 1.05441380072e-008]
        mean: [3.38951593903e-007, 8.76030244399e-005, 0.000150373001816, 0.000119692238513, 0.000250161770964, 0.000101003774034, 9.38467637752e-005, 7.10229869583e-005, 0.000102342870377, 6.94541158737e-005, 7.57807138143e-005, 5.96688951191e-005, 0.000106491737824, 0.00011174154497, 8.96115307114e-005, 0.000226763542742, 0.000455049739685, 0.000475616456242, 0.000502935028635, 0.000479195208754, 0.000192244333448, 4.53672510048e-005, 1.21603088701e-005, 6.04893148193e-006, 1.66201527918e-006, 3.85257479252e-008, 3.81980169717e-010]
        median: [6.02135372674e-008, 3.30166731146e-005, 9.85056321952e-005, 7.71314516896e-005, 0.000136257862323, 5.78808103455e-005, 4.28406565334e-005, 3.06185975205e-005, 3.3652086131e-005, 3.16310542985e-005, 2.0786335881e-005, 2.31430276472e-005, 2.83402077912e-005, 4.22361554229e-005, 5.05491116201e-005, 0.000159489893122, 0.00032501280657, 0.000377666263375, 0.000419167801738, 0.000419509306084, 0.000134272966534, 1.72670006577e-005, 3.49467700289e-006, 1.24092366605e-006, 3.68160641528e-007, 6.76924205578e-009, 9.79683834057e-011]
        min: [2.29913416163e-023, 3.09577228875e-023, 4.83133759326e-023, 4.03987407814e-023, 4.38840576338e-023, 2.43273469791e-023, 2.13982701504e-023, 5.25888363781e-024, 2.92807560643e-023, 8.31640769002e-023, 3.73234959156e-023, 1.56879947806e-022, 1.1385508276e-022, 9.92134267734e-023, 8.02199470277e-023, 6.11607835677e-023, 1.56078263178e-022, 3.33710755885e-022, 2.81866918168e-022, 2.9648805746e-022, 4.34149662297e-022, 4.42946281806e-022, 6.89466450647e-022, 8.97110594824e-022, 1.32482840279e-021, 1.76150534824e-021, 2.37209933988e-021]
        var: [5.29167313267e-013, 2.29165717514e-008, 3.44908990257e-008, 1.8868103524e-008, 2.08131794466e-007, 2.55254857251e-008, 3.69811203882e-008, 2.20570210985e-008, 5.67217313119e-008, 1.71917253766e-008, 3.13953769648e-008, 1.33838948813e-008, 4.4290175083e-008, 4.61373232952e-008, 1.86880839692e-008, 8.50456771673e-008, 3.62432132306e-007, 2.88194684117e-007, 2.86812877448e-007, 2.50978501981e-007, 6.7701222406e-008, 7.04709801624e-009, 6.96868396322e-010, 1.8939916302e-010, 1.56694813375e-011, 6.18548689644e-015, 5.48658870741e-019]
    frequency_bands:
        dmean: [3.44733592783e-007, 6.21719882474e-005, 8.27268813737e-005, 7.46631485526e-005, 0.000172159212525, 6.28031557426e-005, 7.40274626878e-005, 5.13148006576e-005, 7.15065107215e-005, 4.41197262262e-005, 5.01023678225e-005, 3.41569721058e-005, 6.184951053e-005, 6.48646382615e-005, 5.05200187035e-005, 0.000110895904072, 0.000204898213269, 0.000209243502468, 0.000202579045435, 0.000204865005799, 0.000102415535366, 2.52879235632e-005, 6.27569670542e-006, 2.61805462287e-006, 7.53909944251e-007, 1.70490626061e-008, 2.56160537226e-010, 4.72714124788e-011]
        dmean2: [5.64027402561e-007, 0.000100783581729, 0.000136976246722, 0.000125834791106, 0.000283462140942, 0.000103848535218, 0.000123577046907, 8.49361822475e-005, 0.000118653377285, 7.22009935998e-005, 8.2415775978e-005, 5.57530656806e-005, 0.000102050362329, 0.000106678387965, 8.19848355604e-005, 0.000180412956979, 0.000336295779562, 0.000349553156411, 0.000337025499903, 0.000347903434886, 0.000177008725586, 4.19848001911e-005, 1.00731876955e-005, 3.91936555388e-006, 1.11389135782e-006, 2.48988385465e-008, 4.28325819257e-010, 8.82370912447e-011]
        dvar: [5.0718549369e-013, 2.26532996805e-008, 2.2989468107e-008, 1.30278756671e-008, 2.13231771795e-007, 2.13071142952e-008, 3.79863358546e-008, 1.8016775627e-008, 3.99374258109e-008, 1.12982494471e-008, 1.85377633244e-008, 5.88873483309e-009, 2.04367740508e-008, 2.27935803565e-008, 1.02423998172e-008, 3.99990369715e-008, 1.3559777301e-007, 1.26309629422e-007, 9.55180823325e-008, 1.08510477048e-007, 4.94842282706e-008, 4.25780299906e-009, 3.26515620097e-010, 8.30708141164e-011, 6.43825444346e-012, 2.03409583624e-015, 2.53915005594e-019, 7.16083066924e-021]
        dvar2: [1.32106532744e-012, 5.63061774983e-008, 6.31191099387e-008, 3.6433601025e-008, 5.50616789496e-007, 5.73138159154e-008, 9.96682558707e-008, 4.71819348036e-008, 1.03218496861e-007, 2.94540107859e-008, 4.98736625332e-008, 1.5006671461e-008, 5.53253975966e-008, 6.19756193032e-008, 2.51547760399e-008, 1.00581402762e-007, 3.52894375055e-007, 3.48083517565e-007, 2.52113522947e-007, 2.99160973327e-007, 1.3448230618e-007, 1.07300950347e-008, 6.95812241158e-010, 1.78280182284e-010, 1.16590114299e-011, 4.1251576028e-015, 6.36196396438e-019, 2.32408445377e-020]
        max: [7.35904632165e-006, 0.00135906366631, 0.00230703316629, 0.00188548699953, 0.00690101739019, 0.00384166114964, 0.00289807235822, 0.00277128000744, 0.00464830594137, 0.00412273127586, 0.00303625385277, 0.00173003925011, 0.00223840307444, 0.00405888911337, 0.00237066531554, 0.00637160753831, 0.010724959895, 0.00963211432099, 0.0071465051733, 0.00458976393566, 0.00336318416521, 0.00192590919323, 0.000616361037828, 0.000451501982752, 9.38091616263e-005, 1.32963407395e-006, 1.05441380072e-008, 1.29756871914e-009]
        mean: [3.38951593903e-007, 8.76030244399e-005, 0.000150373001816, 0.000119692238513, 0.000250161770964, 0.000101003774034, 9.38467637752e-005, 7.10229869583e-005, 0.000102342870377, 6.94541158737e-005, 7.57807138143e-005, 5.96688951191e-005, 0.000106491737824, 0.00011174154497, 8.96115307114e-005, 0.000226763542742, 0.000455049739685, 0.000475616456242, 0.000502935028635, 0.000479195208754, 0.000192244333448, 4.53672510048e-005, 1.21603088701e-005, 6.04893148193e-006, 1.66201527918e-006, 3.85257479252e-008, 3.81980169717e-010, 3.64569034683e-011]
        median: [6.02135372674e-008, 3.30166731146e-005, 9.85056321952e-005, 7.71314516896e-005, 0.000136257862323, 5.78808103455e-005, 4.28406565334e-005, 3.06185975205e-005, 3.3652086131e-005, 3.16310542985e-005, 2.0786335881e-005, 2.31430276472e-005, 2.83402077912e-005, 4.22361554229e-005, 5.05491116201e-005, 0.000159489893122, 0.00032501280657, 0.000377666263375, 0.000419167801738, 0.000419509306084, 0.000134272966534, 1.72670006577e-005, 3.49467700289e-006, 1.24092366605e-006, 3.68160641528e-007, 6.76924205578e-009, 9.79683834057e-011, 7.97753876847e-012]
        min: [2.29913416163e-023, 3.09577228875e-023, 4.83133759326e-023, 4.03987407814e-023, 4.38840576338e-023, 2.43273469791e-023, 2.13982701504e-023, 5.25888363781e-024, 2.92807560643e-023, 8.31640769002e-023, 3.73234959156e-023, 1.56879947806e-022, 1.1385508276e-022, 9.92134267734e-023, 8.02199470277e-023, 6.11607835677e-023, 1.56078263178e-022, 3.33710755885e-022, 2.81866918168e-022, 2.9648805746e-022, 4.34149662297e-022, 4.42946281806e-022, 6.89466450647e-022, 8.97110594824e-022, 1.32482840279e-021, 1.76150534824e-021, 2.37209933988e-021, 7.30725819743e-022]
        var: [5.29167313267e-013, 2.29165717514e-008, 3.44908990257e-008, 1.8868103524e-008, 2.08131794466e-007, 2.55254857251e-008, 3.69811203882e-008, 2.20570210985e-008, 5.67217313119e-008, 1.71917253766e-008, 3.13953769648e-008, 1.33838948813e-008, 4.4290175083e-008, 4.61373232952e-008, 1.86880839692e-008, 8.50456771673e-008, 3.62432132306e-007, 2.88194684117e-007, 2.86812877448e-007, 2.50978501981e-007, 6.7701222406e-008, 7.04709801624e-009, 6.96868396322e-010, 1.8939916302e-010, 1.56694813375e-011, 6.18548689644e-015, 5.48658870741e-019, 5.46619487637e-021]
    mfcc:
        mean: [-758.390380859, 96.7903442383, -46.116027832, 56.1622200012, -3.71383690834, -6.42666292191, 1.20706069469, -2.23824739456, -2.13475131989, -3.56916236877, -6.63371706009, -1.11908853054, -5.8952255249]
        cov: [[16222.8642578, -621.543395996, -2827.03173828, 1740.81384277, -839.094787598, 55.1225357056, -2.53896951675, 134.380004883, -15.1409854889, 158.065368652, -42.6808013916, 245.102706909, -131.399902344], [-621.543395996, 1633.90063477, -18.286687851, -32.2786979675, 226.973052979, -53.1112823486, 152.01625061, 33.2269897461, 51.4748344421, -11.2946109772, 23.5245780945, -24.9990310669, -9.09362411499], [-2827.03173828, -18.286687851, 1182.62158203, -326.798919678, 189.593795776, 85.7294006348, -43.0943183899, 4.44272327423, 7.18004989624, -25.3139610291, 16.1942100525, -49.1909217834, 26.0119400024], [1740.81384277, -32.2786979675, -326.798919678, 562.120300293, -33.9339103699, -2.03656888008, -12.4124641418, -11.4597711563, 32.6665992737, 19.5955238342, -22.3792629242, 25.8859672546, -2.50934147835], [-839.094787598, 226.973052979, 189.593795776, -33.9339103699, 257.732116699, 10.6350383759, 18.9361419678, 26.0856285095, 20.3465576172, 19.3713111877, 6.33512973785, -9.12985610962, -0.19589368999], [55.1225357056, -53.1112823486, 85.7294006348, -2.03656888008, 10.6350383759, 157.070800781, 55.2768707275, 16.2572803497, 6.8679265976, 18.8983688354, 31.4712982178, 13.4533863068, -5.36045694351], [-2.53896951675, 152.01625061, -43.0943183899, -12.4124641418, 18.9361419678, 55.2768707275, 144.86857605, 55.0621070862, 4.14614534378, 14.3267850876, 24.9848117828, 20.6399307251, -3.53023695946], [134.380004883, 33.2269897461, 4.44272327423, -11.4597711563, 26.0856285095, 16.2572803497, 55.0621070862, 116.470657349, 38.2731170654, 21.1696872711, 16.655916214, 18.8894329071, 7.19339466095], [-15.1409854889, 51.4748344421, 7.18004989624, 32.6665992737, 20.3465576172, 6.8679265976, 4.14614534378, 38.2731170654, 95.6414337158, 35.4580116272, 15.4640369415, 1.94840276241, 12.1749401093], [158.065368652, -11.2946109772, -25.3139610291, 19.5955238342, 19.3713111877, 18.8983688354, 14.3267850876, 21.1696872711, 35.4580116272, 84.91771698, 35.0792694092, 16.9098186493, -3.43125247955], [-42.6808013916, 23.5245780945, 16.1942100525, -22.3792629242, 6.33512973785, 31.4712982178, 24.9848117828, 16.655916214, 15.4640369415, 35.0792694092, 73.6160202026, 25.2321739197, 1.4739677906], [245.102706909, -24.9990310669, -49.1909217834, 25.8859672546, -9.12985610962, 13.4533863068, 20.6399307251, 18.8894329071, 1.94840276241, 16.9098186493, 25.2321739197, 66.0321655273, 22.0176410675], [-131.399902344, -9.09362411499, 26.0119400024, -2.50934147835, -0.19589368999, -5.36045694351, -3.53023695946, 7.19339466095, 12.1749401093, -3.43125247955, 1.4739677906, 22.0176410675, 59.2025527954]]
        icov: [[0.00019292991783, -5.07671611558e-005, 0.000296137295663, -0.000389488588553, 0.00041998346569, -0.000360877893399, 0.000453062471934, -0.000574114616029, 0.000344787666108, -0.000283681380097, 0.00021519875736, -0.000353674957296, 0.000378102646209], [-5.07671611558e-005, 0.000919506070204, 9.81645280262e-006, 0.00011817124323, -0.000927636632696, 0.000843350891955, -0.00144801824354, 0.000718995928764, -0.00082718959311, 0.000776401313487, -0.00061360100517, 0.000515248102602, -3.2395884773e-005], [0.000296137295663, 9.81645280262e-006, 0.00182940962259, 8.11400313978e-005, -0.000351045804564, -0.00156021048315, 0.00149260100443, -0.00100656924769, 0.000371377653209, 0.000196053675609, -9.17367215152e-005, 0.000394169706851, -0.000282011314994], [-0.000389488588553, 0.00011817124323, 8.11400313978e-005, 0.00314265256748, -0.00107866991311, 0.000119960241136, -0.00046249164734, 0.00167559389956, -0.00186051568016, 0.000415858405177, 0.000837627041619, -0.000417162227677, -0.0004316381237], [0.00041998346569, -0.000927636632696, -0.000351045804564, -0.00107866991311, 0.00639903219417, -0.000842752342578, 0.00123426038772, -0.00226642563939, 0.00111014919821, -0.00253121438436, 0.00138080411125, -0.000688265135977, 0.00103861792013], [-0.000360877893399, 0.000843350891955, -0.00156021048315, 0.000119960241136, -0.000842752342578, 0.00996811501682, -0.00544038042426, 0.00236986973323, -0.00144047138747, 0.000397505733417, -0.00293782469817, 0.000176830100827, 0.000633228046354], [0.000453062471934, -0.00144801824354, 0.00149260100443, -0.00046249164734, 0.00123426038772, -0.00544038042426, 0.0137366959825, -0.00687692593783, 0.00347262411378, -0.00106474512722, -0.000121867589769, -0.00220826314762, 0.0013223704882], [-0.000574114616029, 0.000718995928764, -0.00100656924769, 0.00167559389956, -0.00226642563939, 0.00236986973323, -0.00687692593783, 0.0150050139055, -0.00661416398361, 0.00106025277637, -0.000220663743676, -0.00173278013244, -0.00060513272183], [0.000344787666108, -0.00082718959311, 0.000371377653209, -0.00186051568016, 0.00111014919821, -0.00144047138747, 0.00347262411378, -0.00661416398361, 0.0169547349215, -0.00666035013273, -0.000850318057928, 0.0034866896458, -0.00386814773083], [-0.000283681380097, 0.000776401313487, 0.000196053675609, 0.000415858405177, -0.00253121438436, 0.000397505733417, -0.00106474512722, 0.00106025277637, -0.00666035013273, 0.0190195776522, -0.00724445516244, -0.00184227107093, 0.0025939529296], [0.00021519875736, -0.00061360100517, -9.17367215152e-005, 0.000837627041619, 0.00138080411125, -0.00293782469817, -0.000121867589769, -0.000220663743676, -0.000850318057928, -0.00724445516244, 0.0216270219535, -0.00768517423421, 0.00229199207388], [-0.000353674957296, 0.000515248102602, 0.000394169706851, -0.000417162227677, -0.000688265135977, 0.000176830100827, -0.00220826314762, -0.00173278013244, 0.0034866896458, -0.00184227107093, -0.00768517423421, 0.0250555314124, -0.010754821822], [0.000378102646209, -3.2395884773e-005, -0.000282011314994, -0.0004316381237, 0.00103861792013, 0.000633228046354, 0.0013223704882, -0.00060513272183, -0.00386814773083, 0.0025939529296, 0.00229199207388, -0.010754821822, 0.0229326616973]]
    sccoeffs:
        dmean: [0.0482135973871, 0.0448092371225, 0.0352329649031, 0.0286071319133, 0.0202506314963, 0.0198757108301]
        dmean2: [0.077901661396, 0.0744678229094, 0.0582905597985, 0.0467307493091, 0.0327583327889, 0.031471721828]
        dvar: [0.00169176107738, 0.00132413080428, 0.000844477966893, 0.00056177546503, 0.00032877040212, 0.00042989719077]
        dvar2: [0.00445486418903, 0.00362969771959, 0.00223984918557, 0.0014205618063, 0.000767109915614, 0.000973007874563]
        max: [-0.347837150097, -0.491139113903, -0.523055434227, -0.548327207565, -0.530650377274, -0.597420871258]
        mean: [-0.668475091457, -0.786397874355, -0.802321135998, -0.80246925354, -0.805352151394, -0.75313436985]
        median: [-0.667288661003, -0.789753556252, -0.810042262077, -0.802550017834, -0.803475856781, -0.745518922806]
        min: [-0.970069348812, -0.993990540504, -0.992827534676, -0.995090842247, -0.959743320942, -0.961908936501]
        var: [0.0064431251958, 0.00372182507999, 0.00439036358148, 0.00319561548531, 0.00211517489515, 0.00274486420676]
    scvalleys:
        dmean: [0.419097334146, 0.391629546881, 0.355861634016, 0.314568221569, 0.288337409496, 0.30217987299]
        dmean2: [0.647092163563, 0.61849629879, 0.545331537724, 0.463819503784, 0.40589466691, 0.406517088413]
        dvar: [0.20746165514, 0.211482509971, 0.174946799874, 0.151901498437, 0.156098246574, 0.215317711234]
        dvar2: [0.373844891787, 0.380289554596, 0.292991906404, 0.261579453945, 0.272267013788, 0.386386066675]
        max: [-5.2531785965, -4.83060693741, -5.43805503845, -5.46763563156, -5.188393116, -7.0741276741]
        mean: [-7.44794464111, -7.21217155457, -7.67801904678, -7.74570989609, -7.45185279846, -10.552271843]
        median: [-7.03216743469, -6.77791404724, -7.18270874023, -7.10606002808, -6.45854473114, -9.88017845154]
        min: [-27.1104774475, -27.3409557343, -27.0177707672, -27.3433704376, -27.380563736, -27.1679401398]
        var: [2.85381865501, 2.62468981743, 2.73755145073, 3.17246985435, 4.22076272964, 4.08362150192]

rhythm:
    beats_loudness:
        dmean: 0.00186476833187
        dmean2: 0.00350262154825
        dvar: 3.36358380082e-006
        dvar2: 1.1202121641e-005
        max: 0.0188120100647
        mean: 0.00470328889787
        median: 0.00468356721103
        min: 6.23844986086e-012
        var: 1.25919077618e-005
    bpm: 85.0321960449
    bpm_confidence: 0
    first_peak_bpm: 85
    first_peak_spread: 0.0507462657988
    first_peak_weight: 0.809160351753
    onset_rate: 2.86229276657
    second_peak_bpm: 167
    second_peak_spread: 0
    second_peak_weight: 0.0483460575342
    beats_loudness_band_ratio:
        dmean: [0.16730260849, 0.13991715014, 0.113972000778, 0.050756521523, 0.0944272875786, 0.0743787139654]
        dmean2: [0.30753082037, 0.26384678483, 0.216700702906, 0.086461789906, 0.164895445108, 0.127266421914]
        dvar: [0.0258134733886, 0.0103698568419, 0.0153816882521, 0.00301621528342, 0.00754475966096, 0.00598628399894]
        dvar2: [0.090513728559, 0.0346812531352, 0.0550256296992, 0.00790325924754, 0.0232952982187, 0.0162377376109]
        max: [0.771595597267, 0.762129068375, 0.621329307556, 0.347946822643, 0.693479478359, 0.630271017551]
        mean: [0.248970508575, 0.188414573669, 0.128884926438, 0.0709355697036, 0.22729742527, 0.213560789824]
        median: [0.197066217661, 0.14281527698, 0.0925917178392, 0.0489230081439, 0.237763464451, 0.228754684329]
        min: [0, 0, 0, 0, 0, 0]
        var: [0.0312954299152, 0.0241046380252, 0.0136965345591, 0.00367511599325, 0.0167653188109, 0.0171227212995]
    beats_position: [0.673378646374, 1.33514738083, 2.00852608681, 2.69351458549, 3.39011335373, 4.08671188354, 4.78331041336, 5.47990942001, 6.17650794983, 6.87310647964, 7.58131504059, 8.28952407837, 9.0093421936, 9.72916126251, 10.4489793777, 11.1571884155, 11.8653964996, 12.5619955063, 13.2702035904, 13.9784126282, 14.6866207123, 15.3832197189, 16.0914287567, 16.7996368408, 17.5078449249, 18.2160549164, 18.9242630005, 19.6208610535, 20.3174591064, 21.0140590668, 21.7106571198, 22.4072551727, 23.1038551331, 23.8120632172, 24.5318813324, 25.2400894165, 25.948299408, 26.6565074921, 27.3647155762, 28.0613155365, 28.7695236206, 29.4777317047, 30.1743297577, 30.870929718, 31.5791378021, 32.2989578247, 33.0071640015, 33.7153739929, 34.4351921082, 35.1434020996, 35.8516082764, 36.5482063293, 37.244808197, 37.9530143738, 38.6612243652, 39.3578224182, 40.0660324097, 40.7742385864, 41.4824485779, 42.1906585693, 42.8872566223, 43.5838546753, 44.2920608521, 45.0002708435, 45.708480835, 46.4166870117, 47.1248970032, 47.8331069946, 48.5297050476, 49.2263031006, 49.934513092, 50.6427192688, 51.3509292603, 52.0591392517, 52.7673454285, 53.4755554199, 54.1837615967, 54.8919715881, 55.5885696411, 56.2967796326, 57.0049858093, 57.701587677, 58.4097938538, 59.1180038452, 59.8262138367, 60.5344200134, 61.2310180664, 61.9392280579, 62.6474380493, 63.3556442261, 64.0638504028, 64.772064209, 65.4802703857, 66.1768722534, 66.8850784302, 67.5932846069, 68.3014984131, 69.0097045898, 69.7062988281, 70.4145126343, 71.122718811, 71.8193206787, 72.515914917, 73.2241287231, 73.9323348999, 74.6405410767, 75.3487548828, 76.0569610596, 76.7651672363, 77.461769104, 78.1699752808, 78.8781814575, 79.5863952637, 80.2946014404, 80.9912033081, 81.6994094849, 82.4076156616, 83.1158294678, 83.8240356445, 84.5322418213, 85.2404556274, 85.9370498657, 86.6452560425, 87.3534698486, 88.0616760254, 88.7582778931, 89.4664840698, 90.1746902466, 90.8829040527, 91.579498291, 92.2877044678, 92.9959182739, 93.7041244507, 94.4123306274, 95.1205444336, 95.8287506104, 96.525352478, 97.2335586548, 97.9417648315, 98.6499786377, 99.3581848145, 100.066390991, 100.774604797, 101.471199036, 102.179405212, 102.887619019, 103.595825195, 104.304031372, 105.00063324, 105.697235107, 106.405441284, 107.113647461, 107.833465576, 108.56489563, 109.296325684, 109.992919922, 110.68952179, 111.386123657, 112.082717896, 112.779319763, 113.475914001, 114.184127808, 114.892333984, 115.588935852, 116.297142029, 117.005348206, 117.713554382, 118.421768188, 119.118362427, 119.814964294, 120.523170471, 121.231384277, 121.939590454, 122.647796631, 123.356010437, 124.064216614, 124.772422791, 125.480628967, 126.177230835, 126.885437012, 127.582038879, 128.290252686, 128.998458862, 129.706665039, 130.414871216, 131.123077393, 131.831283569, 132.539505005, 133.247711182, 133.955917358, 134.652511597, 135.349105835, 136.057327271, 136.765533447, 137.462127686, 138.170333862, 138.878540039, 139.586761475, 140.283355713, 140.99156189, 141.699768066, 142.407974243, 143.11618042, 143.824401855, 144.532608032, 145.240814209, 145.937408447, 146.645614624, 147.35383606, 148.062042236, 148.770248413, 149.47845459, 150.186660767, 150.883255005, 151.59147644, 152.299682617, 152.996276855, 153.681274414, 154.366256714, 155.074462891, 155.782669067, 156.514099121, 157.233917236, 157.942123413, 158.650344849, 159.358551025, 160.055145264, 160.76335144, 161.471557617, 162.179763794, 162.887985229, 163.584579468, 164.292785645, 165.000991821, 165.709197998, 166.417419434, 167.137237549, 167.845443726, 168.553649902, 169.250244141, 169.946838379, 170.643447876, 171.351654053, 172.059860229, 172.768066406, 173.476272583, 174.184494019, 174.892700195, 175.589294434, 176.29750061, 177.005706787, 177.702316284, 178.410522461, 179.118728638, 179.826934814, 180.535140991, 181.243347168, 181.951568604, 182.65977478, 183.356369019, 184.064575195, 184.772781372, 185.480987549, 186.177597046, 186.885803223, 187.594009399, 188.290603638, 188.998809814, 189.70703125, 190.415237427, 191.123443604, 191.820037842, 192.528244019, 193.236465454, 193.944671631, 194.652877808, 195.361083984, 196.069290161, 196.777496338, 197.485717773, 198.182312012, 198.890518188, 199.598724365, 200.295318604, 201.003540039, 201.711746216, 202.408340454, 203.104934692, 203.801544189, 204.509750366, 205.217956543, 205.937774658, 206.645980835, 207.354187012, 208.050796509, 208.759002686, 209.467208862, 210.175415039, 210.883621216, 211.591827393, 212.300048828, 213.008255005, 213.716461182, 214.41305542, 215.121261597, 215.829467773, 216.537689209, 217.245895386, 217.954101563, 218.662307739, 219.358901978, 220.067123413, 220.77532959, 221.471923828, 222.180130005, 222.888336182, 223.596542358, 224.293151855, 224.989746094, 225.697952271, 226.406158447, 227.114364624, 227.82258606, 228.530792236, 229.238998413, 229.94720459, 230.643798828, 231.340408325, 232.048614502, 232.756820679, 233.465026855, 234.173233032, 234.881454468, 235.589660645, 236.297866821, 237.006072998, 237.702667236, 238.225112915, 238.759185791, 239.293243408, 239.827301025, 240.361358643, 240.883804321, 241.417861938, 241.951919556, 242.474365234, 242.996826172, 243.530883789, 244.053329468, 244.575775146, 245.086624146, 245.446533203, 245.806442261, 246.15473938, 246.514648438, 246.874557495, 247.222854614, 247.582763672, 247.942672729, 248.314193726, 248.69732666, 249.080444336, 249.475189209, 249.858322144, 250.22984314, 250.589752197, 250.938049316, 251.286346436, 251.646255493, 252.006164551, 252.35446167, 252.702758789, 253.062667847, 253.422576904, 253.770874023, 254.119186401, 254.467483521, 254.81578064, 255.175689697, 255.535598755, 255.883895874, 256.232208252, 256.592102051, 256.952026367, 257.300323486, 257.648620605, 257.996917725, 258.356811523, 258.71673584, 259.065032959, 259.413330078, 259.773223877, 260.133148193, 260.504669189]
