
metadata:
    version:
        essentia: "2.1-beta2"
    audio_properties:
        analysis_sample_rate: 44100
        bitrate: 320
        channels: 2
        equal_loudness: 1
        length: 293.381225586
        replay_gain: -12.8187599182
        downmix: "mix"
    tags:
        album: "La Gárgola"
        artist: "Chevelle"
        comment: "For Quality Need's Visit : http://www.bubaneemusic2.com"
        date: "2014"
        genre: "Alternative"
        title: "Jawbreaker"
        tracknumber: "4/10"

configuration:
    average_loudness:
        compute: 1
        frameSize: 88200
        hopSize: 44100
        silentFrames: "noise"
        windowType: "hann"
    general:
        analysisSampleRate: 44100
        endTime: 2000
        equalLoudness: 1
        nequalLoudness: 0
        shortSound: 0
        startTime: 0
    lowlevel:
        compute: 1
        frameSize: 2048
        hopSize: 1024
        zeroPadding: 0
        silentFrames: "noise"
        windowType: "blackmanharris62"
        mfccStats: ["mean", "cov", "icov"]
        stats: ["mean", "var", "median", "min", "max", "dmean", "dmean2", "dvar", "dvar2"]
    panning:
        compute: 0
        frameSize: 8192
        hopSize: 2048
        zeroPadding: 8192
        silentFrames: "noise"
        windowType: "hann"
        stats: ["copy"]
    rhythm:
        compute: 1
        maxTempo: 208
        minTempo: 40
        method: "degara"
        stats: ["mean", "var", "median", "min", "max", "dmean", "dmean2", "dvar", "dvar2"]
    segmentation:
        compute: 0
        cpw: 5
        inc1: 300
        inc2: 50
        minimumSegmentsLength: 10
        size1: 1000
        size2: 600
    sfx:
        compute: 1
        stats: ["mean", "var", "median", "min", "max", "dmean", "dmean2", "dvar", "dvar2"]
    svm:
        compute: 0
    tonal:
        compute: 1
        frameSize: 4096
        hopSize: 2048
        zeroPadding: 0
        silentFrames: "noise"
        windowType: "blackmanharris62"
        stats: ["mean", "var", "median", "min", "max", "dmean", "dmean2", "dvar", "dvar2"]

lowlevel:
    average_loudness: 0.917576670647
    barkbands_kurtosis:
        dmean: 0.622861504555
        dmean2: 1.01866829395
        dvar: 1.75785422325
        dvar2: 3.58601236343
        max: 88.2565612793
        mean: -0.687369227409
        median: -1.09568881989
        min: -1.88646876812
        var: 4.00609445572
    barkbands_skewness:
        dmean: 0.347818791866
        dmean2: 0.546598613262
        dvar: 0.119711391628
        dvar2: 0.28494772315
        max: 8.13274669647
        mean: -0.428479552269
        median: -0.525469899178
        min: -3.49861073494
        var: 0.531420111656
    barkbands_spread:
        dmean: 5.32116937637
        dmean2: 8.57499694824
        dvar: 26.6433944702
        dvar2: 68.8554077148
        max: 70.1457138062
        mean: 35.4355773926
        median: 35.7369880676
        min: 1.77713894844
        var: 93.8045959473
    dissonance:
        dmean: 0.00884322728962
        dmean2: 0.015021879226
        dvar: 7.93938379502e-005
        dvar2: 0.000223170034587
        max: 0.500000059605
        mean: 0.483021527529
        median: 0.487635850906
        min: 0.362352102995
        var: 0.00025033557904
    hfc:
        dmean: 2.64390707016
        dmean2: 4.35486316681
        dvar: 13.6937255859
        dvar2: 35.6123123169
        max: 101.059364319
        mean: 11.0288333893
        median: 10.3063163757
        min: 1.55223702336e-007
        var: 38.5742340088
    pitch:
        dmean: 786.939453125
        dmean2: 1504.28308105
        dvar: 1572316
        dvar2: 3966914.5
        max: 4800.83740234
        mean: 2108.04541016
        median: 3285.90112305
        min: 52.3717384338
        var: 2511595
    pitch_instantaneous_confidence:
        dmean: 0.0684258937836
        dmean2: 0.113082624972
        dvar: 0.00358072994277
        dvar2: 0.00920404400676
        max: 0.941869139671
        mean: 0.399619787931
        median: 0.368461221457
        min: 0.111395835876
        var: 0.0258447751403
    pitch_salience:
        dmean: 0.0501375757158
        dmean2: 0.0833555981517
        dvar: 0.00206421245821
        dvar2: 0.00562444794923
        max: 0.862231492996
        mean: 0.657652914524
        median: 0.674604654312
        min: 0.146550342441
        var: 0.00737035088241
    silence_rate_20dB:
        dmean: 0
        dmean2: 0
        dvar: 0
        dvar2: 0
        max: 1
        mean: 1
        median: 1
        min: 1
        var: 0
    silence_rate_30dB:
        dmean: 0
        dmean2: 0
        dvar: 0
        dvar2: 0
        max: 1
        mean: 1
        median: 1
        min: 1
        var: 0
    silence_rate_60dB:
        dmean: 0.0454293638468
        dmean2: 0.0907867625356
        dvar: 0.0433732047677
        dvar2: 0.0946009382606
        max: 1
        mean: 0.125830963254
        median: 0
        min: 0
        var: 0.11000597477
    spectral_centroid:
        dmean: 236.207305908
        dmean2: 380.143218994
        dvar: 57227.6640625
        dvar2: 146602
        max: 4658.92333984
        mean: 1975.44616699
        median: 2075.9375
        min: 159.803634644
        var: 309910.625
    spectral_complexity:
        dmean: 3.92655324936
        dmean2: 6.40691804886
        dvar: 15.7560682297
        dvar2: 37.9012107849
        max: 50
        mean: 20.850030899
        median: 22
        min: 0
        var: 79.8525390625
    spectral_crest:
        dmean: 1.50818037987
        dmean2: 2.53998970985
        dvar: 2.40235853195
        dvar2: 6.44080495834
        max: 19.255645752
        mean: 6.23571491241
        median: 5.55108737946
        min: 2.26806616783
        var: 5.81896543503
    spectral_decrease:
        dmean: 2.4026725054e-010
        dmean2: 3.90265597616e-010
        dvar: 1.27067491969e-019
        dvar2: 3.29293131382e-019
        max: -2.21460850332e-017
        mean: -1.16095288938e-009
        median: -1.11023745752e-009
        min: -4.14861300868e-009
        var: 2.47190931943e-019
    spectral_energy:
        dmean: 0.00111306528561
        dmean2: 0.00180932530202
        dvar: 2.58852060142e-006
        dvar2: 6.7008077167e-006
        max: 0.0239047501236
        mean: 0.00538204750046
        median: 0.00510186608881
        min: 9.7663654941e-011
        var: 5.51182574782e-006
    spectral_energyband_high:
        dmean: 0.00021313119214
        dmean2: 0.000365638814401
        dvar: 1.36746351131e-007
        dvar2: 3.60024927204e-007
        max: 0.0127029931173
        mean: 0.000529945420567
        median: 0.000475001463201
        min: 1.76082846221e-012
        var: 2.51217414871e-007
    spectral_energyband_low:
        dmean: 0.00024022978323
        dmean2: 0.000392304908019
        dvar: 6.9631866495e-008
        dvar2: 1.8771694954e-007
        max: 0.00379376346245
        mean: 0.000582488952205
        median: 0.00052381248679
        min: 1.92843093246e-014
        var: 1.47657630123e-007
    spectral_energyband_middle_high:
        dmean: 0.000704843841959
        dmean2: 0.00113869109191
        dvar: 6.81844312567e-007
        dvar2: 1.73247940438e-006
        max: 0.0159277785569
        mean: 0.00304361828603
        median: 0.00275756930932
        min: 6.79263312264e-011
        var: 2.98865256809e-006
    spectral_energyband_middle_low:
        dmean: 0.000547891366296
        dmean2: 0.00089542689966
        dvar: 1.13087924092e-006
        dvar2: 2.97228984891e-006
        max: 0.0122464913875
        mean: 0.00141685514245
        median: 0.00117888301611
        min: 2.48607991832e-011
        var: 1.24487462472e-006
    spectral_flatness_db:
        dmean: 0.012110164389
        dmean2: 0.0187757406384
        dvar: 0.000116354472993
        dvar2: 0.000259328895481
        max: 0.334800034761
        mean: 0.150481075048
        median: 0.137851297855
        min: 0.0711864903569
        var: 0.00204198784195
    spectral_flux:
        dmean: 0.00647492147982
        dmean2: 0.00998262222856
        dvar: 6.19822603767e-005
        dvar2: 0.000121047931316
        max: 0.108892664313
        mean: 0.0424255207181
        median: 0.0422825478017
        min: 4.60976625618e-005
        var: 0.000231856553
    spectral_kurtosis:
        dmean: 1.3284662962
        dmean2: 2.29891681671
        dvar: 3.86367106438
        dvar2: 12.2058000565
        max: 26.0274600983
        mean: 4.34464883804
        median: 3.87443161011
        min: -0.525358617306
        var: 6.80210924149
    spectral_rms:
        dmean: 0.000224588409765
        dmean2: 0.000357041804818
        dvar: 8.1500786564e-008
        dvar2: 2.02472364208e-007
        max: 0.00482925539836
        mean: 0.00223182095215
        median: 0.00223101559095
        min: 3.08677186922e-007
        var: 2.69732879588e-007
    spectral_rolloff:
        dmean: 261.875854492
        dmean2: 440.314971924
        dvar: 116257.046875
        dvar2: 271865.4375
        max: 6244.62890625
        mean: 3493.24291992
        median: 3639.11132813
        min: 150.732421875
        var: 464342.03125
    spectral_skewness:
        dmean: 0.176619276404
        dmean2: 0.298920482397
        dvar: 0.0394442155957
        dvar2: 0.115590237081
        max: 3.22415471077
        mean: 1.28772687912
        median: 1.27552390099
        min: -0.0685796290636
        var: 0.0999851971865
    spectral_spread:
        dmean: 398598.65625
        dmean2: 573821.625
        dvar: 261948948480
        dvar2: 522465574912
        max: 11959361
        mean: 4041157.25
        median: 3999836.75
        min: 1788434
        var: 1.26739100467e+012
    spectral_strongpeak:
        dmean: 0.578466176987
        dmean2: 1.01700794697
        dvar: 0.688545286655
        dvar2: 1.75142586231
        max: 9.59963321686
        mean: 0.828695178032
        median: 0.249355643988
        min: 3.73040529666e-005
        var: 1.29905593395
    zerocrossingrate:
        dmean: 0.00655015697703
        dmean2: 0.00829726457596
        dvar: 3.81956524507e-005
        dvar2: 5.0076720072e-005
        max: 0.21728515625
        mean: 0.108073458076
        median: 0.11328125
        min: 0.00927734375
        var: 0.000549484801013
    barkbands:
        dmean: [3.39733105648e-007, 6.9487883593e-005, 0.000145580299431, 0.00017323839711, 0.000297184567899, 0.000116995433928, 8.2441350969e-005, 7.66633820604e-005, 0.000104895727418, 5.53489917365e-005, 3.97369512939e-005, 4.97454857395e-005, 6.91516324878e-005, 6.91521272529e-005, 0.000125592167024, 0.000120375319966, 0.000192923471332, 0.00024802214466, 0.000307043985231, 0.000197862624191, 0.000116751652968, 1.9737663024e-005, 4.63265587314e-006, 1.91125923266e-006, 9.12803443498e-007, 4.43801404515e-008, 6.8466943226e-010]
        dmean2: [5.55668179913e-007, 0.000113834168587, 0.000233846367337, 0.000292058015475, 0.000501160335261, 0.000192431078176, 0.000136193164508, 0.000116816605441, 0.000173403095687, 9.19658050407e-005, 6.4718122303e-005, 8.03348739282e-005, 0.000114267510071, 0.000113299312943, 0.000197462009965, 0.000201541144634, 0.000323372601997, 0.00041841584607, 0.000512962869834, 0.000332836381858, 0.000204150317586, 3.37264864356e-005, 7.47521517042e-006, 2.93914308713e-006, 1.38399207117e-006, 6.75530387184e-008, 1.08026698697e-009]
        dvar: [8.37742418838e-013, 2.02108108027e-008, 2.77381531077e-008, 4.95044467641e-008, 7.43364807931e-007, 3.55015856712e-008, 1.8317772188e-008, 1.55482364761e-008, 2.24908358604e-008, 9.72290337131e-009, 6.08023142945e-009, 1.15076455032e-008, 2.06597068342e-008, 1.41134552933e-008, 4.70547405484e-008, 4.2771294062e-008, 6.83251784039e-008, 9.14838125254e-008, 1.39706685331e-007, 6.21179196969e-008, 5.77495598009e-008, 1.64084190679e-009, 1.07476215427e-010, 2.42283051261e-011, 4.50614849254e-012, 9.15833537208e-015, 2.16362675655e-018]
        dvar2: [1.98148030102e-012, 5.16952987084e-008, 7.27948830104e-008, 1.34237296834e-007, 1.99495434572e-006, 9.23326624047e-008, 4.61385596395e-008, 3.44994219859e-008, 5.96903575456e-008, 2.50809382152e-008, 1.49408077021e-008, 2.85927139743e-008, 5.40170788099e-008, 3.56783722566e-008, 1.097651392e-007, 1.06944582967e-007, 1.82545392136e-007, 2.48458462693e-007, 3.59458937282e-007, 1.67172487409e-007, 1.49418553974e-007, 4.22421830848e-009, 2.26447707807e-010, 4.75058846428e-011, 9.34952202464e-012, 2.05184024475e-014, 4.89587235542e-018]
        max: [1.15879065561e-005, 0.00153649051208, 0.0026816111058, 0.00683267600834, 0.0101250661537, 0.00289648352191, 0.00336382491514, 0.00331942457706, 0.00226316135377, 0.00270156143233, 0.00162185006775, 0.00274178362451, 0.00313471234404, 0.00349951395765, 0.00498639885336, 0.00699266977608, 0.00577497249469, 0.00477589014918, 0.0115364277735, 0.00544401118532, 0.0101427165791, 0.00130149966571, 0.00071900698822, 0.000376569892978, 0.00011249914678, 4.30642967331e-006, 6.0526822665e-008]
        mean: [3.41108204793e-007, 0.000117857060104, 0.000314004922984, 0.000268041301752, 0.000409119238611, 0.000188037753105, 0.00013291608775, 0.000189790618606, 0.000179843831575, 9.08342699404e-005, 6.7178880272e-005, 9.06956120161e-005, 0.000123217600049, 0.000122736033518, 0.000276650622254, 0.000258257408859, 0.00041477708146, 0.000542333815247, 0.000789568584878, 0.000520015717484, 0.000232459118706, 3.69964909623e-005, 9.91355136648e-006, 4.37215521742e-006, 2.0073041469e-006, 7.79143434215e-008, 9.59006873913e-010]
        median: [5.06066939465e-008, 6.33941308479e-005, 0.000262698973529, 0.000197738176212, 0.000199962378247, 0.000111703899165, 8.32330697449e-005, 6.74756156513e-005, 0.000113857757242, 4.8990783398e-005, 3.09234965243e-005, 4.41339216195e-005, 5.69500225538e-005, 6.60130826873e-005, 0.000124012964079, 0.000173597101821, 0.000316162593663, 0.000462185736978, 0.00070402782876, 0.000482342962641, 0.00018689580611, 2.39340770349e-005, 6.47430806566e-006, 2.59546095549e-006, 1.26862130401e-006, 4.17971790512e-008, 4.85257223293e-010]
        min: [1.11098662483e-015, 1.53743383245e-015, 1.46009980907e-014, 4.19387018603e-015, 5.55089231958e-013, 1.74233533417e-012, 8.8895666002e-013, 9.973768339e-012, 9.72048396636e-012, 1.92378361505e-012, 1.44947465489e-012, 3.41466828771e-012, 2.9444680201e-012, 6.10862012015e-012, 1.90900984257e-012, 1.20155990192e-012, 1.38868105383e-012, 4.66579379299e-012, 6.40351183537e-012, 1.79409482062e-012, 4.9741379635e-013, 2.85421859758e-013, 2.85417441634e-014, 2.80614815645e-014, 2.10626346686e-014, 3.00449277951e-015, 1.46890190547e-016]
        var: [8.85146068854e-013, 2.36654340569e-008, 6.47450733027e-008, 7.57118101546e-008, 6.00925034178e-007, 5.44433582661e-008, 2.99314706353e-008, 1.17836748359e-007, 4.02424014112e-008, 1.88852435912e-008, 1.23104433314e-008, 2.86297847651e-008, 4.52550850127e-008, 3.30987184327e-008, 1.99844649273e-007, 1.46163614545e-007, 1.53060724983e-007, 1.57448610594e-007, 3.77809129759e-007, 1.42905307143e-007, 9.47872607071e-008, 3.2432609931e-009, 3.38880673523e-010, 8.07224079247e-011, 1.65354691745e-011, 2.16994086274e-014, 3.24390292305e-018]
    frequency_bands:
        dmean: [3.39733105648e-007, 6.9487883593e-005, 0.000145580299431, 0.00017323839711, 0.000297184567899, 0.000116995433928, 8.2441350969e-005, 7.66633820604e-005, 0.000104895727418, 5.53489917365e-005, 3.97369512939e-005, 4.97454857395e-005, 6.91516324878e-005, 6.91521272529e-005, 0.000125592167024, 0.000120375319966, 0.000192923471332, 0.00024802214466, 0.000307043985231, 0.000197862624191, 0.000116751652968, 1.9737663024e-005, 4.63265587314e-006, 1.91125923266e-006, 9.12803443498e-007, 4.43801404515e-008, 6.8466943226e-010, 5.99956404002e-011]
        dmean2: [5.55668179913e-007, 0.000113834168587, 0.000233846367337, 0.000292058015475, 0.000501160335261, 0.000192431078176, 0.000136193164508, 0.000116816605441, 0.000173403095687, 9.19658050407e-005, 6.4718122303e-005, 8.03348739282e-005, 0.000114267510071, 0.000113299312943, 0.000197462009965, 0.000201541144634, 0.000323372601997, 0.00041841584607, 0.000512962869834, 0.000332836381858, 0.000204150317586, 3.37264864356e-005, 7.47521517042e-006, 2.93914308713e-006, 1.38399207117e-006, 6.75530387184e-008, 1.08026698697e-009, 1.1114684173e-010]
        dvar: [8.37742418838e-013, 2.02108108027e-008, 2.77381531077e-008, 4.95044467641e-008, 7.43364807931e-007, 3.55015856712e-008, 1.8317772188e-008, 1.55482364761e-008, 2.24908358604e-008, 9.72290337131e-009, 6.08023142945e-009, 1.15076455032e-008, 2.06597068342e-008, 1.41134552933e-008, 4.70547405484e-008, 4.2771294062e-008, 6.83251784039e-008, 9.14838125254e-008, 1.39706685331e-007, 6.21179196969e-008, 5.77495598009e-008, 1.64084190679e-009, 1.07476215427e-010, 2.42283051261e-011, 4.50614849254e-012, 9.15833537208e-015, 2.16362675655e-018, 6.41767472404e-021]
        dvar2: [1.98148030102e-012, 5.16952987084e-008, 7.27948830104e-008, 1.34237296834e-007, 1.99495434572e-006, 9.23326624047e-008, 4.61385596395e-008, 3.44994219859e-008, 5.96903575456e-008, 2.50809382152e-008, 1.49408077021e-008, 2.85927139743e-008, 5.40170788099e-008, 3.56783722566e-008, 1.097651392e-007, 1.06944582967e-007, 1.82545392136e-007, 2.48458462693e-007, 3.59458937282e-007, 1.67172487409e-007, 1.49418553974e-007, 4.22421830848e-009, 2.26447707807e-010, 4.75058846428e-011, 9.34952202464e-012, 2.05184024475e-014, 4.89587235542e-018, 2.03326212912e-020]
        max: [1.15879065561e-005, 0.00153649051208, 0.0026816111058, 0.00683267600834, 0.0101250661537, 0.00289648352191, 0.00336382491514, 0.00331942457706, 0.00226316135377, 0.00270156143233, 0.00162185006775, 0.00274178362451, 0.00313471234404, 0.00349951395765, 0.00498639885336, 0.00699266977608, 0.00577497249469, 0.00477589014918, 0.0115364277735, 0.00544401118532, 0.0101427165791, 0.00130149966571, 0.00071900698822, 0.000376569892978, 0.00011249914678, 4.30642967331e-006, 6.0526822665e-008, 1.26807242484e-009]
        mean: [3.41108204793e-007, 0.000117857060104, 0.000314004922984, 0.000268041301752, 0.000409119238611, 0.000188037753105, 0.00013291608775, 0.000189790618606, 0.000179843831575, 9.08342699404e-005, 6.7178880272e-005, 9.06956120161e-005, 0.000123217600049, 0.000122736033518, 0.000276650622254, 0.000258257408859, 0.00041477708146, 0.000542333815247, 0.000789568584878, 0.000520015717484, 0.000232459118706, 3.69964909623e-005, 9.91355136648e-006, 4.37215521742e-006, 2.0073041469e-006, 7.79143434215e-008, 9.59006873913e-010, 4.70085949333e-011]
        median: [5.06066939465e-008, 6.33941308479e-005, 0.000262698973529, 0.000197738176212, 0.000199962378247, 0.000111703899165, 8.32330697449e-005, 6.74756156513e-005, 0.000113857757242, 4.8990783398e-005, 3.09234965243e-005, 4.41339216195e-005, 5.69500225538e-005, 6.60130826873e-005, 0.000124012964079, 0.000173597101821, 0.000316162593663, 0.000462185736978, 0.00070402782876, 0.000482342962641, 0.00018689580611, 2.39340770349e-005, 6.47430806566e-006, 2.59546095549e-006, 1.26862130401e-006, 4.17971790512e-008, 4.85257223293e-010, 1.9200484952e-011]
        min: [1.11098662483e-015, 1.53743383245e-015, 1.46009980907e-014, 4.19387018603e-015, 5.55089231958e-013, 1.74233533417e-012, 8.8895666002e-013, 9.973768339e-012, 9.72048396636e-012, 1.92378361505e-012, 1.44947465489e-012, 3.41466828771e-012, 2.9444680201e-012, 6.10862012015e-012, 1.90900984257e-012, 1.20155990192e-012, 1.38868105383e-012, 4.66579379299e-012, 6.40351183537e-012, 1.79409482062e-012, 4.9741379635e-013, 2.85421859758e-013, 2.85417441634e-014, 2.80614815645e-014, 2.10626346686e-014, 3.00449277951e-015, 1.46890190547e-016, 7.97678967852e-018]
        var: [8.85146068854e-013, 2.36654340569e-008, 6.47450733027e-008, 7.57118101546e-008, 6.00925034178e-007, 5.44433582661e-008, 2.99314706353e-008, 1.17836748359e-007, 4.02424014112e-008, 1.88852435912e-008, 1.23104433314e-008, 2.86297847651e-008, 4.52550850127e-008, 3.30987184327e-008, 1.99844649273e-007, 1.46163614545e-007, 1.53060724983e-007, 1.57448610594e-007, 3.77809129759e-007, 1.42905307143e-007, 9.47872607071e-008, 3.2432609931e-009, 3.38880673523e-010, 8.07224079247e-011, 1.65354691745e-011, 2.16994086274e-014, 3.24390292305e-018, 5.24511106673e-021]
    mfcc:
        mean: [-693.954040527, 102.716773987, -56.4092979431, 65.160736084, -6.47021722794, -8.94211101532, 3.6313021183, -6.3763461113, 0.112711444497, 1.67520821095, -1.42502558231, -1.78382897377, -7.16313648224]
        cov: [[2695.23925781, -589.854370117, -123.207511902, -5.3400850296, -243.906326294, 174.653930664, 12.4552326202, 236.478866577, 29.7311859131, -165.758575439, -159.873016357, -44.1697006226, -61.4354553223], [-589.854370117, 1053.23840332, -223.760147095, 136.71723938, 157.298446655, -71.8491973877, 64.3444976807, -195.30241394, -37.2311515808, 56.5015830994, 36.0843009949, 7.48894834518, 5.93866205215], [-123.207511902, -223.760147095, 328.319458008, -36.0333137512, 12.3352928162, 46.9587745667, -16.4274044037, 52.3218574524, 6.62075233459, -15.9534196854, -4.09606552124, -5.24428653717, 8.58518791199], [-5.3400850296, 136.71723938, -36.0333137512, 198.739730835, 38.1474952698, -22.6377048492, 1.94755196571, -39.9347572327, 7.01874637604, 0.692706406116, -12.9908647537, -5.24596118927, -10.030456543], [-243.906326294, 157.298446655, 12.3352928162, 38.1474952698, 138.847595215, -0.588067471981, -4.4358048439, -60.0813941956, -0.498999357224, 46.6760940552, 19.9005813599, 3.42786288261, 3.08820557594], [174.653930664, -71.8491973877, 46.9587745667, -22.6377048492, -0.588067471981, 112.887405396, 41.1818618774, 56.489818573, 7.62297916412, -18.1875400543, -8.60189914703, -5.86510133743, -4.12237596512], [12.4552326202, 64.3444976807, -16.4274044037, 1.94755196571, -4.4358048439, 41.1818618774, 93.9202041626, 48.8507652283, 3.71167445183, -8.74917411804, 0.324205368757, 9.68639469147, 3.40417170525], [236.478866577, -195.30241394, 52.3218574524, -39.9347572327, -60.0813941956, 56.489818573, 48.8507652283, 151.51739502, 37.985458374, -30.7707233429, -23.097442627, 1.75563216209, 9.93006801605], [29.7311859131, -37.2311515808, 6.62075233459, 7.01874637604, -0.498999357224, 7.62297916412, 3.71167445183, 37.985458374, 64.0211105347, 18.4822044373, -2.3021671772, 0.213139593601, 4.00599622726], [-165.758575439, 56.5015830994, -15.9534196854, 0.692706406116, 46.6760940552, -18.1875400543, -8.74917411804, -30.7707233429, 18.4822044373, 81.3208312988, 42.3007316589, 13.6629858017, 5.45354223251], [-159.873016357, 36.0843009949, -4.09606552124, -12.9908647537, 19.9005813599, -8.60189914703, 0.324205368757, -23.097442627, -2.3021671772, 42.3007316589, 68.953994751, 28.3941650391, 7.29074239731], [-44.1697006226, 7.48894834518, -5.24428653717, -5.24596118927, 3.42786288261, -5.86510133743, 9.68639469147, 1.75563216209, 0.213139593601, 13.6629858017, 28.3941650391, 51.7995262146, 21.0248203278], [-61.4354553223, 5.93866205215, 8.58518791199, -10.030456543, 3.08820557594, -4.12237596512, 3.40417170525, 9.93006801605, 4.00599622726, 5.45354223251, 7.29074239731, 21.0248203278, 49.8189697266]]
        icov: [[0.000695766881108, 0.000199997186428, 0.000633436196949, -0.000297036312986, 0.000587895745412, -0.00117004197091, 0.000777566281613, -0.000600659521297, 0.000181015173439, 0.000116699804494, 0.00107637036126, -0.000588223745581, 0.000661924015731], [0.000199997186428, 0.00213878601789, 0.000990774482489, -0.000475288194139, -0.0012411500793, 0.000450627878308, -0.0028310038615, 0.00250103208236, -0.000411217508372, 0.000606709218118, 1.15364837256e-005, 0.000639331061393, -0.000770446902607], [0.000633436196949, 0.000990774482489, 0.00471380632371, -0.000135206923005, -0.00152859569062, -0.00198929617181, 0.00182870426215, -0.00166102079675, 0.00051119265845, 0.00145013118163, -0.000113127316581, 0.000264052650891, -0.000334968412062], [-0.000297036312986, -0.000475288194139, -0.000135206923005, 0.00638279179111, -0.00167385151144, 0.00155024311971, -0.00121447001584, 0.00174669490661, -0.00242885830812, 0.00144901720341, 0.00116039067507, -0.00053556705825, 0.00105851783883], [0.000587895745412, -0.0012411500793, -0.00152859569062, -0.00167385151144, 0.0136921899393, -0.00427181087434, 0.000728595419787, 0.00339200091548, 9.28250592551e-005, -0.00709176948294, 0.00302367843688, -0.000900285434909, -0.000422495329985], [-0.00117004197091, 0.000450627878308, -0.00198929617181, 0.00155024311971, -0.00427181087434, 0.0158531758934, -0.00683125481009, -0.00174782809336, -0.000577964587137, 0.00270509161055, -0.00313426088542, 0.00313744181767, 0.000435088615632], [0.000777566281613, -0.0028310038615, 0.00182870426215, -0.00121447001584, 0.000728595419787, -0.00683125481009, 0.0218589995056, -0.0112133268267, 0.00411237077788, -0.000351006543497, 0.000141398602864, -0.00437038578093, 0.00239914795384], [-0.000600659521297, 0.00250103208236, -0.00166102079675, 0.00174669490661, 0.00339200091548, -0.00174782809336, -0.0112133268267, 0.0211422108114, -0.010466103442, 0.00287558627315, 0.00176633812953, 7.94561128714e-006, -0.00393878249452], [0.000181015173439, -0.000411217508372, 0.00051119265845, -0.00242885830812, 9.28250592551e-005, -0.000577964587137, 0.00411237077788, -0.010466103442, 0.0247391518205, -0.0105668036267, 0.00384677201509, 0.000108247710159, 5.46145975022e-006], [0.000116699804494, 0.000606709218118, 0.00145013118163, 0.00144901720341, -0.00709176948294, 0.00270509161055, -0.000351006543497, 0.00287558627315, -0.0105668036267, 0.0277444571257, -0.014451793395, 0.00197098124772, -0.000676584139001], [0.00107637036126, 1.15364837256e-005, -0.000113127316581, 0.00116039067507, 0.00302367843688, -0.00313426088542, 0.000141398602864, 0.00176633812953, 0.00384677201509, -0.014451793395, 0.0310243126005, -0.0142579302192, 0.00352020864375], [-0.000588223745581, 0.000639331061393, 0.000264052650891, -0.00053556705825, -0.000900285434909, 0.00313744181767, -0.00437038578093, 7.94561128714e-006, 0.000108247710159, 0.00197098124772, -0.0142579302192, 0.0320909023285, -0.0120234908536], [0.000661924015731, -0.000770446902607, -0.000334968412062, 0.00105851783883, -0.000422495329985, 0.000435088615632, 0.00239914795384, -0.00393878249452, 5.46145975022e-006, -0.000676584139001, 0.00352020864375, -0.0120234908536, 0.0265676416457]]
    sccoeffs:
        dmean: [0.0525882430375, 0.0448054410517, 0.0375028811395, 0.0291238706559, 0.0189468692988, 0.0194386858493]
        dmean2: [0.0874505937099, 0.0751856565475, 0.0631429031491, 0.0485524050891, 0.0317311286926, 0.0322622060776]
        dvar: [0.00193492113613, 0.00128300720826, 0.000878170016222, 0.000521006528288, 0.000220911068027, 0.000359405908966]
        dvar2: [0.00527745159343, 0.00353813753463, 0.0024321526289, 0.00142614601646, 0.000598154321779, 0.000942017824855]
        max: [-0.315253019333, -0.473077476025, -0.493154674768, -0.535090744495, -0.624978423119, -0.60891276598]
        mean: [-0.635623335838, -0.753571152687, -0.788926780224, -0.780258893967, -0.791525244713, -0.733264863491]
        median: [-0.637064933777, -0.763174891472, -0.794808864594, -0.791378378868, -0.796126067638, -0.733439207077]
        min: [-0.897244095802, -0.926494181156, -0.951264560223, -0.912460267544, -0.923783302307, -0.897545158863]
        var: [0.00481059402227, 0.00485367840156, 0.00255070230924, 0.0032701510936, 0.000999875483103, 0.00134724145755]
    scvalleys:
        dmean: [0.365125536919, 0.330710411072, 0.287816107273, 0.235074788332, 0.180949628353, 0.243256479502]
        dmean2: [0.611393928528, 0.552079498768, 0.480523258448, 0.384761303663, 0.28861695528, 0.336529821157]
        dvar: [0.0894573554397, 0.0744903385639, 0.0571656227112, 0.0425970628858, 0.0397624894977, 0.0937685668468]
        dvar2: [0.236711204052, 0.199932813644, 0.144344776869, 0.0976182892919, 0.0856920182705, 0.17589583993]
        max: [-5.32584476471, -4.88724756241, -5.42910528183, -5.64299345016, -5.32942914963, -7.20557117462]
        mean: [-6.83575963974, -6.55225563049, -7.03904151917, -6.98026895523, -6.57773971558, -9.83911705017]
        median: [-6.74164867401, -6.47005558014, -6.90091609955, -6.8328666687, -6.33829021454, -9.44471263885]
        min: [-17.6310081482, -14.7124862671, -15.0824737549, -15.7032546997, -15.7099084854, -18.4497528076]
        var: [0.454200655222, 0.445004045963, 0.582914590836, 0.53943747282, 0.617945253849, 1.63048946857]

rhythm:
    beats_loudness:
        dmean: 0.00264261756092
        dmean2: 0.00507215969265
        dvar: 3.00268311548e-006
        dvar2: 1.08477679532e-005
        max: 0.0179918278009
        mean: 0.00556820770726
        median: 0.00548507412896
        min: 4.83818848807e-006
        var: 4.77301000501e-006
    bpm: 114.974243164
    bpm_confidence: 0
    first_peak_bpm: 115
    first_peak_spread: 0.17113403976
    first_peak_weight: 0.733576655388
    onset_rate: 2.19850468636
    second_peak_bpm: 103
    second_peak_spread: 0.361111074686
    second_peak_weight: 0.0419708043337
    beats_loudness_band_ratio:
        dmean: [0.105098582804, 0.163815096021, 0.0433862581849, 0.0362874530256, 0.0964456498623, 0.0649259611964]
        dmean2: [0.186302244663, 0.320854604244, 0.0742868185043, 0.0633597970009, 0.176236614585, 0.114753372967]
        dvar: [0.00713824853301, 0.0117457024753, 0.00182341516484, 0.00171243760269, 0.00572183728218, 0.00322029856034]
        dvar2: [0.0217166170478, 0.0432864390314, 0.00477921357378, 0.00483613042161, 0.0169042330235, 0.00936880335212]
        max: [0.680796146393, 0.52236533165, 0.420443743467, 0.28714466095, 0.65634137392, 0.935450673103]
        mean: [0.277749478817, 0.148621574044, 0.0903320685029, 0.062375690788, 0.260870248079, 0.244150385261]
        median: [0.272654503584, 0.108750283718, 0.0696764141321, 0.0481710880995, 0.243554145098, 0.24480459094]
        min: [1.13539163067e-005, 4.54709115729e-005, 0.00466552004218, 0.00183104549069, 0.0573876388371, 0.0237609818578]
        var: [0.0163982454687, 0.0140863265842, 0.00505814980716, 0.00212260615081, 0.0119814071804, 0.0114249726757]
    beats_position: [0.557278871536, 1.09133780003, 1.60217678547, 2.11301589012, 2.6470746994, 3.16952371597, 3.69197273254, 4.20281171799, 4.72526073456, 5.24770975113, 5.7701587677, 6.29260778427, 6.81505680084, 7.33750534058, 7.85995435715, 8.38240337372, 8.893242836, 9.41569137573, 9.93814086914, 10.4605894089, 10.9830379486, 11.505487442, 12.0279359818, 12.5503854752, 13.0728340149, 13.5952835083, 14.117732048, 14.6285715103, 15.15102005, 15.6734695435, 16.2075271606, 16.7299766541, 17.2524261475, 17.7632656097, 18.2857131958, 18.8081626892, 19.3306121826, 19.853061676, 20.3755092621, 20.8979587555, 21.4204082489, 21.942855835, 22.4653053284, 22.9877548218, 23.5102043152, 24.0210418701, 24.5434913635, 25.0659408569, 25.5883903503, 26.1108379364, 26.6332874298, 27.1557369232, 27.6781845093, 28.2006340027, 28.7230834961, 29.2339229584, 29.7563705444, 30.2788200378, 30.8012695313, 31.3237190247, 31.8577766418, 32.3802261353, 32.9026756287, 33.4135131836, 33.935962677, 34.4584121704, 34.9808616638, 35.5033111572, 36.0257606506, 36.5482063293, 37.0706558228, 37.5931053162, 38.1155548096, 38.638004303, 39.1604537964, 39.6829032898, 40.2053489685, 40.7277984619, 41.2502479553, 41.7726974487, 42.2835350037, 42.8059844971, 43.3284339905, 43.8508834839, 44.3733329773, 44.8957824707, 45.4182319641, 45.9406776428, 46.4631271362, 46.9855766296, 47.508026123, 48.0304756165, 48.5529251099, 49.0753746033, 49.5978240967, 50.1202697754, 50.6427192688, 51.1535606384, 51.6760063171, 52.1984558105, 52.720905304, 53.2433547974, 53.7774124146, 54.299861908, 54.8223114014, 55.333152771, 55.8555984497, 56.3780479431, 56.912109375, 57.4229469299, 57.9453964233, 58.4678459167, 58.9902954102, 59.5127410889, 60.0351905823, 60.5576400757, 61.0800895691, 61.590927124, 62.1133766174, 62.6358261108, 63.1582756042, 63.6807250977, 64.2031707764, 64.7256240845, 65.2480697632, 65.7705230713, 66.29296875, 66.8154220581, 67.3262557983, 67.8487091064, 68.3827667236, 68.9052124023, 69.4276657104, 69.9384994507, 70.4609527588, 70.9833984375, 71.5058517456, 72.0282974243, 72.5507507324, 73.0731964111, 73.5956420898, 74.1180953979, 74.6405410767, 75.1629943848, 75.6854400635, 76.2078933716, 76.7303390503, 77.252784729, 77.7752380371, 78.2976837158, 78.8201370239, 79.3425827026, 79.8650360107, 80.3874816895, 80.9099273682, 81.4207687378, 81.9432220459, 82.4656677246, 82.9881134033, 83.5105667114, 84.0330123901, 84.5554656982, 85.077911377, 85.6003646851, 86.1228103638, 86.6452560425, 87.1677093506, 87.6901550293, 88.2126083374, 88.7350540161, 89.2575073242, 89.7799530029, 90.3023986816, 90.8132400513, 91.3356933594, 91.8581390381, 92.3805847168, 92.9030380249, 93.4254837036, 93.9479370117, 94.4703826904, 94.9928359985, 95.5152816772, 96.037727356, 96.5601806641, 97.0826263428, 97.6050796509, 98.1275253296, 98.6499786377, 99.1724243164, 99.6948699951, 100.205711365, 100.728164673, 101.250610352, 101.77305603, 102.295509338, 102.817955017, 103.340408325, 103.862854004, 104.385307312, 104.907752991, 105.41859436, 105.952651978, 106.475097656, 106.997550964, 107.508384705, 108.042449951, 108.56489563, 109.087341309, 109.609794617, 110.132240295, 110.654693604, 111.177139282, 111.687980652, 112.210426331, 112.732879639, 113.255325317, 113.777778625, 114.300224304, 114.822669983, 115.333511353, 115.855964661, 116.378410339, 116.900856018, 117.423309326, 117.945755005, 118.468208313, 118.990653992, 119.5131073, 120.035552979, 120.557998657, 121.080451965, 121.602897644, 122.125350952, 122.647796631, 123.170249939, 123.692695618, 124.215148926, 124.737594604, 125.260040283, 125.782493591, 126.293327332, 126.827392578, 127.338226318, 127.860679626, 128.383132935, 128.905578613, 129.428024292, 129.950469971, 130.472915649, 131.006988525, 131.517822266, 132.028656006, 132.551101685, 133.073562622, 133.596008301, 134.118453979, 134.640899658, 135.163360596, 135.685806274, 136.208251953, 136.730697632, 137.253143311, 137.775604248, 138.298049927, 138.820495605, 139.342941284, 139.865386963, 140.3878479, 140.910293579, 141.432739258, 141.943572998, 142.454421997, 142.976867676, 143.499313354, 144.010162354, 144.544219971, 145.066665649, 145.589111328, 146.123168945, 146.657226563, 147.179672241, 147.702133179, 148.224578857, 148.747024536, 149.257858276, 149.780319214, 150.302764893, 150.825210571, 151.34765625, 151.870117188, 152.392562866, 152.915008545, 153.425842285, 153.948303223, 154.470748901, 154.99319458, 155.515640259, 156.038085938, 156.560546875, 157.082992554, 157.605438232, 158.127883911, 158.650344849, 159.172790527, 159.695236206, 160.217681885, 160.728515625, 161.239364624, 161.761810303, 162.29586792, 162.818313599, 163.340774536, 163.863220215, 164.385665894, 164.908111572, 165.430557251, 165.94140625, 166.463851929, 166.986297607, 167.508743286, 168.031204224, 168.553649902, 169.076095581, 169.59854126, 170.121002197, 170.643447876, 171.177505493, 171.699951172, 172.210784912, 172.73324585, 173.255691528, 173.778137207, 174.300582886, 174.823028564, 175.345489502, 175.867935181, 176.390380859, 176.912826538, 177.435287476, 177.957733154, 178.491790771, 179.01423645, 179.536682129, 180.047531128, 180.569976807, 181.092422485, 181.603256226, 182.125717163, 182.648162842, 183.170608521, 183.693054199, 184.215499878, 184.737960815, 185.248794556, 185.782852173, 186.305297852, 186.827758789, 187.350204468, 187.872650146, 188.395095825, 188.929153442, 189.451599121, 189.96244812, 190.484893799, 191.007339478, 191.529785156, 192.040634155, 192.563079834, 193.085525513, 193.607971191, 194.130432129, 194.652877808, 195.175323486, 195.697769165, 196.208618164, 196.731063843, 197.253509521, 197.7759552, 198.298416138, 198.820861816, 199.343307495, 199.865753174, 200.388198853, 200.91065979, 201.433105469, 201.955551147, 202.477996826, 203.000442505, 203.511291504, 204.033737183, 204.556182861, 205.07862854, 205.601089478, 206.123535156, 206.645980835, 207.168426514, 207.690887451, 208.21333313, 208.735778809, 209.258224487, 209.780670166, 210.303131104, 210.825576782, 211.348022461, 211.858856201, 212.381317139, 212.903762817, 213.426208496, 213.948654175, 214.471099854, 214.993560791, 215.51600647, 216.038452148, 216.560897827, 217.083358765, 217.605804443, 218.128250122, 218.650695801, 219.173141479, 219.695602417, 220.218048096, 220.728881836, 221.251327515, 221.773788452, 222.296234131, 222.81867981, 223.341125488, 223.863571167, 224.386032104, 224.908477783, 225.430923462, 225.953369141, 226.475830078, 226.998275757, 227.520721436, 228.031555176, 228.554016113, 229.064849854, 229.587295532, 230.109741211, 230.643798828, 231.166259766, 231.677093506, 232.199539185, 232.721984863, 233.244445801, 233.766891479, 234.300949097, 234.823394775, 235.345840454, 235.868301392, 236.402359009, 236.924804688, 237.447250366, 237.958084106, 238.480545044, 239.002990723, 239.513824463, 240.024673462, 240.547119141, 241.069564819, 241.592010498, 242.114456177, 242.636917114, 243.159362793, 243.681808472, 244.215866089, 244.738311768, 245.272369385, 245.794830322, 246.317276001, 246.83972168, 247.362167358, 247.873016357, 248.383850098, 248.906295776, 249.428741455, 249.951202393, 250.473648071, 251.007705688, 251.541763306, 252.075820923, 252.60987854, 253.143936157, 253.677993774, 254.351379395, 255.024749756, 255.698135376, 256.371520996, 257.044891357, 257.729888916, 258.414855957, 259.111480713, 259.808074951, 260.458221436, 261.108398438, 261.758544922, 262.397094727, 263.035644531, 263.674194336, 264.312744141, 265.020935059, 265.729156494, 266.43737793, 267.157196045, 267.784118652, 268.39944458, 269.003173828, 269.606903076, 270.210601807, 270.837554932, 271.464477539, 272.091430664, 272.718353271, 273.345306396, 273.925811768, 274.506286621, 275.086791992, 275.655700684, 276.236175537, 276.828308105, 277.420410156, 278.012512207, 278.604614258, 279.196716309, 279.77722168, 280.357727051, 280.938232422, 281.518737793, 282.099212646, 282.679718018, 283.260223389, 283.84072876, 284.421234131, 285.001708984, 285.593841553, 286.174316406, 286.754821777, 287.335327148, 287.904205322, 288.484710693, 289.065216064, 289.645721436, 290.226196289, 290.80670166, 291.387207031, 291.979309082, 292.571411133]
