
metadata:
    version:
        essentia: "2.1-beta2"
    audio_properties:
        analysis_sample_rate: 44100
        bitrate: 320
        channels: 2
        equal_loudness: 1
        length: 345.62612915
        replay_gain: -13.6893692017
        downmix: "mix"
    tags:
        album: "La Gárgola"
        artist: "Chevelle"
        comment: "For Quality Need's Visit : http://www.bubaneemusic2.com"
        date: "2014"
        genre: "Alternative"
        title: "Hunter Eats Hunter"
        tracknumber: "5/10"

configuration:
    average_loudness:
        compute: 1
        frameSize: 88200
        hopSize: 44100
        silentFrames: "noise"
        windowType: "hann"
    general:
        analysisSampleRate: 44100
        endTime: 2000
        equalLoudness: 1
        nequalLoudness: 0
        shortSound: 0
        startTime: 0
    lowlevel:
        compute: 1
        frameSize: 2048
        hopSize: 1024
        zeroPadding: 0
        silentFrames: "noise"
        windowType: "blackmanharris62"
        mfccStats: ["mean", "cov", "icov"]
        stats: ["mean", "var", "median", "min", "max", "dmean", "dmean2", "dvar", "dvar2"]
    panning:
        compute: 0
        frameSize: 8192
        hopSize: 2048
        zeroPadding: 8192
        silentFrames: "noise"
        windowType: "hann"
        stats: ["copy"]
    rhythm:
        compute: 1
        maxTempo: 208
        minTempo: 40
        method: "degara"
        stats: ["mean", "var", "median", "min", "max", "dmean", "dmean2", "dvar", "dvar2"]
    segmentation:
        compute: 0
        cpw: 5
        inc1: 300
        inc2: 50
        minimumSegmentsLength: 10
        size1: 1000
        size2: 600
    sfx:
        compute: 1
        stats: ["mean", "var", "median", "min", "max", "dmean", "dmean2", "dvar", "dvar2"]
    svm:
        compute: 0
    tonal:
        compute: 1
        frameSize: 4096
        hopSize: 2048
        zeroPadding: 0
        silentFrames: "noise"
        windowType: "blackmanharris62"
        stats: ["mean", "var", "median", "min", "max", "dmean", "dmean2", "dvar", "dvar2"]

lowlevel:
    average_loudness: 0.857917010784
    barkbands_kurtosis:
        dmean: 0.854729950428
        dmean2: 1.33254921436
        dvar: 5.6771235466
        dvar2: 12.9433631897
        max: 113.478233337
        mean: -0.321939229965
        median: -1.18054771423
        min: -1.90987753868
        var: 12.8295116425
    barkbands_skewness:
        dmean: 0.401083916426
        dmean2: 0.627583146095
        dvar: 0.178789541125
        dvar2: 0.423493146896
        max: 9.42701721191
        mean: -0.00630287779495
        median: -0.199621498585
        min: -2.90786504745
        var: 1.08528459072
    barkbands_spread:
        dmean: 5.34368801117
        dmean2: 8.39431858063
        dvar: 29.7132415771
        dvar2: 71.7064361572
        max: 75.856086731
        mean: 37.0520820618
        median: 38.3343963623
        min: 1.01032328606
        var: 140.797912598
    dissonance:
        dmean: 0.0097468001768
        dmean2: 0.0165485031903
        dvar: 0.000119683660159
        dvar2: 0.000323386368109
        max: 0.500000119209
        mean: 0.482864826918
        median: 0.487187802792
        min: 0.274375677109
        var: 0.000229029305046
    hfc:
        dmean: 2.33502006531
        dmean2: 3.94647622108
        dvar: 14.8471698761
        dvar2: 41.2357749939
        max: 56.8574638367
        mean: 8.33632946014
        median: 7.47969245911
        min: 1.11866595788e-016
        var: 45.2587242126
    pitch:
        dmean: 759.828491211
        dmean2: 1447.08898926
        dvar: 1454576.75
        dvar2: 3699932
        max: 5447.53515625
        mean: 1970.8692627
        median: 2771.26367188
        min: 59.4152183533
        var: 2419587
    pitch_instantaneous_confidence:
        dmean: 0.0751422941685
        dmean2: 0.123616531491
        dvar: 0.0044742943719
        dvar2: 0.0122573897243
        max: 0.969488084316
        mean: 0.40885540843
        median: 0.385683864355
        min: 0.100712120533
        var: 0.0210970640182
    pitch_salience:
        dmean: 0.0553921461105
        dmean2: 0.0911477655172
        dvar: 0.00264799594879
        dvar2: 0.00719337537885
        max: 0.988119423389
        mean: 0.632362961769
        median: 0.647531867027
        min: 0.141335070133
        var: 0.00886731408536
    silence_rate_20dB:
        dmean: 0
        dmean2: 0
        dvar: 0
        dvar2: 0
        max: 1
        mean: 1
        median: 1
        min: 1
        var: 0
    silence_rate_30dB:
        dmean: 0
        dmean2: 0
        dvar: 0
        dvar2: 0
        max: 1
        mean: 1
        median: 1
        min: 1
        var: 0
    silence_rate_60dB:
        dmean: 0.0603291913867
        dmean2: 0.120666489005
        dvar: 0.0567024275661
        dvar2: 0.130409955978
        max: 1
        mean: 0.343745797873
        median: 0
        min: 0
        var: 0.225584760308
    spectral_centroid:
        dmean: 256.483917236
        dmean2: 413.450622559
        dvar: 84384.34375
        dvar2: 211802.953125
        max: 11517.7900391
        mean: 1711.35754395
        median: 1798.61767578
        min: 144.195861816
        var: 512393.125
    spectral_complexity:
        dmean: 3.4473631382
        dmean2: 5.69121217728
        dvar: 16.7831897736
        dvar2: 42.8064994812
        max: 51
        mean: 15.686416626
        median: 16
        min: 0
        var: 108.950546265
    spectral_crest:
        dmean: 1.67307269573
        dmean2: 2.75449585915
        dvar: 2.70190286636
        dvar2: 7.0364151001
        max: 21.5994853973
        mean: 7.02369642258
        median: 6.18455410004
        min: 2.42958402634
        var: 8.30444145203
    spectral_decrease:
        dmean: 2.33236818747e-010
        dmean2: 3.87011034331e-010
        dvar: 1.3855117579e-019
        dvar2: 3.78261086272e-019
        max: 1.26785256205e-028
        mean: -9.82893100243e-010
        median: -9.3025764869e-010
        min: -5.10473840976e-009
        var: 3.92119515159e-019
    spectral_energy:
        dmean: 0.00105860840995
        dmean2: 0.0017639711732
        dvar: 2.83995677819e-006
        dvar2: 7.76162050897e-006
        max: 0.0216841828078
        mean: 0.00446580164135
        median: 0.00421260250732
        min: 1.01462006247e-020
        var: 8.53741858009e-006
    spectral_energyband_high:
        dmean: 0.000170517669176
        dmean2: 0.00029716847348
        dvar: 1.10324386071e-007
        dvar2: 3.07376893716e-007
        max: 0.00548348110169
        mean: 0.00036536360858
        median: 0.000272327219136
        min: 7.37436443632e-021
        var: 1.58479807055e-007
    spectral_energyband_low:
        dmean: 0.000274951482425
        dmean2: 0.000439930299763
        dvar: 1.10125434105e-007
        dvar2: 2.97927414294e-007
        max: 0.00380841549486
        mean: 0.000669136818033
        median: 0.000579885498155
        min: 1.16075833493e-023
        var: 2.40639423055e-007
    spectral_energyband_middle_high:
        dmean: 0.00062485068338
        dmean2: 0.00102750433143
        dvar: 8.18264368263e-007
        dvar2: 2.20259357775e-006
        max: 0.0153612606227
        mean: 0.00235209986567
        median: 0.00197730446234
        min: 1.19312331626e-021
        var: 4.01897750635e-006
    spectral_energyband_middle_low:
        dmean: 0.000534948369022
        dmean2: 0.00087914353935
        dvar: 1.13058388251e-006
        dvar2: 3.10309587803e-006
        max: 0.0144292283803
        mean: 0.00130555802025
        median: 0.00108318799175
        min: 2.09441724677e-022
        var: 1.42083911214e-006
    spectral_flatness_db:
        dmean: 0.0138395354152
        dmean2: 0.0214061662555
        dvar: 0.000198845256818
        dvar2: 0.000453006505268
        max: 0.411615043879
        mean: 0.16207562387
        median: 0.146922230721
        min: 0.0616716556251
        var: 0.00243783928454
    spectral_flux:
        dmean: 0.00650004623458
        dmean2: 0.0102604795247
        dvar: 6.78106734995e-005
        dvar2: 0.000133396300953
        max: 0.108414933085
        mean: 0.0364559032023
        median: 0.0369835272431
        min: 6.53293877328e-011
        var: 0.000346510409145
    spectral_kurtosis:
        dmean: 1.3385566473
        dmean2: 2.29127693176
        dvar: 3.31878781319
        dvar2: 9.35212135315
        max: 72.1237564087
        mean: 3.94099211693
        median: 3.07993459702
        min: -1.23615336418
        var: 10.944278717
    spectral_rms:
        dmean: 0.000224246687139
        dmean2: 0.000365944753867
        dvar: 8.90910314411e-008
        dvar2: 2.37399873981e-007
        max: 0.00459948927164
        mean: 0.00193914864212
        median: 0.00202727806754
        min: 3.14622503397e-012
        var: 5.96585266521e-007
    spectral_rolloff:
        dmean: 314.46697998
        dmean2: 517.578491211
        dvar: 221770.921875
        dvar2: 478229.03125
        max: 19487.5488281
        mean: 3227.08154297
        median: 3466.84570313
        min: 150.732421875
        var: 1197564.875
    spectral_skewness:
        dmean: 0.183291837573
        dmean2: 0.30490976572
        dvar: 0.0448023751378
        dvar2: 0.117759011686
        max: 6.71645593643
        mean: 1.22659611702
        median: 1.15917611122
        min: -0.0763925462961
        var: 0.177140578628
    spectral_spread:
        dmean: 373207.09375
        dmean2: 549728.4375
        dvar: 378951663616
        dvar2: 628613709824
        max: 41861328
        mean: 4101226.25
        median: 3974077.75
        min: 1209042.125
        var: 3.7316591616e+012
    spectral_strongpeak:
        dmean: 0.382728904486
        dmean2: 0.669503390789
        dvar: 0.545460164547
        dvar2: 1.4412586689
        max: 10.6811170578
        mean: 0.527972757816
        median: 0.157746165991
        min: 1.42963266225e-010
        var: 0.90246295929
    zerocrossingrate:
        dmean: 0.00714301178232
        dmean2: 0.00893842708319
        dvar: 5.65614209336e-005
        dvar2: 7.13681220077e-005
        max: 0.51611328125
        mean: 0.0973066538572
        median: 0.1025390625
        min: 0.005859375
        var: 0.000964453502093
    barkbands:
        dmean: [4.57897641581e-007, 7.98431719886e-005, 0.000162985481438, 0.000228183635045, 0.000275647151284, 9.43472550716e-005, 4.84123556816e-005, 4.81187162222e-005, 7.4620176747e-005, 3.7125817471e-005, 3.49013316736e-005, 5.03244482388e-005, 5.12277110829e-005, 5.64570327697e-005, 7.1978327469e-005, 0.000113277506898, 0.000171503823367, 0.000198030698812, 0.000222608374315, 0.000195641390746, 8.55728721945e-005, 2.03430063266e-005, 4.55541476185e-006, 2.07224479709e-006, 7.16766635378e-007, 1.95248990309e-008, 2.80393708252e-010]
        dmean2: [7.32849684937e-007, 0.000130331638502, 0.000261736509856, 0.000371676316718, 0.000466846046038, 0.0001535583433, 8.0175959738e-005, 7.71984123276e-005, 0.000119917371194, 6.04476990702e-005, 5.73419310967e-005, 8.12282014522e-005, 8.37732441141e-005, 9.05025808606e-005, 0.000117073686852, 0.00018666194228, 0.000279603962554, 0.000333347066771, 0.000376349227736, 0.000342110928614, 0.000148894381709, 3.42078128597e-005, 7.22299091649e-006, 3.08665175908e-006, 1.0418398233e-006, 2.8649576933e-008, 4.76226336144e-010]
        dvar: [1.16740569035e-012, 2.66487241163e-008, 4.94030913956e-008, 1.15250884392e-007, 5.13803229296e-007, 4.49922410439e-008, 1.63443196755e-008, 1.30930830622e-008, 1.87851973976e-008, 5.14199882673e-009, 7.5168564706e-009, 1.60736384203e-008, 1.59407917977e-008, 1.61273039367e-008, 2.85814731882e-008, 5.8518292434e-008, 7.78541675572e-008, 9.48285858726e-008, 9.11249813385e-008, 1.23548645092e-007, 2.70305218208e-008, 1.83679604859e-009, 1.24558918735e-010, 2.46733397602e-011, 4.9054957145e-012, 2.92814101789e-015, 2.73104380884e-019]
        dvar2: [2.72106469301e-012, 6.73532412065e-008, 1.34878447966e-007, 3.1071488138e-007, 1.43814691e-006, 1.15608173701e-007, 4.3728086041e-008, 3.18338742034e-008, 4.62829383707e-008, 1.33044553152e-008, 2.01706846781e-008, 4.08062099666e-008, 4.2314923121e-008, 3.8514222922e-008, 6.89612988936e-008, 1.52652091856e-007, 1.94572379542e-007, 2.52476326068e-007, 2.51129165463e-007, 3.4974723917e-007, 7.46880530755e-008, 4.9431339022e-009, 2.80497680638e-010, 4.71923125578e-011, 9.2169206295e-012, 6.18810465177e-015, 6.87561986032e-019]
        max: [1.37056140375e-005, 0.00148042454384, 0.00276136351749, 0.00568858813494, 0.00949435681105, 0.00334447785281, 0.00347145833075, 0.00272174505517, 0.00397329172119, 0.00227173394524, 0.00202147150412, 0.00336816674098, 0.00309299351647, 0.00293649639934, 0.00520802289248, 0.00813135784119, 0.00678764749318, 0.00765602709725, 0.00603996170685, 0.00439968286082, 0.00258267228492, 0.000912757590413, 0.000313328870106, 0.000153034066898, 7.25323698134e-005, 1.29578825181e-006, 7.43185335494e-009]
        mean: [5.33185698259e-007, 0.000135137524921, 0.000332642201101, 0.000396270566853, 0.000437440554379, 0.000151806481881, 7.26894868421e-005, 7.98424662207e-005, 0.000135773458169, 6.43749081064e-005, 5.88680377405e-005, 9.43827544688e-005, 8.7234970124e-005, 9.8603675724e-005, 0.000131858454552, 0.000241147659835, 0.000389374210499, 0.000422076758696, 0.000551377655938, 0.000368528475519, 0.000156958209118, 4.16635120928e-005, 1.02215471998e-005, 5.3803969422e-006, 1.57247336574e-006, 3.36920820132e-008, 3.09429565304e-010]
        median: [1.73505924295e-007, 8.70943113114e-005, 0.000243340618908, 0.000264372385573, 0.000266409479082, 7.8776414739e-005, 3.4029573726e-005, 3.14931894536e-005, 7.41504554753e-005, 3.35754448315e-005, 2.05795113288e-005, 3.6360201193e-005, 2.7151314498e-005, 3.75427625841e-005, 5.5512842664e-005, 0.000136381218908, 0.000263873516815, 0.00031220226083, 0.000443598022684, 0.000265977694653, 0.000106736799353, 2.41327870754e-005, 5.6114522522e-006, 2.69772044703e-006, 6.41550059299e-007, 1.04739381612e-008, 1.20446833063e-010]
        min: [5.17836302749e-025, 5.5484949865e-024, 2.11777460565e-024, 8.59567790055e-025, 6.94959084026e-024, 6.57541636355e-024, 1.10118008838e-023, 1.01360706157e-023, 2.61525328778e-023, 2.35492508698e-023, 2.4843154726e-023, 4.49615753661e-023, 3.331944622e-023, 5.19527194545e-023, 7.157618983e-023, 7.29216899226e-023, 1.05963053207e-022, 1.46215394026e-022, 1.44155179643e-022, 1.6372702065e-022, 2.73831871288e-022, 2.70406927538e-022, 3.21313371308e-022, 6.7778782564e-022, 9.1744891833e-022, 1.34082978361e-021, 2.05688839459e-021]
        var: [1.31855561625e-012, 2.93551796204e-008, 9.92623370166e-008, 2.02931758508e-007, 4.55124563814e-007, 6.23938802846e-008, 2.08395967149e-008, 2.62690953434e-008, 4.01634530078e-008, 1.06508366571e-008, 1.50298511414e-008, 5.34080015768e-008, 3.5180899971e-008, 4.08393958651e-008, 7.22588850977e-008, 2.40597245238e-007, 2.49657489348e-007, 2.17010750703e-007, 2.70042079364e-007, 1.7022978227e-007, 3.60364076357e-008, 3.249726932e-009, 2.95598628908e-010, 8.20944007218e-011, 1.38209608688e-011, 5.7449971531e-015, 3.31840201434e-019]
    frequency_bands:
        dmean: [4.57897641581e-007, 7.98431719886e-005, 0.000162985481438, 0.000228183635045, 0.000275647151284, 9.43472550716e-005, 4.84123556816e-005, 4.81187162222e-005, 7.4620176747e-005, 3.7125817471e-005, 3.49013316736e-005, 5.03244482388e-005, 5.12277110829e-005, 5.64570327697e-005, 7.1978327469e-005, 0.000113277506898, 0.000171503823367, 0.000198030698812, 0.000222608374315, 0.000195641390746, 8.55728721945e-005, 2.03430063266e-005, 4.55541476185e-006, 2.07224479709e-006, 7.16766635378e-007, 1.95248990309e-008, 2.80393708252e-010, 5.00108357504e-011]
        dmean2: [7.32849684937e-007, 0.000130331638502, 0.000261736509856, 0.000371676316718, 0.000466846046038, 0.0001535583433, 8.0175959738e-005, 7.71984123276e-005, 0.000119917371194, 6.04476990702e-005, 5.73419310967e-005, 8.12282014522e-005, 8.37732441141e-005, 9.05025808606e-005, 0.000117073686852, 0.00018666194228, 0.000279603962554, 0.000333347066771, 0.000376349227736, 0.000342110928614, 0.000148894381709, 3.42078128597e-005, 7.22299091649e-006, 3.08665175908e-006, 1.0418398233e-006, 2.8649576933e-008, 4.76226336144e-010, 9.27018392605e-011]
        dvar: [1.16740569035e-012, 2.66487241163e-008, 4.94030913956e-008, 1.15250884392e-007, 5.13803229296e-007, 4.49922410439e-008, 1.63443196755e-008, 1.30930830622e-008, 1.87851973976e-008, 5.14199882673e-009, 7.5168564706e-009, 1.60736384203e-008, 1.59407917977e-008, 1.61273039367e-008, 2.85814731882e-008, 5.8518292434e-008, 7.78541675572e-008, 9.48285858726e-008, 9.11249813385e-008, 1.23548645092e-007, 2.70305218208e-008, 1.83679604859e-009, 1.24558918735e-010, 2.46733397602e-011, 4.9054957145e-012, 2.92814101789e-015, 2.73104380884e-019, 6.96790048489e-021]
        dvar2: [2.72106469301e-012, 6.73532412065e-008, 1.34878447966e-007, 3.1071488138e-007, 1.43814691e-006, 1.15608173701e-007, 4.3728086041e-008, 3.18338742034e-008, 4.62829383707e-008, 1.33044553152e-008, 2.01706846781e-008, 4.08062099666e-008, 4.2314923121e-008, 3.8514222922e-008, 6.89612988936e-008, 1.52652091856e-007, 1.94572379542e-007, 2.52476326068e-007, 2.51129165463e-007, 3.4974723917e-007, 7.46880530755e-008, 4.9431339022e-009, 2.80497680638e-010, 4.71923125578e-011, 9.2169206295e-012, 6.18810465177e-015, 6.87561986032e-019, 2.23824200855e-020]
        max: [1.37056140375e-005, 0.00148042454384, 0.00276136351749, 0.00568858813494, 0.00949435681105, 0.00334447785281, 0.00347145833075, 0.00272174505517, 0.00397329172119, 0.00227173394524, 0.00202147150412, 0.00336816674098, 0.00309299351647, 0.00293649639934, 0.00520802289248, 0.00813135784119, 0.00678764749318, 0.00765602709725, 0.00603996170685, 0.00439968286082, 0.00258267228492, 0.000912757590413, 0.000313328870106, 0.000153034066898, 7.25323698134e-005, 1.29578825181e-006, 7.43185335494e-009, 1.47262757544e-009]
        mean: [5.33185698259e-007, 0.000135137524921, 0.000332642201101, 0.000396270566853, 0.000437440554379, 0.000151806481881, 7.26894868421e-005, 7.98424662207e-005, 0.000135773458169, 6.43749081064e-005, 5.88680377405e-005, 9.43827544688e-005, 8.7234970124e-005, 9.8603675724e-005, 0.000131858454552, 0.000241147659835, 0.000389374210499, 0.000422076758696, 0.000551377655938, 0.000368528475519, 0.000156958209118, 4.16635120928e-005, 1.02215471998e-005, 5.3803969422e-006, 1.57247336574e-006, 3.36920820132e-008, 3.09429565304e-010, 3.91567507585e-011]
        median: [1.73505924295e-007, 8.70943113114e-005, 0.000243340618908, 0.000264372385573, 0.000266409479082, 7.8776414739e-005, 3.4029573726e-005, 3.14931894536e-005, 7.41504554753e-005, 3.35754448315e-005, 2.05795113288e-005, 3.6360201193e-005, 2.7151314498e-005, 3.75427625841e-005, 5.5512842664e-005, 0.000136381218908, 0.000263873516815, 0.00031220226083, 0.000443598022684, 0.000265977694653, 0.000106736799353, 2.41327870754e-005, 5.6114522522e-006, 2.69772044703e-006, 6.41550059299e-007, 1.04739381612e-008, 1.20446833063e-010, 1.21065761582e-011]
        min: [5.17836302749e-025, 5.5484949865e-024, 2.11777460565e-024, 8.59567790055e-025, 6.94959084026e-024, 6.57541636355e-024, 1.10118008838e-023, 1.01360706157e-023, 2.61525328778e-023, 2.35492508698e-023, 2.4843154726e-023, 4.49615753661e-023, 3.331944622e-023, 5.19527194545e-023, 7.157618983e-023, 7.29216899226e-023, 1.05963053207e-022, 1.46215394026e-022, 1.44155179643e-022, 1.6372702065e-022, 2.73831871288e-022, 2.70406927538e-022, 3.21313371308e-022, 6.7778782564e-022, 9.1744891833e-022, 1.34082978361e-021, 2.05688839459e-021, 5.2363309565e-022]
        var: [1.31855561625e-012, 2.93551796204e-008, 9.92623370166e-008, 2.02931758508e-007, 4.55124563814e-007, 6.23938802846e-008, 2.08395967149e-008, 2.62690953434e-008, 4.01634530078e-008, 1.06508366571e-008, 1.50298511414e-008, 5.34080015768e-008, 3.5180899971e-008, 4.08393958651e-008, 7.22588850977e-008, 2.40597245238e-007, 2.49657489348e-007, 2.17010750703e-007, 2.70042079364e-007, 1.7022978227e-007, 3.60364076357e-008, 3.249726932e-009, 2.95598628908e-010, 8.20944007218e-011, 1.38209608688e-011, 5.7449971531e-015, 3.31840201434e-019, 5.26321816343e-021]
    mfcc:
        mean: [-727.95916748, 101.876037598, -46.3666572571, 65.6041030884, 1.60231900215, -4.98130226135, 6.09928274155, 2.58006858826, -1.86637568474, -2.09451389313, -6.74394512177, -1.9609606266, -6.91550779343]
        cov: [[9269.03417969, -18.9477329254, -470.065795898, 582.913452148, -701.498291016, 317.697937012, -410.102203369, -114.214294434, 96.3991775513, 272.431152344, 84.5447998047, -211.515533447, -512.230041504], [-18.9477329254, 1088.46606445, -243.238113403, 210.305755615, 66.833732605, -96.5134277344, 119.171966553, -51.6657447815, 40.0502433777, -9.51807880402, -29.0123996735, -21.0554389954, -36.4732666016], [-470.065795898, -243.238113403, 506.377532959, -5.95134067535, 43.8385238647, 33.4402122498, -38.2429046631, 12.0456466675, -13.6282463074, -9.17340660095, -0.219868257642, 13.0746307373, 32.9520759583], [582.913452148, 210.305755615, -5.95134067535, 292.350891113, 36.9836273193, -3.25993204117, -8.59495449066, -30.8811283112, 41.6222229004, 30.1921825409, -9.15949058533, -5.49373483658, -29.1466197968], [-701.498291016, 66.833732605, 43.8385238647, 36.9836273193, 213.752822876, -4.91911268234, 47.0721359253, 6.93761968613, 3.0486767292, -9.95249652863, -13.6891975403, 30.7279777527, 53.8024978638], [317.697937012, -96.5134277344, 33.4402122498, -3.25993204117, -4.91911268234, 123.310516357, -0.173819184303, 7.31373310089, -2.96580791473, 12.7594661713, 24.3853588104, -4.27049589157, -12.7141542435], [-410.102203369, 119.171966553, -38.2429046631, -8.59495449066, 47.0721359253, -0.173819184303, 131.622543335, 41.3873710632, -11.0418519974, -21.3750457764, -0.986465454102, 32.0729026794, 32.3302879333], [-114.214294434, -51.6657447815, 12.0456466675, -30.8811283112, 6.93761968613, 7.31373310089, 41.3873710632, 89.4348373413, 6.70876073837, -2.21527433395, 0.0912768244743, 24.0811653137, 30.2240619659], [96.3991775513, 40.0502433777, -13.6282463074, 41.6222229004, 3.0486767292, -2.96580791473, -11.0418519974, 6.70876073837, 73.970916748, 31.0875034332, 2.57022094727, -10.7147159576, -12.5608177185], [272.431152344, -9.51807880402, -9.17340660095, 30.1921825409, -9.95249652863, 12.7594661713, -21.3750457764, -2.21527433395, 31.0875034332, 84.8648757935, 28.5017967224, -6.77044534683, -29.4637908936], [84.5447998047, -29.0123996735, -0.219868257642, -9.15949058533, -13.6891975403, 24.3853588104, -0.986465454102, 0.0912768244743, 2.57022094727, 28.5017967224, 57.8366699219, 15.9571180344, -7.44458723068], [-211.515533447, -21.0554389954, 13.0746307373, -5.49373483658, 30.7279777527, -4.27049589157, 32.0729026794, 24.0811653137, -10.7147159576, -6.77044534683, 15.9571180344, 71.1651763916, 47.0349273682], [-512.230041504, -36.4732666016, 32.9520759583, -29.1466197968, 53.8024978638, -12.7141542435, 32.3302879333, 30.2240619659, -12.5608177185, -29.4637908936, -7.44458723068, 47.0349273682, 98.2878036499]]
        icov: [[0.000329302012688, -2.9071645713e-006, 0.000307115871692, -0.00070711952867, 0.000793798302766, -0.000834868231323, 0.00077882676851, -0.000457514892332, 0.000341423758073, -0.000321930128848, 0.000316947116517, -0.000358893652447, 0.000887299771421], [-2.9071645713e-006, 0.00163899280597, 0.000496932712849, -0.000979312346317, -0.000229748868151, 0.00110331305768, -0.00192170869559, 0.00108141929377, -0.000571213371586, 0.000421806209488, -0.000207362973015, 0.000709735788405, 0.000402205972932], [0.000307115871692, 0.000496932712849, 0.00267650000751, -0.00103692570701, 0.000117899355246, -0.00110997725278, 0.00142995791975, -0.00072533468483, 0.000639719888568, 4.21778386226e-005, 0.000213750521652, -0.000192449966562, 0.000327373418259], [-0.00070711952867, -0.000979312346317, -0.00103692570701, 0.00641624443233, -0.00234835641459, 0.000924529042095, -0.000868989736773, 0.00211756373756, -0.00262578087859, -0.000575377722271, 0.0013000672916, -0.00136114947964, -0.000516699568834], [0.000793798302766, -0.000229748868151, 0.000117899355246, -0.00234835641459, 0.00831482186913, -0.00251585734077, -0.000126406375784, 0.000473329331726, 0.000180130213266, -0.00188758259173, 0.00261851819232, -0.00170733430423, -0.00119265064131], [-0.000834868231323, 0.00110331305768, -0.00110997725278, 0.000924529042095, -0.00251585734077, 0.0123184733093, -0.00349199748598, 0.000307356647681, -0.000171665873495, 0.00120531406719, -0.00558678247035, 0.00340837822296, -0.000985283637419], [0.00077882676851, -0.00192170869559, 0.00142995791975, -0.000868989736773, -0.000126406375784, -0.00349199748598, 0.0153530240059, -0.00720510957763, 0.00281658372842, 0.0012629282428, 0.000132611035951, -0.00409224210307, 0.00209850282408], [-0.000457514892332, 0.00108141929377, -0.00072533468483, 0.00211756373756, 0.000473329331726, 0.000307356647681, -0.00720510957763, 0.0176237411797, -0.00455374736339, -0.00129863165785, 0.00231837527826, -0.00227183080278, -0.00408913195133], [0.000341423758073, -0.000571213371586, 0.000639719888568, -0.00262578087859, 0.000180130213266, -0.000171665873495, 0.00281658372842, -0.00455374736339, 0.0188610274345, -0.00632487935945, 0.000527706753928, 0.00270498800091, 0.000187135636224], [-0.000321930128848, 0.000421806209488, 4.21778386226e-005, -0.000575377722271, -0.00188758259173, 0.00120531406719, 0.0012629282428, -0.00129863165785, -0.00632487935945, 0.0197486281395, -0.00947856064886, 0.000546294322703, 0.00359950447455], [0.000316947116517, -0.000207362973015, 0.000213750521652, 0.0013000672916, 0.00261851819232, -0.00558678247035, 0.000132611035951, 0.00231837527826, 0.000527706753928, -0.00947856064886, 0.0279630217701, -0.010750759393, 0.00346484524198], [-0.000358893652447, 0.000709735788405, -0.000192449966562, -0.00136114947964, -0.00170733430423, 0.00340837822296, -0.00409224210307, -0.00227183080278, 0.00270498800091, 0.000546294322703, -0.010750759393, 0.0274634454399, -0.0119732413441], [0.000887299771421, 0.000402205972932, 0.000327373418259, -0.000516699568834, -0.00119265064131, -0.000985283637419, 0.00209850282408, -0.00408913195133, 0.000187135636224, 0.00359950447455, 0.00346484524198, -0.0119732413441, 0.0228723157197]]
    sccoeffs:
        dmean: [0.0499352999032, 0.04331529513, 0.0354346707463, 0.0278729517013, 0.0186962336302, 0.0180856399238]
        dmean2: [0.0820500701666, 0.0713691264391, 0.0589788369834, 0.0462721697986, 0.0310494750738, 0.0299776382744]
        dvar: [0.00171131396201, 0.00121973943897, 0.00082066928735, 0.000507163465954, 0.00022591711604, 0.000353842769982]
        dvar2: [0.00468693207949, 0.00327316019684, 0.00228622066788, 0.00135758181568, 0.000610928458627, 0.000910447677597]
        max: [-0.359617948532, -0.485196113586, -0.551995098591, -0.526830613613, -0.637046694756, -0.604535102844]
        mean: [-0.647135615349, -0.768205225468, -0.787506818771, -0.797711789608, -0.791920959949, -0.747564911842]
        median: [-0.64740550518, -0.773015618324, -0.792479157448, -0.805683076382, -0.793943047523, -0.744584679604]
        min: [-0.975328922272, -0.987442672253, -0.991626679897, -0.975575625896, -0.977541148663, -0.964678943157]
        var: [0.00455170124769, 0.00436700787395, 0.00266728294082, 0.00235106539913, 0.000904117710888, 0.00151644740254]
    scvalleys:
        dmean: [0.338491469622, 0.339304327965, 0.293035000563, 0.254996210337, 0.218707665801, 0.209912195802]
        dmean2: [0.563171088696, 0.565188407898, 0.478868603706, 0.41239887476, 0.349831789732, 0.293155282736]
        dvar: [0.0849381610751, 0.101201109588, 0.0734939053655, 0.0623944997787, 0.073013573885, 0.093978703022]
        dvar2: [0.218944117427, 0.263820081949, 0.183349445462, 0.143687218428, 0.161312028766, 0.158246070147]
        max: [-5.14941835403, -4.53634691238, -5.1618680954, -5.55511426926, -5.44836950302, -7.40832901001]
        mean: [-6.85138750076, -7.05351114273, -7.44301748276, -7.41885852814, -7.03182411194, -10.2195253372]
        median: [-6.48974704742, -6.78431606293, -7.16773796082, -7.10680675507, -6.62190198898, -9.60970592499]
        min: [-28.4452552795, -28.2332935333, -27.5694103241, -27.5669498444, -27.4350337982, -27.4195327759]
        var: [2.44904088974, 1.93141543865, 1.87017726898, 1.89025080204, 2.01285743713, 2.9905424118]

rhythm:
    beats_loudness:
        dmean: 0.00186149182264
        dmean2: 0.00294280890375
        dvar: 2.56995326708e-006
        dvar2: 6.71079260428e-006
        max: 0.0129574500024
        mean: 0.00461351592094
        median: 0.00437498930842
        min: 1.25548862973e-010
        var: 7.45217084841e-006
    bpm: 146.975616455
    bpm_confidence: 0
    first_peak_bpm: 148
    first_peak_spread: 0.29238986969
    first_peak_weight: 0.643985390663
    onset_rate: 2.50849080086
    second_peak_bpm: 117
    second_peak_spread: 0.592592597008
    second_peak_weight: 0.0133657352999
    beats_loudness_band_ratio:
        dmean: [0.149695947766, 0.0867944583297, 0.0438052751124, 0.0431370660663, 0.109471917152, 0.0769192576408]
        dmean2: [0.266170948744, 0.150486275554, 0.0766620635986, 0.0751032829285, 0.192379310727, 0.133567869663]
        dvar: [0.0129562839866, 0.00646844273433, 0.00268083554693, 0.00245612999424, 0.00991608854383, 0.00477548642084]
        dvar2: [0.0390836670995, 0.018536971882, 0.00795242469758, 0.00692169461399, 0.0307524111122, 0.0143684502691]
        max: [0.877660870552, 0.636326253414, 0.438888251781, 0.413913547993, 0.774565339088, 0.572019934654]
        mean: [0.30792093277, 0.122946098447, 0.0710849612951, 0.0747938528657, 0.257962554693, 0.213663458824]
        median: [0.277729928493, 0.102600559592, 0.055556986481, 0.0504074841738, 0.240439027548, 0.208948940039]
        min: [0.00239121145569, 0.00135760265402, 0.000602315878496, 0.00388482981361, 0.0129646165296, 0.00917547941208]
        var: [0.0316639244556, 0.00866294000298, 0.00321245216765, 0.00516031309962, 0.016930706799, 0.00968859624118]
