
metadata:
    version:
        essentia: "2.1-beta2"
    audio_properties:
        analysis_sample_rate: 44100
        bitrate: 320
        channels: 2
        equal_loudness: 1
        length: 319.634277344
        replay_gain: -12.8983573914
        downmix: "mix"
    tags:
        album: "La Gárgola"
        artist: "Chevelle"
        comment: "For Quality Need's Visit : http://www.bubaneemusic2.com"
        date: "2014"
        genre: "Alternative"
        title: "Choking Game"
        tracknumber: "7/10"

configuration:
    average_loudness:
        compute: 1
        frameSize: 88200
        hopSize: 44100
        silentFrames: "noise"
        windowType: "hann"
    general:
        analysisSampleRate: 44100
        endTime: 2000
        equalLoudness: 1
        nequalLoudness: 0
        shortSound: 0
        startTime: 0
    lowlevel:
        compute: 1
        frameSize: 2048
        hopSize: 1024
        zeroPadding: 0
        silentFrames: "noise"
        windowType: "blackmanharris62"
        mfccStats: ["mean", "cov", "icov"]
        stats: ["mean", "var", "median", "min", "max", "dmean", "dmean2", "dvar", "dvar2"]
    panning:
        compute: 0
        frameSize: 8192
        hopSize: 2048
        zeroPadding: 8192
        silentFrames: "noise"
        windowType: "hann"
        stats: ["copy"]
    rhythm:
        compute: 1
        maxTempo: 208
        minTempo: 40
        method: "degara"
        stats: ["mean", "var", "median", "min", "max", "dmean", "dmean2", "dvar", "dvar2"]
    segmentation:
        compute: 0
        cpw: 5
        inc1: 300
        inc2: 50
        minimumSegmentsLength: 10
        size1: 1000
        size2: 600
    sfx:
        compute: 1
        stats: ["mean", "var", "median", "min", "max", "dmean", "dmean2", "dvar", "dvar2"]
    svm:
        compute: 0
    tonal:
        compute: 1
        frameSize: 4096
        hopSize: 2048
        zeroPadding: 0
        silentFrames: "noise"
        windowType: "blackmanharris62"
        stats: ["mean", "var", "median", "min", "max", "dmean", "dmean2", "dvar", "dvar2"]

lowlevel:
    average_loudness: 0.909312069416
    barkbands_kurtosis:
        dmean: 0.945258677006
        dmean2: 1.49883842468
        dvar: 4.29954957962
        dvar2: 9.05540561676
        max: 51.6606254578
        mean: 0.0839282423258
        median: -1.01842820644
        min: -1.85457503796
        var: 12.0050554276
    barkbands_skewness:
        dmean: 0.395818471909
        dmean2: 0.638843178749
        dvar: 0.158547326922
        dvar2: 0.378749668598
        max: 4.13976240158
        mean: -0.377342164516
        median: -0.50520324707
        min: -5.98785066605
        var: 1.12979757786
    barkbands_spread:
        dmean: 5.19922828674
        dmean2: 8.3400888443
        dvar: 25.5128917694
        dvar2: 63.7887992859
        max: 65.2842941284
        mean: 33.1568069458
        median: 34.8127250671
        min: 1.44368779659
        var: 125.792671204
    dissonance:
        dmean: 0.00894038379192
        dmean2: 0.0152701018378
        dvar: 0.000100626042695
        dvar2: 0.000280598265817
        max: 0.500000059605
        mean: 0.484534502029
        median: 0.487675368786
        min: 0.268744856119
        var: 0.000180174596608
    hfc:
        dmean: 2.73612713814
        dmean2: 4.59780073166
        dvar: 13.6200666428
        dvar2: 37.3879890442
        max: 52.9187278748
        mean: 10.2416028976
        median: 9.53771781921
        min: 1.16192895975e-016
        var: 40.4415283203
    pitch:
        dmean: 767.964782715
        dmean2: 1481.71374512
        dvar: 1576527.375
        dvar2: 3948237
        max: 4474.25537109
        mean: 1787.06091309
        median: 755.700561523
        min: 45.1760749817
        var: 2393044.75
    pitch_instantaneous_confidence:
        dmean: 0.0804349184036
        dmean2: 0.129138052464
        dvar: 0.00484339240938
        dvar2: 0.011153427884
        max: 0.927276194096
        mean: 0.416152596474
        median: 0.386927366257
        min: 0.117213189602
        var: 0.0205652397126
    pitch_salience:
        dmean: 0.0536961145699
        dmean2: 0.0908023566008
        dvar: 0.00214624381624
        dvar2: 0.00598666165024
        max: 0.926179647446
        mean: 0.667949318886
        median: 0.678896069527
        min: 0.279789358377
        var: 0.00672318786383
    silence_rate_20dB:
        dmean: 0
        dmean2: 0
        dvar: 0
        dvar2: 0
        max: 1
        mean: 1
        median: 1
        min: 1
        var: 0
    silence_rate_30dB:
        dmean: 0
        dmean2: 0
        dvar: 0
        dvar2: 0
        max: 1
        mean: 1
        median: 1
        min: 1
        var: 0
    silence_rate_60dB:
        dmean: 0.0569519102573
        dmean2: 0.11391209811
        dvar: 0.0537028200924
        dvar2: 0.123586334288
        max: 1
        mean: 0.165613427758
        median: 0
        min: 0
        var: 0.138200417161
    spectral_centroid:
        dmean: 238.864593506
        dmean2: 396.258911133
        dvar: 63854.1210938
        dvar2: 167946.5
        max: 10711.0380859
        mean: 1909.04333496
        median: 2037.00927734
        min: 214.738327026
        var: 353015.625
    spectral_complexity:
        dmean: 3.87926769257
        dmean2: 6.43472576141
        dvar: 15.9257736206
        dvar2: 41.9317703247
        max: 46
        mean: 18.0817165375
        median: 19
        min: 0
        var: 76.5206222534
    spectral_crest:
        dmean: 1.88123464584
        dmean2: 3.17132043839
        dvar: 3.92522335052
        dvar2: 10.357670784
        max: 23.0535697937
        mean: 6.7149772644
        median: 5.86294555664
        min: 2.48625159264
        var: 8.32515907288
    spectral_decrease:
        dmean: 2.81276113512e-010
        dmean2: 4.69369987321e-010
        dvar: 1.60676732061e-019
        dvar2: 4.35429373713e-019
        max: -8.36523699114e-029
        mean: -1.1174688952e-009
        median: -1.06038366976e-009
        min: -4.48320225388e-009
        var: 3.13124955732e-019
    spectral_energy:
        dmean: 0.00128038297407
        dmean2: 0.00213471590541
        dvar: 3.08731273435e-006
        dvar2: 8.35925675347e-006
        max: 0.0202588681132
        mean: 0.00514652160928
        median: 0.00484591536224
        min: 1.08547656377e-020
        var: 6.72885198583e-006
    spectral_energyband_high:
        dmean: 0.000185118609807
        dmean2: 0.000325686851284
        dvar: 1.120378883e-007
        dvar2: 3.14950767688e-007
        max: 0.00452867103741
        mean: 0.000398997945013
        median: 0.000324660446495
        min: 7.58572200752e-021
        var: 1.34242867489e-007
    spectral_energyband_low:
        dmean: 0.000221167822019
        dmean2: 0.000353955489118
        dvar: 1.02149371628e-007
        dvar2: 2.33852702536e-007
        max: 0.00786417722702
        mean: 0.000564433983527
        median: 0.00043024358456
        min: 1.08096903023e-022
        var: 4.11935133116e-007
    spectral_energyband_middle_high:
        dmean: 0.000760581227951
        dmean2: 0.00124747678638
        dvar: 8.86781265308e-007
        dvar2: 2.30021623793e-006
        max: 0.0160050969571
        mean: 0.00298130046576
        median: 0.00269470992498
        min: 1.96158309202e-021
        var: 3.89879505747e-006
    spectral_energyband_middle_low:
        dmean: 0.000647490145639
        dmean2: 0.0011077625677
        dvar: 1.61929904152e-006
        dvar2: 4.51525693279e-006
        max: 0.0130688836798
        mean: 0.00139536347706
        median: 0.00113279162906
        min: 3.2896703865e-022
        var: 1.53394410063e-006
    spectral_flatness_db:
        dmean: 0.0127352019772
        dmean2: 0.02034547925
        dvar: 0.000149305429659
        dvar2: 0.00033474562224
        max: 0.363931119442
        mean: 0.158001512289
        median: 0.145881310105
        min: 0.0666291564703
        var: 0.00172337959521
    spectral_flux:
        dmean: 0.00749425170943
        dmean2: 0.0120694870129
        dvar: 8.31203724374e-005
        dvar2: 0.000163327320479
        max: 0.113601833582
        mean: 0.0413545109332
        median: 0.0403544902802
        min: 1.04186208272e-010
        var: 0.000262708636001
    spectral_kurtosis:
        dmean: 1.57804119587
        dmean2: 2.76504874229
        dvar: 5.30510234833
        dvar2: 15.9435844421
        max: 51.2107925415
        mean: 4.37656831741
        median: 3.49899363518
        min: -1.18323862553
        var: 12.9886922836
    spectral_rms:
        dmean: 0.000259938329691
        dmean2: 0.000425186182838
        dvar: 9.63799564602e-008
        dvar2: 2.54796447052e-007
        max: 0.00444575631991
        mean: 0.00214630551636
        median: 0.00217433250509
        min: 3.25423043547e-012
        var: 4.14362517631e-007
    spectral_rolloff:
        dmean: 226.750564575
        dmean2: 385.308776855
        dvar: 81899.46875
        dvar2: 181782.484375
        max: 18776.953125
        mean: 3320.57983398
        median: 3552.97851563
        min: 150.732421875
        var: 745512.625
    spectral_skewness:
        dmean: 0.186553254724
        dmean2: 0.320938766003
        dvar: 0.0406899601221
        dvar2: 0.121655255556
        max: 5.45232057571
        mean: 1.22972261906
        median: 1.16986238956
        min: 0.0498415417969
        var: 0.175656780601
    spectral_spread:
        dmean: 271852.1875
        dmean2: 422346.25
        dvar: 177494474752
        dvar2: 253974183936
        max: 39816664
        mean: 3592807
        median: 3618550.5
        min: 1158710.5
        var: 855977754624
    spectral_strongpeak:
        dmean: 0.663452148438
        dmean2: 1.14247715473
        dvar: 0.953530848026
        dvar2: 2.41278219223
        max: 10.4128322601
        mean: 1.00372743607
        median: 0.265322595835
        min: 4.66008920341e-009
        var: 2.21073770523
    zerocrossingrate:
        dmean: 0.00627089897171
        dmean2: 0.00823320541531
        dvar: 4.63289725303e-005
        dvar2: 6.2744540628e-005
        max: 0.49658203125
        mean: 0.104138679802
        median: 0.1103515625
        min: 0.01171875
        var: 0.000691519526299
    barkbands:
        dmean: [5.43294845556e-007, 0.000101171179267, 0.000136692266096, 0.000155309768161, 0.000405652303016, 0.000123851641547, 0.000101372024801, 4.0273545892e-005, 7.98605760792e-005, 6.16041725152e-005, 3.1160958315e-005, 7.1827089414e-005, 5.33972706762e-005, 7.57803718443e-005, 7.86880482337e-005, 0.000142752338434, 0.000245016679401, 0.000236262625549, 0.000310988951242, 0.000212972023292, 9.35285133892e-005, 1.63106033142e-005, 3.20290587297e-006, 9.83189465842e-007, 3.07946834255e-007, 9.39214395146e-009, 2.46827225325e-010]
        dmean2: [8.99439385194e-007, 0.000162942917086, 0.000220057947445, 0.000250814860919, 0.00072767958045, 0.000204282667255, 0.0001695137762, 6.84135447955e-005, 0.000130164800794, 9.98026589514e-005, 4.991465903e-005, 0.000114864124043, 8.64221001393e-005, 0.000125870661577, 0.000130100452225, 0.000235248124227, 0.000401274533942, 0.000400772609282, 0.000525885727257, 0.000368221459212, 0.000164847195265, 2.74023641396e-005, 5.2831078392e-006, 1.55729094331e-006, 4.71836187899e-007, 1.46744243423e-008, 4.40680797409e-010]
        dvar: [1.04497747261e-012, 2.78336589332e-008, 5.55546506575e-008, 4.15319405533e-008, 1.29104068947e-006, 2.97074809197e-008, 3.24828519638e-008, 4.78555328698e-009, 1.27306307718e-008, 8.91548168624e-009, 3.78733844286e-009, 2.02416288175e-008, 1.40819409467e-008, 2.53660008553e-008, 2.80947549669e-008, 7.19631145785e-008, 1.90412862366e-007, 9.13515307843e-008, 1.64658857216e-007, 9.85895027839e-008, 2.75899196822e-008, 9.80373671133e-010, 4.38963067284e-011, 3.67619042846e-012, 3.43754538723e-013, 5.15244530222e-016, 1.2131822482e-019]
        dvar2: [2.66200516491e-012, 6.77738754007e-008, 1.23500839777e-007, 1.03946980801e-007, 3.64139100384e-006, 7.80713094173e-008, 8.60766178334e-008, 1.3142280153e-008, 3.23071454034e-008, 2.16047659762e-008, 9.06068731155e-009, 4.99153642863e-008, 3.5780448826e-008, 6.62840307086e-008, 7.01440683315e-008, 1.82626592959e-007, 4.49054084584e-007, 2.47166269673e-007, 4.44013096512e-007, 2.73540678108e-007, 7.74592976427e-008, 2.56835930301e-009, 1.07514858128e-010, 7.84424695338e-012, 7.20907871159e-013, 1.12808779652e-015, 3.49498879e-019]
        max: [1.38326113301e-005, 0.00151142338291, 0.00606736866757, 0.00492692505941, 0.0116573423147, 0.00248028105125, 0.0073218299076, 0.00113588653039, 0.00220115482807, 0.00209329649806, 0.00266984384507, 0.00327944220044, 0.00244417390786, 0.00341215520166, 0.00559934554622, 0.00675765331835, 0.0139861991629, 0.00571294687688, 0.00744321849197, 0.0052595580928, 0.00280082947575, 0.000683832564391, 0.000198060559342, 8.05473318906e-005, 2.1581117835e-005, 7.63175307839e-007, 8.61889937198e-009]
        mean: [6.3235017933e-007, 0.000139701704029, 0.000269094540272, 0.000301488500554, 0.000433806126239, 0.000226168733207, 0.000167904538102, 6.06867470196e-005, 0.000149641171447, 0.00010917889449, 5.61513625144e-005, 0.000137049602927, 9.44629064179e-005, 0.000127292427351, 0.000137876937515, 0.000268339295872, 0.000494850683026, 0.000506097858306, 0.000789957586676, 0.000459488888737, 0.000173678359715, 3.25630207954e-005, 6.76101080899e-006, 2.79484970633e-006, 8.40093321131e-007, 2.34059367443e-008, 3.11769776662e-010]
        median: [2.69733817504e-007, 7.23166813259e-005, 0.000163209042512, 0.000201244198252, 0.000178798858542, 0.000143860190292, 9.28769077291e-005, 3.51380076609e-005, 9.76455703494e-005, 6.22473162366e-005, 3.11012008751e-005, 5.88745388086e-005, 4.77044959553e-005, 5.62839122722e-005, 7.54460925236e-005, 0.000164577038959, 0.000331876013661, 0.000407654268201, 0.000641723861918, 0.000371059490135, 0.000130284359329, 1.99878268177e-005, 4.05814353144e-006, 1.86451188711e-006, 5.03497858517e-007, 9.43614608673e-009, 1.43576942002e-010]
        min: [9.56939948422e-024, 4.46486310895e-023, 2.12789928038e-023, 4.9624298674e-023, 6.60615472315e-023, 7.53725103611e-023, 4.92195562316e-023, 3.62117921072e-023, 3.97324688608e-023, 1.37708305403e-022, 6.44552812781e-023, 2.403602538e-023, 1.24731341563e-022, 5.8961881126e-023, 2.13129769316e-022, 1.03317516654e-022, 2.45120817948e-022, 4.06543594826e-022, 3.16264510053e-022, 4.46303067973e-022, 5.17338667202e-022, 6.31924336135e-022, 5.61398353672e-022, 8.11824507332e-022, 1.05022968297e-021, 1.48022829608e-021, 2.49211484571e-021]
        var: [1.14599042061e-012, 3.72435557949e-008, 1.82654119385e-007, 1.19994183478e-007, 8.57792258557e-007, 6.02346474921e-008, 5.80118033611e-008, 6.2518288324e-009, 2.95567375019e-008, 1.96071390235e-008, 8.2047941774e-009, 5.77730574491e-008, 2.99369702361e-008, 5.0974104937e-008, 5.43467670866e-008, 1.5971274081e-007, 4.4561468826e-007, 1.8959423187e-007, 4.84312352e-007, 1.73444419715e-007, 3.12534247371e-008, 1.62615843013e-009, 9.97539828518e-011, 1.41146434818e-011, 1.45722485728e-012, 1.68000334764e-015, 2.05901100143e-019]
    frequency_bands:
        dmean: [5.43294845556e-007, 0.000101171179267, 0.000136692266096, 0.000155309768161, 0.000405652303016, 0.000123851641547, 0.000101372024801, 4.0273545892e-005, 7.98605760792e-005, 6.16041725152e-005, 3.1160958315e-005, 7.1827089414e-005, 5.33972706762e-005, 7.57803718443e-005, 7.86880482337e-005, 0.000142752338434, 0.000245016679401, 0.000236262625549, 0.000310988951242, 0.000212972023292, 9.35285133892e-005, 1.63106033142e-005, 3.20290587297e-006, 9.83189465842e-007, 3.07946834255e-007, 9.39214395146e-009, 2.46827225325e-010, 5.96703797484e-011]
        dmean2: [8.99439385194e-007, 0.000162942917086, 0.000220057947445, 0.000250814860919, 0.00072767958045, 0.000204282667255, 0.0001695137762, 6.84135447955e-005, 0.000130164800794, 9.98026589514e-005, 4.991465903e-005, 0.000114864124043, 8.64221001393e-005, 0.000125870661577, 0.000130100452225, 0.000235248124227, 0.000401274533942, 0.000400772609282, 0.000525885727257, 0.000368221459212, 0.000164847195265, 2.74023641396e-005, 5.2831078392e-006, 1.55729094331e-006, 4.71836187899e-007, 1.46744243423e-008, 4.40680797409e-010, 1.10568110223e-010]
        dvar: [1.04497747261e-012, 2.78336589332e-008, 5.55546506575e-008, 4.15319405533e-008, 1.29104068947e-006, 2.97074809197e-008, 3.24828519638e-008, 4.78555328698e-009, 1.27306307718e-008, 8.91548168624e-009, 3.78733844286e-009, 2.02416288175e-008, 1.40819409467e-008, 2.53660008553e-008, 2.80947549669e-008, 7.19631145785e-008, 1.90412862366e-007, 9.13515307843e-008, 1.64658857216e-007, 9.85895027839e-008, 2.75899196822e-008, 9.80373671133e-010, 4.38963067284e-011, 3.67619042846e-012, 3.43754538723e-013, 5.15244530222e-016, 1.2131822482e-019, 7.0684796697e-021]
        dvar2: [2.66200516491e-012, 6.77738754007e-008, 1.23500839777e-007, 1.03946980801e-007, 3.64139100384e-006, 7.80713094173e-008, 8.60766178334e-008, 1.3142280153e-008, 3.23071454034e-008, 2.16047659762e-008, 9.06068731155e-009, 4.99153642863e-008, 3.5780448826e-008, 6.62840307086e-008, 7.01440683315e-008, 1.82626592959e-007, 4.49054084584e-007, 2.47166269673e-007, 4.44013096512e-007, 2.73540678108e-007, 7.74592976427e-008, 2.56835930301e-009, 1.07514858128e-010, 7.84424695338e-012, 7.20907871159e-013, 1.12808779652e-015, 3.49498879e-019, 2.24078946635e-020]
        max: [1.38326113301e-005, 0.00151142338291, 0.00606736866757, 0.00492692505941, 0.0116573423147, 0.00248028105125, 0.0073218299076, 0.00113588653039, 0.00220115482807, 0.00209329649806, 0.00266984384507, 0.00327944220044, 0.00244417390786, 0.00341215520166, 0.00559934554622, 0.00675765331835, 0.0139861991629, 0.00571294687688, 0.00744321849197, 0.0052595580928, 0.00280082947575, 0.000683832564391, 0.000198060559342, 8.05473318906e-005, 2.1581117835e-005, 7.63175307839e-007, 8.61889937198e-009, 1.28584143333e-009]
        mean: [6.3235017933e-007, 0.000139701704029, 0.000269094540272, 0.000301488500554, 0.000433806126239, 0.000226168733207, 0.000167904538102, 6.06867470196e-005, 0.000149641171447, 0.00010917889449, 5.61513625144e-005, 0.000137049602927, 9.44629064179e-005, 0.000127292427351, 0.000137876937515, 0.000268339295872, 0.000494850683026, 0.000506097858306, 0.000789957586676, 0.000459488888737, 0.000173678359715, 3.25630207954e-005, 6.76101080899e-006, 2.79484970633e-006, 8.40093321131e-007, 2.34059367443e-008, 3.11769776662e-010, 4.58086311939e-011]
        median: [2.69733817504e-007, 7.23166813259e-005, 0.000163209042512, 0.000201244198252, 0.000178798858542, 0.000143860190292, 9.28769077291e-005, 3.51380076609e-005, 9.76455703494e-005, 6.22473162366e-005, 3.11012008751e-005, 5.88745388086e-005, 4.77044959553e-005, 5.62839122722e-005, 7.54460925236e-005, 0.000164577038959, 0.000331876013661, 0.000407654268201, 0.000641723861918, 0.000371059490135, 0.000130284359329, 1.99878268177e-005, 4.05814353144e-006, 1.86451188711e-006, 5.03497858517e-007, 9.43614608673e-009, 1.43576942002e-010, 1.72297020401e-011]
        min: [9.56939948422e-024, 4.46486310895e-023, 2.12789928038e-023, 4.9624298674e-023, 6.60615472315e-023, 7.53725103611e-023, 4.92195562316e-023, 3.62117921072e-023, 3.97324688608e-023, 1.37708305403e-022, 6.44552812781e-023, 2.403602538e-023, 1.24731341563e-022, 5.8961881126e-023, 2.13129769316e-022, 1.03317516654e-022, 2.45120817948e-022, 4.06543594826e-022, 3.16264510053e-022, 4.46303067973e-022, 5.17338667202e-022, 6.31924336135e-022, 5.61398353672e-022, 8.11824507332e-022, 1.05022968297e-021, 1.48022829608e-021, 2.49211484571e-021, 7.77410532384e-022]
        var: [1.14599042061e-012, 3.72435557949e-008, 1.82654119385e-007, 1.19994183478e-007, 8.57792258557e-007, 6.02346474921e-008, 5.80118033611e-008, 6.2518288324e-009, 2.95567375019e-008, 1.96071390235e-008, 8.2047941774e-009, 5.77730574491e-008, 2.99369702361e-008, 5.0974104937e-008, 5.43467670866e-008, 1.5971274081e-007, 4.4561468826e-007, 1.8959423187e-007, 4.84312352e-007, 1.73444419715e-007, 3.12534247371e-008, 1.62615843013e-009, 9.97539828518e-011, 1.41146434818e-011, 1.45722485728e-012, 1.68000334764e-015, 2.05901100143e-019, 5.61911827653e-021]
    mfcc:
        mean: [-708.836853027, 106.439956665, -59.3573226929, 64.3571166992, -7.62317848206, -8.55537128448, 2.74327921867, -2.22058129311, -2.75413441658, -3.79066061974, -6.3200712204, -2.21578288078, -6.13211631775]
        cov: [[5845.11328125, -186.212158203, -700.219970703, 575.365966797, -344.857452393, 303.592376709, 173.323135376, 43.8255157471, -22.4934749603, 196.67427063, 105.841819763, 23.8486709595, -60.1126556396], [-186.212158203, 925.962463379, -40.756061554, 175.254272461, 71.2950057983, -65.7582626343, 120.527732849, -38.4914588928, 34.9866752625, -20.861700058, 16.2323093414, 53.3440818787, 38.8642959595], [-700.219970703, -40.756061554, 516.519775391, -76.2539749146, 28.9392185211, 46.2664337158, -14.1049757004, -9.78995132446, -20.5818386078, 10.6423511505, 25.411491394, 2.51095438004, 1.55213701725], [575.365966797, 175.254272461, -76.2539749146, 232.9793396, 1.26841914654, 32.7586364746, 49.4769058228, 5.82841062546, 27.7213897705, 22.4466362, 20.2765827179, 17.2903270721, 11.3233985901], [-344.857452393, 71.2950057983, 28.9392185211, 1.26841914654, 129.736572266, -0.0832756236196, 18.2419586182, 10.1103801727, 23.2569122314, -2.23083877563, -4.32084465027, 14.3770017624, 16.9616603851], [303.592376709, -65.7582626343, 46.2664337158, 32.7586364746, -0.0832756236196, 115.067985535, 49.6614990234, 15.8830728531, -6.85089302063, 33.0477752686, 29.9987030029, 8.58199977875, 1.53300893307], [173.323135376, 120.527732849, -14.1049757004, 49.4769058228, 18.2419586182, 49.6614990234, 139.686813354, 42.6027755737, 11.4788780212, 25.1391811371, 28.0400123596, 36.0337562561, 18.757856369], [43.8255157471, -38.4914588928, -9.78995132446, 5.82841062546, 10.1103801727, 15.8830728531, 42.6027755737, 89.0430374146, 38.3658790588, 20.8309574127, -2.30061674118, 7.83371067047, -2.05613565445], [-22.4934749603, 34.9866752625, -20.5818386078, 27.7213897705, 23.2569122314, -6.85089302063, 11.4788780212, 38.3658790588, 73.0339279175, 26.1975975037, 0.671796143055, 4.5888133049, 2.69386267662], [196.67427063, -20.861700058, 10.6423511505, 22.4466362, -2.23083877563, 33.0477752686, 25.1391811371, 20.8309574127, 26.1975975037, 80.5547561646, 34.7032279968, 10.917547226, -4.10764980316], [105.841819763, 16.2323093414, 25.411491394, 20.2765827179, -4.32084465027, 29.9987030029, 28.0400123596, -2.30061674118, 0.671796143055, 34.7032279968, 62.0562477112, 26.9343223572, 9.2177066803], [23.8486709595, 53.3440818787, 2.51095438004, 17.2903270721, 14.3770017624, 8.58199977875, 36.0337562561, 7.83371067047, 4.5888133049, 10.917547226, 26.9343223572, 60.1368598938, 31.736869812], [-60.1126556396, 38.8642959595, 1.55213701725, 11.3233985901, 16.9616603851, 1.53300893307, 18.757856369, -2.05613565445, 2.69386267662, -4.10764980316, 9.2177066803, 31.736869812, 60.5757522583]]
        icov: [[0.000462764874101, 0.00012942327885, 0.000547336763702, -0.000931123329792, 0.000955710886046, -0.000913954165298, -3.61159763997e-005, 4.44357210654e-005, 0.000436658127001, -0.000696543196682, 0.000270584831014, -0.000369706394849, 0.000390308006899], [0.00012942327885, 0.0020896664355, -0.000142967284773, -0.00161473383196, -0.000352525210474, 0.00204366864637, -0.00270627369173, 0.00227872654796, -0.00102653598879, 0.000529338547494, 1.1272402844e-005, -0.000568943505641, 0.000433518638602], [0.000547336763702, -0.000142967284773, 0.0029676288832, -8.06830794318e-005, 0.000524302129634, -0.00254705967382, 0.000928998982999, -0.000272084813332, 0.00102080532815, -0.000880226900335, -0.000706708524376, -0.00024826315348, 0.000327186018694], [-0.000931123329792, -0.00161473383196, -8.06830794318e-005, 0.00822639744729, -0.00111836520955, -0.00124813930597, 0.000330414361088, 0.000333091942593, -0.00304256286472, 0.00112176453695, -0.000999007024802, 0.000753955158871, -0.0012016055407], [0.000955710886046, -0.000352525210474, 0.000524302129634, -0.00111836520955, 0.0112540870905, -0.00291643012315, -0.000540453707799, 0.000545356015209, -0.00267240800895, -0.000580733234528, 0.00250124884769, -0.00226299767382, -0.000636868877336], [-0.000913954165298, 0.00204366864637, -0.00254705967382, -0.00124813930597, -0.00291643012315, 0.0176942907274, -0.00628130557016, 0.000264932517894, 0.00237795663998, -0.00161528436001, -0.00381859042682, 0.00322370929644, -0.00091986526968], [-3.61159763997e-005, -0.00270627369173, 0.000928998982999, 0.000330414361088, -0.000540453707799, -0.00628130557016, 0.0157873872668, -0.00856477674097, 0.00363518251106, -0.000895637727808, -0.00195864913985, -0.00359000870958, -0.00129771919455], [4.44357210654e-005, 0.00227872654796, -0.000272084813332, 0.000333091942593, 0.000545356015209, 0.000264932517894, -0.00856477674097, 0.0215351767838, -0.0111399944872, -0.000646195374429, 0.00520131317899, -0.00286319013685, 0.00291073927656], [0.000436658127001, -0.00102653598879, 0.00102080532815, -0.00304256286472, -0.00267240800895, 0.00237795663998, 0.00363518251106, -0.0111399944872, 0.0252775028348, -0.00888170208782, 0.00112304929644, 0.00123265502043, -0.00172425608616], [-0.000696543196682, 0.000529338547494, -0.000880226900335, 0.00112176453695, -0.000580733234528, -0.00161528436001, -0.000895637727808, -0.000646195374429, -0.00888170208782, 0.0229092035443, -0.0112450737506, 0.000740186020266, 0.00251272669993], [0.000270584831014, 1.1272402844e-005, -0.000706708524376, -0.000999007024802, 0.00250124884769, -0.00381859042682, -0.00195864913985, 0.00520131317899, 0.00112304929644, -0.0112450737506, 0.0305644124746, -0.0118152871728, 0.00137233256828], [-0.000369706394849, -0.000568943505641, -0.00024826315348, 0.000753955158871, -0.00226299767382, 0.00322370929644, -0.00359000870958, -0.00286319013685, 0.00123265502043, 0.000740186020266, -0.0118152871728, 0.0318463668227, -0.0134615385905], [0.000390308006899, 0.000433518638602, 0.000327186018694, -0.0012016055407, -0.000636868877336, -0.00091986526968, -0.00129771919455, 0.00291073927656, -0.00172425608616, 0.00251272669993, 0.00137233256828, -0.0134615385905, 0.0246269479394]]
    sccoeffs:
        dmean: [0.0542340874672, 0.0468167662621, 0.0373313128948, 0.0293042454869, 0.0207783095539, 0.0173887927085]
        dmean2: [0.0902523696423, 0.0780686587095, 0.0618711300194, 0.04828761518, 0.0340638570487, 0.029398355633]
        dvar: [0.00212743505836, 0.00136903021485, 0.000864246103447, 0.000553795136511, 0.000285761023406, 0.000244131064392]
        dvar2: [0.00580094149336, 0.00382370455191, 0.00235529080965, 0.00147638551425, 0.0007059663767, 0.000678170181345]
        max: [-0.266785562038, -0.459253281355, -0.523685872555, -0.562782287598, -0.58024507761, -0.560500264168]
        mean: [-0.654569149017, -0.760413169861, -0.78339278698, -0.791057884693, -0.785929441452, -0.729420185089]
        median: [-0.660423576832, -0.766090333462, -0.789679229259, -0.797465443611, -0.79027146101, -0.732234835625]
        min: [-0.958702087402, -0.960270524025, -0.970131278038, -0.959664642811, -0.965259611607, -0.958730995655]
        var: [0.00490794377401, 0.00425466708839, 0.00331710604951, 0.0025100891944, 0.00142561644316, 0.00123844353948]
    scvalleys:
        dmean: [0.373936891556, 0.354496836662, 0.280638813972, 0.238601699471, 0.19191634655, 0.188928306103]
        dmean2: [0.622554540634, 0.594642221928, 0.462681502104, 0.392860919237, 0.31598764658, 0.292081564665]
        dvar: [0.109974987805, 0.101302802563, 0.0625358745456, 0.051741309464, 0.0473931655288, 0.0569206401706]
        dvar2: [0.273655891418, 0.245542556047, 0.144015192986, 0.110809497535, 0.100702479482, 0.112649679184]
        max: [-5.13581418991, -4.88773488998, -5.54500770569, -5.49672174454, -5.46839237213, -7.93499326706]
        mean: [-6.86701107025, -6.65934848785, -7.05846071243, -7.08541202545, -6.74690198898, -10.1438684464]
        median: [-6.62619638443, -6.56139802933, -6.93567895889, -6.94381523132, -6.50736188889, -9.71477031708]
        min: [-27.1310691833, -27.4833450317, -27.1377983093, -27.1848545074, -27.2039985657, -27.1973743439]
        var: [1.04408192635, 0.598911166191, 0.614318549633, 0.71327984333, 1.04294538498, 1.90505647659]

rhythm:
    beats_loudness:
        dmean: 0.00195895507932
        dmean2: 0.00362408929504
        dvar: 2.92783511213e-006
        dvar2: 9.29740963329e-006
        max: 0.0132905142382
        mean: 0.00486950110644
        median: 0.00457279058173
        min: 1.53570354655e-007
        var: 5.37463711225e-006
    bpm: 117.902320862
    bpm_confidence: 0
    first_peak_bpm: 117
    first_peak_spread: 0.236598894
    first_peak_weight: 0.641304373741
    onset_rate: 2.57481789589
    second_peak_bpm: 144
    second_peak_spread: 0.363636374474
    second_peak_weight: 0.0543478243053
    beats_loudness_band_ratio:
        dmean: [0.131098732352, 0.110682077706, 0.0481289699674, 0.0385508164763, 0.090398542583, 0.0714013203979]
        dmean2: [0.236963838339, 0.203867346048, 0.0845394134521, 0.0656187832355, 0.151807621121, 0.124748811126]
        dvar: [0.00901179667562, 0.00825264584273, 0.0024604042992, 0.0022408971563, 0.00887863896787, 0.00440335087478]
        dvar2: [0.0261749066412, 0.0248626675457, 0.00700942333788, 0.00613259384409, 0.0253549702466, 0.0129984663799]
        max: [0.825922966003, 0.682015240192, 0.409663945436, 0.518706917763, 0.945619225502, 0.609060704708]
        mean: [0.240728765726, 0.146523937583, 0.084957331419, 0.0696048140526, 0.276253432035, 0.230677545071]
        median: [0.216367185116, 0.113208949566, 0.0696623623371, 0.0538700371981, 0.253764718771, 0.237592846155]
        min: [0.001098192879, 0.00133967306465, 0.00221387878992, 0.00678027095273, 0.00341271446086, 0.00183526764158]
        var: [0.0296650975943, 0.0145972808823, 0.00350340991281, 0.00291779544204, 0.0285295620561, 0.0122591527179]
    beats_position: [0.510838985443, 1.03328800201, 1.55573689938, 2.07818579674, 2.60063481331, 3.12308382988, 3.64553284645, 4.1679816246, 4.69043064117, 5.21287965775, 5.72371864319, 6.23455762863, 6.7570066452, 7.27945566177, 7.80190467834, 8.32435321808, 8.84680271149, 9.36925125122, 9.90331077576, 10.4257593155, 10.9365987778, 11.4474372864, 11.9582767487, 12.4691152573, 12.9799547195, 13.4907932281, 14.0016326904, 14.512471199, 15.0233106613, 15.5341491699, 16.0449886322, 16.5442180634, 17.0550556183, 17.5658950806, 18.0651245117, 18.5643539429, 19.0751914978, 19.574420929, 20.0736503601, 20.5728797913, 21.0837192535, 21.5945568085, 22.1053962708, 22.616235733, 23.1270751953, 23.6379127502, 24.1487522125, 24.6479816437, 25.158821106, 25.6580486298, 26.168888092, 26.6797275543, 27.1905670166, 27.7014045715, 28.2122440338, 28.7230834961, 29.2339229584, 29.7447605133, 30.2555999756, 30.7664394379, 31.2772789001, 31.776506424, 32.2757377625, 32.7865753174, 33.2974128723, 33.7966423035, 34.3074836731, 34.818321228, 35.329158783, 35.8283882141, 36.3392295837, 36.8500671387, 37.3609046936, 37.8717460632, 38.3825836182, 38.8934249878, 39.4042625427, 39.9151000977, 40.4259414673, 40.9367790222, 41.4476165771, 41.9468460083, 42.4460754395, 42.9569168091, 43.467754364, 43.9785919189, 44.4894332886, 44.9886627197, 45.4878921509, 45.9987297058, 46.5095672607, 47.0204086304, 47.5312461853, 48.0420837402, 48.5529251099, 49.0637626648, 49.5746040344, 50.0854415894, 50.5962791443, 51.1071205139, 51.6179580688, 52.1171875, 52.6280250549, 53.1272544861, 53.6380958557, 54.1489334106, 54.6597709656, 55.1706123352, 55.6814498901, 56.1922874451, 56.7031288147, 57.2023582458, 57.7131958008, 58.2124252319, 58.7232627869, 59.2341041565, 59.7449417114, 60.2557830811, 60.766620636, 61.2658500671, 61.7766876221, 62.2759170532, 62.7867546082, 63.2975959778, 63.8084335327, 64.3192749023, 64.8301086426, 65.3409500122, 65.8517913818, 66.3626327515, 66.8734664917, 67.3843078613, 67.8835372925, 68.3827667236, 68.8936004639, 69.4044418335, 69.9152832031, 70.4261245728, 70.936958313, 71.4477996826, 71.9586410522, 72.4694747925, 72.9803161621, 73.4795455933, 73.9903869629, 74.5012207031, 75.0004501343, 75.5112915039, 76.0105209351, 76.5097503662, 77.0205917358, 77.5314254761, 78.0422668457, 78.5531082153, 79.0639419556, 79.5747833252, 80.0856246948, 80.5964584351, 81.1072998047, 81.6065292358, 82.1173706055, 82.6166000366, 83.1274337769, 83.6382751465, 84.1491165161, 84.6599502563, 85.170791626, 85.6816329956, 86.1924667358, 86.7033081055, 87.2141494751, 87.7249908447, 88.2242126465, 88.7234420776, 89.2342834473, 89.7451248169, 90.2559585571, 90.7551879883, 91.2660293579, 91.7768707275, 92.2877044678, 92.7869338989, 93.2977752686, 93.8086166382, 94.3194503784, 94.830291748, 95.3411331177, 95.8519744873, 96.3628082275, 96.8736495972, 97.3844909668, 97.895324707, 98.4061660767, 98.9053955078, 99.404624939, 99.9154663086, 100.426300049, 100.937141418, 101.447982788, 101.958816528, 102.469657898, 102.968887329, 103.46811676, 103.97895813, 104.48979187, 105.00063324, 105.511474609, 106.02230835, 106.533149719, 107.043991089, 107.554824829, 108.065666199, 108.56489563, 109.064125061, 109.574966431, 110.085800171, 110.596641541, 111.10748291, 111.61831665, 112.12915802, 112.63999939, 113.15083313, 113.650062561, 114.149291992, 114.660133362, 115.170974731, 115.681808472, 116.192649841, 116.703491211, 117.214332581, 117.725166321, 118.224395752, 118.723625183, 119.234466553, 119.745300293, 120.256141663, 120.766983032, 121.277824402, 121.788658142, 122.287887573, 122.798728943, 123.297958374, 123.808792114, 124.319633484, 124.830474854, 125.341316223, 125.852149963, 126.362991333, 126.873832703, 127.373062134, 127.872291565, 128.383132935, 128.893966675, 129.404800415, 129.915649414, 130.426483154, 130.937316895, 131.448165894, 131.947387695, 132.446624756, 132.957458496, 133.468292236, 133.967529297, 134.466751099, 134.977600098, 135.488433838, 136.010879517, 136.533325195, 137.044174194, 137.555007935, 138.065841675, 138.576690674, 139.075912476, 139.586761475, 140.085983276, 140.596817017, 141.107666016, 141.618499756, 142.129333496, 142.628570557, 143.127792358, 143.638641357, 144.149475098, 144.660308838, 145.159545898, 145.6587677, 146.169616699, 146.680450439, 147.19128418, 147.702133179, 148.212966919, 148.723800659, 149.234649658, 149.745483398, 150.256317139, 150.755554199, 151.266387939, 151.765625, 152.27645874, 152.78729248, 153.298141479, 153.80897522, 154.31980896, 154.830657959, 155.341491699, 155.852325439, 156.363174438, 156.874008179, 157.373245239, 157.884078979, 158.39491272, 158.89414978, 159.404983521, 159.915817261, 160.42666626, 160.9375, 161.436737061, 161.935958862, 162.446792603, 162.957641602, 163.468475342, 163.979324341, 164.490158081, 165.000991821, 165.51184082, 166.022674561, 166.533508301, 167.032745361, 167.543579102, 168.042816162, 168.553649902, 169.064483643, 169.575332642, 170.086166382, 170.597000122, 171.096237183, 171.607070923, 172.106307983, 172.617141724, 173.127975464, 173.638824463, 174.149658203, 174.660491943, 175.171340942, 175.682174683, 176.193008423, 176.703857422, 177.214691162, 177.725524902, 178.224761963, 178.723983765, 179.234832764, 179.745666504, 180.256500244, 180.767349243, 181.278182983, 181.789016724, 182.299865723, 182.810699463, 183.321533203, 183.832382202, 184.343215942, 184.842453003, 185.353286743, 185.852508545, 186.363357544, 186.874191284, 187.385025024, 187.895874023, 188.406707764, 188.917541504, 189.428390503, 189.927612305, 190.426849365, 190.937683105, 191.448516846, 191.959365845, 192.470199585, 192.981033325, 193.491882324, 194.002716064, 194.501953125, 195.012786865, 195.512008667, 196.022857666, 196.533691406, 197.044525146, 197.555374146, 198.066207886, 198.577041626, 199.087890625, 199.598724365, 200.109558105, 200.620407104, 201.131240845, 201.630477905, 202.129699707, 202.640533447, 203.151382446, 203.662216187, 204.173049927, 204.683898926, 205.194732666, 205.705581665, 206.204803467, 206.704025269, 207.214874268, 207.725708008, 208.236557007, 208.747390747, 209.246612549, 209.745849609, 210.25668335, 210.76751709, 211.278366089, 211.789199829, 212.300048828, 212.810882568, 213.321716309, 213.832565308, 214.343399048, 214.854232788, 215.365081787, 215.864303589, 216.375137329, 216.87437439, 217.38520813, 217.88444519, 218.383666992, 218.894515991, 219.405349731, 219.916183472, 220.427032471, 220.937866211, 221.448699951, 221.95954895, 222.47038269, 222.969604492, 223.480453491, 223.991287231, 224.502120972, 225.001358032, 225.512191772, 226.023040771, 226.533874512, 227.044708252, 227.543945313, 228.043167114, 228.554016113, 229.064849854, 229.575683594, 230.086532593, 230.597366333, 231.108200073, 231.619049072, 232.118270874, 232.617507935, 233.139953613, 233.662399292, 234.173233032, 234.672470093, 235.171691895, 235.682540894, 236.193374634, 236.704208374, 237.215057373, 237.725891113, 238.236724854, 238.747573853, 239.246795654, 239.746032715, 240.256866455, 240.767700195, 241.278549194, 241.789382935, 242.300216675, 242.811065674, 243.321899414, 243.832733154, 244.343582153, 244.854415894, 245.353652954, 245.852874756, 246.363708496, 246.874557495, 247.385391235, 247.896224976, 248.407073975, 248.917907715, 249.417144775, 249.916366577, 250.427200317, 250.938049316, 251.448883057, 251.959716797, 252.470565796, 252.981399536, 253.492233276, 254.003082275, 254.513916016, 255.024749756, 255.535598755, 256.046447754, 256.557281494, 257.056488037, 257.555725098, 258.066558838, 258.577423096, 259.076629639, 259.575866699, 260.086700439, 260.59753418, 261.108398438, 261.619232178, 262.130065918, 262.640899658, 263.151733398, 263.662567139, 264.173431396, 264.672637939, 265.183502197, 265.68270874, 266.19354248, 266.704406738, 267.215240479, 267.726074219, 268.236907959, 268.747741699, 269.258575439, 269.769439697, 270.280273438, 270.791107178, 271.301940918, 271.801177979, 272.300415039, 272.811248779, 273.32208252, 273.83291626, 274.34375, 274.85458374, 275.365447998, 275.876281738, 276.387115479, 276.770233154, 277.164978027, 277.548126221, 277.931243896, 278.314361572, 278.709106445, 279.103851318, 279.486968994, 279.870117188, 280.264862061, 280.659576416, 281.089141846, 281.518737793, 281.948303223, 282.377868652, 282.807434082, 283.236999512, 283.666564941, 284.107757568, 284.548919678, 284.990112305, 285.431274414, 285.872467041, 286.302032471, 286.743225098, 287.16116333, 287.57913208, 287.99710083, 288.415039063, 288.833007813, 289.250976563, 289.668914795, 290.086883545, 290.504852295, 290.922821045, 291.340759277, 291.758728027, 292.176696777, 292.59463501, 293.01260376, 293.43057251, 293.848510742, 294.266479492, 294.684448242, 295.102386475, 295.520355225, 295.938323975, 296.356262207, 296.774230957, 297.192199707, 297.610168457, 298.028106689, 298.446075439, 298.864044189, 299.281982422, 299.711547852, 300.187561035, 300.663574219, 301.139587402, 301.603973389, 302.068389893, 302.532775879, 302.985565186, 303.438354492, 303.891143799, 304.343933105, 304.796722412, 305.249511719, 305.702301025, 306.155090332, 306.607879639, 307.060668945, 307.513458252, 307.861755371, 308.21005249, 308.558349609, 308.906646729, 309.254974365, 309.591644287, 309.939941406, 310.288238525, 310.694610596, 311.100952148, 311.507293701, 311.913635254, 312.331604004, 312.749572754, 313.167510986, 313.562255859, 313.957000732, 314.340118408, 314.734863281, 315.164428711, 315.593994141, 316.023590088, 316.44152832, 316.85949707, 317.2890625, 317.71862793, 318.148193359, 318.577758789, 319.018951416]
