
metadata:
    version:
        essentia: "2.1-beta2"
    audio_properties:
        analysis_sample_rate: 44100
        bitrate: 320
        channels: 2
        equal_loudness: 1
        length: 236.930618286
        replay_gain: -12.5700244904
        downmix: "mix"
    tags:
        album: "La Gárgola"
        artist: "Chevelle"
        comment: "For Quality Need's Visit : http://www.bubaneemusic2.com"
        date: "2014"
        genre: "Alternative"
        title: "Under the Knife"
        tracknumber: "9/10"

configuration:
    average_loudness:
        compute: 1
        frameSize: 88200
        hopSize: 44100
        silentFrames: "noise"
        windowType: "hann"
    general:
        analysisSampleRate: 44100
        endTime: 2000
        equalLoudness: 1
        nequalLoudness: 0
        shortSound: 0
        startTime: 0
    lowlevel:
        compute: 1
        frameSize: 2048
        hopSize: 1024
        zeroPadding: 0
        silentFrames: "noise"
        windowType: "blackmanharris62"
        mfccStats: ["mean", "cov", "icov"]
        stats: ["mean", "var", "median", "min", "max", "dmean", "dmean2", "dvar", "dvar2"]
    panning:
        compute: 0
        frameSize: 8192
        hopSize: 2048
        zeroPadding: 8192
        silentFrames: "noise"
        windowType: "hann"
        stats: ["copy"]
    rhythm:
        compute: 1
        maxTempo: 208
        minTempo: 40
        method: "degara"
        stats: ["mean", "var", "median", "min", "max", "dmean", "dmean2", "dvar", "dvar2"]
    segmentation:
        compute: 0
        cpw: 5
        inc1: 300
        inc2: 50
        minimumSegmentsLength: 10
        size1: 1000
        size2: 600
    sfx:
        compute: 1
        stats: ["mean", "var", "median", "min", "max", "dmean", "dmean2", "dvar", "dvar2"]
    svm:
        compute: 0
    tonal:
        compute: 1
        frameSize: 4096
        hopSize: 2048
        zeroPadding: 0
        silentFrames: "noise"
        windowType: "blackmanharris62"
        stats: ["mean", "var", "median", "min", "max", "dmean", "dmean2", "dvar", "dvar2"]

lowlevel:
    average_loudness: 0.861496329308
    barkbands_kurtosis:
        dmean: 0.849688887596
        dmean2: 1.4072637558
        dvar: 1.6272881031
        dvar2: 3.93546628952
        max: 39.859790802
        mean: 0.0932514294982
        median: -0.85299628973
        min: -1.89903748035
        var: 8.12694263458
    barkbands_skewness:
        dmean: 0.359911739826
        dmean2: 0.591208457947
        dvar: 0.126093074679
        dvar2: 0.333048552275
        max: 5.36264419556
        mean: -0.204850658774
        median: -0.509356677532
        min: -3.4314186573
        var: 1.24676895142
    barkbands_spread:
        dmean: 5.18613576889
        dmean2: 8.4675283432
        dvar: 28.2420158386
        dvar2: 76.6468582153
        max: 73.4429092407
        mean: 33.9260368347
        median: 35.343132019
        min: 2.43993401527
        var: 131.29649353
    dissonance:
        dmean: 0.00928847491741
        dmean2: 0.0159260258079
        dvar: 9.17672514333e-005
        dvar2: 0.000263130146777
        max: 0.500000119209
        mean: 0.482044875622
        median: 0.486473292112
        min: 0.380832374096
        var: 0.000232553808019
    hfc:
        dmean: 2.97618150711
        dmean2: 4.95285415649
        dvar: 23.4985847473
        dvar2: 62.8777809143
        max: 80.6337585449
        mean: 9.77232837677
        median: 9.15889453888
        min: 1.12532654852e-016
        var: 59.0456008911
    pitch:
        dmean: 691.296142578
        dmean2: 1314.26782227
        dvar: 1322828.25
        dvar2: 3412357
        max: 4643.29150391
        mean: 1894.12988281
        median: 1656.63110352
        min: 50.1728820801
        var: 2531329.25
    pitch_instantaneous_confidence:
        dmean: 0.0807627588511
        dmean2: 0.134589463472
        dvar: 0.00441157305613
        dvar2: 0.0115353129804
        max: 0.86151611805
        mean: 0.368878275156
        median: 0.353890061378
        min: 0.123818159103
        var: 0.0123817306012
    pitch_salience:
        dmean: 0.0517543256283
        dmean2: 0.088263258338
        dvar: 0.00216662045568
        dvar2: 0.00648546637967
        max: 0.87832659483
        mean: 0.664804041386
        median: 0.685651063919
        min: 0.227065965533
        var: 0.0079035423696
    silence_rate_20dB:
        dmean: 0
        dmean2: 0
        dvar: 0
        dvar2: 0
        max: 1
        mean: 1
        median: 1
        min: 1
        var: 0
    silence_rate_30dB:
        dmean: 0
        dmean2: 0
        dvar: 0
        dvar2: 0
        max: 1
        mean: 1
        median: 1
        min: 1
        var: 0
    silence_rate_60dB:
        dmean: 0.0393963158131
        dmean2: 0.0788003504276
        dvar: 0.0378477983177
        dvar2: 0.0896533280611
        max: 1
        mean: 0.287604123354
        median: 0
        min: 0
        var: 0.204894483089
    spectral_centroid:
        dmean: 224.903198242
        dmean2: 374.43737793
        dvar: 68025.015625
        dvar2: 172721.15625
        max: 11366.3642578
        mean: 1832.77624512
        median: 2019.07873535
        min: 139.367095947
        var: 506750.15625
    spectral_complexity:
        dmean: 3.93492746353
        dmean2: 6.39517784119
        dvar: 18.8914985657
        dvar2: 46.505607605
        max: 54
        mean: 18.6246929169
        median: 20
        min: 0
        var: 122.231971741
    spectral_crest:
        dmean: 1.69076001644
        dmean2: 2.88108992577
        dvar: 2.48134708405
        dvar2: 7.00175094604
        max: 21.0444278717
        mean: 6.42570447922
        median: 5.81546592712
        min: 2.53475213051
        var: 5.7175412178
    spectral_decrease:
        dmean: 2.44444881004e-010
        dmean2: 4.03539146543e-010
        dvar: 1.30140131903e-019
        dvar2: 3.36085524982e-019
        max: -4.16425264706e-029
        mean: -9.97679161507e-010
        median: -9.56487555825e-010
        min: -4.58080862131e-009
        var: 3.85795460882e-019
    spectral_energy:
        dmean: 0.00116850435734
        dmean2: 0.00193436222617
        dvar: 3.02307535094e-006
        dvar2: 7.82385268394e-006
        max: 0.0235366933048
        mean: 0.00465183192864
        median: 0.00446590036154
        min: 1.03642095682e-020
        var: 8.95481844054e-006
    spectral_energyband_high:
        dmean: 0.000207895907806
        dmean2: 0.00035928748548
        dvar: 1.5355513483e-007
        dvar2: 4.27409702297e-007
        max: 0.00873547140509
        mean: 0.000444541044999
        median: 0.000363995088264
        min: 7.28815266789e-021
        var: 2.1744065748e-007
    spectral_energyband_low:
        dmean: 0.000195242115296
        dmean2: 0.000322583102388
        dvar: 6.34456398529e-008
        dvar2: 1.75410434622e-007
        max: 0.00402346253395
        mean: 0.000576966674998
        median: 0.000536795181688
        min: 4.25128816965e-023
        var: 1.54343595682e-007
    spectral_energyband_middle_high:
        dmean: 0.000796898559202
        dmean2: 0.00130040745717
        dvar: 1.38148288897e-006
        dvar2: 3.47506465914e-006
        max: 0.0181680936366
        mean: 0.00277935760096
        median: 0.00252417474985
        min: 1.56479580071e-021
        var: 4.92458548251e-006
    spectral_energyband_middle_low:
        dmean: 0.000424683268648
        dmean2: 0.000711875210982
        dvar: 8.15501607576e-007
        dvar2: 2.21348705054e-006
        max: 0.0111354095861
        mean: 0.000986856292002
        median: 0.000757040688768
        min: 4.39184841548e-022
        var: 9.52585764935e-007
    spectral_flatness_db:
        dmean: 0.0120850671083
        dmean2: 0.0196425672621
        dvar: 0.000114846116048
        dvar2: 0.000291606091196
        max: 0.340664774179
        mean: 0.150509640574
        median: 0.138009950519
        min: 0.0688256770372
        var: 0.00170778913889
    spectral_flux:
        dmean: 0.00665185926482
        dmean2: 0.0104197692126
        dvar: 7.22427867004e-005
        dvar2: 0.000138571631396
        max: 0.119426377118
        mean: 0.0392393507063
        median: 0.0393928736448
        min: 1.01804759067e-010
        var: 0.000359090190614
    spectral_kurtosis:
        dmean: 1.51537668705
        dmean2: 2.65848755836
        dvar: 4.87442493439
        dvar2: 15.625500679
        max: 51.3347396851
        mean: 4.83040761948
        median: 3.38074493408
        min: -1.17543673515
        var: 19.6698417664
    spectral_rms:
        dmean: 0.000241720757913
        dmean2: 0.000396036281018
        dvar: 9.25181709022e-008
        dvar2: 2.36252617469e-007
        max: 0.00479193357751
        mean: 0.00199447246268
        median: 0.00208733696491
        min: 3.17984657702e-012
        var: 5.60466276056e-007
    spectral_rolloff:
        dmean: 240.489685059
        dmean2: 406.548583984
        dvar: 108714.6875
        dvar2: 246109.890625
        max: 18733.8867188
        mean: 3199.52807617
        median: 3552.97851563
        min: 129.19921875
        var: 1221027.5
    spectral_skewness:
        dmean: 0.183993414044
        dmean2: 0.317816048861
        dvar: 0.0398162342608
        dvar2: 0.120000429451
        max: 5.60481834412
        mean: 1.34405875206
        median: 1.21557807922
        min: -0.0158264990896
        var: 0.329116165638
    spectral_spread:
        dmean: 324766.34375
        dmean2: 490167.21875
        dvar: 301365231616
        dvar2: 462043709440
        max: 38810184
        mean: 3836092.5
        median: 3735482
        min: 1545774.125
        var: 1.45949550182e+012
    spectral_strongpeak:
        dmean: 0.495125561953
        dmean2: 0.875551879406
        dvar: 0.634421467781
        dvar2: 1.67909181118
        max: 8.40156173706
        mean: 0.581063568592
        median: 0.127037644386
        min: 0
        var: 0.843290269375
    zerocrossingrate:
        dmean: 0.00623013172299
        dmean2: 0.00805719103664
        dvar: 5.19778332091e-005
        dvar2: 6.8034081778e-005
        max: 0.501953125
        mean: 0.100325405598
        median: 0.10986328125
        min: 0.00634765625
        var: 0.00108285259921
    barkbands:
        dmean: [4.74198941447e-007, 0.000107873260276, 0.000122010307678, 8.8048465841e-005, 0.000229282974033, 0.000105347542558, 5.7281642512e-005, 6.51826776448e-005, 7.96403546701e-005, 6.09225353401e-005, 4.56725792901e-005, 5.85131056141e-005, 6.69486471452e-005, 7.25211793906e-005, 8.35558894323e-005, 0.000126908009406, 0.000192854175111, 0.000255433580605, 0.000309320195811, 0.000242199326749, 9.3538335932e-005, 2.36609721469e-005, 5.38928816241e-006, 2.26165366257e-006, 8.84415442215e-007, 2.37707045159e-008, 2.52587561977e-010]
        dmean2: [7.71831196289e-007, 0.000179191338248, 0.000199806920136, 0.00014683707559, 0.000397612922825, 0.000172067098902, 9.47061780607e-005, 0.000107716958155, 0.000130895597977, 9.92644418147e-005, 7.50598555896e-005, 9.18939404073e-005, 0.000107387568278, 0.000118432726595, 0.000135205948027, 0.000208642188227, 0.000314624630846, 0.000428523781011, 0.000525264360476, 0.000423763180152, 0.000161552103236, 3.92658621422e-005, 8.48532454256e-006, 3.38945255862e-006, 1.29734110033e-006, 3.61265826143e-008, 4.38200975506e-010]
        dvar: [8.8881235271e-013, 2.36376944684e-008, 2.94239033138e-008, 1.67241562821e-008, 4.81031520394e-007, 5.72609835103e-008, 1.90863040928e-008, 1.97390832568e-008, 1.89911890658e-008, 1.51887480371e-008, 8.12848632847e-009, 2.16464819403e-008, 2.29119940798e-008, 2.28360281795e-008, 2.07105035344e-008, 4.90850702306e-008, 1.13997970175e-007, 2.26918103863e-007, 1.97732020979e-007, 2.01852159876e-007, 2.98080813366e-008, 1.9743524593e-009, 1.91650889603e-010, 3.45296707893e-011, 7.04845253344e-012, 4.89657930698e-015, 1.7474858647e-019]
        dvar2: [2.18371024388e-012, 6.45655831022e-008, 8.23430781338e-008, 4.59106459516e-008, 1.33344303777e-006, 1.35285944225e-007, 4.66335592364e-008, 5.01004180364e-008, 5.03975527977e-008, 3.73270268028e-008, 2.11253095017e-008, 4.91584479789e-008, 5.57048629446e-008, 5.93896487544e-008, 5.14306570665e-008, 1.17887715589e-007, 2.71659814643e-007, 5.83946871302e-007, 5.19350464856e-007, 5.69028088648e-007, 8.14731251353e-008, 4.58443061291e-009, 4.29466739948e-010, 6.97543064976e-011, 1.364861002e-011, 1.12593209766e-014, 4.70855658192e-019]
        max: [9.19584635994e-006, 0.00166959315538, 0.00280564511195, 0.00297399819829, 0.00903917383403, 0.00463529722765, 0.00447411555797, 0.00309907598421, 0.00274643162265, 0.00398937100545, 0.00175263965502, 0.00328981131315, 0.00324804638512, 0.00300525873899, 0.00341919041239, 0.00715437904, 0.0078825475648, 0.0108350049704, 0.00920200999826, 0.00656978553161, 0.00337182357907, 0.00195295258891, 0.000584621040616, 0.000171486375621, 8.08382465038e-005, 2.12718555304e-006, 8.83894202275e-009]
        mean: [7.25849986338e-007, 0.000215519743506, 0.000264737405814, 0.000150227031554, 0.000289060146315, 0.000163601667737, 9.21442042454e-005, 0.000101738020021, 0.000140982272569, 0.000104909224319, 7.60265029385e-005, 9.91540000541e-005, 0.000115533097414, 0.000125189457322, 0.000158143913723, 0.000257612584392, 0.000400188524509, 0.000476449902635, 0.000722963653971, 0.000449431623565, 0.000179009497515, 4.96163884236e-005, 1.15632919915e-005, 5.31849764229e-006, 1.95089228328e-006, 4.44547794132e-008, 3.24529264573e-010]
        median: [1.92117227016e-007, 0.000189375394257, 0.000215346881305, 0.000102424841316, 0.000131807857542, 7.81117560109e-005, 5.24020397279e-005, 4.99778470839e-005, 8.94040422281e-005, 6.05777495366e-005, 3.9703794755e-005, 3.88031221519e-005, 5.21502624906e-005, 5.58182582608e-005, 0.000100360688521, 0.000184792341315, 0.000289494433673, 0.000328663911205, 0.000652748334687, 0.00035889094579, 0.000138695118949, 3.18776110362e-005, 5.7880811255e-006, 2.57017495642e-006, 7.4066565503e-007, 1.09697042561e-008, 1.38636990776e-010]
        min: [5.61211582965e-024, 1.12905732837e-023, 1.05544808621e-023, 2.3995389577e-023, 7.22269622114e-023, 6.54312978553e-023, 7.05234013094e-023, 1.19579663334e-022, 8.19656331021e-023, 1.98278847464e-023, 1.43957055649e-022, 8.38747522234e-023, 9.80340797201e-023, 9.12837653997e-023, 1.94983305302e-022, 1.1516499576e-022, 1.89630259282e-022, 2.6704850054e-022, 2.51858018245e-022, 2.85000904772e-022, 3.07628262811e-022, 5.93407577659e-022, 6.04661909095e-022, 8.25402507451e-022, 1.26709509364e-021, 1.54935725005e-021, 2.0977031743e-021]
        var: [1.72778837678e-012, 3.28253406678e-008, 5.50957111045e-008, 2.90232868849e-008, 3.97833304078e-007, 9.29622814283e-008, 2.49238762962e-008, 3.25766080778e-008, 3.43816246584e-008, 3.10454808528e-008, 1.51597578935e-008, 5.12133979669e-008, 4.99018177891e-008, 5.16574871767e-008, 4.66811442834e-008, 1.10499222217e-007, 2.76750796502e-007, 3.84670499898e-007, 4.29522458489e-007, 2.40158414044e-007, 4.15643519602e-008, 4.83212492242e-009, 5.6954330141e-010, 1.1202611061e-010, 1.98128041751e-011, 9.29254266038e-015, 2.53609827647e-019]
    frequency_bands:
        dmean: [4.74198941447e-007, 0.000107873260276, 0.000122010307678, 8.8048465841e-005, 0.000229282974033, 0.000105347542558, 5.7281642512e-005, 6.51826776448e-005, 7.96403546701e-005, 6.09225353401e-005, 4.56725792901e-005, 5.85131056141e-005, 6.69486471452e-005, 7.25211793906e-005, 8.35558894323e-005, 0.000126908009406, 0.000192854175111, 0.000255433580605, 0.000309320195811, 0.000242199326749, 9.3538335932e-005, 2.36609721469e-005, 5.38928816241e-006, 2.26165366257e-006, 8.84415442215e-007, 2.37707045159e-008, 2.52587561977e-010, 5.35480722264e-011]
        dmean2: [7.71831196289e-007, 0.000179191338248, 0.000199806920136, 0.00014683707559, 0.000397612922825, 0.000172067098902, 9.47061780607e-005, 0.000107716958155, 0.000130895597977, 9.92644418147e-005, 7.50598555896e-005, 9.18939404073e-005, 0.000107387568278, 0.000118432726595, 0.000135205948027, 0.000208642188227, 0.000314624630846, 0.000428523781011, 0.000525264360476, 0.000423763180152, 0.000161552103236, 3.92658621422e-005, 8.48532454256e-006, 3.38945255862e-006, 1.29734110033e-006, 3.61265826143e-008, 4.38200975506e-010, 9.902127035e-011]
        dvar: [8.8881235271e-013, 2.36376944684e-008, 2.94239033138e-008, 1.67241562821e-008, 4.81031520394e-007, 5.72609835103e-008, 1.90863040928e-008, 1.97390832568e-008, 1.89911890658e-008, 1.51887480371e-008, 8.12848632847e-009, 2.16464819403e-008, 2.29119940798e-008, 2.28360281795e-008, 2.07105035344e-008, 4.90850702306e-008, 1.13997970175e-007, 2.26918103863e-007, 1.97732020979e-007, 2.01852159876e-007, 2.98080813366e-008, 1.9743524593e-009, 1.91650889603e-010, 3.45296707893e-011, 7.04845253344e-012, 4.89657930698e-015, 1.7474858647e-019, 6.69394820187e-021]
        dvar2: [2.18371024388e-012, 6.45655831022e-008, 8.23430781338e-008, 4.59106459516e-008, 1.33344303777e-006, 1.35285944225e-007, 4.66335592364e-008, 5.01004180364e-008, 5.03975527977e-008, 3.73270268028e-008, 2.11253095017e-008, 4.91584479789e-008, 5.57048629446e-008, 5.93896487544e-008, 5.14306570665e-008, 1.17887715589e-007, 2.71659814643e-007, 5.83946871302e-007, 5.19350464856e-007, 5.69028088648e-007, 8.14731251353e-008, 4.58443061291e-009, 4.29466739948e-010, 6.97543064976e-011, 1.364861002e-011, 1.12593209766e-014, 4.70855658192e-019, 2.12121162307e-020]
        max: [9.19584635994e-006, 0.00166959315538, 0.00280564511195, 0.00297399819829, 0.00903917383403, 0.00463529722765, 0.00447411555797, 0.00309907598421, 0.00274643162265, 0.00398937100545, 0.00175263965502, 0.00328981131315, 0.00324804638512, 0.00300525873899, 0.00341919041239, 0.00715437904, 0.0078825475648, 0.0108350049704, 0.00920200999826, 0.00656978553161, 0.00337182357907, 0.00195295258891, 0.000584621040616, 0.000171486375621, 8.08382465038e-005, 2.12718555304e-006, 8.83894202275e-009, 1.167994923e-009]
        mean: [7.25849986338e-007, 0.000215519743506, 0.000264737405814, 0.000150227031554, 0.000289060146315, 0.000163601667737, 9.21442042454e-005, 0.000101738020021, 0.000140982272569, 0.000104909224319, 7.60265029385e-005, 9.91540000541e-005, 0.000115533097414, 0.000125189457322, 0.000158143913723, 0.000257612584392, 0.000400188524509, 0.000476449902635, 0.000722963653971, 0.000449431623565, 0.000179009497515, 4.96163884236e-005, 1.15632919915e-005, 5.31849764229e-006, 1.95089228328e-006, 4.44547794132e-008, 3.24529264573e-010, 4.18893045251e-011]
        median: [1.92117227016e-007, 0.000189375394257, 0.000215346881305, 0.000102424841316, 0.000131807857542, 7.81117560109e-005, 5.24020397279e-005, 4.99778470839e-005, 8.94040422281e-005, 6.05777495366e-005, 3.9703794755e-005, 3.88031221519e-005, 5.21502624906e-005, 5.58182582608e-005, 0.000100360688521, 0.000184792341315, 0.000289494433673, 0.000328663911205, 0.000652748334687, 0.00035889094579, 0.000138695118949, 3.18776110362e-005, 5.7880811255e-006, 2.57017495642e-006, 7.4066565503e-007, 1.09697042561e-008, 1.38636990776e-010, 1.43449696566e-011]
        min: [5.61211582965e-024, 1.12905732837e-023, 1.05544808621e-023, 2.3995389577e-023, 7.22269622114e-023, 6.54312978553e-023, 7.05234013094e-023, 1.19579663334e-022, 8.19656331021e-023, 1.98278847464e-023, 1.43957055649e-022, 8.38747522234e-023, 9.80340797201e-023, 9.12837653997e-023, 1.94983305302e-022, 1.1516499576e-022, 1.89630259282e-022, 2.6704850054e-022, 2.51858018245e-022, 2.85000904772e-022, 3.07628262811e-022, 5.93407577659e-022, 6.04661909095e-022, 8.25402507451e-022, 1.26709509364e-021, 1.54935725005e-021, 2.0977031743e-021, 9.17113280103e-022]
        var: [1.72778837678e-012, 3.28253406678e-008, 5.50957111045e-008, 2.90232868849e-008, 3.97833304078e-007, 9.29622814283e-008, 2.49238762962e-008, 3.25766080778e-008, 3.43816246584e-008, 3.10454808528e-008, 1.51597578935e-008, 5.12133979669e-008, 4.99018177891e-008, 5.16574871767e-008, 4.66811442834e-008, 1.10499222217e-007, 2.76750796502e-007, 3.84670499898e-007, 4.29522458489e-007, 2.40158414044e-007, 4.15643519602e-008, 4.83212492242e-009, 5.6954330141e-010, 1.1202611061e-010, 1.98128041751e-011, 9.29254266038e-015, 2.53609827647e-019, 5.32721682046e-021]
    mfcc:
        mean: [-713.534851074, 107.971839905, -52.544719696, 60.616733551, -0.805374979973, -4.11569833755, 4.68855667114, 1.16412854195, 2.29645657539, 2.11032438278, -1.37999391556, -0.209071740508, -2.032340765]
        cov: [[6458.10644531, -1875.2800293, -671.986022949, 269.976654053, -959.808410645, 398.762115479, 110.917449951, 294.305450439, 82.2040100098, 94.0255050659, -60.2249984741, -186.775588989, -204.41809082], [-1875.2800293, 1246.79589844, 94.6930847168, -36.547794342, 356.810546875, -176.976745605, -2.07898664474, -122.46811676, -16.2184257507, -31.0827255249, 19.550239563, 58.7647743225, 58.1831588745], [-671.986022949, 94.6930847168, 531.059631348, -74.9502410889, 222.85395813, -14.60222435, -33.669254303, 40.3803443909, -11.9683675766, 20.6287231445, 1.4770475626, 28.619726181, 45.4425201416], [269.976654053, -36.547794342, -74.9502410889, 160.031723022, -60.277141571, 1.95613455772, -9.13414001465, -13.9175548553, 18.6081676483, 5.27166604996, -2.74741339684, -13.8451080322, -12.6288366318], [-959.808410645, 356.810546875, 222.85395813, -60.277141571, 307.458374023, -29.3482494354, -10.7442741394, -16.4383354187, -9.07430553436, 0.401972472668, 14.2395811081, 45.4646034241, 51.2241592407], [398.762115479, -176.976745605, -14.60222435, 1.95613455772, -29.3482494354, 113.503562927, 44.0844306946, 49.9631919861, 4.29370737076, 14.2149095535, 8.61901473999, 2.11820745468, -8.055560112], [110.917449951, -2.07898664474, -33.669254303, -9.13414001465, -10.7442741394, 44.0844306946, 89.0676345825, 47.3886947632, 5.0273604393, 8.01789474487, 7.71572637558, 15.4665079117, -3.70744824409], [294.305450439, -122.46811676, 40.3803443909, -13.9175548553, -16.4383354187, 49.9631919861, 47.3886947632, 114.143447876, 31.6521587372, 24.8533763885, -4.27930498123, 5.15710544586, 2.60174703598], [82.2040100098, -16.2184257507, -11.9683675766, 18.6081676483, -9.07430553436, 4.29370737076, 5.0273604393, 31.6521587372, 77.1919403076, 31.3241844177, 2.1144952774, -6.10960626602, 1.08164191246], [94.0255050659, -31.0827255249, 20.6287231445, 5.27166604996, 0.401972472668, 14.2149095535, 8.01789474487, 24.8533763885, 31.3241844177, 61.6553878784, 18.6433315277, 1.00277817249, -5.18260097504], [-60.2249984741, 19.550239563, 1.4770475626, -2.74741339684, 14.2395811081, 8.61901473999, 7.71572637558, -4.27930498123, 2.1144952774, 18.6433315277, 52.6601448059, 23.9341583252, 4.86173200607], [-186.775588989, 58.7647743225, 28.619726181, -13.8451080322, 45.4646034241, 2.11820745468, 15.4665079117, 5.15710544586, -6.10960626602, 1.00277817249, 23.9341583252, 57.8668174744, 29.8191947937], [-204.41809082, 58.1831588745, 45.4425201416, -12.6288366318, 51.2241592407, -8.055560112, -3.70744824409, 2.60174703598, 1.08164191246, -5.18260097504, 4.86173200607, 29.8191947937, 58.3528518677]]
        icov: [[0.00048479042016, 0.000243154456257, 0.000220946560148, -0.000362620019587, 0.000803678180091, -0.000836829014588, 0.000314870965667, -0.00076254317537, 0.000267930678092, -0.000390550208976, 0.000198620080482, 0.000354028801667, 0.000201167276828], [0.000243154456257, 0.00209318147972, 0.000553960620891, -0.000440344214439, -0.00199631880969, 0.00235586846247, -0.00200045504607, 0.00092019996373, -0.000245393137448, 6.08779337199e-005, -0.000127769686515, 0.000208990997635, 6.13493612036e-005], [0.000220946560148, 0.000553960620891, 0.00360777275637, 0.000230585646932, -0.00250929873437, 0.000369975663489, 0.00201196689159, -0.00270166201517, 0.00169794529211, -0.0015607936075, 0.000440180010628, 0.000314527918817, -0.000403392827138], [-0.000362620019587, -0.000440344214439, 0.000230585646932, 0.00761398859322, 0.000763172225561, -0.000371962989448, 0.00071757438127, 0.00196764641441, -0.00221991050057, -0.000174949294887, 0.000369713816326, -0.000387103413232, 6.6216038249e-005], [0.000803678180091, -0.00199631880969, -0.00250929873437, 0.000763172225561, 0.0101923309267, -0.00424099247903, 0.00179637910333, -0.000272453355137, -0.000174017885001, -0.00090159609681, 0.00064745976124, -0.00161281554028, -0.00178778416011], [-0.000836829014588, 0.00235586846247, 0.000369975663489, -0.000371962989448, -0.00424099247903, 0.0180706493556, -0.00745085859671, -0.00143859907985, 0.00121943722479, 0.000107731742901, -0.0031861581374, 0.000892454874702, -4.45216501248e-005], [0.000314870965667, -0.00200045504607, 0.00201196689159, 0.00071757438127, 0.00179637910333, -0.00745085859671, 0.021498857066, -0.00933811534196, 0.00203555379994, -0.000210128957406, 6.67366402922e-005, -0.00549766561016, 0.00361035671085], [-0.00076254317537, 0.00092019996373, -0.00270166201517, 0.00196764641441, -0.000272453355137, -0.00143859907985, -0.00933811534196, 0.0200599152595, -0.00685037579387, -0.00217042677104, 0.00449462514371, -0.00222659530118, -0.00180860853288], [0.000267930678092, -0.000245393137448, 0.00169794529211, -0.00221991050057, -0.000174017885001, 0.00121943722479, 0.00203555379994, -0.00685037579387, 0.0200948305428, -0.00932124163955, 0.000389674591133, 0.00351390009746, -0.00289204716682], [-0.000390550208976, 6.08779337199e-005, -0.0015607936075, -0.000174949294887, -0.00090159609681, 0.000107731742901, -0.000210128957406, -0.00217042677104, -0.00932124163955, 0.026363523677, -0.010299384594, 0.00151190592442, 0.00323825608939], [0.000198620080482, -0.000127769686515, 0.000440180010628, 0.000369713816326, 0.00064745976124, -0.0031861581374, 6.67366402922e-005, 0.00449462514371, 0.000389674591133, -0.010299384594, 0.0295599400997, -0.0137095786631, 0.00297706807032], [0.000354028801667, 0.000208990997635, 0.000314527918817, -0.000387103413232, -0.00161281554028, 0.000892454874702, -0.00549766561016, -0.00222659530118, 0.00351390009746, 0.00151190592442, -0.0137095786631, 0.0342488251626, -0.0142982155085], [0.000201167276828, 6.13493612036e-005, -0.000403392827138, 6.6216038249e-005, -0.00178778416011, -4.45216501248e-005, 0.00361035671085, -0.00180860853288, -0.00289204716682, 0.00323825608939, 0.00297706807032, -0.0142982155085, 0.0273821800947]]
    sccoeffs:
        dmean: [0.0484435036778, 0.0438439287245, 0.0368492938578, 0.0285966359079, 0.0199894215912, 0.0177092533559]
        dmean2: [0.0820716246963, 0.0734126120806, 0.0614120438695, 0.0474016517401, 0.0330836586654, 0.029216511175]
        dvar: [0.00161217479035, 0.00124174670782, 0.000856334227137, 0.000541362271179, 0.000269409181783, 0.000300363986753]
        dvar2: [0.00463895406574, 0.00337654817849, 0.00233499589376, 0.00145960750524, 0.000694448594004, 0.000777591543738]
        max: [-0.368332892656, -0.461172640324, -0.501824736595, -0.585595309734, -0.616583406925, -0.521264851093]
        mean: [-0.668070793152, -0.769389867783, -0.788828015327, -0.796881973743, -0.789556205273, -0.741898238659]
        median: [-0.670792460442, -0.774754583836, -0.795169353485, -0.804048478603, -0.792817354202, -0.740096032619]
        min: [-0.962578237057, -0.977573573589, -0.959357619286, -0.960840284824, -0.956244289875, -0.95818567276]
        var: [0.0043651163578, 0.00341197662055, 0.00291991792619, 0.00223235180601, 0.00085209927056, 0.00261511211284]
    scvalleys:
        dmean: [0.361015230417, 0.334374397993, 0.294009268284, 0.244487449527, 0.207888141274, 0.183836326003]
        dmean2: [0.610317707062, 0.560376942158, 0.481486231089, 0.394405514002, 0.339019715786, 0.274512678385]
        dvar: [0.11238912493, 0.105563290417, 0.0874090269208, 0.0738856643438, 0.0765493884683, 0.0760474428535]
        dvar2: [0.263136029243, 0.234065681696, 0.175664186478, 0.136269405484, 0.145068854094, 0.12668402493]
        max: [-5.08920955658, -4.7777762413, -5.18982362747, -5.53580951691, -5.24233722687, -7.50093078613]
        mean: [-6.72935914993, -6.72230291367, -7.11905002594, -7.07233905792, -6.89735746384, -10.0822935104]
        median: [-6.59117078781, -6.6369509697, -6.92891120911, -6.87291049957, -6.46253299713, -9.55375766754]
        min: [-27.5738811493, -26.94298172, -27.3760414124, -27.3981723785, -27.4068603516, -27.2374305725]
        var: [0.589340925217, 0.475284963846, 0.700577497482, 0.654536485672, 1.16052699089, 1.99792587757]

rhythm:
    beats_loudness:
        dmean: 0.00205341330729
        dmean2: 0.0035579924006
        dvar: 3.43543206327e-006
        dvar2: 1.031737429e-005
        max: 0.0166204962879
        mean: 0.00480202771723
        median: 0.00480494881049
        min: 6.26636051493e-007
        var: 8.26776249596e-006
    bpm: 129.84538269
    bpm_confidence: 0
    first_peak_bpm: 129
    first_peak_spread: 0.284337341785
    first_peak_weight: 0.590457260609
    onset_rate: 2.5534901619
    second_peak_bpm: 123
    second_peak_spread: 0.123076938093
    second_peak_weight: 0.113320082426
    beats_loudness_band_ratio:
        dmean: [0.115575417876, 0.0649879798293, 0.046363029629, 0.0599705837667, 0.0829372555017, 0.0835139378905]
        dmean2: [0.207214385271, 0.114053338766, 0.0811157226563, 0.103190436959, 0.146702900529, 0.143204554915]
        dvar: [0.00926757790148, 0.0042942520231, 0.0024200133048, 0.00582636892796, 0.00597635097802, 0.00584481749684]
        dvar2: [0.0275524090976, 0.0118883214891, 0.00688041560352, 0.0167895182967, 0.0173388849944, 0.0178814809769]
        max: [0.88307082653, 0.649045050144, 0.498874992132, 0.495331317186, 0.746384084225, 0.64212012291]
        mean: [0.228448301554, 0.108573406935, 0.0835344567895, 0.0853989049792, 0.277230471373, 0.250982582569]
        median: [0.165938526392, 0.0661162734032, 0.0683974176645, 0.0614665187895, 0.282115936279, 0.271686285734]
        min: [0.00166874995921, 0.00420960085467, 0.0142641542479, 0.0055004931055, 0.0141458120197, 0.00205672718585]
        var: [0.0317263491452, 0.01163350977, 0.00326498039067, 0.00559211662039, 0.0142053589225, 0.0177407953888]
    beats_position: [0.46439909935, 0.952018141747, 1.43963718414, 1.92725622654, 2.41487526894, 2.90249419212, 3.36689329147, 3.83129239082, 4.29569149017, 4.76009082794, 5.22448968887, 5.6888885498, 6.13006782532, 6.57124710083, 7.03564596176, 7.4884352684, 7.95283412933, 8.42884349823, 8.88163280487, 9.33442115784, 9.79882049561, 10.2632198334, 10.7276191711, 11.1920175552, 11.656416893, 12.1208162308, 12.5852155685, 13.0496139526, 13.5140132904, 13.9784126282, 14.4428119659, 14.90721035, 15.3599996567, 15.8127889633, 16.2771873474, 16.7415866852, 17.2059860229, 17.6703853607, 18.1231746674, 18.575963974, 19.0403633118, 19.5047607422, 19.96916008, 20.4335594177, 20.8979587555, 21.3623580933, 21.8151473999, 22.2679367065, 22.7323360443, 23.1967334747, 23.6611328125, 24.1255321503, 24.589931488, 25.0427207947, 25.5071201324, 25.9715194702, 26.435918808, 26.8887062073, 27.353105545, 27.8175048828, 28.2702941895, 28.7230834961, 29.1874828339, 29.6518821716, 30.1162815094, 30.5806789398, 31.0450782776, 31.4978675842, 31.9506568909, 32.4150543213, 32.8794555664, 33.332244873, 33.7850341797, 34.2494316101, 34.7138328552, 35.1782302856, 35.6426315308, 36.1070289612, 36.5714263916, 37.0358276367, 37.5002250671, 37.9646263123, 38.4290237427, 38.8934249878, 39.3462142944, 39.7989997864, 40.2634010315, 40.7277984619, 41.192199707, 41.6565971375, 42.1209983826, 42.585395813, 43.0381851196, 43.4909744263, 43.9553718567, 44.4197731018, 44.8841705322, 45.3485717773, 45.8129692078, 46.2773704529, 46.7417678833, 47.1945571899, 47.6589546204, 48.111743927, 48.5761451721, 49.0405426025, 49.5049438477, 49.9693412781, 50.4337387085, 50.8981399536, 51.3509292603, 51.8037185669, 52.2681159973, 52.7325172424, 53.1969146729, 53.661315918, 54.1257133484, 54.5901107788, 55.0545120239, 55.5189094543, 55.9833106995, 56.4361000061, 56.8888893127, 57.3532867432, 57.8176841736, 58.2820854187, 58.7464828491, 59.1992721558, 59.6636734009, 60.1164627075, 60.5692520142, 61.0336494446, 61.498046875, 61.9740562439, 62.438457489, 62.9028549194, 63.3672561646, 63.831653595, 64.2844467163, 64.748840332, 65.2016296387, 65.6660308838, 66.1304321289, 66.5832214355, 67.0360107422, 67.5004043579, 67.964805603, 68.4292068481, 68.8936004639, 69.3463897705, 69.7991790771, 70.2635803223, 70.7279815674, 71.1923828125, 71.6567764282, 72.1211776733, 72.5855789185, 73.0499725342, 73.5027618408, 73.9555511475, 74.4199523926, 74.8843536377, 75.3487548828, 75.8131484985, 76.2775497437, 76.7419509888, 77.1947402954, 77.6475296021, 78.1119232178, 78.5763244629, 79.040725708, 79.5051269531, 79.9579086304, 80.410697937, 80.8750991821, 81.3395004272, 81.8039016724, 82.256690979, 82.7210845947, 83.1970977783, 83.661491394, 84.1258926392, 84.5786819458, 85.0314712524, 85.4958724976, 85.9602737427, 86.4246673584, 86.8890686035, 87.3534698486, 87.8178634644, 88.2822647095, 88.7350540161, 89.1878433228, 89.6522445679, 90.116645813, 90.5810394287, 91.0454406738, 91.4982299805, 91.9626312256, 92.4154205322, 92.8798141479, 93.3442153931, 93.8086166382, 94.2730178833, 94.7257995605, 95.1785888672, 95.6546020508, 96.1190032959, 96.5833969116, 97.0477981567, 97.5005874634, 97.9649887085, 98.4293823242, 98.8937835693, 99.3581848145, 99.8225860596, 100.286979675, 100.75138092, 101.204170227, 101.656959534, 102.121360779, 102.585754395, 103.05015564, 103.514556885, 103.97895813, 104.443351746, 104.896141052, 105.348930359, 105.813331604, 106.277732849, 106.742126465, 107.20652771, 107.670928955, 108.1353302, 108.588119507, 109.052513123, 109.516914368, 109.992919922, 110.457321167, 110.921722412, 111.386123657, 111.850517273, 112.314918518, 112.779319763, 113.243713379, 113.708114624, 114.160903931, 114.625305176, 115.078094482, 115.542495728, 116.006889343, 116.45967865, 116.912467957, 117.353645325, 117.81804657, 118.282447815, 118.74684906, 119.211242676, 119.675643921, 120.140045166, 120.604438782, 121.068840027, 121.533241272, 121.986030579, 122.450431824, 122.90322113, 123.367614746, 123.832015991, 124.284805298, 124.737594604, 125.20199585, 125.666389465, 126.13079071, 126.595191956, 127.059593201, 127.523986816, 127.988388062, 128.441177368, 128.905578613, 129.369979858, 129.834381104, 130.28717041, 130.751556396, 131.215957642, 131.680358887, 132.133148193, 132.609161377, 133.073562622, 133.526351929, 133.979141235, 134.44354248, 134.907928467, 135.372329712, 135.836730957, 136.301132202, 136.765533447, 137.218322754, 137.671112061, 138.135513306, 138.599899292, 139.064300537, 139.528701782, 139.993103027, 140.457504272, 140.910293579, 141.363082886, 141.827484131, 142.291885376, 142.756271362, 143.220672607, 143.685073853, 144.137863159, 144.602264404, 145.055053711, 145.519454956, 145.983856201, 146.436645508, 146.889434814, 147.35383606, 147.818222046, 148.282623291, 148.747024536, 149.211425781, 149.675827026, 150.140228271, 150.593017578, 151.057418823, 151.52180481, 151.974594116, 152.438995361, 152.903396606, 153.367797852, 153.832199097, 154.296600342, 154.749389648, 155.202178955, 155.6665802, 156.130966187, 156.595367432, 157.059768677, 157.524169922, 157.976959229, 158.441360474, 158.905761719, 159.358551025, 159.811340332, 160.264129639, 160.728515625, 161.19291687, 161.657318115, 162.12171936, 162.586120605, 163.050521851, 163.514923096, 163.979324341, 164.443710327, 164.908111572, 165.372512817, 165.836914063, 166.289703369, 166.742492676, 167.206893921, 167.671295166, 168.135681152, 168.600082397, 169.064483643, 169.528884888, 169.993286133, 170.446075439, 170.910476685, 171.363265991, 171.827667236, 172.280456543, 172.73324585, 173.197631836, 173.662033081, 174.126434326, 174.590835571, 175.055236816, 175.519638062, 175.972427368, 176.425216675, 176.88961792, 177.354003906, 177.818405151, 178.282806396, 178.747207642, 179.211608887, 179.676010132, 180.140411377, 180.604797363, 181.05758667, 181.510375977, 181.974777222, 182.439178467, 182.903579712, 183.356369019, 183.820770264, 184.285171509, 184.749572754, 185.202362061, 185.666748047, 186.131149292, 186.595550537, 187.059951782, 187.512741089, 187.977142334, 188.453155518, 188.987213135, 189.521270752, 190.055328369, 190.519729614, 190.984130859, 191.448516846, 191.936141968, 192.412155151, 192.888153076, 193.375778198, 193.86340332, 194.351013184, 194.838638306, 195.326248169, 195.813873291, 196.301498413, 196.777496338, 197.26512146, 197.764343262, 198.263580322, 198.762802124, 199.250427246, 199.749649048, 200.23727417, 200.724899292, 201.212509155, 201.711746216, 202.199356079, 202.686981201, 203.174606323, 203.662216187, 204.149841309, 204.637451172, 205.125076294, 205.612701416, 206.100311279, 206.587936401, 207.075546265, 207.563171387, 208.050796509, 208.538406372, 209.037643433, 209.525253296, 210.024490356, 210.523712158, 211.01133728, 211.487350464, 211.974960327, 212.462585449, 212.950195313, 213.437820435, 213.925445557, 214.41305542, 214.900680542, 215.388290405, 215.875915527, 216.363540649, 216.851150513, 217.327163696, 217.80317688, 218.267562866, 218.74357605, 219.219589233, 219.707214355, 220.18321228, 220.659225464, 221.135238647, 221.622848511, 222.110473633, 222.598098755, 223.085708618, 223.57333374, 224.060943604, 224.548568726, 225.036193848, 225.523803711, 226.115921021, 226.71963501, 227.323348999, 227.927078247, 228.530792236, 229.064849854, 229.598907471, 230.132965088, 230.667022705, 231.201080322, 231.723526001, 232.199539185, 232.687164307, 233.17477417, 233.685623169, 234.196456909, 234.707290649, 235.218139648, 235.728973389, 236.239807129]
