
metadata:
    version:
        essentia: "2.1-beta2"
    audio_properties:
        analysis_sample_rate: 44100
        bitrate: 64
        channels: 1
        equal_loudness: 1
        length: 230.034255981
        replay_gain: -11.5539035797
        downmix: "mix"
    tags:
        album: "Album Inconnu"
        artist: "Cradle Of Filth"
        comment: ""
        date: ""
        genre: "Other"
        title: "Castlevania"
        tracknumber: ""

configuration:
    average_loudness:
        compute: 1
        frameSize: 88200
        hopSize: 44100
        silentFrames: "noise"
        windowType: "hann"
    general:
        analysisSampleRate: 44100
        endTime: 2000
        equalLoudness: 1
        nequalLoudness: 0
        shortSound: 0
        startTime: 0
    lowlevel:
        compute: 1
        frameSize: 2048
        hopSize: 1024
        zeroPadding: 0
        silentFrames: "noise"
        windowType: "blackmanharris62"
        mfccStats: ["mean", "cov", "icov"]
        stats: ["mean", "var", "median", "min", "max", "dmean", "dmean2", "dvar", "dvar2"]
    panning:
        compute: 0
        frameSize: 8192
        hopSize: 2048
        zeroPadding: 8192
        silentFrames: "noise"
        windowType: "hann"
        stats: ["copy"]
    rhythm:
        compute: 1
        maxTempo: 208
        minTempo: 40
        method: "degara"
        stats: ["mean", "var", "median", "min", "max", "dmean", "dmean2", "dvar", "dvar2"]
    segmentation:
        compute: 0
        cpw: 5
        inc1: 300
        inc2: 50
        minimumSegmentsLength: 10
        size1: 1000
        size2: 600
    sfx:
        compute: 1
        stats: ["mean", "var", "median", "min", "max", "dmean", "dmean2", "dvar", "dvar2"]
    svm:
        compute: 0
    tonal:
        compute: 1
        frameSize: 4096
        hopSize: 2048
        zeroPadding: 0
        silentFrames: "noise"
        windowType: "blackmanharris62"
        stats: ["mean", "var", "median", "min", "max", "dmean", "dmean2", "dvar", "dvar2"]

lowlevel:
    average_loudness: 0.822182238102
    barkbands_kurtosis:
        dmean: 0.554009199142
        dmean2: 0.918178141117
        dvar: 0.662448346615
        dvar2: 1.64923417568
        max: 35.3527870178
        mean: -0.830367386341
        median: -1.29644298553
        min: -1.88429439068
        var: 1.95193004608
    barkbands_skewness:
        dmean: 0.359132736921
        dmean2: 0.582687795162
        dvar: 0.0913858413696
        dvar2: 0.242738336325
        max: 2.28202176094
        mean: -0.401285260916
        median: -0.393810927868
        min: -5.97995662689
        var: 0.49546200037
    barkbands_spread:
        dmean: 4.85328435898
        dmean2: 8.01248455048
        dvar: 18.5855560303
        dvar2: 50.7449760437
        max: 58.3263168335
        mean: 34.8389816284
        median: 35.8580856323
        min: 4.11575698853
        var: 70.3418655396
    dissonance:
        dmean: 0.0105465976521
        dmean2: 0.0179858319461
        dvar: 8.94721306395e-005
        dvar2: 0.000247210991802
        max: 0.500000119209
        mean: 0.480383485556
        median: 0.483193218708
        min: 0.385895073414
        var: 0.000176614237716
    hfc:
        dmean: 2.22176551819
        dmean2: 3.56638813019
        dvar: 7.37813282013
        dvar2: 18.47681427
        max: 89.4817581177
        mean: 9.99490070343
        median: 8.95514011383
        min: 1.0392565529e-016
        var: 51.5341148376
    pitch:
        dmean: 795.746398926
        dmean2: 1535.72192383
        dvar: 1561646.625
        dvar2: 3904226
        max: 4264.11865234
        mean: 1465.94909668
        median: 500.810852051
        min: 74.306388855
        var: 2223626.25
    pitch_instantaneous_confidence:
        dmean: 0.0796011611819
        dmean2: 0.128313839436
        dvar: 0.00465945433825
        dvar2: 0.0116015197709
        max: 0.97809034586
        mean: 0.47231528163
        median: 0.436351776123
        min: 0.0868579149246
        var: 0.0273414701223
    pitch_salience:
        dmean: 0.0560131706297
        dmean2: 0.0921902358532
        dvar: 0.00221797311679
        dvar2: 0.00607509491965
        max: 0.996359825134
        mean: 0.616211950779
        median: 0.628483772278
        min: 0.121341444552
        var: 0.00844226498157
    silence_rate_20dB:
        dmean: 0
        dmean2: 0
        dvar: 0
        dvar2: 0
        max: 1
        mean: 1
        median: 1
        min: 1
        var: 0
    silence_rate_30dB:
        dmean: 0
        dmean2: 0
        dvar: 0
        dvar2: 0
        max: 1
        mean: 1
        median: 1
        min: 1
        var: 0
    silence_rate_60dB:
        dmean: 0.0654082968831
        dmean2: 0.130829796195
        dvar: 0.0611258670688
        dvar2: 0.139943107963
        max: 1
        mean: 0.28895843029
        median: 0
        min: 0
        var: 0.205464765429
    spectral_centroid:
        dmean: 252.492736816
        dmean2: 411.77255249
        dvar: 55180.9726563
        dvar2: 141729.53125
        max: 11624.109375
        mean: 2073.58447266
        median: 2052.59423828
        min: 550.543273926
        var: 705554.9375
    spectral_complexity:
        dmean: 3.15958404541
        dmean2: 5.14940452576
        dvar: 10.8141384125
        dvar2: 26.6463718414
        max: 41
        mean: 16.3427524567
        median: 17
        min: 0
        var: 68.0118560791
    spectral_crest:
        dmean: 1.90930700302
        dmean2: 3.16363453865
        dvar: 3.19460010529
        dvar2: 8.38983249664
        max: 25.7647800446
        mean: 6.98095703125
        median: 6.24535942078
        min: 2.38277339935
        var: 7.91877365112
    spectral_decrease:
        dmean: 2.56257848275e-010
        dmean2: 4.28878904613e-010
        dvar: 1.29225153823e-019
        dvar2: 3.44217563434e-019
        max: 1.92517907245e-028
        mean: -1.00707542305e-009
        median: -9.61131507715e-010
        min: -6.38449559887e-009
        var: 3.75313221364e-019
    spectral_energy:
        dmean: 0.00113797630183
        dmean2: 0.00188852276187
        dvar: 2.39156929638e-006
        dvar2: 6.30140038993e-006
        max: 0.0322127938271
        mean: 0.00470750546083
        median: 0.00444620102644
        min: 1.00611690427e-020
        var: 8.47954561323e-006
    spectral_energyband_high:
        dmean: 0.000152720938786
        dmean2: 0.000245543924393
        dvar: 3.09771230889e-008
        dvar2: 7.57113696181e-008
        max: 0.0025078644976
        mean: 0.000472080340842
        median: 0.00041980156675
        min: 7.12319637475e-021
        var: 1.24184651895e-007
    spectral_energyband_low:
        dmean: 0.000172681335243
        dmean2: 0.000307578011416
        dvar: 9.77261009893e-008
        dvar2: 2.80193148683e-007
        max: 0.00448779109865
        mean: 0.000234162856941
        median: 0.000157074682647
        min: 1.49967648787e-023
        var: 9.12010094112e-008
    spectral_energyband_middle_high:
        dmean: 0.000645606603939
        dmean2: 0.00104497291613
        dvar: 6.54951065826e-007
        dvar2: 1.65109452155e-006
        max: 0.0308504775167
        mean: 0.00276759569533
        median: 0.00230877008289
        min: 1.14419970277e-021
        var: 4.75866227134e-006
    spectral_energyband_middle_low:
        dmean: 0.000617187120952
        dmean2: 0.00104836805258
        dvar: 1.06527477328e-006
        dvar2: 2.91210517389e-006
        max: 0.0136755192652
        mean: 0.00135633896571
        median: 0.00114021566696
        min: 1.71015880844e-022
        var: 1.23751703995e-006
    spectral_flatness_db:
        dmean: 0.0167931802571
        dmean2: 0.0286968555301
        dvar: 0.000174497341504
        dvar2: 0.000498608220369
        max: 0.357101619244
        mean: 0.179343596101
        median: 0.177556037903
        min: 0.0553514845669
        var: 0.000634430267382
    spectral_flux:
        dmean: 0.00713906809688
        dmean2: 0.0113899931312
        dvar: 7.39255265216e-005
        dvar2: 0.000169817212736
        max: 0.130006313324
        mean: 0.0387796871364
        median: 0.0391822680831
        min: 6.39167399563e-011
        var: 0.000353958370397
    spectral_kurtosis:
        dmean: 1.46072256565
        dmean2: 2.62265658379
        dvar: 1.78806948662
        dvar2: 5.49429130554
        max: 16.8157691956
        mean: 1.85852026939
        median: 1.47639513016
        min: -1.26908051968
        var: 2.58667731285
    spectral_rms:
        dmean: 0.000234285223996
        dmean2: 0.000383480481105
        dvar: 7.73056640924e-008
        dvar2: 2.01473596917e-007
        max: 0.0056059891358
        mean: 0.00199550623074
        median: 0.00208272831514
        min: 3.13301381366e-012
        var: 6.10618030805e-007
    spectral_rolloff:
        dmean: 246.40725708
        dmean2: 419.887176514
        dvar: 111134.4375
        dvar2: 254436.734375
        max: 19466.015625
        mean: 3686.10546875
        median: 3574.51171875
        min: 344.53125
        var: 1590768.875
    spectral_skewness:
        dmean: 0.180406555533
        dmean2: 0.318367540836
        dvar: 0.0237617362291
        dvar2: 0.0720630437136
        max: 2.51356363297
        mean: 0.759976625443
        median: 0.722999334335
        min: -0.0771420300007
        var: 0.0521604903042
    spectral_spread:
        dmean: 228518.625
        dmean2: 371027.46875
        dvar: 301755138048
        dvar2: 645263196160
        max: 42002780
        mean: 3639238
        median: 3355337.75
        min: 2088847.125
        var: 8.68259882598e+012
    spectral_strongpeak:
        dmean: 0.857343792915
        dmean2: 1.47619700432
        dvar: 1.2537817955
        dvar2: 3.09647083282
        max: 18.3831615448
        mean: 1.39847815037
        median: 0.384807914495
        min: 2.64726053578e-011
        var: 3.58819508553
    zerocrossingrate:
        dmean: 0.00667082797736
        dmean2: 0.00851051602513
        dvar: 3.92178808397e-005
        dvar2: 5.7153403759e-005
        max: 0.5244140625
        mean: 0.115025319159
        median: 0.11376953125
        min: 0.04736328125
        var: 0.001209983835
    barkbands:
        dmean: [1.03174549793e-007, 3.20813305734e-005, 0.000104208535049, 0.000117869996757, 0.000463530479465, 0.000100285564258, 8.46144321258e-005, 6.41164369881e-005, 8.36313120089e-005, 6.48125860607e-005, 5.41457739018e-005, 5.1691684348e-005, 4.04314523621e-005, 3.43462306773e-005, 5.25022805959e-005, 9.50720786932e-005, 0.000220511603402, 0.000305471563479, 0.000282936060103, 0.00014469611051, 8.06681637187e-005, 3.40247352142e-005, 3.82681037081e-006, 6.96504002917e-007, 2.68658961744e-008, 1.87321755329e-010, 1.93808066817e-010]
        dmean2: [1.83669001785e-007, 5.76419988647e-005, 0.000186089542694, 0.000205406191526, 0.000793314713519, 0.000163814082043, 0.000140672942507, 0.000105195722426, 0.000138669231092, 0.000106380270154, 8.8841188699e-005, 8.45902759465e-005, 6.61127050989e-005, 5.57277380722e-005, 8.62780871103e-005, 0.000157828922966, 0.000356126984116, 0.000487869983772, 0.00046153072617, 0.000237798900343, 0.000131000459078, 5.48948846699e-005, 6.37056928099e-006, 1.11457575258e-006, 4.34932090343e-008, 3.47719325555e-010, 3.59831303642e-010]
        dvar: [2.83874655824e-014, 3.8232133015e-009, 3.7916461082e-008, 5.19841485414e-008, 8.15307828361e-007, 1.85166015854e-008, 1.38539180128e-008, 9.69262714534e-009, 1.86541857516e-008, 9.35792687784e-009, 1.03491162307e-008, 7.48916839655e-009, 7.31974481027e-009, 4.92073537472e-009, 1.01167900723e-008, 2.74996185823e-008, 1.32260637997e-007, 3.28224388113e-007, 1.4346572641e-007, 3.61549581385e-008, 9.96569760048e-009, 2.3575272845e-009, 7.59358617652e-011, 1.21785968896e-012, 3.42917477048e-015, 7.82009248654e-020, 8.38114583158e-020]
        dvar2: [8.45712863347e-014, 1.12435980526e-008, 1.08598563031e-007, 1.50521771047e-007, 2.21585196414e-006, 4.81277702136e-008, 3.66062486989e-008, 2.4245574437e-008, 5.2669367534e-008, 2.39406467983e-008, 2.63974122561e-008, 1.8116809386e-008, 1.91985343179e-008, 1.19525296327e-008, 2.62396646633e-008, 7.23844024719e-008, 3.21783915069e-007, 7.38027267744e-007, 3.49491784846e-007, 9.28693424385e-008, 2.54188634585e-008, 5.69514169158e-009, 2.09307043919e-010, 3.1825514446e-012, 9.0705327838e-015, 2.51713154201e-019, 2.69805093462e-019]
        max: [2.03927629627e-006, 0.000807904289104, 0.00250934110954, 0.00603171531111, 0.0121379196644, 0.00193440157454, 0.00163667742163, 0.00184581172653, 0.00232958421111, 0.00201582349837, 0.00250392965972, 0.00178436422721, 0.00212994613685, 0.00200522597879, 0.00346242776141, 0.00459513626993, 0.00745209492743, 0.0299064777792, 0.0170090142637, 0.00389295560308, 0.00155225780327, 0.00159361120313, 0.000176573143108, 1.61674379342e-005, 1.46999309436e-006, 3.36578698246e-009, 3.5097478257e-009]
        mean: [1.0329362965e-007, 3.40604492521e-005, 0.000117373063404, 0.000165832258062, 0.000581087835599, 0.000180583752808, 0.000144064499182, 0.000106922649138, 0.000146265898366, 0.000115467344585, 9.3877708423e-005, 9.12602408789e-005, 7.32145272195e-005, 6.39580321149e-005, 9.80563199846e-005, 0.000181548370165, 0.000475820474094, 0.000710961059667, 0.000716142298188, 0.000319590093568, 0.000198385707336, 8.30948338262e-005, 7.91647198639e-006, 1.85849842183e-006, 4.71523051715e-008, 1.48781917342e-010, 1.51945692139e-010]
        median: [3.6108595225e-008, 1.2702249478e-005, 6.38012134004e-005, 0.000114075446618, 0.000320496328641, 0.000118989126349, 9.12573814276e-005, 6.51630834909e-005, 7.95524756541e-005, 6.50044385111e-005, 4.48090795544e-005, 4.70027371193e-005, 3.59654804925e-005, 2.99360399367e-005, 4.98512526974e-005, 0.00011254043784, 0.000283537985524, 0.000397020427044, 0.000559644424357, 0.000254879996646, 0.00015209375124, 6.13921729382e-005, 4.94936102768e-006, 1.01281557363e-006, 1.58354964697e-008, 5.30633002815e-011, 5.28111304687e-011]
        min: [3.17403411419e-025, 4.10059443751e-024, 7.50760994259e-025, 1.48125605325e-024, 1.45500487253e-023, 1.23016350067e-023, 5.13707799202e-024, 9.51425889581e-024, 1.60484142841e-023, 1.85439836464e-023, 1.75970003059e-023, 2.03728756136e-023, 2.86708940093e-023, 3.47640903511e-023, 5.08465471388e-023, 5.77974466993e-023, 5.91725006768e-023, 9.25173545288e-023, 1.25182405918e-022, 1.87818769586e-022, 2.16609668272e-022, 3.46636084045e-022, 3.71647392361e-022, 6.16224060368e-022, 8.76209340176e-022, 1.3850662759e-021, 1.87318442446e-021]
        var: [2.6484956738e-014, 3.40768435692e-009, 3.3016945622e-008, 4.84388067434e-008, 7.27339056539e-007, 4.01040693987e-008, 2.7854445861e-008, 1.91135427485e-008, 4.12448848408e-008, 2.59060666252e-008, 2.64166661879e-008, 1.96315994572e-008, 1.93131217685e-008, 1.57917749988e-008, 3.72098263313e-008, 6.86241037329e-008, 4.06747886927e-007, 1.28604563088e-006, 5.92592130033e-007, 8.27464674558e-008, 2.99873512688e-008, 8.60856097518e-009, 9.79702291515e-011, 4.85497883215e-012, 7.63293745429e-015, 6.21352937614e-020, 6.62934596149e-020]
    frequency_bands:
        dmean: [1.03174549793e-007, 3.20813305734e-005, 0.000104208535049, 0.000117869996757, 0.000463530479465, 0.000100285564258, 8.46144321258e-005, 6.41164369881e-005, 8.36313120089e-005, 6.48125860607e-005, 5.41457739018e-005, 5.1691684348e-005, 4.04314523621e-005, 3.43462306773e-005, 5.25022805959e-005, 9.50720786932e-005, 0.000220511603402, 0.000305471563479, 0.000282936060103, 0.00014469611051, 8.06681637187e-005, 3.40247352142e-005, 3.82681037081e-006, 6.96504002917e-007, 2.68658961744e-008, 1.87321755329e-010, 1.93808066817e-010, 5.50519768661e-011]
        dmean2: [1.83669001785e-007, 5.76419988647e-005, 0.000186089542694, 0.000205406191526, 0.000793314713519, 0.000163814082043, 0.000140672942507, 0.000105195722426, 0.000138669231092, 0.000106380270154, 8.8841188699e-005, 8.45902759465e-005, 6.61127050989e-005, 5.57277380722e-005, 8.62780871103e-005, 0.000157828922966, 0.000356126984116, 0.000487869983772, 0.00046153072617, 0.000237798900343, 0.000131000459078, 5.48948846699e-005, 6.37056928099e-006, 1.11457575258e-006, 4.34932090343e-008, 3.47719325555e-010, 3.59831303642e-010, 1.02214590958e-010]
        dvar: [2.83874655824e-014, 3.8232133015e-009, 3.7916461082e-008, 5.19841485414e-008, 8.15307828361e-007, 1.85166015854e-008, 1.38539180128e-008, 9.69262714534e-009, 1.86541857516e-008, 9.35792687784e-009, 1.03491162307e-008, 7.48916839655e-009, 7.31974481027e-009, 4.92073537472e-009, 1.01167900723e-008, 2.74996185823e-008, 1.32260637997e-007, 3.28224388113e-007, 1.4346572641e-007, 3.61549581385e-008, 9.96569760048e-009, 2.3575272845e-009, 7.59358617652e-011, 1.21785968896e-012, 3.42917477048e-015, 7.82009248654e-020, 8.38114583158e-020, 6.76178630173e-021]
        dvar2: [8.45712863347e-014, 1.12435980526e-008, 1.08598563031e-007, 1.50521771047e-007, 2.21585196414e-006, 4.81277702136e-008, 3.66062486989e-008, 2.4245574437e-008, 5.2669367534e-008, 2.39406467983e-008, 2.63974122561e-008, 1.8116809386e-008, 1.91985343179e-008, 1.19525296327e-008, 2.62396646633e-008, 7.23844024719e-008, 3.21783915069e-007, 7.38027267744e-007, 3.49491784846e-007, 9.28693424385e-008, 2.54188634585e-008, 5.69514169158e-009, 2.09307043919e-010, 3.1825514446e-012, 9.0705327838e-015, 2.51713154201e-019, 2.69805093462e-019, 2.17683774212e-020]
        max: [2.03927629627e-006, 0.000807904289104, 0.00250934110954, 0.00603171531111, 0.0121379196644, 0.00193440157454, 0.00163667742163, 0.00184581172653, 0.00232958421111, 0.00201582349837, 0.00250392965972, 0.00178436422721, 0.00212994613685, 0.00200522597879, 0.00346242776141, 0.00459513626993, 0.00745209492743, 0.0299064777792, 0.0170090142637, 0.00389295560308, 0.00155225780327, 0.00159361120313, 0.000176573143108, 1.61674379342e-005, 1.46999309436e-006, 3.36578698246e-009, 3.5097478257e-009, 9.98437665878e-010]
        mean: [1.0329362965e-007, 3.40604492521e-005, 0.000117373063404, 0.000165832258062, 0.000581087835599, 0.000180583752808, 0.000144064499182, 0.000106922649138, 0.000146265898366, 0.000115467344585, 9.3877708423e-005, 9.12602408789e-005, 7.32145272195e-005, 6.39580321149e-005, 9.80563199846e-005, 0.000181548370165, 0.000475820474094, 0.000710961059667, 0.000716142298188, 0.000319590093568, 0.000198385707336, 8.30948338262e-005, 7.91647198639e-006, 1.85849842183e-006, 4.71523051715e-008, 1.48781917342e-010, 1.51945692139e-010, 4.30062062351e-011]
        median: [3.6108595225e-008, 1.2702249478e-005, 6.38012134004e-005, 0.000114075446618, 0.000320496328641, 0.000118989126349, 9.12573814276e-005, 6.51630834909e-005, 7.95524756541e-005, 6.50044385111e-005, 4.48090795544e-005, 4.70027371193e-005, 3.59654804925e-005, 2.99360399367e-005, 4.98512526974e-005, 0.00011254043784, 0.000283537985524, 0.000397020427044, 0.000559644424357, 0.000254879996646, 0.00015209375124, 6.13921729382e-005, 4.94936102768e-006, 1.01281557363e-006, 1.58354964697e-008, 5.30633002815e-011, 5.28111304687e-011, 1.4895657624e-011]
        min: [3.17403411419e-025, 4.10059443751e-024, 7.50760994259e-025, 1.48125605325e-024, 1.45500487253e-023, 1.23016350067e-023, 5.13707799202e-024, 9.51425889581e-024, 1.60484142841e-023, 1.85439836464e-023, 1.75970003059e-023, 2.03728756136e-023, 2.86708940093e-023, 3.47640903511e-023, 5.08465471388e-023, 5.77974466993e-023, 5.91725006768e-023, 9.25173545288e-023, 1.25182405918e-022, 1.87818769586e-022, 2.16609668272e-022, 3.46636084045e-022, 3.71647392361e-022, 6.16224060368e-022, 8.76209340176e-022, 1.3850662759e-021, 1.87318442446e-021, 3.58222923508e-022]
        var: [2.6484956738e-014, 3.40768435692e-009, 3.3016945622e-008, 4.84388067434e-008, 7.27339056539e-007, 4.01040693987e-008, 2.7854445861e-008, 1.91135427485e-008, 4.12448848408e-008, 2.59060666252e-008, 2.64166661879e-008, 1.96315994572e-008, 1.93131217685e-008, 1.57917749988e-008, 3.72098263313e-008, 6.86241037329e-008, 4.06747886927e-007, 1.28604563088e-006, 5.92592130033e-007, 8.27464674558e-008, 2.99873512688e-008, 8.60856097518e-009, 9.79702291515e-011, 4.85497883215e-012, 7.63293745429e-015, 6.21352937614e-020, 6.62934596149e-020, 5.34294981187e-021]
    mfcc:
        mean: [-725.432373047, 102.321029663, -59.6417350769, 67.8871002197, -26.8637332916, -3.65429282188, -9.27426815033, 4.06857633591, -9.43944740295, -9.28452110291, -10.1557388306, -3.75677156448, -10.1478738785]
        cov: [[9443.56933594, 1175.81872559, -1464.79919434, 1143.70288086, -855.095703125, 156.293533325, -455.781311035, 266.010742188, -258.775726318, -118.737861633, -271.920776367, -21.4599304199, -259.712615967], [1175.81872559, 613.151306152, -248.338546753, 235.074676514, -77.9636306763, -56.984577179, -15.9179553986, -26.8983192444, 11.9210767746, -82.1194152832, 16.691783905, -16.7215995789, 11.9636802673], [-1464.79919434, -248.338546753, 423.496307373, -160.29083252, 147.152008057, -2.08505153656, 74.2557449341, -16.7690601349, 21.5889778137, 85.5746917725, 10.7157020569, 21.4665870667, 26.801607132], [1143.70288086, 235.074676514, -160.29083252, 247.280075073, -68.1698608398, 6.08114910126, -36.7427444458, 38.2734909058, -9.03583526611, -36.3025054932, -11.8613634109, -5.29795312881, -19.4653186798], [-855.095703125, -77.9636306763, 147.152008057, -68.1698608398, 149.696395874, 11.1290626526, 58.9590644836, -11.4436597824, 30.3528728485, 19.5124263763, 34.0950927734, 14.1569805145, 30.4880161285], [156.293533325, -56.984577179, -2.08505153656, 6.08114910126, 11.1290626526, 100.927612305, 16.9610462189, 31.2315273285, -3.9797141552, 22.3737049103, -0.898146808147, 7.22143268585, -2.78897070885], [-455.781311035, -15.9179553986, 74.2557449341, -36.7427444458, 58.9590644836, 16.9610462189, 112.641693115, 19.3609733582, 17.6433086395, 12.4554729462, 16.1910762787, 7.75288152695, 14.9364967346], [266.010742188, -26.8983192444, -16.7690601349, 38.2734909058, -11.4436597824, 31.2315273285, 19.3609733582, 108.20904541, 22.8405952454, 12.2994174957, -4.41277360916, 6.15241336823, -8.15448760986], [-258.775726318, 11.9210767746, 21.5889778137, -9.03583526611, 30.3528728485, -3.9797141552, 17.6433086395, 22.8405952454, 82.0654144287, 13.6458120346, 26.8425388336, 0.629929959774, 13.9602613449], [-118.737861633, -82.1194152832, 85.5746917725, -36.3025054932, 19.5124263763, 22.3737049103, 12.4554729462, 12.2994174957, 13.6458120346, 107.800125122, 3.03442215919, 10.0023937225, -6.49777078629], [-271.920776367, 16.691783905, 10.7157020569, -11.8613634109, 34.0950927734, -0.898146808147, 16.1910762787, -4.41277360916, 26.8425388336, 3.03442215919, 79.3351135254, 21.476984024, 24.1988773346], [-21.4599304199, -16.7215995789, 21.4665870667, -5.29795312881, 14.1569805145, 7.22143268585, 7.75288152695, 6.15241336823, 0.629929959774, 10.0023937225, 21.476984024, 63.2922096252, 25.300031662], [-259.712615967, 11.9636802673, 26.801607132, -19.4653186798, 30.4880161285, -2.78897070885, 14.9364967346, -8.15448760986, 13.9602613449, -6.49777078629, 24.1988773346, 25.300031662, 71.7310409546]]
        icov: [[0.00252539222129, -0.00202469457872, 0.00374816148542, -0.00500036496669, 0.00460189580917, -0.00339553132653, 0.00368266343139, -0.00339725194499, 0.00393078476191, -0.00368824857287, 0.00400533992797, -0.00391072779894, 0.00241183699109], [-0.00202469457872, 0.00559558812529, -0.00170707842335, 0.000371690664906, -0.00310108461417, 0.00452473247424, -0.00504836253822, 0.00519863376394, -0.00447858357802, 0.00324442866258, -0.00376351224259, 0.00382105726749, -0.00330162607133], [0.00374816148542, -0.00170707842335, 0.0111503200606, -0.00688859028742, 0.00292652961798, -0.00303949601948, 0.00398143008351, -0.00444079609588, 0.00605224585161, -0.00840908009559, 0.00741352792829, -0.00631251512095, 0.00290985684842], [-0.00500036496669, 0.000371690664906, -0.00688859028742, 0.0190344229341, -0.00939984526485, 0.00510699255392, -0.00458848709241, 0.00249520712532, -0.00634069880471, 0.00775352492929, -0.00732876965776, 0.00667112227529, -0.0029386500828], [0.00460189580917, -0.00310108461417, 0.00292652961798, -0.00939984526485, 0.0225055515766, -0.00825770944357, 0.00274374103174, -0.0035820202902, 0.00397107377648, -0.00489162094891, 0.00401181401685, -0.00673556933179, 0.00247590756044], [-0.00339553132653, 0.00452473247424, -0.00303949601948, 0.00510699255392, -0.00825770944357, 0.0176767837256, -0.00693776458502, 0.00210526445881, -0.00317819253542, 0.00208470411599, -0.00533411931247, 0.00501184118912, -0.00380690698512], [0.00368266343139, -0.00504836253822, 0.00398143008351, -0.00458848709241, 0.00274374103174, -0.00693776458502, 0.0188119616359, -0.00915531627834, 0.00648339185864, -0.00492448406294, 0.00527645461261, -0.00553754810244, 0.00351412408054], [-0.00339725194499, 0.00519863376394, -0.00444079609588, 0.00249520712532, -0.0035820202902, 0.00210526445881, -0.00915531627834, 0.0192428920418, -0.0111178699881, 0.00471099698916, -0.00385744427331, 0.00339885009453, -0.00243959738873], [0.00393078476191, -0.00447858357802, 0.00605224585161, -0.00634069880471, 0.00397107377648, -0.00317819253542, 0.00648339185864, -0.0111178699881, 0.0236183237284, -0.00823116116226, 0.00152945215814, -0.00280718645081, 0.00170353113208], [-0.00368824857287, 0.00324442866258, -0.00840908009559, 0.00775352492929, -0.00489162094891, 0.00208470411599, -0.00492448406294, 0.00471099698916, -0.00823116116226, 0.0182701647282, -0.00630898587406, 0.00379719189368, -0.00088179652812], [0.00400533992797, -0.00376351224259, 0.00741352792829, -0.00732876965776, 0.00401181401685, -0.00533411931247, 0.00527645461261, -0.00385744427331, 0.00152945215814, -0.00630898587406, 0.0241579636931, -0.0112936226651, 0.00188541505486], [-0.00391072779894, 0.00382105726749, -0.00631251512095, 0.00667112227529, -0.00673556933179, 0.00501184118912, -0.00553754810244, 0.00339885009453, -0.00280718645081, 0.00379719189368, -0.0112936226651, 0.0270744301379, -0.0108796320856], [0.00241183699109, -0.00330162607133, 0.00290985684842, -0.0029386500828, 0.00247590756044, -0.00380690698512, 0.00351412408054, -0.00243959738873, 0.00170353113208, -0.00088179652812, 0.00188541505486, -0.0108796320856, 0.0219197571278]]
    sccoeffs:
        dmean: [0.0552159920335, 0.0434414148331, 0.0373531356454, 0.0300251040608, 0.0228235051036, 0.0176846366376]
        dmean2: [0.0912717804313, 0.0722854956985, 0.0614487119019, 0.0492940992117, 0.0368383936584, 0.0283801462501]
        dvar: [0.00222864584066, 0.00116985663772, 0.000911120150704, 0.000573710887693, 0.000330955488607, 0.000223413182539]
        dvar2: [0.00574824539945, 0.00322096934542, 0.00246897060424, 0.00150404218584, 0.000818521832116, 0.000562768138479]
        max: [-0.289971262217, -0.529613852501, -0.530643105507, -0.551743686199, -0.564913630486, -0.467312783003]
        mean: [-0.63888913393, -0.767515599728, -0.775484323502, -0.777644872665, -0.759572088718, -0.636535584927]
        median: [-0.638968348503, -0.769439399242, -0.778754591942, -0.781501293182, -0.763225913048, -0.633618891239]
        min: [-0.976750016212, -0.99063450098, -0.991201043129, -0.983085095882, -0.983851373196, -0.964216649532]
        var: [0.00801005866379, 0.00366397900507, 0.00304094958119, 0.00262613943778, 0.00205477629788, 0.00243615661748]
    scvalleys:
        dmean: [0.397472798824, 0.327943265438, 0.31636428833, 0.277183771133, 0.213288888335, 0.248218491673]
        dmean2: [0.662186384201, 0.548838376999, 0.523371577263, 0.446431577206, 0.329284071922, 0.346103221178]
        dvar: [0.123779311776, 0.0859854072332, 0.0887787640095, 0.07294498384, 0.0603494010866, 0.0770802870393]
        dvar2: [0.301908612251, 0.210951328278, 0.212255015969, 0.160585135221, 0.119901031256, 0.143034994602]
        max: [-5.45792913437, -5.18214797974, -5.31681680679, -6.03584432602, -5.69019842148, -9.21535778046]
        mean: [-7.36958217621, -6.89446258545, -7.31103420258, -7.78512620926, -7.28435754776, -11.282201767]
        median: [-7.09178972244, -6.51501464844, -6.88238525391, -7.33482265472, -6.75255012512, -10.7437772751]
        min: [-28.0364017487, -28.0976753235, -27.7772579193, -27.5446815491, -27.6006984711, -27.3632221222]
        var: [3.5596704483, 3.94107675552, 4.00580120087, 3.94733214378, 4.46504974365, 3.94897127151]

rhythm:
    beats_loudness:
        dmean: 0.00133838120382
        dmean2: 0.00226675719023
        dvar: 1.69249312876e-006
        dvar2: 4.53472694062e-006
        max: 0.0136814070866
        mean: 0.0057617565617
        median: 0.00619450584054
        min: 1.90793518137e-012
        var: 8.00544512458e-006
    bpm: 99.2385025024
    bpm_confidence: 0
    first_peak_bpm: 99
    first_peak_spread: 0.0640668794513
    first_peak_weight: 0.879581153393
    onset_rate: 2.58222436905
    second_peak_bpm: 133
    second_peak_spread: 0.111111097038
    second_peak_weight: 0.0209424085915
    beats_loudness_band_ratio:
        dmean: [0.0595652908087, 0.10042335093, 0.0441125258803, 0.0353122763336, 0.0874725058675, 0.0877845212817]
        dmean2: [0.100149817765, 0.171701043844, 0.0757149904966, 0.0608581341803, 0.149832636118, 0.15232872963]
        dvar: [0.00627447245643, 0.00828590895981, 0.00161453313194, 0.00112030014861, 0.00536248274148, 0.00519859883934]
        dvar2: [0.017250765115, 0.0215371996164, 0.00437941495329, 0.00312141398899, 0.0147662088275, 0.0144977206364]
        max: [0.781731665134, 0.642684698105, 0.402385264635, 0.220160856843, 0.623067378998, 0.569081366062]
        mean: [0.101351134479, 0.234263882041, 0.0895353704691, 0.0730141550303, 0.259839296341, 0.284857690334]
        median: [0.083049915731, 0.211898207664, 0.0794600695372, 0.0640225484967, 0.241979554296, 0.28566133976]
        min: [0, 0, 0, 0, 0, 0]
        var: [0.0070740361698, 0.0151562076062, 0.00285571231507, 0.00156387977768, 0.0118409125134, 0.00836930703372]
    beats_position: [0.66176867485, 1.28870749474, 1.91564619541, 2.55419492722, 3.19274377823, 3.8196823597, 4.446621418, 5.06195020676, 5.67727899551, 6.29260778427, 6.8963265419, 7.51165533066, 8.11537361145, 8.71909236908, 9.32281208038, 9.93814086914, 10.4025392532, 10.8553285599, 11.3081178665, 11.7609071732, 12.2136955261, 12.6664848328, 13.1192741394, 13.5952835083, 14.0712919235, 14.5473012924, 15.0233106613, 15.4760990143, 15.9288883209, 16.4513378143, 16.9737873077, 17.4962348938, 18.088344574, 18.6804523468, 19.272562027, 19.8762817383, 20.4799995422, 21.0837192535, 21.6874370575, 22.2911567688, 22.8948745728, 23.4985942841, 24.102312088, 24.7060317993, 25.3097496033, 25.9134693146, 26.5171871185, 27.1209068298, 27.7246246338, 28.3283443451, 28.932062149, 29.5357818604, 30.1394996643, 30.7432193756, 31.3469390869, 31.9506568909, 32.5543746948, 33.1580963135, 33.7618141174, 34.3655319214, 34.9692497253, 35.572971344, 36.1766891479, 36.7804069519, 37.3841247559, 37.9878463745, 38.5915641785, 39.1952819824, 39.7989997864, 40.402721405, 41.006439209, 41.6101570129, 42.2138786316, 42.8175964355, 43.4213142395, 44.0250320435, 44.6287536621, 45.2324714661, 45.83618927, 46.439907074, 47.0436286926, 47.6473464966, 48.2510643005, 48.8547821045, 49.4585037231, 50.0622215271, 50.6659393311, 51.269657135, 51.8733787537, 52.4770965576, 53.0808143616, 53.6845359802, 54.2882537842, 54.8919715881, 55.4956893921, 56.0994110107, 56.7031288147, 57.3068466187, 57.9105644226, 58.5142860413, 59.1180038452, 59.7217216492, 60.3254394531, 60.9291610718, 61.5328788757, 62.1365966797, 62.7403144836, 63.3440361023, 63.9477539063, 64.5514755249, 65.1551895142, 65.7589111328, 66.3626327515, 66.9663467407, 67.5700683594, 68.1737823486, 68.7775039673, 69.392829895, 70.0081634521, 70.6118774414, 71.2039871216, 71.8077087402, 72.4114303589, 73.0151443481, 73.6304779053, 74.2341918945, 74.8379135132, 75.4416275024, 76.0453491211, 76.6490707397, 77.252784729, 77.8565063477, 78.4602279663, 79.0639419556, 79.6676635742, 80.2713851929, 80.8750991821, 81.4788208008, 82.08253479, 82.6862564087, 83.2899780273, 83.8936920166, 84.4974136353, 85.1011352539, 85.7048492432, 86.3085708618, 86.9122848511, 87.5160064697, 88.1197280884, 88.7234420776, 89.3271636963, 89.9308853149, 90.5345993042, 91.1383209229, 91.7420425415, 92.3457565308, 92.9494781494, 93.5531921387, 94.1569137573, 94.760635376, 95.3643493652, 95.9680709839, 96.5717926025, 97.1755065918, 97.7792282104, 98.3829498291, 98.9866638184, 99.590385437, 100.194099426, 100.797821045, 101.401542664, 102.005256653, 102.608978271, 103.21269989, 103.816413879, 104.420135498, 105.023849487, 105.627571106, 106.231292725, 106.835006714, 107.438728333, 108.042449951, 108.64616394, 109.249885559, 109.853607178, 110.457321167, 111.061042786, 111.664756775, 112.268478394, 112.872200012, 113.475914001, 114.07963562, 114.683357239, 115.287071228, 115.890792847, 116.494506836, 117.098228455, 117.701950073, 118.305664063, 118.909385681, 119.5131073, 120.116821289, 120.720542908, 121.324264526, 121.927978516, 122.543312073, 123.158638, 123.762359619, 124.366073608, 124.969795227, 125.573509216, 126.177230835, 126.780952454, 127.384666443, 127.988388062, 128.592102051, 129.195831299, 129.799545288, 130.403259277, 131.006988525, 131.610702515, 132.214416504, 132.818145752, 133.421859741, 134.02557373, 134.62928772, 135.233016968, 135.836730957, 136.440444946, 137.044174194, 137.647888184, 138.251602173, 138.855331421, 139.45904541, 140.062759399, 140.666488647, 141.270202637, 141.873916626, 142.477645874, 143.081359863, 143.685073853, 144.288803101, 144.89251709, 145.496231079, 146.099945068, 146.703674316, 147.307388306, 147.911102295, 148.514831543, 149.118545532, 149.722259521, 150.32598877, 150.929702759, 151.533416748, 152.137145996, 152.740859985, 153.344573975, 153.948303223, 154.552017212, 155.155731201, 155.759460449, 156.363174438, 156.966888428, 157.570602417, 158.174331665, 158.778045654, 159.381759644, 159.985488892, 160.589202881, 161.19291687, 161.808258057, 162.400360107, 163.004074097, 163.607803345, 164.211517334, 164.815231323, 165.418960571, 166.022674561, 166.638000488, 167.253326416, 167.857055664, 168.460769653, 169.064483643, 169.668212891, 170.27192688, 170.875640869, 171.479354858, 172.083084106, 172.686798096, 173.290512085, 173.894241333, 174.497955322, 175.101669312, 175.693786621, 176.285888672, 176.88961792, 177.493331909, 178.108657837, 178.723983765, 179.327713013, 179.931427002, 180.535140991, 181.138870239, 181.742584229, 182.346298218, 182.950012207, 183.553741455, 184.157455444, 184.761169434, 185.364898682, 185.968612671, 186.57232666, 187.176055908, 187.779769897, 188.383483887, 188.987213135, 189.590927124, 190.194641113, 190.798370361, 191.402084351, 192.00579834, 192.609527588, 193.213241577, 193.816955566, 194.420669556, 195.024398804, 195.628112793, 196.231826782, 196.83555603, 197.43927002, 198.042984009, 198.646713257, 199.250427246, 199.854141235, 200.457870483, 201.061584473, 201.665298462, 202.26902771, 202.872741699, 203.476455688, 204.05696106, 204.625839233, 205.148300171, 205.682357788, 206.239639282, 206.808517456, 207.389022827, 207.969512939, 208.596466064, 209.211791992, 209.82711792, 210.442443848, 211.046157837, 211.649887085, 212.253601074, 212.857315063, 213.461044312, 214.064758301, 214.66847229, 215.272201538, 215.875915527, 216.468017578, 217.060134888, 217.663848877, 218.267562866, 218.871292114, 219.475006104, 220.078720093, 220.682449341, 221.28616333, 221.889877319, 222.493606567, 223.108932495, 223.724258423, 224.327972412, 224.943313599, 225.570251465, 226.197189331, 226.824127197, 227.451065063, 228.07800293, 228.693328857, 229.320266724]
