
metadata:
    version:
        essentia: "2.1-beta2"
    audio_properties:
        analysis_sample_rate: 44100
        bitrate: 192
        channels: 2
        equal_loudness: 1
        length: 325.459594727
        replay_gain: -11.7705173492
        downmix: "mix"
    tags:
        album: "Album Inconnu"
        artist: "Cradle of Filth"
        comment: ""
        date: "2008"
        genre: "Metal"
        title: "The Death of Love"
        tracknumber: "3"

configuration:
    average_loudness:
        compute: 1
        frameSize: 88200
        hopSize: 44100
        silentFrames: "noise"
        windowType: "hann"
    general:
        analysisSampleRate: 44100
        endTime: 2000
        equalLoudness: 1
        nequalLoudness: 0
        shortSound: 0
        startTime: 0
    lowlevel:
        compute: 1
        frameSize: 2048
        hopSize: 1024
        zeroPadding: 0
        silentFrames: "noise"
        windowType: "blackmanharris62"
        mfccStats: ["mean", "cov", "icov"]
        stats: ["mean", "var", "median", "min", "max", "dmean", "dmean2", "dvar", "dvar2"]
    panning:
        compute: 0
        frameSize: 8192
        hopSize: 2048
        zeroPadding: 8192
        silentFrames: "noise"
        windowType: "hann"
        stats: ["copy"]
    rhythm:
        compute: 1
        maxTempo: 208
        minTempo: 40
        method: "degara"
        stats: ["mean", "var", "median", "min", "max", "dmean", "dmean2", "dvar", "dvar2"]
    segmentation:
        compute: 0
        cpw: 5
        inc1: 300
        inc2: 50
        minimumSegmentsLength: 10
        size1: 1000
        size2: 600
    sfx:
        compute: 1
        stats: ["mean", "var", "median", "min", "max", "dmean", "dmean2", "dvar", "dvar2"]
    svm:
        compute: 0
    tonal:
        compute: 1
        frameSize: 4096
        hopSize: 2048
        zeroPadding: 0
        silentFrames: "noise"
        windowType: "blackmanharris62"
        stats: ["mean", "var", "median", "min", "max", "dmean", "dmean2", "dvar", "dvar2"]

lowlevel:
    average_loudness: 0.945615708828
    barkbands_kurtosis:
        dmean: 0.573582828045
        dmean2: 0.941379010677
        dvar: 1.16082704067
        dvar2: 2.55537509918
        max: 32.1862258911
        mean: -0.701012670994
        median: -1.21575522423
        min: -1.85189068317
        var: 3.24876785278
    barkbands_skewness:
        dmean: 0.355744540691
        dmean2: 0.557015776634
        dvar: 0.105230078101
        dvar2: 0.242488384247
        max: 3.63686418533
        mean: -0.0802408978343
        median: -0.104531809688
        min: -5.36761617661
        var: 0.589407920837
    barkbands_spread:
        dmean: 4.96992301941
        dmean2: 8.15056800842
        dvar: 21.5549488068
        dvar2: 56.1929092407
        max: 61.6231307983
        mean: 33.4232025146
        median: 34.5764083862
        min: 3.29406666756
        var: 89.942024231
    dissonance:
        dmean: 0.0122130000964
        dmean2: 0.021005243063
        dvar: 0.000175123597728
        dvar2: 0.000490825797897
        max: 0.500000119209
        mean: 0.479798823595
        median: 0.484456032515
        min: 0.257249951363
        var: 0.000354005489498
    hfc:
        dmean: 2.80321836472
        dmean2: 4.51610708237
        dvar: 14.4536247253
        dvar2: 34.5838432312
        max: 61.3126525879
        mean: 9.38702011108
        median: 8.25877857208
        min: 1.08306992766e-016
        var: 35.6486434937
    pitch:
        dmean: 928.033813477
        dmean2: 1780.28259277
        dvar: 1820170
        dvar2: 4380725
        max: 4578.70556641
        mean: 1285.00097656
        median: 386.890472412
        min: 52.1878204346
        var: 2154459.75
    pitch_instantaneous_confidence:
        dmean: 0.0793874114752
        dmean2: 0.131196051836
        dvar: 0.0043879491277
        dvar2: 0.0114829409868
        max: 0.92324334383
        mean: 0.356876701117
        median: 0.333982437849
        min: 0.0956482887268
        var: 0.0155850127339
    pitch_salience:
        dmean: 0.052723955363
        dmean2: 0.0858259499073
        dvar: 0.00201206072234
        dvar2: 0.00534849613905
        max: 0.924513041973
        mean: 0.66507935524
        median: 0.676565885544
        min: 0.285195589066
        var: 0.00688954861835
    silence_rate_20dB:
        dmean: 0
        dmean2: 0
        dvar: 0
        dvar2: 0
        max: 1
        mean: 1
        median: 1
        min: 1
        var: 0
    silence_rate_30dB:
        dmean: 0
        dmean2: 0
        dvar: 0
        dvar2: 0
        max: 1
        mean: 1
        median: 1
        min: 1
        var: 0
    silence_rate_60dB:
        dmean: 0.0848969072104
        dmean2: 0.169805929065
        dvar: 0.0776843130589
        dvar2: 0.170062184334
        max: 1
        mean: 0.217577397823
        median: 0
        min: 0
        var: 0.170259207487
    spectral_centroid:
        dmean: 253.406982422
        dmean2: 399.014709473
        dvar: 62341.0078125
        dvar2: 140749.4375
        max: 11847.5400391
        mean: 1887.828125
        median: 1810.05322266
        min: 173.288482666
        var: 1320631
    spectral_complexity:
        dmean: 4.21659421921
        dmean2: 6.67094755173
        dvar: 18.107088089
        dvar2: 42.7463874817
        max: 46
        mean: 17.6814098358
        median: 18
        min: 0
        var: 69.061164856
    spectral_crest:
        dmean: 1.78270304203
        dmean2: 2.99455428123
        dvar: 2.915610075
        dvar2: 7.8132185936
        max: 20.3433895111
        mean: 6.26056718826
        median: 5.55687046051
        min: 2.30589485168
        var: 6.64132118225
    spectral_decrease:
        dmean: 2.89727491998e-010
        dmean2: 4.7076104126e-010
        dvar: 1.27601824795e-019
        dvar2: 3.23236437389e-019
        max: 2.00839369052e-028
        mean: -1.12712250644e-009
        median: -1.07708575392e-009
        min: -4.17416279319e-009
        var: 3.49009808463e-019
    spectral_energy:
        dmean: 0.00131175189745
        dmean2: 0.00212759454735
        dvar: 2.6805471407e-006
        dvar2: 6.71546422382e-006
        max: 0.0192050598562
        mean: 0.00510543351993
        median: 0.00484364619479
        min: 9.94384833623e-021
        var: 7.24266237739e-006
    spectral_energyband_high:
        dmean: 0.000233678569202
        dmean2: 0.00040243632975
        dvar: 1.47949165807e-007
        dvar2: 3.79673821271e-007
        max: 0.00840790569782
        mean: 0.000466308993055
        median: 0.000361959479051
        min: 7.11373630429e-021
        var: 1.96918605866e-007
    spectral_energyband_low:
        dmean: 0.000241368616116
        dmean2: 0.00040089074173
        dvar: 1.05670338257e-007
        dvar2: 2.76960349765e-007
        max: 0.00468972232193
        mean: 0.000443588214694
        median: 0.00029544334393
        min: 1.57927665529e-023
        var: 2.1525063687e-007
    spectral_energyband_middle_high:
        dmean: 0.00071809644578
        dmean2: 0.00111652258784
        dvar: 7.64444564538e-007
        dvar2: 1.69207100953e-006
        max: 0.0187954939902
        mean: 0.00260425917804
        median: 0.0022156285122
        min: 1.1496110109e-021
        var: 2.89774357043e-006
    spectral_energyband_middle_low:
        dmean: 0.000695602793712
        dmean2: 0.00115087116137
        dvar: 8.87797398264e-007
        dvar2: 2.37641734202e-006
        max: 0.0110591836274
        mean: 0.00179164635483
        median: 0.00146323791705
        min: 1.38008930827e-022
        var: 1.77588276529e-006
    spectral_flatness_db:
        dmean: 0.0124093685299
        dmean2: 0.0199166089296
        dvar: 0.000128004801809
        dvar2: 0.000307169771986
        max: 0.371987849474
        mean: 0.140042543411
        median: 0.133095562458
        min: 0.0525828450918
        var: 0.00126029015519
    spectral_flux:
        dmean: 0.00740655930713
        dmean2: 0.0113827530295
        dvar: 6.71277812216e-005
        dvar2: 0.000127063452965
        max: 0.12296871841
        mean: 0.0428797565401
        median: 0.0423852577806
        min: 6.3407411266e-011
        var: 0.000271498982329
    spectral_kurtosis:
        dmean: 1.27675139904
        dmean2: 2.19898891449
        dvar: 7.14227867126
        dvar2: 21.1909065247
        max: 64.3989028931
        mean: 3.65090417862
        median: 2.54440307617
        min: -1.27328884602
        var: 25.8514842987
    spectral_rms:
        dmean: 0.000271202879958
        dmean2: 0.000432268163422
        dvar: 9.26018515202e-008
        dvar2: 2.23622308226e-007
        max: 0.00432858476415
        mean: 0.00212522852235
        median: 0.00217382330447
        min: 3.11469339903e-012
        var: 4.64299859004e-007
    spectral_rolloff:
        dmean: 321.573577881
        dmean2: 528.565124512
        dvar: 149692.015625
        dvar2: 350814.84375
        max: 19616.7480469
        mean: 3544.09863281
        median: 3509.91210938
        min: 172.265625
        var: 3401373.75
    spectral_skewness:
        dmean: 0.169661164284
        dmean2: 0.282570421696
        dvar: 0.0412889532745
        dvar2: 0.114823207259
        max: 5.99487352371
        mean: 1.24156904221
        median: 1.15242052078
        min: -0.286008745432
        var: 0.292851448059
    spectral_spread:
        dmean: 377701.71875
        dmean2: 571704.625
        dvar: 320693075968
        dvar2: 653380681728
        max: 42926384
        mean: 4749127
        median: 4270623
        min: 1031248.4375
        var: 1.69787187528e+013
    spectral_strongpeak:
        dmean: 0.493910908699
        dmean2: 0.864413142204
        dvar: 0.583018422127
        dvar2: 1.53756642342
        max: 11.7588529587
        mean: 0.676180660725
        median: 0.297737896442
        min: 4.1825216901e-011
        var: 0.863716423512
    zerocrossingrate:
        dmean: 0.00740653369576
        dmean2: 0.00903191417456
        dvar: 4.82410396216e-005
        dvar2: 6.43181847408e-005
        max: 0.521484375
        mean: 0.105696730316
        median: 0.10400390625
        min: 0.009765625
        var: 0.00248840381391
    barkbands:
        dmean: [1.86270412428e-007, 5.23829185113e-005, 0.000135975380545, 0.000168306127307, 0.000272808829322, 0.000234832667047, 0.000218837507418, 0.000135344074806, 0.000117975956528, 8.84692199179e-005, 6.38264173176e-005, 9.50704488787e-005, 7.71035702201e-005, 4.3529595132e-005, 7.49651007936e-005, 0.000132285422296, 0.000194161126274, 0.00019496724417, 0.000283698405838, 0.000218166518607, 0.000101416517282, 3.76920979761e-005, 5.58056444788e-006, 2.26317092711e-006, 1.08749975425e-006, 3.39481402989e-008, 3.2127217553e-010]
        dmean2: [3.18826948842e-007, 8.99483275134e-005, 0.000228520468227, 0.000275646772934, 0.000470917351777, 0.000395877053961, 0.000366051390301, 0.000222286704229, 0.00019317373517, 0.000144916397403, 0.000103236656287, 0.00015826287563, 0.000127676292323, 7.07346334821e-005, 0.000123744088341, 0.000216441243538, 0.000315513345413, 0.000314388162224, 0.000469101913041, 0.000370253634173, 0.000173878433998, 6.57872369629e-005, 9.29444286157e-006, 3.58213446816e-006, 1.70220664586e-006, 5.39013775835e-008, 5.6034410445e-010]
        dvar: [1.39175007781e-013, 8.63219096203e-009, 3.95241137596e-008, 4.96164282993e-008, 2.61426578163e-007, 1.54222348669e-007, 1.75321844154e-007, 8.03085811185e-008, 4.50381065775e-008, 2.38638673267e-008, 1.87494695325e-008, 4.71417465064e-008, 2.26775132006e-008, 8.59499404982e-009, 1.37173907788e-008, 3.88026428766e-008, 1.05464430078e-007, 1.11371086575e-007, 1.58039313192e-007, 1.24655159084e-007, 3.17521724469e-008, 3.27684168688e-009, 9.13619596643e-011, 2.63948325002e-011, 5.98319701076e-012, 9.1896052874e-015, 3.82921887132e-019]
        dvar2: [3.72502457482e-013, 2.41090063469e-008, 1.06189595783e-007, 1.26263856259e-007, 7.28398504179e-007, 4.11575626913e-007, 4.67148908001e-007, 2.00965587283e-007, 1.15037899207e-007, 6.16775253093e-008, 4.44077663531e-008, 1.25743866874e-007, 5.84161625738e-008, 2.05972305878e-008, 3.49136435318e-008, 9.4757879765e-008, 2.43992815285e-007, 2.61325084239e-007, 3.73097464035e-007, 3.15733501566e-007, 8.15897962525e-008, 8.95122731492e-009, 2.30261226752e-010, 5.20438865614e-011, 1.24557768613e-011, 2.10061070778e-014, 1.00441315778e-018]
        max: [3.66176323041e-006, 0.000898409227375, 0.00351702654734, 0.0037202204112, 0.00599098531529, 0.006223465316, 0.00724864285439, 0.00451628351584, 0.00456191459671, 0.00311858160421, 0.00383940571919, 0.00447272881866, 0.00366952084005, 0.00251563475467, 0.00208342005499, 0.00518359569833, 0.00804736278951, 0.0107121150941, 0.0122727351263, 0.011320002377, 0.0063356985338, 0.000601109873969, 0.000171335792402, 0.000137831433676, 5.59209111088e-005, 3.23600806951e-006, 2.53318521715e-008]
        mean: [2.28701821925e-007, 6.9488567533e-005, 0.000201353788725, 0.000270094838925, 0.000367645727238, 0.000375162402634, 0.000345047359588, 0.000202734125196, 0.000197926347028, 0.000150386491441, 0.000105442886706, 0.000176253626705, 0.000132535191369, 7.1078306064e-005, 0.00013826607028, 0.000255471735727, 0.000387250998756, 0.000392275833292, 0.000584202585742, 0.000404575490393, 0.00018917369016, 6.9906389399e-005, 1.18389307318e-005, 4.93507468491e-006, 2.09522636396e-006, 5.60379156411e-008, 3.59728774546e-010]
        median: [1.04145534863e-007, 4.18652343797e-005, 0.00012969825184, 0.000155956586241, 0.000208182260394, 0.000214588624658, 0.000146867125295, 7.43504497223e-005, 9.40438330872e-005, 6.7526998464e-005, 4.16570692323e-005, 5.70524207433e-005, 6.59246143186e-005, 3.71189707948e-005, 9.65071303654e-005, 0.000196196429897, 0.000249278440606, 0.000252222758718, 0.000465409131721, 0.000293263467029, 0.000146791644511, 5.57387320441e-005, 8.61439912114e-006, 2.867369858e-006, 1.02103456356e-006, 2.4532885945e-008, 1.64855851192e-010]
        min: [1.53405589415e-026, 4.92737075885e-024, 5.5443826546e-025, 6.78864309964e-025, 6.90064359882e-024, 4.0587571994e-024, 4.8265716901e-024, 6.82012535508e-024, 1.39845380082e-023, 1.00503845442e-023, 7.79225600352e-024, 2.16064647428e-023, 2.30575696448e-023, 3.23410819926e-023, 3.32245967402e-023, 5.5584086015e-023, 6.75630966329e-023, 5.81298853065e-023, 1.18057704523e-022, 1.49077936748e-022, 2.11964224173e-022, 2.89618833402e-022, 3.13926755471e-022, 4.90362199086e-022, 8.46898449625e-022, 1.33744492662e-021, 1.82622354739e-021]
        var: [1.28622590009e-013, 7.76241826372e-009, 5.84766723932e-008, 1.15795437239e-007, 2.61384428768e-007, 2.40738955881e-007, 3.25871184259e-007, 1.4112389124e-007, 8.40963778614e-008, 5.34297406318e-008, 4.3644579506e-008, 1.56148146857e-007, 4.70352325976e-008, 1.52752690497e-008, 2.482285133e-008, 7.60947145295e-008, 2.75818109685e-007, 2.48888085252e-007, 3.22221438864e-007, 1.86929383972e-007, 4.16779961654e-008, 3.79235309822e-009, 1.7038379041e-010, 7.68819591324e-011, 1.57722307437e-011, 1.61925204826e-014, 4.52053997965e-019]
    frequency_bands:
        dmean: [1.86270412428e-007, 5.23829185113e-005, 0.000135975380545, 0.000168306127307, 0.000272808829322, 0.000234832667047, 0.000218837507418, 0.000135344074806, 0.000117975956528, 8.84692199179e-005, 6.38264173176e-005, 9.50704488787e-005, 7.71035702201e-005, 4.3529595132e-005, 7.49651007936e-005, 0.000132285422296, 0.000194161126274, 0.00019496724417, 0.000283698405838, 0.000218166518607, 0.000101416517282, 3.76920979761e-005, 5.58056444788e-006, 2.26317092711e-006, 1.08749975425e-006, 3.39481402989e-008, 3.2127217553e-010, 5.94683677302e-011]
        dmean2: [3.18826948842e-007, 8.99483275134e-005, 0.000228520468227, 0.000275646772934, 0.000470917351777, 0.000395877053961, 0.000366051390301, 0.000222286704229, 0.00019317373517, 0.000144916397403, 0.000103236656287, 0.00015826287563, 0.000127676292323, 7.07346334821e-005, 0.000123744088341, 0.000216441243538, 0.000315513345413, 0.000314388162224, 0.000469101913041, 0.000370253634173, 0.000173878433998, 6.57872369629e-005, 9.29444286157e-006, 3.58213446816e-006, 1.70220664586e-006, 5.39013775835e-008, 5.6034410445e-010, 1.099054181e-010]
        dvar: [1.39175007781e-013, 8.63219096203e-009, 3.95241137596e-008, 4.96164282993e-008, 2.61426578163e-007, 1.54222348669e-007, 1.75321844154e-007, 8.03085811185e-008, 4.50381065775e-008, 2.38638673267e-008, 1.87494695325e-008, 4.71417465064e-008, 2.26775132006e-008, 8.59499404982e-009, 1.37173907788e-008, 3.88026428766e-008, 1.05464430078e-007, 1.11371086575e-007, 1.58039313192e-007, 1.24655159084e-007, 3.17521724469e-008, 3.27684168688e-009, 9.13619596643e-011, 2.63948325002e-011, 5.98319701076e-012, 9.1896052874e-015, 3.82921887132e-019, 6.97359300616e-021]
        dvar2: [3.72502457482e-013, 2.41090063469e-008, 1.06189595783e-007, 1.26263856259e-007, 7.28398504179e-007, 4.11575626913e-007, 4.67148908001e-007, 2.00965587283e-007, 1.15037899207e-007, 6.16775253093e-008, 4.44077663531e-008, 1.25743866874e-007, 5.84161625738e-008, 2.05972305878e-008, 3.49136435318e-008, 9.4757879765e-008, 2.43992815285e-007, 2.61325084239e-007, 3.73097464035e-007, 3.15733501566e-007, 8.15897962525e-008, 8.95122731492e-009, 2.30261226752e-010, 5.20438865614e-011, 1.24557768613e-011, 2.10061070778e-014, 1.00441315778e-018, 2.18217935786e-020]
        max: [3.66176323041e-006, 0.000898409227375, 0.00351702654734, 0.0037202204112, 0.00599098531529, 0.006223465316, 0.00724864285439, 0.00451628351584, 0.00456191459671, 0.00311858160421, 0.00383940571919, 0.00447272881866, 0.00366952084005, 0.00251563475467, 0.00208342005499, 0.00518359569833, 0.00804736278951, 0.0107121150941, 0.0122727351263, 0.011320002377, 0.0063356985338, 0.000601109873969, 0.000171335792402, 0.000137831433676, 5.59209111088e-005, 3.23600806951e-006, 2.53318521715e-008, 1.05645425741e-009]
        mean: [2.28701821925e-007, 6.9488567533e-005, 0.000201353788725, 0.000270094838925, 0.000367645727238, 0.000375162402634, 0.000345047359588, 0.000202734125196, 0.000197926347028, 0.000150386491441, 0.000105442886706, 0.000176253626705, 0.000132535191369, 7.1078306064e-005, 0.00013826607028, 0.000255471735727, 0.000387250998756, 0.000392275833292, 0.000584202585742, 0.000404575490393, 0.00018917369016, 6.9906389399e-005, 1.18389307318e-005, 4.93507468491e-006, 2.09522636396e-006, 5.60379156411e-008, 3.59728774546e-010, 4.66375306429e-011]
        median: [1.04145534863e-007, 4.18652343797e-005, 0.00012969825184, 0.000155956586241, 0.000208182260394, 0.000214588624658, 0.000146867125295, 7.43504497223e-005, 9.40438330872e-005, 6.7526998464e-005, 4.16570692323e-005, 5.70524207433e-005, 6.59246143186e-005, 3.71189707948e-005, 9.65071303654e-005, 0.000196196429897, 0.000249278440606, 0.000252222758718, 0.000465409131721, 0.000293263467029, 0.000146791644511, 5.57387320441e-005, 8.61439912114e-006, 2.867369858e-006, 1.02103456356e-006, 2.4532885945e-008, 1.64855851192e-010, 1.72273653676e-011]
        min: [1.53405589415e-026, 4.92737075885e-024, 5.5443826546e-025, 6.78864309964e-025, 6.90064359882e-024, 4.0587571994e-024, 4.8265716901e-024, 6.82012535508e-024, 1.39845380082e-023, 1.00503845442e-023, 7.79225600352e-024, 2.16064647428e-023, 2.30575696448e-023, 3.23410819926e-023, 3.32245967402e-023, 5.5584086015e-023, 6.75630966329e-023, 5.81298853065e-023, 1.18057704523e-022, 1.49077936748e-022, 2.11964224173e-022, 2.89618833402e-022, 3.13926755471e-022, 4.90362199086e-022, 8.46898449625e-022, 1.33744492662e-021, 1.82622354739e-021, 5.16590145488e-022]
        var: [1.28622590009e-013, 7.76241826372e-009, 5.84766723932e-008, 1.15795437239e-007, 2.61384428768e-007, 2.40738955881e-007, 3.25871184259e-007, 1.4112389124e-007, 8.40963778614e-008, 5.34297406318e-008, 4.3644579506e-008, 1.56148146857e-007, 4.70352325976e-008, 1.52752690497e-008, 2.482285133e-008, 7.60947145295e-008, 2.75818109685e-007, 2.48888085252e-007, 3.22221438864e-007, 1.86929383972e-007, 4.16779961654e-008, 3.79235309822e-009, 1.7038379041e-010, 7.68819591324e-011, 1.57722307437e-011, 1.61925204826e-014, 4.52053997965e-019, 5.79511347265e-021]
    mfcc:
        mean: [-697.838378906, 99.8390655518, -45.7413063049, 54.3468894958, -16.3738079071, -5.47597885132, -3.98678541183, -2.00993275642, -3.32329273224, -6.40072631836, -3.9164249897, -2.83285784721, -0.340266764164]
        cov: [[7060.26220703, 77.8674697876, -942.118774414, 895.518493652, -273.677490234, 28.7162380219, -227.001861572, -212.825622559, -15.628610611, -54.7608184814, -123.03062439, -118.021858215, -6.38955259323], [77.8674697876, 653.100646973, -89.7207565308, -3.31751728058, -44.0134239197, -34.798828125, 41.672164917, 28.7163505554, -15.2671041489, -34.2695198059, 27.3308944702, 3.90804028511, -0.368672400713], [-942.118774414, -89.7207565308, 459.786254883, -158.881896973, 70.2232589722, -14.6561489105, 20.7235965729, 52.5565757751, 12.8897790909, 14.9718179703, 14.915802002, 14.4262466431, -11.5109004974], [895.518493652, -3.31751728058, -158.881896973, 311.471099854, 12.2285795212, 28.8231887817, -61.5052757263, -42.1897964478, 18.6021308899, -16.8870449066, -31.0307731628, -30.7440490723, 2.61032104492], [-273.677490234, -44.0134239197, 70.2232589722, 12.2285795212, 141.722244263, 20.6094913483, 11.5577287674, 1.89565598965, 14.5276613235, -4.15983104706, -6.41913461685, -4.82975244522, -13.1556615829], [28.7162380219, -34.798828125, -14.6561489105, 28.8231887817, 20.6094913483, 138.38331604, 58.767490387, 9.10169219971, -7.23779249191, -3.40768909454, -0.0675434917212, -7.46435594559, -2.70910048485], [-227.001861572, 41.672164917, 20.7235965729, -61.5052757263, 11.5577287674, 58.767490387, 134.168502808, 47.2621459961, 0.961496114731, 4.22818994522, 18.7643756866, 8.2096414566, -1.52296543121], [-212.825622559, 28.7163505554, 52.5565757751, -42.1897964478, 1.89565598965, 9.10169219971, 47.2621459961, 90.1185684204, 23.115442276, 11.0954265594, 10.5677757263, 4.01196479797, -3.72279024124], [-15.628610611, -15.2671041489, 12.8897790909, 18.6021308899, 14.5276613235, -7.23779249191, 0.961496114731, 23.115442276, 74.5506515503, 25.0870723724, 4.68901491165, -9.53774833679, -5.14084339142], [-54.7608184814, -34.2695198059, 14.9718179703, -16.8870449066, -4.15983104706, -3.40768909454, 4.22818994522, 11.0954265594, 25.0870723724, 78.2099761963, 26.9643936157, 5.78230905533, -2.65331792831], [-123.03062439, 27.3308944702, 14.915802002, -31.0307731628, -6.41913461685, -0.0675434917212, 18.7643756866, 10.5677757263, 4.68901491165, 26.9643936157, 68.0824661255, 25.9019412994, 2.61024928093], [-118.021858215, 3.90804028511, 14.4262466431, -30.7440490723, -4.82975244522, -7.46435594559, 8.2096414566, 4.01196479797, -9.53774833679, 5.78230905533, 25.9019412994, 62.5886230469, 26.3612670898], [-6.38955259323, -0.368672400713, -11.5109004974, 2.61032104492, -13.1556615829, -2.70910048485, -1.52296543121, -3.72279024124, -5.14084339142, -2.65331792831, 2.61024928093, 26.3612670898, 57.8311920166]]
        icov: [[0.000294020050205, 2.05625456147e-005, 0.000265744281933, -0.000704540056176, 0.000516136293299, 4.89853882755e-005, -2.21522641368e-005, 0.000174970293301, 7.5366551755e-005, -5.89356750424e-005, 0.000167641584994, 3.45349581039e-005, 0.00022838593577], [2.05625456147e-005, 0.00185488397256, 0.000396828458179, -0.000229675337323, 0.000343909894582, 0.000964641862083, -0.000823759706691, -0.000663545913994, 0.000355748488801, 0.00116721261293, -0.00117659324314, 0.000392905523768, 0.000121647688502], [0.000265744281933, 0.000396828458179, 0.00347139523365, 0.000999026466161, -0.00120603467803, 0.000134289832204, 0.00082583935, -0.00144877028652, -2.46546787821e-005, 8.19742781459e-005, -0.000132091561682, -3.44702784787e-005, 0.000361422629794], [-0.000704540056176, -0.000229675337323, 0.000999026466161, 0.0069525251165, -0.00227798777632, -0.00221756449901, 0.00290150567889, 0.000164838842466, -0.00220322678797, 0.000835103099234, 0.000161489166203, 0.0011585856555, -0.00142228521872], [0.000516136293299, 0.000343909894582, -0.00120603467803, -0.00227798777632, 0.00959841441363, -0.000764779921155, -0.00123760360293, 0.00164555781521, -0.00182804255746, 0.000941950536799, 0.00105469359551, -0.00101142143831, 0.00243713171221], [4.89853882755e-005, 0.000964641862083, 0.000134289832204, -0.00221756449901, -0.000764779921155, 0.0107859103009, -0.00602605519816, 0.000208624755032, 0.00214616744779, 4.78287038277e-005, -0.000508027558681, 0.00151182874106, -0.000148821418406], [-2.21522641368e-005, -0.000823759706691, 0.00082583935, 0.00290150567889, -0.00123760360293, -0.00602605519816, 0.0137364631519, -0.00533902086318, 2.98167269648e-005, 0.000358720950317, -0.00169597601052, -0.000219238048885, -0.00032446385012], [0.000174970293301, -0.000663545913994, -0.00144877028652, 0.000164838842466, 0.00164555781521, 0.000208624755032, -0.00533902086318, 0.0167788937688, -0.00532417790964, -0.000322103034705, 0.000820713758003, -0.000960895442404, 0.000955814786721], [7.5366551755e-005, 0.000355748488801, -2.46546787821e-005, -0.00220322678797, -0.00182804255746, 0.00214616744779, 2.98167269648e-005, -0.00532417790964, 0.0185547042638, -0.00548551091924, -0.000738761620596, 0.00342252384871, -0.000681154138874], [-5.89356750424e-005, 0.00116721261293, 8.19742781459e-005, 0.000835103099234, 0.000941950536799, 4.78287038277e-005, 0.000358720950317, -0.000322103034705, -0.00548551091924, 0.017651706934, -0.00696495873854, 0.000407226558309, 0.000635762698948], [0.000167641584994, -0.00117659324314, -0.000132091561682, 0.000161489166203, 0.00105469359551, -0.000508027558681, -0.00169597601052, 0.000820713758003, -0.000738761620596, -0.00696495873854, 0.0222171414644, -0.00924975145608, 0.00303005077876], [3.45349581039e-005, 0.000392905523768, -3.44702784787e-005, 0.0011585856555, -0.00101142143831, 0.00151182874106, -0.000219238048885, -0.000960895442404, 0.00342252384871, 0.000407226558309, -0.00924975145608, 0.0258726980537, -0.0113328918815], [0.00022838593577, 0.000121647688502, 0.000361422629794, -0.00142228521872, 0.00243713171221, -0.000148821418406, -0.00032446385012, 0.000955814786721, -0.000681154138874, 0.000635762698948, 0.00303005077876, -0.0113328918815, 0.0230520144105]]
    sccoeffs:
        dmean: [0.0495355948806, 0.0485629215837, 0.0383516438305, 0.0294698365033, 0.0218820795417, 0.0221137404442]
        dmean2: [0.0829248353839, 0.0811434984207, 0.0639948621392, 0.0493126250803, 0.0358822867274, 0.0351336710155]
        dvar: [0.00158805015963, 0.00148749817163, 0.00091605016496, 0.000534911232535, 0.000334128708346, 0.000405929313274]
        dvar2: [0.00445378245786, 0.00414581643417, 0.00253670103848, 0.00146314082667, 0.00085664447397, 0.000919692043681]
        max: [-0.281367868185, -0.463852345943, -0.53489869833, -0.582356512547, -0.571367323399, -0.541069447994]
        mean: [-0.675102293491, -0.74460452795, -0.782966911793, -0.785362780094, -0.788275778294, -0.712762653828]
        median: [-0.677795290947, -0.747933387756, -0.788209319115, -0.787856340408, -0.792488753796, -0.707085847855]
        min: [-0.982009112835, -0.979502916336, -0.977150082588, -0.969895303249, -0.966749548912, -0.964189171791]
        var: [0.00507299182937, 0.0049841273576, 0.00338546163402, 0.00199505430646, 0.00157754519023, 0.0025701825507]
    scvalleys:
        dmean: [0.358136922121, 0.360086113214, 0.286527782679, 0.248017668724, 0.234575852752, 0.328202962875]
        dmean2: [0.598969042301, 0.596014857292, 0.467482209206, 0.393642604351, 0.359376698732, 0.497186034918]
        dvar: [0.100642979145, 0.102169714868, 0.0616258867085, 0.0506350807846, 0.0603988878429, 0.153132274747]
        dvar2: [0.258990883827, 0.256689310074, 0.141361773014, 0.111277461052, 0.130733713508, 0.321947932243]
        max: [-5.04147338867, -4.29845333099, -5.09328317642, -5.60734558105, -5.46988105774, -7.70872926712]
        mean: [-7.00767660141, -6.64514541626, -7.0975394249, -7.34722280502, -7.12073135376, -10.1706848145]
        median: [-6.62252569199, -6.33537578583, -6.78956365585, -6.9392285347, -6.64399909973, -9.69671821594]
        min: [-28.0825958252, -27.8997879028, -28.0412273407, -27.8499679565, -27.5587520599, -27.4105415344]
        var: [5.89041900635, 5.99432945251, 5.6369934082, 5.84929323196, 6.19198608398, 5.39147377014]

rhythm:
    beats_loudness:
        dmean: 0.00156751868781
        dmean2: 0.00260722823441
        dvar: 2.17934302782e-006
        dvar2: 6.09980315858e-006
        max: 0.0130599411204
        mean: 0.00563691509888
        median: 0.00583500927314
        min: 0
        var: 6.50506217426e-006
    bpm: 110.001785278
    bpm_confidence: 0
    first_peak_bpm: 110
    first_peak_spread: 0.189781054854
    first_peak_weight: 0.724306702614
    onset_rate: 3.38905358315
    second_peak_bpm: 178
    second_peak_spread: 0
    second_peak_weight: 0.0309951063246
    beats_loudness_band_ratio:
        dmean: [0.075597949326, 0.0996058881283, 0.101498492062, 0.0725586339831, 0.103372566402, 0.0907281711698]
        dmean2: [0.131543919444, 0.180935755372, 0.177367180586, 0.127658784389, 0.176881983876, 0.16054046154]
        dvar: [0.00865539442748, 0.00693519599736, 0.0106082297862, 0.00755764404312, 0.00997995119542, 0.0093313800171]
        dvar2: [0.0230561736971, 0.020486490801, 0.0285533238202, 0.0214168578386, 0.0284358598292, 0.0282999482006]
        max: [0.842351019382, 0.679907917976, 0.656468689442, 0.657101452351, 0.847586393356, 0.931320905685]
        mean: [0.121679484844, 0.134305596352, 0.162814021111, 0.11297326535, 0.250761657953, 0.232134267688]
        median: [0.080934330821, 0.110290169716, 0.122608989477, 0.0777135640383, 0.23692497611, 0.22741356492]
        min: [0, 0, 0, 0, 0, 0]
        var: [0.0195705145597, 0.0099859694019, 0.0157681275159, 0.0103041287512, 0.0184248872101, 0.0142323337495]
    beats_position: [0.348299324512, 0.708208620548, 1.06811785698, 1.40480720997, 1.74149656296, 2.07818579674, 2.42648530006, 2.77478456497, 3.11147379875, 3.44816327095, 3.78485250473, 4.12154197693, 4.45823097229, 4.79492044449, 5.13160991669, 5.46829938889, 5.81659841537, 6.15328788757, 6.48997735977, 6.83827638626, 7.18657588959, 7.53487491608, 7.8831744194, 8.2198638916, 8.56816291809, 8.90485286713, 9.24154186249, 9.57823085785, 9.91492080688, 10.2399997711, 10.6347389221, 11.0294780731, 11.4358272552, 11.8421764374, 12.2369155884, 12.6316547394, 13.0263938904, 13.4095239639, 13.7926530838, 14.1757822037, 14.5589113235, 14.9188203812, 15.2671203613, 15.6038093567, 15.9521083832, 16.3004074097, 16.6487064362, 17.0202255249, 17.3685264587, 17.7168254852, 18.1347846985, 18.5527439117, 18.970703125, 19.3886623383, 19.8066215515, 20.2245807648, 20.642539978, 21.1998176575, 21.7570972443, 22.3259868622, 22.8832645416, 23.4289340973, 23.974603653, 24.5202713013, 25.0659408569, 25.6116104126, 26.1572780609, 26.7029476166, 27.2486171722, 27.7942848206, 28.3399543762, 28.8856239319, 29.4312915802, 29.9769611359, 30.5226306915, 31.0682983398, 31.6139678955, 32.1596374512, 32.7053070068, 33.2509727478, 33.7966423035, 34.3423118591, 34.8879814148, 35.4336509705, 35.9793205261, 36.5249862671, 37.0706558228, 37.6163253784, 38.1503829956, 38.6960525513, 39.2417221069, 39.7873916626, 40.3330612183, 40.8903388977, 41.4360084534, 41.981678009, 42.5157356262, 43.0614051819, 43.6070747375, 44.164352417, 44.7100219727, 45.2556915283, 45.7897491455, 46.3354187012, 46.8810882568, 47.4267578125, 47.9724235535, 48.5180931091, 49.0637626648, 49.6094322205, 50.1551017761, 50.7007713318, 51.2464370728, 51.7921066284, 52.3377761841, 52.8834457397, 53.4291152954, 53.9747848511, 54.5204544067, 55.0545120239, 55.6001815796, 56.1458511353, 56.6915168762, 57.2371864319, 57.794467926, 58.3517456055, 58.8858032227, 59.4314727783, 59.977142334, 60.5228118896, 61.0684814453, 61.6141471863, 62.1598167419, 62.7054862976, 63.2511558533, 63.7968254089, 64.3424911499, 64.8765487671, 65.4222183228, 65.9678878784, 66.5135574341, 67.0592269897, 67.6048965454, 68.1505661011, 68.6962356567, 69.2419052124, 69.7875747681, 70.3332443237, 70.8789138794, 71.4245758057, 71.9818572998, 72.515914917, 73.0615844727, 73.6072540283, 74.152923584, 74.6985931396, 75.2442626953, 75.789932251, 76.3356018066, 76.8812713623, 77.426940918, 77.9726028442, 78.5182723999, 79.0639419556, 79.6096115112, 80.1552810669, 80.712562561, 81.2698364258, 81.8155059814, 82.3611755371, 82.8952331543, 83.44090271, 83.9865722656, 84.5206298828, 85.0662994385, 85.6119689941, 86.1576385498, 86.7033081055, 87.2489776611, 87.7946472168, 88.3403167725, 88.8859863281, 89.4316558838, 89.9773254395, 90.5113830566, 91.0570526123, 91.602722168, 92.1599960327, 92.7056655884, 93.251335144, 93.7970046997, 94.3426742554, 94.888343811, 95.4340133667, 95.9796829224, 96.525352478, 97.0710220337, 97.61668396, 98.1623535156, 98.6964187622, 99.2420806885, 99.7993621826, 100.3334198, 100.879089355, 101.424758911, 101.970428467, 102.504486084, 103.05015564, 103.607437134, 104.153106689, 104.698776245, 105.25605011, 105.801719666, 106.347389221, 106.893058777, 107.438728333, 107.984397888, 108.518455505, 109.064125061, 109.609794617, 110.155464172, 110.712738037, 111.258407593, 111.804077148, 112.349746704, 112.89541626, 113.429473877, 113.975143433, 114.520812988, 115.066482544, 115.6121521, 116.157821655, 116.703491211, 117.249160767, 117.794830322, 118.340499878, 118.886169434, 119.43183136, 119.977500916, 120.523170471, 121.057228088, 121.602897644, 122.1485672, 122.694236755, 123.25151825, 123.797187805, 124.342857361, 124.876914978, 125.422584534, 125.968254089, 126.513923645, 127.059593201, 127.616867065, 128.162536621, 128.708206177, 129.242263794, 129.78793335, 130.333602905, 130.879272461, 131.424942017, 131.982223511, 132.527893066, 133.073562622, 133.619232178, 134.164901733, 134.710571289, 135.256240845, 135.790298462, 136.335968018, 136.881637573, 137.42729187, 137.972961426, 138.518630981, 139.064300537, 139.609970093, 140.155639648, 140.712921143, 141.258590698, 141.804260254, 142.338317871, 142.883987427, 143.429656982, 143.975326538, 144.520996094, 145.066665649, 145.612335205, 146.169616699, 146.703674316, 147.249343872, 147.795013428, 148.340682983, 148.886352539, 149.432022095, 149.97769165, 150.523345947, 151.069015503, 151.603088379, 152.148742676, 152.694412231, 153.240081787, 153.785751343, 154.343032837, 154.888702393, 155.434371948, 155.968429565, 156.514099121, 157.059768677, 157.617050171, 158.162719727, 158.708389282, 159.254058838, 159.799728394, 160.333786011, 160.891067505, 161.436737061, 161.982406616, 162.528076172, 163.073745728, 163.619400024, 164.16506958, 164.699142456, 165.244796753, 165.790466309, 166.336135864, 166.88180542, 167.439086914, 167.973144531, 168.530426025, 169.076095581, 169.621765137, 170.155822754, 170.70149231, 171.247161865, 171.792831421, 172.338500977, 172.884170532, 173.429840088, 173.975509644, 174.521179199, 175.066848755, 175.612518311, 176.169799805, 176.703857422, 177.249526978, 177.795196533, 178.34085083, 178.886520386, 179.44380188, 179.977859497, 180.511917114, 181.05758667, 181.603256226, 182.148925781, 182.694595337, 183.240264893, 183.785934448, 184.331604004, 184.87727356, 185.422943115, 185.968612671, 186.502670288, 187.059951782, 187.605621338, 188.151290894, 188.696960449, 189.242630005, 189.788299561, 190.333969116, 190.868026733, 191.413696289, 191.959365845, 192.493423462, 193.050704956, 193.607971191, 194.165252686, 194.699310303, 195.256591797, 195.802261353, 196.347930908, 196.881988525, 197.416046143, 197.95010376, 198.507385254, 199.05305481, 199.598724365, 200.156005859, 200.713287354, 201.258956909, 201.804626465, 202.338684082, 202.895965576, 203.430023193, 203.987304688, 204.521362305, 205.06703186, 205.612701416, 206.158370972, 206.704025269, 207.249694824, 207.79536438, 208.341033936, 208.886703491, 209.432373047, 209.978042603, 210.523712158, 211.069381714, 211.61505127, 212.160720825, 212.706390381, 213.252059937, 213.797729492, 214.343399048, 214.889068604, 215.434738159, 215.980407715, 216.526077271, 217.071746826, 217.617416382, 218.163085938, 218.708755493, 219.254425049, 219.800079346, 220.345748901, 220.891418457, 221.437088013, 221.982757568, 222.528427124, 223.07409668, 223.619766235, 224.165435791, 224.711105347, 225.256774902, 225.802444458, 226.348114014, 226.882171631, 227.427841187, 227.973510742, 228.519180298, 229.064849854, 229.610519409, 230.156188965, 230.701858521, 231.247528076, 231.80480957, 232.350479126, 232.896133423, 233.430206299, 233.975875854, 234.521530151, 235.078811646, 235.624481201, 236.170150757, 236.704208374, 237.24987793, 237.795547485, 238.341217041, 238.886886597, 239.432556152, 239.978225708, 240.523895264, 241.069564819, 241.615234375, 242.160903931, 242.694961548, 243.240631104, 243.786300659, 244.331970215, 244.877639771, 245.434921265, 245.98059082, 246.526260376, 247.071929932, 247.617584229, 248.163253784, 248.70892334, 249.254592896, 249.800262451, 250.345932007, 250.891601563, 251.42565918, 251.971328735, 252.516998291, 253.062667847, 253.608337402, 254.154006958, 254.699676514, 255.245346069, 255.791015625, 256.336669922, 256.882354736, 257.43963623, 257.985290527, 258.530975342, 259.065032959, 259.610687256, 260.15637207, 260.702026367, 261.247711182, 261.793365479, 262.339050293, 262.88470459, 263.430389404, 263.976043701, 264.521728516, 265.067382813, 265.613067627, 266.158721924, 266.704406738, 267.250061035, 267.79574585, 268.341400146, 268.887084961, 269.432739258, 269.978393555, 270.524078369, 271.069732666, 271.61541748, 272.161071777, 272.706756592, 273.240814209, 273.786468506, 274.33215332, 274.877807617, 275.435089111, 275.980773926, 276.526428223, 277.072113037, 277.617767334, 278.151824951, 278.709106445, 279.25479126, 279.800445557, 280.346130371, 280.891784668, 281.437469482, 281.983123779, 282.528778076, 283.074462891, 283.620117188, 284.165802002, 284.699859619, 285.245513916, 285.79119873, 286.336853027, 286.882537842, 287.428192139, 287.973876953, 288.531158447, 289.076812744, 289.622497559, 290.168151855, 290.71383667, 291.259490967, 291.805175781, 292.350830078, 292.896514893, 293.43057251, 293.976226807, 294.521911621, 295.067565918, 295.613250732, 296.158905029, 296.704589844, 297.250244141, 297.795898438, 298.341583252, 298.887237549, 299.432922363, 299.97857666, 300.524261475, 301.069915771, 301.615600586, 302.161254883, 302.718536377, 303.252593994, 303.798278809, 304.343933105, 304.88961792, 305.435272217, 305.980957031, 306.526611328, 307.072296143, 307.617950439, 308.163635254, 308.709289551, 309.254974365, 309.800628662, 310.346282959, 310.891967773, 311.426025391, 311.971710205, 312.517364502, 313.063018799, 313.608703613, 314.15435791, 314.700042725, 315.245697021, 315.779754639, 316.313812256, 316.905944824, 317.498046875, 318.101776123, 318.705474854, 319.309204102, 319.831634521, 320.354095459, 320.876556396, 321.422210693, 321.979492188, 322.525177002, 323.082427979, 323.639709473, 324.196990967, 324.754272461]
