
metadata:
    version:
        essentia: "2.1-beta2"
    audio_properties:
        analysis_sample_rate: 44100
        bitrate: 232
        channels: 2
        equal_loudness: 1
        length: 206.262863159
        replay_gain: -14.3118648529
        downmix: "mix"
    tags:
        album: "Crossfade"
        artist: "Crossfade"
        comment: "Ripped by [HHI]"
        date: "2004"
        genre: "Rock"
        title: "So Far Away"
        tracknumber: "3"

configuration:
    average_loudness:
        compute: 1
        frameSize: 88200
        hopSize: 44100
        silentFrames: "noise"
        windowType: "hann"
    general:
        analysisSampleRate: 44100
        endTime: 2000
        equalLoudness: 1
        nequalLoudness: 0
        shortSound: 0
        startTime: 0
    lowlevel:
        compute: 1
        frameSize: 2048
        hopSize: 1024
        zeroPadding: 0
        silentFrames: "noise"
        windowType: "blackmanharris62"
        mfccStats: ["mean", "cov", "icov"]
        stats: ["mean", "var", "median", "min", "max", "dmean", "dmean2", "dvar", "dvar2"]
    panning:
        compute: 0
        frameSize: 8192
        hopSize: 2048
        zeroPadding: 8192
        silentFrames: "noise"
        windowType: "hann"
        stats: ["copy"]
    rhythm:
        compute: 1
        maxTempo: 208
        minTempo: 40
        method: "degara"
        stats: ["mean", "var", "median", "min", "max", "dmean", "dmean2", "dvar", "dvar2"]
    segmentation:
        compute: 0
        cpw: 5
        inc1: 300
        inc2: 50
        minimumSegmentsLength: 10
        size1: 1000
        size2: 600
    sfx:
        compute: 1
        stats: ["mean", "var", "median", "min", "max", "dmean", "dmean2", "dvar", "dvar2"]
    svm:
        compute: 0
    tonal:
        compute: 1
        frameSize: 4096
        hopSize: 2048
        zeroPadding: 0
        silentFrames: "noise"
        windowType: "blackmanharris62"
        stats: ["mean", "var", "median", "min", "max", "dmean", "dmean2", "dvar", "dvar2"]

lowlevel:
    average_loudness: 0.952354848385
    barkbands_kurtosis:
        dmean: 0.984990417957
        dmean2: 1.57413256168
        dvar: 2.66219806671
        dvar2: 6.34898614883
        max: 76.8541641235
        mean: 0.119867548347
        median: -0.613427877426
        min: -1.92073214054
        var: 7.7221531868
    barkbands_skewness:
        dmean: 0.40281945467
        dmean2: 0.623960733414
        dvar: 0.144527062774
        dvar2: 0.3392752707
        max: 4.79674625397
        mean: -0.601658582687
        median: -0.6863514781
        min: -7.17996931076
        var: 0.882826387882
    barkbands_spread:
        dmean: 5.89835929871
        dmean2: 9.33155536652
        dvar: 31.1315040588
        dvar2: 76.3496856689
        max: 86.8800964355
        mean: 29.861415863
        median: 28.850107193
        min: 1.22999632359
        var: 129.89414978
    dissonance:
        dmean: 0.010406319052
        dmean2: 0.0173574872315
        dvar: 0.00023791968124
        dvar2: 0.000637697929051
        max: 0.500000059605
        mean: 0.480394721031
        median: 0.488654732704
        min: 0
        var: 0.000638244848233
    hfc:
        dmean: 2.96782946587
        dmean2: 4.78493690491
        dvar: 16.3668937683
        dvar2: 40.1972122192
        max: 81.4184112549
        mean: 11.1441116333
        median: 10.686662674
        min: 1.07955599825e-016
        var: 49.9700469971
    pitch:
        dmean: 712.516113281
        dmean2: 1348.49169922
        dvar: 1252756.875
        dvar2: 3052438.75
        max: 5741.69580078
        mean: 1803.85253906
        median: 1499.19702148
        min: 74.4879684448
        var: 2291960
    pitch_instantaneous_confidence:
        dmean: 0.0758540332317
        dmean2: 0.124472424388
        dvar: 0.00407442031428
        dvar2: 0.010228975676
        max: 0.877155542374
        mean: 0.409760653973
        median: 0.386291265488
        min: 0.0980645418167
        var: 0.0174968391657
    pitch_salience:
        dmean: 0.0571239367127
        dmean2: 0.0935047343373
        dvar: 0.00253792782314
        dvar2: 0.00686503993347
        max: 0.995443463326
        mean: 0.65396386385
        median: 0.663693785667
        min: 0.13568662107
        var: 0.0082524754107
    silence_rate_20dB:
        dmean: 0
        dmean2: 0
        dvar: 0
        dvar2: 0
        max: 1
        mean: 1
        median: 1
        min: 1
        var: 0
    silence_rate_30dB:
        dmean: 0
        dmean2: 0
        dvar: 0
        dvar2: 0
        max: 1
        mean: 1
        median: 1
        min: 1
        var: 0
    silence_rate_60dB:
        dmean: 0.0670944526792
        dmean2: 0.134204015136
        dvar: 0.0626007467508
        dvar2: 0.135565757751
        max: 1
        mean: 0.204412430525
        median: 0
        min: 0
        var: 0.162620857358
    spectral_centroid:
        dmean: 250.479232788
        dmean2: 394.023742676
        dvar: 79724.640625
        dvar2: 178597.78125
        max: 11746.1455078
        mean: 2062.95239258
        median: 2095.43139648
        min: 259.226257324
        var: 740413
    spectral_complexity:
        dmean: 3.82483386993
        dmean2: 6.21841907501
        dvar: 15.6650695801
        dvar2: 38.3569145203
        max: 46
        mean: 19.1851634979
        median: 20
        min: 0
        var: 80.6301498413
    spectral_crest:
        dmean: 1.73332190514
        dmean2: 2.85003733635
        dvar: 2.70030760765
        dvar2: 7.07290029526
        max: 22.3279304504
        mean: 6.77899169922
        median: 6.1018075943
        min: 2.68633079529
        var: 6.4812707901
    spectral_decrease:
        dmean: 2.77978362551e-010
        dmean2: 4.39954073173e-010
        dvar: 1.15025409536e-019
        dvar2: 2.77058045718e-019
        max: 2.19921001459e-028
        mean: -1.11614439913e-009
        median: -1.09407660709e-009
        min: -5.42638556311e-009
        var: 3.05667793263e-019
    spectral_energy:
        dmean: 0.00128789164592
        dmean2: 0.00204178551212
        dvar: 2.54254928223e-006
        dvar2: 6.1307746364e-006
        max: 0.0270844623446
        mean: 0.005223385524
        median: 0.00512304063886
        min: 9.95211691118e-021
        var: 7.11279608367e-006
    spectral_energyband_high:
        dmean: 0.000155518006068
        dmean2: 0.000254903134191
        dvar: 6.32598045058e-008
        dvar2: 1.49118079662e-007
        max: 0.00528112333268
        mean: 0.000372762006009
        median: 0.000280248641502
        min: 7.27649135995e-021
        var: 1.49637529034e-007
    spectral_energyband_low:
        dmean: 0.00023642522865
        dmean2: 0.000384016078897
        dvar: 1.0909966619e-007
        dvar2: 2.89475678983e-007
        max: 0.00433387095109
        mean: 0.000415937014623
        median: 0.000307729991619
        min: 1.0857759226e-023
        var: 1.75781494249e-007
    spectral_energyband_middle_high:
        dmean: 0.00092412950471
        dmean2: 0.00147831544746
        dvar: 1.38177574627e-006
        dvar2: 3.35711524713e-006
        max: 0.0232580173761
        mean: 0.00338418129832
        median: 0.00323168374598
        min: 1.09022717754e-021
        var: 4.62100024379e-006
    spectral_energyband_middle_low:
        dmean: 0.000506353855599
        dmean2: 0.000805904041044
        dvar: 5.26196856754e-007
        dvar2: 1.32982893319e-006
        max: 0.0116747114807
        mean: 0.0011992455693
        median: 0.000956629693974
        min: 1.79618743492e-022
        var: 8.69276050253e-007
    spectral_flatness_db:
        dmean: 0.0130585869774
        dmean2: 0.0211535710841
        dvar: 0.000138305564178
        dvar2: 0.000340371712809
        max: 0.408832073212
        mean: 0.16542994976
        median: 0.156080052257
        min: 0.0625369399786
        var: 0.00139581842814
    spectral_flux:
        dmean: 0.00718080904335
        dmean2: 0.011073554866
        dvar: 6.14323871559e-005
        dvar2: 0.000116792623885
        max: 0.121627055109
        mean: 0.0426215678453
        median: 0.0425973311067
        min: 6.42937578177e-011
        var: 0.000254755228525
    spectral_kurtosis:
        dmean: 1.25537788868
        dmean2: 2.14281392097
        dvar: 2.13368654251
        dvar2: 6.47842264175
        max: 28.2827377319
        mean: 4.32344245911
        median: 3.94894599915
        min: -1.24921524525
        var: 5.91768360138
    spectral_rms:
        dmean: 0.000266422139248
        dmean2: 0.000414876703871
        dvar: 8.34560154317e-008
        dvar2: 1.94452042024e-007
        max: 0.00514041492715
        mean: 0.00216299272142
        median: 0.00223564030603
        min: 3.11598815327e-012
        var: 4.17444027789e-007
    spectral_rolloff:
        dmean: 268.102752686
        dmean2: 443.562286377
        dvar: 170551.921875
        dvar2: 365615.25
        max: 19616.7480469
        mean: 3416.95117188
        median: 3509.91210938
        min: 150.732421875
        var: 1640075.5
    spectral_skewness:
        dmean: 0.162544906139
        dmean2: 0.268442511559
        dvar: 0.0244392137975
        dvar2: 0.0672092661262
        max: 3.80402565002
        mean: 1.30392360687
        median: 1.26899898052
        min: -0.111250095069
        var: 0.143266350031
    spectral_spread:
        dmean: 318295.3125
        dmean2: 466212.25
        dvar: 315355627520
        dvar2: 489251274752
        max: 42148620
        mean: 3912249
        median: 3606646.5
        min: 1565792.875
        var: 7.11780256973e+012
    spectral_strongpeak:
        dmean: 0.665665209293
        dmean2: 1.14728426933
        dvar: 0.736496925354
        dvar2: 1.89576768875
        max: 10.9440221786
        mean: 1.00041234493
        median: 0.588677167892
        min: 0
        var: 1.28020572662
    zerocrossingrate:
        dmean: 0.00711687933654
        dmean2: 0.0085722990334
        dvar: 7.50756880734e-005
        dvar2: 9.00258746697e-005
        max: 0.521484375
        mean: 0.109470963478
        median: 0.11181640625
        min: 0.01416015625
        var: 0.00138634443283
    barkbands:
        dmean: [1.27071530187e-007, 7.75374574005e-005, 0.000142533783219, 0.000140250878758, 0.000254615762969, 8.42646259116e-005, 6.56180782244e-005, 7.02965407982e-005, 0.000120009375678, 7.22702316125e-005, 4.56215020677e-005, 5.2056133427e-005, 4.94759296998e-005, 7.63033458497e-005, 0.000171731808223, 0.000186191697139, 0.000260637549218, 0.000273980898783, 0.000343346298905, 0.000193857762497, 7.50494800741e-005, 2.57552801486e-005, 6.26250493951e-006, 1.71946567207e-006, 6.5180756792e-007, 1.42009346504e-008, 2.50811815761e-010]
        dmean2: [2.08191252682e-007, 0.000124172496726, 0.000237534884945, 0.000231530182646, 0.000428744679084, 0.000140362943057, 0.000109075226646, 0.000112993002404, 0.00018084232579, 0.000111130961159, 7.16698996257e-005, 8.42168738018e-005, 8.01571586635e-005, 0.000125308986753, 0.000271575787337, 0.000303976266878, 0.000429427222116, 0.000461078714579, 0.000559980457183, 0.000325318367686, 0.000125442631543, 4.08199994126e-005, 9.58775308391e-006, 2.60392903328e-006, 9.5709276593e-007, 2.22490079693e-008, 4.45723569165e-010]
        dvar: [4.19156896692e-014, 2.41260078582e-008, 4.4009812683e-008, 3.82498015483e-008, 3.02817710462e-007, 4.98856245201e-008, 3.10340730891e-008, 3.17052695209e-008, 5.31350217159e-008, 3.63862753261e-008, 1.34783242345e-008, 2.49999754232e-008, 1.17003011724e-008, 2.83463865713e-008, 8.78254482473e-008, 1.04740571771e-007, 1.02664863277e-007, 1.22946630654e-007, 3.1772773923e-007, 6.99732467524e-008, 1.76575127853e-008, 2.18243179084e-009, 4.59570659306e-010, 4.77632065843e-011, 6.78934512777e-012, 1.23224786156e-015, 1.29181881937e-019]
        dvar2: [1.0101479115e-013, 5.84885100352e-008, 1.19531847531e-007, 1.03393105633e-007, 8.17319858015e-007, 1.33395175794e-007, 8.0374213951e-008, 7.42315364732e-008, 1.17027717295e-007, 8.51390495882e-008, 3.14273869151e-008, 6.18474516045e-008, 2.92013684344e-008, 7.649184397e-008, 2.12356667362e-007, 2.58597282254e-007, 2.68720611984e-007, 3.23420380255e-007, 7.84327994552e-007, 1.79515154741e-007, 4.38233378475e-008, 4.96378538273e-009, 9.80984959931e-010, 1.065850741e-010, 1.17007289274e-011, 2.64675879039e-015, 3.53964155043e-019]
        max: [1.82943551863e-006, 0.00130216998514, 0.00254421890713, 0.00315966154449, 0.00696126092225, 0.00504371384159, 0.0037814991083, 0.00374149950221, 0.00506229419261, 0.00497424555942, 0.00245446548797, 0.00493556633592, 0.00251664011739, 0.00355595978908, 0.00505998404697, 0.00759566389024, 0.00543680554256, 0.00974183063954, 0.0141146173701, 0.00428937003016, 0.00367188104428, 0.00154020369519, 0.000813791004475, 0.000195830594748, 0.000125294420286, 1.7804094341e-006, 9.57346291131e-009]
        mean: [1.33195271701e-007, 8.99482620298e-005, 0.000216482541873, 0.000221890601097, 0.000344325555488, 0.000118931879115, 9.55564537435e-005, 0.000102727564808, 0.000248004711466, 0.000125377773657, 7.15529822628e-005, 7.7727388998e-005, 7.34506247682e-005, 0.000124630270875, 0.000340320664691, 0.00036003664718, 0.0005785045214, 0.000630607130006, 0.000753465050366, 0.000427783001214, 0.00014541100245, 5.85620255151e-005, 1.32655231937e-005, 3.30811917593e-006, 1.35223660891e-006, 3.13215373637e-008, 2.84318540933e-010]
        median: [4.12230782842e-008, 3.80986493838e-005, 0.000127875449834, 0.000137623515911, 0.000190096892766, 5.81979329581e-005, 4.51370942756e-005, 3.78331969841e-005, 6.68868306093e-005, 4.99052803207e-005, 2.59016778728e-005, 2.49158547376e-005, 3.19891332765e-005, 6.22698571533e-005, 0.000158183931489, 0.000248444091994, 0.000497232365888, 0.000562314991839, 0.000597010366619, 0.000349211564753, 0.000101809302578, 3.52824936272e-005, 6.41404585622e-006, 1.47153605212e-006, 6.34372042896e-007, 1.95094074229e-008, 1.56026774834e-010]
        min: [2.28861762025e-025, 3.54811609697e-024, 4.24138461263e-025, 1.29506210126e-024, 7.68144076786e-024, 8.60765261188e-024, 1.26715910497e-023, 1.11607204678e-023, 1.23696513828e-023, 1.72553982904e-023, 1.93064729316e-023, 2.74197385255e-023, 5.64680204365e-023, 2.89173657106e-023, 7.21918042586e-023, 7.47733547264e-023, 6.55706296238e-023, 8.16389563349e-023, 1.08047135366e-022, 1.40802722744e-022, 2.63144459475e-022, 3.48283276102e-022, 4.28879970476e-022, 5.78418109744e-022, 7.33981227818e-022, 1.22012028214e-021, 1.94947729568e-021]
        var: [5.22271672253e-014, 2.46345646104e-008, 6.88952397354e-008, 7.00228071082e-008, 2.77134063253e-007, 4.81686939224e-008, 3.4864790166e-008, 4.90918949936e-008, 2.20084785951e-007, 6.90219863486e-008, 2.43680098322e-008, 3.57173917109e-008, 1.6854684759e-008, 4.05988664909e-008, 2.41651264332e-007, 2.29372417948e-007, 2.45808308819e-007, 2.66386280146e-007, 6.09213429925e-007, 1.63391845831e-007, 3.03897138565e-008, 6.38005959175e-009, 1.06622899398e-009, 9.81158071456e-011, 1.95853992746e-011, 2.69973773663e-015, 1.8343276798e-019]
    frequency_bands:
        dmean: [1.27071530187e-007, 7.75374574005e-005, 0.000142533783219, 0.000140250878758, 0.000254615762969, 8.42646259116e-005, 6.56180782244e-005, 7.02965407982e-005, 0.000120009375678, 7.22702316125e-005, 4.56215020677e-005, 5.2056133427e-005, 4.94759296998e-005, 7.63033458497e-005, 0.000171731808223, 0.000186191697139, 0.000260637549218, 0.000273980898783, 0.000343346298905, 0.000193857762497, 7.50494800741e-005, 2.57552801486e-005, 6.26250493951e-006, 1.71946567207e-006, 6.5180756792e-007, 1.42009346504e-008, 2.50811815761e-010, 6.11249245663e-011]
        dmean2: [2.08191252682e-007, 0.000124172496726, 0.000237534884945, 0.000231530182646, 0.000428744679084, 0.000140362943057, 0.000109075226646, 0.000112993002404, 0.00018084232579, 0.000111130961159, 7.16698996257e-005, 8.42168738018e-005, 8.01571586635e-005, 0.000125308986753, 0.000271575787337, 0.000303976266878, 0.000429427222116, 0.000461078714579, 0.000559980457183, 0.000325318367686, 0.000125442631543, 4.08199994126e-005, 9.58775308391e-006, 2.60392903328e-006, 9.5709276593e-007, 2.22490079693e-008, 4.45723569165e-010, 1.13286602321e-010]
        dvar: [4.19156896692e-014, 2.41260078582e-008, 4.4009812683e-008, 3.82498015483e-008, 3.02817710462e-007, 4.98856245201e-008, 3.10340730891e-008, 3.17052695209e-008, 5.31350217159e-008, 3.63862753261e-008, 1.34783242345e-008, 2.49999754232e-008, 1.17003011724e-008, 2.83463865713e-008, 8.78254482473e-008, 1.04740571771e-007, 1.02664863277e-007, 1.22946630654e-007, 3.1772773923e-007, 6.99732467524e-008, 1.76575127853e-008, 2.18243179084e-009, 4.59570659306e-010, 4.77632065843e-011, 6.78934512777e-012, 1.23224786156e-015, 1.29181881937e-019, 7.49502779259e-021]
        dvar2: [1.0101479115e-013, 5.84885100352e-008, 1.19531847531e-007, 1.03393105633e-007, 8.17319858015e-007, 1.33395175794e-007, 8.0374213951e-008, 7.42315364732e-008, 1.17027717295e-007, 8.51390495882e-008, 3.14273869151e-008, 6.18474516045e-008, 2.92013684344e-008, 7.649184397e-008, 2.12356667362e-007, 2.58597282254e-007, 2.68720611984e-007, 3.23420380255e-007, 7.84327994552e-007, 1.79515154741e-007, 4.38233378475e-008, 4.96378538273e-009, 9.80984959931e-010, 1.065850741e-010, 1.17007289274e-011, 2.64675879039e-015, 3.53964155043e-019, 2.36289247231e-020]
        max: [1.82943551863e-006, 0.00130216998514, 0.00254421890713, 0.00315966154449, 0.00696126092225, 0.00504371384159, 0.0037814991083, 0.00374149950221, 0.00506229419261, 0.00497424555942, 0.00245446548797, 0.00493556633592, 0.00251664011739, 0.00355595978908, 0.00505998404697, 0.00759566389024, 0.00543680554256, 0.00974183063954, 0.0141146173701, 0.00428937003016, 0.00367188104428, 0.00154020369519, 0.000813791004475, 0.000195830594748, 0.000125294420286, 1.7804094341e-006, 9.57346291131e-009, 9.97121052393e-010]
        mean: [1.33195271701e-007, 8.99482620298e-005, 0.000216482541873, 0.000221890601097, 0.000344325555488, 0.000118931879115, 9.55564537435e-005, 0.000102727564808, 0.000248004711466, 0.000125377773657, 7.15529822628e-005, 7.7727388998e-005, 7.34506247682e-005, 0.000124630270875, 0.000340320664691, 0.00036003664718, 0.0005785045214, 0.000630607130006, 0.000753465050366, 0.000427783001214, 0.00014541100245, 5.85620255151e-005, 1.32655231937e-005, 3.30811917593e-006, 1.35223660891e-006, 3.13215373637e-008, 2.84318540933e-010, 4.79249626095e-011]
        median: [4.12230782842e-008, 3.80986493838e-005, 0.000127875449834, 0.000137623515911, 0.000190096892766, 5.81979329581e-005, 4.51370942756e-005, 3.78331969841e-005, 6.68868306093e-005, 4.99052803207e-005, 2.59016778728e-005, 2.49158547376e-005, 3.19891332765e-005, 6.22698571533e-005, 0.000158183931489, 0.000248444091994, 0.000497232365888, 0.000562314991839, 0.000597010366619, 0.000349211564753, 0.000101809302578, 3.52824936272e-005, 6.41404585622e-006, 1.47153605212e-006, 6.34372042896e-007, 1.95094074229e-008, 1.56026774834e-010, 1.77151904257e-011]
        min: [2.28861762025e-025, 3.54811609697e-024, 4.24138461263e-025, 1.29506210126e-024, 7.68144076786e-024, 8.60765261188e-024, 1.26715910497e-023, 1.11607204678e-023, 1.23696513828e-023, 1.72553982904e-023, 1.93064729316e-023, 2.74197385255e-023, 5.64680204365e-023, 2.89173657106e-023, 7.21918042586e-023, 7.47733547264e-023, 6.55706296238e-023, 8.16389563349e-023, 1.08047135366e-022, 1.40802722744e-022, 2.63144459475e-022, 3.48283276102e-022, 4.28879970476e-022, 5.78418109744e-022, 7.33981227818e-022, 1.22012028214e-021, 1.94947729568e-021, 5.39701876745e-022]
        var: [5.22271672253e-014, 2.46345646104e-008, 6.88952397354e-008, 7.00228071082e-008, 2.77134063253e-007, 4.81686939224e-008, 3.4864790166e-008, 4.90918949936e-008, 2.20084785951e-007, 6.90219863486e-008, 2.43680098322e-008, 3.57173917109e-008, 1.6854684759e-008, 4.05988664909e-008, 2.41651264332e-007, 2.29372417948e-007, 2.45808308819e-007, 2.66386280146e-007, 6.09213429925e-007, 1.63391845831e-007, 3.03897138565e-008, 6.38005959175e-009, 1.06622899398e-009, 9.81158071456e-011, 1.95853992746e-011, 2.69973773663e-015, 1.8343276798e-019, 5.96268540136e-021]
    mfcc:
        mean: [-709.549926758, 94.1331939697, -63.4992485046, 60.6376686096, -7.3756737709, -6.72214889526, -6.95674037933, 2.50751423836, -0.301884293556, -1.77600347996, -4.92715263367, -12.1946773529, -7.66792201996]
        cov: [[5116.81054688, 87.8409957886, -394.002349854, 922.415771484, 179.737670898, 335.514343262, 66.058013916, 254.27243042, 315.349609375, 261.229492188, 60.597568512, -37.2602920532, -26.0690402985], [87.8409957886, 833.900085449, -179.848800659, -149.244308472, -80.8362121582, -61.28074646, -5.5782585144, -0.805030524731, -51.0590934753, -74.4005889893, 43.2443313599, -28.374912262, -16.3764896393], [-394.002349854, -179.848800659, 469.993469238, 62.8251152039, 67.4863204956, 53.8917427063, 21.7522735596, 6.44127893448, 11.4139328003, -8.69233512878, -2.80923199654, 36.9988899231, 14.8856544495], [922.415771484, -149.244308472, 62.8251152039, 651.258605957, 268.320526123, 142.464157104, 83.9439926147, 95.0793838501, 175.354873657, 136.75352478, 12.0788583755, 36.2650527954, 32.5316123962], [179.737670898, -80.8362121582, 67.4863204956, 268.320526123, 265.247314453, 89.2095184326, 44.5051879883, 39.0420837402, 85.6771316528, 87.2794647217, 3.67721033096, 20.8147163391, 19.8759536743], [335.514343262, -61.28074646, 53.8917427063, 142.464157104, 89.2095184326, 209.942382813, 105.742111206, 63.0221290588, 70.8528213501, 60.2823791504, 52.6563720703, 27.244764328, 1.93266022205], [66.058013916, -5.5782585144, 21.7522735596, 83.9439926147, 44.5051879883, 105.742111206, 191.369476318, 66.8983612061, 37.1222877502, 29.3270492554, 43.5265617371, 42.1763725281, 1.85712921619], [254.27243042, -0.805030524731, 6.44127893448, 95.0793838501, 39.0420837402, 63.0221290588, 66.8983612061, 140.030105591, 93.979019165, 56.7661094666, 25.462972641, 4.60896635056, 10.8037462234], [315.349609375, -51.0590934753, 11.4139328003, 175.354873657, 85.6771316528, 70.8528213501, 37.1222877502, 93.979019165, 174.469345093, 108.390045166, 21.8357448578, 0.302001833916, 2.07505702972], [261.229492188, -74.4005889893, -8.69233512878, 136.75352478, 87.2794647217, 60.2823791504, 29.3270492554, 56.7661094666, 108.390045166, 156.875686646, 46.2857398987, 1.79681527615, 5.63090801239], [60.597568512, 43.2443313599, -2.80923199654, 12.0788583755, 3.67721033096, 52.6563720703, 43.5265617371, 25.462972641, 21.8357448578, 46.2857398987, 103.835655212, 31.6923503876, 5.77185964584], [-37.2602920532, -28.374912262, 36.9988899231, 36.2650527954, 20.8147163391, 27.244764328, 42.1763725281, 4.60896635056, 0.302001833916, 1.79681527615, 31.6923503876, 82.9491271973, 33.1531105042], [-26.0690402985, -16.3764896393, 14.8856544495, 32.5316123962, 19.8759536743, 1.93266022205, 1.85712921619, 10.8037462234, 2.07505702972, 5.63090801239, 5.77185964584, 33.1531105042, 72.4004440308]]
        icov: [[0.000386634259485, -9.77928866632e-005, 0.00034691041219, -0.000695912633091, 0.000510522164404, -0.000632300099824, 0.00046839719289, -0.000423324556323, 0.000212772545638, -0.000248089490924, 0.000172572850715, -2.55690702033e-005, 0.000297490652883], [-9.77928866632e-005, 0.00159091281239, 0.000451161962701, 0.000337723875418, -0.000467740610475, 0.000658406352159, -0.000285652204184, -0.000209632475162, -0.000296141864965, 0.00146250473335, -0.00162111409009, 0.000852945086081, -0.000137020921102], [0.00034691041219, 0.000451161962701, 0.00285370228812, -0.000481378054246, -0.000252636091318, -0.0010066407267, 0.00062872748822, -0.000514295359608, -4.76089371659e-005, 0.000846900802571, -2.08260134968e-005, -0.000783101539128, 0.000309125782223], [-0.000695912633091, 0.000337723875418, -0.000481378054246, 0.00446716323495, -0.00326581695117, 0.000648787303362, -0.00109697133303, 0.000759894377552, -0.0021850373596, 0.000358198711183, 0.000307600741507, -0.000513949082233, -0.00104286521673], [0.000510522164404, -0.000467740610475, -0.000252636091318, -0.00326581695117, 0.00820617843419, -0.00228324881755, 0.000504617986735, 0.000346782268025, 0.000540221692063, -0.00320593523793, 0.00238675763831, -0.000702209945302, -0.000294045195915], [-0.000632300099824, 0.000658406352159, -0.0010066407267, 0.000648787303362, -0.00228324881755, 0.00977226253599, -0.00408953381702, 0.000165447199834, -0.00153932871763, 0.00108580302913, -0.00363833922893, 0.000855927821249, 0.000140654083225], [0.00046839719289, -0.000285652204184, 0.00062872748822, -0.00109697133303, 0.000504617986735, -0.00408953381702, 0.0097157265991, -0.00434278091416, 0.00195829570293, -0.000243339527515, -0.000129727544845, -0.00421855598688, 0.00274200597778], [-0.000423324556323, -0.000209632475162, -0.000514295359608, 0.000759894377552, 0.000346782268025, 0.000165447199834, -0.00434278091416, 0.0143189895898, -0.00736775249243, 0.00076489476487, -0.000977952615358, 0.00271971500479, -0.00357622979209], [0.000212772545638, -0.000296141864965, -4.76089371659e-005, -0.0021850373596, 0.000540221692063, -0.00153932871763, 0.00195829570293, -0.00736775249243, 0.0158340353519, -0.00767741445452, 0.0022451102268, -0.00092661450617, 0.00233181682415], [-0.000248089490924, 0.00146250473335, 0.000846900802571, 0.000358198711183, -0.00320593523793, 0.00108580302913, -0.000243339527515, 0.00076489476487, -0.00767741445452, 0.0158592201769, -0.00743847060949, 0.00344973034225, -0.00135042984039], [0.000172572850715, -0.00162111409009, -2.08260134968e-005, 0.000307600741507, 0.00238675763831, -0.00363833922893, -0.000129727544845, -0.000977952615358, 0.0022451102268, -0.00743847060949, 0.0170713998377, -0.00682785082608, 0.00143245467916], [-2.55690702033e-005, 0.000852945086081, -0.000783101539128, -0.000513949082233, -0.000702209945302, 0.000855927821249, -0.00421855598688, 0.00271971500479, -0.00092661450617, 0.00344973034225, -0.00682785082608, 0.0208525918424, -0.0087981345132], [0.000297490652883, -0.000137020921102, 0.000309125782223, -0.00104286521673, -0.000294045195915, 0.000140654083225, 0.00274200597778, -0.00357622979209, 0.00233181682415, -0.00135042984039, 0.00143245467916, -0.0087981345132, 0.0187862943858]]
    sccoeffs:
        dmean: [0.0536190271378, 0.0461782664061, 0.0382478423417, 0.0318587012589, 0.0222983229905, 0.0157692302018]
        dmean2: [0.0886972919106, 0.0762723460793, 0.0615279860795, 0.0518271997571, 0.0365563221276, 0.024972865358]
        dvar: [0.0018452948425, 0.00150847423356, 0.000970213790424, 0.000657896511257, 0.000326913112076, 0.00019315587997]
        dvar2: [0.00494508212432, 0.00392590509728, 0.00246943742968, 0.00168909155764, 0.00083826307673, 0.000431991473306]
        max: [-0.275450855494, -0.44116550684, -0.49488607049, -0.547840476036, -0.531831920147, -0.562685191631]
        mean: [-0.625400662422, -0.766296029091, -0.762655138969, -0.760807156563, -0.772870182991, -0.731380701065]
        median: [-0.637043118477, -0.778263926506, -0.774276137352, -0.765165090561, -0.775874257088, -0.730090856552]
        min: [-0.979423999786, -0.98480951786, -0.997277736664, -0.987236738205, -0.974813699722, -0.965600430965]
        var: [0.00888882298023, 0.00562256015837, 0.0056171072647, 0.00323613360524, 0.00156505941413, 0.00161182705779]
    scvalleys:
        dmean: [0.392554283142, 0.360828340054, 0.302092015743, 0.267128348351, 0.22077909112, 0.229629263282]
        dmean2: [0.654442310333, 0.599109768867, 0.487637102604, 0.423655420542, 0.349034845829, 0.331622213125]
        dvar: [0.11585585773, 0.136329010129, 0.0944872349501, 0.0821857973933, 0.0838023722172, 0.0868302881718]
        dvar2: [0.287974298, 0.328465759754, 0.196739301085, 0.163071662188, 0.162476822734, 0.15539264679]
        max: [-5.3747086525, -4.69890546799, -5.55118751526, -5.68107366562, -5.47351837158, -7.33391332626]
        mean: [-7.44966125488, -7.02045965195, -7.32849025726, -7.26500654221, -6.88475704193, -9.98052692413]
        median: [-6.85435914993, -6.80516052246, -7.11045408249, -6.99532794952, -6.48467445374, -9.70753097534]
        min: [-28.528755188, -27.6648902893, -27.7153816223, -27.8013629913, -27.4866256714, -27.430475235]
        var: [4.52434396744, 2.84849572182, 2.72834777832, 2.7846133709, 3.05255842209, 2.48092269897]

rhythm:
    beats_loudness:
        dmean: 0.00247859302908
        dmean2: 0.00443076062948
        dvar: 5.19558489032e-006
        dvar2: 1.52412685566e-005
        max: 0.0240774601698
        mean: 0.00591790536419
        median: 0.00594734260812
        min: 0
        var: 7.84290295996e-006
    bpm: 105.75932312
    bpm_confidence: 0
    first_peak_bpm: 105
    first_peak_spread: 0.413919389248
    first_peak_weight: 0.415584415197
    onset_rate: 2.66165232658
    second_peak_bpm: 140
    second_peak_spread: 0.548387110233
    second_peak_weight: 0.109090909362
    beats_loudness_band_ratio:
        dmean: [0.112588062882, 0.124423898757, 0.0933982133865, 0.072362549603, 0.132151588798, 0.111086688936]
        dmean2: [0.199269413948, 0.234775468707, 0.161490440369, 0.12593279779, 0.238046273589, 0.196005821228]
        dvar: [0.0121298255399, 0.0146889202297, 0.0117018567398, 0.00844854768366, 0.0118342898786, 0.0172219779342]
        dvar2: [0.035570602864, 0.0470955707133, 0.0300115346909, 0.0226994100958, 0.0333086997271, 0.0451686680317]
        max: [0.669523119926, 0.633206427097, 0.688468396664, 0.633168637753, 0.81734919548, 0.97952902317]
        mean: [0.156853735447, 0.115871936083, 0.113666534424, 0.0829042121768, 0.346459567547, 0.219498604536]
        median: [0.116193398833, 0.0687883496284, 0.0606206431985, 0.0444658845663, 0.354497671127, 0.206824719906]
        min: [0, 0, 0, 0, 0, 0]
        var: [0.0179231446236, 0.0138702644035, 0.0163044612855, 0.00972292385995, 0.0201952215284, 0.0173486247659]
    beats_position: [0.522448956966, 1.06811785698, 1.62539684772, 2.18267560005, 2.73995471001, 3.29723358154, 3.87773227692, 4.43501138687, 5.00390005112, 5.58439922333, 6.17650794983, 6.7570066452, 7.33750534058, 7.90639448166, 8.47528362274, 9.04417228699, 9.61306095123, 10.1819496155, 10.7508392334, 11.3313379288, 11.9234466553, 12.5271654129, 13.1192741394, 13.6881628036, 14.2570514679, 14.8259410858, 15.3948297501, 15.9637184143, 16.5326080322, 17.0898857117, 17.6587753296, 18.2276649475, 18.7965526581, 19.3538322449, 19.9227199554, 20.4916095734, 21.0604991913, 21.6177768707, 22.1866664886, 22.7555541992, 23.3476638794, 23.9397735596, 24.5318813324, 25.1123809814, 25.7044887543, 26.2849884033, 26.865486145, 27.4459857941, 28.0032653809, 28.5605430603, 29.1294326782, 29.6983222961, 30.2555999756, 30.8128795624, 31.3817672729, 31.9506568909, 32.5079345703, 33.0768241882, 33.6457138062, 34.2146034241, 34.783493042, 35.3407707214, 35.9212684631, 36.4901580811, 37.059047699, 37.6163253784, 38.1968231201, 38.7541046143, 39.3113822937, 39.8802719116, 40.4491615295, 41.0180473328, 41.5753288269, 42.1326065063, 42.7014961243, 43.2587738037, 43.8160552979, 44.3733329773, 44.919002533, 45.4646720886, 46.0103378296, 46.5560073853, 47.1132888794, 47.6705665588, 48.2278442383, 48.7967338562, 49.3656234741, 49.9229011536, 50.480178833, 51.0490684509, 51.6179580688, 52.1868476868, 52.7557373047, 53.3246231079, 53.8935127258, 54.45079422, 55.0196800232, 55.5885696411, 56.1458511353, 56.7147369385, 57.2836265564, 57.8525161743, 58.4214057922, 58.9786834717, 59.5475730896, 60.1164627075, 60.6853485107, 61.2542381287, 61.8115196228, 62.380405426, 62.9492950439, 63.5065765381, 64.0754623413, 64.6327438354, 65.2016296387, 65.7705230713, 66.3394088745, 66.9082946777, 67.4771881104, 68.0344696045, 68.6033554077, 69.1606369019, 69.7295227051, 70.2984085083, 70.8673019409, 71.4361877441, 72.0050811768, 72.5623550415, 73.1428527832, 73.7349624634, 74.3270721436, 74.9191818237, 75.5112915039, 76.0917892456, 76.6606826782, 77.2295684814, 77.7984542847, 78.3673477173, 78.9362335205, 79.5051269531, 80.0624008179, 80.6312942505, 81.2001800537, 81.7690658569, 82.3263473511, 82.8952331543, 83.4525146484, 84.0214080811, 84.5902938843, 85.1475753784, 85.7048492432, 86.2737426758, 86.842628479, 87.3999099731, 87.9687957764, 88.5260772705, 89.0949630737, 89.6754608154, 90.244354248, 90.8016281128, 91.3705215454, 91.9277954102, 92.4850769043, 93.0539703369, 93.6344680786, 94.2033538818, 94.7722396851, 95.3411331177, 95.8984146118, 96.4556884766, 96.8736495972, 97.2916107178, 97.7211761475, 98.1623535156, 98.6035385132, 99.0331039429, 99.4510650635, 99.8806304932, 100.310203552, 100.728164673, 101.146118164, 101.575691223, 102.005256653, 102.423217773, 102.841178894, 103.270744324, 103.700317383, 104.141494751, 104.582672119, 105.023849487, 105.465034485, 105.906211853, 106.347389221, 106.788566589, 107.229751587, 107.659317017, 108.088890076, 108.518455505, 108.959632874, 109.400817871, 109.841995239, 110.283172607, 110.724349976, 111.165527344, 111.606712341, 112.036277771, 112.46585083, 112.89541626, 113.324989319, 113.754554749, 114.172515869, 114.729797363, 115.287071228, 115.844352722, 116.401634216, 116.982131958, 117.5626297, 118.131515503, 118.700408936, 119.280906677, 119.861404419, 120.430290222, 120.987571716, 121.55645752, 122.113739014, 122.682624817, 123.25151825, 123.866844177, 124.482177734, 125.085891724, 125.689613342, 126.281723022, 126.873832703, 127.454330444, 128.023223877, 128.592102051, 129.172607422, 129.741500854, 130.29876709, 130.867660522, 131.424942017, 131.993835449, 132.562713623, 133.131607056, 133.700500488, 134.269378662, 134.838272095, 135.395553589, 135.964447021, 136.533325195, 137.090606689, 137.659500122, 138.216781616, 138.78565979, 139.354553223, 139.923446655, 140.492340088, 141.061218262, 141.630111694, 142.199005127, 142.756271362, 143.313552856, 143.882446289, 144.451339722, 145.008621216, 145.57749939, 146.146392822, 146.715286255, 147.27255249, 147.841445923, 148.410339355, 148.979232788, 149.548110962, 150.117004395, 150.685897827, 151.243179321, 151.812057495, 152.380950928, 152.94984436, 153.507110596, 154.06439209, 154.633285522, 155.202178955, 155.782669067, 156.212234497, 156.641815186, 157.059768677, 157.477722168, 157.895690918, 158.313644409, 158.731613159, 159.14956665, 159.57913208, 159.99710083, 160.42666626, 160.867843628, 161.285797119, 161.726974487, 162.191375732, 162.644165039, 163.096954346, 163.538131714, 163.967712402, 164.397277832, 164.826843262, 165.256408691, 165.674377441, 166.092330933, 166.510284424, 166.939865112, 167.369430542, 167.787384033, 168.205352783, 168.634918213, 169.064483643, 169.494049072, 169.923629761, 170.341583252, 170.771148682, 171.20072937, 171.641906738, 172.106307983, 172.55909729, 173.011871338, 173.441452026, 173.871017456, 174.300582886, 174.730148315, 175.159729004, 175.589294434, 176.007247925, 176.425216675, 176.854782104, 177.284347534, 177.725524902, 178.166702271, 178.596282959, 179.025848389, 179.467025757, 179.908203125, 180.349380493, 180.790557861, 181.30140686, 181.823852539, 182.334686279, 182.91519165, 183.484085083, 184.064575195, 184.645080566, 185.202362061, 185.771240234, 186.340133667, 186.897415161, 187.466293335, 188.035186768, 188.6040802, 189.172973633, 189.741851807, 190.299133301, 190.856414795, 191.425308228, 191.994186401, 192.563079834, 193.131973267, 193.70085144, 194.269744873, 194.827026367, 195.3959198, 195.964797974, 196.533691406, 197.0909729, 197.659866333, 198.217132568, 198.786026001, 199.354919434, 199.923812866, 200.49269104, 201.061584473, 201.618865967, 202.187744141, 202.756637573, 203.313919067, 203.8828125, 204.451690674, 205.020584106, 205.589477539]
    bpm_estimates: [109.956787109, 107.666000366, 107.666046143, 107.665977478, 107.666023254, 103.359405518, 107.665977478, 105.468788147, 103.359321594, 101.332740784, 103.359405518, 103.359405518, 105.468704224, 105.468704224, 105.468788147, 105.468788147, 105.468788147, 105.468612671, 103.359405518, 101.332740784, 101.332740784, 105.468788147, 105.468788147, 105.468612671, 105.468788147, 105.468788147, 105.468612671, 107.666252136, 105.468612671, 105.468612671, 105.468971252, 107.665885925, 105.468971252, 105.468612671, 105.468612671, 107.666252136, 105.468612671, 105.468971252, 101.332580566, 101.332580566, 101.332901001, 103.359237671, 101.332901001, 103.359237671, 103.359573364, 103.359237671, 107.665885925, 107.666252136, 105.468612671, 105.468612671, 107.666252136, 107.665885925, 105.468971252, 105.468612671, 107.666252136, 105.468612671, 105.468612671, 105.468612671, 105.468612671, 107.666252136, 103.359573364, 105.468612671, 105.468612671, 107.666252136, 103.359573364, 107.665519714, 107.666252136, 105.468612671, 105.468612671, 105.469322205, 107.665519714, 107.666252136, 105.468612671, 107.666252136, 107.665519714, 107.666252136, 109.95665741, 109.95665741, 109.957427979, 109.95665741, 107.665519714, 107.666252136, 107.666252136, 105.468612671, 105.468612671, 107.666252136, 107.666252136, 105.468612671, 105.468612671, 105.468612671, 105.468612671, 105.469322205, 105.468612671, 107.665519714, 105.469322205, 105.468612671, 107.665519714, 105.469322205, 105.468612671, 105.468612671, 105.468612671, 107.666252136, 105.468612671, 105.468612671, 105.469322205, 105.468612671, 107.665519714, 105.469322205, 105.468612671, 107.665519714, 105.469322205, 107.665519714, 105.469322205, 105.467910767, 105.469322205, 105.469322205, 105.467910767, 107.665519714, 105.469322205, 107.665519714, 105.469322205, 105.469322205, 105.467910767, 105.469322205, 105.467910767, 107.666992188, 103.359573364, 101.332580566, 101.332580566, 101.332580566, 101.332580566, 103.359573364, 105.467910767, 105.469322205, 105.469322205, 105.467910767, 105.469322205, 105.467910767, 107.666992188, 105.467910767, 105.469322205, 105.469322205, 107.665519714, 105.469322205, 107.665519714, 105.467910767, 105.469322205, 107.665519714, 107.666992188, 105.467910767, 105.469322205, 107.665519714, 105.469322205, 107.665519714, 105.469322205, 103.359573364, 105.467910767, 107.666992188, 105.467910767, 107.666992188, 107.665519714, 105.467910767, 103.359573364, 105.469322205, 105.469322205, 105.467910767, 107.665519714, 107.666992188, 107.665519714, 107.666992188, 107.665519714, 107.665519714, 103.359573364, 103.359573364, 105.469322205, 105.467910767, 103.359573364, 103.359573364, 105.469322205, 107.665519714, 105.469322205, 107.665519714, 105.469322205, 105.467910767, 101.332580566, 101.332580566, 103.359573364, 105.467910767, 105.470733643, 103.358215332, 105.467910767, 107.668464661, 105.467910767, 107.665519714, 105.467910767, 105.470733643, 105.467910767, 105.467910767, 105.470733643, 105.467910767, 107.665519714, 105.467910767, 105.470733643, 107.665519714, 105.467910767, 107.665519714, 105.470733643, 105.467910767, 105.467910767, 105.467910767, 105.470733643, 105.467910767, 105.467910767, 107.668464661, 107.665519714, 105.467910767, 105.467910767, 107.665519714, 105.470733643, 105.467910767, 105.467910767, 107.668464661, 105.467910767, 105.467910767, 105.467910767, 105.470733643, 105.467910767, 105.467910767, 107.665519714, 105.470733643, 105.467910767, 105.467910767, 107.668464661, 107.665519714, 105.467910767, 105.467910767, 103.360931396, 103.358215332, 105.467910767, 103.360931396, 103.358215332, 107.665519714, 105.470733643, 105.467910767, 107.665519714, 105.470733643, 105.467910767, 105.467910767, 105.467910767, 105.470733643, 107.665519714, 107.665519714, 105.467910767, 105.470733643, 105.467910767, 105.467910767, 105.470733643, 105.467910767, 107.665519714, 105.467910767, 105.470733643, 105.467910767, 107.665519714, 105.467910767, 107.668464661, 105.467910767, 105.467910767, 105.467910767, 105.470733643, 105.467910767, 107.665519714, 105.470733643, 105.467910767, 107.665519714, 105.467910767, 105.470733643, 105.467910767, 105.467910767]
