
metadata:
    version:
        essentia: "2.1-beta2"
    audio_properties:
        analysis_sample_rate: 44100
        bitrate: 236
        channels: 2
        equal_loudness: 1
        length: 214.674285889
        replay_gain: -14.1225700378
        downmix: "mix"
    tags:
        album: "Crossfade"
        artist: "Crossfade"
        comment: "Ripped by [HHI]"
        date: "2004"
        genre: "Rock"
        title: "No Giving Up"
        tracknumber: "7"

configuration:
    average_loudness:
        compute: 1
        frameSize: 88200
        hopSize: 44100
        silentFrames: "noise"
        windowType: "hann"
    general:
        analysisSampleRate: 44100
        endTime: 2000
        equalLoudness: 1
        nequalLoudness: 0
        shortSound: 0
        startTime: 0
    lowlevel:
        compute: 1
        frameSize: 2048
        hopSize: 1024
        zeroPadding: 0
        silentFrames: "noise"
        windowType: "blackmanharris62"
        mfccStats: ["mean", "cov", "icov"]
        stats: ["mean", "var", "median", "min", "max", "dmean", "dmean2", "dvar", "dvar2"]
    panning:
        compute: 0
        frameSize: 8192
        hopSize: 2048
        zeroPadding: 8192
        silentFrames: "noise"
        windowType: "hann"
        stats: ["copy"]
    rhythm:
        compute: 1
        maxTempo: 208
        minTempo: 40
        method: "degara"
        stats: ["mean", "var", "median", "min", "max", "dmean", "dmean2", "dvar", "dvar2"]
    segmentation:
        compute: 0
        cpw: 5
        inc1: 300
        inc2: 50
        minimumSegmentsLength: 10
        size1: 1000
        size2: 600
    sfx:
        compute: 1
        stats: ["mean", "var", "median", "min", "max", "dmean", "dmean2", "dvar", "dvar2"]
    svm:
        compute: 0
    tonal:
        compute: 1
        frameSize: 4096
        hopSize: 2048
        zeroPadding: 0
        silentFrames: "noise"
        windowType: "blackmanharris62"
        stats: ["mean", "var", "median", "min", "max", "dmean", "dmean2", "dvar", "dvar2"]

lowlevel:
    average_loudness: 0.90269690752
    barkbands_kurtosis:
        dmean: 0.95420050621
        dmean2: 1.5433806181
        dvar: 2.33416700363
        dvar2: 5.54411506653
        max: 66.2137069702
        mean: -0.317313939333
        median: -0.954595029354
        min: -1.90297114849
        var: 5.44063520432
    barkbands_skewness:
        dmean: 0.469222068787
        dmean2: 0.728298306465
        dvar: 0.185613721609
        dvar2: 0.445302575827
        max: 6.16160011292
        mean: -0.489937603474
        median: -0.54619538784
        min: -4.84136533737
        var: 0.775381803513
    barkbands_spread:
        dmean: 6.70206165314
        dmean2: 10.4748153687
        dvar: 38.0116195679
        dvar2: 90.9494094849
        max: 73.5189208984
        mean: 33.5700569153
        median: 33.9739112854
        min: 1.41911125183
        var: 112.692634583
    dissonance:
        dmean: 0.0100075062364
        dmean2: 0.016920324415
        dvar: 0.000129206076963
        dvar2: 0.000348465371644
        max: 0.500000119209
        mean: 0.482846260071
        median: 0.486956387758
        min: 0.283633232117
        var: 0.00023107349989
    hfc:
        dmean: 3.02697610855
        dmean2: 4.87088012695
        dvar: 19.3429641724
        dvar2: 49.7098312378
        max: 98.0934295654
        mean: 9.91795825958
        median: 8.30118656158
        min: 1.20794349521e-016
        var: 58.5105018616
    pitch:
        dmean: 714.962890625
        dmean2: 1359.12268066
        dvar: 1389225.375
        dvar2: 3394505.25
        max: 5268.16796875
        mean: 2091.6237793
        median: 3193.44702148
        min: 48.5951118469
        var: 2441135.5
    pitch_instantaneous_confidence:
        dmean: 0.089743770659
        dmean2: 0.145657390356
        dvar: 0.00569396000355
        dvar2: 0.0141362193972
        max: 0.93260627985
        mean: 0.4433157444
        median: 0.427018046379
        min: 0.120970249176
        var: 0.0190403070301
    pitch_salience:
        dmean: 0.0622699074447
        dmean2: 0.104255698621
        dvar: 0.00301956105977
        dvar2: 0.00845772307366
        max: 0.898735880852
        mean: 0.64918923378
        median: 0.662056446075
        min: 0.238035306334
        var: 0.0079947989434
    silence_rate_20dB:
        dmean: 0
        dmean2: 0
        dvar: 0
        dvar2: 0
        max: 1
        mean: 1
        median: 1
        min: 1
        var: 0
    silence_rate_30dB:
        dmean: 0
        dmean2: 0
        dvar: 0
        dvar2: 0
        max: 1
        mean: 1
        median: 1
        min: 1
        var: 0
    silence_rate_60dB:
        dmean: 0.101665586233
        dmean2: 0.20335316658
        dvar: 0.0913214609027
        dvar2: 0.184301227331
        max: 1
        mean: 0.380123287439
        median: 0
        min: 0
        var: 0.235648065805
    spectral_centroid:
        dmean: 312.390625
        dmean2: 489.532867432
        dvar: 98186.1875
        dvar2: 223554.171875
        max: 10736.6367188
        mean: 2042.31384277
        median: 2107.21337891
        min: 132.486175537
        var: 395375.28125
    spectral_complexity:
        dmean: 3.70646762848
        dmean2: 5.93401861191
        dvar: 15.004152298
        dvar2: 34.3183326721
        max: 48
        mean: 16.9728565216
        median: 16
        min: 0
        var: 105.643218994
    spectral_crest:
        dmean: 2.0745742321
        dmean2: 3.52024698257
        dvar: 3.85593891144
        dvar2: 10.6371898651
        max: 23.2209835052
        mean: 7.0697593689
        median: 6.45336914063
        min: 2.63493347168
        var: 6.90476846695
    spectral_decrease:
        dmean: 2.96566132763e-010
        dmean2: 4.76930439586e-010
        dvar: 1.70812822342e-019
        dvar2: 4.39937301256e-019
        max: 1.26512261654e-029
        mean: -9.63802704312e-010
        median: -8.70495286964e-010
        min: -5.54846657508e-009
        var: 3.7640993361e-019
    spectral_energy:
        dmean: 0.00136215356179
        dmean2: 0.00218811724335
        dvar: 3.54609892383e-006
        dvar2: 9.06952573132e-006
        max: 0.0292210485786
        mean: 0.00453720567748
        median: 0.00404067244381
        min: 1.09086616245e-020
        var: 8.7237203843e-006
    spectral_energyband_high:
        dmean: 0.000158602502779
        dmean2: 0.000262262678007
        dvar: 6.05890946304e-008
        dvar2: 1.60995739407e-007
        max: 0.00425751833245
        mean: 0.000368338369299
        median: 0.000260923494352
        min: 8.19853036328e-021
        var: 1.37376318321e-007
    spectral_energyband_low:
        dmean: 0.000218662229599
        dmean2: 0.000356022006599
        dvar: 1.01127504593e-007
        dvar2: 2.5570005846e-007
        max: 0.00321625801735
        mean: 0.000367919739801
        median: 0.000277341867331
        min: 4.31768564541e-023
        var: 1.32784990114e-007
    spectral_energyband_middle_high:
        dmean: 0.000872059143148
        dmean2: 0.00139170745388
        dvar: 1.54197584834e-006
        dvar2: 3.84913346352e-006
        max: 0.0242806877941
        mean: 0.00283184926957
        median: 0.0023847182747
        min: 1.61106490356e-021
        var: 4.75306705994e-006
    spectral_energyband_middle_low:
        dmean: 0.00057935010409
        dmean2: 0.000968392065261
        dvar: 1.08862047909e-006
        dvar2: 2.98465852211e-006
        max: 0.0138721354306
        mean: 0.00106915924698
        median: 0.000811041682027
        min: 3.01075643345e-022
        var: 1.10467613013e-006
    spectral_flatness_db:
        dmean: 0.0158233530819
        dmean2: 0.025121062994
        dvar: 0.000213312290725
        dvar2: 0.000510979269166
        max: 0.388105690479
        mean: 0.154791608453
        median: 0.149016365409
        min: 0.0654451549053
        var: 0.00119252025615
    spectral_flux:
        dmean: 0.00809344835579
        dmean2: 0.0122988559306
        dvar: 9.1931760835e-005
        dvar2: 0.000174018015969
        max: 0.144755929708
        mean: 0.0411374717951
        median: 0.0407922714949
        min: 1.04444536353e-010
        var: 0.000293938093819
    spectral_kurtosis:
        dmean: 1.15355455875
        dmean2: 1.92292499542
        dvar: 1.65883302689
        dvar2: 4.59031629562
        max: 28.4106864929
        mean: 3.81439971924
        median: 3.5815653801
        min: -1.2207890749
        var: 3.13359332085
    spectral_rms:
        dmean: 0.000302443047985
        dmean2: 0.000469248363515
        dvar: 1.23020313936e-007
        dvar2: 2.90072989628e-007
        max: 0.00533932028338
        mean: 0.00198128982447
        median: 0.00198547705077
        min: 3.26229928488e-012
        var: 5.01020622323e-007
    spectral_rolloff:
        dmean: 284.491912842
        dmean2: 466.965454102
        dvar: 194642.1875
        dvar2: 410138.46875
        max: 18238.6230469
        mean: 3485.95288086
        median: 3596.04492188
        min: 172.265625
        var: 458610.75
    spectral_skewness:
        dmean: 0.164580583572
        dmean2: 0.267100721598
        dvar: 0.027091935277
        dvar2: 0.0679312869906
        max: 4.34928941727
        mean: 1.29307079315
        median: 1.27811527252
        min: -0.000824668735731
        var: 0.0774352476001
    spectral_spread:
        dmean: 493795.4375
        dmean2: 690394.25
        dvar: 504596135936
        dvar2: 722689851392
        max: 40652004
        mean: 4350152.5
        median: 4114711.5
        min: 1729902.5
        var: 1.80719255552e+012
    spectral_strongpeak:
        dmean: 0.747273266315
        dmean2: 1.28499531746
        dvar: 0.992877304554
        dvar2: 2.43223333359
        max: 8.72231197357
        mean: 0.983005464077
        median: 0.355044394732
        min: 3.59026430807e-009
        var: 1.65674710274
    zerocrossingrate:
        dmean: 0.00872875377536
        dmean2: 0.0105953067541
        dvar: 8.93526739674e-005
        dvar2: 0.000109998982225
        max: 0.50732421875
        mean: 0.111099168658
        median: 0.1142578125
        min: 0.00927734375
        var: 0.000673369388096
    barkbands:
        dmean: [1.73330960251e-007, 8.89482835191e-005, 0.00012762589904, 0.000100398028735, 0.000340091413818, 0.000123620498925, 6.61982776364e-005, 9.59007738857e-005, 8.01826681709e-005, 7.90524063632e-005, 4.18808194809e-005, 3.68691326003e-005, 4.91270257044e-005, 6.5756154072e-005, 0.000106152125227, 0.000138288378366, 0.000198529232875, 0.000216393716983, 0.000385246559745, 0.000219585606828, 7.57820453146e-005, 2.46666622843e-005, 6.11817813478e-006, 3.17557169183e-006, 1.41410203014e-006, 5.49194822952e-008, 3.80906445274e-010]
        dmean2: [2.77814422134e-007, 0.00014579622075, 0.000215535343159, 0.000167205071193, 0.000593446486164, 0.000207974779187, 0.000112487636216, 0.000158888244187, 0.000129923879285, 0.000127382561914, 6.82022146066e-005, 6.0524631408e-005, 8.03788934718e-005, 0.000108721011202, 0.000171405714354, 0.000228079108638, 0.000328481051838, 0.000361969054211, 0.000632976472843, 0.000370043009752, 0.000127164283185, 4.01940778829e-005, 9.66079187492e-006, 4.86911312692e-006, 2.10982329918e-006, 8.33831350633e-008, 6.15966555539e-010]
        dvar: [7.86954323321e-014, 3.13810595287e-008, 3.55697977739e-008, 2.62519961325e-008, 5.8338503095e-007, 9.31213506306e-008, 2.68700350858e-008, 6.79213911781e-008, 3.62976173562e-008, 4.58288695881e-008, 1.31566455508e-008, 9.90295223602e-009, 2.00897272151e-008, 2.28951542169e-008, 5.33664525904e-008, 6.48314042451e-008, 9.28361529873e-008, 9.17103122333e-008, 3.3150305967e-007, 1.29148574501e-007, 1.46345913166e-008, 1.70028691127e-009, 1.82984558061e-010, 1.1395528271e-010, 1.90429564478e-011, 2.0690074003e-014, 5.92728727333e-019]
        dvar2: [1.85859736889e-013, 7.72345813971e-008, 9.72392086851e-008, 7.076645403e-008, 1.66601716955e-006, 2.49524816809e-007, 7.07233951402e-008, 1.83751197369e-007, 8.93093741183e-008, 1.1636217323e-007, 3.16905328646e-008, 2.55139962491e-008, 5.35813384772e-008, 5.87325317269e-008, 1.26478880702e-007, 1.69951647422e-007, 2.44597771371e-007, 2.46116229619e-007, 8.68145434652e-007, 3.52890111799e-007, 3.94639307899e-008, 4.32218971724e-009, 4.35227104356e-010, 2.53208870538e-010, 4.35857530623e-011, 4.24446922379e-014, 1.22668754852e-018]
        max: [3.73620991923e-006, 0.00155238376465, 0.00248271320015, 0.00300450343639, 0.00959284231067, 0.00585382711142, 0.00301037821919, 0.0102622304112, 0.00456934981048, 0.00450956262648, 0.00275639537722, 0.00273083732463, 0.00557462358847, 0.00324298115447, 0.00656559318304, 0.00638692360371, 0.00675187353045, 0.00737249292433, 0.0115299466997, 0.0090463925153, 0.00267722853459, 0.00128529709764, 0.000364916224498, 0.000236478852457, 0.00011656001152, 7.02836359778e-006, 2.39239330568e-008]
        mean: [2.0430728398e-007, 9.89952241071e-005, 0.000186212870176, 0.000155496789375, 0.000409984844737, 0.000160543553648, 8.65980327944e-005, 0.000125424194266, 0.000115277653094, 0.000121127413877, 5.81634012633e-005, 4.80680209876e-005, 6.93429610692e-005, 9.68919775914e-005, 0.000175060340553, 0.00026061348035, 0.000392952177208, 0.00046923107584, 0.000825145456474, 0.000462420459371, 0.000152815278852, 4.64282893518e-005, 1.19164133139e-005, 5.48278467249e-006, 2.71241515293e-006, 9.84305046359e-008, 5.11082898225e-010]
        median: [6.04575873808e-008, 4.09671738453e-005, 0.000132551940624, 9.85867955023e-005, 0.000211376391235, 7.69185644458e-005, 3.6223056668e-005, 5.62797722523e-005, 5.23282651557e-005, 2.66420556727e-005, 1.65769433806e-005, 1.62067099154e-005, 2.7163847335e-005, 4.45749064966e-005, 9.45265055634e-005, 0.000179834547453, 0.000278506195173, 0.000332199007971, 0.000626260181889, 0.000296203477774, 9.78137468337e-005, 3.11075273203e-005, 6.07086303717e-006, 2.14688247979e-006, 1.11835834105e-006, 3.4610089017e-008, 2.23041446423e-010]
        min: [5.75006137234e-025, 1.62543211799e-023, 1.98020148419e-023, 1.02827703451e-023, 4.43016458872e-023, 1.14285537335e-023, 2.41514025982e-023, 9.23804272083e-023, 4.51038795625e-023, 1.54914724897e-022, 1.93761870941e-022, 9.49807841201e-023, 6.65983386785e-023, 8.79367106204e-023, 1.98456830261e-022, 1.28412418983e-022, 1.34951772964e-022, 1.44038857369e-022, 2.7164252353e-022, 3.26221272585e-022, 5.96654958286e-022, 3.61101268692e-022, 6.92639615239e-022, 8.17921076844e-022, 1.26978322868e-021, 1.76618509832e-021, 2.65566658778e-021]
        var: [1.1150498927e-013, 3.02873139901e-008, 4.26530739617e-008, 3.53425839705e-008, 4.57042943935e-007, 8.38652596258e-008, 2.7114666068e-008, 6.38659116703e-008, 4.67670844273e-008, 9.27436119014e-008, 2.29742020963e-008, 1.28008492695e-008, 2.31812222751e-008, 3.69728034855e-008, 7.53432516376e-008, 1.07132414939e-007, 1.70181962744e-007, 1.9962944009e-007, 6.41827114123e-007, 2.80347364878e-007, 2.8517957773e-008, 2.6755222482e-009, 3.44407835584e-010, 2.12759865281e-010, 3.60287043255e-011, 5.39183532078e-014, 1.18908050575e-018]
    frequency_bands:
        dmean: [1.73330960251e-007, 8.89482835191e-005, 0.00012762589904, 0.000100398028735, 0.000340091413818, 0.000123620498925, 6.61982776364e-005, 9.59007738857e-005, 8.01826681709e-005, 7.90524063632e-005, 4.18808194809e-005, 3.68691326003e-005, 4.91270257044e-005, 6.5756154072e-005, 0.000106152125227, 0.000138288378366, 0.000198529232875, 0.000216393716983, 0.000385246559745, 0.000219585606828, 7.57820453146e-005, 2.46666622843e-005, 6.11817813478e-006, 3.17557169183e-006, 1.41410203014e-006, 5.49194822952e-008, 3.80906445274e-010, 5.45410938635e-011]
        dmean2: [2.77814422134e-007, 0.00014579622075, 0.000215535343159, 0.000167205071193, 0.000593446486164, 0.000207974779187, 0.000112487636216, 0.000158888244187, 0.000129923879285, 0.000127382561914, 6.82022146066e-005, 6.0524631408e-005, 8.03788934718e-005, 0.000108721011202, 0.000171405714354, 0.000228079108638, 0.000328481051838, 0.000361969054211, 0.000632976472843, 0.000370043009752, 0.000127164283185, 4.01940778829e-005, 9.66079187492e-006, 4.86911312692e-006, 2.10982329918e-006, 8.33831350633e-008, 6.15966555539e-010, 1.0193083877e-010]
        dvar: [7.86954323321e-014, 3.13810595287e-008, 3.55697977739e-008, 2.62519961325e-008, 5.8338503095e-007, 9.31213506306e-008, 2.68700350858e-008, 6.79213911781e-008, 3.62976173562e-008, 4.58288695881e-008, 1.31566455508e-008, 9.90295223602e-009, 2.00897272151e-008, 2.28951542169e-008, 5.33664525904e-008, 6.48314042451e-008, 9.28361529873e-008, 9.17103122333e-008, 3.3150305967e-007, 1.29148574501e-007, 1.46345913166e-008, 1.70028691127e-009, 1.82984558061e-010, 1.1395528271e-010, 1.90429564478e-011, 2.0690074003e-014, 5.92728727333e-019, 6.4817577955e-021]
        dvar2: [1.85859736889e-013, 7.72345813971e-008, 9.72392086851e-008, 7.076645403e-008, 1.66601716955e-006, 2.49524816809e-007, 7.07233951402e-008, 1.83751197369e-007, 8.93093741183e-008, 1.1636217323e-007, 3.16905328646e-008, 2.55139962491e-008, 5.35813384772e-008, 5.87325317269e-008, 1.26478880702e-007, 1.69951647422e-007, 2.44597771371e-007, 2.46116229619e-007, 8.68145434652e-007, 3.52890111799e-007, 3.94639307899e-008, 4.32218971724e-009, 4.35227104356e-010, 2.53208870538e-010, 4.35857530623e-011, 4.24446922379e-014, 1.22668754852e-018, 2.07749480458e-020]
        max: [3.73620991923e-006, 0.00155238376465, 0.00248271320015, 0.00300450343639, 0.00959284231067, 0.00585382711142, 0.00301037821919, 0.0102622304112, 0.00456934981048, 0.00450956262648, 0.00275639537722, 0.00273083732463, 0.00557462358847, 0.00324298115447, 0.00656559318304, 0.00638692360371, 0.00675187353045, 0.00737249292433, 0.0115299466997, 0.0090463925153, 0.00267722853459, 0.00128529709764, 0.000364916224498, 0.000236478852457, 0.00011656001152, 7.02836359778e-006, 2.39239330568e-008, 8.7574997254e-010]
        mean: [2.0430728398e-007, 9.89952241071e-005, 0.000186212870176, 0.000155496789375, 0.000409984844737, 0.000160543553648, 8.65980327944e-005, 0.000125424194266, 0.000115277653094, 0.000121127413877, 5.81634012633e-005, 4.80680209876e-005, 6.93429610692e-005, 9.68919775914e-005, 0.000175060340553, 0.00026061348035, 0.000392952177208, 0.00046923107584, 0.000825145456474, 0.000462420459371, 0.000152815278852, 4.64282893518e-005, 1.19164133139e-005, 5.48278467249e-006, 2.71241515293e-006, 9.84305046359e-008, 5.11082898225e-010, 4.11858082361e-011]
        median: [6.04575873808e-008, 4.09671738453e-005, 0.000132551940624, 9.85867955023e-005, 0.000211376391235, 7.69185644458e-005, 3.6223056668e-005, 5.62797722523e-005, 5.23282651557e-005, 2.66420556727e-005, 1.65769433806e-005, 1.62067099154e-005, 2.7163847335e-005, 4.45749064966e-005, 9.45265055634e-005, 0.000179834547453, 0.000278506195173, 0.000332199007971, 0.000626260181889, 0.000296203477774, 9.78137468337e-005, 3.11075273203e-005, 6.07086303717e-006, 2.14688247979e-006, 1.11835834105e-006, 3.4610089017e-008, 2.23041446423e-010, 1.44376602687e-011]
        min: [5.75006137234e-025, 1.62543211799e-023, 1.98020148419e-023, 1.02827703451e-023, 4.43016458872e-023, 1.14285537335e-023, 2.41514025982e-023, 9.23804272083e-023, 4.51038795625e-023, 1.54914724897e-022, 1.93761870941e-022, 9.49807841201e-023, 6.65983386785e-023, 8.79367106204e-023, 1.98456830261e-022, 1.28412418983e-022, 1.34951772964e-022, 1.44038857369e-022, 2.7164252353e-022, 3.26221272585e-022, 5.96654958286e-022, 3.61101268692e-022, 6.92639615239e-022, 8.17921076844e-022, 1.26978322868e-021, 1.76618509832e-021, 2.65566658778e-021, 6.82505087636e-022]
        var: [1.1150498927e-013, 3.02873139901e-008, 4.26530739617e-008, 3.53425839705e-008, 4.57042943935e-007, 8.38652596258e-008, 2.7114666068e-008, 6.38659116703e-008, 4.67670844273e-008, 9.27436119014e-008, 2.29742020963e-008, 1.28008492695e-008, 2.31812222751e-008, 3.69728034855e-008, 7.53432516376e-008, 1.07132414939e-007, 1.70181962744e-007, 1.9962944009e-007, 6.41827114123e-007, 2.80347364878e-007, 2.8517957773e-008, 2.6755222482e-009, 3.44407835584e-010, 2.12759865281e-010, 3.60287043255e-011, 5.39183532078e-014, 1.18908050575e-018, 4.95962349157e-021]
    mfcc:
        mean: [-715.307373047, 90.9468154907, -52.8578491211, 63.373626709, -3.68629932404, -9.427775383, -3.71989321709, -0.262644916773, -1.37655806541, -0.390198022127, -3.51906204224, -10.5030765533, -4.87508058548]
        cov: [[4569.64013672, -160.431030273, -124.412330627, 365.059082031, -198.094680786, -66.3190689087, -72.5287857056, -75.8046951294, 5.64981412888, 33.5086708069, -43.3249969482, 18.1557865143, -36.4182472229], [-160.431030273, 1077.56738281, -105.990463257, 162.832183838, 138.365646362, 32.2632331848, 13.5752420425, 38.1552391052, 29.2757949829, -18.5830993652, 46.0472106934, -41.7841529846, 3.57358407974], [-124.412330627, -105.990463257, 528.812438965, 106.663749695, 104.858161926, 67.1706390381, 18.2307891846, -8.80548095703, 25.1721801758, -17.7629699707, -21.7607707977, 45.2870979309, -6.02023744583], [365.059082031, 162.832183838, 106.663749695, 444.705963135, 160.296173096, 9.72275543213, -10.8615579605, -29.6586322784, 70.1373672485, 51.41015625, -2.60908055305, 36.07862854, 19.1384449005], [-198.094680786, 138.365646362, 104.858161926, 160.296173096, 250.070709229, 45.2646141052, -21.366815567, -10.4610776901, 36.1401062012, 47.3226776123, 5.78594589233, 4.21689891815, 14.9080476761], [-66.3190689087, 32.2632331848, 67.1706390381, 9.72275543213, 45.2646141052, 141.870544434, 74.8543319702, 33.8862571716, 12.6174516678, 6.79341650009, 19.5318641663, 13.2786798477, -1.89194381237], [-72.5287857056, 13.5752420425, 18.2307891846, -10.8615579605, -21.366815567, 74.8543319702, 184.663467407, 68.7839126587, 18.3538761139, -1.8883036375, 6.63581800461, 26.6929225922, -1.95412623882], [-75.8046951294, 38.1552391052, -8.80548095703, -29.6586322784, -10.4610776901, 33.8862571716, 68.7839126587, 128.199996948, 26.3747673035, 21.4692745209, 20.8799743652, -9.12461662292, 23.7422962189], [5.64981412888, 29.2757949829, 25.1721801758, 70.1373672485, 36.1401062012, 12.6174516678, 18.3538761139, 26.3747673035, 103.610519409, 41.0458183289, 6.94108867645, 14.8652935028, 1.44668197632], [33.5086708069, -18.5830993652, -17.7629699707, 51.41015625, 47.3226776123, 6.79341650009, -1.8883036375, 21.4692745209, 41.0458183289, 114.042221069, 43.8855667114, 1.96996760368, 14.5705223083], [-43.3249969482, 46.0472106934, -21.7607707977, -2.60908055305, 5.78594589233, 19.5318641663, 6.63581800461, 20.8799743652, 6.94108867645, 43.8855667114, 89.5724945068, 20.1731147766, 14.2033128738], [18.1557865143, -41.7841529846, 45.2870979309, 36.07862854, 4.21689891815, 13.2786798477, 26.6929225922, -9.12461662292, 14.8652935028, 1.96996760368, 20.1731147766, 83.0397338867, 18.9007720947], [-36.4182472229, 3.57358407974, -6.02023744583, 19.1384449005, 14.9080476761, -1.89194381237, -1.95412623882, 23.7422962189, 1.44668197632, 14.5705223083, 14.2033128738, 18.9007720947, 73.242515564]]
        icov: [[0.000284703855868, 3.57315184374e-005, 7.91133497842e-005, -0.000440965493908, 0.00050413236022, -0.000162188080139, 0.000199847607291, -3.04163368128e-005, 0.000148107035784, -0.000210184254684, 0.000199371424969, -7.62441704865e-005, 0.000189837432117], [3.57315184374e-005, 0.00132620381191, 0.000471317063784, -0.000593782460783, -0.000795014377218, 2.35508505284e-005, -0.000184335571248, -0.000348564382875, -0.00038543791743, 0.00159736676142, -0.00143800489604, 0.00107362284325, 0.000109102409624], [7.91133497842e-005, 0.000471317063784, 0.00257935980335, -0.000546270573977, -0.000946263957303, -0.00100988487247, 0.000381039339118, -0.000482320640003, -0.000188880614587, 0.00109436642379, 0.000400409626309, -0.00116731401067, 0.000713739311323], [-0.000440965493908, -0.000593782460783, -0.000546270573977, 0.00432046921924, -0.00222633988596, 0.000784582109191, -0.000594337179791, 0.00127219164278, -0.00164155801758, -0.000947574328166, 0.000802387541626, -0.00112231087405, -0.000964015780482], [0.00050413236022, -0.000795014377218, -0.000946263957303, -0.00222633988596, 0.00797830056399, -0.00282597518526, 0.00181820732541, 0.000801416579634, 0.000126822953462, -0.0033218357712, 0.00182022957597, 0.00034164491808, -0.000897601014003], [-0.000162188080139, 2.35508505284e-005, -0.00100988487247, 0.000784582109191, -0.00282597518526, 0.0111008025706, -0.00448310142383, -0.000566424860153, -3.41514678439e-005, 0.00108775577974, -0.00285174697638, 0.000503760529682, 0.000763441552408], [0.000199847607291, -0.000184335571248, 0.000381039339118, -0.000594337179791, 0.00181820732541, -0.00448310142383, 0.00988450832665, -0.005075014662, 0.000408740917919, -0.000421018165071, 0.00234961300157, -0.00439304066822, 0.00247163232416], [-3.04163368128e-005, -0.000348564382875, -0.000482320640003, 0.00127219164278, 0.000801416579634, -0.000566424860153, -0.005075014662, 0.0138075714931, -0.00366684561595, -0.000833661237266, -0.00225925841369, 0.00529648782685, -0.00584961520508], [0.000148107035784, -0.00038543791743, -0.000188880614587, -0.00164155801758, 0.000126822953462, -3.41514678439e-005, 0.000408740917919, -0.00366684561595, 0.0140941841528, -0.00521427858621, 0.00284152850509, -0.00368065782823, 0.00283642415889], [-0.000210184254684, 0.00159736676142, 0.00109436642379, -0.000947574328166, -0.0033218357712, 0.00108775577974, -0.000421018165071, -0.000833661237266, -0.00521427858621, 0.0165147781372, -0.00878974422812, 0.00367788923904, -0.0013086120598], [0.000199371424969, -0.00143800489604, 0.000400409626309, 0.000802387541626, 0.00182022957597, -0.00285174697638, 0.00234961300157, -0.00225925841369, 0.00284152850509, -0.00878974422812, 0.0185706783086, -0.00683060800657, 0.000197326633497], [-7.62441704865e-005, 0.00107362284325, -0.00116731401067, -0.00112231087405, 0.00034164491808, 0.000503760529682, -0.00439304066822, 0.00529648782685, -0.00368065782823, 0.00367788923904, -0.00683060800657, 0.0192350670695, -0.00608173338696], [0.000189837432117, 0.000109102409624, 0.000713739311323, -0.000964015780482, -0.000897601014003, 0.000763441552408, 0.00247163232416, -0.00584961520508, 0.00283642415889, -0.0013086120598, 0.000197326633497, -0.00608173338696, 0.0179529581219]]
    sccoeffs:
        dmean: [0.055227804929, 0.0506400540471, 0.0396185517311, 0.0334761478007, 0.0245547555387, 0.0178726967424]
        dmean2: [0.0903198197484, 0.0825639888644, 0.0647755563259, 0.054330188781, 0.0393354222178, 0.0279997009784]
        dvar: [0.00206114258617, 0.0017932393821, 0.00108305667527, 0.000758308859076, 0.000467288045911, 0.000247397256317]
        dvar2: [0.0053858817555, 0.00468182610348, 0.00281311105937, 0.00188291852828, 0.00113312690519, 0.000566899194382]
        max: [-0.24583388865, -0.380245685577, -0.457697212696, -0.52897465229, -0.567768037319, -0.59080773592]
        mean: [-0.657497763634, -0.756289184093, -0.778303861618, -0.774814665318, -0.772073030472, -0.75302696228]
        median: [-0.662879049778, -0.765346586704, -0.78751039505, -0.781388342381, -0.777678132057, -0.750364363194]
        min: [-0.966434955597, -0.963924825191, -0.976021707058, -0.96256518364, -0.962736427784, -0.961547076702]
        var: [0.00630043353885, 0.00516568031162, 0.00398130808026, 0.0026649616193, 0.00175839371514, 0.00128503853921]
    scvalleys:
        dmean: [0.39942869544, 0.404153287411, 0.335437774658, 0.287880450487, 0.254970908165, 0.308470398188]
        dmean2: [0.655384898186, 0.662553071976, 0.540297627449, 0.456702798605, 0.389533758163, 0.416864186525]
        dvar: [0.136478021741, 0.172653853893, 0.114915415645, 0.100790321827, 0.105322062969, 0.156697571278]
        dvar2: [0.307632863522, 0.413524448872, 0.240657746792, 0.201049089432, 0.20048995316, 0.284593075514]
        max: [-5.43774223328, -4.61261606216, -5.22819471359, -5.7054400444, -5.10081481934, -7.14227581024]
        mean: [-7.05730342865, -6.95067596436, -7.41327857971, -7.31487989426, -6.90337228775, -9.73566913605]
        median: [-6.78385066986, -6.8367729187, -7.33335113525, -7.17618465424, -6.70299434662, -9.50631904602]
        min: [-27.3698120117, -26.7120056152, -27.3214912415, -27.1393680573, -27.1649646759, -27.2213191986]
        var: [1.47138929367, 1.05175304413, 0.804867446423, 0.786869347095, 0.999587059021, 1.18561649323]

rhythm:
    beats_loudness:
        dmean: 0.00200399965979
        dmean2: 0.00346400425769
        dvar: 3.68205860468e-006
        dvar2: 1.03430975287e-005
        max: 0.0190222114325
        mean: 0.00505058234558
        median: 0.00487631093711
        min: 2.01816452439e-009
        var: 7.39597680877e-006
    bpm: 115.200500488
    bpm_confidence: 0
    first_peak_bpm: 115
    first_peak_spread: 0.467191576958
    first_peak_weight: 0.496332526207
    onset_rate: 3.40981674194
    second_peak_bpm: 110
    second_peak_spread: 0
    second_peak_weight: 0.0317848399282
    beats_loudness_band_ratio:
        dmean: [0.135856360197, 0.0950308814645, 0.0808205232024, 0.0620797500014, 0.125521168113, 0.125237330794]
        dmean2: [0.235851094127, 0.162719234824, 0.145258158445, 0.10939117521, 0.216833263636, 0.224093720317]
        dvar: [0.0150462444872, 0.00790230929852, 0.0120586007833, 0.00753703853115, 0.00961670186371, 0.011154432781]
        dvar2: [0.0397904403508, 0.0210703816265, 0.0348772518337, 0.0214233193547, 0.0295577403158, 0.0311004817486]
        max: [0.924388289452, 0.525490164757, 0.727341771126, 0.510196328163, 0.69516658783, 0.764393031597]
        mean: [0.168755471706, 0.124340966344, 0.0902726873755, 0.0664108544588, 0.295878916979, 0.278257757425]
        median: [0.125133186579, 0.0929570943117, 0.0613838806748, 0.0304318722337, 0.297134995461, 0.273046910763]
        min: [5.81751862683e-007, 3.83297410735e-005, 0.000882341933902, 0.00317659880966, 0.00644779764116, 0.0090744709596]
        var: [0.0221155043691, 0.0103711606935, 0.0094648161903, 0.00714449537918, 0.0142365098, 0.016885086894]
    beats_position: [0.487619042397, 0.99845802784, 1.52090704441, 2.04335594177, 2.57741498947, 3.11147379875, 3.64553284645, 4.17959165573, 4.72526073456, 5.27092981339, 5.80498838425, 6.33904743195, 6.86149644852, 7.38394546509, 7.91800451279, 8.45206356049, 8.98612213135, 9.53179073334, 10.077460289, 10.623128891, 11.1687984467, 11.6912469864, 12.2136955261, 12.7245349884, 13.235373497, 13.7578229904, 14.2802715302, 14.8027210236, 15.3251695633, 15.8360090256, 16.3584575653, 16.8809070587, 17.391746521, 17.9025840759, 18.4250335693, 18.9474830627, 19.458322525, 19.96916008, 20.4916095734, 21.0140590668, 21.5248966217, 22.0473461151, 22.5697956085, 23.0922451019, 23.6030826569, 24.1255321503, 24.6363716125, 25.1472110748, 25.6580486298, 26.168888092, 26.6913375854, 27.2137870789, 27.7246246338, 28.2354640961, 28.7579135895, 29.2687530518, 29.7912006378, 30.3136501312, 30.8360996246, 31.3469390869, 31.869386673, 32.3802261353, 32.9026756287, 33.4251251221, 33.9475746155, 34.4584121704, 34.9692497253, 35.480091095, 36.0025405884, 36.5249862671, 37.0474357605, 37.5698852539, 38.0807266235, 38.5915641785, 39.1024017334, 39.6248512268, 40.1473007202, 40.6581382751, 41.1805877686, 41.6914291382, 42.2138786316, 42.7247161865, 43.2471656799, 43.7580032349, 44.2804527283, 44.8029022217, 45.3253517151, 45.83618927, 46.347026825, 46.8694763184, 47.3919258118, 47.9143753052, 48.4252128601, 48.9476623535, 49.4585037231, 49.9693412781, 50.480178833, 51.0026283264, 51.5250778198, 52.0475273132, 52.5699768066, 53.0924263, 53.603263855, 54.1257133484, 54.6481628418, 55.1706123352, 55.7046699524, 56.2387275696, 56.7727890015, 57.3068466187, 57.8525161743, 58.3865737915, 58.9206352234, 59.4430847168, 59.9655303955, 60.4879798889, 61.0104293823, 61.5328788757, 62.0437164307, 62.5545578003, 63.0653953552, 63.5878448486, 64.1102905273, 64.6327438354, 65.1551895142, 65.6776428223, 66.1884765625, 66.6877059937, 67.2101593018, 67.7442169189, 68.2898864746, 68.8239440918, 69.358001709, 69.8920593262, 70.4377288818, 70.9833984375, 71.5058517456, 72.0282974243, 72.5507507324, 73.0615844727, 73.5840377808, 74.094871521, 74.6173248291, 75.1281585693, 75.638999939, 76.1614532471, 76.6722869873, 77.1947402954, 77.7171859741, 78.2280273438, 78.7504730225, 79.2729263306, 79.7953720093, 80.3178253174, 80.8286590576, 81.3511123657, 81.8735580444, 82.3960113525, 82.9184570313, 83.4292984009, 83.9401321411, 84.4509735107, 84.9618148804, 85.4842605591, 86.0067138672, 86.5175476074, 87.0400009155, 87.5624465942, 88.0732879639, 88.5841217041, 89.1065750122, 89.6290206909, 90.151473999, 90.6739196777, 91.1847610474, 91.695602417, 92.2064361572, 92.7172775269, 93.2397232056, 93.7621765137, 94.2846221924, 94.795463562, 95.3179092407, 95.8287506104, 96.3511962891, 96.8620376587, 97.3844909668, 97.895324707, 98.4177780151, 98.9402236938, 99.4510650635, 99.9619064331, 100.484352112, 100.995193481, 101.51763916, 102.040092468, 102.550926208, 103.073379517, 103.584213257, 104.095054626, 104.605895996, 105.128341675, 105.650794983, 106.173240662, 106.69568634, 107.218139648, 107.740585327, 108.251426697, 108.762268066, 109.284713745, 109.807167053, 110.329612732, 110.852058411, 111.36289978, 111.87374115, 112.38457489, 112.89541626, 113.417869568, 113.940315247, 114.451156616, 114.961990356, 115.472831726, 115.983673096, 116.506118774, 117.028572083, 117.551017761, 118.07346344, 118.595916748, 119.118362427, 119.629203796, 120.140045166, 120.650878906, 121.161720276, 121.672561646, 122.195007324, 122.717460632, 123.239906311, 123.762359619, 124.284805298, 124.818862915, 125.341316223, 125.87537384, 126.409431458, 126.943489075, 127.477546692, 128.011611938, 128.545669556, 129.079727173, 129.602172852, 130.136230469, 130.658676147, 131.181137085, 131.703582764, 132.226028442, 132.748474121, 133.282531738, 133.77015686, 134.280990601, 134.7918396, 135.314285278, 135.836730957, 136.347564697, 136.858413696, 137.380859375, 137.903305054, 138.414154053, 138.924987793, 139.447433472, 139.96987915, 140.492340088, 141.014785767, 141.525619507, 142.048065186, 142.570526123, 143.081359863, 143.592193604, 144.103042603, 144.63710022, 145.171157837, 145.751647949, 146.320541382, 146.889434814, 147.400268555, 147.911102295, 148.421951294, 148.944396973, 149.455230713, 149.97769165, 150.488525391, 151.010971069, 151.52180481, 152.044265747, 152.566711426, 153.077545166, 153.588394165, 154.099227905, 154.621673584, 155.132507324, 155.654968262, 156.17741394, 156.688247681, 157.210693359, 157.733154297, 158.255599976, 158.778045654, 159.300491333, 159.822952271, 160.345397949, 160.856231689, 161.378677368, 161.982406616, 162.586120605, 163.201446533, 163.805160522, 164.408889771, 164.954559326, 165.465393066, 165.987838745, 166.510284424, 167.032745361, 167.55519104, 168.06602478, 168.588470459, 169.110931396, 169.633377075, 170.155822754, 170.666656494, 171.177505493, 171.688339233, 172.210784912, 172.721633911, 173.24407959, 173.75491333, 174.277359009, 174.788208008, 175.310653687, 175.833099365, 176.355545044, 176.878005981, 177.40045166, 177.922897339, 178.445343018, 178.956192017, 179.467025757, 179.989471436, 180.511917114, 181.04598999, 181.568435669, 182.102493286, 182.624938965, 183.158996582, 183.693054199, 184.227111816, 184.761169434, 185.29524231, 185.817687988, 186.340133667, 186.862579346, 187.385025024, 187.907485962, 188.429931641, 188.940765381, 189.451599121, 189.96244812, 190.484893799, 191.007339478, 191.529785156, 192.052246094, 192.574691772, 193.097137451, 193.631195068, 194.165252686, 194.699310303, 195.23336792, 195.767440796, 196.301498413, 196.83555603, 197.369613647, 197.892059326, 198.414505005, 198.936950684, 199.459411621, 199.970245361, 200.49269104, 201.003540039, 201.525985718, 202.048431396, 202.570877075, 203.104934692, 203.63899231, 204.173049927, 204.707122803, 205.252792358, 205.798446655, 206.332519531, 206.85496521, 207.377410889, 207.899856567, 208.422302246, 208.933151245, 209.443984985, 209.954818726, 210.454055786, 210.953277588, 211.452514648, 211.95173645, 212.450973511, 212.961807251, 213.47265625, 213.98348999]
