
metadata:
    version:
        essentia: "2.1-beta2"
    audio_properties:
        analysis_sample_rate: 44100
        bitrate: 252
        channels: 2
        equal_loudness: 1
        length: 178.651428223
        replay_gain: -14.7728786469
        downmix: "mix"
    tags:
        album: "Crossfade"
        artist: "Crossfade"
        comment: "Ripped by [HHI]"
        date: "2004"
        genre: "Rock"
        title: "Disco"
        tracknumber: "9"

configuration:
    average_loudness:
        compute: 1
        frameSize: 88200
        hopSize: 44100
        silentFrames: "noise"
        windowType: "hann"
    general:
        analysisSampleRate: 44100
        endTime: 2000
        equalLoudness: 1
        nequalLoudness: 0
        shortSound: 0
        startTime: 0
    lowlevel:
        compute: 1
        frameSize: 2048
        hopSize: 1024
        zeroPadding: 0
        silentFrames: "noise"
        windowType: "blackmanharris62"
        mfccStats: ["mean", "cov", "icov"]
        stats: ["mean", "var", "median", "min", "max", "dmean", "dmean2", "dvar", "dvar2"]
    panning:
        compute: 0
        frameSize: 8192
        hopSize: 2048
        zeroPadding: 8192
        silentFrames: "noise"
        windowType: "hann"
        stats: ["copy"]
    rhythm:
        compute: 1
        maxTempo: 208
        minTempo: 40
        method: "degara"
        stats: ["mean", "var", "median", "min", "max", "dmean", "dmean2", "dvar", "dvar2"]
    segmentation:
        compute: 0
        cpw: 5
        inc1: 300
        inc2: 50
        minimumSegmentsLength: 10
        size1: 1000
        size2: 600
    sfx:
        compute: 1
        stats: ["mean", "var", "median", "min", "max", "dmean", "dmean2", "dvar", "dvar2"]
    svm:
        compute: 0
    tonal:
        compute: 1
        frameSize: 4096
        hopSize: 2048
        zeroPadding: 0
        silentFrames: "noise"
        windowType: "blackmanharris62"
        stats: ["mean", "var", "median", "min", "max", "dmean", "dmean2", "dvar", "dvar2"]

lowlevel:
    average_loudness: 0.966204464436
    barkbands_kurtosis:
        dmean: 1.27255511284
        dmean2: 2.03290748596
        dvar: 2.17228460312
        dvar2: 5.24921751022
        max: 26.4548168182
        mean: 0.393459975719
        median: -0.218968048692
        min: -1.91666972637
        var: 4.51198291779
    barkbands_skewness:
        dmean: 0.45177924633
        dmean2: 0.708060324192
        dvar: 0.151364594698
        dvar2: 0.371702551842
        max: 1.98313808441
        mean: -1.01748156548
        median: -1.04122781754
        min: -4.974568367
        var: 0.486850500107
    barkbands_spread:
        dmean: 6.98166322708
        dmean2: 10.8933944702
        dvar: 41.8950881958
        dvar2: 98.5905914307
        max: 65.8097686768
        mean: 28.2832183838
        median: 27.0966014862
        min: 4.33732032776
        var: 103.428565979
    dissonance:
        dmean: 0.00708156637847
        dmean2: 0.0119712473825
        dvar: 7.03402110958e-005
        dvar2: 0.00019651967159
        max: 0.500000119209
        mean: 0.489007055759
        median: 0.491730958223
        min: 0.302140444517
        var: 9.85686929198e-005
    hfc:
        dmean: 3.61840200424
        dmean2: 5.72124576569
        dvar: 24.3631496429
        dvar2: 58.5160293579
        max: 101.003097534
        mean: 11.590010643
        median: 10.3720426559
        min: 1.05860212367e-016
        var: 44.2386856079
    pitch:
        dmean: 884.859680176
        dmean2: 1638.15136719
        dvar: 1310970
        dvar2: 3134046.25
        max: 4311.48876953
        mean: 2276.94897461
        median: 2966.11083984
        min: 82.9504470825
        var: 1717008.875
    pitch_instantaneous_confidence:
        dmean: 0.0768940895796
        dmean2: 0.127817571163
        dvar: 0.00396583881229
        dvar2: 0.0103830369189
        max: 0.910186469555
        mean: 0.367188632488
        median: 0.352268517017
        min: 0.0914892554283
        var: 0.0118338307366
    pitch_salience:
        dmean: 0.0548652373254
        dmean2: 0.0913200378418
        dvar: 0.00229998654686
        dvar2: 0.00623686471954
        max: 0.997581779957
        mean: 0.704120099545
        median: 0.714039206505
        min: 0.309757530689
        var: 0.00452814111486
    silence_rate_20dB:
        dmean: 0
        dmean2: 0
        dvar: 0
        dvar2: 0
        max: 1
        mean: 1
        median: 1
        min: 1
        var: 0
    silence_rate_30dB:
        dmean: 0
        dmean2: 0
        dvar: 0
        dvar2: 0
        max: 1
        mean: 1
        median: 1
        min: 1
        var: 0
    silence_rate_60dB:
        dmean: 0.100337922573
        dmean2: 0.200701937079
        dvar: 0.0902724862099
        dvar2: 0.192920073867
        max: 1
        mean: 0.190123453736
        median: 0
        min: 0
        var: 0.153964355588
    spectral_centroid:
        dmean: 255.019180298
        dmean2: 403.282928467
        dvar: 68153.7890625
        dvar2: 159839.828125
        max: 11463.8261719
        mean: 2284.02392578
        median: 2265.22607422
        min: 663.176208496
        var: 538188.8125
    spectral_complexity:
        dmean: 4.24564599991
        dmean2: 6.56622886658
        dvar: 13.944108963
        dvar2: 30.8910369873
        max: 46
        mean: 20.7267055511
        median: 21
        min: 0
        var: 51.7266921997
    spectral_crest:
        dmean: 1.74356782436
        dmean2: 2.94466590881
        dvar: 2.67091035843
        dvar2: 7.05807542801
        max: 23.2575111389
        mean: 6.41273880005
        median: 5.91383123398
        min: 2.80057358742
        var: 4.51458740234
    spectral_decrease:
        dmean: 3.32692262628e-010
        dmean2: 5.30392729736e-010
        dvar: 1.7246424966e-019
        dvar2: 4.25351909858e-019
        max: 1.74100034557e-028
        mean: -1.0728986588e-009
        median: -9.73677027893e-010
        min: -5.92579008085e-009
        var: 2.85819749561e-019
    spectral_energy:
        dmean: 0.00155553652439
        dmean2: 0.00247443513945
        dvar: 3.8343482629e-006
        dvar2: 9.35603657126e-006
        max: 0.0309427212924
        mean: 0.00510061625391
        median: 0.00462518399581
        min: 9.7791182253e-021
        var: 6.58291901345e-006
    spectral_energyband_high:
        dmean: 0.000186537276022
        dmean2: 0.000298800878227
        dvar: 1.07387762682e-007
        dvar2: 2.46592293252e-007
        max: 0.0050833998248
        mean: 0.000396000570618
        median: 0.000274509657174
        min: 6.90410902691e-021
        var: 1.82399844562e-007
    spectral_energyband_low:
        dmean: 0.000247896416113
        dmean2: 0.000412367313402
        dvar: 1.82278313332e-007
        dvar2: 4.64852320192e-007
        max: 0.00609851721674
        mean: 0.000299661653116
        median: 0.000167578298715
        min: 1.50529885732e-023
        var: 1.6922919599e-007
    spectral_energyband_middle_high:
        dmean: 0.00108257599641
        dmean2: 0.00171518186107
        dvar: 1.81929397058e-006
        dvar2: 4.44789429821e-006
        max: 0.0272929854691
        mean: 0.00351763516665
        median: 0.0032004667446
        min: 1.3587753216e-021
        var: 3.66330868928e-006
    spectral_energyband_middle_low:
        dmean: 0.000537685235031
        dmean2: 0.000884805573151
        dvar: 7.8714015217e-007
        dvar2: 2.07190623769e-006
        max: 0.0136301126331
        mean: 0.00098565663211
        median: 0.000718650815543
        min: 1.82168139989e-022
        var: 8.90826186151e-007
    spectral_flatness_db:
        dmean: 0.0145428180695
        dmean2: 0.0230205692351
        dvar: 0.000159699819051
        dvar2: 0.000395659881178
        max: 0.40049919486
        mean: 0.157566457987
        median: 0.148445293307
        min: 0.0523491725326
        var: 0.00151358009316
    spectral_flux:
        dmean: 0.007817607373
        dmean2: 0.0116751035675
        dvar: 7.32996995794e-005
        dvar2: 0.000130478234496
        max: 0.151368126273
        mean: 0.0461912788451
        median: 0.0447496958077
        min: 6.34558378065e-011
        var: 0.000206427823287
    spectral_kurtosis:
        dmean: 1.45237147808
        dmean2: 2.41733813286
        dvar: 3.34821152687
        dvar2: 10.390912056
        max: 23.6461277008
        mean: 4.80135679245
        median: 4.47807979584
        min: -1.2620357275
        var: 5.2646446228
    spectral_rms:
        dmean: 0.000319514831062
        dmean2: 0.000495709071402
        dvar: 1.1653799703e-007
        dvar2: 2.70201923058e-007
        max: 0.00549436267465
        mean: 0.00216240482405
        median: 0.00212423503399
        min: 3.08878660496e-012
        var: 3.0021180919e-007
    spectral_rolloff:
        dmean: 220.027313232
        dmean2: 361.155914307
        dvar: 101808.460938
        dvar2: 225010.734375
        max: 19315.2832031
        mean: 3590.09716797
        median: 3531.4453125
        min: 732.12890625
        var: 1254872.75
    spectral_skewness:
        dmean: 0.179984480143
        dmean2: 0.290461331606
        dvar: 0.0330295227468
        dvar2: 0.0944310799241
        max: 2.76953363419
        mean: 1.36225903034
        median: 1.4175132513
        min: -0.149455845356
        var: 0.142223715782
    spectral_spread:
        dmean: 452356.5625
        dmean2: 663476.25
        dvar: 489459908608
        dvar2: 906010296320
        max: 42220484
        mean: 4055157
        median: 3890409
        min: 1270625.5
        var: 7.98613359821e+012
    spectral_strongpeak:
        dmean: 0.734903454781
        dmean2: 1.25773191452
        dvar: 0.677740991116
        dvar2: 1.72857129574
        max: 8.76890182495
        mean: 0.998112499714
        median: 0.67819160223
        min: 4.58761466315e-011
        var: 1.11893999577
    zerocrossingrate:
        dmean: 0.00674899388105
        dmean2: 0.00850553810596
        dvar: 5.17596854479e-005
        dvar2: 6.76316558383e-005
        max: 0.52734375
        mean: 0.118185698986
        median: 0.1162109375
        min: 0.044921875
        var: 0.000981349963695
    barkbands:
        dmean: [1.38831495633e-007, 8.56099068187e-005, 0.000150053325342, 9.78860916803e-005, 0.000238253633142, 0.000126509490656, 8.27480471344e-005, 6.31393122603e-005, 0.00010827670485, 7.54414941184e-005, 3.04790210066e-005, 4.7395555157e-005, 3.45944099536e-005, 6.88125001034e-005, 0.000211556107388, 0.000246541283559, 0.000277230865322, 0.000350211543264, 0.000354670570232, 0.000244065275183, 7.78162793722e-005, 2.38728880504e-005, 7.24324763723e-006, 4.26217548011e-006, 1.59537000854e-006, 5.57535813073e-008, 4.08153039144e-010]
        dmean2: [2.2960504964e-007, 0.000139306037454, 0.000264581758529, 0.000164979399415, 0.000403883808758, 0.000213637729757, 0.000140671560075, 0.000106699822936, 0.000175919398316, 0.000120226526633, 5.04658310092e-005, 7.72631756263e-005, 5.75178855797e-005, 0.000112458823423, 0.000343615101883, 0.000406010600273, 0.000458199210698, 0.000582535169087, 0.000577527913265, 0.000396986783016, 0.000130512940814, 3.90283785237e-005, 1.12889138109e-005, 6.68675374982e-006, 2.37471112996e-006, 8.82417623416e-008, 6.85375589615e-010]
        dvar: [6.73990418055e-014, 3.12649603984e-008, 7.86811753528e-008, 2.6317653834e-008, 2.66154671635e-007, 1.64801036817e-007, 5.07879853728e-008, 2.02619290235e-008, 5.84520378766e-008, 5.46953558e-008, 7.9078512627e-009, 2.41081394847e-008, 4.22785984e-009, 1.36807498663e-008, 9.99416016612e-008, 1.06119117049e-007, 1.01436739897e-007, 1.8346158015e-007, 4.21670108608e-007, 1.89279688811e-007, 1.69433445052e-008, 2.15195639086e-009, 5.7242099949e-010, 2.68522065694e-010, 3.00481028948e-011, 1.04418249153e-014, 4.70491440229e-019]
        dvar2: [1.75369769162e-013, 7.50393951421e-008, 2.17824677406e-007, 6.96237378861e-008, 7.19799459148e-007, 4.371717921e-007, 1.35449781169e-007, 5.45476481761e-008, 1.44818855574e-007, 1.32761485361e-007, 2.19982023708e-008, 6.06935159908e-008, 1.07973932018e-008, 3.47879876017e-008, 2.57011492977e-007, 2.67548017518e-007, 2.62588088162e-007, 4.84393524403e-007, 1.04691616798e-006, 4.72539767316e-007, 4.209518778e-008, 5.36256239414e-009, 1.37871292161e-009, 6.32461416572e-010, 5.60259338922e-011, 2.25852509302e-014, 1.19629765659e-018]
        max: [5.79272636969e-006, 0.00137199519668, 0.00317395408638, 0.00404467061162, 0.00600326340646, 0.0112918801606, 0.00638024276122, 0.00330541562289, 0.00433824770153, 0.00732717569917, 0.00279527762905, 0.00415580254048, 0.00118767539971, 0.00178986904211, 0.00686330720782, 0.00690670777112, 0.00593466032296, 0.0132689923048, 0.0154838645831, 0.0103032803163, 0.00269655603915, 0.00101969798561, 0.000934648211114, 0.000305764086079, 0.000174276647158, 2.39138012148e-006, 1.16640768155e-008]
        mean: [1.63422555488e-007, 7.96594831627e-005, 0.000159052229719, 0.00012965562928, 0.000319409416988, 0.00014648787328, 9.60196048254e-005, 7.77856766945e-005, 0.000153167537064, 9.46873551584e-005, 4.13877605752e-005, 6.17736877757e-005, 5.2483559557e-005, 0.000109615612018, 0.000362996506738, 0.000490951584652, 0.000570987758692, 0.000742263509892, 0.000723709061276, 0.000480107264593, 0.000142494100146, 4.48930295534e-005, 1.17866784421e-005, 6.19832417215e-006, 2.77434810414e-006, 1.03757386682e-007, 5.17818510293e-010]
        median: [7.51510924601e-008, 2.35111729125e-005, 7.78441899456e-005, 8.15661915112e-005, 0.000178589209099, 5.896699804e-005, 4.71372804896e-005, 3.72708491341e-005, 5.29211538378e-005, 2.63470210484e-005, 1.71172159753e-005, 1.76553130586e-005, 3.06299225485e-005, 6.49999710731e-005, 0.000237684056628, 0.000368824257748, 0.000476955639897, 0.000633268093225, 0.000516749103554, 0.000321536441334, 9.61997866398e-005, 3.18709608109e-005, 6.25842812951e-006, 2.34825051848e-006, 1.40542431382e-006, 6.10509260923e-008, 2.93111312999e-010]
        min: [6.14734503624e-025, 4.32300666999e-024, 1.63191704767e-024, 2.38218756766e-024, 1.03104096647e-023, 7.3000848959e-024, 1.75973963141e-023, 1.28504826149e-023, 9.51082025112e-024, 5.64294372496e-024, 1.64165614691e-023, 3.54077093419e-023, 2.2477668527e-023, 3.22141290294e-023, 4.79202423673e-023, 6.98787757321e-023, 8.00216652615e-023, 1.11870510671e-022, 1.26289221944e-022, 2.28628475345e-022, 2.62496609034e-022, 3.53098735503e-022, 4.50860285868e-022, 6.42782444826e-022, 8.69890072076e-022, 1.25826681872e-021, 1.92667287939e-021]
        var: [8.11020765519e-014, 2.83145684676e-008, 6.05997314551e-008, 2.84166521425e-008, 2.40674609131e-007, 1.3566511825e-007, 4.02648687725e-008, 2.06966888072e-008, 1.0565184283e-007, 6.6648937036e-008, 9.20469922505e-009, 2.78084861804e-008, 5.36821609387e-009, 1.92338607263e-008, 1.57667130907e-007, 2.03444997737e-007, 1.59848781323e-007, 2.66558629392e-007, 6.01659280619e-007, 2.83340057194e-007, 2.34061232618e-008, 3.0248847871e-009, 6.39784059064e-010, 3.52832651984e-010, 6.32504118525e-011, 2.03873444277e-014, 5.26861265733e-019]
    frequency_bands:
        dmean: [1.38831495633e-007, 8.56099068187e-005, 0.000150053325342, 9.78860916803e-005, 0.000238253633142, 0.000126509490656, 8.27480471344e-005, 6.31393122603e-005, 0.00010827670485, 7.54414941184e-005, 3.04790210066e-005, 4.7395555157e-005, 3.45944099536e-005, 6.88125001034e-005, 0.000211556107388, 0.000246541283559, 0.000277230865322, 0.000350211543264, 0.000354670570232, 0.000244065275183, 7.78162793722e-005, 2.38728880504e-005, 7.24324763723e-006, 4.26217548011e-006, 1.59537000854e-006, 5.57535813073e-008, 4.08153039144e-010, 5.8684342108e-011]
        dmean2: [2.2960504964e-007, 0.000139306037454, 0.000264581758529, 0.000164979399415, 0.000403883808758, 0.000213637729757, 0.000140671560075, 0.000106699822936, 0.000175919398316, 0.000120226526633, 5.04658310092e-005, 7.72631756263e-005, 5.75178855797e-005, 0.000112458823423, 0.000343615101883, 0.000406010600273, 0.000458199210698, 0.000582535169087, 0.000577527913265, 0.000396986783016, 0.000130512940814, 3.90283785237e-005, 1.12889138109e-005, 6.68675374982e-006, 2.37471112996e-006, 8.82417623416e-008, 6.85375589615e-010, 1.09159403738e-010]
        dvar: [6.73990418055e-014, 3.12649603984e-008, 7.86811753528e-008, 2.6317653834e-008, 2.66154671635e-007, 1.64801036817e-007, 5.07879853728e-008, 2.02619290235e-008, 5.84520378766e-008, 5.46953558e-008, 7.9078512627e-009, 2.41081394847e-008, 4.22785984e-009, 1.36807498663e-008, 9.99416016612e-008, 1.06119117049e-007, 1.01436739897e-007, 1.8346158015e-007, 4.21670108608e-007, 1.89279688811e-007, 1.69433445052e-008, 2.15195639086e-009, 5.7242099949e-010, 2.68522065694e-010, 3.00481028948e-011, 1.04418249153e-014, 4.70491440229e-019, 7.34771532654e-021]
        dvar2: [1.75369769162e-013, 7.50393951421e-008, 2.17824677406e-007, 6.96237378861e-008, 7.19799459148e-007, 4.371717921e-007, 1.35449781169e-007, 5.45476481761e-008, 1.44818855574e-007, 1.32761485361e-007, 2.19982023708e-008, 6.06935159908e-008, 1.07973932018e-008, 3.47879876017e-008, 2.57011492977e-007, 2.67548017518e-007, 2.62588088162e-007, 4.84393524403e-007, 1.04691616798e-006, 4.72539767316e-007, 4.209518778e-008, 5.36256239414e-009, 1.37871292161e-009, 6.32461416572e-010, 5.60259338922e-011, 2.25852509302e-014, 1.19629765659e-018, 2.37257856341e-020]
        max: [5.79272636969e-006, 0.00137199519668, 0.00317395408638, 0.00404467061162, 0.00600326340646, 0.0112918801606, 0.00638024276122, 0.00330541562289, 0.00433824770153, 0.00732717569917, 0.00279527762905, 0.00415580254048, 0.00118767539971, 0.00178986904211, 0.00686330720782, 0.00690670777112, 0.00593466032296, 0.0132689923048, 0.0154838645831, 0.0103032803163, 0.00269655603915, 0.00101969798561, 0.000934648211114, 0.000305764086079, 0.000174276647158, 2.39138012148e-006, 1.16640768155e-008, 1.51477641541e-009]
        mean: [1.63422555488e-007, 7.96594831627e-005, 0.000159052229719, 0.00012965562928, 0.000319409416988, 0.00014648787328, 9.60196048254e-005, 7.77856766945e-005, 0.000153167537064, 9.46873551584e-005, 4.13877605752e-005, 6.17736877757e-005, 5.2483559557e-005, 0.000109615612018, 0.000362996506738, 0.000490951584652, 0.000570987758692, 0.000742263509892, 0.000723709061276, 0.000480107264593, 0.000142494100146, 4.48930295534e-005, 1.17866784421e-005, 6.19832417215e-006, 2.77434810414e-006, 1.03757386682e-007, 5.17818510293e-010, 4.52854975741e-011]
        median: [7.51510924601e-008, 2.35111729125e-005, 7.78441899456e-005, 8.15661915112e-005, 0.000178589209099, 5.896699804e-005, 4.71372804896e-005, 3.72708491341e-005, 5.29211538378e-005, 2.63470210484e-005, 1.71172159753e-005, 1.76553130586e-005, 3.06299225485e-005, 6.49999710731e-005, 0.000237684056628, 0.000368824257748, 0.000476955639897, 0.000633268093225, 0.000516749103554, 0.000321536441334, 9.61997866398e-005, 3.18709608109e-005, 6.25842812951e-006, 2.34825051848e-006, 1.40542431382e-006, 6.10509260923e-008, 2.93111312999e-010, 1.85178192225e-011]
        min: [6.14734503624e-025, 4.32300666999e-024, 1.63191704767e-024, 2.38218756766e-024, 1.03104096647e-023, 7.3000848959e-024, 1.75973963141e-023, 1.28504826149e-023, 9.51082025112e-024, 5.64294372496e-024, 1.64165614691e-023, 3.54077093419e-023, 2.2477668527e-023, 3.22141290294e-023, 4.79202423673e-023, 6.98787757321e-023, 8.00216652615e-023, 1.11870510671e-022, 1.26289221944e-022, 2.28628475345e-022, 2.62496609034e-022, 3.53098735503e-022, 4.50860285868e-022, 6.42782444826e-022, 8.69890072076e-022, 1.25826681872e-021, 1.92667287939e-021, 5.60750048848e-022]
        var: [8.11020765519e-014, 2.83145684676e-008, 6.05997314551e-008, 2.84166521425e-008, 2.40674609131e-007, 1.3566511825e-007, 4.02648687725e-008, 2.06966888072e-008, 1.0565184283e-007, 6.6648937036e-008, 9.20469922505e-009, 2.78084861804e-008, 5.36821609387e-009, 1.92338607263e-008, 1.57667130907e-007, 2.03444997737e-007, 1.59848781323e-007, 2.66558629392e-007, 6.01659280619e-007, 2.83340057194e-007, 2.34061232618e-008, 3.0248847871e-009, 6.39784059064e-010, 3.52832651984e-010, 6.32504118525e-011, 2.03873444277e-014, 5.26861265733e-019, 5.53252280616e-021]
    mfcc:
        mean: [-702.064208984, 88.2106323242, -67.1288070679, 65.7841339111, 3.63745450974, -11.6499176025, -6.74829339981, -4.73755502701, 3.01450252533, -0.0247364901006, -5.67288637161, -8.48372459412, -6.66506767273]
        cov: [[2652.02172852, -236.187454224, 102.362770081, -37.6118392944, -144.802886963, 124.760818481, -51.1815567017, 95.0801544189, -62.1415061951, 43.3634719849, -12.8455123901, -55.7054862976, 40.3222961426], [-236.187454224, 766.909790039, -362.703765869, 145.27571106, -10.0791902542, -123.44934082, 75.8725891113, -40.4013137817, 76.7231674194, -33.4026069641, 7.77192544937, 27.8908233643, -36.8428039551], [102.362770081, -362.703765869, 472.123260498, -64.5163269043, 35.4075622559, 87.7729110718, -45.5377120972, 49.7965393066, -51.3074035645, 14.8594827652, 1.55778455734, 2.78850078583, 44.1806259155], [-37.6118392944, 145.27571106, -64.5163269043, 287.063964844, 117.057304382, -37.5497627258, -23.4812774658, -60.5695266724, 28.1009960175, 16.7215461731, 5.54867172241, 28.1311283112, 10.0046520233], [-144.802886963, -10.0791902542, 35.4075622559, 117.057304382, 195.560394287, 22.0538101196, -27.5116634369, -24.5986824036, 11.626707077, 24.4116134644, 11.776471138, 14.5956859589, 9.31725692749], [124.760818481, -123.44934082, 87.7729110718, -37.5497627258, 22.0538101196, 139.196670532, 34.4544143677, 52.0426216125, 0.548202514648, 11.1172618866, 11.1132707596, -3.76228809357, 27.4837207794], [-51.1815567017, 75.8725891113, -45.5377120972, -23.4812774658, -27.5116634369, 34.4544143677, 136.917572021, 54.1824264526, 33.4905471802, -6.00265073776, 0.987874984741, 18.0748271942, -9.49356365204], [95.0801544189, -40.4013137817, 49.7965393066, -60.5695266724, -24.5986824036, 52.0426216125, 54.1824264526, 122.997444153, 28.106388092, 16.5251846313, 11.6495628357, -6.57286500931, 17.0853099823], [-62.1415061951, 76.7231674194, -51.3074035645, 28.1009960175, 11.626707077, 0.548202514648, 33.4905471802, 28.106388092, 96.6658706665, 31.809928894, 19.1139888763, 11.0081729889, -7.97056627274], [43.3634719849, -33.4026069641, 14.8594827652, 16.7215461731, 24.4116134644, 11.1172618866, -6.00265073776, 16.5251846313, 31.809928894, 82.281829834, 34.5024490356, 12.8369541168, 7.6496925354], [-12.8455123901, 7.77192544937, 1.55778455734, 5.54867172241, 11.776471138, 11.1132707596, 0.987874984741, 11.6495628357, 19.1139888763, 34.5024490356, 72.8128509521, 24.5949954987, 6.26541900635], [-55.7054862976, 27.8908233643, 2.78850078583, 28.1311283112, 14.5956859589, -3.76228809357, 18.0748271942, -6.57286500931, 11.0081729889, 12.8369541168, 24.5949954987, 70.3404998779, 23.8854064941], [40.3222961426, -36.8428039551, 44.1806259155, 10.0046520233, 9.31725692749, 27.4837207794, -9.49356365204, 17.0853099823, -7.97056627274, 7.6496925354, 6.26541900635, 23.8854064941, 67.9468154907]]
        icov: [[0.000478735222714, 3.52432252839e-005, 7.62316121836e-005, -0.000371757167159, 0.00064114027191, -0.00059186614817, 0.00045465308358, -0.000468696787721, 0.000437575334217, -0.00044523741235, 0.000221823036554, 7.76642773417e-005, 0.000126746410388], [3.52432252839e-005, 0.00267926766537, 0.00141109270044, -0.000942945305724, 5.26201656612e-005, 0.00155051110778, -0.00116771773901, -0.000179482100066, -0.000979527598247, 0.00150171446148, -0.000838279025629, -9.28437293624e-005, -0.000273259647656], [7.62316121836e-005, 0.00141109270044, 0.0038272284437, -1.28185347421e-005, -0.000523531984072, -0.000824985036161, 0.00123100960627, -0.00181438331492, 0.00113388278987, 0.000211763966945, 0.000335937947966, -0.00133800215553, -0.000184513744898], [-0.000371757167159, -0.000942945305724, -1.28185347421e-005, 0.00644791917875, -0.00380163034424, 0.00133142666891, -0.000347177207004, 0.0026191805955, -0.00163369870279, -0.000417738949182, 0.000498883076943, -0.000474976055557, -0.00197974545881], [0.00064114027191, 5.26201656612e-005, -0.000523531984072, -0.00380163034424, 0.00881352089345, -0.00335990265012, 0.00209611351602, 3.84609957109e-005, 0.000109149557829, -0.00167147931643, 0.000388802000089, -0.000855093938299, 0.0014476350043], [-0.00059186614817, 0.00155051110778, -0.000824985036161, 0.00133142666891, -0.00335990265012, 0.0134622342885, -0.00556357717142, -0.000732594111469, -0.000642391794827, 0.00108088913839, -0.00288058631122, 0.00392445828766, -0.00535636907443], [0.00045465308358, -0.00116771773901, 0.00123100960627, -0.000347177207004, 0.00209611351602, -0.00556357717142, 0.0145693290979, -0.00649963272735, -0.00113795103971, 0.00132178515196, 0.00321099557914, -0.0073943529278, 0.00600161077455], [-0.000468696787721, -0.000179482100066, -0.00181438331492, 0.0026191805955, 3.84609957109e-005, -0.000732594111469, -0.00649963272735, 0.0161810014397, -0.00459536071867, -0.0013033420546, -0.00217113574035, 0.00556526798755, -0.00585938012227], [0.000437575334217, -0.000979527598247, 0.00113388278987, -0.00163369870279, 0.000109149557829, -0.000642391794827, -0.00113795103971, -0.00459536071867, 0.0166295655072, -0.00602437183261, -0.000215842315811, -0.00131959305145, 0.00306662847288], [-0.00044523741235, 0.00150171446148, 0.000211763966945, -0.000417738949182, -0.00167147931643, 0.00108088913839, 0.00132178515196, -0.0013033420546, -0.00602437183261, 0.0192567557096, -0.00717051606625, -0.000684217375237, -0.000666253094096], [0.000221823036554, -0.000838279025629, 0.000335937947966, 0.000498883076943, 0.000388802000089, -0.00288058631122, 0.00321099557914, -0.00217113574035, -0.000215842315811, -0.00717051606625, 0.0203052349389, -0.00768974423409, 0.0028411434032], [7.76642773417e-005, -9.28437293624e-005, -0.00133800215553, -0.000474976055557, -0.000855093938299, 0.00392445828766, -0.0073943529278, 0.00556526798755, -0.00131959305145, -0.000684217375237, -0.00768974423409, 0.0240848790854, -0.0108944419771], [0.000126746410388, -0.000273259647656, -0.000184513744898, -0.00197974545881, 0.0014476350043, -0.00535636907443, 0.00600161077455, -0.00585938012227, 0.00306662847288, -0.000666253094096, 0.0028411434032, -0.0108944419771, 0.0231879577041]]
    sccoeffs:
        dmean: [0.0565144009888, 0.0493626147509, 0.0394536927342, 0.0345118194818, 0.0218582041562, 0.0174370035529]
        dmean2: [0.0927311480045, 0.0814140439034, 0.0647733435035, 0.0568399243057, 0.0359146781266, 0.0283045452088]
        dvar: [0.00202388921753, 0.00175120320637, 0.00100493174978, 0.000722701486666, 0.000320983905112, 0.0002660114842]
        dvar2: [0.00538614951074, 0.00460499105975, 0.00259668403305, 0.00187786913011, 0.000805837335065, 0.000643121136818]
        max: [-0.35447961092, -0.457605093718, -0.526899695396, -0.518379569054, -0.549111068249, -0.503486633301]
        mean: [-0.656973898411, -0.781135499477, -0.794865310192, -0.761256217957, -0.776085555553, -0.740107834339]
        median: [-0.658129513264, -0.788824379444, -0.805540025234, -0.76490342617, -0.779337584972, -0.749982476234]
        min: [-0.983883202076, -0.987676978111, -0.996221363544, -0.987774550915, -0.989501714706, -0.963483333588]
        var: [0.00522939488292, 0.00394784612581, 0.00354796694592, 0.00244667055085, 0.00119454506785, 0.00341273355298]
    scvalleys:
        dmean: [0.404889523983, 0.393034428358, 0.311098009348, 0.246462658048, 0.206557646394, 0.272119045258]
        dmean2: [0.670561432838, 0.643995583057, 0.50371414423, 0.394581139088, 0.32072404027, 0.404727160931]
        dvar: [0.109337471426, 0.137267738581, 0.0713617876172, 0.0513169243932, 0.0496727600694, 0.12305662781]
        dvar2: [0.282310068607, 0.347978055477, 0.159458488226, 0.106779664755, 0.0924016311765, 0.249665945768]
        max: [-5.42977237701, -4.643409729, -5.37711191177, -5.52531576157, -5.1991186142, -7.40271997452]
        mean: [-7.15346765518, -6.87702608109, -7.32189226151, -6.98273515701, -6.6096367836, -9.90099811554]
        median: [-6.96999073029, -6.75542545319, -7.21406412125, -6.82925701141, -6.47189092636, -9.45540904999]
        min: [-28.2376861572, -28.1311664581, -27.810508728, -27.5225963593, -27.4226932526, -27.4231128693]
        var: [2.55934381485, 2.52866506577, 2.43006563187, 2.38170337677, 2.40001368523, 3.32426929474]

rhythm:
    beats_loudness:
        dmean: 0.00214871927164
        dmean2: 0.00378008233383
        dvar: 3.85036719308e-006
        dvar2: 1.15146849566e-005
        max: 0.0150156505406
        mean: 0.00566427083686
        median: 0.00509177986532
        min: 0
        var: 5.70153906665e-006
    bpm: 126.747200012
    bpm_confidence: 0
    first_peak_bpm: 126
    first_peak_spread: 0.303664892912
    first_peak_weight: 0.394658744335
    onset_rate: 3.14019346237
    second_peak_bpm: 96
    second_peak_spread: 0.465116262436
    second_peak_weight: 0.204747781157
    beats_loudness_band_ratio:
        dmean: [0.106092683971, 0.0893523916602, 0.0629484653473, 0.0388209484518, 0.141201928258, 0.0934958234429]
        dmean2: [0.190790310502, 0.157767176628, 0.115308694541, 0.0691553726792, 0.243601962924, 0.163005709648]
        dvar: [0.0104335462674, 0.00797330588102, 0.00534944003448, 0.00208734534681, 0.0115403207019, 0.00808353163302]
        dvar2: [0.0281225889921, 0.0214271452278, 0.0162752792239, 0.00605604564771, 0.0339869521558, 0.0243205912411]
        max: [0.63830524683, 0.524018108845, 0.477191567421, 0.313899338245, 0.81091350317, 0.673893034458]
        mean: [0.120058231056, 0.105354197323, 0.0748838186264, 0.0473824851215, 0.451447665691, 0.233373224735]
        median: [0.0794928818941, 0.0661736726761, 0.0530379489064, 0.0290425140411, 0.439409434795, 0.216014385223]
        min: [0, 0, 0, 0, 0, 0]
        var: [0.0118469856679, 0.00941574759781, 0.0047940351069, 0.00229804986157, 0.0198443401605, 0.00999988429248]
    beats_position: [0.325079351664, 0.650158703327, 0.975238084793, 1.31192743778, 1.64861679077, 1.99691605568, 2.33360528946, 2.68190479279, 3.01859402657, 3.35528349876, 3.69197273254, 4.02866220474, 4.3653512001, 4.7020406723, 5.0387301445, 5.3754196167, 5.70049858093, 6.1648979187, 6.64090681076, 7.11691617966, 7.59292507172, 8.08054447174, 8.54494285583, 9.0093421936, 9.47374153137, 9.94974994659, 10.4257593155, 10.9017686844, 11.3777770996, 11.8537864685, 12.3181858063, 12.782585144, 13.2469835281, 13.722992897, 14.1990022659, 14.6750106812, 15.15102005, 15.6270294189, 16.1030387878, 16.5790481567, 17.0434455872, 17.5194549561, 17.995464325, 18.4714736938, 18.9474830627, 19.4234924316, 19.8994998932, 20.363899231, 20.8399085999, 21.3159179688, 21.7803173065, 22.2447166443, 22.7091159821, 23.1967334747, 23.6727428436, 24.1487522125, 24.6247615814, 25.1007709503, 25.5767803192, 26.0527877808, 26.5171871185, 26.9931964874, 27.4692058563, 27.9336051941, 28.409614563, 28.8856239319, 29.3616313934, 29.8376407623, 30.3020401001, 30.778049469, 31.2540588379, 31.7300682068, 32.2060775757, 32.6704750061, 33.146484375, 33.6224937439, 34.0985031128, 34.5745124817, 35.0505218506, 35.5265312195, 35.9909286499, 36.4669380188, 36.9429473877, 37.4073448181, 37.883354187, 38.3593635559, 38.8353729248, 39.3113822937, 39.7757797241, 40.251789093, 40.7277984619, 41.2038078308, 41.6682090759, 42.1442184448, 42.6202278137, 43.0962333679, 43.5722427368, 44.0482521057, 44.5242614746, 44.9886627197, 45.4646720886, 45.9522895813, 46.4166870117, 46.8810882568, 47.3454856873, 47.8214950562, 48.297504425, 48.7735137939, 49.2495231628, 49.7255325317, 50.2015419006, 50.6775512695, 51.1535606384, 51.6295700073, 52.1055755615, 52.5699768066, 53.0343742371, 53.4987754822, 53.9863929749, 54.4624023438, 54.9384117126, 55.4028091431, 55.8672103882, 56.3432197571, 56.819229126, 57.2952384949, 57.7712478638, 58.2356452942, 58.7000427246, 59.187664032, 59.6636734009, 60.1396827698, 60.6156921387, 61.0916976929, 61.5677070618, 62.0437164307, 62.5197257996, 62.9957351685, 63.4717445374, 63.9477539063, 64.4121551514, 64.8765487671, 65.3525619507, 65.8285675049, 66.3045806885, 66.7805862427, 67.2565994263, 67.7326049805, 68.1970062256, 68.6730117798, 69.1490249634, 69.6250305176, 70.1010437012, 70.5770492554, 71.053062439, 71.5290679932, 72.0050811768, 72.4694747925, 72.9454879761, 73.4214935303, 73.8975067139, 74.3619003296, 74.8379135132, 75.3023147583, 75.7783203125, 76.2543258667, 76.7419509888, 77.2295684814, 77.6939697266, 78.1583633423, 78.6227645874, 79.098777771, 79.5747833252, 80.0507888794, 80.526802063, 80.9912033081, 81.4672088623, 81.9432220459, 82.4192276001, 82.8952331543, 83.3596343994, 83.8240356445, 84.3116531372, 84.7876663208, 85.263671875, 85.7396774292, 86.2156906128, 86.6800918579, 87.1444854736, 87.6204986572, 88.0965042114, 88.5609054565, 89.0369110107, 89.5129241943, 89.9889297485, 90.4533309937, 90.9293441772, 91.4053497314, 91.8813552856, 92.3573684692, 92.8333740234, 93.309387207, 93.7853927612, 94.2497940063, 94.7141952515, 95.1785888672, 95.6546020508, 96.130607605, 96.5833969116, 97.2335586548, 97.8721084595, 98.4990463257, 99.1375961304, 99.7761459351, 100.403083801, 101.030021667, 101.668571472, 102.307121277, 102.934059143, 103.560997009, 104.199546814, 104.838096619, 105.465034485, 106.10358429, 106.742126465, 107.36907196, 107.996009827, 108.622947693, 109.249885559, 109.888435364, 110.526985168, 111.153923035, 111.780860901, 112.419410706, 113.05796051, 113.684898376, 114.311836243, 114.938774109, 115.577323914, 116.215873718, 116.842811584, 117.469749451, 118.108299255, 118.735237122, 119.373786926, 120.012336731, 120.650878906, 121.277824402, 121.904762268, 122.531700134, 123.158638, 123.785575867, 124.412513733, 125.051063538, 125.678001404, 126.316551208, 126.943489075, 127.570426941, 128.197372437, 128.835922241, 129.474472046, 130.101409912, 130.728347778, 131.355285645, 131.993835449, 132.632385254, 133.25932312, 133.886260986, 134.513198853, 135.151748657, 135.790298462, 136.417236328, 137.044174194, 137.682723999, 138.309661865, 138.94821167, 139.575149536, 140.202087402, 140.829025269, 141.467575073, 142.106124878, 142.744674683, 143.383224487, 144.010162354, 144.63710022, 145.264038086, 145.890975952, 146.517913818, 147.156463623, 147.795013428, 148.421951294, 149.04888916, 149.675827026, 150.314376831, 150.952926636, 151.579864502, 152.206802368, 152.833740234, 153.460678101, 154.087615967, 154.726165771, 155.364715576, 155.991653442, 156.618591309, 157.257141113, 157.895690918, 158.522628784, 159.14956665, 159.776504517, 160.415054321, 161.053604126, 161.680541992, 162.307479858, 162.934417725, 163.572967529, 164.211517334, 164.8384552, 165.465393066, 166.103942871, 166.730880737, 167.357818604, 167.996368408, 168.623306274, 169.261856079, 169.900405884, 170.52734375, 171.165893555, 171.804443359, 172.442993164, 173.081542969, 173.720092773, 174.335418701, 174.962356567, 175.589294434, 176.204620361, 176.819946289, 177.423675537, 178.039001465]
    bpm_estimates: [129.199157715, 126.048065186, 126.047935486, 126.048065186, 123.046783447, 129.199417114, 129.199157715, 129.199157715, 126.048194885, 126.047935486, 126.047935486, 126.048194885, 126.047935486, 129.199157715, 129.199157715, 129.199417114, 126.047935486, 126.047935486, 126.048194885, 126.047935486, 126.047935486, 126.047935486, 126.047935486, 129.199676514, 126.047935486, 126.047935486, 126.047935486, 126.047935486, 126.047935486, 126.048446655, 129.199157715, 126.047935486, 126.047935486, 129.199157715, 129.199157715, 129.199157715, 123.047264099, 126.047935486, 126.047935486, 126.047935486, 126.047935486, 126.047935486, 126.048446655, 129.199157715, 126.047935486, 126.047935486, 129.199157715, 126.047935486, 126.047935486, 126.048446655, 126.047935486, 129.199157715, 126.047935486, 126.047935486, 126.047935486, 126.047935486, 129.199676514, 126.047935486, 126.047935486, 126.047935486, 126.047935486, 126.047935486, 126.047935486, 129.199676514, 126.047935486, 126.047935486, 129.199676514, 126.047935486, 126.047935486, 126.047935486, 126.047935486, 129.199676514, 126.047935486, 126.047935486, 126.047935486, 129.198623657, 126.047935486, 126.047935486, 126.048950195, 126.047935486, 126.047935486, 126.047935486, 129.198623657, 126.047935486, 123.047264099, 129.199676514, 129.198623657, 129.199676514, 126.047935486, 126.047935486, 126.047935486, 126.047935486, 126.047935486, 126.047935486, 126.047935486, 126.047935486, 126.047935486, 126.048950195, 129.198623657, 129.199676514, 129.198623657, 123.047264099, 126.047935486, 126.047935486, 129.199676514, 129.198623657, 126.047935486, 126.047935486, 126.047935486, 126.047935486, 129.199676514, 129.199676514, 123.046302795, 126.047935486, 126.047935486, 126.047935486, 126.048950195, 126.047935486, 126.047935486, 126.047935486, 126.047935486, 126.047935486, 126.047935486, 129.198623657, 129.200744629, 126.046928406, 126.048950195, 126.046928406, 126.048950195, 126.046928406, 126.048950195, 129.198623657, 126.048950195, 126.046928406, 126.048950195, 126.046928406, 126.048950195, 126.046928406, 126.048950195, 126.046928406, 129.200744629, 126.046928406, 126.048950195, 126.046928406, 129.200744629, 126.046928406, 129.198623657, 126.048950195, 126.048950195, 123.045341492, 123.047264099, 129.198623657, 129.200744629, 129.198623657, 126.046928406, 126.048950195, 126.048950195, 126.046928406, 129.198623657, 126.048950195, 126.046928406, 126.048950195, 126.048950195, 129.198623657, 129.198623657, 123.047264099, 126.046928406, 126.048950195, 126.048950195, 126.046928406, 129.198623657, 129.200744629, 126.046928406, 126.048950195, 129.198623657, 126.048950195, 126.046928406, 126.048950195, 129.198623657, 126.046928406, 126.048950195, 126.048950195, 126.046928406, 126.048950195, 126.046928406, 126.048950195, 129.198623657, 129.198623657, 129.200744629, 126.046928406, 126.048950195]
