
metadata:
    version:
        essentia: "2.1-beta2"
    audio_properties:
        analysis_sample_rate: 44100
        bitrate: 320
        channels: 2
        equal_loudness: 1
        length: 254.563262939
        replay_gain: -14.2783794403
        downmix: "mix"
    tags:
        album: "Incomparable"
        artist: "Dead By April"
        comment: "-=Titan=-"
        date: "2011"
        genre: "Modern Metal"
        title: "Dreaming"
        tracknumber: "1"

configuration:
    average_loudness:
        compute: 1
        frameSize: 88200
        hopSize: 44100
        silentFrames: "noise"
        windowType: "hann"
    general:
        analysisSampleRate: 44100
        endTime: 2000
        equalLoudness: 1
        nequalLoudness: 0
        shortSound: 0
        startTime: 0
    lowlevel:
        compute: 1
        frameSize: 2048
        hopSize: 1024
        zeroPadding: 0
        silentFrames: "noise"
        windowType: "blackmanharris62"
        mfccStats: ["mean", "cov", "icov"]
        stats: ["mean", "var", "median", "min", "max", "dmean", "dmean2", "dvar", "dvar2"]
    panning:
        compute: 0
        frameSize: 8192
        hopSize: 2048
        zeroPadding: 8192
        silentFrames: "noise"
        windowType: "hann"
        stats: ["copy"]
    rhythm:
        compute: 1
        maxTempo: 208
        minTempo: 40
        method: "degara"
        stats: ["mean", "var", "median", "min", "max", "dmean", "dmean2", "dvar", "dvar2"]
    segmentation:
        compute: 0
        cpw: 5
        inc1: 300
        inc2: 50
        minimumSegmentsLength: 10
        size1: 1000
        size2: 600
    sfx:
        compute: 1
        stats: ["mean", "var", "median", "min", "max", "dmean", "dmean2", "dvar", "dvar2"]
    svm:
        compute: 0
    tonal:
        compute: 1
        frameSize: 4096
        hopSize: 2048
        zeroPadding: 0
        silentFrames: "noise"
        windowType: "blackmanharris62"
        stats: ["mean", "var", "median", "min", "max", "dmean", "dmean2", "dvar", "dvar2"]

lowlevel:
    average_loudness: 0.847916185856
    barkbands_kurtosis:
        dmean: 0.846595048904
        dmean2: 1.40722680092
        dvar: 1.25446736813
        dvar2: 3.3067779541
        max: 21.7408332825
        mean: -0.486064046621
        median: -0.881323993206
        min: -1.87046611309
        var: 1.70969235897
    barkbands_skewness:
        dmean: 0.463156849146
        dmean2: 0.745477616787
        dvar: 0.192894205451
        dvar2: 0.496198952198
        max: 3.78619670868
        mean: -0.515170991421
        median: -0.564477264881
        min: -4.38953065872
        var: 0.497149407864
    barkbands_spread:
        dmean: 6.6713476181
        dmean2: 10.8006868362
        dvar: 39.2467155457
        dvar2: 102.213294983
        max: 66.8986434937
        mean: 33.5850944519
        median: 33.3267211914
        min: 5.31965827942
        var: 101.723564148
    dissonance:
        dmean: 0.0108314044774
        dmean2: 0.0184883791953
        dvar: 0.000127184728626
        dvar2: 0.000347602705006
        max: 0.5
        mean: 0.481103003025
        median: 0.485666304827
        min: 0.187304794788
        var: 0.000266718881903
    hfc:
        dmean: 3.8010559082
        dmean2: 6.57184410095
        dvar: 34.8111419678
        dvar2: 95.8243865967
        max: 58.7015800476
        mean: 9.47222518921
        median: 8.16058826447
        min: 1.15968392539e-016
        var: 49.7719688416
    pitch:
        dmean: 805.098937988
        dmean2: 1539.71069336
        dvar: 1566013.125
        dvar2: 3912654
        max: 4915.47460938
        mean: 1367.10437012
        median: 472.065704346
        min: 71.9467010498
        var: 2166452.75
    pitch_instantaneous_confidence:
        dmean: 0.0896242558956
        dmean2: 0.147579997778
        dvar: 0.00586993061006
        dvar2: 0.0149344727397
        max: 0.920605003834
        mean: 0.432843714952
        median: 0.395034968853
        min: 0.129206001759
        var: 0.029158083722
    pitch_salience:
        dmean: 0.06540158391
        dmean2: 0.109413616359
        dvar: 0.00387955293991
        dvar2: 0.0106402439997
        max: 0.917615115643
        mean: 0.627297461033
        median: 0.649624705315
        min: 0.192996829748
        var: 0.0123604321852
    silence_rate_20dB:
        dmean: 0
        dmean2: 0
        dvar: 0
        dvar2: 0
        max: 1
        mean: 1
        median: 1
        min: 1
        var: 0
    silence_rate_30dB:
        dmean: 0
        dmean2: 0
        dvar: 0
        dvar2: 0
        max: 1
        mean: 1
        median: 1
        min: 1
        var: 0
    silence_rate_60dB:
        dmean: 0.122035756707
        dmean2: 0.244093775749
        dvar: 0.107142962515
        dvar2: 0.23832039535
        max: 1
        mean: 0.375193804502
        median: 0
        min: 0
        var: 0.234427213669
    spectral_centroid:
        dmean: 339.369812012
        dmean2: 548.753479004
        dvar: 125312.515625
        dvar2: 311320.6875
        max: 11121.640625
        mean: 2124.37402344
        median: 2163.47705078
        min: 319.296691895
        var: 348762.53125
    spectral_complexity:
        dmean: 4.64958047867
        dmean2: 7.69077825546
        dvar: 26.0832328796
        dvar2: 66.0103149414
        max: 50
        mean: 15.5575008392
        median: 14
        min: 0
        var: 89.0925750732
    spectral_crest:
        dmean: 2.01980924606
        dmean2: 3.35844683647
        dvar: 3.73567581177
        dvar2: 9.63948059082
        max: 22.7804508209
        mean: 6.68611860275
        median: 5.91998100281
        min: 2.5343234539
        var: 8.14652061462
    spectral_decrease:
        dmean: 3.45487916054e-010
        dmean2: 5.64278845872e-010
        dvar: 3.11900831823e-019
        dvar2: 8.10010204193e-019
        max: 2.49487823798e-029
        mean: -9.46831058002e-010
        median: -8.15181144809e-010
        min: -5.42791633862e-009
        var: 4.64707793386e-019
    spectral_energy:
        dmean: 0.00161264277995
        dmean2: 0.00265170703642
        dvar: 6.46533862891e-006
        dvar2: 1.69328704942e-005
        max: 0.0246098823845
        mean: 0.00443270336837
        median: 0.00382716138847
        min: 1.09076995424e-020
        var: 9.86129816738e-006
    spectral_energyband_high:
        dmean: 0.000325417116983
        dmean2: 0.000572546268813
        dvar: 3.01356692489e-007
        dvar2: 8.31761894915e-007
        max: 0.0058338213712
        mean: 0.000589067582041
        median: 0.000472495914437
        min: 7.66584543584e-021
        var: 3.22803600739e-007
    spectral_energyband_low:
        dmean: 0.00020565505838
        dmean2: 0.000340252154274
        dvar: 9.70781073306e-008
        dvar2: 2.40957035658e-007
        max: 0.00461980886757
        mean: 0.000345184467733
        median: 0.000270029326202
        min: 1.00134109491e-022
        var: 1.44199262309e-007
    spectral_energyband_middle_high:
        dmean: 0.000899453298189
        dmean2: 0.00151497079059
        dvar: 1.4309036942e-006
        dvar2: 3.86698638977e-006
        max: 0.0154173569754
        mean: 0.00245830556378
        median: 0.00210051378235
        min: 1.46562631664e-021
        var: 3.21320680996e-006
    spectral_energyband_middle_low:
        dmean: 0.000695415481459
        dmean2: 0.001128173084
        dvar: 2.27755890592e-006
        dvar2: 5.9970525399e-006
        max: 0.014446862042
        mean: 0.00114790955558
        median: 0.00070356001379
        min: 2.76847288943e-022
        var: 2.28790258916e-006
    spectral_flatness_db:
        dmean: 0.0142116751522
        dmean2: 0.0222445875406
        dvar: 0.000164244193002
        dvar2: 0.000377848104108
        max: 0.264545798302
        mean: 0.12841886282
        median: 0.123441055417
        min: 0.0503630079329
        var: 0.000700843054801
    spectral_flux:
        dmean: 0.00969738326967
        dmean2: 0.0149981621653
        dvar: 0.000141210344736
        dvar2: 0.000271749391686
        max: 0.137188270688
        mean: 0.0415439270437
        median: 0.0391479432583
        min: 1.04439935866e-010
        var: 0.00034898731974
    spectral_kurtosis:
        dmean: 0.647232651711
        dmean2: 1.07211744785
        dvar: 0.483121782541
        dvar2: 1.29102039337
        max: 11.3163003922
        mean: 2.84529399872
        median: 2.52472233772
        min: -1.24144458771
        var: 1.79262268543
    spectral_rms:
        dmean: 0.000342941522831
        dmean2: 0.000548965763301
        dvar: 1.80841496444e-007
        dvar2: 4.57256959407e-007
        max: 0.00489996327087
        mean: 0.00196207058616
        median: 0.00193230842706
        min: 3.26215530283e-012
        var: 4.74881431956e-007
    spectral_rolloff:
        dmean: 342.797668457
        dmean2: 571.572875977
        dvar: 187833.03125
        dvar2: 415488.3125
        max: 18626.2207031
        mean: 3681.34472656
        median: 3789.84375
        min: 172.265625
        var: 559388
    spectral_skewness:
        dmean: 0.127819910645
        dmean2: 0.207307696342
        dvar: 0.016206080094
        dvar2: 0.040139220655
        max: 2.5306968689
        mean: 1.23857760429
        median: 1.18975687027
        min: 0.00954267848283
        var: 0.0789099261165
    spectral_spread:
        dmean: 454995.78125
        dmean2: 681168.1875
        dvar: 424499544064
        dvar2: 644952621056
        max: 42560024
        mean: 5280352.5
        median: 5088217
        min: 2549738.75
        var: 1.55728805888e+012
    spectral_strongpeak:
        dmean: 0.633937239647
        dmean2: 1.09182453156
        dvar: 0.655027985573
        dvar2: 1.6822078228
        max: 8.57848548889
        mean: 0.925518453121
        median: 0.524321615696
        min: 2.80030310051e-009
        var: 1.16111028194
    zerocrossingrate:
        dmean: 0.00866868440062
        dmean2: 0.0107845440507
        dvar: 7.32292610337e-005
        dvar2: 9.29033994908e-005
        max: 0.51123046875
        mean: 0.115317337215
        median: 0.1171875
        min: 0.02001953125
        var: 0.000606399378739
    barkbands:
        dmean: [9.90821604319e-007, 7.37944064895e-005, 0.000123026111396, 0.000156117748702, 0.000299598294077, 0.000185165947187, 8.23353402666e-005, 8.95882039913e-005, 0.000107906955236, 5.88483344472e-005, 5.83354085393e-005, 4.24071877205e-005, 8.46535258461e-005, 4.84306510771e-005, 9.05315973796e-005, 0.000188068006537, 0.000233439539443, 0.000217537206481, 0.000308964110445, 0.000227602300583, 0.000144007848576, 6.87752035446e-005, 9.86252689472e-006, 3.12259180646e-006, 1.43428485444e-006, 6.45097344432e-008, 9.38030764175e-010]
        dmean2: [1.40594681852e-006, 0.000123759760754, 0.000209854362765, 0.000263542839093, 0.000524550734553, 0.000300657178741, 0.000142743185279, 0.000142713499372, 0.000168303115061, 9.50464891503e-005, 9.21146565815e-005, 6.99636148056e-005, 0.000130204265588, 8.27335388749e-005, 0.000153489818331, 0.000308933900669, 0.000395373383071, 0.000372443319065, 0.000542476947885, 0.000390113680623, 0.000252700061537, 0.000123905367218, 1.64808152476e-005, 5.05993602928e-006, 2.27204964176e-006, 9.8918043534e-008, 1.50194467974e-009]
        dvar: [3.12208483892e-012, 1.0751392665e-008, 4.01169693021e-008, 1.25288551089e-007, 8.47158560191e-007, 1.80476490641e-007, 4.53516690868e-008, 5.10488611383e-008, 4.96162506636e-008, 1.73638063927e-008, 2.53459138122e-008, 1.29853097164e-008, 1.64244671197e-008, 8.78703332319e-009, 2.38026860444e-008, 1.19342445259e-007, 1.92233969187e-007, 9.15849796002e-008, 2.12256793475e-007, 1.20977972529e-007, 6.09359460668e-008, 1.78651227145e-008, 2.84752527113e-010, 2.33925760706e-011, 6.27437771877e-012, 2.04450731112e-014, 4.72294652605e-018]
        dvar2: [6.91398804528e-012, 3.02032887589e-008, 1.06857541482e-007, 3.2322577681e-007, 2.36598975789e-006, 4.43150440788e-007, 1.21344001514e-007, 1.13813570124e-007, 1.13063947538e-007, 4.27142410331e-008, 6.02673466688e-008, 3.38954748713e-008, 3.33634666561e-008, 2.25717347035e-008, 6.13559691942e-008, 2.9177357419e-007, 5.10900235895e-007, 2.41985787852e-007, 5.90007516621e-007, 3.29973659063e-007, 1.6795145541e-007, 5.03320158884e-008, 6.99881375077e-010, 5.49927083038e-011, 1.44376012881e-011, 4.2841510233e-014, 1.17029802577e-017]
        max: [1.68112546817e-005, 0.00108317984268, 0.00276773562655, 0.00370516791008, 0.010061590001, 0.00731530878693, 0.00332479388453, 0.00521426461637, 0.00429793354124, 0.00338165974244, 0.00470885448158, 0.00364949577488, 0.00253478297964, 0.00213828356937, 0.00364283379167, 0.00715741654858, 0.00968753080815, 0.00486786523834, 0.00452476274222, 0.00488412333652, 0.00464211637154, 0.00167043867987, 0.000378152210033, 7.7896300354e-005, 5.01752765558e-005, 4.44493934992e-006, 7.22273298948e-008]
        mean: [1.50469497839e-006, 0.000111585475679, 0.000155970570631, 0.000161435280461, 0.00028193189064, 0.000256897415966, 8.51326985867e-005, 0.000122019206174, 0.000202688053832, 9.42006154219e-005, 9.43798586377e-005, 6.40831931378e-005, 0.000165719422512, 7.87217650213e-005, 0.000152412554598, 0.000326406589011, 0.000412273104303, 0.000381601101253, 0.000503412506077, 0.000410487875342, 0.000238912354689, 0.00010024432413, 2.00437843887e-005, 7.59578233556e-006, 2.93339371638e-006, 1.17081874862e-007, 1.36043420973e-009]
        median: [2.37005053805e-007, 8.65719557623e-005, 9.31023678277e-005, 6.25377579127e-005, 8.614834951e-005, 7.53442145651e-005, 2.92391578114e-005, 3.2874304452e-005, 6.45178733976e-005, 3.73289731215e-005, 3.52919196303e-005, 3.17242956953e-005, 8.50492360769e-005, 3.82459620596e-005, 8.99986189324e-005, 0.000168337195646, 0.000234216728131, 0.000279188039713, 0.000399696058594, 0.000319221231621, 0.000187209196156, 7.15573187335e-005, 1.53988639795e-005, 6.01719011684e-006, 1.99314604288e-006, 6.80753018401e-008, 7.45000838798e-010]
        min: [3.48625362478e-024, 2.9862200194e-023, 4.81954601599e-023, 2.06293753147e-023, 4.13360905525e-023, 1.84995266012e-023, 3.47620203801e-023, 5.67310266623e-023, 7.77759928345e-023, 6.11879898026e-023, 5.50550443375e-023, 3.84073466231e-023, 6.25290975177e-023, 1.29786602058e-022, 1.14556197089e-022, 9.3080052168e-023, 2.41155611763e-022, 1.41300008037e-022, 3.12425395396e-022, 2.48706487374e-022, 4.22093368554e-022, 5.25606939231e-022, 5.5114462603e-022, 7.69758303924e-022, 1.1068388464e-021, 1.80046947289e-021, 2.28320488901e-021]
        var: [6.68432540221e-012, 1.34673605601e-008, 4.47909620505e-008, 1.12033156086e-007, 5.96671554831e-007, 2.5733592679e-007, 3.95148127552e-008, 9.37554247571e-008, 1.60005470207e-007, 3.6642852308e-008, 5.46815606128e-008, 2.00094074643e-008, 4.74584567201e-008, 1.72572711676e-008, 4.11310914217e-008, 2.5847234042e-007, 3.76475355779e-007, 1.45227986081e-007, 2.5013900995e-007, 1.68842589687e-007, 6.62500951876e-008, 1.52177488388e-008, 4.72114458638e-010, 5.09890185629e-011, 1.16088215429e-011, 3.70228309544e-014, 5.99613672104e-018]
    frequency_bands:
        dmean: [9.90821604319e-007, 7.37944064895e-005, 0.000123026111396, 0.000156117748702, 0.000299598294077, 0.000185165947187, 8.23353402666e-005, 8.95882039913e-005, 0.000107906955236, 5.88483344472e-005, 5.83354085393e-005, 4.24071877205e-005, 8.46535258461e-005, 4.84306510771e-005, 9.05315973796e-005, 0.000188068006537, 0.000233439539443, 0.000217537206481, 0.000308964110445, 0.000227602300583, 0.000144007848576, 6.87752035446e-005, 9.86252689472e-006, 3.12259180646e-006, 1.43428485444e-006, 6.45097344432e-008, 9.38030764175e-010, 5.25408536123e-011]
        dmean2: [1.40594681852e-006, 0.000123759760754, 0.000209854362765, 0.000263542839093, 0.000524550734553, 0.000300657178741, 0.000142743185279, 0.000142713499372, 0.000168303115061, 9.50464891503e-005, 9.21146565815e-005, 6.99636148056e-005, 0.000130204265588, 8.27335388749e-005, 0.000153489818331, 0.000308933900669, 0.000395373383071, 0.000372443319065, 0.000542476947885, 0.000390113680623, 0.000252700061537, 0.000123905367218, 1.64808152476e-005, 5.05993602928e-006, 2.27204964176e-006, 9.8918043534e-008, 1.50194467974e-009, 9.7818593503e-011]
        dvar: [3.12208483892e-012, 1.0751392665e-008, 4.01169693021e-008, 1.25288551089e-007, 8.47158560191e-007, 1.80476490641e-007, 4.53516690868e-008, 5.10488611383e-008, 4.96162506636e-008, 1.73638063927e-008, 2.53459138122e-008, 1.29853097164e-008, 1.64244671197e-008, 8.78703332319e-009, 2.38026860444e-008, 1.19342445259e-007, 1.92233969187e-007, 9.15849796002e-008, 2.12256793475e-007, 1.20977972529e-007, 6.09359460668e-008, 1.78651227145e-008, 2.84752527113e-010, 2.33925760706e-011, 6.27437771877e-012, 2.04450731112e-014, 4.72294652605e-018, 7.19463844561e-021]
        dvar2: [6.91398804528e-012, 3.02032887589e-008, 1.06857541482e-007, 3.2322577681e-007, 2.36598975789e-006, 4.43150440788e-007, 1.21344001514e-007, 1.13813570124e-007, 1.13063947538e-007, 4.27142410331e-008, 6.02673466688e-008, 3.38954748713e-008, 3.33634666561e-008, 2.25717347035e-008, 6.13559691942e-008, 2.9177357419e-007, 5.10900235895e-007, 2.41985787852e-007, 5.90007516621e-007, 3.29973659063e-007, 1.6795145541e-007, 5.03320158884e-008, 6.99881375077e-010, 5.49927083038e-011, 1.44376012881e-011, 4.2841510233e-014, 1.17029802577e-017, 2.31117542789e-020]
        max: [1.68112546817e-005, 0.00108317984268, 0.00276773562655, 0.00370516791008, 0.010061590001, 0.00731530878693, 0.00332479388453, 0.00521426461637, 0.00429793354124, 0.00338165974244, 0.00470885448158, 0.00364949577488, 0.00253478297964, 0.00213828356937, 0.00364283379167, 0.00715741654858, 0.00968753080815, 0.00486786523834, 0.00452476274222, 0.00488412333652, 0.00464211637154, 0.00167043867987, 0.000378152210033, 7.7896300354e-005, 5.01752765558e-005, 4.44493934992e-006, 7.22273298948e-008, 1.4133798576e-009]
        mean: [1.50469497839e-006, 0.000111585475679, 0.000155970570631, 0.000161435280461, 0.00028193189064, 0.000256897415966, 8.51326985867e-005, 0.000122019206174, 0.000202688053832, 9.42006154219e-005, 9.43798586377e-005, 6.40831931378e-005, 0.000165719422512, 7.87217650213e-005, 0.000152412554598, 0.000326406589011, 0.000412273104303, 0.000381601101253, 0.000503412506077, 0.000410487875342, 0.000238912354689, 0.00010024432413, 2.00437843887e-005, 7.59578233556e-006, 2.93339371638e-006, 1.17081874862e-007, 1.36043420973e-009, 4.0808054852e-011]
        median: [2.37005053805e-007, 8.65719557623e-005, 9.31023678277e-005, 6.25377579127e-005, 8.614834951e-005, 7.53442145651e-005, 2.92391578114e-005, 3.2874304452e-005, 6.45178733976e-005, 3.73289731215e-005, 3.52919196303e-005, 3.17242956953e-005, 8.50492360769e-005, 3.82459620596e-005, 8.99986189324e-005, 0.000168337195646, 0.000234216728131, 0.000279188039713, 0.000399696058594, 0.000319221231621, 0.000187209196156, 7.15573187335e-005, 1.53988639795e-005, 6.01719011684e-006, 1.99314604288e-006, 6.80753018401e-008, 7.45000838798e-010, 1.43277733428e-011]
        min: [3.48625362478e-024, 2.9862200194e-023, 4.81954601599e-023, 2.06293753147e-023, 4.13360905525e-023, 1.84995266012e-023, 3.47620203801e-023, 5.67310266623e-023, 7.77759928345e-023, 6.11879898026e-023, 5.50550443375e-023, 3.84073466231e-023, 6.25290975177e-023, 1.29786602058e-022, 1.14556197089e-022, 9.3080052168e-023, 2.41155611763e-022, 1.41300008037e-022, 3.12425395396e-022, 2.48706487374e-022, 4.22093368554e-022, 5.25606939231e-022, 5.5114462603e-022, 7.69758303924e-022, 1.1068388464e-021, 1.80046947289e-021, 2.28320488901e-021, 6.98734215754e-022]
        var: [6.68432540221e-012, 1.34673605601e-008, 4.47909620505e-008, 1.12033156086e-007, 5.96671554831e-007, 2.5733592679e-007, 3.95148127552e-008, 9.37554247571e-008, 1.60005470207e-007, 3.6642852308e-008, 5.46815606128e-008, 2.00094074643e-008, 4.74584567201e-008, 1.72572711676e-008, 4.11310914217e-008, 2.5847234042e-007, 3.76475355779e-007, 1.45227986081e-007, 2.5013900995e-007, 1.68842589687e-007, 6.62500951876e-008, 1.52177488388e-008, 4.72114458638e-010, 5.09890185629e-011, 1.16088215429e-011, 3.70228309544e-014, 5.99613672104e-018, 5.43035751867e-021]
    mfcc:
        mean: [-696.813659668, 76.9704666138, -47.0480918884, 51.5234489441, -9.78971767426, 2.61147499084, -0.74601316452, 0.407239377499, 0.51654458046, -3.26392316818, -2.43144583702, 0.238048538566, -3.04796075821]
        cov: [[2932.41943359, -280.077056885, -77.8262176514, 127.998687744, -180.703475952, -90.0892944336, -224.729476929, -63.0534286499, -71.9839859009, 101.319328308, -133.994903564, -217.431884766, -1.43971300125], [-280.077056885, 537.957641602, -85.511505127, 29.6983375549, 73.1387481689, 72.3229293823, 81.4870681763, 68.3781356812, 60.6286010742, -10.0516023636, 59.8068733215, 77.7274703979, 6.53787660599], [-77.8262176514, -85.511505127, 229.290496826, 58.2469673157, 17.4656181335, 10.9225311279, 23.724773407, -6.26146602631, -17.1585273743, -4.68550634384, -7.24707078934, -22.2681560516, -8.56062221527], [127.998687744, 29.6983375549, 58.2469673157, 205.31640625, 57.159614563, 57.3244361877, 35.8299560547, 10.7618188858, 5.9780497551, 10.3226585388, 13.5909328461, 7.48346281052, 1.35417294502], [-180.703475952, 73.1387481689, 17.4656181335, 57.159614563, 189.246200562, 89.4113311768, 59.0549926758, 45.5234527588, 42.668926239, 7.30330657959, 34.8219985962, 62.7105178833, 19.9135227203], [-90.0892944336, 72.3229293823, 10.9225311279, 57.3244361877, 89.4113311768, 155.639266968, 121.977508545, 53.757068634, 26.4148006439, 30.8719844818, 48.2367172241, 37.5543212891, 5.04919958115], [-224.729476929, 81.4870681763, 23.724773407, 35.8299560547, 59.0549926758, 121.977508545, 191.735244751, 84.8106155396, 34.7716178894, 21.704164505, 53.0297546387, 44.6923980713, 2.27235722542], [-63.0534286499, 68.3781356812, -6.26146602631, 10.7618188858, 45.5234527588, 53.757068634, 84.8106155396, 131.61680603, 71.1379013062, 30.8216609955, 24.8394355774, 34.7466697693, 11.2356977463], [-71.9839859009, 60.6286010742, -17.1585273743, 5.9780497551, 42.668926239, 26.4148006439, 34.7716178894, 71.1379013062, 103.926261902, 48.6936378479, 25.4930534363, 25.8498687744, 7.04834270477], [101.319328308, -10.0516023636, -4.68550634384, 10.3226585388, 7.30330657959, 30.8719844818, 21.704164505, 30.8216609955, 48.6936378479, 117.021354675, 38.9031333923, -7.35753011703, -2.9900727272], [-133.994903564, 59.8068733215, -7.24707078934, 13.5909328461, 34.8219985962, 48.2367172241, 53.0297546387, 24.8394355774, 25.4930534363, 38.9031333923, 91.3220596313, 56.0733604431, 1.69734668732], [-217.431884766, 77.7274703979, -22.2681560516, 7.48346281052, 62.7105178833, 37.5543212891, 44.6923980713, 34.7466697693, 25.8498687744, -7.35753011703, 56.0733604431, 119.916374207, 37.5116958618], [-1.43971300125, 6.53787660599, -8.56062221527, 1.35417294502, 19.9135227203, 5.04919958115, 2.27235722542, 11.2356977463, 7.04834270477, -2.9900727272, 1.69734668732, 37.5116958618, 60.4710235596]]
        icov: [[0.000541723158676, 0.00013376075367, 0.000364387437003, -0.000584546418395, 0.000359526049579, -0.000373730144929, 0.000743657059502, -0.000532239035238, 0.000532134668902, -0.000611849711277, 0.000320186372846, 0.000646226049867, -0.000455266650533], [0.00013376075367, 0.00253165327013, 0.00106027384754, -0.00053193885833, -5.22787049704e-005, -0.000443613622338, -0.00010999746155, -0.000405928585678, -0.00101609737612, 0.0011767934775, -0.000961567799095, -0.000216141590499, 0.000362985825632], [0.000364387437003, 0.00106027384754, 0.005712850485, -0.00191412179265, -0.000752975291107, 0.000915239565074, -0.00112241436727, -0.000244348513661, 0.000927823944949, 4.07626648666e-005, -0.000217970693484, 0.00170162715949, -0.000150804306031], [-0.000584546418395, -0.00053193885833, -0.00191412179265, 0.00670582102612, -0.00139558687806, -0.00159380212426, -0.00025966076646, 0.000883244327269, -0.000384006852983, 0.000339843798429, -0.000228472301387, -0.000308991206111, 0.000320405699313], [0.000359526049579, -5.22787049704e-005, -0.000752975291107, -0.00139558687806, 0.00971123483032, -0.00596603052691, 0.00261809304357, -0.000415318470914, -0.00271619437262, 0.000953126233071, 0.00101573672146, -0.00309944781475, -0.000524295086507], [-0.000373730144929, -0.000443613622338, 0.000915239565074, -0.00159380212426, -0.00596603052691, 0.0185932535678, -0.0102108186111, 0.000723067729268, 0.00234498106875, -0.00263521983288, -0.00193864945322, 0.00105483701918, -0.000137723429361], [0.000743657059502, -0.00010999746155, -0.00112241436727, -0.00025966076646, 0.00261809304357, -0.0102108186111, 0.0153251169249, -0.00694371107966, 0.00164937763475, 0.000969617220107, -0.00240618945099, 3.43978390447e-005, 0.00048312114086], [-0.000532239035238, -0.000405928585678, -0.000244348513661, 0.000883244327269, -0.000415318470914, 0.000723067729268, -0.00694371107966, 0.0171784181148, -0.00972952693701, 1.49181569213e-005, 0.0024818344973, -0.00210512336344, -0.000506651296746], [0.000532134668902, -0.00101609737612, 0.000927823944949, -0.000384006852983, -0.00271619437262, 0.00234498106875, 0.00164937763475, -0.00972952693701, 0.0209829229861, -0.00781721435487, 0.00110752985347, -0.000944850908127, 0.000429709965829], [-0.000611849711277, 0.0011767934775, 4.07626648666e-005, 0.000339843798429, 0.000953126233071, -0.00263521983288, 0.000969617220107, 1.49181569213e-005, -0.00781721435487, 0.0163641590625, -0.00960267335176, 0.0058549628593, -0.00191882404033], [0.000320186372846, -0.000961567799095, -0.000217970693484, -0.000228472301387, 0.00101573672146, -0.00193864945322, -0.00240618945099, 0.0024818344973, 0.00110752985347, -0.00960267335176, 0.0251756906509, -0.0131718581542, 0.00640278961509], [0.000646226049867, -0.000216141590499, 0.00170162715949, -0.000308991206111, -0.00309944781475, 0.00105483701918, 3.43978390447e-005, -0.00210512336344, -0.000944850908127, 0.0058549628593, -0.0131718581542, 0.0221502557397, -0.0113620031625], [-0.000455266650533, 0.000362985825632, -0.000150804306031, 0.000320405699313, -0.000524295086507, -0.000137723429361, 0.00048312114086, -0.000506651296746, 0.000429709965829, -0.00191882404033, 0.00640278961509, -0.0113620031625, 0.0234418269247]]
    sccoeffs:
        dmean: [0.060647316277, 0.0494411438704, 0.0396736524999, 0.0335997790098, 0.0234827511013, 0.0192900262773]
        dmean2: [0.0986112430692, 0.0811474695802, 0.0652141347528, 0.0547147355974, 0.0387249626219, 0.0314818881452]
        dvar: [0.00271423114464, 0.00161944306456, 0.00101436313707, 0.000769735197537, 0.000405404949561, 0.000309725292027]
        dvar2: [0.00696447165683, 0.0041229352355, 0.0026212176308, 0.00188747642096, 0.00105028436519, 0.000794584222604]
        max: [-0.291408717632, -0.420052349567, -0.467385858297, -0.502871334553, -0.54387563467, -0.644070982933]
        mean: [-0.680141746998, -0.752820789814, -0.767313361168, -0.764635145664, -0.777731180191, -0.746630012989]
        median: [-0.687850356102, -0.76696908474, -0.778216838837, -0.777880489826, -0.790954947472, -0.744438886642]
        min: [-0.967316865921, -0.959673643112, -0.967357337475, -0.963837444782, -0.963633716106, -0.960520267487]
        var: [0.00638539204374, 0.00598967261612, 0.0046149911359, 0.00358091853559, 0.00226057530381, 0.000965907354839]
    scvalleys:
        dmean: [0.40622189641, 0.396938949823, 0.334579735994, 0.297428309917, 0.280676573515, 0.250815331936]
        dmean2: [0.651506662369, 0.651612043381, 0.533880889416, 0.47591894865, 0.444460123777, 0.376308470964]
        dvar: [0.140126317739, 0.146485760808, 0.107308767736, 0.106025703251, 0.117287456989, 0.102200351655]
        dvar2: [0.299862384796, 0.332949876785, 0.216022700071, 0.21206215024, 0.230901733041, 0.188266739249]
        max: [-5.27654838562, -4.51278305054, -5.1922121048, -5.50803041458, -5.19383239746, -7.74014759064]
        mean: [-7.01859474182, -6.91201686859, -7.21865606308, -7.21773099899, -6.93954324722, -9.22908687592]
        median: [-6.79874038696, -6.84913444519, -7.09042787552, -7.01655292511, -6.65477752686, -9.04127502441]
        min: [-27.8229408264, -27.5888328552, -27.193031311, -27.3351287842, -27.3388957977, -27.2930793762]
        var: [0.961933016777, 0.677865087986, 0.677034139633, 0.784985721111, 0.906573653221, 0.699016690254]

rhythm:
    beats_loudness:
        dmean: 0.00245976308361
        dmean2: 0.00463111978024
        dvar: 3.05775620291e-006
        dvar2: 1.06405395854e-005
        max: 0.0142517751083
        mean: 0.00583699904382
        median: 0.00567873800173
        min: 3.31725423166e-005
        var: 6.74566399539e-006
    bpm: 99.8835144043
    bpm_confidence: 0
    first_peak_bpm: 99
    first_peak_spread: 0.324644505978
    first_peak_weight: 0.675355494022
    onset_rate: 4.054002285
    second_peak_bpm: 0
    second_peak_spread: 0
    second_peak_weight: 0
    beats_loudness_band_ratio:
        dmean: [0.196616694331, 0.131059154868, 0.0816304162145, 0.0534257814288, 0.122036240995, 0.111861042678]
        dmean2: [0.380806744099, 0.249714553356, 0.146460413933, 0.0975650697947, 0.223332986236, 0.213240772486]
        dvar: [0.0152148948982, 0.00875577237457, 0.00922707561404, 0.00342694646679, 0.00977717433125, 0.00942755118012]
        dvar2: [0.0507225617766, 0.0281615201384, 0.027026090771, 0.0104332081974, 0.0314265154302, 0.0289018657058]
        max: [0.747699916363, 0.612080514431, 0.57787334919, 0.429155141115, 0.672767102718, 0.7001978755]
        mean: [0.258886247873, 0.139394372702, 0.0936955064535, 0.0902738720179, 0.246661677957, 0.226080417633]
        median: [0.258373379707, 0.110954783857, 0.0584733374417, 0.0659141987562, 0.214064076543, 0.205867186189]
        min: [0.00484771793708, 0.00484049133956, 0.00459854817018, 0.0119841173291, 0.0513399392366, 0.0204548239708]
        var: [0.0246324650943, 0.0112740909681, 0.00864704605192, 0.00461528869346, 0.0147929098457, 0.0130321094766]
    beats_position: [0.615328788757, 1.23065757751, 1.83437633514, 2.43809509277, 3.04181408882, 3.64553284645, 4.2492518425, 4.85297060013, 5.46829938889, 6.09523820877, 6.72217655182, 7.3491153717, 7.97605419159, 8.59138298035, 9.19510173798, 9.79882049561, 10.4025392532, 11.0062580109, 11.6215867996, 12.2485256195, 12.8754644394, 13.5024032593, 14.1293420792, 14.7446708679, 15.3483896255, 15.9404983521, 16.5326080322, 17.1363258362, 17.7400455475, 18.3437633514, 18.9474830627, 19.5395908356, 20.1317005157, 20.7354183197, 21.339138031, 21.942855835, 22.5465755463, 23.1502952576, 23.7424030304, 24.3345127106, 24.9382305145, 25.5419502258, 26.1456680298, 26.7493877411, 27.353105545, 27.9452152252, 28.537322998, 29.1410427094, 29.7447605133, 30.3484802246, 30.9405899048, 31.5326976776, 32.1364173889, 32.7401351929, 33.3438529968, 33.9475746155, 34.539680481, 35.1317901611, 35.7355079651, 36.3392295837, 36.9429473877, 37.5466651917, 38.1503829956, 38.7424926758, 39.334602356, 39.9383201599, 40.5420417786, 41.1457595825, 41.7494773865, 42.3415870667, 42.9336967468, 43.5374145508, 44.1411323547, 44.7448501587, 45.3485717773, 45.9406776428, 46.532787323, 47.1365089417, 47.7402267456, 48.3439445496, 48.9476623535, 49.5397720337, 50.1318817139, 50.7355995178, 51.3393173218, 51.9430389404, 52.5467567444, 53.1504745483, 53.7425842285, 54.3346939087, 54.9384117126, 55.5421295166, 56.1458511353, 56.7495689392, 57.3416786194, 57.9337844849, 58.5375061035, 59.1412239075, 59.7449417114, 60.3486595154, 60.9407691956, 61.5328788757, 62.1365966797, 62.7403144836, 63.3440361023, 63.9477539063, 64.5398635864, 65.1319732666, 65.7356872559, 66.3394088745, 66.9431304932, 67.5468444824, 68.1505661011, 68.7426757813, 69.3347854614, 69.9384994507, 70.5422210693, 71.145942688, 71.7496566772, 72.3533782959, 72.9454879761, 73.5375976563, 74.1413116455, 74.7450332642, 75.3487548828, 75.9524688721, 76.5445785522, 77.1483001709, 77.7404098511, 78.3441238403, 78.947845459, 79.5515594482, 80.1436691284, 80.7357788086, 81.3395004272, 81.9432220459, 82.5469360352, 83.1390457153, 83.7311553955, 84.3348770142, 84.9385910034, 85.5423126221, 86.1460266113, 86.74974823, 87.3418579102, 87.9455795288, 88.537689209, 89.1414031982, 89.7451248169, 90.3372344971, 90.9293441772, 91.5330581665, 92.1367797852, 92.7404937744, 93.3326034546, 93.9247131348, 94.5284347534, 95.1321487427, 95.7358703613, 96.33959198, 96.9433059692, 97.5354156494, 98.1391372681, 98.7312469482, 99.3349609375, 99.9386825562, 100.542404175, 101.146118164, 101.749839783, 102.341949463, 102.934059143, 103.537773132, 104.141494751, 104.733604431, 105.33732605, 105.941040039, 106.533149719, 107.136871338, 107.740585327, 108.344306946, 108.948028564, 109.540130615, 110.132240295, 110.735961914, 111.339683533, 111.943397522, 112.547119141, 113.139228821, 113.731338501, 114.33505249, 114.938774109, 115.542495728, 116.146209717, 116.749931335, 117.342041016, 117.945755005, 118.537864685, 119.141586304, 119.745300293, 120.349021912, 120.95274353, 121.54485321, 122.136962891, 122.74067688, 123.344398499, 123.948112488, 124.540222168, 125.132331848, 125.736053467, 126.339767456, 126.943489075, 127.547210693, 128.139312744, 128.731430054, 129.335144043, 129.938858032, 130.54258728, 131.14630127, 131.73840332, 132.33052063, 132.934234619, 133.537963867, 134.141677856, 134.745391846, 135.349105835, 135.941223145, 136.533325195, 137.137054443, 137.740768433, 138.344482422, 138.94821167, 139.551925659, 140.155639648, 140.747756958, 141.339859009, 141.943572998, 142.547302246, 143.139404297, 143.731521606, 144.335235596, 144.938949585, 145.542678833, 146.134780884, 146.726898193, 147.330612183, 147.934326172, 148.538040161, 149.141769409, 149.73387146, 150.32598877, 150.929702759, 151.533416748, 152.137145996, 152.740859985, 153.332962036, 153.925079346, 154.528793335, 155.132507324, 155.736236572, 156.328338623, 156.943664551, 157.547393799, 158.151107788, 158.743209839, 159.335327148, 159.939041138, 160.542770386, 161.134872437, 161.738586426, 162.330703735, 162.934417725, 163.538131714, 164.141860962, 164.733963013, 165.337677002, 165.94140625, 166.533508301, 167.137237549, 167.740951538, 168.344665527, 168.936782837, 169.528884888, 170.132598877, 170.736328125, 171.340042114, 171.932144165, 172.535873413, 173.127975464, 173.731704712, 174.335418701, 174.93913269, 175.54284668, 176.146575928, 176.738677979, 177.330795288, 177.934509277, 178.538223267, 179.141952515, 179.745666504, 180.337768555, 180.929885864, 181.533599854, 182.137313843, 182.741043091, 183.34475708, 183.948471069, 184.552200317, 185.144302368, 185.736419678, 186.340133667, 186.943847656, 187.547576904, 188.139678955, 188.731781006, 189.335510254, 189.939224243, 190.542938232, 191.14666748, 191.75038147, 192.342483521, 192.93460083, 193.538314819, 194.142044067, 194.745758057, 195.349472046, 195.941589355, 196.533691406, 197.137405396, 197.741134644, 198.344848633, 198.936950684, 199.529067993, 200.132781982, 200.73651123, 201.34022522, 201.943939209, 202.536056519, 203.139770508, 203.731872559, 204.335601807, 204.939315796, 205.543029785, 206.146759033, 206.738861084, 207.330978394, 207.934692383, 208.538406372, 209.142120361, 209.734237671, 210.33795166, 210.93006897, 211.533782959, 212.137496948, 212.741226196, 213.344940186, 213.937042236, 214.529159546, 215.132873535, 215.736587524, 216.340316772, 216.944030762, 217.536148071, 218.139862061, 218.731964111, 219.335693359, 219.939407349, 220.543121338, 221.135238647, 221.738952637, 222.331054688, 222.934783936, 223.538497925, 224.142211914, 224.734329224, 225.326431274, 225.930160522, 226.533874512, 227.137588501, 227.741317749, 228.345031738, 228.948745728, 229.552474976, 230.156188965, 230.748291016, 231.340408325, 231.944122314, 232.547836304, 233.139953613, 233.743667603, 234.335784912, 234.939498901, 235.543212891, 236.14692688, 236.750656128, 237.354370117, 237.946487427, 238.538589478, 239.142303467, 239.746032715, 240.349746704, 240.953460693, 241.545578003, 242.137680054, 242.741394043, 243.345123291, 243.94883728, 244.55255127, 245.144668579, 245.73677063, 246.340499878, 246.944213867, 247.547927856, 248.140045166, 248.732147217, 249.335861206, 249.939590454, 250.543304443, 251.147018433, 251.750747681, 252.342849731, 252.934967041, 253.53868103, 254.14239502]
