
metadata:
    version:
        essentia: "2.1-beta2"
    audio_properties:
        analysis_sample_rate: 44100
        bitrate: 320
        channels: 2
        equal_loudness: 1
        length: 202.893066406
        replay_gain: -14.0909137726
        downmix: "mix"
    tags:
        album: "Incomparable"
        artist: "Dead By April"
        comment: "-=Titan=-"
        date: "2011"
        genre: "Modern Metal"
        title: "Incomparable"
        tracknumber: "8"

configuration:
    average_loudness:
        compute: 1
        frameSize: 88200
        hopSize: 44100
        silentFrames: "noise"
        windowType: "hann"
    general:
        analysisSampleRate: 44100
        endTime: 2000
        equalLoudness: 1
        nequalLoudness: 0
        shortSound: 0
        startTime: 0
    lowlevel:
        compute: 1
        frameSize: 2048
        hopSize: 1024
        zeroPadding: 0
        silentFrames: "noise"
        windowType: "blackmanharris62"
        mfccStats: ["mean", "cov", "icov"]
        stats: ["mean", "var", "median", "min", "max", "dmean", "dmean2", "dvar", "dvar2"]
    panning:
        compute: 0
        frameSize: 8192
        hopSize: 2048
        zeroPadding: 8192
        silentFrames: "noise"
        windowType: "hann"
        stats: ["copy"]
    rhythm:
        compute: 1
        maxTempo: 208
        minTempo: 40
        method: "degara"
        stats: ["mean", "var", "median", "min", "max", "dmean", "dmean2", "dvar", "dvar2"]
    segmentation:
        compute: 0
        cpw: 5
        inc1: 300
        inc2: 50
        minimumSegmentsLength: 10
        size1: 1000
        size2: 600
    sfx:
        compute: 1
        stats: ["mean", "var", "median", "min", "max", "dmean", "dmean2", "dvar", "dvar2"]
    svm:
        compute: 0
    tonal:
        compute: 1
        frameSize: 4096
        hopSize: 2048
        zeroPadding: 0
        silentFrames: "noise"
        windowType: "blackmanharris62"
        stats: ["mean", "var", "median", "min", "max", "dmean", "dmean2", "dvar", "dvar2"]

lowlevel:
    average_loudness: 0.950717151165
    barkbands_kurtosis:
        dmean: 0.804617285728
        dmean2: 1.34759235382
        dvar: 1.47531819344
        dvar2: 3.39998698235
        max: 35.0154685974
        mean: -0.590453922749
        median: -0.990079879761
        min: -1.8883548975
        var: 2.28835630417
    barkbands_skewness:
        dmean: 0.45852971077
        dmean2: 0.743803083897
        dvar: 0.202832236886
        dvar2: 0.512201189995
        max: 5.71194267273
        mean: -0.413355112076
        median: -0.453335046768
        min: -4.39382600784
        var: 0.546584308147
    barkbands_spread:
        dmean: 7.42024707794
        dmean2: 12.3224830627
        dvar: 49.60389328
        dvar2: 135.507034302
        max: 72.8362960815
        mean: 37.5300445557
        median: 37.258682251
        min: 3.12820076942
        var: 146.418716431
    dissonance:
        dmean: 0.0108832214028
        dmean2: 0.0184995308518
        dvar: 0.000143363009556
        dvar2: 0.000399005686631
        max: 0.500000059605
        mean: 0.480925530195
        median: 0.486170858145
        min: 0.30934330821
        var: 0.000320964289131
    hfc:
        dmean: 3.86005544662
        dmean2: 6.64240646362
        dvar: 30.8612346649
        dvar2: 83.5644836426
        max: 55.9220123291
        mean: 10.286564827
        median: 9.4012298584
        min: 1.09491561726e-016
        var: 41.2408294678
    pitch:
        dmean: 706.006958008
        dmean2: 1351.54602051
        dvar: 1545515.875
        dvar2: 4026883.75
        max: 4713.37548828
        mean: 2079.77587891
        median: 2438.06738281
        min: 69.721244812
        var: 3066320.75
    pitch_instantaneous_confidence:
        dmean: 0.0814948454499
        dmean2: 0.132486492395
        dvar: 0.00458536716178
        dvar2: 0.0115327974781
        max: 0.947920680046
        mean: 0.383587986231
        median: 0.357443153858
        min: 0.120545446873
        var: 0.0176735352725
    pitch_salience:
        dmean: 0.0645953044295
        dmean2: 0.108462832868
        dvar: 0.00365305761807
        dvar2: 0.00989346858114
        max: 0.967213332653
        mean: 0.654399454594
        median: 0.666786193848
        min: 0.126611575484
        var: 0.00746624032035
    silence_rate_20dB:
        dmean: 0
        dmean2: 0
        dvar: 0
        dvar2: 0
        max: 1
        mean: 1
        median: 1
        min: 1
        var: 0
    silence_rate_30dB:
        dmean: 0
        dmean2: 0
        dvar: 0
        dvar2: 0
        max: 1
        mean: 1
        median: 1
        min: 1
        var: 0
    silence_rate_60dB:
        dmean: 0.145571067929
        dmean2: 0.291175454855
        dvar: 0.124373108149
        dvar2: 0.258150488138
        max: 1
        mean: 0.258267521858
        median: 0
        min: 0
        var: 0.19154651463
    spectral_centroid:
        dmean: 355.317199707
        dmean2: 581.870788574
        dvar: 123521.359375
        dvar2: 316964.46875
        max: 10946.8730469
        mean: 2199.86450195
        median: 2219.36767578
        min: 197.52003479
        var: 382668.4375
    spectral_complexity:
        dmean: 5.36415672302
        dmean2: 8.74487781525
        dvar: 30.2270069122
        dvar2: 74.5016098022
        max: 49
        mean: 16.6864624023
        median: 17
        min: 0
        var: 77.7586288452
    spectral_crest:
        dmean: 1.7848007679
        dmean2: 2.94973397255
        dvar: 3.08569955826
        dvar2: 8.01206302643
        max: 22.6468048096
        mean: 6.22238683701
        median: 5.52155923843
        min: 2.3131403923
        var: 6.61336326599
    spectral_decrease:
        dmean: 3.24484661363e-010
        dmean2: 5.23781962247e-010
        dvar: 2.26471350068e-019
        dvar2: 5.82392071603e-019
        max: -8.56157712303e-029
        mean: -1.01487163118e-009
        median: -9.23069676251e-010
        min: -4.97464025528e-009
        var: 3.64098461716e-019
    spectral_energy:
        dmean: 0.00153297290672
        dmean2: 0.00249840202741
        dvar: 4.84202519146e-006
        dvar2: 1.25339292936e-005
        max: 0.0226223450154
        mean: 0.00476337829605
        median: 0.00437129009515
        min: 1.02543439885e-020
        var: 7.70618225943e-006
    spectral_energyband_high:
        dmean: 0.000344628439052
        dmean2: 0.000604468106758
        dvar: 2.62346077307e-007
        dvar2: 7.21414153304e-007
        max: 0.00538877444342
        mean: 0.000718226889148
        median: 0.000628166133538
        min: 7.51757007987e-021
        var: 2.72838207138e-007
    spectral_energyband_low:
        dmean: 0.000285318674287
        dmean2: 0.000479138543596
        dvar: 1.31781447976e-007
        dvar2: 3.34982843242e-007
        max: 0.00660543562844
        mean: 0.00049282895634
        median: 0.000386057567084
        min: 1.93383886661e-022
        var: 2.1891059987e-007
    spectral_energyband_middle_high:
        dmean: 0.000902574101929
        dmean2: 0.00149683468044
        dvar: 1.32492220928e-006
        dvar2: 3.48593721355e-006
        max: 0.0130681777373
        mean: 0.00251242052764
        median: 0.00221638008952
        min: 1.36810422658e-021
        var: 2.83943904833e-006
    spectral_energyband_middle_low:
        dmean: 0.000606124114711
        dmean2: 0.000978088588454
        dvar: 1.56476619395e-006
        dvar2: 4.17702585764e-006
        max: 0.0158927999437
        mean: 0.00116265506949
        median: 0.000763048650697
        min: 2.51289331573e-022
        var: 1.81325685844e-006
    spectral_flatness_db:
        dmean: 0.012429648079
        dmean2: 0.0192260872573
        dvar: 0.000142604752909
        dvar2: 0.000322543870425
        max: 0.27900442481
        mean: 0.123021423817
        median: 0.117257148027
        min: 0.0572998188436
        var: 0.000683911493979
    spectral_flux:
        dmean: 0.00912515632808
        dmean2: 0.0141214588657
        dvar: 0.000125754988403
        dvar2: 0.000243821836193
        max: 0.143446758389
        mean: 0.0423440076411
        median: 0.0403719805181
        min: 1.0126373351e-010
        var: 0.000273252109764
    spectral_kurtosis:
        dmean: 0.535923421383
        dmean2: 0.899922192097
        dvar: 0.373483002186
        dvar2: 1.0467839241
        max: 22.1467418671
        mean: 2.19538402557
        median: 1.97857153416
        min: -1.17314600945
        var: 1.3256957531
    spectral_rms:
        dmean: 0.000324805878336
        dmean2: 0.000514717074111
        dvar: 1.52951201926e-007
        dvar2: 3.76462935492e-007
        max: 0.00469793379307
        mean: 0.00205767876469
        median: 0.00206510862336
        min: 3.16294755144e-012
        var: 4.13151127532e-007
    spectral_rolloff:
        dmean: 336.971008301
        dmean2: 554.678894043
        dvar: 196589.84375
        dvar2: 446722.96875
        max: 18776.953125
        mean: 3929.55493164
        median: 3983.64257813
        min: 150.732421875
        var: 691010
    spectral_skewness:
        dmean: 0.1098177284
        dmean2: 0.178419470787
        dvar: 0.0106597989798
        dvar2: 0.0276293810457
        max: 3.35619544983
        mean: 1.05782055855
        median: 1.01264548302
        min: 0.00542136421427
        var: 0.0607751756907
    spectral_spread:
        dmean: 381409.59375
        dmean2: 589197.25
        dvar: 244867383296
        dvar2: 477705830400
        max: 41193628
        mean: 5279621
        median: 5100986
        min: 1630465.875
        var: 1.64560489677e+012
    spectral_strongpeak:
        dmean: 0.53449934721
        dmean2: 0.930315554142
        dvar: 0.612014532089
        dvar2: 1.57800447941
        max: 8.54537582397
        mean: 0.770659089088
        median: 0.341880828142
        min: 0
        var: 1.06923723221
    zerocrossingrate:
        dmean: 0.00877369567752
        dmean2: 0.0106814950705
        dvar: 7.53544154577e-005
        dvar2: 9.75370130618e-005
        max: 0.5185546875
        mean: 0.121173813939
        median: 0.123046875
        min: 0.01220703125
        var: 0.000706779246684
    barkbands:
        dmean: [1.04627520159e-006, 0.000105465820525, 0.000189246507944, 0.000161268733791, 0.000226268894039, 0.000164418903296, 9.85703518381e-005, 6.52311573504e-005, 0.000135776295792, 5.82062348258e-005, 9.80401382549e-005, 7.6357551734e-005, 8.12982834759e-005, 6.83308244334e-005, 6.86143175699e-005, 0.000131481225253, 0.000191527156858, 0.000178802976734, 0.000349034933606, 0.000261667330051, 0.000166648605955, 6.71774250804e-005, 9.90408170765e-006, 2.9440761864e-006, 1.20139236515e-006, 4.50781207917e-008, 5.67841385024e-010]
        dmean2: [1.557601081e-006, 0.000181324838195, 0.000324029591866, 0.000276867271168, 0.000379509234335, 0.000279238302028, 0.000162098571309, 0.000102291320218, 0.000211892969673, 9.16107310331e-005, 0.000152253764099, 0.000119304619147, 0.000128541927552, 0.000109959430119, 0.000111877619929, 0.000220706293476, 0.000322406529449, 0.000307742593577, 0.000609062553849, 0.000443726457888, 0.00029062179965, 0.000120352538943, 1.68868300534e-005, 4.80773087475e-006, 1.94648760043e-006, 7.05968332682e-008, 9.32023680456e-010]
        dvar: [2.10372583069e-012, 1.76781860262e-008, 6.55863345855e-008, 1.06518207588e-007, 4.39854801471e-007, 2.08475796626e-007, 4.03951290195e-008, 2.31137509132e-008, 9.66473692188e-008, 2.57046917085e-008, 5.61652448994e-008, 2.94781408172e-008, 2.8673630581e-008, 1.4298790596e-008, 2.23397442767e-008, 7.12310495032e-008, 1.20324941122e-007, 7.05613558694e-008, 2.25990334002e-007, 1.23935564034e-007, 5.60125315019e-008, 1.16283134233e-008, 1.52414539323e-010, 1.30136014811e-011, 3.49335360986e-012, 1.44646545853e-014, 1.83682548091e-018]
        dvar2: [4.72367023968e-012, 5.12522682072e-008, 1.69014995777e-007, 2.90669390779e-007, 1.22355982057e-006, 5.57044359084e-007, 1.04171192561e-007, 5.04242869681e-008, 2.27296908406e-007, 5.49453140763e-008, 1.33609930231e-007, 6.18931181862e-008, 6.54912426512e-008, 3.36095915543e-008, 4.78149289052e-008, 1.88527806699e-007, 3.26476651935e-007, 1.92869038074e-007, 6.13364704805e-007, 3.30560823159e-007, 1.54981364631e-007, 3.27521050281e-008, 3.99726862721e-010, 3.22912044326e-011, 8.14341215988e-012, 3.0718442655e-014, 4.19755117946e-018]
        max: [1.32344612211e-005, 0.0012902825838, 0.00396739738062, 0.00444676820189, 0.0104278828949, 0.00756875425577, 0.00266200769693, 0.00460786465555, 0.00688512390479, 0.00531749660149, 0.00595311075449, 0.00522570637986, 0.00411448255181, 0.00238194991834, 0.00437388382852, 0.00522083695978, 0.00731360306963, 0.00457893824205, 0.00551306828856, 0.00636558234692, 0.00302131846547, 0.0012679771753, 0.000154214081704, 6.8047302193e-005, 3.40682126989e-005, 4.41077645519e-006, 4.73537156154e-008]
        mean: [1.63733000136e-006, 0.000145203186548, 0.000245337432716, 0.000192304432858, 0.000260300468653, 0.000196736349608, 0.000157490401762, 0.000108025218651, 0.000232951511862, 9.66793304542e-005, 0.000169093007571, 0.000131916662212, 0.000145967496792, 0.000120792843518, 0.000113146008516, 0.000221095353481, 0.000319260754623, 0.000308744434733, 0.000600589031819, 0.000518539920449, 0.000325933884596, 0.000116991999676, 2.30652567552e-005, 8.45571321406e-006, 3.0296228033e-006, 9.58779438065e-008, 8.97840302105e-010]
        median: [5.45939485619e-007, 0.000112069232273, 0.000147274258779, 8.80510633579e-005, 0.000116294839245, 5.40268338227e-005, 5.37031301064e-005, 4.6864257456e-005, 7.96152671683e-005, 3.60450649168e-005, 3.68139444618e-005, 5.18079250469e-005, 5.29153985553e-005, 5.67207898712e-005, 6.77353382343e-005, 0.000145689948113, 0.000200355250854, 0.000234355742577, 0.000482276343973, 0.000426593993325, 0.000282687513391, 9.55662690103e-005, 2.00883368962e-005, 6.99178326613e-006, 2.26060296882e-006, 5.93360560686e-008, 4.73100836285e-010]
        min: [1.66208751814e-022, 7.57145288952e-023, 2.08655886687e-023, 6.08062126789e-023, 4.30482879038e-023, 2.99196355787e-023, 3.6041237224e-023, 3.51600259503e-023, 3.81915836992e-023, 1.18203397666e-022, 6.38949060454e-023, 4.36303378786e-023, 5.22539949005e-023, 4.27856098441e-023, 8.36971007476e-023, 1.29024991564e-022, 2.66582555113e-022, 2.13845827826e-022, 2.19627862717e-022, 2.61004967726e-022, 5.58402348307e-022, 6.57623682622e-022, 7.53415276913e-022, 8.66542777483e-022, 1.03421113654e-021, 1.45496950001e-021, 2.38439981447e-021]
        var: [4.30681488736e-012, 1.93943865412e-008, 9.46165599203e-008, 9.89882309455e-008, 3.33494710958e-007, 2.0197227002e-007, 7.69409282952e-008, 6.30098000443e-008, 2.56579170355e-007, 7.67864634099e-008, 1.373337426e-007, 7.04434484078e-008, 7.1315390926e-008, 3.53352405114e-008, 4.23954418238e-008, 1.12554126019e-007, 2.15979568452e-007, 8.89070719268e-008, 2.5675549864e-007, 1.80179640097e-007, 5.88002819768e-008, 9.91787274529e-009, 2.62984523047e-010, 3.91693170954e-011, 7.92487256374e-012, 2.73602704213e-014, 3.31004035572e-018]
    frequency_bands:
        dmean: [1.04627520159e-006, 0.000105465820525, 0.000189246507944, 0.000161268733791, 0.000226268894039, 0.000164418903296, 9.85703518381e-005, 6.52311573504e-005, 0.000135776295792, 5.82062348258e-005, 9.80401382549e-005, 7.6357551734e-005, 8.12982834759e-005, 6.83308244334e-005, 6.86143175699e-005, 0.000131481225253, 0.000191527156858, 0.000178802976734, 0.000349034933606, 0.000261667330051, 0.000166648605955, 6.71774250804e-005, 9.90408170765e-006, 2.9440761864e-006, 1.20139236515e-006, 4.50781207917e-008, 5.67841385024e-010, 5.76814256081e-011]
        dmean2: [1.557601081e-006, 0.000181324838195, 0.000324029591866, 0.000276867271168, 0.000379509234335, 0.000279238302028, 0.000162098571309, 0.000102291320218, 0.000211892969673, 9.16107310331e-005, 0.000152253764099, 0.000119304619147, 0.000128541927552, 0.000109959430119, 0.000111877619929, 0.000220706293476, 0.000322406529449, 0.000307742593577, 0.000609062553849, 0.000443726457888, 0.00029062179965, 0.000120352538943, 1.68868300534e-005, 4.80773087475e-006, 1.94648760043e-006, 7.05968332682e-008, 9.32023680456e-010, 1.07323032406e-010]
        dvar: [2.10372583069e-012, 1.76781860262e-008, 6.55863345855e-008, 1.06518207588e-007, 4.39854801471e-007, 2.08475796626e-007, 4.03951290195e-008, 2.31137509132e-008, 9.66473692188e-008, 2.57046917085e-008, 5.61652448994e-008, 2.94781408172e-008, 2.8673630581e-008, 1.4298790596e-008, 2.23397442767e-008, 7.12310495032e-008, 1.20324941122e-007, 7.05613558694e-008, 2.25990334002e-007, 1.23935564034e-007, 5.60125315019e-008, 1.16283134233e-008, 1.52414539323e-010, 1.30136014811e-011, 3.49335360986e-012, 1.44646545853e-014, 1.83682548091e-018, 7.41226691827e-021]
        dvar2: [4.72367023968e-012, 5.12522682072e-008, 1.69014995777e-007, 2.90669390779e-007, 1.22355982057e-006, 5.57044359084e-007, 1.04171192561e-007, 5.04242869681e-008, 2.27296908406e-007, 5.49453140763e-008, 1.33609930231e-007, 6.18931181862e-008, 6.54912426512e-008, 3.36095915543e-008, 4.78149289052e-008, 1.88527806699e-007, 3.26476651935e-007, 1.92869038074e-007, 6.13364704805e-007, 3.30560823159e-007, 1.54981364631e-007, 3.27521050281e-008, 3.99726862721e-010, 3.22912044326e-011, 8.14341215988e-012, 3.0718442655e-014, 4.19755117946e-018, 2.36295693424e-020]
        max: [1.32344612211e-005, 0.0012902825838, 0.00396739738062, 0.00444676820189, 0.0104278828949, 0.00756875425577, 0.00266200769693, 0.00460786465555, 0.00688512390479, 0.00531749660149, 0.00595311075449, 0.00522570637986, 0.00411448255181, 0.00238194991834, 0.00437388382852, 0.00522083695978, 0.00731360306963, 0.00457893824205, 0.00551306828856, 0.00636558234692, 0.00302131846547, 0.0012679771753, 0.000154214081704, 6.8047302193e-005, 3.40682126989e-005, 4.41077645519e-006, 4.73537156154e-008, 1.36467948053e-009]
        mean: [1.63733000136e-006, 0.000145203186548, 0.000245337432716, 0.000192304432858, 0.000260300468653, 0.000196736349608, 0.000157490401762, 0.000108025218651, 0.000232951511862, 9.66793304542e-005, 0.000169093007571, 0.000131916662212, 0.000145967496792, 0.000120792843518, 0.000113146008516, 0.000221095353481, 0.000319260754623, 0.000308744434733, 0.000600589031819, 0.000518539920449, 0.000325933884596, 0.000116991999676, 2.30652567552e-005, 8.45571321406e-006, 3.0296228033e-006, 9.58779438065e-008, 8.97840302105e-010, 4.43506863179e-011]
        median: [5.45939485619e-007, 0.000112069232273, 0.000147274258779, 8.80510633579e-005, 0.000116294839245, 5.40268338227e-005, 5.37031301064e-005, 4.6864257456e-005, 7.96152671683e-005, 3.60450649168e-005, 3.68139444618e-005, 5.18079250469e-005, 5.29153985553e-005, 5.67207898712e-005, 6.77353382343e-005, 0.000145689948113, 0.000200355250854, 0.000234355742577, 0.000482276343973, 0.000426593993325, 0.000282687513391, 9.55662690103e-005, 2.00883368962e-005, 6.99178326613e-006, 2.26060296882e-006, 5.93360560686e-008, 4.73100836285e-010, 1.71725949433e-011]
        min: [1.66208751814e-022, 7.57145288952e-023, 2.08655886687e-023, 6.08062126789e-023, 4.30482879038e-023, 2.99196355787e-023, 3.6041237224e-023, 3.51600259503e-023, 3.81915836992e-023, 1.18203397666e-022, 6.38949060454e-023, 4.36303378786e-023, 5.22539949005e-023, 4.27856098441e-023, 8.36971007476e-023, 1.29024991564e-022, 2.66582555113e-022, 2.13845827826e-022, 2.19627862717e-022, 2.61004967726e-022, 5.58402348307e-022, 6.57623682622e-022, 7.53415276913e-022, 8.66542777483e-022, 1.03421113654e-021, 1.45496950001e-021, 2.38439981447e-021, 5.44271867876e-022]
        var: [4.30681488736e-012, 1.93943865412e-008, 9.46165599203e-008, 9.89882309455e-008, 3.33494710958e-007, 2.0197227002e-007, 7.69409282952e-008, 6.30098000443e-008, 2.56579170355e-007, 7.67864634099e-008, 1.373337426e-007, 7.04434484078e-008, 7.1315390926e-008, 3.53352405114e-008, 4.23954418238e-008, 1.12554126019e-007, 2.15979568452e-007, 8.89070719268e-008, 2.5675549864e-007, 1.80179640097e-007, 5.88002819768e-008, 9.91787274529e-009, 2.62984523047e-010, 3.91693170954e-011, 7.92487256374e-012, 2.73602704213e-014, 3.31004035572e-018, 5.70059233569e-021]
    mfcc:
        mean: [-688.142272949, 73.2888641357, -39.5934066772, 54.4335517883, -15.3631515503, 4.28419208527, 3.90484428406, 2.6203584671, 1.01265823841, -0.0719691738486, -1.29801952839, -0.197198405862, -0.837845027447]
        cov: [[4770.96142578, 464.476593018, -375.944885254, 409.636657715, -133.34046936, 11.5183477402, -132.383911133, -43.5027198792, -29.4367694855, -59.77135849, -42.2799911499, 14.884264946, 42.8268852234], [464.476593018, 467.351074219, -101.633132935, -29.3796749115, -71.3346939087, 0.256908416748, -8.46612453461, -12.2919082642, -64.8829879761, -23.3831367493, -9.10115528107, 1.86879396439, 14.0785799026], [-375.944885254, -101.633132935, 236.010070801, 90.2895507813, 73.5931396484, 27.3471736908, 34.7472991943, 15.6131029129, 40.7513961792, 10.7812452316, -1.60310208797, -11.2705669403, -16.6547966003], [409.636657715, -29.3796749115, 90.2895507813, 325.846130371, 116.460601807, 56.7527122498, 16.5175819397, 20.846698761, 74.131980896, 31.7992992401, 4.94170951843, 3.27623009682, 0.903079330921], [-133.34046936, -71.3346939087, 73.5931396484, 116.460601807, 149.344726563, 44.9135131836, 16.0795402527, 13.4046211243, 47.2566604614, 18.6254272461, -4.0739402771, -0.296957790852, -3.47180175781], [11.5183477402, 0.256908416748, 27.3471736908, 56.7527122498, 44.9135131836, 92.471282959, 54.9126281738, 24.0788555145, 18.5879325867, 22.9341049194, 17.9733257294, 7.7467546463, -0.0711833536625], [-132.383911133, -8.46612453461, 34.7472991943, 16.5175819397, 16.0795402527, 54.9126281738, 110.810493469, 52.5892562866, 33.3865394592, 26.0153903961, 19.2699108124, 4.8974905014, -9.86492156982], [-43.5027198792, -12.2919082642, 15.6131029129, 20.846698761, 13.4046211243, 24.0788555145, 52.5892562866, 87.294128418, 54.1792755127, 31.9801483154, 10.866850853, 6.45502758026, -3.28546309471], [-29.4367694855, -64.8829879761, 40.7513961792, 74.131980896, 47.2566604614, 18.5879325867, 33.3865394592, 54.1792755127, 122.21988678, 52.3526115417, 20.0577430725, 11.7957630157, -4.72116947174], [-59.77135849, -23.3831367493, 10.7812452316, 31.7992992401, 18.6254272461, 22.9341049194, 26.0153903961, 31.9801483154, 52.3526115417, 86.4850616455, 45.6716461182, 14.2615461349, -0.234628200531], [-42.2799911499, -9.10115528107, -1.60310208797, 4.94170951843, -4.0739402771, 17.9733257294, 19.2699108124, 10.866850853, 20.0577430725, 45.6716461182, 69.4797439575, 36.5397148132, 9.87788391113], [14.884264946, 1.86879396439, -11.2705669403, 3.27623009682, -0.296957790852, 7.7467546463, 4.8974905014, 6.45502758026, 11.7957630157, 14.2615461349, 36.5397148132, 67.0786819458, 35.0395774841], [42.8268852234, 14.0785799026, -16.6547966003, 0.903079330921, -3.47180175781, -0.0711833536625, -9.86492156982, -3.28546309471, -4.72116947174, -0.234628200531, 9.87788391113, 35.0395774841, 57.6280593872]]
        icov: [[0.000396560673835, -0.000192302119103, 0.000667869928293, -0.000916085613426, 0.000731635140255, -0.000358329445589, 0.000422935117967, -2.61446366494e-005, -0.000152177337441, 0.000292056443868, 0.000216367290705, -0.000111525638204, 9.36342112254e-005], [-0.000192302119103, 0.00273864762858, 0.000558848783839, -0.000106488121673, 0.000753104686737, -0.00043323461432, -0.000341668288456, -0.00038193288492, 0.00136304227635, -0.00027509056963, 0.000446552818175, -7.85095253377e-005, -0.000316649588058], [0.000667869928293, 0.000558848783839, 0.00691064959392, -0.00250309798867, -0.000440149946371, -5.05946518388e-005, -0.00113828585017, 0.000443224154878, -0.000583298096899, 0.00122057960834, -8.08537424746e-006, 0.000589654315263, 0.000807452423032], [-0.000916085613426, -0.000106488121673, -0.00250309798867, 0.00707921385765, -0.0042028259486, -0.00116191385314, 0.000298207945889, 0.000532681529876, -0.00196308759041, -0.000721545889974, -0.000412570807384, 0.000603054009844, -0.000760469178203], [0.000731635140255, 0.000753104686737, -0.000440149946371, -0.0042028259486, 0.0135160693899, -0.00561288464814, 0.00232353783213, 0.000971690693405, -0.00239368248731, -0.000658731441945, 0.00416624778882, -0.0015899942955, 0.000525292649399], [-0.000358329445589, -0.00043323461432, -5.05946518388e-005, -0.00116191385314, -0.00561288464814, 0.0204182341695, -0.00978943612427, 7.63026764616e-005, 0.0032243526075, -0.00164579169359, -0.00305330054834, 0.000502473907545, -0.00113334285561], [0.000422935117967, -0.000341668288456, -0.00113828585017, 0.000298207945889, 0.00232353783213, -0.00978943612427, 0.0188017580658, -0.00827066972852, -0.000899740785826, 0.00138371461071, -0.00203719269484, -0.000155523244757, 0.00268609332852], [-2.61446366494e-005, -0.00038193288492, 0.000443224154878, 0.000532681529876, 0.000971690693405, 7.63026764616e-005, -0.00827066972852, 0.0214266683906, -0.00734655139968, -0.00353736174293, 0.00412500137463, -0.0014069218887, -0.000370984576875], [-0.000152177337441, 0.00136304227635, -0.000583298096899, -0.00196308759041, -0.00239368248731, 0.0032243526075, -0.000899740785826, -0.00734655139968, 0.0173586625606, -0.00718107260764, 0.00167579820845, -0.00303852651268, 0.00188234297093], [0.000292056443868, -0.00027509056963, 0.00122057960834, -0.000721545889974, -0.000658731441945, -0.00164579169359, 0.00138371461071, -0.00353736174293, -0.00718107260764, 0.0256499946117, -0.0172273050994, 0.00645538652316, -0.00124835339375], [0.000216367290705, 0.000446552818175, -8.08537424746e-006, -0.000412570807384, 0.00416624778882, -0.00305330054834, -0.00203719269484, 0.00412500137463, 0.00167579820845, -0.0172273050994, 0.0354182943702, -0.0185217782855, 0.00512588443235], [-0.000111525638204, -7.85095253377e-005, 0.000589654315263, 0.000603054009844, -0.0015899942955, 0.000502473907545, -0.000155523244757, -0.0014069218887, -0.00303852651268, 0.00645538652316, -0.0185217782855, 0.033358424902, -0.0172697715461], [9.36342112254e-005, -0.000316649588058, 0.000807452423032, -0.000760469178203, 0.000525292649399, -0.00113334285561, 0.00268609332852, -0.000370984576875, 0.00188234297093, -0.00124835339375, 0.00512588443235, -0.0172697715461, 0.0278456620872]]
    sccoeffs:
        dmean: [0.0566034726799, 0.04821190238, 0.038924895227, 0.0293223876506, 0.0190809071064, 0.017495136708]
        dmean2: [0.0933995097876, 0.0796021595597, 0.0632505342364, 0.0483978241682, 0.0321720987558, 0.0291176792234]
        dvar: [0.00234363693744, 0.00155448459554, 0.000977820833214, 0.000577747705393, 0.000227460885071, 0.000242491310928]
        dvar2: [0.00625683367252, 0.00411634333432, 0.00247321953066, 0.00149373430759, 0.000620442791842, 0.0006596421008]
        max: [-0.27350717783, -0.432018190622, -0.491953581572, -0.541783690453, -0.597002089024, -0.627395510674]
        mean: [-0.687639176846, -0.756015300751, -0.772158324718, -0.790060281754, -0.804247260094, -0.737799942493]
        median: [-0.694155991077, -0.765445172787, -0.786183834076, -0.799378335476, -0.808096706867, -0.735836267471]
        min: [-0.953297436237, -0.968290984631, -0.959723412991, -0.954911768436, -0.962415397167, -0.960120499134]
        var: [0.00484587764367, 0.00536261685193, 0.00523052271456, 0.00266709458083, 0.000971618748736, 0.000890769297257]
    scvalleys:
        dmean: [0.382856458426, 0.383984684944, 0.342659413815, 0.275466412306, 0.253037303686, 0.192438080907]
        dmean2: [0.619098603725, 0.628625094891, 0.555127203465, 0.445214301348, 0.409382551908, 0.30240675807]
        dvar: [0.108953647316, 0.130186229944, 0.10883641243, 0.08046425879, 0.0822029709816, 0.0582121573389]
        dvar2: [0.250240713358, 0.296973317862, 0.242037862539, 0.169527754188, 0.182328179479, 0.115360885859]
        max: [-5.2758603096, -4.56457328796, -5.21376562119, -5.45015096664, -5.29578495026, -7.87234544754]
        mean: [-6.84374427795, -6.87958621979, -7.18282556534, -7.16996192932, -6.69858026505, -9.12784385681]
        median: [-6.54200410843, -6.72126245499, -7.03464412689, -6.95536756516, -6.47926807404, -8.91938877106]
        min: [-27.1127319336, -27.4253940582, -27.2148075104, -27.3361339569, -27.2176990509, -27.2315063477]
        var: [2.05357909203, 1.52754306793, 1.26725876331, 1.29052984715, 1.33225560188, 1.2853937149]

rhythm:
    beats_loudness:
        dmean: 0.00217009475455
        dmean2: 0.00382615718991
        dvar: 2.76388300335e-006
        dvar2: 7.4096010394e-006
        max: 0.012646230869
        mean: 0.00583612080663
        median: 0.00563336722553
        min: 2.37851275134e-012
        var: 5.74026535105e-006
    bpm: 178.205612183
    bpm_confidence: 0
    first_peak_bpm: 178
    first_peak_spread: 0
    first_peak_weight: 0.683168292046
    onset_rate: 3.41066360474
    second_peak_bpm: 185
    second_peak_spread: 0
    second_peak_weight: 0.298679858446
    beats_loudness_band_ratio:
        dmean: [0.166731521487, 0.104827798903, 0.0661857426167, 0.0780361890793, 0.088252261281, 0.120362952352]
        dmean2: [0.294712692499, 0.186298385262, 0.11560665071, 0.135985687375, 0.152780279517, 0.199658796191]
        dvar: [0.016059666872, 0.00904313102365, 0.0059372051619, 0.0111095327884, 0.00928639061749, 0.0098091615364]
        dvar2: [0.0443811491132, 0.0221063252538, 0.0167058575898, 0.0312584601343, 0.0260880626738, 0.0250483117998]
        max: [0.813275337219, 0.702377080917, 0.668519318104, 0.783938407898, 0.720062673092, 0.867069780827]
        mean: [0.247253850102, 0.103771135211, 0.0927400365472, 0.113662257791, 0.193246424198, 0.289531111717]
        median: [0.227921098471, 0.0590268671513, 0.0597220212221, 0.0666175633669, 0.172778189182, 0.270729750395]
        min: [0, 0, 0, 0, 0, 0]
        var: [0.0292582120746, 0.010991548188, 0.00752737885341, 0.0135913500562, 0.0110382521525, 0.0164767932147]
    beats_position: [0.359909296036, 0.731428563595, 1.09133780003, 1.43963718414, 1.77632653713, 2.11301589012, 2.4497051239, 2.7863945961, 3.11147379875, 3.44816327095, 3.78485250473, 4.12154197693, 4.45823097229, 4.78331041336, 5.11999988556, 5.45668935776, 5.78176879883, 6.11845779419, 6.45514726639, 6.78022670746, 7.11691617966, 7.45360517502, 7.79029464722, 8.12698364258, 8.45206356049, 8.77714252472, 9.11383247375, 9.45052146912, 9.77560043335, 10.1122903824, 10.4489793777, 10.774058342, 11.110748291, 11.4474372864, 11.7841272354, 12.1208162308, 12.445895195, 12.782585144, 13.1192741394, 13.4443531036, 13.7810430527, 14.117732048, 14.4544210434, 14.7911109924, 15.1161899567, 15.4528799057, 15.7895689011, 16.114648819, 16.4397277832, 16.7764167786, 17.1131057739, 17.4497947693, 17.786485672, 18.1115646362, 18.4482536316, 18.784942627, 19.1100215912, 19.4467124939, 19.7834014893, 20.1200904846, 20.45677948, 20.7818584442, 21.1185474396, 21.4552383423, 21.7803173065, 22.1170063019, 22.4536952972, 22.7787742615, 23.1154651642, 23.4521541595, 23.7772331238, 24.1139221191, 24.4506111145, 24.7873020172, 25.1239910126, 25.4606800079, 25.7973690033, 26.1224479675, 26.4475269318, 26.7842178345, 27.1209068298, 27.4459857941, 27.7826747894, 28.1193637848, 28.4444446564, 28.7811336517, 29.1178226471, 29.4429016113, 29.7795906067, 30.1162815094, 30.4529705048, 30.7896595001, 31.1147384644, 31.4514274597, 31.7881164551, 32.1131973267, 32.4382743835, 32.7749671936, 33.111656189, 33.4599533081, 33.7850341797, 34.1101112366, 34.4584121704, 34.783493042, 35.1085700989, 35.4452590942, 35.7819480896, 36.118637085, 36.455329895, 36.7804069519, 37.1170959473, 37.4537849426, 37.7788658142, 38.1155548096, 38.4522438049, 38.7889328003, 39.1256217957, 39.4507026672, 39.7757797241, 40.1124725342, 40.4491615295, 40.7858505249, 41.1225395203, 41.4476165771, 41.7726974487, 42.1093864441, 42.4460754395, 42.7827644348, 43.1194534302, 43.4445343018, 43.7812232971, 44.1063041687, 44.4429931641, 44.7796821594, 45.1163711548, 45.4530601501, 45.7897491455, 46.1148300171, 46.4515190125, 46.7882080078, 47.1132888794, 47.4499778748, 47.7866668701, 48.111743927, 48.4484329224, 48.7851219177, 49.1218147278, 49.4585037231, 49.78358078, 50.1202697754, 50.4569587708, 50.7936515808, 51.1303405762, 51.4554176331, 51.7921066284, 52.1171875, 52.4538764954, 52.7789573669, 53.1156463623, 53.4523353577, 53.789024353, 54.1257133484, 54.45079422, 54.7874832153, 55.1241722107, 55.4608612061, 55.7975502014, 56.122631073, 56.4477081299, 56.7843971252, 57.1210861206, 57.457775116, 57.794467926, 58.1195449829, 58.4446258545, 58.7813148499, 59.1180038452, 59.4430847168, 59.7797737122, 60.1164627075, 60.4415397644, 60.7782287598, 61.1149177551, 61.4516105652, 61.7882995605, 62.1133766174, 62.4500656128, 62.7867546082, 63.1118354797, 63.4485244751, 63.7852134705, 64.1219024658, 64.4585952759, 64.7836685181, 65.1203613281, 65.4570541382, 65.7821273804, 66.1188201904, 66.4555053711, 66.7805862427, 67.1172790527, 67.4539642334, 67.779045105, 68.115737915, 68.4524230957, 68.7891159058, 69.1258010864, 69.450881958, 69.7759628296, 70.1126480103, 70.4493408203, 70.7860336304, 71.122718811, 71.4477996826, 71.7844848633, 72.1211776733, 72.4462585449, 72.7829437256, 73.1196365356, 73.4563217163, 73.7930145264, 74.1180953979, 74.4431762695, 74.7798614502, 75.1165542603, 75.4532394409, 75.7783203125, 76.1150131226, 76.4516983032, 76.7883911133, 77.1134643555, 77.4501571655, 77.7868499756, 78.1119232178, 78.4486160278, 78.7853012085, 79.1103820801, 79.4470748901, 79.7837600708, 80.1204528809, 80.4571380615, 80.7822189331, 81.1189117432, 81.4555969238, 81.7806777954, 82.1173706055, 82.4540557861, 82.7791366577, 83.1158294678, 83.4525146484, 83.7892074585, 84.1258926392, 84.4509735107, 84.7760543823, 85.112739563, 85.449432373, 85.7745132446, 86.1111984253, 86.4478912354, 86.784576416, 87.1212692261, 87.4463500977, 87.7830352783, 88.1197280884, 88.44480896, 88.7814941406, 89.1181869507, 89.4548721313, 89.7915649414, 90.116645813, 90.4533309937, 90.7900238037, 91.1150970459, 91.4401779175, 91.7768707275, 92.1135559082, 92.4502487183, 92.7869338989, 93.123626709, 93.460319519, 93.7853927612, 94.1104736328, 94.4471664429, 94.7838516235, 95.1089324951, 95.4456253052, 95.7823104858, 96.1190032959, 96.4556884766, 96.7807693481, 97.1174621582, 97.4541473389, 97.7792282104, 98.1159133911, 98.4526062012, 98.7892990112, 99.1259841919, 99.4510650635, 99.7877502441, 100.112831116, 100.437911987, 100.774604797, 101.111289978, 101.447982788, 101.784667969, 102.121360779, 102.458045959, 102.79473877, 103.119819641, 103.444892883, 103.781585693, 104.118278503, 104.454963684, 104.791656494, 105.128341675, 105.465034485, 105.790107727, 106.115188599, 106.451881409, 106.788566589, 107.113647461, 107.438728333, 107.775421143, 108.112106323, 108.448799133, 108.785484314, 109.122177124, 109.458862305, 109.783943176, 110.109024048, 110.445709229, 110.782402039, 111.119087219, 111.455780029, 111.780860901, 112.117546082, 112.454238892, 112.779319763, 113.116004944, 113.452697754, 113.777778625, 114.102851868, 114.439544678, 114.776237488, 115.112922668, 115.449615479, 115.786300659, 116.122993469, 116.448066711, 116.784759521, 117.121452332, 117.458137512, 117.783218384, 118.119903564, 118.456596375, 118.793289185, 119.118362427, 119.443443298, 119.780136108, 120.116821289, 120.453514099, 120.79019928, 121.115280151, 121.440361023, 121.777046204, 122.113739014, 122.450431824, 122.787117004, 123.123809814, 123.460494995, 123.797187805, 124.122268677, 124.447341919, 124.784034729, 125.109115601, 125.445800781, 125.782493591, 126.107574463, 126.444259644, 126.780952454, 127.106025696, 127.442718506, 127.779411316, 128.116104126, 128.452789307, 128.777862549, 129.114562988, 129.451248169, 129.776321411, 130.113006592, 130.449707031, 130.786392212, 131.123077393, 131.448165894, 131.773239136, 132.121536255, 132.458221436, 132.794921875, 133.119995117, 133.445083618, 133.77015686, 134.106842041, 134.44354248, 134.768615723, 135.105300903, 135.441986084, 135.778686523, 136.115371704, 136.452056885, 136.788757324, 137.113830566, 137.438903809, 137.775604248, 138.112289429, 138.448974609, 138.78565979, 139.122360229, 139.45904541, 139.784118652, 140.109207153, 140.445892334, 140.770965576, 141.107666016, 141.444351196, 141.781036377, 142.117736816, 142.454421997, 142.791107178, 143.127792358, 143.464492798, 143.78956604, 144.126251221, 144.451339722, 144.776412964, 145.113098145, 145.449798584, 145.774871826, 146.111557007, 146.448257446, 146.784942627, 147.121627808, 147.446716309, 147.783401489, 148.108474731, 148.445159912, 148.781860352, 149.118545532, 149.455230713, 149.791931152, 150.117004395, 150.453689575, 150.790390015, 151.115463257, 151.452148438, 151.788833618, 152.125534058, 152.462219238, 152.78729248, 153.112380981, 153.449066162, 153.785751343, 154.110839844, 154.435913086, 154.772598267, 155.109298706, 155.445983887, 155.782669067, 156.107757568, 156.444442749, 156.78112793, 157.106216431, 157.442901611, 157.779586792, 158.104675293, 158.429748535, 158.778045654, 159.126342773, 159.451431274, 159.776504517, 160.113189697, 160.449890137, 160.774963379, 161.11164856, 161.448348999, 161.773422241, 162.110107422, 162.446792603, 162.783493042, 163.120178223, 163.445251465, 163.781951904, 164.118637085, 164.443710327, 164.780410767, 165.117095947, 165.453781128, 165.790466309, 166.11555481, 166.440628052, 166.777328491, 167.114013672, 167.450698853, 167.787384033, 168.124084473, 168.460769653, 168.785842896, 169.110931396, 169.447616577, 169.784301758, 170.121002197, 170.446075439, 170.78276062, 171.107849121, 171.432922363, 171.757995605, 172.106307983, 172.454605103, 172.779678345, 173.104751587, 173.441452026, 173.778137207, 174.114822388, 174.451522827, 174.788208008, 175.124893188, 175.461578369, 175.78666687, 176.123352051, 176.448425293, 176.773513794, 177.110198975, 177.446884155, 177.783584595, 178.120269775, 178.456954956, 178.793640137, 179.118728638, 179.44380188, 179.780502319, 180.1171875, 180.442260742, 180.778961182, 181.115646362, 181.452331543, 181.789016724, 182.114105225, 182.450790405, 182.787475586, 183.112564087, 183.449249268, 183.785934448, 184.111022949, 184.44770813, 184.784393311, 185.121078491, 185.457778931, 185.782852173, 186.119537354, 186.456237793, 186.781311035, 187.106384277, 187.443084717, 187.779769897, 188.116455078, 188.453155518, 188.77822876, 189.11491394, 189.451599121, 189.776687622, 190.113372803, 190.450057983, 190.786758423, 191.123443604, 191.448516846, 191.785217285, 192.121902466, 192.446975708, 192.783676147, 193.120361328, 193.457046509, 193.793731689, 194.11882019, 194.455505371, 194.792190552, 195.117279053, 195.442352295, 195.779037476, 196.115737915, 196.440811157, 196.777496338, 197.114196777, 197.450881958, 197.787567139, 198.11265564, 198.44934082, 198.786026001, 199.111114502, 199.436187744, 199.761260986, 200.086349487, 200.423034668, 200.759719849, 201.096420288, 201.433105469, 201.769790649, 202.10647583, 202.454788208]
