
metadata:
    version:
        essentia: "2.1-beta2"
    audio_properties:
        analysis_sample_rate: 44100
        bitrate: 320
        channels: 2
        equal_loudness: 1
        length: 154.462036133
        replay_gain: -13.738161087
        downmix: "mix"
    tags:
        album: "Extremist"
        artist: "Demon Hunter"
        comment: ""
        date: "2014"
        genre: "Christian Metal"
        title: "Death"
        tracknumber: "1"

configuration:
    average_loudness:
        compute: 1
        frameSize: 88200
        hopSize: 44100
        silentFrames: "noise"
        windowType: "hann"
    general:
        analysisSampleRate: 44100
        endTime: 2000
        equalLoudness: 1
        nequalLoudness: 0
        shortSound: 0
        startTime: 0
    lowlevel:
        compute: 1
        frameSize: 2048
        hopSize: 1024
        zeroPadding: 0
        silentFrames: "noise"
        windowType: "blackmanharris62"
        mfccStats: ["mean", "cov", "icov"]
        stats: ["mean", "var", "median", "min", "max", "dmean", "dmean2", "dvar", "dvar2"]
    panning:
        compute: 0
        frameSize: 8192
        hopSize: 2048
        zeroPadding: 8192
        silentFrames: "noise"
        windowType: "hann"
        stats: ["copy"]
    rhythm:
        compute: 1
        maxTempo: 208
        minTempo: 40
        method: "degara"
        stats: ["mean", "var", "median", "min", "max", "dmean", "dmean2", "dvar", "dvar2"]
    segmentation:
        compute: 0
        cpw: 5
        inc1: 300
        inc2: 50
        minimumSegmentsLength: 10
        size1: 1000
        size2: 600
    sfx:
        compute: 1
        stats: ["mean", "var", "median", "min", "max", "dmean", "dmean2", "dvar", "dvar2"]
    svm:
        compute: 0
    tonal:
        compute: 1
        frameSize: 4096
        hopSize: 2048
        zeroPadding: 0
        silentFrames: "noise"
        windowType: "blackmanharris62"
        stats: ["mean", "var", "median", "min", "max", "dmean", "dmean2", "dvar", "dvar2"]

lowlevel:
    average_loudness: 0.842268168926
    barkbands_kurtosis:
        dmean: 0.815079212189
        dmean2: 1.3664342165
        dvar: 2.25323414803
        dvar2: 5.7776055336
        max: 42.7245750427
        mean: -0.241163387895
        median: -1.12403666973
        min: -1.86886119843
        var: 8.36103630066
    barkbands_skewness:
        dmean: 0.388262629509
        dmean2: 0.645314693451
        dvar: 0.120577774942
        dvar2: 0.327126115561
        max: 5.40750026703
        mean: 0.184273451567
        median: -0.0775053426623
        min: -3.1679983139
        var: 1.05238652229
    barkbands_spread:
        dmean: 5.23155260086
        dmean2: 8.56914424896
        dvar: 20.1872367859
        dvar2: 52.1407699585
        max: 68.6220474243
        mean: 33.3121376038
        median: 34.2778930664
        min: 3.06619882584
        var: 97.6404266357
    dissonance:
        dmean: 0.0103852944449
        dmean2: 0.0179381240159
        dvar: 9.55774085014e-005
        dvar2: 0.000285888410872
        max: 0.500000119209
        mean: 0.483750104904
        median: 0.48705548048
        min: 0.394746571779
        var: 0.000162891985383
    hfc:
        dmean: 1.97849583626
        dmean2: 3.16507816315
        dvar: 9.55879020691
        dvar2: 24.3235015869
        max: 47.2264862061
        mean: 8.74600601196
        median: 9.50625038147
        min: 1.1097934201e-016
        var: 46.5381240845
    pitch:
        dmean: 1014.15411377
        dmean2: 1944.1138916
        dvar: 1853223.125
        dvar2: 4411489.5
        max: 4377.99462891
        mean: 1834.54052734
        median: 1237.74511719
        min: 62.1844100952
        var: 2488011.5
    pitch_instantaneous_confidence:
        dmean: 0.0700744688511
        dmean2: 0.118654891849
        dvar: 0.00315991230309
        dvar2: 0.00878512859344
        max: 0.765961706638
        mean: 0.299382686615
        median: 0.282794028521
        min: 0.091883957386
        var: 0.00881011411548
    pitch_salience:
        dmean: 0.0587266944349
        dmean2: 0.100794099271
        dvar: 0.00275718583725
        dvar2: 0.00794029049575
        max: 0.876373827457
        mean: 0.693198502064
        median: 0.70557641983
        min: 0.295055180788
        var: 0.00475432770327
    silence_rate_20dB:
        dmean: 0
        dmean2: 0
        dvar: 0
        dvar2: 0
        max: 1
        mean: 1
        median: 1
        min: 1
        var: 0
    silence_rate_30dB:
        dmean: 0
        dmean2: 0
        dvar: 0
        dvar2: 0
        max: 1
        mean: 1
        median: 1
        min: 1
        var: 0
    silence_rate_60dB:
        dmean: 0.0225462205708
        dmean2: 0.0450992174447
        dvar: 0.0220382735133
        dvar2: 0.0535906553268
        max: 1
        mean: 0.339044183493
        median: 0
        min: 0
        var: 0.224113404751
    spectral_centroid:
        dmean: 250.930892944
        dmean2: 419.012145996
        dvar: 66912.34375
        dvar2: 172150.5
        max: 11502.2841797
        mean: 1701.70263672
        median: 1801.17211914
        min: 196.437469482
        var: 804381.75
    spectral_complexity:
        dmean: 3.37592053413
        dmean2: 5.36530351639
        dvar: 12.7228403091
        dvar2: 30.2841300964
        max: 55
        mean: 18.7807331085
        median: 21
        min: 0
        var: 162.843536377
    spectral_crest:
        dmean: 1.9850628376
        dmean2: 3.42278671265
        dvar: 4.26608276367
        dvar2: 11.8700284958
        max: 22.2806854248
        mean: 6.32719326019
        median: 5.45259428024
        min: 2.34089970589
        var: 8.10455036163
    spectral_decrease:
        dmean: 2.48528725377e-010
        dmean2: 4.12934020311e-010
        dvar: 1.81093462434e-019
        dvar2: 4.82472892907e-019
        max: 1.28817064148e-028
        mean: -9.99774152355e-010
        median: -1.07784847714e-009
        min: -6.29589180789e-009
        var: 5.06993317998e-019
    spectral_energy:
        dmean: 0.0010758502176
        dmean2: 0.00176789797843
        dvar: 3.21912079926e-006
        dvar2: 8.44769874675e-006
        max: 0.0264743287116
        mean: 0.00456666434184
        median: 0.00496137980372
        min: 1.0241127678e-020
        var: 1.05848366729e-005
    spectral_energyband_high:
        dmean: 0.000188836827874
        dmean2: 0.000313936849125
        dvar: 1.06278378098e-007
        dvar2: 2.76981069192e-007
        max: 0.00446707010269
        mean: 0.000505017989781
        median: 0.000461345916847
        min: 7.15727556976e-021
        var: 2.45056895665e-007
    spectral_energyband_low:
        dmean: 0.000250798708294
        dmean2: 0.000430517480709
        dvar: 1.0735381295e-007
        dvar2: 2.96699056435e-007
        max: 0.00342700793408
        mean: 0.000378657801775
        median: 0.000271195836831
        min: 2.25232457547e-023
        var: 1.49491938828e-007
    spectral_energyband_middle_high:
        dmean: 0.000485176016809
        dmean2: 0.000772547500674
        dvar: 3.99737132284e-007
        dvar2: 1.00517684132e-006
        max: 0.00972640328109
        mean: 0.00226578395814
        median: 0.00244380440563
        min: 1.25494769593e-021
        var: 2.99965722661e-006
    spectral_energyband_middle_low:
        dmean: 0.000703306286596
        dmean2: 0.00120959733613
        dvar: 2.01626721719e-006
        dvar2: 5.62466811971e-006
        max: 0.019168144092
        mean: 0.00152165384497
        median: 0.00134943705052
        min: 1.9446142017e-022
        var: 2.21179629989e-006
    spectral_flatness_db:
        dmean: 0.013528556563
        dmean2: 0.0222770515829
        dvar: 0.000149957093527
        dvar2: 0.000405520928325
        max: 0.295153081417
        mean: 0.147737324238
        median: 0.13790678978
        min: 0.0524324662983
        var: 0.00135949417017
    spectral_flux:
        dmean: 0.00545677915215
        dmean2: 0.00840506423265
        dvar: 4.69868682558e-005
        dvar2: 9.18829828152e-005
        max: 0.122817367315
        mean: 0.0396176278591
        median: 0.044607937336
        min: 6.44673203709e-011
        var: 0.000427159189712
    spectral_kurtosis:
        dmean: 1.163408041
        dmean2: 2.01550745964
        dvar: 2.07208991051
        dvar2: 6.38875865936
        max: 28.2745075226
        mean: 3.55953478813
        median: 2.91218137741
        min: -1.26910960674
        var: 5.3649520874
    spectral_rms:
        dmean: 0.00021631034906
        dmean2: 0.000350343383616
        dvar: 7.4700082564e-008
        dvar2: 1.90165437175e-007
        max: 0.00508218584582
        mean: 0.00189904158469
        median: 0.00220008427277
        min: 3.16090860084e-012
        var: 8.4892775476e-007
    spectral_rolloff:
        dmean: 341.172698975
        dmean2: 581.312133789
        dvar: 218015.125
        dvar2: 529599.25
        max: 19358.3496094
        mean: 3246.43652344
        median: 3596.04492188
        min: 172.265625
        var: 2153914
    spectral_skewness:
        dmean: 0.156739413738
        dmean2: 0.258197575808
        dvar: 0.0235896352679
        dvar2: 0.0660588517785
        max: 3.87143158913
        mean: 1.24933290482
        median: 1.18676638603
        min: -0.0469013005495
        var: 0.145919144154
    spectral_spread:
        dmean: 333313.125
        dmean2: 489652
        dvar: 375424745472
        dvar2: 718323056640
        max: 42496404
        mean: 4355968
        median: 4118531.5
        min: 2077722.125
        var: 6.888357888e+012
    spectral_strongpeak:
        dmean: 0.281285554171
        dmean2: 0.499404579401
        dvar: 0.232074305415
        dvar2: 0.64770591259
        max: 4.38704013824
        mean: 0.325078815222
        median: 0.146397009492
        min: 5.83503592666e-011
        var: 0.234731674194
    zerocrossingrate:
        dmean: 0.00702529074624
        dmean2: 0.00918720383197
        dvar: 4.82399664179e-005
        dvar2: 7.11519605829e-005
        max: 0.51416015625
        mean: 0.0986406654119
        median: 0.1044921875
        min: 0.0107421875
        var: 0.00153394974768
    barkbands:
        dmean: [1.07955735018e-007, 6.54974064673e-005, 0.000171711406438, 0.000150402775034, 0.000509515870363, 0.00013005764049, 9.23130864976e-005, 0.000100426354038, 0.00014231588284, 5.20728062838e-005, 5.97712351009e-005, 7.23444027244e-005, 4.84620868519e-005, 4.82909126731e-005, 5.91211792198e-005, 0.000120765900647, 0.000158661161549, 0.000145153826452, 0.000192425955902, 0.000173425767571, 8.56344704516e-005, 4.17460832978e-005, 6.19677757641e-006, 1.46727518313e-006, 4.56978881402e-007, 2.27443397449e-008, 4.20177781457e-010]
        dmean2: [1.74692104338e-007, 0.000114236529043, 0.000292332348181, 0.000263544759946, 0.000889713643119, 0.000222633476369, 0.000156816866365, 0.000169401959283, 0.000239843808231, 8.73938697623e-005, 9.7093063232e-005, 0.000117750292702, 7.83188079367e-005, 7.9352328612e-005, 9.78291936917e-005, 0.000200319147552, 0.000263589288807, 0.000238507578615, 0.000320061604725, 0.000291450240184, 0.000143572222441, 7.10784152034e-005, 9.836044228e-006, 2.25993017011e-006, 7.07477965989e-007, 3.40400809762e-008, 6.72153166459e-010]
        dvar: [2.43520108863e-014, 1.53554360338e-008, 5.1258499667e-008, 4.72065337931e-008, 1.44583646033e-006, 4.01482687096e-008, 1.91265101535e-008, 2.6899421357e-008, 4.78436739115e-008, 7.22929760499e-009, 1.39344704664e-008, 1.90762463603e-008, 9.35204536034e-009, 7.32940597103e-009, 1.01447126255e-008, 3.23000186597e-008, 4.31712550153e-008, 4.53762574182e-008, 7.14308683314e-008, 7.52015267835e-008, 2.22813554274e-008, 6.47616493765e-009, 1.42652473167e-010, 6.87371860819e-012, 8.08672139668e-013, 3.28347239805e-015, 6.95084728414e-019]
        dvar2: [5.8841020706e-014, 4.22394847988e-008, 1.40959969031e-007, 1.34409560815e-007, 4.00190901928e-006, 1.08248649155e-007, 5.15330143003e-008, 7.06902270053e-008, 1.31874941189e-007, 1.93178077978e-008, 3.46313484556e-008, 4.82011621727e-008, 2.28880008279e-008, 1.82295636364e-008, 2.63607002893e-008, 8.57236628349e-008, 1.14150246588e-007, 1.19756876416e-007, 1.93459300135e-007, 1.97600897422e-007, 6.09974293297e-008, 1.7830746657e-008, 3.37987554611e-010, 1.58132118511e-011, 1.86963899224e-012, 7.18153326791e-015, 1.47088625799e-018]
        max: [1.70952978351e-006, 0.00127146963496, 0.00241501722485, 0.00248657073826, 0.0137847242877, 0.00287952343933, 0.00173706444912, 0.00483458116651, 0.00314386817627, 0.00136999832466, 0.00248330784962, 0.00199103611521, 0.00193720310926, 0.00135146197863, 0.00217680237256, 0.00361313158646, 0.00324999028817, 0.00365326786414, 0.00368052255362, 0.0040087075904, 0.00261805416085, 0.00104244844988, 0.000209870107938, 5.94961238676e-005, 2.1875865059e-005, 1.58020748131e-006, 1.81718053938e-008]
        mean: [1.40957595818e-007, 7.1161914093e-005, 0.00023159153352, 0.000181029434316, 0.00059044995578, 0.000193946281797, 0.000133139634272, 0.000153719709488, 0.000242088950472, 8.94853219506e-005, 9.65227809502e-005, 0.000119360935059, 8.18284679553e-005, 8.55203688843e-005, 0.000120477074233, 0.000258700718405, 0.000357101060217, 0.000322023086483, 0.000500744383316, 0.000443004828412, 0.000198360910872, 7.67816745793e-005, 1.44489104059e-005, 3.83942915505e-006, 1.14810904961e-006, 5.467444808e-008, 8.5299400876e-010]
        median: [6.09718213695e-008, 3.84273225791e-005, 0.000137458599056, 0.000105863080535, 0.00033512560185, 0.000123321660794, 8.13114456832e-005, 7.9564502812e-005, 0.000137047987664, 4.96265056427e-005, 4.22688244726e-005, 4.31256885349e-005, 3.49345536961e-005, 4.76224522572e-005, 7.65439472161e-005, 0.000196997614694, 0.000291323493002, 0.000265507085714, 0.000444953562692, 0.000387598935049, 0.000169978680788, 5.0399597967e-005, 8.05257604952e-006, 2.25378926189e-006, 4.84555073399e-007, 1.30144179877e-008, 2.33576991082e-010]
        min: [8.6564882295e-025, 8.33757188148e-024, 5.69304349219e-025, 1.41346617883e-024, 1.0555916589e-023, 1.31534470121e-023, 1.46702474614e-023, 7.28228109413e-024, 1.51739288385e-023, 3.23883189836e-023, 2.8506504863e-023, 2.93644352736e-023, 3.85342175448e-023, 3.51399888834e-023, 6.13847317123e-023, 7.76302744481e-023, 7.57005818344e-023, 7.67608803108e-023, 1.35867066184e-022, 2.14066961315e-022, 2.79631601907e-022, 3.78382623661e-022, 4.43988587943e-022, 6.01398877469e-022, 8.98888851388e-022, 1.26039919179e-021, 1.89007316651e-021]
        var: [4.04229939994e-014, 1.27416877049e-008, 7.80516060672e-008, 5.32533555031e-008, 1.10704172585e-006, 5.62389850245e-008, 2.80438339217e-008, 4.8052708479e-008, 9.4748536128e-008, 1.40145486327e-008, 2.67260382714e-008, 3.66583137179e-008, 1.88797031342e-008, 1.46141720947e-008, 2.35952661853e-008, 8.41133740437e-008, 1.18138224536e-007, 1.02893253029e-007, 2.06823685289e-007, 1.8874312957e-007, 4.32122106986e-008, 9.32288468647e-009, 4.31837315906e-010, 2.39774172739e-011, 2.94706403378e-012, 1.17423076335e-014, 2.6799020233e-018]
    frequency_bands:
        dmean: [1.07955735018e-007, 6.54974064673e-005, 0.000171711406438, 0.000150402775034, 0.000509515870363, 0.00013005764049, 9.23130864976e-005, 0.000100426354038, 0.00014231588284, 5.20728062838e-005, 5.97712351009e-005, 7.23444027244e-005, 4.84620868519e-005, 4.82909126731e-005, 5.91211792198e-005, 0.000120765900647, 0.000158661161549, 0.000145153826452, 0.000192425955902, 0.000173425767571, 8.56344704516e-005, 4.17460832978e-005, 6.19677757641e-006, 1.46727518313e-006, 4.56978881402e-007, 2.27443397449e-008, 4.20177781457e-010, 5.58297713615e-011]
        dmean2: [1.74692104338e-007, 0.000114236529043, 0.000292332348181, 0.000263544759946, 0.000889713643119, 0.000222633476369, 0.000156816866365, 0.000169401959283, 0.000239843808231, 8.73938697623e-005, 9.7093063232e-005, 0.000117750292702, 7.83188079367e-005, 7.9352328612e-005, 9.78291936917e-005, 0.000200319147552, 0.000263589288807, 0.000238507578615, 0.000320061604725, 0.000291450240184, 0.000143572222441, 7.10784152034e-005, 9.836044228e-006, 2.25993017011e-006, 7.07477965989e-007, 3.40400809762e-008, 6.72153166459e-010, 1.04028001491e-010]
        dvar: [2.43520108863e-014, 1.53554360338e-008, 5.1258499667e-008, 4.72065337931e-008, 1.44583646033e-006, 4.01482687096e-008, 1.91265101535e-008, 2.6899421357e-008, 4.78436739115e-008, 7.22929760499e-009, 1.39344704664e-008, 1.90762463603e-008, 9.35204536034e-009, 7.32940597103e-009, 1.01447126255e-008, 3.23000186597e-008, 4.31712550153e-008, 4.53762574182e-008, 7.14308683314e-008, 7.52015267835e-008, 2.22813554274e-008, 6.47616493765e-009, 1.42652473167e-010, 6.87371860819e-012, 8.08672139668e-013, 3.28347239805e-015, 6.95084728414e-019, 7.3829811703e-021]
        dvar2: [5.8841020706e-014, 4.22394847988e-008, 1.40959969031e-007, 1.34409560815e-007, 4.00190901928e-006, 1.08248649155e-007, 5.15330143003e-008, 7.06902270053e-008, 1.31874941189e-007, 1.93178077978e-008, 3.46313484556e-008, 4.82011621727e-008, 2.28880008279e-008, 1.82295636364e-008, 2.63607002893e-008, 8.57236628349e-008, 1.14150246588e-007, 1.19756876416e-007, 1.93459300135e-007, 1.97600897422e-007, 6.09974293297e-008, 1.7830746657e-008, 3.37987554611e-010, 1.58132118511e-011, 1.86963899224e-012, 7.18153326791e-015, 1.47088625799e-018, 2.38501325291e-020]
        max: [1.70952978351e-006, 0.00127146963496, 0.00241501722485, 0.00248657073826, 0.0137847242877, 0.00287952343933, 0.00173706444912, 0.00483458116651, 0.00314386817627, 0.00136999832466, 0.00248330784962, 0.00199103611521, 0.00193720310926, 0.00135146197863, 0.00217680237256, 0.00361313158646, 0.00324999028817, 0.00365326786414, 0.00368052255362, 0.0040087075904, 0.00261805416085, 0.00104244844988, 0.000209870107938, 5.94961238676e-005, 2.1875865059e-005, 1.58020748131e-006, 1.81718053938e-008, 1.0546397089e-009]
        mean: [1.40957595818e-007, 7.1161914093e-005, 0.00023159153352, 0.000181029434316, 0.00059044995578, 0.000193946281797, 0.000133139634272, 0.000153719709488, 0.000242088950472, 8.94853219506e-005, 9.65227809502e-005, 0.000119360935059, 8.18284679553e-005, 8.55203688843e-005, 0.000120477074233, 0.000258700718405, 0.000357101060217, 0.000322023086483, 0.000500744383316, 0.000443004828412, 0.000198360910872, 7.67816745793e-005, 1.44489104059e-005, 3.83942915505e-006, 1.14810904961e-006, 5.467444808e-008, 8.5299400876e-010, 4.27723620411e-011]
        median: [6.09718213695e-008, 3.84273225791e-005, 0.000137458599056, 0.000105863080535, 0.00033512560185, 0.000123321660794, 8.13114456832e-005, 7.9564502812e-005, 0.000137047987664, 4.96265056427e-005, 4.22688244726e-005, 4.31256885349e-005, 3.49345536961e-005, 4.76224522572e-005, 7.65439472161e-005, 0.000196997614694, 0.000291323493002, 0.000265507085714, 0.000444953562692, 0.000387598935049, 0.000169978680788, 5.0399597967e-005, 8.05257604952e-006, 2.25378926189e-006, 4.84555073399e-007, 1.30144179877e-008, 2.33576991082e-010, 1.1858872391e-011]
        min: [8.6564882295e-025, 8.33757188148e-024, 5.69304349219e-025, 1.41346617883e-024, 1.0555916589e-023, 1.31534470121e-023, 1.46702474614e-023, 7.28228109413e-024, 1.51739288385e-023, 3.23883189836e-023, 2.8506504863e-023, 2.93644352736e-023, 3.85342175448e-023, 3.51399888834e-023, 6.13847317123e-023, 7.76302744481e-023, 7.57005818344e-023, 7.67608803108e-023, 1.35867066184e-022, 2.14066961315e-022, 2.79631601907e-022, 3.78382623661e-022, 4.43988587943e-022, 6.01398877469e-022, 8.98888851388e-022, 1.26039919179e-021, 1.89007316651e-021, 5.28702000283e-022]
        var: [4.04229939994e-014, 1.27416877049e-008, 7.80516060672e-008, 5.32533555031e-008, 1.10704172585e-006, 5.62389850245e-008, 2.80438339217e-008, 4.8052708479e-008, 9.4748536128e-008, 1.40145486327e-008, 2.67260382714e-008, 3.66583137179e-008, 1.88797031342e-008, 1.46141720947e-008, 2.35952661853e-008, 8.41133740437e-008, 1.18138224536e-007, 1.02893253029e-007, 2.06823685289e-007, 1.8874312957e-007, 4.32122106986e-008, 9.32288468647e-009, 4.31837315906e-010, 2.39774172739e-011, 2.94706403378e-012, 1.17423076335e-014, 2.6799020233e-018, 5.80011573432e-021]
    mfcc:
        mean: [-735.351135254, 100.281951904, -43.0757331848, 57.0609359741, -13.4302968979, -7.27133178711, -5.50322723389, 0.801024436951, -2.73013114929, -4.39042806625, -7.70078134537, -4.22181510925, -3.41961073875]
        cov: [[17075.7441406, 1098.20556641, -2264.78979492, 1228.2734375, -1410.17724609, 512.246704102, -182.107940674, -49.6661758423, 127.499603271, 193.347076416, -3.1611456871, -56.7822608948, -93.5517883301], [1098.20556641, 1336.1661377, -213.72328186, 359.55670166, -2.57001519203, -196.243438721, 58.6811065674, -8.58483028412, -48.2795066833, -23.2680606842, -27.4580802917, 10.4967498779, 24.5893859863], [-2264.78979492, -213.72328186, 581.737487793, -105.073318481, 266.99798584, -39.6189842224, 19.6079158783, 39.8313484192, -35.1707229614, -34.1641311646, -4.39469146729, 1.19897484779, 7.21952962875], [1228.2734375, 359.55670166, -105.073318481, 343.698669434, -8.78428268433, 12.7154922485, -11.0716772079, 4.03395032883, 2.70338869095, 14.8152151108, -13.0571231842, -23.585062027, -8.60645675659], [-1410.17724609, -2.57001519203, 266.99798584, -8.78428268433, 261.471069336, -31.8388462067, 14.4201126099, -5.77810096741, -17.8017272949, -5.16365289688, 2.71692156792, -1.55842351913, 3.18814253807], [512.246704102, -196.243438721, -39.6189842224, 12.7154922485, -31.8388462067, 168.654174805, 2.95294737816, 3.63368296623, 14.7945251465, 29.1375789642, 23.7521629333, -1.0199971199, -15.9609622955], [-182.107940674, 58.6811065674, 19.6079158783, -11.0716772079, 14.4201126099, 2.95294737816, 92.3597717285, 32.8616638184, 19.4530067444, -2.29652833939, -2.7111287117, 5.86748790741, 5.74664783478], [-49.6661758423, -8.58483028412, 39.8313484192, 4.03395032883, -5.77810096741, 3.63368296623, 32.8616638184, 86.3388061523, 25.2586021423, -3.99289727211, -5.88087368011, 6.15491580963, 7.36026906967], [127.499603271, -48.2795066833, -35.1707229614, 2.70338869095, -17.8017272949, 14.7945251465, 19.4530067444, 25.2586021423, 68.091506958, 29.1223773956, 5.31201028824, -2.25546002388, 1.89441871643], [193.347076416, -23.2680606842, -34.1641311646, 14.8152151108, -5.16365289688, 29.1375789642, -2.29652833939, -3.99289727211, 29.1223773956, 73.1451950073, 27.5732707977, -1.1393853426, 1.24946081638], [-3.1611456871, -27.4580802917, -4.39469146729, -13.0571231842, 2.71692156792, 23.7521629333, -2.7111287117, -5.88087368011, 5.31201028824, 27.5732707977, 52.4256019592, 21.9745044708, 8.23115539551], [-56.7822608948, 10.4967498779, 1.19897484779, -23.585062027, -1.55842351913, -1.0199971199, 5.86748790741, 6.15491580963, -2.25546002388, -1.1393853426, 21.9745044708, 50.8569564819, 22.301820755], [-93.5517883301, 24.5893859863, 7.21952962875, -8.60645675659, 3.18814253807, -15.9609622955, 5.74664783478, 7.36026906967, 1.89441871643, 1.24946081638, 8.23115539551, 22.301820755, 45.3288497925]]
        icov: [[0.000256560306298, -3.68968831026e-005, 0.000426642654929, -0.000693146896083, 0.000844743452035, -0.00050122209359, 0.000246446841629, -5.41046028957e-005, 7.99568733783e-005, -0.0002022266126, 0.000208006589673, -0.000202661176445, 0.000155769739649], [-3.68968831026e-005, 0.00197039637715, 0.000824384740554, -0.0019267910393, -0.000524475646671, 0.00260059465654, -0.00211176066659, -2.16453645407e-005, 0.00202021026053, -0.000342794315657, -0.000306256348267, -0.000857312406879, -1.58951133926e-005], [0.000426642654929, 0.000824384740554, 0.00532514182851, -0.000823460577521, -0.00300678377971, 0.000201464165002, 7.33805718482e-005, -0.00316084851511, 0.002797676716, 0.000262404326349, -0.000121547440358, 0.000277489423752, -2.34130966419e-005], [-0.000693146896083, -0.0019267910393, -0.000823460577521, 0.00741236889735, -0.00305932736956, -0.00149616971612, 0.00203371210955, -0.00117295014206, -0.00139025482349, 0.000133483088575, 0.000503725721501, 0.00288774329238, -0.000683649850544], [0.000844743452035, -0.000524475646671, -0.00300678377971, -0.00305932736956, 0.0111999679357, -0.00123179855291, -0.000428650673712, 0.00302029587328, -0.000551470380742, -0.00161291006953, 0.000155049361638, -0.000709716638085, 0.000656942313071], [-0.00050122209359, 0.00260059465654, 0.000201464165002, -0.00149616971612, -0.00123179855291, 0.0113831916824, -0.00365541945212, -0.000432797794929, 0.00229612458497, -0.00173162843566, -0.00385093106888, -0.000647297594696, 0.0028367061168], [0.000246446841629, -0.00211176066659, 7.33805718482e-005, 0.00203371210955, -0.000428650673712, -0.00365541945212, 0.0157983433455, -0.00443391874433, -0.00489834696054, 0.00141711288597, 0.00136639201082, -0.000300449930364, -0.000445894373115], [-5.41046028957e-005, -2.16453645407e-005, -0.00316084851511, -0.00117295014206, 0.00302029587328, -0.000432797794929, -0.00443391874433, 0.017547743395, -0.00694906478748, 0.00203012558632, 0.00217255880125, -0.00267928815447, -0.00131305272225], [7.99568733783e-005, 0.00202021026053, 0.002797676716, -0.00139025482349, -0.000551470380742, 0.00229612458497, -0.00489834696054, -0.00694906478748, 0.0249650310725, -0.00984412338585, 0.00122433144134, 0.000983415171504, -0.000521965615917], [-0.0002022266126, -0.000342794315657, 0.000262404326349, 0.000133483088575, -0.00161291006953, -0.00173162843566, 0.00141711288597, 0.00203012558632, -0.00984412338585, 0.0237041395158, -0.0125588662922, 0.00584512390196, -0.00209069508128], [0.000208006589673, -0.000306256348267, -0.000121547440358, 0.000503725721501, 0.000155049361638, -0.00385093106888, 0.00136639201082, 0.00217255880125, 0.00122433144134, -0.0125588662922, 0.0337797924876, -0.0149249956012, 0.000321681261994], [-0.000202661176445, -0.000857312406879, 0.000277489423752, 0.00288774329238, -0.000709716638085, -0.000647297594696, -0.000300449930364, -0.00267928815447, 0.000983415171504, 0.00584512390196, -0.0149249956012, 0.0336923450232, -0.0132226506248], [0.000155769739649, -1.58951133926e-005, -2.34130966419e-005, -0.000683649850544, 0.000656942313071, 0.0028367061168, -0.000445894373115, -0.00131305272225, -0.000521965615917, -0.00209069508128, 0.000321681261994, -0.0132226506248, 0.0300139989704]]
    sccoeffs:
        dmean: [0.0577301383018, 0.0465293936431, 0.0367033146322, 0.0302093606442, 0.0274931062013, 0.0215469505638]
        dmean2: [0.0969749838114, 0.0791839957237, 0.0624181516469, 0.0519245564938, 0.0489348769188, 0.0364269278944]
        dvar: [0.00218187784776, 0.00129919953179, 0.000801818910986, 0.000624433509074, 0.000583259039558, 0.000306215224555]
        dvar2: [0.00614600256085, 0.00374614959583, 0.00232648011297, 0.00181115698069, 0.00175964622758, 0.000811870151665]
        max: [-0.292439490557, -0.540432274342, -0.612809360027, -0.608239114285, -0.592446327209, -0.571435451508]
        mean: [-0.669747591019, -0.789104163647, -0.810689985752, -0.810303807259, -0.799280405045, -0.726196169853]
        median: [-0.668693125248, -0.790408611298, -0.810968339443, -0.810984253883, -0.80061507225, -0.7184227705]
        min: [-0.980725228786, -0.971858978271, -0.977953493595, -0.964885532856, -0.967296421528, -0.964398920536]
        var: [0.00632962491363, 0.00291002960876, 0.00249818805605, 0.00186194537673, 0.00147453625686, 0.00249874452129]
    scvalleys:
        dmean: [0.404371708632, 0.342261046171, 0.27648666501, 0.256377667189, 0.241777911782, 0.270738691092]
        dmean2: [0.679452896118, 0.582339704037, 0.453251183033, 0.423365235329, 0.41100820899, 0.441552400589]
        dvar: [0.118970297277, 0.0884422063828, 0.0613868646324, 0.0633370727301, 0.0644845217466, 0.0688385888934]
        dvar2: [0.303957492113, 0.224541544914, 0.142046496272, 0.149909168482, 0.152721121907, 0.137386918068]
        max: [-5.2712392807, -4.59424734116, -5.18665552139, -5.58035516739, -5.36194038391, -8.10931587219]
        mean: [-7.16206932068, -6.81030368805, -7.32544755936, -7.65433931351, -7.34864091873, -10.516242981]
        median: [-6.60100746155, -6.26995134354, -6.74066543579, -6.93198156357, -6.56021881104, -9.64017295837]
        min: [-28.0196323395, -28.0006923676, -27.8151283264, -27.8291225433, -27.4881210327, -27.4276123047]
        var: [4.12455272675, 4.41907167435, 4.76589632034, 4.90927028656, 4.86298847198, 5.47365999222]

rhythm:
    beats_loudness:
        dmean: 0.00173090212047
        dmean2: 0.00298451352865
        dvar: 2.96176813208e-006
        dvar2: 8.7177295427e-006
        max: 0.0148897012696
        mean: 0.00555075798184
        median: 0.0060229129158
        min: 4.15263656794e-012
        var: 1.0136455785e-005
    bpm: 140.046676636
    bpm_confidence: 0
    first_peak_bpm: 140
    first_peak_spread: 0.248908311129
    first_peak_weight: 0.544303774834
    onset_rate: 2.01343989372
    second_peak_bpm: 91
    second_peak_spread: 0.121212147176
    second_peak_weight: 0.183544307947
    beats_loudness_band_ratio:
        dmean: [0.101799599826, 0.152288466692, 0.0692475214601, 0.0473130233586, 0.0883747935295, 0.0721864625812]
        dmean2: [0.177343428135, 0.269688606262, 0.119817458093, 0.0798910558224, 0.157656684518, 0.12433680892]
        dvar: [0.00971994828433, 0.0162553116679, 0.00381188234314, 0.00208624498919, 0.00407845340669, 0.00377949583344]
        dvar2: [0.030755540356, 0.0430419817567, 0.0107072750106, 0.005881506484, 0.0126267084852, 0.0104691227898]
        max: [0.869313061237, 0.624397456646, 0.477260440588, 0.311971396208, 0.49172514677, 0.632394850254]
        mean: [0.190232872963, 0.201709553599, 0.121324978769, 0.0849602967501, 0.226013541222, 0.220105886459]
        median: [0.142672643065, 0.161303266883, 0.110425770283, 0.0731834545732, 0.222558543086, 0.231625422835]
        min: [0, 0, 0, 0, 0, 0]
        var: [0.02095621638, 0.0207035560161, 0.00558232376352, 0.00317758042365, 0.00861182436347, 0.0122449174523]
    beats_position: [0.580498874187, 1.16099774837, 1.74149656296, 2.31038546562, 2.89088439941, 3.47138309479, 4.05188179016, 4.6439909935, 5.22448968887, 5.81659841537, 6.39709758759, 6.98920631409, 7.59292507172, 8.19664382935, 8.80036258698, 9.49696159363, 10.1935596466, 10.8553285599, 11.5170974731, 12.1788663864, 12.840634346, 13.4907932281, 14.1409521103, 14.7911109924, 15.4412698746, 16.0914287567, 16.7415866852, 17.4033565521, 18.0651245117, 18.7268924713, 19.3886623383, 20.0504302979, 20.7121982574, 21.3739681244, 22.035736084, 22.6858959198, 23.3360538483, 23.9862117767, 24.6363716125, 25.286529541, 25.9366893768, 26.5868473053, 27.2370071411, 27.8871650696, 28.537322998, 29.199092865, 29.8608608246, 30.5110206604, 31.17278862, 31.8345565796, 32.4963264465, 33.1580963135, 33.8198623657, 34.4816322327, 35.1317901611, 35.7819480896, 36.4204978943, 37.059047699, 37.6975975037, 38.3361434937, 38.9863014221, 39.6364631653, 40.2866210938, 40.9367790222, 41.5869369507, 42.2370948792, 42.8988647461, 43.560634613, 44.22240448, 44.8841705322, 45.5459403992, 46.2077102661, 46.8810882568, 47.5544662476, 48.204624176, 48.8547821045, 49.5049438477, 50.1667098999, 50.8284797668, 51.4902496338, 52.1287956238, 52.7673454285, 53.4175033569, 53.8702926636, 54.3230819702, 54.7758712769, 55.2286605835, 55.6814498901, 56.122631073, 56.5522003174, 56.9817695618, 57.4113349915, 57.8409042358, 58.2704734802, 58.7000427246, 59.129611969, 59.5591812134, 59.9887504578, 60.4183197021, 60.859500885, 61.2774581909, 61.6954193115, 62.1133766174, 62.5545578003, 62.9957351685, 63.4253044128, 63.8548736572, 64.2844467163, 64.714012146, 65.1319732666, 65.5499343872, 65.9794998169, 66.409072876, 66.8386383057, 67.2682037354, 67.6977767944, 68.1273422241, 68.5569152832, 68.9864807129, 69.416053772, 69.8456192017, 70.2751922607, 70.7047576904, 71.1343307495, 71.5638961792, 72.0050811768, 72.4346466064, 72.8526077271, 73.2821731567, 73.7117462158, 74.1413116455, 74.5592727661, 74.9772338867, 75.4067993164, 75.8479766846, 76.2775497437, 76.7187271118, 77.1483001709, 77.5778656006, 77.9958267212, 78.4137878418, 78.8433532715, 79.2729263306, 79.7024917603, 80.1320648193, 80.561630249, 80.9912033081, 81.4207687378, 81.8503417969, 82.2799072266, 82.7210845947, 83.1506576538, 83.5686187744, 83.9865722656, 84.4045333862, 84.8341064453, 85.263671875, 85.6932373047, 86.1228103638, 86.5523757935, 86.9819488525, 87.4231262207, 87.8410873413, 88.270652771, 88.7002258301, 89.1297912598, 89.5593643188, 89.9773254395, 90.4068908691, 90.8364639282, 91.2776412964, 91.695602417, 92.1251678467, 92.5547409058, 92.9843063354, 93.4022674561, 93.8318328857, 94.2614059448, 94.6909713745, 95.1205444336, 95.5501098633, 95.9796829224, 96.4092483521, 96.8272094727, 97.2683868408, 97.6979598999, 98.1275253296, 98.5570983887, 98.9866638184, 99.4162368774, 99.8458023071, 100.275375366, 100.704940796, 101.134513855, 101.564079285, 101.993652344, 102.423217773, 102.841178894, 103.270744324, 103.700317383, 104.129882813, 104.559455872, 104.989021301, 105.41859436, 105.84815979, 106.277732849, 106.69568634, 107.125259399, 107.554824829, 107.984397888, 108.413963318, 108.843536377, 109.273101807, 109.702674866, 110.120635986, 110.550201416, 110.979774475, 111.409339905, 111.838912964, 112.268478394, 112.709655762, 113.139228821, 113.56879425, 113.986755371, 114.416320801, 114.857505798, 115.287071228, 115.716644287, 116.146209717, 116.587387085, 117.005348206, 117.423309326, 117.852874756, 118.282447815, 118.712013245, 119.141586304, 119.559547424, 119.989112854, 120.418685913, 120.848251343, 121.277824402, 121.707389832, 122.136962891, 122.56652832, 122.99609375, 123.425666809, 123.855232239, 124.273193359, 124.702766418, 125.132331848, 125.550292969, 125.979858398, 126.409431458, 126.838996887, 127.268569946, 127.686531067, 128.127700806, 128.557281494, 128.986846924, 129.416412354, 129.845977783, 130.275558472, 130.705123901, 131.123077393, 131.552658081, 131.982223511, 132.41178894, 132.84135437, 133.25932312, 133.700500488, 134.130065918, 134.559631348, 134.977600098, 135.407165527, 135.836730957, 136.266296387, 136.695877075, 137.125442505, 137.555007935, 137.984573364, 138.414154053, 138.832107544, 139.261672974, 139.691238403, 140.13243103, 140.550384521, 140.979949951, 141.409515381, 141.839096069, 142.268661499, 142.68661499, 143.11618042, 143.545761108, 143.986938477, 144.416503906, 144.846069336, 145.264038086, 145.693603516, 146.123168945, 146.552734375, 146.982315063, 147.411880493, 147.841445923, 148.271011353, 148.700592041, 149.130157471, 149.5597229, 149.98928833, 150.418869019, 150.848434448, 151.277999878, 151.695953369, 152.113922119, 152.53187561, 152.94984436, 153.37940979, 153.80897522]
    bpm_estimates: [135.998550415, 139.674804688, 139.674804688, 139.676040649, 139.674804688, 139.674804688, 139.674804688, 139.674804688, 139.674804688, 139.674804688, 139.674804688, 135.998550415, 143.555328369, 143.554016113, 143.555328369, 135.998550415, 135.999725342, 139.674804688, 139.674804688, 139.673568726, 139.676040649, 143.554016113, 143.554016113, 139.676040649, 139.673568726, 139.676040649, 139.676040649, 139.673568726, 139.676040649, 139.673568726, 139.676040649, 139.673568726, 139.676040649, 139.673568726, 139.676040649, 139.673568726, 139.676040649, 135.997375488, 139.676040649, 143.554016113, 139.676040649, 139.673568726, 139.676040649, 143.554016113, 143.554016113, 139.676040649, 135.999725342, 139.673568726, 135.999725342, 139.673568726, 139.676040649, 143.554016113, 143.554016113, 139.676040649, 139.673568726, 139.676040649, 139.673568726, 139.676040649, 139.673568726, 139.676040649, 139.673568726, 139.676040649, 135.999725342, 139.673568726, 143.554016113, 143.556640625, 143.554016113, 139.673568726, 139.676040649, 139.676040649, 139.673568726, 139.676040649, 139.673568726, 135.999725342, 143.554016113, 139.676040649, 139.673568726, 139.676040649, 139.673568726, 143.554016113, 139.676040649, 139.673568726, 135.999725342, 143.554016113, 139.676040649, 139.673568726, 139.676040649, 143.554016113, 139.676040649, 139.673568726, 139.676040649, 139.673568726, 139.676040649, 139.673568726, 139.676040649, 143.554016113, 135.999725342, 139.673568726, 139.676040649, 139.673568726, 139.676040649, 139.673568726, 139.676040649, 139.673568726, 139.676040649, 139.673568726, 139.676040649, 139.673568726, 139.676040649, 143.554016113, 139.676040649, 139.673568726, 139.676040649, 139.673568726, 139.676040649, 139.673568726, 139.676040649, 139.673568726, 143.556640625, 139.673568726, 139.676040649, 139.673568726, 139.676040649, 139.673568726, 139.676040649, 139.673568726, 143.554016113, 139.676040649, 139.673568726, 139.676040649, 139.673568726, 139.676040649, 135.999725342, 139.673568726, 139.676040649, 143.554016113, 139.676040649, 135.997375488, 139.676040649, 139.673568726, 139.676040649, 135.999725342, 143.554016113, 143.554016113, 139.676040649, 139.673568726, 139.676040649, 139.673568726, 143.554016113, 139.676040649, 139.673568726, 139.676040649, 139.673568726, 139.676040649, 139.673568726, 139.676040649, 139.676040649, 139.673568726, 139.676040649, 143.554016113, 139.673568726, 139.676040649, 143.554016113, 139.676040649, 139.673568726, 139.676040649, 139.673568726, 143.554016113, 136.002075195, 139.671081543, 139.676040649, 139.676040649, 139.676040649, 139.671081543, 139.676040649, 143.556640625, 139.671081543, 139.676040649, 139.676040649, 139.676040649, 143.55140686, 135.999725342, 139.676040649, 139.676040649, 143.55140686, 139.676040649, 139.676040649, 139.676040649, 139.671081543, 139.676040649, 139.676040649, 139.676040649, 139.671081543, 143.556640625, 139.676040649, 139.676040649, 135.995025635, 143.556640625, 139.676040649, 139.676040649, 139.671081543, 139.676040649, 143.556640625, 139.676040649, 139.671081543, 135.999725342, 139.676040649, 139.676040649, 143.55140686, 139.676040649, 139.676040649, 139.676040649, 139.671081543, 139.676040649, 139.676040649, 139.676040649, 139.671081543, 139.676040649, 139.676040649, 139.676040649, 139.671081543, 139.676040649, 139.676040649, 143.556640625, 143.55140686, 143.556640625, 143.55140686, 139.676040649, 139.676040649]
