
metadata:
    version:
        essentia: "2.1-beta2"
    audio_properties:
        analysis_sample_rate: 44100
        bitrate: 320
        channels: 2
        equal_loudness: 1
        length: 321.724090576
        replay_gain: -12.7682437897
        downmix: "mix"
    tags:
        album: "Greatest Hits - Hymns To The Rising Sun"
        artist: "Amon Amarth"
        comment: ""
        date: "2010"
        genre: "Melodic Death Metal"
        title: "Children Of The Grave"
        tracknumber: "14"

configuration:
    average_loudness:
        compute: 1
        frameSize: 88200
        hopSize: 44100
        silentFrames: "noise"
        windowType: "hann"
    general:
        analysisSampleRate: 44100
        endTime: 2000
        equalLoudness: 1
        nequalLoudness: 0
        shortSound: 0
        startTime: 0
    lowlevel:
        compute: 1
        frameSize: 2048
        hopSize: 1024
        zeroPadding: 0
        silentFrames: "noise"
        windowType: "blackmanharris62"
        mfccStats: ["mean", "cov", "icov"]
        stats: ["mean", "var", "median", "min", "max", "dmean", "dmean2", "dvar", "dvar2"]
    panning:
        compute: 0
        frameSize: 8192
        hopSize: 2048
        zeroPadding: 8192
        silentFrames: "noise"
        windowType: "hann"
        stats: ["copy"]
    rhythm:
        compute: 1
        maxTempo: 208
        minTempo: 40
        method: "degara"
        stats: ["mean", "var", "median", "min", "max", "dmean", "dmean2", "dvar", "dvar2"]
    segmentation:
        compute: 0
        cpw: 5
        inc1: 300
        inc2: 50
        minimumSegmentsLength: 10
        size1: 1000
        size2: 600
    sfx:
        compute: 1
        stats: ["mean", "var", "median", "min", "max", "dmean", "dmean2", "dvar", "dvar2"]
    svm:
        compute: 0
    tonal:
        compute: 1
        frameSize: 4096
        hopSize: 2048
        zeroPadding: 0
        silentFrames: "noise"
        windowType: "blackmanharris62"
        stats: ["mean", "var", "median", "min", "max", "dmean", "dmean2", "dvar", "dvar2"]

lowlevel:
    average_loudness: 0.860159039497
    barkbands_kurtosis:
        dmean: 2.27991938591
        dmean2: 3.65717935562
        dvar: 322.080352783
        dvar2: 710.605224609
        max: 1099.70007324
        mean: 3.33683848381
        median: -1.19612777233
        min: -1.92329418659
        var: 1820.97729492
    barkbands_skewness:
        dmean: 0.500013768673
        dmean2: 0.809612870216
        dvar: 0.37736415863
        dvar2: 0.921864330769
        max: 31.0255622864
        mean: 0.403733372688
        median: 0.103047348559
        min: -2.28360414505
        var: 3.84608268738
    barkbands_spread:
        dmean: 5.71615219116
        dmean2: 9.41882038116
        dvar: 30.4915924072
        dvar2: 81.9641265869
        max: 69.8404083252
        mean: 36.9035263062
        median: 40.4264831543
        min: 0.126504153013
        var: 223.887435913
    dissonance:
        dmean: 0.0118187386543
        dmean2: 0.020370958373
        dvar: 0.000268872681772
        dvar2: 0.000773695646785
        max: 0.500000119209
        mean: 0.478069990873
        median: 0.486914277077
        min: 0.249398827553
        var: 0.000767375109717
    hfc:
        dmean: 3.28535246849
        dmean2: 5.65293169022
        dvar: 23.4705753326
        dvar2: 64.442855835
        max: 43.507183075
        mean: 8.28991413116
        median: 6.71575403214
        min: 1.14473472032e-016
        var: 45.932800293
    pitch:
        dmean: 742.269714355
        dmean2: 1412.44311523
        dvar: 1517988.25
        dvar2: 3840196.25
        max: 4516.31005859
        mean: 2337.83618164
        median: 3391.61230469
        min: 54.8766517639
        var: 2579499.25
    pitch_instantaneous_confidence:
        dmean: 0.0755043104291
        dmean2: 0.127332791686
        dvar: 0.0037030777894
        dvar2: 0.0105703361332
        max: 0.927792072296
        mean: 0.376583814621
        median: 0.354439496994
        min: 0.112970650196
        var: 0.0199996922165
    pitch_salience:
        dmean: 0.05755405128
        dmean2: 0.0986989587545
        dvar: 0.00270383688621
        dvar2: 0.00797965098172
        max: 0.959974467754
        mean: 0.662338674068
        median: 0.698019146919
        min: 0.0361727364361
        var: 0.0155463647097
    silence_rate_20dB:
        dmean: 0
        dmean2: 0
        dvar: 0
        dvar2: 0
        max: 1
        mean: 1
        median: 1
        min: 1
        var: 0
    silence_rate_30dB:
        dmean: 0
        dmean2: 0
        dvar: 0
        dvar2: 0
        max: 1
        mean: 1
        median: 1
        min: 1
        var: 0
    silence_rate_60dB:
        dmean: 0.0943995416164
        dmean2: 0.188812702894
        dvar: 0.0854881554842
        dvar2: 0.180154800415
        max: 1
        mean: 0.33578696847
        median: 0
        min: 0
        var: 0.223045110703
    spectral_centroid:
        dmean: 315.595123291
        dmean2: 520.946960449
        dvar: 108180.914063
        dvar2: 274159.25
        max: 11417.6025391
        mean: 1609.23168945
        median: 1664.37548828
        min: 168.958587646
        var: 515462.6875
    spectral_complexity:
        dmean: 4.63669157028
        dmean2: 7.44280052185
        dvar: 25.645275116
        dvar2: 62.3889122009
        max: 53
        mean: 16.2369918823
        median: 14
        min: 0
        var: 118.569320679
    spectral_crest:
        dmean: 1.92487883568
        dmean2: 3.29363179207
        dvar: 3.70532417297
        dvar2: 10.5584363937
        max: 26.9002151489
        mean: 7.52050447464
        median: 6.02554988861
        min: 2.36751580238
        var: 19.5403289795
    spectral_decrease:
        dmean: 3.29052479708e-010
        dmean2: 5.58045165633e-010
        dvar: 2.1512875224e-019
        dvar2: 5.73299598912e-019
        max: -9.74577306608e-029
        mean: -9.91135729045e-010
        median: -8.83266682017e-010
        min: -4.97068786132e-009
        var: 3.86992934065e-019
    spectral_energy:
        dmean: 0.0015052392846
        dmean2: 0.00255604530685
        dvar: 4.38481310994e-006
        dvar2: 1.17155750559e-005
        max: 0.0216489154845
        mean: 0.00449268519878
        median: 0.0039901919663
        min: 1.0750914889e-020
        var: 8.33342073747e-006
    spectral_energyband_high:
        dmean: 0.000298662955174
        dmean2: 0.000538968481123
        dvar: 2.68491106681e-007
        dvar2: 7.55153450882e-007
        max: 0.00536532374099
        mean: 0.000509441597387
        median: 0.000365135783795
        min: 7.52742031462e-021
        var: 2.98720721048e-007
    spectral_energyband_low:
        dmean: 0.000342305371305
        dmean2: 0.000589990522712
        dvar: 1.66488518971e-007
        dvar2: 4.66670059041e-007
        max: 0.00456466246396
        mean: 0.000589873176068
        median: 0.000506678246893
        min: 5.21854839086e-023
        var: 2.49059070256e-007
    spectral_energyband_middle_high:
        dmean: 0.000682294485159
        dmean2: 0.00111764203757
        dvar: 7.44539647712e-007
        dvar2: 1.97964459403e-006
        max: 0.00992370210588
        mean: 0.0019769500941
        median: 0.0016098638298
        min: 1.73899819998e-021
        var: 2.59412490777e-006
    spectral_energyband_middle_low:
        dmean: 0.000723189848941
        dmean2: 0.00123341067228
        dvar: 1.59718820214e-006
        dvar2: 4.36409982285e-006
        max: 0.0156029881909
        mean: 0.00156510062516
        median: 0.00126664701384
        min: 2.49253212157e-022
        var: 1.73265186731e-006
    spectral_flatness_db:
        dmean: 0.0148143898696
        dmean2: 0.0245309881866
        dvar: 0.000196811117348
        dvar2: 0.000569056894165
        max: 0.523300230503
        mean: 0.167515024543
        median: 0.13617785275
        min: 0.0511269643903
        var: 0.00675410218537
    spectral_flux:
        dmean: 0.00783915445209
        dmean2: 0.0121819581836
        dvar: 8.8439854153e-005
        dvar2: 0.00016350124497
        max: 0.116937689483
        mean: 0.0393744595349
        median: 0.038985196501
        min: 1.04937218637e-010
        var: 0.000333173258696
    spectral_kurtosis:
        dmean: 3.3665907383
        dmean2: 5.83640575409
        dvar: 88.0919647217
        dvar2: 265.022766113
        max: 240.897827148
        mean: 9.83567428589
        median: 2.52629113197
        min: -1.19780278206
        var: 683.097351074
    spectral_rms:
        dmean: 0.000316405639751
        dmean2: 0.000525289622601
        dvar: 1.31801428438e-007
        dvar2: 3.43190095009e-007
        max: 0.00459574721754
        mean: 0.00197156029753
        median: 0.00197303574532
        min: 3.23862594728e-012
        var: 4.96035454489e-007
    spectral_rolloff:
        dmean: 373.083587646
        dmean2: 619.577270508
        dvar: 239216.609375
        dvar2: 575563.625
        max: 18733.8867188
        mean: 3129.98632813
        median: 3552.97851563
        min: 129.19921875
        var: 1503183.125
    spectral_skewness:
        dmean: 0.301930457354
        dmean2: 0.519752264023
        dvar: 0.258109897375
        dvar2: 0.797177195549
        max: 11.9194097519
        mean: 1.54069018364
        median: 1.04581749439
        min: -0.0185792073607
        var: 2.72363138199
    spectral_spread:
        dmean: 379659.96875
        dmean2: 583039
        dvar: 305585782784
        dvar2: 586633183232
        max: 40394712
        mean: 4021984
        median: 4194088
        min: 341867.34375
        var: 2.65273684787e+012
    spectral_strongpeak:
        dmean: 0.336048811674
        dmean2: 0.607649862766
        dvar: 0.454050451517
        dvar2: 1.24564766884
        max: 6.80876588821
        mean: 0.366470009089
        median: 0.145437642932
        min: 1.5385235308e-009
        var: 0.437696844339
    zerocrossingrate:
        dmean: 0.00767732039094
        dmean2: 0.00986648816615
        dvar: 5.60547450732e-005
        dvar2: 7.65608201618e-005
        max: 0.49072265625
        mean: 0.092979259789
        median: 0.1005859375
        min: 0.009765625
        var: 0.00122470979113
    barkbands:
        dmean: [1.05867525235e-006, 0.000180827322765, 0.000172602201928, 0.00018498544523, 0.000490060774609, 0.000127767969389, 9.61782279774e-005, 6.65105617372e-005, 7.57683519623e-005, 5.60843473068e-005, 4.31939661212e-005, 3.92578476749e-005, 3.97391850129e-005, 4.45192272309e-005, 4.16972616222e-005, 8.71598240337e-005, 0.000122639699839, 0.000145483369124, 0.000284434470814, 0.000236039239098, 0.00016121644876, 4.79665286548e-005, 5.80840833209e-006, 1.78157165465e-006, 6.56495842577e-007, 2.31550529861e-008, 2.95649088544e-010]
        dmean2: [1.58348484547e-006, 0.000314877805067, 0.000299069884932, 0.000314703414915, 0.000846390379593, 0.000217823166167, 0.000161414398463, 0.00011281294428, 0.000127282459289, 9.40704194363e-005, 7.30997417122e-005, 6.54290197417e-005, 6.55577750877e-005, 7.49599785195e-005, 7.06099162926e-005, 0.000146417107317, 0.000204016352654, 0.000243758811848, 0.000477210414829, 0.000415656133555, 0.000291434233077, 8.59887732076e-005, 9.97282586468e-006, 2.9700477171e-006, 1.0832342241e-006, 3.77992570577e-008, 5.15795406386e-010]
        dvar: [2.15754020552e-012, 5.61124693377e-008, 4.86805369349e-008, 6.91283759124e-008, 1.00859597296e-006, 5.03058963375e-008, 3.08797645232e-008, 1.72899277118e-008, 1.67493592329e-008, 1.09999644948e-008, 8.15543987898e-009, 7.9810940079e-009, 6.20456308553e-009, 6.38008801346e-009, 5.59690294111e-009, 1.31460611286e-008, 2.45846312197e-008, 3.63186956065e-008, 1.40825576977e-007, 1.27183938048e-007, 7.93211896166e-008, 7.45984785055e-009, 1.0914603249e-010, 1.51662623432e-011, 4.05062962339e-012, 8.2568119483e-015, 5.6303945739e-019]
        dvar2: [4.61464113449e-012, 1.55021808723e-007, 1.37710713943e-007, 1.89295718656e-007, 2.75739989775e-006, 1.44221715459e-007, 8.2660662315e-008, 4.74423877961e-008, 4.7252978419e-008, 2.97262356952e-008, 2.26959269156e-008, 2.15949107485e-008, 1.59165036706e-008, 1.69704499342e-008, 1.54350487946e-008, 3.64630601268e-008, 6.67867610105e-008, 1.00105481238e-007, 3.87253010103e-007, 3.5561336631e-007, 2.24147953531e-007, 2.10863522199e-008, 2.7356270027e-010, 3.21256042601e-011, 9.70841462777e-012, 2.06270699983e-014, 1.52550323608e-018]
        max: [9.54699953581e-006, 0.00210049259476, 0.00304386857897, 0.00485839415342, 0.0113583132625, 0.00444228528067, 0.00380498170853, 0.0033475344535, 0.00285776960663, 0.00206080568023, 0.00162003550213, 0.00205174670555, 0.00136542506516, 0.00295879179612, 0.00194230885245, 0.00217228708789, 0.00211299350485, 0.00278670480475, 0.0052573303692, 0.00350585882552, 0.00297331158072, 0.00104090024251, 0.000336238765158, 0.000104295213532, 6.86348503223e-005, 3.37801338901e-006, 3.48460034161e-008]
        mean: [1.12171585442e-006, 0.000231548779993, 0.000233428116189, 0.000258194020716, 0.000646831118502, 0.000216092201299, 0.000149806015543, 9.88578103716e-005, 0.000163220873219, 9.38743978622e-005, 6.95666385582e-005, 6.67230415274e-005, 7.07148283254e-005, 7.6858443208e-005, 7.49484461267e-005, 0.000165381716215, 0.000251218676567, 0.000290172523819, 0.000600224419031, 0.000404538644943, 0.000238688327954, 7.56904337322e-005, 1.03194443e-005, 3.41480313182e-006, 1.20956303817e-006, 3.86480429881e-008, 4.09229650167e-010]
        median: [2.34058546766e-007, 0.000165752251633, 0.000162034644745, 0.000151169282617, 0.00040401230217, 0.00014659720182, 8.49303905852e-005, 4.98377994518e-005, 7.18388764653e-005, 4.75400192954e-005, 2.99828061543e-005, 2.90442058031e-005, 3.10259747494e-005, 4.19209027314e-005, 4.44769284513e-005, 0.000123530393466, 0.000188780075405, 0.000215436331928, 0.000449291954283, 0.000290975527605, 0.000155887071742, 4.96581633342e-005, 6.24905533186e-006, 1.99726014216e-006, 6.0160459725e-007, 1.59116897436e-008, 2.02282940398e-010]
        min: [1.53753546099e-024, 2.21433429645e-023, 1.73860036796e-023, 8.62921612472e-024, 3.07097207961e-023, 4.34226371132e-023, 4.27873674262e-023, 3.66131487585e-023, 5.00242574638e-023, 9.25303738892e-023, 1.11076184537e-022, 5.78053857954e-023, 1.46457504904e-022, 7.80353135022e-023, 1.77170119242e-022, 1.33628215827e-022, 1.40311243467e-022, 1.81454769917e-022, 9.66543935513e-023, 2.5557477742e-022, 3.29410870728e-022, 4.73718369945e-022, 6.61419151183e-022, 8.36884081315e-022, 9.66123125552e-022, 1.88942450827e-021, 2.03554891193e-021]
        var: [2.9926293648e-012, 6.22330915689e-008, 6.37628616573e-008, 1.06546956147e-007, 8.60569457473e-007, 6.38519921381e-008, 4.99034591428e-008, 2.52185756722e-008, 6.32131005318e-008, 2.13983373243e-008, 1.48535139743e-008, 1.74619962934e-008, 1.42983713758e-008, 1.26602808237e-008, 1.04765867093e-008, 2.39975577188e-008, 5.82104853208e-008, 8.1253119788e-008, 3.16570123005e-007, 1.72973187773e-007, 7.90527323602e-008, 8.29470803154e-009, 2.11206066525e-010, 3.7307480022e-011, 6.83967075685e-012, 9.7298954172e-015, 5.58209136203e-019]
    frequency_bands:
        dmean: [1.05867525235e-006, 0.000180827322765, 0.000172602201928, 0.00018498544523, 0.000490060774609, 0.000127767969389, 9.61782279774e-005, 6.65105617372e-005, 7.57683519623e-005, 5.60843473068e-005, 4.31939661212e-005, 3.92578476749e-005, 3.97391850129e-005, 4.45192272309e-005, 4.16972616222e-005, 8.71598240337e-005, 0.000122639699839, 0.000145483369124, 0.000284434470814, 0.000236039239098, 0.00016121644876, 4.79665286548e-005, 5.80840833209e-006, 1.78157165465e-006, 6.56495842577e-007, 2.31550529861e-008, 2.95649088544e-010, 5.13718269313e-011]
        dmean2: [1.58348484547e-006, 0.000314877805067, 0.000299069884932, 0.000314703414915, 0.000846390379593, 0.000217823166167, 0.000161414398463, 0.00011281294428, 0.000127282459289, 9.40704194363e-005, 7.30997417122e-005, 6.54290197417e-005, 6.55577750877e-005, 7.49599785195e-005, 7.06099162926e-005, 0.000146417107317, 0.000204016352654, 0.000243758811848, 0.000477210414829, 0.000415656133555, 0.000291434233077, 8.59887732076e-005, 9.97282586468e-006, 2.9700477171e-006, 1.0832342241e-006, 3.77992570577e-008, 5.15795406386e-010, 9.53887455135e-011]
        dvar: [2.15754020552e-012, 5.61124693377e-008, 4.86805369349e-008, 6.91283759124e-008, 1.00859597296e-006, 5.03058963375e-008, 3.08797645232e-008, 1.72899277118e-008, 1.67493592329e-008, 1.09999644948e-008, 8.15543987898e-009, 7.9810940079e-009, 6.20456308553e-009, 6.38008801346e-009, 5.59690294111e-009, 1.31460611286e-008, 2.45846312197e-008, 3.63186956065e-008, 1.40825576977e-007, 1.27183938048e-007, 7.93211896166e-008, 7.45984785055e-009, 1.0914603249e-010, 1.51662623432e-011, 4.05062962339e-012, 8.2568119483e-015, 5.6303945739e-019, 6.6623897267e-021]
        dvar2: [4.61464113449e-012, 1.55021808723e-007, 1.37710713943e-007, 1.89295718656e-007, 2.75739989775e-006, 1.44221715459e-007, 8.2660662315e-008, 4.74423877961e-008, 4.7252978419e-008, 2.97262356952e-008, 2.26959269156e-008, 2.15949107485e-008, 1.59165036706e-008, 1.69704499342e-008, 1.54350487946e-008, 3.64630601268e-008, 6.67867610105e-008, 1.00105481238e-007, 3.87253010103e-007, 3.5561336631e-007, 2.24147953531e-007, 2.10863522199e-008, 2.7356270027e-010, 3.21256042601e-011, 9.70841462777e-012, 2.06270699983e-014, 1.52550323608e-018, 2.14095425941e-020]
        max: [9.54699953581e-006, 0.00210049259476, 0.00304386857897, 0.00485839415342, 0.0113583132625, 0.00444228528067, 0.00380498170853, 0.0033475344535, 0.00285776960663, 0.00206080568023, 0.00162003550213, 0.00205174670555, 0.00136542506516, 0.00295879179612, 0.00194230885245, 0.00217228708789, 0.00211299350485, 0.00278670480475, 0.0052573303692, 0.00350585882552, 0.00297331158072, 0.00104090024251, 0.000336238765158, 0.000104295213532, 6.86348503223e-005, 3.37801338901e-006, 3.48460034161e-008, 1.7294274901e-009]
        mean: [1.12171585442e-006, 0.000231548779993, 0.000233428116189, 0.000258194020716, 0.000646831118502, 0.000216092201299, 0.000149806015543, 9.88578103716e-005, 0.000163220873219, 9.38743978622e-005, 6.95666385582e-005, 6.67230415274e-005, 7.07148283254e-005, 7.6858443208e-005, 7.49484461267e-005, 0.000165381716215, 0.000251218676567, 0.000290172523819, 0.000600224419031, 0.000404538644943, 0.000238688327954, 7.56904337322e-005, 1.03194443e-005, 3.41480313182e-006, 1.20956303817e-006, 3.86480429881e-008, 4.09229650167e-010, 3.98199702378e-011]
        median: [2.34058546766e-007, 0.000165752251633, 0.000162034644745, 0.000151169282617, 0.00040401230217, 0.00014659720182, 8.49303905852e-005, 4.98377994518e-005, 7.18388764653e-005, 4.75400192954e-005, 2.99828061543e-005, 2.90442058031e-005, 3.10259747494e-005, 4.19209027314e-005, 4.44769284513e-005, 0.000123530393466, 0.000188780075405, 0.000215436331928, 0.000449291954283, 0.000290975527605, 0.000155887071742, 4.96581633342e-005, 6.24905533186e-006, 1.99726014216e-006, 6.0160459725e-007, 1.59116897436e-008, 2.02282940398e-010, 1.42152366267e-011]
        min: [1.53753546099e-024, 2.21433429645e-023, 1.73860036796e-023, 8.62921612472e-024, 3.07097207961e-023, 4.34226371132e-023, 4.27873674262e-023, 3.66131487585e-023, 5.00242574638e-023, 9.25303738892e-023, 1.11076184537e-022, 5.78053857954e-023, 1.46457504904e-022, 7.80353135022e-023, 1.77170119242e-022, 1.33628215827e-022, 1.40311243467e-022, 1.81454769917e-022, 9.66543935513e-023, 2.5557477742e-022, 3.29410870728e-022, 4.73718369945e-022, 6.61419151183e-022, 8.36884081315e-022, 9.66123125552e-022, 1.88942450827e-021, 2.03554891193e-021, 4.65992228374e-022]
        var: [2.9926293648e-012, 6.22330915689e-008, 6.37628616573e-008, 1.06546956147e-007, 8.60569457473e-007, 6.38519921381e-008, 4.99034591428e-008, 2.52185756722e-008, 6.32131005318e-008, 2.13983373243e-008, 1.48535139743e-008, 1.74619962934e-008, 1.42983713758e-008, 1.26602808237e-008, 1.04765867093e-008, 2.39975577188e-008, 5.82104853208e-008, 8.1253119788e-008, 3.16570123005e-007, 1.72973187773e-007, 7.90527323602e-008, 8.29470803154e-009, 2.11206066525e-010, 3.7307480022e-011, 6.83967075685e-012, 9.7298954172e-015, 5.58209136203e-019, 5.05325888289e-021]
    mfcc:
        mean: [-722.651855469, 111.53792572, -39.8122749329, 61.8320350647, -13.0318746567, -2.95982146263, -0.269740849733, -2.54335379601, -0.825175285339, -6.21427297592, -4.66826343536, -6.83517980576, -5.6785774231]
        cov: [[9487.37109375, -1170.73071289, -1060.29284668, 2133.12329102, -181.187194824, 708.496276855, 241.307434082, 292.073699951, 259.009429932, 195.116073608, 492.600860596, 480.891143799, 387.057922363], [-1170.73071289, 1304.56945801, -161.348327637, -437.362487793, 0.152045756578, -321.747589111, -62.7048225403, -116.192977905, -0.303937464952, -48.655380249, -128.522140503, -144.613418579, -126.867294312], [-1060.29284668, -161.348327637, 539.693054199, -313.326202393, -3.92724657059, -16.0993995667, -59.3907318115, 17.5292568207, -59.502822876, -2.8557472229, -82.529876709, -51.5450401306, -28.0364284515], [2133.12329102, -437.362487793, -313.326202393, 1056.30041504, 59.9296112061, 276.457122803, 137.052017212, 85.5874862671, 124.757545471, 59.0054359436, 210.036972046, 194.307159424, 153.610427856], [-181.187194824, 0.152045756578, -3.92724657059, 59.9296112061, 129.061340332, 21.5798854828, 13.0366277695, -12.2311601639, -12.9518718719, 6.75742340088, 11.1940774918, 7.51193141937, 10.5970201492], [708.496276855, -321.747589111, -16.0993995667, 276.457122803, 21.5798854828, 200.722076416, 67.5539779663, 51.5578193665, 12.8416337967, 20.4493350983, 76.3853530884, 76.7779922485, 59.0649528503], [241.307434082, -62.7048225403, -59.3907318115, 137.052017212, 13.0366277695, 67.5539779663, 94.0805053711, 38.4266777039, 26.9169178009, 3.97622585297, 38.8142814636, 42.4220466614, 26.5347938538], [292.073699951, -116.192977905, 17.5292568207, 85.5874862671, -12.2311601639, 51.5578193665, 38.4266777039, 91.8895339966, 44.1706695557, 23.1111431122, 28.4080581665, 30.0427684784, 27.6736526489], [259.009429932, -0.303937464952, -59.502822876, 124.757545471, -12.9518718719, 12.8416337967, 26.9169178009, 44.1706695557, 107.162361145, 42.1143608093, 36.7565536499, 25.5076904297, 16.483953476], [195.116073608, -48.655380249, -2.8557472229, 59.0054359436, 6.75742340088, 20.4493350983, 3.97622585297, 23.1111431122, 42.1143608093, 66.024559021, 35.4454574585, 24.2894287109, 17.5567398071], [492.600860596, -128.522140503, -82.529876709, 210.036972046, 11.1940774918, 76.3853530884, 38.8142814636, 28.4080581665, 36.7565536499, 35.4454574585, 98.954574585, 70.9761428833, 44.5622673035], [480.891143799, -144.613418579, -51.5450401306, 194.307159424, 7.51193141937, 76.7779922485, 42.4220466614, 30.0427684784, 25.5076904297, 24.2894287109, 70.9761428833, 96.6796188354, 60.5650024414], [387.057922363, -126.867294312, -28.0364284515, 153.610427856, 10.5970201492, 59.0649528503, 26.5347938538, 27.6736526489, 16.483953476, 17.5567398071, 44.5622673035, 60.5650024414, 74.8383789063]]
        icov: [[0.000325950968545, 1.66921581695e-005, 0.000538074295036, -0.000439124531113, 0.000734105124138, -0.000564038171433, 0.000596604484599, -0.000596202618908, 0.000480447168229, -0.000631395261735, 0.000369982502889, -0.000228567572776, -0.000197479341296], [1.66921581695e-005, 0.00156014494132, 0.000615355093032, 0.000217755121412, -0.000404996331781, 0.00193378725089, -0.000819082371891, 0.000702919147443, -0.000655125651974, 0.000121761659102, 0.0004352403339, 0.00025208745501, 0.000556216342375], [0.000538074295036, 0.000615355093032, 0.00403925403953, 0.000213822248043, 0.00064344931161, -0.00170380086638, 0.00234017660841, -0.00261347973719, 0.00150195905007, -0.00213152472861, 0.00308118364774, -0.000968204345554, -0.000157040674821], [-0.000439124531113, 0.000217755121412, 0.000213822248043, 0.00332053564489, -0.00184504303616, -0.00126043567434, -0.000607482448686, 0.00133865117095, -0.00298464135267, 0.0022163989488, -0.0021617829334, -0.000356559292413, -0.00140560197178], [0.000734105124138, -0.000404996331781, 0.00064344931161, -0.00184504303616, 0.0106734000146, -0.00169960595667, -0.000713940535206, 0.000733000051696, 0.00349945225753, -0.00406298507005, 0.000521975685842, 0.00121178221889, -0.00175214640331], [-0.000564038171433, 0.00193378725089, -0.00170380086638, -0.00126043567434, -0.00169960595667, 0.0152619536966, -0.00630959775299, -0.000847276300192, 0.00286348583177, 0.000291501666652, -0.00358947785571, -6.60707737552e-005, 0.000381757767173], [0.000596604484599, -0.000819082371891, 0.00234017660841, -0.000607482448686, -0.000713940535206, -0.00630959775299, 0.020476385951, -0.00695759430528, -0.00170732871629, 0.00388046493754, 0.000506507174578, -0.00532905664295, 0.00151975662448], [-0.000596202618908, 0.000702919147443, -0.00261347973719, 0.00133865117095, 0.000733000051696, -0.000847276300192, -0.00695759430528, 0.0208502169698, -0.0078664617613, -0.000124150028569, -0.000640198006295, 0.00191504193936, -0.00353660038672], [0.000480447168229, -0.000655125651974, 0.00150195905007, -0.00298464135267, 0.00349945225753, 0.00286348583177, -0.00170732871629, -0.0078664617613, 0.0201992020011, -0.0110798897222, 6.88721484039e-005, 0.000511973747052, 0.00154701166321], [-0.000631395261735, 0.000121761659102, -0.00213152472861, 0.0022163989488, -0.00406298507005, 0.000291501666652, 0.00388046493754, -0.000124150028569, -0.0110798897222, 0.0277646835893, -0.00970516633242, -0.000105646555312, -0.00106918567326], [0.000369982502889, 0.0004352403339, 0.00308118364774, -0.0021617829334, 0.000521975685842, -0.00358947785571, 0.000506507174578, -0.000640198006295, 6.88721484039e-005, -0.00970516633242, 0.0315908044577, -0.0149084338918, 0.0027479971759], [-0.000228567572776, 0.00025208745501, -0.000968204345554, -0.000356559292413, 0.00121178221889, -6.60707737552e-005, -0.00532905664295, 0.00191504193936, 0.000511973747052, -0.000105646555312, -0.0149084338918, 0.0348560065031, -0.0163784641773], [-0.000197479341296, 0.000556216342375, -0.000157040674821, -0.00140560197178, -0.00175214640331, 0.000381757767173, 0.00151975662448, -0.00353660038672, 0.00154701166321, -0.00106918567326, 0.0027479971759, -0.0163784641773, 0.0303968694061]]
    sccoeffs:
        dmean: [0.0565073676407, 0.0446384735405, 0.0341599434614, 0.0254477933049, 0.0181437321007, 0.0221540201455]
        dmean2: [0.0946799740195, 0.0759676173329, 0.0581136755645, 0.0432567112148, 0.0310244355351, 0.0370288603008]
        dvar: [0.00205337372608, 0.00123268144671, 0.000703247613274, 0.000390678324038, 0.000205488089705, 0.000449169892818]
        dvar2: [0.00568996137008, 0.0035282461904, 0.00203847023658, 0.00111866078805, 0.000583476386964, 0.00123637192883]
        max: [-0.267445713282, -0.54955470562, -0.542950451374, -0.645327210426, -0.613813459873, -0.566156983376]
        mean: [-0.650736868382, -0.774379909039, -0.80657762289, -0.820609271526, -0.803050041199, -0.717747807503]
        median: [-0.666531860828, -0.778400838375, -0.815734505653, -0.822476565838, -0.803020894527, -0.711863458157]
        min: [-0.956264793873, -0.966654956341, -0.986865699291, -0.956984043121, -0.962219238281, -0.959352195263]
        var: [0.0081984847784, 0.00300653139129, 0.0029521449469, 0.00109073100612, 0.0010592059698, 0.00303819542751]
    scvalleys:
        dmean: [0.388207167387, 0.341823875904, 0.295731306076, 0.260101914406, 0.252849966288, 0.314521104097]
        dmean2: [0.653183281422, 0.572961211205, 0.486059606075, 0.41862013936, 0.39637568593, 0.510122299194]
        dvar: [0.105743840337, 0.0924610719085, 0.0722803026438, 0.0610601045191, 0.0797631070018, 0.151694461703]
        dvar2: [0.270454376936, 0.227908670902, 0.162524983287, 0.128183677793, 0.167213484645, 0.351147651672]
        max: [-4.93085670471, -4.73126363754, -5.00315904617, -5.59638738632, -5.32457447052, -7.67133235931]
        mean: [-6.74861431122, -6.63480091095, -7.04336166382, -7.33024597168, -7.1871099472, -10.4184427261]
        median: [-6.2858505249, -6.44972753525, -6.91278171539, -7.04418516159, -6.61965894699, -9.57856082916]
        min: [-27.8882217407, -27.4423980713, -27.4328174591, -27.3290576935, -27.2762775421, -27.2302379608]
        var: [2.46075844765, 1.54336392879, 1.3996502161, 1.76126396656, 3.04253411293, 3.94352722168]

rhythm:
    beats_loudness:
        dmean: 0.00205839378759
        dmean2: 0.00382712786086
        dvar: 3.32978743245e-006
        dvar2: 1.14490812848e-005
        max: 0.0134323202074
        mean: 0.0053404411301
        median: 0.00535765755922
        min: 1.41281162117e-011
        var: 7.98488963483e-006
    bpm: 135.81350708
    bpm_confidence: 0
    first_peak_bpm: 136
    first_peak_spread: 0.267776072025
    first_peak_weight: 0.663923203945
    onset_rate: 3.54962563515
    second_peak_bpm: 129
    second_peak_spread: 0.236842110753
    second_peak_weight: 0.0397805199027
    beats_loudness_band_ratio:
        dmean: [0.0857515335083, 0.163965344429, 0.0591757446527, 0.0341385565698, 0.0616380348802, 0.065507940948]
        dmean2: [0.148184537888, 0.302249133587, 0.102825723588, 0.057984828949, 0.107907302678, 0.111193485558]
        dvar: [0.00655843596905, 0.017992567271, 0.00488305510953, 0.00186832342297, 0.0030046752654, 0.00362406088971]
        dvar2: [0.0185366459191, 0.0598550774157, 0.0141811138019, 0.00526792509481, 0.00912672653794, 0.0102059971541]
        max: [0.854299724102, 0.973010361195, 0.780261695385, 0.456871241331, 0.467236578465, 0.546117842197]
        mean: [0.218802213669, 0.276792168617, 0.119879461825, 0.0680381581187, 0.189255848527, 0.206877842546]
        median: [0.203951179981, 0.240007340908, 0.0700210034847, 0.0505375303328, 0.195140957832, 0.215991541743]
        min: [0, 0, 0, 0, 0, 0]
        var: [0.0157507993281, 0.0381376519799, 0.0179010592401, 0.00287774810567, 0.00770278833807, 0.0128753948957]
