
metadata:
    version:
        essentia: "2.1-beta2"
    audio_properties:
        analysis_sample_rate: 44100
        bitrate: 320
        channels: 2
        equal_loudness: 1
        length: 265.299591064
        replay_gain: -15.0122203827
        downmix: "mix"
    tags:
        album: "Extremist"
        artist: "Demon Hunter"
        comment: ""
        date: "2014"
        genre: "Christian Metal"
        title: "The Last One Alive"
        tracknumber: "4"

configuration:
    average_loudness:
        compute: 1
        frameSize: 88200
        hopSize: 44100
        silentFrames: "noise"
        windowType: "hann"
    general:
        analysisSampleRate: 44100
        endTime: 2000
        equalLoudness: 1
        nequalLoudness: 0
        shortSound: 0
        startTime: 0
    lowlevel:
        compute: 1
        frameSize: 2048
        hopSize: 1024
        zeroPadding: 0
        silentFrames: "noise"
        windowType: "blackmanharris62"
        mfccStats: ["mean", "cov", "icov"]
        stats: ["mean", "var", "median", "min", "max", "dmean", "dmean2", "dvar", "dvar2"]
    panning:
        compute: 0
        frameSize: 8192
        hopSize: 2048
        zeroPadding: 8192
        silentFrames: "noise"
        windowType: "hann"
        stats: ["copy"]
    rhythm:
        compute: 1
        maxTempo: 208
        minTempo: 40
        method: "degara"
        stats: ["mean", "var", "median", "min", "max", "dmean", "dmean2", "dvar", "dvar2"]
    segmentation:
        compute: 0
        cpw: 5
        inc1: 300
        inc2: 50
        minimumSegmentsLength: 10
        size1: 1000
        size2: 600
    sfx:
        compute: 1
        stats: ["mean", "var", "median", "min", "max", "dmean", "dmean2", "dvar", "dvar2"]
    svm:
        compute: 0
    tonal:
        compute: 1
        frameSize: 4096
        hopSize: 2048
        zeroPadding: 0
        silentFrames: "noise"
        windowType: "blackmanharris62"
        stats: ["mean", "var", "median", "min", "max", "dmean", "dmean2", "dvar", "dvar2"]

lowlevel:
    average_loudness: 0.942907333374
    barkbands_kurtosis:
        dmean: 0.745574176311
        dmean2: 1.19479596615
        dvar: 1.38706600666
        dvar2: 2.81882977486
        max: 84.8277664185
        mean: 0.335916906595
        median: -0.675213813782
        min: -1.91726016998
        var: 26.6584243774
    barkbands_skewness:
        dmean: 0.335255473852
        dmean2: 0.538959801197
        dvar: 0.112138599157
        dvar2: 0.282526582479
        max: 6.92784070969
        mean: -0.395400077105
        median: -0.681095302105
        min: -2.93083643913
        var: 1.24311435223
    barkbands_spread:
        dmean: 4.99152994156
        dmean2: 8.03955745697
        dvar: 24.8104534149
        dvar2: 63.8540763855
        max: 71.7696228027
        mean: 32.0112800598
        median: 32.3717575073
        min: 1.15160048008
        var: 112.347686768
    dissonance:
        dmean: 0.0091415932402
        dmean2: 0.0154877686873
        dvar: 0.000110485460027
        dvar2: 0.000302409636788
        max: 0.500000119209
        mean: 0.480184733868
        median: 0.486451715231
        min: 0.262293547392
        var: 0.00048697530292
    hfc:
        dmean: 2.42132282257
        dmean2: 3.96793150902
        dvar: 7.94417476654
        dvar2: 20.8946094513
        max: 42.8950500488
        mean: 12.4771261215
        median: 13.1839408875
        min: 1.16077752434e-016
        var: 44.6217575073
    pitch:
        dmean: 800.304321289
        dmean2: 1539.98376465
        dvar: 1753789.875
        dvar2: 4325654
        max: 5070.88867188
        mean: 2039.68493652
        median: 3337.07104492
        min: 68.7006530762
        var: 2876309.25
    pitch_instantaneous_confidence:
        dmean: 0.073256790638
        dmean2: 0.119439169765
        dvar: 0.00395062984899
        dvar2: 0.00966806709766
        max: 0.889431536198
        mean: 0.402865201235
        median: 0.387319028378
        min: 0.0996326208115
        var: 0.0150679918006
    pitch_salience:
        dmean: 0.0522392876446
        dmean2: 0.0877361893654
        dvar: 0.00236920150928
        dvar2: 0.00662121595815
        max: 0.872512638569
        mean: 0.66472619772
        median: 0.681688964367
        min: 0.147554993629
        var: 0.00796846393496
    silence_rate_20dB:
        dmean: 0
        dmean2: 0
        dvar: 0
        dvar2: 0
        max: 1
        mean: 1
        median: 1
        min: 1
        var: 0
    silence_rate_30dB:
        dmean: 0
        dmean2: 0
        dvar: 0
        dvar2: 0
        max: 1
        mean: 1
        median: 1
        min: 1
        var: 0
    silence_rate_60dB:
        dmean: 0.0246805530041
        dmean2: 0.049365427345
        dvar: 0.0240724608302
        dvar2: 0.0534091331065
        max: 1
        mean: 0.142644613981
        median: 0
        min: 0
        var: 0.122290126979
    spectral_centroid:
        dmean: 224.524871826
        dmean2: 365.036834717
        dvar: 65618.1796875
        dvar2: 166242.859375
        max: 11125.015625
        mean: 2105.93286133
        median: 2306.65698242
        min: 110.820228577
        var: 496490.71875
    spectral_complexity:
        dmean: 3.52511811256
        dmean2: 5.78415775299
        dvar: 10.4540424347
        dvar2: 26.2973823547
        max: 46
        mean: 22.3001670837
        median: 25
        min: 0
        var: 94.9054870605
    spectral_crest:
        dmean: 1.67448115349
        dmean2: 2.83816838264
        dvar: 3.37271523476
        dvar2: 9.4139251709
        max: 19.5856800079
        mean: 6.6897854805
        median: 6.01010751724
        min: 2.49612021446
        var: 6.54280519485
    spectral_decrease:
        dmean: 2.31799288097e-010
        dmean2: 3.92409910122e-010
        dvar: 1.46182304681e-019
        dvar2: 4.03540294479e-019
        max: -4.07758008196e-029
        mean: -1.17971232783e-009
        median: -1.18755050238e-009
        min: -4.85917217574e-009
        var: 2.6093453782e-019
    spectral_energy:
        dmean: 0.0010565383127
        dmean2: 0.00177463435102
        dvar: 2.5972453841e-006
        dvar2: 7.09944788468e-006
        max: 0.0201397426426
        mean: 0.00558420876041
        median: 0.00566397281364
        min: 1.0758795723e-020
        var: 5.93512959313e-006
    spectral_energyband_high:
        dmean: 0.000230980367633
        dmean2: 0.000385484308936
        dvar: 9.34613026971e-008
        dvar2: 2.41042386051e-007
        max: 0.00552156753838
        mean: 0.000713747460395
        median: 0.000708970124833
        min: 7.72740738358e-021
        var: 2.6660381991e-007
    spectral_energyband_low:
        dmean: 0.000181288341992
        dmean2: 0.000296874670312
        dvar: 6.21097271392e-008
        dvar2: 1.61895769679e-007
        max: 0.00364686292596
        mean: 0.00040635393816
        median: 0.00030732533196
        min: 1.58170555801e-023
        var: 1.52242449758e-007
    spectral_energyband_middle_high:
        dmean: 0.000619882252067
        dmean2: 0.00099966279231
        dvar: 4.11750903595e-007
        dvar2: 1.03580248378e-006
        max: 0.0115033807233
        mean: 0.00319009250961
        median: 0.00327646080405
        min: 1.61928834304e-021
        var: 3.08604944621e-006
    spectral_energyband_middle_low:
        dmean: 0.000597411533818
        dmean2: 0.00102733029053
        dvar: 1.72454724634e-006
        dvar2: 4.87221132062e-006
        max: 0.0156835522503
        mean: 0.00142137380317
        median: 0.00113228010014
        min: 3.04816333405e-022
        var: 1.57502870479e-006
    spectral_flatness_db:
        dmean: 0.0117293102667
        dmean2: 0.0187723152339
        dvar: 0.000129855718114
        dvar2: 0.000319951301208
        max: 0.423721522093
        mean: 0.155862107873
        median: 0.143774956465
        min: 0.0598676800728
        var: 0.0022061499767
    spectral_flux:
        dmean: 0.00667692674324
        dmean2: 0.0104135992005
        dvar: 6.89214139129e-005
        dvar2: 0.000141701020766
        max: 0.123174011707
        mean: 0.0432539395988
        median: 0.0445561930537
        min: 6.85682760571e-011
        var: 0.000253625970799
    spectral_kurtosis:
        dmean: 1.24601137638
        dmean2: 2.13996005058
        dvar: 6.12054252625
        dvar2: 17.6313667297
        max: 97.7494354248
        mean: 3.86571097374
        median: 3.08565187454
        min: -1.2220467329
        var: 17.4947013855
    spectral_rms:
        dmean: 0.000206169032026
        dmean2: 0.000340728700394
        dvar: 7.23717477058e-008
        dvar2: 1.92027570733e-007
        max: 0.00443266611546
        mean: 0.00226402143016
        median: 0.00235070777126
        min: 3.23981271498e-012
        var: 3.22191624491e-007
    spectral_rolloff:
        dmean: 239.83102417
        dmean2: 392.242279053
        dvar: 126329.210938
        dvar2: 288334.5
        max: 18389.3554688
        mean: 3560.55200195
        median: 3854.44335938
        min: 107.666015625
        var: 924646.625
    spectral_skewness:
        dmean: 0.156507626176
        dmean2: 0.258302658796
        dvar: 0.0435471870005
        dvar2: 0.117612637579
        max: 8.23718547821
        mean: 1.15824794769
        median: 1.03961741924
        min: -0.0110041284934
        var: 0.301061093807
    spectral_spread:
        dmean: 317794.1875
        dmean2: 470062.53125
        dvar: 198929334272
        dvar2: 375634395136
        max: 41104240
        mean: 4107250.25
        median: 3930585.75
        min: 899087.5
        var: 1.63179501978e+012
    spectral_strongpeak:
        dmean: 0.708827853203
        dmean2: 1.21370208263
        dvar: 0.893577575684
        dvar2: 2.28059363365
        max: 11.9848003387
        mean: 1.02053499222
        median: 0.421067893505
        min: 2.40533637452e-009
        var: 1.63366580009
    zerocrossingrate:
        dmean: 0.00648970482871
        dmean2: 0.00803550705314
        dvar: 4.92400831718e-005
        dvar2: 5.80896848987e-005
        max: 0.50439453125
        mean: 0.113446101546
        median: 0.12255859375
        min: 0.00390625
        var: 0.00100761791691
    barkbands:
        dmean: [1.12018369691e-007, 5.01267750224e-005, 0.000109720305772, 0.000128230414703, 0.000424555124482, 0.00013413761917, 8.37669576867e-005, 5.64125839446e-005, 8.27164185466e-005, 6.20218779659e-005, 4.66196834168e-005, 4.86672979605e-005, 4.57008318335e-005, 5.54270663997e-005, 5.56558879907e-005, 0.000153311906615, 0.000210817554034, 0.000190006467164, 0.000344566302374, 0.000246505282121, 0.000116880844871, 4.01476863772e-005, 6.69736391501e-006, 1.75163529548e-006, 5.08493940288e-007, 2.05353387628e-008, 3.64212993098e-010]
        dmean2: [1.80570040698e-007, 8.43153247843e-005, 0.00017609425413, 0.000220264919335, 0.000741975498386, 0.000218358531129, 0.000135671070893, 9.22282706597e-005, 0.000131228589453, 9.60932447924e-005, 7.26106882212e-005, 7.66482844483e-005, 7.26949219825e-005, 9.09208974917e-005, 9.14979900699e-005, 0.000252970261499, 0.000345549167832, 0.000313407770591, 0.000567945011426, 0.000409684260376, 0.000195113025256, 6.92531248205e-005, 1.05246090243e-005, 2.58957743426e-006, 7.93169590452e-007, 3.13280921205e-008, 5.95317184438e-010]
        dvar: [3.67552769633e-014, 1.02550750114e-008, 2.19239844057e-008, 3.75657585039e-008, 1.34290121423e-006, 3.89761893871e-008, 2.14524167319e-008, 1.14874740831e-008, 1.29323796116e-008, 1.39177442904e-008, 1.14963647491e-008, 7.77737874103e-009, 6.09970340903e-009, 6.55474696742e-009, 5.51906520485e-009, 4.35333795679e-008, 7.09643686037e-008, 5.72990579428e-008, 1.53687508941e-007, 7.73928690023e-008, 2.65328363724e-008, 5.04902120113e-009, 1.63475510906e-010, 1.72098949675e-011, 1.05153971468e-012, 1.30441686861e-015, 2.41159725452e-019]
        dvar2: [8.96685205471e-014, 2.87335346627e-008, 5.77259768875e-008, 1.06921469012e-007, 3.76461525775e-006, 9.85140005128e-008, 5.15540321544e-008, 2.85937957756e-008, 2.99103426471e-008, 3.07129610633e-008, 2.62200341439e-008, 1.79847852166e-008, 1.40731222231e-008, 1.65571325539e-008, 1.37321833904e-008, 1.06121689214e-007, 1.774968581e-007, 1.4594655795e-007, 4.034078529e-007, 2.01563167934e-007, 7.0970841648e-008, 1.38770843705e-008, 3.44201223079e-010, 3.14433964976e-011, 2.2805971521e-012, 2.782278768e-015, 5.26256079718e-019]
        max: [2.30658656619e-006, 0.000906848756131, 0.00259487843141, 0.00257369759493, 0.0126244090497, 0.00412547728047, 0.00322767882608, 0.00252704764716, 0.00266909808852, 0.00273034488782, 0.0030247035902, 0.00344885559753, 0.00190325384028, 0.00149291718844, 0.00211592880078, 0.00350037170574, 0.00504866335541, 0.00690240645781, 0.00792040769011, 0.00664570508525, 0.00255726394244, 0.000880158040673, 0.000292709039059, 0.000138764808071, 2.5357987397e-005, 1.28422448142e-006, 1.30816060206e-008]
        mean: [1.44514672229e-007, 8.06833704701e-005, 0.000211417602259, 0.000191989049199, 0.000523323018569, 0.000267255993094, 0.000159387083841, 9.42351762205e-005, 0.000166415426065, 0.000119379765238, 8.31981451483e-005, 9.48806118686e-005, 9.05198685359e-005, 0.000106735773443, 0.000115045098937, 0.000336331868311, 0.000481317722006, 0.000447420403361, 0.000913237396162, 0.000704119622242, 0.000296747952234, 7.96309686848e-005, 1.49907000377e-005, 4.51148252978e-006, 1.23855954826e-006, 5.28935473199e-008, 7.48282380503e-010]
        median: [4.67772416357e-008, 5.51277626073e-005, 0.000151671440108, 9.53077396844e-005, 0.00025656571961, 0.000164094191859, 8.52160883369e-005, 4.52706808574e-005, 0.000104375067167, 4.67376157758e-005, 3.22593077726e-005, 4.32609740528e-005, 4.90174534207e-005, 6.80326847942e-005, 8.80371517269e-005, 0.000262420624495, 0.000390908942791, 0.000382386846468, 0.000850693206303, 0.000685824081302, 0.00026980828261, 6.17691330262e-005, 8.82782023837e-006, 2.42801024797e-006, 7.78278376856e-007, 3.0112609295e-008, 4.05851768859e-010]
        min: [3.21649553849e-024, 3.97283289188e-024, 6.43963091922e-024, 7.30268419258e-024, 1.25729211165e-023, 7.62880875713e-023, 1.03696933505e-023, 2.21794412395e-023, 9.05289201767e-023, 5.74919050935e-023, 2.91520833843e-023, 7.45146020386e-023, 1.15886090358e-022, 9.63808796982e-023, 1.11727114691e-022, 1.29094474432e-022, 1.84504178011e-022, 1.88886041593e-022, 2.14718244878e-022, 2.97515974774e-022, 2.64530229339e-022, 4.31302896793e-022, 6.41179933851e-022, 8.68461590127e-022, 1.17607402523e-021, 1.73220304049e-021, 2.11572020202e-021]
        var: [5.28735346792e-014, 9.32739574466e-009, 4.53484787499e-008, 7.67162973148e-008, 1.00378190382e-006, 1.09080573907e-007, 5.57689148195e-008, 2.50150460346e-008, 3.97633215243e-008, 4.76830663843e-008, 3.06305771858e-008, 2.40662885176e-008, 1.65394897778e-008, 1.46950647206e-008, 1.24543344526e-008, 1.12889530612e-007, 1.77853635819e-007, 1.42561674465e-007, 4.48861896984e-007, 2.68387196911e-007, 5.97861173901e-008, 6.41716813021e-009, 5.06874764383e-010, 7.39668812311e-011, 3.26960442228e-012, 5.43938343057e-015, 1.03419062586e-018]
    frequency_bands:
        dmean: [1.12018369691e-007, 5.01267750224e-005, 0.000109720305772, 0.000128230414703, 0.000424555124482, 0.00013413761917, 8.37669576867e-005, 5.64125839446e-005, 8.27164185466e-005, 6.20218779659e-005, 4.66196834168e-005, 4.86672979605e-005, 4.57008318335e-005, 5.54270663997e-005, 5.56558879907e-005, 0.000153311906615, 0.000210817554034, 0.000190006467164, 0.000344566302374, 0.000246505282121, 0.000116880844871, 4.01476863772e-005, 6.69736391501e-006, 1.75163529548e-006, 5.08493940288e-007, 2.05353387628e-008, 3.64212993098e-010, 6.47503023421e-011]
        dmean2: [1.80570040698e-007, 8.43153247843e-005, 0.00017609425413, 0.000220264919335, 0.000741975498386, 0.000218358531129, 0.000135671070893, 9.22282706597e-005, 0.000131228589453, 9.60932447924e-005, 7.26106882212e-005, 7.66482844483e-005, 7.26949219825e-005, 9.09208974917e-005, 9.14979900699e-005, 0.000252970261499, 0.000345549167832, 0.000313407770591, 0.000567945011426, 0.000409684260376, 0.000195113025256, 6.92531248205e-005, 1.05246090243e-005, 2.58957743426e-006, 7.93169590452e-007, 3.13280921205e-008, 5.95317184438e-010, 1.19728879588e-010]
        dvar: [3.67552769633e-014, 1.02550750114e-008, 2.19239844057e-008, 3.75657585039e-008, 1.34290121423e-006, 3.89761893871e-008, 2.14524167319e-008, 1.14874740831e-008, 1.29323796116e-008, 1.39177442904e-008, 1.14963647491e-008, 7.77737874103e-009, 6.09970340903e-009, 6.55474696742e-009, 5.51906520485e-009, 4.35333795679e-008, 7.09643686037e-008, 5.72990579428e-008, 1.53687508941e-007, 7.73928690023e-008, 2.65328363724e-008, 5.04902120113e-009, 1.63475510906e-010, 1.72098949675e-011, 1.05153971468e-012, 1.30441686861e-015, 2.41159725452e-019, 7.31071757338e-021]
        dvar2: [8.96685205471e-014, 2.87335346627e-008, 5.77259768875e-008, 1.06921469012e-007, 3.76461525775e-006, 9.85140005128e-008, 5.15540321544e-008, 2.85937957756e-008, 2.99103426471e-008, 3.07129610633e-008, 2.62200341439e-008, 1.79847852166e-008, 1.40731222231e-008, 1.65571325539e-008, 1.37321833904e-008, 1.06121689214e-007, 1.774968581e-007, 1.4594655795e-007, 4.034078529e-007, 2.01563167934e-007, 7.0970841648e-008, 1.38770843705e-008, 3.44201223079e-010, 3.14433964976e-011, 2.2805971521e-012, 2.782278768e-015, 5.26256079718e-019, 2.30140920367e-020]
        max: [2.30658656619e-006, 0.000906848756131, 0.00259487843141, 0.00257369759493, 0.0126244090497, 0.00412547728047, 0.00322767882608, 0.00252704764716, 0.00266909808852, 0.00273034488782, 0.0030247035902, 0.00344885559753, 0.00190325384028, 0.00149291718844, 0.00211592880078, 0.00350037170574, 0.00504866335541, 0.00690240645781, 0.00792040769011, 0.00664570508525, 0.00255726394244, 0.000880158040673, 0.000292709039059, 0.000138764808071, 2.5357987397e-005, 1.28422448142e-006, 1.30816060206e-008, 9.87708470568e-010]
        mean: [1.44514672229e-007, 8.06833704701e-005, 0.000211417602259, 0.000191989049199, 0.000523323018569, 0.000267255993094, 0.000159387083841, 9.42351762205e-005, 0.000166415426065, 0.000119379765238, 8.31981451483e-005, 9.48806118686e-005, 9.05198685359e-005, 0.000106735773443, 0.000115045098937, 0.000336331868311, 0.000481317722006, 0.000447420403361, 0.000913237396162, 0.000704119622242, 0.000296747952234, 7.96309686848e-005, 1.49907000377e-005, 4.51148252978e-006, 1.23855954826e-006, 5.28935473199e-008, 7.48282380503e-010, 5.04946813529e-011]
        median: [4.67772416357e-008, 5.51277626073e-005, 0.000151671440108, 9.53077396844e-005, 0.00025656571961, 0.000164094191859, 8.52160883369e-005, 4.52706808574e-005, 0.000104375067167, 4.67376157758e-005, 3.22593077726e-005, 4.32609740528e-005, 4.90174534207e-005, 6.80326847942e-005, 8.80371517269e-005, 0.000262420624495, 0.000390908942791, 0.000382386846468, 0.000850693206303, 0.000685824081302, 0.00026980828261, 6.17691330262e-005, 8.82782023837e-006, 2.42801024797e-006, 7.78278376856e-007, 3.0112609295e-008, 4.05851768859e-010, 1.99188842503e-011]
        min: [3.21649553849e-024, 3.97283289188e-024, 6.43963091922e-024, 7.30268419258e-024, 1.25729211165e-023, 7.62880875713e-023, 1.03696933505e-023, 2.21794412395e-023, 9.05289201767e-023, 5.74919050935e-023, 2.91520833843e-023, 7.45146020386e-023, 1.15886090358e-022, 9.63808796982e-023, 1.11727114691e-022, 1.29094474432e-022, 1.84504178011e-022, 1.88886041593e-022, 2.14718244878e-022, 2.97515974774e-022, 2.64530229339e-022, 4.31302896793e-022, 6.41179933851e-022, 8.68461590127e-022, 1.17607402523e-021, 1.73220304049e-021, 2.11572020202e-021, 5.65281063939e-022]
        var: [5.28735346792e-014, 9.32739574466e-009, 4.53484787499e-008, 7.67162973148e-008, 1.00378190382e-006, 1.09080573907e-007, 5.57689148195e-008, 2.50150460346e-008, 3.97633215243e-008, 4.76830663843e-008, 3.06305771858e-008, 2.40662885176e-008, 1.65394897778e-008, 1.46950647206e-008, 1.24543344526e-008, 1.12889530612e-007, 1.77853635819e-007, 1.42561674465e-007, 4.48861896984e-007, 2.68387196911e-007, 5.97861173901e-008, 6.41716813021e-009, 5.06874764383e-010, 7.39668812311e-011, 3.26960442228e-012, 5.43938343057e-015, 1.03419062586e-018, 6.10437966314e-021]
    mfcc:
        mean: [-692.445007324, 94.5102920532, -55.1080513, 64.9292907715, -16.3758506775, -4.38568162918, -4.12121009827, -3.41313838959, -3.29797768593, -3.67265129089, -7.15382146835, -5.30408430099, -3.03969240189]
        cov: [[4131.24072266, -437.117584229, -477.33480835, 567.214233398, -250.491973877, 157.596069336, -39.4045600891, 86.0605773926, 36.596118927, 40.8669662476, -30.888420105, -12.2376708984, -113.554252625], [-437.117584229, 744.801330566, -1.0523198843, -39.8586807251, 73.0459060669, -41.6856498718, 35.9648513794, -26.0784511566, -19.6433887482, -27.1211662292, 7.60905075073, 2.67367529869, 53.6237678528], [-477.33480835, -1.0523198843, 776.216369629, -9.73812103271, 246.817611694, 128.426208496, 39.4219017029, 23.0234031677, 4.61325979233, 45.8379325867, -9.79588317871, 26.2230968475, 23.6648216248], [567.214233398, -39.8586807251, -9.73812103271, 406.485443115, 81.217338562, 84.1857299805, -10.1794490814, 5.71108436584, 71.8189926147, 59.6966362, -3.06697845459, 13.6766090393, -6.30372667313], [-250.491973877, 73.0459060669, 246.817611694, 81.217338562, 214.652420044, 68.4369049072, 25.1445579529, -6.8607635498, 23.5138530731, 40.3738098145, -4.84127807617, 12.0821237564, 14.4061040878], [157.596069336, -41.6856498718, 128.426208496, 84.1857299805, 68.4369049072, 141.777709961, 47.8045692444, 34.4173202515, 21.6992778778, 25.7951869965, 2.0669233799, 12.8757944107, -6.93187570572], [-39.4045600891, 35.9648513794, 39.4219017029, -10.1794490814, 25.1445579529, 47.8045692444, 101.679580688, 48.5417289734, 24.1757450104, 14.1113319397, 6.80755567551, 12.8762111664, 7.31782388687], [86.0605773926, -26.0784511566, 23.0234031677, 5.71108436584, -6.8607635498, 34.4173202515, 48.5417289734, 104.500808716, 33.832408905, 14.618522644, 11.879283905, 7.05236339569, 1.59257555008], [36.596118927, -19.6433887482, 4.61325979233, 71.8189926147, 23.5138530731, 21.6992778778, 24.1757450104, 33.832408905, 89.5996627808, 46.6802139282, 5.10746574402, 6.56504297256, -0.15702226758], [40.8669662476, -27.1211662292, 45.8379325867, 59.6966362, 40.3738098145, 25.7951869965, 14.1113319397, 14.618522644, 46.6802139282, 88.1161880493, 24.5141124725, 10.4932565689, 0.841159939766], [-30.888420105, 7.60905075073, -9.79588317871, -3.06697845459, -4.84127807617, 2.0669233799, 6.80755567551, 11.879283905, 5.10746574402, 24.5141124725, 62.7475204468, 23.8356704712, 10.3704814911], [-12.2376708984, 2.67367529869, 26.2230968475, 13.6766090393, 12.0821237564, 12.8757944107, 12.8762111664, 7.05236339569, 6.56504297256, 10.4932565689, 23.8356704712, 57.4089813232, 25.0925769806], [-113.554252625, 53.6237678528, 23.6648216248, -6.30372667313, 14.4061040878, -6.93187570572, 7.31782388687, 1.59257555008, -0.15702226758, 0.841159939766, 10.3704814911, 25.0925769806, 59.9845428467]]
        icov: [[0.000440767267719, 7.65466320445e-005, 0.000139063093229, -0.000671805115417, 0.000700519769453, -0.000479382870253, 0.000129776017275, -0.000372693670215, 0.000573145109229, -0.000336388446158, 0.000412381486967, -0.000199180460186, 0.000429175415775], [7.65466320445e-005, 0.00170601613354, 0.000232089529163, -0.000128803032567, -0.000931742601097, 0.000716332171578, -0.00108652294148, 0.0003767645685, 0.000250535696978, 0.000734020140953, -0.000558391853701, 0.000718427472748, -0.00126983283553], [0.000139063093229, 0.000232089529163, 0.00255914125592, 0.000777508248575, -0.00262504373677, -0.00162258313503, 0.000870319025125, -0.000925495871343, 0.000841842091177, -0.000790311023593, 0.000975092931185, -0.000692652480211, -0.000376352341846], [-0.000671805115417, -0.000128803032567, 0.000777508248575, 0.00505416747183, -0.00258818501607, -0.00203430606052, 0.00221066875383, 0.000673305650707, -0.00320021691732, -0.000568257935811, 0.000404676771723, -0.000706360617187, -0.000608176458627], [0.000700519769453, -0.000931742601097, -0.00262504373677, -0.00258818501607, 0.0112467948347, -0.00226556975394, -0.00109212088864, 0.00204528449103, 0.000140300122439, -0.00268383766524, 0.00165910285432, 2.53529451584e-005, -0.000220694128075], [-0.000479382870253, 0.000716332171578, -0.00162258313503, -0.00203430606052, -0.00226556975394, 0.0137331485748, -0.0055969459936, -0.00138575781602, 0.0012611921411, 0.000433518143836, -0.000694988295436, -0.00101509969682, 0.00227120425552], [0.000129776017275, -0.00108652294148, 0.000870319025125, 0.00221066875383, -0.00109212088864, -0.0055969459936, 0.0167244691402, -0.0058229281567, -0.0022709062323, -0.000787459663115, 0.00127848610282, -0.00235023791902, -0.000397052412154], [-0.000372693670215, 0.0003767645685, -0.000925495871343, 0.000673305650707, 0.00204528449103, -0.00138575781602, -0.0058229281567, 0.0152240889147, -0.00550230871886, 0.00177632085979, -0.00303154950961, 0.00152821175288, -0.00110611144919], [0.000573145109229, 0.000250535696978, 0.000841842091177, -0.00320021691732, 0.000140300122439, 0.0012611921411, -0.0022709062323, -0.00550230871886, 0.0206702463329, -0.00949991587549, 0.00384053098969, -0.00118756771553, 0.000747907033656], [-0.000336388446158, 0.000734020140953, -0.000790311023593, -0.000568257935811, -0.00268383766524, 0.000433518143836, -0.000787459663115, 0.00177632085979, -0.00949991587549, 0.0207641683519, -0.00890174508095, 0.00171194050927, 0.00020945671713], [0.000412381486967, -0.000558391853701, 0.000975092931185, 0.000404676771723, 0.00165910285432, -0.000694988295436, 0.00127848610282, -0.00303154950961, 0.00384053098969, -0.00890174508095, 0.0236064177006, -0.00929013360292, 0.000323317857692], [-0.000199180460186, 0.000718427472748, -0.000692652480211, -0.000706360617187, 2.53529451584e-005, -0.00101509969682, -0.00235023791902, 0.00152821175288, -0.00118756771553, 0.00171194050927, -0.00929013360292, 0.0265359841287, -0.0102189704776], [0.000429175415775, -0.00126983283553, -0.000376352341846, -0.000608176458627, -0.000220694128075, 0.00227120425552, -0.000397052412154, -0.00110611144919, 0.000747907033656, 0.00020945671713, 0.000323317857692, -0.0102189704776, 0.0233143270016]]
    sccoeffs:
        dmean: [0.0522075109184, 0.0443539246917, 0.0362354777753, 0.035516500473, 0.0360596738756, 0.0226952526718]
        dmean2: [0.0872989147902, 0.0735734030604, 0.0589079223573, 0.0602506063879, 0.0644786134362, 0.0385722033679]
        dvar: [0.00223398976959, 0.00125769281294, 0.000836811668705, 0.000866052112542, 0.00105068215635, 0.000356484553777]
        dvar2: [0.00616963906214, 0.00340971397236, 0.00217457325198, 0.00244649522938, 0.0030557140708, 0.000950821209699]
        max: [-0.257859498262, -0.443299055099, -0.476884186268, -0.54133617878, -0.445866376162, -0.510362744331]
        mean: [-0.64436173439, -0.744413673878, -0.77256000042, -0.775486707687, -0.770190834999, -0.701298594475]
        median: [-0.652715742588, -0.749831914902, -0.77983891964, -0.781588315964, -0.779480874538, -0.702013134956]
        min: [-0.952519357204, -0.958607673645, -0.975202679634, -0.965839982033, -0.960175395012, -0.964977920055]
        var: [0.00595622695982, 0.00434663752094, 0.00330359581858, 0.00234303600155, 0.00237170397304, 0.002619223902]
    scvalleys:
        dmean: [0.353996366262, 0.329168856144, 0.27838486433, 0.282498091459, 0.296833783388, 0.292683124542]
        dmean2: [0.584489524364, 0.550315856934, 0.456358760595, 0.47152236104, 0.51463341713, 0.489066690207]
        dvar: [0.0921180546284, 0.0857251361012, 0.0577360354364, 0.0633404403925, 0.0852858647704, 0.0901397392154]
        dvar2: [0.241025730968, 0.222504615784, 0.14121222496, 0.160772353411, 0.214788675308, 0.189512297511]
        max: [-5.45351791382, -4.70629692078, -5.44422483444, -5.96306610107, -5.578810215, -7.83830451965]
        mean: [-7.01722812653, -6.64433813095, -7.11350536346, -7.17850875854, -6.74150705338, -9.91888427734]
        median: [-6.71536207199, -6.53169059753, -6.99763250351, -7.01592063904, -6.4081196785, -9.57270622253]
        min: [-28.1042747498, -27.7924404144, -27.5556564331, -27.2064247131, -27.3108119965, -27.2758674622]
        var: [1.56288468838, 0.835292875767, 0.964048206806, 1.00460648537, 1.26697969437, 1.90914368629]

rhythm:
    beats_loudness:
        dmean: 0.00147478992585
        dmean2: 0.00265035638586
        dvar: 1.41089071803e-006
        dvar2: 4.47745833299e-006
        max: 0.0127371428534
        mean: 0.00589170213789
        median: 0.00620758440346
        min: 1.31816406679e-007
        var: 4.25986036134e-006
    bpm: 105.117279053
    bpm_confidence: 0
    first_peak_bpm: 105
    first_peak_spread: 0.350220292807
    first_peak_weight: 0.637149035931
    onset_rate: 2.04674291611
    second_peak_bpm: 110
    second_peak_spread: 0
    second_peak_weight: 0.0129589634016
    beats_loudness_band_ratio:
        dmean: [0.0635451003909, 0.160268813372, 0.0491299591959, 0.047923784703, 0.0782990828156, 0.0900176092982]
        dmean2: [0.113494180143, 0.291427731514, 0.0859913155437, 0.083048760891, 0.135941982269, 0.155016809702]
        dvar: [0.00431593088433, 0.0148139698431, 0.00282960012555, 0.00468980614096, 0.00487081799656, 0.0058890208602]
        dvar2: [0.0136388801038, 0.0470525249839, 0.00777075812221, 0.013376721181, 0.0124971522018, 0.017699521035]
        max: [0.952929258347, 0.717951178551, 0.463786274195, 0.631858468056, 0.586237549782, 0.749665498734]
        mean: [0.124844565988, 0.223745808005, 0.0769011080265, 0.0704241916537, 0.231837525964, 0.310370266438]
        median: [0.089887149632, 0.195737063885, 0.0581415072083, 0.0468671321869, 0.224752008915, 0.314020603895]
        min: [1.05477738543e-005, 0.000479289068608, 0.00188082654495, 0.00215681199916, 0.00084417843027, 0.000915483455174]
        var: [0.0152317574248, 0.0273966230452, 0.00371673610061, 0.00514027196914, 0.0104729933664, 0.0149200996384]
    beats_position: [0.53405892849, 1.07972788811, 1.62539684772, 2.17106580734, 2.71673464775, 3.27401351929, 3.84290242195, 4.41179132462, 4.99229001999, 5.54956912994, 6.11845779419, 6.68734693527, 7.26784563065, 7.84834432602, 8.4172334671, 8.98612213135, 9.55501079559, 10.1239004135, 10.6927890778, 11.261677742, 11.8421764374, 12.4226751328, 12.9915647507, 13.5604534149, 14.1293420792, 14.6982307434, 15.2671203613, 15.8360090256, 16.4048976898, 16.9737873077, 17.5426750183, 18.1231746674, 18.6920623779, 19.2493419647, 19.8298416138, 20.4103393555, 20.9792289734, 21.5597267151, 22.128616333, 22.6975059509, 23.2663936615, 23.8352832794, 24.40417099, 24.9730606079, 25.553560257, 26.1340579987, 26.7029476166, 27.2718353271, 27.8407249451, 28.409614563, 28.9785022736, 29.5590019226, 30.1278915405, 30.7083892822, 31.2772789001, 31.8461666107, 32.4150543213, 32.9839439392, 33.5528335571, 34.1333312988, 34.7138328552, 35.2943305969, 35.8516082764, 36.4204978943, 36.9893875122, 37.5582771301, 38.1271629333, 38.6960525513, 39.2649421692, 39.8454399109, 40.4143295288, 40.9832191467, 41.5521087646, 42.1209983826, 42.6898841858, 43.2587738037, 43.8276634216, 44.4081611633, 44.9770507813, 45.5575485229, 46.1264381409, 46.6953277588, 47.2642173767, 47.8331069946, 48.4136047363, 48.9824943542, 49.5513839722, 50.1202697754, 50.6891593933, 51.269657135, 51.8385467529, 52.4074363708, 52.9879341125, 53.5568237305, 54.1257133484, 54.7062110901, 55.2634925842, 55.8439903259, 56.4128799438, 56.9817695618, 57.550655365, 58.1195449829, 58.7000427246, 59.2689323425, 59.8378219604, 60.4183197021, 60.9872093201, 61.556098938, 62.1249885559, 62.6938781738, 63.2743759155, 63.8432655334, 64.4121551514, 64.9810409546, 65.5499343872, 66.1304321289, 66.6993179321, 67.2682037354, 67.8254852295, 68.4059829712, 68.9864807129, 69.5553741455, 70.1242599487, 70.6931533813, 71.2620391846, 71.8309249878, 72.3998184204, 72.9803161621, 73.5492019653, 74.1180953979, 74.6985931396, 75.2558746338, 75.8363723755, 76.4168701172, 76.9857559204, 77.554649353, 78.1351470947, 78.7040328979, 79.2845306396, 79.8534240723, 80.4223098755, 80.9912033081, 81.5600891113, 82.1289749146, 82.6978683472, 83.2667541504, 83.8472518921, 84.4277572632, 84.9966430664, 85.5655288696, 86.1344223022, 86.7033081055, 87.2838058472, 87.8410873413, 88.4099731445, 88.9788665771, 89.5593643188, 90.1282501221, 90.7087478638, 91.2776412964, 91.8349151611, 92.4038085938, 92.9843063354, 93.5531921387, 94.1220855713, 94.6909713745, 95.2714691162, 95.8403625488, 96.4092483521, 96.9897460938, 97.5586395264, 98.1275253296, 98.6964187622, 99.2653045654, 99.8341903687, 100.403083801, 100.983581543, 101.552467346, 102.121360779, 102.701858521, 103.270744324, 103.839637756, 104.40852356, 104.977409363, 105.546302795, 106.126800537, 106.69568634, 107.276191711, 107.845077515, 108.413963318, 108.98285675, 109.551742554, 110.120635986, 110.701133728, 111.270019531, 111.838912964, 112.407798767, 112.97668457, 113.545578003, 114.126075745, 114.694961548, 115.26385498, 115.844352722, 116.413238525, 116.982131958, 117.5626297, 118.119903564, 118.688796997, 119.2576828, 119.838180542, 120.407073975, 120.975959778, 121.55645752, 122.125350952, 122.694236755, 123.274734497, 123.84362793, 124.412513733, 124.993011475, 125.550292969, 126.13079071, 126.699676514, 127.268569946, 127.849067688, 128.406341553, 128.986846924, 129.555740356, 130.12461853, 130.705123901, 131.274017334, 131.842895508, 132.423400879, 132.992294312, 133.561172485, 134.141677856, 134.698959351, 135.267837524, 135.836730957, 136.40562439, 136.974502563, 137.543395996, 138.123901367, 138.692779541, 139.273284912, 139.842178345, 140.411056519, 140.979949951, 141.548843384, 142.129333496, 142.709838867, 143.290344238, 143.847610474, 144.416503906, 144.985397339, 145.554275513, 146.123168945, 146.692062378, 147.27255249, 147.853057861, 148.421951294, 148.990829468, 149.5597229, 150.128616333, 150.697509766, 151.266387939, 151.835281372, 152.415786743, 152.984664917, 153.55355835, 154.134063721, 154.714553833, 155.271835327, 155.84072876, 156.409606934, 156.990112305, 157.559005737, 158.127883911, 158.708389282, 159.277282715, 159.846160889, 160.415054321, 160.983947754, 161.552825928, 162.12171936, 162.702224731, 163.282714844, 163.851608276, 164.420501709, 164.989379883, 165.558273315, 166.127166748, 166.696044922, 167.253326416, 167.822219849, 168.391113281, 168.971603394, 169.552108765, 170.121002197, 170.689880371, 171.258773804, 171.827667236, 172.408157349, 172.977050781, 173.545944214, 174.114822388, 174.695327759, 175.264221191, 175.844711304, 176.425216675, 177.005706787, 177.562988281, 178.143493652, 178.712371826, 179.26965332, 179.838546753, 180.395828247, 180.964706421, 181.545211792, 182.114105225, 182.682983398, 183.251876831, 183.832382202, 184.389663696, 184.970153809, 185.55065918, 186.131149292, 186.700042725, 187.257324219, 187.826202393, 188.395095825, 188.963989258, 189.53288269, 190.101760864, 190.682266235, 191.262756348, 191.83164978, 192.412155151, 192.992645264, 193.561538696, 194.130432129, 194.699310303, 195.291427612, 195.860321045, 196.429199219, 196.998092651, 197.566986084, 198.135864258, 198.693145752, 199.262039185, 199.842529297, 200.411422729, 200.980316162, 201.537597656, 202.10647583, 202.686981201, 203.255874634, 203.836364746, 204.405258179, 204.985748291, 205.554641724, 206.123535156, 206.692428589, 207.261306763, 207.830200195, 208.399093628, 208.967971802, 209.536865234, 210.117370605, 210.686248779, 211.255142212, 211.824035645, 212.392913818, 212.973419189, 213.565536499, 214.134414673, 214.703308105, 215.272201538, 215.85269165, 216.433197021, 217.013687134, 217.594192505, 218.174682617, 218.74357605, 219.312469482, 219.869750977, 220.427032471, 220.984298706, 221.553192139, 222.13369751, 222.702575684, 223.271469116, 223.840362549, 224.409240723, 224.978134155, 225.547027588, 226.1275177, 226.696411133, 227.265304565, 227.834197998, 228.403076172, 228.983581543, 229.552474976, 230.121353149, 230.690246582, 231.270736694, 231.851242065, 232.420135498, 232.989013672, 233.569519043, 234.126800537, 234.69569397, 235.264572144, 235.845077515, 236.413970947, 236.982849121, 237.551742554, 238.120635986, 238.68951416, 239.258407593, 239.838912964, 240.407791138, 240.97668457, 241.557189941, 242.126068115, 242.706573486, 243.275466919, 243.844345093, 244.413238525, 244.982131958, 245.551010132, 246.108291626, 246.688796997, 247.269287109, 247.84979248, 248.418685913, 248.987564087, 249.55645752, 250.125350952, 250.705841064, 251.274734497, 251.84362793, 252.412506104, 252.969787598, 253.53868103, 254.107574463, 254.688064575, 255.256958008, 255.74458313, 256.243804932, 256.743041992, 257.300323486, 257.85760498, 258.414855957, 258.972137451, 259.529418945, 260.07510376, 260.632385254, 261.178039551, 261.746948242, 262.315826416, 262.896331787, 263.465209961, 264.045715332, 264.626220703]
