
metadata:
    version:
        essentia: "2.1-beta2"
    audio_properties:
        analysis_sample_rate: 44100
        bitrate: 320
        channels: 2
        equal_loudness: 1
        length: 261.224487305
        replay_gain: -14.6306552887
        downmix: "mix"
    tags:
        album: "Extremist"
        artist: "Demon Hunter"
        comment: ""
        date: "2014"
        genre: "Christian Metal"
        title: "One Last Song"
        tracknumber: "6"

configuration:
    average_loudness:
        compute: 1
        frameSize: 88200
        hopSize: 44100
        silentFrames: "noise"
        windowType: "hann"
    general:
        analysisSampleRate: 44100
        endTime: 2000
        equalLoudness: 1
        nequalLoudness: 0
        shortSound: 0
        startTime: 0
    lowlevel:
        compute: 1
        frameSize: 2048
        hopSize: 1024
        zeroPadding: 0
        silentFrames: "noise"
        windowType: "blackmanharris62"
        mfccStats: ["mean", "cov", "icov"]
        stats: ["mean", "var", "median", "min", "max", "dmean", "dmean2", "dvar", "dvar2"]
    panning:
        compute: 0
        frameSize: 8192
        hopSize: 2048
        zeroPadding: 8192
        silentFrames: "noise"
        windowType: "hann"
        stats: ["copy"]
    rhythm:
        compute: 1
        maxTempo: 208
        minTempo: 40
        method: "degara"
        stats: ["mean", "var", "median", "min", "max", "dmean", "dmean2", "dvar", "dvar2"]
    segmentation:
        compute: 0
        cpw: 5
        inc1: 300
        inc2: 50
        minimumSegmentsLength: 10
        size1: 1000
        size2: 600
    sfx:
        compute: 1
        stats: ["mean", "var", "median", "min", "max", "dmean", "dmean2", "dvar", "dvar2"]
    svm:
        compute: 0
    tonal:
        compute: 1
        frameSize: 4096
        hopSize: 2048
        zeroPadding: 0
        silentFrames: "noise"
        windowType: "blackmanharris62"
        stats: ["mean", "var", "median", "min", "max", "dmean", "dmean2", "dvar", "dvar2"]

lowlevel:
    average_loudness: 0.975286781788
    barkbands_kurtosis:
        dmean: 0.640926420689
        dmean2: 1.05890345573
        dvar: 1.01692450047
        dvar2: 2.44304251671
        max: 33.9831695557
        mean: -0.694273710251
        median: -1.05553531647
        min: -1.91659295559
        var: 2.08557534218
    barkbands_skewness:
        dmean: 0.373344630003
        dmean2: 0.60670542717
        dvar: 0.135841488838
        dvar2: 0.353502780199
        max: 5.49723148346
        mean: -0.623158037663
        median: -0.642455518246
        min: -4.06664896011
        var: 0.372727334499
    barkbands_spread:
        dmean: 6.21545505524
        dmean2: 10.2580976486
        dvar: 35.6007118225
        dvar2: 93.6171569824
        max: 71.1222991943
        mean: 36.3369941711
        median: 35.9774169922
        min: 2.41695857048
        var: 77.1791000366
    dissonance:
        dmean: 0.00797566678375
        dmean2: 0.0136003987864
        dvar: 5.65396949241e-005
        dvar2: 0.000158103866852
        max: 0.500000059605
        mean: 0.485906541348
        median: 0.488274782896
        min: 0.320439010859
        var: 0.000111490575364
    hfc:
        dmean: 2.84844851494
        dmean2: 4.68486309052
        dvar: 9.5801076889
        dvar2: 25.5234470367
        max: 44.0467376709
        mean: 12.8526649475
        median: 12.6923675537
        min: 1.09036777825e-016
        var: 19.7849063873
    pitch:
        dmean: 944.898925781
        dmean2: 1807.7175293
        dvar: 1924238.5
        dvar2: 4627881
        max: 4863.7890625
        mean: 2686.43994141
        median: 3619.22753906
        min: 82.263381958
        var: 2375673.75
    pitch_instantaneous_confidence:
        dmean: 0.0733778104186
        dmean2: 0.121904477477
        dvar: 0.00341290258802
        dvar2: 0.00897449906915
        max: 0.846409261227
        mean: 0.376096218824
        median: 0.368123710155
        min: 0.0994635224342
        var: 0.00935920607299
    pitch_salience:
        dmean: 0.0568050406873
        dmean2: 0.0965212658048
        dvar: 0.00260631134734
        dvar2: 0.00761375809088
        max: 0.920440852642
        mean: 0.673794865608
        median: 0.684938490391
        min: 0.287803649902
        var: 0.00505647109821
    silence_rate_20dB:
        dmean: 0
        dmean2: 0
        dvar: 0
        dvar2: 0
        max: 1
        mean: 1
        median: 1
        min: 1
        var: 0
    silence_rate_30dB:
        dmean: 0
        dmean2: 0
        dvar: 0
        dvar2: 0
        max: 1
        mean: 1
        median: 1
        min: 1
        var: 0
    silence_rate_60dB:
        dmean: 0.0403555557132
        dmean2: 0.0807182863355
        dvar: 0.0387239381671
        dvar2: 0.0903816372156
        max: 1
        mean: 0.066482976079
        median: 0
        min: 0
        var: 0.0620650872588
    spectral_centroid:
        dmean: 276.945770264
        dmean2: 454.358306885
        dvar: 83298.484375
        dvar2: 207487.0625
        max: 11703.5722656
        mean: 2305.04760742
        median: 2318.48144531
        min: 197.458587646
        var: 227114.296875
    spectral_complexity:
        dmean: 4.18168878555
        dmean2: 6.68166065216
        dvar: 12.314581871
        dvar2: 29.5670013428
        max: 45
        mean: 23.9947566986
        median: 24
        min: 0
        var: 48.5649337769
    spectral_crest:
        dmean: 1.74894785881
        dmean2: 3.01786541939
        dvar: 3.68653726578
        dvar2: 10.4221372604
        max: 19.2161998749
        mean: 6.33942270279
        median: 5.84427118301
        min: 2.71616911888
        var: 4.67084121704
    spectral_decrease:
        dmean: 2.88013612959e-010
        dmean2: 4.85260276406e-010
        dvar: 2.03042363946e-019
        dvar2: 5.56498630093e-019
        max: 9.47714315373e-029
        mean: -1.20217102939e-009
        median: -1.16119425186e-009
        min: -5.04614661168e-009
        var: 2.40586334191e-019
    spectral_energy:
        dmean: 0.00130156194791
        dmean2: 0.00217629503459
        dvar: 3.58507668352e-006
        dvar2: 9.73944042926e-006
        max: 0.021470695734
        mean: 0.00570303807035
        median: 0.0055593913421
        min: 1.05380168554e-020
        var: 4.68077314508e-006
    spectral_energyband_high:
        dmean: 0.000286519294605
        dmean2: 0.000483711337438
        dvar: 1.02573217475e-007
        dvar2: 2.82335122392e-007
        max: 0.00374835869297
        mean: 0.000828416494187
        median: 0.000766558281612
        min: 7.6024384876e-021
        var: 1.55958602477e-007
    spectral_energyband_low:
        dmean: 0.000241574729444
        dmean2: 0.000416033231886
        dvar: 9.54994590074e-008
        dvar2: 2.65597719817e-007
        max: 0.0028298436664
        mean: 0.000386559317121
        median: 0.000303171895212
        min: 3.49160186506e-023
        var: 9.59612620477e-008
    spectral_energyband_middle_high:
        dmean: 0.000660416146275
        dmean2: 0.00105623225681
        dvar: 3.69919206378e-007
        dvar2: 9.47732189616e-007
        max: 0.00791990756989
        mean: 0.00301036634482
        median: 0.00296136667021
        min: 1.52205756354e-021
        var: 1.23283678022e-006
    spectral_energyband_middle_low:
        dmean: 0.000767081102822
        dmean2: 0.00131844752468
        dvar: 2.2905996957e-006
        dvar2: 6.44272768113e-006
        max: 0.0154355065897
        mean: 0.00160268740728
        median: 0.00123583828099
        min: 1.95516234486e-022
        var: 2.09898212233e-006
    spectral_flatness_db:
        dmean: 0.0115685695782
        dmean2: 0.0187006779015
        dvar: 0.000110921479063
        dvar2: 0.00029679085128
        max: 0.295336544514
        mean: 0.143396958709
        median: 0.138779938221
        min: 0.0600604861975
        var: 0.000624228094239
    spectral_flux:
        dmean: 0.00695736287162
        dmean2: 0.0106002455577
        dvar: 7.12580076652e-005
        dvar2: 0.00013644855062
        max: 0.129184216261
        mean: 0.0468219593167
        median: 0.0455649122596
        min: 6.57981932828e-011
        var: 0.000149660001625
    spectral_kurtosis:
        dmean: 0.829582095146
        dmean2: 1.40314698219
        dvar: 0.649688780308
        dvar2: 1.93186569214
        max: 14.763463974
        mean: 2.86164402962
        median: 2.80011987686
        min: -1.24157059193
        var: 1.38126158714
    spectral_rms:
        dmean: 0.000252370693488
        dmean2: 0.000412259541918
        dvar: 9.76056782065e-008
        dvar2: 2.5675765869e-007
        max: 0.00457679154351
        mean: 0.00231765164062
        median: 0.00232890457846
        min: 3.20639868823e-012
        var: 1.9245182159e-007
    spectral_rolloff:
        dmean: 204.545837402
        dmean2: 341.294616699
        dvar: 93036.984375
        dvar2: 198306.78125
        max: 18755.4199219
        mean: 3957.23120117
        median: 3962.109375
        min: 129.19921875
        var: 195731.96875
    spectral_skewness:
        dmean: 0.129429027438
        dmean2: 0.210857897997
        dvar: 0.0132356565446
        dvar2: 0.0351778231561
        max: 3.25968289375
        mean: 0.991764128208
        median: 0.985582113266
        min: -0.0666235461831
        var: 0.0679850131273
    spectral_spread:
        dmean: 342326.71875
        dmean2: 510075.5625
        dvar: 375844274176
        dvar2: 813875986432
        max: 52740224
        mean: 4289079
        median: 4196412.5
        min: 2119599.5
        var: 1.46476263014e+012
    spectral_strongpeak:
        dmean: 0.602014899254
        dmean2: 1.05037653446
        dvar: 0.628785252571
        dvar2: 1.67379963398
        max: 7.62128448486
        mean: 0.782434105873
        median: 0.486310571432
        min: 0
        var: 0.764478981495
    zerocrossingrate:
        dmean: 0.00708867190406
        dmean2: 0.00906161312014
        dvar: 4.80238850287e-005
        dvar2: 6.3537096139e-005
        max: 0.5107421875
        mean: 0.124216519296
        median: 0.12451171875
        min: 0.01708984375
        var: 0.000346441171132
    barkbands:
        dmean: [2.25913609597e-007, 8.8998262072e-005, 0.000141501805047, 0.000140273405123, 0.00051797326887, 0.000123468606034, 0.000101568934042, 8.98125435924e-005, 0.000147991187987, 5.09747987962e-005, 3.62539831258e-005, 5.3022577049e-005, 4.59995644633e-005, 5.13464510732e-005, 5.50889562874e-005, 0.00015815605002, 0.000179490773007, 0.000172365151229, 0.000341242383001, 0.000292138691293, 0.000131062683067, 5.74787336518e-005, 9.24605865293e-006, 2.40951294472e-006, 6.27605800219e-007, 2.79319962715e-008, 4.24585366865e-010]
        dmean2: [3.72729999754e-007, 0.00015662649821, 0.000244827620918, 0.000245114788413, 0.000918049598113, 0.000205582080525, 0.000162597818417, 0.000142331235111, 0.00023406278342, 8.19266861072e-005, 5.76432030357e-005, 8.25290408102e-005, 7.30240426492e-005, 8.14968225313e-005, 9.10150265554e-005, 0.000264527276158, 0.0002998279233, 0.000283892906737, 0.000568237912375, 0.000491926446557, 0.000222634334932, 0.00010053038568, 1.47184382513e-005, 3.66022572962e-006, 9.95199570752e-007, 4.33332196792e-008, 6.84430068176e-010]
        dvar: [7.53526134176e-014, 2.30254606493e-008, 3.32044649554e-008, 3.94802874837e-008, 1.75747493358e-006, 4.0414331437e-008, 3.88835310616e-008, 3.66338959168e-008, 5.00032228956e-008, 1.06548174728e-008, 6.94662816159e-009, 1.53905528322e-008, 7.72487052103e-009, 7.85151321736e-009, 5.17806642009e-009, 2.55047751807e-008, 3.07874614691e-008, 3.05058236449e-008, 1.11128223068e-007, 7.8510474566e-008, 2.55620733469e-008, 7.18224058005e-009, 3.50723672327e-010, 2.43179990034e-011, 1.13288653632e-012, 3.26364759192e-015, 3.41629573791e-019]
        dvar2: [1.88617716823e-013, 6.30810745861e-008, 9.45681861708e-008, 1.17324773896e-007, 4.9243385547e-006, 1.01642001482e-007, 9.30320496195e-008, 8.59270912201e-008, 1.1641753872e-007, 2.52422633906e-008, 1.60680677652e-008, 3.5202006643e-008, 1.89179445442e-008, 1.86617121756e-008, 1.33527731094e-008, 6.85426044811e-008, 8.43076648493e-008, 8.03806798899e-008, 3.04260908024e-007, 2.17974331918e-007, 7.08021374862e-008, 1.97015221914e-008, 7.35447203137e-010, 4.70789691953e-011, 2.51927970672e-012, 6.96073634252e-015, 7.48093098705e-019]
        max: [2.51995720646e-006, 0.00121605396271, 0.00179614406079, 0.00232975906692, 0.0128065887839, 0.00360567308962, 0.00366470660083, 0.00401415908709, 0.00444663502276, 0.00194721063599, 0.00173025741242, 0.00334676285274, 0.00169955345336, 0.00157169764861, 0.00171898538247, 0.00204574759118, 0.00230016862042, 0.00258997455239, 0.00477598235011, 0.00442922674119, 0.00243952218443, 0.000957593030762, 0.000435686175479, 0.000141623357194, 1.90097871382e-005, 1.37026211178e-006, 1.1873340533e-008]
        mean: [2.64478217105e-007, 0.00010532928718, 0.000197079003556, 0.000174330954906, 0.000539838743862, 0.000197185916477, 0.000193774758372, 0.00017976773961, 0.000296608253848, 8.58940256876e-005, 5.56996783416e-005, 8.65730980877e-005, 7.99280023784e-005, 9.50044923229e-005, 0.000111565961561, 0.00032966028084, 0.000412703724578, 0.000397889351007, 0.000897982739843, 0.000821920868475, 0.000318614998832, 9.88503015833e-005, 1.93871692318e-005, 5.65662185181e-006, 1.4736385765e-006, 6.58985754853e-008, 8.98902507984e-010]
        median: [1.50533864485e-007, 6.26071123406e-005, 0.000144603283843, 0.000105542472738, 0.000238867331063, 0.000107982588816, 6.54876639601e-005, 4.19753014285e-005, 0.000156818336109, 3.42379862559e-005, 2.29495617532e-005, 2.90606330964e-005, 3.13679483952e-005, 4.59740003862e-005, 8.24853341328e-005, 0.00028451194521, 0.000362047750968, 0.000341665814631, 0.000805737101473, 0.000772080384195, 0.000285135145532, 7.17039947631e-005, 1.03919874164e-005, 3.18844922731e-006, 1.02492197129e-006, 3.61743666133e-008, 5.17016596202e-010]
        min: [8.02508198881e-024, 1.62185668482e-023, 3.64641013791e-024, 6.83713240734e-024, 3.94368763688e-023, 3.02804952667e-023, 1.91193456585e-023, 3.19478506086e-023, 2.76741303903e-023, 5.21409732209e-023, 5.24436907047e-023, 3.98074516676e-023, 7.24076618458e-023, 7.67298244347e-023, 7.52546229875e-023, 1.04946148391e-022, 1.23579087149e-022, 1.82292578064e-022, 1.85113279604e-022, 3.31658682546e-022, 3.12079861698e-022, 4.19392586494e-022, 5.10242907536e-022, 7.08945635208e-022, 1.20067638806e-021, 1.37005767337e-021, 2.08771197957e-021]
        var: [9.8171484505e-014, 1.77554362324e-008, 3.49203084227e-008, 4.21380264015e-008, 1.23722168155e-006, 7.99473269808e-008, 1.43968080124e-007, 1.68138186041e-007, 1.90283685697e-007, 2.31697008246e-008, 1.26631434227e-008, 2.92300832427e-008, 1.63222324545e-008, 1.86034743166e-008, 1.12506821637e-008, 4.53831496827e-008, 6.33810515183e-008, 5.95305920115e-008, 2.36621119143e-007, 1.46173888993e-007, 3.18126538446e-008, 8.08221400916e-009, 9.92161020008e-010, 9.33322655272e-011, 3.12198465864e-012, 9.40115261301e-015, 1.32590021157e-018]
    frequency_bands:
        dmean: [2.25913609597e-007, 8.8998262072e-005, 0.000141501805047, 0.000140273405123, 0.00051797326887, 0.000123468606034, 0.000101568934042, 8.98125435924e-005, 0.000147991187987, 5.09747987962e-005, 3.62539831258e-005, 5.3022577049e-005, 4.59995644633e-005, 5.13464510732e-005, 5.50889562874e-005, 0.00015815605002, 0.000179490773007, 0.000172365151229, 0.000341242383001, 0.000292138691293, 0.000131062683067, 5.74787336518e-005, 9.24605865293e-006, 2.40951294472e-006, 6.27605800219e-007, 2.79319962715e-008, 4.24585366865e-010, 6.62493254699e-011]
        dmean2: [3.72729999754e-007, 0.00015662649821, 0.000244827620918, 0.000245114788413, 0.000918049598113, 0.000205582080525, 0.000162597818417, 0.000142331235111, 0.00023406278342, 8.19266861072e-005, 5.76432030357e-005, 8.25290408102e-005, 7.30240426492e-005, 8.14968225313e-005, 9.10150265554e-005, 0.000264527276158, 0.0002998279233, 0.000283892906737, 0.000568237912375, 0.000491926446557, 0.000222634334932, 0.00010053038568, 1.47184382513e-005, 3.66022572962e-006, 9.95199570752e-007, 4.33332196792e-008, 6.84430068176e-010, 1.23043797373e-010]
        dvar: [7.53526134176e-014, 2.30254606493e-008, 3.32044649554e-008, 3.94802874837e-008, 1.75747493358e-006, 4.0414331437e-008, 3.88835310616e-008, 3.66338959168e-008, 5.00032228956e-008, 1.06548174728e-008, 6.94662816159e-009, 1.53905528322e-008, 7.72487052103e-009, 7.85151321736e-009, 5.17806642009e-009, 2.55047751807e-008, 3.07874614691e-008, 3.05058236449e-008, 1.11128223068e-007, 7.8510474566e-008, 2.55620733469e-008, 7.18224058005e-009, 3.50723672327e-010, 2.43179990034e-011, 1.13288653632e-012, 3.26364759192e-015, 3.41629573791e-019, 7.66590602036e-021]
        dvar2: [1.88617716823e-013, 6.30810745861e-008, 9.45681861708e-008, 1.17324773896e-007, 4.9243385547e-006, 1.01642001482e-007, 9.30320496195e-008, 8.59270912201e-008, 1.1641753872e-007, 2.52422633906e-008, 1.60680677652e-008, 3.5202006643e-008, 1.89179445442e-008, 1.86617121756e-008, 1.33527731094e-008, 6.85426044811e-008, 8.43076648493e-008, 8.03806798899e-008, 3.04260908024e-007, 2.17974331918e-007, 7.08021374862e-008, 1.97015221914e-008, 7.35447203137e-010, 4.70789691953e-011, 2.51927970672e-012, 6.96073634252e-015, 7.48093098705e-019, 2.43207886041e-020]
        max: [2.51995720646e-006, 0.00121605396271, 0.00179614406079, 0.00232975906692, 0.0128065887839, 0.00360567308962, 0.00366470660083, 0.00401415908709, 0.00444663502276, 0.00194721063599, 0.00173025741242, 0.00334676285274, 0.00169955345336, 0.00157169764861, 0.00171898538247, 0.00204574759118, 0.00230016862042, 0.00258997455239, 0.00477598235011, 0.00442922674119, 0.00243952218443, 0.000957593030762, 0.000435686175479, 0.000141623357194, 1.90097871382e-005, 1.37026211178e-006, 1.1873340533e-008, 1.49514889358e-009]
        mean: [2.64478217105e-007, 0.00010532928718, 0.000197079003556, 0.000174330954906, 0.000539838743862, 0.000197185916477, 0.000193774758372, 0.00017976773961, 0.000296608253848, 8.58940256876e-005, 5.56996783416e-005, 8.65730980877e-005, 7.99280023784e-005, 9.50044923229e-005, 0.000111565961561, 0.00032966028084, 0.000412703724578, 0.000397889351007, 0.000897982739843, 0.000821920868475, 0.000318614998832, 9.88503015833e-005, 1.93871692318e-005, 5.65662185181e-006, 1.4736385765e-006, 6.58985754853e-008, 8.98902507984e-010, 5.18981281561e-011]
        median: [1.50533864485e-007, 6.26071123406e-005, 0.000144603283843, 0.000105542472738, 0.000238867331063, 0.000107982588816, 6.54876639601e-005, 4.19753014285e-005, 0.000156818336109, 3.42379862559e-005, 2.29495617532e-005, 2.90606330964e-005, 3.13679483952e-005, 4.59740003862e-005, 8.24853341328e-005, 0.00028451194521, 0.000362047750968, 0.000341665814631, 0.000805737101473, 0.000772080384195, 0.000285135145532, 7.17039947631e-005, 1.03919874164e-005, 3.18844922731e-006, 1.02492197129e-006, 3.61743666133e-008, 5.17016596202e-010, 2.23827310852e-011]
        min: [8.02508198881e-024, 1.62185668482e-023, 3.64641013791e-024, 6.83713240734e-024, 3.94368763688e-023, 3.02804952667e-023, 1.91193456585e-023, 3.19478506086e-023, 2.76741303903e-023, 5.21409732209e-023, 5.24436907047e-023, 3.98074516676e-023, 7.24076618458e-023, 7.67298244347e-023, 7.52546229875e-023, 1.04946148391e-022, 1.23579087149e-022, 1.82292578064e-022, 1.85113279604e-022, 3.31658682546e-022, 3.12079861698e-022, 4.19392586494e-022, 5.10242907536e-022, 7.08945635208e-022, 1.20067638806e-021, 1.37005767337e-021, 2.08771197957e-021, 5.64182111278e-022]
        var: [9.8171484505e-014, 1.77554362324e-008, 3.49203084227e-008, 4.21380264015e-008, 1.23722168155e-006, 7.99473269808e-008, 1.43968080124e-007, 1.68138186041e-007, 1.90283685697e-007, 2.31697008246e-008, 1.26631434227e-008, 2.92300832427e-008, 1.63222324545e-008, 1.86034743166e-008, 1.12506821637e-008, 4.53831496827e-008, 6.33810515183e-008, 5.95305920115e-008, 2.36621119143e-007, 1.46173888993e-007, 3.18126538446e-008, 8.08221400916e-009, 9.92161020008e-010, 9.33322655272e-011, 3.12198465864e-012, 9.40115261301e-015, 1.32590021157e-018, 6.11072407381e-021]
    mfcc:
        mean: [-679.701599121, 84.8036193848, -51.9302940369, 72.5270385742, -17.2396335602, -4.52489566803, -4.12208127975, -1.6144258976, 2.40515780449, 0.908252835274, -6.13079881668, -5.48864746094, -3.35845565796]
        cov: [[1185.90234375, 26.4891300201, 42.1015586853, -121.317230225, -65.6765289307, 12.9633655548, -39.152797699, 28.7119407654, -39.0457191467, -7.89208936691, 15.5884962082, 3.80393958092, -9.94090080261], [26.4891300201, 384.475067139, -180.9662323, 65.1003417969, -40.6800918579, -4.77394914627, 53.4216003418, -13.4235181808, 32.9813156128, -2.70257234573, 21.9180660248, 7.56186962128, 21.9938983917], [42.1015586853, -180.9662323, 334.431060791, -10.1367168427, 53.6584777832, -10.0400485992, -53.7137260437, 21.74568367, -29.9689388275, -12.3726768494, -18.5523109436, 7.45113420486, 10.1205511093], [-121.317230225, 65.1003417969, -10.1367168427, 246.058135986, 63.2982330322, 1.77314996719, -30.131608963, -34.3123855591, 35.0643424988, 22.6494026184, -4.91819858551, -13.9255189896, 4.77134180069], [-65.6765289307, -40.6800918579, 53.6584777832, 63.2982330322, 108.279754639, 28.7538394928, -4.50995635986, -17.2399730682, 2.7311425209, 14.6516389847, -7.07375144958, -5.46230173111, -6.34217166901], [12.9633655548, -4.77394914627, -10.0400485992, 1.77314996719, 28.7538394928, 88.399520874, 39.7485961914, 11.8327264786, -5.7622628212, -2.56359624863, 5.90729856491, -0.22201295197, -14.3737306595], [-39.152797699, 53.4216003418, -53.7137260437, -30.131608963, -4.50995635986, 39.7485961914, 114.750846863, 50.2984428406, 16.2446041107, -17.6708087921, -3.5594367981, 2.64267611504, 2.57555818558], [28.7119407654, -13.4235181808, 21.74568367, -34.3123855591, -17.2399730682, 11.8327264786, 50.2984428406, 90.310218811, 28.6186084747, -3.62782335281, -2.3408510685, 5.43798780441, 7.94741392136], [-39.0457191467, 32.9813156128, -29.9689388275, 35.0643424988, 2.7311425209, -5.7622628212, 16.2446041107, 28.6186084747, 86.3549880981, 52.9225349426, 21.7684688568, 0.867205798626, 8.81674385071], [-7.89208936691, -2.70257234573, -12.3726768494, 22.6494026184, 14.6516389847, -2.56359624863, -17.6708087921, -3.62782335281, 52.9225349426, 94.8864593506, 45.8322181702, 8.98643493652, -2.34416437149], [15.5884962082, 21.9180660248, -18.5523109436, -4.91819858551, -7.07375144958, 5.90729856491, -3.5594367981, -2.3408510685, 21.7684688568, 45.8322181702, 81.590057373, 35.9787826538, 13.8342847824], [3.80393958092, 7.56186962128, 7.45113420486, -13.9255189896, -5.46230173111, -0.22201295197, 2.64267611504, 5.43798780441, 0.867205798626, 8.98643493652, 35.9787826538, 59.2803459167, 36.6256713867], [-9.94090080261, 21.9938983917, 10.1205511093, 4.77134180069, -6.34217166901, -14.3737306595, 2.57555818558, 7.94741392136, 8.81674385071, -2.34416437149, 13.8342847824, 36.6256713867, 75.2127304077]]
        icov: [[0.00100687693339, -0.000424059922807, -0.000175081571797, 0.000486294215079, 0.000371068221284, -0.000643828418106, 0.00104223261587, -0.000786312739365, 0.000547494390048, -0.000253458914813, -0.000112886533316, 0.000267298513791, 2.39597029577e-005], [-0.000424059922807, 0.00447919545695, 0.00161345209926, -0.00169179670047, 0.00127338699531, 0.00094761652872, -0.00265710009262, 0.00183115818072, -0.00114086712711, 0.00127340864856, -0.0011365377577, 1.32440993639e-006, -0.000907845387701], [-0.000175081571797, 0.00161345209926, 0.00527157774195, 2.8128320082e-006, -0.00302077503875, 0.00093842158094, 0.00266501330771, -0.00354035501368, 0.00165370386094, 0.000642502389383, 6.42336381134e-005, -0.000508154451381, -0.000935206422582], [0.000486294215079, -0.00169179670047, 2.8128320082e-006, 0.00673522846773, -0.00372858089395, -0.00101054715924, 0.00316492281854, 0.000964610138908, -0.00345515599474, 0.00105104316026, 0.000613734475337, 0.00124415790197, -0.000867446477059], [0.000371068221284, 0.00127338699531, -0.00302077503875, -0.00372858089395, 0.0163032338023, -0.0051849745214, -0.00298410328105, 0.00489225238562, -0.000269007665338, -0.00365358428098, 0.00292562996037, -0.000755631714128, 3.62757928087e-005], [-0.000643828418106, 0.00094761652872, 0.00093842158094, -0.00101054715924, -0.0051849745214, 0.0175353791565, -0.00692389672622, -0.00119413330685, 0.00363551382907, -9.74740942183e-006, -0.00334614049643, -0.0004705892934, 0.00327100441791], [0.00104223261587, -0.00265710009262, 0.00266501330771, 0.00316492281854, -0.00298410328105, -0.00692389672622, 0.020110713318, -0.00999085325748, -0.0025073052384, 0.00439164694399, 0.000561893975828, -0.000351983704604, -0.000353598996298], [-0.000786312739365, 0.00183115818072, -0.00354035501368, 0.000964610138908, 0.00489225238562, -0.00119413330685, -0.00999085325748, 0.0232565645128, -0.0109962122515, 0.00296224816702, 0.00187618739437, -0.00212949956767, -8.1952122855e-005], [0.000547494390048, -0.00114086712711, 0.00165370386094, -0.00345515599474, -0.000269007665338, 0.00363551382907, -0.0025073052384, -0.0109962122515, 0.0290069486946, -0.0161939710379, -0.000503693067003, 0.00494460063055, -0.00389769440517], [-0.000253458914813, 0.00127340864856, 0.000642502389383, 0.00105104316026, -0.00365358428098, -9.74740942183e-006, 0.00439164694399, 0.00296224816702, -0.0161939710379, 0.026451818645, -0.01134352386, 0.000256463768892, 0.00335199595429], [-0.000112886533316, -0.0011365377577, 6.42336381134e-005, 0.000613734475337, 0.00292562996037, -0.00334614049643, 0.000561893975828, 0.00187618739437, -0.000503693067003, -0.01134352386, 0.0259217619896, -0.0147601170465, 0.00178475910798], [0.000267298513791, 1.32440993639e-006, -0.000508154451381, 0.00124415790197, -0.000755631714128, -0.0004705892934, -0.000351983704604, -0.00212949956767, 0.00494460063055, 0.000256463768892, -0.0147601170465, 0.0354776643217, -0.0150251574814], [2.39597029577e-005, -0.000907845387701, -0.000935206422582, -0.000867446477059, 3.62757928087e-005, 0.00327100441791, -0.000353598996298, -8.1952122855e-005, -0.00389769440517, 0.00335199595429, 0.00178475910798, -0.0150251574814, 0.0219438355416]]
    sccoeffs:
        dmean: [0.0608923658729, 0.0481558702886, 0.0400063320994, 0.0360199920833, 0.0333008095622, 0.0231793951243]
        dmean2: [0.102686710656, 0.0802017971873, 0.0650700777769, 0.0612815283239, 0.0596154071391, 0.0393072515726]
        dvar: [0.00277263345197, 0.00146615412086, 0.000953116454184, 0.000808709475677, 0.000884899054654, 0.000352162169293]
        dvar2: [0.00773222232237, 0.00393963931128, 0.00252664578147, 0.00228802021593, 0.0025348875206, 0.000961624085903]
        max: [-0.25039511919, -0.431781589985, -0.484409421682, -0.530661940575, -0.542007386684, -0.522063612938]
        mean: [-0.664668679237, -0.749640643597, -0.771227002144, -0.779361605644, -0.779001235962, -0.699367105961]
        median: [-0.671340227127, -0.758780002594, -0.776076078415, -0.783697962761, -0.786184489727, -0.703597128391]
        min: [-0.96813762188, -0.973448455334, -0.968346238136, -0.964860618114, -0.963825345039, -0.963311135769]
        var: [0.00526644242927, 0.00491744093597, 0.00323276850395, 0.00187775853556, 0.00143579626456, 0.00154443853535]
    scvalleys:
        dmean: [0.384604007006, 0.370797991753, 0.30088326335, 0.290445953608, 0.275107651949, 0.280319303274]
        dmean2: [0.636584758759, 0.609121322632, 0.482098549604, 0.478327274323, 0.468931347132, 0.46710562706]
        dvar: [0.106150574982, 0.112846426666, 0.0726099312305, 0.0726802870631, 0.0772354602814, 0.0744318068027]
        dvar2: [0.263314038515, 0.281733691692, 0.164098277688, 0.16792704165, 0.185537308455, 0.159653961658]
        max: [-5.28724861145, -4.68864345551, -5.32568120956, -5.7631521225, -5.59447669983, -7.710085392]
        mean: [-6.7205991745, -6.60857486725, -7.05762147903, -7.08262729645, -6.42804718018, -9.52338981628]
        median: [-6.62168979645, -6.54062604904, -7.04717493057, -7.03828859329, -6.34098720551, -9.39927005768]
        min: [-27.8797454834, -27.7959880829, -27.2728271484, -27.4650382996, -27.4085254669, -27.3577251434]
        var: [0.667903900146, 0.601360678673, 0.595882058144, 0.498692512512, 0.451772004366, 0.721572339535]

rhythm:
    beats_loudness:
        dmean: 0.00160994986072
        dmean2: 0.00299305352382
        dvar: 1.72028114775e-006
        dvar2: 5.61479782846e-006
        max: 0.0117658767849
        mean: 0.00604265648872
        median: 0.00613519595936
        min: 0.00138842954766
        var: 2.50006405622e-006
    bpm: 99.9916992188
    bpm_confidence: 0
    first_peak_bpm: 99
    first_peak_spread: 0.31850117445
    first_peak_weight: 0.67205542326
    onset_rate: 2.48062539101
    second_peak_bpm: 94
    second_peak_spread: 0
    second_peak_weight: 0.0138568133116
    beats_loudness_band_ratio:
        dmean: [0.0605128407478, 0.218533292413, 0.0882863551378, 0.0451554395258, 0.0927646011114, 0.105996191502]
        dmean2: [0.10367731005, 0.426265597343, 0.161136940122, 0.0816640332341, 0.166685968637, 0.197538509965]
        dvar: [0.00291037769057, 0.0207597557455, 0.00831611454487, 0.00261431909166, 0.00458397949114, 0.00879839994013]
        dvar2: [0.00836328975856, 0.0696747452021, 0.0239511411637, 0.00753302685916, 0.014588451013, 0.0278213173151]
        max: [0.406725615263, 0.613790154457, 0.498899757862, 0.318380832672, 0.571016788483, 0.878686904907]
        mean: [0.111860610545, 0.189071536064, 0.110648736358, 0.0568742714822, 0.228247776628, 0.340059936047]
        median: [0.103192292154, 0.131289422512, 0.0763774588704, 0.0326938852668, 0.222829133272, 0.329914063215]
        min: [0.000525013834704, 0.00200600782409, 0.00514263426885, 0.00808718707412, 0.0742529481649, 0.087756074965]
        var: [0.00347636104561, 0.0232890844345, 0.00864147860557, 0.00283706607297, 0.00645104097202, 0.00972328521311]
    beats_position: [0.580498874187, 1.17260766029, 1.764716506, 2.35682535172, 2.96054410934, 3.55265307426, 4.15637159348, 4.76009082794, 5.36380958557, 5.9675283432, 6.57124710083, 7.17496585846, 7.76707458496, 8.35918331146, 8.96290206909, 9.55501079559, 10.1471195221, 10.7508392334, 11.354557991, 11.9582767487, 12.5619955063, 13.1657142639, 13.7694330215, 14.3731517792, 14.9768705368, 15.5921993256, 16.2307472229, 16.8692970276, 17.5078449249, 18.1463947296, 18.784942627, 19.4234924316, 20.0388202667, 20.642539978, 21.2578678131, 21.8615875244, 22.4653053284, 23.0574150085, 23.6611328125, 24.2648525238, 24.8685703278, 25.4722900391, 26.076007843, 26.6681175232, 27.2602272034, 27.8639450073, 28.4676647186, 29.0713825226, 29.6751022339, 30.2672100067, 30.8593196869, 31.4630374908, 32.0667572021, 32.6704750061, 33.2741928101, 33.8779144287, 34.4700202942, 35.0737419128, 35.6658477783, 36.269569397, 36.8616790771, 37.4537849426, 38.0575065613, 38.6612243652, 39.2649421692, 39.8686599731, 40.4723815918, 41.0760993958, 41.6798171997, 42.2719268799, 42.8640365601, 43.467754364, 44.071472168, 44.6635818481, 45.2556915283, 45.8594093323, 46.4631271362, 47.0668487549, 47.6705665588, 48.262676239, 48.866394043, 49.4585037231, 50.0622215271, 50.6659393311, 51.2580490112, 51.8501586914, 52.4538764954, 53.0575942993, 53.661315918, 54.2650337219, 54.8687515259, 55.4724693298, 56.06457901, 56.668296814, 57.2604064941, 57.8641242981, 58.4562339783, 59.0599517822, 59.6520614624, 60.2557830811, 60.859500885, 61.463218689, 62.0669364929, 62.6706581116, 63.2743759155, 63.8664855957, 64.4585952759, 65.0623092651, 65.6660308838, 66.258140564, 66.8502502441, 67.4539642334, 68.0576858521, 68.6614074707, 69.26512146, 69.8688430786, 70.4725646973, 71.0762786865, 71.6683883667, 72.2604980469, 72.8526077271, 73.4447174072, 74.0484313965, 74.6521530151, 75.2558746338, 75.859588623, 76.4633102417, 77.0670318604, 77.6707458496, 78.2744674683, 78.8781814575, 79.4702911377, 80.0624008179, 80.6661224365, 81.2698364258, 81.8735580444, 82.4656677246, 83.0577774048, 83.661491394, 84.2652130127, 84.8689346313, 85.4726486206, 86.0763702393, 86.6684799194, 87.2605895996, 87.8643035889, 88.4680252075, 89.0601348877, 89.6522445679, 90.2559585571, 90.8596801758, 91.4634017944, 92.0671157837, 92.6708374023, 93.274559021, 93.8666687012, 94.458770752, 95.0624923706, 95.6662139893, 96.2699279785, 96.8620376587, 97.4541473389, 98.0578689575, 98.6615829468, 99.2653045654, 99.8690261841, 100.472740173, 101.076461792, 101.680175781, 102.272285461, 102.864395142, 103.456504822, 104.048614502, 104.652336121, 105.25605011, 105.859771729, 106.463493347, 107.067207336, 107.659317017, 108.263038635, 108.855148315, 109.458862305, 110.062583923, 110.654693604, 111.246803284, 111.850517273, 112.454238892, 113.05796051, 113.6616745, 114.265396118, 114.869110107, 115.472831726, 116.076553345, 116.668663025, 117.260765076, 117.864486694, 118.456596375, 119.060317993, 119.664031982, 120.267753601, 120.859863281, 121.463577271, 122.067298889, 122.659408569, 123.25151825, 123.855232239, 124.458953857, 125.051063538, 125.654785156, 126.246894836, 126.850608826, 127.454330444, 128.058044434, 128.661773682, 129.265487671, 129.86920166, 130.472915649, 131.076644897, 131.680358887, 132.272476196, 132.864578247, 133.468292236, 134.072021484, 134.675735474, 135.267837524, 135.859954834, 136.463668823, 137.067382813, 137.671112061, 138.27482605, 138.866943359, 139.45904541, 140.062759399, 140.666488647, 141.258590698, 141.862304688, 142.466033936, 143.058135986, 143.661849976, 144.265579224, 144.869293213, 145.473007202, 146.07673645, 146.668838501, 147.260955811, 147.8646698, 148.468383789, 149.072113037, 149.675827026, 150.267929077, 150.860046387, 151.463760376, 152.055877686, 152.647979736, 153.251693726, 153.855422974, 154.459136963, 155.062850952, 155.6665802, 156.258682251, 156.86239624, 157.45451355, 158.058227539, 158.661941528, 159.265670776, 159.869384766, 160.473098755, 161.076828003, 161.668930054, 162.261047363, 162.864761353, 163.468475342, 164.072189331, 164.664306641, 165.256408691, 165.860137939, 166.463851929, 167.067565918, 167.671295166, 168.275009155, 168.867111206, 169.459228516, 170.062942505, 170.666656494, 171.270385742, 171.862487793, 172.454605103, 173.058319092, 173.662033081, 174.265762329, 174.869476318, 175.473190308, 176.065307617, 176.657409668, 177.261123657, 177.853240967, 178.456954956, 179.060684204, 179.664398193, 180.268112183, 180.860229492, 181.463943481, 182.067657471, 182.671386719, 183.275100708, 183.867202759, 184.459320068, 185.063034058, 185.666748047, 186.270477295, 186.874191284, 187.477905273, 188.070022583, 188.673736572, 189.265853882, 189.869567871, 190.47328186, 191.06539917, 191.657501221, 192.26121521, 192.864944458, 193.457046509, 194.060760498, 194.652877808, 195.256591797, 195.860321045, 196.464035034, 197.067749023, 197.671463013, 198.275192261, 198.867294312, 199.459411621, 200.06312561, 200.6668396, 201.258956909, 201.862670898, 202.466384888, 203.058502197, 203.662216187, 204.265930176, 204.869659424, 205.473373413, 206.077087402, 206.669204712, 207.261306763, 207.865036011, 208.46875, 209.060852051, 209.664581299, 210.25668335, 210.860397339, 211.464126587, 212.067840576, 212.671554565, 213.275283813, 213.867385864, 214.459503174, 215.051605225, 215.655319214, 216.247436523, 216.851150513, 217.454864502, 218.05859375, 218.662307739, 219.266021729, 219.869750977, 220.473464966, 221.077178955, 221.680908203, 222.273010254, 222.865127563, 223.468841553, 224.072555542, 224.676269531, 225.268386841, 225.860488892, 226.46421814, 227.067932129, 227.671646118, 228.263763428, 228.855865479, 229.459594727, 230.063308716, 230.667022705, 231.270736694, 231.862854004, 232.454956055, 233.058685303, 233.662399292, 234.254501343, 234.858230591, 235.46194458, 236.05406189, 236.657775879, 237.261489868, 237.865203857, 238.468933105, 239.061035156, 239.664764404, 240.256866455, 240.860580444, 241.464309692, 242.068023682, 242.671737671, 243.26385498, 243.86756897, 244.459671021, 245.063400269, 245.667114258, 246.270828247, 246.874557495, 247.466659546, 248.058776855, 248.662490845, 249.266204834, 249.869934082, 250.473648071, 251.077362061, 251.66947937, 252.261581421, 252.86529541, 253.469024658, 254.072738647, 254.676452637, 255.280181885, 255.872283936, 256.476013184, 257.068115234, 257.671844482, 258.275543213, 258.879272461, 259.471374512, 260.063476563, 260.655609131]
