
metadata:
    version:
        essentia: "2.1-beta2"
    audio_properties:
        analysis_sample_rate: 44100
        bitrate: 320
        channels: 2
        equal_loudness: 1
        length: 269.348571777
        replay_gain: -13.7765979767
        downmix: "mix"
    tags:
        album: "Extremist"
        artist: "Demon Hunter"
        comment: ""
        date: "2014"
        genre: "Christian Metal"
        title: "Cross to Bear"
        tracknumber: "7"

configuration:
    average_loudness:
        compute: 1
        frameSize: 88200
        hopSize: 44100
        silentFrames: "noise"
        windowType: "hann"
    general:
        analysisSampleRate: 44100
        endTime: 2000
        equalLoudness: 1
        nequalLoudness: 0
        shortSound: 0
        startTime: 0
    lowlevel:
        compute: 1
        frameSize: 2048
        hopSize: 1024
        zeroPadding: 0
        silentFrames: "noise"
        windowType: "blackmanharris62"
        mfccStats: ["mean", "cov", "icov"]
        stats: ["mean", "var", "median", "min", "max", "dmean", "dmean2", "dvar", "dvar2"]
    panning:
        compute: 0
        frameSize: 8192
        hopSize: 2048
        zeroPadding: 8192
        silentFrames: "noise"
        windowType: "hann"
        stats: ["copy"]
    rhythm:
        compute: 1
        maxTempo: 208
        minTempo: 40
        method: "degara"
        stats: ["mean", "var", "median", "min", "max", "dmean", "dmean2", "dvar", "dvar2"]
    segmentation:
        compute: 0
        cpw: 5
        inc1: 300
        inc2: 50
        minimumSegmentsLength: 10
        size1: 1000
        size2: 600
    sfx:
        compute: 1
        stats: ["mean", "var", "median", "min", "max", "dmean", "dmean2", "dvar", "dvar2"]
    svm:
        compute: 0
    tonal:
        compute: 1
        frameSize: 4096
        hopSize: 2048
        zeroPadding: 0
        silentFrames: "noise"
        windowType: "blackmanharris62"
        stats: ["mean", "var", "median", "min", "max", "dmean", "dmean2", "dvar", "dvar2"]

lowlevel:
    average_loudness: 0.970420777798
    barkbands_kurtosis:
        dmean: 0.731633245945
        dmean2: 1.20474207401
        dvar: 2.04009628296
        dvar2: 4.47978162766
        max: 31.9039535522
        mean: -0.529122173786
        median: -1.08471894264
        min: -1.89573001862
        var: 5.0497174263
    barkbands_skewness:
        dmean: 0.379650324583
        dmean2: 0.619355261326
        dvar: 0.129634067416
        dvar2: 0.337122440338
        max: 5.02393770218
        mean: -0.446324706078
        median: -0.485850304365
        min: -4.67640972137
        var: 0.63275885582
    barkbands_spread:
        dmean: 6.21563386917
        dmean2: 10.2245340347
        dvar: 35.1004371643
        dvar2: 89.6139678955
        max: 72.9868927002
        mean: 37.2431945801
        median: 37.5358924866
        min: 2.43654155731
        var: 118.852073669
    dissonance:
        dmean: 0.00727578718215
        dmean2: 0.0125620141625
        dvar: 5.36056577403e-005
        dvar2: 0.000153201384819
        max: 0.500000059605
        mean: 0.488773077726
        median: 0.490891188383
        min: 0.397544801235
        var: 7.54270149628e-005
    hfc:
        dmean: 3.3619184494
        dmean2: 5.6055803299
        dvar: 15.34146595
        dvar2: 40.404460907
        max: 48.2773475647
        mean: 12.2645864487
        median: 12.1657323837
        min: 1.1191494284e-016
        var: 33.356880188
    pitch:
        dmean: 729.545837402
        dmean2: 1374.46191406
        dvar: 1380486.125
        dvar2: 3550945
        max: 4776.07324219
        mean: 2706.9284668
        median: 3598.33544922
        min: 59.7973861694
        var: 2236838
    pitch_instantaneous_confidence:
        dmean: 0.0709658041596
        dmean2: 0.118759334087
        dvar: 0.00305628310889
        dvar2: 0.00841148663312
        max: 0.708815932274
        mean: 0.352407336235
        median: 0.349347889423
        min: 0.0939787626266
        var: 0.00990702863783
    pitch_salience:
        dmean: 0.0539474859834
        dmean2: 0.0932166576385
        dvar: 0.00236035720445
        dvar2: 0.0069622900337
        max: 0.870055556297
        mean: 0.697141647339
        median: 0.708997368813
        min: 0.237662106752
        var: 0.0046508833766
    silence_rate_20dB:
        dmean: 0
        dmean2: 0
        dvar: 0
        dvar2: 0
        max: 1
        mean: 1
        median: 1
        min: 1
        var: 0
    silence_rate_30dB:
        dmean: 0
        dmean2: 0
        dvar: 0
        dvar2: 0
        max: 1
        mean: 1
        median: 1
        min: 1
        var: 0
    silence_rate_60dB:
        dmean: 0.0313793085515
        dmean2: 0.0627640336752
        dvar: 0.0303934644908
        dvar2: 0.0717663764954
        max: 1
        mean: 0.120593048632
        median: 0
        min: 0
        var: 0.106049567461
    spectral_centroid:
        dmean: 292.060699463
        dmean2: 480.934570313
        dvar: 85288.21875
        dvar2: 220170.125
        max: 11557.1269531
        mean: 2215.34448242
        median: 2239.1862793
        min: 212.077682495
        var: 471444.96875
    spectral_complexity:
        dmean: 4.41448259354
        dmean2: 7.09957742691
        dvar: 15.1805887222
        dvar2: 36.71849823
        max: 54
        mean: 23.1309375763
        median: 25
        min: 0
        var: 88.4275970459
    spectral_crest:
        dmean: 1.73706388474
        dmean2: 2.98794960976
        dvar: 3.50122213364
        dvar2: 10.004324913
        max: 21.4867763519
        mean: 6.25023317337
        median: 5.56258058548
        min: 2.35027194023
        var: 7.18811798096
    spectral_decrease:
        dmean: 3.05083930341e-010
        dmean2: 5.11090447741e-010
        dvar: 2.06085432173e-019
        dvar2: 5.5430660147e-019
        max: 8.05495583448e-029
        mean: -1.19127496756e-009
        median: -1.16926723859e-009
        min: -5.40722000508e-009
        var: 2.97430160036e-019
    spectral_energy:
        dmean: 0.0014117929386
        dmean2: 0.00235375971533
        dvar: 3.82833559343e-006
        dvar2: 1.0187769476e-005
        max: 0.023161130026
        mean: 0.00560858752578
        median: 0.00553991226479
        min: 1.02548868258e-020
        var: 6.10426286585e-006
    spectral_energyband_high:
        dmean: 0.000348724570358
        dmean2: 0.000592442171182
        dvar: 1.84597553243e-007
        dvar2: 4.98423958106e-007
        max: 0.00809723790735
        mean: 0.000852221972309
        median: 0.000781683076639
        min: 7.24417961728e-021
        var: 2.80107059325e-007
    spectral_energyband_low:
        dmean: 0.000276008591754
        dmean2: 0.000465934776003
        dvar: 8.27014332572e-008
        dvar2: 2.29658311923e-007
        max: 0.00315656978637
        mean: 0.000460437469883
        median: 0.000388319429476
        min: 1.45691438924e-023
        var: 1.25711224541e-007
    spectral_energyband_middle_high:
        dmean: 0.000714152003638
        dmean2: 0.00116398150567
        dvar: 5.53783422674e-007
        dvar2: 1.42106591738e-006
        max: 0.00997701566666
        mean: 0.00284702680074
        median: 0.00284342770465
        min: 1.4303083702e-021
        var: 1.90931723409e-006
    spectral_energyband_middle_low:
        dmean: 0.000748704653233
        dmean2: 0.00129660533275
        dvar: 2.14238934859e-006
        dvar2: 6.01506781095e-006
        max: 0.0153008559719
        mean: 0.00158518296666
        median: 0.00129507039674
        min: 1.90744080393e-022
        var: 1.98611269298e-006
    spectral_flatness_db:
        dmean: 0.0120242508128
        dmean2: 0.0195378083736
        dvar: 0.000133993074996
        dvar2: 0.000346972199623
        max: 0.376812756062
        mean: 0.138391658664
        median: 0.13073554635
        min: 0.0620122589171
        var: 0.00113720155787
    spectral_flux:
        dmean: 0.00687096174806
        dmean2: 0.010744725354
        dvar: 6.91822715453e-005
        dvar2: 0.000131125183543
        max: 0.130415350199
        mean: 0.0469589047134
        median: 0.0474396646023
        min: 6.45370909491e-011
        var: 0.000223012903007
    spectral_kurtosis:
        dmean: 0.813291192055
        dmean2: 1.36238384247
        dvar: 1.42671525478
        dvar2: 4.25299739838
        max: 28.5345058441
        mean: 2.6211233139
        median: 2.49718403816
        min: -1.26494765282
        var: 2.14611148834
    spectral_rms:
        dmean: 0.000277544662822
        dmean2: 0.00045404714183
        dvar: 1.05077695878e-007
        dvar2: 2.68670845571e-007
        max: 0.00475354865193
        mean: 0.00227142544463
        median: 0.0023248209618
        min: 3.16303146869e-012
        var: 3.12431922112e-007
    spectral_rolloff:
        dmean: 294.294647217
        dmean2: 493.440368652
        dvar: 149620.234375
        dvar2: 360197.6875
        max: 19358.3496094
        mean: 3912.61108398
        median: 3962.109375
        min: 150.732421875
        var: 726848
    spectral_skewness:
        dmean: 0.14484782517
        dmean2: 0.235786661506
        dvar: 0.0255094375461
        dvar2: 0.0716686844826
        max: 3.63206076622
        mean: 1.0480684042
        median: 1.03796041012
        min: -0.0625492781401
        var: 0.0636138394475
    spectral_spread:
        dmean: 357303.6875
        dmean2: 535105.1875
        dvar: 379774828544
        dvar2: 727841636352
        max: 42529232
        mean: 4797168.5
        median: 4694335
        min: 1240820
        var: 3.1589966807e+012
    spectral_strongpeak:
        dmean: 0.525137066841
        dmean2: 0.934278666973
        dvar: 0.532992362976
        dvar2: 1.43539857864
        max: 6.41076612473
        mean: 0.55636125803
        median: 0.235826045275
        min: 2.26159424521e-010
        var: 0.532339096069
    zerocrossingrate:
        dmean: 0.0073902211152
        dmean2: 0.0094453105703
        dvar: 5.71906821278e-005
        dvar2: 7.86556047387e-005
        max: 0.513671875
        mean: 0.121435895562
        median: 0.123046875
        min: 0.0126953125
        var: 0.000774558458943
    barkbands:
        dmean: [2.60927635054e-007, 0.000107978223241, 0.000172501226189, 0.000162899435963, 0.000525407958776, 0.000128316765768, 7.78269095463e-005, 6.27656263532e-005, 0.000156330235768, 7.54346183385e-005, 6.28825073363e-005, 9.67616288108e-005, 6.19100464974e-005, 4.29136998719e-005, 5.05704956595e-005, 0.000117591960588, 0.00015293584147, 0.000233057391597, 0.000320839666529, 0.000265125418082, 0.000164661367307, 8.52073280839e-005, 1.14305603347e-005, 3.4421473174e-006, 9.04565865767e-007, 4.27776321033e-008, 4.98423469164e-010]
        dmean2: [3.87419078152e-007, 0.000186931327335, 0.000289128307486, 0.000281269080006, 0.000926610140596, 0.000216244297917, 0.000128373270854, 0.000104946593638, 0.000259921012912, 0.000123680161778, 0.000102795878774, 0.00015354117204, 9.788510215e-005, 6.889650831e-005, 8.31381476019e-005, 0.000195745335077, 0.000253393314779, 0.000383537932066, 0.000540908367839, 0.000445161451353, 0.000281719607301, 0.000150219915668, 1.8695676772e-005, 5.36224661118e-006, 1.44749219544e-006, 6.60256702645e-008, 7.84441511748e-010]
        dvar: [7.96591457619e-014, 2.35959554118e-008, 3.44935422447e-008, 4.12615328571e-008, 1.63477920978e-006, 4.08124272155e-008, 2.60215635706e-008, 1.54905634986e-008, 5.35362190135e-008, 2.07542605324e-008, 2.15389892588e-008, 4.30403837015e-008, 1.9302555998e-008, 9.47112610561e-009, 6.85723700045e-009, 2.05613606141e-008, 2.8913008876e-008, 7.94519863234e-008, 1.18539098537e-007, 8.14728338128e-008, 4.03835080931e-008, 1.54646482287e-008, 3.56108587063e-010, 3.51938964083e-011, 2.4372717386e-012, 6.2079938324e-015, 5.03933421816e-019]
        dvar2: [1.83740867031e-013, 6.27966088018e-008, 9.43585760638e-008, 1.18707447427e-007, 4.65007906314e-006, 1.10180359059e-007, 6.70009114856e-008, 3.99417068309e-008, 1.41452645153e-007, 5.28837915681e-008, 5.51082628419e-008, 1.0801262107e-007, 4.71035832561e-008, 2.36852866209e-008, 1.73664318481e-008, 5.29461665622e-008, 7.68981465171e-008, 2.01048763415e-007, 3.3023746937e-007, 2.19011596414e-007, 1.11166507111e-007, 4.20681445235e-008, 8.39806890696e-010, 7.39317218557e-011, 5.60099232619e-012, 1.27590910656e-014, 1.0981362367e-018]
        max: [2.35987590713e-006, 0.00137475063093, 0.0025613612961, 0.00285341450945, 0.0130657367408, 0.0034633455798, 0.00483009545133, 0.00245123705827, 0.00377441453747, 0.00294638890773, 0.00290879257955, 0.00345878349617, 0.00337094441056, 0.00232059461996, 0.00172363698948, 0.00302888592705, 0.00339931761846, 0.00507275760174, 0.00581491319463, 0.00747561175376, 0.00253306375816, 0.00142112048343, 0.000297061022138, 0.000105985986011, 3.5530909372e-005, 1.73660635028e-006, 1.78216765789e-008]
        mean: [3.21994122032e-007, 0.000108906744572, 0.000261414650595, 0.000212227037991, 0.000654141767882, 0.000201632268727, 0.000109745480586, 9.00935920072e-005, 0.000268021336524, 0.000118984346045, 9.71539047896e-005, 0.000164910539752, 0.000101035970147, 7.01420358382e-005, 9.71141271293e-005, 0.00025059908512, 0.000340328260791, 0.000465254765004, 0.000799935136456, 0.000674370035995, 0.000357426790288, 0.000130807093228, 2.33292503253e-005, 8.33169542602e-006, 2.25141161536e-006, 1.05227151437e-007, 1.17169884906e-009]
        median: [1.78240313176e-007, 6.02783475188e-005, 0.000192989988136, 0.000136870279675, 0.000365364772733, 0.000141552867717, 6.40787184238e-005, 4.65679695481e-005, 0.000163414122653, 4.27511404268e-005, 2.64008667727e-005, 3.54251606041e-005, 2.85456917481e-005, 3.32275558321e-005, 7.00363452779e-005, 0.000209946490941, 0.000294929952361, 0.000379225035431, 0.000737461261451, 0.000623061903752, 0.000315677258186, 9.71517511061e-005, 1.52026332216e-005, 5.79542847845e-006, 1.74045385393e-006, 7.10539111992e-008, 7.35252636552e-010]
        min: [4.22524994193e-025, 2.892449228e-024, 4.19097935902e-024, 3.18429818064e-024, 2.27278368304e-023, 1.25351827997e-023, 1.54095016375e-023, 1.93062567837e-023, 2.74964031838e-023, 1.73948909865e-023, 2.258144949e-023, 3.24738315058e-023, 5.85691419912e-023, 7.13729413955e-023, 6.31425410011e-023, 9.11661178397e-023, 5.27434988695e-023, 8.51775970291e-023, 1.59900376305e-022, 2.3032814874e-022, 2.96555861633e-022, 3.75745152422e-022, 4.5383826734e-022, 6.81476614964e-022, 8.86214671296e-022, 1.42167729789e-021, 1.87262724884e-021]
        var: [1.27535324966e-013, 1.92216305095e-008, 6.28879135434e-008, 5.45430118848e-008, 1.23625397919e-006, 5.35098010346e-008, 2.86035302111e-008, 2.40908217819e-008, 1.06278385203e-007, 3.92102279534e-008, 3.89663519229e-008, 9.46995228901e-008, 3.75544964015e-008, 1.69194702693e-008, 1.28562414048e-008, 4.4797605625e-008, 6.24929512583e-008, 1.28048938564e-007, 2.52171474813e-007, 1.65476933489e-007, 5.77434633442e-008, 1.51631152079e-008, 8.13334122274e-010, 1.07675333927e-010, 5.76436728211e-012, 1.8508582999e-014, 1.95639092294e-018]
    frequency_bands:
        dmean: [2.60927635054e-007, 0.000107978223241, 0.000172501226189, 0.000162899435963, 0.000525407958776, 0.000128316765768, 7.78269095463e-005, 6.27656263532e-005, 0.000156330235768, 7.54346183385e-005, 6.28825073363e-005, 9.67616288108e-005, 6.19100464974e-005, 4.29136998719e-005, 5.05704956595e-005, 0.000117591960588, 0.00015293584147, 0.000233057391597, 0.000320839666529, 0.000265125418082, 0.000164661367307, 8.52073280839e-005, 1.14305603347e-005, 3.4421473174e-006, 9.04565865767e-007, 4.27776321033e-008, 4.98423469164e-010, 6.69640939921e-011]
        dmean2: [3.87419078152e-007, 0.000186931327335, 0.000289128307486, 0.000281269080006, 0.000926610140596, 0.000216244297917, 0.000128373270854, 0.000104946593638, 0.000259921012912, 0.000123680161778, 0.000102795878774, 0.00015354117204, 9.788510215e-005, 6.889650831e-005, 8.31381476019e-005, 0.000195745335077, 0.000253393314779, 0.000383537932066, 0.000540908367839, 0.000445161451353, 0.000281719607301, 0.000150219915668, 1.8695676772e-005, 5.36224661118e-006, 1.44749219544e-006, 6.60256702645e-008, 7.84441511748e-010, 1.24694532477e-010]
        dvar: [7.96591457619e-014, 2.35959554118e-008, 3.44935422447e-008, 4.12615328571e-008, 1.63477920978e-006, 4.08124272155e-008, 2.60215635706e-008, 1.54905634986e-008, 5.35362190135e-008, 2.07542605324e-008, 2.15389892588e-008, 4.30403837015e-008, 1.9302555998e-008, 9.47112610561e-009, 6.85723700045e-009, 2.05613606141e-008, 2.8913008876e-008, 7.94519863234e-008, 1.18539098537e-007, 8.14728338128e-008, 4.03835080931e-008, 1.54646482287e-008, 3.56108587063e-010, 3.51938964083e-011, 2.4372717386e-012, 6.2079938324e-015, 5.03933421816e-019, 7.80750819368e-021]
        dvar2: [1.83740867031e-013, 6.27966088018e-008, 9.43585760638e-008, 1.18707447427e-007, 4.65007906314e-006, 1.10180359059e-007, 6.70009114856e-008, 3.99417068309e-008, 1.41452645153e-007, 5.28837915681e-008, 5.51082628419e-008, 1.0801262107e-007, 4.71035832561e-008, 2.36852866209e-008, 1.73664318481e-008, 5.29461665622e-008, 7.68981465171e-008, 2.01048763415e-007, 3.3023746937e-007, 2.19011596414e-007, 1.11166507111e-007, 4.20681445235e-008, 8.39806890696e-010, 7.39317218557e-011, 5.60099232619e-012, 1.27590910656e-014, 1.0981362367e-018, 2.46358119393e-020]
        max: [2.35987590713e-006, 0.00137475063093, 0.0025613612961, 0.00285341450945, 0.0130657367408, 0.0034633455798, 0.00483009545133, 0.00245123705827, 0.00377441453747, 0.00294638890773, 0.00290879257955, 0.00345878349617, 0.00337094441056, 0.00232059461996, 0.00172363698948, 0.00302888592705, 0.00339931761846, 0.00507275760174, 0.00581491319463, 0.00747561175376, 0.00253306375816, 0.00142112048343, 0.000297061022138, 0.000105985986011, 3.5530909372e-005, 1.73660635028e-006, 1.78216765789e-008, 9.32714461221e-010]
        mean: [3.21994122032e-007, 0.000108906744572, 0.000261414650595, 0.000212227037991, 0.000654141767882, 0.000201632268727, 0.000109745480586, 9.00935920072e-005, 0.000268021336524, 0.000118984346045, 9.71539047896e-005, 0.000164910539752, 0.000101035970147, 7.01420358382e-005, 9.71141271293e-005, 0.00025059908512, 0.000340328260791, 0.000465254765004, 0.000799935136456, 0.000674370035995, 0.000357426790288, 0.000130807093228, 2.33292503253e-005, 8.33169542602e-006, 2.25141161536e-006, 1.05227151437e-007, 1.17169884906e-009, 5.24970414362e-011]
        median: [1.78240313176e-007, 6.02783475188e-005, 0.000192989988136, 0.000136870279675, 0.000365364772733, 0.000141552867717, 6.40787184238e-005, 4.65679695481e-005, 0.000163414122653, 4.27511404268e-005, 2.64008667727e-005, 3.54251606041e-005, 2.85456917481e-005, 3.32275558321e-005, 7.00363452779e-005, 0.000209946490941, 0.000294929952361, 0.000379225035431, 0.000737461261451, 0.000623061903752, 0.000315677258186, 9.71517511061e-005, 1.52026332216e-005, 5.79542847845e-006, 1.74045385393e-006, 7.10539111992e-008, 7.35252636552e-010, 2.28151057075e-011]
        min: [4.22524994193e-025, 2.892449228e-024, 4.19097935902e-024, 3.18429818064e-024, 2.27278368304e-023, 1.25351827997e-023, 1.54095016375e-023, 1.93062567837e-023, 2.74964031838e-023, 1.73948909865e-023, 2.258144949e-023, 3.24738315058e-023, 5.85691419912e-023, 7.13729413955e-023, 6.31425410011e-023, 9.11661178397e-023, 5.27434988695e-023, 8.51775970291e-023, 1.59900376305e-022, 2.3032814874e-022, 2.96555861633e-022, 3.75745152422e-022, 4.5383826734e-022, 6.81476614964e-022, 8.86214671296e-022, 1.42167729789e-021, 1.87262724884e-021, 4.85800891736e-022]
        var: [1.27535324966e-013, 1.92216305095e-008, 6.28879135434e-008, 5.45430118848e-008, 1.23625397919e-006, 5.35098010346e-008, 2.86035302111e-008, 2.40908217819e-008, 1.06278385203e-007, 3.92102279534e-008, 3.89663519229e-008, 9.46995228901e-008, 3.75544964015e-008, 1.69194702693e-008, 1.28562414048e-008, 4.4797605625e-008, 6.24929512583e-008, 1.28048938564e-007, 2.52171474813e-007, 1.65476933489e-007, 5.77434633442e-008, 1.51631152079e-008, 8.13334122274e-010, 1.07675333927e-010, 5.76436728211e-012, 1.8508582999e-014, 1.95639092294e-018, 6.42967611307e-021]
    mfcc:
        mean: [-682.421081543, 78.7713165283, -42.1999893188, 66.7704086304, -17.0956630707, -3.41548705101, -2.40631055832, 1.21903336048, -0.385926753283, -3.74508595467, -7.29918479919, -4.86619615555, -5.60167312622]
        cov: [[3892.13134766, 402.472900391, 11.0160989761, 153.854705811, -197.296783447, 48.1650314331, 13.9196271896, 120.371963501, -4.93825864792, -20.6448917389, -34.0715866089, -1.26241612434, -6.82568883896], [402.472900391, 621.375061035, -66.759765625, 42.8385734558, -23.2105846405, 42.08751297, 47.1951332092, 15.1297130585, -13.6865663528, -40.0659713745, -37.1336250305, 12.3320608139, -4.04170417786], [11.0160989761, -66.759765625, 423.399871826, 187.72088623, 116.156478882, 17.1752548218, -24.1815795898, 4.37392759323, -2.55568647385, 7.6522231102, -23.1179389954, -2.14271950722, -9.99620056152], [153.854705811, 42.8385734558, 187.72088623, 432.65512085, 146.521911621, 0.0495873168111, -78.2422561646, -60.8226737976, 28.3337745667, 25.8194065094, -1.20789062977, -13.1498327255, -8.54505062103], [-197.296783447, -23.2105846405, 116.156478882, 146.521911621, 168.93421936, 27.2263259888, -35.7715644836, -49.7004470825, 5.95235443115, 29.8588218689, 8.80508995056, -1.32401251793, -6.50181436539], [48.1650314331, 42.08751297, 17.1752548218, 0.0495873168111, 27.2263259888, 115.360191345, 48.2423553467, 22.6250267029, -5.55789422989, 1.37070906162, 15.416674614, 15.5644521713, 0.655418217182], [13.9196271896, 47.1951332092, -24.1815795898, -78.2422561646, -35.7715644836, 48.2423553467, 134.386108398, 85.676651001, 26.1320133209, -9.57493591309, 3.00321936607, 21.5524349213, 14.5516471863], [120.371963501, 15.1297130585, 4.37392759323, -60.8226737976, -49.7004470825, 22.6250267029, 85.676651001, 137.059448242, 45.6570358276, -6.18496990204, -3.15107059479, 13.5804777145, 13.7663993835], [-4.93825864792, -13.6865663528, -2.55568647385, 28.3337745667, 5.95235443115, -5.55789422989, 26.1320133209, 45.6570358276, 87.3578872681, 39.760761261, 16.6392097473, 3.46952581406, 13.4602069855], [-20.6448917389, -40.0659713745, 7.6522231102, 25.8194065094, 29.8588218689, 1.37070906162, -9.57493591309, -6.18496990204, 39.760761261, 81.2525787354, 34.3467903137, 12.5859451294, 6.11378717422], [-34.0715866089, -37.1336250305, -23.1179389954, -1.20789062977, 8.80508995056, 15.416674614, 3.00321936607, -3.15107059479, 16.6392097473, 34.3467903137, 65.1379928589, 27.2152900696, 11.5176105499], [-1.26241612434, 12.3320608139, -2.14271950722, -13.1498327255, -1.32401251793, 15.5644521713, 21.5524349213, 13.5804777145, 3.46952581406, 12.5859451294, 27.2152900696, 52.6919975281, 23.3053798676], [-6.82568883896, -4.04170417786, -9.99620056152, -8.54505062103, -6.50181436539, 0.655418217182, 14.5516471863, 13.7663993835, 13.4602069855, 6.11378717422, 11.5176105499, 23.3053798676, 49.6371116638]]
        icov: [[0.000339834659826, -0.000182285322808, -4.48602513643e-005, -0.000330402515829, 0.000717021699529, -0.000275675760349, 0.000289255694952, -0.00042351486627, 0.000304469431285, -0.000334094045684, 4.58849717688e-005, 9.2568785476e-005, 6.728715789e-007], [-0.000182285322808, 0.00210017268546, 0.000649976951536, -0.000556625251193, -1.39465271332e-006, -0.000596890226007, -0.000797002634499, 0.000470431725262, -0.000154299661517, 0.000564593297895, 0.00180634972639, -0.00153531774413, 0.000565909023862], [-4.48602513643e-005, 0.000649976951536, 0.00379655789584, -0.00136251794174, -0.0020091808401, -2.13964303839e-005, 0.00018065139011, -0.00203662691638, 0.00160451582633, -0.000550056691281, 0.00214796722867, -0.00125954311807, 0.000551374221686], [-0.000330402515829, -0.000556625251193, -0.00136251794174, 0.0047291838564, -0.00296682002954, 9.79517717496e-005, 0.00170159584377, 0.00148792308755, -0.00332490750588, 0.00149381312076, -0.000539723783731, 0.00026417436311, -0.000133597030072], [0.000717021699529, -1.39465271332e-006, -0.0020091808401, -0.00296682002954, 0.012986545451, -0.00404804572463, 0.000582425680477, 0.00332066463307, -0.000977600924671, -0.00289914943278, 0.000720621377695, -0.000157833084813, 0.000375025148969], [-0.000275675760349, -0.000596890226007, -2.13964303839e-005, 9.79517717496e-005, -0.00404804572463, 0.0132521502674, -0.00547262793407, -0.00149378413334, 0.00414899457246, -0.000309184077196, -0.0040661143139, 0.000227144118981, 0.000989292748272], [0.000289255694952, -0.000797002634499, 0.00018065139011, 0.00170159584377, 0.000582425680477, -0.00547262793407, 0.0167832728475, -0.00719603803009, -0.00326741929166, 0.00212507252581, 0.00110926083289, -0.0033924493473, -0.000511989870574], [-0.00042351486627, 0.000470431725262, -0.00203662691638, 0.00148792308755, 0.00332066463307, -0.00149378413334, -0.00719603803009, 0.0180708374828, -0.0100892530754, 0.00357064441778, 0.00212270370685, -0.00245392345823, 0.000334307755111], [0.000304469431285, -0.000154299661517, 0.00160451582633, -0.00332490750588, -0.000977600924671, 0.00414899457246, -0.00326741929166, -0.0100892530754, 0.0255641248077, -0.0119725679979, -0.00277282041498, 0.006588593591, -0.00455442396924], [-0.000334094045684, 0.000564593297895, -0.000550056691281, 0.00149381312076, -0.00289914943278, -0.000309184077196, 0.00212507252581, 0.00357064441778, -0.0119725679979, 0.0230953525752, -0.00759787205607, -0.00316436076537, 0.0018081542803], [4.58849717688e-005, 0.00180634972639, 0.00214796722867, -0.000539723783731, 0.000720621377695, -0.0040661143139, 0.00110926083289, 0.00212270370685, -0.00277282041498, -0.00759787205607, 0.0281411316246, -0.0132845407352, 0.001122495858], [9.2568785476e-005, -0.00153531774413, -0.00125954311807, 0.00026417436311, -0.000157833084813, 0.000227144118981, -0.0033924493473, -0.00245392345823, 0.006588593591, -0.00316436076537, -0.0132845407352, 0.0342691615224, -0.0130733158439], [6.728715789e-007, 0.000565909023862, 0.000551374221686, -0.000133597030072, 0.000375025148969, 0.000989292748272, -0.000511989870574, 0.000334307755111, -0.00455442396924, 0.0018081542803, 0.001122495858, -0.0130733158439, 0.0272638518363]]
    sccoeffs:
        dmean: [0.0617932118475, 0.0472722873092, 0.0390129648149, 0.0330571383238, 0.0323981158435, 0.0270017739385]
        dmean2: [0.103317640722, 0.0797936245799, 0.0656578838825, 0.0563182719052, 0.0586420558393, 0.0456494763494]
        dvar: [0.00260371109471, 0.00138281972613, 0.000921168073546, 0.000692413595971, 0.000792977341916, 0.000525836891029]
        dvar2: [0.00731580704451, 0.00380620593205, 0.00256167189218, 0.00196335348301, 0.00240652728826, 0.00136317661963]
        max: [-0.287351936102, -0.486242562532, -0.580074369907, -0.582206010818, -0.549926757813, -0.491979718208]
        mean: [-0.660221934319, -0.778602957726, -0.796692728996, -0.793686449528, -0.7874096632, -0.706229507923]
        median: [-0.665104329586, -0.781837761402, -0.800247430801, -0.796892881393, -0.792505145073, -0.711796104908]
        min: [-0.974283695221, -0.967415988445, -0.977035403252, -0.972153842449, -0.965146422386, -0.962552249432]
        var: [0.00563188223168, 0.00299681373872, 0.00238664797507, 0.00161626376212, 0.00129259645473, 0.00199636584148]
    scvalleys:
        dmean: [0.41045036912, 0.361266702414, 0.295050323009, 0.275721639395, 0.279680103064, 0.289170205593]
        dmean2: [0.663279592991, 0.597648024559, 0.475360423326, 0.453036040068, 0.485019207001, 0.483655065298]
        dvar: [0.122409574687, 0.112256512046, 0.0772828310728, 0.0780842453241, 0.088965035975, 0.0960418507457]
        dvar2: [0.283238172531, 0.26819011569, 0.163583040237, 0.170321956277, 0.205532282591, 0.188743501902]
        max: [-5.17321777344, -4.63451337814, -5.14102649689, -5.49549436569, -5.40604972839, -7.67517232895]
        mean: [-6.78890943527, -6.59391498566, -6.95359230042, -7.17360782623, -6.57035493851, -9.43303203583]
        median: [-6.48246860504, -6.42320108414, -6.88842010498, -7.04975175858, -6.37243080139, -9.12607765198]
        min: [-27.9615764618, -27.8965320587, -27.6194705963, -27.539358139, -27.6272621155, -27.3779315948]
        var: [2.5142967701, 1.69552445412, 1.75443661213, 1.44893288612, 1.43531668186, 1.84157443047]

rhythm:
    beats_loudness:
        dmean: 0.00147296709474
        dmean2: 0.00256356643513
        dvar: 1.72483908045e-006
        dvar2: 4.9479081099e-006
        max: 0.0115506239235
        mean: 0.00601037405431
        median: 0.00601144786924
        min: 6.22396058303e-012
        var: 3.53688028554e-006
    bpm: 149.974060059
    bpm_confidence: 0
    first_peak_bpm: 152
    first_peak_spread: 0.469230741262
    first_peak_weight: 0.433962255716
    onset_rate: 2.50604629517
    second_peak_bpm: 144
    second_peak_spread: 0.27083337307
    second_peak_weight: 0.0550314448774
    beats_loudness_band_ratio:
        dmean: [0.0749550908804, 0.142271593213, 0.0524465404451, 0.0549625605345, 0.0793495327234, 0.0947020202875]
        dmean2: [0.129914194345, 0.251635402441, 0.0927864909172, 0.0948530212045, 0.13808748126, 0.16354867816]
        dvar: [0.00591531116515, 0.0152158606797, 0.00270907580853, 0.00468560447916, 0.00502725178376, 0.00548214232549]
        dvar2: [0.0159928351641, 0.0452399849892, 0.00758989527822, 0.0135953435674, 0.0146316420287, 0.0154179399833]
        max: [0.865457236767, 0.696567714214, 0.412987291813, 0.529656410217, 0.777518153191, 0.750333487988]
        mean: [0.149629443884, 0.179252907634, 0.0858464464545, 0.0791995227337, 0.224186196923, 0.31329330802]
        median: [0.126685604453, 0.129317685962, 0.0671851858497, 0.0366594418883, 0.209162563086, 0.304739713669]
        min: [0, 0, 0, 0, 0, 0]
        var: [0.00982400029898, 0.0207767430693, 0.00380800850689, 0.00686385529116, 0.0102032134309, 0.0132435150445]
    beats_position: [0.394739210606, 0.801088392735, 1.20743763447, 1.62539684772, 2.02013611794, 2.42648530006, 2.82122445107, 3.22757363319, 3.64553284645, 4.06349182129, 4.46984100342, 4.87619018555, 5.27092981339, 5.67727899551, 6.07201814651, 6.47836732864, 6.87310647964, 7.27945566177, 7.6858048439, 8.08054447174, 8.47528362274, 8.87002277374, 9.26476192474, 9.67111110687, 10.0658502579, 10.47219944, 10.8785486221, 11.2732877731, 11.6796369553, 12.0743761063, 12.4691152573, 12.8754644394, 13.2818136215, 13.6765527725, 14.0829019547, 14.4776411057, 14.8839902878, 15.2787294388, 15.6734695435, 16.0798187256, 16.4861679077, 16.8809070587, 17.2756462097, 17.6703853607, 18.0651245117, 18.4714736938, 18.877822876, 19.2841720581, 19.6789112091, 20.0852603912, 20.4799995422, 20.8747386932, 21.2694778442, 21.6758270264, 22.0821762085, 22.4769153595, 22.8716545105, 23.2780036926, 23.6727428436, 24.0790920258, 24.4738311768, 24.8685703278, 25.2749195099, 25.6696586609, 26.076007843, 26.470746994, 26.8770961761, 27.2834453583, 27.6781845093, 28.0729255676, 28.4792747498, 28.8740139008, 29.2803630829, 29.6751022339, 30.0698413849, 30.4645805359, 30.870929718, 31.2772789001, 31.6720180511, 32.0667572021, 32.4614944458, 32.8678436279, 33.2741928101, 33.6805419922, 34.0752830505, 34.4700202942, 34.8647613525, 35.2711105347, 35.6774597168, 36.0838088989, 36.4785499573, 36.8732872009, 37.2796363831, 37.6859855652, 38.0807266235, 38.4754638672, 38.8702049255, 39.2765541077, 39.6829032898, 40.0776405334, 40.4723815918, 40.8787307739, 41.2734680176, 41.6798171997, 42.0745582581, 42.4809074402, 42.8872566223, 43.281993866, 43.6999549866, 44.129524231, 44.5590934753, 44.9770507813, 45.3950119019, 45.8129692078, 46.2425384521, 46.6604995728, 47.0668487549, 47.473197937, 47.8795471191, 48.2742843628, 48.6690254211, 49.0637626648, 49.4585037231, 49.8532409668, 50.2595901489, 50.6659393311, 51.0722885132, 51.4786376953, 51.8733787537, 52.2681159973, 52.6628570557, 53.0692062378, 53.4755554199, 53.8702926636, 54.2650337219, 54.6597709656, 55.0661201477, 55.4724693298, 55.8672103882, 56.2735595703, 56.6799087524, 57.0746459961, 57.4693870544, 57.8757362366, 58.2820854187, 58.6768226624, 59.0715637207, 59.4663009644, 59.8610420227, 60.2557830811, 60.6621322632, 61.0684814453, 61.4748306274, 61.8695678711, 62.2759170532, 62.6706581116, 63.0770072937, 63.4833564758, 63.8780937195, 64.2728347778, 64.6675720215, 65.0623092651, 65.4570541382, 65.8750076294, 66.2697525024, 66.6761016846, 67.0824508667, 67.4771881104, 67.8835372925, 68.2782745361, 68.6846237183, 69.0793609619, 69.474105835, 69.8688430786, 70.2635803223, 70.6699295044, 71.0762786865, 71.4710159302, 71.8657608032, 72.2721099854, 72.6784591675, 73.0731964111, 73.4679336548, 73.8626708984, 74.2690200806, 74.6753692627, 75.0701141357, 75.4648513794, 75.859588623, 76.2659378052, 76.6722869873, 77.0670318604, 77.461769104, 77.8565063477, 78.2744674683, 78.6924285889, 79.1103820801, 79.5283432007, 79.9579086304, 80.3874816895, 80.8170471191, 81.2466201782, 81.6645812988, 82.070930481, 82.4772796631, 82.8836288452, 83.2899780273, 83.684715271, 84.0794525146, 84.4741897583, 84.8689346313, 85.2752838135, 85.6816329956, 86.0763702393, 86.4711074829, 86.865852356, 87.2722015381, 87.6785507202, 88.0732879639, 88.4680252075, 88.8743743896, 89.2807235718, 89.6754608154, 90.0702056885, 90.4649429321, 90.8712921143, 91.2776412964, 91.67237854, 92.0671157837, 92.4734649658, 92.8798141479, 93.274559021, 93.6809082031, 94.0756454468, 94.4819946289, 94.8767318726, 95.2714691162, 95.6778182983, 96.0841674805, 96.4789123535, 96.8736495972, 97.2683868408, 97.6631240845, 98.0694732666, 98.4758224487, 98.8705673218, 99.2769165039, 99.683265686, 100.07800293, 100.472740173, 100.890701294, 101.308662415, 101.726615906, 102.144577026, 102.562538147, 102.992103577, 103.433288574, 103.862854004, 104.280815125, 104.675552368, 105.070289612, 105.476638794, 105.871383667, 106.277732849, 106.672470093, 107.067207336, 107.46194458, 107.856689453, 108.263038635, 108.669387817, 109.075737, 109.482086182, 109.876823425, 110.271560669, 110.677909851, 111.072654724, 111.479003906, 111.87374115, 112.280090332, 112.686439514, 113.081176758, 113.475914001, 113.870658875, 114.277008057, 114.683357239, 115.089706421, 115.484443665, 115.890792847, 116.28553009, 116.680267334, 117.075012207, 117.469749451, 117.876098633, 118.282447815, 118.677185059, 119.083534241, 119.478271484, 119.884620667, 120.27936554, 120.674102783, 121.068840027, 121.463577271, 121.869926453, 122.264671326, 122.671020508, 123.07736969, 123.483718872, 123.913284302, 124.342857361, 124.760810852, 125.178771973, 125.585121155, 125.991470337, 126.421043396, 126.850608826, 127.268569946, 127.674919128, 128.081268311, 128.476013184, 128.870742798, 129.265487671, 129.671829224, 130.078186035, 130.472915649, 130.879272461, 131.274017334, 131.680358887, 132.07510376, 132.469833374, 132.876190186, 133.2709198, 133.677276611, 134.083618164, 134.478363037, 134.87310791, 135.267837524, 135.674194336, 136.068939209, 136.475280762, 136.881637573, 137.276367188, 137.671112061, 138.077453613, 138.483810425, 138.878540039, 139.273284912, 139.679641724, 140.074371338, 140.469116211, 140.875457764, 141.270202637, 141.66494751, 142.071289063, 142.477645874, 142.872375488, 143.2787323, 143.673461914, 144.079818726, 144.486160278, 144.880905151, 145.287246704, 145.681991577, 146.07673645, 146.471466064, 146.866210938, 147.27255249, 147.667297363, 148.073654175, 148.677368164, 149.281082153, 149.873199463, 150.476913452, 151.069015503, 151.661132813, 152.253234863, 152.856964111, 153.460678101, 154.06439209, 154.668121338, 155.271835327, 155.875549316, 156.479278564, 157.082992554, 157.686706543, 158.290420532, 158.882537842, 159.486251831, 160.078369141, 160.68208313, 161.285797119, 161.877914429, 162.470016479, 163.073745728, 163.677459717, 164.281173706, 164.884887695, 165.488616943, 166.092330933, 166.684448242, 167.276550293, 167.880264282, 168.48399353, 169.076095581, 169.67980957, 170.27192688, 170.875640869, 171.479354858, 172.083084106, 172.686798096, 173.278915405, 173.871017456, 174.463119507, 175.055236816, 175.658950806, 176.262680054, 176.866394043, 177.481719971, 178.120269775, 178.770431519, 179.420593262, 180.070739746, 180.674468994, 181.289794922, 181.916732788, 182.543670654, 183.066116333, 183.565353394, 184.052963257, 184.459320068, 184.865661621, 185.272018433, 185.678359985, 186.084716797, 186.479446411, 186.874191284, 187.268936157, 187.67527771, 188.070022583, 188.476364136, 188.871109009, 189.265853882, 189.672195435, 190.066940308, 190.47328186, 190.879638672, 191.285980225, 191.680725098, 192.075454712, 192.481811523, 192.888153076, 193.282897949, 193.677642822, 194.072372437, 194.46711731, 194.873458862, 195.279815674, 195.686157227, 196.0809021, 196.475646973, 196.881988525, 197.276733398, 197.683074951, 198.089431763, 198.484161377, 198.87890625, 199.273651123, 199.679992676, 200.086349487, 200.469467163, 200.875823975, 201.270568848, 201.665298462, 202.071655273, 202.466384888, 202.861129761, 203.267486572, 203.673828125, 204.080184937, 204.474914551, 204.881271362, 205.287612915, 205.682357788, 206.077087402, 206.471832275, 206.878189087, 207.28453064, 207.679275513, 208.074005127, 208.46875, 208.863494873, 209.269836426, 209.676193237, 210.070922852, 210.477279663, 210.872009277, 211.278366089, 211.684707642, 212.091064453, 212.485794067, 212.88053894, 213.275283813, 213.670013428, 214.064758301, 214.471099854, 214.865844727, 215.272201538, 215.678543091, 216.073287964, 216.479629517, 216.885986328, 217.280715942, 217.687072754, 218.081817627, 218.476547241, 218.882904053, 219.277633667, 219.683990479, 220.090332031, 220.485076904, 220.891418457, 221.28616333, 221.680908203, 222.087249756, 222.481994629, 222.888336182, 223.283081055, 223.677825928, 224.072555542, 224.478912354, 224.885253906, 225.291610718, 225.686340332, 226.092697144, 226.487426758, 226.882171631, 227.276916504, 227.671646118, 228.07800293, 228.472732544, 228.879089355, 229.273834229, 229.680175781, 230.086532593, 230.492874146, 230.899230957, 231.293960571, 231.688705444, 232.083435059, 232.478179932, 232.872924805, 233.279266357, 233.685623169, 234.080352783, 234.475097656, 234.869842529, 235.276184082, 235.670928955, 236.077270508, 236.483627319, 236.878356934, 237.284713745, 237.679458618, 238.085800171, 238.492156982, 238.886886597, 239.28163147, 239.687973022, 240.082717896, 240.489059448, 240.883804321, 241.278549194, 241.684890747, 242.07963562, 242.485977173, 242.880722046, 243.275466919, 243.681808472, 244.088165283, 244.482894897, 244.877639771, 245.283981323, 245.690338135, 246.085067749, 246.479812622, 246.886169434, 247.280899048, 247.687255859, 248.081985474, 248.476730347, 248.87147522, 249.266204834, 249.660949707, 250.06729126, 250.473648071, 250.879989624, 251.286346436, 251.681091309, 252.075820923, 252.470565796, 252.876907349, 253.28326416, 253.677993774, 254.084350586, 254.479095459, 254.873825073, 255.268569946, 255.674911499, 256.081268311, 256.476013184, 256.882354736, 257.277099609, 257.683441162, 258.089782715, 258.484527588, 258.879272461, 259.285614014, 259.691955566, 260.086700439, 260.504669189, 260.922637939, 261.340576172, 261.758544922, 262.176513672, 262.594451904, 263.012420654, 263.430389404, 263.848327637, 264.266296387, 264.684265137, 265.102203369, 265.508575439, 266.031005859, 266.553466797, 267.075927734, 267.586761475, 268.109191895, 268.631652832]
