
metadata:
    version:
        essentia: "2.1-beta2"
    audio_properties:
        analysis_sample_rate: 44100
        bitrate: 320
        channels: 2
        equal_loudness: 1
        length: 263.679992676
        replay_gain: -14.0247211456
        downmix: "mix"
    tags:
        album: "Extremist"
        artist: "Demon Hunter"
        comment: ""
        date: "2014"
        genre: "Christian Metal"
        title: "Beyond Me"
        tracknumber: "10"

configuration:
    average_loudness:
        compute: 1
        frameSize: 88200
        hopSize: 44100
        silentFrames: "noise"
        windowType: "hann"
    general:
        analysisSampleRate: 44100
        endTime: 2000
        equalLoudness: 1
        nequalLoudness: 0
        shortSound: 0
        startTime: 0
    lowlevel:
        compute: 1
        frameSize: 2048
        hopSize: 1024
        zeroPadding: 0
        silentFrames: "noise"
        windowType: "blackmanharris62"
        mfccStats: ["mean", "cov", "icov"]
        stats: ["mean", "var", "median", "min", "max", "dmean", "dmean2", "dvar", "dvar2"]
    panning:
        compute: 0
        frameSize: 8192
        hopSize: 2048
        zeroPadding: 8192
        silentFrames: "noise"
        windowType: "hann"
        stats: ["copy"]
    rhythm:
        compute: 1
        maxTempo: 208
        minTempo: 40
        method: "degara"
        stats: ["mean", "var", "median", "min", "max", "dmean", "dmean2", "dvar", "dvar2"]
    segmentation:
        compute: 0
        cpw: 5
        inc1: 300
        inc2: 50
        minimumSegmentsLength: 10
        size1: 1000
        size2: 600
    sfx:
        compute: 1
        stats: ["mean", "var", "median", "min", "max", "dmean", "dmean2", "dvar", "dvar2"]
    svm:
        compute: 0
    tonal:
        compute: 1
        frameSize: 4096
        hopSize: 2048
        zeroPadding: 0
        silentFrames: "noise"
        windowType: "blackmanharris62"
        stats: ["mean", "var", "median", "min", "max", "dmean", "dmean2", "dvar", "dvar2"]

lowlevel:
    average_loudness: 0.974766910076
    barkbands_kurtosis:
        dmean: 0.579722940922
        dmean2: 0.95806145668
        dvar: 0.922720253468
        dvar2: 2.13221931458
        max: 40.1392478943
        mean: -0.845410108566
        median: -1.21544897556
        min: -1.8907084465
        var: 2.39419269562
    barkbands_skewness:
        dmean: 0.37040656805
        dmean2: 0.594985902309
        dvar: 0.127712532878
        dvar2: 0.329365432262
        max: 5.09214258194
        mean: -0.464487791061
        median: -0.494722753763
        min: -5.02806949615
        var: 0.421425789595
    barkbands_spread:
        dmean: 5.71229219437
        dmean2: 9.3380279541
        dvar: 28.8361911774
        dvar2: 77.2762374878
        max: 75.4362411499
        mean: 36.8904838562
        median: 37.0962524414
        min: 2.87005019188
        var: 72.2603149414
    dissonance:
        dmean: 0.00816809479147
        dmean2: 0.0138585586101
        dvar: 6.53208626318e-005
        dvar2: 0.000182570234756
        max: 0.500000119209
        mean: 0.4849383533
        median: 0.487395495176
        min: 0.371151506901
        var: 0.000120972312288
    hfc:
        dmean: 3.22292017937
        dmean2: 5.22570562363
        dvar: 12.9334049225
        dvar2: 33.1164398193
        max: 45.9088668823
        mean: 13.4997005463
        median: 13.4516248703
        min: 1.11321927133e-016
        var: 32.0183258057
    pitch:
        dmean: 881.375305176
        dmean2: 1677.97521973
        dvar: 1704865.625
        dvar2: 4231825.5
        max: 4550.74267578
        mean: 2691.81347656
        median: 3580.19042969
        min: 61.6659088135
        var: 2195914.25
    pitch_instantaneous_confidence:
        dmean: 0.0753478556871
        dmean2: 0.125712648034
        dvar: 0.00352769345045
        dvar2: 0.00967831164598
        max: 0.835740447044
        mean: 0.363067746162
        median: 0.357250571251
        min: 0.089920759201
        var: 0.00971068907529
    pitch_salience:
        dmean: 0.0534619279206
        dmean2: 0.0901436954737
        dvar: 0.00221748603508
        dvar2: 0.00640851538628
        max: 0.932265758514
        mean: 0.682604670525
        median: 0.692383766174
        min: 0.25048327446
        var: 0.00463784392923
    silence_rate_20dB:
        dmean: 0
        dmean2: 0
        dvar: 0
        dvar2: 0
        max: 1
        mean: 1
        median: 1
        min: 1
        var: 0
    silence_rate_30dB:
        dmean: 0
        dmean2: 0
        dvar: 0
        dvar2: 0
        max: 1
        mean: 1
        median: 1
        min: 1
        var: 0
    silence_rate_60dB:
        dmean: 0.013737231493
        dmean2: 0.027476882562
        dvar: 0.0135480295867
        dvar2: 0.0311255324632
        max: 1
        mean: 0.0660385638475
        median: 0
        min: 0
        var: 0.0616731420159
    spectral_centroid:
        dmean: 279.883026123
        dmean2: 450.693756104
        dvar: 81631.8046875
        dvar2: 200378.875
        max: 11585.2734375
        mean: 2184.95239258
        median: 2189.76879883
        min: 164.090774536
        var: 448920.625
    spectral_complexity:
        dmean: 4.19936609268
        dmean2: 6.58176994324
        dvar: 14.5501451492
        dvar2: 33.5111579895
        max: 49
        mean: 24.5519943237
        median: 26
        min: 0
        var: 67.5963287354
    spectral_crest:
        dmean: 1.74441146851
        dmean2: 2.95770788193
        dvar: 3.28037118912
        dvar2: 8.96571445465
        max: 21.7337760925
        mean: 6.33045434952
        median: 5.79083490372
        min: 2.48539113998
        var: 5.1623301506
    spectral_decrease:
        dmean: 2.96944413503e-010
        dmean2: 4.9810694458e-010
        dvar: 1.95088750938e-019
        dvar2: 5.30134626212e-019
        max: 1.91026515244e-028
        mean: -1.31311472806e-009
        median: -1.31033639494e-009
        min: -5.3915054643e-009
        var: 2.7190222896e-019
    spectral_energy:
        dmean: 0.00136225845199
        dmean2: 0.00226734695025
        dvar: 3.61060347132e-006
        dvar2: 9.64670925896e-006
        max: 0.0242211706936
        mean: 0.00618047872558
        median: 0.00618875678629
        min: 1.00641821127e-020
        var: 5.69908934267e-006
    spectral_energyband_high:
        dmean: 0.000296460144455
        dmean2: 0.000498951936606
        dvar: 1.32540549203e-007
        dvar2: 3.54262880364e-007
        max: 0.00567543134093
        mean: 0.000809623801615
        median: 0.000748588005081
        min: 7.08685535776e-021
        var: 2.24155456863e-007
    spectral_energyband_low:
        dmean: 0.00025688164169
        dmean2: 0.000431721360656
        dvar: 1.06876811401e-007
        dvar2: 2.98280752986e-007
        max: 0.0031710115727
        mean: 0.00044375329162
        median: 0.00034996116301
        min: 2.70066972665e-023
        var: 1.39676373578e-007
    spectral_energyband_middle_high:
        dmean: 0.000775845895987
        dmean2: 0.00124048243742
        dvar: 5.88775776578e-007
        dvar2: 1.44725095197e-006
        max: 0.0103979418054
        mean: 0.00328967673704
        median: 0.00327093829401
        min: 1.15907501936e-021
        var: 1.90632715658e-006
    spectral_energyband_middle_low:
        dmean: 0.000758748268709
        dmean2: 0.00130701845046
        dvar: 2.01081979867e-006
        dvar2: 5.72563703827e-006
        max: 0.014478831552
        mean: 0.00176683044992
        median: 0.00147404184099
        min: 2.01067202551e-022
        var: 1.890525823e-006
    spectral_flatness_db:
        dmean: 0.0112700909376
        dmean2: 0.0183855518699
        dvar: 0.000106308696559
        dvar2: 0.000271097524092
        max: 0.355890631676
        mean: 0.142818331718
        median: 0.138463363051
        min: 0.0401874370873
        var: 0.000786235148553
    spectral_flux:
        dmean: 0.00675715785474
        dmean2: 0.0104839205742
        dvar: 6.37344928691e-005
        dvar2: 0.000124974700157
        max: 0.121012873948
        mean: 0.0478047840297
        median: 0.0475145578384
        min: 6.5205833788e-011
        var: 0.000200070091523
    spectral_kurtosis:
        dmean: 0.871340453625
        dmean2: 1.47197556496
        dvar: 0.865485906601
        dvar2: 2.4957253933
        max: 24.8566951752
        mean: 2.88876008987
        median: 2.81137752533
        min: -1.24543595314
        var: 1.71662867069
    spectral_rms:
        dmean: 0.000254303391557
        dmean2: 0.000415693502873
        dvar: 9.23731562352e-008
        dvar2: 2.3901810664e-007
        max: 0.00486111221835
        mean: 0.00239044381306
        median: 0.00245719589293
        min: 3.13348283952e-012
        var: 3.15491121228e-007
    spectral_rolloff:
        dmean: 233.832351685
        dmean2: 383.72756958
        dvar: 134975.328125
        dvar2: 288207.0625
        max: 19466.015625
        mean: 3858.22216797
        median: 3875.9765625
        min: 150.732421875
        var: 877271.375
    spectral_skewness:
        dmean: 0.140435636044
        dmean2: 0.229679912329
        dvar: 0.0177948474884
        dvar2: 0.0448746047914
        max: 3.28685498238
        mean: 1.04801309109
        median: 1.035359025
        min: -0.081433840096
        var: 0.0861687809229
    spectral_spread:
        dmean: 341451.53125
        dmean2: 510000.96875
        dvar: 445408706560
        dvar2: 918463315968
        max: 43981220
        mean: 4504118.5
        median: 4365855.5
        min: 1742989
        var: 4.81579237376e+012
    spectral_strongpeak:
        dmean: 0.580059766769
        dmean2: 1.02490186691
        dvar: 0.749820291996
        dvar2: 2.05881309509
        max: 9.54663848877
        mean: 0.727834880352
        median: 0.373083770275
        min: 2.67142558075e-011
        var: 0.86732763052
    zerocrossingrate:
        dmean: 0.0073128673248
        dmean2: 0.00904341600835
        dvar: 5.69912554056e-005
        dvar2: 7.11523098289e-005
        max: 0.5244140625
        mean: 0.119214661419
        median: 0.119140625
        min: 0.00830078125
        var: 0.000790872843936
    barkbands:
        dmean: [1.97371377908e-007, 9.25883214222e-005, 0.000169889448443, 0.0001400506153, 0.000529986515176, 0.00017041839601, 0.000103683087218, 8.73816461535e-005, 0.000110551554826, 5.66891467315e-005, 5.14143903274e-005, 6.83582111378e-005, 4.81943352497e-005, 4.51409432571e-005, 7.47778758523e-005, 0.000179520939128, 0.000192947874893, 0.000196291977772, 0.000390927307308, 0.000303301931126, 0.000131733657327, 5.9049049014e-005, 8.88882641448e-006, 2.5844638003e-006, 7.23731716334e-007, 3.41737127485e-008, 5.53697698802e-010]
        dmean2: [3.18639933994e-007, 0.000160213690833, 0.000282893306576, 0.000246261100983, 0.000928693334572, 0.000277831859421, 0.000167504302226, 0.000137307783007, 0.000175505061634, 9.05612687347e-005, 8.28888514661e-005, 0.000107047315396, 7.67755918787e-005, 7.3528928624e-005, 0.000121098200907, 0.000299495150102, 0.000320403371006, 0.000325430330122, 0.000646783038974, 0.00050302920863, 0.000222770031542, 0.000103306221718, 1.44173345689e-005, 3.81454219678e-006, 1.11979500161e-006, 5.23260013097e-008, 8.61981930278e-010]
        dvar: [7.15815753026e-014, 2.22175522424e-008, 4.62509319732e-008, 4.43198757694e-008, 1.52209338466e-006, 7.13892021054e-008, 2.9428877113e-008, 2.37358470656e-008, 2.30913528299e-008, 1.06130002564e-008, 1.3446397773e-008, 2.07841388544e-008, 1.1432013558e-008, 6.4320508919e-009, 1.69139227069e-008, 4.84640487741e-008, 4.26767208239e-008, 5.11466708986e-008, 1.742101432e-007, 1.0208405854e-007, 2.99620346311e-008, 8.01673127881e-009, 2.5228316658e-010, 3.13199743918e-011, 1.47525665729e-012, 3.61764129531e-015, 5.64023905716e-019]
        dvar2: [1.7430422882e-013, 6.08765020615e-008, 1.27841261133e-007, 1.34142325692e-007, 4.3335871851e-006, 1.7763153437e-007, 6.85863383865e-008, 5.23600967028e-008, 5.50898384688e-008, 2.54923211429e-008, 3.35406369345e-008, 4.84263686928e-008, 2.67707829238e-008, 1.56381005922e-008, 4.24749870831e-008, 1.29035200302e-007, 1.11676691006e-007, 1.35557826297e-007, 4.6597938308e-007, 2.7045317097e-007, 8.14839822283e-008, 2.18777369554e-008, 5.46603873275e-010, 5.65816872522e-011, 3.26765242468e-012, 8.51235331816e-015, 1.15543989742e-018]
        max: [2.8698495953e-006, 0.00118392682634, 0.00258349301293, 0.00207849335857, 0.012499159202, 0.00500449351966, 0.00406010542065, 0.00430046766996, 0.0032243647147, 0.00283875130117, 0.00398039352149, 0.0024624238722, 0.003933893051, 0.00250233197585, 0.00377407297492, 0.00406165421009, 0.00335180899128, 0.0039185336791, 0.00746880471706, 0.00594246853143, 0.00346020003781, 0.00127959134988, 0.000342784740496, 0.000155056157382, 3.45962580468e-005, 2.82492510451e-006, 1.75966086147e-008]
        mean: [2.49031415933e-007, 0.000100466299045, 0.000256930477917, 0.000178410846274, 0.000655006035231, 0.000324616557918, 0.000205734890187, 0.000160828320077, 0.000211100574234, 0.000101465077023, 8.24552334961e-005, 0.000116770330351, 8.00866764621e-005, 7.73687133915e-005, 0.000139578653034, 0.000380034849513, 0.000431897147791, 0.000439047667896, 0.000985443359241, 0.000812888669316, 0.000307866983349, 0.000104403596197, 1.93669020518e-005, 6.42732402412e-006, 1.93145365301e-006, 9.03291450527e-008, 1.33696997917e-009]
        median: [1.15165214254e-007, 5.7813602325e-005, 0.000179500857485, 0.000110698667413, 0.000360174279194, 0.000161000076332, 8.69996511028e-005, 6.22456282144e-005, 0.000134674482979, 4.2476458475e-005, 3.11716175929e-005, 3.78399890906e-005, 3.42228995578e-005, 4.51945961686e-005, 9.07155044843e-005, 0.000293392513413, 0.000370202673366, 0.000383103149943, 0.000886797206476, 0.000758061942179, 0.000273494486464, 7.89399637142e-005, 1.22580922834e-005, 4.00373437515e-006, 1.3926299971e-006, 5.21866425629e-008, 6.47989162328e-010]
        min: [4.40372232616e-025, 5.6761318921e-024, 7.24035717993e-025, 2.60906869717e-024, 7.45028401225e-024, 1.46810658999e-023, 7.72946267547e-024, 1.15018546888e-023, 6.53719210838e-024, 1.63497638831e-023, 3.74532950889e-023, 2.1745129135e-023, 2.13784602753e-023, 2.56747608482e-023, 4.57831172009e-023, 8.41804642232e-023, 7.68908025464e-023, 7.5232427597e-023, 1.1740236937e-022, 1.35542875907e-022, 1.68611748349e-022, 3.83514384731e-022, 3.78855258628e-022, 6.58886617377e-022, 9.00754753553e-022, 1.32028537177e-021, 2.00006496391e-021]
        var: [1.06272541494e-013, 1.76115797501e-008, 6.72613253982e-008, 4.56701236828e-008, 1.12219254333e-006, 2.27872405389e-007, 1.28039104652e-007, 9.37295538961e-008, 6.49982752066e-008, 2.91007893338e-008, 2.84436492137e-008, 4.82047930461e-008, 2.57903813861e-008, 1.17371827812e-008, 3.28793312576e-008, 1.04523472544e-007, 8.8317285929e-008, 8.48687875532e-008, 3.97586831014e-007, 2.16223014604e-007, 4.28549391529e-008, 9.28147425583e-009, 7.66513186257e-010, 1.14621277747e-010, 4.92696031543e-012, 1.22733007297e-014, 2.86746770873e-018]
    frequency_bands:
        dmean: [1.97371377908e-007, 9.25883214222e-005, 0.000169889448443, 0.0001400506153, 0.000529986515176, 0.00017041839601, 0.000103683087218, 8.73816461535e-005, 0.000110551554826, 5.66891467315e-005, 5.14143903274e-005, 6.83582111378e-005, 4.81943352497e-005, 4.51409432571e-005, 7.47778758523e-005, 0.000179520939128, 0.000192947874893, 0.000196291977772, 0.000390927307308, 0.000303301931126, 0.000131733657327, 5.9049049014e-005, 8.88882641448e-006, 2.5844638003e-006, 7.23731716334e-007, 3.41737127485e-008, 5.53697698802e-010, 7.0134398289e-011]
        dmean2: [3.18639933994e-007, 0.000160213690833, 0.000282893306576, 0.000246261100983, 0.000928693334572, 0.000277831859421, 0.000167504302226, 0.000137307783007, 0.000175505061634, 9.05612687347e-005, 8.28888514661e-005, 0.000107047315396, 7.67755918787e-005, 7.3528928624e-005, 0.000121098200907, 0.000299495150102, 0.000320403371006, 0.000325430330122, 0.000646783038974, 0.00050302920863, 0.000222770031542, 0.000103306221718, 1.44173345689e-005, 3.81454219678e-006, 1.11979500161e-006, 5.23260013097e-008, 8.61981930278e-010, 1.29762034451e-010]
        dvar: [7.15815753026e-014, 2.22175522424e-008, 4.62509319732e-008, 4.43198757694e-008, 1.52209338466e-006, 7.13892021054e-008, 2.9428877113e-008, 2.37358470656e-008, 2.30913528299e-008, 1.06130002564e-008, 1.3446397773e-008, 2.07841388544e-008, 1.1432013558e-008, 6.4320508919e-009, 1.69139227069e-008, 4.84640487741e-008, 4.26767208239e-008, 5.11466708986e-008, 1.742101432e-007, 1.0208405854e-007, 2.99620346311e-008, 8.01673127881e-009, 2.5228316658e-010, 3.13199743918e-011, 1.47525665729e-012, 3.61764129531e-015, 5.64023905716e-019, 8.04780093045e-021]
        dvar2: [1.7430422882e-013, 6.08765020615e-008, 1.27841261133e-007, 1.34142325692e-007, 4.3335871851e-006, 1.7763153437e-007, 6.85863383865e-008, 5.23600967028e-008, 5.50898384688e-008, 2.54923211429e-008, 3.35406369345e-008, 4.84263686928e-008, 2.67707829238e-008, 1.56381005922e-008, 4.24749870831e-008, 1.29035200302e-007, 1.11676691006e-007, 1.35557826297e-007, 4.6597938308e-007, 2.7045317097e-007, 8.14839822283e-008, 2.18777369554e-008, 5.46603873275e-010, 5.65816872522e-011, 3.26765242468e-012, 8.51235331816e-015, 1.15543989742e-018, 2.47772048941e-020]
        max: [2.8698495953e-006, 0.00118392682634, 0.00258349301293, 0.00207849335857, 0.012499159202, 0.00500449351966, 0.00406010542065, 0.00430046766996, 0.0032243647147, 0.00283875130117, 0.00398039352149, 0.0024624238722, 0.003933893051, 0.00250233197585, 0.00377407297492, 0.00406165421009, 0.00335180899128, 0.0039185336791, 0.00746880471706, 0.00594246853143, 0.00346020003781, 0.00127959134988, 0.000342784740496, 0.000155056157382, 3.45962580468e-005, 2.82492510451e-006, 1.75966086147e-008, 8.4074253115e-010]
        mean: [2.49031415933e-007, 0.000100466299045, 0.000256930477917, 0.000178410846274, 0.000655006035231, 0.000324616557918, 0.000205734890187, 0.000160828320077, 0.000211100574234, 0.000101465077023, 8.24552334961e-005, 0.000116770330351, 8.00866764621e-005, 7.73687133915e-005, 0.000139578653034, 0.000380034849513, 0.000431897147791, 0.000439047667896, 0.000985443359241, 0.000812888669316, 0.000307866983349, 0.000104403596197, 1.93669020518e-005, 6.42732402412e-006, 1.93145365301e-006, 9.03291450527e-008, 1.33696997917e-009, 5.50752082829e-011]
        median: [1.15165214254e-007, 5.7813602325e-005, 0.000179500857485, 0.000110698667413, 0.000360174279194, 0.000161000076332, 8.69996511028e-005, 6.22456282144e-005, 0.000134674482979, 4.2476458475e-005, 3.11716175929e-005, 3.78399890906e-005, 3.42228995578e-005, 4.51945961686e-005, 9.07155044843e-005, 0.000293392513413, 0.000370202673366, 0.000383103149943, 0.000886797206476, 0.000758061942179, 0.000273494486464, 7.89399637142e-005, 1.22580922834e-005, 4.00373437515e-006, 1.3926299971e-006, 5.21866425629e-008, 6.47989162328e-010, 2.30404376134e-011]
        min: [4.40372232616e-025, 5.6761318921e-024, 7.24035717993e-025, 2.60906869717e-024, 7.45028401225e-024, 1.46810658999e-023, 7.72946267547e-024, 1.15018546888e-023, 6.53719210838e-024, 1.63497638831e-023, 3.74532950889e-023, 2.1745129135e-023, 2.13784602753e-023, 2.56747608482e-023, 4.57831172009e-023, 8.41804642232e-023, 7.68908025464e-023, 7.5232427597e-023, 1.1740236937e-022, 1.35542875907e-022, 1.68611748349e-022, 3.83514384731e-022, 3.78855258628e-022, 6.58886617377e-022, 9.00754753553e-022, 1.32028537177e-021, 2.00006496391e-021, 6.15365779703e-022]
        var: [1.06272541494e-013, 1.76115797501e-008, 6.72613253982e-008, 4.56701236828e-008, 1.12219254333e-006, 2.27872405389e-007, 1.28039104652e-007, 9.37295538961e-008, 6.49982752066e-008, 2.91007893338e-008, 2.84436492137e-008, 4.82047930461e-008, 2.57903813861e-008, 1.17371827812e-008, 3.28793312576e-008, 1.04523472544e-007, 8.8317285929e-008, 8.48687875532e-008, 3.97586831014e-007, 2.16223014604e-007, 4.28549391529e-008, 9.28147425583e-009, 7.66513186257e-010, 1.14621277747e-010, 4.92696031543e-012, 1.22733007297e-014, 2.86746770873e-018, 6.77420370444e-021]
    mfcc:
        mean: [-680.867431641, 87.5123062134, -48.999042511, 69.3664627075, -16.4343471527, -6.5373249054, -5.37952184677, -2.91777539253, -0.61667150259, -2.86455225945, -7.99673748016, -5.8436050415, -1.14147031307]
        cov: [[4132.55810547, 145.516906738, -197.201171875, 374.520355225, -140.943756104, 143.927947998, -8.54061508179, 98.2630767822, -18.3592967987, -27.9363269806, -20.0161075592, -31.437915802, -38.682056427], [145.516906738, 538.067260742, -207.165710449, 138.011016846, -76.4578018188, -28.0368976593, 23.9106426239, -16.3745040894, 27.1769695282, -10.3232841492, 2.7411210537, 1.58669650555, 39.2616996765], [-197.201171875, -207.165710449, 295.768249512, -36.2089118958, 72.6529998779, 17.8387622833, 6.0116610527, 28.0700778961, -17.4269104004, 9.53201675415, -5.46221065521, 13.9752693176, -15.5717630386], [374.520355225, 138.011016846, -36.2089118958, 306.901031494, 34.3144721985, 3.15313076973, -63.0101585388, -28.2201347351, 24.0061397552, 30.0198001862, 1.45462608337, -20.3446769714, 23.1632595062], [-140.943756104, -76.4578018188, 72.6529998779, 34.3144721985, 153.220809937, 37.1086425781, -9.16971111298, -35.2588348389, -0.841389715672, 12.748087883, -5.17421770096, -10.3945074081, -12.6871433258], [143.927947998, -28.0368976593, 17.8387622833, 3.15313076973, 37.1086425781, 128.909835815, 55.0188331604, 33.5918235779, -7.6213722229, -7.84638023376, 7.86849069595, 1.46868908405, -21.1575527191], [-8.54061508179, 23.9106426239, 6.0116610527, -63.0101585388, -9.16971111298, 55.0188331604, 138.472473145, 77.0824432373, 18.2054538727, -17.2259235382, 5.09801244736, 14.7391109467, -2.63720726967], [98.2630767822, -16.3745040894, 28.0700778961, -28.2201347351, -35.2588348389, 33.5918235779, 77.0824432373, 114.790351868, 30.7798252106, 0.0729357153177, 1.87583124638, 11.2879066467, -1.0226919651], [-18.3592967987, 27.1769695282, -17.4269104004, 24.0061397552, -0.841389715672, -7.6213722229, 18.2054538727, 30.7798252106, 72.6068344116, 34.4350738525, 10.5927391052, -4.42385911942, 8.72654628754], [-27.9363269806, -10.3232841492, 9.53201675415, 30.0198001862, 12.748087883, -7.84638023376, -17.2259235382, 0.0729357153177, 34.4350738525, 82.5907592773, 31.8240222931, 9.00255203247, 5.8067908287], [-20.0161075592, 2.7411210537, -5.46221065521, 1.45462608337, -5.17421770096, 7.86849069595, 5.09801244736, 1.87583124638, 10.5927391052, 31.8240222931, 65.7317199707, 30.4562397003, 8.45476818085], [-31.437915802, 1.58669650555, 13.9752693176, -20.3446769714, -10.3945074081, 1.46868908405, 14.7391109467, 11.2879066467, -4.42385911942, 9.00255203247, 30.4562397003, 61.0356864929, 25.4939174652], [-38.682056427, 39.2616996765, -15.5717630386, 23.1632595062, -12.6871433258, -21.1575527191, -2.63720726967, -1.0226919651, 8.72654628754, 5.8067908287, 8.45476818085, 25.4939174652, 66.7217102051]]
        icov: [[0.000340978178428, 0.000138687901199, 0.000245933304541, -0.000571073498577, 0.000432962027844, -0.000376369658625, 7.8949444287e-005, -0.000341765524354, 0.000280617095996, 3.16814075632e-005, 0.000186518896953, -0.000163823104231, 0.000332089228323], [0.000138687901199, 0.00348762841895, 0.00179417105392, -0.00211837817915, 0.00146666367073, 0.000579652027227, -0.00243772030808, 0.00153309234884, -0.000430266809417, 0.000424822646892, 0.000596752623096, -0.000933554547373, -0.000127472609165], [0.000245933304541, 0.00179417105392, 0.00586494803429, -0.000747561862227, -0.00236586946994, 0.000986042432487, 1.94449185074e-005, -0.00307486066595, 0.00247018574737, -0.000956790463533, 0.00116956303827, -0.00202059186995, 0.000915615353733], [-0.000571073498577, -0.00211837817915, -0.000747561862227, 0.00637237122282, -0.00238640676253, -0.00116233283188, 0.00389003218152, -0.000955741270445, -0.00137288926635, -0.000817992666271, -0.000789447629359, 0.00247923377901, -0.00275101792067], [0.000432962027844, 0.00146666367073, -0.00236586946994, -0.00238640676253, 0.0120947500691, -0.00431259116158, -0.0025508843828, 0.00730648869649, -0.00295193702914, -0.00106553290971, 0.00238006724976, -0.000253305246588, 0.000881748332176], [-0.000376369658625, 0.000579652027227, 0.000986042432487, -0.00116233283188, -0.00431259116158, 0.0132401883602, -0.00490445410833, -0.00310530047864, 0.0041546439752, 0.000271598488325, -0.00282061984763, 0.000354830001015, 0.00286616641097], [7.8949444287e-005, -0.00243772030808, 1.94449185074e-005, 0.00389003218152, -0.0025508843828, -0.00490445410833, 0.0176393762231, -0.00980501528829, -0.00272218557075, 0.00378789799288, -0.00145685311873, -0.00108992343303, -0.00073162157787], [-0.000341765524354, 0.00153309234884, -0.00307486066595, -0.000955741270445, 0.00730648869649, -0.00310530047864, -0.00980501528829, 0.0221223384142, -0.00899822823703, 1.31837241497e-005, 0.00335014984012, -0.00285882712342, 0.000713625689968], [0.000280617095996, -0.000430266809417, 0.00247018574737, -0.00137288926635, -0.00295193702914, 0.0041546439752, -0.00272218557075, -0.00899822823703, 0.0256127156317, -0.00994640681893, -0.00174276973121, 0.00614341022447, -0.00263116857968], [3.16814075632e-005, 0.000424822646892, -0.000956790463533, -0.000817992666271, -0.00106553290971, 0.000271598488325, 0.00378789799288, 1.31837241497e-005, -0.00994640681893, 0.0211344100535, -0.0087731545791, -0.000947064778302, 0.000797634071205], [0.000186518896953, 0.000596752623096, 0.00116956303827, -0.000789447629359, 0.00238006724976, -0.00282061984763, -0.00145685311873, 0.00335014984012, -0.00174276973121, -0.0087731545791, 0.0262370016426, -0.0132490275428, 0.00258507789113], [-0.000163823104231, -0.000933554547373, -0.00202059186995, 0.00247923377901, -0.000253305246588, 0.000354830001015, -0.00108992343303, -0.00285882712342, 0.00614341022447, -0.000947064778302, -0.0132490275428, 0.0303725004196, -0.011547781527], [0.000332089228323, -0.000127472609165, 0.000915615353733, -0.00275101792067, 0.000881748332176, 0.00286616641097, -0.00073162157787, 0.000713625689968, -0.00263116857968, 0.000797634071205, 0.00258507789113, -0.011547781527, 0.0218419246376]]
    sccoeffs:
        dmean: [0.0567547082901, 0.0460764467716, 0.037212446332, 0.03478327021, 0.0311308316886, 0.0238344110548]
        dmean2: [0.0945251733065, 0.0768897309899, 0.0612058080733, 0.0590667873621, 0.055932354182, 0.0403660386801]
        dvar: [0.0022416501306, 0.00130183878355, 0.000848237308674, 0.000812191225123, 0.000832178106066, 0.00036911747884]
        dvar2: [0.00635996414348, 0.00354175409302, 0.00229928339832, 0.00224316050299, 0.00248766760342, 0.000992444693111]
        max: [-0.282160311937, -0.464043557644, -0.525337934494, -0.50581496954, -0.528595507145, -0.48589527607]
        mean: [-0.659688293934, -0.75209158659, -0.784547805786, -0.779889941216, -0.784023284912, -0.702512383461]
        median: [-0.667816996574, -0.758645832539, -0.789251029491, -0.786315023899, -0.789802789688, -0.70559579134]
        min: [-0.980667769909, -0.976589262486, -0.978119015694, -0.97017121315, -0.964024424553, -0.965604901314]
        var: [0.00610492890701, 0.00477985478938, 0.00303235719912, 0.00267967046238, 0.0017275349237, 0.00234964466654]
    scvalleys:
        dmean: [0.389452368021, 0.343210846186, 0.28565132618, 0.280800461769, 0.268644630909, 0.269577205181]
        dmean2: [0.645841240883, 0.569690704346, 0.464420974255, 0.461639672518, 0.460413098335, 0.45520862937]
        dvar: [0.107584327459, 0.0960036069155, 0.0713541209698, 0.0751173421741, 0.081372231245, 0.0787714794278]
        dvar2: [0.275296926498, 0.235044896603, 0.159557983279, 0.170480817556, 0.192253440619, 0.166923865676]
        max: [-5.10612773895, -4.67090559006, -5.30113458633, -5.64558601379, -5.49198675156, -7.70097017288]
        mean: [-6.77987194061, -6.54634952545, -7.04598617554, -7.16604280472, -6.53405046463, -9.66821098328]
        median: [-6.50914525986, -6.38420724869, -6.93696546555, -6.99909448624, -6.30218267441, -9.29528427124]
        min: [-28.0618991852, -28.0440139771, -27.7806777954, -27.5116901398, -27.5413208008, -27.3850917816]
        var: [2.48493361473, 2.11681866646, 2.08629488945, 2.00995469093, 2.14299941063, 2.5469083786]

rhythm:
    beats_loudness:
        dmean: 0.00147666572593
        dmean2: 0.00257134879939
        dvar: 1.35285506531e-006
        dvar2: 3.6698038457e-006
        max: 0.0127269942313
        mean: 0.00644627213478
        median: 0.00655586272478
        min: 5.9169028184e-012
        var: 3.51632888851e-006
    bpm: 91.7887878418
    bpm_confidence: 0
    first_peak_bpm: 92
    first_peak_spread: 0.144669979811
    first_peak_weight: 0.840399026871
    onset_rate: 2.39684486389
    second_peak_bpm: 86
    second_peak_spread: 0
    second_peak_weight: 0.00997506268322
    beats_loudness_band_ratio:
        dmean: [0.0582263693213, 0.123541757464, 0.0560335665941, 0.048458751291, 0.0723297744989, 0.106147773564]
        dmean2: [0.0988852903247, 0.209245890379, 0.0979469493032, 0.0874808728695, 0.121284544468, 0.181685313582]
        dvar: [0.00359460129403, 0.0114771937951, 0.00374494260177, 0.00448824698105, 0.00364074693061, 0.00838556233793]
        dvar2: [0.0107201347128, 0.0289851669222, 0.0101738302037, 0.0138841280714, 0.0103234425187, 0.0264041405171]
        max: [0.505122959614, 0.743977963924, 0.57049536705, 0.450524449348, 0.627157568932, 0.853680729866]
        mean: [0.10495570302, 0.195343583822, 0.0913802087307, 0.0592359304428, 0.236600205302, 0.344582945108]
        median: [0.091131567955, 0.167406320572, 0.069175183773, 0.0339659228921, 0.233519822359, 0.333766698837]
        min: [0, 0, 0, 0, 0, 0]
        var: [0.00393257196993, 0.0187781155109, 0.00522284768522, 0.0042026261799, 0.00596783217043, 0.0123304072767]
    beats_position: [0.708208620548, 1.38158726692, 2.0549659729, 2.71673464775, 3.3785033226, 4.04027223587, 4.69043064117, 5.34058952332, 5.99074840546, 6.64090681076, 7.2910656929, 7.94122457504, 8.59138298035, 9.24154186249, 9.89170074463, 10.5418596268, 11.1920175552, 11.8421764374, 12.4923353195, 13.1424942017, 13.7926530838, 14.4428119659, 15.1045799255, 15.7547388077, 16.4165077209, 17.0666656494, 17.7168254852, 18.3669834137, 19.0287532806, 19.667301178, 20.3174591064, 20.9676189423, 21.6177768707, 22.2795467377, 22.9297046661, 23.5914726257, 24.2416324615, 24.89179039, 25.5419502258, 26.1921081543, 26.8422679901, 27.5040359497, 28.1658039093, 28.8159637451, 29.4661216736, 30.1162815094, 30.7548294067, 31.3933773041, 32.0087051392, 32.6472549438, 33.2741928101, 33.8895225525, 34.5280723572, 35.1666221619, 35.8283882141, 36.4785499573, 37.1287078857, 37.7788658142, 38.4290237427, 39.0791816711, 39.7293434143, 40.3795013428, 41.0296592712, 41.6798171997, 42.3299751282, 42.9917449951, 43.6419029236, 44.3036727905, 44.953830719, 45.6039886475, 46.2541503906, 46.9043083191, 47.5660743713, 48.2162361145, 48.8780021667, 49.5165519714, 50.1667098999, 50.8284797668, 51.4902496338, 52.1752357483, 52.871837616, 53.5684356689, 54.2302017212, 54.8919715881, 55.5421295166, 56.1922874451, 56.854057312, 57.515827179, 58.1659851074, 58.8161430359, 59.4663009644, 60.1164627075, 60.766620636, 61.4167785645, 62.0669364929, 62.7170982361, 63.3788642883, 64.0406341553, 64.67918396, 65.3177337646, 65.9678878784, 66.6180496216, 67.2682037354, 67.929977417, 68.5801315308, 69.2302932739, 69.8920593262, 70.5538330078, 71.2155990601, 71.8657608032, 72.515914917, 73.1544647217, 73.8046264648, 74.4663925171, 75.1165542603, 75.766708374, 76.4168701172, 77.0670318604, 77.7171859741, 78.3673477173, 79.0175018311, 79.6792755127, 80.3410415649, 80.9912033081, 81.6413574219, 82.291519165, 82.9416732788, 83.591835022, 84.2419967651, 84.8921508789, 85.5423126221, 86.2040786743, 86.865852356, 87.5160064697, 88.1661682129, 88.8163223267, 89.4664840698, 90.116645813, 90.7667999268, 91.4169616699, 92.0671157837, 92.7172775269, 93.36743927, 94.0175933838, 94.667755127, 95.3179092407, 95.9680709839, 96.6182327271, 97.2683868408, 97.918548584, 98.5803146362, 99.2188644409, 99.8225860596, 100.461128235, 101.08807373, 101.715011597, 102.353561401, 103.003715515, 103.653877258, 104.304031372, 104.954193115, 105.604354858, 106.254508972, 106.904670715, 107.554824829, 108.204986572, 108.855148315, 109.516914368, 110.17868042, 110.828842163, 111.479003906, 112.12915802, 112.779319763, 113.429473877, 114.07963562, 114.729797363, 115.391563416, 116.053329468, 116.691879272, 117.342041016, 117.98059082, 118.653968811, 119.338951111, 120.02394104, 120.720542908, 121.417137146, 122.067298889, 122.717460632, 123.367614746, 124.017776489, 124.679542542, 125.341316223, 125.991470337, 126.64163208, 127.291786194, 127.941947937, 128.592102051, 129.242263794, 129.892425537, 130.54258728, 131.215957642, 131.866119385, 132.516281128, 133.166442871, 133.816589355, 134.466751099, 135.116912842, 135.767074585, 136.417236328, 137.067382813, 137.717544556, 138.367706299, 139.017868042, 139.668029785, 140.31817627, 140.968338013, 141.618499756, 142.268661499, 142.94203186, 143.603805542, 144.253967285, 144.904129028, 145.554275513, 146.204437256, 146.854598999, 147.516372681, 148.166534424, 148.816680908, 149.466842651, 150.117004395, 150.767166138, 151.417327881, 152.067474365, 152.729248047, 153.367797852, 154.017959595, 154.668121338, 155.318267822, 155.991653442, 156.641815186, 157.291976929, 157.953735352, 158.615509033, 159.288879395, 159.962265015, 160.635650635, 161.309020996, 161.982406616, 162.655776978, 163.329162598, 164.014144897, 164.699142456, 165.384124756, 166.069107056, 166.742492676, 167.404266357, 168.077636719, 168.762634277, 169.436004639, 170.121002197, 170.805984497, 171.479354858, 172.129516602, 172.779678345, 173.429840088, 174.080001831, 174.730148315, 175.380310059, 176.030471802, 176.680633545, 177.330795288, 177.980941772, 178.631103516, 179.292877197, 179.954650879, 180.604797363, 181.278182983, 181.963165283, 182.648162842, 183.333145142, 184.0181427, 184.668289185, 185.318450928, 185.968612671, 186.618774414, 187.268936157, 187.919082642, 188.580856323, 189.231018066, 189.892791748, 190.554550171, 191.216323853, 191.866485596, 192.516647339, 193.166793823, 193.816955566, 194.455505371, 195.117279053, 195.779037476, 196.41758728, 197.067749023, 197.717910767, 198.36807251, 199.018234253, 199.668380737, 200.330154419, 200.991928101, 201.642089844, 202.292236328, 202.942398071, 203.592559814, 204.242721558, 204.892883301, 205.543029785, 206.193191528, 206.843353271, 207.481903076, 208.143676758, 208.805435181, 209.467208862, 210.117370605, 210.76751709, 211.417678833, 212.067840576, 212.718002319, 213.368164063, 214.018310547, 214.680084229, 215.34185791, 215.992019653, 216.642166138, 217.292327881, 217.942489624, 218.592651367, 219.24281311, 219.904571533, 220.566345215, 221.216506958, 221.866668701, 222.516815186, 223.166976929, 223.817138672, 224.467300415, 225.117462158, 225.767608643, 226.417770386, 227.067932129, 227.718093872, 228.379852295, 229.041625977, 229.69178772, 230.341949463, 230.992111206, 231.64225769, 232.292419434, 232.942581177, 233.59274292, 234.242904663, 234.916275024, 235.566436768, 236.216598511, 236.866760254, 237.516906738, 238.167068481, 238.817230225, 239.467391968, 240.117553711, 240.767700195, 241.417861938, 242.068023682, 242.718185425, 243.368347168, 244.018493652, 244.680267334, 245.330429077, 245.9921875, 246.653961182, 247.292510986, 247.942672729, 248.592834473, 249.242996216, 249.8931427, 250.554916382, 251.205078125, 251.866836548, 252.516998291, 253.167160034, 253.817321777, 254.467483521, 255.117630005, 255.767791748, 256.41796875, 257.068115234, 257.718261719, 258.368438721, 259.018585205, 259.668762207, 260.318908691, 260.969055176, 261.60760498, 262.269378662, 262.931152344]
