
metadata:
    version:
        essentia: "2.1-beta2"
    audio_properties:
        analysis_sample_rate: 44100
        bitrate: 320
        channels: 2
        equal_loudness: 1
        length: 237.217956543
        replay_gain: -14.0461215973
        downmix: "mix"
    tags:
        album: "Extremist"
        artist: "Demon Hunter"
        comment: ""
        date: "2014"
        genre: "Christian Metal"
        title: "Gasoline"
        tracknumber: "11"

configuration:
    average_loudness:
        compute: 1
        frameSize: 88200
        hopSize: 44100
        silentFrames: "noise"
        windowType: "hann"
    general:
        analysisSampleRate: 44100
        endTime: 2000
        equalLoudness: 1
        nequalLoudness: 0
        shortSound: 0
        startTime: 0
    lowlevel:
        compute: 1
        frameSize: 2048
        hopSize: 1024
        zeroPadding: 0
        silentFrames: "noise"
        windowType: "blackmanharris62"
        mfccStats: ["mean", "cov", "icov"]
        stats: ["mean", "var", "median", "min", "max", "dmean", "dmean2", "dvar", "dvar2"]
    panning:
        compute: 0
        frameSize: 8192
        hopSize: 2048
        zeroPadding: 8192
        silentFrames: "noise"
        windowType: "hann"
        stats: ["copy"]
    rhythm:
        compute: 1
        maxTempo: 208
        minTempo: 40
        method: "degara"
        stats: ["mean", "var", "median", "min", "max", "dmean", "dmean2", "dvar", "dvar2"]
    segmentation:
        compute: 0
        cpw: 5
        inc1: 300
        inc2: 50
        minimumSegmentsLength: 10
        size1: 1000
        size2: 600
    sfx:
        compute: 1
        stats: ["mean", "var", "median", "min", "max", "dmean", "dmean2", "dvar", "dvar2"]
    svm:
        compute: 0
    tonal:
        compute: 1
        frameSize: 4096
        hopSize: 2048
        zeroPadding: 0
        silentFrames: "noise"
        windowType: "blackmanharris62"
        stats: ["mean", "var", "median", "min", "max", "dmean", "dmean2", "dvar", "dvar2"]

lowlevel:
    average_loudness: 0.939574837685
    barkbands_kurtosis:
        dmean: 0.605084478855
        dmean2: 0.987525880337
        dvar: 0.806231081486
        dvar2: 1.88401269913
        max: 22.2472515106
        mean: -0.623379647732
        median: -1.05060338974
        min: -1.89350426197
        var: 2.5416123867
    barkbands_skewness:
        dmean: 0.33792039752
        dmean2: 0.547283709049
        dvar: 0.111068919301
        dvar2: 0.288254022598
        max: 4.64994430542
        mean: -0.252629458904
        median: -0.390888929367
        min: -3.91649866104
        var: 0.681494116783
    barkbands_spread:
        dmean: 5.29207515717
        dmean2: 8.62327861786
        dvar: 27.5868091583
        dvar2: 73.3555755615
        max: 103.577484131
        mean: 33.3497085571
        median: 33.6015090942
        min: 4.02363538742
        var: 88.0149459839
    dissonance:
        dmean: 0.00946125853807
        dmean2: 0.0160552412271
        dvar: 0.000107413943624
        dvar2: 0.000297736027278
        max: 0.500000119209
        mean: 0.481571525335
        median: 0.486203551292
        min: 0.313470125198
        var: 0.000276465725619
    hfc:
        dmean: 2.23982596397
        dmean2: 3.68204545975
        dvar: 8.15793418884
        dvar2: 20.8116703033
        max: 46.5342674255
        mean: 10.4095411301
        median: 9.87240219116
        min: 1.09906501991e-016
        var: 33.9122962952
    pitch:
        dmean: 823.336120605
        dmean2: 1579.71044922
        dvar: 1680395.875
        dvar2: 4198918
        max: 4742.51708984
        mean: 1959.83288574
        median: 1859.81958008
        min: 73.45337677
        var: 2802351.25
    pitch_instantaneous_confidence:
        dmean: 0.0705315172672
        dmean2: 0.116045191884
        dvar: 0.00329026323743
        dvar2: 0.00848884973675
        max: 0.822194695473
        mean: 0.353833466768
        median: 0.343153715134
        min: 0.100798547268
        var: 0.010098031722
    pitch_salience:
        dmean: 0.0524547323585
        dmean2: 0.0893959254026
        dvar: 0.00222094380297
        dvar2: 0.00634763995185
        max: 0.959890961647
        mean: 0.682530999184
        median: 0.69444668293
        min: 0.176271647215
        var: 0.00513729965314
    silence_rate_20dB:
        dmean: 0
        dmean2: 0
        dvar: 0
        dvar2: 0
        max: 1
        mean: 1
        median: 1
        min: 1
        var: 0
    silence_rate_30dB:
        dmean: 0
        dmean2: 0
        dvar: 0
        dvar2: 0
        max: 1
        mean: 1
        median: 1
        min: 1
        var: 0
    silence_rate_60dB:
        dmean: 0.0385631807148
        dmean2: 0.0771339088678
        dvar: 0.0370762273669
        dvar2: 0.0887939855456
        max: 1
        mean: 0.150714427233
        median: 0
        min: 0
        var: 0.127993404865
    spectral_centroid:
        dmean: 241.836883545
        dmean2: 393.885955811
        dvar: 76525.9140625
        dvar2: 186392.75
        max: 11296.5429688
        mean: 2001.89611816
        median: 2069.0065918
        min: 299.514831543
        var: 567256.9375
    spectral_complexity:
        dmean: 3.54409313202
        dmean2: 5.7907204628
        dvar: 10.4626874924
        dvar2: 26.3970603943
        max: 45
        mean: 20.6408290863
        median: 21
        min: 0
        var: 82.2428131104
    spectral_crest:
        dmean: 1.64254713058
        dmean2: 2.79002141953
        dvar: 3.18817424774
        dvar2: 8.80920696259
        max: 24.0504455566
        mean: 6.29914522171
        median: 5.59232378006
        min: 2.26659655571
        var: 6.42423582077
    spectral_decrease:
        dmean: 2.54701926217e-010
        dmean2: 4.39292296983e-010
        dvar: 2.31437483972e-019
        dvar2: 6.75019291308e-019
        max: 1.38522126064e-028
        mean: -1.16234077918e-009
        median: -1.11813314163e-009
        min: -5.29063592936e-009
        var: 3.43048291939e-019
    spectral_energy:
        dmean: 0.00112988788169
        dmean2: 0.00193108816165
        dvar: 3.95972483602e-006
        dvar2: 1.14371778182e-005
        max: 0.0222038924694
        mean: 0.00533112231642
        median: 0.00507684517652
        min: 1.04155795845e-020
        var: 6.82525114826e-006
    spectral_energyband_high:
        dmean: 0.000209236284718
        dmean2: 0.000347775465343
        dvar: 9.24748206899e-008
        dvar2: 2.42081114266e-007
        max: 0.00401796214283
        mean: 0.000575107173063
        median: 0.000506538257468
        min: 7.48774876476e-021
        var: 2.08659187706e-007
    spectral_energyband_low:
        dmean: 0.000192655919818
        dmean2: 0.000333985022735
        dvar: 7.76223032517e-008
        dvar2: 2.1676197548e-007
        max: 0.00284265819937
        mean: 0.000336371012963
        median: 0.000272146455245
        min: 3.60648557195e-023
        var: 9.10785971087e-008
    spectral_energyband_middle_high:
        dmean: 0.000558512983844
        dmean2: 0.000899095961358
        dvar: 3.48905217606e-007
        dvar2: 8.68097401963e-007
        max: 0.010398904793
        mean: 0.00270399078727
        median: 0.0025470815599
        min: 1.08786973299e-021
        var: 2.30177965932e-006
    spectral_energyband_middle_low:
        dmean: 0.000718966126442
        dmean2: 0.00126184185501
        dvar: 2.7427738587e-006
        dvar2: 8.09224547993e-006
        max: 0.0161155667156
        mean: 0.00183547020424
        median: 0.00144930765964
        min: 1.52709928087e-022
        var: 2.75581146525e-006
    spectral_flatness_db:
        dmean: 0.0116490432993
        dmean2: 0.0187162403017
        dvar: 0.000114429574751
        dvar2: 0.000289487157715
        max: 0.325070261955
        mean: 0.150817558169
        median: 0.14448055625
        min: 0.0355522297323
        var: 0.00096335215494
    spectral_flux:
        dmean: 0.00622136332095
        dmean2: 0.00990474689752
        dvar: 8.03953589639e-005
        dvar2: 0.000155945454026
        max: 0.122081235051
        mean: 0.0420694686472
        median: 0.0415742844343
        min: 6.54626214347e-011
        var: 0.000231616766541
    spectral_kurtosis:
        dmean: 1.03958284855
        dmean2: 1.79904341698
        dvar: 1.37269985676
        dvar2: 4.092253685
        max: 21.75091362
        mean: 3.12209439278
        median: 2.77807855606
        min: -1.27716863155
        var: 3.02924728394
    spectral_rms:
        dmean: 0.000219833731535
        dmean2: 0.000367528264178
        dvar: 9.60609654044e-008
        dvar2: 2.71608286084e-007
        max: 0.00465428130701
        mean: 0.002204392571
        median: 0.00222553825006
        min: 3.18771723427e-012
        var: 3.41745874266e-007
    spectral_rolloff:
        dmean: 260.180297852
        dmean2: 426.683227539
        dvar: 152611.515625
        dvar2: 328987.625
        max: 19207.6171875
        mean: 3585.4230957
        median: 3768.31054688
        min: 258.3984375
        var: 1227048.125
    spectral_skewness:
        dmean: 0.144986405969
        dmean2: 0.240735173225
        dvar: 0.0209232028574
        dvar2: 0.0550640933216
        max: 3.42280030251
        mean: 1.09710752964
        median: 1.05320048332
        min: -0.0549182258546
        var: 0.147788017988
    spectral_spread:
        dmean: 347001.4375
        dmean2: 518790.71875
        dvar: 615432126464
        dvar2: 1.32875209933e+012
        max: 49517896
        mean: 4227055.5
        median: 4117463.25
        min: 1806869.875
        var: 4.69635065446e+012
    spectral_strongpeak:
        dmean: 0.445827931166
        dmean2: 0.785565257072
        dvar: 0.441713035107
        dvar2: 1.17421495914
        max: 6.6506562233
        mean: 0.639950335026
        median: 0.396084815264
        min: 0
        var: 0.56220138073
    zerocrossingrate:
        dmean: 0.00666747381911
        dmean2: 0.00836970284581
        dvar: 5.4012198234e-005
        dvar2: 6.26961700618e-005
        max: 0.51611328125
        mean: 0.110168538988
        median: 0.11376953125
        min: 0.0185546875
        var: 0.00110401667189
    barkbands:
        dmean: [1.52509571194e-007, 6.59657816868e-005, 0.00010723782907, 0.000148137114593, 0.000451743340818, 0.000226720105275, 9.1854686616e-005, 7.28888990125e-005, 0.000110203087388, 7.17645307304e-005, 5.07274271513e-005, 7.9212775745e-005, 4.86307144456e-005, 3.92494839616e-005, 6.25385291642e-005, 0.0001451545686, 0.00016363809118, 0.000155020243255, 0.000258108018897, 0.000205027303309, 9.37243821681e-005, 4.60257579107e-005, 7.68882273405e-006, 1.85094006611e-006, 5.22664095115e-007, 2.0087655983e-008, 3.91302518166e-010]
        dmean2: [2.44365395474e-007, 0.000115922724945, 0.00018537446158, 0.000264615024207, 0.000818082829937, 0.000360882870154, 0.000145022611832, 0.000118421725347, 0.000173576860107, 0.000112776273454, 7.9314399045e-005, 0.00012753662304, 8.00330381026e-005, 6.38086203253e-005, 0.00010230911721, 0.000241674570134, 0.000274675694527, 0.000255879858742, 0.000429693754995, 0.000339860038366, 0.000157465838129, 7.94672014308e-005, 1.21885786939e-005, 2.77247886515e-006, 8.25604331567e-007, 3.05079623786e-008, 6.17428552729e-010]
        dvar: [6.03753023054e-014, 1.90277624768e-008, 2.62519677108e-008, 5.69593368027e-008, 2.01189868676e-006, 1.00426781557e-007, 2.88719661512e-008, 1.968003005e-008, 2.45101681173e-008, 1.95114449042e-008, 1.57081565533e-008, 2.47745415294e-008, 8.8318774516e-009, 4.33818625467e-009, 1.28782584596e-008, 3.42413635224e-008, 3.70597383892e-008, 4.47377352941e-008, 9.67764464122e-008, 6.39450519202e-008, 2.06129850966e-008, 8.03400990179e-009, 3.131132853e-010, 1.58434289993e-011, 1.18495480355e-012, 2.12206232539e-015, 4.80601396772e-019]
        dvar2: [1.50176542751e-013, 5.39391677989e-008, 7.41598924492e-008, 1.71049052256e-007, 5.94040420765e-006, 2.5444475682e-007, 6.6328944115e-008, 4.75100989661e-008, 5.51785959146e-008, 4.49602985952e-008, 3.26217914903e-008, 6.29273984032e-008, 2.20036717735e-008, 1.04801678447e-008, 3.2577634812e-008, 8.99560319567e-008, 9.98653533202e-008, 1.17305134495e-007, 2.57102215073e-007, 1.63617627891e-007, 5.6452485353e-008, 2.1190274424e-008, 6.28977536721e-010, 2.87881229272e-011, 2.46999165912e-012, 4.29420716786e-015, 8.62343440007e-019]
        max: [3.23180688611e-006, 0.00109933270141, 0.00170221342705, 0.00372311333194, 0.0133932707831, 0.00601950101554, 0.00443282024935, 0.00352732371539, 0.00328375794925, 0.00402610143647, 0.00354866497219, 0.00340384338051, 0.00178803654853, 0.00158900849055, 0.00246195821092, 0.00428996328264, 0.00468066288158, 0.00658572884277, 0.00542557518929, 0.00828831177205, 0.00231515290216, 0.00163140543737, 0.000415367627284, 0.000105023165816, 3.57078606612e-005, 1.49458571741e-006, 1.27128769734e-008]
        mean: [2.24589840059e-007, 9.20098755159e-005, 0.00016455858713, 0.000180424452992, 0.000542129040696, 0.000542617461178, 0.000167594800587, 0.000125336169731, 0.00023247190984, 0.000143600074807, 8.52198136272e-005, 0.000144942241604, 8.66463233251e-005, 7.51638581278e-005, 0.000127755498397, 0.000326179579133, 0.000375863601221, 0.00034819933353, 0.000690658343956, 0.000556466577109, 0.00022059850744, 8.09839402791e-005, 1.58240363817e-005, 4.50609832114e-006, 1.11362260213e-006, 4.18827781345e-008, 6.62864763079e-010]
        median: [7.86810545605e-008, 5.92212381889e-005, 0.000115984148579, 0.000103897691588, 0.000244609895162, 0.000292039330816, 8.35041355458e-005, 5.70250158489e-005, 0.000147553102579, 5.22285117768e-005, 3.19543905789e-005, 4.8194291594e-005, 3.82224534405e-005, 4.5878594392e-005, 7.66679586377e-005, 0.00024631357519, 0.000318029371556, 0.000273139623459, 0.000570671632886, 0.000508300145157, 0.000184269796591, 5.1207440265e-005, 7.9719684436e-006, 2.53505277215e-006, 6.11840960119e-007, 1.96776923644e-008, 3.11738745928e-010]
        min: [1.53085785204e-024, 6.63304778027e-024, 9.48877691363e-025, 2.0547909649e-024, 4.06582894298e-024, 4.26374231119e-024, 8.50771419038e-024, 1.20825975211e-023, 1.49947659052e-023, 1.70251361031e-023, 2.2783662939e-023, 2.67254904418e-023, 2.5189234316e-023, 4.5532038552e-023, 4.51963624596e-023, 7.03047669318e-023, 1.0748602176e-022, 9.5489037735e-023, 1.45792791773e-022, 2.0737771114e-022, 2.80968676965e-022, 4.12578469103e-022, 4.69545611301e-022, 6.19483053026e-022, 1.000674072e-021, 1.41114962725e-021, 2.065456459e-021]
        var: [1.19577796016e-013, 1.5033467804e-008, 3.16306483228e-008, 5.75282683712e-008, 1.36627204483e-006, 4.33292001389e-007, 7.29737976712e-008, 4.78883173116e-008, 7.09431873247e-008, 6.50239186939e-008, 3.80951696854e-008, 6.2005860002e-008, 1.93921856351e-008, 1.01499315619e-008, 3.25532099055e-008, 1.00322267826e-007, 8.23187846777e-008, 9.32619528271e-008, 3.0742617696e-007, 1.74334189751e-007, 3.55196974056e-008, 1.21933219077e-008, 1.05291564356e-009, 6.15145503979e-011, 3.29332524793e-012, 5.4827214478e-015, 1.42476132287e-018]
    frequency_bands:
        dmean: [1.52509571194e-007, 6.59657816868e-005, 0.00010723782907, 0.000148137114593, 0.000451743340818, 0.000226720105275, 9.1854686616e-005, 7.28888990125e-005, 0.000110203087388, 7.17645307304e-005, 5.07274271513e-005, 7.9212775745e-005, 4.86307144456e-005, 3.92494839616e-005, 6.25385291642e-005, 0.0001451545686, 0.00016363809118, 0.000155020243255, 0.000258108018897, 0.000205027303309, 9.37243821681e-005, 4.60257579107e-005, 7.68882273405e-006, 1.85094006611e-006, 5.22664095115e-007, 2.0087655983e-008, 3.91302518166e-010, 6.49564499411e-011]
        dmean2: [2.44365395474e-007, 0.000115922724945, 0.00018537446158, 0.000264615024207, 0.000818082829937, 0.000360882870154, 0.000145022611832, 0.000118421725347, 0.000173576860107, 0.000112776273454, 7.9314399045e-005, 0.00012753662304, 8.00330381026e-005, 6.38086203253e-005, 0.00010230911721, 0.000241674570134, 0.000274675694527, 0.000255879858742, 0.000429693754995, 0.000339860038366, 0.000157465838129, 7.94672014308e-005, 1.21885786939e-005, 2.77247886515e-006, 8.25604331567e-007, 3.05079623786e-008, 6.17428552729e-010, 1.2084690193e-010]
        dvar: [6.03753023054e-014, 1.90277624768e-008, 2.62519677108e-008, 5.69593368027e-008, 2.01189868676e-006, 1.00426781557e-007, 2.88719661512e-008, 1.968003005e-008, 2.45101681173e-008, 1.95114449042e-008, 1.57081565533e-008, 2.47745415294e-008, 8.8318774516e-009, 4.33818625467e-009, 1.28782584596e-008, 3.42413635224e-008, 3.70597383892e-008, 4.47377352941e-008, 9.67764464122e-008, 6.39450519202e-008, 2.06129850966e-008, 8.03400990179e-009, 3.131132853e-010, 1.58434289993e-011, 1.18495480355e-012, 2.12206232539e-015, 4.80601396772e-019, 7.525916203e-021]
        dvar2: [1.50176542751e-013, 5.39391677989e-008, 7.41598924492e-008, 1.71049052256e-007, 5.94040420765e-006, 2.5444475682e-007, 6.6328944115e-008, 4.75100989661e-008, 5.51785959146e-008, 4.49602985952e-008, 3.26217914903e-008, 6.29273984032e-008, 2.20036717735e-008, 1.04801678447e-008, 3.2577634812e-008, 8.99560319567e-008, 9.98653533202e-008, 1.17305134495e-007, 2.57102215073e-007, 1.63617627891e-007, 5.6452485353e-008, 2.1190274424e-008, 6.28977536721e-010, 2.87881229272e-011, 2.46999165912e-012, 4.29420716786e-015, 8.62343440007e-019, 2.37434698509e-020]
        max: [3.23180688611e-006, 0.00109933270141, 0.00170221342705, 0.00372311333194, 0.0133932707831, 0.00601950101554, 0.00443282024935, 0.00352732371539, 0.00328375794925, 0.00402610143647, 0.00354866497219, 0.00340384338051, 0.00178803654853, 0.00158900849055, 0.00246195821092, 0.00428996328264, 0.00468066288158, 0.00658572884277, 0.00542557518929, 0.00828831177205, 0.00231515290216, 0.00163140543737, 0.000415367627284, 0.000105023165816, 3.57078606612e-005, 1.49458571741e-006, 1.27128769734e-008, 1.35523237077e-009]
        mean: [2.24589840059e-007, 9.20098755159e-005, 0.00016455858713, 0.000180424452992, 0.000542129040696, 0.000542617461178, 0.000167594800587, 0.000125336169731, 0.00023247190984, 0.000143600074807, 8.52198136272e-005, 0.000144942241604, 8.66463233251e-005, 7.51638581278e-005, 0.000127755498397, 0.000326179579133, 0.000375863601221, 0.00034819933353, 0.000690658343956, 0.000556466577109, 0.00022059850744, 8.09839402791e-005, 1.58240363817e-005, 4.50609832114e-006, 1.11362260213e-006, 4.18827781345e-008, 6.62864763079e-010, 5.0584991057e-011]
        median: [7.86810545605e-008, 5.92212381889e-005, 0.000115984148579, 0.000103897691588, 0.000244609895162, 0.000292039330816, 8.35041355458e-005, 5.70250158489e-005, 0.000147553102579, 5.22285117768e-005, 3.19543905789e-005, 4.8194291594e-005, 3.82224534405e-005, 4.5878594392e-005, 7.66679586377e-005, 0.00024631357519, 0.000318029371556, 0.000273139623459, 0.000570671632886, 0.000508300145157, 0.000184269796591, 5.1207440265e-005, 7.9719684436e-006, 2.53505277215e-006, 6.11840960119e-007, 1.96776923644e-008, 3.11738745928e-010, 2.04895145989e-011]
        min: [1.53085785204e-024, 6.63304778027e-024, 9.48877691363e-025, 2.0547909649e-024, 4.06582894298e-024, 4.26374231119e-024, 8.50771419038e-024, 1.20825975211e-023, 1.49947659052e-023, 1.70251361031e-023, 2.2783662939e-023, 2.67254904418e-023, 2.5189234316e-023, 4.5532038552e-023, 4.51963624596e-023, 7.03047669318e-023, 1.0748602176e-022, 9.5489037735e-023, 1.45792791773e-022, 2.0737771114e-022, 2.80968676965e-022, 4.12578469103e-022, 4.69545611301e-022, 6.19483053026e-022, 1.000674072e-021, 1.41114962725e-021, 2.065456459e-021, 5.51984882801e-022]
        var: [1.19577796016e-013, 1.5033467804e-008, 3.16306483228e-008, 5.75282683712e-008, 1.36627204483e-006, 4.33292001389e-007, 7.29737976712e-008, 4.78883173116e-008, 7.09431873247e-008, 6.50239186939e-008, 3.80951696854e-008, 6.2005860002e-008, 1.93921856351e-008, 1.01499315619e-008, 3.25532099055e-008, 1.00322267826e-007, 8.23187846777e-008, 9.32619528271e-008, 3.0742617696e-007, 1.74334189751e-007, 3.55196974056e-008, 1.21933219077e-008, 1.05291564356e-009, 6.15145503979e-011, 3.29332524793e-012, 5.4827214478e-015, 1.42476132287e-018, 6.05945382002e-021]
    mfcc:
        mean: [-694.116088867, 98.6029205322, -54.6140632629, 63.4004020691, -19.3915138245, -7.80970335007, -7.32640218735, -3.93560957909, -2.50363683701, -5.5523109436, -9.35057544708, -6.17672109604, -2.55790829659]
        cov: [[3983.66455078, 196.330337524, -13.2640008926, 307.846221924, -109.3777771, 127.256187439, 8.96390151978, 185.586135864, 3.66053056717, 100.789787292, 10.2225246429, 74.5138473511, 80.6727600098], [196.330337524, 891.93939209, -201.7734375, 37.946056366, -9.40479946136, -27.5446472168, 69.8570404053, 0.0780497565866, 9.72564601898, -44.6478157043, 7.52604341507, 15.800652504, 33.3459472656], [-13.2640008926, -201.7734375, 575.576660156, -21.4722709656, 153.664703369, 43.7343788147, -18.8372554779, 82.3746414185, -34.1733779907, 65.7102584839, 14.5099601746, 36.453956604, 32.7219772339], [307.846221924, 37.946056366, -21.4722709656, 319.94229126, 65.5381088257, 24.4025802612, -35.7463340759, -28.8350028992, 58.5532493591, 34.7224578857, 9.35269069672, -29.0622806549, 3.37635278702], [-109.3777771, -9.40479946136, 153.664703369, 65.5381088257, 192.72265625, 42.5860710144, -12.5064458847, -11.1794271469, -1.22033536434, 58.4374160767, 18.3482894897, 4.54174089432, 12.9447641373], [127.256187439, -27.5446472168, 43.7343788147, 24.4025802612, 42.5860710144, 129.21156311, 55.4701004028, 43.0538291931, 13.2229375839, 21.5190200806, 31.8065452576, 24.7332572937, 12.4009742737], [8.96390151978, 69.8570404053, -18.8372554779, -35.7463340759, -12.5064458847, 55.4701004028, 126.672996521, 67.1697769165, 29.2874126434, -7.06378316879, 20.0019893646, 29.1046638489, 12.4558095932], [185.586135864, 0.0780497565866, 82.3746414185, -28.8350028992, -11.1794271469, 43.0538291931, 67.1697769165, 130.869537354, 31.9827404022, 25.3613071442, 18.7732143402, 33.3911170959, 24.6496639252], [3.66053056717, 9.72564601898, -34.1733779907, 58.5532493591, -1.22033536434, 13.2229375839, 29.2874126434, 31.9827404022, 93.1705322266, 30.9546012878, 23.9152145386, 1.13926553726, 6.26473474503], [100.789787292, -44.6478157043, 65.7102584839, 34.7224578857, 58.4374160767, 21.5190200806, -7.06378316879, 25.3613071442, 30.9546012878, 104.343162537, 41.4584655762, 24.1845035553, 16.8050956726], [10.2225246429, 7.52604341507, 14.5099601746, 9.35269069672, 18.3482894897, 31.8065452576, 20.0019893646, 18.7732143402, 23.9152145386, 41.4584655762, 74.935005188, 36.9534111023, 14.4638719559], [74.5138473511, 15.800652504, 36.453956604, -29.0622806549, 4.54174089432, 24.7332572937, 29.1046638489, 33.3911170959, 1.13926553726, 24.1845035553, 36.9534111023, 73.5107879639, 35.40259552], [80.6727600098, 33.3459472656, 32.7219772339, 3.37635278702, 12.9447641373, 12.4009742737, 12.4558095932, 24.6496639252, 6.26473474503, 16.8050956726, 14.4638719559, 35.40259552, 65.5844421387]]
        icov: [[0.000382619153243, -0.00011170959624, 5.25245195604e-005, -0.000566270842683, 0.000596892321482, -0.000418810435804, 0.0003074213746, -0.000684724829625, 0.000680196506437, -0.000609676877502, 0.000426939281169, -0.000301229156321, -9.08606962184e-005], [-0.00011170959624, 0.00149257155135, 0.000648219778668, -0.000206667406019, -0.000946992426179, 0.0011433782056, -0.00110789225437, -0.000210130718187, 0.000357329525286, 0.00094995694235, -0.00061060313601, -2.76768514595e-005, -0.000802092370577], [5.25245195604e-005, 0.000648219778668, 0.00340459332801, 0.000103159887658, -0.0029080430977, 0.000393726571929, 0.00137038703542, -0.00350411375985, 0.00174255878665, 0.000229373545153, 3.77516444132e-005, -0.000664575782139, -0.000416691589635], [-0.000566270842683, -0.000206667406019, 0.000103159887658, 0.00555601948872, -0.00202745129354, -0.0011984257726, 0.00182053970639, 0.00189418904483, -0.00460868980736, 0.000754974782467, -0.000410041800933, 0.00211054668762, -0.00076885096496], [0.000596892321482, -0.000946992426179, -0.0029080430977, -0.00202745129354, 0.0111973853782, -0.00354762328789, -0.000900261045899, 0.00355441961437, 0.00173663545866, -0.00612460868433, 0.0013417621376, 0.001267455169, -0.000978292780928], [-0.000418810435804, 0.0011433782056, 0.000393726571929, -0.0011984257726, -0.00354762328789, 0.0133457556367, -0.00583108048886, -0.00174947234336, 0.00186521362048, 0.00139528245199, -0.00410219980404, -0.000184737757081, 0.000209513484151], [0.0003074213746, -0.00110789225437, 0.00137038703542, 0.00182053970639, -0.000900261045899, -0.00583108048886, 0.0173269379884, -0.00707204919308, -0.00417690956965, 0.00425073644146, -8.35514438222e-005, -0.00359220942482, 0.00132252683397], [-0.000684724829625, -0.000210130718187, -0.00350411375985, 0.00189418904483, 0.00355441961437, -0.00174947234336, -0.00707204919308, 0.0179192852229, -0.00542551185936, -0.00300442730077, 0.00195144268218, -0.00073398638051, -0.00190871185623], [0.000680196506437, 0.000357329525286, 0.00174255878665, -0.00460868980736, 0.00173663545866, 0.00186521362048, -0.00417690956965, -0.00542551185936, 0.0199484098703, -0.00557594699785, -0.00357776787132, 0.00387821812183, -0.00129471230321], [-0.000609676877502, 0.00094995694235, 0.000229373545153, 0.000754974782467, -0.00612460868433, 0.00139528245199, 0.00425073644146, -0.00300442730077, -0.00557594699785, 0.0195360351354, -0.00748559739441, -0.0022894050926, -0.000205971242394], [0.000426939281169, -0.00061060313601, 3.77516444132e-005, -0.000410041800933, 0.0013417621376, -0.00410219980404, -8.35514438222e-005, 0.00195144268218, -0.00357776787132, -0.00748559739441, 0.0246025957167, -0.0110281324014, 0.00236785341986], [-0.000301229156321, -2.76768514595e-005, -0.000664575782139, 0.00211054668762, 0.001267455169, -0.000184737757081, -0.00359220942482, -0.00073398638051, 0.00387821812183, -0.0022894050926, -0.0110281324014, 0.0285518299788, -0.01141363848], [-9.08606962184e-005, -0.000802092370577, -0.000416691589635, -0.00076885096496, -0.000978292780928, 0.000209513484151, 0.00132252683397, -0.00190871185623, -0.00129471230321, -0.000205971242394, 0.00236785341986, -0.01141363848, 0.0224496144801]]
    sccoeffs:
        dmean: [0.0563831701875, 0.0461647696793, 0.036585945636, 0.0334236510098, 0.0326043330133, 0.0229688603431]
        dmean2: [0.0959628894925, 0.0760348066688, 0.0599338784814, 0.0564707517624, 0.0586587451398, 0.0394582077861]
        dvar: [0.00241824635305, 0.00131573725957, 0.00082849804312, 0.000715672387742, 0.000828586926218, 0.000349931040546]
        dvar2: [0.00695184664801, 0.00357262277976, 0.00219072564505, 0.00199645757675, 0.00249017821625, 0.000907130306587]
        max: [-0.29177621007, -0.470899999142, -0.497189819813, -0.546069562435, -0.535687685013, -0.493921875954]
        mean: [-0.647460639477, -0.738063514233, -0.776438832283, -0.78180372715, -0.782679438591, -0.702710926533]
        median: [-0.658444643021, -0.742388248444, -0.781428217888, -0.787681818008, -0.788651704788, -0.708233594894]
        min: [-0.981387019157, -0.974668741226, -0.977411210537, -0.967874288559, -0.974658608437, -0.965246081352]
        var: [0.00730809615925, 0.00495805777609, 0.00320367817767, 0.0023119545076, 0.00172255642246, 0.00343329017051]
    scvalleys:
        dmean: [0.399131804705, 0.327822089195, 0.280484229326, 0.26316857338, 0.273867487907, 0.316404283047]
        dmean2: [0.663938462734, 0.542508602142, 0.460190981627, 0.440539389849, 0.473915189505, 0.517074882984]
        dvar: [0.12552139163, 0.0924262627959, 0.0729281976819, 0.0708717480302, 0.0876885131001, 0.107025317848]
        dvar2: [0.304150462151, 0.218180462718, 0.161678120494, 0.158197388053, 0.204897224903, 0.21009105444]
        max: [-5.23087930679, -4.89283275604, -5.20810699463, -5.69472646713, -5.57378387451, -7.74133825302]
        mean: [-7.13456964493, -6.54670238495, -7.00549268723, -7.19118356705, -6.75536441803, -9.96943855286]
        median: [-6.68460178375, -6.3705830574, -6.84914541245, -7.03744459152, -6.5224905014, -9.60566902161]
        min: [-28.1115016937, -27.906671524, -27.5511131287, -27.7238941193, -27.4347629547, -27.3695468903]
        var: [3.02816414833, 2.05771136284, 1.99997115135, 1.84738945961, 1.92923176289, 2.30163764954]

rhythm:
    beats_loudness:
        dmean: 0.0014285647776
        dmean2: 0.00256822025403
        dvar: 1.94814242604e-006
        dvar2: 5.28312421011e-006
        max: 0.0178117211908
        mean: 0.00549013353884
        median: 0.00545971794054
        min: 1.06294790678e-012
        var: 4.98295594298e-006
    bpm: 136.053466797
    bpm_confidence: 0
    first_peak_bpm: 136
    first_peak_spread: 0.188640996814
    first_peak_weight: 0.754716992378
    onset_rate: 2.14149069786
    second_peak_bpm: 108
    second_peak_spread: 0.588235318661
    second_peak_weight: 0.0132075473666
    beats_loudness_band_ratio:
        dmean: [0.06926882267, 0.156738519669, 0.0617543980479, 0.0545470863581, 0.0849720165133, 0.0946317315102]
        dmean2: [0.115133322775, 0.277620971203, 0.104862287641, 0.0934242159128, 0.14179687202, 0.160455793142]
        dvar: [0.00405034283176, 0.0165726952255, 0.0048119504936, 0.00390572450124, 0.00509518291801, 0.00736874388531]
        dvar2: [0.0106723736972, 0.0428413040936, 0.0122772948816, 0.0108192116022, 0.0145283518359, 0.020194336772]
        max: [0.440937697887, 0.766523778439, 0.617112755775, 0.537065923214, 0.67225509882, 0.823235273361]
        mean: [0.119072727859, 0.211097508669, 0.102346993983, 0.082018867135, 0.23838417232, 0.276140570641]
        median: [0.104491278529, 0.155325472355, 0.0802801847458, 0.0499309115112, 0.235909491777, 0.279623001814]
        min: [0, 0, 0, 0, 0, 0]
        var: [0.00634523155168, 0.0287263151258, 0.00650987541303, 0.00654981518164, 0.0103129502386, 0.016334824264]
    beats_position: [0.417959183455, 0.847528338432, 1.27709746361, 1.70666658878, 2.13623571396, 2.56580495834, 2.99537420273, 3.42494320869, 3.84290242195, 4.27247142792, 4.7020406723, 5.13160991669, 5.5727891922, 6.01396799088, 6.45514726639, 6.8963265419, 7.33750534058, 7.77868461609, 8.2198638916, 8.66104316711, 9.10222244263, 9.54340076447, 9.98458003998, 10.4257593155, 10.866938591, 11.3081178665, 11.749297142, 12.1904764175, 12.6316547394, 13.0728340149, 13.5024032593, 13.9435825348, 14.3847618103, 14.8375511169, 15.2787294388, 15.7199087143, 16.1610889435, 16.602268219, 17.0434455872, 17.4846248627, 17.9258041382, 18.3669834137, 18.8081626892, 19.2493419647, 19.6905212402, 20.1317005157, 20.5728797913, 21.0140590668, 21.4552383423, 21.8964176178, 22.3375968933, 22.7787742615, 23.2083435059, 23.6495227814, 24.0907020569, 24.5318813324, 24.9730606079, 25.4258499146, 25.8670291901, 26.3082084656, 26.7493877411, 27.1905670166, 27.6317462921, 28.0729255676, 28.5141029358, 28.9552822113, 29.3964614868, 29.8260307312, 30.2672100067, 30.7083892822, 31.1611785889, 31.6023578644, 32.0435371399, 32.4847145081, 32.9258956909, 33.3670730591, 33.8082542419, 34.2494316101, 34.690612793, 35.1317901611, 35.572971344, 36.0141487122, 36.455329895, 36.8965072632, 37.3376846313, 37.7788658142, 38.2200431824, 38.6612243652, 39.1024017334, 39.5435829163, 39.9615402222, 40.4143295288, 40.8555107117, 41.3083000183, 41.7494773865, 42.1906585693, 42.6318359375, 43.0730133057, 43.50258255, 43.9437637329, 44.3849411011, 44.8377304077, 45.2789115906, 45.7200889587, 46.1612701416, 46.6024475098, 47.0436286926, 47.4848060608, 47.9259872437, 48.3671646118, 48.80834198, 49.2495231628, 49.690700531, 50.1318817139, 50.573059082, 51.0142402649, 51.4554176331, 51.8965988159, 52.3377761841, 52.7789573669, 53.2201347351, 53.661315918, 54.1024932861, 54.5320625305, 54.9732398987, 55.4028091431, 55.8439903259, 56.2967796326, 56.7495689392, 57.1907463074, 57.6319274902, 58.0731048584, 58.5142860413, 58.9554634094, 59.3966445923, 59.8378219604, 60.2789993286, 60.7201805115, 61.1613578796, 61.6025390625, 62.0437164307, 62.4848976135, 62.9144668579, 63.3556442261, 63.7968254089, 64.2496109009, 64.6907958984, 65.1319732666, 65.5731506348, 66.0143280029, 66.4555053711, 66.8966903687, 67.3378677368, 67.779045105, 68.2202224731, 68.6497955322, 69.0793609619, 69.5205459595, 69.9617233276, 70.4029006958, 70.844078064, 71.2852630615, 71.7264404297, 72.1676177979, 72.608795166, 73.0499725342, 73.4911575317, 73.9323348999, 74.3735122681, 74.8146896362, 75.2558746338, 75.697052002, 76.1382293701, 76.5794067383, 77.0205917358, 77.461769104, 77.9029464722, 78.3441238403, 78.7853012085, 79.2264862061, 79.6676635742, 80.1088409424, 80.5500183105, 80.9912033081, 81.4323806763, 81.8735580444, 82.3147354126, 82.7559204102, 83.1970977783, 83.6382751465, 84.0910644531, 84.5322418213, 84.9734191895, 85.4262084961, 85.8673934937, 86.3085708618, 86.74974823, 87.1909255981, 87.6321105957, 88.0732879639, 88.514465332, 88.9556427002, 89.3968200684, 89.8380050659, 90.2791824341, 90.7203598022, 91.1615371704, 91.602722168, 92.0438995361, 92.4850769043, 92.9146499634, 93.3442153931, 93.7970046997, 94.2497940063, 94.6909713745, 95.1321487427, 95.5733337402, 96.0145111084, 96.4556884766, 96.8968658447, 97.3380508423, 97.7792282104, 98.2204055786, 98.6615829468, 99.1027679443, 99.5439453125, 99.9851226807, 100.426300049, 100.867477417, 101.308662415, 101.749839783, 102.191017151, 102.632194519, 103.073379517, 103.514556885, 103.955734253, 104.396911621, 104.838096619, 105.279273987, 105.720451355, 106.161628723, 106.602806091, 107.043991089, 107.485168457, 107.926345825, 108.367523193, 108.808708191, 109.249885559, 109.691062927, 110.132240295, 110.573425293, 111.002990723, 111.432563782, 111.87374115, 112.314918518, 112.756095886, 113.197273254, 113.638458252, 114.07963562, 114.520812988, 114.961990356, 115.403175354, 115.844352722, 116.28553009, 116.726707458, 117.179496765, 117.620681763, 118.061859131, 118.503036499, 118.955825806, 119.385391235, 119.826576233, 120.267753601, 120.708930969, 121.138504028, 121.579681396, 122.020858765, 122.473648071, 122.914825439, 123.367614746, 123.808792114, 124.249977112, 124.69115448, 125.12071991, 125.550292969, 125.991470337, 126.432647705, 126.885437012, 127.338226318, 127.779411316, 128.220581055, 128.661773682, 129.091339111, 129.520904541, 129.962081909, 130.403259277, 130.844436646, 131.285614014, 131.726806641, 132.167984009, 132.609161377, 133.050338745, 133.491516113, 133.94430542, 134.397094727, 134.838272095, 135.279449463, 135.720626831, 136.161804199, 136.602996826, 137.044174194, 137.485351563, 137.926528931, 138.367706299, 138.808883667, 139.250061035, 139.679641724, 140.109207153, 140.550384521, 140.99156189, 141.432739258, 141.885528564, 142.326705933, 142.767883301, 143.220672607, 143.661849976, 144.103042603, 144.544219971, 144.985397339, 145.426574707, 145.867752075, 146.308929443, 146.750106812, 147.19128418, 147.632461548, 148.073654175, 148.514831543, 148.956008911, 149.397186279, 149.838363647, 150.279541016, 150.720718384, 151.161895752, 151.603088379, 152.044265747, 152.485443115, 152.926620483, 153.367797852, 153.80897522, 154.250152588, 154.691329956, 155.132507324, 155.562088013, 155.991653442, 156.444442749, 156.897232056, 157.361633301, 157.860855103, 158.360092163, 158.870925903, 159.439819336, 160.00869751, 160.577590942, 161.146484375, 161.726974487, 162.284255981, 162.841537476, 163.39881897, 163.956100464, 164.513381958, 165.070648193, 165.616317749, 166.161987305, 166.696044922, 167.241714478, 167.798995972, 168.367889404, 168.936782837, 169.436004639, 169.923629761, 170.411239624, 170.887252808, 171.340042114, 171.804443359, 172.268844604, 172.744842529, 173.209243774, 173.662033081, 174.103210449, 174.544403076, 174.985580444, 175.438369751, 175.879547119, 176.332336426, 176.773513794, 177.214691162, 177.644256592, 178.073822021, 178.515014648, 178.956192017, 179.397369385, 179.838546753, 180.279724121, 180.709289551, 181.150466919, 181.591659546, 182.032836914, 182.474014282, 182.903579712, 183.34475708, 183.785934448, 184.238723755, 184.679901123, 185.13269043, 185.573867798, 186.015060425, 186.456237793, 186.897415161, 187.338592529, 187.779769897, 188.220947266, 188.662124634, 189.103302002, 189.54447937, 189.985671997, 190.426849365, 190.868026733, 191.297592163, 191.738769531, 192.179946899, 192.609527588, 193.062316895, 193.503494263, 193.944671631, 194.385848999, 194.838638306, 195.279815674, 195.720993042, 196.16217041, 196.603347778, 197.044525146, 197.485717773, 197.926895142, 198.356460571, 198.797637939, 199.238815308, 199.679992676, 200.109558105, 200.550750732, 201.003540039, 201.444717407, 201.897506714, 202.338684082, 202.77986145, 203.221038818, 203.662216187, 204.103393555, 204.532974243, 204.962539673, 205.403717041, 205.844894409, 206.286071777, 206.727249146, 207.168426514, 207.609603882, 208.050796509, 208.503585815, 208.956375122, 209.385940552, 209.815505981, 210.25668335, 210.697860718, 211.139038086, 211.580215454, 212.021408081, 212.462585449, 212.903762817, 213.344940186, 213.786117554, 214.227294922, 214.66847229, 215.121261597, 215.574050903, 216.015228271, 216.45640564, 216.897598267, 217.338775635, 217.779953003, 218.221130371, 218.662307739, 219.103485107, 219.544662476, 219.985839844, 220.427032471, 220.8565979, 221.297775269, 221.727340698, 222.168518066, 222.609695435, 223.050872803, 223.49206543, 223.944854736, 224.386032104, 224.838821411, 225.279998779, 225.721176147, 226.162353516, 226.603530884, 227.044708252, 227.48588562, 227.915466309, 228.356643677, 228.797821045, 229.238998413, 229.668563843, 230.109741211, 230.550918579, 230.992111206, 231.433288574, 231.874465942, 232.327255249, 232.768432617, 233.209609985, 233.650787354, 234.10357666, 234.556365967, 235.020767212, 235.496780396, 235.97277832, 236.448791504, 236.924804688]
