
metadata:
    version:
        essentia: "2.1-beta2"
    audio_properties:
        analysis_sample_rate: 44100
        bitrate: 320
        channels: 2
        equal_loudness: 1
        length: 247.84979248
        replay_gain: -14.1515045166
        downmix: "mix"
    tags:
        album: "Extremist"
        artist: "Demon Hunter"
        comment: ""
        date: "2014"
        genre: "Christian Metal"
        title: "The Heart of a Graveyard"
        tracknumber: "12"

configuration:
    average_loudness:
        compute: 1
        frameSize: 88200
        hopSize: 44100
        silentFrames: "noise"
        windowType: "hann"
    general:
        analysisSampleRate: 44100
        endTime: 2000
        equalLoudness: 1
        nequalLoudness: 0
        shortSound: 0
        startTime: 0
    lowlevel:
        compute: 1
        frameSize: 2048
        hopSize: 1024
        zeroPadding: 0
        silentFrames: "noise"
        windowType: "blackmanharris62"
        mfccStats: ["mean", "cov", "icov"]
        stats: ["mean", "var", "median", "min", "max", "dmean", "dmean2", "dvar", "dvar2"]
    panning:
        compute: 0
        frameSize: 8192
        hopSize: 2048
        zeroPadding: 8192
        silentFrames: "noise"
        windowType: "hann"
        stats: ["copy"]
    rhythm:
        compute: 1
        maxTempo: 208
        minTempo: 40
        method: "degara"
        stats: ["mean", "var", "median", "min", "max", "dmean", "dmean2", "dvar", "dvar2"]
    segmentation:
        compute: 0
        cpw: 5
        inc1: 300
        inc2: 50
        minimumSegmentsLength: 10
        size1: 1000
        size2: 600
    sfx:
        compute: 1
        stats: ["mean", "var", "median", "min", "max", "dmean", "dmean2", "dvar", "dvar2"]
    svm:
        compute: 0
    tonal:
        compute: 1
        frameSize: 4096
        hopSize: 2048
        zeroPadding: 0
        silentFrames: "noise"
        windowType: "blackmanharris62"
        stats: ["mean", "var", "median", "min", "max", "dmean", "dmean2", "dvar", "dvar2"]

lowlevel:
    average_loudness: 0.936240613461
    barkbands_kurtosis:
        dmean: 0.573195755482
        dmean2: 0.928231954575
        dvar: 1.66538190842
        dvar2: 3.9793176651
        max: 61.1184844971
        mean: -0.66378235817
        median: -1.14554858208
        min: -1.93653738499
        var: 3.8687517643
    barkbands_skewness:
        dmean: 0.341550976038
        dmean2: 0.550127089024
        dvar: 0.137273296714
        dvar2: 0.348069608212
        max: 6.76014089584
        mean: -0.0407768376172
        median: -0.168453902006
        min: -4.41360569
        var: 0.663014173508
    barkbands_spread:
        dmean: 4.81038856506
        dmean2: 7.67040729523
        dvar: 27.51263237
        dvar2: 67.9593505859
        max: 81.8105163574
        mean: 33.9782791138
        median: 35.1639938354
        min: 0.886550068855
        var: 137.105484009
    dissonance:
        dmean: 0.0120420549065
        dmean2: 0.0202190931886
        dvar: 0.000200745431357
        dvar2: 0.000536676729098
        max: 0.500000059605
        mean: 0.475940257311
        median: 0.482362538576
        min: 0.114926926792
        var: 0.000518112676218
    hfc:
        dmean: 2.38397264481
        dmean2: 3.98164772987
        dvar: 13.7225513458
        dvar2: 36.9452438354
        max: 46.9593772888
        mean: 9.48813438416
        median: 9.33277606964
        min: 1.14220963569e-016
        var: 36.5090675354
    pitch:
        dmean: 863.516418457
        dmean2: 1658.57189941
        dvar: 1823970
        dvar2: 4463414
        max: 4704.90771484
        mean: 1916.93737793
        median: 1130.74597168
        min: 61.4488677979
        var: 2858678.25
    pitch_instantaneous_confidence:
        dmean: 0.0745003521442
        dmean2: 0.121338486671
        dvar: 0.00383622664958
        dvar2: 0.00981132220477
        max: 0.903077125549
        mean: 0.371678799391
        median: 0.352202653885
        min: 0.112618029118
        var: 0.0135207278654
    pitch_salience:
        dmean: 0.0545837730169
        dmean2: 0.0924666374922
        dvar: 0.00287711760029
        dvar2: 0.00830687116832
        max: 0.979941666126
        mean: 0.658789634705
        median: 0.672158718109
        min: 0.0859905108809
        var: 0.00642518373206
    silence_rate_20dB:
        dmean: 0
        dmean2: 0
        dvar: 0
        dvar2: 0
        max: 1
        mean: 1
        median: 1
        min: 1
        var: 0
    silence_rate_30dB:
        dmean: 0
        dmean2: 0
        dvar: 0
        dvar2: 0
        max: 1
        mean: 1
        median: 1
        min: 1
        var: 0
    silence_rate_60dB:
        dmean: 0.0406595468521
        dmean2: 0.0813267156482
        dvar: 0.0390025041997
        dvar2: 0.0898791775107
        max: 1
        mean: 0.248524591327
        median: 0
        min: 0
        var: 0.186759755015
    spectral_centroid:
        dmean: 253.084014893
        dmean2: 408.971221924
        dvar: 87750.078125
        dvar2: 213321.796875
        max: 11450.7919922
        mean: 1839.01452637
        median: 1897.59631348
        min: 135.955108643
        var: 425551.4375
    spectral_complexity:
        dmean: 3.50440311432
        dmean2: 5.76557683945
        dvar: 12.5875597
        dvar2: 31.5597133636
        max: 46
        mean: 18.4905853271
        median: 20
        min: 0
        var: 82.6020965576
    spectral_crest:
        dmean: 1.88079845905
        dmean2: 3.16454482079
        dvar: 4.41302633286
        dvar2: 12.0085659027
        max: 22.1330528259
        mean: 6.62536287308
        median: 5.86934566498
        min: 2.36092185974
        var: 7.62578296661
    spectral_decrease:
        dmean: 2.69725242141e-010
        dmean2: 4.57818394306e-010
        dvar: 2.72650439673e-019
        dvar2: 7.39234873224e-019
        max: 1.15961957233e-029
        mean: -1.0799201533e-009
        median: -1.0456439048e-009
        min: -6.09739370105e-009
        var: 3.85641837932e-019
    spectral_energy:
        dmean: 0.00119473319501
        dmean2: 0.00202146801166
        dvar: 4.9034042604e-006
        dvar2: 1.31988508656e-005
        max: 0.0248929355294
        mean: 0.00493645854294
        median: 0.00481534609571
        min: 1.06372833757e-020
        var: 7.83137056715e-006
    spectral_energyband_high:
        dmean: 0.000222712944378
        dmean2: 0.000377796561224
        dvar: 1.67525612937e-007
        dvar2: 4.53149340274e-007
        max: 0.00546374032274
        mean: 0.000544561306015
        median: 0.000466362340376
        min: 7.35850421742e-021
        var: 2.5728971309e-007
    spectral_energyband_low:
        dmean: 0.000211648264667
        dmean2: 0.000358830322511
        dvar: 1.03241497129e-007
        dvar2: 2.86312484832e-007
        max: 0.00310171768069
        mean: 0.000413878093241
        median: 0.000340788014
        min: 1.93929289313e-023
        var: 1.43468014357e-007
    spectral_energyband_middle_high:
        dmean: 0.000553917197976
        dmean2: 0.000908841262572
        dvar: 4.37662805552e-007
        dvar2: 1.16250816973e-006
        max: 0.0102737452835
        mean: 0.00243775174022
        median: 0.00230134744197
        min: 1.56823720325e-021
        var: 2.30274872592e-006
    spectral_energyband_middle_low:
        dmean: 0.000726133177523
        dmean2: 0.00124090351164
        dvar: 2.96595680993e-006
        dvar2: 8.23940627015e-006
        max: 0.0203624721617
        mean: 0.00166539975908
        median: 0.00134511524811
        min: 2.06177796905e-022
        var: 2.7295864129e-006
    spectral_flatness_db:
        dmean: 0.0128551498055
        dmean2: 0.0205922797322
        dvar: 0.000181569368578
        dvar2: 0.000463105912786
        max: 0.529213607311
        mean: 0.147792935371
        median: 0.130797162652
        min: 0.0647966116667
        var: 0.0028223679401
    spectral_flux:
        dmean: 0.00693439412862
        dmean2: 0.0106905866414
        dvar: 0.000105898056063
        dvar2: 0.000205222211662
        max: 0.143069446087
        mean: 0.0396754704416
        median: 0.0395902656019
        min: 6.60617532899e-011
        var: 0.000289150368189
    spectral_kurtosis:
        dmean: 1.86072993279
        dmean2: 3.20311069489
        dvar: 49.9832878113
        dvar2: 147.156555176
        max: 250.865692139
        mean: 4.85813856125
        median: 2.95179891586
        min: -1.22935009003
        var: 139.762420654
    spectral_rms:
        dmean: 0.000234846258536
        dmean2: 0.000388370157452
        dvar: 1.22383198686e-007
        dvar2: 3.16309666459e-007
        max: 0.00492806173861
        mean: 0.00210394151509
        median: 0.00216746353544
        min: 3.2214651953e-012
        var: 3.89488519659e-007
    spectral_rolloff:
        dmean: 314.989379883
        dmean2: 518.63470459
        dvar: 229093.46875
        dvar2: 518428.90625
        max: 19358.3496094
        mean: 3392.00048828
        median: 3596.04492188
        min: 107.666015625
        var: 1020783.0625
    spectral_skewness:
        dmean: 0.202061772346
        dmean2: 0.337065726519
        dvar: 0.165956452489
        dvar2: 0.488342195749
        max: 14.6973638535
        mean: 1.31792914867
        median: 1.22042989731
        min: -0.0495246499777
        var: 0.51451510191
    spectral_spread:
        dmean: 356393.4375
        dmean2: 498284.46875
        dvar: 289948205056
        dvar2: 462891286528
        max: 41335460
        mean: 4702080
        median: 4781429.5
        min: 346976.75
        var: 2.98533833933e+012
    spectral_strongpeak:
        dmean: 0.442676544189
        dmean2: 0.772704601288
        dvar: 0.538148403168
        dvar2: 1.42644429207
        max: 8.91508102417
        mean: 0.643301904202
        median: 0.356085211039
        min: 0
        var: 0.716372787952
    zerocrossingrate:
        dmean: 0.00746794929728
        dmean2: 0.00903395842761
        dvar: 6.02822765359e-005
        dvar2: 6.81758028804e-005
        max: 0.501953125
        mean: 0.103856898844
        median: 0.1083984375
        min: 0.00732421875
        var: 0.000898516562302
    barkbands:
        dmean: [1.39227807949e-007, 6.67879430694e-005, 0.000129224528791, 0.000134896530653, 0.000537461601198, 0.000126570463181, 9.81467819656e-005, 8.18281405373e-005, 9.54317292781e-005, 6.29662754363e-005, 6.15181488683e-005, 0.000103225247585, 4.21389631811e-005, 3.78955919587e-005, 5.52341734874e-005, 9.66240768321e-005, 0.00011549131159, 0.00015343708219, 0.000278816180071, 0.000190793536603, 0.000107891406515, 5.17854423379e-005, 9.59127191891e-006, 2.48339097197e-006, 8.11256711586e-007, 4.08305602662e-008, 6.20366924498e-010]
        dmean2: [2.23086487949e-007, 0.000114247312013, 0.000219351015403, 0.000233010214288, 0.000936481985264, 0.000206124415854, 0.000152994776727, 0.000129757157993, 0.00014722160995, 9.86391823972e-005, 9.84621801763e-005, 0.000161756077432, 6.82565951138e-005, 6.21669751126e-005, 9.29645248107e-005, 0.000160980431247, 0.000192653445993, 0.000255926657701, 0.000468908605399, 0.000322558626067, 0.000184562959475, 8.90692172106e-005, 1.52079637701e-005, 3.80202618544e-006, 1.26107613596e-006, 6.02865597443e-008, 8.96554885887e-010]
        dvar: [5.31873366693e-014, 1.87009643327e-008, 3.65818806358e-008, 4.41230305626e-008, 2.39484074882e-006, 4.30875815027e-008, 2.59696886218e-008, 2.64933603944e-008, 1.83418613631e-008, 1.39783322695e-008, 1.81454620218e-008, 4.14448564356e-008, 4.51179449357e-009, 3.01378655365e-009, 8.93952822878e-009, 1.74863981073e-008, 2.02016501305e-008, 3.90625274349e-008, 1.40779647495e-007, 9.00991139474e-008, 3.69182977522e-008, 1.12795977003e-008, 4.06512490336e-010, 2.80555734894e-011, 1.76640885079e-012, 4.88200271699e-015, 1.87646583702e-018]
        dvar2: [1.26098377616e-013, 5.18172704744e-008, 1.02505318011e-007, 1.2710583519e-007, 6.66367259328e-006, 1.1037423775e-007, 5.69228149061e-008, 6.44941309247e-008, 4.18258352397e-008, 3.30075380361e-008, 4.31448015092e-008, 9.4752493851e-008, 1.12038396338e-008, 7.90876253376e-009, 2.39965149973e-008, 4.62547653513e-008, 5.29360377755e-008, 1.0460372124e-007, 3.83305206242e-007, 2.38765238691e-007, 1.01502664052e-007, 2.98525506537e-008, 8.41537839413e-010, 5.59470005046e-011, 4.11150410592e-012, 9.89001513741e-015, 3.01978453993e-018]
        max: [2.24593122766e-006, 0.00149839941878, 0.00184538005851, 0.00318498443812, 0.0181363075972, 0.00432408694178, 0.00531773269176, 0.00596634158865, 0.00213328422979, 0.00279433722608, 0.00326942047104, 0.00395411020145, 0.00142710609362, 0.00151449709665, 0.00205210899003, 0.00238602072932, 0.00254358234815, 0.0036340765655, 0.00669678021222, 0.00491028465331, 0.00299229705706, 0.00146985205356, 0.000386806903407, 0.000129732550704, 2.54626065725e-005, 1.40921520142e-006, 3.55769778082e-008]
        mean: [1.87094897797e-007, 8.90133233042e-005, 0.000221027148655, 0.000196555265575, 0.000635968754068, 0.000256797298789, 0.0002013368794, 0.000154089109856, 0.000202826835448, 0.000127482708194, 0.000112039044325, 0.000185951197636, 7.76876622695e-005, 7.27546721464e-005, 0.000112820722279, 0.00021407737222, 0.000257766514551, 0.00034067541128, 0.000695760303643, 0.000433888257248, 0.000230831981753, 8.94570039236e-005, 1.94032163563e-005, 6.09545622865e-006, 1.87668922536e-006, 9.14855036172e-008, 1.31456956431e-009]
        median: [7.73420651967e-008, 5.41826775589e-005, 0.000162545125932, 0.000111097680929, 0.000309432536596, 0.000143281111377, 0.00010083190864, 6.62877573632e-005, 0.00011208448268, 6.48073255434e-005, 4.07391198678e-005, 7.48805614421e-005, 5.00121532241e-005, 5.2000683354e-005, 7.3484647146e-005, 0.00017305201618, 0.000212613289477, 0.000288904353511, 0.000575407757424, 0.00037012816756, 0.0001917189511, 5.60674379813e-005, 9.80033019005e-006, 4.0047807488e-006, 1.38902350955e-006, 6.50462084195e-008, 6.9938632663e-010]
        min: [2.25720360128e-024, 6.20845956968e-024, 2.7511969776e-024, 2.44503572155e-024, 2.15706157478e-023, 2.10993881084e-023, 3.09754059935e-023, 4.27065786032e-023, 1.31595677839e-023, 3.92984281245e-023, 3.68197703623e-023, 3.20186903179e-023, 6.1505250726e-023, 5.08792217575e-023, 8.85671493232e-023, 9.88486890453e-023, 1.52351116282e-022, 2.0852581299e-022, 2.86337373985e-022, 1.96913073646e-022, 3.80047057062e-022, 4.01666818845e-022, 4.90543447767e-022, 6.47474311811e-022, 1.09824856766e-021, 1.48010076567e-021, 2.18229551858e-021]
        var: [7.73345214364e-014, 1.61004827248e-008, 5.13875164643e-008, 6.38686188381e-008, 1.72798331732e-006, 1.24602635765e-007, 1.08664174547e-007, 1.11899510102e-007, 6.17858617602e-008, 4.41430358933e-008, 5.5335132032e-008, 9.74285256916e-008, 8.75214034579e-009, 5.98147043007e-009, 2.17577689199e-008, 4.60175044736e-008, 4.95949130652e-008, 7.944029079e-008, 3.9096264004e-007, 1.62353458677e-007, 5.10943465315e-008, 1.60901585389e-008, 1.15477283291e-009, 7.81305298236e-011, 4.1184776943e-012, 1.29838622696e-014, 5.62198266405e-018]
    frequency_bands:
        dmean: [1.39227807949e-007, 6.67879430694e-005, 0.000129224528791, 0.000134896530653, 0.000537461601198, 0.000126570463181, 9.81467819656e-005, 8.18281405373e-005, 9.54317292781e-005, 6.29662754363e-005, 6.15181488683e-005, 0.000103225247585, 4.21389631811e-005, 3.78955919587e-005, 5.52341734874e-005, 9.66240768321e-005, 0.00011549131159, 0.00015343708219, 0.000278816180071, 0.000190793536603, 0.000107891406515, 5.17854423379e-005, 9.59127191891e-006, 2.48339097197e-006, 8.11256711586e-007, 4.08305602662e-008, 6.20366924498e-010, 5.66731800378e-011]
        dmean2: [2.23086487949e-007, 0.000114247312013, 0.000219351015403, 0.000233010214288, 0.000936481985264, 0.000206124415854, 0.000152994776727, 0.000129757157993, 0.00014722160995, 9.86391823972e-005, 9.84621801763e-005, 0.000161756077432, 6.82565951138e-005, 6.21669751126e-005, 9.29645248107e-005, 0.000160980431247, 0.000192653445993, 0.000255926657701, 0.000468908605399, 0.000322558626067, 0.000184562959475, 8.90692172106e-005, 1.52079637701e-005, 3.80202618544e-006, 1.26107613596e-006, 6.02865597443e-008, 8.96554885887e-010, 1.05275600737e-010]
        dvar: [5.31873366693e-014, 1.87009643327e-008, 3.65818806358e-008, 4.41230305626e-008, 2.39484074882e-006, 4.30875815027e-008, 2.59696886218e-008, 2.64933603944e-008, 1.83418613631e-008, 1.39783322695e-008, 1.81454620218e-008, 4.14448564356e-008, 4.51179449357e-009, 3.01378655365e-009, 8.93952822878e-009, 1.74863981073e-008, 2.02016501305e-008, 3.90625274349e-008, 1.40779647495e-007, 9.00991139474e-008, 3.69182977522e-008, 1.12795977003e-008, 4.06512490336e-010, 2.80555734894e-011, 1.76640885079e-012, 4.88200271699e-015, 1.87646583702e-018, 6.64330762316e-021]
        dvar2: [1.26098377616e-013, 5.18172704744e-008, 1.02505318011e-007, 1.2710583519e-007, 6.66367259328e-006, 1.1037423775e-007, 5.69228149061e-008, 6.44941309247e-008, 4.18258352397e-008, 3.30075380361e-008, 4.31448015092e-008, 9.4752493851e-008, 1.12038396338e-008, 7.90876253376e-009, 2.39965149973e-008, 4.62547653513e-008, 5.29360377755e-008, 1.0460372124e-007, 3.83305206242e-007, 2.38765238691e-007, 1.01502664052e-007, 2.98525506537e-008, 8.41537839413e-010, 5.59470005046e-011, 4.11150410592e-012, 9.89001513741e-015, 3.01978453993e-018, 2.12307827245e-020]
        max: [2.24593122766e-006, 0.00149839941878, 0.00184538005851, 0.00318498443812, 0.0181363075972, 0.00432408694178, 0.00531773269176, 0.00596634158865, 0.00213328422979, 0.00279433722608, 0.00326942047104, 0.00395411020145, 0.00142710609362, 0.00151449709665, 0.00205210899003, 0.00238602072932, 0.00254358234815, 0.0036340765655, 0.00669678021222, 0.00491028465331, 0.00299229705706, 0.00146985205356, 0.000386806903407, 0.000129732550704, 2.54626065725e-005, 1.40921520142e-006, 3.55769778082e-008, 1.0888532298e-009]
        mean: [1.87094897797e-007, 8.90133233042e-005, 0.000221027148655, 0.000196555265575, 0.000635968754068, 0.000256797298789, 0.0002013368794, 0.000154089109856, 0.000202826835448, 0.000127482708194, 0.000112039044325, 0.000185951197636, 7.76876622695e-005, 7.27546721464e-005, 0.000112820722279, 0.00021407737222, 0.000257766514551, 0.00034067541128, 0.000695760303643, 0.000433888257248, 0.000230831981753, 8.94570039236e-005, 1.94032163563e-005, 6.09545622865e-006, 1.87668922536e-006, 9.14855036172e-008, 1.31456956431e-009, 4.43876463363e-011]
        median: [7.73420651967e-008, 5.41826775589e-005, 0.000162545125932, 0.000111097680929, 0.000309432536596, 0.000143281111377, 0.00010083190864, 6.62877573632e-005, 0.00011208448268, 6.48073255434e-005, 4.07391198678e-005, 7.48805614421e-005, 5.00121532241e-005, 5.2000683354e-005, 7.3484647146e-005, 0.00017305201618, 0.000212613289477, 0.000288904353511, 0.000575407757424, 0.00037012816756, 0.0001917189511, 5.60674379813e-005, 9.80033019005e-006, 4.0047807488e-006, 1.38902350955e-006, 6.50462084195e-008, 6.9938632663e-010, 1.67621576341e-011]
        min: [2.25720360128e-024, 6.20845956968e-024, 2.7511969776e-024, 2.44503572155e-024, 2.15706157478e-023, 2.10993881084e-023, 3.09754059935e-023, 4.27065786032e-023, 1.31595677839e-023, 3.92984281245e-023, 3.68197703623e-023, 3.20186903179e-023, 6.1505250726e-023, 5.08792217575e-023, 8.85671493232e-023, 9.88486890453e-023, 1.52351116282e-022, 2.0852581299e-022, 2.86337373985e-022, 1.96913073646e-022, 3.80047057062e-022, 4.01666818845e-022, 4.90543447767e-022, 6.47474311811e-022, 1.09824856766e-021, 1.48010076567e-021, 2.18229551858e-021, 6.92546517031e-022]
        var: [7.73345214364e-014, 1.61004827248e-008, 5.13875164643e-008, 6.38686188381e-008, 1.72798331732e-006, 1.24602635765e-007, 1.08664174547e-007, 1.11899510102e-007, 6.17858617602e-008, 4.41430358933e-008, 5.5335132032e-008, 9.74285256916e-008, 8.75214034579e-009, 5.98147043007e-009, 2.17577689199e-008, 4.60175044736e-008, 4.95949130652e-008, 7.944029079e-008, 3.9096264004e-007, 1.62353458677e-007, 5.10943465315e-008, 1.60901585389e-008, 1.15477283291e-009, 7.81305298236e-011, 4.1184776943e-012, 1.29838622696e-014, 5.62198266405e-018, 5.28218717586e-021]
    mfcc:
        mean: [-697.493041992, 96.5122451782, -47.8079109192, 51.0483131409, -18.5651397705, -8.01479244232, -1.71980059147, -1.93379867077, -5.99565982819, -6.80172777176, -7.55287599564, -5.78041696548, -3.0121383667]
        cov: [[4477.25292969, -721.092285156, 293.688812256, 1003.76080322, -104.318321228, 421.052001953, 92.9559020996, 218.405471802, 178.252380371, 115.219589233, 49.3194961548, -12.7314662933, 7.85665798187], [-721.092285156, 918.97668457, -269.111083984, -318.297943115, -4.80846452713, -190.817733765, -12.6706581116, -69.8373184204, -70.3876953125, -66.5743865967, -23.2035999298, 6.6827287674, 12.9254188538], [293.688812256, -269.111083984, 933.844360352, 408.506195068, 170.321807861, 307.845611572, 81.3659973145, 145.446609497, 54.8105316162, 44.7993621826, 62.1728630066, 43.4196777344, 14.77846241], [1003.76080322, -318.297943115, 408.506195068, 668.905273438, 136.147125244, 279.722259521, 45.5075569153, 89.854347229, 93.9627380371, 82.9686126709, 54.6554527283, 21.7272758484, 22.3176784515], [-104.318321228, -4.80846452713, 170.321807861, 136.147125244, 195.768310547, 95.3584136963, 6.69465827942, -9.45442199707, 9.10692024231, 34.3613700867, 20.0920314789, 10.923869133, 11.9776477814], [421.052001953, -190.817733765, 307.845611572, 279.722259521, 95.3584136963, 257.872344971, 75.3400344849, 80.0083618164, 39.4492263794, 38.3375358582, 37.8393058777, 20.8411026001, 11.8747711182], [92.9559020996, -12.6706581116, 81.3659973145, 45.5075569153, 6.69465827942, 75.3400344849, 147.06237793, 91.8153533936, 37.0898132324, 11.9404506683, 19.4756755829, 23.6582679749, 14.5994777679], [218.405471802, -69.8373184204, 145.446609497, 89.854347229, -9.45442199707, 80.0083618164, 91.8153533936, 151.057342529, 62.3571128845, 22.7174358368, 29.2699050903, 15.5505123138, 13.7715005875], [178.252380371, -70.3876953125, 54.8105316162, 93.9627380371, 9.10692024231, 39.4492263794, 37.0898132324, 62.3571128845, 93.4851608276, 48.6357536316, 27.4152469635, 11.082362175, 8.44061279297], [115.219589233, -66.5743865967, 44.7993621826, 82.9686126709, 34.3613700867, 38.3375358582, 11.9404506683, 22.7174358368, 48.6357536316, 93.6910095215, 43.6671218872, 18.827381134, 9.61126804352], [49.3194961548, -23.2035999298, 62.1728630066, 54.6554527283, 20.0920314789, 37.8393058777, 19.4756755829, 29.2699050903, 27.4152469635, 43.6671218872, 82.0801010132, 39.9878807068, 14.3747911453], [-12.7314662933, 6.6827287674, 43.4196777344, 21.7272758484, 10.923869133, 20.8411026001, 23.6582679749, 15.5505123138, 11.082362175, 18.827381134, 39.9878807068, 67.8797454834, 30.4183673859], [7.85665798187, 12.9254188538, 14.77846241, 22.3176784515, 11.9776477814, 11.8747711182, 14.5994777679, 13.7715005875, 8.44061279297, 9.61126804352, 14.3747911453, 30.4183673859, 62.640827179]]
        icov: [[0.000450321473181, 5.82677348575e-005, 0.000205176402233, -0.000747193291318, 0.000754170294385, -0.000381288788049, 9.77377421805e-005, -0.000217323729885, 2.19533922063e-005, -0.00012727084686, 0.000115966817248, 0.000153495173436, 1.77938127308e-005], [5.82677348575e-005, 0.00153015612159, 0.000194114967599, 0.000238303007791, -0.000785602547694, 0.000929723726586, -0.000519578868989, -9.35270218179e-005, 0.00041765748756, 0.000734052620828, -0.000357323413482, -0.000214081985177, -0.000321064988384], [0.000205176402233, 0.000194114967599, 0.00224050786346, -0.000706514867488, -0.000822443340439, -0.00155051413458, 0.000814117083792, -0.00198019295931, 0.000662158301566, 0.000546931929421, -3.40856895491e-005, -0.000937725126278, 0.00064416899113], [-0.000747193291318, 0.000238303007791, -0.000706514867488, 0.00465653371066, -0.00175269006286, -0.00221619335935, 0.000905205961317, 0.000604453904089, -0.0021251605358, -0.000184618969797, -0.000153207598487, 0.000130952539621, -0.000750155712012], [0.000754170294385, -0.000785602547694, -0.000822443340439, -0.00175269006286, 0.00950158666819, -0.00299236783758, -0.000246832059929, 0.00311206048355, -0.000130068496219, -0.00266751064919, 0.000172225598362, 0.00127616443206, -0.00122262479272], [-0.000381288788049, 0.000929723726586, -0.00155051413458, -0.00221619335935, -0.00299236783758, 0.0117890061811, -0.00385307124816, -0.00111108121928, 0.00239399960265, 0.000146223319462, -0.00126230018213, 0.000146396952914, 0.000364568753866], [9.77377421805e-005, -0.000519578868989, 0.000814117083792, 0.000905205961317, -0.000246832059929, -0.00385307124816, 0.0129719646648, -0.00720219919458, -0.00101542531047, 0.000531309866346, 0.00157853506971, -0.00342359370552, 0.000273617741186], [-0.000217323729885, -9.35270218179e-005, -0.00198019295931, 0.000604453904089, 0.00311206048355, -0.00111108121928, -0.00720219919458, 0.0168850049376, -0.00750213395804, 0.0015438204864, -0.00269752624445, 0.00285699125379, -0.00211393157952], [2.19533922063e-005, 0.00041765748756, 0.000662158301566, -0.0021251605358, -0.000130068496219, 0.00239399960265, -0.00101542531047, -0.00750213395804, 0.0214178338647, -0.00832730066031, -5.88491639064e-005, 0.000329775270075, 0.000214127474464], [-0.00012727084686, 0.000734052620828, 0.000546931929421, -0.000184618969797, -0.00266751064919, 0.000146223319462, 0.000531309866346, 0.0015438204864, -0.00832730066031, 0.0196951441467, -0.00777955213562, 8.98078869795e-005, -0.000337865320034], [0.000115966817248, -0.000357323413482, -3.40856895491e-005, -0.000153207598487, 0.000172225598362, -0.00126230018213, 0.00157853506971, -0.00269752624445, -5.88491639064e-005, -0.00777955213562, 0.0227128062397, -0.0116412620991, 0.00219576782547], [0.000153495173436, -0.000214081985177, -0.000937725126278, 0.000130952539621, 0.00127616443206, 0.000146396952914, -0.00342359370552, 0.00285699125379, 0.000329775270075, 8.98078869795e-005, -0.0116412620991, 0.0270867478102, -0.0104425521567], [1.77938127308e-005, -0.000321064988384, 0.00064416899113, -0.000750155712012, -0.00122262479272, 0.000364568753866, 0.000273617741186, -0.00211393157952, 0.000214127474464, -0.000337865320034, 0.00219576782547, -0.0104425521567, 0.0212989840657]]
    sccoeffs:
        dmean: [0.0539739318192, 0.0441516749561, 0.037139762193, 0.0342715978622, 0.0361511521041, 0.0244609881192]
        dmean2: [0.0896896570921, 0.0724162235856, 0.0607478581369, 0.0580774359405, 0.0658430755138, 0.0421807691455]
        dvar: [0.00216354010627, 0.00129242183175, 0.000860143569298, 0.000793399463873, 0.00104171154089, 0.000482416508021]
        dvar2: [0.00595530355349, 0.00342444656417, 0.00224846787751, 0.00220407918096, 0.00312220305204, 0.00130989053287]
        max: [-0.217294454575, -0.337829202414, -0.454229980707, -0.530711531639, -0.534933686256, -0.531603813171]
        mean: [-0.634522080421, -0.739907741547, -0.769865036011, -0.784649372101, -0.775045573711, -0.72961884737]
        median: [-0.645738363266, -0.746838390827, -0.775201797485, -0.791961789131, -0.782230436802, -0.730450391769]
        min: [-0.962670981884, -0.980335772038, -0.978713572025, -0.967206895351, -0.984479963779, -0.967653632164]
        var: [0.0068225231953, 0.00502982689068, 0.00373280467466, 0.0024094323162, 0.00205831089988, 0.00209978781641]
    scvalleys:
        dmean: [0.377692162991, 0.335009664297, 0.276287823915, 0.286390990019, 0.32206466794, 0.299990713596]
        dmean2: [0.628991365433, 0.555504858494, 0.45111861825, 0.470771968365, 0.560000896454, 0.490396201611]
        dvar: [0.108688175678, 0.0944239348173, 0.0605520345271, 0.0759960338473, 0.103344529867, 0.102521724999]
        dvar2: [0.268209159374, 0.233515307307, 0.140287071466, 0.175522089005, 0.252774596214, 0.224711552262]
        max: [-5.31207132339, -4.49248123169, -5.38708162308, -5.85549116135, -5.4496088028, -7.72105932236]
        mean: [-7.15174055099, -6.629591465, -6.92321205139, -7.24992752075, -6.9702911377, -9.79370212555]
        median: [-6.6517906189, -6.492208004, -6.7901263237, -7.00635528564, -6.6405339241, -9.27723407745]
        min: [-28.0562973022, -27.7254161835, -27.1752510071, -27.4470539093, -27.2059936523, -27.2667045593]
        var: [2.348290205, 0.948715686798, 0.959321022034, 1.03595328331, 1.34280228615, 2.61305046082]

rhythm:
    beats_loudness:
        dmean: 0.00238750688732
        dmean2: 0.00454497896135
        dvar: 3.61428487849e-006
        dvar2: 1.08314134195e-005
        max: 0.0157360006124
        mean: 0.00557732582092
        median: 0.00574384443462
        min: 1.06255594601e-010
        var: 6.6174834501e-006
    bpm: 141.961471558
    bpm_confidence: 0
    first_peak_bpm: 144
    first_peak_spread: 0.410681426525
    first_peak_weight: 0.54982817173
    onset_rate: 2.59834814072
    second_peak_bpm: 136
    second_peak_spread: 0.282051295042
    second_peak_weight: 0.0481099672616
    beats_loudness_band_ratio:
        dmean: [0.0931105688214, 0.226433828473, 0.0695634260774, 0.0619642697275, 0.0785920247436, 0.0847362279892]
        dmean2: [0.160145536065, 0.426426380873, 0.123476468027, 0.108562901616, 0.134594485164, 0.148009762168]
        dvar: [0.00941600091755, 0.0269472450018, 0.00523261260241, 0.00490527506918, 0.00475721852854, 0.00517337117344]
        dvar2: [0.0259471423924, 0.0848052948713, 0.0143504347652, 0.0140906972811, 0.0135752838105, 0.0149841569364]
        max: [0.961583971977, 0.743995189667, 0.585975646973, 0.736952006817, 0.69341892004, 0.647496402264]
        mean: [0.160935252905, 0.229630589485, 0.104561448097, 0.103488132358, 0.201472267509, 0.245321914554]
        median: [0.138065129519, 0.164416283369, 0.0790356919169, 0.0641866847873, 0.180493548512, 0.247046157718]
        min: [6.92911125952e-005, 0.00378103693947, 0.00383283849806, 0.00279014697298, 0.00787505414337, 0.000112654182885]
        var: [0.0147365126759, 0.0345584079623, 0.00719827413559, 0.0116513222456, 0.0100017683581, 0.0115243699402]
    beats_position: [0.441179126501, 0.882358253002, 1.3235373497, 1.764716506, 2.21750569344, 2.67029476166, 3.12308382988, 3.5758728981, 4.02866220474, 4.46984100342, 4.8994102478, 5.31736946106, 5.74693870544, 6.17650794983, 6.59446716309, 7.02403593063, 7.45360517502, 7.87156438828, 8.28952407837, 8.70748329163, 9.13705158234, 9.56662082672, 9.98458003998, 10.4025392532, 10.8204984665, 11.2384576797, 11.656416893, 12.0859861374, 12.5155553818, 12.933514595, 13.3630838394, 13.7926530838, 14.2222223282, 14.6517915726, 15.0697498322, 15.4877090454, 15.9056682587, 16.3236274719, 16.7531967163, 17.1711559296, 17.600725174, 18.0186843872, 18.4366436005, 18.8662128448, 19.2957820892, 19.7137413025, 20.1317005157, 20.549659729, 20.9676189423, 21.3855781555, 21.8151473999, 22.2331066132, 22.6626758575, 23.0922451019, 23.5218143463, 23.9397735596, 24.3577327728, 24.7756919861, 25.1936511993, 25.6232185364, 26.0527877808, 26.4823570251, 26.9003162384, 27.3182754517, 27.747844696, 28.1658039093, 28.5837631226, 29.0017223358, 29.4312915802, 29.8608608246, 30.2788200378, 30.6967792511, 31.1147384644, 31.5443077087, 31.9738769531, 32.391834259, 32.8097953796, 33.2277526855, 33.6573219299, 34.0868911743, 34.5048522949, 34.9228096008, 35.3407707214, 35.7587280273, 36.1882972717, 36.6178665161, 37.0358276367, 37.4537849426, 37.883354187, 38.3129234314, 38.730884552, 39.1488418579, 39.5668029785, 39.9963722229, 40.4259414673, 40.8438987732, 41.2618598938, 41.6798171997, 42.1093864441, 42.5273475647, 42.9569168091, 43.374874115, 43.7928352356, 44.22240448, 44.6519737244, 45.0699310303, 45.4878921509, 45.9058494568, 46.3354187012, 46.7649879456, 47.1829452515, 47.6009063721, 48.018863678, 48.4484329224, 48.866394043, 49.2959632874, 49.7139205933, 50.1318817139, 50.5498390198, 50.9794082642, 51.4089775085, 51.8269386292, 52.2448959351, 52.6744651794, 53.1040344238, 53.5219955444, 53.9399528503, 54.3579139709, 54.7758712769, 55.2054405212, 55.6350097656, 56.0529708862, 56.4709281921, 56.9004974365, 57.3300666809, 57.7480278015, 58.1659851074, 58.583946228, 59.0135154724, 59.4430847168, 59.8610420227, 60.2789993286, 60.6969604492, 61.1149177551, 61.5444869995, 61.9740562439, 62.3920173645, 62.8099746704, 63.2395439148, 63.6691131592, 64.0870742798, 64.5050354004, 64.9229888916, 65.3525619507, 65.7821273804, 66.200088501, 66.6180496216, 67.0360107422, 67.4539642334, 67.871925354, 68.3014984131, 68.7194519043, 69.1490249634, 69.5785903931, 70.0081634521, 70.4261245728, 70.844078064, 71.2620391846, 71.6800003052, 72.0979614258, 72.5275268555, 72.9570999146, 73.3750534058, 73.7930145264, 74.210975647, 74.6289291382, 75.0701141357, 75.488067627, 75.9060287476, 76.3239898682, 76.7419509888, 77.1715164185, 77.6010894775, 78.0190429688, 78.4486160278, 78.8781814575, 79.2961425781, 79.7141036987, 80.1320648193, 80.5500183105, 80.9679794312, 81.3975524902, 81.8271179199, 82.256690979, 82.6862564087, 83.1042175293, 83.5221786499, 83.9401321411, 84.3580932617, 84.7760543823, 85.1940155029, 85.6235809326, 86.0415420532, 86.4595031738, 86.8890686035, 87.3186416626, 87.7482070923, 88.1661682129, 88.5841217041, 89.0020828247, 89.4200439453, 89.8380050659, 90.2675704956, 90.6855316162, 91.1150970459, 91.544670105, 91.9742355347, 92.3921966553, 92.8101577759, 93.2281188965, 93.6460723877, 94.0640335083, 94.4819946289, 94.9115600586, 95.3411331177, 95.7706985474, 96.2002716064, 96.6182327271, 97.0361862183, 97.4541473389, 97.8837203979, 98.3132858276, 98.7312469482, 99.1492080688, 99.5787734985, 100.008346558, 100.426300049, 100.844261169, 101.26222229, 101.680175781, 102.098136902, 102.527709961, 102.945663452, 103.375236511, 103.793197632, 104.222763062, 104.652336121, 105.070289612, 105.488250732, 105.906211853, 106.335777283, 106.765350342, 107.183311462, 107.601264954, 108.019226074, 108.437187195, 108.866752625, 109.296325684, 109.714286804, 110.132240295, 110.561813354, 110.991378784, 111.409339905, 111.827301025, 112.245262146, 112.674827576, 113.104400635, 113.522354126, 113.940315247, 114.358276367, 114.776237488, 115.205802917, 115.635368347, 116.053329468, 116.471290588, 116.900856018, 117.330429077, 117.748390198, 118.166343689, 118.58430481, 119.013877869, 119.443443298, 119.861404419, 120.27936554, 120.697319031, 121.12689209, 121.55645752, 121.97441864, 122.392379761, 122.810340881, 123.228294373, 123.657867432, 124.087432861, 124.505393982, 124.923355103, 125.352920532, 125.782493591, 126.200454712, 126.618408203, 127.036369324, 127.454330444, 127.872291565, 128.290252686, 128.708206177, 129.137771606, 129.567337036, 129.996917725, 130.414871216, 130.844436646, 131.262405396, 131.680358887, 132.098312378, 132.516281128, 132.945846558, 133.375411987, 133.793380737, 134.222946167, 134.652511597, 135.070480347, 135.488433838, 135.906387329, 136.324356079, 136.74230957, 137.171875, 137.601455688, 138.01940918, 138.448974609, 138.866943359, 139.296508789, 139.71446228, 140.13243103, 140.550384521, 140.968338013, 141.397918701, 141.827484131, 142.245437622, 142.675003052, 143.10458374, 143.522537231, 143.940490723, 144.358459473, 144.776412964, 145.205978394, 145.623947144, 146.053512573, 146.471466064, 146.889434814, 147.319000244, 147.736953735, 148.166534424, 148.584487915, 149.002441406, 149.420410156, 149.838363647, 150.256317139, 150.685897827, 151.115463257, 151.545028687, 151.974594116, 152.392562866, 152.810516357, 153.228485107, 153.646438599, 154.076004028, 154.505569458, 154.923538208, 155.341491699, 155.759460449, 156.189025879, 156.618591309, 157.0365448, 157.45451355, 157.872467041, 158.290420532, 158.720001221, 159.137954712, 159.567520142, 159.985488892, 160.403442383, 160.833007813, 161.262588501, 161.680541992, 162.098495483, 162.516464233, 162.946029663, 163.363983154, 163.793563843, 164.223129272, 164.652694702, 165.070648193, 165.488616943, 165.906570435, 166.324539185, 166.742492676, 167.160446167, 167.578414917, 168.007980347, 168.437545776, 168.867111206, 169.285079956, 169.714645386, 170.132598877, 170.550567627, 170.980133057, 171.398086548, 171.827667236, 172.257232666, 172.675186157, 173.104751587, 173.522720337, 173.940673828, 174.358642578, 174.776596069, 175.206161499, 175.624130249, 176.04208374, 176.47164917, 176.9012146, 177.31918335, 177.748748779, 178.166702271, 178.584671021, 179.002624512, 179.420593262, 179.850158691, 180.279724121, 180.697677612, 181.115646362, 181.545211792, 181.974777222, 182.392745972, 182.810699463, 183.228652954, 183.646621704, 184.064575195, 184.482528687, 184.912109375, 185.341674805, 185.771240234, 186.200805664, 186.618774414, 187.036727905, 187.454696655, 187.884262085, 188.302215576, 188.731781006, 189.149749756, 189.567703247, 189.997268677, 190.426849365, 190.856414795, 191.297592163, 191.738769531, 192.179946899, 192.621124268, 193.062316895, 193.503494263, 193.944671631, 194.374237061, 194.815414429, 195.244979858, 195.674560547, 196.104125977, 196.533691406, 196.963256836, 197.392837524, 197.810791016, 198.240356445, 198.669921875, 199.099502563, 199.529067993, 199.970245361, 200.411422729, 200.852600098, 201.293777466, 201.734954834, 202.176147461, 202.628936768, 203.081726074, 203.522903442, 203.940856934, 204.358810425, 204.776779175, 205.194732666, 205.624298096, 206.053878784, 206.483444214, 206.913009644, 207.330978394, 207.748931885, 208.166885376, 208.584854126, 209.002807617, 209.420761108, 209.838729858, 210.25668335, 210.686248779, 211.115829468, 211.533782959, 211.95173645, 212.381317139, 212.810882568, 213.22883606, 213.64680481, 214.064758301, 214.505935669, 214.92388916, 215.353469849, 215.783035278, 216.20098877, 216.61895752, 217.036911011, 217.454864502, 217.872833252, 218.290786743, 218.708755493, 219.138320923, 219.567886353, 219.997451782, 220.427032471, 220.844985962, 221.262939453, 221.680908203, 222.098861694, 222.516815186, 222.934783936, 223.364349365, 223.793914795, 224.223495483, 224.641448975, 225.071014404, 225.488967896, 225.906936646, 226.324890137, 226.754455566, 227.172424316, 227.601989746, 228.019943237, 228.449523926, 228.867477417, 229.297042847, 229.715011597, 230.132965088, 230.550918579, 230.968887329, 231.38684082, 231.81640625, 232.245986938, 232.675552368, 233.105117798, 233.523086548, 233.941040039, 234.35899353, 234.77696228, 235.194915771, 235.612869263, 236.030838013, 236.460403442, 236.878356934, 237.307937622, 237.737503052, 238.167068481, 238.585037231, 239.002990723, 239.420944214, 239.838912964, 240.268478394, 240.698043823, 241.139221191, 241.58039856, 242.021575928, 242.474365234, 242.915557861, 243.368347168, 243.821136475, 244.273925781, 244.715103149, 245.144668579, 245.585845947, 246.015411377, 246.444976807, 246.874557495, 247.315734863]
