
metadata:
    version:
        essentia: "2.1-beta2"
    audio_properties:
        analysis_sample_rate: 44100
        bitrate: 256
        channels: 2
        equal_loudness: 1
        length: 229.407348633
        replay_gain: -15.1183490753
        downmix: "mix"
    tags:
        album: "Indestructible"
        artist: "Disturbed"
        comment: ""
        date: "2008"
        genre: "Rock"
        title: "Deceiver"
        tracknumber: "3"

configuration:
    average_loudness:
        compute: 1
        frameSize: 88200
        hopSize: 44100
        silentFrames: "noise"
        windowType: "hann"
    general:
        analysisSampleRate: 44100
        endTime: 2000
        equalLoudness: 1
        nequalLoudness: 0
        shortSound: 0
        startTime: 0
    lowlevel:
        compute: 1
        frameSize: 2048
        hopSize: 1024
        zeroPadding: 0
        silentFrames: "noise"
        windowType: "blackmanharris62"
        mfccStats: ["mean", "cov", "icov"]
        stats: ["mean", "var", "median", "min", "max", "dmean", "dmean2", "dvar", "dvar2"]
    panning:
        compute: 0
        frameSize: 8192
        hopSize: 2048
        zeroPadding: 8192
        silentFrames: "noise"
        windowType: "hann"
        stats: ["copy"]
    rhythm:
        compute: 1
        maxTempo: 208
        minTempo: 40
        method: "degara"
        stats: ["mean", "var", "median", "min", "max", "dmean", "dmean2", "dvar", "dvar2"]
    segmentation:
        compute: 0
        cpw: 5
        inc1: 300
        inc2: 50
        minimumSegmentsLength: 10
        size1: 1000
        size2: 600
    sfx:
        compute: 1
        stats: ["mean", "var", "median", "min", "max", "dmean", "dmean2", "dvar", "dvar2"]
    svm:
        compute: 0
    tonal:
        compute: 1
        frameSize: 4096
        hopSize: 2048
        zeroPadding: 0
        silentFrames: "noise"
        windowType: "blackmanharris62"
        stats: ["mean", "var", "median", "min", "max", "dmean", "dmean2", "dvar", "dvar2"]

lowlevel:
    average_loudness: 0.917188704014
    barkbands_kurtosis:
        dmean: 0.870370805264
        dmean2: 1.31471121311
        dvar: 4.87109136581
        dvar2: 7.43900108337
        max: 97.1684417725
        mean: -0.298588752747
        median: -1.08231914043
        min: -1.92933988571
        var: 23.0767059326
    barkbands_skewness:
        dmean: 0.456695079803
        dmean2: 0.707057416439
        dvar: 0.187918186188
        dvar2: 0.410522729158
        max: 9.54888057709
        mean: -0.315171897411
        median: -0.48095330596
        min: -2.86184477806
        var: 1.02899777889
    barkbands_spread:
        dmean: 7.60788583755
        dmean2: 12.3756837845
        dvar: 53.138885498
        dvar2: 139.116821289
        max: 78.8262557983
        mean: 38.5765571594
        median: 38.5999984741
        min: 1.40629827976
        var: 132.09753418
    dissonance:
        dmean: 0.00825811736286
        dmean2: 0.0140296369791
        dvar: 7.24964993424e-005
        dvar2: 0.000196114473511
        max: 0.500000119209
        mean: 0.485233366489
        median: 0.488378763199
        min: 0.36661195755
        var: 0.000162658485351
    hfc:
        dmean: 2.89399671555
        dmean2: 4.71563816071
        dvar: 10.4599494934
        dvar2: 26.5940093994
        max: 46.4622039795
        mean: 11.9484949112
        median: 11.5969552994
        min: 1.11580086893e-016
        var: 37.2115287781
    pitch:
        dmean: 1089.37365723
        dmean2: 2087.91162109
        dvar: 2179230.5
        dvar2: 4997705.5
        max: 4611.89990234
        mean: 2120.44506836
        median: 3340.82543945
        min: 69.5027618408
        var: 2947125
    pitch_instantaneous_confidence:
        dmean: 0.07441560179
        dmean2: 0.120431415737
        dvar: 0.0036436598748
        dvar2: 0.00874409358948
        max: 0.913841962814
        mean: 0.364518731833
        median: 0.342257380486
        min: 0.0912920832634
        var: 0.015224982053
    pitch_salience:
        dmean: 0.061040122062
        dmean2: 0.0999586060643
        dvar: 0.0030484595336
        dvar2: 0.00776549475268
        max: 0.876573085785
        mean: 0.655495107174
        median: 0.673342704773
        min: 0.0696209073067
        var: 0.0100792953745
    silence_rate_20dB:
        dmean: 0
        dmean2: 0
        dvar: 0
        dvar2: 0
        max: 1
        mean: 1
        median: 1
        min: 1
        var: 0
    silence_rate_30dB:
        dmean: 0
        dmean2: 0
        dvar: 0
        dvar2: 0
        max: 1
        mean: 1
        median: 1
        min: 1
        var: 0
    silence_rate_60dB:
        dmean: 0.0795546546578
        dmean2: 0.159125417471
        dvar: 0.073232665658
        dvar2: 0.15422822535
        max: 1
        mean: 0.164355829358
        median: 0
        min: 0
        var: 0.137340039015
    spectral_centroid:
        dmean: 340.484741211
        dmean2: 546.294311523
        dvar: 111664.507813
        dvar2: 263194.78125
        max: 11766.8056641
        mean: 2155.04199219
        median: 2222.859375
        min: 204.163787842
        var: 565058.375
    spectral_complexity:
        dmean: 4.3471660614
        dmean2: 6.92195558548
        dvar: 16.9138565063
        dvar2: 37.4754333496
        max: 50
        mean: 21.314037323
        median: 23
        min: 0
        var: 93.5883483887
    spectral_crest:
        dmean: 1.68583810329
        dmean2: 2.80212140083
        dvar: 2.59406733513
        dvar2: 6.44705057144
        max: 25.5388412476
        mean: 6.45520210266
        median: 5.66352415085
        min: 2.6656665802
        var: 9.08609867096
    spectral_decrease:
        dmean: 3.33534116992e-010
        dmean2: 5.47001222095e-010
        dvar: 1.65041234241e-019
        dvar2: 4.26094356157e-019
        max: 1.77221702181e-028
        mean: -1.17426335322e-009
        median: -1.11887910048e-009
        min: -4.32049018784e-009
        var: 3.15376593058e-019
    spectral_energy:
        dmean: 0.00145806302316
        dmean2: 0.00238097039983
        dvar: 3.01527893498e-006
        dvar2: 7.75149965193e-006
        max: 0.0187461394817
        mean: 0.00551570765674
        median: 0.0053236503154
        min: 1.03180377035e-020
        var: 6.65876268613e-006
    spectral_energyband_high:
        dmean: 0.000317822035868
        dmean2: 0.000527943659108
        dvar: 1.38699547847e-007
        dvar2: 3.61590650755e-007
        max: 0.00618358887732
        mean: 0.000879108672962
        median: 0.000778498651925
        min: 7.40471808739e-021
        var: 3.20848954516e-007
    spectral_energyband_low:
        dmean: 0.000586455047596
        dmean2: 0.00102496042382
        dvar: 7.32592980057e-007
        dvar2: 1.99006694857e-006
        max: 0.00647888565436
        mean: 0.000698489020579
        median: 0.00040965990047
        min: 8.9308820569e-024
        var: 6.46141870675e-007
    spectral_energyband_middle_high:
        dmean: 0.000667673186399
        dmean2: 0.00107008591294
        dvar: 4.24299400947e-007
        dvar2: 1.0648021771e-006
        max: 0.0112270154059
        mean: 0.00278817606159
        median: 0.00266662612557
        min: 1.1698088793e-021
        var: 2.30103069043e-006
    spectral_energyband_middle_low:
        dmean: 0.000651966023725
        dmean2: 0.00105498393532
        dvar: 1.07240032321e-006
        dvar2: 2.77422964245e-006
        max: 0.010772459209
        mean: 0.00134309043642
        median: 0.00100126094185
        min: 1.49350466103e-022
        var: 1.37127437938e-006
    spectral_flatness_db:
        dmean: 0.0138661945239
        dmean2: 0.021433763206
        dvar: 0.000151471962454
        dvar2: 0.000336827593856
        max: 0.404101788998
        mean: 0.142290011048
        median: 0.134959354997
        min: 0.056808758527
        var: 0.00121693045367
    spectral_flux:
        dmean: 0.00855839904398
        dmean2: 0.0127485394478
        dvar: 8.0694022472e-005
        dvar2: 0.000156783571583
        max: 0.102686546743
        mean: 0.0454196594656
        median: 0.0450293943286
        min: 6.35479793787e-011
        var: 0.000232403006521
    spectral_kurtosis:
        dmean: 0.82598555088
        dmean2: 1.41989815235
        dvar: 0.740392148495
        dvar2: 2.28642129898
        max: 17.996175766
        mean: 2.54351639748
        median: 2.3580224514
        min: -1.26016879082
        var: 1.95569705963
    spectral_rms:
        dmean: 0.000295138859656
        dmean2: 0.000471666658996
        dvar: 1.0199985212e-007
        dvar2: 2.5307772944e-007
        max: 0.00427655410022
        mean: 0.00224005850032
        median: 0.00227899220772
        min: 3.17275567797e-012
        var: 3.63303172435e-007
    spectral_rolloff:
        dmean: 293.752197266
        dmean2: 482.630279541
        dvar: 182225.515625
        dvar2: 377465.03125
        max: 19552.1484375
        mean: 3910.5090332
        median: 3983.64257813
        min: 172.265625
        var: 1170706
    spectral_skewness:
        dmean: 0.142349004745
        dmean2: 0.234607622027
        dvar: 0.0174645166844
        dvar2: 0.0454885140061
        max: 3.10963201523
        mean: 1.01670300961
        median: 1.00950753689
        min: -0.0810913965106
        var: 0.0766539499164
    spectral_spread:
        dmean: 462681.34375
        dmean2: 689876.0625
        dvar: 499073777664
        dvar2: 1.01152771277e+012
        max: 42045724
        mean: 4768408
        median: 4516194
        min: 2136448.75
        var: 5.07442259558e+012
    spectral_strongpeak:
        dmean: 0.604765117168
        dmean2: 1.06329059601
        dvar: 0.703285694122
        dvar2: 1.84466421604
        max: 8.0538482666
        mean: 0.719951689243
        median: 0.287180066109
        min: 7.9395234831e-010
        var: 0.857038497925
    zerocrossingrate:
        dmean: 0.00937084853649
        dmean2: 0.0116880070418
        dvar: 8.15988605609e-005
        dvar2: 0.000105929575511
        max: 0.5185546875
        mean: 0.118814975023
        median: 0.12060546875
        min: 0.0126953125
        var: 0.000995602458715
    barkbands:
        dmean: [5.34678235908e-007, 0.000165544188349, 0.000364813167835, 0.000183126307093, 0.000309747818392, 0.00020122321439, 0.000113590816909, 3.79952507501e-005, 8.97328354768e-005, 5.50283839402e-005, 7.70556507632e-005, 7.2030670708e-005, 8.56416590977e-005, 7.29891471565e-005, 6.64271574351e-005, 0.000163903067005, 0.000146706675878, 0.000158312162966, 0.000282366003376, 0.000261390727246, 0.000175232606125, 5.26388394064e-005, 8.94090590009e-006, 4.1239127313e-006, 2.1498035494e-006, 8.18061849372e-008, 3.95295435274e-010]
        dmean2: [9.0744146064e-007, 0.000294113327982, 0.000648303306662, 0.000297645339742, 0.00051519239787, 0.000323567306623, 0.000184535660082, 6.40295475023e-005, 0.000143075696542, 8.8916371169e-005, 0.000122997080325, 0.000117306153697, 0.000141696713399, 0.000121629665955, 0.000109127133328, 0.000266275717877, 0.000241082845605, 0.000262661022134, 0.000474040483823, 0.000431784515968, 0.000297406921163, 8.75529076438e-005, 1.44901205203e-005, 6.45948512101e-006, 3.31840033141e-006, 1.28795861087e-007, 6.89358126138e-010]
        dvar: [6.67490476954e-013, 7.22548847421e-008, 2.96235043606e-007, 9.29176806608e-008, 4.46569657697e-007, 1.55906917598e-007, 5.27309396148e-008, 5.04578911986e-009, 3.28715685782e-008, 1.57826942626e-008, 2.84234715764e-008, 2.14002149335e-008, 2.47420945954e-008, 1.40780338498e-008, 1.37807392164e-008, 4.27992112861e-008, 2.57450754049e-008, 3.07727461291e-008, 8.23022077157e-008, 8.23009926876e-008, 4.38302230066e-008, 4.78086636946e-009, 1.93494123502e-010, 1.66696698112e-010, 4.51217951891e-011, 3.63549014298e-014, 6.60890632855e-019]
        dvar2: [1.72172291615e-012, 1.97142867364e-007, 8.1681366737e-007, 2.21949818524e-007, 1.17645788578e-006, 3.65259836599e-007, 1.29250423697e-007, 1.29883668265e-008, 7.76903732458e-008, 3.9795313711e-008, 6.58741470261e-008, 5.45969172094e-008, 6.60295995658e-008, 3.80592766192e-008, 3.45879662689e-008, 1.0616767554e-007, 6.66581030373e-008, 7.94661687564e-008, 2.2532924504e-007, 2.17080057041e-007, 1.1771156494e-007, 1.21790932894e-008, 4.54272452988e-010, 3.99322575007e-010, 1.06105298159e-010, 8.62657723575e-014, 1.77333254466e-018]
        max: [5.81591802984e-006, 0.00159513298422, 0.00428074132651, 0.00441874284297, 0.00747661292553, 0.00643903110176, 0.00411786790937, 0.00147315254435, 0.00425571994856, 0.00248724594712, 0.00367913627997, 0.00291564292274, 0.00313683249988, 0.00249833613634, 0.00363341183402, 0.00337563664652, 0.00260098837316, 0.00246840110049, 0.00373244308867, 0.00566878216341, 0.00260908412747, 0.000988559564576, 0.000281831889879, 0.000276987644611, 0.000175167675479, 5.24483493791e-006, 2.65911754838e-008]
        mean: [4.87677425554e-007, 0.000151445303345, 0.000382680766052, 0.000268741190666, 0.000409319851315, 0.000289232993964, 0.000169762424775, 5.01554495713e-005, 0.000139285883051, 8.27660769573e-005, 0.000125557256979, 0.000115789116535, 0.000132523404318, 0.000117757823318, 0.000113957772555, 0.000336203578627, 0.000329061760567, 0.000339959689882, 0.000701494922396, 0.000720285752323, 0.000403867888963, 0.000105641833215, 1.79145936272e-005, 7.98726614448e-006, 3.70417888007e-006, 1.18366344282e-007, 3.54202084329e-010]
        median: [1.61978832125e-007, 7.26096041035e-005, 0.000197303728783, 0.000142247430631, 0.000213750739931, 0.000127794017317, 6.76348790876e-005, 2.7952635719e-005, 5.9912334109e-005, 3.42686398653e-005, 4.19286297983e-005, 5.51692573936e-005, 5.44833164895e-005, 6.85818740749e-005, 6.68845605105e-005, 0.000236083898926, 0.000286213675281, 0.000288575305603, 0.000649767112918, 0.000639722915366, 0.000344774802215, 7.69367106841e-005, 1.07277610368e-005, 3.89326578443e-006, 1.70670307398e-006, 5.18237932567e-008, 1.39282266276e-010]
        min: [4.30697888994e-025, 3.85887601767e-024, 1.63442907661e-024, 2.34994445588e-024, 1.77872940666e-023, 1.6331451266e-023, 9.66630789099e-024, 1.16116002291e-023, 2.41096545014e-023, 1.3605951038e-023, 1.5949205559e-023, 2.54635244082e-023, 3.46337358197e-023, 6.37642959231e-023, 7.02042029436e-023, 7.46910796894e-023, 6.97399866999e-023, 9.74810124949e-023, 1.27323576363e-022, 2.10298982978e-022, 2.17498796554e-022, 3.44775508268e-022, 4.62873135464e-022, 6.57963056894e-022, 9.56582174758e-022, 1.40418664866e-021, 2.03175430165e-021]
        var: [6.0794565996e-013, 5.30966275392e-008, 2.49441995948e-007, 1.55572550398e-007, 4.35606494875e-007, 2.59085908283e-007, 1.03346394553e-007, 5.92827165136e-009, 6.05337291404e-008, 2.86400805294e-008, 6.24573175401e-008, 3.58615324103e-008, 4.29882867081e-008, 2.42311344323e-008, 2.48501645927e-008, 1.13653833012e-007, 5.97188716256e-008, 6.19178663896e-008, 1.86566850857e-007, 2.30973512316e-007, 8.06397579822e-008, 8.74723937727e-009, 4.5907805335e-010, 2.99530095171e-010, 7.51084403006e-011, 5.02789406246e-014, 5.68008124534e-019]
    frequency_bands:
        dmean: [5.34678235908e-007, 0.000165544188349, 0.000364813167835, 0.000183126307093, 0.000309747818392, 0.00020122321439, 0.000113590816909, 3.79952507501e-005, 8.97328354768e-005, 5.50283839402e-005, 7.70556507632e-005, 7.2030670708e-005, 8.56416590977e-005, 7.29891471565e-005, 6.64271574351e-005, 0.000163903067005, 0.000146706675878, 0.000158312162966, 0.000282366003376, 0.000261390727246, 0.000175232606125, 5.26388394064e-005, 8.94090590009e-006, 4.1239127313e-006, 2.1498035494e-006, 8.18061849372e-008, 3.95295435274e-010, 6.56440665714e-011]
        dmean2: [9.0744146064e-007, 0.000294113327982, 0.000648303306662, 0.000297645339742, 0.00051519239787, 0.000323567306623, 0.000184535660082, 6.40295475023e-005, 0.000143075696542, 8.8916371169e-005, 0.000122997080325, 0.000117306153697, 0.000141696713399, 0.000121629665955, 0.000109127133328, 0.000266275717877, 0.000241082845605, 0.000262661022134, 0.000474040483823, 0.000431784515968, 0.000297406921163, 8.75529076438e-005, 1.44901205203e-005, 6.45948512101e-006, 3.31840033141e-006, 1.28795861087e-007, 6.89358126138e-010, 1.21968324329e-010]
        dvar: [6.67490476954e-013, 7.22548847421e-008, 2.96235043606e-007, 9.29176806608e-008, 4.46569657697e-007, 1.55906917598e-007, 5.27309396148e-008, 5.04578911986e-009, 3.28715685782e-008, 1.57826942626e-008, 2.84234715764e-008, 2.14002149335e-008, 2.47420945954e-008, 1.40780338498e-008, 1.37807392164e-008, 4.27992112861e-008, 2.57450754049e-008, 3.07727461291e-008, 8.23022077157e-008, 8.23009926876e-008, 4.38302230066e-008, 4.78086636946e-009, 1.93494123502e-010, 1.66696698112e-010, 4.51217951891e-011, 3.63549014298e-014, 6.60890632855e-019, 7.82223750158e-021]
        dvar2: [1.72172291615e-012, 1.97142867364e-007, 8.1681366737e-007, 2.21949818524e-007, 1.17645788578e-006, 3.65259836599e-007, 1.29250423697e-007, 1.29883668265e-008, 7.76903732458e-008, 3.9795313711e-008, 6.58741470261e-008, 5.45969172094e-008, 6.60295995658e-008, 3.80592766192e-008, 3.45879662689e-008, 1.0616767554e-007, 6.66581030373e-008, 7.94661687564e-008, 2.2532924504e-007, 2.17080057041e-007, 1.1771156494e-007, 1.21790932894e-008, 4.54272452988e-010, 3.99322575007e-010, 1.06105298159e-010, 8.62657723575e-014, 1.77333254466e-018, 2.48458414979e-020]
        max: [5.81591802984e-006, 0.00159513298422, 0.00428074132651, 0.00441874284297, 0.00747661292553, 0.00643903110176, 0.00411786790937, 0.00147315254435, 0.00425571994856, 0.00248724594712, 0.00367913627997, 0.00291564292274, 0.00313683249988, 0.00249833613634, 0.00363341183402, 0.00337563664652, 0.00260098837316, 0.00246840110049, 0.00373244308867, 0.00566878216341, 0.00260908412747, 0.000988559564576, 0.000281831889879, 0.000276987644611, 0.000175167675479, 5.24483493791e-006, 2.65911754838e-008, 1.26890276064e-009]
        mean: [4.87677425554e-007, 0.000151445303345, 0.000382680766052, 0.000268741190666, 0.000409319851315, 0.000289232993964, 0.000169762424775, 5.01554495713e-005, 0.000139285883051, 8.27660769573e-005, 0.000125557256979, 0.000115789116535, 0.000132523404318, 0.000117757823318, 0.000113957772555, 0.000336203578627, 0.000329061760567, 0.000339959689882, 0.000701494922396, 0.000720285752323, 0.000403867888963, 0.000105641833215, 1.79145936272e-005, 7.98726614448e-006, 3.70417888007e-006, 1.18366344282e-007, 3.54202084329e-010, 5.12492930038e-011]
        median: [1.61978832125e-007, 7.26096041035e-005, 0.000197303728783, 0.000142247430631, 0.000213750739931, 0.000127794017317, 6.76348790876e-005, 2.7952635719e-005, 5.9912334109e-005, 3.42686398653e-005, 4.19286297983e-005, 5.51692573936e-005, 5.44833164895e-005, 6.85818740749e-005, 6.68845605105e-005, 0.000236083898926, 0.000286213675281, 0.000288575305603, 0.000649767112918, 0.000639722915366, 0.000344774802215, 7.69367106841e-005, 1.07277610368e-005, 3.89326578443e-006, 1.70670307398e-006, 5.18237932567e-008, 1.39282266276e-010, 2.11656924626e-011]
        min: [4.30697888994e-025, 3.85887601767e-024, 1.63442907661e-024, 2.34994445588e-024, 1.77872940666e-023, 1.6331451266e-023, 9.66630789099e-024, 1.16116002291e-023, 2.41096545014e-023, 1.3605951038e-023, 1.5949205559e-023, 2.54635244082e-023, 3.46337358197e-023, 6.37642959231e-023, 7.02042029436e-023, 7.46910796894e-023, 6.97399866999e-023, 9.74810124949e-023, 1.27323576363e-022, 2.10298982978e-022, 2.17498796554e-022, 3.44775508268e-022, 4.62873135464e-022, 6.57963056894e-022, 9.56582174758e-022, 1.40418664866e-021, 2.03175430165e-021, 4.85201155499e-022]
        var: [6.0794565996e-013, 5.30966275392e-008, 2.49441995948e-007, 1.55572550398e-007, 4.35606494875e-007, 2.59085908283e-007, 1.03346394553e-007, 5.92827165136e-009, 6.05337291404e-008, 2.86400805294e-008, 6.24573175401e-008, 3.58615324103e-008, 4.29882867081e-008, 2.42311344323e-008, 2.48501645927e-008, 1.13653833012e-007, 5.97188716256e-008, 6.19178663896e-008, 1.86566850857e-007, 2.30973512316e-007, 8.06397579822e-008, 8.74723937727e-009, 4.5907805335e-010, 2.99530095171e-010, 7.51084403006e-011, 5.02789406246e-014, 5.68008124534e-019, 6.28107481239e-021]
    mfcc:
        mean: [-688.270446777, 84.0617752075, -47.1066131592, 66.8137359619, -12.8883399963, 3.49385690689, 3.53343963623, -6.02497720718, -0.729183912277, -6.88150310516, -6.76739549637, -2.9864590168, -1.85839104652]
        cov: [[5306.10839844, 179.916366577, -396.3097229, 285.086853027, -42.2062225342, 205.271957397, 108.725204468, 105.547775269, 109.515792847, 83.6709289551, 1.6181242466, 28.6955280304, 26.2717952728], [179.916366577, 543.186706543, -182.964294434, 246.06741333, -43.187538147, 7.9326210022, 58.9497642517, -15.2998085022, 42.2372550964, -36.531627655, -10.9765043259, -7.23826313019, -7.00381755829], [-396.3097229, -182.964294434, 430.531677246, -33.6519813538, 140.053161621, 1.64639878273, -44.4739189148, 33.0975227356, -10.129732132, 6.89255857468, -8.30038356781, 4.31402778625, 2.95500564575], [285.086853027, 246.06741333, -33.6519813538, 403.430908203, 81.2585983276, 52.5572624207, 11.9859209061, -3.30142426491, 53.6327667236, -21.8969993591, -2.5955657959, -5.25011014938, -3.11827468872], [-42.2062225342, -43.187538147, 140.053161621, 81.2585983276, 173.20199585, 36.8002510071, -6.45780229568, 7.77898931503, 25.7561416626, 15.9260196686, -3.31697392464, 4.64308643341, -0.208908259869], [205.271957397, 7.9326210022, 1.64639878273, 52.5572624207, 36.8002510071, 112.757606506, 50.6851844788, 35.7648391724, 13.3547744751, 14.0404844284, 10.4405984879, -0.185805425048, -0.713957846165], [108.725204468, 58.9497642517, -44.4739189148, 11.9859209061, -6.45780229568, 50.6851844788, 121.291343689, 48.7865371704, 15.7018918991, -3.31743860245, 7.82575893402, 2.03735637665, -5.3187918663], [105.547775269, -15.2998085022, 33.0975227356, -3.30142426491, 7.77898931503, 35.7648391724, 48.7865371704, 86.6756820679, 31.2456626892, 11.410820961, 2.77627229691, 6.20502471924, 4.58278799057], [109.515792847, 42.2372550964, -10.129732132, 53.6327667236, 25.7561416626, 13.3547744751, 15.7018918991, 31.2456626892, 84.5694198608, 28.185798645, 3.1248896122, 1.98652029037, 0.481939673424], [83.6709289551, -36.531627655, 6.89255857468, -21.8969993591, 15.9260196686, 14.0404844284, -3.31743860245, 11.410820961, 28.185798645, 68.2940597534, 22.7679252625, 5.55084180832, -3.70003080368], [1.6181242466, -10.9765043259, -8.30038356781, -2.5955657959, -3.31697392464, 10.4405984879, 7.82575893402, 2.77627229691, 3.1248896122, 22.7679252625, 53.652130127, 17.3883781433, 2.86109733582], [28.6955280304, -7.23826313019, 4.31402778625, -5.25011014938, 4.64308643341, -0.185805425048, 2.03735637665, 6.20502471924, 1.98652029037, 5.55084180832, 17.3883781433, 55.8219451904, 24.4786643982], [26.2717952728, -7.00381755829, 2.95500564575, -3.11827468872, -0.208908259869, -0.713957846165, -5.3187918663, 4.58278799057, 0.481939673424, -3.70003080368, 2.86109733582, 24.4786643982, 50.8808517456]]
        icov: [[0.000237721818849, 6.36769837001e-005, 0.000245536590228, -0.000189441736438, 8.52784287417e-005, -0.000320530700264, 6.98628136888e-005, -0.000250450655585, 2.59283260675e-005, -0.000357343902579, 0.000311619689455, -0.000160739640705, -8.05594681879e-005], [6.36769837001e-005, 0.00352813326754, 0.000654871284496, -0.00225102785043, 0.0012879796559, 0.000727990758605, -0.0019070643466, 0.001195924473, -0.00112532579806, 0.000505866948515, 0.000818333413918, -0.000335754768457, 0.000148178703967], [0.000245536590228, 0.000654871284496, 0.00455346051604, 0.000200626149308, -0.00372431776486, 0.000584589201026, 0.00189334398601, -0.003546156222, 0.00164181529544, 0.00037577340845, 0.000126243568957, 3.57339595212e-005, 0.000208922137972], [-0.000189441736438, -0.00225102785043, 0.000200626149308, 0.00524257868528, -0.00276483455673, -0.00196022843011, 0.00183788733557, 0.00037735371734, -0.00229325005785, 0.00324234180152, -0.00168312422466, 0.000546802126337, 0.000305961788399], [8.52784287417e-005, 0.0012879796559, -0.00372431776486, -0.00276483455673, 0.0115625075996, -0.0028983161319, -0.00123546004761, 0.00368065130897, -0.00298234354705, -0.00212777056731, 0.00245245569386, -0.00176761252806, 0.000312263320666], [-0.000320530700264, 0.000727990758605, 0.000584589201026, -0.00196022843011, -0.0028983161319, 0.0147697078064, -0.00501052290201, -0.00358832231723, 0.00316099612974, -0.00292525463738, -0.00151846837252, 0.00199650065042, -0.00101139093749], [6.98628136888e-005, -0.0019070643466, 0.00189334398601, 0.00183788733557, -0.00123546004761, -0.00501052290201, 0.0152393458411, -0.00800590310246, 9.15627097129e-005, 0.00364903057925, -0.00241867196746, -0.000604717235547, 0.00263425288722], [-0.000250450655585, 0.001195924473, -0.003546156222, 0.00037735371734, 0.00368065130897, -0.00358832231723, -0.00800590310246, 0.0221750568599, -0.0082447482273, 8.41135770315e-005, 0.00165196391754, -0.00138684106059, -0.00168787653092], [2.59283260675e-005, -0.00112532579806, 0.00164181529544, -0.00229325005785, -0.00298234354705, 0.00316099612974, 9.15627097129e-005, -0.0082447482273, 0.020479477942, -0.00937957409769, 0.00216885935515, 0.000594603305217, -0.000903986394405], [-0.000357343902579, 0.000505866948515, 0.00037577340845, 0.00324234180152, -0.00212777056731, -0.00292525463738, 0.00364903057925, 8.41135770315e-005, -0.00937957409769, 0.0249923504889, -0.0100436834618, 0.000142404620419, 0.00315765244886], [0.000311619689455, 0.000818333413918, 0.000126243568957, -0.00168312422466, 0.00245245569386, -0.00151846837252, -0.00241867196746, 0.00165196391754, 0.00216885935515, -0.0100436834618, 0.0262087788433, -0.00829211063683, 0.00119304365944], [-0.000160739640705, -0.000335754768457, 3.57339595212e-005, 0.000546802126337, -0.00176761252806, 0.00199650065042, -0.000604717235547, -0.00138684106059, 0.000594603305217, 0.000142404620419, -0.00829211063683, 0.0261165443808, -0.0119429416955], [-8.05594681879e-005, 0.000148178703967, 0.000208922137972, 0.000305961788399, 0.000312263320666, -0.00101139093749, 0.00263425288722, -0.00168787653092, -0.000903986394405, 0.00315765244886, 0.00119304365944, -0.0119429416955, 0.0260536763817]]
    sccoeffs:
        dmean: [0.0571082793176, 0.0497205816209, 0.0376470945776, 0.0296855047345, 0.0187514554709, 0.0197195392102]
        dmean2: [0.0973551571369, 0.0816301777959, 0.0611287616193, 0.0490292049944, 0.0310370046645, 0.0313146598637]
        dvar: [0.00210214871913, 0.00156831904314, 0.000914694508538, 0.00054020609241, 0.000213268969674, 0.000352108996594]
        dvar2: [0.00603301823139, 0.00413040397689, 0.00237291678786, 0.0014712420525, 0.000557290855795, 0.000778107205406]
        max: [-0.34495845437, -0.441359162331, -0.523823738098, -0.605440855026, -0.623200416565, -0.50499767065]
        mean: [-0.663879513741, -0.753645837307, -0.78986030817, -0.790580153465, -0.800786793232, -0.715514302254]
        median: [-0.667803645134, -0.760058581829, -0.797332763672, -0.792033731937, -0.801645219326, -0.714949190617]
        min: [-0.970266342163, -0.975972771645, -0.972942233086, -0.971267282963, -0.964473128319, -0.963159620762]
        var: [0.00475908862427, 0.00458322605118, 0.00359590025619, 0.00183099193964, 0.000820553803351, 0.00201569288038]
    scvalleys:
        dmean: [0.433166205883, 0.374782472849, 0.305570870638, 0.272975355387, 0.208618462086, 0.287110894918]
        dmean2: [0.702165424824, 0.615471541882, 0.483707159758, 0.431938409805, 0.318191051483, 0.407304525375]
        dvar: [0.139181807637, 0.127482518554, 0.0771711543202, 0.0671022459865, 0.0602181367576, 0.149796307087]
        dvar2: [0.321641117334, 0.302846282721, 0.156198948622, 0.129683211446, 0.102895163, 0.29935207963]
        max: [-4.94349718094, -4.65260696411, -5.32954454422, -5.62199497223, -5.55363607407, -7.30652236938]
        mean: [-6.78627157211, -6.80686044693, -7.14813089371, -7.10778093338, -6.59782791138, -9.47898578644]
        median: [-6.5476808548, -6.64404010773, -6.95907974243, -6.88303661346, -6.31766700745, -9.18215370178]
        min: [-27.8669605255, -27.8695793152, -27.8622894287, -27.6200790405, -27.4504375458, -27.4347934723]
        var: [2.5648047924, 2.10881829262, 2.17134952545, 2.16446614265, 2.30265331268, 2.4230260849]

rhythm:
    beats_loudness:
        dmean: 0.00215300777927
        dmean2: 0.00399690680206
        dvar: 3.04301534015e-006
        dvar2: 9.25191579881e-006
        max: 0.0131739340723
        mean: 0.0064291274175
        median: 0.0064625875093
        min: 1.29395548279e-034
        var: 5.61656361242e-006
    bpm: 156.538345337
    bpm_confidence: 0
    first_peak_bpm: 157
    first_peak_spread: 0.279857426882
    first_peak_weight: 0.671096324921
    onset_rate: 3.37391114235
    second_peak_bpm: 162
    second_peak_spread: 0
    second_peak_weight: 0.0348837226629
    beats_loudness_band_ratio:
        dmean: [0.0826738327742, 0.0925597772002, 0.0439649708569, 0.0447975620627, 0.0667036026716, 0.085570961237]
        dmean2: [0.146029919386, 0.158231273293, 0.0783878341317, 0.0766228958964, 0.113654747605, 0.150176301599]
        dvar: [0.00818270724267, 0.0069739469327, 0.00282723014243, 0.00221584620886, 0.00338136428036, 0.00476459693164]
        dvar2: [0.0231870189309, 0.0168094187975, 0.00828708522022, 0.00559906195849, 0.00972003210336, 0.0142291178927]
        max: [0.706246078014, 0.979227364063, 0.450978577137, 0.512546658516, 0.539543151855, 0.638034701347]
        mean: [0.169564977288, 0.1602396667, 0.0655086934566, 0.0808233991265, 0.230987727642, 0.336598932743]
        median: [0.14554348588, 0.127867802978, 0.0503656417131, 0.0576658286154, 0.220586925745, 0.33491936326]
        min: [0, 0, 0, 0, 0, 0]
        var: [0.01186573226, 0.0183226633817, 0.0027141654864, 0.00437528314069, 0.00640282407403, 0.00920352060348]
    beats_position: [0.394739210606, 0.812698423862, 1.23065757751, 1.66022670269, 2.06657600403, 2.46131515503, 2.83283448219, 3.21596360207, 3.59909296036, 3.98222208023, 4.3653512001, 4.73687076569, 5.11999988556, 5.50312900543, 5.87464857101, 6.24616765976, 6.62929677963, 7.01242637634, 7.38394546509, 7.76707458496, 8.15020370483, 8.53333282471, 8.91646194458, 9.287981987, 9.67111110687, 10.0542402267, 10.4257593155, 10.8088884354, 11.1920175552, 11.5635375977, 11.9466667175, 12.3297958374, 12.7129249573, 13.0960540771, 13.4675731659, 13.8507022858, 14.2338323593, 14.6169614792, 15.0000905991, 15.3716096878, 15.7547388077, 16.1378688812, 16.50938797, 16.8809070587, 17.2640361786, 17.6471652985, 18.0302944183, 18.4134235382, 18.784942627, 19.1680717468, 19.5512008667, 19.9227199554, 20.3058490753, 20.6889801025, 21.0721092224, 21.4552383423, 21.826757431, 22.2098865509, 22.5814056396, 22.9645347595, 23.3476638794, 23.7307929993, 24.102312088, 24.4854412079, 24.8685703278, 25.2516994476, 25.6348285675, 26.0179595947, 26.4010887146, 26.7842178345, 27.1673469543, 27.5388660431, 27.9103851318, 28.2819042206, 28.6650333405, 29.0481624603, 29.4196815491, 29.8028106689, 30.1859397888, 30.5690689087, 30.9521980286, 31.3237190247, 31.7068481445, 32.0899772644, 32.4614944458, 32.8446235657, 33.2277526855, 33.6108856201, 33.99401474, 34.3655319214, 34.7370529175, 35.1201820374, 35.5033111572, 35.8748283386, 36.2579574585, 36.6410865784, 37.0126075745, 37.3957366943, 37.7788658142, 38.1619949341, 38.545124054, 38.91664505, 39.2997741699, 39.6829032898, 40.0544204712, 40.4375495911, 40.8206787109, 41.2038078308, 41.5869369507, 41.9584579468, 42.3415870667, 42.7247161865, 43.0962333679, 43.4793624878, 43.8624954224, 44.2340126038, 44.6171417236, 45.0002708435, 45.3717918396, 45.7549209595, 46.1380500793, 46.5095672607, 46.8926963806, 47.2758255005, 47.6473464966, 48.0304756165, 48.4136047363, 48.7851219177, 49.1682548523, 49.5513839722, 49.934513092, 50.3176422119, 50.6891593933, 51.0722885132, 51.4554176331, 51.8269386292, 52.210067749, 52.5931968689, 52.9647140503, 53.3478431702, 53.7193641663, 54.1024932861, 54.485622406, 54.8687515259, 55.240272522, 55.6234016418, 56.0065307617, 56.3780479431, 56.761177063, 57.1443061829, 57.5274353027, 57.9105644226, 58.2820854187, 58.6536026001, 59.03673172, 59.4198646545, 59.8029937744, 60.1861228943, 60.5576400757, 60.952381134, 61.3238983154, 61.6954193115, 62.0785484314, 62.4616775513, 62.8448066711, 63.227935791, 63.5994529724, 63.9825820923, 64.3657150269, 64.7372360229, 65.1203613281, 65.5034942627, 65.8750076294, 66.258140564, 66.6412658691, 67.0243988037, 67.4075241089, 67.779045105, 68.1505661011, 68.5336914063, 68.9168243408, 69.299949646, 69.6830825806, 70.0546035767, 70.4377288818, 70.8208618164, 71.1923828125, 71.5755081177, 71.9586410522, 72.3301544189, 72.701675415, 73.0848083496, 73.4679336548, 73.8510665894, 74.2341918945, 74.6057128906, 74.9888458252, 75.3719711304, 75.7434921265, 76.1266174316, 76.5097503662, 76.8928756714, 77.276008606, 77.6475296021, 78.0306549072, 78.4137878418, 78.7853012085, 79.1684341431, 79.5515594482, 79.9230804443, 80.2946014404, 80.677734375, 81.0608596802, 81.4439926147, 81.8271179199, 82.198638916, 82.5817642212, 82.9648971558, 83.3364181519, 83.719543457, 84.1026763916, 84.4858016968, 84.8689346313, 85.2404556274, 85.6235809326, 86.0067138672, 86.3898391724, 86.7729721069, 87.1444854736, 87.5276184082, 87.9107437134, 88.2938766479, 88.6770019531, 89.0601348877, 89.4432601929, 89.814781189, 90.1979141235, 90.5810394287, 90.9525604248, 91.3240814209, 91.7072067261, 92.0903396606, 92.4618606567, 92.8449859619, 93.2281188965, 93.5996322632, 93.9827651978, 94.3658905029, 94.737411499, 95.1205444336, 95.5036697388, 95.8868026733, 96.2699279785, 96.6414489746, 97.0245819092, 97.4077072144, 97.7792282104, 98.1623535156, 98.5454864502, 98.9170074463, 99.3001327515, 99.683265686, 100.054779053, 100.437911987, 100.821044922, 101.192558289, 101.575691223, 101.958816528, 102.341949463, 102.725074768, 103.108207703, 103.491333008, 103.862854004, 104.234375, 104.617500305, 105.00063324, 105.383758545, 105.755279541, 106.138412476, 106.521537781, 106.904670715, 107.276191711, 107.659317017, 108.042449951, 108.413963318, 108.785484314, 109.180221558, 109.551742554, 109.92326355, 110.306388855, 110.68952179, 111.072654724, 111.455780029, 111.827301025, 112.210426331, 112.593559265, 112.965080261, 113.348205566, 113.731338501, 114.114463806, 114.497596741, 114.869110107, 115.240631104, 115.623764038, 115.995285034, 116.378410339, 116.761543274, 117.144668579, 117.527801514, 117.910926819, 118.294059753, 118.677185059, 119.048706055, 119.420227051, 119.803352356, 120.186485291, 120.557998657, 120.941131592, 121.312652588, 121.695777893, 122.078910828, 122.462036133, 122.833557129, 123.216690063, 123.599815369, 123.982948303, 124.366073608, 124.737594604, 125.12071991, 125.503852844, 125.886978149, 126.270111084, 126.64163208, 127.013153076, 127.396278381, 127.779411316, 128.150924683, 128.534057617, 128.917190552, 129.300308228, 129.683441162, 130.066574097, 130.438095093, 130.821228027, 131.204345703, 131.587478638, 131.958999634, 132.342132568, 132.725265503, 133.09677124, 133.468292236, 133.851425171, 134.234558105, 134.606079102, 134.989196777, 135.372329712, 135.755462646, 136.138595581, 136.510116577, 136.893234253, 137.276367188, 137.647888184, 138.031021118, 138.414154053, 138.797271729, 139.180404663, 139.551925659, 139.923446655, 140.30657959, 140.689697266, 141.0728302, 141.455963135, 141.839096069, 142.222213745, 142.593734741, 142.965255737, 143.348388672, 143.731521606, 144.103042603, 144.486160278, 144.857681274, 145.240814209, 145.623947144, 146.007064819, 146.378585815, 146.76171875, 147.144851685, 147.516372681, 147.899505615, 148.282623291, 148.654144287, 149.037277222, 149.420410156, 149.803527832, 150.186660767, 150.558181763, 150.941314697, 151.324447632, 151.695953369, 152.067474365, 152.4506073, 152.833740234, 153.216873169, 153.599990845, 153.983123779, 154.366256714, 154.73777771, 155.120910645, 155.492416382, 155.875549316, 156.247070313, 156.630203247, 157.013336182, 157.384857178, 157.767974854, 158.151107788, 158.534240723, 158.917373657, 159.300491333, 159.683624268, 160.055145264, 160.42666626, 160.809799194, 161.19291687, 161.576049805, 161.959182739, 162.330703735, 162.71383667, 163.085342407, 163.468475342, 163.839996338, 164.223129272, 164.606262207, 164.989379883, 165.372512817, 165.755645752, 166.127166748, 166.510284424, 166.893417358, 167.276550293, 167.659683228, 168.042816162, 168.425933838, 168.809066772, 169.180587769, 169.563720703, 169.935241699, 170.318359375, 170.70149231, 171.084625244, 171.467758179, 171.850875854, 172.222396851, 172.593917847, 172.977050781, 173.360183716, 173.731704712, 174.103210449, 174.486343384, 174.869476318, 175.252609253, 175.635726929, 176.007247925, 176.401992798, 176.773513794, 177.14503479, 177.528152466, 177.9112854, 178.282806396, 178.654327393, 179.037460327, 179.420593262, 179.803710938, 180.186843872, 180.558364868, 180.929885864, 181.313018799, 181.696136475, 182.079269409, 182.462402344, 182.83392334, 183.217056274, 183.60017395, 183.983306885, 184.366439819, 184.737960815, 185.109481812, 185.480987549, 185.864120483, 186.247253418, 186.630386353, 187.013504028, 187.396636963, 187.779769897, 188.151290894, 188.52281189, 188.905944824, 189.2890625, 189.672195435, 190.055328369, 190.438461304, 190.821578979, 191.193099976, 191.57623291, 191.959365845, 192.330886841, 192.714004517, 193.097137451, 193.468658447, 193.86340332, 194.234924316, 194.606430054, 194.989562988, 195.372695923, 195.744216919, 196.127349854, 196.510467529, 196.893600464, 197.276733398, 197.659866333, 198.03137207, 198.414505005, 198.786026001, 199.169158936, 199.540679932, 199.923812866, 200.306930542, 200.690063477, 201.073196411, 201.456329346, 201.827835083, 202.199356079, 202.570877075, 202.965621948, 203.348754883, 203.731872559, 204.115005493, 204.498138428, 204.869659424, 205.24118042, 205.624298096, 206.00743103, 206.378952026, 206.762084961, 207.145217896, 207.516723633, 207.888244629, 208.271377563, 208.654510498, 209.037643433, 209.420761108, 209.792282104, 210.175415039, 210.558547974, 210.941680908, 211.324798584, 211.69631958, 212.079452515, 212.450973511, 212.834106445, 213.217224121, 213.600357056, 213.98348999, 214.366622925, 214.738143921, 215.121261597, 215.504394531, 215.875915527, 216.259048462, 216.642166138, 217.013687134, 217.396820068, 217.768341064, 218.151473999, 218.534591675, 218.917724609, 219.289245605, 219.67237854, 220.055511475, 220.427032471, 220.810150146, 221.193283081, 221.576416016, 221.95954895, 222.342666626, 222.725799561, 223.085708618, 223.445617676, 223.805526733, 224.165435791, 224.51373291, 224.862030029, 225.221939087, 225.581848145, 225.953369141, 226.313278198, 226.684799194, 227.044708252, 227.416229248, 227.787750244, 228.15927124, 228.542404175, 228.925521851]
