
metadata:
    version:
        essentia: "2.1-beta2"
    audio_properties:
        analysis_sample_rate: 44100
        bitrate: 256
        channels: 2
        equal_loudness: 1
        length: 286.066925049
        replay_gain: -15.2097454071
        downmix: "mix"
    tags:
        album: "Indestructible"
        artist: "Disturbed"
        comment: ""
        date: "2008"
        genre: "Rock"
        title: "The Night"
        tracknumber: "4"

configuration:
    average_loudness:
        compute: 1
        frameSize: 88200
        hopSize: 44100
        silentFrames: "noise"
        windowType: "hann"
    general:
        analysisSampleRate: 44100
        endTime: 2000
        equalLoudness: 1
        nequalLoudness: 0
        shortSound: 0
        startTime: 0
    lowlevel:
        compute: 1
        frameSize: 2048
        hopSize: 1024
        zeroPadding: 0
        silentFrames: "noise"
        windowType: "blackmanharris62"
        mfccStats: ["mean", "cov", "icov"]
        stats: ["mean", "var", "median", "min", "max", "dmean", "dmean2", "dvar", "dvar2"]
    panning:
        compute: 0
        frameSize: 8192
        hopSize: 2048
        zeroPadding: 8192
        silentFrames: "noise"
        windowType: "hann"
        stats: ["copy"]
    rhythm:
        compute: 1
        maxTempo: 208
        minTempo: 40
        method: "degara"
        stats: ["mean", "var", "median", "min", "max", "dmean", "dmean2", "dvar", "dvar2"]
    segmentation:
        compute: 0
        cpw: 5
        inc1: 300
        inc2: 50
        minimumSegmentsLength: 10
        size1: 1000
        size2: 600
    sfx:
        compute: 1
        stats: ["mean", "var", "median", "min", "max", "dmean", "dmean2", "dvar", "dvar2"]
    svm:
        compute: 0
    tonal:
        compute: 1
        frameSize: 4096
        hopSize: 2048
        zeroPadding: 0
        silentFrames: "noise"
        windowType: "blackmanharris62"
        stats: ["mean", "var", "median", "min", "max", "dmean", "dmean2", "dvar", "dvar2"]

lowlevel:
    average_loudness: 0.937577605247
    barkbands_kurtosis:
        dmean: 0.904883623123
        dmean2: 1.43348240852
        dvar: 2.94388723373
        dvar2: 6.24812555313
        max: 40.1291999817
        mean: -0.427787601948
        median: -1.07891452312
        min: -1.89660346508
        var: 4.70928621292
    barkbands_skewness:
        dmean: 0.472829461098
        dmean2: 0.726133882999
        dvar: 0.215145155787
        dvar2: 0.478205829859
        max: 6.05034589767
        mean: -0.34074434638
        median: -0.416941165924
        min: -4.32684516907
        var: 0.858027637005
    barkbands_spread:
        dmean: 7.67566728592
        dmean2: 12.1370620728
        dvar: 55.1021003723
        dvar2: 133.644180298
        max: 75.7852706909
        mean: 37.5663108826
        median: 37.5116043091
        min: 4.26768827438
        var: 129.941268921
    dissonance:
        dmean: 0.0101474365219
        dmean2: 0.0169825442135
        dvar: 0.000110791770567
        dvar2: 0.000302223692415
        max: 0.500000059605
        mean: 0.482583045959
        median: 0.486025780439
        min: 0.325807094574
        var: 0.000193896907149
    hfc:
        dmean: 3.25216770172
        dmean2: 5.2825088501
        dvar: 15.1956586838
        dvar2: 39.2598190308
        max: 40.0040054321
        mean: 11.5498008728
        median: 11.1261205673
        min: 1.05101164967e-016
        var: 36.7419242859
    pitch:
        dmean: 1048.31311035
        dmean2: 2020.51940918
        dvar: 2241370
        dvar2: 5155779
        max: 4818.78710938
        mean: 1904.43359375
        median: 700.776000977
        min: 63.897228241
        var: 3012749.5
    pitch_instantaneous_confidence:
        dmean: 0.0870793536305
        dmean2: 0.138719156384
        dvar: 0.00633298279718
        dvar2: 0.0139143867418
        max: 0.962677657604
        mean: 0.410304069519
        median: 0.378925144672
        min: 0.100281119347
        var: 0.0232683327049
    pitch_salience:
        dmean: 0.0661090835929
        dmean2: 0.108132585883
        dvar: 0.00359295378439
        dvar2: 0.009182382375
        max: 0.943258881569
        mean: 0.645081579685
        median: 0.66060513258
        min: 0.179615736008
        var: 0.00892795436084
    silence_rate_20dB:
        dmean: 0
        dmean2: 0
        dvar: 0
        dvar2: 0
        max: 1
        mean: 1
        median: 1
        min: 1
        var: 0
    silence_rate_30dB:
        dmean: 0
        dmean2: 0
        dvar: 0
        dvar2: 0
        max: 1
        mean: 1
        median: 1
        min: 1
        var: 0
    silence_rate_60dB:
        dmean: 0.0803571417928
        dmean2: 0.160727337003
        dvar: 0.0739096552134
        dvar2: 0.154886171222
        max: 1
        mean: 0.152747347951
        median: 0
        min: 0
        var: 0.1294080019
    spectral_centroid:
        dmean: 345.604980469
        dmean2: 541.316955566
        dvar: 114509.46875
        dvar2: 264790.125
        max: 11802.2617188
        mean: 2191.1237793
        median: 2209.87426758
        min: 190.312988281
        var: 947643.625
    spectral_complexity:
        dmean: 4.73327922821
        dmean2: 7.39719152451
        dvar: 22.8894996643
        dvar2: 50.3620872498
        max: 53
        mean: 19.0749130249
        median: 19
        min: 0
        var: 83.8719863892
    spectral_crest:
        dmean: 1.96827805042
        dmean2: 3.26029586792
        dvar: 3.43711638451
        dvar2: 8.49700737
        max: 23.3035049438
        mean: 6.78378868103
        median: 6.14772748947
        min: 2.45239043236
        var: 6.92518663406
    spectral_decrease:
        dmean: 3.52278928251e-010
        dmean2: 5.79199965767e-010
        dvar: 2.09989492019e-019
        dvar2: 5.4057803994e-019
        max: 1.58533091891e-028
        mean: -1.15380549559e-009
        median: -1.07192887899e-009
        min: -4.89230034262e-009
        var: 3.26940578022e-019
    spectral_energy:
        dmean: 0.00156501564197
        dmean2: 0.00256610009819
        dvar: 3.95007964471e-006
        dvar2: 1.01420655483e-005
        max: 0.0207708720118
        mean: 0.00540232798085
        median: 0.00506916223094
        min: 9.97339015477e-021
        var: 6.73419572195e-006
    spectral_energyband_high:
        dmean: 0.000346120097674
        dmean2: 0.000568293617107
        dvar: 1.86695075399e-007
        dvar2: 4.90908973916e-007
        max: 0.00576199218631
        mean: 0.00088871223852
        median: 0.000783356314059
        min: 7.18202313347e-021
        var: 3.43149395121e-007
    spectral_energyband_low:
        dmean: 0.0005624734913
        dmean2: 0.000963078578934
        dvar: 7.31031434498e-007
        dvar2: 2.00076806323e-006
        max: 0.00737775862217
        mean: 0.000714935187716
        median: 0.000380925659556
        min: 1.32888541977e-023
        var: 7.66349614878e-007
    spectral_energyband_middle_high:
        dmean: 0.000734350876883
        dmean2: 0.0011800872162
        dvar: 6.00627515723e-007
        dvar2: 1.52746883941e-006
        max: 0.0100337658077
        mean: 0.00257542356849
        median: 0.00248141866177
        min: 1.16366096441e-021
        var: 1.98308885047e-006
    spectral_energyband_middle_low:
        dmean: 0.000694974907674
        dmean2: 0.00113092840184
        dvar: 1.54828808263e-006
        dvar2: 3.98086604037e-006
        max: 0.0141966408119
        mean: 0.00141366489697
        median: 0.0010476668831
        min: 1.67118415723e-022
        var: 1.82959001904e-006
    spectral_flatness_db:
        dmean: 0.0145727619529
        dmean2: 0.0226239860058
        dvar: 0.000179435388418
        dvar2: 0.000380601646611
        max: 0.328558236361
        mean: 0.142759516835
        median: 0.136864721775
        min: 0.0593397691846
        var: 0.000957669341005
    spectral_flux:
        dmean: 0.00943707581609
        dmean2: 0.0144133614376
        dvar: 0.000107183455839
        dvar2: 0.000219701949391
        max: 0.116939306259
        mean: 0.0458171516657
        median: 0.0443873479962
        min: 6.37795580238e-011
        var: 0.000242487760261
    spectral_kurtosis:
        dmean: 0.772442877293
        dmean2: 1.30327177048
        dvar: 0.656240463257
        dvar2: 1.93117654324
        max: 11.7472515106
        mean: 2.44940638542
        median: 2.33748102188
        min: -1.27110588551
        var: 1.44006407261
    spectral_rms:
        dmean: 0.000317021971568
        dmean2: 0.00050690252101
        dvar: 1.29271001015e-007
        dvar2: 3.2062041555e-007
        max: 0.00450158491731
        mean: 0.00222122250125
        median: 0.00222385348752
        min: 3.11931665394e-012
        var: 3.36739674367e-007
    spectral_rolloff:
        dmean: 359.888702393
        dmean2: 576.215942383
        dvar: 293584.78125
        dvar2: 567920.75
        max: 19401.4160156
        mean: 3953.27392578
        median: 4026.70898438
        min: 150.732421875
        var: 2199768.25
    spectral_skewness:
        dmean: 0.147758290172
        dmean2: 0.23730763793
        dvar: 0.0208446569741
        dvar2: 0.0507362782955
        max: 2.87539482117
        mean: 1.01940536499
        median: 1.02699255943
        min: -0.124026626348
        var: 0.0880129411817
    spectral_spread:
        dmean: 465902.84375
        dmean2: 673173.625
        dvar: 503481106432
        dvar2: 950910320640
        max: 43184340
        mean: 5211647
        median: 4795199
        min: 1852984.5
        var: 1.09933221642e+013
    spectral_strongpeak:
        dmean: 0.667952418327
        dmean2: 1.16016054153
        dvar: 0.943935632706
        dvar2: 2.43624043465
        max: 9.69239616394
        mean: 0.886081159115
        median: 0.358705252409
        min: 0
        var: 1.3804962635
    zerocrossingrate:
        dmean: 0.0100075462833
        dmean2: 0.0121000921354
        dvar: 9.00341256056e-005
        dvar2: 0.000111486107926
        max: 0.525390625
        mean: 0.120072759688
        median: 0.12109375
        min: 0.0126953125
        var: 0.00166913459543
    barkbands:
        dmean: [3.83149512118e-007, 0.000135423470056, 0.00038363575004, 0.000155610527145, 0.000323369546095, 0.000235797211644, 0.000132909452077, 5.49017931917e-005, 7.60611583246e-005, 9.41572361626e-005, 3.82625621569e-005, 7.55465298425e-005, 5.43605819985e-005, 8.02164795459e-005, 6.4622159698e-005, 0.000135817506816, 0.000164790311828, 0.00017333838332, 0.000301028514514, 0.000300765474094, 0.000196650871658, 5.11276266479e-005, 7.9480387285e-006, 3.88708122046e-006, 2.05433366318e-006, 7.04056830614e-008, 3.38449601678e-010]
        dmean2: [6.59421289129e-007, 0.000236769483308, 0.000658515782561, 0.00026457227068, 0.000554148922674, 0.000370259513147, 0.000215069987462, 9.0611014457e-005, 0.000118713753182, 0.000146589343785, 6.17187688476e-005, 0.000121194323583, 8.87436181074e-005, 0.000132225584821, 0.000103808946733, 0.000220566464122, 0.000267148483545, 0.000290684140055, 0.000489369384013, 0.00049331743503, 0.000330028997269, 8.50143478601e-005, 1.27139819597e-005, 6.07847368883e-006, 3.10770610668e-006, 1.05504994963e-007, 5.73247727065e-010]
        dvar: [4.45586032264e-013, 6.08215415809e-008, 3.37949359164e-007, 5.57765567066e-008, 6.96665210853e-007, 1.97922759071e-007, 6.72856543815e-008, 8.56382076364e-009, 2.07462171886e-008, 3.99635524673e-008, 6.25425800038e-009, 1.76044068212e-008, 1.1103896469e-008, 2.14591757697e-008, 1.54461083923e-008, 3.21183328822e-008, 6.66087203172e-008, 5.67122562245e-008, 1.1457233029e-007, 1.15625738317e-007, 6.84056260525e-008, 5.53824408556e-009, 1.67308097931e-010, 1.31120433955e-010, 3.68228746106e-011, 2.51153264852e-014, 3.75655079602e-019]
        dvar2: [1.16077481828e-012, 1.64202717201e-007, 9.27812948248e-007, 1.49669020288e-007, 1.89368051906e-006, 4.57839576029e-007, 1.55002268798e-007, 2.23902389962e-008, 4.68583962743e-008, 9.20546483485e-008, 1.48216345863e-008, 4.45801191518e-008, 2.8117739248e-008, 5.55433494753e-008, 3.90034813336e-008, 8.03146278372e-008, 1.61351792372e-007, 1.50163543822e-007, 2.9188996109e-007, 3.04854609112e-007, 1.86100251653e-007, 1.44831799886e-008, 3.83302778406e-010, 3.03574360094e-010, 8.36992627984e-011, 5.82302354122e-014, 1.00712269127e-018]
        max: [4.66579103886e-006, 0.00164399691857, 0.00552282156423, 0.00380550837144, 0.00900627486408, 0.00814832933247, 0.00554746994749, 0.00204431591555, 0.00349283101968, 0.00409396411851, 0.00213261554018, 0.00262583442964, 0.00254643126391, 0.00321113388054, 0.00373322865926, 0.00327854440548, 0.00688932649791, 0.0047723306343, 0.00646514678374, 0.00517485057935, 0.00360783468932, 0.00120192265604, 0.000376664946089, 0.000239177621552, 0.000116347619041, 3.05625530928e-006, 2.50356055886e-008]
        mean: [3.42290405797e-007, 0.000123193764011, 0.000462336960481, 0.000198595051188, 0.000381936493795, 0.000346603541402, 0.000201791903237, 8.41832952574e-005, 0.000121295881399, 0.000159303061082, 6.1009748606e-005, 0.000124064696138, 8.56485712575e-005, 0.00012741413957, 0.000106116975076, 0.000251161342021, 0.000316701305564, 0.000310046947561, 0.000694228278007, 0.000702429912053, 0.000417763832957, 9.88172541838e-005, 1.56135720317e-005, 7.75360877014e-006, 3.83995075026e-006, 1.39293135248e-007, 3.76795650237e-010]
        median: [1.18057982945e-007, 4.83254589199e-005, 0.000220272049773, 0.000119941934827, 0.000184494550922, 0.000135763533763, 9.01846869965e-005, 4.57492897112e-005, 4.87206343678e-005, 4.46894555353e-005, 2.55530958384e-005, 5.48046991753e-005, 3.8307691284e-005, 5.7665463828e-005, 5.77513346798e-005, 0.000183558586286, 0.000235661864281, 0.000247472315095, 0.000613548618276, 0.00061484053731, 0.000352976785507, 7.0373811468e-005, 8.70978874445e-006, 3.69454141946e-006, 1.96282212528e-006, 7.85634171052e-008, 1.66365005105e-010]
        min: [5.90015596463e-025, 2.57840429327e-024, 1.11127545693e-024, 1.24170473293e-024, 6.34625976476e-024, 8.42713757093e-024, 4.12961426363e-024, 2.63078505181e-024, 1.40792407599e-023, 1.13098420002e-023, 1.87706044518e-023, 2.57737834022e-023, 3.30342288265e-023, 3.52696460617e-023, 5.01690986369e-023, 5.33898725625e-023, 4.74302461492e-023, 8.25013516983e-023, 1.53682170753e-022, 1.75572757951e-022, 2.02623252775e-022, 3.01874955079e-022, 4.22397856242e-022, 5.86367707211e-022, 7.60155153026e-022, 1.28768837699e-021, 1.92770443177e-021]
        var: [3.73264217928e-013, 4.58354989519e-008, 3.76114172695e-007, 6.24313685194e-008, 5.44901865851e-007, 3.49183494563e-007, 1.20327214859e-007, 1.36127562556e-008, 4.63176696996e-008, 1.03051426947e-007, 1.4280575833e-008, 3.70756261248e-008, 2.11010995343e-008, 4.15564862521e-008, 3.06760057356e-008, 6.34785521925e-008, 1.21595604696e-007, 8.16906862156e-008, 2.82829972775e-007, 2.54212579875e-007, 1.00160704619e-007, 8.35409430522e-009, 3.75826370025e-010, 2.48836312666e-010, 5.83603720905e-011, 4.32768817798e-014, 4.28230317444e-019]
    frequency_bands:
        dmean: [3.83149512118e-007, 0.000135423470056, 0.00038363575004, 0.000155610527145, 0.000323369546095, 0.000235797211644, 0.000132909452077, 5.49017931917e-005, 7.60611583246e-005, 9.41572361626e-005, 3.82625621569e-005, 7.55465298425e-005, 5.43605819985e-005, 8.02164795459e-005, 6.4622159698e-005, 0.000135817506816, 0.000164790311828, 0.00017333838332, 0.000301028514514, 0.000300765474094, 0.000196650871658, 5.11276266479e-005, 7.9480387285e-006, 3.88708122046e-006, 2.05433366318e-006, 7.04056830614e-008, 3.38449601678e-010, 6.0506960553e-011]
        dmean2: [6.59421289129e-007, 0.000236769483308, 0.000658515782561, 0.00026457227068, 0.000554148922674, 0.000370259513147, 0.000215069987462, 9.0611014457e-005, 0.000118713753182, 0.000146589343785, 6.17187688476e-005, 0.000121194323583, 8.87436181074e-005, 0.000132225584821, 0.000103808946733, 0.000220566464122, 0.000267148483545, 0.000290684140055, 0.000489369384013, 0.00049331743503, 0.000330028997269, 8.50143478601e-005, 1.27139819597e-005, 6.07847368883e-006, 3.10770610668e-006, 1.05504994963e-007, 5.73247727065e-010, 1.12534863372e-010]
        dvar: [4.45586032264e-013, 6.08215415809e-008, 3.37949359164e-007, 5.57765567066e-008, 6.96665210853e-007, 1.97922759071e-007, 6.72856543815e-008, 8.56382076364e-009, 2.07462171886e-008, 3.99635524673e-008, 6.25425800038e-009, 1.76044068212e-008, 1.1103896469e-008, 2.14591757697e-008, 1.54461083923e-008, 3.21183328822e-008, 6.66087203172e-008, 5.67122562245e-008, 1.1457233029e-007, 1.15625738317e-007, 6.84056260525e-008, 5.53824408556e-009, 1.67308097931e-010, 1.31120433955e-010, 3.68228746106e-011, 2.51153264852e-014, 3.75655079602e-019, 7.63946128236e-021]
        dvar2: [1.16077481828e-012, 1.64202717201e-007, 9.27812948248e-007, 1.49669020288e-007, 1.89368051906e-006, 4.57839576029e-007, 1.55002268798e-007, 2.23902389962e-008, 4.68583962743e-008, 9.20546483485e-008, 1.48216345863e-008, 4.45801191518e-008, 2.8117739248e-008, 5.55433494753e-008, 3.90034813336e-008, 8.03146278372e-008, 1.61351792372e-007, 1.50163543822e-007, 2.9188996109e-007, 3.04854609112e-007, 1.86100251653e-007, 1.44831799886e-008, 3.83302778406e-010, 3.03574360094e-010, 8.36992627984e-011, 5.82302354122e-014, 1.00712269127e-018, 2.43106507948e-020]
        max: [4.66579103886e-006, 0.00164399691857, 0.00552282156423, 0.00380550837144, 0.00900627486408, 0.00814832933247, 0.00554746994749, 0.00204431591555, 0.00349283101968, 0.00409396411851, 0.00213261554018, 0.00262583442964, 0.00254643126391, 0.00321113388054, 0.00373322865926, 0.00327854440548, 0.00688932649791, 0.0047723306343, 0.00646514678374, 0.00517485057935, 0.00360783468932, 0.00120192265604, 0.000376664946089, 0.000239177621552, 0.000116347619041, 3.05625530928e-006, 2.50356055886e-008, 1.3395945464e-009]
        mean: [3.42290405797e-007, 0.000123193764011, 0.000462336960481, 0.000198595051188, 0.000381936493795, 0.000346603541402, 0.000201791903237, 8.41832952574e-005, 0.000121295881399, 0.000159303061082, 6.1009748606e-005, 0.000124064696138, 8.56485712575e-005, 0.00012741413957, 0.000106116975076, 0.000251161342021, 0.000316701305564, 0.000310046947561, 0.000694228278007, 0.000702429912053, 0.000417763832957, 9.88172541838e-005, 1.56135720317e-005, 7.75360877014e-006, 3.83995075026e-006, 1.39293135248e-007, 3.76795650237e-010, 4.67006294746e-011]
        median: [1.18057982945e-007, 4.83254589199e-005, 0.000220272049773, 0.000119941934827, 0.000184494550922, 0.000135763533763, 9.01846869965e-005, 4.57492897112e-005, 4.87206343678e-005, 4.46894555353e-005, 2.55530958384e-005, 5.48046991753e-005, 3.8307691284e-005, 5.7665463828e-005, 5.77513346798e-005, 0.000183558586286, 0.000235661864281, 0.000247472315095, 0.000613548618276, 0.00061484053731, 0.000352976785507, 7.0373811468e-005, 8.70978874445e-006, 3.69454141946e-006, 1.96282212528e-006, 7.85634171052e-008, 1.66365005105e-010, 1.88414457647e-011]
        min: [5.90015596463e-025, 2.57840429327e-024, 1.11127545693e-024, 1.24170473293e-024, 6.34625976476e-024, 8.42713757093e-024, 4.12961426363e-024, 2.63078505181e-024, 1.40792407599e-023, 1.13098420002e-023, 1.87706044518e-023, 2.57737834022e-023, 3.30342288265e-023, 3.52696460617e-023, 5.01690986369e-023, 5.33898725625e-023, 4.74302461492e-023, 8.25013516983e-023, 1.53682170753e-022, 1.75572757951e-022, 2.02623252775e-022, 3.01874955079e-022, 4.22397856242e-022, 5.86367707211e-022, 7.60155153026e-022, 1.28768837699e-021, 1.92770443177e-021, 4.28069097196e-022]
        var: [3.73264217928e-013, 4.58354989519e-008, 3.76114172695e-007, 6.24313685194e-008, 5.44901865851e-007, 3.49183494563e-007, 1.20327214859e-007, 1.36127562556e-008, 4.63176696996e-008, 1.03051426947e-007, 1.4280575833e-008, 3.70756261248e-008, 2.11010995343e-008, 4.15564862521e-008, 3.06760057356e-008, 6.34785521925e-008, 1.21595604696e-007, 8.16906862156e-008, 2.82829972775e-007, 2.54212579875e-007, 1.00160704619e-007, 8.35409430522e-009, 3.75826370025e-010, 2.48836312666e-010, 5.83603720905e-011, 4.32768817798e-014, 4.28230317444e-019, 5.89463565959e-021]
    mfcc:
        mean: [-690.929931641, 83.980506897, -44.4249000549, 66.0495834351, -15.8511447906, 0.780834376812, 1.58092594147, -9.11779499054, 0.821153581142, -6.25192213058, -5.09970235825, -2.05732297897, -1.80656218529]
        cov: [[4145.7734375, 232.292373657, -226.357284546, 214.293731689, -183.424804688, 11.8048601151, -28.305688858, -16.4562797546, -17.359872818, 31.497095108, -6.18706035614, -25.6569957733, -14.0929698944], [232.292373657, 563.444519043, -120.751777649, 188.838027954, -31.7813282013, 36.4879112244, 47.6112174988, -19.966211319, 33.6054267883, -27.288772583, 1.84339296818, 2.59248542786, 4.18492794037], [-226.357284546, -120.751777649, 514.366699219, -151.521438599, 113.877868652, 2.37750768661, -45.318977356, 39.1713027954, -6.84913063049, 39.406047821, -19.798740387, 13.9130048752, 12.3073148727], [214.293731689, 188.838027954, -151.521438599, 397.182098389, 62.6503181458, 25.0166301727, 5.99796962738, -1.21010875702, 36.7692604065, -41.6634483337, 16.0592365265, 9.15462112427, 10.6891174316], [-183.424804688, -31.7813282013, 113.877868652, 62.6503181458, 184.733840942, 19.3861751556, -20.4923095703, 1.81726133823, 24.3622131348, 13.5209102631, -0.57734900713, 16.904750824, 3.29321885109], [11.8048601151, 36.4879112244, 2.37750768661, 25.0166301727, 19.3861751556, 107.982772827, 41.8913459778, 24.9874134064, 11.9873781204, 17.5544776917, 24.3517684937, 4.98141002655, 1.60376036167], [-28.305688858, 47.6112174988, -45.318977356, 5.99796962738, -20.4923095703, 41.8913459778, 139.915100098, 49.0053405762, 8.57924079895, 6.71300411224, 28.0704421997, -4.20849227905, -1.73697793484], [-16.4562797546, -19.966211319, 39.1713027954, -1.21010875702, 1.81726133823, 24.9874134064, 49.0053405762, 100.759635925, 24.7961082458, 15.1941270828, 11.8998260498, 1.11826217175, 5.4895362854], [-17.359872818, 33.6054267883, -6.84913063049, 36.7692604065, 24.3622131348, 11.9873781204, 8.57924079895, 24.7961082458, 88.9924316406, 42.8599090576, 11.8925466537, -0.603467702866, -6.52414274216], [31.497095108, -27.288772583, 39.406047821, -41.6634483337, 13.5209102631, 17.5544776917, 6.71300411224, 15.1941270828, 42.8599090576, 97.0285415649, 30.6195964813, -0.529307842255, -15.5490894318], [-6.18706035614, 1.84339296818, -19.798740387, 16.0592365265, -0.57734900713, 24.3517684937, 28.0704421997, 11.8998260498, 11.8925466537, 30.6195964813, 75.3263626099, 12.5354671478, -0.0514366552234], [-25.6569957733, 2.59248542786, 13.9130048752, 9.15462112427, 16.904750824, 4.98141002655, -4.20849227905, 1.11826217175, -0.603467702866, -0.529307842255, 12.5354671478, 67.8091125488, 31.9768829346], [-14.0929698944, 4.18492794037, 12.3073148727, 10.6891174316, 3.29321885109, 1.60376036167, -1.73697793484, 5.4895362854, -6.52414274216, -15.5490894318, -0.0514366552234, 31.9768829346, 64.2607879639]]
        icov: [[0.000280712702079, -5.68717296119e-005, 1.93107771338e-005, -0.00025509702391, 0.000361578742741, -6.61334343022e-005, 0.000155836882186, -6.84968690621e-005, 0.000288861774607, -0.00045095346286, 0.000194334264961, 2.51292476605e-005, 5.04638319399e-006], [-5.68717296119e-005, 0.00249294331297, -0.000247951131314, -0.00118598528206, 0.00102894147858, -0.000704859616235, -0.0011008833535, 0.0014279645402, -0.0012983083725, 0.000543898786418, 0.000583433022257, -0.000343101215549, 5.40514920431e-005], [1.93107771338e-005, -0.000247951131314, 0.00328772561625, 0.00149877509102, -0.00247216084972, -1.81154573511e-005, 0.00130956200883, -0.00207435083576, 0.00122616544832, -0.00102136505302, 0.000584736291785, 9.16310673347e-005, -0.000686626241077], [-0.00025509702391, -0.00118598528206, 0.00149877509102, 0.00478580826893, -0.0028891263064, -0.000244698312599, 0.000931954826228, -0.000947096210439, -0.00168491096701, 0.00295660085976, -0.00175183382817, 0.000340734695783, -0.000428174011176], [0.000361578742741, 0.00102894147858, -0.00247216084972, -0.0028891263064, 0.00906672608107, -0.00160601513926, 0.000113439833513, 0.00176288327202, -0.00182491063606, -0.000729613064323, 0.00113197031897, -0.00185085297562, 0.000954331073444], [-6.61334343022e-005, -0.000704859616235, -1.81154573511e-005, -0.000244698312599, -0.00160601513926, 0.011835925281, -0.00258639361709, -0.00150821160059, 0.00087255454855, -0.00156527163927, -0.00207648612559, -1.56786700245e-005, -0.000362602993846], [0.000155836882186, -0.0011008833535, 0.00130956200883, 0.000931954826228, 0.000113439833513, -0.00258639361709, 0.0111736562103, -0.00552250491455, 0.00110190478154, 0.00049883936299, -0.0028260727413, 0.00108344107866, 0.000223747105338], [-6.84968690621e-005, 0.0014279645402, -0.00207435083576, -0.000947096210439, 0.00176288327202, -0.00150821160059, -0.00552250491455, 0.0151346065104, -0.00475618103519, 0.000699521508068, 0.000224709801842, 0.000151009342517, -0.00143663759809], [0.000288861774607, -0.0012983083725, 0.00122616544832, -0.00168491096701, -0.00182491063606, 0.00087255454855, 0.00110190478154, -0.00475618103519, 0.018607314676, -0.00966251268983, 0.00170022284146, 0.000429553037975, 3.98769079766e-005], [-0.00045095346286, 0.000543898786418, -0.00102136505302, 0.00295660085976, -0.000729613064323, -0.00156527163927, 0.00049883936299, 0.000699521508068, -0.00966251268983, 0.0196136385202, -0.007132796105, -0.000343570078257, 0.0035298182629], [0.000194334264961, 0.000583433022257, 0.000584736291785, -0.00175183382817, 0.00113197031897, -0.00207648612559, -0.0028260727413, 0.000224709801842, 0.00170022284146, -0.007132796105, 0.0187783613801, -0.0038758974988, 0.000472685700515], [2.51292476605e-005, -0.000343101215549, 9.16310673347e-005, 0.000340734695783, -0.00185085297562, -1.56786700245e-005, 0.00108344107866, 0.000151009342517, 0.000429553037975, -0.000343570078257, -0.0038758974988, 0.0208265557885, -0.0103408936411], [5.04638319399e-006, 5.40514920431e-005, -0.000686626241077, -0.000428174011176, 0.000954331073444, -0.000362602993846, 0.000223747105338, -0.00143663759809, 3.98769079766e-005, 0.0035298182629, 0.000472685700515, -0.0103408936411, 0.0218550935388]]
    sccoeffs:
        dmean: [0.0592994242907, 0.050806298852, 0.0397137887776, 0.0314444974065, 0.0217056218535, 0.0215402711183]
        dmean2: [0.0989402607083, 0.0840338915586, 0.0638841018081, 0.0513355024159, 0.0349530056119, 0.0339396335185]
        dvar: [0.00238944496959, 0.00165979634039, 0.00101557420567, 0.000643623236101, 0.000344832224073, 0.000427355873398]
        dvar2: [0.00653084181249, 0.00441224873066, 0.00257419422269, 0.00162179826293, 0.000792038452346, 0.000974434660748]
        max: [-0.351324170828, -0.422404766083, -0.481179624796, -0.512890577316, -0.509207189083, -0.460858941078]
        mean: [-0.650661706924, -0.749401450157, -0.77695441246, -0.782463014126, -0.793773949146, -0.71426743269]
        median: [-0.652822852135, -0.757286846638, -0.784248173237, -0.786019861698, -0.799262583256, -0.714666724205]
        min: [-0.978511035442, -0.986070036888, -0.974886000156, -0.974059581757, -0.968919813633, -0.96581697464]
        var: [0.00612440146506, 0.00506968144327, 0.00420213863254, 0.00235374853946, 0.00160531897563, 0.00337390578352]
    scvalleys:
        dmean: [0.449134320021, 0.380697697401, 0.327056825161, 0.293110966682, 0.256784915924, 0.245183736086]
        dmean2: [0.728936076164, 0.625934481621, 0.520911097527, 0.452969312668, 0.372342228889, 0.342349499464]
        dvar: [0.159245595336, 0.121216960251, 0.0925313681364, 0.0777959227562, 0.0834461450577, 0.107504531741]
        dvar2: [0.353326767683, 0.289272099733, 0.198998227715, 0.15579341352, 0.151341170073, 0.197204887867]
        max: [-4.86945199966, -4.45558547974, -5.38767004013, -5.7250289917, -5.51974487305, -7.41284656525]
        mean: [-6.99109792709, -6.79440832138, -7.31084012985, -7.28598070145, -6.76760196686, -9.51106834412]
        median: [-6.74149513245, -6.59748840332, -7.09145593643, -7.03283643723, -6.42817544937, -9.19243240356]
        min: [-28.1794223785, -28.2974433899, -27.8229827881, -27.5139274597, -27.5307788849, -27.4047317505]
        var: [3.73838376999, 3.70946097374, 3.49236893654, 3.51457548141, 3.83437895775, 3.31289601326]

rhythm:
    beats_loudness:
        dmean: 0.00386617332697
        dmean2: 0.0075060124509
        dvar: 5.65309255762e-006
        dvar2: 1.99310743483e-005
        max: 0.0154555430636
        mean: 0.00712506426498
        median: 0.00690566096455
        min: 0
        var: 7.67292658566e-006
    bpm: 91.9137954712
    bpm_confidence: 0
    first_peak_bpm: 92
    first_peak_spread: 0.0550458431244
    first_peak_weight: 0.944954156876
    onset_rate: 3.4397547245
    second_peak_bpm: 0
    second_peak_spread: 0
    second_peak_weight: 0
    beats_loudness_band_ratio:
        dmean: [0.0924697816372, 0.153300926089, 0.0581603348255, 0.0472376458347, 0.0665321722627, 0.089779086411]
        dmean2: [0.16666443646, 0.295339494944, 0.10510803014, 0.0853220522404, 0.115040078759, 0.156860426068]
        dvar: [0.00585183640942, 0.00811363570392, 0.00362432911061, 0.00240715243854, 0.00347817782313, 0.00513074640185]
        dvar2: [0.0158212445676, 0.0264653451741, 0.0099063301459, 0.00665487069637, 0.0105646727607, 0.0145980045199]
        max: [0.60366243124, 0.634277462959, 0.5093536973, 0.416465222836, 0.447782754898, 0.689162433147]
        mean: [0.140191867948, 0.172745361924, 0.0915340483189, 0.0813537091017, 0.206783100963, 0.354524761438]
        median: [0.118722230196, 0.167011916637, 0.0738515034318, 0.0657545998693, 0.19738574326, 0.357310384512]
        min: [0, 0, 0, 0, 0, 0]
        var: [0.00860047992319, 0.01279745996, 0.00420574750751, 0.0033312193118, 0.00491712940857, 0.00959303416312]
    beats_position: [0.66176867485, 1.33514738083, 2.00852608681, 2.68190479279, 3.35528349876, 4.02866220474, 4.69043064117, 5.36380958557, 6.03718805313, 6.6989569664, 7.36072540283, 8.01088428497, 8.66104316711, 9.31120204926, 9.97297000885, 10.6115188599, 11.261677742, 11.9118366241, 12.5619955063, 13.2237634659, 13.8855323792, 14.5356912613, 15.1858501434, 15.8360090256, 16.4861679077, 17.1363258362, 17.786485672, 18.4366436005, 19.0868015289, 19.7369613647, 20.3987293243, 21.0488891602, 21.7106571198, 22.3608150482, 23.010974884, 23.6611328125, 24.3112926483, 24.9614505768, 25.6116104126, 26.2617683411, 26.9235363007, 27.5736961365, 28.2354640961, 28.8856239319, 29.5357818604, 30.1859397888, 30.8360996246, 31.4862575531, 32.1364173889, 32.7865753174, 33.4367332458, 34.0868911743, 34.7370529175, 35.3988189697, 36.0605888367, 36.7107467651, 37.3609046936, 37.9994544983, 38.6612243652, 39.3113822937, 39.9615402222, 40.6116981506, 41.2618598938, 41.923625946, 42.585395813, 43.2355537415, 43.8857116699, 44.5358734131, 45.1860313416, 45.83618927, 46.4863471985, 47.1365089417, 47.7866668701, 48.4368247986, 49.0869827271, 49.748752594, 50.4105224609, 51.0606803894, 51.7108383179, 52.3609962463, 53.0111541748, 53.661315918, 54.3114738464, 54.9500198364, 55.6117897034, 56.2619476318, 56.912109375, 57.5622673035, 58.2240333557, 58.8858032227, 59.5359611511, 60.1861228943, 60.8362808228, 61.4864387512, 62.1365966797, 62.7867546082, 63.4369163513, 64.0870742798, 64.7372360229, 65.3873901367, 66.049156189, 66.7109298706, 67.3610839844, 68.0112457275, 68.6614074707, 69.3115615845, 69.9617233276, 70.6118774414, 71.2620391846, 71.9122009277, 72.5623550415, 73.2125167847, 73.8626708984, 74.5244445801, 75.1862106323, 75.8363723755, 76.4865264893, 77.1366882324, 77.7868499756, 78.4370040894, 79.0871658325, 79.7373199463, 80.3990936279, 81.0492477417, 81.7110214233, 82.3611755371, 83.0113372803, 83.661491394, 84.3116531372, 84.9618148804, 85.6119689941, 86.2621307373, 86.9122848511, 87.5624465942, 88.235824585, 88.8975982666, 89.5361404419, 90.1863021851, 90.8364639282, 91.486618042, 92.1251678467, 92.7869338989, 93.4370956421, 94.0988616943, 94.760635376, 95.4107894897, 96.0609512329, 96.7111129761, 97.3612670898, 98.011428833, 98.6615829468, 99.3117446899, 99.9619064331, 100.612060547, 101.26222229, 101.912376404, 102.574150085, 103.224304199, 103.886077881, 104.536231995, 105.186393738, 105.836547852, 106.486709595, 107.136871338, 107.787025452, 108.437187195, 109.087341309, 109.74911499, 110.410881042, 111.061042786, 111.711196899, 112.361358643, 113.011520386, 113.6616745, 114.311836243, 114.961990356, 115.6121521, 116.273918152, 116.935691833, 117.585845947, 118.23600769, 118.886169434, 119.536323547, 120.186485291, 120.836639404, 121.486801147, 122.136962891, 122.787117004, 123.437278748, 124.087432861, 124.749206543, 125.410972595, 126.061134338, 126.711288452, 127.361450195, 128.011611938, 128.661773682, 129.311920166, 129.962081909, 130.612243652, 131.262405396, 131.912567139, 132.574325562, 133.236099243, 133.886260986, 134.536407471, 135.186569214, 135.836730957, 136.4868927, 137.125442505, 137.787200928, 138.437362671, 139.087524414, 139.737686157, 140.3878479, 141.049606323, 141.711380005, 142.361541748, 143.011703491, 143.661849976, 144.312011719, 144.962173462, 145.612335205, 146.262496948, 146.912643433, 147.574417114, 148.236190796, 148.886352539, 149.536499023, 150.186660767, 150.83682251, 151.486984253, 152.137145996, 152.78729248, 153.437454224, 154.087615967, 154.73777771, 155.387939453, 156.038085938, 156.688247681, 157.350021362, 158.011795044, 158.661941528, 159.312103271, 159.962265015, 160.612426758, 161.262588501, 161.912734985, 162.562896729, 163.22467041, 163.886444092, 164.536590576, 165.186752319, 165.836914063, 166.487075806, 167.137237549, 167.787384033, 168.437545776, 169.08770752, 169.749481201, 170.411239624, 171.061401367, 171.71156311, 172.361724854, 173.011871338, 173.662033081, 174.312194824, 174.950744629, 175.612518311, 176.262680054, 176.912826538, 177.562988281, 178.213150024, 178.863311768, 179.52507019, 180.175231934, 180.837005615, 181.487167358, 182.137313843, 182.787475586, 183.437637329, 184.087799072, 184.737960815, 185.399719238, 186.06149292, 186.711654663, 187.361816406, 188.011962891, 188.662124634, 189.312286377, 189.96244812, 190.612609863, 191.262756348, 191.912918091, 192.563079834, 193.224853516, 193.886611938, 194.536773682, 195.186935425, 195.837097168, 196.487258911, 197.125808716, 197.787567139, 198.437728882, 199.087890625, 199.738052368, 200.388198853, 201.038360596, 201.711746216, 202.361907959, 203.012054443, 203.662216187, 204.31237793, 204.962539673, 205.612701416, 206.2628479, 206.913009644, 207.563171387, 208.224945068, 208.886703491, 209.536865234, 210.187026978, 210.837188721, 211.487350464, 212.137496948, 212.787658691, 213.437820435, 214.087982178, 214.738143921, 215.388290405, 216.050064087, 216.70022583, 217.361984253, 218.012145996, 218.662307739, 219.312469482, 219.962631226, 220.61277771, 221.262939453, 221.901489258, 222.563262939, 223.225036621, 223.886795044, 224.536956787, 225.18711853, 225.837280273, 226.487426758, 227.137588501, 227.787750244, 228.437911987, 229.08807373, 229.738220215, 230.388381958, 231.05015564, 231.711929321, 232.362075806, 233.012237549, 233.662399292, 234.312561035, 234.962722778, 235.612869263, 236.263031006, 236.924804688, 237.563354492, 238.225112915, 238.886886597, 239.53704834, 240.187210083, 240.837371826, 241.487518311, 242.137680054, 242.787841797, 243.43800354, 244.088165283, 244.738311768, 245.388473511, 246.038635254, 246.700408936, 247.362167358, 248.012329102, 248.662490845, 249.312652588, 249.962814331, 250.612960815, 251.263122559, 251.92489624, 252.586654663, 253.236816406, 253.886978149, 254.537139893, 255.187301636, 255.83744812, 256.487609863, 257.137786865, 257.78793335, 258.426483154, 259.088256836, 259.73840332, 260.400177002, 261.061950684, 261.712097168, 262.36227417, 263.012420654, 263.662567139, 264.312744141, 264.962890625, 265.613067627, 266.274810791, 266.936584473, 267.586761475, 268.236907959, 268.887084961, 269.537231445, 270.18737793, 270.837554932, 271.487701416, 272.137878418, 272.799621582, 273.449798584, 274.099945068, 274.75012207, 275.411865234, 276.062042236, 276.712188721, 277.362365723, 278.012512207, 278.662658691, 279.312835693, 279.962982178, 280.61315918, 281.263305664, 281.925079346, 282.586853027, 283.260223389, 283.93359375, 284.618591309, 285.303588867]
