
metadata:
    version:
        essentia: "2.1-beta2"
    audio_properties:
        analysis_sample_rate: 44100
        bitrate: 256
        channels: 2
        equal_loudness: 1
        length: 282.226928711
        replay_gain: -15.0335197449
        downmix: "mix"
    tags:
        album: "Indestructible"
        artist: "Disturbed"
        comment: ""
        date: "2008"
        genre: "Rock"
        title: "Haunted"
        tracknumber: "6"

configuration:
    average_loudness:
        compute: 1
        frameSize: 88200
        hopSize: 44100
        silentFrames: "noise"
        windowType: "hann"
    general:
        analysisSampleRate: 44100
        endTime: 2000
        equalLoudness: 1
        nequalLoudness: 0
        shortSound: 0
        startTime: 0
    lowlevel:
        compute: 1
        frameSize: 2048
        hopSize: 1024
        zeroPadding: 0
        silentFrames: "noise"
        windowType: "blackmanharris62"
        mfccStats: ["mean", "cov", "icov"]
        stats: ["mean", "var", "median", "min", "max", "dmean", "dmean2", "dvar", "dvar2"]
    panning:
        compute: 0
        frameSize: 8192
        hopSize: 2048
        zeroPadding: 8192
        silentFrames: "noise"
        windowType: "hann"
        stats: ["copy"]
    rhythm:
        compute: 1
        maxTempo: 208
        minTempo: 40
        method: "degara"
        stats: ["mean", "var", "median", "min", "max", "dmean", "dmean2", "dvar", "dvar2"]
    segmentation:
        compute: 0
        cpw: 5
        inc1: 300
        inc2: 50
        minimumSegmentsLength: 10
        size1: 1000
        size2: 600
    sfx:
        compute: 1
        stats: ["mean", "var", "median", "min", "max", "dmean", "dmean2", "dvar", "dvar2"]
    svm:
        compute: 0
    tonal:
        compute: 1
        frameSize: 4096
        hopSize: 2048
        zeroPadding: 0
        silentFrames: "noise"
        windowType: "blackmanharris62"
        stats: ["mean", "var", "median", "min", "max", "dmean", "dmean2", "dvar", "dvar2"]

lowlevel:
    average_loudness: 0.881768405437
    barkbands_kurtosis:
        dmean: 1.021022439
        dmean2: 1.6465883255
        dvar: 2.96013045311
        dvar2: 7.04817771912
        max: 45.322303772
        mean: 0.269703269005
        median: -0.866610825062
        min: -1.87393021584
        var: 12.9239044189
    barkbands_skewness:
        dmean: 0.415732979774
        dmean2: 0.655465245247
        dvar: 0.164573773742
        dvar2: 0.393851727247
        max: 5.79780960083
        mean: 0.04536312446
        median: -0.17157638073
        min: -4.68332529068
        var: 1.27324855328
    barkbands_spread:
        dmean: 6.85169935226
        dmean2: 10.9649868011
        dvar: 49.9009933472
        dvar2: 120.270278931
        max: 67.4629058838
        mean: 31.748544693
        median: 31.592748642
        min: 2.03709626198
        var: 149.958892822
    dissonance:
        dmean: 0.0122978882864
        dmean2: 0.0207559391856
        dvar: 0.000175767825567
        dvar2: 0.000484243355459
        max: 0.500000119209
        mean: 0.477081805468
        median: 0.483664274216
        min: 0.281605005264
        var: 0.000501029426232
    hfc:
        dmean: 2.84585809708
        dmean2: 4.82604217529
        dvar: 19.2365169525
        dvar2: 51.6401939392
        max: 49.4206390381
        mean: 9.24478530884
        median: 9.69468307495
        min: 1.04859740725e-016
        var: 51.3385353088
    pitch:
        dmean: 756.769958496
        dmean2: 1442.11743164
        dvar: 1620299.625
        dvar2: 3985658.75
        max: 5028.53955078
        mean: 1606.21801758
        median: 375.992706299
        min: 43.0243911743
        var: 2841085.5
    pitch_instantaneous_confidence:
        dmean: 0.0762251093984
        dmean2: 0.124812416732
        dvar: 0.00428505847231
        dvar2: 0.0106787402183
        max: 0.879716038704
        mean: 0.35982760787
        median: 0.340529054403
        min: 0.0852835178375
        var: 0.0133384941146
    pitch_salience:
        dmean: 0.0578772872686
        dmean2: 0.0960941314697
        dvar: 0.00266201351769
        dvar2: 0.00724536180496
        max: 0.985301017761
        mean: 0.661431849003
        median: 0.672999382019
        min: 0.224318027496
        var: 0.00711435126141
    silence_rate_20dB:
        dmean: 0
        dmean2: 0
        dvar: 0
        dvar2: 0
        max: 1
        mean: 1
        median: 1
        min: 1
        var: 0
    silence_rate_30dB:
        dmean: 0
        dmean2: 0
        dvar: 0
        dvar2: 0
        max: 1
        mean: 1
        median: 1
        min: 1
        var: 0
    silence_rate_60dB:
        dmean: 0.0595639646053
        dmean2: 0.119137734175
        dvar: 0.0560107864439
        dvar2: 0.116299450397
        max: 1
        mean: 0.350526481867
        median: 0
        min: 0
        var: 0.227674245834
    spectral_centroid:
        dmean: 278.823364258
        dmean2: 440.912994385
        dvar: 97201.4921875
        dvar2: 220168.125
        max: 11620.7890625
        mean: 1840.97460938
        median: 1902.7833252
        min: 171.013366699
        var: 926662.8125
    spectral_complexity:
        dmean: 4
        dmean2: 6.58334684372
        dvar: 21.4471416473
        dvar2: 51.0818824768
        max: 49
        mean: 17.331029892
        median: 19
        min: 0
        var: 124.314842224
    spectral_crest:
        dmean: 1.95777904987
        dmean2: 3.2377011776
        dvar: 3.3357861042
        dvar2: 8.58117294312
        max: 24.163438797
        mean: 6.84014463425
        median: 6.12706661224
        min: 2.4306640625
        var: 7.74890375137
    spectral_decrease:
        dmean: 3.12145004289e-010
        dmean2: 5.156297056e-010
        dvar: 1.9036532992e-019
        dvar2: 5.0046324405e-019
        max: 1.15389444464e-028
        mean: -1.00332664399e-009
        median: -9.61207891059e-010
        min: -4.27371604772e-009
        var: 4.49451687758e-019
    spectral_energy:
        dmean: 0.00140334421303
        dmean2: 0.0023258200381
        dvar: 3.96410041503e-006
        dvar2: 1.04758200905e-005
        max: 0.0201001483947
        mean: 0.00462530693039
        median: 0.00456657679752
        min: 1.02154632686e-020
        var: 9.69815027929e-006
    spectral_energyband_high:
        dmean: 0.000278503604932
        dmean2: 0.000480340037029
        dvar: 2.04359395184e-007
        dvar2: 5.44896181509e-007
        max: 0.00666618347168
        mean: 0.000633045390714
        median: 0.000541585497558
        min: 6.99513120603e-021
        var: 3.88547448438e-007
    spectral_energyband_low:
        dmean: 0.000407780345995
        dmean2: 0.000714759109542
        dvar: 4.72788542538e-007
        dvar2: 1.29152465433e-006
        max: 0.00651180045679
        mean: 0.000463240547106
        median: 0.000253868987784
        min: 1.4719284633e-023
        var: 4.12179986142e-007
    spectral_energyband_middle_high:
        dmean: 0.000672613095958
        dmean2: 0.00111050938722
        dvar: 8.07377773526e-007
        dvar2: 2.09917448046e-006
        max: 0.011888938956
        mean: 0.00228515849449
        median: 0.00222197780386
        min: 1.25020281749e-021
        var: 3.21091533806e-006
    spectral_energyband_middle_low:
        dmean: 0.000592047406826
        dmean2: 0.000956454023253
        dvar: 8.36569540752e-007
        dvar2: 2.15805448534e-006
        max: 0.0116875488311
        mean: 0.00135678367224
        median: 0.00104170269333
        min: 1.42555281374e-022
        var: 1.41283499033e-006
    spectral_flatness_db:
        dmean: 0.0156401861459
        dmean2: 0.0245868433267
        dvar: 0.000214596802834
        dvar2: 0.000489952333737
        max: 0.345747470856
        mean: 0.147766679525
        median: 0.138734251261
        min: 0.0516110546887
        var: 0.0014811513247
    spectral_flux:
        dmean: 0.00810711458325
        dmean2: 0.0124030839652
        dvar: 0.000109642685857
        dvar2: 0.000213084276766
        max: 0.131444200873
        mean: 0.039271119982
        median: 0.0404970869422
        min: 6.40893726978e-011
        var: 0.000368576642359
    spectral_kurtosis:
        dmean: 1.27609527111
        dmean2: 2.18139028549
        dvar: 7.71298599243
        dvar2: 24.1143341064
        max: 104.705459595
        mean: 3.68494820595
        median: 2.74133729935
        min: -1.25086796284
        var: 21.5787525177
    spectral_rms:
        dmean: 0.000298357248539
        dmean2: 0.000481597788166
        dvar: 1.39431207913e-007
        dvar2: 3.49868315652e-007
        max: 0.00442830659449
        mean: 0.0019628405571
        median: 0.00211073365062
        min: 3.15694562505e-012
        var: 6.59756096866e-007
    spectral_rolloff:
        dmean: 371.869140625
        dmean2: 607.193481445
        dvar: 283980.15625
        dvar2: 631549.9375
        max: 19509.0820313
        mean: 3320.94384766
        median: 3703.7109375
        min: 193.798828125
        var: 2410030
    spectral_skewness:
        dmean: 0.183077424765
        dmean2: 0.29961720109
        dvar: 0.0521200448275
        dvar2: 0.138956338167
        max: 7.2341966629
        mean: 1.27194738388
        median: 1.14884305
        min: -0.0980738699436
        var: 0.284668654203
    spectral_spread:
        dmean: 452319.53125
        dmean2: 667041.25
        dvar: 483297198080
        dvar2: 910712766464
        max: 42823728
        mean: 4656084
        median: 4389839
        min: 679699
        var: 6.24332845875e+012
    spectral_strongpeak:
        dmean: 0.439350277185
        dmean2: 0.757908344269
        dvar: 0.437753111124
        dvar2: 1.14664304256
        max: 9.41626167297
        mean: 0.620739042759
        median: 0.275009065866
        min: 6.62862403855e-011
        var: 0.648508489132
    zerocrossingrate:
        dmean: 0.00836224295199
        dmean2: 0.00996718090028
        dvar: 6.95499766152e-005
        dvar2: 7.85794982221e-005
        max: 0.53369140625
        mean: 0.102858521044
        median: 0.1083984375
        min: 0.00927734375
        var: 0.00188889086712
    barkbands:
        dmean: [4.52252209016e-007, 0.000103632868559, 0.000260599364992, 0.000149820160004, 0.000295821402688, 0.000150797088281, 0.000135375725222, 7.15405476512e-005, 9.3328380899e-005, 3.90815730498e-005, 5.12572369189e-005, 0.000107857646071, 0.000114057722385, 5.67928946111e-005, 5.70385454921e-005, 0.000112746536615, 0.000134954636451, 0.000150453124661, 0.000256953033386, 0.000183867392479, 0.000175044508069, 3.62571627193e-005, 6.31595730738e-006, 2.29398870033e-006, 1.13371584121e-006, 6.46602700272e-008, 5.30238575269e-010]
        dmean2: [6.64794754357e-007, 0.000182651361683, 0.00046051069512, 0.000260918022832, 0.000507575459778, 0.000242078895099, 0.000209871475818, 0.000114325164759, 0.000144007266499, 6.16925972281e-005, 8.04105438874e-005, 0.000170947183506, 0.000177924128366, 9.39287274377e-005, 9.32125913096e-005, 0.000188411795534, 0.000224316550884, 0.000259590073256, 0.000434223358752, 0.000309286027914, 0.000309147377266, 6.15187527728e-005, 1.0439435755e-005, 3.61270281246e-006, 1.72705642854e-006, 9.74976401835e-008, 8.73079164521e-010]
        dvar: [4.97450550804e-013, 3.39305472608e-008, 1.94268110931e-007, 7.99044386213e-008, 4.41421150299e-007, 9.24159024862e-008, 7.17306960496e-008, 1.35387177025e-008, 4.81640967109e-008, 7.96634669342e-009, 1.45995029399e-008, 6.03083236683e-008, 7.75475967885e-008, 9.93391502391e-009, 1.03718829081e-008, 2.98111686448e-008, 4.51795756362e-008, 5.97268652314e-008, 1.32930182417e-007, 8.03604223165e-008, 8.79021371247e-008, 3.59331120414e-009, 1.01795356866e-010, 4.69745110865e-011, 1.31337198062e-011, 2.67806102002e-014, 3.03729367876e-018]
        dvar2: [1.10235551156e-012, 9.24340497477e-008, 5.40580231245e-007, 2.18960920506e-007, 1.2150189832e-006, 2.16690764887e-007, 1.59494007335e-007, 3.35252963168e-008, 1.0630542846e-007, 1.88121109801e-008, 3.25305862248e-008, 1.46627115782e-007, 1.72261394482e-007, 2.5361917011e-008, 2.45947671118e-008, 7.69264829614e-008, 1.09733690579e-007, 1.62767946676e-007, 3.61650137393e-007, 2.05101500228e-007, 2.44097179802e-007, 9.35111632572e-009, 2.47528220143e-010, 1.02703595628e-010, 2.8411549155e-011, 5.6558724311e-014, 7.42695528073e-018]
        max: [7.13869258107e-006, 0.00166369439103, 0.00404240656644, 0.00535273645073, 0.00853593833745, 0.00568322231993, 0.00755669223145, 0.0021589784883, 0.00531496666372, 0.00240248255432, 0.00345266168006, 0.00694572227076, 0.00643432419747, 0.00215108133852, 0.00241391337477, 0.00373102538288, 0.00704463664442, 0.00439698947594, 0.00538657791913, 0.00662208721042, 0.00425889156759, 0.00110242411029, 0.000177017922397, 0.000196150023839, 0.000128776402562, 4.29220472142e-006, 5.21365066675e-008]
        mean: [5.07125037075e-007, 9.76164737949e-005, 0.00027159973979, 0.000180482544238, 0.000393385940697, 0.000229304016102, 0.000240459572524, 0.00012597074965, 0.000173126449226, 6.51572045172e-005, 8.52997254697e-005, 0.000183187527, 0.000201203161851, 9.47542357608e-005, 9.50619432842e-005, 0.000214033352677, 0.000272075587418, 0.000270150136203, 0.000587757618632, 0.000434138695709, 0.000317575613735, 7.15531059541e-005, 1.35871559905e-005, 4.96607481182e-006, 2.24353198064e-006, 1.16212014234e-007, 5.2797377581e-010]
        median: [1.49422561435e-007, 4.30189793406e-005, 0.000125653954456, 0.000105743914901, 0.0002117689437, 0.000103494770883, 8.84350592969e-005, 6.61190933897e-005, 4.77233043057e-005, 2.42693622567e-005, 3.69861190848e-005, 6.23128071311e-005, 4.68638900202e-005, 5.40431719855e-005, 5.45976072317e-005, 0.000156022200827, 0.000202150753466, 0.00022668443853, 0.000546225754078, 0.000389013381209, 0.000254321610555, 4.95736312587e-005, 8.81427422428e-006, 2.63828928837e-006, 9.51951506067e-007, 3.98516064593e-008, 1.11393214097e-010]
        min: [4.96990850544e-025, 3.57682156202e-024, 7.84835249414e-025, 1.63990278522e-024, 8.1262313118e-024, 1.47624211251e-023, 1.04772403355e-023, 1.0705924801e-023, 1.78126496338e-023, 1.67722825171e-023, 2.00284431652e-023, 2.88906075486e-023, 2.38296877661e-023, 3.35104105124e-023, 3.03187423988e-023, 6.89050184525e-023, 6.33384561846e-023, 7.9299308486e-023, 1.19739227807e-022, 1.77875184187e-022, 2.57229416324e-022, 2.96259047984e-022, 4.25125245003e-022, 6.51963018714e-022, 1.00655208286e-021, 1.34760081026e-021, 1.83769785111e-021]
        var: [6.40787932698e-013, 2.61112589328e-008, 1.66260406331e-007, 7.17036456876e-008, 4.09150260339e-007, 1.71589505271e-007, 2.37078154441e-007, 2.98397750953e-008, 1.41623928585e-007, 1.66670108825e-008, 2.79942273806e-008, 1.38454439025e-007, 2.3286766293e-007, 1.78020016506e-008, 2.25589360525e-008, 6.23262579325e-008, 1.08283877864e-007, 8.07495581512e-008, 2.98500424378e-007, 1.89105193726e-007, 1.19077149918e-007, 6.59698118355e-009, 2.62410093654e-010, 1.15552900581e-010, 2.8042420816e-011, 5.78335800474e-014, 3.02736957936e-018]
    frequency_bands:
        dmean: [4.52252209016e-007, 0.000103632868559, 0.000260599364992, 0.000149820160004, 0.000295821402688, 0.000150797088281, 0.000135375725222, 7.15405476512e-005, 9.3328380899e-005, 3.90815730498e-005, 5.12572369189e-005, 0.000107857646071, 0.000114057722385, 5.67928946111e-005, 5.70385454921e-005, 0.000112746536615, 0.000134954636451, 0.000150453124661, 0.000256953033386, 0.000183867392479, 0.000175044508069, 3.62571627193e-005, 6.31595730738e-006, 2.29398870033e-006, 1.13371584121e-006, 6.46602700272e-008, 5.30238575269e-010, 5.52201305515e-011]
        dmean2: [6.64794754357e-007, 0.000182651361683, 0.00046051069512, 0.000260918022832, 0.000507575459778, 0.000242078895099, 0.000209871475818, 0.000114325164759, 0.000144007266499, 6.16925972281e-005, 8.04105438874e-005, 0.000170947183506, 0.000177924128366, 9.39287274377e-005, 9.32125913096e-005, 0.000188411795534, 0.000224316550884, 0.000259590073256, 0.000434223358752, 0.000309286027914, 0.000309147377266, 6.15187527728e-005, 1.0439435755e-005, 3.61270281246e-006, 1.72705642854e-006, 9.74976401835e-008, 8.73079164521e-010, 1.02665563551e-010]
        dvar: [4.97450550804e-013, 3.39305472608e-008, 1.94268110931e-007, 7.99044386213e-008, 4.41421150299e-007, 9.24159024862e-008, 7.17306960496e-008, 1.35387177025e-008, 4.81640967109e-008, 7.96634669342e-009, 1.45995029399e-008, 6.03083236683e-008, 7.75475967885e-008, 9.93391502391e-009, 1.03718829081e-008, 2.98111686448e-008, 4.51795756362e-008, 5.97268652314e-008, 1.32930182417e-007, 8.03604223165e-008, 8.79021371247e-008, 3.59331120414e-009, 1.01795356866e-010, 4.69745110865e-011, 1.31337198062e-011, 2.67806102002e-014, 3.03729367876e-018, 6.78948392755e-021]
        dvar2: [1.10235551156e-012, 9.24340497477e-008, 5.40580231245e-007, 2.18960920506e-007, 1.2150189832e-006, 2.16690764887e-007, 1.59494007335e-007, 3.35252963168e-008, 1.0630542846e-007, 1.88121109801e-008, 3.25305862248e-008, 1.46627115782e-007, 1.72261394482e-007, 2.5361917011e-008, 2.45947671118e-008, 7.69264829614e-008, 1.09733690579e-007, 1.62767946676e-007, 3.61650137393e-007, 2.05101500228e-007, 2.44097179802e-007, 9.35111632572e-009, 2.47528220143e-010, 1.02703595628e-010, 2.8411549155e-011, 5.6558724311e-014, 7.42695528073e-018, 2.17034356652e-020]
        max: [7.13869258107e-006, 0.00166369439103, 0.00404240656644, 0.00535273645073, 0.00853593833745, 0.00568322231993, 0.00755669223145, 0.0021589784883, 0.00531496666372, 0.00240248255432, 0.00345266168006, 0.00694572227076, 0.00643432419747, 0.00215108133852, 0.00241391337477, 0.00373102538288, 0.00704463664442, 0.00439698947594, 0.00538657791913, 0.00662208721042, 0.00425889156759, 0.00110242411029, 0.000177017922397, 0.000196150023839, 0.000128776402562, 4.29220472142e-006, 5.21365066675e-008, 1.07741282562e-009]
        mean: [5.07125037075e-007, 9.76164737949e-005, 0.00027159973979, 0.000180482544238, 0.000393385940697, 0.000229304016102, 0.000240459572524, 0.00012597074965, 0.000173126449226, 6.51572045172e-005, 8.52997254697e-005, 0.000183187527, 0.000201203161851, 9.47542357608e-005, 9.50619432842e-005, 0.000214033352677, 0.000272075587418, 0.000270150136203, 0.000587757618632, 0.000434138695709, 0.000317575613735, 7.15531059541e-005, 1.35871559905e-005, 4.96607481182e-006, 2.24353198064e-006, 1.16212014234e-007, 5.2797377581e-010, 4.2952613688e-011]
        median: [1.49422561435e-007, 4.30189793406e-005, 0.000125653954456, 0.000105743914901, 0.0002117689437, 0.000103494770883, 8.84350592969e-005, 6.61190933897e-005, 4.77233043057e-005, 2.42693622567e-005, 3.69861190848e-005, 6.23128071311e-005, 4.68638900202e-005, 5.40431719855e-005, 5.45976072317e-005, 0.000156022200827, 0.000202150753466, 0.00022668443853, 0.000546225754078, 0.000389013381209, 0.000254321610555, 4.95736312587e-005, 8.81427422428e-006, 2.63828928837e-006, 9.51951506067e-007, 3.98516064593e-008, 1.11393214097e-010, 1.39086615489e-011]
        min: [4.96990850544e-025, 3.57682156202e-024, 7.84835249414e-025, 1.63990278522e-024, 8.1262313118e-024, 1.47624211251e-023, 1.04772403355e-023, 1.0705924801e-023, 1.78126496338e-023, 1.67722825171e-023, 2.00284431652e-023, 2.88906075486e-023, 2.38296877661e-023, 3.35104105124e-023, 3.03187423988e-023, 6.89050184525e-023, 6.33384561846e-023, 7.9299308486e-023, 1.19739227807e-022, 1.77875184187e-022, 2.57229416324e-022, 2.96259047984e-022, 4.25125245003e-022, 6.51963018714e-022, 1.00655208286e-021, 1.34760081026e-021, 1.83769785111e-021, 5.50326684557e-022]
        var: [6.40787932698e-013, 2.61112589328e-008, 1.66260406331e-007, 7.17036456876e-008, 4.09150260339e-007, 1.71589505271e-007, 2.37078154441e-007, 2.98397750953e-008, 1.41623928585e-007, 1.66670108825e-008, 2.79942273806e-008, 1.38454439025e-007, 2.3286766293e-007, 1.78020016506e-008, 2.25589360525e-008, 6.23262579325e-008, 1.08283877864e-007, 8.07495581512e-008, 2.98500424378e-007, 1.89105193726e-007, 1.19077149918e-007, 6.59698118355e-009, 2.62410093654e-010, 1.15552900581e-010, 2.8042420816e-011, 5.78335800474e-014, 3.02736957936e-018, 5.60862705758e-021]
    mfcc:
        mean: [-718.870788574, 97.5952529907, -43.4866943359, 55.5250091553, -16.0463733673, -0.292370706797, -0.879331767559, -7.883497715, -4.37537145615, -6.18694877625, -4.37486743927, -0.351764470339, -1.84736716747]
        cov: [[9009.38183594, -627.441467285, -1221.17907715, 941.51763916, -329.285797119, 304.713775635, 96.7331771851, 164.175994873, -16.4719924927, 11.5179834366, 79.3435821533, 196.519790649, 20.1763420105], [-627.441467285, 1396.51928711, 65.3736953735, -45.8586883545, 77.545173645, -22.3681488037, 7.95312452316, -59.9074859619, -0.438915401697, -39.8112297058, -0.847171008587, -17.6229133606, 41.8807296753], [-1221.17907715, 65.3736953735, 594.420227051, -30.9807415009, 72.573677063, -36.4620933533, -15.5482206345, -5.05269479752, 13.0066165924, -2.62841105461, -8.1569108963, -30.5363197327, 7.99683570862], [941.51763916, -45.8586883545, -30.9807415009, 496.53704834, 19.7610549927, 41.5753860474, 15.0458526611, 37.856803894, 34.3684196472, 16.4679298401, 50.7088356018, 38.2053489685, 29.703710556], [-329.285797119, 77.545173645, 72.573677063, 19.7610549927, 178.379653931, 33.3628120422, 7.24644899368, 0.224376127124, 21.0776538849, 12.0947980881, 9.05480289459, -8.63679599762, 3.47070527077], [304.713775635, -22.3681488037, -36.4620933533, 41.5753860474, 33.3628120422, 136.776779175, 53.2494506836, 32.0206336975, 7.24435949326, 17.5036678314, 18.157907486, 13.0061073303, 5.51019430161], [96.7331771851, 7.95312452316, -15.5482206345, 15.0458526611, 7.24644899368, 53.2494506836, 120.39781189, 56.2249603271, 13.2370491028, 0.288160473108, 11.1300954819, 14.1666555405, 6.74042272568], [164.175994873, -59.9074859619, -5.05269479752, 37.856803894, 0.224376127124, 32.0206336975, 56.2249603271, 103.591842651, 35.3794746399, 17.0077362061, 16.5027389526, 15.7663831711, 4.4597735405], [-16.4719924927, -0.438915401697, 13.0066165924, 34.3684196472, 21.0776538849, 7.24435949326, 13.2370491028, 35.3794746399, 79.4271011353, 38.3975257874, 12.4683485031, -0.526429116726, -0.310372918844], [11.5179834366, -39.8112297058, -2.62841105461, 16.4679298401, 12.0947980881, 17.5036678314, 0.288160473108, 17.0077362061, 38.3975257874, 89.5132522583, 42.4140739441, 6.95507621765, -10.6141853333], [79.3435821533, -0.847171008587, -8.1569108963, 50.7088356018, 9.05480289459, 18.157907486, 11.1300954819, 16.5027389526, 12.4683485031, 42.4140739441, 78.7785797119, 34.0576553345, 7.15570545197], [196.519790649, -17.6229133606, -30.5363197327, 38.2053489685, -8.63679599762, 13.0061073303, 14.1666555405, 15.7663831711, -0.526429116726, 6.95507621765, 34.0576553345, 64.2478027344, 28.0271186829], [20.1763420105, 41.8807296753, 7.99683570862, 29.703710556, 3.47070527077, 5.51019430161, 6.74042272568, 4.4597735405, -0.310372918844, -10.6141853333, 7.15570545197, 28.0271186829, 62.4907302856]]
        icov: [[0.000245413568337, 3.24896354869e-005, 0.000390181259718, -0.000425219361205, 0.000348510104232, -0.000425534322858, 0.000154565117555, -0.000184546443052, 0.000119131647807, 2.52610680036e-005, 0.000260176107986, -0.000393833470298, 0.000217566921492], [3.24896354869e-005, 0.000814726401586, 5.0647820899e-005, 4.03846752306e-005, -0.000259534659563, 0.000110270615551, -0.000341495848261, 0.000628230103757, -0.000350223504938, 0.000516172265634, -0.000492744555231, 0.000477212481201, -0.000657171767671], [0.000390181259718, 5.0647820899e-005, 0.00251497211866, -0.000568969815504, -0.000264757458353, -2.88499268208e-006, 0.000294875382679, -0.000547953008208, 0.000113940172014, 0.000120205273561, 6.8772918894e-005, 0.000518125481904, -0.000408322754083], [-0.000425219361205, 4.03846752306e-005, -0.000568969815504, 0.003089672653, -0.000719964213204, 0.000194829655811, 0.000178255024366, -2.65298058366e-005, -0.00128726451658, 0.000862342014443, -0.0019574041944, 0.000457825051853, -0.00112122390419], [0.000348510104232, -0.000259534659563, -0.000264757458353, -0.000719964213204, 0.00727344071493, -0.00269492855296, 0.000392940855818, 0.000653761497233, -0.00166825379711, 0.000281325803371, -0.000501370173879, 0.000672906462569, -2.27496202569e-005], [-0.000425534322858, 0.000110270615551, -2.88499268208e-006, 0.000194829655811, -0.00269492855296, 0.0108935153112, -0.00423248112202, -0.000585088157095, 0.0016715641832, -0.00225918460637, -0.000401133933337, 0.000606075802352, -0.000942657352425], [0.000154565117555, -0.000341495848261, 0.000294875382679, 0.000178255024366, 0.000392940855818, -0.00423248112202, 0.0132519854233, -0.00646109180525, -0.000130983826239, 0.00222124252468, -0.000588644412346, -0.00104172760621, 0.000350843707565], [-0.000184546443052, 0.000628230103757, -0.000547953008208, -2.65298058366e-005, 0.000653761497233, -0.000585088157095, -0.00646109180525, 0.0164748877287, -0.00644842768088, 0.00055342115229, -0.00092111446429, -0.00160811166279, 0.000146397345816], [0.000119131647807, -0.000350223504938, 0.000113940172014, -0.00128726451658, -0.00166825379711, 0.0016715641832, -0.000130983826239, -0.00644842768088, 0.0203374065459, -0.00929444376379, 0.00316098821349, 0.00146492174827, -0.00128350662999], [2.52610680036e-005, 0.000516172265634, 0.000120205273561, 0.000862342014443, 0.000281325803371, -0.00225918460637, 0.00222124252468, 0.00055342115229, -0.00929444376379, 0.0212252996862, -0.0115427104756, 0.00183454703074, 0.00318306777626], [0.000260176107986, -0.000492744555231, 6.8772918894e-005, -0.0019574041944, -0.000501370173879, -0.000401133933337, -0.000588644412346, -0.00092111446429, 0.00316098821349, -0.0115427104756, 0.024916017428, -0.012180712074, 0.00202539819293], [-0.000393833470298, 0.000477212481201, 0.000518125481904, 0.000457825051853, 0.000672906462569, 0.000606075802352, -0.00104172760621, -0.00160811166279, 0.00146492174827, 0.00183454703074, -0.012180712074, 0.0287656988949, -0.0115280309692], [0.000217566921492, -0.000657171767671, -0.000408322754083, -0.00112122390419, -2.27496202569e-005, -0.000942657352425, 0.000350843707565, 0.000146397345816, -0.00128350662999, 0.00318306777626, 0.00202539819293, -0.0115280309692, 0.022466532886]]
    sccoeffs:
        dmean: [0.0569295883179, 0.0491876341403, 0.0362908244133, 0.0289984047413, 0.0190014764667, 0.0186583064497]
        dmean2: [0.0961380153894, 0.0811097770929, 0.0597134195268, 0.0482973754406, 0.0316888056695, 0.0302070491016]
        dvar: [0.00210139062256, 0.00153245520778, 0.000835508166347, 0.000525330367964, 0.000248561642366, 0.000311061507091]
        dvar2: [0.00585693353787, 0.00408369768411, 0.00218254863285, 0.00140581210144, 0.000643867184408, 0.000741301220842]
        max: [-0.298359543085, -0.43739926815, -0.528369665146, -0.594095766544, -0.546544551849, -0.533818304539]
        mean: [-0.663523614407, -0.74591499567, -0.785283029079, -0.79546636343, -0.808136343956, -0.727057754993]
        median: [-0.666629016399, -0.749762892723, -0.792082071304, -0.799850463867, -0.80725133419, -0.72153031826]
        min: [-0.976542830467, -0.988499462605, -0.977974295616, -0.979071080685, -0.978458404541, -0.963985204697]
        var: [0.00551687693223, 0.00517342239618, 0.00388486753218, 0.00231338129379, 0.00120793213136, 0.00209344970062]
    scvalleys:
        dmean: [0.449527055025, 0.372382998466, 0.313543140888, 0.283458173275, 0.242999926209, 0.288394778967]
        dmean2: [0.719566881657, 0.609294593334, 0.501870989799, 0.454907417297, 0.376582354307, 0.410061836243]
        dvar: [0.182287305593, 0.120623663068, 0.0846176967025, 0.0761280208826, 0.0942792966962, 0.164567917585]
        dvar2: [0.379929184914, 0.282781600952, 0.188407987356, 0.163203641772, 0.192526474595, 0.330974578857]
        max: [-4.96988630295, -4.60032510757, -5.15529918671, -5.72005462646, -5.40490484238, -7.50247144699]
        mean: [-7.10938358307, -6.83940267563, -7.31694936752, -7.37418317795, -7.09577560425, -9.95268630981]
        median: [-6.71039009094, -6.58730602264, -7.05281257629, -7.01083564758, -6.47537517548, -9.4446182251]
        min: [-27.8971195221, -27.9825267792, -27.8190441132, -27.6458721161, -27.4696540833, -27.4860153198]
        var: [3.1361219883, 2.70522809029, 2.62082624435, 2.76770401001, 3.2775015831, 3.20048356056]

rhythm:
    beats_loudness:
        dmean: 0.00216878624633
        dmean2: 0.00392085267231
        dvar: 3.11894928018e-006
        dvar2: 9.58132022788e-006
        max: 0.0129556795582
        mean: 0.00535886501893
        median: 0.00558097613975
        min: 0
        var: 8.44841270009e-006
    bpm: 116.933158875
    bpm_confidence: 0
    first_peak_bpm: 117
    first_peak_spread: 0.228571385145
    first_peak_weight: 0.682310461998
    onset_rate: 3.19600987434
    second_peak_bpm: 112
    second_peak_spread: 0.391304343939
    second_peak_weight: 0.0252707581967
    beats_loudness_band_ratio:
        dmean: [0.103956438601, 0.0969879999757, 0.0871312469244, 0.0649778693914, 0.0757187157869, 0.0917359739542]
        dmean2: [0.176043316722, 0.170872107148, 0.152874469757, 0.112197734416, 0.130868583918, 0.159667894244]
        dvar: [0.0101306717843, 0.00718923285604, 0.00920952204615, 0.00534381950274, 0.00721913157031, 0.0108055099845]
        dvar2: [0.0282128807157, 0.0182207226753, 0.0248608682305, 0.0149860242382, 0.0233396179974, 0.0310042444617]
        max: [0.830631613731, 0.887260437012, 0.782257139683, 0.556140899658, 0.739484071732, 0.798176825047]
        mean: [0.187301248312, 0.154389753938, 0.130489185452, 0.103444874287, 0.191995918751, 0.268103599548]
        median: [0.128108486533, 0.121890634298, 0.101097039878, 0.0710899606347, 0.192340910435, 0.288063555956]
        min: [0, 0, 0, 0, 0, 0]
        var: [0.0262972824275, 0.0161088779569, 0.0104057528079, 0.00809242762625, 0.0101494742557, 0.0228750891984]
    beats_position: [0.580498874187, 1.16099774837, 1.75310659409, 2.34521532059, 2.93732428551, 3.45977306366, 3.98222208023, 4.5046710968, 5.02712011337, 5.53795909882, 6.07201814651, 6.60607719421, 7.14013576508, 7.67419481277, 8.20825386047, 8.74231243134, 9.26476192474, 9.78721046448, 10.3096599579, 10.8437185287, 11.3777770996, 11.900226593, 12.4226751328, 12.9451246262, 13.4675731659, 14.0016326904, 14.5240812302, 15.0465307236, 15.5573692322, 16.0682086945, 16.5790481567, 17.0898857117, 17.600725174, 18.1231746674, 18.6456241608, 19.1564617157, 19.667301178, 20.1781406403, 20.6889801025, 21.1998176575, 21.7106571198, 22.221496582, 22.7323360443, 23.2431735992, 23.7540130615, 24.2764625549, 24.7989120483, 25.3097496033, 25.8205890656, 26.3314285278, 26.8422679901, 27.353105545, 27.8639450073, 28.3863945007, 28.897233963, 29.4080715179, 29.9189109802, 30.4413604736, 30.9521980286, 31.4630374908, 31.9738769531, 32.4847145081, 32.9955558777, 33.5063934326, 34.0172348022, 34.5280723572, 35.0389099121, 35.5497512817, 36.0605888367, 36.5830383301, 37.1054878235, 37.6163253784, 38.1271629333, 38.638004303, 39.1488418579, 39.6596832275, 40.1705207825, 40.6813583374, 41.2038078308, 41.7146492004, 42.2254867554, 42.7363243103, 43.2587738037, 43.7696151733, 44.2804527283, 44.7912902832, 45.3021316528, 45.8129692078, 46.3238105774, 46.8346481323, 47.3570976257, 47.8679351807, 48.3903846741, 48.901222229, 49.3191833496, 49.748752594, 50.1667098999, 50.5846710205, 51.0026283264, 51.4321975708, 51.8269386292, 52.2216758728, 52.6164169312, 52.999546051, 53.3826751709, 53.789024353, 54.2069816589, 54.6365509033, 55.0545120239, 55.4724693298, 55.8904304504, 56.3083877563, 56.7031288147, 57.0978660583, 57.4926071167, 57.8757362366, 58.2588653564, 58.6303825378, 59.0019035339, 59.3618125916, 59.7217216492, 60.0816307068, 60.4415397644, 60.8246688843, 61.2077980042, 61.590927124, 61.9740562439, 62.3687973022, 62.7867546082, 63.2163238525, 63.6226730347, 64.1451263428, 64.6675720215, 65.1900177002, 65.7124710083, 66.2465286255, 66.7921981812, 67.3378677368, 67.871925354, 68.3827667236, 68.8936004639, 69.4044418335, 69.9268951416, 70.4493408203, 70.9601821899, 71.4710159302, 71.9818572998, 72.4926986694, 73.0035324097, 73.5143737793, 74.0252151489, 74.5360565186, 75.0468902588, 75.5693435669, 76.0917892456, 76.6026306152, 77.1134643555, 77.6243057251, 78.1351470947, 78.6459884644, 79.1568222046, 79.6676635742, 80.1901092529, 80.712562561, 81.2350082397, 81.7342376709, 82.2450790405, 82.7559204102, 83.2667541504, 83.77759552, 84.2884368896, 84.7992706299, 85.3101119995, 85.8209533691, 86.3317871094, 86.842628479, 87.3534698486, 87.8643035889, 88.386756897, 88.9092025757, 89.4200439453, 89.9308853149, 90.4417190552, 90.9525604248, 91.4634017944, 91.9742355347, 92.4850769043, 92.9959182739, 93.5067520142, 94.0175933838, 94.5400466919, 95.0624923706, 95.5733337402, 96.0841674805, 96.5950088501, 97.1058502197, 97.61668396, 98.1275253296, 98.6383666992, 99.1492080688, 99.6600418091, 100.170883179, 100.693328857, 101.215782166, 101.726615906, 102.237457275, 102.748298645, 103.259140015, 103.769973755, 104.280815125, 104.791656494, 105.302490234, 105.813331604, 106.324172974, 106.835006714, 107.357460022, 107.879905701, 108.39074707, 108.90158844, 109.41242218, 109.92326355, 110.434104919, 110.94493866, 111.467391968, 111.989837646, 112.512290955, 113.011520386, 113.522354126, 114.033195496, 114.544036865, 115.054870605, 115.565711975, 116.076553345, 116.587387085, 117.098228455, 117.609069824, 118.119903564, 118.630744934, 119.141586304, 119.664031982, 120.174873352, 120.697319031, 121.2081604, 121.71900177, 122.22983551, 122.74067688, 123.25151825, 123.762359619, 124.273193359, 124.795646667, 125.318092346, 125.828933716, 126.339767456, 126.850608826, 127.361450195, 127.872291565, 128.383132935, 128.893966675, 129.404800415, 129.915649414, 130.426483154, 130.948928833, 131.459777832, 131.982223511, 132.493057251, 133.003890991, 133.51473999, 134.02557373, 134.536407471, 135.04725647, 135.55809021, 136.080535889, 136.591384888, 137.102218628, 137.613052368, 138.135513306, 138.646347046, 139.157180786, 139.668029785, 140.178863525, 140.689697266, 141.200546265, 141.722991943, 142.245437622, 142.756271362, 143.267120361, 143.777954102, 144.288803101, 144.799636841, 145.310470581, 145.82131958, 146.33215332, 146.842987061, 147.35383606, 147.8646698, 148.387115479, 148.909561157, 149.420410156, 149.931243896, 150.442077637, 150.952926636, 151.463760376, 151.974594116, 152.485443115, 152.996276855, 153.507110596, 154.017959595, 154.540405273, 155.062850952, 155.573699951, 156.084533691, 156.595367432, 157.106216431, 157.617050171, 158.127883911, 158.63873291, 159.14956665, 159.660400391, 160.17124939, 160.693695068, 161.216140747, 161.726974487, 162.237823486, 162.748657227, 163.259490967, 163.770339966, 164.281173706, 164.803619385, 165.302856445, 165.813690186, 166.324539185, 166.846984863, 167.369430542, 167.880264282, 168.391113281, 168.901947021, 169.412780762, 169.923629761, 170.434463501, 170.95690918, 171.479354858, 171.990203857, 172.489425659, 173.000274658, 173.511108398, 174.021942139, 174.544403076, 175.055236816, 175.566070557, 176.076919556, 176.587753296, 177.098587036, 177.609436035, 178.120269775, 178.642715454, 179.153549194, 179.676010132, 180.186843872, 180.697677612, 181.208526611, 181.719360352, 182.230194092, 182.741043091, 183.26348877, 183.785934448, 184.296783447, 184.807617188, 185.318450928, 185.829299927, 186.340133667, 186.850967407, 187.361816406, 187.884262085, 188.406707764, 188.917541504, 189.428390503, 189.939224243, 190.450057983, 190.960906982, 191.471740723, 191.982574463, 192.493423462, 193.004257202, 193.515090942, 194.025939941, 194.536773682, 195.047622681, 195.570068359, 196.092514038, 196.603347778, 197.102584839, 197.613418579, 198.135864258, 198.646713257, 199.157546997, 199.668380737, 200.179229736, 200.690063477, 201.200897217, 201.711746216, 202.234191895, 202.745025635, 203.255874634, 203.778320313, 204.289154053, 204.800003052, 205.310836792, 205.821670532, 206.332519531, 206.843353271, 207.36579895, 207.888244629, 208.399093628, 208.909927368, 209.420761108, 209.931610107, 210.442443848, 210.953277588, 211.464126587, 211.974960327, 212.485794067, 213.008255005, 213.530700684, 214.041534424, 214.552383423, 215.063217163, 215.574050903, 216.084899902, 216.595733643, 217.106567383, 217.617416382, 218.139862061, 218.650695801, 219.1615448, 219.683990479, 220.206436157, 220.717269897, 221.216506958, 221.727340698, 222.238174438, 222.749023438, 223.259857178, 223.770706177, 224.281539917, 224.792373657, 225.303222656, 225.814056396, 226.324890137, 226.835739136, 227.358184814, 227.869018555, 228.391464233, 228.902313232, 229.413146973, 229.923980713, 230.434829712, 230.945663452, 231.456497192, 231.967346191, 232.478179932, 233.00062561, 233.523086548, 234.033920288, 234.544754028, 235.055603027, 235.566436768, 236.077270508, 236.588119507, 237.098953247, 237.609786987, 238.132247925, 238.654693604, 239.165527344, 239.676361084, 240.187210083, 240.698043823, 241.208877563, 241.719726563, 242.230560303, 242.76461792, 243.287063599, 243.786300659, 244.297134399, 244.807983398, 245.318817139, 245.829650879, 246.340499878, 246.851333618, 247.362167358, 247.873016357, 248.383850098, 248.894683838, 249.405532837, 249.916366577, 250.438812256, 250.961257935, 251.472106934, 251.982940674, 252.493789673, 253.004623413, 253.515457153, 254.026306152, 254.537139893, 255.047973633, 255.558822632, 256.069641113, 256.580505371, 257.102935791, 257.625396729, 258.136230469, 258.647064209, 259.157897949, 259.668762207, 260.179595947, 260.690429688, 261.201263428, 261.712097168, 262.222930908, 262.745391846, 263.267852783, 263.778686523, 264.289520264, 264.800354004, 265.311187744, 265.822021484, 266.332885742, 266.843719482, 267.354553223, 267.865386963, 268.3878479, 268.898681641, 269.421142578, 269.931976318, 270.442810059, 270.953643799, 271.464477539, 271.975311279, 272.486175537, 273.008605957, 273.519439697, 274.041900635, 274.552734375, 275.063568115, 275.574401855, 276.085266113, 276.607696533, 277.14175415, 277.675811768, 278.221496582, 278.767150879, 279.324432373, 279.881713867, 280.438995361, 280.996276855, 281.55355835]
