
metadata:
    version:
        essentia: "2.1-beta2"
    audio_properties:
        analysis_sample_rate: 44100
        bitrate: 256
        channels: 2
        equal_loudness: 1
        length: 256.026123047
        replay_gain: -15.2983779907
        downmix: "mix"
    tags:
        album: "Indestructible"
        artist: "Disturbed"
        comment: ""
        date: "2008"
        genre: "Rock"
        title: "Criminal"
        tracknumber: "10"

configuration:
    average_loudness:
        compute: 1
        frameSize: 88200
        hopSize: 44100
        silentFrames: "noise"
        windowType: "hann"
    general:
        analysisSampleRate: 44100
        endTime: 2000
        equalLoudness: 1
        nequalLoudness: 0
        shortSound: 0
        startTime: 0
    lowlevel:
        compute: 1
        frameSize: 2048
        hopSize: 1024
        zeroPadding: 0
        silentFrames: "noise"
        windowType: "blackmanharris62"
        mfccStats: ["mean", "cov", "icov"]
        stats: ["mean", "var", "median", "min", "max", "dmean", "dmean2", "dvar", "dvar2"]
    panning:
        compute: 0
        frameSize: 8192
        hopSize: 2048
        zeroPadding: 8192
        silentFrames: "noise"
        windowType: "hann"
        stats: ["copy"]
    rhythm:
        compute: 1
        maxTempo: 208
        minTempo: 40
        method: "degara"
        stats: ["mean", "var", "median", "min", "max", "dmean", "dmean2", "dvar", "dvar2"]
    segmentation:
        compute: 0
        cpw: 5
        inc1: 300
        inc2: 50
        minimumSegmentsLength: 10
        size1: 1000
        size2: 600
    sfx:
        compute: 1
        stats: ["mean", "var", "median", "min", "max", "dmean", "dmean2", "dvar", "dvar2"]
    svm:
        compute: 0
    tonal:
        compute: 1
        frameSize: 4096
        hopSize: 2048
        zeroPadding: 0
        silentFrames: "noise"
        windowType: "blackmanharris62"
        stats: ["mean", "var", "median", "min", "max", "dmean", "dmean2", "dvar", "dvar2"]

lowlevel:
    average_loudness: 0.92781996727
    barkbands_kurtosis:
        dmean: 0.756134271622
        dmean2: 1.22876942158
        dvar: 1.47160124779
        dvar2: 3.39534544945
        max: 29.8561325073
        mean: -0.640465319157
        median: -1.14129948616
        min: -1.89259004593
        var: 2.56096100807
    barkbands_skewness:
        dmean: 0.431726396084
        dmean2: 0.672049045563
        dvar: 0.162652313709
        dvar2: 0.362393826246
        max: 5.26012325287
        mean: -0.402435839176
        median: -0.447042495012
        min: -3.80753207207
        var: 0.605869531631
    barkbands_spread:
        dmean: 7.08344650269
        dmean2: 11.3315191269
        dvar: 42.9070472717
        dvar2: 109.004669189
        max: 73.0841293335
        mean: 37.7778778076
        median: 38.3475723267
        min: 2.7372918129
        var: 119.498504639
    dissonance:
        dmean: 0.00812774710357
        dmean2: 0.0138023151085
        dvar: 7.6136268035e-005
        dvar2: 0.000207302640774
        max: 0.500000059605
        mean: 0.486361026764
        median: 0.488981962204
        min: 0.360161066055
        var: 0.000118628930068
    hfc:
        dmean: 3.202698946
        dmean2: 5.22966337204
        dvar: 17.5681381226
        dvar2: 44.6615219116
        max: 52.569026947
        mean: 10.6344232559
        median: 9.54115962982
        min: 1.03868182781e-016
        var: 43.4562263489
    pitch:
        dmean: 1015.72949219
        dmean2: 1923.70410156
        dvar: 1862363.25
        dvar2: 4436402.5
        max: 5517.86572266
        mean: 2262.94897461
        median: 3424.79003906
        min: 56.3187866211
        var: 2664348.5
    pitch_instantaneous_confidence:
        dmean: 0.0752432495356
        dmean2: 0.123558595777
        dvar: 0.0037020558957
        dvar2: 0.00982651114464
        max: 0.839929997921
        mean: 0.347177565098
        median: 0.338280051947
        min: 0.0973206758499
        var: 0.0102069796994
    pitch_salience:
        dmean: 0.0605896934867
        dmean2: 0.101088345051
        dvar: 0.00300016766414
        dvar2: 0.00787124782801
        max: 0.98202085495
        mean: 0.680968165398
        median: 0.693548023701
        min: 0.203693687916
        var: 0.00635077571496
    silence_rate_20dB:
        dmean: 0
        dmean2: 0
        dvar: 0
        dvar2: 0
        max: 1
        mean: 1
        median: 1
        min: 1
        var: 0
    silence_rate_30dB:
        dmean: 0
        dmean2: 0
        dvar: 0
        dvar2: 0
        max: 1
        mean: 1
        median: 1
        min: 1
        var: 0
    silence_rate_60dB:
        dmean: 0.105740457773
        dmean2: 0.211500093341
        dvar: 0.0945544913411
        dvar2: 0.201561063528
        max: 1
        mean: 0.241566926241
        median: 0
        min: 0
        var: 0.183204650879
    spectral_centroid:
        dmean: 318.32220459
        dmean2: 502.169403076
        dvar: 96174.671875
        dvar2: 219596.296875
        max: 11796.4707031
        mean: 2206.68139648
        median: 2126.671875
        min: 202.661972046
        var: 1232755.625
    spectral_complexity:
        dmean: 4.90360021591
        dmean2: 7.66370391846
        dvar: 23.4491558075
        dvar2: 50.3001213074
        max: 52
        mean: 18.9712543488
        median: 19
        min: 0
        var: 95.8341598511
    spectral_crest:
        dmean: 1.7922577858
        dmean2: 3.01534891129
        dvar: 2.79584121704
        dvar2: 7.37797355652
        max: 20.3405132294
        mean: 6.23432207108
        median: 5.72765159607
        min: 2.47961425781
        var: 4.75232553482
    spectral_decrease:
        dmean: 3.33928523721e-010
        dmean2: 5.4069004829e-010
        dvar: 1.80136724658e-019
        dvar2: 4.58585002491e-019
        max: 2.04231437241e-028
        mean: -1.0644812809e-009
        median: -9.88959469872e-010
        min: -5.03194552692e-009
        var: 3.47920773488e-019
    spectral_energy:
        dmean: 0.00150824873708
        dmean2: 0.00244191475213
        dvar: 3.69571534975e-006
        dvar2: 9.3866538009e-006
        max: 0.0234132818878
        mean: 0.00498217763379
        median: 0.00463790539652
        min: 1.01396930398e-020
        var: 7.54886013965e-006
    spectral_energyband_high:
        dmean: 0.000289345509373
        dmean2: 0.000481569906697
        dvar: 1.56423510589e-007
        dvar2: 4.01101857506e-007
        max: 0.00644135382026
        mean: 0.000735005829483
        median: 0.000595760880969
        min: 7.0203246718e-021
        var: 3.25864419892e-007
    spectral_energyband_low:
        dmean: 0.000448062695796
        dmean2: 0.000767329183873
        dvar: 4.36003233517e-007
        dvar2: 1.18069044674e-006
        max: 0.00603969953954
        mean: 0.000607256894
        median: 0.00036247249227
        min: 8.09883575029e-024
        var: 5.19419984357e-007
    spectral_energyband_middle_high:
        dmean: 0.000788991106674
        dmean2: 0.00127813208383
        dvar: 8.27860105801e-007
        dvar2: 2.03605100069e-006
        max: 0.012698228471
        mean: 0.00256754271686
        median: 0.00231818016618
        min: 9.84911192229e-022
        var: 2.519499958e-006
    spectral_energyband_middle_low:
        dmean: 0.000619935977738
        dmean2: 0.00100431940518
        dvar: 9.65234448813e-007
        dvar2: 2.42911573878e-006
        max: 0.0107834720984
        mean: 0.00126805319451
        median: 0.000963599304669
        min: 1.46295453942e-022
        var: 1.30265777898e-006
    spectral_flatness_db:
        dmean: 0.0142619637772
        dmean2: 0.0226059984416
        dvar: 0.000162223121151
        dvar2: 0.000376982497983
        max: 0.303793489933
        mean: 0.142544791102
        median: 0.139189630747
        min: 0.0532754771411
        var: 0.000658469682094
    spectral_flux:
        dmean: 0.00844943337142
        dmean2: 0.0128170317039
        dvar: 8.77493803273e-005
        dvar2: 0.000167833612068
        max: 0.123657003045
        mean: 0.0439692959189
        median: 0.0431298986077
        min: 6.23667853472e-011
        var: 0.00025033444399
    spectral_kurtosis:
        dmean: 0.830840826035
        dmean2: 1.39934253693
        dvar: 0.725193858147
        dvar2: 2.01737999916
        max: 22.1822433472
        mean: 2.70075559616
        median: 2.53134703636
        min: -1.26659917831
        var: 1.85650074482
    spectral_rms:
        dmean: 0.000316070771078
        dmean2: 0.000499945133924
        dvar: 1.24692135728e-007
        dvar2: 3.04966420117e-007
        max: 0.00477935420349
        mean: 0.00210690894164
        median: 0.0021271542646
        min: 3.14521607543e-012
        var: 4.21573105314e-007
    spectral_rolloff:
        dmean: 328.24899292
        dmean2: 526.289245605
        dvar: 201620.09375
        dvar2: 409049.46875
        max: 19552.1484375
        mean: 3961.80078125
        median: 3897.50976563
        min: 150.732421875
        var: 2993511.25
    spectral_skewness:
        dmean: 0.144601076841
        dmean2: 0.233582943678
        dvar: 0.0186744909734
        dvar2: 0.0459204651415
        max: 3.61455893517
        mean: 1.05733346939
        median: 1.03729689121
        min: -0.076252438128
        var: 0.0926405340433
    spectral_spread:
        dmean: 455627.65625
        dmean2: 660592.375
        dvar: 504419549184
        dvar2: 986733674496
        max: 42840180
        mean: 5051812
        median: 4451858
        min: 2101476.5
        var: 1.60719783854e+013
    spectral_strongpeak:
        dmean: 0.510370314121
        dmean2: 0.898957133293
        dvar: 0.584658920765
        dvar2: 1.52822875977
        max: 8.21504974365
        mean: 0.608394801617
        median: 0.218191593885
        min: 0
        var: 0.728863656521
    zerocrossingrate:
        dmean: 0.00879601482302
        dmean2: 0.0106975045055
        dvar: 7.41692565498e-005
        dvar2: 9.56473668339e-005
        max: 0.54052734375
        mean: 0.120951004326
        median: 0.1181640625
        min: 0.01953125
        var: 0.00219981954433
    barkbands:
        dmean: [3.65444208228e-007, 0.000101385259768, 0.000280640146229, 0.000198009845917, 0.000333474512445, 0.000168070720974, 0.000126657527289, 5.26286239619e-005, 4.42208001914e-005, 4.94862215419e-005, 3.99544405809e-005, 9.31378090172e-005, 8.59580250108e-005, 9.91167908069e-005, 7.86544333096e-005, 0.000134632005938, 0.000162187221576, 0.000170873143361, 0.000305655092234, 0.000223562310566, 0.000170400802745, 4.34667454101e-005, 7.26652706362e-006, 2.49589879786e-006, 1.81441282621e-006, 7.00412456922e-008, 3.1319721816e-010]
        dmean2: [5.96108179707e-007, 0.000176860427018, 0.000487606506795, 0.00032687469502, 0.000568108865991, 0.000273031793768, 0.000206638374948, 8.77568891156e-005, 7.22834447515e-005, 7.95626401668e-005, 6.69388027745e-005, 0.000150824256707, 0.000141676078783, 0.000163291129866, 0.000128642874188, 0.000222045084229, 0.000265461392701, 0.000288195005851, 0.000510632293299, 0.000368359847926, 0.000291681906674, 7.19283998478e-005, 1.16414285003e-005, 3.88679154639e-006, 2.71665794571e-006, 1.08707808977e-007, 5.54621903959e-010]
        dvar: [4.29049265734e-013, 3.61037422181e-008, 1.75947917569e-007, 9.56313144229e-008, 5.62357683975e-007, 9.22328595721e-008, 5.50866587901e-008, 8.24787349529e-009, 7.79263853445e-009, 1.22932304336e-008, 1.18131531224e-008, 4.59633717753e-008, 3.14117585276e-008, 3.24540394558e-008, 1.96746849923e-008, 4.01630551039e-008, 4.52791937278e-008, 5.11944051595e-008, 1.33463004204e-007, 9.48354212937e-008, 5.84151749194e-008, 4.43533076933e-009, 1.22520507628e-010, 3.72621586364e-011, 4.17707084199e-011, 4.38703808253e-014, 1.13372557916e-018]
        dvar2: [1.05991723644e-012, 9.9042459567e-008, 4.84677400436e-007, 2.48221965649e-007, 1.55139957769e-006, 2.18754337311e-007, 1.33540311253e-007, 2.16827817923e-008, 1.95072704656e-008, 2.99647133772e-008, 3.23902789034e-008, 1.1705465397e-007, 7.96691637106e-008, 8.32443802778e-008, 4.88633951079e-008, 9.80912986392e-008, 1.12982782241e-007, 1.36816709073e-007, 3.54712312856e-007, 2.42202276013e-007, 1.56840428645e-007, 1.11313944728e-008, 2.8649935202e-010, 8.31926263989e-011, 9.10118022612e-011, 9.91111693042e-014, 3.20434156269e-018]
        max: [6.84403494233e-006, 0.00137732527219, 0.0037075097207, 0.00421705748886, 0.00752467243001, 0.00560773257166, 0.00354299717583, 0.00158732698765, 0.00273319729604, 0.00232875044458, 0.00359702343121, 0.00432216515765, 0.00312624243088, 0.00304318824783, 0.00245460006408, 0.00489665195346, 0.00448903767392, 0.00343106407672, 0.0060392213054, 0.00811124965549, 0.00365779781714, 0.00176589307375, 0.000194719803403, 0.000148910403368, 0.000135407535709, 5.70711790715e-006, 4.67243346236e-008]
        mean: [3.44321904322e-007, 9.77590752882e-005, 0.000335111137247, 0.000269741431111, 0.000439517869381, 0.000232419843087, 0.000176004628884, 7.42040429031e-005, 6.44976753392e-005, 7.41057301639e-005, 5.75215781282e-005, 0.000137650495162, 0.000122383746202, 0.000149494269863, 0.000129001171445, 0.000261605513515, 0.000316152028972, 0.000318093661917, 0.000711650354788, 0.000544354901649, 0.000358958495781, 8.7807973614e-005, 1.50615260281e-005, 5.38823451279e-006, 3.21723200614e-006, 1.26660481214e-007, 2.94805568846e-010]
        median: [8.46795558118e-008, 4.65497178084e-005, 0.000183757903869, 0.000157028218382, 0.000237802480115, 0.000110345674329, 8.4510895249e-005, 3.76540920115e-005, 3.6368095607e-005, 2.99295934383e-005, 2.22629241762e-005, 4.7911737056e-005, 4.47022684966e-005, 5.88989059906e-005, 5.56350241823e-005, 0.000181209063157, 0.000239641289227, 0.00025793313398, 0.000604847911745, 0.000439783558249, 0.00028263378772, 5.82807915634e-005, 9.22995968722e-006, 2.8619110708e-006, 1.25204974211e-006, 5.34043067546e-008, 1.07118064419e-010]
        min: [1.37825167454e-025, 1.81505140264e-024, 5.10137365441e-025, 1.00003098233e-024, 5.74397392995e-024, 4.34935659637e-024, 4.13999527871e-024, 8.27278431305e-024, 1.70889770384e-023, 1.51489598132e-023, 2.05127217195e-023, 2.61502041604e-023, 2.34805300409e-023, 2.49212503779e-023, 3.93487164294e-023, 3.71761745638e-023, 5.70365051592e-023, 1.00043800695e-022, 1.36370397307e-022, 1.65218826041e-022, 2.25581755689e-022, 2.68872271223e-022, 3.85117400577e-022, 6.03459205448e-022, 8.13397887252e-022, 1.31585381626e-021, 1.96301672366e-021]
        var: [4.16417930953e-013, 2.69780535689e-008, 1.87625374792e-007, 1.31214576982e-007, 5.01181432355e-007, 1.3497661655e-007, 8.3384144034e-008, 1.13609948116e-008, 1.043647746e-008, 2.20096794123e-008, 1.96282243792e-008, 7.72655610604e-008, 4.87163980267e-008, 6.01829626135e-008, 4.35362146334e-008, 8.81721433643e-008, 8.70143352927e-008, 6.95855462141e-008, 3.00271210563e-007, 2.06246298262e-007, 8.88143958377e-008, 8.66129479249e-009, 2.95570984354e-010, 8.70120572816e-011, 7.22039164569e-011, 7.4962646225e-014, 8.06242810093e-019]
    frequency_bands:
        dmean: [3.65444208228e-007, 0.000101385259768, 0.000280640146229, 0.000198009845917, 0.000333474512445, 0.000168070720974, 0.000126657527289, 5.26286239619e-005, 4.42208001914e-005, 4.94862215419e-005, 3.99544405809e-005, 9.31378090172e-005, 8.59580250108e-005, 9.91167908069e-005, 7.86544333096e-005, 0.000134632005938, 0.000162187221576, 0.000170873143361, 0.000305655092234, 0.000223562310566, 0.000170400802745, 4.34667454101e-005, 7.26652706362e-006, 2.49589879786e-006, 1.81441282621e-006, 7.00412456922e-008, 3.1319721816e-010, 5.75230973965e-011]
        dmean2: [5.96108179707e-007, 0.000176860427018, 0.000487606506795, 0.00032687469502, 0.000568108865991, 0.000273031793768, 0.000206638374948, 8.77568891156e-005, 7.22834447515e-005, 7.95626401668e-005, 6.69388027745e-005, 0.000150824256707, 0.000141676078783, 0.000163291129866, 0.000128642874188, 0.000222045084229, 0.000265461392701, 0.000288195005851, 0.000510632293299, 0.000368359847926, 0.000291681906674, 7.19283998478e-005, 1.16414285003e-005, 3.88679154639e-006, 2.71665794571e-006, 1.08707808977e-007, 5.54621903959e-010, 1.0718009813e-010]
        dvar: [4.29049265734e-013, 3.61037422181e-008, 1.75947917569e-007, 9.56313144229e-008, 5.62357683975e-007, 9.22328595721e-008, 5.50866587901e-008, 8.24787349529e-009, 7.79263853445e-009, 1.22932304336e-008, 1.18131531224e-008, 4.59633717753e-008, 3.14117585276e-008, 3.24540394558e-008, 1.96746849923e-008, 4.01630551039e-008, 4.52791937278e-008, 5.11944051595e-008, 1.33463004204e-007, 9.48354212937e-008, 5.84151749194e-008, 4.43533076933e-009, 1.22520507628e-010, 3.72621586364e-011, 4.17707084199e-011, 4.38703808253e-014, 1.13372557916e-018, 7.15180599951e-021]
        dvar2: [1.05991723644e-012, 9.9042459567e-008, 4.84677400436e-007, 2.48221965649e-007, 1.55139957769e-006, 2.18754337311e-007, 1.33540311253e-007, 2.16827817923e-008, 1.95072704656e-008, 2.99647133772e-008, 3.23902789034e-008, 1.1705465397e-007, 7.96691637106e-008, 8.32443802778e-008, 4.88633951079e-008, 9.80912986392e-008, 1.12982782241e-007, 1.36816709073e-007, 3.54712312856e-007, 2.42202276013e-007, 1.56840428645e-007, 1.11313944728e-008, 2.8649935202e-010, 8.31926263989e-011, 9.10118022612e-011, 9.91111693042e-014, 3.20434156269e-018, 2.28057055302e-020]
        max: [6.84403494233e-006, 0.00137732527219, 0.0037075097207, 0.00421705748886, 0.00752467243001, 0.00560773257166, 0.00354299717583, 0.00158732698765, 0.00273319729604, 0.00232875044458, 0.00359702343121, 0.00432216515765, 0.00312624243088, 0.00304318824783, 0.00245460006408, 0.00489665195346, 0.00448903767392, 0.00343106407672, 0.0060392213054, 0.00811124965549, 0.00365779781714, 0.00176589307375, 0.000194719803403, 0.000148910403368, 0.000135407535709, 5.70711790715e-006, 4.67243346236e-008, 1.55387791523e-009]
        mean: [3.44321904322e-007, 9.77590752882e-005, 0.000335111137247, 0.000269741431111, 0.000439517869381, 0.000232419843087, 0.000176004628884, 7.42040429031e-005, 6.44976753392e-005, 7.41057301639e-005, 5.75215781282e-005, 0.000137650495162, 0.000122383746202, 0.000149494269863, 0.000129001171445, 0.000261605513515, 0.000316152028972, 0.000318093661917, 0.000711650354788, 0.000544354901649, 0.000358958495781, 8.7807973614e-005, 1.50615260281e-005, 5.38823451279e-006, 3.21723200614e-006, 1.26660481214e-007, 2.94805568846e-010, 4.50605629199e-011]
        median: [8.46795558118e-008, 4.65497178084e-005, 0.000183757903869, 0.000157028218382, 0.000237802480115, 0.000110345674329, 8.4510895249e-005, 3.76540920115e-005, 3.6368095607e-005, 2.99295934383e-005, 2.22629241762e-005, 4.7911737056e-005, 4.47022684966e-005, 5.88989059906e-005, 5.56350241823e-005, 0.000181209063157, 0.000239641289227, 0.00025793313398, 0.000604847911745, 0.000439783558249, 0.00028263378772, 5.82807915634e-005, 9.22995968722e-006, 2.8619110708e-006, 1.25204974211e-006, 5.34043067546e-008, 1.07118064419e-010, 1.74170851353e-011]
        min: [1.37825167454e-025, 1.81505140264e-024, 5.10137365441e-025, 1.00003098233e-024, 5.74397392995e-024, 4.34935659637e-024, 4.13999527871e-024, 8.27278431305e-024, 1.70889770384e-023, 1.51489598132e-023, 2.05127217195e-023, 2.61502041604e-023, 2.34805300409e-023, 2.49212503779e-023, 3.93487164294e-023, 3.71761745638e-023, 5.70365051592e-023, 1.00043800695e-022, 1.36370397307e-022, 1.65218826041e-022, 2.25581755689e-022, 2.68872271223e-022, 3.85117400577e-022, 6.03459205448e-022, 8.13397887252e-022, 1.31585381626e-021, 1.96301672366e-021, 5.025232788e-022]
        var: [4.16417930953e-013, 2.69780535689e-008, 1.87625374792e-007, 1.31214576982e-007, 5.01181432355e-007, 1.3497661655e-007, 8.3384144034e-008, 1.13609948116e-008, 1.043647746e-008, 2.20096794123e-008, 1.96282243792e-008, 7.72655610604e-008, 4.87163980267e-008, 6.01829626135e-008, 4.35362146334e-008, 8.81721433643e-008, 8.70143352927e-008, 6.95855462141e-008, 3.00271210563e-007, 2.06246298262e-007, 8.88143958377e-008, 8.66129479249e-009, 2.95570984354e-010, 8.70120572816e-011, 7.22039164569e-011, 7.4962646225e-014, 8.06242810093e-019, 5.53427289092e-021]
    mfcc:
        mean: [-698.371643066, 85.1767654419, -48.5326652527, 66.7465286255, -12.4492893219, 2.08208870888, -0.74143332243, -8.82219982147, -4.08708000183, -7.9100818634, -5.85708236694, -2.44952130318, -3.59392786026]
        cov: [[5264.91699219, 361.909942627, -315.477111816, 526.50793457, -79.5682449341, 170.212509155, 63.4680900574, 17.7423686981, -43.1787796021, -2.23387956619, -2.74236679077, -15.821969986, -7.99833488464], [361.909942627, 747.301330566, -222.784576416, 200.526870728, -38.4792175293, 7.48934030533, 52.2323799133, 9.9188785553, 42.4153900146, -25.7180728912, -0.94721442461, 23.4801177979, 8.52665328979], [-315.477111816, -222.784576416, 435.654968262, -10.6541986465, 86.5812911987, 13.2080726624, -7.82319974899, 55.9407920837, 9.14805221558, -6.55553436279, -3.36773228645, 8.77413082123, 20.1829395294], [526.50793457, 200.526870728, -10.6541986465, 388.338623047, 45.0308494568, 18.3806419373, 8.25922393799, 18.2435016632, 72.756187439, 5.55058336258, 25.3512706757, 14.4301681519, 19.5711288452], [-79.5682449341, -38.4792175293, 86.5812911987, 45.0308494568, 144.590957642, 42.4797668457, -21.4248943329, -4.11925458908, 25.5841789246, 46.0007019043, 14.2003974915, 4.96678876877, -1.0904712677], [170.212509155, 7.48934030533, 13.2080726624, 18.3806419373, 42.4797668457, 136.701782227, 65.1827926636, 40.502407074, -0.861757934093, 25.7627639771, 26.2476825714, 15.0244035721, 11.0094680786], [63.4680900574, 52.2323799133, -7.82319974899, 8.25922393799, -21.4248943329, 65.1827926636, 147.239273071, 77.3706436157, 11.2618513107, -13.0237360001, 19.8756752014, 15.1185979843, 7.82387113571], [17.7423686981, 9.9188785553, 55.9407920837, 18.2435016632, -4.11925458908, 40.502407074, 77.3706436157, 124.844573975, 34.2740440369, 2.42192697525, 4.55194473267, 16.9818744659, 16.7058334351], [-43.1787796021, 42.4153900146, 9.14805221558, 72.756187439, 25.5841789246, -0.861757934093, 11.2618513107, 34.2740440369, 96.449432373, 34.373500824, 22.3506374359, 4.14056921005, 5.79201555252], [-2.23387956619, -25.7180728912, -6.55553436279, 5.55058336258, 46.0007019043, 25.7627639771, -13.0237360001, 2.42192697525, 34.373500824, 102.399368286, 37.4598045349, 2.94353437424, -11.2275800705], [-2.74236679077, -0.94721442461, -3.36773228645, 25.3512706757, 14.2003974915, 26.2476825714, 19.8756752014, 4.55194473267, 22.3506374359, 37.4598045349, 77.4789276123, 25.1705722809, 3.43790125847], [-15.821969986, 23.4801177979, 8.77413082123, 14.4301681519, 4.96678876877, 15.0244035721, 15.1185979843, 16.9818744659, 4.14056921005, 2.94353437424, 25.1705722809, 59.3211479187, 30.2431240082], [-7.99833488464, 8.52665328979, 20.1829395294, 19.5711288452, -1.0904712677, 11.0094680786, 7.82387113571, 16.7058334351, 5.79201555252, -11.2275800705, 3.43790125847, 30.2431240082, 63.406162262]]
        icov: [[0.000265043490799, 2.22518337978e-005, 0.000139997137012, -0.000471717765322, 0.00031503586797, -0.000424004392698, 0.000114326721814, -9.32088223635e-005, 0.000391321838833, -0.000152465101564, 0.000157609640155, 9.45359206526e-005, 0.00010459011537], [2.22518337978e-005, 0.00201436225325, 0.00101229245774, -0.000973045360297, 8.67390481289e-005, -5.72613498662e-005, -0.000563635083381, 0.000113788417366, -0.000574565900024, 0.000501418777276, 0.000794299354311, -0.00110479409341, 0.00038620797568], [0.000139997137012, 0.00101229245774, 0.00374810979702, -0.00031438987935, -0.00243987166323, 0.000408696942031, 0.000744163931813, -0.00250589638017, 0.000512161466759, 0.00155793537851, -0.000366129854228, 0.000118363081128, -0.000566529924981], [-0.000471717765322, -0.000973045360297, -0.00031438987935, 0.00454127602279, -0.00162303750403, 0.000314003700623, 0.000402559293434, 0.000155522560817, -0.00305404793471, 0.0016069781268, -0.00140327250119, 0.000302083673887, -0.000907851674128], [0.00031503586797, 8.67390481289e-005, -0.00243987166323, -0.00162303750403, 0.0125254653394, -0.00528562860563, 0.00214709714055, 0.0026623941958, -0.00212498847395, -0.00400658138096, 0.00223635137081, -0.00164095382206, 0.00161855074111], [-0.000424004392698, -5.72613498662e-005, 0.000408696942031, 0.000314003700623, -0.00528562860563, 0.0138675151393, -0.0058752913028, -0.00194544671103, 0.00407035602257, -0.00269074761309, -0.00227119680494, 0.00095425354084, -0.00271432241425], [0.000114326721814, -0.000563635083381, 0.000744163931813, 0.000402559293434, 0.00214709714055, -0.0058752913028, 0.014661245048, -0.0075835576281, -0.00042873993516, 0.00421368470415, -0.0039306525141, 0.00035774425487, 0.00180291896686], [-9.32088223635e-005, 0.000113788417366, -0.00250589638017, 0.000155522560817, 0.0026623941958, -0.00194544671103, -0.0075835576281, 0.0165891703218, -0.00592354405671, -0.00194926396944, 0.00477242609486, -0.00340762035921, -0.000766344892327], [0.000391321838833, -0.000574565900024, 0.000512161466759, -0.00305404793471, -0.00212498847395, 0.00407035602257, -0.00042873993516, -0.00592354405671, 0.0184377226979, -0.00525220343843, -0.00332505023107, 0.00352875096723, -0.00234053935856], [-0.000152465101564, 0.000501418777276, 0.00155793537851, 0.0016069781268, -0.00400658138096, -0.00269074761309, 0.00421368470415, -0.00194926396944, -0.00525220343843, 0.0176423117518, -0.00712864752859, 0.000624014530331, 0.00300600356422], [0.000157609640155, 0.000794299354311, -0.000366129854228, -0.00140327250119, 0.00223635137081, -0.00227119680494, -0.0039306525141, 0.00477242609486, -0.00332505023107, -0.00712864752859, 0.0219827909023, -0.00999096874148, 0.00273813679814], [9.45359206526e-005, -0.00110479409341, 0.000118363081128, 0.000302083673887, -0.00164095382206, 0.00095425354084, 0.00035774425487, -0.00340762035921, 0.00352875096723, 0.000624014530331, -0.00999096874148, 0.0283437110484, -0.0125000244007], [0.00010459011537, 0.00038620797568, -0.000566529924981, -0.000907851674128, 0.00161855074111, -0.00271432241425, 0.00180291896686, -0.000766344892327, -0.00234053935856, 0.00300600356422, 0.00273813679814, -0.0125000244007, 0.0232315454632]]
    sccoeffs:
        dmean: [0.0593748986721, 0.0515405163169, 0.0355870611966, 0.0298606194556, 0.0189742147923, 0.0200419984758]
        dmean2: [0.0993328541517, 0.0846187993884, 0.0589171051979, 0.0494461432099, 0.0317548140883, 0.0315664634109]
        dvar: [0.00243752123788, 0.00170505605638, 0.000804449082352, 0.000568842107896, 0.000224532806897, 0.000384808488889]
        dvar2: [0.0066424603574, 0.00458222115412, 0.00215325225145, 0.0015106057981, 0.000613996875472, 0.000863806752022]
        max: [-0.297730833292, -0.47303968668, -0.601075589657, -0.578694164753, -0.648384392262, -0.521581470966]
        mean: [-0.649727344513, -0.760252833366, -0.811228394508, -0.79430782795, -0.805483341217, -0.715361356735]
        median: [-0.654335618019, -0.766312479973, -0.816381812096, -0.798189401627, -0.805226922035, -0.712692260742]
        min: [-0.983172059059, -0.97900980711, -0.97610527277, -0.973169445992, -0.971329212189, -0.966854572296]
        var: [0.00705686956644, 0.0046712118201, 0.00252658221871, 0.00213355058804, 0.000848304713145, 0.00242568715475]
    scvalleys:
        dmean: [0.435232490301, 0.390123933554, 0.328436881304, 0.296253353357, 0.234107807279, 0.285078704357]
        dmean2: [0.698099672794, 0.640974223614, 0.522846519947, 0.466566830873, 0.360705494881, 0.408293157816]
        dvar: [0.15423220396, 0.125777691603, 0.0970749109983, 0.0796051546931, 0.0741804838181, 0.144207641482]
        dvar2: [0.32927557826, 0.307205051184, 0.206715717912, 0.165255561471, 0.143095687032, 0.291497081518]
        max: [-5.06482219696, -4.67516517639, -5.39554786682, -5.52251625061, -5.34860277176, -7.3975276947]
        mean: [-7.10522937775, -6.91275548935, -7.3493347168, -7.2472910881, -6.7957777977, -9.69470882416]
        median: [-6.6538476944, -6.62776851654, -7.07184123993, -6.93911027908, -6.41835594177, -9.34136104584]
        min: [-28.7765007019, -28.0573329926, -27.8239269257, -27.7035713196, -27.574306488, -27.3908901215]
        var: [5.80792188644, 5.38965606689, 5.18251848221, 5.29473400116, 5.5076007843, 4.5348534584]

rhythm:
    beats_loudness:
        dmean: 0.00397233478725
        dmean2: 0.0077041015029
        dvar: 6.05517197982e-006
        dvar2: 2.14325664274e-005
        max: 0.0147689273581
        mean: 0.00670044030994
        median: 0.00639320770279
        min: 0
        var: 1.0432903764e-005
    bpm: 103.969657898
    bpm_confidence: 0
    first_peak_bpm: 103
    first_peak_spread: 0.314814835787
    first_peak_weight: 0.669683277607
    onset_rate: 3.49573707581
    second_peak_bpm: 112
    second_peak_spread: 0.428571432829
    second_peak_weight: 0.00904977414757
    beats_loudness_band_ratio:
        dmean: [0.0900745466352, 0.125241875648, 0.0551568493247, 0.0635392144322, 0.107570573688, 0.0949942097068]
        dmean2: [0.15648663044, 0.235427334905, 0.098955437541, 0.111865662038, 0.186582893133, 0.163730248809]
        dvar: [0.00769370608032, 0.00751394266263, 0.00266696908511, 0.00511435884982, 0.00905198603868, 0.00492587499321]
        dvar2: [0.0234009940177, 0.0250834804028, 0.00735562248155, 0.0153708504513, 0.0264465622604, 0.0149172106758]
        max: [0.72083067894, 0.600737273693, 0.40926489234, 0.536634683609, 0.699779391289, 0.648832917213]
        mean: [0.157847315073, 0.158360898495, 0.080092780292, 0.0833280682564, 0.245491564274, 0.325420260429]
        median: [0.147650316358, 0.148778662086, 0.0678941234946, 0.0537181682885, 0.224000304937, 0.328805238008]
        min: [0, 0, 0, 0, 0, 0]
        var: [0.00908117089421, 0.0100176921114, 0.00310900690965, 0.00544046331197, 0.0126805854961, 0.0126944072545]
    beats_position: [0.580498874187, 1.17260766029, 1.764716506, 2.36843538284, 2.9837641716, 3.58748292923, 4.19120168686, 4.78331041336, 5.36380958557, 5.94430828094, 6.51319694519, 7.08208608627, 7.66258478165, 8.24308395386, 8.82358264923, 9.4040813446, 9.98458003998, 10.5650787354, 11.1339683533, 11.7028570175, 12.2833557129, 12.8638544083, 13.4443531036, 14.0248527527, 14.6053514481, 15.1742401123, 15.7431287766, 16.3236274719, 16.904127121, 17.4846248627, 18.0535144806, 18.6224040985, 19.2029018402, 19.7834014893, 20.363899231, 20.94439888, 21.5248966217, 22.1053962708, 22.6858959198, 23.2663936615, 23.8352832794, 24.40417099, 24.984670639, 25.5651702881, 26.1340579987, 26.7145576477, 27.2834453583, 27.8639450073, 28.4444446564, 29.0249423981, 29.593832016, 30.1627197266, 30.7432193756, 31.3237190247, 31.9042167664, 32.4847145081, 33.053604126, 33.6224937439, 34.2029914856, 34.783493042, 35.3639907837, 35.9328804016, 36.5017662048, 37.0822677612, 37.6627655029, 38.2432632446, 38.823764801, 39.4042625427, 39.9847602844, 40.5652618408, 41.134147644, 41.703037262, 42.2835350037, 42.8640365601, 43.4445343018, 44.0250320435, 44.6055335999, 45.1744194031, 45.743309021, 46.3238105774, 46.9043083191, 47.4848060608, 48.0536956787, 48.6225852966, 49.2030830383, 49.78358078, 50.3640823364, 50.9445800781, 51.5250778198, 52.0939674377, 52.6628570557, 53.2433547974, 53.8238525391, 54.4043540955, 54.9848518372, 55.5653495789, 56.1458511353, 56.7147369385, 57.2836265564, 57.8641242981, 58.4446258545, 59.0135154724, 59.5940132141, 60.1745109558, 60.7434005737, 61.3238983154, 61.9043960571, 62.4848976135, 63.0653953552, 63.6458930969, 64.2147827148, 64.7952804565, 65.3757781982, 65.9446716309, 66.5251693726, 67.1056671143, 67.686164856, 68.2550582886, 68.8355560303, 69.4044418335, 69.9849395752, 70.5538330078, 71.122718811, 71.7032165527, 72.2837142944, 72.8642196655, 73.4447174072, 74.0136032104, 74.5824966431, 75.1629943848, 75.7434921265, 76.3239898682, 76.9044876099, 77.4733810425, 78.0538787842, 78.6227645874, 79.2032623291, 79.7837600708, 80.3642578125, 80.9447631836, 81.5136489868, 82.08253479, 82.6630401611, 83.2435379028, 83.8240356445, 84.4045333862, 84.9850311279, 85.5655288696, 86.1344223022, 86.7033081055, 87.2838058472, 87.8643035889, 88.44480896, 89.0136947632, 89.5825805664, 90.1630859375, 90.7435836792, 91.3240814209, 91.9045791626, 92.4734649658, 93.0423583984, 93.6228561401, 94.2033538818, 94.7838516235, 95.3643493652, 95.9448471069, 96.525352478, 97.0942382813, 97.6747360229, 98.2436294556, 98.8241271973, 99.404624939, 99.9851226807, 100.565620422, 101.134513855, 101.703399658, 102.2838974, 102.864395142, 103.444892883, 104.025398254, 104.605895996, 105.174781799, 105.743675232, 106.324172974, 106.904670715, 107.485168457, 108.05405426, 108.622947693, 109.203445435, 109.783943176, 110.364440918, 110.94493866, 111.525436401, 112.094329834, 112.663215637, 113.243713379, 113.82421875, 114.404716492, 114.985214233, 115.554100037, 116.122993469, 116.703491211, 117.283988953, 117.864486694, 118.444984436, 119.025482178, 119.59437561, 120.163261414, 120.743759155, 121.324264526, 121.904762268, 122.473648071, 123.054145813, 123.634643555, 124.203536987, 124.784034729, 125.364532471, 125.945030212, 126.513923645, 127.082809448, 127.66330719, 128.243804932, 128.824310303, 129.404800415, 129.985305786, 130.565795898, 131.14630127, 131.726806641, 132.307296753, 132.876190186, 133.456680298, 134.02557373, 134.594467163, 135.163360596, 135.743850708, 136.324356079, 136.904846191, 137.473739624, 138.042633057, 138.623123169, 139.20362854, 139.784118652, 140.364624023, 140.945129395, 141.525619507, 142.094512939, 142.663391113, 143.243896484, 143.824401855, 144.404891968, 144.985397339, 145.554275513, 146.123168945, 146.703674316, 147.284164429, 147.8646698, 148.445159912, 149.014053345, 149.582946777, 150.16343689, 150.743942261, 151.324447632, 151.904937744, 152.473831177, 153.042724609, 153.623214722, 154.203720093, 154.784210205, 155.364715576, 155.945205688, 156.52571106, 157.106216431, 157.686706543, 158.255599976, 158.824493408, 159.404983521, 159.985488892, 160.554367065, 161.123260498, 161.703765869, 162.284255981, 162.864761353, 163.445251465, 164.025756836, 164.606262207, 165.175140381, 165.744033813, 166.324539185, 166.905029297, 167.485534668, 168.06602478, 168.634918213, 169.203811646, 169.784301758, 170.364807129, 170.945297241, 171.525802612, 172.106307983, 172.686798096, 173.267303467, 173.847793579, 174.42829895, 175.008789063, 175.589294434, 176.158187866, 176.72706604, 177.295959473, 177.864852905, 178.445343018, 179.025848389, 179.594741821, 180.163619995, 180.744125366, 181.324615479, 181.90512085, 182.485626221, 183.066116333, 183.646621704, 184.215499878, 184.784393311, 185.364898682, 185.945388794, 186.525894165, 187.106384277, 187.686889648, 188.26739502, 188.824661255, 189.405166626, 189.985671997, 190.554550171, 191.123443604, 191.703948975, 192.284439087, 192.864944458, 193.44543457, 194.025939941, 194.606430054, 195.175323486, 195.744216919, 196.324707031, 196.905212402, 197.474105835, 198.054595947, 198.62348938, 199.203994751, 199.784484863, 200.364990234, 200.945480347, 201.525985718, 202.10647583, 202.686981201, 203.255874634, 203.824752808, 204.405258179, 204.985748291, 205.566253662, 206.135147095, 206.704025269, 207.28453064, 207.865036011, 208.445526123, 209.026031494, 209.594909668, 210.163803101, 210.744308472, 211.324798584, 211.905303955, 212.485794067, 213.066299438, 213.635192871, 214.204071045, 214.784576416, 215.365081787, 215.945571899, 216.526077271, 217.094955444, 217.675460815, 218.244354248, 218.82484436, 219.405349731, 219.974243164, 220.543121338, 221.123626709, 221.704116821, 222.284622192, 222.865127563, 223.445617676, 224.026123047, 224.606613159, 225.175506592, 225.744400024, 226.324890137, 226.905395508, 227.48588562, 228.054779053, 228.623672485, 229.204162598, 229.784667969, 230.36517334, 230.945663452, 231.526168823, 232.095046997, 232.66394043, 233.244445801, 233.824935913, 234.405441284, 234.985931396, 235.566436768, 236.1353302, 236.704208374, 237.284713745, 237.865203857, 238.445709229, 239.014602661, 239.595092773, 240.163986206, 240.744491577, 241.324981689, 241.905487061, 242.485977173, 243.066482544, 243.635375977, 244.20425415, 244.784759521, 245.365249634, 245.945755005, 246.514648438, 247.09513855, 247.675643921, 248.244537354, 248.825027466, 249.405532837, 249.986022949, 250.554916382, 251.123809814, 251.66947937, 252.226745605, 252.725982666, 253.225204468, 253.759277344, 254.293334961, 254.827392578, 255.361450195]
