
metadata:
    version:
        essentia: "2.1-beta2"
    audio_properties:
        analysis_sample_rate: 44100
        bitrate: 320
        channels: 2
        equal_loudness: 1
        length: 278.857147217
        replay_gain: -14.2844696045
        downmix: "mix"
    tags:
        album: "Deceiver Of The Gods"
        artist: "Amon Amarth"
        comment: ""
        date: "2013"
        genre: "Death Metal"
        title: "As Loke Falls"
        tracknumber: "02"

configuration:
    average_loudness:
        compute: 1
        frameSize: 88200
        hopSize: 44100
        silentFrames: "noise"
        windowType: "hann"
    general:
        analysisSampleRate: 44100
        endTime: 2000
        equalLoudness: 1
        nequalLoudness: 0
        shortSound: 0
        startTime: 0
    lowlevel:
        compute: 1
        frameSize: 2048
        hopSize: 1024
        zeroPadding: 0
        silentFrames: "noise"
        windowType: "blackmanharris62"
        mfccStats: ["mean", "cov", "icov"]
        stats: ["mean", "var", "median", "min", "max", "dmean", "dmean2", "dvar", "dvar2"]
    panning:
        compute: 0
        frameSize: 8192
        hopSize: 2048
        zeroPadding: 8192
        silentFrames: "noise"
        windowType: "hann"
        stats: ["copy"]
    rhythm:
        compute: 1
        maxTempo: 208
        minTempo: 40
        method: "degara"
        stats: ["mean", "var", "median", "min", "max", "dmean", "dmean2", "dvar", "dvar2"]
    segmentation:
        compute: 0
        cpw: 5
        inc1: 300
        inc2: 50
        minimumSegmentsLength: 10
        size1: 1000
        size2: 600
    sfx:
        compute: 1
        stats: ["mean", "var", "median", "min", "max", "dmean", "dmean2", "dvar", "dvar2"]
    svm:
        compute: 0
    tonal:
        compute: 1
        frameSize: 4096
        hopSize: 2048
        zeroPadding: 0
        silentFrames: "noise"
        windowType: "blackmanharris62"
        stats: ["mean", "var", "median", "min", "max", "dmean", "dmean2", "dvar", "dvar2"]

lowlevel:
    average_loudness: 0.925363361835
    barkbands_kurtosis:
        dmean: 0.567075908184
        dmean2: 0.951959609985
        dvar: 0.505777776241
        dvar2: 1.31381416321
        max: 16.4091339111
        mean: -0.984304606915
        median: -1.24819862843
        min: -1.89679551125
        var: 0.78451114893
    barkbands_skewness:
        dmean: 0.417603731155
        dmean2: 0.665251672268
        dvar: 0.141303658485
        dvar2: 0.354987353086
        max: 3.1749048233
        mean: -0.428108632565
        median: -0.470955789089
        min: -2.67220592499
        var: 0.420857340097
    barkbands_spread:
        dmean: 5.21094179153
        dmean2: 8.4856595993
        dvar: 20.4751529694
        dvar2: 54.017288208
        max: 64.7345657349
        mean: 39.3115501404
        median: 39.7194137573
        min: 3.3555328846
        var: 56.6175231934
    dissonance:
        dmean: 0.00747885927558
        dmean2: 0.0128253102303
        dvar: 5.30249271833e-005
        dvar2: 0.000143766577821
        max: 0.500000119209
        mean: 0.487151712179
        median: 0.488864272833
        min: 0.210637748241
        var: 7.52515843487e-005
    hfc:
        dmean: 3.18541407585
        dmean2: 5.38710927963
        dvar: 15.7120923996
        dvar2: 42.0876693726
        max: 37.6640281677
        mean: 9.62681770325
        median: 8.99931907654
        min: 1.24047948656e-016
        var: 27.8244419098
    pitch:
        dmean: 1117.73217773
        dmean2: 2156.97753906
        dvar: 2281461.5
        dvar2: 5042358
        max: 4234.01416016
        mean: 2541.33422852
        median: 3666.95361328
        min: 75.1183624268
        var: 2714693.75
    pitch_instantaneous_confidence:
        dmean: 0.0781108289957
        dmean2: 0.12937656045
        dvar: 0.00363659462892
        dvar2: 0.00970325991511
        max: 0.912132680416
        mean: 0.393728286028
        median: 0.392077565193
        min: 0.0964671969414
        var: 0.0109327780083
    pitch_salience:
        dmean: 0.0538533367217
        dmean2: 0.0882215127349
        dvar: 0.00216069514863
        dvar2: 0.00588745297864
        max: 0.932210326195
        mean: 0.680668711662
        median: 0.690451562405
        min: 0.252529978752
        var: 0.00502226920798
    silence_rate_20dB:
        dmean: 0
        dmean2: 0
        dvar: 0
        dvar2: 0
        max: 1
        mean: 1
        median: 1
        min: 1
        var: 0
    silence_rate_30dB:
        dmean: 0
        dmean2: 0
        dvar: 0
        dvar2: 0
        max: 1
        mean: 1
        median: 1
        min: 1
        var: 0
    silence_rate_60dB:
        dmean: 0.082764364779
        dmean2: 0.165542513132
        dvar: 0.0759036168456
        dvar2: 0.173914954066
        max: 1
        mean: 0.243943050504
        median: 0
        min: 0
        var: 0.184424817562
    spectral_centroid:
        dmean: 314.328399658
        dmean2: 503.959503174
        dvar: 87353.609375
        dvar2: 209715.359375
        max: 10519.9697266
        mean: 2181.65820313
        median: 2238.21850586
        min: 332.79864502
        var: 256002.796875
    spectral_complexity:
        dmean: 4.48093271255
        dmean2: 7.13548183441
        dvar: 18.4531173706
        dvar2: 44.2316894531
        max: 46
        mean: 17.8819408417
        median: 18
        min: 0
        var: 74.5477371216
    spectral_crest:
        dmean: 1.76975631714
        dmean2: 3.01833319664
        dvar: 3.04363870621
        dvar2: 8.42241573334
        max: 18.9016819
        mean: 6.23757314682
        median: 5.78782987595
        min: 2.52721738815
        var: 4.26691961288
    spectral_decrease:
        dmean: 3.41786016156e-010
        dmean2: 5.90468840489e-010
        dvar: 3.48804538424e-019
        dvar2: 9.58434426828e-019
        max: 2.73495864632e-029
        mean: -9.94675786181e-010
        median: -8.62925231271e-010
        min: -5.95269611381e-009
        var: 4.25253216871e-019
    spectral_energy:
        dmean: 0.00154436891899
        dmean2: 0.00266307522543
        dvar: 6.20441232968e-006
        dvar2: 1.69454488059e-005
        max: 0.0245163496584
        mean: 0.00462732557207
        median: 0.00411936454475
        min: 1.11482943939e-020
        var: 8.11404788692e-006
    spectral_energyband_high:
        dmean: 0.000290351657895
        dmean2: 0.000506623764522
        dvar: 1.43452567158e-007
        dvar2: 3.90509427461e-007
        max: 0.0034964629449
        mean: 0.000628252571914
        median: 0.000539630302228
        min: 8.17234169584e-021
        var: 1.84224148825e-007
    spectral_energyband_low:
        dmean: 0.000204196636332
        dmean2: 0.000335149525199
        dvar: 9.35759274512e-008
        dvar2: 2.39038541849e-007
        max: 0.00564870098606
        mean: 0.000365179701475
        median: 0.000250301149208
        min: 5.90031353959e-023
        var: 1.72153207245e-007
    spectral_energyband_middle_high:
        dmean: 0.000679699063767
        dmean2: 0.00110809050966
        dvar: 5.78887807023e-007
        dvar2: 1.50998403114e-006
        max: 0.00875873677433
        mean: 0.00222944864072
        median: 0.00206577661447
        min: 1.39068579282e-021
        var: 1.57677538937e-006
    spectral_energyband_middle_low:
        dmean: 0.000885209650733
        dmean2: 0.00153588398825
        dvar: 3.46712545252e-006
        dvar2: 9.75810235104e-006
        max: 0.0196494217962
        mean: 0.00154762435704
        median: 0.0010618873639
        min: 3.81256475493e-022
        var: 3.10266182169e-006
    spectral_flatness_db:
        dmean: 0.0122414166108
        dmean2: 0.0195931140333
        dvar: 0.000109999833512
        dvar2: 0.000273313838989
        max: 0.312358111143
        mean: 0.145236581564
        median: 0.140709877014
        min: 0.0273949764669
        var: 0.000686333398335
    spectral_flux:
        dmean: 0.00844839215279
        dmean2: 0.0132325468585
        dvar: 0.000119255972095
        dvar2: 0.000212202401599
        max: 0.131187096238
        mean: 0.041014008224
        median: 0.039505250752
        min: 1.055854848e-010
        var: 0.000329611037159
    spectral_kurtosis:
        dmean: 0.907883703709
        dmean2: 1.59327757359
        dvar: 1.26313972473
        dvar2: 3.76447248459
        max: 62.1712303162
        mean: 2.66431736946
        median: 2.54111385345
        min: -1.21930778027
        var: 1.49513924122
    spectral_rms:
        dmean: 0.000306321046082
        dmean2: 0.000515835534316
        dvar: 1.6537619274e-007
        dvar2: 4.41337306256e-007
        max: 0.00489064306021
        mean: 0.00201057898812
        median: 0.00200471747667
        min: 3.29793657661e-012
        var: 4.72048270694e-007
    spectral_rolloff:
        dmean: 250.817520142
        dmean2: 414.591308594
        dvar: 83281.2734375
        dvar2: 182713.90625
        max: 18949.21875
        mean: 3919.87719727
        median: 3962.109375
        min: 279.931640625
        var: 157784.9375
    spectral_skewness:
        dmean: 0.144261419773
        dmean2: 0.243673935533
        dvar: 0.020034044981
        dvar2: 0.0540582574904
        max: 6.3635635376
        mean: 0.911268651485
        median: 0.895104587078
        min: -0.0174951087683
        var: 0.0841735452414
    spectral_spread:
        dmean: 316986.5
        dmean2: 497816
        dvar: 283076231168
        dvar2: 382083072000
        max: 41387880
        mean: 4109491.75
        median: 4077813.25
        min: 1360974
        var: 806923468800
    spectral_strongpeak:
        dmean: 0.676590502262
        dmean2: 1.18852674961
        dvar: 0.985846281052
        dvar2: 2.4104514122
        max: 8.88619804382
        mean: 0.797309160233
        median: 0.259203791618
        min: 0
        var: 1.40832865238
    zerocrossingrate:
        dmean: 0.00784348044544
        dmean2: 0.00996087212116
        dvar: 5.88659058849e-005
        dvar2: 8.04654191597e-005
        max: 0.50146484375
        mean: 0.121052652597
        median: 0.12353515625
        min: 0.04931640625
        var: 0.000348682253389
    barkbands:
        dmean: [7.90138358298e-007, 6.99446536601e-005, 0.00011379289208, 0.000167594043887, 0.00055706105195, 0.000175596884219, 0.000126654878841, 9.75677685346e-005, 7.93764265836e-005, 5.69338699279e-005, 3.94775670429e-005, 4.09164858866e-005, 4.23900892201e-005, 3.72445392713e-005, 3.70147681679e-005, 0.000101178084151, 0.000124619560665, 0.000143692144775, 0.000332178169629, 0.000294990604743, 0.000127033665194, 4.82364157506e-005, 4.28803878094e-006, 1.3629538671e-006, 7.26042230781e-007, 2.293213619e-008, 4.29778046485e-010]
        dmean2: [1.31863066599e-006, 0.00011921323312, 0.000187287587323, 0.000284958950942, 0.000985876540653, 0.000296838581562, 0.000222078000661, 0.000168932514498, 0.000127200153656, 9.26537322812e-005, 6.48888672004e-005, 6.65547995595e-005, 6.94739937899e-005, 6.11580471741e-005, 6.09700582572e-005, 0.000168083206518, 0.000206473036087, 0.000242450696533, 0.00054855766939, 0.000504248891957, 0.000214924963075, 8.65066322149e-005, 7.35041385269e-006, 2.27298619393e-006, 1.20589118069e-006, 3.60441418934e-008, 7.2416023178e-010]
        dvar: [1.44526827572e-012, 1.15219398467e-008, 3.15762811454e-008, 8.45447232223e-008, 1.81361417617e-006, 7.77161943688e-008, 7.59623546287e-008, 4.75116372911e-008, 2.07937755903e-008, 1.75872418851e-008, 8.07055755558e-009, 6.06778582934e-009, 8.5053670773e-009, 6.27292395805e-009, 3.98603505758e-009, 1.47040024601e-008, 2.01637302411e-008, 3.03027469784e-008, 1.41527522146e-007, 1.21633533468e-007, 1.88105033772e-008, 5.12909137385e-009, 4.15581180579e-011, 7.2234627134e-012, 2.59291481515e-012, 3.37921846131e-015, 9.45789110009e-019]
        dvar2: [3.60967982935e-012, 3.05139522538e-008, 8.13281246792e-008, 2.31294279729e-007, 5.12154838361e-006, 2.13226769574e-007, 2.13278283923e-007, 1.30808302856e-007, 5.36112274574e-008, 4.54059545518e-008, 2.04707628626e-008, 1.57945265755e-008, 2.16369340222e-008, 1.58696895625e-008, 9.63543111965e-009, 3.90790404481e-008, 5.3777228004e-008, 8.12990563759e-008, 3.62624518857e-007, 3.28591056586e-007, 5.12142293019e-008, 1.40984441899e-008, 1.0684491486e-010, 1.59250598819e-011, 5.74341789406e-012, 7.80949808402e-015, 2.39943526967e-018]
        max: [8.32423665997e-006, 0.00167600589339, 0.0030950512737, 0.00558452913538, 0.0150532117113, 0.00488768424839, 0.0045831981115, 0.00355871790089, 0.00223604124039, 0.00245139864273, 0.00166862597689, 0.0017165991012, 0.00160823401529, 0.00226628733799, 0.00169725820888, 0.00393147580326, 0.0028767681215, 0.00219703046605, 0.00512889167294, 0.00647666724399, 0.00150983314961, 0.000617337354925, 0.000102274570963, 6.15064927842e-005, 3.7726269511e-005, 1.25156702779e-006, 2.21179412563e-008]
        mean: [6.4060452587e-007, 7.8183154983e-005, 0.000179477763595, 0.000215904030483, 0.000599699269515, 0.000274168705801, 0.000159491872182, 0.000123514430015, 0.000144888734212, 9.39534656936e-005, 6.67171625537e-005, 7.10471067578e-005, 7.34035202186e-005, 6.30226277281e-005, 6.96171991876e-005, 0.000200366324862, 0.000265186361503, 0.000268298725132, 0.000700467207935, 0.000588751223404, 0.000307354348479, 7.14308771421e-005, 8.04801948107e-006, 2.4905709779e-006, 1.1667364106e-006, 4.05417459604e-008, 6.30109631139e-010]
        median: [1.17382896292e-007, 3.79501034331e-005, 0.000114421236503, 0.000111962217488, 0.000284544599708, 0.000172511354322, 6.3503452111e-005, 4.36163936683e-005, 7.08683292032e-005, 3.39223915944e-005, 2.63955862465e-005, 3.14345052175e-005, 2.90592925012e-005, 3.17598533002e-005, 5.04218769493e-005, 0.000167466234416, 0.000226890449994, 0.000218689689063, 0.000603357097134, 0.000500786933117, 0.000280928768916, 4.99312882312e-005, 5.66474045627e-006, 1.34826279918e-006, 5.54253119844e-007, 1.52393351271e-008, 2.89073015525e-010]
        min: [3.10172661086e-023, 2.88507353631e-023, 1.08499187375e-023, 1.76891187493e-023, 9.46754949498e-023, 3.11592389834e-023, 4.45841779981e-023, 5.40545162742e-023, 1.27594439644e-022, 3.50822474205e-023, 1.53823695555e-023, 8.44772589393e-023, 5.40358171153e-023, 5.45633568016e-023, 8.85533663454e-023, 2.0240726897e-022, 1.59333683874e-022, 2.51643952949e-022, 3.21956955589e-022, 3.57223910057e-022, 5.42378500729e-022, 4.71106672369e-022, 5.94841461728e-022, 1.14215659089e-021, 1.2614435679e-021, 1.8869787113e-021, 2.36609157717e-021]
        var: [1.27104999702e-012, 1.18043192998e-008, 5.21822833832e-008, 1.04651562083e-007, 1.29828595163e-006, 1.10611239279e-007, 9.48284650804e-008, 6.28854692764e-008, 4.38445582063e-008, 3.7494025662e-008, 1.81618737827e-008, 1.50460159887e-008, 1.78859949074e-008, 1.18714780228e-008, 6.81358258703e-009, 2.50257272683e-008, 3.72461634868e-008, 4.31166888859e-008, 2.5076050747e-007, 1.75196021246e-007, 3.44399317953e-008, 5.06898434338e-009, 7.7383224828e-011, 1.68613439183e-011, 5.09423883285e-012, 6.11926670766e-015, 1.23114853356e-018]
    frequency_bands:
        dmean: [7.90138358298e-007, 6.99446536601e-005, 0.00011379289208, 0.000167594043887, 0.00055706105195, 0.000175596884219, 0.000126654878841, 9.75677685346e-005, 7.93764265836e-005, 5.69338699279e-005, 3.94775670429e-005, 4.09164858866e-005, 4.23900892201e-005, 3.72445392713e-005, 3.70147681679e-005, 0.000101178084151, 0.000124619560665, 0.000143692144775, 0.000332178169629, 0.000294990604743, 0.000127033665194, 4.82364157506e-005, 4.28803878094e-006, 1.3629538671e-006, 7.26042230781e-007, 2.293213619e-008, 4.29778046485e-010, 5.33144708936e-011]
        dmean2: [1.31863066599e-006, 0.00011921323312, 0.000187287587323, 0.000284958950942, 0.000985876540653, 0.000296838581562, 0.000222078000661, 0.000168932514498, 0.000127200153656, 9.26537322812e-005, 6.48888672004e-005, 6.65547995595e-005, 6.94739937899e-005, 6.11580471741e-005, 6.09700582572e-005, 0.000168083206518, 0.000206473036087, 0.000242450696533, 0.00054855766939, 0.000504248891957, 0.000214924963075, 8.65066322149e-005, 7.35041385269e-006, 2.27298619393e-006, 1.20589118069e-006, 3.60441418934e-008, 7.2416023178e-010, 9.92929904964e-011]
        dvar: [1.44526827572e-012, 1.15219398467e-008, 3.15762811454e-008, 8.45447232223e-008, 1.81361417617e-006, 7.77161943688e-008, 7.59623546287e-008, 4.75116372911e-008, 2.07937755903e-008, 1.75872418851e-008, 8.07055755558e-009, 6.06778582934e-009, 8.5053670773e-009, 6.27292395805e-009, 3.98603505758e-009, 1.47040024601e-008, 2.01637302411e-008, 3.03027469784e-008, 1.41527522146e-007, 1.21633533468e-007, 1.88105033772e-008, 5.12909137385e-009, 4.15581180579e-011, 7.2234627134e-012, 2.59291481515e-012, 3.37921846131e-015, 9.45789110009e-019, 6.72730320994e-021]
        dvar2: [3.60967982935e-012, 3.05139522538e-008, 8.13281246792e-008, 2.31294279729e-007, 5.12154838361e-006, 2.13226769574e-007, 2.13278283923e-007, 1.30808302856e-007, 5.36112274574e-008, 4.54059545518e-008, 2.04707628626e-008, 1.57945265755e-008, 2.16369340222e-008, 1.58696895625e-008, 9.63543111965e-009, 3.90790404481e-008, 5.3777228004e-008, 8.12990563759e-008, 3.62624518857e-007, 3.28591056586e-007, 5.12142293019e-008, 1.40984441899e-008, 1.0684491486e-010, 1.59250598819e-011, 5.74341789406e-012, 7.80949808402e-015, 2.39943526967e-018, 2.1688422014e-020]
        max: [8.32423665997e-006, 0.00167600589339, 0.0030950512737, 0.00558452913538, 0.0150532117113, 0.00488768424839, 0.0045831981115, 0.00355871790089, 0.00223604124039, 0.00245139864273, 0.00166862597689, 0.0017165991012, 0.00160823401529, 0.00226628733799, 0.00169725820888, 0.00393147580326, 0.0028767681215, 0.00219703046605, 0.00512889167294, 0.00647666724399, 0.00150983314961, 0.000617337354925, 0.000102274570963, 6.15064927842e-005, 3.7726269511e-005, 1.25156702779e-006, 2.21179412563e-008, 1.30917154895e-009]
        mean: [6.4060452587e-007, 7.8183154983e-005, 0.000179477763595, 0.000215904030483, 0.000599699269515, 0.000274168705801, 0.000159491872182, 0.000123514430015, 0.000144888734212, 9.39534656936e-005, 6.67171625537e-005, 7.10471067578e-005, 7.34035202186e-005, 6.30226277281e-005, 6.96171991876e-005, 0.000200366324862, 0.000265186361503, 0.000268298725132, 0.000700467207935, 0.000588751223404, 0.000307354348479, 7.14308771421e-005, 8.04801948107e-006, 2.4905709779e-006, 1.1667364106e-006, 4.05417459604e-008, 6.30109631139e-010, 4.23336088407e-011]
        median: [1.17382896292e-007, 3.79501034331e-005, 0.000114421236503, 0.000111962217488, 0.000284544599708, 0.000172511354322, 6.3503452111e-005, 4.36163936683e-005, 7.08683292032e-005, 3.39223915944e-005, 2.63955862465e-005, 3.14345052175e-005, 2.90592925012e-005, 3.17598533002e-005, 5.04218769493e-005, 0.000167466234416, 0.000226890449994, 0.000218689689063, 0.000603357097134, 0.000500786933117, 0.000280928768916, 4.99312882312e-005, 5.66474045627e-006, 1.34826279918e-006, 5.54253119844e-007, 1.52393351271e-008, 2.89073015525e-010, 1.68528385691e-011]
        min: [3.10172661086e-023, 2.88507353631e-023, 1.08499187375e-023, 1.76891187493e-023, 9.46754949498e-023, 3.11592389834e-023, 4.45841779981e-023, 5.40545162742e-023, 1.27594439644e-022, 3.50822474205e-023, 1.53823695555e-023, 8.44772589393e-023, 5.40358171153e-023, 5.45633568016e-023, 8.85533663454e-023, 2.0240726897e-022, 1.59333683874e-022, 2.51643952949e-022, 3.21956955589e-022, 3.57223910057e-022, 5.42378500729e-022, 4.71106672369e-022, 5.94841461728e-022, 1.14215659089e-021, 1.2614435679e-021, 1.8869787113e-021, 2.36609157717e-021, 8.18162001275e-022]
        var: [1.27104999702e-012, 1.18043192998e-008, 5.21822833832e-008, 1.04651562083e-007, 1.29828595163e-006, 1.10611239279e-007, 9.48284650804e-008, 6.28854692764e-008, 4.38445582063e-008, 3.7494025662e-008, 1.81618737827e-008, 1.50460159887e-008, 1.78859949074e-008, 1.18714780228e-008, 6.81358258703e-009, 2.50257272683e-008, 3.72461634868e-008, 4.31166888859e-008, 2.5076050747e-007, 1.75196021246e-007, 3.44399317953e-008, 5.06898434338e-009, 7.7383224828e-011, 1.68613439183e-011, 5.09423883285e-012, 6.11926670766e-015, 1.23114853356e-018, 5.07523329129e-021]
    mfcc:
        mean: [-708.267578125, 95.9018936157, -52.2159233093, 75.8631362915, -20.3628883362, -3.7599966526, 0.374257832766, -8.40854072571, 1.44123482704, -7.63939619064, -7.03421449661, -5.66294813156, -3.18504023552]
        cov: [[4760.04394531, 300.698120117, -160.276626587, 8.66136932373, -184.920227051, 74.5306930542, -69.5837631226, 117.565452576, -71.0152816772, 29.4096240997, 55.0734634399, 38.4100265503, 21.0995311737], [300.698120117, 469.567932129, -222.982376099, 107.058250427, -93.0102386475, -22.3438587189, 9.27798557281, -66.3865280151, 40.886756897, -48.3515129089, 11.4054832458, 0.913006424904, -17.1451530457], [-160.276626587, -222.982376099, 301.512207031, -67.4082565308, 77.8925857544, -9.8181438446, -39.7830314636, 38.1866874695, -44.9711380005, 29.9379634857, -24.9832191467, -9.54939651489, 3.3218524456], [8.66136932373, 107.058250427, -67.4082565308, 237.315338135, 7.48644018173, 14.1415882111, -13.9547681808, -37.8626594543, 35.086730957, -17.6312637329, 5.26956939697, -15.2858896255, 5.93980979919], [-184.920227051, -93.0102386475, 77.8925857544, 7.48644018173, 105.993858337, 32.2780685425, 8.39517498016, -10.9984006882, -18.2484226227, 6.42140197754, -1.81171858311, 0.495419353247, -2.23632311821], [74.5306930542, -22.3438587189, -9.8181438446, 14.1415882111, 32.2780685425, 79.2073898315, 34.6197547913, 13.7360181808, -11.554473877, 0.511834740639, 3.79008769989, 1.92535555363, 3.62053227425], [-69.5837631226, 9.27798557281, -39.7830314636, -13.9547681808, 8.39517498016, 34.6197547913, 93.5410614014, 33.1046638489, 19.5177268982, -7.40162944794, 5.35821962357, 8.20136070251, 0.658019185066], [117.565452576, -66.3865280151, 38.1866874695, -37.8626594543, -10.9984006882, 13.7360181808, 33.1046638489, 98.5116348267, 24.9087028503, 24.6887874603, -4.62367963791, 2.58111310005, 8.07399082184], [-71.0152816772, 40.886756897, -44.9711380005, 35.086730957, -18.2484226227, -11.554473877, 19.5177268982, 24.9087028503, 80.9535369873, 24.8915119171, 14.3600387573, 0.251852601767, 0.877449393272], [29.4096240997, -48.3515129089, 29.9379634857, -17.6312637329, 6.42140197754, 0.511834740639, -7.40162944794, 24.6887874603, 24.8915119171, 65.1126708984, 23.1067676544, 4.91375732422, 0.26578989625], [55.0734634399, 11.4054832458, -24.9832191467, 5.26956939697, -1.81171858311, 3.79008769989, 5.35821962357, -4.62367963791, 14.3600387573, 23.1067676544, 51.643535614, 19.947675705, 2.92814183235], [38.4100265503, 0.913006424904, -9.54939651489, -15.2858896255, 0.495419353247, 1.92535555363, 8.20136070251, 2.58111310005, 0.251852601767, 4.91375732422, 19.947675705, 45.2450523376, 20.8732795715], [21.0995311737, -17.1451530457, 3.3218524456, 5.93980979919, -2.23632311821, 3.62053227425, 0.658019185066, 8.07399082184, 0.877449393272, 0.26578989625, 2.92814183235, 20.8732795715, 47.5783042908]]
        icov: [[0.000301294523524, -0.000296154204989, 0.000130859363708, -6.25694374321e-005, 0.000307425274514, -0.000436990812887, 0.000604029162787, -0.00090226699831, 0.000782712595537, -0.000209204299608, -0.000369366898667, -0.000108538311906, 7.88530724094e-006], [-0.000296154204989, 0.00459123728797, 0.00135053158738, -0.00106291240081, 0.00245577236637, 0.000466339231934, -0.00111431803089, 0.00310986791737, -0.00211295136251, 0.00172353337985, 0.000733190390747, -0.00134269881528, 0.00196511135437], [0.000130859363708, 0.00135053158738, 0.00796058122069, 0.000318448495818, -0.00536196213216, 0.00336284539662, 0.00308203673922, -0.00468074949458, 0.00407060375437, -0.00224549742416, 0.00173515616916, 0.000968194042798, -0.00051722250646], [-6.25694374321e-005, -0.00106291240081, 0.000318448495818, 0.0067245089449, -0.00214138696902, -0.00269695534371, 0.00291224429384, 0.00153047067579, -0.00495316134766, 0.00306003028527, -0.00149211485405, 0.00359166180715, -0.00282206991687], [0.000307425274514, 0.00245577236637, -0.00536196213216, -0.00214138696902, 0.0197331421077, -0.00776094850153, -0.00393013423309, 0.00763616384938, -0.000863515888341, -0.00150720844977, 0.00124443566892, -0.00363563606516, 0.00320968637243], [-0.000436990812887, 0.000466339231934, 0.00336284539662, -0.00269695534371, -0.00776094850153, 0.0226162038743, -0.00774656143039, -0.00406099017709, 0.00826014671475, -0.00354064395651, -0.000809115066659, 0.00254888320342, -0.00202675885521], [0.000604029162787, -0.00111431803089, 0.00308203673922, 0.00291224429384, -0.00393013423309, -0.00774656143039, 0.0213178545237, -0.00905162747949, -0.00457309745252, 0.00763044552878, -0.00330745312385, -0.00184647773858, 0.00145314121619], [-0.00090226699831, 0.00310986791737, -0.00468074949458, 0.00153047067579, 0.00763616384938, -0.00406099017709, -0.00905162747949, 0.0241095665842, -0.00958421640098, -0.0041896388866, 0.00659837480634, -0.00120540824719, -0.00131880922709], [0.000782712595537, -0.00211295136251, 0.00407060375437, -0.00495316134766, -0.000863515888341, 0.00826014671475, -0.00457309745252, -0.00958421640098, 0.0275934711099, -0.0120074804872, -0.00195453735068, 0.00206178147346, -0.000979887787253], [-0.000209204299608, 0.00172353337985, -0.00224549742416, 0.00306003028527, -0.00150720844977, -0.00354064395651, 0.00763044552878, -0.0041896388866, -0.0120074804872, 0.0305034983903, -0.0136182429269, 0.00185215251986, 0.00136924150866], [-0.000369366898667, 0.000733190390747, 0.00173515616916, -0.00149211485405, 0.00124443566892, -0.000809115066659, -0.00330745312385, 0.00659837480634, -0.00195453735068, -0.0136182429269, 0.033780362457, -0.0148927131668, 0.00410601589829], [-0.000108538311906, -0.00134269881528, 0.000968194042798, 0.00359166180715, -0.00363563606516, 0.00254888320342, -0.00184647773858, -0.00120540824719, 0.00206178147346, 0.00185215251986, -0.0148927131668, 0.0381488353014, -0.0169547181576], [7.88530724094e-006, 0.00196511135437, -0.00051722250646, -0.00282206991687, 0.00320968637243, -0.00202675885521, 0.00145314121619, -0.00131880922709, -0.000979887787253, 0.00136924150866, 0.00410601589829, -0.0169547181576, 0.0298158507794]]
    sccoeffs:
        dmean: [0.0577284246683, 0.0464327707887, 0.0344798788428, 0.0278606526554, 0.0187771525234, 0.0171222761273]
        dmean2: [0.0937231332064, 0.0777105763555, 0.0570269860327, 0.0467486865819, 0.0316362045705, 0.0280472300947]
        dvar: [0.00235581607558, 0.00136682845186, 0.00072908657603, 0.000464891403681, 0.000217081789742, 0.000242249152507]
        dvar2: [0.00614285143092, 0.00385095365345, 0.00200373400003, 0.00127685954794, 0.000607702706475, 0.000582213921007]
        max: [-0.333267062902, -0.448230922222, -0.574778199196, -0.599361658096, -0.669503092766, -0.498013198376]
        mean: [-0.668856978416, -0.76320874691, -0.797286272049, -0.799187064171, -0.798682451248, -0.690492808819]
        median: [-0.673235833645, -0.768882572651, -0.802028357983, -0.800169944763, -0.798950016499, -0.697444617748]
        min: [-0.965207457542, -0.98508810997, -0.992496907711, -0.989254355431, -0.99102640152, -0.957930088043]
        var: [0.00515127368271, 0.00355765339918, 0.0022174406331, 0.00107882986777, 0.000694138812833, 0.00261548627168]
    scvalleys:
        dmean: [0.420497566462, 0.36722689867, 0.292583018541, 0.244630470872, 0.224280849099, 0.282200038433]
        dmean2: [0.685936570168, 0.609643876553, 0.469110846519, 0.389180809259, 0.350277215242, 0.450337022543]
        dvar: [0.140376016498, 0.125170052052, 0.0781966373324, 0.0628431513906, 0.0599315240979, 0.132023200393]
        dvar2: [0.323449552059, 0.283356517553, 0.148739770055, 0.107079610229, 0.10504014045, 0.290367901325]
        max: [-5.03042221069, -4.58315849304, -5.04334068298, -5.70498514175, -5.57288789749, -7.9031791687]
        mean: [-6.79761695862, -6.64619731903, -7.10858917236, -7.2487411499, -6.64569377899, -9.97008037567]
        median: [-6.67469215393, -6.55586433411, -7.02985191345, -7.14873313904, -6.51322841644, -9.68019866943]
        min: [-27.0683326721, -27.2094497681, -26.7151355743, -27.4447669983, -27.2390346527, -27.3203277588]
        var: [0.706829428673, 0.814170122147, 0.78319132328, 0.649058580399, 0.54350322485, 1.23244583607]

rhythm:
    beats_loudness:
        dmean: 0.00155270658433
        dmean2: 0.00282913655974
        dvar: 1.42966985095e-006
        dvar2: 4.51866480944e-006
        max: 0.0121146067977
        mean: 0.00534319784492
        median: 0.0054161674343
        min: 6.22206002276e-008
        var: 4.12106464864e-006
    bpm: 172.265457153
    bpm_confidence: 0
    first_peak_bpm: 172
    first_peak_spread: 0
    first_peak_weight: 0.407239824533
    onset_rate: 4.09887313843
    second_peak_bpm: 178
    second_peak_spread: 0
    second_peak_weight: 0.340874820948
    beats_loudness_band_ratio:
        dmean: [0.12208237499, 0.130671203136, 0.0569725781679, 0.0477376431227, 0.0746672973037, 0.104670919478]
        dmean2: [0.228002652526, 0.248174637556, 0.101552948356, 0.0858472287655, 0.132498055696, 0.188378989697]
        dvar: [0.00764868035913, 0.00742285046726, 0.00404742080718, 0.00403202231973, 0.00437210872769, 0.00622643763199]
        dvar2: [0.0231679622084, 0.0241615734994, 0.0115816639736, 0.012184095569, 0.0124032068998, 0.0199222471565]
        max: [0.622346162796, 0.540471315384, 0.432762444019, 0.446150779724, 0.702209353447, 0.69025272131]
        mean: [0.184747487307, 0.169887274504, 0.0930458977818, 0.0747453868389, 0.214614585042, 0.349738031626]
        median: [0.170625925064, 0.160511031747, 0.0664242953062, 0.0519873015583, 0.205060124397, 0.341877400875]
        min: [0.00716730672866, 0.0107083553448, 0.00961881689727, 0.00647134380415, 0.0785579383373, 0.0813726782799]
        var: [0.00997861288488, 0.00965441949666, 0.00552855525166, 0.0043688393198, 0.00485035870224, 0.0100249508396]
    beats_position: [0.696598649025, 1.4164172411, 2.12462592125, 2.83283448219, 3.52943301201, 4.21442174911, 4.8994102478, 5.59600877762, 6.28099775314, 6.96598625183, 7.65097475052, 8.33596324921, 9.02095222473, 9.70594120026, 10.3909292221, 11.0759181976, 11.7609071732, 12.445895195, 13.1424942017, 13.8274831772, 14.512471199, 15.1974601746, 15.8824491501, 16.5674381256, 17.2524261475, 17.9374141693, 18.6224040985, 19.3073921204, 19.9923801422, 20.6773700714, 21.3623580933, 22.0473461151, 22.7323360443, 23.405714035, 23.974603653, 24.5434913635, 25.1239910126, 25.5767803192, 26.0295696259, 26.4939670563, 26.8422679901, 27.1905670166, 27.5388660431, 27.8755550385, 28.2122440338, 28.5489330292, 28.897233963, 29.2339229584, 29.5822219849, 29.9305210114, 30.2788200378, 30.6155090332, 30.9521980286, 31.3004989624, 31.6487979889, 31.9970970154, 32.3453979492, 32.6936950684, 33.0303840637, 33.3670730591, 33.7153739929, 34.0520629883, 34.3887519836, 34.7370529175, 35.0737419128, 35.422039032, 35.7587280273, 36.1070289612, 36.455329895, 36.7920188904, 37.1287078857, 37.4770050049, 37.8253059387, 38.1619949341, 38.4986839294, 38.8469848633, 39.1952819824, 39.5435829163, 39.8802719116, 40.216960907, 40.5652618408, 40.91355896, 41.2502479553, 41.5869369507, 41.9352378845, 42.2835350037, 42.6202278137, 42.9685249329, 43.3052139282, 43.6535148621, 44.0018119812, 44.350112915, 44.6868019104, 45.0234909058, 45.3717918396, 45.708480835, 46.0451698303, 46.3934669495, 46.7417678833, 47.0900688171, 47.4267578125, 47.7634468079, 48.111743927, 48.4600448608, 48.7967338562, 49.1334228516, 49.4701118469, 49.8184127808, 50.1551017761, 50.5033988953, 50.8516998291, 51.2000007629, 51.5366897583, 51.8733787537, 52.2216758728, 52.5699768066, 52.906665802, 53.2433547974, 53.5916557312, 53.9283447266, 54.2650337219, 54.6133308411, 54.9616317749, 55.3099327087, 55.6466217041, 55.9833106995, 56.3316078186, 56.6799087524, 57.0282058716, 57.3765068054, 57.7131958008, 58.0498847961, 58.39818573, 58.7464828491, 59.0831718445, 59.4198646545, 59.7681617737, 60.104850769, 60.4415397644, 60.7898406982, 61.1381378174, 61.4864387512, 61.8231277466, 62.1598167419, 62.5081176758, 62.8564147949, 63.1931037903, 63.5414047241, 63.8780937195, 64.2263946533, 64.5746917725, 64.9113845825, 65.2480697632, 65.5963668823, 65.9446716309, 66.2813568115, 66.6180496216, 66.9663467407, 67.3146438599, 67.6629486084, 67.9996337891, 68.3363265991, 68.6730117798, 69.0213165283, 69.358001709, 69.7062988281, 70.0546035767, 70.4029006958, 70.7395935059, 71.0762786865, 71.4245758057, 71.7728805542, 72.1095657349, 72.4462585449, 72.7945556641, 73.1428527832, 73.4795455933, 73.8162307739, 74.1645355225, 74.5128326416, 74.8611297607, 75.1978225708, 75.5345077515, 75.8828125, 76.2311096191, 76.5678024292, 76.9044876099, 77.252784729, 77.6010894775, 77.9493865967, 78.2860794067, 78.6227645874, 78.9710617065, 79.3193664551, 79.6560516357, 79.9927444458, 80.3410415649, 80.677734375, 81.0144195557, 81.3627166748, 81.7110214233, 82.0593185425, 82.3960113525, 82.7326965332, 83.0809936523, 83.4292984009, 83.7659835815, 84.1026763916, 84.4509735107, 84.7992706299, 85.1475753784, 85.4842605591, 85.8209533691, 86.1692504883, 86.5059356689, 86.842628479, 87.1909255981, 87.5392303467, 87.8875274658, 88.2242126465, 88.5609054565, 88.9092025757, 89.2458953857, 89.5941925049, 89.9308853149, 90.2791824341, 90.6274795532, 90.9757843018, 91.3124694824, 91.6491622925, 91.9974594116, 92.3457565308, 92.6824493408, 93.0191345215, 93.36743927, 93.7157363892, 94.0524215698, 94.3891143799, 94.737411499, 95.0857162476, 95.4224014282, 95.7590942383, 96.1073913574, 96.4440765381, 96.7923812866, 97.1290664673, 97.4773712158, 97.825668335, 98.1623535156, 98.5106582642, 98.8589553833, 99.1956481934, 99.5439453125, 99.8806304932, 100.217323303, 100.565620422, 100.902313232, 101.238998413, 101.587303162, 101.935600281, 102.2838974, 102.62059021, 102.957275391, 103.305580139, 103.653877258, 104.002174377, 104.350471497, 104.687164307, 105.023849487, 105.360542297, 105.708839417, 106.045532227, 106.393829346, 106.742126465, 107.078819275, 107.415504456, 107.763809204, 108.112106323, 108.448799133, 108.785484314, 109.133781433, 109.482086182, 109.830383301, 110.167076111, 110.503761292, 110.852058411, 111.200363159, 111.53704834, 111.87374115, 112.222038269, 112.558731079, 112.907028198, 113.243713379, 113.592018127, 113.940315247, 114.277008057, 114.625305176, 114.961990356, 115.310295105, 115.658592224, 115.995285034, 116.331970215, 116.680267334, 117.028572083, 117.376869202, 117.701950073, 118.050247192, 118.398544312, 118.735237122, 119.071922302, 119.420227051, 119.76852417, 120.10521698, 120.441902161, 120.79019928, 121.138504028, 121.486801147, 121.823486328, 122.160179138, 122.508476257, 122.856781006, 123.205078125, 123.541763306, 123.878456116, 124.226753235, 124.563446045, 124.900131226, 125.236824036, 125.573509216, 125.921813965, 126.270111084, 126.618408203, 126.966712952, 127.315010071, 127.651695251, 127.988388062, 128.336685181, 128.673370361, 129.010070801, 129.35836792, 129.706665039, 130.054962158, 130.391647339, 130.728347778, 131.076644897, 131.413330078, 131.750015259, 132.098312378, 132.446624756, 132.794921875, 133.143218994, 133.479904175, 133.816589355, 134.164901733, 134.501586914, 134.838272095, 135.186569214, 135.534866333, 135.883178711, 136.219863892, 136.556549072, 136.904846191, 137.253143311, 137.601455688, 137.938140869, 138.27482605, 138.623123169, 138.971420288, 139.308120728, 139.644805908, 139.993103027, 140.341400146, 140.689697266, 141.026397705, 141.363082886, 141.711380005, 142.059677124, 142.384765625, 142.733062744, 143.069747925, 143.406433105, 143.754730225, 144.103042603, 144.451339722, 144.788024902, 145.124710083, 145.473007202, 145.82131958, 146.169616699, 146.50630188, 146.842987061, 147.179672241, 147.516372681, 147.8646698, 148.212966919, 148.561264038, 148.909561157, 149.257858276, 149.594558716, 149.931243896, 150.267929077, 150.616226196, 150.952926636, 151.301223755, 151.649520874, 151.997817993, 152.334503174, 152.671203613, 153.019500732, 153.367797852, 153.716094971, 154.052780151, 154.389480591, 154.726165771, 155.062850952, 155.411148071, 155.759460449, 156.107757568, 156.456054688, 156.792739868, 157.129425049, 157.477722168, 157.814422607, 158.151107788, 158.499404907, 158.847702026, 159.195999146, 159.544311523, 159.880996704, 160.217681885, 160.565979004, 160.914276123, 161.250976563, 161.587661743, 161.935958862, 162.284255981, 162.632553101, 162.96925354, 163.305938721, 163.65423584, 163.990921021, 164.339233398, 164.675918579, 165.024215698, 165.372512817, 165.709197998, 166.045898438, 166.394195557, 166.742492676, 167.090789795, 167.427474976, 167.764175415, 168.112472534, 168.460769653, 168.797454834, 169.134140015, 169.482452393, 169.830749512, 170.167434692, 170.504119873, 170.852416992, 171.20072937, 171.537414551, 171.874099731, 172.222396851, 172.55909729, 172.895782471, 173.24407959, 173.592376709, 173.940673828, 174.288970947, 174.625671387, 174.962356567, 175.310653687, 175.658950806, 175.995635986, 176.332336426, 176.680633545, 177.017318726, 177.354003906, 177.702316284, 178.050613403, 178.398910522, 178.747207642, 179.083892822, 179.420593262, 179.757278442, 180.093963623, 180.442260742, 180.790557861, 181.138870239, 181.487167358, 181.823852539, 182.16053772, 182.508834839, 182.857131958, 183.205444336, 183.542129517, 183.878814697, 184.227111816, 184.575408936, 184.912109375, 185.248794556, 185.597091675, 185.945388794, 186.293685913, 186.630386353, 186.967071533, 187.315368652, 187.640457153, 187.988754272, 188.337051392, 188.685348511, 189.03364563, 189.370330811, 189.70703125, 190.055328369, 190.403625488, 190.740310669, 191.07699585, 191.425308228, 191.773605347, 192.110290527, 192.446975708, 192.795272827, 193.143585205, 193.480270386, 193.816955566, 194.165252686, 194.513549805, 194.861862183, 195.198547363, 195.535232544, 195.883529663, 196.231826782, 196.568527222, 196.905212402, 197.253509521, 197.601806641, 198.066207886, 198.518997192, 198.971786499, 199.424575806, 199.877365112, 200.341766357, 200.806167603, 201.270568848, 201.734954834, 202.199356079, 202.663757324, 203.128158569, 203.604171753, 204.091781616, 204.579406738, 205.06703186, 205.554641724, 206.030654907, 206.495056152, 206.959457397, 207.435455322, 208.050796509, 208.654510498, 209.246612549, 209.943222046, 210.639816284, 211.324798584, 212.009796143, 212.694778442, 213.379776001, 214.064758301, 214.749740601, 215.434738159, 216.119720459, 216.804718018, 217.489700317, 218.174682617, 218.848068237, 219.533050537, 220.218048096, 220.903030396, 221.588027954, 222.273010254, 222.958007813, 223.642990112, 224.327972412, 225.012969971, 225.697952271, 226.382949829, 227.067932129, 227.764526367, 228.461135864, 229.146118164, 229.831100464, 230.516098022, 231.201080322, 231.886077881, 232.571060181, 233.256057739, 233.941040039, 234.626022339, 235.311019897, 235.996002197, 236.680999756, 237.365982056, 238.050964355, 238.735961914, 239.420944214, 240.105941772, 240.790924072, 241.475906372, 242.160903931, 242.84588623, 243.530883789, 244.215866089, 244.900863647, 245.585845947, 246.270828247, 246.955825806, 247.652420044, 248.337417603, 249.022399902, 249.707382202, 250.392379761, 251.077362061, 251.762359619, 252.447341919, 253.132324219, 253.817321777, 254.502304077, 255.187301636, 255.883895874, 256.568878174, 257.253875732, 257.938873291, 258.623840332, 259.308837891, 259.993835449, 260.67880249, 261.363800049, 262.048797607, 262.733795166, 263.418762207, 264.103759766, 264.788757324, 265.473724365, 266.158721924, 266.843719482, 267.528717041, 268.213684082, 268.898681641, 269.583679199, 270.26864624, 270.953643799, 271.638641357, 272.323608398, 273.008605957, 273.693603516, 274.378601074, 275.063568115, 275.748565674, 276.433563232, 277.118530273, 277.803527832, 278.488525391]
