
metadata:
    version:
        essentia: "2.1-beta2"
    audio_properties:
        analysis_sample_rate: 44100
        bitrate: 320
        channels: 2
        equal_loudness: 1
        length: 252.081634521
        replay_gain: -15.4671392441
        downmix: "mix"
    tags:
        album: "Immortalized"
        artist: "Disturbed"
        comment: ""
        date: ""
        genre: "Alternative Metal"
        title: "The Vengeful One"
        tracknumber: "3"

configuration:
    average_loudness:
        compute: 1
        frameSize: 88200
        hopSize: 44100
        silentFrames: "noise"
        windowType: "hann"
    general:
        analysisSampleRate: 44100
        endTime: 2000
        equalLoudness: 1
        nequalLoudness: 0
        shortSound: 0
        startTime: 0
    lowlevel:
        compute: 1
        frameSize: 2048
        hopSize: 1024
        zeroPadding: 0
        silentFrames: "noise"
        windowType: "blackmanharris62"
        mfccStats: ["mean", "cov", "icov"]
        stats: ["mean", "var", "median", "min", "max", "dmean", "dmean2", "dvar", "dvar2"]
    panning:
        compute: 0
        frameSize: 8192
        hopSize: 2048
        zeroPadding: 8192
        silentFrames: "noise"
        windowType: "hann"
        stats: ["copy"]
    rhythm:
        compute: 1
        maxTempo: 208
        minTempo: 40
        method: "degara"
        stats: ["mean", "var", "median", "min", "max", "dmean", "dmean2", "dvar", "dvar2"]
    segmentation:
        compute: 0
        cpw: 5
        inc1: 300
        inc2: 50
        minimumSegmentsLength: 10
        size1: 1000
        size2: 600
    sfx:
        compute: 1
        stats: ["mean", "var", "median", "min", "max", "dmean", "dmean2", "dvar", "dvar2"]
    svm:
        compute: 0
    tonal:
        compute: 1
        frameSize: 4096
        hopSize: 2048
        zeroPadding: 0
        silentFrames: "noise"
        windowType: "blackmanharris62"
        stats: ["mean", "var", "median", "min", "max", "dmean", "dmean2", "dvar", "dvar2"]

lowlevel:
    average_loudness: 0.901202499866
    barkbands_kurtosis:
        dmean: 0.781194925308
        dmean2: 1.27858018875
        dvar: 6.41332197189
        dvar2: 13.318693161
        max: 195.667709351
        mean: -0.397843629122
        median: -0.991608142853
        min: -1.86313259602
        var: 20.7234020233
    barkbands_skewness:
        dmean: 0.406124562025
        dmean2: 0.638522446156
        dvar: 0.207900106907
        dvar2: 0.513163328171
        max: 11.3767499924
        mean: -0.0265376530588
        median: -0.200310796499
        min: -3.50868844986
        var: 0.663613379002
    barkbands_spread:
        dmean: 5.91179561615
        dmean2: 9.6624212265
        dvar: 35.4261207581
        dvar2: 94.758026123
        max: 81.0917434692
        mean: 33.0839424133
        median: 33.09897995
        min: 0.34238743782
        var: 104.880653381
    dissonance:
        dmean: 0.0116443298757
        dmean2: 0.019827766344
        dvar: 0.000153954795678
        dvar2: 0.000415185786551
        max: 0.500000178814
        mean: 0.48055139184
        median: 0.485714435577
        min: 0.295732080936
        var: 0.000372619309928
    hfc:
        dmean: 2.43167829514
        dmean2: 4.00047254562
        dvar: 11.6746644974
        dvar2: 31.34192276
        max: 39.9121284485
        mean: 8.38661956787
        median: 7.9172873497
        min: 1.2777169078e-016
        var: 27.7371673584
    pitch:
        dmean: 831.775512695
        dmean2: 1582.90551758
        dvar: 1575284.125
        dvar2: 3916347.25
        max: 4952.87158203
        mean: 974.146240234
        median: 299.044372559
        min: 55.1683578491
        var: 1715492.5
    pitch_instantaneous_confidence:
        dmean: 0.077802836895
        dmean2: 0.126443818212
        dvar: 0.00460594147444
        dvar2: 0.0113243637607
        max: 0.852943301201
        mean: 0.324215114117
        median: 0.294492632151
        min: 0.109258532524
        var: 0.0169013980776
    pitch_salience:
        dmean: 0.0694460943341
        dmean2: 0.115093536675
        dvar: 0.00533078890294
        dvar2: 0.0146357603371
        max: 0.989730656147
        mean: 0.657274842262
        median: 0.67684340477
        min: 0.156637400389
        var: 0.00920381397009
    silence_rate_20dB:
        dmean: 0
        dmean2: 0
        dvar: 0
        dvar2: 0
        max: 1
        mean: 1
        median: 1
        min: 1
        var: 0
    silence_rate_30dB:
        dmean: 0
        dmean2: 0
        dvar: 0
        dvar2: 0
        max: 1
        mean: 1
        median: 1
        min: 1
        var: 0
    silence_rate_60dB:
        dmean: 0.0935801789165
        dmean2: 0.187177598476
        dvar: 0.0848081409931
        dvar2: 0.174063101411
        max: 1
        mean: 0.272517949343
        median: 0
        min: 0
        var: 0.198226466775
    spectral_centroid:
        dmean: 294.181274414
        dmean2: 467.061859131
        dvar: 97003.1484375
        dvar2: 239375.046875
        max: 11309.8574219
        mean: 1780.7623291
        median: 1864.84594727
        min: 84.9794845581
        var: 337033.75
    spectral_complexity:
        dmean: 4.59648132324
        dmean2: 7.4353351593
        dvar: 23.7080383301
        dvar2: 59.3917236328
        max: 49
        mean: 17.319026947
        median: 18
        min: 0
        var: 86.9780044556
    spectral_crest:
        dmean: 1.84349215031
        dmean2: 3.05449509621
        dvar: 3.27539753914
        dvar2: 8.34248256683
        max: 20.8685894012
        mean: 6.04866075516
        median: 5.29420900345
        min: 1.99384009838
        var: 7.32050895691
    spectral_decrease:
        dmean: 2.92346535868e-010
        dmean2: 4.5688314243e-010
        dvar: 2.01111944116e-019
        dvar2: 4.83641699113e-019
        max: 5.89037006806e-029
        mean: -1.04952946334e-009
        median: -9.90435955472e-010
        min: -4.62815297197e-009
        var: 3.89565336523e-019
    spectral_energy:
        dmean: 0.0012692483142
        dmean2: 0.00197822018526
        dvar: 3.40259998666e-006
        dvar2: 8.10856818134e-006
        max: 0.0194187313318
        mean: 0.00472183618695
        median: 0.00446712179109
        min: 1.13669576502e-020
        var: 7.3855858318e-006
    spectral_energyband_high:
        dmean: 0.000196025852347
        dmean2: 0.00033095778781
        dvar: 9.21663243503e-008
        dvar2: 2.49913711059e-007
        max: 0.00456980988383
        mean: 0.000481162249343
        median: 0.000409322441556
        min: 8.26907335989e-021
        var: 1.55232299903e-007
    spectral_energyband_low:
        dmean: 0.000266175280558
        dmean2: 0.000445702928118
        dvar: 1.55142288349e-007
        dvar2: 4.25560244821e-007
        max: 0.00367633323185
        mean: 0.00047495009494
        median: 0.000367567525245
        min: 1.39244955959e-022
        var: 1.87240175364e-007
    spectral_energyband_middle_high:
        dmean: 0.000692692934535
        dmean2: 0.00112085905857
        dvar: 6.49950891329e-007
        dvar2: 1.6739769535e-006
        max: 0.0101235294715
        mean: 0.00238952273503
        median: 0.00217987969518
        min: 1.52912212218e-021
        var: 2.36889582084e-006
    spectral_energyband_middle_low:
        dmean: 0.000800000969321
        dmean2: 0.00130300922319
        dvar: 2.79574896922e-006
        dvar2: 7.13643385097e-006
        max: 0.016398742795
        mean: 0.00151716941036
        median: 0.0010677149985
        min: 2.65163867662e-022
        var: 3.29289423462e-006
    spectral_flatness_db:
        dmean: 0.0145447067916
        dmean2: 0.023137031123
        dvar: 0.000252837315202
        dvar2: 0.000671449000947
        max: 0.473996847868
        mean: 0.128239646554
        median: 0.121040478349
        min: 0.0515203401446
        var: 0.00108504819218
    spectral_flux:
        dmean: 0.00818430166692
        dmean2: 0.0121343331411
        dvar: 0.000100160301372
        dvar2: 0.000212850762182
        max: 0.118898272514
        mean: 0.0409401208162
        median: 0.0403757095337
        min: 1.066159383e-010
        var: 0.000273336132523
    spectral_kurtosis:
        dmean: 0.789778470993
        dmean2: 1.28601467609
        dvar: 1.31755101681
        dvar2: 3.25808405876
        max: 50.1419029236
        mean: 3.1076028347
        median: 2.84902191162
        min: -1.25128889084
        var: 4.22429656982
    spectral_rms:
        dmean: 0.000265821203357
        dmean2: 0.000401967176003
        dvar: 1.05621872137e-007
        dvar2: 2.31029616771e-007
        max: 0.00435259751976
        mean: 0.00204335222952
        median: 0.00208762241527
        min: 3.33012241914e-012
        var: 4.31391299571e-007
    spectral_rolloff:
        dmean: 412.170257568
        dmean2: 683.408081055
        dvar: 360366.375
        dvar2: 916585.1875
        max: 18992.2851563
        mean: 3364.61010742
        median: 3596.04492188
        min: 107.666015625
        var: 897671.6875
    spectral_skewness:
        dmean: 0.135805606842
        dmean2: 0.214024364948
        dvar: 0.023211248219
        dvar2: 0.0518786758184
        max: 6.03610038757
        mean: 1.34448099136
        median: 1.29535245895
        min: -0.0385405234993
        var: 0.137703746557
    spectral_spread:
        dmean: 492349.15625
        dmean2: 708510.9375
        dvar: 512478085120
        dvar2: 818037587968
        max: 42359712
        mean: 5199300.5
        median: 4886848
        min: 1679576.5
        var: 2.27763473613e+012
    spectral_strongpeak:
        dmean: 0.405839025974
        dmean2: 0.692474901676
        dvar: 0.355139195919
        dvar2: 0.939771950245
        max: 9.6187286377
        mean: 0.614769816399
        median: 0.322484970093
        min: 0
        var: 0.57903534174
    zerocrossingrate:
        dmean: 0.00895901862532
        dmean2: 0.0108537329361
        dvar: 7.84482763265e-005
        dvar2: 9.65379804256e-005
        max: 0.51220703125
        mean: 0.101468734443
        median: 0.10498046875
        min: 0.00537109375
        var: 0.000711835047696
    barkbands:
        dmean: [1.790740356e-007, 9.87227031146e-005, 0.000151901898789, 0.000298937608022, 0.000360394973541, 0.000103887286969, 7.46216101106e-005, 8.58892963151e-005, 0.000169273334905, 0.000113500384032, 7.02197794453e-005, 0.000112085981527, 0.000131582200993, 0.000101113888377, 6.71577072353e-005, 9.41170219448e-005, 0.000154483190272, 0.000145626108861, 0.000196636057808, 0.000156786598382, 0.000108153908513, 3.40795450029e-005, 6.80544417264e-006, 4.17031878897e-006, 2.37283802562e-006, 1.01709566991e-007, 2.92541463276e-010]
        dmean2: [2.30428071291e-007, 0.000166901969351, 0.000255668652244, 0.000498493260238, 0.00060787377879, 0.000171345411218, 0.000123716221424, 0.000137521608849, 0.000274402555078, 0.000185692319064, 0.000116356161016, 0.000182857635082, 0.00021642507636, 0.000162182652275, 0.000110078370199, 0.000155363028171, 0.000258751562797, 0.000250056968071, 0.000330496521201, 0.000258623796981, 0.000183476193342, 6.0131358623e-005, 1.19945580082e-005, 6.81759911458e-006, 3.87682848668e-006, 1.62277075333e-007, 5.10373077134e-010]
        dvar: [9.83398136685e-014, 2.82802936624e-008, 6.13662223259e-008, 6.06392518421e-007, 9.31880606458e-007, 3.3167555813e-008, 2.24065779264e-008, 4.27870823216e-008, 6.88733052812e-008, 4.14770831014e-008, 1.39946250144e-008, 4.25664268278e-008, 5.75117411472e-008, 3.79634350622e-008, 1.35921398581e-008, 1.81297874491e-008, 3.95292047983e-008, 4.95413630119e-008, 7.01087330413e-008, 5.76355603243e-008, 2.39970887606e-008, 4.70823602328e-009, 1.4997887654e-010, 6.54057571992e-011, 2.06960403676e-011, 3.43744943534e-014, 2.06636011343e-019]
        dvar2: [1.51423849588e-013, 7.88171803379e-008, 1.67188815681e-007, 1.54629037752e-006, 2.52715926763e-006, 8.50044443723e-008, 5.7039589052e-008, 1.02073890673e-007, 1.69378353121e-007, 1.03366339488e-007, 3.75494089155e-008, 1.07934752691e-007, 1.51066856802e-007, 9.28207981588e-008, 3.4419759487e-008, 4.50952555298e-008, 1.04438257154e-007, 1.38032532959e-007, 1.93846162233e-007, 1.41696787637e-007, 6.41857837991e-008, 1.40526328352e-008, 4.21145146534e-010, 1.5112658347e-010, 4.86181303549e-011, 7.67560724723e-014, 5.85248998343e-019]
        max: [5.50605909666e-006, 0.00151913706213, 0.00306750717573, 0.00736334407702, 0.00877416878939, 0.00382016925141, 0.00286941765808, 0.00688590249047, 0.00537110120058, 0.00534179992974, 0.00300639052875, 0.0039876610972, 0.0042751072906, 0.00416294904426, 0.00391770433635, 0.00376334926113, 0.00361021189019, 0.00295904744416, 0.00533815892413, 0.00470789754763, 0.00267177191563, 0.00103622477036, 0.000113428846817, 0.000186190663953, 5.99257291469e-005, 6.07925858276e-006, 9.69483959778e-009]
        mean: [2.741188041e-007, 0.000137639581226, 0.000232932143263, 0.000342915504007, 0.000421308417572, 0.000158422641107, 0.000111775967525, 0.000127849649289, 0.000292257114779, 0.00019068675465, 0.000113343012345, 0.000196047840291, 0.000230405421462, 0.000172694490175, 0.000125793725601, 0.000178997521289, 0.000307532114675, 0.000260968954535, 0.000453862157883, 0.000338929588906, 0.00024033804948, 6.40164653305e-005, 1.10347446025e-005, 7.7682252595e-006, 3.88836042475e-006, 1.65882056535e-007, 4.1381761906e-010]
        median: [4.55072353134e-008, 8.37513653096e-005, 0.00015623375657, 0.000102071746369, 0.000172914704308, 9.19246085687e-005, 6.2197635998e-005, 5.53245918127e-005, 0.000164471246535, 0.000106569714262, 6.80266384734e-005, 9.0236790129e-005, 9.92003770079e-005, 7.65451986808e-005, 8.3069797256e-005, 0.000138543662615, 0.000257335545029, 0.000208971527172, 0.000358470890205, 0.000257253763266, 0.000197766421479, 5.15204701514e-005, 7.15284750186e-006, 4.19995240009e-006, 1.94175959223e-006, 9.1391029855e-008, 2.59751081755e-010]
        min: [8.76680924381e-024, 5.39669085375e-023, 6.31192853816e-023, 1.88699299284e-023, 1.47533728905e-023, 2.19040009881e-023, 3.45785250227e-023, 1.35133182573e-023, 1.49047000779e-022, 3.57739143513e-023, 7.84296619132e-023, 1.06334739222e-022, 1.29647977109e-022, 1.28731661525e-022, 7.18128985886e-023, 1.61463090826e-022, 1.0611749324e-022, 1.88501847399e-022, 2.34931309894e-022, 3.83517060547e-022, 5.50077379267e-022, 5.53068840794e-022, 7.06298142279e-022, 8.81058726907e-022, 1.48762415106e-021, 1.6843508642e-021, 2.57428158785e-021]
        var: [2.57702848861e-013, 3.09811838406e-008, 7.15737442647e-008, 6.85928398525e-007, 8.20814193503e-007, 4.98793220061e-008, 3.05858947058e-008, 6.66176092068e-008, 1.48806520883e-007, 9.42222939671e-008, 2.22027676244e-008, 9.99147076186e-008, 1.32394902153e-007, 7.40270138522e-008, 2.95378068671e-008, 3.4870460297e-008, 7.25590894035e-008, 6.1828870912e-008, 2.01132721145e-007, 1.13714762051e-007, 4.33183160453e-008, 4.23150003925e-009, 1.60420121631e-010, 1.68257255351e-010, 3.8164992e-011, 5.97167036957e-014, 2.69106565284e-019]
    frequency_bands:
        dmean: [1.790740356e-007, 9.87227031146e-005, 0.000151901898789, 0.000298937608022, 0.000360394973541, 0.000103887286969, 7.46216101106e-005, 8.58892963151e-005, 0.000169273334905, 0.000113500384032, 7.02197794453e-005, 0.000112085981527, 0.000131582200993, 0.000101113888377, 6.71577072353e-005, 9.41170219448e-005, 0.000154483190272, 0.000145626108861, 0.000196636057808, 0.000156786598382, 0.000108153908513, 3.40795450029e-005, 6.80544417264e-006, 4.17031878897e-006, 2.37283802562e-006, 1.01709566991e-007, 2.92541463276e-010, 5.54331615332e-011]
        dmean2: [2.30428071291e-007, 0.000166901969351, 0.000255668652244, 0.000498493260238, 0.00060787377879, 0.000171345411218, 0.000123716221424, 0.000137521608849, 0.000274402555078, 0.000185692319064, 0.000116356161016, 0.000182857635082, 0.00021642507636, 0.000162182652275, 0.000110078370199, 0.000155363028171, 0.000258751562797, 0.000250056968071, 0.000330496521201, 0.000258623796981, 0.000183476193342, 6.0131358623e-005, 1.19945580082e-005, 6.81759911458e-006, 3.87682848668e-006, 1.62277075333e-007, 5.10373077134e-010, 1.03022007591e-010]
        dvar: [9.83398136685e-014, 2.82802936624e-008, 6.13662223259e-008, 6.06392518421e-007, 9.31880606458e-007, 3.3167555813e-008, 2.24065779264e-008, 4.27870823216e-008, 6.88733052812e-008, 4.14770831014e-008, 1.39946250144e-008, 4.25664268278e-008, 5.75117411472e-008, 3.79634350622e-008, 1.35921398581e-008, 1.81297874491e-008, 3.95292047983e-008, 4.95413630119e-008, 7.01087330413e-008, 5.76355603243e-008, 2.39970887606e-008, 4.70823602328e-009, 1.4997887654e-010, 6.54057571992e-011, 2.06960403676e-011, 3.43744943534e-014, 2.06636011343e-019, 6.47235103941e-021]
        dvar2: [1.51423849588e-013, 7.88171803379e-008, 1.67188815681e-007, 1.54629037752e-006, 2.52715926763e-006, 8.50044443723e-008, 5.7039589052e-008, 1.02073890673e-007, 1.69378353121e-007, 1.03366339488e-007, 3.75494089155e-008, 1.07934752691e-007, 1.51066856802e-007, 9.28207981588e-008, 3.4419759487e-008, 4.50952555298e-008, 1.04438257154e-007, 1.38032532959e-007, 1.93846162233e-007, 1.41696787637e-007, 6.41857837991e-008, 1.40526328352e-008, 4.21145146534e-010, 1.5112658347e-010, 4.86181303549e-011, 7.67560724723e-014, 5.85248998343e-019, 2.08292156177e-020]
        max: [5.50605909666e-006, 0.00151913706213, 0.00306750717573, 0.00736334407702, 0.00877416878939, 0.00382016925141, 0.00286941765808, 0.00688590249047, 0.00537110120058, 0.00534179992974, 0.00300639052875, 0.0039876610972, 0.0042751072906, 0.00416294904426, 0.00391770433635, 0.00376334926113, 0.00361021189019, 0.00295904744416, 0.00533815892413, 0.00470789754763, 0.00267177191563, 0.00103622477036, 0.000113428846817, 0.000186190663953, 5.99257291469e-005, 6.07925858276e-006, 9.69483959778e-009, 1.03741015778e-009]
        mean: [2.741188041e-007, 0.000137639581226, 0.000232932143263, 0.000342915504007, 0.000421308417572, 0.000158422641107, 0.000111775967525, 0.000127849649289, 0.000292257114779, 0.00019068675465, 0.000113343012345, 0.000196047840291, 0.000230405421462, 0.000172694490175, 0.000125793725601, 0.000178997521289, 0.000307532114675, 0.000260968954535, 0.000453862157883, 0.000338929588906, 0.00024033804948, 6.40164653305e-005, 1.10347446025e-005, 7.7682252595e-006, 3.88836042475e-006, 1.65882056535e-007, 4.1381761906e-010, 4.35704007595e-011]
        median: [4.55072353134e-008, 8.37513653096e-005, 0.00015623375657, 0.000102071746369, 0.000172914704308, 9.19246085687e-005, 6.2197635998e-005, 5.53245918127e-005, 0.000164471246535, 0.000106569714262, 6.80266384734e-005, 9.0236790129e-005, 9.92003770079e-005, 7.65451986808e-005, 8.3069797256e-005, 0.000138543662615, 0.000257335545029, 0.000208971527172, 0.000358470890205, 0.000257253763266, 0.000197766421479, 5.15204701514e-005, 7.15284750186e-006, 4.19995240009e-006, 1.94175959223e-006, 9.1391029855e-008, 2.59751081755e-010, 1.63319115176e-011]
        min: [8.76680924381e-024, 5.39669085375e-023, 6.31192853816e-023, 1.88699299284e-023, 1.47533728905e-023, 2.19040009881e-023, 3.45785250227e-023, 1.35133182573e-023, 1.49047000779e-022, 3.57739143513e-023, 7.84296619132e-023, 1.06334739222e-022, 1.29647977109e-022, 1.28731661525e-022, 7.18128985886e-023, 1.61463090826e-022, 1.0611749324e-022, 1.88501847399e-022, 2.34931309894e-022, 3.83517060547e-022, 5.50077379267e-022, 5.53068840794e-022, 7.06298142279e-022, 8.81058726907e-022, 1.48762415106e-021, 1.6843508642e-021, 2.57428158785e-021, 9.26419061994e-022]
        var: [2.57702848861e-013, 3.09811838406e-008, 7.15737442647e-008, 6.85928398525e-007, 8.20814193503e-007, 4.98793220061e-008, 3.05858947058e-008, 6.66176092068e-008, 1.48806520883e-007, 9.42222939671e-008, 2.22027676244e-008, 9.99147076186e-008, 1.32394902153e-007, 7.40270138522e-008, 2.95378068671e-008, 3.4870460297e-008, 7.25590894035e-008, 6.1828870912e-008, 2.01132721145e-007, 1.13714762051e-007, 4.33183160453e-008, 4.23150003925e-009, 1.60420121631e-010, 1.68257255351e-010, 3.8164992e-011, 5.97167036957e-014, 2.69106565284e-019, 5.14667899721e-021]
    mfcc:
        mean: [-693.973449707, 95.2089157104, -46.3357429504, 43.8077468872, -15.0768661499, 0.61860114336, 7.44241189957, -1.36925208569, 4.26197576523, -4.03432750702, -2.77160811424, -1.65072882175, -6.47508764267]
        cov: [[4955.58984375, 197.323806763, -386.298217773, 216.837799072, -150.740768433, 68.6754608154, 86.7085037231, 69.2663345337, -50.822063446, -44.7447433472, 0.818255186081, -33.534236908, -129.555236816], [197.323806763, 673.143310547, 9.08926582336, 65.9566955566, 1.5566778183, 21.646030426, -1.53828442097, -4.51775693893, 30.0506038666, -6.27292013168, -5.3050904274, 10.486787796, 35.0106239319], [-386.298217773, 9.08926582336, 497.2684021, 28.800983429, 158.416885376, 27.0602684021, -13.1981773376, 14.6831216812, 3.98717451096, 14.0212373734, -22.0803813934, 13.6805028915, 20.0853748322], [216.837799072, 65.9566955566, 28.800983429, 247.713012695, 53.721031189, 48.1252479553, -28.2731552124, 9.68909931183, 31.7772769928, -15.0990753174, -1.5094178915, -25.6150608063, 2.95353412628], [-150.740768433, 1.5566778183, 158.416885376, 53.721031189, 181.065734863, 43.3274917603, -1.19652187824, 7.59643316269, 10.2701587677, 17.6783370972, -0.728476166725, 6.43381786346, 10.9736776352], [68.6754608154, 21.646030426, 27.0602684021, 48.1252479553, 43.3274917603, 101.77571106, 50.2638053894, 29.6722450256, 2.33495950699, 8.39950180054, 4.39419078827, 0.920214414597, -1.24467301369], [86.7085037231, -1.53828442097, -13.1981773376, -28.2731552124, -1.19652187824, 50.2638053894, 147.803909302, 60.7759094238, 0.568007826805, 14.9919290543, 17.6180953979, 17.5481796265, 5.29048442841], [69.2663345337, -4.51775693893, 14.6831216812, 9.68909931183, 7.59643316269, 29.6722450256, 60.7759094238, 111.839859009, 24.9664535522, 7.56133937836, 12.5095930099, 11.6788740158, 6.09442043304], [-50.822063446, 30.0506038666, 3.98717451096, 31.7772769928, 10.2701587677, 2.33495950699, 0.568007826805, 24.9664535522, 85.0177307129, 28.3650894165, 10.6761617661, -1.16110575199, 11.602519989], [-44.7447433472, -6.27292013168, 14.0212373734, -15.0990753174, 17.6783370972, 8.39950180054, 14.9919290543, 7.56133937836, 28.3650894165, 89.3948822021, 24.7483024597, 21.6697616577, 1.54710423946], [0.818255186081, -5.3050904274, -22.0803813934, -1.5094178915, -0.728476166725, 4.39419078827, 17.6180953979, 12.5095930099, 10.6761617661, 24.7483024597, 66.2232055664, 25.3097190857, 8.24607658386], [-33.534236908, 10.486787796, 13.6805028915, -25.6150608063, 6.43381786346, 0.920214414597, 17.5481796265, 11.6788740158, -1.16110575199, 21.6697616577, 25.3097190857, 76.9985351563, 23.0759754181], [-129.555236816, 35.0106239319, 20.0853748322, 2.95353412628, 10.9736776352, -1.24467301369, 5.29048442841, 6.09442043304, 11.602519989, 1.54710423946, 8.24607658386, 23.0759754181, 59.7330627441]]
        icov: [[0.000256492203334, -8.7262429588e-005, 0.000160414303537, -0.000314669508953, 0.000126616418129, 1.88021349459e-005, -0.000142974866321, -0.000168335362105, 0.000245144357905, -1.22129185911e-005, 5.5204713135e-005, -0.000146418504301, 0.000577683793381], [-8.7262429588e-005, 0.00164324312937, -8.64169487613e-005, -0.000266148330411, 0.000230083998758, -0.000379417237127, -2.29216857406e-005, 0.000431777443737, -0.000643500126898, 0.000199596994207, 0.000310241593979, -0.000272026372841, -0.00102029484697], [0.000160414303537, -8.64169487613e-005, 0.00303218653426, -1.65604396898e-005, -0.00248792604543, 0.000179061331437, 0.00032965419814, -0.000717608549166, 0.000451726140454, -0.000292243494187, 0.00125775067136, -0.000494083098602, -0.000178306770977], [-0.000314669508953, -0.000266148330411, -1.65604396898e-005, 0.00616849446669, -0.00131497788243, -0.00323331612162, 0.00235417904332, -0.000277116167126, -0.00237099733204, 0.00170368363615, -0.00105114968028, 0.00171855266672, -0.000934342038818], [0.000126616418129, 0.000230083998758, -0.00248792604543, -0.00131497788243, 0.00907563045621, -0.00301762507297, 0.000589285045862, 0.000402355770348, -1.52787761181e-005, -0.00127734616399, -9.93726353045e-005, -0.000314205564791, -0.00061091867974], [1.88021349459e-005, -0.000379417237127, 0.000179061331437, -0.00323331612162, -0.00301762507297, 0.0158047713339, -0.0055234064348, -0.00124289153609, 0.0018573612906, -0.00126034230925, 0.000471747567644, 0.000283083791146, 0.00135992479045], [-0.000142974866321, -2.29216857406e-005, 0.00032965419814, 0.00235417904332, 0.000589285045862, -0.0055234064348, 0.0115435812622, -0.0049666701816, 0.00106319994666, -0.000762095267419, -0.00126062473282, -0.000190080798347, -0.00120224687271], [-0.000168335362105, 0.000431777443737, -0.000717608549166, -0.000277116167126, 0.000402355770348, -0.00124289153609, -0.0049666701816, 0.0132893398404, -0.0045065311715, 0.00170933629852, -0.000723047414795, -0.00133042910602, 6.58795979689e-005], [0.000245144357905, -0.000643500126898, 0.000451726140454, -0.00237099733204, -1.52787761181e-005, 0.0018573612906, 0.00106319994666, -0.0045065311715, 0.0168223995715, -0.00614890549332, -0.000640625017695, 0.0027837655507, -0.00281396182254], [-1.22129185911e-005, 0.000199596994207, -0.000292243494187, 0.00170368363615, -0.00127734616399, -0.00126034230925, -0.000762095267419, 0.00170933629852, -0.00614890549332, 0.0157130789012, -0.00401690322906, -0.0033542313613, 0.00260976841673], [5.5204713135e-005, 0.000310241593979, 0.00125775067136, -0.00105114968028, -9.93726353045e-005, 0.000471747567644, -0.00126062473282, -0.000723047414795, -0.000640625017695, -0.00401690322906, 0.0196887850761, -0.0053502288647, -0.000642190454528], [-0.000146418504301, -0.000272026372841, -0.000494083098602, 0.00171855266672, -0.000314205564791, 0.000283083791146, -0.000190080798347, -0.00133042910602, 0.0027837655507, -0.0033542313613, -0.0053502288647, 0.0186667423695, -0.00678732199594], [0.000577683793381, -0.00102029484697, -0.000178306770977, -0.000934342038818, -0.00061091867974, 0.00135992479045, -0.00120224687271, 6.58795979689e-005, -0.00281396182254, 0.00260976841673, -0.000642190454528, -0.00678732199594, 0.0221282951534]]
    sccoeffs:
        dmean: [0.0568462610245, 0.0460924617946, 0.0378360636532, 0.0289720408618, 0.019258690998, 0.0176680088043]
        dmean2: [0.0926155820489, 0.0758522972465, 0.0625231787562, 0.0481205247343, 0.0319426842034, 0.0279947388917]
        dvar: [0.00244748196565, 0.00134104804602, 0.000896788435057, 0.000519275781699, 0.000235710700508, 0.000267052382696]
        dvar2: [0.00618898728862, 0.00360208796337, 0.00238145841286, 0.00140745239332, 0.000643694889732, 0.000610785442404]
        max: [-0.263874292374, -0.51785159111, -0.534331381321, -0.570996403694, -0.650822281837, -0.500982165337]
        mean: [-0.652710497379, -0.775294542313, -0.781928658485, -0.795984625816, -0.807457208633, -0.751064479351]
        median: [-0.659029126167, -0.78033220768, -0.786803245544, -0.800150990486, -0.808515071869, -0.751216292381]
        min: [-0.973459839821, -0.985682845116, -0.990456342697, -0.975709021091, -0.980924546719, -0.962736308575]
        var: [0.0068384418264, 0.00356539222412, 0.00312288175337, 0.00199092319235, 0.000780145928729, 0.0018243471859]
    scvalleys:
        dmean: [0.38168027997, 0.360063314438, 0.299627512693, 0.254473805428, 0.23416249454, 0.279388517141]
        dmean2: [0.640514492989, 0.5924924016, 0.477994829416, 0.396138727665, 0.353444159031, 0.421014755964]
        dvar: [0.100201420486, 0.100213058293, 0.0740814805031, 0.0601331219077, 0.0688743963838, 0.132475480437]
        dvar2: [0.265742748976, 0.244603961706, 0.160530731082, 0.121634967625, 0.138132110238, 0.292555689812]
        max: [-5.49848794937, -4.91703891754, -5.06625509262, -5.6269993782, -5.55014657974, -7.59936761856]
        mean: [-6.99148035049, -6.67388296127, -6.67649507523, -6.97750234604, -6.84999608994, -9.36606311798]
        median: [-6.76340723038, -6.5297870636, -6.48700428009, -6.75447130203, -6.58411598206, -9.17849349976]
        min: [-27.4490909576, -27.2542953491, -27.3269100189, -27.0931892395, -27.2163257599, -27.2314128876]
        var: [1.29099857807, 0.991937756538, 1.06993222237, 1.01383209229, 1.05146420002, 1.19747757912]

rhythm:
    beats_loudness:
        dmean: 0.00311490194872
        dmean2: 0.00573709933087
        dvar: 7.5916377682e-006
        dvar2: 2.50430985034e-005
        max: 0.0146782845259
        mean: 0.00633099116385
        median: 0.00576677219942
        min: 1.23629315119e-010
        var: 8.96967321751e-006
    bpm: 113.325546265
    bpm_confidence: 0
    first_peak_bpm: 112
    first_peak_spread: 0.397260278463
    first_peak_weight: 0.493273556232
    onset_rate: 3.52266836166
    second_peak_bpm: 85
    second_peak_spread: 0.0519481152296
    second_peak_weight: 0.163677126169
    beats_loudness_band_ratio:
        dmean: [0.260245651007, 0.0935751646757, 0.0862197056413, 0.115237489343, 0.113349601626, 0.114341199398]
        dmean2: [0.482283264399, 0.173475503922, 0.151596724987, 0.207555741072, 0.206241175532, 0.201981365681]
        dvar: [0.0436325408518, 0.00515144038945, 0.00787263270468, 0.0122724287212, 0.00751664163545, 0.00952933914959]
        dvar2: [0.130167275667, 0.0163417421281, 0.0223689451814, 0.0348607562482, 0.0229809787124, 0.025240842253]
        max: [0.934163212776, 0.499847143888, 0.725507557392, 0.75366127491, 0.566422224045, 0.799179792404]
        mean: [0.311737030745, 0.0984818786383, 0.119038239121, 0.154137924314, 0.176107466221, 0.193057909608]
        median: [0.23400580883, 0.0667051449418, 0.0848327726126, 0.111956261098, 0.165427267551, 0.181270390749]
        min: [9.18981459108e-006, 0.00133933278266, 0.00521615846083, 0.00452481769025, 0.0101997368038, 0.0079460516572]
        var: [0.0631974563003, 0.00649070879444, 0.0104311108589, 0.0156656932086, 0.00980602670461, 0.0136604430154]
    beats_position: [0.766258478165, 1.53251695633, 2.29877543449, 3.07664394379, 3.80807256699, 4.52789115906, 5.23609972, 5.94430828094, 6.64090681076, 7.3491153717, 8.05732440948, 8.75392246246, 9.46213150024, 10.1703395844, 10.8785486221, 11.5867567062, 12.294965744, 13.0031747818, 13.6997728348, 14.4079818726, 15.1161899567, 15.8127889633, 16.5209980011, 17.2292060852, 17.9374141693, 18.6456241608, 19.3538322449, 20.062040329, 20.7702484131, 21.4784584045, 22.1750564575, 22.8832645416, 23.5798625946, 24.2880725861, 24.9962806702, 25.7044887543, 26.4126987457, 27.1209068298, 27.8291149139, 28.537322998, 29.2339229584, 29.9305210114, 30.6387290955, 31.3469390869, 32.0551452637, 32.7633552551, 33.4715652466, 34.1797714233, 34.8763694763, 35.5845794678, 36.2927894592, 36.9893875122, 37.6975975037, 38.4058036804, 39.1140136719, 39.8222198486, 40.5304298401, 41.2386398315, 41.9352378845, 42.6434440613, 43.3516540527, 44.0598640442, 44.7680702209, 45.4646720886, 46.1728782654, 46.8810882568, 47.5892944336, 48.297504425, 48.994102478, 49.7023124695, 50.3989105225, 51.1071205139, 51.8153266907, 52.5351448059, 53.2549667358, 53.9631729126, 54.6713829041, 55.367980957, 56.0761909485, 56.7843971252, 57.4926071167, 58.0266647339, 58.5607261658, 59.0831718445, 59.6056213379, 60.1396827698, 60.6621322632, 61.1845779419, 61.7070274353, 62.2294769287, 62.7635345459, 63.2975959778, 63.831653595, 64.3541030884, 64.8765487671, 65.4106140137, 65.9446716309, 66.4671173096, 66.9895706177, 67.5236282349, 68.0576858521, 68.5917434692, 69.1258010864, 69.659866333, 70.1939239502, 70.7163696289, 71.238822937, 71.7728805542, 72.2953262329, 72.817779541, 73.3518371582, 73.8858947754, 74.4083404541, 74.9307937622, 75.4648513794, 75.9989089966, 76.5329666138, 77.0670318604, 77.6010894775, 78.1235351563, 78.6575927734, 79.1916503906, 79.7141036987, 80.2365493774, 80.7590026855, 81.2930603027, 81.8155059814, 82.3379592896, 82.8720169067, 83.4060745239, 83.9401321411, 84.4625854492, 84.9966430664, 85.5307006836, 86.0531539917, 86.5872116089, 87.1212692261, 87.6553268433, 88.177772522, 88.7002258301, 89.2342834473, 89.7683410645, 90.3023986816, 90.8248519897, 91.3472976685, 91.8813552856, 92.4154205322, 92.9494781494, 93.4719238281, 93.9943771362, 94.5284347534, 95.0508804321, 95.5733337402, 96.1073913574, 96.6414489746, 97.1755065918, 97.709564209, 98.2436294556, 98.7776870728, 99.3001327515, 99.8225860596, 100.345031738, 100.879089355, 101.413146973, 101.935600281, 102.469657898, 103.003715515, 103.537773132, 104.06022644, 104.594284058, 105.128341675, 105.650794983, 106.1848526, 106.718910217, 107.252967834, 107.775421143, 108.297866821, 108.831924438, 109.365982056, 109.888435364, 110.410881042, 110.94493866, 111.479003906, 112.001449585, 112.523895264, 113.05796051, 113.592018127, 114.126075745, 114.660133362, 115.194190979, 115.716644287, 116.250701904, 116.773147583, 117.295600891, 117.829658508, 118.352104187, 118.886169434, 119.420227051, 119.954284668, 120.488342285, 121.010787964, 121.533241272, 122.067298889, 122.589744568, 123.112197876, 123.646255493, 124.18031311, 124.714370728, 125.248435974, 125.782493591, 126.316551208, 126.838996887, 127.361450195, 127.895507813, 128.417953491, 128.94039917, 129.462860107, 129.996917725, 130.530975342, 131.053421021, 131.587478638, 132.109924316, 132.632385254, 133.166442871, 133.700500488, 134.234558105, 134.768615723, 135.291061401, 135.81350708, 136.347564697, 136.881637573, 137.404083252, 137.926528931, 138.460586548, 138.994644165, 139.528701782, 140.062759399, 140.596817017, 141.119277954, 141.641723633, 142.17578125, 142.698226929, 143.232284546, 143.754730225, 144.288803101, 144.822860718, 145.356918335, 145.890975952, 146.413421631, 146.947479248, 147.469924927, 147.992385864, 148.514831543, 149.04888916, 149.582946777, 150.117004395, 150.639450073, 151.17350769, 151.695953369, 152.230026245, 152.764083862, 153.298141479, 153.820587158, 154.343032837, 154.877090454, 155.411148071, 155.933609009, 156.456054688, 156.990112305, 157.524169922, 158.058227539, 158.592285156, 159.126342773, 159.648788452, 160.17124939, 160.705307007, 161.239364624, 161.761810303, 162.284255981, 162.818313599, 163.352371216, 163.886444092, 164.420501709, 164.942947388, 165.465393066, 165.999450684, 166.533508301, 167.067565918, 167.590026855, 168.112472534, 168.646530151, 169.180587769, 169.703033447, 170.225479126, 170.759536743, 171.293609619, 171.827667236, 172.350112915, 172.872558594, 173.406616211, 173.940673828, 174.474731445, 174.997192383, 175.519638062, 176.053695679, 176.587753296, 177.121810913, 177.644256592, 178.166702271, 178.700775146, 179.234832764, 179.768890381, 180.302947998, 180.825393677, 181.347839355, 181.881896973, 182.41595459, 182.938415527, 183.460861206, 183.994918823, 184.517364502, 185.051422119, 185.585479736, 186.107940674, 186.641998291, 187.16444397, 187.686889648, 188.220947266, 188.755004883, 189.2890625, 189.823120117, 190.345581055, 190.868026733, 191.402084351, 191.936141968, 192.470199585, 193.004257202, 193.526702881, 194.049163818, 194.583221436, 195.117279053, 195.65133667, 196.173782349, 196.696228027, 197.230285645, 197.764343262, 198.298416138, 198.832473755, 199.354919434, 199.877365112, 200.411422729, 200.945480347, 201.467926025, 201.990386963, 202.52444458, 203.058502197, 203.592559814, 204.126617432, 204.660675049, 205.183120728, 205.705581665, 206.239639282, 206.773696899, 207.296142578, 207.818588257, 208.341033936, 208.875091553, 209.39755249, 209.931610107, 210.465667725, 210.988113403, 211.510559082, 212.044616699, 212.578674316, 213.112747192, 213.64680481, 214.180862427, 214.703308105, 215.225753784, 215.759811401, 216.293869019, 216.827926636, 217.361984253, 217.88444519, 218.406890869, 218.940948486, 219.475006104, 220.009063721, 220.531509399, 221.065567017, 221.599639893, 222.122085571, 222.64453125, 223.178588867, 223.712646484, 224.235092163, 224.757553101, 225.279998779, 225.814056396, 226.348114014, 226.882171631, 227.416229248, 227.950286865, 228.484344482, 228.995193481, 229.51763916, 230.040084839, 230.574142456, 231.108200073, 231.64225769, 232.176315308, 232.710388184, 233.244445801, 233.766891479, 234.300949097, 234.823394775, 235.357452393, 235.89151001, 236.413970947, 236.936416626, 237.470474243, 238.00453186, 238.538589478, 239.072647095, 239.606704712, 240.140762329, 240.663208008, 241.185668945, 241.708114624, 242.230560303, 242.76461792, 243.298675537, 243.832733154, 244.366790771, 244.889251709, 245.411697388, 245.945755005, 246.479812622, 247.002258301, 247.536315918, 248.070373535, 248.592834473, 249.12689209, 249.660949707, 250.195007324, 250.729064941, 251.274734497]
