
metadata:
    version:
        essentia: "2.1-beta2"
    audio_properties:
        analysis_sample_rate: 44100
        bitrate: 320
        channels: 2
        equal_loudness: 1
        length: 243.853057861
        replay_gain: -14.9402046204
        downmix: "mix"
    tags:
        album: "Immortalized"
        artist: "Disturbed"
        comment: ""
        date: ""
        genre: "Alternative Metal"
        title: "What Are You Waiting For"
        tracknumber: "6"

configuration:
    average_loudness:
        compute: 1
        frameSize: 88200
        hopSize: 44100
        silentFrames: "noise"
        windowType: "hann"
    general:
        analysisSampleRate: 44100
        endTime: 2000
        equalLoudness: 1
        nequalLoudness: 0
        shortSound: 0
        startTime: 0
    lowlevel:
        compute: 1
        frameSize: 2048
        hopSize: 1024
        zeroPadding: 0
        silentFrames: "noise"
        windowType: "blackmanharris62"
        mfccStats: ["mean", "cov", "icov"]
        stats: ["mean", "var", "median", "min", "max", "dmean", "dmean2", "dvar", "dvar2"]
    panning:
        compute: 0
        frameSize: 8192
        hopSize: 2048
        zeroPadding: 8192
        silentFrames: "noise"
        windowType: "hann"
        stats: ["copy"]
    rhythm:
        compute: 1
        maxTempo: 208
        minTempo: 40
        method: "degara"
        stats: ["mean", "var", "median", "min", "max", "dmean", "dmean2", "dvar", "dvar2"]
    segmentation:
        compute: 0
        cpw: 5
        inc1: 300
        inc2: 50
        minimumSegmentsLength: 10
        size1: 1000
        size2: 600
    sfx:
        compute: 1
        stats: ["mean", "var", "median", "min", "max", "dmean", "dmean2", "dvar", "dvar2"]
    svm:
        compute: 0
    tonal:
        compute: 1
        frameSize: 4096
        hopSize: 2048
        zeroPadding: 0
        silentFrames: "noise"
        windowType: "blackmanharris62"
        stats: ["mean", "var", "median", "min", "max", "dmean", "dmean2", "dvar", "dvar2"]

lowlevel:
    average_loudness: 0.924803555012
    barkbands_kurtosis:
        dmean: 0.56818151474
        dmean2: 0.929269015789
        dvar: 0.607919991016
        dvar2: 1.48133850098
        max: 17.8613510132
        mean: -0.685343205929
        median: -0.937834620476
        min: -1.82922708988
        var: 1.0837315321
    barkbands_skewness:
        dmean: 0.354233235121
        dmean2: 0.55639564991
        dvar: 0.118522115052
        dvar2: 0.282917380333
        max: 3.67546081543
        mean: -0.294037699699
        median: -0.36170193553
        min: -3.62466335297
        var: 0.356900185347
    barkbands_spread:
        dmean: 5.66780853271
        dmean2: 9.08915233612
        dvar: 26.7617416382
        dvar2: 64.8011169434
        max: 63.1369819641
        mean: 31.6105880737
        median: 31.8750267029
        min: 4.40973091125
        var: 95.9011917114
    dissonance:
        dmean: 0.0101268142462
        dmean2: 0.0175201203674
        dvar: 0.000105684564915
        dvar2: 0.000298060156638
        max: 0.5
        mean: 0.485495269299
        median: 0.488463789225
        min: 0.325646817684
        var: 0.000143037075759
    hfc:
        dmean: 2.4575779438
        dmean2: 3.94354581833
        dvar: 9.35822963715
        dvar2: 23.4115638733
        max: 32.9150543213
        mean: 9.18506908417
        median: 9.3818731308
        min: 1.18358626872e-016
        var: 34.54296875
    pitch:
        dmean: 938.233215332
        dmean2: 1787.47509766
        dvar: 1702937.375
        dvar2: 4115665.25
        max: 4851.34277344
        mean: 1257.64672852
        median: 401.05255127
        min: 65.4442367554
        var: 2034049.75
    pitch_instantaneous_confidence:
        dmean: 0.0761130154133
        dmean2: 0.126664593816
        dvar: 0.00433633988723
        dvar2: 0.0109888222069
        max: 0.912082612514
        mean: 0.316893666983
        median: 0.293398499489
        min: 0.10377907753
        var: 0.0127640431747
    pitch_salience:
        dmean: 0.0634884163737
        dmean2: 0.106080509722
        dvar: 0.00377066852525
        dvar2: 0.0103315925226
        max: 0.853906691074
        mean: 0.68376994133
        median: 0.699934244156
        min: 0.2158126086
        var: 0.00644361972809
    silence_rate_20dB:
        dmean: 0
        dmean2: 0
        dvar: 0
        dvar2: 0
        max: 1
        mean: 1
        median: 1
        min: 1
        var: 0
    silence_rate_30dB:
        dmean: 0
        dmean2: 0
        dvar: 0
        dvar2: 0
        max: 1
        mean: 1
        median: 1
        min: 1
        var: 0
    silence_rate_60dB:
        dmean: 0.0668444111943
        dmean2: 0.13370154798
        dvar: 0.0623699724674
        dvar2: 0.135810256004
        max: 1
        mean: 0.287441670895
        median: 0
        min: 0
        var: 0.204824015498
    spectral_centroid:
        dmean: 275.714019775
        dmean2: 440.669311523
        dvar: 79790.2109375
        dvar2: 188000.375
        max: 11065.8798828
        mean: 1950.73974609
        median: 1981.98474121
        min: 280.973022461
        var: 217461.609375
    spectral_complexity:
        dmean: 4.46467351913
        dmean2: 7.11436986923
        dvar: 22.3780193329
        dvar2: 53.2882537842
        max: 52
        mean: 18.5857372284
        median: 20
        min: 0
        var: 126.286941528
    spectral_crest:
        dmean: 1.78084397316
        dmean2: 2.99110817909
        dvar: 2.89296674728
        dvar2: 7.61603498459
        max: 22.3313808441
        mean: 5.76815414429
        median: 5.09444522858
        min: 2.1977891922
        var: 5.44018363953
    spectral_decrease:
        dmean: 3.04431646558e-010
        dmean2: 4.76184758291e-010
        dvar: 2.12927417835e-019
        dvar2: 5.00614307909e-019
        max: -1.41080037883e-028
        mean: -1.02347730291e-009
        median: -1.0257288352e-009
        min: -4.5812043048e-009
        var: 4.75744140516e-019
    spectral_energy:
        dmean: 0.00133169081528
        dmean2: 0.0020770279225
        dvar: 3.65409096048e-006
        dvar2: 8.52500397741e-006
        max: 0.019216792658
        mean: 0.0046959547326
        median: 0.00475607998669
        min: 1.12679544706e-020
        var: 9.39314668358e-006
    spectral_energyband_high:
        dmean: 0.000204365336685
        dmean2: 0.000340088357916
        dvar: 7.58821840918e-008
        dvar2: 1.9389682393e-007
        max: 0.00374781736173
        mean: 0.000538736523595
        median: 0.000474965927424
        min: 8.73809688411e-021
        var: 1.91048641796e-007
    spectral_energyband_low:
        dmean: 0.000250013952609
        dmean2: 0.000426145939855
        dvar: 1.68869789263e-007
        dvar2: 4.47967352102e-007
        max: 0.0047816275619
        mean: 0.000334449141519
        median: 0.000220334433834
        min: 9.8177305306e-023
        var: 1.71866687992e-007
    spectral_energyband_middle_high:
        dmean: 0.000739811686799
        dmean2: 0.00117758894339
        dvar: 7.2824838071e-007
        dvar2: 1.74149533905e-006
        max: 0.0111962649971
        mean: 0.0027214360889
        median: 0.002693684306
        min: 1.38114019722e-021
        var: 3.31932665176e-006
    spectral_energyband_middle_low:
        dmean: 0.000715304748155
        dmean2: 0.00116055097897
        dvar: 2.43915565079e-006
        dvar2: 5.9643257373e-006
        max: 0.014669938013
        mean: 0.00123691454064
        median: 0.000856728118379
        min: 3.07004393742e-022
        var: 2.74615740636e-006
    spectral_flatness_db:
        dmean: 0.0129479495808
        dmean2: 0.0209458582103
        dvar: 0.000146120539284
        dvar2: 0.000364919716958
        max: 0.284741044044
        mean: 0.132183745503
        median: 0.12636487186
        min: 0.0501195415854
        var: 0.000813415448647
    spectral_flux:
        dmean: 0.00772119080648
        dmean2: 0.0115640321746
        dvar: 8.81516752997e-005
        dvar2: 0.000192458377569
        max: 0.109951727092
        mean: 0.0418632403016
        median: 0.0443276800215
        min: 1.06150623014e-010
        var: 0.000401052908273
    spectral_kurtosis:
        dmean: 0.901284635067
        dmean2: 1.52290225029
        dvar: 0.968217551708
        dvar2: 2.84149551392
        max: 20.157169342
        mean: 3.11034083366
        median: 2.97185778618
        min: -1.21155285835
        var: 1.78193747997
    spectral_rms:
        dmean: 0.00027266194229
        dmean2: 0.000414103531512
        dvar: 1.13866654772e-007
        dvar2: 2.48133545711e-007
        max: 0.00432990677655
        mean: 0.00196524895728
        median: 0.00215408415534
        min: 3.31558825534e-012
        var: 7.1919629363e-007
    spectral_rolloff:
        dmean: 341.910583496
        dmean2: 564.230895996
        dvar: 175213.8125
        dvar2: 414214.53125
        max: 18044.8242188
        mean: 3590.43286133
        median: 3703.7109375
        min: 215.33203125
        var: 394311.25
    spectral_skewness:
        dmean: 0.14417950809
        dmean2: 0.236046224833
        dvar: 0.0181896630675
        dvar2: 0.0467881038785
        max: 3.17021775246
        mean: 1.272128582
        median: 1.27096486092
        min: 0.0075947381556
        var: 0.0900735035539
    spectral_spread:
        dmean: 422214.5
        dmean2: 607492.1875
        dvar: 373492514816
        dvar2: 601776193536
        max: 41574488
        mean: 4689823.5
        median: 4598802
        min: 2224900.75
        var: 1.91927445094e+012
    spectral_strongpeak:
        dmean: 0.474092036486
        dmean2: 0.807408809662
        dvar: 0.409453392029
        dvar2: 1.04424202442
        max: 8.12322330475
        mean: 0.653873205185
        median: 0.322638958693
        min: 1.56147506036e-009
        var: 0.653966724873
    zerocrossingrate:
        dmean: 0.00794152077287
        dmean2: 0.0101240826771
        dvar: 6.28179550404e-005
        dvar2: 8.93182004802e-005
        max: 0.48779296875
        mean: 0.107922293246
        median: 0.1083984375
        min: 0.01806640625
        var: 0.000396804884076
    barkbands:
        dmean: [2.01162521307e-007, 6.89022999723e-005, 0.000161664996995, 0.000246848736424, 0.000321397645166, 0.000108244770672, 0.00010247775208, 6.50900110486e-005, 0.000112459172669, 0.000115058974188, 8.91843810678e-005, 0.000147202343214, 0.000134623071062, 0.000123778852867, 0.000130475425976, 0.000133150198963, 0.000173142601852, 0.000137214185088, 0.000194047519471, 0.000179405178642, 0.000119106320199, 3.29654976667e-005, 5.34009632247e-006, 3.0969981708e-006, 1.90925857169e-006, 8.49176373663e-008, 2.48887438437e-010]
        dmean2: [2.86653204284e-007, 0.000115649323561, 0.000284962210571, 0.000410987529904, 0.000541673565749, 0.000184577438631, 0.000174536602572, 0.00010702941654, 0.000186382574611, 0.000188302758033, 0.00014578345872, 0.000239368819166, 0.000220719593926, 0.000202243390959, 0.00021064360044, 0.000210067228181, 0.000286543072434, 0.000231974074268, 0.000325535249431, 0.000296579411952, 0.00019940227503, 5.67080278415e-005, 8.87077294465e-006, 4.88243358632e-006, 2.99375233226e-006, 1.30691901745e-007, 4.41358755099e-010]
        dvar: [1.01417721335e-013, 1.22171837091e-008, 1.04215779118e-007, 3.60229563512e-007, 7.34611944608e-007, 4.56493687295e-008, 4.48896706473e-008, 1.86021580362e-008, 3.99965394138e-008, 3.74603601472e-008, 2.31763728209e-008, 8.16003051796e-008, 7.82593403414e-008, 6.13833464058e-008, 8.89154847528e-008, 6.50230091992e-008, 6.26521483582e-008, 3.2308154374e-008, 5.88935584744e-008, 5.05592225863e-008, 2.58979504508e-008, 3.01947733483e-009, 6.67252156306e-011, 4.90561341548e-011, 1.97068646124e-011, 3.91552059059e-014, 1.19710146935e-019]
        dvar2: [2.13168146871e-013, 3.30153753225e-008, 2.88209349719e-007, 8.81662458596e-007, 1.91545132111e-006, 1.21736078995e-007, 1.16175947085e-007, 4.49924719703e-008, 1.04430782244e-007, 9.34646067208e-008, 5.91178199727e-008, 2.03219940431e-007, 2.00802205086e-007, 1.52322243707e-007, 2.21160817659e-007, 1.43123415342e-007, 1.5358106964e-007, 8.52524166817e-008, 1.5644613427e-007, 1.320769627e-007, 6.70527811053e-008, 8.28679702636e-009, 1.69827651941e-010, 1.03978506361e-010, 4.44930481347e-011, 8.77701774107e-014, 3.54850349823e-019]
        max: [7.42970769352e-006, 0.000954064540565, 0.00346575072035, 0.00692042848095, 0.00749563099816, 0.00319814123213, 0.0048108054325, 0.0028352914378, 0.00419467035681, 0.00380092067644, 0.00318060582504, 0.00589075917378, 0.0068211699836, 0.00431575579569, 0.00563585339114, 0.00600386876613, 0.00516220368445, 0.00413008965552, 0.00362463318743, 0.00365788512863, 0.00261897291057, 0.000662647769786, 0.000124056678033, 0.000157638205565, 8.40511129354e-005, 4.0119730329e-006, 4.50393322637e-009]
        mean: [2.91478727377e-007, 8.61362204887e-005, 0.000165385354194, 0.000257869716734, 0.000350411806721, 0.000146556994878, 0.000121345889056, 9.14580523386e-005, 0.000183433454367, 0.000183177558938, 0.000142865479575, 0.000237035084865, 0.000225185227464, 0.000200610375032, 0.000230091201956, 0.00024710901198, 0.000348995556124, 0.000273823272437, 0.000436771340901, 0.000427167135058, 0.000256892817561, 6.21475410298e-005, 1.13502019303e-005, 6.28771385891e-006, 3.4097902244e-006, 1.46040846971e-007, 2.99280850102e-010]
        median: [7.07704330694e-008, 4.52338717878e-005, 7.64048163546e-005, 7.80334376032e-005, 0.00014945564908, 7.99200352049e-005, 5.50385739189e-005, 4.70861050417e-005, 0.000106878454972, 0.000107866784674, 7.74320797063e-005, 0.00011034902127, 0.000106147090264, 9.06990971998e-005, 9.42731276155e-005, 0.000147343729623, 0.00027258307091, 0.000229982440942, 0.000372337788576, 0.000369160057744, 0.000209113015444, 4.38190290879e-005, 7.94962215878e-006, 4.27365921496e-006, 1.97036138161e-006, 7.41194128295e-008, 1.67537678175e-010]
        min: [2.11054844254e-023, 4.23254231019e-023, 3.44514994843e-023, 6.72287537155e-024, 2.90831811174e-023, 4.56408698024e-023, 1.1973000129e-022, 5.10227092452e-023, 4.45674352143e-023, 3.49390596999e-023, 2.39265157091e-023, 1.10284597329e-022, 5.0961550437e-023, 1.12919556835e-022, 9.79379459747e-023, 9.58134552046e-023, 2.04386565157e-022, 2.79428467068e-022, 2.03933342479e-022, 6.70374401154e-022, 6.29442895271e-022, 5.2933425021e-022, 1.02984491134e-021, 1.08686514072e-021, 1.10080149826e-021, 1.65349678502e-021, 2.25990852644e-021]
        var: [2.5254237178e-013, 1.41732332537e-008, 8.16747842691e-008, 3.82825902534e-007, 6.07793367635e-007, 4.96141900896e-008, 4.61470968105e-008, 2.65033417435e-008, 6.89893369099e-008, 6.41138839796e-008, 4.27509796452e-008, 1.52057609171e-007, 1.38487493473e-007, 1.14647292548e-007, 1.92846414393e-007, 1.39002381161e-007, 1.28827551293e-007, 5.97400315883e-008, 1.35167738335e-007, 1.32068379344e-007, 5.5959770151e-008, 4.50496440152e-009, 1.35339572882e-010, 8.00279981172e-011, 3.36425783065e-011, 6.24130806173e-014, 1.52459920522e-019]
    frequency_bands:
        dmean: [2.01162521307e-007, 6.89022999723e-005, 0.000161664996995, 0.000246848736424, 0.000321397645166, 0.000108244770672, 0.00010247775208, 6.50900110486e-005, 0.000112459172669, 0.000115058974188, 8.91843810678e-005, 0.000147202343214, 0.000134623071062, 0.000123778852867, 0.000130475425976, 0.000133150198963, 0.000173142601852, 0.000137214185088, 0.000194047519471, 0.000179405178642, 0.000119106320199, 3.29654976667e-005, 5.34009632247e-006, 3.0969981708e-006, 1.90925857169e-006, 8.49176373663e-008, 2.48887438437e-010, 5.53462657649e-011]
        dmean2: [2.86653204284e-007, 0.000115649323561, 0.000284962210571, 0.000410987529904, 0.000541673565749, 0.000184577438631, 0.000174536602572, 0.00010702941654, 0.000186382574611, 0.000188302758033, 0.00014578345872, 0.000239368819166, 0.000220719593926, 0.000202243390959, 0.00021064360044, 0.000210067228181, 0.000286543072434, 0.000231974074268, 0.000325535249431, 0.000296579411952, 0.00019940227503, 5.67080278415e-005, 8.87077294465e-006, 4.88243358632e-006, 2.99375233226e-006, 1.30691901745e-007, 4.41358755099e-010, 1.02949003489e-010]
        dvar: [1.01417721335e-013, 1.22171837091e-008, 1.04215779118e-007, 3.60229563512e-007, 7.34611944608e-007, 4.56493687295e-008, 4.48896706473e-008, 1.86021580362e-008, 3.99965394138e-008, 3.74603601472e-008, 2.31763728209e-008, 8.16003051796e-008, 7.82593403414e-008, 6.13833464058e-008, 8.89154847528e-008, 6.50230091992e-008, 6.26521483582e-008, 3.2308154374e-008, 5.88935584744e-008, 5.05592225863e-008, 2.58979504508e-008, 3.01947733483e-009, 6.67252156306e-011, 4.90561341548e-011, 1.97068646124e-011, 3.91552059059e-014, 1.19710146935e-019, 7.15143360668e-021]
        dvar2: [2.13168146871e-013, 3.30153753225e-008, 2.88209349719e-007, 8.81662458596e-007, 1.91545132111e-006, 1.21736078995e-007, 1.16175947085e-007, 4.49924719703e-008, 1.04430782244e-007, 9.34646067208e-008, 5.91178199727e-008, 2.03219940431e-007, 2.00802205086e-007, 1.52322243707e-007, 2.21160817659e-007, 1.43123415342e-007, 1.5358106964e-007, 8.52524166817e-008, 1.5644613427e-007, 1.320769627e-007, 6.70527811053e-008, 8.28679702636e-009, 1.69827651941e-010, 1.03978506361e-010, 4.44930481347e-011, 8.77701774107e-014, 3.54850349823e-019, 2.28516253633e-020]
        max: [7.42970769352e-006, 0.000954064540565, 0.00346575072035, 0.00692042848095, 0.00749563099816, 0.00319814123213, 0.0048108054325, 0.0028352914378, 0.00419467035681, 0.00380092067644, 0.00318060582504, 0.00589075917378, 0.0068211699836, 0.00431575579569, 0.00563585339114, 0.00600386876613, 0.00516220368445, 0.00413008965552, 0.00362463318743, 0.00365788512863, 0.00261897291057, 0.000662647769786, 0.000124056678033, 0.000157638205565, 8.40511129354e-005, 4.0119730329e-006, 4.50393322637e-009, 1.08709841129e-009]
        mean: [2.91478727377e-007, 8.61362204887e-005, 0.000165385354194, 0.000257869716734, 0.000350411806721, 0.000146556994878, 0.000121345889056, 9.14580523386e-005, 0.000183433454367, 0.000183177558938, 0.000142865479575, 0.000237035084865, 0.000225185227464, 0.000200610375032, 0.000230091201956, 0.00024710901198, 0.000348995556124, 0.000273823272437, 0.000436771340901, 0.000427167135058, 0.000256892817561, 6.21475410298e-005, 1.13502019303e-005, 6.28771385891e-006, 3.4097902244e-006, 1.46040846971e-007, 2.99280850102e-010, 4.26736666836e-011]
        median: [7.07704330694e-008, 4.52338717878e-005, 7.64048163546e-005, 7.80334376032e-005, 0.00014945564908, 7.99200352049e-005, 5.50385739189e-005, 4.70861050417e-005, 0.000106878454972, 0.000107866784674, 7.74320797063e-005, 0.00011034902127, 0.000106147090264, 9.06990971998e-005, 9.42731276155e-005, 0.000147343729623, 0.00027258307091, 0.000229982440942, 0.000372337788576, 0.000369160057744, 0.000209113015444, 4.38190290879e-005, 7.94962215878e-006, 4.27365921496e-006, 1.97036138161e-006, 7.41194128295e-008, 1.67537678175e-010, 1.36076072285e-011]
        min: [2.11054844254e-023, 4.23254231019e-023, 3.44514994843e-023, 6.72287537155e-024, 2.90831811174e-023, 4.56408698024e-023, 1.1973000129e-022, 5.10227092452e-023, 4.45674352143e-023, 3.49390596999e-023, 2.39265157091e-023, 1.10284597329e-022, 5.0961550437e-023, 1.12919556835e-022, 9.79379459747e-023, 9.58134552046e-023, 2.04386565157e-022, 2.79428467068e-022, 2.03933342479e-022, 6.70374401154e-022, 6.29442895271e-022, 5.2933425021e-022, 1.02984491134e-021, 1.08686514072e-021, 1.10080149826e-021, 1.65349678502e-021, 2.25990852644e-021, 6.98703115701e-022]
        var: [2.5254237178e-013, 1.41732332537e-008, 8.16747842691e-008, 3.82825902534e-007, 6.07793367635e-007, 4.96141900896e-008, 4.61470968105e-008, 2.65033417435e-008, 6.89893369099e-008, 6.41138839796e-008, 4.27509796452e-008, 1.52057609171e-007, 1.38487493473e-007, 1.14647292548e-007, 1.92846414393e-007, 1.39002381161e-007, 1.28827551293e-007, 5.97400315883e-008, 1.35167738335e-007, 1.32068379344e-007, 5.5959770151e-008, 4.50496440152e-009, 1.35339572882e-010, 8.00279981172e-011, 3.36425783065e-011, 6.24130806173e-014, 1.52459920522e-019, 5.49011525948e-021]
    mfcc:
        mean: [-712.733154297, 89.1416778564, -53.6489105225, 41.8019142151, -14.3304872513, -0.384063154459, 6.89118432999, -3.65221357346, 1.87123250961, -4.15932655334, -6.05182647705, -2.44417476654, -5.07804822922]
        cov: [[11998.546875, 1073.92651367, -909.2890625, 664.740722656, -490.735137939, 427.679107666, 27.5308933258, -190.711578369, -111.609573364, -103.467079163, -35.4851417542, -21.9392147064, -126.659812927], [1073.92651367, 642.47253418, -229.524520874, 232.890182495, -53.0153007507, 40.044254303, 47.7156257629, -10.1262731552, 20.9428386688, -21.8463306427, -6.71967554092, -2.186003685, -9.88317012787], [-909.2890625, -229.524520874, 435.144104004, -31.8061084747, 120.583648682, -14.9743127823, -27.1726551056, 48.1860046387, -14.3463897705, 4.18615436554, -12.2460289001, -17.6694488525, -4.94428730011], [664.740722656, 232.890182495, -31.8061084747, 320.586090088, 12.4433050156, 47.6754188538, -4.65003919601, 4.13747024536, 39.5709152222, -19.3831634521, -14.8438262939, -35.3298034668, 7.88632917404], [-490.735137939, -53.0153007507, 120.583648682, 12.4433050156, 200.802825928, 31.0215854645, 13.7369403839, 19.2598133087, 24.6708221436, 43.1465873718, -19.692281723, 4.16261291504, 4.69239711761], [427.679107666, 40.044254303, -14.9743127823, 47.6754188538, 31.0215854645, 145.092041016, 66.0477676392, 16.7526111603, -10.8236961365, 20.9602813721, 7.29079866409, 8.28075218201, -13.2961187363], [27.5308933258, 47.7156257629, -27.1726551056, -4.65003919601, 13.7369403839, 66.0477676392, 179.09715271, 73.3615341187, -14.5517253876, 5.38169670105, 16.6203174591, 21.6228199005, -5.95332527161], [-190.711578369, -10.1262731552, 48.1860046387, 4.13747024536, 19.2598133087, 16.7526111603, 73.3615341187, 110.341651917, 6.87611961365, 5.70729732513, 4.38444566727, 6.1527132988, 2.54870009422], [-111.609573364, 20.9428386688, -14.3463897705, 39.5709152222, 24.6708221436, -10.8236961365, -14.5517253876, 6.87611961365, 110.706138611, 39.6807250977, -2.04641318321, -3.0712556839, 7.65143823624], [-103.467079163, -21.8463306427, 4.18615436554, -19.3831634521, 43.1465873718, 20.9602813721, 5.38169670105, 5.70729732513, 39.6807250977, 85.8701934814, 12.1828947067, 9.67470169067, -5.52758216858], [-35.4851417542, -6.71967554092, -12.2460289001, -14.8438262939, -19.692281723, 7.29079866409, 16.6203174591, 4.38444566727, -2.04641318321, 12.1828947067, 64.7274932861, 20.9353122711, 9.58413982391], [-21.9392147064, -2.186003685, -17.6694488525, -35.3298034668, 4.16261291504, 8.28075218201, 21.6228199005, 6.1527132988, -3.0712556839, 9.67470169067, 20.9353122711, 73.3358001709, 24.213092804], [-126.659812927, -9.88317012787, -4.94428730011, 7.88632917404, 4.69239711761, -13.2961187363, -5.95332527161, 2.54870009422, 7.65143823624, -5.52758216858, 9.58413982391, 24.213092804, 57.0636444092]]
        icov: [[0.000146966296597, -6.07353940723e-005, 0.000161626550835, -0.000232072081417, 0.000308371003484, -0.000418838608311, 0.0001296177943, 9.84241924016e-005, 0.000153431130457, -2.49288241321e-005, 0.000179838563781, -0.000178291855264, 0.000270405114861], [-6.07353940723e-005, 0.0028747736942, 0.00119668187108, -0.00209239358082, -7.81247290433e-005, 0.000706024700776, -0.000806591415312, 0.000161176794791, 0.000110957218567, 0.000140497548273, 0.000219039007789, -0.000980196753517, 0.00121338898316], [0.000161626550835, 0.00119668187108, 0.00412253197283, -0.000802960712463, -0.00198735785671, 2.57150077232e-005, 0.00139440898784, -0.00210181763396, 0.00115337851457, 0.000748820602894, -0.000376013253117, 0.000177088062628, 0.00134883995634], [-0.000232072081417, -0.00209239358082, -0.000802960712463, 0.00627181353047, -0.000944942352362, -0.00200433493592, 0.00101916189305, -0.0007504785317, -0.00251267966814, 0.00225554569624, -0.000519255292602, 0.0034342771396, -0.0028779366985], [0.000308371003484, -7.81247290433e-005, -0.00198735785671, -0.000944942352362, 0.00855061598122, -0.00204791664146, -0.000805846706498, 0.000945990206674, -0.000347917608451, -0.00389910349622, 0.00380800827406, -0.0011433652835, -0.00116275798064], [-0.000418838608311, 0.000706024700776, 2.57150077232e-005, -0.00200433493592, -0.00204791664146, 0.0116791501641, -0.00412781024352, 0.000806661671959, 0.00206478522159, -0.00298888306133, -0.000869851966854, -0.00101702613756, 0.00190613220911], [0.0001296177943, -0.000806591415312, 0.00139440898784, 0.00101916189305, -0.000805846706498, -0.00412781024352, 0.0108916563913, -0.00699829868972, 0.00110593764111, 0.00128404435236, -0.00158364872914, -0.0014496621443, 0.00153850310016], [9.84241924016e-005, 0.000161176794791, -0.00210181763396, -0.0007504785317, 0.000945990206674, 0.000806661671959, -0.00699829868972, 0.014683903195, -0.00161981757265, -0.000537663814612, 0.000705825805198, 5.7908459894e-006, -0.00106370076537], [0.000153431130457, 0.000110957218567, 0.00115337851457, -0.00251267966814, -0.000347917608451, 0.00206478522159, 0.00110593764111, -0.00161981757265, 0.0134381726384, -0.00718994718045, 0.00108547019772, 0.000352150178514, -0.00132566131651], [-2.49288241321e-005, 0.000140497548273, 0.000748820602894, 0.00225554569624, -0.00389910349622, -0.00298888306133, 0.00128404435236, -0.000537663814612, -0.00718994718045, 0.0190912652761, -0.00443071313202, -0.00125211011618, 0.00359317683615], [0.000179838563781, 0.000219039007789, -0.000376013253117, -0.000519255292602, 0.00380800827406, -0.000869851966854, -0.00158364872914, 0.000705825805198, 0.00108547019772, -0.00443071313202, 0.0195591673255, -0.00417704833671, -0.00232367403805], [-0.000178291855264, -0.000980196753517, 0.000177088062628, 0.0034342771396, -0.0011433652835, -0.00101702613756, -0.0014496621443, 5.7908459894e-006, 0.000352150178514, -0.00125211011618, -0.00417704833671, 0.020338434726, -0.00941613782197], [0.000270405114861, 0.00121338898316, 0.00134883995634, -0.0028779366985, -0.00116275798064, 0.00190613220911, 0.00153850310016, -0.00106370076537, -0.00132566131651, 0.00359317683615, -0.00232367403805, -0.00941613782197, 0.0245085395873]]
    sccoeffs:
        dmean: [0.0584487356246, 0.0445376373827, 0.0374936386943, 0.0298596397042, 0.0186890624464, 0.0183662045747]
        dmean2: [0.0951259657741, 0.0750545412302, 0.0630087032914, 0.0499243848026, 0.0315668806434, 0.0293159484863]
        dvar: [0.00267280288972, 0.00129044626374, 0.000884989160113, 0.000598726910539, 0.000232044883887, 0.000259153835941]
        dvar2: [0.00645457254723, 0.00363157410175, 0.00246513006277, 0.00158323708456, 0.000631501025055, 0.000621127081104]
        max: [-0.273434638977, -0.490010589361, -0.588134050369, -0.608204364777, -0.632191598415, -0.546324133873]
        mean: [-0.683756709099, -0.789852619171, -0.799058318138, -0.791190624237, -0.809171259403, -0.740954935551]
        median: [-0.692486584187, -0.795134902, -0.803085505962, -0.796856701374, -0.807892143726, -0.743766129017]
        min: [-0.943454861641, -0.976537227631, -0.9693338871, -0.964747905731, -0.962830066681, -0.958088517189]
        var: [0.00681844446808, 0.0030415232759, 0.00241202814505, 0.00263248453848, 0.000897994555999, 0.00211003958248]
    scvalleys:
        dmean: [0.389306813478, 0.365882158279, 0.290453284979, 0.239376574755, 0.205759465694, 0.25540804863]
        dmean2: [0.648508787155, 0.602691292763, 0.472708374262, 0.385517328978, 0.318344533443, 0.378571540117]
        dvar: [0.104536429048, 0.095150962472, 0.0611969716847, 0.0452578626573, 0.0469084382057, 0.101680569351]
        dvar2: [0.264841616154, 0.233652219176, 0.1430439502, 0.0969503521919, 0.0940169841051, 0.196686252952]
        max: [-5.4483833313, -4.76898431778, -5.13656187057, -5.51701068878, -5.66556501389, -7.61897230148]
        mean: [-7.23635053635, -6.88781499863, -6.82528781891, -7.06542253494, -6.96151924133, -9.83975887299]
        median: [-6.7913146019, -6.54313611984, -6.46577882767, -6.67011928558, -6.5238199234, -9.19111061096]
        min: [-27.4844303131, -26.8136825562, -27.0247764587, -27.0619239807, -27.2424468994, -27.2574920654]
        var: [2.06805062294, 2.02251172066, 1.90252077579, 1.97650527954, 1.84918570518, 3.52707362175]

rhythm:
    beats_loudness:
        dmean: 0.00256352429278
        dmean2: 0.00458328379318
        dvar: 5.51511357116e-006
        dvar2: 1.62621017807e-005
        max: 0.0151176732033
        mean: 0.00614374084398
        median: 0.0062711420469
        min: 1.81411802247e-010
        var: 1.18792486319e-005
    bpm: 164.818786621
    bpm_confidence: 0
    first_peak_bpm: 167
    first_peak_spread: 0
    first_peak_weight: 0.557750761509
    onset_rate: 3.04281640053
    second_peak_bpm: 161
    second_peak_spread: 0.0711110904813
    second_peak_weight: 0.317629188299
    beats_loudness_band_ratio:
        dmean: [0.196988850832, 0.0772886499763, 0.0633446574211, 0.112813688815, 0.125021249056, 0.0869618952274]
        dmean2: [0.345500141382, 0.13518384099, 0.109868809581, 0.197276815772, 0.214810937643, 0.150494709611]
        dvar: [0.0297361444682, 0.0042872261256, 0.00523664103821, 0.0134312501177, 0.0131053747609, 0.00574606982991]
        dvar2: [0.0787211731076, 0.0122844353318, 0.0150976283476, 0.0387777872384, 0.0384935103357, 0.0159832797945]
        max: [0.800556838512, 0.448336303234, 0.78491294384, 0.715105712414, 0.898335456848, 0.697100877762]
        mean: [0.237116023898, 0.0950048416853, 0.10592739284, 0.162876009941, 0.241580605507, 0.213967531919]
        median: [0.187885627151, 0.0679324939847, 0.081423483789, 0.121691018343, 0.212906122208, 0.201979622245]
        min: [0.000371782865841, 0.00358611275442, 0.00888731516898, 0.0216992795467, 0.0395898260176, 0.0240442175418]
        var: [0.0401039384305, 0.00633576558903, 0.00732003431767, 0.0162873752415, 0.0181564167142, 0.00910262111574]
    beats_position: [0.383129239082, 0.766258478165, 1.14938771725, 1.53251695633, 1.91564619541, 2.29877543449, 2.68190479279, 3.06503391266, 3.44816327095, 3.83129239082, 4.21442174911, 4.59755086899, 4.96907043457, 5.34058952332, 5.71210861206, 6.08362817764, 6.45514726639, 6.82666635513, 7.19818592072, 7.55809497833, 7.91800451279, 8.27791404724, 8.63782310486, 9.0093421936, 9.36925125122, 9.72916126251, 10.1006803513, 10.4605894089, 10.8204984665, 11.1804075241, 11.5403175354, 11.900226593, 12.2601356506, 12.6316547394, 13.0031747818, 13.3746938705, 13.7346029282, 14.0945119858, 14.4544210434, 14.8143310547, 15.1858501434, 15.545759201, 15.9056682587, 16.2655773163, 16.6254863739, 16.9853973389, 17.3453063965, 17.7168254852, 18.088344574, 18.4598636627, 18.8197727203, 19.179681778, 19.5395908356, 19.8994998932, 20.2594108582, 20.6193199158, 20.9908390045, 21.3623580933, 21.7222671509, 22.0821762085, 22.4420852661, 22.8019943237, 23.1619052887, 23.5218143463, 23.8933334351, 24.2648525238, 24.6363716125, 24.9962806702, 25.3561897278, 25.7160987854, 26.076007843, 26.4475269318, 26.8190479279, 27.1789569855, 27.5388660431, 27.8987751007, 28.2586841583, 28.6302032471, 29.0017223358, 29.3616313934, 29.7215423584, 30.081451416, 30.4413604736, 30.8012695313, 31.1611785889, 31.5326976776, 31.9042167664, 32.264125824, 32.6240348816, 32.9955558777, 33.3670730591, 33.7269821167, 34.0868911743, 34.4584121704, 34.8299331665, 35.1898422241, 35.5497512817, 35.8980484009, 36.2579574585, 36.6178665161, 36.9893875122, 37.3609046936, 37.7324256897, 38.0807266235, 38.4522438049, 38.8121528625, 39.1720619202, 39.5319709778, 39.8918800354, 40.2634010315, 40.6349182129, 40.9948310852, 41.3547401428, 41.7262573242, 42.0977783203, 42.4460754395, 42.8059844971, 43.1658935547, 43.5258026123, 43.8857116699, 44.257232666, 44.6287536621, 45.0002708435, 45.3601799011, 45.7200889587, 46.0916099548, 46.4631271362, 46.8346481323, 47.1945571899, 47.5544662476, 47.9143753052, 48.2742843628, 48.6225852966, 48.994102478, 49.3656234741, 49.7255325317, 50.0854415894, 50.4569587708, 50.8168716431, 51.1767807007, 51.5366897583, 51.8965988159, 52.2681159973, 52.6280250549, 52.9879341125, 53.3594551086, 53.73097229, 54.0792732239, 54.45079422, 54.8107032776, 55.1706123352, 55.5421295166, 55.936870575, 56.3316078186, 56.726348877, 57.1210861206, 57.515827179, 57.8873443604, 58.2588653564, 58.6303825378, 58.9902954102, 59.3502044678, 59.7101135254, 60.070022583, 60.4415397644, 60.801448822, 61.1729698181, 61.5328788757, 61.8927879333, 62.252696991, 62.6242179871, 62.9841270447, 63.3440361023, 63.7155532837, 64.0870742798, 64.4469833374, 64.806892395, 65.1784133911, 65.5383224487, 65.8982315063, 66.258140564, 66.6296615601, 66.9895706177, 67.3610839844, 67.7093887329, 68.0809020996, 68.4524230957, 68.8007278442, 69.1722412109, 69.543762207, 69.9036712646, 70.2635803223, 70.6234893799, 70.9833984375, 71.3549194336, 71.7148284912, 72.0863494873, 72.4462585449, 72.8061676025, 73.1660766602, 73.5259857178, 73.8858947754, 74.2574157715, 74.6289291382, 74.9888458252, 75.3487548828, 75.7202682495, 76.0801773071, 76.4400863647, 76.8116073608, 77.1715164185, 77.5314254761, 77.9029464722, 78.2744674683, 78.6343765259, 78.9942855835, 79.3658065796, 79.7373199463, 80.1204528809, 80.503578186, 80.8983230591, 81.2930603027, 81.6877975464, 82.070930481, 82.4540557861, 82.8139648438, 83.1738739014, 83.533782959, 83.8936920166, 84.2536010742, 84.6135101318, 84.9850311279, 85.356552124, 85.7280731201, 86.0879821777, 86.4478912354, 86.807800293, 87.1677093506, 87.5392303467, 87.8991394043, 88.2590484619, 88.6189575195, 88.9788665771, 89.3503875732, 89.7219009399, 90.093421936, 90.4533309937, 90.8132400513, 91.1731491089, 91.544670105, 91.9045791626, 92.2644882202, 92.6243972778, 92.9959182739, 93.3558273315, 93.7157363892, 94.0872573853, 94.4471664429, 94.8070755005, 95.1785888672, 95.5384979248, 95.8984146118, 96.2583236694, 96.6182327271, 96.9897460938, 97.3612670898, 97.7211761475, 98.0810852051, 98.4526062012, 98.8241271973, 99.1840362549, 99.5439453125, 99.9154663086, 100.263763428, 100.623672485, 100.983581543, 101.355102539, 101.726615906, 102.086524963, 102.44644165, 102.817955017, 103.189476013, 103.549385071, 103.909294128, 104.269203186, 104.629112244, 105.00063324, 105.360542297, 105.720451355, 106.091972351, 106.451881409, 106.811790466, 107.171699524, 107.531608582, 107.903129578, 108.263038635, 108.622947693, 108.994468689, 109.365982056, 109.725891113, 110.085800171, 110.457321167, 110.828842163, 111.188751221, 111.548660278, 111.908569336, 112.268478394, 112.628387451, 112.988296509, 113.359817505, 113.719726563, 114.07963562, 114.451156616, 114.822669983, 115.18258667, 115.542495728, 115.902404785, 116.262313843, 116.633827209, 116.993736267, 117.353645325, 117.725166321, 118.085075378, 118.444984436, 118.816505432, 119.17641449, 119.536323547, 119.907844543, 120.267753601, 120.627662659, 120.999183655, 121.359092712, 121.71900177, 122.090522766, 122.450431824, 122.810340881, 123.181854248, 123.553375244, 123.913284302, 124.273193359, 124.633102417, 124.993011475, 125.352920532, 125.71282959, 126.084350586, 126.455871582, 126.81578064, 127.175689697, 127.547210693, 127.907119751, 128.267028809, 128.638549805, 128.998458862, 129.35836792, 129.729888916, 130.089797974, 130.449707031, 130.821228027, 131.181137085, 131.541046143, 131.9009552, 132.260864258, 132.632385254, 132.992294312, 133.352203369, 133.723709106, 134.095230103, 134.45513916, 134.815048218, 135.186569214, 135.546478271, 135.906387329, 136.266296387, 136.626205444, 136.986114502, 137.34602356, 137.717544556, 138.077453613, 138.437362671, 138.808883667, 139.180404663, 139.540313721, 139.900222778, 140.271743774, 140.631652832, 140.99156189, 141.363082886, 141.734603882, 142.094512939, 142.454421997, 142.814331055, 143.174240112, 143.53414917, 143.894058228, 144.265579224, 144.625488281, 144.985397339, 145.356918335, 145.728439331, 146.099945068, 146.459854126, 146.819763184, 147.179672241, 147.539596558, 147.911102295, 148.271011353, 148.63092041, 148.990829468, 149.362350464, 149.722259521, 150.093780518, 150.453689575, 150.813598633, 151.17350769, 151.533416748, 151.904937744, 152.264846802, 152.624755859, 152.996276855, 153.356185913, 153.716094971, 154.087615967, 154.447525024, 154.807434082, 155.178955078, 155.538864136, 155.898773193, 156.270294189, 156.630203247, 156.990112305, 157.361633301, 157.721542358, 158.081451416, 158.452972412, 158.824493408, 159.184402466, 159.544311523, 159.915817261, 160.287338257, 160.647247314, 161.007156372, 161.36706543, 161.726974487, 162.086883545, 162.446792603, 162.818313599, 163.189834595, 163.549743652, 163.90965271, 164.269561768, 164.629470825, 164.989379883, 165.34928894, 165.720809937, 166.080718994, 166.440628052, 166.812149048, 167.183670044, 167.55519104, 167.903488159, 168.263397217, 168.634918213, 168.994827271, 169.354736328, 169.714645386, 170.086166382, 170.446075439, 170.805984497, 171.177505493, 171.537414551, 171.897323608, 172.268844604, 172.628753662, 172.98866272, 173.360183716, 173.720092773, 174.080001831, 174.451522827, 174.823028564, 175.182937622, 175.54284668, 175.902755737, 176.262680054, 176.634185791, 177.005706787, 177.365615845, 177.725524902, 178.08543396, 178.445343018, 178.816864014, 179.176773071, 179.536682129, 179.896591187, 180.256500244, 180.616409302, 180.987930298, 181.347839355, 181.719360352, 182.079269409, 182.439178467, 182.810699463, 183.182220459, 183.542129517, 183.902038574, 184.261947632, 184.633468628, 185.004989624, 185.364898682, 185.736419678, 186.096328735, 186.456237793, 186.816146851, 187.176055908, 187.547576904, 187.907485962, 188.26739502, 188.638900757, 188.998809814, 189.358734131, 189.718643188, 190.078552246, 190.450057983, 190.809967041, 191.169876099, 191.541397095, 191.912918091, 192.272827148, 192.632736206, 192.992645264, 193.352554321, 193.724075317, 194.095596313, 194.455505371, 194.815414429, 195.175323486, 195.535232544, 195.90675354, 196.266662598, 196.626571655, 196.986480713, 197.346389771, 197.717910767, 198.089431763, 198.44934082, 198.809249878, 199.180770874, 199.55229187, 199.912200928, 200.272109985, 200.632019043, 200.991928101, 201.351837158, 201.711746216, 202.071655273, 202.44317627, 202.803085327, 203.174606323, 203.546112061, 203.906021118, 204.265930176, 204.637451172, 204.997360229, 205.357269287, 205.728790283, 206.088699341, 206.448608398, 206.808517456, 207.168426514, 207.53994751, 207.899856567, 208.259765625, 208.631286621, 208.991195679, 209.351104736, 209.711013794, 210.070922852, 210.442443848, 210.813964844, 211.173873901, 211.533782959, 211.905303955, 212.265213013, 212.62512207, 212.985031128, 213.344940186, 213.716461182, 214.076370239, 214.436279297, 214.807800293, 215.167709351, 215.527618408, 215.875915527, 216.247436523, 216.61895752, 216.990478516, 217.350387573, 217.721893311, 218.081817627, 218.453323364, 218.82484436, 219.173141479, 219.544662476, 219.916183472, 220.287704468, 220.659225464, 221.03074646, 221.413879395, 221.773788452, 222.122085571, 222.47038269, 222.911560059, 223.341125488, 223.770706177, 224.200271606, 224.653060913, 225.10585022, 225.558639526, 225.999816895, 226.440994263, 226.882171631, 227.369796753, 227.857406616, 228.3334198, 228.821044922, 229.297042847, 229.784667969, 230.341949463, 230.887619019, 231.444900513, 231.97895813, 232.513015747, 233.047073364, 233.59274292, 234.126800537, 234.672470093, 235.078811646, 235.485168457, 235.879898071, 236.274642944, 236.622940063, 236.971237183, 237.319549561, 237.66784668, 238.016143799, 238.364440918, 238.701126099, 239.049423218, 239.409332275, 239.780853271, 240.140762329, 240.512283325, 240.848968506, 241.185668945, 241.522354126, 241.859039307, 242.195739746, 242.532424927, 242.869110107, 243.205795288]
