
metadata:
    version:
        essentia: "2.1-beta2"
    audio_properties:
        analysis_sample_rate: 44100
        bitrate: 320
        channels: 2
        equal_loudness: 1
        length: 294.739593506
        replay_gain: -16.1053123474
        downmix: "mix"
    tags:
        album: "Immortalized"
        artist: "Disturbed"
        comment: ""
        date: ""
        genre: "Alternative Metal"
        title: "You're Mine"
        tracknumber: "7"

configuration:
    average_loudness:
        compute: 1
        frameSize: 88200
        hopSize: 44100
        silentFrames: "noise"
        windowType: "hann"
    general:
        analysisSampleRate: 44100
        endTime: 2000
        equalLoudness: 1
        nequalLoudness: 0
        shortSound: 0
        startTime: 0
    lowlevel:
        compute: 1
        frameSize: 2048
        hopSize: 1024
        zeroPadding: 0
        silentFrames: "noise"
        windowType: "blackmanharris62"
        mfccStats: ["mean", "cov", "icov"]
        stats: ["mean", "var", "median", "min", "max", "dmean", "dmean2", "dvar", "dvar2"]
    panning:
        compute: 0
        frameSize: 8192
        hopSize: 2048
        zeroPadding: 8192
        silentFrames: "noise"
        windowType: "hann"
        stats: ["copy"]
    rhythm:
        compute: 1
        maxTempo: 208
        minTempo: 40
        method: "degara"
        stats: ["mean", "var", "median", "min", "max", "dmean", "dmean2", "dvar", "dvar2"]
    segmentation:
        compute: 0
        cpw: 5
        inc1: 300
        inc2: 50
        minimumSegmentsLength: 10
        size1: 1000
        size2: 600
    sfx:
        compute: 1
        stats: ["mean", "var", "median", "min", "max", "dmean", "dmean2", "dvar", "dvar2"]
    svm:
        compute: 0
    tonal:
        compute: 1
        frameSize: 4096
        hopSize: 2048
        zeroPadding: 0
        silentFrames: "noise"
        windowType: "blackmanharris62"
        stats: ["mean", "var", "median", "min", "max", "dmean", "dmean2", "dvar", "dvar2"]

lowlevel:
    average_loudness: 0.881886482239
    barkbands_kurtosis:
        dmean: 0.931020021439
        dmean2: 1.51929104328
        dvar: 7.8723359108
        dvar2: 18.2425060272
        max: 86.6861419678
        mean: -0.081920132041
        median: -0.901194930077
        min: -1.938803792
        var: 12.9869298935
    barkbands_skewness:
        dmean: 0.414316684008
        dmean2: 0.651009738445
        dvar: 0.217513427138
        dvar2: 0.522904932499
        max: 8.05285930634
        mean: 0.00974710378796
        median: -0.139439627528
        min: -4.86526966095
        var: 0.880090117455
    barkbands_spread:
        dmean: 5.34778356552
        dmean2: 8.48261737823
        dvar: 27.0435810089
        dvar2: 64.1597747803
        max: 76.5365982056
        mean: 29.8909778595
        median: 29.5746173859
        min: 0.462681502104
        var: 108.091682434
    dissonance:
        dmean: 0.0131723834202
        dmean2: 0.0220309905708
        dvar: 0.000207390636206
        dvar2: 0.000504298950545
        max: 0.500000119209
        mean: 0.477778285742
        median: 0.483288526535
        min: 0.261103570461
        var: 0.000449280283647
    hfc:
        dmean: 2.16854572296
        dmean2: 3.59152007103
        dvar: 8.44598674774
        dvar2: 22.5123081207
        max: 36.0092086792
        mean: 9.13455963135
        median: 9.33304214478
        min: 1.24190236956e-016
        var: 37.236995697
    pitch:
        dmean: 757.579711914
        dmean2: 1460.39428711
        dvar: 1593432.625
        dvar2: 3952847.75
        max: 4741.30712891
        mean: 1123.50976563
        median: 312.408111572
        min: 51.8403358459
        var: 2047508.875
    pitch_instantaneous_confidence:
        dmean: 0.0839466825128
        dmean2: 0.135501220822
        dvar: 0.00520822731778
        dvar2: 0.0121511816978
        max: 0.95703881979
        mean: 0.3886474967
        median: 0.358041882515
        min: 0.118336319923
        var: 0.021940773353
    pitch_salience:
        dmean: 0.066120095551
        dmean2: 0.10828153789
        dvar: 0.00406560348347
        dvar2: 0.0106905410066
        max: 0.893707931042
        mean: 0.648211181164
        median: 0.665049135685
        min: 0.131778359413
        var: 0.00871695950627
    silence_rate_20dB:
        dmean: 0
        dmean2: 0
        dvar: 0
        dvar2: 0
        max: 1
        mean: 1
        median: 1
        min: 1
        var: 0
    silence_rate_30dB:
        dmean: 0
        dmean2: 0
        dvar: 0
        dvar2: 0
        max: 1
        mean: 1
        median: 1
        min: 1
        var: 0
    silence_rate_60dB:
        dmean: 0.0541988350451
        dmean2: 0.108406208456
        dvar: 0.0512576587498
        dvar2: 0.113033898175
        max: 1
        mean: 0.289090186357
        median: 0
        min: 0
        var: 0.205510690808
    spectral_centroid:
        dmean: 274.171600342
        dmean2: 435.490875244
        dvar: 85219.140625
        dvar2: 203341.109375
        max: 10524.2744141
        mean: 1778.61218262
        median: 1890.34631348
        min: 118.91191864
        var: 380807.84375
    spectral_complexity:
        dmean: 3.77595710754
        dmean2: 6.17426919937
        dvar: 17.9939250946
        dvar2: 44.8963699341
        max: 48
        mean: 16.9451751709
        median: 19
        min: 0
        var: 110.258041382
    spectral_crest:
        dmean: 2.1135032177
        dmean2: 3.48189926147
        dvar: 3.81025123596
        dvar2: 9.79784107208
        max: 23.7697601318
        mean: 7.00737428665
        median: 6.14033079147
        min: 2.35118222237
        var: 10.0270042419
    spectral_decrease:
        dmean: 2.72471212259e-010
        dmean2: 4.28552499043e-010
        dvar: 1.70097336961e-019
        dvar2: 4.06953681126e-019
        max: 7.28799576199e-029
        mean: -1.06820841062e-009
        median: -1.11932363378e-009
        min: -4.60891280696e-009
        var: 4.81234913723e-019
    spectral_energy:
        dmean: 0.00117292953655
        dmean2: 0.00184934050776
        dvar: 2.87767693408e-006
        dvar2: 6.86143721396e-006
        max: 0.0188430529088
        mean: 0.00486019346863
        median: 0.00512512167916
        min: 1.09893521239e-020
        var: 9.54436382017e-006
    spectral_energyband_high:
        dmean: 0.000197895540623
        dmean2: 0.000336223776685
        dvar: 8.393283224e-008
        dvar2: 2.29917404226e-007
        max: 0.00466410256922
        mean: 0.000542101683095
        median: 0.000485060940264
        min: 7.98410963887e-021
        var: 2.04053222319e-007
    spectral_energyband_low:
        dmean: 0.000221064488869
        dmean2: 0.000374473747797
        dvar: 1.85996270829e-007
        dvar2: 5.02784075707e-007
        max: 0.00645338883623
        mean: 0.000335672928486
        median: 0.000223592971452
        min: 7.2782194071e-023
        var: 1.90152761093e-007
    spectral_energyband_middle_high:
        dmean: 0.000671948248055
        dmean2: 0.00107890088111
        dvar: 6.22224661129e-007
        dvar2: 1.53377891365e-006
        max: 0.0106114968657
        mean: 0.00265912641771
        median: 0.00252044666559
        min: 1.68567322227e-021
        var: 3.82819098377e-006
    spectral_energyband_middle_low:
        dmean: 0.000732500455342
        dmean2: 0.0011769119883
        dvar: 2.19128924073e-006
        dvar2: 5.43238093087e-006
        max: 0.0155819347128
        mean: 0.00144547142554
        median: 0.00105998443905
        min: 2.2560601474e-022
        var: 2.73768546322e-006
    spectral_flatness_db:
        dmean: 0.0155470687896
        dmean2: 0.0245642419904
        dvar: 0.000301148218568
        dvar2: 0.000633664487395
        max: 0.536998510361
        mean: 0.143984258175
        median: 0.127601891756
        min: 0.0540486238897
        var: 0.00285864970647
    spectral_flux:
        dmean: 0.00764609221369
        dmean2: 0.0116332489997
        dvar: 8.35134196677e-005
        dvar2: 0.000183821495739
        max: 0.114199221134
        mean: 0.0405036956072
        median: 0.0429844856262
        min: 1.04830109871e-010
        var: 0.000396291463403
    spectral_kurtosis:
        dmean: 1.97165489197
        dmean2: 3.34977221489
        dvar: 40.7486228943
        dvar2: 96.2792816162
        max: 181.676055908
        mean: 4.88236856461
        median: 2.93865633011
        min: -1.17571806908
        var: 82.4534912109
    spectral_rms:
        dmean: 0.000241428468144
        dmean2: 0.000372952199541
        dvar: 9.04555363945e-008
        dvar2: 2.02026214424e-007
        max: 0.00428759446368
        mean: 0.00199973187409
        median: 0.00223609455861
        min: 3.27434260261e-012
        var: 7.42709232782e-007
    spectral_rolloff:
        dmean: 383.751373291
        dmean2: 639.917358398
        dvar: 290158.40625
        dvar2: 681157.75
        max: 19164.5507813
        mean: 3323.91308594
        median: 3639.11132813
        min: 129.19921875
        var: 998188.8125
    spectral_skewness:
        dmean: 0.214506402612
        dmean2: 0.354820907116
        dvar: 0.187782600522
        dvar2: 0.425022721291
        max: 10.561797142
        mean: 1.41798400879
        median: 1.2979619503
        min: 0.0288895238191
        var: 0.48366227746
    spectral_spread:
        dmean: 441512.96875
        dmean2: 636977.75
        dvar: 405644869632
        dvar2: 643832086528
        max: 40889204
        mean: 4715097
        median: 4757075
        min: 480678.875
        var: 2.44014304461e+012
    spectral_strongpeak:
        dmean: 0.479803055525
        dmean2: 0.82016813755
        dvar: 0.458217173815
        dvar2: 1.21248555183
        max: 8.29308128357
        mean: 0.779481470585
        median: 0.468501925468
        min: 6.67247812558e-009
        var: 0.774542927742
    zerocrossingrate:
        dmean: 0.00840598437935
        dmean2: 0.0104561736807
        dvar: 7.29384482838e-005
        dvar2: 9.49825334828e-005
        max: 0.50732421875
        mean: 0.10013769567
        median: 0.10595703125
        min: 0.00439453125
        var: 0.000825985625852
    barkbands:
        dmean: [3.54311595174e-007, 5.46330302313e-005, 0.000141230382724, 0.000241834059125, 0.000313010066748, 0.000103080856206, 8.87782953214e-005, 0.000103389014839, 0.000182076386409, 0.000123875986901, 9.34493218665e-005, 0.000175161170773, 0.000128211482661, 0.000120960896311, 8.28093106975e-005, 9.50515968725e-005, 0.000127194565721, 0.000122646830278, 0.000206338023418, 0.000184067685041, 0.000108193416963, 3.55148586095e-005, 5.15561760039e-006, 2.81376605926e-006, 1.89315119314e-006, 9.99713520855e-008, 2.52274423573e-010]
        dmean2: [5.24906056398e-007, 9.15472119232e-005, 0.000243926566327, 0.00039925854071, 0.000518631597515, 0.000169365026522, 0.000147253565956, 0.000166960962815, 0.00028685820871, 0.0001983341499, 0.000151109299622, 0.000282560678897, 0.000205177871976, 0.000194199048565, 0.00013396286522, 0.000153657005285, 0.000211473787203, 0.000208824465517, 0.000346075888956, 0.000305685010972, 0.000185676792171, 6.16800389253e-005, 8.7568678282e-006, 4.48170112577e-006, 2.9560276289e-006, 1.51196559273e-007, 4.48214049209e-010]
        dvar: [2.94025952674e-013, 7.77850406308e-009, 1.07779818848e-007, 3.95180023816e-007, 6.95041933341e-007, 4.1885762414e-008, 3.06553111784e-008, 6.14679294131e-008, 1.18930529425e-007, 6.76521239029e-008, 3.6140693993e-008, 1.33888462983e-007, 6.57798153725e-008, 5.80370240755e-008, 3.79990936494e-008, 3.40557697598e-008, 4.03942905791e-008, 2.89086301564e-008, 8.18298175886e-008, 5.66503253197e-008, 2.60269406027e-008, 3.80144715706e-009, 6.77503886326e-011, 2.88634637025e-011, 1.64357347177e-011, 4.08925856772e-014, 1.23699561482e-019]
        dvar2: [6.50232797293e-013, 2.05758414751e-008, 2.99175411556e-007, 9.88373130895e-007, 1.80060578714e-006, 1.03741875535e-007, 7.54295967909e-008, 1.46193443129e-007, 2.75424923757e-007, 1.59668061883e-007, 9.01501593376e-008, 3.30840776996e-007, 1.61026633805e-007, 1.42410925719e-007, 9.04671750845e-008, 8.05804063475e-008, 1.02434668747e-007, 7.86466713976e-008, 2.17866926278e-007, 1.5368283357e-007, 7.05763341102e-008, 1.07165618601e-008, 1.8798973489e-010, 6.73512912108e-011, 3.65387442525e-011, 8.63062402036e-014, 3.61355143063e-019]
        max: [5.88766306464e-006, 0.00123451766558, 0.00512707978487, 0.00565400905907, 0.00852814409882, 0.00360692525283, 0.00392714934424, 0.00543702300638, 0.00619656033814, 0.00633928040043, 0.00479028280824, 0.00602324446663, 0.00499956170097, 0.00438205339015, 0.00800355710089, 0.0061402306892, 0.00514442380518, 0.00308318296447, 0.00611508078873, 0.00380220450461, 0.00254441332072, 0.000959564582445, 0.000130217376864, 0.000113435351523, 0.000109546788735, 4.38620554633e-006, 4.34286429041e-009]
        mean: [4.92830793064e-007, 8.34306993056e-005, 0.000167903155671, 0.000250775192399, 0.000370675115846, 0.000163378877915, 0.00013118168863, 0.00015196055756, 0.000325251545291, 0.000213132851059, 0.000149561892613, 0.000299379986245, 0.000216337430174, 0.000216253014514, 0.000146882797708, 0.000185738565051, 0.000264006754151, 0.000249094562605, 0.00048856966896, 0.000455265893834, 0.000236163541558, 7.40420000511e-005, 1.11419349196e-005, 5.82555867368e-006, 3.56973464477e-006, 1.82105296176e-007, 2.91997648283e-010]
        median: [1.75825860538e-007, 5.39283137186e-005, 8.70849617058e-005, 5.63797220821e-005, 0.000154587018187, 7.7729273471e-005, 7.29005987523e-005, 5.72655553697e-005, 0.000135306254379, 8.96602286957e-005, 6.22915104032e-005, 9.07193680177e-005, 8.96424753591e-005, 7.64436917962e-005, 7.69895486883e-005, 0.000117344308819, 0.000190563994693, 0.000196173525183, 0.000406216451665, 0.00038776974543, 0.000192343082745, 5.64485962968e-005, 8.94340610103e-006, 3.78558479497e-006, 2.07705443245e-006, 1.01322918056e-007, 1.5987579316e-010]
        min: [5.04132921079e-024, 1.48338682572e-023, 3.53765745797e-023, 2.22599918265e-023, 7.28173756896e-024, 4.72652448468e-023, 2.5095265205e-023, 4.54148579976e-023, 4.47869373389e-023, 9.68716837099e-023, 1.46144131488e-022, 1.33733531913e-022, 7.14528372279e-023, 9.49881867908e-023, 1.25377702635e-022, 8.12236368456e-023, 7.81372848182e-023, 3.56251579038e-022, 3.16276980367e-022, 3.58174127728e-022, 4.66859647204e-022, 6.96903452608e-022, 5.44154030989e-022, 6.12330798297e-022, 1.29748893244e-021, 1.85842421845e-021, 2.47289602311e-021]
        var: [5.43984941728e-013, 1.0201001821e-008, 8.52901322901e-008, 4.03003014071e-007, 6.20761113623e-007, 7.82827882517e-008, 4.6074564608e-008, 1.0606401446e-007, 2.7689259241e-007, 1.83060592462e-007, 6.99922466652e-008, 3.1012481827e-007, 1.28217621409e-007, 1.41609362458e-007, 8.67052989406e-008, 9.27683387886e-008, 9.80100764991e-008, 5.74821399368e-008, 2.09795075534e-007, 1.6057414598e-007, 5.13360127741e-008, 6.21131457379e-009, 1.18702297991e-010, 6.47201320314e-011, 3.20762201522e-011, 7.48602433298e-014, 1.53416128385e-019]
    frequency_bands:
        dmean: [3.54311595174e-007, 5.46330302313e-005, 0.000141230382724, 0.000241834059125, 0.000313010066748, 0.000103080856206, 8.87782953214e-005, 0.000103389014839, 0.000182076386409, 0.000123875986901, 9.34493218665e-005, 0.000175161170773, 0.000128211482661, 0.000120960896311, 8.28093106975e-005, 9.50515968725e-005, 0.000127194565721, 0.000122646830278, 0.000206338023418, 0.000184067685041, 0.000108193416963, 3.55148586095e-005, 5.15561760039e-006, 2.81376605926e-006, 1.89315119314e-006, 9.99713520855e-008, 2.52274423573e-010, 5.57549562075e-011]
        dmean2: [5.24906056398e-007, 9.15472119232e-005, 0.000243926566327, 0.00039925854071, 0.000518631597515, 0.000169365026522, 0.000147253565956, 0.000166960962815, 0.00028685820871, 0.0001983341499, 0.000151109299622, 0.000282560678897, 0.000205177871976, 0.000194199048565, 0.00013396286522, 0.000153657005285, 0.000211473787203, 0.000208824465517, 0.000346075888956, 0.000305685010972, 0.000185676792171, 6.16800389253e-005, 8.7568678282e-006, 4.48170112577e-006, 2.9560276289e-006, 1.51196559273e-007, 4.48214049209e-010, 1.0339289841e-010]
        dvar: [2.94025952674e-013, 7.77850406308e-009, 1.07779818848e-007, 3.95180023816e-007, 6.95041933341e-007, 4.1885762414e-008, 3.06553111784e-008, 6.14679294131e-008, 1.18930529425e-007, 6.76521239029e-008, 3.6140693993e-008, 1.33888462983e-007, 6.57798153725e-008, 5.80370240755e-008, 3.79990936494e-008, 3.40557697598e-008, 4.03942905791e-008, 2.89086301564e-008, 8.18298175886e-008, 5.66503253197e-008, 2.60269406027e-008, 3.80144715706e-009, 6.77503886326e-011, 2.88634637025e-011, 1.64357347177e-011, 4.08925856772e-014, 1.23699561482e-019, 6.97640574336e-021]
        dvar2: [6.50232797293e-013, 2.05758414751e-008, 2.99175411556e-007, 9.88373130895e-007, 1.80060578714e-006, 1.03741875535e-007, 7.54295967909e-008, 1.46193443129e-007, 2.75424923757e-007, 1.59668061883e-007, 9.01501593376e-008, 3.30840776996e-007, 1.61026633805e-007, 1.42410925719e-007, 9.04671750845e-008, 8.05804063475e-008, 1.02434668747e-007, 7.86466713976e-008, 2.17866926278e-007, 1.5368283357e-007, 7.05763341102e-008, 1.07165618601e-008, 1.8798973489e-010, 6.73512912108e-011, 3.65387442525e-011, 8.63062402036e-014, 3.61355143063e-019, 2.22862441835e-020]
        max: [5.88766306464e-006, 0.00123451766558, 0.00512707978487, 0.00565400905907, 0.00852814409882, 0.00360692525283, 0.00392714934424, 0.00543702300638, 0.00619656033814, 0.00633928040043, 0.00479028280824, 0.00602324446663, 0.00499956170097, 0.00438205339015, 0.00800355710089, 0.0061402306892, 0.00514442380518, 0.00308318296447, 0.00611508078873, 0.00380220450461, 0.00254441332072, 0.000959564582445, 0.000130217376864, 0.000113435351523, 0.000109546788735, 4.38620554633e-006, 4.34286429041e-009, 9.91726478716e-010]
        mean: [4.92830793064e-007, 8.34306993056e-005, 0.000167903155671, 0.000250775192399, 0.000370675115846, 0.000163378877915, 0.00013118168863, 0.00015196055756, 0.000325251545291, 0.000213132851059, 0.000149561892613, 0.000299379986245, 0.000216337430174, 0.000216253014514, 0.000146882797708, 0.000185738565051, 0.000264006754151, 0.000249094562605, 0.00048856966896, 0.000455265893834, 0.000236163541558, 7.40420000511e-005, 1.11419349196e-005, 5.82555867368e-006, 3.56973464477e-006, 1.82105296176e-007, 2.91997648283e-010, 4.38982565576e-011]
        median: [1.75825860538e-007, 5.39283137186e-005, 8.70849617058e-005, 5.63797220821e-005, 0.000154587018187, 7.7729273471e-005, 7.29005987523e-005, 5.72655553697e-005, 0.000135306254379, 8.96602286957e-005, 6.22915104032e-005, 9.07193680177e-005, 8.96424753591e-005, 7.64436917962e-005, 7.69895486883e-005, 0.000117344308819, 0.000190563994693, 0.000196173525183, 0.000406216451665, 0.00038776974543, 0.000192343082745, 5.64485962968e-005, 8.94340610103e-006, 3.78558479497e-006, 2.07705443245e-006, 1.01322918056e-007, 1.5987579316e-010, 1.44307404568e-011]
        min: [5.04132921079e-024, 1.48338682572e-023, 3.53765745797e-023, 2.22599918265e-023, 7.28173756896e-024, 4.72652448468e-023, 2.5095265205e-023, 4.54148579976e-023, 4.47869373389e-023, 9.68716837099e-023, 1.46144131488e-022, 1.33733531913e-022, 7.14528372279e-023, 9.49881867908e-023, 1.25377702635e-022, 8.12236368456e-023, 7.81372848182e-023, 3.56251579038e-022, 3.16276980367e-022, 3.58174127728e-022, 4.66859647204e-022, 6.96903452608e-022, 5.44154030989e-022, 6.12330798297e-022, 1.29748893244e-021, 1.85842421845e-021, 2.47289602311e-021, 9.34310801247e-022]
        var: [5.43984941728e-013, 1.0201001821e-008, 8.52901322901e-008, 4.03003014071e-007, 6.20761113623e-007, 7.82827882517e-008, 4.6074564608e-008, 1.0606401446e-007, 2.7689259241e-007, 1.83060592462e-007, 6.99922466652e-008, 3.1012481827e-007, 1.28217621409e-007, 1.41609362458e-007, 8.67052989406e-008, 9.27683387886e-008, 9.80100764991e-008, 5.74821399368e-008, 2.09795075534e-007, 1.6057414598e-007, 5.13360127741e-008, 6.21131457379e-009, 1.18702297991e-010, 6.47201320314e-011, 3.20762201522e-011, 7.48602433298e-014, 1.53416128385e-019, 5.61895510223e-021]
    mfcc:
        mean: [-714.616333008, 95.5312805176, -44.7667579651, 42.6837539673, -15.4583215714, -2.68786668777, 5.54542589188, -2.46833181381, 0.924701213837, -3.45241093636, -3.19520163536, -4.12490940094, -4.30218315125]
        cov: [[11117.3427734, -724.706298828, -1664.39282227, 483.274963379, -1345.81591797, 616.119140625, 489.651184082, -308.1277771, 72.4592437744, 250.878372192, 272.190002441, 21.5265865326, -43.9467964172], [-724.706298828, 506.963043213, 143.901947021, 79.4748153687, 125.798988342, -5.83075809479, 24.5717582703, 20.9503955841, 1.77428853512, -12.5478477478, -10.2468414307, -11.6195039749, 13.152926445], [-1664.39282227, 143.901947021, 706.473754883, -11.4262266159, 277.611297607, -47.4339408875, -89.9455413818, 26.0275936127, -16.8319301605, -37.4728660583, -48.3017616272, -35.9144096375, -6.48775911331], [483.274963379, 79.4748153687, -11.4262266159, 303.235198975, 24.7949085236, 36.1037750244, 22.9676322937, -2.34315061569, 26.3046321869, -3.7042453289, 17.1622104645, -19.023771286, 25.2489128113], [-1345.81591797, 125.798988342, 277.611297607, 24.7949085236, 383.062988281, -76.9169845581, -91.4695510864, 32.515712738, 6.1990776062, -19.0764465332, -42.6717796326, -13.2567501068, 3.63205122948], [616.119140625, -5.83075809479, -47.4339408875, 36.1037750244, -76.9169845581, 159.264282227, 75.6672363281, -26.8663005829, 0.370147615671, 30.1611442566, 25.9568538666, -4.1492729187, -12.4988212585], [489.651184082, 24.5717582703, -89.9455413818, 22.9676322937, -91.4695510864, 75.6672363281, 169.211364746, 33.5906257629, 1.5840805769, 7.37060022354, 28.3379402161, 9.50079250336, 6.92886400223], [-308.1277771, 20.9503955841, 26.0275936127, -2.34315061569, 32.515712738, -26.8663005829, 33.5906257629, 136.901306152, 21.0905761719, -25.2896995544, -3.3342871666, 16.7997703552, 20.5889835358], [72.4592437744, 1.77428853512, -16.8319301605, 26.3046321869, 6.1990776062, 0.370147615671, 1.5840805769, 21.0905761719, 77.4337310791, 29.2017631531, 14.5599002838, -0.0584586784244, 11.502743721], [250.878372192, -12.5478477478, -37.4728660583, -3.7042453289, -19.0764465332, 30.1611442566, 7.37060022354, -25.2896995544, 29.2017631531, 108.160545349, 33.0160446167, 5.09991025925, -8.97000694275], [272.190002441, -10.2468414307, -48.3017616272, 17.1622104645, -42.6717796326, 25.9568538666, 28.3379402161, -3.3342871666, 14.5599002838, 33.0160446167, 82.7256851196, 18.3807563782, 9.66313171387], [21.5265865326, -11.6195039749, -35.9144096375, -19.023771286, -13.2567501068, -4.1492729187, 9.50079250336, 16.7997703552, -0.0584586784244, 5.09991025925, 18.3807563782, 69.7866287231, 16.6756401062], [-43.9467964172, 13.152926445, -6.48775911331, 25.2489128113, 3.63205122948, -12.4988212585, 6.92886400223, 20.5889835358, 11.502743721, -8.97000694275, 9.66313171387, 16.6756401062, 72.8263778687]]
        icov: [[0.000296730053378, 0.000247634627158, 0.000333218922606, -0.000504019728396, 0.000572254124563, -0.000439760799054, -0.000199375484954, 0.000343729945598, -0.000117603231047, -0.000181449475349, -5.69454387005e-005, 6.31741045254e-007, 0.000160180294188], [0.000247634627158, 0.00257625128143, -4.08729101764e-005, -0.000944250903558, -0.000216191096115, -0.000139386000228, -0.00112867553253, 0.000421819771873, 1.28223418869e-005, -0.000180865841685, 7.07802319084e-005, 8.84532637428e-005, -7.10805034032e-005], [0.000333218922606, -4.08729101764e-005, 0.00252400222234, -0.000261911889538, -0.000702421064489, -0.00101440900471, 0.000451094121672, -2.84338548227e-005, 0.00034134395537, 0.000112623740279, -8.24123853818e-005, 0.000853364472277, 0.000125663034851], [-0.000504019728396, -0.000944250903558, -0.000261911889538, 0.00487418379635, -0.00153170048725, -0.000341343664331, 0.00023049255833, -0.000149161176523, -0.00112808845006, 0.00125479348935, -0.000808598590083, 0.00140997429844, -0.00169160705991], [0.000572254124563, -0.000216191096115, -0.000702421064489, -0.00153170048725, 0.00567972008139, 0.000101056568383, 0.001180169289, -0.000306161236949, -0.000448733393569, -0.000942657643463, 0.000944180064835, -0.000282558903564, 0.000455376488389], [-0.000439760799054, -0.000139386000228, -0.00101440900471, -0.000341343664331, 0.000101056568383, 0.0104969674721, -0.00409412151203, 0.0017160779098, 0.00031215584022, -0.00140679266769, -0.000555988750421, 0.000226671952987, 0.00128793541808], [-0.000199375484954, -0.00112867553253, 0.000451094121672, 0.00023049255833, 0.001180169289, -0.00409412151203, 0.0103719988838, -0.00413678074256, 0.00135791022331, 0.000165912351804, -0.00138071819674, 0.0002287345269, -0.000598210433964], [0.000343729945598, 0.000421819771873, -2.84338548227e-005, -0.000149161176523, -0.000306161236949, 0.0017160779098, -0.00413678074256, 0.0109480051324, -0.0040944609791, 0.00257594953291, 0.000375912641175, -0.00222182506695, -0.000788493431173], [-0.000117603231047, 1.28223418869e-005, 0.00034134395537, -0.00112808845006, -0.000448733393569, 0.00031215584022, 0.00135791022331, -0.0040944609791, 0.017196116969, -0.00542259635404, -0.00116089324001, 0.00188496441115, -0.00220901193097], [-0.000181449475349, -0.000180865841685, 0.000112623740279, 0.00125479348935, -0.000942657643463, -0.00140679266769, 0.000165912351804, 0.00257594953291, -0.00542259635404, 0.0134330242872, -0.0040504783392, -0.00082851870684, 0.00179788563401], [-5.69454387005e-005, 7.07802319084e-005, -8.24123853818e-005, -0.000808598590083, 0.000944180064835, -0.000555988750421, -0.00138071819674, 0.000375912641175, -0.00116089324001, -0.0040504783392, 0.0163626093417, -0.00363494921476, -0.00154589116573], [6.31741045254e-007, 8.84532637428e-005, 0.000853364472277, 0.00140997429844, -0.000282558903564, 0.000226671952987, 0.0002287345269, -0.00222182506695, 0.00188496441115, -0.00082851870684, -0.00363494921476, 0.0175350029022, -0.00370163121261], [0.000160180294188, -7.10805034032e-005, 0.000125663034851, -0.00169160705991, 0.000455376488389, 0.00128793541808, -0.000598210433964, -0.000788493431173, -0.00220901193097, 0.00179788563401, -0.00154589116573, -0.00370163121261, 0.0165396910161]]
    sccoeffs:
        dmean: [0.0546148568392, 0.0464770197868, 0.0381014198065, 0.0304637122899, 0.0196288302541, 0.0183621738106]
        dmean2: [0.0882427915931, 0.0762730687857, 0.0626680478454, 0.0497438982129, 0.0327048078179, 0.0287567228079]
        dvar: [0.00234834384173, 0.00138312426861, 0.000893496675417, 0.000590344483498, 0.000242906986387, 0.000352692819433]
        dvar2: [0.00585872586817, 0.00371576100588, 0.00234704115428, 0.0015133949928, 0.000643223465886, 0.000729332386982]
        max: [-0.331439852715, -0.444641977549, -0.538605988026, -0.505145311356, -0.581903755665, -0.565295100212]
        mean: [-0.684710562229, -0.769054055214, -0.78325086832, -0.782765030861, -0.797253489494, -0.749100029469]
        median: [-0.694932222366, -0.776249945164, -0.79110711813, -0.787754833698, -0.800899505615, -0.747339725494]
        min: [-0.979176104069, -0.960675656796, -0.969664871693, -0.963259756565, -0.960216403008, -0.962870895863]
        var: [0.00678409868851, 0.00414855824783, 0.00374949257821, 0.00307983113453, 0.00130268954672, 0.0017795820022]
    scvalleys:
        dmean: [0.355871677399, 0.356445878744, 0.307849466801, 0.248529344797, 0.217734336853, 0.245998546481]
        dmean2: [0.596165001392, 0.585785090923, 0.493083506823, 0.394156336784, 0.339952766895, 0.36403670907]
        dvar: [0.0918231755495, 0.0969216823578, 0.084577023983, 0.0645817220211, 0.0789248123765, 0.108950965106]
        dvar2: [0.237541764975, 0.23798070848, 0.177951276302, 0.12316570431, 0.140049293637, 0.219932824373]
        max: [-5.39356040955, -4.81067800522, -4.9882440567, -5.52758455276, -5.59963226318, -7.62200450897]
        mean: [-7.03166913986, -6.7202539444, -6.93759155273, -7.22758293152, -7.12368440628, -9.91295433044]
        median: [-6.75222444534, -6.45484161377, -6.60163021088, -6.81593799591, -6.56791830063, -9.19672107697]
        min: [-27.0445671082, -26.8288383484, -26.8985157013, -27.335975647, -27.1672763824, -27.185043335]
        var: [1.02304267883, 0.96979123354, 1.23675394058, 1.46477615833, 2.11713910103, 4.00751256943]

rhythm:
    beats_loudness:
        dmean: 0.00267934030853
        dmean2: 0.00506374286488
        dvar: 5.21543825016e-006
        dvar2: 1.73763855855e-005
        max: 0.0135856233537
        mean: 0.00673215230927
        median: 0.00719109689817
        min: 1.75194702479e-006
        var: 1.34122565214e-005
    bpm: 98.0075454712
    bpm_confidence: 0
    first_peak_bpm: 98
    first_peak_spread: 0.045558065176
    first_peak_weight: 0.865702450275
    onset_rate: 2.83979487419
    second_peak_bpm: 115
    second_peak_spread: 0.54545456171
    second_peak_weight: 0.0206611566246
    beats_loudness_band_ratio:
        dmean: [0.319809943438, 0.111942097545, 0.092725738883, 0.100779183209, 0.11128693819, 0.109505988657]
        dmean2: [0.613266468048, 0.203640431166, 0.172575712204, 0.183980077505, 0.201478794217, 0.200589925051]
        dvar: [0.0398044474423, 0.00936029478908, 0.00904762279242, 0.0114945117384, 0.0118844173849, 0.00898772850633]
        dvar2: [0.13336636126, 0.0291753392667, 0.0276827421039, 0.0345921888947, 0.0354760475457, 0.0290659070015]
        max: [0.89598608017, 0.870855808258, 0.582375228405, 0.608509719372, 0.875557661057, 0.636629462242]
        mean: [0.348890334368, 0.143938615918, 0.113919481635, 0.125391021371, 0.163235753775, 0.175507441163]
        median: [0.339226305485, 0.117455653846, 0.0840570703149, 0.0821283608675, 0.130010664463, 0.151230320334]
        min: [2.92940530926e-005, 0.000715136353392, 0.00988976750523, 0.00535455998033, 0.00212016422302, 0.00023035320919]
        var: [0.0625198185444, 0.0204611718655, 0.00847015716136, 0.0139239970595, 0.0188151877373, 0.0131548587233]
    beats_position: [0.638548731804, 1.28870749474, 1.93886613846, 2.58902478218, 3.27401351929, 3.95900225639, 4.6439909935, 5.31736946106, 5.99074840546, 6.67573690414, 7.36072540283, 7.97605419159, 8.59138298035, 9.13705158234, 9.682721138, 10.22838974, 10.7624483109, 11.2965078354, 11.8189563751, 12.3414058685, 12.8638544083, 13.3746938705, 13.8855323792, 14.3963718414, 14.8839902878, 15.3832197189, 15.8824491501, 16.3468475342, 16.7996368408, 17.2524261475, 17.7052154541, 18.1696147919, 18.6340141296, 19.0868015289, 19.6208610535, 20.154920578, 20.6889801025, 21.2230377197, 21.7454872131, 22.2679367065, 22.8019943237, 23.3244438171, 23.8468933105, 24.369342804, 24.89179039, 25.4142398834, 25.9250793457, 26.435918808, 27.0512466431, 27.6665763855, 28.2819042206, 28.8856239319, 29.500951767, 30.1046714783, 30.7199993134, 31.3353290558, 31.9506568909, 32.5659866333, 33.1813163757, 33.7850341797, 34.4003639221, 35.0156898499, 35.6194114685, 36.2231292725, 36.8384590149, 37.4537849426, 38.0575065613, 38.672832489, 39.2881622314, 39.8918800354, 40.5072097778, 41.1225395203, 41.7262573242, 42.3415870667, 42.9569168091, 43.5722427368, 44.1875724792, 44.7912902832, 45.3950119019, 46.0103378296, 46.625667572, 47.2409973145, 47.8563270569, 48.4716529846, 49.0869827271, 49.690700531, 50.2944221497, 50.9097480774, 51.5250778198, 52.1404075623, 52.7557373047, 53.3594551086, 53.9631729126, 54.5901107788, 55.1938323975, 55.8091583252, 56.4244880676, 57.0282058716, 57.6319274902, 58.247253418, 58.8625831604, 59.4779129028, 60.0932426453, 60.708568573, 61.3238983154, 61.9276161194, 62.5429458618, 63.1582756042, 63.7619934082, 64.3773193359, 64.9926528931, 65.6079788208, 66.2233123779, 66.8270263672, 67.4423599243, 68.0576858521, 68.6614074707, 69.2767333984, 69.8920593262, 70.5073928833, 71.122718811, 71.7264404297, 72.3417663574, 72.9570999146, 73.5608139038, 74.1761474609, 74.7914733887, 75.3951950073, 76.0105209351, 76.6258468628, 77.252784729, 77.8565063477, 78.4602279663, 79.075553894, 79.6908798218, 80.3062133789, 80.9099273682, 81.5252609253, 82.140586853, 82.7559204102, 83.3712463379, 83.9865722656, 84.5902938843, 85.205619812, 85.8209533691, 86.4246673584, 87.0400009155, 87.6553268433, 88.2590484619, 88.8743743896, 89.4897003174, 90.1050338745, 90.7203598022, 91.3356933594, 91.9510192871, 92.5663452148, 93.181678772, 93.7853927612, 94.3891143799, 95.0044403076, 95.6197738647, 96.2350997925, 96.8504257202, 97.4657592773, 98.0694732666, 98.6848068237, 99.288520813, 99.9038543701, 100.519180298, 101.122901917, 101.726615906, 102.341949463, 102.957275391, 103.572608948, 104.187934875, 104.803260803, 105.41859436, 106.033920288, 106.649246216, 107.252967834, 107.856689453, 108.472015381, 109.087341309, 109.691062927, 110.306388855, 110.921722412, 111.525436401, 112.140769958, 112.756095886, 113.371429443, 113.986755371, 114.59047699, 115.194190979, 115.809524536, 116.424850464, 117.05178833, 117.655509949, 118.270835876, 118.886169434, 119.489883423, 120.10521698, 120.720542908, 121.324264526, 121.951202393, 122.554916382, 123.181854248, 123.785575867, 124.389297485, 125.004623413, 125.619949341, 126.223670959, 126.850608826, 127.454330444, 128.069656372, 128.6849823, 129.288711548, 129.904037476, 130.519363403, 131.123077393, 131.73840332, 132.353744507, 132.969070435, 133.584396362, 134.188110352, 134.803451538, 135.418777466, 136.022491455, 136.626205444, 137.241546631, 137.856872559, 138.472198486, 139.087524414, 139.691238403, 140.30657959, 140.921905518, 141.537231445, 142.152557373, 142.767883301, 143.383224487, 143.986938477, 144.590652466, 145.205978394, 145.82131958, 146.436645508, 147.040359497, 147.655685425, 148.259414673, 148.874740601, 149.490066528, 150.093780518, 150.709106445, 151.324447632, 151.951385498, 152.578323364, 153.182037354, 153.785751343, 154.389480591, 154.99319458, 155.608520508, 156.223846436, 156.839187622, 157.442901611, 158.058227539, 158.673553467, 159.288879395, 159.892608643, 160.50793457, 161.123260498, 161.738586426, 162.353912354, 162.957641602, 163.572967529, 164.188293457, 164.803619385, 165.418960571, 166.034286499, 166.638000488, 167.253326416, 167.868652344, 168.48399353, 169.08770752, 169.703033447, 170.318359375, 170.922088623, 171.537414551, 172.152740479, 172.756454468, 173.371795654, 173.987121582, 174.590835571, 175.206161499, 175.821487427, 176.425216675, 177.040542603, 177.65586853, 178.271194458, 178.886520386, 179.501861572, 180.1171875, 180.720901489, 181.324615479, 181.951568604, 182.555282593, 183.170608521, 183.785934448, 184.401260376, 185.004989624, 185.620315552, 186.224029541, 186.839355469, 187.454696655, 188.058410645, 188.673736572, 189.2890625, 189.916000366, 190.519729614, 191.135055542, 191.738769531, 192.354095459, 192.969436646, 193.584762573, 194.200088501, 194.792190552, 195.419128418, 196.034469604, 196.649795532, 197.253509521, 197.880447388, 198.484161377, 199.087890625, 199.703216553, 200.31854248, 200.933868408, 201.549209595, 202.152923584, 202.768249512, 203.383575439, 203.987304688, 204.602630615, 205.217956543, 205.821670532, 206.42539978, 207.02911377, 207.644439697, 208.259765625, 208.875091553, 209.490432739, 210.105758667, 210.721084595, 211.336410522, 211.928527832, 212.54385376, 213.159179688, 213.774505615, 214.389831543, 214.993560791, 215.59727478, 216.212600708, 216.827926636, 217.443267822, 218.05859375, 218.673919678, 219.289245605, 219.904571533, 220.51991272, 221.123626709, 221.727340698, 222.342666626, 222.958007813, 223.561721802, 224.188659668, 224.792373657, 225.419311523, 226.034637451, 226.649978638, 227.265304565, 227.880630493, 228.484344482, 229.08807373, 229.69178772, 230.307113647, 230.922439575, 231.537780762, 232.153106689, 232.756820679, 233.360534668, 233.975875854, 234.591201782, 235.20652771, 235.821853638, 236.425567627, 237.040908813, 237.656234741, 238.271560669, 238.886886597, 239.490600586, 240.094329834, 240.709655762, 241.324981689, 241.940307617, 242.544036865, 243.159362793, 243.774688721, 244.390014648, 245.005340576, 245.620681763, 246.224395752, 246.83972168, 247.455047607, 248.058776855, 248.674102783, 249.289428711, 249.8931427, 250.508468628, 251.123809814, 251.739135742, 252.35446167, 252.958175659, 253.561904907, 254.165618896, 254.792556763, 255.40788269, 256.023223877, 256.638549805, 257.253875732, 257.85760498, 258.461303711, 259.076629639, 259.691955566, 260.307312012, 260.922637939, 261.549560547, 262.153289795, 262.756988525, 263.360717773, 263.976043701, 264.591369629, 265.206695557, 265.822021484, 266.43737793, 267.04107666, 267.656402588, 268.260131836, 268.875457764, 269.490783691, 270.106109619, 270.721435547, 271.348388672, 271.95211792, 272.55581665, 273.171142578, 273.786468506, 274.390197754, 275.017150879, 275.620849609, 276.236175537, 276.851501465, 277.455230713, 278.070556641, 278.685882568, 279.289611816, 279.904937744, 280.520263672, 281.1355896, 281.750915527, 282.354644775, 282.969970703, 283.585296631, 284.189025879, 284.804351807, 285.419677734, 286.035003662, 286.65032959, 287.254058838, 287.869384766, 288.484710693, 289.088439941, 289.703765869, 290.319091797, 290.934417725, 291.549743652, 292.1534729, 292.768798828, 293.384124756, 293.987854004]
