
metadata:
    version:
        essentia: "2.1-beta2"
    audio_properties:
        analysis_sample_rate: 44100
        bitrate: 320
        channels: 2
        equal_loudness: 1
        length: 245.995101929
        replay_gain: -15.3862857819
        downmix: "mix"
    tags:
        album: "Immortalized"
        artist: "Disturbed"
        comment: ""
        date: ""
        genre: "Alternative Metal"
        title: "Fire It Up"
        tracknumber: "10"

configuration:
    average_loudness:
        compute: 1
        frameSize: 88200
        hopSize: 44100
        silentFrames: "noise"
        windowType: "hann"
    general:
        analysisSampleRate: 44100
        endTime: 2000
        equalLoudness: 1
        nequalLoudness: 0
        shortSound: 0
        startTime: 0
    lowlevel:
        compute: 1
        frameSize: 2048
        hopSize: 1024
        zeroPadding: 0
        silentFrames: "noise"
        windowType: "blackmanharris62"
        mfccStats: ["mean", "cov", "icov"]
        stats: ["mean", "var", "median", "min", "max", "dmean", "dmean2", "dvar", "dvar2"]
    panning:
        compute: 0
        frameSize: 8192
        hopSize: 2048
        zeroPadding: 8192
        silentFrames: "noise"
        windowType: "hann"
        stats: ["copy"]
    rhythm:
        compute: 1
        maxTempo: 208
        minTempo: 40
        method: "degara"
        stats: ["mean", "var", "median", "min", "max", "dmean", "dmean2", "dvar", "dvar2"]
    segmentation:
        compute: 0
        cpw: 5
        inc1: 300
        inc2: 50
        minimumSegmentsLength: 10
        size1: 1000
        size2: 600
    sfx:
        compute: 1
        stats: ["mean", "var", "median", "min", "max", "dmean", "dmean2", "dvar", "dvar2"]
    svm:
        compute: 0
    tonal:
        compute: 1
        frameSize: 4096
        hopSize: 2048
        zeroPadding: 0
        silentFrames: "noise"
        windowType: "blackmanharris62"
        stats: ["mean", "var", "median", "min", "max", "dmean", "dmean2", "dvar", "dvar2"]

lowlevel:
    average_loudness: 0.892875552177
    barkbands_kurtosis:
        dmean: 1.05935513973
        dmean2: 1.76800274849
        dvar: 5.73150396347
        dvar2: 15.2152614594
        max: 95.0296783447
        mean: -0.204104885459
        median: -0.930032730103
        min: -1.90621447563
        var: 7.21261358261
    barkbands_skewness:
        dmean: 0.497202724218
        dmean2: 0.790669023991
        dvar: 0.274485677481
        dvar2: 0.677512407303
        max: 8.10168266296
        mean: 0.0615639127791
        median: -0.119638420641
        min: -4.43942213058
        var: 0.922226965427
    barkbands_spread:
        dmean: 6.49410533905
        dmean2: 10.5686330795
        dvar: 37.4268417358
        dvar2: 93.8511581421
        max: 80.4824523926
        mean: 32.0669517517
        median: 32.8768310547
        min: 0.67723441124
        var: 125.61971283
    dissonance:
        dmean: 0.0118343699723
        dmean2: 0.0203086808324
        dvar: 0.000199458489078
        dvar2: 0.000556508719455
        max: 0.500000059605
        mean: 0.482197314501
        median: 0.487240672112
        min: 0.256695747375
        var: 0.000309774128255
    hfc:
        dmean: 2.33737659454
        dmean2: 3.84047532082
        dvar: 11.1930885315
        dvar2: 29.534368515
        max: 40.4195137024
        mean: 7.83484792709
        median: 6.87389850616
        min: 1.13867817005e-016
        var: 36.8729248047
    pitch:
        dmean: 904.301574707
        dmean2: 1728.8614502
        dvar: 1756767.875
        dvar2: 4300938.5
        max: 5244.13769531
        mean: 1376.41149902
        median: 398.371582031
        min: 61.1659126282
        var: 2324417
    pitch_instantaneous_confidence:
        dmean: 0.0821466520429
        dmean2: 0.135756552219
        dvar: 0.00537030538544
        dvar2: 0.0136555703357
        max: 0.97787129879
        mean: 0.326881110668
        median: 0.302595078945
        min: 0.118093788624
        var: 0.0140971736982
    pitch_salience:
        dmean: 0.0737977325916
        dmean2: 0.123096235096
        dvar: 0.00479069026187
        dvar2: 0.0125542627648
        max: 0.998848080635
        mean: 0.668432176113
        median: 0.684738099575
        min: 0.158346042037
        var: 0.00908114854246
    silence_rate_20dB:
        dmean: 0
        dmean2: 0
        dvar: 0
        dvar2: 0
        max: 1
        mean: 1
        median: 1
        min: 1
        var: 0
    silence_rate_30dB:
        dmean: 0
        dmean2: 0
        dvar: 0
        dvar2: 0
        max: 1
        mean: 1
        median: 1
        min: 1
        var: 0
    silence_rate_60dB:
        dmean: 0.0715431794524
        dmean2: 0.143099874258
        dvar: 0.0664305314422
        dvar2: 0.14076346159
        max: 1
        mean: 0.318893909454
        median: 0
        min: 0
        var: 0.217198655009
    spectral_centroid:
        dmean: 348.721343994
        dmean2: 562.07244873
        dvar: 132799.390625
        dvar2: 326184.9375
        max: 10962.6630859
        mean: 1749.72399902
        median: 1805.13989258
        min: 202.890640259
        var: 439730.53125
    spectral_complexity:
        dmean: 4.34695625305
        dmean2: 6.92316389084
        dvar: 25.6649513245
        dvar2: 62.5424194336
        max: 50
        mean: 15.6517553329
        median: 15
        min: 0
        var: 121.146255493
    spectral_crest:
        dmean: 2.09684419632
        dmean2: 3.4996445179
        dvar: 4.16889953613
        dvar2: 10.6984300613
        max: 26.4037647247
        mean: 6.58375930786
        median: 5.72422885895
        min: 2.22350788116
        var: 9.0253534317
    spectral_decrease:
        dmean: 2.88177787189e-010
        dmean2: 4.48601211733e-010
        dvar: 1.75898923284e-019
        dvar2: 4.12642176349e-019
        max: 2.14554764799e-029
        mean: -9.97202320718e-010
        median: -1.0106613324e-009
        min: -4.08447764499e-009
        var: 4.74318184537e-019
    spectral_energy:
        dmean: 0.00124897924252
        dmean2: 0.00194119871594
        dvar: 3.0728292586e-006
        dvar2: 7.25364088794e-006
        max: 0.0166778136045
        mean: 0.00447431299835
        median: 0.00450635701418
        min: 1.05403594568e-020
        var: 9.23353036342e-006
    spectral_energyband_high:
        dmean: 0.000206248296308
        dmean2: 0.000356629403541
        dvar: 1.15854859928e-007
        dvar2: 3.21640470702e-007
        max: 0.00667728297412
        mean: 0.000436958041973
        median: 0.000325088854879
        min: 7.36885286081e-021
        var: 1.89693452057e-007
    spectral_energyband_low:
        dmean: 0.00032395881135
        dmean2: 0.000547774136066
        dvar: 2.35455360098e-007
        dvar2: 6.30492422715e-007
        max: 0.00539604388177
        mean: 0.000527103838976
        median: 0.000377833202947
        min: 4.31132048454e-023
        var: 3.62368126616e-007
    spectral_energyband_middle_high:
        dmean: 0.00061113294214
        dmean2: 0.000969028449617
        dvar: 5.71262432913e-007
        dvar2: 1.42242129186e-006
        max: 0.0106467241421
        mean: 0.00222960114479
        median: 0.00190983270295
        min: 1.467021881e-021
        var: 3.19250762004e-006
    spectral_energyband_middle_low:
        dmean: 0.000756411696784
        dmean2: 0.00119701353833
        dvar: 2.04974776352e-006
        dvar2: 4.87199076815e-006
        max: 0.0140502648428
        mean: 0.00142403657082
        median: 0.000961635494605
        min: 2.82973645842e-022
        var: 3.18371940011e-006
    spectral_flatness_db:
        dmean: 0.0170980449766
        dmean2: 0.0274769999087
        dvar: 0.000302406901028
        dvar2: 0.000748385093175
        max: 0.384755909443
        mean: 0.145608976483
        median: 0.134862273932
        min: 0.0547226667404
        var: 0.00179666071199
    spectral_flux:
        dmean: 0.0077097043395
        dmean2: 0.0117871332914
        dvar: 9.26192806219e-005
        dvar2: 0.000209805264603
        max: 0.110312975943
        mean: 0.0386633910239
        median: 0.0409983620048
        min: 6.68364252832e-011
        var: 0.000409334548749
    spectral_kurtosis:
        dmean: 1.07476687431
        dmean2: 1.82361364365
        dvar: 2.16168165207
        dvar2: 6.42504167557
        max: 31.1400032043
        mean: 3.30409550667
        median: 2.76937389374
        min: -1.20846951008
        var: 6.60995531082
    spectral_rms:
        dmean: 0.000264693546342
        dmean2: 0.000399890035624
        dvar: 1.06494979946e-007
        dvar2: 2.33618621337e-007
        max: 0.00403373735026
        mean: 0.00187996134628
        median: 0.00209677033126
        min: 3.20675495706e-012
        var: 8.30914132166e-007
    spectral_rolloff:
        dmean: 507.444702148
        dmean2: 847.615905762
        dvar: 435504.3125
        dvar2: 1044173.875
        max: 18970.7519531
        mean: 3289.17700195
        median: 3552.97851563
        min: 172.265625
        var: 1063135.75
    spectral_skewness:
        dmean: 0.175192952156
        dmean2: 0.288425981998
        dvar: 0.0352453291416
        dvar2: 0.0919581577182
        max: 4.28155994415
        mean: 1.29710590839
        median: 1.24701857567
        min: -0.114936448634
        var: 0.168548509479
    spectral_spread:
        dmean: 460315.78125
        dmean2: 688917.375
        dvar: 402310955008
        dvar2: 793798049792
        max: 40273376
        mean: 4713261.5
        median: 4640556
        min: 1367426
        var: 2.12075846042e+012
    spectral_strongpeak:
        dmean: 0.380090892315
        dmean2: 0.653583407402
        dvar: 0.395388573408
        dvar2: 1.08149123192
        max: 10.7014684677
        mean: 0.506749212742
        median: 0.198842376471
        min: 9.25387377837e-010
        var: 0.543804109097
    zerocrossingrate:
        dmean: 0.00972023047507
        dmean2: 0.0120617542416
        dvar: 9.15951241041e-005
        dvar2: 0.000126456070575
        max: 0.5029296875
        mean: 0.0990952849388
        median: 0.10205078125
        min: 0.0166015625
        var: 0.000835679064039
    barkbands:
        dmean: [2.73451831845e-007, 7.31654436095e-005, 0.000220270681893, 0.000321180821629, 0.000359903497156, 0.00010089884745, 8.82372187334e-005, 6.17882542429e-005, 0.000102747704659, 7.6844538853e-005, 8.07090254966e-005, 9.02339525055e-005, 9.59472890827e-005, 0.00011025245476, 8.96846686373e-005, 9.0098765213e-005, 0.000118157331599, 0.000130299522425, 0.000210483660339, 0.000156156078447, 0.000115702794574, 3.26567715092e-005, 5.32391413799e-006, 2.65823632617e-006, 1.41245197938e-006, 4.46260841613e-008, 2.21027487979e-010]
        dmean2: [3.99803894879e-007, 0.000125577178551, 0.000367927161278, 0.000527918164153, 0.000594376411755, 0.000165571953403, 0.000144894045661, 0.000102253216028, 0.000167434875038, 0.000126618164359, 0.000132909364766, 0.00014650032972, 0.000154591645696, 0.000180188566446, 0.000147928818478, 0.000147505124914, 0.000194531443412, 0.000220499379793, 0.000347849883838, 0.000261388282524, 0.000202038994757, 5.79563638894e-005, 9.24823962123e-006, 4.28637122241e-006, 2.27817531595e-006, 7.39488967838e-008, 3.96974314532e-010]
        dvar: [2.49306705922e-013, 1.1573050962e-008, 1.34464968937e-007, 4.33692434854e-007, 6.36410618426e-007, 3.43630404132e-008, 3.08709218189e-008, 1.47112624305e-008, 2.75537903605e-008, 1.36136728557e-008, 2.72282161262e-008, 3.15739043799e-008, 3.11427861277e-008, 4.32856595012e-008, 3.37521655069e-008, 3.55567841837e-008, 3.38066357131e-008, 3.97104820138e-008, 7.99323345291e-008, 5.04930568468e-008, 3.85639715716e-008, 4.03675981531e-009, 9.23401008435e-011, 2.71877347024e-011, 9.7164706836e-012, 1.07814698806e-014, 9.92882596082e-020]
        dvar2: [5.10381775905e-013, 3.26385780625e-008, 3.48923293814e-007, 1.00578404272e-006, 1.67901544046e-006, 8.32242221804e-008, 7.56536877589e-008, 3.51400046839e-008, 7.03463527429e-008, 3.51370452734e-008, 7.19017307915e-008, 7.95384309527e-008, 7.74378108304e-008, 1.11346011522e-007, 9.01300296619e-008, 8.56264819049e-008, 9.09282960038e-008, 1.04683152813e-007, 2.14724991565e-007, 1.33107178613e-007, 1.08125540521e-007, 1.15771365827e-008, 2.53902676661e-010, 5.97890140175e-011, 2.13317263159e-011, 2.81035604673e-014, 3.03766699571e-019]
        max: [5.11173448103e-006, 0.00122923217714, 0.00445148255676, 0.00681184139103, 0.00900801457465, 0.00489933462813, 0.00366692105308, 0.00303262262605, 0.00379575788975, 0.0027433631476, 0.00392841221765, 0.00374098378234, 0.00289222877473, 0.00424409843981, 0.00553657999262, 0.00514214020222, 0.00578367197886, 0.00524825416505, 0.00485109165311, 0.0075243525207, 0.0036955755204, 0.00111392245162, 0.000128231433337, 0.000124534330098, 7.86424789112e-005, 3.03328579321e-006, 4.26524016106e-009]
        mean: [3.12446417183e-007, 0.000108091793663, 0.000303767737933, 0.000374087278033, 0.000457462330814, 0.000162385680596, 0.000125284699607, 8.94364275155e-005, 0.000167801365023, 0.000126324870507, 0.000132026558276, 0.000156997120939, 0.000163066724781, 0.000187174620805, 0.000161123898579, 0.000174289380084, 0.000235669445829, 0.000252712343354, 0.000467932200991, 0.000347495719325, 0.000212293380173, 5.12819897267e-005, 9.33791216085e-006, 5.26519033883e-006, 2.61922195932e-006, 7.49046051851e-008, 2.66191818588e-010]
        median: [7.35021856713e-008, 6.41619699309e-005, 0.000148789244122, 9.59012977546e-005, 0.000203623072593, 8.59010615386e-005, 5.43590649613e-005, 4.52003150713e-005, 9.89716281765e-005, 7.7871067333e-005, 5.70631527808e-005, 6.83854595991e-005, 7.09205633029e-005, 7.59333634051e-005, 8.24401649879e-005, 0.000109237444121, 0.000168354861671, 0.000180764589459, 0.000350537156919, 0.000265868497081, 0.000134724949021, 3.3508753404e-005, 5.64809852222e-006, 2.88532487502e-006, 1.31264619085e-006, 3.89097998266e-008, 1.43020081889e-010]
        min: [8.0313960315e-024, 1.16153670399e-023, 1.14617497892e-023, 2.73981647575e-023, 2.95016087187e-023, 4.13087707217e-023, 2.67780033346e-023, 5.54675933474e-023, 4.72041617692e-023, 5.17414845922e-023, 4.02868929268e-023, 4.95146186092e-023, 6.57653772932e-023, 1.6001941226e-022, 9.89826313161e-023, 1.10520006045e-022, 2.11690975377e-022, 2.12814275441e-022, 2.29596666422e-022, 1.99175551966e-022, 3.02888584544e-022, 6.48352686341e-022, 6.09504682016e-022, 6.92271059424e-022, 1.08128661932e-021, 1.42216066136e-021, 2.52134425008e-021]
        var: [3.55143160973e-013, 1.76416872222e-008, 1.92584778347e-007, 6.04630656653e-007, 6.79533741277e-007, 8.30230959536e-008, 5.33398889502e-008, 2.67962505518e-008, 5.54022996369e-008, 2.85800378919e-008, 6.17230213606e-008, 7.79879627544e-008, 6.62965504716e-008, 9.11489266286e-008, 7.23511277556e-008, 9.15506888077e-008, 7.05757017272e-008, 8.35054905224e-008, 2.2021727375e-007, 1.14051438516e-007, 6.04835150853e-008, 4.10391631789e-009, 1.32419020193e-010, 7.32199509357e-011, 2.19421425474e-011, 1.36325844751e-014, 1.23790422102e-019]
    frequency_bands:
        dmean: [2.73451831845e-007, 7.31654436095e-005, 0.000220270681893, 0.000321180821629, 0.000359903497156, 0.00010089884745, 8.82372187334e-005, 6.17882542429e-005, 0.000102747704659, 7.6844538853e-005, 8.07090254966e-005, 9.02339525055e-005, 9.59472890827e-005, 0.00011025245476, 8.96846686373e-005, 9.0098765213e-005, 0.000118157331599, 0.000130299522425, 0.000210483660339, 0.000156156078447, 0.000115702794574, 3.26567715092e-005, 5.32391413799e-006, 2.65823632617e-006, 1.41245197938e-006, 4.46260841613e-008, 2.21027487979e-010, 5.35193417361e-011]
        dmean2: [3.99803894879e-007, 0.000125577178551, 0.000367927161278, 0.000527918164153, 0.000594376411755, 0.000165571953403, 0.000144894045661, 0.000102253216028, 0.000167434875038, 0.000126618164359, 0.000132909364766, 0.00014650032972, 0.000154591645696, 0.000180188566446, 0.000147928818478, 0.000147505124914, 0.000194531443412, 0.000220499379793, 0.000347849883838, 0.000261388282524, 0.000202038994757, 5.79563638894e-005, 9.24823962123e-006, 4.28637122241e-006, 2.27817531595e-006, 7.39488967838e-008, 3.96974314532e-010, 9.95043908381e-011]
        dvar: [2.49306705922e-013, 1.1573050962e-008, 1.34464968937e-007, 4.33692434854e-007, 6.36410618426e-007, 3.43630404132e-008, 3.08709218189e-008, 1.47112624305e-008, 2.75537903605e-008, 1.36136728557e-008, 2.72282161262e-008, 3.15739043799e-008, 3.11427861277e-008, 4.32856595012e-008, 3.37521655069e-008, 3.55567841837e-008, 3.38066357131e-008, 3.97104820138e-008, 7.99323345291e-008, 5.04930568468e-008, 3.85639715716e-008, 4.03675981531e-009, 9.23401008435e-011, 2.71877347024e-011, 9.7164706836e-012, 1.07814698806e-014, 9.92882596082e-020, 7.0494432065e-021]
        dvar2: [5.10381775905e-013, 3.26385780625e-008, 3.48923293814e-007, 1.00578404272e-006, 1.67901544046e-006, 8.32242221804e-008, 7.56536877589e-008, 3.51400046839e-008, 7.03463527429e-008, 3.51370452734e-008, 7.19017307915e-008, 7.95384309527e-008, 7.74378108304e-008, 1.11346011522e-007, 9.01300296619e-008, 8.56264819049e-008, 9.09282960038e-008, 1.04683152813e-007, 2.14724991565e-007, 1.33107178613e-007, 1.08125540521e-007, 1.15771365827e-008, 2.53902676661e-010, 5.97890140175e-011, 2.13317263159e-011, 2.81035604673e-014, 3.03766699571e-019, 2.27193556291e-020]
        max: [5.11173448103e-006, 0.00122923217714, 0.00445148255676, 0.00681184139103, 0.00900801457465, 0.00489933462813, 0.00366692105308, 0.00303262262605, 0.00379575788975, 0.0027433631476, 0.00392841221765, 0.00374098378234, 0.00289222877473, 0.00424409843981, 0.00553657999262, 0.00514214020222, 0.00578367197886, 0.00524825416505, 0.00485109165311, 0.0075243525207, 0.0036955755204, 0.00111392245162, 0.000128231433337, 0.000124534330098, 7.86424789112e-005, 3.03328579321e-006, 4.26524016106e-009, 1.02502062393e-009]
        mean: [3.12446417183e-007, 0.000108091793663, 0.000303767737933, 0.000374087278033, 0.000457462330814, 0.000162385680596, 0.000125284699607, 8.94364275155e-005, 0.000167801365023, 0.000126324870507, 0.000132026558276, 0.000156997120939, 0.000163066724781, 0.000187174620805, 0.000161123898579, 0.000174289380084, 0.000235669445829, 0.000252712343354, 0.000467932200991, 0.000347495719325, 0.000212293380173, 5.12819897267e-005, 9.33791216085e-006, 5.26519033883e-006, 2.61922195932e-006, 7.49046051851e-008, 2.66191818588e-010, 4.1341142315e-011]
        median: [7.35021856713e-008, 6.41619699309e-005, 0.000148789244122, 9.59012977546e-005, 0.000203623072593, 8.59010615386e-005, 5.43590649613e-005, 4.52003150713e-005, 9.89716281765e-005, 7.7871067333e-005, 5.70631527808e-005, 6.83854595991e-005, 7.09205633029e-005, 7.59333634051e-005, 8.24401649879e-005, 0.000109237444121, 0.000168354861671, 0.000180764589459, 0.000350537156919, 0.000265868497081, 0.000134724949021, 3.3508753404e-005, 5.64809852222e-006, 2.88532487502e-006, 1.31264619085e-006, 3.89097998266e-008, 1.43020081889e-010, 1.18234623481e-011]
        min: [8.0313960315e-024, 1.16153670399e-023, 1.14617497892e-023, 2.73981647575e-023, 2.95016087187e-023, 4.13087707217e-023, 2.67780033346e-023, 5.54675933474e-023, 4.72041617692e-023, 5.17414845922e-023, 4.02868929268e-023, 4.95146186092e-023, 6.57653772932e-023, 1.6001941226e-022, 9.89826313161e-023, 1.10520006045e-022, 2.11690975377e-022, 2.12814275441e-022, 2.29596666422e-022, 1.99175551966e-022, 3.02888584544e-022, 6.48352686341e-022, 6.09504682016e-022, 6.92271059424e-022, 1.08128661932e-021, 1.42216066136e-021, 2.52134425008e-021, 5.65208261544e-022]
        var: [3.55143160973e-013, 1.76416872222e-008, 1.92584778347e-007, 6.04630656653e-007, 6.79533741277e-007, 8.30230959536e-008, 5.33398889502e-008, 2.67962505518e-008, 5.54022996369e-008, 2.85800378919e-008, 6.17230213606e-008, 7.79879627544e-008, 6.62965504716e-008, 9.11489266286e-008, 7.23511277556e-008, 9.15506888077e-008, 7.05757017272e-008, 8.35054905224e-008, 2.2021727375e-007, 1.14051438516e-007, 6.04835150853e-008, 4.10391631789e-009, 1.32419020193e-010, 7.32199509357e-011, 2.19421425474e-011, 1.36325844751e-014, 1.23790422102e-019, 5.49226116309e-021]
    mfcc:
        mean: [-744.04510498, 88.5856704712, -46.8592720032, 41.054901123, -15.1678667068, -2.10450077057, 4.9383020401, -6.23663043976, -2.03507709503, -4.04806852341, -5.33432483673, -5.45074224472, -6.76436424255]
        cov: [[21393.8828125, 3415.4909668, -2207.15014648, 2380.48925781, -265.651641846, 720.452636719, 741.442687988, 41.9140968323, 130.315200806, -6.26335477829, -136.74647522, -291.049468994, -350.116333008], [3415.4909668, 1403.31030273, -365.231170654, 664.367980957, 35.8677787781, 129.159454346, 160.464950562, 18.9534282684, 67.5665435791, -46.7295646667, 4.25864362717, -45.2727088928, 8.68709468842], [-2207.15014648, -365.231170654, 956.204406738, -178.417160034, 230.938766479, 50.6047706604, -62.5639381409, 110.233787537, 37.544090271, 18.8717098236, 31.0411224365, 26.5320606232, 58.3877601624], [2380.48925781, 664.367980957, -178.417160034, 610.158691406, 105.706604004, 158.548858643, 129.4815979, 63.6193199158, 97.2111587524, -29.8301906586, 26.2688674927, -26.5242004395, 11.0888681412], [-265.651641846, 35.8677787781, 230.938766479, 105.706604004, 270.830169678, 92.8796844482, 32.5893363953, 51.5266151428, 51.8098640442, 37.587310791, 13.1713428497, 16.4661388397, 37.112197876], [720.452636719, 129.159454346, 50.6047706604, 158.548858643, 92.8796844482, 208.550750732, 129.292984009, 90.0967178345, 51.4192237854, 19.5222129822, 28.2417736053, 4.97240447998, 11.8543653488], [741.442687988, 160.464950562, -62.5639381409, 129.4815979, 32.5893363953, 129.292984009, 195.893768311, 96.7503814697, 45.4715881348, 23.0857028961, 33.1268119812, 23.4488868713, 11.6725654602], [41.9140968323, 18.9534282684, 110.233787537, 63.6193199158, 51.5266151428, 90.0967178345, 96.7503814697, 157.454559326, 66.4342651367, 13.349896431, 33.1980171204, 20.4246444702, 28.3203334808], [130.315200806, 67.5665435791, 37.544090271, 97.2111587524, 51.8098640442, 51.4192237854, 45.4715881348, 66.4342651367, 115.818214417, 32.8452110291, 32.8692207336, 10.6238641739, 24.3654899597], [-6.26335477829, -46.7295646667, 18.8717098236, -29.8301906586, 37.587310791, 19.5222129822, 23.0857028961, 13.349896431, 32.8452110291, 121.58807373, 27.0992774963, 26.2430858612, 1.19613814354], [-136.74647522, 4.25864362717, 31.0411224365, 26.2688674927, 13.1713428497, 28.2417736053, 33.1268119812, 33.1980171204, 32.8692207336, 27.0992774963, 72.9926528931, 33.566822052, 29.9144325256], [-291.049468994, -45.2727088928, 26.5320606232, -26.5242004395, 16.4661388397, 4.97240447998, 23.4488868713, 20.4246444702, 10.6238641739, 26.2430858612, 33.566822052, 75.6766662598, 39.418170929], [-350.116333008, 8.68709468842, 58.3877601624, 11.0888681412, 37.112197876, 11.8543653488, 11.6725654602, 28.3203334808, 24.3654899597, 1.19613814354, 29.9144325256, 39.418170929, 85.2569274902]]
        icov: [[0.000153827350005, -0.0001167454393, 0.000131051390781, -0.000454807654023, 0.000294273835607, -0.000313057389576, -8.05388772278e-005, -2.49569922062e-007, 0.00018476236437, -0.000344986183336, 0.000396614806959, 4.23982637585e-005, 0.00033282127697], [-0.0001167454393, 0.00174388790037, -1.92734023585e-005, -0.00151638651732, 7.68195823184e-005, 0.000687095453031, -0.000784368545283, 0.000515849154908, 0.000161441479577, 7.9715900938e-005, 0.0001376990258, 0.000504569034092, -0.000968487176578], [0.000131051390781, -1.92734023585e-005, 0.00213554804213, 0.000498178647831, -0.00153745780699, -0.000867497816216, 0.00151274341624, -0.00173938088119, 0.000246800016612, 0.000288091192488, -0.000558285915758, 0.000355924014002, 0.000130122061819], [-0.000454807654023, -0.00151638651732, 0.000498178647831, 0.00656336499378, -0.00271186837927, -0.000916078803129, 0.000646860396955, -0.000183974058018, -0.00291945110075, 0.00308095128275, -0.00275048380718, 0.000610359827988, -0.000153644999955], [0.000294273835607, 7.68195823184e-005, -0.00153745780699, -0.00271186837927, 0.00750669557601, -0.00241845101118, -3.39940124832e-005, 0.000998821109533, -0.000209912264836, -0.00296107167378, 0.00341217080131, -0.000676975178067, -0.00143495062366], [-0.000313057389576, 0.000687095453031, -0.000867497816216, -0.000916078803129, -0.00241845101118, 0.0116723570973, -0.00567014422268, -0.00136972242035, 0.000253555044765, 0.000163163189427, -0.00173458270729, 0.00193020957522, -0.000339837395586], [-8.05388772278e-005, -0.000784368545283, 0.00151274341624, 0.000646860396955, -3.39940124832e-005, -0.00567014422268, 0.0131617486477, -0.00586785748601, 0.000791300320998, -0.000560043612495, -0.00128617708106, -0.00322179542854, 0.0013020071201], [-2.49569922062e-007, 0.000515849154908, -0.00173938088119, -0.000183974058018, 0.000998821109533, -0.00136972242035, -0.00586785748601, 0.0140231037512, -0.00523673929274, 0.00141794036608, -9.8393400549e-005, -0.000277763640042, -0.00129790371284], [0.00018476236437, 0.000161441479577, 0.000246800016612, -0.00291945110075, -0.000209912264836, 0.000253555044765, 0.000791300320998, -0.00523673929274, 0.0154882194474, -0.0043694768101, -0.00236392999068, 0.0023056557402, -0.00196133297868], [-0.000344986183336, 7.9715900938e-005, 0.000288091192488, 0.00308095128275, -0.00296107167378, 0.000163163189427, -0.000560043612495, 0.00141794036608, -0.0043694768101, 0.0125820366666, -0.00418757228181, -0.00328323175199, 0.00290859234519], [0.000396614806959, 0.0001376990258, -0.000558285915758, -0.00275048380718, 0.00341217080131, -0.00173458270729, -0.00128617708106, -9.8393400549e-005, -0.00236392999068, -0.00418757228181, 0.0231131594628, -0.00616121245548, -0.00320742768236], [4.23982637585e-005, 0.000504569034092, 0.000355924014002, 0.000610359827988, -0.000676975178067, 0.00193020957522, -0.00322179542854, -0.000277763640042, 0.0023056557402, -0.00328323175199, -0.00616121245548, 0.0229402910918, -0.0086981728673], [0.00033282127697, -0.000968487176578, 0.000130122061819, -0.000153644999955, -0.00143495062366, -0.000339837395586, 0.0013020071201, -0.00129790371284, -0.00196133297868, 0.00290859234519, -0.00320742768236, -0.0086981728673, 0.0197170134634]]
    sccoeffs:
        dmean: [0.0616945363581, 0.0454553291202, 0.0373451709747, 0.0283577144146, 0.0183147396892, 0.0194972362369]
        dmean2: [0.101390816271, 0.0761755034328, 0.0625496506691, 0.0471463985741, 0.0305641405284, 0.0311532616615]
        dvar: [0.00253159785643, 0.0013396658469, 0.000858101935592, 0.000541539106052, 0.000231918893405, 0.000393466209061]
        dvar2: [0.00661835726351, 0.00364565267228, 0.00237530027516, 0.00145188393071, 0.000619893951807, 0.000910878181458]
        max: [-0.214207544923, -0.462505221367, -0.49852669239, -0.594369471073, -0.692983627319, -0.463291555643]
        mean: [-0.648405373096, -0.791211545467, -0.804740965366, -0.804492235184, -0.816625952721, -0.754717230797]
        median: [-0.658556461334, -0.796873986721, -0.809278726578, -0.807989656925, -0.812880396843, -0.75850212574]
        min: [-0.970560967922, -0.996444582939, -0.998676300049, -0.988595485687, -0.989249587059, -0.959537029266]
        var: [0.0115259187296, 0.00435867393389, 0.00309346197173, 0.00284669338726, 0.00142486672848, 0.00339003861882]
    scvalleys:
        dmean: [0.448303759098, 0.422090411186, 0.359114617109, 0.281892865896, 0.247473701835, 0.28625831008]
        dmean2: [0.721830666065, 0.688986778259, 0.575044393539, 0.447431832552, 0.381646633148, 0.427504748106]
        dvar: [0.160375937819, 0.164091393352, 0.127766296268, 0.0796638727188, 0.0807016789913, 0.169997051358]
        dvar2: [0.353282660246, 0.416571468115, 0.304202526808, 0.173448577523, 0.167990893126, 0.348191052675]
        max: [-5.39616823196, -4.83002281189, -5.22752714157, -5.50025033951, -5.51577854156, -7.64023208618]
        mean: [-7.7896566391, -7.12221240997, -7.22254037857, -7.46118211746, -7.36328220367, -10.1137056351]
        median: [-6.7040271759, -6.55059671402, -6.57771110535, -6.80728292465, -6.65899372101, -9.37628555298]
        min: [-27.1292152405, -27.2668609619, -27.6658935547, -27.4305973053, -27.1590843201, -27.2534160614]
        var: [5.41962862015, 3.09251070023, 3.43790555, 3.42267417908, 3.65826869011, 3.95777964592]

rhythm:
    beats_loudness:
        dmean: 0.00249209231697
        dmean2: 0.00446761958301
        dvar: 5.55766382604e-006
        dvar2: 1.78746558959e-005
        max: 0.0131405806169
        mean: 0.00598731543869
        median: 0.00624036882073
        min: 1.16186879562e-010
        var: 1.04038535937e-005
    bpm: 99.0026626587
    bpm_confidence: 0
    first_peak_bpm: 99
    first_peak_spread: 0.107296094298
    first_peak_weight: 0.460177004337
    onset_rate: 3.34966039658
    second_peak_bpm: 133
    second_peak_spread: 0.374269008636
    second_peak_weight: 0.236725658178
    beats_loudness_band_ratio:
        dmean: [0.206953689456, 0.0753011927009, 0.0671478509903, 0.0893073379993, 0.11777933687, 0.104235686362]
        dmean2: [0.36832883954, 0.133542701602, 0.11532343924, 0.156358674169, 0.20521710813, 0.182976841927]
        dvar: [0.0326277017593, 0.00525697879493, 0.00653402041644, 0.0106552513316, 0.0104665532708, 0.00776447122917]
        dvar2: [0.103619247675, 0.0143202841282, 0.0174893252552, 0.0285109486431, 0.0292829480022, 0.0232722368091]
        max: [0.849712312222, 0.700606584549, 0.906963765621, 0.95696657896, 0.712405741215, 0.692338466644]
        mean: [0.292786002159, 0.112233787775, 0.107874423265, 0.133255496621, 0.201141506433, 0.206190928817]
        median: [0.234212875366, 0.0995045602322, 0.075709618628, 0.0985968932509, 0.176696002483, 0.184256523848]
        min: [5.21097217643e-006, 0.00042409231537, 0.00650868052617, 0.0138375246897, 0.00784214772284, 0.00364674953744]
        var: [0.05664980039, 0.00772264041007, 0.013740606606, 0.0131135061383, 0.0174642857164, 0.0144330123439]
    beats_position: [0.568888902664, 1.16099774837, 1.764716506, 2.36843538284, 2.96054410934, 3.54104304314, 4.12154197693, 4.71365070343, 5.2941493988, 5.87464857101, 6.45514726639, 7.03564596176, 7.6277551651, 8.23147392273, 8.82358264923, 9.38086128235, 9.93814086914, 10.5534696579, 11.1687984467, 11.7725172043, 12.3530158997, 12.9219045639, 13.4907932281, 14.0480718613, 14.6053514481, 15.1742401123, 15.7431287766, 16.3120174408, 16.8809070587, 17.4614048004, 18.1463947296, 18.8313827515, 19.5047607422, 20.1781406403, 20.8050785065, 21.4204082489, 22.035736084, 22.6046257019, 23.1619052887, 23.7191829681, 24.3345127106, 24.9498405457, 25.5651702881, 26.1921081543, 26.8074378967, 27.4227657318, 28.0380954742, 28.6534233093, 29.2571430206, 29.8608608246, 30.4645805359, 31.079908371, 31.6836280823, 32.2873458862, 32.9026756287, 33.5063934326, 34.1101112366, 34.7138328552, 35.3175506592, 35.9212684631, 36.5249862671, 37.1287078857, 37.7324256897, 38.3361434937, 38.9514732361, 39.55519104, 40.1705207825, 40.7742385864, 41.3779602051, 41.981678009, 42.585395813, 43.1891136169, 43.7928352356, 44.3965530396, 45.0002708435, 45.6156005859, 46.2309303284, 46.8346481323, 47.4383659363, 48.0420837402, 48.6458053589, 49.2495231628, 49.8532409668, 50.4569587708, 51.0722885132, 51.6760063171, 52.2913360596, 52.8950538635, 53.4987754822, 54.1024932861, 54.7178230286, 55.3215408325, 55.936870575, 56.5405883789, 57.1443061829, 57.7480278015, 58.3517456055, 58.9554634094, 59.5591812134, 60.162902832, 60.766620636, 61.3703384399, 61.9856681824, 62.5893859863, 63.2047157288, 63.8084335327, 64.4121551514, 65.0158691406, 65.6195907593, 66.2233123779, 66.8270263672, 67.4307479858, 68.0460739136, 68.6497955322, 69.26512146, 69.8688430786, 70.4725646973, 71.0762786865, 71.6800003052, 72.2837142944, 72.8874359131, 73.4911575317, 74.094871521, 74.7102050781, 75.3255310059, 75.9292526245, 76.5329666138, 77.1366882324, 77.7404098511, 78.3441238403, 78.9594573975, 79.5631713867, 80.1668930054, 80.7706069946, 81.3859405518, 81.9896621704, 82.5933761597, 83.1970977783, 83.8008117676, 84.4045333862, 85.0082550049, 85.6119689941, 86.2156906128, 86.8194122314, 87.4231262207, 88.0384597778, 88.6421737671, 89.2575073242, 89.8612213135, 90.4649429321, 91.0686569214, 91.67237854, 92.2761001587, 92.8798141479, 93.4835357666, 94.0872573853, 94.702583313, 95.3179092407, 95.9216308594, 96.525352478, 97.1290664673, 97.7327880859, 98.3481140137, 98.9634475708, 99.5671615601, 100.170883179, 100.774604797, 101.378318787, 101.982040405, 102.585754395, 103.189476013, 103.793197632, 104.396911621, 105.00063324, 105.604354858, 106.208068848, 106.811790466, 107.438728333, 108.042449951, 108.64616394, 109.249885559, 109.853607178, 110.468933105, 111.084259033, 111.687980652, 112.291702271, 112.89541626, 113.499137878, 114.102851868, 114.706573486, 115.321899414, 115.914009094, 116.517730713, 117.133056641, 117.736778259, 118.352104187, 118.955825806, 119.559547424, 120.151649475, 120.766983032, 121.370697021, 121.97441864, 122.578140259, 123.181854248, 123.785575867, 124.389297485, 125.004623413, 125.619949341, 126.223670959, 126.827392578, 127.431106567, 128.034820557, 128.638549805, 129.242263794, 129.845977783, 130.449707031, 131.065032959, 131.680358887, 132.284072876, 132.887802124, 133.491516113, 134.095230103, 134.698959351, 135.314285278, 135.929611206, 136.533325195, 137.137054443, 137.740768433, 138.344482422, 138.959823608, 139.575149536, 140.190475464, 140.805801392, 141.432739258, 142.071289063, 142.709838867, 143.336776733, 143.9637146, 144.579040527, 145.205978394, 145.844528198, 146.483078003, 147.110015869, 147.736953735, 148.352294922, 148.956008911, 149.5597229, 150.16343689, 150.767166138, 151.382492065, 151.997817993, 152.601531982, 153.20526123, 153.797363281, 154.401092529, 154.853881836, 155.318267822, 155.782669067, 156.223846436, 156.665023804, 157.11781311, 157.570602417, 158.035003662, 158.499404907, 158.952194214, 159.404983521, 159.857772827, 160.310562134, 160.774963379, 161.227752686, 161.680541992, 162.133331299, 162.586120605, 163.038909912, 163.491699219, 163.956100464, 164.408889771, 164.861679077, 165.314468384, 165.76725769, 166.220046997, 166.672836304, 167.137237549, 167.590026855, 168.042816162, 168.507202148, 168.971603394, 169.436004639, 169.900405884, 170.376419067, 170.852416992, 171.340042114, 171.804443359, 172.268844604, 172.721633911, 173.186035156, 173.650421143, 174.103210449, 174.555999756, 175.008789063, 175.461578369, 175.914367676, 176.378768921, 176.843170166, 177.295959473, 177.748748779, 178.189926147, 178.642715454, 179.095504761, 179.548294067, 180.001083374, 180.453872681, 180.906661987, 181.371063232, 181.835464478, 182.288253784, 182.741043091, 183.193832397, 183.646621704, 184.099411011, 184.552200317, 185.004989624, 185.457778931, 185.910568237, 186.363357544, 186.827758789, 187.268936157, 187.733337402, 188.197723389, 188.650512695, 189.103302002, 189.54447937, 189.985671997, 190.450057983, 190.914459229, 191.367248535, 191.820037842, 192.284439087, 192.737228394, 193.1900177, 193.654418945, 194.095596313, 194.536773682, 194.989562988, 195.442352295, 195.90675354, 196.371154785, 196.823944092, 197.276733398, 197.729522705, 198.182312012, 198.646713257, 199.099502563, 199.55229187, 200.005081177, 200.457870483, 200.91065979, 201.363449097, 201.827835083, 202.292236328, 202.745025635, 203.197814941, 203.650604248, 204.103393555, 204.556182861, 205.008972168, 205.461761475, 205.914550781, 206.355728149, 206.808517456, 207.261306763, 207.714096069, 208.178497314, 208.64289856, 209.095687866, 209.548477173, 210.001266479, 210.465667725, 210.918457031, 211.371246338, 211.824035645, 212.276824951, 212.741226196, 213.194015503, 213.64680481, 214.099594116, 214.552383423, 215.016769409, 215.469558716, 215.922348022, 216.375137329, 216.827926636, 217.280715942, 217.745117188, 218.221130371, 218.697143555, 219.184753418, 219.67237854, 220.148391724, 220.61277771, 221.077178955, 221.529968262, 221.982757568, 222.435546875, 222.888336182, 223.341125488, 223.793914795, 224.25831604, 224.722717285, 225.163894653, 225.61668396, 226.069473267, 226.533874512, 226.986663818, 227.439453125, 227.892242432, 228.345031738, 228.821044922, 229.297042847, 229.77305603, 230.260681152, 230.748291016, 231.212692261, 231.665481567, 232.129882813, 232.594284058, 233.035461426, 233.488250732, 233.941040039, 234.393829346, 234.846618652, 235.311019897, 235.752197266, 236.216598511, 236.680999756, 237.122177124, 237.586578369, 238.062576294, 238.538589478, 239.002990723, 239.479003906, 239.96661377, 240.442626953, 240.930252075, 241.394638062, 241.870651245, 242.346664429, 242.822677612, 243.298675537, 243.786300659, 244.273925781, 244.761535645, 245.249160767]
