
metadata:
    version:
        essentia: "2.1-beta2"
    audio_properties:
        analysis_sample_rate: 44100
        bitrate: 320
        channels: 2
        equal_loudness: 1
        length: 259.709381104
        replay_gain: -14.7389240265
        downmix: "mix"
    tags:
        album: "Deceiver Of The Gods"
        artist: "Amon Amarth"
        comment: ""
        date: "2013"
        genre: "Death Metal"
        title: "Father Of The Wolf"
        tracknumber: "03"

configuration:
    average_loudness:
        compute: 1
        frameSize: 88200
        hopSize: 44100
        silentFrames: "noise"
        windowType: "hann"
    general:
        analysisSampleRate: 44100
        endTime: 2000
        equalLoudness: 1
        nequalLoudness: 0
        shortSound: 0
        startTime: 0
    lowlevel:
        compute: 1
        frameSize: 2048
        hopSize: 1024
        zeroPadding: 0
        silentFrames: "noise"
        windowType: "blackmanharris62"
        mfccStats: ["mean", "cov", "icov"]
        stats: ["mean", "var", "median", "min", "max", "dmean", "dmean2", "dvar", "dvar2"]
    panning:
        compute: 0
        frameSize: 8192
        hopSize: 2048
        zeroPadding: 8192
        silentFrames: "noise"
        windowType: "hann"
        stats: ["copy"]
    rhythm:
        compute: 1
        maxTempo: 208
        minTempo: 40
        method: "degara"
        stats: ["mean", "var", "median", "min", "max", "dmean", "dmean2", "dvar", "dvar2"]
    segmentation:
        compute: 0
        cpw: 5
        inc1: 300
        inc2: 50
        minimumSegmentsLength: 10
        size1: 1000
        size2: 600
    sfx:
        compute: 1
        stats: ["mean", "var", "median", "min", "max", "dmean", "dmean2", "dvar", "dvar2"]
    svm:
        compute: 0
    tonal:
        compute: 1
        frameSize: 4096
        hopSize: 2048
        zeroPadding: 0
        silentFrames: "noise"
        windowType: "blackmanharris62"
        stats: ["mean", "var", "median", "min", "max", "dmean", "dmean2", "dvar", "dvar2"]

lowlevel:
    average_loudness: 0.928235352039
    barkbands_kurtosis:
        dmean: 0.625116050243
        dmean2: 1.0368039608
        dvar: 1.12452971935
        dvar2: 2.72690844536
        max: 32.8618507385
        mean: -0.880620181561
        median: -1.2458139658
        min: -1.88228058815
        var: 1.76908528805
    barkbands_skewness:
        dmean: 0.440276682377
        dmean2: 0.681180238724
        dvar: 0.176195219159
        dvar2: 0.392953187227
        max: 4.94199562073
        mean: -0.149665787816
        median: -0.219499588013
        min: -3.52022218704
        var: 0.629635691643
    barkbands_spread:
        dmean: 5.75735855103
        dmean2: 9.3241519928
        dvar: 26.4541511536
        dvar2: 65.8841323853
        max: 67.7190322876
        mean: 39.5779647827
        median: 39.6397285461
        min: 2.70056080818
        var: 81.5957183838
    dissonance:
        dmean: 0.00809371192008
        dmean2: 0.0138396304101
        dvar: 5.55472870474e-005
        dvar2: 0.000157393937116
        max: 0.500000119209
        mean: 0.487446337938
        median: 0.489425748587
        min: 0.424534231424
        var: 7.7694785432e-005
    hfc:
        dmean: 2.81315016747
        dmean2: 4.66564035416
        dvar: 11.2331886292
        dvar2: 29.9715328217
        max: 41.5851516724
        mean: 9.33450984955
        median: 8.49649047852
        min: 1.17428465582e-016
        var: 23.8884544373
    pitch:
        dmean: 1004.42315674
        dmean2: 1931.96154785
        dvar: 2051672.125
        dvar2: 4705052
        max: 4328.02490234
        mean: 2245.44042969
        median: 3563.38183594
        min: 68.8795089722
        var: 2788872.25
    pitch_instantaneous_confidence:
        dmean: 0.0759734585881
        dmean2: 0.12684597075
        dvar: 0.00375226931646
        dvar2: 0.0100725581869
        max: 0.875043034554
        mean: 0.369441896677
        median: 0.358475267887
        min: 0.110914230347
        var: 0.0149124953896
    pitch_salience:
        dmean: 0.0590997450054
        dmean2: 0.0970145389438
        dvar: 0.00282903434709
        dvar2: 0.00720183458179
        max: 0.901583850384
        mean: 0.682113647461
        median: 0.696343839169
        min: 0.19432926178
        var: 0.00582158006728
    silence_rate_20dB:
        dmean: 0
        dmean2: 0
        dvar: 0
        dvar2: 0
        max: 1
        mean: 1
        median: 1
        min: 1
        var: 0
    silence_rate_30dB:
        dmean: 0
        dmean2: 0
        dvar: 0
        dvar2: 0
        max: 1
        mean: 1
        median: 1
        min: 1
        var: 0
    silence_rate_60dB:
        dmean: 0.105498433113
        dmean2: 0.211015731096
        dvar: 0.0943558514118
        dvar2: 0.209596648812
        max: 1
        mean: 0.195512250066
        median: 0
        min: 0
        var: 0.157280191779
    spectral_centroid:
        dmean: 320.229034424
        dmean2: 498.226135254
        dvar: 93438.484375
        dvar2: 204311.078125
        max: 10896.0185547
        mean: 1921.62939453
        median: 1954.14257813
        min: 197.563674927
        var: 330124.53125
    spectral_complexity:
        dmean: 4.58292341232
        dmean2: 7.22049379349
        dvar: 17.5124912262
        dvar2: 40.1765785217
        max: 46
        mean: 18.2135696411
        median: 18
        min: 0
        var: 66.2197875977
    spectral_crest:
        dmean: 1.93907976151
        dmean2: 3.23685193062
        dvar: 3.76845622063
        dvar2: 9.59124469757
        max: 22.2591266632
        mean: 6.31571674347
        median: 5.64755344391
        min: 2.40759944916
        var: 6.51102399826
    spectral_decrease:
        dmean: 3.73878872306e-010
        dmean2: 6.38088526461e-010
        dvar: 3.58101402275e-019
        dvar2: 9.73312614313e-019
        max: -5.68578996528e-029
        mean: -1.1057998961e-009
        median: -1.02702024662e-009
        min: -5.88857540507e-009
        var: 3.86455525161e-019
    spectral_energy:
        dmean: 0.00162424810696
        dmean2: 0.00276696006767
        dvar: 6.12850590187e-006
        dvar2: 1.65971268871e-005
        max: 0.0241860318929
        mean: 0.00502021564171
        median: 0.00466675497591
        min: 1.08656967003e-020
        var: 7.10094673195e-006
    spectral_energyband_high:
        dmean: 0.000250303506618
        dmean2: 0.00042920204578
        dvar: 1.02046435302e-007
        dvar2: 2.78305975598e-007
        max: 0.00329440739006
        mean: 0.000571132579353
        median: 0.000476670567878
        min: 8.13752175414e-021
        var: 1.48234903463e-007
    spectral_energyband_low:
        dmean: 0.000304526096443
        dmean2: 0.000486021657707
        dvar: 1.67135496554e-007
        dvar2: 3.93133746002e-007
        max: 0.00795435905457
        mean: 0.000595233286731
        median: 0.00045638505253
        min: 1.07096425447e-022
        var: 3.09715090907e-007
    spectral_energyband_middle_high:
        dmean: 0.000633555813693
        dmean2: 0.00102041731589
        dvar: 4.20834396664e-007
        dvar2: 1.07924211079e-006
        max: 0.00929127726704
        mean: 0.00228948821314
        median: 0.00209666555747
        min: 1.40317428137e-021
        var: 1.50423568357e-006
    spectral_energyband_middle_low:
        dmean: 0.00103418924846
        dmean2: 0.00178071251139
        dvar: 3.9982751332e-006
        dvar2: 1.10560476969e-005
        max: 0.0190960094333
        mean: 0.00174651050474
        median: 0.00121324928477
        min: 3.82669331685e-022
        var: 3.50321352016e-006
    spectral_flatness_db:
        dmean: 0.0132746379822
        dmean2: 0.0208239778876
        dvar: 0.000144341160194
        dvar2: 0.000329627364408
        max: 0.279662281275
        mean: 0.138652861118
        median: 0.134247273207
        min: 0.0563949383795
        var: 0.000633729272522
    spectral_flux:
        dmean: 0.00882761832327
        dmean2: 0.0138178830966
        dvar: 0.000125984326587
        dvar2: 0.000237890984863
        max: 0.124750576913
        mean: 0.0438667312264
        median: 0.0422415956855
        min: 1.04238652432e-010
        var: 0.000245794188231
    spectral_kurtosis:
        dmean: 0.875508487225
        dmean2: 1.50640952587
        dvar: 0.747417032719
        dvar2: 2.22319960594
        max: 19.9195480347
        mean: 3.19634866714
        median: 3.03251934052
        min: -1.20247805119
        var: 2.27172088623
    spectral_rms:
        dmean: 0.000324060500134
        dmean2: 0.000537750602234
        dvar: 1.65841242961e-007
        dvar2: 4.36392696201e-007
        max: 0.0048575848341
        mean: 0.00213878089562
        median: 0.00213376013562
        min: 3.25586844811e-012
        var: 3.23407590486e-007
    spectral_rolloff:
        dmean: 329.697937012
        dmean2: 530.363769531
        dvar: 220770.625
        dvar2: 456013.0625
        max: 18152.4902344
        mean: 3662.609375
        median: 3789.84375
        min: 129.19921875
        var: 415869.875
    spectral_skewness:
        dmean: 0.152984380722
        dmean2: 0.249434575438
        dvar: 0.0216119922698
        dvar2: 0.0557033717632
        max: 3.93547153473
        mean: 1.09862709045
        median: 1.11440587044
        min: -0.0214488096535
        var: 0.101266592741
    spectral_spread:
        dmean: 379625.96875
        dmean2: 567157.75
        dvar: 264728182784
        dvar2: 398387511296
        max: 40398892
        mean: 4359846.5
        median: 4305618
        min: 1865224.5
        var: 946892242944
    spectral_strongpeak:
        dmean: 0.449044972658
        dmean2: 0.790123939514
        dvar: 0.635983228683
        dvar2: 1.67091786861
        max: 9.38373756409
        mean: 0.568160831928
        median: 0.196168005466
        min: 3.83651643787e-009
        var: 1.06058394909
    zerocrossingrate:
        dmean: 0.00884450413287
        dmean2: 0.0104415956885
        dvar: 7.92464779806e-005
        dvar2: 9.72589332378e-005
        max: 0.4853515625
        mean: 0.109778687358
        median: 0.111328125
        min: 0.02099609375
        var: 0.000501360336784
    barkbands:
        dmean: [8.74176862453e-007, 9.31384929572e-005, 0.000193835687242, 0.000223009177716, 0.000633115530945, 0.000161272706464, 0.000157355490956, 0.000125153921545, 8.78374194144e-005, 7.32040425646e-005, 6.47159831715e-005, 5.31185614818e-005, 5.17524458701e-005, 4.40483127022e-005, 3.82871476177e-005, 0.000102409219835, 0.000128447980387, 0.000136621398269, 0.000284686102532, 0.000266909919446, 0.000113216992759, 3.93577065552e-005, 3.96474479203e-006, 1.28657643472e-006, 6.83961445702e-007, 3.45695347903e-008, 5.0547721564e-010]
        dmean2: [1.49417587636e-006, 0.000157738439157, 0.000306488800561, 0.000375665433239, 0.00110369315371, 0.000274041172815, 0.0002736778697, 0.000214587969822, 0.000143925281009, 0.000121228287753, 0.000107506923086, 8.81259766174e-005, 8.54962418089e-005, 7.21622127458e-005, 6.40825310256e-005, 0.000169487524545, 0.00021448796906, 0.000228986144066, 0.000476252374938, 0.000450974621344, 0.00018855529197, 7.05595302861e-005, 6.87010287947e-006, 2.13274324778e-006, 1.12315524348e-006, 5.37301474424e-008, 8.27193646913e-010]
        dvar: [2.07773707094e-012, 1.56177328847e-008, 7.05761848963e-008, 1.28953175249e-007, 1.95330335373e-006, 7.53622799721e-008, 9.11875446263e-008, 6.02316987397e-008, 2.32660628541e-008, 2.00903294001e-008, 1.60803708127e-008, 1.07181152842e-008, 8.85988438171e-009, 6.74227917941e-009, 4.14164524898e-009, 1.12353379933e-008, 2.06457517749e-008, 2.54045779968e-008, 1.05731047029e-007, 9.36750410574e-008, 1.60806372662e-008, 3.25476801066e-009, 3.24758969716e-011, 6.61326939391e-012, 1.76363600373e-012, 5.18677999449e-015, 7.3796571967e-019]
        dvar2: [5.14324000056e-012, 4.14798506654e-008, 1.52304608037e-007, 3.33509746042e-007, 5.41921963304e-006, 2.02333723109e-007, 2.5451126362e-007, 1.64484049492e-007, 5.98143259367e-008, 5.33670316827e-008, 4.32388773675e-008, 2.95935862482e-008, 2.35733406129e-008, 1.72557363953e-008, 1.11789262291e-008, 2.92289552561e-008, 5.51127250503e-008, 6.51616005598e-008, 2.80190619151e-007, 2.5434550821e-007, 4.29836362059e-008, 8.96263152583e-009, 8.61908044936e-011, 1.42578084755e-011, 3.86120779447e-012, 1.1692804487e-014, 1.78875532718e-018]
        max: [8.8597953436e-006, 0.00166100054048, 0.00562140438706, 0.00792323052883, 0.0142733678222, 0.0048231491819, 0.00363994203508, 0.00340629601851, 0.00251704850234, 0.00250504072756, 0.00276343547739, 0.00278847757727, 0.00138398248237, 0.00168001418933, 0.00150733487681, 0.00145441782661, 0.00202749017626, 0.00365792470984, 0.00597188575193, 0.00403457414359, 0.00205519446172, 0.000573872239329, 7.4136267358e-005, 0.000108909582195, 3.6186480429e-005, 2.10465987038e-006, 1.9333359802e-008]
        mean: [7.35195328616e-007, 0.000122585435747, 0.000323518208461, 0.000293267483357, 0.000685960287228, 0.000231738653383, 0.00019156873168, 0.000161111733178, 0.000150304185809, 0.000121987286548, 0.000109100306872, 9.65367507888e-005, 9.2879148724e-005, 7.91006896179e-005, 6.93108231644e-005, 0.000211518461583, 0.000271320866887, 0.000273432320682, 0.000616185483523, 0.000563489389606, 0.000283718778519, 5.96787176619e-005, 7.28864597477e-006, 2.53765028901e-006, 1.28275701172e-006, 6.44830819851e-008, 8.51168580063e-010]
        median: [2.08847779959e-007, 8.31865618238e-005, 0.000224490722758, 0.000173889420694, 0.000310230912874, 0.000111060449854, 7.35151843401e-005, 5.01245667692e-005, 7.2044582339e-005, 4.52541280538e-005, 4.09850254073e-005, 3.85146158806e-005, 3.14404023811e-005, 3.81474674214e-005, 4.60122319055e-005, 0.000178095593583, 0.000225625000894, 0.000224526243983, 0.00052086613141, 0.000464804295916, 0.000241377274506, 4.27005506936e-005, 5.30896795681e-006, 1.73103114776e-006, 8.55207986206e-007, 3.52943345661e-008, 5.68592839478e-010]
        min: [1.03466381017e-023, 6.04303614783e-023, 2.73397732733e-023, 2.99675888554e-023, 8.23990837706e-023, 8.86220098659e-023, 2.08874338049e-023, 3.69651416499e-023, 1.06319328035e-022, 2.71132534421e-023, 1.25359615632e-022, 1.28666053541e-022, 9.28730676882e-023, 5.21781064815e-023, 6.21053277503e-023, 1.04350047226e-022, 1.49362974282e-022, 1.97049780085e-022, 3.06605217502e-022, 3.83346186964e-022, 3.60960106766e-022, 4.58923075408e-022, 8.6331725777e-022, 1.09081676587e-021, 1.1885847281e-021, 1.7309093591e-021, 2.34890980801e-021]
        var: [1.78417469601e-012, 1.62371627255e-008, 1.40114607916e-007, 1.70810025679e-007, 1.49154061546e-006, 1.33897472665e-007, 1.11189841334e-007, 9.05900421344e-008, 4.63755682745e-008, 4.18120116308e-008, 3.51774787077e-008, 2.45669973253e-008, 2.15037019302e-008, 1.36946685103e-008, 6.68081723276e-009, 2.20282139196e-008, 3.99133668338e-008, 4.54254696081e-008, 1.96185084178e-007, 1.71565559981e-007, 3.74172266504e-008, 2.96634961039e-009, 4.95733662453e-011, 1.39088671136e-011, 3.74770397008e-012, 1.11416418423e-014, 1.15298368799e-018]
    frequency_bands:
        dmean: [8.74176862453e-007, 9.31384929572e-005, 0.000193835687242, 0.000223009177716, 0.000633115530945, 0.000161272706464, 0.000157355490956, 0.000125153921545, 8.78374194144e-005, 7.32040425646e-005, 6.47159831715e-005, 5.31185614818e-005, 5.17524458701e-005, 4.40483127022e-005, 3.82871476177e-005, 0.000102409219835, 0.000128447980387, 0.000136621398269, 0.000284686102532, 0.000266909919446, 0.000113216992759, 3.93577065552e-005, 3.96474479203e-006, 1.28657643472e-006, 6.83961445702e-007, 3.45695347903e-008, 5.0547721564e-010, 5.96276916731e-011]
        dmean2: [1.49417587636e-006, 0.000157738439157, 0.000306488800561, 0.000375665433239, 0.00110369315371, 0.000274041172815, 0.0002736778697, 0.000214587969822, 0.000143925281009, 0.000121228287753, 0.000107506923086, 8.81259766174e-005, 8.54962418089e-005, 7.21622127458e-005, 6.40825310256e-005, 0.000169487524545, 0.00021448796906, 0.000228986144066, 0.000476252374938, 0.000450974621344, 0.00018855529197, 7.05595302861e-005, 6.87010287947e-006, 2.13274324778e-006, 1.12315524348e-006, 5.37301474424e-008, 8.27193646913e-010, 1.11104556111e-010]
        dvar: [2.07773707094e-012, 1.56177328847e-008, 7.05761848963e-008, 1.28953175249e-007, 1.95330335373e-006, 7.53622799721e-008, 9.11875446263e-008, 6.02316987397e-008, 2.32660628541e-008, 2.00903294001e-008, 1.60803708127e-008, 1.07181152842e-008, 8.85988438171e-009, 6.74227917941e-009, 4.14164524898e-009, 1.12353379933e-008, 2.06457517749e-008, 2.54045779968e-008, 1.05731047029e-007, 9.36750410574e-008, 1.60806372662e-008, 3.25476801066e-009, 3.24758969716e-011, 6.61326939391e-012, 1.76363600373e-012, 5.18677999449e-015, 7.3796571967e-019, 7.38290604549e-021]
        dvar2: [5.14324000056e-012, 4.14798506654e-008, 1.52304608037e-007, 3.33509746042e-007, 5.41921963304e-006, 2.02333723109e-007, 2.5451126362e-007, 1.64484049492e-007, 5.98143259367e-008, 5.33670316827e-008, 4.32388773675e-008, 2.95935862482e-008, 2.35733406129e-008, 1.72557363953e-008, 1.11789262291e-008, 2.92289552561e-008, 5.51127250503e-008, 6.51616005598e-008, 2.80190619151e-007, 2.5434550821e-007, 4.29836362059e-008, 8.96263152583e-009, 8.61908044936e-011, 1.42578084755e-011, 3.86120779447e-012, 1.1692804487e-014, 1.78875532718e-018, 2.37258454109e-020]
        max: [8.8597953436e-006, 0.00166100054048, 0.00562140438706, 0.00792323052883, 0.0142733678222, 0.0048231491819, 0.00363994203508, 0.00340629601851, 0.00251704850234, 0.00250504072756, 0.00276343547739, 0.00278847757727, 0.00138398248237, 0.00168001418933, 0.00150733487681, 0.00145441782661, 0.00202749017626, 0.00365792470984, 0.00597188575193, 0.00403457414359, 0.00205519446172, 0.000573872239329, 7.4136267358e-005, 0.000108909582195, 3.6186480429e-005, 2.10465987038e-006, 1.9333359802e-008, 1.25850452282e-009]
        mean: [7.35195328616e-007, 0.000122585435747, 0.000323518208461, 0.000293267483357, 0.000685960287228, 0.000231738653383, 0.00019156873168, 0.000161111733178, 0.000150304185809, 0.000121987286548, 0.000109100306872, 9.65367507888e-005, 9.2879148724e-005, 7.91006896179e-005, 6.93108231644e-005, 0.000211518461583, 0.000271320866887, 0.000273432320682, 0.000616185483523, 0.000563489389606, 0.000283718778519, 5.96787176619e-005, 7.28864597477e-006, 2.53765028901e-006, 1.28275701172e-006, 6.44830819851e-008, 8.51168580063e-010, 4.7529345043e-011]
        median: [2.08847779959e-007, 8.31865618238e-005, 0.000224490722758, 0.000173889420694, 0.000310230912874, 0.000111060449854, 7.35151843401e-005, 5.01245667692e-005, 7.2044582339e-005, 4.52541280538e-005, 4.09850254073e-005, 3.85146158806e-005, 3.14404023811e-005, 3.81474674214e-005, 4.60122319055e-005, 0.000178095593583, 0.000225625000894, 0.000224526243983, 0.00052086613141, 0.000464804295916, 0.000241377274506, 4.27005506936e-005, 5.30896795681e-006, 1.73103114776e-006, 8.55207986206e-007, 3.52943345661e-008, 5.68592839478e-010, 2.02696505414e-011]
        min: [1.03466381017e-023, 6.04303614783e-023, 2.73397732733e-023, 2.99675888554e-023, 8.23990837706e-023, 8.86220098659e-023, 2.08874338049e-023, 3.69651416499e-023, 1.06319328035e-022, 2.71132534421e-023, 1.25359615632e-022, 1.28666053541e-022, 9.28730676882e-023, 5.21781064815e-023, 6.21053277503e-023, 1.04350047226e-022, 1.49362974282e-022, 1.97049780085e-022, 3.06605217502e-022, 3.83346186964e-022, 3.60960106766e-022, 4.58923075408e-022, 8.6331725777e-022, 1.09081676587e-021, 1.1885847281e-021, 1.7309093591e-021, 2.34890980801e-021, 7.3099153334e-022]
        var: [1.78417469601e-012, 1.62371627255e-008, 1.40114607916e-007, 1.70810025679e-007, 1.49154061546e-006, 1.33897472665e-007, 1.11189841334e-007, 9.05900421344e-008, 4.63755682745e-008, 4.18120116308e-008, 3.51774787077e-008, 2.45669973253e-008, 2.15037019302e-008, 1.36946685103e-008, 6.68081723276e-009, 2.20282139196e-008, 3.99133668338e-008, 4.54254696081e-008, 1.96185084178e-007, 1.71565559981e-007, 3.74172266504e-008, 2.96634961039e-009, 4.95733662453e-011, 1.39088671136e-011, 3.74770397008e-012, 1.11416418423e-014, 1.15298368799e-018, 5.6174772439e-021]
    mfcc:
        mean: [-696.906066895, 100.113945007, -48.2351493835, 72.1160964966, -16.8084106445, -1.70730745792, 4.83080291748, -3.2217028141, 3.55592155457, -5.78199958801, -6.20876073837, -3.96447920799, -2.15986156464]
        cov: [[3512.07910156, 465.634674072, -206.476348877, 57.1181564331, -250.845825195, 21.5846576691, -20.4822998047, 5.29448604584, -54.7647476196, -32.9543380737, -9.62985134125, 16.6018238068, 10.4194221497], [465.634674072, 448.071777344, -136.505996704, 84.4613189697, -76.7545852661, -24.0444908142, -24.2966365814, -42.9962501526, 15.955496788, -28.254945755, -8.41594314575, 2.60477876663, -7.43236255646], [-206.476348877, -136.505996704, 311.345123291, -23.5644664764, 80.6668014526, -22.4920158386, -58.2345924377, 11.8128013611, -36.9665107727, 7.6659450531, -24.5049648285, -16.3554325104, -4.68406200409], [57.1181564331, 84.4613189697, -23.5644664764, 305.490783691, 36.203792572, 6.34640550613, -20.0298538208, -30.7503299713, 41.8914070129, -9.03876495361, -8.01425457001, -28.5428333282, 3.12191653252], [-250.845825195, -76.7545852661, 80.6668014526, 36.203792572, 135.992279053, 41.554977417, 6.16009807587, -26.2439460754, -20.1466407776, 0.5563185215, -2.34201431274, -8.49695014954, -9.81314086914], [21.5846576691, -24.0444908142, -22.4920158386, 6.34640550613, 41.554977417, 95.3440856934, 49.4529342651, 6.22934675217, -22.7812995911, -6.581199646, 6.78461456299, -2.4824860096, -0.842328667641], [-20.4822998047, -24.2966365814, -58.2345924377, -20.0298538208, 6.16009807587, 49.4529342651, 115.170654297, 44.2587738037, 8.78545665741, -16.1305999756, -0.342372864485, 0.92715805769, 0.984509527683], [5.29448604584, -42.9962501526, 11.8128013611, -30.7503299713, -26.2439460754, 6.22934675217, 44.2587738037, 98.4040908813, 35.6591873169, 8.76198196411, -12.8012294769, -1.08979785442, 4.44820642471], [-54.7647476196, 15.955496788, -36.9665107727, 41.8914070129, -20.1466407776, -22.7812995911, 8.78545665741, 35.6591873169, 89.3072814941, 33.5464019775, 7.67251491547, -0.278272867203, 2.94074034691], [-32.9543380737, -28.254945755, 7.6659450531, -9.03876495361, 0.5563185215, -6.581199646, -16.1305999756, 8.76198196411, 33.5464019775, 66.9563446045, 29.2328109741, 10.4816503525, -1.31854522228], [-9.62985134125, -8.41594314575, -24.5049648285, -8.01425457001, -2.34201431274, 6.78461456299, -0.342372864485, -12.8012294769, 7.67251491547, 29.2328109741, 56.9116516113, 25.4534893036, 6.23554992676], [16.6018238068, 2.60477876663, -16.3554325104, -28.5428333282, -8.49695014954, -2.4824860096, 0.92715805769, -1.08979785442, -0.278272867203, 10.4816503525, 25.4534893036, 50.4669151306, 20.7248973846], [10.4194221497, -7.43236255646, -4.68406200409, 3.12191653252, -9.81314086914, -0.842328667641, 0.984509527683, 4.44820642471, 2.94074034691, -1.31854522228, 6.23554992676, 20.7248973846, 44.6827507019]]
        icov: [[0.000397548195906, -0.000322113890434, -1.25414462673e-005, -0.000194430307602, 0.000789158802945, -0.000422706012614, 8.6182852101e-005, -0.000206112817978, 0.000641333987005, -0.000338262616424, 0.000175819834112, -0.000155687041115, 4.54373948742e-005], [-0.000322113890434, 0.00356666464359, 0.000842926790938, -0.000678053940646, 0.00126537412871, -0.000109695763967, 0.000640152895357, 0.00174185645301, -0.00140210951213, 0.00155668833759, 0.00107732624747, -0.00147104728967, 0.00156261736993], [-1.25414462673e-005, 0.000842926790938, 0.00666855182499, 0.000128791099996, -0.00494913477451, 0.00315409735776, 0.00387725932524, -0.00491924164817, 0.00423292489722, -0.00119975127745, 0.000778350338805, 0.00161365780514, -0.000961040030234], [-0.000194430307602, -0.000678053940646, 0.000128791099996, 0.00508764432743, -0.00224827625789, -0.00113591237459, 0.00146071380004, 0.0016047366662, -0.00469434028491, 0.00250020506792, -0.000874000950716, 0.00338278966956, -0.00218084151857], [0.000789158802945, 0.00126537412871, -0.00494913477451, -0.00224827625789, 0.0170289464295, -0.00801756046712, -0.00303298328072, 0.00776340672746, -0.00157388602383, -0.00157970876899, 0.00340847554617, -0.0034318852704, 0.00372051936574], [-0.000422706012614, -0.000109695763967, 0.00315409735776, -0.00113591237459, -0.00801756046712, 0.0209936704487, -0.00668495427817, -0.00465974956751, 0.00930204056203, -0.00325686321594, -0.00385153177194, 0.00380235398188, -0.00219798181206], [8.6182852101e-005, 0.000640152895357, 0.00387725932524, 0.00146071380004, -0.00303298328072, -0.00668495427817, 0.0186543054879, -0.00868311524391, -0.00251957913861, 0.0075815860182, -0.00292474380694, 0.000233742379351, 0.000741339463275], [-0.000206112817978, 0.00174185645301, -0.00491924164817, 0.0016047366662, 0.00776340672746, -0.00465974956751, -0.00868311524391, 0.0235566683114, -0.0112650031224, -0.00174311036244, 0.00809441599995, -0.00274879159406, 8.68807637744e-006], [0.000641333987005, -0.00140210951213, 0.00423292489722, -0.00469434028491, -0.00157388602383, 0.00930204056203, -0.00251957913861, -0.0112650031224, 0.0278784800321, -0.0139250503853, -0.000178555899765, 0.00253062671982, -0.00199894234538], [-0.000338262616424, 0.00155668833759, -0.00119975127745, 0.00250020506792, -0.00157970876899, -0.00325686321594, 0.0075815860182, -0.00174311036244, -0.0139250503853, 0.0309934951365, -0.0143056418747, -0.000330779526848, 0.00361635629088], [0.000175819834112, 0.00107732624747, 0.000778350338805, -0.000874000950716, 0.00340847554617, -0.00385153177194, -0.00292474380694, 0.00809441599995, -0.000178555899765, -0.0143056418747, 0.0341458953917, -0.0147707238793, 0.00189094652887], [-0.000155687041115, -0.00147104728967, 0.00161365780514, 0.00338278966956, -0.0034318852704, 0.00380235398188, 0.000233742379351, -0.00274879159406, 0.00253062671982, -0.000330779526848, -0.0147707238793, 0.0357804596424, -0.0153999468312], [4.54373948742e-005, 0.00156261736993, -0.000961040030234, -0.00218084151857, 0.00372051936574, -0.00219798181206, 0.000741339463275, 8.68807637744e-006, -0.00199894234538, 0.00361635629088, 0.00189094652887, -0.0153999468312, 0.0305566526949]]
    sccoeffs:
        dmean: [0.0578115992248, 0.0472523085773, 0.0359129719436, 0.028544196859, 0.0191721748561, 0.0185033157468]
        dmean2: [0.0954435914755, 0.0798028409481, 0.0602794252336, 0.0477057620883, 0.0320679210126, 0.0296810958534]
        dvar: [0.00222142226994, 0.00138286326546, 0.000799124944024, 0.000500598805957, 0.000230902078329, 0.000282437074929]
        dvar2: [0.0059210723266, 0.00389888626523, 0.00223514763638, 0.00138312531635, 0.00062176346546, 0.000646861095447]
        max: [-0.330750316381, -0.43846860528, -0.554792165756, -0.584417104721, -0.65100312233, -0.53566557169]
        mean: [-0.659981191158, -0.77713394165, -0.804717600346, -0.800108611584, -0.800699293613, -0.710117220879]
        median: [-0.66535282135, -0.784751296043, -0.811730265617, -0.802474677563, -0.803498744965, -0.711260437965]
        min: [-0.944015264511, -0.960661530495, -0.96046513319, -0.958630084991, -0.963128983974, -0.962469637394]
        var: [0.00523158162832, 0.00368317309767, 0.00233895378187, 0.00129627226852, 0.000744545890484, 0.00169920886401]
    scvalleys:
        dmean: [0.407720029354, 0.398663491011, 0.304553061724, 0.256977081299, 0.229258611798, 0.282154321671]
        dmean2: [0.679017364979, 0.664517879486, 0.490419834852, 0.402694582939, 0.350183457136, 0.450119256973]
        dvar: [0.130256131291, 0.161607965827, 0.0870760604739, 0.0690822526813, 0.0644890889525, 0.135774716735]
        dvar2: [0.302576631308, 0.381323873997, 0.163731232285, 0.118106715381, 0.109323941171, 0.292317062616]
        max: [-4.91529989243, -4.5357875824, -5.045545578, -5.74285745621, -5.57738113403, -7.8486328125]
        mean: [-6.56621551514, -6.50143671036, -6.90228176117, -7.13735342026, -6.60716581345, -9.75356864929]
        median: [-6.45971918106, -6.45340919495, -6.87264347076, -7.08663034439, -6.51351547241, -9.53568840027]
        min: [-27.5333061218, -27.7261066437, -27.1273021698, -27.3427352905, -27.0681781769, -27.2098121643]
        var: [0.850281357765, 0.824317038059, 0.812725484371, 0.616471350193, 0.551951766014, 1.11551296711]

rhythm:
    beats_loudness:
        dmean: 0.00152749428526
        dmean2: 0.00270232278854
        dvar: 1.72350962657e-006
        dvar2: 5.14354587722e-006
        max: 0.0133651439101
        mean: 0.00581680936739
        median: 0.00589710660279
        min: 7.86416176624e-009
        var: 3.80093979402e-006
    bpm: 90.882194519
    bpm_confidence: 0
    first_peak_bpm: 91
    first_peak_spread: 0.0528052933514
    first_peak_weight: 0.693236708641
    onset_rate: 3.67333698273
    second_peak_bpm: 120
    second_peak_spread: 0.422222226858
    second_peak_weight: 0.125603869557
    beats_loudness_band_ratio:
        dmean: [0.108522541821, 0.105197824538, 0.0570087768137, 0.0541332960129, 0.0562927275896, 0.082626350224]
        dmean2: [0.190272659063, 0.181993186474, 0.0978359952569, 0.0964057892561, 0.0977237820625, 0.14488658309]
        dvar: [0.00826808437705, 0.00670385546982, 0.00501571595669, 0.00413601286709, 0.00241654994898, 0.0051182047464]
        dvar2: [0.0235016215593, 0.0219639558345, 0.0124705163762, 0.0124700516462, 0.00734584964812, 0.0149666517973]
        max: [0.638542771339, 0.514641463757, 0.479075044394, 0.452090740204, 0.602253317833, 0.601356089115]
        mean: [0.272657990456, 0.205968230963, 0.0928144082427, 0.0787970796227, 0.188259646297, 0.290024399757]
        median: [0.277591854334, 0.201289385557, 0.0630967468023, 0.0503118373454, 0.179550096393, 0.271825432777]
        min: [0.003772839671, 0.0118187395856, 0.0114415260032, 0.00866446550936, 0.0549863241613, 0.0807467326522]
        var: [0.0127387149259, 0.0102996341884, 0.00641738437116, 0.00478982180357, 0.00376040674746, 0.00830437336117]
    beats_position: [0.638548731804, 1.27709746361, 1.92725622654, 2.57741498947, 3.22757363319, 3.87773227692, 4.52789115906, 5.17804956436, 5.8282084465, 6.45514726639, 7.08208608627, 7.72063493729, 8.35918331146, 9.0093421936, 9.65950107574, 10.3096599579, 10.95981884, 11.6215867996, 12.2833557129, 12.9451246262, 13.6068935394, 14.2570514679, 14.9188203812, 15.5805892944, 16.2307472229, 16.8925170898, 17.5542850494, 18.2160549164, 18.877822876, 19.5279808044, 20.1897506714, 20.851518631, 21.5132884979, 22.1750564575, 22.825214386, 23.4985942841, 24.1487522125, 24.7989120483, 25.4606800079, 26.1224479675, 26.7842178345, 27.4459857941, 28.0961437225, 28.7579135895, 29.4196815491, 30.081451416, 30.7432193756, 31.4049873352, 32.0667572021, 32.7169151306, 33.3670730591, 34.028842926, 34.690612793, 35.3523788452, 36.0141487122, 36.6759185791, 37.3376846313, 37.9878463745, 38.6496124268, 39.3113822937, 39.9731521606, 40.6349182129, 41.2850799561, 41.9468460083, 42.6086158752, 43.2703857422, 43.9321517944, 44.5939216614, 45.2556915283, 45.9058494568, 46.5560073853, 47.2177772522, 47.8795471191, 48.5413131714, 49.2030830383, 49.8532409668, 50.5150108337, 51.1767807007, 51.8385467529, 52.5003166199, 53.1504745483, 53.8122444153, 54.4740142822, 55.1357803345, 55.7975502014, 56.4593200684, 57.1210861206, 57.7712478638, 58.433013916, 59.094783783, 59.7565536499, 60.4067115784, 61.0684814453, 61.7302474976, 62.3920173645, 63.0537872314, 63.7155532837, 64.3657150269, 65.0274810791, 65.6892471313, 66.3394088745, 67.0011749268, 67.6629486084, 68.3131027222, 68.9748764038, 69.6366424561, 70.2984085083, 70.9601821899, 71.6219482422, 72.2837142944, 72.9454879761, 73.6072540283, 74.2574157715, 74.9191818237, 75.580947876, 76.2427215576, 76.9044876099, 77.554649353, 78.2164154053, 78.8781814575, 79.5283432007, 80.1901092529, 80.8518829346, 81.5136489868, 82.1754150391, 82.8255767822, 83.4873428345, 84.1491165161, 84.7992706299, 85.4726486206, 86.1228103638, 86.784576416, 87.4463500977, 88.1081161499, 88.7698822021, 89.4200439453, 90.0818099976, 90.7435836792, 91.393737793, 92.0555114746, 92.7056655884, 93.36743927, 94.0408172607, 94.6909713745, 95.3527450562, 96.0145111084, 96.6762771606, 97.3380508423, 97.9882049561, 98.6499786377, 99.3117446899, 99.9735107422, 100.635284424, 101.297050476, 101.958816528, 102.608978271, 103.270744324, 103.932518005, 104.594284058, 105.25605011, 105.906211853, 106.567977905, 107.229751587, 107.879905701, 108.541679382, 109.203445435, 109.865211487, 110.526985168, 111.177139282, 111.838912964, 112.500679016, 113.15083313, 113.812606812, 114.474372864, 115.124534607, 115.786300659, 116.448066711, 117.109840393, 117.771606445, 118.433380127, 119.095146179, 119.745300293, 120.407073975, 121.068840027, 121.730613708, 122.392379761, 123.054145813, 123.715919495, 124.366073608, 125.02784729, 125.689613342, 126.339767456, 127.001541138, 127.66330719, 128.325073242, 128.986846924, 129.648620605, 130.310379028, 130.960540771, 131.622314453, 132.284072876, 132.934234619, 133.596008301, 134.257781982, 134.919540405, 135.581314087, 136.23147583, 136.893234253, 137.555007935, 138.205169678, 138.866943359, 139.528701782, 140.190475464, 140.852249146, 141.514007568, 142.17578125, 142.825942993, 143.487701416, 144.149475098, 144.811248779, 145.473007202, 146.158004761, 146.854598999, 147.551193237, 148.247802734, 148.932785034, 149.629379272, 150.32598877, 151.022583008, 151.719177246, 152.392562866, 153.054321289, 153.716094971, 154.366256714, 155.016418457, 155.67817688, 156.339950562, 157.013336182, 157.663482666, 158.325256348, 158.987030029, 159.648788452, 160.310562134, 160.960723877, 161.634094238, 162.284255981, 162.934417725, 163.596191406, 164.257949829, 164.919723511, 165.581497192, 166.231658936, 166.893417358, 167.55519104, 168.205352783, 168.867111206, 169.528884888, 170.190658569, 170.852416992, 171.514190674, 172.175964355, 172.826126099, 173.49949646, 174.184494019, 174.892700195, 175.600906372, 176.285888672, 176.982498169, 177.690704346, 178.398910522, 179.095504761, 179.745666504, 180.407440186, 181.069198608, 181.73097229, 182.392745972, 183.042892456, 183.704666138, 184.366439819, 185.016601563, 185.678359985, 186.340133667, 187.001907349, 187.663665771, 188.313827515, 188.975601196, 189.637359619, 190.299133301, 190.960906982, 191.622665405, 192.284439087, 192.93460083, 193.596374512, 194.258132935, 194.908294678, 195.570068359, 196.231826782, 196.893600464, 197.555374146, 198.205535889, 198.855682373, 199.529067993, 200.179229736, 200.840988159, 201.514373779, 202.176147461, 202.826293945, 203.488067627, 204.149841309, 204.800003052, 205.461761475, 206.123535156, 206.773696899, 207.435455322, 208.097229004, 208.759002686, 209.420761108, 210.08253479, 210.744308472, 211.231918335, 211.719543457, 212.207168579, 212.706390381, 213.205612183, 213.704849243, 214.204071045, 214.703308105, 215.190933228, 215.690155029, 216.189376831, 216.677001953, 217.164627075, 217.652236938, 218.151473999, 218.662307739, 219.1615448, 219.649154663, 220.148391724, 220.636001587, 221.123626709, 221.622848511, 222.122085571, 222.609695435, 223.097320557, 223.584945679, 224.072555542, 224.571792603, 225.071014404, 225.570251465, 226.069473267, 226.557098389, 227.044708252, 227.532333374, 228.031555176, 228.530792236, 229.030014038, 229.529251099, 230.0284729, 230.527709961, 231.015319824, 231.502944946, 231.990570068, 232.48979187, 232.989013672, 233.488250732, 233.975875854, 234.475097656, 234.962722778, 235.46194458, 235.949569702, 236.448791504, 236.948028564, 237.447250366, 237.934875488, 238.422485352, 238.921722412, 239.420944214, 239.920181274, 240.419403076, 240.907028198, 241.394638062, 241.893875122, 242.393096924, 242.880722046, 243.379943848, 243.879180908, 244.366790771, 244.854415894, 245.353652954, 245.852874756, 246.352111816, 246.851333618, 247.33895874, 247.826568604, 248.325805664, 248.825027466, 249.312652588, 249.800262451, 250.299499512, 250.798721313, 251.286346436, 251.785568237, 252.284805298, 252.772415161, 253.260040283, 253.759277344, 254.258499146, 254.757720947, 255.256958008, 255.872283936, 256.487609863, 257.102935791, 257.718261719, 258.333587646, 258.948944092]
