
metadata:
    version:
        essentia: "2.1-beta2"
    audio_properties:
        analysis_sample_rate: 44100
        bitrate: 320
        channels: 2
        equal_loudness: 1
        length: 212.636734009
        replay_gain: -15.4500789642
        downmix: "mix"
    tags:
        album: "Immortalized"
        artist: "Disturbed"
        comment: ""
        date: ""
        genre: "Alternative Metal"
        title: "Never Wrong"
        tracknumber: "12"

configuration:
    average_loudness:
        compute: 1
        frameSize: 88200
        hopSize: 44100
        silentFrames: "noise"
        windowType: "hann"
    general:
        analysisSampleRate: 44100
        endTime: 2000
        equalLoudness: 1
        nequalLoudness: 0
        shortSound: 0
        startTime: 0
    lowlevel:
        compute: 1
        frameSize: 2048
        hopSize: 1024
        zeroPadding: 0
        silentFrames: "noise"
        windowType: "blackmanharris62"
        mfccStats: ["mean", "cov", "icov"]
        stats: ["mean", "var", "median", "min", "max", "dmean", "dmean2", "dvar", "dvar2"]
    panning:
        compute: 0
        frameSize: 8192
        hopSize: 2048
        zeroPadding: 8192
        silentFrames: "noise"
        windowType: "hann"
        stats: ["copy"]
    rhythm:
        compute: 1
        maxTempo: 208
        minTempo: 40
        method: "degara"
        stats: ["mean", "var", "median", "min", "max", "dmean", "dmean2", "dvar", "dvar2"]
    segmentation:
        compute: 0
        cpw: 5
        inc1: 300
        inc2: 50
        minimumSegmentsLength: 10
        size1: 1000
        size2: 600
    sfx:
        compute: 1
        stats: ["mean", "var", "median", "min", "max", "dmean", "dmean2", "dvar", "dvar2"]
    svm:
        compute: 0
    tonal:
        compute: 1
        frameSize: 4096
        hopSize: 2048
        zeroPadding: 0
        silentFrames: "noise"
        windowType: "blackmanharris62"
        stats: ["mean", "var", "median", "min", "max", "dmean", "dmean2", "dvar", "dvar2"]

lowlevel:
    average_loudness: 0.961410403252
    barkbands_kurtosis:
        dmean: 1.53496313095
        dmean2: 2.60550951958
        dvar: 187.902420044
        dvar2: 533.221008301
        max: 708.588806152
        mean: 0.619694769382
        median: -0.926293849945
        min: -1.84567689896
        var: 386.163208008
    barkbands_skewness:
        dmean: 0.485418587923
        dmean2: 0.762128770351
        dvar: 0.316516727209
        dvar2: 0.790436327457
        max: 20.3058700562
        mean: -0.163630977273
        median: -0.341798275709
        min: -3.65406727791
        var: 1.36732435226
    barkbands_spread:
        dmean: 6.54033184052
        dmean2: 10.4752664566
        dvar: 35.7920837402
        dvar2: 89.3616485596
        max: 66.3154449463
        mean: 32.7737770081
        median: 33.6670227051
        min: 0.137307435274
        var: 126.18157196
    dissonance:
        dmean: 0.00936687830836
        dmean2: 0.0160570945591
        dvar: 8.44693058752e-005
        dvar2: 0.000232877253438
        max: 0.500000119209
        mean: 0.485511124134
        median: 0.488512992859
        min: 0.405611604452
        var: 0.000134240486659
    hfc:
        dmean: 3.38741660118
        dmean2: 5.44435787201
        dvar: 20.5802135468
        dvar2: 51.9224014282
        max: 57.8765869141
        mean: 8.9062204361
        median: 7.89753866196
        min: 1.27752831062e-016
        var: 37.1681213379
    pitch:
        dmean: 954.575561523
        dmean2: 1799.55151367
        dvar: 1643850.125
        dvar2: 3787950.5
        max: 4841.04052734
        mean: 1434.53515625
        median: 662.301391602
        min: 43.0243911743
        var: 2096775.875
    pitch_instantaneous_confidence:
        dmean: 0.084746748209
        dmean2: 0.139411792159
        dvar: 0.00501137413085
        dvar2: 0.012419202365
        max: 0.862471520901
        mean: 0.348486602306
        median: 0.322242021561
        min: 0.114318430424
        var: 0.01637776196
    pitch_salience:
        dmean: 0.0731336474419
        dmean2: 0.122430033982
        dvar: 0.00464442744851
        dvar2: 0.0126954391599
        max: 0.921213269234
        mean: 0.662426114082
        median: 0.683912932873
        min: 0.0497105158865
        var: 0.00970164872706
    silence_rate_20dB:
        dmean: 0
        dmean2: 0
        dvar: 0
        dvar2: 0
        max: 1
        mean: 1
        median: 1
        min: 1
        var: 0
    silence_rate_30dB:
        dmean: 0
        dmean2: 0
        dvar: 0
        dvar2: 0
        max: 1
        mean: 1
        median: 1
        min: 1
        var: 0
    silence_rate_60dB:
        dmean: 0.135182350874
        dmean2: 0.270394235849
        dvar: 0.116899371147
        dvar2: 0.224372118711
        max: 1
        mean: 0.319467186928
        median: 0
        min: 0
        var: 0.217404872179
    spectral_centroid:
        dmean: 348.151306152
        dmean2: 557.698669434
        dvar: 125944.757813
        dvar2: 310307
        max: 11124.7041016
        mean: 1893.32873535
        median: 1941.47753906
        min: 59.1042556763
        var: 354776.15625
    spectral_complexity:
        dmean: 5.39834022522
        dmean2: 8.42939853668
        dvar: 30.9192619324
        dvar2: 70.4384155273
        max: 49
        mean: 16.5288791656
        median: 16
        min: 0
        var: 86.6846466064
    spectral_crest:
        dmean: 2.10924434662
        dmean2: 3.51421332359
        dvar: 3.93130207062
        dvar2: 10.0718708038
        max: 26.2089538574
        mean: 6.64101648331
        median: 5.79401159286
        min: 2.39112234116
        var: 9.21405506134
    spectral_decrease:
        dmean: 3.52077672572e-010
        dmean2: 5.33763311328e-010
        dvar: 1.98624301822e-019
        dvar2: 4.5152599824e-019
        max: 2.49962023862e-029
        mean: -1.01722241741e-009
        median: -9.12540099041e-010
        min: -4.16316714436e-009
        var: 3.90850258207e-019
    spectral_energy:
        dmean: 0.00158343929797
        dmean2: 0.00240059639327
        dvar: 3.85971316064e-006
        dvar2: 8.79625895323e-006
        max: 0.0193174351007
        mean: 0.00464705517516
        median: 0.00419116159901
        min: 1.1493226286e-020
        var: 7.87934823165e-006
    spectral_energyband_high:
        dmean: 0.000290862662951
        dmean2: 0.000495695800055
        dvar: 2.06858501883e-007
        dvar2: 5.52908829832e-007
        max: 0.00518111186102
        mean: 0.000520942849107
        median: 0.000377549353288
        min: 8.10460335849e-021
        var: 2.68352238209e-007
    spectral_energyband_low:
        dmean: 0.000358075136319
        dmean2: 0.000598725862801
        dvar: 3.27183414583e-007
        dvar2: 8.57410555e-007
        max: 0.00894660037011
        mean: 0.000507013406605
        median: 0.000311812880682
        min: 2.79697575922e-023
        var: 4.05538173709e-007
    spectral_energyband_middle_high:
        dmean: 0.000883134198375
        dmean2: 0.00136327266227
        dvar: 1.04919172372e-006
        dvar2: 2.35717834585e-006
        max: 0.0132144484669
        mean: 0.00252801715396
        median: 0.002157041803
        min: 1.66554936796e-021
        var: 3.05016237689e-006
    spectral_energyband_middle_low:
        dmean: 0.000719564501196
        dmean2: 0.00115737819578
        dvar: 1.7679311668e-006
        dvar2: 4.2983115236e-006
        max: 0.0124187823385
        mean: 0.00124958716333
        median: 0.000823989394121
        min: 3.92410009438e-022
        var: 2.34738672589e-006
    spectral_flatness_db:
        dmean: 0.0165599975735
        dmean2: 0.0265072938055
        dvar: 0.00023700876045
        dvar2: 0.000602054351475
        max: 0.553392410278
        mean: 0.140880569816
        median: 0.13310649991
        min: 0.0555910393596
        var: 0.00166535517201
    spectral_flux:
        dmean: 0.00954132527113
        dmean2: 0.0139580965042
        dvar: 0.000106679959572
        dvar2: 0.000215160485823
        max: 0.10542562604
        mean: 0.0438382141292
        median: 0.0433671213686
        min: 1.07206465927e-010
        var: 0.000294472498354
    spectral_kurtosis:
        dmean: 1.01072585583
        dmean2: 1.67471313477
        dvar: 1.72494232655
        dvar2: 5.00548362732
        max: 68.4440155029
        mean: 3.21078968048
        median: 2.82517838478
        min: -1.20338642597
        var: 5.41431760788
    spectral_rms:
        dmean: 0.000344285537722
        dmean2: 0.00050630653277
        dvar: 1.40923916092e-007
        dvar2: 2.92752787345e-007
        max: 0.00434123026207
        mean: 0.00202417210676
        median: 0.00202211225405
        min: 3.34856730018e-012
        var: 4.36428337025e-007
    spectral_rolloff:
        dmean: 454.430053711
        dmean2: 749.820129395
        dvar: 319904.90625
        dvar2: 784152.875
        max: 19552.1484375
        mean: 3473.63452148
        median: 3639.11132813
        min: 64.599609375
        var: 697804.375
    spectral_skewness:
        dmean: 0.169158682227
        dmean2: 0.270685583353
        dvar: 0.0265468414873
        dvar2: 0.0683003365993
        max: 7.08738613129
        mean: 1.28597152233
        median: 1.24571704865
        min: -0.0248105116189
        var: 0.149868905544
    spectral_spread:
        dmean: 489419.90625
        dmean2: 697739.9375
        dvar: 439691608064
        dvar2: 696661770240
        max: 40253924
        mean: 4701507.5
        median: 4593077.5
        min: 1124718.5
        var: 1.72385632256e+012
    spectral_strongpeak:
        dmean: 0.463562697172
        dmean2: 0.798199772835
        dvar: 0.400521934032
        dvar2: 1.05194437504
        max: 8.38393592834
        mean: 0.606771826744
        median: 0.286332130432
        min: 2.86169088426e-009
        var: 0.56164175272
    zerocrossingrate:
        dmean: 0.00967829115689
        dmean2: 0.0119102876633
        dvar: 8.38135820231e-005
        dvar2: 0.000111591129098
        max: 0.49560546875
        mean: 0.10532283783
        median: 0.10693359375
        min: 0.00244140625
        var: 0.00062507862458
    barkbands:
        dmean: [5.21608853887e-007, 6.89776134095e-005, 0.000248685770202, 0.000290421012323, 0.000318604055792, 0.000112917441584, 9.02054089238e-005, 5.10041354573e-005, 0.000119888863992, 9.05418928596e-005, 7.19586969353e-005, 0.000113705093099, 9.68777530943e-005, 0.000126046026708, 0.000139812051202, 0.000166629222804, 0.00019325442554, 0.000162000578712, 0.000254128419328, 0.000214555431739, 0.000159544695634, 4.30773361586e-005, 6.74005468682e-006, 3.7126708321e-006, 1.97600729734e-006, 7.17029848829e-008, 2.72829869807e-010]
        dmean2: [7.52332539378e-007, 0.000118186464533, 0.000415680318838, 0.000488381308969, 0.000529957585968, 0.00018741247186, 0.000152238222654, 8.52991797728e-005, 0.000193569750991, 0.000147081780597, 0.000115595234092, 0.000183145923074, 0.000155924484716, 0.00020472840697, 0.000223582334002, 0.000258567772107, 0.000311032141326, 0.000278170511592, 0.000412268651417, 0.000351316237357, 0.000276679726085, 7.59311296861e-005, 1.14959966595e-005, 5.90494482822e-006, 3.11379289997e-006, 1.12790679907e-007, 4.74979555687e-010]
        dvar: [6.98694140738e-013, 1.09268096793e-008, 1.86760800602e-007, 3.68769150327e-007, 5.62926004477e-007, 3.95984223189e-008, 3.03552418757e-008, 8.63817728458e-009, 5.27392245431e-008, 2.54635796892e-008, 2.22302993791e-008, 5.94910574137e-008, 3.34511440769e-008, 5.80259573724e-008, 7.43587520446e-008, 1.10007484011e-007, 8.72299139587e-008, 5.98933240781e-008, 1.2564753149e-007, 9.52267313892e-008, 7.11240772944e-008, 6.05810468457e-009, 1.30487148864e-010, 4.03949547423e-011, 1.71133836269e-011, 2.68050674295e-014, 2.2467461038e-019]
        dvar2: [1.42675671624e-012, 3.07257792542e-008, 4.88175146529e-007, 9.4511409543e-007, 1.49276206685e-006, 9.80888117397e-008, 7.71849784087e-008, 2.1679465334e-008, 1.18201334942e-007, 6.17458937313e-008, 5.51074634814e-008, 1.51496422518e-007, 8.12431864006e-008, 1.4820592753e-007, 1.84024301575e-007, 2.5004274562e-007, 2.10565858083e-007, 1.63045058343e-007, 3.13196096613e-007, 2.36947457211e-007, 1.90401237887e-007, 1.70795448895e-008, 3.50202949972e-010, 9.31912949587e-011, 3.6889984123e-011, 6.06003149137e-014, 5.67548574005e-019]
        max: [1.36862199724e-005, 0.00103867205326, 0.00664039049298, 0.00551322847605, 0.00734328012913, 0.00409639580175, 0.00304366112687, 0.00169586017728, 0.00500053307042, 0.00335603812709, 0.00423291418701, 0.00487976334989, 0.00296238088049, 0.00363027467392, 0.0041124811396, 0.00686387345195, 0.00843190122396, 0.00439708074555, 0.00636408105493, 0.00532035762444, 0.00392196606845, 0.00125039927661, 0.000145841098856, 0.000111981687951, 7.22748372937e-005, 4.21717913923e-006, 8.72229577453e-009]
        mean: [6.52004530366e-007, 8.97057616385e-005, 0.000300031038933, 0.00031288084574, 0.000369737565052, 0.000157497270266, 0.000108662621642, 6.49365611025e-005, 0.000173577020178, 0.000135372407385, 0.000106765262899, 0.000179761424079, 0.000146007005242, 0.000196552529815, 0.00021059755818, 0.000274005986284, 0.000353543669917, 0.000255226157606, 0.000486143369926, 0.000396649033064, 0.000244335766183, 6.41603619442e-005, 1.05459557744e-005, 6.37919220026e-006, 3.20939921039e-006, 1.22129108604e-007, 3.45976636229e-010]
        median: [1.47179036958e-007, 5.39504617336e-005, 0.000137759678182, 9.80327968136e-005, 0.000147379032569, 7.68580648582e-005, 5.39837092219e-005, 3.57487806468e-005, 9.14234260563e-005, 7.27716687834e-005, 4.3810436182e-005, 6.45190448267e-005, 5.75493868382e-005, 7.6646443631e-005, 8.94089462236e-005, 0.000129950232804, 0.000224248375162, 0.000174036103999, 0.000367850298062, 0.000285294168862, 0.000153153698193, 4.33278146375e-005, 6.08605887464e-006, 3.77209153157e-006, 1.65745586855e-006, 5.74727785363e-008, 1.27835853014e-010]
        min: [6.66575631998e-024, 6.6308437029e-024, 1.05175463946e-023, 1.40185568459e-023, 9.57704023318e-023, 3.48238102771e-023, 7.10158209082e-023, 5.45106545822e-023, 1.18767717203e-022, 5.58540405276e-023, 2.16716473727e-022, 1.12081104978e-022, 6.46807629683e-023, 5.64874579692e-023, 6.34891223067e-023, 2.05959213014e-022, 2.29103508449e-022, 1.6545688533e-022, 3.72592611809e-022, 2.76721550825e-022, 5.81804733786e-022, 5.95793496934e-022, 5.57897123918e-022, 1.10865638193e-021, 1.21517850402e-021, 1.5370296134e-021, 2.70417237004e-021]
        var: [1.43157827173e-012, 1.27042074638e-008, 2.17984748474e-007, 4.11928169797e-007, 5.60761918678e-007, 6.12857178339e-008, 3.17427968355e-008, 9.78366099247e-009, 8.42224849862e-008, 4.18914147815e-008, 3.94383654623e-008, 1.25471999013e-007, 6.20011988417e-008, 1.17863272919e-007, 1.2008764827e-007, 2.01275028644e-007, 1.98378273808e-007, 7.20937194387e-008, 2.11469682654e-007, 1.59822064916e-007, 8.5007947348e-008, 5.63335689208e-009, 1.64640592826e-010, 7.90942103479e-011, 3.20552820399e-011, 4.53103063424e-014, 4.86332879537e-019]
    frequency_bands:
        dmean: [5.21608853887e-007, 6.89776134095e-005, 0.000248685770202, 0.000290421012323, 0.000318604055792, 0.000112917441584, 9.02054089238e-005, 5.10041354573e-005, 0.000119888863992, 9.05418928596e-005, 7.19586969353e-005, 0.000113705093099, 9.68777530943e-005, 0.000126046026708, 0.000139812051202, 0.000166629222804, 0.00019325442554, 0.000162000578712, 0.000254128419328, 0.000214555431739, 0.000159544695634, 4.30773361586e-005, 6.74005468682e-006, 3.7126708321e-006, 1.97600729734e-006, 7.17029848829e-008, 2.72829869807e-010, 5.25697228804e-011]
        dmean2: [7.52332539378e-007, 0.000118186464533, 0.000415680318838, 0.000488381308969, 0.000529957585968, 0.00018741247186, 0.000152238222654, 8.52991797728e-005, 0.000193569750991, 0.000147081780597, 0.000115595234092, 0.000183145923074, 0.000155924484716, 0.00020472840697, 0.000223582334002, 0.000258567772107, 0.000311032141326, 0.000278170511592, 0.000412268651417, 0.000351316237357, 0.000276679726085, 7.59311296861e-005, 1.14959966595e-005, 5.90494482822e-006, 3.11379289997e-006, 1.12790679907e-007, 4.74979555687e-010, 9.75990260832e-011]
        dvar: [6.98694140738e-013, 1.09268096793e-008, 1.86760800602e-007, 3.68769150327e-007, 5.62926004477e-007, 3.95984223189e-008, 3.03552418757e-008, 8.63817728458e-009, 5.27392245431e-008, 2.54635796892e-008, 2.22302993791e-008, 5.94910574137e-008, 3.34511440769e-008, 5.80259573724e-008, 7.43587520446e-008, 1.10007484011e-007, 8.72299139587e-008, 5.98933240781e-008, 1.2564753149e-007, 9.52267313892e-008, 7.11240772944e-008, 6.05810468457e-009, 1.30487148864e-010, 4.03949547423e-011, 1.71133836269e-011, 2.68050674295e-014, 2.2467461038e-019, 5.38092620693e-021]
        dvar2: [1.42675671624e-012, 3.07257792542e-008, 4.88175146529e-007, 9.4511409543e-007, 1.49276206685e-006, 9.80888117397e-008, 7.71849784087e-008, 2.1679465334e-008, 1.18201334942e-007, 6.17458937313e-008, 5.51074634814e-008, 1.51496422518e-007, 8.12431864006e-008, 1.4820592753e-007, 1.84024301575e-007, 2.5004274562e-007, 2.10565858083e-007, 1.63045058343e-007, 3.13196096613e-007, 2.36947457211e-007, 1.90401237887e-007, 1.70795448895e-008, 3.50202949972e-010, 9.31912949587e-011, 3.6889984123e-011, 6.06003149137e-014, 5.67548574005e-019, 1.70618425204e-020]
        max: [1.36862199724e-005, 0.00103867205326, 0.00664039049298, 0.00551322847605, 0.00734328012913, 0.00409639580175, 0.00304366112687, 0.00169586017728, 0.00500053307042, 0.00335603812709, 0.00423291418701, 0.00487976334989, 0.00296238088049, 0.00363027467392, 0.0041124811396, 0.00686387345195, 0.00843190122396, 0.00439708074555, 0.00636408105493, 0.00532035762444, 0.00392196606845, 0.00125039927661, 0.000145841098856, 0.000111981687951, 7.22748372937e-005, 4.21717913923e-006, 8.72229577453e-009, 9.20556353368e-010]
        mean: [6.52004530366e-007, 8.97057616385e-005, 0.000300031038933, 0.00031288084574, 0.000369737565052, 0.000157497270266, 0.000108662621642, 6.49365611025e-005, 0.000173577020178, 0.000135372407385, 0.000106765262899, 0.000179761424079, 0.000146007005242, 0.000196552529815, 0.00021059755818, 0.000274005986284, 0.000353543669917, 0.000255226157606, 0.000486143369926, 0.000396649033064, 0.000244335766183, 6.41603619442e-005, 1.05459557744e-005, 6.37919220026e-006, 3.20939921039e-006, 1.22129108604e-007, 3.45976636229e-010, 4.11124398414e-011]
        median: [1.47179036958e-007, 5.39504617336e-005, 0.000137759678182, 9.80327968136e-005, 0.000147379032569, 7.68580648582e-005, 5.39837092219e-005, 3.57487806468e-005, 9.14234260563e-005, 7.27716687834e-005, 4.3810436182e-005, 6.45190448267e-005, 5.75493868382e-005, 7.6646443631e-005, 8.94089462236e-005, 0.000129950232804, 0.000224248375162, 0.000174036103999, 0.000367850298062, 0.000285294168862, 0.000153153698193, 4.33278146375e-005, 6.08605887464e-006, 3.77209153157e-006, 1.65745586855e-006, 5.74727785363e-008, 1.27835853014e-010, 1.56781410771e-011]
        min: [6.66575631998e-024, 6.6308437029e-024, 1.05175463946e-023, 1.40185568459e-023, 9.57704023318e-023, 3.48238102771e-023, 7.10158209082e-023, 5.45106545822e-023, 1.18767717203e-022, 5.58540405276e-023, 2.16716473727e-022, 1.12081104978e-022, 6.46807629683e-023, 5.64874579692e-023, 6.34891223067e-023, 2.05959213014e-022, 2.29103508449e-022, 1.6545688533e-022, 3.72592611809e-022, 2.76721550825e-022, 5.81804733786e-022, 5.95793496934e-022, 5.57897123918e-022, 1.10865638193e-021, 1.21517850402e-021, 1.5370296134e-021, 2.70417237004e-021, 9.60824504624e-022]
        var: [1.43157827173e-012, 1.27042074638e-008, 2.17984748474e-007, 4.11928169797e-007, 5.60761918678e-007, 6.12857178339e-008, 3.17427968355e-008, 9.78366099247e-009, 8.42224849862e-008, 4.18914147815e-008, 3.94383654623e-008, 1.25471999013e-007, 6.20011988417e-008, 1.17863272919e-007, 1.2008764827e-007, 2.01275028644e-007, 1.98378273808e-007, 7.20937194387e-008, 2.11469682654e-007, 1.59822064916e-007, 8.5007947348e-008, 5.63335689208e-009, 1.64640592826e-010, 7.90942103479e-011, 3.20552820399e-011, 4.53103063424e-014, 4.86332879537e-019, 4.43501367253e-021]
    mfcc:
        mean: [-700.332214355, 91.396484375, -55.3140335083, 49.6225090027, -12.3631601334, 0.998902738094, 4.41316795349, -3.92496919632, 1.98175764084, -3.37597608566, -5.12616539001, -4.6040558815, -5.46193408966]
        cov: [[3893.47094727, 24.3424472809, 131.320465088, 212.559585571, -100.573234558, 59.7478179932, 14.6040754318, -29.7576751709, -5.65282297134, -16.7338905334, -42.9987449646, -25.2601337433, -37.5127754211], [24.3424472809, 620.260742188, -16.7014694214, 235.535491943, 11.979013443, 77.1260604858, 58.9728050232, 35.4353065491, 14.7358760834, -16.5167827606, 12.5698547363, -31.2511425018, -12.0895624161], [131.320465088, -16.7014694214, 641.715332031, 195.697341919, 149.676391602, 52.2130737305, 44.8459014893, 64.3550415039, 15.5379552841, -3.10512709618, -17.9107055664, -6.42468643188, 7.66486597061], [212.559585571, 235.535491943, 195.697341919, 431.184143066, 38.9421730042, 93.4924468994, 3.07538866997, 39.5976219177, 56.8249015808, -28.6952533722, -6.92569923401, -31.8237438202, 3.12035703659], [-100.573234558, 11.979013443, 149.676391602, 38.9421730042, 238.482040405, 46.8228340149, 6.2414894104, 6.63580608368, 15.5369157791, 43.7350234985, -4.06534337997, 14.5386018753, 17.9893054962], [59.7478179932, 77.1260604858, 52.2130737305, 93.4924468994, 46.8228340149, 161.595550537, 76.0874404907, 44.0053062439, 9.21125888824, 8.5467338562, 23.5000572205, -6.23429870605, 0.499334216118], [14.6040754318, 58.9728050232, 44.8459014893, 3.07538866997, 6.2414894104, 76.0874404907, 199.609542847, 92.4619598389, 1.32295155525, -1.48209226131, 38.3761863708, 8.19570541382, 6.43843603134], [-29.7576751709, 35.4353065491, 64.3550415039, 39.5976219177, 6.63580608368, 44.0053062439, 92.4619598389, 134.442489624, 31.8232936859, 2.96397161484, 15.7601690292, -3.02117919922, 12.3372478485], [-5.65282297134, 14.7358760834, 15.5379552841, 56.8249015808, 15.5369157791, 9.21125888824, 1.32295155525, 31.8232936859, 103.6092453, 40.3276062012, 6.0009264946, -5.55738639832, 8.36647319794], [-16.7338905334, -16.5167827606, -3.10512709618, -28.6952533722, 43.7350234985, 8.5467338562, -1.48209226131, 2.96397161484, 40.3276062012, 124.127609253, 34.2966079712, 8.31097316742, 3.97874474525], [-42.9987449646, 12.5698547363, -17.9107055664, -6.92569923401, -4.06534337997, 23.5000572205, 38.3761863708, 15.7601690292, 6.0009264946, 34.2966079712, 88.7115936279, 19.216468811, 7.5969619751], [-25.2601337433, -31.2511425018, -6.42468643188, -31.8237438202, 14.5386018753, -6.23429870605, 8.19570541382, -3.02117919922, -5.55738639832, 8.31097316742, 19.216468811, 74.338722229, 27.7385082245], [-37.5127754211, -12.0895624161, 7.66486597061, 3.12035703659, 17.9893054962, 0.499334216118, 6.43843603134, 12.3372478485, 8.36647319794, 3.97874474525, 7.5969619751, 27.7385082245, 67.8045501709]]
        icov: [[0.000279379455606, 5.30636243639e-005, -5.1645522035e-005, -0.000180520422873, 0.000217741675442, -9.32517214096e-005, -0.000119474912935, 0.000176885761903, 7.41298572393e-005, -0.000157952905283, 0.000219984576688, -6.66400082991e-005, 0.000102986865386], [5.30636243639e-005, 0.00234587932937, 0.000661966099869, -0.00165685988031, -0.000302279659081, 0.000107334089989, -0.000869342533406, -1.01541954791e-005, 0.000595712277573, -0.000174810309545, -7.08274674253e-005, 0.00046029643272, 0.000369232875528], [-5.1645522035e-005, 0.000661966099869, 0.00244866521098, -0.00145450723357, -0.00149578263517, 0.000612610252574, -0.000571718381252, -0.000917067634873, 0.000771452847403, -6.20161299594e-005, 0.000370851892512, 6.3478742959e-005, 0.000334002892487], [-0.000180520422873, -0.00165685988031, -0.00145450723357, 0.00498885661364, 0.000329729926307, -0.00230519566685, 0.00181432371028, -0.000127935723867, -0.00275245541707, 0.00196278630756, -0.000573449709918, 0.000776663306169, -0.000708987994585], [0.000217741675442, -0.000302279659081, -0.00149578263517, 0.000329729926307, 0.00615631090477, -0.0019578745123, 0.000338158832164, 0.00080222892575, -5.38016720384e-005, -0.00234368396923, 0.00164166418836, -0.00115342368372, -0.00114442512859], [-9.32517214096e-005, 0.000107334089989, 0.000612610252574, -0.00230519566685, -0.0019578745123, 0.00980584323406, -0.00332949543372, -0.000610046787187, 0.00111915613525, -0.00059717829572, -0.00134662142955, 0.000920355552807, 0.000550080672838], [-0.000119474912935, -0.000869342533406, -0.000571718381252, 0.00181432371028, 0.000338158832164, -0.00332949543372, 0.0097693298012, -0.00563370902091, 0.000684263650328, 0.00117188855074, -0.00257578724995, -0.000846361566801, 0.000273890123935], [0.000176885761903, -1.01541954791e-005, -0.000917067634873, -0.000127935723867, 0.00080222892575, -0.000610046787187, -0.00563370902091, 0.0130564039573, -0.00377539731562, 0.000511017278768, 0.000170590210473, 0.00119710236322, -0.00191641808487], [7.41298572393e-005, 0.000595712277573, 0.000771452847403, -0.00275245541707, -5.38016720384e-005, 0.00111915613525, 0.000684263650328, -0.00377539731562, 0.0142010841519, -0.00540096266195, 0.00100431707688, 0.000848434807267, -0.00108028575778], [-0.000157952905283, -0.000174810309545, -6.20161299594e-005, 0.00196278630756, -0.00234368396923, -0.00059717829572, 0.00117188855074, 0.000511017278768, -0.00540096266195, 0.0124339880422, -0.00501303002238, 0.000284954672679, 0.00060197734274], [0.000219984576688, -7.08274674253e-005, 0.000370851892512, -0.000573449709918, 0.00164166418836, -0.00134662142955, -0.00257578724995, 0.000170590210473, 0.00100431707688, -0.00501303002238, 0.015610252507, -0.0036324034445, -0.000211310732993], [-6.66400082991e-005, 0.00046029643272, 6.3478742959e-005, 0.000776663306169, -0.00115342368372, 0.000920355552807, -0.000846361566801, 0.00119710236322, 0.000848434807267, 0.000284954672679, -0.0036324034445, 0.0179479829967, -0.00689278682694], [0.000102986865386, 0.000369232875528, 0.000334002892487, -0.000708987994585, -0.00114442512859, 0.000550080672838, 0.000273890123935, -0.00191641808487, -0.00108028575778, 0.00060197734274, -0.000211310732993, -0.00689278682694, 0.0184296779335]]
    sccoeffs:
        dmean: [0.0632412582636, 0.0478627830744, 0.0399029441178, 0.0328388698399, 0.0209877043962, 0.02149181813]
        dmean2: [0.103740759194, 0.0795357897878, 0.0663641095161, 0.0531339347363, 0.0345687381923, 0.034005779773]
        dvar: [0.002780623734, 0.00142667465843, 0.000975040893536, 0.000710506690666, 0.00029145804001, 0.000370911759092]
        dvar2: [0.00719687296078, 0.00389094487764, 0.00265106768347, 0.00176316127181, 0.000749387894757, 0.000897807767615]
        max: [-0.334825277328, -0.471334755421, -0.535220861435, -0.546829223633, -0.618157625198, -0.535576164722]
        mean: [-0.663423597813, -0.778509438038, -0.787784278393, -0.785617530346, -0.79749673605, -0.746530175209]
        median: [-0.673933267593, -0.786180019379, -0.794498026371, -0.792200028896, -0.801390349865, -0.751516461372]
        min: [-0.983259618282, -0.969656407833, -0.966857254505, -0.956554830074, -0.957018017769, -0.960330486298]
        var: [0.00703531457111, 0.00368623714894, 0.00300972559489, 0.00235487800092, 0.00102613237686, 0.00225020898506]
    scvalleys:
        dmean: [0.396615087986, 0.405269980431, 0.345022320747, 0.293547272682, 0.271765291691, 0.343441694975]
        dmean2: [0.661503970623, 0.651541292667, 0.532239556313, 0.447510659695, 0.409019201994, 0.480784952641]
        dvar: [0.11598700285, 0.116516754031, 0.0866221487522, 0.0719291865826, 0.0842315405607, 0.161670491099]
        dvar2: [0.275410681963, 0.275668382645, 0.18010237813, 0.138298049569, 0.166970402002, 0.327098339796]
        max: [-5.4303278923, -4.95678901672, -5.1025853157, -5.42677307129, -5.47780704498, -7.60253572464]
        mean: [-7.03666114807, -6.80540466309, -6.83402299881, -6.96607017517, -6.80908441544, -9.49916362762]
        median: [-6.71212816238, -6.66338300705, -6.71845817566, -6.8490858078, -6.64319849014, -9.26892852783]
        min: [-27.4366416931, -27.2199649811, -27.0422744751, -27.3596687317, -27.2170562744, -27.28855896]
        var: [1.41262209415, 0.976633071899, 0.987820327282, 0.922976076603, 0.885044336319, 1.19815886021]

rhythm:
    beats_loudness:
        dmean: 0.00235993973911
        dmean2: 0.0041928156279
        dvar: 3.42147245647e-006
        dvar2: 1.02840058389e-005
        max: 0.0129813300446
        mean: 0.00646739033982
        median: 0.00632698647678
        min: 8.88607498695e-009
        var: 7.57441557653e-006
    bpm: 104.960823059
    bpm_confidence: 0
    first_peak_bpm: 105
    first_peak_spread: 0.307432442904
    first_peak_weight: 0.522959172726
    onset_rate: 4.32192516327
    second_peak_bpm: 140
    second_peak_spread: 0.262500017881
    second_peak_weight: 0.150510206819
    beats_loudness_band_ratio:
        dmean: [0.251379311085, 0.0720047205687, 0.0569191016257, 0.100426413119, 0.156071692705, 0.106210783124]
        dmean2: [0.455348283052, 0.132563188672, 0.0996887013316, 0.177545279264, 0.288488447666, 0.192331254482]
        dvar: [0.0338220521808, 0.00394322117791, 0.00354198995046, 0.0127066662535, 0.0180520564318, 0.00769537733868]
        dvar2: [0.114848211408, 0.0116064874455, 0.0104468511418, 0.0332504361868, 0.0557928606868, 0.024567168206]
        max: [0.99786311388, 0.38299408555, 0.502240121365, 0.816628396511, 0.803795933723, 0.640766441822]
        mean: [0.345655590296, 0.0859499052167, 0.085735604167, 0.120394825935, 0.217813625932, 0.196224182844]
        median: [0.311337053776, 0.0692973434925, 0.0671393498778, 0.0802049413323, 0.176845699549, 0.175499498844]
        min: [5.57666062377e-005, 0.00036558858119, 0.000355456460966, 0.000301355117699, 0.000240959270741, 0.000145503785461]
        var: [0.0602090843022, 0.00477212993428, 0.00410066638142, 0.0147209921852, 0.0222960542887, 0.0108310384676]
    beats_position: [0.394739210606, 0.812698423862, 1.23065757751, 1.64861679077, 2.07818579674, 2.50775504112, 2.93732428551, 3.36689329147, 3.78485250473, 4.21442174911, 4.6439909935, 5.07355976105, 5.50312900543, 5.93269824982, 6.3622674942, 6.82666635513, 7.2910656929, 7.75546455383, 8.19664382935, 8.63782310486, 9.07900238037, 9.50857162476, 9.93814086914, 10.379319191, 10.8088884354, 11.2384576797, 11.656416893, 12.0859861374, 12.5155553818, 12.9451246262, 13.3746938705, 13.8042631149, 14.2338323593, 14.6750106812, 15.1161899567, 15.5689792633, 16.0217685699, 16.4745578766, 16.9273471832, 17.3685264587, 17.7980957031, 18.2276649475, 18.6572322845, 19.0868015289, 19.5163707733, 19.9459400177, 20.3755092621, 20.7934684753, 21.2230377197, 21.6526069641, 22.0821762085, 22.5117454529, 22.9413146973, 23.3824939728, 23.8236732483, 24.2648525238, 24.7176418304, 25.1704311371, 25.6232185364, 26.076007843, 26.5171871185, 26.9467563629, 27.3763256073, 27.8058948517, 28.2354640961, 28.6650333405, 29.0946025848, 29.5241718292, 29.9537410736, 30.3717002869, 30.8012695313, 31.2308387756, 31.66040802, 32.0899772644, 32.5195465088, 32.9491157532, 33.3786849976, 33.8082542419, 34.2378234863, 34.6673927307, 35.0969619751, 35.5265312195, 35.9444885254, 36.3740577698, 36.8036270142, 37.2331962585, 37.6627655029, 38.1039466858, 38.5335159302, 38.9630813599, 39.3810424805, 39.8106117249, 40.3795013428, 40.9483909607, 41.5172767639, 42.0861663818, 42.6550559998, 43.2239456177, 43.7928352356, 44.3733329773, 44.9422225952, 45.5111083984, 46.0799980164, 46.6488876343, 47.229385376, 47.7982749939, 48.3671646118, 48.9360542297, 49.5165519714, 50.0854415894, 50.6543312073, 51.2232208252, 51.8037185669, 52.3726081848, 52.941493988, 53.5219955444, 54.0908851624, 54.6597709656, 55.2286605835, 55.7975502014, 56.3780479431, 56.946937561, 57.515827179, 58.0847167969, 58.6536026001, 59.2341041565, 59.8029937744, 60.3718795776, 60.952381134, 61.5212669373, 62.0901565552, 62.6706581116, 63.2395439148, 63.8084335327, 64.3773193359, 64.9462127686, 65.5150985718, 66.0839920044, 66.6644897461, 67.2333755493, 67.8022689819, 68.3827667236, 68.9516525269, 69.5205459595, 70.0894317627, 70.6583175659, 71.2272109985, 71.7960968018, 72.3765945435, 72.9454879761, 73.5143737793, 74.094871521, 74.6753692627, 75.2558746338, 75.824760437, 76.4052581787, 76.9741516113, 77.554649353, 78.1351470947, 78.7156448364, 79.2729263306, 79.8534240723, 80.410697937, 80.9679794312, 81.5252609253, 82.0941467285, 82.6630401611, 83.2319259644, 83.8008117676, 84.3813171387, 84.9502029419, 85.5190887451, 86.0879821777, 86.656867981, 87.2373657227, 87.8178634644, 88.386756897, 88.9556427002, 89.5245361328, 90.093421936, 90.6623077393, 91.2312011719, 91.8000869751, 92.3689804077, 92.9378662109, 93.5067520142, 94.0872573853, 94.6561431885, 95.2250289917, 95.7939224243, 96.3628082275, 96.9433059692, 97.5238113403, 98.0926971436, 98.6615829468, 99.2420806885, 99.8225860596, 100.379859924, 100.937141418, 101.51763916, 102.086524963, 102.655418396, 103.224304199, 103.804801941, 104.373695374, 104.954193115, 105.523078918, 106.091972351, 106.660858154, 107.229751587, 107.810249329, 108.379135132, 108.948028564, 109.528526306, 110.085800171, 110.666305542, 111.246803284, 111.815689087, 112.38457489, 112.953468323, 113.522354126, 114.091247559, 114.660133362, 115.240631104, 115.809524536, 116.378410339, 116.947296143, 117.516189575, 118.096687317, 118.66557312, 119.234466553, 119.803352356, 120.372245789, 120.941131592, 121.510017395, 122.078910828, 122.659408569, 123.239906311, 123.808792114, 124.377685547, 124.94657135, 125.515464783, 126.084350586, 126.653244019, 127.222129822, 127.802627563, 128.383132935, 128.952011108, 129.520904541, 130.089797974, 130.658676147, 131.22756958, 131.796463013, 132.376953125, 132.945846558, 133.51473999, 134.095230103, 134.664123535, 135.233016968, 135.801895142, 136.370788574, 136.939682007, 137.508575439, 138.089065552, 138.657958984, 139.226852417, 139.807342529, 140.376235962, 140.945129395, 141.514007568, 142.082901001, 142.651794434, 143.220672607, 143.78956604, 144.358459473, 144.927337646, 145.507843018, 146.07673645, 146.657226563, 147.237731934, 147.806625366, 148.37550354, 148.944396973, 149.513290405, 150.093780518, 150.674285889, 151.243179321, 151.812057495, 152.380950928, 152.94984436, 153.518722534, 154.087615967, 154.656509399, 155.225387573, 155.794281006, 156.363174438, 156.943664551, 157.524169922, 158.093063354, 158.661941528, 159.230834961, 159.799728394, 160.380218506, 160.949111938, 161.518005371, 162.086883545, 162.655776978, 163.236282349, 163.805160522, 164.385665894, 164.954559326, 165.535049438, 166.103942871, 166.672836304, 167.230117798, 167.81060791, 168.367889404, 168.948379517, 169.517272949, 170.086166382, 170.666656494, 171.247161865, 171.839263916, 172.431381226, 173.023483276, 173.615600586, 174.219314575, 174.823028564, 175.426757813, 176.04208374, 176.645797729, 177.237915039, 177.806793213, 178.375686646, 178.956192017, 179.52507019, 180.093963623, 180.674468994, 181.243347168, 181.812240601, 182.392745972, 182.950012207, 183.51890564, 184.087799072, 184.656692505, 185.225570679, 185.80607605, 186.374969482, 186.943847656, 187.512741089, 188.081634521, 188.662124634, 189.231018066, 189.799911499, 190.380401611, 190.949295044, 191.518188477, 192.098678589, 192.655960083, 193.236465454, 193.805343628, 194.374237061, 194.943130493, 195.512008667, 196.092514038, 196.661407471, 197.230285645, 197.810791016, 198.379684448, 198.948562622, 199.529067993, 200.097961426, 200.6668396, 201.235733032, 201.804626465, 202.373504639, 202.942398071, 203.511291504, 204.080184937, 204.660675049, 205.229568481, 205.810058594, 206.378952026, 206.947845459, 207.516723633, 208.085617065, 208.654510498, 209.23500061, 209.803894043, 210.372787476, 210.93006897, 211.498947144, 212.067840576]
