
metadata:
    version:
        essentia: "2.1-beta2"
    audio_properties:
        analysis_sample_rate: 44100
        bitrate: 320
        channels: 2
        equal_loudness: 1
        length: 274.128967285
        replay_gain: -15.5633811951
        downmix: "mix"
    tags:
        album: "Immortalized"
        artist: "Disturbed"
        comment: ""
        date: ""
        genre: "Alternative Metal"
        title: "Legion Of Monsters (Bonus Track)"
        tracknumber: "15"

configuration:
    average_loudness:
        compute: 1
        frameSize: 88200
        hopSize: 44100
        silentFrames: "noise"
        windowType: "hann"
    general:
        analysisSampleRate: 44100
        endTime: 2000
        equalLoudness: 1
        nequalLoudness: 0
        shortSound: 0
        startTime: 0
    lowlevel:
        compute: 1
        frameSize: 2048
        hopSize: 1024
        zeroPadding: 0
        silentFrames: "noise"
        windowType: "blackmanharris62"
        mfccStats: ["mean", "cov", "icov"]
        stats: ["mean", "var", "median", "min", "max", "dmean", "dmean2", "dvar", "dvar2"]
    panning:
        compute: 0
        frameSize: 8192
        hopSize: 2048
        zeroPadding: 8192
        silentFrames: "noise"
        windowType: "hann"
        stats: ["copy"]
    rhythm:
        compute: 1
        maxTempo: 208
        minTempo: 40
        method: "degara"
        stats: ["mean", "var", "median", "min", "max", "dmean", "dmean2", "dvar", "dvar2"]
    segmentation:
        compute: 0
        cpw: 5
        inc1: 300
        inc2: 50
        minimumSegmentsLength: 10
        size1: 1000
        size2: 600
    sfx:
        compute: 1
        stats: ["mean", "var", "median", "min", "max", "dmean", "dmean2", "dvar", "dvar2"]
    svm:
        compute: 0
    tonal:
        compute: 1
        frameSize: 4096
        hopSize: 2048
        zeroPadding: 0
        silentFrames: "noise"
        windowType: "blackmanharris62"
        stats: ["mean", "var", "median", "min", "max", "dmean", "dmean2", "dvar", "dvar2"]

lowlevel:
    average_loudness: 0.942706644535
    barkbands_kurtosis:
        dmean: 1.0273629427
        dmean2: 1.70129442215
        dvar: 6.79745388031
        dvar2: 15.4086561203
        max: 101.607093811
        mean: -0.2078448385
        median: -0.953208088875
        min: -1.88794505596
        var: 13.433049202
    barkbands_skewness:
        dmean: 0.482998967171
        dmean2: 0.748784124851
        dvar: 0.289382427931
        dvar2: 0.659678697586
        max: 6.81314897537
        mean: -0.146616607904
        median: -0.319286823273
        min: -7.23177099228
        var: 0.878613710403
    barkbands_spread:
        dmean: 6.74891138077
        dmean2: 11.0581197739
        dvar: 40.9159126282
        dvar2: 104.804405212
        max: 84.1951980591
        mean: 34.1555213928
        median: 34.3094406128
        min: 0.613452672958
        var: 114.395118713
    dissonance:
        dmean: 0.011511108838
        dmean2: 0.0194808896631
        dvar: 0.000195959102712
        dvar2: 0.000485221506096
        max: 0.500000178814
        mean: 0.48167476058
        median: 0.486196428537
        min: 0.123434141278
        var: 0.00043468439253
    hfc:
        dmean: 2.80322003365
        dmean2: 4.64890098572
        dvar: 12.1343746185
        dvar2: 31.8075256348
        max: 37.0276298523
        mean: 9.0253534317
        median: 8.40399074554
        min: 1.11605167009e-016
        var: 27.5952796936
    pitch:
        dmean: 823.929016113
        dmean2: 1563.53991699
        dvar: 1627041.75
        dvar2: 3978259.75
        max: 6367.5859375
        mean: 1051.83044434
        median: 337.707977295
        min: 58.2683296204
        var: 1825081.625
    pitch_instantaneous_confidence:
        dmean: 0.0915353745222
        dmean2: 0.147534832358
        dvar: 0.00620243279263
        dvar2: 0.0146934213117
        max: 0.956478595734
        mean: 0.370064198971
        median: 0.342562437057
        min: 0.105809807777
        var: 0.0201901178807
    pitch_salience:
        dmean: 0.0768060609698
        dmean2: 0.127516806126
        dvar: 0.00598536944017
        dvar2: 0.0162483602762
        max: 0.923247873783
        mean: 0.641682326794
        median: 0.659787535667
        min: 0.182232737541
        var: 0.00935809966177
    silence_rate_20dB:
        dmean: 0
        dmean2: 0
        dvar: 0
        dvar2: 0
        max: 1
        mean: 1
        median: 1
        min: 1
        var: 0
    silence_rate_30dB:
        dmean: 0
        dmean2: 0
        dvar: 0
        dvar2: 0
        max: 1
        mean: 1
        median: 1
        min: 1
        var: 0
    silence_rate_60dB:
        dmean: 0.110791124403
        dmean2: 0.221601009369
        dvar: 0.098520308733
        dvar2: 0.200780630112
        max: 1
        mean: 0.24968239665
        median: 0
        min: 0
        var: 0.187345638871
    spectral_centroid:
        dmean: 356.532653809
        dmean2: 562.32800293
        dvar: 146285.921875
        dvar2: 335829.15625
        max: 11369.7480469
        mean: 1965.75354004
        median: 2013.73071289
        min: 164.272857666
        var: 469822.59375
    spectral_complexity:
        dmean: 4.68744707108
        dmean2: 7.76162624359
        dvar: 23.3517589569
        dvar2: 60.1598777771
        max: 45
        mean: 16.2728881836
        median: 16
        min: 0
        var: 65.9607315063
    spectral_crest:
        dmean: 2.13738059998
        dmean2: 3.51965069771
        dvar: 4.22925376892
        dvar2: 10.7532014847
        max: 24.7541980743
        mean: 6.57426786423
        median: 5.73835992813
        min: 2.16327357292
        var: 9.19640922546
    spectral_decrease:
        dmean: 3.49848150449e-010
        dmean2: 5.44621792109e-010
        dvar: 2.94851217682e-019
        dvar2: 6.9217682667e-019
        max: 9.10213389905e-029
        mean: -1.02619812647e-009
        median: -9.44445410767e-010
        min: -5.12217379622e-009
        var: 4.13805657579e-019
    spectral_energy:
        dmean: 0.00151298078708
        dmean2: 0.00235609523952
        dvar: 4.78441779705e-006
        dvar2: 1.11874387585e-005
        max: 0.0210010111332
        mean: 0.00469173351303
        median: 0.00439461227506
        min: 1.0333825221e-020
        var: 7.49067385186e-006
    spectral_energyband_high:
        dmean: 0.000309218419716
        dmean2: 0.000512030383106
        dvar: 1.77163769877e-007
        dvar2: 4.4841007707e-007
        max: 0.00628976197913
        mean: 0.000706851715222
        median: 0.000490538950544
        min: 7.25848644914e-021
        var: 4.22130881361e-007
    spectral_energyband_low:
        dmean: 0.000322890497046
        dmean2: 0.000545947637875
        dvar: 2.49749660952e-007
        dvar2: 6.5787804715e-007
        max: 0.00607304088771
        mean: 0.00047078327043
        median: 0.000304200366372
        min: 4.54618267759e-023
        var: 2.76573473457e-007
    spectral_energyband_middle_high:
        dmean: 0.000669718137942
        dmean2: 0.00109200901352
        dvar: 5.18376964465e-007
        dvar2: 1.30753312533e-006
        max: 0.0107242576778
        mean: 0.00219696038403
        median: 0.00207208120264
        min: 1.48500558723e-021
        var: 1.71126009718e-006
    spectral_energyband_middle_low:
        dmean: 0.00092604465317
        dmean2: 0.00148639187682
        dvar: 4.12324106946e-006
        dvar2: 9.91441265796e-006
        max: 0.0181300677359
        mean: 0.00147466477938
        median: 0.000913104100619
        min: 2.58818018104e-022
        var: 4.41574002252e-006
    spectral_flatness_db:
        dmean: 0.0168089214712
        dmean2: 0.0270548909903
        dvar: 0.000339503167197
        dvar2: 0.000844954978675
        max: 0.458633810282
        mean: 0.131125539541
        median: 0.121584430337
        min: 0.0562214590609
        var: 0.00185138918459
    spectral_flux:
        dmean: 0.00928888097405
        dmean2: 0.0138433836401
        dvar: 0.000124661848531
        dvar2: 0.000273457349977
        max: 0.122024849057
        mean: 0.0438374169171
        median: 0.0425476431847
        min: 6.69446234558e-011
        var: 0.000266003597062
    spectral_kurtosis:
        dmean: 0.89530134201
        dmean2: 1.48650097847
        dvar: 4.03200340271
        dvar2: 10.5001783371
        max: 79.5941467285
        mean: 2.58373594284
        median: 2.20187211037
        min: -1.23861634731
        var: 8.64824867249
    spectral_rms:
        dmean: 0.000321171974065
        dmean2: 0.000484234100441
        dvar: 1.46163955606e-007
        dvar2: 3.14651572353e-007
        max: 0.00452645448968
        mean: 0.00204761861823
        median: 0.00207061017863
        min: 3.1751819056e-012
        var: 3.84567414358e-007
    spectral_rolloff:
        dmean: 497.116210938
        dmean2: 830.99407959
        dvar: 507964.65625
        dvar2: 1238282.75
        max: 18992.2851563
        mean: 3650.94604492
        median: 3725.24414063
        min: 150.732421875
        var: 1085163.75
    spectral_skewness:
        dmean: 0.158856362104
        dmean2: 0.254341691732
        dvar: 0.044257260859
        dvar2: 0.104954764247
        max: 6.89029455185
        mean: 1.20397722721
        median: 1.18851721287
        min: -0.615792572498
        var: 0.13961315155
    spectral_spread:
        dmean: 513457.125
        dmean2: 747285.375
        dvar: 541330210816
        dvar2: 934508036096
        max: 41373572
        mean: 5446489.5
        median: 5287668
        min: 929971.125
        var: 2.80450144666e+012
    spectral_strongpeak:
        dmean: 0.558352828026
        dmean2: 0.962912023067
        dvar: 0.567770421505
        dvar2: 1.47945821285
        max: 9.82989788055
        mean: 0.734996497631
        median: 0.379096388817
        min: 0
        var: 0.802173852921
    zerocrossingrate:
        dmean: 0.0104621471837
        dmean2: 0.0129454713315
        dvar: 0.000125045422465
        dvar2: 0.000167434001924
        max: 0.515625
        mean: 0.110437124968
        median: 0.1123046875
        min: 0.01171875
        var: 0.00083105545491
    barkbands:
        dmean: [4.9918418199e-007, 6.85906852596e-005, 0.000216512256884, 0.000354206975317, 0.000443522119895, 0.000110246481199, 9.97973911581e-005, 9.25035274122e-005, 0.000105017490569, 9.19746453292e-005, 6.13900265307e-005, 9.91861306829e-005, 8.79618382896e-005, 0.000104360486148, 9.18352307053e-005, 0.000140446383739, 0.000160443392815, 0.000136273520184, 0.00019724892627, 0.00018392765196, 0.000175769164343, 5.6046712416e-005, 8.83414486452e-006, 5.68870109419e-006, 2.84604448098e-006, 1.01240566153e-007, 2.96275032285e-010]
        dmean2: [7.19981642305e-007, 0.000116081529995, 0.000368016946595, 0.000580289633945, 0.000734381726943, 0.000185247437912, 0.000168645827216, 0.000152229738887, 0.000173549735337, 0.000150022053276, 9.9731136288e-005, 0.000160689509357, 0.000141489988891, 0.000169956838363, 0.000147531813127, 0.000228758741287, 0.000264295726083, 0.000235580926528, 0.000328241963871, 0.000301950902212, 0.000295142788673, 9.65076105786e-005, 1.50964697241e-005, 9.1525444077e-006, 4.58165504824e-006, 1.60221574674e-007, 5.19422338474e-010]
        dvar: [6.21586115912e-013, 9.65460600355e-009, 1.50133502075e-007, 7.59054501032e-007, 1.33931598612e-006, 4.58294273642e-008, 3.2575389497e-008, 4.29161133297e-008, 2.34848087644e-008, 2.11669206607e-008, 1.15670264478e-008, 4.50752182246e-008, 2.77037432994e-008, 3.35734782198e-008, 2.99006259752e-008, 7.69610295492e-008, 4.68487399985e-008, 3.43818555848e-008, 5.80585428622e-008, 6.16360864569e-008, 6.12456290128e-008, 8.03510147307e-009, 1.84401105496e-010, 9.80545436513e-011, 3.46912429339e-011, 3.85606802565e-014, 2.31307383971e-019]
        dvar2: [1.26173810983e-012, 2.57859671393e-008, 4.05663598713e-007, 1.84516773061e-006, 3.42744783666e-006, 1.17644781028e-007, 8.18075989173e-008, 1.03199305101e-007, 5.89132476136e-008, 5.1507122123e-008, 2.81693868232e-008, 1.10825688182e-007, 6.62861054934e-008, 8.48490415706e-008, 7.17563466424e-008, 2.06427031912e-007, 1.1872428729e-007, 9.39479818385e-008, 1.48980589643e-007, 1.5276239651e-007, 1.57100572551e-007, 2.171757707e-008, 4.84020656888e-010, 2.20702164877e-010, 8.1483993164e-011, 9.33235015958e-014, 6.22568802642e-019]
        max: [6.98329404258e-006, 0.00103674503043, 0.00389204849489, 0.00725461868569, 0.00971190258861, 0.00599022675306, 0.00416027614847, 0.00381030119024, 0.00261445972137, 0.00273239100352, 0.00218559405766, 0.00554377259687, 0.003653554013, 0.00269580841996, 0.00474708341062, 0.00929260160774, 0.00601791217923, 0.00219078385271, 0.00401523383334, 0.0047324472107, 0.00381343415938, 0.00110889121424, 0.000181490104296, 0.00016160029918, 0.000108679203549, 3.7667646211e-006, 1.05082200719e-008]
        mean: [6.02239992986e-007, 9.11873357836e-005, 0.000262407789705, 0.000369080720702, 0.000471799256047, 0.000151306958287, 0.00012331547623, 0.000126669430756, 0.000169455510331, 0.000144435674883, 0.00010048749391, 0.00015896212426, 0.000139176496305, 0.000161195494002, 0.000159225804964, 0.000254112965195, 0.000295704201562, 0.000231047830312, 0.00042257658788, 0.0003933373373, 0.000338264129823, 9.48785382207e-005, 1.5969719243e-005, 1.13873657028e-005, 4.97366090713e-006, 1.84207962661e-007, 3.63146623883e-010]
        median: [1.20962056371e-007, 5.98271362833e-005, 0.000138620045618, 8.88385984581e-005, 0.000165811274201, 7.05783240846e-005, 6.29627102171e-005, 5.31823061465e-005, 0.000103560996649, 8.87272835826e-005, 5.39044558536e-005, 7.45921061025e-005, 6.43161765765e-005, 7.8290089732e-005, 7.81094131526e-005, 0.000132924542413, 0.000223814247875, 0.000173211505171, 0.000326904089889, 0.000282647815766, 0.000203750663786, 5.94341363467e-005, 1.20593967949e-005, 7.9142910181e-006, 2.97303836305e-006, 1.0760411584e-007, 1.50369883212e-010]
        min: [3.32659567174e-024, 1.58205202572e-023, 3.86334925343e-024, 8.32182621781e-024, 9.66064939171e-024, 8.83305147174e-024, 9.4357459365e-024, 3.06935144376e-023, 2.73814409063e-023, 3.33205695579e-023, 4.52636554502e-023, 4.23110973878e-023, 3.92343000438e-023, 5.29921604486e-023, 7.46377842467e-023, 7.96562144031e-023, 8.22155063716e-023, 1.99184361964e-022, 1.77009166374e-022, 1.81812205949e-022, 2.59798553277e-022, 4.4691219481e-022, 4.46802334885e-022, 7.09922207143e-022, 9.85436359021e-022, 1.43720642239e-021, 2.13575974288e-021]
        var: [1.04682343523e-012, 1.10075832893e-008, 1.47912018633e-007, 8.05735510312e-007, 1.15981163162e-006, 6.52510934174e-008, 3.70461705756e-008, 6.25966407597e-008, 4.37716529689e-008, 3.81881903877e-008, 2.44985383091e-008, 8.98825760487e-008, 5.31597699194e-008, 5.75762300059e-008, 6.65788491006e-008, 1.57468988959e-007, 8.46835561674e-008, 4.47734578302e-008, 1.4172644569e-007, 1.51499563117e-007, 1.34771184435e-007, 1.20020198224e-008, 2.46851400432e-010, 1.93080690325e-010, 5.39290313795e-011, 6.28571088408e-014, 4.17348446293e-019]
    frequency_bands:
        dmean: [4.9918418199e-007, 6.85906852596e-005, 0.000216512256884, 0.000354206975317, 0.000443522119895, 0.000110246481199, 9.97973911581e-005, 9.25035274122e-005, 0.000105017490569, 9.19746453292e-005, 6.13900265307e-005, 9.91861306829e-005, 8.79618382896e-005, 0.000104360486148, 9.18352307053e-005, 0.000140446383739, 0.000160443392815, 0.000136273520184, 0.00019724892627, 0.00018392765196, 0.000175769164343, 5.6046712416e-005, 8.83414486452e-006, 5.68870109419e-006, 2.84604448098e-006, 1.01240566153e-007, 2.96275032285e-010, 5.53495929645e-011]
        dmean2: [7.19981642305e-007, 0.000116081529995, 0.000368016946595, 0.000580289633945, 0.000734381726943, 0.000185247437912, 0.000168645827216, 0.000152229738887, 0.000173549735337, 0.000150022053276, 9.9731136288e-005, 0.000160689509357, 0.000141489988891, 0.000169956838363, 0.000147531813127, 0.000228758741287, 0.000264295726083, 0.000235580926528, 0.000328241963871, 0.000301950902212, 0.000295142788673, 9.65076105786e-005, 1.50964697241e-005, 9.1525444077e-006, 4.58165504824e-006, 1.60221574674e-007, 5.19422338474e-010, 1.03190837819e-010]
        dvar: [6.21586115912e-013, 9.65460600355e-009, 1.50133502075e-007, 7.59054501032e-007, 1.33931598612e-006, 4.58294273642e-008, 3.2575389497e-008, 4.29161133297e-008, 2.34848087644e-008, 2.11669206607e-008, 1.15670264478e-008, 4.50752182246e-008, 2.77037432994e-008, 3.35734782198e-008, 2.99006259752e-008, 7.69610295492e-008, 4.68487399985e-008, 3.43818555848e-008, 5.80585428622e-008, 6.16360864569e-008, 6.12456290128e-008, 8.03510147307e-009, 1.84401105496e-010, 9.80545436513e-011, 3.46912429339e-011, 3.85606802565e-014, 2.31307383971e-019, 6.20390386956e-021]
        dvar2: [1.26173810983e-012, 2.57859671393e-008, 4.05663598713e-007, 1.84516773061e-006, 3.42744783666e-006, 1.17644781028e-007, 8.18075989173e-008, 1.03199305101e-007, 5.89132476136e-008, 5.1507122123e-008, 2.81693868232e-008, 1.10825688182e-007, 6.62861054934e-008, 8.48490415706e-008, 7.17563466424e-008, 2.06427031912e-007, 1.1872428729e-007, 9.39479818385e-008, 1.48980589643e-007, 1.5276239651e-007, 1.57100572551e-007, 2.171757707e-008, 4.84020656888e-010, 2.20702164877e-010, 8.1483993164e-011, 9.33235015958e-014, 6.22568802642e-019, 1.9967963888e-020]
        max: [6.98329404258e-006, 0.00103674503043, 0.00389204849489, 0.00725461868569, 0.00971190258861, 0.00599022675306, 0.00416027614847, 0.00381030119024, 0.00261445972137, 0.00273239100352, 0.00218559405766, 0.00554377259687, 0.003653554013, 0.00269580841996, 0.00474708341062, 0.00929260160774, 0.00601791217923, 0.00219078385271, 0.00401523383334, 0.0047324472107, 0.00381343415938, 0.00110889121424, 0.000181490104296, 0.00016160029918, 0.000108679203549, 3.7667646211e-006, 1.05082200719e-008, 1.21964705002e-009]
        mean: [6.02239992986e-007, 9.11873357836e-005, 0.000262407789705, 0.000369080720702, 0.000471799256047, 0.000151306958287, 0.00012331547623, 0.000126669430756, 0.000169455510331, 0.000144435674883, 0.00010048749391, 0.00015896212426, 0.000139176496305, 0.000161195494002, 0.000159225804964, 0.000254112965195, 0.000295704201562, 0.000231047830312, 0.00042257658788, 0.0003933373373, 0.000338264129823, 9.48785382207e-005, 1.5969719243e-005, 1.13873657028e-005, 4.97366090713e-006, 1.84207962661e-007, 3.63146623883e-010, 4.18245854616e-011]
        median: [1.20962056371e-007, 5.98271362833e-005, 0.000138620045618, 8.88385984581e-005, 0.000165811274201, 7.05783240846e-005, 6.29627102171e-005, 5.31823061465e-005, 0.000103560996649, 8.87272835826e-005, 5.39044558536e-005, 7.45921061025e-005, 6.43161765765e-005, 7.8290089732e-005, 7.81094131526e-005, 0.000132924542413, 0.000223814247875, 0.000173211505171, 0.000326904089889, 0.000282647815766, 0.000203750663786, 5.94341363467e-005, 1.20593967949e-005, 7.9142910181e-006, 2.97303836305e-006, 1.0760411584e-007, 1.50369883212e-010, 1.55402392343e-011]
        min: [3.32659567174e-024, 1.58205202572e-023, 3.86334925343e-024, 8.32182621781e-024, 9.66064939171e-024, 8.83305147174e-024, 9.4357459365e-024, 3.06935144376e-023, 2.73814409063e-023, 3.33205695579e-023, 4.52636554502e-023, 4.23110973878e-023, 3.92343000438e-023, 5.29921604486e-023, 7.46377842467e-023, 7.96562144031e-023, 8.22155063716e-023, 1.99184361964e-022, 1.77009166374e-022, 1.81812205949e-022, 2.59798553277e-022, 4.4691219481e-022, 4.46802334885e-022, 7.09922207143e-022, 9.85436359021e-022, 1.43720642239e-021, 2.13575974288e-021, 6.42752707925e-022]
        var: [1.04682343523e-012, 1.10075832893e-008, 1.47912018633e-007, 8.05735510312e-007, 1.15981163162e-006, 6.52510934174e-008, 3.70461705756e-008, 6.25966407597e-008, 4.37716529689e-008, 3.81881903877e-008, 2.44985383091e-008, 8.98825760487e-008, 5.31597699194e-008, 5.75762300059e-008, 6.65788491006e-008, 1.57468988959e-007, 8.46835561674e-008, 4.47734578302e-008, 1.4172644569e-007, 1.51499563117e-007, 1.34771184435e-007, 1.20020198224e-008, 2.46851400432e-010, 1.93080690325e-010, 5.39290313795e-011, 6.28571088408e-014, 4.17348446293e-019, 4.76447914505e-021]
    mfcc:
        mean: [-689.832519531, 84.6793136597, -42.5719413757, 44.6900939941, -13.5530290604, 0.535680413246, 2.97487282753, -3.81481218338, 3.27660965919, -3.31147742271, -5.37039232254, -2.26633119583, -7.15134620667]
        cov: [[3672.66918945, -195.601257324, 23.9165229797, 313.248352051, 177.707183838, 380.293914795, 253.37159729, 87.0362854004, 108.303413391, 64.0744094849, 40.908454895, 81.8504180908, 18.8345890045], [-195.601257324, 540.521606445, -85.5276107788, 56.2833099365, 7.00296926498, -27.1331424713, -22.2203464508, 11.4253129959, 4.24730396271, -15.0058488846, -0.0367515347898, -20.3002796173, 11.1581201553], [23.9165229797, -85.5276107788, 392.022277832, -14.2443132401, 88.4712982178, 25.5308971405, -37.0826759338, -3.13539791107, -44.8199958801, -30.6900234222, -23.1564388275, -11.7590208054, -21.3820400238], [313.248352051, 56.2833099365, -14.2443132401, 296.689178467, 87.6548614502, 89.223274231, 25.4163589478, 36.8423194885, 61.9142532349, 8.46164417267, 15.4044303894, 6.63484096527, 25.4701747894], [177.707183838, 7.00296926498, 88.4712982178, 87.6548614502, 227.512054443, 65.814201355, 7.53606414795, 36.126083374, 26.8150882721, 41.4162025452, 0.667925298214, 10.6235599518, 20.1899929047], [380.293914795, -27.1331424713, 25.5308971405, 89.223274231, 65.814201355, 189.700180054, 84.2083282471, 20.9216651917, 31.5163402557, 16.7709197998, 9.53423500061, 34.6244163513, 3.84852313995], [253.37159729, -22.2203464508, -37.0826759338, 25.4163589478, 7.53606414795, 84.2083282471, 226.172286987, 85.7697601318, 15.7506542206, 12.7944726944, 33.2403678894, 34.4855880737, -8.81547737122], [87.0362854004, 11.4253129959, -3.13539791107, 36.8423194885, 36.126083374, 20.9216651917, 85.7697601318, 137.71496582, 22.6281585693, 6.77285337448, 20.9881076813, 5.23117017746, 11.5115356445], [108.303413391, 4.24730396271, -44.8199958801, 61.9142532349, 26.8150882721, 31.5163402557, 15.7506542206, 22.6281585693, 118.329322815, 47.0396881104, 16.4890975952, 11.9572954178, 18.590763092], [64.0744094849, -15.0058488846, -30.6900234222, 8.46164417267, 41.4162025452, 16.7709197998, 12.7944726944, 6.77285337448, 47.0396881104, 98.8832397461, 22.5056800842, 14.5359725952, 6.78679466248], [40.908454895, -0.0367515347898, -23.1564388275, 15.4044303894, 0.667925298214, 9.53423500061, 33.2403678894, 20.9881076813, 16.4890975952, 22.5056800842, 79.3104476929, 15.9859018326, 10.7053871155], [81.8504180908, -20.3002796173, -11.7590208054, 6.63484096527, 10.6235599518, 34.6244163513, 34.4855880737, 5.23117017746, 11.9572954178, 14.5359725952, 15.9859018326, 93.2578125, 25.7264785767], [18.8345890045, 11.1581201553, -21.3820400238, 25.4701747894, 20.1899929047, 3.84852313995, -8.81547737122, 11.5115356445, 18.590763092, 6.78679466248, 10.7053871155, 25.7264785767, 74.9008102417]]
        icov: [[0.000366799067706, 0.000123833931866, 1.53589735419e-005, -0.000222790753469, -4.81614588352e-005, -0.000507639662828, -0.000189329133718, 3.19031751133e-005, -3.18227685057e-005, -5.36728439329e-005, 1.43630295497e-005, -3.12451334139e-006, -6.87682222633e-006], [0.000123833931866, 0.00207994808443, 0.000558566360269, -0.000474392028991, -0.000317921629176, 0.000140164949698, 0.000162624317454, -0.000192009363673, 0.000123722711578, 0.00046094993013, -5.15456449648e-005, 0.000323287502397, -6.92235553288e-005], [1.53589735419e-005, 0.000558566360269, 0.0034837780986, 0.000422860844992, -0.00177685730159, -0.000657451513689, 0.000916124437936, -0.000400277058361, 0.000867621740326, 0.00139041780494, 1.75080440385e-005, 1.38587010952e-005, 0.00109714095015], [-0.000222790753469, -0.000474392028991, 0.000422860844992, 0.00511609716341, -0.0014406015398, -0.00167622603476, 0.000597034872044, -0.000522672897205, -0.00204023602419, 0.00170011073351, -0.000762880139519, 0.000680413329974, -0.000639600446448], [-4.81614588352e-005, -0.000317921629176, -0.00177685730159, -0.0014406015398, 0.00705743907019, -0.00146876252256, 0.000770159123931, -0.00168343703263, 0.000649015710223, -0.00360775645822, 0.00109176151454, 9.69572429312e-005, -0.00145896221511], [-0.000507639662828, 0.000140164949698, -0.000657451513689, -0.00167622603476, -0.00146876252256, 0.00936365779489, -0.00316437403671, 0.00177201279439, -0.00105604506098, 0.0002077438985, 0.000603507854976, -0.00188161164988, 0.000562431116123], [-0.000189329133718, 0.000162624317454, 0.000916124437936, 0.000597034872044, 0.000770159123931, -0.00316437403671, 0.00835446361452, -0.00496117118746, 0.000745233031921, -7.73545889388e-006, -0.00166341604199, -0.00194983463734, 0.00250583770685], [3.19031751133e-005, -0.000192009363673, -0.000400277058361, -0.000522672897205, -0.00168343703263, 0.00177201279439, -0.00496117118746, 0.0111286221072, -0.0015814882936, 0.00108112755697, -0.00110372679774, 0.0014023212716, -0.00187682267278], [-3.18227685057e-005, 0.000123722711578, 0.000867621740326, -0.00204023602419, 0.000649015710223, -0.00105604506098, 0.000745233031921, -0.0015814882936, 0.0126315401867, -0.00552088255063, 2.06326822081e-005, 0.000100546290923, -0.00153132365085], [-5.36728439329e-005, 0.00046094993013, 0.00139041780494, 0.00170011073351, -0.00360775645822, 0.0002077438985, -7.73545889388e-006, 0.00108112755697, -0.00552088255063, 0.0153528358787, -0.00336377345957, -0.00100700592156, 0.00136421690695], [1.43630295497e-005, -5.15456449648e-005, 1.75080440385e-005, -0.000762880139519, 0.00109176151454, 0.000603507854976, -0.00166341604199, -0.00110372679774, 2.06326822081e-005, -0.00336377345957, 0.0150738107041, -0.00128852727357, -0.00149517552927], [-3.12451334139e-006, 0.000323287502397, 1.38587010952e-005, 0.000680413329974, 9.69572429312e-005, -0.00188161164988, -0.00194983463734, 0.0014023212716, 0.000100546290923, -0.00100700592156, -0.00128852727357, 0.0138683477417, -0.00516222091392], [-6.87682222633e-006, -6.92235553288e-005, 0.00109714095015, -0.000639600446448, -0.00145896221511, 0.000562431116123, 0.00250583770685, -0.00187682267278, -0.00153132365085, 0.00136421690695, -0.00149517552927, -0.00516222091392, 0.0170847419649]]
    sccoeffs:
        dmean: [0.0626641735435, 0.0481063202024, 0.0392500162125, 0.0322564356029, 0.0217377692461, 0.0201535783708]
        dmean2: [0.100567519665, 0.0783288925886, 0.0651695877314, 0.0517889522016, 0.0351621843874, 0.0316351875663]
        dvar: [0.00296007562429, 0.00154784787446, 0.000946734391619, 0.00062959745992, 0.000325443892507, 0.000341529434081]
        dvar2: [0.00720032863319, 0.00391861936077, 0.00246694171801, 0.0016050033737, 0.000778379268013, 0.000766816257965]
        max: [-0.228341475129, -0.428948938847, -0.518301010132, -0.513071596622, -0.59843569994, -0.444025486708]
        mean: [-0.6592233181, -0.772127687931, -0.784169614315, -0.778632044792, -0.793231010437, -0.74516159296]
        median: [-0.670266270638, -0.7807508111, -0.788507759571, -0.782713353634, -0.796443760395, -0.74984306097]
        min: [-0.976443946362, -0.969080030918, -0.970147252083, -0.964097082615, -0.963645040989, -0.962210536003]
        var: [0.00783293880522, 0.00404567411169, 0.00255547021516, 0.00230460125022, 0.00102315889671, 0.0019967192784]
    scvalleys:
        dmean: [0.396395504475, 0.397842437029, 0.32092025876, 0.275690883398, 0.250748574734, 0.296532392502]
        dmean2: [0.659620940685, 0.644125282764, 0.510747611523, 0.432250291109, 0.391026616096, 0.446040570736]
        dvar: [0.115834921598, 0.129309162498, 0.0907275378704, 0.0754870027304, 0.086035579443, 0.151789858937]
        dvar2: [0.280059248209, 0.302664548159, 0.189847186208, 0.151183500886, 0.171803548932, 0.310080677271]
        max: [-5.36587715149, -4.65730190277, -5.28977584839, -5.60628032684, -5.57871770859, -7.52147579193]
        mean: [-6.94791603088, -6.67810916901, -6.80821847916, -7.03161144257, -6.85784101486, -9.22522640228]
        median: [-6.6965842247, -6.62525129318, -6.68579292297, -6.90762710571, -6.70193433762, -8.96992778778]
        min: [-27.7261543274, -27.7897014618, -27.5770587921, -27.4919891357, -27.4120540619, -27.2759189606]
        var: [1.46598601341, 0.703293800354, 0.708401203156, 0.692491829395, 0.745877325535, 1.31131768227]

rhythm:
    beats_loudness:
        dmean: 0.00454747723415
        dmean2: 0.00870581250638
        dvar: 7.87168937677e-006
        dvar2: 2.83139106614e-005
        max: 0.015012357384
        mean: 0.00760960159823
        median: 0.00672550499439
        min: 1.82808264526e-007
        var: 1.26981249196e-005
    bpm: 128.084472656
    bpm_confidence: 0
    first_peak_bpm: 129
    first_peak_spread: 0.361061960459
    first_peak_weight: 0.614991486073
    onset_rate: 3.5822558403
    second_peak_bpm: 123
    second_peak_spread: 0.166666641831
    second_peak_weight: 0.0085178874433
    beats_loudness_band_ratio:
        dmean: [0.395207852125, 0.124193117023, 0.0723090842366, 0.105102971196, 0.158140927553, 0.156972840428]
        dmean2: [0.759750247002, 0.237866729498, 0.134574219584, 0.199200555682, 0.301087498665, 0.295112788677]
        dvar: [0.0562888868153, 0.00578772882, 0.0131583046168, 0.0122833941132, 0.0161844491959, 0.0172666106373]
        dvar2: [0.204226523638, 0.0184283480048, 0.0400477834046, 0.0378895699978, 0.0523508898914, 0.0549018457532]
        max: [0.85046505928, 0.600725829601, 0.883222222328, 0.576273083687, 0.690684974194, 0.950332343578]
        mean: [0.426871955395, 0.122014768422, 0.0916240885854, 0.104630172253, 0.161841526628, 0.180848315358]
        median: [0.465926468372, 0.122000262141, 0.0605512410402, 0.0674677565694, 0.123721003532, 0.133394688368]
        min: [4.91127939313e-005, 0.000177277092007, 0.000406152918003, 0.00114444666542, 0.0016200671671, 0.000594957731664]
        var: [0.0816778615117, 0.00805150624365, 0.013066756539, 0.0103122694418, 0.0162387657911, 0.0189643260092]
    beats_position: [0.31346938014, 0.650158703327, 0.986848056316, 1.31192743778, 1.64861679077, 1.99691605568, 2.34521532059, 2.69351458549, 3.04181408882, 3.39011335373, 3.75002264977, 4.1099319458, 4.48145103455, 4.85297060013, 5.22448968887, 5.59600877762, 6.06040811539, 6.5015873909, 6.9543762207, 7.40716552734, 7.87156438828, 8.33596324921, 8.80036258698, 9.26476192474, 9.72916126251, 10.1935596466, 10.6811790466, 11.1804075241, 11.6680269241, 12.144036293, 12.6084346771, 13.0728340149, 13.5372333527, 14.0132427216, 14.4776411057, 14.9536504745, 15.4180498123, 15.8824491501, 16.3468475342, 16.8112468719, 17.2872562408, 17.7632656097, 18.2276649475, 18.6920623779, 19.1564617157, 19.6208610535, 20.0968704224, 20.5728797913, 21.037279129, 21.5132884979, 21.9776859283, 22.4420852661, 22.918094635, 23.3824939728, 23.8468933105, 24.3112926483, 24.7873020172, 25.2633094788, 25.7277088165, 26.1921081543, 26.6565074921, 27.132516861, 27.5969161987, 28.0613155365, 28.537322998, 29.0133323669, 29.4893417358, 29.9537410736, 30.4181404114, 30.8825397491, 31.3469390869, 31.8113365173, 32.2873458862, 32.7633552551, 33.2277526855, 33.6921539307, 34.1565513611, 34.6441726685, 35.1085700989, 35.572971344, 36.0373687744, 36.5017662048, 36.9777755737, 37.4537849426, 37.9181861877, 38.3825836182, 38.8469848633, 39.3113822937, 39.7873916626, 40.2634010315, 40.7277984619, 41.192199707, 41.6682090759, 42.1326065063, 42.6086158752, 43.0730133057, 43.5374145508, 44.0134239197, 44.4894332886, 44.953830719, 45.4182319641, 45.8826293945, 46.347026825, 46.8114280701, 47.287437439, 47.7634468079, 48.2278442383, 48.6922454834, 49.1566429138, 49.6210403442, 50.0854415894, 50.5614509583, 51.0374603271, 51.5018577576, 51.9662590027, 52.4422683716, 52.9182739258, 53.3826751709, 53.8470726013, 54.3114738464, 54.7758712769, 55.2518806458, 55.7278900146, 56.1922874451, 56.6566886902, 57.1326980591, 57.5970954895, 58.0731048584, 58.5375061035, 59.0019035339, 59.4663009644, 59.9423103333, 60.4067115784, 60.8827209473, 61.3471183777, 61.8115196228, 62.2875289917, 62.7635345459, 63.227935791, 63.6923332214, 64.1567306519, 64.621131897, 65.0971450806, 65.5615386963, 66.0375518799, 66.5019454956, 66.9779586792, 67.4539642334, 67.9183654785, 68.3827667236, 68.8471679688, 69.3115615845, 69.7759628296, 70.2403640747, 70.7047576904, 71.180770874, 71.6567764282, 72.1327896118, 72.5971832275, 73.0731964111, 73.5375976563, 74.001991272, 74.4663925171, 74.9424057007, 75.4184112549, 75.8828125, 76.3472061157, 76.8232192993, 77.2992248535, 77.7636260986, 78.2280273438, 78.6924285889, 79.1568222046, 79.6328353882, 80.1088409424, 80.5732421875, 81.0376434326, 81.5020370483, 81.9664382935, 82.4424438477, 82.9184570313, 83.3828582764, 83.8472518921, 84.3116531372, 84.7760543823, 85.2520599365, 85.7164611816, 86.1924667358, 86.656867981, 87.1328811646, 87.6088867188, 88.0732879639, 88.537689209, 89.0020828247, 89.4780960083, 89.9541015625, 90.4185028076, 90.8829040527, 91.3472976685, 91.8116989136, 92.2761001587, 92.7521057129, 93.2281188965, 93.6925125122, 94.1569137573, 94.6213150024, 95.0857162476, 95.5617218018, 96.037727356, 96.5021286011, 96.9665298462, 97.4425354004, 97.918548584, 98.3829498291, 98.8473434448, 99.3117446899, 99.7877502441, 100.263763428, 100.728164673, 101.192558289, 101.668571472, 102.144577026, 102.608978271, 103.073379517, 103.537773132, 104.002174377, 104.478187561, 104.954193115, 105.41859436, 105.882987976, 106.347389221, 106.811790466, 107.287796021, 107.763809204, 108.22820282, 108.692604065, 109.15700531, 109.621406555, 110.097412109, 110.573425293, 111.037818909, 111.502220154, 111.978225708, 112.454238892, 112.918640137, 113.383033752, 113.847434998, 114.311836243, 114.787841797, 115.252243042, 115.728248596, 116.192649841, 116.657051086, 117.121452332, 117.585845947, 118.061859131, 118.537864685, 119.00226593, 119.466667175, 119.942672729, 120.418685913, 120.883079529, 121.347480774, 121.811882019, 122.287887573, 122.763900757, 123.228294373, 123.692695618, 124.157096863, 124.633102417, 125.109115601, 125.573509216, 126.037910461, 126.513923645, 126.989929199, 127.454330444, 127.91872406, 128.383132935, 128.847518921, 129.311920166, 129.78793335, 130.263946533, 130.728347778, 131.192733765, 131.65713501, 132.133148193, 132.597549438, 133.073562622, 133.537963867, 134.002349854, 134.478363037, 134.954376221, 135.418777466, 135.883178711, 136.347564697, 136.811965942, 137.276367188, 137.752380371, 138.228393555, 138.692779541, 139.157180786, 139.621582031, 140.097595215, 140.56199646, 141.037994385, 141.50239563, 141.978408813, 142.454421997, 142.918823242, 143.383224487, 143.847610474, 144.312011719, 144.776412964, 145.240814209, 145.705215454, 146.192825317, 146.657226563, 147.133239746, 147.597640991, 148.073654175, 148.538040161, 149.002441406, 149.466842651, 149.942855835, 150.418869019, 150.883255005, 151.34765625, 151.823669434, 152.299682617, 152.764083862, 153.228485107, 153.692871094, 154.157272339, 154.633285522, 155.109298706, 155.573699951, 156.038085938, 156.502487183, 156.966888428, 157.431289673, 157.907302856, 158.383300781, 158.847702026, 159.312103271, 159.788116455, 160.264129639, 160.728515625, 161.19291687, 161.657318115, 162.133331299, 162.597732544, 163.073745728, 163.538131714, 164.002532959, 164.466934204, 164.942947388, 165.407348633, 165.883346558, 166.347747803, 166.812149048, 167.288162231, 167.764175415, 168.228561401, 168.692962646, 169.157363892, 169.633377075, 170.109390259, 170.573776245, 171.03817749, 171.502578735, 171.96697998, 172.431381226, 172.907394409, 173.371795654, 173.847793579, 174.312194824, 174.776596069, 175.252609253, 175.717010498, 176.193008423, 176.657409668, 177.133422852, 177.597824097, 178.073822021, 178.538223267, 179.002624512, 179.467025757, 179.931427002, 180.407440186, 180.88343811, 181.347839355, 181.812240601, 182.276641846, 182.752655029, 183.228652954, 183.693054199, 184.157455444, 184.633468628, 185.097869873, 185.573867798, 186.038269043, 186.502670288, 186.967071533, 187.443084717, 187.919082642, 188.383483887, 188.847885132, 189.312286377, 189.776687622, 190.252700806, 190.72869873, 191.193099976, 191.669113159, 192.145126343, 192.609527588, 193.073913574, 193.538314819, 194.014328003, 194.478729248, 194.954742432, 195.419128418, 195.883529663, 196.359542847, 196.823944092, 197.299957275, 197.764343262, 198.228744507, 198.693145752, 199.157546997, 199.633560181, 200.109558105, 200.573959351, 201.038360596, 201.502761841, 201.967163086, 202.44317627, 202.919174194, 203.383575439, 203.847976685, 204.31237793, 204.788391113, 205.264389038, 205.728790283, 206.193191528, 206.669204712, 207.145217896, 207.609603882, 208.074005127, 208.538406372, 209.014419556, 209.478820801, 209.954818726, 210.419219971, 210.883621216, 211.348022461, 211.812423706, 212.28843689, 212.764434814, 213.22883606, 213.693237305, 214.15763855, 214.633651733, 215.109649658, 215.574050903, 216.038452148, 216.514465332, 216.990478516, 217.454864502, 217.919265747, 218.383666992, 218.859680176, 219.324081421, 219.800079346, 220.264480591, 220.728881836, 221.193283081, 221.657684326, 222.13369751, 222.598098755, 223.07409668, 223.538497925, 224.00289917, 224.467300415, 224.943313599, 225.419311523, 225.883712769, 226.348114014, 226.812515259, 227.276916504, 227.752914429, 228.228927612, 228.693328857, 229.157730103, 229.633743286, 230.109741211, 230.574142456, 231.038543701, 231.502944946, 231.967346191, 232.443344116, 232.9193573, 233.383758545, 233.84815979, 234.324172974, 234.800170898, 235.264572144, 235.728973389, 236.193374634, 236.657775879, 237.122177124, 237.586578369, 238.050964355, 238.526977539, 239.002990723, 239.467391968, 239.931793213, 240.407791138, 240.883804321, 241.348205566, 241.82421875, 242.288604736, 242.753005981, 243.229019165, 243.69342041, 244.157821655, 244.633834839, 245.109832764, 245.574234009, 246.038635254, 246.503036499, 246.967437744, 247.443435669, 247.919448853, 248.383850098, 248.848251343, 249.324264526, 249.788650513, 250.253051758, 250.717453003, 251.181854248, 251.657867432, 252.122268677, 252.586654663, 253.051055908, 253.515457153, 253.991470337, 254.467483521, 254.931884766, 255.396270752, 255.883895874, 256.348297119, 256.812683105, 257.277099609, 257.741485596, 258.217498779, 258.693511963, 259.157897949, 259.622314453, 260.086700439, 260.562713623, 261.038726807, 261.503112793, 261.967529297, 262.431915283, 262.907928467, 263.372344971, 263.836730957, 264.312744141, 264.788757324, 265.264770508, 265.729156494, 266.19354248, 266.657958984, 267.122344971, 267.598358154, 268.062774658, 268.538757324, 269.003173828, 269.467559814, 269.943572998, 270.407989502, 270.872375488, 271.348388672, 271.812774658, 272.277191162, 272.741577148, 273.205993652, 273.681976318]
