
metadata:
    version:
        essentia: "2.1-beta2"
    audio_properties:
        analysis_sample_rate: 44100
        bitrate: 320
        channels: 2
        equal_loudness: 1
        length: 273.345306396
        replay_gain: -15.4914884567
        downmix: "mix"
    tags:
        album: "Immortalized"
        artist: "Disturbed"
        comment: ""
        date: ""
        genre: "Alternative Metal"
        title: "The Brave And The Bold (Bonus Track)"
        tracknumber: "16"

configuration:
    average_loudness:
        compute: 1
        frameSize: 88200
        hopSize: 44100
        silentFrames: "noise"
        windowType: "hann"
    general:
        analysisSampleRate: 44100
        endTime: 2000
        equalLoudness: 1
        nequalLoudness: 0
        shortSound: 0
        startTime: 0
    lowlevel:
        compute: 1
        frameSize: 2048
        hopSize: 1024
        zeroPadding: 0
        silentFrames: "noise"
        windowType: "blackmanharris62"
        mfccStats: ["mean", "cov", "icov"]
        stats: ["mean", "var", "median", "min", "max", "dmean", "dmean2", "dvar", "dvar2"]
    panning:
        compute: 0
        frameSize: 8192
        hopSize: 2048
        zeroPadding: 8192
        silentFrames: "noise"
        windowType: "hann"
        stats: ["copy"]
    rhythm:
        compute: 1
        maxTempo: 208
        minTempo: 40
        method: "degara"
        stats: ["mean", "var", "median", "min", "max", "dmean", "dmean2", "dvar", "dvar2"]
    segmentation:
        compute: 0
        cpw: 5
        inc1: 300
        inc2: 50
        minimumSegmentsLength: 10
        size1: 1000
        size2: 600
    sfx:
        compute: 1
        stats: ["mean", "var", "median", "min", "max", "dmean", "dmean2", "dvar", "dvar2"]
    svm:
        compute: 0
    tonal:
        compute: 1
        frameSize: 4096
        hopSize: 2048
        zeroPadding: 0
        silentFrames: "noise"
        windowType: "blackmanharris62"
        stats: ["mean", "var", "median", "min", "max", "dmean", "dmean2", "dvar", "dvar2"]

lowlevel:
    average_loudness: 0.863982141018
    barkbands_kurtosis:
        dmean: 0.916004598141
        dmean2: 1.5030798912
        dvar: 6.80709505081
        dvar2: 17.3710517883
        max: 166.664535522
        mean: 0.500597178936
        median: -0.991715371609
        min: -1.94764399529
        var: 81.4527587891
    barkbands_skewness:
        dmean: 0.423577278852
        dmean2: 0.672404229641
        dvar: 0.178455084562
        dvar2: 0.43436652422
        max: 9.94020366669
        mean: -0.215898513794
        median: -0.436443120241
        min: -3.289716959
        var: 1.16182518005
    barkbands_spread:
        dmean: 5.87259626389
        dmean2: 9.4733581543
        dvar: 32.5991897583
        dvar2: 83.1903610229
        max: 72.7741775513
        mean: 33.2094955444
        median: 34.2006034851
        min: 0.555906713009
        var: 120.637382507
    dissonance:
        dmean: 0.0106209451333
        dmean2: 0.0180733110756
        dvar: 0.000127609062474
        dvar2: 0.000349232228473
        max: 0.499999970198
        mean: 0.482432276011
        median: 0.486885666847
        min: 0.314844697714
        var: 0.000272053031949
    hfc:
        dmean: 2.71610546112
        dmean2: 4.50587511063
        dvar: 12.2836723328
        dvar2: 30.9040527344
        max: 50.3977279663
        mean: 9.79186153412
        median: 8.04035663605
        min: 1.17125863062e-016
        var: 46.6840438843
    pitch:
        dmean: 993.330627441
        dmean2: 1906.09667969
        dvar: 1984165.75
        dvar2: 4811595.5
        max: 5064.79980469
        mean: 1859.48657227
        median: 1069.02294922
        min: 62.1473693848
        var: 2788199
    pitch_instantaneous_confidence:
        dmean: 0.0832564756274
        dmean2: 0.135890707374
        dvar: 0.00524882040918
        dvar2: 0.0128836119547
        max: 0.96271276474
        mean: 0.379655897617
        median: 0.354833245277
        min: 0.102827548981
        var: 0.0177724696696
    pitch_salience:
        dmean: 0.0670459344983
        dmean2: 0.111853554845
        dvar: 0.00429182779044
        dvar2: 0.0115031497553
        max: 0.97785371542
        mean: 0.666378200054
        median: 0.686466395855
        min: 0.169535309076
        var: 0.00816804915667
    silence_rate_20dB:
        dmean: 0
        dmean2: 0
        dvar: 0
        dvar2: 0
        max: 1
        mean: 1
        median: 1
        min: 1
        var: 0
    silence_rate_30dB:
        dmean: 0
        dmean2: 0
        dvar: 0
        dvar2: 0
        max: 1
        mean: 1
        median: 1
        min: 1
        var: 0
    silence_rate_60dB:
        dmean: 0.107713215053
        dmean2: 0.215444743633
        dvar: 0.0961075797677
        dvar2: 0.195510178804
        max: 1
        mean: 0.329142957926
        median: 0
        min: 0
        var: 0.220788538456
    spectral_centroid:
        dmean: 314.508422852
        dmean2: 508.755462646
        dvar: 110876.414063
        dvar2: 277345.25
        max: 11224.0205078
        mean: 2046.34362793
        median: 2161.24829102
        min: 173.169372559
        var: 444728.15625
    spectral_complexity:
        dmean: 4.27302074432
        dmean2: 7.06940793991
        dvar: 20.0133399963
        dvar2: 50.7962684631
        max: 45
        mean: 16.9721393585
        median: 16
        min: 0
        var: 83.6639709473
    spectral_crest:
        dmean: 1.83189368248
        dmean2: 3.05468010902
        dvar: 2.95340895653
        dvar2: 7.66687345505
        max: 21.9598484039
        mean: 6.64436292648
        median: 5.74573802948
        min: 2.5241048336
        var: 8.99388599396
    spectral_decrease:
        dmean: 2.79197165387e-010
        dmean2: 4.38136471548e-010
        dvar: 1.51827902835e-019
        dvar2: 3.54869038935e-019
        max: 5.30312754648e-029
        mean: -9.74194169778e-010
        median: -8.84457396211e-010
        min: -4.06779587792e-009
        var: 3.46552746002e-019
    spectral_energy:
        dmean: 0.00125020276755
        dmean2: 0.00196500774473
        dvar: 2.7275048069e-006
        dvar2: 6.36236336504e-006
        max: 0.0170515999198
        mean: 0.00456497678533
        median: 0.00410087779164
        min: 1.0800110325e-020
        var: 7.45975694372e-006
    spectral_energyband_high:
        dmean: 0.000285723072011
        dmean2: 0.000479996408103
        dvar: 1.73382048274e-007
        dvar2: 4.27348680887e-007
        max: 0.00844694487751
        mean: 0.000685168779455
        median: 0.000469222024549
        min: 7.62542183016e-021
        var: 4.75873690675e-007
    spectral_energyband_low:
        dmean: 0.000241995541728
        dmean2: 0.000410462118452
        dvar: 1.6801612901e-007
        dvar2: 4.45227641421e-007
        max: 0.00432380056009
        mean: 0.000340889469953
        median: 0.000212120066863
        min: 8.77289293911e-024
        var: 1.76392475737e-007
    spectral_energyband_middle_high:
        dmean: 0.000647025590297
        dmean2: 0.00104970519897
        dvar: 5.61949036637e-007
        dvar2: 1.3855438965e-006
        max: 0.012816038914
        mean: 0.00242638750933
        median: 0.00195711734705
        min: 1.27677761026e-021
        var: 3.02745161207e-006
    spectral_energyband_middle_low:
        dmean: 0.000676189258229
        dmean2: 0.0010816102149
        dvar: 1.79022947577e-006
        dvar2: 4.33884679296e-006
        max: 0.0137238539755
        mean: 0.00124086020514
        median: 0.000829984084703
        min: 2.32597139896e-022
        var: 2.12437112168e-006
    spectral_flatness_db:
        dmean: 0.0141407651827
        dmean2: 0.0226245056838
        dvar: 0.000175791225047
        dvar2: 0.000437225477071
        max: 0.416140824556
        mean: 0.140168040991
        median: 0.131497681141
        min: 0.0523357912898
        var: 0.00180583342444
    spectral_flux:
        dmean: 0.00792041886598
        dmean2: 0.0118894670159
        dvar: 8.1310448877e-005
        dvar2: 0.00017269019736
        max: 0.10554305464
        mean: 0.0418205372989
        median: 0.0411228574812
        min: 6.53323298239e-011
        var: 0.000291002797894
    spectral_kurtosis:
        dmean: 1.09000837803
        dmean2: 1.89635396004
        dvar: 6.76057672501
        dvar2: 21.0371952057
        max: 75.4940719604
        mean: 3.53690981865
        median: 2.73132324219
        min: -1.22282755375
        var: 29.2876567841
    spectral_rms:
        dmean: 0.000269749347353
        dmean2: 0.000414739653934
        dvar: 1.00869485209e-007
        dvar2: 2.2233948016e-007
        max: 0.00407868949696
        mean: 0.00199372018687
        median: 0.00200021406636
        min: 3.24602714499e-012
        var: 4.78724189179e-007
    spectral_rolloff:
        dmean: 348.402832031
        dmean2: 589.69543457
        dvar: 257321.171875
        dvar2: 630891.3125
        max: 19272.2167969
        mean: 3675.01171875
        median: 3832.91015625
        min: 129.19921875
        var: 883725.125
    spectral_skewness:
        dmean: 0.157256409526
        dmean2: 0.263498514891
        dvar: 0.0428678654134
        dvar2: 0.125361695886
        max: 7.18443632126
        mean: 1.22605133057
        median: 1.16140246391
        min: -0.0339498892426
        var: 0.312518894672
    spectral_spread:
        dmean: 389089.5
        dmean2: 578385.6875
        dvar: 323506307072
        dvar2: 520494088192
        max: 41616828
        mean: 4649666.5
        median: 4582290
        min: 923637.625
        var: 2.00551510835e+012
    spectral_strongpeak:
        dmean: 0.588987529278
        dmean2: 1.01776242256
        dvar: 0.731618881226
        dvar2: 1.95090723038
        max: 10.1273927689
        mean: 0.805966496468
        median: 0.350026965141
        min: 0
        var: 1.19741821289
    zerocrossingrate:
        dmean: 0.00842065364122
        dmean2: 0.0106715438887
        dvar: 7.91521160863e-005
        dvar2: 0.000108653308416
        max: 0.5126953125
        mean: 0.112711265683
        median: 0.11767578125
        min: 0.00830078125
        var: 0.000836957304273
    barkbands:
        dmean: [4.70037605282e-007, 5.42593552382e-005, 0.000157933551236, 0.000252318248386, 0.000300077866996, 8.83765969775e-005, 9.07799476408e-005, 9.06420973479e-005, 9.81217526714e-005, 6.95166527294e-005, 7.08671213943e-005, 0.00011127248581, 8.58437197166e-005, 8.82811800693e-005, 6.56492629787e-005, 7.83009309089e-005, 0.000142614400829, 0.000167493897607, 0.000255025137449, 0.000214187253732, 0.000173527514562, 4.02619261877e-005, 5.54809957976e-006, 2.40438521359e-006, 1.46182469507e-006, 5.57338459828e-008, 2.02668729021e-010]
        dmean2: [6.97187715559e-007, 9.27160654101e-005, 0.000270744640147, 0.000417337199906, 0.000494726002216, 0.000143857221701, 0.000150447842316, 0.000146968115587, 0.000159520292073, 0.000115258044389, 0.000115578659461, 0.000178808550118, 0.000137688344694, 0.000140891599585, 0.000106950705231, 0.000128685307573, 0.000235546016484, 0.000284250272671, 0.000424378173193, 0.000356106407708, 0.000292250944767, 7.0534311817e-005, 9.77983745543e-006, 4.00083627028e-006, 2.36048458646e-006, 8.99932572906e-008, 3.6922498392e-010]
        dvar: [5.78244483546e-013, 7.25635862509e-009, 9.92525954757e-008, 2.92364035204e-007, 5.45190459889e-007, 2.81749894526e-008, 3.66126400309e-008, 5.643331491e-008, 2.49054838974e-008, 1.33898749866e-008, 2.41012472202e-008, 6.07348979997e-008, 3.21404698411e-008, 4.34325322374e-008, 2.41376181265e-008, 2.23422631507e-008, 5.52720891278e-008, 5.39444684478e-008, 1.21517985008e-007, 7.97924286644e-008, 6.90966999173e-008, 4.50044357336e-009, 8.33367472253e-011, 2.71367841392e-011, 1.17518156664e-011, 1.05631141041e-014, 7.53559340837e-020]
        dvar2: [1.19021199146e-012, 1.93136298066e-008, 2.69368484851e-007, 7.1746381991e-007, 1.41484645155e-006, 6.90035903972e-008, 9.3708436566e-008, 1.34611468638e-007, 6.05374381735e-008, 3.40624062289e-008, 6.25952054634e-008, 1.47163717656e-007, 7.98994932438e-008, 1.02912458999e-007, 6.12077926121e-008, 5.99185199235e-008, 1.29616935851e-007, 1.4255826386e-007, 3.26581840682e-007, 2.02702352681e-007, 1.67516915894e-007, 1.2272289851e-008, 2.32670438471e-010, 6.33101487901e-011, 2.60486805737e-011, 2.60418365339e-014, 2.37590337711e-019]
        max: [6.65756442686e-006, 0.000876071339007, 0.00348339881748, 0.00497963326052, 0.00856648944318, 0.0034320387058, 0.00469380011782, 0.00489158369601, 0.00291151925921, 0.00234872358851, 0.00354963797145, 0.00569609599188, 0.00386584247462, 0.00441427342594, 0.00499627646059, 0.00669630989432, 0.0100408187136, 0.0045426953584, 0.00775870587677, 0.00657725194469, 0.00499382149428, 0.000930500333197, 0.000100915014627, 0.000116443319712, 0.000101442856248, 2.15644104173e-006, 3.53412832332e-009]
        mean: [5.48427863123e-007, 6.85839622747e-005, 0.000179030786967, 0.000276968698017, 0.000344478932675, 0.000136772214319, 0.00012445433822, 0.000137007446028, 0.000172226122231, 0.000113062735181, 0.000110395456431, 0.000187548139365, 0.000139834926813, 0.00013640015095, 0.000113545749628, 0.000153352200869, 0.000287601578748, 0.000314711214742, 0.00063227431383, 0.000502807553858, 0.000346607674146, 6.95851776982e-005, 9.63299771684e-006, 4.61457602796e-006, 2.82840096588e-006, 1.08260039156e-007, 1.9864766776e-010]
        median: [1.61802574894e-007, 3.88921434933e-005, 8.06277312222e-005, 9.92993882392e-005, 0.000145155165228, 6.67363638058e-005, 6.21930885245e-005, 5.68398427276e-005, 0.000108844607894, 6.96662173141e-005, 4.31054431829e-005, 6.05096720392e-005, 4.92561084684e-005, 5.12858241564e-005, 6.22906300123e-005, 9.79432006716e-005, 0.000209384146729, 0.00022639366216, 0.000421615142841, 0.000383019156288, 0.000199488858925, 5.01186150359e-005, 7.13367626304e-006, 3.07019354295e-006, 1.89986155874e-006, 7.12480670018e-008, 1.06282441181e-010]
        min: [5.0706702019e-025, 5.29482966268e-024, 2.50381828355e-024, 3.84704744282e-024, 5.00492611991e-023, 9.5454283679e-024, 2.18406333693e-023, 2.69817881945e-023, 3.43279196903e-023, 2.83783749193e-023, 2.30872292371e-023, 4.06288893728e-023, 3.61707808064e-023, 1.22209586752e-022, 9.79468948128e-023, 1.41218685944e-022, 8.32019485346e-023, 1.75569110258e-022, 1.83736925583e-022, 2.0574095729e-022, 4.66355836453e-022, 4.51626579041e-022, 4.61356149632e-022, 7.67669652683e-022, 8.5719266792e-022, 1.51233152704e-021, 2.21490634682e-021]
        var: [8.6795154397e-013, 8.0423232518e-009, 9.16488076541e-008, 3.05590731386e-007, 4.86410783651e-007, 5.33658059965e-008, 5.36069748591e-008, 9.84427686035e-008, 4.84008211288e-008, 2.34958505985e-008, 4.72395100815e-008, 1.39994526194e-007, 6.33653627347e-008, 7.31292146838e-008, 4.21749319912e-008, 5.98887410774e-008, 1.10999877734e-007, 9.36625852432e-008, 5.30355919182e-007, 2.21502176601e-007, 1.68737344097e-007, 5.49096723645e-009, 1.01971958655e-010, 4.73833229597e-011, 1.97459635448e-011, 1.78829017837e-014, 7.11910926242e-020]
    frequency_bands:
        dmean: [4.70037605282e-007, 5.42593552382e-005, 0.000157933551236, 0.000252318248386, 0.000300077866996, 8.83765969775e-005, 9.07799476408e-005, 9.06420973479e-005, 9.81217526714e-005, 6.95166527294e-005, 7.08671213943e-005, 0.00011127248581, 8.58437197166e-005, 8.82811800693e-005, 6.56492629787e-005, 7.83009309089e-005, 0.000142614400829, 0.000167493897607, 0.000255025137449, 0.000214187253732, 0.000173527514562, 4.02619261877e-005, 5.54809957976e-006, 2.40438521359e-006, 1.46182469507e-006, 5.57338459828e-008, 2.02668729021e-010, 5.23396603835e-011]
        dmean2: [6.97187715559e-007, 9.27160654101e-005, 0.000270744640147, 0.000417337199906, 0.000494726002216, 0.000143857221701, 0.000150447842316, 0.000146968115587, 0.000159520292073, 0.000115258044389, 0.000115578659461, 0.000178808550118, 0.000137688344694, 0.000140891599585, 0.000106950705231, 0.000128685307573, 0.000235546016484, 0.000284250272671, 0.000424378173193, 0.000356106407708, 0.000292250944767, 7.0534311817e-005, 9.77983745543e-006, 4.00083627028e-006, 2.36048458646e-006, 8.99932572906e-008, 3.6922498392e-010, 9.70092201014e-011]
        dvar: [5.78244483546e-013, 7.25635862509e-009, 9.92525954757e-008, 2.92364035204e-007, 5.45190459889e-007, 2.81749894526e-008, 3.66126400309e-008, 5.643331491e-008, 2.49054838974e-008, 1.33898749866e-008, 2.41012472202e-008, 6.07348979997e-008, 3.21404698411e-008, 4.34325322374e-008, 2.41376181265e-008, 2.23422631507e-008, 5.52720891278e-008, 5.39444684478e-008, 1.21517985008e-007, 7.97924286644e-008, 6.90966999173e-008, 4.50044357336e-009, 8.33367472253e-011, 2.71367841392e-011, 1.17518156664e-011, 1.05631141041e-014, 7.53559340837e-020, 5.78097385406e-021]
        dvar2: [1.19021199146e-012, 1.93136298066e-008, 2.69368484851e-007, 7.1746381991e-007, 1.41484645155e-006, 6.90035903972e-008, 9.3708436566e-008, 1.34611468638e-007, 6.05374381735e-008, 3.40624062289e-008, 6.25952054634e-008, 1.47163717656e-007, 7.98994932438e-008, 1.02912458999e-007, 6.12077926121e-008, 5.99185199235e-008, 1.29616935851e-007, 1.4255826386e-007, 3.26581840682e-007, 2.02702352681e-007, 1.67516915894e-007, 1.2272289851e-008, 2.32670438471e-010, 6.33101487901e-011, 2.60486805737e-011, 2.60418365339e-014, 2.37590337711e-019, 1.83785411878e-020]
        max: [6.65756442686e-006, 0.000876071339007, 0.00348339881748, 0.00497963326052, 0.00856648944318, 0.0034320387058, 0.00469380011782, 0.00489158369601, 0.00291151925921, 0.00234872358851, 0.00354963797145, 0.00569609599188, 0.00386584247462, 0.00441427342594, 0.00499627646059, 0.00669630989432, 0.0100408187136, 0.0045426953584, 0.00775870587677, 0.00657725194469, 0.00499382149428, 0.000930500333197, 0.000100915014627, 0.000116443319712, 0.000101442856248, 2.15644104173e-006, 3.53412832332e-009, 9.57205648078e-010]
        mean: [5.48427863123e-007, 6.85839622747e-005, 0.000179030786967, 0.000276968698017, 0.000344478932675, 0.000136772214319, 0.00012445433822, 0.000137007446028, 0.000172226122231, 0.000113062735181, 0.000110395456431, 0.000187548139365, 0.000139834926813, 0.00013640015095, 0.000113545749628, 0.000153352200869, 0.000287601578748, 0.000314711214742, 0.00063227431383, 0.000502807553858, 0.000346607674146, 6.95851776982e-005, 9.63299771684e-006, 4.61457602796e-006, 2.82840096588e-006, 1.08260039156e-007, 1.9864766776e-010, 4.07933409274e-011]
        median: [1.61802574894e-007, 3.88921434933e-005, 8.06277312222e-005, 9.92993882392e-005, 0.000145155165228, 6.67363638058e-005, 6.21930885245e-005, 5.68398427276e-005, 0.000108844607894, 6.96662173141e-005, 4.31054431829e-005, 6.05096720392e-005, 4.92561084684e-005, 5.12858241564e-005, 6.22906300123e-005, 9.79432006716e-005, 0.000209384146729, 0.00022639366216, 0.000421615142841, 0.000383019156288, 0.000199488858925, 5.01186150359e-005, 7.13367626304e-006, 3.07019354295e-006, 1.89986155874e-006, 7.12480670018e-008, 1.06282441181e-010, 1.4884817337e-011]
        min: [5.0706702019e-025, 5.29482966268e-024, 2.50381828355e-024, 3.84704744282e-024, 5.00492611991e-023, 9.5454283679e-024, 2.18406333693e-023, 2.69817881945e-023, 3.43279196903e-023, 2.83783749193e-023, 2.30872292371e-023, 4.06288893728e-023, 3.61707808064e-023, 1.22209586752e-022, 9.79468948128e-023, 1.41218685944e-022, 8.32019485346e-023, 1.75569110258e-022, 1.83736925583e-022, 2.0574095729e-022, 4.66355836453e-022, 4.51626579041e-022, 4.61356149632e-022, 7.67669652683e-022, 8.5719266792e-022, 1.51233152704e-021, 2.21490634682e-021, 5.2570402592e-022]
        var: [8.6795154397e-013, 8.0423232518e-009, 9.16488076541e-008, 3.05590731386e-007, 4.86410783651e-007, 5.33658059965e-008, 5.36069748591e-008, 9.84427686035e-008, 4.84008211288e-008, 2.34958505985e-008, 4.72395100815e-008, 1.39994526194e-007, 6.33653627347e-008, 7.31292146838e-008, 4.21749319912e-008, 5.98887410774e-008, 1.10999877734e-007, 9.36625852432e-008, 5.30355919182e-007, 2.21502176601e-007, 1.68737344097e-007, 5.49096723645e-009, 1.01971958655e-010, 4.73833229597e-011, 1.97459635448e-011, 1.78829017837e-014, 7.11910926242e-020, 4.56085094659e-021]
    mfcc:
        mean: [-704.917175293, 89.4799346924, -49.1360244751, 53.9440307617, -19.3811073303, -3.05680346489, 7.38470220566, -3.87538313866, 2.67430520058, -5.46676397324, -1.954657197, -4.16533374786, -4.88368701935]
        cov: [[6950.20800781, 245.222091675, -893.944213867, 409.155426025, -442.116760254, 29.6942539215, 140.444656372, -37.6736869812, 32.1284675598, 27.0337371826, 79.439704895, 116.828598022, 1.26936352253], [245.222091675, 509.269165039, -123.223899841, 152.492202759, -10.4611053467, -13.604309082, -5.53319263458, -17.8945159912, 35.9356880188, -8.68063926697, 9.34262657166, -26.3349208832, 11.7476577759], [-893.944213867, -123.223899841, 582.741821289, -73.8418579102, 171.001876831, 9.7308883667, -76.0575180054, 12.6907215118, -34.0259895325, 15.1299905777, -37.3318748474, -29.7013034821, -12.4401931763], [409.155426025, 152.492202759, -73.8418579102, 243.619033813, -1.99653661251, 13.8737735748, -24.1501102448, 5.86347103119, 54.0833129883, 1.00609004498, -4.50012588501, -21.1911811829, 3.88442373276], [-442.116760254, -10.4611053467, 171.001876831, -1.99653661251, 168.331192017, 19.9505519867, -44.1879272461, -1.24717438221, -0.641087710857, 22.7688980103, -13.6480722427, -17.4967136383, -1.57985532284], [29.6942539215, -13.604309082, 9.7308883667, 13.8737735748, 19.9505519867, 88.8949279785, 42.1191215515, 3.48015141487, -4.64964342117, 2.65611433983, 7.32733678818, 8.9764623642, -3.26692676544], [140.444656372, -5.53319263458, -76.0575180054, -24.1501102448, -44.1879272461, 42.1191215515, 171.397857666, 55.0383338928, -21.2239761353, -20.1831970215, 17.9564361572, 31.9630699158, 3.73960113525], [-37.6736869812, -17.8945159912, 12.6907215118, 5.86347103119, -1.24717438221, 3.48015141487, 55.0383338928, 124.391593933, 30.1579914093, -2.60641026497, -3.529910326, -6.12543487549, 11.7365169525], [32.1284675598, 35.9356880188, -34.0259895325, 54.0833129883, -0.641087710857, -4.64964342117, -21.2239761353, 30.1579914093, 112.293556213, 38.655002594, 8.42519569397, -10.1109666824, 8.13321304321], [27.0337371826, -8.68063926697, 15.1299905777, 1.00609004498, 22.7688980103, 2.65611433983, -20.1831970215, -2.60641026497, 38.655002594, 86.7399978638, 26.4507694244, 9.26438903809, 1.8304028511], [79.439704895, 9.34262657166, -37.3318748474, -4.50012588501, -13.6480722427, 7.32733678818, 17.9564361572, -3.529910326, 8.42519569397, 26.4507694244, 67.6777420044, 29.2017841339, 9.34634208679], [116.828598022, -26.3349208832, -29.7013034821, -21.1911811829, -17.4967136383, 8.9764623642, 31.9630699158, -6.12543487549, -10.1109666824, 9.26438903809, 29.2017841339, 74.2002029419, 22.6664829254], [1.26936352253, 11.7476577759, -12.4401931763, 3.88442373276, -1.57985532284, -3.26692676544, 3.73960113525, 11.7365169525, 8.13321304321, 1.8304028511, 9.34634208679, 22.6664829254, 60.2789573669]]
        icov: [[0.000221573762246, 2.13743151107e-005, 0.000193150670384, -0.000396315357648, 0.000421397155151, -8.52780285641e-005, 2.06591867027e-005, -2.55623363046e-005, 0.000255016202573, -0.000316851190291, 0.000101065423223, -0.000284652342089, 0.000133266687044], [2.13743151107e-005, 0.00268093752675, 0.000376140611479, -0.00159406068269, -0.000472814223031, 0.000920636637602, -0.000741766882129, 0.000903460604604, -0.000239122280618, 0.000399789569201, -0.000806259282399, 0.00125151290558, -0.000760435475968], [0.000193150670384, 0.000376140611479, 0.0030502837617, 0.000246549519943, -0.0021026271861, -0.000369611749193, 0.00114598020446, -0.0010444879299, 0.00118616723921, -0.000503403658513, 0.000709407147951, -7.72025887272e-005, 0.000367655593436], [-0.000396315357648, -0.00159406068269, 0.000246549519943, 0.00677541224286, -0.00078455923358, -0.00198800489306, 0.00143554212991, -0.000531106838025, -0.00265229213983, 0.00141301192343, 0.000350464310031, 0.000886912108399, -0.000253563252045], [0.000421397155151, -0.000472814223031, -0.0021026271861, -0.00078455923358, 0.0105436528102, -0.00309909903444, 0.00187914667185, -0.00058124458883, 0.00122979085427, -0.00300863897428, 0.00124984863214, 0.000338488665875, -0.000590778596234], [-8.52780285641e-005, 0.000920636637602, -0.000369611749193, -0.00198800489306, -0.00309909903444, 0.0151048805565, -0.00552658271044, 0.00221041869372, -0.000383144564694, -0.000199097019504, -0.000965665618423, -0.000136072383611, 0.000782735762186], [2.06591867027e-005, -0.000741766882129, 0.00114598020446, 0.00143554212991, 0.00187914667185, -0.00552658271044, 0.0116324638948, -0.00625804951414, 0.00269051012583, 0.00140908535104, -0.00114461255725, -0.00372297200374, 0.00170625816099], [-2.55623363046e-005, 0.000903460604604, -0.0010444879299, -0.000531106838025, -0.00058124458883, 0.00221041869372, -0.00625804951414, 0.0125981681049, -0.00470547284931, 0.000957291282248, 0.00056117947679, 0.00303927692585, -0.00294100982137], [0.000255016202573, -0.000239122280618, 0.00118616723921, -0.00265229213983, 0.00122979085427, -0.000383144564694, 0.00269051012583, -0.00470547284931, 0.0148437619209, -0.00682237511501, -2.29582183238e-005, 0.00121887424029, -0.0010327482596], [-0.000316851190291, 0.000399789569201, -0.000503403658513, 0.00141301192343, -0.00300863897428, -0.000199097019504, 0.00140908535104, 0.000957291282248, -0.00682237511501, 0.0180542748421, -0.00657365564257, -0.00135574897286, 0.00127170456108], [0.000101065423223, -0.000806259282399, 0.000709407147951, 0.000350464310031, 0.00124984863214, -0.000965665618423, -0.00114461255725, 0.00056117947679, -2.29582183238e-005, -0.00657365564257, 0.0213334280998, -0.00656115775928, -0.000416909635533], [-0.000284652342089, 0.00125151290558, -7.72025887272e-005, 0.000886912108399, 0.000338488665875, -0.000136072383611, -0.00372297200374, 0.00303927692585, 0.00121887424029, -0.00135574897286, -0.00656115775928, 0.0219084974378, -0.00801443867385], [0.000133266687044, -0.000760435475968, 0.000367655593436, -0.000253563252045, -0.000590778596234, 0.000782735762186, 0.00170625816099, -0.00294100982137, -0.0010327482596, 0.00127170456108, -0.000416909635533, -0.00801443867385, 0.0204998683184]]
    sccoeffs:
        dmean: [0.0599728152156, 0.0440263152122, 0.0380630381405, 0.0294671170413, 0.0202587768435, 0.0191896576434]
        dmean2: [0.0961035043001, 0.0732036978006, 0.0629219040275, 0.0476362295449, 0.0334432832897, 0.0304616615176]
        dvar: [0.00268882000819, 0.00124841474462, 0.000928636174649, 0.000563843350392, 0.000275615049759, 0.000296572514344]
        dvar2: [0.00653718691319, 0.00333547289483, 0.00241363677196, 0.00144311122131, 0.00069467787398, 0.000698075920809]
        max: [-0.325973153114, -0.494324266911, -0.52317994833, -0.547217190266, -0.568197131157, -0.515724480152]
        mean: [-0.677531063557, -0.780716359615, -0.78346568346, -0.793950259686, -0.796647727489, -0.730258703232]
        median: [-0.687105596066, -0.787408292294, -0.788739144802, -0.800622344017, -0.799477756023, -0.732349634171]
        min: [-0.976473867893, -0.985938251019, -0.98977792263, -0.994243443012, -0.984378039837, -0.964671075344]
        var: [0.00671661598608, 0.0036172051914, 0.00327646941878, 0.00260828644969, 0.00144350330811, 0.00221438100561]
    scvalleys:
        dmean: [0.381996244192, 0.356422364712, 0.306363910437, 0.253606855869, 0.222170338035, 0.273202776909]
        dmean2: [0.635044932365, 0.583028376102, 0.489896595478, 0.402997463942, 0.35363599658, 0.411924690008]
        dvar: [0.0957435071468, 0.092568859458, 0.0736428722739, 0.0572022721171, 0.0658148378134, 0.131912827492]
        dvar2: [0.242345437407, 0.224916860461, 0.159181505442, 0.114424206316, 0.129811093211, 0.272905468941]
        max: [-5.44863843918, -4.89584875107, -5.316385746, -5.61275863647, -5.61390829086, -7.66965913773]
        mean: [-7.00310611725, -6.77194166183, -6.9546122551, -7.27651453018, -6.88071680069, -9.73566627502]
        median: [-6.77427530289, -6.56238794327, -6.72235107422, -7.03104257584, -6.59228467941, -9.30668067932]
        min: [-27.555059433, -27.6160545349, -27.4715309143, -27.3422927856, -27.4266891479, -27.2716445923]
        var: [1.41503298283, 1.54921388626, 1.73270070553, 1.83492720127, 2.04896092415, 2.64998292923]

rhythm:
    beats_loudness:
        dmean: 0.00278583029285
        dmean2: 0.00513731827959
        dvar: 4.37982180301e-006
        dvar2: 1.46291013152e-005
        max: 0.0136596271768
        mean: 0.00623092008755
        median: 0.00621339259669
        min: 8.1475493019e-011
        var: 8.44279929879e-006
    bpm: 128.04737854
    bpm_confidence: 0
    first_peak_bpm: 129
    first_peak_spread: 0.369403004646
    first_peak_weight: 0.580756008625
    onset_rate: 3.25961327553
    second_peak_bpm: 123
    second_peak_spread: 0.214285716414
    second_peak_weight: 0.0378006882966
    beats_loudness_band_ratio:
        dmean: [0.271942913532, 0.103406637907, 0.0588885694742, 0.0809511467814, 0.112226635218, 0.1300676018]
        dmean2: [0.51303768158, 0.194675043225, 0.102802097797, 0.145269185305, 0.204873204231, 0.237242177129]
        dvar: [0.0330505482852, 0.00404527690262, 0.00506963208318, 0.00738975778222, 0.00934380013496, 0.00979592092335]
        dvar2: [0.104024328291, 0.0125326551497, 0.0143131427467, 0.0216495748609, 0.0282952450216, 0.030717337504]
        max: [0.826161623001, 0.752260625362, 0.578752875328, 0.512215733528, 0.690108478069, 0.712146222591]
        mean: [0.332572370768, 0.119980014861, 0.0914188697934, 0.107469789684, 0.175953239202, 0.237806081772]
        median: [0.314619898796, 0.0978776887059, 0.0707628577948, 0.0736605599523, 0.15093934536, 0.222181245685]
        min: [0, 0, 0, 0, 0, 0]
        var: [0.0519180074334, 0.0129718277603, 0.00541629036888, 0.00804596766829, 0.0129721499979, 0.0184564739466]
    beats_position: [0.46439909935, 0.952018141747, 1.43963718414, 1.92725622654, 2.41487526894, 2.91410422325, 3.42494320869, 3.92417216301, 4.41179132462, 4.88780021667, 5.36380958557, 5.8282084465, 6.29260778427, 6.7570066452, 7.22140598297, 7.69741487503, 8.17342376709, 8.63782310486, 9.10222244263, 9.57823085785, 10.0542402267, 10.5186395645, 10.9830379486, 11.4474372864, 11.9118366241, 12.3762359619, 12.8522443771, 13.3166437149, 13.7926530838, 14.2570514679, 14.7214508057, 15.1858501434, 15.6618595123, 16.1378688812, 16.602268219, 17.0666656494, 17.5310649872, 18.0070743561, 18.483083725, 18.9474830627, 19.4118824005, 19.8762817383, 20.3406791687, 20.8166885376, 21.2926979065, 21.7570972443, 22.221496582, 22.6858959198, 23.1619052887, 23.6379127502, 24.102312088, 24.5667114258, 25.0311107635, 25.4955101013, 25.9715194702, 26.435918808, 26.9119262695, 27.3763256073, 27.8407249451, 28.316734314, 28.7927436829, 29.2571430206, 29.7215423584, 30.1975498199, 30.6735591888, 31.1379585266, 31.6023578644, 32.0667572021, 32.5311546326, 33.0071640015, 33.4831733704, 33.9475746155, 34.4119720459, 34.8763694763, 35.3523788452, 35.8283882141, 36.2927894592, 36.7571868896, 37.2215881348, 37.6859855652, 38.1503829956, 38.6263923645, 39.1024017334, 39.5668029785, 40.0312004089, 40.4956016541, 40.9599990845, 41.4360084534, 41.9120178223, 42.3764152527, 42.8524246216, 43.3284339905, 43.7928352356, 44.257232666, 44.7216300964, 45.1976394653, 45.6736488342, 46.1380500793, 46.6024475098, 47.0668487549, 47.5312461853, 47.9956436157, 48.4716529846, 48.9476623535, 49.4120635986, 49.8764610291, 50.3408622742, 50.8168716431, 51.2928771973, 51.7572784424, 52.2332878113, 52.6860771179, 53.1504745483, 53.6264839172, 54.1024932861, 54.5668907166, 55.0312919617, 55.4956893921, 55.9600906372, 56.4361000061, 56.912109375, 57.3765068054, 57.8409042358, 58.305305481, 58.7813148499, 59.2573242188, 59.7217216492, 60.1977310181, 60.6621322632, 61.1381378174, 61.6025390625, 62.0669364929, 62.531337738, 63.0073471069, 63.4833564758, 63.9477539063, 64.4121551514, 64.8765487671, 65.3409500122, 65.8169631958, 66.29296875, 66.7573699951, 67.2217712402, 67.686164856, 68.1621780396, 68.6381835938, 69.1025848389, 69.566986084, 70.0313796997, 70.4957809448, 70.9601821899, 71.4245758057, 71.8889770508, 72.3649902344, 72.8409957886, 73.3170089722, 73.7930145264, 74.2574157715, 74.7218093872, 75.1862106323, 75.673828125, 76.1382293701, 76.6026306152, 77.0670318604, 77.5314254761, 78.0074386597, 78.4834442139, 78.947845459, 79.4122467041, 79.8766403198, 80.3410415649, 80.8170471191, 81.2930603027, 81.7574615479, 82.2218551636, 82.6862564087, 83.1506576538, 83.6150588989, 84.1026763916, 84.5670700073, 85.0314712524, 85.4958724976, 85.9718780518, 86.4478912354, 86.9238967896, 87.3999099731, 87.8643035889, 88.328704834, 88.7931060791, 89.2691116333, 89.7335128784, 90.1979141235, 90.6739196777, 91.1383209229, 91.602722168, 92.0671157837, 92.5315170288, 93.0075302124, 93.4835357666, 93.9479370117, 94.4123306274, 94.8767318726, 95.3411331177, 95.8171386719, 96.2931518555, 96.7575454712, 97.2219467163, 97.6863479614, 98.1507492065, 98.6267547607, 99.1027679443, 99.5671615601, 100.031562805, 100.507568359, 100.983581543, 101.447982788, 101.912376404, 102.376777649, 102.852790833, 103.317184448, 103.793197632, 104.257591248, 104.721992493, 105.186393738, 105.662399292, 106.138412476, 106.602806091, 107.067207336, 107.531608582, 108.007614136, 108.483627319, 108.948028564, 109.41242218, 109.876823425, 110.34122467, 110.817230225, 111.293243408, 111.757637024, 112.222038269, 112.686439514, 113.15083313, 113.626846313, 114.102851868, 114.567253113, 115.031654358, 115.519271851, 115.983673096, 116.448066711, 116.912467957, 117.376869202, 117.852874756, 118.328887939, 118.793289185, 119.2576828, 119.722084045, 120.186485291, 120.650878906, 121.12689209, 121.602897644, 122.067298889, 122.531700134, 122.99609375, 123.472106934, 123.948112488, 124.412513733, 124.876914978, 125.341316223, 125.817321777, 126.293327332, 126.757728577, 127.222129822, 127.686531067, 128.150924683, 128.626937866, 129.091339111, 129.567337036, 130.031738281, 130.507751465, 130.983764648, 131.448165894, 131.912567139, 132.376953125, 132.852966309, 133.328979492, 133.793380737, 134.257781982, 134.722167969, 135.186569214, 135.650970459, 136.126983643, 136.602996826, 137.067382813, 137.531784058, 137.996185303, 138.472198486, 138.936599731, 139.412597656, 139.876998901, 140.341400146, 140.81741333, 141.293426514, 141.757827759, 142.222213745, 142.68661499, 143.162628174, 143.638641357, 144.103042603, 144.567428589, 145.043441772, 145.507843018, 145.972244263, 146.448257446, 146.912643433, 147.388656616, 147.853057861, 148.317459106, 148.79347229, 149.257858276, 149.722259521, 150.186660767, 150.651062012, 151.127075195, 151.603088379, 152.067474365, 152.53187561, 152.996276855, 153.483901978, 153.948303223, 154.412689209, 154.877090454, 155.341491699, 155.805892944, 156.281906128, 156.757904053, 157.222305298, 157.686706543, 158.162719727, 158.63873291, 159.103118896, 159.567520142, 160.031921387, 160.496322632, 160.960723877, 161.436737061, 161.912734985, 162.37713623, 162.853149414, 163.317550659, 163.793563843, 164.257949829, 164.722351074, 165.186752319, 165.662765503, 166.138778687, 166.603164673, 167.067565918, 167.531967163, 168.007980347, 168.48399353, 168.948379517, 169.412780762, 169.877182007, 170.35319519, 170.817596436, 171.293609619, 171.757995605, 172.222396851, 172.686798096, 173.151199341, 173.627212524, 174.103210449, 174.567611694, 175.032012939, 175.508026123, 175.984039307, 176.448425293, 176.912826538, 177.377227783, 177.841629028, 178.317642212, 178.793640137, 179.258041382, 179.722442627, 180.186843872, 180.651245117, 181.127258301, 181.603256226, 182.067657471, 182.532058716, 182.996459961, 183.472473145, 183.948471069, 184.412872314, 184.87727356, 185.341674805, 185.817687988, 186.293685913, 186.758087158, 187.222488403, 187.686889648, 188.151290894, 188.627304077, 189.091690063, 189.567703247, 190.032104492, 190.496505737, 190.960906982, 191.425308228, 191.901306152, 192.377319336, 192.841720581, 193.306121826, 193.770523071, 194.234924316, 194.710922241, 195.186935425, 195.65133667, 196.127349854, 196.59173584, 197.067749023, 197.532150269, 197.996551514, 198.472564697, 198.948562622, 199.412963867, 199.877365112, 200.341766357, 200.806167603, 201.282180786, 201.758178711, 202.222579956, 202.686981201, 203.151382446, 203.615783691, 204.091781616, 204.5677948, 205.032196045, 205.508209229, 205.984207153, 206.448608398, 206.913009644, 207.377410889, 207.853424072, 208.329421997, 208.793823242, 209.258224487, 209.722625732, 210.198638916, 210.6746521, 211.139038086, 211.603439331, 212.067840576, 212.532241821, 212.996643066, 213.47265625, 213.948654175, 214.41305542, 214.877456665, 215.353469849, 215.817871094, 216.293869019, 216.758270264, 217.222671509, 217.698684692, 218.174682617, 218.639083862, 219.103485107, 219.567886353, 220.032287598, 220.496688843, 220.972686768, 221.448699951, 221.913101196, 222.377502441, 222.841903687, 223.31791687, 223.793914795, 224.25831604, 224.722717285, 225.198730469, 225.663131714, 226.139129639, 226.603530884, 227.067932129, 227.532333374, 228.008346558, 228.484344482, 228.948745728, 229.413146973, 229.877548218, 230.353561401, 230.829559326, 231.293960571, 231.758361816, 232.222763062, 232.698776245, 233.16317749, 233.627563477, 234.10357666, 234.567977905, 235.03237915, 235.496780396, 235.97277832, 236.448791504, 236.913192749, 237.377593994, 237.841995239, 238.306396484, 238.794006348, 239.258407593, 239.722808838, 240.187210083, 240.651611328, 241.115997314, 241.592010498, 242.068023682, 242.532424927, 243.00843811, 243.484436035, 243.94883728, 244.413238525, 244.877639771, 245.365249634, 245.829650879, 246.294052124, 246.758453369, 247.222854614, 247.698867798, 248.163253784, 248.627655029, 249.103668213, 249.568069458, 250.032470703, 250.496871948, 250.972869873, 251.448883057, 251.913284302, 252.400909424, 252.888519287, 253.387756348, 253.875366211, 254.362991333, 254.862213135, 255.361450195, 255.860671997, 256.348297119, 256.824310303, 257.300323486, 257.764709473, 258.240722656, 258.72833252, 259.2159729, 259.703582764, 260.179595947, 260.667205811, 261.143218994, 261.619232178, 262.106842041, 262.594451904, 263.070465088, 263.546478271, 264.022491455, 264.498504639, 264.962890625, 265.427307129, 265.891693115, 266.286437988, 266.681182861, 267.075927734, 267.482269287, 267.87701416, 268.283355713, 268.689697266, 269.096038818, 269.502410889, 269.908752441, 270.315093994, 270.721435547, 271.127807617, 271.53414917, 271.940490723, 272.346832275, 272.753204346]
