
metadata:
    version:
        essentia: "2.1-beta2"
    audio_properties:
        analysis_sample_rate: 44100
        bitrate: 320
        channels: 2
        equal_loudness: 1
        length: 210.625305176
        replay_gain: -13.8477630615
        downmix: "mix"
    tags:
        album: "This War Is Ours"
        artist: "Escape The Fate"
        comment: ""
        date: "2008"
        genre: "Alternative"
        title: "We Won't Back Down"
        tracknumber: "1"

configuration:
    average_loudness:
        compute: 1
        frameSize: 88200
        hopSize: 44100
        silentFrames: "noise"
        windowType: "hann"
    general:
        analysisSampleRate: 44100
        endTime: 2000
        equalLoudness: 1
        nequalLoudness: 0
        shortSound: 0
        startTime: 0
    lowlevel:
        compute: 1
        frameSize: 2048
        hopSize: 1024
        zeroPadding: 0
        silentFrames: "noise"
        windowType: "blackmanharris62"
        mfccStats: ["mean", "cov", "icov"]
        stats: ["mean", "var", "median", "min", "max", "dmean", "dmean2", "dvar", "dvar2"]
    panning:
        compute: 0
        frameSize: 8192
        hopSize: 2048
        zeroPadding: 8192
        silentFrames: "noise"
        windowType: "hann"
        stats: ["copy"]
    rhythm:
        compute: 1
        maxTempo: 208
        minTempo: 40
        method: "degara"
        stats: ["mean", "var", "median", "min", "max", "dmean", "dmean2", "dvar", "dvar2"]
    segmentation:
        compute: 0
        cpw: 5
        inc1: 300
        inc2: 50
        minimumSegmentsLength: 10
        size1: 1000
        size2: 600
    sfx:
        compute: 1
        stats: ["mean", "var", "median", "min", "max", "dmean", "dmean2", "dvar", "dvar2"]
    svm:
        compute: 0
    tonal:
        compute: 1
        frameSize: 4096
        hopSize: 2048
        zeroPadding: 0
        silentFrames: "noise"
        windowType: "blackmanharris62"
        stats: ["mean", "var", "median", "min", "max", "dmean", "dmean2", "dvar", "dvar2"]

lowlevel:
    average_loudness: 0.940507650375
    barkbands_kurtosis:
        dmean: 1.16322219372
        dmean2: 1.93113911152
        dvar: 25.4040851593
        dvar2: 72.7300949097
        max: 236.464767456
        mean: 0.530188322067
        median: -0.631509542465
        min: -1.88208127022
        var: 36.0063934326
    barkbands_skewness:
        dmean: 0.393922001123
        dmean2: 0.619988977909
        dvar: 0.161400541663
        dvar2: 0.400056570768
        max: 6.83819484711
        mean: -0.270866423845
        median: -0.218088820577
        min: -5.09930706024
        var: 0.782312512398
    barkbands_spread:
        dmean: 5.1813788414
        dmean2: 8.01702690125
        dvar: 28.4465351105
        dvar2: 67.0568466187
        max: 72.5947723389
        mean: 26.6854839325
        median: 25.7408313751
        min: 0.106387645006
        var: 120.122627258
    dissonance:
        dmean: 0.0183197781444
        dmean2: 0.0312595516443
        dvar: 0.000923702900764
        dvar2: 0.00273535191081
        max: 0.499999940395
        mean: 0.470790952444
        median: 0.480497598648
        min: 0.040048006922
        var: 0.00146896485239
    hfc:
        dmean: 2.73745751381
        dmean2: 4.58981323242
        dvar: 13.769993782
        dvar2: 38.9501914978
        max: 49.851852417
        mean: 10.5405054092
        median: 9.55261325836
        min: 1.1984753874e-016
        var: 42.1286811829
    pitch:
        dmean: 604.260803223
        dmean2: 1159.08959961
        dvar: 1334066.75
        dvar2: 3243799.5
        max: 5351.35595703
        mean: 1152.91711426
        median: 390.972229004
        min: 58.2736244202
        var: 2079903.375
    pitch_instantaneous_confidence:
        dmean: 0.0888328626752
        dmean2: 0.143067747355
        dvar: 0.00611420348287
        dvar2: 0.0144238071516
        max: 0.967209458351
        mean: 0.483929336071
        median: 0.46148622036
        min: 0.114773213863
        var: 0.0269700735807
    pitch_salience:
        dmean: 0.0645181536674
        dmean2: 0.105460606515
        dvar: 0.00350271421485
        dvar2: 0.00934019591659
        max: 0.866773843765
        mean: 0.619335174561
        median: 0.628800749779
        min: 0.195772647858
        var: 0.0106640793383
    silence_rate_20dB:
        dmean: 0
        dmean2: 0
        dvar: 0
        dvar2: 0
        max: 1
        mean: 1
        median: 1
        min: 1
        var: 0
    silence_rate_30dB:
        dmean: 0
        dmean2: 0
        dvar: 0
        dvar2: 0
        max: 1
        mean: 1
        median: 1
        min: 1
        var: 0
    silence_rate_60dB:
        dmean: 0.0584279559553
        dmean2: 0.116868801415
        dvar: 0.055017285049
        dvar2: 0.120639830828
        max: 1
        mean: 0.195767194033
        median: 0
        min: 0
        var: 0.15744972229
    spectral_centroid:
        dmean: 262.145721436
        dmean2: 413.78024292
        dvar: 92551.8359375
        dvar2: 210220.46875
        max: 10885.6376953
        mean: 1980.0847168
        median: 1888.92956543
        min: 261.622253418
        var: 493927.5
    spectral_complexity:
        dmean: 3.95237565041
        dmean2: 6.57331848145
        dvar: 17.1054782867
        dvar2: 46.0330467224
        max: 46
        mean: 16.1083545685
        median: 16
        min: 0
        var: 58.8433494568
    spectral_crest:
        dmean: 2.29046797752
        dmean2: 3.76265025139
        dvar: 4.39089393616
        dvar2: 11.1490087509
        max: 25.2147159576
        mean: 8.19973278046
        median: 7.24468612671
        min: 2.42120361328
        var: 13.5321474075
    spectral_decrease:
        dmean: 2.69760713767e-010
        dmean2: 4.39107555872e-010
        dvar: 1.08381514243e-019
        dvar2: 2.80707127141e-019
        max: 7.62802832332e-029
        mean: -1.13280862468e-009
        median: -1.10440701029e-009
        min: -3.77598219359e-009
        var: 3.15161758743e-019
    spectral_energy:
        dmean: 0.00121883058455
        dmean2: 0.00199857354164
        dvar: 2.25933990805e-006
        dvar2: 5.95917299506e-006
        max: 0.0178409498185
        mean: 0.00523153692484
        median: 0.00508895143867
        min: 1.05826151383e-020
        var: 6.68963548378e-006
    spectral_energyband_high:
        dmean: 0.000231444559176
        dmean2: 0.000390357599827
        dvar: 1.45404101204e-007
        dvar2: 3.96354948862e-007
        max: 0.00555851636454
        mean: 0.000558694009669
        median: 0.000413476314861
        min: 7.83078395751e-021
        var: 2.95166984188e-007
    spectral_energyband_low:
        dmean: 0.000119864474982
        dmean2: 0.000203752162633
        dvar: 3.80146971679e-008
        dvar2: 1.04391361333e-007
        max: 0.00190578133333
        mean: 0.000215811422095
        median: 0.000153370390763
        min: 1.29101315434e-022
        var: 4.64565701463e-008
    spectral_energyband_middle_high:
        dmean: 0.000828469987027
        dmean2: 0.00133640214335
        dvar: 7.9212509263e-007
        dvar2: 2.02847263608e-006
        max: 0.0124071342871
        mean: 0.00319137377664
        median: 0.0029787668027
        min: 1.47949734388e-021
        var: 3.72913336832e-006
    spectral_energyband_middle_low:
        dmean: 0.000658477132674
        dmean2: 0.00104339828249
        dvar: 9.19862941373e-007
        dvar2: 2.32204183703e-006
        max: 0.0108556626365
        mean: 0.00148527615238
        median: 0.00105084874667
        min: 1.58318905828e-022
        var: 1.81808354682e-006
    spectral_flatness_db:
        dmean: 0.0157865490764
        dmean2: 0.024326492101
        dvar: 0.000240257271798
        dvar2: 0.000567861192394
        max: 0.645322501659
        mean: 0.158868536353
        median: 0.145729765296
        min: 0.0588502474129
        var: 0.00445376243442
    spectral_flux:
        dmean: 0.00871811527759
        dmean2: 0.0136194666848
        dvar: 8.45049507916e-005
        dvar2: 0.000187541256309
        max: 0.111761905253
        mean: 0.0419919267297
        median: 0.0409534946084
        min: 1.0287183605e-010
        var: 0.000294365803711
    spectral_kurtosis:
        dmean: 1.49170780182
        dmean2: 2.50228977203
        dvar: 22.4504890442
        dvar2: 65.7454147339
        max: 181.82170105
        mean: 5.19247293472
        median: 3.18968749046
        min: -1.16138005257
        var: 172.712219238
    spectral_rms:
        dmean: 0.000253500940744
        dmean2: 0.000408771709772
        dvar: 7.99332084966e-008
        dvar2: 2.0269303036e-007
        max: 0.00417202617973
        mean: 0.00216164882295
        median: 0.00222819019109
        min: 3.21317646969e-012
        var: 4.31230262166e-007
    spectral_rolloff:
        dmean: 352.355102539
        dmean2: 572.514038086
        dvar: 210901.859375
        dvar2: 453003.21875
        max: 18949.21875
        mean: 3438.234375
        median: 3574.51171875
        min: 107.666015625
        var: 907294
    spectral_skewness:
        dmean: 0.179768934846
        dmean2: 0.290738433599
        dvar: 0.0614637546241
        dvar2: 0.162419915199
        max: 11.9637041092
        mean: 1.41227316856
        median: 1.26544010639
        min: 0.00764049356803
        var: 1.19247877598
    spectral_spread:
        dmean: 457399.6875
        dmean2: 657233.0625
        dvar: 404548550656
        dvar2: 659596771328
        max: 40819192
        mean: 4594648.5
        median: 4454352
        min: 680945.5
        var: 2.1287754793e+012
    spectral_strongpeak:
        dmean: 0.690137982368
        dmean2: 1.14714384079
        dvar: 0.932363331318
        dvar2: 2.21525740623
        max: 12.750210762
        mean: 1.39511907101
        median: 1.02712762356
        min: 3.46696649167e-009
        var: 2.35452198982
    zerocrossingrate:
        dmean: 0.00830998644233
        dmean2: 0.00979399587959
        dvar: 8.41550136101e-005
        dvar2: 9.57856027526e-005
        max: 0.5048828125
        mean: 0.106311455369
        median: 0.10400390625
        min: 0.015625
        var: 0.00107279710937
    barkbands:
        dmean: [4.64412153178e-007, 4.91382561449e-005, 7.0805195719e-005, 7.12678011041e-005, 0.000279727304587, 0.000130825617816, 0.000100258737803, 6.63012760924e-005, 0.00014966155868, 0.000278238672763, 0.00012744293781, 0.000111247893074, 6.41738661216e-005, 0.000130609885673, 0.000124270634842, 0.000125020116684, 0.000129027539515, 0.000176640431164, 0.000302091037156, 0.000213957333472, 0.000108301122964, 4.70192862849e-005, 8.85435565579e-006, 4.10498478232e-006, 2.05491460292e-006, 1.05964296893e-007, 6.04809979876e-010]
        dmean2: [8.26420318845e-007, 8.51339136716e-005, 0.000122050798382, 0.000117719820992, 0.000479504669784, 0.000214731742744, 0.000159537128638, 0.000105955943582, 0.000229107536143, 0.000414248381276, 0.000185431257705, 0.000174201122718, 0.000100330202258, 0.000203921110369, 0.000192064835574, 0.000199070418603, 0.000211371661862, 0.000295242469292, 0.00050651060883, 0.000358189776307, 0.000186470511835, 7.97683533165e-005, 1.40699639815e-005, 6.16901934336e-006, 3.08292874251e-006, 1.60309397756e-007, 9.98836013899e-010]
        dvar: [1.27064960116e-012, 1.03016182251e-008, 1.33299726812e-008, 1.55749493302e-008, 5.0783722827e-007, 5.76044030254e-008, 9.3813881108e-008, 3.64847672074e-008, 9.71071045797e-008, 3.15249366167e-007, 9.55756860321e-008, 3.98844832716e-008, 2.03410710498e-008, 6.70218938126e-008, 8.26782127206e-008, 4.86479549977e-008, 4.67167815543e-008, 5.62150468397e-008, 1.71205797983e-007, 9.32390022967e-008, 3.80669646916e-008, 8.56930260085e-009, 5.33793620416e-010, 1.72092465278e-010, 4.06011821386e-011, 1.45613298437e-013, 1.93033494044e-018]
        dvar2: [3.49841444876e-012, 2.78570126966e-008, 3.78826072733e-008, 3.83942797555e-008, 1.38409359351e-006, 1.41966467027e-007, 2.22281201445e-007, 8.53172892334e-008, 2.1152082752e-007, 6.86165037678e-007, 1.89455505506e-007, 9.28109500364e-008, 4.2652288812e-008, 1.55483220965e-007, 1.8198250018e-007, 1.10195713887e-007, 1.13409171831e-007, 1.45067232893e-007, 4.44557599621e-007, 2.42568404474e-007, 1.06388945653e-007, 2.10843769111e-008, 1.14334053336e-009, 3.20929893771e-010, 7.73743569216e-011, 3.30808893733e-013, 4.6455741195e-018]
        max: [1.11605168058e-005, 0.000794479390606, 0.00160344387405, 0.00211689411663, 0.00685203867033, 0.00455580139533, 0.00889658555388, 0.00537635060027, 0.00663576088846, 0.00948327127844, 0.00660292385146, 0.00417656917125, 0.00417211465538, 0.00592356361449, 0.00634141499177, 0.005373459775, 0.00755455903709, 0.00381722766906, 0.00817943923175, 0.00768583873287, 0.00505475932732, 0.00174331862945, 0.000553666148335, 0.000393903173972, 0.000144314326462, 9.92800778477e-006, 3.92570349561e-008]
        mean: [4.34062798149e-007, 6.36888144072e-005, 0.000111022047349, 9.41935868468e-005, 0.000327895948431, 0.000201749367989, 0.00012603016512, 0.000117043942737, 0.00026672356762, 0.000526989111677, 0.000291849690257, 0.000217399094254, 0.000113439346023, 0.0002337324986, 0.000207435179618, 0.000223699826165, 0.000250851415331, 0.000333337608026, 0.000691999797709, 0.000508779019583, 0.000212441314943, 8.5616040451e-005, 1.46353431774e-005, 6.94814116287e-006, 3.44276509168e-006, 1.62536110793e-007, 8.52535597673e-010]
        median: [3.21817239524e-008, 3.42032544722e-005, 7.10155727575e-005, 4.55146364402e-005, 0.000142947741551, 0.000110382454295, 4.0906626964e-005, 3.06628426188e-005, 9.87979874481e-005, 0.000100230907265, 5.35067447345e-005, 0.000103343103547, 4.15804242948e-005, 6.92494941177e-005, 8.05430390756e-005, 0.00013686872262, 0.000170657833223, 0.000228079821682, 0.00048822624376, 0.000360795733286, 0.000153029133799, 5.34034479642e-005, 6.69938344799e-006, 2.85357145913e-006, 1.22931544411e-006, 4.94165419695e-008, 3.9218922554e-010]
        min: [9.05394199153e-025, 9.98605072858e-023, 2.45591206239e-023, 4.82261003063e-024, 1.82093030965e-023, 1.85312640532e-023, 2.31261484787e-023, 3.5946009091e-023, 4.9834599525e-023, 3.22413415752e-023, 5.06890273932e-023, 2.14345056872e-023, 1.52676581359e-022, 1.20020630269e-022, 1.86264398058e-022, 1.53588214264e-022, 1.36251676897e-022, 2.24271741716e-022, 2.95817109172e-022, 4.17613799816e-022, 3.83147469746e-022, 5.30309761916e-022, 7.1606042851e-022, 7.17262627286e-022, 1.05166270876e-021, 1.78364535432e-021, 2.53761240473e-021]
        var: [1.17758938451e-012, 8.95940743817e-009, 1.64237796696e-008, 2.07432240273e-008, 4.37247024365e-007, 8.96822172081e-008, 1.13490230547e-007, 9.48577394411e-008, 2.45213129801e-007, 9.98537757368e-007, 4.42521951527e-007, 1.08553926736e-007, 5.64345796761e-008, 1.83456492664e-007, 1.80625676194e-007, 9.56128900498e-008, 8.50077555015e-008, 1.18442592623e-007, 5.60498506275e-007, 2.9715138794e-007, 5.63862414538e-008, 1.45168685961e-008, 9.87809056774e-010, 3.59775820247e-010, 8.52121775918e-011, 2.21025780144e-013, 2.87749396494e-018]
    frequency_bands:
        dmean: [4.64412153178e-007, 4.91382561449e-005, 7.0805195719e-005, 7.12678011041e-005, 0.000279727304587, 0.000130825617816, 0.000100258737803, 6.63012760924e-005, 0.00014966155868, 0.000278238672763, 0.00012744293781, 0.000111247893074, 6.41738661216e-005, 0.000130609885673, 0.000124270634842, 0.000125020116684, 0.000129027539515, 0.000176640431164, 0.000302091037156, 0.000213957333472, 0.000108301122964, 4.70192862849e-005, 8.85435565579e-006, 4.10498478232e-006, 2.05491460292e-006, 1.05964296893e-007, 6.04809979876e-010, 6.45277303812e-011]
        dmean2: [8.26420318845e-007, 8.51339136716e-005, 0.000122050798382, 0.000117719820992, 0.000479504669784, 0.000214731742744, 0.000159537128638, 0.000105955943582, 0.000229107536143, 0.000414248381276, 0.000185431257705, 0.000174201122718, 0.000100330202258, 0.000203921110369, 0.000192064835574, 0.000199070418603, 0.000211371661862, 0.000295242469292, 0.00050651060883, 0.000358189776307, 0.000186470511835, 7.97683533165e-005, 1.40699639815e-005, 6.16901934336e-006, 3.08292874251e-006, 1.60309397756e-007, 9.98836013899e-010, 1.200832489e-010]
        dvar: [1.27064960116e-012, 1.03016182251e-008, 1.33299726812e-008, 1.55749493302e-008, 5.0783722827e-007, 5.76044030254e-008, 9.3813881108e-008, 3.64847672074e-008, 9.71071045797e-008, 3.15249366167e-007, 9.55756860321e-008, 3.98844832716e-008, 2.03410710498e-008, 6.70218938126e-008, 8.26782127206e-008, 4.86479549977e-008, 4.67167815543e-008, 5.62150468397e-008, 1.71205797983e-007, 9.32390022967e-008, 3.80669646916e-008, 8.56930260085e-009, 5.33793620416e-010, 1.72092465278e-010, 4.06011821386e-011, 1.45613298437e-013, 1.93033494044e-018, 9.07006772839e-021]
        dvar2: [3.49841444876e-012, 2.78570126966e-008, 3.78826072733e-008, 3.83942797555e-008, 1.38409359351e-006, 1.41966467027e-007, 2.22281201445e-007, 8.53172892334e-008, 2.1152082752e-007, 6.86165037678e-007, 1.89455505506e-007, 9.28109500364e-008, 4.2652288812e-008, 1.55483220965e-007, 1.8198250018e-007, 1.10195713887e-007, 1.13409171831e-007, 1.45067232893e-007, 4.44557599621e-007, 2.42568404474e-007, 1.06388945653e-007, 2.10843769111e-008, 1.14334053336e-009, 3.20929893771e-010, 7.73743569216e-011, 3.30808893733e-013, 4.6455741195e-018, 2.93142566266e-020]
        max: [1.11605168058e-005, 0.000794479390606, 0.00160344387405, 0.00211689411663, 0.00685203867033, 0.00455580139533, 0.00889658555388, 0.00537635060027, 0.00663576088846, 0.00948327127844, 0.00660292385146, 0.00417656917125, 0.00417211465538, 0.00592356361449, 0.00634141499177, 0.005373459775, 0.00755455903709, 0.00381722766906, 0.00817943923175, 0.00768583873287, 0.00505475932732, 0.00174331862945, 0.000553666148335, 0.000393903173972, 0.000144314326462, 9.92800778477e-006, 3.92570349561e-008, 1.75162095939e-009]
        mean: [4.34062798149e-007, 6.36888144072e-005, 0.000111022047349, 9.41935868468e-005, 0.000327895948431, 0.000201749367989, 0.00012603016512, 0.000117043942737, 0.00026672356762, 0.000526989111677, 0.000291849690257, 0.000217399094254, 0.000113439346023, 0.0002337324986, 0.000207435179618, 0.000223699826165, 0.000250851415331, 0.000333337608026, 0.000691999797709, 0.000508779019583, 0.000212441314943, 8.5616040451e-005, 1.46353431774e-005, 6.94814116287e-006, 3.44276509168e-006, 1.62536110793e-007, 8.52535597673e-010, 4.95591068184e-011]
        median: [3.21817239524e-008, 3.42032544722e-005, 7.10155727575e-005, 4.55146364402e-005, 0.000142947741551, 0.000110382454295, 4.0906626964e-005, 3.06628426188e-005, 9.87979874481e-005, 0.000100230907265, 5.35067447345e-005, 0.000103343103547, 4.15804242948e-005, 6.92494941177e-005, 8.05430390756e-005, 0.00013686872262, 0.000170657833223, 0.000228079821682, 0.00048822624376, 0.000360795733286, 0.000153029133799, 5.34034479642e-005, 6.69938344799e-006, 2.85357145913e-006, 1.22931544411e-006, 4.94165419695e-008, 3.9218922554e-010, 1.94076178739e-011]
        min: [9.05394199153e-025, 9.98605072858e-023, 2.45591206239e-023, 4.82261003063e-024, 1.82093030965e-023, 1.85312640532e-023, 2.31261484787e-023, 3.5946009091e-023, 4.9834599525e-023, 3.22413415752e-023, 5.06890273932e-023, 2.14345056872e-023, 1.52676581359e-022, 1.20020630269e-022, 1.86264398058e-022, 1.53588214264e-022, 1.36251676897e-022, 2.24271741716e-022, 2.95817109172e-022, 4.17613799816e-022, 3.83147469746e-022, 5.30309761916e-022, 7.1606042851e-022, 7.17262627286e-022, 1.05166270876e-021, 1.78364535432e-021, 2.53761240473e-021, 7.96261606959e-022]
        var: [1.17758938451e-012, 8.95940743817e-009, 1.64237796696e-008, 2.07432240273e-008, 4.37247024365e-007, 8.96822172081e-008, 1.13490230547e-007, 9.48577394411e-008, 2.45213129801e-007, 9.98537757368e-007, 4.42521951527e-007, 1.08553926736e-007, 5.64345796761e-008, 1.83456492664e-007, 1.80625676194e-007, 9.56128900498e-008, 8.50077555015e-008, 1.18442592623e-007, 5.60498506275e-007, 2.9715138794e-007, 5.63862414538e-008, 1.45168685961e-008, 9.87809056774e-010, 3.59775820247e-010, 8.52121775918e-011, 2.21025780144e-013, 2.87749396494e-018, 6.95848807425e-021]
    mfcc:
        mean: [-704.2578125, 88.0001373291, -55.5076408386, 48.2912979126, -20.5741424561, -1.17119288445, 3.62001395226, -2.32880401611, -1.30814743042, -5.0514998436, -6.39817428589, -9.3536195755, -3.08230662346]
        cov: [[6979.99902344, 631.242736816, -829.752197266, 386.376037598, -201.656326294, 252.224319458, 294.248504639, 295.359069824, 231.963516235, 74.3901977539, -108.953033447, -236.400177002, -213.335647583], [631.242736816, 929.102294922, -268.382537842, 50.5037155151, -62.3485679626, 56.9818382263, 99.9057922363, 55.3556785583, 78.4201202393, 15.1108665466, 10.4940309525, -20.8714542389, -9.2103767395], [-829.752197266, -268.382537842, 656.910644531, -47.5332107544, 168.834823608, -53.3744850159, -93.5375213623, -70.1416015625, -63.531867981, -13.0099401474, -14.0921230316, 53.2640266418, 8.61824607849], [386.376037598, 50.5037155151, -47.5332107544, 350.639312744, 28.9064903259, 30.4795780182, 8.85156059265, -7.05314064026, 38.3588409424, -26.1855697632, 0.763462245464, 20.4406032562, 39.1126289368], [-201.656326294, -62.3485679626, 168.834823608, 28.9064903259, 185.976333618, 9.1193151474, -38.3617706299, -11.1612157822, 12.0460605621, 12.6108961105, -5.66093635559, 17.9523906708, 1.49586081505], [252.224319458, 56.9818382263, -53.3744850159, 30.4795780182, 9.1193151474, 143.864105225, 110.15372467, 40.8135643005, 9.44361495972, 11.9349946976, 3.6757080555, -16.5499954224, -7.96125793457], [294.248504639, 99.9057922363, -93.5375213623, 8.85156059265, -38.3617706299, 110.15372467, 205.443756104, 85.4476623535, 32.372215271, 18.980682373, 4.25886821747, -16.1049118042, -10.6714897156], [295.359069824, 55.3556785583, -70.1416015625, -7.05314064026, -11.1612157822, 40.8135643005, 85.4476623535, 128.581573486, 68.4462738037, 39.2829933167, -2.88703298569, -22.8335342407, -24.8197402954], [231.963516235, 78.4201202393, -63.531867981, 38.3588409424, 12.0460605621, 9.44361495972, 32.372215271, 68.4462738037, 124.068862915, 59.5101699829, 6.84287309647, -15.4665021896, -16.7679290771], [74.3901977539, 15.1108665466, -13.0099401474, -26.1855697632, 12.6108961105, 11.9349946976, 18.980682373, 39.2829933167, 59.5101699829, 102.306396484, 33.6452331543, -3.67008447647, -25.1651153564], [-108.953033447, 10.4940309525, -14.0921230316, 0.763462245464, -5.66093635559, 3.6757080555, 4.25886821747, -2.88703298569, 6.84287309647, 33.6452331543, 78.3406829834, 38.0039291382, 15.2507781982], [-236.400177002, -20.8714542389, 53.2640266418, 20.4406032562, 17.9523906708, -16.5499954224, -16.1049118042, -22.8335342407, -15.4665021896, -3.67008447647, 38.0039291382, 98.9760131836, 62.2108383179], [-213.335647583, -9.2103767395, 8.61824607849, 39.1126289368, 1.49586081505, -7.96125793457, -10.6714897156, -24.8197402954, -16.7679290771, -25.1651153564, 15.2507781982, 62.2108383179, 105.197441101]]
        icov: [[0.000220122601604, -5.58536557946e-005, 0.000167633814272, -0.00026552946656, 0.000131488835905, -0.000208176890737, 6.6237837018e-005, -0.000259354099398, 1.52435877681e-005, -0.000128182480694, 0.000330225477228, 6.27549707133e-006, 0.000374585186364], [-5.58536557946e-005, 0.00131071347278, 0.000380166660761, 7.55808432586e-005, -2.28383987633e-006, -7.37815644243e-005, -0.000416429626057, 0.000380338809919, -0.00085125293117, 0.000424589408794, -0.00019094972231, -0.000157754548127, 7.10409804014e-005], [0.000167633814272, 0.000380166660761, 0.00267821596935, 9.18925870792e-005, -0.00207302509807, 0.000593727221712, -0.000223879411351, 0.000287979200948, 0.000946046027821, -0.000421179021941, 0.00107433099765, -0.00133485114202, 0.000922991253901], [-0.00026552946656, 7.55808432586e-005, 9.18925870792e-005, 0.00394019810483, -0.000756745168474, -0.000914275413379, 0.000114783077152, 0.00136777595617, -0.00265320716426, 0.00229539582506, -0.000657169497572, -0.000466023659101, -0.00123139028437], [0.000131488835905, -2.28383987633e-006, -0.00207302509807, -0.000756745168474, 0.00860407203436, -0.00334171275608, 0.0026618570555, -0.000202818380785, -0.00199666200206, -0.000888033187948, 0.00162107741926, -0.00157340511214, 0.000729338265955], [-0.000208176890737, -7.37815644243e-005, 0.000593727221712, -0.000914275413379, -0.00334171275608, 0.0140794990584, -0.00779344048351, 0.000211582839256, 0.00312241655774, -0.00134440104011, -0.00145381060429, 0.00271053635515, -0.000981048215181], [6.6237837018e-005, -0.000416429626057, -0.000223879411351, 0.000114783077152, 0.0026618570555, -0.00779344048351, 0.0116868214682, -0.00542011484504, -0.000109068430902, 0.000510685960762, 0.000116488343338, -0.00104848784395, 6.05659151915e-005], [-0.000259354099398, 0.000380338809919, 0.000287979200948, 0.00136777595617, -0.000202818380785, 0.000211582839256, -0.00542011484504, 0.0161503534764, -0.00714725069702, -0.000775715801865, 0.0014327892568, -0.000334764859872, 0.000920159625821], [1.52435877681e-005, -0.00085125293117, 0.000946046027821, -0.00265320716426, -0.00199666200206, 0.00312241655774, -0.000109068430902, -0.00714725069702, 0.0181146431714, -0.00900784973055, 0.00143901852425, 0.00172655971255, -0.00106442556717], [-0.000128182480694, 0.000424589408794, -0.000421179021941, 0.00229539582506, -0.000888033187948, -0.00134440104011, 0.000510685960762, -0.000775715801865, -0.00900784973055, 0.0197196230292, -0.00869868136942, -3.48763205693e-005, 0.00330114969984], [0.000330225477228, -0.00019094972231, 0.00107433099765, -0.000657169497572, 0.00162107741926, -0.00145381060429, 0.000116488343338, 0.0014327892568, 0.00143901852425, -0.00869868136942, 0.0214358028024, -0.00913250818849, 0.00146766635589], [6.27549707133e-006, -0.000157754548127, -0.00133485114202, -0.000466023659101, -0.00157340511214, 0.00271053635515, -0.00104848784395, -0.000334764859872, 0.00172655971255, -3.48763205693e-005, -0.00913250818849, 0.0222225151956, -0.0112272482365], [0.000374585186364, 7.10409804014e-005, 0.000922991253901, -0.00123139028437, 0.000729338265955, -0.000981048215181, 6.05659151915e-005, 0.000920159625821, -0.00106442556717, 0.00330114969984, 0.00146766635589, -0.0112272482365, 0.0178393814713]]
    sccoeffs:
        dmean: [0.0524866878986, 0.0496783070266, 0.0425180234015, 0.0325655862689, 0.0210041739047, 0.0184044968337]
        dmean2: [0.0854968056083, 0.080953925848, 0.0674895867705, 0.052499525249, 0.0343552827835, 0.0293009299785]
        dvar: [0.00226630782709, 0.00165179616306, 0.00121340702754, 0.000743503740523, 0.000353545270627, 0.000338845798979]
        dvar2: [0.00557629577816, 0.00430191215128, 0.00286498502828, 0.00181748520117, 0.000856968516018, 0.000786504009739]
        max: [-0.275838643312, -0.387011051178, -0.404469043016, -0.475267082453, -0.4793625772, -0.53122985363]
        mean: [-0.677876830101, -0.742410063744, -0.727484941483, -0.759008228779, -0.789492309093, -0.737614154816]
        median: [-0.688290834427, -0.751505851746, -0.734672665596, -0.760879576206, -0.794607520103, -0.740953922272]
        min: [-0.962984204292, -0.973864018917, -0.959242403507, -0.958605229855, -0.952586650848, -0.957907438278]
        var: [0.00670414743945, 0.00560887809843, 0.00749226892367, 0.00366571708582, 0.00203733006492, 0.00254753208719]
    scvalleys:
        dmean: [0.373902291059, 0.379563212395, 0.317632198334, 0.268417030573, 0.237074196339, 0.277921527624]
        dmean2: [0.615581810474, 0.621785521507, 0.518030822277, 0.430098772049, 0.383499652147, 0.418178826571]
        dvar: [0.110577680171, 0.111149638891, 0.0873388797045, 0.0714627951384, 0.0839493721724, 0.130158215761]
        dvar2: [0.262355417013, 0.263357371092, 0.193195804954, 0.148299604654, 0.174586430192, 0.279760420322]
        max: [-5.40417385101, -4.93579626083, -5.28220653534, -5.79512739182, -5.49863243103, -7.12398576736]
        mean: [-7.2842502594, -6.95155525208, -7.15113592148, -7.3265619278, -6.9721736908, -9.66125297546]
        median: [-6.98669815063, -6.78369092941, -6.88417196274, -7.04679965973, -6.64649438858, -9.38612937927]
        min: [-27.2059288025, -26.6688041687, -27.2502326965, -27.2795314789, -27.4271316528, -27.301733017]
        var: [1.94775867462, 1.11512970924, 1.79665195942, 1.96862602234, 1.91046929359, 1.94426107407]

rhythm:
    beats_loudness:
        dmean: 0.00171342852991
        dmean2: 0.00303613813594
        dvar: 2.30860314332e-006
        dvar2: 7.05826232661e-006
        max: 0.0121872825548
        mean: 0.00631582736969
        median: 0.00671493820846
        min: 4.97267123312e-011
        var: 6.60184514345e-006
    bpm: 90.5494537354
    bpm_confidence: 0
    first_peak_bpm: 91
    first_peak_spread: 0.200000047684
    first_peak_weight: 0.752351045609
    onset_rate: 2.76320123672
    second_peak_bpm: 120
    second_peak_spread: 0.307692319155
    second_peak_weight: 0.0282131657004
    beats_loudness_band_ratio:
        dmean: [0.102862775326, 0.115532413125, 0.111883483827, 0.1183174178, 0.102751068771, 0.0868805348873]
        dmean2: [0.182669937611, 0.201326310635, 0.196157053113, 0.212011232972, 0.18154245615, 0.150822207332]
        dvar: [0.0098662879318, 0.0147729758173, 0.0159609522671, 0.015814371407, 0.0109898420051, 0.00980094075203]
        dvar2: [0.0296777933836, 0.0422228872776, 0.0532280243933, 0.0421032905579, 0.0309345200658, 0.0275774504989]
        max: [0.614096999168, 0.957274138927, 0.805805385113, 0.752399206161, 0.742314398289, 0.824311614037]
        mean: [0.225298017263, 0.225739523768, 0.135655224323, 0.144378021359, 0.190209448338, 0.221765041351]
        median: [0.246702164412, 0.223393589258, 0.0895028710365, 0.0968636721373, 0.162624895573, 0.183683246374]
        min: [0, 0, 0, 0, 0, 0]
        var: [0.0191157571971, 0.0229519810528, 0.0185513980687, 0.0182835720479, 0.0121110286564, 0.0213116370142]
    beats_position: [0.49922901392, 0.99845802784, 1.50929701328, 2.02013611794, 2.53097510338, 3.04181408882, 3.54104304314, 4.04027223587, 4.53950119019, 5.0387301445, 5.53795909882, 6.03718805313, 6.53641700745, 7.03564596176, 7.70902490616, 8.37079334259, 9.03256225586, 9.682721138, 10.3328800201, 10.9946479797, 11.656416893, 12.3181858063, 12.9799547195, 13.6301136017, 14.2918815613, 14.9420404434, 15.6038093567, 16.2655773163, 16.9273471832, 17.5891151428, 18.2508831024, 18.9010429382, 19.5628108978, 20.2245807648, 20.8863487244, 21.548116684, 22.1982765198, 22.8600444794, 23.5218143463, 24.1835823059, 24.8453502655, 25.4955101013, 26.1572780609, 26.8190479279, 27.4808158875, 28.142583847, 28.7927436829, 29.4545116425, 30.1162815094, 30.778049469, 31.4282073975, 32.0899772644, 32.7517471313, 33.4135131836, 34.0752830505, 34.7370529175, 35.3872108459, 36.0373687744, 36.7107467651, 37.3725166321, 38.034286499, 38.6844444275, 39.3462142944, 40.0079803467, 40.6697502136, 41.3315200806, 41.981678009, 42.6434440613, 43.3052139282, 43.9669837952, 44.6287536621, 45.2789115906, 45.9406776428, 46.6024475098, 47.2526054382, 47.9143753052, 48.5761451721, 49.2379112244, 49.8996810913, 50.5498390198, 51.2116088867, 51.8733787537, 52.5351448059, 53.1969146729, 53.8586845398, 54.5204544067, 55.1706123352, 55.8207702637, 56.4825401306, 57.1443061829, 57.8060760498, 58.4678459167, 59.1180038452, 59.7797737122, 60.4415397644, 61.1033096313, 61.7650794983, 62.4152374268, 63.0653953552, 63.7271652222, 64.3889312744, 65.0507049561, 65.7124710083, 66.3742370605, 67.0360107422, 67.686164856, 68.3479385376, 69.0097045898, 69.6714706421, 70.3332443237, 70.995010376, 71.6567764282, 72.3069381714, 72.9687042236, 73.6304779053, 74.280632019, 74.9424057007, 75.6041717529, 76.2659378052, 76.9160995483, 77.5778656006, 78.2396392822, 78.9014053345, 79.5631713867, 80.2249450684, 80.8750991821, 81.5368728638, 82.198638916, 82.8604049683, 83.5221786499, 84.1723327637, 84.8341064453, 85.4958724976, 86.1576385498, 86.8194122314, 87.4811782837, 88.1429443359, 88.8047180176, 89.4548721313, 90.116645813, 90.7784118652, 91.4401779175, 92.0903396606, 92.7637176514, 93.4138793945, 94.0640335083, 94.7257995605, 95.3875732422, 96.0493392944, 96.6995010376, 97.3612670898, 98.0230331421, 98.6848068237, 99.346572876, 100.008346558, 100.658500671, 101.331878662, 101.982040405, 102.643806458, 103.293968201, 103.955734253, 104.629112244, 105.279273987, 105.941040039, 106.602806091, 107.252967834, 107.926345825, 108.611335754, 109.296325684, 109.981315613, 110.677909851, 111.36289978, 112.047889709, 112.732879639, 113.429473877, 114.126075745, 114.822669983, 115.519271851, 116.192649841, 116.866027832, 117.539405823, 118.212783813, 118.886169434, 119.547935486, 120.209701538, 120.883079529, 121.55645752, 122.22983551, 122.90322113, 123.576599121, 124.238365173, 124.900131226, 125.573509216, 126.246894836, 126.920272827, 127.593650818, 128.267028809, 128.94039917, 129.602172852, 130.275558472, 130.937316895, 131.610702515, 132.284072876, 132.957458496, 133.630844116, 134.304214478, 134.965988159, 135.627746582, 136.301132202, 136.974502563, 137.647888184, 138.321273804, 138.994644165, 139.668029785, 140.329788208, 140.99156189, 141.66494751, 142.338317871, 143.011703491, 143.685073853, 144.358459473, 145.031829834, 145.693603516, 146.355377197, 147.005523682, 147.667297363, 148.329071045, 148.990829468, 149.652603149, 150.314376831, 150.976135254, 151.626296997, 152.288070679, 152.94984436, 153.611602783, 154.273376465, 154.923538208, 155.573699951, 156.235458374, 156.897232056, 157.570602417, 158.22076416, 158.882537842, 159.544311523, 160.206069946, 160.856231689, 161.518005371, 162.179763794, 162.841537476, 163.503311157, 164.16506958, 164.815231323, 165.488616943, 166.138778687, 166.788925171, 167.439086914, 168.100860596, 168.762634277, 169.436004639, 170.109390259, 170.78276062, 171.432922363, 172.083084106, 172.73324585, 173.395004272, 174.056777954, 174.706939697, 175.380310059, 176.030471802, 176.680633545, 177.342407227, 178.004165649, 178.67755127, 179.327713013, 179.989471436, 180.651245117, 181.30140686, 181.963165283, 182.624938965, 183.286712646, 183.948471069, 184.610244751, 185.272018433, 185.922180176, 186.583938599, 187.24571228, 187.895874023, 188.557632446, 189.219406128, 189.88117981, 190.542938232, 191.193099976, 191.854873657, 192.516647339, 193.166793823, 193.828567505, 194.490341187, 195.140487671, 195.813873291, 196.498855591, 197.183853149, 197.880447388, 198.565444946, 199.250427246, 199.923812866, 200.597183228, 201.258956909, 201.920715332, 202.582489014, 203.244262695, 203.906021118, 204.5677948, 205.229568481, 205.891326904, 206.541488647, 207.191650391, 207.853424072, 208.515182495, 209.176956177, 209.838729858]
    bpm_estimates: [89.1028747559, 90.6661529541, 90.6660919189, 92.2851333618, 92.2851333618, 90.6662216187, 90.6660919189, 90.6660919189, 90.6660919189, 92.2851333618, 90.6662216187, 92.2851333618, 90.6660919189, 90.6662216187, 90.6659622192, 90.6662216187, 90.6662216187, 92.2849960327, 90.6662216187, 90.6659622192, 90.6662216187, 90.6662216187, 92.2849960327, 90.6662216187, 90.6659622192, 90.6662216187, 90.6662216187, 92.2849960327, 90.6662216187, 90.6659622192, 90.6662216187, 90.6662216187, 92.2849960327, 90.6662216187, 90.6659622192, 90.6662216187, 92.2852706909, 90.6659622192, 90.6659622192, 90.6664810181, 90.6659622192, 90.6659622192, 92.2852706909, 92.2852706909, 89.1030044556, 90.6659622192, 90.6659622192, 92.2852706909, 90.6659622192, 90.6664810181, 90.6659622192, 90.6659622192, 92.2852706909, 90.6664810181, 90.6659622192, 90.6659622192, 90.6659622192, 92.2852706909, 90.6664810181, 90.6659622192, 92.2852706909, 90.6659622192, 90.6659622192, 90.6664810181, 90.6659622192, 92.2852706909, 90.6659622192, 90.6659622192, 90.6664810181, 90.6659622192, 90.6659622192, 90.6659622192, 92.2852706909, 92.2852706909, 90.6659622192, 90.6664810181, 90.6659622192, 90.6659622192, 92.2852706909, 90.6659622192, 90.6664810181, 90.6659622192, 90.6659622192, 92.2852706909, 92.2852706909, 90.6659622192, 90.6664810181, 90.665435791, 90.6664810181, 90.6664810181, 90.665435791, 92.2858123779, 90.665435791, 90.6664810181, 90.6664810181, 90.665435791, 90.6664810181, 90.6664810181, 92.2847290039, 90.6664810181, 90.665435791, 92.2858123779, 90.665435791, 90.6664810181, 90.6664810181, 92.2847290039, 90.6664810181, 90.665435791, 90.6664810181, 90.6664810181, 90.665435791, 92.2858123779, 90.665435791, 90.6664810181, 90.6664810181, 90.665435791, 92.2858123779, 90.665435791, 90.6664810181, 90.6664810181, 90.665435791, 90.6664810181, 90.6664810181, 90.665435791, 92.2858123779, 90.665435791, 90.6664810181, 90.6664810181, 92.2847290039, 89.1030044556, 92.2847290039, 92.2858123779, 90.6664810181, 90.665435791, 90.6664810181, 92.2847290039, 90.6664810181, 90.6664810181, 90.665435791, 90.6664810181, 90.665435791, 92.2858123779, 89.1030044556, 92.2847290039, 90.6664810181, 92.2847290039, 90.6664810181, 89.1030044556, 92.2847290039, 90.6664810181, 90.6664810181, 92.2847290039, 89.1030044556, 87.5925292969, 87.5925292969, 87.5925292969, 86.133354187, 87.5925292969, 87.5925292969, 87.5925292969, 86.133354187, 86.1324157715, 86.133354187, 86.1324157715, 89.1030044556, 89.1030044556, 89.1030044556, 89.1030044556, 89.1019897461, 90.6664810181, 90.6664810181, 89.1030044556, 89.1030044556, 89.1030044556, 89.1019897461, 89.1030044556, 90.6664810181, 90.6664810181, 89.1030044556, 89.1019897461, 89.1030044556, 89.1030044556, 89.1030044556, 89.1040115356, 90.665435791, 89.1019897461, 90.6675262451, 89.1019897461, 89.1040115356, 89.1019897461, 89.1019897461, 89.1040115356, 90.665435791, 90.6675262451, 89.1019897461, 89.1040115356, 89.1019897461, 89.1019897461, 89.1040115356, 89.1019897461, 90.6675262451, 90.665435791, 89.1019897461, 89.1040115356, 89.1019897461, 89.1040115356, 89.1019897461, 89.1040115356, 90.665435791, 90.665435791, 92.286895752, 90.665435791, 90.665435791, 90.6675262451, 90.665435791, 90.665435791, 90.6675262451, 92.2847290039, 90.665435791, 90.665435791, 90.6675262451, 90.665435791, 92.2847290039, 92.2847290039, 90.6675262451, 90.665435791, 89.1040115356, 92.2847290039, 90.665435791, 90.665435791, 90.6675262451, 92.2847290039, 90.665435791, 90.6675262451, 90.665435791, 90.665435791, 90.6675262451, 92.2847290039, 89.1019897461, 92.2847290039, 92.286895752, 92.2847290039, 90.665435791, 90.665435791, 89.1040115356, 89.1019897461, 89.1040115356, 92.2847290039, 92.2847290039, 92.2847290039, 90.6675262451, 90.665435791, 92.2847290039, 89.1040115356, 92.2847290039, 92.2847290039, 90.665435791, 90.6675262451, 89.1019897461, 92.2847290039, 90.6675262451, 90.665435791, 92.2847290039, 90.6675262451, 90.665435791, 90.665435791, 90.6675262451, 90.665435791, 90.665435791, 92.2847290039, 90.6675262451, 90.665435791, 92.2847290039, 90.6675262451, 90.665435791, 90.665435791, 90.6675262451, 92.2847290039, 90.665435791, 90.665435791, 92.286895752, 90.665435791, 90.665435791, 92.286895752, 89.1019897461, 87.5935058594, 87.5915527344, 86.133354187, 87.5915527344, 87.5935058594, 89.1019897461, 89.1040115356, 90.665435791, 90.6675262451, 90.665435791, 90.665435791, 90.6675262451, 90.665435791, 90.665435791, 90.6675262451, 92.2847290039, 92.2847290039, 90.665435791, 90.6675262451, 90.665435791, 90.665435791]
