
metadata:
    version:
        essentia: "2.1-beta2"
    audio_properties:
        analysis_sample_rate: 44100
        bitrate: 320
        channels: 2
        equal_loudness: 1
        length: 207.464492798
        replay_gain: -13.0885448456
        downmix: "mix"
    tags:
        album: "This War Is Ours"
        artist: "Escape The Fate"
        comment: ""
        date: "2008"
        genre: "Alternative"
        title: "Ashley"
        tracknumber: "3"

configuration:
    average_loudness:
        compute: 1
        frameSize: 88200
        hopSize: 44100
        silentFrames: "noise"
        windowType: "hann"
    general:
        analysisSampleRate: 44100
        endTime: 2000
        equalLoudness: 1
        nequalLoudness: 0
        shortSound: 0
        startTime: 0
    lowlevel:
        compute: 1
        frameSize: 2048
        hopSize: 1024
        zeroPadding: 0
        silentFrames: "noise"
        windowType: "blackmanharris62"
        mfccStats: ["mean", "cov", "icov"]
        stats: ["mean", "var", "median", "min", "max", "dmean", "dmean2", "dvar", "dvar2"]
    panning:
        compute: 0
        frameSize: 8192
        hopSize: 2048
        zeroPadding: 8192
        silentFrames: "noise"
        windowType: "hann"
        stats: ["copy"]
    rhythm:
        compute: 1
        maxTempo: 208
        minTempo: 40
        method: "degara"
        stats: ["mean", "var", "median", "min", "max", "dmean", "dmean2", "dvar", "dvar2"]
    segmentation:
        compute: 0
        cpw: 5
        inc1: 300
        inc2: 50
        minimumSegmentsLength: 10
        size1: 1000
        size2: 600
    sfx:
        compute: 1
        stats: ["mean", "var", "median", "min", "max", "dmean", "dmean2", "dvar", "dvar2"]
    svm:
        compute: 0
    tonal:
        compute: 1
        frameSize: 4096
        hopSize: 2048
        zeroPadding: 0
        silentFrames: "noise"
        windowType: "blackmanharris62"
        stats: ["mean", "var", "median", "min", "max", "dmean", "dmean2", "dvar", "dvar2"]

lowlevel:
    average_loudness: 0.885855674744
    barkbands_kurtosis:
        dmean: 0.737254738808
        dmean2: 1.18246483803
        dvar: 1.35568845272
        dvar2: 3.17682242393
        max: 28.4432544708
        mean: -0.338430017233
        median: -0.908674836159
        min: -1.87387537956
        var: 4.04952049255
    barkbands_skewness:
        dmean: 0.380768746138
        dmean2: 0.601000010967
        dvar: 0.130667895079
        dvar2: 0.307699084282
        max: 4.83809089661
        mean: -0.302099734545
        median: -0.339975774288
        min: -4.36966562271
        var: 0.718732595444
    barkbands_spread:
        dmean: 5.85652065277
        dmean2: 9.2479801178
        dvar: 35.1431236267
        dvar2: 84.2378845215
        max: 67.1416778564
        mean: 30.0967082977
        median: 29.6992950439
        min: 2.059486866
        var: 134.702575684
    dissonance:
        dmean: 0.0124868024141
        dmean2: 0.0210863389075
        dvar: 0.000182869713171
        dvar2: 0.000486396253109
        max: 0.500000238419
        mean: 0.478355646133
        median: 0.4845058918
        min: 0.265985041857
        var: 0.000435411522631
    hfc:
        dmean: 2.78479409218
        dmean2: 4.69951868057
        dvar: 16.4447975159
        dvar2: 45.9760780334
        max: 49.0977172852
        mean: 9.10530185699
        median: 8.06276893616
        min: 1.19822220396e-016
        var: 43.2552986145
    pitch:
        dmean: 691.312988281
        dmean2: 1323.47875977
        dvar: 1498342.875
        dvar2: 3644444.25
        max: 5366.90283203
        mean: 1523.18334961
        median: 391.129577637
        min: 65.7468185425
        var: 2601511
    pitch_instantaneous_confidence:
        dmean: 0.0849534198642
        dmean2: 0.138860732317
        dvar: 0.00531100574881
        dvar2: 0.0128699522465
        max: 0.954408943653
        mean: 0.422795563936
        median: 0.405736356974
        min: 0.110956192017
        var: 0.0187473408878
    pitch_salience:
        dmean: 0.0594003498554
        dmean2: 0.0980590581894
        dvar: 0.00284581608139
        dvar2: 0.0077825631015
        max: 0.876654207706
        mean: 0.652130007744
        median: 0.660040378571
        min: 0.250716209412
        var: 0.00732097262517
    silence_rate_20dB:
        dmean: 0
        dmean2: 0
        dvar: 0
        dvar2: 0
        max: 1
        mean: 1
        median: 1
        min: 1
        var: 0
    silence_rate_30dB:
        dmean: 0
        dmean2: 0
        dvar: 0
        dvar2: 0
        max: 1
        mean: 1
        median: 1
        min: 1
        var: 0
    silence_rate_60dB:
        dmean: 0.0872971490026
        dmean2: 0.174613833427
        dvar: 0.0796799361706
        dvar2: 0.175256535411
        max: 1
        mean: 0.33918979764
        median: 0
        min: 0
        var: 0.224108740687
    spectral_centroid:
        dmean: 278.950836182
        dmean2: 443.725860596
        dvar: 93398.96875
        dvar2: 209223.109375
        max: 10551.6835938
        mean: 2051.93457031
        median: 2082.30029297
        min: 284.505554199
        var: 390900.4375
    spectral_complexity:
        dmean: 3.92725229263
        dmean2: 6.54622793198
        dvar: 20.1810340881
        dvar2: 52.2853431702
        max: 46
        mean: 15.3400850296
        median: 15
        min: 0
        var: 88.36302948
    spectral_crest:
        dmean: 1.96170938015
        dmean2: 3.2588198185
        dvar: 3.24610495567
        dvar2: 8.33943271637
        max: 22.3406238556
        mean: 7.02790164948
        median: 6.33555793762
        min: 2.49206852913
        var: 7.93490934372
    spectral_decrease:
        dmean: 2.81133671898e-010
        dmean2: 4.63530075434e-010
        dvar: 1.54576404291e-019
        dvar2: 4.05657334009e-019
        max: 5.0865687613e-029
        mean: -9.83009118549e-010
        median: -9.29340271405e-010
        min: -3.87360765686e-009
        var: 4.04546094405e-019
    spectral_energy:
        dmean: 0.00127613451332
        dmean2: 0.00211336626671
        dvar: 3.23930703416e-006
        dvar2: 8.59357714944e-006
        max: 0.0184039771557
        mean: 0.00453598052263
        median: 0.0043030474335
        min: 1.06762456828e-020
        var: 8.66742993821e-006
    spectral_energyband_high:
        dmean: 0.000219245193875
        dmean2: 0.000382267404348
        dvar: 1.46543101209e-007
        dvar2: 4.22770114028e-007
        max: 0.00427191518247
        mean: 0.000475439825095
        median: 0.000365433515981
        min: 7.65028571615e-021
        var: 2.10232983022e-007
    spectral_energyband_low:
        dmean: 0.000157476199092
        dmean2: 0.00027536728885
        dvar: 9.31111259206e-008
        dvar2: 2.5700256856e-007
        max: 0.00278941937722
        mean: 0.000202530078241
        median: 0.000120091586723
        min: 2.76952876397e-023
        var: 8.38331999375e-008
    spectral_energyband_middle_high:
        dmean: 0.000736210960895
        dmean2: 0.00118784955703
        dvar: 8.37870061332e-007
        dvar2: 2.13998009713e-006
        max: 0.0121084051207
        mean: 0.00258385809138
        median: 0.00221257796511
        min: 1.32343970468e-021
        var: 3.85032353734e-006
    spectral_energyband_middle_low:
        dmean: 0.000633725721855
        dmean2: 0.00103065778967
        dvar: 1.03639126792e-006
        dvar2: 2.69507313533e-006
        max: 0.0103071210906
        mean: 0.00138689891901
        median: 0.00102446088567
        min: 2.50786480078e-022
        var: 1.74069737113e-006
    spectral_flatness_db:
        dmean: 0.0146429501474
        dmean2: 0.0224688015878
        dvar: 0.000204110168852
        dvar2: 0.000444978300948
        max: 0.449349284172
        mean: 0.144611403346
        median: 0.132222414017
        min: 0.0427589602768
        var: 0.00251769949682
    spectral_flux:
        dmean: 0.00850603077561
        dmean2: 0.0133988279849
        dvar: 0.000101498124423
        dvar2: 0.000205275937333
        max: 0.104286819696
        mean: 0.0388148538768
        median: 0.0388868302107
        min: 1.03325917267e-010
        var: 0.000346133310813
    spectral_kurtosis:
        dmean: 0.985595524311
        dmean2: 1.64454472065
        dvar: 2.4485449791
        dvar2: 7.15754747391
        max: 36.4730949402
        mean: 3.32066345215
        median: 2.8804268837
        min: -1.31386005878
        var: 4.62887954712
    spectral_rms:
        dmean: 0.000275407423032
        dmean2: 0.000445883371867
        dvar: 1.16777179926e-007
        dvar2: 2.95238550052e-007
        max: 0.00423734588549
        mean: 0.00194707082119
        median: 0.00204892549664
        min: 3.22735956883e-012
        var: 6.34246021036e-007
    spectral_rolloff:
        dmean: 332.989807129
        dmean2: 545.002441406
        dvar: 228269.890625
        dvar2: 471428.28125
        max: 18626.2207031
        mean: 3570.07910156
        median: 3660.64453125
        min: 193.798828125
        var: 695620.8125
    spectral_skewness:
        dmean: 0.152843877673
        dmean2: 0.248314648867
        dvar: 0.0332604758441
        dvar2: 0.0857171267271
        max: 3.66850328445
        mean: 1.2667760849
        median: 1.21952736378
        min: 0.0455783717334
        var: 0.117480874062
    spectral_spread:
        dmean: 482337.53125
        dmean2: 679824.9375
        dvar: 579879239680
        dvar2: 851363692544
        max: 42577944
        mean: 4970419
        median: 4817816
        min: 1029577.125
        var: 2.51649982464e+012
    spectral_strongpeak:
        dmean: 0.531219244003
        dmean2: 0.907180130482
        dvar: 0.534948647022
        dvar2: 1.34781730175
        max: 10.1338949203
        mean: 0.890627324581
        median: 0.525429725647
        min: 6.02016908546e-011
        var: 1.03373515606
    zerocrossingrate:
        dmean: 0.00847297720611
        dmean2: 0.010089725256
        dvar: 8.56502956594e-005
        dvar2: 0.000101153811556
        max: 0.4970703125
        mean: 0.111462980509
        median: 0.11328125
        min: 0.017578125
        var: 0.000756446504965
    barkbands:
        dmean: [6.89116802732e-007, 6.30827344139e-005, 8.26982359285e-005, 0.000111459783511, 0.000301642663544, 0.000154216380906, 0.000114556140034, 5.81499843975e-005, 0.000151733984239, 0.000135704874992, 7.30414685677e-005, 5.07196709805e-005, 7.68251920817e-005, 6.50968650007e-005, 0.000108014581201, 0.000130147964228, 0.000135371388751, 0.000202475654078, 0.000271217984846, 0.000180167029612, 0.000100417339127, 4.44156212325e-005, 9.70475230133e-006, 3.31429373546e-006, 1.86462386864e-006, 1.26123424593e-007, 8.35123359355e-010]
        dmean2: [1.22493577237e-006, 0.000110187858809, 0.000149404659169, 0.000179965209099, 0.000527602271177, 0.000257536827121, 0.000192985797185, 9.2077163572e-005, 0.000229094424867, 0.000197660483536, 0.000107316074718, 7.8851429862e-005, 0.000119868862384, 0.000103961894638, 0.000172399217263, 0.000205411881325, 0.000222575225052, 0.000336865574354, 0.000460378592834, 0.000312372343615, 0.000176488771103, 7.69657999626e-005, 1.58121256391e-005, 5.1783017625e-006, 2.84174439003e-006, 1.97760172682e-007, 1.35547961744e-009]
        dvar: [2.7511400276e-012, 2.17893365573e-008, 2.95493514102e-008, 4.05990334684e-008, 4.16233831402e-007, 9.44034894701e-008, 7.25367073073e-008, 3.80657496635e-008, 1.15482407637e-007, 8.74213839097e-008, 3.02170448663e-008, 1.14119247385e-008, 3.20660653585e-008, 2.18385167727e-008, 4.07572962047e-008, 5.82377595038e-008, 4.54797088878e-008, 9.19844964642e-008, 1.23907184957e-007, 7.4855854848e-008, 3.82214508932e-008, 6.21171913906e-009, 4.67725802533e-010, 6.21482587615e-011, 2.43712706266e-011, 9.52039418438e-014, 5.13634120411e-018]
        dvar2: [7.4522020499e-012, 5.90685012014e-008, 8.45726546572e-008, 9.47910692162e-008, 1.17293495805e-006, 2.46968482998e-007, 1.88174539062e-007, 9.00771013335e-008, 2.44872580879e-007, 1.7851539269e-007, 6.10127983691e-008, 2.46893687716e-008, 7.59394112038e-008, 5.25888914638e-008, 9.52566239221e-008, 1.29014892991e-007, 1.09487388045e-007, 2.3728895826e-007, 3.36710002102e-007, 2.09012554819e-007, 1.11644375522e-007, 1.65295244159e-008, 1.10124265262e-009, 1.34757704995e-010, 5.0199972651e-011, 2.17955441564e-013, 1.23886385393e-017]
        max: [1.25142969409e-005, 0.00103750033304, 0.00214037951082, 0.00221601664089, 0.00681884493679, 0.00468210689723, 0.00438050832599, 0.00539401127025, 0.00784976687282, 0.0062644998543, 0.00407641753554, 0.00327139464207, 0.00438102660701, 0.00357371172868, 0.00388487731107, 0.00684545328841, 0.005050026346, 0.00508064124733, 0.00674538919702, 0.00314800883643, 0.00289659504779, 0.0013156903442, 0.000511511752848, 0.000174491433427, 0.000140326621477, 6.28047246209e-006, 4.44046257542e-008]
        mean: [5.90430659031e-007, 6.09784401604e-005, 9.56427393248e-005, 0.000146484919242, 0.000369960413082, 0.000226830437896, 0.000153662345838, 8.62486849655e-005, 0.000285730115138, 0.00029570737388, 0.000141132957651, 8.93671895028e-005, 0.000141007971251, 0.00010685819143, 0.000175175242475, 0.000241787740379, 0.00027296206099, 0.000383628474083, 0.000585588684771, 0.000376651296392, 0.000192154242541, 8.01869537099e-005, 1.79347243829e-005, 6.33668878436e-006, 3.1727743135e-006, 1.97662515689e-007, 1.1225907981e-009]
        median: [8.59224371652e-008, 1.75040004251e-005, 4.34246685472e-005, 5.62669156352e-005, 0.000176338769961, 0.000126521612401, 5.02094844705e-005, 2.63716792688e-005, 9.12258110475e-005, 7.16866343282e-005, 4.09447529819e-005, 4.0091414121e-005, 4.78895308333e-005, 4.02473378927e-005, 8.39937274577e-005, 0.000120582262753, 0.000178695292561, 0.00023121086997, 0.000471237290185, 0.000303039734717, 0.000141465192428, 5.46456067241e-005, 9.85237420537e-006, 3.8697007767e-006, 1.36086680413e-006, 7.65296590544e-008, 3.95081800608e-010]
        min: [2.87348927168e-023, 5.94266590387e-024, 6.9351909733e-024, 6.07668706078e-024, 2.95556078254e-023, 8.47808252374e-023, 5.71215254321e-023, 8.51157250906e-024, 5.42414258216e-023, 6.88695828206e-023, 4.47000521988e-023, 6.04700822026e-023, 7.07902193111e-023, 9.82579458232e-023, 2.22906570587e-022, 8.98377770495e-023, 1.23645124273e-022, 1.27505203698e-022, 1.89764441366e-022, 3.32799388036e-022, 3.88976407151e-022, 4.12746490165e-022, 6.36905191269e-022, 8.20044311747e-022, 1.06750869029e-021, 1.80562057052e-021, 2.49299816797e-021]
        var: [2.05485324936e-012, 1.69107217118e-008, 2.61041499527e-008, 6.0336915908e-008, 3.65660781654e-007, 1.18519068337e-007, 9.86545600767e-008, 5.62226389889e-008, 3.19547467598e-007, 3.13863239398e-007, 9.55770005362e-008, 2.83498273745e-008, 8.82036559346e-008, 4.40652385691e-008, 7.29984037662e-008, 1.73786347091e-007, 1.12700568877e-007, 2.07050732115e-007, 2.76390665022e-007, 1.23898018956e-007, 4.33409503842e-008, 9.27375243265e-009, 8.66831828539e-010, 1.2121734172e-010, 4.50285884968e-011, 1.50597904373e-013, 6.02653643573e-018]
    frequency_bands:
        dmean: [6.89116802732e-007, 6.30827344139e-005, 8.26982359285e-005, 0.000111459783511, 0.000301642663544, 0.000154216380906, 0.000114556140034, 5.81499843975e-005, 0.000151733984239, 0.000135704874992, 7.30414685677e-005, 5.07196709805e-005, 7.68251920817e-005, 6.50968650007e-005, 0.000108014581201, 0.000130147964228, 0.000135371388751, 0.000202475654078, 0.000271217984846, 0.000180167029612, 0.000100417339127, 4.44156212325e-005, 9.70475230133e-006, 3.31429373546e-006, 1.86462386864e-006, 1.26123424593e-007, 8.35123359355e-010, 5.67132556195e-011]
        dmean2: [1.22493577237e-006, 0.000110187858809, 0.000149404659169, 0.000179965209099, 0.000527602271177, 0.000257536827121, 0.000192985797185, 9.2077163572e-005, 0.000229094424867, 0.000197660483536, 0.000107316074718, 7.8851429862e-005, 0.000119868862384, 0.000103961894638, 0.000172399217263, 0.000205411881325, 0.000222575225052, 0.000336865574354, 0.000460378592834, 0.000312372343615, 0.000176488771103, 7.69657999626e-005, 1.58121256391e-005, 5.1783017625e-006, 2.84174439003e-006, 1.97760172682e-007, 1.35547961744e-009, 1.06348638229e-010]
        dvar: [2.7511400276e-012, 2.17893365573e-008, 2.95493514102e-008, 4.05990334684e-008, 4.16233831402e-007, 9.44034894701e-008, 7.25367073073e-008, 3.80657496635e-008, 1.15482407637e-007, 8.74213839097e-008, 3.02170448663e-008, 1.14119247385e-008, 3.20660653585e-008, 2.18385167727e-008, 4.07572962047e-008, 5.82377595038e-008, 4.54797088878e-008, 9.19844964642e-008, 1.23907184957e-007, 7.4855854848e-008, 3.82214508932e-008, 6.21171913906e-009, 4.67725802533e-010, 6.21482587615e-011, 2.43712706266e-011, 9.52039418438e-014, 5.13634120411e-018, 8.54177800575e-021]
        dvar2: [7.4522020499e-012, 5.90685012014e-008, 8.45726546572e-008, 9.47910692162e-008, 1.17293495805e-006, 2.46968482998e-007, 1.88174539062e-007, 9.00771013335e-008, 2.44872580879e-007, 1.7851539269e-007, 6.10127983691e-008, 2.46893687716e-008, 7.59394112038e-008, 5.25888914638e-008, 9.52566239221e-008, 1.29014892991e-007, 1.09487388045e-007, 2.3728895826e-007, 3.36710002102e-007, 2.09012554819e-007, 1.11644375522e-007, 1.65295244159e-008, 1.10124265262e-009, 1.34757704995e-010, 5.0199972651e-011, 2.17955441564e-013, 1.23886385393e-017, 2.79804052707e-020]
        max: [1.25142969409e-005, 0.00103750033304, 0.00214037951082, 0.00221601664089, 0.00681884493679, 0.00468210689723, 0.00438050832599, 0.00539401127025, 0.00784976687282, 0.0062644998543, 0.00407641753554, 0.00327139464207, 0.00438102660701, 0.00357371172868, 0.00388487731107, 0.00684545328841, 0.005050026346, 0.00508064124733, 0.00674538919702, 0.00314800883643, 0.00289659504779, 0.0013156903442, 0.000511511752848, 0.000174491433427, 0.000140326621477, 6.28047246209e-006, 4.44046257542e-008, 1.99368344056e-009]
        mean: [5.90430659031e-007, 6.09784401604e-005, 9.56427393248e-005, 0.000146484919242, 0.000369960413082, 0.000226830437896, 0.000153662345838, 8.62486849655e-005, 0.000285730115138, 0.00029570737388, 0.000141132957651, 8.93671895028e-005, 0.000141007971251, 0.00010685819143, 0.000175175242475, 0.000241787740379, 0.00027296206099, 0.000383628474083, 0.000585588684771, 0.000376651296392, 0.000192154242541, 8.01869537099e-005, 1.79347243829e-005, 6.33668878436e-006, 3.1727743135e-006, 1.97662515689e-007, 1.1225907981e-009, 4.34577443476e-011]
        median: [8.59224371652e-008, 1.75040004251e-005, 4.34246685472e-005, 5.62669156352e-005, 0.000176338769961, 0.000126521612401, 5.02094844705e-005, 2.63716792688e-005, 9.12258110475e-005, 7.16866343282e-005, 4.09447529819e-005, 4.0091414121e-005, 4.78895308333e-005, 4.02473378927e-005, 8.39937274577e-005, 0.000120582262753, 0.000178695292561, 0.00023121086997, 0.000471237290185, 0.000303039734717, 0.000141465192428, 5.46456067241e-005, 9.85237420537e-006, 3.8697007767e-006, 1.36086680413e-006, 7.65296590544e-008, 3.95081800608e-010, 1.41577201351e-011]
        min: [2.87348927168e-023, 5.94266590387e-024, 6.9351909733e-024, 6.07668706078e-024, 2.95556078254e-023, 8.47808252374e-023, 5.71215254321e-023, 8.51157250906e-024, 5.42414258216e-023, 6.88695828206e-023, 4.47000521988e-023, 6.04700822026e-023, 7.07902193111e-023, 9.82579458232e-023, 2.22906570587e-022, 8.98377770495e-023, 1.23645124273e-022, 1.27505203698e-022, 1.89764441366e-022, 3.32799388036e-022, 3.88976407151e-022, 4.12746490165e-022, 6.36905191269e-022, 8.20044311747e-022, 1.06750869029e-021, 1.80562057052e-021, 2.49299816797e-021, 6.05383723135e-022]
        var: [2.05485324936e-012, 1.69107217118e-008, 2.61041499527e-008, 6.0336915908e-008, 3.65660781654e-007, 1.18519068337e-007, 9.86545600767e-008, 5.62226389889e-008, 3.19547467598e-007, 3.13863239398e-007, 9.55770005362e-008, 2.83498273745e-008, 8.82036559346e-008, 4.40652385691e-008, 7.29984037662e-008, 1.73786347091e-007, 1.12700568877e-007, 2.07050732115e-007, 2.76390665022e-007, 1.23898018956e-007, 4.33409503842e-008, 9.27375243265e-009, 8.66831828539e-010, 1.2121734172e-010, 4.50285884968e-011, 1.50597904373e-013, 6.02653643573e-018, 6.29186612665e-021]
    mfcc:
        mean: [-716.184570313, 79.3015213013, -51.6302108765, 46.3466873169, -17.9130191803, -5.2855553627, -2.32642626762, -2.69649839401, -5.01776027679, -6.06420278549, -7.45840406418, -10.4051370621, -5.72739458084]
        cov: [[10181.2548828, 1612.16943359, -8.95545768738, 787.917602539, -394.754425049, 194.406982422, -100.993019104, 100.68611908, -56.5191574097, -126.807159424, -137.666473389, -214.154693604, -140.961547852], [1612.16943359, 1019.37335205, -35.5841827393, 118.827629089, -99.4900665283, -7.26336956024, -42.069355011, 55.7345085144, -6.35221815109, -21.3399200439, 4.52277803421, -46.9784660339, -1.35385072231], [-8.95545768738, -35.5841827393, 560.127807617, 97.7289276123, 76.2035064697, 7.80370569229, -68.1689529419, -32.2170639038, -61.2311477661, -37.9910469055, 7.39141082764, 33.9641036987, 18.8671798706], [787.917602539, 118.827629089, 97.7289276123, 330.853240967, 87.2391433716, 40.178478241, -3.84724211693, 22.5580215454, 30.3535041809, 3.07214689255, -2.35370492935, 34.873462677, 18.8774776459], [-394.754425049, -99.4900665283, 76.2035064697, 87.2391433716, 193.40725708, 35.4204444885, 8.24132061005, 21.0916614532, 46.5427436829, 18.5843334198, 8.80469226837, 43.199131012, 24.4756603241], [194.406982422, -7.26336956024, 7.80370569229, 40.178478241, 35.4204444885, 178.860946655, 137.320236206, 58.4302330017, 35.0625228882, 41.8753852844, 17.1652641296, 9.46129608154, 9.95927429199], [-100.993019104, -42.069355011, -68.1689529419, -3.84724211693, 8.24132061005, 137.320236206, 222.95463562, 89.0408477783, 53.3323478699, 55.067150116, 29.8891010284, 22.1200237274, 18.6225318909], [100.68611908, 55.7345085144, -32.2170639038, 22.5580215454, 21.0916614532, 58.4302330017, 89.0408477783, 133.187988281, 75.1816635132, 52.2598953247, 23.7448444366, 14.7101755142, 6.2908616066], [-56.5191574097, -6.35221815109, -61.2311477661, 30.3535041809, 46.5427436829, 35.0625228882, 53.3323478699, 75.1816635132, 126.241203308, 69.2437133789, 22.8849487305, 16.416179657, 8.88022613525], [-126.807159424, -21.3399200439, -37.9910469055, 3.07214689255, 18.5843334198, 41.8753852844, 55.067150116, 52.2598953247, 69.2437133789, 102.286773682, 44.5706596375, 17.6851444244, 5.03466939926], [-137.666473389, 4.52277803421, 7.39141082764, -2.35370492935, 8.80469226837, 17.1652641296, 29.8891010284, 23.7448444366, 22.8849487305, 44.5706596375, 77.6556472778, 35.7349815369, 16.2440471649], [-214.154693604, -46.9784660339, 33.9641036987, 34.873462677, 43.199131012, 9.46129608154, 22.1200237274, 14.7101755142, 16.416179657, 17.6851444244, 35.7349815369, 87.2073822021, 43.0822067261], [-140.961547852, -1.35385072231, 18.8671798706, 18.8774776459, 24.4756603241, 9.95927429199, 18.6225318909, 6.2908616066, 8.88022613525, 5.03466939926, 16.2440471649, 43.0822067261, 72.1551437378]]
        icov: [[0.000225288924412, -0.000190975115402, 3.79575576517e-005, -0.000591484596953, 0.00063803512603, -0.000531989440788, 0.000354772229912, -0.00019510963466, -5.14705498063e-005, 0.000224693969358, 0.000123439371237, 0.000154387569637, 0.000234494116739], [-0.000190975115402, 0.00147967517842, 0.000117720876005, -0.000225569572649, 0.000338397396263, 0.00017412174202, 0.000472062965855, -0.0010393448174, 0.000243778908043, 0.000384381390177, -0.000919880054425, 0.000937622739002, -0.000896697689313], [3.79575576517e-005, 0.000117720876005, 0.00235438533127, -0.00059914047597, -0.000624259235337, -0.000971920613665, 0.00128384749405, -0.000632693932857, 0.0016140275402, 0.000388232379919, -0.000706308055669, -0.000327104557073, -0.000184211414307], [-0.000591484596953, -0.000225569572649, -0.00059914047597, 0.00574418716133, -0.00307911797427, 0.000302322529024, -0.000348955829395, 0.000720515439752, -0.000849073694553, -0.00034670214518, 0.000903812237084, -0.00220189988613, -0.000236001244048], [0.00063803512603, 0.000338397396263, -0.000624259235337, -0.00307911797427, 0.00992594659328, -0.00336742773652, 0.00261660851538, -0.000717426592018, -0.00338750774972, 0.00146469415631, 0.000947939814068, -0.00188590236939, -6.60107980366e-005], [-0.000531989440788, 0.00017412174202, -0.000971920613665, 0.000302322529024, -0.00336742773652, 0.0137417381629, -0.00887641124427, 0.000617835437879, 0.00134972145315, -0.00284351757728, 0.000205585281947, 0.00185477128252, -0.000499812478665], [0.000354772229912, 0.000472062965855, 0.00128384749405, -0.000348955829395, 0.00261660851538, -0.00887641124427, 0.0126773798838, -0.0050361789763, 0.000200574970222, 0.000351203168975, -0.000676070223562, -0.00114940549247, -0.00124840380158], [-0.00019510963466, -0.0010393448174, -0.000632693932857, 0.000720515439752, -0.000717426592018, 0.000617835437879, -0.0050361789763, 0.0154562275857, -0.00686864741147, -0.00120727031026, -4.36119262304e-005, -0.00124206766486, 0.00136758200824], [-5.14705498063e-005, 0.000243778908043, 0.0016140275402, -0.000849073694553, -0.00338750774972, 0.00134972145315, 0.000200574970222, -0.00686864741147, 0.018549291417, -0.00923425517976, 0.00159887655172, 0.000664476014208, -0.0011812762823], [0.000224693969358, 0.000384381390177, 0.000388232379919, -0.00034670214518, 0.00146469415631, -0.00284351757728, 0.000351203168975, -0.00120727031026, -0.00923425517976, 0.0217687860131, -0.00947958044708, 0.000873510725796, 0.00157571199816], [0.000123439371237, -0.000919880054425, -0.000706308055669, 0.000903812237084, 0.000947939814068, 0.000205585281947, -0.000676070223562, -4.36119262304e-005, 0.00159887655172, -0.00947958044708, 0.0220203418285, -0.00819026492536, 0.000398005184252], [0.000154387569637, 0.000937622739002, -0.000327104557073, -0.00220189988613, -0.00188590236939, 0.00185477128252, -0.00114940549247, -0.00124206766486, 0.000664476014208, 0.000873510725796, -0.00819026492536, 0.0225982181728, -0.0100223142654], [0.000234494116739, -0.000896697689313, -0.000184211414307, -0.000236001244048, -6.60107980366e-005, -0.000499812478665, -0.00124840380158, 0.00136758200824, -0.0011812762823, 0.00157571199816, 0.000398005184252, -0.0100223142654, 0.0206344947219]]
    sccoeffs:
        dmean: [0.0564617700875, 0.0465749464929, 0.0383563525975, 0.0309701841325, 0.0205230433494, 0.0170193929225]
        dmean2: [0.093132853508, 0.0776036754251, 0.0606344714761, 0.0498404316604, 0.0336629003286, 0.0276150424033]
        dvar: [0.00249096611515, 0.00144651927985, 0.00103128771298, 0.000641354243271, 0.000291596981697, 0.000259799155174]
        dvar2: [0.00626010494307, 0.00386999361217, 0.00239940616302, 0.00156955292914, 0.000713274872396, 0.000635040807538]
        max: [-0.243733733892, -0.403348356485, -0.424177080393, -0.482353508472, -0.561623871326, -0.584166407585]
        mean: [-0.670456528664, -0.751771986485, -0.750154852867, -0.773542523384, -0.793831586838, -0.745596647263]
        median: [-0.687490820885, -0.756010293961, -0.759172856808, -0.778139650822, -0.796435058117, -0.744179010391]
        min: [-0.956946253777, -0.964698433876, -0.960959136486, -0.971911787987, -0.960142552853, -0.961733698845]
        var: [0.0114327678457, 0.0048952139914, 0.00670296605676, 0.00327274738811, 0.00137237773743, 0.00164081121329]
    scvalleys:
        dmean: [0.392062395811, 0.384855419397, 0.313792109489, 0.279613167048, 0.257251232862, 0.280037879944]
        dmean2: [0.634056389332, 0.627229273319, 0.506171226501, 0.445216149092, 0.412560731173, 0.418199896812]
        dvar: [0.133633226156, 0.127564504743, 0.0973938852549, 0.0863583087921, 0.111354932189, 0.144040316343]
        dvar2: [0.29883146286, 0.289935618639, 0.200158074498, 0.164174094796, 0.220465093851, 0.295023292303]
        max: [-5.13199043274, -4.85902929306, -5.38683176041, -5.61625957489, -5.40685939789, -7.35758256912]
        mean: [-7.5647854805, -7.08694648743, -7.28309679031, -7.38448238373, -7.01448726654, -9.63164424896]
        median: [-6.92994356155, -6.74314212799, -6.96195697784, -7.10796928406, -6.67583847046, -9.27938842773]
        min: [-27.2659873962, -27.1408729553, -27.188325882, -27.222776413, -27.2013320923, -27.1454353333]
        var: [3.67578816414, 2.21218705177, 1.70334303379, 1.38055860996, 1.52066898346, 2.4474234581]

rhythm:
    beats_loudness:
        dmean: 0.00150461576413
        dmean2: 0.00244678114541
        dvar: 2.11899191527e-006
        dvar2: 5.2205391512e-006
        max: 0.0131817543879
        mean: 0.00518728047609
        median: 0.00512463739142
        min: 7.78304976023e-009
        var: 8.56272072269e-006
    bpm: 89.2839126587
    bpm_confidence: 0
    first_peak_bpm: 89
    first_peak_spread: 0.22336769104
    first_peak_weight: 0.736156344414
    onset_rate: 2.83421993256
    second_peak_bpm: 94
    second_peak_spread: 0.4375
    second_peak_weight: 0.0293159615248
    beats_loudness_band_ratio:
        dmean: [0.0911474898458, 0.0750055164099, 0.0574734471738, 0.0707714110613, 0.093205563724, 0.0803252011538]
        dmean2: [0.161707416177, 0.127963528037, 0.100215524435, 0.125095680356, 0.156569838524, 0.137391388416]
        dvar: [0.00580551940948, 0.00676657399163, 0.0044562201947, 0.00780872348696, 0.00681445095688, 0.00483240466565]
        dvar2: [0.0162873789668, 0.0194400288165, 0.0115228947252, 0.0222373642027, 0.0216366890818, 0.0128213977441]
        max: [0.539749622345, 0.619962573051, 0.413401931524, 0.480501741171, 0.642786860466, 0.720464468002]
        mean: [0.208168521523, 0.161756619811, 0.0881219953299, 0.097164735198, 0.235569030046, 0.276776969433]
        median: [0.213628768921, 0.147905826569, 0.0698937177658, 0.0561759285629, 0.213025271893, 0.253526121378]
        min: [2.59677392478e-007, 1.55601867391e-006, 0.00100977427792, 0.0169582609087, 0.0436192974448, 0.028687255457]
        var: [0.011968950741, 0.0125304898247, 0.0044702491723, 0.00916508957744, 0.0106362216175, 0.0130127919838]
    beats_position: [0.650158703327, 1.30031740665, 1.9620860815, 2.62385487556, 3.28562355042, 3.93578219414, 4.58594083786, 5.24770975113, 5.89786815643, 6.54802703857, 7.19818592072, 7.84834432602, 8.498503685, 9.14866161346, 9.79882049561, 10.4605894089, 11.1223583221, 11.7725172043, 12.4226751328, 13.0728340149, 13.722992897, 14.361541748, 15.0117006302, 15.6618595123, 16.3236274719, 16.9737873077, 17.6239452362, 18.2741031647, 18.9242630005, 19.5860309601, 20.247800827, 20.9327888489, 21.6177768707, 22.3143768311, 23.010974884, 23.6959629059, 24.3809528351, 25.0543308258, 25.7277088165, 26.4126987457, 27.0976867676, 27.7710647583, 28.4444446564, 29.1178226471, 29.8028106689, 30.4878005981, 31.1611785889, 31.8345565796, 32.5079345703, 33.1929244995, 33.8779144287, 34.5512924194, 35.2246704102, 35.8980484009, 36.5714263916, 37.2564163208, 37.94140625, 38.6147842407, 39.2881622314, 39.9615402222, 40.6465301514, 41.3315200806, 42.0048980713, 42.678276062, 43.3632659912, 44.0482521057, 44.7216300964, 45.3950119019, 46.0683898926, 46.7417678833, 47.415145874, 48.0885238647, 48.7619056702, 49.4468917847, 50.1318817139, 50.8168716431, 51.5018577576, 52.1752357483, 52.8486175537, 53.5219955444, 54.2069816589, 54.8919715881, 55.5653495789, 56.2387275696, 56.912109375, 57.5970954895, 58.2820854187, 58.9554634094, 59.6288414001, 60.3022193909, 60.9872093201, 61.6721992493, 62.34557724, 63.0189552307, 63.6923332214, 64.3773193359, 65.0623092651, 65.7356872559, 66.409072876, 67.0824508667, 67.7674331665, 68.4524230957, 69.1258010864, 69.7991790771, 70.4725646973, 71.1343307495, 71.7960968018, 72.4578704834, 73.1080245972, 73.7697982788, 74.4199523926, 75.0701141357, 75.7202682495, 76.3704299927, 77.0205917358, 77.6707458496, 78.3209075928, 78.9710617065, 79.6212234497, 80.282989502, 80.9447631836, 81.6065292358, 82.2682952881, 82.9416732788, 83.6150588989, 84.3000411987, 84.9850311279, 85.6584091187, 86.3317871094, 87.0167770386, 87.7017669678, 88.3751449585, 89.0485229492, 89.7219009399, 90.4068908691, 91.0918807983, 91.7652587891, 92.4386367798, 93.1120147705, 93.7853927612, 94.4703826904, 95.1553726196, 95.8287506104, 96.5021286011, 97.1871185303, 97.8721084595, 98.5454864502, 99.2188644409, 99.9038543701, 100.588844299, 101.26222229, 101.935600281, 102.608978271, 103.282356262, 103.955734253, 104.640724182, 105.314102173, 105.999092102, 106.672470093, 107.345848083, 108.019226074, 108.704216003, 109.389205933, 110.062583923, 110.747573853, 111.432563782, 112.105941772, 112.779319763, 113.452697754, 114.126075745, 114.811065674, 115.496055603, 116.169433594, 116.842811584, 117.527801514, 118.212783813, 118.886169434, 119.559547424, 120.232925415, 120.917915344, 121.602897644, 122.276275635, 122.949661255, 123.623039246, 124.296417236, 124.981407166, 125.654785156, 126.339767456, 127.013153076, 127.686531067, 128.383132935, 129.056503296, 129.729888916, 130.403259277, 131.076644897, 131.761627197, 132.446624756, 133.119995117, 133.793380737, 134.466751099, 135.140136719, 135.81350708, 136.498504639, 137.183486938, 137.856872559, 138.53024292, 139.20362854, 139.876998901, 140.550384521, 141.235366821, 141.908752441, 142.593734741, 143.267120361, 143.952102661, 144.63710022, 145.310470581, 145.983856201, 146.668838501, 147.35383606, 148.027206421, 148.700592041, 149.373962402, 150.058959961, 150.743942261, 151.417327881, 152.090698242, 152.764083862, 153.437454224, 154.122451782, 154.807434082, 155.492416382, 156.17741394, 156.850784302, 157.524169922, 158.197555542, 158.882537842, 159.567520142, 160.240905762, 160.914276123, 161.587661743, 162.272644043, 162.957641602, 163.631011963, 164.304397583, 164.977767944, 165.662765503, 166.347747803, 167.021133423, 167.694503784, 168.367889404, 169.041259766, 169.726257324, 170.399627686, 171.084625244, 171.757995605, 172.431381226, 173.116363525, 173.801361084, 174.474731445, 175.148117065, 175.821487427, 176.506484985, 177.179855347, 177.853240967, 178.526611328, 179.199996948, 179.884979248, 180.558364868, 181.231735229, 181.90512085, 182.590103149, 183.26348877, 183.948471069, 184.621856689, 185.318450928, 185.991836548, 186.688430786, 187.361816406, 188.035186768, 188.708572388, 189.358734131, 189.997268677, 190.635818481, 191.262756348, 191.889694214, 192.528244019, 193.178405762, 193.840179443, 194.490341187, 195.128890991, 195.767440796, 196.429199219, 197.0909729, 197.741134644, 198.391296387, 199.041442871, 199.691604614, 200.353378296, 201.003540039, 201.665298462, 202.303848267, 202.942398071, 203.580947876, 204.207885742, 204.82321167, 205.438537598, 206.065490723, 206.68081665]
    bpm_estimates: [92.28515625, 90.6661224365, 90.6661071777, 90.6661224365, 92.2851715088, 92.2851715088, 90.6660919189, 92.2852020264, 92.2851333618, 92.2851333618, 92.2852020264, 92.2850646973, 92.2852706909, 92.2851333618, 90.6660919189, 90.6660919189, 92.2851333618, 92.2852706909, 92.2851333618, 92.2851333618, 93.9630508423, 92.2851333618, 92.2851333618, 90.6662216187, 92.2849960327, 92.2852706909, 92.2852706909, 92.2849960327, 90.6662216187, 90.6659622192, 87.5927734375, 87.5927734375, 86.1326522827, 86.1328887939, 87.5927734375, 87.5925292969, 89.1030044556, 89.1030044556, 87.5925292969, 87.5927734375, 89.1030044556, 89.1027526855, 89.1030044556, 87.5927734375, 87.5925292969, 89.1030044556, 89.1030044556, 89.1030044556, 87.5925292969, 87.5925292969, 89.1030044556, 89.1030044556, 89.1030044556, 89.1030044556, 87.5925292969, 87.5925292969, 89.1030044556, 89.1030044556, 89.1030044556, 87.5925292969, 87.5925292969, 89.1030044556, 89.1030044556, 87.5925292969, 87.5930175781, 89.1030044556, 89.1024932861, 89.1030044556, 89.1030044556, 89.1030044556, 89.1030044556, 89.1024932861, 87.5930175781, 87.5925292969, 87.5925292969, 87.5930175781, 89.1030044556, 89.1024932861, 89.1030044556, 87.5930175781, 87.5925292969, 89.1030044556, 89.1030044556, 89.1024932861, 87.5930175781, 87.5925292969, 89.1030044556, 89.1030044556, 89.1030044556, 87.5925292969, 87.5925292969, 89.1030044556, 89.1030044556, 89.1030044556, 87.5930175781, 87.5925292969, 89.1030044556, 89.1019897461, 89.1030044556, 87.5935058594, 87.5925292969, 89.1030044556, 89.1030044556, 89.1019897461, 90.6664810181, 90.6664810181, 90.665435791, 92.2858123779, 90.665435791, 92.2858123779, 92.2847290039, 92.2858123779, 92.2847290039, 92.2847290039, 92.2858123779, 92.2847290039, 92.2858123779, 92.2847290039, 90.6664810181, 90.665435791, 90.6664810181, 90.6664810181, 89.1030044556, 89.1019897461, 87.5935058594, 87.5925292969, 89.1030044556, 89.1030044556, 87.5925292969, 87.5925292969, 89.1030044556, 89.1030044556, 89.1030044556, 87.5925292969, 87.5925292969, 89.1030044556, 89.1030044556, 89.1030044556, 89.1030044556, 87.5925292969, 87.5925292969, 89.1030044556, 89.1030044556, 87.5925292969, 87.5925292969, 89.1030044556, 89.1030044556, 87.5925292969, 87.5925292969, 89.1030044556, 89.1030044556, 89.1030044556, 89.1030044556, 89.1030044556, 87.5925292969, 89.1030044556, 87.5925292969, 89.1030044556, 89.1030044556, 89.1030044556, 87.5925292969, 87.5925292969, 89.1030044556, 87.5925292969, 87.5925292969, 89.1030044556, 89.1030044556, 89.1030044556, 89.1030044556, 87.5925292969, 87.5925292969, 89.1030044556, 89.1030044556, 87.5925292969, 87.5935058594, 89.1019897461, 89.1030044556, 89.1030044556, 87.5925292969, 87.5935058594, 89.1030044556, 89.1019897461, 89.1030044556, 89.1030044556, 87.5925292969, 89.1030044556, 87.5935058594, 89.1019897461, 89.1030044556, 86.1324157715, 89.1040115356, 89.1019897461, 89.1040115356, 89.1019897461, 87.5935058594, 87.5915527344, 89.1040115356, 89.1019897461, 89.1040115356, 89.1019897461, 89.1040115356, 87.5915527344, 87.5935058594, 89.1019897461, 89.1040115356, 89.1019897461, 89.1040115356, 89.1019897461, 87.5935058594, 89.1019897461, 87.5935058594, 89.1019897461, 87.5935058594, 87.5915527344, 89.1040115356, 89.1019897461, 87.5935058594, 87.5915527344, 89.1040115356, 89.1019897461, 89.1040115356, 87.5915527344, 87.5935058594, 89.1019897461, 89.1040115356, 89.1019897461, 89.1040115356, 87.5915527344, 87.5935058594, 87.5935058594, 87.5915527344, 89.1040115356, 89.1019897461, 89.1019897461, 87.5935058594, 87.5935058594, 89.1019897461, 89.1040115356, 89.1019897461, 87.5935058594, 87.5915527344, 89.1040115356, 89.1019897461, 89.1040115356, 87.5915527344, 87.5935058594, 89.1019897461, 89.1040115356, 89.1019897461, 89.1040115356, 87.5915527344, 89.1040115356, 87.5915527344, 89.1040115356, 89.1019897461, 87.5935058594, 87.5915527344, 89.1040115356, 89.1019897461, 89.1040115356, 87.5915527344, 89.1040115356, 89.1019897461, 89.1040115356, 89.1019897461, 87.5935058594, 89.1019897461, 89.1040115356, 89.1019897461, 87.5935058594, 89.1019897461, 87.5935058594, 89.1019897461, 86.133354187, 89.1019897461, 86.133354187, 89.1019897461, 89.1040115356, 89.1019897461, 92.2847290039, 93.9651565552, 93.9629135132, 93.9629135132, 92.2847290039, 90.665435791, 92.2847290039, 93.9629135132, 93.9629135132, 90.6675262451, 90.665435791, 92.2847290039, 92.2847290039, 92.286895752, 92.2847290039, 90.665435791, 92.2847290039, 90.6675262451, 93.9629135132, 93.9629135132, 93.9629135132]
