
metadata:
    version:
        essentia: "2.1-beta2"
    audio_properties:
        analysis_sample_rate: 44100
        bitrate: 320
        channels: 2
        equal_loudness: 1
        length: 213.080810547
        replay_gain: -13.6301002502
        downmix: "mix"
    tags:
        album: "This War Is Ours"
        artist: "Escape The Fate"
        comment: ""
        date: ""
        genre: ""
        title: "The Flood"
        tracknumber: "5"

configuration:
    average_loudness:
        compute: 1
        frameSize: 88200
        hopSize: 44100
        silentFrames: "noise"
        windowType: "hann"
    general:
        analysisSampleRate: 44100
        endTime: 2000
        equalLoudness: 1
        nequalLoudness: 0
        shortSound: 0
        startTime: 0
    lowlevel:
        compute: 1
        frameSize: 2048
        hopSize: 1024
        zeroPadding: 0
        silentFrames: "noise"
        windowType: "blackmanharris62"
        mfccStats: ["mean", "cov", "icov"]
        stats: ["mean", "var", "median", "min", "max", "dmean", "dmean2", "dvar", "dvar2"]
    panning:
        compute: 0
        frameSize: 8192
        hopSize: 2048
        zeroPadding: 8192
        silentFrames: "noise"
        windowType: "hann"
        stats: ["copy"]
    rhythm:
        compute: 1
        maxTempo: 208
        minTempo: 40
        method: "degara"
        stats: ["mean", "var", "median", "min", "max", "dmean", "dmean2", "dvar", "dvar2"]
    segmentation:
        compute: 0
        cpw: 5
        inc1: 300
        inc2: 50
        minimumSegmentsLength: 10
        size1: 1000
        size2: 600
    sfx:
        compute: 1
        stats: ["mean", "var", "median", "min", "max", "dmean", "dmean2", "dvar", "dvar2"]
    svm:
        compute: 0
    tonal:
        compute: 1
        frameSize: 4096
        hopSize: 2048
        zeroPadding: 0
        silentFrames: "noise"
        windowType: "blackmanharris62"
        stats: ["mean", "var", "median", "min", "max", "dmean", "dmean2", "dvar", "dvar2"]

lowlevel:
    average_loudness: 0.941924214363
    barkbands_kurtosis:
        dmean: 0.716782987118
        dmean2: 1.18643009663
        dvar: 1.14929556847
        dvar2: 2.9944126606
        max: 25.1577682495
        mean: -0.447103559971
        median: -0.825999736786
        min: -1.87823557854
        var: 2.22457909584
    barkbands_skewness:
        dmean: 0.417276799679
        dmean2: 0.657307207584
        dvar: 0.155757397413
        dvar2: 0.375299811363
        max: 3.90212202072
        mean: -0.272354900837
        median: -0.315013229847
        min: -3.3273794651
        var: 0.581655204296
    barkbands_spread:
        dmean: 5.63429164886
        dmean2: 8.96635341644
        dvar: 29.5643081665
        dvar2: 73.8371429443
        max: 73.3730392456
        mean: 30.9343605042
        median: 30.3856201172
        min: 0.837222874165
        var: 123.950302124
    dissonance:
        dmean: 0.0125138992444
        dmean2: 0.0210110060871
        dvar: 0.000198307752726
        dvar2: 0.000520403613336
        max: 0.500000059605
        mean: 0.479642957449
        median: 0.485846281052
        min: 0.234343916178
        var: 0.000435786001617
    hfc:
        dmean: 3.59454298019
        dmean2: 6.22559690475
        dvar: 24.0371665955
        dvar2: 67.4618682861
        max: 49.9372329712
        mean: 10.1959466934
        median: 9.56030082703
        min: 1.17906112755e-016
        var: 38.156955719
    pitch:
        dmean: 731.874267578
        dmean2: 1390.16918945
        dvar: 1493467.875
        dvar2: 3494804
        max: 4916.78417969
        mean: 1707.73986816
        median: 625.646728516
        min: 65.7980880737
        var: 2638955.75
    pitch_instantaneous_confidence:
        dmean: 0.0879146829247
        dmean2: 0.144926324487
        dvar: 0.00548197189346
        dvar2: 0.0139334332198
        max: 0.970138430595
        mean: 0.411847531796
        median: 0.394481301308
        min: 0.118935883045
        var: 0.0195596721023
    pitch_salience:
        dmean: 0.0640734061599
        dmean2: 0.107525490224
        dvar: 0.00346343778074
        dvar2: 0.00933766830713
        max: 0.905428528786
        mean: 0.66563051939
        median: 0.685344934464
        min: 0.208420619369
        var: 0.0094684343785
    silence_rate_20dB:
        dmean: 0
        dmean2: 0
        dvar: 0
        dvar2: 0
        max: 1
        mean: 1
        median: 1
        min: 1
        var: 0
    silence_rate_30dB:
        dmean: 0
        dmean2: 0
        dvar: 0
        dvar2: 0
        max: 1
        mean: 1
        median: 1
        min: 1
        var: 0
    silence_rate_60dB:
        dmean: 0.100032687187
        dmean2: 0.200087189674
        dvar: 0.0900285616517
        dvar2: 0.192532747984
        max: 1
        mean: 0.226955756545
        median: 0
        min: 0
        var: 0.175454780459
    spectral_centroid:
        dmean: 308.633483887
        dmean2: 490.948822021
        dvar: 108725.179688
        dvar2: 252317.875
        max: 11596.5332031
        mean: 2013.48425293
        median: 2009.93457031
        min: 310.069030762
        var: 347153.6875
    spectral_complexity:
        dmean: 4.93451023102
        dmean2: 8.29816913605
        dvar: 25.5966262817
        dvar2: 66.5466079712
        max: 48
        mean: 17.7261924744
        median: 18
        min: 0
        var: 83.7621078491
    spectral_crest:
        dmean: 2.14948892593
        dmean2: 3.57258749008
        dvar: 4.1374168396
        dvar2: 11.011305809
        max: 23.9147319794
        mean: 7.28045320511
        median: 6.31839370728
        min: 2.49230146408
        var: 10.6359357834
    spectral_decrease:
        dmean: 3.27205901263e-010
        dmean2: 5.41835687429e-010
        dvar: 1.55230833402e-019
        dvar2: 3.98482757117e-019
        max: -1.16531633769e-029
        mean: -1.09393716308e-009
        median: -1.00820107818e-009
        min: -4.26393276243e-009
        var: 3.64133487645e-019
    spectral_energy:
        dmean: 0.00151803612243
        dmean2: 0.0025407881476
        dvar: 3.47792843058e-006
        dvar2: 9.1581050583e-006
        max: 0.0198404248804
        mean: 0.00505358586088
        median: 0.00469775497913
        min: 1.07384167069e-020
        var: 7.58555643188e-006
    spectral_energyband_high:
        dmean: 0.000277871004073
        dmean2: 0.000489166821353
        dvar: 1.83700592515e-007
        dvar2: 5.09905078161e-007
        max: 0.00629685958847
        mean: 0.000555775593966
        median: 0.000463393895188
        min: 7.79417394527e-021
        var: 2.35769263668e-007
    spectral_energyband_low:
        dmean: 0.000128005151055
        dmean2: 0.000218821020098
        dvar: 3.18412283207e-008
        dvar2: 8.98438514696e-008
        max: 0.00191571936011
        mean: 0.000250784360105
        median: 0.00021167419618
        min: 8.23768252713e-023
        var: 4.2973137937e-008
    spectral_energyband_middle_high:
        dmean: 0.000967012660112
        dmean2: 0.00161762430798
        dvar: 1.32188813495e-006
        dvar2: 3.49450306203e-006
        max: 0.013058649376
        mean: 0.00293421163224
        median: 0.00256647495553
        min: 1.47325582591e-021
        var: 3.80904361919e-006
    spectral_energyband_middle_low:
        dmean: 0.000673951057252
        dmean2: 0.00106606981717
        dvar: 9.43342911341e-007
        dvar2: 2.25127860176e-006
        max: 0.0105019509792
        mean: 0.00140833226033
        median: 0.000931888469495
        min: 2.91964716408e-022
        var: 1.90387299881e-006
    spectral_flatness_db:
        dmean: 0.0144929764792
        dmean2: 0.0230365544558
        dvar: 0.000189789352589
        dvar2: 0.000437155162217
        max: 0.455427438021
        mean: 0.142796814442
        median: 0.132636159658
        min: 0.0595836415887
        var: 0.00202925829217
    spectral_flux:
        dmean: 0.00935088191181
        dmean2: 0.0146592333913
        dvar: 9.6125244454e-005
        dvar2: 0.000198582929443
        max: 0.0998100563884
        mean: 0.0440184250474
        median: 0.0432757735252
        min: 1.03626329739e-010
        var: 0.000272783450782
    spectral_kurtosis:
        dmean: 1.1014674902
        dmean2: 1.87023234367
        dvar: 8.11337375641
        dvar2: 24.6792697906
        max: 119.518043518
        mean: 3.82595872879
        median: 2.81753587723
        min: -1.17414414883
        var: 55.0815467834
    spectral_rms:
        dmean: 0.000320167193422
        dmean2: 0.000525131239556
        dvar: 1.28301877567e-007
        dvar2: 3.28976796027e-007
        max: 0.0043996036984
        mean: 0.00211661169305
        median: 0.00214083539322
        min: 3.23674290495e-012
        var: 4.50268487384e-007
    spectral_rolloff:
        dmean: 342.836395264
        dmean2: 557.727905273
        dvar: 195670.71875
        dvar2: 411851.96875
        max: 18841.5527344
        mean: 3575.47558594
        median: 3660.64453125
        min: 215.33203125
        var: 603779.9375
    spectral_skewness:
        dmean: 0.161556303501
        dmean2: 0.262856215239
        dvar: 0.0418887622654
        dvar2: 0.114211820066
        max: 8.52904129028
        mean: 1.27802705765
        median: 1.20491874218
        min: -0.057181276381
        var: 0.370637595654
    spectral_spread:
        dmean: 449509.8125
        dmean2: 665816.4375
        dvar: 359654850560
        dvar2: 598422257664
        max: 39995972
        mean: 4737318
        median: 4617478.5
        min: 596912.375
        var: 1.86520240128e+012
    spectral_strongpeak:
        dmean: 0.566353917122
        dmean2: 0.973969459534
        dvar: 0.515759289265
        dvar2: 1.35722088814
        max: 9.09402275085
        mean: 0.890845477581
        median: 0.587229371071
        min: 1.31235133871e-009
        var: 0.8562464118
    zerocrossingrate:
        dmean: 0.00882513727993
        dmean2: 0.0108295101672
        dvar: 8.90349474503e-005
        dvar2: 0.000112578600238
        max: 0.48828125
        mean: 0.109197042882
        median: 0.10986328125
        min: 0.0234375
        var: 0.000686394865625
    barkbands:
        dmean: [6.76831916735e-007, 6.55177718727e-005, 7.13260742486e-005, 8.89303628355e-005, 0.000296850892482, 0.000157456772286, 0.000124625832541, 0.000138924704515, 0.000159575647558, 0.000155989197083, 0.000138500268804, 0.000105525752588, 8.79355793586e-005, 7.32495464035e-005, 0.000104951584945, 0.000120302764117, 0.000150123800267, 0.000217573600821, 0.000356599426595, 0.000239936518483, 0.000131770138978, 5.17575535923e-005, 1.07864734673e-005, 3.46105048266e-006, 1.96718565348e-006, 7.91113734522e-008, 4.75618988638e-010]
        dmean2: [1.16853584586e-006, 0.000112599140266, 0.000122369616292, 0.000148690174683, 0.000501615810208, 0.000263700465439, 0.00020917315851, 0.000221166468691, 0.00025398816797, 0.000240585883148, 0.000212051309063, 0.000170909115695, 0.000137761147926, 0.00011862784595, 0.000170724102645, 0.000197744069737, 0.000247088930337, 0.000368265784346, 0.000619859958533, 0.000421744189225, 0.000233229773585, 9.02231113287e-005, 1.82647872862e-005, 5.61179876968e-006, 3.20799085785e-006, 1.29535578708e-007, 8.07441835615e-010]
        dvar: [1.98754901426e-012, 1.07581241693e-008, 1.15049676452e-008, 2.48469085307e-008, 3.93634081775e-007, 1.13685707959e-007, 8.4862548988e-008, 1.34778176175e-007, 1.570830932e-007, 1.64584207596e-007, 1.53036580741e-007, 4.63105358506e-008, 3.16435446734e-008, 2.90664399216e-008, 5.07726980459e-008, 5.88944679691e-008, 5.04755455211e-008, 9.49626084434e-008, 2.0169311199e-007, 1.19260420206e-007, 4.51151649372e-008, 9.98549420927e-009, 6.28705754124e-010, 6.18641388117e-011, 3.19247579761e-011, 3.93709892433e-014, 6.48978042962e-019]
        dvar2: [5.21321180669e-012, 2.97331812504e-008, 3.27890745666e-008, 6.34304981872e-008, 1.03549189134e-006, 2.78535992493e-007, 2.22407038564e-007, 3.11597261771e-007, 3.78146182811e-007, 3.63170528317e-007, 3.43515608847e-007, 1.13864800255e-007, 7.10047984853e-008, 7.0576014366e-008, 1.12736934454e-007, 1.43516729167e-007, 1.29662865334e-007, 2.47184516411e-007, 5.63499384043e-007, 3.36411915214e-007, 1.27337727918e-007, 2.66673101379e-008, 1.51175261198e-009, 1.3852241576e-010, 7.44489470073e-011, 9.29998875761e-014, 1.63667992932e-018]
        max: [9.78210027824e-006, 0.000785350042861, 0.0015840169508, 0.00187932117842, 0.00719534233212, 0.0066814571619, 0.00612637307495, 0.00802629347891, 0.00711684161797, 0.0116257062182, 0.00877004675567, 0.00546451471746, 0.00436685793102, 0.00389597495086, 0.00577180041, 0.00731889344752, 0.00497052399442, 0.00722365919501, 0.00698692956939, 0.0043504955247, 0.00338709866628, 0.00206104898825, 0.000512793601956, 0.000182189367479, 0.000136375732836, 4.33394870925e-006, 2.14749107386e-008]
        mean: [6.74247019106e-007, 9.55155264819e-005, 0.000115001312224, 0.00011058930977, 0.000357828073902, 0.00020848576969, 0.000151739222929, 0.000241236557486, 0.00025453575654, 0.000266295275651, 0.000261629727902, 0.000190153921722, 0.000148400169564, 0.000115104441647, 0.000169368067873, 0.000213930790778, 0.000292540469673, 0.000395309907617, 0.00066736980807, 0.000453496817499, 0.000232386650168, 8.56709812069e-005, 1.68537389982e-005, 6.23743198958e-006, 3.1007969028e-006, 1.25600848833e-007, 6.60599908109e-010]
        median: [8.01938213613e-008, 6.56679476378e-005, 8.17991312942e-005, 5.52074197913e-005, 0.000153457454871, 9.62181875366e-005, 4.6308432502e-005, 4.9363981816e-005, 8.42573645059e-005, 7.36345245969e-005, 4.66426208732e-005, 8.39463900775e-005, 5.66374146729e-005, 4.75389315397e-005, 8.49730859045e-005, 0.000123653997434, 0.000202129362151, 0.000277237413684, 0.000575615325943, 0.000390060187783, 0.000185154684004, 5.92535798205e-005, 9.67891173786e-006, 4.07928564528e-006, 1.56639930537e-006, 5.57136132784e-008, 3.3773267516e-010]
        min: [2.63502991234e-024, 3.96153419491e-023, 3.2613822762e-023, 1.29814713905e-023, 2.72371771794e-023, 3.92843516905e-023, 8.63233954059e-023, 7.3527187999e-023, 4.67117169268e-023, 2.72498652182e-023, 1.05629649034e-022, 6.30350476587e-023, 1.23329693507e-022, 9.42468594883e-023, 1.06848331848e-022, 1.18977642556e-022, 9.94390725467e-023, 1.44738381354e-022, 3.67729391613e-022, 3.91702912388e-022, 5.62314593526e-022, 5.89120213303e-022, 5.80389277509e-022, 9.55100176486e-022, 1.34498860782e-021, 1.8151466781e-021, 1.96366800722e-021]
        var: [1.83924880534e-012, 1.14206208934e-008, 1.60381681269e-008, 2.81412475545e-008, 3.82437463031e-007, 1.4836619755e-007, 1.11294809813e-007, 4.11154246649e-007, 3.36971282877e-007, 3.96141558667e-007, 5.12011979481e-007, 9.71875877553e-008, 7.14249779321e-008, 4.86825086909e-008, 8.85963800101e-008, 1.24843325011e-007, 1.07741037425e-007, 1.66615748753e-007, 2.68198107278e-007, 1.35371607257e-007, 5.09534316961e-008, 1.32782291828e-008, 8.85960915742e-010, 1.06814682099e-010, 4.67541144689e-011, 5.86266129502e-014, 9.93954286114e-019]
    frequency_bands:
        dmean: [6.76831916735e-007, 6.55177718727e-005, 7.13260742486e-005, 8.89303628355e-005, 0.000296850892482, 0.000157456772286, 0.000124625832541, 0.000138924704515, 0.000159575647558, 0.000155989197083, 0.000138500268804, 0.000105525752588, 8.79355793586e-005, 7.32495464035e-005, 0.000104951584945, 0.000120302764117, 0.000150123800267, 0.000217573600821, 0.000356599426595, 0.000239936518483, 0.000131770138978, 5.17575535923e-005, 1.07864734673e-005, 3.46105048266e-006, 1.96718565348e-006, 7.91113734522e-008, 4.75618988638e-010, 5.88202264673e-011]
        dmean2: [1.16853584586e-006, 0.000112599140266, 0.000122369616292, 0.000148690174683, 0.000501615810208, 0.000263700465439, 0.00020917315851, 0.000221166468691, 0.00025398816797, 0.000240585883148, 0.000212051309063, 0.000170909115695, 0.000137761147926, 0.00011862784595, 0.000170724102645, 0.000197744069737, 0.000247088930337, 0.000368265784346, 0.000619859958533, 0.000421744189225, 0.000233229773585, 9.02231113287e-005, 1.82647872862e-005, 5.61179876968e-006, 3.20799085785e-006, 1.29535578708e-007, 8.07441835615e-010, 1.08830180978e-010]
        dvar: [1.98754901426e-012, 1.07581241693e-008, 1.15049676452e-008, 2.48469085307e-008, 3.93634081775e-007, 1.13685707959e-007, 8.4862548988e-008, 1.34778176175e-007, 1.570830932e-007, 1.64584207596e-007, 1.53036580741e-007, 4.63105358506e-008, 3.16435446734e-008, 2.90664399216e-008, 5.07726980459e-008, 5.88944679691e-008, 5.04755455211e-008, 9.49626084434e-008, 2.0169311199e-007, 1.19260420206e-007, 4.51151649372e-008, 9.98549420927e-009, 6.28705754124e-010, 6.18641388117e-011, 3.19247579761e-011, 3.93709892433e-014, 6.48978042962e-019, 7.44192021232e-021]
        dvar2: [5.21321180669e-012, 2.97331812504e-008, 3.27890745666e-008, 6.34304981872e-008, 1.03549189134e-006, 2.78535992493e-007, 2.22407038564e-007, 3.11597261771e-007, 3.78146182811e-007, 3.63170528317e-007, 3.43515608847e-007, 1.13864800255e-007, 7.10047984853e-008, 7.0576014366e-008, 1.12736934454e-007, 1.43516729167e-007, 1.29662865334e-007, 2.47184516411e-007, 5.63499384043e-007, 3.36411915214e-007, 1.27337727918e-007, 2.66673101379e-008, 1.51175261198e-009, 1.3852241576e-010, 7.44489470073e-011, 9.29998875761e-014, 1.63667992932e-018, 2.36274319206e-020]
        max: [9.78210027824e-006, 0.000785350042861, 0.0015840169508, 0.00187932117842, 0.00719534233212, 0.0066814571619, 0.00612637307495, 0.00802629347891, 0.00711684161797, 0.0116257062182, 0.00877004675567, 0.00546451471746, 0.00436685793102, 0.00389597495086, 0.00577180041, 0.00731889344752, 0.00497052399442, 0.00722365919501, 0.00698692956939, 0.0043504955247, 0.00338709866628, 0.00206104898825, 0.000512793601956, 0.000182189367479, 0.000136375732836, 4.33394870925e-006, 2.14749107386e-008, 1.15469389605e-009]
        mean: [6.74247019106e-007, 9.55155264819e-005, 0.000115001312224, 0.00011058930977, 0.000357828073902, 0.00020848576969, 0.000151739222929, 0.000241236557486, 0.00025453575654, 0.000266295275651, 0.000261629727902, 0.000190153921722, 0.000148400169564, 0.000115104441647, 0.000169368067873, 0.000213930790778, 0.000292540469673, 0.000395309907617, 0.00066736980807, 0.000453496817499, 0.000232386650168, 8.56709812069e-005, 1.68537389982e-005, 6.23743198958e-006, 3.1007969028e-006, 1.25600848833e-007, 6.60599908109e-010, 4.59979207501e-011]
        median: [8.01938213613e-008, 6.56679476378e-005, 8.17991312942e-005, 5.52074197913e-005, 0.000153457454871, 9.62181875366e-005, 4.6308432502e-005, 4.9363981816e-005, 8.42573645059e-005, 7.36345245969e-005, 4.66426208732e-005, 8.39463900775e-005, 5.66374146729e-005, 4.75389315397e-005, 8.49730859045e-005, 0.000123653997434, 0.000202129362151, 0.000277237413684, 0.000575615325943, 0.000390060187783, 0.000185154684004, 5.92535798205e-005, 9.67891173786e-006, 4.07928564528e-006, 1.56639930537e-006, 5.57136132784e-008, 3.3773267516e-010, 1.70256083537e-011]
        min: [2.63502991234e-024, 3.96153419491e-023, 3.2613822762e-023, 1.29814713905e-023, 2.72371771794e-023, 3.92843516905e-023, 8.63233954059e-023, 7.3527187999e-023, 4.67117169268e-023, 2.72498652182e-023, 1.05629649034e-022, 6.30350476587e-023, 1.23329693507e-022, 9.42468594883e-023, 1.06848331848e-022, 1.18977642556e-022, 9.94390725467e-023, 1.44738381354e-022, 3.67729391613e-022, 3.91702912388e-022, 5.62314593526e-022, 5.89120213303e-022, 5.80389277509e-022, 9.55100176486e-022, 1.34498860782e-021, 1.8151466781e-021, 1.96366800722e-021, 9.23829982638e-022]
        var: [1.83924880534e-012, 1.14206208934e-008, 1.60381681269e-008, 2.81412475545e-008, 3.82437463031e-007, 1.4836619755e-007, 1.11294809813e-007, 4.11154246649e-007, 3.36971282877e-007, 3.96141558667e-007, 5.12011979481e-007, 9.71875877553e-008, 7.14249779321e-008, 4.86825086909e-008, 8.85963800101e-008, 1.24843325011e-007, 1.07741037425e-007, 1.66615748753e-007, 2.68198107278e-007, 1.35371607257e-007, 5.09534316961e-008, 1.32782291828e-008, 8.85960915742e-010, 1.06814682099e-010, 4.67541144689e-011, 5.86266129502e-014, 9.93954286114e-019, 5.8602030549e-021]
    mfcc:
        mean: [-697.424682617, 86.2590103149, -51.764503479, 49.5043640137, -19.6887798309, -1.84794676304, 4.26104021072, 0.687400877476, -1.66439449787, -3.94660902023, -3.8127617836, -5.1107916832, -2.54352355003]
        cov: [[5896.98681641, 404.916931152, -167.010147095, 809.582946777, -47.7885169983, 16.4533576965, -68.224899292, -27.1086788177, -15.8912296295, 27.3432884216, -17.9632453918, -24.8315849304, -54.9358940125], [404.916931152, 629.091918945, -146.79208374, 110.428451538, -1.4547894001, 1.91808879375, 28.5523395538, 8.17056274414, 41.9422264099, 24.05327034, 31.4230518341, 3.64252901077, -9.65629577637], [-167.010147095, -146.79208374, 518.547912598, 105.250946045, 134.454406738, 12.3123407364, -23.7729816437, -6.55850934982, -29.1507301331, -0.491309583187, -8.42228412628, 33.8468971252, -7.72215461731], [809.582946777, 110.428451538, 105.250946045, 539.417236328, 125.217475891, 21.4448051453, -35.4346466064, 10.3369464874, 63.5843429565, 4.97639799118, -19.6251525879, 13.1922960281, 3.99669694901], [-47.7885169983, -1.4547894001, 134.454406738, 125.217475891, 189.925018311, 28.2784290314, -22.654296875, -3.79824018478, 17.3527832031, 2.70551681519, -9.78551864624, 14.646194458, 3.39875507355], [16.4533576965, 1.91808879375, 12.3123407364, 21.4448051453, 28.2784290314, 152.9375, 104.444084167, 28.04936409, -2.66006231308, 4.59858560562, 0.965597987175, -1.23744356632, 14.8443918228], [-68.224899292, 28.5523395538, -23.7729816437, -35.4346466064, -22.654296875, 104.444084167, 201.571029663, 69.7691116333, 15.5746021271, 1.36523330212, 0.930887937546, 4.45332145691, 24.4492301941], [-27.1086788177, 8.17056274414, -6.55850934982, 10.3369464874, -3.79824018478, 28.04936409, 69.7691116333, 114.087944031, 56.8885231018, 22.5354442596, -6.70358705521, 3.61777925491, 5.71160125732], [-15.8912296295, 41.9422264099, -29.1507301331, 63.5843429565, 17.3527832031, -2.66006231308, 15.5746021271, 56.8885231018, 118.452125549, 51.0111923218, 7.65078210831, 9.38420677185, 6.02942276001], [27.3432884216, 24.05327034, -0.491309583187, 4.97639799118, 2.70551681519, 4.59858560562, 1.36523330212, 22.5354442596, 51.0111923218, 93.1464614868, 40.0807342529, 17.4283161163, -1.18188560009], [-17.9632453918, 31.4230518341, -8.42228412628, -19.6251525879, -9.78551864624, 0.965597987175, 0.930887937546, -6.70358705521, 7.65078210831, 40.0807342529, 82.6105651855, 33.3354225159, 6.90732240677], [-24.8315849304, 3.64252901077, 33.8468971252, 13.1922960281, 14.646194458, -1.23744356632, 4.45332145691, 3.61777925491, 9.38420677185, 17.4283161163, 33.3354225159, 78.4690856934, 36.9447174072], [-54.9358940125, -9.65629577637, -7.72215461731, 3.99669694901, 3.39875507355, 14.8443918228, 24.4492301941, 5.71160125732, 6.02942276001, -1.18188560009, 6.90732240677, 36.9447174072, 76.27784729]]
        icov: [[0.000253120146226, -6.80808079778e-005, 0.00012632709695, -0.000497294939123, 0.000280870415736, -3.54088260792e-005, 3.7287336454e-005, -5.3263062e-005, 0.000458040041849, -0.000314369797707, 0.000124659083667, -6.11288560322e-005, 0.000176180546987], [-6.80808079778e-005, 0.00195000064559, 0.000656082353089, -0.000407810352044, -0.000349150941474, 0.000413839559769, -0.000693980895448, 0.000301071151625, -0.000271197030088, -2.39716755459e-005, -0.000754031643737, -0.000144139688928, 0.000579690153245], [0.00012632709695, 0.000656082353089, 0.00294080935419, -0.000681767531205, -0.00172518775798, 0.000369020272046, -0.000294091936667, -0.000466065015644, 0.00181516620796, -0.000893793068826, 0.000467135512736, -0.0015590058174, 0.00119716196787], [-0.000497294939123, -0.000407810352044, -0.000681767531205, 0.003562589176, -0.00152469531167, -0.000751601473894, 0.000812204903923, 0.000263076741248, -0.00260298559442, 0.00136315997224, 0.0003420287685, -0.000147029437358, -0.000464181503048], [0.000280870415736, -0.000349150941474, -0.00172518775798, -0.00152469531167, 0.00847981031984, -0.00274045905098, 0.00193382753059, 0.000661873375066, -0.00143060763367, 0.000270618562354, 0.00115413067397, -0.00108015607111, 8.53239544085e-005], [-3.54088260792e-005, 0.000413839559769, 0.000369020272046, -0.000751601473894, -0.00274045905098, 0.0119961714372, -0.00688380934298, 0.000282868131762, 0.00262259389274, -0.0020897355862, -0.000578294275329, 0.00189576577395, -0.00102907512337], [3.7287336454e-005, -0.000693980895448, -0.000294091936667, 0.000812204903923, 0.00193382753059, -0.00688380934298, 0.0109786065295, -0.00511187082157, -0.000359302619472, 0.00188061094377, -0.000467487872811, -0.000125045509776, -0.00185558828525], [-5.3263062e-005, 0.000301071151625, -0.000466065015644, 0.000263076741248, 0.000661873375066, 0.000282868131762, -0.00511187082157, 0.0155788976699, -0.00702610891312, -0.000912013812922, 0.00271463417448, -0.00106785900425, 0.00113885477185], [0.000458040041849, -0.000271197030088, 0.00181516620796, -0.00260298559442, -0.00143060763367, 0.00262259389274, -0.000359302619472, -0.00702610891312, 0.0178733617067, -0.00883219204843, 0.00171685765963, -2.46123945544e-005, -0.000882869586349], [-0.000314369797707, -2.39716755459e-005, -0.000893793068826, 0.00136315997224, 0.000270618562354, -0.0020897355862, 0.00188061094377, -0.000912013812922, -0.00883219204843, 0.0196531265974, -0.00851378403604, -0.000475477427244, 0.00147268769797], [0.000124659083667, -0.000754031643737, 0.000467135512736, 0.0003420287685, 0.00115413067397, -0.000578294275329, -0.000467487872811, 0.00271463417448, 0.00171685765963, -0.00851378403604, 0.0200591105968, -0.0082610277459, 0.00194849015679], [-6.11288560322e-005, -0.000144139688928, -0.0015590058174, -0.000147029437358, -0.00108015607111, 0.00189576577395, -0.000125045509776, -0.00106785900425, -2.46123945544e-005, -0.000475477427244, -0.0082610277459, 0.0222538523376, -0.0104490285739], [0.000176180546987, 0.000579690153245, 0.00119716196787, -0.000464181503048, 8.53239544085e-005, -0.00102907512337, -0.00185558828525, 0.00113885477185, -0.000882869586349, 0.00147268769797, 0.00194849015679, -0.0104490285739, 0.0191387999803]]
    sccoeffs:
        dmean: [0.0538194663823, 0.0493777915835, 0.0409741103649, 0.0307845249772, 0.0202559828758, 0.0184931270778]
        dmean2: [0.0879188850522, 0.0811669826508, 0.0660252198577, 0.0493622086942, 0.0335298106074, 0.0297059826553]
        dvar: [0.00209733773954, 0.00172552838922, 0.00117807975039, 0.000623960630037, 0.000278893567156, 0.000291929551167]
        dvar2: [0.00531665980816, 0.0044110538438, 0.00284923124127, 0.00154807476792, 0.000712335342541, 0.000704168574885]
        max: [-0.260256528854, -0.328334659338, -0.343347519636, -0.519267320633, -0.588340222836, -0.569759368896]
        mean: [-0.680884003639, -0.758905768394, -0.760922908783, -0.786176323891, -0.797369122505, -0.738425552845]
        median: [-0.689678668976, -0.773833155632, -0.776188313961, -0.793892562389, -0.799851775169, -0.738285005093]
        min: [-0.974746406078, -0.960869371891, -0.964859127998, -0.96967792511, -0.95729136467, -0.961019039154]
        var: [0.00634980667382, 0.00651106610894, 0.00646316073835, 0.00276376865804, 0.001111343503, 0.00189956009854]
    scvalleys:
        dmean: [0.389279007912, 0.386651426554, 0.318199157715, 0.278802126646, 0.257866561413, 0.297029614449]
        dmean2: [0.638132691383, 0.633432328701, 0.51807230711, 0.446282595396, 0.417708069086, 0.46247625351]
        dvar: [0.112403862178, 0.122133508325, 0.0879450067878, 0.0751590579748, 0.0880789682269, 0.13649058342]
        dvar2: [0.270491868258, 0.294763624668, 0.198982015252, 0.160888850689, 0.188881203532, 0.305809646845]
        max: [-5.25279426575, -4.7095117569, -5.13712072372, -5.53132295609, -5.46483564377, -7.22510957718]
        mean: [-7.16375255585, -6.79356145859, -6.93876409531, -7.135597229, -6.80318784714, -9.52927112579]
        median: [-6.78757190704, -6.59910011292, -6.80038785934, -6.96679115295, -6.5225725174, -9.22290992737]
        min: [-26.9955310822, -27.4342288971, -27.3872756958, -26.8814430237, -27.4093399048, -27.240354538]
        var: [2.79041600227, 1.5882486105, 1.20363652706, 1.29079973698, 1.69292294979, 1.96913135052]

rhythm:
    beats_loudness:
        dmean: 0.00189792981837
        dmean2: 0.00339948688634
        dvar: 3.22035975842e-006
        dvar2: 9.66207153397e-006
        max: 0.015307167545
        mean: 0.00601038197055
        median: 0.00619470374659
        min: 9.55654739371e-012
        var: 7.11556958777e-006
    bpm: 93.6519241333
    bpm_confidence: 0
    first_peak_bpm: 94
    first_peak_spread: 0.27531644702
    first_peak_weight: 0.693939387798
    onset_rate: 3.36961388588
    second_peak_bpm: 89
    second_peak_spread: 0.153846204281
    second_peak_weight: 0.0333333313465
    beats_loudness_band_ratio:
        dmean: [0.11677146703, 0.0972063243389, 0.106488339603, 0.115119762719, 0.0845665857196, 0.0830997899175]
        dmean2: [0.202234402299, 0.171011835337, 0.19589574635, 0.19931460917, 0.142790779471, 0.145616322756]
        dvar: [0.010723054409, 0.00656618131325, 0.0131534012035, 0.0171585883945, 0.00638392847031, 0.0097577907145]
        dvar2: [0.0314947925508, 0.0207294877619, 0.0381609760225, 0.0387582071126, 0.0165268052369, 0.0288287717849]
        max: [0.630542218685, 0.512633681297, 0.738049268723, 0.90585744381, 0.570633292198, 0.93170529604]
        mean: [0.243682101369, 0.186276987195, 0.112608939409, 0.14409737289, 0.201222375035, 0.227897003293]
        median: [0.242492049932, 0.18034286797, 0.0738290995359, 0.0632405057549, 0.172593384981, 0.206411346793]
        min: [0, 0, 0, 0, 0, 0]
        var: [0.0223046634346, 0.0149988392368, 0.0110726058483, 0.0276571083814, 0.0103695634753, 0.0119460634887]
    beats_position: [0.638548731804, 1.30031740665, 1.9620860815, 2.62385487556, 3.27401351929, 3.93578219414, 4.62077093124, 5.2941493988, 5.9675283432, 6.6176867485, 7.26784563065, 7.90639448166, 8.54494285583, 9.18349170685, 9.82204055786, 10.4605894089, 11.0991382599, 11.7376871109, 12.3762359619, 13.0147848129, 13.6533327103, 14.2918815613, 14.9304304123, 15.5689792633, 16.2075271606, 16.8460769653, 17.4846248627, 18.1231746674, 18.7617225647, 19.4002723694, 20.0388202667, 20.6773700714, 21.3159179688, 21.9544658661, 22.5930156708, 23.2315635681, 23.8701133728, 24.497051239, 25.1356010437, 25.774148941, 26.4126987457, 27.0512466431, 27.6897945404, 28.3283443451, 28.9785022736, 29.6170520782, 30.2555999756, 30.8941497803, 31.5326976776, 32.1596374512, 32.7981834412, 33.4367332458, 34.0752830505, 34.7138328552, 35.3523788452, 35.9909286499, 36.6294784546, 37.2680282593, 37.9065742493, 38.545124054, 39.1836738586, 39.8222198486, 40.4607696533, 41.099319458, 41.7378692627, 42.3764152527, 43.0149650574, 43.6535148621, 44.2804527283, 44.9306106567, 45.5691604614, 46.2077102661, 46.8462562561, 47.4848060608, 48.111743927, 48.7502937317, 49.3888435364, 50.0273895264, 50.6659393311, 51.3160972595, 51.9546470642, 52.5931968689, 53.2317466736, 53.8702926636, 54.5088424683, 55.1473922729, 55.7859382629, 56.4244880676, 57.0514259338, 57.6899757385, 58.3285255432, 58.9670753479, 59.6056213379, 60.2441711426, 60.8827209473, 61.5212669373, 62.1598167419, 62.7983665466, 63.4369163513, 64.0754623413, 64.714012146, 65.3525619507, 65.9911117554, 66.6296615601, 67.2682037354, 67.90675354, 68.5453033447, 69.1838531494, 69.8224029541, 70.4609527588, 71.0995025635, 71.7380523682, 72.3765945435, 73.0151443481, 73.6536941528, 74.2922439575, 74.9307937622, 75.5693435669, 76.2078933716, 76.8464355469, 77.4849853516, 78.1235351563, 78.7620849609, 79.4006347656, 80.0391845703, 80.677734375, 81.3162765503, 81.9432220459, 82.5817642212, 83.2203140259, 83.8588638306, 84.4974136353, 85.1243515015, 85.7745132446, 86.4130630493, 87.0516052246, 87.6901550293, 88.328704834, 88.9672546387, 89.6058044434, 90.244354248, 90.8829040527, 91.5330581665, 92.1716079712, 92.7985458374, 93.4370956421, 94.0756454468, 94.7141952515, 95.3527450562, 95.9912872314, 96.6414489746, 97.2683868408, 97.9069366455, 98.5454864502, 99.1840362549, 99.8225860596, 100.449523926, 101.09967804, 101.738227844, 102.376777649, 103.015327454, 103.653877258, 104.292427063, 104.930976868, 105.569519043, 106.208068848, 106.846618652, 107.485168457, 108.123718262, 108.762268066, 109.400817871, 110.039360046, 110.677909851, 111.304847717, 111.943397522, 112.581947327, 113.220497131, 113.859046936, 114.497596741, 115.147750854, 115.797912598, 116.436462402, 117.075012207, 117.713554382, 118.340499878, 118.979042053, 119.617591858, 120.256141663, 120.894691467, 121.533241272, 122.171791077, 122.810340881, 123.448883057, 124.087432861, 124.714370728, 125.352920532, 125.991470337, 126.618408203, 127.23374176, 127.849067688, 128.452789307, 129.068115234, 129.683441162, 130.310379028, 130.937316895, 131.575866699, 132.214416504, 132.852966309, 133.491516113, 134.130065918, 134.768615723, 135.407165527, 136.034103394, 136.672653198, 137.311203003, 137.949752808, 138.588302612, 139.226852417, 139.865386963, 140.503936768, 141.130874634, 141.769424438, 142.407974243, 143.058135986, 143.708297729, 144.346847534, 144.985397339, 145.635559082, 146.297317505, 146.959091187, 147.632461548, 148.294235229, 148.932785034, 149.582946777, 150.233108521, 150.883255005, 151.533416748, 152.171966553, 152.810516357, 153.449066162, 154.087615967, 154.726165771, 155.364715576, 155.991653442, 156.630203247, 157.268753052, 157.918914795, 158.5574646, 159.195999146, 159.822952271, 160.461486816, 161.100036621, 161.738586426, 162.37713623, 163.015686035, 163.65423584, 164.292785645, 164.931335449, 165.569885254, 166.208435059, 166.846984863, 167.485534668, 168.124084473, 168.751022339, 169.389572144, 170.028121948, 170.666656494, 171.305206299, 171.943756104, 172.582305908, 173.209243774, 173.847793579, 174.497955322, 175.148117065, 175.78666687, 176.425216675, 177.052154541, 177.690704346, 178.317642212, 178.956192017, 179.606338501, 180.244888306, 180.88343811, 181.533599854, 182.16053772, 182.810699463, 183.472473145, 184.134231567, 184.807617188, 185.504211426, 186.200805664, 186.862579346, 187.524353027, 188.197723389, 188.882720947, 189.567703247, 190.241088867, 190.914459229, 191.587844849, 192.238006592, 192.888153076, 193.526702881, 194.165252686, 194.815414429, 195.465576172, 196.115737915, 196.75428772, 197.392837524, 198.019775391, 198.646713257, 199.285263062, 199.923812866, 200.573959351, 201.224121094, 201.885894775, 202.536056519, 203.197814941, 203.859588623, 204.521362305, 205.171508789, 205.810058594, 206.448608398, 207.087158203, 207.725708008, 208.387481689, 209.049255371, 209.699401855, 210.349563599, 210.999725342, 211.649887085, 212.311645508]
    bpm_estimates: [90.6661224365, 90.6661224365, 90.6661071777, 92.2851715088, 90.6661224365, 89.102935791, 89.1028747559, 92.2852020264, 92.2851333618, 93.9630508423, 93.9631271362, 93.9630508423, 93.9630508423, 93.9630508423, 93.9630508423, 93.9630508423, 93.9630508423, 93.9630508423, 93.9631958008, 93.9630508423, 93.9630508423, 93.9630508423, 93.9631958008, 93.9629135132, 93.9631958008, 93.9629135132, 93.9631958008, 93.9629135132, 93.9631958008, 93.9629135132, 93.9631958008, 93.9631958008, 93.9629135132, 93.9631958008, 93.9629135132, 95.7032623291, 93.9629135132, 93.9631958008, 93.9629135132, 93.9631958008, 93.9631958008, 93.9629135132, 92.2852706909, 93.9629135132, 93.9631958008, 93.9629135132, 93.9631958008, 95.7029724121, 93.9634780884, 93.9629135132, 93.9629135132, 93.9629135132, 93.9634780884, 93.9629135132, 93.9629135132, 93.9629135132, 93.9634780884, 93.9629135132, 93.9629135132, 93.9634780884, 93.9629135132, 93.9629135132, 93.9629135132, 93.9634780884, 93.9629135132, 93.9629135132, 95.7032623291, 92.2852706909, 93.9629135132, 93.9629135132, 93.9634780884, 93.9629135132, 95.7032623291, 93.9629135132, 93.9629135132, 93.9634780884, 93.9629135132, 92.2852706909, 93.9629135132, 93.9629135132, 93.9629135132, 93.9634780884, 93.9629135132, 93.9629135132, 93.9634780884, 93.9629135132, 95.7032623291, 93.9629135132, 93.9629135132, 93.9629135132, 93.9634780884, 93.9629135132, 93.9629135132, 93.9634780884, 93.9629135132, 93.9629135132, 93.9629135132, 93.9634780884, 93.9629135132, 93.9629135132, 93.9629135132, 93.9629135132, 93.9640350342, 93.9629135132, 93.9629135132, 93.9629135132, 93.9629135132, 93.9629135132, 93.9629135132, 93.9629135132, 93.9640350342, 93.9629135132, 93.9629135132, 93.9629135132, 93.9629135132, 93.9629135132, 93.9629135132, 93.9640350342, 93.9629135132, 93.9629135132, 93.9629135132, 93.9629135132, 93.9629135132, 93.9629135132, 93.9640350342, 95.7021026611, 93.9640350342, 93.9629135132, 93.9629135132, 93.9629135132, 95.7032623291, 92.2847290039, 93.9629135132, 93.9640350342, 93.9629135132, 93.9629135132, 93.9629135132, 93.9629135132, 93.9629135132, 93.9629135132, 92.2858123779, 93.9629135132, 95.7032623291, 93.9629135132, 93.9629135132, 93.9629135132, 93.9629135132, 93.9640350342, 92.2847290039, 95.7032623291, 93.9629135132, 93.9629135132, 93.9629135132, 93.9629135132, 95.7032623291, 92.2858123779, 93.9629135132, 93.9629135132, 93.9629135132, 93.9629135132, 93.9629135132, 93.9629135132, 93.9640350342, 93.9629135132, 93.9629135132, 93.9629135132, 93.9629135132, 93.9629135132, 93.9629135132, 93.9640350342, 93.9629135132, 95.7032623291, 93.9629135132, 93.9629135132, 93.9629135132, 93.9629135132, 93.9629135132, 92.2858123779, 92.2847290039, 93.9629135132, 93.9629135132, 93.9640350342, 95.7021026611, 93.9640350342, 93.9629135132, 93.9629135132, 93.9629135132, 93.9629135132, 93.9629135132, 93.9629135132, 93.9640350342, 93.9629135132, 95.7032623291, 93.9629135132, 93.9629135132, 95.7032623291, 97.5080871582, 97.5093002319, 97.5093002319, 97.5093002319, 95.7032623291, 95.7032623291, 93.9629135132, 93.9629135132, 93.9629135132, 93.9629135132, 93.9629135132, 93.9629135132, 93.9629135132, 95.7032623291, 93.9629135132, 93.9629135132, 93.9629135132, 93.9629135132, 93.9629135132, 93.9651565552, 93.9629135132, 95.7032623291, 93.9629135132, 93.9629135132, 92.2847290039, 92.2847290039, 93.9629135132, 93.9629135132, 92.2847290039, 90.6675262451, 90.665435791, 89.1040115356, 90.665435791, 93.9629135132, 92.2847290039, 92.2847290039, 92.286895752, 92.2847290039, 93.9629135132, 93.9629135132, 93.9629135132, 93.9629135132, 93.9629135132, 93.9629135132, 95.7032623291, 93.9629135132, 93.9629135132, 92.2847290039, 93.9629135132, 93.9651565552, 95.7009353638, 93.9651565552, 93.9629135132, 93.9629135132, 93.9629135132, 93.9629135132, 93.9629135132, 93.9629135132, 93.9629135132, 93.9629135132, 93.9629135132, 93.9629135132, 93.9629135132, 93.9629135132, 95.7032623291, 93.9629135132, 93.9629135132, 93.9651565552, 93.9629135132, 93.9629135132, 93.9629135132, 95.7032623291, 93.9629135132, 92.2847290039, 92.2847290039, 93.9629135132, 93.9629135132, 95.7032623291, 93.9629135132, 95.7032623291, 93.9629135132, 92.286895752, 93.9629135132, 93.9629135132, 92.2847290039, 95.7032623291, 92.2847290039, 90.665435791, 90.6675262451, 89.1019897461, 90.665435791, 90.665435791, 89.1040115356, 89.1019897461, 89.1040115356, 89.1019897461, 92.2847290039, 92.286895752, 93.9629135132, 93.9629135132, 92.2847290039, 92.2847290039, 92.2847290039, 93.9629135132, 93.9629135132, 95.7032623291, 95.7032623291, 93.9629135132, 93.9629135132, 92.286895752, 92.2847290039, 90.665435791, 92.2847290039, 90.6675262451, 90.665435791, 90.665435791, 92.286895752, 93.9629135132, 93.9629135132, 93.9629135132, 93.9629135132, 90.665435791, 90.665435791, 92.286895752, 92.2847290039, 92.2847290039, 92.2847290039, 90.6675262451]
