
metadata:
    version:
        essentia: "2.1-beta2"
    audio_properties:
        analysis_sample_rate: 44100
        bitrate: 320
        channels: 2
        equal_loudness: 1
        length: 266.788574219
        replay_gain: -13.6770381927
        downmix: "mix"
    tags:
        album: "This War Is Ours"
        artist: "Escape The Fate"
        comment: ""
        date: "2008"
        genre: "Alternative"
        title: "This War Is Ours (The Guillotine Part II)"
        tracknumber: "8"

configuration:
    average_loudness:
        compute: 1
        frameSize: 88200
        hopSize: 44100
        silentFrames: "noise"
        windowType: "hann"
    general:
        analysisSampleRate: 44100
        endTime: 2000
        equalLoudness: 1
        nequalLoudness: 0
        shortSound: 0
        startTime: 0
    lowlevel:
        compute: 1
        frameSize: 2048
        hopSize: 1024
        zeroPadding: 0
        silentFrames: "noise"
        windowType: "blackmanharris62"
        mfccStats: ["mean", "cov", "icov"]
        stats: ["mean", "var", "median", "min", "max", "dmean", "dmean2", "dvar", "dvar2"]
    panning:
        compute: 0
        frameSize: 8192
        hopSize: 2048
        zeroPadding: 8192
        silentFrames: "noise"
        windowType: "hann"
        stats: ["copy"]
    rhythm:
        compute: 1
        maxTempo: 208
        minTempo: 40
        method: "degara"
        stats: ["mean", "var", "median", "min", "max", "dmean", "dmean2", "dvar", "dvar2"]
    segmentation:
        compute: 0
        cpw: 5
        inc1: 300
        inc2: 50
        minimumSegmentsLength: 10
        size1: 1000
        size2: 600
    sfx:
        compute: 1
        stats: ["mean", "var", "median", "min", "max", "dmean", "dmean2", "dvar", "dvar2"]
    svm:
        compute: 0
    tonal:
        compute: 1
        frameSize: 4096
        hopSize: 2048
        zeroPadding: 0
        silentFrames: "noise"
        windowType: "blackmanharris62"
        stats: ["mean", "var", "median", "min", "max", "dmean", "dmean2", "dvar", "dvar2"]

lowlevel:
    average_loudness: 0.827856898308
    barkbands_kurtosis:
        dmean: 0.955264270306
        dmean2: 1.53872084618
        dvar: 2.65960121155
        dvar2: 6.42387056351
        max: 41.7811775208
        mean: 0.235524266958
        median: -0.750652909279
        min: -1.89126551151
        var: 9.16570186615
    barkbands_skewness:
        dmean: 0.405748963356
        dmean2: 0.638720035553
        dvar: 0.154771223664
        dvar2: 0.36781051755
        max: 6.16239786148
        mean: -0.0316760092974
        median: -0.15440697968
        min: -4.67437028885
        var: 1.21551966667
    barkbands_spread:
        dmean: 5.38827562332
        dmean2: 8.62050151825
        dvar: 28.3367137909
        dvar2: 70.2044143677
        max: 72.8396530151
        mean: 28.7958431244
        median: 28.0847892761
        min: 1.90442335606
        var: 144.066238403
    dissonance:
        dmean: 0.0142286838964
        dmean2: 0.0242780353874
        dvar: 0.000247119751293
        dvar2: 0.000674857874401
        max: 0.500000059605
        mean: 0.474696516991
        median: 0.48336610198
        min: 0.265154421329
        var: 0.000667639600579
    hfc:
        dmean: 3.01131725311
        dmean2: 5.02793502808
        dvar: 19.0670967102
        dvar2: 49.7761650085
        max: 63.6618652344
        mean: 9.45707988739
        median: 8.33431720734
        min: 1.21573646303e-016
        var: 52.1982955933
    pitch:
        dmean: 726.770080566
        dmean2: 1396.04101563
        dvar: 1563527.625
        dvar2: 3900374.25
        max: 5609.40625
        mean: 1506.13378906
        median: 401.07699585
        min: 65.4362564087
        var: 2602740.25
    pitch_instantaneous_confidence:
        dmean: 0.0873425379395
        dmean2: 0.142665207386
        dvar: 0.00602860096842
        dvar2: 0.0152907567099
        max: 0.981250762939
        mean: 0.438073724508
        median: 0.416769683361
        min: 0.115698993206
        var: 0.0233179610223
    pitch_salience:
        dmean: 0.0595358163118
        dmean2: 0.0983105152845
        dvar: 0.00277072144672
        dvar2: 0.00736010773107
        max: 0.918210744858
        mean: 0.655651390553
        median: 0.672020256519
        min: 0.122103855014
        var: 0.00966438557953
    silence_rate_20dB:
        dmean: 0
        dmean2: 0
        dvar: 0
        dvar2: 0
        max: 1
        mean: 1
        median: 1
        min: 1
        var: 0
    silence_rate_30dB:
        dmean: 0
        dmean2: 0
        dvar: 0
        dvar2: 0
        max: 1
        mean: 1
        median: 1
        min: 1
        var: 0
    silence_rate_60dB:
        dmean: 0.073629245162
        dmean2: 0.147271305323
        dvar: 0.0682143494487
        dvar2: 0.15832272172
        max: 1
        mean: 0.297450184822
        median: 0
        min: 0
        var: 0.208985373378
    spectral_centroid:
        dmean: 276.84576416
        dmean2: 438.994506836
        dvar: 94833.6875
        dvar2: 210207.90625
        max: 10892.6806641
        mean: 1903.08813477
        median: 1937.37207031
        min: 286.902801514
        var: 583908.6875
    spectral_complexity:
        dmean: 4.25013065338
        dmean2: 6.98146057129
        dvar: 21.2600746155
        dvar2: 52.9729347229
        max: 49
        mean: 15.7743453979
        median: 15
        min: 0
        var: 93.2220230103
    spectral_crest:
        dmean: 1.98995435238
        dmean2: 3.30277848244
        dvar: 3.40011143684
        dvar2: 8.91804504395
        max: 25.4798622131
        mean: 7.54911804199
        median: 6.66677331924
        min: 2.43919157982
        var: 10.9012327194
    spectral_decrease:
        dmean: 2.56473037252e-010
        dmean2: 4.24821566813e-010
        dvar: 9.2352905934e-020
        dvar2: 2.39022807737e-019
        max: 4.07808172653e-029
        mean: -1.02243358224e-009
        median: -9.84809012117e-010
        min: -3.74344910625e-009
        var: 3.70827834493e-019
    spectral_energy:
        dmean: 0.00120658345986
        dmean2: 0.00200287718326
        dvar: 2.21144409807e-006
        dvar2: 5.76448610445e-006
        max: 0.0184286087751
        mean: 0.0047166920267
        median: 0.00449640396982
        min: 1.08731647518e-020
        var: 8.16224201117e-006
    spectral_energyband_high:
        dmean: 0.000236200721702
        dmean2: 0.00039753303281
        dvar: 1.82838476803e-007
        dvar2: 4.62673369839e-007
        max: 0.00852600950748
        mean: 0.000515734427609
        median: 0.00039590994129
        min: 7.79640103213e-021
        var: 3.16099828979e-007
    spectral_energyband_low:
        dmean: 0.000146510385093
        dmean2: 0.000247511721682
        dvar: 4.86132236688e-008
        dvar2: 1.34096495685e-007
        max: 0.0026744636707
        mean: 0.000237246058532
        median: 0.000160598516231
        min: 2.45395489849e-023
        var: 6.96464041994e-008
    spectral_energyband_middle_high:
        dmean: 0.000795267289504
        dmean2: 0.00130793743301
        dvar: 1.03048648725e-006
        dvar2: 2.62130220108e-006
        max: 0.0141302933916
        mean: 0.00255344458856
        median: 0.00216502463445
        min: 1.64399289175e-021
        var: 4.03922331316e-006
    spectral_energyband_middle_low:
        dmean: 0.000554439844564
        dmean2: 0.000887087429874
        dvar: 4.75542492495e-007
        dvar2: 1.19769777029e-006
        max: 0.010096212849
        mean: 0.00157151778694
        median: 0.00112772535067
        min: 2.9130742488e-022
        var: 1.87170951449e-006
    spectral_flatness_db:
        dmean: 0.0146673247218
        dmean2: 0.0232193209231
        dvar: 0.000202878523851
        dvar2: 0.000482236966491
        max: 0.41351133585
        mean: 0.15389919281
        median: 0.139650478959
        min: 0.0502346158028
        var: 0.00240020407364
    spectral_flux:
        dmean: 0.00784602481872
        dmean2: 0.01243140921
        dvar: 7.23859629943e-005
        dvar2: 0.000163046424859
        max: 0.119495533407
        mean: 0.0398743823171
        median: 0.0400721020997
        min: 1.04274471002e-010
        var: 0.000323752174154
    spectral_kurtosis:
        dmean: 1.21279633045
        dmean2: 2.05801415443
        dvar: 3.68901085854
        dvar2: 10.6731510162
        max: 54.3542861938
        mean: 3.81817603111
        median: 3.08812117577
        min: -1.2271553278
        var: 11.5779399872
    spectral_rms:
        dmean: 0.000261703215074
        dmean2: 0.000428462517448
        dvar: 8.17640426476e-008
        dvar2: 2.0890050223e-007
        max: 0.00424018036574
        mean: 0.00201474130154
        median: 0.00209445366636
        min: 3.25698712791e-012
        var: 5.4244844705e-007
    spectral_rolloff:
        dmean: 350.614929199
        dmean2: 573.788391113
        dvar: 231474.234375
        dvar2: 481404.03125
        max: 19250.6835938
        mean: 3335.60375977
        median: 3617.578125
        min: 172.265625
        var: 1270156
    spectral_skewness:
        dmean: 0.171831175685
        dmean2: 0.280602663755
        dvar: 0.0364863872528
        dvar2: 0.0938492789865
        max: 5.50021123886
        mean: 1.31001806259
        median: 1.23522257805
        min: -0.00247418344952
        var: 0.250160992146
    spectral_spread:
        dmean: 421262.90625
        dmean2: 614519.1875
        dvar: 322676031488
        dvar2: 517376114688
        max: 40482888
        mean: 4533365
        median: 4440716
        min: 1370270.5
        var: 1.79775065293e+012
    spectral_strongpeak:
        dmean: 0.57063794136
        dmean2: 0.969754517078
        dvar: 0.815812408924
        dvar2: 2.10381913185
        max: 12.2954778671
        mean: 0.940248072147
        median: 0.454466849566
        min: 6.42211483992e-009
        var: 1.49653244019
    zerocrossingrate:
        dmean: 0.00842725019902
        dmean2: 0.0099632916972
        dvar: 8.45513568493e-005
        dvar2: 9.96919188765e-005
        max: 0.48681640625
        mean: 0.104001611471
        median: 0.107421875
        min: 0.017578125
        var: 0.00120847125072
    barkbands:
        dmean: [6.09210417224e-007, 5.74846817472e-005, 7.5672789535e-005, 0.00011758889741, 0.000216375250602, 0.000127827152028, 8.47698174766e-005, 0.000100552468211, 0.000205480173463, 0.000149392712046, 7.66844896134e-005, 7.92427526903e-005, 7.56240624469e-005, 7.14243215043e-005, 7.82514835009e-005, 9.94909423753e-005, 0.000137186740176, 0.000173944601556, 0.000336408731528, 0.00022358984279, 0.000104690312583, 4.76398454339e-005, 9.19356807572e-006, 3.22906907968e-006, 1.98132215701e-006, 7.19357799994e-008, 4.55263826638e-010]
        dmean2: [1.05269748474e-006, 0.000100381570519, 0.000130184416776, 0.00018922315212, 0.00036142670433, 0.000208777186344, 0.000140645905049, 0.000164127748576, 0.000327321497025, 0.000233547834796, 0.000122552344692, 0.000127144739963, 0.000122230499983, 0.000114463364298, 0.000125585167552, 0.000164123121067, 0.000225538096856, 0.000288279581582, 0.000568247225601, 0.000381951307645, 0.000177107402124, 7.94391162344e-005, 1.49325596794e-005, 4.94001415063e-006, 3.10212885779e-006, 1.12082943815e-007, 7.50644879588e-010]
        dvar: [1.83779228814e-012, 1.26628485475e-008, 1.54111745587e-008, 3.63843923878e-008, 1.56287484288e-007, 4.9468116714e-008, 3.61168162044e-008, 6.19642150923e-008, 1.58681956464e-007, 1.10739968306e-007, 2.69282498522e-008, 2.52352450048e-008, 2.56286121214e-008, 3.15559915975e-008, 3.05663157008e-008, 3.60285348222e-008, 5.00255339375e-008, 7.88345388969e-008, 2.33628625779e-007, 1.28462147586e-007, 3.28855129794e-008, 9.43600309e-009, 6.18814666176e-010, 1.23887816672e-010, 6.55417317641e-011, 7.00910344847e-014, 8.45891696503e-019]
        dvar2: [4.80749121068e-012, 3.53970861511e-008, 4.2819984003e-008, 8.26170207802e-008, 4.07638651723e-007, 1.17016035972e-007, 9.33967143624e-008, 1.53551681592e-007, 4.02421505896e-007, 2.57531695524e-007, 6.64872317202e-008, 5.91574469411e-008, 6.22033766717e-008, 7.67432482007e-008, 7.36671168511e-008, 8.94621194902e-008, 1.23886835013e-007, 1.99543180202e-007, 6.21962385594e-007, 3.29887797079e-007, 8.81570230149e-008, 2.27978667056e-008, 1.46694389969e-009, 2.83199075302e-010, 1.44654163647e-010, 1.46027978663e-013, 1.88695159206e-018]
        max: [1.18371626741e-005, 0.000838403357193, 0.00204739416949, 0.0047084512189, 0.00660717207938, 0.00500974804163, 0.0039322739467, 0.00600727042183, 0.00911737885326, 0.00631681736559, 0.00510258134454, 0.00437273224816, 0.00345556717366, 0.00433621322736, 0.00529333949089, 0.00534646818414, 0.0045205024071, 0.00500124366954, 0.00694127008319, 0.00943283457309, 0.00462503265589, 0.00170105078723, 0.000549150747247, 0.000261532404693, 0.0002153168316, 9.10959261091e-006, 2.19331663942e-008]
        mean: [5.50974561975e-007, 6.52736998745e-005, 0.000101505065686, 0.000169471793924, 0.000323228072375, 0.000218562840018, 0.000124417580082, 0.000156443027663, 0.000416213122662, 0.000289984804112, 0.000146083606523, 0.000138179879286, 0.000128858111566, 0.000123730846099, 0.000132918226882, 0.000176312125404, 0.00025554804597, 0.000312499934807, 0.000674447626807, 0.000445878802566, 0.000209957099287, 8.3676444774e-005, 1.47245727931e-005, 5.25327004652e-006, 2.84420093521e-006, 1.19173577673e-007, 7.38263727929e-010]
        median: [7.19394677162e-008, 3.11072981276e-005, 5.79052466492e-005, 7.53461645218e-005, 0.000157944159582, 0.000107637650217, 5.20956964465e-005, 3.91847825085e-005, 0.000125794380438, 7.34524510335e-005, 3.82610378438e-005, 5.61893139093e-005, 4.82215182274e-005, 4.61711133539e-005, 6.21884464636e-005, 0.000104355596704, 0.000158420953085, 0.000195278320462, 0.000505770905875, 0.000323705258779, 0.000157600603416, 5.6488399423e-005, 7.89880141383e-006, 2.48709625339e-006, 8.93281139724e-007, 3.95739121473e-008, 3.10199033127e-010]
        min: [1.59761341148e-023, 1.20142537678e-023, 5.03505894988e-024, 1.30427643051e-023, 6.05194333408e-023, 4.57887149579e-023, 3.00846084821e-023, 1.11197706982e-022, 2.2807391875e-023, 2.46674738247e-023, 1.43193009152e-022, 9.33996733632e-023, 5.18121791511e-023, 2.98940619704e-022, 1.23969705826e-022, 1.3940642632e-022, 1.46903962311e-022, 2.81245447236e-022, 3.10738722428e-022, 2.55352634189e-022, 4.87640994994e-022, 4.95182050864e-022, 5.77707604815e-022, 7.79341058035e-022, 1.37829090736e-021, 1.48058786519e-021, 2.76990717739e-021]
        var: [1.57535627338e-012, 1.07948592287e-008, 1.85997492963e-008, 7.75191537628e-008, 2.38187354284e-007, 1.13528301426e-007, 5.29980539454e-008, 1.41865413639e-007, 6.67254710152e-007, 3.88878390822e-007, 9.69417044416e-008, 6.84147920538e-008, 5.91884443679e-008, 6.45782520792e-008, 5.85721728896e-008, 7.14826953185e-008, 1.06385165566e-007, 1.51340785237e-007, 4.92177889555e-007, 2.69566044153e-007, 5.12292217536e-008, 1.38899496349e-008, 8.38957125993e-010, 1.73825259742e-010, 9.07221450741e-011, 1.12112745574e-013, 1.60317766695e-018]
    frequency_bands:
        dmean: [6.09210417224e-007, 5.74846817472e-005, 7.5672789535e-005, 0.00011758889741, 0.000216375250602, 0.000127827152028, 8.47698174766e-005, 0.000100552468211, 0.000205480173463, 0.000149392712046, 7.66844896134e-005, 7.92427526903e-005, 7.56240624469e-005, 7.14243215043e-005, 7.82514835009e-005, 9.94909423753e-005, 0.000137186740176, 0.000173944601556, 0.000336408731528, 0.00022358984279, 0.000104690312583, 4.76398454339e-005, 9.19356807572e-006, 3.22906907968e-006, 1.98132215701e-006, 7.19357799994e-008, 4.55263826638e-010, 5.70939996669e-011]
        dmean2: [1.05269748474e-006, 0.000100381570519, 0.000130184416776, 0.00018922315212, 0.00036142670433, 0.000208777186344, 0.000140645905049, 0.000164127748576, 0.000327321497025, 0.000233547834796, 0.000122552344692, 0.000127144739963, 0.000122230499983, 0.000114463364298, 0.000125585167552, 0.000164123121067, 0.000225538096856, 0.000288279581582, 0.000568247225601, 0.000381951307645, 0.000177107402124, 7.94391162344e-005, 1.49325596794e-005, 4.94001415063e-006, 3.10212885779e-006, 1.12082943815e-007, 7.50644879588e-010, 1.06413572398e-010]
        dvar: [1.83779228814e-012, 1.26628485475e-008, 1.54111745587e-008, 3.63843923878e-008, 1.56287484288e-007, 4.9468116714e-008, 3.61168162044e-008, 6.19642150923e-008, 1.58681956464e-007, 1.10739968306e-007, 2.69282498522e-008, 2.52352450048e-008, 2.56286121214e-008, 3.15559915975e-008, 3.05663157008e-008, 3.60285348222e-008, 5.00255339375e-008, 7.88345388969e-008, 2.33628625779e-007, 1.28462147586e-007, 3.28855129794e-008, 9.43600309e-009, 6.18814666176e-010, 1.23887816672e-010, 6.55417317641e-011, 7.00910344847e-014, 8.45891696503e-019, 7.49921054768e-021]
        dvar2: [4.80749121068e-012, 3.53970861511e-008, 4.2819984003e-008, 8.26170207802e-008, 4.07638651723e-007, 1.17016035972e-007, 9.33967143624e-008, 1.53551681592e-007, 4.02421505896e-007, 2.57531695524e-007, 6.64872317202e-008, 5.91574469411e-008, 6.22033766717e-008, 7.67432482007e-008, 7.36671168511e-008, 8.94621194902e-008, 1.23886835013e-007, 1.99543180202e-007, 6.21962385594e-007, 3.29887797079e-007, 8.81570230149e-008, 2.27978667056e-008, 1.46694389969e-009, 2.83199075302e-010, 1.44654163647e-010, 1.46027978663e-013, 1.88695159206e-018, 2.42173167105e-020]
        max: [1.18371626741e-005, 0.000838403357193, 0.00204739416949, 0.0047084512189, 0.00660717207938, 0.00500974804163, 0.0039322739467, 0.00600727042183, 0.00911737885326, 0.00631681736559, 0.00510258134454, 0.00437273224816, 0.00345556717366, 0.00433621322736, 0.00529333949089, 0.00534646818414, 0.0045205024071, 0.00500124366954, 0.00694127008319, 0.00943283457309, 0.00462503265589, 0.00170105078723, 0.000549150747247, 0.000261532404693, 0.0002153168316, 9.10959261091e-006, 2.19331663942e-008, 1.2134433458e-009]
        mean: [5.50974561975e-007, 6.52736998745e-005, 0.000101505065686, 0.000169471793924, 0.000323228072375, 0.000218562840018, 0.000124417580082, 0.000156443027663, 0.000416213122662, 0.000289984804112, 0.000146083606523, 0.000138179879286, 0.000128858111566, 0.000123730846099, 0.000132918226882, 0.000176312125404, 0.00025554804597, 0.000312499934807, 0.000674447626807, 0.000445878802566, 0.000209957099287, 8.3676444774e-005, 1.47245727931e-005, 5.25327004652e-006, 2.84420093521e-006, 1.19173577673e-007, 7.38263727929e-010, 4.38603493802e-011]
        median: [7.19394677162e-008, 3.11072981276e-005, 5.79052466492e-005, 7.53461645218e-005, 0.000157944159582, 0.000107637650217, 5.20956964465e-005, 3.91847825085e-005, 0.000125794380438, 7.34524510335e-005, 3.82610378438e-005, 5.61893139093e-005, 4.82215182274e-005, 4.61711133539e-005, 6.21884464636e-005, 0.000104355596704, 0.000158420953085, 0.000195278320462, 0.000505770905875, 0.000323705258779, 0.000157600603416, 5.6488399423e-005, 7.89880141383e-006, 2.48709625339e-006, 8.93281139724e-007, 3.95739121473e-008, 3.10199033127e-010, 1.50281644767e-011]
        min: [1.59761341148e-023, 1.20142537678e-023, 5.03505894988e-024, 1.30427643051e-023, 6.05194333408e-023, 4.57887149579e-023, 3.00846084821e-023, 1.11197706982e-022, 2.2807391875e-023, 2.46674738247e-023, 1.43193009152e-022, 9.33996733632e-023, 5.18121791511e-023, 2.98940619704e-022, 1.23969705826e-022, 1.3940642632e-022, 1.46903962311e-022, 2.81245447236e-022, 3.10738722428e-022, 2.55352634189e-022, 4.87640994994e-022, 4.95182050864e-022, 5.77707604815e-022, 7.79341058035e-022, 1.37829090736e-021, 1.48058786519e-021, 2.76990717739e-021, 7.18415601141e-022]
        var: [1.57535627338e-012, 1.07948592287e-008, 1.85997492963e-008, 7.75191537628e-008, 2.38187354284e-007, 1.13528301426e-007, 5.29980539454e-008, 1.41865413639e-007, 6.67254710152e-007, 3.88878390822e-007, 9.69417044416e-008, 6.84147920538e-008, 5.91884443679e-008, 6.45782520792e-008, 5.85721728896e-008, 7.14826953185e-008, 1.06385165566e-007, 1.51340785237e-007, 4.92177889555e-007, 2.69566044153e-007, 5.12292217536e-008, 1.38899496349e-008, 8.38957125993e-010, 1.73825259742e-010, 9.07221450741e-011, 1.12112745574e-013, 1.60317766695e-018, 5.71374483055e-021]
    mfcc:
        mean: [-714.238769531, 92.7551803589, -50.681186676, 49.0120162964, -25.0677623749, -6.98472118378, -0.376393765211, -1.97611892223, -2.8713965416, -5.6498093605, -4.39301156998, -8.5264787674, -5.32691287994]
        cov: [[6950.69726563, -220.970977783, -682.518554688, 673.795715332, -116.573326111, 593.494140625, 269.539733887, 147.756988525, 209.370407104, 148.010437012, -22.2425670624, -111.235229492, -57.9852256775], [-220.970977783, 1144.46520996, 102.319297791, -36.8663139343, 41.5487632751, -118.292930603, 19.0279445648, -5.85910081863, -5.3694524765, -50.0185317993, -7.47098684311, -4.57087039948, 8.31886196136], [-682.518554688, 102.319297791, 716.060302734, 10.2868461609, 207.152832031, -50.1024589539, 1.71412527561, 46.839050293, -19.9007797241, 3.95296359062, -18.9206943512, 49.4364433289, 15.2963008881], [673.795715332, -36.8663139343, 10.2868461609, 474.369262695, 127.583564758, 138.065109253, 54.0086288452, -7.21955251694, 64.0275726318, 24.7186946869, 2.01105856895, 10.8691949844, 49.7831420898], [-116.573326111, 41.5487632751, 207.152832031, 127.583564758, 275.288299561, 53.7401542664, 16.6001052856, 12.5145435333, 23.577255249, 9.59282207489, -16.537694931, 20.0856800079, 28.791261673], [593.494140625, -118.292930603, -50.1024589539, 138.065109253, 53.7401542664, 241.936920166, 135.468948364, 49.7518730164, 44.8223953247, 50.3956871033, 11.9649343491, 1.49921488762, 14.758020401], [269.539733887, 19.0279445648, 1.71412527561, 54.0086288452, 16.6001052856, 135.468948364, 213.629592896, 95.85987854, 56.2510223389, 36.4361991882, 19.2012901306, 20.5504550934, 20.6525039673], [147.756988525, -5.85910081863, 46.839050293, -7.21955251694, 12.5145435333, 49.7518730164, 95.85987854, 158.282012939, 71.9330444336, 49.9675636292, 18.063041687, 22.4605731964, 4.68913650513], [209.370407104, -5.3694524765, -19.9007797241, 64.0275726318, 23.577255249, 44.8223953247, 56.2510223389, 71.9330444336, 126.316253662, 59.3599662781, 24.6617088318, 6.71451759338, 10.9908714294], [148.010437012, -50.0185317993, 3.95296359062, 24.7186946869, 9.59282207489, 50.3956871033, 36.4361991882, 49.9675636292, 59.3599662781, 111.307365417, 45.4099235535, 24.6084747314, -2.59171366692], [-22.2425670624, -7.47098684311, -18.9206943512, 2.01105856895, -16.537694931, 11.9649343491, 19.2012901306, 18.063041687, 24.6617088318, 45.4099235535, 93.0208969116, 38.4318656921, 14.1913223267], [-111.235229492, -4.57087039948, 49.4364433289, 10.8691949844, 20.0856800079, 1.49921488762, 20.5504550934, 22.4605731964, 6.71451759338, 24.6084747314, 38.4318656921, 87.1238250732, 40.5476570129], [-57.9852256775, 8.31886196136, 15.2963008881, 49.7831420898, 28.791261673, 14.758020401, 20.6525039673, 4.68913650513, 10.9908714294, -2.59171366692, 14.1913223267, 40.5476570129, 87.9082107544]]
        icov: [[0.000236816165852, -4.31444277638e-005, 0.000147516097059, -0.000295978708891, 0.000219294757699, -0.00048871821491, 0.000154526758706, -0.000226472737268, -5.15756182722e-005, -8.15859893919e-005, 0.000194012158317, 6.75966657582e-005, 0.000229780882364], [-4.31444277638e-005, 0.00101508607622, -6.25844186288e-005, 2.7963278626e-005, -0.000325252738548, 0.000999000272714, -0.000771084160078, 0.000203652351047, -9.0100322268e-005, 0.000331763614668, -0.000249951379374, 0.000282380467979, -8.92119496712e-005], [0.000147516097059, -6.25844186288e-005, 0.00223972974345, -0.000180427974556, -0.00164555676747, 0.000755000626668, -0.000241653760895, -0.00107056309935, 0.00110075762495, -0.000550077646039, 0.00057880039094, -0.000754709704779, 0.000442586955614], [-0.000295978708891, 2.7963278626e-005, -0.000180427974556, 0.00356576102786, -0.00121639214922, -0.0011294009164, 9.88503306871e-005, 0.00161083554849, -0.00174440711271, 0.00044118668302, -5.39444044989e-005, -0.000179778813617, -0.00138422264718], [0.000219294757699, -0.000325252738548, -0.00164555676747, -0.00121639214922, 0.00625110510737, -0.00230996194296, 0.00128738128114, 0.00016729804338, -0.00130516092759, 0.000137453331263, 0.00149771943688, -0.000741371128242, -0.000552885700017], [-0.00048871821491, 0.000999000272714, 0.000755000626668, -0.0011294009164, -0.00230996194296, 0.0108099719509, -0.00624581286684, 0.000599743623752, 0.00200307858177, -0.00301563297398, -0.000239816406975, 0.00194971507881, -0.000731496373191], [0.000154526758706, -0.000771084160078, -0.000241653760895, 9.88503306871e-005, 0.00128738128114, -0.00624581286684, 0.0106146493927, -0.00440950645134, -0.00123124255333, 0.00167693570256, -0.00026168813929, -0.00123242917471, -0.000656563031953], [-0.000226472737268, 0.000203652351047, -0.00107056309935, 0.00161083554849, 0.00016729804338, 0.000599743623752, -0.00440950645134, 0.012489314191, -0.00550135830417, -0.00138047907967, 0.00102932984009, -0.00209828931838, 0.000768444151618], [-5.15756182722e-005, -9.0100322268e-005, 0.00110075762495, -0.00174440711271, -0.00130516092759, 0.00200307858177, -0.00123124255333, -0.00550135830417, 0.0153505513445, -0.00608521094546, -0.00115852884483, 0.00351650221273, -0.00208885897882], [-8.15859893919e-005, 0.000331763614668, -0.000550077646039, 0.00044118668302, 0.000137453331263, -0.00301563297398, 0.00167693570256, -0.00138047907967, -0.00608521094546, 0.0169485677034, -0.00559418043122, -0.00338808516972, 0.00362790701911], [0.000194012158317, -0.000249951379374, 0.00057880039094, -5.39444044989e-005, 0.00149771943688, -0.000239816406975, -0.00026168813929, 0.00102932984009, -0.00115852884483, -0.00559418043122, 0.016689799726, -0.00623025512323, -0.000202897688723], [6.75966657582e-005, 0.000282380467979, -0.000754709704779, -0.000179778813617, -0.000741371128242, 0.00194971507881, -0.00123242917471, -0.00209828931838, 0.00351650221273, -0.00338808516972, -0.00623025512323, 0.0203119497746, -0.0083347056061], [0.000229780882364, -8.92119496712e-005, 0.000442586955614, -0.00138422264718, -0.000552885700017, -0.000731496373191, -0.000656563031953, 0.000768444151618, -0.00208885897882, 0.00362790701911, -0.000202897688723, -0.0083347056061, 0.0169047936797]]
    sccoeffs:
        dmean: [0.0554995276034, 0.049417834729, 0.0411154702306, 0.0311843026429, 0.0221310164779, 0.0180198792368]
        dmean2: [0.0909202322364, 0.0821599215269, 0.0674220025539, 0.0513671003282, 0.0362824052572, 0.0285358428955]
        dvar: [0.00204958417453, 0.00165066844784, 0.0012058877619, 0.000721303978935, 0.000416847586166, 0.000255164282862]
        dvar2: [0.00537608144805, 0.004446498584, 0.00304150930606, 0.00187965878285, 0.00103664794005, 0.000605560140684]
        max: [-0.231796726584, -0.34698292613, -0.448221325874, -0.492442667484, -0.541304051876, -0.474237293005]
        mean: [-0.664500415325, -0.749040186405, -0.755145311356, -0.78630644083, -0.790509939194, -0.730021119118]
        median: [-0.681159198284, -0.757439017296, -0.765527188778, -0.793685138226, -0.79552334547, -0.73067855835]
        min: [-0.959386467934, -0.969986915588, -0.969478011131, -0.965636372566, -0.956007182598, -0.956087768078]
        var: [0.00975553877652, 0.00577018316835, 0.00620983308181, 0.00289380690083, 0.00144781568088, 0.00239655282348]
    scvalleys:
        dmean: [0.391842782497, 0.38666844368, 0.339560627937, 0.294727176428, 0.26543456316, 0.291176736355]
        dmean2: [0.643136680126, 0.636170685291, 0.552238702774, 0.472952783108, 0.424570292234, 0.453029245138]
        dvar: [0.116555117071, 0.117659024894, 0.102947257459, 0.0843628644943, 0.0843492969871, 0.129968851805]
        dvar2: [0.291557133198, 0.29143923521, 0.244204714894, 0.191733419895, 0.187358766794, 0.290392756462]
        max: [-5.44361543655, -4.89672136307, -4.87645149231, -5.65090465546, -5.36192321777, -7.08973360062]
        mean: [-7.38354349136, -6.79740476608, -7.05204534531, -7.36877918243, -7.04144906998, -9.84190177917]
        median: [-6.87016248703, -6.63904953003, -6.88095808029, -7.08783912659, -6.67221593857, -9.47890472412]
        min: [-27.4487781525, -27.1480064392, -27.1433982849, -27.361246109, -27.2497558594, -27.3394680023]
        var: [2.44335842133, 1.17784547806, 1.23453569412, 1.37974822521, 1.588367939, 2.0425722599]

rhythm:
    beats_loudness:
        dmean: 0.00170819542836
        dmean2: 0.00294214719906
        dvar: 2.66170241048e-006
        dvar2: 7.29999055693e-006
        max: 0.0163635779172
        mean: 0.00464194221422
        median: 0.00453354744241
        min: 1.64996211138e-010
        var: 7.37403934181e-006
    bpm: 95.201423645
    bpm_confidence: 0
    first_peak_bpm: 96
    first_peak_spread: 0.32075470686
    first_peak_weight: 0.296907216311
    onset_rate: 3.13731575012
    second_peak_bpm: 167
    second_peak_spread: 0
    second_peak_weight: 0.101030930877
    beats_loudness_band_ratio:
        dmean: [0.0947474241257, 0.10209672153, 0.120731189847, 0.0877289772034, 0.0929149985313, 0.103988222778]
        dmean2: [0.167535856366, 0.178476855159, 0.207441359758, 0.155549779534, 0.164642065763, 0.177399665117]
        dvar: [0.00855114124715, 0.0112947970629, 0.0162900164723, 0.0113424928859, 0.00733510078862, 0.010278377682]
        dvar2: [0.0254766829312, 0.0307825319469, 0.0427356474102, 0.0344970040023, 0.021715708077, 0.026120044291]
        max: [0.593232035637, 0.827224910259, 0.942678630352, 0.85249966383, 0.656274855137, 0.847420573235]
        mean: [0.148141309619, 0.157703205943, 0.174952492118, 0.122174240649, 0.197173967957, 0.268992036581]
        median: [0.132256627083, 0.129102855921, 0.111908510327, 0.0781097561121, 0.183182969689, 0.248369961977]
        min: [1.41496559536e-006, 3.85623388865e-005, 0.011211915873, 0.0032955352217, 0.00958732422441, 0.00193705852143]
        var: [0.013047773391, 0.0204698424786, 0.0269505567849, 0.0141433309764, 0.0114673431963, 0.0260943882167]
    beats_position: [0.394739210606, 0.777868449688, 1.16099774837, 1.53251695633, 1.90403628349, 2.27555561066, 2.65868473053, 3.04181408882, 3.41333317757, 3.79646253586, 4.17959165573, 4.55111122131, 4.92263031006, 5.2941493988, 5.65405893326, 6.01396799088, 6.37387752533, 6.72217655182, 7.08208608627, 7.4303855896, 7.76707458496, 8.10376358032, 8.44045352936, 8.77714252472, 9.11383247375, 9.45052146912, 9.77560043335, 10.1006803513, 10.4373693466, 10.774058342, 11.110748291, 11.4590473175, 11.7957363129, 12.1904764175, 12.5852155685, 12.9683446884, 13.4443531036, 13.9087524414, 14.3731517792, 14.8375511169, 15.3135595322, 15.7895689011, 16.2655773163, 16.7415866852, 17.2175960541, 17.8561439514, 18.4946937561, 19.1448516846, 19.7834014893, 20.4219493866, 21.0721092224, 21.733877182, 22.3724250793, 23.010974884, 23.6379127502, 24.2648525238, 24.89179039, 25.5303401947, 26.168888092, 26.7958278656, 27.4227657318, 28.0497055054, 28.6766433716, 29.3035831451, 29.9305210114, 30.5574588776, 31.1960086823, 31.8113365173, 32.4382743835, 33.0652160645, 33.6921539307, 34.3190917969, 34.9576416016, 35.5961914063, 36.2231292725, 36.8500671387, 37.4770050049, 38.1039466858, 38.730884552, 39.3578224182, 39.9847602844, 40.6116981506, 41.2386398315, 41.8655776978, 42.492515564, 43.1310653687, 43.7580032349, 44.3849411011, 45.0234909058, 45.650428772, 46.2657585144, 46.8926963806, 47.5196380615, 48.1465759277, 48.7851219177, 49.4120635986, 50.0390014648, 50.6659393311, 51.2928771973, 51.9198188782, 52.5467567444, 53.1853065491, 53.8238525391, 54.45079422, 55.0777320862, 55.7046699524, 56.3316078186, 56.9585494995, 57.5738754272, 58.1892051697, 58.8161430359, 59.4430847168, 60.070022583, 60.708568573, 61.3471183777, 61.9740562439, 62.6009979248, 63.227935791, 63.8664855957, 64.5050354004, 65.1319732666, 65.7589111328, 66.385848999, 67.0127868652, 67.6397247314, 68.2550582886, 68.8703842163, 69.4973220825, 70.1242599487, 70.7511978149, 71.3781356812, 72.0166854858, 72.6552352905, 73.2821731567, 73.9091110229, 74.5360565186, 75.1629943848, 75.789932251, 76.4168701172, 77.0438079834, 77.6707458496, 78.3092956543, 78.947845459, 79.5747833252, 80.2017211914, 80.8286590576, 81.4555969238, 82.08253479, 82.7094802856, 83.3364181519, 83.9633560181, 84.5902938843, 85.2172317505, 85.8441696167, 86.4711074829, 87.0980453491, 87.7365951538, 88.3751449585, 89.0020828247, 89.6290206909, 90.2559585571, 90.8829040527, 91.5098419189, 92.1367797852, 92.7637176514, 93.3906555176, 94.0175933838, 94.64453125, 95.2714691162, 95.8984146118, 96.5369567871, 97.1755065918, 97.802444458, 98.4293823242, 99.0563278198, 99.6716537476, 100.286979675, 100.913917542, 101.564079285, 102.191017151, 102.817955017, 103.444892883, 104.071838379, 104.698776245, 105.325714111, 105.987480164, 106.649246216, 107.311019897, 107.961174011, 108.599723816, 109.249885559, 109.900039673, 110.538589478, 111.188751221, 111.838912964, 112.489067078, 113.127616882, 113.777778625, 114.404716492, 115.031654358, 115.670204163, 116.308753967, 116.935691833, 117.5626297, 118.189567566, 118.816505432, 119.443443298, 120.070381165, 120.697319031, 121.335868835, 121.97441864, 122.601356506, 123.228294373, 123.92489624, 124.621498108, 125.318092346, 126.014694214, 126.711288452, 127.396278381, 128.092880249, 128.777862549, 129.474472046, 130.171066284, 130.867660522, 131.564254761, 132.260864258, 132.957458496, 133.654052734, 134.350662231, 135.035644531, 135.720626831, 136.417236328, 137.113830566, 137.810424805, 138.507034302, 139.20362854, 139.88861084, 140.573608398, 141.270202637, 141.966796875, 142.663391113, 143.36000061, 144.056594849, 144.741577148, 145.426574707, 146.123168945, 146.819763184, 147.516372681, 148.212966919, 148.909561157, 149.606170654, 150.291152954, 150.976135254, 151.672744751, 152.369338989, 153.065933228, 153.762542725, 154.459136963, 155.144119263, 155.829116821, 156.52571106, 157.222305298, 157.918914795, 158.603897095, 159.288879395, 159.985488892, 160.68208313, 161.36706543, 162.052062988, 162.748657227, 163.445251465, 164.141860962, 164.8384552, 165.535049438, 166.231658936, 166.858596802, 167.485534668, 168.124084473, 168.762634277, 169.412780762, 170.051330566, 170.70149231, 171.351654053, 172.013427734, 172.65196228, 173.290512085, 173.917449951, 174.544403076, 175.171340942, 175.798278809, 176.425216675, 177.052154541, 177.679092407, 178.306030273, 178.93296814, 179.559906006, 180.186843872, 180.825393677, 181.440719604, 182.067657471, 182.694595337, 183.321533203, 183.948471069, 184.575408936, 185.202362061, 185.829299927, 186.456237793, 187.083175659, 187.710113525, 188.34866333, 188.987213135, 189.614151001, 190.241088867, 190.868026733, 191.4949646, 192.145126343, 192.783676147, 193.410614014, 194.03755188, 194.652877808, 195.279815674, 195.90675354, 196.533691406, 197.160629272, 197.659866333, 198.159088135, 198.658325195, 199.157546997, 199.656768799, 200.144393921, 200.632019043, 201.131240845, 201.642089844, 202.152923584, 202.652145386, 203.151382446, 203.63899231, 204.13822937, 204.637451172, 205.125076294, 205.612701416, 206.088699341, 206.564712524, 207.040725708, 207.516723633, 207.981124878, 208.457138062, 208.933151245, 209.409164429, 209.873550415, 210.33795166, 210.813964844, 211.289978027, 211.754379272, 212.218765259, 212.694778442, 213.159179688, 213.623580933, 214.087982178, 214.575592041, 215.051605225, 215.527618408, 215.992019653, 216.45640564, 216.932418823, 217.408432007, 217.88444519, 218.360443115, 218.82484436, 219.289245605, 219.753646851, 220.218048096, 220.705657959, 221.181671143, 221.657684326, 222.122085571, 222.586486816, 223.062484741, 223.538497925, 224.014511108, 224.490524292, 224.954910278, 225.419311523, 225.895324707, 226.371337891, 226.847335815, 227.323348999, 227.787750244, 228.252151489, 228.716552734, 229.180953979, 229.656951904, 230.132965088, 230.597366333, 231.061767578, 231.537780762, 232.013778687, 232.478179932, 232.942581177, 233.314102173, 233.662399292, 234.02230835, 234.382217407, 234.753738403, 235.125259399, 235.496780396, 235.868301392, 236.239807129, 236.622940063, 237.006072998, 237.377593994, 237.74911499, 238.097412109, 238.445709229, 238.794006348, 239.153915405, 239.513824463, 239.862121582, 240.21043396, 240.570343018, 240.930252075, 241.278549194, 241.638458252, 241.99836731, 242.369888306, 242.718185425, 243.078094482, 243.43800354, 243.797912598, 244.146209717, 244.506118774, 244.866027832, 245.22593689, 245.574234009, 245.934143066, 246.294052124, 246.642349243, 247.002258301, 247.362167358, 247.722076416, 248.081985474, 248.441894531, 248.801803589, 249.150115967, 249.498413086, 249.858322144, 250.218231201, 250.578140259, 250.938049316, 251.297958374, 251.657867432, 252.017776489, 252.366073608, 252.714370728, 253.074279785, 253.434188843, 253.7940979, 254.154006958, 254.513916016, 254.873825073, 255.233734131, 255.58203125, 255.930328369, 256.290252686, 256.650146484, 257.010070801, 257.3699646, 257.729888916, 258.089782715, 258.438079834, 258.79800415, 259.157897949, 259.506195068, 259.877716064, 260.237640381, 260.620758057, 260.992279053, 261.549560547, 262.095245361, 262.640899658, 263.198181152, 263.755462646, 264.312744141, 264.870025635, 265.438903809, 265.996185303]
