
metadata:
    version:
        essentia: "2.1-beta2"
    audio_properties:
        analysis_sample_rate: 44100
        bitrate: 320
        channels: 2
        equal_loudness: 1
        length: 260.545318604
        replay_gain: -13.1768684387
        downmix: "mix"
    tags:
        album: "This War Is Ours"
        artist: "Escape The Fate"
        comment: ""
        date: ""
        genre: ""
        title: "Harder Than You Know"
        tracknumber: "10"

configuration:
    average_loudness:
        compute: 1
        frameSize: 88200
        hopSize: 44100
        silentFrames: "noise"
        windowType: "hann"
    general:
        analysisSampleRate: 44100
        endTime: 2000
        equalLoudness: 1
        nequalLoudness: 0
        shortSound: 0
        startTime: 0
    lowlevel:
        compute: 1
        frameSize: 2048
        hopSize: 1024
        zeroPadding: 0
        silentFrames: "noise"
        windowType: "blackmanharris62"
        mfccStats: ["mean", "cov", "icov"]
        stats: ["mean", "var", "median", "min", "max", "dmean", "dmean2", "dvar", "dvar2"]
    panning:
        compute: 0
        frameSize: 8192
        hopSize: 2048
        zeroPadding: 8192
        silentFrames: "noise"
        windowType: "hann"
        stats: ["copy"]
    rhythm:
        compute: 1
        maxTempo: 208
        minTempo: 40
        method: "degara"
        stats: ["mean", "var", "median", "min", "max", "dmean", "dmean2", "dvar", "dvar2"]
    segmentation:
        compute: 0
        cpw: 5
        inc1: 300
        inc2: 50
        minimumSegmentsLength: 10
        size1: 1000
        size2: 600
    sfx:
        compute: 1
        stats: ["mean", "var", "median", "min", "max", "dmean", "dmean2", "dvar", "dvar2"]
    svm:
        compute: 0
    tonal:
        compute: 1
        frameSize: 4096
        hopSize: 2048
        zeroPadding: 0
        silentFrames: "noise"
        windowType: "blackmanharris62"
        stats: ["mean", "var", "median", "min", "max", "dmean", "dmean2", "dvar", "dvar2"]

lowlevel:
    average_loudness: 0.596496701241
    barkbands_kurtosis:
        dmean: 2.1711742878
        dmean2: 3.39803266525
        dvar: 54.2534408569
        dvar2: 140.322921753
        max: 287.076324463
        mean: 4.72746706009
        median: 1.06448292732
        min: -1.92329907417
        var: 222.3828125
    barkbands_skewness:
        dmean: 0.393672645092
        dmean2: 0.584510624409
        dvar: 0.250185191631
        dvar2: 0.536164283752
        max: 14.5125417709
        mean: 1.10190069675
        median: 0.92258566618
        min: -4.40841722488
        var: 2.68054699898
    barkbands_spread:
        dmean: 3.61020708084
        dmean2: 5.47617673874
        dvar: 24.2005176544
        dvar2: 51.1989097595
        max: 75.7074508667
        mean: 18.3083000183
        median: 16.6028251648
        min: 0.30692845583
        var: 127.63470459
    dissonance:
        dmean: 0.0227500777692
        dmean2: 0.0380919091403
        dvar: 0.000540699693374
        dvar2: 0.00144177908078
        max: 0.500000059605
        mean: 0.44139328599
        median: 0.454454123974
        min: 0.153423979878
        var: 0.00238484353758
    hfc:
        dmean: 1.3013894558
        dmean2: 2.0162050724
        dvar: 7.16206789017
        dvar2: 17.5763473511
        max: 54.3381576538
        mean: 5.31549692154
        median: 2.64159154892
        min: 1.16984871781e-016
        var: 38.0018882751
    pitch:
        dmean: 239.082229614
        dmean2: 455.090362549
        dvar: 600962.125
        dvar2: 1496704.5
        max: 5513.46826172
        mean: 491.716888428
        median: 228.52180481
        min: 64.6744384766
        var: 805403.125
    pitch_instantaneous_confidence:
        dmean: 0.0720583721995
        dmean2: 0.112997956574
        dvar: 0.00567975873128
        dvar2: 0.0123742045835
        max: 0.961147427559
        mean: 0.551697969437
        median: 0.559002995491
        min: 0.10696798563
        var: 0.0308005586267
    pitch_salience:
        dmean: 0.0546067245305
        dmean2: 0.087146691978
        dvar: 0.00262962281704
        dvar2: 0.00644174870104
        max: 0.850362181664
        mean: 0.56285828352
        median: 0.574214875698
        min: 0.0688134655356
        var: 0.0139500740916
    silence_rate_20dB:
        dmean: 0
        dmean2: 0
        dvar: 0
        dvar2: 0
        max: 1
        mean: 1
        median: 1
        min: 1
        var: 0
    silence_rate_30dB:
        dmean: 0
        dmean2: 0
        dvar: 0
        dvar2: 0
        max: 1
        mean: 1
        median: 1
        min: 1
        var: 0
    silence_rate_60dB:
        dmean: 0.0589965246618
        dmean2: 0.118003562093
        dvar: 0.0555150993168
        dvar2: 0.120651893318
        max: 1
        mean: 0.516307234764
        median: 1
        min: 0
        var: 0.249742791057
    spectral_centroid:
        dmean: 165.46156311
        dmean2: 246.163726807
        dvar: 88583.375
        dvar2: 159190.171875
        max: 11152.125
        mean: 1150.25646973
        median: 979.508728027
        min: 83.6727600098
        var: 568242.375
    spectral_complexity:
        dmean: 1.91979324818
        dmean2: 3.14349365234
        dvar: 7.09350919724
        dvar2: 17.4594402313
        max: 46
        mean: 9.84815502167
        median: 8
        min: 0
        var: 54.3729934692
    spectral_crest:
        dmean: 1.9508472681
        dmean2: 3.07831931114
        dvar: 3.63301086426
        dvar2: 8.88519001007
        max: 25.8172359467
        mean: 10.0813179016
        median: 9.17918968201
        min: 2.33807468414
        var: 20.4636478424
    spectral_decrease:
        dmean: 1.62291236006e-010
        dmean2: 2.53914028692e-010
        dvar: 4.77646397431e-020
        dvar2: 1.12099607086e-019
        max: -2.73992028572e-030
        mean: -8.50150616571e-010
        median: -7.21031123696e-010
        min: -3.74310804574e-009
        var: 4.26762976586e-019
    spectral_energy:
        dmean: 0.000713230168913
        dmean2: 0.00111615564674
        dvar: 1.01853754586e-006
        dvar2: 2.42076725954e-006
        max: 0.018172070384
        mean: 0.00369079131633
        median: 0.00304580666125
        min: 1.06212123227e-020
        var: 8.69922587299e-006
    spectral_energyband_high:
        dmean: 9.03724867385e-005
        dmean2: 0.000144007615745
        dvar: 7.56192193307e-008
        dvar2: 1.87585385447e-007
        max: 0.00558667024598
        mean: 0.000192604202311
        median: 3.91941866837e-005
        min: 7.44802147713e-021
        var: 1.31524558356e-007
    spectral_energyband_low:
        dmean: 7.11825705366e-005
        dmean2: 0.000117556053738
        dvar: 1.85890502991e-008
        dvar2: 5.28128012434e-008
        max: 0.00240597897209
        mean: 0.000168889324414
        median: 0.000113536843855
        min: 6.40929795524e-023
        var: 3.93859984626e-008
    spectral_energyband_middle_high:
        dmean: 0.000449232611572
        dmean2: 0.00068054680014
        dvar: 6.33488809854e-007
        dvar2: 1.39333531024e-006
        max: 0.0154638104141
        mean: 0.00185231375508
        median: 0.000669608009048
        min: 1.41634121553e-021
        var: 5.34250375495e-006
    spectral_energyband_middle_low:
        dmean: 0.000408897351008
        dmean2: 0.000630882568657
        dvar: 3.24347126934e-007
        dvar2: 7.71379461639e-007
        max: 0.0102309240028
        mean: 0.00162399909459
        median: 0.00121717713773
        min: 3.95406469188e-022
        var: 1.94862832359e-006
    spectral_flatness_db:
        dmean: 0.016489578411
        dmean2: 0.0252131223679
        dvar: 0.000284182868199
        dvar2: 0.000619926606305
        max: 0.508745253086
        mean: 0.196379870176
        median: 0.184892266989
        min: 0.0449186675251
        var: 0.00431260839105
    spectral_flux:
        dmean: 0.00637235166505
        dmean2: 0.00995569583029
        dvar: 5.54835678486e-005
        dvar2: 0.000126519982587
        max: 0.11147749424
        mean: 0.0264705885202
        median: 0.0226557571441
        min: 1.03059269452e-010
        var: 0.000341408216627
    spectral_kurtosis:
        dmean: 2.73370480537
        dmean2: 4.5333609581
        dvar: 29.1403999329
        dvar2: 79.9230575562
        max: 155.883636475
        mean: 8.17318248749
        median: 5.30861520767
        min: -1.25417327881
        var: 117.689987183
    spectral_rms:
        dmean: 0.000174356886419
        dmean2: 0.000268894655164
        dvar: 4.22822665769e-008
        dvar2: 9.39911046771e-008
        max: 0.00421056384221
        mean: 0.00172093033325
        median: 0.00172380940057
        min: 3.21903072774e-012
        var: 6.39157065052e-007
    spectral_rolloff:
        dmean: 315.256744385
        dmean2: 511.636016846
        dvar: 350695.28125
        dvar2: 665531.4375
        max: 18346.2890625
        mean: 1938.92883301
        median: 1658.05664063
        min: 86.1328125
        var: 1940047.125
    spectral_skewness:
        dmean: 0.27680632472
        dmean2: 0.441737025976
        dvar: 0.13092122972
        dvar2: 0.334620773792
        max: 10.3935785294
        mean: 2.03235960007
        median: 1.81898462772
        min: -0.02963135764
        var: 0.980389118195
    spectral_spread:
        dmean: 532681
        dmean2: 771563.8125
        dvar: 712885338112
        dvar2: 1.18729329869e+012
        max: 44138416
        mean: 4164621.75
        median: 3912788
        min: 489335.90625
        var: 2.89993313485e+012
    spectral_strongpeak:
        dmean: 0.366410583258
        dmean2: 0.603707969189
        dvar: 0.438170969486
        dvar2: 1.07714283466
        max: 13.5142726898
        mean: 0.905894696712
        median: 0.418116867542
        min: 2.65781719549e-011
        var: 1.34651470184
    zerocrossingrate:
        dmean: 0.00690895551816
        dmean2: 0.00796007271856
        dvar: 0.000105458275357
        dvar2: 0.000109591514047
        max: 0.49072265625
        mean: 0.0652453303337
        median: 0.05810546875
        min: 0.00341796875
        var: 0.00135627540294
    barkbands:
        dmean: [8.68042704383e-008, 1.68936931004e-005, 4.04461316066e-005, 7.24275450921e-005, 0.000160952011356, 0.000116421550047, 7.84814255894e-005, 6.07986512478e-005, 0.000117172727187, 0.00014658056898, 6.77002244629e-005, 5.3654457588e-005, 3.65502237401e-005, 8.10880083009e-005, 0.000107077044959, 8.28220145195e-005, 7.19661620678e-005, 0.000106580126157, 0.000112471811008, 7.09227679181e-005, 4.32913657278e-005, 1.87969126273e-005, 4.155550414e-006, 1.45151034303e-006, 1.02316732864e-006, 5.01634040972e-008, 2.7903265809e-010]
        dmean2: [1.51437376417e-007, 2.82191813312e-005, 6.70637236908e-005, 0.000124463724205, 0.000253856560448, 0.000187662488315, 0.000126433762489, 8.99176229723e-005, 0.000167429461726, 0.000204180178116, 9.74674258032e-005, 8.26627292554e-005, 5.69703443034e-005, 0.00012189186964, 0.000167127785971, 0.00012618220353, 0.000116127870569, 0.000166086509125, 0.000182417003089, 0.000115652175737, 7.09781161277e-005, 2.99539551634e-005, 6.55088933854e-006, 2.22907897296e-006, 1.57317049343e-006, 7.86695864008e-008, 4.81232498295e-010]
        dvar: [2.17551250994e-013, 2.17734985597e-009, 7.45429762361e-009, 2.9183096828e-008, 9.5048925175e-008, 4.0695958603e-008, 3.43885950826e-008, 2.44515341308e-008, 7.84626692507e-008, 1.68911768128e-007, 5.27897938696e-008, 1.80245027792e-008, 1.20682086546e-008, 5.77191379136e-008, 9.67990345657e-008, 7.96654546775e-008, 3.63298546802e-008, 6.75458764476e-008, 8.62127791379e-008, 3.457888198e-008, 1.94674125709e-008, 5.49086109913e-009, 2.85935802813e-010, 5.63569989287e-011, 3.17854700893e-011, 3.47034616213e-014, 3.92685978782e-019]
        dvar2: [5.9313377777e-013, 6.16708994983e-009, 2.05718091451e-008, 9.61217736517e-008, 2.31745488577e-007, 1.03143122487e-007, 8.27426376304e-008, 5.63416122645e-008, 1.6285562765e-007, 3.11252932761e-007, 1.0109453541e-007, 4.04672633181e-008, 2.7252303525e-008, 1.18686983797e-007, 2.20336929146e-007, 1.81032575597e-007, 9.03598618152e-008, 1.52824696897e-007, 2.25279549682e-007, 8.63987850153e-008, 5.14173414956e-008, 1.33434054916e-008, 6.62849719557e-010, 1.1803996669e-010, 7.60786086906e-011, 8.5248695852e-014, 1.05267707857e-018]
        max: [6.06801040703e-006, 0.000928615045268, 0.00179739901796, 0.00394254177809, 0.00705691752955, 0.004230434075, 0.00584946107119, 0.00420786440372, 0.00759718334302, 0.0109908813611, 0.00863117352128, 0.00586717249826, 0.00352134485729, 0.00859266798943, 0.00887127500027, 0.00855354778469, 0.00538592366502, 0.00700566871092, 0.0128450272605, 0.00362179544754, 0.00294940383174, 0.00272965803742, 0.000543923000805, 0.000274535617791, 0.000210715501453, 7.15333726475e-006, 1.76377596972e-008]
        mean: [8.0590872642e-008, 3.3849839383e-005, 7.8302626207e-005, 0.000128722560476, 0.000398967938963, 0.00028567694244, 0.000157141243108, 0.00014788423141, 0.000316594727337, 0.00041568063898, 0.000167850172147, 0.000103546888568, 6.71902598697e-005, 0.000149079744006, 0.00020004659018, 0.000156585985678, 0.000141322627314, 0.000230078177992, 0.000238670167164, 0.000154647321324, 7.8049430158e-005, 3.12092925014e-005, 6.26959763395e-006, 2.03669765142e-006, 1.25044675769e-006, 6.37220765043e-008, 2.98579327929e-010]
        median: [3.73555586464e-009, 1.346193676e-005, 3.7586207327e-005, 5.41070694453e-005, 0.000207452118048, 0.000168385813595, 7.38199159969e-005, 4.62598691229e-005, 9.39721940085e-005, 7.16785361874e-005, 3.48724024661e-005, 3.01300879073e-005, 1.55496218213e-005, 2.11200931517e-005, 3.19864993799e-005, 1.98521811399e-005, 2.89320014417e-005, 5.21518450114e-005, 5.4137170082e-005, 2.88910196105e-005, 1.38397726914e-005, 6.52137896395e-006, 1.54550184561e-006, 3.147142138e-007, 1.82971206186e-007, 1.07886943823e-008, 1.04385999844e-010]
        min: [2.80362349007e-024, 2.25881106315e-023, 2.97319277041e-023, 1.61813988778e-023, 5.73396864932e-023, 8.33067913043e-023, 1.01726882768e-022, 8.83041983176e-024, 1.05144430158e-022, 7.69275192884e-023, 5.39175889537e-023, 6.67004993212e-023, 1.13941466185e-022, 5.67097526614e-023, 1.03231574991e-022, 1.85861712965e-022, 1.40898585121e-022, 1.00914072046e-022, 1.99285411891e-022, 2.2389023596e-022, 2.61363930992e-022, 5.07105336348e-022, 5.62373865379e-022, 7.02910558982e-022, 9.4427049203e-022, 1.48431128866e-021, 2.36497561036e-021]
        var: [1.5389802605e-013, 3.1253648558e-009, 1.32100979044e-008, 5.01004322473e-008, 3.69190132687e-007, 1.43706103017e-007, 6.67890560635e-008, 7.49307531578e-008, 4.0256887246e-007, 1.19796163744e-006, 2.89117423335e-007, 5.10861539738e-008, 3.3790406917e-008, 1.65476052416e-007, 2.70440608574e-007, 2.33231716606e-007, 1.01955755838e-007, 2.33377932091e-007, 2.37646162304e-007, 8.49683488013e-008, 2.81375047706e-008, 6.76818823209e-009, 3.79268200179e-010, 8.71293037719e-011, 3.42564969447e-011, 3.92614001206e-014, 3.83523764426e-019]
    frequency_bands:
        dmean: [8.68042704383e-008, 1.68936931004e-005, 4.04461316066e-005, 7.24275450921e-005, 0.000160952011356, 0.000116421550047, 7.84814255894e-005, 6.07986512478e-005, 0.000117172727187, 0.00014658056898, 6.77002244629e-005, 5.3654457588e-005, 3.65502237401e-005, 8.10880083009e-005, 0.000107077044959, 8.28220145195e-005, 7.19661620678e-005, 0.000106580126157, 0.000112471811008, 7.09227679181e-005, 4.32913657278e-005, 1.87969126273e-005, 4.155550414e-006, 1.45151034303e-006, 1.02316732864e-006, 5.01634040972e-008, 2.7903265809e-010, 4.23932000615e-011]
        dmean2: [1.51437376417e-007, 2.82191813312e-005, 6.70637236908e-005, 0.000124463724205, 0.000253856560448, 0.000187662488315, 0.000126433762489, 8.99176229723e-005, 0.000167429461726, 0.000204180178116, 9.74674258032e-005, 8.26627292554e-005, 5.69703443034e-005, 0.00012189186964, 0.000167127785971, 0.00012618220353, 0.000116127870569, 0.000166086509125, 0.000182417003089, 0.000115652175737, 7.09781161277e-005, 2.99539551634e-005, 6.55088933854e-006, 2.22907897296e-006, 1.57317049343e-006, 7.86695864008e-008, 4.81232498295e-010, 7.86798334818e-011]
        dvar: [2.17551250994e-013, 2.17734985597e-009, 7.45429762361e-009, 2.9183096828e-008, 9.5048925175e-008, 4.0695958603e-008, 3.43885950826e-008, 2.44515341308e-008, 7.84626692507e-008, 1.68911768128e-007, 5.27897938696e-008, 1.80245027792e-008, 1.20682086546e-008, 5.77191379136e-008, 9.67990345657e-008, 7.96654546775e-008, 3.63298546802e-008, 6.75458764476e-008, 8.62127791379e-008, 3.457888198e-008, 1.94674125709e-008, 5.49086109913e-009, 2.85935802813e-010, 5.63569989287e-011, 3.17854700893e-011, 3.47034616213e-014, 3.92685978782e-019, 4.89013426167e-021]
        dvar2: [5.9313377777e-013, 6.16708994983e-009, 2.05718091451e-008, 9.61217736517e-008, 2.31745488577e-007, 1.03143122487e-007, 8.27426376304e-008, 5.63416122645e-008, 1.6285562765e-007, 3.11252932761e-007, 1.0109453541e-007, 4.04672633181e-008, 2.7252303525e-008, 1.18686983797e-007, 2.20336929146e-007, 1.81032575597e-007, 9.03598618152e-008, 1.52824696897e-007, 2.25279549682e-007, 8.63987850153e-008, 5.14173414956e-008, 1.33434054916e-008, 6.62849719557e-010, 1.1803996669e-010, 7.60786086906e-011, 8.5248695852e-014, 1.05267707857e-018, 1.57798240465e-020]
        max: [6.06801040703e-006, 0.000928615045268, 0.00179739901796, 0.00394254177809, 0.00705691752955, 0.004230434075, 0.00584946107119, 0.00420786440372, 0.00759718334302, 0.0109908813611, 0.00863117352128, 0.00586717249826, 0.00352134485729, 0.00859266798943, 0.00887127500027, 0.00855354778469, 0.00538592366502, 0.00700566871092, 0.0128450272605, 0.00362179544754, 0.00294940383174, 0.00272965803742, 0.000543923000805, 0.000274535617791, 0.000210715501453, 7.15333726475e-006, 1.76377596972e-008, 1.04875230722e-009]
        mean: [8.0590872642e-008, 3.3849839383e-005, 7.8302626207e-005, 0.000128722560476, 0.000398967938963, 0.00028567694244, 0.000157141243108, 0.00014788423141, 0.000316594727337, 0.00041568063898, 0.000167850172147, 0.000103546888568, 6.71902598697e-005, 0.000149079744006, 0.00020004659018, 0.000156585985678, 0.000141322627314, 0.000230078177992, 0.000238670167164, 0.000154647321324, 7.8049430158e-005, 3.12092925014e-005, 6.26959763395e-006, 2.03669765142e-006, 1.25044675769e-006, 6.37220765043e-008, 2.98579327929e-010, 3.29455317194e-011]
        median: [3.73555586464e-009, 1.346193676e-005, 3.7586207327e-005, 5.41070694453e-005, 0.000207452118048, 0.000168385813595, 7.38199159969e-005, 4.62598691229e-005, 9.39721940085e-005, 7.16785361874e-005, 3.48724024661e-005, 3.01300879073e-005, 1.55496218213e-005, 2.11200931517e-005, 3.19864993799e-005, 1.98521811399e-005, 2.89320014417e-005, 5.21518450114e-005, 5.4137170082e-005, 2.88910196105e-005, 1.38397726914e-005, 6.52137896395e-006, 1.54550184561e-006, 3.147142138e-007, 1.82971206186e-007, 1.07886943823e-008, 1.04385999844e-010, 9.62533698579e-012]
        min: [2.80362349007e-024, 2.25881106315e-023, 2.97319277041e-023, 1.61813988778e-023, 5.73396864932e-023, 8.33067913043e-023, 1.01726882768e-022, 8.83041983176e-024, 1.05144430158e-022, 7.69275192884e-023, 5.39175889537e-023, 6.67004993212e-023, 1.13941466185e-022, 5.67097526614e-023, 1.03231574991e-022, 1.85861712965e-022, 1.40898585121e-022, 1.00914072046e-022, 1.99285411891e-022, 2.2389023596e-022, 2.61363930992e-022, 5.07105336348e-022, 5.62373865379e-022, 7.02910558982e-022, 9.4427049203e-022, 1.48431128866e-021, 2.36497561036e-021, 5.14911398995e-022]
        var: [1.5389802605e-013, 3.1253648558e-009, 1.32100979044e-008, 5.01004322473e-008, 3.69190132687e-007, 1.43706103017e-007, 6.67890560635e-008, 7.49307531578e-008, 4.0256887246e-007, 1.19796163744e-006, 2.89117423335e-007, 5.10861539738e-008, 3.3790406917e-008, 1.65476052416e-007, 2.70440608574e-007, 2.33231716606e-007, 1.01955755838e-007, 2.33377932091e-007, 2.37646162304e-007, 8.49683488013e-008, 2.81375047706e-008, 6.76818823209e-009, 3.79268200179e-010, 8.71293037719e-011, 3.42564969447e-011, 3.92614001206e-014, 3.83523764426e-019, 3.87597649945e-021]
    mfcc:
        mean: [-770.221069336, 127.725563049, -36.8851356506, 36.4756278992, -20.9337902069, -9.40420436859, -8.68937015533, -5.84048557281, -6.51349067688, -9.53182697296, -6.95132064819, -15.3096990585, -9.29238510132]
        cov: [[9575.27148438, -610.041931152, -2352.76416016, 1014.67657471, -494.151550293, 436.014892578, 177.780181885, 278.36315918, 572.543640137, 580.615112305, 322.958404541, 54.6362190247, 166.103256226], [-610.041931152, 1161.57128906, 137.968643188, -109.742980957, 5.47985696793, -163.666885376, -64.9432830811, -22.9916877747, -76.7338409424, -77.2406921387, 4.54569625854, -44.4646644592, -58.9269065857], [-2352.76416016, 137.968643188, 1079.61816406, -257.524475098, 97.1472473145, -80.4351959229, -22.1395149231, -89.551864624, -196.566390991, -176.18939209, -69.3163833618, -4.90311717987, -28.8703632355], [1014.67657471, -109.742980957, -257.524475098, 395.287841797, 63.7036399841, 66.211265564, 20.0743560791, 36.3589553833, 118.418380737, 72.569442749, 36.891254425, 46.3515853882, 56.8062210083], [-494.151550293, 5.47985696793, 97.1472473145, 63.7036399841, 320.307189941, 11.207485199, -26.4059963226, -0.469812363386, 34.5421638489, -1.42625975609, -42.6973724365, 62.6278533936, 34.0411987305], [436.014892578, -163.666885376, -80.4351959229, 66.211265564, 11.207485199, 231.201629639, 130.757095337, 48.8145599365, 65.407371521, 76.2309265137, 43.4413452148, 32.2480430603, 54.8417816162], [177.780181885, -64.9432830811, -22.1395149231, 20.0743560791, -26.4059963226, 130.757095337, 248.059020996, 64.6109390259, 37.4446334839, 64.695602417, 37.3702468872, 38.5358810425, 60.7624778748], [278.36315918, -22.9916877747, -89.551864624, 36.3589553833, -0.469812363386, 48.8145599365, 64.6109390259, 148.962692261, 78.7620544434, 58.2411003113, 44.4520339966, 25.4640903473, 20.220741272], [572.543640137, -76.7338409424, -196.566390991, 118.418380737, 34.5421638489, 65.407371521, 37.4446334839, 78.7620544434, 199.733840942, 109.169830322, 44.8029747009, 41.4487190247, 34.3315505981], [580.615112305, -77.2406921387, -176.18939209, 72.569442749, -1.42625975609, 76.2309265137, 64.695602417, 58.2411003113, 109.169830322, 188.473739624, 95.0162658691, 28.5120372772, 33.4428901672], [322.958404541, 4.54569625854, -69.3163833618, 36.891254425, -42.6973724365, 43.4413452148, 37.3702468872, 44.4520339966, 44.8029747009, 95.0162658691, 152.599716187, 36.4973831177, 11.9658412933], [54.6362190247, -44.4646644592, -4.90311717987, 46.3515853882, 62.6278533936, 32.2480430603, 38.5358810425, 25.4640903473, 41.4487190247, 28.5120372772, 36.4973831177, 130.638671875, 71.0985107422], [166.103256226, -58.9269065857, -28.8703632355, 56.8062210083, 34.0411987305, 54.8417816162, 60.7624778748, 20.220741272, 34.3315505981, 33.4428901672, 11.9658412933, 71.0985107422, 123.390472412]]
        icov: [[0.000338620389812, 6.9289089879e-006, 0.000496249878779, -0.000512585742399, 0.000523804570548, -0.000314846809488, 0.000179149181349, -6.08640839346e-005, 2.22783046411e-006, -0.000291524280328, 4.41438241978e-005, -6.28702691756e-005, -7.29147650418e-005], [6.9289089879e-006, 0.00101342564449, 1.45253334267e-005, 0.000141864991747, -0.000241576475673, 0.000753288913984, -0.00022338279814, -7.29800085537e-005, 8.52606262924e-006, 0.00039582158206, -0.000620441744104, 0.000390936271288, -8.2056667452e-006], [0.000496249878779, 1.45253334267e-005, 0.00215066620149, -3.65136220353e-005, 4.24147292506e-005, -0.000356271164492, -0.000116430346679, 0.000171944644535, 0.000653613940813, 0.00053115922492, -0.00044701929437, -0.000151611995534, -0.000160388051881], [-0.000512585742399, 0.000141864991747, -3.65136220353e-005, 0.00445480551571, -0.00160855043214, 0.000219204433961, -0.000121611054055, 0.00052008847706, -0.00140691187698, 0.00105804379564, -0.000895212229807, 0.000331102841301, -0.000979948439635], [0.000523804570548, -0.000241576475673, 4.24147292506e-005, -0.00160855043214, 0.00529683101922, -0.00118733197451, 0.00142323563341, -0.000285250367597, -0.000461119867396, -0.00162454170641, 0.0026345110964, -0.00268466724083, 0.000202323572012], [-0.000314846809488, 0.000753288913984, -0.000356271164492, 0.000219204433961, -0.00118733197451, 0.00787221081555, -0.00351192988455, 0.000149503393914, -0.000797397573479, -4.43758544861e-005, -0.00125818152446, 0.00119765195996, -0.00120127026457], [0.000179149181349, -0.00022338279814, -0.000116430346679, -0.000121611054055, 0.00142323563341, -0.00351192988455, 0.00708399293944, -0.00207238877192, 0.000910276314244, -0.00165191001724, 0.000979278353043, -0.000899888400454, -0.0016816634452], [-6.08640839346e-005, -7.29800085537e-005, 0.000171944644535, 0.00052008847706, -0.000285250367597, 0.000149503393914, -0.00207238877192, 0.00969645753503, -0.00337642733939, 0.000547339906916, -0.0017073135823, -9.1313777375e-005, 0.000300909130601], [2.22783046411e-006, 8.52606262924e-006, 0.000653613940813, -0.00140691187698, -0.000461119867396, -0.000797397573479, 0.000910276314244, -0.00337642733939, 0.0102917039767, -0.00439196359366, 0.00156983861234, -0.00171083444729, 0.000548810116015], [-0.000291524280328, 0.00039582158206, 0.00053115922492, 0.00105804379564, -0.00162454170641, -4.43758544861e-005, -0.00165191001724, 0.000547339906916, -0.00439196359366, 0.0126693565398, -0.0066578653641, 0.0023961996194, -0.00153655081522], [4.41438241978e-005, -0.000620441744104, -0.00044701929437, -0.000895212229807, 0.0026345110964, -0.00125818152446, 0.000979278353043, -0.0017073135823, 0.00156983861234, -0.0066578653641, 0.0124599616975, -0.00469460850582, 0.0024462393485], [-6.28702691756e-005, 0.000390936271288, -0.000151611995534, 0.000331102841301, -0.00268466724083, 0.00119765195996, -0.000899888400454, -9.1313777375e-005, -0.00171083444729, 0.0023961996194, -0.00469460850582, 0.0141831887886, -0.00714075611904], [-7.29147650418e-005, -8.2056667452e-006, -0.000160388051881, -0.000979948439635, 0.000202323572012, -0.00120127026457, -0.0016816634452, 0.000300909130601, 0.000548810116015, -0.00153655081522, 0.0024462393485, -0.00714075611904, 0.0140102021396]]
    sccoeffs:
        dmean: [0.0432662554085, 0.0398235693574, 0.0344823747873, 0.02976334095, 0.0214635767043, 0.0190595388412]
        dmean2: [0.0720511451364, 0.0654629468918, 0.0538970939815, 0.0477371141315, 0.0336937792599, 0.0296027529985]
        dvar: [0.00134130357765, 0.00117469660472, 0.000871428695973, 0.000654837873299, 0.000378157244995, 0.000308751798002]
        dvar2: [0.00369040318765, 0.0031344438903, 0.00206968118437, 0.00155515619554, 0.000866109272465, 0.000681812467519]
        max: [-0.235414117575, -0.393798410892, -0.422187656164, -0.522365510464, -0.579478085041, -0.554774701595]
        mean: [-0.598366558552, -0.701739966869, -0.720997154713, -0.74518340826, -0.779095709324, -0.751986443996]
        median: [-0.619092822075, -0.706295728683, -0.728646337986, -0.747097492218, -0.783458709717, -0.749091088772]
        min: [-0.958436489105, -0.967455804348, -0.972153425217, -0.96251642704, -0.96089977026, -0.958292841911]
        var: [0.0133417826146, 0.00622772146016, 0.00701791094616, 0.00393184926361, 0.0023641937878, 0.00222637481056]
    scvalleys:
        dmean: [0.359323769808, 0.303158462048, 0.285087227821, 0.248113319278, 0.236007198691, 0.326807707548]
        dmean2: [0.598257899284, 0.498626202345, 0.460044533014, 0.398781597614, 0.358750939369, 0.45973071456]
        dvar: [0.102924525738, 0.0814115256071, 0.0764189139009, 0.0682087913156, 0.0915581956506, 0.181381747127]
        dvar2: [0.255610734224, 0.185399129987, 0.168381899595, 0.139553576708, 0.171240732074, 0.3408459723]
        max: [-5.63549470901, -4.72723197937, -5.27135515213, -5.66820859909, -5.56681394577, -7.13584089279]
        mean: [-7.89717674255, -7.03553009033, -7.74822473526, -8.19456100464, -8.32084274292, -10.8426198959]
        median: [-7.41318511963, -6.7419924736, -7.46484851837, -7.96857738495, -8.16374397278, -10.588098526]
        min: [-27.5752258301, -27.081029892, -27.1141548157, -27.3608608246, -27.4202899933, -27.3537769318]
        var: [2.65195226669, 1.82649505138, 2.01637649536, 2.47859406471, 2.8475317955, 2.71318435669]

rhythm:
    beats_loudness:
        dmean: 0.00146886776201
        dmean2: 0.00241816835478
        dvar: 2.24364043788e-006
        dvar2: 6.0702736846e-006
        max: 0.0127730714157
        mean: 0.00401795608923
        median: 0.00349959544837
        min: 8.77872514266e-012
        var: 8.56685346662e-006
    bpm: 108.294342041
    bpm_confidence: 0
    first_peak_bpm: 108
    first_peak_spread: 0.558673501015
    first_peak_weight: 0.361924678087
    onset_rate: 2.78646349907
    second_peak_bpm: 103
    second_peak_spread: 0.565217375755
    second_peak_weight: 0.0209205020219
    beats_loudness_band_ratio:
        dmean: [0.141545623541, 0.168532028794, 0.151607662439, 0.119599334896, 0.127095595002, 0.0793570801616]
        dmean2: [0.248226866126, 0.29409918189, 0.265973061323, 0.211605623364, 0.228599980474, 0.143968433142]
        dvar: [0.019988771528, 0.023792732507, 0.0221715904772, 0.0187223479152, 0.0259850677103, 0.0160951837897]
        dvar2: [0.0528544262052, 0.0693327486515, 0.0592721663415, 0.0522769354284, 0.0740377753973, 0.047933537513]
        max: [0.996741950512, 0.946717858315, 0.837522208691, 0.87584322691, 0.840924799442, 0.862529695034]
        mean: [0.195549249649, 0.284451037645, 0.210292130709, 0.13710039854, 0.173509076238, 0.0982204675674]
        median: [0.143643438816, 0.236148446798, 0.154332399368, 0.0832555741072, 0.0888470932841, 0.0548164993525]
        min: [0, 0, 0, 0, 0, 0]
        var: [0.0349196717143, 0.0547778047621, 0.0322953872383, 0.0235044043511, 0.0370957441628, 0.0151586346328]
    beats_position: [0.592108845711, 1.17260766029, 1.74149656296, 2.29877543449, 2.85605430603, 3.41333317757, 3.97061228752, 4.55111122131, 5.10838985443, 5.66566896439, 6.2229475975, 6.78022670746, 7.33750534058, 7.89478445053, 8.45206356049, 9.0093421936, 9.57823085785, 10.1471195221, 10.7043991089, 11.2732877731, 11.8421764374, 12.3994560242, 12.9567346573, 13.5140132904, 14.0712919235, 14.6285715103, 15.1858501434, 15.7431287766, 16.3004074097, 16.7183666229, 17.1247158051, 17.5310649872, 17.9258041382, 18.3205432892, 18.7268924713, 19.1448516846, 19.5512008667, 19.9575500488, 20.363899231, 20.7818584442, 21.1417675018, 21.5016784668, 21.8848075867, 22.2679367065, 22.6626758575, 23.0574150085, 23.4521541595, 23.8236732483, 24.195192337, 24.5667114258, 24.9266204834, 25.2981395721, 25.6696586609, 26.0411777496, 26.4243087769, 26.8538761139, 27.2834453583, 27.7130146027, 28.1309738159, 28.5489330292, 28.9668922424, 29.3964614868, 29.8840808868, 30.383310318, 30.8941497803, 31.4514274597, 32.0087051392, 32.5543746948, 33.111656189, 33.6689338684, 34.2262115479, 34.7951011658, 35.3523788452, 35.9212684631, 36.4901580811, 37.059047699, 37.6163253784, 38.1736030579, 38.7424926758, 39.3113822937, 39.8686599731, 40.4259414673, 40.9832191467, 41.5404968262, 42.1093864441, 42.678276062, 43.2355537415, 43.7928352356, 44.3617210388, 44.9306106567, 45.4878921509, 46.0451698303, 46.6024475098, 47.1597251892, 47.7402267456, 48.3207244873, 48.9128341675, 49.5629920959, 50.2131500244, 50.7820396423, 51.3393173218, 51.8965988159, 52.4538764954, 53.0111541748, 53.5684356689, 54.1257133484, 54.6829910278, 55.240272522, 55.8091583252, 56.3780479431, 56.946937561, 57.515827179, 58.0731048584, 58.6419944763, 59.2108840942, 59.7797737122, 60.3486595154, 60.9175491333, 61.4748306274, 62.0321083069, 62.5893859863, 63.1466636658, 63.7039451599, 64.2496109009, 64.806892395, 65.3641738892, 65.9098434448, 66.4555053711, 67.0011749268, 67.5352401733, 68.0692977905, 68.5685272217, 69.0677566528, 69.5785903931, 70.1474838257, 70.7047576904, 71.273651123, 71.8425369263, 72.3998184204, 72.9454879761, 73.5027618408, 74.060043335, 74.6289291382, 75.1978225708, 75.766708374, 76.3239898682, 76.8812713623, 77.4385452271, 77.9958267212, 78.5531082153, 79.1219940186, 79.6792755127, 80.2365493774, 80.7938308716, 81.3627166748, 81.9199981689, 82.4772796631, 83.0461654663, 83.6150588989, 84.1723327637, 84.7296142578, 85.2868881226, 85.8441696167, 86.4014511108, 86.9703369141, 87.5276184082, 88.0848999023, 88.6537857056, 89.2110671997, 89.7799530029, 90.3372344971, 90.8945083618, 91.4634017944, 92.0206756592, 92.5779571533, 93.1352386475, 93.6925125122, 94.2497940063, 94.8186798096, 95.3875732422, 95.9448471069, 96.5021286011, 97.0594100952, 97.6282958984, 98.1855773926, 98.7428588867, 99.3001327515, 99.8690261841, 100.426300049, 100.983581543, 101.540863037, 102.10974884, 102.678634644, 103.235916138, 103.793197632, 104.350471497, 104.907752991, 105.465034485, 106.045532227, 106.61441803, 107.171699524, 107.71736908, 108.274642944, 108.831924438, 109.389205933, 109.946479797, 110.503761292, 111.072654724, 111.641540527, 112.198822021, 112.756095886, 113.31337738, 113.882263184, 114.451156616, 115.008430481, 115.565711975, 116.122993469, 116.680267334, 117.237548828, 117.806434631, 118.375328064, 118.932601929, 119.489883423, 120.047164917, 120.604438782, 121.173332214, 121.742218018, 122.299499512, 122.856781006, 123.414054871, 123.971336365, 124.528617859, 125.085891724, 125.643173218, 126.200454712, 126.757728577, 127.326622009, 127.895507813, 128.464401245, 129.033279419, 129.590560913, 130.147842407, 130.705123901, 131.262405396, 131.81968689, 132.388565063, 132.957458496, 133.51473999, 134.072021484, 134.62928772, 135.198181152, 135.767074585, 136.324356079, 136.881637573, 137.438903809, 137.996185303, 138.553466797, 139.110748291, 139.668029785, 140.213699341, 140.759368896, 141.293426514, 141.827484131, 142.361541748, 142.895599365, 143.429656982, 143.9637146, 144.497772217, 145.031829834, 145.565887451, 146.099945068, 146.634017944, 147.168075562, 147.702133179, 148.236190796, 148.781860352, 149.327529907, 149.861587524, 150.384033203, 150.906478882, 151.440536499, 151.986206055, 152.53187561, 153.065933228, 153.599990845, 154.1456604, 154.668121338, 155.213790894, 155.759460449, 156.293518066, 156.827575684, 157.361633301, 157.895690918, 158.429748535, 158.963806152, 159.49786377, 160.031921387, 160.565979004, 161.100036621, 161.634094238, 162.168167114, 162.71383667, 163.247894287, 163.781951904, 164.316009521, 164.861679077, 165.395736694, 165.929794312, 166.463851929, 166.997909546, 167.531967163, 168.06602478, 168.600082397, 169.134140015, 169.668212891, 170.213867188, 170.759536743, 171.293609619, 171.827667236, 172.361724854, 172.895782471, 173.429840088, 173.963897705, 174.497955322, 175.032012939, 175.566070557, 176.100128174, 176.634185791, 177.168243408, 177.702316284, 178.236373901, 178.793640137, 179.350921631, 179.908203125, 180.465484619, 181.022766113, 181.591659546, 182.16053772, 182.717819214, 183.286712646, 183.85559082, 184.412872314, 184.981765747, 185.55065918, 186.131149292, 186.700042725, 187.24571228, 187.802993774, 188.360275269, 188.85949707, 189.358734131, 189.857955933, 190.438461304, 191.018951416, 191.587844849, 192.156738281, 192.725616455, 193.294509888, 193.86340332, 194.420669556, 194.97795105, 195.523620605, 196.069290161, 196.614959717, 197.160629272, 197.69468689, 198.240356445, 198.786026001, 199.331695557, 199.877365112, 200.423034668, 200.968704224, 201.525985718, 202.071655273, 202.605712891, 203.151382446, 203.70866394, 204.254333496, 204.800003052, 205.345672607, 205.891326904, 206.43699646, 206.982666016, 207.528335571, 208.074005127, 208.619674683, 209.165344238, 209.711013794, 210.25668335, 210.802352905, 211.348022461, 211.893692017, 212.439361572, 212.973419189, 213.519088745, 214.064758301, 214.610427856, 215.156097412, 215.690155029, 216.235824585, 216.781494141, 217.327163696, 217.872833252, 218.418502808, 218.975784302, 219.521453857, 220.055511475, 220.60118103, 221.146850586, 221.692520142, 222.238174438, 222.795455933, 223.341125488, 223.886795044, 224.4324646, 224.978134155, 225.535415649, 226.081085205, 226.626754761, 227.172424316, 227.718093872, 228.263763428, 228.809432983, 229.343490601, 229.889160156, 230.434829712, 230.992111206, 231.549377441, 232.106658936, 232.66394043, 233.232833862, 233.790115356, 234.35899353, 234.916275024, 235.473556519, 236.030838013, 236.588119507, 237.145385742, 237.702667236, 238.25994873, 238.817230225, 239.374511719, 239.943389893, 240.512283325, 241.081176758, 241.65007019, 242.207336426, 242.76461792, 243.321899414, 243.925613403, 244.529342651, 245.133056641, 245.73677063, 246.352111816, 246.83972168, 247.315734863, 247.791748047, 248.267745972, 248.732147217, 249.2081604, 249.672561646, 250.136962891, 250.612960815, 251.088973999, 251.564987183, 252.041000366, 252.633102417, 253.213607788, 253.7940979, 254.38621521, 254.978317261, 255.570419312, 256.162536621, 256.754638672, 257.3699646, 257.973693848, 258.589019775, 259.204345703, 259.808074951]
