
metadata:
    version:
        essentia: "2.1-beta2"
    audio_properties:
        analysis_sample_rate: 44100
        bitrate: 320
        channels: 2
        equal_loudness: 1
        length: 296.306945801
        replay_gain: -12.9098796844
        downmix: "mix"
    tags:
        album: "This War Is Ours"
        artist: "Escape The Fate"
        comment: ""
        date: ""
        genre: ""
        title: "It's Just Me"
        tracknumber: "11"

configuration:
    average_loudness:
        compute: 1
        frameSize: 88200
        hopSize: 44100
        silentFrames: "noise"
        windowType: "hann"
    general:
        analysisSampleRate: 44100
        endTime: 2000
        equalLoudness: 1
        nequalLoudness: 0
        shortSound: 0
        startTime: 0
    lowlevel:
        compute: 1
        frameSize: 2048
        hopSize: 1024
        zeroPadding: 0
        silentFrames: "noise"
        windowType: "blackmanharris62"
        mfccStats: ["mean", "cov", "icov"]
        stats: ["mean", "var", "median", "min", "max", "dmean", "dmean2", "dvar", "dvar2"]
    panning:
        compute: 0
        frameSize: 8192
        hopSize: 2048
        zeroPadding: 8192
        silentFrames: "noise"
        windowType: "hann"
        stats: ["copy"]
    rhythm:
        compute: 1
        maxTempo: 208
        minTempo: 40
        method: "degara"
        stats: ["mean", "var", "median", "min", "max", "dmean", "dmean2", "dvar", "dvar2"]
    segmentation:
        compute: 0
        cpw: 5
        inc1: 300
        inc2: 50
        minimumSegmentsLength: 10
        size1: 1000
        size2: 600
    sfx:
        compute: 1
        stats: ["mean", "var", "median", "min", "max", "dmean", "dmean2", "dvar", "dvar2"]
    svm:
        compute: 0
    tonal:
        compute: 1
        frameSize: 4096
        hopSize: 2048
        zeroPadding: 0
        silentFrames: "noise"
        windowType: "blackmanharris62"
        stats: ["mean", "var", "median", "min", "max", "dmean", "dmean2", "dvar", "dvar2"]

lowlevel:
    average_loudness: 0.658702552319
    barkbands_kurtosis:
        dmean: 0.777584016323
        dmean2: 1.24290573597
        dvar: 2.73010540009
        dvar2: 6.39079236984
        max: 79.808052063
        mean: -0.231835663319
        median: -0.780547916889
        min: -1.86454057693
        var: 5.21289157867
    barkbands_skewness:
        dmean: 0.371245265007
        dmean2: 0.572540283203
        dvar: 0.152314290404
        dvar2: 0.328865349293
        max: 8.7394952774
        mean: -0.146864384413
        median: -0.180885896087
        min: -6.83652639389
        var: 0.715089976788
    barkbands_spread:
        dmean: 4.83109283447
        dmean2: 7.64489364624
        dvar: 25.2073802948
        dvar2: 57.8743438721
        max: 85.1625900269
        mean: 27.0520935059
        median: 26.1355247498
        min: 1.42370736599
        var: 108.527511597
    dissonance:
        dmean: 0.014983041212
        dmean2: 0.0253862235695
        dvar: 0.000251896795817
        dvar2: 0.000689527369104
        max: 0.500000059605
        mean: 0.473779439926
        median: 0.480449855328
        min: 0.284492403269
        var: 0.000542112975381
    hfc:
        dmean: 2.00521063805
        dmean2: 3.27518296242
        dvar: 12.1928138733
        dvar2: 30.8767051697
        max: 62.4577255249
        mean: 7.23438596725
        median: 5.7643866539
        min: 1.31247146372e-016
        var: 45.2930641174
    pitch:
        dmean: 570.237731934
        dmean2: 1083.94909668
        dvar: 1187919.375
        dvar2: 2966225.5
        max: 5488.45751953
        mean: 1041.8013916
        median: 342.444519043
        min: 65.2030334473
        var: 1835903.5
    pitch_instantaneous_confidence:
        dmean: 0.0851059481502
        dmean2: 0.137071847916
        dvar: 0.00562815833837
        dvar2: 0.0136259794235
        max: 0.972870528698
        mean: 0.446742534637
        median: 0.419245779514
        min: 0.106639325619
        var: 0.0268269740045
    pitch_salience:
        dmean: 0.0592164807022
        dmean2: 0.0964082926512
        dvar: 0.00291849602945
        dvar2: 0.00730025302619
        max: 0.895443439484
        mean: 0.633951961994
        median: 0.64891576767
        min: 0.0942248925567
        var: 0.0111742913723
    silence_rate_20dB:
        dmean: 0
        dmean2: 0
        dvar: 0
        dvar2: 0
        max: 1
        mean: 1
        median: 1
        min: 1
        var: 0
    silence_rate_30dB:
        dmean: 0
        dmean2: 0
        dvar: 0
        dvar2: 0
        max: 1
        mean: 1
        median: 1
        min: 1
        var: 0
    silence_rate_60dB:
        dmean: 0.0684899315238
        dmean2: 0.136990591884
        dvar: 0.0638043358922
        dvar2: 0.144564285874
        max: 1
        mean: 0.513085722923
        median: 1
        min: 0
        var: 0.249817952514
    spectral_centroid:
        dmean: 258.828918457
        dmean2: 399.397613525
        dvar: 88332.359375
        dvar2: 173854.9375
        max: 10849.7421875
        mean: 1861.94677734
        median: 1836.36547852
        min: 243.978302002
        var: 442062.21875
    spectral_complexity:
        dmean: 3.00634741783
        dmean2: 4.91504716873
        dvar: 14.4902915955
        dvar2: 35.5329017639
        max: 49
        mean: 12.7773857117
        median: 12
        min: 0
        var: 95.7281417847
    spectral_crest:
        dmean: 1.9564987421
        dmean2: 3.21145486832
        dvar: 3.66910743713
        dvar2: 9.22124195099
        max: 26.3218078613
        mean: 7.14660549164
        median: 6.2844581604
        min: 2.19833421707
        var: 10.191485405
    spectral_decrease:
        dmean: 1.91449120446e-010
        dmean2: 3.09073489024e-010
        dvar: 8.78348066541e-020
        dvar2: 2.22426876312e-019
        max: 1.28946221825e-028
        mean: -7.81299136499e-010
        median: -6.60205667913e-010
        min: -4.20941637103e-009
        var: 4.16933356722e-019
    spectral_energy:
        dmean: 0.000877882353961
        dmean2: 0.00142138754018
        dvar: 1.91494541468e-006
        dvar2: 4.88143587063e-006
        max: 0.01943487674
        mean: 0.00360498065129
        median: 0.00308289844543
        min: 1.14178276422e-020
        var: 8.96868914424e-006
    spectral_energyband_high:
        dmean: 0.000158928130986
        dmean2: 0.000260527594946
        dvar: 1.10642311313e-007
        dvar2: 2.66352117251e-007
        max: 0.0087619042024
        mean: 0.000391022535041
        median: 0.000238356384216
        min: 7.94586303685e-021
        var: 2.51110208183e-007
    spectral_energyband_low:
        dmean: 0.000114723152365
        dmean2: 0.000194808788365
        dvar: 5.50770735686e-008
        dvar2: 1.48999632188e-007
        max: 0.00348751898855
        mean: 0.000185471770237
        median: 0.000101179466583
        min: 3.81042189317e-023
        var: 7.75651045615e-008
    spectral_energyband_middle_high:
        dmean: 0.000595244986471
        dmean2: 0.000962936668657
        dvar: 7.82508720931e-007
        dvar2: 1.93844016394e-006
        max: 0.0147703252733
        mean: 0.00213857740164
        median: 0.00165738910437
        min: 1.81444046458e-021
        var: 4.03540025218e-006
    spectral_energyband_middle_low:
        dmean: 0.000389240100048
        dmean2: 0.000614284130279
        dvar: 4.63116577976e-007
        dvar2: 1.11402584935e-006
        max: 0.00910078920424
        mean: 0.000988644198515
        median: 0.000628307112493
        min: 2.28167376679e-022
        var: 1.23953077491e-006
    spectral_flatness_db:
        dmean: 0.0148599045351
        dmean2: 0.0227827001363
        dvar: 0.0002125861065
        dvar2: 0.000457850168459
        max: 0.428023248911
        mean: 0.146853864193
        median: 0.141574263573
        min: 0.0590265281498
        var: 0.00137013453059
    spectral_flux:
        dmean: 0.0061611244455
        dmean2: 0.00977247860283
        dvar: 5.55423866899e-005
        dvar2: 0.00012243774836
        max: 0.131364002824
        mean: 0.0324015244842
        median: 0.0321357697248
        min: 1.06854233795e-010
        var: 0.000369698478607
    spectral_kurtosis:
        dmean: 1.0457290411
        dmean2: 1.71942293644
        dvar: 1.54429554939
        dvar2: 4.17415571213
        max: 43.4014129639
        mean: 3.91398692131
        median: 3.39303970337
        min: -1.12789452076
        var: 5.78216028214
    spectral_rms:
        dmean: 0.000207220335142
        dmean2: 0.000327369256411
        dvar: 6.93982968869e-008
        dvar2: 1.67818427599e-007
        max: 0.0043544061482
        mean: 0.00166567473207
        median: 0.00173427385744
        min: 3.33756546705e-012
        var: 7.42606687254e-007
    spectral_rolloff:
        dmean: 355.042907715
        dmean2: 573.095397949
        dvar: 216852.796875
        dvar2: 445551.15625
        max: 19659.8144531
        mean: 3270.60498047
        median: 3423.77929688
        min: 193.798828125
        var: 988245.5625
    spectral_skewness:
        dmean: 0.160229176283
        dmean2: 0.255378067493
        dvar: 0.0268358681351
        dvar2: 0.0625046044588
        max: 5.24875402451
        mean: 1.44914531708
        median: 1.39672911167
        min: 0.020678602159
        var: 0.161217659712
    spectral_spread:
        dmean: 519364.03125
        dmean2: 751167.75
        dvar: 537707249664
        dvar2: 979054362624
        max: 38483508
        mean: 4788596.5
        median: 4644846.5
        min: 1490154.875
        var: 2.25036992512e+012
    spectral_strongpeak:
        dmean: 0.484154999256
        dmean2: 0.820820987225
        dvar: 0.480425596237
        dvar2: 1.22846198082
        max: 11.0707597733
        mean: 0.851171553135
        median: 0.451276361942
        min: 5.18121057169e-009
        var: 0.985940217972
    zerocrossingrate:
        dmean: 0.00856418721378
        dmean2: 0.0100103393197
        dvar: 9.07864232431e-005
        dvar2: 0.000101189449197
        max: 0.513671875
        mean: 0.101425796747
        median: 0.10107421875
        min: 0.0185546875
        var: 0.000906031404156
    barkbands:
        dmean: [2.29271932994e-007, 3.8563459384e-005, 7.65181248426e-005, 4.76779132441e-005, 0.000139649069752, 9.54887436819e-005, 6.02142936259e-005, 8.69062714628e-005, 0.000124570113258, 0.000129109525005, 6.58386052237e-005, 7.61965857237e-005, 5.58139690838e-005, 0.000115773342259, 0.000100591561932, 9.6145326097e-005, 8.62028391566e-005, 0.000154114357429, 0.000193811647478, 0.000142089513247, 6.84206970618e-005, 3.39091966453e-005, 7.66273115005e-006, 2.94163464787e-006, 1.924074013e-006, 1.13202858643e-007, 6.2709504256e-010]
        dmean2: [4.07092954902e-007, 6.58703211229e-005, 0.000130393949803, 8.07613032521e-005, 0.000229437762755, 0.000156870679348, 0.000102609228634, 0.0001371132239, 0.000195267915842, 0.000200492722797, 0.000103225043858, 0.000120913980936, 8.8189910457e-005, 0.000185001845239, 0.000165379256941, 0.000155663801706, 0.000142684366438, 0.000253006321145, 0.000323709537042, 0.000236948515521, 0.000112109963084, 5.62304194318e-005, 1.21009961731e-005, 4.59186549051e-006, 2.96364555652e-006, 1.79350564622e-007, 1.06398390098e-009]
        dvar: [7.30600855422e-013, 8.54407744555e-009, 2.93275856933e-008, 8.63235793958e-009, 1.06871937078e-007, 5.65377078487e-008, 4.03095725687e-008, 4.95965259972e-008, 1.25573777154e-007, 1.1147282919e-007, 3.62462202474e-008, 2.4646544361e-008, 1.94316331914e-008, 7.02655711393e-008, 4.60481217601e-008, 5.79642218668e-008, 2.45348097394e-008, 8.70025331778e-008, 1.18177212016e-007, 7.7067234372e-008, 1.96023979271e-008, 8.43550829188e-009, 6.04774119672e-010, 1.00745918552e-010, 5.62958395178e-011, 1.472302369e-013, 5.23843390326e-018]
        dvar2: [2.02289227036e-012, 2.43047004744e-008, 7.89716310123e-008, 2.33900223634e-008, 2.73804886319e-007, 1.34530722562e-007, 1.06378024611e-007, 1.13816206238e-007, 2.88717899366e-007, 2.60787942352e-007, 7.77085062964e-008, 5.61456907633e-008, 4.39402256802e-008, 1.68283477819e-007, 1.19207392402e-007, 1.30392692199e-007, 6.42345057145e-008, 2.19222400233e-007, 3.12031829708e-007, 1.97968617499e-007, 4.79985899915e-008, 2.01054461968e-008, 1.28627053453e-009, 2.16275455878e-010, 1.26747765061e-010, 3.53353495552e-013, 1.38669153458e-017]
        max: [9.0833482318e-006, 0.00131376227364, 0.00299267843366, 0.00171857490204, 0.00424855249003, 0.00546486116946, 0.00513274548575, 0.00654622307047, 0.00870306789875, 0.00912455655634, 0.00868268404156, 0.00514956749976, 0.00539513118565, 0.0100331008434, 0.0048354100436, 0.00820382684469, 0.00331305037253, 0.0111487405375, 0.0134207839146, 0.0087434630841, 0.00408420851454, 0.00240662298165, 0.000650638423394, 0.0002661041799, 0.0001945795957, 1.21393304653e-005, 6.09653767469e-008]
        mean: [1.95699598748e-007, 5.22316040588e-005, 0.000103058693639, 6.51015288895e-005, 0.000231393321883, 0.00014358793851, 7.66843149904e-005, 0.000145036217873, 0.000200425944058, 0.000244050024776, 0.000115488037409, 0.000139810479595, 9.51543916017e-005, 0.000204802272492, 0.00017881707754, 0.00017354429292, 0.000172051077243, 0.000312552612741, 0.000399900280172, 0.000314645119943, 0.00015164562501, 6.23543746769e-005, 1.40435540743e-005, 5.24189135831e-006, 3.01911654788e-006, 1.56932543405e-007, 6.83183953853e-010]
        median: [1.44238114785e-008, 2.22982798732e-005, 4.41563861386e-005, 2.84115430986e-005, 0.000102062083897, 6.94900954841e-005, 3.04057266476e-005, 4.30390537076e-005, 5.91665375396e-005, 5.89593691984e-005, 3.4588148992e-005, 5.50470649614e-005, 3.28095702571e-005, 6.9268673542e-005, 7.18649243936e-005, 7.60055263527e-005, 9.98334653559e-005, 0.00017067315639, 0.000285051180981, 0.000183802942047, 8.07823817013e-005, 2.61456025328e-005, 5.39422671864e-006, 1.98897669179e-006, 1.0571175153e-006, 4.67972682827e-008, 2.11659689775e-010]
        min: [2.03275855313e-023, 2.13706000653e-023, 4.53030196094e-024, 3.08992497562e-024, 2.94165032488e-023, 5.45374442986e-023, 2.63529840115e-023, 5.76907990158e-023, 2.33625779806e-023, 7.69960113476e-023, 7.15264221732e-023, 9.00405521675e-023, 1.13128901587e-022, 2.22052859005e-022, 1.64981334732e-022, 6.73056124335e-023, 2.44124480314e-022, 2.15159577845e-022, 3.8397202503e-022, 3.53765569092e-022, 3.34607204796e-022, 4.98488400421e-022, 6.61416727803e-022, 9.92103685174e-022, 1.25797157017e-021, 1.7468626762e-021, 2.51994232435e-021]
        var: [5.34910657435e-013, 9.27527210592e-009, 3.62508316698e-008, 1.17884288997e-008, 1.66392197798e-007, 8.03687711937e-008, 3.77343276625e-008, 1.19846149005e-007, 2.50118887379e-007, 3.37203914569e-007, 1.00679237391e-007, 6.79187976971e-008, 5.02178529871e-008, 2.15765624034e-007, 8.82374848743e-008, 1.52891971084e-007, 5.63196458359e-008, 2.07043584055e-007, 2.18851539557e-007, 1.73302439066e-007, 4.26657464914e-008, 1.34531763507e-008, 1.02539576829e-009, 1.69483607704e-010, 8.38238575773e-011, 1.82330631713e-013, 4.19111654147e-018]
    frequency_bands:
        dmean: [2.29271932994e-007, 3.8563459384e-005, 7.65181248426e-005, 4.76779132441e-005, 0.000139649069752, 9.54887436819e-005, 6.02142936259e-005, 8.69062714628e-005, 0.000124570113258, 0.000129109525005, 6.58386052237e-005, 7.61965857237e-005, 5.58139690838e-005, 0.000115773342259, 0.000100591561932, 9.6145326097e-005, 8.62028391566e-005, 0.000154114357429, 0.000193811647478, 0.000142089513247, 6.84206970618e-005, 3.39091966453e-005, 7.66273115005e-006, 2.94163464787e-006, 1.924074013e-006, 1.13202858643e-007, 6.2709504256e-010, 4.26143044463e-011]
        dmean2: [4.07092954902e-007, 6.58703211229e-005, 0.000130393949803, 8.07613032521e-005, 0.000229437762755, 0.000156870679348, 0.000102609228634, 0.0001371132239, 0.000195267915842, 0.000200492722797, 0.000103225043858, 0.000120913980936, 8.8189910457e-005, 0.000185001845239, 0.000165379256941, 0.000155663801706, 0.000142684366438, 0.000253006321145, 0.000323709537042, 0.000236948515521, 0.000112109963084, 5.62304194318e-005, 1.21009961731e-005, 4.59186549051e-006, 2.96364555652e-006, 1.79350564622e-007, 1.06398390098e-009, 7.93337132099e-011]
        dvar: [7.30600855422e-013, 8.54407744555e-009, 2.93275856933e-008, 8.63235793958e-009, 1.06871937078e-007, 5.65377078487e-008, 4.03095725687e-008, 4.95965259972e-008, 1.25573777154e-007, 1.1147282919e-007, 3.62462202474e-008, 2.4646544361e-008, 1.94316331914e-008, 7.02655711393e-008, 4.60481217601e-008, 5.79642218668e-008, 2.45348097394e-008, 8.70025331778e-008, 1.18177212016e-007, 7.7067234372e-008, 1.96023979271e-008, 8.43550829188e-009, 6.04774119672e-010, 1.00745918552e-010, 5.62958395178e-011, 1.472302369e-013, 5.23843390326e-018, 5.56970594794e-021]
        dvar2: [2.02289227036e-012, 2.43047004744e-008, 7.89716310123e-008, 2.33900223634e-008, 2.73804886319e-007, 1.34530722562e-007, 1.06378024611e-007, 1.13816206238e-007, 2.88717899366e-007, 2.60787942352e-007, 7.77085062964e-008, 5.61456907633e-008, 4.39402256802e-008, 1.68283477819e-007, 1.19207392402e-007, 1.30392692199e-007, 6.42345057145e-008, 2.19222400233e-007, 3.12031829708e-007, 1.97968617499e-007, 4.79985899915e-008, 2.01054461968e-008, 1.28627053453e-009, 2.16275455878e-010, 1.26747765061e-010, 3.53353495552e-013, 1.38669153458e-017, 1.78682159863e-020]
        max: [9.0833482318e-006, 0.00131376227364, 0.00299267843366, 0.00171857490204, 0.00424855249003, 0.00546486116946, 0.00513274548575, 0.00654622307047, 0.00870306789875, 0.00912455655634, 0.00868268404156, 0.00514956749976, 0.00539513118565, 0.0100331008434, 0.0048354100436, 0.00820382684469, 0.00331305037253, 0.0111487405375, 0.0134207839146, 0.0087434630841, 0.00408420851454, 0.00240662298165, 0.000650638423394, 0.0002661041799, 0.0001945795957, 1.21393304653e-005, 6.09653767469e-008, 1.10150077948e-009]
        mean: [1.95699598748e-007, 5.22316040588e-005, 0.000103058693639, 6.51015288895e-005, 0.000231393321883, 0.00014358793851, 7.66843149904e-005, 0.000145036217873, 0.000200425944058, 0.000244050024776, 0.000115488037409, 0.000139810479595, 9.51543916017e-005, 0.000204802272492, 0.00017881707754, 0.00017354429292, 0.000172051077243, 0.000312552612741, 0.000399900280172, 0.000314645119943, 0.00015164562501, 6.23543746769e-005, 1.40435540743e-005, 5.24189135831e-006, 3.01911654788e-006, 1.56932543405e-007, 6.83183953853e-010, 3.2839477665e-011]
        median: [1.44238114785e-008, 2.22982798732e-005, 4.41563861386e-005, 2.84115430986e-005, 0.000102062083897, 6.94900954841e-005, 3.04057266476e-005, 4.30390537076e-005, 5.91665375396e-005, 5.89593691984e-005, 3.4588148992e-005, 5.50470649614e-005, 3.28095702571e-005, 6.9268673542e-005, 7.18649243936e-005, 7.60055263527e-005, 9.98334653559e-005, 0.00017067315639, 0.000285051180981, 0.000183802942047, 8.07823817013e-005, 2.61456025328e-005, 5.39422671864e-006, 1.98897669179e-006, 1.0571175153e-006, 4.67972682827e-008, 2.11659689775e-010, 8.04191956083e-012]
        min: [2.03275855313e-023, 2.13706000653e-023, 4.53030196094e-024, 3.08992497562e-024, 2.94165032488e-023, 5.45374442986e-023, 2.63529840115e-023, 5.76907990158e-023, 2.33625779806e-023, 7.69960113476e-023, 7.15264221732e-023, 9.00405521675e-023, 1.13128901587e-022, 2.22052859005e-022, 1.64981334732e-022, 6.73056124335e-023, 2.44124480314e-022, 2.15159577845e-022, 3.8397202503e-022, 3.53765569092e-022, 3.34607204796e-022, 4.98488400421e-022, 6.61416727803e-022, 9.92103685174e-022, 1.25797157017e-021, 1.7468626762e-021, 2.51994232435e-021, 1.16270574852e-021]
        var: [5.34910657435e-013, 9.27527210592e-009, 3.62508316698e-008, 1.17884288997e-008, 1.66392197798e-007, 8.03687711937e-008, 3.77343276625e-008, 1.19846149005e-007, 2.50118887379e-007, 3.37203914569e-007, 1.00679237391e-007, 6.79187976971e-008, 5.02178529871e-008, 2.15765624034e-007, 8.82374848743e-008, 1.52891971084e-007, 5.63196458359e-008, 2.07043584055e-007, 2.18851539557e-007, 1.73302439066e-007, 4.26657464914e-008, 1.34531763507e-008, 1.02539576829e-009, 1.69483607704e-010, 8.38238575773e-011, 1.82330631713e-013, 4.19111654147e-018, 4.31695262323e-021]
    mfcc:
        mean: [-745.695495605, 89.0967712402, -51.2120056152, 37.7253456116, -16.7945079803, -3.46577358246, -0.0164426472038, -3.98224043846, -3.77020740509, -2.65875840187, -2.67282748222, -8.05697727203, -5.30542898178]
        cov: [[13159.0224609, 803.915527344, -928.005249023, 1630.66467285, -198.439971924, 579.956237793, 209.974822998, 195.419204712, 156.075637817, 225.352340698, 13.8708686829, -281.817779541, -172.444702148], [803.915527344, 1049.48864746, -274.95513916, 149.325546265, -9.55759906769, -9.21278858185, 45.8815345764, 1.89785134792, -26.5735263824, -28.3193740845, -3.23914194107, -33.4686584473, -45.6423339844], [-928.005249023, -274.95513916, 546.32244873, -28.0757236481, 59.6826820374, -2.94035935402, -20.7733154297, 14.9603128433, 2.83356571198, -16.6479625702, 7.72815895081, 47.616104126, 33.0902633667], [1630.66467285, 149.325546265, -28.0757236481, 520.968994141, 109.102424622, 111.958328247, 5.03666734695, 35.6448173523, 41.6075439453, 34.9771232605, 2.57469391823, -30.7353382111, -14.237112999], [-198.439971924, -9.55759906769, 59.6826820374, 109.102424622, 225.396270752, 46.0947990417, -13.4901809692, -6.72259044647, 13.0866851807, 0.0718110725284, 1.29661929607, -4.52794408798, -3.22662401199], [579.956237793, -9.21278858185, -2.94035935402, 111.958328247, 46.0947990417, 209.452377319, 80.778427124, 8.83958339691, 0.8264144063, 26.8044528961, 14.7508220673, -31.3352298737, -14.3951158524], [209.974822998, 45.8815345764, -20.7733154297, 5.03666734695, -13.4901809692, 80.778427124, 152.731109619, 63.9280090332, 1.30789852142, 3.41431808472, 6.90686845779, -8.03889369965, 0.832859396935], [195.419204712, 1.89785134792, 14.9603128433, 35.6448173523, -6.72259044647, 8.83958339691, 63.9280090332, 153.779663086, 52.8585472107, 20.3516578674, 8.65945053101, 8.26613044739, 13.6806592941], [156.075637817, -26.5735263824, 2.83356571198, 41.6075439453, 13.0866851807, 0.8264144063, 1.30789852142, 52.8585472107, 99.7613601685, 45.2693748474, 4.07319068909, -3.02157735825, -0.758142054081], [225.352340698, -28.3193740845, -16.6479625702, 34.9771232605, 0.0718110725284, 26.8044528961, 3.41431808472, 20.3516578674, 45.2693748474, 98.2471084595, 33.8062858582, -8.51672744751, -7.74308300018], [13.8708686829, -3.23914194107, 7.72815895081, 2.57469391823, 1.29661929607, 14.7508220673, 6.90686845779, 8.65945053101, 4.07319068909, 33.8062858582, 80.028427124, 24.4411067963, 0.67820328474], [-281.817779541, -33.4686584473, 47.616104126, -30.7353382111, -4.52794408798, -31.3352298737, -8.03889369965, 8.26613044739, -3.02157735825, -8.51672744751, 24.4411067963, 91.9407958984, 45.4057731628], [-172.444702148, -45.6423339844, 33.0902633667, -14.237112999, -3.22662401199, -14.3951158524, 0.832859396935, 13.6806592941, -0.758142054081, -7.74308300018, 0.67820328474, 45.4057731628, 83.5808258057]]
        icov: [[0.000193688872969, 7.39814913686e-006, 0.000231195997912, -0.000609580427408, 0.000465661869384, -0.000275000318652, 2.11484439205e-005, -0.000100160148577, -2.96298949252e-005, -5.24559873156e-005, -9.35274238145e-006, 0.0001581745164, 0.000104108272353], [7.39814913686e-006, 0.00124146265443, 0.000575950893108, -0.000498942041304, -1.04830985492e-006, 0.000528576609213, -0.000598301005084, 6.33424715488e-005, 0.000275524391327, 0.000485408410896, -0.000267361931037, 2.27342684411e-006, 0.000515189720318], [0.000231195997912, 0.000575950893108, 0.00257811904885, -0.000685942184646, -4.41643496742e-005, -0.000447086902568, 0.000299884559354, -0.000541262095794, 4.97422370245e-005, 0.000513469043653, -0.00014092202764, -0.000677867094055, 7.83035939094e-005], [-0.000609580427408, -0.000498942041304, -0.000685942184646, 0.00465264637023, -0.00240122643299, -0.000797329936177, 0.00116875034291, -0.000562035827897, -0.000429533800343, -0.000202072857064, 0.000335380376782, -0.000248988653766, -0.000505806005094], [0.000465661869384, -1.04830985492e-006, -4.41643496742e-005, -0.00240122643299, 0.00652201892808, -0.00180115690455, 0.000901224906556, 0.000194150503376, -0.00103026197758, 0.000824248068966, -0.000281840650132, 0.000365096930182, 0.000340416183462], [-0.000275000318652, 0.000528576609213, -0.000447086902568, -0.000797329936177, -0.00180115690455, 0.00891422573477, -0.00539496680722, 0.00213095429353, 0.000802281021606, -0.00148582842667, -0.00124423578382, 0.00193882838357, -0.000240379216848], [2.11484439205e-005, -0.000598301005084, 0.000299884559354, 0.00116875034291, 0.000901224906556, -0.00539496680722, 0.0119544351473, -0.00560689158738, 0.0016644934658, 0.000858390063513, -1.68329606822e-005, 0.000104890241346, -0.000260716478806], [-0.000100160148577, 6.33424715488e-005, -0.000541262095794, -0.000562035827897, 0.000194150503376, 0.00213095429353, -0.00560689158738, 0.0110690444708, -0.00558083131909, 0.000412765803048, -0.000834688660689, -0.000209068151889, -0.00132696155924], [-2.96298949252e-005, 0.000275524391327, 4.97422370245e-005, -0.000429533800343, -0.00103026197758, 0.000802281021606, 0.0016644934658, -0.00558083131909, 0.016630448401, -0.00742745446041, 0.00280191213824, -0.000532254925929, 0.000720938143786], [-5.24559873156e-005, 0.000485408410896, 0.000513469043653, -0.000202072857064, 0.000824248068966, -0.00148582842667, 0.000858390063513, 0.000412765803048, -0.00742745446041, 0.0171296745539, -0.00756995938718, 0.0027565814089, -0.00029761143378], [-9.35274238145e-006, -0.000267361931037, -0.00014092202764, 0.000335380376782, -0.000281840650132, -0.00124423578382, -1.68329606822e-005, -0.000834688660689, 0.00280191213824, -0.00756995938718, 0.018028832972, -0.00714977784082, 0.00292122433893], [0.0001581745164, 2.27342684411e-006, -0.000677867094055, -0.000248988653766, 0.000365096930182, 0.00193882838357, 0.000104890241346, -0.000209068151889, -0.000532254925929, 0.0027565814089, -0.00714977784082, 0.0189437568188, -0.00904800184071], [0.000104108272353, 0.000515189720318, 7.83035939094e-005, -0.000505806005094, 0.000340416183462, -0.000240379216848, -0.000260716478806, -0.00132696155924, 0.000720938143786, -0.00029761143378, 0.00292122433893, -0.00904800184071, 0.0174056254327]]
    sccoeffs:
        dmean: [0.04884358868, 0.0462591610849, 0.0374217480421, 0.0311119779944, 0.0205381754786, 0.0172085165977]
        dmean2: [0.0808195695281, 0.0757622569799, 0.0608312822878, 0.0507872141898, 0.0333414115012, 0.0273854248226]
        dvar: [0.00167342158966, 0.00141011551023, 0.000948456116021, 0.000625531421974, 0.000298471917631, 0.000263817491941]
        dvar2: [0.00438788160682, 0.00369511567988, 0.00237903301604, 0.00161997368559, 0.000745283905417, 0.000605553388596]
        max: [-0.334675490856, -0.44119027257, -0.445565223694, -0.490952730179, -0.448554396629, -0.571413218975]
        mean: [-0.67422157526, -0.751384437084, -0.764029920101, -0.764192521572, -0.792253732681, -0.759215354919]
        median: [-0.677755117416, -0.757673859596, -0.769772768021, -0.76700091362, -0.795658588409, -0.755645632744]
        min: [-0.964610040188, -0.976572334766, -0.967735230923, -0.964958250523, -0.956340491772, -0.95972019434]
        var: [0.00660901237279, 0.0052808127366, 0.00528829591349, 0.00403885729611, 0.00192154862452, 0.00216958089732]
    scvalleys:
        dmean: [0.39222663641, 0.365483462811, 0.30772253871, 0.264866471291, 0.218610644341, 0.263314306736]
        dmean2: [0.648113787174, 0.598213613033, 0.497703403234, 0.423731535673, 0.338480889797, 0.378804475069]
        dvar: [0.117748588324, 0.104803115129, 0.0816708058119, 0.066322632134, 0.0615854524076, 0.111769899726]
        dvar2: [0.286844074726, 0.2494815588, 0.186918884516, 0.140331149101, 0.122196123004, 0.216137081385]
        max: [-5.31215620041, -4.66798019409, -5.40058279037, -5.44055557251, -5.27524757385, -7.05647420883]
        mean: [-7.83768701553, -7.21837091446, -7.4111161232, -7.60441350937, -7.51210737228, -10.0441865921]
        median: [-7.26058673859, -6.88220024109, -7.09062767029, -7.2094745636, -7.02917289734, -9.61835765839]
        min: [-27.3466205597, -27.4040699005, -27.0107784271, -27.1960334778, -27.4075336456, -27.1989269257]
        var: [3.08713364601, 1.70321249962, 1.6292361021, 1.75298988819, 2.10465097427, 2.46438336372]

rhythm:
    beats_loudness:
        dmean: 0.00180977862328
        dmean2: 0.00332138221711
        dvar: 3.70804104932e-006
        dvar2: 1.26489367176e-005
        max: 0.0142729859799
        mean: 0.0040264739655
        median: 0.00343833025545
        min: 9.33144794074e-012
        var: 9.65905746853e-006
    bpm: 129.358459473
    bpm_confidence: 0
    first_peak_bpm: 129
    first_peak_spread: 0.364978969097
    first_peak_weight: 0.492635011673
    onset_rate: 2.68640351295
    second_peak_bpm: 99
    second_peak_spread: 0.294117629528
    second_peak_weight: 0.0785597413778
    beats_loudness_band_ratio:
        dmean: [0.109185926616, 0.0969312116504, 0.110666550696, 0.133457109332, 0.129602953792, 0.123729787767]
        dmean2: [0.200782433152, 0.175519764423, 0.198340043426, 0.23491422832, 0.226478174329, 0.222243636847]
        dvar: [0.0122643476352, 0.00688196206465, 0.0132423546165, 0.0160348434001, 0.0147028593346, 0.0184355042875]
        dvar2: [0.0385700501502, 0.0213154926896, 0.0360765382648, 0.0463301576674, 0.0430302992463, 0.0578802153468]
        max: [0.72140866518, 0.619425237179, 0.926738679409, 0.830840706825, 0.753510296345, 0.942157149315]
        mean: [0.134692177176, 0.121460810304, 0.163916811347, 0.173675239086, 0.245375737548, 0.217472821474]
        median: [0.10645006597, 0.0952724814415, 0.116519264877, 0.129421636462, 0.219175755978, 0.195429384708]
        min: [0, 0, 0, 0, 0, 0]
        var: [0.0149166537449, 0.00928112305701, 0.020329201594, 0.0219180714339, 0.0176037270576, 0.0209451820701]
    beats_position: [0.429569154978, 0.882358253002, 1.3235373497, 1.764716506, 2.21750569344, 2.67029476166, 3.13469386101, 3.59909296036, 4.06349182129, 4.51628112793, 4.98067998886, 5.4334692955, 5.89786815643, 6.3622674942, 6.82666635513, 7.2910656929, 7.75546455383, 8.2198638916, 8.67265319824, 9.12544155121, 9.58984088898, 10.0542402267, 10.5186395645, 10.9830379486, 11.4358272552, 11.900226593, 12.3646259308, 12.8174142838, 13.2818136215, 13.7462129593, 14.2106122971, 14.66340065, 15.1277999878, 15.5921993256, 16.0449886322, 16.50938797, 16.9737873077, 17.4381847382, 17.8909740448, 18.3553733826, 18.8197727203, 19.2841720581, 19.7369613647, 20.2013607025, 20.6657600403, 21.1185474396, 21.5713367462, 22.035736084, 22.5001354218, 22.9645347595, 23.4289340973, 23.8933334351, 24.3461227417, 24.7989120483, 25.2633094788, 25.7277088165, 26.1921081543, 26.6565074921, 27.1209068298, 27.5853061676, 28.0497055054, 28.5141029358, 28.9785022736, 29.4429016113, 29.9073009491, 30.3600902557, 30.8128795624, 31.2772789001, 31.7416782379, 32.2060775757, 32.6704750061, 33.1348762512, 33.5992736816, 34.0520629883, 34.5048522949, 34.9692497253, 35.4336509705, 35.8864402771, 36.3508377075, 36.8152389526, 37.2912483215, 37.755645752, 38.2084350586, 38.672832489, 39.1256217957, 39.5900230408, 40.0544204712, 40.5188217163, 40.9832191467, 41.4360084534, 41.88879776, 42.3531951904, 42.8175964355, 43.281993866, 43.7463951111, 44.2107925415, 44.6751937866, 45.139591217, 45.6039886475, 46.0567779541, 46.5211791992, 46.9855766296, 47.4383659363, 47.9027671814, 48.3671646118, 48.8315620422, 49.2843513489, 49.748752594, 50.2015419006, 50.6543312073, 51.1071205139, 51.5715179443, 52.0359191895, 52.5003166199, 52.9647140503, 53.4291152954, 53.8935127258, 54.3579139709, 54.8223114014, 55.2867126465, 55.7395019531, 56.2038993835, 56.6566886902, 57.1210861206, 57.5854873657, 58.0498847961, 58.5142860413, 58.9786834717, 59.4314727783, 59.8958702087, 60.3486595154, 60.8130607605, 61.2774581909, 61.741859436, 62.2062568665, 62.6706581116, 63.1234474182, 63.5878448486, 64.0406341553, 64.5050354004, 64.9694290161, 65.4338302612, 65.8982315063, 66.3626327515, 66.8270263672, 67.2914276123, 67.7558288574, 68.2202224731, 68.6846237183, 69.1374130249, 69.5902023315, 70.0546035767, 70.5189971924, 70.971786499, 71.4361877441, 71.8889770508, 72.3533782959, 72.817779541, 73.2821731567, 73.7465744019, 74.210975647, 74.6753692627, 75.1397705078, 75.6041717529, 76.0569610596, 76.5097503662, 76.9741516113, 77.4385452271, 77.9029464722, 78.3673477173, 78.831741333, 79.2845306396, 79.7373199463, 80.2017211914, 80.6661224365, 81.1305236816, 81.5949172974, 82.0593185425, 82.5237197876, 82.9881134033, 83.44090271, 83.8936920166, 84.3580932617, 84.8224945068, 85.2868881226, 85.7512893677, 86.2156906128, 86.6684799194, 87.1212692261, 87.5856704712, 88.0500640869, 88.514465332, 88.9788665771, 89.4316558838, 89.8844451904, 90.3488388062, 90.8132400513, 91.2776412964, 91.7420425415, 92.2064361572, 92.6708374023, 93.1352386475, 93.5880279541, 94.0408172607, 94.4936065674, 94.9580001831, 95.4224014282, 95.8984146118, 96.3628082275, 96.8155975342, 97.2683868408, 97.7327880859, 98.1971893311, 98.6615829468, 99.1259841919, 99.590385437, 100.054779053, 100.519180298, 100.971969604, 101.424758911, 101.889160156, 102.353561401, 102.817955017, 103.282356262, 103.735145569, 104.199546814, 104.66394043, 105.116729736, 105.581130981, 106.045532227, 106.509933472, 106.974327087, 107.438728333, 107.903129578, 108.355918884, 108.8203125, 109.284713745, 109.737503052, 110.201904297, 110.666305542, 111.119087219, 111.571876526, 112.036277771, 112.500679016, 112.965080261, 113.429473877, 113.893875122, 114.358276367, 114.822669983, 115.287071228, 115.739860535, 116.20426178, 116.668663025, 117.121452332, 117.585845947, 118.050247192, 118.514648438, 118.979042053, 119.43183136, 119.896232605, 120.36063385, 120.825035095, 121.277824402, 121.742218018, 122.206619263, 122.671020508, 123.135414124, 123.599815369, 124.064216614, 124.51700592, 124.969795227, 125.434196472, 125.898590088, 126.362991333, 126.827392578, 127.291786194, 127.756187439, 128.220581055, 128.6849823, 129.149383545, 129.61378479, 130.078186035, 130.54258728, 131.006988525, 131.48298645, 131.958999634, 132.423400879, 132.876190186, 133.328979492, 133.816589355, 134.315826416, 134.815048218, 135.314285278, 135.81350708, 136.312744141, 136.800354004, 137.299591064, 137.787200928, 138.263214111, 138.739227295, 139.226852417, 139.702850342, 140.167251587, 140.643264771, 141.107666016, 141.572067261, 142.048065186, 142.524078369, 142.988479614, 143.464492798, 143.952102661, 144.439727783, 144.927337646, 145.414962769, 145.890975952, 146.355377197, 146.831375122, 147.307388306, 147.783401489, 148.259414673, 148.723800659, 149.188201904, 149.652603149, 150.117004395, 150.593017578, 151.069015503, 151.545028687, 152.02104187, 152.497055054, 152.996276855, 153.483901978, 153.971511841, 154.470748901, 154.946762085, 155.411148071, 155.875549316, 156.339950562, 156.804351807, 157.268753052, 157.733154297, 158.197555542, 158.661941528, 159.126342773, 159.590744019, 160.055145264, 160.519546509, 160.983947754, 161.448348999, 161.912734985, 162.388748169, 162.876373291, 163.363983154, 163.874832153, 164.385665894, 164.908111572, 165.418960571, 165.918182373, 166.417419434, 166.916641235, 167.415863037, 167.903488159, 168.367889404, 168.832290649, 169.296691895, 169.761077881, 170.225479126, 170.689880371, 171.154281616, 171.607070923, 172.059860229, 172.512649536, 172.977050781, 173.429840088, 173.894241333, 174.358642578, 174.823028564, 175.28742981, 175.740219116, 176.193008423, 176.645797729, 177.098587036, 177.562988281, 178.027389526, 178.491790771, 178.967803955, 179.420593262, 179.884979248, 180.349380493, 180.813781738, 181.278182983, 181.742584229, 182.206985474, 182.65977478, 183.112564087, 183.576965332, 184.041351318, 184.505752563, 184.970153809, 185.422943115, 185.875732422, 186.340133667, 186.804534912, 187.268936157, 187.733337402, 188.197723389, 188.662124634, 189.126525879, 189.590927124, 190.055328369, 190.508117676, 190.972518921, 191.425308228, 191.878097534, 192.342483521, 192.806884766, 193.271286011, 193.735687256, 194.188476563, 194.652877808, 195.117279053, 195.581680298, 196.046066284, 196.510467529, 196.974868774, 197.427658081, 197.880447388, 198.344848633, 198.809249878, 199.273651123, 199.738052368, 200.202438354, 200.6668396, 201.131240845, 201.59564209, 202.060043335, 202.52444458, 202.977233887, 203.430023193, 203.894424438, 204.358810425, 204.82321167, 205.287612915, 205.740402222, 206.193191528, 206.68081665, 207.191650391, 207.679275513, 208.190109253, 208.712554932, 209.223403931, 209.780670166, 210.349563599, 210.906845093, 211.533782959, 212.172332764, 212.787658691, 213.391372681, 213.995101929, 214.598815918, 215.202529907, 215.806259155, 216.409973145, 217.013687134, 217.617416382, 218.221130371, 218.813232422, 219.405349731, 220.009063721, 220.61277771, 221.216506958, 221.808609009, 222.400726318, 223.004440308, 223.608154297, 224.200271606, 224.792373657, 225.396102905, 225.999816895, 226.603530884, 227.207244873, 227.810974121, 228.403076172, 228.995193481, 229.598907471, 230.20262146, 230.806350708, 231.410064697, 232.013778687, 232.617507935, 233.209609985, 233.801712036, 234.405441284, 235.009155273, 235.612869263, 236.204986572, 236.808700562, 237.400817871, 238.00453186, 238.60824585, 239.211975098, 239.804077148, 240.396179199, 240.999908447, 241.603622437, 242.207336426, 242.811065674, 243.403167725, 244.006881714, 244.598999023, 245.202713013, 245.794830322, 246.398544312, 247.002258301, 247.59437561, 248.1980896, 248.801803589, 249.405532837, 250.009246826, 250.612960815, 251.205078125, 251.808792114, 252.412506104, 252.888519287, 253.352920532, 253.828933716, 254.304931641, 254.780944824, 255.256958008, 255.732971191, 256.208984375, 256.684997559, 257.160980225, 257.636993408, 258.113006592, 258.577423096, 259.053405762, 259.529418945, 260.005432129, 260.493041992, 260.980682373, 261.456695557, 261.93270874, 262.408691406, 262.88470459, 263.372344971, 263.859954834, 264.347564697, 264.823577881, 265.299591064, 265.775604248, 266.263214111, 266.739227295, 267.215240479, 267.691253662, 268.167236328, 268.654876709, 269.130889893, 269.606903076, 270.082885742, 270.558898926, 271.046539307, 271.522521973, 272.010162354, 272.486175537, 272.962158203, 273.438171387, 273.925811768, 274.401794434, 274.889434814, 275.365447998, 275.841461182, 276.317443848, 276.793457031, 277.269470215, 277.745483398, 278.221496582, 278.685882568, 279.161895752, 279.649505615, 280.125518799, 280.61315918, 281.089141846, 281.565155029, 282.041168213, 282.505584717, 282.981567383, 283.457580566, 283.945220947, 284.409606934, 284.897216797, 285.326782227, 285.756378174, 286.185943604, 286.627105713, 287.091522217, 287.555908203, 288.031921387, 288.50793457, 288.983947754, 289.459960938, 289.924346924, 290.38873291, 290.864746094, 291.352386475, 291.839996338, 292.327606201, 292.873291016, 293.407348633, 293.94140625, 294.475463867, 295.021118164, 295.566802979]
