
metadata:
    version:
        essentia: "2.1-beta2"
    audio_properties:
        analysis_sample_rate: 44100
        bitrate: 320
        channels: 2
        equal_loudness: 1
        length: 203.964080811
        replay_gain: -15.7342939377
        downmix: "mix"
    tags:
        album: "Ungrateful"
        artist: "Escape The Fate"
        comment: "Forever Immortal Hosts www.p2pdl.com"
        date: "2013"
        genre: "Hardcore"
        title: "Ungrateful"
        tracknumber: "1/13"

configuration:
    average_loudness:
        compute: 1
        frameSize: 88200
        hopSize: 44100
        silentFrames: "noise"
        windowType: "hann"
    general:
        analysisSampleRate: 44100
        endTime: 2000
        equalLoudness: 1
        nequalLoudness: 0
        shortSound: 0
        startTime: 0
    lowlevel:
        compute: 1
        frameSize: 2048
        hopSize: 1024
        zeroPadding: 0
        silentFrames: "noise"
        windowType: "blackmanharris62"
        mfccStats: ["mean", "cov", "icov"]
        stats: ["mean", "var", "median", "min", "max", "dmean", "dmean2", "dvar", "dvar2"]
    panning:
        compute: 0
        frameSize: 8192
        hopSize: 2048
        zeroPadding: 8192
        silentFrames: "noise"
        windowType: "hann"
        stats: ["copy"]
    rhythm:
        compute: 1
        maxTempo: 208
        minTempo: 40
        method: "degara"
        stats: ["mean", "var", "median", "min", "max", "dmean", "dmean2", "dvar", "dvar2"]
    segmentation:
        compute: 0
        cpw: 5
        inc1: 300
        inc2: 50
        minimumSegmentsLength: 10
        size1: 1000
        size2: 600
    sfx:
        compute: 1
        stats: ["mean", "var", "median", "min", "max", "dmean", "dmean2", "dvar", "dvar2"]
    svm:
        compute: 0
    tonal:
        compute: 1
        frameSize: 4096
        hopSize: 2048
        zeroPadding: 0
        silentFrames: "noise"
        windowType: "blackmanharris62"
        stats: ["mean", "var", "median", "min", "max", "dmean", "dmean2", "dvar", "dvar2"]

lowlevel:
    average_loudness: 0.9055377841
    barkbands_kurtosis:
        dmean: 0.607242882252
        dmean2: 1.02315104008
        dvar: 1.11263632774
        dvar2: 3.07615208626
        max: 24.3057689667
        mean: -0.523904979229
        median: -0.799092531204
        min: -1.84647285938
        var: 1.41155588627
    barkbands_skewness:
        dmean: 0.355168610811
        dmean2: 0.572759091854
        dvar: 0.0981936901808
        dvar2: 0.24733671546
        max: 2.71965503693
        mean: -0.289666831493
        median: -0.265244692564
        min: -3.46910905838
        var: 0.433510601521
    barkbands_spread:
        dmean: 4.97999668121
        dmean2: 8.02264595032
        dvar: 24.2306938171
        dvar2: 63.7775382996
        max: 68.4935836792
        mean: 26.8418254852
        median: 25.7642154694
        min: 1.79841578007
        var: 68.4882049561
    dissonance:
        dmean: 0.0114714344963
        dmean2: 0.0196956023574
        dvar: 0.000131441091071
        dvar2: 0.000355181226041
        max: 0.5
        mean: 0.483172059059
        median: 0.487606853247
        min: 0.343152552843
        var: 0.000216141474084
    hfc:
        dmean: 3.18245339394
        dmean2: 5.50535345078
        dvar: 15.656255722
        dvar2: 42.5644493103
        max: 51.5488090515
        mean: 10.2208251953
        median: 9.3325548172
        min: 1.17832659117e-016
        var: 30.5352516174
    pitch:
        dmean: 850.494873047
        dmean2: 1625.20556641
        dvar: 1622085
        dvar2: 3986308.5
        max: 4372.56103516
        mean: 1122.91418457
        median: 352.686950684
        min: 58.2306861877
        var: 1888570.625
    pitch_instantaneous_confidence:
        dmean: 0.0814083367586
        dmean2: 0.134809300303
        dvar: 0.00458079623058
        dvar2: 0.011708792299
        max: 0.865807116032
        mean: 0.328753054142
        median: 0.301758170128
        min: 0.121773958206
        var: 0.0144007280469
    pitch_salience:
        dmean: 0.0524440146983
        dmean2: 0.086651660502
        dvar: 0.0020287882071
        dvar2: 0.0053423200734
        max: 0.890709221363
        mean: 0.693277895451
        median: 0.709083139896
        min: 0.296102553606
        var: 0.00614869454876
    silence_rate_20dB:
        dmean: 0
        dmean2: 0
        dvar: 0
        dvar2: 0
        max: 1
        mean: 1
        median: 1
        min: 1
        var: 0
    silence_rate_30dB:
        dmean: 0
        dmean2: 0
        dvar: 0
        dvar2: 0
        max: 1
        mean: 1
        median: 1
        min: 1
        var: 0
    silence_rate_60dB:
        dmean: 0.0658014565706
        dmean2: 0.131617903709
        dvar: 0.0614753477275
        dvar2: 0.136845678091
        max: 1
        mean: 0.21468411386
        median: 0
        min: 0
        var: 0.168587684631
    spectral_centroid:
        dmean: 259.03692627
        dmean2: 425.5859375
        dvar: 65385.2539063
        dvar2: 157367.125
        max: 10711.1005859
        mean: 1980.41345215
        median: 1899.64257813
        min: 513.084533691
        var: 259908.53125
    spectral_complexity:
        dmean: 5.06671237946
        dmean2: 8.33906364441
        dvar: 22.6876106262
        dvar2: 56.3736495972
        max: 48
        mean: 20.5192947388
        median: 21
        min: 0
        var: 81.8012390137
    spectral_crest:
        dmean: 1.86311197281
        dmean2: 3.12248921394
        dvar: 3.20723414421
        dvar2: 8.39536094666
        max: 21.3482246399
        mean: 6.0353178978
        median: 5.31048583984
        min: 2.41099262238
        var: 6.71965360641
    spectral_decrease:
        dmean: 2.91011853504e-010
        dmean2: 4.82523132561e-010
        dvar: 1.10096576308e-019
        dvar2: 2.95210265766e-019
        max: 3.84375894595e-029
        mean: -1.12462394952e-009
        median: -1.05987973953e-009
        min: -3.75886166637e-009
        var: 3.19402739593e-019
    spectral_energy:
        dmean: 0.00135917786974
        dmean2: 0.00227620336227
        dvar: 2.41251564148e-006
        dvar2: 6.49241928841e-006
        max: 0.0178760923445
        mean: 0.00517166219652
        median: 0.00491341901943
        min: 1.05426955958e-020
        var: 6.50828997095e-006
    spectral_energyband_high:
        dmean: 0.000266806106083
        dmean2: 0.000476132845506
        dvar: 1.45092400317e-007
        dvar2: 3.95377156792e-007
        max: 0.00429472001269
        mean: 0.000501568370964
        median: 0.000351817172486
        min: 7.50079947762e-021
        var: 1.81754160167e-007
    spectral_energyband_low:
        dmean: 0.000110113891424
        dmean2: 0.000180873030331
        dvar: 1.93808524784e-008
        dvar2: 4.95183059002e-008
        max: 0.00157283630688
        mean: 0.000182170973858
        median: 0.000128470681375
        min: 2.46500257992e-023
        var: 3.03343945518e-008
    spectral_energyband_middle_high:
        dmean: 0.000865185225848
        dmean2: 0.0014236351708
        dvar: 7.69132896039e-007
        dvar2: 2.03204035643e-006
        max: 0.0125976027921
        mean: 0.00319384899922
        median: 0.0031429559458
        min: 1.51646349211e-021
        var: 2.76944842881e-006
    spectral_energyband_middle_low:
        dmean: 0.000617614539806
        dmean2: 0.00101460528094
        dvar: 8.03050681952e-007
        dvar2: 2.08859887607e-006
        max: 0.0105037884787
        mean: 0.00138757273089
        median: 0.000945059524383
        min: 4.03773317275e-022
        var: 1.70691009771e-006
    spectral_flatness_db:
        dmean: 0.0127842500806
        dmean2: 0.0201011244208
        dvar: 0.000136168586323
        dvar2: 0.000330962066073
        max: 0.374765396118
        mean: 0.135384216905
        median: 0.1311545223
        min: 0.0648381337523
        var: 0.000826951814815
    spectral_flux:
        dmean: 0.00745856948197
        dmean2: 0.0117600047961
        dvar: 6.00218154432e-005
        dvar2: 0.000119342912512
        max: 0.115095444024
        mean: 0.0444805063307
        median: 0.0444322302938
        min: 1.02677630287e-010
        var: 0.000185710770893
    spectral_kurtosis:
        dmean: 0.991767585278
        dmean2: 1.71529650688
        dvar: 0.877858221531
        dvar2: 2.64634275436
        max: 12.8092784882
        mean: 3.11243057251
        median: 2.96340322495
        min: -1.2117023468
        var: 1.71013140678
    spectral_rms:
        dmean: 0.000284075853415
        dmean2: 0.000468586193165
        dvar: 8.39497289462e-008
        dvar2: 2.18885290337e-007
        max: 0.00417613331228
        mean: 0.00217047613114
        median: 0.00218942458741
        min: 3.20711035853e-012
        var: 3.34528664325e-007
    spectral_rolloff:
        dmean: 332.686737061
        dmean2: 544.108215332
        dvar: 129112.015625
        dvar2: 288829.34375
        max: 18820.0195313
        mean: 3512.96875
        median: 3509.91210938
        min: 301.46484375
        var: 356726.21875
    spectral_skewness:
        dmean: 0.160855829716
        dmean2: 0.270034730434
        dvar: 0.0195305589586
        dvar2: 0.0558676719666
        max: 2.25635123253
        mean: 1.21215295792
        median: 1.23075604439
        min: 0.0554519966245
        var: 0.0679208487272
    spectral_spread:
        dmean: 348972.5625
        dmean2: 535220.9375
        dvar: 258699411456
        dvar2: 414844125184
        max: 40514820
        mean: 4051318.5
        median: 3914360
        min: 2300669
        var: 825504497664
    spectral_strongpeak:
        dmean: 0.537200570107
        dmean2: 0.912665307522
        dvar: 0.506459653378
        dvar2: 1.38746380806
        max: 8.37610340118
        mean: 0.872888803482
        median: 0.575679123402
        min: 4.6586614566e-009
        var: 0.854624330997
    zerocrossingrate:
        dmean: 0.00726351700723
        dmean2: 0.00906625390053
        dvar: 5.20639769093e-005
        dvar2: 7.22299955669e-005
        max: 0.490234375
        mean: 0.106129996479
        median: 0.10302734375
        min: 0.0263671875
        var: 0.000492697290611
    barkbands:
        dmean: [1.01483067283e-006, 6.55947587802e-005, 5.45253642485e-005, 5.32219710294e-005, 0.0002130172943, 0.000105463077489, 7.4163734098e-005, 0.000115154543892, 0.000300378160318, 0.000173155494849, 0.000210823622183, 0.00012813846115, 9.00409431779e-005, 8.99943916011e-005, 9.41632606555e-005, 0.000126989456476, 0.000181341107236, 0.000215576146729, 0.000256659812294, 0.000257753854385, 0.000124110592878, 3.5894147004e-005, 6.19846787231e-006, 2.53862413047e-006, 8.02663635113e-007, 2.51921523642e-008, 2.95890478785e-010]
        dmean2: [1.53304449668e-006, 0.000109495129436, 9.14968914003e-005, 9.21919345274e-005, 0.000379203440389, 0.00017306720838, 0.000120596247143, 0.000183272655704, 0.000471337640192, 0.000274066551356, 0.000340505706845, 0.000207878489164, 0.000150707463035, 0.000149911676999, 0.000154523790115, 0.000211942809983, 0.00030302311643, 0.000368991371943, 0.000434433401097, 0.000457818445284, 0.000219218476559, 6.2423714553e-005, 1.003250145e-005, 4.05059154218e-006, 1.3102687717e-006, 4.11350171703e-008, 5.30386290443e-010]
        dvar: [2.00940067537e-012, 8.98389540538e-009, 5.71636871172e-009, 8.87607409794e-009, 2.58303373357e-007, 3.64982000178e-008, 1.71142477967e-008, 7.28713658305e-008, 3.4736018506e-007, 1.01194913782e-007, 1.41796462572e-007, 4.42789733768e-008, 1.4203471288e-008, 2.00407335171e-008, 1.70338338989e-008, 3.24991340506e-008, 5.24665324519e-008, 6.74033984183e-008, 1.04407824608e-007, 1.28706005853e-007, 2.87674204458e-008, 2.34432051549e-009, 1.19999399306e-010, 4.1472731499e-011, 3.95674465414e-012, 4.64624041349e-015, 2.20557577375e-019]
        dvar2: [4.5525098448e-012, 2.27607408476e-008, 1.49024987905e-008, 2.39239170696e-008, 7.4399758887e-007, 8.85348327984e-008, 4.22136814393e-008, 1.67112759186e-007, 8.33943659018e-007, 2.44588335363e-007, 3.52836792672e-007, 1.12106008032e-007, 3.75023923027e-008, 5.32487831606e-008, 4.41895267045e-008, 8.30858724044e-008, 1.40282281791e-007, 1.80897657742e-007, 2.78502369611e-007, 3.5375919083e-007, 7.8341400922e-008, 6.35384678205e-009, 2.5828642003e-010, 8.31904406473e-011, 8.64923150462e-012, 1.0111870007e-014, 6.22457908741e-019]
        max: [3.32096315105e-005, 0.000934686337132, 0.0011538034305, 0.00143265223596, 0.00530101265758, 0.0027420045808, 0.00260044122115, 0.00667644292116, 0.00979965738952, 0.00769544858485, 0.00574792921543, 0.00439728191122, 0.00234075332992, 0.00246393843554, 0.00210473127663, 0.00345804356039, 0.00345157738775, 0.0049392208457, 0.00468207569793, 0.00420681759715, 0.00172519299667, 0.000602268031798, 0.000240354434936, 0.000181067851372, 5.13700724696e-005, 2.70385294243e-006, 8.47399306281e-009]
        mean: [1.35393099754e-006, 7.20841999282e-005, 7.90206977399e-005, 6.28181223874e-005, 0.000249120348599, 0.000168383790879, 0.000118406642287, 0.000183552037925, 0.000498449546285, 0.000283186353045, 0.000374232593458, 0.00022322757286, 0.00016489958216, 0.000166387297213, 0.000178473448614, 0.000252750964137, 0.000383054401027, 0.000402209087042, 0.000570834614336, 0.000438968272647, 0.000215713735088, 6.72046444379e-005, 1.11214394565e-005, 4.79991649627e-006, 1.35806499202e-006, 3.82203246829e-008, 3.01078023623e-010]
        median: [5.19581533354e-007, 3.73556722479e-005, 5.07717049913e-005, 3.12488409691e-005, 0.000123207253637, 8.51320219226e-005, 6.84453698341e-005, 7.04896156094e-005, 0.000220621121116, 0.000158225841005, 0.000151831161929, 0.000138739356771, 0.000125845632283, 0.000102544567198, 0.000116595052532, 0.000188388425158, 0.000293196295388, 0.000313175230986, 0.000434299494373, 0.000300657673506, 0.000150543812197, 5.06404940097e-005, 6.66874757371e-006, 2.43648310061e-006, 6.47995875624e-007, 1.63993352231e-008, 1.56972781995e-010]
        min: [2.66816928844e-023, 3.09930689836e-024, 8.51252071987e-024, 9.32516499252e-024, 8.25520407446e-023, 4.79796814588e-023, 1.05184188747e-022, 6.19684509169e-023, 8.81784807106e-023, 2.99811446412e-023, 1.04974074067e-022, 1.26004777635e-022, 6.69444782219e-023, 6.93624252489e-023, 1.83969570131e-022, 6.94143070529e-023, 2.45602464862e-022, 2.5502181748e-022, 3.10634163648e-022, 2.36650597527e-022, 4.0782750697e-022, 5.33381447442e-022, 4.02407969442e-022, 9.84771241993e-022, 1.21015978356e-021, 1.50276977557e-021, 2.46000242609e-021]
        var: [3.88017959776e-012, 8.73615846331e-009, 8.89840823248e-009, 9.48290690417e-009, 1.9228970416e-007, 6.37957455751e-008, 2.73404090478e-008, 1.45433162402e-007, 7.22435402167e-007, 1.8732274043e-007, 3.79084298174e-007, 7.40584908954e-008, 2.35539232563e-008, 3.84865010972e-008, 3.35322098977e-008, 5.97485012577e-008, 1.18808003435e-007, 1.06059061977e-007, 2.28469644981e-007, 1.61965402867e-007, 3.75246642648e-008, 3.14497494713e-009, 2.38297964694e-010, 9.9308644641e-011, 7.2755265354e-012, 8.15822324247e-015, 2.03868394261e-019]
    frequency_bands:
        dmean: [1.01483067283e-006, 6.55947587802e-005, 5.45253642485e-005, 5.32219710294e-005, 0.0002130172943, 0.000105463077489, 7.4163734098e-005, 0.000115154543892, 0.000300378160318, 0.000173155494849, 0.000210823622183, 0.00012813846115, 9.00409431779e-005, 8.99943916011e-005, 9.41632606555e-005, 0.000126989456476, 0.000181341107236, 0.000215576146729, 0.000256659812294, 0.000257753854385, 0.000124110592878, 3.5894147004e-005, 6.19846787231e-006, 2.53862413047e-006, 8.02663635113e-007, 2.51921523642e-008, 2.95890478785e-010, 6.09902059412e-011]
        dmean2: [1.53304449668e-006, 0.000109495129436, 9.14968914003e-005, 9.21919345274e-005, 0.000379203440389, 0.00017306720838, 0.000120596247143, 0.000183272655704, 0.000471337640192, 0.000274066551356, 0.000340505706845, 0.000207878489164, 0.000150707463035, 0.000149911676999, 0.000154523790115, 0.000211942809983, 0.00030302311643, 0.000368991371943, 0.000434433401097, 0.000457818445284, 0.000219218476559, 6.2423714553e-005, 1.003250145e-005, 4.05059154218e-006, 1.3102687717e-006, 4.11350171703e-008, 5.30386290443e-010, 1.1348001705e-010]
        dvar: [2.00940067537e-012, 8.98389540538e-009, 5.71636871172e-009, 8.87607409794e-009, 2.58303373357e-007, 3.64982000178e-008, 1.71142477967e-008, 7.28713658305e-008, 3.4736018506e-007, 1.01194913782e-007, 1.41796462572e-007, 4.42789733768e-008, 1.4203471288e-008, 2.00407335171e-008, 1.70338338989e-008, 3.24991340506e-008, 5.24665324519e-008, 6.74033984183e-008, 1.04407824608e-007, 1.28706005853e-007, 2.87674204458e-008, 2.34432051549e-009, 1.19999399306e-010, 4.1472731499e-011, 3.95674465414e-012, 4.64624041349e-015, 2.20557577375e-019, 7.30225432018e-021]
        dvar2: [4.5525098448e-012, 2.27607408476e-008, 1.49024987905e-008, 2.39239170696e-008, 7.4399758887e-007, 8.85348327984e-008, 4.22136814393e-008, 1.67112759186e-007, 8.33943659018e-007, 2.44588335363e-007, 3.52836792672e-007, 1.12106008032e-007, 3.75023923027e-008, 5.32487831606e-008, 4.41895267045e-008, 8.30858724044e-008, 1.40282281791e-007, 1.80897657742e-007, 2.78502369611e-007, 3.5375919083e-007, 7.8341400922e-008, 6.35384678205e-009, 2.5828642003e-010, 8.31904406473e-011, 8.64923150462e-012, 1.0111870007e-014, 6.22457908741e-019, 2.34514880194e-020]
        max: [3.32096315105e-005, 0.000934686337132, 0.0011538034305, 0.00143265223596, 0.00530101265758, 0.0027420045808, 0.00260044122115, 0.00667644292116, 0.00979965738952, 0.00769544858485, 0.00574792921543, 0.00439728191122, 0.00234075332992, 0.00246393843554, 0.00210473127663, 0.00345804356039, 0.00345157738775, 0.0049392208457, 0.00468207569793, 0.00420681759715, 0.00172519299667, 0.000602268031798, 0.000240354434936, 0.000181067851372, 5.13700724696e-005, 2.70385294243e-006, 8.47399306281e-009, 1.11145737058e-009]
        mean: [1.35393099754e-006, 7.20841999282e-005, 7.90206977399e-005, 6.28181223874e-005, 0.000249120348599, 0.000168383790879, 0.000118406642287, 0.000183552037925, 0.000498449546285, 0.000283186353045, 0.000374232593458, 0.00022322757286, 0.00016489958216, 0.000166387297213, 0.000178473448614, 0.000252750964137, 0.000383054401027, 0.000402209087042, 0.000570834614336, 0.000438968272647, 0.000215713735088, 6.72046444379e-005, 1.11214394565e-005, 4.79991649627e-006, 1.35806499202e-006, 3.82203246829e-008, 3.01078023623e-010, 4.67504195079e-011]
        median: [5.19581533354e-007, 3.73556722479e-005, 5.07717049913e-005, 3.12488409691e-005, 0.000123207253637, 8.51320219226e-005, 6.84453698341e-005, 7.04896156094e-005, 0.000220621121116, 0.000158225841005, 0.000151831161929, 0.000138739356771, 0.000125845632283, 0.000102544567198, 0.000116595052532, 0.000188388425158, 0.000293196295388, 0.000313175230986, 0.000434299494373, 0.000300657673506, 0.000150543812197, 5.06404940097e-005, 6.66874757371e-006, 2.43648310061e-006, 6.47995875624e-007, 1.63993352231e-008, 1.56972781995e-010, 1.81802038701e-011]
        min: [2.66816928844e-023, 3.09930689836e-024, 8.51252071987e-024, 9.32516499252e-024, 8.25520407446e-023, 4.79796814588e-023, 1.05184188747e-022, 6.19684509169e-023, 8.81784807106e-023, 2.99811446412e-023, 1.04974074067e-022, 1.26004777635e-022, 6.69444782219e-023, 6.93624252489e-023, 1.83969570131e-022, 6.94143070529e-023, 2.45602464862e-022, 2.5502181748e-022, 3.10634163648e-022, 2.36650597527e-022, 4.0782750697e-022, 5.33381447442e-022, 4.02407969442e-022, 9.84771241993e-022, 1.21015978356e-021, 1.50276977557e-021, 2.46000242609e-021, 9.09337358253e-022]
        var: [3.88017959776e-012, 8.73615846331e-009, 8.89840823248e-009, 9.48290690417e-009, 1.9228970416e-007, 6.37957455751e-008, 2.73404090478e-008, 1.45433162402e-007, 7.22435402167e-007, 1.8732274043e-007, 3.79084298174e-007, 7.40584908954e-008, 2.35539232563e-008, 3.84865010972e-008, 3.35322098977e-008, 5.97485012577e-008, 1.18808003435e-007, 1.06059061977e-007, 2.28469644981e-007, 1.61965402867e-007, 3.75246642648e-008, 3.14497494713e-009, 2.38297964694e-010, 9.9308644641e-011, 7.2755265354e-012, 8.15822324247e-015, 2.03868394261e-019, 5.69459164118e-021]
    mfcc:
        mean: [-684.063842773, 96.0986099243, -65.5787887573, 44.5791320801, -24.5823287964, -0.818912684917, 2.32742500305, 2.35276627541, 1.09578204155, -2.89727187157, -3.65053987503, -3.18816208839, -3.73359060287]
        cov: [[1740.84729004, -43.9100952148, -84.4582061768, -147.366729736, -55.3086471558, 48.9199676514, -20.1180648804, 93.1426620483, -5.45480442047, 31.0168914795, -6.47427606583, -12.0419464111, -31.5071468353], [-43.9100952148, 536.42401123, -68.6790084839, -15.1713037491, -35.5187759399, 1.82363951206, 8.18773555756, 22.4193725586, 12.5163793564, -28.0099544525, -2.82752847672, -34.7497406006, 15.8909683228], [-84.4582061768, -68.6790084839, 317.952789307, 69.2580413818, 104.582221985, -4.59820699692, -10.5260305405, -29.5444259644, -32.9233360291, 2.02206087112, -14.267332077, 25.8372421265, 11.8997516632], [-147.366729736, -15.1713037491, 69.2580413818, 223.1171875, 51.2906570435, 11.6042709351, -5.45147752762, -41.0459251404, 6.7604470253, -14.3231287003, 4.06226205826, 19.5884037018, 23.5972557068], [-55.3086471558, -35.5187759399, 104.582221985, 51.2906570435, 139.477432251, 29.0328826904, 3.87214112282, -5.3431968689, -6.71225786209, 9.23662185669, 0.513174414635, 19.9760513306, 5.4999461174], [48.9199676514, 1.82363951206, -4.59820699692, 11.6042709351, 29.0328826904, 94.7730331421, 55.9883613586, 20.8052997589, -1.74015569687, -0.754282474518, 3.81142425537, -4.16182613373, 10.6090497971], [-20.1180648804, 8.18773555756, -10.5260305405, -5.45147752762, 3.87214112282, 55.9883613586, 104.938827515, 36.7639312744, 10.764998436, -7.89547681808, -0.44907322526, -2.73787140846, 6.78022098541], [93.1426620483, 22.4193725586, -29.5444259644, -41.0459251404, -5.3431968689, 20.8052997589, 36.7639312744, 82.6266021729, 32.1587715149, 16.82554245, 5.47580862045, 1.07196891308, -3.61038613319], [-5.45480442047, 12.5163793564, -32.9233360291, 6.7604470253, -6.71225786209, -1.74015569687, 10.764998436, 32.1587715149, 70.1005554199, 33.9782791138, 18.586725235, 2.75386142731, -1.19901800156], [31.0168914795, -28.0099544525, 2.02206087112, -14.3231287003, 9.23662185669, -0.754282474518, -7.89547681808, 16.82554245, 33.9782791138, 66.6159210205, 34.3458862305, 15.1860113144, -4.50158023834], [-6.47427606583, -2.82752847672, -14.267332077, 4.06226205826, 0.513174414635, 3.81142425537, -0.44907322526, 5.47580862045, 18.586725235, 34.3458862305, 57.6576004028, 27.8445148468, 10.1322278976], [-12.0419464111, -34.7497406006, 25.8372421265, 19.5884037018, 19.9760513306, -4.16182613373, -2.73787140846, 1.07196891308, 2.75386142731, 15.1860113144, 27.8445148468, 66.2680282593, 30.128408432], [-31.5071468353, 15.8909683228, 11.8997516632, 23.5972557068, 5.4999461174, 10.6090497971, 6.78022098541, -3.61038613319, -1.19901800156, -4.50158023834, 10.1322278976, 30.128408432, 59.5278549194]]
        icov: [[0.000701248121914, 7.48926249798e-005, 3.04474961013e-005, 0.000220916626859, 0.000367063388694, -0.000822827627417, 0.000807520467788, -0.000929644796997, 0.000418253504904, -0.00028450760874, 0.000320433318848, -0.000235547646298, 0.000273462646874], [7.48926249798e-005, 0.00217567617074, 0.000197086352273, 7.62669660617e-005, -1.15136917884e-005, 0.000197368164663, 0.000378097494831, -0.000927055138163, -0.000422546669142, 0.00146225956269, -0.00117795809638, 0.00192207691725, -0.00141443079337], [3.04474961013e-005, 0.000197086352273, 0.00497640110552, -0.0010059911292, -0.00324479513802, 0.00184639892541, -0.000915575597901, 0.000153979679453, 0.002828234341, -0.0024474740494, 0.00217328150757, -0.000616234668996, -0.000734293309506], [0.000220916626859, 7.62669660617e-005, -0.0010059911292, 0.00666270032525, -0.00136475684121, -0.00181833037641, 0.000751078361645, 0.00381799647585, -0.00470094801858, 0.00378057733178, -0.000964281091001, -0.00112171412911, -0.000824240385555], [0.000367063388694, -1.15136917884e-005, -0.00324479513802, -0.00136475684121, 0.011804937385, -0.00527113862336, 0.00190510915127, -0.00069788354449, 0.000205035656109, -0.00183452374768, 0.00199043285102, -0.00353753566742, 0.00229344400577], [-0.000822827627417, 0.000197368164663, 0.00184639892541, -0.00181833037641, -0.00527113862336, 0.0204530805349, -0.0104440767318, -0.00175039586611, 0.00506656244397, -0.00264459871687, -0.00284014572389, 0.00605377973989, -0.00488968333229], [0.000807520467788, 0.000378097494831, -0.000915575597901, 0.000751078361645, 0.00190510915127, -0.0104440767318, 0.0178570896387, -0.00602964824066, -0.00290800258517, 0.00526573974639, -0.000605939305387, -0.000933904375415, 0.000412905676058], [-0.000929644796997, -0.000927055138163, 0.000153979679453, 0.00381799647585, -0.00069788354449, -0.00175039586611, -0.00602964824066, 0.0223561208695, -0.00975802540779, -0.000886810244992, 0.00271675968543, -0.00369304744527, 0.001773395692], [0.000418253504904, -0.000422546669142, 0.002828234341, -0.00470094801858, 0.000205035656109, 0.00506656244397, -0.00290800258517, -0.00975802540779, 0.0281269010156, -0.0144948614761, -0.000172518732143, 0.00348568498157, -0.00181462708861], [-0.00028450760874, 0.00146225956269, -0.0024474740494, 0.00378057733178, -0.00183452374768, -0.00264459871687, 0.00526573974639, -0.000886810244992, -0.0144948614761, 0.0340316854417, -0.0163476616144, -0.000972206529696, 0.00399309257045], [0.000320433318848, -0.00117795809638, 0.00217328150757, -0.000964281091001, 0.00199043285102, -0.00284014572389, -0.000605939305387, 0.00271675968543, -0.000172518732143, -0.0163476616144, 0.0336006246507, -0.0124944252893, 0.000352766684955], [-0.000235547646298, 0.00192207691725, -0.000616234668996, -0.00112171412911, -0.00353753566742, 0.00605377973989, -0.000933904375415, -0.00369304744527, 0.00348568498157, -0.000972206529696, -0.0124944252893, 0.0297242812812, -0.0138603765517], [0.000273462646874, -0.00141443079337, -0.000734293309506, -0.000824240385555, 0.00229344400577, -0.00488968333229, 0.000412905676058, 0.001773395692, -0.00181462708861, 0.00399309257045, 0.000352766684955, -0.0138603765517, 0.0257351920009]]
    sccoeffs:
        dmean: [0.0540447682142, 0.0499461889267, 0.0401449725032, 0.0284409429878, 0.0196447446942, 0.0175435841084]
        dmean2: [0.0905010402203, 0.082404948771, 0.0664166584611, 0.0476350970566, 0.0332326255739, 0.0285635758191]
        dvar: [0.00200610770844, 0.00157100742217, 0.000990573666058, 0.000501199800055, 0.000254188344115, 0.000225322626648]
        dvar2: [0.00548080448061, 0.00415049633011, 0.00262744119391, 0.00135584769305, 0.000690955494065, 0.000561761378776]
        max: [-0.38479450345, -0.434065639973, -0.492720931768, -0.517354607582, -0.567956745625, -0.561751663685]
        mean: [-0.717969119549, -0.754152774811, -0.771021902561, -0.798133075237, -0.801447629929, -0.721911549568]
        median: [-0.724222004414, -0.763453662395, -0.777002632618, -0.802393496037, -0.805213689804, -0.724558472633]
        min: [-0.951982617378, -0.965606868267, -0.964964330196, -0.967328846455, -0.964630365372, -0.961651086807]
        var: [0.00434143142775, 0.00494166091084, 0.00344374380074, 0.00148588092998, 0.00086369831115, 0.00119440781418]
    scvalleys:
        dmean: [0.38046836853, 0.344795018435, 0.277891516685, 0.230405926704, 0.241133585572, 0.265955418348]
        dmean2: [0.6217187047, 0.573558270931, 0.453424394131, 0.376015543938, 0.401988506317, 0.424171864986]
        dvar: [0.108550146222, 0.0951606556773, 0.066861949861, 0.0537556931376, 0.0675818771124, 0.10792850703]
        dvar2: [0.269510418177, 0.236958175898, 0.147028252482, 0.108788304031, 0.146302983165, 0.239104345441]
        max: [-5.21453046799, -4.94861984253, -4.94105815887, -5.62029409409, -5.33960962296, -7.5107717514]
        mean: [-6.86365747452, -6.5441570282, -6.471326828, -6.66857719421, -6.56996774673, -9.56397819519]
        median: [-6.75529098511, -6.46441030502, -6.36516857147, -6.57594776154, -6.54890346527, -9.49725914001]
        min: [-27.3225097656, -27.5319843292, -27.3699188232, -27.3447341919, -27.0662841797, -27.164484024]
        var: [0.606999337673, 0.445475190878, 0.501180291176, 0.370190024376, 0.276589632034, 0.642772912979]

rhythm:
    beats_loudness:
        dmean: 0.00167384173255
        dmean2: 0.00287627079524
        dvar: 1.9507849629e-006
        dvar2: 5.32676040166e-006
        max: 0.0144766038284
        mean: 0.00538802566007
        median: 0.00533409230411
        min: 0.000124190031784
        var: 5.0353255574e-006
    bpm: 129.877624512
    bpm_confidence: 0
    first_peak_bpm: 129
    first_peak_spread: 0.276283621788
    first_peak_weight: 0.671201825142
    onset_rate: 3.38785171509
    second_peak_bpm: 157
    second_peak_spread: 0.230769217014
    second_peak_weight: 0.0226757377386
    beats_loudness_band_ratio:
        dmean: [0.0559445545077, 0.0589863471687, 0.0923692733049, 0.0971903949976, 0.089449390769, 0.0770739763975]
        dmean2: [0.0956019982696, 0.101193375885, 0.158946603537, 0.165680527687, 0.155758053064, 0.130774050951]
        dvar: [0.00272793625481, 0.00345802260563, 0.0090489462018, 0.0092550534755, 0.00536255864426, 0.00437029870227]
        dvar2: [0.00752056064084, 0.00869415607303, 0.023919198662, 0.021544508636, 0.0135170705616, 0.0115294009447]
        max: [0.683371841908, 0.628478825092, 0.707317769527, 0.59797334671, 0.63662135601, 0.684836268425]
        mean: [0.087676987052, 0.0909581109881, 0.168638795614, 0.181729197502, 0.284463584423, 0.232515782118]
        median: [0.0744558274746, 0.0725318789482, 0.140827298164, 0.142510741949, 0.278174936771, 0.205455482006]
        min: [2.14723950194e-005, 0.000204678552109, 0.00468101119623, 0.00338698341511, 0.0597112290561, 0.0791664123535]
        var: [0.00483494903892, 0.00609581498429, 0.0141381276771, 0.0138996653259, 0.00974978879094, 0.0114989541471]
    beats_position: [0.441179126501, 0.893968224525, 1.34675729275, 1.8111563921, 2.27555561066, 2.73995471001, 3.20435357094, 3.65714287758, 4.1099319458, 4.57433080673, 5.0387301445, 5.50312900543, 5.9675283432, 6.43192720413, 6.88471651077, 7.33750534058, 7.80190467834, 8.26630401611, 8.73070240021, 9.19510173798, 9.65950107574, 10.1122903824, 10.5766887665, 11.0294780731, 11.4938774109, 11.9582767487, 12.4226751328, 12.8870744705, 13.3514738083, 13.8158731461, 14.2802715302, 14.756280899, 15.2439002991, 15.7431287766, 16.2307472229, 16.7299766541, 17.2292060852, 17.7052154541, 18.181224823, 18.6456241608, 19.1100215912, 19.574420929, 20.0388202667, 20.5032196045, 20.9676189423, 21.43201828, 21.8964176178, 22.3608150482, 22.8136043549, 23.2663936615, 23.7307929993, 24.195192337, 24.6595916748, 25.1239910126, 25.5767803192, 26.0411777496, 26.5055770874, 26.9699764252, 27.4343757629, 27.8987751007, 28.3515644073, 28.8159637451, 29.2687530518, 29.7331504822, 30.1859397888, 30.6387290955, 31.1147384644, 31.5791378021, 32.0435371399, 32.5079345703, 32.9723358154, 33.4251251221, 33.8779144287, 34.3423118591, 34.8067131042, 35.2711105347, 35.7238998413, 36.1882972717, 36.6410865784, 37.1054878235, 37.5698852539, 38.034286499, 38.4986839294, 38.9630813599, 39.427482605, 39.8918800354, 40.3562812805, 40.8090705872, 41.2618598938, 41.7262573242, 42.1906585693, 42.6550559998, 43.1194534302, 43.5954627991, 44.0946922302, 44.5939216614, 45.0815429688, 45.5575485229, 46.0451698303, 46.5443992615, 47.0204086304, 47.4964179993, 47.9608154297, 48.4252128601, 48.8780021667, 49.3424034119, 49.8068008423, 50.2712020874, 50.7355995178, 51.2000007629, 51.6643981934, 52.1171875, 52.5699768066, 53.0343742371, 53.4987754822, 53.9631729126, 54.4275741577, 54.8919715881, 55.3563690186, 55.8091583252, 56.2619476318, 56.726348877, 57.1907463074, 57.6551475525, 58.1195449829, 58.583946228, 59.0483436584, 59.5127410889, 59.977142334, 60.4531517029, 60.9291610718, 61.4167785645, 61.9043960571, 62.3920173645, 62.8564147949, 63.3324241638, 63.8200454712, 64.3192749023, 64.7952804565, 65.2712936401, 65.7356872559, 66.200088501, 66.6644897461, 67.1288909912, 67.5816802979, 68.0344696045, 68.4988632202, 68.9632644653, 69.4276657104, 69.8920593262, 70.3564605713, 70.8208618164, 71.2852630615, 71.7496566772, 72.2140579224, 72.666847229, 73.1312484741, 73.5840377808, 74.0484313965, 74.5012207031, 74.9540100098, 75.4184112549, 75.8828125, 76.3472061157, 76.8116073608, 77.276008606, 77.7287979126, 78.1815872192, 78.6459884644, 79.1103820801, 79.5747833252, 80.0391845703, 80.503578186, 80.9679794312, 81.4323806763, 81.8851699829, 82.3379592896, 82.8023605347, 83.2667541504, 83.7311553955, 84.1955566406, 84.6599502563, 85.1243515015, 85.5771408081, 86.0299301147, 86.4943313599, 86.9587249756, 87.4231262207, 87.8875274658, 88.3519287109, 88.8163223267, 89.2807235718, 89.7335128784, 90.1863021851, 90.6507034302, 91.1150970459, 91.579498291, 92.0438995361, 92.5083007813, 92.9610900879, 93.4254837036, 93.8782730103, 94.3426742554, 94.8070755005, 95.2714691162, 95.7358703613, 96.2002716064, 96.6646728516, 97.1174621582, 97.5818557739, 98.0346450806, 98.4990463257, 98.9634475708, 99.4278411865, 99.8922424316, 100.356643677, 100.821044922, 101.273826599, 101.738227844, 102.191017151, 102.655418396, 103.119819641, 103.584213257, 104.048614502, 104.513015747, 104.965805054, 105.41859436, 105.882987976, 106.347389221, 106.811790466, 107.276191711, 107.740585327, 108.204986572, 108.669387817, 109.122177124, 109.58657074, 110.050971985, 110.503761292, 110.968162537, 111.432563782, 111.896957397, 112.361358643, 112.814147949, 113.266937256, 113.731338501, 114.195732117, 114.648521423, 115.10131073, 115.565711975, 116.03011322, 116.494506836, 116.958908081, 117.423309326, 117.887710571, 118.352104187, 118.816505432, 119.269294739, 119.722084045, 120.186485291, 120.650878906, 121.115280151, 121.579681396, 122.044082642, 122.496871948, 122.949661255, 123.414054871, 123.878456116, 124.342857361, 124.807250977, 125.271652222, 125.736053467, 126.188842773, 126.653244019, 127.117637634, 127.582038879, 128.034820557, 128.499221802, 128.963623047, 129.416412354, 129.86920166, 130.333602905, 130.79800415, 131.262405396, 131.726806641, 132.191192627, 132.655593872, 133.108383179, 133.561172485, 134.02557373, 134.489974976, 134.954376221, 135.407165527, 135.859954834, 136.324356079, 136.788757324, 137.253143311, 137.717544556, 138.181945801, 138.646347046, 139.110748291, 139.575149536, 140.039550781, 140.503936768, 140.968338013, 141.432739258, 141.885528564, 142.338317871, 142.802719116, 143.267120361, 143.731521606, 144.184310913, 144.648712158, 145.113098145, 145.57749939, 146.030288696, 146.494689941, 146.959091187, 147.423492432, 147.887893677, 148.352294922, 148.816680908, 149.269470215, 149.722259521, 150.186660767, 150.651062012, 151.115463257, 151.579864502, 152.044265747, 152.508651733, 152.96144104, 153.425842285, 153.878631592, 154.343032837, 154.807434082, 155.271835327, 155.736236572, 156.200637817, 156.665023804, 157.11781311, 157.570602417, 158.035003662, 158.499404907, 158.963806152, 159.428207397, 159.904220581, 160.357009888, 160.809799194, 161.262588501, 161.726974487, 162.191375732, 162.655776978, 163.120178223, 163.584579468, 164.048980713, 164.50177002, 164.954559326, 165.418960571, 165.883346558, 166.347747803, 166.812149048, 167.288162231, 167.740951538, 168.193740845, 168.646530151, 169.110931396, 169.575332642, 170.039718628, 170.504119873, 170.968521118, 171.432922363, 171.88571167, 172.338500977, 172.802902222, 173.267303467, 173.731704712, 174.196090698, 174.660491943, 175.124893188, 175.589294434, 176.04208374, 176.494873047, 176.959274292, 177.423675537, 177.888076782, 178.352462769, 178.816864014, 179.281265259, 179.734054565, 180.198455811, 180.651245117, 181.104034424, 181.55682373, 182.021224976, 182.485626221, 182.950012207, 183.414413452, 183.878814697, 184.343215942, 184.807617188, 185.272018433, 185.736419678, 186.200805664, 186.665206909, 187.129608154, 187.594009399, 188.046798706, 188.499588013, 188.963989258, 189.428390503, 189.892791748, 190.357177734, 190.809967041, 191.262756348, 191.727157593, 192.191558838, 192.655960083, 193.120361328, 193.584762573, 194.049163818, 194.513549805, 194.97795105, 195.442352295, 195.90675354, 196.347930908, 196.800720215, 197.253509521, 197.648254395, 198.019775391, 198.391296387, 198.774414063, 199.157546997, 199.529067993, 199.912200928, 200.295318604, 200.678451538, 201.061584473, 201.456329346, 201.839447021, 202.222579956, 202.617324829, 203.000442505, 203.383575439]
