
metadata:
    version:
        essentia: "2.1-beta2"
    audio_properties:
        analysis_sample_rate: 44100
        bitrate: 320
        channels: 2
        equal_loudness: 1
        length: 184.398361206
        replay_gain: -15.7554426193
        downmix: "mix"
    tags:
        album: "Ungrateful"
        artist: "Escape The Fate"
        comment: "Forever Immortal Hosts www.p2pdl.com"
        date: "2013"
        genre: "Hardcore"
        title: "Forget About Me"
        tracknumber: "4/13"

configuration:
    average_loudness:
        compute: 1
        frameSize: 88200
        hopSize: 44100
        silentFrames: "noise"
        windowType: "hann"
    general:
        analysisSampleRate: 44100
        endTime: 2000
        equalLoudness: 1
        nequalLoudness: 0
        shortSound: 0
        startTime: 0
    lowlevel:
        compute: 1
        frameSize: 2048
        hopSize: 1024
        zeroPadding: 0
        silentFrames: "noise"
        windowType: "blackmanharris62"
        mfccStats: ["mean", "cov", "icov"]
        stats: ["mean", "var", "median", "min", "max", "dmean", "dmean2", "dvar", "dvar2"]
    panning:
        compute: 0
        frameSize: 8192
        hopSize: 2048
        zeroPadding: 8192
        silentFrames: "noise"
        windowType: "hann"
        stats: ["copy"]
    rhythm:
        compute: 1
        maxTempo: 208
        minTempo: 40
        method: "degara"
        stats: ["mean", "var", "median", "min", "max", "dmean", "dmean2", "dvar", "dvar2"]
    segmentation:
        compute: 0
        cpw: 5
        inc1: 300
        inc2: 50
        minimumSegmentsLength: 10
        size1: 1000
        size2: 600
    sfx:
        compute: 1
        stats: ["mean", "var", "median", "min", "max", "dmean", "dmean2", "dvar", "dvar2"]
    svm:
        compute: 0
    tonal:
        compute: 1
        frameSize: 4096
        hopSize: 2048
        zeroPadding: 0
        silentFrames: "noise"
        windowType: "blackmanharris62"
        stats: ["mean", "var", "median", "min", "max", "dmean", "dmean2", "dvar", "dvar2"]

lowlevel:
    average_loudness: 0.944669485092
    barkbands_kurtosis:
        dmean: 0.899905085564
        dmean2: 1.47499895096
        dvar: 1.67056298256
        dvar2: 4.0861787796
        max: 36.9410934448
        mean: -0.153477713466
        median: -0.784813046455
        min: -1.89732944965
        var: 4.87372589111
    barkbands_skewness:
        dmean: 0.421628594398
        dmean2: 0.674504637718
        dvar: 0.152651831508
        dvar2: 0.3888014853
        max: 2.51228547096
        mean: -0.599397718906
        median: -0.560684740543
        min: -4.36580610275
        var: 0.626793265343
    barkbands_spread:
        dmean: 6.60416030884
        dmean2: 10.7755899429
        dvar: 43.0378684998
        dvar2: 112.697486877
        max: 68.8298339844
        mean: 31.1052055359
        median: 30.3168182373
        min: 1.88253939152
        var: 120.981704712
    dissonance:
        dmean: 0.0103595145047
        dmean2: 0.0175027325749
        dvar: 0.000135323556606
        dvar2: 0.000368565495592
        max: 0.500000059605
        mean: 0.482794195414
        median: 0.487579762936
        min: 0.273038208485
        var: 0.000272195291473
    hfc:
        dmean: 3.6841006279
        dmean2: 6.41562461853
        dvar: 27.2324409485
        dvar2: 74.5461654663
        max: 48.6656150818
        mean: 10.5715093613
        median: 9.81172561646
        min: 1.17313030873e-016
        var: 42.2677879333
    pitch:
        dmean: 785.285766602
        dmean2: 1500.63586426
        dvar: 1671444.25
        dvar2: 4093812
        max: 4654.53662109
        mean: 1912.35974121
        median: 721.111450195
        min: 79.4003601074
        var: 2833377.75
    pitch_instantaneous_confidence:
        dmean: 0.0893467217684
        dmean2: 0.146550014615
        dvar: 0.00568105094135
        dvar2: 0.0144812921062
        max: 0.957231938839
        mean: 0.418520748615
        median: 0.396134078503
        min: 0.123532533646
        var: 0.0190135966986
    pitch_salience:
        dmean: 0.0587128847837
        dmean2: 0.0970372781157
        dvar: 0.0027370210737
        dvar2: 0.00726144574583
        max: 0.97499448061
        mean: 0.669968545437
        median: 0.682812333107
        min: 0.314168184996
        var: 0.00734384125099
    silence_rate_20dB:
        dmean: 0
        dmean2: 0
        dvar: 0
        dvar2: 0
        max: 1
        mean: 1
        median: 1
        min: 1
        var: 0
    silence_rate_30dB:
        dmean: 0
        dmean2: 0
        dvar: 0
        dvar2: 0
        max: 1
        mean: 1
        median: 1
        min: 1
        var: 0
    silence_rate_60dB:
        dmean: 0.0755477175117
        dmean2: 0.151114463806
        dvar: 0.0698411613703
        dvar2: 0.152449548244
        max: 1
        mean: 0.218557223678
        median: 0
        min: 0
        var: 0.170781970024
    spectral_centroid:
        dmean: 295.70211792
        dmean2: 475.853393555
        dvar: 92008.1484375
        dvar2: 216574.46875
        max: 10966.2587891
        mean: 2207.1953125
        median: 2200.625
        min: 413.55682373
        var: 388586.25
    spectral_complexity:
        dmean: 4.85217809677
        dmean2: 8.12290668488
        dvar: 24.7736740112
        dvar2: 63.032119751
        max: 45
        mean: 17.3958206177
        median: 18
        min: 0
        var: 73.8078613281
    spectral_crest:
        dmean: 2.03015518188
        dmean2: 3.42044663429
        dvar: 3.81716132164
        dvar2: 10.1579446793
        max: 22.5015296936
        mean: 6.88142490387
        median: 6.21184158325
        min: 2.66861891747
        var: 6.91898345947
    spectral_decrease:
        dmean: 3.36557809399e-010
        dmean2: 5.77574599259e-010
        dvar: 2.85189412085e-019
        dvar2: 7.79492099276e-019
        max: 8.53417715845e-029
        mean: -1.04588704364e-009
        median: -1.00020769445e-009
        min: -4.91783813672e-009
        var: 3.73471141839e-019
    spectral_energy:
        dmean: 0.00157302105799
        dmean2: 0.00271011749282
        dvar: 5.8688729041e-006
        dvar2: 1.60287108883e-005
        max: 0.0227105598897
        mean: 0.00490628322586
        median: 0.00465873954818
        min: 1.03185409589e-020
        var: 7.91211641626e-006
    spectral_energyband_high:
        dmean: 0.000325456960127
        dmean2: 0.000574975681957
        dvar: 2.71257874829e-007
        dvar2: 7.41760686651e-007
        max: 0.00505157746375
        mean: 0.000615092460066
        median: 0.000509244098794
        min: 7.38421547887e-021
        var: 3.01179255757e-007
    spectral_energyband_low:
        dmean: 0.000184883901966
        dmean2: 0.000312793563353
        dvar: 7.12239227596e-008
        dvar2: 1.91284755147e-007
        max: 0.00401544710621
        mean: 0.000288515497232
        median: 0.000202979688765
        min: 7.13798707496e-023
        var: 8.84422561853e-008
    spectral_energyband_middle_high:
        dmean: 0.000854345445987
        dmean2: 0.00142944126856
        dvar: 9.92160948954e-007
        dvar2: 2.66891561296e-006
        max: 0.0108662322164
        mean: 0.00277022831142
        median: 0.00257483660243
        min: 1.34476060808e-021
        var: 2.63652736976e-006
    spectral_energyband_middle_low:
        dmean: 0.000733155000489
        dmean2: 0.0012401350541
        dvar: 2.10822440749e-006
        dvar2: 5.79583684157e-006
        max: 0.0129268271849
        mean: 0.00133161072154
        median: 0.000872590695508
        min: 2.50539699143e-022
        var: 2.20791798711e-006
    spectral_flatness_db:
        dmean: 0.0135340057313
        dmean2: 0.0215685199946
        dvar: 0.00016082059301
        dvar2: 0.000376729032723
        max: 0.426784962416
        mean: 0.140616223216
        median: 0.133589297533
        min: 0.0505769066513
        var: 0.00129107723478
    spectral_flux:
        dmean: 0.00942678190768
        dmean2: 0.0150481807068
        dvar: 0.000134931746288
        dvar2: 0.000268188101472
        max: 0.123399183154
        mean: 0.044207893312
        median: 0.0425679944456
        min: 1.01580216461e-010
        var: 0.000306066503981
    spectral_kurtosis:
        dmean: 0.959111630917
        dmean2: 1.61121809483
        dvar: 1.391456604
        dvar2: 3.95152974129
        max: 21.9506378174
        mean: 3.43547272682
        median: 3.19255399704
        min: -1.18025052547
        var: 2.8091146946
    spectral_rms:
        dmean: 0.000318762351526
        dmean2: 0.000534368737135
        dvar: 1.7169389821e-007
        dvar2: 4.5016682293e-007
        max: 0.00470708450302
        mean: 0.00208594091237
        median: 0.00213192682713
        min: 3.17283309001e-012
        var: 4.35476522398e-007
    spectral_rolloff:
        dmean: 303.413574219
        dmean2: 496.078155518
        dvar: 160983.4375
        dvar2: 341356.96875
        max: 19422.9492188
        mean: 3738.91113281
        median: 3854.44335938
        min: 322.998046875
        var: 478368.96875
    spectral_skewness:
        dmean: 0.158598512411
        dmean2: 0.260049134493
        dvar: 0.0261955298483
        dvar2: 0.0685140639544
        max: 3.15365076065
        mean: 1.21006059647
        median: 1.18943524361
        min: -0.0234557334334
        var: 0.0863993912935
    spectral_spread:
        dmean: 425717.28125
        dmean2: 661068.5625
        dvar: 367692382208
        dvar2: 623500394496
        max: 39419412
        mean: 4460176
        median: 4331615
        min: 1544139
        var: 1.39281091789e+012
    spectral_strongpeak:
        dmean: 0.683406829834
        dmean2: 1.16956818104
        dvar: 0.752084136009
        dvar2: 1.99367117882
        max: 10.5006027222
        mean: 1.03676080704
        median: 0.690193772316
        min: 2.84470891287e-010
        var: 1.33968007565
    zerocrossingrate:
        dmean: 0.00810687057674
        dmean2: 0.00986050162464
        dvar: 7.57529051043e-005
        dvar2: 9.29901580093e-005
        max: 0.5029296875
        mean: 0.116980582476
        median: 0.1171875
        min: 0.03564453125
        var: 0.000703318684828
    barkbands:
        dmean: [7.99528606876e-007, 9.40827449085e-005, 9.5821924333e-005, 8.69462528499e-005, 0.000431740452768, 0.000172845335328, 7.71276609157e-005, 8.80389416125e-005, 0.000139268086059, 8.83787943167e-005, 6.44543251838e-005, 7.66205048421e-005, 5.42885863979e-005, 7.56164154154e-005, 0.000118835050671, 0.000142737742863, 0.000179467097041, 0.000245122355409, 0.00031553482404, 0.00032625318272, 0.000157753020176, 4.28782186646e-005, 7.39142342354e-006, 2.23966230806e-006, 1.1964867781e-006, 4.35250449016e-008, 5.98071980829e-010]
        dmean2: [1.33951516545e-006, 0.000158828741405, 0.000167582868016, 0.000154550507432, 0.000773184117861, 0.000284868496237, 0.000128017025418, 0.000139121460961, 0.000212578786886, 0.00013675072114, 9.97229581117e-005, 0.00012459953723, 8.78915525391e-005, 0.000120923541544, 0.000188733523828, 0.000229569341172, 0.000298266968457, 0.00041499856161, 0.000540730718058, 0.000568498624489, 0.000278063700534, 7.53307613195e-005, 1.26825489133e-005, 3.71477926819e-006, 2.01303100766e-006, 7.30148528305e-008, 1.0125146277e-009]
        dvar: [2.2734405504e-012, 2.81437682048e-008, 2.11575894582e-008, 2.28514345224e-008, 1.35321431571e-006, 1.04576308502e-007, 3.18121387011e-008, 4.8004167752e-008, 8.6161222157e-008, 3.31317870916e-008, 2.55354102308e-008, 2.39700295168e-008, 1.13551736902e-008, 2.53328913402e-008, 6.55199841049e-008, 7.32976275231e-008, 1.03127483442e-007, 9.4153826069e-008, 1.70111619013e-007, 2.24932023229e-007, 5.76506877792e-008, 5.46499201448e-009, 2.46849374275e-010, 2.26213926063e-011, 8.14224208889e-012, 9.92467233748e-015, 1.283685566e-018]
        dvar2: [5.77561306073e-012, 7.43633847833e-008, 5.92834474844e-008, 6.38180281953e-008, 3.79677067031e-006, 2.66482203415e-007, 7.8043854046e-008, 1.07967835561e-007, 1.96817410369e-007, 7.23574729022e-008, 6.23139584377e-008, 5.61129063215e-008, 2.75196079258e-008, 5.5932211751e-008, 1.61300818036e-007, 1.6675835468e-007, 2.64832237917e-007, 2.48777496381e-007, 4.56188899989e-007, 6.09237019944e-007, 1.58884603252e-007, 1.49917482872e-008, 6.47143116872e-010, 5.41756396688e-011, 1.96375936345e-011, 2.41902360637e-014, 3.23647194602e-018]
        max: [1.19560372696e-005, 0.00133413006552, 0.00197728117928, 0.00235201790929, 0.0104581685737, 0.0048878765665, 0.00397998187691, 0.0067196842283, 0.00461698742583, 0.00359161919914, 0.0040552620776, 0.00292900111526, 0.00204921956174, 0.00317300739698, 0.00558276986703, 0.00733755948022, 0.00651243794709, 0.00441403407604, 0.00741308927536, 0.00856806710362, 0.00273562408984, 0.000938879617024, 0.000220051166252, 8.9711502369e-005, 8.62217566464e-005, 3.2365021525e-006, 1.50926293685e-008]
        mean: [7.93259232523e-007, 0.000119968666695, 0.000123569028801, 9.282593237e-005, 0.000416725291871, 0.000244707247475, 0.000103678794403, 0.000143111799844, 0.000240274515818, 0.000154298220878, 0.000111306573672, 0.000141073338455, 9.32998154894e-005, 0.000127271050587, 0.000196045410121, 0.000246646872256, 0.000333851581672, 0.00043536897283, 0.000634141208138, 0.000583127257414, 0.000274027348496, 7.28171580704e-005, 1.12904281195e-005, 3.85913426726e-006, 2.13079511013e-006, 7.99838986154e-008, 7.78971276372e-010]
        median: [2.64902496383e-007, 6.23589075985e-005, 7.59301474318e-005, 4.57918213215e-005, 0.000152700318722, 0.000108586769784, 5.09139572387e-005, 4.3133910367e-005, 7.23188713891e-005, 5.64160836802e-005, 3.56505261152e-005, 6.14939053776e-005, 4.86276730953e-005, 5.69640033063e-005, 8.88930517249e-005, 0.00014813762391, 0.000228374789003, 0.00031885059434, 0.000531558238436, 0.000461427756818, 0.000224158735364, 5.49804244656e-005, 6.92120647727e-006, 2.24122413783e-006, 1.38386462822e-006, 5.31954427174e-008, 3.58129970124e-010]
        min: [7.51128741491e-024, 1.78640092119e-023, 3.30139929666e-023, 3.41667143866e-023, 3.40666426476e-023, 2.17783953994e-023, 3.94671181404e-023, 8.19054714141e-024, 8.16981209028e-023, 8.91188660185e-023, 6.97808875601e-023, 1.36262809302e-022, 5.81495374094e-023, 8.30208513143e-023, 1.35740053268e-022, 9.93210337118e-023, 1.6557396491e-022, 1.93334295709e-022, 2.43060136559e-022, 2.62239225809e-022, 3.98167558087e-022, 7.05847696391e-022, 4.45623612609e-022, 9.30211955714e-022, 1.10494679192e-021, 1.78802662468e-021, 2.20427093672e-021]
        var: [2.0468795929e-012, 2.752564221e-008, 2.41284379143e-008, 2.48830076544e-008, 9.53985477281e-007, 1.49796548499e-007, 3.8384420975e-008, 1.17196123028e-007, 2.02688738682e-007, 8.90318503366e-008, 6.85834962155e-008, 6.80061944536e-008, 2.27215135595e-008, 5.86407189473e-008, 1.20344125776e-007, 1.5663502495e-007, 2.1240900594e-007, 1.63332117609e-007, 2.75271787586e-007, 3.20431013279e-007, 6.15128570303e-008, 5.60459456622e-009, 2.65068245131e-010, 3.63416970128e-011, 1.02768731025e-011, 1.22587961375e-014, 1.5871542479e-018]
    frequency_bands:
        dmean: [7.99528606876e-007, 9.40827449085e-005, 9.5821924333e-005, 8.69462528499e-005, 0.000431740452768, 0.000172845335328, 7.71276609157e-005, 8.80389416125e-005, 0.000139268086059, 8.83787943167e-005, 6.44543251838e-005, 7.66205048421e-005, 5.42885863979e-005, 7.56164154154e-005, 0.000118835050671, 0.000142737742863, 0.000179467097041, 0.000245122355409, 0.00031553482404, 0.00032625318272, 0.000157753020176, 4.28782186646e-005, 7.39142342354e-006, 2.23966230806e-006, 1.1964867781e-006, 4.35250449016e-008, 5.98071980829e-010, 5.66286635639e-011]
        dmean2: [1.33951516545e-006, 0.000158828741405, 0.000167582868016, 0.000154550507432, 0.000773184117861, 0.000284868496237, 0.000128017025418, 0.000139121460961, 0.000212578786886, 0.00013675072114, 9.97229581117e-005, 0.00012459953723, 8.78915525391e-005, 0.000120923541544, 0.000188733523828, 0.000229569341172, 0.000298266968457, 0.00041499856161, 0.000540730718058, 0.000568498624489, 0.000278063700534, 7.53307613195e-005, 1.26825489133e-005, 3.71477926819e-006, 2.01303100766e-006, 7.30148528305e-008, 1.0125146277e-009, 1.05645742154e-010]
        dvar: [2.2734405504e-012, 2.81437682048e-008, 2.11575894582e-008, 2.28514345224e-008, 1.35321431571e-006, 1.04576308502e-007, 3.18121387011e-008, 4.8004167752e-008, 8.6161222157e-008, 3.31317870916e-008, 2.55354102308e-008, 2.39700295168e-008, 1.13551736902e-008, 2.53328913402e-008, 6.55199841049e-008, 7.32976275231e-008, 1.03127483442e-007, 9.4153826069e-008, 1.70111619013e-007, 2.24932023229e-007, 5.76506877792e-008, 5.46499201448e-009, 2.46849374275e-010, 2.26213926063e-011, 8.14224208889e-012, 9.92467233748e-015, 1.283685566e-018, 7.60425440754e-021]
        dvar2: [5.77561306073e-012, 7.43633847833e-008, 5.92834474844e-008, 6.38180281953e-008, 3.79677067031e-006, 2.66482203415e-007, 7.8043854046e-008, 1.07967835561e-007, 1.96817410369e-007, 7.23574729022e-008, 6.23139584377e-008, 5.61129063215e-008, 2.75196079258e-008, 5.5932211751e-008, 1.61300818036e-007, 1.6675835468e-007, 2.64832237917e-007, 2.48777496381e-007, 4.56188899989e-007, 6.09237019944e-007, 1.58884603252e-007, 1.49917482872e-008, 6.47143116872e-010, 5.41756396688e-011, 1.96375936345e-011, 2.41902360637e-014, 3.23647194602e-018, 2.46662318295e-020]
        max: [1.19560372696e-005, 0.00133413006552, 0.00197728117928, 0.00235201790929, 0.0104581685737, 0.0048878765665, 0.00397998187691, 0.0067196842283, 0.00461698742583, 0.00359161919914, 0.0040552620776, 0.00292900111526, 0.00204921956174, 0.00317300739698, 0.00558276986703, 0.00733755948022, 0.00651243794709, 0.00441403407604, 0.00741308927536, 0.00856806710362, 0.00273562408984, 0.000938879617024, 0.000220051166252, 8.9711502369e-005, 8.62217566464e-005, 3.2365021525e-006, 1.50926293685e-008, 1.06821362866e-009]
        mean: [7.93259232523e-007, 0.000119968666695, 0.000123569028801, 9.282593237e-005, 0.000416725291871, 0.000244707247475, 0.000103678794403, 0.000143111799844, 0.000240274515818, 0.000154298220878, 0.000111306573672, 0.000141073338455, 9.32998154894e-005, 0.000127271050587, 0.000196045410121, 0.000246646872256, 0.000333851581672, 0.00043536897283, 0.000634141208138, 0.000583127257414, 0.000274027348496, 7.28171580704e-005, 1.12904281195e-005, 3.85913426726e-006, 2.13079511013e-006, 7.99838986154e-008, 7.78971276372e-010, 4.35375520358e-011]
        median: [2.64902496383e-007, 6.23589075985e-005, 7.59301474318e-005, 4.57918213215e-005, 0.000152700318722, 0.000108586769784, 5.09139572387e-005, 4.3133910367e-005, 7.23188713891e-005, 5.64160836802e-005, 3.56505261152e-005, 6.14939053776e-005, 4.86276730953e-005, 5.69640033063e-005, 8.88930517249e-005, 0.00014813762391, 0.000228374789003, 0.00031885059434, 0.000531558238436, 0.000461427756818, 0.000224158735364, 5.49804244656e-005, 6.92120647727e-006, 2.24122413783e-006, 1.38386462822e-006, 5.31954427174e-008, 3.58129970124e-010, 1.56545488378e-011]
        min: [7.51128741491e-024, 1.78640092119e-023, 3.30139929666e-023, 3.41667143866e-023, 3.40666426476e-023, 2.17783953994e-023, 3.94671181404e-023, 8.19054714141e-024, 8.16981209028e-023, 8.91188660185e-023, 6.97808875601e-023, 1.36262809302e-022, 5.81495374094e-023, 8.30208513143e-023, 1.35740053268e-022, 9.93210337118e-023, 1.6557396491e-022, 1.93334295709e-022, 2.43060136559e-022, 2.62239225809e-022, 3.98167558087e-022, 7.05847696391e-022, 4.45623612609e-022, 9.30211955714e-022, 1.10494679192e-021, 1.78802662468e-021, 2.20427093672e-021, 9.28085641097e-022]
        var: [2.0468795929e-012, 2.752564221e-008, 2.41284379143e-008, 2.48830076544e-008, 9.53985477281e-007, 1.49796548499e-007, 3.8384420975e-008, 1.17196123028e-007, 2.02688738682e-007, 8.90318503366e-008, 6.85834962155e-008, 6.80061944536e-008, 2.27215135595e-008, 5.86407189473e-008, 1.20344125776e-007, 1.5663502495e-007, 2.1240900594e-007, 1.63332117609e-007, 2.75271787586e-007, 3.20431013279e-007, 6.15128570303e-008, 5.60459456622e-009, 2.65068245131e-010, 3.63416970128e-011, 1.02768731025e-011, 1.22587961375e-014, 1.5871542479e-018, 5.73525516155e-021]
    mfcc:
        mean: [-700.55670166, 85.8318099976, -56.1181526184, 57.7471694946, -17.2470226288, -1.96912813187, 1.57200205326, -4.16490507126, 0.649832069874, -3.9399907589, -2.6041533947, -5.18524312973, -2.10744404793]
        cov: [[5099.54736328, 823.635131836, -95.4224395752, 612.888000488, -41.432849884, 181.707336426, 50.1046676636, -9.86671543121, 18.2291278839, -54.1246910095, -84.0235900879, -11.2305240631, 27.3045196533], [823.635131836, 833.745422363, -144.922805786, 90.997756958, 12.9162817001, 81.506149292, 26.0443706512, 62.2108573914, 34.6938209534, 15.0920505524, 22.7067890167, -30.9302577972, -9.78751182556], [-95.4224395752, -144.922805786, 475.056030273, 114.316184998, 72.1930923462, 32.0972824097, 19.1418514252, 2.51943659782, -32.6247711182, 9.29491138458, -28.3804664612, 21.8690109253, 7.95602607727], [612.888000488, 90.997756958, 114.316184998, 386.99432373, 74.8368453979, 54.1996307373, 32.7568206787, -3.51046514511, 45.198223114, 1.39515805244, -6.19301080704, 26.0557460785, 41.4518699646], [-41.432849884, 12.9162817001, 72.1930923462, 74.8368453979, 128.896652222, 34.1407966614, 1.57207524776, 13.6372261047, 17.7631988525, 13.6163873672, -10.1296739578, 9.49712085724, 11.8511886597], [181.707336426, 81.506149292, 32.0972824097, 54.1996307373, 34.1407966614, 148.395889282, 100.774635315, 32.138923645, 12.4294939041, 15.6584072113, 10.5950727463, 5.67492008209, 19.7436008453], [50.1046676636, 26.0443706512, 19.1418514252, 32.7568206787, 1.57207524776, 100.774635315, 179.380599976, 51.069152832, 18.2118473053, 11.08289814, 21.4783344269, 17.7142677307, 28.5400848389], [-9.86671543121, 62.2108573914, 2.51943659782, -3.51046514511, 13.6372261047, 32.138923645, 51.069152832, 102.64881134, 42.2202186584, 23.7159118652, 13.8849239349, 9.58243942261, 2.31008481979], [18.2291278839, 34.6938209534, -32.6247711182, 45.198223114, 17.7631988525, 12.4294939041, 18.2118473053, 42.2202186584, 98.7576904297, 47.0180358887, 22.4305229187, 14.9364738464, 13.4941835403], [-54.1246910095, 15.0920505524, 9.29491138458, 1.39515805244, 13.6163873672, 15.6584072113, 11.08289814, 23.7159118652, 47.0180358887, 86.1735916138, 39.7987785339, 7.99747133255, 3.01698279381], [-84.0235900879, 22.7067890167, -28.3804664612, -6.19301080704, -10.1296739578, 10.5950727463, 21.4783344269, 13.8849239349, 22.4305229187, 39.7987785339, 74.6734008789, 28.9464187622, 9.92938709259], [-11.2305240631, -30.9302577972, 21.8690109253, 26.0557460785, 9.49712085724, 5.67492008209, 17.7142677307, 9.58243942261, 14.9364738464, 7.99747133255, 28.9464187622, 76.2803421021, 43.4641113281], [27.3045196533, -9.78751182556, 7.95602607727, 41.4518699646, 11.8511886597, 19.7436008453, 28.5400848389, 2.31008481979, 13.4941835403, 3.01698279381, 9.92938709259, 43.4641113281, 80.2638931274]]
        icov: [[0.000333081465214, -0.000255499617197, 0.000141552256537, -0.000583796354476, 0.000542675552424, -0.000370251218555, 0.000144359422848, 2.71537428489e-005, 0.000227105949307, -0.000217061446165, 0.00070205272641, -0.000364802923286, 0.000182511066669], [-0.000255499617197, 0.00176454917528, 0.000504469498992, -0.000155913920025, -0.000355142983608, -0.000729869760107, 0.000552591576707, -0.00120767578483, 0.000229634722928, 0.0002289301774, -0.00114175665658, 0.00114192848559, -0.00012148971291], [0.000141552256537, 0.000504469498992, 0.00317673501559, -0.00134994613472, -0.000732039043214, -0.000428607774666, -7.2378978075e-005, -0.000927332555875, 0.00275865173899, -0.00222475919873, 0.00210604537278, -0.00157050718553, 0.000871339114383], [-0.000583796354476, -0.000155913920025, -0.00134994613472, 0.00491603137925, -0.00226430222392, 0.000158166978508, -0.000633479794487, 0.00189548975322, -0.00342263816856, 0.00208535650745, -0.00129191204906, 0.000445102778031, -0.0013435104629], [0.000542675552424, -0.000355142983608, -0.000732039043214, -0.00226430222392, 0.011385653168, -0.00349066732451, 0.00248659402132, -0.00117050809786, -0.00037400869769, -0.0019534858875, 0.00363246048801, -0.00175806425977, -1.9976960175e-005], [-0.000370251218555, -0.000729869760107, -0.000428607774666, 0.000158166978508, -0.00349066732451, 0.0135843073949, -0.00732503086329, 0.000131543318275, 0.00107828562614, -0.00144237501081, -0.000727950478904, 0.00172676623333, -0.00119960610755], [0.000144359422848, 0.000552591576707, -7.2378978075e-005, -0.000633479794487, 0.00248659402132, -0.00732503086329, 0.0112668462098, -0.00412444770336, 0.000182715491974, 0.00143617170397, -0.00185831717681, 0.00036487786565, -0.00215264386497], [2.71537428489e-005, -0.00120767578483, -0.000927332555875, 0.00189548975322, -0.00117050809786, 0.000131543318275, -0.00412444770336, 0.0154683664441, -0.00664213625714, 0.00012315280037, 0.000732332817279, -0.00196163891815, 0.00220206473023], [0.000227105949307, 0.000229634722928, 0.00275865173899, -0.00342263816856, -0.00037400869769, 0.00107828562614, 0.000182715491974, -0.00664213625714, 0.0199714545161, -0.0101867262274, 0.00222568004392, -0.00194920960348, -0.00083348195767], [-0.000217061446165, 0.0002289301774, -0.00222475919873, 0.00208535650745, -0.0019534858875, -0.00144237501081, 0.00143617170397, 0.00012315280037, -0.0101867262274, 0.0228184573352, -0.0123064815998, 0.00471780775115, -0.000803091446869], [0.00070205272641, -0.00114175665658, 0.00210604537278, -0.00129191204906, 0.00363246048801, -0.000727950478904, -0.00185831717681, 0.000732332817279, 0.00222568004392, -0.0123064815998, 0.0261592715979, -0.0116655584425, 0.00353213283233], [-0.000364802923286, 0.00114192848559, -0.00157050718553, 0.000445102778031, -0.00175806425977, 0.00172676623333, 0.00036487786565, -0.00196163891815, -0.00194920960348, 0.00471780775115, -0.0116655584425, 0.0253137424588, -0.0121635701507], [0.000182511066669, -0.00012148971291, 0.000871339114383, -0.0013435104629, -1.9976960175e-005, -0.00119960610755, -0.00215264386497, 0.00220206473023, -0.00083348195767, -0.000803091446869, 0.00353213283233, -0.0121635701507, 0.0203096810728]]
    sccoeffs:
        dmean: [0.0585992597044, 0.0504840873182, 0.0392881222069, 0.0302587375045, 0.0207177530974, 0.0186868850142]
        dmean2: [0.0989504978061, 0.0831618979573, 0.0635532289743, 0.049279961735, 0.0338070467114, 0.0306002516299]
        dvar: [0.00253043673001, 0.00168338429648, 0.00101078569423, 0.000614317134023, 0.000293618038995, 0.000279156985926]
        dvar2: [0.006788153667, 0.00437003467232, 0.00251088687219, 0.00152377143968, 0.00072862097295, 0.000708797655534]
        max: [-0.285254061222, -0.4220238626, -0.449597299099, -0.538493096828, -0.594259500504, -0.576524138451]
        mean: [-0.692884624004, -0.758141756058, -0.779170095921, -0.788127601147, -0.797487914562, -0.72964066267]
        median: [-0.702231824398, -0.7686445117, -0.791487693787, -0.795876145363, -0.802310407162, -0.729842841625]
        min: [-0.965924203396, -0.985462486744, -0.99572044611, -0.986223697662, -0.984514474869, -0.959875524044]
        var: [0.0063227750361, 0.00553569244221, 0.00472228927538, 0.00270992703736, 0.00131628976669, 0.0013660476543]
    scvalleys:
        dmean: [0.402555733919, 0.359363585711, 0.298653274775, 0.252256006002, 0.254124492407, 0.286430060863]
        dmean2: [0.658209443092, 0.595193684101, 0.487525731325, 0.406562119722, 0.406443357468, 0.450392633677]
        dvar: [0.130052953959, 0.107154473662, 0.0789711028337, 0.0642908588052, 0.0898182541132, 0.149164736271]
        dvar2: [0.299562841654, 0.246011853218, 0.165094584227, 0.12324283272, 0.179602324963, 0.320231318474]
        max: [-5.15908241272, -4.98241901398, -5.49422216415, -5.69711208344, -5.37732362747, -7.64467811584]
        mean: [-7.09010839462, -6.82106542587, -7.07592868805, -7.10991668701, -6.70701694489, -9.59733963013]
        median: [-6.67808866501, -6.62188529968, -6.88183450699, -6.90658807755, -6.45646333694, -9.39183425903]
        min: [-27.3377494812, -27.3036136627, -27.2675552368, -27.0405330658, -27.3521633148, -27.2341346741]
        var: [2.9500348568, 1.69589745998, 1.53624713421, 1.46060073376, 1.46267056465, 1.56330311298]

rhythm:
    beats_loudness:
        dmean: 0.00134818186052
        dmean2: 0.00241194711998
        dvar: 1.35625180064e-006
        dvar2: 3.41716145158e-006
        max: 0.0129214711487
        mean: 0.00561191886663
        median: 0.00605097180232
        min: 2.90616944572e-012
        var: 4.54656128568e-006
    bpm: 94.9667510986
    bpm_confidence: 0
    first_peak_bpm: 96
    first_peak_spread: 0.428571373224
    first_peak_weight: 0.551724135876
    onset_rate: 3.37855505943
    second_peak_bpm: 91
    second_peak_spread: 0
    second_peak_weight: 0.0172413792461
    beats_loudness_band_ratio:
        dmean: [0.0706050470471, 0.0931561812758, 0.0908321365714, 0.0692278966308, 0.108759991825, 0.090921446681]
        dmean2: [0.117785058916, 0.165287047625, 0.157058656216, 0.122371010482, 0.188219934702, 0.16045974195]
        dvar: [0.00531509099528, 0.00794781092554, 0.00685140071437, 0.0079650497064, 0.0107480753213, 0.00857387296855]
        dvar2: [0.0142624257132, 0.0221031177789, 0.0183866340667, 0.0211288630962, 0.0280512087047, 0.0237496923655]
        max: [0.648143410683, 0.650433301926, 0.695675313473, 0.501866340637, 0.787266612053, 0.85424387455]
        mean: [0.11254696548, 0.212407335639, 0.13389711082, 0.0836275145411, 0.250375986099, 0.266207158566]
        median: [0.0965022966266, 0.162868708372, 0.0992502942681, 0.0499353297055, 0.229061871767, 0.24373267591]
        min: [0, 0, 0, 0, 0, 0]
        var: [0.00742024881765, 0.0253386739641, 0.0106513798237, 0.00733662722632, 0.0159258395433, 0.0147210359573]
    beats_position: [0.592108845711, 1.19582760334, 1.8111563921, 2.43809509277, 3.06503391266, 3.69197273254, 4.31891155243, 4.95746040344, 5.59600877762, 6.2229475975, 6.84988641739, 7.47682523727, 8.11537361145, 8.75392246246, 9.38086128235, 10.0078001022, 10.6347389221, 11.261677742, 11.900226593, 12.5271654129, 13.1657142639, 13.7926530838, 14.4312019348, 15.0697498322, 15.696688652, 16.3236274719, 16.9505672455, 17.5891151428, 18.2276649475, 18.8546028137, 19.4815406799, 20.1084804535, 20.7470283508, 21.3855781555, 22.0125160217, 22.6394557953, 23.2663936615, 23.9049434662, 24.5318813324, 25.1704311371, 25.7973690033, 26.4243087769, 27.0628566742, 27.7014045715, 28.3283443451, 28.9552822113, 29.5822219849, 30.2207698822, 30.8593196869, 31.4862575531, 32.1131973267, 32.7401351929, 33.3786849976, 34.0172348022, 34.6557807922, 35.2827186584, 35.9096603394, 36.5482063293, 37.1751480103, 37.8020858765, 38.4290237427, 39.0559616089, 39.6945114136, 40.3330612183, 40.9599990845, 41.5869369507, 42.2138786316, 42.8524246216, 43.4793624878, 44.1179122925, 44.7448501587, 45.3833999634, 46.0219497681, 46.6488876343, 47.2758255005, 47.9027671814, 48.5297050476, 49.1682548523, 49.8068008423, 50.4337387085, 51.0606803894, 51.6876182556, 52.3261680603, 52.9531059265, 53.5684356689, 54.2069816589, 54.8339233398, 55.4724693298, 56.1110191345, 56.7495689392, 57.3765068054, 58.0034446716, 58.6419944763, 59.280544281, 59.9074821472, 60.5344200134, 61.1613578796, 61.7999076843, 62.438457489, 63.0653953552, 63.6923332214, 64.3192749023, 64.9462127686, 65.5847625732, 66.2233123779, 66.8502502441, 67.4771881104, 68.115737915, 68.7542877197, 69.3812255859, 70.0081634521, 70.6351013184, 71.273651123, 71.9122009277, 72.5391387939, 73.1660766602, 73.7930145264, 74.4315643311, 75.0701141357, 75.697052002, 76.3239898682, 76.9509277344, 77.5778656006, 78.2164154053, 78.85496521, 79.4819030762, 80.1088409424, 80.7357788086, 81.3743286133, 82.012878418, 82.6398162842, 83.2667541504, 83.8936920166, 84.5322418213, 85.170791626, 85.7977294922, 86.4246673584, 87.0632171631, 87.7017669678, 88.328704834, 88.9556427002, 89.5825805664, 90.2211303711, 90.8480682373, 91.486618042, 92.1135559082, 92.7404937744, 93.36743927, 94.0059814453, 94.64453125, 95.2714691162, 95.8984146118, 96.5369567871, 97.1755065918, 97.802444458, 98.4293823242, 99.0563278198, 99.6948699951, 100.3334198, 100.960357666, 101.587303162, 102.214241028, 102.841178894, 103.46811676, 104.095054626, 104.733604431, 105.372154236, 105.999092102, 106.626029968, 107.276191711, 107.926345825, 108.576507568, 109.226661682, 109.888435364, 110.550201416, 111.200363159, 111.850517273, 112.512290955, 113.174057007, 113.82421875, 114.474372864, 115.136146545, 115.774688721, 116.413238525, 117.05178833, 117.690338135, 118.317276001, 118.944213867, 119.582763672, 120.209701538, 120.836639404, 121.463577271, 122.102127075, 122.74067688, 123.367614746, 124.006164551, 124.633102417, 125.271652222, 125.898590088, 126.525527954, 127.164077759, 127.802627563, 128.42956543, 129.056503296, 129.683441162, 130.321990967, 130.960540771, 131.587478638, 132.214416504, 132.852966309, 133.491516113, 134.118453979, 134.745391846, 135.372329712, 135.999267578, 136.626205444, 137.264755249, 137.903305054, 138.53024292, 139.157180786, 139.795730591, 140.434280396, 141.061218262, 141.688156128, 142.315093994, 142.94203186, 143.580581665, 144.21913147, 144.846069336, 145.473007202, 146.111557007, 146.750106812, 147.377044678, 148.003982544, 148.63092041, 149.257858276, 149.896408081, 150.523345947, 151.161895752, 151.788833618, 152.427383423, 153.065933228, 153.692871094, 154.31980896, 154.946762085, 155.573699951, 156.212234497, 156.850784302, 157.477722168, 158.104675293, 158.743209839, 159.381759644, 160.00869751, 160.635650635, 161.262588501, 161.889526367, 162.516464233, 163.155014038, 163.793563843, 164.420501709, 165.047439575, 165.68598938, 166.324539185, 166.951477051, 167.578414917, 168.205352783, 168.832290649, 169.470840454, 170.109390259, 170.747940063, 171.37487793, 172.001815796, 172.640365601, 173.267303467, 173.894241333, 174.532791138, 175.171340942, 175.798278809, 176.425216675, 177.052154541, 177.679092407, 178.317642212, 178.956192017, 179.583129883, 180.210067749, 180.825393677, 181.417495728, 182.009613037, 182.601715088, 183.193832397, 183.785934448]
    bpm_estimates: [99.3840255737, 97.5088424683, 95.7031326294, 95.7031173706, 95.7031173706, 95.7031173706, 93.9630508423, 93.9631271362, 95.7031173706, 95.7031173706, 95.7031173706, 93.9631271362, 93.9630508423, 95.7031173706, 95.7031173706, 95.7031173706, 95.7031173706, 93.9630508423, 95.7031173706, 93.9630508423, 95.7031173706, 93.9630508423, 93.9631958008, 95.7031173706, 95.7031173706, 95.7029724121, 93.9631958008, 93.9629135132, 95.7032623291, 95.7032623291, 95.7029724121, 93.9631958008, 93.9629135132, 95.7032623291, 95.7029724121, 95.7032623291, 93.9629135132, 95.7032623291, 93.9629135132, 95.7032623291, 95.7029724121, 93.9631958008, 93.9631958008, 95.7029724121, 95.7032623291, 95.7029724121, 93.9631958008, 93.9629135132, 95.7032623291, 95.7029724121, 95.7032623291, 93.9629135132, 93.9629135132, 93.9634780884, 95.7032623291, 95.7026824951, 93.9634780884, 95.7026824951, 95.7032623291, 95.7032623291, 95.7032623291, 93.9629135132, 93.9629135132, 95.7032623291, 95.7032623291, 95.7026824951, 93.9634780884, 95.7032623291, 93.9629135132, 95.7032623291, 93.9629135132, 93.9629135132, 95.7032623291, 95.7032623291, 95.7026824951, 95.7032623291, 93.9629135132, 93.9634780884, 95.7032623291, 95.7026824951, 95.7032623291, 93.9629135132, 95.7032623291, 97.5086975098, 93.9634780884, 95.7026824951, 93.9634780884, 93.9629135132, 93.9629135132, 95.7032623291, 95.7032623291, 93.9629135132, 93.9629135132, 95.7032623291, 95.7032623291, 95.7032623291, 93.9629135132, 93.9629135132, 95.7032623291, 95.7032623291, 95.7026824951, 95.7032623291, 93.9629135132, 93.9629135132, 95.7032623291, 95.7032623291, 93.9629135132, 93.9629135132, 95.7032623291, 95.7032623291, 95.7032623291, 93.9629135132, 93.9629135132, 95.7032623291, 95.7032623291, 95.7032623291, 93.9629135132, 93.9629135132, 95.7032623291, 95.7032623291, 95.7032623291, 95.7032623291, 93.9629135132, 93.9629135132, 95.7032623291, 95.7032623291, 95.7032623291, 93.9629135132, 93.9629135132, 95.7032623291, 95.7032623291, 95.7032623291, 93.9629135132, 93.9629135132, 95.7032623291, 95.7032623291, 93.9629135132, 93.9629135132, 95.7032623291, 95.7032623291, 95.7032623291, 93.9629135132, 95.7032623291, 93.9629135132, 95.7032623291, 95.7032623291, 95.7021026611, 93.9640350342, 93.9629135132, 95.7032623291, 95.7021026611, 93.9640350342, 93.9629135132, 95.7032623291, 95.7032623291, 95.7021026611, 93.9640350342, 93.9629135132, 95.7032623291, 95.7021026611, 95.7032623291, 95.7032623291, 95.7032623291, 95.7032623291, 93.9629135132, 93.9629135132, 95.7032623291, 95.7032623291, 92.2847290039, 92.2858123779, 92.2847290039, 92.2858123779, 92.2847290039, 92.2858123779, 92.2847290039, 92.2858123779, 93.9640350342, 93.9629135132, 93.9629135132, 93.9629135132, 95.7032623291, 95.7032623291, 93.9629135132, 95.7032623291, 95.7032623291, 95.7032623291, 93.9629135132, 93.9629135132, 95.7032623291, 93.9629135132, 95.7032623291, 93.9629135132, 95.7032623291, 95.7032623291, 93.9629135132, 93.9629135132, 95.7032623291, 95.7032623291, 95.7032623291, 93.9629135132, 93.9629135132, 95.7032623291, 95.7032623291, 93.9629135132, 93.9629135132, 95.7032623291, 95.7032623291, 95.7032623291, 95.7032623291, 95.7032623291, 93.9629135132, 93.9629135132, 95.7032623291, 95.7032623291, 93.9629135132, 93.9629135132, 95.7032623291, 95.7032623291, 95.7032623291, 95.7032623291, 93.9629135132, 93.9629135132, 95.7032623291, 95.7032623291, 93.9629135132, 93.9629135132, 95.7032623291, 95.7032623291, 95.7032623291, 95.7032623291, 93.9629135132, 95.7032623291, 93.9629135132, 95.7032623291, 93.9629135132, 93.9629135132, 95.7032623291, 95.7032623291, 95.7009353638, 95.7032623291, 93.9651565552, 93.9629135132, 95.7032623291, 95.7009353638, 93.9651565552, 93.9629135132, 95.7032623291, 95.7009353638, 95.7032623291, 95.7032623291, 95.7032623291, 93.9629135132, 93.9629135132, 95.7032623291, 95.7032623291, 93.9629135132, 93.9629135132, 95.7032623291, 95.7032623291, 95.7032623291, 95.7032623291, 93.9629135132, 93.9629135132, 93.9629135132, 95.7032623291, 95.7032623291, 93.9629135132, 95.7032623291, 95.7032623291, 93.9629135132, 93.9629135132, 95.7032623291, 95.7032623291, 95.7032623291, 95.7032623291, 93.9629135132, 93.9629135132, 95.7032623291, 95.7032623291, 97.5093002319]
