
metadata:
    version:
        essentia: "2.1-beta2"
    audio_properties:
        analysis_sample_rate: 44100
        bitrate: 320
        channels: 2
        equal_loudness: 1
        length: 165.799179077
        replay_gain: -16.1646728516
        downmix: "mix"
    tags:
        album: "Ungrateful"
        artist: "Escape The Fate"
        comment: "Forever Immortal Hosts www.p2pdl.com"
        date: "2013"
        genre: "Hardcore"
        title: "Desire"
        tracknumber: "9/13"

configuration:
    average_loudness:
        compute: 1
        frameSize: 88200
        hopSize: 44100
        silentFrames: "noise"
        windowType: "hann"
    general:
        analysisSampleRate: 44100
        endTime: 2000
        equalLoudness: 1
        nequalLoudness: 0
        shortSound: 0
        startTime: 0
    lowlevel:
        compute: 1
        frameSize: 2048
        hopSize: 1024
        zeroPadding: 0
        silentFrames: "noise"
        windowType: "blackmanharris62"
        mfccStats: ["mean", "cov", "icov"]
        stats: ["mean", "var", "median", "min", "max", "dmean", "dmean2", "dvar", "dvar2"]
    panning:
        compute: 0
        frameSize: 8192
        hopSize: 2048
        zeroPadding: 8192
        silentFrames: "noise"
        windowType: "hann"
        stats: ["copy"]
    rhythm:
        compute: 1
        maxTempo: 208
        minTempo: 40
        method: "degara"
        stats: ["mean", "var", "median", "min", "max", "dmean", "dmean2", "dvar", "dvar2"]
    segmentation:
        compute: 0
        cpw: 5
        inc1: 300
        inc2: 50
        minimumSegmentsLength: 10
        size1: 1000
        size2: 600
    sfx:
        compute: 1
        stats: ["mean", "var", "median", "min", "max", "dmean", "dmean2", "dvar", "dvar2"]
    svm:
        compute: 0
    tonal:
        compute: 1
        frameSize: 4096
        hopSize: 2048
        zeroPadding: 0
        silentFrames: "noise"
        windowType: "blackmanharris62"
        stats: ["mean", "var", "median", "min", "max", "dmean", "dmean2", "dvar", "dvar2"]

lowlevel:
    average_loudness: 0.917211711407
    barkbands_kurtosis:
        dmean: 0.786755561829
        dmean2: 1.30322134495
        dvar: 1.56950342655
        dvar2: 3.88317489624
        max: 34.6431388855
        mean: -0.17013682425
        median: -0.744190216064
        min: -1.88558208942
        var: 3.71677660942
    barkbands_skewness:
        dmean: 0.398211270571
        dmean2: 0.636316180229
        dvar: 0.152230903506
        dvar2: 0.367025882006
        max: 5.43514108658
        mean: -0.449645638466
        median: -0.480150580406
        min: -3.47729802132
        var: 0.756678819656
    barkbands_spread:
        dmean: 5.44077920914
        dmean2: 8.75700569153
        dvar: 30.9257164001
        dvar2: 76.5169448853
        max: 66.0374908447
        mean: 29.2179107666
        median: 28.0718612671
        min: 4.96930456161
        var: 90.4113693237
    dissonance:
        dmean: 0.0109349191189
        dmean2: 0.018522258848
        dvar: 0.000118350217235
        dvar2: 0.000314984470606
        max: 0.500000059605
        mean: 0.482304513454
        median: 0.486705183983
        min: 0.331134021282
        var: 0.00022707390599
    hfc:
        dmean: 2.95054912567
        dmean2: 5.06895017624
        dvar: 17.0405445099
        dvar2: 47.2128639221
        max: 46.175163269
        mean: 11.1340341568
        median: 10.4028158188
        min: 1.16207507293e-016
        var: 41.3453216553
    pitch:
        dmean: 858.034545898
        dmean2: 1651.6328125
        dvar: 1778833.75
        dvar2: 4361682.5
        max: 4642.28027344
        mean: 1440.71179199
        median: 441.214233398
        min: 74.684715271
        var: 2452526.75
    pitch_instantaneous_confidence:
        dmean: 0.0850666835904
        dmean2: 0.140040189028
        dvar: 0.00510165886953
        dvar2: 0.0125616416335
        max: 0.881961882114
        mean: 0.40666860342
        median: 0.383182883263
        min: 0.105994164944
        var: 0.0189441498369
    pitch_salience:
        dmean: 0.0609840974212
        dmean2: 0.101722456515
        dvar: 0.00311072636396
        dvar2: 0.00847653858364
        max: 0.915929973125
        mean: 0.660922110081
        median: 0.67514282465
        min: 0.210970401764
        var: 0.00813197065145
    silence_rate_20dB:
        dmean: 0
        dmean2: 0
        dvar: 0
        dvar2: 0
        max: 1
        mean: 1
        median: 1
        min: 1
        var: 0
    silence_rate_30dB:
        dmean: 0
        dmean2: 0
        dvar: 0
        dvar2: 0
        max: 1
        mean: 1
        median: 1
        min: 1
        var: 0
    silence_rate_60dB:
        dmean: 0.0448116511106
        dmean2: 0.0896358564496
        dvar: 0.0428084768355
        dvar2: 0.0953372567892
        max: 1
        mean: 0.161299362779
        median: 0
        min: 0
        var: 0.135275945067
    spectral_centroid:
        dmean: 262.458709717
        dmean2: 421.140258789
        dvar: 78282.4296875
        dvar2: 184733.34375
        max: 10766.9580078
        mean: 2089.1875
        median: 2126.60107422
        min: 178.44619751
        var: 398154.75
    spectral_complexity:
        dmean: 4.24226284027
        dmean2: 7.02829122543
        dvar: 17.4362602234
        dvar2: 44.8542556763
        max: 46
        mean: 18.3725852966
        median: 19
        min: 0
        var: 65.9021835327
    spectral_crest:
        dmean: 2.0360763073
        dmean2: 3.39381861687
        dvar: 3.82835507393
        dvar2: 9.91243457794
        max: 21.7390232086
        mean: 7.13142156601
        median: 6.33495330811
        min: 2.47591257095
        var: 8.69379234314
    spectral_decrease:
        dmean: 2.80850398493e-010
        dmean2: 4.73563688264e-010
        dvar: 1.78189903388e-019
        dvar2: 4.7919518973e-019
        max: -9.15982136895e-030
        mean: -1.1150043111e-009
        median: -1.08450470826e-009
        min: -4.22902024511e-009
        var: 2.97757749408e-019
    spectral_energy:
        dmean: 0.00129101402126
        dmean2: 0.00218428089283
        dvar: 3.56393684342e-006
        dvar2: 9.65947674558e-006
        max: 0.0191428139806
        mean: 0.00521816080436
        median: 0.00504168355837
        min: 1.05749451383e-020
        var: 6.40285225018e-006
    spectral_energyband_high:
        dmean: 0.000268369185505
        dmean2: 0.00047167626326
        dvar: 1.85502372574e-007
        dvar2: 5.05922344018e-007
        max: 0.00432812375948
        mean: 0.000615303870291
        median: 0.000508319819346
        min: 7.65140127907e-021
        var: 2.77110444813e-007
    spectral_energyband_low:
        dmean: 0.000162338212249
        dmean2: 0.000267447030637
        dvar: 5.35765281029e-008
        dvar2: 1.34459071433e-007
        max: 0.00483934953809
        mean: 0.000286016467726
        median: 0.000194505322725
        min: 4.7981631523e-023
        var: 8.6706137381e-008
    spectral_energyband_middle_high:
        dmean: 0.000753724656533
        dmean2: 0.001250063302
        dvar: 6.88299849116e-007
        dvar2: 1.82045960173e-006
        max: 0.0119419451803
        mean: 0.00308040180244
        median: 0.00290620326996
        min: 1.68190082631e-021
        var: 2.81033339888e-006
    spectral_energyband_middle_low:
        dmean: 0.000675239018165
        dmean2: 0.00112458807416
        dvar: 1.70795465237e-006
        dvar2: 4.55662984677e-006
        max: 0.0119813960046
        mean: 0.00136593321804
        median: 0.000838791718706
        min: 2.22403188977e-022
        var: 2.14258056985e-006
    spectral_flatness_db:
        dmean: 0.0132823260501
        dmean2: 0.0211722366512
        dvar: 0.000156902213348
        dvar2: 0.000379593577236
        max: 0.308536797762
        mean: 0.144463911653
        median: 0.140157073736
        min: 0.0614105239511
        var: 0.000862461864017
    spectral_flux:
        dmean: 0.00863098260015
        dmean2: 0.0138604324311
        dvar: 0.000103021418909
        dvar2: 0.000212726503378
        max: 0.111456163228
        mean: 0.0443650111556
        median: 0.0423998534679
        min: 1.02834553373e-010
        var: 0.000276080478216
    spectral_kurtosis:
        dmean: 1.08977937698
        dmean2: 1.87399840355
        dvar: 1.72610414028
        dvar2: 5.23853254318
        max: 48.3173332214
        mean: 3.47342371941
        median: 3.14017295837
        min: -1.23210024834
        var: 5.035572052
    spectral_rms:
        dmean: 0.000261448760284
        dmean2: 0.0004329578951
        dvar: 1.11231138078e-007
        dvar2: 2.8938501373e-007
        max: 0.00432156398892
        mean: 0.0021717872005
        median: 0.00221781758592
        min: 3.21201181971e-012
        var: 3.74257155045e-007
    spectral_rolloff:
        dmean: 295.746337891
        dmean2: 487.383178711
        dvar: 149350.265625
        dvar2: 323855.375
        max: 18949.21875
        mean: 3597.77832031
        median: 3746.77734375
        min: 107.666015625
        var: 594150.6875
    spectral_skewness:
        dmean: 0.157718941569
        dmean2: 0.262533187866
        dvar: 0.0240331441164
        dvar2: 0.0655020698905
        max: 4.64128398895
        mean: 1.16680717468
        median: 1.14333677292
        min: 0.0476544424891
        var: 0.106333769858
    spectral_spread:
        dmean: 375908.75
        dmean2: 564485.9375
        dvar: 337959190528
        dvar2: 531038470144
        max: 41884576
        mean: 4058505.5
        median: 3933972
        min: 1300974
        var: 1.28332372378e+012
    spectral_strongpeak:
        dmean: 0.668988466263
        dmean2: 1.13487815857
        dvar: 0.777586817741
        dvar2: 2.03788876534
        max: 12.0011987686
        mean: 1.13464212418
        median: 0.796067893505
        min: 3.2906657399e-009
        var: 1.58115434647
    zerocrossingrate:
        dmean: 0.00760709494352
        dmean2: 0.00939195975661
        dvar: 7.12674082024e-005
        dvar2: 9.02076426428e-005
        max: 0.50390625
        mean: 0.110808670521
        median: 0.11328125
        min: 0.01904296875
        var: 0.000763858493883
    barkbands:
        dmean: [5.11322866714e-007, 6.68571010465e-005, 9.19589729165e-005, 0.000101424469904, 0.00038882298395, 0.000138010451337, 0.000108194006316, 8.39111235109e-005, 0.000107841020508, 0.000173591033672, 7.76113301981e-005, 5.27637457708e-005, 5.22543086845e-005, 6.14697055425e-005, 0.000100751996797, 0.000143034747452, 0.000196265784325, 0.000236890657106, 0.000293502758723, 0.000269420677796, 0.000140754345921, 3.65206324204e-005, 5.88925240663e-006, 1.78343748303e-006, 9.85996734926e-007, 3.3498988472e-008, 4.1258246819e-010]
        dmean2: [8.226021464e-007, 0.000113123307528, 0.000153370128828, 0.000174806948053, 0.000677593925502, 0.000231572441407, 0.000173204098246, 0.000131045497255, 0.000168903789017, 0.000270653283224, 0.000123091536807, 8.60503205331e-005, 8.46572147566e-005, 9.86221566563e-005, 0.000165018383996, 0.000231858517509, 0.000319401849993, 0.000398729083827, 0.000496845575981, 0.000464403128717, 0.0002464511781, 6.34491225355e-005, 9.94528090814e-006, 2.83358508568e-006, 1.51234235091e-006, 5.39894244866e-008, 7.04079905489e-010]
        dvar: [1.07539953505e-012, 1.37376998666e-008, 1.77720682615e-008, 4.57940068088e-008, 1.04747061869e-006, 8.03662487669e-008, 6.67330866122e-008, 4.08926830175e-008, 4.29611581865e-008, 9.25102696669e-008, 3.14166683779e-008, 7.6444841568e-009, 9.31664168036e-009, 1.47905421244e-008, 2.4532662124e-008, 4.85973927766e-008, 9.01143977217e-008, 1.07352029488e-007, 1.50056536086e-007, 1.81734051807e-007, 4.60447999728e-008, 4.05688327376e-009, 1.4235171375e-010, 2.0481966817e-011, 1.04094415379e-011, 9.0032605801e-015, 4.72712213378e-019]
        dvar2: [2.65607609691e-012, 3.67577293048e-008, 4.42271357315e-008, 1.18061080912e-007, 2.82899327431e-006, 2.11352002566e-007, 1.48943541944e-007, 8.9174378104e-008, 9.52078309524e-008, 2.09556006325e-007, 7.23115292089e-008, 1.81649415509e-008, 2.22358149671e-008, 3.6229362621e-008, 6.08919208389e-008, 1.15371825871e-007, 2.07409797781e-007, 2.88379311542e-007, 3.79405747708e-007, 4.83493238335e-007, 1.25080305224e-007, 1.10479652093e-008, 3.59421187257e-010, 4.08513500805e-011, 2.06298259725e-011, 2.13180574539e-014, 1.18983561825e-018]
        max: [8.6605323304e-006, 0.00114100147039, 0.00224985787645, 0.00553432572633, 0.00994327571243, 0.00450632860884, 0.00378565164283, 0.00554491113871, 0.00468933628872, 0.00495812762529, 0.003595455084, 0.00158195337281, 0.00212520966306, 0.00245001306757, 0.00262230727822, 0.00424207188189, 0.00622406695038, 0.005508211907, 0.00874813366681, 0.00752702960745, 0.00257987994701, 0.000878538587131, 0.000228500837693, 0.000120294331282, 8.65388210514e-005, 2.25335179493e-006, 1.11422862048e-008]
        mean: [6.71965153742e-007, 9.92063651211e-005, 0.000130756612634, 0.000118042335089, 0.000386911182432, 0.000180918475962, 0.000158937764354, 0.000176500005182, 0.000218852219405, 0.000334741576808, 0.000144216086483, 0.000101767138403, 9.38952507568e-005, 0.000109869375592, 0.00018243145314, 0.000285191927105, 0.000415665155742, 0.000456822628621, 0.000685966981109, 0.000561734952498, 0.000289523421088, 7.01853568899e-005, 1.02954691101e-005, 3.28128385263e-006, 1.73559760697e-006, 5.23754088988e-008, 4.73939887335e-010]
        median: [3.04062780287e-007, 6.7997352744e-005, 7.4690717156e-005, 5.19644963788e-005, 0.000124213198433, 7.5688243669e-005, 4.89392550662e-005, 3.89840533899e-005, 7.93676736066e-005, 0.000121923760162, 6.10348215559e-005, 5.985070311e-005, 5.59328109375e-005, 5.6867414969e-005, 0.000105928724224, 0.000193201325601, 0.000286165217403, 0.00032212343649, 0.000552262063138, 0.000426609592978, 0.000234017992625, 5.21144538652e-005, 6.49428147881e-006, 1.69195618582e-006, 8.33333444916e-007, 2.55575294261e-008, 2.26185459251e-010]
        min: [7.85142057142e-024, 3.66630173895e-023, 2.89944169106e-024, 2.38249364569e-024, 2.43364362344e-023, 3.36560752563e-023, 2.1305760432e-023, 8.49799147972e-023, 5.20198799165e-023, 6.36186343346e-023, 1.14672885394e-022, 1.51050189986e-022, 8.12546800999e-023, 1.76092939143e-022, 1.20122879264e-022, 8.4474980709e-023, 1.61257620959e-022, 2.59704521057e-022, 3.39111385994e-022, 3.30777884635e-022, 4.82663825418e-022, 3.32704421805e-022, 5.85563195305e-022, 1.26554816896e-021, 1.00970661771e-021, 1.56961812635e-021, 2.36940191521e-021]
        var: [1.12243396001e-012, 1.35983295735e-008, 3.12974961503e-008, 5.2769067338e-008, 7.9754812532e-007, 1.00719503848e-007, 1.23915427253e-007, 2.20331187961e-007, 2.02567633778e-007, 2.82945308072e-007, 9.20757017298e-008, 1.98775715887e-008, 1.76929138007e-008, 3.46787487615e-008, 5.28959311907e-008, 1.08970695578e-007, 2.67476849558e-007, 2.10966049963e-007, 3.97022716925e-007, 3.14632700338e-007, 6.7376525692e-008, 5.09457276365e-009, 2.22475871059e-010, 4.97240200403e-011, 2.29586471362e-011, 1.32119385961e-014, 5.99774393297e-019]
    frequency_bands:
        dmean: [5.11322866714e-007, 6.68571010465e-005, 9.19589729165e-005, 0.000101424469904, 0.00038882298395, 0.000138010451337, 0.000108194006316, 8.39111235109e-005, 0.000107841020508, 0.000173591033672, 7.76113301981e-005, 5.27637457708e-005, 5.22543086845e-005, 6.14697055425e-005, 0.000100751996797, 0.000143034747452, 0.000196265784325, 0.000236890657106, 0.000293502758723, 0.000269420677796, 0.000140754345921, 3.65206324204e-005, 5.88925240663e-006, 1.78343748303e-006, 9.85996734926e-007, 3.3498988472e-008, 4.1258246819e-010, 6.2316436733e-011]
        dmean2: [8.226021464e-007, 0.000113123307528, 0.000153370128828, 0.000174806948053, 0.000677593925502, 0.000231572441407, 0.000173204098246, 0.000131045497255, 0.000168903789017, 0.000270653283224, 0.000123091536807, 8.60503205331e-005, 8.46572147566e-005, 9.86221566563e-005, 0.000165018383996, 0.000231858517509, 0.000319401849993, 0.000398729083827, 0.000496845575981, 0.000464403128717, 0.0002464511781, 6.34491225355e-005, 9.94528090814e-006, 2.83358508568e-006, 1.51234235091e-006, 5.39894244866e-008, 7.04079905489e-010, 1.16019145679e-010]
        dvar: [1.07539953505e-012, 1.37376998666e-008, 1.77720682615e-008, 4.57940068088e-008, 1.04747061869e-006, 8.03662487669e-008, 6.67330866122e-008, 4.08926830175e-008, 4.29611581865e-008, 9.25102696669e-008, 3.14166683779e-008, 7.6444841568e-009, 9.31664168036e-009, 1.47905421244e-008, 2.4532662124e-008, 4.85973927766e-008, 9.01143977217e-008, 1.07352029488e-007, 1.50056536086e-007, 1.81734051807e-007, 4.60447999728e-008, 4.05688327376e-009, 1.4235171375e-010, 2.0481966817e-011, 1.04094415379e-011, 9.0032605801e-015, 4.72712213378e-019, 8.73322427332e-021]
        dvar2: [2.65607609691e-012, 3.67577293048e-008, 4.42271357315e-008, 1.18061080912e-007, 2.82899327431e-006, 2.11352002566e-007, 1.48943541944e-007, 8.9174378104e-008, 9.52078309524e-008, 2.09556006325e-007, 7.23115292089e-008, 1.81649415509e-008, 2.22358149671e-008, 3.6229362621e-008, 6.08919208389e-008, 1.15371825871e-007, 2.07409797781e-007, 2.88379311542e-007, 3.79405747708e-007, 4.83493238335e-007, 1.25080305224e-007, 1.10479652093e-008, 3.59421187257e-010, 4.08513500805e-011, 2.06298259725e-011, 2.13180574539e-014, 1.18983561825e-018, 2.83973915411e-020]
        max: [8.6605323304e-006, 0.00114100147039, 0.00224985787645, 0.00553432572633, 0.00994327571243, 0.00450632860884, 0.00378565164283, 0.00554491113871, 0.00468933628872, 0.00495812762529, 0.003595455084, 0.00158195337281, 0.00212520966306, 0.00245001306757, 0.00262230727822, 0.00424207188189, 0.00622406695038, 0.005508211907, 0.00874813366681, 0.00752702960745, 0.00257987994701, 0.000878538587131, 0.000228500837693, 0.000120294331282, 8.65388210514e-005, 2.25335179493e-006, 1.11422862048e-008, 1.59307944614e-009]
        mean: [6.71965153742e-007, 9.92063651211e-005, 0.000130756612634, 0.000118042335089, 0.000386911182432, 0.000180918475962, 0.000158937764354, 0.000176500005182, 0.000218852219405, 0.000334741576808, 0.000144216086483, 0.000101767138403, 9.38952507568e-005, 0.000109869375592, 0.00018243145314, 0.000285191927105, 0.000415665155742, 0.000456822628621, 0.000685966981109, 0.000561734952498, 0.000289523421088, 7.01853568899e-005, 1.02954691101e-005, 3.28128385263e-006, 1.73559760697e-006, 5.23754088988e-008, 4.73939887335e-010, 4.77997919024e-011]
        median: [3.04062780287e-007, 6.7997352744e-005, 7.4690717156e-005, 5.19644963788e-005, 0.000124213198433, 7.5688243669e-005, 4.89392550662e-005, 3.89840533899e-005, 7.93676736066e-005, 0.000121923760162, 6.10348215559e-005, 5.985070311e-005, 5.59328109375e-005, 5.6867414969e-005, 0.000105928724224, 0.000193201325601, 0.000286165217403, 0.00032212343649, 0.000552262063138, 0.000426609592978, 0.000234017992625, 5.21144538652e-005, 6.49428147881e-006, 1.69195618582e-006, 8.33333444916e-007, 2.55575294261e-008, 2.26185459251e-010, 1.89947276658e-011]
        min: [7.85142057142e-024, 3.66630173895e-023, 2.89944169106e-024, 2.38249364569e-024, 2.43364362344e-023, 3.36560752563e-023, 2.1305760432e-023, 8.49799147972e-023, 5.20198799165e-023, 6.36186343346e-023, 1.14672885394e-022, 1.51050189986e-022, 8.12546800999e-023, 1.76092939143e-022, 1.20122879264e-022, 8.4474980709e-023, 1.61257620959e-022, 2.59704521057e-022, 3.39111385994e-022, 3.30777884635e-022, 4.82663825418e-022, 3.32704421805e-022, 5.85563195305e-022, 1.26554816896e-021, 1.00970661771e-021, 1.56961812635e-021, 2.36940191521e-021, 8.11498663602e-022]
        var: [1.12243396001e-012, 1.35983295735e-008, 3.12974961503e-008, 5.2769067338e-008, 7.9754812532e-007, 1.00719503848e-007, 1.23915427253e-007, 2.20331187961e-007, 2.02567633778e-007, 2.82945308072e-007, 9.20757017298e-008, 1.98775715887e-008, 1.76929138007e-008, 3.46787487615e-008, 5.28959311907e-008, 1.08970695578e-007, 2.67476849558e-007, 2.10966049963e-007, 3.97022716925e-007, 3.14632700338e-007, 6.7376525692e-008, 5.09457276365e-009, 2.22475871059e-010, 4.97240200403e-011, 2.29586471362e-011, 1.32119385961e-014, 5.99774393297e-019, 6.36079232444e-021]
    mfcc:
        mean: [-697.408569336, 95.6906585693, -61.8267211914, 58.7750282288, -19.3652820587, -0.154552847147, 3.59294843674, 0.924654364586, 5.64626455307, -3.36418652534, -4.69724273682, -6.16733169556, -1.39174759388]
        cov: [[4816.77734375, 155.286911011, -504.532287598, 358.432434082, -293.149078369, -11.3957490921, -61.0677871704, -11.1460914612, -30.6472358704, -62.0008392334, -59.1213378906, -29.9759788513, -12.5980386734], [155.286911011, 658.182617188, -181.592254639, 86.8710098267, -21.7182235718, 4.30257511139, -24.8493232727, 5.32525920868, 25.2170715332, 8.34788036346, 34.729763031, -13.7772884369, -6.48514890671], [-504.532287598, -181.592254639, 459.421264648, -43.741317749, 124.510726929, -17.6518669128, -24.7473335266, -22.1390647888, -76.128944397, -6.74083709717, -46.9790687561, 9.42910766602, -17.0996208191], [358.432434082, 86.8710098267, -43.741317749, 231.230163574, 11.5489358902, -2.58772659302, -19.2631511688, -21.5064239502, 14.8748989105, -20.8447933197, 3.35179877281, 15.0015668869, 20.0224170685], [-293.149078369, -21.7182235718, 124.510726929, 11.5489358902, 138.760360718, -1.80273520947, -17.2860107422, 4.10777521133, -14.2367095947, -1.57211172581, -11.212890625, 13.6679887772, -0.961335599422], [-11.3957490921, 4.30257511139, -17.6518669128, -2.58772659302, -1.80273520947, 106.841064453, 80.2113647461, 14.4318771362, 3.48659801483, 6.00501823425, -0.981835663319, -13.0193223953, -1.15696382523], [-61.0677871704, -24.8493232727, -24.7473335266, -19.2631511688, -17.2860107422, 80.2113647461, 142.436248779, 38.7489471436, 21.6168556213, 2.49128580093, -4.16664981842, -8.26201629639, 0.556024968624], [-11.1460914612, 5.32525920868, -22.1390647888, -21.5064239502, 4.10777521133, 14.4318771362, 38.7489471436, 90.9314422607, 43.3593406677, 13.6423549652, -0.388257414103, 1.2751377821, -5.60303115845], [-30.6472358704, 25.2170715332, -76.128944397, 14.8748989105, -14.2367095947, 3.48659801483, 21.6168556213, 43.3593406677, 92.0659866333, 38.8080444336, 16.2022514343, -4.05867242813, 3.26679444313], [-62.0008392334, 8.34788036346, -6.74083709717, -20.8447933197, -1.57211172581, 6.00501823425, 2.49128580093, 13.6423549652, 38.8080444336, 69.267539978, 26.3353977203, -2.52364683151, -5.41366577148], [-59.1213378906, 34.729763031, -46.9790687561, 3.35179877281, -11.212890625, -0.981835663319, -4.16664981842, -0.388257414103, 16.2022514343, 26.3353977203, 63.4238853455, 26.3277645111, 9.38207912445], [-29.9759788513, -13.7772884369, 9.42910766602, 15.0015668869, 13.6679887772, -13.0193223953, -8.26201629639, 1.2751377821, -4.05867242813, -2.52364683151, 26.3277645111, 68.486656189, 33.1653366089], [-12.5980386734, -6.48514890671, -17.0996208191, 20.0224170685, -0.961335599422, -1.15696382523, 0.556024968624, -5.60303115845, 3.26679444313, -5.41366577148, 9.38207912445, 33.1653366089, 62.0002708435]]
        icov: [[0.000345656211721, 7.87330573075e-005, 0.000383386621252, -0.000666918756906, 0.000673470844049, -7.24811616237e-005, 0.000274435966276, -0.000454778579297, 0.000829866563436, -0.000518726243172, 0.000802484632004, -0.000269249809207, 0.000298687285976], [7.87330573075e-005, 0.00189310521819, 0.000846807321068, -0.000807087577414, -0.000195165688638, -0.000234768973314, 0.000583439366892, -0.000581446511205, 0.000722161203157, -0.000300362997223, -0.000692437577527, 0.000699008814991, 0.000309608265525], [0.000383386621252, 0.000846807321068, 0.00460307486355, -0.000608706555795, -0.0022934419103, 0.000810712517705, -0.000167234931723, -0.0004179047246, 0.00427611079067, -0.00323793571442, 0.00358450366184, -0.00143210589886, 0.00129149039276], [-0.000666918756906, -0.000807087577414, -0.000608706555795, 0.00681912153959, -0.00211859680712, -0.000902139465325, 0.000377246935386, 0.0032028213609, -0.00495947850868, 0.00402163155377, -0.0012659720378, -0.000722857716028, -0.00116289709695], [0.000673470844049, -0.000195165688638, -0.0022934419103, -0.00211859680712, 0.0117766512558, -0.00206612003967, 0.00261811865494, -0.00249719852582, 0.000964533304796, -0.000892431940883, 0.00247817789204, -0.00278062117286, 0.00104663998354], [-7.24811616237e-005, -0.000234768973314, 0.000810712517705, -0.000902139465325, -0.00206612003967, 0.0181178320199, -0.0109525173903, 0.000258334999671, 0.00413937168196, -0.00337913515978, -0.00110613612924, 0.00379715370946, -0.00147368677426], [0.000274435966276, 0.000583439366892, -0.000167234931723, 0.000377246935386, 0.00261811865494, -0.0109525173903, 0.0151248453185, -0.00399318663403, -0.00236361986026, 0.00240407278761, 0.00107135938015, -0.00098521169275, -1.21114499052e-005], [-0.000454778579297, -0.000581446511205, -0.0004179047246, 0.0032028213609, -0.00249719852582, 0.000258334999671, -0.00399318663403, 0.0182936470956, -0.0104988627136, 0.0023795007728, 0.0016782428138, -0.00382030243054, 0.00290288683027], [0.000829866563436, 0.000722161203157, 0.00427611079067, -0.00495947850868, 0.000964533304796, 0.00413937168196, -0.00236361986026, -0.0104988627136, 0.0266929697245, -0.0144627327099, 0.00216840673238, 0.00285759125836, -0.00233628391288], [-0.000518726243172, -0.000300362997223, -0.00323793571442, 0.00402163155377, -0.000892431940883, -0.00337913515978, 0.00240407278761, 0.0023795007728, -0.0144627327099, 0.0276154242456, -0.0123327989131, 0.00349693116732, 0.000956979580224], [0.000802484632004, -0.000692437577527, 0.00358450366184, -0.0012659720378, 0.00247817789204, -0.00110613612924, 0.00107135938015, 0.0016782428138, 0.00216840673238, -0.0123327989131, 0.0300555489957, -0.0141840707511, 0.00349607085809], [-0.000269249809207, 0.000699008814991, -0.00143210589886, -0.000722857716028, -0.00278062117286, 0.00379715370946, -0.00098521169275, -0.00382030243054, 0.00285759125836, 0.00349693116732, -0.0141840707511, 0.028428055346, -0.0133574455976], [0.000298687285976, 0.000309608265525, 0.00129149039276, -0.00116289709695, 0.00104663998354, -0.00147368677426, -1.21114499052e-005, 0.00290288683027, -0.00233628391288, 0.000956979580224, 0.00349607085809, -0.0133574455976, 0.0240277703851]]
    sccoeffs:
        dmean: [0.0536751709878, 0.0466806478798, 0.0379794836044, 0.0294880717993, 0.0201587751508, 0.0177774634212]
        dmean2: [0.0887202844024, 0.0769530311227, 0.0621675476432, 0.0491072013974, 0.033235553652, 0.028512571007]
        dvar: [0.00230588042177, 0.00143121776637, 0.000930249050725, 0.000550493190531, 0.00026458784123, 0.000261433742708]
        dvar2: [0.0060690571554, 0.0037849675864, 0.00237110396847, 0.00146850326564, 0.000675514223985, 0.000608921516687]
        max: [-0.373945087194, -0.481793344021, -0.542264461517, -0.594996094704, -0.590182125568, -0.572220444679]
        mean: [-0.703416705132, -0.765053093433, -0.773539960384, -0.790860235691, -0.794286310673, -0.715649962425]
        median: [-0.712360143661, -0.777876973152, -0.782259583473, -0.793164074421, -0.796850323677, -0.716962218285]
        min: [-0.966484963894, -0.965496599674, -0.964400887489, -0.95730894804, -0.95957916975, -0.964667916298]
        var: [0.00472319824621, 0.00544067518786, 0.00413917610422, 0.00191452691797, 0.00129600602668, 0.00183394807391]
    scvalleys:
        dmean: [0.346841871738, 0.361295700073, 0.275021404028, 0.229821041226, 0.216115191579, 0.271096378565]
        dmean2: [0.573153078556, 0.601381421089, 0.455058693886, 0.377199202776, 0.347667574883, 0.414966970682]
        dvar: [0.0947125628591, 0.111415095627, 0.0709595680237, 0.0617931373417, 0.0750807225704, 0.144095018506]
        dvar2: [0.229895457625, 0.267657309771, 0.153468698263, 0.123669318855, 0.151869088411, 0.307777792215]
        max: [-5.23358201981, -4.5731086731, -5.07467794418, -5.75080299377, -5.48916864395, -7.52015781403]
        mean: [-6.87378454208, -6.78584575653, -6.80645608902, -7.02568483353, -6.69108867645, -9.81841373444]
        median: [-6.67399978638, -6.65058040619, -6.64676570892, -6.84658002853, -6.46788787842, -9.53600597382]
        min: [-27.0314922333, -27.210565567, -27.2249145508, -27.37890625, -27.2724628448, -27.1097126007]
        var: [1.73733246326, 1.40107417107, 1.38962256908, 1.34215128422, 1.50181055069, 1.68309497833]

rhythm:
    beats_loudness:
        dmean: 0.00183697044849
        dmean2: 0.0033938663546
        dvar: 2.37465837927e-006
        dvar2: 7.21055994291e-006
        max: 0.012599112466
        mean: 0.00527718756348
        median: 0.00530875613913
        min: 2.89836210587e-012
        var: 3.78029085368e-006
    bpm: 129.909133911
    bpm_confidence: 0
    first_peak_bpm: 129
    first_peak_spread: 0.271137028933
    first_peak_weight: 0.702247202396
    onset_rate: 2.74428391457
    second_peak_bpm: 120
    second_peak_spread: 0.363636344671
    second_peak_weight: 0.0196629222482
    beats_loudness_band_ratio:
        dmean: [0.131695151329, 0.201255857944, 0.102316319942, 0.0809905529022, 0.11227414012, 0.0988869965076]
        dmean2: [0.24782435596, 0.386409372091, 0.178548172116, 0.141767978668, 0.199450165033, 0.174430117011]
        dvar: [0.010773521848, 0.016653995961, 0.0109230550006, 0.00795409828424, 0.00855096708983, 0.00745581323281]
        dvar2: [0.0366863943636, 0.0534190759063, 0.0298878606409, 0.0234448742121, 0.0270460825413, 0.0226956102997]
        max: [0.673101186752, 0.754462778568, 0.73398578167, 0.707033097744, 0.690194606781, 0.673308193684]
        mean: [0.197562813759, 0.172162562609, 0.135949864984, 0.107714429498, 0.226026818156, 0.239591866732]
        median: [0.189632892609, 0.144014075398, 0.0839474275708, 0.0805615484715, 0.212866783142, 0.215635612607]
        min: [0, 0, 0, 0, 0, 0]
        var: [0.0132305352017, 0.0214822050184, 0.0148509666324, 0.00805361010134, 0.0101956762373, 0.0140865417197]
    beats_position: [0.476009070873, 0.975238084793, 1.47446703911, 1.97369611263, 2.4497051239, 2.92571425438, 3.40172338486, 3.87773227692, 4.33052158356, 4.79492044449, 5.25931978226, 5.73532867432, 6.19972801208, 6.66412687302, 7.11691617966, 7.56970500946, 8.03410434723, 8.498503685, 8.96290206909, 9.42730140686, 9.89170074463, 10.3560991287, 10.8204984665, 11.2848978043, 11.7376871109, 12.202085495, 12.6548748016, 13.1192741394, 13.5836734772, 14.0480718613, 14.5008611679, 14.9536504745, 15.4180498123, 15.8824491501, 16.3468475342, 16.8112468719, 17.2756462097, 17.7400455475, 18.2044448853, 18.6688423157, 19.1216316223, 19.574420929, 20.0388202667, 20.5032196045, 20.9676189423, 21.43201828, 21.8964176178, 22.3492050171, 22.8136043549, 23.2663936615, 23.7307929993, 24.195192337, 24.6595916748, 25.1239910126, 25.5883903503, 26.0527877808, 26.5171871185, 26.9815864563, 27.4343757629, 27.8871650696, 28.3515644073, 28.8159637451, 29.2803630829, 29.7331504822, 30.1975498199, 30.6619491577, 31.1263484955, 31.5791378021, 32.0435371399, 32.5079345703, 32.9723358154, 33.4251251221, 33.8779144287, 34.3423118591, 34.8067131042, 35.2594985962, 35.7122879028, 36.1766891479, 36.6526985168, 37.1170959473, 37.5814971924, 38.0458946228, 38.5102958679, 38.9630813599, 39.427482605, 39.8918800354, 40.3562812805, 40.8206787109, 41.2850799561, 41.7494773865, 42.2138786316, 42.6666641235, 43.1194534302, 43.5838546753, 44.0482521057, 44.5126533508, 44.9770507813, 45.4414520264, 45.9058494568, 46.3586387634, 46.8114280701, 47.2758255005, 47.7402267456, 48.204624176, 48.6690254211, 49.1218147278, 49.5862121582, 50.0390014648, 50.5033988953, 50.9678001404, 51.4321975708, 51.8849868774, 52.3493881226, 52.813785553, 53.2781867981, 53.7425842285, 54.1953735352, 54.6597709656, 55.1241722107, 55.5885696411, 56.0529708862, 56.5173683167, 56.9817695618, 57.4345550537, 57.8873443604, 58.3517456055, 58.8161430359, 59.2689323425, 59.7217216492, 60.1861228943, 60.6505203247, 61.1149177551, 61.5793190002, 62.0437164307, 62.5081176758, 62.9609069824, 63.4136962891, 63.8780937195, 64.3424911499, 64.806892395, 65.2712936401, 65.7356872559, 66.200088501, 66.6528778076, 67.1172790527, 67.5700683594, 68.0344696045, 68.4988632202, 68.9632644653, 69.4276657104, 69.8920593262, 70.3448486328, 70.7976379395, 71.2620391846, 71.7264404297, 72.1908340454, 72.6552352905, 73.1196365356, 73.5840377808, 74.0484313965, 74.5128326416, 74.9772338867, 75.4416275024, 75.8944168091, 76.3472061157, 76.8116073608, 77.276008606, 77.7404098511, 78.2048034668, 78.6575927734, 79.1103820801, 79.5631713867, 80.0159606934, 80.4803619385, 80.9563674927, 81.4323806763, 81.8967819214, 82.3611755371, 82.8255767822, 83.2783660889, 83.742767334, 84.1955566406, 84.6599502563, 85.1243515015, 85.5887527466, 86.0531539917, 86.5175476074, 86.9703369141, 87.4231262207, 87.8875274658, 88.3519287109, 88.8163223267, 89.2807235718, 89.7451248169, 90.2095184326, 90.6623077393, 91.1150970459, 91.579498291, 92.0438995361, 92.5083007813, 92.972694397, 93.4254837036, 93.8782730103, 94.3426742554, 94.8070755005, 95.2714691162, 95.7358703613, 96.2002716064, 96.6646728516, 97.1290664673, 97.5818557739, 98.0346450806, 98.4990463257, 98.9634475708, 99.4278411865, 99.8806304932, 100.345031738, 100.809432983, 101.273826599, 101.738227844, 102.191017151, 102.655418396, 103.108207703, 103.560997009, 104.025398254, 104.48979187, 104.954193115, 105.41859436, 105.882987976, 106.347389221, 106.811790466, 107.276191711, 107.740585327, 108.193374634, 108.64616394, 109.110565186, 109.563354492, 110.016143799, 110.480545044, 110.94493866, 111.409339905, 111.87374115, 112.338134766, 112.802536011, 113.266937256, 113.731338501, 114.195732117, 114.660133362, 115.124534607, 115.588935852, 116.053329468, 116.506118774, 116.958908081, 117.423309326, 117.887710571, 118.352104187, 118.816505432, 119.280906677, 119.733695984, 120.186485291, 120.650878906, 121.115280151, 121.579681396, 122.044082642, 122.508476257, 122.972877502, 123.425666809, 123.878456116, 124.319633484, 124.784034729, 125.260040283, 125.724441528, 126.188842773, 126.653244019, 127.117637634, 127.582038879, 128.046432495, 128.51083374, 128.963623047, 129.428024292, 129.892425537, 130.356826782, 130.821228027, 131.285614014, 131.726806641, 132.191192627, 132.655593872, 133.119995117, 133.584396362, 134.048797607, 134.513198853, 134.965988159, 135.418777466, 135.883178711, 136.347564697, 136.811965942, 137.276367188, 137.740768433, 138.205169678, 138.657958984, 139.110748291, 139.575149536, 140.039550781, 140.503936768, 140.968338013, 141.432739258, 141.897140503, 142.34992981, 142.814331055, 143.267120361, 143.731521606, 144.195922852, 144.660308838, 145.113098145, 145.565887451, 146.030288696, 146.494689941, 146.959091187, 147.411880493, 147.876281738, 148.340682983, 148.79347229, 149.257858276, 149.722259521, 150.186660767, 150.651062012, 151.115463257, 151.579864502, 152.044265747, 152.497055054, 152.94984436, 153.414230347, 153.867019653, 154.331420898, 154.784210205, 155.24861145, 155.713012695, 156.17741394, 156.641815186, 157.106216431, 157.570602417, 158.035003662, 158.499404907, 158.963806152, 159.428207397, 159.892608643, 160.357009888, 160.821395874, 161.297409058, 161.78503418, 162.284255981, 162.771881104, 163.259490967, 163.758728027, 164.257949829, 164.745574951, 165.244796753]
