
metadata:
    version:
        essentia: "2.1-beta2"
    audio_properties:
        analysis_sample_rate: 44100
        bitrate: 320
        channels: 2
        equal_loudness: 1
        length: 234.26612854
        replay_gain: -15.2482948303
        downmix: "mix"
    tags:
        album: "Ungrateful"
        artist: "Escape The Fate"
        comment: "Forever Immortal Hosts www.p2pdl.com"
        date: "2013"
        genre: "Hardcore"
        title: "Fire It Up"
        tracknumber: "11/13"

configuration:
    average_loudness:
        compute: 1
        frameSize: 88200
        hopSize: 44100
        silentFrames: "noise"
        windowType: "hann"
    general:
        analysisSampleRate: 44100
        endTime: 2000
        equalLoudness: 1
        nequalLoudness: 0
        shortSound: 0
        startTime: 0
    lowlevel:
        compute: 1
        frameSize: 2048
        hopSize: 1024
        zeroPadding: 0
        silentFrames: "noise"
        windowType: "blackmanharris62"
        mfccStats: ["mean", "cov", "icov"]
        stats: ["mean", "var", "median", "min", "max", "dmean", "dmean2", "dvar", "dvar2"]
    panning:
        compute: 0
        frameSize: 8192
        hopSize: 2048
        zeroPadding: 8192
        silentFrames: "noise"
        windowType: "hann"
        stats: ["copy"]
    rhythm:
        compute: 1
        maxTempo: 208
        minTempo: 40
        method: "degara"
        stats: ["mean", "var", "median", "min", "max", "dmean", "dmean2", "dvar", "dvar2"]
    segmentation:
        compute: 0
        cpw: 5
        inc1: 300
        inc2: 50
        minimumSegmentsLength: 10
        size1: 1000
        size2: 600
    sfx:
        compute: 1
        stats: ["mean", "var", "median", "min", "max", "dmean", "dmean2", "dvar", "dvar2"]
    svm:
        compute: 0
    tonal:
        compute: 1
        frameSize: 4096
        hopSize: 2048
        zeroPadding: 0
        silentFrames: "noise"
        windowType: "blackmanharris62"
        stats: ["mean", "var", "median", "min", "max", "dmean", "dmean2", "dvar", "dvar2"]

lowlevel:
    average_loudness: 0.932759463787
    barkbands_kurtosis:
        dmean: 1.10258364677
        dmean2: 1.78778374195
        dvar: 7.24875116348
        dvar2: 17.176115036
        max: 154.832824707
        mean: 0.462895512581
        median: -0.715026080608
        min: -1.89944219589
        var: 36.9791412354
    barkbands_skewness:
        dmean: 0.404989212751
        dmean2: 0.640465676785
        dvar: 0.146049156785
        dvar2: 0.354249089956
        max: 9.45131206512
        mean: -0.523362278938
        median: -0.643225073814
        min: -5.37574672699
        var: 1.2011166811
    barkbands_spread:
        dmean: 5.86638402939
        dmean2: 9.37884140015
        dvar: 33.7169189453
        dvar2: 85.8860702515
        max: 77.7337036133
        mean: 31.1800613403
        median: 30.3708305359
        min: 0.314409911633
        var: 117.751037598
    dissonance:
        dmean: 0.00909375399351
        dmean2: 0.015317492187
        dvar: 0.000114490139822
        dvar2: 0.000309438823024
        max: 0.5
        mean: 0.48489433527
        median: 0.489085316658
        min: 0.193890884519
        var: 0.000229054610827
    hfc:
        dmean: 4.28843402863
        dmean2: 7.44712543488
        dvar: 44.6933403015
        dvar2: 121.983917236
        max: 78.1840820313
        mean: 10.8072948456
        median: 9.62017536163
        min: 1.14356766773e-016
        var: 58.9928970337
    pitch:
        dmean: 879.912963867
        dmean2: 1672.8170166
        dvar: 1662585.75
        dvar2: 3830865.5
        max: 4530.57421875
        mean: 1964.22265625
        median: 1185.82336426
        min: 65.2406311035
        var: 2624134
    pitch_instantaneous_confidence:
        dmean: 0.0781301558018
        dmean2: 0.130038395524
        dvar: 0.00418434804305
        dvar2: 0.0111927259713
        max: 0.946825623512
        mean: 0.373826891184
        median: 0.355340600014
        min: 0.131791830063
        var: 0.0136355245486
    pitch_salience:
        dmean: 0.0546476580203
        dmean2: 0.0894773378968
        dvar: 0.00238699140027
        dvar2: 0.0063274349086
        max: 0.900859832764
        mean: 0.673896610737
        median: 0.688477694988
        min: 0.137265637517
        var: 0.00736029166728
    silence_rate_20dB:
        dmean: 0
        dmean2: 0
        dvar: 0
        dvar2: 0
        max: 1
        mean: 1
        median: 1
        min: 1
        var: 0
    silence_rate_30dB:
        dmean: 0
        dmean2: 0
        dvar: 0
        dvar2: 0
        max: 1
        mean: 1
        median: 1
        min: 1
        var: 0
    silence_rate_60dB:
        dmean: 0.0951531380415
        dmean2: 0.190325140953
        dvar: 0.0860905349255
        dvar2: 0.180671468377
        max: 1
        mean: 0.276214063168
        median: 0
        min: 0
        var: 0.199927866459
    spectral_centroid:
        dmean: 275.360900879
        dmean2: 441.848297119
        dvar: 77226.265625
        dvar2: 181483.9375
        max: 11169.1884766
        mean: 2177.59472656
        median: 2230.71508789
        min: 221.627059937
        var: 412243.65625
    spectral_complexity:
        dmean: 5.05025291443
        dmean2: 8.09575748444
        dvar: 28.2349643707
        dvar2: 65.8596878052
        max: 57
        mean: 18.3049545288
        median: 19
        min: 0
        var: 104.389602661
    spectral_crest:
        dmean: 1.69023680687
        dmean2: 2.82424473763
        dvar: 2.63494825363
        dvar2: 6.79679346085
        max: 25.0112190247
        mean: 6.71208429337
        median: 5.89270305634
        min: 2.63718938828
        var: 9.24291324615
    spectral_decrease:
        dmean: 3.2277375217e-010
        dmean2: 5.37650313159e-010
        dvar: 2.19959758436e-019
        dvar2: 5.88338156039e-019
        max: -1.10540783422e-028
        mean: -1.00949082427e-009
        median: -9.52481538086e-010
        min: -5.05675412654e-009
        var: 4.04952265935e-019
    spectral_energy:
        dmean: 0.00158219994046
        dmean2: 0.0026624656748
        dvar: 5.43546366316e-006
        dvar2: 1.46180127558e-005
        max: 0.0259473919868
        mean: 0.00479030050337
        median: 0.00449230149388
        min: 1.07896938269e-020
        var: 9.24085452425e-006
    spectral_energyband_high:
        dmean: 0.000367589906091
        dmean2: 0.000659167359117
        dvar: 4.10208912172e-007
        dvar2: 1.12964676191e-006
        max: 0.00643433723599
        mean: 0.000590605777688
        median: 0.000441261014203
        min: 8.00279632745e-021
        var: 3.5526821307e-007
    spectral_energyband_low:
        dmean: 0.000151619242388
        dmean2: 0.000252450350672
        dvar: 5.15970093318e-008
        dvar2: 1.36447539489e-007
        max: 0.00264088343829
        mean: 0.00029058358632
        median: 0.000236722698901
        min: 7.70575361873e-023
        var: 7.61563967444e-008
    spectral_energyband_middle_high:
        dmean: 0.000985370366834
        dmean2: 0.00164352462161
        dvar: 1.71744193267e-006
        dvar2: 4.55853978565e-006
        max: 0.01987866126
        mean: 0.00290057202801
        median: 0.00267376983538
        min: 1.51579978872e-021
        var: 3.87327600038e-006
    spectral_energyband_middle_low:
        dmean: 0.000541901041288
        dmean2: 0.000880668812897
        dvar: 7.55090184157e-007
        dvar2: 2.02413457373e-006
        max: 0.0106203081086
        mean: 0.00115212716628
        median: 0.000790150079411
        min: 3.19964128859e-022
        var: 1.32395803121e-006
    spectral_flatness_db:
        dmean: 0.012719062157
        dmean2: 0.0204217918217
        dvar: 0.000142689546919
        dvar2: 0.000331258605001
        max: 0.448758602142
        mean: 0.14602458477
        median: 0.13721306622
        min: 0.0635832995176
        var: 0.00138960557524
    spectral_flux:
        dmean: 0.00865748245269
        dmean2: 0.0136005496606
        dvar: 0.000122703902889
        dvar2: 0.000233208964346
        max: 0.126073464751
        mean: 0.0421581305563
        median: 0.0422525927424
        min: 1.03873451507e-010
        var: 0.000359766563633
    spectral_kurtosis:
        dmean: 0.970502972603
        dmean2: 1.6834051609
        dvar: 3.86837267876
        dvar2: 12.338684082
        max: 112.897476196
        mean: 3.12152576447
        median: 2.75346565247
        min: -1.18377625942
        var: 14.8730115891
    spectral_rms:
        dmean: 0.000322141102515
        dmean2: 0.000524026341736
        dvar: 1.69848604514e-007
        dvar2: 4.34875801147e-007
        max: 0.00503135472536
        mean: 0.0020166663453
        median: 0.00209349789657
        min: 3.24446155706e-012
        var: 6.06527919444e-007
    spectral_rolloff:
        dmean: 282.418640137
        dmean2: 456.723480225
        dvar: 103320.648438
        dvar2: 219926.453125
        max: 18087.890625
        mean: 3645.33447266
        median: 3768.31054688
        min: 172.265625
        var: 643259.5625
    spectral_skewness:
        dmean: 0.152073785663
        dmean2: 0.253315627575
        dvar: 0.0253852382302
        dvar2: 0.0731094405055
        max: 8.66094207764
        mean: 1.13794660568
        median: 1.11274218559
        min: -0.00203377776779
        var: 0.164164379239
    spectral_spread:
        dmean: 344872.1875
        dmean2: 527025.875
        dvar: 216251908096
        dvar2: 352141901824
        max: 39963512
        mean: 4291711.5
        median: 4200888
        min: 744812.75
        var: 1.10320982426e+012
    spectral_strongpeak:
        dmean: 0.590453207493
        dmean2: 1.00941777229
        dvar: 0.614807248116
        dvar2: 1.62384796143
        max: 12.0376300812
        mean: 0.85981553793
        median: 0.517199516296
        min: 1.51978729601e-009
        var: 1.13237583637
    zerocrossingrate:
        dmean: 0.00733946403489
        dmean2: 0.00879651680589
        dvar: 5.84297740716e-005
        dvar2: 7.06997234374e-005
        max: 0.48193359375
        mean: 0.115136235952
        median: 0.119140625
        min: 0.0087890625
        var: 0.00080293539213
    barkbands:
        dmean: [5.74297928324e-007, 6.3685940404e-005, 8.99490332813e-005, 8.18620173959e-005, 0.000222515591304, 0.00010230908083, 5.08433768118e-005, 5.85209490964e-005, 0.000190920865862, 0.000145513564348, 5.68819014006e-005, 6.60594596411e-005, 5.76396305405e-005, 9.56495350692e-005, 8.7042186351e-005, 0.000117262738058, 0.000229847035371, 0.000280956504866, 0.00032542902045, 0.000358594814315, 0.000171666630195, 4.90775091748e-005, 8.84248402144e-006, 3.33582556777e-006, 1.02559977222e-006, 3.39086660972e-008, 3.34144184544e-010]
        dmean2: [8.94984395927e-007, 0.000107333631604, 0.000150826133904, 0.000140720585478, 0.000391199428122, 0.000162258147611, 8.4944840637e-005, 9.55842042458e-005, 0.000290073861834, 0.000226081523579, 9.14301999728e-005, 0.000107629624836, 9.40751633607e-005, 0.000157356233103, 0.000141116644954, 0.000195500440896, 0.000376562791644, 0.000472471991088, 0.000557769963052, 0.000640193524305, 0.000307637499645, 8.6693369667e-005, 1.43647484947e-005, 5.322024208e-006, 1.71191697973e-006, 5.5797038101e-008, 5.97241422984e-010]
        dvar: [1.03869571364e-012, 1.14845004617e-008, 1.98165768239e-008, 1.90906881414e-008, 3.7374996964e-007, 3.43573383077e-008, 1.760542645e-008, 1.94940845688e-008, 1.30479435256e-007, 1.68984584548e-007, 1.95414369131e-008, 1.9321975131e-008, 1.02376045419e-008, 4.53535520251e-008, 2.19005062974e-008, 2.76384319875e-008, 9.76876037839e-008, 1.48336056327e-007, 2.2761420837e-007, 3.63927370017e-007, 8.6094068763e-008, 7.02963021126e-009, 2.76662526222e-010, 5.63169476331e-011, 4.72162890383e-012, 8.1001582869e-015, 4.70154209033e-019]
        dvar2: [2.53210993839e-012, 3.09457881542e-008, 5.32165280731e-008, 5.30284083311e-008, 1.05470996914e-006, 7.83147626748e-008, 4.4780296804e-008, 4.77597872361e-008, 2.7362349897e-007, 3.99706522103e-007, 4.69665764058e-008, 4.76980908104e-008, 2.42001600981e-008, 1.20714531704e-007, 5.117741253e-008, 7.30829370355e-008, 2.4336208071e-007, 3.85066215358e-007, 6.11444704646e-007, 1.01294074284e-006, 2.37694209204e-007, 1.90709812387e-008, 6.19018947212e-010, 1.22556367832e-010, 1.16137368819e-011, 2.05233846953e-014, 1.32476997266e-018]
        max: [1.89777692867e-005, 0.00129830953665, 0.00157591328025, 0.00285553885624, 0.00654638605192, 0.00295756920241, 0.00324800494127, 0.00299391848966, 0.00692695612088, 0.00899679306895, 0.00295552494936, 0.00259606936015, 0.00221534678712, 0.00381456548348, 0.00356366252527, 0.00298157939687, 0.00541885010898, 0.0056690662168, 0.0102093974128, 0.00878014415503, 0.00309620914049, 0.00109237199649, 0.000267918221653, 0.000139590047183, 4.10372740589e-005, 3.4393488022e-006, 1.59076680717e-008]
        mean: [6.92358639753e-007, 9.24127161852e-005, 0.000145655561937, 0.00010330814257, 0.000261597218923, 0.000163274700753, 6.52043891023e-005, 8.41034270707e-005, 0.000306863628794, 0.000233863771427, 8.70601070346e-005, 0.000106101950223, 9.84892030829e-005, 0.000156896538101, 0.000156760099344, 0.000223496346734, 0.000446143822046, 0.000487374403747, 0.000656749412883, 0.000561533495784, 0.000254267710261, 7.51213592594e-005, 1.53507608047e-005, 6.21421531832e-006, 1.70957525825e-006, 5.35605657603e-008, 3.72767428036e-010]
        median: [2.0972899506e-007, 6.11125215073e-005, 9.43936902331e-005, 5.74722798774e-005, 0.000124617625261, 7.18521623639e-005, 2.9630789868e-005, 2.7098443752e-005, 0.000100692370324, 3.8453770685e-005, 2.46487397817e-005, 5.0982904213e-005, 5.60742628295e-005, 7.46141449781e-005, 8.83660541149e-005, 0.000170891406015, 0.000327451707562, 0.000342815939803, 0.000525458948687, 0.000403756916057, 0.000184226955753, 5.32172998646e-005, 9.17703073355e-006, 3.81512063541e-006, 1.05549918317e-006, 2.77120193459e-008, 1.76589465273e-010]
        min: [1.61365931561e-023, 3.4767902127e-023, 2.20636790571e-023, 1.23561326735e-023, 2.62832991946e-023, 7.87145669178e-023, 3.12267370779e-023, 9.8956725124e-023, 4.26648005296e-023, 4.90740050837e-023, 9.14955272211e-023, 7.63868655784e-023, 1.55390136655e-022, 1.04115433682e-022, 1.02733033832e-022, 2.00239504446e-022, 1.36441584115e-022, 2.64988955111e-022, 2.32598578778e-022, 4.0647662369e-022, 3.53849604867e-022, 4.96212593507e-022, 1.2111465034e-021, 1.013227285e-021, 1.02711012622e-021, 1.63503122992e-021, 2.10508479191e-021]
        var: [1.45180503903e-012, 1.24624364162e-008, 2.85753056772e-008, 1.98437088983e-008, 2.75236516245e-007, 6.74878464224e-008, 1.78572197029e-008, 3.62786778396e-008, 2.92259443313e-007, 3.94854140495e-007, 3.96141004444e-008, 3.39822712192e-008, 2.02240464375e-008, 8.19077925485e-008, 4.87136695426e-008, 4.7856634211e-008, 1.95736959085e-007, 2.34916100794e-007, 3.56758249609e-007, 3.52992287844e-007, 7.44976489386e-008, 6.73834854581e-009, 5.04494168663e-010, 1.06547888568e-010, 6.37378864965e-012, 9.19685334833e-015, 4.11512609524e-019]
    frequency_bands:
        dmean: [5.74297928324e-007, 6.3685940404e-005, 8.99490332813e-005, 8.18620173959e-005, 0.000222515591304, 0.00010230908083, 5.08433768118e-005, 5.85209490964e-005, 0.000190920865862, 0.000145513564348, 5.68819014006e-005, 6.60594596411e-005, 5.76396305405e-005, 9.56495350692e-005, 8.7042186351e-005, 0.000117262738058, 0.000229847035371, 0.000280956504866, 0.00032542902045, 0.000358594814315, 0.000171666630195, 4.90775091748e-005, 8.84248402144e-006, 3.33582556777e-006, 1.02559977222e-006, 3.39086660972e-008, 3.34144184544e-010, 5.72486016925e-011]
        dmean2: [8.94984395927e-007, 0.000107333631604, 0.000150826133904, 0.000140720585478, 0.000391199428122, 0.000162258147611, 8.4944840637e-005, 9.55842042458e-005, 0.000290073861834, 0.000226081523579, 9.14301999728e-005, 0.000107629624836, 9.40751633607e-005, 0.000157356233103, 0.000141116644954, 0.000195500440896, 0.000376562791644, 0.000472471991088, 0.000557769963052, 0.000640193524305, 0.000307637499645, 8.6693369667e-005, 1.43647484947e-005, 5.322024208e-006, 1.71191697973e-006, 5.5797038101e-008, 5.97241422984e-010, 1.06607209172e-010]
        dvar: [1.03869571364e-012, 1.14845004617e-008, 1.98165768239e-008, 1.90906881414e-008, 3.7374996964e-007, 3.43573383077e-008, 1.760542645e-008, 1.94940845688e-008, 1.30479435256e-007, 1.68984584548e-007, 1.95414369131e-008, 1.9321975131e-008, 1.02376045419e-008, 4.53535520251e-008, 2.19005062974e-008, 2.76384319875e-008, 9.76876037839e-008, 1.48336056327e-007, 2.2761420837e-007, 3.63927370017e-007, 8.6094068763e-008, 7.02963021126e-009, 2.76662526222e-010, 5.63169476331e-011, 4.72162890383e-012, 8.1001582869e-015, 4.70154209033e-019, 7.93860097269e-021]
        dvar2: [2.53210993839e-012, 3.09457881542e-008, 5.32165280731e-008, 5.30284083311e-008, 1.05470996914e-006, 7.83147626748e-008, 4.4780296804e-008, 4.77597872361e-008, 2.7362349897e-007, 3.99706522103e-007, 4.69665764058e-008, 4.76980908104e-008, 2.42001600981e-008, 1.20714531704e-007, 5.117741253e-008, 7.30829370355e-008, 2.4336208071e-007, 3.85066215358e-007, 6.11444704646e-007, 1.01294074284e-006, 2.37694209204e-007, 1.90709812387e-008, 6.19018947212e-010, 1.22556367832e-010, 1.16137368819e-011, 2.05233846953e-014, 1.32476997266e-018, 2.54039072992e-020]
        max: [1.89777692867e-005, 0.00129830953665, 0.00157591328025, 0.00285553885624, 0.00654638605192, 0.00295756920241, 0.00324800494127, 0.00299391848966, 0.00692695612088, 0.00899679306895, 0.00295552494936, 0.00259606936015, 0.00221534678712, 0.00381456548348, 0.00356366252527, 0.00298157939687, 0.00541885010898, 0.0056690662168, 0.0102093974128, 0.00878014415503, 0.00309620914049, 0.00109237199649, 0.000267918221653, 0.000139590047183, 4.10372740589e-005, 3.4393488022e-006, 1.59076680717e-008, 1.29010202521e-009]
        mean: [6.92358639753e-007, 9.24127161852e-005, 0.000145655561937, 0.00010330814257, 0.000261597218923, 0.000163274700753, 6.52043891023e-005, 8.41034270707e-005, 0.000306863628794, 0.000233863771427, 8.70601070346e-005, 0.000106101950223, 9.84892030829e-005, 0.000156896538101, 0.000156760099344, 0.000223496346734, 0.000446143822046, 0.000487374403747, 0.000656749412883, 0.000561533495784, 0.000254267710261, 7.51213592594e-005, 1.53507608047e-005, 6.21421531832e-006, 1.70957525825e-006, 5.35605657603e-008, 3.72767428036e-010, 4.37929900676e-011]
        median: [2.0972899506e-007, 6.11125215073e-005, 9.43936902331e-005, 5.74722798774e-005, 0.000124617625261, 7.18521623639e-005, 2.9630789868e-005, 2.7098443752e-005, 0.000100692370324, 3.8453770685e-005, 2.46487397817e-005, 5.0982904213e-005, 5.60742628295e-005, 7.46141449781e-005, 8.83660541149e-005, 0.000170891406015, 0.000327451707562, 0.000342815939803, 0.000525458948687, 0.000403756916057, 0.000184226955753, 5.32172998646e-005, 9.17703073355e-006, 3.81512063541e-006, 1.05549918317e-006, 2.77120193459e-008, 1.76589465273e-010, 1.44146170694e-011]
        min: [1.61365931561e-023, 3.4767902127e-023, 2.20636790571e-023, 1.23561326735e-023, 2.62832991946e-023, 7.87145669178e-023, 3.12267370779e-023, 9.8956725124e-023, 4.26648005296e-023, 4.90740050837e-023, 9.14955272211e-023, 7.63868655784e-023, 1.55390136655e-022, 1.04115433682e-022, 1.02733033832e-022, 2.00239504446e-022, 1.36441584115e-022, 2.64988955111e-022, 2.32598578778e-022, 4.0647662369e-022, 3.53849604867e-022, 4.96212593507e-022, 1.2111465034e-021, 1.013227285e-021, 1.02711012622e-021, 1.63503122992e-021, 2.10508479191e-021, 7.64929566416e-022]
        var: [1.45180503903e-012, 1.24624364162e-008, 2.85753056772e-008, 1.98437088983e-008, 2.75236516245e-007, 6.74878464224e-008, 1.78572197029e-008, 3.62786778396e-008, 2.92259443313e-007, 3.94854140495e-007, 3.96141004444e-008, 3.39822712192e-008, 2.02240464375e-008, 8.19077925485e-008, 4.87136695426e-008, 4.7856634211e-008, 1.95736959085e-007, 2.34916100794e-007, 3.56758249609e-007, 3.52992287844e-007, 7.44976489386e-008, 6.73834854581e-009, 5.04494168663e-010, 1.06547888568e-010, 6.37378864965e-012, 9.19685334833e-015, 4.11512609524e-019, 6.20673235873e-021]
    mfcc:
        mean: [-709.448486328, 78.4989929199, -53.461730957, 57.4395637512, -10.475320816, -0.145435929298, 2.10502076149, -0.0325200073421, 0.787083685398, -1.2134013176, -3.31467962265, -4.49735021591, -7.16541576385]
        cov: [[9646.546875, 902.459106445, -1262.21118164, 440.688476563, -592.251281738, -59.5729522705, -157.729766846, 42.9894638062, 16.7165737152, 30.7542991638, 15.4137105942, -13.3773126602, -100.056915283], [902.459106445, 712.989318848, -239.430374146, 104.754188538, -50.3074035645, -27.8625946045, 17.9951438904, 6.66523170471, 55.599822998, 13.7221899033, 30.9379558563, -8.56399917603, -9.96261787415], [-1262.21118164, -239.430374146, 486.806365967, -26.2476959229, 188.241928101, 62.5895042419, 23.0763492584, 18.977180481, -36.3591499329, 13.687743187, -14.2844648361, 26.0912437439, 20.9498386383], [440.688476563, 104.754188538, -26.2476959229, 330.38104248, 97.8797607422, 48.6213035583, 30.4686260223, -35.0590820313, 21.0806484222, 0.693621814251, 9.96699047089, 18.848077774, 29.9693641663], [-592.251281738, -50.3074035645, 188.241928101, 97.8797607422, 226.364059448, 77.0967712402, 36.3053245544, 9.56830215454, 1.84008848667, 19.3930664063, 0.375925093889, 21.6610450745, 26.1235713959], [-59.5729522705, -27.8625946045, 62.5895042419, 48.6213035583, 77.0967712402, 111.23084259, 67.2610168457, 24.4742469788, -0.473160505295, 4.97248029709, 3.23326420784, 11.1500511169, 12.8539867401], [-157.729766846, 17.9951438904, 23.0763492584, 30.4686260223, 36.3053245544, 67.2610168457, 129.783843994, 44.9733352661, 20.0200328827, -2.20975732803, -0.400405526161, 11.9178571701, 10.4463939667], [42.9894638062, 6.66523170471, 18.977180481, -35.0590820313, 9.56830215454, 24.4742469788, 44.9733352661, 95.2734298706, 35.7776031494, 21.4483242035, 2.57922267914, 6.15938520432, -3.76500940323], [16.7165737152, 55.599822998, -36.3591499329, 21.0806484222, 1.84008848667, -0.473160505295, 20.0200328827, 35.7776031494, 81.7772979736, 42.1861877441, 20.7902450562, -0.336718380451, -4.72626590729], [30.7542991638, 13.7221899033, 13.687743187, 0.693621814251, 19.3930664063, 4.97248029709, -2.20975732803, 21.4483242035, 42.1861877441, 75.4643325806, 34.1527328491, 10.8498725891, -6.16378498077], [15.4137105942, 30.9379558563, -14.2844648361, 9.96699047089, 0.375925093889, 3.23326420784, -0.400405526161, 2.57922267914, 20.7902450562, 34.1527328491, 60.2284736633, 26.9482364655, 6.13638210297], [-13.3773126602, -8.56399917603, 26.0912437439, 18.848077774, 21.6610450745, 11.1500511169, 11.9178571701, 6.15938520432, -0.336718380451, 10.8498725891, 26.9482364655, 62.8867683411, 33.3962554932], [-100.056915283, -9.96261787415, 20.9498386383, 29.9693641663, 26.1235713959, 12.8539867401, 10.4463939667, -3.76500940323, -4.72626590729, -6.16378498077, 6.13638210297, 33.3962554932, 59.4007339478]]
        icov: [[0.000268030416919, -0.000138516596053, 0.000507183256559, -0.000612012925558, 0.000694143818691, -0.000605172419455, 0.000669072091114, -0.000780017697252, 0.000797976041213, -0.000664480030537, 0.000590234529227, -0.000548686599359, 0.000458776252344], [-0.000138516596053, 0.00192922330461, 0.000601012667175, -0.000207503486308, -0.000663935730699, 0.0010497267358, -0.000813174759969, 5.85731213505e-005, -0.000724321114831, 0.000485812721308, -0.00116558617447, 0.000692020053975, -8.1356112787e-005], [0.000507183256559, 0.000601012667175, 0.00506225135177, -0.000234977007494, -0.00221298309043, -0.000801701447926, 0.000960174249485, -0.00197975034826, 0.00325838313438, -0.00234378012829, 0.00187147827819, -0.0018312468892, 0.000992945162579], [-0.000612012925558, -0.000207503486308, -0.000234977007494, 0.00621102424338, -0.00401407806203, -2.45260980591e-005, -0.00188419700135, 0.00487100332975, -0.00413162168115, 0.00238030473702, -0.000868943112437, 0.000264623813564, -0.00184647704009], [0.000694143818691, -0.000663935730699, -0.00221298309043, -0.00401407806203, 0.0118096238002, -0.00582741759717, 0.00254478864372, -0.00186010042671, 0.00136074097827, -0.0036901072599, 0.00303245545365, -0.00165734498296, -0.000290632771794], [-0.000605172419455, 0.0010497267358, -0.000801701447926, -2.45260980591e-005, -0.00582741759717, 0.0193547476083, -0.00949025526643, -0.000839532585815, 0.00298793497495, -0.000179306138307, -0.00393075030297, 0.00357282022014, -0.00194137985818], [0.000669072091114, -0.000813174759969, 0.000960174249485, -0.00188419700135, 0.00254478864372, -0.00949025526643, 0.0157459694892, -0.00605459557846, -0.00175958289765, 0.00240313331597, 0.00229977583513, -0.00342360162176, 0.0011807999108], [-0.000780017697252, 5.85731213505e-005, -0.00197975034826, 0.00487100332975, -0.00186010042671, -0.000839532585815, -0.00605459557846, 0.0200821608305, -0.0099083352834, 0.000102653197246, 0.00232070335187, -0.00213396176696, 0.000456271896837], [0.000797976041213, -0.000724321114831, 0.00325838313438, -0.00413162168115, 0.00136074097827, 0.00298793497495, -0.00175958289765, -0.0099083352834, 0.0272179022431, -0.0137171586975, -0.00132281775586, 0.00364939752035, -0.000578462379053], [-0.000664480030537, 0.000485812721308, -0.00234378012829, 0.00238030473702, -0.0036901072599, -0.000179306138307, 0.00240313331597, 0.000102653197246, -0.0137171586975, 0.0285139475018, -0.0126409493387, -0.000216133383219, 0.0031281830743], [0.000590234529227, -0.00116558617447, 0.00187147827819, -0.000868943112437, 0.00303245545365, -0.00393075030297, 0.00229977583513, 0.00232070335187, -0.00132281775586, -0.0126409493387, 0.0316313356161, -0.0147786457092, 0.00346091692336], [-0.000548686599359, 0.000692020053975, -0.0018312468892, 0.000264623813564, -0.00165734498296, 0.00357282022014, -0.00342360162176, -0.00213396176696, 0.00364939752035, -0.000216133383219, -0.0147786457092, 0.0323969163001, -0.0162927880883], [0.000458776252344, -8.1356112787e-005, 0.000992945162579, -0.00184647704009, -0.000290632771794, -0.00194137985818, 0.0011807999108, 0.000456271896837, -0.000578462379053, 0.0031281830743, 0.00346091692336, -0.0162927880883, 0.0276256967336]]
    sccoeffs:
        dmean: [0.0517102740705, 0.0473196171224, 0.0399494171143, 0.0282002929598, 0.0194364469498, 0.0173455514014]
        dmean2: [0.0853568390012, 0.076976545155, 0.064124032855, 0.0471743009984, 0.0324412584305, 0.0286693796515]
        dvar: [0.00190834829118, 0.00155585980974, 0.00112452253234, 0.000519812165294, 0.000244220515015, 0.000232608625083]
        dvar2: [0.00508597120643, 0.00387477199547, 0.00277837156318, 0.00140902306885, 0.000663899176288, 0.000624318025075]
        max: [-0.332152336836, -0.428407222033, -0.48331540823, -0.52214962244, -0.60622048378, -0.608766078949]
        mean: [-0.693103313446, -0.764481842518, -0.780807614326, -0.804188430309, -0.800901055336, -0.73372977972]
        median: [-0.698980033398, -0.773073017597, -0.794266164303, -0.807322263718, -0.800854444504, -0.733143746853]
        min: [-0.937327206135, -0.963180661201, -0.970520675182, -0.955811738968, -0.966050863266, -0.959788560867]
        var: [0.0052176262252, 0.0051118992269, 0.0054436866194, 0.00205975491554, 0.00116987130605, 0.00142260745633]
    scvalleys:
        dmean: [0.401317179203, 0.370022892952, 0.307822942734, 0.250680476427, 0.248303741217, 0.245727837086]
        dmean2: [0.644901394844, 0.609693646431, 0.497419238091, 0.40063560009, 0.398231178522, 0.388559311628]
        dvar: [0.135535150766, 0.114950560033, 0.0832532197237, 0.061586342752, 0.0785325691104, 0.102451957762]
        dvar2: [0.305432826281, 0.273366063833, 0.181838780642, 0.119870968163, 0.172535404563, 0.223137289286]
        max: [-5.28180980682, -4.93373441696, -5.24678611755, -5.57196569443, -5.16731309891, -7.55833959579]
        mean: [-7.12362098694, -7.15683221817, -7.28030157089, -7.14621782303, -6.79740715027, -9.71062660217]
        median: [-6.74864673615, -6.84248733521, -6.97636699677, -6.79929733276, -6.46543121338, -9.29343414307]
        min: [-28.1000404358, -27.2103843689, -27.1019592285, -27.410320282, -27.1492290497, -27.2286739349]
        var: [2.28615736961, 2.22319674492, 2.33688354492, 2.24970674515, 2.3651676178, 2.97435879707]

rhythm:
    beats_loudness:
        dmean: 0.00158494827338
        dmean2: 0.00280866236426
        dvar: 2.10919074561e-006
        dvar2: 6.5184444793e-006
        max: 0.011130515486
        mean: 0.00525178108364
        median: 0.00540438387543
        min: 3.93670382751e-012
        var: 5.01605791214e-006
    bpm: 135.053573608
    bpm_confidence: 0
    first_peak_bpm: 136
    first_peak_spread: 0.300613492727
    first_peak_weight: 0.658959507942
    onset_rate: 3.48321795464
    second_peak_bpm: 126
    second_peak_spread: 0.428571432829
    second_peak_weight: 0.0154142584652
    beats_loudness_band_ratio:
        dmean: [0.0772434026003, 0.114231929183, 0.0854640379548, 0.0600529015064, 0.0907311663032, 0.0868509784341]
        dmean2: [0.13737796247, 0.211083471775, 0.154740139842, 0.104497909546, 0.155699908733, 0.151061326265]
        dvar: [0.0047556553036, 0.00787943601608, 0.00961814634502, 0.00572065496817, 0.00551177281886, 0.00475416751578]
        dvar2: [0.0132735706866, 0.0229271501303, 0.0278281178325, 0.0165346860886, 0.0164057184011, 0.0148983374238]
        max: [0.878036201, 0.789983928204, 0.720199048519, 0.568798482418, 0.619351685047, 0.636461913586]
        mean: [0.15667539835, 0.137571573257, 0.107427485287, 0.0895513817668, 0.304963678122, 0.273418813944]
        median: [0.122389644384, 0.115579798818, 0.0682668015361, 0.0632266625762, 0.305066347122, 0.266879230738]
        min: [0, 0, 0, 0, 0, 0]
        var: [0.0188932642341, 0.012507321313, 0.0113543495536, 0.00606609741226, 0.0117446538061, 0.0106648718938]
    beats_position: [0.476009070873, 0.952018141747, 1.42802715302, 1.90403628349, 2.38004541397, 2.85605430603, 3.30884337425, 3.76163268089, 4.21442174911, 4.66721057892, 5.10838985443, 5.54956912994, 6.00235795975, 6.44353723526, 6.88471651077, 7.33750534058, 7.77868461609, 8.2198638916, 8.66104316711, 9.10222244263, 9.55501079559, 10.0078001022, 10.4489793777, 10.8901586533, 11.3313379288, 11.7725172043, 12.2253055573, 12.6780948639, 13.1192741394, 13.5604534149, 14.0016326904, 14.4428119659, 14.8839902878, 15.3251695633, 15.7779588699, 16.2307472229, 16.6719264984, 17.1131057739, 17.5542850494, 17.995464325, 18.4366436005, 18.877822876, 19.3190021515, 19.7717914581, 20.2245807648, 20.6657600403, 21.1069393158, 21.548116684, 21.9892959595, 22.4420852661, 22.8832645416, 23.3244438171, 23.7772331238, 24.2184123993, 24.6712017059, 25.1123809814, 25.553560257, 26.0063495636, 26.4475269318, 26.8887062073, 27.3298854828, 27.7710647583, 28.2122440338, 28.6650333405, 29.1178226471, 29.5590019226, 30.0001811981, 30.4413604736, 30.8825397491, 31.3237190247, 31.7648983002, 32.2176856995, 32.6704750061, 33.111656189, 33.5528335571, 33.99401474, 34.4351921082, 34.8763694763, 35.3175506592, 35.7703399658, 36.2231292725, 36.6643066406, 37.1054878235, 37.5466651917, 37.9878463745, 38.4290237427, 38.8702049255, 39.3113822937, 39.7641716003, 40.216960907, 40.6581382751, 41.099319458, 41.5404968262, 41.9932861328, 42.4344673157, 42.8756446838, 43.3168258667, 43.7696151733, 44.2107925415, 44.6519737244, 45.1047592163, 45.5575485229, 45.9987297058, 46.439907074, 46.8926963806, 47.3338775635, 47.7866668701, 48.2278442383, 48.6690254211, 49.1102027893, 49.5513839722, 49.9925613403, 50.445350647, 50.8981399536, 51.3393173218, 51.7804985046, 52.2216758728, 52.6628570557, 53.1040344238, 53.5452156067, 53.9863929749, 54.4391822815, 54.8919715881, 55.333152771, 55.7743301392, 56.2155075073, 56.6566886902, 57.0978660583, 57.550655365, 58.0034446716, 58.4446258545, 58.8858032227, 59.3269844055, 59.7681617737, 60.2093429565, 60.6621322632, 61.1149177551, 61.556098938, 61.9972763062, 62.438457489, 62.8796348572, 63.3324241638, 63.7736053467, 64.2263946533, 64.6675720215, 65.1087493896, 65.5499343872, 65.9911117554, 66.4322891235, 66.8850784302, 67.3378677368, 67.779045105, 68.2202224731, 68.6614074707, 69.1025848389, 69.543762207, 69.9965515137, 70.4493408203, 70.8905181885, 71.3316955566, 71.7728805542, 72.2140579224, 72.6552352905, 73.1080245972, 73.5608139038, 74.001991272, 74.4431762695, 74.8843536377, 75.3255310059, 75.766708374, 76.2078933716, 76.6606826782, 77.1134643555, 77.554649353, 77.9958267212, 78.4370040894, 78.8781814575, 79.3309707642, 79.7837600708, 80.2249450684, 80.6661224365, 81.1072998047, 81.5484771729, 81.9896621704, 82.4308395386, 82.8836288452, 83.3364181519, 83.77759552, 84.2187728882, 84.6599502563, 85.1011352539, 85.5423126221, 85.9834899902, 86.4362792969, 86.877456665, 87.3186416626, 87.7598190308, 88.2126083374, 88.6537857056, 89.0949630737, 89.5477523804, 90.000541687, 90.4417190552, 90.8829040527, 91.3240814209, 91.7652587891, 92.2064361572, 92.6476211548, 93.0887985229, 93.5415878296, 93.9943771362, 94.4355545044, 94.8767318726, 95.3179092407, 95.7706985474, 96.223487854, 96.6646728516, 97.1058502197, 97.5470275879, 97.9882049561, 98.4409942627, 98.8937835693, 99.3349609375, 99.7761459351, 100.217323303, 100.658500671, 101.09967804, 101.540863037, 101.993652344, 102.44644165, 102.887619019, 103.328796387, 103.769973755, 104.211151123, 104.652336121, 105.093513489, 105.534690857, 105.999092102, 106.44026947, 106.881446838, 107.334236145, 107.787025452, 108.22820282, 108.669387817, 109.110565186, 109.551742554, 109.992919922, 110.445709229, 110.898498535, 111.339683533, 111.780860901, 112.222038269, 112.663215637, 113.104400635, 113.545578003, 113.99836731, 114.451156616, 114.892333984, 115.333511353, 115.774688721, 116.215873718, 116.657051086, 117.098228455, 117.551017761, 118.003807068, 118.444984436, 118.886169434, 119.327346802, 119.76852417, 120.209701538, 120.650878906, 121.103668213, 121.55645752, 121.997642517, 122.438819885, 122.879997253, 123.33278656, 123.785575867, 124.226753235, 124.667930603, 125.109115601, 125.550292969, 125.991470337, 126.432647705, 126.873832703, 127.315010071, 127.767799377, 128.220581055, 128.661773682, 129.10295105, 129.555740356, 129.996917725, 130.438095093, 130.890884399, 131.332061768, 131.773239136, 132.214416504, 132.655593872, 133.09677124, 133.549560547, 134.002349854, 134.44354248, 134.884719849, 135.325897217, 135.767074585, 136.219863892, 136.66104126, 137.113830566, 137.555007935, 137.996185303, 138.437362671, 138.878540039, 139.331329346, 139.784118652, 140.225296021, 140.666488647, 141.107666016, 141.548843384, 141.990020752, 142.442810059, 142.895599365, 143.336776733, 143.777954102, 144.21913147, 144.660308838, 145.101501465, 145.542678833, 145.983856201, 146.425033569, 146.866210938, 147.307388306, 147.760177612, 148.212966919, 148.654144287, 149.106933594, 149.5597229, 150.000900269, 150.442077637, 150.883255005, 151.324447632, 151.765625, 152.206802368, 152.647979736, 153.100769043, 153.55355835, 153.994735718, 154.435913086, 154.877090454, 155.318267822, 155.759460449, 156.212234497, 156.665023804, 157.106216431, 157.547393799, 157.988571167, 158.441360474, 158.89414978, 159.335327148, 159.776504517, 160.217681885, 160.658859253, 161.100036621, 161.552825928, 162.005615234, 162.446792603, 162.887985229, 163.329162598, 163.770339966, 164.211517334, 164.652694702, 165.09387207, 165.535049438, 165.987838745, 166.440628052, 166.88180542, 167.322982788, 167.764175415, 168.205352783, 168.646530151, 169.099319458, 169.552108765, 169.993286133, 170.434463501, 170.875640869, 171.328430176, 171.781219482, 172.222396851, 172.663574219, 173.104751587, 173.545944214, 173.987121582, 174.439910889, 174.892700195, 175.333877563, 175.775054932, 176.2162323, 176.657409668, 177.098587036, 177.539764404, 177.992553711, 178.445343018, 178.886520386, 179.327713013, 179.768890381, 180.210067749, 180.662857056, 181.115646362, 181.55682373, 181.998001099, 182.439178467, 182.880355835, 183.321533203, 183.77432251, 184.227111816, 184.668289185, 185.109481812, 185.55065918, 185.991836548, 186.433013916, 186.874191284, 187.326980591, 187.779769897, 188.220947266, 188.662124634, 189.103302002, 189.54447937, 189.985671997, 190.438461304, 190.89125061, 191.332427979, 191.773605347, 192.214782715, 192.655960083, 193.097137451, 193.549926758, 194.002716064, 194.443893433, 194.885070801, 195.326248169, 195.767440796, 196.208618164, 196.661407471, 197.114196777, 197.555374146, 197.996551514, 198.437728882, 198.87890625, 199.320083618, 199.772872925, 200.225662231, 200.6668396, 201.108016968, 201.549209595, 201.990386963, 202.431564331, 202.872741699, 203.325531006, 203.778320313, 204.219497681, 204.660675049, 205.101852417, 205.543029785, 205.995819092, 206.448608398, 206.889785767, 207.330978394, 207.772155762, 208.21333313, 208.654510498, 209.095687866, 209.536865234, 209.989654541, 210.442443848, 210.883621216, 211.324798584, 211.765975952, 212.207168579, 212.648345947, 213.101135254, 213.553924561, 213.995101929, 214.436279297, 214.877456665, 215.330245972, 215.783035278, 216.235824585, 216.688613892, 217.141403198, 217.594192505, 218.05859375, 218.522994995, 218.987380981, 219.451782227, 219.916183472, 220.392196655, 220.868209839, 221.344207764, 221.773788452, 222.203353882, 222.632919312, 223.062484741, 223.49206543, 223.921630859, 224.351196289, 224.885253906, 225.419311523, 225.988204956, 226.557098389, 227.125976563, 227.694869995, 228.263763428, 228.84425354, 229.413146973, 229.982040405, 230.574142456, 231.166259766, 231.758361816, 232.362075806, 232.965805054, 233.569519043]
