
metadata:
    version:
        essentia: "2.1-beta2"
    audio_properties:
        analysis_sample_rate: 44100
        bitrate: 320
        channels: 2
        equal_loudness: 1
        length: 233.639190674
        replay_gain: -15.6874036789
        downmix: "mix"
    tags:
        album: "Ungrateful"
        artist: "Escape The Fate"
        comment: "Forever Immortal Hosts www.p2pdl.com"
        date: "2013"
        genre: "Hardcore"
        title: "I Alone"
        tracknumber: "12/13"

configuration:
    average_loudness:
        compute: 1
        frameSize: 88200
        hopSize: 44100
        silentFrames: "noise"
        windowType: "hann"
    general:
        analysisSampleRate: 44100
        endTime: 2000
        equalLoudness: 1
        nequalLoudness: 0
        shortSound: 0
        startTime: 0
    lowlevel:
        compute: 1
        frameSize: 2048
        hopSize: 1024
        zeroPadding: 0
        silentFrames: "noise"
        windowType: "blackmanharris62"
        mfccStats: ["mean", "cov", "icov"]
        stats: ["mean", "var", "median", "min", "max", "dmean", "dmean2", "dvar", "dvar2"]
    panning:
        compute: 0
        frameSize: 8192
        hopSize: 2048
        zeroPadding: 8192
        silentFrames: "noise"
        windowType: "hann"
        stats: ["copy"]
    rhythm:
        compute: 1
        maxTempo: 208
        minTempo: 40
        method: "degara"
        stats: ["mean", "var", "median", "min", "max", "dmean", "dmean2", "dvar", "dvar2"]
    segmentation:
        compute: 0
        cpw: 5
        inc1: 300
        inc2: 50
        minimumSegmentsLength: 10
        size1: 1000
        size2: 600
    sfx:
        compute: 1
        stats: ["mean", "var", "median", "min", "max", "dmean", "dmean2", "dvar", "dvar2"]
    svm:
        compute: 0
    tonal:
        compute: 1
        frameSize: 4096
        hopSize: 2048
        zeroPadding: 0
        silentFrames: "noise"
        windowType: "blackmanharris62"
        stats: ["mean", "var", "median", "min", "max", "dmean", "dmean2", "dvar", "dvar2"]

lowlevel:
    average_loudness: 0.649741768837
    barkbands_kurtosis:
        dmean: 1.19058454037
        dmean2: 1.85340535641
        dvar: 7.70138025284
        dvar2: 17.5160388947
        max: 118.453659058
        mean: 1.40633749962
        median: -0.683280050755
        min: -1.93166553974
        var: 44.2374572754
    barkbands_skewness:
        dmean: 0.380973696709
        dmean2: 0.580708384514
        dvar: 0.145828202367
        dvar2: 0.317629635334
        max: 8.87711906433
        mean: 0.232046827674
        median: -0.00658709695563
        min: -3.94035625458
        var: 1.70488321781
    barkbands_spread:
        dmean: 4.89238929749
        dmean2: 7.68911361694
        dvar: 29.0368709564
        dvar2: 68.3986816406
        max: 66.1834030151
        mean: 26.0792694092
        median: 26.5725841522
        min: 0.678424715996
        var: 149.601150513
    dissonance:
        dmean: 0.0181272774935
        dmean2: 0.0306050088257
        dvar: 0.000409318250604
        dvar2: 0.00110540655442
        max: 0.500000059605
        mean: 0.459919929504
        median: 0.47421592474
        min: 0.18775652349
        var: 0.00184822990559
    hfc:
        dmean: 2.09002518654
        dmean2: 3.39553904533
        dvar: 8.44970798492
        dvar2: 21.3536720276
        max: 79.4642791748
        mean: 8.79659557343
        median: 8.02531051636
        min: 1.17494454743e-016
        var: 55.0295219421
    pitch:
        dmean: 561.35369873
        dmean2: 1081.03552246
        dvar: 1312763.375
        dvar2: 3263859.5
        max: 4900.38525391
        mean: 1091.07092285
        median: 350.575866699
        min: 65.1455307007
        var: 2074516.375
    pitch_instantaneous_confidence:
        dmean: 0.0834587067366
        dmean2: 0.133643910289
        dvar: 0.00578743964434
        dvar2: 0.0134052382782
        max: 0.940395712852
        mean: 0.474629461765
        median: 0.447992920876
        min: 0.128415167332
        var: 0.0273795239627
    pitch_salience:
        dmean: 0.058128669858
        dmean2: 0.0945545956492
        dvar: 0.0026005548425
        dvar2: 0.0067502995953
        max: 0.868299305439
        mean: 0.610795259476
        median: 0.621446549892
        min: 0.13021440804
        var: 0.0104616899043
    silence_rate_20dB:
        dmean: 0
        dmean2: 0
        dvar: 0
        dvar2: 0
        max: 1
        mean: 1
        median: 1
        min: 1
        var: 0
    silence_rate_30dB:
        dmean: 0
        dmean2: 0
        dvar: 0
        dvar2: 0
        max: 1
        mean: 1
        median: 1
        min: 1
        var: 0
    silence_rate_60dB:
        dmean: 0.0844762474298
        dmean2: 0.168969288468
        dvar: 0.0773445218801
        dvar2: 0.17103934288
        max: 1
        mean: 0.309549838305
        median: 0
        min: 0
        var: 0.213729768991
    spectral_centroid:
        dmean: 224.664901733
        dmean2: 346.927642822
        dvar: 72927.7421875
        dvar2: 143926.484375
        max: 11161.1083984
        mean: 1702.97802734
        median: 1752.85021973
        min: 150.178466797
        var: 560611
    spectral_complexity:
        dmean: 3.29835033417
        dmean2: 5.44816637039
        dvar: 14.3304586411
        dvar2: 36.6886367798
        max: 49
        mean: 14.6940279007
        median: 15
        min: 0
        var: 71.1577224731
    spectral_crest:
        dmean: 2.08728337288
        dmean2: 3.35367965698
        dvar: 3.82343769073
        dvar2: 9.34815216064
        max: 25.3811149597
        mean: 8.2659034729
        median: 7.28966760635
        min: 2.46228098869
        var: 14.4572353363
    spectral_decrease:
        dmean: 2.20797075068e-010
        dmean2: 3.50078382949e-010
        dvar: 6.27932125411e-020
        dvar2: 1.50804202203e-019
        max: 3.89453518615e-029
        mean: -1.03406017082e-009
        median: -9.61085988571e-010
        min: -4.19033030497e-009
        var: 3.34048360079e-019
    spectral_energy:
        dmean: 0.000991402659565
        dmean2: 0.00157815474086
        dvar: 1.3143784372e-006
        dvar2: 3.2221305446e-006
        max: 0.0228388868272
        mean: 0.00470065604895
        median: 0.00432694889605
        min: 1.05101083955e-020
        var: 7.68341942603e-006
    spectral_energyband_high:
        dmean: 0.000153358720127
        dmean2: 0.000247248943197
        dvar: 6.55910739056e-008
        dvar2: 1.51043082042e-007
        max: 0.00746726850048
        mean: 0.000416218099417
        median: 0.000325682107359
        min: 7.67027779914e-021
        var: 2.12864520677e-007
    spectral_energyband_low:
        dmean: 0.000158573995577
        dmean2: 0.00027491315268
        dvar: 8.91601814601e-008
        dvar2: 2.50028392657e-007
        max: 0.00264797220007
        mean: 0.000256753293797
        median: 0.000187060039025
        min: 9.80720207742e-023
        var: 9.00633239098e-008
    spectral_energyband_middle_high:
        dmean: 0.000646377855446
        dmean2: 0.00103094766382
        dvar: 6.93205777225e-007
        dvar2: 1.73212833943e-006
        max: 0.0216591656208
        mean: 0.00257486919872
        median: 0.00222662999295
        min: 1.43814063565e-021
        var: 4.88545538246e-006
    spectral_energyband_middle_low:
        dmean: 0.000535436731298
        dmean2: 0.000816899060737
        dvar: 4.50414461284e-007
        dvar2: 9.76487285698e-007
        max: 0.00936627108604
        mean: 0.00160223408602
        median: 0.00129660929088
        min: 3.1237634718e-022
        var: 1.45276146668e-006
    spectral_flatness_db:
        dmean: 0.0153232468292
        dmean2: 0.0238257944584
        dvar: 0.000245143834036
        dvar2: 0.000538935943041
        max: 0.474624156952
        mean: 0.164029166102
        median: 0.143117144704
        min: 0.0665572583675
        var: 0.00425297394395
    spectral_flux:
        dmean: 0.00744945928454
        dmean2: 0.0117678074166
        dvar: 6.42634477117e-005
        dvar2: 0.000149592175148
        max: 0.162814006209
        mean: 0.0372426696122
        median: 0.0373125858605
        min: 1.02518819822e-010
        var: 0.000299025909044
    spectral_kurtosis:
        dmean: 1.69972598553
        dmean2: 2.85958409309
        dvar: 19.132976532
        dvar2: 50.322971344
        max: 134.713851929
        mean: 5.12715053558
        median: 3.24002623558
        min: -1.14222812653
        var: 58.9065895081
    spectral_rms:
        dmean: 0.000220854795771
        dmean2: 0.000346807704773
        dvar: 5.21143554977e-008
        dvar2: 1.24489119457e-007
        max: 0.00472036469728
        mean: 0.00203184527345
        median: 0.00205460796133
        min: 3.20214991675e-012
        var: 4.57621069927e-007
    spectral_rolloff:
        dmean: 295.658050537
        dmean2: 476.207946777
        dvar: 215518.1875
        dvar2: 423279.65625
        max: 18604.6875
        mean: 3020.24658203
        median: 3531.4453125
        min: 129.19921875
        var: 1561937.375
    spectral_skewness:
        dmean: 0.195144757628
        dmean2: 0.312919855118
        dvar: 0.0965094342828
        dvar2: 0.234991163015
        max: 9.84294986725
        mean: 1.50902628899
        median: 1.28411841393
        min: -0.0416529290378
        var: 0.646174609661
    spectral_spread:
        dmean: 469373.9375
        dmean2: 678177.6875
        dvar: 423054475264
        dvar2: 741136728064
        max: 38691224
        mean: 4527163.5
        median: 4349824.5
        min: 706891.6875
        var: 2.26472650342e+012
    spectral_strongpeak:
        dmean: 0.558731794357
        dmean2: 0.933463275433
        dvar: 0.747817218304
        dvar2: 1.84535372257
        max: 17.1036491394
        mean: 1.09382665157
        median: 0.713475644588
        min: 1.4766267098e-009
        var: 1.82120215893
    zerocrossingrate:
        dmean: 0.00780691951513
        dmean2: 0.00909952260554
        dvar: 8.10251294752e-005
        dvar2: 8.93649848877e-005
        max: 0.4814453125
        mean: 0.0941557958722
        median: 0.09912109375
        min: 0.0078125
        var: 0.00131182733458
    barkbands:
        dmean: [4.10472466683e-007, 5.54876278329e-005, 9.16959324968e-005, 8.78486825968e-005, 0.000189925980521, 0.00015626460663, 0.000148913037265, 7.61857736506e-005, 0.000168698388734, 0.000182986274012, 8.94009863259e-005, 4.84747433802e-005, 6.18763660896e-005, 7.47225931264e-005, 0.000107996282168, 0.000109710897959, 0.000127095743665, 0.000157842499902, 0.000254482059972, 0.000164640776347, 8.08910408523e-005, 2.44405327976e-005, 6.35831065665e-006, 2.71988346867e-006, 1.39754683914e-006, 5.01073778025e-008, 1.10827513833e-009]
        dmean2: [6.24955418971e-007, 9.50167377596e-005, 0.000162044249009, 0.000150324034621, 0.000306378351524, 0.000254444516031, 0.000234289822401, 0.000114740614663, 0.000246482959483, 0.000275284488453, 0.000138332936331, 7.73973006289e-005, 9.81212651823e-005, 0.000117577823403, 0.000172496671439, 0.000176448258571, 0.00021161865152, 0.000258478103206, 0.000428026774898, 0.000272233883152, 0.000133467576234, 4.00654644181e-005, 1.02760841401e-005, 4.063841061e-006, 2.1135224415e-006, 7.56859961371e-008, 1.7913257544e-009]
        dvar: [7.61016900538e-013, 1.56617936398e-008, 3.22672910613e-008, 1.75726402318e-008, 1.59785045639e-007, 7.784274203e-008, 1.13240986366e-007, 2.85214358797e-008, 9.12782098794e-008, 1.43453632973e-007, 4.28226378801e-008, 9.36273902852e-009, 1.32976625267e-008, 3.28514282444e-008, 5.59029338376e-008, 8.15194596271e-008, 7.77586208756e-008, 9.6257316784e-008, 2.05554258059e-007, 1.25240944726e-007, 1.87248812011e-008, 2.09745176782e-009, 2.36907687912e-010, 6.15705403328e-011, 2.42301421982e-011, 1.96110268731e-014, 2.70877596199e-017]
        dvar2: [1.69950577049e-012, 4.300893508e-008, 9.29208923139e-008, 4.81668216423e-008, 3.62329160453e-007, 1.94601710746e-007, 2.52338679729e-007, 5.98007119379e-008, 1.82007696026e-007, 2.98212285088e-007, 1.01543108144e-007, 2.34808528177e-008, 3.08421093109e-008, 7.21153696759e-008, 1.25463699874e-007, 2.06935297342e-007, 1.88014638525e-007, 2.26137316872e-007, 5.14387181738e-007, 2.96222225415e-007, 4.70135503861e-008, 5.00445684892e-009, 5.16008902274e-010, 1.13575780725e-010, 4.7935787284e-011, 4.10443401001e-014, 6.33647679263e-017]
        max: [9.07327557798e-006, 0.00105600629468, 0.00169496482704, 0.00271552545018, 0.00465507432818, 0.0057518160902, 0.00741182733327, 0.00594674097374, 0.00645656138659, 0.00704527180642, 0.00509619154036, 0.00155643583275, 0.00316788977943, 0.00513176154345, 0.00607469538227, 0.00966257043183, 0.00980592053384, 0.0107605168596, 0.0165650583804, 0.018138775602, 0.00416552368551, 0.000959937053267, 0.00036946774344, 0.000178233545739, 0.000143495140946, 4.9042282626e-006, 1.05375114856e-007]
        mean: [5.51661059944e-007, 7.63225762057e-005, 0.000124098354718, 0.000128371815663, 0.000276438746369, 0.0002618477738, 0.000243119851802, 0.000147172060679, 0.000362926104572, 0.000386502331821, 0.000182250150829, 8.08726908872e-005, 0.000112743524369, 0.000128983330796, 0.00018329078739, 0.000203909439733, 0.000260224012891, 0.000332857016474, 0.00055700429948, 0.000393422757043, 0.000188001460629, 5.1098955737e-005, 1.12659927254e-005, 4.89910917167e-006, 2.40532767748e-006, 8.3745852919e-008, 1.33682087622e-009]
        median: [7.16519252819e-008, 4.43368226115e-005, 7.80178233981e-005, 7.25934223738e-005, 0.000116110328236, 0.000122120807646, 6.51334485156e-005, 4.10464672314e-005, 0.000147890968947, 0.000106825609691, 5.07560034748e-005, 3.88362095691e-005, 5.14950661454e-005, 4.09342392231e-005, 6.52511662338e-005, 9.99924595817e-005, 0.000158845359692, 0.000224990624702, 0.000395920273149, 0.000296690675896, 0.00013827199291, 3.52704300894e-005, 6.24655376669e-006, 2.12563850255e-006, 1.01650630313e-006, 3.54327553964e-008, 2.17703091665e-010]
        min: [1.11354280095e-023, 4.80560652825e-023, 3.71340273034e-023, 3.24678996662e-024, 3.42544357193e-023, 3.26536286833e-023, 9.98799385077e-023, 4.03681676882e-023, 8.71770817448e-023, 5.88125655339e-023, 1.08395041958e-022, 5.70374581032e-023, 9.66920632372e-023, 1.55925817386e-022, 1.98415998821e-022, 1.60505274847e-022, 1.03212213189e-022, 1.76805034415e-022, 1.8570924193e-022, 3.16699557376e-022, 3.85533818161e-022, 3.83359717506e-022, 7.08121029437e-022, 8.48754860216e-022, 1.27159985544e-021, 1.60766964622e-021, 2.54378414953e-021]
        var: [1.33112282048e-012, 1.35276323476e-008, 2.99851485863e-008, 3.1437636494e-008, 2.21259824684e-007, 1.46708245552e-007, 2.51720734923e-007, 1.21145433241e-007, 3.25373747501e-007, 4.86764974994e-007, 1.46866256046e-007, 1.86066362318e-008, 3.48950699447e-008, 9.37881523555e-008, 1.32049294166e-007, 1.78445148435e-007, 2.22317424914e-007, 2.5777669066e-007, 5.60929606763e-007, 3.25779069499e-007, 5.34502397898e-008, 4.05841182882e-009, 4.02809813282e-010, 1.39308523051e-010, 4.32252358906e-011, 3.44794654525e-014, 4.07836040889e-017]
    frequency_bands:
        dmean: [4.10472466683e-007, 5.54876278329e-005, 9.16959324968e-005, 8.78486825968e-005, 0.000189925980521, 0.00015626460663, 0.000148913037265, 7.61857736506e-005, 0.000168698388734, 0.000182986274012, 8.94009863259e-005, 4.84747433802e-005, 6.18763660896e-005, 7.47225931264e-005, 0.000107996282168, 0.000109710897959, 0.000127095743665, 0.000157842499902, 0.000254482059972, 0.000164640776347, 8.08910408523e-005, 2.44405327976e-005, 6.35831065665e-006, 2.71988346867e-006, 1.39754683914e-006, 5.01073778025e-008, 1.10827513833e-009, 5.4797243132e-011]
        dmean2: [6.24955418971e-007, 9.50167377596e-005, 0.000162044249009, 0.000150324034621, 0.000306378351524, 0.000254444516031, 0.000234289822401, 0.000114740614663, 0.000246482959483, 0.000275284488453, 0.000138332936331, 7.73973006289e-005, 9.81212651823e-005, 0.000117577823403, 0.000172496671439, 0.000176448258571, 0.00021161865152, 0.000258478103206, 0.000428026774898, 0.000272233883152, 0.000133467576234, 4.00654644181e-005, 1.02760841401e-005, 4.063841061e-006, 2.1135224415e-006, 7.56859961371e-008, 1.7913257544e-009, 1.01239967798e-010]
        dvar: [7.61016900538e-013, 1.56617936398e-008, 3.22672910613e-008, 1.75726402318e-008, 1.59785045639e-007, 7.784274203e-008, 1.13240986366e-007, 2.85214358797e-008, 9.12782098794e-008, 1.43453632973e-007, 4.28226378801e-008, 9.36273902852e-009, 1.32976625267e-008, 3.28514282444e-008, 5.59029338376e-008, 8.15194596271e-008, 7.77586208756e-008, 9.6257316784e-008, 2.05554258059e-007, 1.25240944726e-007, 1.87248812011e-008, 2.09745176782e-009, 2.36907687912e-010, 6.15705403328e-011, 2.42301421982e-011, 1.96110268731e-014, 2.70877596199e-017, 6.67101978927e-021]
        dvar2: [1.69950577049e-012, 4.300893508e-008, 9.29208923139e-008, 4.81668216423e-008, 3.62329160453e-007, 1.94601710746e-007, 2.52338679729e-007, 5.98007119379e-008, 1.82007696026e-007, 2.98212285088e-007, 1.01543108144e-007, 2.34808528177e-008, 3.08421093109e-008, 7.21153696759e-008, 1.25463699874e-007, 2.06935297342e-007, 1.88014638525e-007, 2.26137316872e-007, 5.14387181738e-007, 2.96222225415e-007, 4.70135503861e-008, 5.00445684892e-009, 5.16008902274e-010, 1.13575780725e-010, 4.7935787284e-011, 4.10443401001e-014, 6.33647679263e-017, 2.09473150371e-020]
        max: [9.07327557798e-006, 0.00105600629468, 0.00169496482704, 0.00271552545018, 0.00465507432818, 0.0057518160902, 0.00741182733327, 0.00594674097374, 0.00645656138659, 0.00704527180642, 0.00509619154036, 0.00155643583275, 0.00316788977943, 0.00513176154345, 0.00607469538227, 0.00966257043183, 0.00980592053384, 0.0107605168596, 0.0165650583804, 0.018138775602, 0.00416552368551, 0.000959937053267, 0.00036946774344, 0.000178233545739, 0.000143495140946, 4.9042282626e-006, 1.05375114856e-007, 1.28519062059e-009]
        mean: [5.51661059944e-007, 7.63225762057e-005, 0.000124098354718, 0.000128371815663, 0.000276438746369, 0.0002618477738, 0.000243119851802, 0.000147172060679, 0.000362926104572, 0.000386502331821, 0.000182250150829, 8.08726908872e-005, 0.000112743524369, 0.000128983330796, 0.00018329078739, 0.000203909439733, 0.000260224012891, 0.000332857016474, 0.00055700429948, 0.000393422757043, 0.000188001460629, 5.1098955737e-005, 1.12659927254e-005, 4.89910917167e-006, 2.40532767748e-006, 8.3745852919e-008, 1.33682087622e-009, 4.38880667919e-011]
        median: [7.16519252819e-008, 4.43368226115e-005, 7.80178233981e-005, 7.25934223738e-005, 0.000116110328236, 0.000122120807646, 6.51334485156e-005, 4.10464672314e-005, 0.000147890968947, 0.000106825609691, 5.07560034748e-005, 3.88362095691e-005, 5.14950661454e-005, 4.09342392231e-005, 6.52511662338e-005, 9.99924595817e-005, 0.000158845359692, 0.000224990624702, 0.000395920273149, 0.000296690675896, 0.00013827199291, 3.52704300894e-005, 6.24655376669e-006, 2.12563850255e-006, 1.01650630313e-006, 3.54327553964e-008, 2.17703091665e-010, 1.6322568297e-011]
        min: [1.11354280095e-023, 4.80560652825e-023, 3.71340273034e-023, 3.24678996662e-024, 3.42544357193e-023, 3.26536286833e-023, 9.98799385077e-023, 4.03681676882e-023, 8.71770817448e-023, 5.88125655339e-023, 1.08395041958e-022, 5.70374581032e-023, 9.66920632372e-023, 1.55925817386e-022, 1.98415998821e-022, 1.60505274847e-022, 1.03212213189e-022, 1.76805034415e-022, 1.8570924193e-022, 3.16699557376e-022, 3.85533818161e-022, 3.83359717506e-022, 7.08121029437e-022, 8.48754860216e-022, 1.27159985544e-021, 1.60766964622e-021, 2.54378414953e-021, 7.49168958567e-022]
        var: [1.33112282048e-012, 1.35276323476e-008, 2.99851485863e-008, 3.1437636494e-008, 2.21259824684e-007, 1.46708245552e-007, 2.51720734923e-007, 1.21145433241e-007, 3.25373747501e-007, 4.86764974994e-007, 1.46866256046e-007, 1.86066362318e-008, 3.48950699447e-008, 9.37881523555e-008, 1.32049294166e-007, 1.78445148435e-007, 2.22317424914e-007, 2.5777669066e-007, 5.60929606763e-007, 3.25779069499e-007, 5.34502397898e-008, 4.05841182882e-009, 4.02809813282e-010, 1.39308523051e-010, 4.32252358906e-011, 3.44794654525e-014, 4.07836040889e-017, 5.50963761051e-021]
    mfcc:
        mean: [-719.004943848, 101.32989502, -48.2198257446, 43.7900466919, -23.6396522522, -9.05912780762, -0.0621283352375, -2.95257115364, -0.618639469147, -3.06036186218, -5.69605112076, -7.68497896194, -4.46628189087]
        cov: [[7721.94238281, -508.461242676, -879.073913574, 1131.60290527, 232.578536987, 791.384765625, 546.706298828, 421.609161377, 269.589141846, 184.685821533, 37.2611999512, -89.235710144, 96.2587738037], [-508.461242676, 973.458068848, 28.4088249207, -130.001846313, -139.139205933, -195.202697754, -124.082923889, -102.394714355, -96.0827560425, -58.9792785645, -15.1518068314, -7.82795667648, -39.9427871704], [-879.073913574, 28.4088249207, 593.070373535, -142.195373535, 18.0847549438, -86.1980819702, -111.480262756, -91.8139266968, -94.3833389282, -40.6711616516, -5.53532218933, 24.6830844879, -31.9070053101], [1131.60290527, -130.001846313, -142.195373535, 546.451171875, 184.518554688, 217.214050293, 145.333297729, 106.197166443, 124.001152039, 52.3994293213, 23.8572731018, 16.2287578583, 47.9686965942], [232.578536987, -139.139205933, 18.0847549438, 184.518554688, 217.997314453, 158.298690796, 80.6836013794, 61.7726898193, 53.0456619263, 36.3418045044, 15.1403484344, 3.0929005146, 13.1975517273], [791.384765625, -195.202697754, -86.1980819702, 217.214050293, 158.298690796, 370.292144775, 242.657058716, 134.476806641, 74.2979812622, 63.1426544189, 36.9122085571, -19.315322876, 7.00356388092], [546.706298828, -124.082923889, -111.480262756, 145.333297729, 80.6836013794, 242.657058716, 265.136291504, 136.911499023, 70.546875, 49.9230079651, 26.7188186646, -4.57558679581, 15.8434066772], [421.609161377, -102.394714355, -91.8139266968, 106.197166443, 61.7726898193, 134.476806641, 136.911499023, 169.508392334, 95.12865448, 47.876663208, 17.2383117676, 0.409390687943, 18.6835765839], [269.589141846, -96.0827560425, -94.3833389282, 124.001152039, 53.0456619263, 74.2979812622, 70.546875, 95.12865448, 143.409194946, 72.5002593994, 18.589258194, 2.57790541649, 17.3546237946], [184.685821533, -58.9792785645, -40.6711616516, 52.3994293213, 36.3418045044, 63.1426544189, 49.9230079651, 47.876663208, 72.5002593994, 112.613830566, 46.4405555725, -0.0990223735571, 7.03939247131], [37.2611999512, -15.1518068314, -5.53532218933, 23.8572731018, 15.1403484344, 36.9122085571, 26.7188186646, 17.2383117676, 18.589258194, 46.4405555725, 88.292930603, 39.2529335022, 18.8902645111], [-89.235710144, -7.82795667648, 24.6830844879, 16.2287578583, 3.0929005146, -19.315322876, -4.57558679581, 0.409390687943, 2.57790541649, -0.0990223735571, 39.2529335022, 95.7655258179, 54.4187431335], [96.2587738037, -39.9427871704, -31.9070053101, 47.9686965942, 13.1975517273, 7.00356388092, 15.8434066772, 18.6835765839, 17.3546237946, 7.03939247131, 18.8902645111, 54.4187431335, 100.173698425]]
        icov: [[0.000261125765974, 5.65254958929e-005, 0.00021487181948, -0.000519743945915, 0.00043731025653, -0.000433364533819, 0.000239239670918, -0.000364089122741, 0.00045231950935, -0.000277818675386, 0.000154065390234, 0.000165370161994, -8.60350701259e-005], [5.65254958929e-005, 0.00124731240794, 0.000108518004708, -0.000306356581859, 0.000510409241542, 0.00045863064588, -4.76198583783e-005, -4.64159493276e-005, 0.000669225933962, 1.06725965452e-005, -0.000257591338595, 0.000103107442555, 0.000417047995143], [0.00021487181948, 0.000108518004708, 0.0024210466072, 7.92200517026e-005, -0.00076601607725, -0.0003678369103, 0.000785931595601, -7.91519487393e-005, 0.00141847180203, -0.000446264195489, 0.00037421300658, -0.00116249499843, 0.000933669332881], [-0.000519743945915, -0.000306356581859, 7.92200517026e-005, 0.00443139486015, -0.00288862013258, -0.000173165593878, -0.000591025745962, 0.00150843418669, -0.00320085976273, 0.00150801357813, -0.00024159689201, -0.000709334970452, -0.000635214848444], [0.00043731025653, 0.000510409241542, -0.00076601607725, -0.00288862013258, 0.00962927285582, -0.00426618149504, 0.00227859825827, -0.00133244367316, 0.000453743181424, -0.00125739874784, 0.00105983729009, -0.000245743081905, -0.000216292377445], [-0.000433364533819, 0.00045863064588, -0.0003678369103, -0.000173165593878, -0.00426618149504, 0.0108618009835, -0.00755813671276, -2.20456568059e-005, 0.00094673509011, -7.23813263903e-006, -0.00264369789511, 0.00246276217513, 0.000564368616324], [0.000239239670918, -4.76198583783e-005, 0.000785931595601, -0.000591025745962, 0.00227859825827, -0.00755813671276, 0.0126770725474, -0.00550719397143, 0.00141248304863, -0.000860972795635, 0.000796963518951, -0.00110420712736, -0.000199784553843], [-0.000364089122741, -4.64159493276e-005, -7.91519487393e-005, 0.00150843418669, -0.00133244367316, -2.20456568059e-005, -0.00550719397143, 0.0149335199967, -0.0081826839596, 0.00182192935608, -0.000313703902066, -8.49148345878e-005, -0.000758490059525], [0.00045231950935, 0.000669225933962, 0.00141847180203, -0.00320085976273, 0.000453743181424, 0.00094673509011, 0.00141248304863, -0.0081826839596, 0.018761832267, -0.00957778375596, 0.00304859806783, -0.00107418780681, 0.000424862868385], [-0.000277818675386, 1.06725965452e-005, -0.000446264195489, 0.00150801357813, -0.00125739874784, -7.23813263903e-006, -0.000860972795635, 0.00182192935608, -0.00957778375596, 0.018756756559, -0.00980066694319, 0.00433997763321, -0.000798792811111], [0.000154065390234, -0.000257591338595, 0.00037421300658, -0.00024159689201, 0.00105983729009, -0.00264369789511, 0.000796963518951, -0.000313703902066, 0.00304859806783, -0.00980066694319, 0.0206305328757, -0.00993516482413, 0.00162916060071], [0.000165370161994, 0.000103107442555, -0.00116249499843, -0.000709334970452, -0.000245743081905, 0.00246276217513, -0.00110420712736, -8.49148345878e-005, -0.00107418780681, 0.00433997763321, -0.00993516482413, 0.0211787931621, -0.00984833203256], [-8.60350701259e-005, 0.000417047995143, 0.000933669332881, -0.000635214848444, -0.000216292377445, 0.000564368616324, -0.000199784553843, -0.000758490059525, 0.000424862868385, -0.000798792811111, 0.00162916060071, -0.00984833203256, 0.0160206481814]]
    sccoeffs:
        dmean: [0.0498345047235, 0.0488573312759, 0.0392610840499, 0.0305262636393, 0.0203510262072, 0.0167139135301]
        dmean2: [0.0833515003324, 0.080156289041, 0.0621915720403, 0.0493162572384, 0.0332298688591, 0.0264514181763]
        dvar: [0.00177647417877, 0.00162636465393, 0.00104100920726, 0.000638268014882, 0.000291820935672, 0.000220582791371]
        dvar2: [0.00472347065806, 0.00413799798116, 0.00258197030053, 0.00161881872918, 0.000726262514945, 0.000495758315083]
        max: [-0.220566824079, -0.397602677345, -0.453236460686, -0.524528861046, -0.606361329556, -0.606601536274]
        mean: [-0.659231245518, -0.723745405674, -0.718174159527, -0.76978546381, -0.79171037674, -0.749971449375]
        median: [-0.679727613926, -0.733460187912, -0.717618703842, -0.773827373981, -0.796449244022, -0.747607469559]
        min: [-0.958566308022, -0.965793311596, -0.963433802128, -0.968931257725, -0.959335386753, -0.960958123207]
        var: [0.0102416584268, 0.00704340357333, 0.00635032076389, 0.00328636681661, 0.00170709751546, 0.00180700724013]
    scvalleys:
        dmean: [0.366092920303, 0.365758091211, 0.293134897947, 0.252187788486, 0.210427626967, 0.274978518486]
        dmean2: [0.60728853941, 0.606047987938, 0.480843126774, 0.407656759024, 0.330019056797, 0.407025009394]
        dvar: [0.101844877005, 0.115661524236, 0.0728795528412, 0.0683720111847, 0.0770947486162, 0.13220757246]
        dvar2: [0.253960758448, 0.28314012289, 0.166959136724, 0.142526894808, 0.145832896233, 0.261981517076]
        max: [-5.42500305176, -4.7275800705, -5.15997457504, -5.72450304031, -5.3963432312, -7.25578212738]
        mean: [-7.47009992599, -6.92095279694, -7.21017742157, -7.56202888489, -7.2797369957, -9.92179679871]
        median: [-6.90359306335, -6.76537322998, -6.91684532166, -7.15210199356, -6.67547225952, -9.48435878754]
        min: [-27.1326351166, -27.0846805573, -27.4965419769, -27.1311073303, -27.2844047546, -27.2567424774]
        var: [3.33940052986, 1.78501284122, 1.93977296352, 2.20235514641, 2.65750575066, 2.51175165176]

rhythm:
    beats_loudness:
        dmean: 0.00240634428337
        dmean2: 0.00445174751803
        dvar: 3.81245581593e-006
        dvar2: 1.26290215121e-005
        max: 0.019476281479
        mean: 0.0053559797816
        median: 0.00490988045931
        min: 2.11513901012e-012
        var: 8.29494820209e-006
    bpm: 172.265441895
    bpm_confidence: 0
    first_peak_bpm: 172
    first_peak_spread: 0
    first_peak_weight: 0.47885197401
    onset_rate: 2.58090257645
    second_peak_bpm: 178
    second_peak_spread: 0
    second_peak_weight: 0.371601194143
    beats_loudness_band_ratio:
        dmean: [0.0851074755192, 0.180828407407, 0.145682662725, 0.118496157229, 0.0925341770053, 0.0867021903396]
        dmean2: [0.143482252955, 0.339768022299, 0.256351232529, 0.213481679559, 0.161789804697, 0.15607060492]
        dvar: [0.00744175771251, 0.0195125099272, 0.021008323878, 0.018586371094, 0.00756989791989, 0.00752734346315]
        dvar2: [0.0181195456535, 0.0671202018857, 0.0610708259046, 0.052435182035, 0.0219433289021, 0.0218387022614]
        max: [0.923332989216, 0.737555861473, 0.916052997112, 0.775640964508, 0.85864007473, 0.845882594585]
        mean: [0.123580820858, 0.182730749249, 0.222938805819, 0.135191962123, 0.183726504445, 0.197428524494]
        median: [0.0913038849831, 0.117751911283, 0.154861584306, 0.078105814755, 0.164286673069, 0.184497877955]
        min: [0, 0, 0, 0, 0, 0]
        var: [0.0144276786596, 0.0257186349481, 0.0378078408539, 0.0188734773546, 0.0140162203461, 0.0150200370699]
    beats_position: [0.348299324512, 0.696598649025, 1.05650794506, 1.4164172411, 1.77632653713, 2.14784574509, 2.51936507225, 2.89088439941, 3.26240348816, 3.62231278419, 3.97061228752, 4.31891155243, 4.66721057892, 5.01551008224, 5.36380958557, 5.70049858093, 6.03718805313, 6.38548755646, 6.72217655182, 7.05886602402, 7.40716552734, 7.75546455383, 8.10376358032, 8.45206356049, 8.78875255585, 9.12544155121, 9.46213150024, 9.79882049561, 10.1471195221, 10.4954195023, 10.8437185287, 11.1920175552, 11.5519275665, 11.9234466553, 12.3065757751, 12.689704895, 13.0496139526, 13.3979139328, 13.7462129593, 14.0829019547, 14.4195919037, 14.7678909302, 15.1161899567, 15.4644899368, 15.8127889633, 16.1494789124, 16.4977779388, 16.8344669342, 17.1595458984, 17.5078449249, 17.8561439514, 18.2044448853, 18.5527439117, 18.9010429382, 19.2493419647, 19.5860309601, 19.9343299866, 20.2826309204, 20.642539978, 21.0140590668, 21.3855781555, 21.7570972443, 22.128616333, 22.5001354218, 22.8484344482, 23.1967334747, 23.5334243774, 23.8701133728, 24.2184123993, 24.5667114258, 24.9150104523, 25.2516994476, 25.5883903503, 25.9366893768, 26.2733783722, 26.6216773987, 26.9699764252, 27.3066654205, 27.6549663544, 28.0032653809, 28.3399543762, 28.6766433716, 29.0249423981, 29.3732414246, 29.7099323273, 30.0466213226, 30.3949203491, 30.7432193756, 31.079908371, 31.4165973663, 31.7648983002, 32.1131973267, 32.449886322, 32.7865753174, 33.1348762512, 33.4831733704, 33.8198623657, 34.1565513611, 34.5048522949, 34.8531494141, 35.1898422241, 35.5265312195, 35.8748283386, 36.2231292725, 36.5598182678, 36.8965072632, 37.244808197, 37.5931053162, 37.9297943115, 38.2664833069, 38.6147842407, 38.9630813599, 39.2997741699, 39.6364631653, 39.9847602844, 40.3330612183, 40.6813583374, 41.0180473328, 41.3547401428, 41.703037262, 42.0513381958, 42.3880271912, 42.7247161865, 43.0730133057, 43.4213142395, 43.7696151733, 44.1063041687, 44.4429931641, 44.7912902832, 45.1279792786, 45.4762802124, 45.8129692078, 46.1612701416, 46.497959137, 46.8346481323, 47.1829452515, 47.5312461853, 47.8679351807, 48.204624176, 48.5529251099, 48.901222229, 49.2379112244, 49.5746040344, 49.9229011536, 50.2712020874, 50.6194992065, 50.9561882019, 51.2928771973, 51.6179580688, 51.9662590027, 52.3145561218, 52.6628570557, 53.0111541748, 53.3594551086, 53.696144104, 54.0444450378, 54.3811340332, 54.7294311523, 55.0661201477, 55.4028091431, 55.7511100769, 56.0994110107, 56.4477081299, 56.7960090637, 57.1326980591, 57.4693870544, 57.8176841736, 58.1659851074, 58.5026741028, 58.8393630981, 59.187664032, 59.5359611511, 59.8726501465, 60.2093429565, 60.5576400757, 60.9059410095, 61.2542381287, 61.6025390625, 61.9392280579, 62.2759170532, 62.6126060486, 62.9609069824, 63.2975959778, 63.6458930969, 63.9825820923, 64.3192749023, 64.6675720215, 65.0158691406, 65.3409500122, 65.6892471313, 66.0375518799, 66.385848999, 66.7341461182, 67.0824508667, 67.4191360474, 67.7558288574, 68.1041259766, 68.4524230957, 68.7891159058, 69.1258010864, 69.4624938965, 69.7991790771, 70.1474838257, 70.4957809448, 70.844078064, 71.1923828125, 71.5290679932, 71.8773651123, 72.2140579224, 72.5507507324, 72.8874359131, 73.2241287231, 73.5608139038, 73.9091110229, 74.2574157715, 74.6057128906, 74.9540100098, 75.2907028198, 75.6273880005, 75.975692749, 76.3239898682, 76.6722869873, 77.0089797974, 77.345664978, 77.6939697266, 78.0422668457, 78.3789520264, 78.7156448364, 79.0639419556, 79.4122467041, 79.7605438232, 80.1088409424, 80.4455337524, 80.7822189331, 81.1305236816, 81.4788208008, 81.8271179199, 82.16381073, 82.5004959106, 82.8487930298, 83.1970977783, 83.533782959, 83.8820877075, 84.2187728882, 84.5670700073, 84.9037628174, 85.2404556274, 85.5887527466, 85.9370498657, 86.2737426758, 86.6104278564, 86.9587249756, 87.3070297241, 87.6437149048, 87.9804077148, 88.328704834, 88.6770019531, 89.0253067017, 89.3619918823, 89.6986846924, 90.0469818115, 90.3952789307, 90.7319717407, 91.0686569214, 91.4169616699, 91.7652587891, 92.1135559082, 92.4618606567, 92.7869338989, 93.1352386475, 93.4719238281, 93.8086166382, 94.1569137573, 94.5052108765, 94.853515625, 95.1902008057, 95.5268936157, 95.8751907349, 96.2118835449, 96.5485687256, 96.8968658447, 97.2451705933, 97.5934677124, 97.9417648315, 98.2784576416, 98.6151428223, 98.9634475708, 99.3117446899, 99.6484298706, 99.9851226807, 100.3334198, 100.681724548, 101.018409729, 101.355102539, 101.703399658, 102.051696777, 102.400001526, 102.736686707, 103.073379517, 103.421676636, 103.758361816, 104.095054626, 104.443351746, 104.791656494, 105.128341675, 105.465034485, 105.813331604, 106.161628723, 106.498321533, 106.835006714, 107.183311462, 107.531608582, 107.868293762, 108.204986572, 108.541679382, 108.889976501, 109.238273621, 109.574966431, 109.92326355, 110.271560669, 110.619865417, 110.968162537, 111.304847717, 111.641540527, 111.966621399, 112.314918518, 112.663215637, 113.011520386, 113.348205566, 113.696502686, 114.044807434, 114.381492615, 114.718185425, 115.054870605, 115.403175354, 115.751472473, 116.099769592, 116.448066711, 116.79637146, 117.133056641, 117.469749451, 117.81804657, 118.15473938, 118.491424561, 118.839729309, 119.188026428, 119.536323547, 119.873016357, 120.209701538, 120.557998657, 120.906303406, 121.242988586, 121.579681396, 121.927978516, 122.264671326, 122.612968445, 122.949661255, 123.297958374, 123.646255493, 123.982948303, 124.319633484, 124.667930603, 125.016235352, 125.352920532, 125.689613342, 126.037910461, 126.386207581, 126.734512329, 127.07119751, 127.419502258, 127.767799377, 128.104492188, 128.441177368, 128.777862549, 129.126159668, 129.474472046, 129.822769165, 130.159454346, 130.496139526, 130.844436646, 131.192733765, 131.529434204, 131.866119385, 132.214416504, 132.562713623, 132.899414063, 133.236099243, 133.584396362, 133.932693481, 134.269378662, 134.606079102, 134.954376221, 135.30267334, 135.650970459, 135.98765564, 136.324356079, 136.672653198, 137.020950317, 137.357635498, 137.694335938, 138.042633057, 138.390930176, 138.739227295, 139.075912476, 139.412597656, 139.760910034, 140.109207153, 140.445892334, 140.782577515, 141.119277954, 141.455963135, 141.804260254, 142.152557373, 142.500854492, 142.837554932, 143.174240112, 143.522537231, 143.870834351, 144.21913147, 144.555831909, 144.89251709, 145.240814209, 145.57749939, 145.925796509, 146.274108887, 146.622406006, 146.959091187, 147.295776367, 147.644073486, 147.980773926, 148.329071045, 148.677368164, 149.014053345, 149.350738525, 149.687438965, 150.035736084, 150.372421265, 150.720718384, 151.057418823, 151.394104004, 151.742401123, 152.090698242, 152.438995361, 152.775695801, 153.12399292, 153.460678101, 153.797363281, 154.1456604, 154.493972778, 154.842269897, 155.178955078, 155.527252197, 155.875549316, 156.223846436, 156.560546875, 156.897232056, 157.245529175, 157.593826294, 157.930511475, 158.267211914, 158.615509033, 158.963806152, 159.312103271, 159.648788452, 159.985488892, 160.333786011, 160.68208313, 161.030380249, 161.36706543, 161.703765869, 162.028839111, 162.37713623, 162.72543335, 163.073745728, 163.422042847, 163.770339966, 164.107025146, 164.443710327, 164.792022705, 165.128707886, 165.465393066, 165.813690186, 166.150375366, 166.487075806, 166.835372925, 167.183670044, 167.520355225, 167.857055664, 168.205352783, 168.553649902, 168.878723145, 169.227020264, 169.575332642, 169.923629761, 170.27192688, 170.608612061, 170.945297241, 171.293609619, 171.641906738, 171.990203857, 172.3152771, 172.663574219, 173.011871338, 173.360183716, 173.696868896, 174.045166016, 174.381851196, 174.730148315, 175.055236816, 175.403533936, 175.751831055, 176.100128174, 176.436828613, 176.785125732, 177.121810913, 177.470108032, 177.806793213, 178.155105591, 178.491790771, 178.840087891, 179.18838501, 179.52507019, 179.86177063, 180.198455811, 180.535140991, 180.88343811, 181.231735229, 181.580047607, 181.928344727, 182.276641846, 182.624938965, 182.961624146, 183.298324585, 183.646621704, 183.983306885, 184.319992065, 184.668289185, 185.016601563, 185.364898682, 185.701583862, 186.038269043, 186.386566162, 186.723266602, 187.059951782, 187.408248901, 187.756546021, 188.10484314, 188.441543579, 188.77822876, 189.126525879, 189.46321106, 189.799911499, 190.148208618, 190.496505737, 190.844802856, 191.181488037, 191.518188477, 191.866485596, 192.214782715, 192.563079834, 192.911376953, 193.248062134, 193.584762573, 193.933059692, 194.269744873, 194.606430054, 194.954742432, 195.303039551, 195.65133667, 195.988021851, 196.324707031, 196.661407471, 196.998092651, 197.334777832, 197.671463013, 198.019775391, 198.36807251, 198.716369629, 199.064666748, 199.412963867, 199.761260986, 200.097961426, 200.434646606, 200.782943726, 201.119628906, 201.456329346, 201.804626465, 202.152923584, 202.501220703, 202.861129761, 203.221038818, 203.580947876, 203.906021118, 204.242721558, 204.579406738, 204.916091919, 205.299224854, 205.682357788, 206.053878784, 206.43699646, 206.808517456, 207.180038452, 207.53994751, 207.911468506, 208.282989502, 208.654510498, 209.014419556, 209.374328613, 209.745849609, 210.128982544, 210.51210022, 210.883621216, 211.255142212, 211.626663208, 212.009796143, 212.392913818, 212.776046753, 213.159179688, 213.553924561, 213.937042236, 214.320175171, 214.714920044, 215.109649658, 215.492782593, 215.875915527, 216.2706604, 216.653778076, 217.036911011, 217.431655884, 217.81477356, 218.197906494, 218.592651367, 218.975784302, 219.358901978, 219.753646851, 220.136779785, 220.51991272, 220.914642334, 221.309387207, 221.692520142, 222.075637817, 222.47038269, 222.958007813, 223.445617676, 223.921630859, 224.397644043, 224.862030029, 225.326431274, 225.802444458, 226.278457642, 226.766067505, 227.253692627, 227.764526367, 228.263763428, 228.762985229, 229.273834229, 229.784667969, 230.307113647, 230.852783203, 231.398452759, 231.944122314, 232.478179932, 233.012237549]
