
metadata:
    version:
        essentia: "2.1-beta2"
    audio_properties:
        analysis_sample_rate: 44100
        bitrate: 320
        channels: 2
        equal_loudness: 1
        length: 195.866119385
        replay_gain: -14.3794517517
        downmix: "mix"
    tags:
        album: "Deceiver Of The Gods"
        artist: "Amon Amarth"
        comment: ""
        date: "2013"
        genre: "Death Metal"
        title: "Blood Eagle"
        tracknumber: "06"

configuration:
    average_loudness:
        compute: 1
        frameSize: 88200
        hopSize: 44100
        silentFrames: "noise"
        windowType: "hann"
    general:
        analysisSampleRate: 44100
        endTime: 2000
        equalLoudness: 1
        nequalLoudness: 0
        shortSound: 0
        startTime: 0
    lowlevel:
        compute: 1
        frameSize: 2048
        hopSize: 1024
        zeroPadding: 0
        silentFrames: "noise"
        windowType: "blackmanharris62"
        mfccStats: ["mean", "cov", "icov"]
        stats: ["mean", "var", "median", "min", "max", "dmean", "dmean2", "dvar", "dvar2"]
    panning:
        compute: 0
        frameSize: 8192
        hopSize: 2048
        zeroPadding: 8192
        silentFrames: "noise"
        windowType: "hann"
        stats: ["copy"]
    rhythm:
        compute: 1
        maxTempo: 208
        minTempo: 40
        method: "degara"
        stats: ["mean", "var", "median", "min", "max", "dmean", "dmean2", "dvar", "dvar2"]
    segmentation:
        compute: 0
        cpw: 5
        inc1: 300
        inc2: 50
        minimumSegmentsLength: 10
        size1: 1000
        size2: 600
    sfx:
        compute: 1
        stats: ["mean", "var", "median", "min", "max", "dmean", "dmean2", "dvar", "dvar2"]
    svm:
        compute: 0
    tonal:
        compute: 1
        frameSize: 4096
        hopSize: 2048
        zeroPadding: 0
        silentFrames: "noise"
        windowType: "blackmanharris62"
        stats: ["mean", "var", "median", "min", "max", "dmean", "dmean2", "dvar", "dvar2"]

lowlevel:
    average_loudness: 0.9686819911
    barkbands_kurtosis:
        dmean: 0.601293325424
        dmean2: 1.02866661549
        dvar: 2.08905720711
        dvar2: 5.85126495361
        max: 68.8337936401
        mean: -1.00901687145
        median: -1.34080791473
        min: -1.88658905029
        var: 2.29825139046
    barkbands_skewness:
        dmean: 0.450431793928
        dmean2: 0.713981986046
        dvar: 0.165460839868
        dvar2: 0.403315275908
        max: 8.05836868286
        mean: -0.157438293099
        median: -0.201299294829
        min: -4.26350975037
        var: 0.502118468285
    barkbands_spread:
        dmean: 5.79618883133
        dmean2: 9.46013259888
        dvar: 26.8622283936
        dvar2: 69.0071105957
        max: 109.35068512
        mean: 40.561340332
        median: 41.0921936035
        min: 2.21099281311
        var: 86.3759918213
    dissonance:
        dmean: 0.00803228095174
        dmean2: 0.0138521138579
        dvar: 7.26206199033e-005
        dvar2: 0.000190479244338
        max: 0.500000059605
        mean: 0.487156420946
        median: 0.489110082388
        min: 0.252233028412
        var: 0.000106432053144
    hfc:
        dmean: 3.83325791359
        dmean2: 6.57634544373
        dvar: 17.6337776184
        dvar2: 45.9979400635
        max: 39.6212921143
        mean: 9.33154964447
        median: 8.73047351837
        min: 1.1738547866e-016
        var: 24.3044033051
    pitch:
        dmean: 1105.3885498
        dmean2: 2121.12573242
        dvar: 2180249.5
        dvar2: 4973497
        max: 4997.08007813
        mean: 2514.59448242
        median: 3638.11669922
        min: 64.3029632568
        var: 2647723.75
    pitch_instantaneous_confidence:
        dmean: 0.0819639712572
        dmean2: 0.139327034354
        dvar: 0.0041768415831
        dvar2: 0.0116802696139
        max: 0.94475787878
        mean: 0.346515119076
        median: 0.34187579155
        min: 0.114401161671
        var: 0.0112934485078
    pitch_salience:
        dmean: 0.0579563193023
        dmean2: 0.0963452085853
        dvar: 0.00277498550713
        dvar2: 0.00738197378814
        max: 0.969162404537
        mean: 0.698643922806
        median: 0.709632694721
        min: 0.0853084996343
        var: 0.00497895479202
    silence_rate_20dB:
        dmean: 0
        dmean2: 0
        dvar: 0
        dvar2: 0
        max: 1
        mean: 1
        median: 1
        min: 1
        var: 0
    silence_rate_30dB:
        dmean: 0
        dmean2: 0
        dvar: 0
        dvar2: 0
        max: 1
        mean: 1
        median: 1
        min: 1
        var: 0
    silence_rate_60dB:
        dmean: 0.123755335808
        dmean2: 0.247540012002
        dvar: 0.108444087207
        dvar2: 0.251232177019
        max: 1
        mean: 0.176247477531
        median: 0
        min: 0
        var: 0.145183816552
    spectral_centroid:
        dmean: 346.933441162
        dmean2: 554.48626709
        dvar: 100131.515625
        dvar2: 232526.6875
        max: 11199.390625
        mean: 1942.37731934
        median: 1946.59802246
        min: 269.387817383
        var: 285365.71875
    spectral_complexity:
        dmean: 5.48245620728
        dmean2: 8.72922325134
        dvar: 22.7455329895
        dvar2: 52.4788017273
        max: 51
        mean: 18.8994903564
        median: 19
        min: 0
        var: 77.3216400146
    spectral_crest:
        dmean: 1.85503053665
        dmean2: 3.10057759285
        dvar: 3.26391077042
        dvar2: 8.33780097961
        max: 26.2736282349
        mean: 6.04249715805
        median: 5.38905143738
        min: 2.2745153904
        var: 6.08209562302
    spectral_decrease:
        dmean: 4.10784212201e-010
        dmean2: 6.97176483211e-010
        dvar: 3.18298711969e-019
        dvar2: 8.50169822932e-019
        max: 2.79560407378e-029
        mean: -1.09793030223e-009
        median: -1.02359243304e-009
        min: -5.02463182173e-009
        var: 3.85012999721e-019
    spectral_energy:
        dmean: 0.00186052499339
        dmean2: 0.00316904694773
        dvar: 5.92545575273e-006
        dvar2: 1.57385056809e-005
        max: 0.0217494107783
        mean: 0.00499024521559
        median: 0.00467376364395
        min: 1.05416947395e-020
        var: 7.32836861062e-006
    spectral_energyband_high:
        dmean: 0.000354118325049
        dmean2: 0.000628760026302
        dvar: 1.69395363514e-007
        dvar2: 4.49553766657e-007
        max: 0.00326330028474
        mean: 0.000606668822002
        median: 0.000513066595886
        min: 8.1410922017e-021
        var: 1.74496634031e-007
    spectral_energyband_low:
        dmean: 0.00029942439869
        dmean2: 0.000492390245199
        dvar: 1.35204160756e-007
        dvar2: 3.39739500532e-007
        max: 0.00536085991189
        mean: 0.00054578500567
        median: 0.000437079637777
        min: 1.39350549724e-022
        var: 2.17445006001e-007
    spectral_energyband_middle_high:
        dmean: 0.000764932483435
        dmean2: 0.00126343697775
        dvar: 5.77200751195e-007
        dvar2: 1.46961076553e-006
        max: 0.00912158936262
        mean: 0.00225879834034
        median: 0.00216308841482
        min: 1.14596897263e-021
        var: 1.39756468798e-006
    spectral_energyband_middle_low:
        dmean: 0.00101443484891
        dmean2: 0.00171711971052
        dvar: 2.82417704511e-006
        dvar2: 7.7159720604e-006
        max: 0.0142647465691
        mean: 0.00176824862137
        median: 0.00133034447208
        min: 3.11210549602e-022
        var: 2.8314627798e-006
    spectral_flatness_db:
        dmean: 0.0131325619295
        dmean2: 0.0209701359272
        dvar: 0.000145529251313
        dvar2: 0.000336586876074
        max: 0.372188359499
        mean: 0.134074449539
        median: 0.129841119051
        min: 0.0374227054417
        var: 0.000560162588954
    spectral_flux:
        dmean: 0.00937750283629
        dmean2: 0.014832037501
        dvar: 0.000117706011224
        dvar2: 0.000228631848586
        max: 0.112870022655
        mean: 0.0447574406862
        median: 0.0439473576844
        min: 1.02672752245e-010
        var: 0.000255594262853
    spectral_kurtosis:
        dmean: 0.891584873199
        dmean2: 1.52194845676
        dvar: 0.737233996391
        dvar2: 2.16649413109
        max: 21.7075634003
        mean: 2.97592353821
        median: 2.81373047829
        min: -1.27152895927
        var: 1.72314071655
    spectral_rms:
        dmean: 0.00037656922359
        dmean2: 0.000625468033832
        dvar: 1.69183124399e-007
        dvar2: 4.37397119413e-007
        max: 0.00460640154779
        mean: 0.0021139124874
        median: 0.00213536154479
        min: 3.20695813655e-012
        var: 3.99904024562e-007
    spectral_rolloff:
        dmean: 331.521636963
        dmean2: 539.95300293
        dvar: 199838.34375
        dvar2: 414850.46875
        max: 18152.4902344
        mean: 3734.35473633
        median: 3811.37695313
        min: 193.798828125
        var: 351337
    spectral_skewness:
        dmean: 0.167594537139
        dmean2: 0.273696154356
        dvar: 0.0217869468033
        dvar2: 0.0568610988557
        max: 3.57191753387
        mean: 1.06998181343
        median: 1.07030034065
        min: -0.00789577234536
        var: 0.099437251687
    spectral_spread:
        dmean: 451871.53125
        dmean2: 694770.3125
        dvar: 517721620480
        dvar2: 780986286080
        max: 48201620
        mean: 4426098.5
        median: 4328677
        min: 1551643.75
        var: 1.2856983552e+012
    spectral_strongpeak:
        dmean: 0.330743700266
        dmean2: 0.598543822765
        dvar: 0.322925627232
        dvar2: 0.891909480095
        max: 4.56918668747
        mean: 0.339785218239
        median: 0.163420766592
        min: 0
        var: 0.277174979448
    zerocrossingrate:
        dmean: 0.00884665362537
        dmean2: 0.0107938814908
        dvar: 9.57098745857e-005
        dvar2: 0.000124519996461
        max: 0.5283203125
        mean: 0.110319964588
        median: 0.11181640625
        min: 0.0087890625
        var: 0.00042037514504
    barkbands:
        dmean: [1.15972693493e-006, 0.000120189899462, 0.000167044214322, 0.000261581648374, 0.000630164751783, 0.000156730704475, 0.000157434944413, 0.000115189235657, 7.97287648311e-005, 7.18012161087e-005, 6.02616455581e-005, 5.19856184837e-005, 5.74702135054e-005, 4.70519516966e-005, 4.22946868639e-005, 0.000104418482806, 0.000132868706714, 0.00016076011525, 0.000331113813445, 0.000330053590005, 0.000127874343889, 6.29770293017e-005, 5.2760019571e-006, 1.61703144386e-006, 9.01429700662e-007, 3.6094746747e-008, 5.37035305115e-010]
        dmean2: [2.02331193577e-006, 0.000208549405215, 0.000279582221992, 0.000430674786912, 0.00108380441088, 0.000266036193352, 0.000272243778454, 0.000200907554245, 0.000129546897369, 0.000117994379252, 9.97456227196e-005, 8.54923564475e-005, 9.39699675655e-005, 7.76256492827e-005, 6.99511583662e-005, 0.000174138942384, 0.000222803573706, 0.00027324075927, 0.000561685650609, 0.000575920857955, 0.000218309985939, 0.000114854614367, 9.29021189222e-006, 2.71759995485e-006, 1.51545543758e-006, 5.7307939727e-008, 8.88270068611e-010]
        dvar: [1.72962740051e-012, 2.26479812682e-008, 5.15988745065e-008, 1.34306262112e-007, 1.37236861519e-006, 5.51939756122e-008, 7.69691084201e-008, 4.69473988574e-008, 2.04143670857e-008, 1.62127129499e-008, 1.18286935802e-008, 7.65894636601e-009, 1.02285024894e-008, 6.89743462345e-009, 6.74329259098e-009, 1.37672957479e-008, 2.12691428914e-008, 2.86611889777e-008, 1.21508904272e-007, 1.32546020382e-007, 1.816401074e-008, 6.36292041278e-009, 5.04578670513e-011, 8.10600458284e-012, 2.79121344093e-012, 7.01563805354e-015, 1.08279689602e-018]
        dvar2: [4.23766837593e-012, 6.03564558332e-008, 1.28582726688e-007, 3.12091145815e-007, 3.7460454223e-006, 1.48299051261e-007, 2.09948623819e-007, 1.28414967548e-007, 5.26989758498e-008, 4.1263234607e-008, 3.08967180729e-008, 1.99050873562e-008, 2.632535967e-008, 1.75009144954e-008, 1.72898850792e-008, 3.65710981498e-008, 5.60404593841e-008, 7.65627845567e-008, 3.24402464003e-007, 3.60806751587e-007, 4.94302092591e-008, 1.68556812952e-008, 1.31891525479e-010, 1.79816491558e-011, 6.06840619422e-012, 1.62460123072e-014, 2.62335988573e-018]
        max: [8.32481327961e-006, 0.00168790086173, 0.00425082677975, 0.0054380511865, 0.0105052916333, 0.00382971484214, 0.00349308573641, 0.00241929246113, 0.00293092662469, 0.00280482834205, 0.00157689361367, 0.00185178394895, 0.00146405922715, 0.00149321428034, 0.00208074063994, 0.00357630872168, 0.00226571736857, 0.00194197171368, 0.00356722297147, 0.0031321416609, 0.00149561895523, 0.00063630042132, 0.000103740589111, 5.96221252636e-005, 3.35949807777e-005, 1.98596808332e-006, 3.4300132512e-008]
        mean: [9.91761794467e-007, 0.000138595554745, 0.000256278406596, 0.000368778361008, 0.0007080626674, 0.000211245132959, 0.000191501167137, 0.000134531655931, 0.000123360296129, 0.000117841766041, 0.000100775207102, 9.45890787989e-005, 0.000102090125438, 8.12855359982e-005, 7.48709571781e-005, 0.000206203170819, 0.00026982309646, 0.00028190453304, 0.000611272233073, 0.000553576217499, 0.000274917430943, 7.53303902457e-005, 8.27321309771e-006, 2.73398677564e-006, 1.35926325129e-006, 5.6778819868e-008, 8.05098931966e-010]
        median: [4.27951306392e-007, 8.54658937897e-005, 0.000182759060408, 0.000217238542973, 0.00037160658394, 0.000124578436953, 8.17782565719e-005, 5.44873146282e-005, 6.47245542496e-005, 5.15382125741e-005, 4.33424393123e-005, 4.23528763349e-005, 3.42793609889e-005, 4.14503156208e-005, 4.79403461213e-005, 0.00017308256065, 0.000230160163483, 0.00023883706308, 0.000533061567694, 0.000470500148367, 0.000252051453572, 5.15439096489e-005, 6.3715719989e-006, 1.92808738575e-006, 8.59535930431e-007, 2.96674649292e-008, 5.30614774341e-010]
        min: [6.45632163825e-024, 6.82534572101e-023, 5.65415422728e-023, 1.27375066892e-023, 9.42914080414e-023, 4.48637534584e-023, 4.04524054111e-023, 5.80198739201e-023, 4.88502020895e-023, 2.9216325061e-023, 5.40295314716e-023, 4.64862857237e-023, 9.7371253544e-023, 1.29604091199e-022, 7.515804748e-023, 1.11250882518e-022, 9.06622566023e-023, 1.37189361145e-022, 2.66194687984e-022, 2.83504139023e-022, 2.72897733759e-022, 5.38789928295e-022, 6.23820197661e-022, 7.99587141613e-022, 1.24496538693e-021, 1.77664824644e-021, 2.16380068097e-021]
        var: [1.59446143354e-012, 2.43619382445e-008, 7.8662473868e-008, 2.44671895189e-007, 1.13372448141e-006, 6.89932093678e-008, 8.98793501847e-008, 5.06787642962e-008, 3.25113092003e-008, 3.34537659796e-008, 2.4108793184e-008, 1.87482314118e-008, 2.41425830438e-008, 1.39069387117e-008, 1.12708180566e-008, 2.3677182881e-008, 3.64918975038e-008, 3.86742335934e-008, 1.60476020028e-007, 1.44986316286e-007, 2.55655479009e-008, 5.40303624064e-009, 6.50052997542e-011, 1.43961301213e-011, 4.7637054891e-012, 9.68901930123e-015, 1.2209751426e-018]
    frequency_bands:
        dmean: [1.15972693493e-006, 0.000120189899462, 0.000167044214322, 0.000261581648374, 0.000630164751783, 0.000156730704475, 0.000157434944413, 0.000115189235657, 7.97287648311e-005, 7.18012161087e-005, 6.02616455581e-005, 5.19856184837e-005, 5.74702135054e-005, 4.70519516966e-005, 4.22946868639e-005, 0.000104418482806, 0.000132868706714, 0.00016076011525, 0.000331113813445, 0.000330053590005, 0.000127874343889, 6.29770293017e-005, 5.2760019571e-006, 1.61703144386e-006, 9.01429700662e-007, 3.6094746747e-008, 5.37035305115e-010, 6.04577013452e-011]
        dmean2: [2.02331193577e-006, 0.000208549405215, 0.000279582221992, 0.000430674786912, 0.00108380441088, 0.000266036193352, 0.000272243778454, 0.000200907554245, 0.000129546897369, 0.000117994379252, 9.97456227196e-005, 8.54923564475e-005, 9.39699675655e-005, 7.76256492827e-005, 6.99511583662e-005, 0.000174138942384, 0.000222803573706, 0.00027324075927, 0.000561685650609, 0.000575920857955, 0.000218309985939, 0.000114854614367, 9.29021189222e-006, 2.71759995485e-006, 1.51545543758e-006, 5.7307939727e-008, 8.88270068611e-010, 1.12862275081e-010]
        dvar: [1.72962740051e-012, 2.26479812682e-008, 5.15988745065e-008, 1.34306262112e-007, 1.37236861519e-006, 5.51939756122e-008, 7.69691084201e-008, 4.69473988574e-008, 2.04143670857e-008, 1.62127129499e-008, 1.18286935802e-008, 7.65894636601e-009, 1.02285024894e-008, 6.89743462345e-009, 6.74329259098e-009, 1.37672957479e-008, 2.12691428914e-008, 2.86611889777e-008, 1.21508904272e-007, 1.32546020382e-007, 1.816401074e-008, 6.36292041278e-009, 5.04578670513e-011, 8.10600458284e-012, 2.79121344093e-012, 7.01563805354e-015, 1.08279689602e-018, 7.85910519997e-021]
        dvar2: [4.23766837593e-012, 6.03564558332e-008, 1.28582726688e-007, 3.12091145815e-007, 3.7460454223e-006, 1.48299051261e-007, 2.09948623819e-007, 1.28414967548e-007, 5.26989758498e-008, 4.1263234607e-008, 3.08967180729e-008, 1.99050873562e-008, 2.632535967e-008, 1.75009144954e-008, 1.72898850792e-008, 3.65710981498e-008, 5.60404593841e-008, 7.65627845567e-008, 3.24402464003e-007, 3.60806751587e-007, 4.94302092591e-008, 1.68556812952e-008, 1.31891525479e-010, 1.79816491558e-011, 6.06840619422e-012, 1.62460123072e-014, 2.62335988573e-018, 2.53014128359e-020]
        max: [8.32481327961e-006, 0.00168790086173, 0.00425082677975, 0.0054380511865, 0.0105052916333, 0.00382971484214, 0.00349308573641, 0.00241929246113, 0.00293092662469, 0.00280482834205, 0.00157689361367, 0.00185178394895, 0.00146405922715, 0.00149321428034, 0.00208074063994, 0.00357630872168, 0.00226571736857, 0.00194197171368, 0.00356722297147, 0.0031321416609, 0.00149561895523, 0.00063630042132, 0.000103740589111, 5.96221252636e-005, 3.35949807777e-005, 1.98596808332e-006, 3.4300132512e-008, 1.19844012492e-009]
        mean: [9.91761794467e-007, 0.000138595554745, 0.000256278406596, 0.000368778361008, 0.0007080626674, 0.000211245132959, 0.000191501167137, 0.000134531655931, 0.000123360296129, 0.000117841766041, 0.000100775207102, 9.45890787989e-005, 0.000102090125438, 8.12855359982e-005, 7.48709571781e-005, 0.000206203170819, 0.00026982309646, 0.00028190453304, 0.000611272233073, 0.000553576217499, 0.000274917430943, 7.53303902457e-005, 8.27321309771e-006, 2.73398677564e-006, 1.35926325129e-006, 5.6778819868e-008, 8.05098931966e-010, 4.72433099585e-011]
        median: [4.27951306392e-007, 8.54658937897e-005, 0.000182759060408, 0.000217238542973, 0.00037160658394, 0.000124578436953, 8.17782565719e-005, 5.44873146282e-005, 6.47245542496e-005, 5.15382125741e-005, 4.33424393123e-005, 4.23528763349e-005, 3.42793609889e-005, 4.14503156208e-005, 4.79403461213e-005, 0.00017308256065, 0.000230160163483, 0.00023883706308, 0.000533061567694, 0.000470500148367, 0.000252051453572, 5.15439096489e-005, 6.3715719989e-006, 1.92808738575e-006, 8.59535930431e-007, 2.96674649292e-008, 5.30614774341e-010, 1.93916896429e-011]
        min: [6.45632163825e-024, 6.82534572101e-023, 5.65415422728e-023, 1.27375066892e-023, 9.42914080414e-023, 4.48637534584e-023, 4.04524054111e-023, 5.80198739201e-023, 4.88502020895e-023, 2.9216325061e-023, 5.40295314716e-023, 4.64862857237e-023, 9.7371253544e-023, 1.29604091199e-022, 7.515804748e-023, 1.11250882518e-022, 9.06622566023e-023, 1.37189361145e-022, 2.66194687984e-022, 2.83504139023e-022, 2.72897733759e-022, 5.38789928295e-022, 6.23820197661e-022, 7.99587141613e-022, 1.24496538693e-021, 1.77664824644e-021, 2.16380068097e-021, 6.27627278255e-022]
        var: [1.59446143354e-012, 2.43619382445e-008, 7.8662473868e-008, 2.44671895189e-007, 1.13372448141e-006, 6.89932093678e-008, 8.98793501847e-008, 5.06787642962e-008, 3.25113092003e-008, 3.34537659796e-008, 2.4108793184e-008, 1.87482314118e-008, 2.41425830438e-008, 1.39069387117e-008, 1.12708180566e-008, 2.3677182881e-008, 3.64918975038e-008, 3.86742335934e-008, 1.60476020028e-007, 1.44986316286e-007, 2.55655479009e-008, 5.40303624064e-009, 6.50052997542e-011, 1.43961301213e-011, 4.7637054891e-012, 9.68901930123e-015, 1.2209751426e-018, 5.94543173856e-021]
    mfcc:
        mean: [-698.907836914, 97.4214477539, -47.8181037903, 70.002571106, -17.5733013153, -0.388484030962, 4.12644290924, -3.68996477127, 1.63429188728, -7.15987253189, -5.87926864624, -4.08911705017, -2.41996860504]
        cov: [[5335.703125, 876.720947266, -177.741256714, 540.521179199, -101.593200684, 76.4663848877, -39.3464317322, -8.06290054321, -25.3581104279, -52.5644111633, -85.279548645, -79.2059860229, -66.2883682251], [876.720947266, 537.777282715, -162.371047974, 165.677001953, -63.0480957031, -7.49045419693, -5.62209796906, -43.3670043945, 20.9044551849, -28.0989608765, -13.3191776276, -4.57419157028, -10.9252634048], [-177.741256714, -162.371047974, 304.025390625, 3.28838729858, 71.5543136597, -7.7551317215, -39.2928962708, 14.2843284607, -29.152633667, 3.55539178848, -22.4832172394, -16.8775138855, -2.39749360085], [540.521179199, 165.677001953, 3.28838729858, 430.94329834, 57.0690574646, 30.962387085, -29.8703708649, -29.5762825012, 69.872543335, 8.62741851807, -8.38779735565, -31.2767562866, 12.9042844772], [-101.593200684, -63.0480957031, 71.5543136597, 57.0690574646, 138.656509399, 54.2000694275, 9.60332489014, -14.6869354248, -2.46953892708, 13.0749092102, -3.32087421417, -11.4682350159, -12.2538375854], [76.4663848877, -7.49045419693, -7.7551317215, 30.962387085, 54.2000694275, 97.1910095215, 44.9457244873, 12.0305328369, -8.36228847504, -0.641048550606, -1.01642346382, -8.88619041443, -9.64249706268], [-39.3464317322, -5.62209796906, -39.2928962708, -29.8703708649, 9.60332489014, 44.9457244873, 111.276451111, 53.2880249023, 11.662320137, -10.3619432449, -1.44236552715, 4.25312614441, -3.27130937576], [-8.06290054321, -43.3670043945, 14.2843284607, -29.5762825012, -14.6869354248, 12.0305328369, 53.2880249023, 89.2416610718, 27.8613681793, 3.76213264465, -8.83035469055, 1.00544416904, 3.15032172203], [-25.3581104279, 20.9044551849, -29.152633667, 69.872543335, -2.46953892708, -8.36228847504, 11.662320137, 27.8613681793, 84.6580963135, 30.3188743591, 8.24557971954, -1.71496546268, 7.80300951004], [-52.5644111633, -28.0989608765, 3.55539178848, 8.62741851807, 13.0749092102, -0.641048550606, -10.3619432449, 3.76213264465, 30.3188743591, 59.3693199158, 24.8553180695, 4.17336177826, -2.81326460838], [-85.279548645, -13.3191776276, -22.4832172394, -8.38779735565, -3.32087421417, -1.01642346382, -1.44236552715, -8.83035469055, 8.24557971954, 24.8553180695, 54.4674568176, 22.9973907471, 6.4853515625], [-79.2059860229, -4.57419157028, -16.8775138855, -31.2767562866, -11.4682350159, -8.88619041443, 4.25312614441, 1.00544416904, -1.71496546268, 4.17336177826, 22.9973907471, 47.2085075378, 20.9932155609], [-66.2883682251, -10.9252634048, -2.39749360085, 12.9042844772, -12.2538375854, -9.64249706268, -3.27130937576, 3.15032172203, 7.80300951004, -2.81326460838, 6.4853515625, 20.9932155609, 45.8057632446]]
        icov: [[0.00031995360041, -0.000435731635662, 5.46247974853e-005, -0.000392665882828, 0.000267199269729, -0.000258352229139, 0.000290872325422, -0.000626276014373, 0.000750296167098, -0.000312096439302, 0.000246230221819, 3.39149155479e-005, 0.000356131233275], [-0.000435731635662, 0.00366896972992, 0.00109928904567, -0.00093972007744, 0.00122802262194, 0.000356130389264, -0.000816239917185, 0.00227641011588, -0.00116434844676, 0.0012071125675, 0.00106068432797, -0.00159606337547, 0.00160922529176], [5.46247974853e-005, 0.00109928904567, 0.00588611559942, -0.000827947573271, -0.00352432625368, 0.0023194977548, 0.00289086741395, -0.00431871926412, 0.0037445910275, -0.000585771806072, 0.00121796119493, 0.000907521287445, -0.000330726848915], [-0.000392665882828, -0.00093972007744, -0.000827947573271, 0.00492851808667, -0.00186306133401, -0.0017337880563, 0.00125544343609, 0.00207935483195, -0.00556002603844, 0.00195709592663, -0.0010829239618, 0.00287557509728, -0.0032381277997], [0.000267199269729, 0.00122802262194, -0.00352432625368, -0.00186306133401, 0.014844244346, -0.0075762225315, -0.00282588251866, 0.00652344664559, -0.00152900919784, -0.00308232358657, 0.00296475552022, -0.00241736369208, 0.00350503483787], [-0.000258352229139, 0.000356130389264, 0.0023194977548, -0.0017337880563, -0.0075762225315, 0.0197328794748, -0.00666683074087, -0.00291986134835, 0.00662601646036, -0.00189765461255, -0.0018493316602, 0.00326405256055, -0.000306639150949], [0.000290872325422, -0.000816239917185, 0.00289086741395, 0.00125544343609, -0.00282588251866, -0.00666683074087, 0.0198466554284, -0.0118915718049, -0.00149362825323, 0.00616216752678, -0.00221986416727, -0.00148849748075, 0.00172911933623], [-0.000626276014373, 0.00227641011588, -0.00431871926412, 0.00207935483195, 0.00652344664559, -0.00291986134835, -0.0118915718049, 0.0263578593731, -0.0111600728706, -0.00130615080707, 0.00572209432721, -0.0022289888002, -0.000674454844557], [0.000750296167098, -0.00116434844676, 0.0037445910275, -0.00556002603844, -0.00152900919784, 0.00662601646036, -0.00149362825323, -0.0111600728706, 0.0276885014027, -0.0131892552599, 0.000571067852434, 0.00321672065184, -0.00286478572525], [-0.000312096439302, 0.0012071125675, -0.000585771806072, 0.00195709592663, -0.00308232358657, -0.00189765461255, 0.00616216752678, -0.00130615080707, -0.0131892552599, 0.0312039423734, -0.0133100384846, 0.000306967296638, 0.00446716649458], [0.000246230221819, 0.00106068432797, 0.00121796119493, -0.0010829239618, 0.00296475552022, -0.0018493316602, -0.00221986416727, 0.00572209432721, 0.000571067852434, -0.0133100384846, 0.0323483198881, -0.0148235429078, 0.00212892238051], [3.39149155479e-005, -0.00159606337547, 0.000907521287445, 0.00287557509728, -0.00241736369208, 0.00326405256055, -0.00148849748075, -0.0022289888002, 0.00321672065184, 0.000306967296638, -0.0148235429078, 0.0384125374258, -0.0170419532806], [0.000356131233275, 0.00160922529176, -0.000330726848915, -0.0032381277997, 0.00350503483787, -0.000306639150949, 0.00172911933623, -0.000674454844557, -0.00286478572525, 0.00446716649458, 0.00212892238051, -0.0170419532806, 0.0329398699105]]
    sccoeffs:
        dmean: [0.0583794154227, 0.0482173115015, 0.036104850471, 0.0289209950715, 0.0186245236546, 0.0222040042281]
        dmean2: [0.0973920598626, 0.0810669437051, 0.0607155002654, 0.0487560927868, 0.0316552594304, 0.035989202559]
        dvar: [0.00212253932841, 0.00140953646041, 0.000801942660473, 0.000518492248375, 0.000209839621675, 0.000409614760429]
        dvar2: [0.00564057659358, 0.00396813126281, 0.0022874402348, 0.00142158532981, 0.000594878103584, 0.000997103750706]
        max: [-0.401013493538, -0.456579744816, -0.580972075462, -0.653546333313, -0.720834493637, -0.554254174232]
        mean: [-0.661598920822, -0.780969500542, -0.810309827328, -0.803640067577, -0.809297740459, -0.712060451508]
        median: [-0.664151668549, -0.784934520721, -0.813420891762, -0.804511070251, -0.809093892574, -0.710502207279]
        min: [-0.964804708958, -0.973362445831, -0.966965258121, -0.9598929286, -0.960809767246, -0.961416661739]
        var: [0.00525828218088, 0.00323023274541, 0.00185004982632, 0.00125508010387, 0.000513860664796, 0.00177244492806]
    scvalleys:
        dmean: [0.465889215469, 0.408756703138, 0.308284550905, 0.27109220624, 0.273347705603, 0.404230296612]
        dmean2: [0.762779891491, 0.674916982651, 0.486141443253, 0.429235875607, 0.431040912867, 0.65758472681]
        dvar: [0.21431876719, 0.205995127559, 0.139439985156, 0.128145962954, 0.135935783386, 0.253452450037]
        dvar2: [0.425910711288, 0.397390782833, 0.214215353131, 0.185869947076, 0.195767357945, 0.516428947449]
        max: [-4.90641927719, -4.45469045639, -4.87666511536, -5.80028009415, -5.5235824585, -7.86644935608]
        mean: [-6.64323234558, -6.55957126617, -6.90087080002, -7.11848926544, -6.60653448105, -9.69611644745]
        median: [-6.44082069397, -6.41973352432, -6.80835056305, -7.00200176239, -6.45179891586, -9.47508335114]
        min: [-27.5479412079, -27.4176425934, -27.3306865692, -27.2265548706, -27.2505226135, -27.3004760742]
        var: [1.57045710087, 1.20070636272, 1.05000460148, 0.878780186176, 0.918225109577, 1.09545195103]

rhythm:
    beats_loudness:
        dmean: 0.00125500524882
        dmean2: 0.00213291798718
        dvar: 1.1745755728e-006
        dvar2: 3.3664532566e-006
        max: 0.0108456211165
        mean: 0.00604055868462
        median: 0.00623996835202
        min: 1.81355186424e-009
        var: 3.36630068887e-006
    bpm: 92.3195037842
    bpm_confidence: 0
    first_peak_bpm: 92
    first_peak_spread: 0.170067995787
    first_peak_weight: 0.816053509712
    onset_rate: 4.140583992
    second_peak_bpm: 86
    second_peak_spread: 0
    second_peak_weight: 0.016722407192
    beats_loudness_band_ratio:
        dmean: [0.0929394438863, 0.0824236422777, 0.0609374716878, 0.0571805387735, 0.0614182017744, 0.0715407431126]
        dmean2: [0.163042247295, 0.141241744161, 0.109936259687, 0.0976143106818, 0.105178207159, 0.120739944279]
        dvar: [0.00691806757823, 0.00415038084611, 0.00540537247434, 0.00370832672343, 0.00373413600028, 0.00325630651787]
        dvar2: [0.0184442009777, 0.0126479780301, 0.0162227861583, 0.0104847382754, 0.0114964982495, 0.00850723776966]
        max: [0.628936648369, 0.448214918375, 0.650033116341, 0.426914781332, 0.588579773903, 0.803288042545]
        mean: [0.274043262005, 0.199602350593, 0.0927742794156, 0.100946642458, 0.190207287669, 0.272318512201]
        median: [0.268788576126, 0.191280722618, 0.0677422210574, 0.0682539641857, 0.174671828747, 0.257693946362]
        min: [0.00249616638757, 0.00105171033647, 0.00266727176495, 0.00429387716576, 0.0462010093033, 0.119386218488]
        var: [0.0124109238386, 0.00810982193798, 0.00507654435933, 0.00562932668254, 0.00507054524496, 0.00683421455324]
    beats_position: [0.626938760281, 1.27709746361, 1.91564619541, 2.55419492722, 3.21596360207, 3.87773227692, 4.52789115906, 5.17804956436, 5.8282084465, 6.47836732864, 7.12852573395, 7.77868461609, 8.42884349823, 9.07900238037, 9.71755123138, 10.3560991287, 11.0062580109, 11.656416893, 12.3065757751, 12.9567346573, 13.6068935394, 14.2570514679, 14.90721035, 15.5573692322, 16.2075271606, 16.8576869965, 17.5078449249, 18.1580047607, 18.7965526581, 19.4351024628, 20.0852603912, 20.7354183197, 21.3855781555, 22.035736084, 22.6858959198, 23.3360538483, 23.9862117767, 24.6363716125, 25.286529541, 25.9366893768, 26.5868473053, 27.2370071411, 27.8871650696, 28.5257129669, 29.1642627716, 29.8144207001, 30.4645805359, 31.1147384644, 31.7648983002, 32.4150543213, 33.0652160645, 33.7153739929, 34.3655319214, 35.0156898499, 35.6658477783, 36.3160095215, 36.96616745, 37.6163253784, 38.2664833069, 38.91664505, 39.55519104, 40.1937408447, 40.8438987732, 41.4940567017, 42.1442184448, 42.7943763733, 43.4445343018, 44.0946922302, 44.7448501587, 45.3950119019, 46.0451698303, 46.6953277588, 47.322265625, 47.9956436157, 48.6458053589, 49.2959632874, 49.934513092, 50.573059082, 51.2232208252, 51.8733787537, 52.5235366821, 53.1736946106, 53.8238525391, 54.4740142822, 55.1241722107, 55.7743301392, 56.4244880676, 57.0746459961, 57.7248077393, 58.3749656677, 59.0251235962, 59.6636734009, 60.3022193909, 60.952381134, 61.6025390625, 62.252696991, 62.9028549194, 63.5530128479, 64.2031707764, 64.8533325195, 65.5034942627, 66.1536483765, 66.8038101196, 67.4539642334, 68.1041259766, 68.7542877197, 69.4044418335, 70.0429916382, 70.6815414429, 71.3316955566, 71.9818572998, 72.632019043, 73.2821731567, 73.9323348999, 74.5824966431, 75.2326507568, 75.8828125, 76.5329666138, 77.1831283569, 77.8332901001, 78.4834442139, 79.1219940186, 79.7605438232, 80.410697937, 81.0608596802, 81.7110214233, 82.3611755371, 83.0113372803, 83.661491394, 84.3116531372, 84.9618148804, 85.6119689941, 86.2621307373, 86.9122848511, 87.5624465942, 88.2126083374, 88.8627624512, 89.5245361328, 90.1979141235, 90.8829040527, 91.579498291, 92.2528762817, 92.9146499634, 93.5996322632, 94.2846221924, 94.9928359985, 95.6662139893, 96.316368103, 96.9665298462, 97.61668396, 98.2668457031, 98.9053955078, 99.555557251, 100.194099426, 100.844261169, 101.494422913, 102.144577026, 102.79473877, 103.444892883, 104.095054626, 104.74521637, 105.395370483, 106.045532227, 106.684082031, 107.334236145, 107.97278595, 108.622947693, 109.273101807, 109.92326355, 110.573425293, 111.223579407, 111.87374115, 112.523895264, 113.174057007, 113.82421875, 114.474372864, 115.124534607, 115.774688721, 116.424850464, 117.063400269, 117.701950073, 118.352104187, 119.00226593, 119.652427673, 120.302581787, 120.95274353, 121.602897644, 122.253059387, 122.90322113, 123.553375244, 124.203536987, 124.853691101, 125.503852844, 126.154014587, 126.850608826, 127.547210693, 128.243804932, 128.905578613, 129.578948975, 130.263946533, 130.937316895, 131.622314453, 132.295684814, 132.957458496, 133.607620239, 134.257781982, 134.907928467, 135.55809021, 136.208251953, 136.858413696, 137.508575439, 138.158721924, 138.808883667, 139.45904541, 140.097595215, 140.747756958, 141.386306763, 142.036453247, 142.68661499, 143.336776733, 143.986938477, 144.63710022, 145.287246704, 145.937408447, 146.58757019, 147.237731934, 147.887893677, 148.538040161, 149.176589966, 149.815139771, 150.465301514, 151.115463257, 151.765625, 152.415786743, 153.065933228, 153.716094971, 154.366256714, 155.016418457, 155.6665802, 156.316726685, 156.966888428, 157.617050171, 158.267211914, 158.917373657, 159.555908203, 160.194458008, 160.844619751, 161.494781494, 162.144943237, 162.79510498, 163.445251465, 164.095413208, 164.745574951, 165.395736694, 166.045898438, 166.696044922, 167.346206665, 167.996368408, 168.646530151, 169.296691895, 169.935241699, 170.573776245, 171.223937988, 171.874099731, 172.524261475, 173.174423218, 173.824569702, 174.474731445, 175.124893188, 175.775054932, 176.425216675, 177.075378418, 177.725524902, 178.375686646, 179.01423645, 179.652786255, 180.302947998, 180.953109741, 181.603256226, 182.253417969, 182.903579712, 183.553741455, 184.203903198, 184.854049683, 185.504211426, 186.154373169, 186.804534912, 187.454696655, 188.10484314, 188.755004883, 189.405166626, 190.043716431, 190.682266235, 191.332427979, 191.970977783, 192.621124268, 193.271286011, 193.921447754, 194.571609497, 195.22177124]
    bpm_estimates: [92.28515625, 93.9630737305, 93.9630737305, 90.6661224365, 90.6661224365, 92.2851333618, 92.2852020264, 92.2851333618, 92.2851333618, 92.2852020264, 92.2851333618, 92.2851333618, 92.2851333618, 93.9630508423, 93.9631958008, 92.2851333618, 92.2851333618, 92.2851333618, 92.2851333618, 92.2851333618, 92.2852706909, 92.2851333618, 92.2851333618, 92.2852706909, 92.2849960327, 92.2852706909, 92.2849960327, 93.9631958008, 93.9629135132, 92.2852706909, 92.2852706909, 92.2849960327, 92.2852706909, 92.2849960327, 92.2852706909, 92.2852706909, 92.2849960327, 92.2852706909, 92.2849960327, 92.2852706909, 92.2849960327, 92.2852706909, 93.9631958008, 93.9629135132, 92.2852706909, 92.2849960327, 92.2852706909, 92.2849960327, 92.2855377197, 92.2847290039, 92.2852706909, 92.2852706909, 92.2852706909, 92.2852706909, 92.2847290039, 92.2852706909, 92.2852706909, 92.2852706909, 92.2847290039, 93.9634780884, 93.9629135132, 92.2852706909, 92.2852706909, 92.2847290039, 92.2852706909, 92.2852706909, 92.2852706909, 92.2852706909, 92.2847290039, 92.2852706909, 92.2852706909, 95.7032623291, 89.1030044556, 92.2847290039, 92.2852706909, 93.9629135132, 93.9634780884, 92.2847290039, 92.2852706909, 92.2852706909, 92.2852706909, 92.2852706909, 92.2847290039, 92.2852706909, 92.2852706909, 92.2852706909, 92.2852706909, 92.2847290039, 92.2852706909, 92.2852706909, 93.9629135132, 93.9634780884, 92.2847290039, 92.2852706909, 92.2852706909, 92.2852706909, 92.2852706909, 92.2852706909, 92.2847290039, 92.2847290039, 92.2858123779, 92.2847290039, 92.2858123779, 92.2847290039, 92.2847290039, 92.2858123779, 93.9629135132, 93.9629135132, 92.2858123779, 92.2847290039, 92.2847290039, 92.2858123779, 92.2847290039, 92.2847290039, 92.2858123779, 92.2847290039, 92.2858123779, 92.2847290039, 92.2847290039, 92.2858123779, 93.9629135132, 93.9629135132, 92.2858123779, 92.2847290039, 92.2847290039, 92.2858123779, 92.2847290039, 92.2858123779, 92.2847290039, 92.2847290039, 92.2858123779, 92.2847290039, 92.2858123779, 92.2847290039, 92.2847290039, 92.2858123779, 90.665435791, 89.1030044556, 87.5925292969, 89.1030044556, 90.665435791, 87.5935058594, 87.5925292969, 89.1030044556, 92.2858123779, 92.2847290039, 92.2858123779, 92.2847290039, 93.9629135132, 92.2847290039, 93.9640350342, 92.2847290039, 92.2847290039, 92.2858123779, 92.2847290039, 92.2858123779, 92.2847290039, 92.2847290039, 92.2858123779, 92.2847290039, 93.9629135132, 92.2858123779, 93.9629135132, 92.2847290039, 92.2858123779, 92.2847290039, 92.2847290039, 92.2858123779, 92.2847290039, 92.2858123779, 92.2847290039, 92.2847290039, 92.2858123779, 92.2847290039, 92.2858123779, 92.2847290039, 93.9629135132, 93.9629135132, 92.2858123779, 92.2847290039, 92.2847290039, 92.2858123779, 92.2847290039, 92.2858123779, 92.2847290039, 92.2847290039, 92.2858123779, 92.2847290039, 92.2858123779, 92.2847290039, 92.2847290039, 90.665435791, 89.1040115356, 87.5915527344, 89.1040115356, 87.5915527344, 89.1040115356, 90.665435791, 92.2847290039, 92.2847290039, 92.286895752, 92.2847290039, 92.2847290039, 92.2847290039, 92.2847290039, 92.286895752, 92.2847290039, 92.2847290039, 93.9629135132, 92.2847290039, 93.9629135132, 92.286895752, 92.2847290039, 92.2847290039, 92.2847290039, 92.2847290039, 92.286895752, 92.2847290039, 92.2847290039, 92.2847290039, 92.2847290039, 92.286895752, 93.9629135132, 93.9629135132, 92.2847290039, 92.2847290039, 92.2847290039, 92.2847290039, 92.286895752, 92.2847290039, 92.2847290039, 92.2847290039, 92.2847290039, 92.286895752, 92.2847290039, 92.2847290039, 92.2847290039, 92.2847290039, 93.9651565552, 93.9629135132, 92.2847290039, 92.2847290039, 92.2847290039, 92.2847290039, 92.286895752, 92.2847290039, 92.2847290039, 92.2847290039, 92.2847290039, 92.286895752, 92.2847290039, 92.2847290039, 92.2847290039, 92.2847290039, 93.9629135132, 93.9651565552, 92.2847290039, 92.2847290039, 92.2847290039, 92.2847290039, 92.286895752, 92.2847290039, 92.2847290039, 92.2847290039, 92.2847290039, 92.2847290039, 92.286895752, 92.2847290039, 93.9629135132, 93.9629135132, 92.2847290039, 92.2847290039, 92.286895752, 92.2847290039, 92.2847290039, 92.2847290039, 92.2847290039, 92.286895752, 92.2847290039, 92.2847290039, 92.2847290039, 92.2847290039, 92.286895752, 92.2847290039, 92.2847290039, 93.9629135132, 93.9629135132, 92.2847290039, 93.9629135132, 92.286895752, 92.2847290039, 92.2847290039, 92.2847290039, 92.2847290039]
