
metadata:
    version:
        essentia: "2.1-beta2"
    audio_properties:
        analysis_sample_rate: 44100
        bitrate: 192
        channels: 2
        equal_loudness: 1
        length: 237.32244873
        replay_gain: -16.0548629761
        downmix: "mix"
    tags:
        album: "Fallen"
        artist: "Evanescence"
        comment: "                          "
        date: "2020"
        genre: "Autres"
        title: "bring me to life"
        tracknumber: "2"

configuration:
    average_loudness:
        compute: 1
        frameSize: 88200
        hopSize: 44100
        silentFrames: "noise"
        windowType: "hann"
    general:
        analysisSampleRate: 44100
        endTime: 2000
        equalLoudness: 1
        nequalLoudness: 0
        shortSound: 0
        startTime: 0
    lowlevel:
        compute: 1
        frameSize: 2048
        hopSize: 1024
        zeroPadding: 0
        silentFrames: "noise"
        windowType: "blackmanharris62"
        mfccStats: ["mean", "cov", "icov"]
        stats: ["mean", "var", "median", "min", "max", "dmean", "dmean2", "dvar", "dvar2"]
    panning:
        compute: 0
        frameSize: 8192
        hopSize: 2048
        zeroPadding: 8192
        silentFrames: "noise"
        windowType: "hann"
        stats: ["copy"]
    rhythm:
        compute: 1
        maxTempo: 208
        minTempo: 40
        method: "degara"
        stats: ["mean", "var", "median", "min", "max", "dmean", "dmean2", "dvar", "dvar2"]
    segmentation:
        compute: 0
        cpw: 5
        inc1: 300
        inc2: 50
        minimumSegmentsLength: 10
        size1: 1000
        size2: 600
    sfx:
        compute: 1
        stats: ["mean", "var", "median", "min", "max", "dmean", "dmean2", "dvar", "dvar2"]
    svm:
        compute: 0
    tonal:
        compute: 1
        frameSize: 4096
        hopSize: 2048
        zeroPadding: 0
        silentFrames: "noise"
        windowType: "blackmanharris62"
        stats: ["mean", "var", "median", "min", "max", "dmean", "dmean2", "dvar", "dvar2"]

lowlevel:
    average_loudness: 0.874876916409
    barkbands_kurtosis:
        dmean: 1.37921774387
        dmean2: 2.06761741638
        dvar: 38.1025047302
        dvar2: 57.1022796631
        max: 425.332092285
        mean: 1.63823378086
        median: -0.984234035015
        min: -1.89912116528
        var: 271.853637695
    barkbands_skewness:
        dmean: 0.398014962673
        dmean2: 0.603483200073
        dvar: 0.222839698195
        dvar2: 0.445711165667
        max: 20.1129817963
        mean: 0.148132294416
        median: -0.163719519973
        min: -3.16718673706
        var: 2.3802716732
    barkbands_spread:
        dmean: 4.60891199112
        dmean2: 7.17146444321
        dvar: 25.6784591675
        dvar2: 60.2365722656
        max: 66.5210952759
        mean: 29.7386760712
        median: 31.0292854309
        min: 0.0665349140763
        var: 148.36517334
    dissonance:
        dmean: 0.0149203492329
        dmean2: 0.0248686429113
        dvar: 0.000343245308613
        dvar2: 0.000885863963049
        max: 0.500000119209
        mean: 0.462445229292
        median: 0.478668570518
        min: 0.0852333083749
        var: 0.00229204958305
    hfc:
        dmean: 2.03620886803
        dmean2: 3.18572211266
        dvar: 9.96116065979
        dvar2: 23.6203937531
        max: 69.2298431396
        mean: 8.94756984711
        median: 8.08617973328
        min: 1.07937487878e-016
        var: 51.6280326843
    pitch:
        dmean: 602.537902832
        dmean2: 1159.92138672
        dvar: 1358078.125
        dvar2: 3434613
        max: 5580.33544922
        mean: 1018.68597412
        median: 419.481903076
        min: 65.3208465576
        var: 1764491.5
    pitch_instantaneous_confidence:
        dmean: 0.0762587711215
        dmean2: 0.121384702623
        dvar: 0.00551357120275
        dvar2: 0.0124834030867
        max: 0.991330087185
        mean: 0.496297419071
        median: 0.461330890656
        min: 0.0900503993034
        var: 0.040079947561
    pitch_salience:
        dmean: 0.0527355261147
        dmean2: 0.0841418206692
        dvar: 0.00247537321411
        dvar2: 0.00581521168351
        max: 0.983908355236
        mean: 0.59034383297
        median: 0.612819969654
        min: 0.0264454707503
        var: 0.016726443544
    silence_rate_20dB:
        dmean: 0
        dmean2: 0
        dvar: 0
        dvar2: 0
        max: 1
        mean: 1
        median: 1
        min: 1
        var: 0
    silence_rate_30dB:
        dmean: 0
        dmean2: 0
        dvar: 0
        dvar2: 0
        max: 1
        mean: 1
        median: 1
        min: 1
        var: 0
    silence_rate_60dB:
        dmean: 0.060855101794
        dmean2: 0.121722117066
        dvar: 0.0571538023651
        dvar2: 0.124507561326
        max: 1
        mean: 0.330659359694
        median: 0
        min: 0
        var: 0.221336767077
    spectral_centroid:
        dmean: 229.291656494
        dmean2: 355.754241943
        dvar: 71403.078125
        dvar2: 158085.359375
        max: 11899.9570313
        mean: 1843.65722656
        median: 1857.84741211
        min: 326.361419678
        var: 1014592.9375
    spectral_complexity:
        dmean: 2.82066345215
        dmean2: 4.53659486771
        dvar: 11.0442485809
        dvar2: 25.7016601563
        max: 45
        mean: 13.8911170959
        median: 14
        min: 0
        var: 80.3468551636
    spectral_crest:
        dmean: 1.7933832407
        dmean2: 2.85705566406
        dvar: 3.28590750694
        dvar2: 7.48460531235
        max: 26.8923816681
        mean: 8.27837276459
        median: 6.7227191925
        min: 2.39365458488
        var: 22.3074607849
    spectral_decrease:
        dmean: 2.31190580569e-010
        dmean2: 3.68227753844e-010
        dvar: 1.0164332036e-019
        dvar2: 2.51945255911e-019
        max: 2.14807609308e-028
        mean: -9.86508541523e-010
        median: -9.92351756324e-010
        min: -4.77573314228e-009
        var: 3.96182807273e-019
    spectral_energy:
        dmean: 0.00102525192779
        dmean2: 0.00162557314616
        dvar: 2.0322124783e-006
        dvar2: 4.97441578773e-006
        max: 0.0243040770292
        mean: 0.00453485967591
        median: 0.00452386494726
        min: 1.00686823307e-020
        var: 8.79251183505e-006
    spectral_energyband_high:
        dmean: 0.000185805474757
        dmean2: 0.000298171915347
        dvar: 1.10817737209e-007
        dvar2: 2.74256422017e-007
        max: 0.00925081223249
        mean: 0.000456537440186
        median: 0.000349120557075
        min: 7.12462455378e-021
        var: 2.46368244916e-007
    spectral_energyband_low:
        dmean: 0.000220811460167
        dmean2: 0.000380782206776
        dvar: 2.490967006e-007
        dvar2: 6.90504919021e-007
        max: 0.00566263310611
        mean: 0.000337259290973
        median: 0.000242369278567
        min: 2.89460613148e-023
        var: 2.17273608882e-007
    spectral_energyband_middle_high:
        dmean: 0.000589675270021
        dmean2: 0.000917539233342
        dvar: 7.87671808666e-007
        dvar2: 1.87040870969e-006
        max: 0.0216171871871
        mean: 0.00244506611489
        median: 0.00208680098876
        min: 1.24834751762e-021
        var: 4.29918372902e-006
    spectral_energyband_middle_low:
        dmean: 0.000521721725818
        dmean2: 0.000841351633426
        dvar: 6.01519786869e-007
        dvar2: 1.54685881171e-006
        max: 0.00931330956519
        mean: 0.00140560755972
        median: 0.00112912710756
        min: 1.4212164769e-022
        var: 1.38415703077e-006
    spectral_flatness_db:
        dmean: 0.0140033699572
        dmean2: 0.0213367342949
        dvar: 0.000222943155677
        dvar2: 0.00043728001765
        max: 0.610543072224
        mean: 0.16928820312
        median: 0.147364199162
        min: 0.0526129193604
        var: 0.00504413619637
    spectral_flux:
        dmean: 0.00738411722705
        dmean2: 0.011405707337
        dvar: 7.65852673794e-005
        dvar2: 0.000159840637934
        max: 0.119666993618
        mean: 0.0357363782823
        median: 0.036171734333
        min: 6.14310685654e-011
        var: 0.000387281936128
    spectral_kurtosis:
        dmean: 1.73579597473
        dmean2: 3.01342368126
        dvar: 14.5498819351
        dvar2: 43.4567222595
        max: 167.324768066
        mean: 5.40041255951
        median: 3.51228713989
        min: -1.26246225834
        var: 75.928855896
    spectral_rms:
        dmean: 0.000220601752517
        dmean2: 0.000341030681739
        dvar: 7.11017804633e-008
        dvar2: 1.66701340731e-007
        max: 0.00486942427233
        mean: 0.00193897285499
        median: 0.00210083951242
        min: 3.13418323412e-012
        var: 6.64643039272e-007
    spectral_rolloff:
        dmean: 284.945953369
        dmean2: 470.066986084
        dvar: 201902.234375
        dvar2: 430681.0625
        max: 19681.3476563
        mean: 3330.44335938
        median: 3574.51171875
        min: 322.998046875
        var: 2903087
    spectral_skewness:
        dmean: 0.194889515638
        dmean2: 0.324617177248
        dvar: 0.0780544728041
        dvar2: 0.218096241355
        max: 10.9826335907
        mean: 1.48115468025
        median: 1.31383240223
        min: -0.33399951458
        var: 0.573943078518
    spectral_spread:
        dmean: 392692.875
        dmean2: 573792.125
        dvar: 373539667968
        dvar2: 608754073600
        max: 42140968
        mean: 4557688
        median: 4212834.5
        min: 634201.25
        var: 1.14331358331e+013
    spectral_strongpeak:
        dmean: 0.672445952892
        dmean2: 1.13755428791
        dvar: 1.13782453537
        dvar2: 2.90971875191
        max: 11.0092592239
        mean: 1.25044584274
        median: 0.519418716431
        min: 1.41221243033e-010
        var: 2.66679191589
    zerocrossingrate:
        dmean: 0.00739043112844
        dmean2: 0.00890492182225
        dvar: 6.74573748256e-005
        dvar2: 7.6594442362e-005
        max: 0.53466796875
        mean: 0.101758398116
        median: 0.10595703125
        min: 0.0146484375
        var: 0.00221087783575
    barkbands:
        dmean: [2.8580817002e-007, 6.34708267171e-005, 0.000126799495774, 0.000108309905045, 0.000178050482646, 0.000201281131012, 0.000134391928441, 6.01055726293e-005, 9.66972584138e-005, 6.77464922774e-005, 6.73731483403e-005, 2.8344524253e-005, 4.36119771621e-005, 5.17015432706e-005, 0.00010528916755, 0.000133145818836, 0.000174222950591, 0.000166105193784, 0.000189702070202, 0.000235682018683, 7.55735964049e-005, 1.15637658382e-005, 2.62068351731e-006, 1.72509555796e-006, 1.15150317015e-006, 3.93743704308e-008, 4.80220252452e-010]
        dmean2: [4.61139080699e-007, 0.000107160063635, 0.000221869180677, 0.000190186794498, 0.000307389796944, 0.000315888260957, 0.000211047474295, 9.49798995862e-005, 0.000146161430166, 0.000102266654721, 0.000104544480564, 4.6231874876e-005, 7.11426400812e-005, 8.32275036373e-005, 0.000167765480001, 0.000216156957322, 0.000280573556665, 0.000269306387054, 0.000311936688377, 0.000378833181458, 0.000123491161503, 1.89449783647e-005, 4.26676479037e-006, 2.59864509644e-006, 1.70229168361e-006, 6.07323329405e-008, 7.5415867995e-010]
        dvar: [2.98673927387e-013, 2.07447232725e-008, 8.83510153926e-008, 4.96100227565e-008, 1.73545856796e-007, 1.54909471917e-007, 5.71174716413e-008, 1.62733844178e-008, 7.43679038351e-008, 3.08306624675e-008, 2.35075390265e-008, 3.947482341e-009, 1.05722044452e-008, 1.26127215339e-008, 7.27205886619e-008, 7.91667886801e-008, 1.11771022659e-007, 1.15679952728e-007, 9.00208263488e-008, 1.5181318247e-007, 1.67668208206e-008, 4.81556738929e-010, 3.8457046575e-011, 1.91884615836e-011, 9.2368872967e-012, 1.07801425799e-014, 1.97665622756e-018]
        dvar2: [7.88893906797e-013, 5.51869554499e-008, 2.50771762467e-007, 1.40035240292e-007, 4.8304059419e-007, 3.62612610161e-007, 1.35334488505e-007, 3.68716754906e-008, 1.65100431104e-007, 6.39204671415e-008, 5.67224311965e-008, 9.52674206189e-009, 2.56292551626e-008, 3.15045021182e-008, 1.71216029798e-007, 1.94140795884e-007, 2.77374056168e-007, 2.94600710049e-007, 2.32211618822e-007, 3.84065629078e-007, 4.12706597785e-008, 1.13753628739e-009, 8.9005809667e-011, 3.6832200484e-011, 1.6778500464e-011, 2.32691876835e-014, 3.83323974458e-018]
        max: [8.18653825263e-006, 0.0013164372649, 0.00406692130491, 0.00328765809536, 0.00564505532384, 0.00738206552342, 0.00461998628452, 0.00381306791678, 0.00746166799217, 0.00452081486583, 0.00346853141673, 0.00228768005036, 0.00190105882939, 0.00252408767119, 0.00695143966004, 0.00519823469222, 0.00622211303562, 0.00858465116471, 0.00746473716572, 0.00947751477361, 0.00247247656807, 0.000648785149679, 0.000157976421178, 0.000114377129648, 8.2311751612e-005, 2.45184560299e-006, 4.2449464388e-008]
        mean: [4.64278429035e-007, 8.54210447869e-005, 0.000176606277819, 0.000140454794746, 0.000262205023319, 0.00042891324847, 0.000256729428656, 9.31534377742e-005, 0.000194575957721, 0.000127629537019, 0.000137581693707, 4.72863466712e-005, 6.69838918839e-005, 8.77907732502e-005, 0.000186685501831, 0.000251180492342, 0.000369559100363, 0.000358303426765, 0.000483986834297, 0.000568494491745, 0.000169829989318, 2.76202463283e-005, 5.94872744841e-006, 4.7606604312e-006, 2.63469382844e-006, 7.60799778732e-008, 6.88997803255e-010]
        median: [2.41781151544e-007, 4.04202473874e-005, 0.000106026054709, 7.11809116183e-005, 0.000123671779875, 0.000179449023562, 0.000127489620354, 3.67840730178e-005, 7.25588906789e-005, 3.84667000617e-005, 3.47320419678e-005, 2.38297543547e-005, 2.96689613606e-005, 4.46563935839e-005, 6.78649521433e-005, 0.000152204695041, 0.000210372469155, 0.000214048151975, 0.000372892711312, 0.0003746401635, 0.000117909970868, 1.93702508113e-005, 3.28915552927e-006, 2.86261160909e-006, 1.20923857594e-006, 2.13689599349e-008, 1.81419379519e-010]
        min: [2.00822292794e-025, 5.34781192766e-024, 6.93865338242e-025, 9.80010875849e-025, 7.08002425778e-024, 9.62398077026e-024, 9.89247589024e-024, 9.83111118928e-024, 7.54799705714e-024, 2.35897415223e-023, 1.99482743868e-023, 2.27720272406e-023, 4.00318384189e-023, 3.42334709518e-023, 3.63696526406e-023, 5.622620617e-023, 5.45200451824e-023, 7.93366626276e-023, 1.26581466511e-022, 1.37977136577e-022, 2.23010473035e-022, 3.76552264413e-022, 3.85441401528e-022, 5.73333301676e-022, 7.84407539286e-022, 1.37791386971e-021, 1.96992477229e-021]
        var: [5.13065609963e-013, 1.97006304603e-008, 7.29186311332e-008, 4.69274326065e-008, 1.83261917641e-007, 4.34028379459e-007, 1.3347357708e-007, 3.55351126302e-008, 2.46990197184e-007, 8.08832112398e-008, 6.98535345123e-008, 6.95797153227e-009, 1.71617138278e-008, 2.35424728601e-008, 1.34708699306e-007, 1.63975215628e-007, 3.03313584027e-007, 2.61029811099e-007, 2.51361029768e-007, 4.55956779888e-007, 4.12576319775e-008, 1.08309372582e-009, 9.31594176801e-011, 6.55086054846e-011, 3.04067639123e-011, 2.60513792071e-014, 5.52503047882e-018]
    frequency_bands:
        dmean: [2.8580817002e-007, 6.34708267171e-005, 0.000126799495774, 0.000108309905045, 0.000178050482646, 0.000201281131012, 0.000134391928441, 6.01055726293e-005, 9.66972584138e-005, 6.77464922774e-005, 6.73731483403e-005, 2.8344524253e-005, 4.36119771621e-005, 5.17015432706e-005, 0.00010528916755, 0.000133145818836, 0.000174222950591, 0.000166105193784, 0.000189702070202, 0.000235682018683, 7.55735964049e-005, 1.15637658382e-005, 2.62068351731e-006, 1.72509555796e-006, 1.15150317015e-006, 3.93743704308e-008, 4.80220252452e-010, 5.20591625364e-011]
        dmean2: [4.61139080699e-007, 0.000107160063635, 0.000221869180677, 0.000190186794498, 0.000307389796944, 0.000315888260957, 0.000211047474295, 9.49798995862e-005, 0.000146161430166, 0.000102266654721, 0.000104544480564, 4.6231874876e-005, 7.11426400812e-005, 8.32275036373e-005, 0.000167765480001, 0.000216156957322, 0.000280573556665, 0.000269306387054, 0.000311936688377, 0.000378833181458, 0.000123491161503, 1.89449783647e-005, 4.26676479037e-006, 2.59864509644e-006, 1.70229168361e-006, 6.07323329405e-008, 7.5415867995e-010, 9.58298648768e-011]
        dvar: [2.98673927387e-013, 2.07447232725e-008, 8.83510153926e-008, 4.96100227565e-008, 1.73545856796e-007, 1.54909471917e-007, 5.71174716413e-008, 1.62733844178e-008, 7.43679038351e-008, 3.08306624675e-008, 2.35075390265e-008, 3.947482341e-009, 1.05722044452e-008, 1.26127215339e-008, 7.27205886619e-008, 7.91667886801e-008, 1.11771022659e-007, 1.15679952728e-007, 9.00208263488e-008, 1.5181318247e-007, 1.67668208206e-008, 4.81556738929e-010, 3.8457046575e-011, 1.91884615836e-011, 9.2368872967e-012, 1.07801425799e-014, 1.97665622756e-018, 6.24086042524e-021]
        dvar2: [7.88893906797e-013, 5.51869554499e-008, 2.50771762467e-007, 1.40035240292e-007, 4.8304059419e-007, 3.62612610161e-007, 1.35334488505e-007, 3.68716754906e-008, 1.65100431104e-007, 6.39204671415e-008, 5.67224311965e-008, 9.52674206189e-009, 2.56292551626e-008, 3.15045021182e-008, 1.71216029798e-007, 1.94140795884e-007, 2.77374056168e-007, 2.94600710049e-007, 2.32211618822e-007, 3.84065629078e-007, 4.12706597785e-008, 1.13753628739e-009, 8.9005809667e-011, 3.6832200484e-011, 1.6778500464e-011, 2.32691876835e-014, 3.83323974458e-018, 1.98000429925e-020]
        max: [8.18653825263e-006, 0.0013164372649, 0.00406692130491, 0.00328765809536, 0.00564505532384, 0.00738206552342, 0.00461998628452, 0.00381306791678, 0.00746166799217, 0.00452081486583, 0.00346853141673, 0.00228768005036, 0.00190105882939, 0.00252408767119, 0.00695143966004, 0.00519823469222, 0.00622211303562, 0.00858465116471, 0.00746473716572, 0.00947751477361, 0.00247247656807, 0.000648785149679, 0.000157976421178, 0.000114377129648, 8.2311751612e-005, 2.45184560299e-006, 4.2449464388e-008, 9.73033431606e-010]
        mean: [4.64278429035e-007, 8.54210447869e-005, 0.000176606277819, 0.000140454794746, 0.000262205023319, 0.00042891324847, 0.000256729428656, 9.31534377742e-005, 0.000194575957721, 0.000127629537019, 0.000137581693707, 4.72863466712e-005, 6.69838918839e-005, 8.77907732502e-005, 0.000186685501831, 0.000251180492342, 0.000369559100363, 0.000358303426765, 0.000483986834297, 0.000568494491745, 0.000169829989318, 2.76202463283e-005, 5.94872744841e-006, 4.7606604312e-006, 2.63469382844e-006, 7.60799778732e-008, 6.88997803255e-010, 4.06572414624e-011]
        median: [2.41781151544e-007, 4.04202473874e-005, 0.000106026054709, 7.11809116183e-005, 0.000123671779875, 0.000179449023562, 0.000127489620354, 3.67840730178e-005, 7.25588906789e-005, 3.84667000617e-005, 3.47320419678e-005, 2.38297543547e-005, 2.96689613606e-005, 4.46563935839e-005, 6.78649521433e-005, 0.000152204695041, 0.000210372469155, 0.000214048151975, 0.000372892711312, 0.0003746401635, 0.000117909970868, 1.93702508113e-005, 3.28915552927e-006, 2.86261160909e-006, 1.20923857594e-006, 2.13689599349e-008, 1.81419379519e-010, 1.25357901143e-011]
        min: [2.00822292794e-025, 5.34781192766e-024, 6.93865338242e-025, 9.80010875849e-025, 7.08002425778e-024, 9.62398077026e-024, 9.89247589024e-024, 9.83111118928e-024, 7.54799705714e-024, 2.35897415223e-023, 1.99482743868e-023, 2.27720272406e-023, 4.00318384189e-023, 3.42334709518e-023, 3.63696526406e-023, 5.622620617e-023, 5.45200451824e-023, 7.93366626276e-023, 1.26581466511e-022, 1.37977136577e-022, 2.23010473035e-022, 3.76552264413e-022, 3.85441401528e-022, 5.73333301676e-022, 7.84407539286e-022, 1.37791386971e-021, 1.96992477229e-021, 5.50738002944e-022]
        var: [5.13065609963e-013, 1.97006304603e-008, 7.29186311332e-008, 4.69274326065e-008, 1.83261917641e-007, 4.34028379459e-007, 1.3347357708e-007, 3.55351126302e-008, 2.46990197184e-007, 8.08832112398e-008, 6.98535345123e-008, 6.95797153227e-009, 1.71617138278e-008, 2.35424728601e-008, 1.34708699306e-007, 1.63975215628e-007, 3.03313584027e-007, 2.61029811099e-007, 2.51361029768e-007, 4.55956779888e-007, 4.12576319775e-008, 1.08309372582e-009, 9.31594176801e-011, 6.55086054846e-011, 3.04067639123e-011, 2.60513792071e-014, 5.52503047882e-018, 5.02712110644e-021]
    mfcc:
        mean: [-736.38067627, 99.1204605103, -50.6658058167, 48.0993766785, -12.1717615128, -20.9717903137, -0.0284432396293, -11.1432790756, -0.570155799389, -2.0740249157, -7.99460411072, -1.17894399166, 0.89499437809]
        cov: [[11483.4433594, 346.605926514, -422.861999512, 2330.78125, 647.542114258, 1203.13647461, 672.749145508, 127.926361084, 339.116790771, -97.9135742188, -196.38092041, -208.193847656, -271.699645996], [346.605926514, 776.104125977, -272.854949951, 96.9161376953, -59.9669685364, -78.782875061, 72.6623001099, -68.8950805664, 8.54124641418, -25.4538764954, -30.1833610535, 2.90696811676, -1.56900644302], [-422.861999512, -272.854949951, 564.831420898, -49.7368392944, 60.6908683777, 61.1097602844, -79.1950302124, 68.1626663208, -47.4991111755, -16.9546318054, 47.2348823547, 21.1688289642, -12.1566648483], [2330.78125, 96.9161376953, -49.7368392944, 776.664672852, 246.113739014, 313.401123047, 156.396087646, 13.2072343826, 95.2487182617, -53.8853111267, -58.1533050537, -38.2079162598, -71.2490539551], [647.542114258, -59.9669685364, 60.6908683777, 246.113739014, 242.7550354, 154.264343262, 59.6955718994, 21.1449699402, 47.1507797241, -7.49814033508, -12.7553005219, -0.535697042942, -30.7757339478], [1203.13647461, -78.782875061, 61.1097602844, 313.401123047, 154.264343262, 346.639099121, 145.656936646, 52.3078269958, 52.3845863342, -26.583234787, -7.45948505402, -54.0762710571, -65.3147506714], [672.749145508, 72.6623001099, -79.1950302124, 156.396087646, 59.6955718994, 145.656936646, 219.571868896, 33.5567512512, 47.7547721863, 6.50055360794, -29.3455238342, -26.9053878784, -10.6105937958], [127.926361084, -68.8950805664, 68.1626663208, 13.2072343826, 21.1449699402, 52.3078269958, 33.5567512512, 116.95349884, 36.4673080444, 24.5210647583, 18.1614284515, 1.94804942608, 2.03282523155], [339.116790771, 8.54124641418, -47.4991111755, 95.2487182617, 47.1507797241, 52.3845863342, 47.7547721863, 36.4673080444, 114.355186462, 32.6608009338, -1.12248384953, -10.9583797455, -8.95788955688], [-97.9135742188, -25.4538764954, -16.9546318054, -53.8853111267, -7.49814033508, -26.583234787, 6.50055360794, 24.5210647583, 32.6608009338, 116.182800293, 41.3672637939, 20.0373268127, 19.5649795532], [-196.38092041, -30.1833610535, 47.2348823547, -58.1533050537, -12.7553005219, -7.45948505402, -29.3455238342, 18.1614284515, -1.12248384953, 41.3672637939, 99.018447876, 42.471321106, 11.6307926178], [-208.193847656, 2.90696811676, 21.1688289642, -38.2079162598, -0.535697042942, -54.0762710571, -26.9053878784, 1.94804942608, -10.9583797455, 20.0373268127, 42.471321106, 115.667068481, 52.8117599487], [-271.699645996, -1.56900644302, -12.1566648483, -71.2490539551, -30.7757339478, -65.3147506714, -10.6105937958, 2.03282523155, -8.95788955688, 19.5649795532, 11.6307926178, 52.8117599487, 100.887931824]]
        icov: [[0.000269197626039, -1.6274410882e-005, 0.000162783719134, -0.00069982878631, 0.000226657182793, -0.000413522648159, -1.04788132376e-005, -0.000178624992259, 7.67962192185e-005, -0.000207994424272, 0.000155364934471, -2.56022049143e-005, 9.66705483734e-005], [-1.6274410882e-005, 0.00182527652942, 0.000539259926882, -0.000465438090032, 0.000431204593042, 0.00103475281503, -0.000989345018752, 0.000532223493792, -4.61270428787e-005, 0.000599060498644, -0.000471754319733, -0.000225811148994, 0.000459817674709], [0.000162783719134, 0.000539259926882, 0.00287100789137, -0.000176176268724, -0.000659025856294, -0.00086631643353, 0.00108004594222, -0.00178077991586, 0.00146093021613, 0.000457927497337, -0.000568473769818, -0.000311878102366, 0.000325596018229], [-0.00069982878631, -0.000465438090032, -0.000176176268724, 0.00471411691979, -0.00217089545913, -0.000965941231698, 0.000231936675846, 0.000896231969818, -0.00131386693101, 0.00114248727914, 0.000666814099532, -0.000684055150487, 7.77842360549e-005], [0.000226657182793, 0.000431204593042, -0.000659025856294, -0.00217089545913, 0.00772186974064, -0.00209784135222, -2.47235038842e-006, 0.000596707395744, -0.00145665055607, -0.000838411797304, 0.00148238800466, -0.00213474524207, 0.000969528395217], [-0.000413522648159, 0.00103475281503, -0.00086631643353, -0.000965941231698, -0.00209784135222, 0.00925887934864, -0.00428959913552, -0.000834194244817, -3.22373271047e-005, 0.00226909061894, -0.00359542085789, 0.0025693892967, 0.00166239030659], [-1.04788132376e-005, -0.000989345018752, 0.00108004594222, 0.000231936675846, -2.47235038842e-006, -0.00428959913552, 0.00866010040045, -0.00173338723835, -0.000367633387214, -0.00166902388446, 0.00279678334482, -0.000148467370309, -0.00153545453213], [-0.000178624992259, 0.000532223493792, -0.00178077991586, 0.000896231969818, 0.000596707395744, -0.000834194244817, -0.00173338723835, 0.012350297533, -0.00391012057662, -0.000888692738954, -0.00109160912689, -0.000157034024596, -0.000810393714346], [7.67962192185e-005, -4.61270428787e-005, 0.00146093021613, -0.00131386693101, -0.00145665055607, -3.22373271047e-005, -0.000367633387214, -0.00391012057662, 0.0134314931929, -0.00372308539227, 0.000309467752231, 0.00103253556881, 0.000367582688341], [-0.000207994424272, 0.000599060498644, 0.000457927497337, 0.00114248727914, -0.000838411797304, 0.00226909061894, -0.00166902388446, -0.000888692738954, -0.00372308539227, 0.0130599942058, -0.00565511360765, 0.000571309705265, -0.00114357005805], [0.000155364934471, -0.000471754319733, -0.000568473769818, 0.000666814099532, 0.00148238800466, -0.00359542085789, 0.00279678334482, -0.00109160912689, 0.000309467752231, -0.00565511360765, 0.0167524088174, -0.00633714301512, 0.00176433322486], [-2.56022049143e-005, -0.000225811148994, -0.000311878102366, -0.000684055150487, -0.00213474524207, 0.0025693892967, -0.000148467370309, -0.000157034024596, 0.00103253556881, 0.000571309705265, -0.00633714301512, 0.0149948047474, -0.00673122983426], [9.66705483734e-005, 0.000459817674709, 0.000325596018229, 7.77842360549e-005, 0.000969528395217, 0.00166239030659, -0.00153545453213, -0.000810393714346, 0.000367582688341, -0.00114357005805, 0.00176433322486, -0.00673122983426, 0.0150750745088]]
    sccoeffs:
        dmean: [0.0471992269158, 0.0478271581233, 0.037491992116, 0.0304480101913, 0.0206171441823, 0.0162112489343]
        dmean2: [0.0785554498434, 0.0771213322878, 0.0599841214716, 0.0495532862842, 0.0335749201477, 0.0255274344236]
        dvar: [0.00162508385256, 0.00162279990036, 0.000970356864855, 0.00065759656718, 0.000315579469316, 0.000223774972255]
        dvar2: [0.00447063334286, 0.00407098745927, 0.002417139709, 0.00162298232317, 0.00075577996904, 0.000494495849125]
        max: [-0.377891987562, -0.346724897623, -0.436605215073, -0.495339483023, -0.540236771107, -0.579049825668]
        mean: [-0.68833643198, -0.696736097336, -0.743231594563, -0.77541577816, -0.778146207333, -0.765213131905]
        median: [-0.686675906181, -0.706023693085, -0.75719755888, -0.784255683422, -0.782045602798, -0.762235879898]
        min: [-0.981233537197, -0.990614414215, -0.97712635994, -0.969411551952, -0.969239652157, -0.96460300684]
        var: [0.0049589080736, 0.00813487917185, 0.00693829823285, 0.00365637685172, 0.0019964738749, 0.00203645485453]
    scvalleys:
        dmean: [0.399642139673, 0.358169823885, 0.319107651711, 0.268682837486, 0.192732304335, 0.205223575234]
        dmean2: [0.657535195351, 0.583685934544, 0.506776571274, 0.423144489527, 0.296825826168, 0.296174407005]
        dvar: [0.135881856084, 0.111095555127, 0.0970742851496, 0.0836292058229, 0.0566342175007, 0.0684832930565]
        dvar2: [0.325422108173, 0.249892160296, 0.205848768353, 0.1623390764, 0.100496008992, 0.114932492375]
        max: [-4.93354606628, -4.88499498367, -5.44591808319, -5.33442544937, -5.33068799973, -7.75093507767]
        mean: [-7.60101985931, -7.12023067474, -7.65104675293, -7.74928760529, -7.4296836853, -10.3158912659]
        median: [-6.82374286652, -6.68830299377, -7.16201066971, -7.11653804779, -6.67565441132, -9.50461769104]
        min: [-28.2038516998, -28.0264530182, -27.7737522125, -27.7161121368, -27.459280014, -27.37018013]
        var: [5.88834142685, 4.09169960022, 4.19234514236, 4.55635595322, 4.99992084503, 5.10313224792]

rhythm:
    beats_loudness:
        dmean: 0.00195772433653
        dmean2: 0.00352837727405
        dvar: 3.12776614919e-006
        dvar2: 8.81041796674e-006
        max: 0.0150036290288
        mean: 0.00529619306326
        median: 0.00561167160049
        min: 0
        var: 9.40513200476e-006
    bpm: 95.0266647339
    bpm_confidence: 0
    first_peak_bpm: 96
    first_peak_spread: 0.45187163353
    first_peak_weight: 0.54812836647
    onset_rate: 2.53663349152
    second_peak_bpm: 0
    second_peak_spread: 0
    second_peak_weight: 0
    beats_loudness_band_ratio:
        dmean: [0.0747301727533, 0.121722407639, 0.114018253982, 0.0898524001241, 0.115406267345, 0.0933624207973]
        dmean2: [0.124127663672, 0.205204576254, 0.200777128339, 0.153338059783, 0.195006281137, 0.162161961198]
        dvar: [0.0071753365919, 0.0217879768461, 0.0203032735735, 0.00967238843441, 0.00881920289248, 0.007515323814]
        dvar2: [0.0205618534237, 0.0613553151488, 0.0564632155001, 0.0256478078663, 0.0254607778043, 0.0221004690975]
        max: [0.642002344131, 0.989468693733, 0.943072974682, 0.783277630806, 0.783376038074, 0.605942428112]
        mean: [0.100673653185, 0.161880195141, 0.194765001535, 0.120490640402, 0.238605976105, 0.215529546142]
        median: [0.0792976096272, 0.113257788122, 0.116168126464, 0.0872794166207, 0.225175470114, 0.219219788909]
        min: [0, 0, 0, 0, 0, 0]
        var: [0.00946518871933, 0.0282304808497, 0.0447482466698, 0.012079381384, 0.0200582332909, 0.0158238951117]
    beats_position: [0.580498874187, 1.18421769142, 1.79954648018, 2.41487526894, 3.04181408882, 3.66875267029, 4.29569149017, 4.92263031006, 5.54956912994, 6.18811798096, 6.82666635513, 7.45360517502, 8.09215450287, 8.71909236908, 9.34603118896, 9.98458003998, 10.6115188599, 11.2384576797, 11.8653964996, 12.4923353195, 13.1192741394, 13.7578229904, 14.3963718414, 15.0233106613, 15.6618595123, 16.3004074097, 16.9273471832, 17.5542850494, 18.1928348541, 18.8313827515, 19.458322525, 20.0968704224, 20.7354183197, 21.3623580933, 21.9892959595, 22.6046257019, 23.219953537, 23.8585033417, 24.497051239, 25.1239910126, 25.7509288788, 26.3894786835, 27.0280265808, 27.6665763855, 28.3051242828, 28.932062149, 29.5590019226, 30.1975498199, 30.8360996246, 31.4630374908, 32.1015853882, 32.7401351929, 33.3670730591, 33.99401474, 34.6209526062, 35.2478904724, 35.8748283386, 36.5133781433, 37.151927948, 37.7788658142, 38.4058036804, 39.0443534851, 39.6829032898, 40.309841156, 40.9367790222, 41.5637168884, 42.1906585693, 42.8292045593, 43.467754364, 44.0946922302, 44.7216300964, 45.3485717773, 45.9871177673, 46.625667572, 47.2526054382, 47.8795471191, 48.5180931091, 49.1566429138, 49.78358078, 50.4105224609, 51.0374603271, 51.6760063171, 52.3145561218, 52.941493988, 53.5568237305, 54.1837615967, 54.8107032776, 55.4492492676, 56.0877990723, 56.726348877, 57.3532867432, 57.9802246094, 58.6187744141, 59.2573242188, 59.884262085, 60.5111999512, 61.1497497559, 61.7766876221, 62.4152374268, 63.042175293, 63.6691131592, 64.2844467163, 64.899772644, 65.5499343872, 66.1884765625, 66.8270263672, 67.4539642334, 68.0809020996, 68.7194519043, 69.358001709, 69.9849395752, 70.6234893799, 71.2620391846, 71.8889770508, 72.515914917, 73.1544647217, 73.7814025879, 74.4199523926, 75.0468902588, 75.673828125, 76.3007659912, 76.9277114868, 77.5662536621, 78.2048034668, 78.831741333, 79.4586868286, 80.0856246948, 80.712562561, 81.3511123657, 81.9896621704, 82.6166000366, 83.2435379028, 83.870475769, 84.4974136353, 85.1359634399, 85.7745132446, 86.4130630493, 87.0516052246, 87.6785507202, 88.3054885864, 88.9324264526, 89.5593643188, 90.1863021851, 90.8248519897, 91.4634017944, 92.0903396606, 92.7288894653, 93.36743927, 93.9943771362, 94.6213150024, 95.2482528687, 95.8868026733, 96.5137405396, 97.1522903442, 97.7792282104, 98.4061660767, 99.0331039429, 99.6600418091, 100.286979675, 100.913917542, 101.552467346, 102.191017151, 102.829566956, 103.46811676, 104.095054626, 104.721992493, 105.360542297, 105.999092102, 106.626029968, 107.252967834, 107.879905701, 108.506843567, 109.133781433, 109.760726929, 110.387664795, 111.014602661, 111.653152466, 112.291702271, 112.930244446, 113.56879425, 114.195732117, 114.834281921, 115.472831726, 116.099769592, 116.726707458, 117.365257263, 118.003807068, 118.630744934, 119.2576828, 119.884620667, 120.523170471, 121.150108337, 121.788658142, 122.415596008, 123.042533875, 123.66947937, 124.308021545, 124.94657135, 125.573509216, 126.200454712, 126.827392578, 127.465942383, 128.104492188, 128.731430054, 129.35836792, 129.985305786, 130.612243652, 131.250793457, 131.877731323, 132.516281128, 133.143218994, 133.77015686, 134.408706665, 135.04725647, 135.674194336, 136.301132202, 136.928070068, 137.555007935, 138.181945801, 138.820495605, 139.45904541, 140.085983276, 140.712921143, 141.351470947, 141.978408813, 142.616958618, 143.243896484, 143.882446289, 144.509384155, 145.136322021, 145.774871826, 146.401809692, 147.028747559, 147.655685425, 148.294235229, 148.921173096, 149.5597229, 150.186660767, 150.813598633, 151.452148438, 152.090698242, 152.717636108, 153.356185913, 153.994735718, 154.621673584, 155.24861145, 155.875549316, 156.514099121, 157.152648926, 157.779586792, 158.406524658, 159.045074463, 159.683624268, 160.310562134, 160.9375, 161.564437866, 162.191375732, 162.818313599, 163.456863403, 164.095413208, 164.722351074, 165.360900879, 165.987838745, 166.62638855, 167.253326416, 167.880264282, 168.518814087, 169.157363892, 169.784301758, 170.411239624, 171.03817749, 171.676727295, 172.3152771, 172.942214966, 173.569152832, 174.196090698, 174.834640503, 175.473190308, 176.100128174, 176.72706604, 177.354003906, 177.980941772, 178.619491577, 179.258041382, 179.873382568, 180.500320435, 181.115646362, 181.754196167, 182.392745972, 183.031295776, 183.669830322, 184.296783447, 184.935317993, 185.573867798, 186.200805664, 186.827758789, 187.466293335, 188.09324646, 188.731781006, 189.358734131, 189.974060059, 190.600997925, 191.216323853, 191.854873657, 192.493423462, 193.143585205, 193.78213501, 194.420669556, 195.047622681, 195.674560547, 196.301498413, 196.928436279, 197.566986084, 198.205535889, 198.832473755, 199.459411621, 200.097961426, 200.724899292, 201.351837158, 201.990386963, 202.628936768, 203.255874634, 203.894424438, 204.521362305, 205.148300171, 205.775238037, 206.413787842, 207.052337646, 207.679275513, 208.306213379, 208.933151245, 209.560089111, 210.198638916, 210.837188721, 211.464126587, 212.091064453, 212.718002319, 213.344940186, 213.971878052, 214.610427856, 215.248977661, 215.875915527, 216.514465332, 217.153015137, 217.791564941, 218.418502808, 219.045440674, 219.683990479, 220.322540283, 220.949478149, 221.588027954, 222.21496582, 222.841903687, 223.468841553, 224.095779419, 224.734329224, 225.372879028, 225.999816895, 226.626754761, 227.253692627, 227.892242432, 228.530792236, 229.157730103, 229.784667969, 230.411605835, 231.05015564, 231.677093506, 232.315643311, 232.942581177, 233.569519043, 234.196456909, 234.835006714, 235.473556519, 236.112106323, 236.750656128]
