
metadata:
    version:
        essentia: "2.1-beta2"
    audio_properties:
        analysis_sample_rate: 44100
        bitrate: 192
        channels: 2
        equal_loudness: 1
        length: 195.892242432
        replay_gain: -13.9453620911
        downmix: "mix"
    tags:
        album: "Fallen"
        artist: "Evanescence"
        comment: "                          "
        date: "2020"
        genre: "Autres"
        title: "everybodys fool"
        tracknumber: "3"

configuration:
    average_loudness:
        compute: 1
        frameSize: 88200
        hopSize: 44100
        silentFrames: "noise"
        windowType: "hann"
    general:
        analysisSampleRate: 44100
        endTime: 2000
        equalLoudness: 1
        nequalLoudness: 0
        shortSound: 0
        startTime: 0
    lowlevel:
        compute: 1
        frameSize: 2048
        hopSize: 1024
        zeroPadding: 0
        silentFrames: "noise"
        windowType: "blackmanharris62"
        mfccStats: ["mean", "cov", "icov"]
        stats: ["mean", "var", "median", "min", "max", "dmean", "dmean2", "dvar", "dvar2"]
    panning:
        compute: 0
        frameSize: 8192
        hopSize: 2048
        zeroPadding: 8192
        silentFrames: "noise"
        windowType: "hann"
        stats: ["copy"]
    rhythm:
        compute: 1
        maxTempo: 208
        minTempo: 40
        method: "degara"
        stats: ["mean", "var", "median", "min", "max", "dmean", "dmean2", "dvar", "dvar2"]
    segmentation:
        compute: 0
        cpw: 5
        inc1: 300
        inc2: 50
        minimumSegmentsLength: 10
        size1: 1000
        size2: 600
    sfx:
        compute: 1
        stats: ["mean", "var", "median", "min", "max", "dmean", "dmean2", "dvar", "dvar2"]
    svm:
        compute: 0
    tonal:
        compute: 1
        frameSize: 4096
        hopSize: 2048
        zeroPadding: 0
        silentFrames: "noise"
        windowType: "blackmanharris62"
        stats: ["mean", "var", "median", "min", "max", "dmean", "dmean2", "dvar", "dvar2"]

lowlevel:
    average_loudness: 0.869575738907
    barkbands_kurtosis:
        dmean: 0.86216711998
        dmean2: 1.36435377598
        dvar: 15.6133804321
        dvar2: 40.3975067139
        max: 240.006225586
        mean: 0.128161087632
        median: -1.12709617615
        min: -1.83540308475
        var: 40.1313247681
    barkbands_skewness:
        dmean: 0.303190499544
        dmean2: 0.467092752457
        dvar: 0.110129892826
        dvar2: 0.261905401945
        max: 14.1974401474
        mean: 0.0110977869481
        median: -0.148305505514
        min: -3.94705867767
        var: 1.13852202892
    barkbands_spread:
        dmean: 4.03527975082
        dmean2: 6.34829807281
        dvar: 16.0292854309
        dvar2: 38.1504211426
        max: 60.5497894287
        mean: 30.6710166931
        median: 32.1255340576
        min: 0.528227686882
        var: 110.62008667
    dissonance:
        dmean: 0.015618913807
        dmean2: 0.0264803506434
        dvar: 0.000351332477294
        dvar2: 0.000975436531007
        max: 0.499999940395
        mean: 0.468960702419
        median: 0.478651881218
        min: 0.188164293766
        var: 0.00106878648512
    hfc:
        dmean: 1.78298151493
        dmean2: 2.68536520004
        dvar: 5.72978973389
        dvar2: 12.3950138092
        max: 43.8018989563
        mean: 9.15956401825
        median: 8.57610034943
        min: 1.16195119437e-016
        var: 39.8717269897
    pitch:
        dmean: 577.006652832
        dmean2: 1111.03442383
        dvar: 1290808.5
        dvar2: 3344599.25
        max: 4851.67041016
        mean: 830.548034668
        median: 366.333496094
        min: 65.1721115112
        var: 1405177.75
    pitch_instantaneous_confidence:
        dmean: 0.0749903619289
        dmean2: 0.119034230709
        dvar: 0.00460848072544
        dvar2: 0.0102186687291
        max: 0.97809034586
        mean: 0.456827431917
        median: 0.442092597485
        min: 0.129654824734
        var: 0.0334871187806
    pitch_salience:
        dmean: 0.0491009131074
        dmean2: 0.079754807055
        dvar: 0.00191922928207
        dvar2: 0.00480230338871
        max: 0.972179591656
        mean: 0.618209064007
        median: 0.627907514572
        min: 0.159399673343
        var: 0.00902050267905
    silence_rate_20dB:
        dmean: 0
        dmean2: 0
        dvar: 0
        dvar2: 0
        max: 1
        mean: 1
        median: 1
        min: 1
        var: 0
    silence_rate_30dB:
        dmean: 0
        dmean2: 0
        dvar: 0
        dvar2: 0
        max: 1
        mean: 1
        median: 1
        min: 1
        var: 0
    silence_rate_60dB:
        dmean: 0.050728932023
        dmean2: 0.101469889283
        dvar: 0.0481508150697
        dvar2: 0.106356054544
        max: 1
        mean: 0.271983891726
        median: 0
        min: 0
        var: 0.198011696339
    spectral_centroid:
        dmean: 193.433883667
        dmean2: 299.519226074
        dvar: 42131.4960938
        dvar2: 95424.1328125
        max: 11360.2744141
        mean: 1793.95996094
        median: 1834.90063477
        min: 341.476837158
        var: 294439.53125
    spectral_complexity:
        dmean: 3.11745882034
        dmean2: 4.93314361572
        dvar: 12.7276630402
        dvar2: 27.196811676
        max: 50
        mean: 16.170419693
        median: 17
        min: 0
        var: 77.2637634277
    spectral_crest:
        dmean: 1.5836853981
        dmean2: 2.61687779427
        dvar: 2.80140948296
        dvar2: 7.44233798981
        max: 26.2454433441
        mean: 6.65414190292
        median: 5.64937400818
        min: 2.3982436657
        var: 11.9868755341
    spectral_decrease:
        dmean: 2.02069999622e-010
        dmean2: 3.16529524813e-010
        dvar: 7.23455071796e-020
        dvar2: 1.77557252391e-019
        max: 5.34480045751e-029
        mean: -1.0429707098e-009
        median: -1.04543818047e-009
        min: -4.07571443262e-009
        var: 3.5274574385e-019
    spectral_energy:
        dmean: 0.000896528013982
        dmean2: 0.00139223807491
        dvar: 1.42901592426e-006
        dvar2: 3.42815928889e-006
        max: 0.0193556547165
        mean: 0.00476720137522
        median: 0.00473458971828
        min: 1.07818194552e-020
        var: 7.70085898694e-006
    spectral_energyband_high:
        dmean: 0.000166245969012
        dmean2: 0.000257164560026
        dvar: 5.97416089931e-008
        dvar2: 1.31726167751e-007
        max: 0.00512145180255
        mean: 0.000490851467475
        median: 0.000365769607015
        min: 7.14194687903e-021
        var: 2.26344326393e-007
    spectral_energyband_low:
        dmean: 0.000191455153981
        dmean2: 0.000317445810651
        dvar: 1.80488754609e-007
        dvar2: 4.85863779431e-007
        max: 0.0047577819787
        mean: 0.000397373863962
        median: 0.000341809354722
        min: 2.92888687098e-023
        var: 2.01997238491e-007
    spectral_energyband_middle_high:
        dmean: 0.000539468310308
        dmean2: 0.000822533329483
        dvar: 4.24187021508e-007
        dvar2: 9.30622434225e-007
        max: 0.011893350631
        mean: 0.00266592018306
        median: 0.00238853367046
        min: 1.42496653232e-021
        var: 3.59005707651e-006
    spectral_energyband_middle_low:
        dmean: 0.00043747460586
        dmean2: 0.000710570660885
        dvar: 3.79685644702e-007
        dvar2: 1.00850104445e-006
        max: 0.00882204901427
        mean: 0.00133940868545
        median: 0.00121380819473
        min: 3.65920539868e-022
        var: 8.18824162252e-007
    spectral_flatness_db:
        dmean: 0.0128601444885
        dmean2: 0.0196518041193
        dvar: 0.000166529702256
        dvar2: 0.000377338059479
        max: 0.399879842997
        mean: 0.14788800478
        median: 0.133894979954
        min: 0.0519795529544
        var: 0.00215607671998
    spectral_flux:
        dmean: 0.00712435413152
        dmean2: 0.0111161097884
        dvar: 6.37939228909e-005
        dvar2: 0.000145377372974
        max: 0.130392163992
        mean: 0.0370940454304
        median: 0.0362569913268
        min: 6.62509630489e-011
        var: 0.000313305179588
    spectral_kurtosis:
        dmean: 0.91772377491
        dmean2: 1.55240988731
        dvar: 1.12728178501
        dvar2: 3.04555130005
        max: 28.3819351196
        mean: 3.92535018921
        median: 3.37206029892
        min: -1.21547961235
        var: 5.1735086441
    spectral_rms:
        dmean: 0.000195292086573
        dmean2: 0.000297077232972
        dvar: 5.13800344493e-008
        dvar2: 1.17077327388e-007
        max: 0.00434552226216
        mean: 0.00202497537248
        median: 0.00214921170846
        min: 3.24327739144e-012
        var: 5.50416075384e-007
    spectral_rolloff:
        dmean: 258.248657227
        dmean2: 428.475585938
        dvar: 143112.578125
        dvar2: 321275.6875
        max: 19143.0175781
        mean: 3355.54956055
        median: 3552.97851563
        min: 322.998046875
        var: 902739
    spectral_skewness:
        dmean: 0.135114952922
        dmean2: 0.220085024834
        dvar: 0.0175849143416
        dvar2: 0.0424067638814
        max: 4.34814214706
        mean: 1.45092952251
        median: 1.36845493317
        min: -0.0437383316457
        var: 0.155833989382
    spectral_spread:
        dmean: 426841.4375
        dmean2: 628269.75
        dvar: 359921287168
        dvar2: 714373857280
        max: 40968632
        mean: 4681193
        median: 4434992
        min: 1870597.625
        var: 2.30157058048e+012
    spectral_strongpeak:
        dmean: 0.596474766731
        dmean2: 1.01209163666
        dvar: 0.866646826267
        dvar2: 2.22444462776
        max: 9.34797286987
        mean: 1.1374245882
        median: 0.516897320747
        min: 7.12089887056e-010
        var: 2.0185751915
    zerocrossingrate:
        dmean: 0.00655305059627
        dmean2: 0.00799789186567
        dvar: 4.49832732556e-005
        dvar2: 5.11844664288e-005
        max: 0.515625
        mean: 0.100357539952
        median: 0.103515625
        min: 0.0146484375
        var: 0.000694286660291
    barkbands:
        dmean: [3.09277936594e-007, 5.65432856092e-005, 0.000120945871458, 8.64773173817e-005, 0.000151609667228, 0.000181785610039, 0.000114795686386, 6.75111004966e-005, 0.0001025491365, 9.75945295068e-005, 5.0648508477e-005, 8.85326880962e-005, 7.2292634286e-005, 6.29190326435e-005, 9.09478258109e-005, 0.000124508878798, 0.000141765034641, 0.000146220088936, 0.000178360860446, 0.000195822954993, 6.87699503032e-005, 1.37540873766e-005, 3.03736942442e-006, 2.26946485782e-006, 1.36308847232e-006, 4.37639897655e-008, 4.17611695225e-010]
        dmean2: [4.93467041451e-007, 9.23062179936e-005, 0.000205556338187, 0.000147115308209, 0.000255976920016, 0.000296026148135, 0.000188985344721, 0.000107074294647, 0.000164544777363, 0.000147390659549, 7.63509815442e-005, 0.000139520227094, 0.000119547032227, 9.85702790786e-005, 0.000140798380016, 0.000200496506295, 0.00022491782147, 0.000234542967519, 0.00029000962968, 0.000310912000714, 0.000109591484943, 2.25998537644e-005, 4.54821747553e-006, 3.41676445714e-006, 2.03123681786e-006, 6.68753088462e-008, 6.86027679109e-010]
        dvar: [5.28104036196e-013, 1.63458118152e-008, 7.39754426604e-008, 2.58023504784e-008, 7.49154835944e-008, 7.88995180301e-008, 4.11962659541e-008, 1.48423726642e-008, 2.62817643204e-008, 3.3914723474e-008, 1.66888813879e-008, 3.05576897119e-008, 1.25846506549e-008, 2.0942447776e-008, 3.73083537397e-008, 5.49189209664e-008, 5.82328141263e-008, 4.78442458984e-008, 5.51081704714e-008, 7.59126450589e-008, 1.55232235954e-008, 7.00278168786e-010, 6.98143071132e-011, 2.54847497272e-011, 7.35873341429e-012, 1.08771388638e-014, 1.10426760959e-018]
        dvar2: [1.27725705446e-012, 4.01324982136e-008, 2.07146470643e-007, 7.09116534381e-008, 2.03970159873e-007, 2.10425952218e-007, 1.0751224977e-007, 3.81414650974e-008, 6.87149963596e-008, 7.41651575709e-008, 3.2050685661e-008, 6.92900457011e-008, 3.04359346615e-008, 4.81644768513e-008, 8.2107568744e-008, 1.31098104816e-007, 1.33204935082e-007, 1.11971559136e-007, 1.33776481448e-007, 1.77902776954e-007, 3.76196140905e-008, 1.69027458696e-009, 1.2755740908e-010, 5.33210732512e-011, 1.61749173083e-011, 2.54633621588e-014, 2.63201674443e-018]
        max: [8.52661560202e-006, 0.00145327509381, 0.00352396862581, 0.00177014176734, 0.00568666076288, 0.00469941506162, 0.00322917266749, 0.00240721134469, 0.00259037991054, 0.00430219247937, 0.00318344146945, 0.00461032846943, 0.00275108171627, 0.00238891341724, 0.00342644751072, 0.00665545929223, 0.00620932970196, 0.00557139329612, 0.00529336137697, 0.00488223321736, 0.00256268982776, 0.000464923126856, 0.000566865084693, 0.000215225823922, 7.35456269467e-005, 2.141375262e-006, 3.78978306514e-008]
        mean: [3.97395382379e-007, 9.26322682062e-005, 0.000231142272241, 0.000122491444927, 0.000272963487078, 0.000366732710972, 0.000192940453417, 0.000115143244329, 0.000192987485207, 0.000239390676143, 0.000118443167594, 0.000174358050572, 0.00013882292842, 0.000122447891044, 0.000187307232409, 0.000259491527686, 0.000344089930877, 0.00034971954301, 0.000490019388963, 0.000545362418052, 0.000163163887919, 3.13810814987e-005, 6.66382766212e-006, 5.97635289523e-006, 3.06610263578e-006, 6.84226080239e-008, 5.16691189834e-010]
        median: [1.94358193539e-007, 4.87517754664e-005, 0.000164099139511, 7.47451558709e-005, 0.000190202728845, 0.000239700631937, 0.000114633818157, 6.01264437137e-005, 0.000108908934635, 8.46141483635e-005, 2.70162017841e-005, 6.59966681269e-005, 8.43140151119e-005, 5.1369654102e-005, 7.53536442062e-005, 0.000179699010914, 0.000226294898312, 0.000246917043114, 0.000417413859395, 0.000398082658648, 0.000114045724331, 2.13350103877e-005, 3.24480879499e-006, 3.76122579837e-006, 1.82866301657e-006, 1.93104465751e-008, 1.78779518967e-010]
        min: [1.64810540036e-023, 1.33201593538e-023, 2.37007007251e-024, 3.51669379496e-024, 5.05206970978e-023, 7.93081374173e-023, 3.73721307681e-023, 5.06715304583e-023, 6.8842471249e-023, 3.09301632429e-023, 4.91686841696e-023, 3.84882048659e-023, 6.39039747904e-023, 5.80712697858e-023, 1.04645705982e-022, 1.09176582234e-022, 9.64087738198e-023, 1.79380356037e-022, 2.44898321307e-022, 2.78805203844e-022, 3.50774789141e-022, 4.44089814574e-022, 5.63396481547e-022, 8.07411682538e-022, 1.19666114916e-021, 1.43790799111e-021, 1.93577408756e-021]
        var: [5.54613809305e-013, 1.94918712282e-008, 7.99488972802e-008, 2.70212954234e-008, 9.74124816366e-008, 1.79211014029e-007, 6.27822061006e-008, 2.86767480873e-008, 6.67402915155e-008, 1.52132798803e-007, 8.6257323062e-008, 1.04774329657e-007, 3.597375553e-008, 5.69783189519e-008, 1.23086635995e-007, 1.43428522392e-007, 2.69702638889e-007, 1.63532391184e-007, 1.99590004968e-007, 2.78880463611e-007, 3.6611645271e-008, 1.46676881752e-009, 2.29292820841e-010, 8.2498965992e-011, 1.7628823748e-011, 1.95993124074e-014, 1.83609032414e-018]
    frequency_bands:
        dmean: [3.09277936594e-007, 5.65432856092e-005, 0.000120945871458, 8.64773173817e-005, 0.000151609667228, 0.000181785610039, 0.000114795686386, 6.75111004966e-005, 0.0001025491365, 9.75945295068e-005, 5.0648508477e-005, 8.85326880962e-005, 7.2292634286e-005, 6.29190326435e-005, 9.09478258109e-005, 0.000124508878798, 0.000141765034641, 0.000146220088936, 0.000178360860446, 0.000195822954993, 6.87699503032e-005, 1.37540873766e-005, 3.03736942442e-006, 2.26946485782e-006, 1.36308847232e-006, 4.37639897655e-008, 4.17611695225e-010, 5.32416020993e-011]
        dmean2: [4.93467041451e-007, 9.23062179936e-005, 0.000205556338187, 0.000147115308209, 0.000255976920016, 0.000296026148135, 0.000188985344721, 0.000107074294647, 0.000164544777363, 0.000147390659549, 7.63509815442e-005, 0.000139520227094, 0.000119547032227, 9.85702790786e-005, 0.000140798380016, 0.000200496506295, 0.00022491782147, 0.000234542967519, 0.00029000962968, 0.000310912000714, 0.000109591484943, 2.25998537644e-005, 4.54821747553e-006, 3.41676445714e-006, 2.03123681786e-006, 6.68753088462e-008, 6.86027679109e-010, 9.84936229798e-011]
        dvar: [5.28104036196e-013, 1.63458118152e-008, 7.39754426604e-008, 2.58023504784e-008, 7.49154835944e-008, 7.88995180301e-008, 4.11962659541e-008, 1.48423726642e-008, 2.62817643204e-008, 3.3914723474e-008, 1.66888813879e-008, 3.05576897119e-008, 1.25846506549e-008, 2.0942447776e-008, 3.73083537397e-008, 5.49189209664e-008, 5.82328141263e-008, 4.78442458984e-008, 5.51081704714e-008, 7.59126450589e-008, 1.55232235954e-008, 7.00278168786e-010, 6.98143071132e-011, 2.54847497272e-011, 7.35873341429e-012, 1.08771388638e-014, 1.10426760959e-018, 6.31725265508e-021]
        dvar2: [1.27725705446e-012, 4.01324982136e-008, 2.07146470643e-007, 7.09116534381e-008, 2.03970159873e-007, 2.10425952218e-007, 1.0751224977e-007, 3.81414650974e-008, 6.87149963596e-008, 7.41651575709e-008, 3.2050685661e-008, 6.92900457011e-008, 3.04359346615e-008, 4.81644768513e-008, 8.2107568744e-008, 1.31098104816e-007, 1.33204935082e-007, 1.11971559136e-007, 1.33776481448e-007, 1.77902776954e-007, 3.76196140905e-008, 1.69027458696e-009, 1.2755740908e-010, 5.33210732512e-011, 1.61749173083e-011, 2.54633621588e-014, 2.63201674443e-018, 2.00533412057e-020]
        max: [8.52661560202e-006, 0.00145327509381, 0.00352396862581, 0.00177014176734, 0.00568666076288, 0.00469941506162, 0.00322917266749, 0.00240721134469, 0.00259037991054, 0.00430219247937, 0.00318344146945, 0.00461032846943, 0.00275108171627, 0.00238891341724, 0.00342644751072, 0.00665545929223, 0.00620932970196, 0.00557139329612, 0.00529336137697, 0.00488223321736, 0.00256268982776, 0.000464923126856, 0.000566865084693, 0.000215225823922, 7.35456269467e-005, 2.141375262e-006, 3.78978306514e-008, 9.09328390364e-010]
        mean: [3.97395382379e-007, 9.26322682062e-005, 0.000231142272241, 0.000122491444927, 0.000272963487078, 0.000366732710972, 0.000192940453417, 0.000115143244329, 0.000192987485207, 0.000239390676143, 0.000118443167594, 0.000174358050572, 0.00013882292842, 0.000122447891044, 0.000187307232409, 0.000259491527686, 0.000344089930877, 0.00034971954301, 0.000490019388963, 0.000545362418052, 0.000163163887919, 3.13810814987e-005, 6.66382766212e-006, 5.97635289523e-006, 3.06610263578e-006, 6.84226080239e-008, 5.16691189834e-010, 4.1715145227e-011]
        median: [1.94358193539e-007, 4.87517754664e-005, 0.000164099139511, 7.47451558709e-005, 0.000190202728845, 0.000239700631937, 0.000114633818157, 6.01264437137e-005, 0.000108908934635, 8.46141483635e-005, 2.70162017841e-005, 6.59966681269e-005, 8.43140151119e-005, 5.1369654102e-005, 7.53536442062e-005, 0.000179699010914, 0.000226294898312, 0.000246917043114, 0.000417413859395, 0.000398082658648, 0.000114045724331, 2.13350103877e-005, 3.24480879499e-006, 3.76122579837e-006, 1.82866301657e-006, 1.93104465751e-008, 1.78779518967e-010, 1.39828825602e-011]
        min: [1.64810540036e-023, 1.33201593538e-023, 2.37007007251e-024, 3.51669379496e-024, 5.05206970978e-023, 7.93081374173e-023, 3.73721307681e-023, 5.06715304583e-023, 6.8842471249e-023, 3.09301632429e-023, 4.91686841696e-023, 3.84882048659e-023, 6.39039747904e-023, 5.80712697858e-023, 1.04645705982e-022, 1.09176582234e-022, 9.64087738198e-023, 1.79380356037e-022, 2.44898321307e-022, 2.78805203844e-022, 3.50774789141e-022, 4.44089814574e-022, 5.63396481547e-022, 8.07411682538e-022, 1.19666114916e-021, 1.43790799111e-021, 1.93577408756e-021, 5.90938556622e-022]
        var: [5.54613809305e-013, 1.94918712282e-008, 7.99488972802e-008, 2.70212954234e-008, 9.74124816366e-008, 1.79211014029e-007, 6.27822061006e-008, 2.86767480873e-008, 6.67402915155e-008, 1.52132798803e-007, 8.6257323062e-008, 1.04774329657e-007, 3.597375553e-008, 5.69783189519e-008, 1.23086635995e-007, 1.43428522392e-007, 2.69702638889e-007, 1.63532391184e-007, 1.99590004968e-007, 2.78880463611e-007, 3.6611645271e-008, 1.46676881752e-009, 2.29292820841e-010, 8.2498965992e-011, 1.7628823748e-011, 1.95993124074e-014, 1.83609032414e-018, 5.09089196569e-021]
    mfcc:
        mean: [-714.710510254, 101.001495361, -50.7179794312, 43.6239242554, -12.5762271881, -15.6494073868, 6.54416704178, -11.9839878082, -4.07255411148, -4.33295297623, -6.51391458511, -1.10485970974, -2.19349074364]
        cov: [[9135.04296875, 674.15020752, -438.103942871, 1500.94348145, 445.180419922, 460.267883301, 192.609527588, 76.9750289917, 537.604003906, 137.437454224, 51.5439872742, -104.130279541, -60.0893630981], [674.15020752, 681.819396973, -173.344558716, 74.709854126, -54.3050994873, -104.171707153, -4.98836946487, -92.1871337891, -88.1525497437, -10.0886611938, -41.8684387207, -27.9933109283, -59.0684814453], [-438.103942871, -173.344558716, 435.47088623, -54.3531112671, 29.8660430908, 63.8864364624, -82.5302581787, 44.2595291138, -25.2735748291, -5.00855064392, 2.88642573357, 29.4547023773, 25.2698688507], [1500.94348145, 74.709854126, -54.3531112671, 480.589904785, 156.02444458, 169.906463623, -11.584692955, 59.9957809448, 164.032928467, 11.9934825897, 32.4495162964, -4.99904727936, -3.86169934273], [445.180419922, -54.3050994873, 29.8660430908, 156.02444458, 211.11932373, 81.3741073608, 25.154417038, 22.1835861206, 96.1549530029, 28.6048164368, 1.09219741821, -0.842150866985, 6.36955118179], [460.267883301, -104.171707153, 63.8864364624, 169.906463623, 81.3741073608, 234.058929443, 1.88948500156, 97.429901123, 97.4620742798, -0.583592951298, 62.8349990845, -0.0741195380688, 16.3552932739], [192.609527588, -4.98836946487, -82.5302581787, -11.584692955, 25.154417038, 1.88948500156, 221.795593262, 18.4271068573, 47.4654960632, 44.2072219849, 8.20591831207, -8.30009174347, 31.777305603], [76.9750289917, -92.1871337891, 44.2595291138, 59.9957809448, 22.1835861206, 97.429901123, 18.4271068573, 126.867263794, 73.8686065674, 0.991089046001, 42.2864761353, 11.6390151978, 27.3018283844], [537.604003906, -88.1525497437, -25.2735748291, 164.032928467, 96.1549530029, 97.4620742798, 47.4654960632, 73.8686065674, 186.05696106, 29.8155231476, 37.1114044189, -2.98535633087, 14.6847362518], [137.437454224, -10.0886611938, -5.00855064392, 11.9934825897, 28.6048164368, -0.583592951298, 44.2072219849, 0.991089046001, 29.8155231476, 89.7753372192, 2.79183006287, -10.7931146622, -3.62658548355], [51.5439872742, -41.8684387207, 2.88642573357, 32.4495162964, 1.09219741821, 62.8349990845, 8.20591831207, 42.2864761353, 37.1114044189, 2.79183006287, 94.0879211426, 17.2916316986, 12.9949569702], [-104.130279541, -27.9933109283, 29.4547023773, -4.99904727936, -0.842150866985, -0.0741195380688, -8.30009174347, 11.6390151978, -2.98535633087, -10.7931146622, 17.2916316986, 86.4353103638, 26.2509098053], [-60.0893630981, -59.0684814453, 25.2698688507, -3.86169934273, 6.36955118179, 16.3552932739, 31.777305603, 27.3018283844, 14.6847362518, -3.62658548355, 12.9949569702, 26.2509098053, 81.3754119873]]
        icov: [[0.000269084441243, -0.000169315768289, 2.83757944999e-005, -0.00076912867371, 0.000126869621454, -0.000153468819917, -0.000227505195653, 0.000263059075223, -0.000200162787223, -0.000182647869224, 0.000106211584352, 9.85734804999e-005, 3.12037227559e-005], [-0.000169315768289, 0.00230621825904, 0.000477015186334, -0.000758504669648, 0.000336701661581, 0.000898030295502, -0.000215278108953, 0.000149154249812, 0.00158246932551, 0.00017564681184, -5.95450510446e-005, 0.000119426011224, 0.000885300512891], [2.83757944999e-005, 0.000477015186334, 0.00332999392413, 0.000620879116468, -0.000910357048269, -0.00111070496496, 0.00141592603177, -0.00103767483961, 0.00117788219359, -0.000810007448308, 0.000750636972953, -0.000639316625893, -0.000709980376996], [-0.00076912867371, -0.000758504669648, 0.000620879116468, 0.00706637045369, -0.00214498769492, -0.00227775424719, 0.00196477258578, -0.000308905233396, -0.00249913567677, 0.000606411660556, 0.000291230680887, -0.00073134014383, -0.000346479268046], [0.000126869621454, 0.000336701661581, -0.000910357048269, -0.00214498769492, 0.00812096707523, -0.00147419527639, -0.000905666209292, 0.00233872560784, -0.00276161683723, -0.0013060583733, 0.00198806403205, -0.00054663431365, 4.76474633615e-005], [-0.000153468819917, 0.000898030295502, -0.00111070496496, -0.00227775424719, -0.00147419527639, 0.0101658981293, -0.00017834812752, -0.00458965729922, 0.000607553054579, 0.00141481193714, -0.0040712938644, 0.00181588460691, 0.000474822008982], [-0.000227505195653, -0.000215278108953, 0.00141592603177, 0.00196477258578, -0.000905666209292, -0.00017834812752, 0.00670749554411, -0.000862000277266, -0.00115551112685, -0.00253583770245, 7.88395263953e-005, 0.000576427497435, -0.00299710128456], [0.000263059075223, 0.000149154249812, -0.00103767483961, -0.000308905233396, 0.00233872560784, -0.00458965729922, -0.000862000277266, 0.0154371159151, -0.00492030242458, 0.000596439582296, -0.00143381126691, -0.000594964192715, -0.00215774588287], [-0.000200162787223, 0.00158246932551, 0.00117788219359, -0.00249913567677, -0.00276161683723, 0.000607553054579, -0.00115551112685, -0.00492030242458, 0.0130319520831, -0.00178542139474, -0.00168518477585, 0.000718120660167, 0.000318747741403], [-0.000182647869224, 0.00017564681184, -0.000810007448308, 0.000606411660556, -0.0013060583733, 0.00141481193714, -0.00253583770245, 0.000596439582296, -0.00178542139474, 0.013818770647, -0.00113386253361, 0.00121491611935, 0.00160814344417], [0.000106211584352, -5.95450510446e-005, 0.000750636972953, 0.000291230680887, 0.00198806403205, -0.0040712938644, 7.88395263953e-005, -0.00143381126691, -0.00168518477585, -0.00113386253361, 0.015045363456, -0.00305183348246, -0.000235702726059], [9.85734804999e-005, 0.000119426011224, -0.000639316625893, -0.00073134014383, -0.00054663431365, 0.00181588460691, 0.000576427497435, -0.000594964192715, 0.000718120660167, 0.00121491611935, -0.00305183348246, 0.0140831368044, -0.00415553757921], [3.12037227559e-005, 0.000885300512891, -0.000709980376996, -0.000346479268046, 4.76474633615e-005, 0.000474822008982, -0.00299710128456, -0.00215774588287, 0.000318747741403, 0.00160814344417, -0.000235702726059, -0.00415553757921, 0.0163458865136]]
    sccoeffs:
        dmean: [0.0440533682704, 0.0445675216615, 0.0376917943358, 0.0294302459806, 0.0194599498063, 0.0164527520537]
        dmean2: [0.0739622339606, 0.0737800225616, 0.061226863414, 0.0482704043388, 0.0319718122482, 0.0258559864014]
        dvar: [0.00144680181984, 0.00132160168141, 0.000925072818063, 0.000563175475691, 0.000281700864434, 0.000224102230277]
        dvar2: [0.00402971589938, 0.0035310627427, 0.00234903488308, 0.0014684869675, 0.00067006633617, 0.00049322261475]
        max: [-0.366344481707, -0.426676571369, -0.451563388109, -0.504625082016, -0.533332586288, -0.595550596714]
        mean: [-0.677123486996, -0.727869510651, -0.727615892887, -0.767887532711, -0.780639231205, -0.766821146011]
        median: [-0.681501448154, -0.733481526375, -0.73169106245, -0.777249097824, -0.787881374359, -0.760600090027]
        min: [-0.989534914494, -0.97340720892, -0.977047801018, -0.974315881729, -0.978979110718, -0.962027311325]
        var: [0.0058031398803, 0.0051670637913, 0.00470471289009, 0.00341992848553, 0.00231333263218, 0.00171361514367]
    scvalleys:
        dmean: [0.347174882889, 0.3343770504, 0.279616743326, 0.230593666434, 0.179867893457, 0.230525374413]
        dmean2: [0.575730681419, 0.545787751675, 0.454935967922, 0.373364686966, 0.28020247817, 0.328006476164]
        dvar: [0.0983100831509, 0.102264508605, 0.0668854266405, 0.0542000345886, 0.042769331485, 0.0782287493348]
        dvar2: [0.242267295718, 0.236244127154, 0.151852533221, 0.113558657467, 0.0761012211442, 0.144498541951]
        max: [-5.167781353, -4.76173734665, -5.59011983871, -5.72679853439, -5.4879899025, -7.42219734192]
        mean: [-7.26238393784, -6.75726604462, -7.31084680557, -7.41613388062, -7.15973472595, -9.83232021332]
        median: [-6.59335803986, -6.45446300507, -6.98939275742, -6.93586063385, -6.62066268921, -9.49564266205]
        min: [-27.1454734802, -27.2384757996, -27.3908348083, -27.321969986, -27.2737045288, -27.3057746887]
        var: [2.78848218918, 1.79260802269, 1.60420036316, 1.99350595474, 1.9990067482, 1.63602268696]

rhythm:
    beats_loudness:
        dmean: 0.00209937058389
        dmean2: 0.0038519911468
        dvar: 2.95368295156e-006
        dvar2: 9.1265892479e-006
        max: 0.0133367478848
        mean: 0.00585763528943
        median: 0.0060693314299
        min: 1.1542834466e-009
        var: 8.67858852871e-006
    bpm: 94.9395141602
    bpm_confidence: 0
    first_peak_bpm: 96
    first_peak_spread: 0.408759146929
    first_peak_weight: 0.514285743237
    onset_rate: 2.24613308907
    second_peak_bpm: 117
    second_peak_spread: 0.5
    second_peak_weight: 0.0317460335791
    beats_loudness_band_ratio:
        dmean: [0.0563796088099, 0.0882571786642, 0.0830782428384, 0.09345562011, 0.0943450257182, 0.101187296212]
        dmean2: [0.0952454060316, 0.153727591038, 0.146405786276, 0.167859151959, 0.161366075277, 0.18822029233]
        dvar: [0.0037616728805, 0.010626452975, 0.00904921907932, 0.00807473435998, 0.00867997761816, 0.00592515338212]
        dvar2: [0.0119198393077, 0.0290113985538, 0.0260243136436, 0.0233990475535, 0.0238734725863, 0.0179814212024]
        max: [0.433639496565, 0.935121953487, 0.76664429903, 0.917205274105, 0.622539818287, 0.684822261333]
        mean: [0.0989127010107, 0.152999728918, 0.142383411527, 0.155252352357, 0.234159812331, 0.247765123844]
        median: [0.0901560783386, 0.114386022091, 0.114741176367, 0.109561897814, 0.223042070866, 0.254362523556]
        min: [0.000129616950289, 0.000263809255557, 0.0212731417269, 0.010903885588, 0.00208006938919, 0.000883457774762]
        var: [0.00571440998465, 0.022874603048, 0.0105467224494, 0.0196936558932, 0.0152423558757, 0.0125201288611]
    beats_position: [0.638548731804, 1.28870749474, 1.93886613846, 2.58902478218, 3.23918366432, 3.88934230804, 4.53950119019, 5.20126962662, 5.85142850876, 6.5015873909, 7.1517457962, 7.79029464722, 8.42884349823, 9.06739234924, 9.70594120026, 10.3444900513, 10.9830379486, 11.6099767685, 12.2485256195, 12.8870744705, 13.5140132904, 14.1409521103, 14.7678909302, 15.3948297501, 16.0217685699, 16.6487064362, 17.2756462097, 17.9025840759, 18.5411338806, 19.1680717468, 19.8066215515, 20.4335594177, 21.0604991913, 21.6874370575, 22.3143768311, 22.9529247284, 23.5914726257, 24.2184123993, 24.8453502655, 25.4955101013, 26.1224479675, 26.7493877411, 27.3763256073, 28.0032653809, 28.6302032471, 29.2571430206, 29.895690918, 30.5226306915, 31.1611785889, 31.7881164551, 32.4150543213, 33.053604126, 33.6921539307, 34.3190917969, 34.9460296631, 35.572971344, 36.1999092102, 36.8384590149, 37.4770050049, 38.1039466858, 38.730884552, 39.3578224182, 39.9847602844, 40.6233100891, 41.2618598938, 41.88879776, 42.5157356262, 43.1542854309, 43.7928352356, 44.4197731018, 45.046710968, 45.6736488342, 46.3005905151, 46.9275283813, 47.5544662476, 48.1930160522, 48.8315620422, 49.4585037231, 50.0854415894, 50.7123794556, 51.3393173218, 51.9778671265, 52.6164169312, 53.2433547974, 53.8702926636, 54.4972343445, 55.1241722107, 55.7627182007, 56.4012680054, 57.0282058716, 57.6551475525, 58.2820854187, 58.9090232849, 59.5475730896, 60.1861228943, 60.8130607605, 61.4399986267, 62.0669364929, 62.7054862976, 63.3440361023, 63.9709739685, 64.5979156494, 65.2248535156, 65.8634033203, 66.4903411865, 67.1288909912, 67.7558288574, 68.3827667236, 69.0097045898, 69.6482543945, 70.2868041992, 70.9137420654, 71.5406799316, 72.1676177979, 72.7945556641, 73.4331054688, 74.0716552734, 74.6985931396, 75.3255310059, 75.9524688721, 76.5794067383, 77.217956543, 77.8565063477, 78.4834442139, 79.1103820801, 79.7373199463, 80.3642578125, 81.0028076172, 81.6413574219, 82.2682952881, 82.8952331543, 83.533782959, 84.1723327637, 84.7992706299, 85.4262084961, 86.0531539917, 86.6800918579, 87.3186416626, 87.9571838379, 88.5841217041, 89.2110671997, 89.8380050659, 90.4649429321, 91.0918807983, 91.7188186646, 92.3573684692, 92.9959182739, 93.6228561401, 94.2497940063, 94.8767318726, 95.5152816772, 96.1538314819, 96.7807693481, 97.4077072144, 98.0346450806, 98.6615829468, 99.288520813, 99.9270706177, 100.565620422, 101.192558289, 101.819496155, 102.44644165, 103.084983826, 103.711929321, 104.350471497, 104.989021301, 105.627571106, 106.277732849, 106.927886963, 107.578048706, 108.239814758, 108.878364563, 109.505302429, 110.155464172, 110.805618286, 111.444168091, 112.047889709, 112.651611328, 113.174057007, 113.696502686, 114.218955994, 114.741401672, 115.252243042, 115.763084412, 116.262313843, 116.749931335, 117.249160767, 117.725166321, 118.212783813, 118.700408936, 119.211242676, 119.722084045, 120.232925415, 120.743759155, 121.242988586, 121.742218018, 122.253059387, 122.752288818, 123.25151825, 123.890068054, 124.51700592, 125.155555725, 125.79410553, 126.432647705, 127.059593201, 127.698135376, 128.325073242, 128.963623047, 129.590560913, 130.217498779, 130.844436646, 131.471374512, 132.098312378, 132.736862183, 133.375411987, 134.002349854, 134.62928772, 135.267837524, 135.894775391, 136.533325195, 137.160263062, 137.787200928, 138.414154053, 139.041091919, 139.668029785, 140.30657959, 140.933517456, 141.572067261, 142.199005127, 142.825942993, 143.464492798, 144.091430664, 144.729980469, 145.356918335, 145.983856201, 146.610794067, 147.249343872, 147.876281738, 148.514831543, 149.141769409, 149.768707275, 150.40725708, 151.045806885, 151.672744751, 152.299682617, 152.926620483, 153.55355835, 154.180496216, 154.807434082, 155.434371948, 156.061309814, 156.699859619, 157.338409424, 157.976959229, 158.615509033, 159.242446899, 159.869384766, 160.496322632, 161.123260498, 161.761810303, 162.400360107, 163.027297974, 163.65423584, 164.281173706, 164.908111572, 165.546661377, 166.185211182, 166.812149048, 167.439086914, 168.06602478, 168.692962646, 169.319900513, 169.958450317, 170.597000122, 171.223937988, 171.850875854, 172.477813721, 173.116363525, 173.75491333, 174.381851196, 175.008789063, 175.647338867, 176.285888672, 176.912826538, 177.539764404, 178.166702271, 178.793640137, 179.420593262, 180.059127808, 180.697677612, 181.324615479, 181.951568604, 182.57850647, 183.217056274, 183.85559082, 184.482528687, 185.109481812, 185.748016357, 186.224029541, 186.688430786, 187.16444397, 187.640457153, 188.128067017, 188.615692139, 189.126525879, 189.637359619, 190.148208618, 190.693878174, 191.227935791, 191.796829224, 192.354095459, 192.911376953, 193.468658447, 194.025939941, 194.594833374, 195.163711548]
    bpm_estimates: [92.2851486206, 92.2851715088, 92.2851715088, 92.2851333618, 92.2851715088, 92.2851333618, 92.2851333618, 92.2851333618, 92.2852020264, 93.9630508423, 93.9630508423, 93.9630508423, 93.9630508423, 93.9630508423, 93.9631958008, 95.7031173706, 93.9630508423, 93.9630508423, 95.7031173706, 95.7031173706, 95.7031173706, 95.7031173706, 95.7031173706, 95.7032623291, 95.7029724121, 95.7032623291, 93.9629135132, 95.7032623291, 93.9629135132, 95.7032623291, 95.7029724121, 95.7032623291, 95.7029724121, 93.9631958008, 93.9631958008, 95.7029724121, 95.7032623291, 92.2849960327, 95.7032623291, 95.7029724121, 95.7032623291, 95.7029724121, 95.7032623291, 95.7029724121, 93.9631958008, 95.7029724121, 93.9631958008, 95.7032623291, 95.7032623291, 93.9629135132, 93.9629135132, 95.7032623291, 95.7032623291, 95.7026824951, 95.7032623291, 93.9629135132, 93.9634780884, 95.7026824951, 95.7032623291, 95.7032623291, 95.7032623291, 93.9629135132, 93.9629135132, 95.7032623291, 95.7032623291, 93.9629135132, 93.9629135132, 95.7032623291, 95.7032623291, 95.7032623291, 95.7026824951, 95.7032623291, 95.7032623291, 93.9629135132, 93.9634780884, 95.7026824951, 95.7032623291, 95.7032623291, 95.7032623291, 93.9629135132, 93.9629135132, 95.7032623291, 95.7032623291, 95.7026824951, 95.7032623291, 93.9634780884, 93.9629135132, 95.7032623291, 95.7026824951, 95.7032623291, 95.7032623291, 93.9629135132, 93.9629135132, 95.7032623291, 95.7032623291, 95.7032623291, 93.9629135132, 93.9629135132, 95.7032623291, 95.7026824951, 95.7032623291, 93.9629135132, 95.7032623291, 93.9629135132, 95.7032623291, 95.7032623291, 95.7032623291, 93.9629135132, 93.9629135132, 95.7032623291, 95.7032623291, 95.7032623291, 95.7032623291, 93.9629135132, 93.9629135132, 95.7032623291, 95.7032623291, 95.7032623291, 95.7032623291, 93.9629135132, 93.9629135132, 95.7032623291, 95.7032623291, 95.7032623291, 95.7032623291, 93.9629135132, 93.9629135132, 95.7032623291, 95.7032623291, 93.9629135132, 93.9629135132, 95.7032623291, 95.7032623291, 95.7021026611, 95.7032623291, 93.9629135132, 93.9640350342, 95.7032623291, 95.7021026611, 95.7032623291, 95.7032623291, 95.7032623291, 95.7032623291, 93.9629135132, 93.9629135132, 95.7032623291, 95.7032623291, 95.7032623291, 93.9629135132, 93.9629135132, 95.7032623291, 95.7032623291, 95.7032623291, 95.7032623291, 95.7032623291, 93.9629135132, 93.9629135132, 95.7032623291, 95.7032623291, 95.7021026611, 93.9640350342, 95.7021026611, 93.9640350342, 93.9629135132, 93.9629135132, 92.2847290039, 92.2858123779, 92.2847290039, 93.9629135132, 95.7032623291, 92.2847290039, 92.2858123779, 93.9629135132, 99.3835525513, 99.3835525513, 93.9629135132, 95.7032623291, 93.9629135132, 93.9629135132, 93.9640350342, 95.7021026611, 93.9640350342, 95.7032623291, 93.9629135132, 95.7032623291, 95.7032623291, 95.7032623291, 95.7032623291, 95.7032623291, 93.9629135132, 93.9629135132, 95.7032623291, 95.7032623291, 93.9629135132, 95.7032623291, 93.9629135132, 95.7032623291, 95.7032623291, 95.7009353638, 95.7032623291, 95.7032623291, 93.9629135132, 95.7032623291, 93.9629135132, 95.7032623291, 95.7032623291, 93.9629135132, 95.7032623291, 93.9629135132, 95.7032623291, 95.7032623291, 95.7032623291, 93.9629135132, 95.7032623291, 93.9629135132, 95.7032623291, 95.7032623291, 93.9629135132, 93.9629135132, 95.7032623291, 95.7032623291, 95.7032623291, 95.7032623291, 95.7032623291, 95.7032623291, 95.7032623291, 95.7032623291, 93.9629135132, 93.9629135132, 93.9629135132, 93.9629135132, 95.7032623291, 95.7032623291, 95.7032623291, 95.7032623291, 93.9629135132, 93.9629135132, 95.7032623291, 95.7032623291, 95.7032623291, 95.7032623291, 93.9629135132, 93.9629135132, 95.7032623291, 95.7032623291, 95.7032623291, 95.7032623291, 95.7032623291, 93.9629135132, 93.9629135132, 95.7032623291, 95.7032623291, 95.7032623291, 93.9629135132, 93.9629135132, 95.7032623291, 95.7032623291, 93.9629135132, 93.9629135132, 95.7032623291, 95.7032623291, 95.7032623291, 95.7032623291, 95.7009353638, 93.9651565552, 93.9629135132, 95.7032623291, 95.7009353638, 95.7032623291, 93.9629135132, 93.9651565552, 95.7032623291, 95.7009353638, 93.9651565552]
