
metadata:
    version:
        essentia: "2.1-beta2"
    audio_properties:
        analysis_sample_rate: 44100
        bitrate: 192
        channels: 2
        equal_loudness: 1
        length: 257.541229248
        replay_gain: -13.8242874146
        downmix: "mix"
    tags:
        album: "Fallen"
        artist: "Evanescence"
        comment: "                          "
        date: "2020"
        genre: "Autres"
        title: "imaginary"
        tracknumber: "7"

configuration:
    average_loudness:
        compute: 1
        frameSize: 88200
        hopSize: 44100
        silentFrames: "noise"
        windowType: "hann"
    general:
        analysisSampleRate: 44100
        endTime: 2000
        equalLoudness: 1
        nequalLoudness: 0
        shortSound: 0
        startTime: 0
    lowlevel:
        compute: 1
        frameSize: 2048
        hopSize: 1024
        zeroPadding: 0
        silentFrames: "noise"
        windowType: "blackmanharris62"
        mfccStats: ["mean", "cov", "icov"]
        stats: ["mean", "var", "median", "min", "max", "dmean", "dmean2", "dvar", "dvar2"]
    panning:
        compute: 0
        frameSize: 8192
        hopSize: 2048
        zeroPadding: 8192
        silentFrames: "noise"
        windowType: "hann"
        stats: ["copy"]
    rhythm:
        compute: 1
        maxTempo: 208
        minTempo: 40
        method: "degara"
        stats: ["mean", "var", "median", "min", "max", "dmean", "dmean2", "dvar", "dvar2"]
    segmentation:
        compute: 0
        cpw: 5
        inc1: 300
        inc2: 50
        minimumSegmentsLength: 10
        size1: 1000
        size2: 600
    sfx:
        compute: 1
        stats: ["mean", "var", "median", "min", "max", "dmean", "dmean2", "dvar", "dvar2"]
    svm:
        compute: 0
    tonal:
        compute: 1
        frameSize: 4096
        hopSize: 2048
        zeroPadding: 0
        silentFrames: "noise"
        windowType: "blackmanharris62"
        stats: ["mean", "var", "median", "min", "max", "dmean", "dmean2", "dvar", "dvar2"]

lowlevel:
    average_loudness: 0.832605481148
    barkbands_kurtosis:
        dmean: 0.501678466797
        dmean2: 0.815403282642
        dvar: 0.711257457733
        dvar2: 1.74707746506
        max: 20.3002567291
        mean: -0.581162512302
        median: -1.17231011391
        min: -1.85995793343
        var: 3.64879536629
    barkbands_skewness:
        dmean: 0.291626006365
        dmean2: 0.465551197529
        dvar: 0.0751193985343
        dvar2: 0.180558010936
        max: 4.33504295349
        mean: 0.132255852222
        median: -0.0461941212416
        min: -3.04863882065
        var: 0.741485059261
    barkbands_spread:
        dmean: 3.86828565598
        dmean2: 6.12884616852
        dvar: 16.0431098938
        dvar2: 37.7437744141
        max: 67.3050231934
        mean: 31.0637054443
        median: 31.9340896606
        min: 4.27381420135
        var: 84.6467056274
    dissonance:
        dmean: 0.0132896406576
        dmean2: 0.0225568246096
        dvar: 0.000170559709659
        dvar2: 0.000459888775367
        max: 0.500000059605
        mean: 0.470770835876
        median: 0.476329475641
        min: 0.301111936569
        var: 0.000460556184407
    hfc:
        dmean: 1.58949351311
        dmean2: 2.54586434364
        dvar: 4.90557575226
        dvar2: 12.3483581543
        max: 38.4678268433
        mean: 8.41907596588
        median: 8.35947132111
        min: 1.06247299806e-016
        var: 39.7403526306
    pitch:
        dmean: 609.422485352
        dmean2: 1185.61730957
        dvar: 1422267.375
        dvar2: 3817652.25
        max: 5626.74511719
        mean: 904.543579102
        median: 350.235687256
        min: 73.2015457153
        var: 1604234
    pitch_instantaneous_confidence:
        dmean: 0.0721290037036
        dmean2: 0.115666687489
        dvar: 0.0045870593749
        dvar2: 0.0104191694409
        max: 0.936106622219
        mean: 0.466047257185
        median: 0.433252632618
        min: 0.0905067920685
        var: 0.0336129106581
    pitch_salience:
        dmean: 0.0479962974787
        dmean2: 0.0784031078219
        dvar: 0.00182038126513
        dvar2: 0.00480495207012
        max: 0.913898289204
        mean: 0.609783887863
        median: 0.620466589928
        min: 0.221955612302
        var: 0.00952880457044
    silence_rate_20dB:
        dmean: 0
        dmean2: 0
        dvar: 0
        dvar2: 0
        max: 1
        mean: 1
        median: 1
        min: 1
        var: 0
    silence_rate_30dB:
        dmean: 0
        dmean2: 0
        dvar: 0
        dvar2: 0
        max: 1
        mean: 1
        median: 1
        min: 1
        var: 0
    silence_rate_60dB:
        dmean: 0.0420122593641
        dmean2: 0.0840320959687
        dvar: 0.0402514562011
        dvar2: 0.0887013152242
        max: 1
        mean: 0.36067789793
        median: 0
        min: 0
        var: 0.23059117794
    spectral_centroid:
        dmean: 202.865539551
        dmean2: 322.395629883
        dvar: 52233.0585938
        dvar2: 105952.5625
        max: 11586.5175781
        mean: 1761.01647949
        median: 1807.08447266
        min: 337.205841064
        var: 764483.5
    spectral_complexity:
        dmean: 2.6965379715
        dmean2: 4.39239025116
        dvar: 9.31899929047
        dvar2: 22.7850875854
        max: 46
        mean: 15.5690975189
        median: 16
        min: 0
        var: 99.1897735596
    spectral_crest:
        dmean: 1.55453574657
        dmean2: 2.5483019352
        dvar: 2.22418546677
        dvar2: 5.68146085739
        max: 22.2920913696
        mean: 7.29234743118
        median: 6.4033703804
        min: 2.3992729187
        var: 11.2336912155
    spectral_decrease:
        dmean: 1.95909011236e-010
        dmean2: 3.12772224786e-010
        dvar: 7.82584203803e-020
        dvar2: 2.01077357627e-019
        max: 1.34760857105e-028
        mean: -1.00258423785e-009
        median: -9.56007828457e-010
        min: -3.9070786606e-009
        var: 4.22765264384e-019
    spectral_energy:
        dmean: 0.00085580808809
        dmean2: 0.0013645660365
        dvar: 1.47940306761e-006
        dvar2: 3.78177969651e-006
        max: 0.0174931380898
        mean: 0.00454760575667
        median: 0.00438084639609
        min: 1.00296812495e-020
        var: 8.8984534159e-006
    spectral_energyband_high:
        dmean: 0.000146288410178
        dmean2: 0.000237390442635
        dvar: 4.7357566757e-008
        dvar2: 1.14870097434e-007
        max: 0.00466269208118
        mean: 0.000469014630653
        median: 0.000404930440709
        min: 7.06882217418e-021
        var: 2.21302457248e-007
    spectral_energyband_low:
        dmean: 0.000166422687471
        dmean2: 0.000278308842098
        dvar: 1.76931763463e-007
        dvar2: 4.88209877858e-007
        max: 0.00513614853844
        mean: 0.000305193796521
        median: 0.000228692690143
        min: 1.49020889483e-023
        var: 1.66653634892e-007
    spectral_energyband_middle_high:
        dmean: 0.000442752498202
        dmean2: 0.000705238257069
        dvar: 3.16059669103e-007
        dvar2: 7.91564048086e-007
        max: 0.00998110044748
        mean: 0.00224836962298
        median: 0.00212750094943
        min: 1.16006557622e-021
        var: 2.99574321616e-006
    spectral_energyband_middle_low:
        dmean: 0.000487674842589
        dmean2: 0.000790043035522
        dvar: 5.27397787664e-007
        dvar2: 1.38544623951e-006
        max: 0.0103484597057
        mean: 0.00164208235219
        median: 0.00138762569986
        min: 1.45147188008e-022
        var: 1.52603968218e-006
    spectral_flatness_db:
        dmean: 0.0122326267883
        dmean2: 0.0189671199769
        dvar: 0.000137342460221
        dvar2: 0.000303802051349
        max: 0.369714558125
        mean: 0.155934765935
        median: 0.141158118844
        min: 0.0480617694557
        var: 0.00227779219858
    spectral_flux:
        dmean: 0.00611828034744
        dmean2: 0.00960656721145
        dvar: 5.41750378034e-005
        dvar2: 0.000114261129056
        max: 0.0958847105503
        mean: 0.033532794565
        median: 0.0350670441985
        min: 6.40974218147e-011
        var: 0.000304671353661
    spectral_kurtosis:
        dmean: 1.06488966942
        dmean2: 1.81265878677
        dvar: 1.52687644958
        dvar2: 4.33618164063
        max: 20.3876972198
        mean: 3.85227775574
        median: 3.2632124424
        min: -1.26882362366
        var: 4.88298511505
    spectral_rms:
        dmean: 0.00018753366021
        dmean2: 0.000293080200208
        dvar: 5.17529699096e-008
        dvar2: 1.24132554902e-007
        max: 0.0041311592795
        mean: 0.00195552734658
        median: 0.00206736475229
        min: 3.12810736515e-012
        var: 6.12588166859e-007
    spectral_rolloff:
        dmean: 295.860778809
        dmean2: 495.53515625
        dvar: 206713.84375
        dvar2: 420466.0625
        max: 19358.3496094
        mean: 3364.84008789
        median: 3617.578125
        min: 258.3984375
        var: 2105633
    spectral_skewness:
        dmean: 0.148781597614
        dmean2: 0.245453029871
        dvar: 0.0230623912066
        dvar2: 0.0572879016399
        max: 3.19563794136
        mean: 1.40119862556
        median: 1.31897878647
        min: -0.102748341858
        var: 0.139645218849
    spectral_spread:
        dmean: 425141.125
        dmean2: 618706.6875
        dvar: 568989777920
        dvar2: 951868981248
        max: 42470208
        mean: 4788735.5
        median: 4452394.5
        min: 1880953.75
        var: 8.51327424922e+012
    spectral_strongpeak:
        dmean: 0.485108137131
        dmean2: 0.849561572075
        dvar: 0.724323570728
        dvar2: 1.94800043106
        max: 9.35228919983
        mean: 0.889336109161
        median: 0.46989941597
        min: 7.44903583261e-011
        var: 1.39377868176
    zerocrossingrate:
        dmean: 0.00675088865682
        dmean2: 0.00830558035523
        dvar: 6.19768179604e-005
        dvar2: 7.00757082086e-005
        max: 0.52099609375
        mean: 0.0993761271238
        median: 0.10302734375
        min: 0.01708984375
        var: 0.00156619702466
    barkbands:
        dmean: [2.3391046966e-007, 4.97727742186e-005, 0.000100831399322, 8.88496288098e-005, 0.000140361153171, 0.0002331269352, 0.000116841620184, 4.96421780554e-005, 0.000134947666083, 6.20510181761e-005, 7.34107816243e-005, 4.21432741859e-005, 4.35622459918e-005, 6.14721357124e-005, 7.17237053323e-005, 0.000110607747047, 0.000110289358418, 0.000127225284814, 0.000172466548975, 0.000177557070856, 5.87749891565e-005, 1.63470795087e-005, 3.53122891283e-006, 2.04661978387e-006, 1.09881352728e-006, 4.95321117455e-008, 4.06904260286e-010]
        dmean2: [3.74210287646e-007, 8.01683563623e-005, 0.000173982232809, 0.000148924751556, 0.000228813863941, 0.000381958729122, 0.000195022294065, 8.00430207164e-005, 0.000208939163713, 9.60611141636e-005, 0.000110572917038, 6.61269950797e-005, 7.0318710641e-005, 9.80151453405e-005, 0.000114501526696, 0.000183068492333, 0.000184509975952, 0.000209240621189, 0.000288283918053, 0.000289475981845, 9.78134630714e-005, 2.7377567676e-005, 5.6186177062e-006, 3.19405376104e-006, 1.67884093116e-006, 7.78880036023e-008, 6.68534005932e-010]
        dvar: [4.08574812438e-013, 1.45490330894e-008, 7.62757750294e-008, 2.75372507019e-008, 8.0248867107e-008, 1.29758888079e-007, 6.55530385529e-008, 1.27989210341e-008, 6.06271157721e-008, 1.77157755132e-008, 2.45470133109e-008, 1.26479955398e-008, 7.03256786139e-009, 1.2466154331e-008, 1.93367881707e-008, 3.67062362727e-008, 2.37487736143e-008, 3.03474685381e-008, 6.07386212437e-008, 5.80189052357e-008, 8.81311557066e-009, 1.05440400855e-009, 5.29809147942e-011, 2.60795759988e-011, 6.10973467999e-012, 1.55352822078e-014, 9.47163160404e-019]
        dvar2: [9.95952560874e-013, 3.74489630417e-008, 2.18674983898e-007, 7.59103997439e-008, 2.1023427621e-007, 3.38464815286e-007, 1.74070208914e-007, 3.39110073355e-008, 1.4853212349e-007, 4.21999075684e-008, 4.76448214215e-008, 2.91760535731e-008, 1.69197473809e-008, 3.03779366106e-008, 4.43271410688e-008, 9.3700606385e-008, 6.26073841659e-008, 7.73743238369e-008, 1.63767708727e-007, 1.46075961993e-007, 2.20602149881e-008, 2.86841683739e-009, 1.15327268568e-010, 5.5337425614e-011, 1.26108160373e-011, 3.81896222274e-014, 1.87666932345e-018]
        max: [6.92875210007e-006, 0.00162957480643, 0.00360998045653, 0.00282196956687, 0.00542287854478, 0.0089961392805, 0.00472636288032, 0.00228549027815, 0.00664922222495, 0.00314706377685, 0.00436306977645, 0.00420805905014, 0.00190211180598, 0.00266339234076, 0.00329405511729, 0.00414160685614, 0.00325007434003, 0.00289409025572, 0.00558873219416, 0.00402462948114, 0.00250130821951, 0.000883324653842, 0.000228883771342, 0.000192517487449, 6.49758876534e-005, 3.20841809298e-006, 3.22776045891e-008]
        mean: [2.67665484444e-007, 8.61472290126e-005, 0.000144004719914, 0.000148774357513, 0.000280141481198, 0.000553975754883, 0.000195840417291, 8.05293166195e-005, 0.000315880315611, 0.000127806866658, 0.000191052226, 8.68110873853e-005, 8.1239209976e-005, 0.000125310791191, 0.00014044479758, 0.000229058699915, 0.000265629205387, 0.000299309642287, 0.00047650714987, 0.000512615952175, 0.000152446387801, 3.78380391339e-005, 8.20658897283e-006, 5.21951869814e-006, 2.47920320362e-006, 8.1335386426e-008, 5.18615872469e-010]
        median: [4.62261766643e-008, 6.33551899227e-005, 6.34520256426e-005, 7.66876037233e-005, 0.000162182550412, 0.000308109418256, 0.00011424915283, 3.37099299941e-005, 0.000152693144628, 4.50739207736e-005, 4.61849413114e-005, 3.62200335076e-005, 4.34848116129e-005, 6.50581714581e-005, 7.21126853023e-005, 0.000162289798027, 0.000195084605366, 0.000233698257944, 0.000383851176593, 0.000403540267143, 0.000126570725115, 2.88994906441e-005, 5.1117917792e-006, 3.488070206e-006, 1.4105472701e-006, 2.80750249715e-008, 1.52157439426e-010]
        min: [1.0968158091e-025, 2.51652939653e-024, 1.6195882364e-024, 1.15490617031e-024, 3.41988715125e-024, 5.78950777026e-024, 1.18933663561e-023, 9.81050614243e-024, 1.80170324503e-023, 1.12870849408e-023, 1.67471714968e-023, 4.02432594524e-023, 4.07300528953e-023, 3.1041310589e-023, 2.72528502679e-023, 4.00434252079e-023, 9.37696806822e-023, 1.22859570273e-022, 1.3155439517e-022, 1.89415676494e-022, 2.67781144062e-022, 3.1127078071e-022, 4.04934545771e-022, 5.41083001796e-022, 9.53939276156e-022, 1.33448204079e-021, 2.11233615282e-021]
        var: [4.2523734642e-013, 1.53180224061e-008, 6.31500469694e-008, 3.91494765495e-008, 1.55690429438e-007, 5.04617503339e-007, 8.25926420589e-008, 1.94453591007e-008, 1.85790483442e-007, 5.51321299724e-008, 2.2342949535e-007, 3.10202921128e-008, 1.96099154692e-008, 3.30014202632e-008, 5.18681062545e-008, 8.6864702098e-008, 8.83981954303e-008, 9.40978424069e-008, 2.38650244455e-007, 2.67591502734e-007, 2.65894932738e-008, 2.08345674046e-009, 1.4345374888e-010, 7.55886395143e-011, 1.64910307632e-011, 2.28656628815e-014, 2.52429280646e-018]
    frequency_bands:
        dmean: [2.3391046966e-007, 4.97727742186e-005, 0.000100831399322, 8.88496288098e-005, 0.000140361153171, 0.0002331269352, 0.000116841620184, 4.96421780554e-005, 0.000134947666083, 6.20510181761e-005, 7.34107816243e-005, 4.21432741859e-005, 4.35622459918e-005, 6.14721357124e-005, 7.17237053323e-005, 0.000110607747047, 0.000110289358418, 0.000127225284814, 0.000172466548975, 0.000177557070856, 5.87749891565e-005, 1.63470795087e-005, 3.53122891283e-006, 2.04661978387e-006, 1.09881352728e-006, 4.95321117455e-008, 4.06904260286e-010, 5.28105233155e-011]
        dmean2: [3.74210287646e-007, 8.01683563623e-005, 0.000173982232809, 0.000148924751556, 0.000228813863941, 0.000381958729122, 0.000195022294065, 8.00430207164e-005, 0.000208939163713, 9.60611141636e-005, 0.000110572917038, 6.61269950797e-005, 7.0318710641e-005, 9.80151453405e-005, 0.000114501526696, 0.000183068492333, 0.000184509975952, 0.000209240621189, 0.000288283918053, 0.000289475981845, 9.78134630714e-005, 2.7377567676e-005, 5.6186177062e-006, 3.19405376104e-006, 1.67884093116e-006, 7.78880036023e-008, 6.68534005932e-010, 9.84876624699e-011]
        dvar: [4.08574812438e-013, 1.45490330894e-008, 7.62757750294e-008, 2.75372507019e-008, 8.0248867107e-008, 1.29758888079e-007, 6.55530385529e-008, 1.27989210341e-008, 6.06271157721e-008, 1.77157755132e-008, 2.45470133109e-008, 1.26479955398e-008, 7.03256786139e-009, 1.2466154331e-008, 1.93367881707e-008, 3.67062362727e-008, 2.37487736143e-008, 3.03474685381e-008, 6.07386212437e-008, 5.80189052357e-008, 8.81311557066e-009, 1.05440400855e-009, 5.29809147942e-011, 2.60795759988e-011, 6.10973467999e-012, 1.55352822078e-014, 9.47163160404e-019, 6.69814065048e-021]
        dvar2: [9.95952560874e-013, 3.74489630417e-008, 2.18674983898e-007, 7.59103997439e-008, 2.1023427621e-007, 3.38464815286e-007, 1.74070208914e-007, 3.39110073355e-008, 1.4853212349e-007, 4.21999075684e-008, 4.76448214215e-008, 2.91760535731e-008, 1.69197473809e-008, 3.03779366106e-008, 4.43271410688e-008, 9.3700606385e-008, 6.26073841659e-008, 7.73743238369e-008, 1.63767708727e-007, 1.46075961993e-007, 2.20602149881e-008, 2.86841683739e-009, 1.15327268568e-010, 5.5337425614e-011, 1.26108160373e-011, 3.81896222274e-014, 1.87666932345e-018, 2.14733712106e-020]
        max: [6.92875210007e-006, 0.00162957480643, 0.00360998045653, 0.00282196956687, 0.00542287854478, 0.0089961392805, 0.00472636288032, 0.00228549027815, 0.00664922222495, 0.00314706377685, 0.00436306977645, 0.00420805905014, 0.00190211180598, 0.00266339234076, 0.00329405511729, 0.00414160685614, 0.00325007434003, 0.00289409025572, 0.00558873219416, 0.00402462948114, 0.00250130821951, 0.000883324653842, 0.000228883771342, 0.000192517487449, 6.49758876534e-005, 3.20841809298e-006, 3.22776045891e-008, 1.19586118785e-009]
        mean: [2.67665484444e-007, 8.61472290126e-005, 0.000144004719914, 0.000148774357513, 0.000280141481198, 0.000553975754883, 0.000195840417291, 8.05293166195e-005, 0.000315880315611, 0.000127806866658, 0.000191052226, 8.68110873853e-005, 8.1239209976e-005, 0.000125310791191, 0.00014044479758, 0.000229058699915, 0.000265629205387, 0.000299309642287, 0.00047650714987, 0.000512615952175, 0.000152446387801, 3.78380391339e-005, 8.20658897283e-006, 5.21951869814e-006, 2.47920320362e-006, 8.1335386426e-008, 5.18615872469e-010, 4.07256693646e-011]
        median: [4.62261766643e-008, 6.33551899227e-005, 6.34520256426e-005, 7.66876037233e-005, 0.000162182550412, 0.000308109418256, 0.00011424915283, 3.37099299941e-005, 0.000152693144628, 4.50739207736e-005, 4.61849413114e-005, 3.62200335076e-005, 4.34848116129e-005, 6.50581714581e-005, 7.21126853023e-005, 0.000162289798027, 0.000195084605366, 0.000233698257944, 0.000383851176593, 0.000403540267143, 0.000126570725115, 2.88994906441e-005, 5.1117917792e-006, 3.488070206e-006, 1.4105472701e-006, 2.80750249715e-008, 1.52157439426e-010, 1.30109013841e-011]
        min: [1.0968158091e-025, 2.51652939653e-024, 1.6195882364e-024, 1.15490617031e-024, 3.41988715125e-024, 5.78950777026e-024, 1.18933663561e-023, 9.81050614243e-024, 1.80170324503e-023, 1.12870849408e-023, 1.67471714968e-023, 4.02432594524e-023, 4.07300528953e-023, 3.1041310589e-023, 2.72528502679e-023, 4.00434252079e-023, 9.37696806822e-023, 1.22859570273e-022, 1.3155439517e-022, 1.89415676494e-022, 2.67781144062e-022, 3.1127078071e-022, 4.04934545771e-022, 5.41083001796e-022, 9.53939276156e-022, 1.33448204079e-021, 2.11233615282e-021, 5.01128017362e-022]
        var: [4.2523734642e-013, 1.53180224061e-008, 6.31500469694e-008, 3.91494765495e-008, 1.55690429438e-007, 5.04617503339e-007, 8.25926420589e-008, 1.94453591007e-008, 1.85790483442e-007, 5.51321299724e-008, 2.2342949535e-007, 3.10202921128e-008, 1.96099154692e-008, 3.30014202632e-008, 5.18681062545e-008, 8.6864702098e-008, 8.83981954303e-008, 9.40978424069e-008, 2.38650244455e-007, 2.67591502734e-007, 2.65894932738e-008, 2.08345674046e-009, 1.4345374888e-010, 7.55886395143e-011, 1.64910307632e-011, 2.28656628815e-014, 2.52429280646e-018, 5.22347310435e-021]
    mfcc:
        mean: [-719.904174805, 101.329704285, -51.4772491455, 45.2272758484, -15.5413665771, -16.460609436, -0.879292905331, -10.5944519043, -5.30162906647, -3.54216122627, -10.1541671753, -4.38593959808, -2.34594249725]
        cov: [[7940.99951172, 195.870925903, 179.888336182, 1077.72888184, 97.8429946899, 506.905059814, 253.822662354, 247.129211426, 383.800354004, 249.243392944, 182.150238037, 17.3404750824, -4.07912254333], [195.870925903, 811.668701172, -2.94863343239, 170.841247559, 98.3517532349, -36.1845283508, 24.2185668945, -80.3733444214, -59.1222610474, -45.1550979614, -76.3371582031, -10.3081102371, -46.8785514832], [179.888336182, -2.94863343239, 636.07043457, 163.479888916, 220.065841675, 223.075973511, 34.5355758667, 80.393661499, 55.6177253723, 8.61949443817, 49.5370254517, 20.5239582062, -13.0934467316], [1077.72888184, 170.841247559, 163.479888916, 441.405883789, 153.066421509, 177.98059082, 74.9611816406, 71.7720794678, 116.950187683, 21.6139812469, 29.9370880127, 14.0330696106, 9.70847320557], [97.8429946899, 98.3517532349, 220.065841675, 153.066421509, 232.783111572, 103.298561096, 51.2680549622, 38.3700294495, 55.9358024597, 26.9285774231, -4.9377784729, 32.2786483765, -0.996452629566], [506.905059814, -36.1845283508, 223.075973511, 177.98059082, 103.298561096, 257.579986572, 100.838859558, 103.667770386, 106.503143311, 13.8621768951, 61.4584617615, 6.40294599533, 11.1110134125], [253.822662354, 24.2185668945, 34.5355758667, 74.9611816406, 51.2680549622, 100.838859558, 219.885665894, 82.5008926392, 66.3271408081, 58.5289497375, 21.1394634247, 26.3222866058, 11.7456865311], [247.129211426, -80.3733444214, 80.393661499, 71.7720794678, 38.3700294495, 103.667770386, 82.5008926392, 128.893203735, 88.4680633545, 24.4364776611, 29.7962265015, 10.2465991974, 17.8285274506], [383.800354004, -59.1222610474, 55.6177253723, 116.950187683, 55.9358024597, 106.503143311, 66.3271408081, 88.4680633545, 158.000076294, 40.4950790405, 43.0747642517, 17.6127738953, 19.3636512756], [249.243392944, -45.1550979614, 8.61949443817, 21.6139812469, 26.9285774231, 13.8621768951, 58.5289497375, 24.4364776611, 40.4950790405, 122.822402954, 25.7141265869, 29.4947490692, -2.23453736305], [182.150238037, -76.3371582031, 49.5370254517, 29.9370880127, -4.9377784729, 61.4584617615, 21.1394634247, 29.7962265015, 43.0747642517, 25.7141265869, 108.288848877, 19.2550563812, 14.4633388519], [17.3404750824, -10.3081102371, 20.5239582062, 14.0330696106, 32.2786483765, 6.40294599533, 26.3222866058, 10.2465991974, 17.6127738953, 29.4947490692, 19.2550563812, 89.1320114136, 31.290304184], [-4.07912254333, -46.8785514832, -13.0934467316, 9.70847320557, -0.996452629566, 11.1110134125, 11.7456865311, 17.8285274506, 19.3636512756, -2.23453736305, 14.4633388519, 31.290304184, 74.5280685425]]
        icov: [[0.00023184978636, -1.74342112587e-005, 3.02415191982e-005, -0.000608446076512, 0.000428836996434, -0.000211198072066, 7.76720989961e-005, -4.07318984799e-005, -4.73161890113e-005, -0.000453054963145, -2.21489494834e-006, 1.04499474674e-006, 0.00011972001812], [-1.74342112587e-005, 0.00191671401262, 0.000122769983136, -0.00102851795964, -0.000720354903024, 0.00064101035241, -0.000954757735599, 0.00126433814876, 0.000498918408994, 0.000986718689092, 0.000517719076015, -0.000168456332176, 0.000973250600509], [3.02415191982e-005, 0.000122769983136, 0.00334126758389, 0.00017890316667, -0.00266554765403, -0.00245745666325, 0.00111614679918, -0.0010846897494, 0.00155451055616, 2.92555887427e-005, -0.000885887944605, -0.000313956727041, 0.000957609619945], [-0.000608446076512, -0.00102851795964, 0.00017890316667, 0.00597770186141, -0.00250359508209, -0.0017024386907, 0.000397152907681, 6.42869999865e-005, -0.00165190023836, 0.000806517433375, -0.000148456441821, 0.000345836539054, -0.000948156462982], [0.000428836996434, -0.000720354903024, -0.00266554765403, -0.00250359508209, 0.0100572695956, -0.00100851792376, -0.000253026635619, 0.00085580162704, -0.00187169224955, -0.00207875692286, 0.00315818144009, -0.00252373632975, 0.00041883366066], [-0.000211198072066, 0.00064101035241, -0.00245745666325, -0.0017024386907, -0.00100851792376, 0.0117051964626, -0.00318586803041, -0.00229794252664, -0.0021081592422, 0.00293988757767, -0.00321315973997, 0.00182799797039, -3.31070987158e-005], [7.76720989961e-005, -0.000954757735599, 0.00111614679918, 0.000397152907681, -0.000253026635619, -0.00318586803041, 0.00806765630841, -0.00409250380471, 0.000751383486204, -0.00339167797938, 0.000660503341351, -0.00112646294292, -0.000224978197366], [-4.07318984799e-005, 0.00126433814876, -0.0010846897494, 6.42869999865e-005, 0.00085580162704, -0.00229794252664, -0.00409250380471, 0.0175995733589, -0.00640944205225, 0.000810709956568, 0.00116516882554, 0.000687062682118, -0.00144202203956], [-4.73161890113e-005, 0.000498918408994, 0.00155451055616, -0.00165190023836, -0.00187169224955, -0.0021081592422, 0.000751383486204, -0.00640944205225, 0.0138484584168, -0.00213153730147, -0.00199209456332, -1.95252796402e-005, -0.000763543241192], [-0.000453054963145, 0.000986718689092, 2.92555887427e-005, 0.000806517433375, -0.00207875692286, 0.00293988757767, -0.00339167797938, 0.000810709956568, -0.00213153730147, 0.0127494893968, -0.00216814223677, -0.00283500109799, 0.0029175367672], [-2.21489494834e-006, 0.000517719076015, -0.000885887944605, -0.000148456441821, 0.00315818144009, -0.00321315973997, 0.000660503341351, 0.00116516882554, -0.00199209456332, -0.00216814223677, 0.0134185338393, -0.00246495101601, -0.000788942095824], [1.04499474674e-006, -0.000168456332176, -0.000313956727041, 0.000345836539054, -0.00252373632975, 0.00182799797039, -0.00112646294292, 0.000687062682118, -1.95252796402e-005, -0.00283500109799, -0.00246495101601, 0.0161429587752, -0.00687832804397], [0.00011972001812, 0.000973250600509, 0.000957609619945, -0.000948156462982, 0.00041883366066, -3.31070987158e-005, -0.000224978197366, -0.00144202203956, -0.000763543241192, 0.0029175367672, -0.000788942095824, -0.00687832804397, 0.0180459972471]]
    sccoeffs:
        dmean: [0.0428028255701, 0.043315898627, 0.0355239696801, 0.0291974525899, 0.0207806471735, 0.0166520867497]
        dmean2: [0.0711512565613, 0.0719930380583, 0.0567966103554, 0.0473970547318, 0.0333422645926, 0.0266290586442]
        dvar: [0.00139918841887, 0.00127835571766, 0.000808522687294, 0.000576844613533, 0.000336405821145, 0.000252609985182]
        dvar2: [0.00382498395629, 0.00350516568869, 0.00204167515039, 0.00145432213321, 0.000781790236942, 0.000570102653001]
        max: [-0.329151511192, -0.450310021639, -0.459989160299, -0.516803205013, -0.527786433697, -0.620476603508]
        mean: [-0.661191821098, -0.699623823166, -0.726315140724, -0.764158904552, -0.770474433899, -0.764436006546]
        median: [-0.667815566063, -0.703045129776, -0.731494426727, -0.773428142071, -0.781089127064, -0.758533775806]
        min: [-0.983298242092, -0.974588155746, -0.979462563992, -0.972546458244, -0.968978524208, -0.96334695816]
        var: [0.00737237278372, 0.00607604673132, 0.00551628973335, 0.00370219885372, 0.0028344001621, 0.00204022228718]
    scvalleys:
        dmean: [0.357769817114, 0.319903880358, 0.270509213209, 0.236295521259, 0.192766264081, 0.23534566164]
        dmean2: [0.58515971899, 0.516998171806, 0.438535481691, 0.376077651978, 0.297531664371, 0.335764378309]
        dvar: [0.123407751322, 0.111161023378, 0.0830960422754, 0.0813765153289, 0.0785347148776, 0.113920763135]
        dvar2: [0.262271106243, 0.227278590202, 0.159929305315, 0.141099497676, 0.130134314299, 0.203027069569]
        max: [-5.21122932434, -4.54140853882, -5.51861810684, -5.69891691208, -5.61860227585, -7.63400220871]
        mean: [-7.57358312607, -6.96195602417, -7.42040157318, -7.63428592682, -7.35602045059, -10.0095262527]
        median: [-6.85323762894, -6.62752103806, -7.11338329315, -7.09151792526, -6.66725921631, -9.4170665741]
        min: [-28.0249996185, -27.7346515656, -27.8590698242, -27.7726325989, -27.6242961884, -27.4325313568]
        var: [4.67235088348, 3.3490395546, 3.03099513054, 3.25091910362, 3.51027965546, 3.39206767082]

rhythm:
    beats_loudness:
        dmean: 0.00162851379719
        dmean2: 0.00284920143895
        dvar: 2.23464735427e-006
        dvar2: 7.0822447924e-006
        max: 0.0142569774762
        mean: 0.00512025132775
        median: 0.00522950291634
        min: 0
        var: 9.09516802494e-006
    bpm: 150.121795654
    bpm_confidence: 0
    first_peak_bpm: 152
    first_peak_spread: 0.432291686535
    first_peak_weight: 0.516587674618
    onset_rate: 2.35690426826
    second_peak_bpm: 144
    second_peak_spread: 0.216216206551
    second_peak_weight: 0.0458135865629
    beats_loudness_band_ratio:
        dmean: [0.0677959695458, 0.107436351478, 0.0838694274426, 0.0684461444616, 0.0797662809491, 0.0783228576183]
        dmean2: [0.119142353535, 0.184359520674, 0.144631668925, 0.114698976278, 0.13380022347, 0.136501923203]
        dvar: [0.00617723260075, 0.0127503285185, 0.0071164383553, 0.00599202187732, 0.00554904015735, 0.00505292788148]
        dvar2: [0.0178024880588, 0.0341216921806, 0.0201822537929, 0.0156932044774, 0.014625383541, 0.0135202575475]
        max: [0.682262122631, 0.834160029888, 0.711240530014, 0.669185161591, 0.663094520569, 0.739493429661]
        mean: [0.104219697416, 0.209347099066, 0.170688539743, 0.121796891093, 0.212951883674, 0.219006672502]
        median: [0.0870801359415, 0.152114510536, 0.139612317085, 0.0882527083158, 0.206329703331, 0.228500843048]
        min: [0, 0, 0, 0, 0, 0]
        var: [0.00845737569034, 0.0306222364306, 0.0161367822438, 0.0105928769335, 0.0107439327985, 0.0131102362648]
    beats_position: [0.406349211931, 0.824308395386, 1.24226760864, 1.66022670269, 2.07818579674, 2.49614500999, 2.91410422325, 3.32045340538, 3.73841261864, 4.15637159348, 4.57433080673, 4.98067998886, 5.39863920212, 5.80498838425, 6.21133756638, 6.62929677963, 7.04725599289, 7.45360517502, 7.85995435715, 8.26630401611, 8.67265319824, 9.10222244263, 9.52018165588, 9.93814086914, 10.3560991287, 10.774058342, 11.2036275864, 11.6331968307, 12.0627660751, 12.4923353195, 12.9102945328, 13.3166437149, 13.722992897, 14.117732048, 14.512471199, 14.9188203812, 15.3251695633, 15.7315187454, 16.1262588501, 16.5326080322, 16.9273471832, 17.3336963654, 17.7400455475, 18.1347846985, 18.5295238495, 18.9242630005, 19.3190021515, 19.7137413025, 20.1200904846, 20.5264396667, 20.9211788177, 21.3159179688, 21.7106571198, 22.1170063019, 22.523355484, 22.918094635, 23.312833786, 23.7191829681, 24.1255321503, 24.5202713013, 24.9150104523, 25.3097496033, 25.7044887543, 26.1108379364, 26.5171871185, 26.9119262695, 27.3066654205, 27.7130146027, 28.1193637848, 28.5141029358, 28.9088420868, 29.3151912689, 29.7099323273, 30.1046714783, 30.5110206604, 30.9057598114, 31.3004989624, 31.7068481445, 32.1131973267, 32.5195465088, 32.9142837524, 33.3206329346, 33.7153739929, 34.1101112366, 34.5048522949, 34.8995895386, 35.2943305969, 35.7006797791, 36.1070289612, 36.5017662048, 36.8965072632, 37.3028564453, 37.6975975037, 38.0923347473, 38.4986839294, 38.9050331116, 39.3113822937, 39.7061233521, 40.1008605957, 40.4956016541, 40.8903388977, 41.2850799561, 41.6798171997, 42.0861663818, 42.492515564, 42.8988647461, 43.3052139282, 43.6999549866, 44.0946922302, 44.4894332886, 44.8841705322, 45.2905197144, 45.6968688965, 46.0916099548, 46.4863471985, 46.8926963806, 47.2990455627, 47.6937866211, 48.0885238647, 48.4948730469, 48.901222229, 49.2959632874, 49.690700531, 50.0970497131, 50.5033988953, 50.8981399536, 51.2928771973, 51.6876182556, 52.0823554993, 52.4770965576, 52.871837616, 53.2781867981, 53.6845359802, 54.0908851624, 54.4972343445, 54.8919715881, 55.2867126465, 55.6814498901, 56.0761909485, 56.4825401306, 56.8888893127, 57.2836265564, 57.6783676147, 58.0847167969, 58.491065979, 58.8974151611, 59.3037643433, 59.6985015869, 60.0932426453, 60.4879798889, 60.8827209473, 61.2774581909, 61.6721992493, 62.0669364929, 62.473285675, 62.8796348572, 63.2743759155, 63.6807250977, 64.0870742798, 64.4818115234, 64.8765487671, 65.2828979492, 65.6776428223, 66.0839920044, 66.478729248, 66.8850784302, 67.2914276123, 67.686164856, 68.0809020996, 68.4756469727, 68.8703842163, 69.2767333984, 69.6830825806, 70.0778198242, 70.4725646973, 70.8789138794, 71.2852630615, 71.6800003052, 72.0747375488, 72.4694747925, 72.8642196655, 73.2705688477, 73.6769180298, 74.0716552734, 74.4663925171, 74.8611297607, 75.2558746338, 75.6622238159, 76.068572998, 76.4749221802, 76.8696594238, 77.276008606, 77.6707458496, 78.0654830933, 78.4602279663, 78.8665771484, 79.2729263306, 79.6676635742, 80.0624008179, 80.4571380615, 80.8518829346, 81.2582321167, 81.6529693604, 82.047706604, 82.4540557861, 82.8604049683, 83.2667541504, 83.661491394, 84.0562362671, 84.4509735107, 84.8573226929, 85.263671875, 85.6584091187, 86.0531539917, 86.4595031738, 86.865852356, 87.2605895996, 87.6553268433, 88.0616760254, 88.4680252075, 88.8627624512, 89.2575073242, 89.6522445679, 90.05859375, 90.4649429321, 90.8596801758, 91.2544174194, 91.6607666016, 92.0671157837, 92.4618606567, 92.8565979004, 93.251335144, 93.6460723877, 94.0408172607, 94.4355545044, 94.8419036865, 95.2482528687, 95.6429901123, 96.0493392944, 96.4556884766, 96.8504257202, 97.2451705933, 97.6399078369, 98.046257019, 98.4526062012, 98.8473434448, 99.253692627, 99.6600418091, 100.054779053, 100.449523926, 100.844261169, 101.238998413, 101.645347595, 102.051696777, 102.44644165, 102.841178894, 103.235916138, 103.64226532, 104.037002563, 104.443351746, 104.838096619, 105.232833862, 105.639183044, 106.045532227, 106.44026947, 106.835006714, 107.241355896, 107.647705078, 108.042449951, 108.437187195, 108.831924438, 109.238273621, 109.644622803, 110.039360046, 110.434104919, 110.828842163, 111.235191345, 111.641540527, 112.036277771, 112.431015015, 112.825759888, 113.220497131, 113.615234375, 114.021583557, 114.427932739, 114.834281921, 115.240631104, 115.635368347, 116.03011322, 116.424850464, 116.831199646, 117.237548828, 117.632286072, 118.027030945, 118.421768188, 118.828117371, 119.234466553, 119.640815735, 120.035552979, 120.441902161, 120.836639404, 121.231384277, 121.626121521, 122.020858765, 122.427207947, 122.82194519, 123.228294373, 123.623039246, 124.017776489, 124.424125671, 124.830474854, 125.225212097, 125.619949341, 126.014694214, 126.409431458, 126.81578064, 127.222129822, 127.616867065, 128.011611938, 128.417953491, 128.824310303, 129.219039917, 129.625396729, 130.020126343, 130.426483154, 130.821228027, 131.215957642, 131.610702515, 132.005432129, 132.400177002, 132.806533813, 133.212875366, 133.607620239, 134.002349854, 134.397094727, 134.803451538, 135.209793091, 135.604537964, 135.999267578, 136.394012451, 136.788757324, 137.183486938, 137.58984375, 137.996185303, 138.390930176, 138.78565979, 139.192016602, 139.598358154, 139.993103027, 140.3878479, 140.782577515, 141.188934326, 141.595275879, 141.990020752, 142.384765625, 142.779495239, 143.185852051, 143.592193604, 143.986938477, 144.393280029, 144.799636841, 145.194366455, 145.589111328, 145.99546814, 146.401809692, 146.796554565, 147.202896118, 147.60925293, 148.003982544, 148.398727417, 148.79347229, 149.188201904, 149.582946777, 149.97769165, 150.384033203, 150.790390015, 151.185119629, 151.59147644, 151.997817993, 152.392562866, 152.78729248, 153.182037354, 153.576782227, 153.983123779, 154.377868652, 154.784210205, 155.178955078, 155.573699951, 155.968429565, 156.374786377, 156.78112793, 157.175872803, 157.582214355, 157.988571167, 158.383300781, 158.778045654, 159.184402466, 159.590744019, 159.985488892, 160.380218506, 160.786575317, 161.181304932, 161.576049805, 161.982406616, 162.37713623, 162.771881104, 163.166610718, 163.561355591, 163.956100464, 164.362442017, 164.768798828, 165.175140381, 165.581497192, 165.976226807, 166.37097168, 166.777328491, 167.183670044, 167.590026855, 167.98475647, 168.391113281, 168.785842896, 169.180587769, 169.586929321, 169.993286133, 170.388031006, 170.78276062, 171.189117432, 171.595458984, 171.990203857, 172.384933472, 172.779678345, 173.186035156, 173.580764771, 173.975509644, 174.381851196, 174.788208008, 175.194549561, 175.589294434, 175.984039307, 176.378768921, 176.773513794, 177.168243408, 177.57460022, 177.980941772, 178.375686646, 178.770431519, 179.176773071, 179.583129883, 179.977859497, 180.37260437, 180.767349243, 181.173690796, 181.580047607, 181.974777222, 182.369522095, 182.764266968, 183.158996582, 183.565353394, 183.960083008, 184.366439819, 184.761169434, 185.155914307, 185.562271118, 185.957000732, 186.363357544, 186.769699097, 187.176055908, 187.570785522, 187.965530396, 188.360275269, 188.755004883, 189.161361694, 189.567703247, 189.96244812, 190.357177734, 190.751922607, 191.158279419, 191.564620972, 191.959365845, 192.354095459, 192.760452271, 193.166793823, 193.561538696, 193.956283569, 194.351013184, 194.745758057, 195.140487671, 195.546844482, 195.953201294, 196.347930908, 196.75428772, 197.149017334, 197.555374146, 197.95010376, 198.36807251, 198.762802124, 199.157546997, 199.563903809, 199.958633423, 200.364990234, 200.759719849, 201.154464722, 201.549209595, 201.955551147, 202.350296021, 202.756637573, 203.151382446, 203.546112061, 203.940856934, 204.347213745, 204.753555298, 205.148300171, 205.543029785, 205.949386597, 206.344116211, 206.750473022, 207.145217896, 207.53994751, 207.934692383, 208.341033936, 208.747390747, 209.142120361, 209.536865234, 209.931610107, 210.33795166, 210.744308472, 211.139038086, 211.533782959, 211.928527832, 212.323257446, 212.729614258, 213.135955811, 213.530700684, 213.925445557, 214.331787109, 214.738143921, 215.132873535, 215.539230347, 215.945571899, 216.340316772, 216.735046387, 217.141403198, 217.547744751, 217.942489624, 218.337234497, 218.731964111, 219.126708984, 219.521453857, 219.92779541, 220.334152222, 220.728881836, 221.135238647, 221.529968262, 221.936325073, 222.331054688, 222.725799561, 223.120544434, 223.515274048, 223.910018921, 224.316360474, 224.722717285, 225.117462158, 225.523803711, 225.930160522, 226.324890137, 226.71963501, 227.114364624, 227.520721436, 227.927078247, 228.3334198, 228.739776611, 229.134506226, 229.529251099, 229.923980713, 230.318725586, 230.713470459, 231.108200073, 231.502944946, 231.909286499, 232.315643311, 232.710388184, 233.105117798, 233.499862671, 233.906204224, 234.312561035, 234.707290649, 235.102035522, 235.508392334, 235.914733887, 236.30947876, 236.715820313, 237.122177124, 237.528518677, 238.00453186, 238.480545044, 238.956542969, 239.374511719, 239.79246521, 240.198822021, 240.605163574, 241.023132324, 241.441085815, 241.859039307, 242.277008057, 242.694961548, 243.101318359, 243.519271851, 243.937225342, 244.355194092, 244.773147583, 245.179489136, 245.574234009, 245.968978882, 246.363708496, 246.793289185, 247.222854614, 247.664031982, 248.093597412, 248.581222534, 249.080444336, 249.579681396, 250.078903198, 250.56652832, 251.065750122, 251.564987183, 252.064208984, 252.575057983, 253.132324219, 253.689605713, 254.316543579, 254.943481445, 255.570419312, 256.197357178, 256.835906982]
