
metadata:
    version:
        essentia: "2.1-beta2"
    audio_properties:
        analysis_sample_rate: 44100
        bitrate: 192
        channels: 2
        equal_loudness: 1
        length: 255.634292603
        replay_gain: -8.19157409668
        downmix: "mix"
    tags:
        album: "Fallen"
        artist: "Evanescence"
        comment: ""
        date: "2020"
        genre: "Autres"
        title: "missing"
        tracknumber: "19"

configuration:
    average_loudness:
        compute: 1
        frameSize: 88200
        hopSize: 44100
        silentFrames: "noise"
        windowType: "hann"
    general:
        analysisSampleRate: 44100
        endTime: 2000
        equalLoudness: 1
        nequalLoudness: 0
        shortSound: 0
        startTime: 0
    lowlevel:
        compute: 1
        frameSize: 2048
        hopSize: 1024
        zeroPadding: 0
        silentFrames: "noise"
        windowType: "blackmanharris62"
        mfccStats: ["mean", "cov", "icov"]
        stats: ["mean", "var", "median", "min", "max", "dmean", "dmean2", "dvar", "dvar2"]
    panning:
        compute: 0
        frameSize: 8192
        hopSize: 2048
        zeroPadding: 8192
        silentFrames: "noise"
        windowType: "hann"
        stats: ["copy"]
    rhythm:
        compute: 1
        maxTempo: 208
        minTempo: 40
        method: "degara"
        stats: ["mean", "var", "median", "min", "max", "dmean", "dmean2", "dvar", "dvar2"]
    segmentation:
        compute: 0
        cpw: 5
        inc1: 300
        inc2: 50
        minimumSegmentsLength: 10
        size1: 1000
        size2: 600
    sfx:
        compute: 1
        stats: ["mean", "var", "median", "min", "max", "dmean", "dmean2", "dvar", "dvar2"]
    svm:
        compute: 0
    tonal:
        compute: 1
        frameSize: 4096
        hopSize: 2048
        zeroPadding: 0
        silentFrames: "noise"
        windowType: "blackmanharris62"
        stats: ["mean", "var", "median", "min", "max", "dmean", "dmean2", "dvar", "dvar2"]

lowlevel:
    average_loudness: 0.844399452209
    barkbands_kurtosis:
        dmean: 1.32474696636
        dmean2: 2.06267857552
        dvar: 4.61524057388
        dvar2: 11.5654191971
        max: 73.7926177979
        mean: 1.73018276691
        median: 0.265810608864
        min: -1.93901240826
        var: 23.3112449646
    barkbands_skewness:
        dmean: 0.362837284803
        dmean2: 0.550943613052
        dvar: 0.12967929244
        dvar2: 0.311995893717
        max: 7.08591747284
        mean: 1.03333842754
        median: 0.982889413834
        min: -2.60460019112
        var: 1.24855196476
    barkbands_spread:
        dmean: 3.46180319786
        dmean2: 5.19281578064
        dvar: 12.1654119492
        dvar2: 26.4037036896
        max: 61.7327690125
        mean: 20.5764102936
        median: 20.3009910583
        min: 1.30783092976
        var: 89.9153366089
    dissonance:
        dmean: 0.0219438448548
        dmean2: 0.036918040365
        dvar: 0.000429298437666
        dvar2: 0.00115829671267
        max: 0.500000119209
        mean: 0.452751040459
        median: 0.460144817829
        min: 0.223122060299
        var: 0.00110505986959
    hfc:
        dmean: 1.0889980793
        dmean2: 1.51283061504
        dvar: 3.00730872154
        dvar2: 5.34593296051
        max: 50.3927001953
        mean: 5.21239757538
        median: 3.317040205
        min: 1.08275467259e-016
        var: 29.4200286865
    pitch:
        dmean: 147.705688477
        dmean2: 281.8565979
        dvar: 297782.40625
        dvar2: 815799.9375
        max: 5816.35058594
        mean: 396.261199951
        median: 323.949554443
        min: 72.9014358521
        var: 327109
    pitch_instantaneous_confidence:
        dmean: 0.0753232315183
        dmean2: 0.114469453692
        dvar: 0.00590148288757
        dvar2: 0.0118409367278
        max: 0.948065519333
        mean: 0.552001416683
        median: 0.549323499203
        min: 0.0821716785431
        var: 0.0427307337523
    pitch_salience:
        dmean: 0.0574436783791
        dmean2: 0.0913559794426
        dvar: 0.00272728153504
        dvar2: 0.00671148579568
        max: 0.947458922863
        mean: 0.580926001072
        median: 0.594778835773
        min: 0.131961539388
        var: 0.0130179245025
    silence_rate_20dB:
        dmean: 0
        dmean2: 0
        dvar: 0
        dvar2: 0
        max: 1
        mean: 1
        median: 1
        min: 1
        var: 0
    silence_rate_30dB:
        dmean: 0
        dmean2: 0
        dvar: 0
        dvar2: 0
        max: 1
        mean: 1
        median: 1
        min: 1
        var: 0
    silence_rate_60dB:
        dmean: 0.0748410522938
        dmean2: 0.149695709348
        dvar: 0.0692482814193
        dvar2: 0.145833298564
        max: 1
        mean: 0.4199436903
        median: 0
        min: 0
        var: 0.243581369519
    spectral_centroid:
        dmean: 154.102905273
        dmean2: 230.665679932
        dvar: 38877.7890625
        dvar2: 73237.4609375
        max: 11877.4912109
        mean: 1121.57397461
        median: 965.573486328
        min: 312.598449707
        var: 445113.4375
    spectral_complexity:
        dmean: 1.78619432449
        dmean2: 2.8164229393
        dvar: 4.56735372543
        dvar2: 9.18899345398
        max: 41
        mean: 9.57796764374
        median: 9
        min: 0
        var: 35.9727745056
    spectral_crest:
        dmean: 2.07904791832
        dmean2: 3.32929849625
        dvar: 3.82214951515
        dvar2: 9.83720111847
        max: 24.5293102264
        mean: 9.62648773193
        median: 8.72126483917
        min: 2.46993875504
        var: 17.7064037323
    spectral_decrease:
        dmean: 2.20500590009e-010
        dmean2: 3.32499611178e-010
        dvar: 7.42589762692e-020
        dvar2: 1.77331225288e-019
        max: 4.76138572169e-029
        mean: -9.98754523529e-010
        median: -9.40572952857e-010
        min: -4.28423163612e-009
        var: 4.57511942442e-019
    spectral_energy:
        dmean: 0.000913244963158
        dmean2: 0.00136557873338
        dvar: 1.28361364204e-006
        dvar2: 2.95735026157e-006
        max: 0.0191170517355
        mean: 0.00424231262878
        median: 0.00390129676089
        min: 1.02879312372e-020
        var: 8.72022974363e-006
    spectral_energyband_high:
        dmean: 6.73741160426e-005
        dmean2: 9.94162182906e-005
        dvar: 2.5570944473e-008
        dvar2: 5.19248928299e-008
        max: 0.00469475984573
        mean: 0.000165486111655
        median: 5.6787426729e-005
        min: 7.3796651777e-021
        var: 1.12077323422e-007
    spectral_energyband_low:
        dmean: 6.21687577222e-005
        dmean2: 0.000104060309241
        dvar: 1.87049806755e-008
        dvar2: 5.25717069877e-008
        max: 0.00255096843466
        mean: 0.000137646464282
        median: 9.20099773793e-005
        min: 3.90896608191e-023
        var: 2.63147761359e-008
    spectral_energyband_middle_high:
        dmean: 0.000419966410846
        dmean2: 0.000587474380154
        dvar: 4.60175328953e-007
        dvar2: 8.50396588703e-007
        max: 0.0151760661975
        mean: 0.0018321526004
        median: 0.000913426745683
        min: 1.34766533278e-021
        var: 4.29284955317e-006
    spectral_energyband_middle_low:
        dmean: 0.000661130761728
        dmean2: 0.00103993318044
        dvar: 7.26085488623e-007
        dvar2: 1.94690028366e-006
        max: 0.0161158870906
        mean: 0.00220227870159
        median: 0.00180019275285
        min: 1.39056273052e-022
        var: 2.90370053335e-006
    spectral_flatness_db:
        dmean: 0.0164002086967
        dmean2: 0.0252535771579
        dvar: 0.000242885973421
        dvar2: 0.000545261602383
        max: 0.370880573988
        mean: 0.191779285669
        median: 0.191649481654
        min: 0.0596240311861
        var: 0.00185509223957
    spectral_flux:
        dmean: 0.00707538053393
        dmean2: 0.0110732503235
        dvar: 7.0843816502e-005
        dvar2: 0.000165781064425
        max: 0.129089146852
        mean: 0.0289843268692
        median: 0.0253875479102
        min: 6.46040651531e-011
        var: 0.000283331406536
    spectral_kurtosis:
        dmean: 2.11534619331
        dmean2: 3.56161475182
        dvar: 5.04321479797
        dvar2: 14.7522230148
        max: 38.7478752136
        mean: 6.86961841583
        median: 6.13916063309
        min: -1.27154767513
        var: 16.1573505402
    spectral_rms:
        dmean: 0.000212878381717
        dmean2: 0.000313822762109
        dvar: 5.41204663307e-008
        dvar2: 1.19694959722e-007
        max: 0.00431865500286
        mean: 0.00188175926451
        median: 0.00195093394723
        min: 3.16812353261e-012
        var: 5.97825760451e-007
    spectral_rolloff:
        dmean: 374.233459473
        dmean2: 611.305053711
        dvar: 285153.3125
        dvar2: 609455.5625
        max: 19207.6171875
        mean: 2070.70581055
        median: 1981.0546875
        min: 236.865234375
        var: 1837761.125
    spectral_skewness:
        dmean: 0.234249487519
        dmean2: 0.373675584793
        dvar: 0.0473672673106
        dvar2: 0.11941729486
        max: 4.5796251297
        mean: 1.89383804798
        median: 1.82682704926
        min: -0.1009503901
        var: 0.293716907501
    spectral_spread:
        dmean: 393469.53125
        dmean2: 552724.25
        dvar: 493289046016
        dvar2: 782961672192
        max: 42775928
        mean: 3843731.25
        median: 3434842.25
        min: 1554978.875
        var: 4.63169336115e+012
    spectral_strongpeak:
        dmean: 0.371041297913
        dmean2: 0.60963010788
        dvar: 0.488842785358
        dvar2: 1.21730422974
        max: 10.867146492
        mean: 0.930466532707
        median: 0.493428528309
        min: 1.34843469723e-010
        var: 1.52556872368
    zerocrossingrate:
        dmean: 0.00674675172195
        dmean2: 0.00778752937913
        dvar: 5.58205028938e-005
        dvar2: 6.22742227279e-005
        max: 0.51904296875
        mean: 0.0665030106902
        median: 0.0615234375
        min: 0.01318359375
        var: 0.00108683109283
    barkbands:
        dmean: [4.76638284397e-008, 1.14756021503e-005, 3.06803012791e-005, 7.47216690797e-005, 0.000220835587243, 0.000351880240487, 0.0001772124524, 8.85553963599e-005, 7.72698695073e-005, 0.000129395513795, 8.43075395096e-005, 4.5460597903e-005, 4.70862396469e-005, 4.4832668209e-005, 8.80965453689e-005, 8.17315813038e-005, 7.90486956248e-005, 8.79977960722e-005, 7.80316695455e-005, 8.87732894626e-005, 1.99651894945e-005, 3.16660543831e-006, 1.2374518974e-006, 8.94810000318e-007, 4.2525513777e-007, 1.44929463985e-008, 2.42857622901e-010]
        dmean2: [7.11874577064e-008, 1.86843226402e-005, 4.94980704389e-005, 0.000125356513308, 0.000355352996849, 0.000565711525269, 0.000279959233012, 0.000125307968119, 0.000110254419269, 0.000182844290975, 0.000121289158415, 6.9220084697e-005, 7.29087551008e-005, 7.11535467417e-005, 0.000129398293211, 0.00012130815594, 0.000120853706903, 0.00013376827701, 0.000119830780022, 0.000130645363242, 3.07302107103e-005, 4.80768267153e-006, 1.85565306765e-006, 1.28125020638e-006, 6.18061449131e-007, 2.22081339984e-008, 4.19538542795e-010]
        dvar: [2.4027224573e-014, 1.01152830556e-009, 3.54556184412e-009, 3.18529096432e-008, 1.30776101059e-007, 3.56810943458e-007, 1.48034771996e-007, 3.01857561169e-008, 1.8054539197e-008, 8.96040148746e-008, 5.3032628955e-008, 2.37749926413e-008, 1.25066970114e-008, 1.72473786364e-008, 7.5652742737e-008, 6.52926814837e-008, 3.37321388599e-008, 5.00391656999e-008, 3.33817382625e-008, 3.73719970526e-008, 3.31471849968e-009, 9.16650366722e-011, 3.79218184632e-011, 1.12918892986e-011, 2.94933196789e-012, 2.55992033737e-015, 3.94497168281e-019]
        dvar2: [5.55257337505e-014, 2.77383316316e-009, 1.00826555993e-008, 8.94715483923e-008, 3.50366605062e-007, 1.07684923023e-006, 3.45574193261e-007, 6.32792449551e-008, 3.27538955958e-008, 1.58016263185e-007, 9.61866746252e-008, 5.07962418794e-008, 2.63162309722e-008, 3.86977525579e-008, 1.51241280832e-007, 1.36224315384e-007, 7.54420312887e-008, 1.04259910927e-007, 7.4249456361e-008, 7.48012354279e-008, 8.10556155528e-009, 1.98475139102e-010, 8.02893862506e-011, 2.05028667655e-011, 5.67708683882e-012, 5.68514834615e-015, 9.3298166579e-019]
        max: [4.01821080231e-006, 0.000590454728808, 0.00120159634389, 0.002544922987, 0.00526372762397, 0.0121676679701, 0.00960023049265, 0.00878900848329, 0.00500970706344, 0.0081573119387, 0.00930992607027, 0.00510172313079, 0.00318333506584, 0.00380013347603, 0.00805778149515, 0.0082243019715, 0.00501540862024, 0.00999381672591, 0.00562740769237, 0.00485636759549, 0.00207007513382, 0.000388659565942, 0.000229321231018, 0.000112510606414, 6.43055391265e-005, 1.747908982e-006, 3.01776346134e-008]
        mean: [9.98318228085e-008, 2.29169691011e-005, 6.55904441373e-005, 0.000113149588287, 0.000452173320809, 0.000811715843156, 0.000344271917129, 0.000189721773495, 0.000216192886, 0.000360416626791, 0.000222688046051, 8.62028318807e-005, 0.000106191291707, 7.36522415536e-005, 0.000183889496839, 0.000152290580445, 0.000172517131432, 0.000190959079191, 0.000185385681107, 0.000243502407102, 3.74211595044e-005, 6.20440914645e-006, 2.33872674471e-006, 1.98515090233e-006, 8.19160504761e-007, 2.16268087883e-008, 2.43966902236e-010]
        median: [9.83558656742e-009, 1.29471372929e-005, 3.86306346627e-005, 5.59808286198e-005, 0.000271259079454, 0.000388198473956, 0.000130725515191, 7.88499892224e-005, 8.42692898004e-005, 8.1636098912e-005, 4.25796606578e-005, 2.44860020757e-005, 2.63338406512e-005, 1.74140895979e-005, 3.58483957825e-005, 4.09518106608e-005, 4.65123375761e-005, 6.27898407402e-005, 5.83814980928e-005, 6.3750645495e-005, 1.24640928334e-005, 1.35358880016e-006, 2.99742140442e-007, 4.39066809577e-007, 1.56090138148e-007, 2.57225463152e-009, 6.95418167496e-011]
        min: [1.42175920236e-025, 7.67073513652e-024, 7.3955483067e-025, 2.12959765847e-024, 2.16467439806e-023, 1.08071632653e-023, 4.45777172273e-024, 1.19441705761e-023, 2.10287203707e-023, 2.23976038783e-023, 1.21496372875e-023, 4.13234908661e-023, 3.31383269116e-023, 3.44140191249e-023, 7.64957094506e-023, 6.43776510541e-023, 8.07585370776e-023, 1.42363708081e-022, 1.55977023925e-022, 1.79912224992e-022, 2.65066604267e-022, 3.98817680447e-022, 4.46668897485e-022, 6.28034153778e-022, 9.76998248395e-022, 1.45059933681e-021, 1.88108343385e-021]
        var: [5.09286657172e-014, 1.34250888184e-009, 6.52963105807e-009, 3.24868487667e-008, 2.9490732345e-007, 1.1929221273e-006, 4.34763904877e-007, 1.30683133648e-007, 1.97699037585e-007, 5.9131866692e-007, 3.00451461044e-007, 7.11410876875e-008, 5.12832549759e-008, 5.02304153827e-008, 2.49440802236e-007, 2.02851552444e-007, 1.35081336339e-007, 1.70527485466e-007, 1.30692527023e-007, 2.04375226076e-007, 6.49147358089e-009, 2.30439362037e-010, 9.86850601237e-011, 3.78561834657e-011, 9.46484817604e-012, 5.73229462351e-015, 5.98057631634e-019]
    frequency_bands:
        dmean: [4.76638284397e-008, 1.14756021503e-005, 3.06803012791e-005, 7.47216690797e-005, 0.000220835587243, 0.000351880240487, 0.0001772124524, 8.85553963599e-005, 7.72698695073e-005, 0.000129395513795, 8.43075395096e-005, 4.5460597903e-005, 4.70862396469e-005, 4.4832668209e-005, 8.80965453689e-005, 8.17315813038e-005, 7.90486956248e-005, 8.79977960722e-005, 7.80316695455e-005, 8.87732894626e-005, 1.99651894945e-005, 3.16660543831e-006, 1.2374518974e-006, 8.94810000318e-007, 4.2525513777e-007, 1.44929463985e-008, 2.42857622901e-010, 4.92358029347e-011]
        dmean2: [7.11874577064e-008, 1.86843226402e-005, 4.94980704389e-005, 0.000125356513308, 0.000355352996849, 0.000565711525269, 0.000279959233012, 0.000125307968119, 0.000110254419269, 0.000182844290975, 0.000121289158415, 6.9220084697e-005, 7.29087551008e-005, 7.11535467417e-005, 0.000129398293211, 0.00012130815594, 0.000120853706903, 0.00013376827701, 0.000119830780022, 0.000130645363242, 3.07302107103e-005, 4.80768267153e-006, 1.85565306765e-006, 1.28125020638e-006, 6.18061449131e-007, 2.22081339984e-008, 4.19538542795e-010, 9.11750883126e-011]
        dvar: [2.4027224573e-014, 1.01152830556e-009, 3.54556184412e-009, 3.18529096432e-008, 1.30776101059e-007, 3.56810943458e-007, 1.48034771996e-007, 3.01857561169e-008, 1.8054539197e-008, 8.96040148746e-008, 5.3032628955e-008, 2.37749926413e-008, 1.25066970114e-008, 1.72473786364e-008, 7.5652742737e-008, 6.52926814837e-008, 3.37321388599e-008, 5.00391656999e-008, 3.33817382625e-008, 3.73719970526e-008, 3.31471849968e-009, 9.16650366722e-011, 3.79218184632e-011, 1.12918892986e-011, 2.94933196789e-012, 2.55992033737e-015, 3.94497168281e-019, 5.67243184416e-021]
        dvar2: [5.55257337505e-014, 2.77383316316e-009, 1.00826555993e-008, 8.94715483923e-008, 3.50366605062e-007, 1.07684923023e-006, 3.45574193261e-007, 6.32792449551e-008, 3.27538955958e-008, 1.58016263185e-007, 9.61866746252e-008, 5.07962418794e-008, 2.63162309722e-008, 3.86977525579e-008, 1.51241280832e-007, 1.36224315384e-007, 7.54420312887e-008, 1.04259910927e-007, 7.4249456361e-008, 7.48012354279e-008, 8.10556155528e-009, 1.98475139102e-010, 8.02893862506e-011, 2.05028667655e-011, 5.67708683882e-012, 5.68514834615e-015, 9.3298166579e-019, 1.80640267625e-020]
        max: [4.01821080231e-006, 0.000590454728808, 0.00120159634389, 0.002544922987, 0.00526372762397, 0.0121676679701, 0.00960023049265, 0.00878900848329, 0.00500970706344, 0.0081573119387, 0.00930992607027, 0.00510172313079, 0.00318333506584, 0.00380013347603, 0.00805778149515, 0.0082243019715, 0.00501540862024, 0.00999381672591, 0.00562740769237, 0.00485636759549, 0.00207007513382, 0.000388659565942, 0.000229321231018, 0.000112510606414, 6.43055391265e-005, 1.747908982e-006, 3.01776346134e-008, 9.47465328416e-010]
        mean: [9.98318228085e-008, 2.29169691011e-005, 6.55904441373e-005, 0.000113149588287, 0.000452173320809, 0.000811715843156, 0.000344271917129, 0.000189721773495, 0.000216192886, 0.000360416626791, 0.000222688046051, 8.62028318807e-005, 0.000106191291707, 7.36522415536e-005, 0.000183889496839, 0.000152290580445, 0.000172517131432, 0.000190959079191, 0.000185385681107, 0.000243502407102, 3.74211595044e-005, 6.20440914645e-006, 2.33872674471e-006, 1.98515090233e-006, 8.19160504761e-007, 2.16268087883e-008, 2.43966902236e-010, 3.87587635597e-011]
        median: [9.83558656742e-009, 1.29471372929e-005, 3.86306346627e-005, 5.59808286198e-005, 0.000271259079454, 0.000388198473956, 0.000130725515191, 7.88499892224e-005, 8.42692898004e-005, 8.1636098912e-005, 4.25796606578e-005, 2.44860020757e-005, 2.63338406512e-005, 1.74140895979e-005, 3.58483957825e-005, 4.09518106608e-005, 4.65123375761e-005, 6.27898407402e-005, 5.83814980928e-005, 6.3750645495e-005, 1.24640928334e-005, 1.35358880016e-006, 2.99742140442e-007, 4.39066809577e-007, 1.56090138148e-007, 2.57225463152e-009, 6.95418167496e-011, 1.26414746726e-011]
        min: [1.42175920236e-025, 7.67073513652e-024, 7.3955483067e-025, 2.12959765847e-024, 2.16467439806e-023, 1.08071632653e-023, 4.45777172273e-024, 1.19441705761e-023, 2.10287203707e-023, 2.23976038783e-023, 1.21496372875e-023, 4.13234908661e-023, 3.31383269116e-023, 3.44140191249e-023, 7.64957094506e-023, 6.43776510541e-023, 8.07585370776e-023, 1.42363708081e-022, 1.55977023925e-022, 1.79912224992e-022, 2.65066604267e-022, 3.98817680447e-022, 4.46668897485e-022, 6.28034153778e-022, 9.76998248395e-022, 1.45059933681e-021, 1.88108343385e-021, 4.70949304085e-022]
        var: [5.09286657172e-014, 1.34250888184e-009, 6.52963105807e-009, 3.24868487667e-008, 2.9490732345e-007, 1.1929221273e-006, 4.34763904877e-007, 1.30683133648e-007, 1.97699037585e-007, 5.9131866692e-007, 3.00451461044e-007, 7.11410876875e-008, 5.12832549759e-008, 5.02304153827e-008, 2.49440802236e-007, 2.02851552444e-007, 1.35081336339e-007, 1.70527485466e-007, 1.30692527023e-007, 2.04375226076e-007, 6.49147358089e-009, 2.30439362037e-010, 9.86850601237e-011, 3.78561834657e-011, 9.46484817604e-012, 5.73229462351e-015, 5.98057631634e-019, 4.47302359103e-021]
    mfcc:
        mean: [-759.061767578, 144.011810303, -51.53099823, 37.4098587036, -14.7017812729, -26.0010128021, 1.56849133968, -16.191947937, -7.16825151443, -5.58924531937, -16.2199745178, -5.15112924576, -4.77887630463]
        cov: [[5542.67919922, 433.853668213, -696.622131348, 640.205200195, -44.7421302795, 119.115699768, 100.900382996, -25.8731098175, 80.3800506592, 85.403137207, -63.3171653748, -24.067937851, -11.6147403717], [433.853668213, 1008.38647461, -250.320510864, 67.7419433594, -56.895526886, -165.315246582, 128.861923218, -52.1130409241, -2.66643309593, 21.7145042419, -59.1258811951, -4.26787090302, -6.23389196396], [-696.622131348, -250.320510864, 531.796569824, -116.041847229, 15.767370224, 95.0639266968, -132.136184692, 65.2471008301, -10.8506402969, -41.4124221802, 48.4850006104, 14.8696060181, 10.4810142517], [640.205200195, 67.7419433594, -116.041847229, 282.710205078, 38.0190353394, 42.3480758667, -11.2360563278, 6.6284122467, 49.9482460022, -16.4596862793, 0.299415081739, 10.3851337433, -3.05502033234], [-44.7421302795, -56.895526886, 15.767370224, 38.0190353394, 183.550994873, -11.2030725479, -33.6876869202, -3.73690152168, 13.1525421143, 7.60904312134, -20.7188739777, 34.8509788513, -5.34247112274], [119.115699768, -165.315246582, 95.0639266968, 42.3480758667, -11.2030725479, 219.430221558, -17.3327255249, 23.9197292328, 22.247795105, -30.3692150116, 67.8650512695, -31.8221759796, -0.576373338699], [100.900382996, 128.861923218, -132.136184692, -11.2360563278, -33.6876869202, -17.3327255249, 271.262023926, -22.9548168182, -1.47488832474, 55.4325218201, -24.1114234924, -31.212266922, 1.84513294697], [-25.8731098175, -52.1130409241, 65.2471008301, 6.6284122467, -3.73690152168, 23.9197292328, -22.9548168182, 110.398139954, 13.9989786148, 1.99014890194, 16.8654155731, 4.0070977211, 13.0960588455], [80.3800506592, -2.66643309593, -10.8506402969, 49.9482460022, 13.1525421143, 22.247795105, -1.47488832474, 13.9989786148, 105.31124115, 10.106803894, 11.852273941, 0.630597770214, -4.59181833267], [85.403137207, 21.7145042419, -41.4124221802, -16.4596862793, 7.60904312134, -30.3692150116, 55.4325218201, 1.99014890194, 10.106803894, 122.125, -11.3554000854, -0.0520305819809, -0.142183884978], [-63.3171653748, -59.1258811951, 48.4850006104, 0.299415081739, -20.7188739777, 67.8650512695, -24.1114234924, 16.8654155731, 11.852273941, -11.3554000854, 109.218940735, -5.18543815613, 7.65075206757], [-24.067937851, -4.26787090302, 14.8696060181, 10.3851337433, 34.8509788513, -31.8221759796, -31.212266922, 4.0070977211, 0.630597770214, -0.0520305819809, -5.18543815613, 101.844673157, 7.47821092606], [-11.6147403717, -6.23389196396, 10.4810142517, -3.05502033234, -5.34247112274, -0.576373338699, 1.84513294697, 13.0960588455, -4.59181833267, -0.142183884978, 7.65075206757, 7.47821092606, 71.0008087158]]
        icov: [[0.000296042562695, -6.06292160228e-005, 0.000286120397504, -0.000544092734344, 0.000179058042704, -0.000338138546795, 0.000113992275146, -3.49472975358e-005, 0.000116512557724, -0.000306020694552, 0.0002434032358, -3.62258288078e-005, -2.3820937713e-005], [-6.06292160228e-005, 0.00134073849767, 0.000148454710143, -0.000338924204698, 0.000415291840909, 0.00108198670205, -0.000465085002361, 0.000238398177316, -7.63361967984e-005, 0.000258726475295, -7.29971507099e-005, 9.02912506717e-005, 7.33845299692e-005], [0.000286120397504, 0.000148454710143, 0.0032947359141, 0.00100205431227, -0.000191323779291, -0.0015571831027, 0.00116375950165, -0.00130731856916, 0.000157478338224, 0.000144625402754, 0.000155664878548, -0.000504132884089, -0.000152754742885], [-0.000544092734344, -0.000338924204698, 0.00100205431227, 0.00612783106044, -0.00138349970803, -0.00127409980632, 0.000439741445007, -0.00068158650538, -0.00199932721443, 0.00136204657611, 0.000103626676719, -0.000653385708574, -7.20936950529e-005], [0.000179058042704, 0.000415291840909, -0.000191323779291, -0.00138349970803, 0.00664620986208, 7.05868078512e-005, 0.000580183463171, 0.000628647278063, -0.000460245326394, -0.000943041406572, 0.00150253623724, -0.00182113237679, 0.000402356352424], [-0.000338138546795, 0.00108198670205, -0.0015571831027, -0.00127409980632, 7.05868078512e-005, 0.00824799574912, -0.00108127749991, -5.42935740668e-005, -0.000732157146558, 0.00157878093887, -0.00393615383655, 0.00231754290871, 0.000460969778942], [0.000113992275146, -0.000465085002361, 0.00116375950165, 0.000439741445007, 0.000580183463171, -0.00108127749991, 0.00510190939531, 0.000314227421768, 5.49484684598e-005, -0.00207952968776, 0.00101410294883, 0.000897041696589, -0.000535092316568], [-3.49472975358e-005, 0.000238398177316, -0.00130731856916, -0.00068158650538, 0.000628647278063, -5.42935740668e-005, 0.000314227421768, 0.0105358622968, -0.00116790074389, -0.000878186023328, -0.000566169677768, -0.000183765747352, -0.00172269321047], [0.000116512557724, -7.63361967984e-005, 0.000157478338224, -0.00199932721443, -0.000460245326394, -0.000732157146558, 5.49484684598e-005, -0.00116790074389, 0.0110128736123, -0.0014357608743, -0.000883188680746, 1.82923722605e-005, 0.000879099534359], [-0.000306020694552, 0.000258726475295, 0.000144625402754, 0.00136204657611, -0.000943041406572, 0.00157878093887, -0.00207952968776, -0.000878186023328, -0.0014357608743, 0.0100806877017, -0.000395770504838, -2.46491272264e-005, 0.000140367323183], [0.0002434032358, -7.29971507099e-005, 0.000155664878548, 0.000103626676719, 0.00150253623724, -0.00393615383655, 0.00101410294883, -0.000566169677768, -0.000883188680746, -0.000395770504838, 0.0123330000788, -0.000672758673318, -0.00114193547051], [-3.62258288078e-005, 9.02912506717e-005, -0.000504132884089, -0.000653385708574, -0.00182113237679, 0.00231754290871, 0.000897041696589, -0.000183765747352, 1.82923722605e-005, -2.46491272264e-005, -0.000672758673318, 0.0116383740678, -0.00121152028441], [-2.3820937713e-005, 7.33845299692e-005, -0.000152754742885, -7.20936950529e-005, 0.000402356352424, 0.000460969778942, -0.000535092316568, -0.00172269321047, 0.000879099534359, 0.000140367323183, -0.00114193547051, -0.00121152028441, 0.0147798024118]]
    sccoeffs:
        dmean: [0.0422478169203, 0.0439467951655, 0.035297960043, 0.0285497568548, 0.0207098070532, 0.0173166617751]
        dmean2: [0.0688860788941, 0.0712948143482, 0.0563831441104, 0.0455738715827, 0.0327642261982, 0.026258379221]
        dvar: [0.00122646067757, 0.00124508095905, 0.000863285560627, 0.000561338383704, 0.000326870504068, 0.000261955225142]
        dvar2: [0.00334735889919, 0.00331662758254, 0.00207376270555, 0.0013128190767, 0.000717136019375, 0.000525468785781]
        max: [-0.331527292728, -0.436731636524, -0.466432780027, -0.528991699219, -0.559653222561, -0.483429223299]
        mean: [-0.653436481953, -0.685620546341, -0.726054012775, -0.775596678257, -0.77921128273, -0.79255592823]
        median: [-0.656640768051, -0.687920987606, -0.736645758152, -0.790960729122, -0.791468322277, -0.792189002037]
        min: [-0.975526571274, -0.970713555813, -0.980853497982, -0.974014520645, -0.962908565998, -0.964301764965]
        var: [0.00531280878931, 0.00587549759075, 0.00634200917557, 0.00411132955924, 0.00337802642025, 0.00181610893924]
    scvalleys:
        dmean: [0.317730128765, 0.300450652838, 0.269050300121, 0.259297400713, 0.204168155789, 0.236289829016]
        dmean2: [0.524205744267, 0.487850636244, 0.443039774895, 0.408151239157, 0.304936617613, 0.313596338034]
        dvar: [0.0919130370021, 0.0746403336525, 0.0604818165302, 0.0708086341619, 0.0523924827576, 0.082640811801]
        dvar2: [0.219847306609, 0.167793050408, 0.136100530624, 0.133504003286, 0.0842528939247, 0.130373433232]
        max: [-5.16809225082, -4.94091272354, -5.45004796982, -5.68083667755, -5.81983709335, -7.67212152481]
        mean: [-7.35185956955, -6.68558549881, -7.27942657471, -7.72698307037, -7.88583564758, -10.7391290665]
        median: [-7.08239459991, -6.53298950195, -7.14932012558, -7.65325737, -7.79668474197, -10.6910161972]
        min: [-27.6632194519, -27.7600212097, -27.5047016144, -27.463842392, -27.451133728, -27.3566169739]
        var: [1.82961726189, 1.56355500221, 1.44509482384, 1.50777208805, 1.45002675056, 1.52687048912]

rhythm:
    beats_loudness:
        dmean: 0.00233288807794
        dmean2: 0.0040144957602
        dvar: 4.53115399068e-006
        dvar2: 1.26520099002e-005
        max: 0.0174186583608
        mean: 0.00512910308316
        median: 0.00506291957572
        min: 6.63966270853e-010
        var: 9.74028444034e-006
    bpm: 172.265533447
    bpm_confidence: 0
    first_peak_bpm: 172
    first_peak_spread: 0
    first_peak_weight: 0.438957482576
    onset_rate: 2.82434725761
    second_peak_bpm: 178
    second_peak_spread: 0
    second_peak_weight: 0.35665294528
    beats_loudness_band_ratio:
        dmean: [0.0575723648071, 0.151681274176, 0.119621090591, 0.102527342737, 0.120736196637, 0.0686739757657]
        dmean2: [0.101734057069, 0.253698527813, 0.206212848425, 0.172815158963, 0.208648785949, 0.118707239628]
        dvar: [0.00388322467916, 0.0195524487644, 0.0126141812652, 0.0129612544551, 0.0129796629772, 0.00739094847813]
        dvar2: [0.0106043536216, 0.049847535789, 0.0345927849412, 0.0336762592196, 0.0358534343541, 0.019990388304]
        max: [0.533130884171, 0.954042971134, 0.846322417259, 0.771953821182, 0.745728611946, 0.767101585865]
        mean: [0.073853880167, 0.336143523455, 0.206501409411, 0.155998393893, 0.168516770005, 0.0985928550363]
        median: [0.0543457493186, 0.286597043276, 0.166665673256, 0.105465129018, 0.123263321817, 0.0684123337269]
        min: [0.000358212942956, 0.0120004732162, 0.00760025391355, 0.00927079282701, 0.00471122283489, 0.00119831261691]
        var: [0.00452973600477, 0.0516257509589, 0.023141393438, 0.0211524292827, 0.0217487774789, 0.00955173838884]
