
metadata:
    version:
        essentia: "2.1-beta2"
    audio_properties:
        analysis_sample_rate: 44100
        bitrate: 192
        channels: 2
        equal_loudness: 1
        length: 327.235931396
        replay_gain: -14.0505256653
        downmix: "mix"
    tags:
        album: "Fallen "
        artist: "Evanescence"
        comment: "                          "
        date: "2020"
        genre: "Autres"
        title: "whisper"
        tracknumber: "11"

configuration:
    average_loudness:
        compute: 1
        frameSize: 88200
        hopSize: 44100
        silentFrames: "noise"
        windowType: "hann"
    general:
        analysisSampleRate: 44100
        endTime: 2000
        equalLoudness: 1
        nequalLoudness: 0
        shortSound: 0
        startTime: 0
    lowlevel:
        compute: 1
        frameSize: 2048
        hopSize: 1024
        zeroPadding: 0
        silentFrames: "noise"
        windowType: "blackmanharris62"
        mfccStats: ["mean", "cov", "icov"]
        stats: ["mean", "var", "median", "min", "max", "dmean", "dmean2", "dvar", "dvar2"]
    panning:
        compute: 0
        frameSize: 8192
        hopSize: 2048
        zeroPadding: 8192
        silentFrames: "noise"
        windowType: "hann"
        stats: ["copy"]
    rhythm:
        compute: 1
        maxTempo: 208
        minTempo: 40
        method: "degara"
        stats: ["mean", "var", "median", "min", "max", "dmean", "dmean2", "dvar", "dvar2"]
    segmentation:
        compute: 0
        cpw: 5
        inc1: 300
        inc2: 50
        minimumSegmentsLength: 10
        size1: 1000
        size2: 600
    sfx:
        compute: 1
        stats: ["mean", "var", "median", "min", "max", "dmean", "dmean2", "dvar", "dvar2"]
    svm:
        compute: 0
    tonal:
        compute: 1
        frameSize: 4096
        hopSize: 2048
        zeroPadding: 0
        silentFrames: "noise"
        windowType: "blackmanharris62"
        stats: ["mean", "var", "median", "min", "max", "dmean", "dmean2", "dvar", "dvar2"]

lowlevel:
    average_loudness: 0.827654600143
    barkbands_kurtosis:
        dmean: 0.618642389774
        dmean2: 0.993514597416
        dvar: 2.05423331261
        dvar2: 4.6366186142
        max: 54.2552909851
        mean: -0.587901771069
        median: -1.17269539833
        min: -1.86362123489
        var: 6.38010692596
    barkbands_skewness:
        dmean: 0.337243556976
        dmean2: 0.524694085121
        dvar: 0.103602319956
        dvar2: 0.233599826694
        max: 6.58311271667
        mean: -0.080482237041
        median: -0.174565821886
        min: -3.59773468971
        var: 0.672073662281
    barkbands_spread:
        dmean: 4.54394817352
        dmean2: 7.22681427002
        dvar: 20.4901790619
        dvar2: 48.8462257385
        max: 76.9077606201
        mean: 30.9149208069
        median: 31.1799812317
        min: 1.95955920219
        var: 85.6632843018
    dissonance:
        dmean: 0.0140814324841
        dmean2: 0.023686548695
        dvar: 0.000203193209018
        dvar2: 0.000554518832359
        max: 0.499999880791
        mean: 0.472281843424
        median: 0.47842592001
        min: 0.228259921074
        var: 0.000549304997548
    hfc:
        dmean: 1.65223157406
        dmean2: 2.58581781387
        dvar: 5.23692131042
        dvar2: 12.7732820511
        max: 66.2195892334
        mean: 8.27586936951
        median: 7.77362537384
        min: 1.10682020211e-016
        var: 42.4625892639
    pitch:
        dmean: 590.729492188
        dmean2: 1144.91577148
        dvar: 1345650.75
        dvar2: 3420164.75
        max: 5529.04248047
        mean: 890.12689209
        median: 347.618682861
        min: 65.1971740723
        var: 1552269.625
    pitch_instantaneous_confidence:
        dmean: 0.0822012349963
        dmean2: 0.129568621516
        dvar: 0.00496986228973
        dvar2: 0.0114845205098
        max: 0.97703742981
        mean: 0.453833132982
        median: 0.420574426651
        min: 0.0995955467224
        var: 0.0298771653324
    pitch_salience:
        dmean: 0.0538841150701
        dmean2: 0.087757140398
        dvar: 0.00220445776358
        dvar2: 0.00563629064709
        max: 0.953470289707
        mean: 0.622840106487
        median: 0.633002877235
        min: 0.156793817878
        var: 0.00852429307997
    silence_rate_20dB:
        dmean: 0
        dmean2: 0
        dvar: 0
        dvar2: 0
        max: 1
        mean: 1
        median: 1
        min: 1
        var: 0
    silence_rate_30dB:
        dmean: 0
        dmean2: 0
        dvar: 0
        dvar2: 0
        max: 1
        mean: 1
        median: 1
        min: 1
        var: 0
    silence_rate_60dB:
        dmean: 0.0444192141294
        dmean2: 0.0888447314501
        dvar: 0.0424469448626
        dvar2: 0.092882014811
        max: 1
        mean: 0.382503181696
        median: 0
        min: 0
        var: 0.236220508814
    spectral_centroid:
        dmean: 235.027633667
        dmean2: 362.576599121
        dvar: 62294.7695313
        dvar2: 124358.15625
        max: 11373.7617188
        mean: 1850.08203125
        median: 1885.64306641
        min: 192.06401062
        var: 376402.6875
    spectral_complexity:
        dmean: 2.80181646347
        dmean2: 4.50411558151
        dvar: 10.3350067139
        dvar2: 24.4673957825
        max: 49
        mean: 14.8453950882
        median: 15
        min: 0
        var: 104.49671936
    spectral_crest:
        dmean: 1.72605860233
        dmean2: 2.82390904427
        dvar: 2.70163488388
        dvar2: 6.5482506752
        max: 25.032333374
        mean: 6.55220508575
        median: 5.74427509308
        min: 2.14810705185
        var: 8.84368610382
    spectral_decrease:
        dmean: 1.93542043503e-010
        dmean2: 3.05261427247e-010
        dvar: 6.86579489335e-020
        dvar2: 1.7025313126e-019
        max: 9.60085887483e-029
        mean: -9.3306495863e-010
        median: -9.30197918692e-010
        min: -4.20100398912e-009
        var: 4.21626391777e-019
    spectral_energy:
        dmean: 0.000849954492878
        dmean2: 0.00133638456464
        dvar: 1.3109450947e-006
        dvar2: 3.23205495079e-006
        max: 0.0218618456274
        mean: 0.00427224300802
        median: 0.00427093729377
        min: 1.00130649358e-020
        var: 8.9928316811e-006
    spectral_energyband_high:
        dmean: 0.000169628983713
        dmean2: 0.000270761258435
        dvar: 7.80132580758e-008
        dvar2: 1.92488172956e-007
        max: 0.0112913483754
        mean: 0.000495755986776
        median: 0.000365660525858
        min: 7.2860160539e-021
        var: 2.83076843743e-007
    spectral_energyband_low:
        dmean: 0.000185132405022
        dmean2: 0.000316004414344
        dvar: 1.74903817651e-007
        dvar2: 4.8711041245e-007
        max: 0.00512873055413
        mean: 0.000285549991531
        median: 0.000186322751688
        min: 3.5614618091e-023
        var: 1.65942083186e-007
    spectral_energyband_middle_high:
        dmean: 0.00046746773296
        dmean2: 0.000735055247787
        dvar: 3.31064057946e-007
        dvar2: 8.22612776119e-007
        max: 0.0111113404855
        mean: 0.00226698117331
        median: 0.00205821241252
        min: 1.27974917987e-021
        var: 3.23896733789e-006
    spectral_energyband_middle_low:
        dmean: 0.000475320615806
        dmean2: 0.0007522184751
        dvar: 4.43173433951e-007
        dvar2: 1.10309770207e-006
        max: 0.00762837519869
        mean: 0.00134483899456
        median: 0.00114930991549
        min: 2.00899269842e-022
        var: 1.2423518001e-006
    spectral_flatness_db:
        dmean: 0.0133933024481
        dmean2: 0.0206310432404
        dvar: 0.000154243709403
        dvar2: 0.000332986732246
        max: 0.366394251585
        mean: 0.149410665035
        median: 0.142752572894
        min: 0.0465783402324
        var: 0.00133947411086
    spectral_flux:
        dmean: 0.00607933616266
        dmean2: 0.00937603507191
        dvar: 4.94232881465e-005
        dvar2: 0.000108218948299
        max: 0.119825422764
        mean: 0.0343897938728
        median: 0.0356344990432
        min: 6.51229764559e-011
        var: 0.000334207637934
    spectral_kurtosis:
        dmean: 1.02073669434
        dmean2: 1.71898150444
        dvar: 1.27875089645
        dvar2: 3.64400529861
        max: 29.4344482422
        mean: 3.77642321587
        median: 3.38246154785
        min: -1.26455593109
        var: 4.1770234108
    spectral_rms:
        dmean: 0.000191435523448
        dmean2: 0.000294379715342
        dvar: 4.92928755591e-008
        dvar2: 1.15831518599e-007
        max: 0.00461829267442
        mean: 0.00184660067316
        median: 0.00204126629978
        min: 3.12551503776e-012
        var: 7.5811391298e-007
    spectral_rolloff:
        dmean: 300.213928223
        dmean2: 489.898773193
        dvar: 180713.90625
        dvar2: 363586.25
        max: 19164.5507813
        mean: 3450.26025391
        median: 3574.51171875
        min: 172.265625
        var: 923314.0625
    spectral_skewness:
        dmean: 0.147750645876
        dmean2: 0.237222164869
        dvar: 0.0216696597636
        dvar2: 0.0516299419105
        max: 4.2663640976
        mean: 1.36478066444
        median: 1.31879997253
        min: -0.448791265488
        var: 0.131345748901
    spectral_spread:
        dmean: 416009.5625
        dmean2: 595382.3125
        dvar: 414121361408
        dvar2: 665472991232
        max: 42208092
        mean: 4530194
        median: 4251493
        min: 2117611.75
        var: 2.88561823744e+012
    spectral_strongpeak:
        dmean: 0.566892266273
        dmean2: 0.977167189121
        dvar: 0.830027282238
        dvar2: 2.16380357742
        max: 9.81581878662
        mean: 0.88892441988
        median: 0.397981464863
        min: 1.47997580857e-009
        var: 1.42322266102
    zerocrossingrate:
        dmean: 0.00747559173033
        dmean2: 0.00896300282329
        dvar: 6.3636500272e-005
        dvar2: 6.50627553114e-005
        max: 0.5166015625
        mean: 0.103233166039
        median: 0.10595703125
        min: 0.009765625
        var: 0.000799668836407
    barkbands:
        dmean: [2.1582340537e-007, 4.6168875997e-005, 0.000104588420072, 0.000132822679006, 0.000162035445101, 0.000183776748599, 0.000111356945126, 0.000101173543953, 8.62445085659e-005, 7.95643863967e-005, 4.90347156301e-005, 5.80337218707e-005, 6.02668769716e-005, 5.66746348341e-005, 7.67238525441e-005, 0.00012343954586, 0.000111866720545, 0.000145660014823, 0.000169304665178, 0.000179824099177, 7.24912097212e-005, 1.59020601131e-005, 3.62957098332e-006, 2.38807569986e-006, 1.32452885282e-006, 4.58372397816e-008, 3.58632623598e-010]
        dmean2: [3.42651674146e-007, 7.62069175835e-005, 0.000183028139872, 0.000228594362852, 0.000267370662186, 0.000290230294922, 0.000180430652108, 0.000161750023835, 0.000134703586809, 0.000120949327538, 7.63635180192e-005, 9.19560916373e-005, 9.58865566645e-005, 8.77881029737e-005, 0.000123657868244, 0.000201741117053, 0.000184051619726, 0.000238245920627, 0.000282536260784, 0.000292429263936, 0.000117825336929, 2.56306611846e-005, 5.50550430489e-006, 3.46640831594e-006, 1.93023834072e-006, 6.89339998416e-008, 5.87877468927e-010]
        dvar: [2.68364405134e-013, 1.14701279585e-008, 6.82568668253e-008, 7.23850703821e-008, 9.65995781144e-008, 9.88773933841e-008, 5.01794197305e-008, 4.66153089462e-008, 2.31134595907e-008, 2.20048743671e-008, 1.22811512071e-008, 1.90095406083e-008, 1.47250949212e-008, 1.71973386642e-008, 2.14239772589e-008, 4.75599541971e-008, 3.44511583705e-008, 4.84127724576e-008, 5.02377659473e-008, 8.54641797332e-008, 1.48308707537e-008, 9.3173457838e-010, 9.63254406794e-011, 6.39318875617e-011, 1.7156292012e-011, 1.54129011935e-014, 6.10308538397e-019]
        dvar2: [6.58966371053e-013, 2.94845001747e-008, 1.96448183942e-007, 1.98999671852e-007, 2.50069575713e-007, 2.40290233933e-007, 1.27930675831e-007, 1.19765786621e-007, 5.64297728545e-008, 5.22924779034e-008, 2.61731987194e-008, 4.50960264686e-008, 3.32404752612e-008, 3.58631773167e-008, 5.15061842066e-008, 1.19317107306e-007, 8.36587332742e-008, 1.25068694956e-007, 1.33404483904e-007, 2.18461252643e-007, 3.70209605194e-008, 2.18093298976e-009, 1.97200894503e-010, 1.30374031015e-010, 3.44808868957e-011, 3.30109542674e-014, 1.36390864373e-018]
        max: [7.05371530785e-006, 0.00128862634301, 0.00346720963717, 0.00320665538311, 0.00522490916774, 0.00496695702896, 0.00399893941358, 0.00529303355142, 0.00467224093154, 0.00408713333309, 0.00412802305073, 0.00417046993971, 0.00380173698068, 0.0036377441138, 0.00417620735243, 0.00806126836687, 0.00561642600223, 0.00611709011719, 0.00678235059604, 0.0105099659413, 0.00246415450238, 0.000719935749657, 0.000282122491626, 0.000203540563234, 0.000183624797501, 3.09005713461e-006, 2.08901216325e-008]
        mean: [2.53025774555e-007, 6.41097285552e-005, 0.000140175994602, 0.000152828419232, 0.000270307413302, 0.000363102619303, 0.000183168420335, 0.000163311342476, 0.000165225923411, 0.000185849494301, 0.000103867067082, 0.000108634936623, 0.000125111095258, 0.000110887580377, 0.000155889661983, 0.000245274481131, 0.000241763176746, 0.000342513085343, 0.000439243623987, 0.000479015609017, 0.000181035822607, 3.56108357664e-005, 7.32155876904e-006, 5.08813445776e-006, 2.57976785178e-006, 7.15265713325e-008, 4.39739050728e-010]
        median: [6.13711605979e-008, 2.57990068349e-005, 5.78157851123e-005, 6.44331958028e-005, 0.000146786987898, 0.000176845962415, 8.89350558282e-005, 5.99084160058e-005, 7.29327148292e-005, 5.64915244468e-005, 3.03098313452e-005, 3.67541797459e-005, 4.9002112064e-005, 4.30934487667e-005, 7.25652498659e-005, 0.000157142610988, 0.000174284359673, 0.000244497205131, 0.000371293281205, 0.000334404234309, 0.000117472955026, 2.14859865082e-005, 3.334799203e-006, 2.50450239037e-006, 1.03293155007e-006, 1.81499775209e-008, 1.37913819254e-010]
        min: [1.91273723182e-024, 7.82247174278e-024, 5.56656542326e-024, 8.54595264503e-024, 5.00670610566e-024, 9.6578489355e-024, 2.49796749943e-023, 1.39697074232e-023, 2.85801276736e-023, 2.97132537887e-023, 1.72648803985e-023, 4.81553102953e-023, 2.15165598431e-023, 6.17268575315e-023, 1.03976638339e-022, 6.51975804572e-023, 1.13261632168e-022, 1.20809364956e-022, 1.88842812015e-022, 1.41780039364e-022, 2.58178296087e-022, 4.45974094043e-022, 4.41042160907e-022, 7.38542181758e-022, 1.02905125416e-021, 1.36134188371e-021, 2.14930018059e-021]
        var: [3.10854640639e-013, 1.26127375211e-008, 5.73089735667e-008, 6.73113760286e-008, 1.44421704817e-007, 2.67955414301e-007, 9.29902341795e-008, 8.73944259183e-008, 7.17891239788e-008, 1.13069610563e-007, 6.34912282749e-008, 6.07652310691e-008, 5.8616180354e-008, 5.53898331646e-008, 6.99304720797e-008, 1.05015828922e-007, 9.50877279138e-008, 1.474156619e-007, 1.68706563386e-007, 2.91240752404e-007, 4.90253633245e-008, 2.37073738418e-009, 2.23663476628e-010, 1.34678893038e-010, 3.82651237085e-011, 2.64545702781e-014, 1.04917097015e-018]
    frequency_bands:
        dmean: [2.1582340537e-007, 4.6168875997e-005, 0.000104588420072, 0.000132822679006, 0.000162035445101, 0.000183776748599, 0.000111356945126, 0.000101173543953, 8.62445085659e-005, 7.95643863967e-005, 4.90347156301e-005, 5.80337218707e-005, 6.02668769716e-005, 5.66746348341e-005, 7.67238525441e-005, 0.00012343954586, 0.000111866720545, 0.000145660014823, 0.000169304665178, 0.000179824099177, 7.24912097212e-005, 1.59020601131e-005, 3.62957098332e-006, 2.38807569986e-006, 1.32452885282e-006, 4.58372397816e-008, 3.58632623598e-010, 5.05983623056e-011]
        dmean2: [3.42651674146e-007, 7.62069175835e-005, 0.000183028139872, 0.000228594362852, 0.000267370662186, 0.000290230294922, 0.000180430652108, 0.000161750023835, 0.000134703586809, 0.000120949327538, 7.63635180192e-005, 9.19560916373e-005, 9.58865566645e-005, 8.77881029737e-005, 0.000123657868244, 0.000201741117053, 0.000184051619726, 0.000238245920627, 0.000282536260784, 0.000292429263936, 0.000117825336929, 2.56306611846e-005, 5.50550430489e-006, 3.46640831594e-006, 1.93023834072e-006, 6.89339998416e-008, 5.87877468927e-010, 9.34616828374e-011]
        dvar: [2.68364405134e-013, 1.14701279585e-008, 6.82568668253e-008, 7.23850703821e-008, 9.65995781144e-008, 9.88773933841e-008, 5.01794197305e-008, 4.66153089462e-008, 2.31134595907e-008, 2.20048743671e-008, 1.22811512071e-008, 1.90095406083e-008, 1.47250949212e-008, 1.71973386642e-008, 2.14239772589e-008, 4.75599541971e-008, 3.44511583705e-008, 4.84127724576e-008, 5.02377659473e-008, 8.54641797332e-008, 1.48308707537e-008, 9.3173457838e-010, 9.63254406794e-011, 6.39318875617e-011, 1.7156292012e-011, 1.54129011935e-014, 6.10308538397e-019, 6.45433481949e-021]
        dvar2: [6.58966371053e-013, 2.94845001747e-008, 1.96448183942e-007, 1.98999671852e-007, 2.50069575713e-007, 2.40290233933e-007, 1.27930675831e-007, 1.19765786621e-007, 5.64297728545e-008, 5.22924779034e-008, 2.61731987194e-008, 4.50960264686e-008, 3.32404752612e-008, 3.58631773167e-008, 5.15061842066e-008, 1.19317107306e-007, 8.36587332742e-008, 1.25068694956e-007, 1.33404483904e-007, 2.18461252643e-007, 3.70209605194e-008, 2.18093298976e-009, 1.97200894503e-010, 1.30374031015e-010, 3.44808868957e-011, 3.30109542674e-014, 1.36390864373e-018, 2.06575627159e-020]
        max: [7.05371530785e-006, 0.00128862634301, 0.00346720963717, 0.00320665538311, 0.00522490916774, 0.00496695702896, 0.00399893941358, 0.00529303355142, 0.00467224093154, 0.00408713333309, 0.00412802305073, 0.00417046993971, 0.00380173698068, 0.0036377441138, 0.00417620735243, 0.00806126836687, 0.00561642600223, 0.00611709011719, 0.00678235059604, 0.0105099659413, 0.00246415450238, 0.000719935749657, 0.000282122491626, 0.000203540563234, 0.000183624797501, 3.09005713461e-006, 2.08901216325e-008, 9.85487913496e-010]
        mean: [2.53025774555e-007, 6.41097285552e-005, 0.000140175994602, 0.000152828419232, 0.000270307413302, 0.000363102619303, 0.000183168420335, 0.000163311342476, 0.000165225923411, 0.000185849494301, 0.000103867067082, 0.000108634936623, 0.000125111095258, 0.000110887580377, 0.000155889661983, 0.000245274481131, 0.000241763176746, 0.000342513085343, 0.000439243623987, 0.000479015609017, 0.000181035822607, 3.56108357664e-005, 7.32155876904e-006, 5.08813445776e-006, 2.57976785178e-006, 7.15265713325e-008, 4.39739050728e-010, 3.98449467864e-011]
        median: [6.13711605979e-008, 2.57990068349e-005, 5.78157851123e-005, 6.44331958028e-005, 0.000146786987898, 0.000176845962415, 8.89350558282e-005, 5.99084160058e-005, 7.29327148292e-005, 5.64915244468e-005, 3.03098313452e-005, 3.67541797459e-005, 4.9002112064e-005, 4.30934487667e-005, 7.25652498659e-005, 0.000157142610988, 0.000174284359673, 0.000244497205131, 0.000371293281205, 0.000334404234309, 0.000117472955026, 2.14859865082e-005, 3.334799203e-006, 2.50450239037e-006, 1.03293155007e-006, 1.81499775209e-008, 1.37913819254e-010, 1.13663922024e-011]
        min: [1.91273723182e-024, 7.82247174278e-024, 5.56656542326e-024, 8.54595264503e-024, 5.00670610566e-024, 9.6578489355e-024, 2.49796749943e-023, 1.39697074232e-023, 2.85801276736e-023, 2.97132537887e-023, 1.72648803985e-023, 4.81553102953e-023, 2.15165598431e-023, 6.17268575315e-023, 1.03976638339e-022, 6.51975804572e-023, 1.13261632168e-022, 1.20809364956e-022, 1.88842812015e-022, 1.41780039364e-022, 2.58178296087e-022, 4.45974094043e-022, 4.41042160907e-022, 7.38542181758e-022, 1.02905125416e-021, 1.36134188371e-021, 2.14930018059e-021, 6.01059503197e-022]
        var: [3.10854640639e-013, 1.26127375211e-008, 5.73089735667e-008, 6.73113760286e-008, 1.44421704817e-007, 2.67955414301e-007, 9.29902341795e-008, 8.73944259183e-008, 7.17891239788e-008, 1.13069610563e-007, 6.34912282749e-008, 6.07652310691e-008, 5.8616180354e-008, 5.53898331646e-008, 6.99304720797e-008, 1.05015828922e-007, 9.50877279138e-008, 1.474156619e-007, 1.68706563386e-007, 2.91240752404e-007, 4.90253633245e-008, 2.37073738418e-009, 2.23663476628e-010, 1.34678893038e-010, 3.82651237085e-011, 2.64545702781e-014, 1.04917097015e-018, 5.11625385641e-021]
    mfcc:
        mean: [-734.982055664, 97.2803573608, -51.8446121216, 45.6339759827, -14.1431884766, -14.2525920868, 0.256237566471, -10.7751073837, -4.2602596283, -3.77989077568, -6.92623233795, -2.69430446625, -2.81025314331]
        cov: [[12149.4941406, 903.321533203, -712.582336426, 1419.6361084, -217.767700195, 375.500213623, 180.763687134, -40.6969223022, 273.096252441, 46.2885131836, -121.329078674, -98.9053192139, -137.980606079], [903.321533203, 891.619384766, -172.169616699, 174.479766846, -16.533613205, -51.9932556152, 69.4829788208, 1.5987405777, -29.3433494568, 32.8669548035, -0.863696396351, 20.1036281586, 11.3719577789], [-712.582336426, -172.169616699, 520.01953125, -49.2783966064, 121.780822754, 76.7284088135, 4.45364809036, 59.8369483948, -13.6607999802, 18.4472789764, 19.9740657806, 21.626947403, 19.561460495], [1419.6361084, 174.479766846, -49.2783966064, 397.656066895, 57.7966499329, 98.8999404907, 9.88398170471, 23.643573761, 71.0532684326, 10.1532640457, -19.0452365875, -11.1062602997, -7.79037857056], [-217.767700195, -16.533613205, 121.780822754, 57.7966499329, 178.441192627, 48.3647880554, 10.2234010696, 16.2735919952, 24.2436313629, 18.270860672, -7.18264389038, 8.76805019379, 5.9694442749], [375.500213623, -51.9932556152, 76.7284088135, 98.8999404907, 48.3647880554, 163.176010132, 35.7330551147, 33.6993904114, 35.0477371216, 3.16262817383, 18.4781780243, -9.39851379395, -4.57270336151], [180.763687134, 69.4829788208, 4.45364809036, 9.88398170471, 10.2234010696, 35.7330551147, 147.318695068, 28.4745025635, 13.6061124802, 27.9844360352, -11.9093942642, -0.242521494627, 0.42695376277], [-40.6969223022, 1.5987405777, 59.8369483948, 23.643573761, 16.2735919952, 33.6993904114, 28.4745025635, 92.8177108765, 32.9541549683, 11.1061906815, 9.2969751358, -1.30471456051, 8.05212116241], [273.096252441, -29.3433494568, -13.6607999802, 71.0532684326, 24.2436313629, 35.0477371216, 13.6061124802, 32.9541549683, 102.672538757, 23.7649307251, 2.86318802834, -6.70143032074, -6.76529741287], [46.2885131836, 32.8669548035, 18.4472789764, 10.1532640457, 18.270860672, 3.16262817383, 27.9844360352, 11.1061906815, 23.7649307251, 88.4620437622, 15.1053104401, 10.5020914078, 0.28144133091], [-121.329078674, -0.863696396351, 19.9740657806, -19.0452365875, -7.18264389038, 18.4781780243, -11.9093942642, 9.2969751358, 2.86318802834, 15.1053104401, 94.4438095093, 32.1879692078, 4.42787075043], [-98.9053192139, 20.1036281586, 21.626947403, -11.1062602997, 8.76805019379, -9.39851379395, -0.242521494627, -1.30471456051, -6.70143032074, 10.5020914078, 32.1879692078, 89.4992523193, 33.2797203064], [-137.980606079, 11.3719577789, 19.561460495, -7.79037857056, 5.9694442749, -4.57270336151, 0.42695376277, 8.05212116241, -6.76529741287, 0.28144133091, 4.42787075043, 33.2797203064, 74.5813598633]]
        icov: [[0.00018985409406, -5.5689139117e-005, 6.75728224451e-005, -0.000622005492914, 0.00046797687537, -0.000258895655861, -0.000148829814862, 0.000283388624666, -0.000153817862156, -7.7170523582e-005, 0.000179361319169, -8.45952599775e-005, 0.000207403820241], [-5.5689139117e-005, 0.00164605269674, 0.000426940328907, -0.000939841731451, -0.000276050821412, 0.00118373136502, -0.000907147303224, -0.000553567020688, 0.001388818142, -0.000457326648757, -0.000586607377045, -6.19192214799e-005, -0.000214372412302], [6.75728224451e-005, 0.000426940328907, 0.00307857128792, 0.000325477885781, -0.00171391130425, -0.00122653285507, 0.000388219399611, -0.00192527426407, 0.00165080174338, -0.000756612804253, 0.000101547666418, -0.000510120706167, -7.17298171367e-005], [-0.000622005492914, -0.000939841731451, 0.000325477885781, 0.0064373309724, -0.00228744675405, -0.00222057197243, 0.00184689741582, -0.000930926413275, -0.00180729397107, 0.000272506120382, 0.00109745981172, -0.000173533393536, -0.000436223082943], [0.00046797687537, -0.000276050821412, -0.00171391130425, -0.00228744675405, 0.00888980831951, -0.00176175113302, -0.000191749044461, 0.0015618938487, -0.00178229610901, -0.00114939268678, 0.00196128338575, -0.00116920704022, 0.000379343167879], [-0.000258895655861, 0.00118373136502, -0.00122653285507, -0.00222057197243, -0.00176175113302, 0.0110703352839, -0.00302578439005, -0.00117589556612, -0.00037698194501, 0.00182284449693, -0.00406563188881, 0.00213117245585, -0.000356363045285], [-0.000148829814862, -0.000907147303224, 0.000388219399611, 0.00184689741582, -0.000191749044461, -0.00302578439005, 0.00922699645162, -0.00248534441926, 7.36691290513e-005, -0.00272887130268, 0.00281104748137, -0.00091694452567, 0.000258654879872], [0.000283388624666, -0.000553567020688, -0.00192527426407, -0.000930926413275, 0.0015618938487, -0.00117589556612, -0.00248534441926, 0.0153933409601, -0.00523730181158, 0.000595253542997, -0.00122732133605, 0.00139821716584, -0.00185676000547], [-0.000153817862156, 0.001388818142, 0.00165080174338, -0.00180729397107, -0.00178229610901, -0.00037698194501, 7.36691290513e-005, -0.00523730181158, 0.0151610737666, -0.00359413330443, -0.000489356229082, 0.000384472077712, 0.00081278703874], [-7.7170523582e-005, -0.000457326648757, -0.000756612804253, 0.000272506120382, -0.00114939268678, 0.00182284449693, -0.00272887130268, 0.000595253542997, -0.00359413330443, 0.0140927303582, -0.00271540391259, -0.00052831141511, 0.000326737266732], [0.000179361319169, -0.000586607377045, 0.000101547666418, 0.00109745981172, 0.00196128338575, -0.00406563188881, 0.00281104748137, -0.00122732133605, -0.000489356229082, -0.00271540391259, 0.0148243783042, -0.00596935022622, 0.00196882407181], [-8.45952599775e-005, -6.19192214799e-005, -0.000510120706167, -0.000173533393536, -0.00116920704022, 0.00213117245585, -0.00091694452567, 0.00139821716584, 0.000384472077712, -0.00052831141511, -0.00596935022622, 0.0163369849324, -0.00685148360208], [0.000207403820241, -0.000214372412302, -7.17298171367e-005, -0.000436223082943, 0.000379343167879, -0.000356363045285, 0.000258654879872, -0.00185676000547, 0.00081278703874, 0.000326737266732, 0.00196882407181, -0.00685148360208, 0.0169574711472]]
    sccoeffs:
        dmean: [0.0497391708195, 0.0463733226061, 0.0372741743922, 0.0302451085299, 0.0207958575338, 0.015639513731]
        dmean2: [0.0821879208088, 0.074903100729, 0.0598001219332, 0.0490321069956, 0.03359734267, 0.0246683750302]
        dvar: [0.00178016617429, 0.00137713807635, 0.000894516240805, 0.00059682020219, 0.000299455830827, 0.000197156070499]
        dvar2: [0.00477908970788, 0.00360880815424, 0.00225219037384, 0.00152001786046, 0.000712233828381, 0.000437610084191]
        max: [-0.339445561171, -0.435754001141, -0.410993039608, -0.475609391928, -0.564957261086, -0.628644943237]
        mean: [-0.673193871975, -0.726801455021, -0.749959647655, -0.771117568016, -0.781184792519, -0.768342137337]
        median: [-0.675774633884, -0.732466816902, -0.757957816124, -0.777147293091, -0.784829616547, -0.762704968452]
        min: [-0.980771899223, -0.985001683235, -0.971961319447, -0.968172371387, -0.970059812069, -0.963684916496]
        var: [0.00543627375737, 0.00565933808684, 0.00546180317178, 0.00341179012321, 0.00195504608564, 0.00186357845087]
    scvalleys:
        dmean: [0.394706636667, 0.339251250029, 0.290512442589, 0.253264844418, 0.18957310915, 0.217069000006]
        dmean2: [0.629969418049, 0.549861013889, 0.463332742453, 0.399186313152, 0.290935277939, 0.300674706697]
        dvar: [0.126236066222, 0.0961989834905, 0.0748436152935, 0.0672801136971, 0.0528680644929, 0.0781522765756]
        dvar2: [0.283369421959, 0.220663055778, 0.156348630786, 0.133723780513, 0.0943145900965, 0.132991805673]
        max: [-5.12047100067, -4.57554197311, -5.52710294724, -5.70463323593, -5.61539745331, -7.37359523773]
        mean: [-7.56998443604, -6.95810174942, -7.49864864349, -7.60973072052, -7.34981870651, -10.0099210739]
        median: [-6.97776937485, -6.6135931015, -7.11989116669, -7.1526927948, -6.76070356369, -9.54977226257]
        min: [-27.4228382111, -27.6837005615, -27.6715354919, -27.4756526947, -27.4286899567, -27.3255290985]
        var: [2.99604463577, 2.07809185982, 1.90778326988, 2.07457017899, 2.35088515282, 2.3437204361]

rhythm:
    beats_loudness:
        dmean: 0.00173489574809
        dmean2: 0.00309953885153
        dvar: 2.76638206742e-006
        dvar2: 8.05812669569e-006
        max: 0.0127329109237
        mean: 0.00490993168205
        median: 0.00504313921556
        min: 7.84747614113e-012
        var: 9.606877029e-006
    bpm: 172.265151978
    bpm_confidence: 0
    first_peak_bpm: 172
    first_peak_spread: 0
    first_peak_weight: 0.485169500113
    onset_rate: 2.63724088669
    second_peak_bpm: 178
    second_peak_spread: 0
    second_peak_weight: 0.401483058929
    beats_loudness_band_ratio:
        dmean: [0.0930993184447, 0.0947976112366, 0.103155769408, 0.0775583982468, 0.0997891202569, 0.08851198107]
        dmean2: [0.164931282401, 0.159602001309, 0.178868189454, 0.135624781251, 0.170775011182, 0.152772650123]
        dvar: [0.00998401269317, 0.0103492233902, 0.0109836254269, 0.00671964976937, 0.00872628483921, 0.00766509305686]
        dvar2: [0.0298777259886, 0.0268697645515, 0.0308590680361, 0.0182091854513, 0.0226455274969, 0.0212211553007]
        max: [0.75796097517, 0.912914931774, 0.92597001791, 0.687379300594, 0.778927862644, 0.9212449193]
        mean: [0.115653812885, 0.144069299102, 0.160134702921, 0.127083420753, 0.251900553703, 0.232241690159]
        median: [0.0897067785263, 0.107497684658, 0.124178782105, 0.0952227935195, 0.241195619106, 0.235319912434]
        min: [0, 0, 0, 0, 0, 0]
        var: [0.0110153257847, 0.0171240568161, 0.0161768328398, 0.010015594773, 0.0141064142808, 0.0126522472128]
