
metadata:
    version:
        essentia: "2.1-beta2"
    audio_properties:
        analysis_sample_rate: 44100
        bitrate: 320
        channels: 2
        equal_loudness: 1
        length: 196.806533813
        replay_gain: -14.8391628265
        downmix: "mix"
    tags:
        album: "Evans Blue"
        artist: "Evans Blue"
        comment: ""
        date: "2009"
        genre: "Hard Rock"
        title: "Buried Alive"
        tracknumber: "1"

configuration:
    average_loudness:
        compute: 1
        frameSize: 88200
        hopSize: 44100
        silentFrames: "noise"
        windowType: "hann"
    general:
        analysisSampleRate: 44100
        endTime: 2000
        equalLoudness: 1
        nequalLoudness: 0
        shortSound: 0
        startTime: 0
    lowlevel:
        compute: 1
        frameSize: 2048
        hopSize: 1024
        zeroPadding: 0
        silentFrames: "noise"
        windowType: "blackmanharris62"
        mfccStats: ["mean", "cov", "icov"]
        stats: ["mean", "var", "median", "min", "max", "dmean", "dmean2", "dvar", "dvar2"]
    panning:
        compute: 0
        frameSize: 8192
        hopSize: 2048
        zeroPadding: 8192
        silentFrames: "noise"
        windowType: "hann"
        stats: ["copy"]
    rhythm:
        compute: 1
        maxTempo: 208
        minTempo: 40
        method: "degara"
        stats: ["mean", "var", "median", "min", "max", "dmean", "dmean2", "dvar", "dvar2"]
    segmentation:
        compute: 0
        cpw: 5
        inc1: 300
        inc2: 50
        minimumSegmentsLength: 10
        size1: 1000
        size2: 600
    sfx:
        compute: 1
        stats: ["mean", "var", "median", "min", "max", "dmean", "dmean2", "dvar", "dvar2"]
    svm:
        compute: 0
    tonal:
        compute: 1
        frameSize: 4096
        hopSize: 2048
        zeroPadding: 0
        silentFrames: "noise"
        windowType: "blackmanharris62"
        stats: ["mean", "var", "median", "min", "max", "dmean", "dmean2", "dvar", "dvar2"]

lowlevel:
    average_loudness: 0.939205169678
    barkbands_kurtosis:
        dmean: 0.877136528492
        dmean2: 1.32945871353
        dvar: 4.21164941788
        dvar2: 8.53123855591
        max: 75.3555831909
        mean: -0.352290004492
        median: -1.26763522625
        min: -1.88583827019
        var: 9.32732772827
    barkbands_skewness:
        dmean: 0.406384766102
        dmean2: 0.622359991074
        dvar: 0.174779757857
        dvar2: 0.398494511843
        max: 7.88711738586
        mean: 0.278305351734
        median: 0.0985949039459
        min: -3.57604122162
        var: 0.997173190117
    barkbands_spread:
        dmean: 5.11091947556
        dmean2: 7.99549388885
        dvar: 28.517621994
        dvar2: 67.3017120361
        max: 64.6944885254
        mean: 34.0713577271
        median: 34.8282356262
        min: 1.12574386597
        var: 97.9615097046
    dissonance:
        dmean: 0.0122288046405
        dmean2: 0.020661232993
        dvar: 0.000145712983795
        dvar2: 0.000396043993533
        max: 0.500000059605
        mean: 0.477912575006
        median: 0.482308655977
        min: 0.311015725136
        var: 0.000330643524649
    hfc:
        dmean: 2.09949207306
        dmean2: 3.45821857452
        dvar: 8.1820526123
        dvar2: 21.2758102417
        max: 32.177936554
        mean: 8.31054496765
        median: 8.18432331085
        min: 1.10174495274e-016
        var: 31.6518993378
    pitch:
        dmean: 792.948181152
        dmean2: 1540.75537109
        dvar: 1778232.125
        dvar2: 4415360
        max: 4778.39404297
        mean: 1475.35290527
        median: 386.295684814
        min: 51.8187065125
        var: 2602745.25
    pitch_instantaneous_confidence:
        dmean: 0.0808154568076
        dmean2: 0.130994051695
        dvar: 0.0050719496794
        dvar2: 0.012154173106
        max: 0.973579585552
        mean: 0.415615677834
        median: 0.385978579521
        min: 0.0801350474358
        var: 0.0218294747174
    pitch_salience:
        dmean: 0.0582422316074
        dmean2: 0.0952623710036
        dvar: 0.00279192207381
        dvar2: 0.00709851644933
        max: 0.985967874527
        mean: 0.632516562939
        median: 0.645174562931
        min: 0.0563172399998
        var: 0.00908825360239
    silence_rate_20dB:
        dmean: 0
        dmean2: 0
        dvar: 0
        dvar2: 0
        max: 1
        mean: 1
        median: 1
        min: 1
        var: 0
    silence_rate_30dB:
        dmean: 0
        dmean2: 0
        dvar: 0
        dvar2: 0
        max: 1
        mean: 1
        median: 1
        min: 1
        var: 0
    silence_rate_60dB:
        dmean: 0.0832940042019
        dmean2: 0.166607663035
        dvar: 0.0763584151864
        dvar2: 0.161726012826
        max: 1
        mean: 0.270850539207
        median: 0
        min: 0
        var: 0.19749084115
    spectral_centroid:
        dmean: 247.77507019
        dmean2: 390.697143555
        dvar: 65471.4921875
        dvar2: 154753.703125
        max: 11550.3183594
        mean: 1645.88037109
        median: 1670.34020996
        min: 227.875640869
        var: 681099.1875
    spectral_complexity:
        dmean: 3.54554033279
        dmean2: 5.83244848251
        dvar: 16.0464897156
        dvar2: 39.9443244934
        max: 51
        mean: 15.3797330856
        median: 16
        min: 0
        var: 81.9329452515
    spectral_crest:
        dmean: 1.95712983608
        dmean2: 3.20792174339
        dvar: 3.68342638016
        dvar2: 8.85078525543
        max: 25.0117397308
        mean: 7.56816291809
        median: 6.49631738663
        min: 2.51739835739
        var: 12.7552270889
    spectral_decrease:
        dmean: 2.95248742122e-010
        dmean2: 4.874047832e-010
        dvar: 1.80829178228e-019
        dvar2: 4.71200851001e-019
        max: 1.22485437048e-028
        mean: -1.09931164172e-009
        median: -1.06445863235e-009
        min: -4.90480811521e-009
        var: 3.98394946725e-019
    spectral_energy:
        dmean: 0.00126936577726
        dmean2: 0.00209702341817
        dvar: 3.32578997586e-006
        dvar2: 8.6522059064e-006
        max: 0.0212516225874
        mean: 0.00490286014974
        median: 0.00475928978994
        min: 1.00534845025e-020
        var: 7.98423843662e-006
    spectral_energyband_high:
        dmean: 0.00014930999896
        dmean2: 0.000250972399954
        dvar: 4.60814177927e-008
        dvar2: 1.23779017258e-007
        max: 0.0032888171263
        mean: 0.000407087907661
        median: 0.000357964716386
        min: 7.01891587982e-021
        var: 1.1684798551e-007
    spectral_energyband_low:
        dmean: 0.000279919302557
        dmean2: 0.000494419713505
        dvar: 4.1458662281e-007
        dvar2: 1.18140326322e-006
        max: 0.00555864349008
        mean: 0.000367831380572
        median: 0.000200312962988
        min: 1.99331093248e-023
        var: 3.26915710502e-007
    spectral_energyband_middle_high:
        dmean: 0.000601146835834
        dmean2: 0.000964886508882
        dvar: 5.44396698388e-007
        dvar2: 1.35565596793e-006
        max: 0.00940642040223
        mean: 0.00225578201935
        median: 0.00202366453595
        min: 1.26848560929e-021
        var: 2.94869482786e-006
    spectral_energyband_middle_low:
        dmean: 0.000760164111853
        dmean2: 0.0012393433135
        dvar: 1.26053907934e-006
        dvar2: 3.27170459968e-006
        max: 0.01237358246
        mean: 0.00206077750772
        median: 0.00185230735224
        min: 2.50796653228e-022
        var: 2.10573966797e-006
    spectral_flatness_db:
        dmean: 0.0145115917549
        dmean2: 0.022223809734
        dvar: 0.000217819586396
        dvar2: 0.000475981883937
        max: 0.367429614067
        mean: 0.153241112828
        median: 0.146436601877
        min: 0.0566130131483
        var: 0.00143905798905
    spectral_flux:
        dmean: 0.00858162716031
        dmean2: 0.0132102649659
        dvar: 0.000101166071545
        dvar2: 0.00019084494852
        max: 0.108644321561
        mean: 0.0392062179744
        median: 0.0390875004232
        min: 6.43684966439e-011
        var: 0.000319059414323
    spectral_kurtosis:
        dmean: 1.13269734383
        dmean2: 1.93029749393
        dvar: 2.36056876183
        dvar2: 6.66107988358
        max: 38.8185691833
        mean: 3.34777092934
        median: 2.8795671463
        min: -1.24732720852
        var: 4.77397680283
    spectral_rms:
        dmean: 0.000266998831648
        dmean2: 0.000431555556133
        dvar: 1.14503066584e-007
        dvar2: 2.87704693847e-007
        max: 0.00455338228494
        mean: 0.00206619151868
        median: 0.00215481081977
        min: 3.1318170713e-012
        var: 5.1410739843e-007
    spectral_rolloff:
        dmean: 390.678741455
        dmean2: 643.684936523
        dvar: 315180.875
        dvar2: 687536.375
        max: 19444.4824219
        mean: 3227.87744141
        median: 3445.3125
        min: 215.33203125
        var: 1891197.25
    spectral_skewness:
        dmean: 0.167927101254
        dmean2: 0.273706674576
        dvar: 0.0348738767207
        dvar2: 0.089157320559
        max: 4.09920072556
        mean: 1.2248929739
        median: 1.18324887753
        min: -0.0671551004052
        var: 0.118934877217
    spectral_spread:
        dmean: 427899.9375
        dmean2: 620916.75
        dvar: 477722050560
        dvar2: 860810706944
        max: 42906460
        mean: 4646612.5
        median: 4242595
        min: 1498630.375
        var: 6.7629613056e+012
    spectral_strongpeak:
        dmean: 0.456777215004
        dmean2: 0.778356611729
        dvar: 0.576226234436
        dvar2: 1.4339517355
        max: 8.55734539032
        mean: 0.772018313408
        median: 0.279316812754
        min: 2.40867409351e-010
        var: 1.26356351376
    zerocrossingrate:
        dmean: 0.00787079893053
        dmean2: 0.00953303650022
        dvar: 5.99884551775e-005
        dvar2: 7.40317482268e-005
        max: 0.5263671875
        mean: 0.0960475206375
        median: 0.0986328125
        min: 0.013671875
        var: 0.00138425501063
    barkbands:
        dmean: [4.11330660199e-007, 6.63541868562e-005, 0.000148237697431, 0.000192619088921, 0.000395990791731, 0.000208850207855, 0.000141856420669, 0.000104123391793, 0.000109360764327, 8.27520270832e-005, 6.78518917994e-005, 4.4221385906e-005, 3.42611019732e-005, 5.53863064852e-005, 6.87840292812e-005, 0.000101577752503, 0.000191140017705, 0.00016180385137, 0.000205163931241, 0.000181097202585, 7.0526599302e-005, 1.84076670848e-005, 3.14586372951e-006, 1.37262190947e-006, 9.8081318356e-007, 3.38328618454e-008, 4.15048745372e-010]
        dmean2: [6.05408899901e-007, 0.000116521347081, 0.000267229741439, 0.00033008508035, 0.000647892826237, 0.000348515226506, 0.000239671440795, 0.000168703656527, 0.000175205408596, 0.000127541585243, 0.000101956131402, 7.02360266587e-005, 5.47975614609e-005, 8.91465097084e-005, 0.000108678927063, 0.000164182987646, 0.000314316130243, 0.000266661256319, 0.000345555279637, 0.000303147826344, 0.000120836637507, 3.04663190036e-005, 5.04319768879e-006, 2.15842078433e-006, 1.49783215875e-006, 5.18670297822e-008, 6.97447988252e-010]
        dvar: [6.04190254685e-013, 2.58974051093e-008, 1.32649986995e-007, 1.10037383649e-007, 3.45302709093e-007, 1.29290071982e-007, 1.02289590131e-007, 5.91381521531e-008, 4.45747758704e-008, 4.76414001582e-008, 4.01537505468e-008, 9.99711868843e-009, 6.9925545354e-009, 1.19553815736e-008, 2.15203090903e-008, 3.81587881293e-008, 1.03322925327e-007, 4.43299370545e-008, 7.63545671134e-008, 5.20308418572e-008, 1.18472831545e-008, 1.01166808264e-009, 3.32604603581e-011, 7.44008500642e-012, 6.91544824877e-012, 1.01414738085e-014, 7.12156857378e-019]
        dvar2: [1.22948407098e-012, 7.23523712054e-008, 3.82895535722e-007, 3.03972740312e-007, 8.93437345439e-007, 3.49745050698e-007, 2.75006300399e-007, 1.48367973907e-007, 1.10552342392e-007, 1.07088922618e-007, 8.35594491377e-008, 2.28267076352e-008, 1.65619749026e-008, 2.85811108114e-008, 4.58166233841e-008, 8.70236718242e-008, 2.6824585575e-007, 1.13256582779e-007, 2.03934234833e-007, 1.38911389058e-007, 3.27821432222e-008, 2.69155320254e-009, 8.29858751161e-011, 1.67859892652e-011, 1.53209667175e-011, 2.40851057224e-014, 1.77782310141e-018]
        max: [2.12556824408e-005, 0.00143296993338, 0.00318050477654, 0.00526562612504, 0.00864151585847, 0.00589507212862, 0.00491028884426, 0.00714989565313, 0.00372128305025, 0.00558238709345, 0.00477989669889, 0.00215581897646, 0.00169566099066, 0.00219650031067, 0.00423684483394, 0.00510282954201, 0.00558975711465, 0.00367794116028, 0.00378934666514, 0.00307812588289, 0.00128527579363, 0.000518381944858, 9.31314134505e-005, 7.29616804165e-005, 7.36914735171e-005, 2.0900272375e-006, 2.27861622903e-008]
        mean: [7.31872660253e-007, 8.28927368275e-005, 0.000149599844008, 0.000277301063761, 0.000797979708295, 0.000364280596841, 0.000199204863748, 0.000158115290105, 0.000185809767572, 0.000146472608321, 0.000143966448377, 7.36956571927e-005, 5.45367147424e-005, 8.97077770787e-005, 0.00011776687461, 0.00018653832376, 0.00038524941192, 0.00037345540477, 0.000453413958894, 0.000446381047368, 0.000160634590429, 4.30296531704e-005, 7.05121419742e-006, 3.10312930196e-006, 1.88496198916e-006, 5.44106733003e-008, 4.95537499923e-010]
        median: [3.35883527214e-007, 4.16556467826e-005, 6.23248561169e-005, 0.000158269656822, 0.00060352741275, 0.000217172651901, 9.61882105912e-005, 7.07093349774e-005, 9.37294462346e-005, 4.73486434203e-005, 2.81515240204e-005, 3.05214380205e-005, 1.98427023861e-005, 4.08615051128e-005, 4.82813629787e-005, 0.000105848099338, 0.000248552183621, 0.000274235906545, 0.000381627993193, 0.000392376969103, 0.000131856024382, 2.88983228529e-005, 3.57879116564e-006, 1.50840321567e-006, 7.54552786475e-007, 1.77879204699e-008, 2.02044464492e-010]
        min: [4.94655772961e-025, 4.3669020462e-024, 1.37809848762e-024, 1.66820395906e-024, 1.04691340008e-023, 1.12500045339e-023, 1.46712619366e-023, 1.16439111829e-023, 2.44155368951e-023, 1.9899811506e-023, 2.78352568079e-023, 3.17300429572e-023, 3.04388859147e-023, 2.93338274705e-023, 5.23241625003e-023, 4.18407816716e-023, 1.10586055791e-022, 8.52307410106e-023, 1.79014122629e-022, 1.94797386563e-022, 3.12557545375e-022, 3.3888921752e-022, 4.29591737583e-022, 6.20491128911e-022, 8.43344612315e-022, 1.31271624508e-021, 2.00940043222e-021]
        var: [1.52630024505e-012, 1.97284766301e-008, 9.20786931147e-008, 1.35400341605e-007, 5.58001715945e-007, 2.02506797109e-007, 1.08601660997e-007, 8.79827481981e-008, 8.10063767176e-008, 1.06522563215e-007, 1.82682370564e-007, 2.05558734478e-008, 1.46400953582e-008, 2.220749451e-008, 5.51185124209e-008, 1.035732069e-007, 2.431427788e-007, 1.54618632564e-007, 1.65600596347e-007, 1.45647604199e-007, 2.22094893587e-008, 2.19590834405e-009, 7.35313129829e-011, 1.88516147137e-011, 1.40420392328e-011, 1.68521694131e-014, 9.91887368559e-019]
    frequency_bands:
        dmean: [4.11330660199e-007, 6.63541868562e-005, 0.000148237697431, 0.000192619088921, 0.000395990791731, 0.000208850207855, 0.000141856420669, 0.000104123391793, 0.000109360764327, 8.27520270832e-005, 6.78518917994e-005, 4.4221385906e-005, 3.42611019732e-005, 5.53863064852e-005, 6.87840292812e-005, 0.000101577752503, 0.000191140017705, 0.00016180385137, 0.000205163931241, 0.000181097202585, 7.0526599302e-005, 1.84076670848e-005, 3.14586372951e-006, 1.37262190947e-006, 9.8081318356e-007, 3.38328618454e-008, 4.15048745372e-010, 5.68562558145e-011]
        dmean2: [6.05408899901e-007, 0.000116521347081, 0.000267229741439, 0.00033008508035, 0.000647892826237, 0.000348515226506, 0.000239671440795, 0.000168703656527, 0.000175205408596, 0.000127541585243, 0.000101956131402, 7.02360266587e-005, 5.47975614609e-005, 8.91465097084e-005, 0.000108678927063, 0.000164182987646, 0.000314316130243, 0.000266661256319, 0.000345555279637, 0.000303147826344, 0.000120836637507, 3.04663190036e-005, 5.04319768879e-006, 2.15842078433e-006, 1.49783215875e-006, 5.18670297822e-008, 6.97447988252e-010, 1.05990709265e-010]
        dvar: [6.04190254685e-013, 2.58974051093e-008, 1.32649986995e-007, 1.10037383649e-007, 3.45302709093e-007, 1.29290071982e-007, 1.02289590131e-007, 5.91381521531e-008, 4.45747758704e-008, 4.76414001582e-008, 4.01537505468e-008, 9.99711868843e-009, 6.9925545354e-009, 1.19553815736e-008, 2.15203090903e-008, 3.81587881293e-008, 1.03322925327e-007, 4.43299370545e-008, 7.63545671134e-008, 5.20308418572e-008, 1.18472831545e-008, 1.01166808264e-009, 3.32604603581e-011, 7.44008500642e-012, 6.91544824877e-012, 1.01414738085e-014, 7.12156857378e-019, 6.7570187041e-021]
        dvar2: [1.22948407098e-012, 7.23523712054e-008, 3.82895535722e-007, 3.03972740312e-007, 8.93437345439e-007, 3.49745050698e-007, 2.75006300399e-007, 1.48367973907e-007, 1.10552342392e-007, 1.07088922618e-007, 8.35594491377e-008, 2.28267076352e-008, 1.65619749026e-008, 2.85811108114e-008, 4.58166233841e-008, 8.70236718242e-008, 2.6824585575e-007, 1.13256582779e-007, 2.03934234833e-007, 1.38911389058e-007, 3.27821432222e-008, 2.69155320254e-009, 8.29858751161e-011, 1.67859892652e-011, 1.53209667175e-011, 2.40851057224e-014, 1.77782310141e-018, 2.14536739722e-020]
        max: [2.12556824408e-005, 0.00143296993338, 0.00318050477654, 0.00526562612504, 0.00864151585847, 0.00589507212862, 0.00491028884426, 0.00714989565313, 0.00372128305025, 0.00558238709345, 0.00477989669889, 0.00215581897646, 0.00169566099066, 0.00219650031067, 0.00423684483394, 0.00510282954201, 0.00558975711465, 0.00367794116028, 0.00378934666514, 0.00307812588289, 0.00128527579363, 0.000518381944858, 9.31314134505e-005, 7.29616804165e-005, 7.36914735171e-005, 2.0900272375e-006, 2.27861622903e-008, 8.2980938787e-010]
        mean: [7.31872660253e-007, 8.28927368275e-005, 0.000149599844008, 0.000277301063761, 0.000797979708295, 0.000364280596841, 0.000199204863748, 0.000158115290105, 0.000185809767572, 0.000146472608321, 0.000143966448377, 7.36956571927e-005, 5.45367147424e-005, 8.97077770787e-005, 0.00011776687461, 0.00018653832376, 0.00038524941192, 0.00037345540477, 0.000453413958894, 0.000446381047368, 0.000160634590429, 4.30296531704e-005, 7.05121419742e-006, 3.10312930196e-006, 1.88496198916e-006, 5.44106733003e-008, 4.95537499923e-010, 4.35958248668e-011]
        median: [3.35883527214e-007, 4.16556467826e-005, 6.23248561169e-005, 0.000158269656822, 0.00060352741275, 0.000217172651901, 9.61882105912e-005, 7.07093349774e-005, 9.37294462346e-005, 4.73486434203e-005, 2.81515240204e-005, 3.05214380205e-005, 1.98427023861e-005, 4.08615051128e-005, 4.82813629787e-005, 0.000105848099338, 0.000248552183621, 0.000274235906545, 0.000381627993193, 0.000392376969103, 0.000131856024382, 2.88983228529e-005, 3.57879116564e-006, 1.50840321567e-006, 7.54552786475e-007, 1.77879204699e-008, 2.02044464492e-010, 1.48444468523e-011]
        min: [4.94655772961e-025, 4.3669020462e-024, 1.37809848762e-024, 1.66820395906e-024, 1.04691340008e-023, 1.12500045339e-023, 1.46712619366e-023, 1.16439111829e-023, 2.44155368951e-023, 1.9899811506e-023, 2.78352568079e-023, 3.17300429572e-023, 3.04388859147e-023, 2.93338274705e-023, 5.23241625003e-023, 4.18407816716e-023, 1.10586055791e-022, 8.52307410106e-023, 1.79014122629e-022, 1.94797386563e-022, 3.12557545375e-022, 3.3888921752e-022, 4.29591737583e-022, 6.20491128911e-022, 8.43344612315e-022, 1.31271624508e-021, 2.00940043222e-021, 4.9266077568e-022]
        var: [1.52630024505e-012, 1.97284766301e-008, 9.20786931147e-008, 1.35400341605e-007, 5.58001715945e-007, 2.02506797109e-007, 1.08601660997e-007, 8.79827481981e-008, 8.10063767176e-008, 1.06522563215e-007, 1.82682370564e-007, 2.05558734478e-008, 1.46400953582e-008, 2.220749451e-008, 5.51185124209e-008, 1.035732069e-007, 2.431427788e-007, 1.54618632564e-007, 1.65600596347e-007, 1.45647604199e-007, 2.22094893587e-008, 2.19590834405e-009, 7.35313129829e-011, 1.88516147137e-011, 1.40420392328e-011, 1.68521694131e-014, 9.91887368559e-019, 5.37198352825e-021]
    mfcc:
        mean: [-717.909667969, 105.870941162, -44.4295768738, 64.2191925049, -13.1957883835, -11.4187812805, -3.52698326111, -8.53850841522, -2.9145963192, -8.5779094696, -7.33361291885, -6.26755475998, -7.7409029007]
        cov: [[7605.41992188, 606.921691895, -784.588989258, 701.733276367, -497.157806396, -153.834655762, -77.2144927979, 164.255935669, 165.528213501, -39.5428199768, -199.376113892, -129.593170166, 26.8453216553], [606.921691895, 1109.38330078, -259.332794189, 348.777435303, 93.8314819336, 9.99049186707, 151.060668945, -3.51362657547, 5.18815994263, -13.6698131561, 10.5001277924, -11.2724285126, -52.8832397461], [-784.588989258, -259.332794189, 496.58416748, -96.1954650879, 120.927963257, 48.2313652039, -10.0882978439, -10.7835321426, -33.314125061, 23.232925415, 42.9219932556, 20.6901054382, 7.92797136307], [701.733276367, 348.777435303, -96.1954650879, 341.711791992, 21.6487255096, 17.3597583771, 41.9349098206, 25.654794693, 64.5562515259, 4.67892122269, -16.262386322, -7.70644950867, -7.18637228012], [-497.157806396, 93.8314819336, 120.927963257, 21.6487255096, 233.36114502, 30.8789386749, 19.1729469299, -16.8974075317, -1.82908070087, 24.79114151, 19.5200252533, 19.8862571716, -10.7220153809], [-153.834655762, 9.99049186707, 48.2313652039, 17.3597583771, 30.8789386749, 116.837554932, 43.3363075256, 21.4820766449, -1.60829102993, 11.8860826492, 26.2753276825, 1.77629029751, -10.2315578461], [-77.2144927979, 151.060668945, -10.0882978439, 41.9349098206, 19.1729469299, 43.3363075256, 139.347213745, 41.0256614685, 5.44356441498, 3.66213512421, 21.6609630585, 2.65981578827, -9.22876834869], [164.255935669, -3.51362657547, -10.7835321426, 25.654794693, -16.8974075317, 21.4820766449, 41.0256614685, 109.893188477, 50.3928871155, 15.1847267151, -9.79868984222, -5.51989412308, 8.93411827087], [165.528213501, 5.18815994263, -33.314125061, 64.5562515259, -1.82908070087, -1.60829102993, 5.44356441498, 50.3928871155, 107.218231201, 34.4403610229, -11.8282432556, -8.87671947479, 6.69933700562], [-39.5428199768, -13.6698131561, 23.232925415, 4.67892122269, 24.79114151, 11.8860826492, 3.66213512421, 15.1847267151, 34.4403610229, 70.3023986816, 28.3995094299, 8.08361434937, -4.16485834122], [-199.376113892, 10.5001277924, 42.9219932556, -16.262386322, 19.5200252533, 26.2753276825, 21.6609630585, -9.79868984222, -11.8282432556, 28.3995094299, 77.6957702637, 28.8594284058, -3.83402466774], [-129.593170166, -11.2724285126, 20.6901054382, -7.70644950867, 19.8862571716, 1.77629029751, 2.65981578827, -5.51989412308, -8.87671947479, 8.08361434937, 28.8594284058, 59.0863647461, 23.4276275635], [26.8453216553, -52.8832397461, 7.92797136307, -7.18637228012, -10.7220153809, -10.2315578461, -9.22876834869, 8.93411827087, 6.69933700562, -4.16485834122, -3.83402466774, 23.4276275635, 61.1395797729]]
        icov: [[0.000236635372858, -1.57275644597e-005, 0.000162607233506, -0.000499737914652, 0.000389231485315, 0.000154166089487, 0.000263459369307, -0.0003399621055, 0.000266411836492, -0.000231885205721, 0.000168991740793, 0.000262903486146, -0.000148957362399], [-1.57275644597e-005, 0.00206703389995, 0.000964343023952, -0.00180558278225, -0.00109228596557, 0.000757544243243, -0.00169300183188, 0.000282296154182, 0.00107885350008, 0.000251246819971, -0.000746750563849, 0.000413479050621, 0.000789581157733], [0.000162607233506, 0.000964343023952, 0.00327592226677, -0.000536158448085, -0.00164226943161, -0.000356284814188, 3.27031666529e-005, -0.000549888645764, 0.00134273583535, -0.000312103307806, -0.00122816592921, 0.000908859539777, -0.000581094413064], [-0.000499737914652, -0.00180558278225, -0.000536158448085, 0.00645895069465, -0.000466238154331, -0.00166620360687, -3.63004328392e-005, 0.00115023599938, -0.00415052939206, 0.0011435149936, 0.000892232055776, -0.00133008637931, 5.05301213707e-005], [0.000389231485315, -0.00109228596557, -0.00164226943161, -0.000466238154331, 0.00690523907542, -0.000924382533412, 0.000299925362924, 0.0009795014048, -0.000396091578295, -0.00232644123025, 0.0022422184702, -0.00224691838957, 0.000887391506694], [0.000154166089487, 0.000757544243243, -0.000356284814188, -0.00166620360687, -0.000924382533412, 0.0115963276476, -0.00251937052235, -0.0024277230259, 0.0017930084141, -0.000148752063978, -0.00342864915729, 0.00177115108818, 0.00109059724491], [0.000263459369307, -0.00169300183188, 3.27031666529e-005, -3.63004328392e-005, 0.000299925362924, -0.00251937052235, 0.0117823444307, -0.00506809540093, 0.000737611495424, 0.00134316948242, -0.00278284959495, 0.000398797070375, 0.000244853057666], [-0.0003399621055, 0.000282296154182, -0.000549888645764, 0.00115023599938, 0.0009795014048, -0.0024277230259, -0.00506809540093, 0.0153560265899, -0.00661472277716, -0.00104887387715, 0.00312681077048, -0.000718461931683, -0.00151874392759], [0.000266411836492, 0.00107885350008, 0.00134273583535, -0.00415052939206, -0.000396091578295, 0.0017930084141, 0.000737611495424, -0.00661472277716, 0.0183754432946, -0.00895893387496, 0.00225310120732, 0.00294431694783, -0.00214794790372], [-0.000231885205721, 0.000251246819971, -0.000312103307806, 0.0011435149936, -0.00232644123025, -0.000148752063978, 0.00134316948242, -0.00104887387715, -0.00895893387496, 0.0237404573709, -0.0098777115345, -0.000345221837051, 0.00252888887189], [0.000168991740793, -0.000746750563849, -0.00122816592921, 0.000892232055776, 0.0022422184702, -0.00342864915729, -0.00278284959495, 0.00312681077048, 0.00225310120732, -0.0098777115345, 0.0241895467043, -0.0108732087538, 0.00325006968342], [0.000262903486146, 0.000413479050621, 0.000908859539777, -0.00133008637931, -0.00224691838957, 0.00177115108818, 0.000398797070375, -0.000718461931683, 0.00294431694783, -0.000345221837051, -0.0108732087538, 0.0281815622002, -0.0117911212146], [-0.000148957362399, 0.000789581157733, -0.000581094413064, 5.05301213707e-005, 0.000887391506694, 0.00109059724491, 0.000244853057666, -0.00151874392759, -0.00214794790372, 0.00252888887189, 0.00325006968342, -0.0117911212146, 0.0229122787714]]
    sccoeffs:
        dmean: [0.0502658560872, 0.0473174266517, 0.037302352488, 0.0306044854224, 0.02017477341, 0.0177640002221]
        dmean2: [0.083118185401, 0.0788049772382, 0.0604896210134, 0.0496294163167, 0.032974511385, 0.0281883366406]
        dvar: [0.00180809851736, 0.00146689696703, 0.000933712522965, 0.000675277784467, 0.000288051262032, 0.000293965655146]
        dvar2: [0.00480811716989, 0.00407019304112, 0.00237776595168, 0.00165515381377, 0.000699265685398, 0.00067113165278]
        max: [-0.336021959782, -0.452706426382, -0.455486506224, -0.518378794193, -0.608036518097, -0.575378775597]
        mean: [-0.66085845232, -0.750268518925, -0.774383604527, -0.78595495224, -0.793335795403, -0.737970411777]
        median: [-0.663779914379, -0.753669500351, -0.787008941174, -0.795098602772, -0.796127259731, -0.734057605267]
        min: [-0.9778906703, -0.982514858246, -0.979496598244, -0.974865674973, -0.975361943245, -0.965473473072]
        var: [0.00618426362053, 0.00408635288477, 0.00534962676466, 0.0033621606417, 0.0016469451366, 0.0021122682374]
    scvalleys:
        dmean: [0.338836491108, 0.361990362406, 0.315845191479, 0.289695590734, 0.232391804457, 0.269523620605]
        dmean2: [0.560018777847, 0.595565438271, 0.507456243038, 0.448019295931, 0.359690338373, 0.384516865015]
        dvar: [0.0998578593135, 0.11046873033, 0.0824546068907, 0.0829632729292, 0.0899953097105, 0.153954401612]
        dvar2: [0.236654952168, 0.268593668938, 0.181262478232, 0.174712345004, 0.192457422614, 0.316775202751]
        max: [-4.98768472672, -4.34959506989, -5.47761249542, -5.75275039673, -5.52050685883, -7.81083154678]
        mean: [-6.80388975143, -6.66421747208, -7.38175058365, -7.60357999802, -7.08429956436, -10.0768003464]
        median: [-6.43481445313, -6.37248849869, -7.05173492432, -7.27619171143, -6.59412384033, -9.7111530304]
        min: [-28.0792617798, -28.0077724457, -27.7448978424, -27.5200481415, -27.4013252258, -27.38463974]
        var: [3.21743607521, 2.91276860237, 2.82396125793, 2.73823451996, 3.01594042778, 2.86612677574]

rhythm:
    beats_loudness:
        dmean: 0.00336911901832
        dmean2: 0.00646392116323
        dvar: 5.76759248361e-006
        dvar2: 2.03628242161e-005
        max: 0.0157697200775
        mean: 0.00637909956276
        median: 0.00638250540942
        min: 5.14341957913e-010
        var: 9.1964211606e-006
    bpm: 90.9272155762
    bpm_confidence: 0
    first_peak_bpm: 91
    first_peak_spread: 0.0506756901741
    first_peak_weight: 0.949324309826
    onset_rate: 2.93689441681
    second_peak_bpm: 0
    second_peak_spread: 0
    second_peak_weight: 0
    beats_loudness_band_ratio:
        dmean: [0.126819983125, 0.144097074866, 0.0938978865743, 0.0620866715908, 0.10043271631, 0.0860570892692]
        dmean2: [0.229648604989, 0.264127165079, 0.163054227829, 0.110484234989, 0.178492963314, 0.152371436357]
        dvar: [0.0107956640422, 0.012189113535, 0.011474118568, 0.00551019236445, 0.00846020691097, 0.00693866144866]
        dvar2: [0.0328896455467, 0.0359435789287, 0.0292795468122, 0.0160853620619, 0.0250654723495, 0.0194393079728]
        max: [0.59705644846, 0.718964159489, 0.972987115383, 0.506343841553, 0.642515361309, 0.671269834042]
        mean: [0.181829124689, 0.250009387732, 0.145711705089, 0.0795271992683, 0.225600168109, 0.208004057407]
        median: [0.164282023907, 0.235944926739, 0.115815103054, 0.0548639856279, 0.20924668014, 0.198104485869]
        min: [7.57760208216e-005, 0.00234775524586, 0.0140333157033, 0.00745115382597, 0.0110402097926, 0.004225875251]
        var: [0.0134619800374, 0.017426315695, 0.0116184111685, 0.00486128637567, 0.0107596535236, 0.00884701311588]
    beats_position: [0.708208620548, 1.39319729805, 2.07818579674, 2.76317453384, 3.43655323982, 4.1099319458, 4.77170038223, 5.4334692955, 6.08362817764, 6.74539661407, 7.40716552734, 8.06893444061, 8.73070240021, 9.38086128235, 10.0426301956, 10.7043991089, 11.3661680222, 12.0279359818, 12.6780948639, 13.3398637772, 14.0016326904, 14.66340065, 15.3251695633, 15.9869384766, 16.6487064362, 17.298866272, 17.9606342316, 18.6224040985, 19.272562027, 19.9343299866, 20.5960998535, 21.2578678131, 21.9196376801, 22.5697956085, 23.2315635681, 23.8933334351, 24.5551013947, 25.2052612305, 25.8670291901, 26.5287971497, 27.1905670166, 27.8523349762, 28.5141029358, 29.1758728027, 29.8260307312, 30.4878005981, 31.1495685577, 31.8113365173, 32.4614944458, 33.1232643127, 33.7850341797, 34.4468002319, 35.1085700989, 35.7587280273, 36.4204978943, 37.0822677612, 37.7440338135, 38.4058036804, 39.0559616089, 39.7177314758, 40.3795013428, 41.0296592712, 41.6914291382, 42.3531951904, 43.0149650574, 43.6767349243, 44.3268928528, 45.0002708435, 45.6620407104, 46.3238105774, 46.9739685059, 47.6357345581, 48.297504425, 48.9476623535, 49.6094322205, 50.2712020874, 50.9213600159, 51.5831298828, 52.2448959351, 52.906665802, 53.5684356689, 54.2185935974, 54.8803634644, 55.5305213928, 56.1922874451, 56.854057312, 57.515827179, 58.1775970459, 58.8393630981, 59.4895210266, 60.1512908936, 60.8130607605, 61.4748306274, 62.1365966797, 62.7867546082, 63.4485244751, 64.1102905273, 64.7836685181, 65.4338302612, 66.0955963135, 66.7573699951, 67.4191360474, 68.0809020996, 68.7310638428, 69.3812255859, 70.0429916382, 70.7047576904, 71.3549194336, 72.0166854858, 72.6784591675, 73.3518371582, 74.001991272, 74.6521530151, 75.3139190674, 75.975692749, 76.6374588013, 77.2992248535, 77.9609985352, 78.6227645874, 79.2729263306, 79.9346923828, 80.5964584351, 81.2582321167, 81.9199981689, 82.5701599121, 83.2319259644, 83.8936920166, 84.5554656982, 85.2172317505, 85.8673934937, 86.5291595459, 87.1909255981, 87.8410873413, 88.5028533936, 89.1646270752, 89.8263931274, 90.4881591797, 91.1383209229, 91.8000869751, 92.4618606567, 93.123626709, 93.7853927612, 94.4471664429, 95.1089324951, 95.7706985474, 96.432472229, 97.0826263428, 97.7560043335, 98.4061660767, 99.0563278198, 99.7180938721, 100.379859924, 101.041633606, 101.703399658, 102.353561401, 103.003715515, 103.665489197, 104.327255249, 104.989021301, 105.650794983, 106.300949097, 106.95111084, 107.612876892, 108.274642944, 108.936416626, 109.598182678, 110.25995636, 110.921722412, 111.571876526, 112.233650208, 112.89541626, 113.557182312, 114.218955994, 114.880722046, 115.542495728, 116.20426178, 116.866027832, 117.516189575, 118.177955627, 118.839729309, 119.489883423, 120.151649475, 120.813423157, 121.475189209, 122.136962891, 122.798728943, 123.460494995, 124.122268677, 124.784034729, 125.434196472, 126.084350586, 126.746116638, 127.40789032, 128.058044434, 128.719818115, 129.381591797, 130.054962158, 130.705123901, 131.355285645, 132.017044067, 132.678817749, 133.340591431, 134.002349854, 134.664123535, 135.325897217, 135.97605896, 136.637817383, 137.299591064, 137.949752808, 138.61151123, 139.273284912, 139.935058594, 140.596817017, 141.24697876, 141.908752441, 142.570526123, 143.232284546, 143.894058228, 144.544219971, 145.205978394, 145.867752075, 146.529525757, 147.19128418, 147.853057861, 148.514831543, 149.164993286, 149.826751709, 150.476913452, 151.138687134, 151.800445557, 152.462219238, 153.12399292, 153.785751343, 154.435913086, 155.097686768, 155.759460449, 156.421218872, 157.082992554, 157.733154297, 158.39491272, 159.056686401, 159.706848145, 160.368606567, 161.030380249, 161.692153931, 162.342315674, 163.004074097, 163.665847778, 164.32762146, 164.989379883, 165.651153564, 166.312927246, 166.974685669, 167.624847412, 168.298233032, 168.948379517, 169.59854126, 170.260314941, 170.922088623, 171.583847046, 172.245620728, 172.907394409, 173.569152832, 174.230926514, 174.881088257, 175.54284668, 176.204620361, 176.866394043, 177.516555786, 178.178314209, 178.840087891, 179.501861572, 180.163619995, 180.813781738, 181.47555542, 182.137313843, 182.787475586, 183.449249268, 184.111022949, 184.772781372, 185.434555054, 186.084716797, 186.74647522, 187.408248901, 188.070022583, 188.731781006, 189.393554688, 190.055328369, 190.705490112, 191.367248535, 192.029022217, 192.690795898, 193.352554321, 194.025939941, 194.699310303, 195.372695923, 196.046066284]
    bpm_estimates: [87.5926895142, 87.5927124023, 87.5926818848, 89.1029052734, 89.1029052734, 90.6661529541, 90.6660919189, 92.2851333618, 90.6661529541, 90.6660919189, 90.6660919189, 90.6662216187, 92.2851333618, 90.6660919189, 90.6660919189, 90.6660919189, 90.6662216187, 92.2851333618, 90.6660919189, 90.6660919189, 90.6662216187, 90.6660919189, 90.6660919189, 90.6662216187, 92.2849960327, 90.6662216187, 90.6659622192, 92.2852706909, 90.6662216187, 90.6659622192, 90.6662216187, 90.6659622192, 92.2852706909, 90.6662216187, 90.6659622192, 90.6662216187, 92.2849960327, 90.6662216187, 90.6662216187, 90.6659622192, 90.6662216187, 90.6662216187, 90.6659622192, 92.2852706909, 90.6659622192, 90.6662216187, 90.6662216187, 92.2852706909, 90.6659622192, 90.6659622192, 90.6664810181, 90.6659622192, 92.2852706909, 90.6659622192, 90.6659622192, 90.6664810181, 90.6659622192, 92.2852706909, 90.6659622192, 90.6659622192, 92.2852706909, 90.6659622192, 90.6664810181, 90.6659622192, 90.6659622192, 92.2852706909, 89.1030044556, 90.6659622192, 90.6659622192, 92.2852706909, 90.6664810181, 90.6659622192, 92.2852706909, 90.6659622192, 90.6659622192, 92.2852706909, 90.6659622192, 90.6664810181, 90.6659622192, 90.6659622192, 92.2852706909, 90.6659622192, 92.2852706909, 90.6664810181, 90.6659622192, 90.6659622192, 90.6659622192, 90.6664810181, 92.2852706909, 90.6659622192, 90.6659622192, 90.6659622192, 90.6664810181, 92.2852706909, 90.6659622192, 90.6664810181, 89.1030044556, 92.2847290039, 90.6664810181, 90.665435791, 90.6664810181, 90.6664810181, 92.2847290039, 92.2847290039, 90.6664810181, 90.6664810181, 92.2847290039, 90.6664810181, 90.665435791, 89.1030044556, 92.2858123779, 92.2847290039, 90.6664810181, 90.665435791, 90.6664810181, 90.6664810181, 90.665435791, 90.6664810181, 92.2847290039, 90.6664810181, 90.6664810181, 90.665435791, 90.6664810181, 92.2847290039, 90.6664810181, 90.6664810181, 90.665435791, 90.6664810181, 92.2847290039, 90.6664810181, 90.6664810181, 92.2847290039, 90.6664810181, 90.665435791, 90.6664810181, 90.6664810181, 92.2847290039, 90.6664810181, 90.665435791, 90.6664810181, 90.6664810181, 90.665435791, 90.6664810181, 90.6664810181, 90.665435791, 92.2858123779, 89.1030044556, 92.2847290039, 92.2847290039, 90.6664810181, 90.6664810181, 90.665435791, 90.6664810181, 92.2847290039, 92.2858123779, 90.665435791, 90.6664810181, 90.6664810181, 90.665435791, 92.2858123779, 92.2847290039, 90.6664810181, 90.6664810181, 90.665435791, 90.6664810181, 90.665435791, 90.6664810181, 92.2858123779, 90.665435791, 90.6664810181, 90.6664810181, 90.665435791, 90.6664810181, 90.665435791, 90.6664810181, 90.6664810181, 92.2847290039, 90.6664810181, 90.665435791, 92.2858123779, 90.6664810181, 90.665435791, 90.6664810181, 90.665435791, 90.6664810181, 90.6664810181, 90.665435791, 90.6664810181, 92.2847290039, 92.2858123779, 90.6664810181, 90.665435791, 92.2858123779, 90.665435791, 90.665435791, 89.1040115356, 92.2847290039, 92.2847290039, 90.6675262451, 90.665435791, 90.665435791, 90.6675262451, 90.665435791, 90.665435791, 92.2847290039, 90.6675262451, 90.665435791, 92.2847290039, 90.6675262451, 90.665435791, 90.665435791, 90.6675262451, 92.2847290039, 90.665435791, 90.665435791, 90.6675262451, 90.665435791, 92.2847290039, 90.6675262451, 90.665435791, 90.665435791, 90.6675262451, 90.665435791, 90.665435791, 92.2847290039, 90.6675262451, 92.2847290039, 90.665435791, 90.6675262451, 90.665435791, 90.665435791, 90.6675262451, 92.2847290039, 90.665435791, 90.665435791, 90.6675262451, 90.665435791, 92.2847290039, 90.6675262451, 90.665435791, 92.2847290039, 90.6675262451, 90.665435791, 90.665435791, 92.2847290039, 90.6675262451, 90.665435791, 90.665435791, 90.6675262451, 90.665435791, 90.665435791, 90.6675262451, 92.2847290039, 89.1019897461, 92.286895752, 92.2847290039, 90.665435791, 90.665435791, 90.6675262451, 90.665435791, 90.665435791, 90.6675262451, 90.665435791, 92.2847290039, 90.6675262451, 90.665435791, 90.665435791, 92.2847290039, 90.6675262451, 90.665435791, 90.665435791, 90.6675262451, 92.2847290039, 90.665435791, 90.6675262451, 92.2847290039, 90.665435791, 90.665435791, 90.6675262451, 90.665435791, 92.2847290039, 90.6675262451, 90.665435791, 90.665435791, 90.6675262451, 90.665435791, 90.665435791, 92.2847290039, 90.6675262451, 90.665435791, 90.665435791, 90.6675262451, 89.1019897461, 89.1040115356, 89.1019897461, 89.1040115356]
