
metadata:
    version:
        essentia: "2.1-beta2"
    audio_properties:
        analysis_sample_rate: 44100
        bitrate: 320
        channels: 2
        equal_loudness: 1
        length: 178.729797363
        replay_gain: -15.3163280487
        downmix: "mix"
    tags:
        album: "Evans Blue"
        artist: "Evans Blue"
        comment: ""
        date: "2009"
        genre: "Hard Rock"
        title: "Sick of It"
        tracknumber: "2"

configuration:
    average_loudness:
        compute: 1
        frameSize: 88200
        hopSize: 44100
        silentFrames: "noise"
        windowType: "hann"
    general:
        analysisSampleRate: 44100
        endTime: 2000
        equalLoudness: 1
        nequalLoudness: 0
        shortSound: 0
        startTime: 0
    lowlevel:
        compute: 1
        frameSize: 2048
        hopSize: 1024
        zeroPadding: 0
        silentFrames: "noise"
        windowType: "blackmanharris62"
        mfccStats: ["mean", "cov", "icov"]
        stats: ["mean", "var", "median", "min", "max", "dmean", "dmean2", "dvar", "dvar2"]
    panning:
        compute: 0
        frameSize: 8192
        hopSize: 2048
        zeroPadding: 8192
        silentFrames: "noise"
        windowType: "hann"
        stats: ["copy"]
    rhythm:
        compute: 1
        maxTempo: 208
        minTempo: 40
        method: "degara"
        stats: ["mean", "var", "median", "min", "max", "dmean", "dmean2", "dvar", "dvar2"]
    segmentation:
        compute: 0
        cpw: 5
        inc1: 300
        inc2: 50
        minimumSegmentsLength: 10
        size1: 1000
        size2: 600
    sfx:
        compute: 1
        stats: ["mean", "var", "median", "min", "max", "dmean", "dmean2", "dvar", "dvar2"]
    svm:
        compute: 0
    tonal:
        compute: 1
        frameSize: 4096
        hopSize: 2048
        zeroPadding: 0
        silentFrames: "noise"
        windowType: "blackmanharris62"
        stats: ["mean", "var", "median", "min", "max", "dmean", "dmean2", "dvar", "dvar2"]

lowlevel:
    average_loudness: 0.905030846596
    barkbands_kurtosis:
        dmean: 2.02994275093
        dmean2: 2.96736645699
        dvar: 23.0393447876
        dvar2: 46.7020874023
        max: 84.9891586304
        mean: 1.74798488617
        median: -0.758396863937
        min: -1.9175028801
        var: 63.0482635498
    barkbands_skewness:
        dmean: 0.516660273075
        dmean2: 0.763227581978
        dvar: 0.306462258101
        dvar2: 0.635213315487
        max: 7.66790151596
        mean: 0.516514003277
        median: 0.149769827724
        min: -3.47382831573
        var: 2.430539608
    barkbands_spread:
        dmean: 6.16100740433
        dmean2: 9.2502784729
        dvar: 40.8017120361
        dvar2: 88.5935974121
        max: 96.0953598022
        mean: 32.6053123474
        median: 33.4867706299
        min: 1.0283280611
        var: 184.627761841
    dissonance:
        dmean: 0.0112511347979
        dmean2: 0.0187308080494
        dvar: 0.000152219130541
        dvar2: 0.000384845130611
        max: 0.500000178814
        mean: 0.47882181406
        median: 0.484190434217
        min: 0.260360211134
        var: 0.00037184645771
    hfc:
        dmean: 2.15814232826
        dmean2: 3.37972307205
        dvar: 9.92304611206
        dvar2: 23.9329833984
        max: 53.8272895813
        mean: 8.24820327759
        median: 6.39202022552
        min: 1.20345699992e-016
        var: 56.572971344
    pitch:
        dmean: 771.959106445
        dmean2: 1482.53076172
        dvar: 1706219.875
        dvar2: 4009512.75
        max: 4988.24707031
        mean: 1786.39331055
        median: 395.069000244
        min: 51.4859390259
        var: 2935295.5
    pitch_instantaneous_confidence:
        dmean: 0.0840846970677
        dmean2: 0.13514585793
        dvar: 0.00523293344304
        dvar2: 0.0127417491749
        max: 0.902959704399
        mean: 0.407103359699
        median: 0.388019442558
        min: 0.108914077282
        var: 0.0186116322875
    pitch_salience:
        dmean: 0.0612092204392
        dmean2: 0.0985244065523
        dvar: 0.00306222215295
        dvar2: 0.00755464658141
        max: 0.967832922935
        mean: 0.636733591557
        median: 0.655618786812
        min: 0.174098029733
        var: 0.0112615367398
    silence_rate_20dB:
        dmean: 0
        dmean2: 0
        dvar: 0
        dvar2: 0
        max: 1
        mean: 1
        median: 1
        min: 1
        var: 0
    silence_rate_30dB:
        dmean: 0
        dmean2: 0
        dvar: 0
        dvar2: 0
        max: 1
        mean: 1
        median: 1
        min: 1
        var: 0
    silence_rate_60dB:
        dmean: 0.0844375193119
        dmean2: 0.168896973133
        dvar: 0.0773137658834
        dvar2: 0.166875720024
        max: 1
        mean: 0.421872973442
        median: 0
        min: 0
        var: 0.243896231055
    spectral_centroid:
        dmean: 262.126617432
        dmean2: 399.756072998
        dvar: 83205.390625
        dvar2: 171469.46875
        max: 11099.1796875
        mean: 1600.4666748
        median: 1731.12438965
        min: 111.416114807
        var: 680567.75
    spectral_complexity:
        dmean: 3.11821246147
        dmean2: 4.99805116653
        dvar: 14.8724155426
        dvar2: 35.4333496094
        max: 46
        mean: 14.1497592926
        median: 12
        min: 0
        var: 115.54372406
    spectral_crest:
        dmean: 2.09243750572
        dmean2: 3.36367416382
        dvar: 3.97277188301
        dvar2: 9.4685125351
        max: 24.3856449127
        mean: 7.96762704849
        median: 6.97353506088
        min: 2.59732675552
        var: 12.9809160233
    spectral_decrease:
        dmean: 2.58495586047e-010
        dmean2: 4.13433676183e-010
        dvar: 1.45445829593e-019
        dvar2: 3.6955097782e-019
        max: 1.10466863823e-028
        mean: -9.50524658982e-010
        median: -8.40118141721e-010
        min: -4.6269006404e-009
        var: 4.15065660447e-019
    spectral_energy:
        dmean: 0.00113900704309
        dmean2: 0.00181411858648
        dvar: 2.79255391433e-006
        dvar2: 7.0420683187e-006
        max: 0.0202023629099
        mean: 0.00433563720435
        median: 0.00374891189858
        min: 1.04987831297e-020
        var: 9.28664758248e-006
    spectral_energyband_high:
        dmean: 0.000152524575242
        dmean2: 0.000248218217166
        dvar: 5.51801555559e-008
        dvar2: 1.44862937645e-007
        max: 0.00336860283278
        mean: 0.000435371883214
        median: 0.00033286929829
        min: 7.73374694749e-021
        var: 2.07145177455e-007
    spectral_energyband_low:
        dmean: 0.000264624512056
        dmean2: 0.000444400153356
        dvar: 2.84241053805e-007
        dvar2: 8.08302218047e-007
        max: 0.00523868249729
        mean: 0.000436640228145
        median: 0.000319336046232
        min: 4.49368493099e-023
        var: 2.43671991029e-007
    spectral_energyband_middle_high:
        dmean: 0.000587070418987
        dmean2: 0.000906016852241
        dvar: 6.97783093528e-007
        dvar2: 1.57018303071e-006
        max: 0.0173078365624
        mean: 0.00208006077446
        median: 0.00138767214958
        min: 1.36161744229e-021
        var: 4.43645467385e-006
    spectral_energyband_middle_low:
        dmean: 0.000626512803137
        dmean2: 0.0010116858175
        dvar: 9.50609546635e-007
        dvar2: 2.4428488814e-006
        max: 0.0114360926673
        mean: 0.00154101767112
        median: 0.0012937602587
        min: 3.72427544242e-022
        var: 1.56891314873e-006
    spectral_flatness_db:
        dmean: 0.0169231202453
        dmean2: 0.0252160578966
        dvar: 0.000342343439115
        dvar2: 0.000699156778865
        max: 0.421359270811
        mean: 0.154534101486
        median: 0.140001550317
        min: 0.0533419325948
        var: 0.00257040094584
    spectral_flux:
        dmean: 0.0080026332289
        dmean2: 0.0121117373928
        dvar: 8.94843833521e-005
        dvar2: 0.000174758461071
        max: 0.11910264194
        mean: 0.0371968857944
        median: 0.0362782068551
        min: 1.02463572349e-010
        var: 0.000389887223719
    spectral_kurtosis:
        dmean: 1.22741758823
        dmean2: 2.02016544342
        dvar: 6.19151496887
        dvar2: 17.499786377
        max: 53.7471847534
        mean: 3.39048862457
        median: 2.72111129761
        min: -1.20571911335
        var: 11.4403028488
    spectral_rms:
        dmean: 0.000258206913713
        dmean2: 0.000400179589633
        dvar: 1.05427595543e-007
        dvar2: 2.54626598917e-007
        max: 0.00443955184892
        mean: 0.00190339598339
        median: 0.00191245262977
        min: 3.20042430058e-012
        var: 6.06960384175e-007
    spectral_rolloff:
        dmean: 430.724914551
        dmean2: 693.905273438
        dvar: 451305.90625
        dvar2: 923147.375
        max: 18561.6210938
        mean: 2942.21630859
        median: 3531.4453125
        min: 107.666015625
        var: 2058565.375
    spectral_skewness:
        dmean: 0.18082138896
        dmean2: 0.282223045826
        dvar: 0.0645784214139
        dvar2: 0.161774754524
        max: 5.62787437439
        mean: 1.31347036362
        median: 1.23699176311
        min: -0.0732367187738
        var: 0.216317504644
    spectral_spread:
        dmean: 554763.875
        dmean2: 786402.625
        dvar: 654228258816
        dvar2: 1.05976050483e+012
        max: 40580900
        mean: 5286255.5
        median: 4875640.5
        min: 1362198.125
        var: 3.84063320883e+012
    spectral_strongpeak:
        dmean: 0.458442837
        dmean2: 0.773755967617
        dvar: 0.65807723999
        dvar2: 1.69355869293
        max: 7.98910331726
        mean: 0.74156665802
        median: 0.233824238181
        min: 2.32698660341e-009
        var: 1.34898006916
    zerocrossingrate:
        dmean: 0.00922609306872
        dmean2: 0.0105348723009
        dvar: 9.60624674917e-005
        dvar2: 9.75032889983e-005
        max: 0.5166015625
        mean: 0.0938405692577
        median: 0.1044921875
        min: 0.00439453125
        var: 0.00152931618504
    barkbands:
        dmean: [2.37492272959e-007, 6.2314371462e-005, 0.000159306975547, 0.000155954534421, 0.000282872264506, 0.000187784098671, 0.00014721241314, 8.79515937413e-005, 8.5011459305e-005, 5.12716796948e-005, 2.44823604589e-005, 3.94066846638e-005, 3.04926379613e-005, 4.90492966492e-005, 7.68290410633e-005, 8.6179250502e-005, 0.000187514902791, 0.000159576491569, 0.00023084548593, 0.000184960226761, 7.73022693465e-005, 2.14862338908e-005, 4.89124522574e-006, 3.15027295983e-006, 1.67332211731e-006, 5.41153362121e-008, 4.64780602893e-010]
        dmean2: [3.40980534475e-007, 0.000104541526525, 0.000268384930678, 0.000261582259554, 0.00045383561519, 0.000305010471493, 0.000244791124715, 0.000145194426295, 0.000136658360134, 8.17398758954e-005, 3.98589290853e-005, 6.32438241155e-005, 4.90209931741e-005, 7.88682737038e-005, 0.000119934753457, 0.000136814152938, 0.00029260586598, 0.000260335073108, 0.000376740586944, 0.00030540995067, 0.000129098261823, 3.58623037755e-005, 7.62090121498e-006, 4.6484547056e-006, 2.42905025516e-006, 7.78381306077e-008, 7.30803639826e-010]
        dvar: [3.28677325157e-013, 2.38276243181e-008, 9.47692981867e-008, 6.79608902487e-008, 2.06157992011e-007, 1.31486089572e-007, 1.13436840365e-007, 3.96748447429e-008, 3.1267099132e-008, 1.49349368428e-008, 4.33222169249e-009, 1.14927987127e-008, 6.28267882163e-009, 1.46624365982e-008, 3.38854171389e-008, 3.48365460923e-008, 1.2007801331e-007, 8.55521520293e-008, 1.47359813241e-007, 7.61845626585e-008, 1.846407649e-008, 1.55641066701e-009, 9.01129240671e-011, 4.14526746262e-011, 1.38703805386e-011, 1.38567475094e-014, 8.19513940744e-019]
        dvar2: [6.41779489795e-013, 6.61990711137e-008, 2.72534606438e-007, 1.81342826977e-007, 5.09366259394e-007, 3.38091695085e-007, 2.90202791575e-007, 9.92568942593e-008, 7.34047631568e-008, 3.53807791953e-008, 1.02476045427e-008, 2.65601869387e-008, 1.49182959319e-008, 3.33695133747e-008, 7.8474428733e-008, 8.59701358991e-008, 2.67829591394e-007, 2.12764902585e-007, 3.66989468148e-007, 1.97534291146e-007, 4.959008848e-008, 4.16484713384e-009, 2.09917264127e-010, 8.02871241712e-011, 2.68646754148e-011, 2.68274545103e-014, 1.81685713413e-018]
        max: [8.0349327618e-006, 0.00158607168123, 0.00391806010157, 0.00447033252567, 0.00560695957392, 0.00430850638077, 0.00491701206192, 0.00430130911991, 0.00387323717587, 0.00253617856652, 0.00164296629373, 0.00403420766816, 0.00175818812568, 0.00302286446095, 0.00459914701059, 0.00611032499, 0.00586930196732, 0.00848429463804, 0.00776646938175, 0.00414751190692, 0.00213860534132, 0.000622598570772, 0.000276879756711, 0.000147665603436, 7.05891434336e-005, 2.56310909208e-006, 1.79457959604e-008]
        mean: [3.42990972513e-007, 8.69218420121e-005, 0.000234429651755, 0.000223229828407, 0.000509049568791, 0.000301410473185, 0.000197436209419, 0.000121211691294, 0.000135822643642, 8.88442227733e-005, 3.6930116039e-005, 6.20428545517e-005, 4.62241841888e-005, 7.54090578994e-005, 0.000130599320983, 0.000161513249623, 0.000383069796953, 0.0003358819813, 0.00050829781685, 0.000438735092757, 0.000184717413504, 5.10813806613e-005, 1.16098899525e-005, 7.26648022464e-006, 3.46093042936e-006, 1.00376126966e-007, 6.53468001932e-010]
        median: [9.22865055486e-008, 5.04721610923e-005, 0.000166255311342, 0.000124536978547, 0.000319191312883, 0.000159172705025, 8.43137677293e-005, 4.54888322565e-005, 5.25810282852e-005, 2.5471104891e-005, 1.54973768076e-005, 1.95632419491e-005, 1.46877355292e-005, 2.65706694336e-005, 3.55212214345e-005, 7.11156390025e-005, 0.000174093554961, 0.000194314023247, 0.000331377668772, 0.000305860943627, 0.000117074530863, 3.55090705852e-005, 6.98573421687e-006, 3.98669089918e-006, 1.8172571572e-006, 4.5305334595e-008, 3.1156666136e-010]
        min: [3.1242123021e-023, 2.44092149638e-023, 6.42341430559e-024, 8.73788092555e-024, 4.49322455176e-023, 4.28293158937e-023, 1.04414367789e-022, 7.17528315639e-023, 8.05098439441e-023, 3.51712561742e-023, 5.36263856837e-023, 1.27520412936e-022, 8.79328862227e-023, 5.41737857322e-023, 9.39998576726e-023, 1.30013604672e-022, 2.06188348708e-022, 1.18909144186e-022, 3.59870115565e-022, 1.99330156081e-022, 2.14922465189e-022, 6.33854053992e-022, 5.3464518999e-022, 6.75247163411e-022, 1.0735262475e-021, 2.3268352332e-021, 2.32320420112e-021]
        var: [5.53171061474e-013, 1.89078548374e-008, 8.15949690036e-008, 9.99335938445e-008, 3.5355103023e-007, 1.93846418028e-007, 1.3808491417e-007, 5.8062578745e-008, 6.89424339839e-008, 4.32578488585e-008, 6.50846976313e-009, 2.42213253898e-008, 1.08443822811e-008, 2.59517154433e-008, 9.26994019324e-008, 1.42340198295e-007, 3.71533531052e-007, 2.10008295198e-007, 3.72885381239e-007, 2.49306793876e-007, 5.21015692811e-008, 3.48173490039e-009, 2.38289166177e-010, 1.26593110994e-010, 3.65983146566e-011, 3.49939058308e-014, 1.28630421302e-018]
    frequency_bands:
        dmean: [2.37492272959e-007, 6.2314371462e-005, 0.000159306975547, 0.000155954534421, 0.000282872264506, 0.000187784098671, 0.00014721241314, 8.79515937413e-005, 8.5011459305e-005, 5.12716796948e-005, 2.44823604589e-005, 3.94066846638e-005, 3.04926379613e-005, 4.90492966492e-005, 7.68290410633e-005, 8.6179250502e-005, 0.000187514902791, 0.000159576491569, 0.00023084548593, 0.000184960226761, 7.73022693465e-005, 2.14862338908e-005, 4.89124522574e-006, 3.15027295983e-006, 1.67332211731e-006, 5.41153362121e-008, 4.64780602893e-010, 5.1705230375e-011]
        dmean2: [3.40980534475e-007, 0.000104541526525, 0.000268384930678, 0.000261582259554, 0.00045383561519, 0.000305010471493, 0.000244791124715, 0.000145194426295, 0.000136658360134, 8.17398758954e-005, 3.98589290853e-005, 6.32438241155e-005, 4.90209931741e-005, 7.88682737038e-005, 0.000119934753457, 0.000136814152938, 0.00029260586598, 0.000260335073108, 0.000376740586944, 0.00030540995067, 0.000129098261823, 3.58623037755e-005, 7.62090121498e-006, 4.6484547056e-006, 2.42905025516e-006, 7.78381306077e-008, 7.30803639826e-010, 9.64177140905e-011]
        dvar: [3.28677325157e-013, 2.38276243181e-008, 9.47692981867e-008, 6.79608902487e-008, 2.06157992011e-007, 1.31486089572e-007, 1.13436840365e-007, 3.96748447429e-008, 3.1267099132e-008, 1.49349368428e-008, 4.33222169249e-009, 1.14927987127e-008, 6.28267882163e-009, 1.46624365982e-008, 3.38854171389e-008, 3.48365460923e-008, 1.2007801331e-007, 8.55521520293e-008, 1.47359813241e-007, 7.61845626585e-008, 1.846407649e-008, 1.55641066701e-009, 9.01129240671e-011, 4.14526746262e-011, 1.38703805386e-011, 1.38567475094e-014, 8.19513940744e-019, 6.64998403699e-021]
        dvar2: [6.41779489795e-013, 6.61990711137e-008, 2.72534606438e-007, 1.81342826977e-007, 5.09366259394e-007, 3.38091695085e-007, 2.90202791575e-007, 9.92568942593e-008, 7.34047631568e-008, 3.53807791953e-008, 1.02476045427e-008, 2.65601869387e-008, 1.49182959319e-008, 3.33695133747e-008, 7.8474428733e-008, 8.59701358991e-008, 2.67829591394e-007, 2.12764902585e-007, 3.66989468148e-007, 1.97534291146e-007, 4.959008848e-008, 4.16484713384e-009, 2.09917264127e-010, 8.02871241712e-011, 2.68646754148e-011, 2.68274545103e-014, 1.81685713413e-018, 2.12913510861e-020]
        max: [8.0349327618e-006, 0.00158607168123, 0.00391806010157, 0.00447033252567, 0.00560695957392, 0.00430850638077, 0.00491701206192, 0.00430130911991, 0.00387323717587, 0.00253617856652, 0.00164296629373, 0.00403420766816, 0.00175818812568, 0.00302286446095, 0.00459914701059, 0.00611032499, 0.00586930196732, 0.00848429463804, 0.00776646938175, 0.00414751190692, 0.00213860534132, 0.000622598570772, 0.000276879756711, 0.000147665603436, 7.05891434336e-005, 2.56310909208e-006, 1.79457959604e-008, 1.00136421377e-009]
        mean: [3.42990972513e-007, 8.69218420121e-005, 0.000234429651755, 0.000223229828407, 0.000509049568791, 0.000301410473185, 0.000197436209419, 0.000121211691294, 0.000135822643642, 8.88442227733e-005, 3.6930116039e-005, 6.20428545517e-005, 4.62241841888e-005, 7.54090578994e-005, 0.000130599320983, 0.000161513249623, 0.000383069796953, 0.0003358819813, 0.00050829781685, 0.000438735092757, 0.000184717413504, 5.10813806613e-005, 1.16098899525e-005, 7.26648022464e-006, 3.46093042936e-006, 1.00376126966e-007, 6.53468001932e-010, 3.99016895913e-011]
        median: [9.22865055486e-008, 5.04721610923e-005, 0.000166255311342, 0.000124536978547, 0.000319191312883, 0.000159172705025, 8.43137677293e-005, 4.54888322565e-005, 5.25810282852e-005, 2.5471104891e-005, 1.54973768076e-005, 1.95632419491e-005, 1.46877355292e-005, 2.65706694336e-005, 3.55212214345e-005, 7.11156390025e-005, 0.000174093554961, 0.000194314023247, 0.000331377668772, 0.000305860943627, 0.000117074530863, 3.55090705852e-005, 6.98573421687e-006, 3.98669089918e-006, 1.8172571572e-006, 4.5305334595e-008, 3.1156666136e-010, 1.22446211157e-011]
        min: [3.1242123021e-023, 2.44092149638e-023, 6.42341430559e-024, 8.73788092555e-024, 4.49322455176e-023, 4.28293158937e-023, 1.04414367789e-022, 7.17528315639e-023, 8.05098439441e-023, 3.51712561742e-023, 5.36263856837e-023, 1.27520412936e-022, 8.79328862227e-023, 5.41737857322e-023, 9.39998576726e-023, 1.30013604672e-022, 2.06188348708e-022, 1.18909144186e-022, 3.59870115565e-022, 1.99330156081e-022, 2.14922465189e-022, 6.33854053992e-022, 5.3464518999e-022, 6.75247163411e-022, 1.0735262475e-021, 2.3268352332e-021, 2.32320420112e-021, 7.76098776605e-022]
        var: [5.53171061474e-013, 1.89078548374e-008, 8.15949690036e-008, 9.99335938445e-008, 3.5355103023e-007, 1.93846418028e-007, 1.3808491417e-007, 5.8062578745e-008, 6.89424339839e-008, 4.32578488585e-008, 6.50846976313e-009, 2.42213253898e-008, 1.08443822811e-008, 2.59517154433e-008, 9.26994019324e-008, 1.42340198295e-007, 3.71533531052e-007, 2.10008295198e-007, 3.72885381239e-007, 2.49306793876e-007, 5.21015692811e-008, 3.48173490039e-009, 2.38289166177e-010, 1.26593110994e-010, 3.65983146566e-011, 3.49939058308e-014, 1.28630421302e-018, 5.16312527034e-021]
    mfcc:
        mean: [-729.083557129, 96.7662200928, -28.7409915924, 62.2215766907, -5.33346319199, -11.105471611, -0.543542444706, -5.85845661163, -1.41061151028, -4.33771753311, -5.88573980331, -3.68732213974, -6.08634805679]
        cov: [[8738.40820313, -666.850341797, -1240.09375, 365.634094238, -609.925964355, -138.316009521, -474.481994629, -136.446090698, -130.181350708, -81.1215896606, -14.7063713074, -90.8963088989, -92.5606918335], [-666.850341797, 1204.28918457, 10.7619371414, 136.879196167, 106.155799866, -30.6082344055, 156.898803711, -29.6670780182, -3.12647509575, -51.4651260376, -34.6185569763, -0.844516336918, -0.102982260287], [-1240.09375, 10.7619371414, 579.42376709, -15.9984703064, 155.659347534, 35.4844017029, 76.4922027588, 31.3508052826, 34.0944862366, 23.3192653656, 0.415787369013, 18.9842948914, 22.2919864655], [365.634094238, 136.879196167, -15.9984703064, 324.097564697, 29.8040103912, 24.5852241516, 17.9558868408, -8.15079879761, 50.2106399536, 4.44083738327, -13.8730287552, -2.01489830017, 5.62419176102], [-609.925964355, 106.155799866, 155.659347534, 29.8040103912, 261.732727051, -2.57837343216, 11.8811864853, -11.3283414841, 36.1776123047, 29.2921333313, -33.0524597168, 16.7783374786, 4.32612466812], [-138.316009521, -30.6082344055, 35.4844017029, 24.5852241516, -2.57837343216, 102.19077301, 50.5125427246, 21.4327869415, 13.7447271347, 12.7980384827, 23.5413532257, 1.67153704166, -10.1654443741], [-474.481994629, 156.898803711, 76.4922027588, 17.9558868408, 11.8811864853, 50.5125427246, 189.508255005, 48.6431770325, 11.6278915405, 3.90589952469, 22.5675888062, 9.85802364349, -15.2590322495], [-136.446090698, -29.6670780182, 31.3508052826, -8.15079879761, -11.3283414841, 21.4327869415, 48.6431770325, 101.624420166, 20.0076274872, 22.8134307861, 14.0329580307, 4.2463722229, 6.49981498718], [-130.181350708, -3.12647509575, 34.0944862366, 50.2106399536, 36.1776123047, 13.7447271347, 11.6278915405, 20.0076274872, 92.7540664673, 44.4840354919, 14.5215435028, 8.77461338043, 4.97203969955], [-81.1215896606, -51.4651260376, 23.3192653656, 4.44083738327, 29.2921333313, 12.7980384827, 3.90589952469, 22.8134307861, 44.4840354919, 93.5483474731, 36.5232200623, 13.486784935, -5.01763153076], [-14.7063713074, -34.6185569763, 0.415787369013, -13.8730287552, -33.0524597168, 23.5413532257, 22.5675888062, 14.0329580307, 14.5215435028, 36.5232200623, 89.8887557983, 15.6950683594, 0.562956273556], [-90.8963088989, -0.844516336918, 18.9842948914, -2.01489830017, 16.7783374786, 1.67153704166, 9.85802364349, 4.2463722229, 8.77461338043, 13.486784935, 15.6950683594, 54.7838897705, 18.0171260834], [-92.5606918335, -0.102982260287, 22.2919864655, 5.62419176102, 4.32612466812, -10.1654443741, -15.2590322495, 6.49981498718, 4.97203969955, -5.01763153076, 0.562956273556, 18.0171260834, 66.8835067749]]
        icov: [[0.000235330648138, 0.000100221623143, 0.000325589178829, -0.000399132346502, 0.000301288877381, 0.000172321786522, 0.000375027389964, -3.01732670778e-005, 0.000240064662648, -3.40259293807e-006, -4.33002787759e-005, -3.44210566254e-005, 0.00033760649967], [0.000100221623143, 0.00119884382002, 0.000321576924762, -0.000590821437072, -0.000390286906622, 0.000907432753593, -0.00120699312538, 0.000535649713129, 0.000187534533325, 0.000504597846884, -4.87678844365e-005, 0.000216739397729, -0.000115275768621], [0.000325589178829, 0.000321576924762, 0.0027695260942, -0.000251191231655, -0.00103924050927, -0.000185695360415, -0.000406805629609, -0.000230810575886, 6.77049465594e-005, 0.000194684806047, -0.000183443538845, 0.000153578424943, -0.000512505765073], [-0.000399132346502, -0.000590821437072, -0.000251191231655, 0.00448504136875, -0.00053219817346, -0.00155770871788, -0.000624577631243, 0.000716421403922, -0.00279790838249, 0.000259435444605, 0.000953622278757, 0.00033102335874, -0.00113088218495], [0.000301288877381, -0.000390286906622, -0.00103924050927, -0.00053219817346, 0.0062950393185, 0.000152744789375, 0.000672194059007, 0.00124304101337, -0.00092543521896, -0.00251192925498, 0.00319907721132, -0.0017194946995, 0.000772703206167], [0.000172321786522, 0.000907432753593, -0.000185695360415, -0.00155770871788, 0.000152744789375, 0.0131038343534, -0.00300155836158, -0.000693415815476, -0.000191978237126, 0.000333090196364, -0.00259313127026, 0.000586748239584, 0.00170011864975], [0.000375027389964, -0.00120699312538, -0.000406805629609, -0.000624577631243, 0.000672194059007, -0.00300155836158, 0.00975872948766, -0.0040568257682, 0.000333551870426, 0.00151747977361, -0.00163719453849, -0.00192612071987, 0.00344789819792], [-3.01732670778e-005, 0.000535649713129, -0.000230810575886, 0.000716421403922, 0.00124304101337, -0.000693415815476, -0.0040568257682, 0.0133012291044, -0.0017605581088, -0.0030208514072, 0.00124963617418, 0.000993158319034, -0.00280200992711], [0.000240064662648, 0.000187534533325, 6.77049465594e-005, -0.00279790838249, -0.00092543521896, -0.000191978237126, 0.000333551870426, -0.0017605581088, 0.0166402440518, -0.00664921430871, -0.00040560765774, 3.0180952308e-005, -0.000917463097721], [-3.40259293807e-006, 0.000504597846884, 0.000194684806047, 0.000259435444605, -0.00251192925498, 0.000333090196364, 0.00151747977361, -0.0030208514072, -0.00664921430871, 0.0186108071357, -0.00685430876911, -0.00195290870033, 0.00323649263009], [-4.33002787759e-005, -4.87678844365e-005, -0.000183443538845, 0.000953622278757, 0.00319907721132, -0.00259313127026, -0.00163719453849, 0.00124963617418, -0.00040560765774, -0.00685430876911, 0.0167756807059, -0.00344355241396, -0.000872682372574], [-3.44210566254e-005, 0.000216739397729, 0.000153578424943, 0.00033102335874, -0.0017194946995, 0.000586748239584, -0.00192612071987, 0.000993158319034, 3.0180952308e-005, -0.00195290870033, -0.00344355241396, 0.0225923489779, -0.00666758511215], [0.00033760649967, -0.000115275768621, -0.000512505765073, -0.00113088218495, 0.000772703206167, 0.00170011864975, 0.00344789819792, -0.00280200992711, -0.000917463097721, 0.00323649263009, -0.000872682372574, -0.00666758511215, 0.0190661251545]]
    sccoeffs:
        dmean: [0.0485398471355, 0.0471998862922, 0.0353800617158, 0.0291455090046, 0.0202682930976, 0.0186392907053]
        dmean2: [0.0794115364552, 0.0778490528464, 0.0586308240891, 0.0474493987858, 0.0330392681062, 0.0291286986321]
        dvar: [0.00161273230333, 0.00154664472211, 0.000795545231085, 0.000584735476878, 0.000291033589747, 0.000305303314235]
        dvar2: [0.00429661525413, 0.00392464920878, 0.00207276409492, 0.00143657275476, 0.000704991747625, 0.000713364221156]
        max: [-0.293314695358, -0.423520743847, -0.579338669777, -0.556667745113, -0.575081110001, -0.541222751141]
        mean: [-0.646545112133, -0.759313762188, -0.802343010902, -0.80157738924, -0.802430093288, -0.757063508034]
        median: [-0.649323284626, -0.767375290394, -0.809023916721, -0.810354530811, -0.803574860096, -0.753532528877]
        min: [-0.969650864601, -0.985096096992, -0.974490582943, -0.968488454819, -0.967802405357, -0.96053224802]
        var: [0.00536526413634, 0.00551771325991, 0.0028829369694, 0.00301023479551, 0.00174766022246, 0.00283696781844]
    scvalleys:
        dmean: [0.358689367771, 0.373782396317, 0.32209739089, 0.294255465269, 0.249627530575, 0.254042506218]
        dmean2: [0.593902230263, 0.603325903416, 0.502072036266, 0.441054672003, 0.364808768034, 0.341154932976]
        dvar: [0.109368599951, 0.124097518623, 0.0963300317526, 0.0980331078172, 0.0992792397738, 0.102130144835]
        dvar2: [0.255076020956, 0.277270853519, 0.190443828702, 0.185509070754, 0.191081151366, 0.176202133298]
        max: [-5.11366081238, -4.3388504982, -5.3925652504, -5.75574016571, -5.48408174515, -7.6370267868]
        mean: [-6.92147874832, -6.76583385468, -7.45284223557, -7.67687559128, -7.16949224472, -9.86213779449]
        median: [-6.75796175003, -6.54471731186, -7.24786233902, -7.37119150162, -6.72074651718, -9.24120044708]
        min: [-26.8045730591, -27.4433135986, -27.34608078, -27.3842411041, -27.2383308411, -27.278875351]
        var: [1.34339284897, 1.52829420567, 1.53950965405, 1.61287307739, 1.77747690678, 2.91675686836]

rhythm:
    beats_loudness:
        dmean: 0.0019567781128
        dmean2: 0.0035013970919
        dvar: 3.45867647411e-006
        dvar2: 9.32751845539e-006
        max: 0.0143694886938
        mean: 0.00519383465871
        median: 0.0054784938693
        min: 1.55883736475e-010
        var: 9.1958709163e-006
    bpm: 162.09928894
    bpm_confidence: 0
    first_peak_bpm: 161
    first_peak_spread: 0.0599520653486
    first_peak_weight: 0.818371593952
    onset_rate: 3.3738079071
    second_peak_bpm: 167
    second_peak_spread: 0
    second_peak_weight: 0.106471814215
    beats_loudness_band_ratio:
        dmean: [0.132152915001, 0.151456594467, 0.0995646193624, 0.0457595363259, 0.120418637991, 0.096967972815]
        dmean2: [0.22903957963, 0.260527253151, 0.175417602062, 0.0823631733656, 0.211963757873, 0.161564618349]
        dvar: [0.0149020142853, 0.0167738366872, 0.011787392199, 0.00342355412431, 0.0148557880893, 0.00714334100485]
        dvar2: [0.0409227237105, 0.0499716028571, 0.0330263525248, 0.0100113963708, 0.0426179729402, 0.019084058702]
        max: [0.962669849396, 0.891271531582, 0.79466599226, 0.437297910452, 0.74850410223, 0.777926146984]
        mean: [0.237425178289, 0.214486181736, 0.130215257406, 0.0527350455523, 0.218110069633, 0.222534805536]
        median: [0.164044648409, 0.168544530869, 0.0959953218699, 0.0371136330068, 0.183995768428, 0.215943127871]
        min: [0.000253983133007, 0.00248236581683, 0.00559632526711, 0.00115481438115, 0.00135972094722, 0.00128030194901]
        var: [0.0390422828496, 0.0265637394041, 0.0119039230049, 0.00279436144046, 0.0232172738761, 0.0165074840188]
    beats_position: [0.359909296036, 0.719818592072, 1.09133780003, 1.46285712719, 1.83437633514, 2.20589566231, 2.57741498947, 2.96054410934, 3.32045340538, 3.68036270142, 4.04027223587, 4.41179132462, 4.78331041336, 5.15482997894, 5.52634906769, 5.89786815643, 6.26938772202, 6.64090681076, 7.01242637634, 7.38394546509, 7.75546455383, 8.12698364258, 8.498503685, 8.87002277374, 9.24154186249, 9.61306095123, 9.98458003998, 10.3560991287, 10.7276191711, 11.0991382599, 11.4706573486, 11.8421764374, 12.2136955261, 12.5852155685, 12.9567346573, 13.3166437149, 13.6765527725, 14.0480718613, 14.4195919037, 14.7911109924, 15.1626300812, 15.545759201, 15.9056682587, 16.2771873474, 16.6487064362, 17.0202255249, 17.391746521, 17.7632656097, 18.1347846985, 18.5063037872, 18.877822876, 19.2493419647, 19.6208610535, 19.9923801422, 20.363899231, 20.7354183197, 21.0953292847, 21.4552383423, 21.826757431, 22.1982765198, 22.5697956085, 22.9413146973, 23.312833786, 23.6843528748, 24.0558719635, 24.4273910522, 24.7989120483, 25.1704311371, 25.5419502258, 25.9134693146, 26.2849884033, 26.6565074921, 27.0280265808, 27.3995456696, 27.7710647583, 28.142583847, 28.5024929047, 28.8740139008, 29.2339229584, 29.6054420471, 29.9769611359, 30.3484802246, 30.7199993134, 31.0915184021, 31.4630374908, 31.8345565796, 32.2060775757, 32.5775947571, 32.9491157532, 33.3206329346, 33.6921539307, 34.0636711121, 34.4351921082, 34.8067131042, 35.1782302856, 35.5497512817, 35.9328804016, 36.2927894592, 36.6526985168, 37.0242156982, 37.3841247559, 37.755645752, 38.1271629333, 38.4986839294, 38.8702049255, 39.2417221069, 39.613243103, 39.9847602844, 40.3562812805, 40.7277984619, 41.099319458, 41.4592285156, 41.8191375732, 42.1906585693, 42.5621757507, 42.9220848083, 43.3052139282, 43.6767349243, 44.0482521057, 44.4197731018, 44.7912902832, 45.1628112793, 45.5343284607, 45.9058494568, 46.2773704529, 46.6488876343, 47.0204086304, 47.3919258118, 47.7634468079, 48.1233558655, 48.4832649231, 48.8547821045, 49.2263031006, 49.5978240967, 49.9693412781, 50.3408622742, 50.7123794556, 51.0839004517, 51.4554176331, 51.8269386292, 52.1984558105, 52.5699768066, 52.941493988, 53.3130149841, 53.6845359802, 54.0560531616, 54.4275741577, 54.7990913391, 55.1706123352, 55.5421295166, 55.9136505127, 56.2851676941, 56.6566886902, 57.0282058716, 57.3997268677, 57.7712478638, 58.1427650452, 58.5142860413, 58.8858032227, 59.2573242188, 59.6172332764, 59.9887504578, 60.3486595154, 60.7201805115, 61.0916976929, 61.463218689, 61.8347396851, 62.2062568665, 62.5777778625, 62.9492950439, 63.32081604, 63.6923332214, 64.0638504028, 64.4353713989, 64.806892395, 65.1784133911, 65.5383224487, 65.9098434448, 66.2813568115, 66.6528778076, 67.0127868652, 67.3843078613, 67.7558288574, 68.1273422241, 68.4988632202, 68.8703842163, 69.2419052124, 69.6134262085, 69.9849395752, 70.3564605713, 70.7279815674, 71.0995025635, 71.4710159302, 71.8425369263, 72.2140579224, 72.57396698, 72.9338760376, 73.3053970337, 73.6769180298, 74.0484313965, 74.4199523926, 74.7914733887, 75.1629943848, 75.5345077515, 75.9060287476, 76.2775497437, 76.6490707397, 77.0205917358, 77.3921051025, 77.7636260986, 78.1351470947, 78.5066680908, 78.8781814575, 79.2497024536, 79.6212234497, 79.9927444458, 80.3526535034, 80.712562561, 81.0840835571, 81.4555969238, 81.8271179199, 82.198638916, 82.5701599121, 82.9416732788, 83.3131942749, 83.684715271, 84.0562362671, 84.4277572632, 84.7992706299, 85.170791626, 85.5423126221, 85.9138336182, 86.2853469849, 86.656867981, 87.0283889771, 87.3999099731, 87.7598190308, 88.1197280884, 88.4912490845, 88.8627624512, 89.2342834473, 89.6058044434, 89.9773254395, 90.3488388062, 90.7203598022, 91.0918807983, 91.4634017944, 91.8349151611, 92.2064361572, 92.5779571533, 92.9494781494, 93.309387207, 93.6809082031, 94.0640335083, 94.4355545044, 94.8070755005, 95.1785888672, 95.5501098633, 95.9216308594, 96.2931518555, 96.6646728516, 97.0245819092, 97.3960952759, 97.7560043335, 98.1275253296, 98.4990463257, 98.8705673218, 99.2420806885, 99.6136016846, 99.9851226807, 100.356643677, 100.728164673, 101.09967804, 101.471199036, 101.842720032, 102.214241028, 102.585754395, 102.957275391, 103.328796387, 103.700317383, 104.06022644, 104.431747437, 104.791656494, 105.163169861, 105.534690857, 105.906211853, 106.277732849, 106.649246216, 107.020767212, 107.392288208, 107.763809204, 108.1353302, 108.506843567, 108.878364563, 109.249885559, 109.633010864, 110.027755737, 110.434104919, 110.840454102, 111.235191345, 111.61831665, 112.001449585, 112.38457489, 112.756095886, 113.139228821, 113.510749817, 113.882263184, 114.242172241, 114.613693237, 114.985214233, 115.356735229, 115.728248596, 116.099769592, 116.471290588, 116.842811584, 117.214332581, 117.585845947, 117.957366943, 118.328887939, 118.688796997, 119.048706055, 119.420227051, 119.791740417, 120.163261414, 120.53478241, 120.906303406, 121.289428711, 121.684173584, 122.090522766, 122.48526001, 122.879997253, 123.274734497, 123.657867432, 124.040992737, 124.424125671, 124.795646667, 125.167160034, 125.53868103, 125.910202026, 126.270111084, 126.64163208, 127.013153076, 127.384666443, 127.756187439, 128.127700806, 128.499221802, 128.870742798, 129.242263794, 129.61378479, 129.985305786, 130.356826782, 130.728347778, 131.099868774, 131.471374512, 131.842895508, 132.214416504, 132.5859375, 132.957458496, 133.317367554, 133.677276611, 134.048797607, 134.420318604, 134.7918396, 135.163360596, 135.534866333, 135.906387329, 136.277908325, 136.649429321, 137.020950317, 137.392471313, 137.76399231, 138.135513306, 138.507034302, 138.878540039, 139.250061035, 139.621582031, 139.993103027, 140.364624023, 140.73614502, 141.096054077, 141.467575073, 141.839096069, 142.199005127, 142.570526123, 142.94203186, 143.313552856, 143.685073853, 144.056594849, 144.428115845, 144.799636841, 145.171157837, 145.542678833, 145.914199829, 146.285705566, 146.657226563, 147.028747559, 147.400268555, 147.771789551, 148.143310547, 148.514831543, 148.886352539, 149.257858276, 149.617782593, 149.98928833, 150.360809326, 150.720718384, 151.09223938, 151.463760376, 151.835281372, 152.19519043, 152.555099487, 152.926620483, 153.309753418, 153.692871094, 154.06439209, 154.435913086, 154.807434082, 155.178955078, 155.550476074, 155.92199707, 156.293518066, 156.665023804, 157.048156738, 157.419677734, 157.779586792, 158.127883911, 158.499404907, 158.870925903, 159.242446899, 159.613967896, 159.985488892, 160.357009888, 160.728515625, 161.100036621, 161.471557617, 161.843078613, 162.214599609, 162.586120605, 162.957641602, 163.317550659, 163.677459717, 164.048980713, 164.420501709, 164.792022705, 165.163528442, 165.535049438, 165.906570435, 166.278091431, 166.649612427, 167.021133423, 167.392654419, 167.764175415, 168.135681152, 168.507202148, 168.878723145, 169.250244141, 169.621765137, 169.993286133, 170.364807129, 170.736328125, 171.107849121, 171.479354858, 171.839263916, 172.199172974, 172.57069397, 172.942214966, 173.313735962, 173.685256958, 174.056777954, 174.42829895, 174.799819946, 175.182937622, 175.566070557, 175.949203491, 176.332336426, 176.715454102, 177.110198975, 177.493331909, 177.876464844, 178.25958252]
