
metadata:
    version:
        essentia: "2.1-beta2"
    audio_properties:
        analysis_sample_rate: 44100
        bitrate: 320
        channels: 2
        equal_loudness: 1
        length: 218.749389648
        replay_gain: -15.045633316
        downmix: "mix"
    tags:
        album: "Evans Blue"
        artist: "Evans Blue"
        comment: ""
        date: "2009"
        genre: "Hard Rock"
        title: "The Future In the End"
        tracknumber: "3"

configuration:
    average_loudness:
        compute: 1
        frameSize: 88200
        hopSize: 44100
        silentFrames: "noise"
        windowType: "hann"
    general:
        analysisSampleRate: 44100
        endTime: 2000
        equalLoudness: 1
        nequalLoudness: 0
        shortSound: 0
        startTime: 0
    lowlevel:
        compute: 1
        frameSize: 2048
        hopSize: 1024
        zeroPadding: 0
        silentFrames: "noise"
        windowType: "blackmanharris62"
        mfccStats: ["mean", "cov", "icov"]
        stats: ["mean", "var", "median", "min", "max", "dmean", "dmean2", "dvar", "dvar2"]
    panning:
        compute: 0
        frameSize: 8192
        hopSize: 2048
        zeroPadding: 8192
        silentFrames: "noise"
        windowType: "hann"
        stats: ["copy"]
    rhythm:
        compute: 1
        maxTempo: 208
        minTempo: 40
        method: "degara"
        stats: ["mean", "var", "median", "min", "max", "dmean", "dmean2", "dvar", "dvar2"]
    segmentation:
        compute: 0
        cpw: 5
        inc1: 300
        inc2: 50
        minimumSegmentsLength: 10
        size1: 1000
        size2: 600
    sfx:
        compute: 1
        stats: ["mean", "var", "median", "min", "max", "dmean", "dmean2", "dvar", "dvar2"]
    svm:
        compute: 0
    tonal:
        compute: 1
        frameSize: 4096
        hopSize: 2048
        zeroPadding: 0
        silentFrames: "noise"
        windowType: "blackmanharris62"
        stats: ["mean", "var", "median", "min", "max", "dmean", "dmean2", "dvar", "dvar2"]

lowlevel:
    average_loudness: 0.944375872612
    barkbands_kurtosis:
        dmean: 0.569896161556
        dmean2: 0.916455566883
        dvar: 0.901216030121
        dvar2: 2.15060281754
        max: 23.9209728241
        mean: -0.649649977684
        median: -1.16659712791
        min: -1.87900984287
        var: 4.30198335648
    barkbands_skewness:
        dmean: 0.348149418831
        dmean2: 0.54298979044
        dvar: 0.10424143821
        dvar2: 0.250434577465
        max: 4.54761648178
        mean: -0.246494472027
        median: -0.268466353416
        min: -4.12654924393
        var: 0.658217430115
    barkbands_spread:
        dmean: 4.8990240097
        dmean2: 7.86681985855
        dvar: 23.1681556702
        dvar2: 58.9457550049
        max: 66.6480331421
        mean: 34.0356636047
        median: 34.2188720703
        min: 3.71270465851
        var: 87.6698455811
    dissonance:
        dmean: 0.0109091307968
        dmean2: 0.0184245221317
        dvar: 0.000133752386319
        dvar2: 0.000366456893971
        max: 0.500000119209
        mean: 0.479010224342
        median: 0.483935624361
        min: 0.299934118986
        var: 0.00031732665957
    hfc:
        dmean: 2.12972927094
        dmean2: 3.43509745598
        dvar: 5.79749298096
        dvar2: 14.7519493103
        max: 47.0501022339
        mean: 10.2494602203
        median: 9.96144485474
        min: 1.08933539067e-016
        var: 32.123664856
    pitch:
        dmean: 681.054992676
        dmean2: 1313.62158203
        dvar: 1462865.625
        dvar2: 3598981.5
        max: 4690.75292969
        mean: 1558.58483887
        median: 391.42956543
        min: 65.3327560425
        var: 2523087.25
    pitch_instantaneous_confidence:
        dmean: 0.0780271217227
        dmean2: 0.125558272004
        dvar: 0.00423551676795
        dvar2: 0.010531257838
        max: 0.9737200737
        mean: 0.422900497913
        median: 0.401738196611
        min: 0.10231679678
        var: 0.0178675055504
    pitch_salience:
        dmean: 0.0528478212655
        dmean2: 0.0855650305748
        dvar: 0.00210737483576
        dvar2: 0.00547770177945
        max: 0.982323169708
        mean: 0.635687232018
        median: 0.644470751286
        min: 0.236888766289
        var: 0.00734341936186
    silence_rate_20dB:
        dmean: 0
        dmean2: 0
        dvar: 0
        dvar2: 0
        max: 1
        mean: 1
        median: 1
        min: 1
        var: 0
    silence_rate_30dB:
        dmean: 0
        dmean2: 0
        dvar: 0
        dvar2: 0
        max: 1
        mean: 1
        median: 1
        min: 1
        var: 0
    silence_rate_60dB:
        dmean: 0.0628383383155
        dmean2: 0.125690028071
        dvar: 0.0588857419789
        dvar2: 0.126654177904
        max: 1
        mean: 0.172044157982
        median: 0
        min: 0
        var: 0.142432689667
    spectral_centroid:
        dmean: 235.362915039
        dmean2: 367.704803467
        dvar: 61285.5390625
        dvar2: 136148.171875
        max: 11681.4511719
        mean: 1960.3248291
        median: 1952.8248291
        min: 218.840057373
        var: 627084.8125
    spectral_complexity:
        dmean: 3.38265585899
        dmean2: 5.56263256073
        dvar: 10.6139535904
        dvar2: 26.6150569916
        max: 43
        mean: 18.2523880005
        median: 19
        min: 0
        var: 69.5213623047
    spectral_crest:
        dmean: 1.74686932564
        dmean2: 2.83347272873
        dvar: 2.77297759056
        dvar2: 7.02489471436
        max: 23.4749851227
        mean: 6.87781620026
        median: 6.0895152092
        min: 2.68903613091
        var: 7.99170398712
    spectral_decrease:
        dmean: 2.60825916421e-010
        dmean2: 4.23048124309e-010
        dvar: 1.03814469136e-019
        dvar2: 2.70430286909e-019
        max: 1.35404623263e-028
        mean: -1.16016152241e-009
        median: -1.09646780544e-009
        min: -3.80173625913e-009
        var: 2.9351839707e-019
    spectral_energy:
        dmean: 0.0011412629392
        dmean2: 0.00184777250979
        dvar: 1.9206675006e-006
        dvar2: 5.00081659993e-006
        max: 0.0171333495528
        mean: 0.00530836544931
        median: 0.00502418493852
        min: 1.01613984529e-020
        var: 6.18287822363e-006
    spectral_energyband_high:
        dmean: 0.000165845325682
        dmean2: 0.000269255891908
        dvar: 6.60079777504e-008
        dvar2: 1.49351635059e-007
        max: 0.00765228224918
        mean: 0.000528634642251
        median: 0.000449587765615
        min: 7.08838047202e-021
        var: 2.73170854825e-007
    spectral_energyband_low:
        dmean: 0.000241661327891
        dmean2: 0.000421924283728
        dvar: 2.52680052881e-007
        dvar2: 7.15857765954e-007
        max: 0.00448545161635
        mean: 0.000365413667168
        median: 0.000253374513704
        min: 1.29836944005e-023
        var: 1.99527576683e-007
    spectral_energyband_middle_high:
        dmean: 0.000650944595691
        dmean2: 0.0010355290724
        dvar: 4.51796438483e-007
        dvar2: 1.12689042453e-006
        max: 0.0104241231456
        mean: 0.00284655718133
        median: 0.00267493631691
        min: 1.1880447181e-021
        var: 2.69418387688e-006
    spectral_energyband_middle_low:
        dmean: 0.000648248009384
        dmean2: 0.0010479320772
        dvar: 8.15404916921e-007
        dvar2: 2.11278188544e-006
        max: 0.00993257388473
        mean: 0.00176763278432
        median: 0.00143986218609
        min: 2.29411378772e-022
        var: 1.58980208198e-006
    spectral_flatness_db:
        dmean: 0.0118633396924
        dmean2: 0.0185028295964
        dvar: 0.000120112374134
        dvar2: 0.0002679094614
        max: 0.454457879066
        mean: 0.145254299045
        median: 0.142405182123
        min: 0.0502946302295
        var: 0.0011031513568
    spectral_flux:
        dmean: 0.00757862813771
        dmean2: 0.0114596206695
        dvar: 6.39868885628e-005
        dvar2: 0.000120413104014
        max: 0.117178253829
        mean: 0.0414776727557
        median: 0.0409413799644
        min: 6.54469256567e-011
        var: 0.000235738843912
    spectral_kurtosis:
        dmean: 0.796145439148
        dmean2: 1.35710573196
        dvar: 0.621631503105
        dvar2: 1.82615196705
        max: 16.5934829712
        mean: 3.03229856491
        median: 2.9102730751
        min: -1.24210834503
        var: 1.63156914711
    spectral_rms:
        dmean: 0.000236023508478
        dmean2: 0.000376156705897
        dvar: 6.9362485533e-008
        dvar2: 1.74803190589e-007
        max: 0.00408845487982
        mean: 0.00218952819705
        median: 0.00221396563575
        min: 3.14858057161e-012
        var: 3.8485492837e-007
    spectral_rolloff:
        dmean: 268.881256104
        dmean2: 440.825744629
        dvar: 146811.59375
        dvar2: 297680.90625
        max: 19616.7480469
        mean: 3574.92163086
        median: 3639.11132813
        min: 193.798828125
        var: 1405972.375
    spectral_skewness:
        dmean: 0.12609089911
        dmean2: 0.206693127751
        dvar: 0.0136810047552
        dvar2: 0.0347832217813
        max: 2.77639007568
        mean: 1.16722106934
        median: 1.15751338005
        min: -0.0603842362761
        var: 0.0730673372746
    spectral_spread:
        dmean: 393129.28125
        dmean2: 571417
        dvar: 476760047616
        dvar2: 785116299264
        max: 42190144
        mean: 4690433.5
        median: 4239843
        min: 2375457
        var: 7.39281154867e+012
    spectral_strongpeak:
        dmean: 0.590315043926
        dmean2: 0.992283940315
        dvar: 0.803641617298
        dvar2: 1.91463518143
        max: 16.2634391785
        mean: 1.03146874905
        median: 0.516047358513
        min: 5.68587329997e-011
        var: 1.69327020645
    zerocrossingrate:
        dmean: 0.00736557831988
        dmean2: 0.00906062405556
        dvar: 5.94273187744e-005
        dvar2: 7.47547310311e-005
        max: 0.52294921875
        mean: 0.108526594937
        median: 0.10791015625
        min: 0.0205078125
        var: 0.00114962039515
    barkbands:
        dmean: [2.16690935417e-007, 6.48139030091e-005, 0.000143159835716, 0.00014968108735, 0.000270139367785, 0.000159278337378, 0.000130314016133, 0.000161726406077, 7.95629748609e-005, 0.000118087387818, 6.28038542345e-005, 6.32131341263e-005, 3.24644024658e-005, 7.07462822902e-005, 9.16959761526e-005, 0.000130087457364, 0.000242764275754, 0.00017623695021, 0.000226101561566, 0.000207394099561, 6.61202138872e-005, 2.29585930356e-005, 3.61865954801e-006, 1.98595193979e-006, 1.07276889594e-006, 5.7940965803e-008, 5.19645104724e-010]
        dmean2: [2.92698615567e-007, 0.000111939145427, 0.000251026649494, 0.000254677142948, 0.000447825965239, 0.000264596950728, 0.000212118990021, 0.000253838545177, 0.000126369879581, 0.000170482046087, 9.59061144385e-005, 9.78202733677e-005, 5.12181650265e-005, 0.00011317255121, 0.000143733836012, 0.000211980746826, 0.000398632371798, 0.000296493584756, 0.000379777891794, 0.000339522492141, 0.00011058691598, 3.7869609514e-005, 5.86903433941e-006, 3.00982537738e-006, 1.51705285134e-006, 8.32217637026e-008, 8.22030554737e-010]
        dvar: [2.32641244593e-013, 1.64498015209e-008, 9.02577212969e-008, 5.32958068789e-008, 1.98281924213e-007, 7.29034397295e-008, 9.60232924285e-008, 1.48681124301e-007, 3.1364180586e-008, 7.71963968305e-008, 3.37220669167e-008, 2.09426147535e-008, 6.15915851654e-009, 2.27125358521e-008, 4.72640522275e-008, 5.50717871306e-008, 1.24413631397e-007, 4.40933831669e-008, 6.1164911358e-008, 8.83971011945e-008, 7.93044740988e-009, 1.20673315784e-009, 4.58961063599e-011, 2.05029864614e-011, 1.15222302186e-011, 4.85874903679e-014, 2.79192833442e-018]
        dvar2: [4.25825444784e-013, 4.62366145371e-008, 2.5771700507e-007, 1.46375441545e-007, 5.35605863661e-007, 1.89717383137e-007, 2.30792778666e-007, 3.42529574482e-007, 7.34382226142e-008, 1.47636640691e-007, 7.21327495512e-008, 4.86585314263e-008, 1.42164333639e-008, 5.32149186938e-008, 1.07616621392e-007, 1.43574936828e-007, 3.2955611573e-007, 1.17899816132e-007, 1.70884632666e-007, 2.06412465786e-007, 2.15393924918e-008, 3.03133873558e-009, 1.07971090402e-010, 3.78064905771e-011, 2.03700337847e-011, 8.70795541794e-014, 4.98025180893e-018]
        max: [7.08119841875e-006, 0.00124425208196, 0.00275569409132, 0.00329905468971, 0.00618513254449, 0.00476542022079, 0.00621050735936, 0.00786529388279, 0.00356485042721, 0.00592720787972, 0.00408782670274, 0.00342473713681, 0.00162258709315, 0.00291599868797, 0.00392843363807, 0.00584106286988, 0.00607151445001, 0.00431356439367, 0.00297843664885, 0.0078852167353, 0.00183615100104, 0.00059422996128, 0.000172376167029, 0.000120839671581, 7.11915563443e-005, 4.74108128401e-006, 6.04147700756e-008]
        mean: [3.41428886941e-007, 8.55420366861e-005, 0.000179821741767, 0.000207980090636, 0.000477530091302, 0.000275191297987, 0.000226546035265, 0.00026139896363, 0.000138311152114, 0.000307552254526, 0.000110018976557, 0.000109818931378, 5.17082771694e-005, 0.000122157929582, 0.000157787842909, 0.000270626565907, 0.000515024526976, 0.000415029586293, 0.000572771532461, 0.0005660240422, 0.000183211333933, 5.82110842515e-005, 8.50763808558e-006, 4.91775381306e-006, 2.24249311032e-006, 1.01119162821e-007, 7.41934791382e-010]
        median: [6.91300883204e-008, 5.23022172274e-005, 0.000107598498289, 0.000130278407596, 0.000336274970323, 0.000169652645127, 8.17008694867e-005, 8.25875249575e-005, 6.9443238317e-005, 7.33116175979e-005, 3.29345784849e-005, 4.6905457566e-005, 2.16028074647e-005, 5.80093983444e-005, 5.64859001315e-005, 0.000134236048325, 0.000346491928212, 0.000351939554093, 0.000520416244399, 0.000457930669654, 0.000164869881701, 4.61686795461e-005, 5.97763164478e-006, 3.25671499013e-006, 9.82620349532e-007, 2.55664982518e-008, 2.64725491528e-010]
        min: [1.39198875044e-024, 2.46440600386e-024, 1.30565324917e-024, 2.45960322145e-024, 1.50128907734e-023, 1.32335116608e-023, 1.83952944098e-023, 7.11813649469e-024, 1.86888563739e-023, 1.70432357277e-023, 2.23375589416e-023, 2.26138401188e-023, 2.37453869344e-023, 3.86147381551e-023, 7.15708508194e-023, 7.47021174312e-023, 3.92069518139e-023, 8.88169657946e-023, 1.31545522063e-022, 1.9207090657e-022, 3.21995704437e-022, 3.14669143002e-022, 4.73001857051e-022, 6.05100187593e-022, 8.76193992098e-022, 1.44838214542e-021, 2.09066830207e-021]
        var: [4.70097864715e-013, 1.35981315097e-008, 6.90287720317e-008, 6.82119747353e-008, 2.44966713581e-007, 1.11307031148e-007, 2.06966149108e-007, 3.04471882373e-007, 5.13486710929e-008, 5.08471259764e-007, 1.00863211117e-007, 4.27818775961e-008, 1.05090656177e-008, 4.99749823746e-008, 1.07332652988e-007, 1.8687083525e-007, 3.12114138978e-007, 1.04431315151e-007, 1.50268476773e-007, 3.3002464761e-007, 1.76004064656e-008, 2.89540458276e-009, 8.93128626611e-011, 5.58725739286e-011, 3.05773704967e-011, 1.28135159818e-013, 7.325663706e-018]
    frequency_bands:
        dmean: [2.16690935417e-007, 6.48139030091e-005, 0.000143159835716, 0.00014968108735, 0.000270139367785, 0.000159278337378, 0.000130314016133, 0.000161726406077, 7.95629748609e-005, 0.000118087387818, 6.28038542345e-005, 6.32131341263e-005, 3.24644024658e-005, 7.07462822902e-005, 9.16959761526e-005, 0.000130087457364, 0.000242764275754, 0.00017623695021, 0.000226101561566, 0.000207394099561, 6.61202138872e-005, 2.29585930356e-005, 3.61865954801e-006, 1.98595193979e-006, 1.07276889594e-006, 5.7940965803e-008, 5.19645104724e-010, 6.13901776636e-011]
        dmean2: [2.92698615567e-007, 0.000111939145427, 0.000251026649494, 0.000254677142948, 0.000447825965239, 0.000264596950728, 0.000212118990021, 0.000253838545177, 0.000126369879581, 0.000170482046087, 9.59061144385e-005, 9.78202733677e-005, 5.12181650265e-005, 0.00011317255121, 0.000143733836012, 0.000211980746826, 0.000398632371798, 0.000296493584756, 0.000379777891794, 0.000339522492141, 0.00011058691598, 3.7869609514e-005, 5.86903433941e-006, 3.00982537738e-006, 1.51705285134e-006, 8.32217637026e-008, 8.22030554737e-010, 1.13942570656e-010]
        dvar: [2.32641244593e-013, 1.64498015209e-008, 9.02577212969e-008, 5.32958068789e-008, 1.98281924213e-007, 7.29034397295e-008, 9.60232924285e-008, 1.48681124301e-007, 3.1364180586e-008, 7.71963968305e-008, 3.37220669167e-008, 2.09426147535e-008, 6.15915851654e-009, 2.27125358521e-008, 4.72640522275e-008, 5.50717871306e-008, 1.24413631397e-007, 4.40933831669e-008, 6.1164911358e-008, 8.83971011945e-008, 7.93044740988e-009, 1.20673315784e-009, 4.58961063599e-011, 2.05029864614e-011, 1.15222302186e-011, 4.85874903679e-014, 2.79192833442e-018, 7.1785165016e-021]
        dvar2: [4.25825444784e-013, 4.62366145371e-008, 2.5771700507e-007, 1.46375441545e-007, 5.35605863661e-007, 1.89717383137e-007, 2.30792778666e-007, 3.42529574482e-007, 7.34382226142e-008, 1.47636640691e-007, 7.21327495512e-008, 4.86585314263e-008, 1.42164333639e-008, 5.32149186938e-008, 1.07616621392e-007, 1.43574936828e-007, 3.2955611573e-007, 1.17899816132e-007, 1.70884632666e-007, 2.06412465786e-007, 2.15393924918e-008, 3.03133873558e-009, 1.07971090402e-010, 3.78064905771e-011, 2.03700337847e-011, 8.70795541794e-014, 4.98025180893e-018, 2.26110595923e-020]
        max: [7.08119841875e-006, 0.00124425208196, 0.00275569409132, 0.00329905468971, 0.00618513254449, 0.00476542022079, 0.00621050735936, 0.00786529388279, 0.00356485042721, 0.00592720787972, 0.00408782670274, 0.00342473713681, 0.00162258709315, 0.00291599868797, 0.00392843363807, 0.00584106286988, 0.00607151445001, 0.00431356439367, 0.00297843664885, 0.0078852167353, 0.00183615100104, 0.00059422996128, 0.000172376167029, 0.000120839671581, 7.11915563443e-005, 4.74108128401e-006, 6.04147700756e-008, 8.60410354075e-010]
        mean: [3.41428886941e-007, 8.55420366861e-005, 0.000179821741767, 0.000207980090636, 0.000477530091302, 0.000275191297987, 0.000226546035265, 0.00026139896363, 0.000138311152114, 0.000307552254526, 0.000110018976557, 0.000109818931378, 5.17082771694e-005, 0.000122157929582, 0.000157787842909, 0.000270626565907, 0.000515024526976, 0.000415029586293, 0.000572771532461, 0.0005660240422, 0.000183211333933, 5.82110842515e-005, 8.50763808558e-006, 4.91775381306e-006, 2.24249311032e-006, 1.01119162821e-007, 7.41934791382e-010, 4.78851888697e-011]
        median: [6.91300883204e-008, 5.23022172274e-005, 0.000107598498289, 0.000130278407596, 0.000336274970323, 0.000169652645127, 8.17008694867e-005, 8.25875249575e-005, 6.9443238317e-005, 7.33116175979e-005, 3.29345784849e-005, 4.6905457566e-005, 2.16028074647e-005, 5.80093983444e-005, 5.64859001315e-005, 0.000134236048325, 0.000346491928212, 0.000351939554093, 0.000520416244399, 0.000457930669654, 0.000164869881701, 4.61686795461e-005, 5.97763164478e-006, 3.25671499013e-006, 9.82620349532e-007, 2.55664982518e-008, 2.64725491528e-010, 1.8209087016e-011]
        min: [1.39198875044e-024, 2.46440600386e-024, 1.30565324917e-024, 2.45960322145e-024, 1.50128907734e-023, 1.32335116608e-023, 1.83952944098e-023, 7.11813649469e-024, 1.86888563739e-023, 1.70432357277e-023, 2.23375589416e-023, 2.26138401188e-023, 2.37453869344e-023, 3.86147381551e-023, 7.15708508194e-023, 7.47021174312e-023, 3.92069518139e-023, 8.88169657946e-023, 1.31545522063e-022, 1.9207090657e-022, 3.21995704437e-022, 3.14669143002e-022, 4.73001857051e-022, 6.05100187593e-022, 8.76193992098e-022, 1.44838214542e-021, 2.09066830207e-021, 5.14931290911e-022]
        var: [4.70097864715e-013, 1.35981315097e-008, 6.90287720317e-008, 6.82119747353e-008, 2.44966713581e-007, 1.11307031148e-007, 2.06966149108e-007, 3.04471882373e-007, 5.13486710929e-008, 5.08471259764e-007, 1.00863211117e-007, 4.27818775961e-008, 1.05090656177e-008, 4.99749823746e-008, 1.07332652988e-007, 1.8687083525e-007, 3.12114138978e-007, 1.04431315151e-007, 1.50268476773e-007, 3.3002464761e-007, 1.76004064656e-008, 2.89540458276e-009, 8.93128626611e-011, 5.58725739286e-011, 3.05773704967e-011, 1.28135159818e-013, 7.325663706e-018, 5.94418208191e-021]
    mfcc:
        mean: [-699.425537109, 93.8302230835, -48.5348243713, 62.2231941223, -14.1510448456, -9.56844806671, -2.30594682693, -3.026273489, -0.343373537064, -5.98764324188, -7.29019832611, -3.75479888916, -6.88519859314]
        cov: [[6364.04492188, 998.780517578, -519.310668945, 607.673828125, -250.201644897, -113.017181396, -108.00579834, -69.914276123, -6.95062828064, -51.9432983398, -115.453865051, -35.3092575073, -96.8928756714], [998.780517578, 746.536376953, -154.532058716, 252.674484253, -92.6838531494, 18.223777771, 79.3460769653, 19.1784591675, 17.1862220764, -7.77157497406, 40.3814926147, 2.12645864487, -40.1071586609], [-519.310668945, -154.532058716, 426.269622803, -34.0487594604, 124.322799683, 23.6593036652, 14.1608705521, 11.0853567123, -24.7736873627, 17.9196929932, 2.48035359383, 4.21786928177, 8.87752723694], [607.673828125, 252.674484253, -34.0487594604, 326.152435303, 53.4720573425, 16.2138767242, -4.16912984848, -33.4560394287, 22.9170227051, -3.31197977066, -11.0111885071, 5.45932292938, -1.57059717178], [-250.201644897, -92.6838531494, 124.322799683, 53.4720573425, 223.307052612, 46.6243247986, -48.3214073181, -39.4268302917, 22.2544765472, 21.5354175568, -33.3988456726, -11.1956014633, 20.8484687805], [-113.017181396, 18.223777771, 23.6593036652, 16.2138767242, 46.6243247986, 85.1836013794, 37.6247253418, 16.1291599274, -5.18952608109, 1.55923271179, 5.12815761566, -6.00911808014, -6.03926420212], [-108.00579834, 79.3460769653, 14.1608705521, -4.16912984848, -48.3214073181, 37.6247253418, 158.8203125, 75.3914794922, -10.6225299835, -6.66938734055, 34.6571540833, 6.84832382202, -23.2949790955], [-69.914276123, 19.1784591675, 11.0853567123, -33.4560394287, -39.4268302917, 16.1291599274, 75.3914794922, 100.179138184, 19.2921028137, 7.84180450439, 6.18301963806, 0.263260096312, -14.5622825623], [-6.95062828064, 17.1862220764, -24.7736873627, 22.9170227051, 22.2544765472, -5.18952608109, -10.6225299835, 19.2921028137, 84.8106613159, 34.503490448, -5.30332326889, -4.81610250473, 3.4459002018], [-51.9432983398, -7.77157497406, 17.9196929932, -3.31197977066, 21.5354175568, 1.55923271179, -6.66938734055, 7.84180450439, 34.503490448, 71.632598877, 24.6353740692, 5.58596897125, -5.84159183502], [-115.453865051, 40.3814926147, 2.48035359383, -11.0111885071, -33.3988456726, 5.12815761566, 34.6571540833, 6.18301963806, -5.30332326889, 24.6353740692, 85.9911346436, 27.4327697754, -6.90264034271], [-35.3092575073, 2.12645864487, 4.21786928177, 5.45932292938, -11.1956014633, -6.00911808014, 6.84832382202, 0.263260096312, -4.81610250473, 5.58596897125, 27.4327697754, 58.3081474304, 24.9942760468], [-96.8928756714, -40.1071586609, 8.87752723694, -1.57059717178, 20.8484687805, -6.03926420212, -23.2949790955, -14.5622825623, 3.4459002018, -5.84159183502, -6.90264034271, 24.9942760468, 63.5069999695]]
        icov: [[0.000270821765298, -0.000229663390201, 0.000140744639793, -0.000372672744561, 0.000266671762802, 0.000183811935131, 0.000300241081277, -8.68455463205e-005, 0.00031870265957, -0.000233818951529, 0.000547361792997, -0.000116091832751, 0.000325796863763], [-0.000229663390201, 0.00257680914365, 0.000291802221909, -0.00165750074666, 0.000816596380901, -0.000605323817581, -0.000844891823363, 2.11197548197e-005, -0.000587502436247, 0.000374036637368, -0.00133194983937, 0.000515529478434, 0.000283079192741], [0.000140744639793, 0.000291802221909, 0.00350379035808, -0.000133644061862, -0.0024884827435, 0.00122269487474, -0.0004384626518, -0.00159088417422, 0.00238364189863, -0.000898205151316, -0.000399998301873, -1.59333467309e-005, 6.43460152787e-005], [-0.000372672744561, -0.00165750074666, -0.000133644061862, 0.00580812152475, -0.00209230161272, -0.000317993020872, -0.00102876464371, 0.00230844528414, -0.00189709744882, 0.000986940809526, 0.000647659879178, -0.00170384754892, 0.000290254654828], [0.000266671762802, 0.000816596380901, -0.0024884827435, -0.00209230161272, 0.0105766588822, -0.00631313445047, 0.00140755134635, 0.00405808445066, -0.0028419692535, -0.00259836437181, 0.00369730545208, 0.000536571431439, -0.00130111782346], [0.000183811935131, -0.000605323817581, 0.00122269487474, -0.000317993020872, -0.00631313445047, 0.0180909764022, -0.00394173664972, -0.00299777300097, 0.00358403543942, -8.35271566757e-005, -0.00175277248491, 0.00229681492783, 8.23915470392e-005], [0.000300241081277, -0.000844891823363, -0.0004384626518, -0.00102876464371, 0.00140755134635, -0.00394173664972, 0.0142957661301, -0.00959131773561, 0.0022457416635, 0.002705312334, -0.00389583152719, -0.000570244097617, 0.00209591630846], [-8.68455463205e-005, 2.11197548197e-005, -0.00159088417422, 0.00230844528414, 0.00405808445066, -0.00299777300097, -0.00959131773561, 0.0217097159475, -0.00764970807359, -0.00175645772833, 0.0051751807332, -0.00229175412096, 0.00172088330146], [0.00031870265957, -0.000587502436247, 0.00238364189863, -0.00189709744882, -0.0028419692535, 0.00358403543942, 0.0022457416635, -0.00764970807359, 0.0203744918108, -0.00949798990041, 0.00153361423872, 0.00292146764696, -0.00288371904753], [-0.000233818951529, 0.000374036637368, -0.000898205151316, 0.000986940809526, -0.00259836437181, -8.35271566757e-005, 0.002705312334, -0.00175645772833, -0.00949798990041, 0.0233543254435, -0.00880526192486, -0.00148957723286, 0.00375685561448], [0.000547361792997, -0.00133194983937, -0.000399998301873, 0.000647659879178, 0.00369730545208, -0.00175277248491, -0.00389583152719, 0.0051751807332, 0.00153361423872, -0.00880526192486, 0.0217767357826, -0.00953672546893, 0.00367018673569], [-0.000116091832751, 0.000515529478434, -1.59333467309e-005, -0.00170384754892, 0.000536571431439, 0.00229681492783, -0.000570244097617, -0.00229175412096, 0.00292146764696, -0.00148957723286, -0.00953672546893, 0.0280659087002, -0.0129617759958], [0.000325796863763, 0.000283079192741, 6.43460152787e-005, 0.000290254654828, -0.00130111782346, 8.23915470392e-005, 0.00209591630846, 0.00172088330146, -0.00288371904753, 0.00375685561448, 0.00367018673569, -0.0129617759958, 0.0240209884942]]
    sccoeffs:
        dmean: [0.0514102168381, 0.0477170906961, 0.0362999737263, 0.0300143864006, 0.0197087209672, 0.0168563593179]
        dmean2: [0.0852821096778, 0.0786363780499, 0.0588386692107, 0.0482180714607, 0.0327306762338, 0.0265289023519]
        dvar: [0.00184599868953, 0.00154180161189, 0.000858423882164, 0.000598166196141, 0.000249672099017, 0.000274480407825]
        dvar2: [0.00492662237957, 0.00407170969993, 0.00214264914393, 0.00147899903823, 0.000651386624668, 0.000610371527728]
        max: [-0.362114548683, -0.423768699169, -0.317369282246, -0.457686543465, -0.452715903521, -0.553366005421]
        mean: [-0.663285553455, -0.734808266163, -0.766848623753, -0.772478938103, -0.788491308689, -0.731375277042]
        median: [-0.66154807806, -0.737760663033, -0.781666338444, -0.783731281757, -0.790958166122, -0.726397156715]
        min: [-0.978301823139, -0.980008482933, -0.993517160416, -0.992876768112, -0.969906449318, -0.963780581951]
        var: [0.00554232904688, 0.00535116996616, 0.00595541996881, 0.00398817239329, 0.0014387879055, 0.00205995026045]
    scvalleys:
        dmean: [0.384389638901, 0.356274873018, 0.289779156446, 0.250389635563, 0.190156489611, 0.20410656929]
        dmean2: [0.634370565414, 0.583517849445, 0.468325257301, 0.394482582808, 0.295622110367, 0.302127450705]
        dvar: [0.117544457316, 0.119131840765, 0.0768759101629, 0.0655680969357, 0.0535717941821, 0.0983016043901]
        dvar2: [0.275334298611, 0.283775418997, 0.163286983967, 0.131541550159, 0.096885047853, 0.188016995788]
        max: [-5.17202043533, -4.34820270538, -5.37024831772, -5.73217248917, -5.59696483612, -7.64710378647]
        mean: [-7.00917720795, -6.79154062271, -7.28081655502, -7.49334526062, -6.85441923141, -9.76440238953]
        median: [-6.67804670334, -6.50752782822, -6.9884595871, -7.20054626465, -6.48262023926, -9.47277832031]
        min: [-27.8572731018, -27.9814777374, -27.8012580872, -27.6639881134, -27.4746074677, -27.4056663513]
        var: [3.69619607925, 3.55589151382, 3.31371951103, 3.11348056793, 3.24900078773, 2.81142044067]

rhythm:
    beats_loudness:
        dmean: 0.00162391748745
        dmean2: 0.00279111834243
        dvar: 1.94544395526e-006
        dvar2: 5.51999710297e-006
        max: 0.0140327177942
        mean: 0.00531987380236
        median: 0.00510298274457
        min: 0
        var: 5.34893524673e-006
    bpm: 103.903503418
    bpm_confidence: 0
    first_peak_bpm: 103
    first_peak_spread: 0.348901122808
    first_peak_weight: 0.626984119415
    onset_rate: 2.24457788467
    second_peak_bpm: 98
    second_peak_spread: 0
    second_peak_weight: 0.01322751306
    beats_loudness_band_ratio:
        dmean: [0.0787663981318, 0.0874629318714, 0.115983620286, 0.0881513133645, 0.134056448936, 0.0899923890829]
        dmean2: [0.133003309369, 0.154649570584, 0.196554347873, 0.160709381104, 0.229035273194, 0.156860366464]
        dvar: [0.00605735834688, 0.00790266040713, 0.0142676541582, 0.0131883909926, 0.0138091221452, 0.00613028462976]
        dvar2: [0.0154810659587, 0.021924873814, 0.033200494945, 0.0386907197535, 0.0332183986902, 0.016383105889]
        max: [0.706906974316, 0.673105180264, 0.824734032154, 0.69376540184, 0.770214736462, 0.702837646008]
        mean: [0.139271900058, 0.140812397003, 0.150242522359, 0.0949650630355, 0.287212699652, 0.242567807436]
        median: [0.107714816928, 0.114216476679, 0.104801535606, 0.0517511405051, 0.254767596722, 0.232737407088]
        min: [0, 0, 0, 0, 0, 0]
        var: [0.0111511135474, 0.00984090100974, 0.0174888595939, 0.0115105444565, 0.0188510417938, 0.0111585818231]
    beats_position: [0.557278871536, 1.13777780533, 1.71827661991, 2.29877543449, 2.89088439941, 3.49460315704, 4.1099319458, 4.72526073456, 5.34058952332, 5.93269824982, 6.51319694519, 7.0936961174, 7.67419481277, 8.24308395386, 8.82358264923, 9.4040813446, 9.98458003998, 10.5650787354, 11.1339683533, 11.7028570175, 12.2833557129, 12.8638544083, 13.4443531036, 14.0480718613, 14.66340065, 15.2787294388, 15.8824491501, 16.4861679077, 17.0782756805, 17.6587753296, 18.2392749786, 18.8197727203, 19.4002723694, 19.9807701111, 20.5612697601, 21.1301574707, 21.7106571198, 22.2911567688, 22.8716545105, 23.4521541595, 24.0210418701, 24.589931488, 25.1704311371, 25.7509288788, 26.3314285278, 26.9003162384, 27.4808158875, 28.0497055054, 28.6302032471, 29.2107028961, 29.7912006378, 30.3717002869, 30.9521980286, 31.5326976776, 32.1015853882, 32.6704750061, 33.2509727478, 33.8198623657, 34.3887519836, 34.9692497253, 35.5497512817, 36.1302490234, 36.6991386414, 37.2680282593, 37.848526001, 38.4290237427, 39.0095214844, 39.5900230408, 40.1705207825, 40.7510185242, 41.3315200806, 41.9004058838, 42.4692955017, 43.0497932434, 43.6302947998, 44.2107925415, 44.7912902832, 45.3717918396, 45.9522895813, 46.5211791992, 47.0900688171, 47.6705665588, 48.2510643005, 48.8315620422, 49.4120635986, 49.9925613403, 50.5614509583, 51.1303405762, 51.7108383179, 52.2913360596, 52.8602256775, 53.4407234192, 54.0096130371, 54.5901107788, 55.1706123352, 55.7511100769, 56.3316078186, 56.9004974365, 57.4693870544, 58.0498847961, 58.6303825378, 59.2108840942, 59.7913818359, 60.3718795776, 60.952381134, 61.5328788757, 62.1017684937, 62.6706581116, 63.2511558533, 63.831653595, 64.4121551514, 64.9926528931, 65.5615386963, 66.1304321289, 66.7109298706, 67.2798156738, 67.8487091064, 68.4175949097, 68.9864807129, 69.566986084, 70.1474838257, 70.7279815674, 71.3084793091, 71.8889770508, 72.4694747925, 73.0383682251, 73.6072540283, 74.18775177, 74.7682495117, 75.3487548828, 75.9292526245, 76.5097503662, 77.0902481079, 77.6707458496, 78.2512435913, 78.831741333, 79.4122467041, 79.9927444458, 80.561630249, 81.1305236816, 81.6994094849, 82.2682952881, 82.8487930298, 83.4292984009, 84.0097961426, 84.5786819458, 85.1475753784, 85.7280731201, 86.3085708618, 86.8890686035, 87.4695663452, 88.0500640869, 88.6305618286, 89.2110671997, 89.7915649414, 90.3720626831, 90.9409484863, 91.5098419189, 92.0903396606, 92.6708374023, 93.251335144, 93.8318328857, 94.4123306274, 94.9928359985, 95.5733337402, 96.1538314819, 96.7227172852, 97.2916107178, 97.8721084595, 98.4409942627, 99.0098876953, 99.590385437, 100.15927124, 100.728164673, 101.308662415, 101.889160156, 102.458045959, 103.05015564, 103.630653381, 104.211151123, 104.780044556, 105.360542297, 105.929428101, 106.509933472, 107.090431213, 107.659317017, 108.239814758, 108.8203125, 109.400817871, 109.969703674, 110.550201416, 111.130699158, 111.711196899, 112.291702271, 112.872200012, 113.452697754, 114.021583557, 114.59047699, 115.159362793, 115.739860535, 116.320358276, 116.889251709, 117.469749451, 118.050247192, 118.630744934, 119.211242676, 119.791740417, 120.372245789, 120.95274353, 121.521629333, 122.090522766, 122.671020508, 123.239906311, 123.808792114, 124.389297485, 124.969795227, 125.550292969, 126.13079071, 126.711288452, 127.291786194, 127.860679626, 128.42956543, 129.010070801, 129.590560913, 130.171066284, 130.751556396, 131.320449829, 131.9009552, 132.469833374, 133.038726807, 133.607620239, 134.188110352, 134.768615723, 135.349105835, 135.929611206, 136.510116577, 137.090606689, 137.659500122, 138.228393555, 138.808883667, 139.389389038, 139.96987915, 140.550384521, 141.130874634, 141.699768066, 142.280273438, 142.86076355, 143.441268921, 144.033370972, 144.602264404, 145.171157837, 145.751647949, 146.320541382, 146.889434814, 147.469924927, 148.050430298, 148.63092041, 149.211425781, 149.791931152, 150.372421265, 150.941314697, 151.52180481, 152.090698242, 152.671203613, 153.251693726, 153.820587158, 154.389480591, 154.969970703, 155.550476074, 156.119369507, 156.699859619, 157.28036499, 157.849243164, 158.429748535, 159.010253906, 159.590744019, 160.17124939, 160.751739502, 161.343856812, 161.924346924, 162.504852295, 163.073745728, 163.642623901, 164.211517334, 164.780410767, 165.34928894, 165.929794312, 166.510284424, 167.090789795, 167.671295166, 168.251785278, 168.832290649, 169.412780762, 169.981674194, 170.550567627, 171.119445801, 171.699951172, 172.280456543, 172.849334717, 173.429840088, 174.0103302, 174.579223633, 175.148117065, 175.728607178, 176.309112549, 176.88961792, 177.470108032, 178.050613403, 178.619491577, 179.18838501, 179.768890381, 180.360992432, 180.953109741, 181.521987915, 182.090881348, 182.671386719, 183.240264893, 183.809158325, 184.389663696, 184.970153809, 185.55065918, 186.131149292, 186.711654663, 187.292144775, 187.872650146, 188.453155518, 189.022033691, 189.590927124, 190.159820557, 190.740310669, 191.32081604, 191.889694214, 192.470199585, 193.050704956, 193.631195068, 194.200088501, 194.768981934, 195.349472046, 195.929977417, 196.510467529, 197.079360962, 197.648254395, 198.217132568, 198.797637939, 199.378143311, 199.970245361, 200.550750732, 201.131240845, 201.711746216, 202.28062439, 202.849517822, 203.418411255, 203.987304688, 204.5677948, 205.148300171, 205.728790283, 206.309295654, 206.889785767, 207.470291138, 208.050796509, 208.631286621, 209.211791992, 209.780670166, 210.361175537, 210.93006897, 211.510559082, 212.091064453, 212.671554565, 213.263671875, 213.855773926, 214.366622925, 214.889068604, 215.399902344, 215.841079712, 216.28225708, 216.723449707, 217.176239014, 217.62902832, 218.070205688]
