
metadata:
    version:
        essentia: "2.1-beta2"
    audio_properties:
        analysis_sample_rate: 44100
        bitrate: 320
        channels: 2
        equal_loudness: 1
        length: 224.391830444
        replay_gain: -14.6163311005
        downmix: "mix"
    tags:
        album: "Evans Blue"
        artist: "Evans Blue"
        comment: ""
        date: "2009"
        genre: "Hard Rock"
        title: "Who We Are"
        tracknumber: "6"

configuration:
    average_loudness:
        compute: 1
        frameSize: 88200
        hopSize: 44100
        silentFrames: "noise"
        windowType: "hann"
    general:
        analysisSampleRate: 44100
        endTime: 2000
        equalLoudness: 1
        nequalLoudness: 0
        shortSound: 0
        startTime: 0
    lowlevel:
        compute: 1
        frameSize: 2048
        hopSize: 1024
        zeroPadding: 0
        silentFrames: "noise"
        windowType: "blackmanharris62"
        mfccStats: ["mean", "cov", "icov"]
        stats: ["mean", "var", "median", "min", "max", "dmean", "dmean2", "dvar", "dvar2"]
    panning:
        compute: 0
        frameSize: 8192
        hopSize: 2048
        zeroPadding: 8192
        silentFrames: "noise"
        windowType: "hann"
        stats: ["copy"]
    rhythm:
        compute: 1
        maxTempo: 208
        minTempo: 40
        method: "degara"
        stats: ["mean", "var", "median", "min", "max", "dmean", "dmean2", "dvar", "dvar2"]
    segmentation:
        compute: 0
        cpw: 5
        inc1: 300
        inc2: 50
        minimumSegmentsLength: 10
        size1: 1000
        size2: 600
    sfx:
        compute: 1
        stats: ["mean", "var", "median", "min", "max", "dmean", "dmean2", "dvar", "dvar2"]
    svm:
        compute: 0
    tonal:
        compute: 1
        frameSize: 4096
        hopSize: 2048
        zeroPadding: 0
        silentFrames: "noise"
        windowType: "blackmanharris62"
        stats: ["mean", "var", "median", "min", "max", "dmean", "dmean2", "dvar", "dvar2"]

lowlevel:
    average_loudness: 0.92861777544
    barkbands_kurtosis:
        dmean: 1.21073281765
        dmean2: 1.88981997967
        dvar: 6.38480424881
        dvar2: 15.1082315445
        max: 61.1068496704
        mean: 1.4148594141
        median: -0.851715624332
        min: -1.88739049435
        var: 41.4104728699
    barkbands_skewness:
        dmean: 0.388673514128
        dmean2: 0.586158931255
        dvar: 0.170930460095
        dvar2: 0.396161645651
        max: 6.72242355347
        mean: 0.643397450447
        median: 0.394821614027
        min: -4.16171169281
        var: 1.58547377586
    barkbands_spread:
        dmean: 4.58129787445
        dmean2: 6.99678707123
        dvar: 26.8855400085
        dvar2: 59.7294960022
        max: 85.3417510986
        mean: 27.5031871796
        median: 27.8927440643
        min: 1.31299459934
        var: 136.66545105
    dissonance:
        dmean: 0.0158635638654
        dmean2: 0.0263419859111
        dvar: 0.000266690825811
        dvar2: 0.000690635759383
        max: 0.499999910593
        mean: 0.460584551096
        median: 0.470724403858
        min: 0.223345756531
        var: 0.00118069967721
    hfc:
        dmean: 1.59227120876
        dmean2: 2.48952651024
        dvar: 4.55491352081
        dvar2: 10.854763031
        max: 41.9085197449
        mean: 7.61308670044
        median: 7.15879106522
        min: 1.21795039539e-016
        var: 32.5151596069
    pitch:
        dmean: 474.814300537
        dmean2: 918.755065918
        dvar: 1162771.125
        dvar2: 3054111.25
        max: 4794.59277344
        mean: 797.294799805
        median: 261.970672607
        min: 58.1560134888
        var: 1567202.125
    pitch_instantaneous_confidence:
        dmean: 0.0779616087675
        dmean2: 0.1240394786
        dvar: 0.00601035682485
        dvar2: 0.0140516990796
        max: 0.939459085464
        mean: 0.46242877841
        median: 0.425230205059
        min: 0.12250071764
        var: 0.0326307304204
    pitch_salience:
        dmean: 0.056657191366
        dmean2: 0.0914685055614
        dvar: 0.00299681327306
        dvar2: 0.00755193457007
        max: 0.936602532864
        mean: 0.601493954659
        median: 0.61634761095
        min: 0.132166266441
        var: 0.0118754524738
    silence_rate_20dB:
        dmean: 0
        dmean2: 0
        dvar: 0
        dvar2: 0
        max: 1
        mean: 1
        median: 1
        min: 1
        var: 0
    silence_rate_30dB:
        dmean: 0
        dmean2: 0
        dvar: 0
        dvar2: 0
        max: 1
        mean: 1
        median: 1
        min: 1
        var: 0
    silence_rate_60dB:
        dmean: 0.0616721846163
        dmean2: 0.123357132077
        dvar: 0.0578699745238
        dvar2: 0.122629977763
        max: 1
        mean: 0.280600100756
        median: 0
        min: 0
        var: 0.20186714828
    spectral_centroid:
        dmean: 211.024734497
        dmean2: 321.456298828
        dvar: 62956.4257813
        dvar2: 129847.570313
        max: 11145.8125
        mean: 1435.89599609
        median: 1454.65454102
        min: 137.486831665
        var: 464446.71875
    spectral_complexity:
        dmean: 2.83464407921
        dmean2: 4.61243915558
        dvar: 10.8353490829
        dvar2: 27.0072689056
        max: 45
        mean: 14.6975688934
        median: 14
        min: 0
        var: 88.5512390137
    spectral_crest:
        dmean: 2.09179806709
        dmean2: 3.32272839546
        dvar: 4.42384910583
        dvar2: 10.7766084671
        max: 25.5812797546
        mean: 8.77553749084
        median: 7.5214381218
        min: 2.51909399033
        var: 19.5472068787
    spectral_decrease:
        dmean: 2.43733838667e-010
        dmean2: 3.87381710043e-010
        dvar: 1.07995679724e-019
        dvar2: 2.72280689939e-019
        max: -3.4499944438e-029
        mean: -1.09913766977e-009
        median: -1.0709612086e-009
        min: -4.01040889386e-009
        var: 3.94603564387e-019
    spectral_energy:
        dmean: 0.0010303396266
        dmean2: 0.00163529673591
        dvar: 1.89941385997e-006
        dvar2: 4.75722754345e-006
        max: 0.0175183489919
        mean: 0.00483893929049
        median: 0.00475262617692
        min: 1.11773781935e-020
        var: 7.82332335802e-006
    spectral_energyband_high:
        dmean: 0.000134060363052
        dmean2: 0.000217095817789
        dvar: 3.83715494934e-008
        dvar2: 9.61106749742e-008
        max: 0.00587273202837
        mean: 0.000406840903452
        median: 0.000323633779772
        min: 7.87717231089e-021
        var: 1.8283277825e-007
    spectral_energyband_low:
        dmean: 0.00019793798856
        dmean2: 0.000355908996426
        dvar: 3.65300110161e-007
        dvar2: 1.05290894226e-006
        max: 0.00579893635586
        mean: 0.000280246429611
        median: 0.000173378095496
        min: 1.23121850746e-022
        var: 2.36664249087e-007
    spectral_energyband_middle_high:
        dmean: 0.000486646866193
        dmean2: 0.000742019037716
        dvar: 3.86805595554e-007
        dvar2: 8.72855878242e-007
        max: 0.0118782399222
        mean: 0.00203633029014
        median: 0.00179678958375
        min: 1.82670418456e-021
        var: 2.98890654449e-006
    spectral_energyband_middle_low:
        dmean: 0.000698226096574
        dmean2: 0.00107856909744
        dvar: 8.96664744232e-007
        dvar2: 2.18442255573e-006
        max: 0.0124739855528
        mean: 0.00225923745893
        median: 0.00188877771143
        min: 2.5592238109e-022
        var: 2.75230786428e-006
    spectral_flatness_db:
        dmean: 0.0153481485322
        dmean2: 0.02245660685
        dvar: 0.000247665069764
        dvar2: 0.000505881675053
        max: 0.397471606731
        mean: 0.156882867217
        median: 0.144722223282
        min: 0.0525692738593
        var: 0.00245078466833
    spectral_flux:
        dmean: 0.00784629117697
        dmean2: 0.0120142884552
        dvar: 9.12986215553e-005
        dvar2: 0.000179810784175
        max: 0.10615143925
        mean: 0.0355427227914
        median: 0.0352466069162
        min: 1.0572311776e-010
        var: 0.000322446634527
    spectral_kurtosis:
        dmean: 1.30534243584
        dmean2: 2.16618537903
        dvar: 3.88699531555
        dvar2: 10.9125041962
        max: 48.4646339417
        mean: 4.26631832123
        median: 3.39248013496
        min: -1.20682013035
        var: 15.3561420441
    spectral_rms:
        dmean: 0.000225346739171
        dmean2: 0.000350635207724
        dvar: 7.65800862723e-008
        dvar2: 1.83071577453e-007
        max: 0.00413413485512
        mean: 0.00204939558171
        median: 0.00215330184437
        min: 3.30223543822e-012
        var: 5.20867729392e-007
    spectral_rolloff:
        dmean: 405.105163574
        dmean2: 654.235778809
        dvar: 321013.21875
        dvar2: 684620.9375
        max: 18604.6875
        mean: 2750.19921875
        median: 3165.38085938
        min: 129.19921875
        var: 1696062.75
    spectral_skewness:
        dmean: 0.178523898125
        dmean2: 0.284476488829
        dvar: 0.0400361716747
        dvar2: 0.0980551689863
        max: 5.36632490158
        mean: 1.48565423489
        median: 1.37755692005
        min: -0.0382121689618
        var: 0.300431579351
    spectral_spread:
        dmean: 557298.1875
        dmean2: 757545.3125
        dvar: 674192490496
        dvar2: 1.11489240269e+012
        max: 40646120
        mean: 4847705.5
        median: 4529221.5
        min: 1507008.625
        var: 3.09403765965e+012
    spectral_strongpeak:
        dmean: 0.393072932959
        dmean2: 0.652934074402
        dvar: 0.381940484047
        dvar2: 0.976688921452
        max: 8.20903301239
        mean: 0.842901527882
        median: 0.563068389893
        min: 6.0936136137e-009
        var: 0.800485312939
    zerocrossingrate:
        dmean: 0.00792123191059
        dmean2: 0.00916294194758
        dvar: 7.45585275581e-005
        dvar2: 7.90395060903e-005
        max: 0.486328125
        mean: 0.083550401032
        median: 0.08740234375
        min: 0.0068359375
        var: 0.00116193201393
    barkbands:
        dmean: [3.39371723612e-007, 5.58428400836e-005, 0.000106311570562, 0.000106616898847, 0.000259470572928, 0.000206419499591, 0.000246253184741, 0.000119899996207, 0.000148929117131, 7.7055679867e-005, 6.27730041742e-005, 5.83452820138e-005, 8.13191363704e-005, 6.85928971507e-005, 8.23170848889e-005, 6.85916966177e-005, 0.000156306981808, 0.000125886668684, 0.000147568018292, 0.000135801950819, 6.42884842819e-005, 1.92085317394e-005, 3.20532808473e-006, 1.92255720322e-006, 1.46540060086e-006, 8.51768646726e-008, 8.43507763637e-010]
        dmean2: [4.53363981023e-007, 9.57047159318e-005, 0.000194018342881, 0.000186156103155, 0.000413455447415, 0.000330799608491, 0.000380818964913, 0.000177222900675, 0.00021161478071, 0.000109429762233, 9.52650807449e-005, 8.93377000466e-005, 0.000124838610645, 0.000108008585812, 0.000131586522912, 0.000108362277388, 0.000247435847996, 0.000210517537198, 0.00024146999931, 0.000225541807595, 0.000105603729025, 3.12987613142e-005, 5.08431276103e-006, 2.85342798634e-006, 2.10958137359e-006, 1.24286557934e-007, 1.3045546865e-009]
        dvar: [6.74429858748e-013, 2.62277275453e-008, 1.11560893856e-007, 5.67316114086e-008, 1.85698795008e-007, 2.20709281962e-007, 2.73492474889e-007, 1.14312136645e-007, 1.07855555598e-007, 5.96086380256e-008, 3.03757694553e-008, 1.88317201832e-008, 3.52350113531e-008, 2.33714292364e-008, 3.50555673378e-008, 2.63285553359e-008, 8.40944736069e-008, 3.05266993905e-008, 3.83272542592e-008, 3.5787831365e-008, 1.03520774175e-008, 1.14321696554e-009, 3.87134352353e-011, 1.7676764566e-011, 1.7421007345e-011, 6.7099829111e-014, 4.39235759039e-018]
        dvar2: [1.35821605698e-012, 7.37981835641e-008, 3.27059979099e-007, 1.60563658369e-007, 4.77627793316e-007, 5.42889495136e-007, 6.2274375523e-007, 2.18437833155e-007, 2.02765491508e-007, 1.09071422116e-007, 6.70557227522e-008, 4.37209806137e-008, 8.13113771869e-008, 5.786572288e-008, 8.08990634482e-008, 5.78493981607e-008, 1.96678783482e-007, 7.80009798973e-008, 9.78443779331e-008, 9.3935902612e-008, 2.70992206453e-008, 2.94165691805e-009, 9.18865886157e-011, 3.63797533764e-011, 3.52656862046e-011, 1.41155709625e-013, 9.4788479277e-018]
        max: [1.25630131151e-005, 0.00172313675284, 0.00306067173369, 0.00275223795325, 0.00677550397813, 0.00820234883577, 0.00849150493741, 0.00777119584382, 0.00757103180513, 0.00886233430356, 0.00637603877112, 0.00372587470338, 0.00473005929962, 0.00383521709591, 0.00419074716046, 0.00583001598716, 0.0072433007881, 0.0048785880208, 0.00381560088135, 0.00425286777318, 0.0021109294612, 0.000572264252696, 0.000154763969476, 8.74057514011e-005, 8.43140805955e-005, 6.81708706907e-006, 5.84824420002e-008]
        mean: [7.5653457543e-007, 9.32873153943e-005, 0.000112009205623, 0.000146251244587, 0.000511932768859, 0.000369163812138, 0.000494964595418, 0.000244110531639, 0.000369321729522, 0.000189153055544, 0.000117548588605, 0.000105465747765, 0.00014275572903, 0.000125145044876, 0.000152679131133, 0.000134736896143, 0.000331087241648, 0.000284257141175, 0.000349799229298, 0.000337548088282, 0.000167642181623, 4.5110406063e-005, 7.33854449209e-006, 4.13720681536e-006, 2.61044851868e-006, 1.21149682286e-007, 1.00145092219e-009]
        median: [3.82260594733e-007, 6.16413526586e-005, 5.33297788934e-005, 7.44782737456e-005, 0.000318482751027, 0.000170884813997, 0.000147905608173, 6.03694352321e-005, 9.49624518398e-005, 3.99322707381e-005, 3.99302043661e-005, 4.28116836702e-005, 3.58633151336e-005, 5.14871426276e-005, 5.86505120737e-005, 7.74265063228e-005, 0.000209137710044, 0.000213148945477, 0.000293572287774, 0.000270173099125, 0.000119773219922, 2.45940300374e-005, 3.37135793416e-006, 1.84382133739e-006, 8.48764443617e-007, 2.53532856931e-008, 2.74272132783e-010]
        min: [8.36134310045e-023, 3.48360281548e-023, 4.55017999357e-023, 2.04120772675e-023, 2.04633705812e-023, 2.71238525772e-023, 1.10635974909e-023, 5.74893239406e-023, 1.0040403876e-022, 5.80971002473e-023, 1.24049664767e-022, 1.6847995178e-022, 9.36486946629e-023, 4.93917235465e-023, 2.2072668916e-022, 1.83246266722e-022, 2.89591772318e-022, 1.66397169663e-022, 2.75049847282e-022, 2.9779448685e-022, 5.31454253939e-022, 3.7802504879e-022, 7.2507343572e-022, 9.40634108314e-022, 1.2434518847e-021, 1.73219152944e-021, 2.53815665564e-021]
        var: [1.26634141541e-012, 1.96126688223e-008, 6.64717632048e-008, 5.23443048905e-008, 3.61574592489e-007, 3.66251555306e-007, 8.84378152932e-007, 3.48556909557e-007, 6.34773925867e-007, 3.58317407745e-007, 8.22720238602e-008, 4.16107717172e-008, 1.00466778008e-007, 6.2979502502e-008, 8.54463237943e-008, 6.84799985606e-008, 2.43592552351e-007, 8.88248052888e-008, 1.05915006543e-007, 1.22056150076e-007, 3.98462454143e-008, 3.47836315306e-009, 1.16360386604e-010, 5.31673524651e-011, 3.9419009723e-011, 1.32060730624e-013, 6.78285124443e-018]
    frequency_bands:
        dmean: [3.39371723612e-007, 5.58428400836e-005, 0.000106311570562, 0.000106616898847, 0.000259470572928, 0.000206419499591, 0.000246253184741, 0.000119899996207, 0.000148929117131, 7.7055679867e-005, 6.27730041742e-005, 5.83452820138e-005, 8.13191363704e-005, 6.85928971507e-005, 8.23170848889e-005, 6.85916966177e-005, 0.000156306981808, 0.000125886668684, 0.000147568018292, 0.000135801950819, 6.42884842819e-005, 1.92085317394e-005, 3.20532808473e-006, 1.92255720322e-006, 1.46540060086e-006, 8.51768646726e-008, 8.43507763637e-010, 5.88717755101e-011]
        dmean2: [4.53363981023e-007, 9.57047159318e-005, 0.000194018342881, 0.000186156103155, 0.000413455447415, 0.000330799608491, 0.000380818964913, 0.000177222900675, 0.00021161478071, 0.000109429762233, 9.52650807449e-005, 8.93377000466e-005, 0.000124838610645, 0.000108008585812, 0.000131586522912, 0.000108362277388, 0.000247435847996, 0.000210517537198, 0.00024146999931, 0.000225541807595, 0.000105603729025, 3.12987613142e-005, 5.08431276103e-006, 2.85342798634e-006, 2.10958137359e-006, 1.24286557934e-007, 1.3045546865e-009, 1.09585555907e-010]
        dvar: [6.74429858748e-013, 2.62277275453e-008, 1.11560893856e-007, 5.67316114086e-008, 1.85698795008e-007, 2.20709281962e-007, 2.73492474889e-007, 1.14312136645e-007, 1.07855555598e-007, 5.96086380256e-008, 3.03757694553e-008, 1.88317201832e-008, 3.52350113531e-008, 2.33714292364e-008, 3.50555673378e-008, 2.63285553359e-008, 8.40944736069e-008, 3.05266993905e-008, 3.83272542592e-008, 3.5787831365e-008, 1.03520774175e-008, 1.14321696554e-009, 3.87134352353e-011, 1.7676764566e-011, 1.7421007345e-011, 6.7099829111e-014, 4.39235759039e-018, 7.31691415784e-021]
        dvar2: [1.35821605698e-012, 7.37981835641e-008, 3.27059979099e-007, 1.60563658369e-007, 4.77627793316e-007, 5.42889495136e-007, 6.2274375523e-007, 2.18437833155e-007, 2.02765491508e-007, 1.09071422116e-007, 6.70557227522e-008, 4.37209806137e-008, 8.13113771869e-008, 5.786572288e-008, 8.08990634482e-008, 5.78493981607e-008, 1.96678783482e-007, 7.80009798973e-008, 9.78443779331e-008, 9.3935902612e-008, 2.70992206453e-008, 2.94165691805e-009, 9.18865886157e-011, 3.63797533764e-011, 3.52656862046e-011, 1.41155709625e-013, 9.4788479277e-018, 2.3485893563e-020]
        max: [1.25630131151e-005, 0.00172313675284, 0.00306067173369, 0.00275223795325, 0.00677550397813, 0.00820234883577, 0.00849150493741, 0.00777119584382, 0.00757103180513, 0.00886233430356, 0.00637603877112, 0.00372587470338, 0.00473005929962, 0.00383521709591, 0.00419074716046, 0.00583001598716, 0.0072433007881, 0.0048785880208, 0.00381560088135, 0.00425286777318, 0.0021109294612, 0.000572264252696, 0.000154763969476, 8.74057514011e-005, 8.43140805955e-005, 6.81708706907e-006, 5.84824420002e-008, 1.0092694458e-009]
        mean: [7.5653457543e-007, 9.32873153943e-005, 0.000112009205623, 0.000146251244587, 0.000511932768859, 0.000369163812138, 0.000494964595418, 0.000244110531639, 0.000369321729522, 0.000189153055544, 0.000117548588605, 0.000105465747765, 0.00014275572903, 0.000125145044876, 0.000152679131133, 0.000134736896143, 0.000331087241648, 0.000284257141175, 0.000349799229298, 0.000337548088282, 0.000167642181623, 4.5110406063e-005, 7.33854449209e-006, 4.13720681536e-006, 2.61044851868e-006, 1.21149682286e-007, 1.00145092219e-009, 4.63614875656e-011]
        median: [3.82260594733e-007, 6.16413526586e-005, 5.33297788934e-005, 7.44782737456e-005, 0.000318482751027, 0.000170884813997, 0.000147905608173, 6.03694352321e-005, 9.49624518398e-005, 3.99322707381e-005, 3.99302043661e-005, 4.28116836702e-005, 3.58633151336e-005, 5.14871426276e-005, 5.86505120737e-005, 7.74265063228e-005, 0.000209137710044, 0.000213148945477, 0.000293572287774, 0.000270173099125, 0.000119773219922, 2.45940300374e-005, 3.37135793416e-006, 1.84382133739e-006, 8.48764443617e-007, 2.53532856931e-008, 2.74272132783e-010, 1.59806681777e-011]
        min: [8.36134310045e-023, 3.48360281548e-023, 4.55017999357e-023, 2.04120772675e-023, 2.04633705812e-023, 2.71238525772e-023, 1.10635974909e-023, 5.74893239406e-023, 1.0040403876e-022, 5.80971002473e-023, 1.24049664767e-022, 1.6847995178e-022, 9.36486946629e-023, 4.93917235465e-023, 2.2072668916e-022, 1.83246266722e-022, 2.89591772318e-022, 1.66397169663e-022, 2.75049847282e-022, 2.9779448685e-022, 5.31454253939e-022, 3.7802504879e-022, 7.2507343572e-022, 9.40634108314e-022, 1.2434518847e-021, 1.73219152944e-021, 2.53815665564e-021, 7.61010303491e-022]
        var: [1.26634141541e-012, 1.96126688223e-008, 6.64717632048e-008, 5.23443048905e-008, 3.61574592489e-007, 3.66251555306e-007, 8.84378152932e-007, 3.48556909557e-007, 6.34773925867e-007, 3.58317407745e-007, 8.22720238602e-008, 4.16107717172e-008, 1.00466778008e-007, 6.2979502502e-008, 8.54463237943e-008, 6.84799985606e-008, 2.43592552351e-007, 8.88248052888e-008, 1.05915006543e-007, 1.22056150076e-007, 3.98462454143e-008, 3.47836315306e-009, 1.16360386604e-010, 5.31673524651e-011, 3.9419009723e-011, 1.32060730624e-013, 6.78285124443e-018, 6.0421153389e-021]
    mfcc:
        mean: [-720.280761719, 110.271881104, -39.7696495056, 52.9171676636, -14.5727949142, -9.88874912262, -3.59571433067, -8.56487560272, -3.26234531403, -5.42936515808, -2.59408712387, -1.20829260349, -5.77784204483]
        cov: [[7125.20703125, -420.337738037, -1432.81420898, 234.193481445, -637.952453613, 89.7340774536, -48.4213790894, 30.8676757813, 168.269851685, 39.1950187683, 25.0774154663, -51.8405227661, -76.936630249], [-420.337738037, 972.058227539, -9.06760501862, 101.650367737, 68.8858032227, -45.0192642212, 56.916934967, 11.3521680832, -31.0027866364, -6.52557229996, 22.3708095551, 56.7338905334, 35.9815826416], [-1432.81420898, -9.06760501862, 833.05859375, -14.6558246613, 242.584259033, -5.60943746567, 10.0961198807, -1.80134940147, -56.0274009705, -15.6940898895, -4.17641878128, 4.56430578232, 19.3709487915], [234.193481445, 101.650367737, -14.6558246613, 303.911621094, 62.4232406616, 18.1006450653, 16.6045150757, -10.1624917984, 24.2435951233, -2.76196193695, -13.7271928787, 22.186258316, 31.0818767548], [-637.952453613, 68.8858032227, 242.584259033, 62.4232406616, 266.331970215, 30.1254692078, -3.53384709358, -16.8867034912, -8.29816150665, 16.2929191589, -4.57553577423, 15.4367485046, 9.09250164032], [89.7340774536, -45.0192642212, -5.60943746567, 18.1006450653, 30.1254692078, 126.471763611, 38.8126487732, 26.230588913, 9.43636322021, 11.059463501, 6.73507261276, -4.98073625565, -12.3956727982], [-48.4213790894, 56.916934967, 10.0961198807, 16.6045150757, -3.53384709358, 38.8126487732, 144.336227417, 44.1445198059, 4.22794437408, -8.7935333252, 19.0679111481, 15.3555450439, 3.17520952225], [30.8676757813, 11.3521680832, -1.80134940147, -10.1624917984, -16.8867034912, 26.230588913, 44.1445198059, 99.6723251343, 37.5004997253, 11.408121109, -0.806925475597, -5.73156929016, -1.56058633327], [168.269851685, -31.0027866364, -56.0274009705, 24.2435951233, -8.29816150665, 9.43636322021, 4.22794437408, 37.5004997253, 96.2048034668, 37.4636650085, -2.89739465714, -14.5478582382, -9.55362415314], [39.1950187683, -6.52557229996, -15.6940898895, -2.76196193695, 16.2929191589, 11.059463501, -8.7935333252, 11.408121109, 37.4636650085, 104.774971008, 48.5894927979, 5.89048051834, -17.2458343506], [25.0774154663, 22.3708095551, -4.17641878128, -13.7271928787, -4.57553577423, 6.73507261276, 19.0679111481, -0.806925475597, -2.89739465714, 48.5894927979, 100.383255005, 41.5053596497, 2.30607676506], [-51.8405227661, 56.7338905334, 4.56430578232, 22.186258316, 15.4367485046, -4.98073625565, 15.3555450439, -5.73156929016, -14.5478582382, 5.89048051834, 41.5053596497, 87.8384246826, 46.3806304932], [-76.936630249, 35.9815826416, 19.3709487915, 31.0818767548, 9.09250164032, -12.3956727982, 3.17520952225, -1.56058633327, -9.55362415314, -17.2458343506, 2.30607676506, 46.3806304932, 89.1642990112]]
        icov: [[0.000265306502115, 9.75331568043e-005, 0.000321270985296, -0.000314770266414, 0.000398223754019, -0.000205408068723, 0.000162215772434, -3.01922118524e-005, -0.000119684809761, 6.50093279546e-005, -0.000163043892826, 1.91235521925e-005, 0.00014804417151], [9.75331568043e-005, 0.00125976942945, 0.000331057031872, -0.000483753537992, -0.00036778402864, 0.000756132474635, -0.00044379994506, -0.000537761021405, 0.000639865873381, -4.59223774669e-005, -0.000160015028086, -0.0003528110974, 6.88494401402e-005], [0.000321270985296, 0.000331057031872, 0.00226164166816, -0.000119231866847, -0.00148847070523, 0.000487412995426, -8.05633098935e-005, -0.000825713388622, 0.000969186483417, 0.000340282305842, -0.000587773683947, 0.000699638796505, -0.000277266110061], [-0.000314770266414, -0.000483753537992, -0.000119231866847, 0.00444693258032, -0.00139708991628, -0.000411390792578, -0.000745577097405, 0.00134887511376, -0.00161435478367, 0.000128862739075, 0.00109961512499, -0.00065973092569, -0.00129852653481], [0.000398223754019, -0.00036778402864, -0.00148847070523, -0.00139708991628, 0.00704561406747, -0.00240447698161, 0.000738591887057, 0.00160694657825, -0.000618374557234, -0.00166870211251, 0.00148477125913, -0.00150993373245, 0.000609501090366], [-0.000205408068723, 0.000756132474635, 0.000487412995426, -0.000411390792578, -0.00240447698161, 0.0103690866381, -0.00257601821795, -0.00239317724481, 0.00123336783145, -0.0005867331638, -0.000508466677275, 0.000770263082813, 0.000922855397221], [0.000162215772434, -0.00044379994506, -8.05633098935e-005, -0.000745577097405, 0.000738591887057, -0.00257601821795, 0.00978709105402, -0.00396358128637, -8.17073523649e-005, 0.00275030126795, -0.00262728100643, -0.00110933068208, 0.000913320574909], [-3.01922118524e-005, -0.000537761021405, -0.000825713388622, 0.00134887511376, 0.00160694657825, -0.00239317724481, -0.00396358128637, 0.0152624920011, -0.00603480217978, -0.000875589030329, 0.00156412099022, 0.000240047971602, -0.00116943370085], [-0.000119684809761, 0.000639865873381, 0.000969186483417, -0.00161435478367, -0.000618374557234, 0.00123336783145, -8.17073523649e-005, -0.00603480217978, 0.0168246347457, -0.00649858871475, 0.00237673288211, 0.00200104131363, -0.000434071262134], [6.50093279546e-005, -4.59223774669e-005, 0.000340282305842, 0.000128862739075, -0.00166870211251, -0.0005867331638, 0.00275030126795, -0.000875589030329, -0.00649858871475, 0.0172825120389, -0.00941489078104, 0.000639336474705, 0.00248846784234], [-0.000163043892826, -0.000160015028086, -0.000587773683947, 0.00109961512499, 0.00148477125913, -0.000508466677275, -0.00262728100643, 0.00156412099022, 0.00237673288211, -0.00941489078104, 0.0191576424986, -0.00920753646642, 0.00229477882385], [1.91235521925e-005, -0.0003528110974, 0.000699638796505, -0.00065973092569, -0.00150993373245, 0.000770263082813, -0.00110933068208, 0.000240047971602, 0.00200104131363, 0.000639336474705, -0.00920753646642, 0.0225021205842, -0.0105871204287], [0.00014804417151, 6.88494401402e-005, -0.000277266110061, -0.00129852653481, 0.000609501090366, 0.000922855397221, 0.000913320574909, -0.00116943370085, -0.000434071262134, 0.00248846784234, 0.00229477882385, -0.0105871204287, 0.0177238080651]]
    sccoeffs:
        dmean: [0.0443983785808, 0.0453849546611, 0.0353856794536, 0.0303760394454, 0.0207448136061, 0.0180716570467]
        dmean2: [0.0727139338851, 0.0739333257079, 0.0560850538313, 0.0485607162118, 0.0336071662605, 0.0285374373198]
        dvar: [0.00151342828758, 0.00155980326235, 0.000870316056535, 0.000662117323373, 0.000326710636728, 0.000294760771794]
        dvar2: [0.00399057334289, 0.00397274782881, 0.0020321237389, 0.00154197460506, 0.00077764375601, 0.000675216550007]
        max: [-0.232200145721, -0.335655778646, -0.451184570789, -0.517069101334, -0.599377691746, -0.586951196194]
        mean: [-0.677746593952, -0.702886044979, -0.750587463379, -0.773577570915, -0.791869997978, -0.751307189465]
        median: [-0.684299945831, -0.716331779957, -0.764426887035, -0.780921399593, -0.795159578323, -0.746772527695]
        min: [-0.962671518326, -0.952421724796, -0.963535010815, -0.954744398594, -0.963142514229, -0.960703790188]
        var: [0.0051556979306, 0.00749969715253, 0.0061680614017, 0.00385051150806, 0.00168658664916, 0.00246658711694]
    scvalleys:
        dmean: [0.305910110474, 0.339851737022, 0.295842021704, 0.269619107246, 0.229598298669, 0.28805154562]
        dmean2: [0.501986443996, 0.555746197701, 0.473760038614, 0.421623259783, 0.345550626516, 0.362723320723]
        dvar: [0.0827748849988, 0.109897375107, 0.0816200748086, 0.0808208584785, 0.0872712507844, 0.130153074861]
        dvar2: [0.196291148663, 0.255617082119, 0.174778565764, 0.162947773933, 0.169670730829, 0.219079583883]
        max: [-5.00528335571, -4.39197969437, -5.45273303986, -5.86734771729, -5.62447929382, -7.71472883224]
        mean: [-6.81880235672, -6.72197961807, -7.3458032608, -7.59100675583, -7.27376890182, -9.95803642273]
        median: [-6.62655925751, -6.5411491394, -7.0714468956, -7.23031949997, -6.75018835068, -9.65784454346]
        min: [-27.5125274658, -27.4415493011, -27.757314682, -27.4195137024, -27.1374416351, -27.2810783386]
        var: [1.17820215225, 1.1290127039, 1.24032688141, 1.34061574936, 1.62056529522, 1.96679198742]

rhythm:
    beats_loudness:
        dmean: 0.00218420661986
        dmean2: 0.00387965142727
        dvar: 3.5393923099e-006
        dvar2: 1.02123603938e-005
        max: 0.0148409446701
        mean: 0.00535612320527
        median: 0.00543548818678
        min: 1.20158083483e-009
        var: 7.08580137143e-006
    bpm: 128.99458313
    bpm_confidence: 0
    first_peak_bpm: 129
    first_peak_spread: 0.142857149243
    first_peak_weight: 0.803347289562
    onset_rate: 2.68726372719
    second_peak_bpm: 115
    second_peak_spread: 0.181818202138
    second_peak_weight: 0.0188284516335
    beats_loudness_band_ratio:
        dmean: [0.100629098713, 0.143865793943, 0.16120018065, 0.0834567844868, 0.102678567171, 0.0796367302537]
        dmean2: [0.167711824179, 0.243624895811, 0.2807687819, 0.149367496371, 0.176243171096, 0.139571577311]
        dvar: [0.00894799456, 0.0162319671363, 0.0245301611722, 0.0101360389963, 0.00972985848784, 0.00694875000045]
        dvar2: [0.0219369120896, 0.04216889292, 0.0672040879726, 0.0295575633645, 0.0280226841569, 0.0194042250514]
        max: [0.915183186531, 0.890135169029, 0.837883710861, 0.658560454845, 0.75935703516, 0.75504130125]
        mean: [0.145871430635, 0.212572067976, 0.217406705022, 0.098576836288, 0.201738938689, 0.183062061667]
        median: [0.108524635434, 0.169311031699, 0.154072999954, 0.0685244873166, 0.188133791089, 0.171978533268]
        min: [0.00021760124946, 0.00343779171817, 0.00647690054029, 0.00174154608976, 0.00158482720144, 0.000643334991764]
        var: [0.0174359492958, 0.0267514362931, 0.0309170335531, 0.00940069556236, 0.0164609570056, 0.0113965542987]
    beats_position: [0.49922901392, 0.99845802784, 1.49768710136, 1.99691605568, 2.47292518616, 2.94893407822, 3.41333317757, 3.87773227692, 4.34213161469, 4.80653047562, 5.27092981339, 5.73532867432, 6.19972801208, 6.66412687302, 7.12852573395, 7.59292507172, 8.05732440948, 8.52172279358, 8.98612213135, 9.46213150024, 9.93814086914, 10.4025392532, 10.8553285599, 11.3197278976, 11.7841272354, 12.2485256195, 12.7245349884, 13.1889343262, 13.6533327103, 14.117732048, 14.5821313858, 15.0465307236, 15.5109291077, 15.9753284454, 16.4397277832, 16.904127121, 17.3685264587, 17.8329238892, 18.2973232269, 18.7617225647, 19.2261219025, 19.6905212402, 20.154920578, 20.6193199158, 21.0837192535, 21.548116684, 22.0125160217, 22.4769153595, 22.9413146973, 23.405714035, 23.8701133728, 24.3345127106, 24.7989120483, 25.2633094788, 25.7277088165, 26.1921081543, 26.6565074921, 27.1209068298, 27.5853061676, 28.0497055054, 28.5257129669, 28.9901123047, 29.4661216736, 29.9305210114, 30.3949203491, 30.8593196869, 31.3237190247, 31.7881164551, 32.2525177002, 32.7169151306, 33.1813163757, 33.6457138062, 34.1101112366, 34.5745124817, 35.0389099121, 35.5033111572, 35.9677085876, 36.4321098328, 36.8965072632, 37.3609046936, 37.8253059387, 38.2897033691, 38.7541046143, 39.2185020447, 39.6829032898, 40.1473007202, 40.6116981506, 41.0760993958, 41.5404968262, 42.0048980713, 42.4809074402, 42.9569168091, 43.4097061157, 43.8741035461, 44.3385009766, 44.8145103455, 45.2789115906, 45.743309021, 46.2077102661, 46.6721076965, 47.1365089417, 47.6009063721, 48.0653038025, 48.5297050476, 48.994102478, 49.4585037231, 49.9229011536, 50.3873023987, 50.8516998291, 51.3160972595, 51.7804985046, 52.2448959351, 52.7092971802, 53.1853065491, 53.6380958557, 54.1024932861, 54.5668907166, 55.0312919617, 55.4956893921, 55.9600906372, 56.4361000061, 56.912109375, 57.3765068054, 57.8409042358, 58.305305481, 58.7697029114, 59.2341041565, 59.6985015869, 60.162902832, 60.6273002625, 61.0916976929, 61.556098938, 62.0204963684, 62.4848976135, 62.9492950439, 63.4136962891, 63.8780937195, 64.3424911499, 64.806892395, 65.2712936401, 65.7356872559, 66.200088501, 66.6644897461, 67.1288909912, 67.5932846069, 68.0576858521, 68.5220870972, 68.9864807129, 69.450881958, 69.9268951416, 70.3912887573, 70.8673019409, 71.3433074951, 71.8077087402, 72.2604980469, 72.724899292, 73.1892929077, 73.6536941528, 74.1180953979, 74.5824966431, 75.0468902588, 75.5112915039, 75.975692749, 76.4400863647, 76.9044876099, 77.368888855, 77.8332901001, 78.2976837158, 78.7620849609, 79.2264862061, 79.6908798218, 80.1552810669, 80.619682312, 81.0840835571, 81.5484771729, 82.012878418, 82.4772796631, 82.9416732788, 83.4060745239, 83.870475769, 84.3348770142, 84.7992706299, 85.263671875, 85.7280731201, 86.1924667358, 86.656867981, 87.1212692261, 87.5856704712, 88.0500640869, 88.514465332, 88.9788665771, 89.4432601929, 89.9192733765, 90.3952789307, 90.8596801758, 91.3240814209, 91.788482666, 92.2528762817, 92.7056655884, 93.158454895, 93.6228561401, 94.0988616943, 94.5748748779, 95.039276123, 95.5036697388, 95.9680709839, 96.432472229, 96.8968658447, 97.3612670898, 97.825668335, 98.2900695801, 98.7544631958, 99.2072525024, 99.683265686, 100.147659302, 100.612060547, 101.076461792, 101.540863037, 102.005256653, 102.469657898, 102.945663452, 103.421676636, 103.89768219, 104.350471497, 104.814872742, 105.279273987, 105.743675232, 106.208068848, 106.672470093, 107.136871338, 107.601264954, 108.065666199, 108.530067444, 108.994468689, 109.458862305, 109.92326355, 110.387664795, 110.852058411, 111.316459656, 111.780860901, 112.245262146, 112.709655762, 113.174057007, 113.638458252, 114.102851868, 114.567253113, 115.031654358, 115.496055603, 115.960449219, 116.424850464, 116.889251709, 117.353645325, 117.81804657, 118.282447815, 118.74684906, 119.211242676, 119.675643921, 120.140045166, 120.61605072, 121.092063904, 121.55645752, 122.020858765, 122.473648071, 122.926437378, 123.414054871, 123.878456116, 124.342857361, 124.807250977, 125.271652222, 125.736053467, 126.200454712, 126.664848328, 127.129249573, 127.593650818, 128.058044434, 128.522445679, 128.986846924, 129.451248169, 129.915649414, 130.3800354, 130.844436646, 131.308837891, 131.773239136, 132.237640381, 132.713653564, 133.17805481, 133.654052734, 134.118453979, 134.582855225, 135.04725647, 135.511657715, 135.97605896, 136.440444946, 136.904846191, 137.369247437, 137.833648682, 138.298049927, 138.762451172, 139.226852417, 139.691238403, 140.155639648, 140.620040894, 141.084442139, 141.548843384, 142.013244629, 142.477645874, 142.94203186, 143.406433105, 143.870834351, 144.335235596, 144.799636841, 145.264038086, 145.728439331, 146.192825317, 146.668838501, 147.133239746, 147.597640991, 148.062042236, 148.526443481, 149.002441406, 149.466842651, 149.931243896, 150.384033203, 150.848434448, 151.312835693, 151.765625, 152.230026245, 152.694412231, 153.170425415, 153.63482666, 154.110839844, 154.575241089, 155.039627075, 155.50402832, 155.968429565, 156.432830811, 156.897232056, 157.361633301, 157.826034546, 158.290420532, 158.743209839, 159.207611084, 159.672012329, 160.148025513, 160.612426758, 161.076828003, 161.541213989, 162.005615234, 162.470016479, 162.934417725, 163.39881897, 163.874832153, 164.339233398, 164.803619385, 165.26802063, 165.732421875, 166.208435059, 166.672836304, 167.12562561, 167.578414917, 167.973144531, 168.367889404, 168.774230957, 169.180587769, 169.586929321, 169.993286133, 170.399627686, 170.805984497, 171.281997681, 171.757995605, 172.222396851, 172.686798096, 173.151199341, 173.615600586, 174.080001831, 174.544403076, 175.008789063, 175.484802246, 175.96081543, 176.425216675, 176.88961792, 177.354003906, 177.818405151, 178.282806396, 178.75881958, 179.223220825, 179.69921875, 180.163619995, 180.62802124, 181.092422485, 181.55682373, 182.009613037, 182.462402344, 182.950012207, 183.414413452, 183.878814697, 184.343215942, 184.807617188, 185.272018433, 185.736419678, 186.200805664, 186.665206909, 187.129608154, 187.594009399, 188.058410645, 188.52281189, 188.987213135, 189.451599121, 189.916000366, 190.380401611, 190.844802856, 191.309204102, 191.773605347, 192.238006592, 192.702392578, 193.166793823, 193.631195068, 194.107208252, 194.583221436, 195.047622681, 195.512008667, 195.976409912, 196.440811157, 196.905212402, 197.369613647, 197.834014893, 198.298416138, 198.762802124, 199.227203369, 199.691604614, 200.156005859, 200.620407104, 201.08480835, 201.549209595, 202.013595581, 202.477996826, 202.942398071, 203.406799316, 203.871200562, 204.335601807, 204.800003052, 205.264389038, 205.728790283, 206.193191528, 206.657592773, 207.121994019, 207.586395264, 208.050796509, 208.526794434, 209.002807617, 209.467208862, 209.931610107, 210.396011353, 210.860397339, 211.324798584, 211.789199829, 212.253601074, 212.729614258, 213.205612183, 213.693237305, 214.15763855, 214.622039795, 215.08644104, 215.608886719, 216.131332397, 216.653778076, 217.234283447, 217.81477356, 218.406890869, 218.987380981, 219.567886353, 220.090332031, 220.61277771, 221.135238647, 221.657684326, 222.168518066, 222.679367065, 223.201812744, 223.724258423]
