
metadata:
    version:
        essentia: "2.1-beta2"
    audio_properties:
        analysis_sample_rate: 44100
        bitrate: 320
        channels: 2
        equal_loudness: 1
        length: 201.874282837
        replay_gain: -14.9745178223
        downmix: "mix"
    tags:
        album: "Evans Blue"
        artist: "Evans Blue"
        comment: ""
        date: "2009"
        genre: "Hard Rock"
        title: "I Blame You"
        tracknumber: "8"

configuration:
    average_loudness:
        compute: 1
        frameSize: 88200
        hopSize: 44100
        silentFrames: "noise"
        windowType: "hann"
    general:
        analysisSampleRate: 44100
        endTime: 2000
        equalLoudness: 1
        nequalLoudness: 0
        shortSound: 0
        startTime: 0
    lowlevel:
        compute: 1
        frameSize: 2048
        hopSize: 1024
        zeroPadding: 0
        silentFrames: "noise"
        windowType: "blackmanharris62"
        mfccStats: ["mean", "cov", "icov"]
        stats: ["mean", "var", "median", "min", "max", "dmean", "dmean2", "dvar", "dvar2"]
    panning:
        compute: 0
        frameSize: 8192
        hopSize: 2048
        zeroPadding: 8192
        silentFrames: "noise"
        windowType: "hann"
        stats: ["copy"]
    rhythm:
        compute: 1
        maxTempo: 208
        minTempo: 40
        method: "degara"
        stats: ["mean", "var", "median", "min", "max", "dmean", "dmean2", "dvar", "dvar2"]
    segmentation:
        compute: 0
        cpw: 5
        inc1: 300
        inc2: 50
        minimumSegmentsLength: 10
        size1: 1000
        size2: 600
    sfx:
        compute: 1
        stats: ["mean", "var", "median", "min", "max", "dmean", "dmean2", "dvar", "dvar2"]
    svm:
        compute: 0
    tonal:
        compute: 1
        frameSize: 4096
        hopSize: 2048
        zeroPadding: 0
        silentFrames: "noise"
        windowType: "blackmanharris62"
        stats: ["mean", "var", "median", "min", "max", "dmean", "dmean2", "dvar", "dvar2"]

lowlevel:
    average_loudness: 0.915939033031
    barkbands_kurtosis:
        dmean: 0.59849780798
        dmean2: 0.941260755062
        dvar: 1.16281569004
        dvar2: 2.5518693924
        max: 47.8560562134
        mean: -0.742960453033
        median: -1.09273612499
        min: -1.86100888252
        var: 2.09539437294
    barkbands_skewness:
        dmean: 0.346252799034
        dmean2: 0.53696346283
        dvar: 0.107086092234
        dvar2: 0.251686304808
        max: 6.44261646271
        mean: -0.384312272072
        median: -0.467509239912
        min: -2.99617648125
        var: 0.506580412388
    barkbands_spread:
        dmean: 5.23537349701
        dmean2: 8.32311630249
        dvar: 26.4014720917
        dvar2: 68.0168457031
        max: 64.439414978
        mean: 33.3265838623
        median: 33.4324302673
        min: 3.49470758438
        var: 84.2891159058
    dissonance:
        dmean: 0.010650485754
        dmean2: 0.0179119687527
        dvar: 0.00011802080553
        dvar2: 0.000315014010994
        max: 0.500000119209
        mean: 0.48095625639
        median: 0.485080510378
        min: 0.306601554155
        var: 0.000256811879808
    hfc:
        dmean: 2.39878082275
        dmean2: 3.89589047432
        dvar: 7.52100992203
        dvar2: 19.2015380859
        max: 38.9523506165
        mean: 11.1745729446
        median: 10.8277568817
        min: 1.18728661156e-016
        var: 31.0267791748
    pitch:
        dmean: 854.544250488
        dmean2: 1651.55041504
        dvar: 1827650
        dvar2: 4381320.5
        max: 4709.71826172
        mean: 1697.4543457
        median: 433.755554199
        min: 65.303352356
        var: 2764462.75
    pitch_instantaneous_confidence:
        dmean: 0.0772805660963
        dmean2: 0.125681728125
        dvar: 0.00439133262262
        dvar2: 0.0102064451203
        max: 0.922312498093
        mean: 0.386061966419
        median: 0.366906762123
        min: 0.122012495995
        var: 0.0147003289312
    pitch_salience:
        dmean: 0.0510562025011
        dmean2: 0.0831132158637
        dvar: 0.00191269535571
        dvar2: 0.00486756442115
        max: 0.906644105911
        mean: 0.674417257309
        median: 0.689953386784
        min: 0.242050245404
        var: 0.00676002539694
    silence_rate_20dB:
        dmean: 0
        dmean2: 0
        dvar: 0
        dvar2: 0
        max: 1
        mean: 1
        median: 1
        min: 1
        var: 0
    silence_rate_30dB:
        dmean: 0
        dmean2: 0
        dvar: 0
        dvar2: 0
        max: 1
        mean: 1
        median: 1
        min: 1
        var: 0
    silence_rate_60dB:
        dmean: 0.0506096147001
        dmean2: 0.101230874658
        dvar: 0.0480499044061
        dvar2: 0.109164766967
        max: 1
        mean: 0.134790107608
        median: 0
        min: 0
        var: 0.116630978882
    spectral_centroid:
        dmean: 239.98059082
        dmean2: 376.255828857
        dvar: 56860.3984375
        dvar2: 127707.453125
        max: 10766.7402344
        mean: 2092.77294922
        median: 2158.02148438
        min: 229.642715454
        var: 260419.1875
    spectral_complexity:
        dmean: 3.99263858795
        dmean2: 6.38743829727
        dvar: 14.4426631927
        dvar2: 34.0082015991
        max: 46
        mean: 20.4561233521
        median: 21
        min: 0
        var: 75.8648757935
    spectral_crest:
        dmean: 1.55910611153
        dmean2: 2.55116915703
        dvar: 2.25666069984
        dvar2: 5.65674638748
        max: 21.1386470795
        mean: 6.12918376923
        median: 5.48435354233
        min: 2.51678824425
        var: 5.32889461517
    spectral_decrease:
        dmean: 2.64395727534e-010
        dmean2: 4.36341685006e-010
        dvar: 1.13806235786e-019
        dvar2: 3.01170489821e-019
        max: 1.10486861897e-029
        mean: -1.15710707682e-009
        median: -1.1022510682e-009
        min: -4.03149247319e-009
        var: 2.89852255047e-019
    spectral_energy:
        dmean: 0.00117844413035
        dmean2: 0.00194122479297
        dvar: 2.20405308937e-006
        dvar2: 5.799453902e-006
        max: 0.0187383666635
        mean: 0.00538073945791
        median: 0.00513835810125
        min: 1.07273483194e-020
        var: 6.11090126768e-006
    spectral_energyband_high:
        dmean: 0.000205645890674
        dmean2: 0.000341753737302
        dvar: 6.37100612266e-008
        dvar2: 1.6968209593e-007
        max: 0.00366176548414
        mean: 0.000658279052004
        median: 0.000615692406427
        min: 8.02354369743e-021
        var: 1.71679999994e-007
    spectral_energyband_low:
        dmean: 0.000241394154727
        dmean2: 0.000431906606536
        dvar: 2.78949585208e-007
        dvar2: 7.99595284207e-007
        max: 0.00407835794613
        mean: 0.000306306232233
        median: 0.000164657569258
        min: 4.43241378893e-023
        var: 2.28210211617e-007
    spectral_energyband_middle_high:
        dmean: 0.000694163318258
        dmean2: 0.00109844456892
        dvar: 5.53237214262e-007
        dvar2: 1.31345677801e-006
        max: 0.0118202185258
        mean: 0.00302321789786
        median: 0.0026712899562
        min: 1.45182637524e-021
        var: 3.32006993631e-006
    spectral_energyband_middle_low:
        dmean: 0.000586269772612
        dmean2: 0.000966928782873
        dvar: 6.5382403136e-007
        dvar2: 1.7446492393e-006
        max: 0.00887771416456
        mean: 0.00154030998237
        median: 0.00129864085466
        min: 2.30007732373e-022
        var: 1.14854594813e-006
    spectral_flatness_db:
        dmean: 0.0115407854319
        dmean2: 0.0179945137352
        dvar: 0.000109741849883
        dvar2: 0.000242487076321
        max: 0.276895552874
        mean: 0.139548301697
        median: 0.136043965816
        min: 0.0510842092335
        var: 0.000725524500012
    spectral_flux:
        dmean: 0.00736759835854
        dmean2: 0.0112708956003
        dvar: 6.2632796471e-005
        dvar2: 0.000119566037029
        max: 0.101544044912
        mean: 0.0439699143171
        median: 0.0431812442839
        min: 1.03572914134e-010
        var: 0.000228249307838
    spectral_kurtosis:
        dmean: 0.832202255726
        dmean2: 1.41438901424
        dvar: 0.689235270023
        dvar2: 2.0589325428
        max: 13.7571992874
        mean: 3.29960989952
        median: 3.18048191071
        min: -1.1932528019
        var: 1.7341594696
    spectral_rms:
        dmean: 0.000238924490986
        dmean2: 0.000387247389881
        dvar: 7.54118687496e-008
        dvar2: 1.93133601556e-007
        max: 0.00427566748112
        mean: 0.0022057374008
        median: 0.00223898026161
        min: 3.23507431781e-012
        var: 3.8420449755e-007
    spectral_rolloff:
        dmean: 269.371765137
        dmean2: 437.5909729
        dvar: 125622.945313
        dvar2: 233004.5
        max: 18453.9550781
        mean: 3712.63183594
        median: 3832.91015625
        min: 172.265625
        var: 445750
    spectral_skewness:
        dmean: 0.130399733782
        dmean2: 0.212137266994
        dvar: 0.0143665578216
        dvar2: 0.0366857200861
        max: 2.83578586578
        mean: 1.16246652603
        median: 1.17215776443
        min: -0.0289081204683
        var: 0.102122947574
    spectral_spread:
        dmean: 367764.15625
        dmean2: 527728.8125
        dvar: 357113823232
        dvar2: 486511050752
        max: 41071080
        mean: 4415787
        median: 4215794
        min: 2218748
        var: 1.76304671949e+012
    spectral_strongpeak:
        dmean: 0.612065911293
        dmean2: 1.04878139496
        dvar: 0.676928639412
        dvar2: 1.71663486958
        max: 8.6624956131
        mean: 0.947611868382
        median: 0.432566791773
        min: 9.7627150808e-009
        var: 1.21552062035
    zerocrossingrate:
        dmean: 0.00709973508492
        dmean2: 0.00879642087966
        dvar: 5.40504297533e-005
        dvar2: 5.99317536398e-005
        max: 0.505859375
        mean: 0.114427067339
        median: 0.11669921875
        min: 0.0146484375
        var: 0.000491602229886
    barkbands:
        dmean: [3.80230659403e-007, 5.95731144131e-005, 0.000134120113216, 0.000150036765262, 0.000254477723502, 0.00017604540335, 0.000132180430228, 9.61267724051e-005, 0.000119577118312, 0.000125496982946, 6.54988980386e-005, 6.40025100438e-005, 6.08671944065e-005, 7.77947352617e-005, 8.63532841322e-005, 0.000120217111544, 0.000242803565925, 0.000224189308938, 0.000254121638136, 0.000215233725612, 0.00011024712876, 2.63868696493e-005, 3.26599956679e-006, 1.68895292063e-006, 1.26604891193e-006, 5.20148688565e-008, 4.90698925937e-010]
        dmean2: [5.6358146594e-007, 0.000105328268546, 0.000241726767854, 0.000257487408817, 0.000414658512454, 0.000291466305498, 0.000224012052058, 0.000158126626047, 0.000187443685718, 0.000186019708053, 0.000101331264887, 0.000100435070635, 9.59753015195e-005, 0.000126294005895, 0.00013803615002, 0.000195203887415, 0.000397225521738, 0.000372320850147, 0.000426438462455, 0.000358656456228, 0.000186691453564, 4.43388271378e-005, 5.29887347511e-006, 2.54030760516e-006, 1.80721042398e-006, 7.54601643393e-008, 7.97032218003e-010]
        dvar: [4.71303497531e-013, 1.6566486849e-008, 8.71046452744e-008, 6.44669384542e-008, 1.19482251648e-007, 8.06213975579e-008, 8.09926348211e-008, 5.15544051893e-008, 5.45399529983e-008, 8.71371668154e-008, 2.43034961045e-008, 1.9392025763e-008, 1.51297747664e-008, 2.14004494126e-008, 2.97038607044e-008, 3.94889951849e-008, 1.09314910901e-007, 6.7165736084e-008, 7.48900035319e-008, 5.45556595455e-008, 2.00874410439e-008, 1.69508029835e-009, 3.86660981011e-011, 2.04566051598e-011, 2.25026577233e-011, 2.97951801306e-014, 9.59871653142e-019]
        dvar2: [1.0805056936e-012, 4.70057628377e-008, 2.50893236853e-007, 1.74438511635e-007, 3.11737039738e-007, 2.14259898712e-007, 2.10351387864e-007, 1.2744368405e-007, 1.27603939859e-007, 1.74795189878e-007, 5.46864669104e-008, 4.67504683854e-008, 3.44619088821e-008, 5.08201587479e-008, 6.79682088389e-008, 8.57465778381e-008, 2.72289128134e-007, 1.7827197496e-007, 2.0254206845e-007, 1.45924090589e-007, 5.45890372905e-008, 4.63960292407e-009, 9.91826967778e-011, 3.67577530913e-011, 4.03956174067e-011, 5.02907109945e-014, 1.93494998787e-018]
        max: [8.22059973871e-006, 0.00119484402239, 0.00251576630399, 0.00451746070758, 0.00529788481072, 0.0036036556121, 0.00472828280181, 0.00548279331997, 0.00501974113286, 0.00641848286614, 0.00569638982415, 0.00370788038708, 0.00210119457915, 0.00263860914856, 0.00317068304867, 0.00445352401584, 0.00753769977018, 0.00416057277471, 0.00398383243009, 0.00357764190994, 0.00172055978328, 0.000571225886233, 0.000120610246086, 0.000144514386193, 0.000170570405317, 6.50441597827e-006, 4.14249257119e-008]
        mean: [6.26478765753e-007, 7.59588947403e-005, 0.000133449866553, 0.000191563085536, 0.000454677909147, 0.000287632050458, 0.000186222983757, 0.000136480739457, 0.000212164333789, 0.000278119230643, 0.000111852590635, 0.000106070008769, 0.000106347113615, 0.000134713292937, 0.000147953454871, 0.0002299862972, 0.000525338575244, 0.000505390809849, 0.000606177665759, 0.000581788364798, 0.000292031036224, 6.2185623392e-005, 7.38565904612e-006, 3.94656763092e-006, 2.59218018073e-006, 9.41766415963e-008, 6.9641026279e-010]
        median: [3.03954806213e-007, 4.51096238976e-005, 5.5383065046e-005, 8.5529347416e-005, 0.000315017212415, 0.000178394358954, 9.74988361122e-005, 6.40994185233e-005, 0.000107143096102, 6.74423936289e-005, 4.21081931563e-005, 4.16534421674e-005, 3.76109092031e-005, 6.69472647132e-005, 7.75943335611e-005, 0.000155124420417, 0.000359991012374, 0.000444181030616, 0.000547765754163, 0.000538870866876, 0.000258982356172, 5.11437829118e-005, 4.79126674691e-006, 2.37645258494e-006, 1.36563289743e-006, 4.07631794985e-008, 3.62772589746e-010]
        min: [1.17681646641e-023, 1.25547749491e-023, 2.009900204e-023, 5.49026916309e-024, 2.89093161739e-023, 4.21433003624e-023, 5.02457727615e-023, 6.13143526978e-023, 3.45266621513e-023, 3.07389086496e-023, 1.67043757927e-022, 5.15537830284e-023, 9.66856198214e-023, 7.35289361147e-023, 1.13750738551e-022, 8.90297436689e-023, 2.00370392247e-022, 1.76653446904e-022, 3.58743950358e-022, 3.300280755e-022, 5.28696901086e-022, 6.02685036289e-022, 5.46676972247e-022, 9.99416438388e-022, 1.2456283835e-021, 1.63412438067e-021, 2.46974017559e-021]
        var: [7.40980844391e-013, 1.29230981472e-008, 6.27384295626e-008, 8.91770000067e-008, 2.2542067768e-007, 1.16864313782e-007, 9.24769878452e-008, 8.13217511109e-008, 1.18654995163e-007, 4.10666018524e-007, 6.14051316461e-008, 3.95943153819e-008, 3.56801024282e-008, 4.82266813151e-008, 5.75858614127e-008, 1.04395425637e-007, 3.14187502681e-007, 1.36923432592e-007, 1.53697470751e-007, 1.41927714026e-007, 4.22022985447e-008, 2.64540922501e-009, 6.83747919394e-011, 5.34253127848e-011, 5.36336357271e-011, 7.67862403978e-014, 1.98469621632e-018]
    frequency_bands:
        dmean: [3.80230659403e-007, 5.95731144131e-005, 0.000134120113216, 0.000150036765262, 0.000254477723502, 0.00017604540335, 0.000132180430228, 9.61267724051e-005, 0.000119577118312, 0.000125496982946, 6.54988980386e-005, 6.40025100438e-005, 6.08671944065e-005, 7.77947352617e-005, 8.63532841322e-005, 0.000120217111544, 0.000242803565925, 0.000224189308938, 0.000254121638136, 0.000215233725612, 0.00011024712876, 2.63868696493e-005, 3.26599956679e-006, 1.68895292063e-006, 1.26604891193e-006, 5.20148688565e-008, 4.90698925937e-010, 6.25729537629e-011]
        dmean2: [5.6358146594e-007, 0.000105328268546, 0.000241726767854, 0.000257487408817, 0.000414658512454, 0.000291466305498, 0.000224012052058, 0.000158126626047, 0.000187443685718, 0.000186019708053, 0.000101331264887, 0.000100435070635, 9.59753015195e-005, 0.000126294005895, 0.00013803615002, 0.000195203887415, 0.000397225521738, 0.000372320850147, 0.000426438462455, 0.000358656456228, 0.000186691453564, 4.43388271378e-005, 5.29887347511e-006, 2.54030760516e-006, 1.80721042398e-006, 7.54601643393e-008, 7.97032218003e-010, 1.16041565246e-010]
        dvar: [4.71303497531e-013, 1.6566486849e-008, 8.71046452744e-008, 6.44669384542e-008, 1.19482251648e-007, 8.06213975579e-008, 8.09926348211e-008, 5.15544051893e-008, 5.45399529983e-008, 8.71371668154e-008, 2.43034961045e-008, 1.9392025763e-008, 1.51297747664e-008, 2.14004494126e-008, 2.97038607044e-008, 3.94889951849e-008, 1.09314910901e-007, 6.7165736084e-008, 7.48900035319e-008, 5.45556595455e-008, 2.00874410439e-008, 1.69508029835e-009, 3.86660981011e-011, 2.04566051598e-011, 2.25026577233e-011, 2.97951801306e-014, 9.59871653142e-019, 7.26648522104e-021]
        dvar2: [1.0805056936e-012, 4.70057628377e-008, 2.50893236853e-007, 1.74438511635e-007, 3.11737039738e-007, 2.14259898712e-007, 2.10351387864e-007, 1.2744368405e-007, 1.27603939859e-007, 1.74795189878e-007, 5.46864669104e-008, 4.67504683854e-008, 3.44619088821e-008, 5.08201587479e-008, 6.79682088389e-008, 8.57465778381e-008, 2.72289128134e-007, 1.7827197496e-007, 2.0254206845e-007, 1.45924090589e-007, 5.45890372905e-008, 4.63960292407e-009, 9.91826967778e-011, 3.67577530913e-011, 4.03956174067e-011, 5.02907109945e-014, 1.93494998787e-018, 2.29585562289e-020]
        max: [8.22059973871e-006, 0.00119484402239, 0.00251576630399, 0.00451746070758, 0.00529788481072, 0.0036036556121, 0.00472828280181, 0.00548279331997, 0.00501974113286, 0.00641848286614, 0.00569638982415, 0.00370788038708, 0.00210119457915, 0.00263860914856, 0.00317068304867, 0.00445352401584, 0.00753769977018, 0.00416057277471, 0.00398383243009, 0.00357764190994, 0.00172055978328, 0.000571225886233, 0.000120610246086, 0.000144514386193, 0.000170570405317, 6.50441597827e-006, 4.14249257119e-008, 1.0780364379e-009]
        mean: [6.26478765753e-007, 7.59588947403e-005, 0.000133449866553, 0.000191563085536, 0.000454677909147, 0.000287632050458, 0.000186222983757, 0.000136480739457, 0.000212164333789, 0.000278119230643, 0.000111852590635, 0.000106070008769, 0.000106347113615, 0.000134713292937, 0.000147953454871, 0.0002299862972, 0.000525338575244, 0.000505390809849, 0.000606177665759, 0.000581788364798, 0.000292031036224, 6.2185623392e-005, 7.38565904612e-006, 3.94656763092e-006, 2.59218018073e-006, 9.41766415963e-008, 6.9641026279e-010, 4.89400742154e-011]
        median: [3.03954806213e-007, 4.51096238976e-005, 5.5383065046e-005, 8.5529347416e-005, 0.000315017212415, 0.000178394358954, 9.74988361122e-005, 6.40994185233e-005, 0.000107143096102, 6.74423936289e-005, 4.21081931563e-005, 4.16534421674e-005, 3.76109092031e-005, 6.69472647132e-005, 7.75943335611e-005, 0.000155124420417, 0.000359991012374, 0.000444181030616, 0.000547765754163, 0.000538870866876, 0.000258982356172, 5.11437829118e-005, 4.79126674691e-006, 2.37645258494e-006, 1.36563289743e-006, 4.07631794985e-008, 3.62772589746e-010, 1.9545705332e-011]
        min: [1.17681646641e-023, 1.25547749491e-023, 2.009900204e-023, 5.49026916309e-024, 2.89093161739e-023, 4.21433003624e-023, 5.02457727615e-023, 6.13143526978e-023, 3.45266621513e-023, 3.07389086496e-023, 1.67043757927e-022, 5.15537830284e-023, 9.66856198214e-023, 7.35289361147e-023, 1.13750738551e-022, 8.90297436689e-023, 2.00370392247e-022, 1.76653446904e-022, 3.58743950358e-022, 3.300280755e-022, 5.28696901086e-022, 6.02685036289e-022, 5.46676972247e-022, 9.99416438388e-022, 1.2456283835e-021, 1.63412438067e-021, 2.46974017559e-021, 7.45195119089e-022]
        var: [7.40980844391e-013, 1.29230981472e-008, 6.27384295626e-008, 8.91770000067e-008, 2.2542067768e-007, 1.16864313782e-007, 9.24769878452e-008, 8.13217511109e-008, 1.18654995163e-007, 4.10666018524e-007, 6.14051316461e-008, 3.95943153819e-008, 3.56801024282e-008, 4.82266813151e-008, 5.75858614127e-008, 1.04395425637e-007, 3.14187502681e-007, 1.36923432592e-007, 1.53697470751e-007, 1.41927714026e-007, 4.22022985447e-008, 2.64540922501e-009, 6.83747919394e-011, 5.34253127848e-011, 5.36336357271e-011, 7.67862403978e-014, 1.98469621632e-018, 5.91956134178e-021]
    mfcc:
        mean: [-696.389221191, 93.2467041016, -54.9972190857, 61.1843948364, -18.6628341675, -9.70196914673, -0.607259452343, -7.83324098587, 0.952187955379, -9.38162231445, -5.31148338318, -4.51868247986, -7.62684822083]
        cov: [[6692.52783203, 981.930419922, -725.77734375, 619.302307129, -252.69203186, -20.3680515289, 2.62758016586, -11.4293260574, 21.6268577576, -86.6717071533, -33.490650177, -29.6167793274, -64.1288986206], [981.930419922, 648.51171875, -227.698104858, 255.887512207, -40.1141815186, 2.29348063469, 57.9180107117, -2.41900706291, 35.3214569092, -23.6735172272, 6.92349672318, -12.939997673, -33.5407447815], [-725.77734375, -227.698104858, 466.016357422, -80.3558654785, 134.855209351, 18.3446960449, -21.6251716614, 22.0107555389, -25.6118221283, 55.7738494873, 3.34381055832, 10.0809402466, 10.6347036362], [619.302307129, 255.887512207, -80.3558654785, 350.627563477, 21.4750843048, -2.84416747093, -8.85545825958, -35.0702209473, 43.7793807983, 5.50297880173, 4.31863546371, 5.80916500092, -10.172164917], [-252.69203186, -40.1141815186, 134.855209351, 21.4750843048, 188.457336426, 48.9606132507, 5.71867990494, 17.3054885864, 24.6574821472, 50.0219078064, 0.693141579628, 4.51594591141, -1.28266990185], [-20.3680515289, 2.29348063469, 18.3446960449, -2.84416747093, 48.9606132507, 99.9469680786, 47.8568267822, 33.0687561035, -0.70794314146, 20.650220871, 14.0807113647, 6.33764982224, 0.250509589911], [2.62758016586, 57.9180107117, -21.6251716614, -8.85545825958, 5.71867990494, 47.8568267822, 115.125770569, 48.4100723267, 4.49875736237, -2.89699792862, 12.8446760178, 5.47874450684, -2.13696432114], [-11.4293260574, -2.41900706291, 22.0107555389, -35.0702209473, 17.3054885864, 33.0687561035, 48.4100723267, 88.982925415, 22.7917613983, 19.7785816193, 3.96353840828, 4.32632064819, 4.63774490356], [21.6268577576, 35.3214569092, -25.6118221283, 43.7793807983, 24.6574821472, -0.70794314146, 4.49875736237, 22.7917613983, 73.8197555542, 27.8262729645, 7.61396312714, -2.05206990242, -2.39005947113], [-86.6717071533, -23.6735172272, 55.7738494873, 5.50297880173, 50.0219078064, 20.650220871, -2.89699792862, 19.7785816193, 27.8262729645, 79.5871353149, 25.6114578247, 13.2596092224, -4.29199266434], [-33.490650177, 6.92349672318, 3.34381055832, 4.31863546371, 0.693141579628, 14.0807113647, 12.8446760178, 3.96353840828, 7.61396312714, 25.6114578247, 54.3801345825, 22.2061691284, 3.45726156235], [-29.6167793274, -12.939997673, 10.0809402466, 5.80916500092, 4.51594591141, 6.33764982224, 5.47874450684, 4.32632064819, -2.05206990242, 13.2596092224, 22.2061691284, 54.9430961609, 22.5876636505], [-64.1288986206, -33.5407447815, 10.6347036362, -10.172164917, -1.28266990185, 0.250509589911, -2.13696432114, 4.63774490356, -2.39005947113, -4.29199266434, 3.45726156235, 22.5876636505, 50.0635757446]]
        icov: [[0.000235673302086, -0.000183346332051, 0.000233184924582, -0.000312888325425, 0.000171648454852, -8.42021836434e-005, 0.000265387876425, -0.000385945197195, 0.000350013957359, -8.33712983876e-005, 0.000147247323184, -1.02030207927e-006, 0.000117696217785], [-0.000183346332051, 0.00296460022219, 0.000776741944719, -0.00171687256079, -0.000176261135493, 0.000606836809311, -0.00149177364074, -0.000367306172848, 0.000167696533026, 0.000369776127627, -0.000648684101179, 0.000505297153722, 0.0010567951249], [0.000233184924582, 0.000776741944719, 0.00395879009739, -0.000473126390716, -0.00245686457492, 0.00123182625975, 0.000531057012267, -0.0018435716629, 0.00326122250408, -0.00169599580113, -0.000295698584523, 0.000515317660756, -0.000195434506168], [-0.000312888325425, -0.00171687256079, -0.000473126390716, 0.00535830436274, -0.000779102847446, -0.000669274071697, 0.000294884637697, 0.00325534935109, -0.00338857294992, 0.000244628638029, 0.000494938285556, -0.00151816033758, -0.000157412447152], [0.000171648454852, -0.000176261135493, -0.00245686457492, -0.000779102847446, 0.00969590153545, -0.00462487107143, 3.96314280806e-005, 0.0015518340515, -0.00327637675218, -0.00323741906323, 0.00353318499401, -0.000663394399453, 0.000216227650526], [-8.42021836434e-005, 0.000606836809311, 0.00123182625975, -0.000669274071697, -0.00462487107143, 0.0165844466537, -0.00529511552304, -0.00356725533493, 0.00494855316356, -0.00248682242818, -0.00295154610649, 0.00145302305464, -0.00062469614204], [0.000265387876425, -0.00149177364074, 0.000531057012267, 0.000294884637697, 3.96314280806e-005, -0.00529511552304, 0.0154234832153, -0.00747999735177, 0.00068750808714, 0.00429832423106, -0.00320088397712, -0.0011370528955, 0.00180179101881], [-0.000385945197195, -0.000367306172848, -0.0018435716629, 0.00325534935109, 0.0015518340515, -0.00356725533493, -0.00747999735177, 0.0208253748715, -0.00805176328868, -0.00342575786635, 0.00415548309684, -0.00109888345469, -0.00234753941186], [0.000350013957359, 0.000167696533026, 0.00326122250408, -0.00338857294992, -0.00327637675218, 0.00494855316356, 0.00068750808714, -0.00805176328868, 0.0230053402483, -0.00695666624233, -0.00213662860915, 0.00423565600067, -0.00141564116348], [-8.33712983876e-005, 0.000369776127627, -0.00169599580113, 0.000244628638029, -0.00323741906323, -0.00248682242818, 0.00429832423106, -0.00342575786635, -0.00695666624233, 0.0236737877131, -0.00911535788327, -0.00359411234967, 0.00492977397516], [0.000147247323184, -0.000648684101179, -0.000295698584523, 0.000494938285556, 0.00353318499401, -0.00295154610649, -0.00320088397712, 0.00415548309684, -0.00213662860915, -0.00911535788327, 0.0282214935869, -0.00975559465587, 0.00107026018668], [-1.02030207927e-006, 0.000505297153722, 0.000515317660756, -0.00151816033758, -0.000663394399453, 0.00145302305464, -0.0011370528955, -0.00109888345469, 0.00423565600067, -0.00359411234967, -0.00975559465587, 0.028517819941, -0.0123505908996], [0.000117696217785, 0.0010567951249, -0.000195434506168, -0.000157412447152, 0.000216227650526, -0.00062469614204, 0.00180179101881, -0.00234753941186, -0.00141564116348, 0.00492977397516, 0.00107026018668, -0.0123505908996, 0.0269994288683]]
    sccoeffs:
        dmean: [0.0504389628768, 0.0467993207276, 0.037604868412, 0.0290295016021, 0.0193070750684, 0.01671773009]
        dmean2: [0.0833667889237, 0.0772057846189, 0.0607269629836, 0.0471834205091, 0.0321235172451, 0.0266251731664]
        dvar: [0.00177854532376, 0.00137832551263, 0.000892938871402, 0.000563567038625, 0.000243324757321, 0.000204249052331]
        dvar2: [0.00473687052727, 0.0036788333673, 0.00227227574214, 0.00142000778578, 0.000642165716272, 0.00047340412857]
        max: [-0.337624698877, -0.472898304462, -0.502129733562, -0.573297798634, -0.588058173656, -0.551165699959]
        mean: [-0.680134654045, -0.757071018219, -0.767496705055, -0.790481388569, -0.7968531847, -0.719226419926]
        median: [-0.686352074146, -0.760827660561, -0.778419554234, -0.798442423344, -0.797772467136, -0.715848207474]
        min: [-0.959212958813, -0.971263349056, -0.965706825256, -0.96586894989, -0.957243740559, -0.958468019962]
        var: [0.00611236551777, 0.00429355958477, 0.0049470057711, 0.00255993776955, 0.000975411152467, 0.00249838246964]
    scvalleys:
        dmean: [0.368215560913, 0.354019641876, 0.290495485067, 0.24935272336, 0.186206400394, 0.187839508057]
        dmean2: [0.607472419739, 0.582381367683, 0.468963742256, 0.391245037317, 0.287133157253, 0.271648615599]
        dvar: [0.111651100218, 0.103551983833, 0.0683333128691, 0.0562547631562, 0.0464089773595, 0.0635901838541]
        dvar2: [0.260253190994, 0.240851595998, 0.139420717955, 0.109785437584, 0.0769882053137, 0.101331211627]
        max: [-4.96839523315, -4.37355518341, -5.15245485306, -5.75584030151, -5.54352092743, -7.45604133606]
        mean: [-6.92902851105, -6.61990976334, -7.04986715317, -7.22674179077, -6.64421701431, -9.73924064636]
        median: [-6.59342098236, -6.41929721832, -6.83524227142, -7.00490045547, -6.36508989334, -9.47270107269]
        min: [-27.2079677582, -27.0429039001, -26.9004592896, -27.130821228, -27.3482475281, -27.2474994659]
        var: [1.9403449297, 1.63544821739, 1.60402452946, 1.50104701519, 1.57959759235, 1.6194871664]

rhythm:
    beats_loudness:
        dmean: 0.00167907553259
        dmean2: 0.00297073088586
        dvar: 1.613938025e-006
        dvar2: 4.77197136206e-006
        max: 0.0147525882348
        mean: 0.00625439686701
        median: 0.00631803600118
        min: 1.22099386157e-010
        var: 5.11547750648e-006
    bpm: 107.978683472
    bpm_confidence: 0
    first_peak_bpm: 108
    first_peak_spread: 0.175637423992
    first_peak_weight: 0.806094169617
    onset_rate: 2.29846048355
    second_peak_bpm: 103
    second_peak_spread: 0.428571432829
    second_peak_weight: 0.0110803321004
    beats_loudness_band_ratio:
        dmean: [0.0824333876371, 0.0960713550448, 0.0725496485829, 0.085706487298, 0.107949748635, 0.0938041359186]
        dmean2: [0.152586728334, 0.17330263555, 0.126322701573, 0.154278367758, 0.175908774137, 0.16724704206]
        dvar: [0.0073499744758, 0.00498064002022, 0.00600936589763, 0.0105074727908, 0.00945329852402, 0.00483066402376]
        dvar2: [0.020501492545, 0.0152897574008, 0.0173114147037, 0.0303951241076, 0.0235178973526, 0.0152911096811]
        max: [0.612802743912, 0.518703043461, 0.552062630653, 0.609554231167, 0.69413715601, 0.562113642693]
        mean: [0.107722908258, 0.145099878311, 0.120432823896, 0.111697852612, 0.287267208099, 0.284962445498]
        median: [0.0877983868122, 0.134470522404, 0.103560954332, 0.0735154598951, 0.26700258255, 0.281079769135]
        min: [0.00336110987701, 0.00454412447289, 0.0119135975838, 0.00557644432411, 0.0111017338932, 0.0160425510257]
        var: [0.00780522171408, 0.00742392009124, 0.00670754956082, 0.0109874075279, 0.0135017875582, 0.0101815965027]
    beats_position: [0.510838985443, 1.03328800201, 1.5673469305, 2.10140585899, 2.6470746994, 3.19274377823, 3.73841261864, 4.29569149017, 4.85297060013, 5.41024923325, 5.9675283432, 6.52480697632, 7.08208608627, 7.63936471939, 8.19664382935, 8.75392246246, 9.29959201813, 9.84526062012, 10.4025392532, 10.95981884, 11.5170974731, 12.0743761063, 12.6316547394, 13.1889343262, 13.7462129593, 14.3034915924, 14.8607711792, 15.4180498123, 15.9753284454, 16.5326080322, 17.0782756805, 17.6355552673, 18.181224823, 18.7385025024, 19.2957820892, 19.853061676, 20.4103393555, 20.9676189423, 21.5248966217, 22.0821762085, 22.6394557953, 23.1967334747, 23.7540130615, 24.3112926483, 24.8685703278, 25.4142398834, 25.9599094391, 26.5171871185, 27.0744667053, 27.6317462921, 28.1890239716, 28.7463035583, 29.3035831451, 29.8608608246, 30.4065303802, 30.9638080597, 31.5210876465, 32.0783653259, 32.6240348816, 33.1813163757, 33.7385940552, 34.2958717346, 34.8531494141, 35.4104309082, 35.9677085876, 36.5249862671, 37.0706558228, 37.6279373169, 38.1736030579, 38.730884552, 39.2881622314, 39.8454399109, 40.402721405, 40.9599990845, 41.5172767639, 42.0745582581, 42.6318359375, 43.1891136169, 43.7463951111, 44.3036727905, 44.86095047, 45.4182319641, 45.9755096436, 46.532787323, 47.0784568787, 47.6241264343, 48.1814041138, 48.7386856079, 49.2959632874, 49.8532409668, 50.4105224609, 50.9678001404, 51.5250778198, 52.0823554993, 52.6396369934, 53.1969146729, 53.7425842285, 54.2882537842, 54.8455314636, 55.4028091431, 55.9600906372, 56.5173683167, 57.0746459961, 57.6319274902, 58.1892051697, 58.7464828491, 59.3037643433, 59.8610420227, 60.4183197021, 60.9756011963, 61.5328788757, 62.0901565552, 62.6474380493, 63.1931037903, 63.7503852844, 64.2960510254, 64.8533325195, 65.4106140137, 65.9678878784, 66.5251693726, 67.0824508667, 67.6397247314, 68.1853942871, 68.7310638428, 69.2883453369, 69.8456192017, 70.4029006958, 70.9601821899, 71.5174560547, 72.0747375488, 72.632019043, 73.1892929077, 73.7465744019, 74.303855896, 74.8611297607, 75.4184112549, 75.975692749, 76.5329666138, 77.0786361694, 77.6243057251, 78.1815872192, 78.738861084, 79.2961425781, 79.8534240723, 80.410697937, 80.9679794312, 81.5252609253, 82.08253479, 82.6398162842, 83.1970977783, 83.7543716431, 84.3000411987, 84.8457107544, 85.4029922485, 85.9602737427, 86.5175476074, 87.0748291016, 87.6321105957, 88.1893844604, 88.7466659546, 89.3039474487, 89.8612213135, 90.4185028076, 90.9757843018, 91.521446228, 92.0671157837, 92.6243972778, 93.181678772, 93.7389526367, 94.2962341309, 94.853515625, 95.4107894897, 95.9680709839, 96.525352478, 97.0826263428, 97.6399078369, 98.1971893311, 98.7544631958, 99.3117446899, 99.8574142456, 100.403083801, 100.960357666, 101.51763916, 102.074920654, 102.632194519, 103.189476013, 103.746757507, 104.304031372, 104.861312866, 105.41859436, 105.975868225, 106.521537781, 107.078819275, 107.624488831, 108.181770325, 108.739044189, 109.296325684, 109.853607178, 110.410881042, 110.968162537, 111.525436401, 112.082717896, 112.63999939, 113.197273254, 113.754554749, 114.300224304, 114.84589386, 115.403175354, 115.960449219, 116.517730713, 117.075012207, 117.632286072, 118.189567566, 118.74684906, 119.304122925, 119.861404419, 120.418685913, 120.975959778, 121.533241272, 122.090522766, 122.647796631, 123.193466187, 123.739135742, 124.296417236, 124.853691101, 125.410972595, 125.968254089, 126.525527954, 127.07119751, 127.628479004, 128.185760498, 128.743041992, 129.300308228, 129.845977783, 130.403259277, 130.960540771, 131.517822266, 132.07510376, 132.632385254, 133.17805481, 133.723709106, 134.280990601, 134.838272095, 135.395553589, 135.952835083, 136.498504639, 137.055786133, 137.613052368, 138.158721924, 138.716003418, 139.284896851, 139.853790283, 140.411056519, 140.968338013, 141.525619507, 142.082901001, 142.640182495, 143.197463989, 143.743133545, 144.288803101, 144.846069336, 145.40335083, 145.960632324, 146.517913818, 147.075195313, 147.632461548, 148.189743042, 148.747024536, 149.30430603, 149.861587524, 150.418869019, 150.964538574, 151.52180481, 152.079086304, 152.624755859, 153.182037354, 153.739318848, 154.296600342, 154.853881836, 155.411148071, 155.968429565, 156.52571106, 157.082992554, 157.628662109, 158.185943604, 158.743209839, 159.288879395, 159.83454895, 160.380218506, 160.9375, 161.494781494, 162.052062988, 162.609344482, 163.166610718, 163.723892212, 164.281173706, 164.8384552, 165.395736694, 165.953018188, 166.510284424, 167.067565918, 167.624847412, 168.182128906, 168.7394104, 169.296691895, 169.85395813, 170.411239624, 170.968521118, 171.525802612, 172.083084106, 172.628753662, 173.174423218, 173.731704712, 174.288970947, 174.846252441, 175.403533936, 175.96081543, 176.518096924, 177.075378418, 177.632644653, 178.178314209, 178.735595703, 179.281265259, 179.838546753, 180.395828247, 180.953109741, 181.510375977, 182.067657471, 182.624938965, 183.182220459, 183.739501953, 184.296783447, 184.854049683, 185.411331177, 185.968612671, 186.525894165, 187.071563721, 187.628845215, 188.18611145, 188.743392944, 189.2890625, 189.846343994, 190.403625488, 190.960906982, 191.518188477, 192.075454712, 192.632736206, 193.1900177, 193.747299194, 194.304580688, 194.861862183, 195.407531738, 195.964797974, 196.533691406, 197.102584839, 197.683074951, 198.263580322, 198.844070435, 199.424575806, 200.016693115, 200.608795166, 201.200897217]
