
metadata:
    version:
        essentia: "2.1-beta2"
    audio_properties:
        analysis_sample_rate: 44100
        bitrate: 320
        channels: 2
        equal_loudness: 1
        length: 249.991836548
        replay_gain: -14.5256843567
        downmix: "mix"
    tags:
        album: "Deceiver Of The Gods"
        artist: "Amon Amarth"
        comment: ""
        date: "2013"
        genre: "Death Metal"
        title: "Hel"
        tracknumber: "08"

configuration:
    average_loudness:
        compute: 1
        frameSize: 88200
        hopSize: 44100
        silentFrames: "noise"
        windowType: "hann"
    general:
        analysisSampleRate: 44100
        endTime: 2000
        equalLoudness: 1
        nequalLoudness: 0
        shortSound: 0
        startTime: 0
    lowlevel:
        compute: 1
        frameSize: 2048
        hopSize: 1024
        zeroPadding: 0
        silentFrames: "noise"
        windowType: "blackmanharris62"
        mfccStats: ["mean", "cov", "icov"]
        stats: ["mean", "var", "median", "min", "max", "dmean", "dmean2", "dvar", "dvar2"]
    panning:
        compute: 0
        frameSize: 8192
        hopSize: 2048
        zeroPadding: 8192
        silentFrames: "noise"
        windowType: "hann"
        stats: ["copy"]
    rhythm:
        compute: 1
        maxTempo: 208
        minTempo: 40
        method: "degara"
        stats: ["mean", "var", "median", "min", "max", "dmean", "dmean2", "dvar", "dvar2"]
    segmentation:
        compute: 0
        cpw: 5
        inc1: 300
        inc2: 50
        minimumSegmentsLength: 10
        size1: 1000
        size2: 600
    sfx:
        compute: 1
        stats: ["mean", "var", "median", "min", "max", "dmean", "dmean2", "dvar", "dvar2"]
    svm:
        compute: 0
    tonal:
        compute: 1
        frameSize: 4096
        hopSize: 2048
        zeroPadding: 0
        silentFrames: "noise"
        windowType: "blackmanharris62"
        stats: ["mean", "var", "median", "min", "max", "dmean", "dmean2", "dvar", "dvar2"]

lowlevel:
    average_loudness: 0.929102241993
    barkbands_kurtosis:
        dmean: 0.947729170322
        dmean2: 1.37918019295
        dvar: 4.7222032547
        dvar2: 7.82035160065
        max: 114.865585327
        mean: 0.779677033424
        median: -1.24863862991
        min: -1.90245115757
        var: 85.6685028076
    barkbands_skewness:
        dmean: 0.441917389631
        dmean2: 0.646518051624
        dvar: 0.184750273824
        dvar2: 0.344471842051
        max: 9.80352687836
        mean: 0.422203063965
        median: 0.0971458405256
        min: -1.84642708302
        var: 1.49809122086
    barkbands_spread:
        dmean: 5.35624933243
        dmean2: 8.43932533264
        dvar: 26.902973175
        dvar2: 60.5327720642
        max: 105.691551208
        mean: 36.5141487122
        median: 38.2905731201
        min: 0.676687598228
        var: 138.525680542
    dissonance:
        dmean: 0.0103517891839
        dmean2: 0.0177101884037
        dvar: 0.000106759187474
        dvar2: 0.000286550784949
        max: 0.500000119209
        mean: 0.480406850576
        median: 0.486539542675
        min: 0.285101890564
        var: 0.000686283688992
    hfc:
        dmean: 2.54636883736
        dmean2: 4.21031999588
        dvar: 10.6065368652
        dvar2: 28.3491287231
        max: 30.9490604401
        mean: 8.18264865875
        median: 7.54672908783
        min: 1.209806703e-016
        var: 22.6838569641
    pitch:
        dmean: 868.326477051
        dmean2: 1679.69677734
        dvar: 1932531
        dvar2: 4659925
        max: 4533.75
        mean: 2036.82653809
        median: 3316.02099609
        min: 56.5441551208
        var: 3004584
    pitch_instantaneous_confidence:
        dmean: 0.0728227198124
        dmean2: 0.122477322817
        dvar: 0.00351282325573
        dvar2: 0.00973762385547
        max: 0.960414946079
        mean: 0.35595792532
        median: 0.341390997171
        min: 0.0941439270973
        var: 0.0142494868487
    pitch_salience:
        dmean: 0.0586976073682
        dmean2: 0.095731139183
        dvar: 0.00297849765047
        dvar2: 0.00746429013088
        max: 0.900099873543
        mean: 0.654962480068
        median: 0.682288348675
        min: 0.0836648866534
        var: 0.011630625464
    silence_rate_20dB:
        dmean: 0
        dmean2: 0
        dvar: 0
        dvar2: 0
        max: 1
        mean: 1
        median: 1
        min: 1
        var: 0
    silence_rate_30dB:
        dmean: 0
        dmean2: 0
        dvar: 0
        dvar2: 0
        max: 1
        mean: 1
        median: 1
        min: 1
        var: 0
    silence_rate_60dB:
        dmean: 0.0915761142969
        dmean2: 0.183169230819
        dvar: 0.0831805765629
        dvar2: 0.185858309269
        max: 1
        mean: 0.17542719841
        median: 0
        min: 0
        var: 0.144644394517
    spectral_centroid:
        dmean: 289.710113525
        dmean2: 438.996795654
        dvar: 86018.921875
        dvar2: 178998.578125
        max: 10953.7441406
        mean: 1586.72143555
        median: 1682.94042969
        min: 193.874252319
        var: 408246.25
    spectral_complexity:
        dmean: 4.24890851974
        dmean2: 6.71605062485
        dvar: 16.4539279938
        dvar2: 39.1494102478
        max: 48
        mean: 17.2415485382
        median: 17
        min: 0
        var: 79.7841796875
    spectral_crest:
        dmean: 1.96752262115
        dmean2: 3.19872808456
        dvar: 3.72768473625
        dvar2: 9.33397865295
        max: 26.4615058899
        mean: 7.17699813843
        median: 5.86984634399
        min: 2.16041016579
        var: 15.7902507782
    spectral_decrease:
        dmean: 3.38772704334e-010
        dmean2: 5.71330593946e-010
        dvar: 2.61867907744e-019
        dvar2: 7.13647850432e-019
        max: -4.56107305837e-029
        mean: -1.16828446917e-009
        median: -1.05641251302e-009
        min: -6.04252115011e-009
        var: 3.91075664924e-019
    spectral_energy:
        dmean: 0.00145981716923
        dmean2: 0.0024724919349
        dvar: 4.56832776763e-006
        dvar2: 1.23932986753e-005
        max: 0.02517519705
        mean: 0.00515156658366
        median: 0.00465562473983
        min: 1.11454566151e-020
        var: 7.07029857949e-006
    spectral_energyband_high:
        dmean: 0.000234572653426
        dmean2: 0.000405639380915
        dvar: 1.09936202364e-007
        dvar2: 3.01828436022e-007
        max: 0.00320166884921
        mean: 0.000490783248097
        median: 0.000414329464547
        min: 7.86342447217e-021
        var: 1.41490062333e-007
    spectral_energyband_low:
        dmean: 0.000346036569681
        dmean2: 0.000561113760341
        dvar: 1.71939731786e-007
        dvar2: 4.06867769698e-007
        max: 0.0087362723425
        mean: 0.000729547988158
        median: 0.000516200903803
        min: 7.92722915777e-023
        var: 5.12544545472e-007
    spectral_energyband_middle_high:
        dmean: 0.000567264214624
        dmean2: 0.000907933048438
        dvar: 3.79482884227e-007
        dvar2: 9.82101823865e-007
        max: 0.00806191377342
        mean: 0.00201356201433
        median: 0.00181445584167
        min: 1.55061912458e-021
        var: 1.61867581028e-006
    spectral_energyband_middle_low:
        dmean: 0.00098966807127
        dmean2: 0.00165477360133
        dvar: 2.87174884761e-006
        dvar2: 7.88087072578e-006
        max: 0.0193023197353
        mean: 0.00221679406241
        median: 0.001664764015
        min: 4.64798309482e-022
        var: 3.63393382941e-006
    spectral_flatness_db:
        dmean: 0.0144431302324
        dmean2: 0.0215117782354
        dvar: 0.000177104011527
        dvar2: 0.000348644243786
        max: 0.508647680283
        mean: 0.148215413094
        median: 0.135112956166
        min: 0.0349459201097
        var: 0.0029078903608
    spectral_flux:
        dmean: 0.00788740906864
        dmean2: 0.0122240399942
        dvar: 9.50346293394e-005
        dvar2: 0.000184672666364
        max: 0.148239299655
        mean: 0.0427067093551
        median: 0.0416820459068
        min: 1.05572044162e-010
        var: 0.000259933964116
    spectral_kurtosis:
        dmean: 1.39571917057
        dmean2: 2.46874499321
        dvar: 18.3612289429
        dvar2: 52.9430923462
        max: 107.536087036
        mean: 4.62808847427
        median: 3.00213670731
        min: -1.26687407494
        var: 103.024749756
    spectral_rms:
        dmean: 0.000292115728371
        dmean2: 0.000484652409796
        dvar: 1.2657794457e-007
        dvar2: 3.34299897986e-007
        max: 0.00495592271909
        mean: 0.00216355756857
        median: 0.0021312138997
        min: 3.29751655669e-012
        var: 3.44944822928e-007
    spectral_rolloff:
        dmean: 394.360443115
        dmean2: 621.991149902
        dvar: 338249.8125
        dvar2: 606868.9375
        max: 18755.4199219
        mean: 3172.12744141
        median: 3617.578125
        min: 150.732421875
        var: 1377946.125
    spectral_skewness:
        dmean: 0.193455070257
        dmean2: 0.32019585371
        dvar: 0.100329481065
        dvar2: 0.282979547977
        max: 8.16030788422
        mean: 1.28842246532
        median: 1.16160643101
        min: 0.0114653604105
        var: 0.632477223873
    spectral_spread:
        dmean: 369726.59375
        dmean2: 547622.0625
        dvar: 356209885184
        dvar2: 432270802944
        max: 48053288
        mean: 4403178.5
        median: 4312851.5
        min: 779597.6875
        var: 1.35873232896e+012
    spectral_strongpeak:
        dmean: 0.277532368898
        dmean2: 0.492056280375
        dvar: 0.232927814126
        dvar2: 0.646633207798
        max: 4.96533727646
        mean: 0.363699257374
        median: 0.199576079845
        min: 0
        var: 0.246692061424
    zerocrossingrate:
        dmean: 0.00890874024481
        dmean2: 0.00995842460543
        dvar: 9.76590672508e-005
        dvar2: 0.000103497317468
        max: 0.517578125
        mean: 0.0941363424063
        median: 0.1005859375
        min: 0.00732421875
        var: 0.000908425194211
    barkbands:
        dmean: [6.72362716614e-007, 9.79767137324e-005, 0.000198120993446, 0.000306130386889, 0.000526613497641, 0.000200954935281, 0.0002129808272, 0.000160013441928, 9.41053876886e-005, 7.81552953413e-005, 5.37100531801e-005, 4.83019903186e-005, 6.32796509308e-005, 5.17703556397e-005, 4.63053220301e-005, 9.39463207033e-005, 0.000108932254079, 0.000120746219181, 0.000238396474742, 0.000220693385927, 9.6487114206e-005, 3.91680878238e-005, 3.97796429752e-006, 1.20027311823e-006, 6.66067990096e-007, 3.53000366715e-008, 5.56485302283e-010]
        dmean2: [1.10100211259e-006, 0.000169923863723, 0.000320368708344, 0.000476350192912, 0.000904823245946, 0.000338351121172, 0.000362206366844, 0.000272908539046, 0.000155154659296, 0.000129655876663, 9.01874664123e-005, 8.07281976449e-005, 0.000103041202237, 8.48595082061e-005, 7.61684714234e-005, 0.00015486497432, 0.000180835282663, 0.000202941475436, 0.000396467279643, 0.000377424235921, 0.000162162512424, 6.95364215062e-005, 6.7402984314e-006, 1.94914628082e-006, 1.05959099983e-006, 5.37248006083e-008, 8.91781704038e-010]
        dvar: [1.1198715566e-012, 1.51940895421e-008, 6.22543154805e-008, 1.97930546619e-007, 1.35417371894e-006, 1.13417499392e-007, 1.63493012906e-007, 1.0144868412e-007, 3.04439211618e-008, 2.01244425568e-008, 9.17850861981e-009, 7.48220152502e-009, 1.73130363379e-008, 1.26550832036e-008, 8.31156121706e-009, 1.33371962363e-008, 1.68052221028e-008, 2.17049151985e-008, 7.85323877039e-008, 7.6867884502e-008, 1.32362893979e-008, 3.56341112173e-009, 3.61249363756e-011, 4.92633581498e-012, 1.9017086083e-012, 5.80602630047e-015, 1.18154168504e-018]
        dvar2: [2.61669700664e-012, 4.19578327637e-008, 1.48720687321e-007, 4.04564588052e-007, 3.74996147912e-006, 3.00299518585e-007, 4.41348106506e-007, 2.69465459724e-007, 7.6765815038e-008, 5.39581677117e-008, 2.53460115118e-008, 1.98161220766e-008, 4.41454410804e-008, 3.34028271709e-008, 2.11071373712e-008, 3.44812498554e-008, 4.65612259859e-008, 5.92413300637e-008, 2.13666012883e-007, 2.13255887616e-007, 3.62581040747e-008, 9.79358016906e-009, 9.0230198313e-011, 1.06707993136e-011, 4.11723346389e-012, 1.30367145844e-014, 2.88765980787e-018]
        max: [7.5856391959e-006, 0.0016336182598, 0.00396832916886, 0.0104425130412, 0.0137661499903, 0.00453117769212, 0.00936739146709, 0.00523114856333, 0.00341111188754, 0.00272226217203, 0.00194342026953, 0.00182310724631, 0.00257010222413, 0.00346649298444, 0.00274421693757, 0.00317836203612, 0.00258074374869, 0.00230080680922, 0.00335873919539, 0.00257996190339, 0.00190460740123, 0.000477911409689, 8.74726902111e-005, 7.15027781553e-005, 3.77837495762e-005, 1.9762676402e-006, 2.67886743899e-008]
        mean: [6.03726903137e-007, 0.000123503006762, 0.000340478261933, 0.000540813372936, 0.000654153118376, 0.00030990774394, 0.00030323836836, 0.000221729540499, 0.000149710016558, 0.000127218954731, 8.60595828271e-005, 8.37862098706e-005, 0.000116814684588, 9.41933176364e-005, 8.83824395714e-005, 0.000195876738871, 0.000231973041082, 0.000238981330767, 0.000508489320055, 0.000436486094259, 0.000226527146879, 6.09722847003e-005, 7.8977764133e-006, 2.4778325951e-006, 1.2312140143e-006, 5.99038401106e-008, 8.28277280096e-010]
        median: [1.86081365428e-007, 8.17357649794e-005, 0.000225916141062, 0.000251097604632, 0.000330230803229, 0.000166216079379, 0.000113113565021, 7.3368944868e-005, 7.94129009591e-005, 6.06474022788e-005, 4.45081823273e-005, 4.35173715232e-005, 3.83856786357e-005, 3.94704184146e-005, 4.63980504719e-005, 0.000152411113959, 0.000192977837287, 0.000197529327124, 0.000449558952823, 0.000380557205062, 0.000209388148505, 4.08363848692e-005, 5.25648374605e-006, 1.4739658809e-006, 6.64436811348e-007, 2.6481341564e-008, 4.47878623078e-010]
        min: [3.04574241459e-023, 5.87293312421e-023, 3.67515662373e-024, 1.77854197331e-023, 1.63173530595e-022, 5.61108999492e-023, 3.21377420503e-023, 4.34131550051e-023, 1.22662115233e-022, 5.43380391944e-023, 8.4947186536e-023, 4.24635526464e-023, 1.30935663163e-022, 3.29517108204e-023, 1.77104056875e-022, 1.45335467018e-022, 2.1140597571e-022, 1.31783139589e-022, 2.57649923363e-022, 3.14233060694e-022, 5.37906908952e-022, 4.64693346805e-022, 6.54735770133e-022, 8.78382405846e-022, 9.77066405977e-022, 1.52692502465e-021, 2.23668102827e-021]
        var: [1.0901988947e-012, 1.67501870152e-008, 1.43527685736e-007, 7.39253209758e-007, 1.12868235647e-006, 1.88365035569e-007, 2.52058526939e-007, 1.67186215094e-007, 5.51771002222e-008, 4.03698443563e-008, 1.6607117459e-008, 1.61507287544e-008, 4.8186468149e-008, 2.75976983488e-008, 2.21502158837e-008, 4.20682333413e-008, 3.47919879573e-008, 3.70038364395e-008, 1.40825761719e-007, 1.07871663602e-007, 2.35797195103e-008, 3.73717945479e-009, 7.43638692291e-011, 1.43638295702e-011, 5.27508028578e-012, 1.18369271429e-014, 1.59890083299e-018]
    frequency_bands:
        dmean: [6.72362716614e-007, 9.79767137324e-005, 0.000198120993446, 0.000306130386889, 0.000526613497641, 0.000200954935281, 0.0002129808272, 0.000160013441928, 9.41053876886e-005, 7.81552953413e-005, 5.37100531801e-005, 4.83019903186e-005, 6.32796509308e-005, 5.17703556397e-005, 4.63053220301e-005, 9.39463207033e-005, 0.000108932254079, 0.000120746219181, 0.000238396474742, 0.000220693385927, 9.6487114206e-005, 3.91680878238e-005, 3.97796429752e-006, 1.20027311823e-006, 6.66067990096e-007, 3.53000366715e-008, 5.56485302283e-010, 6.2436257553e-011]
        dmean2: [1.10100211259e-006, 0.000169923863723, 0.000320368708344, 0.000476350192912, 0.000904823245946, 0.000338351121172, 0.000362206366844, 0.000272908539046, 0.000155154659296, 0.000129655876663, 9.01874664123e-005, 8.07281976449e-005, 0.000103041202237, 8.48595082061e-005, 7.61684714234e-005, 0.00015486497432, 0.000180835282663, 0.000202941475436, 0.000396467279643, 0.000377424235921, 0.000162162512424, 6.95364215062e-005, 6.7402984314e-006, 1.94914628082e-006, 1.05959099983e-006, 5.37248006083e-008, 8.91781704038e-010, 1.16175923048e-010]
        dvar: [1.1198715566e-012, 1.51940895421e-008, 6.22543154805e-008, 1.97930546619e-007, 1.35417371894e-006, 1.13417499392e-007, 1.63493012906e-007, 1.0144868412e-007, 3.04439211618e-008, 2.01244425568e-008, 9.17850861981e-009, 7.48220152502e-009, 1.73130363379e-008, 1.26550832036e-008, 8.31156121706e-009, 1.33371962363e-008, 1.68052221028e-008, 2.17049151985e-008, 7.85323877039e-008, 7.6867884502e-008, 1.32362893979e-008, 3.56341112173e-009, 3.61249363756e-011, 4.92633581498e-012, 1.9017086083e-012, 5.80602630047e-015, 1.18154168504e-018, 7.62608745206e-021]
        dvar2: [2.61669700664e-012, 4.19578327637e-008, 1.48720687321e-007, 4.04564588052e-007, 3.74996147912e-006, 3.00299518585e-007, 4.41348106506e-007, 2.69465459724e-007, 7.6765815038e-008, 5.39581677117e-008, 2.53460115118e-008, 1.98161220766e-008, 4.41454410804e-008, 3.34028271709e-008, 2.11071373712e-008, 3.44812498554e-008, 4.65612259859e-008, 5.92413300637e-008, 2.13666012883e-007, 2.13255887616e-007, 3.62581040747e-008, 9.79358016906e-009, 9.0230198313e-011, 1.06707993136e-011, 4.11723346389e-012, 1.30367145844e-014, 2.88765980787e-018, 2.41280555214e-020]
        max: [7.5856391959e-006, 0.0016336182598, 0.00396832916886, 0.0104425130412, 0.0137661499903, 0.00453117769212, 0.00936739146709, 0.00523114856333, 0.00341111188754, 0.00272226217203, 0.00194342026953, 0.00182310724631, 0.00257010222413, 0.00346649298444, 0.00274421693757, 0.00317836203612, 0.00258074374869, 0.00230080680922, 0.00335873919539, 0.00257996190339, 0.00190460740123, 0.000477911409689, 8.74726902111e-005, 7.15027781553e-005, 3.77837495762e-005, 1.9762676402e-006, 2.67886743899e-008, 9.52753431704e-010]
        mean: [6.03726903137e-007, 0.000123503006762, 0.000340478261933, 0.000540813372936, 0.000654153118376, 0.00030990774394, 0.00030323836836, 0.000221729540499, 0.000149710016558, 0.000127218954731, 8.60595828271e-005, 8.37862098706e-005, 0.000116814684588, 9.41933176364e-005, 8.83824395714e-005, 0.000195876738871, 0.000231973041082, 0.000238981330767, 0.000508489320055, 0.000436486094259, 0.000226527146879, 6.09722847003e-005, 7.8977764133e-006, 2.4778325951e-006, 1.2312140143e-006, 5.99038401106e-008, 8.28277280096e-010, 4.92211896241e-011]
        median: [1.86081365428e-007, 8.17357649794e-005, 0.000225916141062, 0.000251097604632, 0.000330230803229, 0.000166216079379, 0.000113113565021, 7.3368944868e-005, 7.94129009591e-005, 6.06474022788e-005, 4.45081823273e-005, 4.35173715232e-005, 3.83856786357e-005, 3.94704184146e-005, 4.63980504719e-005, 0.000152411113959, 0.000192977837287, 0.000197529327124, 0.000449558952823, 0.000380557205062, 0.000209388148505, 4.08363848692e-005, 5.25648374605e-006, 1.4739658809e-006, 6.64436811348e-007, 2.6481341564e-008, 4.47878623078e-010, 2.00305241144e-011]
        min: [3.04574241459e-023, 5.87293312421e-023, 3.67515662373e-024, 1.77854197331e-023, 1.63173530595e-022, 5.61108999492e-023, 3.21377420503e-023, 4.34131550051e-023, 1.22662115233e-022, 5.43380391944e-023, 8.4947186536e-023, 4.24635526464e-023, 1.30935663163e-022, 3.29517108204e-023, 1.77104056875e-022, 1.45335467018e-022, 2.1140597571e-022, 1.31783139589e-022, 2.57649923363e-022, 3.14233060694e-022, 5.37906908952e-022, 4.64693346805e-022, 6.54735770133e-022, 8.78382405846e-022, 9.77066405977e-022, 1.52692502465e-021, 2.23668102827e-021, 6.63296311972e-022]
        var: [1.0901988947e-012, 1.67501870152e-008, 1.43527685736e-007, 7.39253209758e-007, 1.12868235647e-006, 1.88365035569e-007, 2.52058526939e-007, 1.67186215094e-007, 5.51771002222e-008, 4.03698443563e-008, 1.6607117459e-008, 1.61507287544e-008, 4.8186468149e-008, 2.75976983488e-008, 2.21502158837e-008, 4.20682333413e-008, 3.47919879573e-008, 3.70038364395e-008, 1.40825761719e-007, 1.07871663602e-007, 2.35797195103e-008, 3.73717945479e-009, 7.43638692291e-011, 1.43638295702e-011, 5.27508028578e-012, 1.18369271429e-014, 1.59890083299e-018, 5.99803646733e-021]
    mfcc:
        mean: [-700.877990723, 109.359085083, -42.0244903564, 68.3866119385, -17.191368103, -1.72976732254, 0.649533569813, -5.45252656937, 0.44178289175, -6.39453697205, -5.56435918808, -4.27028989792, -2.4105553627]
        cov: [[4232.74804688, -308.989868164, -875.745544434, 126.808677673, -476.602905273, -12.1640729904, 44.3518638611, 109.556297302, 120.587272644, 152.056716919, 188.57862854, 89.3015365601, 24.4001026154], [-308.989868164, 448.166656494, -78.4862594604, -2.96945667267, 4.16877031326, -21.0163078308, 9.40902137756, -19.5668544769, 25.0170402527, -9.32281398773, 6.52692317963, 22.6815681458, -9.50647926331], [-875.745544434, -78.4862594604, 559.693054199, -13.6484498978, 171.014984131, -1.37086451054, -78.5658798218, -20.9719867706, -69.4864959717, -45.8703231812, -68.1664276123, -38.6850585938, 3.34795880318], [126.808677673, -2.96945667267, -13.6484498978, 258.006103516, 11.0101251602, 7.00911045074, 39.5490226746, 23.422542572, 58.0109710693, 16.3384342194, -12.341925621, -24.8402996063, -10.0554046631], [-476.602905273, 4.16877031326, 171.014984131, 11.0101251602, 174.65852356, 46.1777381897, -3.6694791317, -37.3860740662, -32.7965126038, -10.5099515915, -23.3378372192, -17.7626171112, -6.7982172966], [-12.1640729904, -21.0163078308, -1.37086451054, 7.00911045074, 46.1777381897, 95.8480911255, 32.6893386841, -2.48511791229, -22.30037117, -3.32305192947, 0.559914708138, -8.80909538269, -6.9854388237], [44.3518638611, 9.40902137756, -78.5658798218, 39.5490226746, -3.6694791317, 32.6893386841, 116.989891052, 44.5082740784, 29.2626285553, 2.78917741776, 6.95751714706, -3.08518314362, -14.5001173019], [109.556297302, -19.5668544769, -20.9719867706, 23.422542572, -37.3860740662, -2.48511791229, 44.5082740784, 84.8514328003, 43.576133728, 10.0485773087, 3.08605480194, 2.84520864487, 2.70355844498], [120.587272644, 25.0170402527, -69.4864959717, 58.0109710693, -32.7965126038, -22.30037117, 29.2626285553, 43.576133728, 91.4967575073, 34.7584266663, 15.0242786407, 4.88451814651, 3.23643755913], [152.056716919, -9.32281398773, -45.8703231812, 16.3384342194, -10.5099515915, -3.32305192947, 2.78917741776, 10.0485773087, 34.7584266663, 61.4291305542, 34.5313034058, 10.0033063889, 1.26777136326], [188.57862854, 6.52692317963, -68.1664276123, -12.341925621, -23.3378372192, 0.559914708138, 6.95751714706, 3.08605480194, 15.0242786407, 34.5313034058, 63.6754379272, 29.6122322083, 6.15791749954], [89.3015365601, 22.6815681458, -38.6850585938, -24.8402996063, -17.7626171112, -8.80909538269, -3.08518314362, 2.84520864487, 4.88451814651, 10.0033063889, 29.6122322083, 52.1524620056, 24.1212406158], [24.4001026154, -9.50647926331, 3.34795880318, -10.0554046631, -6.7982172966, -6.9854388237, -14.5001173019, 2.70355844498, 3.23643755913, 1.26777136326, 6.15791749954, 24.1212406158, 51.5241699219]]
        icov: [[0.000540125241969, 0.000419871794293, 0.000624036765657, -0.000411585817346, 0.000854869140312, -0.000338616926456, 0.000533126527444, -0.000375165691366, 0.000396157643991, -0.000415095506469, -0.000537648971658, -0.000256351951975, 0.000107013664092], [0.000419871794293, 0.00295940297656, 0.000931052316446, -0.000175417735591, -9.68519671005e-005, 0.00033187714871, 0.00032381847268, 0.00079297303455, -0.00133490480948, 0.00118950684555, -0.000227413620451, -0.0019992752932, 0.00135192321613], [0.000624036765657, 0.000931052316446, 0.00468901824206, -0.000614334770944, -0.00339404959232, 0.00144646200351, 0.00333291850984, -0.00383217190392, 0.00248093111441, 0.000542528403457, 0.000282669410808, 0.000825577299111, -0.00025045426446], [-0.000411585817346, -0.000175417735591, -0.000614334770944, 0.00540217803791, -0.000931971881073, -0.000301222346025, -0.00151305587497, 0.00124159548432, -0.00415128376335, -3.87293493986e-006, 0.00143513269722, 0.00207769172266, -0.000281359185465], [0.000854869140312, -9.68519671005e-005, -0.00339404959232, -0.000931971881073, 0.0140961166471, -0.00606981525198, -0.00240417919122, 0.00628162780777, -0.000565180031117, -0.00356391374953, 0.00149066757876, -0.00129349087365, 0.000197291388758], [-0.000338616926456, 0.00033187714871, 0.00144646200351, -0.000301222346025, -0.00606981525198, 0.0164975598454, -0.00433563115075, -0.00211671693251, 0.00627350574359, -0.000555405335035, -0.00181369192433, 0.00304383202456, -0.0011930745095], [0.000533126527444, 0.00032381847268, 0.00333291850984, -0.00151305587497, -0.00240417919122, -0.00433563115075, 0.0165165159851, -0.00898176059127, -0.00140820385423, 0.00389360403642, -0.00252040615305, -0.000420365016907, 0.00400049984455], [-0.000375165691366, 0.00079297303455, -0.00383217190392, 0.00124159548432, 0.00628162780777, -0.00211671693251, -0.00898176059127, 0.024012086913, -0.0105803040788, 2.85423830064e-005, 0.00290142162703, -0.00216674408875, -0.0010990119772], [0.000396157643991, -0.00133490480948, 0.00248093111441, -0.00415128376335, -0.000565180031117, 0.00627350574359, -0.00140820385423, -0.0105803040788, 0.0264835264534, -0.0119022773579, 0.00090938503854, 0.00167755992152, -0.00273515819572], [-0.000415095506469, 0.00118950684555, 0.000542528403457, -3.87293493986e-006, -0.00356391374953, -0.000555405335035, 0.00389360403642, 2.85423830064e-005, -0.0119022773579, 0.0325122028589, -0.016428956762, 0.00307433819398, 0.00140066049062], [-0.000537648971658, -0.000227413620451, 0.000282669410808, 0.00143513269722, 0.00149066757876, -0.00181369192433, -0.00252040615305, 0.00290142162703, 0.00090938503854, -0.016428956762, 0.0345578454435, -0.0163345318288, 0.0034276181832], [-0.000256351951975, -0.0019992752932, 0.000825577299111, 0.00207769172266, -0.00129349087365, 0.00304383202456, -0.000420365016907, -0.00216674408875, 0.00167755992152, 0.00307433819398, -0.0163345318288, 0.0380391515791, -0.0156952179968], [0.000107013664092, 0.00135192321613, -0.00025045426446, -0.000281359185465, 0.000197291388758, -0.0011930745095, 0.00400049984455, -0.0010990119772, -0.00273515819572, 0.00140066049062, 0.0034276181832, -0.0156952179968, 0.02769173868]]
    sccoeffs:
        dmean: [0.0567749515176, 0.0477028377354, 0.0361042432487, 0.0274339430034, 0.0177128966898, 0.0185379926115]
        dmean2: [0.0929861739278, 0.0797783285379, 0.0611939877272, 0.0463883429766, 0.0301374513656, 0.0299526453018]
        dvar: [0.00209570862353, 0.00143805425614, 0.000812492507976, 0.000460137816845, 0.000197400426259, 0.000287050468614]
        dvar2: [0.00557601964101, 0.00404142122716, 0.00226942449808, 0.0013172813924, 0.000565232243389, 0.000727860024199]
        max: [-0.347360432148, -0.481553584337, -0.579497516155, -0.63860976696, -0.70514857769, -0.584022045135]
        mean: [-0.643765509129, -0.757168114185, -0.80384016037, -0.801905632019, -0.809085488319, -0.716766953468]
        median: [-0.648891150951, -0.765701889992, -0.808948397636, -0.805684745312, -0.809292793274, -0.71368855238]
        min: [-0.964267134666, -0.976466357708, -0.969478547573, -0.961444616318, -0.962234258652, -0.961431562901]
        var: [0.00510944006965, 0.00423758570105, 0.00215792283416, 0.00146380311344, 0.000424291356467, 0.00142003456131]
    scvalleys:
        dmean: [0.408289194107, 0.349506556988, 0.285910636187, 0.245518237352, 0.221455410123, 0.298737436533]
        dmean2: [0.676567614079, 0.574017167091, 0.464301079512, 0.384213089943, 0.325830280781, 0.461999863386]
        dvar: [0.160522148013, 0.141779303551, 0.108868271112, 0.0959739685059, 0.098563849926, 0.173378378153]
        dvar2: [0.334213495255, 0.27578446269, 0.176175683737, 0.140879094601, 0.133858472109, 0.348082363605]
        max: [-5.05777549744, -4.47827291489, -5.04997396469, -5.63001871109, -5.60596561432, -7.83251333237]
        mean: [-6.54444932938, -6.36710119247, -6.88889551163, -7.15490579605, -6.76520776749, -9.87195396423]
        median: [-6.44863033295, -6.30224657059, -6.77694177628, -7.05275249481, -6.54871988297, -9.64051628113]
        min: [-27.0387859344, -27.0383987427, -27.4684009552, -27.3627147675, -27.2012195587, -27.2370853424]
        var: [0.565189242363, 0.703684329987, 0.739007890224, 0.696009516716, 0.976290404797, 1.58085155487]

rhythm:
    beats_loudness:
        dmean: 0.00166574446484
        dmean2: 0.00295036146417
        dvar: 1.76377352545e-006
        dvar2: 5.36042125532e-006
        max: 0.0117880152538
        mean: 0.00549144251272
        median: 0.00545996660367
        min: 1.27682233142e-005
        var: 4.70601980851e-006
    bpm: 122.891227722
    bpm_confidence: 0
    first_peak_bpm: 123
    first_peak_spread: 0.482254683971
    first_peak_weight: 0.487229853868
    onset_rate: 3.58411741257
    second_peak_bpm: 129
    second_peak_spread: 0
    second_peak_weight: 0.0235756393522
    beats_loudness_band_ratio:
        dmean: [0.146483078599, 0.133300215006, 0.0980357453227, 0.0469604581594, 0.0635057762265, 0.0806247219443]
        dmean2: [0.267208039761, 0.24720685184, 0.178819596767, 0.0811017900705, 0.111855112016, 0.141874626279]
        dvar: [0.00999927055091, 0.00983026064932, 0.0107592437416, 0.00286718597636, 0.00258363154717, 0.0048132375814]
        dvar2: [0.0323253646493, 0.0305740330368, 0.0331468917429, 0.00847811531276, 0.00785897765309, 0.0143738724291]
        max: [0.903690993786, 0.972508907318, 0.560622930527, 0.378429353237, 0.445108920336, 0.594140410423]
        mean: [0.228549659252, 0.196546733379, 0.132398381829, 0.0850930139422, 0.185531795025, 0.261647731066]
        median: [0.212029248476, 0.173668369651, 0.0935103744268, 0.0623363256454, 0.181076049805, 0.254686832428]
        min: [0.0162519533187, 0.00826330203563, 0.00102493225131, 0.00168863218278, 0.00191220361739, 0.00012191953283]
        var: [0.0167412944138, 0.0211046263576, 0.0116699291393, 0.00475945789367, 0.00481025967747, 0.00982988625765]
    beats_position: [0.487619042397, 0.975238084793, 1.48607707024, 2.02013611794, 2.55419492722, 3.08825397491, 3.63392281532, 4.17959165573, 4.69043064117, 5.20126962662, 5.70049858093, 6.19972801208, 6.6989569664, 7.18657588959, 7.6858048439, 8.17342376709, 8.67265319824, 9.17188167572, 9.65950107574, 10.1587295532, 10.6579589844, 11.1455783844, 11.6448068619, 12.144036293, 12.6432647705, 13.1308841705, 13.6301136017, 14.117732048, 14.6169614792, 15.1161899567, 15.6154193878, 16.114648819, 16.602268219, 17.0898857117, 17.5891151428, 18.088344574, 18.5875740051, 19.0868015289, 19.574420929, 20.0736503601, 20.5728797913, 21.0604991913, 21.5597267151, 22.0589561462, 22.5581855774, 23.0574150085, 23.5566444397, 24.0558719635, 24.5434913635, 25.0427207947, 25.5419502258, 26.0295696259, 26.5287971497, 27.0280265808, 27.5156459808, 28.0032653809, 28.5024929047, 29.0017223358, 29.4893417358, 29.988571167, 30.4878005981, 30.9870281219, 31.4862575531, 31.9854869843, 32.4847145081, 32.9723358154, 33.4599533081, 33.9475746155, 34.4351921082, 34.9228096008, 35.4104309082, 35.8980484009, 36.3740577698, 36.8500671387, 37.3376846313, 37.8253059387, 38.3129234314, 38.7889328003, 39.2649421692, 39.7525634766, 40.2401809692, 40.7277984619, 41.2038078308, 41.6798171997, 42.1674385071, 42.6550559998, 43.1426734924, 43.6302947998, 44.1063041687, 44.5823135376, 45.0699310303, 45.5575485229, 46.0451698303, 46.532787323, 47.0087966919, 47.4848060608, 47.9724235535, 48.4600448608, 48.9476623535, 49.4468917847, 49.9461212158, 50.4337387085, 50.9329681396, 51.4321975708, 51.931427002, 52.4306564331, 52.9182739258, 53.4058952332, 53.9051246643, 54.4043540955, 54.9035835266, 55.4028091431, 55.8904304504, 56.3780479431, 56.8772773743, 57.3765068054, 57.8757362366, 58.3749656677, 58.8625831604, 59.3618125916, 59.8610420227, 60.3486595154, 60.8478889465, 61.3471183777, 61.8463478088, 62.34557724, 62.8331947327, 63.3324241638, 63.831653595, 64.3192749023, 64.8185043335, 65.3177337646, 65.8169631958, 66.316192627, 66.8038101196, 67.3030395508, 67.8022689819, 68.2898864746, 68.7891159058, 69.2883453369, 69.7759628296, 70.2751922607, 70.7744216919, 71.2620391846, 71.7612686157, 72.2604980469, 72.7481155396, 73.2473449707, 73.7465744019, 74.2341918945, 74.7334213257, 75.2326507568, 75.7202682495, 76.2194976807, 76.7187271118, 77.217956543, 77.7171859741, 78.2048034668, 78.7040328979, 79.2032623291, 79.7024917603, 80.2017211914, 80.6893386841, 81.1653518677, 81.6413574219, 82.1289749146, 82.6166000366, 83.1042175293, 83.5802230835, 84.0678405762, 84.5438537598, 85.0314712524, 85.5190887451, 86.0067138672, 86.4827194214, 86.9587249756, 87.4463500977, 87.9339675903, 88.421585083, 88.8975982666, 89.3852157593, 89.8612213135, 90.3488388062, 90.8364639282, 91.3240814209, 91.8000869751, 92.2877044678, 92.7753295898, 93.251335144, 93.7389526367, 94.2265777588, 94.7141952515, 95.1902008057, 95.6662139893, 96.1538314819, 96.6414489746, 97.1290664673, 97.61668396, 98.104309082, 98.5919265747, 99.0679321289, 99.5439453125, 100.031562805, 100.519180298, 101.006797791, 101.482810974, 101.970428467, 102.44644165, 102.934059143, 103.421676636, 103.909294128, 104.396911621, 104.884536743, 105.360542297, 105.836547852, 106.324172974, 106.811790466, 107.299407959, 107.775421143, 108.251426697, 108.739044189, 109.226661682, 109.714286804, 110.190292358, 110.677909851, 111.153923035, 111.641540527, 112.140769958, 112.628387451, 113.127616882, 113.626846313, 114.126075745, 114.625305176, 115.124534607, 115.6121521, 116.111381531, 116.598999023, 117.098228455, 117.597457886, 118.096687317, 118.58430481, 119.083534241, 119.582763672, 120.081993103, 120.581222534, 121.068840027, 121.568069458, 122.067298889, 122.554916382, 123.054145813, 123.553375244, 124.040992737, 124.540222168, 125.039451599, 125.527069092, 126.026298523, 126.525527954, 127.013153076, 127.512374878, 128.011611938, 128.51083374, 129.010070801, 129.497680664, 130.008529663, 130.507751465, 130.995376587, 131.48298645, 131.982223511, 132.481445313, 132.980682373, 133.479904175, 133.979141235, 134.466751099, 134.954376221, 135.453598022, 135.952835083, 136.452056885, 136.951293945, 137.438903809, 137.926528931, 138.425750732, 138.924987793, 139.424209595, 139.923446655, 140.411056519, 140.910293579, 141.409515381, 141.908752441, 142.407974243, 142.895599365, 143.383224487, 143.870834351, 144.358459473, 144.846069336, 145.333694458, 145.82131958, 146.297317505, 146.773330688, 147.260955811, 147.748565674, 148.236190796, 148.723800659, 149.211425781, 149.699050903, 150.175048828, 150.651062012, 151.138687134, 151.626296997, 152.113922119, 152.589935303, 153.065933228, 153.55355835, 154.041183472, 154.528793335, 155.004806519, 155.492416382, 155.980041504, 156.456054688, 156.943664551, 157.419677734, 157.895690918, 158.383300781, 158.870925903, 159.358551025, 159.846160889, 160.333786011, 160.809799194, 161.285797119, 161.773422241, 162.261047363, 162.748657227, 163.236282349, 163.712280273, 164.188293457, 164.675918579, 165.163528442, 165.651153564, 166.138778687, 166.614776611, 167.090789795, 167.578414917, 168.06602478, 168.553649902, 169.041259766, 169.517272949, 169.993286133, 170.480911255, 170.968521118, 171.45614624, 171.943756104, 172.419769287, 172.895782471, 173.383392334, 173.871017456, 174.358642578, 174.846252441, 175.322265625, 175.809890747, 176.285888672, 176.773513794, 177.261123657, 177.748748779, 178.224761963, 178.700775146, 179.18838501, 179.676010132, 180.163619995, 180.651245117, 181.127258301, 181.603256226, 182.079269409, 182.566894531, 183.054504395, 183.542129517, 184.0181427, 184.505752563, 184.993377686, 185.480987549, 185.968612671, 186.456237793, 186.932235718, 187.408248901, 187.895874023, 188.383483887, 188.85949707, 189.335510254, 189.823120117, 190.310745239, 190.798370361, 191.285980225, 191.773605347, 192.26121521, 192.748840332, 193.224853516, 193.70085144, 194.188476563, 194.664489746, 195.152099609, 195.639724731, 196.115737915, 196.603347778, 197.0909729, 197.578598022, 198.054595947, 198.542221069, 199.029830933, 199.517456055, 199.993469238, 200.481079102, 200.968704224, 201.444717407, 201.932327271, 202.408340454, 202.895965576, 203.383575439, 203.871200562, 204.358810425, 204.846435547, 205.32244873, 205.798446655, 206.286071777, 206.773696899, 207.261306763, 207.748931885, 208.224945068, 208.700942993, 209.188568115, 209.676193237, 210.163803101, 210.639816284, 211.115829468, 211.603439331, 212.091064453, 212.578674316, 213.066299438, 213.553924561, 214.029922485, 214.505935669, 214.993560791, 215.481170654, 215.968795776, 216.45640564, 216.932418823, 217.408432007, 217.896057129, 218.383666992, 218.871292114, 219.358901978, 219.834915161, 220.322540283, 220.798538208, 221.28616333, 221.773788452, 222.249786377, 222.725799561, 223.213424683, 223.701034546, 224.188659668, 224.676269531, 225.152282715, 225.639907837, 226.1275177, 226.603530884, 227.091156006, 227.578765869, 228.054779053, 228.542404175, 229.030014038, 229.506027222, 229.993652344, 230.481262207, 230.968887329, 231.456497192, 231.944122314, 232.420135498, 232.896133423, 233.383758545, 233.871383667, 234.35899353, 234.835006714, 235.322631836, 235.821853638, 236.297866821, 236.762268066, 237.238265991, 237.714279175, 238.190292358, 238.654693604, 239.119094849, 239.583480835, 240.04788208, 240.512283325, 240.97668457, 241.441085815, 241.905487061, 242.416320801, 242.927154541, 243.43800354, 243.902404785, 244.366790771, 244.831192017, 245.3072052, 245.783218384, 246.259231567, 246.781677246, 247.304122925, 247.826568604, 248.349014282, 248.87147522, 249.393920898]
