
metadata:
    version:
        essentia: "2.1-beta2"
    audio_properties:
        analysis_sample_rate: 44100
        bitrate: 281
        channels: 2
        equal_loudness: 1
        length: 208.483261108
        replay_gain: -15.4324932098
        downmix: "mix"
    tags:
        album: "American Capitalist"
        artist: "Five Finger Death Punch"
        comment: ""
        date: "2011"
        genre: "Metal"
        title: "American Capitalist"
        tracknumber: "1"

configuration:
    average_loudness:
        compute: 1
        frameSize: 88200
        hopSize: 44100
        silentFrames: "noise"
        windowType: "hann"
    general:
        analysisSampleRate: 44100
        endTime: 2000
        equalLoudness: 1
        nequalLoudness: 0
        shortSound: 0
        startTime: 0
    lowlevel:
        compute: 1
        frameSize: 2048
        hopSize: 1024
        zeroPadding: 0
        silentFrames: "noise"
        windowType: "blackmanharris62"
        mfccStats: ["mean", "cov", "icov"]
        stats: ["mean", "var", "median", "min", "max", "dmean", "dmean2", "dvar", "dvar2"]
    panning:
        compute: 0
        frameSize: 8192
        hopSize: 2048
        zeroPadding: 8192
        silentFrames: "noise"
        windowType: "hann"
        stats: ["copy"]
    rhythm:
        compute: 1
        maxTempo: 208
        minTempo: 40
        method: "degara"
        stats: ["mean", "var", "median", "min", "max", "dmean", "dmean2", "dvar", "dvar2"]
    segmentation:
        compute: 0
        cpw: 5
        inc1: 300
        inc2: 50
        minimumSegmentsLength: 10
        size1: 1000
        size2: 600
    sfx:
        compute: 1
        stats: ["mean", "var", "median", "min", "max", "dmean", "dmean2", "dvar", "dvar2"]
    svm:
        compute: 0
    tonal:
        compute: 1
        frameSize: 4096
        hopSize: 2048
        zeroPadding: 0
        silentFrames: "noise"
        windowType: "blackmanharris62"
        stats: ["mean", "var", "median", "min", "max", "dmean", "dmean2", "dvar", "dvar2"]

lowlevel:
    average_loudness: 0.952766299248
    barkbands_kurtosis:
        dmean: 1.01918005943
        dmean2: 1.73793780804
        dvar: 5.65479326248
        dvar2: 14.2539491653
        max: 86.6015548706
        mean: -0.30102071166
        median: -1.20912289619
        min: -1.83718383312
        var: 17.2210597992
    barkbands_skewness:
        dmean: 0.57884901762
        dmean2: 0.975912928581
        dvar: 0.273368120193
        dvar2: 0.731027841568
        max: 7.17355394363
        mean: 0.29705697298
        median: 0.180151998997
        min: -2.52088141441
        var: 0.861952424049
    barkbands_spread:
        dmean: 6.94561433792
        dmean2: 11.7026290894
        dvar: 37.6671333313
        dvar2: 103.64226532
        max: 75.4019927979
        mean: 38.0386390686
        median: 38.9689178467
        min: 0.704216480255
        var: 103.188400269
    dissonance:
        dmean: 0.0115719800815
        dmean2: 0.0198044329882
        dvar: 0.000156821013661
        dvar2: 0.000446107442258
        max: 0.500000119209
        mean: 0.482243478298
        median: 0.486563205719
        min: 0.221134871244
        var: 0.000285078160232
    hfc:
        dmean: 3.43882107735
        dmean2: 5.99049282074
        dvar: 14.3993549347
        dvar2: 38.9514350891
        max: 31.6733188629
        mean: 8.18566799164
        median: 7.53551101685
        min: 1.18428652674e-016
        var: 22.0406227112
    pitch:
        dmean: 1049.78967285
        dmean2: 2018.81311035
        dvar: 2039769.5
        dvar2: 5056880
        max: 5049.22460938
        mean: 1224.34191895
        median: 366.42401123
        min: 61.6975135803
        var: 2196887.25
    pitch_instantaneous_confidence:
        dmean: 0.082319483161
        dmean2: 0.137523218989
        dvar: 0.00532836746424
        dvar2: 0.0139893945307
        max: 0.945850014687
        mean: 0.313652783632
        median: 0.284323006868
        min: 0.107845902443
        var: 0.0147253889591
    pitch_salience:
        dmean: 0.0857295915484
        dmean2: 0.146521016955
        dvar: 0.00540594616905
        dvar2: 0.0151159325615
        max: 0.87575596571
        mean: 0.627464354038
        median: 0.642935931683
        min: 0.103428825736
        var: 0.0109700839967
    silence_rate_20dB:
        dmean: 0
        dmean2: 0
        dvar: 0
        dvar2: 0
        max: 1
        mean: 1
        median: 1
        min: 1
        var: 0
    silence_rate_30dB:
        dmean: 0
        dmean2: 0
        dvar: 0
        dvar2: 0
        max: 1
        mean: 1
        median: 1
        min: 1
        var: 0
    silence_rate_60dB:
        dmean: 0.0801871046424
        dmean2: 0.160392075777
        dvar: 0.0737512111664
        dvar2: 0.178561761975
        max: 1
        mean: 0.155567929149
        median: 0
        min: 0
        var: 0.131384849548
    spectral_centroid:
        dmean: 429.231414795
        dmean2: 741.382446289
        dvar: 150776.4375
        dvar2: 409635.375
        max: 11230.0869141
        mean: 1543.02722168
        median: 1562.23815918
        min: 121.760162354
        var: 344931.125
    spectral_complexity:
        dmean: 6.15547370911
        dmean2: 10.2290039063
        dvar: 30.322851181
        dvar2: 77.1463241577
        max: 41
        mean: 16.0306243896
        median: 16
        min: 0
        var: 68.4340057373
    spectral_crest:
        dmean: 2.52602982521
        dmean2: 4.29871273041
        dvar: 4.94943904877
        dvar2: 12.8584747314
        max: 22.7009315491
        mean: 6.92350149155
        median: 5.97600030899
        min: 2.36279439926
        var: 10.5596151352
    spectral_decrease:
        dmean: 3.95645682882e-010
        dmean2: 6.40706876442e-010
        dvar: 2.18281305576e-019
        dvar2: 5.5173515544e-019
        max: 6.44275506321e-029
        mean: -1.17989096271e-009
        median: -1.12354436865e-009
        min: -4.10493372627e-009
        var: 3.53840026253e-019
    spectral_energy:
        dmean: 0.00172179960646
        dmean2: 0.00278107821941
        dvar: 3.81859081244e-006
        dvar2: 9.69911616266e-006
        max: 0.0167194083333
        mean: 0.00519565027207
        median: 0.00497637595981
        min: 1.06769823905e-020
        var: 6.53904044157e-006
    spectral_energyband_high:
        dmean: 0.0002798254136
        dmean2: 0.000498448906001
        dvar: 1.17907532626e-007
        dvar2: 3.28068608724e-007
        max: 0.00347177870572
        mean: 0.00047928528511
        median: 0.000401901139412
        min: 7.72885091068e-021
        var: 1.35301306159e-007
    spectral_energyband_low:
        dmean: 0.000660066434648
        dmean2: 0.00112987624016
        dvar: 4.36511328417e-007
        dvar2: 1.17324964322e-006
        max: 0.00702253403142
        mean: 0.000957507174462
        median: 0.000716181180906
        min: 3.42827116495e-023
        var: 6.27126723884e-007
    spectral_energyband_middle_high:
        dmean: 0.000784980249591
        dmean2: 0.00132414803375
        dvar: 6.09528228779e-007
        dvar2: 1.61720390679e-006
        max: 0.00882258079946
        mean: 0.00204951246269
        median: 0.00189028133173
        min: 1.58210994705e-021
        var: 1.42590374708e-006
    spectral_energyband_middle_low:
        dmean: 0.00104302854743
        dmean2: 0.00172638648655
        dvar: 2.62742469204e-006
        dvar2: 6.87422561896e-006
        max: 0.0129230041057
        mean: 0.00197443808429
        median: 0.00147886853665
        min: 2.25010039792e-022
        var: 3.20376693708e-006
    spectral_flatness_db:
        dmean: 0.0171796828508
        dmean2: 0.0285819042474
        dvar: 0.000256809726125
        dvar2: 0.000668328488246
        max: 0.483735889196
        mean: 0.13462215662
        median: 0.123134925961
        min: 0.0676486939192
        var: 0.00213227863424
    spectral_flux:
        dmean: 0.00986187253147
        dmean2: 0.0153978485614
        dvar: 9.35040516197e-005
        dvar2: 0.000203806761419
        max: 0.103575967252
        mean: 0.0457251891494
        median: 0.0454778335989
        min: 6.59419810423e-011
        var: 0.000238215186982
    spectral_kurtosis:
        dmean: 1.0778605938
        dmean2: 1.84697771072
        dvar: 6.13996601105
        dvar2: 18.2914199829
        max: 129.83291626
        mean: 3.94738650322
        median: 2.52928972244
        min: -1.24867379665
        var: 90.6680450439
    spectral_rms:
        dmean: 0.000353343144525
        dmean2: 0.000560347689316
        dvar: 1.20139873161e-007
        dvar2: 2.93463784828e-007
        max: 0.00403876462951
        mean: 0.00216947845183
        median: 0.00220340676606
        min: 3.22747080797e-012
        var: 3.62302216672e-007
    spectral_rolloff:
        dmean: 612.229919434
        dmean2: 1064.10876465
        dvar: 467525.65625
        dvar2: 1222939.375
        max: 18949.21875
        mean: 3205.05566406
        median: 3466.84570313
        min: 129.19921875
        var: 964779.375
    spectral_skewness:
        dmean: 0.17776080966
        dmean2: 0.299732446671
        dvar: 0.0340942032635
        dvar2: 0.0924347415566
        max: 9.65344619751
        mean: 1.34192168713
        median: 1.23542571068
        min: -0.0321756638587
        var: 0.62819570303
    spectral_spread:
        dmean: 485193.03125
        dmean2: 734278.6875
        dvar: 450439512064
        dvar2: 832546799616
        max: 42417184
        mean: 5133813
        median: 5214453.5
        min: 783801.75
        var: 2.23665743462e+012
    spectral_strongpeak:
        dmean: 0.331992059946
        dmean2: 0.57808303833
        dvar: 0.322541683912
        dvar2: 0.84440279007
        max: 6.85369157791
        mean: 0.441625893116
        median: 0.187170445919
        min: 1.29193855614e-009
        var: 0.479432314634
    zerocrossingrate:
        dmean: 0.0100121311843
        dmean2: 0.0128702735528
        dvar: 7.87866665632e-005
        dvar2: 0.000125391015899
        max: 0.52001953125
        mean: 0.0916235297918
        median: 0.09423828125
        min: 0.00537109375
        var: 0.000624849053565
    barkbands:
        dmean: [6.2143692503e-007, 0.000159818213433, 0.000468996091513, 0.000503780262079, 0.000453764339909, 0.000140236064908, 0.00010122450476, 7.82878414611e-005, 0.000201447081054, 7.58061432862e-005, 4.67511672468e-005, 6.07322326687e-005, 5.17375665368e-005, 5.42624256923e-005, 7.82689094194e-005, 0.00013958128693, 0.000167374921148, 0.000219137655222, 0.000219688066863, 0.000241899047978, 0.000127591847559, 4.95265194331e-005, 9.39955043577e-006, 3.35622348757e-006, 1.80936035576e-006, 6.11644779269e-008, 2.78891937322e-010]
        dmean2: [1.00521822333e-006, 0.000281609944068, 0.000810344703496, 0.000838035019115, 0.000800323148724, 0.000235618688748, 0.000168959173607, 0.000131143839099, 0.000327562855091, 0.000121623415907, 7.80564369052e-005, 9.81157645583e-005, 8.50364522194e-005, 8.875313506e-005, 0.00012855566456, 0.00023425820109, 0.000278441846604, 0.000389690801967, 0.000378817057936, 0.000424842815846, 0.000226880772971, 8.87477144715e-005, 1.62984742929e-005, 5.89370074522e-006, 3.0219700875e-006, 1.04106717913e-007, 4.82764606069e-010]
        dvar: [4.23114153306e-013, 2.68485180754e-008, 2.96342307138e-007, 7.76416982262e-007, 7.74241470936e-007, 6.35704182628e-008, 4.64044696002e-008, 1.76414634012e-008, 1.17180569248e-007, 2.77221658962e-008, 1.07440643049e-008, 1.05650039828e-008, 4.90239493445e-009, 9.01248942142e-009, 2.08765680298e-008, 4.85494346947e-008, 4.47419949978e-008, 5.87017048304e-008, 5.88519455391e-008, 7.80173934345e-008, 2.45441569291e-008, 3.93612875627e-009, 1.42553371885e-010, 2.09213167623e-011, 5.98292032236e-012, 7.00137867739e-015, 1.01095623397e-019]
        dvar2: [9.87310493777e-013, 7.75622979177e-008, 7.85794100011e-007, 1.95224083654e-006, 2.16998955693e-006, 1.57991863148e-007, 1.14196751611e-007, 4.56166660001e-008, 2.94690750025e-007, 6.1622088765e-008, 2.73504365822e-008, 2.57536552084e-008, 1.21896439609e-008, 2.15697060213e-008, 5.15669746903e-008, 1.25138654994e-007, 1.16333822575e-007, 1.58967154107e-007, 1.59777712838e-007, 2.15798252157e-007, 6.79615297372e-008, 1.07113251602e-008, 3.7449288115e-010, 5.58371543447e-011, 1.4226705751e-011, 1.74725397318e-014, 2.86706228684e-019]
        max: [6.91191280566e-006, 0.00132989184931, 0.00544439908117, 0.00695029413328, 0.00727531500161, 0.0045674550347, 0.00498476671055, 0.00255366717465, 0.00586882047355, 0.00426940387115, 0.00265715247951, 0.00157395668793, 0.000968830368947, 0.00225599552505, 0.00505474070087, 0.00493350531906, 0.00614070193842, 0.00272525427863, 0.00241937232204, 0.00328999897465, 0.00158298003953, 0.0010512258159, 0.000151075684698, 7.95779342297e-005, 4.6909059165e-005, 1.71315468833e-006, 4.19223056269e-009]
        mean: [7.20668253962e-007, 0.000208513913094, 0.000524805916939, 0.000546680530533, 0.000551178352907, 0.000202302908292, 0.000142865246744, 0.00011094576621, 0.000356030708645, 0.000119507654745, 7.21609103493e-005, 9.79950418696e-005, 8.2433121861e-005, 9.24451014725e-005, 0.000145474608871, 0.00024546138593, 0.000318220001645, 0.000307287817122, 0.000377027114155, 0.000396537565393, 0.00020118438988, 7.12791879778e-005, 1.48362114487e-005, 5.95231449552e-006, 3.69583563042e-006, 1.1409233025e-007, 4.05777855761e-010]
        median: [4.65990922294e-007, 0.000162992306286, 0.000293462653644, 0.000221395021072, 0.000294412282528, 0.000103799786302, 7.92764330981e-005, 6.32800583844e-005, 0.000141111944686, 5.38803069503e-005, 3.30996626872e-005, 4.69762308057e-005, 5.14558050781e-005, 5.25678624399e-005, 8.29883356346e-005, 0.000177093505044, 0.00025162223028, 0.000240774912527, 0.00030551358941, 0.000328870635713, 0.000162358148373, 5.07019940414e-005, 1.01237019408e-005, 4.41402062279e-006, 2.71282465292e-006, 8.31658439893e-008, 2.85762580265e-010]
        min: [1.48297182572e-024, 4.10006511184e-024, 7.82781943085e-024, 3.50094970901e-024, 2.31093204979e-023, 1.93452927767e-023, 2.11477626368e-023, 2.42314120267e-023, 3.24821145453e-023, 1.93363123842e-023, 6.49447726252e-023, 4.7414333247e-023, 3.79838103586e-023, 1.20748237702e-022, 4.73031669683e-023, 8.60965631857e-023, 1.24445723429e-022, 2.19403750489e-022, 1.69680396129e-022, 2.34570705797e-022, 5.710416923e-022, 3.61376776785e-022, 5.30301381058e-022, 7.66676520979e-022, 1.13219104361e-021, 1.41522201755e-021, 2.35550948145e-021]
        var: [6.00968493719e-013, 3.31328458003e-008, 3.64542955822e-007, 8.14091720258e-007, 6.52227015507e-007, 9.56079873049e-008, 6.74984832472e-008, 2.52847716098e-008, 3.1707298831e-007, 5.7646644791e-008, 2.26268799253e-008, 2.12197459604e-008, 8.74065086975e-009, 1.70602838523e-008, 5.91687800977e-008, 7.66934675767e-008, 8.59665618691e-008, 6.16502049411e-008, 9.11810928983e-008, 9.41029583146e-008, 2.78607821258e-008, 4.73148942248e-009, 2.30173435867e-010, 3.72081879196e-011, 1.47683375945e-011, 1.44349000119e-014, 1.58720941051e-019]
    frequency_bands:
        dmean: [6.2143692503e-007, 0.000159818213433, 0.000468996091513, 0.000503780262079, 0.000453764339909, 0.000140236064908, 0.00010122450476, 7.82878414611e-005, 0.000201447081054, 7.58061432862e-005, 4.67511672468e-005, 6.07322326687e-005, 5.17375665368e-005, 5.42624256923e-005, 7.82689094194e-005, 0.00013958128693, 0.000167374921148, 0.000219137655222, 0.000219688066863, 0.000241899047978, 0.000127591847559, 4.95265194331e-005, 9.39955043577e-006, 3.35622348757e-006, 1.80936035576e-006, 6.11644779269e-008, 2.78891937322e-010, 6.01739214012e-011]
        dmean2: [1.00521822333e-006, 0.000281609944068, 0.000810344703496, 0.000838035019115, 0.000800323148724, 0.000235618688748, 0.000168959173607, 0.000131143839099, 0.000327562855091, 0.000121623415907, 7.80564369052e-005, 9.81157645583e-005, 8.50364522194e-005, 8.875313506e-005, 0.00012855566456, 0.00023425820109, 0.000278441846604, 0.000389690801967, 0.000378817057936, 0.000424842815846, 0.000226880772971, 8.87477144715e-005, 1.62984742929e-005, 5.89370074522e-006, 3.0219700875e-006, 1.04106717913e-007, 4.82764606069e-010, 1.1174117881e-010]
        dvar: [4.23114153306e-013, 2.68485180754e-008, 2.96342307138e-007, 7.76416982262e-007, 7.74241470936e-007, 6.35704182628e-008, 4.64044696002e-008, 1.76414634012e-008, 1.17180569248e-007, 2.77221658962e-008, 1.07440643049e-008, 1.05650039828e-008, 4.90239493445e-009, 9.01248942142e-009, 2.08765680298e-008, 4.85494346947e-008, 4.47419949978e-008, 5.87017048304e-008, 5.88519455391e-008, 7.80173934345e-008, 2.45441569291e-008, 3.93612875627e-009, 1.42553371885e-010, 2.09213167623e-011, 5.98292032236e-012, 7.00137867739e-015, 1.01095623397e-019, 6.39385814241e-021]
        dvar2: [9.87310493777e-013, 7.75622979177e-008, 7.85794100011e-007, 1.95224083654e-006, 2.16998955693e-006, 1.57991863148e-007, 1.14196751611e-007, 4.56166660001e-008, 2.94690750025e-007, 6.1622088765e-008, 2.73504365822e-008, 2.57536552084e-008, 1.21896439609e-008, 2.15697060213e-008, 5.15669746903e-008, 1.25138654994e-007, 1.16333822575e-007, 1.58967154107e-007, 1.59777712838e-007, 2.15798252157e-007, 6.79615297372e-008, 1.07113251602e-008, 3.7449288115e-010, 5.58371543447e-011, 1.4226705751e-011, 1.74725397318e-014, 2.86706228684e-019, 2.01313159031e-020]
        max: [6.91191280566e-006, 0.00132989184931, 0.00544439908117, 0.00695029413328, 0.00727531500161, 0.0045674550347, 0.00498476671055, 0.00255366717465, 0.00586882047355, 0.00426940387115, 0.00265715247951, 0.00157395668793, 0.000968830368947, 0.00225599552505, 0.00505474070087, 0.00493350531906, 0.00614070193842, 0.00272525427863, 0.00241937232204, 0.00328999897465, 0.00158298003953, 0.0010512258159, 0.000151075684698, 7.95779342297e-005, 4.6909059165e-005, 1.71315468833e-006, 4.19223056269e-009, 9.40546640571e-010]
        mean: [7.20668253962e-007, 0.000208513913094, 0.000524805916939, 0.000546680530533, 0.000551178352907, 0.000202302908292, 0.000142865246744, 0.00011094576621, 0.000356030708645, 0.000119507654745, 7.21609103493e-005, 9.79950418696e-005, 8.2433121861e-005, 9.24451014725e-005, 0.000145474608871, 0.00024546138593, 0.000318220001645, 0.000307287817122, 0.000377027114155, 0.000396537565393, 0.00020118438988, 7.12791879778e-005, 1.48362114487e-005, 5.95231449552e-006, 3.69583563042e-006, 1.1409233025e-007, 4.05777855761e-010, 4.73411587709e-011]
        median: [4.65990922294e-007, 0.000162992306286, 0.000293462653644, 0.000221395021072, 0.000294412282528, 0.000103799786302, 7.92764330981e-005, 6.32800583844e-005, 0.000141111944686, 5.38803069503e-005, 3.30996626872e-005, 4.69762308057e-005, 5.14558050781e-005, 5.25678624399e-005, 8.29883356346e-005, 0.000177093505044, 0.00025162223028, 0.000240774912527, 0.00030551358941, 0.000328870635713, 0.000162358148373, 5.07019940414e-005, 1.01237019408e-005, 4.41402062279e-006, 2.71282465292e-006, 8.31658439893e-008, 2.85762580265e-010, 1.91122534465e-011]
        min: [1.48297182572e-024, 4.10006511184e-024, 7.82781943085e-024, 3.50094970901e-024, 2.31093204979e-023, 1.93452927767e-023, 2.11477626368e-023, 2.42314120267e-023, 3.24821145453e-023, 1.93363123842e-023, 6.49447726252e-023, 4.7414333247e-023, 3.79838103586e-023, 1.20748237702e-022, 4.73031669683e-023, 8.60965631857e-023, 1.24445723429e-022, 2.19403750489e-022, 1.69680396129e-022, 2.34570705797e-022, 5.710416923e-022, 3.61376776785e-022, 5.30301381058e-022, 7.66676520979e-022, 1.13219104361e-021, 1.41522201755e-021, 2.35550948145e-021, 5.77948377785e-022]
        var: [6.00968493719e-013, 3.31328458003e-008, 3.64542955822e-007, 8.14091720258e-007, 6.52227015507e-007, 9.56079873049e-008, 6.74984832472e-008, 2.52847716098e-008, 3.1707298831e-007, 5.7646644791e-008, 2.26268799253e-008, 2.12197459604e-008, 8.74065086975e-009, 1.70602838523e-008, 5.91687800977e-008, 7.66934675767e-008, 8.59665618691e-008, 6.16502049411e-008, 9.11810928983e-008, 9.41029583146e-008, 2.78607821258e-008, 4.73148942248e-009, 2.30173435867e-010, 3.72081879196e-011, 1.47683375945e-011, 1.44349000119e-014, 1.58720941051e-019, 5.29916416936e-021]
    mfcc:
        mean: [-690.904052734, 98.4943313599, -37.1068115234, 58.3972854614, -6.26022911072, -0.310587108135, 2.30744147301, -0.372550934553, 7.41789579391, -1.57277035713, -2.63007950783, -3.97223949432, -4.25176334381]
        cov: [[5039.43310547, -222.907730103, -552.104614258, 166.278167725, -375.179016113, -38.904094696, -108.539787292, -21.9059925079, -42.0713577271, -20.606754303, 36.4299468994, -63.565410614, -17.6499881744], [-222.907730103, 515.235107422, -194.397171021, 96.6818618774, 1.52755570412, -22.224445343, 57.2832450867, -22.0083141327, 23.7042598724, -29.7145309448, -42.1461982727, -2.97673249245, -5.44388723373], [-552.104614258, -194.397171021, 518.157165527, -106.087646484, 91.0721511841, 42.1085777283, -22.40599823, 62.2500343323, -18.3519554138, 21.2169647217, 17.2622013092, 16.5401992798, -0.93698489666], [166.278167725, 96.6818618774, -106.087646484, 200.744644165, 12.5077571869, 10.9404354095, -9.31544113159, -43.7904815674, -9.48299980164, -11.6630783081, -13.3817481995, -17.4421138763, -1.22238028049], [-375.179016113, 1.52755570412, 91.0721511841, 12.5077571869, 132.745925903, 31.0733890533, -4.58111429214, -16.782169342, -0.888887047768, 15.9827165604, -1.6008630991, 9.88342475891, 3.70854830742], [-38.904094696, -22.224445343, 42.1085777283, 10.9404354095, 31.0733890533, 86.3227081299, 14.3050546646, 17.8441486359, 1.2237817049, 5.88407278061, 9.06059551239, 1.48668217659, 5.05291700363], [-108.539787292, 57.2832450867, -22.40599823, -9.31544113159, -4.58111429214, 14.3050546646, 83.4326858521, 44.0014915466, 21.6543941498, -3.16686630249, -3.04828715324, 7.85827255249, -2.07003617287], [-21.9059925079, -22.0083141327, 62.2500343323, -43.7904815674, -16.782169342, 17.8441486359, 44.0014915466, 98.6803207397, 37.2819061279, 11.6565065384, 9.6486158371, 7.15887880325, 2.23257708549], [-42.0713577271, 23.7042598724, -18.3519554138, -9.48299980164, -0.888887047768, 1.2237817049, 21.6543941498, 37.2819061279, 68.9264297485, 31.5862178802, 11.2101955414, 9.30459117889, -1.3070384264], [-20.606754303, -29.7145309448, 21.2169647217, -11.6630783081, 15.9827165604, 5.88407278061, -3.16686630249, 11.6565065384, 31.5862178802, 69.1963729858, 34.0737762451, 5.49754571915, -6.38773298264], [36.4299468994, -42.1461982727, 17.2622013092, -13.3817481995, -1.6008630991, 9.06059551239, -3.04828715324, 9.6486158371, 11.2101955414, 34.0737762451, 59.7000923157, 20.8240089417, 5.90400266647], [-63.565410614, -2.97673249245, 16.5401992798, -17.4421138763, 9.88342475891, 1.48668217659, 7.85827255249, 7.15887880325, 9.30459117889, 5.49754571915, 20.8240089417, 57.4328079224, 32.4521217346], [-17.6499881744, -5.44388723373, -0.93698489666, -1.22238028049, 3.70854830742, 5.05291700363, -2.07003617287, 2.23257708549, -1.3070384264, -6.38773298264, 5.90400266647, 32.4521217346, 63.6511306763]]
        icov: [[0.000318312086165, 0.000206473196158, 0.000340049387887, -0.000280626176391, 0.000722768658306, -0.000198510504561, 0.000539645145182, -0.000401482451707, 0.000313500786433, -0.000128869054606, -4.41328520537e-005, -6.58813733025e-005, 0.000142008444527], [0.000206473196158, 0.00298180920072, 0.000871521362569, -0.00112772616558, -0.00012133702694, 0.000625077693257, -0.00163844018243, 0.000465813238407, -0.000970737368334, 0.00064616749296, 0.00120800721925, -0.000635357748251, 0.000448071863502], [0.000340049387887, 0.000871521362569, 0.00396750401706, 0.000762128271163, -0.00202282657847, -0.000557747320272, 0.00263423379511, -0.00433929916471, 0.00295737502165, -0.000566656352021, 0.000360693054972, -0.00119151279796, 0.0012197670294], [-0.000280626176391, -0.00112772616558, 0.000762128271163, 0.00701234396547, -0.0015141593758, -0.00162616197485, 0.000334808020853, 0.00219355896115, -0.000441064970801, 0.000633603136521, -0.000351432274329, 0.00216891849414, -0.000895801756997], [0.000722768658306, -0.00012133702694, -0.00202282657847, -0.0015141593758, 0.013377266936, -0.00426010088995, -0.000186445264262, 0.00447113299742, -0.000705254846253, -0.00406535249203, 0.00333124538884, -0.00257211527787, 0.000106995925307], [-0.000198510504561, 0.000625077693257, -0.000557747320272, -0.00162616197485, -0.00426010088995, 0.0150666953996, -0.00307755265385, -0.00273124850355, 0.00121103518177, 0.000720347859897, -0.003082199255, 0.00250201718882, -0.00188575324137], [0.000539645145182, -0.00163844018243, 0.00263423379511, 0.000334808020853, -0.000186445264262, -0.00307755265385, 0.0213602818549, -0.011108731851, 0.000718564086128, 0.00157618429512, 0.00130982708652, -0.00439640833065, 0.00368712167256], [-0.000401482451707, 0.000465813238407, -0.00433929916471, 0.00219355896115, 0.00447113299742, -0.00273124850355, -0.011108731851, 0.0243330579251, -0.0120008904487, 0.00199771928601, -0.00134676368907, 0.0031524694059, -0.0028799821157], [0.000313500786433, -0.000970737368334, 0.00295737502165, -0.000441064970801, -0.000705254846253, 0.00121103518177, 0.000718564086128, -0.0120008904487, 0.0282045602798, -0.0133889941499, 0.0038166961167, -0.0048924065195, 0.0018040756695], [-0.000128869054606, 0.00064616749296, -0.000566656352021, 0.000633603136521, -0.00406535249203, 0.000720347859897, 0.00157618429512, 0.00199771928601, -0.0133889941499, 0.0291531775147, -0.0154358111322, 0.00425208639354, 0.00209882692434], [-4.41328520537e-005, 0.00120800721925, 0.000360693054972, -0.000351432274329, 0.00333124538884, -0.003082199255, 0.00130982708652, -0.00134676368907, 0.0038166961167, -0.0154358111322, 0.0303719025105, -0.012026546523, 0.00207386305556], [-6.58813733025e-005, -0.000635357748251, -0.00119151279796, 0.00216891849414, -0.00257211527787, 0.00250201718882, -0.00439640833065, 0.0031524694059, -0.0048924065195, 0.00425208639354, -0.012026546523, 0.0323406793177, -0.015397708863], [0.000142008444527, 0.000448071863502, 0.0012197670294, -0.000895801756997, 0.000106995925307, -0.00188575324137, 0.00368712167256, -0.0028799821157, 0.0018040756695, 0.00209882692434, 0.00207386305556, -0.015397708863, 0.0240592211485]]
    sccoeffs:
        dmean: [0.0702657997608, 0.0477303080261, 0.0401833094656, 0.0283345133066, 0.0185491293669, 0.0209515821189]
        dmean2: [0.115649618208, 0.0803350508213, 0.0671295151114, 0.0476962067187, 0.0314586758614, 0.0341248549521]
        dvar: [0.0030248418916, 0.00143890478648, 0.000980580691248, 0.000489031139296, 0.000220141373575, 0.000355628901161]
        dvar2: [0.00811795704067, 0.00396670866758, 0.00269609084353, 0.00134419533424, 0.000611783878412, 0.000824703252874]
        max: [-0.351908564568, -0.51955384016, -0.528397977352, -0.597722649574, -0.624768733978, -0.522552549839]
        mean: [-0.641016840935, -0.783711194992, -0.784263551235, -0.804735302925, -0.812673389912, -0.756302058697]
        median: [-0.646187663078, -0.790423333645, -0.79309207201, -0.808321237564, -0.814459085464, -0.757783889771]
        min: [-0.979921340942, -0.978228271008, -0.963546693325, -0.962572753429, -0.96341663599, -0.961697876453]
        var: [0.00565731991082, 0.00333007914014, 0.00371446111239, 0.00178125069942, 0.000723796256352, 0.00191475229803]
    scvalleys:
        dmean: [0.37391731143, 0.364668697119, 0.319074958563, 0.272881031036, 0.317174255848, 0.326642751694]
        dmean2: [0.635546267033, 0.610340058804, 0.513629734516, 0.440526902676, 0.525545716286, 0.522147536278]
        dvar: [0.105169460177, 0.0978854447603, 0.0798540338874, 0.0668374225497, 0.10443521291, 0.141916304827]
        dvar2: [0.25988227129, 0.236686527729, 0.169713318348, 0.138137996197, 0.233806192875, 0.303642392159]
        max: [-5.32236289978, -4.96245861053, -5.37554883957, -5.75263643265, -5.57096624374, -7.79009199142]
        mean: [-6.51508903503, -6.49039268494, -6.90638923645, -7.03689718246, -6.78162908554, -9.39137363434]
        median: [-6.36097383499, -6.36832094193, -6.78142881393, -6.87234783173, -6.5702791214, -9.01911354065]
        min: [-27.2761859894, -27.4956493378, -27.652299881, -27.6249446869, -27.3865680695, -27.2993469238]
        var: [0.884085476398, 0.940404355526, 1.11955618858, 1.1809823513, 1.53996729851, 1.96127545834]

rhythm:
    beats_loudness:
        dmean: 0.00213355571032
        dmean2: 0.00386423920281
        dvar: 2.81311758954e-006
        dvar2: 9.25334825297e-006
        max: 0.0131461191922
        mean: 0.00608300743625
        median: 0.00584458792582
        min: 1.43184255563e-008
        var: 5.47420677321e-006
    bpm: 149.972305298
    bpm_confidence: 0
    first_peak_bpm: 152
    first_peak_spread: 0.473029047251
    first_peak_weight: 0.490347504616
    onset_rate: 4.35046958923
    second_peak_bpm: 144
    second_peak_spread: 0.291666656733
    second_peak_weight: 0.0328185334802
    beats_loudness_band_ratio:
        dmean: [0.2104100734, 0.0664007514715, 0.0874653160572, 0.0461113452911, 0.0925539135933, 0.0693801268935]
        dmean2: [0.381127148867, 0.112921625376, 0.151856645942, 0.0835753753781, 0.167433559895, 0.123170681298]
        dvar: [0.0220378153026, 0.00504483887926, 0.00751277478412, 0.00256497832015, 0.00621694792062, 0.00294324127026]
        dvar2: [0.0674479603767, 0.0146853681654, 0.0232714414597, 0.00741720432416, 0.0183526687324, 0.00882618036121]
        max: [0.955161690712, 0.655151665211, 0.541362583637, 0.485486447811, 0.737639427185, 0.41782400012]
        mean: [0.400795012712, 0.104198694229, 0.125821992755, 0.0722088217735, 0.186797425151, 0.153636813164]
        median: [0.390148818493, 0.0808406621218, 0.0898235887289, 0.0625791922212, 0.166722327471, 0.144619062543]
        min: [0.00879703555256, 0.0088579133153, 0.00798853021115, 0.000340925558703, 9.78099342319e-005, 3.25403307215e-005]
        var: [0.04104263708, 0.00704715866596, 0.00958515610546, 0.00268980837427, 0.0112600717694, 0.00502618867904]
    beats_position: [0.394739210606, 0.789478421211, 1.18421769142, 1.57895684242, 1.98530614376, 2.39165520668, 2.80961441994, 3.23918366432, 3.65714287758, 4.07510185242, 4.49306106567, 4.92263031006, 5.36380958557, 5.78176879883, 6.18811798096, 6.59446716309, 6.98920631409, 7.38394546509, 7.77868461609, 8.17342376709, 8.57977294922, 8.98612213135, 9.38086128235, 9.78721046448, 10.1935596466, 10.5882987976, 10.9830379486, 11.3777770996, 11.7725172043, 12.1672563553, 12.5736055374, 12.9799547195, 13.3746938705, 13.7694330215, 14.1757822037, 14.5821313858, 14.9768705368, 15.3716096878, 15.7779588699, 16.1843090057, 16.5790481567, 16.9737873077, 17.3685264587, 17.7748756409, 18.181224823, 18.575963974, 18.970703125, 19.3770523071, 19.7834014893, 20.1781406403, 20.5728797913, 20.9792289734, 21.3855781555, 21.7803173065, 22.1750564575, 22.5697956085, 22.9761447906, 23.3824939728, 23.7772331238, 24.1719722748, 24.5783214569, 24.984670639, 25.37940979, 25.774148941, 26.1804981232, 26.5868473053, 26.9815864563, 27.3763256073, 27.7826747894, 28.1890239716, 28.5837631226, 28.9785022736, 29.3732414246, 29.7795906067, 30.1859397888, 30.5806789398, 30.9754180908, 31.3701572418, 31.776506424, 32.171245575, 32.5775947571, 32.9723358154, 33.3786849976, 33.7850341797, 34.1797714233, 34.5745124817, 34.9692497253, 35.3755989075, 35.7819480896, 36.1766891479, 36.5714263916, 36.9777755737, 37.3841247559, 37.7788658142, 38.1736030579, 38.57995224, 38.9863014221, 39.3810424805, 39.7757797241, 40.1705207825, 40.5768699646, 40.9716110229, 41.3779602051, 41.7726974487, 42.1674385071, 42.5621757507, 42.9569168091, 43.3632659912, 43.7696151733, 44.1759643555, 44.5823135376, 44.9770507813, 45.3717918396, 45.7781410217, 46.1844902039, 46.5792274475, 46.9739685059, 47.380317688, 47.7866668701, 48.1814041138, 48.5761451721, 48.9708824158, 49.3772315979, 49.7719726563, 50.1783218384, 50.573059082, 50.9794082642, 51.3857574463, 51.7804985046, 52.1752357483, 52.5815849304, 52.9879341125, 53.3826751709, 53.7774124146, 54.1837615967, 54.5901107788, 54.9848518372, 55.3795890808, 55.7743301392, 56.1806793213, 56.5870285034, 56.9817695618, 57.3881187439, 57.794467926, 58.1892051697, 58.583946228, 58.9786834717, 59.37342453, 59.7797737122, 60.1745109558, 60.5808601379, 60.9872093201, 61.3935585022, 61.7882995605, 62.1830368042, 62.5777778625, 62.9725151062, 63.3788642883, 63.7852134705, 64.1799545288, 64.5746917725, 64.9694290161, 65.3757781982, 65.7821273804, 66.1768722534, 66.5716094971, 66.9779586792, 67.3843078613, 67.779045105, 68.1737823486, 68.5685272217, 68.9748764038, 69.3812255859, 69.7759628296, 70.1707000732, 70.5770492554, 70.9833984375, 71.3781356812, 71.7728805542, 72.1792297363, 72.5855789185, 72.9803161621, 73.3750534058, 73.7697982788, 74.1761474609, 74.5824966431, 74.9772338867, 75.3719711304, 75.7783203125, 76.1846694946, 76.5794067383, 76.9857559204, 77.3921051025, 77.7868499756, 78.1815872192, 78.5763244629, 78.982673645, 79.3890228271, 79.7837600708, 80.1785049438, 80.584854126, 80.9912033081, 81.3859405518, 81.7806777954, 82.1754150391, 82.5701599121, 82.9648971558, 83.3712463379, 83.77759552, 84.1839447021, 84.5902938843, 84.9850311279, 85.3797683716, 85.7745132446, 86.1692504883, 86.5755996704, 86.9819488525, 87.3766860962, 87.7714233398, 88.177772522, 88.5841217041, 88.9788665771, 89.3736038208, 89.7799530029, 90.1863021851, 90.5810394287, 90.9757843018, 91.3705215454, 91.7768707275, 92.1832199097, 92.5779571533, 92.972694397, 93.36743927, 93.7853927612, 94.1801376343, 94.5748748779, 94.9696121216, 95.3759613037, 95.7823104858, 96.1770477295, 96.5833969116, 96.9781417847, 97.3844909668, 97.7792282104, 98.1739654541, 98.5687026978, 98.9750518799, 99.381401062, 99.7761459351, 100.170883179, 100.577232361, 100.983581543, 101.389930725, 101.796279907, 102.191017151, 102.585754395, 102.980499268, 103.375236511, 103.781585693, 104.187934875, 104.582672119, 104.977409363, 105.372154236, 105.778503418, 106.1848526, 106.579589844, 106.974327087, 107.38067627, 107.787025452, 108.181770325, 108.576507568, 108.98285675, 109.377593994, 109.783943176, 110.17868042, 110.585029602, 110.991378784, 111.386123657, 111.780860901, 112.175598145, 112.581947327, 112.988296509, 113.383033752, 113.777778625, 114.172515869, 114.567253113, 114.961990356, 115.368339539, 115.774688721, 116.169433594, 116.564170837, 116.97052002, 117.376869202, 117.771606445, 118.177955627, 118.58430481, 118.979042053, 119.373786926, 119.76852417, 120.174873352, 120.569610596, 120.964347839, 121.370697021, 121.788658142, 122.183395386, 122.578140259, 122.972877502, 123.379226685, 123.785575867, 124.18031311, 124.575057983, 124.993011475, 125.422584534, 125.852149963, 126.258499146, 126.664848328, 127.07119751, 127.477546692, 127.872291565, 128.278640747, 128.696594238, 129.126159668, 129.567337036, 129.985305786, 130.414871216, 130.844436646, 131.262405396, 131.65713501, 132.063491821, 132.469833374, 132.864578247, 133.25932312, 133.677276611, 134.072021484, 134.478363037, 134.896316528, 135.314285278, 135.73223877, 136.15020752, 136.556549072, 136.962905884, 137.369247437, 137.775604248, 138.181945801, 138.576690674, 138.971420288, 139.3777771, 139.784118652, 140.178863525, 140.573608398, 140.99156189, 141.386306763, 141.781036377, 142.164169312, 142.547302246, 142.953643799, 143.36000061, 143.766342163, 144.172698975, 144.579040527, 144.985397339, 145.380126953, 145.774871826, 146.169616699, 146.564346313, 146.970703125, 147.377044678, 147.771789551, 148.178131104, 148.584487915, 148.979232788, 149.373962402, 149.768707275, 150.175048828, 150.58140564, 150.976135254, 151.370880127, 151.765625, 152.171966553, 152.578323364, 152.973052979, 153.37940979, 153.785751343, 154.180496216, 154.575241089, 154.969970703, 155.376327515, 155.782669067, 156.17741394, 156.572158813, 156.978500366, 157.384857178, 157.779586792, 158.174331665, 158.569061279, 158.975418091, 159.381759644, 159.776504517, 160.182861328, 160.589202881, 160.983947754, 161.378677368, 161.773422241, 162.168167114, 162.562896729, 162.96925354, 163.375595093, 163.770339966, 164.16506958, 164.559814453, 164.966171265, 165.372512817, 165.778869629, 166.185211182, 166.579956055, 166.974685669, 167.38104248, 167.787384033, 168.182128906, 168.576873779, 168.971603394, 169.377960205, 169.784301758, 170.179046631, 170.573776245, 170.968521118, 171.37487793, 171.781219482, 172.175964355, 172.582305908, 172.98866272, 173.383392334, 173.778137207, 174.17288208, 174.579223633, 174.985580444, 175.380310059, 175.78666687, 176.193008423, 176.587753296, 176.982498169, 177.377227783, 177.783584595, 178.189926147, 178.584671021, 178.979400635, 179.385757446, 179.792098999, 180.186843872, 180.581588745, 180.976318359, 181.382675171, 181.777404785, 182.183761597, 182.57850647, 182.984848022, 183.379592896, 183.785934448, 184.180679321, 184.575408936, 184.981765747, 185.3881073, 185.782852173, 186.177597046, 186.57232666, 186.967071533, 187.361816406, 187.768157959, 188.174514771, 188.580856323, 188.987213135, 189.381942749, 189.776687622, 190.171432495, 190.577774048, 190.984130859, 191.378860474, 191.773605347, 192.179946899, 192.574691772, 192.969436646, 193.375778198, 193.770523071, 194.176864624, 194.583221436, 194.97795105, 195.372695923, 195.767440796, 196.173782349, 196.58013916, 196.974868774, 197.369613647, 197.7759552, 198.182312012, 198.588653564, 198.995010376, 199.401351929, 199.80770874, 200.214050293, 200.620407104, 201.026748657, 201.433105469, 201.839447021, 202.245803833, 202.652145386, 203.046890259, 203.441635132, 203.847976685, 204.254333496, 204.660675049, 205.06703186, 205.426940918, 205.786849976, 206.146759033, 206.506668091, 206.878189087, 207.249694824, 207.62121582, 207.981124878]
