
metadata:
    version:
        essentia: "2.1-beta2"
    audio_properties:
        analysis_sample_rate: 44100
        bitrate: 271
        channels: 2
        equal_loudness: 1
        length: 241.266937256
        replay_gain: -16.2842102051
        downmix: "mix"
    tags:
        album: "American Capitalist"
        artist: "Five Finger Death Punch"
        comment: ""
        date: "2011"
        genre: "Metal"
        title: "Coming Down"
        tracknumber: "4"

configuration:
    average_loudness:
        compute: 1
        frameSize: 88200
        hopSize: 44100
        silentFrames: "noise"
        windowType: "hann"
    general:
        analysisSampleRate: 44100
        endTime: 2000
        equalLoudness: 1
        nequalLoudness: 0
        shortSound: 0
        startTime: 0
    lowlevel:
        compute: 1
        frameSize: 2048
        hopSize: 1024
        zeroPadding: 0
        silentFrames: "noise"
        windowType: "blackmanharris62"
        mfccStats: ["mean", "cov", "icov"]
        stats: ["mean", "var", "median", "min", "max", "dmean", "dmean2", "dvar", "dvar2"]
    panning:
        compute: 0
        frameSize: 8192
        hopSize: 2048
        zeroPadding: 8192
        silentFrames: "noise"
        windowType: "hann"
        stats: ["copy"]
    rhythm:
        compute: 1
        maxTempo: 208
        minTempo: 40
        method: "degara"
        stats: ["mean", "var", "median", "min", "max", "dmean", "dmean2", "dvar", "dvar2"]
    segmentation:
        compute: 0
        cpw: 5
        inc1: 300
        inc2: 50
        minimumSegmentsLength: 10
        size1: 1000
        size2: 600
    sfx:
        compute: 1
        stats: ["mean", "var", "median", "min", "max", "dmean", "dmean2", "dvar", "dvar2"]
    svm:
        compute: 0
    tonal:
        compute: 1
        frameSize: 4096
        hopSize: 2048
        zeroPadding: 0
        silentFrames: "noise"
        windowType: "blackmanharris62"
        stats: ["mean", "var", "median", "min", "max", "dmean", "dmean2", "dvar", "dvar2"]

lowlevel:
    average_loudness: 0.91496437788
    barkbands_kurtosis:
        dmean: 1.16601932049
        dmean2: 1.88227462769
        dvar: 6.15359354019
        dvar2: 13.1203308105
        max: 175.855545044
        mean: 0.643608212471
        median: -0.87633228302
        min: -1.89758443832
        var: 32.1199645996
    barkbands_skewness:
        dmean: 0.460904985666
        dmean2: 0.742635667324
        dvar: 0.221195027232
        dvar2: 0.558444499969
        max: 10.6394014359
        mean: 0.455223351717
        median: 0.162206560373
        min: -3.34835147858
        var: 1.29529380798
    barkbands_spread:
        dmean: 6.1462931633
        dmean2: 9.88236999512
        dvar: 37.8649787903
        dvar2: 93.8002090454
        max: 69.2738723755
        mean: 30.5718975067
        median: 31.1288871765
        min: 0.479525387287
        var: 147.530654907
    dissonance:
        dmean: 0.013686160557
        dmean2: 0.0230332128704
        dvar: 0.000200209702598
        dvar2: 0.000545575050637
        max: 0.500000059605
        mean: 0.474446624517
        median: 0.481355696917
        min: 0.264652580023
        var: 0.00059057737235
    hfc:
        dmean: 2.56079411507
        dmean2: 4.25617647171
        dvar: 10.9156599045
        dvar2: 29.3078765869
        max: 73.7765274048
        mean: 8.44984817505
        median: 8.06296539307
        min: 1.13168286904e-016
        var: 39.0312652588
    pitch:
        dmean: 654.112121582
        dmean2: 1255.22729492
        dvar: 1333972.25
        dvar2: 3460036
        max: 4664.984375
        mean: 750.612182617
        median: 278.3409729
        min: 43.3147010803
        var: 1230419.25
    pitch_instantaneous_confidence:
        dmean: 0.0838972553611
        dmean2: 0.134208843112
        dvar: 0.00558183575049
        dvar2: 0.0130335465074
        max: 0.917098462582
        mean: 0.379367351532
        median: 0.344531148672
        min: 0.104539453983
        var: 0.024887740612
    pitch_salience:
        dmean: 0.0707025974989
        dmean2: 0.118377059698
        dvar: 0.00425617443398
        dvar2: 0.0118188150227
        max: 0.997146725655
        mean: 0.617969095707
        median: 0.637306153774
        min: 0.140677168965
        var: 0.0118164578453
    silence_rate_20dB:
        dmean: 0
        dmean2: 0
        dvar: 0
        dvar2: 0
        max: 1
        mean: 1
        median: 1
        min: 1
        var: 0
    silence_rate_30dB:
        dmean: 0
        dmean2: 0
        dvar: 0
        dvar2: 0
        max: 1
        mean: 1
        median: 1
        min: 1
        var: 0
    silence_rate_60dB:
        dmean: 0.0702531039715
        dmean2: 0.140519723296
        dvar: 0.065322726965
        dvar2: 0.142736151814
        max: 1
        mean: 0.266647428274
        median: 0
        min: 0
        var: 0.195526629686
    spectral_centroid:
        dmean: 296.716766357
        dmean2: 487.343261719
        dvar: 107684.609375
        dvar2: 278476.75
        max: 11287.9511719
        mean: 1493.76098633
        median: 1578.49975586
        min: 94.2580871582
        var: 555700.6875
    spectral_complexity:
        dmean: 4.07872200012
        dmean2: 6.68912410736
        dvar: 19.5840415955
        dvar2: 49.4019927979
        max: 49
        mean: 15.7013082504
        median: 15
        min: 0
        var: 92.2378921509
    spectral_crest:
        dmean: 2.24366688728
        dmean2: 3.71693563461
        dvar: 4.48099803925
        dvar2: 11.6070737839
        max: 24.654876709
        mean: 7.72728252411
        median: 6.65261650085
        min: 2.32025790215
        var: 15.0233983994
    spectral_decrease:
        dmean: 2.95965030261e-010
        dmean2: 4.67331007226e-010
        dvar: 1.19172104721e-019
        dvar2: 2.96039126589e-019
        max: 1.96026975678e-028
        mean: -1.14250620076e-009
        median: -1.13906883925e-009
        min: -4.04349487226e-009
        var: 3.81827863224e-019
    spectral_energy:
        dmean: 0.00129522010684
        dmean2: 0.00204565864988
        dvar: 2.20990796151e-006
        dvar2: 5.50834056412e-006
        max: 0.0219528246671
        mean: 0.0050785257481
        median: 0.0050696702674
        min: 9.96581143552e-021
        var: 7.87059616414e-006
    spectral_energyband_high:
        dmean: 0.000179421767825
        dmean2: 0.000306745088892
        dvar: 6.68869191145e-008
        dvar2: 1.8586260353e-007
        max: 0.00272673973814
        mean: 0.00040607523988
        median: 0.000343892374076
        min: 7.23394406499e-021
        var: 1.36518323757e-007
    spectral_energyband_low:
        dmean: 0.000415156886447
        dmean2: 0.000707362662069
        dvar: 3.09936922349e-007
        dvar2: 8.23156938168e-007
        max: 0.00598039431497
        mean: 0.000622683495749
        median: 0.000398712814786
        min: 1.51127337427e-023
        var: 4.22940757971e-007
    spectral_energyband_middle_high:
        dmean: 0.000700962089468
        dmean2: 0.00113561272155
        dvar: 6.82427241827e-007
        dvar2: 1.75301920535e-006
        max: 0.0195622928441
        mean: 0.00240703066811
        median: 0.00218463363126
        min: 1.1840830965e-021
        var: 3.59134514838e-006
    spectral_energyband_middle_low:
        dmean: 0.000773107458372
        dmean2: 0.0012438002741
        dvar: 1.30738465032e-006
        dvar2: 3.37383016813e-006
        max: 0.0123782064766
        mean: 0.00181484699715
        median: 0.00138261448592
        min: 1.67765635075e-022
        var: 2.27872146752e-006
    spectral_flatness_db:
        dmean: 0.0165373478085
        dmean2: 0.0251460932195
        dvar: 0.000267077761237
        dvar2: 0.000590130279306
        max: 0.527824521065
        mean: 0.14416873455
        median: 0.12780559063
        min: 0.060537032783
        var: 0.00349384429865
    spectral_flux:
        dmean: 0.0085976254195
        dmean2: 0.0131194228306
        dvar: 7.77768436819e-005
        dvar2: 0.00015972663823
        max: 0.114176385105
        mean: 0.0414723083377
        median: 0.0431349053979
        min: 6.2163919845e-011
        var: 0.000340681988746
    spectral_kurtosis:
        dmean: 1.64283955097
        dmean2: 2.64393544197
        dvar: 22.5872650146
        dvar2: 60.8372612
        max: 209.533203125
        mean: 6.25788593292
        median: 2.82543230057
        min: -1.24341654778
        var: 356.120483398
    spectral_rms:
        dmean: 0.000272892270004
        dmean2: 0.000422711513238
        dvar: 7.86785534501e-008
        dvar2: 1.87508419458e-007
        max: 0.00462789274752
        mean: 0.00211231922731
        median: 0.00222396478057
        min: 3.11813140412e-012
        var: 4.92738934099e-007
    spectral_rolloff:
        dmean: 429.60055542
        dmean2: 714.026489258
        dvar: 364475.78125
        dvar2: 849814.25
        max: 19659.8144531
        mean: 2857.19970703
        median: 3359.1796875
        min: 107.666015625
        var: 1821608.75
    spectral_skewness:
        dmean: 0.192375808954
        dmean2: 0.302285164595
        dvar: 0.0699831545353
        dvar2: 0.171406820416
        max: 12.7482032776
        mean: 1.63602125645
        median: 1.35166227818
        min: -0.056856520474
        var: 1.59414184093
    spectral_spread:
        dmean: 545930.5625
        dmean2: 787044.9375
        dvar: 577344110592
        dvar2: 1.12760756634e+012
        max: 41999032
        mean: 5254160
        median: 5153805
        min: 537750.5
        var: 3.72088006246e+012
    spectral_strongpeak:
        dmean: 0.41921505332
        dmean2: 0.721795082092
        dvar: 0.568606376648
        dvar2: 1.48528110981
        max: 17.4376182556
        mean: 0.625301778316
        median: 0.289570689201
        min: 9.66721147577e-012
        var: 0.851837396622
    zerocrossingrate:
        dmean: 0.00869583245367
        dmean2: 0.0105764819309
        dvar: 7.48074889998e-005
        dvar2: 9.7089468909e-005
        max: 0.5185546875
        mean: 0.0871488973498
        median: 0.09375
        min: 0.00390625
        var: 0.00126628181897
    barkbands:
        dmean: [5.61766626106e-007, 0.000101592631836, 0.00029071039171, 0.000251080637099, 0.000295342324534, 0.000192998079001, 0.000145229467307, 0.000113355963549, 0.000179176960955, 0.000123508609249, 6.57711570966e-005, 7.76339511503e-005, 6.45947511657e-005, 8.85354311322e-005, 9.25792410271e-005, 0.000138914037962, 0.000143799421494, 0.000173120875843, 0.000215296589886, 0.000185705488548, 9.29855305003e-005, 3.70224151993e-005, 7.27936503608e-006, 3.23837457472e-006, 2.01580678549e-006, 6.65055068794e-008, 3.16802889477e-010]
        dmean2: [8.07190247087e-007, 0.000173005872057, 0.00050149456365, 0.000424308440415, 0.000511403719429, 0.000305626337649, 0.000232278194744, 0.000181136274477, 0.000274524965789, 0.000195015018107, 0.000107527717773, 0.000125730381114, 0.000105423874629, 0.000142759992741, 0.000152497072122, 0.000225816911552, 0.000238429565798, 0.000303097011056, 0.000359944446245, 0.00031417325954, 0.000159132745466, 6.29504429526e-005, 1.20388058349e-005, 5.21651463714e-006, 3.19939044857e-006, 1.05456166466e-007, 5.18255494075e-010]
        dvar: [8.44997520306e-013, 1.77328622897e-008, 1.90769455344e-007, 2.82672573348e-007, 3.83807076787e-007, 1.77836085413e-007, 1.77216122665e-007, 9.07971653419e-008, 1.43480917814e-007, 6.79459546404e-008, 1.81223924756e-008, 2.30294876502e-008, 1.53713770601e-008, 2.24896012924e-008, 2.55558596507e-008, 6.2590792993e-008, 4.03676487792e-008, 6.89828922873e-008, 8.97666865285e-008, 8.75313119764e-008, 1.77018417702e-008, 3.00525226926e-009, 1.119971893e-010, 3.1167079334e-011, 1.147005841e-011, 9.98152349484e-015, 1.66525299657e-019]
        dvar2: [1.52608101937e-012, 5.00471379894e-008, 5.09040773977e-007, 7.34841137273e-007, 1.08899939733e-006, 4.10726215705e-007, 4.20554158609e-007, 2.16484949078e-007, 3.197486933e-007, 1.67777955085e-007, 4.61253932826e-008, 5.95959157579e-008, 3.95313719537e-008, 5.53177308404e-008, 6.60846950495e-008, 1.50075948113e-007, 1.03915176908e-007, 1.91154384765e-007, 2.43781755671e-007, 2.12664772903e-007, 4.8595005353e-008, 8.20758749853e-009, 2.895002571e-010, 7.24323379053e-011, 2.52085435859e-011, 2.38769592341e-014, 3.99464051817e-019]
        max: [5.91413026996e-006, 0.00141445407644, 0.00484444387257, 0.0051506832242, 0.00719107268378, 0.00874234270304, 0.00854581035674, 0.0075208991766, 0.0084178885445, 0.00573217775673, 0.00278095109388, 0.00289545673877, 0.0039340746589, 0.00263376673684, 0.00315414788201, 0.00726354215294, 0.00763240968809, 0.00307837314904, 0.0058429078199, 0.0135009307414, 0.00221852725372, 0.00124912476167, 0.000200800015591, 0.000109173437522, 7.19641975593e-005, 2.69118550023e-006, 8.31587776418e-009]
        mean: [6.37256391656e-007, 0.000140341333463, 0.000346298154909, 0.000284983747406, 0.000425328704296, 0.000318766775308, 0.000225395793677, 0.000177586218342, 0.000330040551489, 0.00022218968661, 0.000102503137896, 0.000135349793709, 0.000115640330478, 0.000159063274623, 0.000181890674867, 0.000272974604741, 0.000292254524538, 0.000263726455159, 0.000441696291091, 0.00035247017513, 0.000187775251106, 7.38346134312e-005, 1.56687601702e-005, 7.30423971618e-006, 4.65925359094e-006, 1.3556667966e-007, 4.90819329624e-010]
        median: [8.23318515586e-008, 8.38967389427e-005, 0.000171215418959, 0.000113009577035, 0.000197545959963, 0.000133055291371, 6.82675017742e-005, 6.11213472439e-005, 0.000104820501292, 6.52537564747e-005, 4.86094068037e-005, 5.9265337768e-005, 5.82323737035e-005, 7.89651094237e-005, 0.000107535808638, 0.000167124497239, 0.00021791877225, 0.000182179763215, 0.000302951491904, 0.000253203150351, 0.000145111058373, 5.45183138456e-005, 1.10369292088e-005, 4.47898401035e-006, 3.15711349685e-006, 8.4086977381e-008, 2.92719126715e-010]
        min: [1.82052254745e-024, 6.66960832778e-024, 1.79457967329e-024, 5.25322553297e-024, 2.0982168111e-023, 1.46242868474e-023, 1.75109797574e-023, 1.11904763012e-023, 3.01024430495e-023, 2.50791140668e-023, 3.87874797607e-023, 5.0184292098e-023, 5.09792682529e-023, 5.05367551504e-023, 4.61029813653e-023, 1.10764552925e-022, 1.00879557803e-022, 1.34115277482e-022, 1.53475930958e-022, 2.24022335452e-022, 2.5674499262e-022, 3.6542051565e-022, 4.74110503235e-022, 6.21624412798e-022, 9.34944111403e-022, 1.52579290197e-021, 2.20368144937e-021]
        var: [1.27883998963e-012, 2.49237341876e-008, 2.28314775086e-007, 2.82296554133e-007, 4.02599766858e-007, 3.40713512514e-007, 3.33265063546e-007, 1.93326712861e-007, 3.61472814348e-007, 1.97148608549e-007, 3.24279589847e-008, 5.2124104144e-008, 3.44292168108e-008, 5.10326643166e-008, 6.42477928636e-008, 1.51297030015e-007, 9.87747696968e-008, 8.45421013196e-008, 2.37848198026e-007, 2.06272673609e-007, 3.82171059243e-008, 5.96237059725e-009, 2.71062228219e-010, 9.34161428767e-011, 3.26731419698e-011, 2.62163812252e-014, 3.14128791104e-019]
    frequency_bands:
        dmean: [5.61766626106e-007, 0.000101592631836, 0.00029071039171, 0.000251080637099, 0.000295342324534, 0.000192998079001, 0.000145229467307, 0.000113355963549, 0.000179176960955, 0.000123508609249, 6.57711570966e-005, 7.76339511503e-005, 6.45947511657e-005, 8.85354311322e-005, 9.25792410271e-005, 0.000138914037962, 0.000143799421494, 0.000173120875843, 0.000215296589886, 0.000185705488548, 9.29855305003e-005, 3.70224151993e-005, 7.27936503608e-006, 3.23837457472e-006, 2.01580678549e-006, 6.65055068794e-008, 3.16802889477e-010, 5.82342785105e-011]
        dmean2: [8.07190247087e-007, 0.000173005872057, 0.00050149456365, 0.000424308440415, 0.000511403719429, 0.000305626337649, 0.000232278194744, 0.000181136274477, 0.000274524965789, 0.000195015018107, 0.000107527717773, 0.000125730381114, 0.000105423874629, 0.000142759992741, 0.000152497072122, 0.000225816911552, 0.000238429565798, 0.000303097011056, 0.000359944446245, 0.00031417325954, 0.000159132745466, 6.29504429526e-005, 1.20388058349e-005, 5.21651463714e-006, 3.19939044857e-006, 1.05456166466e-007, 5.18255494075e-010, 1.07759232093e-010]
        dvar: [8.44997520306e-013, 1.77328622897e-008, 1.90769455344e-007, 2.82672573348e-007, 3.83807076787e-007, 1.77836085413e-007, 1.77216122665e-007, 9.07971653419e-008, 1.43480917814e-007, 6.79459546404e-008, 1.81223924756e-008, 2.30294876502e-008, 1.53713770601e-008, 2.24896012924e-008, 2.55558596507e-008, 6.2590792993e-008, 4.03676487792e-008, 6.89828922873e-008, 8.97666865285e-008, 8.75313119764e-008, 1.77018417702e-008, 3.00525226926e-009, 1.119971893e-010, 3.1167079334e-011, 1.147005841e-011, 9.98152349484e-015, 1.66525299657e-019, 6.32534068816e-021]
        dvar2: [1.52608101937e-012, 5.00471379894e-008, 5.09040773977e-007, 7.34841137273e-007, 1.08899939733e-006, 4.10726215705e-007, 4.20554158609e-007, 2.16484949078e-007, 3.197486933e-007, 1.67777955085e-007, 4.61253932826e-008, 5.95959157579e-008, 3.95313719537e-008, 5.53177308404e-008, 6.60846950495e-008, 1.50075948113e-007, 1.03915176908e-007, 1.91154384765e-007, 2.43781755671e-007, 2.12664772903e-007, 4.8595005353e-008, 8.20758749853e-009, 2.895002571e-010, 7.24323379053e-011, 2.52085435859e-011, 2.38769592341e-014, 3.99464051817e-019, 1.98267599569e-020]
        max: [5.91413026996e-006, 0.00141445407644, 0.00484444387257, 0.0051506832242, 0.00719107268378, 0.00874234270304, 0.00854581035674, 0.0075208991766, 0.0084178885445, 0.00573217775673, 0.00278095109388, 0.00289545673877, 0.0039340746589, 0.00263376673684, 0.00315414788201, 0.00726354215294, 0.00763240968809, 0.00307837314904, 0.0058429078199, 0.0135009307414, 0.00221852725372, 0.00124912476167, 0.000200800015591, 0.000109173437522, 7.19641975593e-005, 2.69118550023e-006, 8.31587776418e-009, 1.0413354623e-009]
        mean: [6.37256391656e-007, 0.000140341333463, 0.000346298154909, 0.000284983747406, 0.000425328704296, 0.000318766775308, 0.000225395793677, 0.000177586218342, 0.000330040551489, 0.00022218968661, 0.000102503137896, 0.000135349793709, 0.000115640330478, 0.000159063274623, 0.000181890674867, 0.000272974604741, 0.000292254524538, 0.000263726455159, 0.000441696291091, 0.00035247017513, 0.000187775251106, 7.38346134312e-005, 1.56687601702e-005, 7.30423971618e-006, 4.65925359094e-006, 1.3556667966e-007, 4.90819329624e-010, 4.59398422081e-011]
        median: [8.23318515586e-008, 8.38967389427e-005, 0.000171215418959, 0.000113009577035, 0.000197545959963, 0.000133055291371, 6.82675017742e-005, 6.11213472439e-005, 0.000104820501292, 6.52537564747e-005, 4.86094068037e-005, 5.9265337768e-005, 5.82323737035e-005, 7.89651094237e-005, 0.000107535808638, 0.000167124497239, 0.00021791877225, 0.000182179763215, 0.000302951491904, 0.000253203150351, 0.000145111058373, 5.45183138456e-005, 1.10369292088e-005, 4.47898401035e-006, 3.15711349685e-006, 8.4086977381e-008, 2.92719126715e-010, 1.78361856534e-011]
        min: [1.82052254745e-024, 6.66960832778e-024, 1.79457967329e-024, 5.25322553297e-024, 2.0982168111e-023, 1.46242868474e-023, 1.75109797574e-023, 1.11904763012e-023, 3.01024430495e-023, 2.50791140668e-023, 3.87874797607e-023, 5.0184292098e-023, 5.09792682529e-023, 5.05367551504e-023, 4.61029813653e-023, 1.10764552925e-022, 1.00879557803e-022, 1.34115277482e-022, 1.53475930958e-022, 2.24022335452e-022, 2.5674499262e-022, 3.6542051565e-022, 4.74110503235e-022, 6.21624412798e-022, 9.34944111403e-022, 1.52579290197e-021, 2.20368144937e-021, 5.5101346055e-022]
        var: [1.27883998963e-012, 2.49237341876e-008, 2.28314775086e-007, 2.82296554133e-007, 4.02599766858e-007, 3.40713512514e-007, 3.33265063546e-007, 1.93326712861e-007, 3.61472814348e-007, 1.97148608549e-007, 3.24279589847e-008, 5.2124104144e-008, 3.44292168108e-008, 5.10326643166e-008, 6.42477928636e-008, 1.51297030015e-007, 9.87747696968e-008, 8.45421013196e-008, 2.37848198026e-007, 2.06272673609e-007, 3.82171059243e-008, 5.96237059725e-009, 2.71062228219e-010, 9.34161428767e-011, 3.26731419698e-011, 2.62163812252e-014, 3.14128791104e-019, 5.28685622268e-021]
    mfcc:
        mean: [-702.554992676, 101.228599548, -36.4712333679, 45.1857757568, -7.05547618866, -1.29507279396, 1.44259190559, -1.93251264095, 2.85176062584, -3.66551232338, -3.04549622536, -5.7166557312, -2.1413295269]
        cov: [[7431.75585938, -970.832519531, -1310.71411133, 214.415359497, -526.717224121, 5.20821237564, -122.265892029, 40.0124549866, 212.521942139, 230.098693848, 163.464736938, -109.340377808, -101.319892883], [-970.832519531, 1090.7121582, 53.2316055298, 6.92135477066, 104.149200439, -80.2295227051, 30.7046699524, -40.3014411926, -67.9614257813, -117.702339172, -73.2663574219, 2.5434923172, 7.68445110321], [-1310.71411133, 53.2316055298, 569.644897461, -36.4094085693, 112.944602966, -8.80159854889, -24.1964702606, -13.9187698364, -96.2566375732, -76.5881195068, -51.5924835205, 32.9851341248, 26.9595718384], [214.415359497, 6.92135477066, -36.4094085693, 231.150756836, 40.157333374, 40.928565979, -2.96846747398, -27.2332267761, 16.0369777679, -12.8782567978, -17.910451889, -9.68973636627, 8.09839916229], [-526.717224121, 104.149200439, 112.944602966, 40.157333374, 203.612884521, 30.6242542267, -7.1410241127, -34.4952354431, -16.7043590546, -7.16415643692, -40.2836418152, 5.67276906967, 3.25798392296], [5.20821237564, -80.2295227051, -8.80159854889, 40.928565979, 30.6242542267, 118.463249207, 47.6168022156, 26.3893299103, 33.0572128296, 20.3081111908, 9.48739814758, 2.95720934868, 1.37354707718], [-122.265892029, 30.7046699524, -24.1964702606, -2.96846747398, -7.1410241127, 47.6168022156, 147.951416016, 65.5826568604, 31.5093021393, 16.1540813446, 10.9528179169, 6.2122387886, -9.2029800415], [40.0124549866, -40.3014411926, -13.9187698364, -27.2332267761, -34.4952354431, 26.3893299103, 65.5826568604, 107.070556641, 44.2313613892, 28.7079658508, 28.9173927307, 0.63990342617, -5.05162382126], [212.521942139, -67.9614257813, -96.2566375732, 16.0369777679, -16.7043590546, 33.0572128296, 31.5093021393, 44.2313613892, 105.652236938, 65.9544830322, 33.3435173035, -0.144424825907, -8.56563091278], [230.098693848, -117.702339172, -76.5881195068, -12.8782567978, -7.16415643692, 20.3081111908, 16.1540813446, 28.7079658508, 65.9544830322, 122.907730103, 61.2725982666, 10.9774084091, -9.60416412354], [163.464736938, -73.2663574219, -51.5924835205, -17.910451889, -40.2836418152, 9.48739814758, 10.9528179169, 28.9173927307, 33.3435173035, 61.2725982666, 99.5532455444, 32.3552055359, 7.03214979172], [-109.340377808, 2.5434923172, 32.9851341248, -9.68973636627, 5.67276906967, 2.95720934868, 6.2122387886, 0.63990342617, -0.144424825907, 10.9774084091, 32.3552055359, 70.5334472656, 30.2515335083], [-101.319892883, 7.68445110321, 26.9595718384, 8.09839916229, 3.25798392296, 1.37354707718, -9.2029800415, -5.05162382126, -8.56563091278, -9.60416412354, 7.03214979172, 30.2515335083, 69.7166442871]]
        icov: [[0.000323143904097, 0.000194175663637, 0.000647060631309, -0.00033848232124, 0.000460280920379, -9.79703509074e-006, 0.000435572379502, -0.000247350864811, 0.000275289523415, -0.000211853592191, 0.000142197779496, -7.99165209173e-005, 0.000280555133941], [0.000194175663637, 0.0013503942173, 0.000596566940658, -0.000192979568965, -0.000635998498183, 0.0012048514327, -0.000555730483029, -1.31788065119e-005, 5.32926387677e-005, 0.00112235068809, -5.82487132306e-007, -0.000227900993195, 0.000116856346722], [0.000647060631309, 0.000596566940658, 0.00393865210935, -0.000272173143458, -0.000596337311435, 6.23060122962e-006, 0.00133077171631, -0.00196332344785, 0.00253735505976, 0.000362348393537, 0.000977204181254, -0.00162603810895, 0.000412977591623], [-0.00033848232124, -0.000192979568965, -0.000272173143458, 0.00569246523082, -0.00128538289573, -0.00177076447289, -0.000470442930236, 0.00216327025555, -0.00204632431269, 0.00165838561952, -0.000187500976608, 0.000952749105636, -0.00125450582709], [0.000460280920379, -0.000635998498183, -0.000596337311435, -0.00128538289573, 0.00844163354486, -0.00288025522605, 0.00104775058571, 0.00171945500188, 0.000637265911791, -0.00351649452932, 0.00362606439739, -0.00130092643667, 0.000836715102196], [-9.79703509074e-006, 0.0012048514327, 6.23060122962e-006, -0.00177076447289, -0.00288025522605, 0.0128866406158, -0.00382380234078, -0.000825349648949, -0.00232838187367, 0.00109186244663, -0.00111770082731, 0.000427380902693, -0.000835982733406], [0.000435572379502, -0.000555730483029, 0.00133077171631, -0.000470442930236, 0.00104775058571, -0.00382380234078, 0.0117241935804, -0.00671854801476, 0.000828607706353, -0.000791501894128, 0.00181250390597, -0.00255457009189, 0.00223994837143], [-0.000247350864811, -1.31788065119e-005, -0.00196332344785, 0.00216327025555, 0.00171945500188, -0.000825349648949, -0.00671854801476, 0.0177031122148, -0.00621451623738, 0.00108667882159, -0.00333808385767, 0.00297518679872, -0.00108644249849], [0.000275289523415, 5.32926387677e-005, 0.00253735505976, -0.00204632431269, 0.000637265911791, -0.00232838187367, 0.000828607706353, -0.00621451623738, 0.0196456052363, -0.0085473023355, 0.00157451478299, -0.000660885183606, 0.000690090644639], [-0.000211853592191, 0.00112235068809, 0.000362348393537, 0.00165838561952, -0.00351649452932, 0.00109186244663, -0.000791501894128, 0.00108667882159, -0.0085473023355, 0.0185984056443, -0.0089583909139, 0.000522581452969, 0.00154153408948], [0.000142197779496, -5.82487132306e-007, 0.000977204181254, -0.000187500976608, 0.00362606439739, -0.00111770082731, 0.00181250390597, -0.00333808385767, 0.00157451478299, -0.0089583909139, 0.0204428173602, -0.00879399757832, 0.000413796020439], [-7.99165209173e-005, -0.000227900993195, -0.00162603810895, 0.000952749105636, -0.00130092643667, 0.000427380902693, -0.00255457009189, 0.00297518679872, -0.000660885183606, 0.000522581452969, -0.00879399757832, 0.0229260735214, -0.0087124556303], [0.000280555133941, 0.000116856346722, 0.000412977591623, -0.00125450582709, 0.000836715102196, -0.000835982733406, 0.00223994837143, -0.00108644249849, 0.000690090644639, 0.00154153408948, 0.000413796020439, -0.0087124556303, 0.0189549177885]]
    sccoeffs:
        dmean: [0.0644596070051, 0.0476886853576, 0.0369122885168, 0.0285967942327, 0.0206136461347, 0.0187829174101]
        dmean2: [0.105834923685, 0.078477576375, 0.0610758140683, 0.0469514429569, 0.0336388126016, 0.0298139415681]
        dvar: [0.00297774956562, 0.00156418746337, 0.00089583103545, 0.00053137796931, 0.000289366114885, 0.000288856157567]
        dvar2: [0.00779259810224, 0.00411640107632, 0.00239737587981, 0.00140316109173, 0.000723722507246, 0.000694591959473]
        max: [-0.322193682194, -0.397252976894, -0.530862689018, -0.553163170815, -0.599419295788, -0.595719099045]
        mean: [-0.644262313843, -0.737167596817, -0.7823574543, -0.790137052536, -0.793634057045, -0.768651366234]
        median: [-0.649552404881, -0.746250033379, -0.790691018105, -0.794562220573, -0.796431183815, -0.766335785389]
        min: [-0.981724381447, -0.986804902554, -0.997103095055, -0.987356066704, -0.989665031433, -0.964730918407]
        var: [0.0067523708567, 0.00582843879238, 0.00353531655855, 0.00201800744981, 0.00142531562597, 0.00191960600205]
    scvalleys:
        dmean: [0.375473111868, 0.329525262117, 0.284613668919, 0.245407938957, 0.278351068497, 0.307183027267]
        dmean2: [0.623612761497, 0.545728087425, 0.459403187037, 0.390014588833, 0.429259508848, 0.44169151783]
        dvar: [0.0990780591965, 0.0799288973212, 0.061650082469, 0.0527510158718, 0.0971208065748, 0.153714358807]
        dvar2: [0.253524839878, 0.19882260263, 0.140768066049, 0.112072199583, 0.209379464388, 0.297276139259]
        max: [-5.2386469841, -5.08558177948, -4.88723278046, -5.63824653625, -5.5615067482, -7.57507562637]
        mean: [-6.85222244263, -6.68177604675, -6.98678064346, -7.18889904022, -7.23237466812, -9.51573562622]
        median: [-6.69072055817, -6.50410842896, -6.75632047653, -6.78532075882, -6.72400665283, -9.02519416809]
        min: [-28.1791973114, -27.8348731995, -27.7408046722, -27.5627574921, -27.4568576813, -27.3377456665]
        var: [1.24821102619, 1.47652101517, 1.8885384798, 2.29531431198, 2.69290852547, 2.77094292641]

rhythm:
    beats_loudness:
        dmean: 0.00170214346144
        dmean2: 0.00289843371138
        dvar: 2.15105978896e-006
        dvar2: 5.91824891671e-006
        max: 0.0205623935908
        mean: 0.00574777740985
        median: 0.00586658669636
        min: 6.77716016639e-008
        var: 6.33947865936e-006
    bpm: 166.356781006
    bpm_confidence: 0
    first_peak_bpm: 167
    first_peak_spread: 0
    first_peak_weight: 0.665662646294
    onset_rate: 3.29925060272
    second_peak_bpm: 172
    second_peak_spread: 0
    second_peak_weight: 0.237951800227
    beats_loudness_band_ratio:
        dmean: [0.156966716051, 0.111962303519, 0.108516737819, 0.0668179541826, 0.0906235650182, 0.0711732879281]
        dmean2: [0.269281566143, 0.195695444942, 0.188317224383, 0.116985306144, 0.154311239719, 0.125342980027]
        dvar: [0.016328074038, 0.0157336443663, 0.0148403299972, 0.00453476561233, 0.00681570870802, 0.00386069016531]
        dvar2: [0.0419159382582, 0.0441546291113, 0.0392688252032, 0.012509166263, 0.0178408678621, 0.0107960626483]
        max: [0.98815959692, 0.875044345856, 0.739682495594, 0.443099498749, 0.773041069508, 0.746241152287]
        mean: [0.274163782597, 0.149305894971, 0.145770907402, 0.107754439116, 0.194824635983, 0.16499902308]
        median: [0.237292408943, 0.0908170342445, 0.0999506190419, 0.086485825479, 0.180932223797, 0.156813398004]
        min: [0.00582900317386, 0.00394561747089, 0.00402999203652, 6.30286813248e-005, 1.04015452962e-005, 7.69190955907e-006]
        var: [0.0347613468766, 0.0255053583533, 0.0175587572157, 0.00624414673075, 0.0126353343949, 0.00845666136593]
    beats_position: [0.359909296036, 0.719818592072, 1.07972788811, 1.43963718414, 1.79954648018, 2.15945577621, 2.50775504112, 2.85605430603, 3.21596360207, 3.5758728981, 3.92417216301, 4.28408145905, 4.6439909935, 5.00390005112, 5.36380958557, 5.71210861206, 6.07201814651, 6.43192720413, 6.79183673859, 7.1517457962, 7.50004529953, 7.85995435715, 8.2198638916, 8.56816291809, 8.92807197571, 9.287981987, 9.64789104462, 10.0078001022, 10.3560991287, 10.71600914, 11.0759181976, 11.4242172241, 11.7841272354, 12.144036293, 12.5039453506, 12.8638544083, 13.2121543884, 13.572063446, 13.9203624725, 14.2802715302, 14.6401815414, 15.0000905991, 15.3599996567, 15.7199087143, 16.0682086945, 16.4281177521, 16.7880268097, 17.1479358673, 17.5078449249, 17.8677539825, 18.2276649475, 18.575963974, 18.9242630005, 19.2841720581, 19.6440811157, 20.0039901733, 20.363899231, 20.7238082886, 21.0837192535, 21.43201828, 21.7803173065, 22.1402263641, 22.5001354218, 22.8600444794, 23.219953537, 23.5798625946, 23.9397735596, 24.2996826172, 24.6595916748, 25.0078907013, 25.3561897278, 25.7160987854, 26.076007843, 26.435918808, 26.7958278656, 27.1557369232, 27.5040359497, 27.8639450073, 28.2238540649, 28.5837631226, 28.932062149, 29.291973114, 29.6518821716, 30.0117912292, 30.3600902557, 30.7199993134, 31.079908371, 31.4398174286, 31.7881164551, 32.1596374512, 32.5079345703, 32.8562355042, 33.2161445618, 33.5760536194, 33.935962677, 34.2958717346, 34.6441726685, 35.0040817261, 35.3639907837, 35.7238998413, 36.0722007751, 36.4321098328, 36.7804069519, 37.1403160095, 37.5002250671, 37.8601341248, 38.2200431824, 38.5683441162, 38.9282531738, 39.2881622314, 39.6364631653, 39.9963722229, 40.3562812805, 40.7161903381, 41.0760993958, 41.4360084534, 41.795917511, 42.1442184448, 42.492515564, 42.8408164978, 43.2007255554, 43.5722427368, 43.9321517944, 44.2804527283, 44.6403617859, 45.0002708435, 45.3485717773, 45.708480835, 46.0683898926, 46.4282989502, 46.7882080078, 47.1481170654, 47.508026123, 47.8563270569, 48.204624176, 48.5645332336, 48.9244422913, 49.2843513489, 49.6442604065, 49.9925613403, 50.3524703979, 50.7123794556, 51.0722885132, 51.420589447, 51.7804985046, 52.1404075623, 52.5003166199, 52.8602256775, 53.2201347351, 53.5684356689, 53.9283447266, 54.2882537842, 54.6365509033, 54.9964599609, 55.3563690186, 55.7162818909, 56.0761909485, 56.4244880676, 56.7843971252, 57.1443061829, 57.4926071167, 57.8525161743, 58.2124252319, 58.5723342896, 58.9322433472, 59.280544281, 59.6404533386, 60.0003623962, 60.3602714539, 60.7201805115, 61.0684814453, 61.4283905029, 61.7882995605, 62.1482086182, 62.5081176758, 62.8564147949, 63.2163238525, 63.5762329102, 63.924533844, 64.2728347778, 64.6327438354, 64.9926528931, 65.3525619507, 65.7124710083, 66.0723800659, 66.4322891235, 66.7921981812, 67.1521072388, 67.5004043579, 67.8603134155, 68.2202224731, 68.5685272217, 68.9284362793, 69.2883453369, 69.6482543945, 70.0081634521, 70.3680725098, 70.7163696289, 71.0762786865, 71.4361877441, 71.7960968018, 72.1560058594, 72.5043106079, 72.8526077271, 73.2125167847, 73.5840377808, 73.9323348999, 74.280632019, 74.6405410767, 75.0004501343, 75.3603591919, 75.7202682495, 76.068572998, 76.4400863647, 76.7883911133, 77.1483001709, 77.5082092285, 77.8681182861, 78.2280273438, 78.5763244629, 78.9362335205, 79.2961425781, 79.6444396973, 79.9927444458, 80.3526535034, 80.712562561, 81.0724716187, 81.4323806763, 81.7806777954, 82.140586853, 82.5004959106, 82.8604049683, 83.2203140259, 83.5802230835, 83.9401321411, 84.2884368896, 84.6483459473, 85.0082550049, 85.356552124, 85.7164611816, 86.0763702393, 86.4478912354, 86.7961883545, 87.1444854736, 87.5043945313, 87.8643035889, 88.2126083374, 88.572517395, 88.9324264526, 89.2923355103, 89.6522445679, 90.000541687, 90.3604507446, 90.7203598022, 91.0686569214, 91.428565979, 91.788482666, 92.1483917236, 92.4966888428, 92.8565979004, 93.2281188965, 93.5764160156, 93.9247131348, 94.2846221924, 94.64453125, 95.0160522461, 95.3643493652, 95.7126541138, 96.0725631714, 96.432472229, 96.7807693481, 97.1290664673, 97.4889755249, 97.8488845825, 98.1971893311, 98.5454864502, 98.9053955078, 99.2653045654, 99.625213623, 99.9851226807, 100.345031738, 100.704940796, 101.076461792, 101.424758911, 101.784667969, 102.144577026, 102.492874146, 102.852790833, 103.21269989, 103.572608948, 103.932518005, 104.280815125, 104.640724182, 105.00063324, 105.348930359, 105.708839417, 106.068748474, 106.428657532, 106.788566589, 107.136871338, 107.485168457, 107.845077515, 108.204986572, 108.56489563, 108.924804688, 109.284713745, 109.644622803, 110.00453186, 110.364440918, 110.712738037, 111.072654724, 111.432563782, 111.780860901, 112.140769958, 112.500679016, 112.860588074, 113.220497131, 113.56879425, 113.928703308, 114.288612366, 114.636917114, 114.996826172, 115.356735229, 115.716644287, 116.076553345, 116.424850464, 116.784759521, 117.144668579, 117.492965698, 117.852874756, 118.212783813, 118.572692871, 118.932601929, 119.292518616, 119.652427673, 120.000724792, 120.36063385, 120.720542908, 121.068840027, 121.417137146, 121.788658142, 122.136962891, 122.496871948, 122.856781006, 123.216690063, 123.576599121, 123.936508179, 124.284805298, 124.644714355, 125.004623413, 125.364532471, 125.71282959, 126.072738647, 126.432647705, 126.792556763, 127.15246582, 127.500770569, 127.860679626, 128.220581055, 128.568893433, 128.92880249, 129.288711548, 129.648620605, 129.996917725, 130.356826782, 130.71673584, 131.076644897, 131.424942017, 131.784851074, 132.133148193, 132.493057251, 132.852966309, 133.212875366, 133.561172485, 133.921081543, 134.280990601, 134.640899658, 135.000808716, 135.360717773, 135.720626831, 136.068939209, 136.428848267, 136.788757324, 137.148666382, 137.508575439, 137.856872559, 138.216781616, 138.576690674, 138.924987793, 139.284896851, 139.644805908, 140.004714966, 140.364624023, 140.712921143, 141.084442139, 141.432739258, 141.792648315, 142.152557373, 142.500854492, 142.86076355, 143.220672607, 143.568969727, 143.917282104, 144.277191162, 144.63710022, 144.997009277, 145.356918335, 145.716827393, 146.07673645, 146.436645508, 146.796554565, 147.168075562, 147.539596558, 147.922714233, 148.305847168, 148.677368164, 149.060501099, 149.443618774, 149.815139771, 150.186660767, 150.546569824, 150.906478882, 151.277999878, 151.649520874, 152.02104187, 152.392562866, 152.764083862, 153.158813477, 153.55355835, 153.948303223, 154.331420898, 154.691329956, 155.051239014, 155.411148071, 155.794281006, 156.17741394, 156.560546875, 156.943664551, 157.315185547, 157.686706543, 158.046615601, 158.406524658, 158.754821777, 159.114730835, 159.474639893, 159.822952271, 160.17124939, 160.531158447, 160.891067505, 161.250976563, 161.61088562, 161.959182739, 162.319091797, 162.679000854, 163.038909912, 163.39881897, 163.747116089, 164.107025146, 164.466934204, 164.826843262, 165.186752319, 165.535049438, 165.894958496, 166.254867554, 166.603164673, 166.96307373, 167.322982788, 167.682891846, 168.042816162, 168.391113281, 168.751022339, 169.110931396, 169.459228516, 169.819137573, 170.179046631, 170.538955688, 170.898864746, 171.247161865, 171.607070923, 171.96697998, 172.3152771, 172.675186157, 173.035095215, 173.395004272, 173.75491333, 174.103210449, 174.463119507, 174.823028564, 175.171340942, 175.53125, 175.891159058, 176.251068115, 176.610977173, 176.959274292, 177.31918335, 177.679092407, 178.027389526, 178.387298584, 178.747207642, 179.107116699, 179.467025757, 179.815322876, 180.175231934, 180.535140991, 180.895050049, 181.254959106, 181.614868164, 181.963165283, 182.323074341, 182.682983398, 183.042892456, 183.414413452, 183.797546387, 184.180679321, 184.552200317, 184.935317993, 185.318450928, 185.689971924, 186.06149292, 186.421401978, 186.781311035, 187.141220093, 187.50112915, 187.84942627, 188.197723389, 188.569244385, 188.940765381, 189.2890625, 189.637359619, 189.997268677, 190.357177734, 190.705490112, 191.06539917, 191.425308228, 191.785217285, 192.145126343, 192.493423462, 192.85333252, 193.213241577, 193.573150635, 193.921447754, 194.281356812, 194.629653931, 194.989562988, 195.349472046, 195.709381104, 196.069290161, 196.429199219, 196.789108276, 197.137405396, 197.497314453, 197.857223511, 198.205535889, 198.565444946, 198.925354004, 199.285263062, 199.645172119, 199.993469238, 200.364990234, 200.713287354, 201.061584473, 201.409881592, 201.769790649, 202.129699707, 202.489608765, 202.849517822, 203.221038818, 203.569335938, 203.929244995, 204.277542114, 204.625839233, 204.985748291, 205.345672607, 205.705581665, 206.053878784, 206.42539978, 206.785308838, 207.145217896, 207.505126953, 207.853424072, 208.21333313, 208.573242188, 208.933151245, 209.281448364, 209.641357422, 209.989654541, 210.349563599, 210.709472656, 211.069381714, 211.429290771, 211.789199829, 212.137496948, 212.497406006, 212.845703125, 213.205612183, 213.565536499, 213.925445557, 214.285354614, 214.645263672, 214.993560791, 215.353469849, 215.713378906, 216.073287964, 216.433197021, 216.781494141, 217.141403198, 217.501312256, 217.861221313, 218.221130371, 218.581039429, 218.940948486, 219.289245605, 219.649154663, 220.009063721, 220.35736084, 220.717269897, 221.077178955, 221.425476074, 221.785385132, 222.145309448, 222.493606567, 222.853515625, 223.213424683, 223.57333374, 223.921630859, 224.281539917, 224.629837036, 224.989746094, 225.349655151, 225.709564209, 226.069473267, 226.429382324, 226.789291382, 227.149200439, 227.509109497, 227.869018555, 228.228927612, 228.577224731, 228.937133789, 229.297042847, 229.645339966, 230.005249023, 230.36517334, 230.713470459, 231.073379517, 231.433288574, 231.793197632, 232.153106689, 232.524627686, 232.907745361, 233.33732605, 233.790115356, 234.231292725, 234.800170898, 235.334228516, 235.879898071, 236.425567627, 236.982849121, 237.540130615, 238.062576294, 238.585037231, 239.095870972, 239.606704712, 240.117553711, 240.628387451]
