
metadata:
    version:
        essentia: "2.1-beta2"
    audio_properties:
        analysis_sample_rate: 44100
        bitrate: 272
        channels: 2
        equal_loudness: 1
        length: 223.216323853
        replay_gain: -15.9694652557
        downmix: "mix"
    tags:
        album: "American Capitalist"
        artist: "Five Finger Death Punch"
        comment: ""
        date: "2011"
        genre: "Metal"
        title: "Generation Dead"
        tracknumber: "6"

configuration:
    average_loudness:
        compute: 1
        frameSize: 88200
        hopSize: 44100
        silentFrames: "noise"
        windowType: "hann"
    general:
        analysisSampleRate: 44100
        endTime: 2000
        equalLoudness: 1
        nequalLoudness: 0
        shortSound: 0
        startTime: 0
    lowlevel:
        compute: 1
        frameSize: 2048
        hopSize: 1024
        zeroPadding: 0
        silentFrames: "noise"
        windowType: "blackmanharris62"
        mfccStats: ["mean", "cov", "icov"]
        stats: ["mean", "var", "median", "min", "max", "dmean", "dmean2", "dvar", "dvar2"]
    panning:
        compute: 0
        frameSize: 8192
        hopSize: 2048
        zeroPadding: 8192
        silentFrames: "noise"
        windowType: "hann"
        stats: ["copy"]
    rhythm:
        compute: 1
        maxTempo: 208
        minTempo: 40
        method: "degara"
        stats: ["mean", "var", "median", "min", "max", "dmean", "dmean2", "dvar", "dvar2"]
    segmentation:
        compute: 0
        cpw: 5
        inc1: 300
        inc2: 50
        minimumSegmentsLength: 10
        size1: 1000
        size2: 600
    sfx:
        compute: 1
        stats: ["mean", "var", "median", "min", "max", "dmean", "dmean2", "dvar", "dvar2"]
    svm:
        compute: 0
    tonal:
        compute: 1
        frameSize: 4096
        hopSize: 2048
        zeroPadding: 0
        silentFrames: "noise"
        windowType: "blackmanharris62"
        stats: ["mean", "var", "median", "min", "max", "dmean", "dmean2", "dvar", "dvar2"]

lowlevel:
    average_loudness: 0.943602502346
    barkbands_kurtosis:
        dmean: 0.840976297855
        dmean2: 1.39880478382
        dvar: 5.91819238663
        dvar2: 15.2128267288
        max: 106.580482483
        mean: -0.404983758926
        median: -1.1828660965
        min: -1.88667011261
        var: 10.3145341873
    barkbands_skewness:
        dmean: 0.493172049522
        dmean2: 0.809546411037
        dvar: 0.24978095293
        dvar2: 0.675462067127
        max: 8.40026855469
        mean: -0.0527927093208
        median: -0.134548336267
        min: -3.55552005768
        var: 0.854802072048
    barkbands_spread:
        dmean: 6.30981397629
        dmean2: 10.2525625229
        dvar: 34.1336593628
        dvar2: 85.7610168457
        max: 72.1167831421
        mean: 37.2836151123
        median: 38.2616653442
        min: 1.45089888573
        var: 128.696975708
    dissonance:
        dmean: 0.00981868989766
        dmean2: 0.0167308729142
        dvar: 0.000107752501208
        dvar2: 0.000294941273751
        max: 0.500000059605
        mean: 0.483399003744
        median: 0.487493634224
        min: 0.328684449196
        var: 0.000222910137381
    hfc:
        dmean: 2.76385736465
        dmean2: 4.6181178093
        dvar: 11.969575882
        dvar2: 31.5435504913
        max: 42.9422874451
        mean: 9.08521080017
        median: 8.3520154953
        min: 1.14822092264e-016
        var: 31.2159976959
    pitch:
        dmean: 942.859375
        dmean2: 1796.69824219
        dvar: 1804804.125
        dvar2: 4363809.5
        max: 4665.00537109
        mean: 1647.23486328
        median: 510.552947998
        min: 61.1114387512
        var: 2609901
    pitch_instantaneous_confidence:
        dmean: 0.0775587484241
        dmean2: 0.128157570958
        dvar: 0.00427643256262
        dvar2: 0.0108762457967
        max: 0.931878507137
        mean: 0.335185170174
        median: 0.3058989048
        min: 0.105042457581
        var: 0.0167097114027
    pitch_salience:
        dmean: 0.0735310912132
        dmean2: 0.126518547535
        dvar: 0.00545641500503
        dvar2: 0.0156873520464
        max: 0.984907567501
        mean: 0.657386660576
        median: 0.676927030087
        min: 0.0880256071687
        var: 0.00944905634969
    silence_rate_20dB:
        dmean: 0
        dmean2: 0
        dvar: 0
        dvar2: 0
        max: 1
        mean: 1
        median: 1
        min: 1
        var: 0
    silence_rate_30dB:
        dmean: 0
        dmean2: 0
        dvar: 0
        dvar2: 0
        max: 1
        mean: 1
        median: 1
        min: 1
        var: 0
    silence_rate_60dB:
        dmean: 0.0994383171201
        dmean2: 0.198897331953
        dvar: 0.0895507335663
        dvar2: 0.188247710466
        max: 1
        mean: 0.239833593369
        median: 0
        min: 0
        var: 0.182300895452
    spectral_centroid:
        dmean: 353.949615479
        dmean2: 588.932495117
        dvar: 131459.375
        dvar2: 346851.59375
        max: 11387.3007813
        mean: 1826.79980469
        median: 1855.7076416
        min: 96.4249343872
        var: 386438.28125
    spectral_complexity:
        dmean: 4.57457876205
        dmean2: 7.43888473511
        dvar: 20.9176921844
        dvar2: 51.6984405518
        max: 49
        mean: 17.2457618713
        median: 17
        min: 0
        var: 85.0390396118
    spectral_crest:
        dmean: 2.04698562622
        dmean2: 3.43313956261
        dvar: 3.93032336235
        dvar2: 10.4337673187
        max: 25.1477184296
        mean: 6.39511394501
        median: 5.4823641777
        min: 2.25669884682
        var: 8.46980762482
    spectral_decrease:
        dmean: 3.12824766091e-010
        dmean2: 5.05372688142e-010
        dvar: 1.54544144247e-019
        dvar2: 3.91694551119e-019
        max: 4.05965478993e-029
        mean: -1.09073206023e-009
        median: -9.92499638031e-010
        min: -4.24047064129e-009
        var: 3.6838403277e-019
    spectral_energy:
        dmean: 0.00136985036079
        dmean2: 0.0022056712769
        dvar: 2.7637547646e-006
        dvar2: 6.92634421284e-006
        max: 0.0174569617957
        mean: 0.00494072772563
        median: 0.00453227106482
        min: 1.03943984294e-020
        var: 7.3301471275e-006
    spectral_energyband_high:
        dmean: 0.000213979335967
        dmean2: 0.000364237668691
        dvar: 7.43174055629e-008
        dvar2: 2.00512289439e-007
        max: 0.003655775683
        mean: 0.00052646920085
        median: 0.000459852191852
        min: 7.62072774175e-021
        var: 1.45641251947e-007
    spectral_energyband_low:
        dmean: 0.000437241484178
        dmean2: 0.000758951180615
        dvar: 3.55935270591e-007
        dvar2: 9.79783408184e-007
        max: 0.00439827982336
        mean: 0.000646694214083
        median: 0.000468768615974
        min: 5.35277843814e-023
        var: 3.60398104249e-007
    spectral_energyband_middle_high:
        dmean: 0.000737173948437
        dmean2: 0.00120792677626
        dvar: 7.64983042245e-007
        dvar2: 1.9559051907e-006
        max: 0.0132460175082
        mean: 0.00234492775053
        median: 0.00202757911757
        min: 1.47779047607e-021
        var: 2.64318009613e-006
    spectral_energyband_middle_low:
        dmean: 0.000788555073086
        dmean2: 0.00132254592609
        dvar: 1.73451132923e-006
        dvar2: 4.67160180051e-006
        max: 0.014108098112
        mean: 0.00159419071861
        median: 0.00114935683087
        min: 3.00375311566e-022
        var: 2.29520674111e-006
    spectral_flatness_db:
        dmean: 0.0145080257207
        dmean2: 0.0234590917826
        dvar: 0.000232987673371
        dvar2: 0.00054403411923
        max: 0.411147624254
        mean: 0.128051131964
        median: 0.120558418334
        min: 0.0578378364444
        var: 0.00120481150225
    spectral_flux:
        dmean: 0.0082296570763
        dmean2: 0.0123680606484
        dvar: 8.20235072752e-005
        dvar2: 0.000157109418069
        max: 0.116046570241
        mean: 0.0434013679624
        median: 0.0428602099419
        min: 1.01952925269e-010
        var: 0.000287220871542
    spectral_kurtosis:
        dmean: 0.741954267025
        dmean2: 1.18833112717
        dvar: 2.69120812416
        dvar2: 6.14377880096
        max: 74.5522689819
        mean: 2.86223435402
        median: 2.59395837784
        min: -1.19702959061
        var: 5.1453871727
    spectral_rms:
        dmean: 0.000289735500701
        dmean2: 0.000458050431916
        dvar: 1.00297263828e-007
        dvar2: 2.41480989871e-007
        max: 0.00412688497454
        mean: 0.0020906466525
        median: 0.00210279040039
        min: 3.18447416874e-012
        var: 4.49416660331e-007
    spectral_rolloff:
        dmean: 404.379760742
        dmean2: 675.765136719
        dvar: 275493.9375
        dvar2: 641110.5625
        max: 18776.953125
        mean: 3493.28930664
        median: 3660.64453125
        min: 86.1328125
        var: 732279.875
    spectral_skewness:
        dmean: 0.128927916288
        dmean2: 0.203400790691
        dvar: 0.024130102247
        dvar2: 0.0521219745278
        max: 6.52342844009
        mean: 1.29473006725
        median: 1.25908446312
        min: -0.0772064551711
        var: 0.0988365486264
    spectral_spread:
        dmean: 497061.53125
        dmean2: 709561.6875
        dvar: 570875510784
        dvar2: 882518786048
        max: 41232388
        mean: 5526140.5
        median: 5318154
        min: 1205806.625
        var: 2.26111992627e+012
    spectral_strongpeak:
        dmean: 0.387682855129
        dmean2: 0.667216300964
        dvar: 0.452118724585
        dvar2: 1.18829679489
        max: 12.5927038193
        mean: 0.528005599976
        median: 0.183713808656
        min: 1.89044002674e-009
        var: 0.702154099941
    zerocrossingrate:
        dmean: 0.00930979754776
        dmean2: 0.0117112835869
        dvar: 7.80871559982e-005
        dvar2: 0.000106439561932
        max: 0.50537109375
        mean: 0.105222500861
        median: 0.1064453125
        min: 0.0048828125
        var: 0.000667037267704
    barkbands:
        dmean: [3.05867672523e-007, 0.000114774898975, 0.00029827497201, 0.0003266405256, 0.000288992072456, 0.000143237804878, 0.000169980834471, 9.81522243819e-005, 0.000137818817166, 7.48323946027e-005, 5.86914939049e-005, 4.87481593154e-005, 6.00677667535e-005, 5.90979434492e-005, 9.3451810244e-005, 0.000147721264511, 0.000181000737939, 0.000211197824683, 0.000213102262933, 0.000212848812225, 0.000106412677269, 3.56563759851e-005, 6.81725941831e-006, 3.42661724062e-006, 2.3573281851e-006, 6.74948807955e-008, 3.06430547603e-010]
        dmean2: [4.59317732293e-007, 0.000194838663447, 0.000523556256667, 0.000575846934225, 0.000499812944327, 0.000242258814978, 0.000270129647106, 0.000159904666361, 0.000222594186198, 0.000122361976537, 9.28020454012e-005, 7.90585108916e-005, 9.83151549008e-005, 9.5138377219e-005, 0.000153050714289, 0.000244466093136, 0.000300824787701, 0.000365308282198, 0.000356349279173, 0.000358745048288, 0.000183107506018, 6.21619110461e-005, 1.14713311632e-005, 5.45266902918e-006, 3.67864572581e-006, 1.07162769325e-007, 5.22010268345e-010]
        dvar: [2.87394213245e-013, 2.09776747084e-008, 2.24768484713e-007, 4.93283550895e-007, 3.3693009982e-007, 8.7057337339e-008, 1.36973497433e-007, 4.32992912636e-008, 7.927136636e-008, 2.46581279839e-008, 2.50926284195e-008, 9.8444443708e-009, 1.02480504083e-008, 1.05543556117e-008, 3.02891329795e-008, 7.78958195724e-008, 7.70815162809e-008, 7.97583936674e-008, 7.76747697273e-008, 8.7700030349e-008, 1.99376106735e-008, 2.52921927846e-009, 8.32854687993e-011, 4.7296517397e-011, 2.87265732035e-011, 1.64403335238e-014, 1.70225730902e-019]
        dvar2: [5.70613272344e-013, 5.8428419436e-008, 6.20070295554e-007, 1.35784944177e-006, 9.41620214689e-007, 2.17548333126e-007, 3.22659531093e-007, 9.92135369415e-008, 1.93930020487e-007, 6.18059488033e-008, 5.72909328866e-008, 2.39097381893e-008, 2.57752574839e-008, 2.61276049685e-008, 8.10583671296e-008, 2.06292696703e-007, 1.94967284983e-007, 2.18445933342e-007, 2.03205402727e-007, 2.33872441413e-007, 5.37049977822e-008, 7.08063518928e-009, 2.22036625197e-010, 9.00627003531e-011, 6.1605588686e-011, 3.72040993932e-014, 4.20917653088e-019]
        max: [5.06586093252e-006, 0.00118480552919, 0.00311358715408, 0.00634173862636, 0.00519175641239, 0.00631518289447, 0.00695321382955, 0.00544156227261, 0.00748369889334, 0.0035296776332, 0.00389271089807, 0.00229371571913, 0.00196104706265, 0.00162801262923, 0.00406487798318, 0.00674308463931, 0.00729062780738, 0.00438238959759, 0.00488360226154, 0.0101020820439, 0.00278070406057, 0.000552719866391, 0.000139903611853, 0.000242154317675, 0.000110246306576, 2.45703063229e-006, 9.54072909565e-009]
        mean: [3.87774747423e-007, 0.000168212631252, 0.000347282388248, 0.000323313783156, 0.000366243650205, 0.000209990757867, 0.000245996838203, 0.000160005511134, 0.000238619104493, 0.000112554575026, 9.06306231627e-005, 7.97327811597e-005, 9.47552398429e-005, 0.000104627717519, 0.000173522072146, 0.000280009262497, 0.000365540501662, 0.000374833354726, 0.000435471185483, 0.00044548403821, 0.00022842027829, 6.71557791065e-005, 1.44067771544e-005, 8.32426030684e-006, 5.05757134306e-006, 1.51518989355e-007, 5.42625333555e-010]
        median: [1.50168972368e-007, 0.000123066798551, 0.00020620576106, 0.000122797864606, 0.000195696135052, 0.000100029625173, 9.73247952061e-005, 6.74553812132e-005, 8.99612859939e-005, 4.09680251323e-005, 2.70963209914e-005, 3.03833730868e-005, 4.77451540064e-005, 5.48218813492e-005, 9.27554792725e-005, 0.000171618914464, 0.000262430607108, 0.000298457307508, 0.00032474816544, 0.000375100120436, 0.000182789255632, 4.78815563838e-005, 1.09948387035e-005, 6.1390328483e-006, 3.33356092597e-006, 1.0812851059e-007, 4.16204459786e-010]
        min: [7.32141175047e-024, 1.0090499699e-023, 1.86861710914e-023, 8.58736468711e-024, 6.9592614861e-023, 2.70433508996e-023, 2.23006339404e-023, 1.83826663245e-023, 1.77756063035e-023, 3.63937728517e-023, 6.42066260098e-023, 6.63957781307e-023, 3.97230530171e-023, 8.36234274499e-023, 9.80922093025e-023, 1.38708745113e-022, 1.66996173837e-022, 1.81470976276e-022, 2.32641644272e-022, 2.11563003206e-022, 4.01323683283e-022, 5.17161709924e-022, 5.82896769715e-022, 7.38132327497e-022, 1.31505258602e-021, 1.47217802734e-021, 2.203588957e-021]
        var: [3.96686481406e-013, 2.66344972744e-008, 1.96144071651e-007, 3.94259387804e-007, 2.95671725326e-007, 1.30587636704e-007, 2.18941224261e-007, 1.22832943816e-007, 2.2410453937e-007, 4.82232920263e-008, 5.39204663141e-008, 2.12933777277e-008, 1.86230977306e-008, 2.27934453534e-008, 6.25828491252e-008, 1.4573373619e-007, 1.65880180703e-007, 1.09955863081e-007, 1.67786140537e-007, 1.44496269172e-007, 4.06305886713e-008, 3.95151511512e-009, 1.6593500185e-010, 1.30485650063e-010, 5.29473548339e-011, 3.07512126657e-014, 3.19614808023e-019]
    frequency_bands:
        dmean: [3.05867672523e-007, 0.000114774898975, 0.00029827497201, 0.0003266405256, 0.000288992072456, 0.000143237804878, 0.000169980834471, 9.81522243819e-005, 0.000137818817166, 7.48323946027e-005, 5.86914939049e-005, 4.87481593154e-005, 6.00677667535e-005, 5.90979434492e-005, 9.3451810244e-005, 0.000147721264511, 0.000181000737939, 0.000211197824683, 0.000213102262933, 0.000212848812225, 0.000106412677269, 3.56563759851e-005, 6.81725941831e-006, 3.42661724062e-006, 2.3573281851e-006, 6.74948807955e-008, 3.06430547603e-010, 5.71752506451e-011]
        dmean2: [4.59317732293e-007, 0.000194838663447, 0.000523556256667, 0.000575846934225, 0.000499812944327, 0.000242258814978, 0.000270129647106, 0.000159904666361, 0.000222594186198, 0.000122361976537, 9.28020454012e-005, 7.90585108916e-005, 9.83151549008e-005, 9.5138377219e-005, 0.000153050714289, 0.000244466093136, 0.000300824787701, 0.000365308282198, 0.000356349279173, 0.000358745048288, 0.000183107506018, 6.21619110461e-005, 1.14713311632e-005, 5.45266902918e-006, 3.67864572581e-006, 1.07162769325e-007, 5.22010268345e-010, 1.06482427042e-010]
        dvar: [2.87394213245e-013, 2.09776747084e-008, 2.24768484713e-007, 4.93283550895e-007, 3.3693009982e-007, 8.7057337339e-008, 1.36973497433e-007, 4.32992912636e-008, 7.927136636e-008, 2.46581279839e-008, 2.50926284195e-008, 9.8444443708e-009, 1.02480504083e-008, 1.05543556117e-008, 3.02891329795e-008, 7.78958195724e-008, 7.70815162809e-008, 7.97583936674e-008, 7.76747697273e-008, 8.7700030349e-008, 1.99376106735e-008, 2.52921927846e-009, 8.32854687993e-011, 4.7296517397e-011, 2.87265732035e-011, 1.64403335238e-014, 1.70225730902e-019, 6.5296744943e-021]
        dvar2: [5.70613272344e-013, 5.8428419436e-008, 6.20070295554e-007, 1.35784944177e-006, 9.41620214689e-007, 2.17548333126e-007, 3.22659531093e-007, 9.92135369415e-008, 1.93930020487e-007, 6.18059488033e-008, 5.72909328866e-008, 2.39097381893e-008, 2.57752574839e-008, 2.61276049685e-008, 8.10583671296e-008, 2.06292696703e-007, 1.94967284983e-007, 2.18445933342e-007, 2.03205402727e-007, 2.33872441413e-007, 5.37049977822e-008, 7.08063518928e-009, 2.22036625197e-010, 9.00627003531e-011, 6.1605588686e-011, 3.72040993932e-014, 4.20917653088e-019, 2.07579553004e-020]
        max: [5.06586093252e-006, 0.00118480552919, 0.00311358715408, 0.00634173862636, 0.00519175641239, 0.00631518289447, 0.00695321382955, 0.00544156227261, 0.00748369889334, 0.0035296776332, 0.00389271089807, 0.00229371571913, 0.00196104706265, 0.00162801262923, 0.00406487798318, 0.00674308463931, 0.00729062780738, 0.00438238959759, 0.00488360226154, 0.0101020820439, 0.00278070406057, 0.000552719866391, 0.000139903611853, 0.000242154317675, 0.000110246306576, 2.45703063229e-006, 9.54072909565e-009, 8.02672761591e-010]
        mean: [3.87774747423e-007, 0.000168212631252, 0.000347282388248, 0.000323313783156, 0.000366243650205, 0.000209990757867, 0.000245996838203, 0.000160005511134, 0.000238619104493, 0.000112554575026, 9.06306231627e-005, 7.97327811597e-005, 9.47552398429e-005, 0.000104627717519, 0.000173522072146, 0.000280009262497, 0.000365540501662, 0.000374833354726, 0.000435471185483, 0.00044548403821, 0.00022842027829, 6.71557791065e-005, 1.44067771544e-005, 8.32426030684e-006, 5.05757134306e-006, 1.51518989355e-007, 5.42625333555e-010, 4.43236385095e-011]
        median: [1.50168972368e-007, 0.000123066798551, 0.00020620576106, 0.000122797864606, 0.000195696135052, 0.000100029625173, 9.73247952061e-005, 6.74553812132e-005, 8.99612859939e-005, 4.09680251323e-005, 2.70963209914e-005, 3.03833730868e-005, 4.77451540064e-005, 5.48218813492e-005, 9.27554792725e-005, 0.000171618914464, 0.000262430607108, 0.000298457307508, 0.00032474816544, 0.000375100120436, 0.000182789255632, 4.78815563838e-005, 1.09948387035e-005, 6.1390328483e-006, 3.33356092597e-006, 1.0812851059e-007, 4.16204459786e-010, 1.65086954523e-011]
        min: [7.32141175047e-024, 1.0090499699e-023, 1.86861710914e-023, 8.58736468711e-024, 6.9592614861e-023, 2.70433508996e-023, 2.23006339404e-023, 1.83826663245e-023, 1.77756063035e-023, 3.63937728517e-023, 6.42066260098e-023, 6.63957781307e-023, 3.97230530171e-023, 8.36234274499e-023, 9.80922093025e-023, 1.38708745113e-022, 1.66996173837e-022, 1.81470976276e-022, 2.32641644272e-022, 2.11563003206e-022, 4.01323683283e-022, 5.17161709924e-022, 5.82896769715e-022, 7.38132327497e-022, 1.31505258602e-021, 1.47217802734e-021, 2.203588957e-021, 6.84614691023e-022]
        var: [3.96686481406e-013, 2.66344972744e-008, 1.96144071651e-007, 3.94259387804e-007, 2.95671725326e-007, 1.30587636704e-007, 2.18941224261e-007, 1.22832943816e-007, 2.2410453937e-007, 4.82232920263e-008, 5.39204663141e-008, 2.12933777277e-008, 1.86230977306e-008, 2.27934453534e-008, 6.25828491252e-008, 1.4573373619e-007, 1.65880180703e-007, 1.09955863081e-007, 1.67786140537e-007, 1.44496269172e-007, 4.06305886713e-008, 3.95151511512e-009, 1.6593500185e-010, 1.30485650063e-010, 5.29473548339e-011, 3.07512126657e-014, 3.19614808023e-019, 5.17632865619e-021]
    mfcc:
        mean: [-693.240234375, 86.8949737549, -35.7900810242, 54.4500427246, -5.65285587311, -4.6034989357, 0.581060886383, -3.41516637802, 4.81940364838, -0.0361078940332, -0.998416781425, -1.56649029255, -2.89795923233]
        cov: [[6206.88671875, 387.612976074, -639.815673828, 518.452697754, -161.697219849, -71.77734375, -179.039428711, -60.5714263916, 75.2622833252, -56.9961395264, -13.1371822357, -6.98107671738, -36.1782302856], [387.612976074, 592.389770508, -55.1587524414, 32.6099624634, -51.0954284668, -18.3503494263, 25.9956417084, 5.69493627548, -3.6588037014, 7.82331037521, 27.0710105896, 6.74803352356, -11.3179750443], [-639.815673828, -55.1587524414, 431.802825928, -21.0395412445, 76.2711257935, 65.480178833, 42.0824661255, 44.4101791382, -25.5450057983, 26.9951534271, 40.7089958191, 18.6175479889, -23.3997497559], [518.452697754, 32.6099624634, -21.0395412445, 270.851043701, 68.8279953003, 11.9761333466, -19.2259578705, -19.8050708771, 21.27784729, 7.19645166397, -6.70577573776, 4.79308605194, -19.5280189514], [-161.697219849, -51.0954284668, 76.2711257935, 68.8279953003, 186.121459961, 59.1163024902, -15.7881717682, -23.6720561981, 4.72352409363, 40.5516967773, 17.5612163544, 6.39179706573, -11.749994278], [-71.77734375, -18.3503494263, 65.480178833, 11.9761333466, 59.1163024902, 133.707336426, 49.096572876, 24.0292682648, 8.69604969025, 15.0831890106, 19.5466651917, 13.6543521881, -3.6612842083], [-179.039428711, 25.9956417084, 42.0824661255, -19.2259578705, -15.7881717682, 49.096572876, 138.891555786, 67.450340271, 15.2802295685, 6.43785905838, 7.65060091019, 19.4301986694, -4.65593957901], [-60.5714263916, 5.69493627548, 44.4101791382, -19.8050708771, -23.6720561981, 24.0292682648, 67.450340271, 105.16658783, 25.2896537781, 11.4307289124, 22.9745044708, 10.7562761307, -4.74901294708], [75.2622833252, -3.6588037014, -25.5450057983, 21.27784729, 4.72352409363, 8.69604969025, 15.2802295685, 25.2896537781, 72.5389099121, 28.2191562653, 3.98360800743, 8.74587249756, -3.20407366753], [-56.9961395264, 7.82331037521, 26.9951534271, 7.19645166397, 40.5516967773, 15.0831890106, 6.43785905838, 11.4307289124, 28.2191562653, 79.3795013428, 46.2164230347, 10.126830101, -9.35948181152], [-13.1371822357, 27.0710105896, 40.7089958191, -6.70577573776, 17.5612163544, 19.5466651917, 7.65060091019, 22.9745044708, 3.98360800743, 46.2164230347, 91.5320510864, 27.1116924286, -3.25781655312], [-6.98107671738, 6.74803352356, 18.6175479889, 4.79308605194, 6.39179706573, 13.6543521881, 19.4301986694, 10.7562761307, 8.74587249756, 10.126830101, 27.1116924286, 65.0317459106, 19.281496048], [-36.1782302856, -11.3179750443, -23.3997497559, -19.5280189514, -11.749994278, -3.6612842083, -4.65593957901, -4.74901294708, -3.20407366753, -9.35948181152, -3.25781655312, 19.281496048, 60.8071365356]]
        icov: [[0.000262978544924, -9.78089155979e-005, 0.000318528123898, -0.000512503960636, 0.000355217722245, -0.000238162348978, 0.000422038836405, -0.00015453119704, -6.85839986545e-005, 0.00014246738283, -0.000153909801156, -0.000113580579637, 0.00021687586559], [-9.78089155979e-005, 0.00190035894047, 0.000115078255476, -0.000222238901188, 0.000505979347508, 0.000271307362709, -0.000760555849411, 0.000382051744964, 0.000426749757025, -0.00029469106812, -0.000698982912581, 2.85680998786e-005, 0.000284762965748], [0.000318528123898, 0.000115078255476, 0.00350586813875, -0.000252677738899, -0.000743272714317, -0.000893828400876, 0.0003878903226, -0.00175586075056, 0.00203261477873, -0.000382464757422, -0.00035423974623, -0.00104906049091, 0.00153594044968], [-0.000512503960636, -0.000222238901188, -0.000252677738899, 0.00557018211111, -0.00267498521134, 0.000523789494764, -0.00030477339169, 0.000575503741857, -0.00140513235237, 0.000745981524233, 0.000770159298554, -0.000833712460008, 0.00122798269149], [0.000355217722245, 0.000505979347508, -0.000743272714317, -0.00267498521134, 0.00983786117285, -0.0041623772122, 0.00196273927577, 0.00213130447082, 0.000713186571375, -0.00457104900852, 0.000804876850452, -0.000558122177608, 0.000681654084474], [-0.000238162348978, 0.000271307362709, -0.000893828400876, 0.000523789494764, -0.0041623772122, 0.0113402083516, -0.00447241822258, 6.74089387758e-005, -0.00102499849163, 0.00172453047708, -0.00191791483667, 0.000406803854275, -0.000745952886064], [0.000422038836405, -0.000760555849411, 0.0003878903226, -0.00030477339169, 0.00196273927577, -0.00447241822258, 0.0135450437665, -0.00743705499917, 0.000808795040939, -0.00138005462941, 0.00328470300883, -0.00388066936284, 0.00196391600184], [-0.00015453119704, 0.000382051744964, -0.00175586075056, 0.000575503741857, 0.00213130447082, 6.74089387758e-005, -0.00743705499917, 0.0175901483744, -0.00615353416651, 0.00215967954136, -0.00499123521149, 0.0021323824767, -0.000226862088311], [-6.85839986545e-005, 0.000426749757025, 0.00203261477873, -0.00140513235237, 0.000713186571375, -0.00102499849163, 0.000808795040939, -0.00615353416651, 0.0212492123246, -0.0103759849444, 0.0058241840452, -0.00357374921441, 0.00099483539816], [0.00014246738283, -0.00029469106812, -0.000382464757422, 0.000745981524233, -0.00457104900852, 0.00172453047708, -0.00138005462941, 0.00215967954136, -0.0103759849444, 0.0255310349166, -0.0127488644794, 0.00259719323367, 0.00128229300026], [-0.000153909801156, -0.000698982912581, -0.00035423974623, 0.000770159298554, 0.000804876850452, -0.00191791483667, 0.00328470300883, -0.00499123521149, 0.0058241840452, -0.0127488644794, 0.0211320947856, -0.00786160305142, 0.00176069501322], [-0.000113580579637, 2.85680998786e-005, -0.00104906049091, -0.000833712460008, -0.000558122177608, 0.000406803854275, -0.00388066936284, 0.0021323824767, -0.00357374921441, 0.00259719323367, -0.00786160305142, 0.0222926419228, -0.00822623167187], [0.00021687586559, 0.000284762965748, 0.00153594044968, 0.00122798269149, 0.000681654084474, -0.000745952886064, 0.00196391600184, -0.000226862088311, 0.00099483539816, 0.00128229300026, 0.00176069501322, -0.00822623167187, 0.020784959197]]
    sccoeffs:
        dmean: [0.0643117576838, 0.0473944358528, 0.0382522381842, 0.0281843002886, 0.0190864615142, 0.0170632526278]
        dmean2: [0.108584992588, 0.0796349495649, 0.0635859742761, 0.0470241717994, 0.0318549275398, 0.0276870466769]
        dvar: [0.00302699534222, 0.00144719146192, 0.000937354401685, 0.000512174272444, 0.00023957900703, 0.000224444214837]
        dvar2: [0.0083195110783, 0.00390820857137, 0.00251372531056, 0.00135631207377, 0.000648529210594, 0.000561202061363]
        max: [-0.342986285686, -0.366966128349, -0.405355542898, -0.457068771124, -0.555044949055, -0.539993703365]
        mean: [-0.654227793217, -0.771483361721, -0.793911755085, -0.799544155598, -0.805224657059, -0.766403794289]
        median: [-0.661068201065, -0.780209422112, -0.804222106934, -0.808215141296, -0.808538019657, -0.766661763191]
        min: [-0.964401900768, -0.969589710236, -0.979584932327, -0.97391974926, -0.975096523762, -0.960789620876]
        var: [0.00578524917364, 0.00499554164708, 0.00382661237381, 0.00232811225578, 0.00105730060022, 0.00131682283245]
    scvalleys:
        dmean: [0.378793686628, 0.343008428812, 0.31569096446, 0.254982322454, 0.236192017794, 0.222944825888]
        dmean2: [0.637642562389, 0.572814822197, 0.511150717735, 0.404637217522, 0.373902916908, 0.337500065565]
        dvar: [0.099435031414, 0.0875323340297, 0.0803981199861, 0.0594121813774, 0.0716658309102, 0.0870810672641]
        dvar2: [0.251412093639, 0.209946900606, 0.180976331234, 0.116540983319, 0.140056475997, 0.157419607043]
        max: [-5.36777353287, -4.74331569672, -5.02477788925, -5.59261751175, -5.51255273819, -7.36897182465]
        mean: [-6.87421417236, -6.58918523788, -7.1077337265, -7.12547683716, -6.80063915253, -9.19442939758]
        median: [-6.56273603439, -6.39200401306, -6.94374704361, -6.8976764679, -6.50939178467, -8.94250488281]
        min: [-27.336856842, -27.2451534271, -27.058599472, -27.2110080719, -27.3541889191, -27.3102436066]
        var: [2.51461529732, 1.79066097736, 1.66541409492, 1.57640969753, 1.52483570576, 1.60284483433]

rhythm:
    beats_loudness:
        dmean: 0.00175154872704
        dmean2: 0.00304815592244
        dvar: 2.32356546803e-006
        dvar2: 6.82821018927e-006
        max: 0.014846932143
        mean: 0.00590210082009
        median: 0.00579522270709
        min: 5.21585552526e-012
        var: 6.17100522504e-006
    bpm: 178.205856323
    bpm_confidence: 0
    first_peak_bpm: 178
    first_peak_spread: 0
    first_peak_weight: 0.64555054903
    onset_rate: 3.18525147438
    second_peak_bpm: 185
    second_peak_spread: 0
    second_peak_weight: 0.282051295042
    beats_loudness_band_ratio:
        dmean: [0.15735886991, 0.0695942118764, 0.0893455669284, 0.0465175658464, 0.106910005212, 0.0762887522578]
        dmean2: [0.267339259386, 0.118842720985, 0.153994679451, 0.0797602310777, 0.182865589857, 0.130143478513]
        dvar: [0.0171773321927, 0.00593437347561, 0.00986256916076, 0.00259228795767, 0.0103102726862, 0.00496671581641]
        dvar2: [0.0462901182473, 0.0159654635936, 0.0262870527804, 0.00743017112836, 0.0293295104057, 0.0139741506428]
        max: [0.869508326054, 0.588669598103, 0.692298591137, 0.397608965635, 0.833101332188, 0.65483212471]
        mean: [0.323295176029, 0.0889621675014, 0.128509104252, 0.0711353197694, 0.228582307696, 0.191123232245]
        median: [0.331534802914, 0.0656820684671, 0.0846394076943, 0.0528859496117, 0.203916817904, 0.170486971736]
        min: [0, 0, 0, 0, 0, 0]
        var: [0.0393790118396, 0.00628108996898, 0.0138726057485, 0.00354801281355, 0.0168038215488, 0.00805954355747]
    beats_position: [0.348299324512, 0.708208620548, 1.05650794506, 1.4164172411, 1.77632653713, 2.13623571396, 2.48453521729, 2.82122445107, 3.15791368484, 3.49460315704, 3.83129239082, 4.15637159348, 4.48145103455, 4.81814050674, 5.15482997894, 5.47990942001, 5.81659841537, 6.15328788757, 6.48997735977, 6.82666635513, 7.1517457962, 7.4884352684, 7.8251247406, 8.16181373596, 8.498503685, 8.82358264923, 9.16027164459, 9.4853515625, 9.81043052673, 10.1471195221, 10.47219944, 10.8088884354, 11.1339683533, 11.4706573486, 11.7957363129, 12.1324262619, 12.4691152573, 12.8058052063, 13.1424942017, 13.4675731659, 13.8042631149, 14.1409521103, 14.4660310745, 14.7911109924, 15.1277999878, 15.4644899368, 15.8011789322, 16.1378688812, 16.4745578766, 16.8112468719, 17.1363258362, 17.4730148315, 17.8097057343, 18.1463947296, 18.483083725, 18.8081626892, 19.1332416534, 19.4815406799, 19.8066215515, 20.1317005157, 20.4683895111, 20.7934684753, 21.1301574707, 21.4668483734, 21.8035373688, 22.1402263641, 22.4769153595, 22.8136043549, 23.1386852264, 23.4753742218, 23.8120632172, 24.1487522125, 24.4738311768, 24.7989120483, 25.1356010437, 25.4606800079, 25.7973690033, 26.1340579987, 26.470746994, 26.8074378967, 27.1441268921, 27.4692058563, 27.8058948517, 28.142583847, 28.4676647186, 28.804353714, 29.1410427094, 29.4661216736, 29.8028106689, 30.1394996643, 30.476190567, 30.8128795624, 31.1495685577, 31.474647522, 31.8113365173, 32.1364173889, 32.4731063843, 32.8097953796, 33.1348762512, 33.4715652466, 33.8082542419, 34.1333312988, 34.4700202942, 34.8067131042, 35.1317901611, 35.4684791565, 35.8051681519, 36.1302490234, 36.4669380188, 36.8036270142, 37.1287078857, 37.4653968811, 37.8020858765, 38.1387748718, 38.4754638672, 38.8121528625, 39.1488418579, 39.4739227295, 39.8106117249, 40.1473007202, 40.4723815918, 40.8090705872, 41.1457595825, 41.4708366394, 41.8075294495, 42.1442184448, 42.4692955017, 42.7943763733, 43.1310653687, 43.467754364, 43.7928352356, 44.129524231, 44.4662132263, 44.8029022217, 45.1279792786, 45.4646720886, 45.801361084, 46.1380500793, 46.4631271362, 46.7998161316, 47.1365089417, 47.4615859985, 47.7866668701, 48.1233558655, 48.4600448608, 48.7967338562, 49.1334228516, 49.4701118469, 49.8068008423, 50.1318817139, 50.4685707092, 50.8052597046, 51.1419487, 51.4786376953, 51.8037185669, 52.1287956238, 52.4654884338, 52.8021774292, 53.1388664246, 53.4755554199, 53.8006324768, 54.1257133484, 54.4624023438, 54.7990913391, 55.1241722107, 55.4608612061, 55.7975502014, 56.1458511353, 56.4709281921, 56.7960090637, 57.1326980591, 57.4693870544, 57.794467926, 58.1311569214, 58.4678459167, 58.8161430359, 59.1528320313, 59.4895210266, 59.8146018982, 60.1396827698, 60.4763717651, 60.8130607605, 61.1381378174, 61.4748306274, 61.8115196228, 62.1365966797, 62.473285675, 62.8099746704, 63.135055542, 63.4717445374, 63.8084335327, 64.1451263428, 64.4818115234, 64.806892395, 65.1319732666, 65.4802703857, 65.8169631958, 66.1536483765, 66.478729248, 66.8038101196, 67.1404953003, 67.4771881104, 67.8022689819, 68.1389541626, 68.4756469727, 68.8123321533, 69.1490249634, 69.474105835, 69.7991790771, 70.1358718872, 70.4725646973, 70.8092498779, 71.145942688, 71.4710159302, 71.7960968018, 72.1327896118, 72.4694747925, 72.8061676025, 73.1428527832, 73.4679336548, 73.8046264648, 74.1413116455, 74.4780044556, 74.8146896362, 75.1397705078, 75.4648513794, 75.8015441895, 76.1382293701, 76.4749221802, 76.8116073608, 77.1366882324, 77.4733810425, 77.8100662231, 78.1351470947, 78.4602279663, 78.796913147, 79.133605957, 79.4702911377, 79.8069839478, 80.1436691284, 80.4803619385, 80.8054428101, 81.1421279907, 81.4788208008, 81.8039016724, 82.140586853, 82.4772796631, 82.8023605347, 83.1390457153, 83.4757385254, 83.8008117676, 84.1375045776, 84.4741897583, 84.8108825684, 85.1475753784, 85.4842605591, 85.8093414307, 86.1460266113, 86.4711074829, 86.7961883545, 87.1328811646, 87.4695663452, 87.8062591553, 88.1313400269, 88.4680252075, 88.8047180176, 89.1414031982, 89.4664840698, 89.8031692505, 90.1398620605, 90.4649429321, 90.8016281128, 91.1383209229, 91.4634017944, 91.788482666, 92.1251678467, 92.4618606567, 92.7985458374, 93.1352386475, 93.4719238281, 93.8086166382, 94.1336975098, 94.4703826904, 94.795463562, 95.1321487427, 95.4688415527, 95.8055343628, 96.130607605, 96.467300415, 96.8039855957, 97.1290664673, 97.4657592773, 97.802444458, 98.1391372681, 98.4758224487, 98.8125152588, 99.1492080688, 99.474281311, 99.7993621826, 100.136054993, 100.472740173, 100.809432983, 101.146118164, 101.471199036, 101.807891846, 102.144577026, 102.469657898, 102.806350708, 103.143035889, 103.46811676, 103.793197632, 104.129882813, 104.466575623, 104.803260803, 105.128341675, 105.465034485, 105.801719666, 106.138412476, 106.463493347, 106.800178528, 107.136871338, 107.46194458, 107.79863739, 108.1353302, 108.472015381, 108.808708191, 109.145393372, 109.482086182, 109.807167053, 110.132240295, 110.457321167, 110.794013977, 111.130699158, 111.467391968, 111.804077148, 112.12915802, 112.46585083, 112.802536011, 113.127616882, 113.464309692, 113.800994873, 114.126075745, 114.462760925, 114.799453735, 115.136146545, 115.472831726, 115.809524536, 116.146209717, 116.482902527, 116.807983398, 117.144668579, 117.469749451, 117.794830322, 118.131515503, 118.468208313, 118.793289185, 119.129974365, 119.466667175, 119.803352356, 120.128433228, 120.465126038, 120.801811218, 121.138504028, 121.463577271, 121.800270081, 122.136962891, 122.473648071, 122.810340881, 123.135414124, 123.472106934, 123.808792114, 124.145484924, 124.482177734, 124.807250977, 125.132331848, 125.469024658, 125.805709839, 126.142402649, 126.47908783, 126.804168701, 127.140861511, 127.477546692, 127.802627563, 128.139312744, 128.476013184, 128.812698364, 129.149383545, 129.474472046, 129.799545288, 130.136230469, 130.472915649, 130.809616089, 131.14630127, 131.471374512, 131.808074951, 132.144760132, 132.469833374, 132.806533813, 133.143218994, 133.468292236, 133.804992676, 134.141677856, 134.478363037, 134.815048218, 135.140136719, 135.465209961, 135.801895142, 136.138595581, 136.475280762, 136.811965942, 137.137054443, 137.473739624, 137.810424805, 138.135513306, 138.460586548, 138.797271729, 139.133972168, 139.470657349, 139.807342529, 140.13243103, 140.457504272, 140.794189453, 141.130874634, 141.467575073, 141.792648315, 142.129333496, 142.466033936, 142.802719116, 143.127792358, 143.464492798, 143.801177979, 144.137863159, 144.47454834, 144.799636841, 145.136322021, 145.473007202, 145.798095703, 146.134780884, 146.471466064, 146.796554565, 147.121627808, 147.458312988, 147.795013428, 148.131698608, 148.468383789, 148.805084229, 149.141769409, 149.47845459, 149.815139771, 150.140228271, 150.476913452, 150.813598633, 151.138687134, 151.463760376, 151.800445557, 152.137145996, 152.462219238, 152.798904419, 153.135604858, 153.472290039, 153.80897522, 154.134063721, 154.470748901, 154.807434082, 155.155731201, 155.480819702, 155.817504883, 156.154190063, 156.479278564, 156.804351807, 157.129425049, 157.466125488, 157.79119873, 158.127883911, 158.452972412, 158.789657593, 159.126342773, 159.463043213, 159.799728394, 160.136413574, 160.473098755, 160.798187256, 161.123260498, 161.459945679, 161.796646118, 162.12171936, 162.470016479, 162.79510498, 163.131790161, 163.468475342, 163.793563843, 164.118637085, 164.455322266, 164.792022705, 165.140319824, 165.488616943, 165.836914063, 166.185211182, 166.568344116, 166.939865112, 167.311386108, 167.706115723, 168.135681152, 168.553649902, 168.971603394, 169.389572144, 169.819137573, 170.237091064, 170.666656494, 171.014968872, 171.37487793, 171.734786987, 172.083084106, 172.431381226, 172.779678345, 173.127975464, 173.464660645, 173.801361084, 174.126434326, 174.463119507, 174.799819946, 175.136505127, 175.473190308, 175.809890747, 176.146575928, 176.47164917, 176.808334351, 177.14503479, 177.470108032, 177.806793213, 178.143493652, 178.480178833, 178.816864014, 179.141952515, 179.467025757, 179.803710938, 180.140411377, 180.477096558, 180.813781738, 181.138870239, 181.47555542, 181.812240601, 182.137313843, 182.462402344, 182.799087524, 183.135772705, 183.484085083, 183.809158325, 184.134231567, 184.470932007, 184.807617188, 185.144302368, 185.480987549, 185.817687988, 186.154373169, 186.479446411, 186.804534912, 187.141220093, 187.477905273, 187.802993774, 188.139678955, 188.476364136, 188.813064575, 189.149749756, 189.474822998, 189.799911499, 190.13659668, 190.47328186, 190.809967041, 191.135055542, 191.471740723, 191.796829224, 192.133514404, 192.470199585, 192.806884766, 193.143585205, 193.468658447, 193.805343628, 194.142044067, 194.46711731, 194.80380249, 195.140487671, 195.47718811, 195.813873291, 196.138946533, 196.464035034, 196.800720215, 197.137405396, 197.474105835, 197.810791016, 198.135864258, 198.472564697, 198.809249878, 199.13432312, 199.47102356, 199.80770874, 200.132781982, 200.469467163, 200.806167603, 201.142852783, 201.479537964, 201.804626465, 202.141311646, 202.477996826, 202.814697266, 203.139770508, 203.476455688, 203.801544189, 204.13822937, 204.474914551, 204.800003052, 205.125076294, 205.461761475, 205.798446655, 206.135147095, 206.471832275, 206.808517456, 207.145217896, 207.470291138, 207.806976318, 208.143676758, 208.46875, 208.805435181, 209.142120361, 209.467208862, 209.803894043, 210.140579224, 210.477279663, 210.813964844, 211.139038086, 211.475738525, 211.812423706, 212.149108887, 212.474197388, 212.810882568, 213.135955811, 213.461044312, 213.797729492, 214.134414673, 214.471099854, 214.796188354, 215.132873535, 215.469558716, 215.806259155, 216.131332397, 216.468017578, 216.804718018, 217.141403198, 217.489700317, 217.826385498, 218.163085938, 218.511383057, 218.848068237, 219.207977295, 219.567886353, 219.92779541, 220.276092529, 220.624389648, 220.972686768, 221.320999146, 221.669296265, 222.017593384, 222.365890503, 222.714187622]
