
metadata:
    version:
        essentia: "2.1-beta2"
    audio_properties:
        analysis_sample_rate: 44100
        bitrate: 275
        channels: 2
        equal_loudness: 1
        length: 211.826934814
        replay_gain: -15.0933551788
        downmix: "mix"
    tags:
        album: "American Capitalist"
        artist: "Five Finger Death Punch"
        comment: ""
        date: "2011"
        genre: "Metal"
        title: "Menace"
        tracknumber: "5"

configuration:
    average_loudness:
        compute: 1
        frameSize: 88200
        hopSize: 44100
        silentFrames: "noise"
        windowType: "hann"
    general:
        analysisSampleRate: 44100
        endTime: 2000
        equalLoudness: 1
        nequalLoudness: 0
        shortSound: 0
        startTime: 0
    lowlevel:
        compute: 1
        frameSize: 2048
        hopSize: 1024
        zeroPadding: 0
        silentFrames: "noise"
        windowType: "blackmanharris62"
        mfccStats: ["mean", "cov", "icov"]
        stats: ["mean", "var", "median", "min", "max", "dmean", "dmean2", "dvar", "dvar2"]
    panning:
        compute: 0
        frameSize: 8192
        hopSize: 2048
        zeroPadding: 8192
        silentFrames: "noise"
        windowType: "hann"
        stats: ["copy"]
    rhythm:
        compute: 1
        maxTempo: 208
        minTempo: 40
        method: "degara"
        stats: ["mean", "var", "median", "min", "max", "dmean", "dmean2", "dvar", "dvar2"]
    segmentation:
        compute: 0
        cpw: 5
        inc1: 300
        inc2: 50
        minimumSegmentsLength: 10
        size1: 1000
        size2: 600
    sfx:
        compute: 1
        stats: ["mean", "var", "median", "min", "max", "dmean", "dmean2", "dvar", "dvar2"]
    svm:
        compute: 0
    tonal:
        compute: 1
        frameSize: 4096
        hopSize: 2048
        zeroPadding: 0
        silentFrames: "noise"
        windowType: "blackmanharris62"
        stats: ["mean", "var", "median", "min", "max", "dmean", "dmean2", "dvar", "dvar2"]

lowlevel:
    average_loudness: 0.955210268497
    barkbands_kurtosis:
        dmean: 0.873855948448
        dmean2: 1.51662063599
        dvar: 8.95503425598
        dvar2: 21.415096283
        max: 169.596801758
        mean: -0.674134373665
        median: -1.27546358109
        min: -1.89177572727
        var: 20.2374706268
    barkbands_skewness:
        dmean: 0.619906127453
        dmean2: 1.09358346462
        dvar: 0.287309318781
        dvar2: 0.845654308796
        max: 9.08459663391
        mean: 0.260416388512
        median: 0.197733461857
        min: -4.2059841156
        var: 0.602993369102
    barkbands_spread:
        dmean: 7.21812391281
        dmean2: 12.2392530441
        dvar: 38.4490127563
        dvar2: 106.221382141
        max: 82.3585891724
        mean: 40.3819351196
        median: 41.3506317139
        min: 0.252272754908
        var: 100.775314331
    dissonance:
        dmean: 0.00983415544033
        dmean2: 0.0169339030981
        dvar: 0.000113779955427
        dvar2: 0.000316317746183
        max: 0.5
        mean: 0.484846264124
        median: 0.488142490387
        min: 0.271668821573
        var: 0.000177007037564
    hfc:
        dmean: 4.0387878418
        dmean2: 7.05987453461
        dvar: 18.669713974
        dvar2: 50.2188835144
        max: 39.3282775879
        mean: 8.35250663757
        median: 7.41811037064
        min: 1.14707094306e-016
        var: 24.044834137
    pitch:
        dmean: 1178.91418457
        dmean2: 2258.08276367
        dvar: 2040085
        dvar2: 4764720.5
        max: 4849.34228516
        mean: 1578.18127441
        median: 589.849914551
        min: 44.0587387085
        var: 2383506.5
    pitch_instantaneous_confidence:
        dmean: 0.0825991556048
        dmean2: 0.137345716357
        dvar: 0.00450674118474
        dvar2: 0.0120423873886
        max: 0.947867453098
        mean: 0.301569730043
        median: 0.282194048166
        min: 0.0999962091446
        var: 0.0110965520144
    pitch_salience:
        dmean: 0.0952016562223
        dmean2: 0.167765408754
        dvar: 0.00616735965014
        dvar2: 0.0180824398994
        max: 0.995753705502
        mean: 0.636838197708
        median: 0.650049090385
        min: 0.101961925626
        var: 0.00959830824286
    silence_rate_20dB:
        dmean: 0
        dmean2: 0
        dvar: 0
        dvar2: 0
        max: 1
        mean: 1
        median: 1
        min: 1
        var: 0
    silence_rate_30dB:
        dmean: 0
        dmean2: 0
        dvar: 0
        dvar2: 0
        max: 1
        mean: 1
        median: 1
        min: 1
        var: 0
    silence_rate_60dB:
        dmean: 0.134824067354
        dmean2: 0.269677698612
        dvar: 0.116654247046
        dvar2: 0.264497488737
        max: 1
        mean: 0.155195087194
        median: 0
        min: 0
        var: 0.131115719676
    spectral_centroid:
        dmean: 483.526794434
        dmean2: 865.252258301
        dvar: 176643.65625
        dvar2: 514625.71875
        max: 11106.8154297
        mean: 1566.78527832
        median: 1529.9576416
        min: 39.75365448
        var: 320840.375
    spectral_complexity:
        dmean: 6.3948264122
        dmean2: 10.6461305618
        dvar: 29.6576480865
        dvar2: 77.7893981934
        max: 43
        mean: 16.1405086517
        median: 16
        min: 0
        var: 65.9166641235
    spectral_crest:
        dmean: 2.67404985428
        dmean2: 4.63115501404
        dvar: 5.07084178925
        dvar2: 14.2746086121
        max: 23.8368015289
        mean: 6.80151462555
        median: 6.00389194489
        min: 2.1228992939
        var: 8.81778621674
    spectral_decrease:
        dmean: 4.41142705698e-010
        dmean2: 7.03508029609e-010
        dvar: 2.30559767794e-019
        dvar2: 5.72546140772e-019
        max: -3.36454333958e-029
        mean: -1.21814369702e-009
        median: -1.15704956727e-009
        min: -4.78008166382e-009
        var: 3.59448233258e-019
    spectral_energy:
        dmean: 0.00194238382392
        dmean2: 0.00307416217402
        dvar: 4.11960490965e-006
        dvar2: 1.03354223029e-005
        max: 0.0192598924041
        mean: 0.00535515649244
        median: 0.00510396063328
        min: 1.05371509007e-020
        var: 6.7212436079e-006
    spectral_energyband_high:
        dmean: 0.00032075351919
        dmean2: 0.000581327709369
        dvar: 1.67197157452e-007
        dvar2: 4.51447647265e-007
        max: 0.00348531571217
        mean: 0.000459787814179
        median: 0.000339505670127
        min: 7.74016567517e-021
        var: 1.50609380967e-007
    spectral_energyband_low:
        dmean: 0.000805617135484
        dmean2: 0.0013966698898
        dvar: 6.17953844539e-007
        dvar2: 1.61950345046e-006
        max: 0.0080239539966
        mean: 0.00113248464186
        median: 0.000842238077894
        min: 6.61319893549e-023
        var: 8.78231389834e-007
    spectral_energyband_middle_high:
        dmean: 0.000909914029762
        dmean2: 0.00153637246694
        dvar: 7.30882391053e-007
        dvar2: 1.96751125259e-006
        max: 0.00856799818575
        mean: 0.00213545304723
        median: 0.00190575560555
        min: 1.51806474091e-021
        var: 1.47596131228e-006
    spectral_energyband_middle_low:
        dmean: 0.00108957965858
        dmean2: 0.00183987105265
        dvar: 2.79269124803e-006
        dvar2: 7.49542778067e-006
        max: 0.0158484242857
        mean: 0.00189396203496
        median: 0.00138122262433
        min: 3.31942647228e-022
        var: 3.04401009998e-006
    spectral_flatness_db:
        dmean: 0.0168044194579
        dmean2: 0.0277889706194
        dvar: 0.000217629043618
        dvar2: 0.000589674338698
        max: 0.592859387398
        mean: 0.120013780892
        median: 0.114944294095
        min: 0.0581097640097
        var: 0.00113675056491
    spectral_flux:
        dmean: 0.0114184692502
        dmean2: 0.0171575248241
        dvar: 0.000109286578663
        dvar2: 0.000226185031352
        max: 0.116291366518
        mean: 0.0489158071578
        median: 0.0481879636645
        min: 6.58928953068e-011
        var: 0.000233464597841
    spectral_kurtosis:
        dmean: 0.980566799641
        dmean2: 1.59662270546
        dvar: 23.4946022034
        dvar2: 66.707359314
        max: 304.144073486
        mean: 3.02959728241
        median: 2.27726697922
        min: -1.2321562767
        var: 106.983215332
    spectral_rms:
        dmean: 0.000400903722038
        dmean2: 0.000620996637736
        dvar: 1.37055451432e-007
        dvar2: 3.31673504661e-007
        max: 0.00433475943282
        mean: 0.00221240636893
        median: 0.002231473336
        min: 3.20626684924e-012
        var: 3.29792925413e-007
    spectral_rolloff:
        dmean: 624.553283691
        dmean2: 1104.05822754
        dvar: 428188.53125
        dvar2: 1207246.375
        max: 18798.4863281
        mean: 3245.49975586
        median: 3337.64648438
        min: 43.06640625
        var: 723371.375
    spectral_skewness:
        dmean: 0.182081222534
        dmean2: 0.300621420145
        dvar: 0.0536016747355
        dvar2: 0.148344635963
        max: 13.8854894638
        mean: 1.30902469158
        median: 1.26258468628
        min: -0.00108036445454
        var: 0.366833209991
    spectral_spread:
        dmean: 564416.8125
        dmean2: 868729.25
        dvar: 492251414528
        dvar2: 982836707328
        max: 41408144
        mean: 5875130
        median: 5802407
        min: 273304.375
        var: 2.14485644083e+012
    spectral_strongpeak:
        dmean: 0.251236945391
        dmean2: 0.43734484911
        dvar: 0.203277021646
        dvar2: 0.544845342636
        max: 7.18290042877
        mean: 0.324451565742
        median: 0.164511501789
        min: 0
        var: 0.233561232686
    zerocrossingrate:
        dmean: 0.00985886063427
        dmean2: 0.013007058762
        dvar: 6.79117583786e-005
        dvar2: 0.000108424348582
        max: 0.5029296875
        mean: 0.0933673083782
        median: 0.0927734375
        min: 0.00146484375
        var: 0.000515509571414
    barkbands:
        dmean: [1.04434104742e-006, 0.000218237546505, 0.000596094992943, 0.000483535288367, 0.00050088413991, 0.000151909975102, 0.000121363482322, 0.000112456655188, 0.000179436508915, 9.14346819627e-005, 5.55867372896e-005, 6.42942322884e-005, 5.57000021217e-005, 5.25207760802e-005, 6.81645688019e-005, 0.00012161439372, 0.000177588910447, 0.000263669295236, 0.000241174755502, 0.000271069671726, 0.000144296645885, 6.33622912574e-005, 1.23535583043e-005, 4.80751759824e-006, 2.74584908766e-006, 7.94121319814e-008, 3.37509409309e-010]
        dmean2: [1.56274973051e-006, 0.000381083547836, 0.00103612826206, 0.000829420459922, 0.000898604397662, 0.000253598118434, 0.000197547924472, 0.000185593424249, 0.000292032287689, 0.000151866814122, 9.21971004573e-005, 0.000104875180114, 9.16234930628e-005, 8.57176783029e-005, 0.000112582587462, 0.000203344214242, 0.000299657229334, 0.0004660601262, 0.000418460636865, 0.000488163525006, 0.000257565960055, 0.000115638984425, 2.16437383642e-005, 8.10033088783e-006, 4.67760946776e-006, 1.33474131303e-007, 5.6503340895e-010]
        dvar: [1.0699185678e-012, 4.02002058308e-008, 4.23895841095e-007, 5.77208197683e-007, 1.10417727228e-006, 8.95310847682e-008, 8.14811045302e-008, 5.43581144541e-008, 1.02134343649e-007, 3.13833048438e-008, 9.93329685173e-009, 1.11244116141e-008, 6.74862343786e-009, 7.65530661084e-009, 1.38623414969e-008, 2.02966496943e-008, 3.57399585482e-008, 8.85188526922e-008, 6.44503401759e-008, 1.12678968378e-007, 2.99646707447e-008, 6.08844930028e-009, 2.16421103261e-010, 4.71769082133e-011, 1.33664511751e-011, 8.68510822885e-015, 1.51388346812e-019]
        dvar2: [2.00308021038e-012, 1.1725692417e-007, 1.09043003249e-006, 1.51345409449e-006, 3.105461019e-006, 2.24432866958e-007, 1.97102608013e-007, 1.26081616258e-007, 2.54136523381e-007, 8.30142923292e-008, 2.50848355421e-008, 2.80843188705e-008, 1.73312688645e-008, 1.97051850392e-008, 3.64144092657e-008, 5.28761034957e-008, 9.4752692803e-008, 2.44712794029e-007, 1.73597754838e-007, 3.02808160768e-007, 8.00537449663e-008, 1.65781592898e-008, 5.39383149256e-010, 1.13390109802e-010, 3.35630585824e-011, 2.11451898878e-014, 3.76232787711e-019]
        max: [2.59947319137e-005, 0.0015628359979, 0.00639613578096, 0.00579614611343, 0.0110027799383, 0.00525249121711, 0.00528394756839, 0.00483193201944, 0.00608259998262, 0.00307380617596, 0.00169630732853, 0.00163208995946, 0.00219429121353, 0.00185363087803, 0.00238261953928, 0.00230875075795, 0.00294336839579, 0.00279327295721, 0.00299472361803, 0.00361673603766, 0.00142830261029, 0.000797497457825, 0.000248481548624, 0.000132457236759, 7.95117157395e-005, 1.40826773531e-006, 4.67685179473e-009]
        mean: [1.34881827307e-006, 0.000265222479356, 0.00063567556208, 0.000502892944496, 0.000515540188644, 0.00021976417338, 0.000157455157023, 0.000154927518452, 0.000288440671284, 0.000147156286403, 8.34034945001e-005, 0.000101116536825, 9.18120058486e-005, 8.75093028299e-005, 0.000117844560009, 0.000226659525651, 0.000331521499902, 0.000361391023034, 0.000408174382756, 0.000338097423082, 0.000197440327611, 8.61802400323e-005, 2.00862250495e-005, 9.60890520219e-006, 5.73060560782e-006, 1.56837984377e-007, 5.61454771564e-010]
        median: [8.72518398864e-007, 0.000205144810025, 0.000350611458998, 0.000208304743865, 0.000256839732174, 0.000105936385808, 6.52477174299e-005, 5.5978216551e-005, 0.000113899252028, 5.88663315284e-005, 4.56595807918e-005, 5.23747876287e-005, 5.17831140314e-005, 5.28372329427e-005, 7.2164402809e-005, 0.000166975063621, 0.000263405207079, 0.000279806961771, 0.000316374847898, 0.000229787750868, 0.000145529018482, 6.33161398582e-005, 1.45579360833e-005, 6.97549512552e-006, 4.41350857727e-006, 1.24685968217e-007, 4.06105121753e-010]
        min: [2.3627234109e-024, 1.271455557e-023, 1.82807155188e-023, 7.10663332497e-024, 3.96612378765e-023, 3.79696329504e-023, 2.70031410815e-023, 4.64719915641e-023, 3.7529489586e-023, 4.92086415522e-023, 5.08088238103e-023, 2.62750761085e-023, 6.80729532132e-023, 7.13548985688e-023, 9.63660238697e-023, 1.57057081789e-022, 1.29220048466e-022, 1.22738375994e-022, 2.13612072563e-022, 3.15597499759e-022, 3.45960188021e-022, 4.07727769708e-022, 5.49162855975e-022, 6.69685403728e-022, 1.10830256835e-021, 1.78505636773e-021, 2.17588305129e-021]
        var: [2.02532847264e-012, 4.98494827639e-008, 5.23294204413e-007, 5.92400112964e-007, 7.91622028373e-007, 1.43163973121e-007, 1.08485913586e-007, 9.97442910489e-008, 2.31903271697e-007, 6.97418940376e-008, 1.53734944774e-008, 2.01957846002e-008, 1.35388509293e-008, 1.3021264067e-008, 2.55939394123e-008, 4.71111825107e-008, 6.57166410178e-008, 9.04723549411e-008, 1.07530681248e-007, 1.0450769139e-007, 2.9643549837e-008, 5.932117908e-009, 3.52606582821e-010, 8.9671534087e-011, 2.6119899646e-011, 1.72445133802e-014, 2.62285453007e-019]
    frequency_bands:
        dmean: [1.04434104742e-006, 0.000218237546505, 0.000596094992943, 0.000483535288367, 0.00050088413991, 0.000151909975102, 0.000121363482322, 0.000112456655188, 0.000179436508915, 9.14346819627e-005, 5.55867372896e-005, 6.42942322884e-005, 5.57000021217e-005, 5.25207760802e-005, 6.81645688019e-005, 0.00012161439372, 0.000177588910447, 0.000263669295236, 0.000241174755502, 0.000271069671726, 0.000144296645885, 6.33622912574e-005, 1.23535583043e-005, 4.80751759824e-006, 2.74584908766e-006, 7.94121319814e-008, 3.37509409309e-010, 6.04887528954e-011]
        dmean2: [1.56274973051e-006, 0.000381083547836, 0.00103612826206, 0.000829420459922, 0.000898604397662, 0.000253598118434, 0.000197547924472, 0.000185593424249, 0.000292032287689, 0.000151866814122, 9.21971004573e-005, 0.000104875180114, 9.16234930628e-005, 8.57176783029e-005, 0.000112582587462, 0.000203344214242, 0.000299657229334, 0.0004660601262, 0.000418460636865, 0.000488163525006, 0.000257565960055, 0.000115638984425, 2.16437383642e-005, 8.10033088783e-006, 4.67760946776e-006, 1.33474131303e-007, 5.6503340895e-010, 1.12394628327e-010]
        dvar: [1.0699185678e-012, 4.02002058308e-008, 4.23895841095e-007, 5.77208197683e-007, 1.10417727228e-006, 8.95310847682e-008, 8.14811045302e-008, 5.43581144541e-008, 1.02134343649e-007, 3.13833048438e-008, 9.93329685173e-009, 1.11244116141e-008, 6.74862343786e-009, 7.65530661084e-009, 1.38623414969e-008, 2.02966496943e-008, 3.57399585482e-008, 8.85188526922e-008, 6.44503401759e-008, 1.12678968378e-007, 2.99646707447e-008, 6.08844930028e-009, 2.16421103261e-010, 4.71769082133e-011, 1.33664511751e-011, 8.68510822885e-015, 1.51388346812e-019, 6.55827886841e-021]
        dvar2: [2.00308021038e-012, 1.1725692417e-007, 1.09043003249e-006, 1.51345409449e-006, 3.105461019e-006, 2.24432866958e-007, 1.97102608013e-007, 1.26081616258e-007, 2.54136523381e-007, 8.30142923292e-008, 2.50848355421e-008, 2.80843188705e-008, 1.73312688645e-008, 1.97051850392e-008, 3.64144092657e-008, 5.28761034957e-008, 9.4752692803e-008, 2.44712794029e-007, 1.73597754838e-007, 3.02808160768e-007, 8.00537449663e-008, 1.65781592898e-008, 5.39383149256e-010, 1.13390109802e-010, 3.35630585824e-011, 2.11451898878e-014, 3.76232787711e-019, 2.03349396587e-020]
        max: [2.59947319137e-005, 0.0015628359979, 0.00639613578096, 0.00579614611343, 0.0110027799383, 0.00525249121711, 0.00528394756839, 0.00483193201944, 0.00608259998262, 0.00307380617596, 0.00169630732853, 0.00163208995946, 0.00219429121353, 0.00185363087803, 0.00238261953928, 0.00230875075795, 0.00294336839579, 0.00279327295721, 0.00299472361803, 0.00361673603766, 0.00142830261029, 0.000797497457825, 0.000248481548624, 0.000132457236759, 7.95117157395e-005, 1.40826773531e-006, 4.67685179473e-009, 1.13381892763e-009]
        mean: [1.34881827307e-006, 0.000265222479356, 0.00063567556208, 0.000502892944496, 0.000515540188644, 0.00021976417338, 0.000157455157023, 0.000154927518452, 0.000288440671284, 0.000147156286403, 8.34034945001e-005, 0.000101116536825, 9.18120058486e-005, 8.75093028299e-005, 0.000117844560009, 0.000226659525651, 0.000331521499902, 0.000361391023034, 0.000408174382756, 0.000338097423082, 0.000197440327611, 8.61802400323e-005, 2.00862250495e-005, 9.60890520219e-006, 5.73060560782e-006, 1.56837984377e-007, 5.61454771564e-010, 4.68738069193e-011]
        median: [8.72518398864e-007, 0.000205144810025, 0.000350611458998, 0.000208304743865, 0.000256839732174, 0.000105936385808, 6.52477174299e-005, 5.5978216551e-005, 0.000113899252028, 5.88663315284e-005, 4.56595807918e-005, 5.23747876287e-005, 5.17831140314e-005, 5.28372329427e-005, 7.2164402809e-005, 0.000166975063621, 0.000263405207079, 0.000279806961771, 0.000316374847898, 0.000229787750868, 0.000145529018482, 6.33161398582e-005, 1.45579360833e-005, 6.97549512552e-006, 4.41350857727e-006, 1.24685968217e-007, 4.06105121753e-010, 1.96386015089e-011]
        min: [2.3627234109e-024, 1.271455557e-023, 1.82807155188e-023, 7.10663332497e-024, 3.96612378765e-023, 3.79696329504e-023, 2.70031410815e-023, 4.64719915641e-023, 3.7529489586e-023, 4.92086415522e-023, 5.08088238103e-023, 2.62750761085e-023, 6.80729532132e-023, 7.13548985688e-023, 9.63660238697e-023, 1.57057081789e-022, 1.29220048466e-022, 1.22738375994e-022, 2.13612072563e-022, 3.15597499759e-022, 3.45960188021e-022, 4.07727769708e-022, 5.49162855975e-022, 6.69685403728e-022, 1.10830256835e-021, 1.78505636773e-021, 2.17588305129e-021, 6.2544613465e-022]
        var: [2.02532847264e-012, 4.98494827639e-008, 5.23294204413e-007, 5.92400112964e-007, 7.91622028373e-007, 1.43163973121e-007, 1.08485913586e-007, 9.97442910489e-008, 2.31903271697e-007, 6.97418940376e-008, 1.53734944774e-008, 2.01957846002e-008, 1.35388509293e-008, 1.3021264067e-008, 2.55939394123e-008, 4.71111825107e-008, 6.57166410178e-008, 9.04723549411e-008, 1.07530681248e-007, 1.0450769139e-007, 2.9643549837e-008, 5.932117908e-009, 3.52606582821e-010, 8.9671534087e-011, 2.6119899646e-011, 1.72445133802e-014, 2.62285453007e-019, 5.27542755929e-021]
    mfcc:
        mean: [-679.782409668, 89.2716293335, -31.173871994, 52.1716995239, -3.81069111824, 0.217867225409, 2.88778066635, 5.5099105835, 5.49973154068, -3.35979318619, -1.190767169, -3.92030215263, -3.75388908386]
        cov: [[3516.03417969, 235.128219604, -197.662414551, 318.98425293, -125.567726135, -57.5356178284, -77.6806030273, -60.8269691467, -51.1237831116, -47.9753799438, -16.3946723938, -47.8798980713, -59.9525871277], [235.128219604, 437.210418701, -118.984176636, 45.2999763489, 15.6048669815, 11.9426059723, 45.9961242676, 43.6869277954, 24.8253688812, 2.05346608162, 14.7648286819, 10.575334549, 15.8812665939], [-197.662414551, -118.984176636, 279.843902588, 22.4735183716, 36.4140052795, 12.588476181, -6.30310821533, -3.01589608192, -11.8975486755, -6.87830352783, -15.0936641693, 11.933265686, -2.04716539383], [318.98425293, 45.2999763489, 22.4735183716, 330.005737305, 82.1638336182, 24.9075832367, 14.9726324081, -30.3065681458, -22.5847873688, -2.87739562988, -18.49401474, -26.4526615143, 0.361930549145], [-125.567726135, 15.6048669815, 36.4140052795, 82.1638336182, 157.823791504, 36.6420707703, 6.80933952332, -12.9624528885, -3.18496513367, 22.9899559021, -9.61453342438, -3.40809369087, 5.87121868134], [-57.5356178284, 11.9426059723, 12.588476181, 24.9075832367, 36.6420707703, 67.1466903687, 34.2586784363, 12.4730167389, 4.35173034668, 2.70270013809, -0.89484757185, -1.95461928844, -4.05545902252], [-77.6806030273, 45.9961242676, -6.30310821533, 14.9726324081, 6.80933952332, 34.2586784363, 112.342468262, 61.7312431335, 16.7666015625, -1.51191389561, -2.30835151672, -0.310376733541, -8.97228240967], [-60.8269691467, 43.6869277954, -3.01589608192, -30.3065681458, -12.9624528885, 12.4730167389, 61.7312431335, 92.821105957, 39.1253433228, 2.70699930191, 6.8251376152, 7.90963077545, -1.64608967304], [-51.1237831116, 24.8253688812, -11.8975486755, -22.5847873688, -3.18496513367, 4.35173034668, 16.7666015625, 39.1253433228, 60.9596557617, 25.9990348816, 13.2738008499, 5.51472187042, -0.834952771664], [-47.9753799438, 2.05346608162, -6.87830352783, -2.87739562988, 22.9899559021, 2.70270013809, -1.51191389561, 2.70699930191, 25.9990348816, 67.3773803711, 29.8459796906, 8.45119762421, 1.35003578663], [-16.3946723938, 14.7648286819, -15.0936641693, -18.49401474, -9.61453342438, -0.89484757185, -2.30835151672, 6.8251376152, 13.2738008499, 29.8459796906, 62.096988678, 29.7353973389, 13.1678085327], [-47.8798980713, 10.575334549, 11.933265686, -26.4526615143, -3.40809369087, -1.95461928844, -0.310376733541, 7.90963077545, 5.51472187042, 8.45119762421, 29.7353973389, 52.8464927673, 26.4020938873], [-59.9525871277, 15.8812665939, -2.04716539383, 0.361930549145, 5.87121868134, -4.05545902252, -8.97228240967, -1.64608967304, -0.834952771664, 1.35003578663, 13.1678085327, 26.4020938873, 52.8981971741]]
        icov: [[0.000396464456571, -0.000187471960089, 0.000217813591007, -0.000536806765012, 0.000490330159664, 5.80287996854e-005, 0.000495549989864, -0.000166671525221, 0.00025030807592, 2.5061357519e-005, 7.58836613386e-005, -0.000263339141384, 0.000662471575197], [-0.000187471960089, 0.00303683755919, 0.00124103785492, -0.000296397833154, -0.000756712688599, 5.96154204686e-005, -0.000678111799061, -0.000943819060922, -0.000683668535203, 0.000662724662106, -0.000327312067384, -0.000570555741433, -0.00079143117182], [0.000217813591007, 0.00124103785492, 0.00470943562686, -0.000758647394832, -0.000704643432982, -0.000551126489881, 0.00101038464345, -0.00140318379272, 0.000777247769292, 0.000227986034588, 0.00166564062238, -0.00307406345382, 0.00135151285212], [-0.000536806765012, -0.000296397833154, -0.000758647394832, 0.00472716800869, -0.00235857162625, -0.000133962996188, -0.00204665679485, 0.00207778462209, 9.12853938644e-005, 0.000387011212297, -0.000715726055205, 0.00290780002251, -0.00189367588609], [0.000490330159664, -0.000756712688599, -0.000704643432982, -0.00235857162625, 0.0102907540277, -0.0046534370631, 0.00115892989561, 0.000543042493518, 0.00138200714719, -0.00520129874349, 0.00383805646561, -0.00109772454016, -0.000766650482547], [5.80287996854e-005, 5.96154204686e-005, -0.000551126489881, -0.000133962996188, -0.0046534370631, 0.0207956731319, -0.00664453115314, 0.00159699469805, -0.00145895418245, 0.00197007576935, -0.00230057304725, 0.000854183919728, 0.00113397825044], [0.000495549989864, -0.000678111799061, 0.00101038464345, -0.00204665679485, 0.00115892989561, -0.00664453115314, 0.0185910630971, -0.012917002663, 0.00409804610536, -0.00106990302447, 0.00191904313397, -0.00187140167691, 0.00347996968776], [-0.000166671525221, -0.000943819060922, -0.00140318379272, 0.00207778462209, 0.000543042493518, 0.00159699469805, -0.012917002663, 0.0261364355683, -0.0141189359128, 0.00445011490956, -0.00151362048928, -0.000348302477505, -0.00107529642992], [0.00025030807592, -0.000683668535203, 0.000777247769292, 9.12853938644e-005, 0.00138200714719, -0.00145895418245, 0.00409804610536, -0.0141189359128, 0.0298659484833, -0.0116166705266, 0.0013945850078, -0.000135618960485, 0.000997308641672], [2.5061357519e-005, 0.000662724662106, 0.000227986034588, 0.000387011212297, -0.00520129874349, 0.00197007576935, -0.00106990302447, 0.00445011490956, -0.0116166705266, 0.0262629240751, -0.0130306938663, 0.00264758709818, 0.00158958451357], [7.58836613386e-005, -0.000327312067384, 0.00166564062238, -0.000715726055205, 0.00383805646561, -0.00230057304725, 0.00191904313397, -0.00151362048928, 0.0013945850078, -0.0130306938663, 0.0305776596069, -0.015727924183, 0.000522603862919], [-0.000263339141384, -0.000570555741433, -0.00307406345382, 0.00290780002251, -0.00109772454016, 0.000854183919728, -0.00187140167691, -0.000348302477505, -0.000135618960485, 0.00264758709818, -0.015727924183, 0.0368650704622, -0.0149613330141], [0.000662471575197, -0.00079143117182, 0.00135151285212, -0.00189367588609, -0.000766650482547, 0.00113397825044, 0.00347996968776, -0.00107529642992, 0.000997308641672, 0.00158958451357, 0.000522603862919, -0.0149613330141, 0.0279991924763]]
    sccoeffs:
        dmean: [0.0752671286464, 0.0508437305689, 0.0378143750131, 0.0285326372832, 0.0202596802264, 0.0222727060318]
        dmean2: [0.123050741851, 0.0853546336293, 0.0631111115217, 0.0483499094844, 0.0339146889746, 0.0370111390948]
        dvar: [0.00332906306721, 0.00163081870414, 0.000889585469849, 0.000493536354043, 0.000259632826783, 0.000341315200785]
        dvar2: [0.00867294240743, 0.00443601422012, 0.00245279888622, 0.00135360227432, 0.000707050960045, 0.000928952067625]
        max: [-0.338530600071, -0.495256125927, -0.529412150383, -0.538009524345, -0.566292047501, -0.512678980827]
        mean: [-0.650321185589, -0.776661872864, -0.801411807537, -0.810024619102, -0.805402457714, -0.772151589394]
        median: [-0.654237747192, -0.785653948784, -0.808861851692, -0.814653873444, -0.807030677795, -0.773528218269]
        min: [-0.975651621819, -0.989560306072, -0.983195900917, -0.983098208904, -0.963526010513, -0.964703261852]
        var: [0.00633703172207, 0.00414398033172, 0.00259872130118, 0.00145740236621, 0.000785638869274, 0.00111946149264]
    scvalleys:
        dmean: [0.392955601215, 0.382606625557, 0.313957750797, 0.274295300245, 0.366773635149, 0.302631527185]
        dmean2: [0.664168477058, 0.63521695137, 0.511299192905, 0.438144505024, 0.607839524746, 0.49282592535]
        dvar: [0.103774659336, 0.10238366574, 0.0739345028996, 0.0620440393686, 0.121491014957, 0.118870697916]
        dvar2: [0.268021166325, 0.251391261816, 0.165395334363, 0.130579873919, 0.311862558126, 0.260391771793]
        max: [-5.09970188141, -4.88009548187, -5.03834342957, -5.83558511734, -5.56317281723, -7.52587223053]
        mean: [-6.45641040802, -6.54064178467, -6.75231361389, -6.9844751358, -6.77440500259, -8.96953678131]
        median: [-6.26966571808, -6.41830396652, -6.65768527985, -6.84470319748, -6.63660430908, -8.80081653595]
        min: [-27.5161724091, -27.4882717133, -27.2636852264, -27.3658828735, -27.3128051758, -27.3573513031]
        var: [1.51353394985, 1.42828965187, 1.35677289963, 1.31788098812, 1.44368720055, 1.36208200455]

rhythm:
    beats_loudness:
        dmean: 0.00187424512114
        dmean2: 0.00327062653378
        dvar: 2.78329616776e-006
        dvar2: 7.85946122051e-006
        max: 0.0164218023419
        mean: 0.00738026760519
        median: 0.00763177406043
        min: 5.34578371153e-012
        var: 6.14586269876e-006
    bpm: 95.0141830444
    bpm_confidence: 0
    first_peak_bpm: 96
    first_peak_spread: 0.402439028025
    first_peak_weight: 0.58858859539
    onset_rate: 5.22596502304
    second_peak_bpm: 91
    second_peak_spread: 0.20000000298
    second_peak_weight: 0.0120120123029
    beats_loudness_band_ratio:
        dmean: [0.173695594072, 0.0705984309316, 0.0791171565652, 0.0587152354419, 0.0748670101166, 0.0579572059214]
        dmean2: [0.30898219347, 0.12191337347, 0.14328147471, 0.104500941932, 0.132358536124, 0.099668122828]
        dvar: [0.0217973999679, 0.00366885098629, 0.0124944755808, 0.0034548304975, 0.00389508111402, 0.00241486961022]
        dvar2: [0.0640614181757, 0.0102734779939, 0.0360070466995, 0.00845468230546, 0.0118099218234, 0.00720305880532]
        max: [0.997826933861, 0.436313092709, 0.835055589676, 0.629687666893, 0.384859234095, 0.42919203639]
        mean: [0.444826185703, 0.116884879768, 0.100802503526, 0.084251023829, 0.164630040526, 0.135491758585]
        median: [0.462137877941, 0.105389788747, 0.0685405358672, 0.0664945915341, 0.14851641655, 0.126317560673]
        min: [0, 0, 0, 0, 0, 0]
        var: [0.0262275394052, 0.00464688474312, 0.00975049007684, 0.00442296592519, 0.0050984332338, 0.00386237516068]
    beats_position: [0.603718817234, 1.23065757751, 1.84598636627, 2.47292518616, 3.08825397491, 3.7151927948, 4.34213161469, 4.96907043457, 5.60761880875, 6.24616765976, 6.87310647964, 7.50004529953, 8.12698364258, 8.76553249359, 9.4040813446, 10.0310201645, 10.6579589844, 11.2848978043, 11.9118366241, 12.5503854752, 13.1889343262, 13.8158731461, 14.4428119659, 15.0813598633, 15.7199087143, 16.3468475342, 16.9737873077, 17.600725174, 18.2392749786, 18.877822876, 19.5047607422, 20.1317005157, 20.758638382, 21.3971881866, 22.035736084, 22.6626758575, 23.2896137238, 23.9165534973, 24.5551013947, 25.1936511993, 25.8205890656, 26.4475269318, 27.0744667053, 27.7130146027, 28.3515644073, 28.9785022736, 29.6054420471, 30.2323799133, 30.870929718, 31.5094776154, 32.1364173889, 32.7633552551, 33.3902931213, 34.0172348022, 34.6557807922, 35.2943305969, 35.9212684631, 36.5482063293, 37.186756134, 37.8253059387, 38.4522438049, 39.0791816711, 39.7061233521, 40.344669342, 40.9832191467, 41.6101570129, 42.2370948792, 42.8640365601, 43.50258255, 44.1411323547, 44.7680702209, 45.3950119019, 46.0219497681, 46.6604995728, 47.2990455627, 47.9259872437, 48.5529251099, 49.1798629761, 49.8184127808, 50.4569587708, 51.0839004517, 51.7108383179, 52.3377761841, 52.9763259888, 53.6148757935, 54.2418136597, 54.8687515259, 55.5073013306, 56.1458511353, 56.7727890015, 57.3997268677, 58.0266647339, 58.6652145386, 59.3037643433, 59.9307022095, 60.5576400757, 61.1845779419, 61.8115196228, 62.4500656128, 63.0886154175, 63.7155532837, 64.3424911499, 64.9694290161, 65.6079788208, 66.2465286255, 66.8734664917, 67.5004043579, 68.1273422241, 68.7658920288, 69.4044418335, 70.0313796997, 70.6583175659, 71.2852630615, 71.9238052368, 72.5623550415, 73.1892929077, 73.8162307739, 74.4431762695, 75.0817184448, 75.7086639404, 76.3472061157, 76.9741516113, 77.6010894775, 78.2396392822, 78.8781814575, 79.5051269531, 80.1320648193, 80.7590026855, 81.3975524902, 82.0360946655, 82.6630401611, 83.2899780273, 83.9169158936, 84.5438537598, 85.1824035645, 85.8209533691, 86.4478912354, 87.0748291016, 87.7133789063, 88.3519287109, 88.9788665771, 89.6058044434, 90.2327423096, 90.8712921143, 91.5098419189, 92.1367797852, 92.7637176514, 93.3906555176, 94.0292053223, 94.667755127, 95.2946929932, 95.9216308594, 96.5485687256, 97.1755065918, 97.8140563965, 98.4526062012, 99.0795440674, 99.7064819336, 100.345031738, 100.983581543, 101.610519409, 102.237457275, 102.864395142, 103.491333008, 104.129882813, 104.756820679, 105.395370483, 106.033920288, 106.672470093, 107.299407959, 107.926345825, 108.553283691, 109.180221558, 109.818771362, 110.457321167, 111.084259033, 111.711196899, 112.349746704, 112.988296509, 113.615234375, 114.242172241, 114.869110107, 115.507659912, 116.146209717, 116.773147583, 117.400085449, 118.027030945, 118.653968811, 119.292518616, 119.931060791, 120.557998657, 121.184944153, 121.811882019, 122.450431824, 123.088973999, 123.715919495, 124.342857361, 124.969795227, 125.608345032, 126.246894836, 126.873832703, 127.500770569, 128.127700806, 128.76625061, 129.404800415, 130.031738281, 130.658676147, 131.285614014, 131.924163818, 132.562713623, 133.189651489, 133.816589355, 134.44354248, 135.070480347, 135.709014893, 136.347564697, 136.974502563, 137.601455688, 138.239990234, 138.878540039, 139.505477905, 140.13243103, 140.759368896, 141.386306763, 142.024856567, 142.663391113, 143.290344238, 143.917282104, 144.544219971, 145.182769775, 145.82131958, 146.448257446, 147.075195313, 147.713745117, 148.352294922, 148.979232788, 149.606170654, 150.244720459, 150.883255005, 151.51020813, 152.137145996, 152.764083862, 153.391021729, 154.029571533, 154.656509399, 155.295059204, 155.92199707, 156.548934937, 157.187484741, 157.826034546, 158.452972412, 159.079910278, 159.706848145, 160.345397949, 160.972335815, 161.61088562, 162.237823486, 162.864761353, 163.503311157, 164.141860962, 164.768798828, 165.395736694, 166.034286499, 166.661224365, 167.29977417, 167.926712036, 168.553649902, 169.180587769, 169.819137573, 170.457687378, 171.084625244, 171.71156311, 172.350112915, 172.98866272, 173.615600586, 174.242538452, 174.869476318, 175.496414185, 176.123352051, 176.761901855, 177.40045166, 178.027389526, 178.654327393, 179.292877197, 179.931427002, 180.558364868, 181.185302734, 181.812240601, 182.439178467, 183.077728271, 183.716278076, 184.343215942, 184.970153809, 185.597091675, 186.235641479, 186.874191284, 187.50112915, 188.139678955, 188.766616821, 189.405166626, 190.032104492, 190.659042358, 191.285980225, 191.924530029, 192.563079834, 193.1900177, 193.816955566, 194.455505371, 195.094055176, 195.720993042, 196.347930908, 196.974868774, 197.613418579, 198.251968384, 198.87890625, 199.505844116, 200.132781982, 200.759719849, 201.398269653, 202.02520752, 202.663757324, 203.29069519, 203.917633057, 204.556182861, 205.194732666, 205.821670532, 206.448608398, 207.098770142, 207.748931885, 208.422302246, 209.084075928, 209.745849609, 210.407608032, 211.069381714]
    bpm_estimates: [95.703125, 97.5088424683, 95.7031173706, 97.5088424683, 95.7031173706, 95.7031173706, 95.7031173706, 93.9631271362, 93.9630508423, 95.7031173706, 95.7031173706, 95.7031936646, 93.9630508423, 93.9630508423, 95.7031173706, 95.7031173706, 95.7031173706, 95.7031173706, 93.9630508423, 93.9630508423, 95.7031173706, 95.7031173706, 93.9631958008, 93.9630508423, 95.7031173706, 95.7029724121, 95.7032623291, 93.9629135132, 93.9631958008, 95.7032623291, 95.7029724121, 95.7032623291, 93.9629135132, 93.9631958008, 95.7029724121, 95.7032623291, 95.7029724121, 93.9631958008, 93.9629135132, 95.7032623291, 95.7032623291, 95.7029724121, 93.9631958008, 93.9629135132, 95.7032623291, 95.7029724121, 95.7032623291, 93.9629135132, 93.9631958008, 95.7029724121, 95.7032623291, 95.7032623291, 95.7026824951, 93.9634780884, 93.9629135132, 95.7032623291, 95.7032623291, 93.9629135132, 93.9629135132, 95.7032623291, 95.7032623291, 95.7026824951, 93.9634780884, 93.9629135132, 95.7032623291, 95.7032623291, 95.7026824951, 93.9634780884, 93.9629135132, 95.7032623291, 95.7026824951, 95.7032623291, 93.9629135132, 93.9634780884, 95.7026824951, 95.7032623291, 95.7032623291, 93.9629135132, 93.9634780884, 95.7026824951, 95.7032623291, 95.7032623291, 93.9629135132, 93.9629135132, 95.7032623291, 95.7032623291, 93.9629135132, 93.9629135132, 95.7032623291, 95.7032623291, 95.7032623291, 93.9629135132, 93.9629135132, 95.7032623291, 95.7032623291, 95.7032623291, 95.7026824951, 93.9634780884, 93.9629135132, 95.7032623291, 95.7032623291, 95.7032623291, 93.9629135132, 93.9629135132, 95.7032623291, 95.7032623291, 95.7032623291, 93.9629135132, 93.9629135132, 95.7032623291, 95.7032623291, 95.7021026611, 93.9640350342, 93.9629135132, 95.7032623291, 95.7032623291, 95.7021026611, 93.9640350342, 95.7021026611, 93.9640350342, 95.7021026611, 95.7032623291, 93.9629135132, 93.9640350342, 95.7021026611, 95.7032623291, 95.7032623291, 93.9629135132, 93.9640350342, 95.7021026611, 95.7032623291, 95.7032623291, 95.7032623291, 93.9629135132, 93.9629135132, 95.7032623291, 95.7032623291, 93.9629135132, 93.9629135132, 95.7032623291, 95.7032623291, 95.7032623291, 93.9629135132, 93.9629135132, 95.7032623291, 95.7032623291, 95.7032623291, 93.9629135132, 93.9629135132, 95.7032623291, 95.7032623291, 95.7032623291, 95.7032623291, 93.9629135132, 93.9629135132, 95.7032623291, 95.7032623291, 93.9629135132, 93.9629135132, 95.7032623291, 95.7032623291, 95.7032623291, 95.7032623291, 93.9629135132, 95.7032623291, 93.9629135132, 93.9629135132, 93.9629135132, 95.7032623291, 95.7032623291, 95.7032623291, 95.7032623291, 93.9629135132, 93.9629135132, 95.7032623291, 95.7032623291, 93.9629135132, 93.9629135132, 95.7032623291, 95.7032623291, 95.7032623291, 93.9629135132, 93.9629135132, 95.7032623291, 95.7032623291, 95.7021026611, 95.7032623291, 93.9629135132, 93.9640350342, 95.7032623291, 95.7021026611, 95.7032623291, 93.9629135132, 93.9640350342, 95.7021026611, 95.7032623291, 95.7032623291, 93.9629135132, 93.9629135132, 95.7032623291, 95.7032623291, 95.7044296265, 93.9629135132, 93.9629135132, 95.7032623291, 95.7032623291, 95.7032623291, 93.9629135132, 93.9629135132, 95.7032623291, 95.7032623291, 95.7009353638, 95.7032623291, 93.9651565552, 93.9629135132, 95.7032623291, 95.7009353638, 93.9651565552, 93.9629135132, 95.7032623291, 95.7009353638, 95.7032623291, 95.7032623291, 93.9629135132, 93.9651565552, 95.7009353638, 95.7032623291, 95.7032623291, 93.9629135132, 93.9629135132, 95.7032623291, 95.7032623291, 93.9629135132, 93.9629135132, 95.7032623291, 95.7032623291, 93.9629135132, 93.9651565552, 95.7009353638, 95.7032623291, 95.7032623291, 95.7032623291, 93.9629135132, 95.7032623291, 93.9629135132, 95.7032623291, 95.7032623291, 93.9629135132, 93.9629135132, 95.7032623291, 95.7032623291, 95.7032623291, 93.9629135132, 95.7032623291, 93.9629135132, 95.7032623291, 95.7032623291, 93.9629135132, 93.9629135132, 95.7032623291, 95.7032623291, 93.9629135132, 95.7032623291, 93.9629135132, 95.7032623291, 95.7032623291, 95.7032623291, 93.9629135132, 93.9629135132, 95.7032623291, 95.7032623291, 93.9629135132, 93.9629135132, 95.7032623291, 95.7032623291, 95.7032623291, 95.7032623291, 95.7032623291, 93.9629135132, 93.9629135132, 95.7032623291, 95.7032623291, 93.9629135132, 93.9629135132, 95.7032623291, 95.7032623291, 95.7032623291, 95.7032623291, 93.9629135132, 93.9629135132, 95.7032623291, 95.7032623291, 95.7032623291, 93.9629135132, 93.9629135132, 95.7032623291, 93.9629135132, 95.7032623291, 93.9629135132, 95.7032623291, 95.7032623291, 95.7032623291, 93.9629135132, 93.9629135132, 95.7032623291, 95.7032623291, 93.9629135132, 93.9629135132, 95.7032623291, 95.7032623291, 95.7032623291, 93.9629135132, 93.9629135132, 95.7032623291, 95.7032623291, 95.7032623291, 95.7032623291, 93.9629135132, 95.7032623291, 93.9629135132, 95.7032623291, 95.7032623291, 93.9629135132, 93.9629135132, 95.7032623291, 95.7032623291, 92.2847290039, 92.2847290039]
