
metadata:
    version:
        essentia: "2.1-beta2"
    audio_properties:
        analysis_sample_rate: 44100
        bitrate: 279
        channels: 2
        equal_loudness: 1
        length: 203.859588623
        replay_gain: -15.5263004303
        downmix: "mix"
    tags:
        album: "American Capitalist"
        artist: "Five Finger Death Punch"
        comment: ""
        date: "2011"
        genre: "Metal"
        title: "The Pride"
        tracknumber: "3"

configuration:
    average_loudness:
        compute: 1
        frameSize: 88200
        hopSize: 44100
        silentFrames: "noise"
        windowType: "hann"
    general:
        analysisSampleRate: 44100
        endTime: 2000
        equalLoudness: 1
        nequalLoudness: 0
        shortSound: 0
        startTime: 0
    lowlevel:
        compute: 1
        frameSize: 2048
        hopSize: 1024
        zeroPadding: 0
        silentFrames: "noise"
        windowType: "blackmanharris62"
        mfccStats: ["mean", "cov", "icov"]
        stats: ["mean", "var", "median", "min", "max", "dmean", "dmean2", "dvar", "dvar2"]
    panning:
        compute: 0
        frameSize: 8192
        hopSize: 2048
        zeroPadding: 8192
        silentFrames: "noise"
        windowType: "hann"
        stats: ["copy"]
    rhythm:
        compute: 1
        maxTempo: 208
        minTempo: 40
        method: "degara"
        stats: ["mean", "var", "median", "min", "max", "dmean", "dmean2", "dvar", "dvar2"]
    segmentation:
        compute: 0
        cpw: 5
        inc1: 300
        inc2: 50
        minimumSegmentsLength: 10
        size1: 1000
        size2: 600
    sfx:
        compute: 1
        stats: ["mean", "var", "median", "min", "max", "dmean", "dmean2", "dvar", "dvar2"]
    svm:
        compute: 0
    tonal:
        compute: 1
        frameSize: 4096
        hopSize: 2048
        zeroPadding: 0
        silentFrames: "noise"
        windowType: "blackmanharris62"
        stats: ["mean", "var", "median", "min", "max", "dmean", "dmean2", "dvar", "dvar2"]

lowlevel:
    average_loudness: 0.937455058098
    barkbands_kurtosis:
        dmean: 0.663435220718
        dmean2: 1.09172594547
        dvar: 1.668602705
        dvar2: 2.99381351471
        max: 100.039001465
        mean: -0.74089640379
        median: -1.1246368885
        min: -1.85826587677
        var: 5.94817781448
    barkbands_skewness:
        dmean: 0.455188155174
        dmean2: 0.732089161873
        dvar: 0.163600564003
        dvar2: 0.412155926228
        max: 9.35737419128
        mean: -0.152055338025
        median: -0.209551692009
        min: -4.61235427856
        var: 0.541736841202
    barkbands_spread:
        dmean: 6.28876876831
        dmean2: 10.296043396
        dvar: 30.3398094177
        dvar2: 80.0972061157
        max: 70.682182312
        mean: 33.4831008911
        median: 33.7069358826
        min: 0.294904172421
        var: 105.354034424
    dissonance:
        dmean: 0.0113062504679
        dmean2: 0.0192761793733
        dvar: 0.000153747751028
        dvar2: 0.000432855740655
        max: 0.500000119209
        mean: 0.482468128204
        median: 0.486854612827
        min: 0.260597229004
        var: 0.000280521053355
    hfc:
        dmean: 2.85018420219
        dmean2: 4.71601867676
        dvar: 10.7984743118
        dvar2: 27.8626155853
        max: 39.6089019775
        mean: 9.11862659454
        median: 8.32601642609
        min: 1.10627902746e-016
        var: 29.7235584259
    pitch:
        dmean: 820.569580078
        dmean2: 1552.29614258
        dvar: 1313894.25
        dvar2: 3197578.5
        max: 4356.30322266
        mean: 1123.40734863
        median: 372.157409668
        min: 62.0512046814
        var: 1615983.5
    pitch_instantaneous_confidence:
        dmean: 0.080219604075
        dmean2: 0.132199659944
        dvar: 0.00442766817287
        dvar2: 0.0112269110978
        max: 0.978926122189
        mean: 0.337357372046
        median: 0.309741437435
        min: 0.102085471153
        var: 0.0164955258369
    pitch_salience:
        dmean: 0.0723646432161
        dmean2: 0.122182816267
        dvar: 0.00376378628425
        dvar2: 0.0106251621619
        max: 0.943377137184
        mean: 0.645282626152
        median: 0.656834185123
        min: 0.100981004536
        var: 0.00848941225559
    silence_rate_20dB:
        dmean: 0
        dmean2: 0
        dvar: 0
        dvar2: 0
        max: 1
        mean: 1
        median: 1
        min: 1
        var: 0
    silence_rate_30dB:
        dmean: 0
        dmean2: 0
        dvar: 0
        dvar2: 0
        max: 1
        mean: 1
        median: 1
        min: 1
        var: 0
    silence_rate_60dB:
        dmean: 0.0760820060968
        dmean2: 0.152181342244
        dvar: 0.0702989920974
        dvar2: 0.151583060622
        max: 1
        mean: 0.201229929924
        median: 0
        min: 0
        var: 0.160741060972
    spectral_centroid:
        dmean: 333.708587646
        dmean2: 552.906433105
        dvar: 101704.875
        dvar2: 264688.15625
        max: 11476.3144531
        mean: 1730.02307129
        median: 1739.89013672
        min: 250.547668457
        var: 291499.5
    spectral_complexity:
        dmean: 4.5728931427
        dmean2: 7.28351736069
        dvar: 18.4690799713
        dvar2: 44.4017295837
        max: 47
        mean: 18.1161594391
        median: 18
        min: 0
        var: 78.7741394043
    spectral_crest:
        dmean: 2.01746940613
        dmean2: 3.42974090576
        dvar: 3.43439650536
        dvar2: 9.08767032623
        max: 26.5918712616
        mean: 6.27941226959
        median: 5.52998781204
        min: 2.21729421616
        var: 8.24362468719
    spectral_decrease:
        dmean: 3.06720315812e-010
        dmean2: 4.8950277165e-010
        dvar: 1.37958617203e-019
        dvar2: 3.52171680505e-019
        max: 6.9354795635e-029
        mean: -1.14278597696e-009
        median: -1.1087673002e-009
        min: -3.79507625325e-009
        var: 3.38480548898e-019
    spectral_energy:
        dmean: 0.00135375303216
        dmean2: 0.00215623690747
        dvar: 2.55175223174e-006
        dvar2: 6.45025374979e-006
        max: 0.0165210608393
        mean: 0.00514022214338
        median: 0.00496408808976
        min: 1.03780656512e-020
        var: 6.85474560669e-006
    spectral_energyband_high:
        dmean: 0.000195198168512
        dmean2: 0.000341590784956
        dvar: 8.77303421021e-008
        dvar2: 2.40846958377e-007
        max: 0.00305802375078
        mean: 0.000348564586602
        median: 0.000258980784565
        min: 7.40282138809e-021
        var: 1.04499001452e-007
    spectral_energyband_low:
        dmean: 0.000490514037665
        dmean2: 0.000831240555272
        dvar: 3.16882079687e-007
        dvar2: 8.2213244923e-007
        max: 0.00506869377568
        mean: 0.000690472486895
        median: 0.000486697186716
        min: 3.0185667875e-023
        var: 4.17044475398e-007
    spectral_energyband_middle_high:
        dmean: 0.000779618509114
        dmean2: 0.00123910291586
        dvar: 6.37355526578e-007
        dvar2: 1.53606788444e-006
        max: 0.0118569172919
        mean: 0.00271750870161
        median: 0.00250939349644
        min: 1.5940223778e-021
        var: 2.66887059297e-006
    spectral_energyband_middle_low:
        dmean: 0.00076897314284
        dmean2: 0.00129020726308
        dvar: 1.47397008732e-006
        dvar2: 4.03134708904e-006
        max: 0.0111950105056
        mean: 0.00156272412278
        median: 0.00122877932154
        min: 2.65239371117e-022
        var: 1.81574728231e-006
    spectral_flatness_db:
        dmean: 0.0143286800012
        dmean2: 0.0239019785076
        dvar: 0.000194460561033
        dvar2: 0.000520760193467
        max: 0.661503195763
        mean: 0.142198726535
        median: 0.123201467097
        min: 0.0600802339613
        var: 0.0060541825369
    spectral_flux:
        dmean: 0.00801077950746
        dmean2: 0.0120288757607
        dvar: 6.97887589922e-005
        dvar2: 0.000135195397888
        max: 0.102462492883
        mean: 0.0444261133671
        median: 0.0446812771261
        min: 6.49036449585e-011
        var: 0.00026018646895
    spectral_kurtosis:
        dmean: 2.54216194153
        dmean2: 4.48514318466
        dvar: 111.313209534
        dvar2: 356.545806885
        max: 316.041351318
        mean: 8.08076381683
        median: 3.22798156738
        min: -1.23570251465
        var: 624.318908691
    spectral_rms:
        dmean: 0.000281424290733
        dmean2: 0.000438778923126
        dvar: 8.38372002931e-008
        dvar2: 2.01491317853e-007
        max: 0.00401473650709
        mean: 0.00214272737503
        median: 0.002200684743
        min: 3.18197139644e-012
        var: 4.23570440944e-007
    spectral_rolloff:
        dmean: 385.426391602
        dmean2: 650.750671387
        dvar: 212557.171875
        dvar2: 523772.5625
        max: 19121.484375
        mean: 3185.15527344
        median: 3294.58007813
        min: 150.732421875
        var: 590163.25
    spectral_skewness:
        dmean: 0.253884732723
        dmean2: 0.433971196413
        dvar: 0.337023139
        dvar2: 1.0823237896
        max: 13.6409788132
        mean: 1.61920011044
        median: 1.41309440136
        min: -0.131330087781
        var: 1.43208897114
    spectral_spread:
        dmean: 462941.71875
        dmean2: 685788.9375
        dvar: 521216851968
        dvar2: 919307812864
        max: 41567492
        mean: 4961822.5
        median: 4926102.5
        min: 262812.5625
        var: 3.39205790106e+012
    spectral_strongpeak:
        dmean: 0.512673735619
        dmean2: 0.891732156277
        dvar: 0.521178364754
        dvar2: 1.32449245453
        max: 9.4919128418
        mean: 0.630636036396
        median: 0.273685276508
        min: 5.3294563207e-010
        var: 0.699273884296
    zerocrossingrate:
        dmean: 0.00828159507364
        dmean2: 0.0106866238639
        dvar: 6.16536708549e-005
        dvar2: 8.66586633492e-005
        max: 0.51171875
        mean: 0.0976548045874
        median: 0.09912109375
        min: 0.0234375
        var: 0.000536493316758
    barkbands:
        dmean: [2.48706498951e-007, 0.000131128297653, 0.000339825288393, 0.0003076865396, 0.000229858618695, 0.000149933912326, 0.000130624321173, 9.44862840697e-005, 0.000217499240534, 0.000108487700345, 5.67217939533e-005, 6.51391383144e-005, 7.00708624208e-005, 9.20205420698e-005, 0.00010876563465, 0.000175927998498, 0.000231409285334, 0.000207556222449, 0.000235438914387, 0.000178088026587, 8.89378061402e-005, 4.04033562518e-005, 8.84004475665e-006, 3.92604124499e-006, 2.42494093072e-006, 7.47196935436e-008, 3.42616851556e-010]
        dmean2: [3.90790489746e-007, 0.000229366167332, 0.000578803534154, 0.000545639311895, 0.000409402011428, 0.000247481890256, 0.00021234950691, 0.000157133516041, 0.00034031571704, 0.000175713212229, 9.2655987828e-005, 0.000105631566839, 0.000115053189802, 0.000150798703544, 0.000176099012606, 0.000285493500996, 0.000382516620448, 0.000348246016074, 0.000390291650547, 0.000306275789626, 0.000156909169164, 7.0677488111e-005, 1.51022459249e-005, 6.2695107772e-006, 3.74439105144e-006, 1.20805836445e-007, 5.94133464649e-010]
        dvar: [1.45336732016e-013, 2.06527204227e-008, 1.88666675172e-007, 4.45653711267e-007, 2.91887232606e-007, 9.4081151758e-008, 7.97224330995e-008, 3.00292093414e-008, 1.23482507774e-007, 5.50187877479e-008, 1.77024599424e-008, 1.73642344947e-008, 1.23820935727e-008, 2.0891318897e-008, 2.38260255969e-008, 5.19578584601e-008, 8.27870465514e-008, 5.59651134324e-008, 8.87317028742e-008, 5.76020475762e-008, 1.89815363427e-008, 4.47936931991e-009, 2.47418030508e-010, 6.23628926277e-011, 3.30675695159e-011, 2.37746444303e-014, 2.64031889774e-019]
        dvar2: [3.45202246779e-013, 5.75645131562e-008, 4.9795465884e-007, 1.24705627513e-006, 8.39942060793e-007, 2.35532610304e-007, 2.00356709001e-007, 7.73372050844e-008, 3.06323300947e-007, 1.39082629858e-007, 4.4109736308e-008, 4.49907950895e-008, 3.21222834998e-008, 5.40355138412e-008, 6.02514944603e-008, 1.31389938929e-007, 2.22421860485e-007, 1.47603827827e-007, 2.23326935611e-007, 1.5189183955e-007, 5.22318082119e-008, 1.21166188194e-008, 6.44240383263e-010, 1.30328192682e-010, 7.10050560015e-011, 5.43726440825e-014, 6.94715392271e-019]
        max: [1.37243041536e-005, 0.00131993659306, 0.0042298939079, 0.00603823782876, 0.00455827079713, 0.00487773865461, 0.00658840406686, 0.00277558434755, 0.00630073668435, 0.00506324274465, 0.00360745447688, 0.00240947352722, 0.00149485014845, 0.00248189992271, 0.00291003682651, 0.00428679119796, 0.00869330763817, 0.00530651165172, 0.00515094073489, 0.00376148358919, 0.00186969083734, 0.0010192708578, 0.000330530805513, 0.000150805833982, 0.000148747232743, 3.54261783286e-006, 1.602762012e-008]
        mean: [3.77099127036e-007, 0.000159552189871, 0.000391880021198, 0.000300774234347, 0.000259519525571, 0.000212485610973, 0.000185933429748, 0.000135458001751, 0.000390178349335, 0.00016835227143, 8.39259446366e-005, 0.000101019082649, 0.000113024187158, 0.000157637477969, 0.000209969119169, 0.000340781582054, 0.000489476660732, 0.000397921248805, 0.000497422704939, 0.000311582931317, 0.000141078446177, 6.35203396087e-005, 1.52772281581e-005, 8.06147909316e-006, 4.87150146e-006, 1.44600093677e-007, 4.98249552727e-010]
        median: [2.41114122446e-007, 0.000113591908303, 0.000215018619201, 0.000126683255075, 0.000146737453179, 9.50754038058e-005, 7.91615384514e-005, 6.69918663334e-005, 0.000176309928065, 5.72973476665e-005, 3.51379421772e-005, 4.70762279292e-005, 6.19266356807e-005, 9.32225957513e-005, 0.000136695991387, 0.000262679066509, 0.000396688265027, 0.00033323225216, 0.000366514461348, 0.000222462214879, 9.90468761302e-005, 4.04250749853e-005, 1.04474047475e-005, 5.16308182341e-006, 3.00362898997e-006, 8.41845348987e-008, 2.86434126417e-010]
        min: [4.47075558437e-024, 8.92066551932e-024, 3.23889149681e-024, 6.80648437231e-024, 3.37478734221e-023, 3.70298724203e-023, 1.63972028225e-023, 2.66834599328e-023, 2.04745092972e-023, 4.94567256851e-023, 4.5574823212e-023, 7.18895316924e-023, 4.37409614211e-023, 6.23678417269e-023, 1.14773228501e-022, 1.52188446852e-022, 1.29183054045e-022, 1.97692897361e-022, 2.15622973673e-022, 2.59860248511e-022, 3.24469370287e-022, 3.95767073285e-022, 5.15995912345e-022, 8.21477135587e-022, 1.06827740685e-021, 1.49187233742e-021, 2.2725272717e-021]
        var: [3.58355895956e-013, 2.52470950812e-008, 2.20361343395e-007, 3.45647947597e-007, 2.00071397671e-007, 1.32586578161e-007, 1.21841850387e-007, 4.49501200706e-008, 3.17268842309e-007, 1.08780817243e-007, 2.89986115121e-008, 2.67691575573e-008, 2.23947704825e-008, 3.82546190281e-008, 5.20258964798e-008, 9.54163610345e-008, 1.6923485191e-007, 9.52738332671e-008, 2.21163546144e-007, 8.94758471759e-008, 2.25273364407e-008, 5.66220981213e-009, 3.37234351555e-010, 1.44553632953e-010, 6.22526197258e-011, 4.40055300142e-014, 4.18985798617e-019]
    frequency_bands:
        dmean: [2.48706498951e-007, 0.000131128297653, 0.000339825288393, 0.0003076865396, 0.000229858618695, 0.000149933912326, 0.000130624321173, 9.44862840697e-005, 0.000217499240534, 0.000108487700345, 5.67217939533e-005, 6.51391383144e-005, 7.00708624208e-005, 9.20205420698e-005, 0.00010876563465, 0.000175927998498, 0.000231409285334, 0.000207556222449, 0.000235438914387, 0.000178088026587, 8.89378061402e-005, 4.04033562518e-005, 8.84004475665e-006, 3.92604124499e-006, 2.42494093072e-006, 7.47196935436e-008, 3.42616851556e-010, 6.25342069793e-011]
        dmean2: [3.90790489746e-007, 0.000229366167332, 0.000578803534154, 0.000545639311895, 0.000409402011428, 0.000247481890256, 0.00021234950691, 0.000157133516041, 0.00034031571704, 0.000175713212229, 9.2655987828e-005, 0.000105631566839, 0.000115053189802, 0.000150798703544, 0.000176099012606, 0.000285493500996, 0.000382516620448, 0.000348246016074, 0.000390291650547, 0.000306275789626, 0.000156909169164, 7.0677488111e-005, 1.51022459249e-005, 6.2695107772e-006, 3.74439105144e-006, 1.20805836445e-007, 5.94133464649e-010, 1.16954099183e-010]
        dvar: [1.45336732016e-013, 2.06527204227e-008, 1.88666675172e-007, 4.45653711267e-007, 2.91887232606e-007, 9.4081151758e-008, 7.97224330995e-008, 3.00292093414e-008, 1.23482507774e-007, 5.50187877479e-008, 1.77024599424e-008, 1.73642344947e-008, 1.23820935727e-008, 2.0891318897e-008, 2.38260255969e-008, 5.19578584601e-008, 8.27870465514e-008, 5.59651134324e-008, 8.87317028742e-008, 5.76020475762e-008, 1.89815363427e-008, 4.47936931991e-009, 2.47418030508e-010, 6.23628926277e-011, 3.30675695159e-011, 2.37746444303e-014, 2.64031889774e-019, 7.81770577966e-021]
        dvar2: [3.45202246779e-013, 5.75645131562e-008, 4.9795465884e-007, 1.24705627513e-006, 8.39942060793e-007, 2.35532610304e-007, 2.00356709001e-007, 7.73372050844e-008, 3.06323300947e-007, 1.39082629858e-007, 4.4109736308e-008, 4.49907950895e-008, 3.21222834998e-008, 5.40355138412e-008, 6.02514944603e-008, 1.31389938929e-007, 2.22421860485e-007, 1.47603827827e-007, 2.23326935611e-007, 1.5189183955e-007, 5.22318082119e-008, 1.21166188194e-008, 6.44240383263e-010, 1.30328192682e-010, 7.10050560015e-011, 5.43726440825e-014, 6.94715392271e-019, 2.52100901575e-020]
        max: [1.37243041536e-005, 0.00131993659306, 0.0042298939079, 0.00603823782876, 0.00455827079713, 0.00487773865461, 0.00658840406686, 0.00277558434755, 0.00630073668435, 0.00506324274465, 0.00360745447688, 0.00240947352722, 0.00149485014845, 0.00248189992271, 0.00291003682651, 0.00428679119796, 0.00869330763817, 0.00530651165172, 0.00515094073489, 0.00376148358919, 0.00186969083734, 0.0010192708578, 0.000330530805513, 0.000150805833982, 0.000148747232743, 3.54261783286e-006, 1.602762012e-008, 1.17451859349e-009]
        mean: [3.77099127036e-007, 0.000159552189871, 0.000391880021198, 0.000300774234347, 0.000259519525571, 0.000212485610973, 0.000185933429748, 0.000135458001751, 0.000390178349335, 0.00016835227143, 8.39259446366e-005, 0.000101019082649, 0.000113024187158, 0.000157637477969, 0.000209969119169, 0.000340781582054, 0.000489476660732, 0.000397921248805, 0.000497422704939, 0.000311582931317, 0.000141078446177, 6.35203396087e-005, 1.52772281581e-005, 8.06147909316e-006, 4.87150146e-006, 1.44600093677e-007, 4.98249552727e-010, 4.72418909547e-011]
        median: [2.41114122446e-007, 0.000113591908303, 0.000215018619201, 0.000126683255075, 0.000146737453179, 9.50754038058e-005, 7.91615384514e-005, 6.69918663334e-005, 0.000176309928065, 5.72973476665e-005, 3.51379421772e-005, 4.70762279292e-005, 6.19266356807e-005, 9.32225957513e-005, 0.000136695991387, 0.000262679066509, 0.000396688265027, 0.00033323225216, 0.000366514461348, 0.000222462214879, 9.90468761302e-005, 4.04250749853e-005, 1.04474047475e-005, 5.16308182341e-006, 3.00362898997e-006, 8.41845348987e-008, 2.86434126417e-010, 1.79808043455e-011]
        min: [4.47075558437e-024, 8.92066551932e-024, 3.23889149681e-024, 6.80648437231e-024, 3.37478734221e-023, 3.70298724203e-023, 1.63972028225e-023, 2.66834599328e-023, 2.04745092972e-023, 4.94567256851e-023, 4.5574823212e-023, 7.18895316924e-023, 4.37409614211e-023, 6.23678417269e-023, 1.14773228501e-022, 1.52188446852e-022, 1.29183054045e-022, 1.97692897361e-022, 2.15622973673e-022, 2.59860248511e-022, 3.24469370287e-022, 3.95767073285e-022, 5.15995912345e-022, 8.21477135587e-022, 1.06827740685e-021, 1.49187233742e-021, 2.2725272717e-021, 6.35904940884e-022]
        var: [3.58355895956e-013, 2.52470950812e-008, 2.20361343395e-007, 3.45647947597e-007, 2.00071397671e-007, 1.32586578161e-007, 1.21841850387e-007, 4.49501200706e-008, 3.17268842309e-007, 1.08780817243e-007, 2.89986115121e-008, 2.67691575573e-008, 2.23947704825e-008, 3.82546190281e-008, 5.20258964798e-008, 9.54163610345e-008, 1.6923485191e-007, 9.52738332671e-008, 2.21163546144e-007, 8.94758471759e-008, 2.25273364407e-008, 5.66220981213e-009, 3.37234351555e-010, 1.44553632953e-010, 6.22526197258e-011, 4.40055300142e-014, 4.18985798617e-019, 5.93106755335e-021]
    mfcc:
        mean: [-695.44909668, 95.5811233521, -46.8340911865, 43.1162452698, -1.13692069054, -5.94737625122, -3.54708313942, 1.06387639046, 6.02717161179, 1.48787987232, 0.0954176932573, -3.84855031967, -3.738758564]
        cov: [[7427.26074219, -208.0418396, -170.723709106, 1618.9128418, -8.86117267609, 226.924346924, 533.055175781, 438.067810059, 19.3439064026, -106.34262085, 18.9827308655, -126.507072449, -140.375610352], [-208.0418396, 597.517150879, -235.2840271, -82.7852401733, 23.2816829681, -72.4322891235, -41.3318901062, -28.957233429, 22.1311092377, 5.99676465988, -1.48174357414, 18.2631969452, 11.1686010361], [-170.723709106, -235.2840271, 379.414367676, 4.15001535416, 47.8079032898, 49.0901641846, -1.9746414423, 21.7252902985, -23.9449710846, -23.239490509, -9.82288646698, -0.314729422331, -1.70752751827], [1618.9128418, -82.7852401733, 4.15001535416, 952.85925293, 161.050720215, 93.4406738281, 267.502807617, 170.548995972, 15.1638507843, -98.5425491333, -41.0895957947, -44.2806167603, -45.1056442261], [-8.86117267609, 23.2816829681, 47.8079032898, 161.050720215, 212.359848022, 8.84525108337, 6.3414812088, 11.5423984528, -5.2070980072, -19.7435283661, -27.6900234222, 7.41500043869, -5.3158159256], [226.924346924, -72.4322891235, 49.0901641846, 93.4406738281, 8.84525108337, 108.1561203, 63.9929542542, 26.9264030457, 0.292875111103, -7.37375545502, 4.79507923126, -12.0567274094, -10.3174295425], [533.055175781, -41.3318901062, -1.9746414423, 267.502807617, 6.3414812088, 63.9929542542, 227.633331299, 132.033462524, 20.0033931732, -23.8887233734, -6.15367984772, -12.0477056503, -26.9009170532], [438.067810059, -28.957233429, 21.7252902985, 170.548995972, 11.5423984528, 26.9264030457, 132.033462524, 161.939941406, 41.4672927856, -20.1097679138, -10.1713180542, -11.1997652054, -26.0090503693], [19.3439064026, 22.1311092377, -23.9449710846, 15.1638507843, -5.2070980072, 0.292875111103, 20.0033931732, 41.4672927856, 75.0743560791, 31.0068798065, 6.24975919724, -0.728822946548, -8.39829826355], [-106.34262085, 5.99676465988, -23.239490509, -98.5425491333, -19.7435283661, -7.37375545502, -23.8887233734, -20.1097679138, 31.0068798065, 126.93144989, 61.1163711548, 7.50751018524, 0.680286049843], [18.9827308655, -1.48174357414, -9.82288646698, -41.0895957947, -27.6900234222, 4.79507923126, -6.15367984772, -10.1713180542, 6.24975919724, 61.1163711548, 83.0525360107, 25.0242767334, 7.64452409744], [-126.507072449, 18.2631969452, -0.314729422331, -44.2806167603, 7.41500043869, -12.0567274094, -12.0477056503, -11.1997652054, -0.728822946548, 7.50751018524, 25.0242767334, 61.4993362427, 28.198381424], [-140.375610352, 11.1686010361, -1.70752751827, -45.1056442261, -5.3158159256, -10.3174295425, -26.9009170532, -26.0090503693, -8.39829826355, 0.680286049843, 7.64452409744, 28.198381424, 62.0334701538]]
        icov: [[0.000267615920166, 2.46532872552e-005, 0.000179447262781, -0.000493679428473, 0.000354734715074, -0.000257901760051, 0.0003220270155, -0.000575701473281, 0.000437647599028, -0.00015814845392, -0.000146572696394, 5.1166076446e-005, 0.000188689155038], [2.46532872552e-005, 0.00247979629785, 0.00154227192979, 0.000306720496155, -0.000884524080902, 0.000796373176854, -7.74047512095e-005, 3.89751330658e-005, -0.000626113498583, 0.000662414473481, -0.000371413712855, -9.96397284325e-005, -8.67401759024e-005], [0.000179447262781, 0.00154227192979, 0.00421482045203, 0.00014185209875, -0.00103312241845, -0.00151937326882, 0.00118686398491, -0.00187082774937, 0.00130970648024, 0.000420224765548, -0.000186786259292, -0.000221600814257, 3.3074455132e-005], [-0.000493679428473, 0.000306720496155, 0.00014185209875, 0.00313366157934, -0.0025090619456, 0.000378659460694, -0.00275597837754, 0.000977663788944, -0.00135126349051, 0.00207313941792, -0.00111809303053, 0.00164616771508, -0.000643361068796], [0.000354734715074, -0.000884524080902, -0.00103312241845, -0.0025090619456, 0.00745215965435, -0.00101683987305, 0.00237710098736, -0.00113686209079, 0.00169532443397, -0.00242899334989, 0.0037104904186, -0.00356326508336, 0.00155145768076], [-0.000257901760051, 0.000796373176854, -0.00151937326882, 0.000378659460694, -0.00101683987305, 0.0134368753061, -0.00487978151068, 0.00303984060884, -0.00166615576018, 0.00159692950547, -0.00294881104492, 0.00304429233074, -0.000450915191323], [0.0003220270155, -7.74047512095e-005, 0.00118686398491, -0.00275597837754, 0.00237710098736, -0.00487978151068, 0.0130216656253, -0.00908584520221, 0.00343268504366, -0.0019440469332, 0.00145946023986, -0.00264852796681, 0.00151102605741], [-0.000575701473281, 3.89751330658e-005, -0.00187082774937, 0.000977663788944, -0.00113686209079, 0.00303984060884, -0.00908584520221, 0.0168565344065, -0.00882718805224, 0.00349543406628, -0.00103562336881, 0.000752440595534, 0.00143739779014], [0.000437647599028, -0.000626113498583, 0.00130970648024, -0.00135126349051, 0.00169532443397, -0.00166615576018, 0.00343268504366, -0.00882718805224, 0.0212796293199, -0.00805377587676, 0.00413939729333, -0.00242506316863, 0.0013738143025], [-0.00015814845392, 0.000662414473481, 0.000420224765548, 0.00207313941792, -0.00242899334989, 0.00159692950547, -0.0019440469332, 0.00349543406628, -0.00805377587676, 0.0172885358334, -0.0131189171225, 0.0050820177421, -0.000251576479059], [-0.000146572696394, -0.000371413712855, -0.000186786259292, -0.00111809303053, 0.0037104904186, -0.00294881104492, 0.00145946023986, -0.00103562336881, 0.00413939729333, -0.0131189171225, 0.0255124270916, -0.0114364158362, 0.00170220376458], [5.1166076446e-005, -9.96397284325e-005, -0.000221600814257, 0.00164616771508, -0.00356326508336, 0.00304429233074, -0.00264852796681, 0.000752440595534, -0.00242506316863, 0.0050820177421, -0.0114364158362, 0.0270861573517, -0.0105946846306], [0.000188689155038, -8.67401759024e-005, 3.3074455132e-005, -0.000643361068796, 0.00155145768076, -0.000450915191323, 0.00151102605741, 0.00143739779014, 0.0013738143025, -0.000251576479059, 0.00170220376458, -0.0105946846306, 0.0222068987787]]
    sccoeffs:
        dmean: [0.0665281638503, 0.0506355501711, 0.0401370003819, 0.0298655238003, 0.0215519182384, 0.0211741253734]
        dmean2: [0.112742692232, 0.0845127031207, 0.0667404383421, 0.050015412271, 0.0356737673283, 0.03474425897]
        dvar: [0.0028316618409, 0.0016220791731, 0.00101459550206, 0.000558244239073, 0.000284731737338, 0.000382125785109]
        dvar2: [0.00789906363934, 0.00440322235227, 0.00273807859048, 0.00153135880828, 0.000761530827731, 0.00101424299646]
        max: [-0.340591609478, -0.465641081333, -0.551592111588, -0.585047602654, -0.439814180136, -0.492319315672]
        mean: [-0.660217702389, -0.763205111027, -0.781678140163, -0.790337979794, -0.780497014523, -0.780612468719]
        median: [-0.66494601965, -0.768782019615, -0.787949681282, -0.792563080788, -0.785315990448, -0.779214501381]
        min: [-0.977873802185, -0.971565783024, -0.965686619282, -0.965630829334, -0.960741341114, -0.961888790131]
        var: [0.00639750761911, 0.00421622209251, 0.00360790384002, 0.00169307435863, 0.00215845974162, 0.00255464203656]
    scvalleys:
        dmean: [0.407150626183, 0.355057507753, 0.299875736237, 0.251327484846, 0.253374189138, 0.27488297224]
        dmean2: [0.688850462437, 0.589539766312, 0.480869650841, 0.39825719595, 0.404309630394, 0.43827277422]
        dvar: [0.132265910506, 0.103523544967, 0.083421446383, 0.0690082684159, 0.0782842859626, 0.137424990535]
        dvar2: [0.336119443178, 0.229802891612, 0.165536761284, 0.127189770341, 0.154970481992, 0.330324351788]
        max: [-5.24075222015, -4.77762889862, -5.02177047729, -5.47865390778, -5.66585254669, -7.45167684555]
        mean: [-7.00785589218, -6.59837341309, -6.880838871, -6.9264793396, -7.06038427353, -9.51251506805]
        median: [-6.62591218948, -6.44670677185, -6.75050973892, -6.73019695282, -6.66327810287, -8.99434661865]
        min: [-27.8324966431, -27.7847251892, -27.5098209381, -27.468744278, -27.3671169281, -27.2998256683]
        var: [2.831594944, 1.33365750313, 1.36198675632, 1.34232485294, 3.06474757195, 3.57748889923]

rhythm:
    beats_loudness:
        dmean: 0.00161471415777
        dmean2: 0.00292796385475
        dvar: 1.69870440914e-006
        dvar2: 4.70477425552e-006
        max: 0.0116088651121
        mean: 0.00603842409328
        median: 0.00635994086042
        min: 3.5121905384e-009
        var: 5.24820734427e-006
    bpm: 103.854476929
    bpm_confidence: 0
    first_peak_bpm: 103
    first_peak_spread: 0.334310859442
    first_peak_weight: 0.648571431637
    onset_rate: 3.6446659565
    second_peak_bpm: 96
    second_peak_spread: 0.375
    second_peak_weight: 0.0142857143655
    beats_loudness_band_ratio:
        dmean: [0.174644336104, 0.0710810795426, 0.102757483721, 0.061377607286, 0.133323580027, 0.0639487802982]
        dmean2: [0.318433940411, 0.125831097364, 0.189459681511, 0.108444802463, 0.248236209154, 0.108511716127]
        dvar: [0.0171639323235, 0.00450614979491, 0.0114672333002, 0.00452700536698, 0.0118845077232, 0.00427655642852]
        dvar2: [0.0487794019282, 0.0131091447547, 0.0353356674314, 0.013222405687, 0.0337479561567, 0.0114174652845]
        max: [0.806862235069, 0.539472818375, 0.823238790035, 0.493709951639, 0.9361089468, 0.688599646091]
        mean: [0.269232869148, 0.0892703682184, 0.150061383843, 0.0918358936906, 0.274534642696, 0.150929093361]
        median: [0.268903046846, 0.0698313862085, 0.0957651287317, 0.0682796835899, 0.250274121761, 0.144004136324]
        min: [9.39942310652e-008, 0.00344461621717, 0.0043476796709, 0.00489515485242, 0.0566754676402, 4.06104391004e-006]
        var: [0.0262217726558, 0.00541679700837, 0.0209248717874, 0.00476680882275, 0.0159197244793, 0.00718774087727]
    beats_position: [0.568888902664, 1.14938771725, 1.71827661991, 2.29877543449, 2.87927436829, 3.47138309479, 4.06349182129, 4.65560102463, 5.25931978226, 5.86303853989, 6.47836732864, 7.08208608627, 7.6858048439, 8.28952407837, 8.893242836, 9.49696159363, 10.077460289, 10.6579589844, 11.2384576797, 11.8189563751, 12.3994560242, 12.9683446884, 13.5372333527, 14.117732048, 14.6982307434, 15.2671203613, 15.8476190567, 16.4165077209, 16.99700737, 17.5775051117, 18.1580047607, 18.7385025024, 19.3190021515, 19.8994998932, 20.4683895111, 21.0488891602, 21.6177768707, 22.1982765198, 22.7787742615, 23.3592739105, 23.9281635284, 24.497051239, 25.0775508881, 25.6580486298, 26.2385482788, 26.8190479279, 27.3995456696, 27.9800453186, 28.5605430603, 29.1410427094, 29.7099323273, 30.2788200378, 30.8593196869, 31.4398174286, 32.0203170776, 32.5892066956, 33.1580963135, 33.7385940552, 34.3190917969, 34.8995895386, 35.480091095, 36.0605888367, 36.6294784546, 37.1983680725, 37.7788658142, 38.3593635559, 38.9398651123, 39.520362854, 40.0892524719, 40.6581382751, 41.2386398315, 41.8191375732, 42.3996353149, 42.9685249329, 43.5374145508, 44.1179122925, 44.6984100342, 45.2789115906, 45.8594093323, 46.439907074, 47.0204086304, 47.5892944336, 48.1581840515, 48.7386856079, 49.3191833496, 49.8996810913, 50.480178833, 51.0490684509, 51.6179580688, 52.1984558105, 52.7789573669, 53.3478431702, 53.9167327881, 54.4972343445, 55.0777320862, 55.6582298279, 56.2387275696, 56.819229126, 57.3997268677, 57.9686164856, 58.5375061035, 59.1180038452, 59.6985015869, 60.2789993286, 60.859500885, 61.4399986267, 62.0088882446, 62.5777778625, 63.1582756042, 63.7387733459, 64.3192749023, 64.899772644, 65.4802703857, 66.049156189, 66.6180496216, 67.1985473633, 67.779045105, 68.3479385376, 68.9284362793, 69.508934021, 70.0778198242, 70.6583175659, 71.2272109985, 71.7960968018, 72.3765945435, 72.9570999146, 73.5375976563, 74.1180953979, 74.6985931396, 75.2790908813, 75.859588623, 76.4400863647, 77.0089797974, 77.5778656006, 78.1583633423, 78.738861084, 79.3193664551, 79.8998641968, 80.4803619385, 81.0492477417, 81.6181411743, 82.198638916, 82.7791366577, 83.3596343994, 83.928527832, 84.4974136353, 85.077911377, 85.6584091187, 86.2389068604, 86.8194122314, 87.3999099731, 87.9804077148, 88.5492935181, 89.1297912598, 89.6986846924, 90.2791824341, 90.8596801758, 91.4401779175, 92.0090713501, 92.5779571533, 93.158454895, 93.7389526367, 94.3194503784, 94.888343811, 95.4688415527, 96.037727356, 96.6182327271, 97.1987304688, 97.7792282104, 98.3597259521, 98.9402236938, 99.5091171265, 100.07800293, 100.658500671, 101.238998413, 101.819496155, 102.400001526, 102.968887329, 103.537773132, 104.118278503, 104.698776245, 105.279273987, 105.859771729, 106.44026947, 107.009155273, 107.589660645, 108.158546448, 108.739044189, 109.319541931, 109.900039673, 110.480545044, 111.049430847, 111.61831665, 112.198822021, 112.779319763, 113.359817505, 113.940315247, 114.50920105, 115.078094482, 115.658592224, 116.239089966, 116.819587708, 117.400085449, 117.968978882, 118.537864685, 119.118362427, 119.698867798, 120.27936554, 120.859863281, 121.428749084, 121.997642517, 122.578140259, 123.158638, 123.739135742, 124.319633484, 124.900131226, 125.480628967, 126.0495224, 126.618408203, 127.198905945, 127.779411316, 128.348297119, 128.92880249, 129.509292603, 130.078186035, 130.647079468, 131.22756958, 131.808074951, 132.376953125, 132.945846558, 133.537963867, 134.118453979, 134.698959351, 135.279449463, 135.848342896, 136.428848267, 137.009338379, 137.578231812, 138.158721924, 138.739227295, 139.319732666, 139.900222778, 140.469116211, 141.049606323, 141.618499756, 142.199005127, 142.779495239, 143.36000061, 143.940490723, 144.520996094, 145.078277588, 145.6587677, 146.239273071, 146.819763184, 147.400268555, 147.969161987, 148.538040161, 149.118545532, 149.699050903, 150.279541016, 150.860046387, 151.440536499, 152.02104187, 152.589935303, 153.158813477, 153.739318848, 154.31980896, 154.900314331, 155.469207764, 156.038085938, 156.618591309, 157.19909668, 157.779586792, 158.360092163, 158.940582275, 159.509475708, 160.089981079, 160.658859253, 161.239364624, 161.808258057, 162.388748169, 162.957641602, 163.538131714, 164.118637085, 164.699142456, 165.279632568, 165.860137939, 166.429016113, 166.997909546, 167.578414917, 168.158905029, 168.7394104, 169.308303833, 169.877182007, 170.457687378, 171.03817749, 171.618682861, 172.199172974, 172.779678345, 173.348571777, 173.92906189, 174.509567261, 175.078460693, 175.658950806, 176.239456177, 176.808334351, 177.377227783, 177.957733154, 178.538223267, 179.118728638, 179.69921875, 180.279724121, 180.860229492, 181.429107666, 182.009613037, 182.57850647, 183.158996582, 183.739501953, 184.308380127, 184.888885498, 185.457778931, 186.038269043, 186.618774414, 187.199264526, 187.768157959, 188.34866333, 188.917541504, 189.498046875, 190.078552246, 190.659042358, 191.239547729, 191.820037842, 192.388931274, 192.957824707, 193.538314819, 194.11882019, 194.699310303, 195.279815674, 195.848709106, 196.41758728, 196.998092651, 197.590194702, 198.19392395, 198.797637939, 199.412963867, 200.028289795, 200.655227661, 201.282180786, 201.909118652, 202.536056519, 203.162994385]
