
metadata:
    version:
        essentia: "2.1-beta2"
    audio_properties:
        analysis_sample_rate: 44100
        bitrate: 320
        channels: 2
        equal_loudness: 1
        length: 256.287353516
        replay_gain: -14.4157218933
        downmix: "mix"
    tags:
        album: "Deceiver Of The Gods"
        artist: "Amon Amarth"
        comment: ""
        date: "2013"
        genre: "Death Metal"
        title: "Coming Of The Tide"
        tracknumber: "09"

configuration:
    average_loudness:
        compute: 1
        frameSize: 88200
        hopSize: 44100
        silentFrames: "noise"
        windowType: "hann"
    general:
        analysisSampleRate: 44100
        endTime: 2000
        equalLoudness: 1
        nequalLoudness: 0
        shortSound: 0
        startTime: 0
    lowlevel:
        compute: 1
        frameSize: 2048
        hopSize: 1024
        zeroPadding: 0
        silentFrames: "noise"
        windowType: "blackmanharris62"
        mfccStats: ["mean", "cov", "icov"]
        stats: ["mean", "var", "median", "min", "max", "dmean", "dmean2", "dvar", "dvar2"]
    panning:
        compute: 0
        frameSize: 8192
        hopSize: 2048
        zeroPadding: 8192
        silentFrames: "noise"
        windowType: "hann"
        stats: ["copy"]
    rhythm:
        compute: 1
        maxTempo: 208
        minTempo: 40
        method: "degara"
        stats: ["mean", "var", "median", "min", "max", "dmean", "dmean2", "dvar", "dvar2"]
    segmentation:
        compute: 0
        cpw: 5
        inc1: 300
        inc2: 50
        minimumSegmentsLength: 10
        size1: 1000
        size2: 600
    sfx:
        compute: 1
        stats: ["mean", "var", "median", "min", "max", "dmean", "dmean2", "dvar", "dvar2"]
    svm:
        compute: 0
    tonal:
        compute: 1
        frameSize: 4096
        hopSize: 2048
        zeroPadding: 0
        silentFrames: "noise"
        windowType: "blackmanharris62"
        stats: ["mean", "var", "median", "min", "max", "dmean", "dmean2", "dvar", "dvar2"]

lowlevel:
    average_loudness: 0.953902900219
    barkbands_kurtosis:
        dmean: 0.543988823891
        dmean2: 0.905472636223
        dvar: 0.733816981316
        dvar2: 1.7386995554
        max: 37.906036377
        mean: -1.01641917229
        median: -1.30379426479
        min: -1.90093517303
        var: 1.56165850163
    barkbands_skewness:
        dmean: 0.430447161198
        dmean2: 0.677841722965
        dvar: 0.13779476285
        dvar2: 0.334116101265
        max: 5.92109489441
        mean: -0.229248508811
        median: -0.311934500933
        min: -2.340082407
        var: 0.482713580132
    barkbands_spread:
        dmean: 5.76759147644
        dmean2: 9.4846534729
        dvar: 23.331987381
        dvar2: 62.5136489868
        max: 69.9856491089
        mean: 40.2453918457
        median: 40.6450843811
        min: 2.61938929558
        var: 69.8059158325
    dissonance:
        dmean: 0.00791435874999
        dmean2: 0.013548408635
        dvar: 5.47832241864e-005
        dvar2: 0.000151459593326
        max: 0.500000119209
        mean: 0.487196803093
        median: 0.489141076803
        min: 0.401644825935
        var: 7.80117188697e-005
    hfc:
        dmean: 3.54065895081
        dmean2: 6.03977298737
        dvar: 14.1977853775
        dvar2: 37.5561180115
        max: 37.6351699829
        mean: 10.4924707413
        median: 9.72846031189
        min: 1.15678958734e-016
        var: 24.6159439087
    pitch:
        dmean: 1013.69287109
        dmean2: 1949.66943359
        dvar: 2079378.625
        dvar2: 4937817.5
        max: 4395.23046875
        mean: 2467.76635742
        median: 3646.71630859
        min: 61.6497879028
        var: 2703358
    pitch_instantaneous_confidence:
        dmean: 0.0793347582221
        dmean2: 0.133762568235
        dvar: 0.00404280470684
        dvar2: 0.0107598733157
        max: 0.809630513191
        mean: 0.362574249506
        median: 0.36177021265
        min: 0.124725580215
        var: 0.0108072031289
    pitch_salience:
        dmean: 0.0570412352681
        dmean2: 0.0957116112113
        dvar: 0.0026238723658
        dvar2: 0.0068249264732
        max: 0.854039847851
        mean: 0.692106246948
        median: 0.706190466881
        min: 0.197592109442
        var: 0.00561376800761
    silence_rate_20dB:
        dmean: 0
        dmean2: 0
        dvar: 0
        dvar2: 0
        max: 1
        mean: 1
        median: 1
        min: 1
        var: 0
    silence_rate_30dB:
        dmean: 0
        dmean2: 0
        dvar: 0
        dvar2: 0
        max: 1
        mean: 1
        median: 1
        min: 1
        var: 0
    silence_rate_60dB:
        dmean: 0.102554813027
        dmean2: 0.205128207803
        dvar: 0.0920275002718
        dvar2: 0.208516865969
        max: 1
        mean: 0.114956066012
        median: 0
        min: 0
        var: 0.101760774851
    spectral_centroid:
        dmean: 327.161560059
        dmean2: 518.673217773
        dvar: 89957.5
        dvar2: 204612.640625
        max: 11204.3984375
        mean: 2004.59484863
        median: 2055.66723633
        min: 206.128219604
        var: 285166.59375
    spectral_complexity:
        dmean: 5.23391914368
        dmean2: 8.34438705444
        dvar: 19.5862960815
        dvar2: 46.6716194153
        max: 46
        mean: 20.2249298096
        median: 20
        min: 0
        var: 63.6035804749
    spectral_crest:
        dmean: 1.75945615768
        dmean2: 2.97752547264
        dvar: 2.98759937286
        dvar2: 8.00728702545
        max: 22.9832134247
        mean: 5.99171686172
        median: 5.48241043091
        min: 2.46004390717
        var: 4.75927019119
    spectral_decrease:
        dmean: 3.86454673817e-010
        dmean2: 6.58465337811e-010
        dvar: 2.94743684202e-019
        dvar2: 7.93840684374e-019
        max: 1.52957912897e-029
        mean: -1.15400822231e-009
        median: -1.06938591315e-009
        min: -5.20479126465e-009
        var: 3.33627583642e-019
    spectral_energy:
        dmean: 0.00173338141758
        dmean2: 0.00296488730237
        dvar: 5.39113761988e-006
        dvar2: 1.44494697452e-005
        max: 0.0224911328405
        mean: 0.00530719710514
        median: 0.00495216110721
        min: 1.06654842569e-020
        var: 6.39091831545e-006
    spectral_energyband_high:
        dmean: 0.000336908356985
        dmean2: 0.00059265375603
        dvar: 1.40360668865e-007
        dvar2: 3.76452192086e-007
        max: 0.00358207942918
        mean: 0.000689650129061
        median: 0.000598106300458
        min: 7.7749702688e-021
        var: 1.83590742608e-007
    spectral_energyband_low:
        dmean: 0.000308646878693
        dmean2: 0.000518096552696
        dvar: 1.25292643816e-007
        dvar2: 3.08083599521e-007
        max: 0.00680169602856
        mean: 0.000537182902917
        median: 0.00041893843445
        min: 3.27633403025e-023
        var: 2.26630163525e-007
    spectral_energyband_middle_high:
        dmean: 0.000728253973648
        dmean2: 0.00119804579299
        dvar: 4.75540872458e-007
        dvar2: 1.22563460536e-006
        max: 0.00806840416044
        mean: 0.00246135564521
        median: 0.00230765668675
        min: 1.55686851854e-021
        var: 1.37320512295e-006
    spectral_energyband_middle_low:
        dmean: 0.000997082446702
        dmean2: 0.00168550340459
        dvar: 2.78978063761e-006
        dvar2: 7.61528735893e-006
        max: 0.0146911628544
        mean: 0.00179995049257
        median: 0.00135619891807
        min: 2.25636938087e-022
        var: 2.69452175417e-006
    spectral_flatness_db:
        dmean: 0.0131547292694
        dmean2: 0.0206198450178
        dvar: 0.000140654068673
        dvar2: 0.000321835541399
        max: 0.30511072278
        mean: 0.13776256144
        median: 0.135200887918
        min: 0.0391013734043
        var: 0.000484711694298
    spectral_flux:
        dmean: 0.00910433195531
        dmean2: 0.0142788700759
        dvar: 0.000110117536678
        dvar2: 0.000212663086131
        max: 0.116397090256
        mean: 0.0460418090224
        median: 0.0443239957094
        min: 1.05232954295e-010
        var: 0.000211095146369
    spectral_kurtosis:
        dmean: 0.966792464256
        dmean2: 1.66640210152
        dvar: 0.84783667326
        dvar2: 2.57598471642
        max: 25.4676589966
        mean: 3.10702443123
        median: 2.87070775032
        min: -1.21116864681
        var: 3.54785203934
    spectral_rms:
        dmean: 0.000344353931723
        dmean2: 0.000575734418817
        dvar: 1.49685021711e-007
        dvar2: 3.90947576534e-007
        max: 0.00468428945169
        mean: 0.00221035559662
        median: 0.00219803932123
        min: 3.22573261505e-012
        var: 2.92088117249e-007
    spectral_rolloff:
        dmean: 285.573303223
        dmean2: 465.852996826
        dvar: 147634.265625
        dvar2: 288731.5
        max: 18604.6875
        mean: 3768.77246094
        median: 3897.50976563
        min: 150.732421875
        var: 376135.78125
    spectral_skewness:
        dmean: 0.170897692442
        dmean2: 0.279504150152
        dvar: 0.0233215708286
        dvar2: 0.0595233887434
        max: 3.96309518814
        mean: 1.0427056551
        median: 1.01443481445
        min: -0.00550822122023
        var: 0.124967120588
    spectral_spread:
        dmean: 404023.09375
        dmean2: 621252.4375
        dvar: 370980978688
        dvar2: 552963538944
        max: 40609844
        mean: 4250562.5
        median: 4159679
        min: 2091821.375
        var: 1.09490005606e+012
    spectral_strongpeak:
        dmean: 0.482254654169
        dmean2: 0.857173085213
        dvar: 0.646006345749
        dvar2: 1.71077418327
        max: 9.82156562805
        mean: 0.54835408926
        median: 0.206120491028
        min: 6.8347694171e-010
        var: 0.879846453667
    zerocrossingrate:
        dmean: 0.0084219891578
        dmean2: 0.0106752514839
        dvar: 6.81706078467e-005
        dvar2: 9.50968023972e-005
        max: 0.50634765625
        mean: 0.113034121692
        median: 0.11572265625
        min: 0.0166015625
        var: 0.000448277045507
    barkbands:
        dmean: [1.06099560071e-006, 0.000114187423605, 0.000177589565283, 0.00023762267665, 0.000587126007304, 0.000198192879907, 0.000156700683874, 0.000114803537144, 9.23198604141e-005, 7.23162520444e-005, 4.89400154038e-005, 4.66897217848e-005, 4.62948883069e-005, 4.37706985394e-005, 4.70532977488e-005, 0.000128859726829, 0.000147949249367, 0.000158063194249, 0.00033473368967, 0.000323332264088, 0.000140233751154, 5.72072494833e-005, 4.70649638373e-006, 1.4215926285e-006, 8.94568245258e-007, 4.07014972836e-008, 5.89333193357e-010]
        dmean2: [1.81204052296e-006, 0.000201781891519, 0.000295903417282, 0.000402318779379, 0.00099999003578, 0.00033857167, 0.000269738084171, 0.000195274173166, 0.000150554697029, 0.000118878007925, 8.10921410448e-005, 7.77205787017e-005, 7.5711592217e-005, 7.20345051377e-005, 7.84848234616e-005, 0.000214878935367, 0.000246465206146, 0.000269306008704, 0.000567659095395, 0.00055626151152, 0.000237880973145, 0.000104065518826, 8.32563455333e-006, 2.41846237259e-006, 1.50580183345e-006, 6.49999805091e-008, 9.79361369779e-010]
        dvar: [1.69821437728e-012, 1.96573957112e-008, 4.79738382353e-008, 9.76803420372e-008, 1.33100138555e-006, 9.42698221706e-008, 8.88420785827e-008, 4.86337121686e-008, 2.54088838858e-008, 1.65973315092e-008, 8.31499491483e-009, 7.03324776197e-009, 7.1951493652e-009, 7.59608020928e-009, 5.86611736964e-009, 2.69355151516e-008, 2.76141189914e-008, 2.5967464623e-008, 1.18391703552e-007, 1.12441412625e-007, 2.35109371971e-008, 5.22567988881e-009, 4.40982042549e-011, 5.83693857137e-012, 2.89891201322e-012, 8.52925331952e-015, 1.36635513379e-018]
        dvar2: [4.08333566612e-012, 5.31857899944e-008, 1.15340526463e-007, 2.52007254176e-007, 3.62420860256e-006, 2.52248895549e-007, 2.41162638304e-007, 1.3017722722e-007, 6.5046499742e-008, 4.29377031708e-008, 2.22365876823e-008, 1.87091515613e-008, 1.84897519517e-008, 1.93339797505e-008, 1.51795216397e-008, 7.10252905378e-008, 7.19539698935e-008, 7.03279781078e-008, 3.18967209978e-007, 3.04990777522e-007, 6.33286134644e-008, 1.39842661895e-008, 1.17445997372e-010, 1.33724880128e-011, 6.65441052955e-012, 2.08446507396e-014, 3.55431857793e-018]
        max: [9.01343628357e-006, 0.00111136841588, 0.00406211987138, 0.00409847823903, 0.0111553547904, 0.00571269495413, 0.00510909408331, 0.00314194825478, 0.00275193387643, 0.00227302243002, 0.00150930788368, 0.00135735876393, 0.00119977409486, 0.00160943972878, 0.00194445590023, 0.00376043352298, 0.00337222521193, 0.0022141051013, 0.00487669045106, 0.00355255394243, 0.00319907162338, 0.000692332512699, 7.86160962889e-005, 4.18097588408e-005, 2.77019207715e-005, 1.64374728229e-006, 3.81819127426e-008]
        mean: [8.79600577264e-007, 0.000133331428515, 0.000266505230684, 0.000298850238323, 0.000658688601106, 0.000292257202091, 0.000197667643079, 0.000148507751874, 0.000159524861374, 0.00012414129742, 8.18201515358e-005, 7.98891778686e-005, 7.79580077506e-005, 7.44446660974e-005, 8.53249730426e-005, 0.000256807077676, 0.000315315264743, 0.000303407927277, 0.000685865350533, 0.000639718258753, 0.000339907302987, 7.53348358558e-005, 7.32972466722e-006, 2.37071526499e-006, 1.29258944526e-006, 5.87133186514e-008, 7.84785347818e-010]
        median: [3.24582032363e-007, 9.23338884604e-005, 0.000183944837772, 0.000185359385796, 0.000329562608385, 0.000168498343555, 8.6756030214e-005, 5.66948147025e-005, 7.79842521297e-005, 5.00158748764e-005, 3.46686319972e-005, 3.5406977986e-005, 2.98552531603e-005, 4.26328915637e-005, 5.75672274863e-005, 0.000204695010325, 0.000253586738836, 0.000257721694652, 0.000602458487265, 0.000557389925234, 0.000293049146421, 5.48344323761e-005, 5.36071456736e-006, 1.573416057e-006, 7.38246114906e-007, 2.58863845914e-008, 4.60678106773e-010]
        min: [7.73227062586e-025, 8.66473064267e-024, 3.44589747302e-024, 7.23698312323e-024, 2.91424277268e-023, 2.42302618675e-023, 2.46883328848e-023, 3.2615807536e-023, 2.69706747221e-023, 5.05069677626e-023, 4.42366595258e-023, 7.77432708842e-023, 8.26488055787e-023, 9.67499656277e-023, 1.10815708977e-022, 8.91138425522e-023, 1.15056865018e-022, 1.91375446796e-022, 3.22890058133e-022, 3.3169705274e-022, 6.06785547896e-022, 5.41392891603e-022, 4.14512655069e-022, 8.42269641026e-022, 9.45446437515e-022, 1.67184470517e-021, 2.28001087325e-021]
        var: [1.56742977972e-012, 1.80797741223e-008, 9.00085552757e-008, 1.29900996626e-007, 1.08761662432e-006, 1.36412069196e-007, 1.10115493612e-007, 6.64479600232e-008, 4.99555099509e-008, 3.70321124876e-008, 1.70707323832e-008, 1.326827892e-008, 1.4531259751e-008, 1.09092175293e-008, 9.368884335e-009, 4.56130280213e-008, 5.92753934825e-008, 4.01215665136e-008, 1.77139781954e-007, 1.58834723152e-007, 5.06451769411e-008, 4.54114301718e-009, 5.28453843185e-011, 1.0256601124e-011, 4.82740973931e-012, 1.0193135195e-014, 1.31093858224e-018]
    frequency_bands:
        dmean: [1.06099560071e-006, 0.000114187423605, 0.000177589565283, 0.00023762267665, 0.000587126007304, 0.000198192879907, 0.000156700683874, 0.000114803537144, 9.23198604141e-005, 7.23162520444e-005, 4.89400154038e-005, 4.66897217848e-005, 4.62948883069e-005, 4.37706985394e-005, 4.70532977488e-005, 0.000128859726829, 0.000147949249367, 0.000158063194249, 0.00033473368967, 0.000323332264088, 0.000140233751154, 5.72072494833e-005, 4.70649638373e-006, 1.4215926285e-006, 8.94568245258e-007, 4.07014972836e-008, 5.89333193357e-010, 6.41024525128e-011]
        dmean2: [1.81204052296e-006, 0.000201781891519, 0.000295903417282, 0.000402318779379, 0.00099999003578, 0.00033857167, 0.000269738084171, 0.000195274173166, 0.000150554697029, 0.000118878007925, 8.10921410448e-005, 7.77205787017e-005, 7.5711592217e-005, 7.20345051377e-005, 7.84848234616e-005, 0.000214878935367, 0.000246465206146, 0.000269306008704, 0.000567659095395, 0.00055626151152, 0.000237880973145, 0.000104065518826, 8.32563455333e-006, 2.41846237259e-006, 1.50580183345e-006, 6.49999805091e-008, 9.79361369779e-010, 1.19227086537e-010]
        dvar: [1.69821437728e-012, 1.96573957112e-008, 4.79738382353e-008, 9.76803420372e-008, 1.33100138555e-006, 9.42698221706e-008, 8.88420785827e-008, 4.86337121686e-008, 2.54088838858e-008, 1.65973315092e-008, 8.31499491483e-009, 7.03324776197e-009, 7.1951493652e-009, 7.59608020928e-009, 5.86611736964e-009, 2.69355151516e-008, 2.76141189914e-008, 2.5967464623e-008, 1.18391703552e-007, 1.12441412625e-007, 2.35109371971e-008, 5.22567988881e-009, 4.40982042549e-011, 5.83693857137e-012, 2.89891201322e-012, 8.52925331952e-015, 1.36635513379e-018, 8.59890193563e-021]
        dvar2: [4.08333566612e-012, 5.31857899944e-008, 1.15340526463e-007, 2.52007254176e-007, 3.62420860256e-006, 2.52248895549e-007, 2.41162638304e-007, 1.3017722722e-007, 6.5046499742e-008, 4.29377031708e-008, 2.22365876823e-008, 1.87091515613e-008, 1.84897519517e-008, 1.93339797505e-008, 1.51795216397e-008, 7.10252905378e-008, 7.19539698935e-008, 7.03279781078e-008, 3.18967209978e-007, 3.04990777522e-007, 6.33286134644e-008, 1.39842661895e-008, 1.17445997372e-010, 1.33724880128e-011, 6.65441052955e-012, 2.08446507396e-014, 3.55431857793e-018, 2.77957307366e-020]
        max: [9.01343628357e-006, 0.00111136841588, 0.00406211987138, 0.00409847823903, 0.0111553547904, 0.00571269495413, 0.00510909408331, 0.00314194825478, 0.00275193387643, 0.00227302243002, 0.00150930788368, 0.00135735876393, 0.00119977409486, 0.00160943972878, 0.00194445590023, 0.00376043352298, 0.00337222521193, 0.0022141051013, 0.00487669045106, 0.00355255394243, 0.00319907162338, 0.000692332512699, 7.86160962889e-005, 4.18097588408e-005, 2.77019207715e-005, 1.64374728229e-006, 3.81819127426e-008, 1.63329894054e-009]
        mean: [8.79600577264e-007, 0.000133331428515, 0.000266505230684, 0.000298850238323, 0.000658688601106, 0.000292257202091, 0.000197667643079, 0.000148507751874, 0.000159524861374, 0.00012414129742, 8.18201515358e-005, 7.98891778686e-005, 7.79580077506e-005, 7.44446660974e-005, 8.53249730426e-005, 0.000256807077676, 0.000315315264743, 0.000303407927277, 0.000685865350533, 0.000639718258753, 0.000339907302987, 7.53348358558e-005, 7.32972466722e-006, 2.37071526499e-006, 1.29258944526e-006, 5.87133186514e-008, 7.84785347818e-010, 5.04730528206e-011]
        median: [3.24582032363e-007, 9.23338884604e-005, 0.000183944837772, 0.000185359385796, 0.000329562608385, 0.000168498343555, 8.6756030214e-005, 5.66948147025e-005, 7.79842521297e-005, 5.00158748764e-005, 3.46686319972e-005, 3.5406977986e-005, 2.98552531603e-005, 4.26328915637e-005, 5.75672274863e-005, 0.000204695010325, 0.000253586738836, 0.000257721694652, 0.000602458487265, 0.000557389925234, 0.000293049146421, 5.48344323761e-005, 5.36071456736e-006, 1.573416057e-006, 7.38246114906e-007, 2.58863845914e-008, 4.60678106773e-010, 2.14461781667e-011]
        min: [7.73227062586e-025, 8.66473064267e-024, 3.44589747302e-024, 7.23698312323e-024, 2.91424277268e-023, 2.42302618675e-023, 2.46883328848e-023, 3.2615807536e-023, 2.69706747221e-023, 5.05069677626e-023, 4.42366595258e-023, 7.77432708842e-023, 8.26488055787e-023, 9.67499656277e-023, 1.10815708977e-022, 8.91138425522e-023, 1.15056865018e-022, 1.91375446796e-022, 3.22890058133e-022, 3.3169705274e-022, 6.06785547896e-022, 5.41392891603e-022, 4.14512655069e-022, 8.42269641026e-022, 9.45446437515e-022, 1.67184470517e-021, 2.28001087325e-021, 5.95650769908e-022]
        var: [1.56742977972e-012, 1.80797741223e-008, 9.00085552757e-008, 1.29900996626e-007, 1.08761662432e-006, 1.36412069196e-007, 1.10115493612e-007, 6.64479600232e-008, 4.99555099509e-008, 3.70321124876e-008, 1.70707323832e-008, 1.326827892e-008, 1.4531259751e-008, 1.09092175293e-008, 9.368884335e-009, 4.56130280213e-008, 5.92753934825e-008, 4.01215665136e-008, 1.77139781954e-007, 1.58834723152e-007, 5.06451769411e-008, 4.54114301718e-009, 5.28453843185e-011, 1.0256601124e-011, 4.82740973931e-012, 1.0193135195e-014, 1.31093858224e-018, 6.54660261629e-021]
    mfcc:
        mean: [-691.895568848, 100.230384827, -49.9585609436, 75.3559036255, -18.1927089691, -2.12880277634, 1.39595353603, -5.58798789978, 4.19957017899, -5.92000961304, -6.10452651978, -4.8186006546, -2.28543686867]
        cov: [[3406.51904297, 372.875091553, -295.988189697, 242.799530029, -205.907516479, -23.757850647, 8.72987556458, 9.07686042786, -7.37004852295, -27.4469165802, -16.7815608978, -21.7136764526, -9.27402591705], [372.875091553, 408.54800415, -176.88899231, 80.0781021118, -80.8362808228, -26.8251495361, -10.4620075226, -37.5233612061, 11.7584695816, -32.9074020386, -12.3684434891, 5.70909452438, -11.4913902283], [-295.988189697, -176.88899231, 318.243438721, -55.153503418, 87.9252243042, -24.173418045, -33.6304512024, 8.04784107208, -42.7719993591, 5.12220239639, -12.8481082916, -11.6512012482, 3.87776350975], [242.799530029, 80.0781021118, -55.153503418, 288.975158691, 23.2414093018, 12.9042825699, -30.838312149, -45.4400939941, 18.010017395, -6.06426715851, -8.28775691986, -30.0772953033, 2.985486269], [-205.907516479, -80.8362808228, 87.9252243042, 23.2414093018, 112.219818115, 30.1524429321, -2.45069479942, -25.1210079193, -20.5429019928, 4.79121541977, 2.09669280052, -6.79218435287, -4.59512281418], [-23.757850647, -26.8251495361, -24.173418045, 12.9042825699, 30.1524429321, 77.7009429932, 38.058883667, 6.90449333191, -8.25476169586, 1.19326925278, 4.7368812561, -1.57662963867, -1.84907305241], [8.72987556458, -10.4620075226, -33.6304512024, -30.838312149, -2.45069479942, 38.058883667, 90.5609893799, 50.8174438477, 18.1217784882, -1.82302844524, -1.35552632809, 1.8844782114, -1.58147370815], [9.07686042786, -37.5233612061, 8.04784107208, -45.4400939941, -25.1210079193, 6.90449333191, 50.8174438477, 96.1602783203, 38.7728157043, 12.0082712173, -6.60119247437, 3.04535889626, 4.60747098923], [-7.37004852295, 11.7584695816, -42.7719993591, 18.010017395, -20.5429019928, -8.25476169586, 18.1217784882, 38.7728157043, 73.9545288086, 28.2963066101, 7.54013538361, -0.469148337841, 2.0315515995], [-27.4469165802, -32.9074020386, 5.12220239639, -6.06426715851, 4.79121541977, 1.19326925278, -1.82302844524, 12.0082712173, 28.2963066101, 58.6798171997, 29.8816070557, 8.59614086151, -0.232667207718], [-16.7815608978, -12.3684434891, -12.8481082916, -8.28775691986, 2.09669280052, 4.7368812561, -1.35552632809, -6.60119247437, 7.54013538361, 29.8816070557, 55.0148353577, 24.6196804047, 6.63468265533], [-21.7136764526, 5.70909452438, -11.6512012482, -30.0772953033, -6.79218435287, -1.57662963867, 1.8844782114, 3.04535889626, -0.469148337841, 8.59614086151, 24.6196804047, 48.907409668, 22.4195728302], [-9.27402591705, -11.4913902283, 3.87776350975, 2.985486269, -4.59512281418, -1.84907305241, -1.58147370815, 4.60747098923, 2.0315515995, -0.232667207718, 6.63468265533, 22.4195728302, 45.3972129822]]
        icov: [[0.00039667711826, -0.000171292835148, 0.000151593092596, -0.000436649715994, 0.000624419655651, 0.000149137267726, -0.000154036140884, -0.000389042776078, 0.000831344979815, -0.000356536183972, -2.70484615612e-005, 0.000147124374053, 4.91051796416e-005], [-0.000171292835148, 0.00421766377985, 0.00138829380739, -0.000856309605297, 0.00158942351118, 0.00127806176897, -0.000556104350835, 0.00193465873599, -0.00079237454338, 0.0016426135553, 0.00119984592311, -0.00243655638769, 0.00203939015046], [0.000151593092596, 0.00138829380739, 0.00741831259802, 0.000543155765627, -0.00587395345792, 0.0047919084318, 0.00252879597247, -0.00498963473365, 0.00544599955902, -0.00160945684183, 0.000770245271269, 0.00221701781265, -0.00155128666665], [-0.000436649715994, -0.000856309605297, 0.000543155765627, 0.0057686958462, -0.00265243696049, -0.00192838907242, 0.00240958645009, 0.00194158789236, -0.00388417346403, 0.00127923372202, -0.000505191099364, 0.00434443773702, -0.00308317411691], [0.000624419655651, 0.00158942351118, -0.00587395345792, -0.00265243696049, 0.0198855418712, -0.00760903116316, -0.00338655523956, 0.00808771140873, -0.00137365912087, -0.00142229045741, 0.00133977702353, -0.00267761969008, 0.00315088126808], [0.000149137267726, 0.00127806176897, 0.0047919084318, -0.00192838907242, -0.00760903116316, 0.0240481011569, -0.00935604888946, -0.00286836270243, 0.00883727427572, -0.00324008590542, -0.00138409482315, 0.00189332931768, -0.000898842117749], [-0.000154036140884, -0.000556104350835, 0.00252879597247, 0.00240958645009, -0.00338655523956, -0.00935604888946, 0.0239285994321, -0.0120570184663, -0.0024920462165, 0.00558739481494, -0.00235609803349, 0.000950083252974, 0.000802000286058], [-0.000389042776078, 0.00193465873599, -0.00498963473365, 0.00194158789236, 0.00808771140873, -0.00286836270243, -0.0120570184663, 0.0273533146828, -0.0132868606597, -0.00149679463357, 0.00668440153822, -0.00366211892106, -0.000367034343071], [0.000831344979815, -0.00079237454338, 0.00544599955902, -0.00388417346403, -0.00137365912087, 0.00883727427572, -0.0024920462165, -0.0132868606597, 0.0315536893904, -0.0143374484032, 0.000293608172797, 0.00412855064496, -0.00232522003353], [-0.000356536183972, 0.0016426135553, -0.00160945684183, 0.00127923372202, -0.00142229045741, -0.00324008590542, 0.00558739481494, -0.00149679463357, -0.0143374484032, 0.0341639705002, -0.0167854484171, 0.000289013027214, 0.00359405390918], [-2.70484615612e-005, 0.00119984592311, 0.000770245271269, -0.000505191099364, 0.00133977702353, -0.00138409482315, -0.00235609803349, 0.00668440153822, 0.000293608172797, -0.0167854484171, 0.0355275198817, -0.0165177211165, 0.00245027965866], [0.000147124374053, -0.00243655638769, 0.00221701781265, 0.00434443773702, -0.00267761969008, 0.00189332931768, 0.000950083252974, -0.00366211892106, 0.00412855064496, 0.000289013027214, -0.0165177211165, 0.04078040272, -0.0187597256154], [4.91051796416e-005, 0.00203939015046, -0.00155128666665, -0.00308317411691, 0.00315088126808, -0.000898842117749, 0.000802000286058, -0.000367034343071, -0.00232522003353, 0.00359405390918, 0.00245027965866, -0.0187597256154, 0.0322657562792]]
    sccoeffs:
        dmean: [0.0609975457191, 0.0492103844881, 0.0359725430608, 0.0290640480816, 0.0188534166664, 0.0204221494496]
        dmean2: [0.100500673056, 0.0830777212977, 0.0606765821576, 0.0493387803435, 0.032053720206, 0.0329457782209]
        dvar: [0.00227759871632, 0.00151773029938, 0.000816628802568, 0.000494403764606, 0.000213895677007, 0.000355013442459]
        dvar2: [0.00617024488747, 0.00424007698894, 0.00228540040553, 0.00141394021921, 0.000602583226282, 0.000818506523501]
        max: [-0.357597082853, -0.443935245275, -0.589779257774, -0.625431478024, -0.699214935303, -0.552715837955]
        mean: [-0.663839817047, -0.768971383572, -0.803593456745, -0.799306631088, -0.803590774536, -0.702004432678]
        median: [-0.666656970978, -0.774289369583, -0.809234857559, -0.80116212368, -0.805402696133, -0.701535880566]
        min: [-0.968209505081, -0.966138124466, -0.960233509541, -0.966116249561, -0.959357976913, -0.962931394577]
        var: [0.00489613087848, 0.00351682747714, 0.00221655657515, 0.00117887440138, 0.0005876882351, 0.00175306608435]
    scvalleys:
        dmean: [0.45302131772, 0.382022380829, 0.295764952898, 0.248418167233, 0.240210905671, 0.372839927673]
        dmean2: [0.758254468441, 0.636218130589, 0.476940631866, 0.399797618389, 0.38458096981, 0.593872964382]
        dvar: [0.168863013387, 0.159081578255, 0.100708641112, 0.0788320079446, 0.0829709842801, 0.198879018426]
        dvar2: [0.386054068804, 0.3445764184, 0.177739650011, 0.128628760576, 0.136611253023, 0.419558793306]
        max: [-4.8333978653, -4.30753564835, -4.948782444, -5.74036359787, -5.55178356171, -7.98967838287]
        mean: [-6.55281686783, -6.44543647766, -6.90358400345, -7.07691287994, -6.5249171257, -9.7349395752]
        median: [-6.45020389557, -6.37717008591, -6.86485528946, -7.01668787003, -6.40859746933, -9.57009410858]
        min: [-27.1624279022, -27.6583309174, -27.5266742706, -27.0981445313, -27.29920578, -27.2668590546]
        var: [1.09776616096, 1.0591584444, 0.853621959686, 0.770856916904, 0.990898191929, 1.07232630253]

rhythm:
    beats_loudness:
        dmean: 0.00151850352995
        dmean2: 0.00273343757726
        dvar: 1.42259011682e-006
        dvar2: 4.38592724095e-006
        max: 0.0124274687842
        mean: 0.00583488726988
        median: 0.00588057842106
        min: 4.67915872715e-010
        var: 2.89913623419e-006
    bpm: 164.829864502
    bpm_confidence: 0
    first_peak_bpm: 167
    first_peak_spread: 0
    first_peak_weight: 0.333980590105
    onset_rate: 3.33609938622
    second_peak_bpm: 83
    second_peak_spread: 0.0729926601052
    second_peak_weight: 0.246601939201
    beats_loudness_band_ratio:
        dmean: [0.108301952481, 0.104233898222, 0.0625216662884, 0.0490874201059, 0.0615380741656, 0.0809997394681]
        dmean2: [0.190680891275, 0.187454685569, 0.107672460377, 0.0850686728954, 0.106168039143, 0.142215460539]
        dvar: [0.00622898899019, 0.00587092200294, 0.00435970211402, 0.00333914719522, 0.00275183143094, 0.0041534374468]
        dvar2: [0.0184323787689, 0.0168582182378, 0.0126290479675, 0.00909524317831, 0.00826879125088, 0.0127955153584]
        max: [0.599182188511, 0.524460613728, 0.510955870152, 0.681546211243, 0.556697010994, 0.630998671055]
        mean: [0.233826488256, 0.185261204839, 0.10824329406, 0.0811428949237, 0.208331868052, 0.296124279499]
        median: [0.234434813261, 0.18558254838, 0.0802780389786, 0.0545584559441, 0.198103070259, 0.288191258907]
        min: [0.0118368156254, 0.0078261718154, 0.0161783285439, 0.00942254718393, 0.0761491730809, 0.0121532110497]
        var: [0.0113988704979, 0.0114540141076, 0.00641227746382, 0.00565453385934, 0.00470997905359, 0.00887192972004]
    beats_position: [0.743038535118, 1.49768710136, 2.2523355484, 2.99537420273, 3.75002264977, 4.5046710968, 5.24770975113, 6.00235795975, 6.7570066452, 7.51165533066, 8.27791404724, 9.03256225586, 9.76399040222, 10.4954195023, 11.2152376175, 11.9350566864, 12.6548748016, 13.3746938705, 14.1061220169, 14.8375511169, 15.5573692322, 16.2771873474, 16.99700737, 17.7168254852, 18.4366436005, 19.1564617157, 19.8878898621, 20.6193199158, 21.339138031, 22.0589561462, 22.7787742615, 23.4985942841, 24.2184123993, 24.9498405457, 25.681268692, 26.4010887146, 27.1209068298, 27.8407249451, 28.5605430603, 29.2803630829, 30.0001811981, 30.7316093445, 31.4630374908, 32.1828575134, 32.9026756287, 33.6224937439, 34.3423118591, 35.0621299744, 35.7935600281, 36.5249862671, 37.244808197, 37.9646263123, 38.6844444275, 39.4042625427, 40.124080658, 40.8438987732, 41.5753288269, 42.3067550659, 43.0265769958, 43.7463951111, 44.4662132263, 45.1860313416, 45.9058494568, 46.625667572, 47.3570976257, 48.0885238647, 48.80834198, 49.5281639099, 50.2479820251, 50.9794082642, 51.7108383179, 52.4306564331, 53.1504745483, 53.8702926636, 54.5901107788, 55.3099327087, 56.029750824, 56.7495689392, 57.4693870544, 58.1892051697, 58.9206352234, 59.6520614624, 60.3718795776, 61.0916976929, 61.8115196228, 62.5429458618, 63.2627639771, 63.9825820923, 64.714012146, 65.4338302612, 66.1536483765, 66.8734664917, 67.5932846069, 68.3247146606, 69.0561447144, 69.7759628296, 70.4957809448, 71.2155990601, 71.9354171753, 72.6552352905, 73.3750534058, 74.094871521, 74.8263015747, 75.5577316284, 76.2775497437, 76.9973678589, 77.7171859741, 78.4370040894, 79.1684341431, 79.8998641968, 80.619682312, 81.3395004272, 82.0593185425, 82.7791366577, 83.4989547729, 84.2187728882, 84.9385910034, 85.6700210571, 86.4014511108, 87.1212692261, 87.8410873413, 88.5609054565, 89.2807235718, 90.000541687, 90.7203598022, 91.451789856, 92.1832199097, 92.9030380249, 93.6228561401, 94.3426742554, 95.0624923706, 95.7939224243, 96.525352478, 97.2451705933, 97.9649887085, 98.6848068237, 99.404624939, 100.124443054, 100.844261169, 101.389930725, 101.947212219, 102.504486084, 102.887619019, 103.270744324, 103.653877258, 104.048614502, 104.443351746, 104.814872742, 105.186393738, 105.557914734, 105.929428101, 106.300949097, 106.672470093, 107.03237915, 107.392288208, 107.763809204, 108.123718262, 108.483627319, 108.855148315, 109.226661682, 109.58657074, 109.946479797, 110.318000793, 110.68952179, 111.061042786, 111.420951843, 111.780860901, 112.152381897, 112.523895264, 112.883804321, 113.243713379, 113.615234375, 113.975143433, 114.33505249, 114.706573486, 115.078094482, 115.449615479, 115.809524536, 116.169433594, 116.529342651, 116.889251709, 117.249160767, 117.609069824, 117.98059082, 118.340499878, 118.700408936, 119.060317993, 119.420227051, 119.791740417, 120.151649475, 120.511566162, 120.87147522, 121.231384277, 121.591293335, 121.951202393, 122.322715759, 122.682624817, 123.042533875, 123.402442932, 123.762359619, 124.122268677, 124.482177734, 124.842086792, 125.20199585, 125.573509216, 125.933418274, 126.293327332, 126.653244019, 127.013153076, 127.373062134, 127.732971191, 128.104492188, 128.464401245, 128.824310303, 129.18421936, 129.544128418, 129.915649414, 130.263946533, 130.635467529, 130.983764648, 131.355285645, 131.726806641, 132.07510376, 132.435012817, 132.794921875, 133.166442871, 133.526351929, 133.886260986, 134.246170044, 134.606079102, 134.965988159, 135.325897217, 135.685806274, 136.045715332, 136.40562439, 136.765533447, 137.125442505, 137.485351563, 137.856872559, 138.216781616, 138.576690674, 138.936599731, 139.308120728, 139.668029785, 140.039550781, 140.411056519, 140.782577515, 141.142486572, 141.50239563, 141.873916626, 142.233825684, 142.593734741, 142.953643799, 143.313552856, 143.685073853, 144.056594849, 144.428115845, 144.799636841, 145.159545898, 145.519454956, 145.890975952, 146.262496948, 146.622406006, 146.982315063, 147.35383606, 147.725341797, 148.085250854, 148.445159912, 148.816680908, 149.188201904, 149.548110962, 149.90802002, 150.279541016, 150.651062012, 151.010971069, 151.370880127, 151.742401123, 152.113922119, 152.485443115, 152.845352173, 153.20526123, 153.565170288, 153.936691284, 154.30821228, 154.668121338, 155.039627075, 155.411148071, 155.782669067, 156.142578125, 156.502487183, 156.874008179, 157.233917236, 157.593826294, 157.96534729, 158.336868286, 158.696777344, 159.056686401, 159.428207397, 159.788116455, 160.148025513, 160.519546509, 160.891067505, 161.262588501, 161.634094238, 161.994003296, 162.353912354, 162.72543335, 163.096954346, 163.468475342, 163.828384399, 164.188293457, 164.559814453, 164.919723511, 165.279632568, 165.651153564, 166.022674561, 166.394195557, 166.754104614, 167.114013672, 167.485534668, 167.845443726, 168.205352783, 168.576873779, 168.936782837, 169.296691895, 169.668212891, 170.039718628, 170.411239624, 170.771148682, 171.142669678, 171.502578735, 171.862487793, 172.222396851, 172.593917847, 172.965438843, 173.336959839, 173.696868896, 174.068389893, 174.42829895, 174.799819946, 175.171340942, 175.54284668, 175.902755737, 176.262680054, 176.622589111, 176.982498169, 177.342407227, 177.702316284, 178.062225342, 178.422134399, 178.793640137, 179.153549194, 179.513473511, 179.873382568, 180.233291626, 180.604797363, 180.964706421, 181.324615479, 181.696136475, 182.056045532, 182.41595459, 182.787475586, 183.135772705, 183.495681763, 183.85559082, 184.215499878, 184.575408936, 184.923721313, 185.29524231, 185.666748047, 186.026657104, 186.386566162, 186.74647522, 187.106384277, 187.477905273, 187.837814331, 188.197723389, 188.557632446, 188.917541504, 189.277450562, 189.637359619, 189.997268677, 190.357177734, 190.72869873, 191.088607788, 191.448516846, 191.808425903, 192.168334961, 192.539855957, 192.899765015, 193.259674072, 193.61958313, 193.979492188, 194.351013184, 194.699310303, 195.05921936, 195.419128418, 195.790649414, 196.150558472, 196.510467529, 196.870376587, 197.230285645, 197.590194702, 197.95010376, 198.321624756, 198.681533813, 199.041442871, 199.401351929, 199.761260986, 200.121170044, 200.481079102, 200.840988159, 201.200897217, 201.572418213, 201.932327271, 202.292236328, 202.652145386, 203.012054443, 203.383575439, 203.743484497, 204.091781616, 204.451690674, 204.82321167, 205.357269287, 205.902938843, 206.448608398, 206.994277954, 207.53994751, 208.074005127, 208.608062744, 209.165344238, 209.711013794, 210.25668335, 210.790740967, 211.324798584, 211.87046814, 212.404525757, 212.950195313, 213.495864868, 214.041534424, 214.575592041, 215.109649658, 215.655319214, 216.20098877, 216.746658325, 217.292327881, 217.826385498, 218.360443115, 218.906112671, 219.451782227, 219.997451782, 220.543121338, 221.077178955, 221.611236572, 222.156906128, 222.702575684, 223.248245239, 223.793914795, 224.327972412, 224.862030029, 225.407699585, 225.953369141, 226.499038696, 227.044708252, 227.590377808, 228.136047363, 228.681716919, 229.227386475, 229.761444092, 230.307113647, 230.852783203, 231.38684082, 231.920898438, 232.454956055, 233.00062561, 233.546295166, 234.10357666, 234.637634277, 235.183303833, 235.71736145, 236.263031006, 236.808700562, 237.354370117, 237.888427734, 238.43409729, 238.968154907, 239.513824463, 240.059494019, 240.593551636, 241.139221191, 241.696502686, 242.230560303, 242.76461792, 243.310287476, 243.855957031, 244.401626587, 244.947296143, 245.48135376, 246.015411377, 246.549468994, 247.106750488, 247.652420044, 248.1980896, 248.732147217, 249.277816772, 249.81187439, 250.357543945, 250.903213501, 251.448883057, 252.006164551, 252.563446045, 253.143936157, 253.724441528, 254.304931641, 254.885437012, 255.465942383]
