
metadata:
    version:
        essentia: "2.1-beta2"
    audio_properties:
        analysis_sample_rate: 44100
        bitrate: 320
        channels: 2
        equal_loudness: 1
        length: 224.966537476
        replay_gain: -15.4991798401
        downmix: "mix"
    tags:
        album: "Got Your Six (Deluxe Edition)"
        artist: "Five Finger Death Punch"
        comment: ""
        date: "2015"
        genre: "Heavy Metal"
        title: "Wash It All Away"
        tracknumber: "03"

configuration:
    average_loudness:
        compute: 1
        frameSize: 88200
        hopSize: 44100
        silentFrames: "noise"
        windowType: "hann"
    general:
        analysisSampleRate: 44100
        endTime: 2000
        equalLoudness: 1
        nequalLoudness: 0
        shortSound: 0
        startTime: 0
    lowlevel:
        compute: 1
        frameSize: 2048
        hopSize: 1024
        zeroPadding: 0
        silentFrames: "noise"
        windowType: "blackmanharris62"
        mfccStats: ["mean", "cov", "icov"]
        stats: ["mean", "var", "median", "min", "max", "dmean", "dmean2", "dvar", "dvar2"]
    panning:
        compute: 0
        frameSize: 8192
        hopSize: 2048
        zeroPadding: 8192
        silentFrames: "noise"
        windowType: "hann"
        stats: ["copy"]
    rhythm:
        compute: 1
        maxTempo: 208
        minTempo: 40
        method: "degara"
        stats: ["mean", "var", "median", "min", "max", "dmean", "dmean2", "dvar", "dvar2"]
    segmentation:
        compute: 0
        cpw: 5
        inc1: 300
        inc2: 50
        minimumSegmentsLength: 10
        size1: 1000
        size2: 600
    sfx:
        compute: 1
        stats: ["mean", "var", "median", "min", "max", "dmean", "dmean2", "dvar", "dvar2"]
    svm:
        compute: 0
    tonal:
        compute: 1
        frameSize: 4096
        hopSize: 2048
        zeroPadding: 0
        silentFrames: "noise"
        windowType: "blackmanharris62"
        stats: ["mean", "var", "median", "min", "max", "dmean", "dmean2", "dvar", "dvar2"]

lowlevel:
    average_loudness: 0.916979312897
    barkbands_kurtosis:
        dmean: 0.731116592884
        dmean2: 1.19122254848
        dvar: 2.51339197159
        dvar2: 5.92446947098
        max: 62.1036758423
        mean: -0.488339155912
        median: -1.03034472466
        min: -1.89974009991
        var: 4.76006174088
    barkbands_skewness:
        dmean: 0.431439548731
        dmean2: 0.693856537342
        dvar: 0.189514264464
        dvar2: 0.473288625479
        max: 7.49418258667
        mean: -0.100337170064
        median: -0.229023605585
        min: -2.9922940731
        var: 0.782604277134
    barkbands_spread:
        dmean: 5.71465682983
        dmean2: 9.21668624878
        dvar: 30.6682701111
        dvar2: 77.0293121338
        max: 70.8784332275
        mean: 33.2682533264
        median: 33.1008224487
        min: 2.7318520546
        var: 99.6403503418
    dissonance:
        dmean: 0.0104857906699
        dmean2: 0.0179737731814
        dvar: 0.000108929743874
        dvar2: 0.000299932085909
        max: 0.500000238419
        mean: 0.483407557011
        median: 0.486958265305
        min: 0.323075264692
        var: 0.000194578344235
    hfc:
        dmean: 2.63648843765
        dmean2: 4.39063882828
        dvar: 14.2679443359
        dvar2: 38.7890930176
        max: 69.3920288086
        mean: 9.36134052277
        median: 8.70696926117
        min: 1.18186268902e-016
        var: 35.774646759
    pitch:
        dmean: 887.288146973
        dmean2: 1706.66711426
        dvar: 1675348.5
        dvar2: 4056743.5
        max: 4286.52539063
        mean: 1465.79943848
        median: 440.196136475
        min: 61.3167152405
        var: 2221918
    pitch_instantaneous_confidence:
        dmean: 0.0772360041738
        dmean2: 0.127151504159
        dvar: 0.00444256002083
        dvar2: 0.0108109638095
        max: 0.963105976582
        mean: 0.363337308168
        median: 0.332750320435
        min: 0.112277805805
        var: 0.018725220114
    pitch_salience:
        dmean: 0.0690661296248
        dmean2: 0.115803197026
        dvar: 0.00436584698036
        dvar2: 0.0122243305668
        max: 0.906566441059
        mean: 0.653404772282
        median: 0.671036303043
        min: 0.155256390572
        var: 0.00869432743639
    silence_rate_20dB:
        dmean: 0
        dmean2: 0
        dvar: 0
        dvar2: 0
        max: 1
        mean: 1
        median: 1
        min: 1
        var: 0
    silence_rate_30dB:
        dmean: 0
        dmean2: 0
        dvar: 0
        dvar2: 0
        max: 1
        mean: 1
        median: 1
        min: 1
        var: 0
    silence_rate_60dB:
        dmean: 0.0677056461573
        dmean2: 0.135425269604
        dvar: 0.0631168559194
        dvar2: 0.136883661151
        max: 1
        mean: 0.211971104145
        median: 0
        min: 0
        var: 0.167029649019
    spectral_centroid:
        dmean: 292.932678223
        dmean2: 481.553100586
        dvar: 95663.671875
        dvar2: 249201.171875
        max: 11041.3505859
        mean: 1756.64123535
        median: 1841.60913086
        min: 175.421630859
        var: 330821.15625
    spectral_complexity:
        dmean: 4.24811649323
        dmean2: 6.91143703461
        dvar: 19.9788799286
        dvar2: 49.1582565308
        max: 48
        mean: 17.6675949097
        median: 18
        min: 0
        var: 75.1734619141
    spectral_crest:
        dmean: 1.97411370277
        dmean2: 3.30405187607
        dvar: 3.45746660233
        dvar2: 8.91443061829
        max: 22.9502067566
        mean: 6.65066242218
        median: 5.87729454041
        min: 2.32123088837
        var: 8.15468406677
    spectral_decrease:
        dmean: 2.97743718569e-010
        dmean2: 4.7761389288e-010
        dvar: 1.68409319825e-019
        dvar2: 4.31066228626e-019
        max: -3.52283582263e-029
        mean: -1.11996678598e-009
        median: -1.05809494499e-009
        min: -4.60116345025e-009
        var: 3.61546661225e-019
    spectral_energy:
        dmean: 0.00130560051184
        dmean2: 0.00208647968248
        dvar: 3.15629586112e-006
        dvar2: 8.06692423794e-006
        max: 0.0236599426717
        mean: 0.00507611967623
        median: 0.00481393747032
        min: 1.08528156241e-020
        var: 7.42458905734e-006
    spectral_energyband_high:
        dmean: 0.000165973542607
        dmean2: 0.000290831492748
        dvar: 1.01101846894e-007
        dvar2: 2.88003917603e-007
        max: 0.00411634193733
        mean: 0.000361636601156
        median: 0.00028245523572
        min: 7.7638703774e-021
        var: 1.2050232101e-007
    spectral_energyband_low:
        dmean: 0.000405676109949
        dmean2: 0.0006799226976
        dvar: 3.67592662087e-007
        dvar2: 9.70549649537e-007
        max: 0.0051301997155
        mean: 0.000610131013673
        median: 0.000371249130694
        min: 6.06178894927e-023
        var: 4.34994149145e-007
    spectral_energyband_middle_high:
        dmean: 0.000768292811699
        dmean2: 0.00123861827888
        dvar: 8.76180592968e-007
        dvar2: 2.24629866352e-006
        max: 0.0177337378263
        mean: 0.00276556820609
        median: 0.00253423210233
        min: 1.80673552759e-021
        var: 3.28581222675e-006
    spectral_energyband_middle_low:
        dmean: 0.000725915480871
        dmean2: 0.00122236274183
        dvar: 1.70487624018e-006
        dvar2: 4.59372904515e-006
        max: 0.0126549331471
        mean: 0.00149220379535
        median: 0.00108484376688
        min: 3.76981808642e-022
        var: 2.07518633033e-006
    spectral_flatness_db:
        dmean: 0.0140043599531
        dmean2: 0.0222369972616
        dvar: 0.000168433500221
        dvar2: 0.000426473503467
        max: 0.358555138111
        mean: 0.135875701904
        median: 0.125655442476
        min: 0.0637223497033
        var: 0.00150325137656
    spectral_flux:
        dmean: 0.00819570478052
        dmean2: 0.0122940624133
        dvar: 8.99442966329e-005
        dvar2: 0.00017781968927
        max: 0.114968143404
        mean: 0.0428980663419
        median: 0.0417542383075
        min: 1.04176847704e-010
        var: 0.000308343820507
    spectral_kurtosis:
        dmean: 1.09947752953
        dmean2: 1.86578428745
        dvar: 4.20794868469
        dvar2: 12.3153190613
        max: 49.4253768921
        mean: 4.04894924164
        median: 3.76218223572
        min: -1.17117190361
        var: 6.70783042908
    spectral_rms:
        dmean: 0.000264654285274
        dmean2: 0.000414568377892
        dvar: 9.85554606814e-008
        dvar2: 2.38671731267e-007
        max: 0.00480446359143
        mean: 0.00212480057962
        median: 0.00216714665294
        min: 3.25393813456e-012
        var: 4.37518480112e-007
    spectral_rolloff:
        dmean: 308.28125
        dmean2: 512.134643555
        dvar: 178052.4375
        dvar2: 394926.5
        max: 18733.8867188
        mean: 3238.13745117
        median: 3445.3125
        min: 129.19921875
        var: 654552
    spectral_skewness:
        dmean: 0.151347249746
        dmean2: 0.250792205334
        dvar: 0.0364982299507
        dvar2: 0.0983680933714
        max: 4.89334201813
        mean: 1.48021185398
        median: 1.49332141876
        min: 0.0221758335829
        var: 0.110889412463
    spectral_spread:
        dmean: 388012.90625
        dmean2: 581417.9375
        dvar: 240946905088
        dvar2: 363803934720
        max: 39611136
        mean: 5009414.5
        median: 5080355.5
        min: 1148356
        var: 2.06087009075e+012
    spectral_strongpeak:
        dmean: 0.533595204353
        dmean2: 0.919408500195
        dvar: 0.751894116402
        dvar2: 1.93381083012
        max: 16.3191356659
        mean: 0.784911513329
        median: 0.274511039257
        min: 4.65754013135e-009
        var: 1.59107685089
    zerocrossingrate:
        dmean: 0.00794907193631
        dmean2: 0.00997594650835
        dvar: 6.56662668916e-005
        dvar2: 8.92535390449e-005
        max: 0.49658203125
        mean: 0.0991197824478
        median: 0.1025390625
        min: 0.01123046875
        var: 0.00062254659133
    barkbands:
        dmean: [5.82200812005e-007, 9.16954304557e-005, 0.000285295129288, 0.000264030124526, 0.000265056383796, 0.00012319922098, 9.22775652725e-005, 9.65774524957e-005, 0.000200656810193, 0.000100407203718, 5.29574826942e-005, 6.99049851391e-005, 6.33770760032e-005, 7.86668388173e-005, 0.000109873239126, 0.000172605374246, 0.000190954291611, 0.000199990274268, 0.000256625644397, 0.000185872835573, 8.42503577587e-005, 2.78098541457e-005, 5.97765802013e-006, 3.03629053633e-006, 1.47032869791e-006, 7.91125600585e-008, 7.28733517974e-010]
        dmean2: [7.68437359966e-007, 0.000159831673955, 0.000481523486087, 0.000465281831566, 0.000463100819616, 0.000199501082534, 0.000150695923367, 0.000158184600878, 0.000314794044243, 0.000161681949976, 8.69332725415e-005, 0.00011040843674, 0.000103289508843, 0.00012713293836, 0.000176428336999, 0.000284348294372, 0.000316951423883, 0.000339427177096, 0.000421875127358, 0.000317340629408, 0.000147559301695, 4.8478730605e-005, 9.93290450424e-006, 5.05345587953e-006, 2.34668073062e-006, 1.24382282252e-007, 1.17252119125e-009]
        dvar: [1.68599693668e-012, 2.382948594e-008, 2.12835729485e-007, 4.38585601614e-007, 4.08850183931e-007, 7.58732809913e-008, 4.67853809027e-008, 4.59126674457e-008, 1.4367837764e-007, 3.97829573728e-008, 1.22900196686e-008, 2.40979787236e-008, 1.84413160298e-008, 3.29007363575e-008, 6.02517005177e-008, 9.29067667244e-008, 6.02585146225e-008, 7.41458521247e-008, 1.1809763123e-007, 1.3207463212e-007, 2.36966943845e-008, 3.15695802833e-009, 1.13478129671e-010, 3.8126279911e-011, 5.94662470307e-012, 1.29285205249e-014, 1.32243422141e-018]
        dvar2: [2.69276875103e-012, 6.88014338834e-008, 5.63729372516e-007, 1.2013642845e-006, 1.14171609766e-006, 1.80606178901e-007, 1.08139261101e-007, 1.13561803516e-007, 3.5498322859e-007, 9.64698543271e-008, 3.14473069807e-008, 5.56893127168e-008, 4.67200500509e-008, 8.06629572025e-008, 1.43415377352e-007, 2.39102661226e-007, 1.57802730882e-007, 1.96054401158e-007, 2.91601935487e-007, 3.68161011011e-007, 6.60080772263e-008, 9.02085428578e-009, 2.99189478747e-010, 9.93899199053e-011, 1.46513703947e-011, 3.15092766603e-014, 3.38833279391e-018]
        max: [1.29901573018e-005, 0.00129771290813, 0.00407750997692, 0.00537992361933, 0.00815521273762, 0.00670800590888, 0.00799597986042, 0.00497492682189, 0.00678927451372, 0.00421289959922, 0.00199272297323, 0.00366944097914, 0.00358441984281, 0.0044819698669, 0.00574148399755, 0.0146490922198, 0.00473704421893, 0.00416386825964, 0.00806901510805, 0.0135146528482, 0.00276896939613, 0.000736251473427, 0.000167933409102, 0.000140569871292, 4.95875283377e-005, 1.64308960393e-006, 1.46053835692e-008]
        mean: [6.6860525294e-007, 0.000118095056678, 0.000374357390683, 0.000261241744738, 0.000333870615577, 0.000202298004297, 0.000138688978041, 0.000139493655297, 0.000360987876775, 0.000167215024703, 8.00525958766e-005, 0.000122660392663, 0.000106644431071, 0.000135215042974, 0.000198591675144, 0.000335354736308, 0.000391990499338, 0.00039730645949, 0.000595617631916, 0.0003878249845, 0.000154330438818, 5.06687538291e-005, 1.2412241631e-005, 6.51371647109e-006, 3.82048892789e-006, 1.94382948848e-007, 1.22288446036e-009]
        median: [5.97380136469e-008, 7.77846871642e-005, 0.00018671505677, 9.52594418777e-005, 0.000148395309225, 9.59869794315e-005, 6.91906097927e-005, 5.70776428503e-005, 0.000142991120811, 8.10097626527e-005, 3.71000860468e-005, 4.25102443842e-005, 5.19563254784e-005, 6.43704115646e-005, 8.30374920042e-005, 0.000220874571824, 0.000310123199597, 0.000317453406751, 0.000470316124847, 0.000278452993371, 0.00010263119475, 3.36141019943e-005, 8.38875348563e-006, 4.70642862638e-006, 3.12802330882e-006, 1.58569790187e-007, 8.54435855402e-010]
        min: [8.30697591127e-024, 3.03017345577e-023, 4.26742116402e-024, 3.98176469059e-023, 5.45718828103e-023, 4.78928531167e-023, 7.40040638825e-023, 6.52664006826e-023, 7.44302633415e-023, 1.09609812022e-022, 1.48191358065e-022, 1.04049510154e-022, 9.71234313129e-023, 1.7415201315e-022, 2.04246766383e-022, 2.28839662875e-022, 1.85641160078e-022, 1.38921459879e-022, 3.1663599412e-022, 2.70449235727e-022, 3.58825158855e-022, 5.402678876e-022, 4.91386481328e-022, 9.83751806512e-022, 1.07404161979e-021, 1.89162978471e-021, 2.40773091217e-021]
        var: [2.90374560334e-012, 2.14881961114e-008, 2.47681839483e-007, 3.39552059359e-007, 3.66785286587e-007, 1.2949155348e-007, 8.0921438439e-008, 6.95426862762e-008, 3.57943491736e-007, 8.20534538093e-008, 1.9072565749e-008, 5.69501459324e-008, 3.38712489167e-008, 6.45109423658e-008, 1.56819055519e-007, 2.55334867916e-007, 1.22773087696e-007, 1.20380491353e-007, 2.87313412173e-007, 2.79674480907e-007, 3.45008430713e-008, 3.77192055367e-009, 2.22512355763e-010, 6.62667490325e-011, 1.39569614546e-011, 3.16651578276e-014, 1.76129417161e-018]
    frequency_bands:
        dmean: [5.82200812005e-007, 9.16954304557e-005, 0.000285295129288, 0.000264030124526, 0.000265056383796, 0.00012319922098, 9.22775652725e-005, 9.65774524957e-005, 0.000200656810193, 0.000100407203718, 5.29574826942e-005, 6.99049851391e-005, 6.33770760032e-005, 7.86668388173e-005, 0.000109873239126, 0.000172605374246, 0.000190954291611, 0.000199990274268, 0.000256625644397, 0.000185872835573, 8.42503577587e-005, 2.78098541457e-005, 5.97765802013e-006, 3.03629053633e-006, 1.47032869791e-006, 7.91125600585e-008, 7.28733517974e-010, 6.13711997888e-011]
        dmean2: [7.68437359966e-007, 0.000159831673955, 0.000481523486087, 0.000465281831566, 0.000463100819616, 0.000199501082534, 0.000150695923367, 0.000158184600878, 0.000314794044243, 0.000161681949976, 8.69332725415e-005, 0.00011040843674, 0.000103289508843, 0.00012713293836, 0.000176428336999, 0.000284348294372, 0.000316951423883, 0.000339427177096, 0.000421875127358, 0.000317340629408, 0.000147559301695, 4.8478730605e-005, 9.93290450424e-006, 5.05345587953e-006, 2.34668073062e-006, 1.24382282252e-007, 1.17252119125e-009, 1.13926729162e-010]
        dvar: [1.68599693668e-012, 2.382948594e-008, 2.12835729485e-007, 4.38585601614e-007, 4.08850183931e-007, 7.58732809913e-008, 4.67853809027e-008, 4.59126674457e-008, 1.4367837764e-007, 3.97829573728e-008, 1.22900196686e-008, 2.40979787236e-008, 1.84413160298e-008, 3.29007363575e-008, 6.02517005177e-008, 9.29067667244e-008, 6.02585146225e-008, 7.41458521247e-008, 1.1809763123e-007, 1.3207463212e-007, 2.36966943845e-008, 3.15695802833e-009, 1.13478129671e-010, 3.8126279911e-011, 5.94662470307e-012, 1.29285205249e-014, 1.32243422141e-018, 7.14157206281e-021]
        dvar2: [2.69276875103e-012, 6.88014338834e-008, 5.63729372516e-007, 1.2013642845e-006, 1.14171609766e-006, 1.80606178901e-007, 1.08139261101e-007, 1.13561803516e-007, 3.5498322859e-007, 9.64698543271e-008, 3.14473069807e-008, 5.56893127168e-008, 4.67200500509e-008, 8.06629572025e-008, 1.43415377352e-007, 2.39102661226e-007, 1.57802730882e-007, 1.96054401158e-007, 2.91601935487e-007, 3.68161011011e-007, 6.60080772263e-008, 9.02085428578e-009, 2.99189478747e-010, 9.93899199053e-011, 1.46513703947e-011, 3.15092766603e-014, 3.38833279391e-018, 2.23818449365e-020]
        max: [1.29901573018e-005, 0.00129771290813, 0.00407750997692, 0.00537992361933, 0.00815521273762, 0.00670800590888, 0.00799597986042, 0.00497492682189, 0.00678927451372, 0.00421289959922, 0.00199272297323, 0.00366944097914, 0.00358441984281, 0.0044819698669, 0.00574148399755, 0.0146490922198, 0.00473704421893, 0.00416386825964, 0.00806901510805, 0.0135146528482, 0.00276896939613, 0.000736251473427, 0.000167933409102, 0.000140569871292, 4.95875283377e-005, 1.64308960393e-006, 1.46053835692e-008, 9.01035246414e-010]
        mean: [6.6860525294e-007, 0.000118095056678, 0.000374357390683, 0.000261241744738, 0.000333870615577, 0.000202298004297, 0.000138688978041, 0.000139493655297, 0.000360987876775, 0.000167215024703, 8.00525958766e-005, 0.000122660392663, 0.000106644431071, 0.000135215042974, 0.000198591675144, 0.000335354736308, 0.000391990499338, 0.00039730645949, 0.000595617631916, 0.0003878249845, 0.000154330438818, 5.06687538291e-005, 1.2412241631e-005, 6.51371647109e-006, 3.82048892789e-006, 1.94382948848e-007, 1.22288446036e-009, 4.76427057527e-011]
        median: [5.97380136469e-008, 7.77846871642e-005, 0.00018671505677, 9.52594418777e-005, 0.000148395309225, 9.59869794315e-005, 6.91906097927e-005, 5.70776428503e-005, 0.000142991120811, 8.10097626527e-005, 3.71000860468e-005, 4.25102443842e-005, 5.19563254784e-005, 6.43704115646e-005, 8.30374920042e-005, 0.000220874571824, 0.000310123199597, 0.000317453406751, 0.000470316124847, 0.000278452993371, 0.00010263119475, 3.36141019943e-005, 8.38875348563e-006, 4.70642862638e-006, 3.12802330882e-006, 1.58569790187e-007, 8.54435855402e-010, 1.79303967507e-011]
        min: [8.30697591127e-024, 3.03017345577e-023, 4.26742116402e-024, 3.98176469059e-023, 5.45718828103e-023, 4.78928531167e-023, 7.40040638825e-023, 6.52664006826e-023, 7.44302633415e-023, 1.09609812022e-022, 1.48191358065e-022, 1.04049510154e-022, 9.71234313129e-023, 1.7415201315e-022, 2.04246766383e-022, 2.28839662875e-022, 1.85641160078e-022, 1.38921459879e-022, 3.1663599412e-022, 2.70449235727e-022, 3.58825158855e-022, 5.402678876e-022, 4.91386481328e-022, 9.83751806512e-022, 1.07404161979e-021, 1.89162978471e-021, 2.40773091217e-021, 7.2845591982e-022]
        var: [2.90374560334e-012, 2.14881961114e-008, 2.47681839483e-007, 3.39552059359e-007, 3.66785286587e-007, 1.2949155348e-007, 8.0921438439e-008, 6.95426862762e-008, 3.57943491736e-007, 8.20534538093e-008, 1.9072565749e-008, 5.69501459324e-008, 3.38712489167e-008, 6.45109423658e-008, 1.56819055519e-007, 2.55334867916e-007, 1.22773087696e-007, 1.20380491353e-007, 2.87313412173e-007, 2.79674480907e-007, 3.45008430713e-008, 3.77192055367e-009, 2.22512355763e-010, 6.62667490325e-011, 1.39569614546e-011, 3.16651578276e-014, 1.76129417161e-018, 5.81506314648e-021]
    mfcc:
        mean: [-695.476928711, 96.9288787842, -46.4491424561, 50.1842956543, -4.19442605972, -9.62208080292, 3.34588837624, 1.33714032173, 3.86960101128, 0.305712193251, -2.36073899269, -5.44225883484, -3.89935827255]
        cov: [[5180.00195313, -485.528015137, -494.853118896, 87.8076324463, -298.840270996, 93.8786239624, -77.819152832, 149.918029785, 110.024345398, 32.1513557434, 80.2966995239, -51.0235786438, 55.5627403259], [-485.528015137, 714.995117188, -116.207183838, 70.1740188599, 16.9687252045, -95.8702850342, 44.9214172363, -70.4586181641, -25.2432556152, -15.5571537018, -14.8791399002, 26.0081634521, -32.3471870422], [-494.853118896, -116.207183838, 369.630889893, 3.39852452278, 67.2678604126, 25.8583831787, -41.6977462769, -2.85080218315, -35.7340126038, -23.7301673889, -30.9348011017, -16.1398506165, -12.921869278], [87.8076324463, 70.1740188599, 3.39852452278, 237.119827271, 56.0718002319, 39.9111061096, 25.2421722412, -29.7904644012, 21.2283039093, -7.78571367264, -30.4391670227, -15.9197702408, -3.60407733917], [-298.840270996, 16.9687252045, 67.2678604126, 56.0718002319, 189.082427979, 43.75025177, -33.5420761108, -44.6294822693, -12.3017473221, 26.4733047485, -4.90669250488, -7.18490839005, 2.42010593414], [93.8786239624, -95.8702850342, 25.8583831787, 39.9111061096, 43.75025177, 131.046310425, 26.0232868195, 18.3122463226, 8.76637744904, 4.66239643097, 9.99711322784, -9.6693687439, 10.9003391266], [-77.819152832, 44.9214172363, -41.6977462769, 25.2421722412, -33.5420761108, 26.0232868195, 139.986297607, 60.1537132263, 21.8041496277, -12.7215147018, -2.95377516747, 18.4312057495, -2.45659279823], [149.918029785, -70.4586181641, -2.85080218315, -29.7904644012, -44.6294822693, 18.3122463226, 60.1537132263, 126.262245178, 45.7663803101, -0.655574321747, 15.6045064926, 6.22454071045, 11.7500133514], [110.024345398, -25.2432556152, -35.7340126038, 21.2283039093, -12.3017473221, 8.76637744904, 21.8041496277, 45.7663803101, 81.8122940063, 32.7490463257, 7.51497650146, 2.43763256073, 5.13108587265], [32.1513557434, -15.5571537018, -23.7301673889, -7.78571367264, 26.4733047485, 4.66239643097, -12.7215147018, -0.655574321747, 32.7490463257, 80.6506729126, 35.5028953552, 5.12961483002, 5.39158153534], [80.2966995239, -14.8791399002, -30.9348011017, -30.4391670227, -4.90669250488, 9.99711322784, -2.95377516747, 15.6045064926, 7.51497650146, 35.5028953552, 68.2698669434, 23.8141517639, 9.74983119965], [-51.0235786438, 26.0081634521, -16.1398506165, -15.9197702408, -7.18490839005, -9.6693687439, 18.4312057495, 6.22454071045, 2.43763256073, 5.12961483002, 23.8141517639, 57.6429901123, 21.0504322052], [55.5627403259, -32.3471870422, -12.921869278, -3.60407733917, 2.42010593414, 10.9003391266, -2.45659279823, 11.7500133514, 5.13108587265, 5.39158153534, 9.74983119965, 21.0504322052, 59.5838050842]]
        icov: [[0.000331853778334, 0.000200446957024, 0.000528618285898, -0.000446302583441, 0.00055194250308, -0.000314545992296, 0.000735797628295, -0.000578858540393, 0.000254901999142, -0.000119408330647, -5.55657934456e-005, 8.10031560832e-005, 3.59484984074e-005], [0.000200446957024, 0.00217167148367, 0.000881207059138, -0.000858532788698, -0.000349318783265, 0.00156719505321, -0.000754129257984, 0.000600851490162, 0.000509739329573, 0.000330972019583, -0.000299741659546, -0.000659342214931, 0.000917269790079], [0.000528618285898, 0.000881207059138, 0.00450245430693, -0.000917710072827, -0.000383022648748, -0.00088165467605, 0.00258870399557, -0.00272319675423, 0.0024485157337, -0.000162875265232, 0.00202975119464, -0.00116779457312, 0.00161130120978], [-0.000446302583441, -0.000858532788698, -0.000917710072827, 0.00678307376802, -0.00210255524144, -0.00114518194459, -0.00274847610854, 0.00383099284954, -0.00432436726987, 0.00204281765036, 0.00097100721905, 0.00156118895393, -0.000935424235649], [0.00055194250308, -0.000349318783265, -0.000383022648748, -0.00210255524144, 0.00917031057179, -0.00377008551732, 0.00296679721214, 1.58280022333e-006, 0.00223982147872, -0.00465541472659, 0.00202972837724, -0.000904082204215, -0.000259688240476], [-0.000314545992296, 0.00156719505321, -0.00088165467605, -0.00114518194459, -0.00377008551732, 0.012461331673, -0.0047780550085, 0.00102076795883, -0.000786579563282, 0.00221535959281, -0.00493522873148, 0.00426783552393, -0.0024741536472], [0.000735797628295, -0.000754129257984, 0.00258870399557, -0.00274847610854, 0.00296679721214, -0.0047780550085, 0.0149773648009, -0.00881811790168, 0.00255490466952, -0.00126291369088, 0.00463053025305, -0.00664131995291, 0.00389254186302], [-0.000578858540393, 0.000600851490162, -0.00272319675423, 0.00383099284954, 1.58280022333e-006, 0.00102076795883, -0.00881811790168, 0.0188799872994, -0.011238518171, 0.0059959506616, -0.00645327847451, 0.00448524858803, -0.00386977358721], [0.000254901999142, 0.000509739329573, 0.0024485157337, -0.00432436726987, 0.00223982147872, -0.000786579563282, 0.00255490466952, -0.011238518171, 0.0248687006533, -0.0131513485685, 0.00697544030845, -0.00338440551423, 0.00178570440039], [-0.000119408330647, 0.000330972019583, -0.000162875265232, 0.00204281765036, -0.00465541472659, 0.00221535959281, -0.00126291369088, 0.0059959506616, -0.0131513485685, 0.0252595990896, -0.014071488753, 0.00448280060664, -0.00150572438724], [-5.55657934456e-005, -0.000299741659546, 0.00202975119464, 0.00097100721905, 0.00202972837724, -0.00493522873148, 0.00463053025305, -0.00645327847451, 0.00697544030845, -0.014071488753, 0.0290523152798, -0.0125910490751, 0.0030389491003], [8.10031560832e-005, -0.000659342214931, -0.00116779457312, 0.00156118895393, -0.000904082204215, 0.00426783552393, -0.00664131995291, 0.00448524858803, -0.00338440551423, 0.00448280060664, -0.0125910490751, 0.0289446115494, -0.0107744270936], [3.59484984074e-005, 0.000917269790079, 0.00161130120978, -0.000935424235649, -0.000259688240476, -0.0024741536472, 0.00389254186302, -0.00386977358721, 0.00178570440039, -0.00150572438724, 0.0030389491003, -0.0107744270936, 0.0222188904881]]
    sccoeffs:
        dmean: [0.0604978725314, 0.0457375831902, 0.0382826030254, 0.0284638758749, 0.0197445321828, 0.01686062105]
        dmean2: [0.0985147505999, 0.0757324397564, 0.0637902766466, 0.0466567724943, 0.0324967727065, 0.0279791187495]
        dvar: [0.00273656053469, 0.0013079844648, 0.000906311965082, 0.000511485908646, 0.000251887773629, 0.000244147668127]
        dvar2: [0.00700337532908, 0.00350949075073, 0.00243593240157, 0.00137755868491, 0.000658783596009, 0.000640738930088]
        max: [-0.296516627073, -0.476766556501, -0.56534665823, -0.569591999054, -0.629576921463, -0.569371759892]
        mean: [-0.655275225639, -0.770414233208, -0.779467642307, -0.794532001019, -0.793108403683, -0.770509839058]
        median: [-0.661550581455, -0.775752663612, -0.783053398132, -0.801488816738, -0.795236706734, -0.780577898026]
        min: [-0.966436624527, -0.960790395737, -0.967253565788, -0.960678517818, -0.962396085262, -0.958995699883]
        var: [0.00580846099183, 0.00362434145063, 0.00304088764824, 0.00233608298004, 0.00113254331518, 0.00210994831286]
    scvalleys:
        dmean: [0.364151984453, 0.34295347333, 0.291175246239, 0.239105060697, 0.213038131595, 0.212709307671]
        dmean2: [0.611474335194, 0.572653472424, 0.470429003239, 0.383674055338, 0.337027043104, 0.333532512188]
        dvar: [0.0967920571566, 0.0979960858822, 0.0713600218296, 0.0560404285789, 0.0647818595171, 0.0861093327403]
        dvar2: [0.235571339726, 0.219362467527, 0.141363888979, 0.100611664355, 0.115343816578, 0.179768308997]
        max: [-5.38277101517, -4.87809658051, -4.77882623672, -5.52601146698, -5.33527565002, -7.43417453766]
        mean: [-6.8663983345, -6.58445739746, -6.85542821884, -7.02614307404, -6.79074668884, -9.5319890976]
        median: [-6.71759080887, -6.49988937378, -6.73650550842, -6.86353063583, -6.57820129395, -9.03138446808]
        min: [-27.5461559296, -27.789981842, -27.3617630005, -27.1568336487, -27.208530426, -27.2744235992]
        var: [0.880997955799, 0.822738587856, 0.980050384998, 0.888312101364, 0.967708647251, 2.8284201622]

rhythm:
    beats_loudness:
        dmean: 0.00167588598561
        dmean2: 0.00304023805074
        dvar: 1.98188013201e-006
        dvar2: 6.22070274403e-006
        max: 0.0129643017426
        mean: 0.0063945595175
        median: 0.00671612890437
        min: 1.30364208317e-009
        var: 5.69400526729e-006
    bpm: 123.951660156
    bpm_confidence: 0
    first_peak_bpm: 123
    first_peak_spread: 0.397321403027
    first_peak_weight: 0.581896543503
    onset_rate: 2.87598323822
    second_peak_bpm: 144
    second_peak_spread: 0.428571462631
    second_peak_weight: 0.00862068962306
    beats_loudness_band_ratio:
        dmean: [0.17329582572, 0.0773175433278, 0.0770211666822, 0.0505050756037, 0.107774741948, 0.0641926974058]
        dmean2: [0.302964001894, 0.141383230686, 0.134755685925, 0.0916237533092, 0.190079301596, 0.111494153738]
        dvar: [0.0186949949712, 0.00411092303693, 0.00606185896322, 0.00409732898697, 0.0104290544987, 0.00331738288514]
        dvar2: [0.0563807450235, 0.0123893283308, 0.0168302562088, 0.0123087037355, 0.0303930006921, 0.00917858351022]
        max: [0.851001322269, 0.470283865929, 0.540783703327, 0.435789555311, 0.73671734333, 0.688736200333]
        mean: [0.368668287992, 0.0959197282791, 0.107288822532, 0.0757648646832, 0.21382509172, 0.170522883534]
        median: [0.395951002836, 0.0756732970476, 0.0803636312485, 0.0553346648812, 0.190667182207, 0.154311567545]
        min: [0.0119149582461, 0.00535018648952, 0.0105781555176, 0.00824044737965, 0.0242878682911, 0.0109309451655]
        var: [0.032006110996, 0.0062600960955, 0.00773608544841, 0.00413184193894, 0.0116447731853, 0.00766970030963]
    beats_position: [0.510838985443, 1.02167797089, 1.53251695633, 2.03174591064, 2.53097510338, 3.03020405769, 3.52943301201, 4.01705217361, 4.51628112793, 5.01551008224, 5.50312900543, 5.99074840546, 6.47836732864, 6.96598625183, 7.45360517502, 7.95283412933, 8.45206356049, 8.93968200684, 9.42730140686, 9.92653083801, 10.4257593155, 10.9249887466, 11.4242172241, 11.9118366241, 12.3994560242, 12.8870744705, 13.3746938705, 13.8623123169, 14.3499317169, 14.8375511169, 15.3251695633, 15.8127889633, 16.3004074097, 16.7764167786, 17.2524261475, 17.7400455475, 18.2276649475, 18.7152824402, 19.2029018402, 19.6905212402, 20.1781406403, 20.6657600403, 21.153377533, 21.640996933, 22.128616333, 22.616235733, 23.1038551331, 23.5798625946, 24.0558719635, 24.5434913635, 25.0311107635, 25.5187301636, 26.0063495636, 26.4939670563, 26.9815864563, 27.4692058563, 27.9568252563, 28.4444446564, 28.932062149, 29.4080715179, 29.8840808868, 30.3717002869, 30.8593196869, 31.3469390869, 31.8345565796, 32.322177887, 32.8097953796, 33.2974128723, 33.7850341797, 34.2726516724, 34.7602729797, 35.2478904724, 35.7238998413, 36.1999092102, 36.6875267029, 37.1751480103, 37.6627655029, 38.1503829956, 38.638004303, 39.1256217957, 39.613243103, 40.1008605957, 40.5884780884, 41.0760993958, 41.5637168884, 42.0513381958, 42.5273475647, 43.0033569336, 43.4909744263, 43.9785919189, 44.4662132263, 44.953830719, 45.4414520264, 45.929069519, 46.4166870117, 46.9043083191, 47.3919258118, 47.8679351807, 48.3439445496, 48.8315620422, 49.3191833496, 49.8068008423, 50.2944221497, 50.7704315186, 51.2464370728, 51.7340583801, 52.2216758728, 52.7092971802, 53.1853065491, 53.661315918, 54.1373214722, 54.6133308411, 55.1009521484, 55.5769615173, 56.0529708862, 56.5405883789, 57.0282058716, 57.5042152405, 57.9802246094, 58.4562339783, 58.9322433472, 59.4198646545, 59.9074821472, 60.3834915161, 60.859500885, 61.3355102539, 61.8231277466, 62.2991371155, 62.7867546082, 63.2627639771, 63.7387733459, 64.2263946533, 64.7024002075, 65.1784133911, 65.6660308838, 66.142036438, 66.6180496216, 67.1056671143, 67.5816802979, 68.0576858521, 68.5453033447, 69.0329208374, 69.5205459595, 70.0081634521, 70.4957809448, 70.9833984375, 71.4710159302, 71.9586410522, 72.4346466064, 72.91065979, 73.3982772827, 73.8858947754, 74.3735122681, 74.8611297607, 75.3487548828, 75.8363723755, 76.3239898682, 76.8116073608, 77.2992248535, 77.7868499756, 78.2744674683, 78.7620849609, 79.2497024536, 79.7373199463, 80.2249450684, 80.7009506226, 81.1769561768, 81.6645812988, 82.1521987915, 82.6398162842, 83.1274337769, 83.6150588989, 84.1026763916, 84.5902938843, 85.077911377, 85.5539245605, 86.0299301147, 86.5175476074, 87.0051651001, 87.4927902222, 87.9804077148, 88.4680252075, 88.9556427002, 89.4432601929, 89.9308853149, 90.4185028076, 90.9061203003, 91.3821334839, 91.8697509766, 92.3457565308, 92.8333740234, 93.3209991455, 93.8086166382, 94.2962341309, 94.7838516235, 95.2598648071, 95.7358703613, 96.223487854, 96.7111129761, 97.1871185303, 97.6631240845, 98.1391372681, 98.6267547607, 99.1027679443, 99.590385437, 100.066390991, 100.542404175, 101.030021667, 101.506027222, 101.982040405, 102.458045959, 102.934059143, 103.421676636, 103.909294128, 104.385307312, 104.861312866, 105.348930359, 105.824943542, 106.300949097, 106.77696228, 107.264579773, 107.740585327, 108.22820282, 108.704216003, 109.180221558, 109.66784668, 110.143852234, 110.619865417, 111.10748291, 111.583488464, 112.059501648, 112.547119141, 113.034736633, 113.522354126, 113.99836731, 114.474372864, 114.950386047, 115.426391602, 115.902404785, 116.378410339, 116.866027832, 117.353645325, 117.829658508, 118.305664063, 118.793289185, 119.269294739, 119.745300293, 120.232925415, 120.708930969, 121.184944153, 121.672561646, 122.1485672, 122.624580383, 123.112197876, 123.58820343, 124.064216614, 124.551834106, 125.02784729, 125.503852844, 125.979858398, 126.455871582, 126.943489075, 127.419502258, 127.895507813, 128.383132935, 128.870742798, 129.346755981, 129.822769165, 130.29876709, 130.786392212, 131.274017334, 131.750015259, 132.226028442, 132.702041626, 133.17805481, 133.654052734, 134.141677856, 134.62928772, 135.105300903, 135.581314087, 136.057327271, 136.544937134, 137.020950317, 137.508575439, 137.984573364, 138.460586548, 138.94821167, 139.435821533, 139.911834717, 140.3878479, 140.875457764, 141.351470947, 141.827484131, 142.303482056, 142.779495239, 143.267120361, 143.754730225, 144.230743408, 144.706756592, 145.182769775, 145.6587677, 146.146392822, 146.634017944, 147.110015869, 147.586029053, 148.062042236, 148.538040161, 149.014053345, 149.490066528, 149.97769165, 150.465301514, 150.952926636, 151.428924561, 151.904937744, 152.392562866, 152.86857605, 153.344573975, 153.820587158, 154.296600342, 154.784210205, 155.271835327, 155.747848511, 156.223846436, 156.699859619, 157.175872803, 157.663482666, 158.151107788, 158.63873291, 159.137954712, 159.637191772, 160.136413574, 160.635650635, 161.123260498, 161.61088562, 162.110107422, 162.609344482, 163.096954346, 163.584579468, 164.072189331, 164.559814453, 165.047439575, 165.535049438, 166.022674561, 166.510284424, 166.997909546, 167.485534668, 167.973144531, 168.460769653, 168.948379517, 169.436004639, 169.923629761, 170.399627686, 170.875640869, 171.363265991, 171.850875854, 172.338500977, 172.826126099, 173.302124023, 173.778137207, 174.265762329, 174.753372192, 175.240997314, 175.728607178, 176.204620361, 176.680633545, 177.168243408, 177.65586853, 178.143493652, 178.631103516, 179.107116699, 179.583129883, 180.070739746, 180.558364868, 181.04598999, 181.533599854, 182.009613037, 182.485626221, 182.973236084, 183.460861206, 183.948471069, 184.436096191, 184.912109375, 185.3881073, 185.875732422, 186.363357544, 186.850967407, 187.338592529, 187.826202393, 188.313827515, 188.789840698, 189.265853882, 189.753463745, 190.241088867, 190.72869873, 191.216323853, 191.692337036, 192.168334961, 192.655960083, 193.143585205, 193.61958313, 194.107208252, 194.583221436, 195.070831299, 195.558456421, 196.046066284, 196.522079468, 196.998092651, 197.485717773, 197.973327637, 198.460952759, 198.948562622, 199.436187744, 199.923812866, 200.411422729, 200.899047852, 201.386657715, 201.862670898, 202.350296021, 202.826293945, 203.313919067, 203.801544189, 204.289154053, 204.776779175, 205.264389038, 205.75201416, 206.239639282, 206.727249146, 207.203262329, 207.679275513, 208.166885376, 208.654510498, 209.142120361, 209.629745483, 210.117370605, 210.604980469, 211.092605591, 211.580215454, 212.067840576, 212.555465698, 213.043075562, 213.530700684, 214.006713867, 214.482711792, 214.970336914, 215.457962036, 215.945571899, 216.44480896, 216.932418823, 217.431655884, 217.930877686, 218.430114746, 218.82484436, 219.219589233, 219.614334106, 220.067123413, 220.51991272, 220.961090088, 221.413879395, 221.831832886, 222.249786377, 222.667755127, 223.085708618, 223.515274048, 223.944854736, 224.374420166]
