
metadata:
    version:
        essentia: "2.1-beta2"
    audio_properties:
        analysis_sample_rate: 44100
        bitrate: 320
        channels: 2
        equal_loudness: 1
        length: 215.928161621
        replay_gain: -16.718334198
        downmix: "mix"
    tags:
        album: "Got Your Six (Deluxe Edition)"
        artist: "Five Finger Death Punch"
        comment: ""
        date: "2015"
        genre: "Heavy Metal"
        title: "My Nemesis"
        tracknumber: "05"

configuration:
    average_loudness:
        compute: 1
        frameSize: 88200
        hopSize: 44100
        silentFrames: "noise"
        windowType: "hann"
    general:
        analysisSampleRate: 44100
        endTime: 2000
        equalLoudness: 1
        nequalLoudness: 0
        shortSound: 0
        startTime: 0
    lowlevel:
        compute: 1
        frameSize: 2048
        hopSize: 1024
        zeroPadding: 0
        silentFrames: "noise"
        windowType: "blackmanharris62"
        mfccStats: ["mean", "cov", "icov"]
        stats: ["mean", "var", "median", "min", "max", "dmean", "dmean2", "dvar", "dvar2"]
    panning:
        compute: 0
        frameSize: 8192
        hopSize: 2048
        zeroPadding: 8192
        silentFrames: "noise"
        windowType: "hann"
        stats: ["copy"]
    rhythm:
        compute: 1
        maxTempo: 208
        minTempo: 40
        method: "degara"
        stats: ["mean", "var", "median", "min", "max", "dmean", "dmean2", "dvar", "dvar2"]
    segmentation:
        compute: 0
        cpw: 5
        inc1: 300
        inc2: 50
        minimumSegmentsLength: 10
        size1: 1000
        size2: 600
    sfx:
        compute: 1
        stats: ["mean", "var", "median", "min", "max", "dmean", "dmean2", "dvar", "dvar2"]
    svm:
        compute: 0
    tonal:
        compute: 1
        frameSize: 4096
        hopSize: 2048
        zeroPadding: 0
        silentFrames: "noise"
        windowType: "blackmanharris62"
        stats: ["mean", "var", "median", "min", "max", "dmean", "dmean2", "dvar", "dvar2"]

lowlevel:
    average_loudness: 0.811538636684
    barkbands_kurtosis:
        dmean: 0.657447993755
        dmean2: 1.07774662971
        dvar: 0.891063511372
        dvar2: 2.11678123474
        max: 21.5668849945
        mean: -0.570294260979
        median: -0.936587810516
        min: -1.89551401138
        var: 1.78959858418
    barkbands_skewness:
        dmean: 0.408095985651
        dmean2: 0.665079176426
        dvar: 0.164902314544
        dvar2: 0.439736694098
        max: 4.58495140076
        mean: -0.242361694574
        median: -0.287218481302
        min: -3.0240240097
        var: 0.571869730949
    barkbands_spread:
        dmean: 5.36613988876
        dmean2: 8.59069919586
        dvar: 28.3463306427
        dvar2: 71.7769546509
        max: 70.8325424194
        mean: 30.9398117065
        median: 30.3628807068
        min: 1.47809302807
        var: 103.197036743
    dissonance:
        dmean: 0.0113791134208
        dmean2: 0.019366953522
        dvar: 0.000156352412887
        dvar2: 0.000421612465288
        max: 0.5
        mean: 0.481927514076
        median: 0.486623585224
        min: 0.297431498766
        var: 0.000286057242192
    hfc:
        dmean: 2.47618794441
        dmean2: 4.17287540436
        dvar: 11.3669252396
        dvar2: 30.657661438
        max: 55.5609397888
        mean: 9.32044887543
        median: 8.16848087311
        min: 1.1329965642e-016
        var: 45.2822532654
    pitch:
        dmean: 851.947265625
        dmean2: 1632.92016602
        dvar: 1568979.5
        dvar2: 3819642.75
        max: 4467.17919922
        mean: 1203.45751953
        median: 394.613800049
        min: 61.5635108948
        var: 1927515.5
    pitch_instantaneous_confidence:
        dmean: 0.082463465631
        dmean2: 0.134952127934
        dvar: 0.00531340576708
        dvar2: 0.013111166656
        max: 0.941123008728
        mean: 0.373144090176
        median: 0.330879569054
        min: 0.123444795609
        var: 0.0226662624627
    pitch_salience:
        dmean: 0.0656598806381
        dmean2: 0.109967812896
        dvar: 0.00389943481423
        dvar2: 0.0110679725185
        max: 0.982077598572
        mean: 0.65385144949
        median: 0.669509351254
        min: 0.200880840421
        var: 0.00762179447338
    silence_rate_20dB:
        dmean: 0
        dmean2: 0
        dvar: 0
        dvar2: 0
        max: 1
        mean: 1
        median: 1
        min: 1
        var: 0
    silence_rate_30dB:
        dmean: 0
        dmean2: 0
        dvar: 0
        dvar2: 0
        max: 1
        mean: 1
        median: 1
        min: 1
        var: 0
    silence_rate_60dB:
        dmean: 0.0883870944381
        dmean2: 0.176793202758
        dvar: 0.0805750489235
        dvar2: 0.17047958076
        max: 1
        mean: 0.315234929323
        median: 0
        min: 0
        var: 0.215855196118
    spectral_centroid:
        dmean: 280.198638916
        dmean2: 463.61038208
        dvar: 92762.015625
        dvar2: 251518.359375
        max: 11348.5693359
        mean: 1813.56774902
        median: 1849.52758789
        min: 274.477355957
        var: 285246.1875
    spectral_complexity:
        dmean: 4.08129024506
        dmean2: 6.77191114426
        dvar: 17.8813934326
        dvar2: 46.5319747925
        max: 48
        mean: 17.6395015717
        median: 18
        min: 0
        var: 87.2060241699
    spectral_crest:
        dmean: 2.02053618431
        dmean2: 3.38118386269
        dvar: 3.76849675179
        dvar2: 9.88499927521
        max: 24.0122566223
        mean: 6.68542718887
        median: 5.88579130173
        min: 2.37595009804
        var: 8.23229503632
    spectral_decrease:
        dmean: 2.60730159685e-010
        dmean2: 4.16038231643e-010
        dvar: 1.04999043471e-019
        dvar2: 2.65566490757e-019
        max: -1.66644795853e-028
        mean: -1.06658870624e-009
        median: -1.00463626307e-009
        min: -4.68510830132e-009
        var: 3.56651277113e-019
    spectral_energy:
        dmean: 0.00116496917326
        dmean2: 0.0018627360696
        dvar: 2.04218918043e-006
        dvar2: 5.16495674674e-006
        max: 0.0221938081086
        mean: 0.00487095164135
        median: 0.00455013196915
        min: 1.09055629284e-020
        var: 7.80450409366e-006
    spectral_energyband_high:
        dmean: 0.000163581236848
        dmean2: 0.000283275527181
        dvar: 7.28433633412e-008
        dvar2: 2.03334693083e-007
        max: 0.00360363535583
        mean: 0.000365202198736
        median: 0.000278135208646
        min: 7.45427783831e-021
        var: 1.30119559572e-007
    spectral_energyband_low:
        dmean: 0.000274061691016
        dmean2: 0.000455368048279
        dvar: 2.10658939181e-007
        dvar2: 5.73988131691e-007
        max: 0.00450194254518
        mean: 0.00044091057498
        median: 0.000290390424198
        min: 5.37768498573e-023
        var: 2.35176827346e-007
    spectral_energyband_middle_high:
        dmean: 0.000749929284211
        dmean2: 0.00122946407646
        dvar: 8.58135820181e-007
        dvar2: 2.22291441787e-006
        max: 0.0206786151975
        mean: 0.0028935931623
        median: 0.00243093725294
        min: 2.17754488461e-021
        var: 4.64337017547e-006
    spectral_energyband_middle_low:
        dmean: 0.000610670133028
        dmean2: 0.00101568643004
        dvar: 9.92627974483e-007
        dvar2: 2.6624666134e-006
        max: 0.0096978507936
        mean: 0.00132951897103
        median: 0.00103200075682
        min: 2.45148510121e-022
        var: 1.3540401369e-006
    spectral_flatness_db:
        dmean: 0.013725604862
        dmean2: 0.0223800372332
        dvar: 0.000179750248208
        dvar2: 0.00048870802857
        max: 0.538059473038
        mean: 0.142910599709
        median: 0.128769755363
        min: 0.0562630407512
        var: 0.00391624867916
    spectral_flux:
        dmean: 0.00749609107152
        dmean2: 0.0115211084485
        dvar: 6.8126093538e-005
        dvar2: 0.000138280098327
        max: 0.127404779196
        mean: 0.0410282686353
        median: 0.0406012833118
        min: 1.04429700998e-010
        var: 0.000283623026917
    spectral_kurtosis:
        dmean: 1.65045189857
        dmean2: 2.8390789032
        dvar: 19.8509845734
        dvar2: 63.2490921021
        max: 88.8799667358
        mean: 5.00899171829
        median: 3.82932519913
        min: -1.23426628113
        var: 42.5913047791
    spectral_rms:
        dmean: 0.000247055984801
        dmean2: 0.000388146028854
        dvar: 7.33297511601e-008
        dvar2: 1.77005475166e-007
        max: 0.00465322425589
        mean: 0.00207115663216
        median: 0.0021069298964
        min: 3.26183589687e-012
        var: 4.62455432171e-007
    spectral_rolloff:
        dmean: 326.514770508
        dmean2: 550.579711914
        dvar: 200400.78125
        dvar2: 486277.0625
        max: 18583.1542969
        mean: 3261.09765625
        median: 3445.3125
        min: 172.265625
        var: 502908.6875
    spectral_skewness:
        dmean: 0.194555491209
        dmean2: 0.325861006975
        dvar: 0.112008750439
        dvar2: 0.350789070129
        max: 6.19377660751
        mean: 1.50865161419
        median: 1.48403549194
        min: -0.0266445148736
        var: 0.178299441934
    spectral_spread:
        dmean: 442408.09375
        dmean2: 639442.4375
        dvar: 398964064256
        dvar2: 653125287936
        max: 41849376
        mean: 4789894.5
        median: 4682970
        min: 759166.375
        var: 2.889711616e+012
    spectral_strongpeak:
        dmean: 0.54706132412
        dmean2: 0.927865624428
        dvar: 0.719510555267
        dvar2: 1.83518409729
        max: 15.6218500137
        mean: 0.875617086887
        median: 0.438958138227
        min: 8.02434396707e-010
        var: 1.60622608662
    zerocrossingrate:
        dmean: 0.00750887300819
        dmean2: 0.00954188406467
        dvar: 5.98463193455e-005
        dvar2: 8.2002596173e-005
        max: 0.4794921875
        mean: 0.100370332599
        median: 0.1015625
        min: 0.0283203125
        var: 0.00050799921155
    barkbands:
        dmean: [6.42331144718e-007, 7.28841841919e-005, 0.000171107356437, 0.000227540920605, 0.000203523071832, 9.78907410172e-005, 0.000108632797492, 8.41465953272e-005, 0.000165619392646, 0.000152879190864, 5.04245217599e-005, 6.34351963527e-005, 5.3769985243e-005, 9.45452557062e-005, 0.00010048202239, 0.000205842559808, 0.000177510548383, 0.00017967405438, 0.00026864989195, 0.000167305755895, 8.75149999047e-005, 2.48422948061e-005, 4.64172308057e-006, 2.98847953673e-006, 1.65240373917e-006, 6.87697294666e-008, 3.61005669802e-010]
        dmean2: [8.52536629736e-007, 0.000124607118778, 0.000287571077934, 0.000393433874706, 0.000358352903277, 0.000152600143338, 0.000172775180545, 0.000135549416882, 0.000262018234935, 0.000240371591644, 8.30166245578e-005, 0.000101659919892, 8.75744881341e-005, 0.000154520865181, 0.0001641119743, 0.000334424141329, 0.000295308680506, 0.000305071502225, 0.000443495227955, 0.000281270389678, 0.000153449553181, 4.34274406871e-005, 7.80819118518e-006, 4.80630615129e-006, 2.54009160017e-006, 1.06160072733e-007, 6.25463458803e-010]
        dvar: [1.89483975385e-012, 1.47741054946e-008, 1.13887644204e-007, 2.81425172943e-007, 2.26162342187e-007, 4.57702888923e-008, 7.60071472428e-008, 3.55140414854e-008, 8.17187455482e-008, 1.20553409033e-007, 1.70767364693e-008, 1.36045716914e-008, 8.96230822889e-009, 2.63054413807e-008, 3.81980171937e-008, 2.36823765931e-007, 1.0605877776e-007, 6.66665229687e-008, 1.64199406072e-007, 7.73706574364e-008, 2.25205454285e-008, 2.02377803404e-009, 5.97520088963e-011, 4.24038686109e-011, 1.39240997205e-011, 1.78518986838e-014, 3.13148633777e-019]
        dvar2: [3.11257833743e-012, 4.3266453531e-008, 3.09432181211e-007, 7.76026524818e-007, 6.41496001208e-007, 1.00398906966e-007, 1.77806001034e-007, 8.56448991726e-008, 1.96756644755e-007, 2.71475215641e-007, 4.48843664458e-008, 3.3042034886e-008, 2.19739551e-008, 6.94367869869e-008, 9.76995693236e-008, 6.17379839696e-007, 2.69871947012e-007, 1.77898755283e-007, 4.01557372243e-007, 2.09807353713e-007, 6.23372358177e-008, 5.77699843518e-009, 1.62954996719e-010, 9.07625641311e-011, 2.65813343558e-011, 3.87253332971e-014, 8.64428865729e-019]
        max: [1.22395058497e-005, 0.00114375236444, 0.00345166772604, 0.0063098128885, 0.00450733210891, 0.00403829151765, 0.0079641090706, 0.00446633342654, 0.0059689306654, 0.00740943336859, 0.00436149956658, 0.00263141118921, 0.00289529981092, 0.0038232402876, 0.00375590287149, 0.0168049409986, 0.00990300346166, 0.00418693060055, 0.0135573409498, 0.00882367324084, 0.00293945870362, 0.000466345140012, 0.00012673017045, 0.000233644328546, 6.92188696121e-005, 2.76096602647e-006, 8.24311907621e-009]
        mean: [7.61347280331e-007, 0.000106001207314, 0.000222232876695, 0.000252919504419, 0.000249485688983, 0.000159457908012, 0.000170210929355, 0.000124688565847, 0.000307329464704, 0.000275861530099, 8.49513235153e-005, 0.000113867710752, 9.91235356196e-005, 0.000177241599886, 0.000196560984477, 0.000407387909945, 0.000358389544999, 0.000354614981916, 0.000617846089881, 0.000369817949831, 0.000159764909768, 4.28098319389e-005, 9.34296440391e-006, 6.31023704045e-006, 3.81461791221e-006, 1.5925917296e-007, 5.87331405733e-010]
        median: [6.45731574878e-008, 7.07572471583e-005, 0.000120539116324, 0.000108846237708, 0.000125194885186, 6.05345194344e-005, 6.43732491881e-005, 4.69786900794e-005, 0.000138416493428, 7.42169213481e-005, 4.29172105214e-005, 5.68169925828e-005, 5.95626625e-005, 9.00674422155e-005, 9.78887474048e-005, 0.000248650467256, 0.000266739429208, 0.000279916537693, 0.000441330485046, 0.000289385265205, 0.000104299266241, 2.38000684476e-005, 6.41697442916e-006, 3.44721070178e-006, 2.22507560466e-006, 9.42185707231e-008, 3.36957073355e-010]
        min: [3.11668940897e-023, 1.21714879457e-023, 1.98512034747e-023, 1.30615668048e-023, 1.12975902014e-023, 3.61224835864e-023, 6.70644671211e-023, 4.0955645026e-023, 4.63852799734e-023, 5.98948069652e-023, 4.6118108562e-023, 3.79095343712e-023, 9.75991838585e-023, 1.61881742464e-022, 2.57486648088e-022, 2.84819883283e-022, 1.78155968182e-022, 3.11234707678e-022, 5.49822066013e-022, 4.91664816699e-022, 4.32965033031e-022, 6.44093493785e-022, 6.39640935644e-022, 8.07875860916e-022, 1.05024745443e-021, 1.59116521196e-021, 2.2472247538e-021]
        var: [3.32986980003e-012, 1.50998769044e-008, 1.14590427813e-007, 2.38223876181e-007, 1.84008172255e-007, 9.86180879181e-008, 1.38497867397e-007, 6.3630992031e-008, 2.11890210267e-007, 3.67007572777e-007, 3.40564731971e-008, 3.37027721287e-008, 2.12516972908e-008, 5.92909756847e-008, 9.24944956182e-008, 5.11490441113e-007, 1.93921991354e-007, 1.01196654612e-007, 4.92469894198e-007, 1.63156812505e-007, 3.89211827212e-008, 2.9225624143e-009, 1.08895378825e-010, 1.23993496026e-010, 4.04319425162e-011, 4.72814977003e-014, 4.69607959636e-019]
    frequency_bands:
        dmean: [6.42331144718e-007, 7.28841841919e-005, 0.000171107356437, 0.000227540920605, 0.000203523071832, 9.78907410172e-005, 0.000108632797492, 8.41465953272e-005, 0.000165619392646, 0.000152879190864, 5.04245217599e-005, 6.34351963527e-005, 5.3769985243e-005, 9.45452557062e-005, 0.00010048202239, 0.000205842559808, 0.000177510548383, 0.00017967405438, 0.00026864989195, 0.000167305755895, 8.75149999047e-005, 2.48422948061e-005, 4.64172308057e-006, 2.98847953673e-006, 1.65240373917e-006, 6.87697294666e-008, 3.61005669802e-010, 5.81966523583e-011]
        dmean2: [8.52536629736e-007, 0.000124607118778, 0.000287571077934, 0.000393433874706, 0.000358352903277, 0.000152600143338, 0.000172775180545, 0.000135549416882, 0.000262018234935, 0.000240371591644, 8.30166245578e-005, 0.000101659919892, 8.75744881341e-005, 0.000154520865181, 0.0001641119743, 0.000334424141329, 0.000295308680506, 0.000305071502225, 0.000443495227955, 0.000281270389678, 0.000153449553181, 4.34274406871e-005, 7.80819118518e-006, 4.80630615129e-006, 2.54009160017e-006, 1.06160072733e-007, 6.25463458803e-010, 1.08576835023e-010]
        dvar: [1.89483975385e-012, 1.47741054946e-008, 1.13887644204e-007, 2.81425172943e-007, 2.26162342187e-007, 4.57702888923e-008, 7.60071472428e-008, 3.55140414854e-008, 8.17187455482e-008, 1.20553409033e-007, 1.70767364693e-008, 1.36045716914e-008, 8.96230822889e-009, 2.63054413807e-008, 3.81980171937e-008, 2.36823765931e-007, 1.0605877776e-007, 6.66665229687e-008, 1.64199406072e-007, 7.73706574364e-008, 2.25205454285e-008, 2.02377803404e-009, 5.97520088963e-011, 4.24038686109e-011, 1.39240997205e-011, 1.78518986838e-014, 3.13148633777e-019, 7.92639601968e-021]
        dvar2: [3.11257833743e-012, 4.3266453531e-008, 3.09432181211e-007, 7.76026524818e-007, 6.41496001208e-007, 1.00398906966e-007, 1.77806001034e-007, 8.56448991726e-008, 1.96756644755e-007, 2.71475215641e-007, 4.48843664458e-008, 3.3042034886e-008, 2.19739551e-008, 6.94367869869e-008, 9.76995693236e-008, 6.17379839696e-007, 2.69871947012e-007, 1.77898755283e-007, 4.01557372243e-007, 2.09807353713e-007, 6.23372358177e-008, 5.77699843518e-009, 1.62954996719e-010, 9.07625641311e-011, 2.65813343558e-011, 3.87253332971e-014, 8.64428865729e-019, 2.52807430141e-020]
        max: [1.22395058497e-005, 0.00114375236444, 0.00345166772604, 0.0063098128885, 0.00450733210891, 0.00403829151765, 0.0079641090706, 0.00446633342654, 0.0059689306654, 0.00740943336859, 0.00436149956658, 0.00263141118921, 0.00289529981092, 0.0038232402876, 0.00375590287149, 0.0168049409986, 0.00990300346166, 0.00418693060055, 0.0135573409498, 0.00882367324084, 0.00293945870362, 0.000466345140012, 0.00012673017045, 0.000233644328546, 6.92188696121e-005, 2.76096602647e-006, 8.24311907621e-009, 1.27612098666e-009]
        mean: [7.61347280331e-007, 0.000106001207314, 0.000222232876695, 0.000252919504419, 0.000249485688983, 0.000159457908012, 0.000170210929355, 0.000124688565847, 0.000307329464704, 0.000275861530099, 8.49513235153e-005, 0.000113867710752, 9.91235356196e-005, 0.000177241599886, 0.000196560984477, 0.000407387909945, 0.000358389544999, 0.000354614981916, 0.000617846089881, 0.000369817949831, 0.000159764909768, 4.28098319389e-005, 9.34296440391e-006, 6.31023704045e-006, 3.81461791221e-006, 1.5925917296e-007, 5.87331405733e-010, 4.49471397601e-011]
        median: [6.45731574878e-008, 7.07572471583e-005, 0.000120539116324, 0.000108846237708, 0.000125194885186, 6.05345194344e-005, 6.43732491881e-005, 4.69786900794e-005, 0.000138416493428, 7.42169213481e-005, 4.29172105214e-005, 5.68169925828e-005, 5.95626625e-005, 9.00674422155e-005, 9.78887474048e-005, 0.000248650467256, 0.000266739429208, 0.000279916537693, 0.000441330485046, 0.000289385265205, 0.000104299266241, 2.38000684476e-005, 6.41697442916e-006, 3.44721070178e-006, 2.22507560466e-006, 9.42185707231e-008, 3.36957073355e-010, 1.65972825761e-011]
        min: [3.11668940897e-023, 1.21714879457e-023, 1.98512034747e-023, 1.30615668048e-023, 1.12975902014e-023, 3.61224835864e-023, 6.70644671211e-023, 4.0955645026e-023, 4.63852799734e-023, 5.98948069652e-023, 4.6118108562e-023, 3.79095343712e-023, 9.75991838585e-023, 1.61881742464e-022, 2.57486648088e-022, 2.84819883283e-022, 1.78155968182e-022, 3.11234707678e-022, 5.49822066013e-022, 4.91664816699e-022, 4.32965033031e-022, 6.44093493785e-022, 6.39640935644e-022, 8.07875860916e-022, 1.05024745443e-021, 1.59116521196e-021, 2.2472247538e-021, 7.37691474158e-022]
        var: [3.32986980003e-012, 1.50998769044e-008, 1.14590427813e-007, 2.38223876181e-007, 1.84008172255e-007, 9.86180879181e-008, 1.38497867397e-007, 6.3630992031e-008, 2.11890210267e-007, 3.67007572777e-007, 3.40564731971e-008, 3.37027721287e-008, 2.12516972908e-008, 5.92909756847e-008, 9.24944956182e-008, 5.11490441113e-007, 1.93921991354e-007, 1.01196654612e-007, 4.92469894198e-007, 1.63156812505e-007, 3.89211827212e-008, 2.9225624143e-009, 1.08895378825e-010, 1.23993496026e-010, 4.04319425162e-011, 4.72814977003e-014, 4.69607959636e-019, 6.04742981277e-021]
    mfcc:
        mean: [-702.837158203, 96.2773590088, -54.9323921204, 43.9534835815, -4.57743453979, -9.1696844101, 4.95761966705, 1.29946124554, 5.70557498932, 1.76043570042, -2.38389444351, -5.10019397736, -4.21449708939]
        cov: [[6292.85009766, 98.7064208984, 150.987136841, 974.420227051, -361.093536377, 301.547149658, -36.7353286743, -410.018768311, -100.442001343, 71.7860717773, 25.1399288177, -163.267211914, -46.1667442322], [98.7064208984, 581.51776123, -7.41819047928, 99.9009246826, 15.8743953705, -18.7724552155, 48.108505249, 1.01521945, 4.37644386292, -3.65413975716, 13.2685232162, 18.845746994, 6.58544921875], [150.987136841, -7.41819047928, 803.65411377, 267.688873291, 108.567977905, 184.744613647, 17.2462425232, -85.263710022, -53.8392982483, -51.8767318726, -19.0764942169, -29.4804191589, -35.8900794983], [974.420227051, 99.9009246826, 267.688873291, 583.932495117, 33.4668769836, 209.844299316, 20.9692497253, -150.194747925, -21.3185710907, -35.3276519775, -26.9245586395, -51.7683372498, 7.8581662178], [-361.093536377, 15.8743953705, 108.567977905, 33.4668769836, 188.6197052, 19.5275039673, -8.41148471832, -22.6054267883, -13.2918319702, 0.364487946033, -17.0679645538, 1.72560679913, 3.95493912697], [301.547149658, -18.7724552155, 184.744613647, 209.844299316, 19.5275039673, 181.545120239, 31.8419017792, -45.3783302307, -10.8894662857, -19.472661972, -0.0414710380137, -29.516740799, -7.5118765831], [-36.7353286743, 48.108505249, 17.2462425232, 20.9692497253, -8.41148471832, 31.8419017792, 110.276428223, 39.1893577576, 9.57231235504, -14.7035245895, 1.2937977314, 10.0623893738, -15.5803279877], [-410.018768311, 1.01521945, -85.263710022, -150.194747925, -22.6054267883, -45.3783302307, 39.1893577576, 144.604187012, 44.0171699524, -6.60892915726, 3.08030581474, 15.481212616, -6.4113817215], [-100.442001343, 4.37644386292, -53.8392982483, -21.3185710907, -13.2918319702, -10.8894662857, 9.57231235504, 44.0171699524, 69.7261123657, 21.37865448, 0.165957167745, -0.0681389942765, -5.24220561981], [71.7860717773, -3.65413975716, -51.8767318726, -35.3276519775, 0.364487946033, -19.472661972, -14.7035245895, -6.60892915726, 21.37865448, 85.1535263062, 34.4118499756, 3.41439175606, -5.05438137054], [25.1399288177, 13.2685232162, -19.0764942169, -26.9245586395, -17.0679645538, -0.0414710380137, 1.2937977314, 3.08030581474, 0.165957167745, 34.4118499756, 71.5540161133, 22.3579006195, 2.37986254692], [-163.267211914, 18.845746994, -29.4804191589, -51.7683372498, 1.72560679913, -29.516740799, 10.0623893738, 15.481212616, -0.0681389942765, 3.41439175606, 22.3579006195, 69.5359573364, 26.4796886444], [-46.1667442322, 6.58544921875, -35.8900794983, 7.8581662178, 3.95493912697, -7.5118765831, -15.5803279877, -6.4113817215, -5.24220561981, -5.05438137054, 2.37986254692, 26.4796886444, 69.9573669434]]
        icov: [[0.000325817032717, -3.2721613934e-006, 5.63058565604e-005, -0.000533413025551, 0.000757088244427, 3.31333103532e-005, 1.93879423023e-005, 0.000338631856721, 0.000471755483886, -0.000566121365409, 5.43062124052e-005, 0.00024420893169, 0.000200401802431], [-3.2721613934e-006, 0.00203525228426, 2.62624380412e-005, -0.00088914996013, -0.00031809695065, 0.00135998113547, -0.00101869157515, -0.000241499292315, 3.83596261599e-006, 0.000172326006577, -0.000782305607572, -0.000155013069161, -6.73654067214e-005], [5.63058565604e-005, 2.62624380412e-005, 0.00195101776626, -0.000415033427998, -0.000721438322216, -0.00149509776384, 0.00038241466973, 6.36730037513e-005, 0.000925776315853, 0.000566376140341, 2.60992765106e-005, -0.000608893984463, 0.00139335892163], [-0.000533413025551, -0.00088914996013, -0.000415033427998, 0.00553065957502, -0.00101327139419, -0.0038788523525, -0.000848339870572, 0.00369766820222, -0.00312670459971, 0.00206492771395, 0.000710296444595, 0.000954060116783, -0.00178215280175], [0.000757088244427, -0.00031809695065, -0.000721438322216, -0.00101327139419, 0.00794179923832, -0.000410200358601, 0.000551654491574, 0.000900612387341, 0.0019764106255, -0.00303612742573, 0.00270059751347, -0.000581479573157, 4.26096266892e-005], [3.31333103532e-005, 0.00135998113547, -0.00149509776384, -0.0038788523525, -0.000410200358601, 0.0129681779072, -0.00362294283696, -3.85824459954e-005, -0.000383147475077, 0.00132142368238, -0.00394791923463, 0.00385465961881, -0.00109017128125], [1.93879423023e-005, -0.00101869157515, 0.00038241466973, -0.000848339870572, 0.000551654491574, -0.00362294283696, 0.0134836714715, -0.00491412216797, 0.00101802591234, 0.000720626034308, 0.00099630036857, -0.00457042176276, 0.00435698311776], [0.000338631856721, -0.000241499292315, 6.36730037513e-005, 0.00369766820222, 0.000900612387341, -3.85824459954e-005, -0.00491412216797, 0.0160368327051, -0.00900775007904, 0.0044614803046, -0.00154304562602, 0.00123263138812, -0.000582965498324], [0.000471755483886, 3.83596261599e-006, 0.000925776315853, -0.00312670459971, 0.0019764106255, -0.000383147475077, 0.00101802591234, -0.00900775007904, 0.0236055571586, -0.00930333137512, 0.00433072540909, -0.000704597739968, 0.00160152418539], [-0.000566121365409, 0.000172326006577, 0.000566376140341, 0.00206492771395, -0.00303612742573, 0.00132142368238, 0.000720626034308, 0.0044614803046, -0.00930333137512, 0.0207408629358, -0.0104072038084, 0.00187973724678, 0.000995619921014], [5.43062124052e-005, -0.000782305607572, 2.60992765106e-005, 0.000710296444595, 0.00270059751347, -0.00394791923463, 0.00099630036857, -0.00154304562602, 0.00433072540909, -0.0104072038084, 0.0224809441715, -0.00788750592619, 0.00134030811023], [0.00024420893169, -0.000155013069161, -0.000608893984463, 0.000954060116783, -0.000581479573157, 0.00385465961881, -0.00457042176276, 0.00123263138812, -0.000704597739968, 0.00187973724678, -0.00788750592619, 0.0234416555613, -0.00922354497015], [0.000200401802431, -6.73654067214e-005, 0.00139335892163, -0.00178215280175, 4.26096266892e-005, -0.00109017128125, 0.00435698311776, -0.000582965498324, 0.00160152418539, 0.000995619921014, 0.00134030811023, -0.00922354497015, 0.0197830516845]]
    sccoeffs:
        dmean: [0.0565212704241, 0.0467500574887, 0.039377015084, 0.0290039684623, 0.0202637519687, 0.0193690881133]
        dmean2: [0.0911447480321, 0.0766297280788, 0.0652145668864, 0.0482106469572, 0.0334810428321, 0.0315305031836]
        dvar: [0.00238092453219, 0.00146220868919, 0.000957493204623, 0.00053601374384, 0.000272653240245, 0.000358533899998]
        dvar2: [0.00615082681179, 0.00375343440101, 0.00255808816291, 0.00144512811676, 0.000711698667146, 0.000949095061515]
        max: [-0.385331362486, -0.453317195177, -0.520594894886, -0.563881337643, -0.529151916504, -0.604674458504]
        mean: [-0.676321685314, -0.759322404861, -0.774911284447, -0.788813948631, -0.78849452734, -0.777099251747]
        median: [-0.679425477982, -0.76930552721, -0.783598959446, -0.791374981403, -0.796915054321, -0.7819622159]
        min: [-0.991092562675, -0.991084337234, -0.995041489601, -0.98319876194, -0.964953899384, -0.958223521709]
        var: [0.0055264160037, 0.0051008858718, 0.00345999235287, 0.0018620879855, 0.00183776090853, 0.00183076679241]
    scvalleys:
        dmean: [0.36340034008, 0.335376054049, 0.296701580286, 0.238457322121, 0.232817694545, 0.247465506196]
        dmean2: [0.610045790672, 0.555149674416, 0.487813770771, 0.388516396284, 0.373574912548, 0.382656395435]
        dvar: [0.111362971365, 0.0915046855807, 0.0677145570517, 0.0521072596312, 0.0803968161345, 0.113426566124]
        dvar2: [0.297564923763, 0.220249578357, 0.153524816036, 0.109158657491, 0.173145219684, 0.269047379494]
        max: [-5.4003534317, -4.90607833862, -5.02958917618, -5.65077638626, -5.40252399445, -7.55262041092]
        mean: [-7.0521903038, -6.80925130844, -6.88229608536, -6.96672058105, -6.88257932663, -9.63812446594]
        median: [-6.76517963409, -6.60643482208, -6.77570009232, -6.77467393875, -6.55882358551, -9.18508148193]
        min: [-27.4887161255, -27.6088180542, -27.1974124908, -27.0344409943, -27.179561615, -27.344367981]
        var: [2.04887127876, 1.28732788563, 0.902606248856, 1.01388633251, 1.4588290453, 2.9351477623]

rhythm:
    beats_loudness:
        dmean: 0.00173277407885
        dmean2: 0.0029726959765
        dvar: 1.75429329374e-006
        dvar2: 5.19271407029e-006
        max: 0.015274531208
        mean: 0.00576609326527
        median: 0.00585439801216
        min: 1.91639037972e-010
        var: 6.47320393909e-006
    bpm: 149.981491089
    bpm_confidence: 0
    first_peak_bpm: 152
    first_peak_spread: 0.467583477497
    first_peak_weight: 0.505596995354
    onset_rate: 2.8481695652
    second_peak_bpm: 144
    second_peak_spread: 0.239999964833
    second_peak_weight: 0.0354477614164
    beats_loudness_band_ratio:
        dmean: [0.184445664287, 0.0579733550549, 0.109511598945, 0.0863896012306, 0.111829079688, 0.0768398046494]
        dmean2: [0.327556401491, 0.0991491824389, 0.189460530877, 0.153714552522, 0.193217664957, 0.12856541574]
        dvar: [0.0216005370021, 0.0041773323901, 0.0124282734469, 0.00810360070318, 0.0084542511031, 0.00482176057994]
        dvar2: [0.064893886447, 0.0117248138413, 0.0326196327806, 0.0239448640496, 0.0239397138357, 0.0138585213572]
        max: [0.767843723297, 0.511710941792, 0.755958557129, 0.692633152008, 0.871929347515, 0.680445849895]
        mean: [0.241216301918, 0.0728300884366, 0.14125084877, 0.115630969405, 0.269804418087, 0.192629978061]
        median: [0.20234324038, 0.0524056255817, 0.0936233624816, 0.0775104537606, 0.242945402861, 0.179349347949]
        min: [3.03370129018e-008, 2.73848854704e-005, 0.00844437535852, 0.0132021913305, 0.031868621707, 0.00645432714373]
        var: [0.0339168943465, 0.00480799051002, 0.0159000977874, 0.0111461160704, 0.0175751820207, 0.0113781942055]
    beats_position: [0.406349211931, 0.824308395386, 1.23065757751, 1.63700675964, 2.03174591064, 2.43809509277, 2.8444442749, 3.26240348816, 3.68036270142, 4.1099319458, 4.55111122131, 4.98067998886, 5.41024923325, 5.8282084465, 6.23455762863, 6.64090681076, 7.04725599289, 7.45360517502, 7.84834432602, 8.24308395386, 8.63782310486, 9.03256225586, 9.43891143799, 9.84526062012, 10.2399997711, 10.6347389221, 11.0410881042, 11.4474372864, 11.8421764374, 12.2369155884, 12.6316547394, 13.0380039215, 13.4443531036, 13.8390922546, 14.2338323593, 14.6401815414, 15.0465307236, 15.4412698746, 15.8476190567, 16.242357254, 16.637096405, 17.0434455872, 17.4381847382, 17.8445339203, 18.2508831024, 18.6456241608, 19.0403633118, 19.4351024628, 19.8414516449, 20.247800827, 20.642539978, 21.037279129, 21.43201828, 21.8383674622, 22.2331066132, 22.6394557953, 23.0341949463, 23.4405441284, 23.8352832794, 24.2416324615, 24.6363716125, 25.0311107635, 25.4374599457, 25.8438091278, 26.2385482788, 26.6448974609, 27.0512466431, 27.4459857941, 27.8407249451, 28.2354640961, 28.6418132782, 29.0481624603, 29.4429016113, 29.8376407623, 30.2323799133, 30.6387290955, 31.0450782776, 31.4398174286, 31.8461666107, 32.2525177002, 32.6588668823, 33.053604126, 33.4599533081, 33.8546943665, 34.2494316101, 34.6441726685, 35.0389099121, 35.4336509705, 35.8400001526, 36.2463493347, 36.6410865784, 37.0358276367, 37.4421768188, 37.848526001, 38.2432632446, 38.638004303, 39.0443534851, 39.4390907288, 39.8454399109, 40.2401809692, 40.6465301514, 41.0528793335, 41.4476165771, 41.8423576355, 42.2370948792, 42.6318359375, 43.0381851196, 43.4445343018, 43.8392753601, 44.2340126038, 44.6403617859, 45.0351028442, 45.4414520264, 45.83618927, 46.2309303284, 46.6372795105, 47.0436286926, 47.4383659363, 47.8331069946, 48.2394561768, 48.6458053589, 49.0405426025, 49.4352836609, 49.841632843, 50.2479820251, 50.6427192688, 51.0490684509, 51.4554176331, 51.8501586914, 52.2448959351, 52.6396369934, 53.0343742371, 53.4407234192, 53.8470726013, 54.2418136597, 54.6365509033, 55.0429000854, 55.4492492676, 55.8439903259, 56.2387275696, 56.6450767517, 57.0514259338, 57.4461669922, 57.8409042358, 58.2356452942, 58.6419944763, 59.0483436584, 59.4430847168, 59.8378219604, 60.2325630188, 60.6273002625, 61.0336494446, 61.4399986267, 61.8347396851, 62.2294769287, 62.6358261108, 63.042175293, 63.4485244751, 63.8548736572, 64.2496109009, 64.6443557739, 65.0390930176, 65.4338302612, 65.8401794434, 66.2465286255, 66.6412658691, 67.0360107422, 67.4307479858, 67.837097168, 68.2434463501, 68.6381835938, 69.0445327759, 69.4392700195, 69.8456192017, 70.2403640747, 70.6351013184, 71.0414505005, 71.4477996826, 71.8541488647, 72.2488861084, 72.6552352905, 73.0499725342, 73.4447174072, 73.8394546509, 74.2341918945, 74.6289291382, 75.0352783203, 75.4416275024, 75.8479766846, 76.2543258667, 76.6490707397, 77.0438079834, 77.4385452271, 77.8332901001, 78.2396392822, 78.6459884644, 79.040725708, 79.4354629517, 79.8418121338, 80.2481613159, 80.6428985596, 81.0376434326, 81.4323806763, 81.8387298584, 82.2334671021, 82.6398162842, 83.0461654663, 83.44090271, 83.8472518921, 84.2419967651, 84.6367340088, 85.0314712524, 85.4262084961, 85.8325576782, 86.2389068604, 86.6336517334, 87.0400009155, 87.4347381592, 87.8410873413, 88.2474365234, 88.6537857056, 89.0485229492, 89.4548721313, 89.849609375, 90.244354248, 90.6507034302, 91.0454406738, 91.4401779175, 91.8349151611, 92.2296600342, 92.6243972778, 93.03074646, 93.4254837036, 93.8318328857, 94.2381820679, 94.6329269409, 95.0276641846, 95.4340133667, 95.8403625488, 96.246711731, 96.6414489746, 97.0361862183, 97.4425354004, 97.8488845825, 98.2436294556, 98.6383666992, 99.0447158813, 99.4510650635, 99.8458023071, 100.240539551, 100.635284424, 101.041633606, 101.447982788, 101.842720032, 102.249069214, 102.643806458, 103.05015564, 103.444892883, 103.839637756, 104.245986938, 104.652336121, 105.047073364, 105.441810608, 105.836547852, 106.242897034, 106.637641907, 107.043991089, 107.438728333, 107.845077515, 108.251426697, 108.64616394, 109.040908813, 109.435646057, 109.830383301, 110.236732483, 110.643081665, 111.037818909, 111.432563782, 111.838912964, 112.245262146, 112.63999939, 113.034736633, 113.441085815, 113.835823059, 114.242172241, 114.636917114, 115.043266296, 115.43800354, 115.844352722, 116.239089966, 116.633827209, 117.040176392, 117.446525574, 117.841270447, 118.247619629, 118.642356873, 119.048706055, 119.443443298, 119.838180542, 120.232925415, 120.639274597, 121.045623779, 121.440361023, 121.835098267, 122.241447449, 122.647796631, 123.042533875, 123.448883057, 123.84362793, 124.249977112, 124.644714355, 125.039451599, 125.445800781, 125.852149963, 126.246894836, 126.64163208, 127.036369324, 127.442718506, 127.849067688, 128.243804932, 128.638549805, 129.033279419, 129.43963623, 129.845977783, 130.252334595, 130.658676147, 131.053421021, 131.448165894, 131.842895508, 132.237640381, 132.632385254, 133.038726807, 133.445083618, 133.839813232, 134.234558105, 134.640899658, 135.04725647, 135.441986084, 135.836730957, 136.243087769, 136.637817383, 137.044174194, 137.438903809, 137.833648682, 138.239990234, 138.646347046, 139.041091919, 139.435821533, 139.830566406, 140.236907959, 140.631652832, 141.037994385, 141.444351196, 141.850692749, 142.245437622, 142.651794434, 143.046524048, 143.452880859, 143.847610474, 144.242355347, 144.63710022, 145.031829834, 145.426574707, 145.83291626, 146.239273071, 146.634017944, 147.040359497, 147.446716309, 147.841445923, 148.236190796, 148.642532349, 149.04888916, 149.455230713, 149.849975586, 150.256317139, 150.651062012, 151.045806885, 151.440536499, 151.835281372, 152.241622925, 152.647979736, 153.042724609, 153.437454224, 153.832199097, 154.226928711, 154.644897461, 155.051239014, 155.457595825, 155.863937378, 156.270294189, 156.665023804, 157.048156738, 157.442901611, 157.837631226, 158.243988037, 158.650344849, 159.045074463, 159.451431274, 159.846160889, 160.2525177, 160.658859253, 161.053604126, 161.448348999, 161.843078613, 162.237823486, 162.644165039, 163.050521851, 163.445251465, 163.839996338, 164.234741211, 164.629470825, 165.035827637, 165.442169189, 165.836914063, 166.243255615, 166.638000488, 167.032745361, 167.439086914, 167.833831787, 168.228561401, 168.634918213, 169.041259766, 169.436004639, 169.830749512, 170.237091064, 170.643447876, 171.049789429, 171.45614624, 171.850875854, 172.245620728, 172.640365601, 173.035095215, 173.429840088, 173.836181641, 174.230926514, 174.637283325, 175.043624878, 175.449981689, 175.844711304, 176.239456177, 176.634185791, 177.040542603, 177.446884155, 177.841629028, 178.236373901, 178.642715454, 179.049072266, 179.44380188, 179.850158691, 180.244888306, 180.651245117, 181.04598999, 181.440719604, 181.847076416, 182.24180603, 182.636550903, 183.042892456, 183.437637329, 183.832382202, 184.238723755, 184.645080566, 185.039810181, 185.446166992, 185.852508545, 186.247253418, 186.641998291, 187.036727905, 187.443084717, 187.84942627, 188.244171143, 188.638900757, 189.03364563, 189.428390503, 189.834732056, 190.229476929, 190.635818481, 191.042175293, 191.448516846, 191.843261719, 192.238006592, 192.644348145, 193.050704956, 193.44543457, 193.840179443, 194.246520996, 194.652877808, 195.047622681, 195.442352295, 195.837097168, 196.231826782, 196.638183594, 197.032928467, 197.43927002, 197.834014893, 198.240356445, 198.646713257, 199.05305481, 199.447799683, 199.854141235, 200.248886108, 200.655227661, 201.049972534, 201.456329346, 201.85105896, 202.245803833, 202.640533447, 203.046890259, 203.441635132, 203.847976685, 204.242721558, 204.64906311, 205.055419922, 205.473373413, 205.891326904, 206.309295654, 206.727249146, 207.145217896, 207.563171387, 207.981124878, 208.410705566, 208.828659058, 209.23500061, 209.641357422, 210.047698975, 210.442443848, 210.848800659, 211.255142212, 211.661499023, 212.067840576, 212.485794067, 212.903762817, 213.321716309, 213.739685059, 214.169250488, 214.587203979, 215.016769409, 215.434738159]
