
metadata:
    version:
        essentia: "2.1-beta2"
    audio_properties:
        analysis_sample_rate: 44100
        bitrate: 320
        channels: 2
        equal_loudness: 1
        length: 201.142852783
        replay_gain: -14.2825756073
        downmix: "mix"
    tags:
        album: "Got Your Six (Deluxe Edition)"
        artist: "Five Finger Death Punch"
        comment: ""
        date: "2015"
        genre: "Heavy Metal"
        title: "No Sudden Movement"
        tracknumber: "06"

configuration:
    average_loudness:
        compute: 1
        frameSize: 88200
        hopSize: 44100
        silentFrames: "noise"
        windowType: "hann"
    general:
        analysisSampleRate: 44100
        endTime: 2000
        equalLoudness: 1
        nequalLoudness: 0
        shortSound: 0
        startTime: 0
    lowlevel:
        compute: 1
        frameSize: 2048
        hopSize: 1024
        zeroPadding: 0
        silentFrames: "noise"
        windowType: "blackmanharris62"
        mfccStats: ["mean", "cov", "icov"]
        stats: ["mean", "var", "median", "min", "max", "dmean", "dmean2", "dvar", "dvar2"]
    panning:
        compute: 0
        frameSize: 8192
        hopSize: 2048
        zeroPadding: 8192
        silentFrames: "noise"
        windowType: "hann"
        stats: ["copy"]
    rhythm:
        compute: 1
        maxTempo: 208
        minTempo: 40
        method: "degara"
        stats: ["mean", "var", "median", "min", "max", "dmean", "dmean2", "dvar", "dvar2"]
    segmentation:
        compute: 0
        cpw: 5
        inc1: 300
        inc2: 50
        minimumSegmentsLength: 10
        size1: 1000
        size2: 600
    sfx:
        compute: 1
        stats: ["mean", "var", "median", "min", "max", "dmean", "dmean2", "dvar", "dvar2"]
    svm:
        compute: 0
    tonal:
        compute: 1
        frameSize: 4096
        hopSize: 2048
        zeroPadding: 0
        silentFrames: "noise"
        windowType: "blackmanharris62"
        stats: ["mean", "var", "median", "min", "max", "dmean", "dmean2", "dvar", "dvar2"]

lowlevel:
    average_loudness: 0.804922938347
    barkbands_kurtosis:
        dmean: 0.908290147781
        dmean2: 1.53293967247
        dvar: 4.7464389801
        dvar2: 11.8819236755
        max: 74.2421188354
        mean: -0.536432743073
        median: -1.05137085915
        min: -1.89058208466
        var: 5.37658309937
    barkbands_skewness:
        dmean: 0.542727351189
        dmean2: 0.878323018551
        dvar: 0.315142840147
        dvar2: 0.815423488617
        max: 7.05341768265
        mean: -0.0301872771233
        median: -0.0898477584124
        min: -3.5014359951
        var: 0.772335708141
    barkbands_spread:
        dmean: 6.62345695496
        dmean2: 10.8857660294
        dvar: 43.684337616
        dvar2: 113.939201355
        max: 83.2143936157
        mean: 35.0481491089
        median: 35.0247421265
        min: 1.72024667263
        var: 117.024299622
    dissonance:
        dmean: 0.00959258712828
        dmean2: 0.0164794698358
        dvar: 0.000103944963485
        dvar2: 0.000291615142487
        max: 0.500000178814
        mean: 0.485885113478
        median: 0.48888900876
        min: 0.356923669577
        var: 0.000140165779158
    hfc:
        dmean: 3.17694616318
        dmean2: 5.27511930466
        dvar: 18.0133590698
        dvar2: 49.0667915344
        max: 67.9866867065
        mean: 8.92771530151
        median: 7.53048563004
        min: 1.27360681277e-016
        var: 43.8424415588
    pitch:
        dmean: 885.498596191
        dmean2: 1695.80090332
        dvar: 1647490.375
        dvar2: 4007883
        max: 4664.515625
        mean: 1840.03869629
        median: 911.704345703
        min: 44.1297531128
        var: 2435720.5
    pitch_instantaneous_confidence:
        dmean: 0.0789401009679
        dmean2: 0.131107732654
        dvar: 0.00434772996232
        dvar2: 0.0112960338593
        max: 0.963004589081
        mean: 0.334871202707
        median: 0.311995476484
        min: 0.117842972279
        var: 0.0154744936153
    pitch_salience:
        dmean: 0.0774724632502
        dmean2: 0.131681442261
        dvar: 0.00567369395867
        dvar2: 0.0161282792687
        max: 0.904993593693
        mean: 0.672285914421
        median: 0.693155765533
        min: 0.148400887847
        var: 0.00867738667876
    silence_rate_20dB:
        dmean: 0
        dmean2: 0
        dvar: 0
        dvar2: 0
        max: 1
        mean: 1
        median: 1
        min: 1
        var: 0
    silence_rate_30dB:
        dmean: 0
        dmean2: 0
        dvar: 0
        dvar2: 0
        max: 1
        mean: 1
        median: 1
        min: 1
        var: 0
    silence_rate_60dB:
        dmean: 0.11774212122
        dmean2: 0.235511422157
        dvar: 0.103873744607
        dvar2: 0.213047593832
        max: 1
        mean: 0.259810715914
        median: 0
        min: 0
        var: 0.192306801677
    spectral_centroid:
        dmean: 370.392700195
        dmean2: 610.377197266
        dvar: 145699.21875
        dvar2: 394983.875
        max: 10797.8134766
        mean: 1762.48937988
        median: 1753.75854492
        min: 117.685203552
        var: 398325.09375
    spectral_complexity:
        dmean: 5.43737745285
        dmean2: 8.70422554016
        dvar: 29.7766513824
        dvar2: 72.1037216187
        max: 47
        mean: 16.989151001
        median: 17
        min: 0
        var: 86.1798400879
    spectral_crest:
        dmean: 2.19172286987
        dmean2: 3.72071766853
        dvar: 4.72520208359
        dvar2: 12.3449678421
        max: 22.2932949066
        mean: 6.44910144806
        median: 5.60508203506
        min: 2.2325937748
        var: 7.97487735748
    spectral_decrease:
        dmean: 3.689204775e-010
        dmean2: 6.0330812568e-010
        dvar: 2.31708540719e-019
        dvar2: 5.91628422022e-019
        max: 5.96425656482e-029
        mean: -1.09834552564e-009
        median: -1.01212060954e-009
        min: -4.4730890103e-009
        var: 3.74813578425e-019
    spectral_energy:
        dmean: 0.00162043073215
        dmean2: 0.00263166753575
        dvar: 4.2286851567e-006
        dvar2: 1.07689056676e-005
        max: 0.0222461204976
        mean: 0.00495517253876
        median: 0.00455032475293
        min: 1.13268822035e-020
        var: 7.77445256972e-006
    spectral_energyband_high:
        dmean: 0.00023259090085
        dmean2: 0.000408736494137
        dvar: 1.44366268273e-007
        dvar2: 4.00619001084e-007
        max: 0.0086105260998
        mean: 0.000421020435169
        median: 0.00030805930146
        min: 8.00055631589e-021
        var: 1.79273683898e-007
    spectral_energyband_low:
        dmean: 0.000449344108347
        dmean2: 0.000761962321121
        dvar: 4.20355547703e-007
        dvar2: 1.14150532227e-006
        max: 0.00631037913263
        mean: 0.000630195136182
        median: 0.000393357302528
        min: 4.32936962205e-023
        var: 4.83385463212e-007
    spectral_energyband_middle_high:
        dmean: 0.000829740252811
        dmean2: 0.00132770719938
        dvar: 9.11610754883e-007
        dvar2: 2.34904723584e-006
        max: 0.0210873521864
        mean: 0.0024596482981
        median: 0.00215431535617
        min: 1.87767434305e-021
        var: 3.37608616974e-006
    spectral_energyband_middle_low:
        dmean: 0.000945441017393
        dmean2: 0.0016105202958
        dvar: 2.43541717282e-006
        dvar2: 6.63453556626e-006
        max: 0.0138081144542
        mean: 0.00164200540166
        median: 0.00119529326912
        min: 1.33435960958e-022
        var: 2.46044464802e-006
    spectral_flatness_db:
        dmean: 0.015319660306
        dmean2: 0.0251355264336
        dvar: 0.000242547845119
        dvar2: 0.0006370790652
        max: 0.349833518267
        mean: 0.12638437748
        median: 0.122556455433
        min: 0.0235926229507
        var: 0.000739664421417
    spectral_flux:
        dmean: 0.00959077198058
        dmean2: 0.0145938582718
        dvar: 0.000112880181405
        dvar2: 0.000213135572267
        max: 0.117309883237
        mean: 0.0453992709517
        median: 0.0437517054379
        min: 1.06427824886e-010
        var: 0.000287911912892
    spectral_kurtosis:
        dmean: 0.798479855061
        dmean2: 1.29975271225
        dvar: 0.675376236439
        dvar2: 1.84955227375
        max: 20.9873428345
        mean: 3.25889873505
        median: 3.20993852615
        min: -1.16418421268
        var: 2.11588168144
    spectral_rms:
        dmean: 0.000340140046319
        dmean2: 0.000538999098353
        dvar: 1.44874633179e-007
        dvar2: 3.51816851207e-007
        max: 0.00465870508924
        mean: 0.00210460298695
        median: 0.00210697436705
        min: 3.32424669389e-012
        var: 4.04953794941e-007
    spectral_rolloff:
        dmean: 459.468414307
        dmean2: 772.870605469
        dvar: 384537.28125
        dvar2: 983928.375
        max: 19035.3515625
        mean: 3311.72290039
        median: 3488.37890625
        min: 129.19921875
        var: 722085.0625
    spectral_skewness:
        dmean: 0.151810586452
        dmean2: 0.244838774204
        dvar: 0.0236734356731
        dvar2: 0.0595250241458
        max: 2.87261486053
        mean: 1.40518271923
        median: 1.40139806271
        min: 0.0406711511314
        var: 0.0878207460046
    spectral_spread:
        dmean: 548111.3125
        dmean2: 800321.4375
        dvar: 498979340288
        dvar2: 994032680960
        max: 40369288
        mean: 5578334.5
        median: 5306068
        min: 1435983.375
        var: 2.98549248e+012
    spectral_strongpeak:
        dmean: 0.394590198994
        dmean2: 0.676160216331
        dvar: 0.550253391266
        dvar2: 1.39644873142
        max: 15.0412120819
        mean: 0.576104104519
        median: 0.197632521391
        min: 5.93039928276e-009
        var: 1.37509441376
    zerocrossingrate:
        dmean: 0.00958503503352
        dmean2: 0.0119841983542
        dvar: 8.913421334e-005
        dvar2: 0.000124989470351
        max: 0.5107421875
        mean: 0.10051137954
        median: 0.099609375
        min: 0.01171875
        var: 0.000696564733516
    barkbands:
        dmean: [5.35543733804e-007, 0.000103092323116, 0.000288314011414, 0.000401157420129, 0.000379001750844, 0.000121824989037, 0.000128920801217, 9.50580069912e-005, 0.00018469299539, 9.42583501455e-005, 5.74042787775e-005, 7.06953796907e-005, 5.92166616116e-005, 6.17101104581e-005, 7.46498990338e-005, 0.000144560501212, 0.000188380057807, 0.000218575369217, 0.000266083749011, 0.000216370433918, 0.000113683439849, 3.83393598895e-005, 7.40307586966e-006, 4.05782702728e-006, 2.09572840504e-006, 1.01220678062e-007, 3.79295317376e-010]
        dmean2: [7.21229582723e-007, 0.000180772607564, 0.000491023587529, 0.000706575112417, 0.000669573433697, 0.000195255226572, 0.000210719837924, 0.00015751675528, 0.00029998383252, 0.000156316411449, 9.46340805967e-005, 0.000114288421173, 9.58784148679e-005, 9.97195893433e-005, 0.000120870565297, 0.000235483734286, 0.000313058553729, 0.000372669339413, 0.000437425740529, 0.000366254127584, 0.000202398761758, 6.75409828546e-005, 1.25794567793e-005, 6.73057820677e-006, 3.33846742251e-006, 1.59211168693e-007, 6.32000451972e-010]
        dvar: [1.03821096685e-012, 2.55323424625e-008, 2.2713885528e-007, 6.54203688555e-007, 5.9061386537e-007, 6.45320312742e-008, 8.70416627663e-008, 3.02509270966e-008, 1.46151691638e-007, 2.39549979852e-008, 1.31987025753e-008, 1.68088263308e-008, 9.7695265211e-009, 1.38503866154e-008, 1.92316171876e-008, 5.05671025053e-008, 5.1757059083e-008, 1.08175129299e-007, 1.38362963753e-007, 1.16236407166e-007, 3.51127233955e-008, 4.74883288248e-009, 1.69473754474e-010, 6.83892872888e-011, 1.82627055839e-011, 3.38196471153e-014, 2.93876256083e-019]
        dvar2: [1.78233393756e-012, 7.63913163837e-008, 6.05103195994e-007, 1.77674564839e-006, 1.66450990946e-006, 1.48279127643e-007, 2.13431547991e-007, 7.69652359622e-008, 3.84430649092e-007, 6.32032950421e-008, 3.47034330161e-008, 4.14739531607e-008, 2.3479589828e-008, 3.51519169328e-008, 4.82145559033e-008, 1.16817197693e-007, 1.29666076987e-007, 2.92317736239e-007, 3.59668604233e-007, 2.94973176551e-007, 9.86032588912e-008, 1.31356463484e-008, 4.36647190627e-010, 1.59654997556e-010, 3.96420708759e-011, 7.56978166131e-014, 7.32012655898e-019]
        max: [8.84846849658e-006, 0.00156067637727, 0.00552192702889, 0.00888541340828, 0.00946575775743, 0.00572553090751, 0.00621549831703, 0.00353157543577, 0.00734392600134, 0.0036302425433, 0.00334793305956, 0.00177369243465, 0.00193520542234, 0.00222145556472, 0.00287616020069, 0.0134941833094, 0.00602329382673, 0.00531083997339, 0.00815326627344, 0.0145005416125, 0.00235340348445, 0.00107663171366, 0.000261573964963, 0.000207467266591, 9.99522526399e-005, 2.83300164483e-006, 1.14130944695e-008]
        mean: [6.65941001898e-007, 0.000136274989927, 0.000336334807798, 0.000389318971429, 0.000429610809078, 0.000184771488421, 0.000164888901054, 0.000129178544739, 0.000287180475425, 0.000148295803228, 8.41923683765e-005, 0.000111399109301, 9.67931555351e-005, 0.000103193728137, 0.000129163410747, 0.000288291630568, 0.000361543236068, 0.000355616968591, 0.000534119491931, 0.000428017083323, 0.000172544212546, 5.81447857257e-005, 1.30500930027e-005, 7.72469684307e-006, 4.65615221401e-006, 2.11264051586e-007, 6.26419638383e-010]
        median: [9.09176662844e-008, 7.96879103291e-005, 0.000171380597749, 0.000165054138051, 0.000217008142499, 8.66899790708e-005, 6.9689413067e-005, 5.31122568646e-005, 0.00011699841707, 7.92564969743e-005, 4.16744223912e-005, 4.42786767962e-005, 4.74503976875e-005, 5.38202948519e-005, 7.54280190449e-005, 0.000191087572603, 0.000274737540167, 0.000266106217168, 0.000371465575881, 0.000276842736639, 0.00010975398618, 3.81139689125e-005, 8.24350718176e-006, 4.46272861154e-006, 3.09622419081e-006, 1.29936566395e-007, 4.29342783548e-010]
        min: [1.37482142137e-023, 1.33388758677e-023, 2.40558715426e-023, 1.59467502294e-024, 2.67930895105e-023, 2.56854625353e-023, 2.68115046795e-023, 1.82751761375e-023, 2.09011284302e-023, 6.89087671195e-023, 7.56459421727e-023, 2.02624981958e-022, 3.48970291909e-023, 1.67069695673e-022, 9.48591796338e-023, 1.71264075417e-022, 2.75134236466e-022, 3.75835650545e-022, 2.51450612608e-022, 3.98358828457e-022, 4.27399436329e-022, 5.90687231849e-022, 6.48881185282e-022, 5.6979763972e-022, 1.46576414642e-021, 1.78631450622e-021, 2.56265602479e-021]
        var: [1.89885889131e-012, 2.80743517322e-008, 2.40370638949e-007, 5.12246344897e-007, 4.61927726292e-007, 1.14142778784e-007, 1.00078821674e-007, 4.86801603472e-008, 2.75319052889e-007, 4.89120672853e-008, 1.94560190181e-008, 3.28038893826e-008, 2.02987706643e-008, 2.66424446949e-008, 3.47121904554e-008, 3.4072408539e-007, 1.18340516053e-007, 1.21031220601e-007, 3.35651407113e-007, 3.76047921691e-007, 3.88468741619e-008, 5.43496581074e-009, 2.84103296444e-010, 1.51576223795e-010, 4.02962073431e-011, 6.9224580766e-014, 4.64746205585e-019]
    frequency_bands:
        dmean: [5.35543733804e-007, 0.000103092323116, 0.000288314011414, 0.000401157420129, 0.000379001750844, 0.000121824989037, 0.000128920801217, 9.50580069912e-005, 0.00018469299539, 9.42583501455e-005, 5.74042787775e-005, 7.06953796907e-005, 5.92166616116e-005, 6.17101104581e-005, 7.46498990338e-005, 0.000144560501212, 0.000188380057807, 0.000218575369217, 0.000266083749011, 0.000216370433918, 0.000113683439849, 3.83393598895e-005, 7.40307586966e-006, 4.05782702728e-006, 2.09572840504e-006, 1.01220678062e-007, 3.79295317376e-010, 6.0164651039e-011]
        dmean2: [7.21229582723e-007, 0.000180772607564, 0.000491023587529, 0.000706575112417, 0.000669573433697, 0.000195255226572, 0.000210719837924, 0.00015751675528, 0.00029998383252, 0.000156316411449, 9.46340805967e-005, 0.000114288421173, 9.58784148679e-005, 9.97195893433e-005, 0.000120870565297, 0.000235483734286, 0.000313058553729, 0.000372669339413, 0.000437425740529, 0.000366254127584, 0.000202398761758, 6.75409828546e-005, 1.25794567793e-005, 6.73057820677e-006, 3.33846742251e-006, 1.59211168693e-007, 6.32000451972e-010, 1.12024688137e-010]
        dvar: [1.03821096685e-012, 2.55323424625e-008, 2.2713885528e-007, 6.54203688555e-007, 5.9061386537e-007, 6.45320312742e-008, 8.70416627663e-008, 3.02509270966e-008, 1.46151691638e-007, 2.39549979852e-008, 1.31987025753e-008, 1.68088263308e-008, 9.7695265211e-009, 1.38503866154e-008, 1.92316171876e-008, 5.05671025053e-008, 5.1757059083e-008, 1.08175129299e-007, 1.38362963753e-007, 1.16236407166e-007, 3.51127233955e-008, 4.74883288248e-009, 1.69473754474e-010, 6.83892872888e-011, 1.82627055839e-011, 3.38196471153e-014, 2.93876256083e-019, 7.18909536615e-021]
        dvar2: [1.78233393756e-012, 7.63913163837e-008, 6.05103195994e-007, 1.77674564839e-006, 1.66450990946e-006, 1.48279127643e-007, 2.13431547991e-007, 7.69652359622e-008, 3.84430649092e-007, 6.32032950421e-008, 3.47034330161e-008, 4.14739531607e-008, 2.3479589828e-008, 3.51519169328e-008, 4.82145559033e-008, 1.16817197693e-007, 1.29666076987e-007, 2.92317736239e-007, 3.59668604233e-007, 2.94973176551e-007, 9.86032588912e-008, 1.31356463484e-008, 4.36647190627e-010, 1.59654997556e-010, 3.96420708759e-011, 7.56978166131e-014, 7.32012655898e-019, 2.29521665818e-020]
        max: [8.84846849658e-006, 0.00156067637727, 0.00552192702889, 0.00888541340828, 0.00946575775743, 0.00572553090751, 0.00621549831703, 0.00353157543577, 0.00734392600134, 0.0036302425433, 0.00334793305956, 0.00177369243465, 0.00193520542234, 0.00222145556472, 0.00287616020069, 0.0134941833094, 0.00602329382673, 0.00531083997339, 0.00815326627344, 0.0145005416125, 0.00235340348445, 0.00107663171366, 0.000261573964963, 0.000207467266591, 9.99522526399e-005, 2.83300164483e-006, 1.14130944695e-008, 1.01463548674e-009]
        mean: [6.65941001898e-007, 0.000136274989927, 0.000336334807798, 0.000389318971429, 0.000429610809078, 0.000184771488421, 0.000164888901054, 0.000129178544739, 0.000287180475425, 0.000148295803228, 8.41923683765e-005, 0.000111399109301, 9.67931555351e-005, 0.000103193728137, 0.000129163410747, 0.000288291630568, 0.000361543236068, 0.000355616968591, 0.000534119491931, 0.000428017083323, 0.000172544212546, 5.81447857257e-005, 1.30500930027e-005, 7.72469684307e-006, 4.65615221401e-006, 2.11264051586e-007, 6.26419638383e-010, 4.66445979064e-011]
        median: [9.09176662844e-008, 7.96879103291e-005, 0.000171380597749, 0.000165054138051, 0.000217008142499, 8.66899790708e-005, 6.9689413067e-005, 5.31122568646e-005, 0.00011699841707, 7.92564969743e-005, 4.16744223912e-005, 4.42786767962e-005, 4.74503976875e-005, 5.38202948519e-005, 7.54280190449e-005, 0.000191087572603, 0.000274737540167, 0.000266106217168, 0.000371465575881, 0.000276842736639, 0.00010975398618, 3.81139689125e-005, 8.24350718176e-006, 4.46272861154e-006, 3.09622419081e-006, 1.29936566395e-007, 4.29342783548e-010, 1.86012229925e-011]
        min: [1.37482142137e-023, 1.33388758677e-023, 2.40558715426e-023, 1.59467502294e-024, 2.67930895105e-023, 2.56854625353e-023, 2.68115046795e-023, 1.82751761375e-023, 2.09011284302e-023, 6.89087671195e-023, 7.56459421727e-023, 2.02624981958e-022, 3.48970291909e-023, 1.67069695673e-022, 9.48591796338e-023, 1.71264075417e-022, 2.75134236466e-022, 3.75835650545e-022, 2.51450612608e-022, 3.98358828457e-022, 4.27399436329e-022, 5.90687231849e-022, 6.48881185282e-022, 5.6979763972e-022, 1.46576414642e-021, 1.78631450622e-021, 2.56265602479e-021, 9.88130148619e-022]
        var: [1.89885889131e-012, 2.80743517322e-008, 2.40370638949e-007, 5.12246344897e-007, 4.61927726292e-007, 1.14142778784e-007, 1.00078821674e-007, 4.86801603472e-008, 2.75319052889e-007, 4.89120672853e-008, 1.94560190181e-008, 3.28038893826e-008, 2.02987706643e-008, 2.66424446949e-008, 3.47121904554e-008, 3.4072408539e-007, 1.18340516053e-007, 1.21031220601e-007, 3.35651407113e-007, 3.76047921691e-007, 3.88468741619e-008, 5.43496581074e-009, 2.84103296444e-010, 1.51576223795e-010, 4.02962073431e-011, 6.9224580766e-014, 4.64746205585e-019, 5.70227941256e-021]
    mfcc:
        mean: [-693.478088379, 91.8158950806, -40.511554718, 50.6526412964, -5.04878568649, -6.34444999695, 3.18628287315, 1.19586312771, 4.45855617523, -2.02489686012, -3.22602558136, -5.17146968842, -3.36947798729]
        cov: [[5075.8046875, 579.866271973, -509.004516602, 407.645904541, -239.29359436, -82.4973754883, -9.3942232132, -22.1119327545, 0.789390325546, -22.7152938843, -33.1759605408, -50.4297294617, -51.397644043], [579.866271973, 515.315368652, -116.009979248, 70.4565429688, 14.1689691544, -24.1111564636, 11.5863571167, 7.12832212448, 25.4183254242, -11.7779560089, -10.0035181046, 1.68481302261, 16.3122348785], [-509.004516602, -116.009979248, 486.119293213, -35.0521812439, 127.586341858, 82.6179962158, 1.54488372803, 33.4758300781, -26.3279151917, -19.1080970764, 2.43915081024, 5.08594179153, -4.13629293442], [407.645904541, 70.4565429688, -35.0521812439, 349.010192871, 42.0675888062, -2.97988200188, 43.5131530762, -48.6988601685, 13.3602228165, -9.07793426514, -32.1639175415, -45.4304542542, -21.3726348877], [-239.29359436, 14.1689691544, 127.586341858, 42.0675888062, 226.474212646, 63.0305404663, 4.3075709343, -27.9480476379, -18.8035697937, 24.5338153839, 9.62287521362, -1.00646483898, -11.2658195496], [-82.4973754883, -24.1111564636, 82.6179962158, -2.97988200188, 63.0305404663, 120.755172729, 15.9427556992, 8.2523059845, -7.71070766449, 10.1666193008, 19.2800331116, 1.78466749191, 3.94244551659], [-9.3942232132, 11.5863571167, 1.54488372803, 43.5131530762, 4.3075709343, 15.9427556992, 101.535881042, 31.4432678223, 16.9874763489, 2.42040467262, -8.80913448334, -2.9350771904, -6.17181110382], [-22.1119327545, 7.12832212448, 33.4758300781, -48.6988601685, -27.9480476379, 8.2523059845, 31.4432678223, 113.409179688, 41.3593635559, 3.57500696182, 2.3301513195, 11.3441438675, 10.6080942154], [0.789390325546, 25.4183254242, -26.3279151917, 13.3602228165, -18.8035697937, -7.71070766449, 16.9874763489, 41.3593635559, 72.4363937378, 24.7460250854, -0.364725232124, -2.58577108383, 0.817385494709], [-22.7152938843, -11.7779560089, -19.1080970764, -9.07793426514, 24.5338153839, 10.1666193008, 2.42040467262, 3.57500696182, 24.7460250854, 70.9151535034, 23.0768604279, 6.80070543289, -4.45730113983], [-33.1759605408, -10.0035181046, 2.43915081024, -32.1639175415, 9.62287521362, 19.2800331116, -8.80913448334, 2.3301513195, -0.364725232124, 23.0768604279, 61.652797699, 25.9037857056, 9.25155258179], [-50.4297294617, 1.68481302261, 5.08594179153, -45.4304542542, -1.00646483898, 1.78466749191, -2.9350771904, 11.3441438675, -2.58577108383, 6.80070543289, 25.9037857056, 57.8053092957, 28.4922428131], [-51.397644043, 16.3122348785, -4.13629293442, -21.3726348877, -11.2658195496, 3.94244551659, -6.17181110382, 10.6080942154, 0.817385494709, -4.45730113983, 9.25155258179, 28.4922428131, 59.991607666]]
        icov: [[0.000301187974401, -0.000303774897475, 0.000185328957741, -0.000423233257607, 0.00039991052472, -0.000181035400601, 0.00029816274764, -0.000336069555487, 0.000515725638252, -0.000207074874197, 1.52085567606e-005, -0.000154104709509, 0.000428166764323], [-0.000303774897475, 0.00257707573473, 0.000515936058946, 6.69079527142e-005, -0.00121684023179, 0.000475575652672, -0.000235512183281, -7.29380917619e-005, -0.00131007446907, 0.00124555744696, -1.63674267242e-005, -5.47109557374e-005, -0.00103377178311], [0.000185328957741, 0.000515936058946, 0.00323969614692, -0.000145691126818, -0.0016070563579, -0.00124989799224, 0.000698232499417, -0.00189923075959, 0.000866523769218, 0.00147707678843, 0.000329645437887, -0.000426130369306, 0.000627463217825], [-0.000423233257607, 6.69079527142e-005, -0.000145691126818, 0.0047026630491, -0.00134887534659, 0.000411189452279, -0.00254826224409, 0.00311048445292, -0.00276432256214, 0.00130335998256, 0.000398764124839, 0.00257897400297, -0.000959815399256], [0.00039991052472, -0.00121684023179, -0.0016070563579, -0.00134887534659, 0.00761229358613, -0.00269435415976, 0.000324256252497, 0.00129566062242, 0.00220024515875, -0.00378710427321, 0.000685762322973, -0.00110989238601, 0.00160298484843], [-0.000181035400601, 0.000475575652672, -0.00124989799224, 0.000411189452279, -0.00269435415976, 0.0116551611573, -0.00228710169904, -0.000761191709898, 0.00106411217712, -0.000389960623579, -0.00401302939281, 0.00298085366376, -0.00243703019805], [0.00029816274764, -0.000235512183281, 0.000698232499417, -0.00254826224409, 0.000324256252497, -0.00228710169904, 0.0130425971001, -0.00478394934908, 0.000412289635278, -0.000572873919737, 0.00228073820472, -0.00231765117496, 0.00255953590386], [-0.000336069555487, -7.29380917619e-005, -0.00189923075959, 0.00311048445292, 0.00129566062242, -0.000761191709898, -0.00478394934908, 0.016111202538, -0.00982272718102, 0.00219521368854, 9.08454785531e-006, -0.000956632837187, -0.00158873596229], [0.000515725638252, -0.00131007446907, 0.000866523769218, -0.00276432256214, 0.00220024515875, 0.00106411217712, 0.000412289635278, -0.00982272718102, 0.0247402228415, -0.0098972292617, 0.00141145777889, 0.00193790800404, -0.000214908985072], [-0.000207074874197, 0.00124555744696, 0.00147707678843, 0.00130335998256, -0.00378710427321, -0.000389960623579, -0.000572873919737, 0.00219521368854, -0.0098972292617, 0.0220361165702, -0.00704386876896, -0.000770846556406, 0.00214190059341], [1.52085567606e-005, -1.63674267242e-005, 0.000329645437887, 0.000398764124839, 0.000685762322973, -0.00401302939281, 0.00228073820472, 9.08454785531e-006, 0.00141145777889, -0.00704386876896, 0.0246516354382, -0.0102675994858, 0.00134005805012], [-0.000154104709509, -5.47109557374e-005, -0.000426130369306, 0.00257897400297, -0.00110989238601, 0.00298085366376, -0.00231765117496, -0.000956632837187, 0.00193790800404, -0.000770846556406, -0.0102675994858, 0.0301366299391, -0.0125146154314], [0.000428166764323, -0.00103377178311, 0.000627463217825, -0.000959815399256, 0.00160298484843, -0.00243703019805, 0.00255953590386, -0.00158873596229, -0.000214908985072, 0.00214190059341, 0.00134005805012, -0.0125146154314, 0.0239227339625]]
    sccoeffs:
        dmean: [0.0661074146628, 0.050207387656, 0.0389027297497, 0.0285834949464, 0.0204437989742, 0.0194274447858]
        dmean2: [0.10850571841, 0.0837775692344, 0.0654184222221, 0.0476141311228, 0.0335524603724, 0.0317883603275]
        dvar: [0.00296764099039, 0.00165963801555, 0.000936098746024, 0.000533722282853, 0.000294428638881, 0.000340075115673]
        dvar2: [0.00788176152855, 0.00434505613521, 0.00258126971312, 0.00143636553548, 0.000731838517822, 0.000872649659868]
        max: [-0.350684553385, -0.470403254032, -0.582317829132, -0.599195837975, -0.612154185772, -0.599214315414]
        mean: [-0.660805940628, -0.776349365711, -0.798879027367, -0.809511423111, -0.804007709026, -0.780124723911]
        median: [-0.665009498596, -0.785187125206, -0.805241763592, -0.813455462456, -0.807438254356, -0.786602497101]
        min: [-0.973427176476, -0.965983211994, -0.968087911606, -0.968732655048, -0.956347763538, -0.961763560772]
        var: [0.0062483032234, 0.00464578624815, 0.00281074480154, 0.0016290594358, 0.00117632420734, 0.00169899838511]
    scvalleys:
        dmean: [0.386138528585, 0.383775562048, 0.329352855682, 0.277279734612, 0.280331194401, 0.236285492778]
        dmean2: [0.646256566048, 0.633832335472, 0.524411082268, 0.432033598423, 0.438681602478, 0.370481461287]
        dvar: [0.105396516621, 0.122279547155, 0.0924033820629, 0.0736214146018, 0.113037824631, 0.101094454527]
        dvar2: [0.259899377823, 0.286010503769, 0.196859642863, 0.1453012079, 0.24532237649, 0.222161635756]
        max: [-5.25949525833, -4.83808231354, -5.13923788071, -5.54723644257, -5.30654382706, -7.39564466476]
        mean: [-6.80313158035, -6.63941001892, -6.84424638748, -7.01591348648, -6.80302619934, -9.21522140503]
        median: [-6.57573795319, -6.47169685364, -6.68633079529, -6.85165596008, -6.57110834122, -9.05510520935]
        min: [-27.3574943542, -27.6232776642, -27.3044700623, -27.0522842407, -27.3835067749, -27.1652393341]
        var: [2.38859891891, 1.74720144272, 1.61097240448, 1.44677758217, 1.57915127277, 1.38709211349]

rhythm:
    beats_loudness:
        dmean: 0.00190409028437
        dmean2: 0.0032893428579
        dvar: 2.46061676989e-006
        dvar2: 7.20614525562e-006
        max: 0.0173400770873
        mean: 0.0061997002922
        median: 0.00623935181648
        min: 1.05094388053e-011
        var: 4.93654033562e-006
    bpm: 121.965431213
    bpm_confidence: 0
    first_peak_bpm: 123
    first_peak_spread: 0.401129931211
    first_peak_weight: 0.524752497673
    onset_rate: 4.0866484642
    second_peak_bpm: 117
    second_peak_spread: 0.309523791075
    second_peak_weight: 0.0717821791768
    beats_loudness_band_ratio:
        dmean: [0.199563190341, 0.0670139491558, 0.0822942256927, 0.0577996224165, 0.0952198579907, 0.073042139411]
        dmean2: [0.333284854889, 0.116854712367, 0.145642280579, 0.100667245686, 0.163068234921, 0.123947381973]
        dvar: [0.0211341809481, 0.00398995308205, 0.00826405733824, 0.00341709586792, 0.00674078799784, 0.00418906519189]
        dvar2: [0.0721554458141, 0.0107590723783, 0.022967427969, 0.0094945197925, 0.0193455163389, 0.0122931553051]
        max: [0.896440982819, 0.499637693167, 0.637350618839, 0.328486710787, 0.750550568104, 0.709037065506]
        mean: [0.374626398087, 0.0966071635485, 0.107891760767, 0.08049698174, 0.201066493988, 0.179904475808]
        median: [0.375508159399, 0.0830379649997, 0.0809862986207, 0.0603388920426, 0.18796543777, 0.160522699356]
        min: [0, 0, 0, 0, 0, 0]
        var: [0.0345501899719, 0.00521166389808, 0.00828727986664, 0.00384388538077, 0.00916225556284, 0.00870941206813]
    beats_position: [0.49922901392, 1.01006805897, 1.53251695633, 2.0549659729, 2.56580495834, 3.08825397491, 3.59909296036, 4.09832191467, 4.59755086899, 5.0967798233, 5.59600877762, 6.08362817764, 6.57124710083, 7.05886602402, 7.5464849472, 8.03410434723, 8.52172279358, 9.02095222473, 9.50857162476, 9.99619007111, 10.4954195023, 10.9830379486, 11.4822673798, 11.9814968109, 12.4691152573, 12.9683446884, 13.479183197, 14.0132427216, 14.5356912613, 15.0349206924, 15.5341491699, 16.0565986633, 16.5790481567, 17.1131057739, 17.6239452362, 18.1231746674, 18.6224040985, 19.1100215912, 19.5976409912, 20.0852603912, 20.5844898224, 21.0837192535, 21.5713367462, 22.0589561462, 22.5465755463, 23.0341949463, 23.5218143463, 24.0210418701, 24.5202713013, 25.0078907013, 25.4955101013, 25.9831295013, 26.4823570251, 26.9815864563, 27.4692058563, 27.9568252563, 28.4444446564, 28.932062149, 29.4196815491, 29.9189109802, 30.4181404114, 30.9057598114, 31.3933773041, 31.8926067352, 32.391834259, 32.8794555664, 33.3670730591, 33.8546943665, 34.3423118591, 34.8299331665, 35.329158783, 35.8283882141, 36.3160095215, 36.8036270142, 37.3028564453, 37.8020858765, 38.2897033691, 38.7773246765, 39.2649421692, 39.7525634766, 40.251789093, 40.7394104004, 41.2386398315, 41.7262573242, 42.2138786316, 42.7014961243, 43.2007255554, 43.6999549866, 44.1875724792, 44.6751937866, 45.1628112793, 45.650428772, 46.1496582031, 46.6372795105, 47.1365089417, 47.6241264343, 48.111743927, 48.6109733582, 49.1102027893, 49.5978240967, 50.0854415894, 50.573059082, 51.0722885132, 51.5715179443, 52.0591392517, 52.5467567444, 53.0343742371, 53.5336036682, 54.0212249756, 54.5204544067, 55.0080718994, 55.4956893921, 55.9949188232, 56.5057601929, 57.0165977478, 57.5274353027, 58.0382766724, 58.5607261658, 59.0715637207, 59.6056213379, 60.1396827698, 60.6505203247, 61.1497497559, 61.648979187, 62.1365966797, 62.6242179871, 63.1118354797, 63.5994529724, 64.0986862183, 64.5979156494, 65.0855331421, 65.5731506348, 66.0723800659, 66.5716094971, 67.0592269897, 67.5468444824, 68.0344696045, 68.5220870972, 69.0213165283, 69.5205459595, 70.0081634521, 70.4957809448, 70.9833984375, 71.4710159302, 71.9586410522, 72.4578704834, 72.9570999146, 73.4563217163, 73.9671630859, 74.489616394, 75.0236740112, 75.5345077515, 76.0453491211, 76.5794067383, 77.1134643555, 77.6243057251, 78.1235351563, 78.6227645874, 79.1103820801, 79.5979995728, 80.0856246948, 80.5732421875, 81.0724716187, 81.5717010498, 82.0593185425, 82.5469360352, 83.0345535278, 83.5221786499, 84.0214080811, 84.5206298828, 85.0082550049, 85.4958724976, 85.9834899902, 86.4711074829, 86.9703369141, 87.4695663452, 87.9571838379, 88.44480896, 88.9324264526, 89.4316558838, 89.9192733765, 90.4185028076, 90.9061203003, 91.393737793, 91.8929672241, 92.3921966553, 92.8798141479, 93.36743927, 93.8550567627, 94.3426742554, 94.8419036865, 95.3411331177, 95.8287506104, 96.316368103, 96.8039855957, 97.2916107178, 97.7908401489, 98.2900695801, 98.7776870728, 99.2653045654, 99.7529220581, 100.240539551, 100.739768982, 101.238998413, 101.726615906, 102.214241028, 102.701858521, 103.201087952, 103.700317383, 104.187934875, 104.675552368, 105.163169861, 105.650794983, 106.150024414, 106.649246216, 107.136871338, 107.647705078, 108.158546448, 108.669387817, 109.180221558, 109.691062927, 110.201904297, 110.724349976, 111.246803284, 111.780860901, 112.291702271, 112.790924072, 113.290153503, 113.777778625, 114.265396118, 114.753013611, 115.240631104, 115.739860535, 116.239089966, 116.726707458, 117.22593689, 117.725166321, 118.212783813, 118.700408936, 119.188026428, 119.675643921, 120.163261414, 120.650878906, 121.150108337, 121.649337769, 122.136962891, 122.624580383, 123.112197876, 123.611427307, 124.110656738, 124.598274231, 125.085891724, 125.573509216, 126.061134338, 126.56036377, 127.059593201, 127.547210693, 128.034820557, 128.522445679, 129.010070801, 129.497680664, 129.996917725, 130.496139526, 130.983764648, 131.471374512, 131.958999634, 132.458221436, 132.957458496, 133.445083618, 133.932693481, 134.420318604, 134.907928467, 135.407165527, 135.906387329, 136.394012451, 136.881637573, 137.380859375, 137.880081177, 138.367706299, 138.855331421, 139.342941284, 139.830566406, 140.329788208, 140.829025269, 141.316635132, 141.804260254, 142.291885376, 142.791107178, 143.2787323, 143.777954102, 144.265579224, 144.753189087, 145.240814209, 145.740036011, 146.239273071, 146.726898193, 147.214508057, 147.702133179, 148.20135498, 148.700592041, 149.188201904, 149.675827026, 150.16343689, 150.651062012, 151.150299072, 151.649520874, 152.137145996, 152.624755859, 153.112380981, 153.599990845, 154.087615967, 154.586837769, 155.086074829, 155.573699951, 156.061309814, 156.560546875, 157.048156738, 157.547393799, 158.058227539, 158.5574646, 159.045074463, 159.521087646, 159.99710083, 160.473098755, 160.960723877, 161.448348999, 161.924346924, 162.411972046, 162.911193848, 163.410430908, 163.90965271, 164.408889771, 164.908111572, 165.407348633, 165.906570435, 166.394195557, 166.88180542, 167.369430542, 167.868652344, 168.367889404, 168.855514526, 169.34312439, 169.830749512, 170.329971313, 170.829208374, 171.316818237, 171.804443359, 172.292053223, 172.779678345, 173.267303467, 173.766525269, 174.265762329, 174.753372192, 175.252609253, 175.751831055, 176.239456177, 176.72706604, 177.214691162, 177.702316284, 178.201538086, 178.700775146, 179.18838501, 179.676010132, 180.175231934, 180.674468994, 181.162078857, 181.649703979, 182.137313843, 182.624938965, 183.112564087, 183.611785889, 184.111022949, 184.598632813, 185.086257935, 185.573867798, 186.06149292, 186.560714722, 187.059951782, 187.547576904, 188.035186768, 188.534423828, 189.03364563, 189.521270752, 190.008880615, 190.496505737, 190.984130859, 191.483352661, 191.982574463, 192.470199585, 192.957824707, 193.457046509, 193.944671631, 194.443893433, 194.931518555, 195.419128418, 195.918365479, 196.429199219, 196.951644897, 197.474105835, 197.984939575, 198.495773315, 199.006622314, 199.517456055, 200.028289795, 200.550750732]
