
metadata:
    version:
        essentia: "2.1-beta2"
    audio_properties:
        analysis_sample_rate: 44100
        bitrate: 320
        channels: 2
        equal_loudness: 1
        length: 305.789398193
        replay_gain: -14.5405864716
        downmix: "mix"
    tags:
        album: "Got Your Six (Deluxe Edition)"
        artist: "Five Finger Death Punch"
        comment: ""
        date: "2015"
        genre: "Heavy Metal"
        title: "Question Everything"
        tracknumber: "07"

configuration:
    average_loudness:
        compute: 1
        frameSize: 88200
        hopSize: 44100
        silentFrames: "noise"
        windowType: "hann"
    general:
        analysisSampleRate: 44100
        endTime: 2000
        equalLoudness: 1
        nequalLoudness: 0
        shortSound: 0
        startTime: 0
    lowlevel:
        compute: 1
        frameSize: 2048
        hopSize: 1024
        zeroPadding: 0
        silentFrames: "noise"
        windowType: "blackmanharris62"
        mfccStats: ["mean", "cov", "icov"]
        stats: ["mean", "var", "median", "min", "max", "dmean", "dmean2", "dvar", "dvar2"]
    panning:
        compute: 0
        frameSize: 8192
        hopSize: 2048
        zeroPadding: 8192
        silentFrames: "noise"
        windowType: "hann"
        stats: ["copy"]
    rhythm:
        compute: 1
        maxTempo: 208
        minTempo: 40
        method: "degara"
        stats: ["mean", "var", "median", "min", "max", "dmean", "dmean2", "dvar", "dvar2"]
    segmentation:
        compute: 0
        cpw: 5
        inc1: 300
        inc2: 50
        minimumSegmentsLength: 10
        size1: 1000
        size2: 600
    sfx:
        compute: 1
        stats: ["mean", "var", "median", "min", "max", "dmean", "dmean2", "dvar", "dvar2"]
    svm:
        compute: 0
    tonal:
        compute: 1
        frameSize: 4096
        hopSize: 2048
        zeroPadding: 0
        silentFrames: "noise"
        windowType: "blackmanharris62"
        stats: ["mean", "var", "median", "min", "max", "dmean", "dmean2", "dvar", "dvar2"]

lowlevel:
    average_loudness: 0.896246492863
    barkbands_kurtosis:
        dmean: 0.606181323528
        dmean2: 1.00893378258
        dvar: 0.767457425594
        dvar2: 1.93013465405
        max: 22.9517765045
        mean: -0.661237776279
        median: -0.99512141943
        min: -1.82477498055
        var: 1.54604303837
    barkbands_skewness:
        dmean: 0.417089432478
        dmean2: 0.682362914085
        dvar: 0.166415810585
        dvar2: 0.46020680666
        max: 3.76898288727
        mean: -0.0142580056563
        median: -0.0333154723048
        min: -4.04334115982
        var: 0.516249537468
    barkbands_spread:
        dmean: 5.44123697281
        dmean2: 8.7774438858
        dvar: 26.0456905365
        dvar2: 69.7604141235
        max: 67.4613800049
        mean: 31.7685394287
        median: 31.4860458374
        min: 1.32183122635
        var: 101.208854675
    dissonance:
        dmean: 0.0128256389871
        dmean2: 0.0218143127859
        dvar: 0.000194310050574
        dvar2: 0.000534291844815
        max: 0.500000238419
        mean: 0.479116976261
        median: 0.485326081514
        min: 0.265415787697
        var: 0.000389295135392
    hfc:
        dmean: 2.48893594742
        dmean2: 4.11672830582
        dvar: 13.2241983414
        dvar2: 35.4354095459
        max: 46.8041877747
        mean: 7.33841705322
        median: 6.30021858215
        min: 1.17418843817e-016
        var: 29.6533432007
    pitch:
        dmean: 725.943359375
        dmean2: 1384.36022949
        dvar: 1365109.25
        dvar2: 3526307.25
        max: 4733.66113281
        mean: 1010.20269775
        median: 366.573059082
        min: 61.6981811523
        var: 1661508.5
    pitch_instantaneous_confidence:
        dmean: 0.0774871259928
        dmean2: 0.126126229763
        dvar: 0.0044527547434
        dvar2: 0.0106112640351
        max: 0.941109478474
        mean: 0.358433037996
        median: 0.323294579983
        min: 0.116306781769
        var: 0.0208158064634
    pitch_salience:
        dmean: 0.0685103312135
        dmean2: 0.116828158498
        dvar: 0.00448099384084
        dvar2: 0.0130701418966
        max: 0.91805267334
        mean: 0.6419968009
        median: 0.656709313393
        min: 0.231278046966
        var: 0.00942033249885
    silence_rate_20dB:
        dmean: 0
        dmean2: 0
        dvar: 0
        dvar2: 0
        max: 1
        mean: 1
        median: 1
        min: 1
        var: 0
    silence_rate_30dB:
        dmean: 0
        dmean2: 0
        dvar: 0
        dvar2: 0
        max: 1
        mean: 1
        median: 1
        min: 1
        var: 0
    silence_rate_60dB:
        dmean: 0.104328021407
        dmean2: 0.208671882749
        dvar: 0.0934347510338
        dvar2: 0.19716475904
        max: 1
        mean: 0.373699784279
        median: 0
        min: 0
        var: 0.234053760767
    spectral_centroid:
        dmean: 302.555389404
        dmean2: 499.621459961
        dvar: 107209.078125
        dvar2: 290950.6875
        max: 11111.1855469
        mean: 1615.26928711
        median: 1609.6920166
        min: 241.82182312
        var: 288433.03125
    spectral_complexity:
        dmean: 4.33864831924
        dmean2: 7.01040315628
        dvar: 22.9530849457
        dvar2: 56.2735176086
        max: 48
        mean: 15.7171821594
        median: 15
        min: 0
        var: 86.8711013794
    spectral_crest:
        dmean: 2.05892443657
        dmean2: 3.45671057701
        dvar: 4.07300376892
        dvar2: 10.6716718674
        max: 23.3541793823
        mean: 6.52765226364
        median: 5.62286567688
        min: 2.18768954277
        var: 9.09630012512
    spectral_decrease:
        dmean: 2.93767454806e-010
        dmean2: 4.7062698183e-010
        dvar: 1.73009865747e-019
        dvar2: 4.40732480319e-019
        max: -5.91339636611e-029
        mean: -9.86860704266e-010
        median: -8.5847362552e-010
        min: -5.17779241704e-009
        var: 4.08416369093e-019
    spectral_energy:
        dmean: 0.0012902970193
        dmean2: 0.00205403682776
        dvar: 3.18725983561e-006
        dvar2: 8.09274297353e-006
        max: 0.020250806585
        mean: 0.004390261136
        median: 0.00386612094007
        min: 1.08734240535e-020
        var: 8.04765022622e-006
    spectral_energyband_high:
        dmean: 0.000182786912774
        dmean2: 0.000318521284498
        dvar: 1.19726323078e-007
        dvar2: 3.30848251906e-007
        max: 0.00510725844651
        mean: 0.000291392527288
        median: 0.000197706773179
        min: 7.40393614322e-021
        var: 1.2182344733e-007
    spectral_energyband_low:
        dmean: 0.000370756955817
        dmean2: 0.000639550678898
        dvar: 3.39480408229e-007
        dvar2: 9.2460408041e-007
        max: 0.00613619247451
        mean: 0.000559243722819
        median: 0.000363625091268
        min: 1.01710423974e-022
        var: 3.6785806401e-007
    spectral_energyband_middle_high:
        dmean: 0.000672568567097
        dmean2: 0.00107423553709
        dvar: 6.73131523854e-007
        dvar2: 1.6971102923e-006
        max: 0.0129894139245
        mean: 0.00225199223496
        median: 0.00192997185513
        min: 1.80616684092e-021
        var: 2.71822591458e-006
    spectral_energyband_middle_low:
        dmean: 0.000706820748746
        dmean2: 0.00118830578867
        dvar: 1.68675285295e-006
        dvar2: 4.52449239674e-006
        max: 0.0187415033579
        mean: 0.00144297233783
        median: 0.000947547785472
        min: 3.90109892987e-022
        var: 2.36819892052e-006
    spectral_flatness_db:
        dmean: 0.0150289954618
        dmean2: 0.0241525676101
        dvar: 0.000206169454032
        dvar2: 0.000521730689798
        max: 0.469373762608
        mean: 0.136047974229
        median: 0.126488775015
        min: 0.0611515715718
        var: 0.002003952628
    spectral_flux:
        dmean: 0.00800617039204
        dmean2: 0.0121640600264
        dvar: 8.6492356786e-005
        dvar2: 0.00016842239711
        max: 0.113828629255
        mean: 0.0392405204475
        median: 0.0387712791562
        min: 1.04275713064e-010
        var: 0.000310320669087
    spectral_kurtosis:
        dmean: 1.37277698517
        dmean2: 2.26292061806
        dvar: 5.87320041656
        dvar2: 17.6072483063
        max: 52.7066726685
        mean: 4.47702693939
        median: 3.76495528221
        min: -1.18474423885
        var: 11.8290643692
    spectral_rms:
        dmean: 0.000281957210973
        dmean2: 0.000437877024524
        dvar: 1.06548050383e-007
        dvar2: 2.57550937022e-007
        max: 0.00444487156346
        mean: 0.00195700838231
        median: 0.00194211874623
        min: 3.25702615919e-012
        var: 4.5329659315e-007
    spectral_rolloff:
        dmean: 416.827941895
        dmean2: 695.569885254
        dvar: 245355.234375
        dvar2: 639940.9375
        max: 19056.8847656
        mean: 3058.53759766
        median: 3186.9140625
        min: 150.732421875
        var: 613909.75
    spectral_skewness:
        dmean: 0.195253387094
        dmean2: 0.313879460096
        dvar: 0.0503336042166
        dvar2: 0.137289360166
        max: 4.67324924469
        mean: 1.54407703876
        median: 1.49829995632
        min: 0.0149921420962
        var: 0.166668817401
    spectral_spread:
        dmean: 460172.40625
        dmean2: 655019
        dvar: 317077946368
        dvar2: 502338715648
        max: 40517480
        mean: 4674333.5
        median: 4688845.5
        min: 946537.5625
        var: 1.86212102963e+012
    spectral_strongpeak:
        dmean: 0.373431861401
        dmean2: 0.64004021883
        dvar: 0.327850967646
        dvar2: 0.852429449558
        max: 7.85574817657
        mean: 0.575531840324
        median: 0.273180574179
        min: 1.48530954203e-009
        var: 0.547895908356
    zerocrossingrate:
        dmean: 0.00806513056159
        dmean2: 0.0101567991078
        dvar: 6.08761874901e-005
        dvar2: 8.18133921712e-005
        max: 0.48388671875
        mean: 0.0917579084635
        median: 0.0927734375
        min: 0.025390625
        var: 0.000516088970471
    barkbands:
        dmean: [5.92278354361e-007, 0.000100469391327, 0.000239834029344, 0.000268716044957, 0.000223992828978, 9.24929918256e-005, 9.02831889107e-005, 0.000107992738776, 0.000206973665627, 9.87348394119e-005, 6.69966320856e-005, 7.68300014897e-005, 6.83279795339e-005, 8.68715142133e-005, 7.62012568885e-005, 0.000141375159728, 0.000152983469889, 0.000184585587704, 0.000183071271749, 0.000147175320308, 8.91700765351e-005, 2.95966619888e-005, 6.67465155857e-006, 2.5376737085e-006, 1.23659799556e-006, 4.28965769572e-008, 2.73804423578e-010]
        dmean2: [8.37112793306e-007, 0.000175267603481, 0.000412166002207, 0.000476676679682, 0.000396318442654, 0.00015412576613, 0.000148652106873, 0.000175928449607, 0.000333165284246, 0.000159910952789, 0.000107568521344, 0.0001254362287, 0.000111584777187, 0.000139797251904, 0.000122796860524, 0.000234327409999, 0.00025536006433, 0.000312172283884, 0.000303357141092, 0.000248114927672, 0.000158535171067, 5.16582622367e-005, 1.11881754492e-005, 4.1847747525e-006, 2.03493186746e-006, 6.51465938972e-008, 4.64340982331e-010]
        dvar: [8.7245808451e-013, 2.1244634496e-008, 1.69508581394e-007, 4.73579149229e-007, 3.2126817473e-007, 3.24739879431e-008, 2.98515239194e-008, 8.89541666993e-008, 1.97416753167e-007, 3.84661973385e-008, 2.62810218032e-008, 2.33278072415e-008, 1.55013921699e-008, 2.55352983203e-008, 2.08746602226e-008, 5.03074950586e-008, 4.3975145303e-008, 7.41886410083e-008, 6.44173496767e-008, 5.69470550715e-008, 2.98688114242e-008, 3.47265483036e-009, 1.72538885956e-010, 2.77812668703e-011, 6.03275545838e-012, 5.52706701072e-015, 1.30166692155e-019]
        dvar2: [1.71994601721e-012, 6.24812130923e-008, 4.58453342844e-007, 1.30234070639e-006, 9.06824993763e-007, 8.36274338667e-008, 7.34258520652e-008, 2.24746671051e-007, 4.90908234951e-007, 9.04280668124e-008, 6.11031722997e-008, 5.65769582295e-008, 3.89539032142e-008, 6.17281159521e-008, 5.16766505143e-008, 1.35441624138e-007, 1.15611797469e-007, 1.97318939854e-007, 1.62116464253e-007, 1.49344018041e-007, 8.42631422415e-008, 9.27022281161e-009, 4.26714441559e-010, 6.43561107183e-011, 1.40572770438e-011, 1.22974691208e-014, 3.38818710672e-019]
        max: [1.41246973726e-005, 0.00138567003887, 0.00504736369476, 0.00738032907248, 0.0113700870425, 0.00531132845208, 0.00463792541996, 0.00751856109127, 0.00952773913741, 0.00686986558139, 0.00429127365351, 0.00405306462198, 0.0036581363529, 0.00286056334153, 0.00353923789226, 0.00544664170593, 0.00374715495855, 0.00400285189971, 0.00443512294441, 0.00462941499427, 0.00230273650959, 0.00153839960694, 0.000329692033119, 0.000122797369841, 6.30159338471e-005, 1.45145168062e-006, 3.99977739818e-009]
        mean: [6.95355936386e-007, 0.000139332958497, 0.000298854283756, 0.000258935237071, 0.000273373996606, 0.000160493829753, 0.000137586393976, 0.000175799170393, 0.000371623900719, 0.000174575819983, 0.000113678797788, 0.000131366570713, 0.000117193645565, 0.00015326376888, 0.00014388517593, 0.000280063337414, 0.000309311173623, 0.000324445572915, 0.000382641970646, 0.000262367684627, 0.000121395263704, 4.11139153584e-005, 1.11516746983e-005, 4.70559962196e-006, 2.31722310673e-006, 8.7397395987e-008, 3.88547194419e-010]
        median: [1.63886682003e-007, 9.73491987679e-005, 0.000153907181812, 0.000101708174043, 0.000122273646411, 8.17055406515e-005, 7.08956940798e-005, 5.28536256752e-005, 0.000149797459017, 8.35465179989e-005, 5.18550950801e-005, 6.15822209511e-005, 5.88045404584e-005, 7.97800821601e-005, 8.18012995296e-005, 0.000189510305063, 0.000239486398641, 0.000237251762883, 0.000283884786768, 0.000196702778339, 7.25739955669e-005, 1.92057195818e-005, 5.50784943698e-006, 2.64687355411e-006, 1.43625140936e-006, 5.68425306824e-008, 2.33726038523e-010]
        min: [7.05378721738e-023, 3.50294473824e-023, 1.96208276914e-023, 3.79846276185e-023, 3.58283520647e-023, 3.66905297024e-023, 1.0229984191e-022, 5.57168165954e-023, 1.15249978167e-022, 2.73322065195e-023, 6.75031810694e-023, 8.57564757832e-023, 7.60023937058e-023, 1.48671477745e-022, 1.50520693924e-022, 8.174490351e-023, 3.22425425371e-022, 3.91987407185e-022, 3.49866652467e-022, 4.21277446564e-022, 4.99976507632e-022, 4.78145381615e-022, 4.24817930038e-022, 7.99732392993e-022, 1.22168568509e-021, 1.58034865415e-021, 2.29891001154e-021]
        var: [1.40399573478e-012, 2.16488835747e-008, 1.76320753553e-007, 3.46882529811e-007, 2.83945468027e-007, 6.04692189654e-008, 4.63180676036e-008, 2.12618132878e-007, 5.39808979738e-007, 1.070154525e-007, 6.78771954199e-008, 4.65679441675e-008, 3.34546008673e-008, 5.38987947607e-008, 4.6518614738e-008, 1.07600108379e-007, 9.10988475766e-008, 1.17996137305e-007, 1.61613513683e-007, 8.04077018302e-008, 2.56691805589e-008, 4.59882265602e-009, 3.49052620141e-010, 5.94212110072e-011, 1.22051709017e-011, 1.13832224151e-014, 1.99522594117e-019]
    frequency_bands:
        dmean: [5.92278354361e-007, 0.000100469391327, 0.000239834029344, 0.000268716044957, 0.000223992828978, 9.24929918256e-005, 9.02831889107e-005, 0.000107992738776, 0.000206973665627, 9.87348394119e-005, 6.69966320856e-005, 7.68300014897e-005, 6.83279795339e-005, 8.68715142133e-005, 7.62012568885e-005, 0.000141375159728, 0.000152983469889, 0.000184585587704, 0.000183071271749, 0.000147175320308, 8.91700765351e-005, 2.95966619888e-005, 6.67465155857e-006, 2.5376737085e-006, 1.23659799556e-006, 4.28965769572e-008, 2.73804423578e-010, 5.17021807311e-011]
        dmean2: [8.37112793306e-007, 0.000175267603481, 0.000412166002207, 0.000476676679682, 0.000396318442654, 0.00015412576613, 0.000148652106873, 0.000175928449607, 0.000333165284246, 0.000159910952789, 0.000107568521344, 0.0001254362287, 0.000111584777187, 0.000139797251904, 0.000122796860524, 0.000234327409999, 0.00025536006433, 0.000312172283884, 0.000303357141092, 0.000248114927672, 0.000158535171067, 5.16582622367e-005, 1.11881754492e-005, 4.1847747525e-006, 2.03493186746e-006, 6.51465938972e-008, 4.64340982331e-010, 9.61154975054e-011]
        dvar: [8.7245808451e-013, 2.1244634496e-008, 1.69508581394e-007, 4.73579149229e-007, 3.2126817473e-007, 3.24739879431e-008, 2.98515239194e-008, 8.89541666993e-008, 1.97416753167e-007, 3.84661973385e-008, 2.62810218032e-008, 2.33278072415e-008, 1.55013921699e-008, 2.55352983203e-008, 2.08746602226e-008, 5.03074950586e-008, 4.3975145303e-008, 7.41886410083e-008, 6.44173496767e-008, 5.69470550715e-008, 2.98688114242e-008, 3.47265483036e-009, 1.72538885956e-010, 2.77812668703e-011, 6.03275545838e-012, 5.52706701072e-015, 1.30166692155e-019, 5.53118267663e-021]
        dvar2: [1.71994601721e-012, 6.24812130923e-008, 4.58453342844e-007, 1.30234070639e-006, 9.06824993763e-007, 8.36274338667e-008, 7.34258520652e-008, 2.24746671051e-007, 4.90908234951e-007, 9.04280668124e-008, 6.11031722997e-008, 5.65769582295e-008, 3.89539032142e-008, 6.17281159521e-008, 5.16766505143e-008, 1.35441624138e-007, 1.15611797469e-007, 1.97318939854e-007, 1.62116464253e-007, 1.49344018041e-007, 8.42631422415e-008, 9.27022281161e-009, 4.26714441559e-010, 6.43561107183e-011, 1.40572770438e-011, 1.22974691208e-014, 3.38818710672e-019, 1.76170681195e-020]
        max: [1.41246973726e-005, 0.00138567003887, 0.00504736369476, 0.00738032907248, 0.0113700870425, 0.00531132845208, 0.00463792541996, 0.00751856109127, 0.00952773913741, 0.00686986558139, 0.00429127365351, 0.00405306462198, 0.0036581363529, 0.00286056334153, 0.00353923789226, 0.00544664170593, 0.00374715495855, 0.00400285189971, 0.00443512294441, 0.00462941499427, 0.00230273650959, 0.00153839960694, 0.000329692033119, 0.000122797369841, 6.30159338471e-005, 1.45145168062e-006, 3.99977739818e-009, 8.6687962364e-010]
        mean: [6.95355936386e-007, 0.000139332958497, 0.000298854283756, 0.000258935237071, 0.000273373996606, 0.000160493829753, 0.000137586393976, 0.000175799170393, 0.000371623900719, 0.000174575819983, 0.000113678797788, 0.000131366570713, 0.000117193645565, 0.00015326376888, 0.00014388517593, 0.000280063337414, 0.000309311173623, 0.000324445572915, 0.000382641970646, 0.000262367684627, 0.000121395263704, 4.11139153584e-005, 1.11516746983e-005, 4.70559962196e-006, 2.31722310673e-006, 8.7397395987e-008, 3.88547194419e-010, 4.00988652005e-011]
        median: [1.63886682003e-007, 9.73491987679e-005, 0.000153907181812, 0.000101708174043, 0.000122273646411, 8.17055406515e-005, 7.08956940798e-005, 5.28536256752e-005, 0.000149797459017, 8.35465179989e-005, 5.18550950801e-005, 6.15822209511e-005, 5.88045404584e-005, 7.97800821601e-005, 8.18012995296e-005, 0.000189510305063, 0.000239486398641, 0.000237251762883, 0.000283884786768, 0.000196702778339, 7.25739955669e-005, 1.92057195818e-005, 5.50784943698e-006, 2.64687355411e-006, 1.43625140936e-006, 5.68425306824e-008, 2.33726038523e-010, 1.49288827828e-011]
        min: [7.05378721738e-023, 3.50294473824e-023, 1.96208276914e-023, 3.79846276185e-023, 3.58283520647e-023, 3.66905297024e-023, 1.0229984191e-022, 5.57168165954e-023, 1.15249978167e-022, 2.73322065195e-023, 6.75031810694e-023, 8.57564757832e-023, 7.60023937058e-023, 1.48671477745e-022, 1.50520693924e-022, 8.174490351e-023, 3.22425425371e-022, 3.91987407185e-022, 3.49866652467e-022, 4.21277446564e-022, 4.99976507632e-022, 4.78145381615e-022, 4.24817930038e-022, 7.99732392993e-022, 1.22168568509e-021, 1.58034865415e-021, 2.29891001154e-021, 9.37758161268e-022]
        var: [1.40399573478e-012, 2.16488835747e-008, 1.76320753553e-007, 3.46882529811e-007, 2.83945468027e-007, 6.04692189654e-008, 4.63180676036e-008, 2.12618132878e-007, 5.39808979738e-007, 1.070154525e-007, 6.78771954199e-008, 4.65679441675e-008, 3.34546008673e-008, 5.38987947607e-008, 4.6518614738e-008, 1.07600108379e-007, 9.10988475766e-008, 1.17996137305e-007, 1.61613513683e-007, 8.04077018302e-008, 2.56691805589e-008, 4.59882265602e-009, 3.49052620141e-010, 5.94212110072e-011, 1.22051709017e-011, 1.13832224151e-014, 1.99522594117e-019, 4.41622520195e-021]
    mfcc:
        mean: [-705.698181152, 106.891860962, -53.082485199, 43.541103363, -7.67331838608, -4.80419635773, 4.42020177841, 2.91101717949, 4.02293348312, 0.928772270679, -1.30198144913, -3.25264382362, -2.08999991417]
        cov: [[4424.35888672, -229.198486328, 298.52722168, 532.050109863, -27.4714851379, 143.417144775, -82.1833343506, 155.171569824, 88.7688903809, 73.6094360352, 44.6849708557, -90.2077178955, -111.53553772], [-229.198486328, 747.553710938, -108.030380249, 55.2320175171, 42.9476661682, -25.4229373932, 78.8782577515, -24.2912330627, 19.4540176392, -5.92647409439, 0.967990756035, 21.3889560699, 26.3367519379], [298.52722168, -108.030380249, 516.034362793, 199.326095581, 68.7063598633, 122.66557312, 12.2494010925, 50.0005187988, -8.16962337494, -24.7292785645, 14.1796197891, -18.5408878326, -6.21471977234], [532.050109863, 55.2320175171, 199.326095581, 439.744873047, 99.492805481, 128.531295776, 26.8441448212, 40.0073242188, 37.5390281677, -10.3176231384, 4.09224033356, -35.8097572327, -17.3307552338], [-27.4714851379, 42.9476661682, 68.7063598633, 99.492805481, 196.753189087, 68.0906448364, 26.1056442261, -3.96444606781, 18.8236179352, 25.3443031311, -13.1178474426, -1.08662903309, -4.34731340408], [143.417144775, -25.4229373932, 122.66557312, 128.531295776, 68.0906448364, 151.9478302, 38.0966262817, 25.163860321, 9.64566421509, 4.47370910645, 12.7545146942, -6.1623711586, -1.81177806854], [-82.1833343506, 78.8782577515, 12.2494010925, 26.8441448212, 26.1056442261, 38.0966262817, 118.449203491, 47.5954055786, 27.0448856354, 6.46950817108, -5.38506555557, 8.0895242691, -7.53081417084], [155.171569824, -24.2912330627, 50.0005187988, 40.0073242188, -3.96444606781, 25.163860321, 47.5954055786, 109.38066864, 44.8448753357, 18.1849308014, 13.7417802811, -1.89601302147, -1.61703252792], [88.7688903809, 19.4540176392, -8.16962337494, 37.5390281677, 18.8236179352, 9.64566421509, 27.0448856354, 44.8448753357, 91.9351730347, 40.8162689209, 5.43721246719, -1.70641458035, -10.6725616455], [73.6094360352, -5.92647409439, -24.7292785645, -10.3176231384, 25.3443031311, 4.47370910645, 6.46950817108, 18.1849308014, 40.8162689209, 88.6271057129, 26.1370887756, 5.95681905746, -3.10561871529], [44.6849708557, 0.967990756035, 14.1796197891, 4.09224033356, -13.1178474426, 12.7545146942, -5.38506555557, 13.7417802811, 5.43721246719, 26.1370887756, 74.3460922241, 17.2699718475, 9.96948814392], [-90.2077178955, 21.3889560699, -18.5408878326, -35.8097572327, -1.08662903309, -6.1623711586, 8.0895242691, -1.89601302147, -1.70641458035, 5.95681905746, 17.2699718475, 54.8360939026, 24.9352111816], [-111.53553772, 26.3367519379, -6.21471977234, -17.3307552338, -4.34731340408, -1.81177806854, -7.53081417084, -1.61703252792, -10.6725616455, -3.10561871529, 9.96948814392, 24.9352111816, 67.7069625854]]
        icov: [[0.000322454812704, 1.6282485376e-005, -1.81223767868e-005, -0.000404176214943, 0.000273251935141, -0.000117231538752, 0.000506760959979, -0.000465933146188, 0.000105502018414, -0.000390078028431, 9.90883345366e-005, -4.91527862323e-005, 0.000481630908325], [1.6282485376e-005, 0.00175864133053, 0.000358270830475, -0.00056963757379, -0.000372463691747, 0.000953216745984, -0.00175459834281, 0.00111809582449, -0.000445170648163, 0.000456648500403, -0.00064845115412, 3.96775030822e-005, -0.000905399559997], [-1.81223767868e-005, 0.000358270830475, 0.00289889075793, -0.000778739340603, -0.000589639414102, -0.0012564639328, 0.00039128609933, -0.00129229295999, 0.000895225908607, 0.000975934264716, -0.000569895259105, 0.000118618125271, 6.48226341582e-005], [-0.000404176214943, -0.00056963757379, -0.000778739340603, 0.00444451952353, -0.00132086954545, -0.00213243300095, 0.000251515739365, 3.6514702515e-005, -0.00179003854282, 0.00193451461382, -0.000669032800943, 0.0019835352432, -0.000316501187626], [0.000273251935141, -0.000372463691747, -0.000589639414102, -0.00132086954545, 0.00772396149114, -0.00258174515329, -0.000176521687536, 0.0015343244886, -0.00023951602634, -0.00364195695147, 0.00307635637, -0.0013221797999, 0.000475810229545], [-0.000117231538752, 0.000953216745984, -0.0012564639328, -0.00213243300095, -0.00258174515329, 0.011940330267, -0.00410386547446, 0.00066684873309, 0.000766669225413, 0.000183155774721, -0.00268074986525, 0.00100241671316, -0.00135704735294], [0.000506760959979, -0.00175459834281, 0.00039128609933, 0.000251515739365, -0.000176521687536, -0.00410386547446, 0.0148255340755, -0.00712965754792, -0.000352585077053, -0.000132010580273, 0.003137125168, -0.00382344308309, 0.00385971530341], [-0.000465933146188, 0.00111809582449, -0.00129229295999, 3.6514702515e-005, 0.0015343244886, 0.00066684873309, -0.00712965754792, 0.0166077464819, -0.00659785047174, 0.000315474811941, -0.00262646190822, 0.00206301291473, -0.00299031916074], [0.000105502018414, -0.000445170648163, 0.000895225908607, -0.00179003854282, -0.00023951602634, 0.000766669225413, -0.000352585077053, -0.00659785047174, 0.0185100454837, -0.00767362816259, 0.00213806703687, -0.000961789803114, 0.00238441163674], [-0.000390078028431, 0.000456648500403, 0.000975934264716, 0.00193451461382, -0.00364195695147, 0.000183155774721, -0.000132010580273, 0.000315474811941, -0.00767362816259, 0.018648352474, -0.00695669464767, 0.000706688326318, -6.1687635025e-005], [9.90883345366e-005, -0.00064845115412, -0.000569895259105, -0.000669032800943, 0.00307635637, -0.00268074986525, 0.003137125168, -0.00262646190822, 0.00213806703687, -0.00695669464767, 0.0189778394997, -0.00621506851166, 0.00011633792019], [-4.91527862323e-005, 3.96775030822e-005, 0.000118618125271, 0.0019835352432, -0.0013221797999, 0.00100241671316, -0.00382344308309, 0.00206301291473, -0.000961789803114, 0.000706688326318, -0.00621506851166, 0.0260544233024, -0.00881127826869], [0.000481630908325, -0.000905399559997, 6.48226341582e-005, -0.000316501187626, 0.000475810229545, -0.00135704735294, 0.00385971530341, -0.00299031916074, 0.00238441163674, -6.1687635025e-005, 0.00011633792019, -0.00881127826869, 0.0197930987924]]
    sccoeffs:
        dmean: [0.0588567703962, 0.0451106466353, 0.0390585549176, 0.0285234507173, 0.0207882653922, 0.0193702373654]
        dmean2: [0.0974675044417, 0.0751235634089, 0.0644440129399, 0.0477268584073, 0.0343166813254, 0.0310418829322]
        dvar: [0.00265091168694, 0.00131673936266, 0.000946203479543, 0.000496905704495, 0.000294123863569, 0.000320783787174]
        dvar2: [0.00717541063204, 0.00362570863217, 0.00257400865667, 0.0013579147635, 0.00075260916492, 0.000783039664384]
        max: [-0.320170015097, -0.489862978458, -0.538374364376, -0.60481095314, -0.607756495476, -0.471907645464]
        mean: [-0.667556524277, -0.767437160015, -0.769710183144, -0.792454361916, -0.792357504368, -0.76945400238]
        median: [-0.671173810959, -0.776268362999, -0.776891410351, -0.798320174217, -0.796095311642, -0.774058163166]
        min: [-0.971585094929, -0.962703704834, -0.965656578541, -0.967172443867, -0.957434237003, -0.960567414761]
        var: [0.00454874988645, 0.00455926684663, 0.00330088892952, 0.00169904669747, 0.00105346099008, 0.00198756670579]
    scvalleys:
        dmean: [0.382271826267, 0.352481007576, 0.283839583397, 0.237292781472, 0.25607585907, 0.322167605162]
        dmean2: [0.647240698338, 0.589990377426, 0.464622825384, 0.380812436342, 0.404074639082, 0.475756943226]
        dvar: [0.104788035154, 0.0961699485779, 0.0647047385573, 0.0511396937072, 0.0910107046366, 0.173990622163]
        dvar2: [0.275959044695, 0.234674036503, 0.137686759233, 0.0973253026605, 0.193333774805, 0.376904696226]
        max: [-5.15929746628, -4.68291139603, -4.7289352417, -5.27144670486, -5.46936559677, -7.50581455231]
        mean: [-6.96775054932, -6.68145275116, -6.79124546051, -7.00270223618, -7.0137834549, -9.70664405823]
        median: [-6.69978809357, -6.56274318695, -6.68385791779, -6.83602190018, -6.7503247261, -9.36987495422]
        min: [-27.0114536285, -27.267332077, -27.0857486725, -27.1691246033, -27.2865123749, -27.1812038422]
        var: [2.06341576576, 0.966672897339, 0.85339397192, 0.787897527218, 0.919720292091, 1.71315300465]

rhythm:
    beats_loudness:
        dmean: 0.00233089807443
        dmean2: 0.00425346055999
        dvar: 2.66530332738e-006
        dvar2: 8.69868836162e-006
        max: 0.0130839804187
        mean: 0.00580744072795
        median: 0.00589086068794
        min: 3.15212404789e-011
        var: 7.87843509897e-006
    bpm: 129.93951416
    bpm_confidence: 0
    first_peak_bpm: 129
    first_peak_spread: 0.256097555161
    first_peak_weight: 0.739393949509
    onset_rate: 3.79346060753
    second_peak_bpm: 136
    second_peak_spread: 0
    second_peak_weight: 0.00454545440152
    beats_loudness_band_ratio:
        dmean: [0.189918413758, 0.0614448934793, 0.097908295691, 0.0731462910771, 0.10850648582, 0.0681985244155]
        dmean2: [0.341304600239, 0.110557451844, 0.165888801217, 0.127451062202, 0.188335284591, 0.119879670441]
        dvar: [0.0236616563052, 0.00467652175575, 0.0105097712949, 0.00685977144167, 0.00908914301544, 0.00399626838043]
        dvar2: [0.0709255561233, 0.013854118064, 0.0278186015785, 0.01890071854, 0.0267794262618, 0.0115914251655]
        max: [0.889924705029, 0.549515604973, 0.645587921143, 0.834300041199, 0.757982611656, 0.666604459286]
        mean: [0.337891489267, 0.0824517607689, 0.143767461181, 0.114821150899, 0.216798976064, 0.136304289103]
        median: [0.333570331335, 0.0589796938002, 0.101576544344, 0.0803906321526, 0.191610768437, 0.119772985578]
        min: [0, 0, 0, 0, 0, 0]
        var: [0.0454594939947, 0.00686450954527, 0.0155607601628, 0.0104070343077, 0.0139121515676, 0.00581217790022]
    beats_position: [0.46439909935, 0.952018141747, 1.42802715302, 1.90403628349, 2.38004541397, 2.85605430603, 3.32045340538, 3.78485250473, 4.23764181137, 4.69043064117, 5.15482997894, 5.61922883987, 6.08362817764, 6.54802703857, 7.00081634521, 7.45360517502, 7.91800451279, 8.38240337372, 8.84680271149, 9.31120204926, 9.77560043335, 10.22838974, 10.6811790466, 11.1455783844, 11.6099767685, 12.0743761063, 12.538775444, 13.0031747818, 13.4675731659, 13.9203624725, 14.3731517792, 14.8375511169, 15.301949501, 15.7663488388, 16.2307472229, 16.6951465607, 17.1595458984, 17.6123352051, 18.0651245117, 18.5295238495, 18.9939231873, 19.458322525, 19.9227199554, 20.3871192932, 20.8399085999, 21.2926979065, 21.7570972443, 22.221496582, 22.6858959198, 23.1502952576, 23.614692688, 24.0790920258, 24.5434913635, 24.9962806702, 25.4490699768, 25.9134693146, 26.3778686523, 26.8422679901, 27.3066654205, 27.7710647583, 28.2238540649, 28.6766433716, 29.1410427094, 29.6054420471, 30.0698413849, 30.5342407227, 30.9986381531, 31.4630374908, 31.9274368286, 32.3802261353, 32.8330154419, 33.2974128723, 33.7618141174, 34.2262115479, 34.690612793, 35.1550102234, 35.6194114685, 36.0838088989, 36.5482063293, 37.0126075745, 37.4770050049, 37.94140625, 38.3941955566, 38.8469848633, 39.3113822937, 39.7757797241, 40.2401809692, 40.7045783997, 41.1689796448, 41.6217689514, 42.0861663818, 42.5389556885, 43.0033569336, 43.467754364, 43.9321517944, 44.3965530396, 44.86095047, 45.3253517151, 45.7781410217, 46.2309303284, 46.6953277588, 47.1597251892, 47.6125144958, 48.0653038025, 48.5297050476, 48.994102478, 49.4585037231, 49.9229011536, 50.3873023987, 50.8516998291, 51.3044891357, 51.7572784424, 52.2216758728, 52.6860771179, 53.1504745483, 53.6148757935, 54.0792732239, 54.5436706543, 55.0080718994, 55.4608612061, 55.9136505127, 56.3780479431, 56.8424491882, 57.3068466187, 57.7712478638, 58.2356452942, 58.7000427246, 59.1528320313, 59.6056213379, 60.070022583, 60.5344200134, 60.9988212585, 61.463218689, 61.9160079956, 62.380405426, 62.8331947327, 63.2975959778, 63.7619934082, 64.2263946533, 64.6907958984, 65.1551895142, 65.6195907593, 66.0723800659, 66.5251693726, 66.9895706177, 67.4539642334, 67.9183654785, 68.3827667236, 68.8471679688, 69.3115615845, 69.7759628296, 70.2403640747, 70.6931533813, 71.145942688, 71.6103363037, 72.0747375488, 72.5391387939, 73.0035324097, 73.4679336548, 73.9207229614, 74.3735122681, 74.8379135132, 75.3023147583, 75.766708374, 76.2311096191, 76.6955108643, 77.15990448, 77.6126937866, 78.0654830933, 78.5298843384, 78.9942855835, 79.4586868286, 79.9230804443, 80.3874816895, 80.8518829346, 81.3162765503, 81.7690658569, 82.2218551636, 82.6862564087, 83.1506576538, 83.6150588989, 84.0794525146, 84.5438537598, 85.0082550049, 85.4610443115, 85.9138336182, 86.3782272339, 86.842628479, 87.3070297241, 87.7714233398, 88.235824585, 88.7002258301, 89.1646270752, 89.6290206909, 90.093421936, 90.5462112427, 91.0106124878, 91.4634017944, 91.9277954102, 92.3921966553, 92.8565979004, 93.309387207, 93.7737884521, 94.2381820679, 94.6909713745, 95.1553726196, 95.6197738647, 96.0957794189, 96.5601806641, 97.0245819092, 97.4773712158, 97.9417648315, 98.4061660767, 98.8589553833, 99.3117446899, 99.7761459351, 100.240539551, 100.693328857, 101.157730103, 101.622131348, 102.086524963, 102.562538147, 103.026939392, 103.491333008, 103.955734253, 104.40852356, 104.861312866, 105.314102173, 105.766891479, 106.231292725, 106.69568634, 107.160087585, 107.624488831, 108.077278137, 108.530067444, 108.994468689, 109.458862305, 109.92326355, 110.387664795, 110.852058411, 111.304847717, 111.757637024, 112.222038269, 112.686439514, 113.15083313, 113.615234375, 114.07963562, 114.544036865, 115.008430481, 115.461219788, 115.914009094, 116.378410339, 116.842811584, 117.3072052, 117.771606445, 118.224395752, 118.677185059, 119.141586304, 119.605987549, 120.070381165, 120.53478241, 120.999183655, 121.463577271, 121.927978516, 122.392379761, 122.845169067, 123.297958374, 123.762359619, 124.226753235, 124.69115448, 125.155555725, 125.619949341, 126.084350586, 126.537139893, 126.989929199, 127.454330444, 127.91872406, 128.383132935, 128.847518921, 129.311920166, 129.776321411, 130.229110718, 130.681900024, 131.14630127, 131.610702515, 132.07510376, 132.539505005, 133.003890991, 133.468292236, 133.921081543, 134.37387085, 134.838272095, 135.30267334, 135.767074585, 136.23147583, 136.695877075, 137.148666382, 137.613052368, 138.065841675, 138.53024292, 138.994644165, 139.45904541, 139.923446655, 140.3878479, 140.852249146, 141.305038452, 141.757827759, 142.222213745, 142.68661499, 143.151016235, 143.61541748, 144.079818726, 144.544219971, 144.997009277, 145.449798584, 145.914199829, 146.378585815, 146.842987061, 147.307388306, 147.771789551, 148.236190796, 148.688980103, 149.141769409, 149.606170654, 150.070556641, 150.534957886, 150.999359131, 151.463760376, 151.928161621, 152.392562866, 152.856964111, 153.298141479, 153.762542725, 154.226928711, 154.691329956, 155.155731201, 155.620132446, 156.072921753, 156.52571106, 156.990112305, 157.45451355, 157.918914795, 158.383300781, 158.847702026, 159.288879395, 159.75328064, 160.217681885, 160.68208313, 161.146484375, 161.61088562, 162.075286865, 162.539672852, 163.004074097, 163.456863403, 163.90965271, 164.374053955, 164.8384552, 165.302856445, 165.76725769, 166.231658936, 166.696044922, 167.160446167, 167.624847412, 168.089248657, 168.553649902, 169.018051147, 169.482452393, 169.946838379, 170.399627686, 170.852416992, 171.293609619, 171.757995605, 172.222396851, 172.686798096, 173.151199341, 173.615600586, 174.080001831, 174.544403076, 175.008789063, 175.473190308, 175.925979614, 176.378768921, 176.843170166, 177.307571411, 177.771972656, 178.236373901, 178.700775146, 179.153549194, 179.617950439, 180.070739746, 180.535140991, 180.999542236, 181.463943481, 181.939956665, 182.40435791, 182.868743896, 183.321533203, 183.785934448, 184.238723755, 184.691513062, 185.155914307, 185.620315552, 186.084716797, 186.537506104, 186.99029541, 187.454696655, 187.919082642, 188.383483887, 188.847885132, 189.312286377, 189.765075684, 190.21786499, 190.682266235, 191.14666748, 191.611068726, 192.075454712, 192.539855957, 193.004257202, 193.468658447, 193.921447754, 194.374237061, 194.838638306, 195.303039551, 195.767440796, 196.231826782, 196.696228027, 197.160629272, 197.613418579, 198.066207886, 198.530609131, 198.995010376, 199.459411621, 199.923812866, 200.388198853, 200.840988159, 201.305389404, 201.769790649, 202.234191895, 202.69859314, 203.151382446, 203.615783691, 204.080184937, 204.544570923, 204.997360229, 205.450149536, 205.914550781, 206.378952026, 206.843353271, 207.307754517, 207.772155762, 208.236557007, 208.700942993, 209.1537323, 209.618133545, 210.08253479, 210.535324097, 210.999725342, 211.464126587, 211.928527832, 212.392913818, 212.845703125, 213.298492432, 213.762893677, 214.227294922, 214.691696167, 215.156097412, 215.620498657, 216.073287964, 216.526077271, 216.990478516, 217.454864502, 217.919265747, 218.383666992, 218.848068237, 219.312469482, 219.776870728, 220.229660034, 220.682449341, 221.146850586, 221.611236572, 222.075637817, 222.540039063, 223.004440308, 223.468841553, 223.921630859, 224.374420166, 224.838821411, 225.303222656, 225.767608643, 226.232009888, 226.696411133, 227.160812378, 227.613601685, 228.066390991, 228.530792236, 228.995193481, 229.459594727, 229.923980713, 230.388381958, 230.852783203, 231.30557251, 231.758361816, 232.222763062, 232.687164307, 233.151565552, 233.615966797, 234.080352783, 234.544754028, 235.009155273, 235.46194458, 235.926345825, 236.379135132, 236.843536377, 237.307937622, 237.772338867, 238.236724854, 238.68951416, 239.142303467, 239.606704712, 240.071105957, 240.535507202, 240.999908447, 241.464309692, 241.928695679, 242.381484985, 242.84588623, 243.310287476, 243.763076782, 244.227478027, 244.691879272, 245.156280518, 245.620681763, 246.085067749, 246.537857056, 246.990646362, 247.455047607, 247.919448853, 248.383850098, 248.848251343, 249.312652588, 249.777053833, 250.22984314, 250.682632446, 251.147018433, 251.611419678, 252.075820923, 252.540222168, 253.004623413, 253.45741272, 253.910202026, 254.374603271, 254.839004517, 255.303390503, 255.767791748, 256.232208252, 256.696594238, 257.149383545, 257.613769531, 258.066558838, 258.530975342, 258.995361328, 259.459777832, 259.924163818, 260.388580322, 260.852966309, 261.305755615, 261.770141602, 262.222930908, 262.687347412, 263.151733398, 263.616149902, 264.080535889, 264.533325195, 264.986114502, 265.450531006, 265.914916992, 266.379302979, 266.843719482, 267.308105469, 267.772521973, 268.236907959, 268.689697266, 269.142486572, 269.606903076, 270.071289063, 270.535675049, 271.000091553, 271.464477539, 271.928894043, 272.393280029, 272.857696533, 273.31048584, 273.763275146, 274.227661133, 274.692047119, 275.156463623, 275.620849609, 276.073638916, 276.526428223, 276.990844727, 277.455230713, 277.919647217, 278.384033203, 278.848419189, 279.312835693, 279.77722168, 280.241638184, 280.69442749, 281.147216797, 281.611602783, 282.07598877, 282.540405273, 283.00479126, 283.457580566, 283.910369873, 284.374786377, 284.839172363, 285.303588867, 285.767974854, 286.23236084, 286.685150146, 287.14956665, 287.602355957, 288.066741943, 288.531158447, 288.995544434, 289.459960938, 289.924346924, 290.38873291, 290.841522217, 291.294311523, 291.758728027, 292.223114014, 292.687530518, 293.151916504, 293.616333008, 294.080718994, 294.54510498, 294.997894287, 295.462310791, 295.915100098, 296.379486084, 296.843902588, 297.308288574, 297.772705078, 298.225494385, 298.689880371, 299.154266357, 299.607055664, 300.071472168, 300.535858154, 301.000274658, 301.464660645, 301.929077148, 302.393463135, 302.857849121, 303.322265625, 303.798278809, 304.274291992, 304.750274658, 305.226287842]
