
metadata:
    version:
        essentia: "2.1-beta2"
    audio_properties:
        analysis_sample_rate: 44100
        bitrate: 320
        channels: 2
        equal_loudness: 1
        length: 227.291427612
        replay_gain: -14.114610672
        downmix: "mix"
    tags:
        album: "Got Your Six (Deluxe Edition)"
        artist: "Five Finger Death Punch"
        comment: ""
        date: "2015"
        genre: "Heavy Metal"
        title: "Digging My Own Grave"
        tracknumber: "09"

configuration:
    average_loudness:
        compute: 1
        frameSize: 88200
        hopSize: 44100
        silentFrames: "noise"
        windowType: "hann"
    general:
        analysisSampleRate: 44100
        endTime: 2000
        equalLoudness: 1
        nequalLoudness: 0
        shortSound: 0
        startTime: 0
    lowlevel:
        compute: 1
        frameSize: 2048
        hopSize: 1024
        zeroPadding: 0
        silentFrames: "noise"
        windowType: "blackmanharris62"
        mfccStats: ["mean", "cov", "icov"]
        stats: ["mean", "var", "median", "min", "max", "dmean", "dmean2", "dvar", "dvar2"]
    panning:
        compute: 0
        frameSize: 8192
        hopSize: 2048
        zeroPadding: 8192
        silentFrames: "noise"
        windowType: "hann"
        stats: ["copy"]
    rhythm:
        compute: 1
        maxTempo: 208
        minTempo: 40
        method: "degara"
        stats: ["mean", "var", "median", "min", "max", "dmean", "dmean2", "dvar", "dvar2"]
    segmentation:
        compute: 0
        cpw: 5
        inc1: 300
        inc2: 50
        minimumSegmentsLength: 10
        size1: 1000
        size2: 600
    sfx:
        compute: 1
        stats: ["mean", "var", "median", "min", "max", "dmean", "dmean2", "dvar", "dvar2"]
    svm:
        compute: 0
    tonal:
        compute: 1
        frameSize: 4096
        hopSize: 2048
        zeroPadding: 0
        silentFrames: "noise"
        windowType: "blackmanharris62"
        stats: ["mean", "var", "median", "min", "max", "dmean", "dmean2", "dvar", "dvar2"]

lowlevel:
    average_loudness: 0.817627131939
    barkbands_kurtosis:
        dmean: 1.13243174553
        dmean2: 1.78904497623
        dvar: 5.99669981003
        dvar2: 12.8941450119
        max: 241.151062012
        mean: 2.23929262161
        median: -0.670263409615
        min: -1.88748407364
        var: 266.563873291
    barkbands_skewness:
        dmean: 0.407787144184
        dmean2: 0.64464277029
        dvar: 0.154686301947
        dvar2: 0.368122249842
        max: 12.8377819061
        mean: 0.54580616951
        median: 0.329341232777
        min: -4.92103624344
        var: 2.30318236351
    barkbands_spread:
        dmean: 4.51530790329
        dmean2: 7.16631507874
        dvar: 22.5985050201
        dvar2: 54.9679756165
        max: 74.6819152832
        mean: 25.6616535187
        median: 25.7882080078
        min: 0.48147124052
        var: 147.592605591
    dissonance:
        dmean: 0.0167414061725
        dmean2: 0.0282603316009
        dvar: 0.00035694471444
        dvar2: 0.000988994142972
        max: 0.500000119209
        mean: 0.468053787947
        median: 0.477111935616
        min: 0.115925937891
        var: 0.00098438852001
    hfc:
        dmean: 1.86916458607
        dmean2: 3.01029729843
        dvar: 8.91338920593
        dvar2: 22.6276531219
        max: 44.0798530579
        mean: 6.71892166138
        median: 5.5966463089
        min: 1.18126698663e-016
        var: 40.4339790344
    pitch:
        dmean: 524.852294922
        dmean2: 1006.62750244
        dvar: 1085902
        dvar2: 2785922.25
        max: 4898.47119141
        mean: 795.589294434
        median: 248.58984375
        min: 53.2774734497
        var: 1390436.5
    pitch_instantaneous_confidence:
        dmean: 0.0796417966485
        dmean2: 0.129118844867
        dvar: 0.00498671550304
        dvar2: 0.0122172152624
        max: 0.990783512592
        mean: 0.413664251566
        median: 0.384387880564
        min: 0.120276212692
        var: 0.0258798673749
    pitch_salience:
        dmean: 0.0650713741779
        dmean2: 0.107390321791
        dvar: 0.00359232746996
        dvar2: 0.00966991577297
        max: 0.923289895058
        mean: 0.626837313175
        median: 0.6448315382
        min: 0.0604586005211
        var: 0.0128738554195
    silence_rate_20dB:
        dmean: 0
        dmean2: 0
        dvar: 0
        dvar2: 0
        max: 1
        mean: 1
        median: 1
        min: 1
        var: 0
    silence_rate_30dB:
        dmean: 0
        dmean2: 0
        dvar: 0
        dvar2: 0
        max: 1
        mean: 1
        median: 1
        min: 1
        var: 0
    silence_rate_60dB:
        dmean: 0.0463785864413
        dmean2: 0.0927666500211
        dvar: 0.0442205145955
        dvar2: 0.0986679643393
        max: 1
        mean: 0.438508689404
        median: 0
        min: 0
        var: 0.246193572879
    spectral_centroid:
        dmean: 226.625015259
        dmean2: 364.701049805
        dvar: 71296.75
        dvar2: 171697.671875
        max: 11266.0722656
        mean: 1365.65063477
        median: 1362.54760742
        min: 129.656738281
        var: 524147.4375
    spectral_complexity:
        dmean: 3.23485541344
        dmean2: 5.21005296707
        dvar: 16.4610309601
        dvar2: 38.7935066223
        max: 49
        mean: 13.2465782166
        median: 12
        min: 0
        var: 109.20778656
    spectral_crest:
        dmean: 2.09566307068
        dmean2: 3.41921019554
        dvar: 4.05793237686
        dvar2: 10.0127334595
        max: 25.8202495575
        mean: 7.96474313736
        median: 6.8551568985
        min: 2.15331983566
        var: 16.8828544617
    spectral_decrease:
        dmean: 2.45434256252e-010
        dmean2: 3.86256054918e-010
        dvar: 1.18444353803e-019
        dvar2: 2.89664252404e-019
        max: -8.59274528991e-029
        mean: -9.23011167497e-010
        median: -8.82275585923e-010
        min: -4.00504296394e-009
        var: 5.14678446274e-019
    spectral_energy:
        dmean: 0.00105802994221
        dmean2: 0.00165756978095
        dvar: 2.19577464122e-006
        dvar2: 5.32254534846e-006
        max: 0.0183031111956
        mean: 0.00409307284281
        median: 0.00387963047251
        min: 1.10387535473e-020
        var: 1.03545571619e-005
    spectral_energyband_high:
        dmean: 0.000125948296045
        dmean2: 0.000212945960811
        dvar: 8.02247868137e-008
        dvar2: 2.21500158659e-007
        max: 0.00350384623744
        mean: 0.000266429444309
        median: 0.00014971420751
        min: 7.99644141546e-021
        var: 1.28016026224e-007
    spectral_energyband_low:
        dmean: 0.000251945399214
        dmean2: 0.000418303970946
        dvar: 2.17350461185e-007
        dvar2: 5.87111458117e-007
        max: 0.00604153471068
        mean: 0.000416000577388
        median: 0.000221106922254
        min: 5.97660396219e-023
        var: 3.28560133767e-007
    spectral_energyband_middle_high:
        dmean: 0.000546027964447
        dmean2: 0.000861192645971
        dvar: 6.2763342612e-007
        dvar2: 1.46824038438e-006
        max: 0.0121915563941
        mean: 0.00198699347675
        median: 0.00157478544861
        min: 1.76438432451e-021
        var: 3.65787423107e-006
    spectral_energyband_middle_low:
        dmean: 0.000668029417284
        dmean2: 0.00109109759796
        dvar: 1.14831618703e-006
        dvar2: 3.00055944535e-006
        max: 0.0133960880339
        mean: 0.00155150645878
        median: 0.00116171664558
        min: 3.3797918758e-022
        var: 2.36973096435e-006
    spectral_flatness_db:
        dmean: 0.0152111891657
        dmean2: 0.0239604450762
        dvar: 0.000229641635087
        dvar2: 0.000536224164534
        max: 0.499898552895
        mean: 0.164089366794
        median: 0.144143536687
        min: 0.0611731335521
        var: 0.003736194456
    spectral_flux:
        dmean: 0.00704274466261
        dmean2: 0.0108187580481
        dvar: 7.15895730536e-005
        dvar2: 0.000143349650898
        max: 0.102016374469
        mean: 0.0344797894359
        median: 0.0361061692238
        min: 1.05065470213e-010
        var: 0.000440510106273
    spectral_kurtosis:
        dmean: 2.56668329239
        dmean2: 4.36437654495
        dvar: 27.1378173828
        dvar2: 78.9136810303
        max: 173.852584839
        mean: 8.14686107635
        median: 4.36763095856
        min: -1.15682065487
        var: 146.875244141
    spectral_rms:
        dmean: 0.000232978942222
        dmean2: 0.00035739998566
        dvar: 7.58651736987e-008
        dvar2: 1.75567095084e-007
        max: 0.00422571785748
        mean: 0.00178061646875
        median: 0.00194550899323
        min: 3.28169392702e-012
        var: 8.22645290555e-007
    spectral_rolloff:
        dmean: 344.840881348
        dmean2: 568.910705566
        dvar: 219276.234375
        dvar2: 495682.59375
        max: 18518.5546875
        mean: 2519.6340332
        median: 2950.04882813
        min: 107.666015625
        var: 1561984
    spectral_skewness:
        dmean: 0.249753713608
        dmean2: 0.413293004036
        dvar: 0.121972709894
        dvar2: 0.33867880702
        max: 10.1041812897
        mean: 1.92812395096
        median: 1.62941908836
        min: -0.0392754077911
        var: 0.924996435642
    spectral_spread:
        dmean: 392166.34375
        dmean2: 579937.1875
        dvar: 317754671104
        dvar2: 547590832128
        max: 40713276
        mean: 4333062.5
        median: 4457041.5
        min: 449197.625
        var: 3.86907321139e+012
    spectral_strongpeak:
        dmean: 0.398688703775
        dmean2: 0.667847156525
        dvar: 0.580358803272
        dvar2: 1.49018347263
        max: 11.39041996
        mean: 0.668150961399
        median: 0.275725990534
        min: 5.5801443466e-009
        var: 1.17103993893
    zerocrossingrate:
        dmean: 0.00715602142736
        dmean2: 0.00870126392692
        dvar: 6.32401570329e-005
        dvar2: 8.14123632153e-005
        max: 0.49365234375
        mean: 0.0782553777099
        median: 0.08251953125
        min: 0.00537109375
        var: 0.0012815768132
    barkbands:
        dmean: [3.63624764077e-007, 6.69261644362e-005, 0.00016807805514, 0.000167927864823, 0.000208725614357, 0.000171439736732, 0.000101232872112, 0.000100172474049, 0.000236269130255, 9.23299594433e-005, 5.88969342061e-005, 7.13744302629e-005, 5.16590880579e-005, 7.26817088434e-005, 8.90615483513e-005, 9.98809264274e-005, 0.000132214496261, 0.000128010215121, 0.000186119345017, 0.000117924770166, 6.2480023189e-005, 1.90621576621e-005, 4.10051370636e-006, 2.03049262382e-006, 1.10338351078e-006, 3.5933702236e-008, 2.56603321924e-010]
        dmean2: [4.95284382396e-007, 0.000115521143016, 0.000283545203274, 0.000283467205008, 0.000345444772393, 0.000273654994089, 0.000166603276739, 0.000164355238667, 0.000382338592317, 0.000146292484715, 9.82176788966e-005, 0.000115276954602, 8.44340102049e-005, 0.000119482894661, 0.000146372054587, 0.000162588738021, 0.000216451255255, 0.000215392676182, 0.000301678897813, 0.000197775574634, 0.000107110339741, 3.20820508932e-005, 6.84785527483e-006, 3.23131826008e-006, 1.71682984274e-006, 5.58844384102e-008, 4.46391590359e-010]
        dvar: [6.47282032661e-013, 1.6019232163e-008, 1.12918201012e-007, 1.66177201777e-007, 2.67336702109e-007, 1.61795739473e-007, 8.15952816424e-008, 5.91013424867e-008, 2.69147960807e-007, 4.47988632857e-008, 1.97478708941e-008, 2.55397516469e-008, 1.05367687908e-008, 3.49390951726e-008, 4.41693543962e-008, 3.48813244955e-008, 5.54654562279e-008, 4.46953372091e-008, 1.35064325946e-007, 5.50905880914e-008, 1.71901177737e-008, 1.69203906442e-009, 7.65225799393e-011, 3.05601099981e-011, 8.22527896488e-012, 5.89639793968e-015, 1.75093417388e-019]
        dvar2: [1.13265549283e-012, 4.66454395109e-008, 3.10675432047e-007, 4.50684723319e-007, 7.1318549999e-007, 3.91700297087e-007, 2.04078745014e-007, 1.52229389982e-007, 6.74403281664e-007, 1.06215658491e-007, 5.03743819991e-008, 6.47220161909e-008, 2.67124935505e-008, 8.90242830565e-008, 1.16933968286e-007, 8.75160353075e-008, 1.41513879726e-007, 1.18367346147e-007, 3.38358574936e-007, 1.47452951182e-007, 4.73355896702e-008, 4.61173366162e-009, 1.91176491304e-010, 6.74684336177e-011, 1.71545035121e-011, 1.33150385994e-014, 4.96345538961e-019]
        max: [1.48277704284e-005, 0.00149679707829, 0.00443045888096, 0.00535029312596, 0.00846974737942, 0.00953121855855, 0.00653648097068, 0.00502529973164, 0.0126986699179, 0.00577992154285, 0.00342353573069, 0.00459831859916, 0.00190798833501, 0.00436790240929, 0.00361824664287, 0.00401551509276, 0.00446583610028, 0.00416182214394, 0.00841152109206, 0.0040323510766, 0.00232333503664, 0.000736346410122, 0.000175464985659, 0.000117064999358, 7.282855222e-005, 1.38518726089e-006, 6.74282807367e-009]
        mean: [4.68369222517e-007, 8.95845587365e-005, 0.00022212046315, 0.000204918120289, 0.000307262729621, 0.000277880200883, 0.000146105885506, 0.00013777136337, 0.000429589854321, 0.000150514199049, 9.47312364588e-005, 0.000130402404466, 8.65450929268e-005, 0.000119448173791, 0.000157929272973, 0.000200120834052, 0.000266278279014, 0.00025839349837, 0.000410358654335, 0.000238267777604, 0.000114050373668, 3.50251793861e-005, 8.65765105118e-006, 4.05974242312e-006, 2.50626317211e-006, 8.53294466197e-008, 4.36234909307e-010]
        median: [6.0408126501e-008, 4.44157194579e-005, 9.45350329857e-005, 7.29481180315e-005, 0.000124012120068, 0.000115381000796, 5.274774594e-005, 4.55106855952e-005, 9.99161420623e-005, 4.85658893012e-005, 3.64119114238e-005, 4.19354000769e-005, 3.81808058592e-005, 4.27137347287e-005, 5.70748197788e-005, 0.000106568550109, 0.000169877777807, 0.000181300623808, 0.000220776200877, 0.000135481430334, 5.69786643609e-005, 1.56278438226e-005, 3.94659582525e-006, 1.87753676073e-006, 1.35981645144e-006, 4.27914770285e-008, 1.98493305126e-010]
        min: [2.85630851226e-023, 2.39451706918e-023, 2.08945808847e-023, 2.42872148638e-024, 4.76970168192e-023, 3.81694545731e-023, 3.000855598e-023, 9.13189107307e-023, 1.17541940952e-022, 6.90107321246e-023, 4.8438388298e-023, 1.48875887383e-022, 1.79447251442e-022, 8.90779083603e-023, 1.54121547345e-022, 2.19330821876e-022, 1.67964996003e-022, 2.59931965433e-022, 3.36165186151e-022, 3.54857302098e-022, 4.86742122702e-022, 6.24771475561e-022, 7.82690018702e-022, 8.26516909164e-022, 1.05128112728e-021, 1.68396605154e-021, 2.4868611583e-021]
        var: [1.22089935817e-012, 1.70537060029e-008, 1.37694669888e-007, 1.7416442688e-007, 3.60972478575e-007, 2.48448429829e-007, 1.11443746675e-007, 8.14695866325e-008, 7.41990959341e-007, 9.09245372327e-008, 3.61252077141e-008, 5.8742035236e-008, 2.00194207878e-008, 5.96972071776e-008, 9.15123052891e-008, 8.79103581042e-008, 1.22427678662e-007, 8.96491201274e-008, 3.78665276912e-007, 1.09876268084e-007, 2.8202604696e-008, 2.79460787844e-009, 1.68498590081e-010, 6.29494859017e-011, 1.82435976048e-011, 1.50572117302e-014, 3.34547744525e-019]
    frequency_bands:
        dmean: [3.63624764077e-007, 6.69261644362e-005, 0.00016807805514, 0.000167927864823, 0.000208725614357, 0.000171439736732, 0.000101232872112, 0.000100172474049, 0.000236269130255, 9.23299594433e-005, 5.88969342061e-005, 7.13744302629e-005, 5.16590880579e-005, 7.26817088434e-005, 8.90615483513e-005, 9.98809264274e-005, 0.000132214496261, 0.000128010215121, 0.000186119345017, 0.000117924770166, 6.2480023189e-005, 1.90621576621e-005, 4.10051370636e-006, 2.03049262382e-006, 1.10338351078e-006, 3.5933702236e-008, 2.56603321924e-010, 4.84897018371e-011]
        dmean2: [4.95284382396e-007, 0.000115521143016, 0.000283545203274, 0.000283467205008, 0.000345444772393, 0.000273654994089, 0.000166603276739, 0.000164355238667, 0.000382338592317, 0.000146292484715, 9.82176788966e-005, 0.000115276954602, 8.44340102049e-005, 0.000119482894661, 0.000146372054587, 0.000162588738021, 0.000216451255255, 0.000215392676182, 0.000301678897813, 0.000197775574634, 0.000107110339741, 3.20820508932e-005, 6.84785527483e-006, 3.23131826008e-006, 1.71682984274e-006, 5.58844384102e-008, 4.46391590359e-010, 9.02908511846e-011]
        dvar: [6.47282032661e-013, 1.6019232163e-008, 1.12918201012e-007, 1.66177201777e-007, 2.67336702109e-007, 1.61795739473e-007, 8.15952816424e-008, 5.91013424867e-008, 2.69147960807e-007, 4.47988632857e-008, 1.97478708941e-008, 2.55397516469e-008, 1.05367687908e-008, 3.49390951726e-008, 4.41693543962e-008, 3.48813244955e-008, 5.54654562279e-008, 4.46953372091e-008, 1.35064325946e-007, 5.50905880914e-008, 1.71901177737e-008, 1.69203906442e-009, 7.65225799393e-011, 3.05601099981e-011, 8.22527896488e-012, 5.89639793968e-015, 1.75093417388e-019, 6.22964582715e-021]
        dvar2: [1.13265549283e-012, 4.66454395109e-008, 3.10675432047e-007, 4.50684723319e-007, 7.1318549999e-007, 3.91700297087e-007, 2.04078745014e-007, 1.52229389982e-007, 6.74403281664e-007, 1.06215658491e-007, 5.03743819991e-008, 6.47220161909e-008, 2.67124935505e-008, 8.90242830565e-008, 1.16933968286e-007, 8.75160353075e-008, 1.41513879726e-007, 1.18367346147e-007, 3.38358574936e-007, 1.47452951182e-007, 4.73355896702e-008, 4.61173366162e-009, 1.91176491304e-010, 6.74684336177e-011, 1.71545035121e-011, 1.33150385994e-014, 4.96345538961e-019, 2.00796542734e-020]
        max: [1.48277704284e-005, 0.00149679707829, 0.00443045888096, 0.00535029312596, 0.00846974737942, 0.00953121855855, 0.00653648097068, 0.00502529973164, 0.0126986699179, 0.00577992154285, 0.00342353573069, 0.00459831859916, 0.00190798833501, 0.00436790240929, 0.00361824664287, 0.00401551509276, 0.00446583610028, 0.00416182214394, 0.00841152109206, 0.0040323510766, 0.00232333503664, 0.000736346410122, 0.000175464985659, 0.000117064999358, 7.282855222e-005, 1.38518726089e-006, 6.74282807367e-009, 9.41154043588e-010]
        mean: [4.68369222517e-007, 8.95845587365e-005, 0.00022212046315, 0.000204918120289, 0.000307262729621, 0.000277880200883, 0.000146105885506, 0.00013777136337, 0.000429589854321, 0.000150514199049, 9.47312364588e-005, 0.000130402404466, 8.65450929268e-005, 0.000119448173791, 0.000157929272973, 0.000200120834052, 0.000266278279014, 0.00025839349837, 0.000410358654335, 0.000238267777604, 0.000114050373668, 3.50251793861e-005, 8.65765105118e-006, 4.05974242312e-006, 2.50626317211e-006, 8.53294466197e-008, 4.36234909307e-010, 3.77995516831e-011]
        median: [6.0408126501e-008, 4.44157194579e-005, 9.45350329857e-005, 7.29481180315e-005, 0.000124012120068, 0.000115381000796, 5.274774594e-005, 4.55106855952e-005, 9.99161420623e-005, 4.85658893012e-005, 3.64119114238e-005, 4.19354000769e-005, 3.81808058592e-005, 4.27137347287e-005, 5.70748197788e-005, 0.000106568550109, 0.000169877777807, 0.000181300623808, 0.000220776200877, 0.000135481430334, 5.69786643609e-005, 1.56278438226e-005, 3.94659582525e-006, 1.87753676073e-006, 1.35981645144e-006, 4.27914770285e-008, 1.98493305126e-010, 9.72157944423e-012]
        min: [2.85630851226e-023, 2.39451706918e-023, 2.08945808847e-023, 2.42872148638e-024, 4.76970168192e-023, 3.81694545731e-023, 3.000855598e-023, 9.13189107307e-023, 1.17541940952e-022, 6.90107321246e-023, 4.8438388298e-023, 1.48875887383e-022, 1.79447251442e-022, 8.90779083603e-023, 1.54121547345e-022, 2.19330821876e-022, 1.67964996003e-022, 2.59931965433e-022, 3.36165186151e-022, 3.54857302098e-022, 4.86742122702e-022, 6.24771475561e-022, 7.82690018702e-022, 8.26516909164e-022, 1.05128112728e-021, 1.68396605154e-021, 2.4868611583e-021, 6.68131410854e-022]
        var: [1.22089935817e-012, 1.70537060029e-008, 1.37694669888e-007, 1.7416442688e-007, 3.60972478575e-007, 2.48448429829e-007, 1.11443746675e-007, 8.14695866325e-008, 7.41990959341e-007, 9.09245372327e-008, 3.61252077141e-008, 5.8742035236e-008, 2.00194207878e-008, 5.96972071776e-008, 9.15123052891e-008, 8.79103581042e-008, 1.22427678662e-007, 8.96491201274e-008, 3.78665276912e-007, 1.09876268084e-007, 2.8202604696e-008, 2.79460787844e-009, 1.68498590081e-010, 6.29494859017e-011, 1.82435976048e-011, 1.50572117302e-014, 3.34547744525e-019, 4.91054357003e-021]
    mfcc:
        mean: [-749.237304688, 116.870170593, -41.6065406799, 36.6210403442, -7.24168252945, -9.50544834137, 1.44190263748, -0.969626128674, -0.424550622702, -4.3230676651, -4.09082269669, -6.67968559265, -3.34094405174]
        cov: [[13054.8193359, -1255.21643066, -1746.8807373, 1544.59326172, -608.534729004, 57.4250106812, 13.913526535, 126.179039001, 366.683410645, 248.004592896, 254.904586792, -43.5918159485, -105.989685059], [-1255.21643066, 1692.95959473, 200.733169556, -155.126190186, 209.363220215, -120.737243652, -6.88101196289, -42.1170349121, -93.039276123, -93.8036117554, -72.8375244141, 2.13521790504, 14.4790391922], [-1746.8807373, 200.733169556, 661.737792969, -172.538787842, 187.621734619, 51.1934967041, -16.4000377655, 2.50798368454, -32.0175170898, -16.9873218536, -39.2478103638, 19.9457130432, 4.44158601761], [1544.59326172, -155.126190186, -172.538787842, 595.799926758, 68.2960205078, 41.9684028625, 23.0655498505, -2.93449211121, 60.9723091125, 17.7828025818, 28.1793823242, 3.62145805359, 32.9595756531], [-608.534729004, 209.363220215, 187.621734619, 68.2960205078, 313.494506836, 30.0027389526, -39.8984642029, -31.7739238739, -12.1510276794, 17.0444393158, -26.0258197784, 2.78431081772, 17.7183418274], [57.4250106812, -120.737243652, 51.1934967041, 41.9684028625, 30.0027389526, 131.96244812, 53.4150619507, 23.3369522095, 30.3089847565, 20.045129776, 18.5575332642, -0.487994134426, -5.10345315933], [13.913526535, -6.88101196289, -16.4000377655, 23.0655498505, -39.8984642029, 53.4150619507, 182.444869995, 70.6950759888, 26.2412185669, 3.31950354576, 9.24875926971, 23.5523719788, -6.34506320953], [126.179039001, -42.1170349121, 2.50798368454, -2.93449211121, -31.7739238739, 23.3369522095, 70.6950759888, 110.380004883, 43.9118118286, 12.1434288025, 20.3778476715, 7.00315475464, -7.0557975769], [366.683410645, -93.039276123, -32.0175170898, 60.9723091125, -12.1510276794, 30.3089847565, 26.2412185669, 43.9118118286, 105.405036926, 53.5610809326, 18.5273303986, 5.14884710312, -19.3414516449], [248.004592896, -93.8036117554, -16.9873218536, 17.7828025818, 17.0444393158, 20.045129776, 3.31950354576, 12.1434288025, 53.5610809326, 98.6735687256, 39.587600708, 7.52967119217, -12.6893968582], [254.904586792, -72.8375244141, -39.2478103638, 28.1793823242, -26.0258197784, 18.5575332642, 9.24875926971, 20.3778476715, 18.5273303986, 39.587600708, 86.180519104, 26.9603595734, 0.853433728218], [-43.5918159485, 2.13521790504, 19.9457130432, 3.62145805359, 2.78431081772, -0.487994134426, 23.5523719788, 7.00315475464, 5.14884710312, 7.52967119217, 26.9603595734, 65.4429626465, 19.7314090729], [-105.989685059, 14.4790391922, 4.44158601761, 32.9595756531, 17.7183418274, -5.10345315933, -6.34506320953, -7.0557975769, -19.3414516449, -12.6893968582, 0.853433728218, 19.7314090729, 73.1441574097]]
        icov: [[0.000209096455364, -1.71783885889e-005, 0.000349822686985, -0.00051060365513, 0.000366673950339, -0.00021507513884, 0.000378174358048, -0.000324951281073, 7.18671290088e-005, -0.000397015392082, 0.000107441192085, -0.0001854410948, 0.000411762564909], [-1.71783885889e-005, 0.000819721375592, -0.000100434728665, 0.000280055275653, -0.000809525256045, 0.0010411440162, -0.00061901769368, 0.000297778577078, -0.000172751533682, 0.000860215397552, -0.000304822402541, 0.000258076324826, -2.59952739725e-005], [0.000349822686985, -0.000100434728665, 0.00294283195399, -7.26115104044e-005, -0.000728764280211, -0.00164304452483, 0.00121454230975, -0.00135760370176, 0.000516931293532, -0.000358538265573, 0.00113827839959, -0.00167878263164, 0.00093118485529], [-0.00051060365513, 0.000280055275653, -7.26115104044e-005, 0.00371404597536, -0.00224224943668, 0.00046314674546, -0.00161442242097, 0.00180954136886, -0.00238570966758, 0.00250289891846, -0.00151722272858, 0.00118807936087, -0.00235395738855], [0.000366673950339, -0.000809525256045, -0.000728764280211, -0.00224224943668, 0.00635328004137, -0.00239921617322, 0.00236179074273, -0.000667183077894, 0.00187363987789, -0.00403569499031, 0.00286062341183, -0.00140866171569, 0.000322260922985], [-0.00021507513884, 0.0010411440162, -0.00164304452483, 0.00046314674546, -0.00239921617322, 0.0123309278861, -0.00504400627688, 0.00213591754436, -0.00319748139009, 0.00197012419812, -0.00423167413101, 0.00414510536939, -0.000989182968624], [0.000378174358048, -0.00061901769368, 0.00121454230975, -0.00161442242097, 0.00236179074273, -0.00504400627688, 0.0106378886849, -0.0067395279184, 0.00240662414581, -0.00206121825613, 0.00381682417355, -0.00549950823188, 0.00239069876261], [-0.000324951281073, 0.000297778577078, -0.00135760370176, 0.00180954136886, -0.000667183077894, 0.00213591754436, -0.0067395279184, 0.0165006648749, -0.00772731518373, 0.00413713371381, -0.00522596435621, 0.00374578055926, -0.0022201302927], [7.18671290088e-005, -0.000172751533682, 0.000516931293532, -0.00238570966758, 0.00187363987789, -0.00319748139009, 0.00240662414581, -0.00772731518373, 0.0198665671051, -0.0106793576851, 0.00530874170363, -0.00395487714559, 0.00437389034778], [-0.000397015392082, 0.000860215397552, -0.000358538265573, 0.00250289891846, -0.00403569499031, 0.00197012419812, -0.00206121825613, 0.00413713371381, -0.0106793576851, 0.0206526070833, -0.00949649326503, 0.00264883600175, -0.000361067039194], [0.000107441192085, -0.000304822402541, 0.00113827839959, -0.00151722272858, 0.00286062341183, -0.00423167413101, 0.00381682417355, -0.00522596435621, 0.00530874170363, -0.00949649326503, 0.0208497662097, -0.00959767960012, 0.00177145097405], [-0.0001854410948, 0.000258076324826, -0.00167878263164, 0.00118807936087, -0.00140866171569, 0.00414510536939, -0.00549950823188, 0.00374578055926, -0.00395487714559, 0.00264883600175, -0.00959767960012, 0.0233370028436, -0.00700817909092], [0.000411762564909, -2.59952739725e-005, 0.00093118485529, -0.00235395738855, 0.000322260922985, -0.000989182968624, 0.00239069876261, -0.0022201302927, 0.00437389034778, -0.000361067039194, 0.00177145097405, -0.00700817909092, 0.0180875658989]]
    sccoeffs:
        dmean: [0.0511974319816, 0.0457629412413, 0.0369953215122, 0.0273901913315, 0.0200374498963, 0.0160351954401]
        dmean2: [0.0839153006673, 0.0752799808979, 0.0605985485017, 0.0453789234161, 0.0327992625535, 0.025597140193]
        dvar: [0.00191971939057, 0.00147323356941, 0.000850186683238, 0.000495512154885, 0.000279937055893, 0.000219684487092]
        dvar2: [0.00507967965677, 0.00389052857645, 0.0023223052267, 0.00132848962676, 0.000717585848179, 0.000536169041879]
        max: [-0.237438499928, -0.461884796619, -0.490861326456, -0.598307192326, -0.579660356045, -0.539176642895]
        mean: [-0.663754343987, -0.750419318676, -0.776409208775, -0.795734524727, -0.794490754604, -0.782057642937]
        median: [-0.668574810028, -0.759309113026, -0.782688736916, -0.800928175449, -0.796761453152, -0.783084452152]
        min: [-0.959785997868, -0.970650553703, -0.967126965523, -0.964619576931, -0.95971673727, -0.960363805294]
        var: [0.00568895135075, 0.00536923389882, 0.0036654479336, 0.00226248241961, 0.00170735188294, 0.00195658602752]
    scvalleys:
        dmean: [0.372115641832, 0.34384983778, 0.276583552361, 0.237297728658, 0.222228229046, 0.235548809171]
        dmean2: [0.628228724003, 0.566828012466, 0.451963961124, 0.380810201168, 0.343749910593, 0.34094581008]
        dvar: [0.0992336645722, 0.0955003425479, 0.0623970590532, 0.0542851611972, 0.0725984871387, 0.112993352115]
        dvar2: [0.26212182641, 0.232351362705, 0.142849266529, 0.106547750533, 0.139192014933, 0.210581794381]
        max: [-5.20270872116, -4.67019176483, -4.9848446846, -5.48150920868, -5.62883710861, -7.50351333618]
        mean: [-7.34726428986, -6.96204662323, -7.17874526978, -7.60453891754, -7.76850748062, -10.4346847534]
        median: [-6.89266061783, -6.60534191132, -6.84208536148, -7.06341123581, -6.91060352325, -9.46994018555]
        min: [-27.0563526154, -26.7946434021, -27.0830154419, -27.2347202301, -27.4216518402, -27.2413444519]
        var: [2.87625932693, 2.2797627449, 2.38211846352, 2.75617957115, 3.70210123062, 4.11164474487]

rhythm:
    beats_loudness:
        dmean: 0.0016940406058
        dmean2: 0.0029057324864
        dvar: 2.70800751423e-006
        dvar2: 7.76864908403e-006
        max: 0.0151346307248
        mean: 0.0051823486574
        median: 0.00559827825055
        min: 1.11798174884e-011
        var: 1.17043691716e-005
    bpm: 155.691360474
    bpm_confidence: 0
    first_peak_bpm: 157
    first_peak_spread: 0.0648148134351
    first_peak_weight: 0.705061078072
    onset_rate: 2.83776664734
    second_peak_bpm: 152
    second_peak_spread: 0.0476190336049
    second_peak_weight: 0.174520075321
    beats_loudness_band_ratio:
        dmean: [0.192293927073, 0.118325561285, 0.121102780104, 0.0959464982152, 0.106458067894, 0.0644905865192]
        dmean2: [0.333999752998, 0.207749783993, 0.208369761705, 0.1681638062, 0.181895598769, 0.114360399544]
        dvar: [0.0308255497366, 0.0171262472868, 0.014775307849, 0.00996925681829, 0.00975218601525, 0.00623741745949]
        dvar2: [0.0863130539656, 0.0514430329204, 0.0392380878329, 0.0291286222637, 0.0261368043721, 0.0177876017988]
        max: [0.983029961586, 0.743812739849, 0.892534911633, 0.723194599152, 0.730456709862, 0.768966734409]
        mean: [0.254164278507, 0.160168766975, 0.168137729168, 0.130822151899, 0.191553741693, 0.133315116167]
        median: [0.203073099256, 0.113270282745, 0.120636820793, 0.0950586050749, 0.170432120562, 0.11390991509]
        min: [0, 0, 0, 0, 0, 0]
        var: [0.0469195991755, 0.0224876124412, 0.0214406549931, 0.0120817767456, 0.0181118883193, 0.0143097797409]
    beats_position: [0.371519267559, 0.766258478165, 1.16099774837, 1.55573689938, 1.95047616959, 2.34521532059, 2.75156450272, 3.14630389214, 3.52943301201, 3.92417216301, 4.31891155243, 4.7020406723, 5.08516979218, 5.46829938889, 5.85142850876, 6.23455762863, 6.6176867485, 7.00081634521, 7.38394546509, 7.76707458496, 8.15020370483, 8.53333282471, 8.91646194458, 9.29959201813, 9.682721138, 10.077460289, 10.4605894089, 10.8437185287, 11.2384576797, 11.6215867996, 12.0047159195, 12.387845993, 12.7709751129, 13.1541042328, 13.5372333527, 13.9203624725, 14.3034915924, 14.6866207123, 15.0697498322, 15.4528799057, 15.8360090256, 16.2191371918, 16.602268219, 16.9853973389, 17.3685264587, 17.7516555786, 18.1347846985, 18.5295238495, 18.9126529694, 19.2957820892, 19.6789112091, 20.062040329, 20.4451694489, 20.8282985687, 21.2230377197, 21.6061668396, 21.9892959595, 22.3724250793, 22.7555541992, 23.1386852264, 23.5218143463, 23.9049434662, 24.2880725861, 24.6828117371, 25.0659408569, 25.4490699768, 25.8438091278, 26.2269382477, 26.6100673676, 26.9931964874, 27.3763256073, 27.7594547272, 28.142583847, 28.5257129669, 28.9088420868, 29.291973114, 29.6751022339, 30.0698413849, 30.4529705048, 30.8360996246, 31.2192287445, 31.6023578644, 31.9970970154, 32.3802261353, 32.7633552551, 33.146484375, 33.5296134949, 33.9127426147, 34.2958717346, 34.6790008545, 35.0621299744, 35.4452590942, 35.8283882141, 36.211517334, 36.6062583923, 36.9893875122, 37.3725166321, 37.755645752, 38.1503829956, 38.5335159302, 38.91664505, 39.3113822937, 39.6945114136, 40.0776405334, 40.4491615295, 40.8322906494, 41.2154197693, 41.5985488892, 41.981678009, 42.3764152527, 42.771156311, 43.1658935547, 43.5374145508, 43.9205436707, 44.3036727905, 44.6751937866, 45.0583229065, 45.4414520264, 45.8245811462, 46.2077102661, 46.6024475098, 46.9855766296, 47.3687057495, 47.7518348694, 48.1349639893, 48.5180931091, 48.901222229, 49.2959632874, 49.6790924072, 50.0622215271, 50.4569587708, 50.8400878906, 51.2232208252, 51.6063499451, 51.9894790649, 52.3726081848, 52.7557373047, 53.1388664246, 53.5219955444, 53.9167327881, 54.299861908, 54.6946029663, 55.0777320862, 55.4608612061, 55.8439903259, 56.2155075073, 56.5986366272, 56.9817695618, 57.3532867432, 57.736415863, 58.1427650452, 58.525894165, 58.9090232849, 59.2921524048, 59.6752815247, 60.0584106445, 60.4415397644, 60.8362808228, 61.2194099426, 61.6025390625, 61.9740562439, 62.3687973022, 62.7519264221, 63.135055542, 63.5181846619, 63.9013137817, 64.2960510254, 64.67918396, 65.0623092651, 65.4570541382, 65.8401794434, 66.2233123779, 66.5948257446, 66.9895706177, 67.3843078613, 67.7674331665, 68.1505661011, 68.5336914063, 68.9168243408, 69.299949646, 69.6830825806, 70.0546035767, 70.4493408203, 70.8324737549, 71.2155990601, 71.5987319946, 71.9818572998, 72.3649902344, 72.7481155396, 73.1312484741, 73.5143737793, 73.9091110229, 74.2922439575, 74.6753692627, 75.0701141357, 75.4532394409, 75.8363723755, 76.2194976807, 76.6026306152, 76.9973678589, 77.368888855, 77.7520141602, 78.1351470947, 78.5182723999, 78.9014053345, 79.2961425781, 79.6792755127, 80.0624008179, 80.4455337524, 80.8286590576, 81.2233963013, 81.6065292358, 81.9896621704, 82.3727874756, 82.7559204102, 83.1390457153, 83.533782959, 83.928527832, 84.3232650757, 84.7063903809, 85.0895233154, 85.4726486206, 85.8441696167, 86.2273025513, 86.6104278564, 86.993560791, 87.3766860962, 87.7482070923, 88.1313400269, 88.514465332, 88.8975982666, 89.2807235718, 89.6638565063, 90.0469818115, 90.4185028076, 90.8132400513, 91.2079772949, 91.5911102295, 91.9742355347, 92.3689804077, 92.7521057129, 93.1352386475, 93.5183639526, 93.9014968872, 94.2962341309, 94.6793670654, 95.0624923706, 95.4456253052, 95.8287506104, 96.223487854, 96.6066207886, 96.9897460938, 97.3728790283, 97.7560043335, 98.1507492065, 98.5338745117, 98.9170074463, 99.288520813, 99.6716537476, 100.054779053, 100.437911987, 100.821044922, 101.204170227, 101.598907471, 101.982040405, 102.376777649, 102.759910583, 103.143035889, 103.526168823, 103.920906067, 104.304031372, 104.687164307, 105.070289612, 105.453422546, 105.836547852, 106.219680786, 106.602806091, 106.974327087, 107.36907196, 107.752197266, 108.1353302, 108.530067444, 108.913192749, 109.296325684, 109.679450989, 110.062583923, 110.445709229, 110.828842163, 111.211967468, 111.595100403, 111.989837646, 112.372970581, 112.756095886, 113.139228821, 113.522354126, 113.905487061, 114.288612366, 114.6717453, 115.054870605, 115.449615479, 115.832740784, 116.215873718, 116.610610962, 116.993736267, 117.376869202, 117.748390198, 118.143127441, 118.526252747, 118.909385681, 119.292518616, 119.675643921, 120.058776855, 120.441902161, 120.836639404, 121.219772339, 121.602897644, 121.986030579, 122.369155884, 122.763900757, 123.147026062, 123.530158997, 123.913284302, 124.296417236, 124.679542542, 125.062675476, 125.45741272, 125.840545654, 126.223670959, 126.595191956, 126.978317261, 127.361450195, 127.756187439, 128.139312744, 128.522445679, 128.917190552, 129.300308228, 129.683441162, 130.066574097, 130.449707031, 130.832824707, 131.215957642, 131.599090576, 131.982223511, 132.365356445, 132.748474121, 133.143218994, 133.537963867, 133.921081543, 134.304214478, 134.687347412, 135.070480347, 135.453598022, 135.836730957, 136.219863892, 136.602996826, 136.986114502, 137.369247437, 137.752380371, 138.135513306, 138.518630981, 138.901763916, 139.296508789, 139.691238403, 140.062759399, 140.445892334, 140.829025269, 141.223754883, 141.606887817, 141.990020752, 142.373153687, 142.767883301, 143.151016235, 143.522537231, 143.905670166, 144.288803101, 144.683532715, 145.066665649, 145.449798584, 145.83291626, 146.216049194, 146.599182129, 146.982315063, 147.365432739, 147.748565674, 148.143310547, 148.526443481, 148.909561157, 149.292694092, 149.687438965, 150.070556641, 150.465301514, 150.83682251, 151.219955444, 151.59147644, 151.974594116, 152.357727051, 152.740859985, 153.135604858, 153.518722534, 153.901855469, 154.284988403, 154.668121338, 155.051239014, 155.434371948, 155.829116821, 156.212234497, 156.60697937, 156.990112305, 157.361633301, 157.744766235, 158.127883911, 158.522628784, 158.905761719, 159.288879395, 159.672012329, 160.055145264, 160.438278198, 160.833007813, 161.216140747, 161.61088562, 161.994003296, 162.37713623, 162.748657227, 163.131790161, 163.514923096, 163.898040771, 164.281173706, 164.675918579, 165.059051514, 165.442169189, 165.825302124, 166.220046997, 166.603164673, 166.986297607, 167.369430542, 167.752563477, 168.135681152, 168.518814087, 168.901947021, 169.285079956, 169.668212891, 170.062942505, 170.446075439, 170.829208374, 171.21232605, 171.595458984, 171.978591919, 172.361724854, 172.768066406, 173.174423218, 173.569152832, 173.940673828, 174.312194824, 174.68371582, 175.066848755, 175.449981689, 175.833099365, 176.2162323, 176.610977173, 176.994094849, 177.377227783, 177.760360718, 178.143493652, 178.526611328, 178.909744263, 179.281265259, 179.676010132, 180.070739746, 180.453872681, 180.837005615, 181.22013855, 181.603256226, 181.98638916, 182.369522095, 182.764266968, 183.147384644, 183.530517578, 183.925262451, 184.296783447, 184.679901123, 185.063034058, 185.446166992, 185.840896606, 186.224029541, 186.607162476, 186.99029541, 187.373413086, 187.756546021, 188.139678955, 188.52281189, 188.917541504, 189.300674438, 189.683807373, 190.078552246, 190.461669922, 190.844802856, 191.216323853, 191.599456787, 191.982574463, 192.377319336, 192.760452271, 193.143585205, 193.526702881, 193.909835815, 194.304580688, 194.676101685, 195.070831299, 195.453964233, 195.837097168, 196.220230103, 196.603347778, 196.974868774, 197.358001709, 197.752746582, 198.135864258, 198.530609131, 198.913742065, 199.296859741, 199.679992676, 200.06312561, 200.446258545, 200.840988159, 201.224121094, 201.607254028, 201.990386963, 202.373504639, 202.756637573, 203.139770508, 203.522903442, 203.917633057, 204.300765991, 204.683898926, 205.06703186, 205.450149536, 205.833282471, 206.216415405, 206.611160278, 207.005889893, 207.400634766, 207.806976318, 208.224945068, 208.64289856, 209.072463989, 209.57170105, 210.070922852, 210.570159912, 211.139038086, 211.707931519, 212.276824951, 212.926986694, 213.577133179, 214.215682983, 214.84262085, 215.457962036, 216.061676025, 216.653778076, 217.234283447, 217.826385498, 218.406890869, 218.952560425, 219.49822998, 220.032287598, 220.566345215, 221.112014771, 221.657684326, 222.203353882, 222.749023438, 223.294692993, 223.840362549, 224.386032104, 224.93170166, 225.477371216, 226.023040771, 226.568710327]
