
metadata:
    version:
        essentia: "2.1-beta2"
    audio_properties:
        analysis_sample_rate: 44100
        bitrate: 320
        channels: 2
        equal_loudness: 1
        length: 175.464492798
        replay_gain: -14.6012325287
        downmix: "mix"
    tags:
        album: "Got Your Six (Deluxe Edition)"
        artist: "Five Finger Death Punch"
        comment: ""
        date: "2015"
        genre: "Heavy Metal"
        title: "This is My War"
        tracknumber: "13"

configuration:
    average_loudness:
        compute: 1
        frameSize: 88200
        hopSize: 44100
        silentFrames: "noise"
        windowType: "hann"
    general:
        analysisSampleRate: 44100
        endTime: 2000
        equalLoudness: 1
        nequalLoudness: 0
        shortSound: 0
        startTime: 0
    lowlevel:
        compute: 1
        frameSize: 2048
        hopSize: 1024
        zeroPadding: 0
        silentFrames: "noise"
        windowType: "blackmanharris62"
        mfccStats: ["mean", "cov", "icov"]
        stats: ["mean", "var", "median", "min", "max", "dmean", "dmean2", "dvar", "dvar2"]
    panning:
        compute: 0
        frameSize: 8192
        hopSize: 2048
        zeroPadding: 8192
        silentFrames: "noise"
        windowType: "hann"
        stats: ["copy"]
    rhythm:
        compute: 1
        maxTempo: 208
        minTempo: 40
        method: "degara"
        stats: ["mean", "var", "median", "min", "max", "dmean", "dmean2", "dvar", "dvar2"]
    segmentation:
        compute: 0
        cpw: 5
        inc1: 300
        inc2: 50
        minimumSegmentsLength: 10
        size1: 1000
        size2: 600
    sfx:
        compute: 1
        stats: ["mean", "var", "median", "min", "max", "dmean", "dmean2", "dvar", "dvar2"]
    svm:
        compute: 0
    tonal:
        compute: 1
        frameSize: 4096
        hopSize: 2048
        zeroPadding: 0
        silentFrames: "noise"
        windowType: "blackmanharris62"
        stats: ["mean", "var", "median", "min", "max", "dmean", "dmean2", "dvar", "dvar2"]

lowlevel:
    average_loudness: 0.96917361021
    barkbands_kurtosis:
        dmean: 0.875939905643
        dmean2: 1.46827948093
        dvar: 2.86658239365
        dvar2: 7.12444210052
        max: 41.1677627563
        mean: -0.492889344692
        median: -1.13811802864
        min: -1.88864672184
        var: 5.64407587051
    barkbands_skewness:
        dmean: 0.535424947739
        dmean2: 0.859664320946
        dvar: 0.27135437727
        dvar2: 0.701074242592
        max: 6.26139163971
        mean: -0.0705194175243
        median: -0.111077137291
        min: -3.32960057259
        var: 0.766842842102
    barkbands_spread:
        dmean: 7.11940431595
        dmean2: 11.7584962845
        dvar: 44.002746582
        dvar2: 114.487838745
        max: 90.1647186279
        mean: 36.8163528442
        median: 37.3134765625
        min: 2.15150642395
        var: 124.19707489
    dissonance:
        dmean: 0.00952853541821
        dmean2: 0.0164449829608
        dvar: 0.000114547736302
        dvar2: 0.00031545109232
        max: 0.500000119209
        mean: 0.485897481441
        median: 0.489713847637
        min: 0.282252341509
        var: 0.000173860418727
    hfc:
        dmean: 3.43773770332
        dmean2: 5.8830871582
        dvar: 25.6475772858
        dvar2: 71.1088790894
        max: 50.6819534302
        mean: 8.55109214783
        median: 7.89797019958
        min: 1.22709371901e-016
        var: 28.3740406036
    pitch:
        dmean: 930.915222168
        dmean2: 1777.83996582
        dvar: 1745239.75
        dvar2: 4340753.5
        max: 4635.984375
        mean: 2077.61279297
        median: 3235.23999023
        min: 75.6542510986
        var: 2593385.5
    pitch_instantaneous_confidence:
        dmean: 0.0782854408026
        dmean2: 0.132665842772
        dvar: 0.00417746556923
        dvar2: 0.0111437868327
        max: 0.823861241341
        mean: 0.319646060467
        median: 0.305360406637
        min: 0.110613048077
        var: 0.0101387361065
    pitch_salience:
        dmean: 0.078807130456
        dmean2: 0.131693676114
        dvar: 0.00580086978152
        dvar2: 0.0158538538963
        max: 0.855640888214
        mean: 0.661217987537
        median: 0.688046693802
        min: 0.130484089255
        var: 0.0110617103055
    silence_rate_20dB:
        dmean: 0
        dmean2: 0
        dvar: 0
        dvar2: 0
        max: 1
        mean: 1
        median: 1
        min: 1
        var: 0
    silence_rate_30dB:
        dmean: 0
        dmean2: 0
        dvar: 0
        dvar2: 0
        max: 1
        mean: 1
        median: 1
        min: 1
        var: 0
    silence_rate_60dB:
        dmean: 0.0862776264548
        dmean2: 0.172578081489
        dvar: 0.078836210072
        dvar2: 0.163441509008
        max: 1
        mean: 0.17253240943
        median: 0
        min: 0
        var: 0.142768755555
    spectral_centroid:
        dmean: 397.720977783
        dmean2: 650.871887207
        dvar: 154164.21875
        dvar2: 390309.46875
        max: 11339.7919922
        mean: 1839.03222656
        median: 1807.20788574
        min: 193.81980896
        var: 493590.5625
    spectral_complexity:
        dmean: 5.41458272934
        dmean2: 8.78533649445
        dvar: 30.6799221039
        dvar2: 73.9688034058
        max: 46
        mean: 17.2343215942
        median: 18
        min: 0
        var: 80.6359176636
    spectral_crest:
        dmean: 2.27195072174
        dmean2: 3.80879998207
        dvar: 5.07882976532
        dvar2: 12.6848487854
        max: 22.6880893707
        mean: 6.60694885254
        median: 5.57050991058
        min: 2.17772531509
        var: 9.39490222931
    spectral_decrease:
        dmean: 3.85456472296e-010
        dmean2: 6.40199893098e-010
        dvar: 3.45856983709e-019
        dvar2: 9.18302622037e-019
        max: 2.12878829589e-029
        mean: -1.10214692928e-009
        median: -9.94508919661e-010
        min: -5.4566733354e-009
        var: 4.28903823409e-019
    spectral_energy:
        dmean: 0.00169826822821
        dmean2: 0.00281585124321
        dvar: 6.43671273792e-006
        dvar2: 1.7048083464e-005
        max: 0.0237223785371
        mean: 0.00493537448347
        median: 0.00450798869133
        min: 1.10497605424e-020
        var: 8.07911510492e-006
    spectral_energyband_high:
        dmean: 0.000293215678539
        dmean2: 0.000519623281434
        dvar: 2.69378716666e-007
        dvar2: 7.59823706176e-007
        max: 0.00564834009856
        mean: 0.0004649485345
        median: 0.000345427310094
        min: 8.35832808669e-021
        var: 2.20783064719e-007
    spectral_energyband_low:
        dmean: 0.000548563722987
        dmean2: 0.000925135565922
        dvar: 4.36471907506e-007
        dvar2: 1.11538622605e-006
        max: 0.00872766412795
        mean: 0.000829012133181
        median: 0.000528064265382
        min: 4.37411633695e-023
        var: 7.40130587928e-007
    spectral_energyband_middle_high:
        dmean: 0.000782257586252
        dmean2: 0.00129110517446
        dvar: 8.38271830617e-007
        dvar2: 2.21722484639e-006
        max: 0.00974415335804
        mean: 0.00223613949493
        median: 0.00219481950626
        min: 1.41990207055e-021
        var: 1.53897076416e-006
    spectral_energyband_middle_low:
        dmean: 0.000961005396675
        dmean2: 0.00164498912636
        dvar: 3.47855871041e-006
        dvar2: 9.50380490394e-006
        max: 0.0177531242371
        mean: 0.00166662759148
        median: 0.00115161715075
        min: 2.85914342592e-022
        var: 3.37442907039e-006
    spectral_flatness_db:
        dmean: 0.0145286452025
        dmean2: 0.0235676467419
        dvar: 0.000199356989469
        dvar2: 0.000498186913319
        max: 0.308026492596
        mean: 0.121703453362
        median: 0.116907812655
        min: 0.0561036318541
        var: 0.000842959387228
    spectral_flux:
        dmean: 0.00926951132715
        dmean2: 0.0143168717623
        dvar: 0.000144325458677
        dvar2: 0.000285993417492
        max: 0.131741702557
        mean: 0.0446524061263
        median: 0.0425561591983
        min: 1.05117838045e-010
        var: 0.000296539423289
    spectral_kurtosis:
        dmean: 0.681975066662
        dmean2: 1.07748913765
        dvar: 0.508945703506
        dvar2: 1.23218238354
        max: 14.4371919632
        mean: 3.01821351051
        median: 2.8982899189
        min: -1.24089193344
        var: 2.23995423317
    spectral_rms:
        dmean: 0.000343029387295
        dmean2: 0.000554380007088
        dvar: 1.80281730877e-007
        dvar2: 4.53783144394e-007
        max: 0.00481079891324
        mean: 0.00209534866735
        median: 0.00209714984521
        min: 3.28332977126e-012
        var: 4.24513530106e-007
    spectral_rolloff:
        dmean: 489.079040527
        dmean2: 810.358825684
        dvar: 423340.4375
        dvar2: 999950.9375
        max: 18798.4863281
        mean: 3460.16845703
        median: 3552.97851563
        min: 107.666015625
        var: 811675.625
    spectral_skewness:
        dmean: 0.1433070153
        dmean2: 0.226351708174
        dvar: 0.0198394320905
        dvar2: 0.0471576415002
        max: 2.52565336227
        mean: 1.37704086304
        median: 1.40422344208
        min: -0.021476207301
        var: 0.0696462467313
    spectral_spread:
        dmean: 568555.125
        dmean2: 843191.6875
        dvar: 638284857344
        dvar2: 1.09445899878e+012
        max: 41158268
        mean: 5941286
        median: 5659502
        min: 2000187.25
        var: 2.94278817382e+012
    spectral_strongpeak:
        dmean: 0.286560058594
        dmean2: 0.502475321293
        dvar: 0.191827461123
        dvar2: 0.52300876379
        max: 7.74467277527
        mean: 0.355284839869
        median: 0.179375573993
        min: 1.88921389643e-009
        var: 0.198861122131
    zerocrossingrate:
        dmean: 0.0101354056969
        dmean2: 0.0123986341059
        dvar: 0.000107196778117
        dvar2: 0.000139720912557
        max: 0.49169921875
        mean: 0.104659058154
        median: 0.10302734375
        min: 0.01806640625
        var: 0.000811092904769
    barkbands:
        dmean: [4.66380640773e-007, 0.000117668401799, 0.000364491628716, 0.000444030971266, 0.000353984069079, 9.10210874281e-005, 0.000101319914393, 0.00016390599194, 0.000180970469955, 9.65493527474e-005, 7.24644341972e-005, 4.90919919685e-005, 5.05355419591e-005, 5.21033725818e-005, 6.57042328385e-005, 0.000118134070362, 0.000152760301717, 0.000216885353439, 0.000241038578679, 0.000243943504756, 0.000136501461384, 4.65294942842e-005, 9.5589502962e-006, 5.32895319338e-006, 2.93383277494e-006, 1.26350599317e-007, 5.70942071398e-010]
        dmean2: [6.63100991005e-007, 0.000211120204767, 0.000600775121711, 0.000777419831138, 0.000634292257018, 0.00014951635967, 0.00016532932932, 0.000274733174592, 0.00030351683381, 0.000160003866768, 0.000119915443065, 8.12923608464e-005, 8.30974895507e-005, 8.65790207172e-005, 0.000106885403511, 0.000198060428374, 0.000255676481174, 0.000378475757316, 0.000411257264204, 0.000426883372711, 0.000245244096732, 8.26636824058e-005, 1.6227550077e-005, 8.65309175424e-006, 4.59681677967e-006, 1.96049725787e-007, 9.4788166205e-010]
        dvar: [6.02035402867e-013, 2.08544665981e-008, 2.41270640799e-007, 9.62513126979e-007, 7.80407674483e-007, 4.16164951389e-008, 8.15552354538e-008, 1.50190871295e-007, 1.66805435242e-007, 3.02771177019e-008, 2.34646364561e-008, 8.36226288214e-009, 7.9409208098e-009, 7.65236229938e-009, 1.00007362391e-008, 2.32445565018e-008, 2.87462889048e-008, 9.23516623175e-008, 7.90664103079e-008, 1.4945989335e-007, 5.85263215669e-008, 1.00694794725e-008, 3.28793492432e-010, 1.17847620551e-010, 3.03514366418e-011, 5.97274237447e-014, 7.55203388154e-019]
        dvar2: [1.17013343459e-012, 6.24804457061e-008, 5.85918087381e-007, 2.63854713012e-006, 2.25754183703e-006, 9.87312631651e-008, 1.97588676087e-007, 3.86230851745e-007, 4.59014756871e-007, 7.99305794885e-008, 6.46293827344e-008, 2.07096793048e-008, 2.06954720028e-008, 1.98728695722e-008, 2.43848141679e-008, 6.02877463507e-008, 7.36622212116e-008, 2.58644405449e-007, 2.13842284325e-007, 4.21576828558e-007, 1.63959398947e-007, 2.90381994006e-008, 9.30250931841e-010, 2.85083262552e-010, 6.19606449481e-011, 1.27658666515e-013, 1.94156164251e-018]
        max: [1.23839390653e-005, 0.00121903372929, 0.00759344454855, 0.008624734357, 0.00822355505079, 0.00394624844193, 0.005974534899, 0.00757091678679, 0.0109108416364, 0.00365692703053, 0.00289419805631, 0.00176274008118, 0.00122500932775, 0.00192212697584, 0.00289431493729, 0.00411280663684, 0.00271084555425, 0.00304331723601, 0.00452497974038, 0.00459703430533, 0.00251501379535, 0.00145214889199, 0.000275909260381, 0.00018685903342, 9.66508596321e-005, 5.87028489463e-006, 9.94734872251e-009]
        mean: [6.20359969616e-007, 0.000133550231112, 0.00047045116662, 0.000460492417915, 0.000404678517953, 0.00012235637405, 0.000129411870148, 0.000224202129175, 0.000277103012195, 0.000158918628586, 0.000113932408567, 7.73035208113e-005, 8.14886006992e-005, 8.90771480044e-005, 0.000126017985167, 0.000222665214096, 0.000315799785312, 0.000368169072317, 0.000475288194139, 0.000399520184146, 0.000187478173757, 6.21828003204e-005, 1.65804722201e-005, 1.10672472147e-005, 6.72355918141e-006, 2.88149294647e-007, 1.12618570025e-009]
        median: [2.45151113631e-007, 8.49029311212e-005, 0.000239736575168, 0.000205448857741, 0.000199541595066, 5.73579345655e-005, 4.51680098195e-005, 5.81326276006e-005, 0.000129485793877, 7.93525614426e-005, 4.11348664784e-005, 4.17469163949e-005, 4.86428798467e-005, 5.59360378247e-005, 8.92136085895e-005, 0.000179267663043, 0.000277184473816, 0.000313315191306, 0.000419442774728, 0.000315180863254, 0.000127806240926, 3.50842892658e-005, 1.00170364021e-005, 6.35768446955e-006, 4.23634082836e-006, 1.98302714693e-007, 8.22001244849e-010]
        min: [3.59858465667e-024, 1.84874901615e-023, 8.37500017599e-024, 1.63615620868e-023, 5.53262862711e-023, 3.03891908331e-023, 3.82357504436e-023, 2.52163017114e-023, 2.39746157139e-023, 5.11260721119e-023, 5.00658430553e-023, 6.3448189892e-023, 4.42573971013e-023, 8.48024021609e-023, 5.20395383303e-023, 1.76411929249e-022, 1.2926773353e-022, 2.36863249184e-022, 1.72305308703e-022, 2.82523502877e-022, 3.31522922739e-022, 4.87492461952e-022, 5.28996945909e-022, 1.08908788569e-021, 1.2373689972e-021, 1.44617919139e-021, 2.42072770482e-021]
        var: [9.78137492877e-013, 2.11898232294e-008, 3.89846690041e-007, 7.79761705871e-007, 5.78937033424e-007, 5.40020757001e-008, 1.11831973015e-007, 2.70587889872e-007, 2.59594060026e-007, 5.74333078873e-008, 4.31509263876e-008, 1.45694505349e-008, 1.23981287459e-008, 1.39836489055e-008, 2.28157066573e-008, 4.29462261309e-008, 5.40977644903e-008, 9.29859211851e-008, 1.22403193359e-007, 1.40785772373e-007, 4.46369092799e-008, 7.75804309683e-009, 3.81770393076e-010, 2.66935473725e-010, 8.51288275983e-011, 1.30101685718e-013, 1.21390378234e-018]
    frequency_bands:
        dmean: [4.66380640773e-007, 0.000117668401799, 0.000364491628716, 0.000444030971266, 0.000353984069079, 9.10210874281e-005, 0.000101319914393, 0.00016390599194, 0.000180970469955, 9.65493527474e-005, 7.24644341972e-005, 4.90919919685e-005, 5.05355419591e-005, 5.21033725818e-005, 6.57042328385e-005, 0.000118134070362, 0.000152760301717, 0.000216885353439, 0.000241038578679, 0.000243943504756, 0.000136501461384, 4.65294942842e-005, 9.5589502962e-006, 5.32895319338e-006, 2.93383277494e-006, 1.26350599317e-007, 5.70942071398e-010, 5.49920560478e-011]
        dmean2: [6.63100991005e-007, 0.000211120204767, 0.000600775121711, 0.000777419831138, 0.000634292257018, 0.00014951635967, 0.00016532932932, 0.000274733174592, 0.00030351683381, 0.000160003866768, 0.000119915443065, 8.12923608464e-005, 8.30974895507e-005, 8.65790207172e-005, 0.000106885403511, 0.000198060428374, 0.000255676481174, 0.000378475757316, 0.000411257264204, 0.000426883372711, 0.000245244096732, 8.26636824058e-005, 1.6227550077e-005, 8.65309175424e-006, 4.59681677967e-006, 1.96049725787e-007, 9.4788166205e-010, 1.02383032607e-010]
        dvar: [6.02035402867e-013, 2.08544665981e-008, 2.41270640799e-007, 9.62513126979e-007, 7.80407674483e-007, 4.16164951389e-008, 8.15552354538e-008, 1.50190871295e-007, 1.66805435242e-007, 3.02771177019e-008, 2.34646364561e-008, 8.36226288214e-009, 7.9409208098e-009, 7.65236229938e-009, 1.00007362391e-008, 2.32445565018e-008, 2.87462889048e-008, 9.23516623175e-008, 7.90664103079e-008, 1.4945989335e-007, 5.85263215669e-008, 1.00694794725e-008, 3.28793492432e-010, 1.17847620551e-010, 3.03514366418e-011, 5.97274237447e-014, 7.55203388154e-019, 6.2845382273e-021]
        dvar2: [1.17013343459e-012, 6.24804457061e-008, 5.85918087381e-007, 2.63854713012e-006, 2.25754183703e-006, 9.87312631651e-008, 1.97588676087e-007, 3.86230851745e-007, 4.59014756871e-007, 7.99305794885e-008, 6.46293827344e-008, 2.07096793048e-008, 2.06954720028e-008, 1.98728695722e-008, 2.43848141679e-008, 6.02877463507e-008, 7.36622212116e-008, 2.58644405449e-007, 2.13842284325e-007, 4.21576828558e-007, 1.63959398947e-007, 2.90381994006e-008, 9.30250931841e-010, 2.85083262552e-010, 6.19606449481e-011, 1.27658666515e-013, 1.94156164251e-018, 1.97112535548e-020]
        max: [1.23839390653e-005, 0.00121903372929, 0.00759344454855, 0.008624734357, 0.00822355505079, 0.00394624844193, 0.005974534899, 0.00757091678679, 0.0109108416364, 0.00365692703053, 0.00289419805631, 0.00176274008118, 0.00122500932775, 0.00192212697584, 0.00289431493729, 0.00411280663684, 0.00271084555425, 0.00304331723601, 0.00452497974038, 0.00459703430533, 0.00251501379535, 0.00145214889199, 0.000275909260381, 0.00018685903342, 9.66508596321e-005, 5.87028489463e-006, 9.94734872251e-009, 1.08715114688e-009]
        mean: [6.20359969616e-007, 0.000133550231112, 0.00047045116662, 0.000460492417915, 0.000404678517953, 0.00012235637405, 0.000129411870148, 0.000224202129175, 0.000277103012195, 0.000158918628586, 0.000113932408567, 7.73035208113e-005, 8.14886006992e-005, 8.90771480044e-005, 0.000126017985167, 0.000222665214096, 0.000315799785312, 0.000368169072317, 0.000475288194139, 0.000399520184146, 0.000187478173757, 6.21828003204e-005, 1.65804722201e-005, 1.10672472147e-005, 6.72355918141e-006, 2.88149294647e-007, 1.12618570025e-009, 4.25295354489e-011]
        median: [2.45151113631e-007, 8.49029311212e-005, 0.000239736575168, 0.000205448857741, 0.000199541595066, 5.73579345655e-005, 4.51680098195e-005, 5.81326276006e-005, 0.000129485793877, 7.93525614426e-005, 4.11348664784e-005, 4.17469163949e-005, 4.86428798467e-005, 5.59360378247e-005, 8.92136085895e-005, 0.000179267663043, 0.000277184473816, 0.000313315191306, 0.000419442774728, 0.000315180863254, 0.000127806240926, 3.50842892658e-005, 1.00170364021e-005, 6.35768446955e-006, 4.23634082836e-006, 1.98302714693e-007, 8.22001244849e-010, 1.56759900199e-011]
        min: [3.59858465667e-024, 1.84874901615e-023, 8.37500017599e-024, 1.63615620868e-023, 5.53262862711e-023, 3.03891908331e-023, 3.82357504436e-023, 2.52163017114e-023, 2.39746157139e-023, 5.11260721119e-023, 5.00658430553e-023, 6.3448189892e-023, 4.42573971013e-023, 8.48024021609e-023, 5.20395383303e-023, 1.76411929249e-022, 1.2926773353e-022, 2.36863249184e-022, 1.72305308703e-022, 2.82523502877e-022, 3.31522922739e-022, 4.87492461952e-022, 5.28996945909e-022, 1.08908788569e-021, 1.2373689972e-021, 1.44617919139e-021, 2.42072770482e-021, 7.03403414032e-022]
        var: [9.78137492877e-013, 2.11898232294e-008, 3.89846690041e-007, 7.79761705871e-007, 5.78937033424e-007, 5.40020757001e-008, 1.11831973015e-007, 2.70587889872e-007, 2.59594060026e-007, 5.74333078873e-008, 4.31509263876e-008, 1.45694505349e-008, 1.23981287459e-008, 1.39836489055e-008, 2.28157066573e-008, 4.29462261309e-008, 5.40977644903e-008, 9.29859211851e-008, 1.22403193359e-007, 1.40785772373e-007, 4.46369092799e-008, 7.75804309683e-009, 3.81770393076e-010, 2.66935473725e-010, 8.51288275983e-011, 1.30101685718e-013, 1.21390378234e-018, 4.92123835296e-021]
    mfcc:
        mean: [-693.004211426, 83.3585968018, -37.8271446228, 49.4098510742, -4.06404066086, -6.02087545395, 6.27799463272, 2.73899936676, 5.8333106041, 0.305407583714, -3.49014782906, -5.6075797081, -6.23841190338]
        cov: [[6408.59228516, 1095.44787598, -366.790435791, 380.164550781, -182.406768799, -57.8975448608, -3.9770154953, 59.6621017456, 84.7732009888, -12.6875257492, -47.9715156555, -73.7200469971, -113.903488159], [1095.44787598, 707.303161621, -170.6355896, 133.868423462, 10.4713487625, -17.2865314484, 65.8761138916, 48.4443206787, 66.031036377, 12.6767539978, -16.600030899, -7.79742956161, -17.7887191772], [-366.790435791, -170.6355896, 367.729797363, -24.0053844452, 48.1664199829, 87.5813751221, 2.49712347984, 26.03698349, -6.71575784683, -11.8913955688, 7.23582649231, 6.81801986694, 25.9382953644], [380.164550781, 133.868423462, -24.0053844452, 299.62991333, 110.545600891, 35.0653190613, 48.5012207031, -10.546754837, 16.6520118713, 5.41268587112, -38.6659317017, -27.3552494049, -15.9035768509], [-182.406768799, 10.4713487625, 48.1664199829, 110.545600891, 217.88609314, 77.6232376099, 17.4363574982, -35.6847343445, -15.3201322556, 16.6524066925, -9.55433750153, -18.1985397339, -1.33101224899], [-57.8975448608, -17.2865314484, 87.5813751221, 35.0653190613, 77.6232376099, 122.70149231, 32.6831817627, 7.6806845665, -8.16773891449, -5.70939493179, 3.75838470459, -7.80492687225, 5.95351076126], [-3.9770154953, 65.8761138916, 2.49712347984, 48.5012207031, 17.4363574982, 32.6831817627, 119.340385437, 61.2826919556, 29.2380771637, 2.96022033691, -6.18776845932, 4.84371185303, -6.10144805908], [59.6621017456, 48.4443206787, 26.03698349, -10.546754837, -35.6847343445, 7.6806845665, 61.2826919556, 103.126304626, 51.296661377, 9.57563495636, 8.6545381546, 10.3119821548, 4.47103595734], [84.7732009888, 66.031036377, -6.71575784683, 16.6520118713, -15.3201322556, -8.16773891449, 29.2380771637, 51.296661377, 70.9614562988, 29.2950019836, 2.94126772881, 4.89429473877, 0.122500956059], [-12.6875257492, 12.6767539978, -11.8913955688, 5.41268587112, 16.6524066925, -5.70939493179, 2.96022033691, 9.57563495636, 29.2950019836, 62.3080215454, 24.5286560059, 9.18389701843, 4.60408401489], [-47.9715156555, -16.600030899, 7.23582649231, -38.6659317017, -9.55433750153, 3.75838470459, -6.18776845932, 8.6545381546, 2.94126772881, 24.5286560059, 65.4198913574, 30.3297519684, 13.365530014], [-73.7200469971, -7.79742956161, 6.81801986694, -27.3552494049, -18.1985397339, -7.80492687225, 4.84371185303, 10.3119821548, 4.89429473877, 9.18389701843, 30.3297519684, 48.3815460205, 25.3322525024], [-113.903488159, -17.7887191772, 25.9382953644, -15.9035768509, -1.33101224899, 5.95351076126, -6.10144805908, 4.47103595734, 0.122500956059, 4.60408401489, 13.365530014, 25.3322525024, 49.2246780396]]
        icov: [[0.000263190187979, -0.000371143250959, 5.20784269611e-005, -0.000375888979761, 0.000458163500298, -0.000259887485299, 0.000460073293652, -0.000237965068663, 0.000200719965505, -6.61476806272e-005, -7.72806452005e-005, 6.6164022428e-005, 0.00044108388829], [-0.000371143250959, 0.00245714490302, 0.000853550271131, -0.000128750834847, -0.000810314377304, 0.000288312789053, -0.000850227777846, -0.000120278251416, -0.00176062399987, 0.000816195737571, -6.02464278927e-005, -0.00013533513993, -0.000599409453571], [5.20784269611e-005, 0.000853550271131, 0.00412094034255, 5.7886565628e-005, -0.000582446169574, -0.00266166613437, 0.00140452128835, -0.00220627058297, -0.000238736480242, 0.000885987072252, 0.00047357272706, -0.000594396551605, -0.000948126194999], [-0.000375888979761, -0.000128750834847, 5.7886565628e-005, 0.00576100172475, -0.00282231881283, 0.000325402594171, -0.00252425204962, 0.00215619849041, -0.0020697962027, 0.00017566367751, 0.00195907708257, 0.000712006352842, -0.000619572063442], [0.000458163500298, -0.000810314377304, -0.000582446169574, -0.00282231881283, 0.00940389744937, -0.00472031347454, -0.000419925956521, 0.00307768187486, 0.00193209864665, -0.00436753872782, 0.00059916486498, 0.00137430953328, 0.000189753103768], [-0.000259887485299, 0.000288312789053, -0.00266166613437, 0.000325402594171, -0.00472031347454, 0.0148754017428, -0.00448148930445, -8.77838101587e-005, 0.000909745518584, 0.00302038365044, -0.00447768159211, 0.00509437453002, -0.00315445265733], [0.000460073293652, -0.000850227777846, 0.00140452128835, -0.00252425204962, -0.000419925956521, -0.00448148930445, 0.0172529052943, -0.0113649722189, 0.00194248079788, -0.000471183011541, 0.00384115357883, -0.00651100091636, 0.00525015546009], [-0.000237965068663, -0.000120278251416, -0.00220627058297, 0.00215619849041, 0.00307768187486, -8.77838101587e-005, -0.0113649722189, 0.025948703289, -0.0153070986271, 0.00372957601212, -0.00420889258385, 0.00301440455951, -0.00312590226531], [0.000200719965505, -0.00176062399987, -0.000238736480242, -0.0020697962027, 0.00193209864665, 0.000909745518584, 0.00194248079788, -0.0153070986271, 0.0329302810133, -0.0152220726013, 0.00582210347056, -0.00217498699203, 0.00173888891004], [-6.61476806272e-005, 0.000816195737571, 0.000885987072252, 0.00017566367751, -0.00436753872782, 0.00302038365044, -0.000471183011541, 0.00372957601212, -0.0152220726013, 0.0285759046674, -0.0121363066137, 0.00284885987639, -0.00195448310114], [-7.72806452005e-005, -6.02464278927e-005, 0.00047357272706, 0.00195907708257, 0.00059916486498, -0.00447768159211, 0.00384115357883, -0.00420889258385, 0.00582210347056, -0.0121363066137, 0.0293185915798, -0.0177832525223, 0.00391070591286], [6.6164022428e-005, -0.00013533513993, -0.000594396551605, 0.000712006352842, 0.00137430953328, 0.00509437453002, -0.00651100091636, 0.00301440455951, -0.00217498699203, 0.00284885987639, -0.0177832525223, 0.0431847199798, -0.0186688452959], [0.00044108388829, -0.000599409453571, -0.000948126194999, -0.000619572063442, 0.000189753103768, -0.00315445265733, 0.00525015546009, -0.00312590226531, 0.00173888891004, -0.00195448310114, 0.00391070591286, -0.0186688452959, 0.0314639061689]]
    sccoeffs:
        dmean: [0.0640059486032, 0.0499647706747, 0.0377756804228, 0.0269724689424, 0.0191157348454, 0.0192992705852]
        dmean2: [0.106319487095, 0.0834435969591, 0.0636553913355, 0.0455829612911, 0.031944014132, 0.0319333150983]
        dvar: [0.00279135582969, 0.00164972851053, 0.000909116759431, 0.000469830294605, 0.00024064524041, 0.000326214067172]
        dvar2: [0.00739007722586, 0.00447622360662, 0.00254321144894, 0.0012792844791, 0.000654206960462, 0.00085484032752]
        max: [-0.342862814665, -0.460149645805, -0.540659606457, -0.572642147541, -0.647441148758, -0.633078873158]
        mean: [-0.651945114136, -0.778386592865, -0.801595449448, -0.81480294466, -0.810229420662, -0.787138104439]
        median: [-0.652811288834, -0.79143512249, -0.805190324783, -0.818301856518, -0.81123149395, -0.786010026932]
        min: [-0.967347800732, -0.966877937317, -0.969242095947, -0.968801856041, -0.960910618305, -0.959450006485]
        var: [0.006938776467, 0.00537289027125, 0.00269208941609, 0.0014286309015, 0.0007448727265, 0.00095803802833]
    scvalleys:
        dmean: [0.396076768637, 0.393628239632, 0.319947272539, 0.26208370924, 0.272376388311, 0.23315179348]
        dmean2: [0.673551499844, 0.648312985897, 0.515005588531, 0.414600253105, 0.434015542269, 0.349859982729]
        dvar: [0.127502337098, 0.138740107417, 0.106920324266, 0.0879584103823, 0.12170150131, 0.108949154615]
        dvar2: [0.304107099771, 0.317131519318, 0.216459706426, 0.164159759879, 0.246526226401, 0.209175616503]
        max: [-5.39221000671, -4.70739412308, -4.89838457108, -5.65432882309, -5.32523822784, -7.28785896301]
        mean: [-6.9007806778, -6.77238321304, -6.90322875977, -7.06720733643, -6.75089454651, -9.04237270355]
        median: [-6.53332805634, -6.55383396149, -6.69120121002, -6.82396697998, -6.50518846512, -8.88222694397]
        min: [-27.5962257385, -27.3852310181, -27.5309677124, -27.6441020966, -27.4517974854, -27.297121048]
        var: [3.2428252697, 2.08211112022, 2.08837223053, 1.79035174847, 1.61587774754, 1.51744198799]

rhythm:
    beats_loudness:
        dmean: 0.00349789182656
        dmean2: 0.00670050177723
        dvar: 3.9488618313e-006
        dvar2: 1.28773708639e-005
        max: 0.0128649324179
        mean: 0.00686466135085
        median: 0.00681490590796
        min: 1.06439822234e-011
        var: 7.01381623003e-006
    bpm: 110.067398071
    bpm_confidence: 0
    first_peak_bpm: 110
    first_peak_spread: 0.221864938736
    first_peak_weight: 0.756250023842
    onset_rate: 3.85263156891
    second_peak_bpm: 115
    second_peak_spread: 0.444444417953
    second_peak_weight: 0.015625
    beats_loudness_band_ratio:
        dmean: [0.258360654116, 0.0606714598835, 0.107047393918, 0.0435732267797, 0.145590648055, 0.0806625708938]
        dmean2: [0.481519788504, 0.108524851501, 0.195329204202, 0.0771703794599, 0.274508446455, 0.142265319824]
        dvar: [0.0267963055521, 0.00460747163743, 0.0169453062117, 0.00240661855787, 0.0132629144937, 0.00710397958755]
        dvar2: [0.0816079080105, 0.0131813548505, 0.0510587655008, 0.00732255866751, 0.0380942225456, 0.0207084827125]
        max: [0.869556307793, 0.64740562439, 0.772783339024, 0.34897840023, 0.682132124901, 0.852132260799]
        mean: [0.338008910418, 0.0903970748186, 0.123201802373, 0.0687800422311, 0.209553673863, 0.201101765037]
        median: [0.363533616066, 0.0776474699378, 0.0681862458587, 0.0547218993306, 0.17938414216, 0.17509958148]
        min: [0, 0, 0, 0, 0, 0]
        var: [0.0403864011168, 0.00493337307125, 0.0168534591794, 0.00234218407422, 0.0143324062228, 0.0130036538467]
    beats_position: [0.487619042397, 0.99845802784, 1.50929701328, 2.02013611794, 2.53097510338, 3.07664394379, 3.62231278419, 4.1679816246, 4.71365070343, 5.25931978226, 5.80498838425, 6.35065746307, 6.8963265419, 7.44199514389, 7.98766422272, 8.53333282471, 9.07900238037, 9.62467098236, 10.1703395844, 10.71600914, 11.261677742, 11.807346344, 12.3530158997, 12.8986845016, 13.4443531036, 13.9900226593, 14.5356912613, 15.0813598633, 15.6270294189, 16.1726989746, 16.7183666229, 17.2640361786, 17.8097057343, 18.3553733826, 18.9010429382, 19.4467124939, 19.9923801422, 20.5380496979, 21.0837192535, 21.6293869019, 22.1750564575, 22.7091159821, 23.2663936615, 23.8120632172, 24.3577327728, 24.89179039, 25.4490699768, 25.9947395325, 26.5404071808, 27.0744667053, 27.6317462921, 28.1774139404, 28.7230834961, 29.2571430206, 29.8144207001, 30.3600902557, 30.9057598114, 31.4398174286, 31.9970970154, 32.542766571, 33.0884361267, 33.6224937439, 34.1681632996, 34.7138328552, 35.2594985962, 35.8051681519, 36.3392295837, 36.8848991394, 37.4305648804, 37.9878463745, 38.5335159302, 39.0791816711, 39.6248512268, 40.1705207825, 40.7161903381, 41.2618598938, 41.795917511, 42.3531951904, 42.8872566223, 43.4445343018, 43.9785919189, 44.5242614746, 45.0699310303, 45.6156005859, 46.1612701416, 46.7069396973, 47.2526054382, 47.8098869324, 48.3439445496, 48.8896141052, 49.4352836609, 49.9809532166, 50.5266189575, 51.0839004517, 51.6179580688, 52.1752357483, 52.7092971802, 53.2549667358, 53.8006324768, 54.3463020325, 54.8919715881, 55.4376411438, 55.9833106995, 56.5405883789, 57.0862579346, 57.6319274902, 58.1659851074, 58.7116546631, 59.2573242188, 59.8029937744, 60.3486595154, 60.894329071, 61.4399986267, 61.9856681824, 62.531337738, 63.0770072937, 63.6226730347, 64.1683425903, 64.714012146, 65.2596817017, 65.8053512573, 66.351020813, 66.8966903687, 67.4423599243, 67.98802948, 68.5336914063, 69.0793609619, 69.6250305176, 70.1707000732, 70.7163696289, 71.2620391846, 71.8077087402, 72.3533782959, 72.8990478516, 73.4447174072, 73.9903869629, 74.5360565186, 75.0817184448, 75.6273880005, 76.1730575562, 76.7187271118, 77.2643966675, 77.8100662231, 78.3557357788, 78.9014053345, 79.4354629517, 79.9927444458, 80.5500183105, 81.0840835571, 81.6297454834, 82.1754150391, 82.7210845947, 83.2667541504, 83.8008117676, 84.3464813232, 84.8921508789, 85.4378204346, 85.9834899902, 86.5291595459, 87.0748291016, 87.6204986572, 88.1661682129, 88.7234420776, 89.2691116333, 89.814781189, 90.3604507446, 90.9061203003, 91.4401779175, 91.9858474731, 92.5315170288, 93.0771865845, 93.6228561401, 94.1685256958, 94.7141952515, 95.2598648071, 95.8171386719, 96.3628082275, 96.8968658447, 97.4425354004, 97.9882049561, 98.5338745117, 99.0795440674, 99.625213623, 100.170883179, 100.704940796, 101.250610352, 101.796279907, 102.341949463, 102.887619019, 103.444892883, 103.990562439, 104.547843933, 105.08190155, 105.627571106, 106.173240662, 106.718910217, 107.264579773, 107.810249329, 108.355918884, 108.90158844, 109.447257996, 109.992919922, 110.538589478, 111.084259033, 111.629928589, 112.175598145, 112.709655762, 113.255325317, 113.800994873, 114.346664429, 114.892333984, 115.449615479, 115.995285034, 116.54094696, 117.086616516, 117.632286072, 118.177955627, 118.723625183, 119.269294739, 119.814964294, 120.36063385, 120.906303406, 121.451972961, 121.997642517, 122.531700134, 123.07736969, 123.623039246, 124.168708801, 124.714370728, 125.260040283, 125.805709839, 126.351379395, 126.89704895, 127.442718506, 127.988388062, 128.534057617, 129.079727173, 129.625396729, 130.171066284, 130.71673584, 131.262405396, 131.808074951, 132.353744507, 132.899414063, 133.445083618, 133.979141235, 134.524810791, 135.070480347, 135.627746582, 136.185028076, 136.719085693, 137.264755249, 137.810424805, 138.35609436, 138.901763916, 139.45904541, 139.993103027, 140.527160645, 141.084442139, 141.630111694, 142.17578125, 142.721450806, 143.267120361, 143.812789917, 144.358459473, 144.89251709, 145.438186646, 145.983856201, 146.529525757, 147.075195313, 147.632461548, 148.189743042, 148.723800659, 149.257858276, 149.803527832, 150.349197388, 150.894866943, 151.440536499, 151.997817993, 152.53187561, 153.077545166, 153.623214722, 154.168884277, 154.714553833, 155.260223389, 155.805892944, 156.339950562, 156.897232056, 157.442901611, 157.988571167, 158.534240723, 159.079910278, 159.613967896, 160.17124939, 160.705307007, 161.250976563, 161.796646118, 162.342315674, 162.887985229, 163.433654785, 163.979324341, 164.536590576, 165.070648193, 165.616317749, 166.161987305, 166.70765686, 167.253326416, 167.81060791, 168.356277466, 168.901947021, 169.436004639, 169.981674194, 170.52734375, 171.084625244, 171.641906738, 172.199172974, 172.721633911, 173.24407959, 173.766525269, 174.288970947, 174.811431885]
    bpm_estimates: [109.956802368, 109.956802368, 109.956802368, 109.956756592, 109.956756592, 109.956848145, 109.956756592, 109.956756592, 109.956848145, 109.956756592, 109.956848145, 109.95665741, 109.956848145, 109.956848145, 109.95665741, 109.956848145, 109.956848145, 109.95665741, 109.956848145, 109.956848145, 109.95665741, 109.956848145, 109.956848145, 109.95665741, 109.95665741, 109.957038879, 109.95665741, 109.95665741, 109.957038879, 109.95665741, 109.95665741, 109.957038879, 109.95665741, 109.95665741, 109.957038879, 109.95665741, 112.34703064, 107.666252136, 109.95665741, 109.95665741, 112.347427368, 107.665885925, 109.95665741, 109.957038879, 112.34703064, 107.665885925, 109.957038879, 109.95665741, 112.34703064, 107.666252136, 109.95665741, 109.95665741, 112.347427368, 107.665885925, 109.95665741, 109.95665741, 112.347427368, 109.95665741, 109.95665741, 109.957427979, 109.95665741, 112.346626282, 109.95665741, 109.957427979, 107.665519714, 109.95665741, 109.957427979, 109.95665741, 109.95665741, 109.95665741, 109.95665741, 112.347427368, 107.666252136, 112.346626282, 107.666252136, 112.347427368, 109.95665741, 109.95665741, 109.95665741, 109.95665741, 109.95665741, 109.957427979, 107.665519714, 112.347427368, 109.95665741, 109.95665741, 109.95665741, 109.957427979, 107.665519714, 112.347427368, 107.666252136, 112.346626282, 109.95665741, 109.957427979, 109.95665741, 109.95665741, 109.95665741, 109.95665741, 107.666252136, 109.95665741, 109.95665741, 112.347427368, 109.95665741, 109.95665741, 109.95665741, 109.957427979, 109.95665741, 109.95665741, 109.95665741, 109.95665741, 109.95665741, 109.957427979, 109.95665741, 109.95665741, 109.95665741, 109.95665741, 109.95665741, 109.95665741, 109.95665741, 109.95665741, 109.958190918, 109.95665741, 109.95665741, 109.95665741, 109.95665741, 109.95665741, 109.95665741, 109.95665741, 109.95665741, 109.95665741, 109.95665741, 109.95665741, 109.958190918, 109.95665741, 109.95665741, 109.95665741, 109.95665741, 109.95665741, 109.95665741, 109.95665741, 112.347427368, 107.665519714, 107.666992188, 112.345825195, 109.958190918, 109.95665741, 109.95665741, 109.95665741, 112.347427368, 109.95665741, 109.95665741, 109.95665741, 109.95665741, 109.95665741, 109.95665741, 109.95665741, 109.95665741, 107.666992188, 109.95665741, 109.95665741, 109.95665741, 109.95665741, 112.347427368, 109.95665741, 109.95665741, 109.95665741, 109.95665741, 109.95665741, 109.95665741, 109.95665741, 107.666992188, 109.95665741, 112.347427368, 109.95665741, 109.95665741, 109.95665741, 109.95665741, 109.95665741, 109.95665741, 112.347427368, 109.95665741, 109.95665741, 109.95665741, 109.95665741, 107.666992188, 109.95665741, 107.665519714, 112.347427368, 109.95665741, 109.95665741, 109.95665741, 109.95665741, 109.95665741, 109.95665741, 109.95665741, 109.95665741, 109.958190918, 109.95665741, 109.95665741, 109.95665741, 109.95665741, 112.347427368, 109.95665741, 109.95665741, 109.95665741, 109.95665741, 107.665519714, 109.95665741, 109.958190918, 109.95665741, 109.95665741, 109.95665741, 109.95665741, 109.95665741, 109.95665741, 109.95665741, 109.95665741, 109.95665741, 109.95665741, 112.347427368, 109.95665741, 109.95665741, 109.95665741, 109.958190918, 109.95665741, 109.95665741, 109.95665741, 109.95665741, 109.95665741, 109.95665741, 109.95665741, 109.95665741, 109.95665741, 109.95665741, 109.95665741, 109.95665741, 109.95665741, 109.95665741, 109.95665741, 109.95665741, 112.347427368, 109.95665741, 109.95665741, 107.668464661, 107.665519714, 112.347427368, 109.95665741, 109.95665741, 109.95665741, 109.95665741, 107.665519714, 112.347427368, 112.347427368, 107.665519714, 109.95665741, 109.95665741, 109.95665741, 109.95665741, 109.95665741, 109.95665741, 112.347427368, 109.95665741, 109.95665741, 109.95665741, 109.95665741, 107.668464661, 107.665519714, 112.347427368, 112.347427368, 109.95665741, 109.95665741, 109.95665741, 109.95665741, 107.665519714, 112.347427368, 109.95665741, 109.95665741, 109.95665741, 109.95665741, 109.95665741, 109.95665741, 112.347427368, 107.665519714, 109.95665741, 109.95665741, 109.95665741, 109.95665741, 112.347427368, 107.665519714, 112.347427368, 109.95665741, 109.95665741, 109.95665741, 109.95665741, 109.95665741, 109.95665741, 107.668464661, 112.347427368, 109.95665741, 109.95665741, 109.95665741, 109.95665741, 107.665519714, 109.95665741, 109.95665741, 112.347427368, 109.95665741, 109.95665741, 107.665519714, 107.665519714, 107.668464661, 114.841117859, 114.844474792, 114.844474792, 114.844474792, 114.841117859]
