
metadata:
    version:
        essentia: "2.1-beta2"
    audio_properties:
        analysis_sample_rate: 44100
        bitrate: 224
        channels: 2
        equal_loudness: 1
        length: 220.160003662
        replay_gain: -14.2749080658
        downmix: "mix"
    tags:
        album: "The Way Of The Fist (UK Import)"
        artist: "Five Finger Death Punch"
        comment: "."
        date: "2009"
        genre: "Metal"
        title: "A Place To Die"
        tracknumber: "5"

configuration:
    average_loudness:
        compute: 1
        frameSize: 88200
        hopSize: 44100
        silentFrames: "noise"
        windowType: "hann"
    general:
        analysisSampleRate: 44100
        endTime: 2000
        equalLoudness: 1
        nequalLoudness: 0
        shortSound: 0
        startTime: 0
    lowlevel:
        compute: 1
        frameSize: 2048
        hopSize: 1024
        zeroPadding: 0
        silentFrames: "noise"
        windowType: "blackmanharris62"
        mfccStats: ["mean", "cov", "icov"]
        stats: ["mean", "var", "median", "min", "max", "dmean", "dmean2", "dvar", "dvar2"]
    panning:
        compute: 0
        frameSize: 8192
        hopSize: 2048
        zeroPadding: 8192
        silentFrames: "noise"
        windowType: "hann"
        stats: ["copy"]
    rhythm:
        compute: 1
        maxTempo: 208
        minTempo: 40
        method: "degara"
        stats: ["mean", "var", "median", "min", "max", "dmean", "dmean2", "dvar", "dvar2"]
    segmentation:
        compute: 0
        cpw: 5
        inc1: 300
        inc2: 50
        minimumSegmentsLength: 10
        size1: 1000
        size2: 600
    sfx:
        compute: 1
        stats: ["mean", "var", "median", "min", "max", "dmean", "dmean2", "dvar", "dvar2"]
    svm:
        compute: 0
    tonal:
        compute: 1
        frameSize: 4096
        hopSize: 2048
        zeroPadding: 0
        silentFrames: "noise"
        windowType: "blackmanharris62"
        stats: ["mean", "var", "median", "min", "max", "dmean", "dmean2", "dvar", "dvar2"]

lowlevel:
    average_loudness: 0.901497662067
    barkbands_kurtosis:
        dmean: 0.749626398087
        dmean2: 1.22962987423
        dvar: 3.4714615345
        dvar2: 7.1865401268
        max: 54.3938102722
        mean: -0.829342663288
        median: -1.28972601891
        min: -1.9274315834
        var: 4.8524928093
    barkbands_skewness:
        dmean: 0.492237865925
        dmean2: 0.778790235519
        dvar: 0.203084543347
        dvar2: 0.45245039463
        max: 7.17133569717
        mean: -0.0814445316792
        median: -0.167931094766
        min: -2.38867497444
        var: 0.651834070683
    barkbands_spread:
        dmean: 6.84423542023
        dmean2: 10.9292087555
        dvar: 35.7122802734
        dvar2: 86.2536087036
        max: 70.57396698
        mean: 37.7021369934
        median: 37.7972373962
        min: 3.16077446938
        var: 89.9725265503
    dissonance:
        dmean: 0.0100830113515
        dmean2: 0.0171186216176
        dvar: 8.25056486065e-005
        dvar2: 0.000225286290515
        max: 0.500000059605
        mean: 0.482707589865
        median: 0.485317379236
        min: 0.372671335936
        var: 0.000140336996992
    hfc:
        dmean: 2.67946743965
        dmean2: 4.39162540436
        dvar: 6.87824058533
        dvar2: 17.7554779053
        max: 35.3305130005
        mean: 10.0221395493
        median: 9.41225719452
        min: 1.12761221399e-016
        var: 23.8672714233
    pitch:
        dmean: 973.240905762
        dmean2: 1864.31958008
        dvar: 1719605.125
        dvar2: 3952228.25
        max: 4458.06152344
        mean: 1582.55200195
        median: 458.736114502
        min: 73.0761489868
        var: 2284442.75
    pitch_instantaneous_confidence:
        dmean: 0.0805019512773
        dmean2: 0.130969882011
        dvar: 0.00466636568308
        dvar2: 0.0109447492287
        max: 0.911364734173
        mean: 0.36579066515
        median: 0.342246711254
        min: 0.125242710114
        var: 0.0156523752958
    pitch_salience:
        dmean: 0.0726260468364
        dmean2: 0.118931531906
        dvar: 0.00386404409073
        dvar2: 0.00979220867157
        max: 0.899516284466
        mean: 0.643053531647
        median: 0.663190662861
        min: 0.152498602867
        var: 0.0101420143619
    silence_rate_20dB:
        dmean: 0
        dmean2: 0
        dvar: 0
        dvar2: 0
        max: 1
        mean: 1
        median: 1
        min: 1
        var: 0
    silence_rate_30dB:
        dmean: 0
        dmean2: 0
        dvar: 0
        dvar2: 0
        max: 1
        mean: 1
        median: 1
        min: 1
        var: 0
    silence_rate_60dB:
        dmean: 0.0645433440804
        dmean2: 0.129100307822
        dvar: 0.0603811107576
        dvar2: 0.147252947092
        max: 1
        mean: 0.0985974892974
        median: 0
        min: 0
        var: 0.0888738259673
    spectral_centroid:
        dmean: 353.884887695
        dmean2: 577.945129395
        dvar: 100441.515625
        dvar2: 240766.421875
        max: 10552.6044922
        mean: 1793.39428711
        median: 1840.75671387
        min: 152.876998901
        var: 278425.125
    spectral_complexity:
        dmean: 4.42206287384
        dmean2: 6.9336566925
        dvar: 15.1225805283
        dvar2: 35.2537269592
        max: 46
        mean: 19.0621109009
        median: 19
        min: 0
        var: 64.6479492188
    spectral_crest:
        dmean: 2.1422264576
        dmean2: 3.53555750847
        dvar: 4.66706418991
        dvar2: 11.0543556213
        max: 23.8020553589
        mean: 6.54655885696
        median: 5.6531791687
        min: 2.39217758179
        var: 9.06466388702
    spectral_decrease:
        dmean: 3.08923914227e-010
        dmean2: 5.02003327796e-010
        dvar: 1.12155571024e-019
        dvar2: 2.79171698978e-019
        max: -2.7484058503e-029
        mean: -1.24470755924e-009
        median: -1.18541443328e-009
        min: -3.89397403211e-009
        var: 2.64650853517e-019
    spectral_energy:
        dmean: 0.0013242821442
        dmean2: 0.00214921520092
        dvar: 1.96735527425e-006
        dvar2: 4.88859086545e-006
        max: 0.0170029737055
        mean: 0.00560685619712
        median: 0.0053408225067
        min: 1.04910985895e-020
        var: 5.15034207638e-006
    spectral_energyband_high:
        dmean: 0.000235665997025
        dmean2: 0.000410719658248
        dvar: 8.00811079671e-008
        dvar2: 2.22927255322e-007
        max: 0.00364139443263
        mean: 0.000486637232825
        median: 0.000422425684519
        min: 7.84640587731e-021
        var: 1.20222892974e-007
    spectral_energyband_low:
        dmean: 0.000478211150039
        dmean2: 0.000805325980764
        dvar: 2.54825096135e-007
        dvar2: 6.54982500237e-007
        max: 0.00569924060255
        mean: 0.000735569163226
        median: 0.000527362455614
        min: 3.21245049643e-023
        var: 4.30768466231e-007
    spectral_energyband_middle_high:
        dmean: 0.000683487043716
        dmean2: 0.00107209535781
        dvar: 3.87629626175e-007
        dvar2: 9.52415120992e-007
        max: 0.0105049191043
        mean: 0.00264883763157
        median: 0.00245513138361
        min: 1.46667170249e-021
        var: 2.05519972951e-006
    spectral_energyband_middle_low:
        dmean: 0.000928322668187
        dmean2: 0.00150428828783
        dvar: 1.33943933633e-006
        dvar2: 3.30443390339e-006
        max: 0.0107018901035
        mean: 0.00201752968132
        median: 0.00164048187435
        min: 2.36128762883e-022
        var: 2.22817016038e-006
    spectral_flatness_db:
        dmean: 0.0152847990394
        dmean2: 0.024443294853
        dvar: 0.000192208142835
        dvar2: 0.000433614477515
        max: 0.330800533295
        mean: 0.132225349545
        median: 0.127631172538
        min: 0.0531884096563
        var: 0.000801758782472
    spectral_flux:
        dmean: 0.00813881400973
        dmean2: 0.0126455686986
        dvar: 5.76760066906e-005
        dvar2: 0.000126187223941
        max: 0.0987283140421
        mean: 0.0467169173062
        median: 0.0462035015225
        min: 1.06375644404e-010
        var: 0.000171476101968
    spectral_kurtosis:
        dmean: 0.916910946369
        dmean2: 1.50379419327
        dvar: 1.18876314163
        dvar2: 3.41889333725
        max: 22.8447418213
        mean: 3.14662122726
        median: 2.78775382042
        min: -1.22403359413
        var: 3.49137306213
    spectral_rms:
        dmean: 0.000271097262157
        dmean2: 0.000434589805081
        dvar: 6.63469776896e-008
        dvar2: 1.61080507155e-007
        max: 0.0040728696622
        mean: 0.00228541926481
        median: 0.00228266464546
        min: 3.19925271171e-012
        var: 2.46943159254e-007
    spectral_rolloff:
        dmean: 413.490692139
        dmean2: 687.968383789
        dvar: 251833.34375
        dvar2: 524398.1875
        max: 19143.0175781
        mean: 3358.27929688
        median: 3445.3125
        min: 107.666015625
        var: 521677.25
    spectral_skewness:
        dmean: 0.149863854051
        dmean2: 0.240115568042
        dvar: 0.0203118771315
        dvar2: 0.0513962246478
        max: 2.92928242683
        mean: 1.28347921371
        median: 1.25719511509
        min: 0.024279596284
        var: 0.0794222801924
    spectral_spread:
        dmean: 614520.0625
        dmean2: 896819.75
        dvar: 697931595776
        dvar2: 1.25567316787e+012
        max: 41414912
        mean: 5259071
        median: 5097655.5
        min: 1545210.375
        var: 2.52046160691e+012
    spectral_strongpeak:
        dmean: 0.472422987223
        dmean2: 0.831854581833
        dvar: 0.514941453934
        dvar2: 1.29956507683
        max: 8.8685426712
        mean: 0.579978764057
        median: 0.27785217762
        min: 1.16527509864e-009
        var: 0.654177546501
    zerocrossingrate:
        dmean: 0.00951926968992
        dmean2: 0.0113975377753
        dvar: 6.86890634825e-005
        dvar2: 8.84572873474e-005
        max: 0.48681640625
        mean: 0.102604404092
        median: 0.10498046875
        min: 0.01123046875
        var: 0.000467003352242
    barkbands:
        dmean: [5.58645353976e-007, 0.000159076938871, 0.000289096817141, 0.000396393908886, 0.000401840283303, 0.000165259232745, 0.000208385376027, 0.000125832128106, 0.000136829243274, 6.07521433267e-005, 4.01570832764e-005, 4.01500219596e-005, 4.24858772021e-005, 6.31946677458e-005, 8.65806068759e-005, 0.00012343779963, 0.000231742131291, 0.000305790541461, 0.000210342244827, 0.000175620079972, 9.29773959797e-005, 4.88056357426e-005, 9.46913951339e-006, 5.72302451474e-006, 3.04891773339e-006, 8.50477235304e-008, 9.33716659546e-010]
        dmean2: [1.00068348274e-006, 0.000271974888165, 0.000511690450367, 0.000615853816271, 0.000700875476468, 0.000274767022347, 0.000341078412021, 0.000208266428672, 0.000214742845856, 9.75961811491e-005, 6.59959914628e-005, 6.66002815706e-005, 6.86883577146e-005, 0.000100942503195, 0.000141248572618, 0.000204083364224, 0.000378955126507, 0.000502747658174, 0.000346573127899, 0.000294338242384, 0.000162155803991, 8.55206235428e-005, 1.57137601491e-005, 9.09640311875e-006, 4.84505198983e-006, 1.30568025725e-007, 1.41919953567e-009]
        dvar: [6.44803925965e-013, 3.17964499175e-008, 1.3847048308e-007, 3.42996287372e-007, 6.15841258877e-007, 6.89606807214e-008, 1.21397349062e-007, 4.93861023187e-008, 3.81682916384e-008, 1.12063318625e-008, 6.14795148124e-009, 6.16610007498e-009, 7.05429714642e-009, 1.00428128036e-008, 1.62846998109e-008, 2.48875444697e-008, 6.8574209422e-008, 1.06778593079e-007, 4.45760051093e-008, 3.34134142577e-008, 1.36850157872e-008, 3.48395134964e-009, 1.70867556215e-010, 1.05128288019e-010, 6.46015116401e-011, 6.52038373381e-014, 3.03256261924e-018]
        dvar2: [1.87673466177e-012, 8.30791933026e-008, 3.72582775299e-007, 6.37265259229e-007, 1.68799851963e-006, 1.72280337551e-007, 3.09434994961e-007, 1.22361882404e-007, 8.98131844451e-008, 2.7774573752e-008, 1.58460942146e-008, 1.55089487919e-008, 1.7733894353e-008, 2.44125430982e-008, 4.05360012223e-008, 6.54889191765e-008, 1.77555889991e-007, 2.75249618653e-007, 1.22182029827e-007, 8.99447414326e-008, 3.89137042589e-008, 9.46162792559e-009, 4.38497599342e-010, 2.15097245571e-010, 1.55621834863e-010, 1.67723880574e-013, 6.54246428662e-018]
        max: [5.89083856539e-006, 0.00142801448237, 0.00423674471676, 0.00873347464949, 0.00766551773995, 0.00416877912357, 0.00616666441783, 0.00366808148101, 0.00388833554462, 0.00240366067737, 0.00135428155772, 0.00114066794049, 0.00179361272603, 0.00208581006154, 0.00281554087996, 0.0026043576654, 0.00367409945466, 0.00560433929786, 0.00315715512261, 0.00289443600923, 0.00131254992448, 0.000571638287511, 0.000168428989127, 0.000266469578492, 0.000162871117936, 9.96885955828e-006, 4.9615426434e-008]
        mean: [5.18249805737e-007, 0.000174298154889, 0.000308146351017, 0.000562278844882, 0.000455285218777, 0.000231658181292, 0.000308311340632, 0.000168444210431, 0.000251854769886, 0.000103210943053, 6.25896791462e-005, 6.22599618509e-005, 6.59351862851e-005, 0.000114843576739, 0.000160835887073, 0.00023850267462, 0.000488983816467, 0.000678292883094, 0.000501503120176, 0.000376082287403, 0.000176682791789, 8.09783086879e-005, 1.97703502636e-005, 1.03309803308e-005, 5.11461030328e-006, 1.39708461688e-007, 1.46353384967e-009]
        median: [2.62803268924e-007, 0.000105230450572, 0.000156147056259, 0.00022264404106, 0.000245126080699, 0.00011158768757, 0.000140153177199, 7.78505709604e-005, 0.000128225030494, 4.86508070026e-005, 2.75841248367e-005, 2.44278817263e-005, 2.75487327599e-005, 6.11614304944e-005, 0.000105414452264, 0.000179473048775, 0.000381702993764, 0.000548465526663, 0.000433860812336, 0.000336731842253, 0.000144317615195, 5.86781497987e-005, 1.29746458697e-005, 5.35788558409e-006, 2.77645949609e-006, 7.83953097994e-008, 5.91805882078e-010]
        min: [3.16968689896e-024, 6.44696693121e-024, 2.00878499134e-024, 1.11579129118e-024, 3.12776406944e-023, 3.35250707035e-023, 2.20284138192e-023, 6.7854407188e-023, 1.80492148198e-023, 3.54761856239e-023, 4.80248421679e-023, 9.23345281254e-023, 8.3310729298e-023, 1.02333169705e-022, 8.86279294782e-023, 1.14201840771e-022, 6.88834478399e-023, 1.41227382346e-022, 2.07291340337e-022, 3.50985143635e-022, 6.13170651172e-022, 4.47327198755e-022, 6.84047064581e-022, 8.22823273079e-022, 1.2440901426e-021, 1.48792424637e-021, 2.21317423547e-021]
        var: [5.01130224557e-013, 3.46698598719e-008, 1.70070464378e-007, 8.7495425305e-007, 5.11579060003e-007, 1.16033277209e-007, 1.88271414459e-007, 6.53935003925e-008, 9.99680835889e-008, 2.52750940177e-008, 1.10909370576e-008, 1.14852189981e-008, 1.15924008171e-008, 2.18664979457e-008, 3.45239961064e-008, 4.66144172151e-008, 1.58564603225e-007, 2.81234861177e-007, 1.17136977451e-007, 6.71357298643e-008, 1.99419574187e-008, 5.535846892e-009, 4.20056350814e-010, 2.97310148722e-010, 1.08149739164e-010, 6.26832502462e-014, 5.23701818365e-018]
    frequency_bands:
        dmean: [5.58645353976e-007, 0.000159076938871, 0.000289096817141, 0.000396393908886, 0.000401840283303, 0.000165259232745, 0.000208385376027, 0.000125832128106, 0.000136829243274, 6.07521433267e-005, 4.01570832764e-005, 4.01500219596e-005, 4.24858772021e-005, 6.31946677458e-005, 8.65806068759e-005, 0.00012343779963, 0.000231742131291, 0.000305790541461, 0.000210342244827, 0.000175620079972, 9.29773959797e-005, 4.88056357426e-005, 9.46913951339e-006, 5.72302451474e-006, 3.04891773339e-006, 8.50477235304e-008, 9.33716659546e-010, 6.63091248576e-011]
        dmean2: [1.00068348274e-006, 0.000271974888165, 0.000511690450367, 0.000615853816271, 0.000700875476468, 0.000274767022347, 0.000341078412021, 0.000208266428672, 0.000214742845856, 9.75961811491e-005, 6.59959914628e-005, 6.66002815706e-005, 6.86883577146e-005, 0.000100942503195, 0.000141248572618, 0.000204083364224, 0.000378955126507, 0.000502747658174, 0.000346573127899, 0.000294338242384, 0.000162155803991, 8.55206235428e-005, 1.57137601491e-005, 9.09640311875e-006, 4.84505198983e-006, 1.30568025725e-007, 1.41919953567e-009, 1.23076757119e-010]
        dvar: [6.44803925965e-013, 3.17964499175e-008, 1.3847048308e-007, 3.42996287372e-007, 6.15841258877e-007, 6.89606807214e-008, 1.21397349062e-007, 4.93861023187e-008, 3.81682916384e-008, 1.12063318625e-008, 6.14795148124e-009, 6.16610007498e-009, 7.05429714642e-009, 1.00428128036e-008, 1.62846998109e-008, 2.48875444697e-008, 6.8574209422e-008, 1.06778593079e-007, 4.45760051093e-008, 3.34134142577e-008, 1.36850157872e-008, 3.48395134964e-009, 1.70867556215e-010, 1.05128288019e-010, 6.46015116401e-011, 6.52038373381e-014, 3.03256261924e-018, 7.52417944683e-021]
        dvar2: [1.87673466177e-012, 8.30791933026e-008, 3.72582775299e-007, 6.37265259229e-007, 1.68799851963e-006, 1.72280337551e-007, 3.09434994961e-007, 1.22361882404e-007, 8.98131844451e-008, 2.7774573752e-008, 1.58460942146e-008, 1.55089487919e-008, 1.7733894353e-008, 2.44125430982e-008, 4.05360012223e-008, 6.54889191765e-008, 1.77555889991e-007, 2.75249618653e-007, 1.22182029827e-007, 8.99447414326e-008, 3.89137042589e-008, 9.46162792559e-009, 4.38497599342e-010, 2.15097245571e-010, 1.55621834863e-010, 1.67723880574e-013, 6.54246428662e-018, 2.39568226722e-020]
        max: [5.89083856539e-006, 0.00142801448237, 0.00423674471676, 0.00873347464949, 0.00766551773995, 0.00416877912357, 0.00616666441783, 0.00366808148101, 0.00388833554462, 0.00240366067737, 0.00135428155772, 0.00114066794049, 0.00179361272603, 0.00208581006154, 0.00281554087996, 0.0026043576654, 0.00367409945466, 0.00560433929786, 0.00315715512261, 0.00289443600923, 0.00131254992448, 0.000571638287511, 0.000168428989127, 0.000266469578492, 0.000162871117936, 9.96885955828e-006, 4.9615426434e-008, 8.65849003606e-010]
        mean: [5.18249805737e-007, 0.000174298154889, 0.000308146351017, 0.000562278844882, 0.000455285218777, 0.000231658181292, 0.000308311340632, 0.000168444210431, 0.000251854769886, 0.000103210943053, 6.25896791462e-005, 6.22599618509e-005, 6.59351862851e-005, 0.000114843576739, 0.000160835887073, 0.00023850267462, 0.000488983816467, 0.000678292883094, 0.000501503120176, 0.000376082287403, 0.000176682791789, 8.09783086879e-005, 1.97703502636e-005, 1.03309803308e-005, 5.11461030328e-006, 1.39708461688e-007, 1.46353384967e-009, 5.22085187582e-011]
        median: [2.62803268924e-007, 0.000105230450572, 0.000156147056259, 0.00022264404106, 0.000245126080699, 0.00011158768757, 0.000140153177199, 7.78505709604e-005, 0.000128225030494, 4.86508070026e-005, 2.75841248367e-005, 2.44278817263e-005, 2.75487327599e-005, 6.11614304944e-005, 0.000105414452264, 0.000179473048775, 0.000381702993764, 0.000548465526663, 0.000433860812336, 0.000336731842253, 0.000144317615195, 5.86781497987e-005, 1.29746458697e-005, 5.35788558409e-006, 2.77645949609e-006, 7.83953097994e-008, 5.91805882078e-010, 2.23592654808e-011]
        min: [3.16968689896e-024, 6.44696693121e-024, 2.00878499134e-024, 1.11579129118e-024, 3.12776406944e-023, 3.35250707035e-023, 2.20284138192e-023, 6.7854407188e-023, 1.80492148198e-023, 3.54761856239e-023, 4.80248421679e-023, 9.23345281254e-023, 8.3310729298e-023, 1.02333169705e-022, 8.86279294782e-023, 1.14201840771e-022, 6.88834478399e-023, 1.41227382346e-022, 2.07291340337e-022, 3.50985143635e-022, 6.13170651172e-022, 4.47327198755e-022, 6.84047064581e-022, 8.22823273079e-022, 1.2440901426e-021, 1.48792424637e-021, 2.21317423547e-021, 7.09061402123e-022]
        var: [5.01130224557e-013, 3.46698598719e-008, 1.70070464378e-007, 8.7495425305e-007, 5.11579060003e-007, 1.16033277209e-007, 1.88271414459e-007, 6.53935003925e-008, 9.99680835889e-008, 2.52750940177e-008, 1.10909370576e-008, 1.14852189981e-008, 1.15924008171e-008, 2.18664979457e-008, 3.45239961064e-008, 4.66144172151e-008, 1.58564603225e-007, 2.81234861177e-007, 1.17136977451e-007, 6.71357298643e-008, 1.99419574187e-008, 5.535846892e-009, 4.20056350814e-010, 2.97310148722e-010, 1.08149739164e-010, 6.26832502462e-014, 5.23701818365e-018, 6.22161191623e-021]
    mfcc:
        mean: [-681.674804688, 90.3398895264, -39.2232627869, 61.2233543396, -3.22653985023, -10.6164188385, -5.29754829407, 0.165915101767, 3.91890215874, -1.31340277195, 0.0591039322317, -4.12384700775, -6.61091661453]
        cov: [[2429.94506836, -7.08178472519, -79.6691589355, 69.240020752, -155.778152466, 33.3812332153, -35.4790077209, 22.4233016968, -34.7273139954, -13.1854000092, 42.2184066772, 57.7503509521, 41.1471099854], [-7.08178472519, 546.730041504, -246.513656616, 89.1458053589, -26.6017246246, -96.8384780884, 22.1949062347, -38.8279151917, 49.3642082214, -8.20226192474, 13.0447273254, -33.0344848633, -39.9693489075], [-79.6691589355, -246.513656616, 470.550720215, -62.7037353516, 65.2568206787, 121.092941284, -23.2135238647, 41.7748336792, -59.5598182678, 6.15010690689, -7.38309335709, 14.3330392838, 12.558924675], [69.240020752, 89.1458053589, -62.7037353516, 246.330703735, 62.0211257935, -39.6574134827, -8.1175775528, -19.6858196259, 43.8619842529, 3.85803437233, -27.6677150726, -6.88388395309, 15.7414703369], [-155.778152466, -26.6017246246, 65.2568206787, 62.0211257935, 178.10697937, 24.3693084717, 0.201238915324, -11.4736623764, 9.2590265274, 34.2444839478, -15.4406833649, -13.7303237915, -11.3710012436], [33.3812332153, -96.8384780884, 121.092941284, -39.6574134827, 24.3693084717, 161.441757202, 19.8992881775, 35.4033279419, -33.4052505493, 4.93644475937, 21.082239151, 3.83030843735, 2.6849322319], [-35.4790077209, 22.1949062347, -23.2135238647, -8.1175775528, 0.201238915324, 19.8992881775, 115.272186279, 46.7071762085, 29.057434082, -5.60018777847, 2.30200982094, -3.95778751373, -11.1641216278], [22.4233016968, -38.8279151917, 41.7748336792, -19.6858196259, -11.4736623764, 35.4033279419, 46.7071762085, 107.777740479, 21.0650215149, -1.27038061619, -4.4927816391, 3.47877550125, 10.840174675], [-34.7273139954, 49.3642082214, -59.5598182678, 43.8619842529, 9.2590265274, -33.4052505493, 29.057434082, 21.0650215149, 86.0202865601, 23.0023536682, 1.72490179539, -10.1599235535, -2.87812519073], [-13.1854000092, -8.20226192474, 6.15010690689, 3.85803437233, 34.2444839478, 4.93644475937, -5.60018777847, -1.27038061619, 23.0023536682, 92.3087921143, 39.305606842, 18.575674057, -8.36269855499], [42.2184066772, 13.0447273254, -7.38309335709, -27.6677150726, -15.4406833649, 21.082239151, 2.30200982094, -4.4927816391, 1.72490179539, 39.305606842, 87.8541488647, 35.8006896973, 3.41649031639], [57.7503509521, -33.0344848633, 14.3330392838, -6.88388395309, -13.7303237915, 3.83030843735, -3.95778751373, 3.47877550125, -10.1599235535, 18.575674057, 35.8006896973, 78.4966812134, 36.7344055176], [41.1471099854, -39.9693489075, 12.558924675, 15.7414703369, -11.3710012436, 2.6849322319, -11.1641216278, 10.840174675, -2.87812519073, -8.36269855499, 3.41649031639, 36.7344055176, 71.3045196533]]
        icov: [[0.000474471831694, 5.01080794493e-005, 0.000107796178781, -0.000367069122149, 0.00050302350428, -0.000215461201151, 0.00018303397519, -0.00020464467525, 0.000272309000138, -5.70339580008e-005, -0.000120763317682, -0.000194117834326, 7.45309735066e-005], [5.01080794493e-005, 0.00278652366251, 0.000982782337815, -0.000906988279894, 0.000208596917219, 0.000777945271693, -0.000365974905435, 0.000192628591321, -0.000105091326986, 0.00068509648554, -0.00142716208939, 0.000743765383959, 0.00123889173847], [0.000107796178781, 0.000982782337815, 0.00357907940634, 0.000274805322988, -0.00109769578557, -0.00151579687372, 0.00108628475573, -0.00133915629704, 0.00124389596749, 3.35458571499e-005, 0.000412079389207, -0.000494112668093, 0.00034228048753], [-0.000367069122149, -0.000906988279894, 0.000274805322988, 0.00622155983001, -0.0025717751123, 4.17837327404e-005, 0.000624163192697, 0.0011452062754, -0.00309167383239, 0.000407488580095, 0.00205145310611, -0.000533587299287, -0.00210696016438], [0.00050302350428, 0.000208596917219, -0.00109769578557, -0.0025717751123, 0.00878306198865, -0.00155387597624, -0.000907385372557, 0.00169625564013, 0.000131279724883, -0.00405498733744, 0.00231248605996, 0.000799696834292, 0.00065389322117], [-0.000215461201151, 0.000777945271693, -0.00151579687372, 4.17837327404e-005, -0.00155387597624, 0.0103595685214, -0.0021991727408, -0.00273480312899, 0.00438548764214, 3.21784027619e-005, -0.00420618010685, 0.00287385750562, -0.000846500799526], [0.00018303397519, -0.000365974905435, 0.00108628475573, 0.000624163192697, -0.000907385372557, -0.0021991727408, 0.0128855593503, -0.00487764272839, -0.00416338676587, 0.0030695151072, -0.000457470770925, -0.00228915782645, 0.00345042301342], [-0.00020464467525, 0.000192628591321, -0.00133915629704, 0.0011452062754, 0.00169625564013, -0.00273480312899, -0.00487764272839, 0.0146550042555, -0.00490429904312, -0.000677249510773, 0.00282829185016, -0.000438140297774, -0.00259622302838], [0.000272309000138, -0.000105091326986, 0.00124389596749, -0.00309167383239, 0.000131279724883, 0.00438548764214, -0.00416338676587, -0.00490429904312, 0.0207343883812, -0.00615223776549, -0.00178699404933, 0.0050624278374, -0.00221012486145], [-5.70339580008e-005, 0.00068509648554, 3.35458571499e-005, 0.000407488580095, -0.00405498733744, 3.21784027619e-005, 0.0030695151072, -0.000677249510773, -0.00615223776549, 0.0184973850846, -0.007430634927, -0.00413300096989, 0.00466308929026], [-0.000120763317682, -0.00142716208939, 0.000412079389207, 0.00205145310611, 0.00231248605996, -0.00420618010685, -0.000457470770925, 0.00282829185016, -0.00178699404933, -0.007430634927, 0.0206285770983, -0.00836341176182, 0.00114641524851], [-0.000194117834326, 0.000743765383959, -0.000494112668093, -0.000533587299287, 0.000799696834292, 0.00287385750562, -0.00228915782645, -0.000438140297774, 0.0050624278374, -0.00413300096989, -0.00836341176182, 0.0241369139403, -0.0118531603366], [7.45309735066e-005, 0.00123889173847, 0.00034228048753, -0.00210696016438, 0.00065389322117, -0.000846500799526, 0.00345042301342, -0.00259622302838, -0.00221012486145, 0.00466308929026, 0.00114641524851, -0.0118531603366, 0.0226609576494]]
    sccoeffs:
        dmean: [0.0682594254613, 0.0523086749017, 0.0401085242629, 0.031970333308, 0.022127347067, 0.0199953746051]
        dmean2: [0.112890347838, 0.0864890888333, 0.0659423321486, 0.0525820702314, 0.0365157686174, 0.0317590162158]
        dvar: [0.00292279361747, 0.00173020036891, 0.000994870672002, 0.000638009398244, 0.000306710629957, 0.000322267733281]
        dvar2: [0.00800855085254, 0.00470970151946, 0.00265420298092, 0.00164770171978, 0.000800002075266, 0.000773479870986]
        max: [-0.360080689192, -0.458250164986, -0.56327354908, -0.54713511467, -0.629885017872, -0.54007422924]
        mean: [-0.649689137936, -0.748278141022, -0.775274693966, -0.774834871292, -0.789654493332, -0.757019937038]
        median: [-0.654983699322, -0.753504037857, -0.780278563499, -0.778618216515, -0.794078886509, -0.757918655872]
        min: [-0.958796203136, -0.967942595482, -0.961765885353, -0.963461697102, -0.958526313305, -0.960526883602]
        var: [0.00580275245011, 0.00440487219021, 0.00336145609617, 0.00196388014592, 0.0010545727564, 0.00142056145705]
    scvalleys:
        dmean: [0.399034321308, 0.381296098232, 0.33798417449, 0.272869259119, 0.25908306241, 0.312668412924]
        dmean2: [0.668743550777, 0.628256440163, 0.549341380596, 0.427281916142, 0.394835948944, 0.485794007778]
        dvar: [0.108680002391, 0.12312053889, 0.089978531003, 0.0649978145957, 0.0696569532156, 0.110589496791]
        dvar2: [0.270337045193, 0.285137593746, 0.202161744237, 0.123644791543, 0.119229339063, 0.228446021676]
        max: [-5.35135316849, -4.38151884079, -5.27774620056, -5.73792695999, -5.65537834167, -7.54716300964]
        mean: [-6.5839138031, -6.46383190155, -7.06941843033, -7.16034841537, -6.62270975113, -9.19734477997]
        median: [-6.48565626144, -6.42350006104, -7.04344654083, -7.09689569473, -6.45821428299, -9.03645133972]
        min: [-27.0692367554, -27.4035930634, -27.3192977905, -27.1720867157, -27.3186950684, -27.272901535]
        var: [0.707603335381, 0.739071726799, 0.727785587311, 0.628385961056, 0.736789762974, 1.09969604015]

rhythm:
    beats_loudness:
        dmean: 0.00207628146745
        dmean2: 0.00379587430507
        dvar: 1.95547318071e-006
        dvar2: 6.33383160675e-006
        max: 0.0126809440553
        mean: 0.00686374679208
        median: 0.00697318417951
        min: 2.18443236832e-008
        var: 4.82517771161e-006
    bpm: 92.1676025391
    bpm_confidence: 0
    first_peak_bpm: 92
    first_peak_spread: 0.218562915921
    first_peak_weight: 0.776785731316
    onset_rate: 3.0069038868
    second_peak_bpm: 86
    second_peak_spread: 0
    second_peak_weight: 0.00297619053163
    beats_loudness_band_ratio:
        dmean: [0.10124720633, 0.170634314418, 0.0843842551112, 0.0385825932026, 0.107146784663, 0.0580190196633]
        dmean2: [0.180418938398, 0.322747766972, 0.151458024979, 0.0684226825833, 0.193101018667, 0.0981282144785]
        dvar: [0.011552779004, 0.0162942763418, 0.00474298046902, 0.00137880176771, 0.00783775001764, 0.0028093685396]
        dvar2: [0.0362198203802, 0.0550861991942, 0.0140640148893, 0.00389278260991, 0.0226774271578, 0.00784378033131]
        max: [0.880326986313, 0.659583330154, 0.41605079174, 0.26861307025, 0.730403542519, 0.44273135066]
        mean: [0.192570626736, 0.226104870439, 0.127750843763, 0.059988848865, 0.265794932842, 0.181935936213]
        median: [0.172687709332, 0.243285357952, 0.1077555269, 0.0490271151066, 0.249587506056, 0.177317902446]
        min: [0.00213550264016, 0.00643580406904, 0.0143392160535, 0.00515662971884, 0.0297130048275, 0.0164008755237]
        var: [0.0110306106508, 0.0246457383037, 0.00552852544934, 0.00154124933761, 0.0115314926952, 0.00389204360545]
    beats_position: [0.615328788757, 1.24226760864, 1.86920630932, 2.49614500999, 3.11147379875, 3.73841261864, 4.3653512001, 5.00390005112, 5.64244890213, 6.29260778427, 6.9543762207, 7.60453510284, 8.24308395386, 8.893242836, 9.54340076447, 10.1935596466, 10.8437185287, 11.4822673798, 12.1208162308, 12.7709751129, 13.4211339951, 14.0712919235, 14.7214508057, 15.3716096878, 16.0217685699, 16.6719264984, 17.3220863342, 17.9722442627, 18.6224040985, 19.272562027, 19.9227199554, 20.5612697601, 21.1998176575, 21.8499774933, 22.5001354218, 23.1502952576, 23.800453186, 24.4506111145, 25.1007709503, 25.7509288788, 26.4010887146, 27.0512466431, 27.7014045715, 28.3515644073, 28.9901123047, 29.6402721405, 30.2788200378, 30.9289798737, 31.5791378021, 32.2292976379, 32.8794555664, 33.5296134949, 34.1797714233, 34.8299331665, 35.480091095, 36.1302490234, 36.7804069519, 37.4305648804, 38.0807266235, 38.730884552, 39.3810424805, 40.0312004089, 40.6697502136, 41.3083000183, 41.9584579468, 42.6086158752, 43.2587738037, 43.9089317322, 44.5590934753, 45.2092514038, 45.8594093323, 46.5095672607, 47.1597251892, 47.8098869324, 48.4600448608, 49.1102027893, 49.7603607178, 50.4105224609, 51.0490684509, 51.6876182556, 52.3377761841, 52.9879341125, 53.6380958557, 54.2882537842, 54.9384117126, 55.5885696411, 56.2387275696, 56.8888893127, 57.5390472412, 58.1892051697, 58.8393630981, 59.4895210266, 60.1280708313, 60.7782287598, 61.4167785645, 62.0669364929, 62.7170982361, 63.3672561646, 64.0174102783, 64.6675720215, 65.3177337646, 65.9678878784, 66.6180496216, 67.2682037354, 67.9415893555, 68.6265716553, 69.3115615845, 69.9965515137, 70.6699295044, 71.3433074951, 72.0166854858, 72.701675415, 73.3982772827, 74.060043335, 74.7218093872, 75.3719711304, 76.0221328735, 76.6722869873, 77.3224487305, 77.9726028442, 78.6227645874, 79.2729263306, 79.9230804443, 80.5732421875, 81.2117919922, 81.861946106, 82.5004959106, 83.1506576538, 83.8008117676, 84.4509735107, 85.1011352539, 85.7512893677, 86.4014511108, 87.0516052246, 87.7017669678, 88.3519287109, 89.0020828247, 89.6522445679, 90.3023986816, 90.9525604248, 91.5911102295, 92.2296600342, 92.8798141479, 93.5299758911, 94.1801376343, 94.830291748, 95.4804534912, 96.130607605, 96.7807693481, 97.4309310913, 98.0810852051, 98.7196350098, 99.3697967529, 100.008346558, 100.658500671, 101.308662415, 101.958816528, 102.608978271, 103.259140015, 103.909294128, 104.559455872, 105.209609985, 105.859771729, 106.509933472, 107.160087585, 107.810249329, 108.460403442, 109.110565186, 109.74911499, 110.387664795, 111.037818909, 111.687980652, 112.338134766, 112.988296509, 113.638458252, 114.288612366, 114.938774109, 115.588935852, 116.239089966, 116.889251709, 117.539405823, 118.189567566, 118.839729309, 119.489883423, 120.140045166, 120.778594971, 121.417137146, 122.067298889, 122.717460632, 123.367614746, 124.017776489, 124.667930603, 125.318092346, 125.968254089, 126.618408203, 127.268569946, 127.91872406, 128.568893433, 129.219039917, 129.86920166, 130.519363403, 131.169525146, 131.81968689, 132.469833374, 133.108383179, 133.746932983, 134.397094727, 135.04725647, 135.697418213, 136.347564697, 136.99772644, 137.647888184, 138.298049927, 138.94821167, 139.598358154, 140.236907959, 140.875457764, 141.525619507, 142.17578125, 142.825942993, 143.476104736, 144.149475098, 144.822860718, 145.496231079, 146.181228638, 146.866210938, 147.539596558, 148.212966919, 148.886352539, 149.5597229, 150.244720459, 150.91809082, 151.579864502, 152.230026245, 152.880172729, 153.530334473, 154.180496216, 154.830657959, 155.480819702, 156.119369507, 156.78112793, 157.431289673, 158.081451416, 158.731613159, 159.381759644, 160.031921387, 160.670471191, 161.320632935, 161.959182739, 162.609344482, 163.259490967, 163.90965271, 164.559814453, 165.209976196, 165.860137939, 166.510284424, 167.160446167, 167.81060791, 168.460769653, 169.110931396, 169.761077881, 170.399627686, 171.03817749, 171.688339233, 172.338500977, 172.98866272, 173.638824463, 174.300582886, 174.973968506, 175.658950806, 176.332336426, 177.017318726, 177.679092407, 178.352462769, 179.025848389, 179.69921875, 180.384216309, 181.069198608, 181.73097229, 182.392745972, 183.042892456, 183.693054199, 184.343215942, 184.993377686, 185.643539429, 186.293685913, 186.943847656, 187.594009399, 188.244171143, 188.894332886, 189.53288269, 190.171432495, 190.821578979, 191.471740723, 192.121902466, 192.772064209, 193.422225952, 194.072372437, 194.72253418, 195.372695923, 196.022857666, 196.673019409, 197.323165894, 197.973327637, 198.62348938, 199.273651123, 199.912200928, 200.550750732, 201.200897217, 201.85105896, 202.501220703, 203.151382446, 203.801544189, 204.451690674, 205.101852417, 205.75201416, 206.402175903, 207.052337646, 207.702484131, 208.352645874, 209.002807617, 209.65296936, 210.291519165, 210.93006897, 211.580215454, 212.230377197, 212.88053894, 213.530700684, 214.180862427, 214.831008911, 215.481170654, 216.131332397, 216.781494141, 217.431655884, 218.081817627, 218.74357605, 219.405349731]
