
metadata:
    version:
        essentia: "2.1-beta2"
    audio_properties:
        analysis_sample_rate: 44100
        bitrate: 224
        channels: 2
        equal_loudness: 1
        length: 224.182861328
        replay_gain: -14.6404762268
        downmix: "mix"
    tags:
        album: "The Way Of The Fist (UK Import)"
        artist: "Five Finger Death Punch"
        comment: "."
        date: "2009"
        genre: "Metal"
        title: "Ashes"
        tracknumber: "1"

configuration:
    average_loudness:
        compute: 1
        frameSize: 88200
        hopSize: 44100
        silentFrames: "noise"
        windowType: "hann"
    general:
        analysisSampleRate: 44100
        endTime: 2000
        equalLoudness: 1
        nequalLoudness: 0
        shortSound: 0
        startTime: 0
    lowlevel:
        compute: 1
        frameSize: 2048
        hopSize: 1024
        zeroPadding: 0
        silentFrames: "noise"
        windowType: "blackmanharris62"
        mfccStats: ["mean", "cov", "icov"]
        stats: ["mean", "var", "median", "min", "max", "dmean", "dmean2", "dvar", "dvar2"]
    panning:
        compute: 0
        frameSize: 8192
        hopSize: 2048
        zeroPadding: 8192
        silentFrames: "noise"
        windowType: "hann"
        stats: ["copy"]
    rhythm:
        compute: 1
        maxTempo: 208
        minTempo: 40
        method: "degara"
        stats: ["mean", "var", "median", "min", "max", "dmean", "dmean2", "dvar", "dvar2"]
    segmentation:
        compute: 0
        cpw: 5
        inc1: 300
        inc2: 50
        minimumSegmentsLength: 10
        size1: 1000
        size2: 600
    sfx:
        compute: 1
        stats: ["mean", "var", "median", "min", "max", "dmean", "dmean2", "dvar", "dvar2"]
    svm:
        compute: 0
    tonal:
        compute: 1
        frameSize: 4096
        hopSize: 2048
        zeroPadding: 0
        silentFrames: "noise"
        windowType: "blackmanharris62"
        stats: ["mean", "var", "median", "min", "max", "dmean", "dmean2", "dvar", "dvar2"]

lowlevel:
    average_loudness: 0.929156839848
    barkbands_kurtosis:
        dmean: 0.929868757725
        dmean2: 1.52284491062
        dvar: 4.09329414368
        dvar2: 8.85685062408
        max: 47.6888618469
        mean: -0.552974641323
        median: -1.23551189899
        min: -1.92393708229
        var: 7.89281272888
    barkbands_skewness:
        dmean: 0.530223548412
        dmean2: 0.855783522129
        dvar: 0.2414970994
        dvar2: 0.59634333849
        max: 6.28369998932
        mean: 0.103194713593
        median: 0.038577336818
        min: -3.47653198242
        var: 0.843394756317
    barkbands_spread:
        dmean: 7.21173620224
        dmean2: 11.7634897232
        dvar: 41.6953926086
        dvar2: 108.446769714
        max: 77.5942382813
        mean: 36.8890151978
        median: 36.8981361389
        min: 1.59142124653
        var: 119.310935974
    dissonance:
        dmean: 0.011781389825
        dmean2: 0.0200140830129
        dvar: 0.000128032275825
        dvar2: 0.000351547292667
        max: 0.500000059605
        mean: 0.479969084263
        median: 0.48336327076
        min: 0.29431656003
        var: 0.000223251510761
    hfc:
        dmean: 2.70948028564
        dmean2: 4.55439472198
        dvar: 7.81860113144
        dvar2: 20.2387542725
        max: 37.6676673889
        mean: 9.09695053101
        median: 8.64720535278
        min: 1.10640052375e-016
        var: 26.8965358734
    pitch:
        dmean: 954.277587891
        dmean2: 1825.30041504
        dvar: 1769160.875
        dvar2: 4255700.5
        max: 5093.71728516
        mean: 1599.87255859
        median: 536.450805664
        min: 61.8077201843
        var: 2400146.75
    pitch_instantaneous_confidence:
        dmean: 0.0823201313615
        dmean2: 0.136597082019
        dvar: 0.00472587626427
        dvar2: 0.0121914409101
        max: 0.886626362801
        mean: 0.360122263432
        median: 0.340088546276
        min: 0.124511957169
        var: 0.0152981784195
    pitch_salience:
        dmean: 0.0790720432997
        dmean2: 0.135163351893
        dvar: 0.00480738840997
        dvar2: 0.0138520579785
        max: 0.929538547993
        mean: 0.640230774879
        median: 0.650515198708
        min: 0.154168054461
        var: 0.00866385921836
    silence_rate_20dB:
        dmean: 0
        dmean2: 0
        dvar: 0
        dvar2: 0
        max: 1
        mean: 1
        median: 1
        min: 1
        var: 0
    silence_rate_30dB:
        dmean: 0
        dmean2: 0
        dvar: 0
        dvar2: 0
        max: 1
        mean: 1
        median: 1
        min: 1
        var: 0
    silence_rate_60dB:
        dmean: 0.0812014490366
        dmean2: 0.162419721484
        dvar: 0.074605487287
        dvar2: 0.175391077995
        max: 1
        mean: 0.182166531682
        median: 0
        min: 0
        var: 0.148990854621
    spectral_centroid:
        dmean: 389.735290527
        dmean2: 651.277404785
        dvar: 128445.875
        dvar2: 322556.65625
        max: 11047.1269531
        mean: 1734.08508301
        median: 1727.15698242
        min: 165.020965576
        var: 361376.21875
    spectral_complexity:
        dmean: 4.25706911087
        dmean2: 6.86119747162
        dvar: 14.6402511597
        dvar2: 34.6727867126
        max: 41
        mean: 16.341135025
        median: 17
        min: 0
        var: 66.109046936
    spectral_crest:
        dmean: 2.42660284042
        dmean2: 4.15536689758
        dvar: 6.01724338531
        dvar2: 16.6569271088
        max: 22.6445465088
        mean: 6.88747024536
        median: 6.00077104568
        min: 2.16695952415
        var: 9.61293792725
    spectral_decrease:
        dmean: 3.26158600128e-010
        dmean2: 5.26214016805e-010
        dvar: 1.37101154025e-019
        dvar2: 3.40137908653e-019
        max: -3.34098966775e-030
        mean: -1.17825882384e-009
        median: -1.1236924724e-009
        min: -3.89724785776e-009
        var: 3.56311977965e-019
    spectral_energy:
        dmean: 0.00139702833258
        dmean2: 0.00224421150051
        dvar: 2.32272554967e-006
        dvar2: 5.70063048144e-006
        max: 0.0157744642347
        mean: 0.00527213979512
        median: 0.00506262294948
        min: 1.05922496921e-020
        var: 6.88493219059e-006
    spectral_energyband_high:
        dmean: 0.000262227462372
        dmean2: 0.000465507357148
        dvar: 1.01503367489e-007
        dvar2: 2.75091082358e-007
        max: 0.00306463660672
        mean: 0.000494970183354
        median: 0.000399862648919
        min: 7.22145234527e-021
        var: 1.52269549858e-007
    spectral_energyband_low:
        dmean: 0.000447108584922
        dmean2: 0.000769268954173
        dvar: 2.36331928249e-007
        dvar2: 6.2481109353e-007
        max: 0.00393942603841
        mean: 0.000595831836108
        median: 0.000412659428548
        min: 7.59785637956e-023
        var: 3.07419298906e-007
    spectral_energyband_middle_high:
        dmean: 0.000629581161775
        dmean2: 0.00100961106364
        dvar: 4.13034484836e-007
        dvar2: 1.02114006495e-006
        max: 0.0115936826915
        mean: 0.00228076265194
        median: 0.00207963818684
        min: 1.6649813881e-021
        var: 2.23067286242e-006
    spectral_energyband_middle_low:
        dmean: 0.000968295091297
        dmean2: 0.00157939118799
        dvar: 1.74410467935e-006
        dvar2: 4.47147840532e-006
        max: 0.0131528666243
        mean: 0.00207814294845
        median: 0.00165473623201
        min: 2.60586959798e-022
        var: 2.77744356936e-006
    spectral_flatness_db:
        dmean: 0.0169173199683
        dmean2: 0.0280941650271
        dvar: 0.00023887444695
        dvar2: 0.000606027257163
        max: 0.383869737387
        mean: 0.13504947722
        median: 0.129199281335
        min: 0.0487768128514
        var: 0.00115958135575
    spectral_flux:
        dmean: 0.00880587939173
        dmean2: 0.0135274985805
        dvar: 7.62227646192e-005
        dvar2: 0.000163210905157
        max: 0.108902312815
        mean: 0.0450302176178
        median: 0.0448586121202
        min: 1.02918652767e-010
        var: 0.000248177384492
    spectral_kurtosis:
        dmean: 0.894114196301
        dmean2: 1.4810333252
        dvar: 1.34276247025
        dvar2: 3.48229694366
        max: 55.1451148987
        mean: 2.73957228661
        median: 2.36562347412
        min: -1.1997410059
        var: 4.37400579453
    spectral_rms:
        dmean: 0.000291572563583
        dmean2: 0.00046175569878
        dvar: 8.25796675485e-008
        dvar2: 1.96346405801e-007
        max: 0.00392297375947
        mean: 0.00217009778135
        median: 0.00222241855226
        min: 3.21463862474e-012
        var: 4.34232191537e-007
    spectral_rolloff:
        dmean: 531.085632324
        dmean2: 903.950378418
        dvar: 430924.375
        dvar2: 1045838.125
        max: 18647.7539063
        mean: 3327.87646484
        median: 3423.77929688
        min: 129.19921875
        var: 837848
    spectral_skewness:
        dmean: 0.160414993763
        dmean2: 0.263656765223
        dvar: 0.0270512960851
        dvar2: 0.0665190592408
        max: 5.9455780983
        mean: 1.22474622726
        median: 1.18237113953
        min: -0.276834309101
        var: 0.132539778948
    spectral_spread:
        dmean: 636822.25
        dmean2: 959674.5625
        dvar: 641443037184
        dvar2: 1.1181522944e+012
        max: 41794480
        mean: 5471797
        median: 5237066
        min: 1523100.25
        var: 2.83895844045e+012
    spectral_strongpeak:
        dmean: 0.496354550123
        dmean2: 0.855930626392
        dvar: 0.715449333191
        dvar2: 1.79530823231
        max: 10.317363739
        mean: 0.689795613289
        median: 0.268793344498
        min: 0
        var: 1.31586360931
    zerocrossingrate:
        dmean: 0.00976147782058
        dmean2: 0.0123805645853
        dvar: 8.64532339619e-005
        dvar2: 0.000117891562695
        max: 0.4697265625
        mean: 0.100152924657
        median: 0.1005859375
        min: 0.01025390625
        var: 0.000621298211627
    barkbands:
        dmean: [4.20995576178e-007, 0.000159793140483, 0.000295810605166, 0.000216043699766, 0.00056324689649, 0.000193728017621, 0.000176123037818, 0.000161046511494, 0.000174375541974, 8.65728434292e-005, 3.86486281059e-005, 4.14033456764e-005, 4.61843010271e-005, 6.42977465759e-005, 7.81861235737e-005, 9.44353669183e-005, 0.000195811036974, 0.000263382127741, 0.000193173545995, 0.000171644001966, 0.000105819475721, 6.36195909465e-005, 1.19846836242e-005, 5.4288220781e-006, 2.55740883404e-006, 7.68207542023e-008, 7.47886919061e-010]
        dmean2: [7.37215657409e-007, 0.000272656528978, 0.000527947442606, 0.000359777419362, 0.000965437560808, 0.000327774585458, 0.000285148213152, 0.000270819873549, 0.000270491233096, 0.000138526418596, 6.35676988168e-005, 6.82289901306e-005, 7.37411974114e-005, 0.000104154241853, 0.000128390514874, 0.000156755602802, 0.000314773176797, 0.000436327885836, 0.000321470404742, 0.000294248777209, 0.000187889236258, 0.000111697241664, 2.06706517929e-005, 8.92640764505e-006, 4.13414545619e-006, 1.21042376122e-007, 1.17822651635e-009]
        dvar: [5.1416228046e-013, 3.7599146907e-008, 1.22661617752e-007, 8.08020388376e-008, 1.29601926346e-006, 1.20192368058e-007, 1.07289515938e-007, 8.19329954993e-008, 1.08875596538e-007, 2.3396745874e-008, 5.10643127782e-009, 7.56241291811e-009, 1.20064838072e-008, 2.29715535482e-008, 3.75321747015e-008, 2.08772643617e-008, 7.30647471414e-008, 1.44296706139e-007, 6.5047380815e-008, 4.1769759207e-008, 2.04778469737e-008, 6.54685905488e-009, 3.08281983274e-010, 8.43100866899e-011, 3.62827198841e-011, 4.75646370977e-014, 1.71846058815e-018]
        dvar2: [1.50581869023e-012, 9.75989564722e-008, 3.27324073623e-007, 1.94479312654e-007, 3.49423748958e-006, 3.12601912356e-007, 2.58630024064e-007, 2.12452192727e-007, 2.60099085381e-007, 5.31300763384e-008, 1.25438583964e-008, 1.89780688942e-008, 2.97546360883e-008, 5.86214632392e-008, 1.03622937786e-007, 5.4201450439e-008, 1.80263398875e-007, 3.33822839593e-007, 1.62535286563e-007, 1.09566798301e-007, 5.78712686661e-008, 1.73814331816e-008, 8.28061508251e-010, 1.78225115222e-010, 7.95493323991e-011, 1.14623778134e-013, 3.79382789712e-018]
        max: [7.16596105121e-006, 0.00146452884655, 0.00291015394032, 0.00439418992028, 0.00992708932608, 0.00606633117422, 0.00620695762336, 0.00512533867732, 0.00592757575214, 0.00380492559634, 0.00124512473121, 0.00168258626945, 0.00213410751894, 0.00293173803948, 0.00573190115392, 0.00272820494138, 0.0052628214471, 0.00946207344532, 0.0060877786018, 0.00442760996521, 0.00160684867296, 0.00107577373274, 0.00021374275093, 0.000189878541278, 0.000185580400284, 1.0072853911e-005, 2.31084964497e-008]
        mean: [4.13535587995e-007, 0.000160012263223, 0.000302632717649, 0.000308568618493, 0.000637934193946, 0.000264305155724, 0.000258896325249, 0.000221793918172, 0.000308197748382, 0.000162331474712, 5.84740337217e-005, 5.9127160057e-005, 6.69075889164e-005, 9.98304676614e-005, 0.000136987800943, 0.000180374321644, 0.000408520369092, 0.0005515490775, 0.000428760802606, 0.000339317688486, 0.00018325522251, 9.89744439721e-005, 2.16087428271e-005, 9.02675583347e-006, 4.22034599978e-006, 1.2750768974e-007, 1.13264120305e-009]
        median: [1.88099662068e-007, 8.17681575427e-005, 0.000160362775205, 0.000174622735358, 0.000301705120364, 0.000129043590277, 0.000101289704617, 9.5628631243e-005, 0.000104125298094, 7.5020660006e-005, 2.57842657447e-005, 2.2848478693e-005, 1.9762373995e-005, 3.40877813869e-005, 6.72258029226e-005, 0.000130961008836, 0.00028842134634, 0.000418951152824, 0.000352681847289, 0.000288539682515, 0.000138824543683, 7.33063061489e-005, 1.46201919051e-005, 4.74995567856e-006, 2.36351343119e-006, 5.88495225884e-008, 4.74703165665e-010]
        min: [3.3078661417e-024, 1.66648791049e-023, 4.57675734856e-023, 1.93837197691e-023, 4.55300600888e-023, 2.89750409091e-023, 3.62650086638e-023, 3.22179628934e-023, 3.47751154711e-023, 1.68970471801e-023, 1.24600693576e-022, 6.94514718678e-023, 4.94814896066e-023, 1.82872169948e-022, 8.55216476689e-023, 1.06426966528e-022, 1.32906061e-022, 2.07055540346e-022, 2.48416060343e-022, 4.18915029034e-022, 3.5542954811e-022, 5.32697801649e-022, 4.99279533245e-022, 7.29487118796e-022, 1.07030264629e-021, 1.46680286797e-021, 2.26137002695e-021]
        var: [4.39850440142e-013, 3.71623976037e-008, 1.32310290724e-007, 1.70908009522e-007, 1.11385168111e-006, 1.71531638671e-007, 1.87325881029e-007, 1.26921989363e-007, 2.87377645236e-007, 6.81135290392e-008, 9.51780521063e-009, 1.22240599865e-008, 2.14475814886e-008, 3.97369070981e-008, 8.29265758284e-008, 3.84520362218e-008, 2.02131090532e-007, 3.69996541849e-007, 1.61650774544e-007, 7.93871066662e-008, 2.70399684865e-008, 9.00112162583e-009, 5.20815279792e-010, 1.91896831758e-010, 5.67885946601e-011, 6.23829533495e-014, 3.43846883122e-018]
    frequency_bands:
        dmean: [4.20995576178e-007, 0.000159793140483, 0.000295810605166, 0.000216043699766, 0.00056324689649, 0.000193728017621, 0.000176123037818, 0.000161046511494, 0.000174375541974, 8.65728434292e-005, 3.86486281059e-005, 4.14033456764e-005, 4.61843010271e-005, 6.42977465759e-005, 7.81861235737e-005, 9.44353669183e-005, 0.000195811036974, 0.000263382127741, 0.000193173545995, 0.000171644001966, 0.000105819475721, 6.36195909465e-005, 1.19846836242e-005, 5.4288220781e-006, 2.55740883404e-006, 7.68207542023e-008, 7.47886919061e-010, 5.88377402355e-011]
        dmean2: [7.37215657409e-007, 0.000272656528978, 0.000527947442606, 0.000359777419362, 0.000965437560808, 0.000327774585458, 0.000285148213152, 0.000270819873549, 0.000270491233096, 0.000138526418596, 6.35676988168e-005, 6.82289901306e-005, 7.37411974114e-005, 0.000104154241853, 0.000128390514874, 0.000156755602802, 0.000314773176797, 0.000436327885836, 0.000321470404742, 0.000294248777209, 0.000187889236258, 0.000111697241664, 2.06706517929e-005, 8.92640764505e-006, 4.13414545619e-006, 1.21042376122e-007, 1.17822651635e-009, 1.09252100422e-010]
        dvar: [5.1416228046e-013, 3.7599146907e-008, 1.22661617752e-007, 8.08020388376e-008, 1.29601926346e-006, 1.20192368058e-007, 1.07289515938e-007, 8.19329954993e-008, 1.08875596538e-007, 2.3396745874e-008, 5.10643127782e-009, 7.56241291811e-009, 1.20064838072e-008, 2.29715535482e-008, 3.75321747015e-008, 2.08772643617e-008, 7.30647471414e-008, 1.44296706139e-007, 6.5047380815e-008, 4.1769759207e-008, 2.04778469737e-008, 6.54685905488e-009, 3.08281983274e-010, 8.43100866899e-011, 3.62827198841e-011, 4.75646370977e-014, 1.71846058815e-018, 6.54447084907e-021]
        dvar2: [1.50581869023e-012, 9.75989564722e-008, 3.27324073623e-007, 1.94479312654e-007, 3.49423748958e-006, 3.12601912356e-007, 2.58630024064e-007, 2.12452192727e-007, 2.60099085381e-007, 5.31300763384e-008, 1.25438583964e-008, 1.89780688942e-008, 2.97546360883e-008, 5.86214632392e-008, 1.03622937786e-007, 5.4201450439e-008, 1.80263398875e-007, 3.33822839593e-007, 1.62535286563e-007, 1.09566798301e-007, 5.78712686661e-008, 1.73814331816e-008, 8.28061508251e-010, 1.78225115222e-010, 7.95493323991e-011, 1.14623778134e-013, 3.79382789712e-018, 2.10251750279e-020]
        max: [7.16596105121e-006, 0.00146452884655, 0.00291015394032, 0.00439418992028, 0.00992708932608, 0.00606633117422, 0.00620695762336, 0.00512533867732, 0.00592757575214, 0.00380492559634, 0.00124512473121, 0.00168258626945, 0.00213410751894, 0.00293173803948, 0.00573190115392, 0.00272820494138, 0.0052628214471, 0.00946207344532, 0.0060877786018, 0.00442760996521, 0.00160684867296, 0.00107577373274, 0.00021374275093, 0.000189878541278, 0.000185580400284, 1.0072853911e-005, 2.31084964497e-008, 8.05790212333e-010]
        mean: [4.13535587995e-007, 0.000160012263223, 0.000302632717649, 0.000308568618493, 0.000637934193946, 0.000264305155724, 0.000258896325249, 0.000221793918172, 0.000308197748382, 0.000162331474712, 5.84740337217e-005, 5.9127160057e-005, 6.69075889164e-005, 9.98304676614e-005, 0.000136987800943, 0.000180374321644, 0.000408520369092, 0.0005515490775, 0.000428760802606, 0.000339317688486, 0.00018325522251, 9.89744439721e-005, 2.16087428271e-005, 9.02675583347e-006, 4.22034599978e-006, 1.2750768974e-007, 1.13264120305e-009, 4.58309536155e-011]
        median: [1.88099662068e-007, 8.17681575427e-005, 0.000160362775205, 0.000174622735358, 0.000301705120364, 0.000129043590277, 0.000101289704617, 9.5628631243e-005, 0.000104125298094, 7.5020660006e-005, 2.57842657447e-005, 2.2848478693e-005, 1.9762373995e-005, 3.40877813869e-005, 6.72258029226e-005, 0.000130961008836, 0.00028842134634, 0.000418951152824, 0.000352681847289, 0.000288539682515, 0.000138824543683, 7.33063061489e-005, 1.46201919051e-005, 4.74995567856e-006, 2.36351343119e-006, 5.88495225884e-008, 4.74703165665e-010, 1.81110820785e-011]
        min: [3.3078661417e-024, 1.66648791049e-023, 4.57675734856e-023, 1.93837197691e-023, 4.55300600888e-023, 2.89750409091e-023, 3.62650086638e-023, 3.22179628934e-023, 3.47751154711e-023, 1.68970471801e-023, 1.24600693576e-022, 6.94514718678e-023, 4.94814896066e-023, 1.82872169948e-022, 8.55216476689e-023, 1.06426966528e-022, 1.32906061e-022, 2.07055540346e-022, 2.48416060343e-022, 4.18915029034e-022, 3.5542954811e-022, 5.32697801649e-022, 4.99279533245e-022, 7.29487118796e-022, 1.07030264629e-021, 1.46680286797e-021, 2.26137002695e-021, 6.92320031909e-022]
        var: [4.39850440142e-013, 3.71623976037e-008, 1.32310290724e-007, 1.70908009522e-007, 1.11385168111e-006, 1.71531638671e-007, 1.87325881029e-007, 1.26921989363e-007, 2.87377645236e-007, 6.81135290392e-008, 9.51780521063e-009, 1.22240599865e-008, 2.14475814886e-008, 3.97369070981e-008, 8.29265758284e-008, 3.84520362218e-008, 2.02131090532e-007, 3.69996541849e-007, 1.61650774544e-007, 7.93871066662e-008, 2.70399684865e-008, 9.00112162583e-009, 5.20815279792e-010, 1.91896831758e-010, 5.67885946601e-011, 6.23829533495e-014, 3.43846883122e-018, 5.30202093131e-021]
    mfcc:
        mean: [-696.59753418, 87.1682357788, -31.7897396088, 59.2552375793, -9.12831687927, -9.39249610901, -7.23170518875, 2.28344845772, 4.13953924179, -3.21326208115, -1.48918700218, -5.4075422287, -6.4618473053]
        cov: [[7447.10498047, 828.135192871, -382.256591797, 669.14251709, -334.544525146, -61.5338745117, -56.8867797852, 86.5972824097, 50.1928291321, 38.0227394104, 39.8579025269, -78.6878585815, -90.6951141357], [828.135192871, 571.864624023, -201.161376953, 153.849380493, -39.1971435547, -49.6921234131, -6.23291015625, 12.6415958405, 35.8667793274, -2.92691397667, 17.7494544983, -15.7044487, -16.7875843048], [-382.256591797, -201.161376953, 443.973937988, 19.4876613617, 64.5921783447, 104.414543152, 25.929227829, 4.85191917419, -35.3228607178, -32.5472145081, -32.57787323, -2.86659264565, 12.1716947556], [669.14251709, 153.849380493, 19.4876613617, 482.294403076, 101.904396057, -25.5043258667, 33.0288887024, 13.0144796371, 65.8133010864, 15.8208522797, -40.8125534058, -38.3214530945, -0.482350111008], [-334.544525146, -39.1971435547, 64.5921783447, 101.904396057, 207.404006958, 31.8131217957, 10.6267957687, -20.2032527924, 11.7080888748, 19.6471195221, -14.0174760818, -3.37114810944, 2.71362304688], [-61.5338745117, -49.6921234131, 104.414543152, -25.5043258667, 31.8131217957, 173.978851318, 30.9408493042, 5.04560184479, -32.8628158569, -10.0853719711, 9.10226726532, 0.131287708879, 2.04060029984], [-56.8867797852, -6.23291015625, 25.929227829, 33.0288887024, 10.6267957687, 30.9408493042, 139.464279175, 63.9765853882, 16.3395671844, -1.59512138367, -2.16838717461, 5.77340221405, -1.41280174255], [86.5972824097, 12.6415958405, 4.85191917419, 13.0144796371, -20.2032527924, 5.04560184479, 63.9765853882, 123.276977539, 41.1500396729, 0.658728182316, -5.84297275543, -2.19420576096, -0.435091882944], [50.1928291321, 35.8667793274, -35.3228607178, 65.8133010864, 11.7080888748, -32.8628158569, 16.3395671844, 41.1500396729, 101.701377869, 51.249080658, 1.43047380447, -12.1992197037, -10.4710178375], [38.0227394104, -2.92691397667, -32.5472145081, 15.8208522797, 19.6471195221, -10.0853719711, -1.59512138367, 0.658728182316, 51.249080658, 113.940391541, 35.9646377563, 5.98898029327, -13.4400978088], [39.8579025269, 17.7494544983, -32.57787323, -40.8125534058, -14.0174760818, 9.10226726532, -2.16838717461, -5.84297275543, 1.43047380447, 35.9646377563, 75.8960952759, 35.255821228, 3.95964932442], [-78.6878585815, -15.7044487, -2.86659264565, -38.3214530945, -3.37114810944, 0.131287708879, 5.77340221405, -2.19420576096, -12.1992197037, 5.98898029327, 35.255821228, 71.6361618042, 30.6908893585], [-90.6951141357, -16.7875843048, 12.1716947556, -0.482350111008, 2.71362304688, 2.04060029984, -1.41280174255, -0.435091882944, -10.4710178375, -13.4400978088, 3.95964932442, 30.6908893585, 64.8531112671]]
        icov: [[0.000223175607971, -0.000155413581524, 9.27705259528e-005, -0.000434277055319, 0.000487337441882, -0.000155361412908, 0.000243734684773, -0.000250567507464, 0.000322698004311, -0.000160192968906, -0.000117109586427, -1.17360159493e-005, 0.000270966935204], [-0.000155413581524, 0.00263203005306, 0.00102706544567, -0.000741558615118, 0.000141108612297, -5.30355100636e-005, 0.000102200436231, -2.75898855762e-005, -0.000526422867551, 0.00110380770639, -0.00111262791324, 0.000263936206466, 0.000350288988557], [9.27705259528e-005, 0.00102706544567, 0.00338705140166, -0.000691797933541, -0.000184115036973, -0.00170811684802, 0.000182039104402, -0.000441230164142, 0.00056553207105, 0.000447283789981, 0.000875588215422, -0.000364787818398, 0.000120398573927], [-0.000434277055319, -0.000741558615118, -0.000691797933541, 0.00402623368427, -0.00232357229106, 0.000815707491711, -0.0013060310157, 0.00104330270551, -0.00215701665729, 0.000133214896778, 0.00131087377667, 0.00114578439388, -0.00153231387958], [0.000487337441882, 0.000141108612297, -0.000184115036973, -0.00232357229106, 0.00739219971001, -0.00157608126756, 8.46682742122e-005, 0.00117190612946, 1.82716248673e-005, -0.00158196548, 0.0012187298853, -0.00101041595917, 0.000564176531043], [-0.000155361412908, -5.30355100636e-005, -0.00170811684802, 0.000815707491711, -0.00157608126756, 0.0080591738224, -0.0018262534868, -0.000474897300592, 0.0025412205141, -0.000126426763018, -0.00251467712224, 0.00217977515422, -0.000628869864158], [0.000243734684773, 0.000102200436231, 0.000182039104402, -0.0013060310157, 8.46682742122e-005, -0.0018262534868, 0.0105963032693, -0.00568207725883, 0.000581629225053, 0.000167887672433, 0.000134707966936, -0.00213116151281, 0.00169908930548], [-0.000250567507464, -2.75898855762e-005, -0.000441230164142, 0.00104330270551, 0.00117190612946, -0.000474897300592, -0.00568207725883, 0.0136402621865, -0.00675140880048, 0.002034394769, 0.000974200258497, -0.000192720181076, -0.000970084103756], [0.000322698004311, -0.000526422867551, 0.00056553207105, -0.00215701665729, 1.82716248673e-005, 0.0025412205141, 0.000581629225053, -0.00675140880048, 0.0194920822978, -0.00849143601954, 0.000770371116232, 0.002373395022, 0.000296656478895], [-0.000160192968906, 0.00110380770639, 0.000447283789981, 0.000133214896778, -0.00158196548, -0.000126426763018, 0.000167887672433, 0.002034394769, -0.00849143601954, 0.0156607925892, -0.00740959169343, -5.30106353835e-006, 0.00239565153606], [-0.000117109586427, -0.00111262791324, 0.000875588215422, 0.00131087377667, 0.0012187298853, -0.00251467712224, 0.000134707966936, 0.000974200258497, 0.000770371116232, -0.00740959169343, 0.0238687153906, -0.011387954466, 0.00195194035769], [-1.17360159493e-005, 0.000263936206466, -0.000364787818398, 0.00114578439388, -0.00101041595917, 0.00217977515422, -0.00213116151281, -0.000192720181076, 0.002373395022, -5.30106353835e-006, -0.011387954466, 0.0253886543214, -0.0108825797215], [0.000270966935204, 0.000350288988557, 0.000120398573927, -0.00153231387958, 0.000564176531043, -0.000628869864158, 0.00169908930548, -0.000970084103756, 0.000296656478895, 0.00239565153606, 0.00195194035769, -0.0108825797215, 0.0214569997042]]
    sccoeffs:
        dmean: [0.0684949085116, 0.0507182180882, 0.0409776680171, 0.0308038778603, 0.0213587526232, 0.0209175217897]
        dmean2: [0.115001969039, 0.0843420475721, 0.0675537064672, 0.0508699640632, 0.0351477973163, 0.0344116464257]
        dvar: [0.00289742625318, 0.00163671525661, 0.00103434198536, 0.000599044200499, 0.000314514501952, 0.00039619897143]
        dvar2: [0.00799416936934, 0.00440088193864, 0.00276924972422, 0.00154701678548, 0.000817243882921, 0.001043303404]
        max: [-0.322429776192, -0.429823309183, -0.499642163515, -0.551151752472, -0.611656308174, -0.512571513653]
        mean: [-0.655213177204, -0.754558503628, -0.773969769478, -0.789163708687, -0.797950148582, -0.751611828804]
        median: [-0.657605171204, -0.758630394936, -0.783668100834, -0.794142246246, -0.801632583141, -0.749724805355]
        min: [-0.963944792747, -0.968912303448, -0.969692528248, -0.960087358952, -0.962135136127, -0.960331916809]
        var: [0.00648532155901, 0.00477050151676, 0.00499156070873, 0.00247297459282, 0.00137876172084, 0.00187047687359]
    scvalleys:
        dmean: [0.390320211649, 0.397661775351, 0.352226793766, 0.29495292902, 0.265760242939, 0.347321659327]
        dmean2: [0.652390360832, 0.649209260941, 0.56315946579, 0.458138406277, 0.415721684694, 0.549578070641]
        dvar: [0.0979294925928, 0.13590939343, 0.102128215134, 0.0809320881963, 0.0754658207297, 0.126076668501]
        dvar2: [0.25115147233, 0.317781865597, 0.214795291424, 0.152386829257, 0.141238793731, 0.274418562651]
        max: [-5.41488313675, -4.30601787567, -5.36634588242, -5.95198488235, -5.61224079132, -7.44474172592]
        mean: [-6.79033374786, -6.5844578743, -7.22862625122, -7.41005420685, -6.87822341919, -9.35006904602]
        median: [-6.49971580505, -6.379322052, -7.00489997864, -7.19289779663, -6.56995439529, -9.06609630585]
        min: [-27.1820373535, -27.3303947449, -27.2698326111, -27.8840465546, -27.2814502716, -27.2895584106]
        var: [2.20169663429, 1.85925245285, 1.74816799164, 1.618486166, 1.946179986, 2.04030489922]

rhythm:
    beats_loudness:
        dmean: 0.00189711083658
        dmean2: 0.0032247772906
        dvar: 2.29730267165e-006
        dvar2: 6.70753524901e-006
        max: 0.012914438732
        mean: 0.0075104101561
        median: 0.00792290270329
        min: 3.03245623057e-010
        var: 6.96890947438e-006
    bpm: 90.0393676758
    bpm_confidence: 0
    first_peak_bpm: 89
    first_peak_spread: 0.525679767132
    first_peak_weight: 0.468656718731
    onset_rate: 2.7299144268
    second_peak_bpm: 101
    second_peak_spread: 0.250000029802
    second_peak_weight: 0.00895522348583
    beats_loudness_band_ratio:
        dmean: [0.10384401679, 0.165594369173, 0.0701629295945, 0.0430869795382, 0.0891615301371, 0.0660771355033]
        dmean2: [0.178843334317, 0.291741609573, 0.117940425873, 0.0749034285545, 0.153837025166, 0.114283956587]
        dvar: [0.0148332016543, 0.0205292608589, 0.00662178499624, 0.0036538974382, 0.0101042175665, 0.0066677108407]
        dvar2: [0.0427552908659, 0.058302089572, 0.0182613227516, 0.0101020624861, 0.0340870656073, 0.0193358249962]
        max: [0.881443798542, 0.758985757828, 0.819901168346, 0.702053189278, 0.849598824978, 0.84984087944]
        mean: [0.261188089848, 0.36992174387, 0.127256765962, 0.062113609165, 0.185239389539, 0.144701063633]
        median: [0.25073993206, 0.407290756702, 0.105341538787, 0.0481642112136, 0.164101660252, 0.130607068539]
        min: [4.25901162089e-005, 0.000382552971132, 0.00155920838006, 0.00125145597849, 0.00830104015768, 0.00141301250551]
        var: [0.0175710879266, 0.0307663679123, 0.00843882095069, 0.00323332729749, 0.0102879973128, 0.00614582560956]
    beats_position: [0.580498874187, 1.17260766029, 1.764716506, 2.33360528946, 2.92571425438, 3.5758728981, 4.22603178024, 4.88780021667, 5.53795909882, 6.19972801208, 6.87310647964, 7.52326536179, 8.19664382935, 8.85841274261, 9.52018165588, 10.1935596466, 10.8553285599, 11.5170974731, 12.1904764175, 12.8638544083, 13.5140132904, 14.1873922348, 14.8607711792, 15.5225391388, 16.1843090057, 16.8460769653, 17.5078449249, 18.181224823, 18.8546028137, 19.5279808044, 20.1897506714, 20.851518631, 21.5248966217, 22.1866664886, 22.8484344482, 23.5218143463, 24.195192337, 24.8569602966, 25.5187301636, 26.1921081543, 26.8538761139, 27.5156459808, 28.1774139404, 28.8391838074, 29.5125617981, 30.1859397888, 30.8593196869, 31.5210876465, 32.1828575134, 32.8562355042, 33.5296134949, 34.2029914856, 34.8531494141, 35.5265312195, 36.1882972717, 36.8500671387, 37.5234451294, 38.1968231201, 38.8585929871, 39.520362854, 40.1937408447, 40.8555107117, 41.5172767639, 42.1906585693, 42.8640365601, 43.5258026123, 44.1875724792, 44.86095047, 45.5227203369, 46.1844902039, 46.8462562561, 47.508026123, 48.1814041138, 48.8547821045, 49.5281639099, 50.1899299622, 50.8516998291, 51.5250778198, 52.1868476868, 52.8486175537, 53.5219955444, 54.1953735352, 54.8687515259, 55.5189094543, 56.1922874451, 56.854057312, 57.515827179, 58.1892051697, 58.8509750366, 59.5127410889, 60.1861228943, 60.859500885, 61.5212669373, 62.1830368042, 62.8564147949, 63.5065765381, 64.1799545288, 64.8533325195, 65.5267105103, 66.1768722534, 66.8502502441, 67.5120162964, 68.1737823486, 68.8471679688, 69.5205459595, 70.1939239502, 70.8556900024, 71.5174560547, 72.1908340454, 72.8526077271, 73.5143737793, 74.1645355225, 74.8146896362, 75.4764633179, 76.1498413086, 76.8232192993, 77.5082092285, 78.1931991577, 78.85496521, 79.5283432007, 80.1901092529, 80.8518829346, 81.5368728638, 82.2218551636, 82.8952331543, 83.5686187744, 84.2187728882, 84.8921508789, 85.5539245605, 86.2156906128, 86.8890686035, 87.5624465942, 88.2242126465, 88.8859863281, 89.5593643188, 90.2327423096, 90.8945083618, 91.5562820435, 92.2180480957, 92.8798141479, 93.5531921387, 94.2265777588, 94.888343811, 95.5501098633, 96.223487854, 96.8968658447, 97.5586395264, 98.2204055786, 98.8937835693, 99.5671615601, 100.217323303, 100.890701294, 101.552467346, 102.214241028, 102.887619019, 103.537773132, 104.211151123, 104.884536743, 105.557914734, 106.231292725, 106.893058777, 107.554824829, 108.216598511, 108.878364563, 109.551742554, 110.225120544, 110.886894226, 111.548660278, 112.222038269, 112.89541626, 113.557182312, 114.218955994, 114.880722046, 115.554100037, 116.215873718, 116.889251709, 117.551017761, 118.212783813, 118.886169434, 119.547935486, 120.209701538, 120.883079529, 121.55645752, 122.218231201, 122.879997253, 123.553375244, 124.226753235, 124.888526917, 125.550292969, 126.212059021, 126.885437012, 127.547210693, 128.220581055, 128.882354736, 129.544128418, 130.194290161, 130.867660522, 131.541046143, 132.214416504, 132.887802124, 133.561172485, 134.234558105, 134.884719849, 135.55809021, 136.23147583, 136.893234253, 137.555007935, 138.216781616, 138.878540039, 139.551925659, 140.225296021, 140.898681641, 141.560455322, 142.222213745, 142.883987427, 143.545761108, 144.21913147, 144.89251709, 145.554275513, 146.216049194, 146.889434814, 147.562805176, 148.224578857, 148.897949219, 149.5597229, 150.233108521, 150.894866943, 151.556640625, 152.230026245, 152.891784668, 153.55355835, 154.226928711, 154.900314331, 155.550476074, 156.223846436, 156.897232056, 157.547393799, 158.22076416, 158.89414978, 159.555908203, 160.217681885, 160.891067505, 161.552825928, 162.214599609, 162.887985229, 163.561355591, 164.223129272, 164.896499634, 165.558273315, 166.220046997, 166.88180542, 167.55519104, 168.228561401, 168.890335083, 169.552108765, 170.225479126, 170.875640869, 171.549026489, 172.222396851, 172.884170532, 173.545944214, 174.219314575, 174.881088257, 175.54284668, 176.2162323, 176.88961792, 177.562988281, 178.236373901, 178.886520386, 179.559906006, 180.233291626, 180.906661987, 181.55682373, 182.230194092, 182.903579712, 183.576965332, 184.227111816, 184.888885498, 185.55065918, 186.224029541, 186.897415161, 187.559173584, 188.220947266, 188.882720947, 189.54447937, 190.21786499, 190.89125061, 191.564620972, 192.214782715, 192.888153076, 193.561538696, 194.234924316, 194.885070801, 195.546844482, 196.208618164, 196.858764648, 197.508926392, 198.205535889, 198.87890625, 199.529067993, 200.202438354, 200.875823975, 201.525985718, 202.199356079, 202.872741699, 203.534515381, 204.196273804, 204.869659424, 205.531417847, 206.193191528, 206.866577148, 207.516723633, 208.190109253, 208.863494873, 209.536865234, 210.198638916, 210.860397339, 211.522171021, 212.183944702, 212.857315063, 213.530700684, 214.204071045, 214.865844727, 215.527618408, 216.20098877, 216.862762451, 217.524536133, 218.197906494, 218.871292114, 219.544662476, 220.206436157, 220.868209839, 221.518356323, 222.191741943, 222.865127563, 223.526885986]
    bpm_estimates: [92.2851715088, 92.2851333618, 90.6661529541, 92.2851333618, 90.6660919189, 89.102935791, 92.2851333618, 89.102935791, 90.6660919189, 90.6660919189, 89.1030044556, 90.6660919189, 90.6660919189, 89.1028747559, 89.1030044556, 92.2851333618, 89.1028747559, 89.1028747559, 90.6662216187, 90.6659622192, 90.6662216187, 90.6662216187, 89.1027526855, 89.1030044556, 89.1030044556, 90.6659622192, 90.6662216187, 89.1030044556, 90.6659622192, 90.6662216187, 89.1027526855, 89.1030044556, 90.6662216187, 90.6659622192, 89.1030044556, 90.6662216187, 90.6659622192, 90.6662216187, 90.6659622192, 89.1030044556, 89.1030044556, 89.1027526855, 90.6662216187, 90.6659622192, 89.1030044556, 89.1030044556, 89.1030044556, 92.2852706909, 89.1024932861, 90.6664810181, 90.6659622192, 89.1030044556, 89.1030044556, 90.6659622192, 90.6659622192, 89.1030044556, 90.6659622192, 90.6664810181, 89.1024932861, 89.1030044556, 90.6664810181, 90.6659622192, 89.1030044556, 90.6659622192, 90.6659622192, 90.6664810181, 90.6659622192, 89.1030044556, 89.1030044556, 89.1024932861, 90.6664810181, 90.6659622192, 89.1030044556, 90.6659622192, 90.6659622192, 89.1030044556, 89.1030044556, 89.1030044556, 92.2852706909, 89.1030044556, 90.6659622192, 90.6659622192, 89.1030044556, 90.6659622192, 90.6664810181, 89.1024932861, 89.1030044556, 90.6664810181, 90.6659622192, 89.1030044556, 92.2847290039, 89.1030044556, 89.1030044556, 89.1030044556, 92.2847290039, 89.1030044556, 90.6664810181, 90.6664810181, 89.1019897461, 89.1030044556, 89.1030044556, 90.6664810181, 90.6664810181, 89.1030044556, 90.665435791, 90.6664810181, 92.2847290039, 92.2858123779, 90.665435791, 89.1030044556, 89.1030044556, 87.5925292969, 87.5925292969, 90.6664810181, 89.1030044556, 90.6664810181, 90.665435791, 87.5925292969, 87.5935058594, 89.1030044556, 89.1019897461, 92.2858123779, 89.1030044556, 90.665435791, 90.6664810181, 89.1030044556, 89.1030044556, 90.6664810181, 90.665435791, 89.1030044556, 89.1030044556, 90.6664810181, 90.665435791, 90.6664810181, 90.6664810181, 89.1030044556, 89.1019897461, 90.6664810181, 90.6664810181, 89.1030044556, 89.1030044556, 90.665435791, 90.6664810181, 89.1030044556, 89.1030044556, 92.2847290039, 89.1030044556, 90.6664810181, 90.665435791, 89.1030044556, 92.2858123779, 89.1030044556, 89.1019897461, 89.1030044556, 89.1030044556, 90.6664810181, 90.6664810181, 90.665435791, 90.6664810181, 89.1030044556, 89.1030044556, 90.665435791, 90.6664810181, 89.1030044556, 89.1030044556, 90.6664810181, 90.665435791, 90.6664810181, 89.1030044556, 90.665435791, 89.1030044556, 90.6664810181, 90.6664810181, 89.1019897461, 90.6664810181, 90.6664810181, 89.1030044556, 89.1030044556, 90.665435791, 90.6664810181, 89.1030044556, 89.1030044556, 90.665435791, 90.6664810181, 90.6664810181, 89.1030044556, 90.665435791, 89.1040115356, 90.665435791, 90.665435791, 92.2847290039, 89.1040115356, 89.1019897461, 89.1040115356, 89.1019897461, 89.1040115356, 89.1019897461, 92.2847290039, 89.1040115356, 89.1019897461, 90.6675262451, 90.665435791, 90.665435791, 90.6675262451, 89.1019897461, 89.1040115356, 89.1019897461, 90.665435791, 90.6675262451, 90.665435791, 90.665435791, 89.1040115356, 89.1019897461, 90.6675262451, 90.665435791, 89.1019897461, 89.1040115356, 90.665435791, 89.1040115356, 90.665435791, 89.1019897461, 90.6675262451, 90.665435791, 89.1019897461, 90.6675262451, 90.665435791, 89.1040115356, 89.1019897461, 92.2847290039, 89.1040115356, 89.1019897461, 92.2847290039, 89.1040115356, 89.1019897461, 90.6675262451, 90.665435791, 89.1019897461, 90.6675262451, 90.665435791, 89.1019897461, 89.1040115356, 90.665435791, 89.1040115356, 90.665435791, 90.665435791, 90.6675262451, 89.1019897461, 89.1040115356, 90.665435791, 90.665435791, 89.1040115356, 92.2847290039, 89.1019897461, 89.1040115356, 90.665435791, 90.665435791, 89.1040115356, 90.665435791, 90.6675262451, 89.1019897461, 89.1019897461, 89.1040115356, 89.1019897461, 92.286895752, 89.1019897461, 89.1019897461, 89.1040115356, 92.2847290039, 89.1040115356, 89.1019897461, 89.1019897461, 92.286895752, 90.665435791, 90.665435791, 89.1040115356, 89.1019897461, 90.6675262451, 90.665435791, 90.665435791, 90.6675262451, 89.1019897461, 89.1019897461, 89.1040115356, 92.2847290039, 89.1040115356, 89.1019897461, 89.1019897461, 92.286895752, 90.665435791, 90.665435791, 92.286895752, 92.2847290039, 86.1314697266, 89.1040115356, 92.2847290039, 89.1040115356, 89.1019897461, 92.2847290039, 89.1040115356, 89.1019897461, 90.665435791, 90.6675262451, 89.1019897461, 90.6675262451, 90.665435791, 89.1019897461, 92.286895752, 89.1019897461, 89.1019897461, 89.1040115356, 90.665435791, 90.6675262451, 90.665435791, 90.665435791, 89.1040115356, 89.1019897461, 89.1040115356, 90.665435791, 90.665435791, 89.1040115356, 90.665435791, 90.665435791, 89.1040115356, 89.1019897461, 89.1040115356, 90.665435791, 90.665435791, 92.286895752, 89.1019897461, 89.1019897461, 90.6675262451]
