
metadata:
    version:
        essentia: "2.1-beta2"
    audio_properties:
        analysis_sample_rate: 44100
        bitrate: 224
        channels: 2
        equal_loudness: 1
        length: 234.501220703
        replay_gain: -15.1750621796
        downmix: "mix"
    tags:
        album: "The Way Of The Fist (UK Import)"
        artist: "Five Finger Death Punch"
        comment: "."
        date: "2009"
        genre: "Metal"
        title: "Death Before Dishonour"
        tracknumber: "11"

configuration:
    average_loudness:
        compute: 1
        frameSize: 88200
        hopSize: 44100
        silentFrames: "noise"
        windowType: "hann"
    general:
        analysisSampleRate: 44100
        endTime: 2000
        equalLoudness: 1
        nequalLoudness: 0
        shortSound: 0
        startTime: 0
    lowlevel:
        compute: 1
        frameSize: 2048
        hopSize: 1024
        zeroPadding: 0
        silentFrames: "noise"
        windowType: "blackmanharris62"
        mfccStats: ["mean", "cov", "icov"]
        stats: ["mean", "var", "median", "min", "max", "dmean", "dmean2", "dvar", "dvar2"]
    panning:
        compute: 0
        frameSize: 8192
        hopSize: 2048
        zeroPadding: 8192
        silentFrames: "noise"
        windowType: "hann"
        stats: ["copy"]
    rhythm:
        compute: 1
        maxTempo: 208
        minTempo: 40
        method: "degara"
        stats: ["mean", "var", "median", "min", "max", "dmean", "dmean2", "dvar", "dvar2"]
    segmentation:
        compute: 0
        cpw: 5
        inc1: 300
        inc2: 50
        minimumSegmentsLength: 10
        size1: 1000
        size2: 600
    sfx:
        compute: 1
        stats: ["mean", "var", "median", "min", "max", "dmean", "dmean2", "dvar", "dvar2"]
    svm:
        compute: 0
    tonal:
        compute: 1
        frameSize: 4096
        hopSize: 2048
        zeroPadding: 0
        silentFrames: "noise"
        windowType: "blackmanharris62"
        stats: ["mean", "var", "median", "min", "max", "dmean", "dmean2", "dvar", "dvar2"]

lowlevel:
    average_loudness: 0.90579521656
    barkbands_kurtosis:
        dmean: 1.51245379448
        dmean2: 2.3095600605
        dvar: 46.3718833923
        dvar2: 88.5102005005
        max: 267.567810059
        mean: 0.157215595245
        median: -1.25455164909
        min: -1.94770503044
        var: 82.2273635864
    barkbands_skewness:
        dmean: 0.561209619045
        dmean2: 0.871144831181
        dvar: 0.424939900637
        dvar2: 0.863617002964
        max: 13.8204441071
        mean: 0.271718084812
        median: 0.052313812077
        min: -3.33570861816
        var: 1.39859819412
    barkbands_spread:
        dmean: 6.55147123337
        dmean2: 10.6084785461
        dvar: 45.5881958008
        dvar2: 110.159683228
        max: 78.8921966553
        mean: 36.3772583008
        median: 35.767906189
        min: 0.560418248177
        var: 127.988082886
    dissonance:
        dmean: 0.0106812529266
        dmean2: 0.0178391505033
        dvar: 9.82403071248e-005
        dvar2: 0.000270310265478
        max: 0.500000119209
        mean: 0.480046510696
        median: 0.483918964863
        min: 0.385605931282
        var: 0.000220431189518
    hfc:
        dmean: 2.14536094666
        dmean2: 3.52544188499
        dvar: 6.12603855133
        dvar2: 16.1262645721
        max: 46.6935195923
        mean: 8.42059516907
        median: 8.13238048553
        min: 1.20242957543e-016
        var: 30.7880134583
    pitch:
        dmean: 882.250305176
        dmean2: 1688.01330566
        dvar: 1673518
        dvar2: 3991369.75
        max: 5750.05859375
        mean: 1683.60180664
        median: 574.987915039
        min: 58.5451698303
        var: 2460753.5
    pitch_instantaneous_confidence:
        dmean: 0.0786309540272
        dmean2: 0.130412936211
        dvar: 0.00455284398049
        dvar2: 0.0118276253343
        max: 0.898410439491
        mean: 0.380555212498
        median: 0.362798213959
        min: 0.0973179340363
        var: 0.0152456387877
    pitch_salience:
        dmean: 0.0745828002691
        dmean2: 0.123930171132
        dvar: 0.00478891003877
        dvar2: 0.0131631158292
        max: 0.923164784908
        mean: 0.631109058857
        median: 0.652774453163
        min: 0.117559701204
        var: 0.0116617837921
    silence_rate_20dB:
        dmean: 0
        dmean2: 0
        dvar: 0
        dvar2: 0
        max: 1
        mean: 1
        median: 1
        min: 1
        var: 0
    silence_rate_30dB:
        dmean: 0
        dmean2: 0
        dvar: 0
        dvar2: 0
        max: 1
        mean: 1
        median: 1
        min: 1
        var: 0
    silence_rate_60dB:
        dmean: 0.0766336619854
        dmean2: 0.153282508254
        dvar: 0.0707520097494
        dvar2: 0.163626655936
        max: 1
        mean: 0.27343827486
        median: 0
        min: 0
        var: 0.198681861162
    spectral_centroid:
        dmean: 349.652832031
        dmean2: 567.402526855
        dvar: 124055.8125
        dvar2: 313403.15625
        max: 10936.0957031
        mean: 1607.16955566
        median: 1654.7565918
        min: 118.228530884
        var: 346037.5
    spectral_complexity:
        dmean: 3.7013862133
        dmean2: 6.01524925232
        dvar: 13.5178928375
        dvar2: 33.018661499
        max: 43
        mean: 15.8934755325
        median: 17
        min: 0
        var: 96.4435958862
    spectral_crest:
        dmean: 2.46916604042
        dmean2: 4.11070966721
        dvar: 6.678378582
        dvar2: 17.3979053497
        max: 24.2243270874
        mean: 7.2780418396
        median: 6.067735672
        min: 2.53454613686
        var: 13.6096658707
    spectral_decrease:
        dmean: 2.70495958965e-010
        dmean2: 4.36182229224e-010
        dvar: 9.70368355396e-020
        dvar2: 2.43722201743e-019
        max: 1.30545730718e-028
        mean: -1.15490972341e-009
        median: -1.17227560992e-009
        min: -4.25632862289e-009
        var: 4.10132665467e-019
    spectral_energy:
        dmean: 0.00114274048246
        dmean2: 0.0018392187776
        dvar: 1.65153551279e-006
        dvar2: 4.08163259635e-006
        max: 0.0202995780855
        mean: 0.0051226769574
        median: 0.00517837097868
        min: 1.04611116767e-020
        var: 8.10117489891e-006
    spectral_energyband_high:
        dmean: 0.000169246341102
        dmean2: 0.000295516772894
        dvar: 7.11072019044e-008
        dvar2: 2.02451957421e-007
        max: 0.00325018982403
        mean: 0.000366825610399
        median: 0.000303461565636
        min: 7.59682432231e-021
        var: 1.00812357573e-007
    spectral_energyband_low:
        dmean: 0.000318418839015
        dmean2: 0.000528279342689
        dvar: 1.3968654855e-007
        dvar2: 3.72880663235e-007
        max: 0.00430486584082
        mean: 0.000563460809644
        median: 0.000412260764278
        min: 9.1710326157e-024
        var: 2.75951748563e-007
    spectral_energyband_middle_high:
        dmean: 0.000581528118346
        dmean2: 0.000931611750275
        dvar: 3.85616289122e-007
        dvar2: 9.51468734911e-007
        max: 0.0148978317156
        mean: 0.00232690805569
        median: 0.0020251153037
        min: 1.35897131251e-021
        var: 3.21886136589e-006
    spectral_energyband_middle_low:
        dmean: 0.00089841010049
        dmean2: 0.00146247737575
        dvar: 1.35290622438e-006
        dvar2: 3.55661791218e-006
        max: 0.0127124376595
        mean: 0.00206890678965
        median: 0.0018014262896
        min: 2.50326062988e-022
        var: 2.52746349361e-006
    spectral_flatness_db:
        dmean: 0.0175458993763
        dmean2: 0.028337802738
        dvar: 0.000338881567586
        dvar2: 0.000783076742664
        max: 0.411876946688
        mean: 0.150280162692
        median: 0.140712186694
        min: 0.0522597022355
        var: 0.00167291227262
    spectral_flux:
        dmean: 0.00753683736548
        dmean2: 0.011849725619
        dvar: 6.2379091105e-005
        dvar2: 0.000134306479595
        max: 0.113484963775
        mean: 0.041807256639
        median: 0.0436707995832
        min: 7.19915307923e-011
        var: 0.00029139223625
    spectral_kurtosis:
        dmean: 1.18079817295
        dmean2: 1.99025058746
        dvar: 3.87488484383
        dvar2: 10.1704111099
        max: 50.4599876404
        mean: 3.42910242081
        median: 2.99728250504
        min: -1.18398082256
        var: 7.22419786453
    spectral_rms:
        dmean: 0.000247216230491
        dmean2: 0.000391349836718
        dvar: 6.48887237276e-008
        dvar2: 1.54441934797e-007
        max: 0.00445022108033
        mean: 0.00210714014247
        median: 0.00224768090993
        min: 3.19467737854e-012
        var: 5.57684586511e-007
    spectral_rolloff:
        dmean: 479.019714355
        dmean2: 813.693786621
        dvar: 471182.59375
        dvar2: 1115237.25
        max: 19487.5488281
        mean: 3131.06542969
        median: 3273.046875
        min: 107.666015625
        var: 995032.8125
    spectral_skewness:
        dmean: 0.178336083889
        dmean2: 0.289413005114
        dvar: 0.0514907501638
        dvar2: 0.118357762694
        max: 5.58360481262
        mean: 1.26530838013
        median: 1.24035334587
        min: -0.0348010882735
        var: 0.170651987195
    spectral_spread:
        dmean: 542945.125
        dmean2: 799768.8125
        dvar: 598900670464
        dvar2: 1.11236245094e+012
        max: 40958384
        mean: 4852939.5
        median: 4743113.5
        min: 1569972.5
        var: 2.55132906291e+012
    spectral_strongpeak:
        dmean: 0.37468084693
        dmean2: 0.6617872715
        dvar: 0.436868995428
        dvar2: 1.19373929501
        max: 6.94369649887
        mean: 0.51398307085
        median: 0.254783481359
        min: 2.3126233567e-011
        var: 0.602303564548
    zerocrossingrate:
        dmean: 0.00967773422599
        dmean2: 0.0119646070525
        dvar: 9.20322709135e-005
        dvar2: 0.000122228128021
        max: 0.50537109375
        mean: 0.093666665256
        median: 0.09619140625
        min: 0.00732421875
        var: 0.000654588162433
    barkbands:
        dmean: [2.57627789324e-007, 0.000104469188955, 0.000206778917345, 0.000260614906438, 0.000466163881356, 0.00018541875761, 0.00022840082238, 0.00013584291446, 0.000134722897201, 0.000107127496449, 3.87135223718e-005, 4.29896390415e-005, 4.82317736896e-005, 4.60823357571e-005, 6.33577874396e-005, 9.81636039796e-005, 0.000196848850464, 0.000250630226219, 0.000186860852409, 0.000130865504616, 7.36487709219e-005, 3.46431843354e-005, 8.01457008492e-006, 3.65021946891e-006, 1.81657173925e-006, 4.55887025907e-008, 5.32871136105e-010]
        dmean2: [4.51514608812e-007, 0.000175943539944, 0.000353241921403, 0.000417311122874, 0.000795484287664, 0.000309438008117, 0.000368506502127, 0.000224785660976, 0.000215859545278, 0.000173877779162, 6.44631654723e-005, 6.98240619386e-005, 7.78440444265e-005, 7.48126476537e-005, 0.000104066311906, 0.000164048164152, 0.000324411492329, 0.000416058057453, 0.000311586074531, 0.000219083871343, 0.000128602870973, 5.99464510742e-005, 1.37137585625e-005, 5.66446215089e-006, 2.85705004899e-006, 7.03604570162e-008, 8.34868951749e-010]
        dvar: [2.96017333909e-013, 2.05282333354e-008, 7.38933962907e-008, 1.47759266156e-007, 9.39462893257e-007, 1.14588004863e-007, 2.10682728152e-007, 8.75987211657e-008, 7.21595156961e-008, 5.70121621024e-008, 7.09136926957e-009, 1.06623874174e-008, 1.39252955833e-008, 8.36132141302e-009, 1.22345991116e-008, 2.07208934455e-008, 6.88911683255e-008, 9.26816738911e-008, 6.52648992627e-008, 2.58005954379e-008, 1.49547130235e-008, 3.01044567053e-009, 2.28448954198e-010, 8.20339143837e-011, 3.59634821923e-011, 1.75137495787e-014, 8.36361335075e-019]
        dvar2: [8.90374633831e-013, 5.45920642026e-008, 1.96981474687e-007, 3.21102646694e-007, 2.57383226199e-006, 2.94272240353e-007, 4.91546757075e-007, 2.19593971451e-007, 1.83413376931e-007, 1.55792193368e-007, 1.94547311594e-008, 2.76068696792e-008, 3.42713661894e-008, 2.0412905144e-008, 3.20763433592e-008, 5.48988552396e-008, 1.86238594324e-007, 2.52573926218e-007, 1.7778100414e-007, 7.03172275962e-008, 4.31583977445e-008, 8.28894641813e-009, 6.45013265022e-010, 1.58278695706e-010, 8.01988198074e-011, 4.16408105371e-014, 1.54147433595e-018]
        max: [5.54055441171e-006, 0.00119012687355, 0.00380393862724, 0.00641566002741, 0.0108727235347, 0.00629152031615, 0.00723846722394, 0.00463023921475, 0.00559806451201, 0.00450525246561, 0.00181227573194, 0.00249812426046, 0.00282943015918, 0.00170275138225, 0.00236174021848, 0.00368908699602, 0.00504038389772, 0.00558728771284, 0.00819425005466, 0.00228984770365, 0.00149444420822, 0.000730093102902, 0.000177767360583, 0.000198904905119, 0.000188080215594, 6.08389973422e-006, 1.64341642517e-008]
        mean: [2.56242088881e-007, 0.000131204680656, 0.000281929562334, 0.000372340087779, 0.000600765983108, 0.000278411898762, 0.000311192270601, 0.000187512516277, 0.000224830189836, 0.000188983714906, 6.35567048448e-005, 6.80974917486e-005, 8.28415140859e-005, 8.43522138894e-005, 0.000120382013847, 0.00021419384575, 0.00042558342102, 0.000552099954803, 0.000428064609878, 0.000279546628008, 0.000140000513056, 6.17711630184e-005, 1.47229502545e-005, 6.80732000546e-006, 3.14757517117e-006, 8.1757200121e-008, 8.08312639045e-010]
        median: [1.06771167907e-007, 7.63542993809e-005, 0.000157482470968, 0.000207829827559, 0.000305065594148, 0.000128536528791, 0.000102610174508, 5.9117024648e-005, 8.43454836286e-005, 5.10668869538e-005, 2.2114647436e-005, 1.76425037353e-005, 1.5617637473e-005, 3.30272887368e-005, 6.64330509608e-005, 0.000132249348098, 0.000292572280159, 0.000458820548374, 0.000344218162354, 0.00023456060444, 0.00010876833403, 3.98741321987e-005, 8.84770361154e-006, 3.21356969835e-006, 1.37310996706e-006, 3.98448527505e-008, 3.03315178529e-010]
        min: [3.77006566253e-024, 3.54572584842e-024, 3.09735624256e-024, 1.55876043418e-023, 1.09985133108e-023, 5.8151910303e-023, 2.08727673029e-023, 1.25310949225e-023, 3.67666106036e-023, 1.11735205249e-022, 1.47457540719e-023, 3.38100419724e-023, 4.7465432501e-023, 4.29535551754e-023, 1.14733141746e-022, 1.57259724378e-022, 9.77263545473e-023, 1.67138118313e-022, 1.59296058365e-022, 3.01082332885e-022, 2.27314573865e-022, 4.27145940611e-022, 3.89595909087e-022, 6.47045070505e-022, 1.23720753946e-021, 1.66796335806e-021, 2.07934000704e-021]
        var: [2.34146496679e-013, 2.33523955728e-008, 1.4337894072e-007, 2.79126538771e-007, 8.78063872278e-007, 1.78715438892e-007, 3.22207313275e-007, 1.37382983212e-007, 1.589299643e-007, 1.3929000886e-007, 1.43217846471e-008, 2.22528466765e-008, 3.43947874626e-008, 2.00259808736e-008, 2.95964799335e-008, 8.4533596123e-008, 1.95938639536e-007, 2.36568496348e-007, 1.63063873515e-007, 5.5978407687e-008, 1.8762255749e-008, 4.51838877424e-009, 3.38277850176e-010, 2.0596480077e-010, 5.32084341864e-011, 2.35200195501e-014, 2.15622865994e-018]
    frequency_bands:
        dmean: [2.57627789324e-007, 0.000104469188955, 0.000206778917345, 0.000260614906438, 0.000466163881356, 0.00018541875761, 0.00022840082238, 0.00013584291446, 0.000134722897201, 0.000107127496449, 3.87135223718e-005, 4.29896390415e-005, 4.82317736896e-005, 4.60823357571e-005, 6.33577874396e-005, 9.81636039796e-005, 0.000196848850464, 0.000250630226219, 0.000186860852409, 0.000130865504616, 7.36487709219e-005, 3.46431843354e-005, 8.01457008492e-006, 3.65021946891e-006, 1.81657173925e-006, 4.55887025907e-008, 5.32871136105e-010, 6.14595319082e-011]
        dmean2: [4.51514608812e-007, 0.000175943539944, 0.000353241921403, 0.000417311122874, 0.000795484287664, 0.000309438008117, 0.000368506502127, 0.000224785660976, 0.000215859545278, 0.000173877779162, 6.44631654723e-005, 6.98240619386e-005, 7.78440444265e-005, 7.48126476537e-005, 0.000104066311906, 0.000164048164152, 0.000324411492329, 0.000416058057453, 0.000311586074531, 0.000219083871343, 0.000128602870973, 5.99464510742e-005, 1.37137585625e-005, 5.66446215089e-006, 2.85705004899e-006, 7.03604570162e-008, 8.34868951749e-010, 1.13897113962e-010]
        dvar: [2.96017333909e-013, 2.05282333354e-008, 7.38933962907e-008, 1.47759266156e-007, 9.39462893257e-007, 1.14588004863e-007, 2.10682728152e-007, 8.75987211657e-008, 7.21595156961e-008, 5.70121621024e-008, 7.09136926957e-009, 1.06623874174e-008, 1.39252955833e-008, 8.36132141302e-009, 1.22345991116e-008, 2.07208934455e-008, 6.88911683255e-008, 9.26816738911e-008, 6.52648992627e-008, 2.58005954379e-008, 1.49547130235e-008, 3.01044567053e-009, 2.28448954198e-010, 8.20339143837e-011, 3.59634821923e-011, 1.75137495787e-014, 8.36361335075e-019, 7.43296016608e-021]
        dvar2: [8.90374633831e-013, 5.45920642026e-008, 1.96981474687e-007, 3.21102646694e-007, 2.57383226199e-006, 2.94272240353e-007, 4.91546757075e-007, 2.19593971451e-007, 1.83413376931e-007, 1.55792193368e-007, 1.94547311594e-008, 2.76068696792e-008, 3.42713661894e-008, 2.0412905144e-008, 3.20763433592e-008, 5.48988552396e-008, 1.86238594324e-007, 2.52573926218e-007, 1.7778100414e-007, 7.03172275962e-008, 4.31583977445e-008, 8.28894641813e-009, 6.45013265022e-010, 1.58278695706e-010, 8.01988198074e-011, 4.16408105371e-014, 1.54147433595e-018, 2.33993659473e-020]
        max: [5.54055441171e-006, 0.00119012687355, 0.00380393862724, 0.00641566002741, 0.0108727235347, 0.00629152031615, 0.00723846722394, 0.00463023921475, 0.00559806451201, 0.00450525246561, 0.00181227573194, 0.00249812426046, 0.00282943015918, 0.00170275138225, 0.00236174021848, 0.00368908699602, 0.00504038389772, 0.00558728771284, 0.00819425005466, 0.00228984770365, 0.00149444420822, 0.000730093102902, 0.000177767360583, 0.000198904905119, 0.000188080215594, 6.08389973422e-006, 1.64341642517e-008, 9.87754544823e-010]
        mean: [2.56242088881e-007, 0.000131204680656, 0.000281929562334, 0.000372340087779, 0.000600765983108, 0.000278411898762, 0.000311192270601, 0.000187512516277, 0.000224830189836, 0.000188983714906, 6.35567048448e-005, 6.80974917486e-005, 8.28415140859e-005, 8.43522138894e-005, 0.000120382013847, 0.00021419384575, 0.00042558342102, 0.000552099954803, 0.000428064609878, 0.000279546628008, 0.000140000513056, 6.17711630184e-005, 1.47229502545e-005, 6.80732000546e-006, 3.14757517117e-006, 8.1757200121e-008, 8.08312639045e-010, 4.80774656197e-011]
        median: [1.06771167907e-007, 7.63542993809e-005, 0.000157482470968, 0.000207829827559, 0.000305065594148, 0.000128536528791, 0.000102610174508, 5.9117024648e-005, 8.43454836286e-005, 5.10668869538e-005, 2.2114647436e-005, 1.76425037353e-005, 1.5617637473e-005, 3.30272887368e-005, 6.64330509608e-005, 0.000132249348098, 0.000292572280159, 0.000458820548374, 0.000344218162354, 0.00023456060444, 0.00010876833403, 3.98741321987e-005, 8.84770361154e-006, 3.21356969835e-006, 1.37310996706e-006, 3.98448527505e-008, 3.03315178529e-010, 1.68417571556e-011]
        min: [3.77006566253e-024, 3.54572584842e-024, 3.09735624256e-024, 1.55876043418e-023, 1.09985133108e-023, 5.8151910303e-023, 2.08727673029e-023, 1.25310949225e-023, 3.67666106036e-023, 1.11735205249e-022, 1.47457540719e-023, 3.38100419724e-023, 4.7465432501e-023, 4.29535551754e-023, 1.14733141746e-022, 1.57259724378e-022, 9.77263545473e-023, 1.67138118313e-022, 1.59296058365e-022, 3.01082332885e-022, 2.27314573865e-022, 4.27145940611e-022, 3.89595909087e-022, 6.47045070505e-022, 1.23720753946e-021, 1.66796335806e-021, 2.07934000704e-021, 9.94292199896e-022]
        var: [2.34146496679e-013, 2.33523955728e-008, 1.4337894072e-007, 2.79126538771e-007, 8.78063872278e-007, 1.78715438892e-007, 3.22207313275e-007, 1.37382983212e-007, 1.589299643e-007, 1.3929000886e-007, 1.43217846471e-008, 2.22528466765e-008, 3.43947874626e-008, 2.00259808736e-008, 2.95964799335e-008, 8.4533596123e-008, 1.95938639536e-007, 2.36568496348e-007, 1.63063873515e-007, 5.5978407687e-008, 1.8762255749e-008, 4.51838877424e-009, 3.38277850176e-010, 2.0596480077e-010, 5.32084341864e-011, 2.35200195501e-014, 2.15622865994e-018, 6.09576737203e-021]
    mfcc:
        mean: [-711.666442871, 96.5311355591, -35.9363288879, 65.0341186523, -3.85478496552, -11.1834878922, -5.04955816269, 1.82060658932, 3.66478872299, -3.91050076485, -3.14720463753, -5.56135368347, -7.21029567719]
        cov: [[7743.70458984, 337.201965332, -853.703674316, -202.568191528, -579.182312012, -58.8408241272, -250.447967529, 4.93294429779, -197.510757446, -95.3493652344, 117.356636047, 59.8547096252, 30.1621875763], [337.201965332, 759.862304688, -291.006317139, 110.752464294, -5.31998825073, -166.280822754, -2.5467979908, -23.8830051422, 42.3844070435, -10.7476301193, -10.9260902405, -16.0441474915, -34.1201095581], [-853.703674316, -291.006317139, 557.42755127, 44.4732398987, 113.481079102, 154.610702515, 24.6280841827, 31.5483226776, -1.05172169209, -17.0259151459, -21.2835140228, -10.0302734375, 13.6037034988], [-202.568191528, 110.752464294, 44.4732398987, 404.791412354, 95.0292434692, 10.5626182556, -19.7513389587, -42.2932357788, 62.2688560486, 21.1361408234, -28.1396751404, -28.1553859711, 7.07004165649], [-579.182312012, -5.31998825073, 113.481079102, 95.0292434692, 208.427505493, 22.027929306, 23.9909687042, -22.5245552063, 27.6104297638, 31.0082244873, -21.7193145752, -19.555809021, -13.9182691574], [-58.8408241272, -166.280822754, 154.610702515, 10.5626182556, 22.027929306, 202.877700806, 47.3408279419, 33.5097770691, -17.8461742401, -15.3950452805, 11.4998340607, 4.13709878922, 15.8145236969], [-250.447967529, -2.5467979908, 24.6280841827, -19.7513389587, 23.9909687042, 47.3408279419, 150.727371216, 58.0138969421, 30.3883914948, -1.75003147125, -2.72828483582, 11.4984512329, -7.76288509369], [4.93294429779, -23.8830051422, 31.5483226776, -42.2932357788, -22.5245552063, 33.5097770691, 58.0138969421, 103.962547302, 25.9447593689, -0.743995666504, 3.51403999329, 0.0181546621025, -4.36842346191], [-197.510757446, 42.3844070435, -1.05172169209, 62.2688560486, 27.6104297638, -17.8461742401, 30.3883914948, 25.9447593689, 90.8475952148, 32.4342918396, -6.29482412338, -15.2602367401, -12.3693437576], [-95.3493652344, -10.7476301193, -17.0259151459, 21.1361408234, 31.0082244873, -15.3950452805, -1.75003147125, -0.743995666504, 32.4342918396, 76.7277984619, 22.8104114532, 11.8626899719, -3.21098470688], [117.356636047, -10.9260902405, -21.2835140228, -28.1396751404, -21.7193145752, 11.4998340607, -2.72828483582, 3.51403999329, -6.29482412338, 22.8104114532, 70.8706512451, 43.2725601196, 15.7433710098], [59.8547096252, -16.0441474915, -10.0302734375, -28.1553859711, -19.555809021, 4.13709878922, 11.4984512329, 0.0181546621025, -15.2602367401, 11.8626899719, 43.2725601196, 90.1072616577, 35.7824363708], [30.1621875763, -34.1201095581, 13.6037034988, 7.07004165649, -13.9182691574, 15.8145236969, -7.76288509369, -4.36842346191, -12.3693437576, -3.21098470688, 15.7433710098, 35.7824363708, 60.6566505432]]
        icov: [[0.000206394732231, -4.18357049057e-005, 0.000288988085231, -5.87772701692e-005, 0.000345176551491, -0.000241435933276, 0.000347757071722, -0.000235024475842, 0.000284413516056, 7.14217821951e-005, -0.000112912690383, -3.4663684346e-005, 9.71398912952e-005], [-4.18357049057e-005, 0.00212757149711, 0.000867622613441, -0.000729040591978, -0.000520646106452, 0.0013382837642, -0.000364685663953, -0.000221379901632, -0.000484659802169, 0.00156275276095, -0.000643922481686, -0.000156895723194, 0.000820554036181], [0.000288988085231, 0.000867622613441, 0.00352534884587, -0.000293751509162, -0.00129951781128, -0.00170321657788, 0.00125558034051, -0.0014117640676, -9.83033678494e-005, 0.00155134289525, 0.000401031953515, -0.00054213765543, 7.06429636921e-005], [-5.87772701692e-005, -0.000729040591978, -0.000293751509162, 0.00380511349067, -0.00102275342215, -0.00121012737509, 0.000793931249063, 0.00186702865176, -0.0031163233798, -0.000233850863879, 0.00114691443741, 0.00039242010098, -0.0016186570283], [0.000345176551491, -0.000520646106452, -0.00129951781128, -0.00102275342215, 0.00825681816787, -0.000676140305586, -0.00155617913697, 0.00252349302173, 0.00061898236163, -0.00395276863128, 0.00172786298208, 0.00058412126964, 0.00112354604062], [-0.000241435933276, 0.0013382837642, -0.00170321657788, -0.00121012737509, -0.000676140305586, 0.00895467586815, -0.00317482696846, -0.00149928941391, 0.00257271598093, 0.00132605840918, -0.00323075451888, 0.00203802227043, -0.00137711723801], [0.000347757071722, -0.000364685663953, 0.00125558034051, 0.000793931249063, -0.00155617913697, -0.00317482696846, 0.0114071071148, -0.00499284593388, -0.00318746920675, 0.00218389579095, 0.00183875916991, -0.00416392786428, 0.00226351316087], [-0.000235024475842, -0.000221379901632, -0.0014117640676, 0.00186702865176, 0.00252349302173, -0.00149928941391, -0.00499284593388, 0.0159438811243, -0.00542781222612, -0.000204398107599, -0.000371437316062, 0.00112477294169, -0.000114244772703], [0.000284413516056, -0.000484659802169, -9.83033678494e-005, -0.0031163233798, 0.00061898236163, 0.00257271598093, -0.00318746920675, -0.00542781222612, 0.0204011276364, -0.00797722861171, 0.000355398020474, 0.0033818394877, 0.000294391036732], [7.14217821951e-005, 0.00156275276095, 0.00155134289525, -0.000233850863879, -0.00395276863128, 0.00132605840918, 0.00218389579095, -0.000204398107599, -0.00797722861171, 0.021776355803, -0.00763965770602, -0.00239051901735, 0.00245402869768], [-0.000112912690383, -0.000643922481686, 0.000401031953515, 0.00114691443741, 0.00172786298208, -0.00323075451888, 0.00183875916991, -0.000371437316062, 0.000355398020474, -0.00763965770602, 0.0245654433966, -0.0101597914472, 0.000203247735044], [-3.4663684346e-005, -0.000156895723194, -0.00054213765543, 0.00039242010098, 0.00058412126964, 0.00203802227043, -0.00416392786428, 0.00112477294169, 0.0033818394877, -0.00239051901735, -0.0101597914472, 0.0216139685363, -0.0103948041797], [9.71398912952e-005, 0.000820554036181, 7.06429636921e-005, -0.0016186570283, 0.00112354604062, -0.00137711723801, 0.00226351316087, -0.000114244772703, 0.000294391036732, 0.00245402869768, 0.000203247735044, -0.0103948041797, 0.0242399126291]]
    sccoeffs:
        dmean: [0.0588821992278, 0.0504341311753, 0.0391054823995, 0.0294054690748, 0.0207655299455, 0.0200068186969]
        dmean2: [0.0978329628706, 0.0832527503371, 0.0652471929789, 0.048702839762, 0.0344583876431, 0.0321840420365]
        dvar: [0.00226020812988, 0.00170725618955, 0.000955539289862, 0.000529841752723, 0.00028801485314, 0.00036282997462]
        dvar2: [0.00626056175679, 0.00446085259318, 0.00267513818108, 0.00141938589513, 0.000752280815504, 0.000883184780832]
        max: [-0.301438480616, -0.435007870197, -0.488150417805, -0.552607595921, -0.630047082901, -0.526269078255]
        mean: [-0.644483268261, -0.752256810665, -0.779571175575, -0.78673094511, -0.791570067406, -0.748209953308]
        median: [-0.647087931633, -0.760433197021, -0.786375880241, -0.792174935341, -0.792591810226, -0.750012338161]
        min: [-0.962630867958, -0.97284591198, -0.966249108315, -0.964893639088, -0.960689485073, -0.963321685791]
        var: [0.00569984409958, 0.00591551233083, 0.00462597468868, 0.00248028803617, 0.00157227448653, 0.00213666888885]
    scvalleys:
        dmean: [0.369126975536, 0.373905181885, 0.334000051022, 0.285385608673, 0.262482404709, 0.301470756531]
        dmean2: [0.616695046425, 0.612314522266, 0.540141522884, 0.44643175602, 0.399727016687, 0.459482610226]
        dvar: [0.097045250237, 0.118194036186, 0.0976357609034, 0.0792673453689, 0.0888347625732, 0.146757408977]
        dvar2: [0.243142932653, 0.284634917974, 0.217649281025, 0.161383390427, 0.171045765281, 0.312565237284]
        max: [-5.38141489029, -4.67458486557, -5.24205970764, -5.82732057571, -5.7560095787, -7.37660455704]
        mean: [-6.7631726265, -6.68725395203, -7.3084154129, -7.48996210098, -6.94287872314, -9.76710414886]
        median: [-6.57204961777, -6.47101402283, -7.11754131317, -7.22599649429, -6.61427021027, -9.32022762299]
        min: [-27.1890735626, -27.4944229126, -27.2892723083, -27.3555698395, -27.3518867493, -27.270860672]
        var: [1.07725179195, 1.34638428688, 1.50468099117, 1.35562884808, 1.22999680042, 2.68235111237]

rhythm:
    beats_loudness:
        dmean: 0.00215473212302
        dmean2: 0.00398506829515
        dvar: 2.9891439226e-006
        dvar2: 9.9207236417e-006
        max: 0.0129892220721
        mean: 0.00653410982341
        median: 0.00705772032961
        min: 1.41881608684e-008
        var: 8.31307534099e-006
    bpm: 82.1873474121
    bpm_confidence: 0
    first_peak_bpm: 82
    first_peak_spread: 0.0877742767334
    first_peak_weight: 0.912225723267
    onset_rate: 2.68228912354
    second_peak_bpm: 0
    second_peak_spread: 0
    second_peak_weight: 0
    beats_loudness_band_ratio:
        dmean: [0.146724969149, 0.262478023767, 0.0957042872906, 0.0458807274699, 0.112282685935, 0.0679103955626]
        dmean2: [0.267752885818, 0.50507491827, 0.1668497473, 0.0816571488976, 0.208283573389, 0.120970226824]
        dvar: [0.020552335307, 0.0421809516847, 0.0108436802402, 0.00371395167895, 0.00837171822786, 0.00332169840112]
        dvar2: [0.0650634020567, 0.150559604168, 0.0307165998966, 0.0103125078604, 0.0250627640635, 0.0100166443735]
        max: [0.912439823151, 0.790671885014, 0.68881469965, 0.391992151737, 0.602601468563, 0.411786556244]
        mean: [0.263642251492, 0.29194816947, 0.134714961052, 0.0580617710948, 0.22307112813, 0.148584365845]
        median: [0.250980138779, 0.265210092068, 0.0930459275842, 0.0334742739797, 0.198882341385, 0.134973853827]
        min: [6.34478565189e-005, 0.00739335641265, 0.0106311514974, 0.00365027925, 0.0271304212511, 0.00426081009209]
        var: [0.0276371296495, 0.0472741946578, 0.0133738713339, 0.00412090541795, 0.0145737659186, 0.00477270968258]
    beats_position: [0.743038535118, 1.49768710136, 2.2523355484, 2.99537420273, 3.73841261864, 4.49306106567, 5.24770975113, 5.99074840546, 6.72217655182, 7.45360517502, 8.18503379822, 8.91646194458, 9.63628101349, 10.3677091599, 11.0991382599, 11.8189563751, 12.538775444, 13.2702035904, 14.0016326904, 14.7330608368, 15.4644899368, 16.1843090057, 16.904127121, 17.6355552673, 18.3669834137, 19.0984115601, 19.8182315826, 20.549659729, 21.2694778442, 21.9892959595, 22.7207260132, 23.4521541595, 24.1719722748, 24.9034004211, 25.6232185364, 26.3546485901, 27.0860767365, 27.8175048828, 28.537322998, 29.2803630829, 30.0001811981, 30.7316093445, 31.4630374908, 32.1944656372, 32.9375038147, 33.6921539307, 34.4468002319, 35.2130622864, 35.9793205261, 36.7339668274, 37.4886169434, 38.2432632446, 39.0095214844, 39.7641716003, 40.5188217163, 41.2618598938, 42.0048980713, 42.7247161865, 43.4445343018, 44.1759643555, 44.9073905945, 45.6272087097, 46.3586387634, 47.0900688171, 47.8098869324, 48.5413131714, 49.2727432251, 49.9925613403, 50.723991394, 51.4438095093, 52.1752357483, 52.906665802, 53.6380958557, 54.3695220947, 55.1009521484, 55.8207702637, 56.5405883789, 57.2604064941, 57.9918365479, 58.7232627869, 59.4546928406, 60.1861228943, 60.9175491333, 61.648979187, 62.3687973022, 63.0886154175, 63.8084335327, 64.5398635864, 65.2712936401, 65.9911117554, 66.7341461182, 67.4539642334, 68.1737823486, 68.9052124023, 69.6366424561, 70.3564605713, 71.087890625, 71.8193206787, 72.5391387939, 73.2705688477, 74.001991272, 74.7218093872, 75.4532394409, 76.1846694946, 76.9160995483, 77.6475296021, 78.3673477173, 79.098777771, 79.8302001953, 80.5500183105, 81.2698364258, 81.9896621704, 82.7210845947, 83.4525146484, 84.1839447021, 84.9153747559, 85.6351928711, 86.3550109863, 87.08644104, 87.8178634644, 88.537689209, 89.2575073242, 89.9773254395, 90.7087478638, 91.4401779175, 92.1832199097, 92.9262542725, 93.6460723877, 94.3658905029, 95.0857162476, 95.8055343628, 96.5369567871, 97.2683868408, 97.9998168945, 98.7312469482, 99.4510650635, 100.182495117, 100.913917542, 101.633743286, 102.353561401, 103.096595764, 103.816413879, 104.547843933, 105.279273987, 106.010704041, 106.742126465, 107.473556519, 108.204986572, 108.936416626, 109.656234741, 110.376052856, 111.095870972, 111.827301025, 112.547119141, 113.278549194, 114.009971619, 114.729797363, 115.449615479, 116.181037903, 116.912467957, 117.632286072, 118.352104187, 119.095146179, 119.814964294, 120.546394348, 121.277824402, 121.997642517, 122.717460632, 123.448883057, 124.168708801, 124.900131226, 125.643173218, 126.397819519, 127.15246582, 127.907119751, 128.673370361, 129.428024292, 130.182678223, 130.937316895, 131.691970825, 132.458221436, 133.224487305, 133.979141235, 134.722167969, 135.453598022, 136.185028076, 136.904846191, 137.636276245, 138.367706299, 139.087524414, 139.818954468, 140.550384521, 141.281814575, 142.013244629, 142.744674683, 143.464492798, 144.195922852, 144.927337646, 145.635559082, 146.366973877, 147.098403931, 147.818222046, 148.538040161, 149.269470215, 150.000900269, 150.732330322, 151.463760376, 152.183578491, 152.915008545, 153.646438599, 154.366256714, 155.086074829, 155.805892944, 156.537322998, 157.268753052, 158.000183105, 158.731613159, 159.451431274, 160.182861328, 160.914276123, 161.634094238, 162.353912354, 163.085342407, 163.816772461, 164.548202515, 165.279632568, 165.999450684, 166.719268799, 167.450698853, 168.182128906, 168.901947021, 169.633377075, 170.364807129, 171.084625244, 171.816055298, 172.547485352, 173.267303467, 173.987121582, 174.718551636, 175.449981689, 176.169799805, 176.9012146, 177.632644653, 178.352462769, 179.083892822, 179.815322876, 180.54675293, 181.266571045, 181.98638916, 182.717819214, 183.449249268, 184.169067383, 184.900497437, 185.63192749, 186.363357544, 187.083175659, 187.814605713, 188.546035767, 189.265853882, 189.997268677, 190.717086792, 191.448516846, 192.179946899, 192.911376953, 193.642807007, 194.374237061, 195.094055176, 195.813873291, 196.545303345, 197.276733398, 197.996551514, 198.716369629, 199.447799683, 200.179229736, 200.92225647, 201.653686523, 202.385116577, 203.128158569, 203.847976685, 204.544570923, 205.264389038, 205.995819092, 206.715637207, 207.447067261, 208.190109253, 208.933151245, 209.664581299, 210.384399414, 211.092605591, 211.812423706, 212.532241821, 213.263671875, 213.98348999, 214.714920044, 215.446350098, 216.177780151, 216.909194946, 217.640625, 218.360443115, 219.091873169, 219.823303223, 220.543121338, 221.274551392, 222.005981445, 222.725799561, 223.457229614, 224.188659668, 224.908477783, 225.628295898, 226.359725952, 227.091156006, 227.810974121, 228.542404175, 229.273834229, 229.993652344, 230.725082397, 231.456497192, 232.187927246, 232.930969238, 233.67401123]
    bpm_estimates: [79.5072097778, 79.5072174072, 80.74949646, 80.7495269775, 79.5072174072, 79.507194519, 80.74949646, 82.0312957764, 82.0312423706, 82.0312423706, 82.0312957764, 83.3542785645, 82.0312957764, 82.0311889648, 83.3543930054, 83.3542785645, 82.0312957764, 82.0311889648, 82.0312957764, 82.0311889648, 83.3542785645, 83.3543930054, 82.0312957764, 82.0312957764, 82.0312957764, 83.3541717529, 82.0312957764, 83.3543930054, 83.3543930054, 82.0310821533, 82.0312957764, 83.3543930054, 82.0312957764, 83.3543930054, 82.0310821533, 82.0312957764, 82.0312957764, 83.3543930054, 80.7493438721, 83.3543930054, 82.0312957764, 82.0312957764, 82.0312957764, 80.7495498657, 79.5070419312, 79.5074462891, 78.302192688, 78.3025817871, 79.5074462891, 79.5070419312, 79.5074462891, 78.3025817871, 79.5070419312, 79.5070419312, 80.7495498657, 80.7495498657, 83.3543930054, 83.3543930054, 82.0310821533, 82.0315093994, 83.3543930054, 82.0310821533, 82.0310821533, 83.3543930054, 82.0315093994, 82.0310821533, 83.3543930054, 82.0310821533, 83.3543930054, 82.0315093994, 82.0310821533, 82.0310821533, 82.0315093994, 82.0310821533, 83.3543930054, 83.3543930054, 83.3543930054, 82.0310821533, 82.0315093994, 82.0310821533, 82.0310821533, 82.0315093994, 82.0310821533, 83.3543930054, 83.3543930054, 83.3543930054, 82.0310821533, 82.0310821533, 83.3543930054, 80.7499694824, 83.3543930054, 83.3543930054, 82.0310821533, 82.0310821533, 83.3543930054, 82.0310821533, 82.0310821533, 83.3543930054, 82.0310821533, 82.0319366455, 83.3543930054, 82.0310821533, 82.0310821533, 82.0310821533, 82.0310821533, 83.3543930054, 82.0310821533, 82.0319366455, 83.3543930054, 83.3543930054, 83.3535079956, 82.0319366455, 82.0310821533, 82.0310821533, 82.0310821533, 83.3543930054, 83.3543930054, 82.0310821533, 82.0319366455, 83.3535079956, 83.3543930054, 83.3543930054, 82.0319366455, 82.0310821533, 80.7491378784, 80.7499694824, 83.3543930054, 83.3543930054, 83.3535079956, 83.3543930054, 82.0319366455, 82.0310821533, 82.0310821533, 82.0310821533, 83.3543930054, 82.0310821533, 82.0319366455, 83.3535079956, 83.3543930054, 80.7499694824, 83.3543930054, 82.0310821533, 82.0310821533, 82.0310821533, 82.0319366455, 82.0310821533, 82.0310821533, 82.0310821533, 83.3543930054, 83.3543930054, 83.3543930054, 82.0310821533, 83.3543930054, 82.0310821533, 82.0319366455, 83.3535079956, 83.3543930054, 82.0319366455, 82.0310821533, 83.3543930054, 83.3543930054, 80.7491378784, 83.3543930054, 82.0310821533, 82.0310821533, 83.3543930054, 83.3543930054, 82.0319366455, 83.3535079956, 82.0319366455, 80.7491378784, 79.5074462891, 79.5074462891, 79.5066452026, 78.3033599854, 79.5066452026, 79.5066452026, 79.5082473755, 79.5066452026, 78.3033599854, 78.3018035889, 79.5066452026, 80.750793457, 82.0310821533, 82.0310821533, 83.3543930054, 82.0310821533, 82.0310821533, 83.3543930054, 82.0310821533, 82.0310821533, 82.0310821533, 82.0310821533, 82.0310821533, 83.3543930054, 82.0310821533, 82.0327987671, 84.7192687988, 82.0327987671, 82.0310821533, 83.3543930054, 83.3543930054, 82.0310821533, 82.0310821533, 82.0310821533, 82.0310821533, 83.3543930054, 82.0310821533, 82.0310821533, 83.3543930054, 83.3543930054, 83.3543930054, 82.0310821533, 82.0310821533, 82.0310821533, 82.0310821533, 83.3543930054, 82.0310821533, 82.0327987671, 83.3543930054, 83.3543930054, 82.0310821533, 82.0310821533, 82.0310821533, 82.0310821533, 83.3543930054, 83.3543930054, 82.0310821533, 82.0310821533, 83.3543930054, 82.0310821533, 82.0310821533, 83.3543930054, 82.0310821533, 82.0310821533, 83.3543930054, 83.3543930054, 82.0310821533, 82.0310821533, 83.3543930054, 82.0327987671, 82.0310821533, 83.3543930054, 82.0310821533, 82.0310821533, 82.0310821533, 83.3543930054, 83.3543930054, 82.0310821533, 82.0310821533, 83.3543930054, 82.0310821533, 82.0310821533, 82.0310821533, 83.3543930054, 82.0310821533, 82.0310821533, 83.3543930054, 82.0327987671, 83.3543930054, 82.0310821533, 82.0310821533, 82.0310821533, 82.0310821533, 82.0310821533, 83.3543930054, 83.3543930054, 82.0310821533, 82.0310821533, 83.3543930054, 83.3543930054, 82.0310821533, 82.0310821533, 80.750793457, 82.0310821533, 82.0310821533, 80.7491378784, 83.3543930054, 86.133354187, 83.3543930054, 82.0310821533, 83.3543930054, 82.0310821533, 80.7491378784, 80.7491378784, 82.0310821533, 83.3543930054, 84.7210922241, 83.3543930054, 83.3543930054, 82.0310821533, 83.3543930054, 82.0310821533, 82.0310821533, 82.0310821533, 82.0327987671, 82.0310821533, 83.3543930054, 82.0310821533, 82.0310821533, 83.3543930054, 82.0310821533, 82.0310821533, 83.3543930054, 82.0310821533, 82.0310821533, 83.3543930054, 83.3543930054, 82.0310821533, 82.0310821533, 83.3543930054, 82.0310821533, 82.0310821533, 83.3543930054, 82.0310821533, 82.0327987671, 82.0310821533, 80.7491378784, 80.7491378784]
