
metadata:
    version:
        essentia: "2.1-beta2"
    audio_properties:
        analysis_sample_rate: 44100
        bitrate: 320
        channels: 2
        equal_loudness: 1
        length: 267.232666016
        replay_gain: -13.7364597321
        downmix: "mix"
    tags:
        album: "Under The Influence"
        artist: "Amon Amarth"
        comment: ""
        date: "2013"
        genre: "Death Metal"
        title: "Burning Anvil Of Steel"
        tracknumber: "01"

configuration:
    average_loudness:
        compute: 1
        frameSize: 88200
        hopSize: 44100
        silentFrames: "noise"
        windowType: "hann"
    general:
        analysisSampleRate: 44100
        endTime: 2000
        equalLoudness: 1
        nequalLoudness: 0
        shortSound: 0
        startTime: 0
    lowlevel:
        compute: 1
        frameSize: 2048
        hopSize: 1024
        zeroPadding: 0
        silentFrames: "noise"
        windowType: "blackmanharris62"
        mfccStats: ["mean", "cov", "icov"]
        stats: ["mean", "var", "median", "min", "max", "dmean", "dmean2", "dvar", "dvar2"]
    panning:
        compute: 0
        frameSize: 8192
        hopSize: 2048
        zeroPadding: 8192
        silentFrames: "noise"
        windowType: "hann"
        stats: ["copy"]
    rhythm:
        compute: 1
        maxTempo: 208
        minTempo: 40
        method: "degara"
        stats: ["mean", "var", "median", "min", "max", "dmean", "dmean2", "dvar", "dvar2"]
    segmentation:
        compute: 0
        cpw: 5
        inc1: 300
        inc2: 50
        minimumSegmentsLength: 10
        size1: 1000
        size2: 600
    sfx:
        compute: 1
        stats: ["mean", "var", "median", "min", "max", "dmean", "dmean2", "dvar", "dvar2"]
    svm:
        compute: 0
    tonal:
        compute: 1
        frameSize: 4096
        hopSize: 2048
        zeroPadding: 0
        silentFrames: "noise"
        windowType: "blackmanharris62"
        stats: ["mean", "var", "median", "min", "max", "dmean", "dmean2", "dvar", "dvar2"]

lowlevel:
    average_loudness: 0.854627966881
    barkbands_kurtosis:
        dmean: 2.50470614433
        dmean2: 3.67234683037
        dvar: 52.2693939209
        dvar2: 111.645721436
        max: 174.893585205
        mean: 2.07791090012
        median: -1.03780841827
        min: -1.88350999355
        var: 94.5646820068
    barkbands_skewness:
        dmean: 0.534872531891
        dmean2: 0.773055613041
        dvar: 0.43503126502
        dvar2: 0.814576566219
        max: 10.792634964
        mean: 0.993971288204
        median: 0.646890342236
        min: -1.94613075256
        var: 1.90067350864
    barkbands_spread:
        dmean: 5.94929790497
        dmean2: 8.84938812256
        dvar: 41.0243873596
        dvar2: 78.2537078857
        max: 65.8906021118
        mean: 34.17237854
        median: 37.1354598999
        min: 0.714380323887
        var: 201.134170532
    dissonance:
        dmean: 0.0116972997785
        dmean2: 0.0193141344935
        dvar: 0.00016613099433
        dvar2: 0.000437508075265
        max: 0.500000119209
        mean: 0.475473046303
        median: 0.480683922768
        min: 0.210379138589
        var: 0.000511405116413
    hfc:
        dmean: 1.31858146191
        dmean2: 2.09202075005
        dvar: 3.79463934898
        dvar2: 10.0499916077
        max: 41.9158706665
        mean: 5.51451539993
        median: 4.7512178421
        min: 1.12045306505e-016
        var: 16.4591140747
    pitch:
        dmean: 827.715698242
        dmean2: 1598.1842041
        dvar: 1828765.25
        dvar2: 4461751.5
        max: 4731.56494141
        mean: 1020.98052979
        median: 196.308944702
        min: 43.3697166443
        var: 2070586.5
    pitch_instantaneous_confidence:
        dmean: 0.075304992497
        dmean2: 0.119831807911
        dvar: 0.00457992078736
        dvar2: 0.0106265665963
        max: 0.897417485714
        mean: 0.358664393425
        median: 0.335279166698
        min: 0.0683687925339
        var: 0.0162461940199
    pitch_salience:
        dmean: 0.0672681033611
        dmean2: 0.107873097062
        dvar: 0.00428045308217
        dvar2: 0.0105359507725
        max: 0.882174551487
        mean: 0.604109287262
        median: 0.621284425259
        min: 0.136689499021
        var: 0.0118686584756
    silence_rate_20dB:
        dmean: 0
        dmean2: 0
        dvar: 0
        dvar2: 0
        max: 1
        mean: 1
        median: 1
        min: 1
        var: 0
    silence_rate_30dB:
        dmean: 0
        dmean2: 0
        dvar: 0
        dvar2: 0
        max: 1
        mean: 1
        median: 1
        min: 1
        var: 0
    silence_rate_60dB:
        dmean: 0.0962724834681
        dmean2: 0.19256170094
        dvar: 0.0870096459985
        dvar2: 0.18765515089
        max: 1
        mean: 0.323197215796
        median: 0
        min: 0
        var: 0.218747898936
    spectral_centroid:
        dmean: 234.841140747
        dmean2: 352.604125977
        dvar: 64908.5
        dvar2: 133427.6875
        max: 11002.8876953
        mean: 1172.61120605
        median: 1182.85522461
        min: 105.375221252
        var: 329290.15625
    spectral_complexity:
        dmean: 2.70588231087
        dmean2: 4.40145969391
        dvar: 8.2417640686
        dvar2: 19.8679981232
        max: 50
        mean: 12.200173378
        median: 11
        min: 0
        var: 66.4549713135
    spectral_crest:
        dmean: 2.12469649315
        dmean2: 3.38597917557
        dvar: 4.53932666779
        dvar2: 10.4601020813
        max: 23.70545578
        mean: 8.12750148773
        median: 6.93765068054
        min: 2.34850621223
        var: 16.3060512543
    spectral_decrease:
        dmean: 3.12469605745e-010
        dmean2: 5.18691811724e-010
        dvar: 2.610058046e-019
        dvar2: 7.0262055059e-019
        max: -3.98525250506e-029
        mean: -1.0785641269e-009
        median: -9.45464817548e-010
        min: -5.91720139553e-009
        var: 4.52806060238e-019
    spectral_energy:
        dmean: 0.00126176245976
        dmean2: 0.00209400430322
        dvar: 4.22223456553e-006
        dvar2: 1.1336960597e-005
        max: 0.0238546431065
        mean: 0.00457092979923
        median: 0.00404581334442
        min: 1.03132596045e-020
        var: 7.85318297858e-006
    spectral_energyband_high:
        dmean: 0.000120022545161
        dmean2: 0.000199187823455
        dvar: 3.97668635799e-008
        dvar2: 1.10837561351e-007
        max: 0.00442941160873
        mean: 0.000314025121043
        median: 0.000228423799854
        min: 7.4991443086e-021
        var: 9.18238072245e-008
    spectral_energyband_low:
        dmean: 0.000499661546201
        dmean2: 0.000810762983747
        dvar: 4.83322480704e-007
        dvar2: 1.28210808725e-006
        max: 0.0131443506107
        mean: 0.00116906827316
        median: 0.000986171420664
        min: 1.65481825956e-022
        var: 9.15991677175e-007
    spectral_energyband_middle_high:
        dmean: 0.000334308075253
        dmean2: 0.000521484354977
        dvar: 1.74304517486e-007
        dvar2: 4.40752643271e-007
        max: 0.00896230805665
        mean: 0.00134681875352
        median: 0.00111516192555
        min: 1.48279435332e-021
        var: 1.24657606193e-006
    spectral_energyband_middle_low:
        dmean: 0.000930453592446
        dmean2: 0.00154163106345
        dvar: 3.07283494294e-006
        dvar2: 8.27581970952e-006
        max: 0.0200919229537
        mean: 0.0020924215205
        median: 0.00149148923811
        min: 3.1367267915e-022
        var: 4.11993732996e-006
    spectral_flatness_db:
        dmean: 0.0205758754164
        dmean2: 0.0286754220724
        dvar: 0.000547834206372
        dvar2: 0.000967874424532
        max: 0.602306008339
        mean: 0.173485323787
        median: 0.155519232154
        min: 0.0659855380654
        var: 0.00375800882466
    spectral_flux:
        dmean: 0.00821295566857
        dmean2: 0.0127428658307
        dvar: 0.000116686162073
        dvar2: 0.000239570712438
        max: 0.129071861506
        mean: 0.0344799011946
        median: 0.0324528329074
        min: 1.01554223364e-010
        var: 0.000282127875835
    spectral_kurtosis:
        dmean: 2.29785633087
        dmean2: 3.89208936691
        dvar: 40.3513526917
        dvar2: 111.912269592
        max: 263.400238037
        mean: 6.5471830368
        median: 3.63695859909
        min: -1.2444435358
        var: 273.11416626
    spectral_rms:
        dmean: 0.000267951429123
        dmean2: 0.000433535838965
        dvar: 1.30059575554e-007
        dvar2: 3.36133808787e-007
        max: 0.00482419133186
        mean: 0.00200828630477
        median: 0.00198673969135
        min: 3.17202080574e-012
        var: 4.26236198336e-007
    spectral_rolloff:
        dmean: 492.976837158
        dmean2: 793.658691406
        dvar: 456806.53125
        dvar2: 887317.1875
        max: 18561.6210938
        mean: 2568.74267578
        median: 3014.6484375
        min: 107.666015625
        var: 1665418.125
    spectral_skewness:
        dmean: 0.254269719124
        dmean2: 0.407177180052
        dvar: 0.152903482318
        dvar2: 0.389304667711
        max: 13.4764251709
        mean: 1.50864195824
        median: 1.32476198673
        min: 0.00824092514813
        var: 1.22695851326
    spectral_spread:
        dmean: 438173.09375
        dmean2: 597417.1875
        dvar: 422119276544
        dvar2: 627183714304
        max: 41810768
        mean: 4188296.25
        median: 4123247
        min: 365504.625
        var: 1.79015804518e+012
    spectral_strongpeak:
        dmean: 0.189064115286
        dmean2: 0.3335044384
        dvar: 0.197566315532
        dvar2: 0.542381703854
        max: 6.26613283157
        mean: 0.291670560837
        median: 0.16626611352
        min: 3.09242809138e-009
        var: 0.192989945412
    zerocrossingrate:
        dmean: 0.00891642551869
        dmean2: 0.0100694643334
        dvar: 8.92625248525e-005
        dvar2: 9.7618343716e-005
        max: 0.4931640625
        mean: 0.0745289027691
        median: 0.07861328125
        min: 0.00439453125
        var: 0.000882299849764
    barkbands:
        dmean: [3.56879951369e-007, 0.000132922330522, 0.000289492309093, 0.000471568462672, 0.000379829027224, 0.000189028622117, 0.000104015867691, 9.19638114283e-005, 7.79660622356e-005, 3.59176810889e-005, 2.72907218459e-005, 3.3280284697e-005, 3.27220077452e-005, 3.72497997887e-005, 5.061331467e-005, 8.5462910647e-005, 0.000105593018816, 7.94176012278e-005, 0.000100262470369, 0.000126327620819, 5.01808644913e-005, 1.48465660459e-005, 2.02930959858e-006, 7.14964016879e-007, 4.17307973066e-007, 3.09082288652e-008, 4.30930430229e-010]
        dmean2: [6.12328221905e-007, 0.000221543654334, 0.000457031332189, 0.000789552403148, 0.000654554751236, 0.000306406436721, 0.000168375539943, 0.000152418651851, 0.000123622085084, 5.82897228014e-005, 4.47846541647e-005, 5.43002206541e-005, 5.28564742126e-005, 6.04380693403e-005, 8.29099517432e-005, 0.000140402786201, 0.000171472274815, 0.000129049862153, 0.00016295351088, 0.000208965822821, 8.45951508381e-005, 2.51216697507e-005, 3.30221996592e-006, 1.05669005279e-006, 5.89582953126e-007, 4.35708784607e-008, 6.70245803303e-010]
        dvar: [1.100017538e-012, 6.60525358853e-008, 1.82704198437e-007, 9.89517275229e-007, 6.78570643231e-007, 9.45317069068e-008, 5.6696652706e-008, 5.0878128377e-008, 1.88034459114e-008, 4.89043383567e-009, 5.62716717667e-009, 7.08948588724e-009, 7.04281699626e-009, 6.03445560188e-009, 2.3286741424e-008, 1.83117432329e-008, 2.23468052951e-008, 1.2023398277e-008, 1.79174843851e-008, 3.84814704546e-008, 8.50050607681e-009, 6.32172370008e-010, 1.3747954164e-011, 3.13444452685e-012, 1.4670870855e-012, 5.19192106096e-015, 5.02369016482e-019]
        dvar2: [2.89599507569e-012, 1.81923951459e-007, 4.52404435691e-007, 2.59455032392e-006, 1.91957565221e-006, 2.57129812553e-007, 1.45459097212e-007, 1.32865935143e-007, 4.65812455275e-008, 1.29102772917e-008, 1.47801912931e-008, 1.83356796413e-008, 1.79461334682e-008, 1.60210138489e-008, 6.2160268044e-008, 5.13776079458e-008, 5.89370685589e-008, 3.1786889565e-008, 4.70654768492e-008, 1.06814063372e-007, 2.38486617121e-008, 1.77366499265e-009, 3.64270939801e-011, 6.397220427e-012, 2.77218265704e-012, 9.69290887652e-015, 1.05314453901e-018]
        max: [1.11645385914e-005, 0.00257666083053, 0.00702766701579, 0.0157207492739, 0.00961565040052, 0.00684564001858, 0.00462668435648, 0.00489378441125, 0.00344087532721, 0.00131509173661, 0.00183616636787, 0.00184155104216, 0.00176664069295, 0.0017308954848, 0.0061476258561, 0.0026058005169, 0.00301537336782, 0.00284187798388, 0.00304587977007, 0.00524051301181, 0.00214983010665, 0.000395298615331, 7.16606809874e-005, 3.96051327698e-005, 3.63002109225e-005, 1.99191231331e-006, 1.50168730784e-008]
        mean: [3.50011220007e-007, 0.000228917342611, 0.000607424532063, 0.000702164485119, 0.000511447142344, 0.000391217006836, 0.000184977208846, 0.00013676378876, 0.000140466217999, 6.24555323157e-005, 4.37227245129e-005, 5.85110319662e-005, 5.43063397345e-005, 6.76329436828e-005, 0.00010555757035, 0.000180648261448, 0.000226713280426, 0.000170009341673, 0.00024255902099, 0.000302644970361, 0.000113945243356, 3.21032239299e-005, 4.17776982431e-006, 1.38180860176e-006, 7.68640518345e-007, 5.20814325e-008, 6.12394135402e-010]
        median: [9.63683959299e-008, 0.000138701390824, 0.000466977828182, 0.000330819224473, 0.000304850022076, 0.000175872861291, 6.15172684775e-005, 4.60125083919e-005, 7.51033803681e-005, 2.86755166599e-005, 1.35281479743e-005, 1.69949053088e-005, 1.70499879459e-005, 3.28462847392e-005, 4.22110606451e-005, 0.000115488648589, 0.000168954735273, 0.000131909677293, 0.000188617879758, 0.000221736874664, 8.19078122731e-005, 2.23255665333e-005, 2.05138940146e-006, 6.52488665764e-007, 2.96245957543e-007, 1.96762481863e-008, 3.0285784991e-010]
        min: [3.13172225792e-023, 1.12642054502e-022, 3.67312443915e-023, 1.11004869934e-023, 1.34971399824e-022, 7.05988984535e-023, 4.02266870625e-023, 2.00320593036e-023, 3.6116655482e-023, 7.93983294623e-024, 7.96982449121e-023, 9.58324825296e-023, 1.81709401596e-022, 4.96342446323e-023, 1.52695930539e-022, 1.09576389563e-022, 1.46999938285e-022, 2.43507830899e-022, 1.97832128155e-022, 3.98813111364e-022, 4.81473541597e-022, 4.72416055254e-022, 5.85499884484e-022, 7.9274149503e-022, 1.21861374713e-021, 1.55997731208e-021, 2.47155044098e-021]
        var: [9.28918617374e-013, 8.10335833989e-008, 3.68320002053e-007, 1.30133992116e-006, 5.2868028888e-007, 4.35403023857e-007, 1.28196305127e-007, 8.30212982805e-008, 4.05525959479e-008, 1.00950856563e-008, 1.08159454726e-008, 1.54716008893e-008, 1.40115030689e-008, 1.1675110656e-008, 7.41861398978e-008, 4.7693777816e-008, 5.19127389964e-008, 2.5504920842e-008, 4.99002510423e-008, 8.60294662175e-008, 1.44211620423e-008, 1.10260289787e-009, 2.81390258317e-011, 6.95922659777e-012, 3.26576092557e-012, 1.09962867533e-014, 9.26990913601e-019]
    frequency_bands:
        dmean: [3.56879951369e-007, 0.000132922330522, 0.000289492309093, 0.000471568462672, 0.000379829027224, 0.000189028622117, 0.000104015867691, 9.19638114283e-005, 7.79660622356e-005, 3.59176810889e-005, 2.72907218459e-005, 3.3280284697e-005, 3.27220077452e-005, 3.72497997887e-005, 5.061331467e-005, 8.5462910647e-005, 0.000105593018816, 7.94176012278e-005, 0.000100262470369, 0.000126327620819, 5.01808644913e-005, 1.48465660459e-005, 2.02930959858e-006, 7.14964016879e-007, 4.17307973066e-007, 3.09082288652e-008, 4.30930430229e-010, 5.24312884775e-011]
        dmean2: [6.12328221905e-007, 0.000221543654334, 0.000457031332189, 0.000789552403148, 0.000654554751236, 0.000306406436721, 0.000168375539943, 0.000152418651851, 0.000123622085084, 5.82897228014e-005, 4.47846541647e-005, 5.43002206541e-005, 5.28564742126e-005, 6.04380693403e-005, 8.29099517432e-005, 0.000140402786201, 0.000171472274815, 0.000129049862153, 0.00016295351088, 0.000208965822821, 8.45951508381e-005, 2.51216697507e-005, 3.30221996592e-006, 1.05669005279e-006, 5.89582953126e-007, 4.35708784607e-008, 6.70245803303e-010, 9.68230703946e-011]
        dvar: [1.100017538e-012, 6.60525358853e-008, 1.82704198437e-007, 9.89517275229e-007, 6.78570643231e-007, 9.45317069068e-008, 5.6696652706e-008, 5.0878128377e-008, 1.88034459114e-008, 4.89043383567e-009, 5.62716717667e-009, 7.08948588724e-009, 7.04281699626e-009, 6.03445560188e-009, 2.3286741424e-008, 1.83117432329e-008, 2.23468052951e-008, 1.2023398277e-008, 1.79174843851e-008, 3.84814704546e-008, 8.50050607681e-009, 6.32172370008e-010, 1.3747954164e-011, 3.13444452685e-012, 1.4670870855e-012, 5.19192106096e-015, 5.02369016482e-019, 6.2671605682e-021]
        dvar2: [2.89599507569e-012, 1.81923951459e-007, 4.52404435691e-007, 2.59455032392e-006, 1.91957565221e-006, 2.57129812553e-007, 1.45459097212e-007, 1.32865935143e-007, 4.65812455275e-008, 1.29102772917e-008, 1.47801912931e-008, 1.83356796413e-008, 1.79461334682e-008, 1.60210138489e-008, 6.2160268044e-008, 5.13776079458e-008, 5.89370685589e-008, 3.1786889565e-008, 4.70654768492e-008, 1.06814063372e-007, 2.38486617121e-008, 1.77366499265e-009, 3.64270939801e-011, 6.397220427e-012, 2.77218265704e-012, 9.69290887652e-015, 1.05314453901e-018, 1.99623351825e-020]
        max: [1.11645385914e-005, 0.00257666083053, 0.00702766701579, 0.0157207492739, 0.00961565040052, 0.00684564001858, 0.00462668435648, 0.00489378441125, 0.00344087532721, 0.00131509173661, 0.00183616636787, 0.00184155104216, 0.00176664069295, 0.0017308954848, 0.0061476258561, 0.0026058005169, 0.00301537336782, 0.00284187798388, 0.00304587977007, 0.00524051301181, 0.00214983010665, 0.000395298615331, 7.16606809874e-005, 3.96051327698e-005, 3.63002109225e-005, 1.99191231331e-006, 1.50168730784e-008, 9.35172050909e-010]
        mean: [3.50011220007e-007, 0.000228917342611, 0.000607424532063, 0.000702164485119, 0.000511447142344, 0.000391217006836, 0.000184977208846, 0.00013676378876, 0.000140466217999, 6.24555323157e-005, 4.37227245129e-005, 5.85110319662e-005, 5.43063397345e-005, 6.76329436828e-005, 0.00010555757035, 0.000180648261448, 0.000226713280426, 0.000170009341673, 0.00024255902099, 0.000302644970361, 0.000113945243356, 3.21032239299e-005, 4.17776982431e-006, 1.38180860176e-006, 7.68640518345e-007, 5.20814325e-008, 6.12394135402e-010, 4.21135175344e-011]
        median: [9.63683959299e-008, 0.000138701390824, 0.000466977828182, 0.000330819224473, 0.000304850022076, 0.000175872861291, 6.15172684775e-005, 4.60125083919e-005, 7.51033803681e-005, 2.86755166599e-005, 1.35281479743e-005, 1.69949053088e-005, 1.70499879459e-005, 3.28462847392e-005, 4.22110606451e-005, 0.000115488648589, 0.000168954735273, 0.000131909677293, 0.000188617879758, 0.000221736874664, 8.19078122731e-005, 2.23255665333e-005, 2.05138940146e-006, 6.52488665764e-007, 2.96245957543e-007, 1.96762481863e-008, 3.0285784991e-010, 1.65100884353e-011]
        min: [3.13172225792e-023, 1.12642054502e-022, 3.67312443915e-023, 1.11004869934e-023, 1.34971399824e-022, 7.05988984535e-023, 4.02266870625e-023, 2.00320593036e-023, 3.6116655482e-023, 7.93983294623e-024, 7.96982449121e-023, 9.58324825296e-023, 1.81709401596e-022, 4.96342446323e-023, 1.52695930539e-022, 1.09576389563e-022, 1.46999938285e-022, 2.43507830899e-022, 1.97832128155e-022, 3.98813111364e-022, 4.81473541597e-022, 4.72416055254e-022, 5.85499884484e-022, 7.9274149503e-022, 1.21861374713e-021, 1.55997731208e-021, 2.47155044098e-021, 5.73007306484e-022]
        var: [9.28918617374e-013, 8.10335833989e-008, 3.68320002053e-007, 1.30133992116e-006, 5.2868028888e-007, 4.35403023857e-007, 1.28196305127e-007, 8.30212982805e-008, 4.05525959479e-008, 1.00950856563e-008, 1.08159454726e-008, 1.54716008893e-008, 1.40115030689e-008, 1.1675110656e-008, 7.41861398978e-008, 4.7693777816e-008, 5.19127389964e-008, 2.5504920842e-008, 4.99002510423e-008, 8.60294662175e-008, 1.44211620423e-008, 1.10260289787e-009, 2.81390258317e-011, 6.95922659777e-012, 3.26576092557e-012, 1.09962867533e-014, 9.26990913601e-019, 4.95014322627e-021]
    mfcc:
        mean: [-732.674804688, 124.281997681, -39.3255310059, 74.9581680298, -5.75341939926, -0.661388635635, -0.495366811752, -7.01211977005, 6.03242921829, -3.56676673889, -4.17040681839, -3.49599599838, -5.64572143555]
        cov: [[5776.25537109, -300.376464844, -1051.50085449, 433.642578125, -563.071472168, 76.5157394409, -129.285598755, 2.30962204933, 96.8233261108, 67.5457763672, 49.2287330627, 97.7360305786, 172.483322144], [-300.376464844, 779.53125, -97.3075180054, 23.0250148773, 38.9932098389, -66.4876861572, 20.6376781464, -69.1460189819, 0.523380219936, -62.5934143066, -4.56356430054, 7.8178653717, -34.9868087769], [-1051.50085449, -97.3075180054, 664.09777832, -127.734184265, 185.393386841, 11.9240999222, 13.0063085556, 63.1302947998, -82.9649429321, 14.9653596878, -49.9616394043, -51.2175483704, -40.7654914856], [433.642578125, 23.0250148773, -127.734184265, 366.853942871, -9.09015464783, 26.7554664612, 12.9252538681, -18.6286125183, 69.1449661255, -1.11309468746, 18.4972839355, -14.5033454895, -19.9139633179], [-563.071472168, 38.9932098389, 185.393386841, -9.09015464783, 233.19744873, 41.8246154785, 38.9435386658, 5.73404932022, -16.0044803619, 22.5958175659, -7.04083967209, -12.1014080048, -30.6097621918], [76.5157394409, -66.4876861572, 11.9240999222, 26.7554664612, 41.8246154785, 105.726867676, 31.8226852417, 25.203962326, -5.8179731369, 17.0300159454, 9.98802947998, 1.70181405544, 5.26165437698], [-129.285598755, 20.6376781464, 13.0063085556, 12.9252538681, 38.9435386658, 31.8226852417, 107.760025024, 51.4223937988, 22.6584300995, -1.19349837303, 0.85935240984, 1.16825711727, -13.1621570587], [2.30962204933, -69.1460189819, 63.1302947998, -18.6286125183, 5.73404932022, 25.203962326, 51.4223937988, 117.51171875, 26.4124164581, 16.5410556793, -6.06682538986, 1.3688236475, 8.10912799835], [96.8233261108, 0.523380219936, -82.9649429321, 69.1449661255, -16.0044803619, -5.8179731369, 22.6584300995, 26.4124164581, 90.4300460815, 23.6071147919, 12.8039684296, 1.27506649494, -4.11952495575], [67.5457763672, -62.5934143066, 14.9653596878, -1.11309468746, 22.5958175659, 17.0300159454, -1.19349837303, 16.5410556793, 23.6071147919, 66.7165679932, 22.1634902954, 4.80685424805, 6.71665382385], [49.2287330627, -4.56356430054, -49.9616394043, 18.4972839355, -7.04083967209, 9.98802947998, 0.85935240984, -6.06682538986, 12.8039684296, 22.1634902954, 60.3828620911, 29.7266292572, 9.43682003021], [97.7360305786, 7.8178653717, -51.2175483704, -14.5033454895, -12.1014080048, 1.70181405544, 1.16825711727, 1.3688236475, 1.27506649494, 4.80685424805, 29.7266292572, 60.7790985107, 30.9439373016], [172.483322144, -34.9868087769, -40.7654914856, -19.9139633179, -30.6097621918, 5.26165437698, -13.1621570587, 8.10912799835, -4.11952495575, 6.71665382385, 9.43682003021, 30.9439373016, 66.9122390747]]
        icov: [[0.000376612821128, 4.87908801006e-005, 0.000501002825331, -0.000456904963357, 0.000611426890828, -0.000299544102745, 0.00032211409416, -0.0003927173384, 0.000662190606818, -0.000920419464819, 0.000742557400372, -0.000393022986827, -0.000151648884639], [4.87908801006e-005, 0.00167239550501, 0.00038746217615, -4.51666273875e-005, -0.000662965292577, 0.00105961237568, -0.00059318379499, 0.000638112192973, -4.53185530205e-005, 0.00123482581694, -5.15943866048e-005, -0.000460446783109, 0.000484149204567], [0.000501002825331, 0.00038746217615, 0.00366730615497, -0.000347842578776, -0.00139674986713, 0.000828382093459, 0.00102504272945, -0.0029265973717, 0.00381048605777, -0.0019560335204, 0.00152742827777, 0.000862711342052, 0.000710643944331], [-0.000456904963357, -4.51666273875e-005, -0.000347842578776, 0.00433499133214, -0.000900300918147, -0.00130914174952, -7.16581998859e-005, 0.00160036713351, -0.00427559949458, 0.00284085818566, -0.00214758981019, 0.00192478555255, 0.000579805811867], [0.000611426890828, -0.000662965292577, -0.00139674986713, -0.000900300918147, 0.00851302687079, -0.00319062895142, -0.00189289555419, 0.00180013035424, 0.000973051239271, -0.00475216470659, 0.00274069444276, -0.00239677308127, 0.00177192117553], [-0.000299544102745, 0.00105961237568, 0.000828382093459, -0.00130914174952, -0.00319062895142, 0.0143404137343, -0.00380275328644, -0.0021196345333, 0.00473702466115, -0.00184010830708, -0.00252207461745, 0.0019680254627, -0.00171521911398], [0.00032211409416, -0.00059318379499, 0.00102504272945, -7.16581998859e-005, -0.00189289555419, -0.00380275328644, 0.0158077608794, -0.00705435266718, -0.00247569102794, 0.00331142335199, -0.00031933162245, -0.00169567251578, 0.00320459948853], [-0.0003927173384, 0.000638112192973, -0.0029265973717, 0.00160036713351, 0.00180013035424, -0.0021196345333, -0.00705435266718, 0.0160070993006, -0.00647035660222, -0.000596493133344, 0.00217464379966, -0.00094724498922, -0.00250522466376], [0.000662190606818, -4.53185530205e-005, 0.00381048605777, -0.00427559949458, 0.000973051239271, 0.00473702466115, -0.00247569102794, -0.00647035660222, 0.0226882882416, -0.0102455448359, 0.00120158609934, 0.000187159559573, 0.00185741437599], [-0.000920419464819, 0.00123482581694, -0.0019560335204, 0.00284085818566, -0.00475216470659, -0.00184010830708, 0.00331142335199, -0.000596493133344, -0.0102455448359, 0.0272577498108, -0.0116046192124, 0.00435038050637, -0.0023756378796], [0.000742557400372, -5.15943866048e-005, 0.00152742827777, -0.00214758981019, 0.00274069444276, -0.00252207461745, -0.00031933162245, 0.00217464379966, 0.00120158609934, -0.0116046192124, 0.0298479627818, -0.0153892980888, 0.00362220709212], [-0.000393022986827, -0.000460446783109, 0.000862711342052, 0.00192478555255, -0.00239677308127, 0.0019680254627, -0.00169567251578, -0.00094724498922, 0.000187159559573, 0.00435038050637, -0.0153892980888, 0.0313102193177, -0.0123335011303], [-0.000151648884639, 0.000484149204567, 0.000710643944331, 0.000579805811867, 0.00177192117553, -0.00171521911398, 0.00320459948853, -0.00250522466376, 0.00185741437599, -0.0023756378796, 0.00362220709212, -0.0123335011303, 0.0236196294427]]
    sccoeffs:
        dmean: [0.0513240545988, 0.0474289394915, 0.0361896492541, 0.0272850729525, 0.0185218174011, 0.0209759119898]
        dmean2: [0.0844426453114, 0.0784117355943, 0.0601502843201, 0.0453628785908, 0.0306307282299, 0.0319777391851]
        dvar: [0.00200194888748, 0.00145842577331, 0.000818417523988, 0.000465451361379, 0.000237812157138, 0.000431498978287]
        dvar2: [0.0054137208499, 0.00394499581307, 0.00223182165064, 0.00126267992891, 0.000619965605438, 0.000971394591033]
        max: [-0.341812998056, -0.455505281687, -0.554821491241, -0.594819784164, -0.589572668076, -0.534943342209]
        mean: [-0.613941192627, -0.738572955132, -0.789939463139, -0.80353718996, -0.80643081665, -0.722561717033]
        median: [-0.617156505585, -0.743301391602, -0.793710708618, -0.80717509985, -0.80991601944, -0.725521326065]
        min: [-0.966752529144, -0.984760701656, -0.976451396942, -0.981012701988, -0.970547795296, -0.958670854568]
        var: [0.00465950556099, 0.00470460252836, 0.00265986681916, 0.00196780520491, 0.00121299794409, 0.00314019317739]
    scvalleys:
        dmean: [0.385677456856, 0.351187974215, 0.318351596594, 0.264583200216, 0.249199271202, 0.334192365408]
        dmean2: [0.645093500614, 0.574835836887, 0.502296566963, 0.404554307461, 0.343236684799, 0.422407925129]
        dvar: [0.137535125017, 0.118191733956, 0.0993624329567, 0.0801377743483, 0.107069566846, 0.216532841325]
        dvar2: [0.332036823034, 0.248941272497, 0.185088545084, 0.137593954802, 0.165168195963, 0.368068128824]
        max: [-4.72268867493, -4.90923023224, -5.2469201088, -5.4108581543, -5.38908624649, -8.0607175827]
        mean: [-6.64633798599, -6.71973896027, -7.39728307724, -7.43997144699, -7.2076625824, -10.5225133896]
        median: [-6.53635787964, -6.62606525421, -7.31831932068, -7.28662109375, -6.88950824738, -10.0546274185]
        min: [-27.0057697296, -27.0896816254, -27.2935180664, -27.14868927, -26.9883289337, -27.3319625854]
        var: [0.924852967262, 0.804282128811, 0.932237744331, 1.06351828575, 1.55462646484, 2.20147967339]

rhythm:
    beats_loudness:
        dmean: 0.00236696843058
        dmean2: 0.00431274389848
        dvar: 3.26698773279e-006
        dvar2: 1.15840239232e-005
        max: 0.0135647347197
        mean: 0.00542542943731
        median: 0.00539655564353
        min: 2.9396280965e-009
        var: 6.40826920062e-006
    bpm: 150.105941772
    bpm_confidence: 0
    first_peak_bpm: 152
    first_peak_spread: 0.456410259008
    first_peak_weight: 0.484018266201
    onset_rate: 3.17326498032
    second_peak_bpm: 144
    second_peak_spread: 0.266666650772
    second_peak_weight: 0.0334855392575
    beats_loudness_band_ratio:
        dmean: [0.163398787379, 0.0939056426287, 0.071455873549, 0.0370701700449, 0.0914812833071, 0.0688104107976]
        dmean2: [0.286165267229, 0.162862375379, 0.125999003649, 0.0651986375451, 0.166610777378, 0.120691299438]
        dvar: [0.0164912324399, 0.00826131366193, 0.00604285020381, 0.00240773754194, 0.00586726842448, 0.00319933705032]
        dvar2: [0.0482292100787, 0.024240296334, 0.0166820343584, 0.0066030267626, 0.0196296926588, 0.00934338755906]
        max: [0.97019380331, 0.881539344788, 0.552629351616, 0.358909964561, 0.560024499893, 0.523343324661]
        mean: [0.37971162796, 0.155953526497, 0.107595600188, 0.0519372709095, 0.176138564944, 0.160323575139]
        median: [0.369997322559, 0.118318744004, 0.0783855319023, 0.0326848775148, 0.158389866352, 0.153028398752]
        min: [0.00947746355087, 0.0136302709579, 0.00211052247323, 2.46762592724e-005, 4.47655220341e-005, 1.02528238131e-005]
        var: [0.0334837250412, 0.016736716032, 0.00735341804102, 0.00260761170648, 0.00857042428106, 0.00620593409985]
    beats_position: [0.53405892849, 1.07972788811, 1.62539684772, 2.17106580734, 2.71673464775, 3.27401351929, 3.80807256699, 4.34213161469, 4.87619018555, 5.41024923325, 5.95591831207, 6.5015873909, 7.05886602402, 7.58131504059, 8.11537361145, 8.64943313599, 9.05578231812, 9.47374153137, 9.89170074463, 10.3096599579, 10.7276191711, 11.1455783844, 11.5635375977, 11.9814968109, 12.3994560242, 12.8174142838, 13.235373497, 13.6533327103, 14.0596818924, 14.4776411057, 14.8839902878, 15.2787294388, 15.6850786209, 16.0914287567, 16.4861679077, 16.8925170898, 17.2872562408, 17.693605423, 18.088344574, 18.483083725, 18.877822876, 19.2841720581, 19.6905212402, 20.0852603912, 20.4799995422, 20.8863487244, 21.2926979065, 21.6874370575, 22.0821762085, 22.4769153595, 22.8832645416, 23.2896137238, 23.6843528748, 24.0790920258, 24.4854412079, 24.89179039, 25.286529541, 25.681268692, 26.076007843, 26.4823570251, 26.8887062073, 27.2834453583, 27.6781845093, 28.0845336914, 28.4908847809, 28.8856239319, 29.2803630829, 29.6751022339, 30.081451416, 30.4878005981, 30.8825397491, 31.2772789001, 31.6720180511, 32.0783653259, 32.4847145081, 32.8794555664, 33.2858047485, 33.6921539307, 34.0868911743, 34.4816322327, 34.8763694763, 35.2827186584, 35.6890678406, 36.0838088989, 36.4785499573, 36.8848991394, 37.2912483215, 37.6859855652, 38.0807266235, 38.4754638672, 38.8818130493, 39.2881622314, 39.6829032898, 40.0776405334, 40.4723815918, 40.8787307739, 41.2850799561, 41.6798171997, 42.0745582581, 42.4809074402, 42.8872566223, 43.281993866, 43.6767349243, 44.0830841064, 44.4778213501, 44.8841705322, 45.2789115906, 45.6852607727, 46.0916099548, 46.4863471985, 46.8810882568, 47.2758255005, 47.6705665588, 48.076915741, 48.4832649231, 48.8896141052, 49.2959632874, 49.690700531, 50.0854415894, 50.480178833, 50.8865280151, 51.2928771973, 51.6876182556, 52.0823554993, 52.4770965576, 52.8834457397, 53.2897949219, 53.6845359802, 54.0792732239, 54.4740142822, 54.8803634644, 55.2867126465, 55.6814498901, 56.0761909485, 56.4825401306, 56.8888893127, 57.2836265564, 57.6783676147, 58.0847167969, 58.491065979, 58.8858032227, 59.280544281, 59.6752815247, 60.070022583, 60.4763717651, 60.8827209473, 61.2774581909, 61.683807373, 62.0901565552, 62.4848976135, 62.8796348572, 63.2743759155, 63.6807250977, 64.0870742798, 64.4818115234, 64.8881607056, 65.2945098877, 65.6892471313, 66.0839920044, 66.478729248, 66.8734664917, 67.2798156738, 67.686164856, 68.0809020996, 68.4756469727, 68.8819961548, 69.2883453369, 69.6830825806, 70.0778198242, 70.4841690063, 70.8905181885, 71.2852630615, 71.6916122437, 72.0979614258, 72.4926986694, 72.8874359131, 73.2821731567, 73.6769180298, 74.0832672119, 74.4780044556, 74.8843536377, 75.2907028198, 75.6854400635, 76.0917892456, 76.4865264893, 76.8812713623, 77.276008606, 77.6823577881, 78.0887069702, 78.4834442139, 78.8781814575, 79.2845306396, 79.6792755127, 80.0856246948, 80.4803619385, 80.8867111206, 81.2930603027, 81.6877975464, 82.08253479, 82.4772796631, 82.8720169067, 83.2667541504, 83.6731033325, 84.0794525146, 84.4858016968, 84.8921508789, 85.2868881226, 85.6816329956, 86.0763702393, 86.4827194214, 86.8890686035, 87.2838058472, 87.6785507202, 88.0732879639, 88.4680252075, 88.8743743896, 89.2807235718, 89.6870727539, 90.093421936, 90.4881591797, 90.8829040527, 91.2776412964, 91.67237854, 92.0787277222, 92.4850769043, 92.8798141479, 93.2861633301, 93.6925125122, 94.0872573853, 94.4819946289, 94.8767318726, 95.2830810547, 95.6894302368, 96.0841674805, 96.4789123535, 96.8736495972, 97.2799987793, 97.6863479614, 98.0810852051, 98.4758224487, 98.8821716309, 99.288520813, 99.683265686, 100.07800293, 100.484352112, 100.890701294, 101.285438538, 101.680175781, 102.086524963, 102.492874146, 102.887619019, 103.282356262, 103.677093506, 104.083442688, 104.48979187, 104.884536743, 105.279273987, 105.67401123, 106.080360413, 106.486709595, 106.881446838, 107.287796021, 107.694145203, 108.088890076, 108.483627319, 108.878364563, 109.284713745, 109.691062927, 110.085800171, 110.480545044, 110.875282288, 111.270019531, 111.676368713, 112.082717896, 112.477455139, 112.883804321, 113.290153503, 113.684898376, 114.07963562, 114.485984802, 114.892333984, 115.287071228, 115.681808472, 116.076553345, 116.482902527, 116.889251709, 117.283988953, 117.678726196, 118.07346344, 118.479812622, 118.886169434, 119.280906677, 119.675643921, 120.081993103, 120.488342285, 120.883079529, 121.277824402, 121.684173584, 122.090522766, 122.48526001, 122.879997253, 123.297958374, 123.692695618, 124.087432861, 124.482177734, 124.876914978, 125.28326416, 125.689613342, 126.084350586, 126.47908783, 126.885437012, 127.291786194, 127.686531067, 128.081268311, 128.476013184, 128.882354736, 129.288711548, 129.683441162, 130.078186035, 130.484527588, 130.879272461, 131.285614014, 131.680358887, 132.086715698, 132.493057251, 132.887802124, 133.282531738, 133.677276611, 134.083618164, 134.489974976, 134.884719849, 135.279449463, 135.685806274, 136.092147827, 136.4868927, 136.881637573, 137.287979126, 137.694335938, 138.089065552, 138.483810425, 138.878540039, 139.284896851, 139.691238403, 140.085983276, 140.480728149, 140.875457764, 141.281814575, 141.688156128, 142.094512939, 142.500854492, 142.895599365, 143.290344238, 143.685073853, 144.079818726, 144.47454834, 144.880905151, 145.287246704, 145.681991577, 146.088348389, 146.494689941, 146.877822876, 147.27255249, 147.678909302, 148.085250854, 148.491607666, 148.886352539, 149.281082153, 149.675827026, 150.070556641, 150.476913452, 150.883255005, 151.277999878, 151.672744751, 152.079086304, 152.485443115, 152.880172729, 153.286529541, 153.692871094, 154.087615967, 154.48236084, 154.877090454, 155.283447266, 155.689788818, 156.084533691, 156.479278564, 156.874008179, 157.28036499, 157.686706543, 158.081451416, 158.47618103, 158.882537842, 159.288879395, 159.683624268, 160.078369141, 160.484710693, 160.891067505, 161.285797119, 161.692153931, 162.098495483, 162.493240356, 162.887985229, 163.282714844, 163.677459717, 164.08380127, 164.478546143, 164.873291016, 165.279632568, 165.68598938, 166.092330933, 166.487075806, 166.88180542, 167.288162231, 167.694503784, 168.089248657, 168.49559021, 168.901947021, 169.296691895, 169.691421509, 170.086166382, 170.480911255, 170.887252808, 171.281997681, 171.688339233, 172.083084106, 172.477813721, 172.872558594, 173.278915405, 173.685256958, 174.080001831, 174.497955322, 174.892700195, 175.28742981, 175.682174683, 176.076919556, 176.483261108, 176.88961792, 177.284347534, 177.679092407, 178.08543396, 178.491790771, 178.886520386, 179.281265259, 179.676010132, 180.082351685, 180.488708496, 180.88343811, 181.278182983, 181.684524536, 182.090881348, 182.485626221, 182.880355835, 183.286712646, 183.693054199, 184.087799072, 184.482528687, 184.888885498, 185.29524231, 185.689971924, 186.084716797, 186.479446411, 186.874191284, 187.280548096, 187.686889648, 188.081634521, 188.476364136, 188.882720947, 189.2890625, 189.683807373, 190.078552246, 190.484893799, 190.89125061, 191.285980225, 191.680725098, 192.08706665, 192.493423462, 192.888153076, 193.282897949, 193.677642822, 194.083984375, 194.490341187, 194.885070801, 195.279815674, 195.686157227, 196.092514038, 196.487258911, 196.881988525, 197.288345337, 197.69468689, 198.101043701, 198.507385254, 198.902130127, 199.296859741, 199.691604614, 200.086349487, 200.49269104, 200.899047852, 201.293777466, 201.688522339, 202.083267212, 202.489608765, 202.895965576, 203.29069519, 203.685440063, 204.080184937, 204.474914551, 204.881271362, 205.287612915, 205.682357788, 206.077087402, 206.483444214, 206.889785767, 207.28453064, 207.679275513, 208.085617065, 208.491973877, 208.886703491, 209.281448364, 209.699401855, 210.094146729, 210.488891602, 210.883621216, 211.289978027, 211.69631958, 212.091064453, 212.485794067, 212.88053894, 213.275283813, 213.681625366, 214.087982178, 214.482711792, 214.877456665, 215.283798218, 215.690155029, 216.096496582, 216.479629517, 216.885986328, 217.292327881, 217.687072754, 218.081817627, 218.476547241, 218.882904053, 219.289245605, 219.683990479, 220.078720093, 220.485076904, 220.891418457, 221.28616333, 221.680908203, 222.087249756, 222.493606567, 222.888336182, 223.283081055, 223.677825928, 224.08416748, 224.490524292, 224.885253906, 225.279998779, 225.674728394, 226.081085205, 226.487426758, 226.882171631, 227.288528442, 227.694869995, 228.089614868, 228.484344482, 228.879089355, 229.273834229, 229.680175781, 230.086532593, 230.481262207, 230.87600708, 231.270736694, 231.677093506, 232.083435059, 232.478179932, 232.884536743, 233.290878296, 233.697235107, 234.080352783, 234.486709595, 234.881454468, 235.287796021, 235.682540894, 236.077270508, 236.483627319, 236.889968872, 237.284713745, 237.679458618, 238.074188232, 238.480545044, 238.886886597, 239.28163147, 239.687973022, 240.094329834, 240.489059448, 240.883804321, 241.290161133, 241.696502686, 242.091247559, 242.485977173, 242.880722046, 243.287063599, 243.69342041, 244.088165283, 244.494506836, 244.900863647, 245.283981323, 245.667114258, 246.061859131, 246.433380127, 246.793289185, 247.153198242, 247.524719238, 247.896224976, 248.27935791, 248.650878906, 249.034011841, 249.417144775, 249.881530762, 250.334320068, 250.798721313, 251.274734497, 251.750747681, 252.215148926, 252.679534912, 253.155548096, 253.631561279, 254.107574463, 254.513916016, 254.920272827, 255.338226318, 255.767791748, 256.174133301, 256.592102051, 257.02166748, 257.43963623, 257.85760498, 258.252319336, 258.647064209, 259.041809082, 259.436553955, 259.831298828, 260.226013184, 260.620758057, 261.027130127, 261.43347168, 261.851409912, 262.269378662, 262.687347412, 263.116912842, 263.546478271, 263.976043701, 264.405609131, 264.835174561, 265.276367188, 265.717559814, 266.147125244, 266.588287354]
