
metadata:
    version:
        essentia: "2.1-beta2"
    audio_properties:
        analysis_sample_rate: 44100
        bitrate: 224
        channels: 2
        equal_loudness: 1
        length: 203.311019897
        replay_gain: -15.0059299469
        downmix: "mix"
    tags:
        album: "The Way Of The Fist (UK Import)"
        artist: "Five Finger Death Punch"
        comment: "."
        date: "2009"
        genre: "Metal"
        title: "From Out Of Nowhere (Bonus Track)"
        tracknumber: "13"

configuration:
    average_loudness:
        compute: 1
        frameSize: 88200
        hopSize: 44100
        silentFrames: "noise"
        windowType: "hann"
    general:
        analysisSampleRate: 44100
        endTime: 2000
        equalLoudness: 1
        nequalLoudness: 0
        shortSound: 0
        startTime: 0
    lowlevel:
        compute: 1
        frameSize: 2048
        hopSize: 1024
        zeroPadding: 0
        silentFrames: "noise"
        windowType: "blackmanharris62"
        mfccStats: ["mean", "cov", "icov"]
        stats: ["mean", "var", "median", "min", "max", "dmean", "dmean2", "dvar", "dvar2"]
    panning:
        compute: 0
        frameSize: 8192
        hopSize: 2048
        zeroPadding: 8192
        silentFrames: "noise"
        windowType: "hann"
        stats: ["copy"]
    rhythm:
        compute: 1
        maxTempo: 208
        minTempo: 40
        method: "degara"
        stats: ["mean", "var", "median", "min", "max", "dmean", "dmean2", "dvar", "dvar2"]
    segmentation:
        compute: 0
        cpw: 5
        inc1: 300
        inc2: 50
        minimumSegmentsLength: 10
        size1: 1000
        size2: 600
    sfx:
        compute: 1
        stats: ["mean", "var", "median", "min", "max", "dmean", "dmean2", "dvar", "dvar2"]
    svm:
        compute: 0
    tonal:
        compute: 1
        frameSize: 4096
        hopSize: 2048
        zeroPadding: 0
        silentFrames: "noise"
        windowType: "blackmanharris62"
        stats: ["mean", "var", "median", "min", "max", "dmean", "dmean2", "dvar", "dvar2"]

lowlevel:
    average_loudness: 0.969989597797
    barkbands_kurtosis:
        dmean: 0.716857075691
        dmean2: 1.19467973709
        dvar: 6.29348945618
        dvar2: 16.6584854126
        max: 123.049293518
        mean: -0.60990691185
        median: -1.16706526279
        min: -1.86720693111
        var: 12.6230230331
    barkbands_skewness:
        dmean: 0.415396243334
        dmean2: 0.683285534382
        dvar: 0.17907294631
        dvar2: 0.468514323235
        max: 9.21793270111
        mean: 0.239972189069
        median: 0.193787649274
        min: -2.31705975533
        var: 0.53348171711
    barkbands_spread:
        dmean: 5.81795120239
        dmean2: 9.28932952881
        dvar: 27.9919662476
        dvar2: 67.5849456787
        max: 64.2944641113
        mean: 32.7890205383
        median: 32.9075317383
        min: 0.340727746487
        var: 84.1536407471
    dissonance:
        dmean: 0.0150252319872
        dmean2: 0.0255475193262
        dvar: 0.000221354537643
        dvar2: 0.00060419581132
        max: 0.5
        mean: 0.473446756601
        median: 0.478819131851
        min: 0.195713892579
        var: 0.000496087188367
    hfc:
        dmean: 2.37529206276
        dmean2: 4.01771497726
        dvar: 9.18104457855
        dvar2: 25.1433410645
        max: 29.5736236572
        mean: 8.1242017746
        median: 7.76625871658
        min: 1.07015320461e-016
        var: 18.2387657166
    pitch:
        dmean: 637.073059082
        dmean2: 1227.89428711
        dvar: 1478430.75
        dvar2: 3697847.75
        max: 4701.32373047
        mean: 831.165466309
        median: 294.3331604
        min: 62.7238349915
        var: 1591243.5
    pitch_instantaneous_confidence:
        dmean: 0.0898339524865
        dmean2: 0.142782226205
        dvar: 0.00573119102046
        dvar2: 0.0137017518282
        max: 0.893266141415
        mean: 0.402495920658
        median: 0.378414809704
        min: 0.103312730789
        var: 0.0216030087322
    pitch_salience:
        dmean: 0.0691291168332
        dmean2: 0.115684911609
        dvar: 0.00342551805079
        dvar2: 0.00960468966514
        max: 0.902666687965
        mean: 0.621277570724
        median: 0.629327893257
        min: 0.21010223031
        var: 0.00865531247109
    silence_rate_20dB:
        dmean: 0
        dmean2: 0
        dvar: 0
        dvar2: 0
        max: 1
        mean: 1
        median: 1
        min: 1
        var: 0
    silence_rate_30dB:
        dmean: 0
        dmean2: 0
        dvar: 0
        dvar2: 0
        max: 1
        mean: 1
        median: 1
        min: 1
        var: 0
    silence_rate_60dB:
        dmean: 0.0548195540905
        dmean2: 0.109651625156
        dvar: 0.0518061630428
        dvar2: 0.115904189646
        max: 1
        mean: 0.145255222917
        median: 0
        min: 0
        var: 0.12416792661
    spectral_centroid:
        dmean: 295.812683105
        dmean2: 494.214172363
        dvar: 97839.6953125
        dvar2: 239430.296875
        max: 11727.5097656
        mean: 1542.59912109
        median: 1491.95349121
        min: 96.6007156372
        var: 506633.3125
    spectral_complexity:
        dmean: 3.83325719833
        dmean2: 6.30885219574
        dvar: 14.0065107346
        dvar2: 34.8767623901
        max: 42
        mean: 16.2905101776
        median: 16
        min: 0
        var: 50.5256729126
    spectral_crest:
        dmean: 2.31416416168
        dmean2: 3.8699054718
        dvar: 4.92416477203
        dvar2: 13.3164329529
        max: 21.8192234039
        mean: 6.97594165802
        median: 6.03449630737
        min: 2.36169981956
        var: 10.3324661255
    spectral_decrease:
        dmean: 3.29533872412e-010
        dmean2: 5.49242540338e-010
        dvar: 2.08267495855e-019
        dvar2: 5.72204566878e-019
        max: 1.63994415323e-028
        mean: -1.20419696437e-009
        median: -1.14627241032e-009
        min: -4.09694500547e-009
        var: 3.05930707451e-019
    spectral_energy:
        dmean: 0.00140890898183
        dmean2: 0.00234759133309
        dvar: 3.70035468222e-006
        dvar2: 1.01057767097e-005
        max: 0.0173811987042
        mean: 0.00528179109097
        median: 0.00506304157898
        min: 1.01260243648e-020
        var: 5.74138539378e-006
    spectral_energyband_high:
        dmean: 0.000203448405955
        dmean2: 0.000354255636921
        dvar: 1.00863402963e-007
        dvar2: 2.8133666774e-007
        max: 0.00307033932768
        mean: 0.000385092105716
        median: 0.000278560095467
        min: 6.92844380811e-021
        var: 1.28858332005e-007
    spectral_energyband_low:
        dmean: 0.000364718027413
        dmean2: 0.000615971570369
        dvar: 1.65595068324e-007
        dvar2: 4.41111666305e-007
        max: 0.00365104153752
        mean: 0.000521667359862
        median: 0.00036893246579
        min: 9.92512132108e-024
        var: 2.13693212459e-007
    spectral_energyband_middle_high:
        dmean: 0.000576494843699
        dmean2: 0.000946191197727
        dvar: 3.4582507169e-007
        dvar2: 9.29828729568e-007
        max: 0.00741717265919
        mean: 0.00222973781638
        median: 0.00217099860311
        min: 1.2508636936e-021
        var: 1.26928057398e-006
    spectral_energyband_middle_low:
        dmean: 0.0010702998843
        dmean2: 0.00180348800495
        dvar: 2.54710471381e-006
        dvar2: 7.1412014222e-006
        max: 0.012474225834
        mean: 0.00236926297657
        median: 0.00189360359218
        min: 1.22271395582e-022
        var: 3.08970425067e-006
    spectral_flatness_db:
        dmean: 0.0165349524468
        dmean2: 0.0266269445419
        dvar: 0.000235814673943
        dvar2: 0.000589226256125
        max: 0.740726411343
        mean: 0.141562625766
        median: 0.135620445013
        min: 0.0475577935576
        var: 0.00225849705748
    spectral_flux:
        dmean: 0.00872884970158
        dmean2: 0.0136237852275
        dvar: 9.15898344829e-005
        dvar2: 0.000178857022547
        max: 0.118032939732
        mean: 0.0440982542932
        median: 0.0426215976477
        min: 6.50578826922e-011
        var: 0.000229717697948
    spectral_kurtosis:
        dmean: 1.76271212101
        dmean2: 2.98957252502
        dvar: 93.2985153198
        dvar2: 229.114883423
        max: 634.593994141
        mean: 5.30537939072
        median: 3.46339702606
        min: -1.24751293659
        var: 401.270202637
    spectral_rms:
        dmean: 0.00028423537151
        dmean2: 0.000463702803245
        dvar: 1.08913567942e-007
        dvar2: 2.86814753281e-007
        max: 0.00411792006344
        mean: 0.0022059045732
        median: 0.00222251052037
        min: 3.14309537598e-012
        var: 2.86983890874e-007
    spectral_rolloff:
        dmean: 425.737854004
        dmean2: 713.16027832
        dvar: 307510.34375
        dvar2: 669883.8125
        max: 19422.9492188
        mean: 3133.65234375
        median: 3229.98046875
        min: 107.666015625
        var: 1445293
    spectral_skewness:
        dmean: 0.188953220844
        dmean2: 0.312365829945
        dvar: 0.102363042533
        dvar2: 0.236013382673
        max: 21.4472465515
        mean: 1.42289566994
        median: 1.3215367794
        min: -0.0561843961477
        var: 0.925247907639
    spectral_spread:
        dmean: 530240.9375
        dmean2: 838508.8125
        dvar: 811373625344
        dvar2: 1.56867926426e+012
        max: 42333304
        mean: 4416020
        median: 4192766.5
        min: 210490.5
        var: 5.19000188518e+012
    spectral_strongpeak:
        dmean: 0.428237736225
        dmean2: 0.73388916254
        dvar: 0.344589442015
        dvar2: 0.873401463032
        max: 5.39758300781
        mean: 0.704875230789
        median: 0.398214668036
        min: 0
        var: 0.562188982964
    zerocrossingrate:
        dmean: 0.00807526614517
        dmean2: 0.0100651746616
        dvar: 9.06785353436e-005
        dvar2: 0.000133497116622
        max: 0.5185546875
        mean: 0.0894006863236
        median: 0.08837890625
        min: 0.00390625
        var: 0.0010130397277
    barkbands:
        dmean: [1.05939159312e-006, 0.000135191672598, 0.000217617300223, 0.000212921979255, 0.00056053919252, 0.000217182794586, 0.000120447497466, 0.000187446625205, 0.000242845082539, 0.000140867967275, 5.41959816474e-005, 4.84921838506e-005, 5.08007615281e-005, 0.000103415055491, 9.97617389658e-005, 9.43092672969e-005, 0.000149468804011, 0.000139975716593, 0.000202344235731, 0.000184897799045, 9.17370634852e-005, 3.59883269994e-005, 4.42491682406e-006, 2.54371752817e-006, 1.34493166115e-006, 3.73266502152e-008, 4.75583128434e-010]
        dmean2: [1.78951950147e-006, 0.000240771580138, 0.000368491135305, 0.000360706442734, 0.00098278792575, 0.000364180741599, 0.000205654738238, 0.000294327794109, 0.00037884482299, 0.000222394664888, 8.82491222001e-005, 7.9456520325e-005, 8.23865266284e-005, 0.00016752659576, 0.000161901800311, 0.000156677764608, 0.000250201992458, 0.000238569424255, 0.000343540566973, 0.00031372756348, 0.000161104704603, 6.42260201857e-005, 7.45599299989e-006, 4.44447323389e-006, 2.31972057918e-006, 6.11696080455e-008, 7.5542877509e-010]
        dvar: [1.82341164737e-012, 4.21821724217e-008, 6.97200377431e-008, 8.22726562433e-008, 1.33584444484e-006, 1.47304234588e-007, 5.49601963939e-008, 1.29521765757e-007, 2.22769656943e-007, 1.16497382407e-007, 1.04233510712e-008, 1.12476437053e-008, 8.44703595959e-009, 2.99536573323e-008, 3.43025021721e-008, 1.15027374292e-008, 2.68372275514e-008, 2.85195440597e-008, 6.03701835189e-008, 7.04550799924e-008, 2.63084878327e-008, 3.46859918565e-009, 6.83155060299e-011, 4.12824149865e-011, 2.45822719819e-011, 9.47297185898e-014, 5.81386323376e-019]
        dvar2: [5.02919450876e-012, 1.158616314e-007, 1.83928250408e-007, 2.1762322433e-007, 3.80997539651e-006, 3.85535514624e-007, 1.47846691334e-007, 2.95679058127e-007, 5.29671694949e-007, 2.92663116852e-007, 2.56479442129e-008, 2.72781264243e-008, 2.01022274382e-008, 7.69672396927e-008, 8.30179374134e-008, 3.03239673372e-008, 7.38227399211e-008, 7.76908279931e-008, 1.66311991734e-007, 1.93723948883e-007, 7.41781391866e-008, 9.82138370631e-009, 1.69266739514e-010, 9.62260618409e-011, 5.9313901013e-011, 2.48208598857e-013, 1.13704888067e-018]
        max: [1.0422356354e-005, 0.00128781434614, 0.00247115455568, 0.00336056528613, 0.00900567043573, 0.00609426666051, 0.00452478183433, 0.00594633352011, 0.00708989379928, 0.00641679065302, 0.00254499237053, 0.00325496820733, 0.00227459822781, 0.00345460581593, 0.00406152196229, 0.00215759407729, 0.00268407422118, 0.00217739283107, 0.0035640578717, 0.00439939135686, 0.0023366138339, 0.000582368928008, 0.000170420913491, 0.000249139091466, 0.000235611994867, 2.27732070925e-005, 2.09042934074e-008]
        mean: [1.33964022098e-006, 0.000126968850964, 0.000267021823674, 0.000271811208222, 0.000656088755932, 0.000306368659949, 0.000164524331922, 0.000327533576638, 0.000471549370559, 0.000246072333539, 9.26196662476e-005, 7.67293386161e-005, 9.16089484235e-005, 0.000184405667824, 0.000213003135286, 0.000191643484868, 0.000314596254611, 0.000272378529189, 0.000423187186243, 0.000358260440407, 0.000159634044394, 5.28125783603e-005, 6.96062215866e-006, 3.0121252621e-006, 1.62365222423e-006, 5.23207788206e-008, 7.22068904668e-010]
        median: [6.73431998166e-007, 5.78083490836e-005, 0.000155678033479, 0.000166705955053, 0.000364077597624, 0.000165293822647, 9.05181077542e-005, 0.0001183068307, 0.000166010839166, 8.9182110969e-005, 4.64107833977e-005, 4.04454913223e-005, 4.5184577175e-005, 0.000100076322269, 9.42369370023e-005, 0.000151751519297, 0.000262337474851, 0.000225740397582, 0.000337189383572, 0.000260620843619, 0.000107447427581, 3.3778953366e-005, 3.89742899642e-006, 1.37456618177e-006, 7.51530592424e-007, 2.42924844684e-008, 2.76516337605e-010]
        min: [4.56289769354e-025, 3.4045509064e-024, 1.5366302431e-024, 9.98635881821e-025, 1.54215459658e-023, 1.31435554852e-023, 1.24288869482e-023, 9.88068320856e-024, 2.6061375267e-023, 1.41453110161e-023, 2.35958331062e-023, 3.47866139077e-023, 3.17029503183e-023, 4.18160366827e-023, 5.26488892034e-023, 6.43221846661e-023, 6.56376196919e-023, 1.11395275618e-022, 1.24772046786e-022, 2.33168956767e-022, 2.91606788127e-022, 3.63505767218e-022, 4.16049760009e-022, 5.81588800469e-022, 9.33907813231e-022, 1.30518690221e-021, 2.14702462612e-021]
        var: [2.45486899038e-012, 3.31837739509e-008, 8.97324525795e-008, 1.07521394455e-007, 1.02634385257e-006, 1.92458699644e-007, 6.85090100205e-008, 3.58259995892e-007, 7.07053970928e-007, 2.57126259839e-007, 2.38279636022e-008, 1.88118232103e-008, 2.21888285523e-008, 6.31575858279e-008, 1.13456565032e-007, 2.69413149567e-008, 5.24624965692e-008, 4.24101891383e-008, 1.09937722925e-007, 1.06955411638e-007, 2.9583569372e-008, 3.39414629735e-009, 9.36715011113e-011, 5.12239903272e-011, 2.71867927476e-011, 8.02266307315e-014, 1.69572356446e-018]
    frequency_bands:
        dmean: [1.05939159312e-006, 0.000135191672598, 0.000217617300223, 0.000212921979255, 0.00056053919252, 0.000217182794586, 0.000120447497466, 0.000187446625205, 0.000242845082539, 0.000140867967275, 5.41959816474e-005, 4.84921838506e-005, 5.08007615281e-005, 0.000103415055491, 9.97617389658e-005, 9.43092672969e-005, 0.000149468804011, 0.000139975716593, 0.000202344235731, 0.000184897799045, 9.17370634852e-005, 3.59883269994e-005, 4.42491682406e-006, 2.54371752817e-006, 1.34493166115e-006, 3.73266502152e-008, 4.75583128434e-010, 6.17086173826e-011]
        dmean2: [1.78951950147e-006, 0.000240771580138, 0.000368491135305, 0.000360706442734, 0.00098278792575, 0.000364180741599, 0.000205654738238, 0.000294327794109, 0.00037884482299, 0.000222394664888, 8.82491222001e-005, 7.9456520325e-005, 8.23865266284e-005, 0.00016752659576, 0.000161901800311, 0.000156677764608, 0.000250201992458, 0.000238569424255, 0.000343540566973, 0.00031372756348, 0.000161104704603, 6.42260201857e-005, 7.45599299989e-006, 4.44447323389e-006, 2.31972057918e-006, 6.11696080455e-008, 7.5542877509e-010, 1.14640602566e-010]
        dvar: [1.82341164737e-012, 4.21821724217e-008, 6.97200377431e-008, 8.22726562433e-008, 1.33584444484e-006, 1.47304234588e-007, 5.49601963939e-008, 1.29521765757e-007, 2.22769656943e-007, 1.16497382407e-007, 1.04233510712e-008, 1.12476437053e-008, 8.44703595959e-009, 2.99536573323e-008, 3.43025021721e-008, 1.15027374292e-008, 2.68372275514e-008, 2.85195440597e-008, 6.03701835189e-008, 7.04550799924e-008, 2.63084878327e-008, 3.46859918565e-009, 6.83155060299e-011, 4.12824149865e-011, 2.45822719819e-011, 9.47297185898e-014, 5.81386323376e-019, 6.82415361965e-021]
        dvar2: [5.02919450876e-012, 1.158616314e-007, 1.83928250408e-007, 2.1762322433e-007, 3.80997539651e-006, 3.85535514624e-007, 1.47846691334e-007, 2.95679058127e-007, 5.29671694949e-007, 2.92663116852e-007, 2.56479442129e-008, 2.72781264243e-008, 2.01022274382e-008, 7.69672396927e-008, 8.30179374134e-008, 3.03239673372e-008, 7.38227399211e-008, 7.76908279931e-008, 1.66311991734e-007, 1.93723948883e-007, 7.41781391866e-008, 9.82138370631e-009, 1.69266739514e-010, 9.62260618409e-011, 5.9313901013e-011, 2.48208598857e-013, 1.13704888067e-018, 2.14834233937e-020]
        max: [1.0422356354e-005, 0.00128781434614, 0.00247115455568, 0.00336056528613, 0.00900567043573, 0.00609426666051, 0.00452478183433, 0.00594633352011, 0.00708989379928, 0.00641679065302, 0.00254499237053, 0.00325496820733, 0.00227459822781, 0.00345460581593, 0.00406152196229, 0.00215759407729, 0.00268407422118, 0.00217739283107, 0.0035640578717, 0.00439939135686, 0.0023366138339, 0.000582368928008, 0.000170420913491, 0.000249139091466, 0.000235611994867, 2.27732070925e-005, 2.09042934074e-008, 8.73557115533e-010]
        mean: [1.33964022098e-006, 0.000126968850964, 0.000267021823674, 0.000271811208222, 0.000656088755932, 0.000306368659949, 0.000164524331922, 0.000327533576638, 0.000471549370559, 0.000246072333539, 9.26196662476e-005, 7.67293386161e-005, 9.16089484235e-005, 0.000184405667824, 0.000213003135286, 0.000191643484868, 0.000314596254611, 0.000272378529189, 0.000423187186243, 0.000358260440407, 0.000159634044394, 5.28125783603e-005, 6.96062215866e-006, 3.0121252621e-006, 1.62365222423e-006, 5.23207788206e-008, 7.22068904668e-010, 4.82711891292e-011]
        median: [6.73431998166e-007, 5.78083490836e-005, 0.000155678033479, 0.000166705955053, 0.000364077597624, 0.000165293822647, 9.05181077542e-005, 0.0001183068307, 0.000166010839166, 8.9182110969e-005, 4.64107833977e-005, 4.04454913223e-005, 4.5184577175e-005, 0.000100076322269, 9.42369370023e-005, 0.000151751519297, 0.000262337474851, 0.000225740397582, 0.000337189383572, 0.000260620843619, 0.000107447427581, 3.3778953366e-005, 3.89742899642e-006, 1.37456618177e-006, 7.51530592424e-007, 2.42924844684e-008, 2.76516337605e-010, 1.96909606676e-011]
        min: [4.56289769354e-025, 3.4045509064e-024, 1.5366302431e-024, 9.98635881821e-025, 1.54215459658e-023, 1.31435554852e-023, 1.24288869482e-023, 9.88068320856e-024, 2.6061375267e-023, 1.41453110161e-023, 2.35958331062e-023, 3.47866139077e-023, 3.17029503183e-023, 4.18160366827e-023, 5.26488892034e-023, 6.43221846661e-023, 6.56376196919e-023, 1.11395275618e-022, 1.24772046786e-022, 2.33168956767e-022, 2.91606788127e-022, 3.63505767218e-022, 4.16049760009e-022, 5.81588800469e-022, 9.33907813231e-022, 1.30518690221e-021, 2.14702462612e-021, 5.67763464057e-022]
        var: [2.45486899038e-012, 3.31837739509e-008, 8.97324525795e-008, 1.07521394455e-007, 1.02634385257e-006, 1.92458699644e-007, 6.85090100205e-008, 3.58259995892e-007, 7.07053970928e-007, 2.57126259839e-007, 2.38279636022e-008, 1.88118232103e-008, 2.21888285523e-008, 6.31575858279e-008, 1.13456565032e-007, 2.69413149567e-008, 5.24624965692e-008, 4.24101891383e-008, 1.09937722925e-007, 1.06955411638e-007, 2.9583569372e-008, 3.39414629735e-009, 9.36715011113e-011, 5.12239903272e-011, 2.71867927476e-011, 8.02266307315e-014, 1.69572356446e-018, 5.61259978634e-021]
    mfcc:
        mean: [-695.013916016, 114.660202026, -50.7080345154, 58.1259384155, -14.2058620453, -4.46820688248, -2.67427110672, -5.87607192993, 4.37689828873, -2.48777580261, -1.57665681839, -7.97179317474, -8.56874275208]
        cov: [[3210.32763672, -199.175796509, -468.409759521, 161.709625244, -302.033966064, -119.252876282, -161.496154785, -109.965034485, -51.2621803284, -12.8235797882, -18.6226043701, -66.0498123169, -58.8833770752], [-199.175796509, 648.824462891, -180.596862793, 43.3725814819, -7.17476654053, -17.6226902008, 38.417301178, 22.4905033112, 61.4041442871, -19.276512146, 37.9295425415, 23.8453445435, -4.47856998444], [-468.409759521, -180.596862793, 402.612640381, -39.7260894775, 98.5125961304, 22.2261390686, 13.6552038193, 17.1100635529, -46.0550422668, -6.13987016678, -20.3495159149, 13.9112939835, 17.8346004486], [161.709625244, 43.3725814819, -39.7260894775, 178.138717651, 6.98826408386, -0.059026774019, -26.3780574799, -46.2322387695, 8.41033649445, -17.4702606201, -10.2069625854, -2.15191674232, 8.62788677216], [-302.033966064, -7.17476654053, 98.5125961304, 6.98826408386, 153.99156189, 43.3355484009, 12.8314752579, 2.53491783142, 1.95754981041, 25.2637767792, -9.68336486816, 4.44518899918, 17.8662776947], [-119.252876282, -17.6226902008, 22.2261390686, -0.059026774019, 43.3355484009, 72.402633667, 34.409828186, 11.6758346558, 1.22400677204, 11.4042730331, 1.93402063847, -1.79320335388, 4.54506540298], [-161.496154785, 38.417301178, 13.6552038193, -26.3780574799, 12.8314752579, 34.409828186, 125.665245056, 55.7158889771, 13.9573106766, -3.49189090729, 3.28805184364, 6.83272600174, -3.44851279259], [-109.965034485, 22.4905033112, 17.1100635529, -46.2322387695, 2.53491783142, 11.6758346558, 55.7158889771, 93.8882522583, 34.2003669739, 13.0846910477, 16.1181278229, 10.2463502884, -0.971838533878], [-51.2621803284, 61.4041442871, -46.0550422668, 8.41033649445, 1.95754981041, 1.22400677204, 13.9573106766, 34.2003669739, 85.1706466675, 31.7041950226, 24.5257072449, 8.66686153412, -4.02662372589], [-12.8235797882, -19.276512146, -6.13987016678, -17.4702606201, 25.2637767792, 11.4042730331, -3.49189090729, 13.0846910477, 31.7041950226, 92.1284561157, 32.9321136475, -0.0861003920436, 1.5083425045], [-18.6226043701, 37.9295425415, -20.3495159149, -10.2069625854, -9.68336486816, 1.93402063847, 3.28805184364, 16.1181278229, 24.5257072449, 32.9321136475, 68.1777114868, 25.5813274384, 3.12289857864], [-66.0498123169, 23.8453445435, 13.9112939835, -2.15191674232, 4.44518899918, -1.79320335388, 6.83272600174, 10.2463502884, 8.66686153412, -0.0861003920436, 25.5813274384, 57.6725654602, 24.6397666931], [-58.8833770752, -4.47856998444, 17.8346004486, 8.62788677216, 17.8662776947, 4.54506540298, -3.44851279259, -0.971838533878, -4.02662372589, 1.5083425045, 3.12289857864, 24.6397666931, 54.4263572693]]
        icov: [[0.000536160892807, 0.000296379206702, 0.000592032680288, -0.000544897164218, 0.000621120736469, 0.000317567057209, 0.000309122784529, -0.000257351872278, 0.000626488763373, -0.000356372620445, 0.000131016407977, 6.97941641192e-006, 0.000326963636326], [0.000296379206702, 0.00228209816851, 0.00134037877433, -0.000602095387876, -0.000728158222046, 0.00121300073806, -0.000586512847804, -0.000251462799497, -0.000522177142557, 0.00116286112461, -0.00121114344802, -0.00029172305949, 0.000391446927097], [0.000592032680288, 0.00134037877433, 0.00458838837221, -0.000280410342384, -0.0021372041665, 0.00114889652468, 0.000260302913375, -0.00170533254277, 0.00254877191037, 0.000377227610443, 0.000128685991513, -0.00121931033209, 0.000606124813203], [-0.000544897164218, -0.000602095387876, -0.000280410342384, 0.0079196151346, -0.00114564725664, -0.00117727147881, -9.73357145995e-006, 0.00454720854759, -0.00365880667232, 0.0023182881996, 0.000184265314601, 0.000477610999951, -0.00180939375423], [0.000621120736469, -0.000728158222046, -0.0021372041665, -0.00114564725664, 0.0116891916841, -0.00531192915514, 0.000762862211559, 0.000716448703315, -0.000258146610577, -0.00434428919107, 0.00394988339394, -0.000842228939291, -0.00158247840591], [0.000317567057209, 0.00121300073806, 0.00114889652468, -0.00117727147881, -0.00531192915514, 0.0204300545156, -0.00565015850589, -5.89744122408e-005, 0.00153604859952, -0.000701932236552, -0.00261625694111, 0.00260634510778, -0.000964604085311], [0.000309122784529, -0.000586512847804, 0.000260302913375, -9.73357145995e-006, 0.000762862211559, -0.00565015850589, 0.0132173337042, -0.00728832604364, 0.000997754163109, 0.00106635666452, 0.00145967851859, -0.00153034669347, 0.00178448541556], [-0.000257351872278, -0.000251462799497, -0.00170533254277, 0.00454720854759, 0.000716448703315, -5.89744122408e-005, -0.00728832604364, 0.0204207208008, -0.00827138125896, 0.000673252914567, -0.00142743554898, 2.12429185922e-005, -0.00134688802063], [0.000626488763373, -0.000522177142557, 0.00254877191037, -0.00365880667232, -0.000258146610577, 0.00153604859952, 0.000997754163109, -0.00827138125896, 0.0203493461013, -0.00608386239037, -0.00118321005721, -0.00222295126878, 0.00300000538118], [-0.000356372620445, 0.00116286112461, 0.000377227610443, 0.0023182881996, -0.00434428919107, -0.000701932236552, 0.00106635666452, 0.000673252914567, -0.00608386239037, 0.0183048155159, -0.00961740873754, 0.00523165380582, -0.00199072202668], [0.000131016407977, -0.00121114344802, 0.000128685991513, 0.000184265314601, 0.00394988339394, -0.00261625694111, 0.00145967851859, -0.00142743554898, -0.00118321005721, -0.00961740873754, 0.0259234625846, -0.0124105652794, 0.00326960231178], [6.97941641192e-006, -0.00029172305949, -0.00121931033209, 0.000477610999951, -0.000842228939291, 0.00260634510778, -0.00153034669347, 2.12429185922e-005, -0.00222295126878, 0.00523165380582, -0.0124105652794, 0.0293370876461, -0.0126091456041], [0.000326963636326, 0.000391446927097, 0.000606124813203, -0.00180939375423, -0.00158247840591, -0.000964604085311, 0.00178448541556, -0.00134688802063, 0.00300000538118, -0.00199072202668, 0.00326960231178, -0.0126091456041, 0.0253345537931]]
    sccoeffs:
        dmean: [0.0642696544528, 0.0498345643282, 0.0405247211456, 0.0298031829298, 0.0207018386573, 0.0211886707693]
        dmean2: [0.106851525605, 0.0829162076116, 0.0660689398646, 0.0485601015389, 0.0339597798884, 0.0334890410304]
        dvar: [0.00272620934993, 0.00152868765872, 0.00102076493204, 0.000540667504538, 0.00026812060969, 0.000392846704926]
        dvar2: [0.00750528322533, 0.0041770930402, 0.00270407041535, 0.00141415616963, 0.000724637939129, 0.00091039360268]
        max: [-0.35025960207, -0.485989809036, -0.481008380651, -0.573239207268, -0.636812806129, -0.529556572437]
        mean: [-0.670103609562, -0.749309539795, -0.75830078125, -0.77999150753, -0.792430281639, -0.731449007988]
        median: [-0.674001395702, -0.755602002144, -0.76798927784, -0.785280644894, -0.792974293232, -0.731960594654]
        min: [-0.975313067436, -0.978129982948, -0.973226428032, -0.970673322678, -0.965656161308, -0.963890373707]
        var: [0.00550332665443, 0.00445822346956, 0.0052465912886, 0.00249554216862, 0.000880604377016, 0.00185792509001]
    scvalleys:
        dmean: [0.377752929926, 0.353904813528, 0.290334641933, 0.24551256001, 0.251857757568, 0.368454068899]
        dmean2: [0.637175321579, 0.590510487556, 0.474530905485, 0.389530330896, 0.390874773264, 0.569776237011]
        dvar: [0.124388508499, 0.127906560898, 0.0905029475689, 0.0798660814762, 0.102254010737, 0.22463978827]
        dvar2: [0.275650590658, 0.268295675516, 0.173766210675, 0.131383031607, 0.173985898495, 0.469041854143]
        max: [-5.11645174026, -4.61280298233, -5.35593032837, -5.61172485352, -5.69513559341, -7.52280950546]
        mean: [-6.49909830093, -6.42404651642, -6.95455598831, -7.1002779007, -6.93815898895, -9.88975048065]
        median: [-6.37998723984, -6.31526088715, -6.80999898911, -6.93243026733, -6.76440763474, -9.68086719513]
        min: [-27.7194747925, -27.9055194855, -27.6378078461, -27.5417156219, -27.5196323395, -27.4009017944]
        var: [1.68071353436, 1.95707428455, 1.89354383945, 1.94717860222, 2.08355426788, 2.2860417366]

rhythm:
    beats_loudness:
        dmean: 0.00161929323804
        dmean2: 0.00285241683014
        dvar: 1.66099607668e-006
        dvar2: 4.85194004796e-006
        max: 0.0123611958697
        mean: 0.00581994280219
        median: 0.00584493996575
        min: 2.36536880038e-006
        var: 3.21557672578e-006
    bpm: 79.7828826904
    bpm_confidence: 0
    first_peak_bpm: 80
    first_peak_spread: 0.114754073322
    first_peak_weight: 0.782608687878
    onset_rate: 3.40857124329
    second_peak_bpm: 108
    second_peak_spread: 0.519999980927
    second_peak_weight: 0.0434782616794
    beats_loudness_band_ratio:
        dmean: [0.106248222291, 0.120803765953, 0.0969937592745, 0.0574560798705, 0.0815651640296, 0.078331835568]
        dmean2: [0.182721242309, 0.218976125121, 0.169589474797, 0.103934541345, 0.147316336632, 0.142485365272]
        dvar: [0.00698212068528, 0.00848516449332, 0.00892267655581, 0.00357498787344, 0.00479919323698, 0.00377161521465]
        dvar2: [0.0207045357674, 0.02432173118, 0.025500992313, 0.010339521803, 0.0141335371882, 0.0107623394579]
        max: [0.998429656029, 0.519895195961, 0.624840319157, 0.371507525444, 0.5323959589, 0.485043883324]
        mean: [0.201924651861, 0.200290769339, 0.167196527123, 0.0859106183052, 0.214234396815, 0.210374742746]
        median: [0.178414925933, 0.180430412292, 0.126335397363, 0.0680702552199, 0.207689747214, 0.209074378014]
        min: [0.0275544151664, 0.00457159616053, 1.21564989968e-005, 3.4003055589e-006, 5.0161343097e-006, 6.36514096186e-006]
        var: [0.0187961272895, 0.0142587255687, 0.013266983442, 0.00363290007226, 0.00710206571966, 0.00921111181378]
    beats_position: [0.731428563595, 1.48607707024, 2.22911548615, 2.97215414047, 3.73841261864, 4.48145103455, 5.22448968887, 5.97913837433, 6.73378658295, 7.47682523727, 8.2198638916, 8.97451210022, 9.72916126251, 10.47219944, 11.2152376175, 11.9582767487, 12.7245349884, 13.4675731659, 14.2222223282, 14.9768705368, 15.7199087143, 16.4745578766, 17.2292060852, 17.9722442627, 18.7385025024, 19.4815406799, 20.2245807648, 20.9792289734, 21.733877182, 22.4769153595, 23.219953537, 23.9629936218, 24.7060317993, 25.4722900391, 26.2269382477, 26.9815864563, 27.7246246338, 28.4792747498, 29.2339229584, 29.9769611359, 30.7199993134, 31.474647522, 32.2176856995, 32.9723358154, 33.7153739929, 34.4700202942, 35.2246704102, 35.9677085876, 36.7107467651, 37.4653968811, 38.2200431824, 38.9630813599, 39.7177314758, 40.4723815918, 41.2270278931, 41.981678009, 42.7247161865, 43.467754364, 44.22240448, 44.9770507813, 45.7317008972, 46.4747390747, 47.229385376, 47.9840354919, 48.7386856079, 49.4701118469, 50.2247619629, 50.9794082642, 51.7340583801, 52.4770965576, 53.2201347351, 53.9747848511, 54.7294311523, 55.4724693298, 56.2271194458, 56.9817695618, 57.7248077393, 58.4678459167, 59.2341041565, 59.977142334, 60.7201805115, 61.4748306274, 62.2294769287, 62.9725151062, 63.7271652222, 64.4818115234, 65.2248535156, 65.9678878784, 66.7225418091, 67.4771881104, 68.2202224731, 68.9748764038, 69.7295227051, 70.4725646973, 71.2155990601, 71.9702453613, 72.724899292, 73.4795455933, 74.2341918945, 74.9772338867, 75.7202682495, 76.4633102417, 77.217956543, 77.9726028442, 78.7272567749, 79.4702911377, 80.2249450684, 80.9679794312, 81.7226257324, 82.4656677246, 83.2203140259, 83.9749679565, 84.7296142578, 85.4842605591, 86.2389068604, 86.9819488525, 87.7365951538, 88.4912490845, 89.2342834473, 89.9773254395, 90.7319717407, 91.4750061035, 92.2296600342, 92.9843063354, 93.7389526367, 94.4819946289, 95.2366409302, 95.9912872314, 96.7343292236, 97.4773712158, 98.2320175171, 98.9866638184, 99.7297058105, 100.472740173, 101.227394104, 101.982040405, 102.736686707, 103.479728699, 104.234375, 104.989021301, 105.732063293, 106.486709595, 107.229751587, 107.97278595, 108.727432251, 109.482086182, 110.236732483, 110.991378784, 111.734420776, 112.477455139, 113.23210907, 113.986755371, 114.729797363, 115.472831726, 116.227478027, 116.982131958, 117.725166321, 118.479812622, 119.234466553, 119.977500916, 120.720542908, 121.463577271, 122.22983551, 122.972877502, 123.739135742, 124.482177734, 125.225212097, 125.979858398, 126.734512329, 127.477546692, 128.232192993, 128.986846924, 129.729888916, 130.472915649, 131.22756958, 131.982223511, 132.725265503, 133.468292236, 134.234558105, 135.012420654, 135.801895142, 136.579772949, 137.369247437, 138.147125244, 138.924987793, 139.71446228, 140.503936768, 141.293426514, 142.082901001, 142.849151611, 143.603805542, 144.358459473, 145.101501465, 145.856140137, 146.610794067, 147.35383606, 148.108474731, 148.863128662, 149.606170654, 150.349197388, 151.09223938, 151.835281372, 152.589935303, 153.344573975, 154.099227905, 154.853881836, 155.596908569, 156.339950562, 157.094604492, 157.849243164, 158.603897095, 159.346939087, 160.101577759, 160.856231689, 161.61088562, 162.353912354, 163.108566284, 163.851608276, 164.594650269, 165.34928894, 166.092330933, 166.846984863, 167.601623535, 168.356277466, 169.110931396, 169.85395813, 170.608612061, 171.351654053, 172.106307983, 172.849334717, 173.592376709, 174.358642578, 175.101669312, 175.844711304, 176.599365234, 177.354003906, 178.120269775, 178.898132324, 179.676010132, 180.430648804, 181.185302734, 181.951568604, 182.717819214, 183.495681763, 184.261947632, 184.854049683, 185.411331177, 185.980224609, 186.549118042, 187.106384277, 187.663665771, 188.220947266, 188.77822876, 189.335510254, 189.904388428, 190.47328186, 191.042175293, 191.611068726, 192.168334961, 192.725616455, 193.282897949, 193.851791382, 194.420669556, 194.97795105, 195.546844482, 196.115737915, 196.673019409, 197.241897583, 197.787567139, 198.333236694, 198.890518188, 199.482620239, 200.074737549, 200.6668396, 201.258956909, 201.85105896, 202.454788208]
    bpm_estimates: [79.5072097778, 80.7495269775, 80.74949646, 78.3025588989, 80.7495269775, 80.74949646, 79.507194519, 79.5072479248, 80.74949646, 80.74949646, 79.5072479248, 79.5071411133, 80.7495498657, 80.7495498657, 80.7494506836, 78.3025817871, 80.7495498657, 79.5071411133, 79.5072479248, 80.7495498657, 79.5071411133, 79.5072479248, 80.7495498657, 78.3025817871, 80.7495498657, 80.7493438721, 79.5072479248, 79.5072479248, 80.7495498657, 80.7495498657, 80.7493438721, 80.7495498657, 78.3025817871, 79.5072479248, 79.5072479248, 80.7495498657, 79.5070419312, 79.5072479248, 80.7495498657, 80.7495498657, 79.5072479248, 80.7495498657, 79.5070419312, 80.7495498657, 79.5074462891, 79.5070419312, 80.7495498657, 80.7495498657, 79.5070419312, 79.5074462891, 80.7495498657, 79.5070419312, 79.5070419312, 79.5074462891, 79.5070419312, 80.7495498657, 80.7495498657, 79.5070419312, 79.5074462891, 79.5070419312, 80.7495498657, 79.5074462891, 79.5070419312, 79.5070419312, 82.0315093994, 79.5070419312, 79.5074462891, 79.5070419312, 80.7495498657, 80.7495498657, 79.5070419312, 79.5074462891, 80.7495498657, 79.5070419312, 79.5070419312, 80.7495498657, 80.7495498657, 78.3025817871, 80.7495498657, 80.7495498657, 79.5070419312, 79.5074462891, 80.7495498657, 79.5070419312, 79.5074462891, 80.7491378784, 80.7499694824, 79.5066452026, 79.5074462891, 80.7499694824, 79.5066452026, 79.5074462891, 80.7491378784, 80.7499694824, 79.5074462891, 79.5066452026, 79.5074462891, 79.5074462891, 80.7491378784, 80.7499694824, 80.7491378784, 79.5074462891, 79.5074462891, 79.5066452026, 80.7499694824, 79.5066452026, 80.7499694824, 79.5074462891, 80.7491378784, 79.5074462891, 79.5066452026, 79.5074462891, 79.5074462891, 79.5074462891, 80.7491378784, 79.5074462891, 79.5066452026, 80.7499694824, 80.7491378784, 79.5074462891, 80.7499694824, 79.5066452026, 79.5074462891, 79.5074462891, 80.7491378784, 79.5074462891, 79.5074462891, 80.7491378784, 80.7491378784, 79.5074462891, 79.5074462891, 80.7491378784, 80.7499694824, 79.5066452026, 79.5074462891, 79.5074462891, 80.7491378784, 79.5074462891, 79.5074462891, 80.7491378784, 79.5074462891, 80.7491378784, 80.7499694824, 79.5074462891, 79.5066452026, 79.5074462891, 79.5074462891, 80.7491378784, 80.7499694824, 79.5066452026, 79.5074462891, 80.7491378784, 80.7499694824, 79.5074462891, 79.5066452026, 80.7499694824, 79.5074462891, 79.5066452026, 80.7499694824, 80.7491378784, 80.7499694824, 78.3025817871, 80.7491378784, 78.3025817871, 80.7491378784, 80.7499694824, 79.5074462891, 79.5066452026, 80.7499694824, 79.5074462891, 79.5066452026, 80.7491378784, 80.750793457, 79.5066452026, 79.5066452026, 80.7491378784, 80.750793457, 78.3018035889, 77.1344528198, 75.9999237061, 77.1329345703, 75.9999237061, 77.1329345703, 77.1344528198, 75.9999237061, 75.9999237061, 75.9984512329, 75.9999237061, 78.3033599854, 79.5066452026, 79.5066452026, 80.7491378784, 79.5082473755, 79.5066452026, 80.7491378784, 79.5082473755, 79.5066452026, 80.7491378784, 80.750793457, 80.7491378784, 80.7491378784, 79.5066452026, 79.5082473755, 79.5066452026, 79.5066452026, 80.750793457, 80.7491378784, 79.5066452026, 79.5082473755, 79.5066452026, 80.7491378784, 79.5082473755, 79.5066452026, 79.5066452026, 80.750793457, 79.5066452026, 80.7491378784, 80.7491378784, 79.5082473755, 80.7491378784, 79.5066452026, 79.5082473755, 79.5066452026, 79.5066452026, 80.750793457, 79.5066452026, 80.7491378784, 79.5066452026, 80.750793457, 80.7491378784, 78.3018035889, 80.750793457, 80.7491378784, 79.5066452026, 79.5082473755, 78.3018035889, 77.1344528198, 77.1329345703, 79.5082473755, 79.5066452026, 78.3018035889, 78.3033599854, 77.1344528198, 78.3018035889]
