
metadata:
    version:
        essentia: "2.1-beta2"
    audio_properties:
        analysis_sample_rate: 44100
        bitrate: 224
        channels: 2
        equal_loudness: 1
        length: 209.475921631
        replay_gain: -15.806470871
        downmix: "mix"
    tags:
        album: "The Way Of The Fist (UK Import)"
        artist: "Five Finger Death Punch"
        comment: "."
        date: "2009"
        genre: "Metal"
        title: "Never Enough"
        tracknumber: "8"

configuration:
    average_loudness:
        compute: 1
        frameSize: 88200
        hopSize: 44100
        silentFrames: "noise"
        windowType: "hann"
    general:
        analysisSampleRate: 44100
        endTime: 2000
        equalLoudness: 1
        nequalLoudness: 0
        shortSound: 0
        startTime: 0
    lowlevel:
        compute: 1
        frameSize: 2048
        hopSize: 1024
        zeroPadding: 0
        silentFrames: "noise"
        windowType: "blackmanharris62"
        mfccStats: ["mean", "cov", "icov"]
        stats: ["mean", "var", "median", "min", "max", "dmean", "dmean2", "dvar", "dvar2"]
    panning:
        compute: 0
        frameSize: 8192
        hopSize: 2048
        zeroPadding: 8192
        silentFrames: "noise"
        windowType: "hann"
        stats: ["copy"]
    rhythm:
        compute: 1
        maxTempo: 208
        minTempo: 40
        method: "degara"
        stats: ["mean", "var", "median", "min", "max", "dmean", "dmean2", "dvar", "dvar2"]
    segmentation:
        compute: 0
        cpw: 5
        inc1: 300
        inc2: 50
        minimumSegmentsLength: 10
        size1: 1000
        size2: 600
    sfx:
        compute: 1
        stats: ["mean", "var", "median", "min", "max", "dmean", "dmean2", "dvar", "dvar2"]
    svm:
        compute: 0
    tonal:
        compute: 1
        frameSize: 4096
        hopSize: 2048
        zeroPadding: 0
        silentFrames: "noise"
        windowType: "blackmanharris62"
        stats: ["mean", "var", "median", "min", "max", "dmean", "dmean2", "dvar", "dvar2"]

lowlevel:
    average_loudness: 0.872443556786
    barkbands_kurtosis:
        dmean: 0.717458426952
        dmean2: 1.1894493103
        dvar: 4.52223205566
        dvar2: 11.2227640152
        max: 153.043395996
        mean: -0.650116086006
        median: -1.20501852036
        min: -1.90090286732
        var: 16.0468025208
    barkbands_skewness:
        dmean: 0.447312384844
        dmean2: 0.707546651363
        dvar: 0.183790206909
        dvar2: 0.471014678478
        max: 11.8508653641
        mean: 0.231893986464
        median: 0.20518283546
        min: -3.91827178001
        var: 0.676896691322
    barkbands_spread:
        dmean: 6.40932178497
        dmean2: 10.0821647644
        dvar: 36.2507896423
        dvar2: 89.6711730957
        max: 83.6205062866
        mean: 36.3233299255
        median: 35.2853546143
        min: 1.10153114796
        var: 129.704483032
    dissonance:
        dmean: 0.0139953913167
        dmean2: 0.0236037876457
        dvar: 0.000179261522135
        dvar2: 0.000496994238347
        max: 0.500000178814
        mean: 0.474988222122
        median: 0.480265974998
        min: 0.333259552717
        var: 0.000369612505892
    hfc:
        dmean: 2.106726408
        dmean2: 3.44512248039
        dvar: 6.2891254425
        dvar2: 16.5638923645
        max: 42.5597915649
        mean: 7.95019865036
        median: 7.14538955688
        min: 1.22601123737e-016
        var: 26.5383491516
    pitch:
        dmean: 744.627380371
        dmean2: 1432.92077637
        dvar: 1700569.25
        dvar2: 4145434
        max: 4587.54541016
        mean: 1526.97729492
        median: 371.493865967
        min: 62.051322937
        var: 2836219.5
    pitch_instantaneous_confidence:
        dmean: 0.0830003395677
        dmean2: 0.132696017623
        dvar: 0.00479671219364
        dvar2: 0.0122323501855
        max: 0.91366904974
        mean: 0.402062833309
        median: 0.383623182774
        min: 0.100036621094
        var: 0.0169693436474
    pitch_salience:
        dmean: 0.0716391801834
        dmean2: 0.120604477823
        dvar: 0.00410564476624
        dvar2: 0.0118880234659
        max: 0.991420090199
        mean: 0.628404676914
        median: 0.637232065201
        min: 0.115855678916
        var: 0.00921970140189
    silence_rate_20dB:
        dmean: 0
        dmean2: 0
        dvar: 0
        dvar2: 0
        max: 1
        mean: 1
        median: 1
        min: 1
        var: 0
    silence_rate_30dB:
        dmean: 0
        dmean2: 0
        dvar: 0
        dvar2: 0
        max: 1
        mean: 1
        median: 1
        min: 1
        var: 0
    silence_rate_60dB:
        dmean: 0.092219017446
        dmean2: 0.184458479285
        dvar: 0.0837068855762
        dvar2: 0.179268121719
        max: 1
        mean: 0.282500267029
        median: 0
        min: 0
        var: 0.202708482742
    spectral_centroid:
        dmean: 333.018310547
        dmean2: 534.601013184
        dvar: 118610.921875
        dvar2: 292517.75
        max: 10999.1875
        mean: 1664.03186035
        median: 1633.92822266
        min: 167.636627197
        var: 315033.46875
    spectral_complexity:
        dmean: 3.68255376816
        dmean2: 6.07094573975
        dvar: 13.0673313141
        dvar2: 33.0126800537
        max: 43
        mean: 14.2942476273
        median: 13
        min: 0
        var: 73.7293548584
    spectral_crest:
        dmean: 2.27950763702
        dmean2: 3.73676395416
        dvar: 4.10097742081
        dvar2: 10.503200531
        max: 26.1715145111
        mean: 7.3426990509
        median: 6.50331878662
        min: 2.51757574081
        var: 10.521323204
    spectral_decrease:
        dmean: 2.80927697771e-010
        dmean2: 4.5183073949e-010
        dvar: 1.25810526405e-019
        dvar2: 3.19441668781e-019
        max: 9.63050796447e-029
        mean: -1.07053521603e-009
        median: -1.0122109817e-009
        min: -3.79627973501e-009
        var: 3.5534924313e-019
    spectral_energy:
        dmean: 0.00119969458319
        dmean2: 0.00192736426834
        dvar: 2.18584273171e-006
        dvar2: 5.5388304645e-006
        max: 0.0166619773954
        mean: 0.00476155476645
        median: 0.00450047943741
        min: 1.09035515224e-020
        var: 6.99497286405e-006
    spectral_energyband_high:
        dmean: 0.000186730976566
        dmean2: 0.000308601214783
        dvar: 5.99954574909e-008
        dvar2: 1.61910435281e-007
        max: 0.00452449359
        mean: 0.00046589638805
        median: 0.000401494355174
        min: 7.80685872765e-021
        var: 1.17644994191e-007
    spectral_energyband_low:
        dmean: 0.000324726424878
        dmean2: 0.000551495875698
        dvar: 1.83841478929e-007
        dvar2: 4.90891181926e-007
        max: 0.00559070892632
        mean: 0.000497916829772
        median: 0.000363366387319
        min: 6.79080118642e-023
        var: 2.31253267202e-007
    spectral_energyband_middle_high:
        dmean: 0.000524322153069
        dmean2: 0.000835176964756
        dvar: 3.52690960881e-007
        dvar2: 8.69623590916e-007
        max: 0.0110272411257
        mean: 0.00188899913337
        median: 0.0015128608793
        min: 1.41945980357e-021
        var: 2.33084324464e-006
    spectral_energyband_middle_low:
        dmean: 0.000891812844202
        dmean2: 0.00144152797293
        dvar: 1.56110911576e-006
        dvar2: 4.03606873078e-006
        max: 0.0105519797653
        mean: 0.00205225963145
        median: 0.00173771404661
        min: 3.07521760278e-022
        var: 2.53234429692e-006
    spectral_flatness_db:
        dmean: 0.0148945841938
        dmean2: 0.0236679520458
        dvar: 0.000175716369995
        dvar2: 0.000437805516412
        max: 0.355369478464
        mean: 0.139134585857
        median: 0.135843738914
        min: 0.0411430634558
        var: 0.000925049593206
    spectral_flux:
        dmean: 0.00854958966374
        dmean2: 0.0129640875384
        dvar: 7.5633302913e-005
        dvar2: 0.000164325509104
        max: 0.110337607563
        mean: 0.0418219044805
        median: 0.041555531323
        min: 1.04420069813e-010
        var: 0.000250416575
    spectral_kurtosis:
        dmean: 0.906316101551
        dmean2: 1.49609351158
        dvar: 1.13290727139
        dvar2: 3.24463009834
        max: 25.9349708557
        mean: 3.15565133095
        median: 2.92903470993
        min: -1.21615517139
        var: 3.29458451271
    spectral_rms:
        dmean: 0.000265389884589
        dmean2: 0.000416069116909
        dvar: 8.67742571131e-008
        dvar2: 2.08930146073e-007
        max: 0.00403182208538
        mean: 0.00205413764343
        median: 0.00209540245123
        min: 3.26153513919e-012
        var: 4.25928305958e-007
    spectral_rolloff:
        dmean: 462.914215088
        dmean2: 745.577087402
        dvar: 341035.09375
        dvar2: 741701.25
        max: 19272.2167969
        mean: 3403.06762695
        median: 3531.4453125
        min: 150.732421875
        var: 844444.9375
    spectral_skewness:
        dmean: 0.158744797111
        dmean2: 0.247353613377
        dvar: 0.0249776300043
        dvar2: 0.0576293133199
        max: 3.75178670883
        mean: 1.22740387917
        median: 1.20827746391
        min: -0.276663243771
        var: 0.11114667356
    spectral_spread:
        dmean: 502264.21875
        dmean2: 697603.6875
        dvar: 562823692288
        dvar2: 851312771072
        max: 41342896
        mean: 5062890
        median: 4830740
        min: 1828708.625
        var: 2.62105359974e+012
    spectral_strongpeak:
        dmean: 0.359835118055
        dmean2: 0.61018037796
        dvar: 0.328507363796
        dvar2: 0.881601452827
        max: 10.0294713974
        mean: 0.607548415661
        median: 0.353805184364
        min: 3.46179779287e-010
        var: 0.481468379498
    zerocrossingrate:
        dmean: 0.0094201695174
        dmean2: 0.0113065717742
        dvar: 8.39997228468e-005
        dvar2: 0.000104301943793
        max: 0.5048828125
        mean: 0.0965417474508
        median: 0.095703125
        min: 0.01171875
        var: 0.000624143402092
    barkbands:
        dmean: [2.47580743462e-007, 0.000114152142487, 0.000185039025382, 0.000257136591244, 0.000320800638292, 0.000233318947721, 0.000184918550076, 0.000136784394272, 0.000254046812188, 7.21495525795e-005, 3.39297475875e-005, 4.67859026685e-005, 4.69153565064e-005, 7.59264003136e-005, 7.53391941544e-005, 0.000102249578049, 0.000123976875329, 0.000139314841363, 0.000187019599252, 0.000169194405316, 8.54483369039e-005, 3.47830100509e-005, 6.24242511549e-006, 3.97071198677e-006, 1.6996358454e-006, 5.99643854571e-008, 9.35279853564e-010]
        dmean2: [4.16679654336e-007, 0.000204000025406, 0.000314578763209, 0.000439260154963, 0.000539365108125, 0.000380429992219, 0.000320519902743, 0.000224747665925, 0.000389612047002, 0.000113957357826, 5.40599285159e-005, 7.52952910261e-005, 7.44471035432e-005, 0.000119841148262, 0.000116243048979, 0.00016369727382, 0.000204904499697, 0.000239568384131, 0.000314830860589, 0.000281433545751, 0.000142697623232, 6.02257932769e-005, 9.95668506221e-006, 6.12931171418e-006, 2.65138919531e-006, 8.64501217279e-008, 1.34932320872e-009]
        dvar: [1.07345373096e-013, 4.293648459e-008, 7.60247971243e-008, 2.57552130734e-007, 4.07029602911e-007, 1.87151201203e-007, 1.59990491966e-007, 7.85546134807e-008, 1.80423825213e-007, 2.7814168746e-008, 6.01236926911e-009, 1.15693135072e-008, 1.08000417498e-008, 2.72949023383e-008, 3.57677691909e-008, 3.31948584176e-008, 2.95444841925e-008, 3.75289630483e-008, 5.83479859984e-008, 5.26598462613e-008, 1.18480665279e-008, 2.85323120686e-009, 1.76343564751e-010, 2.08186454187e-010, 5.55518409051e-011, 2.39803734866e-014, 3.2090941289e-018]
        dvar2: [2.81352849005e-013, 1.19916251151e-007, 2.01248397502e-007, 6.68009306537e-007, 1.10137284537e-006, 4.6602511361e-007, 4.36352195265e-007, 1.99120719913e-007, 4.27544847525e-007, 6.51182290312e-008, 1.41429516987e-008, 2.81276477665e-008, 2.5664297354e-008, 6.57537100324e-008, 8.26161183909e-008, 7.88078011738e-008, 7.61419727269e-008, 1.02045497385e-007, 1.55597504659e-007, 1.37391026556e-007, 3.17114263737e-008, 7.66541674579e-009, 3.40269368238e-010, 4.01881916634e-010, 1.39847439184e-010, 4.89474590417e-014, 6.02871729741e-018]
        max: [4.738723419e-006, 0.0013718472328, 0.00461696926504, 0.00492334738374, 0.00717890076339, 0.00649143522605, 0.0061313547194, 0.00513960188255, 0.00545272696763, 0.00381869566627, 0.00136051233858, 0.00275830226019, 0.00209127273411, 0.00344756012782, 0.00532002840191, 0.00546407699585, 0.00354015082121, 0.00358395976946, 0.00437696231529, 0.00593189103529, 0.00220189685933, 0.000704143196344, 0.000315015611704, 0.00034199754009, 0.000284607114736, 3.87617410524e-006, 3.89655205879e-008]
        mean: [3.29107251673e-007, 0.000129746404127, 0.000253898149822, 0.000268741190666, 0.000411784800235, 0.0003668309364, 0.00022611086024, 0.000206645723665, 0.000501945090946, 0.000113701164082, 5.26720723428e-005, 7.64479918871e-005, 7.12277469574e-005, 0.000121782257338, 0.000140285017551, 0.000203349991352, 0.000262096669758, 0.000286307913484, 0.00041451130528, 0.000368755980162, 0.00020526300068, 5.87884169363e-005, 1.07831092464e-005, 6.46669059279e-006, 2.9624641229e-006, 1.1768862862e-007, 1.73359770983e-009]
        median: [1.74615720994e-007, 7.22968106857e-005, 0.0001571989269, 0.000115696559078, 0.000196328779566, 0.000180121423909, 0.000104186969111, 6.91799868946e-005, 0.00016402231995, 3.53168034053e-005, 1.98579491553e-005, 2.57404244621e-005, 2.53814487223e-005, 4.28247039963e-005, 4.6358385589e-005, 0.000100161094451, 0.000162663316587, 0.000165770325111, 0.000294583209325, 0.000303916604025, 0.000176487097633, 3.91032590414e-005, 5.09856272402e-006, 2.252352715e-006, 1.35098798637e-006, 5.02966130966e-008, 6.0591198725e-010]
        min: [4.35503600046e-024, 2.22272682985e-023, 2.33834480847e-023, 3.15543794109e-023, 6.61021577909e-023, 2.88432790498e-023, 2.63778694176e-023, 2.49916499028e-023, 5.35364176752e-023, 7.77036953103e-023, 3.93690721962e-023, 3.01506613834e-023, 5.87488381945e-023, 9.55346086518e-023, 4.49901005764e-023, 1.23447050766e-022, 1.68504690458e-022, 2.21127203308e-022, 1.71626131018e-022, 3.33095292917e-022, 4.12600759157e-022, 5.54317891597e-022, 5.79211262053e-022, 6.80081404012e-022, 1.25138169123e-021, 1.54000300055e-021, 2.33690034105e-021]
        var: [1.7484817305e-013, 3.45225181775e-008, 1.0118225191e-007, 2.34944906197e-007, 4.28722415791e-007, 3.09434028622e-007, 1.47853654653e-007, 1.69949046835e-007, 5.35505535026e-007, 6.10897075148e-008, 1.1698990221e-008, 2.43583393456e-008, 1.99431013925e-008, 4.8681229714e-008, 9.14688982334e-008, 9.89857369404e-008, 8.02670143685e-008, 1.11431695871e-007, 1.58391515015e-007, 1.02848758843e-007, 2.42885640489e-008, 3.46174955368e-009, 4.14009382332e-010, 4.42626352237e-010, 6.61031784865e-011, 4.8820465086e-014, 8.11297752175e-018]
    frequency_bands:
        dmean: [2.47580743462e-007, 0.000114152142487, 0.000185039025382, 0.000257136591244, 0.000320800638292, 0.000233318947721, 0.000184918550076, 0.000136784394272, 0.000254046812188, 7.21495525795e-005, 3.39297475875e-005, 4.67859026685e-005, 4.69153565064e-005, 7.59264003136e-005, 7.53391941544e-005, 0.000102249578049, 0.000123976875329, 0.000139314841363, 0.000187019599252, 0.000169194405316, 8.54483369039e-005, 3.47830100509e-005, 6.24242511549e-006, 3.97071198677e-006, 1.6996358454e-006, 5.99643854571e-008, 9.35279853564e-010, 5.5068363064e-011]
        dmean2: [4.16679654336e-007, 0.000204000025406, 0.000314578763209, 0.000439260154963, 0.000539365108125, 0.000380429992219, 0.000320519902743, 0.000224747665925, 0.000389612047002, 0.000113957357826, 5.40599285159e-005, 7.52952910261e-005, 7.44471035432e-005, 0.000119841148262, 0.000116243048979, 0.00016369727382, 0.000204904499697, 0.000239568384131, 0.000314830860589, 0.000281433545751, 0.000142697623232, 6.02257932769e-005, 9.95668506221e-006, 6.12931171418e-006, 2.65138919531e-006, 8.64501217279e-008, 1.34932320872e-009, 1.01984164169e-010]
        dvar: [1.07345373096e-013, 4.293648459e-008, 7.60247971243e-008, 2.57552130734e-007, 4.07029602911e-007, 1.87151201203e-007, 1.59990491966e-007, 7.85546134807e-008, 1.80423825213e-007, 2.7814168746e-008, 6.01236926911e-009, 1.15693135072e-008, 1.08000417498e-008, 2.72949023383e-008, 3.57677691909e-008, 3.31948584176e-008, 2.95444841925e-008, 3.75289630483e-008, 5.83479859984e-008, 5.26598462613e-008, 1.18480665279e-008, 2.85323120686e-009, 1.76343564751e-010, 2.08186454187e-010, 5.55518409051e-011, 2.39803734866e-014, 3.2090941289e-018, 5.81724176573e-021]
        dvar2: [2.81352849005e-013, 1.19916251151e-007, 2.01248397502e-007, 6.68009306537e-007, 1.10137284537e-006, 4.6602511361e-007, 4.36352195265e-007, 1.99120719913e-007, 4.27544847525e-007, 6.51182290312e-008, 1.41429516987e-008, 2.81276477665e-008, 2.5664297354e-008, 6.57537100324e-008, 8.26161183909e-008, 7.88078011738e-008, 7.61419727269e-008, 1.02045497385e-007, 1.55597504659e-007, 1.37391026556e-007, 3.17114263737e-008, 7.66541674579e-009, 3.40269368238e-010, 4.01881916634e-010, 1.39847439184e-010, 4.89474590417e-014, 6.02871729741e-018, 1.83612220937e-020]
        max: [4.738723419e-006, 0.0013718472328, 0.00461696926504, 0.00492334738374, 0.00717890076339, 0.00649143522605, 0.0061313547194, 0.00513960188255, 0.00545272696763, 0.00381869566627, 0.00136051233858, 0.00275830226019, 0.00209127273411, 0.00344756012782, 0.00532002840191, 0.00546407699585, 0.00354015082121, 0.00358395976946, 0.00437696231529, 0.00593189103529, 0.00220189685933, 0.000704143196344, 0.000315015611704, 0.00034199754009, 0.000284607114736, 3.87617410524e-006, 3.89655205879e-008, 9.85159842593e-010]
        mean: [3.29107251673e-007, 0.000129746404127, 0.000253898149822, 0.000268741190666, 0.000411784800235, 0.0003668309364, 0.00022611086024, 0.000206645723665, 0.000501945090946, 0.000113701164082, 5.26720723428e-005, 7.64479918871e-005, 7.12277469574e-005, 0.000121782257338, 0.000140285017551, 0.000203349991352, 0.000262096669758, 0.000286307913484, 0.00041451130528, 0.000368755980162, 0.00020526300068, 5.87884169363e-005, 1.07831092464e-005, 6.46669059279e-006, 2.9624641229e-006, 1.1768862862e-007, 1.73359770983e-009, 4.31626054342e-011]
        median: [1.74615720994e-007, 7.22968106857e-005, 0.0001571989269, 0.000115696559078, 0.000196328779566, 0.000180121423909, 0.000104186969111, 6.91799868946e-005, 0.00016402231995, 3.53168034053e-005, 1.98579491553e-005, 2.57404244621e-005, 2.53814487223e-005, 4.28247039963e-005, 4.6358385589e-005, 0.000100161094451, 0.000162663316587, 0.000165770325111, 0.000294583209325, 0.000303916604025, 0.000176487097633, 3.91032590414e-005, 5.09856272402e-006, 2.252352715e-006, 1.35098798637e-006, 5.02966130966e-008, 6.0591198725e-010, 1.6915729234e-011]
        min: [4.35503600046e-024, 2.22272682985e-023, 2.33834480847e-023, 3.15543794109e-023, 6.61021577909e-023, 2.88432790498e-023, 2.63778694176e-023, 2.49916499028e-023, 5.35364176752e-023, 7.77036953103e-023, 3.93690721962e-023, 3.01506613834e-023, 5.87488381945e-023, 9.55346086518e-023, 4.49901005764e-023, 1.23447050766e-022, 1.68504690458e-022, 2.21127203308e-022, 1.71626131018e-022, 3.33095292917e-022, 4.12600759157e-022, 5.54317891597e-022, 5.79211262053e-022, 6.80081404012e-022, 1.25138169123e-021, 1.54000300055e-021, 2.33690034105e-021, 6.77169964536e-022]
        var: [1.7484817305e-013, 3.45225181775e-008, 1.0118225191e-007, 2.34944906197e-007, 4.28722415791e-007, 3.09434028622e-007, 1.47853654653e-007, 1.69949046835e-007, 5.35505535026e-007, 6.10897075148e-008, 1.1698990221e-008, 2.43583393456e-008, 1.99431013925e-008, 4.8681229714e-008, 9.14688982334e-008, 9.89857369404e-008, 8.02670143685e-008, 1.11431695871e-007, 1.58391515015e-007, 1.02848758843e-007, 2.42885640489e-008, 3.46174955368e-009, 4.14009382332e-010, 4.42626352237e-010, 6.61031784865e-011, 4.8820465086e-014, 8.11297752175e-018, 4.74226239858e-021]
    mfcc:
        mean: [-704.518981934, 99.4382171631, -39.388885498, 61.4205627441, -16.7424888611, -8.76526260376, -3.01507616043, -7.76785612106, 4.18405675888, -1.50155997276, -1.10780477524, -2.97640752792, -6.40148305893]
        cov: [[4275.23925781, 185.294311523, -279.621612549, 224.621307373, -195.552978516, 32.8805503845, -90.2113418579, 20.9756011963, 40.7071228027, 87.774230957, 54.4704360962, -9.3376083374, -20.100194931], [185.294311523, 695.782226563, -258.288085938, 106.610588074, -44.9629478455, -28.7510852814, 32.9615020752, -1.64067924023, 53.0335998535, 5.14217329025, 19.9271583557, 8.3965959549, 16.4570446014], [-279.621612549, -258.288085938, 457.501617432, 15.4951677322, 33.5979003906, 34.0422554016, 27.7515697479, 9.90149593353, -20.5299758911, -31.3896446228, -31.1651649475, -0.686421573162, -2.52880787849], [224.621307373, 106.610588074, 15.4951677322, 345.44329834, 38.9630126953, 54.1377487183, 20.6297645569, -13.1267194748, 50.7677078247, 6.78691291809, -4.23736858368, 8.21341228485, 8.75584220886], [-195.552978516, -44.9629478455, 33.5979003906, 38.9630126953, 220.344497681, 39.2591514587, -37.1680526733, -32.2451400757, -8.59979915619, 44.5592041016, -10.2741336823, -6.88854074478, 3.32826018333], [32.8805503845, -28.7510852814, 34.0422554016, 54.1377487183, 39.2591514587, 122.467315674, 34.0354309082, 4.58823680878, 17.7914867401, 19.4499931335, 12.9937992096, 5.06104803085, 1.09837555885], [-90.2113418579, 32.9615020752, 27.7515697479, 20.6297645569, -37.1680526733, 34.0354309082, 148.185012817, 70.7008132935, 38.3559761047, -5.5896062851, 11.5583353043, 20.2396335602, -1.56489849091], [20.9756011963, -1.64067924023, 9.90149593353, -13.1267194748, -32.2451400757, 4.58823680878, 70.7008132935, 122.378311157, 28.9915351868, 12.2945289612, 2.38595628738, 7.73281621933, 7.93212413788], [40.7071228027, 53.0335998535, -20.5299758911, 50.7677078247, -8.59979915619, 17.7914867401, 38.3559761047, 28.9915351868, 97.8984451294, 41.8590545654, 18.3520259857, 1.25796353817, -6.80442619324], [87.774230957, 5.14217329025, -31.3896446228, 6.78691291809, 44.5592041016, 19.4499931335, -5.5896062851, 12.2945289612, 41.8590545654, 101.578460693, 36.6576881409, 6.52655220032, -8.12892627716], [54.4704360962, 19.9271583557, -31.1651649475, -4.23736858368, -10.2741336823, 12.9937992096, 11.5583353043, 2.38595628738, 18.3520259857, 36.6576881409, 71.0535125732, 30.8865203857, 2.36448121071], [-9.3376083374, 8.3965959549, -0.686421573162, 8.21341228485, -6.88854074478, 5.06104803085, 20.2396335602, 7.73281621933, 1.25796353817, 6.52655220032, 30.8865203857, 67.2013168335, 29.0112285614], [-20.100194931, 16.4570446014, -2.52880787849, 8.75584220886, 3.32826018333, 1.09837555885, -1.56489849091, 7.93212413788, -6.80442619324, -8.12892627716, 2.36448121071, 29.0112285614, 61.6979522705]]
        icov: [[0.000294505764032, 7.00388085306e-008, 0.00013697281247, -0.00027250306448, 0.000442337302957, -0.000206994707696, 0.000376962561859, -0.000205052565434, 0.000208153927815, -0.000377019459847, -1.37274355438e-005, 3.71611095034e-005, 0.00011229498341], [7.00388085306e-008, 0.00211471435614, 0.00116641051136, -0.000668265856802, 0.000111612389446, 0.000711023865733, -0.000843975460157, 0.000499155314174, -0.000614047923591, 0.000260852539213, -0.000239392582444, 0.000398458127165, -0.000737200141884], [0.00013697281247, 0.00116641051136, 0.00313375587575, -0.000494584382977, -0.00017659207515, -0.000371818925487, -0.000650444300845, -7.33348570066e-005, 0.000147561513586, 0.000612146395724, 0.000855550519191, -0.000348494853824, 0.000169213686604], [-0.00027250306448, -0.000668265856802, -0.000494584382977, 0.00403444981202, -0.000970657158177, -0.0012921198504, -0.000155775196617, 0.000918330275454, -0.002438722644, 0.00108607287984, 0.000980051234365, -0.000898033904377, -0.000291150616249], [0.000442337302957, 0.000111612389446, -0.00017659207515, -0.000970657158177, 0.00713374093175, -0.00204512872733, 0.00117358972784, 0.00113854068331, 0.00202466431074, -0.00508925830945, 0.00275142141618, 0.000113646354293, -0.000826295581646], [-0.000206994707696, 0.000711023865733, -0.000371818925487, -0.0012921198504, -0.00204512872733, 0.0110417148098, -0.00374683947302, 0.00128552049864, -0.000152068343596, -0.000795232830569, -0.00224251719192, 0.00161857274361, -0.0012321920367], [0.000376962561859, -0.000843975460157, -0.000650444300845, -0.000155775196617, 0.00117358972784, -0.00374683947302, 0.0133554097265, -0.00684907846153, -0.00320285419002, 0.00341515988111, -0.000659318175167, -0.00421449868008, 0.00366976857185], [-0.000205052565434, 0.000499155314174, -7.33348570066e-005, 0.000918330275454, 0.00113854068331, 0.00128552049864, -0.00684907846153, 0.0132851777598, -0.00134256063029, -0.00329403858632, 0.00229828595184, 0.00115529657342, -0.00351267307997], [0.000208153927815, -0.000614047923591, 0.000147561513586, -0.002438722644, 0.00202466431074, -0.000152068343596, -0.00320285419002, -0.00134256063029, 0.0170289129019, -0.00773158716038, -0.000598162179813, 0.00228857062757, 0.000374790164642], [-0.000377019459847, 0.000260852539213, 0.000612146395724, 0.00108607287984, -0.00508925830945, -0.000795232830569, 0.00341515988111, -0.00329403858632, -0.00773158716038, 0.0197935476899, -0.00866913422942, -0.000280037726043, 0.00269645848311], [-1.37274355438e-005, -0.000239392582444, 0.000855550519191, 0.000980051234365, 0.00275142141618, -0.00224251719192, -0.000659318175167, 0.00229828595184, -0.000598162179813, -0.00866913422942, 0.0249667838216, -0.0115235988051, 0.00278824660927], [3.71611095034e-005, 0.000398458127165, -0.000348494853824, -0.000898033904377, 0.000113646354293, 0.00161857274361, -0.00421449868008, 0.00115529657342, 0.00228857062757, -0.000280037726043, -0.0115235988051, 0.0264522321522, -0.0120524652302], [0.00011229498341, -0.000737200141884, 0.000169213686604, -0.000291150616249, -0.000826295581646, -0.0012321920367, 0.00366976857185, -0.00351267307997, 0.000374790164642, 0.00269645848311, 0.00278824660927, -0.0120524652302, 0.0230576433241]]
    sccoeffs:
        dmean: [0.0589724443853, 0.0505506321788, 0.0403996370733, 0.0295770578086, 0.019178006798, 0.0192878060043]
        dmean2: [0.0973566398025, 0.0842053517699, 0.0652734413743, 0.0484360978007, 0.0318458229303, 0.0297209843993]
        dvar: [0.00238970899954, 0.00165849202313, 0.00105942238588, 0.00059132714523, 0.000236398846027, 0.000297879072605]
        dvar2: [0.00614616973326, 0.00457967305556, 0.00264883134514, 0.00147769681644, 0.000632804410998, 0.000656158314086]
        max: [-0.299274325371, -0.497280687094, -0.507760226727, -0.573999047279, -0.657713115215, -0.60600990057]
        mean: [-0.661954343319, -0.747882664204, -0.754948675632, -0.789900064468, -0.807073295116, -0.7355697155]
        median: [-0.666239202023, -0.752158999443, -0.766410171986, -0.798257887363, -0.809955954552, -0.73425000906]
        min: [-0.972770631313, -0.989385247231, -0.995698809624, -0.986013650894, -0.988868951797, -0.961596727371]
        var: [0.00595703301951, 0.00474809203297, 0.005834935233, 0.00308121182024, 0.000848194700666, 0.00155224429909]
    scvalleys:
        dmean: [0.405469566584, 0.369669795036, 0.306136608124, 0.253581494093, 0.223343148828, 0.278132945299]
        dmean2: [0.683412194252, 0.609798789024, 0.499510198832, 0.408791899681, 0.349945902824, 0.410524815321]
        dvar: [0.117167271674, 0.108224079013, 0.0693784579635, 0.0551450066268, 0.0583822838962, 0.120723724365]
        dvar2: [0.297061681747, 0.2688190341, 0.157051444054, 0.11407828331, 0.114341057837, 0.252427011728]
        max: [-5.34534072876, -4.55637168884, -5.04172229767, -5.90366840363, -5.60134553909, -7.38904333115]
        mean: [-6.82724285126, -6.49093675613, -7.20228862762, -7.37565994263, -6.83846139908, -9.62327957153]
        median: [-6.63188362122, -6.39014053345, -7.09642839432, -7.26786708832, -6.67440080643, -9.42288398743]
        min: [-27.1614646912, -27.2807254791, -27.1892223358, -27.1075172424, -27.2935276031, -27.2258491516]
        var: [1.07409155369, 1.03996169567, 0.964445114136, 0.888559103012, 0.950880289078, 1.48355519772]

rhythm:
    beats_loudness:
        dmean: 0.00233758590184
        dmean2: 0.00443428847939
        dvar: 2.26843894779e-006
        dvar2: 7.56950066716e-006
        max: 0.0136976577342
        mean: 0.00555680459365
        median: 0.00561959482729
        min: 3.43756205723e-008
        var: 5.7394408941e-006
    bpm: 126.416046143
    bpm_confidence: 0
    first_peak_bpm: 126
    first_peak_spread: 0.243619501591
    first_peak_weight: 0.742596805096
    onset_rate: 3.6233279705
    second_peak_bpm: 120
    second_peak_spread: 0.166666656733
    second_peak_weight: 0.0113895218819
    beats_loudness_band_ratio:
        dmean: [0.148327767849, 0.090576544404, 0.124392904341, 0.0546195581555, 0.0968986824155, 0.081365250051]
        dmean2: [0.26988747716, 0.159356310964, 0.223166272044, 0.0962300375104, 0.172466397285, 0.143727004528]
        dvar: [0.0115644307807, 0.00746329315007, 0.0134865418077, 0.00443995837122, 0.00769816385582, 0.00432885065675]
        dvar2: [0.0377994179726, 0.0198831669986, 0.0393651202321, 0.0128518231213, 0.0215664021671, 0.0127034382895]
        max: [0.834800541401, 0.854886054993, 0.778813540936, 0.413413226604, 0.618750929832, 0.633941590786]
        mean: [0.278377622366, 0.125421777368, 0.172293037176, 0.0695973336697, 0.18266774714, 0.207750305533]
        median: [0.275336563587, 0.101776510477, 0.128353446722, 0.0457626953721, 0.146829456091, 0.205967515707]
        min: [0.000477001391118, 0.00397508963943, 0.0176954511553, 0.00325565203093, 0.00855545513332, 0.00336710759439]
        var: [0.02482974343, 0.0108367558569, 0.016969691962, 0.00447265338153, 0.0126300053671, 0.0064937598072]
    beats_position: [0.49922901392, 0.99845802784, 1.50929701328, 2.00852608681, 2.50775504112, 3.00698399544, 3.50621318817, 3.99383211136, 4.48145103455, 4.95746040344, 5.4334692955, 5.90947818756, 6.38548755646, 6.86149644852, 7.33750534058, 7.81351470947, 8.28952407837, 8.76553249359, 9.24154186249, 9.71755123138, 10.1935596466, 10.6695690155, 11.1455783844, 11.6215867996, 12.0975961685, 12.5736055374, 13.0496139526, 13.5256233215, 14.0016326904, 14.4776411057, 14.9536504745, 15.4296598434, 15.9056682587, 16.3816776276, 16.8576869965, 17.3336963654, 17.8097057343, 18.2857131958, 18.7617225647, 19.2377319336, 19.7137413025, 20.1897506714, 20.6657600403, 21.1417675018, 21.6177768707, 22.0937862396, 22.5697956085, 23.0341949463, 23.5218143463, 23.9978218079, 24.4738311768, 24.9498405457, 25.4258499146, 25.9018592834, 26.3778686523, 26.8538761139, 27.3298854828, 27.8058948517, 28.2819042206, 28.7579135895, 29.2339229584, 29.7099323273, 30.1859397888, 30.6619491577, 31.1379585266, 31.6139678955, 32.0899772644, 32.5659866333, 33.0419960022, 33.5180053711, 33.99401474, 34.4700202942, 34.9460296631, 35.422039032, 35.8980484009, 36.3740577698, 36.8500671387, 37.3260765076, 37.8020858765, 38.2897033691, 38.765712738, 39.2417221069, 39.7177314758, 40.1937408447, 40.6581382751, 41.134147644, 41.6101570129, 42.0861663818, 42.5621757507, 43.0381851196, 43.5141944885, 43.9902038574, 44.4662132263, 44.9422225952, 45.4182319641, 45.894241333, 46.3702468872, 46.8462562561, 47.322265625, 47.8098869324, 48.2858963013, 48.7619056702, 49.2379112244, 49.7255325317, 50.2015419006, 50.6659393311, 51.1303405762, 51.6063499451, 52.0823554993, 52.5583648682, 53.0343742371, 53.510383606, 53.9863929749, 54.4624023438, 54.9384117126, 55.4260292053, 55.9020385742, 56.3780479431, 56.854057312, 57.3300666809, 57.8176841736, 58.2936935425, 58.7697029114, 59.2457122803, 59.7217216492, 60.1861228943, 60.6505203247, 61.1265296936, 61.6025390625, 62.0669364929, 62.5545578003, 63.042175293, 63.5297966003, 63.9941940308, 64.470199585, 64.9462127686, 65.4222183228, 65.8982315063, 66.385848999, 66.8618545532, 67.3378677368, 67.813873291, 68.2898864746, 68.7658920288, 69.2419052124, 69.7179107666, 70.1939239502, 70.6699295044, 71.145942688, 71.6219482422, 72.0979614258, 72.57396698, 73.0499725342, 73.5259857178, 74.001991272, 74.4663925171, 74.9540100098, 75.4300231934, 75.9060287476, 76.3704299927, 76.8464355469, 77.3224487305, 77.8100662231, 78.2860794067, 78.7620849609, 79.2380905151, 79.7141036987, 80.1901092529, 80.6661224365, 81.1421279907, 81.6181411743, 82.0941467285, 82.5701599121, 83.0461654663, 83.5221786499, 83.9981842041, 84.4741897583, 84.9385910034, 85.414604187, 85.8906097412, 86.3782272339, 86.8542404175, 87.3302459717, 87.8062591553, 88.2822647095, 88.7582778931, 89.2342834473, 89.7102966309, 90.1863021851, 90.6623077393, 91.1383209229, 91.6259384155, 92.0903396606, 92.5663452148, 93.0423583984, 93.5183639526, 93.9943771362, 94.4703826904, 94.946395874, 95.4340133667, 95.9100189209, 96.3976364136, 96.8736495972, 97.3380508423, 97.8140563965, 98.2900695801, 98.7660751343, 99.2420806885, 99.7064819336, 100.182495117, 100.658500671, 101.134513855, 101.610519409, 102.086524963, 102.562538147, 103.05015564, 103.526168823, 104.002174377, 104.478187561, 104.954193115, 105.430198669, 105.894599915, 106.370613098, 106.846618652, 107.322631836, 107.79863739, 108.274642944, 108.750656128, 109.226661682, 109.714286804, 110.190292358, 110.666305542, 111.153923035, 111.629928589, 112.105941772, 112.570335388, 113.046348572, 113.510749817, 113.986755371, 114.462760925, 114.938774109, 115.414779663, 115.890792847, 116.366798401, 116.842811584, 117.330429077, 117.806434631, 118.282447815, 118.758453369, 119.234466553, 119.710472107, 120.186485291, 120.662490845, 121.138504028, 121.614509583, 122.090522766, 122.56652832, 123.042533875, 123.518547058, 123.994552612, 124.470565796, 124.94657135, 125.422584534, 125.898590088, 126.374603271, 126.850608826, 127.326622009, 127.791015625, 128.25541687, 128.719818115, 129.195831299, 129.660217285, 130.12461853, 130.589019775, 131.053421021, 131.517822266, 131.982223511, 132.458221436, 132.934234619, 133.398635864, 133.863037109, 134.339050293, 134.815048218, 135.279449463, 135.743850708, 136.219863892, 136.695877075, 137.160263062, 137.624664307, 138.10067749, 138.565078735, 139.02947998, 139.505477905, 139.96987915, 140.445892334, 140.921905518, 141.386306763, 141.850692749, 142.315093994, 142.779495239, 143.243896484, 143.708297729, 144.172698975, 144.63710022, 145.113098145, 145.589111328, 146.065124512, 146.529525757, 146.993927002, 147.469924927, 147.957550049, 148.421951294, 148.886352539, 149.350738525, 149.815139771, 150.279541016, 150.743942261, 151.219955444, 151.684356689, 152.160354614, 152.624755859, 153.089157104, 153.55355835, 154.029571533, 154.505569458, 154.958358765, 155.42276001, 155.898773193, 156.3515625, 156.827575684, 157.291976929, 157.767974854, 158.232376099, 158.708389282, 159.184402466, 159.660400391, 160.124801636, 160.589202881, 161.065216064, 161.541213989, 162.005615234, 162.470016479, 162.934417725, 163.39881897, 163.863220215, 164.32762146, 164.792022705, 165.256408691, 165.732421875, 166.208435059, 166.684448242, 167.160446167, 167.624847412, 168.089248657, 168.565261841, 169.041259766, 169.505661011, 169.970062256, 170.457687378, 170.945297241, 171.421310425, 171.88571167, 172.361724854, 172.826126099, 173.302124023, 173.778137207, 174.242538452, 174.706939697, 175.182937622, 175.658950806, 176.134963989, 176.610977173, 177.086975098, 177.562988281, 178.039001465, 178.515014648, 178.991012573, 179.467025757, 179.94303894, 180.419036865, 180.895050049, 181.371063232, 181.847076416, 182.323074341, 182.799087524, 183.275100708, 183.751113892, 184.227111816, 184.703125, 185.179138184, 185.666748047, 186.14276123, 186.618774414, 187.094787598, 187.570785522, 188.046798706, 188.52281189, 188.998809814, 189.474822998, 189.950836182, 190.426849365, 190.90284729, 191.378860474, 191.854873657, 192.330886841, 192.806884766, 193.282897949, 193.758911133, 194.234924316, 194.710922241, 195.186935425, 195.662948608, 196.138946533, 196.603347778, 197.079360962, 197.555374146, 198.03137207, 198.507385254, 198.983398438, 199.459411621, 199.935409546, 200.411422729, 200.887435913, 201.375045776, 201.85105896, 202.327072144, 202.803085327, 203.279083252, 203.755096436, 204.231109619, 204.707122803, 205.183120728, 205.659133911, 206.146759033, 206.622756958, 207.098770142, 207.574783325, 208.050796509, 208.526794434, 209.002807617]
