
metadata:
    version:
        essentia: "2.1-beta2"
    audio_properties:
        analysis_sample_rate: 44100
        bitrate: 224
        channels: 2
        equal_loudness: 1
        length: 268.773864746
        replay_gain: -14.4234333038
        downmix: "mix"
    tags:
        album: "The Way Of The Fist (UK Import)"
        artist: "Five Finger Death Punch"
        comment: "."
        date: "2009"
        genre: "Metal"
        title: "The Bleeding"
        tracknumber: "4"

configuration:
    average_loudness:
        compute: 1
        frameSize: 88200
        hopSize: 44100
        silentFrames: "noise"
        windowType: "hann"
    general:
        analysisSampleRate: 44100
        endTime: 2000
        equalLoudness: 1
        nequalLoudness: 0
        shortSound: 0
        startTime: 0
    lowlevel:
        compute: 1
        frameSize: 2048
        hopSize: 1024
        zeroPadding: 0
        silentFrames: "noise"
        windowType: "blackmanharris62"
        mfccStats: ["mean", "cov", "icov"]
        stats: ["mean", "var", "median", "min", "max", "dmean", "dmean2", "dvar", "dvar2"]
    panning:
        compute: 0
        frameSize: 8192
        hopSize: 2048
        zeroPadding: 8192
        silentFrames: "noise"
        windowType: "hann"
        stats: ["copy"]
    rhythm:
        compute: 1
        maxTempo: 208
        minTempo: 40
        method: "degara"
        stats: ["mean", "var", "median", "min", "max", "dmean", "dmean2", "dvar", "dvar2"]
    segmentation:
        compute: 0
        cpw: 5
        inc1: 300
        inc2: 50
        minimumSegmentsLength: 10
        size1: 1000
        size2: 600
    sfx:
        compute: 1
        stats: ["mean", "var", "median", "min", "max", "dmean", "dmean2", "dvar", "dvar2"]
    svm:
        compute: 0
    tonal:
        compute: 1
        frameSize: 4096
        hopSize: 2048
        zeroPadding: 0
        silentFrames: "noise"
        windowType: "blackmanharris62"
        stats: ["mean", "var", "median", "min", "max", "dmean", "dmean2", "dvar", "dvar2"]

lowlevel:
    average_loudness: 0.539907038212
    barkbands_kurtosis:
        dmean: 0.602659106255
        dmean2: 0.970022618771
        dvar: 1.07034790516
        dvar2: 2.5549094677
        max: 20.8571987152
        mean: -0.382016539574
        median: -0.936878323555
        min: -1.88228809834
        var: 3.14711284637
    barkbands_skewness:
        dmean: 0.330144137144
        dmean2: 0.521345615387
        dvar: 0.102659389377
        dvar2: 0.253282099962
        max: 4.46822977066
        mean: 0.33800214529
        median: 0.311327666044
        min: -3.23310446739
        var: 0.5797752738
    barkbands_spread:
        dmean: 4.69475078583
        dmean2: 7.34450244904
        dvar: 24.6449146271
        dvar2: 58.8333969116
        max: 88.551574707
        mean: 29.5984840393
        median: 30.1062240601
        min: 2.21249961853
        var: 135.04258728
    dissonance:
        dmean: 0.0153019307181
        dmean2: 0.0257886778563
        dvar: 0.00026988729951
        dvar2: 0.000734879402444
        max: 0.499999970198
        mean: 0.465070366859
        median: 0.474819123745
        min: 0.138353988528
        var: 0.00114753236994
    hfc:
        dmean: 1.44561672211
        dmean2: 2.34028577805
        dvar: 3.71179628372
        dvar2: 9.51616668701
        max: 58.7660942078
        mean: 6.90519571304
        median: 6.13196325302
        min: 1.17150956413e-016
        var: 33.508895874
    pitch:
        dmean: 469.208099365
        dmean2: 891.7265625
        dvar: 933869
        dvar2: 2442642.5
        max: 6069.30517578
        mean: 793.071533203
        median: 262.093780518
        min: 57.9240570068
        var: 1351984.75
    pitch_instantaneous_confidence:
        dmean: 0.0678578317165
        dmean2: 0.110514760017
        dvar: 0.0039607193321
        dvar2: 0.00972545426339
        max: 0.916745781898
        mean: 0.409669905901
        median: 0.366230070591
        min: 0.108422398567
        var: 0.0311612021178
    pitch_salience:
        dmean: 0.0586575642228
        dmean2: 0.0969692096114
        dvar: 0.00272191828117
        dvar2: 0.00732616847381
        max: 0.901615440845
        mean: 0.633575201035
        median: 0.642761409283
        min: 0.215373799205
        var: 0.00787591375411
    silence_rate_20dB:
        dmean: 0
        dmean2: 0
        dvar: 0
        dvar2: 0
        max: 1
        mean: 1
        median: 1
        min: 1
        var: 0
    silence_rate_30dB:
        dmean: 0
        dmean2: 0
        dvar: 0
        dvar2: 0
        max: 1
        mean: 1
        median: 1
        min: 1
        var: 0
    silence_rate_60dB:
        dmean: 0.0456116087735
        dmean2: 0.0912311002612
        dvar: 0.0435280054808
        dvar2: 0.0998307541013
        max: 1
        mean: 0.294722288847
        median: 0
        min: 0
        var: 0.207885548472
    spectral_centroid:
        dmean: 233.773300171
        dmean2: 372.015777588
        dvar: 78416.5078125
        dvar2: 181701.34375
        max: 11194.1904297
        mean: 1444.28588867
        median: 1407.7401123
        min: 252.661880493
        var: 346296.46875
    spectral_complexity:
        dmean: 2.7854180336
        dmean2: 4.59835863113
        dvar: 7.66415309906
        dvar2: 19.7833271027
        max: 43
        mean: 14.1439056396
        median: 14
        min: 0
        var: 63.0978775024
    spectral_crest:
        dmean: 1.81243777275
        dmean2: 2.9792983532
        dvar: 3.08760786057
        dvar2: 8.01252365112
        max: 21.1607894897
        mean: 6.8653717041
        median: 6.14648675919
        min: 2.34125471115
        var: 8.80832004547
    spectral_decrease:
        dmean: 2.01381758491e-010
        dmean2: 3.24391291606e-010
        dvar: 5.29685751483e-020
        dvar2: 1.31291192499e-019
        max: 1.39717899855e-028
        mean: -1.02167663218e-009
        median: -1.00524866209e-009
        min: -4.9963500004e-009
        var: 3.80435485609e-019
    spectral_energy:
        dmean: 0.000844818248879
        dmean2: 0.00136139872484
        dvar: 9.48644412802e-007
        dvar2: 2.36396044784e-006
        max: 0.0241876393557
        mean: 0.004482365679
        median: 0.00440693367273
        min: 1.0442714986e-020
        var: 7.65730965213e-006
    spectral_energyband_high:
        dmean: 0.000112437817734
        dmean2: 0.000184473057743
        dvar: 2.93378121796e-008
        dvar2: 7.48871826772e-008
        max: 0.00297620147467
        mean: 0.000300916377455
        median: 0.000239987217356
        min: 7.68133406969e-021
        var: 8.40514005063e-008
    spectral_energyband_low:
        dmean: 0.000296909071039
        dmean2: 0.000481243419927
        dvar: 1.94107670382e-007
        dvar2: 4.70645602491e-007
        max: 0.00743923475966
        mean: 0.000490741920657
        median: 0.000288784096483
        min: 6.02066910127e-023
        var: 3.78380633492e-007
    spectral_energyband_middle_high:
        dmean: 0.000432203582022
        dmean2: 0.000690316490363
        dvar: 3.49957844037e-007
        dvar2: 8.79739047832e-007
        max: 0.0215561743826
        mean: 0.00201304466464
        median: 0.00167993223295
        min: 1.34192989748e-021
        var: 3.49887000084e-006
    spectral_energyband_middle_low:
        dmean: 0.000583519809879
        dmean2: 0.000934176903684
        dvar: 5.5928569509e-007
        dvar2: 1.38060192967e-006
        max: 0.010345437564
        mean: 0.0018393418286
        median: 0.00155909138266
        min: 2.52714683322e-022
        var: 1.96353084903e-006
    spectral_flatness_db:
        dmean: 0.0148525973782
        dmean2: 0.0233229622245
        dvar: 0.000197215747903
        dvar2: 0.000457502203062
        max: 0.393059521914
        mean: 0.151150226593
        median: 0.133845523
        min: 0.0431452170014
        var: 0.00297617423348
    spectral_flux:
        dmean: 0.006356918253
        dmean2: 0.00985225383192
        dvar: 4.29836727562e-005
        dvar2: 9.19430167414e-005
        max: 0.138249054551
        mean: 0.0355213284492
        median: 0.036961555481
        min: 6.70236852129e-011
        var: 0.000284217006993
    spectral_kurtosis:
        dmean: 1.99940514565
        dmean2: 3.39862775803
        dvar: 14.4998693466
        dvar2: 43.2319221497
        max: 130.423431396
        mean: 5.24299240112
        median: 3.38359427452
        min: -1.34498858452
        var: 47.7132987976
    spectral_rms:
        dmean: 0.000189903876162
        dmean2: 0.000302762113279
        dvar: 3.7096704375e-008
        dvar2: 8.90685001309e-008
        max: 0.0048577459529
        mean: 0.00196716724895
        median: 0.00207351101562
        min: 3.19186690967e-012
        var: 5.0329140322e-007
    spectral_rolloff:
        dmean: 399.545532227
        dmean2: 651.999572754
        dvar: 300204.90625
        dvar2: 651549.5
        max: 19422.9492188
        mean: 2806.91186523
        median: 3036.18164063
        min: 129.19921875
        var: 1223708.125
    spectral_skewness:
        dmean: 0.227337732911
        dmean2: 0.37436580658
        dvar: 0.0858144015074
        dvar2: 0.245900571346
        max: 8.72196865082
        mean: 1.54666244984
        median: 1.41761302948
        min: -0.381766170263
        var: 0.416673958302
    spectral_spread:
        dmean: 539562.75
        dmean2: 774823.3125
        dvar: 694742220800
        dvar2: 1.26147349709e+012
        max: 40639288
        mean: 4677008
        median: 4704285
        min: 743313.6875
        var: 3.87780784947e+012
    spectral_strongpeak:
        dmean: 0.323260128498
        dmean2: 0.552268266678
        dvar: 0.368244618177
        dvar2: 0.901451408863
        max: 12.0168533325
        mean: 0.614969670773
        median: 0.32207518816
        min: 7.25855431316e-010
        var: 1.11685359478
    zerocrossingrate:
        dmean: 0.00773134455085
        dmean2: 0.00932509638369
        dvar: 7.56974259275e-005
        dvar2: 8.93831893336e-005
        max: 0.5068359375
        mean: 0.0846395492554
        median: 0.08642578125
        min: 0.015625
        var: 0.000876625126693
    barkbands:
        dmean: [5.65283869491e-007, 0.000109462191176, 0.000193035040866, 0.000133790686959, 0.000274557562079, 0.000161289557582, 0.000135697773658, 0.000136756789288, 0.000114257069072, 0.00010491294961, 7.14570778655e-005, 5.67576389585e-005, 5.22779337189e-005, 4.60637056676e-005, 5.50356817257e-005, 7.98841720098e-005, 0.000133156936499, 0.000174440414412, 0.000126245256979, 8.53505407576e-005, 4.76042223454e-005, 2.79683390545e-005, 7.70157839725e-006, 5.22502341482e-006, 2.97260044135e-006, 7.54271241021e-008, 9.40967859187e-010]
        dmean2: [1.02107901512e-006, 0.000187624769751, 0.000319054815918, 0.000220760935917, 0.000446364516392, 0.000265556416707, 0.000227859360166, 0.000215082298382, 0.000181337629328, 0.000166870464454, 0.000114805385238, 9.06018394744e-005, 8.39703207021e-005, 7.35295907361e-005, 8.93455726327e-005, 0.000131684864755, 0.0002200800227, 0.000291043514153, 0.000205867385375, 0.000141622062074, 8.05374220363e-005, 4.50233965239e-005, 1.1919062672e-005, 7.97663597041e-006, 4.56418501926e-006, 1.13559352144e-007, 1.50499190887e-009]
        dvar: [1.08200720519e-012, 3.62645131702e-008, 9.5983480719e-008, 4.04370439355e-008, 2.73358153891e-007, 1.06019363955e-007, 9.24222689491e-008, 4.593244185e-008, 3.54839286842e-008, 2.84150107888e-008, 1.8434507254e-008, 1.27888659662e-008, 1.01236690142e-008, 9.04757513354e-009, 1.59857727056e-008, 3.9712713118e-008, 8.59317665913e-008, 1.3102999219e-007, 5.30228696505e-008, 1.53226302757e-008, 5.96818328091e-009, 2.19715645677e-009, 4.53053788929e-010, 4.52991005817e-010, 1.53097964861e-010, 7.62419573547e-014, 5.57500500911e-018]
        dvar2: [3.21477349949e-012, 9.76620384563e-008, 2.27312071388e-007, 1.01788550921e-007, 7.31406771592e-007, 2.77288449979e-007, 2.58012732957e-007, 1.1033551317e-007, 8.77287433809e-008, 7.35960838938e-008, 4.81761404103e-008, 3.14011749936e-008, 2.50005776081e-008, 2.07595434176e-008, 3.93103327667e-008, 9.58235659709e-008, 2.16034365508e-007, 3.50207102429e-007, 1.31792688762e-007, 4.03406232863e-008, 1.66957008219e-008, 4.94779950344e-009, 8.77918071573e-010, 8.9531626557e-010, 3.08817360573e-010, 1.49257315491e-013, 1.33540244886e-017]
        max: [6.84534916218e-006, 0.00161361915525, 0.00593138579279, 0.0041112084873, 0.00790633261204, 0.00599254993722, 0.00639026425779, 0.00492598349229, 0.00270639406517, 0.00369965238497, 0.00357251311652, 0.0022082279902, 0.00198193686083, 0.00330208358355, 0.00644977856427, 0.0120595665649, 0.013615231961, 0.0131468931213, 0.00771119026467, 0.00265463232063, 0.00148555927444, 0.00103320553899, 0.000553668243811, 0.00056892784778, 0.000341107835993, 1.11743893285e-005, 5.89331428102e-008]
        mean: [5.51657535652e-007, 0.000119151736726, 0.00027624834911, 0.000205779942917, 0.000518977234606, 0.000292984710541, 0.000209744277527, 0.000259504042333, 0.000233077953453, 0.000205712931347, 0.000143799843499, 0.000114610069431, 9.51426263782e-005, 9.45534193306e-005, 0.000112265028292, 0.000168377489899, 0.000299523409922, 0.00040951394476, 0.000312180054607, 0.000214740808588, 0.000109519736725, 5.88488437643e-005, 1.45337398862e-005, 8.5066385509e-006, 4.39242921857e-006, 1.16467461453e-007, 1.28619837003e-009]
        median: [2.05773005746e-007, 5.84602166782e-005, 0.000124341575429, 0.000116311399324, 0.000236807041802, 0.000126705082948, 9.63127531577e-005, 0.000132489280077, 0.000114111360745, 9.61508922046e-005, 7.13499321137e-005, 5.43731075595e-005, 4.49833678431e-005, 3.87967156712e-005, 6.27903427812e-005, 9.60260731517e-005, 0.000185292490642, 0.000262705609202, 0.000218251603656, 0.000170562037965, 7.95314699644e-005, 2.94812416541e-005, 5.8687364799e-006, 2.32259526456e-006, 1.23945847008e-006, 3.68474353252e-008, 3.44732103974e-010]
        min: [6.54722158733e-025, 5.12749806518e-024, 7.94863821165e-024, 4.84553353968e-024, 1.74096979057e-023, 6.80042670942e-024, 5.14954578085e-023, 1.50236098153e-023, 7.30813048827e-023, 2.05807546617e-023, 1.62821427263e-023, 4.29869366134e-023, 8.58054987553e-023, 6.02282868688e-023, 1.28247856287e-022, 1.12727844703e-022, 1.25168294774e-022, 2.16693653559e-022, 1.55867896063e-022, 3.27973301101e-022, 4.34634843308e-022, 4.52161388869e-022, 5.1998651354e-022, 7.20180731059e-022, 1.27012936823e-021, 1.59216414968e-021, 2.40799889769e-021]
        var: [8.5233073854e-013, 3.19962047968e-008, 1.97918026856e-007, 7.82821558687e-008, 5.96121253693e-007, 2.30827154724e-007, 1.24909519172e-007, 1.19774341556e-007, 9.42321563002e-008, 8.32574258425e-008, 4.59924329732e-008, 3.40742225546e-008, 2.11166586439e-008, 3.51915225849e-008, 3.57568410436e-008, 1.78146407848e-007, 2.77281230865e-007, 4.73458101169e-007, 1.90938990841e-007, 5.14760607473e-008, 1.35459190531e-008, 6.75330458222e-009, 9.96087878846e-010, 9.94045623592e-010, 2.73595118783e-010, 1.35950549863e-013, 7.71873993309e-018]
    frequency_bands:
        dmean: [5.65283869491e-007, 0.000109462191176, 0.000193035040866, 0.000133790686959, 0.000274557562079, 0.000161289557582, 0.000135697773658, 0.000136756789288, 0.000114257069072, 0.00010491294961, 7.14570778655e-005, 5.67576389585e-005, 5.22779337189e-005, 4.60637056676e-005, 5.50356817257e-005, 7.98841720098e-005, 0.000133156936499, 0.000174440414412, 0.000126245256979, 8.53505407576e-005, 4.76042223454e-005, 2.79683390545e-005, 7.70157839725e-006, 5.22502341482e-006, 2.97260044135e-006, 7.54271241021e-008, 9.40967859187e-010, 4.91066839969e-011]
        dmean2: [1.02107901512e-006, 0.000187624769751, 0.000319054815918, 0.000220760935917, 0.000446364516392, 0.000265556416707, 0.000227859360166, 0.000215082298382, 0.000181337629328, 0.000166870464454, 0.000114805385238, 9.06018394744e-005, 8.39703207021e-005, 7.35295907361e-005, 8.93455726327e-005, 0.000131684864755, 0.0002200800227, 0.000291043514153, 0.000205867385375, 0.000141622062074, 8.05374220363e-005, 4.50233965239e-005, 1.1919062672e-005, 7.97663597041e-006, 4.56418501926e-006, 1.13559352144e-007, 1.50499190887e-009, 9.11847333751e-011]
        dvar: [1.08200720519e-012, 3.62645131702e-008, 9.5983480719e-008, 4.04370439355e-008, 2.73358153891e-007, 1.06019363955e-007, 9.24222689491e-008, 4.593244185e-008, 3.54839286842e-008, 2.84150107888e-008, 1.8434507254e-008, 1.27888659662e-008, 1.01236690142e-008, 9.04757513354e-009, 1.59857727056e-008, 3.9712713118e-008, 8.59317665913e-008, 1.3102999219e-007, 5.30228696505e-008, 1.53226302757e-008, 5.96818328091e-009, 2.19715645677e-009, 4.53053788929e-010, 4.52991005817e-010, 1.53097964861e-010, 7.62419573547e-014, 5.57500500911e-018, 5.97933483456e-021]
        dvar2: [3.21477349949e-012, 9.76620384563e-008, 2.27312071388e-007, 1.01788550921e-007, 7.31406771592e-007, 2.77288449979e-007, 2.58012732957e-007, 1.1033551317e-007, 8.77287433809e-008, 7.35960838938e-008, 4.81761404103e-008, 3.14011749936e-008, 2.50005776081e-008, 2.07595434176e-008, 3.93103327667e-008, 9.58235659709e-008, 2.16034365508e-007, 3.50207102429e-007, 1.31792688762e-007, 4.03406232863e-008, 1.66957008219e-008, 4.94779950344e-009, 8.77918071573e-010, 8.9531626557e-010, 3.08817360573e-010, 1.49257315491e-013, 1.33540244886e-017, 1.92072905354e-020]
        max: [6.84534916218e-006, 0.00161361915525, 0.00593138579279, 0.0041112084873, 0.00790633261204, 0.00599254993722, 0.00639026425779, 0.00492598349229, 0.00270639406517, 0.00369965238497, 0.00357251311652, 0.0022082279902, 0.00198193686083, 0.00330208358355, 0.00644977856427, 0.0120595665649, 0.013615231961, 0.0131468931213, 0.00771119026467, 0.00265463232063, 0.00148555927444, 0.00103320553899, 0.000553668243811, 0.00056892784778, 0.000341107835993, 1.11743893285e-005, 5.89331428102e-008, 1.66911406918e-009]
        mean: [5.51657535652e-007, 0.000119151736726, 0.00027624834911, 0.000205779942917, 0.000518977234606, 0.000292984710541, 0.000209744277527, 0.000259504042333, 0.000233077953453, 0.000205712931347, 0.000143799843499, 0.000114610069431, 9.51426263782e-005, 9.45534193306e-005, 0.000112265028292, 0.000168377489899, 0.000299523409922, 0.00040951394476, 0.000312180054607, 0.000214740808588, 0.000109519736725, 5.88488437643e-005, 1.45337398862e-005, 8.5066385509e-006, 4.39242921857e-006, 1.16467461453e-007, 1.28619837003e-009, 3.84382352336e-011]
        median: [2.05773005746e-007, 5.84602166782e-005, 0.000124341575429, 0.000116311399324, 0.000236807041802, 0.000126705082948, 9.63127531577e-005, 0.000132489280077, 0.000114111360745, 9.61508922046e-005, 7.13499321137e-005, 5.43731075595e-005, 4.49833678431e-005, 3.87967156712e-005, 6.27903427812e-005, 9.60260731517e-005, 0.000185292490642, 0.000262705609202, 0.000218251603656, 0.000170562037965, 7.95314699644e-005, 2.94812416541e-005, 5.8687364799e-006, 2.32259526456e-006, 1.23945847008e-006, 3.68474353252e-008, 3.44732103974e-010, 1.25897721068e-011]
        min: [6.54722158733e-025, 5.12749806518e-024, 7.94863821165e-024, 4.84553353968e-024, 1.74096979057e-023, 6.80042670942e-024, 5.14954578085e-023, 1.50236098153e-023, 7.30813048827e-023, 2.05807546617e-023, 1.62821427263e-023, 4.29869366134e-023, 8.58054987553e-023, 6.02282868688e-023, 1.28247856287e-022, 1.12727844703e-022, 1.25168294774e-022, 2.16693653559e-022, 1.55867896063e-022, 3.27973301101e-022, 4.34634843308e-022, 4.52161388869e-022, 5.1998651354e-022, 7.20180731059e-022, 1.27012936823e-021, 1.59216414968e-021, 2.40799889769e-021, 6.68825810399e-022]
        var: [8.5233073854e-013, 3.19962047968e-008, 1.97918026856e-007, 7.82821558687e-008, 5.96121253693e-007, 2.30827154724e-007, 1.24909519172e-007, 1.19774341556e-007, 9.42321563002e-008, 8.32574258425e-008, 4.59924329732e-008, 3.40742225546e-008, 2.11166586439e-008, 3.51915225849e-008, 3.57568410436e-008, 1.78146407848e-007, 2.77281230865e-007, 4.73458101169e-007, 1.90938990841e-007, 5.14760607473e-008, 1.35459190531e-008, 6.75330458222e-009, 9.96087878846e-010, 9.94045623592e-010, 2.73595118783e-010, 1.35950549863e-013, 7.71873993309e-018, 4.67766880159e-021]
    mfcc:
        mean: [-715.734069824, 112.318580627, -44.9679603577, 42.1085624695, -12.8910226822, -11.8012018204, -3.27596855164, -1.26801967621, 0.259787619114, -6.312707901, -2.18716669083, -3.49829912186, -4.60389089584]
        cov: [[5924.08984375, -905.229980469, 414.916778564, 1324.69543457, 142.231155396, 670.950439453, 173.535354614, 463.519378662, 308.424377441, 120.085723877, 217.534729004, -10.6480941772, -9.51875782013], [-905.229980469, 1060.0345459, -327.141021729, -150.63873291, 20.2768669128, -162.681411743, 74.6281280518, -87.7341461182, 9.93441009521, 22.3801212311, -16.1750545502, 10.0624952316, 14.6750965118], [414.916778564, -327.141021729, 635.415527344, 150.349563599, 111.170707703, 210.57383728, 12.5489053726, 104.724815369, 21.9151077271, 7.53409957886, 39.5706596375, -8.61895751953, -5.46788406372], [1324.69543457, -150.63873291, 150.349563599, 775.748718262, 175.210830688, 172.374435425, 47.8957633972, 87.7659225464, 132.921218872, 63.1245079041, 55.0657081604, -7.76068735123, 9.60366153717], [142.231155396, 20.2768669128, 111.170707703, 175.210830688, 238.516067505, 56.9058609009, 15.6093978882, -1.34317290783, 38.6644172668, 63.0172080994, 17.5615177155, 11.1406068802, 4.17281007767], [670.950439453, -162.681411743, 210.57383728, 172.374435425, 56.9058609009, 295.005279541, 68.5685577393, 118.432022095, 47.5616950989, 23.6751232147, 63.8938217163, 9.61067867279, 2.07523441315], [173.535354614, 74.6281280518, 12.5489053726, 47.8957633972, 15.6093978882, 68.5685577393, 171.060424805, 80.0167236328, 61.0545349121, 7.89666843414, 7.62585639954, 17.0319461823, -1.03411030769], [463.519378662, -87.7341461182, 104.724815369, 87.7659225464, -1.34317290783, 118.432022095, 80.0167236328, 181.704299927, 69.3842773438, 11.7861995697, 30.0487098694, 4.52239179611, 5.379966259], [308.424377441, 9.93441009521, 21.9151077271, 132.921218872, 38.6644172668, 47.5616950989, 61.0545349121, 69.3842773438, 134.820144653, 55.7403373718, 30.9504489899, 7.20373439789, 2.35651946068], [120.085723877, 22.3801212311, 7.53409957886, 63.1245079041, 63.0172080994, 23.6751232147, 7.89666843414, 11.7861995697, 55.7403373718, 113.51789093, 38.8470458984, 20.8598041534, 1.82160234451], [217.534729004, -16.1750545502, 39.5706596375, 55.0657081604, 17.5615177155, 63.8938217163, 7.62585639954, 30.0487098694, 30.9504489899, 38.8470458984, 102.30770874, 26.9916782379, 7.44792175293], [-10.6480941772, 10.0624952316, -8.61895751953, -7.76068735123, 11.1406068802, 9.61067867279, 17.0319461823, 4.52239179611, 7.20373439789, 20.8598041534, 26.9916782379, 69.9296264648, 25.5187988281], [-9.51875782013, 14.6750965118, -5.46788406372, 9.60366153717, 4.17281007767, 2.07523441315, -1.03411030769, 5.379966259, 2.35651946068, 1.82160234451, 7.44792175293, 25.5187988281, 67.9546432495]]
        icov: [[0.000398975913413, 0.000207016302738, 0.000164016513736, -0.000554637284949, 0.000200239257538, -0.000389803637518, 5.69015628571e-006, -0.000444244156824, -2.15718609979e-005, -7.8089251474e-005, -0.000244063703576, 0.000112797351903, 0.000124859987409], [0.000207016302738, 0.0014482201077, 0.000631921400782, -3.99742966692e-005, -0.000423962221248, 0.000255904335063, -0.0010547649581, 0.000257569423411, -9.87838648143e-005, -0.000158868657309, -0.000553479592782, 0.000585230649449, -0.000396902876673], [0.000164016513736, 0.000631921400782, 0.00263197161257, -5.48094831174e-005, -0.00121066661086, -0.00135544140358, 0.000349857553374, -0.000954794581048, 0.000199482790777, 0.000503678282257, -0.000325902743498, 0.00051799393259, 0.000123462290503], [-0.000554637284949, -3.99742966692e-005, -5.48094831174e-005, 0.00279101682827, -0.00155789509881, -0.000171816631337, 0.000191796381841, 0.000696087139659, -0.00167149479967, 0.000571637589019, 1.67655252881e-005, 0.000623015570454, -0.000612343661487], [0.000200239257538, -0.000423962221248, -0.00121066661086, -0.00155789509881, 0.00679174298421, -0.00065510586137, -0.000397619762225, 0.00136219733395, 0.000218705143197, -0.00327289570123, 0.001036060974, -0.000637073011603, -6.27494373475e-005], [-0.000389803637518, 0.000255904335063, -0.00135544140358, -0.000171816631337, -0.00065510586137, 0.00718629686162, -0.00188817328308, -0.00197981810197, 0.00142575614154, -0.000113548216177, -0.00264622457325, 0.000384201353882, -0.000146516904351], [5.69015628571e-006, -0.0010547649581, 0.000349857553374, 0.000191796381841, -0.000397619762225, -0.00188817328308, 0.00980414543301, -0.00305538321845, -0.0033576914575, 0.00184574373998, 0.00205183844082, -0.00329782348126, 0.00178328959737], [-0.000444244156824, 0.000257569423411, -0.000954794581048, 0.000696087139659, 0.00136219733395, -0.00197981810197, -0.00305538321845, 0.0110802445561, -0.00376695161685, 0.000633126590401, -0.000237384811044, 0.000729894964024, -0.00137437519152], [-2.15718609979e-005, -9.87838648143e-005, 0.000199482790777, -0.00167149479967, 0.000218705143197, 0.00142575614154, -0.0033576914575, -0.00376695161685, 0.0146234445274, -0.00584738701582, -0.00130502588581, 0.00154086831026, -0.000325219822116], [-7.8089251474e-005, -0.000158868657309, 0.000503678282257, 0.000571637589019, -0.00327289570123, -0.000113548216177, 0.00184574373998, 0.000633126590401, -0.00584738701582, 0.0146920233965, -0.00320661091246, -0.00287201651372, 0.00140442373231], [-0.000244063703576, -0.000553479592782, -0.000325902743498, 1.67655252881e-005, 0.001036060974, -0.00264622457325, 0.00205183844082, -0.000237384811044, -0.00130502588581, -0.00320661091246, 0.0146142682061, -0.00502931373194, 0.00054206722416], [0.000112797351903, 0.000585230649449, 0.00051799393259, 0.000623015570454, -0.000637073011603, 0.000384201353882, -0.00329782348126, 0.000729894964024, 0.00154086831026, -0.00287201651372, -0.00502931373194, 0.0204955544323, -0.00735939340666], [0.000124859987409, -0.000396902876673, 0.000123462290503, -0.000612343661487, -6.27494373475e-005, -0.000146516904351, 0.00178328959737, -0.00137437519152, -0.000325219822116, 0.00140442373231, 0.00054206722416, -0.00735939340666, 0.017737518996]]
    sccoeffs:
        dmean: [0.0518902689219, 0.0464630499482, 0.0396395400167, 0.0296509750187, 0.0203499253839, 0.0198319219053]
        dmean2: [0.0850216448307, 0.0761338919401, 0.0648063868284, 0.0488137044013, 0.033584177494, 0.0311908666044]
        dvar: [0.00182696909178, 0.00146399729419, 0.00100820523221, 0.000558371364605, 0.000307222129777, 0.00034582731314]
        dvar2: [0.00489164795727, 0.00389073719271, 0.00263257487677, 0.00148794602137, 0.000784760399256, 0.000812350830529]
        max: [-0.330384492874, -0.437773019075, -0.490054726601, -0.549999892712, -0.619303941727, -0.580058097839]
        mean: [-0.657250165939, -0.720062851906, -0.74009257555, -0.765834510326, -0.790292859077, -0.750142991543]
        median: [-0.666186153889, -0.723398864269, -0.740412354469, -0.769784629345, -0.796813130379, -0.75015771389]
        min: [-0.973938167095, -0.980483293533, -0.959712207317, -0.968388259411, -0.962716042995, -0.960889697075]
        var: [0.00617012614384, 0.0058602229692, 0.00437203142792, 0.00231459527276, 0.00140484026633, 0.00183543330058]
    scvalleys:
        dmean: [0.370169252157, 0.336677640676, 0.309723436832, 0.24678529799, 0.215728417039, 0.301896363497]
        dmean2: [0.613441944122, 0.555879771709, 0.507133126259, 0.400872528553, 0.342462211847, 0.442907571793]
        dvar: [0.0998215302825, 0.0950251147151, 0.076555930078, 0.0551328472793, 0.0645174384117, 0.141025230289]
        dvar2: [0.248985022306, 0.237234026194, 0.176060661674, 0.115426369011, 0.130541026592, 0.26976364851]
        max: [-5.1240105629, -4.43207120895, -5.19516611099, -5.73956394196, -5.68413448334, -7.2311372757]
        mean: [-7.04098367691, -6.64551544189, -7.16504859924, -7.4210767746, -7.28699016571, -10.0621366501]
        median: [-6.54950618744, -6.45919847488, -7.08342790604, -7.22255992889, -6.79625177383, -9.46452903748]
        min: [-27.2402420044, -27.1463470459, -27.3131046295, -27.400352478, -27.3700828552, -27.3180408478]
        var: [2.46476340294, 0.908440232277, 0.842942595482, 0.904266059399, 1.56653094292, 3.00566697121]

rhythm:
    beats_loudness:
        dmean: 0.0018044753233
        dmean2: 0.00313560687937
        dvar: 2.8338258744e-006
        dvar2: 8.04389674158e-006
        max: 0.0156144723296
        mean: 0.00503101153299
        median: 0.00488925492391
        min: 1.95314373741e-006
        var: 8.45902741275e-006
    bpm: 161.669967651
    bpm_confidence: 0
    first_peak_bpm: 161
    first_peak_spread: 0.338301032782
    first_peak_weight: 0.621848762035
    onset_rate: 2.72719979286
    second_peak_bpm: 152
    second_peak_spread: 0.166666656733
    second_peak_weight: 0.0210084039718
    beats_loudness_band_ratio:
        dmean: [0.134662494063, 0.161585152149, 0.105781063437, 0.0725303962827, 0.0931947603822, 0.0626222938299]
        dmean2: [0.234173297882, 0.284561485052, 0.179172471166, 0.123644903302, 0.154998034239, 0.10781069845]
        dvar: [0.0183378774673, 0.0228282436728, 0.00889137852937, 0.00492940144613, 0.00742897717282, 0.00485347816721]
        dvar2: [0.0576030425727, 0.0557749345899, 0.0250311307609, 0.0141197256744, 0.0201880782843, 0.0140218837187]
        max: [0.893214404583, 0.730456709862, 0.814243912697, 0.594852626324, 0.715565085411, 0.846777975559]
        mean: [0.216387704015, 0.19215285778, 0.208241030574, 0.13579300046, 0.198882579803, 0.128099545836]
        median: [0.18970823288, 0.131400212646, 0.165950596333, 0.103504650295, 0.167531102896, 0.123964168131]
        min: [4.31271218986e-005, 0.00422393437475, 0.00589015893638, 0.00461652502418, 0.00120291253552, 0.000153485671035]
        var: [0.0260226931423, 0.0258963759989, 0.0219990778714, 0.0111875403672, 0.0152421006933, 0.00726361060515]
