
metadata:
    version:
        essentia: "2.1-beta2"
    audio_properties:
        analysis_sample_rate: 44100
        bitrate: 224
        channels: 2
        equal_loudness: 1
        length: 239.046524048
        replay_gain: -14.4285049438
        downmix: "mix"
    tags:
        album: "The Way Of The Fist (UK Import)"
        artist: "Five Finger Death Punch"
        comment: "."
        date: "2009"
        genre: "Metal"
        title: "The Way Of The Fist"
        tracknumber: "2"

configuration:
    average_loudness:
        compute: 1
        frameSize: 88200
        hopSize: 44100
        silentFrames: "noise"
        windowType: "hann"
    general:
        analysisSampleRate: 44100
        endTime: 2000
        equalLoudness: 1
        nequalLoudness: 0
        shortSound: 0
        startTime: 0
    lowlevel:
        compute: 1
        frameSize: 2048
        hopSize: 1024
        zeroPadding: 0
        silentFrames: "noise"
        windowType: "blackmanharris62"
        mfccStats: ["mean", "cov", "icov"]
        stats: ["mean", "var", "median", "min", "max", "dmean", "dmean2", "dvar", "dvar2"]
    panning:
        compute: 0
        frameSize: 8192
        hopSize: 2048
        zeroPadding: 8192
        silentFrames: "noise"
        windowType: "hann"
        stats: ["copy"]
    rhythm:
        compute: 1
        maxTempo: 208
        minTempo: 40
        method: "degara"
        stats: ["mean", "var", "median", "min", "max", "dmean", "dmean2", "dvar", "dvar2"]
    segmentation:
        compute: 0
        cpw: 5
        inc1: 300
        inc2: 50
        minimumSegmentsLength: 10
        size1: 1000
        size2: 600
    sfx:
        compute: 1
        stats: ["mean", "var", "median", "min", "max", "dmean", "dmean2", "dvar", "dvar2"]
    svm:
        compute: 0
    tonal:
        compute: 1
        frameSize: 4096
        hopSize: 2048
        zeroPadding: 0
        silentFrames: "noise"
        windowType: "blackmanharris62"
        stats: ["mean", "var", "median", "min", "max", "dmean", "dmean2", "dvar", "dvar2"]

lowlevel:
    average_loudness: 0.942306399345
    barkbands_kurtosis:
        dmean: 1.1018075943
        dmean2: 1.78589260578
        dvar: 8.77240467072
        dvar2: 19.0692825317
        max: 70.5955734253
        mean: -0.419739335775
        median: -1.29503262043
        min: -1.91992461681
        var: 12.3094835281
    barkbands_skewness:
        dmean: 0.555440485477
        dmean2: 0.879098534584
        dvar: 0.324238777161
        dvar2: 0.712089836597
        max: 7.92709589005
        mean: 0.182209074497
        median: 0.00187813641969
        min: -2.62432432175
        var: 1.00835859776
    barkbands_spread:
        dmean: 7.30484819412
        dmean2: 11.7659540176
        dvar: 51.8202819824
        dvar2: 125.607200623
        max: 87.3045654297
        mean: 38.3003425598
        median: 38.54662323
        min: 2.53853321075
        var: 127.050056458
    dissonance:
        dmean: 0.00984724704176
        dmean2: 0.0167311150581
        dvar: 8.5183106421e-005
        dvar2: 0.000231894795434
        max: 0.5
        mean: 0.483007580042
        median: 0.485726892948
        min: 0.372559189796
        var: 0.000153487373609
    hfc:
        dmean: 3.24707531929
        dmean2: 5.36062049866
        dvar: 12.961192131
        dvar2: 32.6777763367
        max: 43.7697486877
        mean: 9.40916156769
        median: 8.86615753174
        min: 1.20516125668e-016
        var: 33.8034934998
    pitch:
        dmean: 987.9609375
        dmean2: 1890.11694336
        dvar: 1889458
        dvar2: 4578099.5
        max: 4663.22949219
        mean: 1752.13464355
        median: 529.798828125
        min: 56.4144744873
        var: 2639481.5
    pitch_instantaneous_confidence:
        dmean: 0.0844713374972
        dmean2: 0.138234302402
        dvar: 0.00505991838872
        dvar2: 0.0127914585173
        max: 0.949932694435
        mean: 0.367162287235
        median: 0.347993075848
        min: 0.0513163208961
        var: 0.0148969944566
    pitch_salience:
        dmean: 0.0743906497955
        dmean2: 0.125537529588
        dvar: 0.00440184492618
        dvar2: 0.0120471836999
        max: 0.981089413166
        mean: 0.648524165154
        median: 0.663900017738
        min: 0.158652335405
        var: 0.00948110595345
    silence_rate_20dB:
        dmean: 0
        dmean2: 0
        dvar: 0
        dvar2: 0
        max: 1
        mean: 1
        median: 1
        min: 1
        var: 0
    silence_rate_30dB:
        dmean: 0
        dmean2: 0
        dvar: 0
        dvar2: 0
        max: 1
        mean: 1
        median: 1
        min: 1
        var: 0
    silence_rate_60dB:
        dmean: 0.0796503126621
        dmean2: 0.159316107631
        dvar: 0.073309443891
        dvar2: 0.176103070378
        max: 1
        mean: 0.163558661938
        median: 0
        min: 0
        var: 0.136796921492
    spectral_centroid:
        dmean: 389.532287598
        dmean2: 639.431396484
        dvar: 139710.90625
        dvar2: 338269.125
        max: 11147.8994141
        mean: 1707.30224609
        median: 1754.44775391
        min: 180.520080566
        var: 388508.53125
    spectral_complexity:
        dmean: 4.91112184525
        dmean2: 7.84048938751
        dvar: 22.0611343384
        dvar2: 51.0430221558
        max: 45
        mean: 17.0942115784
        median: 18
        min: 0
        var: 87.070892334
    spectral_crest:
        dmean: 2.21557974815
        dmean2: 3.73574233055
        dvar: 4.78497695923
        dvar2: 12.7012310028
        max: 23.275056839
        mean: 6.7862663269
        median: 5.87078762054
        min: 2.21187949181
        var: 9.46817302704
    spectral_decrease:
        dmean: 3.23089027754e-010
        dmean2: 5.195200381e-010
        dvar: 1.32781074029e-019
        dvar2: 3.20524034612e-019
        max: 7.85273559773e-029
        mean: -1.17996579174e-009
        median: -1.14930309714e-009
        min: -4.04667588327e-009
        var: 3.27260722768e-019
    spectral_energy:
        dmean: 0.00143869325984
        dmean2: 0.00231299176812
        dvar: 2.5442700462e-006
        dvar2: 6.07507854511e-006
        max: 0.0182225778699
        mean: 0.00530688837171
        median: 0.00517480447888
        min: 1.06347889092e-020
        var: 6.72349460729e-006
    spectral_energyband_high:
        dmean: 0.000311845011311
        dmean2: 0.000544157461263
        dvar: 1.81089973239e-007
        dvar2: 4.85479915824e-007
        max: 0.00440486008301
        mean: 0.00056214799406
        median: 0.000434281100752
        min: 7.53486413234e-021
        var: 2.38738977032e-007
    spectral_energyband_low:
        dmean: 0.000458410446299
        dmean2: 0.000770678860135
        dvar: 3.00994855706e-007
        dvar2: 7.98797088919e-007
        max: 0.00828708615154
        mean: 0.000707010854967
        median: 0.0004631804768
        min: 4.49369629058e-023
        var: 5.14166401899e-007
    spectral_energyband_middle_high:
        dmean: 0.000752091349568
        dmean2: 0.00117864634376
        dvar: 5.86478961395e-007
        dvar2: 1.34999072543e-006
        max: 0.0119523024186
        mean: 0.00229840655811
        median: 0.00212679896504
        min: 1.36750696421e-021
        var: 2.43890212914e-006
    spectral_energyband_middle_low:
        dmean: 0.000885726301931
        dmean2: 0.00145410839468
        dvar: 1.3724488781e-006
        dvar2: 3.50884283762e-006
        max: 0.0116968294606
        mean: 0.00188952451572
        median: 0.00154377811123
        min: 2.45130763906e-022
        var: 2.06278468795e-006
    spectral_flatness_db:
        dmean: 0.016667412594
        dmean2: 0.0262795723975
        dvar: 0.000272158358712
        dvar2: 0.000598924583755
        max: 0.347381025553
        mean: 0.134910538793
        median: 0.126378059387
        min: 0.0511832609773
        var: 0.0013939505443
    spectral_flux:
        dmean: 0.00877198018134
        dmean2: 0.0134697025642
        dvar: 8.10720739537e-005
        dvar2: 0.000168732993188
        max: 0.106850482523
        mean: 0.044878564775
        median: 0.0451214313507
        min: 1.03125112616e-010
        var: 0.000288749113679
    spectral_kurtosis:
        dmean: 0.988551855087
        dmean2: 1.64397120476
        dvar: 2.44776058197
        dvar2: 6.79836273193
        max: 78.3284454346
        mean: 2.82848286629
        median: 2.50695133209
        min: -1.20424962044
        var: 4.59207057953
    spectral_rms:
        dmean: 0.000297882012092
        dmean2: 0.000471769279102
        dvar: 8.86546729362e-008
        dvar2: 2.05425223498e-007
        max: 0.00421641115099
        mean: 0.0021830489859
        median: 0.00224690651521
        min: 3.22108745926e-012
        var: 4.11739875972e-007
    spectral_rolloff:
        dmean: 556.983154297
        dmean2: 929.496398926
        dvar: 546940
        dvar2: 1179027.125
        max: 19186.0839844
        mean: 3319.68725586
        median: 3456.07910156
        min: 129.19921875
        var: 1134951.375
    spectral_skewness:
        dmean: 0.176657363772
        dmean2: 0.287262320518
        dvar: 0.0358240529895
        dvar2: 0.090664729476
        max: 6.31486129761
        mean: 1.21752095222
        median: 1.19227957726
        min: -0.0361696593463
        var: 0.102944292128
    spectral_spread:
        dmean: 638260.625
        dmean2: 928286.75
        dvar: 740326965248
        dvar2: 1.37139113165e+012
        max: 40749036
        mean: 5338099.5
        median: 5156338.5
        min: 1096873.25
        var: 2.69223985152e+012
    spectral_strongpeak:
        dmean: 0.485276252031
        dmean2: 0.858752548695
        dvar: 0.698128044605
        dvar2: 1.863920331
        max: 8.64643764496
        mean: 0.589151322842
        median: 0.229510203004
        min: 2.16525197771e-009
        var: 0.949584841728
    zerocrossingrate:
        dmean: 0.0106866955757
        dmean2: 0.0130948927253
        dvar: 0.000104440332507
        dvar2: 0.000139474781463
        max: 0.5263671875
        mean: 0.0992903038859
        median: 0.10205078125
        min: 0.0126953125
        var: 0.000738100905437
    barkbands:
        dmean: [6.50331401175e-007, 0.00015884678578, 0.000315124110784, 0.000228335964493, 0.00049135403242, 0.000181448020157, 0.000228042379604, 0.000123979451018, 0.00011727486708, 7.12254404789e-005, 3.81433637813e-005, 5.65986265428e-005, 4.57432870462e-005, 4.88213117933e-005, 6.14405653323e-005, 0.000109206070192, 0.000216575921513, 0.000297847320326, 0.0002176953858, 0.000213661536691, 0.000127518142108, 6.17760160821e-005, 1.50633359226e-005, 7.18115961718e-006, 3.28801752403e-006, 1.01279603371e-007, 1.14852816147e-009]
        dmean2: [1.1364348893e-006, 0.000269167969236, 0.000538989261258, 0.000382038531825, 0.000827721494716, 0.000306776084471, 0.000382407801226, 0.000206082564546, 0.000191403814824, 0.000115661045129, 6.31392103969e-005, 9.25594285945e-005, 7.32820335543e-005, 7.95003870735e-005, 9.98982650344e-005, 0.000177266309038, 0.000350468384568, 0.000483010604512, 0.000358106684871, 0.000362443824997, 0.000224185496336, 0.0001075087348, 2.52630270552e-005, 1.15572993309e-005, 5.21818219568e-006, 1.55717827965e-007, 1.71556091555e-009]
        dvar: [6.49064894713e-013, 3.723748776e-008, 1.83764811368e-007, 1.05429400321e-007, 7.47726915051e-007, 9.54037062684e-008, 2.17586517692e-007, 4.51470683061e-008, 4.97893672957e-008, 1.79573653725e-008, 6.65817179168e-009, 1.55781574307e-008, 9.69989955024e-009, 9.70610614104e-009, 1.24054730932e-008, 2.21107185894e-008, 9.0796568486e-008, 1.25992798417e-007, 5.99461884576e-008, 6.97637432268e-008, 3.65562264903e-008, 7.21588566677e-009, 1.18639598146e-009, 3.97782584649e-010, 9.70786853682e-011, 5.41931137552e-014, 6.17783107849e-018]
        dvar2: [1.92087600166e-012, 9.90072592799e-008, 4.8578561973e-007, 2.63143306256e-007, 2.03718218472e-006, 2.54627394725e-007, 5.61403339816e-007, 1.15342309925e-007, 1.27521232685e-007, 4.57045459257e-008, 1.68492650943e-008, 3.9717502176e-008, 2.40847057853e-008, 2.41869368978e-008, 3.14692236714e-008, 5.57413457614e-008, 2.20839794451e-007, 3.11473399961e-007, 1.54751546688e-007, 1.82355876177e-007, 1.02419697612e-007, 1.91560705076e-008, 3.18951465239e-009, 8.25292389983e-010, 2.15250969826e-010, 1.21345004899e-013, 1.16708939218e-017]
        max: [8.57376744534e-006, 0.0020726218354, 0.00724040577188, 0.00637407228351, 0.00816988386214, 0.00599065236747, 0.00623245723546, 0.00276453397237, 0.00333299022168, 0.00277252029628, 0.00202993722633, 0.00243276287802, 0.00182609574404, 0.00212033092976, 0.00298527488485, 0.00239207688719, 0.00750356493518, 0.00633434671909, 0.00414608092979, 0.00402903184295, 0.00199171132408, 0.000877822574694, 0.000520609261002, 0.000476891436847, 0.000276201695669, 5.80797313887e-006, 5.57616566255e-008]
        mean: [7.54588938889e-007, 0.00019195835921, 0.000389380089473, 0.000299890438328, 0.00066301249899, 0.000254205107922, 0.000278088118648, 0.000175088789547, 0.000186023200513, 0.000116465787869, 5.83285691391e-005, 8.15633684397e-005, 6.71051820973e-005, 7.69404650782e-005, 0.000105952196463, 0.000205670046853, 0.000404491787776, 0.000583462999202, 0.000431039807154, 0.000390343077015, 0.000211221515201, 9.54520583036e-005, 2.42719997914e-005, 1.10934279292e-005, 4.92644039696e-006, 1.61155284673e-007, 1.82415949013e-009]
        median: [5.02547550241e-007, 0.000106928957393, 0.000185928947758, 0.000164248718647, 0.00038385624066, 0.000127381106722, 0.000117997289635, 7.28177765268e-005, 8.6076950538e-005, 5.45250077266e-005, 2.70221789833e-005, 3.14719800372e-005, 2.28230164794e-005, 3.86373430956e-005, 7.04972626409e-005, 0.000144519508467, 0.00028156983899, 0.000462697120383, 0.000369971676264, 0.000321737374179, 0.000151080850628, 6.22164952802e-005, 1.33414996526e-005, 5.00866781294e-006, 2.33413993556e-006, 6.50065885566e-008, 4.93791785239e-010]
        min: [1.16629124755e-023, 1.40450404842e-023, 1.37439149217e-023, 7.40343750739e-024, 3.89025556341e-023, 2.50321421331e-023, 6.77586079197e-023, 2.06185931638e-023, 3.06881691162e-023, 6.32586108393e-023, 6.46828960482e-023, 6.76100874993e-023, 1.23309082149e-022, 1.10588630633e-022, 1.0867296081e-022, 1.41076791955e-022, 1.50114108703e-022, 1.00864146617e-022, 2.97991033122e-022, 2.80075030088e-022, 3.18306864626e-022, 3.7434481703e-022, 5.27537767804e-022, 7.62556824275e-022, 1.0707252233e-021, 1.55495798578e-021, 2.43040224447e-021]
        var: [6.89373200451e-013, 4.71614534092e-008, 2.87892987672e-007, 1.72364821083e-007, 7.50076821987e-007, 1.41184031577e-007, 2.294810173e-007, 7.09874115046e-008, 8.54017869756e-008, 3.6756709676e-008, 1.05882422829e-008, 2.39781527966e-008, 1.71048384345e-008, 1.54413815068e-008, 1.8563024895e-008, 4.75245087728e-008, 2.01759647211e-007, 3.050203361e-007, 1.23215386338e-007, 1.05112668791e-007, 4.45247465564e-008, 9.74191394221e-009, 1.35907540777e-009, 7.37717387178e-010, 1.42463069119e-010, 8.05941413867e-014, 1.39869160917e-017]
    frequency_bands:
        dmean: [6.50331401175e-007, 0.00015884678578, 0.000315124110784, 0.000228335964493, 0.00049135403242, 0.000181448020157, 0.000228042379604, 0.000123979451018, 0.00011727486708, 7.12254404789e-005, 3.81433637813e-005, 5.65986265428e-005, 4.57432870462e-005, 4.88213117933e-005, 6.14405653323e-005, 0.000109206070192, 0.000216575921513, 0.000297847320326, 0.0002176953858, 0.000213661536691, 0.000127518142108, 6.17760160821e-005, 1.50633359226e-005, 7.18115961718e-006, 3.28801752403e-006, 1.01279603371e-007, 1.14852816147e-009, 6.30307125937e-011]
        dmean2: [1.1364348893e-006, 0.000269167969236, 0.000538989261258, 0.000382038531825, 0.000827721494716, 0.000306776084471, 0.000382407801226, 0.000206082564546, 0.000191403814824, 0.000115661045129, 6.31392103969e-005, 9.25594285945e-005, 7.32820335543e-005, 7.95003870735e-005, 9.98982650344e-005, 0.000177266309038, 0.000350468384568, 0.000483010604512, 0.000358106684871, 0.000362443824997, 0.000224185496336, 0.0001075087348, 2.52630270552e-005, 1.15572993309e-005, 5.21818219568e-006, 1.55717827965e-007, 1.71556091555e-009, 1.17303208813e-010]
        dvar: [6.49064894713e-013, 3.723748776e-008, 1.83764811368e-007, 1.05429400321e-007, 7.47726915051e-007, 9.54037062684e-008, 2.17586517692e-007, 4.51470683061e-008, 4.97893672957e-008, 1.79573653725e-008, 6.65817179168e-009, 1.55781574307e-008, 9.69989955024e-009, 9.70610614104e-009, 1.24054730932e-008, 2.21107185894e-008, 9.0796568486e-008, 1.25992798417e-007, 5.99461884576e-008, 6.97637432268e-008, 3.65562264903e-008, 7.21588566677e-009, 1.18639598146e-009, 3.97782584649e-010, 9.70786853682e-011, 5.41931137552e-014, 6.17783107849e-018, 7.83426635558e-021]
        dvar2: [1.92087600166e-012, 9.90072592799e-008, 4.8578561973e-007, 2.63143306256e-007, 2.03718218472e-006, 2.54627394725e-007, 5.61403339816e-007, 1.15342309925e-007, 1.27521232685e-007, 4.57045459257e-008, 1.68492650943e-008, 3.9717502176e-008, 2.40847057853e-008, 2.41869368978e-008, 3.14692236714e-008, 5.57413457614e-008, 2.20839794451e-007, 3.11473399961e-007, 1.54751546688e-007, 1.82355876177e-007, 1.02419697612e-007, 1.91560705076e-008, 3.18951465239e-009, 8.25292389983e-010, 2.15250969826e-010, 1.21345004899e-013, 1.16708939218e-017, 2.48798544538e-020]
        max: [8.57376744534e-006, 0.0020726218354, 0.00724040577188, 0.00637407228351, 0.00816988386214, 0.00599065236747, 0.00623245723546, 0.00276453397237, 0.00333299022168, 0.00277252029628, 0.00202993722633, 0.00243276287802, 0.00182609574404, 0.00212033092976, 0.00298527488485, 0.00239207688719, 0.00750356493518, 0.00633434671909, 0.00414608092979, 0.00402903184295, 0.00199171132408, 0.000877822574694, 0.000520609261002, 0.000476891436847, 0.000276201695669, 5.80797313887e-006, 5.57616566255e-008, 1.14195419787e-009]
        mean: [7.54588938889e-007, 0.00019195835921, 0.000389380089473, 0.000299890438328, 0.00066301249899, 0.000254205107922, 0.000278088118648, 0.000175088789547, 0.000186023200513, 0.000116465787869, 5.83285691391e-005, 8.15633684397e-005, 6.71051820973e-005, 7.69404650782e-005, 0.000105952196463, 0.000205670046853, 0.000404491787776, 0.000583462999202, 0.000431039807154, 0.000390343077015, 0.000211221515201, 9.54520583036e-005, 2.42719997914e-005, 1.10934279292e-005, 4.92644039696e-006, 1.61155284673e-007, 1.82415949013e-009, 4.92976770516e-011]
        median: [5.02547550241e-007, 0.000106928957393, 0.000185928947758, 0.000164248718647, 0.00038385624066, 0.000127381106722, 0.000117997289635, 7.28177765268e-005, 8.6076950538e-005, 5.45250077266e-005, 2.70221789833e-005, 3.14719800372e-005, 2.28230164794e-005, 3.86373430956e-005, 7.04972626409e-005, 0.000144519508467, 0.00028156983899, 0.000462697120383, 0.000369971676264, 0.000321737374179, 0.000151080850628, 6.22164952802e-005, 1.33414996526e-005, 5.00866781294e-006, 2.33413993556e-006, 6.50065885566e-008, 4.93791785239e-010, 1.9459014261e-011]
        min: [1.16629124755e-023, 1.40450404842e-023, 1.37439149217e-023, 7.40343750739e-024, 3.89025556341e-023, 2.50321421331e-023, 6.77586079197e-023, 2.06185931638e-023, 3.06881691162e-023, 6.32586108393e-023, 6.46828960482e-023, 6.76100874993e-023, 1.23309082149e-022, 1.10588630633e-022, 1.0867296081e-022, 1.41076791955e-022, 1.50114108703e-022, 1.00864146617e-022, 2.97991033122e-022, 2.80075030088e-022, 3.18306864626e-022, 3.7434481703e-022, 5.27537767804e-022, 7.62556824275e-022, 1.0707252233e-021, 1.55495798578e-021, 2.43040224447e-021, 6.26185063816e-022]
        var: [6.89373200451e-013, 4.71614534092e-008, 2.87892987672e-007, 1.72364821083e-007, 7.50076821987e-007, 1.41184031577e-007, 2.294810173e-007, 7.09874115046e-008, 8.54017869756e-008, 3.6756709676e-008, 1.05882422829e-008, 2.39781527966e-008, 1.71048384345e-008, 1.54413815068e-008, 1.8563024895e-008, 4.75245087728e-008, 2.01759647211e-007, 3.050203361e-007, 1.23215386338e-007, 1.05112668791e-007, 4.45247465564e-008, 9.74191394221e-009, 1.35907540777e-009, 7.37717387178e-010, 1.42463069119e-010, 8.05941413867e-014, 1.39869160917e-017, 6.20648396221e-021]
    mfcc:
        mean: [-694.260559082, 91.0738296509, -31.290555954, 62.1506843567, -7.75166320801, -8.19225978851, -4.10150575638, 1.30806279182, 2.06498670578, -4.21203899384, -3.52252078056, -3.13031029701, -4.51454687119]
        cov: [[5974.74365234, -40.0946350098, -519.940490723, 331.330413818, -188.06489563, 135.102676392, -60.4391708374, 95.376083374, 16.0530853271, -66.4231414795, 119.229698181, 25.3934612274, -8.27489089966], [-40.0946350098, 625.626159668, -201.417434692, 145.813690186, 14.8668041229, -55.3119277954, 33.7961540222, 7.07877540588, 35.6122779846, 6.47376775742, 3.36402010918, 4.51033115387, 3.27109980583], [-519.940490723, -201.417434692, 460.563293457, -11.970957756, 39.3481712341, 98.6957168579, 5.52118587494, -6.26640033722, -18.634979248, 3.40645003319, -41.3932151794, -23.6683158875, -6.0281419754], [331.330413818, 145.813690186, -11.970957756, 315.742095947, 69.4302062988, 44.923500061, 23.7750377655, -4.40175008774, 50.2327880859, 25.2215881348, -19.4420394897, -24.3458976746, -5.33187627792], [-188.06489563, 14.8668041229, 39.3481712341, 69.4302062988, 181.811767578, 36.7136421204, 18.6844081879, -12.524977684, 14.7424688339, 36.2929115295, -3.47591638565, -3.59834766388, -8.26443004608], [135.102676392, -55.3119277954, 98.6957168579, 44.923500061, 36.7136421204, 189.247009277, 34.1051330566, 14.8632736206, -10.1892738342, 14.9120178223, 0.852909505367, -5.66731786728, -2.55812525749], [-60.4391708374, 33.7961540222, 5.52118587494, 23.7750377655, 18.6844081879, 34.1051330566, 122.461677551, 47.5204963684, 27.4625358582, 6.8120880127, 0.11883764714, 5.13356781006, 1.15628874302], [95.376083374, 7.07877540588, -6.26640033722, -4.40175008774, -12.524977684, 14.8632736206, 47.5204963684, 111.095146179, 32.4751091003, 9.93801784515, 6.54893684387, 8.95776367188, 2.76366424561], [16.0530853271, 35.6122779846, -18.634979248, 50.2327880859, 14.7424688339, -10.1892738342, 27.4625358582, 32.4751091003, 85.4382324219, 27.6135044098, 2.49294829369, -5.15754365921, 2.12532234192], [-66.4231414795, 6.47376775742, 3.40645003319, 25.2215881348, 36.2929115295, 14.9120178223, 6.8120880127, 9.93801784515, 27.6135044098, 77.1818084717, 18.4659767151, 12.7324972153, -0.453073114157], [119.229698181, 3.36402010918, -41.3932151794, -19.4420394897, -3.47591638565, 0.852909505367, 0.11883764714, 6.54893684387, 2.49294829369, 18.4659767151, 70.4257736206, 34.6934585571, 12.8429698944], [25.3934612274, 4.51033115387, -23.6683158875, -24.3458976746, -3.59834766388, -5.66731786728, 5.13356781006, 8.95776367188, -5.15754365921, 12.7324972153, 34.6934585571, 67.254234314, 28.5634651184], [-8.27489089966, 3.27109980583, -6.0281419754, -5.33187627792, -8.26443004608, -2.55812525749, 1.15628874302, 2.76366424561, 2.12532234192, -0.453073114157, 12.8429698944, 28.5634651184, 55.5848350525]]
        icov: [[0.000262979476247, 0.000189047423191, 0.000364179810276, -0.000456811918411, 0.000287142611342, -0.000324827618897, 0.000286335067358, -0.000298939179629, 2.92735767289e-005, 0.000389631401049, -0.000419446907472, -8.4469007561e-005, 0.000202727693249], [0.000189047423191, 0.00231790379621, 0.00108928768896, -0.00135623430833, 0.000177430236363, 0.000328307505697, -0.000413195259171, -0.000189329250134, 0.000133086316055, 0.000301826104987, -0.000109043969132, -0.000275020225672, 0.000103165970359], [0.000364179810276, 0.00108928768896, 0.00352673674934, -0.000508033612277, -3.0368750231e-005, -0.00169352989178, 0.000334199576173, -0.000297100865282, 0.000272480770946, 0.00017410494911, 0.001213431824, 0.000122077442938, -0.000102879836049], [-0.000456811918411, -0.00135623430833, -0.000508033612277, 0.00544553808868, -0.00159694091417, -0.000881731044501, -0.000358818128007, 0.00141727330629, -0.00256797065958, -0.000961353362072, 0.00176815048326, 0.00113112479448, -0.000761386705562], [0.000287142611342, 0.000177430236363, -3.0368750231e-005, -0.00159694091417, 0.00728487921879, -0.00093637406826, -0.000752190710045, 0.00118972233031, -3.3512875234e-005, -0.0024749012664, 6.24578660791e-006, -0.000509603996761, 0.00111389101949], [-0.000324827618897, 0.000328307505697, -0.00169352989178, -0.000881731044501, -0.00093637406826, 0.00768573954701, -0.00231115845963, -0.000736551126465, 0.00285389903001, -0.0017061973922, -0.000988917425275, 0.00138194579631, -0.000641407677904], [0.000286335067358, -0.000413195259171, 0.000334199576173, -0.000358818128007, -0.000752190710045, -0.00231115845963, 0.0113850394264, -0.00418906286359, -0.0025242860429, 0.00182711868547, 0.000272280303761, -0.00161650357768, 0.000701186305378], [-0.000298939179629, -0.000189329250134, -0.000297100865282, 0.00141727330629, 0.00118972233031, -0.000736551126465, -0.00418906286359, 0.0127831865102, -0.00448239967227, -0.000667841173708, 0.000656563497614, -0.00162066414487, 0.000511981837917], [2.92735767289e-005, 0.000133086316055, 0.000272480770946, -0.00256797065958, -3.3512875234e-005, 0.00285389903001, -0.0025242860429, -0.00448239967227, 0.0183474309742, -0.00595207931474, -0.000953788170591, 0.00428326800466, -0.00254923431203], [0.000389631401049, 0.000301826104987, 0.00017410494911, -0.000961353362072, -0.0024749012664, -0.0017061973922, 0.00182711868547, -0.000667841173708, -0.00595207931474, 0.0187784619629, -0.00423093792051, -0.00381313310936, 0.00283328117803], [-0.000419446907472, -0.000109043969132, 0.001213431824, 0.00176815048326, 6.24578660791e-006, -0.000988917425275, 0.000272280303761, 0.000656563497614, -0.000953788170591, -0.00423093792051, 0.0219047721475, -0.00953054521233, 6.08974232819e-007], [-8.4469007561e-005, -0.000275020225672, 0.000122077442938, 0.00113112479448, -0.000509603996761, 0.00138194579631, -0.00161650357768, -0.00162066414487, 0.00428326800466, -0.00381313310936, -0.00953054521233, 0.0266296733171, -0.01144964993], [0.000202727693249, 0.000103165970359, -0.000102879836049, -0.000761386705562, 0.00111389101949, -0.000641407677904, 0.000701186305378, 0.000511981837917, -0.00254923431203, 0.00283328117803, 6.08974232819e-007, -0.01144964993, 0.0240305643529]]
    sccoeffs:
        dmean: [0.0630443096161, 0.0499218180776, 0.0370196998119, 0.0293873213232, 0.0221635792404, 0.0215551052243]
        dmean2: [0.105814315379, 0.0833666175604, 0.0619498901069, 0.0484423786402, 0.0363796725869, 0.0351269878447]
        dvar: [0.00251202867366, 0.00166677846573, 0.000893293647096, 0.000543168454897, 0.000360710604582, 0.000404829595936]
        dvar2: [0.0070741972886, 0.0045026037842, 0.00246869376861, 0.0014475164935, 0.000921591068618, 0.00103961816058]
        max: [-0.36480024457, -0.507983446121, -0.542567789555, -0.596259057522, -0.619168043137, -0.573195278645]
        mean: [-0.657927513123, -0.763706386089, -0.798997819424, -0.798110485077, -0.795399844646, -0.749958336353]
        median: [-0.662753164768, -0.770075619221, -0.805693864822, -0.802777290344, -0.798013091087, -0.74895966053]
        min: [-0.980526447296, -0.98195117712, -0.970821797848, -0.985819995403, -0.977123379707, -0.960454404354]
        var: [0.00527407927439, 0.00413977587596, 0.00264621991664, 0.00180457707029, 0.00123091880232, 0.00136859132908]
    scvalleys:
        dmean: [0.368885308504, 0.387366831303, 0.338851481676, 0.301794618368, 0.303031861782, 0.335302472115]
        dmean2: [0.622047901154, 0.641975581646, 0.542784392834, 0.465702295303, 0.467658042908, 0.510613560677]
        dvar: [0.0928519591689, 0.131081715226, 0.0922308713198, 0.0799487680197, 0.100362569094, 0.152197733521]
        dvar2: [0.237210005522, 0.323695927858, 0.199709951878, 0.154002040625, 0.201361104846, 0.323451936245]
        max: [-5.20640850067, -4.47690582275, -5.22113656998, -5.66698455811, -5.56579589844, -7.15361785889]
        mean: [-6.56731843948, -6.46369171143, -7.07878446579, -7.32550573349, -6.81274271011, -9.40935707092]
        median: [-6.34666728973, -6.34024810791, -6.92696905136, -7.14336490631, -6.54993200302, -9.0678730011]
        min: [-27.4117069244, -27.6337623596, -27.2566299438, -27.3782997131, -27.3020267487, -27.2386837006]
        var: [1.46404874325, 1.09628391266, 1.27461671829, 1.26648962498, 1.20286428928, 2.47847795486]

rhythm:
    beats_loudness:
        dmean: 0.00278455018997
        dmean2: 0.00532128941268
        dvar: 4.74762373415e-006
        dvar2: 1.71097326529e-005
        max: 0.0143973575905
        mean: 0.00715519348159
        median: 0.00736760534346
        min: 1.95579219486e-010
        var: 7.60026341595e-006
    bpm: 96.675239563
    bpm_confidence: 0
    first_peak_bpm: 98
    first_peak_spread: 0.422651946545
    first_peak_weight: 0.547120392323
    onset_rate: 3.57670974731
    second_peak_bpm: 92
    second_peak_spread: 0
    second_peak_weight: 0.0523560196161
    beats_loudness_band_ratio:
        dmean: [0.0961993634701, 0.164040312171, 0.0681192576885, 0.0379121862352, 0.0879946500063, 0.0654538422823]
        dmean2: [0.169864401221, 0.308980792761, 0.117188110948, 0.0663859471679, 0.153580933809, 0.112621635199]
        dvar: [0.00922489631921, 0.016158927232, 0.00513235013932, 0.00159402110148, 0.00598223228008, 0.00404878985137]
        dvar2: [0.0297911893576, 0.054511513561, 0.0134087521583, 0.0042388397269, 0.0171827990562, 0.0115333506837]
        max: [0.857190907001, 0.651556193829, 0.721043646336, 0.302850723267, 0.558825790882, 0.537583947182]
        mean: [0.229297310114, 0.238411009312, 0.11827249825, 0.0592818036675, 0.224042654037, 0.211826577783]
        median: [0.210060119629, 0.233348801732, 0.0927634835243, 0.0464081205428, 0.207932800055, 0.201216548681]
        min: [0.00376368639991, 0.0111455395818, 0.0045826556161, 0.00216924329288, 0.0106745921075, 0.0315748155117]
        var: [0.0165216550231, 0.0261202584952, 0.00982513464987, 0.00183165061753, 0.00924436934292, 0.00616195052862]
    beats_position: [0.580498874187, 1.17260766029, 1.764716506, 2.35682535172, 2.96054410934, 3.55265307426, 4.15637159348, 4.77170038223, 5.38702917099, 6.01396799088, 6.62929677963, 7.24462556839, 7.85995435715, 8.47528362274, 9.10222244263, 9.71755123138, 10.3444900513, 10.95981884, 11.5751476288, 12.1904764175, 12.8058052063, 13.4211339951, 14.0480718613, 14.66340065, 15.2903394699, 15.9056682587, 16.5209980011, 17.1363258362, 17.7516555786, 18.3669834137, 18.9939231873, 19.6092510223, 20.2361907959, 20.851518631, 21.4784584045, 22.0937862396, 22.7091159821, 23.3360538483, 23.9513835907, 24.5667114258, 25.1820411682, 25.7973690033, 26.4243087769, 27.0396366119, 27.6549663544, 28.2819042206, 28.897233963, 29.5125617981, 30.1394996643, 30.7548294067, 31.3701572418, 31.9854869843, 32.6008148193, 33.2277526855, 33.843082428, 34.4584121704, 35.0853500366, 35.7006797791, 36.3160095215, 36.9429473877, 37.5582771301, 38.1736030579, 38.7889328003, 39.4042625427, 40.0195922852, 40.6349182129, 41.2618598938, 41.8771858215, 42.492515564, 43.1078453064, 43.7231750488, 44.350112915, 44.9770507813, 45.5923805237, 46.2077102661, 46.8346481323, 47.4615859985, 48.0653038025, 48.6806335449, 49.2959632874, 49.9229011536, 50.5498390198, 51.1535606384, 51.7804985046, 52.3958282471, 53.0111541748, 53.6380958557, 54.2534217834, 54.8687515259, 55.4956893921, 56.1110191345, 56.726348877, 57.3532867432, 57.9686164856, 58.583946228, 59.1992721558, 59.8146018982, 60.4415397644, 61.0568695068, 61.6721992493, 62.2991371155, 62.9260749817, 63.5646247864, 64.2031707764, 64.8417205811, 65.4802703857, 66.1304321289, 66.7805862427, 67.4191360474, 68.0692977905, 68.7078475952, 69.3463897705, 70.0081634521, 70.6351013184, 71.2620391846, 71.8773651123, 72.4926986694, 73.1196365356, 73.7465744019, 74.3619003296, 74.9772338867, 75.5925598145, 76.2078933716, 76.8232192993, 77.4385452271, 78.0654830933, 78.6924285889, 79.3193664551, 79.9346923828, 80.561630249, 81.1885681152, 81.8155059814, 82.4540557861, 83.0926055908, 83.7311553955, 84.3697052002, 84.9966430664, 85.6235809326, 86.2621307373, 86.900680542, 87.5392303467, 88.1893844604, 88.8511581421, 89.4897003174, 90.116645813, 90.7435836792, 91.3705215454, 91.9974594116, 92.6127853394, 93.2281188965, 93.8434448242, 94.458770752, 95.0857162476, 95.7010421753, 96.316368103, 96.9433059692, 97.5586395264, 98.1739654541, 98.7892990112, 99.404624939, 100.031562805, 100.646888733, 101.26222229, 101.877548218, 102.492874146, 103.108207703, 103.72353363, 104.350471497, 104.977409363, 105.59274292, 106.208068848, 106.823402405, 107.438728333, 108.065666199, 108.680992126, 109.296325684, 109.92326355, 110.550201416, 111.165527344, 111.780860901, 112.407798767, 113.023124695, 113.638458252, 114.25378418, 114.869110107, 115.496055603, 116.111381531, 116.726707458, 117.353645325, 117.968978882, 118.58430481, 119.199638367, 119.814964294, 120.441902161, 121.068840027, 121.695777893, 122.322715759, 122.961265564, 123.599815369, 124.249977112, 124.900131226, 125.550292969, 126.200454712, 126.850608826, 127.500770569, 128.139312744, 128.777862549, 129.404800415, 130.020126343, 130.635467529, 131.262405396, 131.889343262, 132.504669189, 133.119995117, 133.746932983, 134.362258911, 134.977600098, 135.604537964, 136.219863892, 136.835189819, 137.450515747, 138.065841675, 138.681182861, 139.296508789, 139.923446655, 140.538772583, 141.154098511, 141.781036377, 142.396362305, 143.011703491, 143.638641357, 144.265579224, 144.880905151, 145.496231079, 146.111557007, 146.726898193, 147.35383606, 147.969161987, 148.596099854, 149.211425781, 149.826751709, 150.442077637, 151.057418823, 151.672744751, 152.299682617, 152.915008545, 153.530334473, 154.157272339, 154.772598267, 155.387939453, 156.003265381, 156.618591309, 157.245529175, 157.872467041, 158.499404907, 159.114730835, 159.730072021, 160.345397949, 160.972335815, 161.599273682, 162.214599609, 162.829925537, 163.445251465, 164.048980713, 164.675918579, 165.291244507, 165.906570435, 166.533508301, 167.148834229, 167.764175415, 168.379501343, 168.994827271, 169.621765137, 170.248703003, 170.875640869, 171.502578735, 172.14112854, 172.779678345, 173.418228149, 174.056777954, 174.706939697, 175.333877563, 175.972427368, 176.610977173, 177.261123657, 177.9112854, 178.561447144, 179.18838501, 179.815322876, 180.442260742, 181.05758667, 181.672927856, 182.299865723, 182.91519165, 183.530517578, 184.157455444, 184.772781372, 185.3881073, 186.015060425, 186.630386353, 187.24571228, 187.861038208, 188.476364136, 189.103302002, 189.718643188, 190.333969116, 190.960906982, 191.599456787, 192.238006592, 192.876556396, 193.515090942, 194.153640747, 194.792190552, 195.442352295, 196.092514038, 196.742675781, 197.381225586, 198.03137207, 198.669921875, 199.296859741, 199.923812866, 200.539138794, 201.154464722, 201.781402588, 202.408340454, 203.023666382, 203.63899231, 204.254333496, 204.869659424, 205.484985352, 206.100311279, 206.727249146, 207.354187012, 207.969512939, 208.584854126, 209.200180054, 209.815505981, 210.442443848, 211.057769775, 211.673095703, 212.300048828, 212.915374756, 213.530700684, 214.146026611, 214.761352539, 215.388290405, 216.015228271, 216.630569458, 217.245895386, 217.861221313, 218.476547241, 219.103485107, 219.718811035, 220.334152222, 220.961090088, 221.576416016, 222.191741943, 222.807067871, 223.422393799, 224.049331665, 224.664672852, 225.291610718, 225.906936646, 226.522262573, 227.137588501, 227.764526367, 228.391464233, 229.00680542, 229.622131348, 230.249069214, 230.864395142, 231.479721069, 232.095046997, 232.710388184, 233.33732605, 233.952651978, 234.567977905, 235.194915771, 235.821853638, 236.448791504, 237.064117432, 237.691055298, 238.317993164]
