
metadata:
    version:
        essentia: "2.1-beta2"
    audio_properties:
        analysis_sample_rate: 44100
        bitrate: 320
        channels: 2
        equal_loudness: 1
        length: 260.362457275
        replay_gain: -15.0738258362
        downmix: "mix"
    tags:
        album: "Under The Influence"
        artist: "Amon Amarth"
        comment: ""
        date: "2013"
        genre: "Death Metal"
        title: "Satan Rising"
        tracknumber: "02"

configuration:
    average_loudness:
        compute: 1
        frameSize: 88200
        hopSize: 44100
        silentFrames: "noise"
        windowType: "hann"
    general:
        analysisSampleRate: 44100
        endTime: 2000
        equalLoudness: 1
        nequalLoudness: 0
        shortSound: 0
        startTime: 0
    lowlevel:
        compute: 1
        frameSize: 2048
        hopSize: 1024
        zeroPadding: 0
        silentFrames: "noise"
        windowType: "blackmanharris62"
        mfccStats: ["mean", "cov", "icov"]
        stats: ["mean", "var", "median", "min", "max", "dmean", "dmean2", "dvar", "dvar2"]
    panning:
        compute: 0
        frameSize: 8192
        hopSize: 2048
        zeroPadding: 8192
        silentFrames: "noise"
        windowType: "hann"
        stats: ["copy"]
    rhythm:
        compute: 1
        maxTempo: 208
        minTempo: 40
        method: "degara"
        stats: ["mean", "var", "median", "min", "max", "dmean", "dmean2", "dvar", "dvar2"]
    segmentation:
        compute: 0
        cpw: 5
        inc1: 300
        inc2: 50
        minimumSegmentsLength: 10
        size1: 1000
        size2: 600
    sfx:
        compute: 1
        stats: ["mean", "var", "median", "min", "max", "dmean", "dmean2", "dvar", "dvar2"]
    svm:
        compute: 0
    tonal:
        compute: 1
        frameSize: 4096
        hopSize: 2048
        zeroPadding: 0
        silentFrames: "noise"
        windowType: "blackmanharris62"
        stats: ["mean", "var", "median", "min", "max", "dmean", "dmean2", "dvar", "dvar2"]

lowlevel:
    average_loudness: 0.936289310455
    barkbands_kurtosis:
        dmean: 1.82378828526
        dmean2: 2.83376216888
        dvar: 19.4704456329
        dvar2: 44.2775726318
        max: 158.617111206
        mean: 1.71859323978
        median: -0.563096225262
        min: -1.91326272488
        var: 55.5334014893
    barkbands_skewness:
        dmean: 0.470888763666
        dmean2: 0.710908770561
        dvar: 0.258788436651
        dvar2: 0.559989988804
        max: 10.0276107788
        mean: 1.11391317844
        median: 0.962682723999
        min: -9.4842672348
        var: 1.43405246735
    barkbands_spread:
        dmean: 5.24680948257
        dmean2: 8.06900119781
        dvar: 27.7814426422
        dvar2: 61.8450279236
        max: 64.6490325928
        mean: 32.3438987732
        median: 33.4693603516
        min: 0.761932969093
        var: 171.308822632
    dissonance:
        dmean: 0.0115268630907
        dmean2: 0.0193418711424
        dvar: 0.000123274148791
        dvar2: 0.000335276970873
        max: 0.500000119209
        mean: 0.474646866322
        median: 0.477888345718
        min: 0.354391843081
        var: 0.000259955180809
    hfc:
        dmean: 1.07880139351
        dmean2: 1.59553766251
        dvar: 1.79940271378
        dvar2: 3.65416479111
        max: 28.0133132935
        mean: 4.99644374847
        median: 4.28785848618
        min: 1.1965599018e-016
        var: 11.5466823578
    pitch:
        dmean: 766.85357666
        dmean2: 1499.11437988
        dvar: 1844268.875
        dvar2: 4513480.5
        max: 4407.01708984
        mean: 1582.26525879
        median: 219.897094727
        min: 56.730342865
        var: 2979018
    pitch_instantaneous_confidence:
        dmean: 0.0778200849891
        dmean2: 0.125984668732
        dvar: 0.00429710559547
        dvar2: 0.0109636606649
        max: 0.969776213169
        mean: 0.402144193649
        median: 0.390965819359
        min: 0.123364210129
        var: 0.0162850618362
    pitch_salience:
        dmean: 0.0667738467455
        dmean2: 0.109311245382
        dvar: 0.00424277037382
        dvar2: 0.0112842880189
        max: 0.864145457745
        mean: 0.619526684284
        median: 0.636368632317
        min: 0.103350520134
        var: 0.0101226354018
    silence_rate_20dB:
        dmean: 0
        dmean2: 0
        dvar: 0
        dvar2: 0
        max: 1
        mean: 1
        median: 1
        min: 1
        var: 0
    silence_rate_30dB:
        dmean: 0
        dmean2: 0
        dvar: 0
        dvar2: 0
        max: 1
        mean: 1
        median: 1
        min: 1
        var: 0
    silence_rate_60dB:
        dmean: 0.080263979733
        dmean2: 0.160542279482
        dvar: 0.073829613626
        dvar2: 0.169724002481
        max: 1
        mean: 0.230426251888
        median: 0
        min: 0
        var: 0.177337363362
    spectral_centroid:
        dmean: 213.800186157
        dmean2: 326.073425293
        dvar: 57403.9882813
        dvar2: 116956.414063
        max: 11347.1962891
        mean: 1094.54907227
        median: 995.851379395
        min: 141.458389282
        var: 312946.75
    spectral_complexity:
        dmean: 2.4298582077
        dmean2: 3.82679271698
        dvar: 6.44436645508
        dvar2: 13.9002752304
        max: 42
        mean: 10.5472621918
        median: 10
        min: 0
        var: 36.8558502197
    spectral_crest:
        dmean: 2.14539337158
        dmean2: 3.47506117821
        dvar: 4.72334337234
        dvar2: 12.065454483
        max: 25.6815681458
        mean: 8.49854183197
        median: 7.6168794632
        min: 2.76184892654
        var: 12.6812953949
    spectral_decrease:
        dmean: 3.15675902085e-010
        dmean2: 4.95648577736e-010
        dvar: 2.49925694445e-019
        dvar2: 6.12712325258e-019
        max: 9.93499914377e-030
        mean: -1.1380112408e-009
        median: -1.04482744678e-009
        min: -5.66512037281e-009
        var: 4.71320171805e-019
    spectral_energy:
        dmean: 0.00124762160704
        dmean2: 0.00195314711891
        dvar: 3.76202183361e-006
        dvar2: 9.1533675004e-006
        max: 0.0226210430264
        mean: 0.0047482997179
        median: 0.00439571961761
        min: 1.08156466187e-020
        var: 7.65693857829e-006
    spectral_energyband_high:
        dmean: 7.95930463937e-005
        dmean2: 0.000125290185679
        dvar: 1.45637146787e-008
        dvar2: 3.60159475576e-008
        max: 0.00280321785249
        mean: 0.000237930129515
        median: 0.000145811151015
        min: 7.76510791714e-021
        var: 7.03196292307e-008
    spectral_energyband_low:
        dmean: 0.000479709735373
        dmean2: 0.000739557959605
        dvar: 4.59121224594e-007
        dvar2: 1.1158676898e-006
        max: 0.00879005528986
        mean: 0.00113867328037
        median: 0.000841833709273
        min: 1.05867481131e-022
        var: 1.11655049295e-006
    spectral_energyband_middle_high:
        dmean: 0.000287526199827
        dmean2: 0.000423151941504
        dvar: 1.31762291744e-007
        dvar2: 2.6619099458e-007
        max: 0.00749637559056
        mean: 0.00118856166955
        median: 0.000954430550337
        min: 1.57228374415e-021
        var: 8.60355555687e-007
    spectral_energyband_middle_low:
        dmean: 0.00103735853918
        dmean2: 0.00164969952311
        dvar: 3.50111031366e-006
        dvar2: 8.70114308782e-006
        max: 0.0196655597538
        mean: 0.00264703552239
        median: 0.00217612087727
        min: 2.76342897591e-022
        var: 5.10547215526e-006
    spectral_flatness_db:
        dmean: 0.0176230892539
        dmean2: 0.0273067168891
        dvar: 0.000287549715722
        dvar2: 0.000634710129816
        max: 0.455186456442
        mean: 0.194822862744
        median: 0.187535211444
        min: 0.0624001398683
        var: 0.00214488082565
    spectral_flux:
        dmean: 0.007732658647
        dmean2: 0.0122271012515
        dvar: 0.000101496552816
        dvar2: 0.000223419658141
        max: 0.123267456889
        mean: 0.033314242959
        median: 0.0313612297177
        min: 1.03998303025e-010
        var: 0.000299542327411
    spectral_kurtosis:
        dmean: 1.93916392326
        dmean2: 3.37256598473
        dvar: 9.18258666992
        dvar2: 26.693403244
        max: 87.7135314941
        mean: 4.05931091309
        median: 2.64438915253
        min: -1.19413077831
        var: 31.2211608887
    spectral_rms:
        dmean: 0.000255397520959
        dmean2: 0.000393217254896
        dvar: 1.09504512125e-007
        dvar2: 2.57279509697e-007
        max: 0.00469779875129
        mean: 0.00203169113956
        median: 0.00207087118179
        min: 3.24836121543e-012
        var: 5.0474272939e-007
    spectral_rolloff:
        dmean: 508.385925293
        dmean2: 841.132873535
        dvar: 484752.875
        dvar2: 1031280.4375
        max: 19143.0175781
        mean: 2415.81713867
        median: 2648.58398438
        min: 150.732421875
        var: 1621340.625
    spectral_skewness:
        dmean: 0.227655529976
        dmean2: 0.379734903574
        dvar: 0.066976338625
        dvar2: 0.185225471854
        max: 6.7363743782
        mean: 1.2069144249
        median: 1.0840036869
        min: -0.0613455139101
        var: 0.313014537096
    spectral_spread:
        dmean: 271763.875
        dmean2: 408290.59375
        dvar: 196118953984
        dvar2: 291038527488
        max: 40112396
        mean: 3721706.25
        median: 3760854.5
        min: 731376.25
        var: 1.00796969779e+012
    spectral_strongpeak:
        dmean: 0.194644108415
        dmean2: 0.342839121819
        dvar: 0.258698195219
        dvar2: 0.722559332848
        max: 8.30514144897
        mean: 0.325426906347
        median: 0.208962827921
        min: 1.83418469302e-009
        var: 0.251241981983
    zerocrossingrate:
        dmean: 0.00830605067313
        dmean2: 0.00991521868855
        dvar: 7.71726336097e-005
        dvar2: 9.38238154049e-005
        max: 0.5107421875
        mean: 0.0718440935016
        median: 0.06884765625
        min: 0.00634765625
        var: 0.000783108465839
    barkbands:
        dmean: [3.53759759264e-008, 6.50333749945e-005, 0.000271868106211, 0.000404429825721, 0.000649076187983, 0.000218104862142, 0.000118119984108, 7.40219184081e-005, 4.92629333166e-005, 2.74631784123e-005, 1.9919796614e-005, 2.13514013012e-005, 2.6452145903e-005, 2.25595704251e-005, 3.37977071467e-005, 4.5307308028e-005, 7.61477203923e-005, 7.24135898054e-005, 0.000119972261018, 0.000102090511064, 3.15557990689e-005, 1.01869327409e-005, 1.70429177615e-006, 2.98548656019e-007, 9.39777322628e-008, 3.15450598976e-009, 1.891718171e-010]
        dmean2: [5.38362883162e-008, 0.000105654587969, 0.00042848062003, 0.000642249360681, 0.00106762012001, 0.000343301799148, 0.000191035695025, 0.000117213923659, 7.82256902312e-005, 4.34746871179e-005, 3.20039398503e-005, 3.2922529499e-005, 4.0991431888e-005, 3.56670680048e-005, 5.22528207512e-005, 7.21716423868e-005, 0.000121137491078, 0.00011335475574, 0.000193554413272, 0.000163598975632, 5.00883688801e-005, 1.60208037414e-005, 2.59338116848e-006, 4.29231278076e-007, 1.31981963136e-007, 4.68565586331e-009, 3.46765144377e-010]
        dvar: [7.3492542618e-015, 1.29740751476e-008, 1.42674622339e-007, 3.6738620679e-007, 2.05389983421e-006, 8.32544202467e-008, 5.22927585678e-008, 1.45675418395e-008, 6.54404486156e-009, 2.49355469606e-009, 2.3832587015e-009, 4.02659505738e-009, 4.16956735805e-009, 2.2048392001e-009, 2.77056955156e-009, 5.62514390623e-009, 1.41499656436e-008, 1.80625718826e-008, 2.17983870954e-008, 2.78744192173e-008, 2.18706253108e-009, 3.41061068276e-010, 9.15979792016e-012, 3.55630184589e-013, 3.92606852248e-014, 7.99703062267e-017, 6.68910782204e-020]
        dvar2: [1.6169086469e-014, 3.83381255631e-008, 3.75530106567e-007, 9.12130929009e-007, 5.4038464441e-006, 2.12419877244e-007, 1.31193090169e-007, 3.51899984707e-008, 1.65068083646e-008, 5.59302515413e-009, 6.04992944631e-009, 8.70258354269e-009, 8.63778470972e-009, 4.99772134788e-009, 6.13753714518e-009, 1.28001067523e-008, 3.26799742822e-008, 3.61757450662e-008, 5.51392851378e-008, 6.72790676504e-008, 5.33728483632e-009, 8.34010471795e-010, 2.07106710254e-011, 6.9778671773e-013, 8.1355773084e-014, 1.96855049449e-016, 2.10007534897e-019]
        max: [9.55712721407e-007, 0.00138664792757, 0.00451423646882, 0.00786624848843, 0.0146031770855, 0.00401115091518, 0.00398216769099, 0.00335304578766, 0.00220202258788, 0.00207423209213, 0.00170067930594, 0.00180752610322, 0.00152114965022, 0.00115091411863, 0.00132623116951, 0.0021709012799, 0.00260469410568, 0.0061849122867, 0.00388119393028, 0.00394326308742, 0.00121703394689, 0.000469113292638, 8.20004861453e-005, 1.33277035275e-005, 5.71181954001e-006, 2.2952374934e-007, 3.15754866698e-009]
        mean: [4.22734522942e-008, 0.000126498838654, 0.000568653398659, 0.000715646950994, 0.00106717529707, 0.000444499281002, 0.000183285636012, 0.000135152964504, 8.7327149231e-005, 5.12775295647e-005, 3.79056800739e-005, 4.18299641751e-005, 5.69659241592e-005, 4.29294341302e-005, 7.33519627829e-005, 9.67038213275e-005, 0.000176773508429, 0.000163457210874, 0.000303708104184, 0.000259611319052, 8.27748735901e-005, 2.68256571871e-005, 4.85831787955e-006, 8.25218137379e-007, 2.25893145966e-007, 6.17987927498e-009, 1.56333446188e-010]
        median: [1.17554188606e-008, 8.04034934845e-005, 0.000415897055063, 0.000442457036115, 0.000611381314229, 0.000285885704216, 9.4507515314e-005, 8.39697240735e-005, 5.14764651598e-005, 2.72337601928e-005, 1.42382905324e-005, 1.31101223815e-005, 2.03449308174e-005, 2.41944562731e-005, 4.3403597374e-005, 6.68826905894e-005, 0.00011726518278, 9.04136686586e-005, 0.000240769586526, 0.000162217009347, 4.90745260322e-005, 1.16742949103e-005, 1.7186059722e-006, 3.16544230827e-007, 7.67797132539e-008, 1.81617865191e-009, 6.73660988104e-011]
        min: [8.1184365772e-024, 3.31755769235e-023, 3.56724826162e-023, 3.35204984657e-023, 5.3017321956e-023, 3.67354663751e-023, 6.81894521917e-023, 1.49044649974e-023, 3.03895505536e-023, 8.25939197924e-023, 1.07189447925e-022, 6.96477341502e-023, 1.62523080069e-022, 1.27714775642e-022, 1.25902680101e-022, 4.86041532177e-023, 2.37229583567e-022, 2.78085308315e-022, 2.31323400902e-022, 3.26476080969e-022, 3.69580753494e-022, 7.15572369734e-022, 6.72610474721e-022, 9.76077565677e-022, 1.18166809666e-021, 1.45571155937e-021, 2.38544691688e-021]
        var: [9.12045267055e-015, 2.05562429301e-008, 3.02546766306e-007, 7.49965238356e-007, 2.20918241212e-006, 2.34267943711e-007, 7.6221382983e-008, 2.98738740412e-008, 1.3832861967e-008, 8.61037019462e-009, 9.66767377264e-009, 1.32921531559e-008, 1.76606533842e-008, 5.31965183015e-009, 9.95494175982e-009, 1.4794188985e-008, 4.30094821979e-008, 8.17408505327e-008, 6.5659747861e-008, 9.64336166476e-008, 9.16867826106e-009, 1.38866473876e-009, 5.38008873563e-011, 1.62416987411e-012, 1.34813181126e-013, 1.34199294421e-016, 5.64823802293e-020]
    frequency_bands:
        dmean: [3.53759759264e-008, 6.50333749945e-005, 0.000271868106211, 0.000404429825721, 0.000649076187983, 0.000218104862142, 0.000118119984108, 7.40219184081e-005, 4.92629333166e-005, 2.74631784123e-005, 1.9919796614e-005, 2.13514013012e-005, 2.6452145903e-005, 2.25595704251e-005, 3.37977071467e-005, 4.5307308028e-005, 7.61477203923e-005, 7.24135898054e-005, 0.000119972261018, 0.000102090511064, 3.15557990689e-005, 1.01869327409e-005, 1.70429177615e-006, 2.98548656019e-007, 9.39777322628e-008, 3.15450598976e-009, 1.891718171e-010, 5.36380488636e-011]
        dmean2: [5.38362883162e-008, 0.000105654587969, 0.00042848062003, 0.000642249360681, 0.00106762012001, 0.000343301799148, 0.000191035695025, 0.000117213923659, 7.82256902312e-005, 4.34746871179e-005, 3.20039398503e-005, 3.2922529499e-005, 4.0991431888e-005, 3.56670680048e-005, 5.22528207512e-005, 7.21716423868e-005, 0.000121137491078, 0.00011335475574, 0.000193554413272, 0.000163598975632, 5.00883688801e-005, 1.60208037414e-005, 2.59338116848e-006, 4.29231278076e-007, 1.31981963136e-007, 4.68565586331e-009, 3.46765144377e-010, 9.84792455916e-011]
        dvar: [7.3492542618e-015, 1.29740751476e-008, 1.42674622339e-007, 3.6738620679e-007, 2.05389983421e-006, 8.32544202467e-008, 5.22927585678e-008, 1.45675418395e-008, 6.54404486156e-009, 2.49355469606e-009, 2.3832587015e-009, 4.02659505738e-009, 4.16956735805e-009, 2.2048392001e-009, 2.77056955156e-009, 5.62514390623e-009, 1.41499656436e-008, 1.80625718826e-008, 2.17983870954e-008, 2.78744192173e-008, 2.18706253108e-009, 3.41061068276e-010, 9.15979792016e-012, 3.55630184589e-013, 3.92606852248e-014, 7.99703062267e-017, 6.68910782204e-020, 5.4323131869e-021]
        dvar2: [1.6169086469e-014, 3.83381255631e-008, 3.75530106567e-007, 9.12130929009e-007, 5.4038464441e-006, 2.12419877244e-007, 1.31193090169e-007, 3.51899984707e-008, 1.65068083646e-008, 5.59302515413e-009, 6.04992944631e-009, 8.70258354269e-009, 8.63778470972e-009, 4.99772134788e-009, 6.13753714518e-009, 1.28001067523e-008, 3.26799742822e-008, 3.61757450662e-008, 5.51392851378e-008, 6.72790676504e-008, 5.33728483632e-009, 8.34010471795e-010, 2.07106710254e-011, 6.9778671773e-013, 8.1355773084e-014, 1.96855049449e-016, 2.10007534897e-019, 1.70689478726e-020]
        max: [9.55712721407e-007, 0.00138664792757, 0.00451423646882, 0.00786624848843, 0.0146031770855, 0.00401115091518, 0.00398216769099, 0.00335304578766, 0.00220202258788, 0.00207423209213, 0.00170067930594, 0.00180752610322, 0.00152114965022, 0.00115091411863, 0.00132623116951, 0.0021709012799, 0.00260469410568, 0.0061849122867, 0.00388119393028, 0.00394326308742, 0.00121703394689, 0.000469113292638, 8.20004861453e-005, 1.33277035275e-005, 5.71181954001e-006, 2.2952374934e-007, 3.15754866698e-009, 8.96356433522e-010]
        mean: [4.22734522942e-008, 0.000126498838654, 0.000568653398659, 0.000715646950994, 0.00106717529707, 0.000444499281002, 0.000183285636012, 0.000135152964504, 8.7327149231e-005, 5.12775295647e-005, 3.79056800739e-005, 4.18299641751e-005, 5.69659241592e-005, 4.29294341302e-005, 7.33519627829e-005, 9.67038213275e-005, 0.000176773508429, 0.000163457210874, 0.000303708104184, 0.000259611319052, 8.27748735901e-005, 2.68256571871e-005, 4.85831787955e-006, 8.25218137379e-007, 2.25893145966e-007, 6.17987927498e-009, 1.56333446188e-010, 4.23130870619e-011]
        median: [1.17554188606e-008, 8.04034934845e-005, 0.000415897055063, 0.000442457036115, 0.000611381314229, 0.000285885704216, 9.4507515314e-005, 8.39697240735e-005, 5.14764651598e-005, 2.72337601928e-005, 1.42382905324e-005, 1.31101223815e-005, 2.03449308174e-005, 2.41944562731e-005, 4.3403597374e-005, 6.68826905894e-005, 0.00011726518278, 9.04136686586e-005, 0.000240769586526, 0.000162217009347, 4.90745260322e-005, 1.16742949103e-005, 1.7186059722e-006, 3.16544230827e-007, 7.67797132539e-008, 1.81617865191e-009, 6.73660988104e-011, 1.62664742787e-011]
        min: [8.1184365772e-024, 3.31755769235e-023, 3.56724826162e-023, 3.35204984657e-023, 5.3017321956e-023, 3.67354663751e-023, 6.81894521917e-023, 1.49044649974e-023, 3.03895505536e-023, 8.25939197924e-023, 1.07189447925e-022, 6.96477341502e-023, 1.62523080069e-022, 1.27714775642e-022, 1.25902680101e-022, 4.86041532177e-023, 2.37229583567e-022, 2.78085308315e-022, 2.31323400902e-022, 3.26476080969e-022, 3.69580753494e-022, 7.15572369734e-022, 6.72610474721e-022, 9.76077565677e-022, 1.18166809666e-021, 1.45571155937e-021, 2.38544691688e-021, 9.47975639173e-022]
        var: [9.12045267055e-015, 2.05562429301e-008, 3.02546766306e-007, 7.49965238356e-007, 2.20918241212e-006, 2.34267943711e-007, 7.6221382983e-008, 2.98738740412e-008, 1.3832861967e-008, 8.61037019462e-009, 9.66767377264e-009, 1.32921531559e-008, 1.76606533842e-008, 5.31965183015e-009, 9.95494175982e-009, 1.4794188985e-008, 4.30094821979e-008, 8.17408505327e-008, 6.5659747861e-008, 9.64336166476e-008, 9.16867826106e-009, 1.38866473876e-009, 5.38008873563e-011, 1.62416987411e-012, 1.34813181126e-013, 1.34199294421e-016, 5.64823802293e-020, 4.49551539121e-021]
    mfcc:
        mean: [-745.442687988, 127.152030945, -40.7733612061, 78.0093536377, -8.12916564941, -2.46188521385, -4.5060544014, -8.48799514771, -3.69648218155, -3.49931311607, -5.94405221939, -8.11452865601, -4.16325426102]
        cov: [[8453.92871094, 1296.02734375, -863.472229004, 1061.52648926, -1014.34997559, 98.3419036865, -74.749710083, 1.17354166508, -79.6048660278, 4.72724199295, 33.3266372681, 33.6561012268, 21.5215206146], [1296.02734375, 1206.37890625, -391.964813232, 264.015441895, -75.2303543091, -123.784004211, 102.2837677, -109.165611267, 55.3982543945, -76.3787689209, 28.2468338013, -20.8287220001, -16.4019107819], [-863.472229004, -391.964813232, 635.875976563, -50.7775306702, -44.1063041687, 57.1477470398, -32.8686332703, 40.8007240295, -46.115272522, 12.8611888885, -17.2119617462, -19.3691825867, -33.6581535339], [1061.52648926, 264.015441895, -50.7775306702, 333.748474121, -107.466209412, 16.973400116, -21.5663356781, -29.0078754425, 18.8314113617, 16.526391983, 6.51151275635, -17.804019928, 8.09019947052], [-1014.34997559, -75.2303543091, -44.1063041687, -107.466209412, 285.942596436, -18.8045520782, 0.550788164139, -25.0176086426, 34.3306465149, 4.69206905365, -13.4909076691, -3.90403676033, 0.191076844931], [98.3419036865, -123.784004211, 57.1477470398, 16.973400116, -18.8045520782, 108.951705933, 16.7852210999, 28.046831131, -14.5097389221, 7.08198165894, 1.25830173492, 7.57957839966, 8.66523838043], [-74.749710083, 102.2837677, -32.8686332703, -21.5663356781, 0.550788164139, 16.7852210999, 113.492767334, 23.2656898499, 11.9644498825, -18.1003112793, 9.6912021637, 12.9679708481, 3.23401021957], [1.17354166508, -109.165611267, 40.8007240295, -29.0078754425, -25.0176086426, 28.046831131, 23.2656898499, 89.1899337769, 1.41659653187, 0.254674762487, -0.39995482564, 13.6680822372, -3.79374980927], [-79.6048660278, 55.3982543945, -46.115272522, 18.8314113617, 34.3306465149, -14.5097389221, 11.9644498825, 1.41659653187, 75.3111419678, 22.3069648743, 7.03069210052, -2.1448776722, 9.28896808624], [4.72724199295, -76.3787689209, 12.8611888885, 16.526391983, 4.69206905365, 7.08198165894, -18.1003112793, 0.254674762487, 22.3069648743, 65.5794830322, 18.1130657196, 1.01644587517, 9.12341308594], [33.3266372681, 28.2468338013, -17.2119617462, 6.51151275635, -13.4909076691, 1.25830173492, 9.6912021637, -0.39995482564, 7.03069210052, 18.1130657196, 50.7658424377, 22.3914031982, 1.90192854404], [33.6561012268, -20.8287220001, -19.3691825867, -17.804019928, -3.90403676033, 7.57957839966, 12.9679708481, 13.6680822372, -2.1448776722, 1.01644587517, 22.3914031982, 52.1283874512, 14.6792106628], [21.5215206146, -16.4019107819, -33.6581535339, 8.09019947052, 0.191076844931, 8.66523838043, 3.23401021957, -3.79374980927, 9.28896808624, 9.12341308594, 1.90192854404, 14.6792106628, 51.5387115479]]
        icov: [[0.000646887056064, -0.000360438454663, 0.000954645627644, -0.00108654901851, 0.00181127735414, -0.000864485278726, 0.000824483286124, -0.000477935129311, 0.000704767939169, -0.00085785164265, 0.00124482566025, -0.00109733745921, 0.000752325868234], [-0.000360438454663, 0.00258465996012, 0.000300852174405, -0.00112898740917, -0.000566652510315, 0.00250780838542, -0.00285073043779, 0.00229340768419, -0.0014619177673, 0.00321177346632, -0.00214802473783, 0.00130123493727, 0.000678509182762], [0.000954645627644, 0.000300852174405, 0.00363575783558, -0.00179497874342, 0.00312182656489, -0.00151679082774, 0.000927904504351, -0.000554623373318, 0.00142686569598, -0.00111901352648, 0.00182273902465, -0.000825741502922, 0.00260649272241], [-0.00108654901851, -0.00112898740917, -0.00179497874342, 0.00724574411288, -0.00142743985634, -0.00147658330388, 0.00115975539666, 0.00111564423423, -0.00240570283495, -0.000722385535482, -0.00123864295892, 0.00262110051699, -0.00209166645072], [0.00181127735414, -0.000566652510315, 0.00312182656489, -0.00142743985634, 0.0100069958717, -0.00265091657639, 0.00204769405536, 0.00121039582882, -0.00109007884748, -0.00233333767392, 0.00511700566858, -0.00348825124092, 0.0031095512677], [-0.000864485278726, 0.00250780838542, -0.00151679082774, -0.00147658330388, -0.00265091657639, 0.0148058747873, -0.00541317416355, -0.001115166815, 0.0019044430228, 0.00116023782175, -0.00252212584019, 0.00169636309147, -0.00276031251997], [0.000824483286124, -0.00285073043779, 0.000927904504351, 0.00115975539666, 0.00204769405536, -0.00541317416355, 0.0148420901969, -0.00480745220557, -0.0013669844484, 0.00135099608451, -0.000269655953161, -0.00223156460561, -0.000557494873647], [-0.000477935129311, 0.00229340768419, -0.000554623373318, 0.00111564423423, 0.00121039582882, -0.001115166815, -0.00480745220557, 0.0173580627888, -0.0043568671681, 0.00179183809087, 0.0015186232049, -0.00357893505134, 0.0035858664196], [0.000704767939169, -0.0014619177673, 0.00142686569598, -0.00240570283495, -0.00109007884748, 0.0019044430228, -0.0013669844484, -0.0043568671681, 0.0206121336669, -0.0088553102687, 0.000939877412748, 0.00111450359691, -0.00250068795867], [-0.00085785164265, 0.00321177346632, -0.00111901352648, -0.000722385535482, -0.00233333767392, 0.00116023782175, 0.00135099608451, 0.00179183809087, -0.0088553102687, 0.0269609149545, -0.0132495556027, 0.00587925640866, -0.00373853789642], [0.00124482566025, -0.00214802473783, 0.00182273902465, -0.00123864295892, 0.00511700566858, -0.00252212584019, -0.000269655953161, 0.0015186232049, 0.000939877412748, -0.0132495556027, 0.034309219569, -0.0172721128911, 0.00654453784227], [-0.00109733745921, 0.00130123493727, -0.000825741502922, 0.00262110051699, -0.00348825124092, 0.00169636309147, -0.00223156460561, -0.00357893505134, 0.00111450359691, 0.00587925640866, -0.0172721128911, 0.0322243757546, -0.0102564105764], [0.000752325868234, 0.000678509182762, 0.00260649272241, -0.00209166645072, 0.0031095512677, -0.00276031251997, -0.000557494873647, 0.0035858664196, -0.00250068795867, -0.00373853789642, 0.00654453784227, -0.0102564105764, 0.0258789286017]]
    sccoeffs:
        dmean: [0.0512499138713, 0.0445028841496, 0.0333190225065, 0.0252051576972, 0.0187688954175, 0.0168290063739]
        dmean2: [0.0838263258338, 0.0733709707856, 0.055368386209, 0.0414339378476, 0.0308924969286, 0.0268580224365]
        dvar: [0.0019519997295, 0.00124377920292, 0.000704147270881, 0.000413071858929, 0.000237533226027, 0.000269176904112]
        dvar2: [0.00511370738968, 0.00330406753346, 0.00192271848209, 0.00106771208812, 0.000608900503721, 0.000612087897025]
        max: [-0.300430297852, -0.488719075918, -0.535695016384, -0.433649867773, -0.489180415869, -0.583084464073]
        mean: [-0.596121966839, -0.740953683853, -0.799596905708, -0.805175364017, -0.796510756016, -0.70816642046]
        median: [-0.59178763628, -0.743532419205, -0.803657770157, -0.816014647484, -0.802838623524, -0.70250248909]
        min: [-0.95875108242, -0.973675429821, -0.972987413406, -0.970209062099, -0.965417563915, -0.958490490913]
        var: [0.00694144144654, 0.00472002243623, 0.00266131036915, 0.00347360852174, 0.00214590760879, 0.00249746418558]
    scvalleys:
        dmean: [0.364911884069, 0.334607154131, 0.300003767014, 0.237113669515, 0.189743444324, 0.245459109545]
        dmean2: [0.606855630875, 0.536391317844, 0.47523444891, 0.371552169323, 0.28458571434, 0.324827104807]
        dvar: [0.114642076194, 0.0933544263244, 0.0803842619061, 0.057443715632, 0.0485217012465, 0.112194277346]
        dvar2: [0.268784791231, 0.198480844498, 0.165460705757, 0.107111819088, 0.0841080099344, 0.197219371796]
        max: [-5.01681995392, -4.69952058792, -5.49437475204, -6.03324270248, -5.88987874985, -8.70989131927]
        mean: [-6.81458950043, -6.68186187744, -7.59098339081, -7.61624479294, -7.33859443665, -10.9651155472]
        median: [-6.55815839767, -6.44628143311, -7.35796546936, -7.34968852997, -7.0072426796, -10.5085573196]
        min: [-27.1121749878, -27.4852962494, -27.252073288, -27.3465843201, -27.3893413544, -27.3159942627]
        var: [1.05747711658, 1.31362020969, 1.40919220448, 1.32649421692, 1.70201420784, 2.17395615578]

rhythm:
    beats_loudness:
        dmean: 0.0026688198559
        dmean2: 0.00474819261581
        dvar: 6.22451671006e-006
        dvar2: 1.78263435373e-005
        max: 0.0184901580215
        mean: 0.00590393692255
        median: 0.00569671811536
        min: 2.46826886041e-007
        var: 1.00115848909e-005
    bpm: 165.419906616
    bpm_confidence: 0
    first_peak_bpm: 167
    first_peak_spread: 0
    first_peak_weight: 0.407569140196
    onset_rate: 2.86139559746
    second_peak_bpm: 152
    second_peak_spread: 0.425702810287
    second_peak_weight: 0.208151385188
    beats_loudness_band_ratio:
        dmean: [0.147287487984, 0.154042199254, 0.0603795684874, 0.0314054489136, 0.0749197229743, 0.0852587521076]
        dmean2: [0.248143807054, 0.264599353075, 0.104814879596, 0.0546930171549, 0.130621477962, 0.146709963679]
        dvar: [0.0126164453104, 0.01497461088, 0.00300838891417, 0.00216167327017, 0.00677681295201, 0.00788201577961]
        dvar2: [0.0375329889357, 0.0422963164747, 0.00869907066226, 0.00590556068346, 0.018163183704, 0.0207579378039]
        max: [0.868604183197, 0.83340638876, 0.464432835579, 0.389693617821, 0.989485561848, 0.770033895969]
        mean: [0.360563665628, 0.27407169342, 0.102608136833, 0.0454612858593, 0.151625424623, 0.148328438401]
        median: [0.350231707096, 0.239549040794, 0.0948995798826, 0.0313456729054, 0.112490028143, 0.122345328331]
        min: [0.000148386650835, 8.24077942525e-005, 8.86805064511e-005, 0.00185203889851, 0.00235706730746, 0.00189024349675]
        var: [0.0266399439424, 0.0277524385601, 0.00391236832365, 0.00242948229425, 0.0198911130428, 0.0109179653227]
