
metadata:
    version:
        essentia: "2.1-beta2"
    audio_properties:
        analysis_sample_rate: 44100
        bitrate: 212
        channels: 2
        equal_loudness: 1
        length: 180.088165283
        replay_gain: -14.1674785614
        downmix: "mix"
    tags:
        album: "Flyleaf"
        artist: "Flyleaf"
        comment: ""
        date: "2005"
        genre: "Rock"
        title: "I'm So Sick"
        tracknumber: "1"

configuration:
    average_loudness:
        compute: 1
        frameSize: 88200
        hopSize: 44100
        silentFrames: "noise"
        windowType: "hann"
    general:
        analysisSampleRate: 44100
        endTime: 2000
        equalLoudness: 1
        nequalLoudness: 0
        shortSound: 0
        startTime: 0
    lowlevel:
        compute: 1
        frameSize: 2048
        hopSize: 1024
        zeroPadding: 0
        silentFrames: "noise"
        windowType: "blackmanharris62"
        mfccStats: ["mean", "cov", "icov"]
        stats: ["mean", "var", "median", "min", "max", "dmean", "dmean2", "dvar", "dvar2"]
    panning:
        compute: 0
        frameSize: 8192
        hopSize: 2048
        zeroPadding: 8192
        silentFrames: "noise"
        windowType: "hann"
        stats: ["copy"]
    rhythm:
        compute: 1
        maxTempo: 208
        minTempo: 40
        method: "degara"
        stats: ["mean", "var", "median", "min", "max", "dmean", "dmean2", "dvar", "dvar2"]
    segmentation:
        compute: 0
        cpw: 5
        inc1: 300
        inc2: 50
        minimumSegmentsLength: 10
        size1: 1000
        size2: 600
    sfx:
        compute: 1
        stats: ["mean", "var", "median", "min", "max", "dmean", "dmean2", "dvar", "dvar2"]
    svm:
        compute: 0
    tonal:
        compute: 1
        frameSize: 4096
        hopSize: 2048
        zeroPadding: 0
        silentFrames: "noise"
        windowType: "blackmanharris62"
        stats: ["mean", "var", "median", "min", "max", "dmean", "dmean2", "dvar", "dvar2"]

lowlevel:
    average_loudness: 0.92837023735
    barkbands_kurtosis:
        dmean: 0.739407658577
        dmean2: 1.19261193275
        dvar: 1.19000053406
        dvar2: 2.72453951836
        max: 38.1078453064
        mean: -0.269931226969
        median: -0.76973938942
        min: -1.87669146061
        var: 2.80956339836
    barkbands_skewness:
        dmean: 0.390136510134
        dmean2: 0.613827943802
        dvar: 0.148662567139
        dvar2: 0.356824576855
        max: 5.91543722153
        mean: -0.323481202126
        median: -0.389041304588
        min: -3.09007430077
        var: 0.747102200985
    barkbands_spread:
        dmean: 5.81893062592
        dmean2: 9.13576316833
        dvar: 29.1038131714
        dvar2: 71.7618865967
        max: 80.9333877563
        mean: 33.0578041077
        median: 32.6477508545
        min: 3.97771072388
        var: 111.788406372
    dissonance:
        dmean: 0.0130503801629
        dmean2: 0.0222040228546
        dvar: 0.000222282978939
        dvar2: 0.000617966579739
        max: 0.500000059605
        mean: 0.47832274437
        median: 0.485771030188
        min: 0.315219968557
        var: 0.000513895880431
    hfc:
        dmean: 2.39785647392
        dmean2: 3.60848546028
        dvar: 10.1878099442
        dvar2: 23.9831943512
        max: 48.7409095764
        mean: 10.3782043457
        median: 9.9812707901
        min: 1.06464894629e-016
        var: 41.7299804688
    pitch:
        dmean: 724.578430176
        dmean2: 1367.88110352
        dvar: 1358860.75
        dvar2: 3375226.75
        max: 5404.86669922
        mean: 1559.7565918
        median: 541.731140137
        min: 71.9202728271
        var: 2303155.75
    pitch_instantaneous_confidence:
        dmean: 0.0804461017251
        dmean2: 0.129808574915
        dvar: 0.00506566371769
        dvar2: 0.0122280903161
        max: 0.93661993742
        mean: 0.38742056489
        median: 0.351508319378
        min: 0.0938560366631
        var: 0.0260621178895
    pitch_salience:
        dmean: 0.0525682382286
        dmean2: 0.08583650738
        dvar: 0.00235708011314
        dvar2: 0.00591564783826
        max: 0.992724299431
        mean: 0.653171479702
        median: 0.67419809103
        min: 0.190900012851
        var: 0.0100392876193
    silence_rate_20dB:
        dmean: 0
        dmean2: 0
        dvar: 0
        dvar2: 0
        max: 1
        mean: 1
        median: 1
        min: 1
        var: 0
    silence_rate_30dB:
        dmean: 0
        dmean2: 0
        dvar: 0
        dvar2: 0
        max: 1
        mean: 1
        median: 1
        min: 1
        var: 0
    silence_rate_60dB:
        dmean: 0.0662712752819
        dmean2: 0.132559642196
        dvar: 0.0618818961084
        dvar2: 0.139749363065
        max: 1
        mean: 0.220188215375
        median: 0
        min: 0
        var: 0.171695142984
    spectral_centroid:
        dmean: 288.300323486
        dmean2: 452.588745117
        dvar: 103972.992188
        dvar2: 238506.3125
        max: 11871.8115234
        mean: 2248.70385742
        median: 2094.234375
        min: 348.717285156
        var: 2228287.25
    spectral_complexity:
        dmean: 3.55440950394
        dmean2: 5.55925226212
        dvar: 15.1283655167
        dvar2: 34.1946983337
        max: 50
        mean: 17.4973564148
        median: 18
        min: 0
        var: 90.6483917236
    spectral_crest:
        dmean: 1.81750643253
        dmean2: 2.97591614723
        dvar: 3.20922636986
        dvar2: 8.13762664795
        max: 24.3924827576
        mean: 6.88181495667
        median: 5.91684150696
        min: 2.4065246582
        var: 10.6059513092
    spectral_decrease:
        dmean: 2.81611040043e-010
        dmean2: 4.6732206993e-010
        dvar: 1.87025704519e-019
        dvar2: 4.96758043592e-019
        max: 1.73336668149e-028
        mean: -1.06649311604e-009
        median: -9.97667282121e-010
        min: -4.70031835675e-009
        var: 3.55960090163e-019
    spectral_energy:
        dmean: 0.00123907625675
        dmean2: 0.00202450132929
        dvar: 3.42570888279e-006
        dvar2: 8.96777055459e-006
        max: 0.0216687768698
        mean: 0.0049665174447
        median: 0.00466915918514
        min: 1.00762012732e-020
        var: 7.50168055674e-006
    spectral_energyband_high:
        dmean: 0.000221233945922
        dmean2: 0.000337318720995
        dvar: 1.02883966235e-007
        dvar2: 2.38367547922e-007
        max: 0.00445810100064
        mean: 0.000648889807053
        median: 0.000530889898073
        min: 7.00965856554e-021
        var: 3.00476699522e-007
    spectral_energyband_low:
        dmean: 0.00027768444852
        dmean2: 0.000482427130919
        dvar: 3.16628216979e-007
        dvar2: 9.00845577689e-007
        max: 0.0056339292787
        mean: 0.000418488139985
        median: 0.000303595879814
        min: 9.47053943558e-024
        var: 2.45318545922e-007
    spectral_energyband_middle_high:
        dmean: 0.00067575922003
        dmean2: 0.00104167719837
        dvar: 6.61407113967e-007
        dvar2: 1.57428746661e-006
        max: 0.0129241431132
        mean: 0.00277189863846
        median: 0.00249568698928
        min: 1.11598599783e-021
        var: 3.50148093275e-006
    spectral_energyband_middle_low:
        dmean: 0.000652273360174
        dmean2: 0.00109507446177
        dvar: 1.33556989113e-006
        dvar2: 3.57756721314e-006
        max: 0.0128039922565
        mean: 0.00128706009127
        median: 0.000878154649399
        min: 1.37362140616e-022
        var: 1.62627577538e-006
    spectral_flatness_db:
        dmean: 0.0126654366031
        dmean2: 0.0194915086031
        dvar: 0.000131147244247
        dvar2: 0.000293053948553
        max: 0.280219197273
        mean: 0.124184474349
        median: 0.120743624866
        min: 0.0546755045652
        var: 0.000879065832123
    spectral_flux:
        dmean: 0.00784285459667
        dmean2: 0.0121169304475
        dvar: 9.04996777535e-005
        dvar2: 0.00019161356613
        max: 0.133822366595
        mean: 0.042410377413
        median: 0.0419722646475
        min: 6.40926964279e-011
        var: 0.000308368413243
    spectral_kurtosis:
        dmean: 0.677399516106
        dmean2: 1.07304942608
        dvar: 0.567180991173
        dvar2: 1.4689218998
        max: 11.6730308533
        mean: 2.4680082798
        median: 2.36779642105
        min: -1.26261746883
        var: 2.40784955025
    spectral_rms:
        dmean: 0.000254848593613
        dmean2: 0.000407328130677
        dvar: 1.06832878544e-007
        dvar2: 2.69840910505e-007
        max: 0.00459785480052
        mean: 0.00209606997669
        median: 0.00213430961594
        min: 3.13535330511e-012
        var: 4.51869311746e-007
    spectral_rolloff:
        dmean: 385.959289551
        dmean2: 618.316589355
        dvar: 255478.6875
        dvar2: 561770.125
        max: 19724.4140625
        mean: 3940.64086914
        median: 3660.64453125
        min: 258.3984375
        var: 6088654
    spectral_skewness:
        dmean: 0.126041159034
        dmean2: 0.192664116621
        dvar: 0.015572682023
        dvar2: 0.0343042239547
        max: 2.56787705421
        mean: 1.22481036186
        median: 1.24509441853
        min: -0.0927594080567
        var: 0.131479158998
    spectral_spread:
        dmean: 609133.9375
        dmean2: 871129.125
        dvar: 695055810560
        dvar2: 1.33189651661e+012
        max: 42492516
        mean: 6780955.5
        median: 5797202
        min: 2292552.25
        var: 2.97136323297e+013
    spectral_strongpeak:
        dmean: 0.566026091576
        dmean2: 0.964035928249
        dvar: 0.616605103016
        dvar2: 1.52835094929
        max: 9.46946430206
        mean: 0.893618345261
        median: 0.46582737565
        min: 1.09561413761e-011
        var: 1.22643196583
    zerocrossingrate:
        dmean: 0.00902929995209
        dmean2: 0.0109620559961
        dvar: 8.80611914909e-005
        dvar2: 0.000107398307591
        max: 0.53369140625
        mean: 0.122453726828
        median: 0.11572265625
        min: 0.0205078125
        var: 0.00427848706022
    barkbands:
        dmean: [7.35467438062e-007, 7.93402505224e-005, 0.000146805323311, 0.000167924183188, 0.000283748900983, 0.000134238245664, 0.000134802437969, 0.000121317163575, 8.66285336087e-005, 0.000119197378808, 0.000108538995846, 8.46031616675e-005, 4.1997518565e-005, 6.37871053186e-005, 0.000100365017715, 0.000179020877113, 0.000182241667062, 0.000174504253664, 0.000237690997892, 0.000158351147547, 0.000116504255857, 5.7732242567e-005, 1.34851306939e-005, 6.85424265612e-006, 4.55159442936e-006, 2.00182384447e-007, 1.90206894679e-009]
        dmean2: [1.14253577976e-006, 0.000143079043482, 0.000253230624367, 0.000293015880743, 0.000503043876961, 0.000218862551264, 0.000217724504182, 0.000193709420273, 0.000137911833008, 0.000178728878382, 0.000174795262865, 0.000135691763717, 6.69566288707e-005, 0.000102362435427, 0.000161711286637, 0.000289005285595, 0.000295368779916, 0.000288623588858, 0.000390655128285, 0.00025423662737, 0.000185061668162, 8.89380535227e-005, 2.03680156119e-005, 1.00723154901e-005, 6.6675902417e-006, 2.92103067068e-007, 2.92608604013e-009]
        dvar: [4.02388799364e-012, 4.16000354164e-008, 7.39025551866e-008, 9.31215424771e-008, 4.5162929041e-007, 6.2555578495e-008, 1.07964737595e-007, 6.78398492937e-008, 4.13505922836e-008, 7.04930016582e-008, 9.19783218478e-008, 4.36516209845e-008, 8.41743386104e-009, 2.82080101499e-008, 5.64896787125e-008, 1.62621304867e-007, 7.21819546357e-008, 6.3741573797e-008, 1.18767886192e-007, 5.65011646358e-008, 2.87810717481e-008, 9.76572511746e-009, 6.93392787632e-010, 1.27297936081e-010, 4.32763130886e-011, 1.69880656851e-013, 2.31360332836e-017]
        dvar2: [8.51757466641e-012, 1.19956439448e-007, 2.13620168665e-007, 2.63384265509e-007, 1.28923386455e-006, 1.54049430989e-007, 2.67028525514e-007, 1.54575857891e-007, 9.28086052454e-008, 1.46352832076e-007, 2.30335373885e-007, 1.07563245422e-007, 1.80115229398e-008, 6.75263365224e-008, 1.40439453844e-007, 4.0972406623e-007, 1.67768035908e-007, 1.61578100233e-007, 2.94880777574e-007, 1.36239961535e-007, 7.03895537413e-008, 2.23181348957e-008, 1.49333811983e-009, 2.60686888742e-010, 8.98602581234e-011, 3.50403950647e-013, 5.47956400014e-017]
        max: [1.79226026376e-005, 0.00170130375773, 0.00311562465504, 0.00385812297463, 0.00836554355919, 0.00439569726586, 0.00519910547882, 0.00627511367202, 0.00529278535396, 0.00473889848217, 0.00625625578687, 0.00684743141755, 0.00322274491191, 0.00431152107194, 0.00866248924285, 0.010354838334, 0.00637317541987, 0.00481224339455, 0.00626203883439, 0.00553838955238, 0.0022544185631, 0.00157574156765, 0.000562162138522, 0.000165206336533, 0.000106586012407, 8.0966283349e-006, 9.62886943512e-008]
        mean: [6.87765748353e-007, 8.22114598122e-005, 0.000204125564778, 0.000217217355384, 0.000327930611093, 0.000197207846213, 0.000188902398804, 0.000169366132468, 0.000145325277117, 0.000258216430666, 0.000197588291485, 0.000146166494233, 7.37408627174e-005, 9.68228268903e-005, 0.000151014275616, 0.000310233095661, 0.000400060467655, 0.000399358366849, 0.000570167903788, 0.000367532920791, 0.000276837206911, 0.000128219107864, 2.99746825476e-005, 1.62804935826e-005, 1.09369384518e-005, 3.96457693341e-007, 3.38302386105e-009]
        median: [3.83787828184e-008, 3.99027667299e-005, 0.00014019140508, 0.000139027019031, 0.00015011538926, 0.000103635611595, 6.9795671152e-005, 5.44788636034e-005, 4.95065978612e-005, 6.76803465467e-005, 5.45250368305e-005, 4.82716568513e-005, 3.92577348975e-005, 4.89014819323e-005, 6.06925386819e-005, 0.000189786835108, 0.000312651623972, 0.000355645723175, 0.000496797088999, 0.000277012353763, 0.000221312657231, 7.72164494265e-005, 1.30383032229e-005, 8.30609769764e-006, 6.31828106634e-006, 1.22348566833e-007, 1.21266363617e-009]
        min: [6.18443715274e-026, 2.13723698747e-024, 1.14766235644e-024, 1.95193609998e-025, 7.53445310425e-024, 4.96667496459e-024, 5.22887536898e-024, 2.87112454279e-024, 1.13705700904e-023, 6.2588843476e-024, 3.00801616732e-024, 2.250333175e-023, 2.3092129641e-023, 4.11647878292e-023, 3.7989382872e-023, 3.00278704504e-023, 5.21666837756e-023, 6.90827898352e-023, 1.23831749831e-022, 1.32890473108e-022, 1.82721617422e-022, 3.09601626765e-022, 4.1080960314e-022, 4.8158658221e-022, 9.093880473e-022, 1.18486746405e-021, 1.87314827569e-021]
        var: [4.37370972772e-012, 2.75526534921e-008, 6.00385305916e-008, 7.77146809128e-008, 3.74921995672e-007, 9.01660044406e-008, 1.62978196272e-007, 1.302984316e-007, 1.27279051299e-007, 3.09755108674e-007, 2.22851525677e-007, 1.26790141053e-007, 2.64843151854e-008, 4.16971523975e-008, 9.22092340261e-008, 2.54259418853e-007, 2.27960782695e-007, 1.34365876647e-007, 2.86970276875e-007, 1.517074395e-007, 6.19375555289e-008, 2.41888926666e-008, 2.16926365759e-009, 4.71890249099e-010, 1.82640069735e-010, 5.10628974e-013, 4.67750287756e-017]
    frequency_bands:
        dmean: [7.35467438062e-007, 7.93402505224e-005, 0.000146805323311, 0.000167924183188, 0.000283748900983, 0.000134238245664, 0.000134802437969, 0.000121317163575, 8.66285336087e-005, 0.000119197378808, 0.000108538995846, 8.46031616675e-005, 4.1997518565e-005, 6.37871053186e-005, 0.000100365017715, 0.000179020877113, 0.000182241667062, 0.000174504253664, 0.000237690997892, 0.000158351147547, 0.000116504255857, 5.7732242567e-005, 1.34851306939e-005, 6.85424265612e-006, 4.55159442936e-006, 2.00182384447e-007, 1.90206894679e-009, 5.82930648196e-011]
        dmean2: [1.14253577976e-006, 0.000143079043482, 0.000253230624367, 0.000293015880743, 0.000503043876961, 0.000218862551264, 0.000217724504182, 0.000193709420273, 0.000137911833008, 0.000178728878382, 0.000174795262865, 0.000135691763717, 6.69566288707e-005, 0.000102362435427, 0.000161711286637, 0.000289005285595, 0.000295368779916, 0.000288623588858, 0.000390655128285, 0.00025423662737, 0.000185061668162, 8.89380535227e-005, 2.03680156119e-005, 1.00723154901e-005, 6.6675902417e-006, 2.92103067068e-007, 2.92608604013e-009, 1.08193655424e-010]
        dvar: [4.02388799364e-012, 4.16000354164e-008, 7.39025551866e-008, 9.31215424771e-008, 4.5162929041e-007, 6.2555578495e-008, 1.07964737595e-007, 6.78398492937e-008, 4.13505922836e-008, 7.04930016582e-008, 9.19783218478e-008, 4.36516209845e-008, 8.41743386104e-009, 2.82080101499e-008, 5.64896787125e-008, 1.62621304867e-007, 7.21819546357e-008, 6.3741573797e-008, 1.18767886192e-007, 5.65011646358e-008, 2.87810717481e-008, 9.76572511746e-009, 6.93392787632e-010, 1.27297936081e-010, 4.32763130886e-011, 1.69880656851e-013, 2.31360332836e-017, 6.84296470844e-021]
        dvar2: [8.51757466641e-012, 1.19956439448e-007, 2.13620168665e-007, 2.63384265509e-007, 1.28923386455e-006, 1.54049430989e-007, 2.67028525514e-007, 1.54575857891e-007, 9.28086052454e-008, 1.46352832076e-007, 2.30335373885e-007, 1.07563245422e-007, 1.80115229398e-008, 6.75263365224e-008, 1.40439453844e-007, 4.0972406623e-007, 1.67768035908e-007, 1.61578100233e-007, 2.94880777574e-007, 1.36239961535e-007, 7.03895537413e-008, 2.23181348957e-008, 1.49333811983e-009, 2.60686888742e-010, 8.98602581234e-011, 3.50403950647e-013, 5.47956400014e-017, 2.15823732589e-020]
        max: [1.79226026376e-005, 0.00170130375773, 0.00311562465504, 0.00385812297463, 0.00836554355919, 0.00439569726586, 0.00519910547882, 0.00627511367202, 0.00529278535396, 0.00473889848217, 0.00625625578687, 0.00684743141755, 0.00322274491191, 0.00431152107194, 0.00866248924285, 0.010354838334, 0.00637317541987, 0.00481224339455, 0.00626203883439, 0.00553838955238, 0.0022544185631, 0.00157574156765, 0.000562162138522, 0.000165206336533, 0.000106586012407, 8.0966283349e-006, 9.62886943512e-008, 9.70675428924e-010]
        mean: [6.87765748353e-007, 8.22114598122e-005, 0.000204125564778, 0.000217217355384, 0.000327930611093, 0.000197207846213, 0.000188902398804, 0.000169366132468, 0.000145325277117, 0.000258216430666, 0.000197588291485, 0.000146166494233, 7.37408627174e-005, 9.68228268903e-005, 0.000151014275616, 0.000310233095661, 0.000400060467655, 0.000399358366849, 0.000570167903788, 0.000367532920791, 0.000276837206911, 0.000128219107864, 2.99746825476e-005, 1.62804935826e-005, 1.09369384518e-005, 3.96457693341e-007, 3.38302386105e-009, 4.55566070978e-011]
        median: [3.83787828184e-008, 3.99027667299e-005, 0.00014019140508, 0.000139027019031, 0.00015011538926, 0.000103635611595, 6.9795671152e-005, 5.44788636034e-005, 4.95065978612e-005, 6.76803465467e-005, 5.45250368305e-005, 4.82716568513e-005, 3.92577348975e-005, 4.89014819323e-005, 6.06925386819e-005, 0.000189786835108, 0.000312651623972, 0.000355645723175, 0.000496797088999, 0.000277012353763, 0.000221312657231, 7.72164494265e-005, 1.30383032229e-005, 8.30609769764e-006, 6.31828106634e-006, 1.22348566833e-007, 1.21266363617e-009, 1.70917689724e-011]
        min: [6.18443715274e-026, 2.13723698747e-024, 1.14766235644e-024, 1.95193609998e-025, 7.53445310425e-024, 4.96667496459e-024, 5.22887536898e-024, 2.87112454279e-024, 1.13705700904e-023, 6.2588843476e-024, 3.00801616732e-024, 2.250333175e-023, 2.3092129641e-023, 4.11647878292e-023, 3.7989382872e-023, 3.00278704504e-023, 5.21666837756e-023, 6.90827898352e-023, 1.23831749831e-022, 1.32890473108e-022, 1.82721617422e-022, 3.09601626765e-022, 4.1080960314e-022, 4.8158658221e-022, 9.093880473e-022, 1.18486746405e-021, 1.87314827569e-021, 4.6720295947e-022]
        var: [4.37370972772e-012, 2.75526534921e-008, 6.00385305916e-008, 7.77146809128e-008, 3.74921995672e-007, 9.01660044406e-008, 1.62978196272e-007, 1.302984316e-007, 1.27279051299e-007, 3.09755108674e-007, 2.22851525677e-007, 1.26790141053e-007, 2.64843151854e-008, 4.16971523975e-008, 9.22092340261e-008, 2.54259418853e-007, 2.27960782695e-007, 1.34365876647e-007, 2.86970276875e-007, 1.517074395e-007, 6.19375555289e-008, 2.41888926666e-008, 2.16926365759e-009, 4.71890249099e-010, 1.82640069735e-010, 5.10628974e-013, 4.67750287756e-017, 5.47643446763e-021]
    mfcc:
        mean: [-693.74041748, 77.4723739624, -36.4211425781, 47.7409591675, -9.17592430115, -5.97100973129, 2.41703414917, -1.14224648476, 2.65073084831, -9.96411895752, -5.8161740303, -4.58750677109, -2.53128886223]
        cov: [[7649.41259766, 269.523193359, -508.57232666, 488.945953369, -170.63659668, 91.6617126465, -84.4903030396, 106.013435364, -51.1589889526, -147.883407593, -43.8465766907, -129.368484497, -68.3254470825], [269.523193359, 914.58605957, -241.060043335, 132.64112854, -44.5086860657, -130.449874878, 88.8438644409, -84.2351989746, 47.0265274048, -22.2197990417, -35.9120101929, 17.6082324982, 4.7480430603], [-508.57232666, -241.060043335, 408.813232422, -70.1591796875, -10.7206335068, 30.1584072113, -49.7320899963, -10.0920200348, -16.9381027222, 27.6017341614, 16.3040981293, 13.9086618423, 1.76810777187], [488.945953369, 132.64112854, -70.1591796875, 270.252105713, 29.6846313477, 0.932326078415, -26.168970108, 8.34048271179, 10.2189893723, -16.1677455902, 2.72053337097, 11.9860925674, -3.70379281044], [-170.63659668, -44.5086860657, -10.7206335068, 29.6846313477, 126.78842926, 1.87397444248, 23.3993759155, 0.526748359203, 8.9070930481, 0.373030722141, 3.86599111557, 8.35701084137, 8.87123966217], [91.6617126465, -130.449874878, 30.1584072113, 0.932326078415, 1.87397444248, 179.780700684, 1.04249894619, 38.3942680359, -9.55335140228, 11.0086669922, 2.41572785378, -19.9688110352, -3.97508239746], [-84.4903030396, 88.8438644409, -49.7320899963, -26.168970108, 23.3993759155, 1.04249894619, 143.546081543, 12.786406517, 24.6299743652, 3.43431305885, -10.410779953, -5.26495599747, 12.1851825714], [106.013435364, -84.2351989746, -10.0920200348, 8.34048271179, 0.526748359203, 38.3942680359, 12.786406517, 121.8776474, 18.0207576752, -10.896279335, -0.572113096714, -3.50001883507, 2.7126224041], [-51.1589889526, 47.0265274048, -16.9381027222, 10.2189893723, 8.9070930481, -9.55335140228, 24.6299743652, 18.0207576752, 108.81035614, 29.9809913635, 8.85782623291, -12.2001399994, 0.658895850182], [-147.883407593, -22.2197990417, 27.6017341614, -16.1677455902, 0.373030722141, 11.0086669922, 3.43431305885, -10.896279335, 29.9809913635, 88.9317092896, 23.2880992889, 0.635929524899, -8.4363489151], [-43.8465766907, -35.9120101929, 16.3040981293, 2.72053337097, 3.86599111557, 2.41572785378, -10.410779953, -0.572113096714, 8.85782623291, 23.2880992889, 76.374710083, 25.8738670349, 3.35589075089], [-129.368484497, 17.6082324982, 13.9086618423, 11.9860925674, 8.35701084137, -19.9688110352, -5.26495599747, -3.50001883507, -12.2001399994, 0.635929524899, 25.8738670349, 69.4429855347, 25.4462776184], [-68.3254470825, 4.7480430603, 1.76810777187, -3.70379281044, 8.87123966217, -3.97508239746, 12.1851825714, 2.7126224041, 0.658895850182, -8.4363489151, 3.35589075089, 25.4462776184, 70.6108093262]]
        icov: [[0.000181849376531, 2.85731348413e-005, 0.000184872318641, -0.000332158117089, 0.000315048906486, -5.19852183061e-005, 3.08872622554e-005, -7.95589585323e-005, 0.000108867738163, 0.000174991830136, -0.000106111961941, 0.000352489121724, 5.11543657922e-006], [2.85731348413e-005, 0.00201846752316, 0.000830309349112, -0.00106880813837, 0.00138241366949, 0.00080084009096, -0.00135197024792, 0.00152885704301, -0.000892401731107, 0.00033257441828, 0.000878867227584, -0.000968492007814, 0.000216356434976], [0.000184872318641, 0.000830309349112, 0.00335469911806, 9.31309405132e-005, 0.00073770317249, -0.000264874222921, 0.000609001144767, 0.000649052497465, -6.28307680017e-005, -0.000457312649814, 0.000231684505707, -0.000735682086088, 6.37518769508e-006], [-0.000332158117089, -0.00106880813837, 9.31309405132e-005, 0.00543310446665, -0.00233025825582, -0.000679567165207, 0.00193301786203, -0.000718348426744, -0.000628933950793, 0.000370836351067, -0.000105515508039, -0.00137901573908, 0.0005337925395], [0.000315048906486, 0.00138241366949, 0.00073770317249, -0.00233025825582, 0.0099820997566, 0.0001975918276, -0.00243193842471, 0.00121555570513, -0.000832944526337, 0.000604720960837, 0.00013143911201, -0.000820213346742, -0.000429455220001], [-5.19852183061e-005, 0.00080084009096, -0.000264874222921, -0.000679567165207, 0.0001975918276, 0.00701163941994, -0.000772385683376, -0.00176256569102, 0.00140925706364, -0.00141780741978, -0.000422282726504, 0.00234179431573, -0.00056866183877], [3.08872622554e-005, -0.00135197024792, 0.000609001144767, 0.00193301786203, -0.00243193842471, -0.000772385683376, 0.00931534729898, -0.00161072937772, -0.00101010536309, -0.000556199520361, 0.000688738480676, 0.000735991285183, -0.0014316488523], [-7.95589585323e-005, 0.00152885704301, 0.000649052497465, -0.000718348426744, 0.00121555570513, -0.00176256569102, -0.00161072937772, 0.0107813049108, -0.00311457575299, 0.00244950433262, 0.000579922634643, -0.00165832752828, 0.000269895856036], [0.000108867738163, -0.000892401731107, -6.28307680017e-005, -0.000628933950793, -0.000832944526337, 0.00140925706364, -0.00101010536309, -0.00311457575299, 0.012518462725, -0.00453227339312, -0.00196194276214, 0.00435144780204, -0.00152133777738], [0.000174991830136, 0.00033257441828, -0.000457312649814, 0.000370836351067, 0.000604720960837, -0.00141780741978, -0.000556199520361, 0.00244950433262, -0.00453227339312, 0.0150298755616, -0.00368619104847, -0.000503328628838, 0.0022185491398], [-0.000106111961941, 0.000878867227584, 0.000231684505707, -0.000105515508039, 0.00013143911201, -0.000422282726504, 0.000688738480676, 0.000579922634643, -0.00196194276214, -0.00368619104847, 0.017427559942, -0.00774323800579, 0.00118555035442], [0.000352489121724, -0.000968492007814, -0.000735682086088, -0.00137901573908, -0.000820213346742, 0.00234179431573, 0.000735991285183, -0.00165832752828, 0.00435144780204, -0.000503328628838, -0.00774323800579, 0.0228084288538, -0.00742841791362], [5.11543657922e-006, 0.000216356434976, 6.37518769508e-006, 0.0005337925395, -0.000429455220001, -0.00056866183877, -0.0014316488523, 0.000269895856036, -0.00152133777738, 0.0022185491398, 0.00118555035442, -0.00742841791362, 0.0173389315605]]
    sccoeffs:
        dmean: [0.0520886182785, 0.0486513972282, 0.0393501035869, 0.031111035496, 0.0197925735265, 0.0178131610155]
        dmean2: [0.0865953564644, 0.0805733278394, 0.0630120635033, 0.0509747005999, 0.0330173671246, 0.0278594493866]
        dvar: [0.00181490171235, 0.00155883876141, 0.00108503992669, 0.000666172592901, 0.000270696153166, 0.000258797896095]
        dvar2: [0.00499573629349, 0.004134837538, 0.00275497836992, 0.00170293357223, 0.000709186482709, 0.000595112331212]
        max: [-0.35241150856, -0.464502185583, -0.467778325081, -0.540827035904, -0.628082334995, -0.614990651608]
        mean: [-0.660888910294, -0.76005166769, -0.767452597618, -0.787743806839, -0.799839794636, -0.757361352444]
        median: [-0.655861139297, -0.767114937305, -0.780861020088, -0.793642222881, -0.799224734306, -0.754249691963]
        min: [-0.977156817913, -0.987673699856, -0.986877322197, -0.983280479908, -0.983073592186, -0.966971993446]
        var: [0.0059666801244, 0.00561404367909, 0.00668040523306, 0.0032632232178, 0.00148359697778, 0.00230925087817]
    scvalleys:
        dmean: [0.424388259649, 0.372138112783, 0.294512748718, 0.264353096485, 0.188857883215, 0.250215321779]
        dmean2: [0.702921509743, 0.608590781689, 0.472118407488, 0.42011898756, 0.291461616755, 0.339318752289]
        dvar: [0.138997331262, 0.108426377177, 0.074087895453, 0.0749575123191, 0.0540220327675, 0.0965258777142]
        dvar2: [0.328674226999, 0.247987493873, 0.155252754688, 0.150923967361, 0.0924548879266, 0.164026901126]
        max: [-4.94656133652, -4.87832164764, -5.21971178055, -5.6977148056, -5.58778524399, -7.27628183365]
        mean: [-7.3909444809, -7.10952091217, -7.40189552307, -7.64263916016, -7.19121456146, -9.43777275085]
        median: [-6.90643310547, -6.61460113525, -6.87075138092, -7.07397413254, -6.51373147964, -8.8541059494]
        min: [-28.2807865143, -28.0787124634, -28.0413227081, -27.6629600525, -27.5873641968, -27.4438877106]
        var: [10.0290994644, 10.2002096176, 9.87483406067, 9.69980335236, 10.1245222092, 8.61135292053]

rhythm:
    beats_loudness:
        dmean: 0.00237507116981
        dmean2: 0.00413819821551
        dvar: 3.50559776052e-006
        dvar2: 9.19749072636e-006
        max: 0.0127764074132
        mean: 0.00583248632029
        median: 0.00583000620827
        min: 0
        var: 7.02697434463e-006
    bpm: 153.737030029
    bpm_confidence: 0
    first_peak_bpm: 152
    first_peak_spread: 0.0585774183273
    first_peak_weight: 0.503355681896
    onset_rate: 2.83194613457
    second_peak_bpm: 157
    second_peak_spread: 0.0292397495359
    second_peak_weight: 0.371364653111
    beats_loudness_band_ratio:
        dmean: [0.077008984983, 0.103572823107, 0.104945868254, 0.118355602026, 0.108045995235, 0.133113026619]
        dmean2: [0.129971385002, 0.180957108736, 0.187723770738, 0.217365771532, 0.191279739141, 0.231113508344]
        dvar: [0.0061631524004, 0.0107301371172, 0.0146217765287, 0.0179143920541, 0.00950793270022, 0.0142947947606]
        dvar2: [0.0173587314785, 0.0278147980571, 0.0428171120584, 0.0508274361491, 0.02787306346, 0.0404132865369]
        max: [0.592833936214, 0.801189899445, 0.850167512894, 0.748990833759, 0.788341760635, 0.752143919468]
        mean: [0.111418969929, 0.105968602002, 0.11470490694, 0.131933674216, 0.25518605113, 0.286164015532]
        median: [0.0861363783479, 0.0692701786757, 0.0799713358283, 0.0768309161067, 0.246426194906, 0.274562597275]
        min: [0, 0, 0, 0, 0, 0]
        var: [0.00762905925512, 0.01080023963, 0.0136785032228, 0.0186636894941, 0.0158518496901, 0.0199119150639]
    beats_position: [0.592108845711, 1.18421769142, 1.77632653713, 2.36843538284, 2.96054410934, 3.54104304314, 4.13315200806, 4.72526073456, 5.31736946106, 5.89786815643, 6.48997735977, 7.08208608627, 7.67419481277, 8.25469398499, 8.83519268036, 9.4040813446, 9.98458003998, 10.5999088287, 11.2152376175, 11.8305664063, 12.4226751328, 13.0147848129, 13.4327430725, 13.8390922546, 14.2454423904, 14.6517915726, 15.0465307236, 15.4528799057, 15.8592290878, 16.2771873474, 16.6951465607, 17.1131057739, 17.5310649872, 17.9258041382, 18.3205432892, 18.7152824402, 19.1100215912, 19.5047607422, 19.8994998932, 20.2942390442, 20.6889801025, 21.0721092224, 21.4552383423, 21.8499774933, 22.2331066132, 22.6278457642, 23.010974884, 23.405714035, 23.800453186, 24.195192337, 24.5783214569, 24.9614505768, 25.3561897278, 25.7509288788, 26.1456680298, 26.5287971497, 26.9119262695, 27.3066654205, 27.7014045715, 28.0961437225, 28.4792747498, 28.8624038696, 29.2571430206, 29.6518821716, 30.0350112915, 30.4297504425, 30.8128795624, 31.2076187134, 31.6023578644, 31.9854869843, 32.3686180115, 32.7517471313, 33.1348762512, 33.5296134949, 33.9243545532, 34.3190917969, 34.7138328552, 35.0969619751, 35.480091095, 35.8748283386, 36.269569397, 36.6643066406, 37.0474357605, 37.4421768188, 37.8369140625, 38.2200431824, 38.6147842407, 38.9979133606, 39.3810424805, 39.7757797241, 40.1705207825, 40.5652618408, 40.9599990845, 41.3431282043, 41.7262573242, 42.1093864441, 42.492515564, 42.8872566223, 43.281993866, 43.6767349243, 44.0598640442, 44.4429931641, 44.8377304077, 45.2324714661, 45.6272087097, 46.0103378296, 46.3934669495, 46.7882080078, 47.1713371277, 47.5660743713, 47.9492073059, 48.3439445496, 48.7386856079, 49.1218147278, 49.5049438477, 49.8996810913, 50.2944221497, 50.6775512695, 51.0606803894, 51.4554176331, 51.8501586914, 52.2448959351, 52.6396369934, 53.0227661133, 53.4175033569, 53.8006324768, 54.1953735352, 54.578502655, 54.9616317749, 55.3563690186, 55.7511100769, 56.1342391968, 56.5173683167, 56.912109375, 57.3068466187, 57.701587677, 58.0847167969, 58.4794540405, 58.8625831604, 59.2573242188, 59.6520614624, 60.0351905823, 60.4183197021, 60.8130607605, 61.2077980042, 61.590927124, 61.9740562439, 62.3687973022, 62.7635345459, 63.1466636658, 63.5297966003, 63.924533844, 64.3192749023, 64.7256240845, 65.1087493896, 65.4918823242, 65.8750076294, 66.2697525024, 66.6644897461, 67.0476150513, 67.4307479858, 67.8254852295, 68.2202224731, 68.6149673462, 68.9980926514, 69.3812255859, 69.7759628296, 70.1707000732, 70.5538330078, 70.936958313, 71.3316955566, 71.7264404297, 72.1211776733, 72.5043106079, 72.8874359131, 73.2705688477, 73.6536941528, 74.0484313965, 74.4431762695, 74.8379135132, 75.2442626953, 75.6273880005, 75.9989089966, 76.3936462402, 76.7883911133, 77.1831283569, 77.5778656006, 77.9726028442, 78.3673477173, 78.7504730225, 79.133605957, 79.5167312622, 79.8998641968, 80.2946014404, 80.6893386841, 81.0840835571, 81.4788208008, 81.861946106, 82.2450790405, 82.6282043457, 83.0113372803, 83.4060745239, 83.8008117676, 84.1955566406, 84.5902938843, 84.9734191895, 85.356552124, 85.7512893677, 86.1460266113, 86.5291595459, 86.9122848511, 87.2954177856, 87.6901550293, 88.0732879639, 88.4680252075, 88.8627624512, 89.2575073242, 89.6522445679, 90.0469818115, 90.4417190552, 90.8248519897, 91.2079772949, 91.602722168, 91.9974594116, 92.3805847168, 92.7753295898, 93.158454895, 93.5531921387, 93.9363250732, 94.3310623169, 94.7141952515, 95.0973205566, 95.4804534912, 95.8751907349, 96.2699279785, 96.6646728516, 97.0594100952, 97.4425354004, 97.825668335, 98.2204055786, 98.6035385132, 98.9982757568, 99.381401062, 99.7761459351, 100.170883179, 100.554008484, 100.937141418, 101.331878662, 101.726615906, 102.121360779, 102.516098022, 102.910835266, 103.293968201, 103.677093506, 104.06022644, 104.443351746, 104.838096619, 105.232833862, 105.627571106, 106.010704041, 106.405441284, 106.788566589, 107.183311462, 107.566436768, 107.949569702, 108.344306946, 108.739044189, 109.133781433, 109.528526306, 109.911651611, 110.294784546, 110.68952179, 111.084259033, 111.467391968, 111.850517273, 112.233650208, 112.628387451, 113.023124695, 113.417869568, 113.812606812, 114.195732117, 114.578865051, 114.961990356, 115.356735229, 115.751472473, 116.146209717, 116.529342651, 116.924079895, 117.3072052, 117.701950073, 118.096687317, 118.479812622, 118.874557495, 119.2576828, 119.652427673, 120.047164917, 120.430290222, 120.813423157, 121.2081604, 121.602897644, 121.986030579, 122.380767822, 122.763900757, 123.158638, 123.553375244, 123.936508179, 124.319633484, 124.714370728, 125.109115601, 125.492240906, 125.87537384, 126.270111084, 126.664848328, 127.059593201, 127.454330444, 127.83745575, 128.220581055, 128.615325928, 128.998458862, 129.393188477, 129.776321411, 130.171066284, 130.565795898, 130.948928833, 131.343673706, 131.73840332, 132.121536255, 132.493057251, 132.887802124, 133.282531738, 133.677276611, 134.072021484, 134.466751099, 134.849884033, 135.233016968, 135.627746582, 136.010879517, 136.40562439, 136.788757324, 137.183486938, 137.578231812, 137.961364746, 138.344482422, 138.739227295, 139.133972168, 139.528701782, 139.911834717, 140.294967651, 140.689697266, 141.084442139, 141.479187012, 141.873916626, 142.257049561, 142.640182495, 143.034912109, 143.429656982, 143.812789917, 144.195922852, 144.590652466, 144.985397339, 145.368530273, 145.751647949, 146.146392822, 146.541137695, 146.924255371, 147.307388306, 147.702133179, 148.096862793, 148.491607666, 148.874740601, 149.257858276, 149.652603149, 150.047348022, 150.442077637, 150.813598633, 151.208343506, 151.603088379, 151.986206055, 152.369338989, 152.764083862, 153.158813477, 153.55355835, 153.936691284, 154.31980896, 154.714553833, 155.109298706, 155.50402832, 155.898773193, 156.281906128, 156.665023804, 157.059768677, 157.442901611, 157.826034546, 158.22076416, 158.615509033, 159.010253906, 159.393371582, 159.788116455, 160.17124939, 160.565979004, 160.960723877, 161.343856812, 161.726974487, 162.12171936, 162.516464233, 162.899581909, 163.282714844, 163.677459717, 164.060592651, 164.455322266, 164.8384552, 165.233200073, 165.627929688, 166.022674561, 166.405807495, 166.800537109, 167.183670044, 167.578414917, 167.973144531, 168.356277466, 168.751022339, 169.134140015, 169.528884888, 169.912017822, 170.295150757, 170.689880371, 171.084625244, 171.490966797, 171.908935547, 172.3152771, 172.73324585, 173.139587402, 173.545944214, 173.963897705, 174.370239258, 174.776596069, 175.171340942, 175.577682495, 175.995635986, 176.413604736, 176.831558228, 177.191467285, 177.551376343, 177.9112854, 178.271194458, 178.631103516, 179.002624512, 179.374145508]
