
metadata:
    version:
        essentia: "2.1-beta2"
    audio_properties:
        analysis_sample_rate: 44100
        bitrate: 236
        channels: 2
        equal_loudness: 1
        length: 170.684082031
        replay_gain: -15.0733718872
        downmix: "mix"
    tags:
        album: "Flyleaf"
        artist: "Flyleaf"
        comment: ""
        date: "2005"
        genre: "Rock"
        title: "Fully Alive"
        tracknumber: "2"

configuration:
    average_loudness:
        compute: 1
        frameSize: 88200
        hopSize: 44100
        silentFrames: "noise"
        windowType: "hann"
    general:
        analysisSampleRate: 44100
        endTime: 2000
        equalLoudness: 1
        nequalLoudness: 0
        shortSound: 0
        startTime: 0
    lowlevel:
        compute: 1
        frameSize: 2048
        hopSize: 1024
        zeroPadding: 0
        silentFrames: "noise"
        windowType: "blackmanharris62"
        mfccStats: ["mean", "cov", "icov"]
        stats: ["mean", "var", "median", "min", "max", "dmean", "dmean2", "dvar", "dvar2"]
    panning:
        compute: 0
        frameSize: 8192
        hopSize: 2048
        zeroPadding: 8192
        silentFrames: "noise"
        windowType: "hann"
        stats: ["copy"]
    rhythm:
        compute: 1
        maxTempo: 208
        minTempo: 40
        method: "degara"
        stats: ["mean", "var", "median", "min", "max", "dmean", "dmean2", "dvar", "dvar2"]
    segmentation:
        compute: 0
        cpw: 5
        inc1: 300
        inc2: 50
        minimumSegmentsLength: 10
        size1: 1000
        size2: 600
    sfx:
        compute: 1
        stats: ["mean", "var", "median", "min", "max", "dmean", "dmean2", "dvar", "dvar2"]
    svm:
        compute: 0
    tonal:
        compute: 1
        frameSize: 4096
        hopSize: 2048
        zeroPadding: 0
        silentFrames: "noise"
        windowType: "blackmanharris62"
        stats: ["mean", "var", "median", "min", "max", "dmean", "dmean2", "dvar", "dvar2"]

lowlevel:
    average_loudness: 0.833087682724
    barkbands_kurtosis:
        dmean: 1.00732028484
        dmean2: 1.56046354771
        dvar: 3.92100477219
        dvar2: 8.0335187912
        max: 90.8990936279
        mean: 0.357113957405
        median: -0.513710021973
        min: -1.89167225361
        var: 12.963596344
    barkbands_skewness:
        dmean: 0.378596812487
        dmean2: 0.564716815948
        dvar: 0.148081690073
        dvar2: 0.295781075954
        max: 8.24315071106
        mean: -0.686029970646
        median: -0.752964138985
        min: -5.43436574936
        var: 0.92142701149
    barkbands_spread:
        dmean: 5.46373033524
        dmean2: 8.5156288147
        dvar: 31.7312698364
        dvar2: 73.3620986938
        max: 76.7520446777
        mean: 30.3358097076
        median: 29.0074119568
        min: 1.03349590302
        var: 136.078781128
    dissonance:
        dmean: 0.0102288480848
        dmean2: 0.0170971862972
        dvar: 0.000135620080982
        dvar2: 0.000374474271666
        max: 0.500000059605
        mean: 0.480827480555
        median: 0.485793888569
        min: 0.328555673361
        var: 0.000312671152642
    hfc:
        dmean: 2.14619064331
        dmean2: 3.24664449692
        dvar: 9.0558795929
        dvar2: 19.3383922577
        max: 67.7834396362
        mean: 10.0125370026
        median: 8.44679927826
        min: 1.05197852454e-016
        var: 60.4014892578
    pitch:
        dmean: 782.985778809
        dmean2: 1494.63867188
        dvar: 1657231.75
        dvar2: 4056032
        max: 6144.46923828
        mean: 1628.41442871
        median: 441.630279541
        min: 72.7530899048
        var: 2651078
    pitch_instantaneous_confidence:
        dmean: 0.0789740309119
        dmean2: 0.125457465649
        dvar: 0.00554023310542
        dvar2: 0.0126660056412
        max: 0.969745635986
        mean: 0.448009371758
        median: 0.409316539764
        min: 0.092932164669
        var: 0.0313116833568
    pitch_salience:
        dmean: 0.0558061227202
        dmean2: 0.0882864966989
        dvar: 0.00296366401017
        dvar2: 0.00661089504138
        max: 0.954512476921
        mean: 0.652629077435
        median: 0.666473150253
        min: 0.151499003172
        var: 0.0101362476125
    silence_rate_20dB:
        dmean: 0
        dmean2: 0
        dvar: 0
        dvar2: 0
        max: 1
        mean: 1
        median: 1
        min: 1
        var: 0
    silence_rate_30dB:
        dmean: 0
        dmean2: 0
        dvar: 0
        dvar2: 0
        max: 1
        mean: 1
        median: 1
        min: 1
        var: 0
    silence_rate_60dB:
        dmean: 0.0699224621058
        dmean2: 0.139863952994
        dvar: 0.0650292485952
        dvar2: 0.139358177781
        max: 1
        mean: 0.467355817556
        median: 0
        min: 0
        var: 0.248922929168
    spectral_centroid:
        dmean: 260.411651611
        dmean2: 388.465454102
        dvar: 102811.085938
        dvar2: 177090.734375
        max: 11859.7314453
        mean: 2579.07836914
        median: 2423.04101563
        min: 228.36505127
        var: 2156880.75
    spectral_complexity:
        dmean: 3.02217388153
        dmean2: 4.8282995224
        dvar: 10.852558136
        dvar2: 24.6444988251
        max: 45
        mean: 15.0635204315
        median: 15
        min: 0
        var: 94.0211639404
    spectral_crest:
        dmean: 1.88584649563
        dmean2: 3.05064892769
        dvar: 3.41688609123
        dvar2: 8.06829547882
        max: 24.9408435822
        mean: 7.42311477661
        median: 6.57642364502
        min: 2.54987096786
        var: 10.611948967
    spectral_decrease:
        dmean: 1.59887436624e-010
        dmean2: 2.49573084421e-010
        dvar: 4.63829831638e-020
        dvar2: 1.06319411137e-019
        max: 2.07115613629e-028
        mean: -8.40366387589e-010
        median: -6.95416391139e-010
        min: -3.81762665924e-009
        var: 3.31110550586e-019
    spectral_energy:
        dmean: 0.000770448008552
        dmean2: 0.00119176355656
        dvar: 1.07185940124e-006
        dvar2: 2.41185080085e-006
        max: 0.0201314166188
        mean: 0.00407991092652
        median: 0.00339204445481
        min: 9.7825957766e-021
        var: 8.0043437265e-006
    spectral_energyband_high:
        dmean: 0.000207577264518
        dmean2: 0.000316642835969
        dvar: 1.37038057346e-007
        dvar2: 2.93912705729e-007
        max: 0.0131405275315
        mean: 0.000653666211292
        median: 0.000448717881227
        min: 7.02129725525e-021
        var: 5.06596336436e-007
    spectral_energyband_low:
        dmean: 0.00010462920909
        dmean2: 0.000168325321283
        dvar: 3.8150453463e-008
        dvar2: 9.13527671287e-008
        max: 0.00352971861139
        mean: 0.000187114172149
        median: 0.00010279010894
        min: 7.89850925657e-024
        var: 7.73111210606e-008
    spectral_energyband_middle_high:
        dmean: 0.000596622703597
        dmean2: 0.000912419171073
        dvar: 6.14022837908e-007
        dvar2: 1.36439155085e-006
        max: 0.0189692005515
        mean: 0.00254128035158
        median: 0.00208579446189
        min: 1.09548601464e-021
        var: 4.64743334305e-006
    spectral_energyband_middle_low:
        dmean: 0.000294943602057
        dmean2: 0.000464179436676
        dvar: 2.39716229089e-007
        dvar2: 5.75262447455e-007
        max: 0.006584727671
        mean: 0.000770402082708
        median: 0.000558126601391
        min: 1.39735097327e-022
        var: 5.22469576936e-007
    spectral_flatness_db:
        dmean: 0.0134709915146
        dmean2: 0.0206270515919
        dvar: 0.00018779830134
        dvar2: 0.000378073862521
        max: 0.344338476658
        mean: 0.145011484623
        median: 0.135025799274
        min: 0.054919064045
        var: 0.00169942656066
    spectral_flux:
        dmean: 0.00660153618082
        dmean2: 0.0101464819163
        dvar: 5.55275255465e-005
        dvar2: 0.00012631820573
        max: 0.108044922352
        mean: 0.0361450761557
        median: 0.0351396054029
        min: 6.26386026381e-011
        var: 0.000291528616799
    spectral_kurtosis:
        dmean: 0.697031319141
        dmean2: 1.15583240986
        dvar: 0.933576583862
        dvar2: 2.80034589767
        max: 17.2368526459
        mean: 2.3094933033
        median: 2.12369203568
        min: -1.29022049904
        var: 2.64197802544
    spectral_rms:
        dmean: 0.000179646740435
        dmean2: 0.000274017365882
        dvar: 4.57466242665e-008
        dvar2: 9.8368822421e-008
        max: 0.00443174969405
        mean: 0.00185653869994
        median: 0.00181915133726
        min: 3.08933586178e-012
        var: 5.33672618985e-007
    spectral_rolloff:
        dmean: 291.51260376
        dmean2: 460.405303955
        dvar: 228920.65625
        dvar2: 417382.875
        max: 19767.4804688
        mean: 4257.83496094
        median: 3897.50976563
        min: 150.732421875
        var: 5669748
    spectral_skewness:
        dmean: 0.12084916234
        dmean2: 0.188863903284
        dvar: 0.0167401507497
        dvar2: 0.0406291559339
        max: 3.448523283
        mean: 1.06578755379
        median: 1.10500621796
        min: -0.157301291823
        var: 0.0948008224368
    spectral_spread:
        dmean: 479671.78125
        dmean2: 703489.0625
        dvar: 535739596800
        dvar2: 939383848960
        max: 43062220
        mean: 6372254.5
        median: 5386916.5
        min: 1859417.625
        var: 3.14418596413e+013
    spectral_strongpeak:
        dmean: 0.673334240913
        dmean2: 1.12738180161
        dvar: 0.754175305367
        dvar2: 1.90031957626
        max: 9.31898784637
        mean: 1.26491117477
        median: 0.842660784721
        min: 0
        var: 1.96292471886
    zerocrossingrate:
        dmean: 0.00859490595758
        dmean2: 0.0100067099556
        dvar: 0.000117109419079
        dvar2: 0.000115420480142
        max: 0.52490234375
        mean: 0.135297015309
        median: 0.12841796875
        min: 0.0107421875
        var: 0.00399969378486
    barkbands:
        dmean: [4.46197816473e-007, 2.75970160146e-005, 6.45463878755e-005, 5.88772854826e-005, 0.000128701460198, 0.000108257132524, 5.53622594452e-005, 5.16618820257e-005, 5.30292309122e-005, 9.39909514273e-005, 5.24435126863e-005, 3.67620195902e-005, 4.34864778072e-005, 4.7653211368e-005, 8.56255574035e-005, 0.000170698491274, 0.0001897730981, 0.000161226140335, 0.0002501658455, 0.000195109794731, 0.000100435921922, 4.2208488594e-005, 9.20675665839e-006, 5.9706335378e-006, 3.90795821659e-006, 1.39456716397e-007, 7.18981651993e-010]
        dmean2: [6.69134067266e-007, 4.67195313831e-005, 0.00010300509166, 9.90146872937e-005, 0.00021551840473, 0.000171912033693, 8.82841704879e-005, 8.12081707409e-005, 7.99433255452e-005, 0.000136090733577, 7.88894176367e-005, 5.79526313231e-005, 6.71411398798e-005, 7.4622919783e-005, 0.000133465582621, 0.000266293471213, 0.000297582999337, 0.000257898762356, 0.000408829131629, 0.000316414894769, 0.00015777972294, 6.75868650433e-005, 1.37852230182e-005, 8.71872907737e-006, 5.59837644687e-006, 2.02789109949e-007, 1.1003947753e-009]
        dvar: [1.85926100904e-012, 6.08239059119e-009, 1.49082577394e-008, 1.21786616347e-008, 7.71510997311e-008, 5.40358335854e-008, 2.08793498047e-008, 2.06802646119e-008, 2.14704609647e-008, 6.13280022321e-008, 2.93662463235e-008, 9.4375343096e-009, 1.82769692714e-008, 1.49344163702e-008, 4.83102340354e-008, 1.99911696086e-007, 1.22633608157e-007, 8.10018860875e-008, 1.34083506964e-007, 1.10317614599e-007, 4.55743176531e-008, 5.9154658949e-009, 4.0596323525e-010, 2.00742478196e-010, 7.02839661471e-011, 1.67748586831e-013, 4.65917379595e-018]
        dvar2: [3.85073353412e-012, 1.60417670259e-008, 3.17571782205e-008, 3.18082449269e-008, 2.02143752404e-007, 1.27077811385e-007, 5.03372561411e-008, 5.01982952983e-008, 4.45187424702e-008, 1.16514328852e-007, 6.18275848296e-008, 2.30400090118e-008, 3.92957240081e-008, 3.31283835919e-008, 1.15293765646e-007, 4.50715901934e-007, 2.63376932708e-007, 1.84850151186e-007, 3.33491016136e-007, 2.75543413863e-007, 1.02897814713e-007, 1.31343727006e-008, 7.94727339493e-010, 3.61597141119e-010, 1.38922165438e-010, 3.3090958901e-013, 9.35048934897e-018]
        max: [1.33392240969e-005, 0.000774602871388, 0.00274634966627, 0.00186343910173, 0.00375032401644, 0.00490339286625, 0.00344382505864, 0.00244893552735, 0.00249976478517, 0.00566703267395, 0.00349557981826, 0.0026427002158, 0.00320371892303, 0.0028575360775, 0.00542956450954, 0.0100335543975, 0.00814126525074, 0.00612990511581, 0.00979396048933, 0.00818858388811, 0.00846525933594, 0.00230599683709, 0.000537566666026, 0.000405917060561, 0.000213106104638, 7.39219649404e-006, 4.51659012413e-008]
        mean: [4.4439829594e-007, 3.03718061332e-005, 0.000109837223135, 8.99334845599e-005, 0.000200529000722, 0.00018196288147, 8.47780174809e-005, 8.00552661531e-005, 9.83259014902e-005, 0.000206982120289, 8.56643600855e-005, 6.15351236775e-005, 6.99667434674e-005, 7.50248145778e-005, 0.000140597156133, 0.00031693832716, 0.000399401877075, 0.000372082547983, 0.000580265768804, 0.000476706307381, 0.00025944103254, 0.000109757711471, 2.372498966e-005, 1.61505140568e-005, 9.16087992664e-006, 2.720674388e-007, 1.24315135963e-009]
        median: [2.31707506515e-008, 8.90162664291e-006, 5.17696389579e-005, 4.27728373324e-005, 0.000110345368739, 9.20158927329e-005, 3.92857655243e-005, 3.24163738696e-005, 2.71528188023e-005, 3.09827519231e-005, 2.59850730799e-005, 2.8549660783e-005, 2.8897960874e-005, 3.0432953281e-005, 5.70515621803e-005, 0.000134732836159, 0.000275927595794, 0.000250450684689, 0.000490826845635, 0.000364260049537, 0.000173284875927, 7.23132543499e-005, 1.42342450999e-005, 8.68806091603e-006, 4.27429586125e-006, 8.01591539812e-008, 4.97480778794e-010]
        min: [4.05942472364e-025, 1.53741141262e-024, 5.07100103044e-025, 4.46647275991e-025, 4.28653092502e-024, 6.85707402216e-024, 8.06611222222e-024, 2.74402189324e-024, 1.57091394083e-023, 1.51871580359e-023, 1.44208774853e-023, 1.48435065598e-023, 2.85343295649e-023, 2.56164498279e-023, 3.89655698432e-023, 5.05748508212e-023, 7.27338779183e-023, 9.29656105387e-023, 1.25704455132e-022, 1.75234633234e-022, 2.43585303351e-022, 2.95800271725e-022, 3.55162218926e-022, 5.12873537774e-022, 7.85946487006e-022, 1.32699500611e-021, 1.83624503438e-021]
        var: [2.18870776537e-012, 5.40251532399e-009, 4.05037532403e-008, 2.33530847993e-008, 9.47410256913e-008, 9.23622991422e-008, 2.85500831865e-008, 3.16057757743e-008, 6.64646364612e-008, 2.78954502164e-007, 6.64085106905e-008, 2.04532817349e-008, 3.09171639401e-008, 3.23673745584e-008, 9.25967640342e-008, 5.81197241445e-007, 3.29222331175e-007, 2.48179986784e-007, 2.95260207395e-007, 2.46746907351e-007, 1.16870396027e-007, 1.78773209569e-008, 1.33919153544e-009, 6.77729983245e-010, 2.14831680223e-010, 4.23399298477e-013, 9.0967889192e-018]
    frequency_bands:
        dmean: [4.46197816473e-007, 2.75970160146e-005, 6.45463878755e-005, 5.88772854826e-005, 0.000128701460198, 0.000108257132524, 5.53622594452e-005, 5.16618820257e-005, 5.30292309122e-005, 9.39909514273e-005, 5.24435126863e-005, 3.67620195902e-005, 4.34864778072e-005, 4.7653211368e-005, 8.56255574035e-005, 0.000170698491274, 0.0001897730981, 0.000161226140335, 0.0002501658455, 0.000195109794731, 0.000100435921922, 4.2208488594e-005, 9.20675665839e-006, 5.9706335378e-006, 3.90795821659e-006, 1.39456716397e-007, 7.18981651993e-010, 4.72351671665e-011]
        dmean2: [6.69134067266e-007, 4.67195313831e-005, 0.00010300509166, 9.90146872937e-005, 0.00021551840473, 0.000171912033693, 8.82841704879e-005, 8.12081707409e-005, 7.99433255452e-005, 0.000136090733577, 7.88894176367e-005, 5.79526313231e-005, 6.71411398798e-005, 7.4622919783e-005, 0.000133465582621, 0.000266293471213, 0.000297582999337, 0.000257898762356, 0.000408829131629, 0.000316414894769, 0.00015777972294, 6.75868650433e-005, 1.37852230182e-005, 8.71872907737e-006, 5.59837644687e-006, 2.02789109949e-007, 1.1003947753e-009, 8.76698574848e-011]
        dvar: [1.85926100904e-012, 6.08239059119e-009, 1.49082577394e-008, 1.21786616347e-008, 7.71510997311e-008, 5.40358335854e-008, 2.08793498047e-008, 2.06802646119e-008, 2.14704609647e-008, 6.13280022321e-008, 2.93662463235e-008, 9.4375343096e-009, 1.82769692714e-008, 1.49344163702e-008, 4.83102340354e-008, 1.99911696086e-007, 1.22633608157e-007, 8.10018860875e-008, 1.34083506964e-007, 1.10317614599e-007, 4.55743176531e-008, 5.9154658949e-009, 4.0596323525e-010, 2.00742478196e-010, 7.02839661471e-011, 1.67748586831e-013, 4.65917379595e-018, 5.5692216757e-021]
        dvar2: [3.85073353412e-012, 1.60417670259e-008, 3.17571782205e-008, 3.18082449269e-008, 2.02143752404e-007, 1.27077811385e-007, 5.03372561411e-008, 5.01982952983e-008, 4.45187424702e-008, 1.16514328852e-007, 6.18275848296e-008, 2.30400090118e-008, 3.92957240081e-008, 3.31283835919e-008, 1.15293765646e-007, 4.50715901934e-007, 2.63376932708e-007, 1.84850151186e-007, 3.33491016136e-007, 2.75543413863e-007, 1.02897814713e-007, 1.31343727006e-008, 7.94727339493e-010, 3.61597141119e-010, 1.38922165438e-010, 3.3090958901e-013, 9.35048934897e-018, 1.78015875573e-020]
        max: [1.33392240969e-005, 0.000774602871388, 0.00274634966627, 0.00186343910173, 0.00375032401644, 0.00490339286625, 0.00344382505864, 0.00244893552735, 0.00249976478517, 0.00566703267395, 0.00349557981826, 0.0026427002158, 0.00320371892303, 0.0028575360775, 0.00542956450954, 0.0100335543975, 0.00814126525074, 0.00612990511581, 0.00979396048933, 0.00818858388811, 0.00846525933594, 0.00230599683709, 0.000537566666026, 0.000405917060561, 0.000213106104638, 7.39219649404e-006, 4.51659012413e-008, 8.96436203046e-010]
        mean: [4.4439829594e-007, 3.03718061332e-005, 0.000109837223135, 8.99334845599e-005, 0.000200529000722, 0.00018196288147, 8.47780174809e-005, 8.00552661531e-005, 9.83259014902e-005, 0.000206982120289, 8.56643600855e-005, 6.15351236775e-005, 6.99667434674e-005, 7.50248145778e-005, 0.000140597156133, 0.00031693832716, 0.000399401877075, 0.000372082547983, 0.000580265768804, 0.000476706307381, 0.00025944103254, 0.000109757711471, 2.372498966e-005, 1.61505140568e-005, 9.16087992664e-006, 2.720674388e-007, 1.24315135963e-009, 3.69788782928e-011]
        median: [2.31707506515e-008, 8.90162664291e-006, 5.17696389579e-005, 4.27728373324e-005, 0.000110345368739, 9.20158927329e-005, 3.92857655243e-005, 3.24163738696e-005, 2.71528188023e-005, 3.09827519231e-005, 2.59850730799e-005, 2.8549660783e-005, 2.8897960874e-005, 3.0432953281e-005, 5.70515621803e-005, 0.000134732836159, 0.000275927595794, 0.000250450684689, 0.000490826845635, 0.000364260049537, 0.000173284875927, 7.23132543499e-005, 1.42342450999e-005, 8.68806091603e-006, 4.27429586125e-006, 8.01591539812e-008, 4.97480778794e-010, 1.24924419767e-011]
        min: [4.05942472364e-025, 1.53741141262e-024, 5.07100103044e-025, 4.46647275991e-025, 4.28653092502e-024, 6.85707402216e-024, 8.06611222222e-024, 2.74402189324e-024, 1.57091394083e-023, 1.51871580359e-023, 1.44208774853e-023, 1.48435065598e-023, 2.85343295649e-023, 2.56164498279e-023, 3.89655698432e-023, 5.05748508212e-023, 7.27338779183e-023, 9.29656105387e-023, 1.25704455132e-022, 1.75234633234e-022, 2.43585303351e-022, 2.95800271725e-022, 3.55162218926e-022, 5.12873537774e-022, 7.85946487006e-022, 1.32699500611e-021, 1.83624503438e-021, 4.71479519587e-022]
        var: [2.18870776537e-012, 5.40251532399e-009, 4.05037532403e-008, 2.33530847993e-008, 9.47410256913e-008, 9.23622991422e-008, 2.85500831865e-008, 3.16057757743e-008, 6.64646364612e-008, 2.78954502164e-007, 6.64085106905e-008, 2.04532817349e-008, 3.09171639401e-008, 3.23673745584e-008, 9.25967640342e-008, 5.81197241445e-007, 3.29222331175e-007, 2.48179986784e-007, 2.95260207395e-007, 2.46746907351e-007, 1.16870396027e-007, 1.78773209569e-008, 1.33919153544e-009, 6.77729983245e-010, 2.14831680223e-010, 4.23399298477e-013, 9.0967889192e-018, 4.49586920479e-021]
    mfcc:
        mean: [-715.522644043, 61.0777206421, -46.0791816711, 49.1192092896, -12.8634672165, -10.4003658295, -2.60395240784, -8.13179302216, -3.06422615051, -10.1822385788, -8.00854206085, -6.36504507065, -3.66933298111]
        cov: [[7935.70898438, 273.222381592, -169.605926514, 491.11895752, -23.6444683075, 66.9896697998, -67.5631866455, 243.309066772, 98.5979156494, -41.2686576843, -58.2318458557, -74.9650421143, 13.6886835098], [273.222381592, 994.81829834, -359.366912842, 337.101104736, 90.8498001099, -23.4660587311, 126.949523926, -32.9734039307, 18.9054718018, -40.0285682678, 1.95104956627, 25.9088916779, 13.2030677795], [-169.605926514, -359.366912842, 719.251281738, -45.3548622131, 53.4630622864, 121.954071045, -19.1273288727, 138.780502319, -1.99745738506, 10.5146579742, 15.4343690872, 14.4784374237, -20.7534313202], [491.11895752, 337.101104736, -45.3548622131, 448.563079834, 156.045135498, 76.6374588013, 53.5209465027, 29.7230911255, 23.9889221191, 7.55473947525, 18.8629589081, 50.7233695984, 52.2056846619], [-23.6444683075, 90.8498001099, 53.4630622864, 156.045135498, 209.229537964, 82.4740142822, 52.0318374634, 59.8927574158, 41.7363777161, 23.9701538086, 23.7104148865, 42.6785888672, 35.8425216675], [66.9896697998, -23.4660587311, 121.954071045, 76.6374588013, 82.4740142822, 179.952041626, 67.2024154663, 58.2364082336, 6.22202920914, 39.258556366, 30.7202739716, 13.3054122925, 19.078163147], [-67.5631866455, 126.949523926, -19.1273288727, 53.5209465027, 52.0318374634, 67.2024154663, 128.594741821, 42.9773330688, 18.607131958, 16.5541000366, 15.3155736923, 9.55704975128, 6.92861652374], [243.309066772, -32.9734039307, 138.780502319, 29.7230911255, 59.8927574158, 58.2364082336, 42.9773330688, 160.633010864, 58.3941802979, 17.0906143188, 13.8506584167, 20.0409526825, 10.6212749481], [98.5979156494, 18.9054718018, -1.99745738506, 23.9889221191, 41.7363777161, 6.22202920914, 18.607131958, 58.3941802979, 89.2879943848, 29.6144294739, 7.5520567894, 8.3011302948, 10.2011098862], [-41.2686576843, -40.0285682678, 10.5146579742, 7.55473947525, 23.9701538086, 39.258556366, 16.5541000366, 17.0906143188, 29.6144294739, 86.7907180786, 37.7180328369, 8.90596866608, 14.9397506714], [-58.2318458557, 1.95104956627, 15.4343690872, 18.8629589081, 23.7104148865, 30.7202739716, 15.3155736923, 13.8506584167, 7.5520567894, 37.7180328369, 71.7861785889, 38.030166626, 17.9771099091], [-74.9650421143, 25.9088916779, 14.4784374237, 50.7233695984, 42.6785888672, 13.3054122925, 9.55704975128, 20.0409526825, 8.3011302948, 8.90596866608, 38.030166626, 82.5514755249, 42.893661499], [13.6886835098, 13.2030677795, -20.7534313202, 52.2056846619, 35.8425216675, 19.078163147, 6.92861652374, 10.6212749481, 10.2011098862, 14.9397506714, 17.9771099091, 42.893661499, 80.7185134888]]
        icov: [[0.000167575577507, 6.87068950356e-006, 0.000122896264656, -0.000269824609859, 0.000240601802943, -0.000151228174218, 0.000319761194987, -0.00045875881915, -4.10417633248e-005, 0.000118083735288, -1.35790060085e-005, 0.000278248713585, -2.31135145441e-005], [6.87068950356e-006, 0.00209157005884, 0.000726037716959, -0.00148074049503, -5.11005382577e-005, 0.000838356732856, -0.0019282620633, 0.000274352758424, -0.000267321564024, 0.00116634217557, -0.000544621376321, -3.94472554035e-005, 0.000715201429557], [0.000122896264656, 0.000726037716959, 0.00256302021444, -0.000255615712376, -0.000232814272749, -0.00139604322612, 0.00120542221703, -0.00241536879912, 0.00110342516564, 0.000467503094114, 4.47400016128e-005, -0.000508705910761, 0.00136677757837], [-0.000269824609859, -0.00148074049503, -0.000255615712376, 0.00475747417659, -0.00244275876321, -0.00117733725347, 0.000747751852032, 0.000695975206327, 0.000232238453464, -0.000334636599291, 0.000705770915374, -0.00117856822908, -0.00114582793321], [0.000240601802943, -5.11005382577e-005, -0.000232814272749, -0.00244275876321, 0.00898862164468, -0.0024334944319, -0.000437340204371, -0.000818214961328, -0.00289076589979, 0.000233753104112, 0.00055550300749, -0.00192865228746, -0.000560154148843], [-0.000151228174218, 0.000838356732856, -0.00139604322612, -0.00117733725347, -0.0024334944319, 0.0114275394008, -0.00525997346267, -0.000981008517556, 0.0034582822118, -0.0029921119567, -0.00207391567528, 0.00255567696877, -0.00152819929644], [0.000319761194987, -0.0019282620633, 0.00120542221703, 0.000747751852032, -0.000437340204371, -0.00525997346267, 0.0138999857008, -0.00376284820959, 7.97535176389e-005, -0.000520781846717, -6.38139317743e-005, 0.000274284160696, 0.000781668408308], [-0.00045875881915, 0.000274352758424, -0.00241536879912, 0.000695975206327, -0.000818214961328, -0.000981008517556, -0.00376284820959, 0.0135156260803, -0.00778689282015, 0.00184127048124, -0.000199954549316, -0.00202461914159, -0.0001347635407], [-4.10417633248e-005, -0.000267321564024, 0.00110342516564, 0.000232238453464, -0.00289076589979, 0.0034582822118, 7.97535176389e-005, -0.00778689282015, 0.0196366272867, -0.00720050372183, 0.00217421120033, 0.000429747859016, -0.000193330735783], [0.000118083735288, 0.00116634217557, 0.000467503094114, -0.000334636599291, 0.000233753104112, -0.0029921119567, -0.000520781846717, 0.00184127048124, -0.00720050372183, 0.0201094411314, -0.0105881812051, 0.00446402234957, -0.00229434855282], [-1.35790060085e-005, -0.000544621376321, 4.47400016128e-005, 0.000705770915374, 0.00055550300749, -0.00207391567528, -6.38139317743e-005, -0.000199954549316, 0.00217421120033, -0.0105881812051, 0.0257914066315, -0.012416488491, 0.00246065878309], [0.000278248713585, -3.94472554035e-005, -0.000508705910761, -0.00117856822908, -0.00192865228746, 0.00255567696877, 0.000274284160696, -0.00202461914159, 0.000429747859016, 0.00446402234957, -0.012416488491, 0.0247120670974, -0.0101612061262], [-2.31135145441e-005, 0.000715201429557, 0.00136677757837, -0.00114582793321, -0.000560154148843, -0.00152819929644, 0.000781668408308, -0.0001347635407, -0.000193330735783, -0.00229434855282, 0.00246065878309, -0.0101612061262, 0.0192294251174]]
    sccoeffs:
        dmean: [0.0510324239731, 0.0473610721529, 0.0374169684947, 0.0320810489357, 0.0217088460922, 0.015643754974]
        dmean2: [0.0830869153142, 0.0764054730535, 0.0593541786075, 0.0505533702672, 0.0347974002361, 0.0250866450369]
        dvar: [0.00179480446968, 0.00159727025311, 0.00102318637073, 0.000791252125055, 0.000369817746105, 0.000192519160919]
        dvar2: [0.00453262543306, 0.00386920804158, 0.00230877846479, 0.00180072977673, 0.00083509151591, 0.000452957756352]
        max: [-0.24795974791, -0.431206822395, -0.458076149225, -0.523508012295, -0.581014037132, -0.603278338909]
        mean: [-0.660835564137, -0.747373402119, -0.76454693079, -0.769910275936, -0.782942295074, -0.755136013031]
        median: [-0.66329985857, -0.755824923515, -0.775009155273, -0.775687158108, -0.788060545921, -0.750372648239]
        min: [-0.979015886784, -0.979548275471, -0.976666092873, -0.972609519958, -0.968826770782, -0.965129613876]
        var: [0.00865658093244, 0.00675588520244, 0.00666134618223, 0.00465023424476, 0.00248244730756, 0.00236219982617]
    scvalleys:
        dmean: [0.424487769604, 0.379756987095, 0.329211950302, 0.290094107389, 0.205926150084, 0.174643054605]
        dmean2: [0.688668727875, 0.612125277519, 0.513826787472, 0.438204556704, 0.302923411131, 0.247500434518]
        dvar: [0.167376577854, 0.138478964567, 0.111639477313, 0.101533986628, 0.0721035525203, 0.0555985942483]
        dvar2: [0.339995771646, 0.283727288246, 0.196011424065, 0.169963642955, 0.0977746471763, 0.0741418078542]
        max: [-5.24877214432, -5.17597579956, -5.6392621994, -5.81779384613, -5.41180706024, -7.14021205902]
        mean: [-8.10959529877, -7.53848743439, -7.897772789, -7.95706176758, -7.3391084671, -9.60966587067]
        median: [-7.35111141205, -6.96466827393, -7.2975487709, -7.33321857452, -6.71745347977, -8.88483428955]
        min: [-28.6701831818, -28.0968399048, -28.2057132721, -27.658624649, -27.5689868927, -27.44480896]
        var: [10.1794986725, 10.1395778656, 9.70131015778, 9.56528091431, 10.1673545837, 8.90258407593]

rhythm:
    beats_loudness:
        dmean: 0.00169673387427
        dmean2: 0.00294712232426
        dvar: 2.51659025707e-006
        dvar2: 7.30598367227e-006
        max: 0.01590009965
        mean: 0.00490443268791
        median: 0.00450234627351
        min: 0
        var: 8.42404097057e-006
    bpm: 148.841156006
    bpm_confidence: 0
    first_peak_bpm: 148
    first_peak_spread: 0.339901477098
    first_peak_weight: 0.63961815834
    onset_rate: 2.74776625633
    second_peak_bpm: 120
    second_peak_spread: 0.125000014901
    second_peak_weight: 0.0167064443231
    beats_loudness_band_ratio:
        dmean: [0.0852355435491, 0.110061883926, 0.0597572401166, 0.0740886330605, 0.12929931283, 0.129203498363]
        dmean2: [0.155895471573, 0.196624934673, 0.101534038782, 0.132956892252, 0.228015080094, 0.224951207638]
        dvar: [0.00864533614367, 0.00995257589966, 0.00528898974881, 0.00929337739944, 0.0153305381536, 0.0117598623037]
        dvar2: [0.02633452788, 0.0238943397999, 0.0139895789325, 0.0254551023245, 0.0417424999177, 0.0326010026038]
        max: [0.757059693336, 0.548774063587, 0.56002676487, 0.705987632275, 0.811305463314, 0.971487879753]
        mean: [0.087958805263, 0.116006843746, 0.0757225379348, 0.0948091894388, 0.290607064962, 0.353833943605]
        median: [0.0569787025452, 0.0779741108418, 0.0493558458984, 0.0574001893401, 0.275398135185, 0.347250819206]
        min: [0, 0, 0, 0, 0, 0]
        var: [0.00920304656029, 0.011868881993, 0.00626289146021, 0.00996223930269, 0.0186659060419, 0.0201975200325]
    beats_position: [0.406349211931, 0.824308395386, 1.24226760864, 1.66022670269, 2.06657600403, 2.47292518616, 2.87927436829, 3.28562355042, 3.69197273254, 4.09832191467, 4.5046710968, 4.91102027893, 5.31736946106, 5.72371864319, 6.13006782532, 6.53641700745, 6.94276618958, 7.33750534058, 7.74385452271, 8.15020370483, 8.55655288696, 8.95129203796, 9.35764122009, 9.76399040222, 10.1587295532, 10.5534696579, 10.95981884, 11.3661680222, 11.7725172043, 12.1672563553, 12.5736055374, 12.9799547195, 13.3746938705, 13.7694330215, 14.1757822037, 14.5821313858, 14.9768705368, 15.3716096878, 15.7663488388, 16.1726989746, 16.5790481567, 16.9853973389, 17.391746521, 17.786485672, 18.1928348541, 18.5991840363, 18.9939231873, 19.4002723694, 19.7950115204, 20.2013607025, 20.5960998535, 21.0024490356, 21.4087982178, 21.8151473999, 22.221496582, 22.616235733, 23.0225849152, 23.4289340973, 23.8352832794, 24.2416324615, 24.6363716125, 25.0311107635, 25.4374599457, 25.8438091278, 26.2501583099, 26.6565074921, 27.0628566742, 27.4575958252, 27.8639450073, 28.2586841583, 28.6650333405, 29.0597724915, 29.4661216736, 29.8608608246, 30.2672100067, 30.6735591888, 31.079908371, 31.4862575531, 31.8809967041, 32.2757377625, 32.6820869446, 33.0884361267, 33.4947853088, 33.8895225525, 34.2958717346, 34.7022209167, 35.1085700989, 35.514919281, 35.9212684631, 36.3160095215, 36.7223587036, 37.1287078857, 37.5234451294, 37.9297943115, 38.3361434937, 38.7424926758, 39.1488418579, 39.5435829163, 39.9499320984, 40.3562812805, 40.7626304626, 41.1573677063, 41.5637168884, 41.9700660706, 42.3764152527, 42.771156311, 43.1658935547, 43.560634613, 43.9785919189, 44.3849411011, 44.7912902832, 45.1976394653, 45.5923805237, 45.9871177673, 46.3934669495, 46.7882080078, 47.1945571899, 47.5892944336, 47.9956436157, 48.3903846741, 48.7967338562, 49.2030830383, 49.6094322205, 50.0157814026, 50.4105224609, 50.8052597046, 51.2116088867, 51.6063499451, 52.0010871887, 52.4074363708, 52.813785553, 53.2201347351, 53.6264839172, 54.0328330994, 54.4391822815, 54.8455314636, 55.2518806458, 55.6582298279, 56.06457901, 56.4593200684, 56.8656692505, 57.2604064941, 57.6667556763, 58.0731048584, 58.4678459167, 58.8625831604, 59.2689323425, 59.6752815247, 60.0816307068, 60.4879798889, 60.8827209473, 61.2890701294, 61.683807373, 62.0901565552, 62.4848976135, 62.8912467957, 63.2975959778, 63.7039451599, 64.1102905273, 64.5050354004, 64.9113845825, 65.3177337646, 65.7124710083, 66.107208252, 66.5135574341, 66.9199066162, 67.2914276123, 67.6977767944, 68.1041259766, 68.5220870972, 68.9284362793, 69.3231735229, 69.7411346436, 70.1474838257, 70.5538330078, 70.9601821899, 71.3549194336, 71.7612686157, 72.1676177979, 72.57396698, 72.9687042236, 73.3750534058, 73.7814025879, 74.18775177, 74.5941009521, 74.9888458252, 75.3951950073, 75.8015441895, 76.2078933716, 76.6026306152, 76.9973678589, 77.3921051025, 77.8100662231, 78.2164154053, 78.6227645874, 79.0175018311, 79.4122467041, 79.8069839478, 80.2133331299, 80.619682312, 81.0144195557, 81.4091567993, 81.8155059814, 82.2218551636, 82.6282043457, 83.0229492188, 83.4292984009, 83.835647583, 84.2419967651, 84.6367340088, 85.0314712524, 85.4262084961, 85.8325576782, 86.2389068604, 86.6452560425, 87.0516052246, 87.4579544067, 87.8643035889, 88.270652771, 88.6770019531, 89.0717468262, 89.4664840698, 89.872833252, 90.2791824341, 90.6739196777, 91.0802688599, 91.486618042, 91.8813552856, 92.2877044678, 92.6940536499, 93.100402832, 93.5067520142, 93.9131011963, 94.3194503784, 94.7141952515, 95.1205444336, 95.5268936157, 95.9216308594, 96.3279800415, 96.7343292236, 97.1290664673, 97.5354156494, 97.9417648315, 98.3365097046, 98.7312469482, 99.1375961304, 99.5439453125, 99.9502944946, 100.345031738, 100.739768982, 101.146118164, 101.552467346, 101.958816528, 102.353561401, 102.759910583, 103.166259766, 103.572608948, 103.967346191, 104.373695374, 104.780044556, 105.186393738, 105.581130981, 105.987480164, 106.382217407, 106.788566589, 107.194915771, 107.601264954, 107.996009827, 108.39074707, 108.797096252, 109.203445435, 109.609794617, 110.016143799, 110.422492981, 110.828842163, 111.235191345, 111.629928589, 112.024665833, 112.431015015, 112.837364197, 113.243713379, 113.638458252, 114.033195496, 114.439544678, 114.84589386, 115.240631104, 115.635368347, 116.041717529, 116.448066711, 116.842811584, 117.249160767, 117.655509949, 118.061859131, 118.456596375, 118.862945557, 119.269294739, 119.675643921, 120.070381165, 120.476730347, 120.883079529, 121.277824402, 121.684173584, 122.090522766, 122.496871948, 122.90322113, 123.297958374, 123.692695618, 124.0990448, 124.505393982, 124.911743164, 125.318092346, 125.724441528, 126.119178772, 126.513923645, 126.920272827, 127.326622009, 127.721359253, 128.127700806, 128.522445679, 128.92880249, 129.335144043, 129.729888916, 130.136230469, 130.54258728, 130.948928833, 131.355285645, 131.750015259, 132.15637207, 132.562713623, 132.957458496, 133.363800049, 133.77015686, 134.176498413, 134.571243286, 134.977600098, 135.38394165, 135.790298462, 136.196640015, 136.602996826, 137.009338379, 137.41569519, 137.810424805, 138.216781616, 138.61151123, 139.017868042, 139.424209595, 139.830566406, 140.236907959, 140.643264771, 141.037994385, 141.432739258, 141.827484131, 142.245437622, 142.651794434, 143.058135986, 143.452880859, 143.847610474, 144.242355347, 144.648712158, 145.043441772, 145.449798584, 145.844528198, 146.25088501, 146.657226563, 147.063583374, 147.458312988, 147.8646698, 148.271011353, 148.677368164, 149.072113037, 149.466842651, 149.873199463, 150.279541016, 150.685897827, 151.09223938, 151.498596191, 151.904937744, 152.311294556, 152.717636108, 153.12399292, 153.518722534, 153.913467407, 154.30821228, 154.691329956, 155.109298706, 155.527252197, 155.933609009, 156.339950562, 156.734695435, 157.129425049, 157.53578186, 157.930511475, 158.336868286, 158.731613159, 159.137954712, 159.544311523, 159.950653076, 160.345397949, 160.751739502, 161.158096313, 161.564437866, 161.970794678, 162.37713623, 162.79510498, 163.201446533, 163.607803345, 164.025756836, 164.443710327, 164.861679077, 165.291244507, 165.720809937, 166.150375366, 166.638000488, 167.137237549, 167.636459351, 168.135681152, 168.634918213, 169.134140015, 169.633377075, 170.132598877]
