
metadata:
    version:
        essentia: "2.1-beta2"
    audio_properties:
        analysis_sample_rate: 44100
        bitrate: 202
        channels: 2
        equal_loudness: 1
        length: 173.66204834
        replay_gain: -15.6968040466
        downmix: "mix"
    tags:
        album: "Flyleaf"
        artist: "Flyleaf"
        comment: ""
        date: "2005"
        genre: "Rock"
        title: "Perfect"
        tracknumber: "3"

configuration:
    average_loudness:
        compute: 1
        frameSize: 88200
        hopSize: 44100
        silentFrames: "noise"
        windowType: "hann"
    general:
        analysisSampleRate: 44100
        endTime: 2000
        equalLoudness: 1
        nequalLoudness: 0
        shortSound: 0
        startTime: 0
    lowlevel:
        compute: 1
        frameSize: 2048
        hopSize: 1024
        zeroPadding: 0
        silentFrames: "noise"
        windowType: "blackmanharris62"
        mfccStats: ["mean", "cov", "icov"]
        stats: ["mean", "var", "median", "min", "max", "dmean", "dmean2", "dvar", "dvar2"]
    panning:
        compute: 0
        frameSize: 8192
        hopSize: 2048
        zeroPadding: 8192
        silentFrames: "noise"
        windowType: "hann"
        stats: ["copy"]
    rhythm:
        compute: 1
        maxTempo: 208
        minTempo: 40
        method: "degara"
        stats: ["mean", "var", "median", "min", "max", "dmean", "dmean2", "dvar", "dvar2"]
    segmentation:
        compute: 0
        cpw: 5
        inc1: 300
        inc2: 50
        minimumSegmentsLength: 10
        size1: 1000
        size2: 600
    sfx:
        compute: 1
        stats: ["mean", "var", "median", "min", "max", "dmean", "dmean2", "dvar", "dvar2"]
    svm:
        compute: 0
    tonal:
        compute: 1
        frameSize: 4096
        hopSize: 2048
        zeroPadding: 0
        silentFrames: "noise"
        windowType: "blackmanharris62"
        stats: ["mean", "var", "median", "min", "max", "dmean", "dmean2", "dvar", "dvar2"]

lowlevel:
    average_loudness: 0.733022034168
    barkbands_kurtosis:
        dmean: 0.91017973423
        dmean2: 1.45112538338
        dvar: 2.77752399445
        dvar2: 7.00227832794
        max: 113.236778259
        mean: 1.02979588509
        median: -0.566311597824
        min: -1.90424406528
        var: 47.747428894
    barkbands_skewness:
        dmean: 0.338100790977
        dmean2: 0.513548135757
        dvar: 0.109907962382
        dvar2: 0.247118234634
        max: 8.46140098572
        mean: -0.309333860874
        median: -0.459058910608
        min: -3.69231653214
        var: 1.39123570919
    barkbands_spread:
        dmean: 4.85207366943
        dmean2: 7.58043956757
        dvar: 26.5618858337
        dvar2: 60.0801086426
        max: 76.9300765991
        mean: 28.5507335663
        median: 27.3758239746
        min: 0.701140761375
        var: 132.513916016
    dissonance:
        dmean: 0.0117295151576
        dmean2: 0.0197757128626
        dvar: 0.000165686637047
        dvar2: 0.000452960288385
        max: 0.500000059605
        mean: 0.479322254658
        median: 0.485606521368
        min: 0.301628112793
        var: 0.000379476317903
    hfc:
        dmean: 1.9377644062
        dmean2: 2.86197710037
        dvar: 7.6357088089
        dvar2: 15.8316783905
        max: 68.9956741333
        mean: 8.70510482788
        median: 7.51360225677
        min: 1.06595317851e-016
        var: 56.2412185669
    pitch:
        dmean: 640.31817627
        dmean2: 1208.22790527
        dvar: 1225652.125
        dvar2: 3050620
        max: 5649.79785156
        mean: 1330.27905273
        median: 390.910552979
        min: 55.1107597351
        var: 2141376.75
    pitch_instantaneous_confidence:
        dmean: 0.0781328529119
        dmean2: 0.1246843189
        dvar: 0.0050211334601
        dvar2: 0.0117731140926
        max: 0.910149097443
        mean: 0.40205308795
        median: 0.380289703608
        min: 0.087848007679
        var: 0.0209703072906
    pitch_salience:
        dmean: 0.0475060641766
        dmean2: 0.0761703401804
        dvar: 0.00180532713421
        dvar2: 0.00453169783577
        max: 0.941668987274
        mean: 0.653100371361
        median: 0.67072057724
        min: 0.185103327036
        var: 0.0104539589956
    silence_rate_20dB:
        dmean: 0
        dmean2: 0
        dvar: 0
        dvar2: 0
        max: 1
        mean: 1
        median: 1
        min: 1
        var: 0
    silence_rate_30dB:
        dmean: 0
        dmean2: 0
        dvar: 0
        dvar2: 0
        max: 1
        mean: 1
        median: 1
        min: 1
        var: 0
    silence_rate_60dB:
        dmean: 0.0668538585305
        dmean2: 0.133725598454
        dvar: 0.0623766966164
        dvar2: 0.13376249373
        max: 1
        mean: 0.439171135426
        median: 0
        min: 0
        var: 0.246301472187
    spectral_centroid:
        dmean: 234.825897217
        dmean2: 351.244171143
        dvar: 82391.2421875
        dvar2: 166937.5
        max: 11633.1806641
        mean: 2245.63989258
        median: 2107.88232422
        min: 157.234786987
        var: 2293628.75
    spectral_complexity:
        dmean: 2.94611573219
        dmean2: 4.62075424194
        dvar: 9.67759609222
        dvar2: 21.2906017303
        max: 49
        mean: 14.5156421661
        median: 14
        min: 0
        var: 93.9775314331
    spectral_crest:
        dmean: 1.66917228699
        dmean2: 2.69701886177
        dvar: 2.59774017334
        dvar2: 6.58724069595
        max: 22.1664009094
        mean: 6.96092557907
        median: 6.16617965698
        min: 2.3827688694
        var: 9.1595993042
    spectral_decrease:
        dmean: 1.68227196062e-010
        dmean2: 2.64334693023e-010
        dvar: 4.58351407979e-020
        dvar2: 1.12422763287e-019
        max: 1.57501720295e-028
        mean: -8.40501335198e-010
        median: -7.69595664973e-010
        min: -3.45649042721e-009
        var: 3.32720399154e-019
    spectral_energy:
        dmean: 0.000789843674283
        dmean2: 0.00122488208581
        dvar: 1.00668694358e-006
        dvar2: 2.37947756432e-006
        max: 0.0189284160733
        mean: 0.00396182248369
        median: 0.00362264644355
        min: 9.91540188577e-021
        var: 7.83613450039e-006
    spectral_energyband_high:
        dmean: 0.000181397917913
        dmean2: 0.000272565812338
        dvar: 1.20070794196e-007
        dvar2: 2.75998360166e-007
        max: 0.0105334604159
        mean: 0.000483271665871
        median: 0.000312001327984
        min: 7.03956227559e-021
        var: 3.74478560161e-007
    spectral_energyband_low:
        dmean: 0.000120258111565
        dmean2: 0.000204274154385
        dvar: 5.56836461385e-008
        dvar2: 1.54064778712e-007
        max: 0.00236864411272
        mean: 0.000211563121411
        median: 0.000154140376253
        min: 1.45848658902e-023
        var: 5.66524001044e-008
    spectral_energyband_middle_high:
        dmean: 0.00055795715889
        dmean2: 0.000845637812745
        dvar: 5.16875161338e-007
        dvar2: 1.19807066312e-006
        max: 0.0139762703329
        mean: 0.00253656553105
        median: 0.00202002516016
        min: 1.19934726472e-021
        var: 4.97872588312e-006
    spectral_energyband_middle_low:
        dmean: 0.000300062849419
        dmean2: 0.000490895356052
        dvar: 2.39879653918e-007
        dvar2: 6.26019811989e-007
        max: 0.00622985418886
        mean: 0.000813005317468
        median: 0.000609100330621
        min: 1.48612445706e-022
        var: 4.88919624786e-007
    spectral_flatness_db:
        dmean: 0.0122677059844
        dmean2: 0.018902329728
        dvar: 0.000129196094349
        dvar2: 0.000282885535853
        max: 0.447170525789
        mean: 0.139799386263
        median: 0.126959785819
        min: 0.0451422184706
        var: 0.00326202204451
    spectral_flux:
        dmean: 0.00610974710435
        dmean2: 0.00915809813887
        dvar: 4.95493077324e-005
        dvar2: 0.000103744256194
        max: 0.128643855453
        mean: 0.0345326662064
        median: 0.0339007750154
        min: 6.32984775706e-011
        var: 0.00029688802897
    spectral_kurtosis:
        dmean: 1.35242021084
        dmean2: 2.21772956848
        dvar: 14.568154335
        dvar2: 40.9690513611
        max: 93.1888885498
        mean: 4.19862365723
        median: 2.60181879997
        min: -1.27436435223
        var: 68.4502563477
    spectral_rms:
        dmean: 0.000188199803233
        dmean2: 0.000287929899059
        dvar: 4.90105200868e-008
        dvar2: 1.13356541931e-007
        max: 0.00429729558527
        mean: 0.00181888137013
        median: 0.00187997054309
        min: 3.1102351597e-012
        var: 5.56867348678e-007
    spectral_rolloff:
        dmean: 314.541656494
        dmean2: 493.311340332
        dvar: 213817.578125
        dvar2: 418336.28125
        max: 19681.3476563
        mean: 3824.59545898
        median: 3531.4453125
        min: 150.732421875
        var: 6309276.5
    spectral_skewness:
        dmean: 0.160903289914
        dmean2: 0.254166692495
        dvar: 0.0672268643975
        dvar2: 0.184357941151
        max: 7.97218704224
        mean: 1.3744045496
        median: 1.29600322247
        min: -0.0864362567663
        var: 0.561589479446
    spectral_spread:
        dmean: 500123.84375
        dmean2: 727634
        dvar: 652016812032
        dvar2: 1.08639984026e+012
        max: 42770648
        mean: 6113147
        median: 5240694
        min: 865087.0625
        var: 3.16482235924e+013
    spectral_strongpeak:
        dmean: 0.494303256273
        dmean2: 0.837293624878
        dvar: 0.519623577595
        dvar2: 1.31368076801
        max: 9.13471603394
        mean: 0.939784407616
        median: 0.604726493359
        min: 0
        var: 1.13240706921
    zerocrossingrate:
        dmean: 0.0080338884145
        dmean2: 0.00919624604285
        dvar: 8.03601942607e-005
        dvar2: 8.95966877579e-005
        max: 0.529296875
        mean: 0.11976801604
        median: 0.1142578125
        min: 0.00634765625
        var: 0.00448947865516
    barkbands:
        dmean: [5.86334408581e-007, 4.29490028182e-005, 6.17616678937e-005, 6.37014818494e-005, 0.000132903543999, 9.04339540284e-005, 5.239447637e-005, 6.33185554761e-005, 7.06218415871e-005, 7.83562063589e-005, 5.06960932398e-005, 0.000102904748928, 4.19362040702e-005, 5.69131443626e-005, 7.78724861448e-005, 0.000133023437229, 0.000161971183843, 0.000166139783687, 0.000204199532163, 0.000149926127051, 9.3853159342e-005, 3.35637341777e-005, 8.58857947605e-006, 4.49010894954e-006, 3.57916360372e-006, 1.16827898466e-007, 1.31100896805e-009]
        dmean2: [9.1451067874e-007, 7.61178744142e-005, 0.000104952407128, 0.000107720959932, 0.000237544620177, 0.000147182232467, 8.47604242153e-005, 0.00010034472507, 0.000107884538011, 0.000112442467071, 7.70469196141e-005, 0.00014959917462, 6.60371733829e-005, 8.89273505891e-005, 0.0001232897921, 0.00021582217596, 0.00026397840702, 0.000268092553597, 0.000329290167429, 0.00023037896608, 0.000147171318531, 5.16224827152e-005, 1.31339538711e-005, 6.57877399135e-006, 5.2089521887e-006, 1.66696963788e-007, 1.92809079813e-009]
        dvar: [2.05341906673e-012, 1.10963842559e-008, 1.30183490654e-008, 1.36925928373e-008, 9.10206949811e-008, 2.78275305021e-008, 1.20057830344e-008, 1.93062614784e-008, 2.96561086799e-008, 4.72951242614e-008, 3.88776584259e-008, 5.5765905671e-008, 1.07868940447e-008, 1.48567700364e-008, 2.784399733e-008, 5.24882501907e-008, 7.72063941668e-008, 7.44857189261e-008, 1.11175452844e-007, 1.04790153443e-007, 3.15837311859e-008, 4.38450431517e-009, 4.05286637584e-010, 9.18133902239e-011, 6.93648680161e-011, 1.39295733693e-013, 3.19156058825e-017]
        dvar2: [4.42312462698e-012, 3.09425232103e-008, 3.71923647435e-008, 3.64415697618e-008, 2.60044089373e-007, 6.60490186988e-008, 3.01127371927e-008, 4.54469635258e-008, 6.78614782146e-008, 9.09655355485e-008, 8.65925215976e-008, 1.23049218814e-007, 2.49263010232e-008, 3.3755068074e-008, 6.94739910045e-008, 1.22710275718e-007, 1.94064213588e-007, 1.82455039521e-007, 2.79725924202e-007, 2.15120735447e-007, 7.51276871824e-008, 9.55461842977e-009, 9.02711905226e-010, 1.73644432166e-010, 1.46157835834e-010, 2.95061284433e-013, 6.23803899101e-017]
        max: [1.31262049763e-005, 0.0011191512458, 0.00136042549275, 0.00175919895992, 0.00314390636049, 0.00540823768824, 0.00252227578312, 0.00308426725678, 0.00406625308096, 0.0077019482851, 0.00805605202913, 0.00535112200305, 0.00477409595624, 0.00274482276291, 0.00401436071843, 0.00640928046778, 0.00753090297803, 0.00533413421363, 0.00795914512128, 0.0103865731508, 0.00436224183068, 0.00183074444067, 0.000509454635903, 0.000194907610421, 0.000176450383151, 8.51819186209e-006, 2.23160455448e-007]
        mean: [5.45017371678e-007, 4.63588112325e-005, 0.000101110577816, 0.000102315025288, 0.000179807815584, 0.000164719269378, 9.45456122281e-005, 9.68413369264e-005, 0.000151214160724, 0.00017667231441, 0.00010522625962, 0.000267947383691, 7.77831301093e-005, 9.75849907263e-005, 0.000148083447129, 0.000273503363132, 0.000369336747099, 0.00038470842992, 0.000469682127004, 0.000331867224304, 0.000214914878597, 6.92341782269e-005, 1.84228338185e-005, 1.11694771476e-005, 8.01754595159e-006, 2.10654690136e-007, 2.07260009155e-009]
        median: [4.91687615067e-008, 2.30762634601e-005, 7.02686593286e-005, 5.23381968378e-005, 9.68681561062e-005, 9.43550767261e-005, 5.23341514054e-005, 3.62081846106e-005, 3.93246409658e-005, 3.16997684422e-005, 2.32283819059e-005, 4.86073331558e-005, 3.69333101844e-005, 5.03300470882e-005, 6.97184586897e-005, 0.000171264007804, 0.000251063960604, 0.000253638601862, 0.000299758219626, 0.000174812012119, 0.000135163005325, 4.25917460234e-005, 1.08223730422e-005, 6.27991175861e-006, 3.35165714205e-006, 4.72526586748e-008, 4.70122496488e-010]
        min: [1.16526021621e-025, 2.45932869786e-024, 6.19630420921e-025, 4.39559705884e-025, 1.13700683748e-023, 6.64842662362e-024, 4.22608406373e-024, 6.1192989603e-024, 1.53311235734e-023, 1.83606586829e-023, 6.54701855425e-024, 2.30387016696e-023, 2.00018317314e-023, 2.52623238566e-023, 5.05528384465e-023, 5.33375868617e-023, 6.08836977524e-023, 7.80896439304e-023, 1.15256743438e-022, 1.65577612603e-022, 2.21350659203e-022, 3.06182110378e-022, 3.82289769683e-022, 5.58035105156e-022, 8.1184298561e-022, 1.25991370786e-021, 1.89646665064e-021]
        var: [2.21961381566e-012, 7.87384646372e-009, 1.32126389829e-008, 2.33355237356e-008, 7.89906380305e-008, 5.33428732297e-008, 2.0693875058e-008, 3.38712276005e-008, 1.02167469151e-007, 2.33572919228e-007, 1.86567106653e-007, 3.31590086944e-007, 2.69827644672e-008, 2.66499036172e-008, 5.35713269301e-008, 1.46729249195e-007, 2.17288018689e-007, 2.40912328309e-007, 3.41271771731e-007, 3.79908755122e-007, 7.09787855158e-008, 9.6738901334e-009, 1.01966468602e-009, 3.11423914434e-010, 2.04209330001e-010, 3.32755172158e-013, 6.12946260207e-017]
    frequency_bands:
        dmean: [5.86334408581e-007, 4.29490028182e-005, 6.17616678937e-005, 6.37014818494e-005, 0.000132903543999, 9.04339540284e-005, 5.239447637e-005, 6.33185554761e-005, 7.06218415871e-005, 7.83562063589e-005, 5.06960932398e-005, 0.000102904748928, 4.19362040702e-005, 5.69131443626e-005, 7.78724861448e-005, 0.000133023437229, 0.000161971183843, 0.000166139783687, 0.000204199532163, 0.000149926127051, 9.3853159342e-005, 3.35637341777e-005, 8.58857947605e-006, 4.49010894954e-006, 3.57916360372e-006, 1.16827898466e-007, 1.31100896805e-009, 4.66990647541e-011]
        dmean2: [9.1451067874e-007, 7.61178744142e-005, 0.000104952407128, 0.000107720959932, 0.000237544620177, 0.000147182232467, 8.47604242153e-005, 0.00010034472507, 0.000107884538011, 0.000112442467071, 7.70469196141e-005, 0.00014959917462, 6.60371733829e-005, 8.89273505891e-005, 0.0001232897921, 0.00021582217596, 0.00026397840702, 0.000268092553597, 0.000329290167429, 0.00023037896608, 0.000147171318531, 5.16224827152e-005, 1.31339538711e-005, 6.57877399135e-006, 5.2089521887e-006, 1.66696963788e-007, 1.92809079813e-009, 8.6493784357e-011]
        dvar: [2.05341906673e-012, 1.10963842559e-008, 1.30183490654e-008, 1.36925928373e-008, 9.10206949811e-008, 2.78275305021e-008, 1.20057830344e-008, 1.93062614784e-008, 2.96561086799e-008, 4.72951242614e-008, 3.88776584259e-008, 5.5765905671e-008, 1.07868940447e-008, 1.48567700364e-008, 2.784399733e-008, 5.24882501907e-008, 7.72063941668e-008, 7.44857189261e-008, 1.11175452844e-007, 1.04790153443e-007, 3.15837311859e-008, 4.38450431517e-009, 4.05286637584e-010, 9.18133902239e-011, 6.93648680161e-011, 1.39295733693e-013, 3.19156058825e-017, 5.27217901746e-021]
        dvar2: [4.42312462698e-012, 3.09425232103e-008, 3.71923647435e-008, 3.64415697618e-008, 2.60044089373e-007, 6.60490186988e-008, 3.01127371927e-008, 4.54469635258e-008, 6.78614782146e-008, 9.09655355485e-008, 8.65925215976e-008, 1.23049218814e-007, 2.49263010232e-008, 3.3755068074e-008, 6.94739910045e-008, 1.22710275718e-007, 1.94064213588e-007, 1.82455039521e-007, 2.79725924202e-007, 2.15120735447e-007, 7.51276871824e-008, 9.55461842977e-009, 9.02711905226e-010, 1.73644432166e-010, 1.46157835834e-010, 2.95061284433e-013, 6.23803899101e-017, 1.65632222477e-020]
        max: [1.31262049763e-005, 0.0011191512458, 0.00136042549275, 0.00175919895992, 0.00314390636049, 0.00540823768824, 0.00252227578312, 0.00308426725678, 0.00406625308096, 0.0077019482851, 0.00805605202913, 0.00535112200305, 0.00477409595624, 0.00274482276291, 0.00401436071843, 0.00640928046778, 0.00753090297803, 0.00533413421363, 0.00795914512128, 0.0103865731508, 0.00436224183068, 0.00183074444067, 0.000509454635903, 0.000194907610421, 0.000176450383151, 8.51819186209e-006, 2.23160455448e-007, 7.72519048731e-010]
        mean: [5.45017371678e-007, 4.63588112325e-005, 0.000101110577816, 0.000102315025288, 0.000179807815584, 0.000164719269378, 9.45456122281e-005, 9.68413369264e-005, 0.000151214160724, 0.00017667231441, 0.00010522625962, 0.000267947383691, 7.77831301093e-005, 9.75849907263e-005, 0.000148083447129, 0.000273503363132, 0.000369336747099, 0.00038470842992, 0.000469682127004, 0.000331867224304, 0.000214914878597, 6.92341782269e-005, 1.84228338185e-005, 1.11694771476e-005, 8.01754595159e-006, 2.10654690136e-007, 2.07260009155e-009, 3.67771681165e-011]
        median: [4.91687615067e-008, 2.30762634601e-005, 7.02686593286e-005, 5.23381968378e-005, 9.68681561062e-005, 9.43550767261e-005, 5.23341514054e-005, 3.62081846106e-005, 3.93246409658e-005, 3.16997684422e-005, 2.32283819059e-005, 4.86073331558e-005, 3.69333101844e-005, 5.03300470882e-005, 6.97184586897e-005, 0.000171264007804, 0.000251063960604, 0.000253638601862, 0.000299758219626, 0.000174812012119, 0.000135163005325, 4.25917460234e-005, 1.08223730422e-005, 6.27991175861e-006, 3.35165714205e-006, 4.72526586748e-008, 4.70122496488e-010, 1.15773562612e-011]
        min: [1.16526021621e-025, 2.45932869786e-024, 6.19630420921e-025, 4.39559705884e-025, 1.13700683748e-023, 6.64842662362e-024, 4.22608406373e-024, 6.1192989603e-024, 1.53311235734e-023, 1.83606586829e-023, 6.54701855425e-024, 2.30387016696e-023, 2.00018317314e-023, 2.52623238566e-023, 5.05528384465e-023, 5.33375868617e-023, 6.08836977524e-023, 7.80896439304e-023, 1.15256743438e-022, 1.65577612603e-022, 2.21350659203e-022, 3.06182110378e-022, 3.82289769683e-022, 5.58035105156e-022, 8.1184298561e-022, 1.25991370786e-021, 1.89646665064e-021, 4.80173094929e-022]
        var: [2.21961381566e-012, 7.87384646372e-009, 1.32126389829e-008, 2.33355237356e-008, 7.89906380305e-008, 5.33428732297e-008, 2.0693875058e-008, 3.38712276005e-008, 1.02167469151e-007, 2.33572919228e-007, 1.86567106653e-007, 3.31590086944e-007, 2.69827644672e-008, 2.66499036172e-008, 5.35713269301e-008, 1.46729249195e-007, 2.17288018689e-007, 2.40912328309e-007, 3.41271771731e-007, 3.79908755122e-007, 7.09787855158e-008, 9.6738901334e-009, 1.01966468602e-009, 3.11423914434e-010, 2.04209330001e-010, 3.32755172158e-013, 6.12946260207e-017, 4.33754126177e-021]
    mfcc:
        mean: [-719.837341309, 80.1062774658, -43.4092750549, 43.9926147461, -6.59534835815, -7.94224691391, 0.0420852899551, -3.36967921257, -0.447265088558, -8.73106002808, -5.28240156174, -2.79707050323, -2.06409311295]
        cov: [[10071.8632813, -156.247833252, -1346.0234375, 268.331451416, -338.286254883, 89.1524429321, 88.9071121216, 162.676544189, 68.1295547485, -76.9827270508, -41.9286117554, -73.1626358032, -1.2143676281], [-156.247833252, 1174.17211914, -143.006652832, 169.617538452, 62.4035301208, -198.786239624, 33.3237571716, -57.2539863586, -6.38309955597, -41.3236045837, -39.2776069641, 5.83637619019, -34.3498802185], [-1346.0234375, -143.006652832, 756.734069824, -4.41377782822, 68.6382446289, 80.8488922119, -82.7946243286, -4.94481754303, -50.0695762634, 14.7143697739, 36.2928085327, 2.3573243618, 7.7560505867], [268.331451416, 169.617538452, -4.41377782822, 298.64151001, 39.9926223755, 10.7193975449, -13.9995603561, -32.9861221313, 9.30954837799, 10.4878349304, 12.6644697189, 26.4084835052, 15.3281097412], [-338.286254883, 62.4035301208, 68.6382446289, 39.9926223755, 138.158996582, 3.69582557678, 8.38726043701, 6.1702413559, 0.121724486351, 2.48062944412, 5.76502418518, 15.6797056198, 6.16386699677], [89.1524429321, -198.786239624, 80.8488922119, 10.7193975449, 3.69582557678, 188.704086304, 31.396030426, 39.182346344, -2.10567617416, 16.719745636, 21.4411411285, 5.39683866501, 25.7964324951], [88.9071121216, 33.3237571716, -82.7946243286, -13.9995603561, 8.38726043701, 31.396030426, 126.446739197, 29.8643760681, 29.7387046814, 9.33778858185, -0.0136179095134, 3.99138045311, 17.5407733917], [162.676544189, -57.2539863586, -4.94481754303, -32.9861221313, 6.1702413559, 39.182346344, 29.8643760681, 127.330802917, 23.0514965057, 2.59103560448, 0.207034915686, 3.88417410851, 13.2158231735], [68.1295547485, -6.38309955597, -50.0695762634, 9.30954837799, 0.121724486351, -2.10567617416, 29.7387046814, 23.0514965057, 85.6919326782, 27.8100757599, 19.0862293243, 4.08119678497, 6.85396814346], [-76.9827270508, -41.3236045837, 14.7143697739, 10.4878349304, 2.48062944412, 16.719745636, 9.33778858185, 2.59103560448, 27.8100757599, 89.2936859131, 29.8652648926, 3.8970246315, 5.57542562485], [-41.9286117554, -39.2776069641, 36.2928085327, 12.6644697189, 5.76502418518, 21.4411411285, -0.0136179095134, 0.207034915686, 19.0862293243, 29.8652648926, 77.9503479004, 29.9092311859, 5.17109727859], [-73.1626358032, 5.83637619019, 2.3573243618, 26.4084835052, 15.6797056198, 5.39683866501, 3.99138045311, 3.88417410851, 4.08119678497, 3.8970246315, 29.9092311859, 65.9740905762, 23.4537410736], [-1.2143676281, -34.3498802185, 7.7560505867, 15.3281097412, 6.16386699677, 25.7964324951, 17.5407733917, 13.2158231735, 6.85396814346, 5.57542562485, 5.17109727859, 23.4537410736, 73.700668335]]
        icov: [[0.000163034768775, 4.59958064312e-005, 0.000298495724564, -0.000255574996118, 0.000286600727122, -0.000104384052975, 6.85498889652e-005, -0.00026753693237, 9.14242555154e-005, 0.000173795531737, -0.000177403082489, 0.000288817624096, -1.10222827061e-005], [4.59958064312e-005, 0.00131642993074, 0.000105472463474, -0.000904837972485, -0.000289984978735, 0.00143114209641, -0.000923977990169, -3.49926485796e-005, 0.000397634983528, 0.000379254983272, 0.000126793063828, 3.66655076505e-005, 0.000454674242064], [0.000298495724564, 0.000105472463474, 0.00228556338698, -0.000243092232267, -0.00047796338913, -0.000964465201832, 0.00140115455724, -0.000486367702251, 0.000963273982052, 8.3623235696e-005, -0.00116054830141, 0.00106224592309, -0.000357118726242], [-0.000255574996118, -0.000904837972485, -0.000243092232267, 0.00480564404279, -0.00138743291609, -0.00140593806282, 0.00132465758361, 0.00170726235956, -0.0012181380298, -0.000716526119504, 0.000497912056744, -0.00169928127434, -0.000739775248803], [0.000286600727122, -0.000289984978735, -0.00047796338913, -0.00138743291609, 0.00894166436046, 3.84605300496e-005, -0.000985483406112, -0.00111656705849, 0.000209363453905, 0.000162137890584, 0.000140558782732, -0.00125887058675, 0.000240913213929], [-0.000104384052975, 0.00143114209641, -0.000964465201832, -0.00140593806282, 3.84605300496e-005, 0.00865135155618, -0.00313928676769, -0.00182819121983, 0.00213896646164, -0.000396433984861, -0.00173246022314, 0.00106878881343, -0.00128464761656], [6.85498889652e-005, -0.000923977990169, 0.00140115455724, 0.00132465758361, -0.000985483406112, -0.00313928676769, 0.0112516582012, -0.000978606985882, -0.00301595265046, -0.000454886234365, 0.000670634792186, 3.64124789485e-005, -0.00191741297022], [-0.00026753693237, -3.49926485796e-005, -0.000486367702251, 0.00170726235956, -0.00111656705849, -0.00182819121983, -0.000978606985882, 0.0100880712271, -0.00301555823535, 0.00034009173396, 0.00153038906865, -0.00140282826032, -0.000573630968574], [9.14242555154e-005, 0.000397634983528, 0.000963273982052, -0.0012181380298, 0.000209363453905, 0.00213896646164, -0.00301595265046, -0.00301555823535, 0.0162163022906, -0.00354398367926, -0.00388390384614, 0.00188310549129, -0.000735560548492], [0.000173795531737, 0.000379254983272, 8.3623235696e-005, -0.000716526119504, 0.000162137890584, -0.000396433984861, -0.000454886234365, 0.00034009173396, -0.00354398367926, 0.0144370850176, -0.00505908438936, 0.00233885925263, -0.000659587676637], [-0.000177403082489, 0.000126793063828, -0.00116054830141, 0.000497912056744, 0.000140558782732, -0.00173246022314, 0.000670634792186, 0.00153038906865, -0.00388390384614, -0.00505908438936, 0.0202679261565, -0.0100128138438, 0.00274356338196], [0.000288817624096, 3.66655076505e-005, 0.00106224592309, -0.00169928127434, -0.00125887058675, 0.00106878881343, 3.64124789485e-005, -0.00140282826032, 0.00188310549129, 0.00233885925263, -0.0100128138438, 0.0230975374579, -0.00676229642704], [-1.10222827061e-005, 0.000454674242064, -0.000357118726242, -0.000739775248803, 0.000240913213929, -0.00128464761656, -0.00191741297022, -0.000573630968574, -0.000735560548492, -0.000659587676637, 0.00274356338196, -0.00676229642704, 0.0170380417258]]
    sccoeffs:
        dmean: [0.0483059100807, 0.0425407625735, 0.0351761803031, 0.0283260419965, 0.0196000337601, 0.015911180526]
        dmean2: [0.0814145430923, 0.0699787735939, 0.0560309328139, 0.0457011982799, 0.0321360714734, 0.0255426540971]
        dvar: [0.00164090958424, 0.00122515298426, 0.000874202756677, 0.000543175614439, 0.000261857931037, 0.000207962017157]
        dvar2: [0.00457963813096, 0.00330073107034, 0.00215968559496, 0.00137718464248, 0.000666196923703, 0.000498836219776]
        max: [-0.439091622829, -0.509971499443, -0.482686460018, -0.602515161037, -0.615835726261, -0.629928052425]
        mean: [-0.685911893845, -0.760597407818, -0.76741874218, -0.791444301605, -0.792086005211, -0.768185913563]
        median: [-0.684364080429, -0.762935519218, -0.784219264984, -0.791850209236, -0.789344549179, -0.764529645443]
        min: [-0.981221497059, -0.982079327106, -0.976061940193, -0.970774710178, -0.966886937618, -0.965613126755]
        var: [0.00589217897505, 0.00465450808406, 0.00753472931683, 0.00305833481252, 0.00186260137707, 0.00210706307553]
    scvalleys:
        dmean: [0.412494003773, 0.334459036589, 0.283074110746, 0.246997445822, 0.195117890835, 0.219446346164]
        dmean2: [0.675358593464, 0.54679620266, 0.457057714462, 0.381273329258, 0.290276557207, 0.303364127874]
        dvar: [0.145409554243, 0.102939069271, 0.0759703293443, 0.0662386417389, 0.0603135302663, 0.0877236276865]
        dvar2: [0.32069209218, 0.22403305769, 0.155238971114, 0.116451330483, 0.0941330716014, 0.147568568587]
        max: [-5.20892858505, -5.19541835785, -5.4901175499, -5.73799276352, -5.29423761368, -7.29600572586]
        mean: [-7.68671703339, -7.35793685913, -7.69481897354, -7.79700803757, -7.49835729599, -9.8959197998]
        median: [-7.10796928406, -6.77285766602, -7.05523681641, -7.11796236038, -6.79332637787, -9.06649017334]
        min: [-28.2549858093, -27.9833183289, -27.8277053833, -27.6289367676, -27.5592956543, -27.4878768921]
        var: [10.038611412, 10.3752737045, 10.1646223068, 10.2345962524, 10.5945978165, 9.6391544342]

rhythm:
    beats_loudness:
        dmean: 0.00174664531369
        dmean2: 0.00312195438892
        dvar: 2.55848613051e-006
        dvar2: 7.72037310526e-006
        max: 0.0160507019609
        mean: 0.00480402912945
        median: 0.00454646442086
        min: 0
        var: 7.52013693273e-006
    bpm: 146.069030762
    bpm_confidence: 0
    first_peak_bpm: 148
    first_peak_spread: 0.408268749714
    first_peak_weight: 0.553140103817
    onset_rate: 2.58548140526
    second_peak_bpm: 105
    second_peak_spread: 0.399999976158
    second_peak_weight: 0.0144927538931
    beats_loudness_band_ratio:
        dmean: [0.0693416297436, 0.0731524452567, 0.0784467160702, 0.0827983245254, 0.105471566319, 0.120818264782]
        dmean2: [0.125635147095, 0.132071763277, 0.137096822262, 0.146715685725, 0.178438127041, 0.206240460277]
        dvar: [0.00788319576532, 0.00402385508642, 0.00514393206686, 0.00904460903257, 0.00812625512481, 0.0116270212457]
        dvar2: [0.0238782204688, 0.0115241520107, 0.0150000648573, 0.0250218138099, 0.0233450122178, 0.0348853841424]
        max: [0.865741789341, 0.802497148514, 0.469645053148, 0.615186750889, 0.685449779034, 0.720323264599]
        mean: [0.102842129767, 0.0993703529239, 0.10430124402, 0.12018776685, 0.312402129173, 0.270694196224]
        median: [0.0592714697123, 0.0713772624731, 0.0775685161352, 0.0803893432021, 0.306990385056, 0.257438778877]
        min: [0, 0, 0, 0, 0, 0]
        var: [0.0173986610025, 0.00985514931381, 0.00793066155165, 0.0125188687816, 0.0208397433162, 0.0204452034086]
    beats_position: [0.417959183455, 0.859138309956, 1.30031740665, 1.72988653183, 2.15945577621, 2.57741498947, 2.99537420273, 3.40172338486, 3.80807256699, 4.21442174911, 4.62077093124, 5.0387301445, 5.44507932663, 5.86303853989, 6.26938772202, 6.68734693527, 7.10530614853, 7.52326536179, 7.92961454391, 8.33596324921, 8.74231243134, 9.16027164459, 9.56662082672, 9.97297000885, 10.379319191, 10.7972784042, 11.2036275864, 11.6099767685, 12.0279359818, 12.4342851639, 12.840634346, 13.2469835281, 13.6533327103, 14.0712919235, 14.4892511368, 14.8956003189, 15.301949501, 15.7199087143, 16.1262588501, 16.5326080322, 16.9505672455, 17.3685264587, 17.7748756409, 18.181224823, 18.5991840363, 19.0055332184, 19.4118824005, 19.8182315826, 20.2245807648, 20.642539978, 21.0604991913, 21.4784584045, 21.8964176178, 22.3027667999, 22.7091159821, 23.1154651642, 23.5218143463, 23.9397735596, 24.3577327728, 24.764081955, 25.1704311371, 25.5883903503, 25.9947395325, 26.4010887146, 26.8074378967, 27.2137870789, 27.6317462921, 28.0497055054, 28.4560546875, 28.8624038696, 29.2803630829, 29.6983222961, 30.1162815094, 30.5342407227, 30.9405899048, 31.3469390869, 31.753288269, 32.1596374512, 32.5775947571, 32.9839439392, 33.3902931213, 33.8082542419, 34.2262115479, 34.63256073, 35.0389099121, 35.4452590942, 35.8516082764, 36.269569397, 36.6875267029, 37.093875885, 37.5002250671, 37.9181861877, 38.3361434937, 38.7424926758, 39.1604537964, 39.5668029785, 39.9847602844, 40.402721405, 40.8090705872, 41.2154197693, 41.6217689514, 42.0397262573, 42.4460754395, 42.8524246216, 43.2587738037, 43.6767349243, 44.0946922302, 44.5126533508, 44.9306106567, 45.3369598389, 45.743309021, 46.1496582031, 46.5560073853, 46.9623565674, 47.3687057495, 47.7866668701, 48.1930160522, 48.6109733582, 49.0173225403, 49.4352836609, 49.841632843, 50.2595901489, 50.6659393311, 51.0722885132, 51.4786376953, 51.8849868774, 52.2913360596, 52.7092971802, 53.1272544861, 53.5336036682, 53.9399528503, 54.3579139709, 54.7642631531, 55.1706123352, 55.5885696411, 56.0065307617, 56.4128799438, 56.819229126, 57.2371864319, 57.643535614, 58.0498847961, 58.4678459167, 58.8741950989, 59.280544281, 59.6985015869, 60.104850769, 60.5111999512, 60.9175491333, 61.3355102539, 61.741859436, 62.1598167419, 62.5661659241, 62.9841270447, 63.3904762268, 63.8084335327, 64.2147827148, 64.621131897, 65.0390930176, 65.4570541382, 65.8634033203, 66.2697525024, 66.6761016846, 67.0824508667, 67.5004043579, 67.9183654785, 68.3247146606, 68.7310638428, 69.1374130249, 69.5553741455, 69.9617233276, 70.3796844482, 70.7976379395, 71.2039871216, 71.6219482422, 72.0282974243, 72.4462585449, 72.8526077271, 73.2589569092, 73.6769180298, 74.094871521, 74.5012207031, 74.9075698853, 75.3255310059, 75.731880188, 76.1382293701, 76.5561904907, 76.9625396729, 77.368888855, 77.7752380371, 78.1815872192, 78.5995483398, 79.0175018311, 79.4238510132, 79.8302001953, 80.2481613159, 80.6661224365, 81.0840835571, 81.4904327393, 81.8967819214, 82.3031311035, 82.7094802856, 83.1274337769, 83.5453948975, 83.9517440796, 84.3580932617, 84.7760543823, 85.1940155029, 85.6003646851, 86.0067138672, 86.4130630493, 86.8194122314, 87.2373657227, 87.6553268433, 88.0616760254, 88.4680252075, 88.8859863281, 89.3039474487, 89.7219009399, 90.1398620605, 90.5345993042, 90.9409484863, 91.3589096069, 91.7652587891, 92.1716079712, 92.5779571533, 92.9959182739, 93.4022674561, 93.8202285767, 94.2265777588, 94.64453125, 95.0508804321, 95.4572296143, 95.8751907349, 96.281539917, 96.6878890991, 97.1058502197, 97.5121994019, 97.918548584, 98.3365097046, 98.7428588867, 99.1492080688, 99.555557251, 99.9735107422, 100.391471863, 100.797821045, 101.215782166, 101.622131348, 102.02848053, 102.44644165, 102.864395142, 103.270744324, 103.688705444, 104.095054626, 104.501403809, 104.907752991, 105.314102173, 105.720451355, 106.138412476, 106.556373596, 106.974327087, 107.392288208, 107.79863739, 108.204986572, 108.611335754, 109.017684937, 109.424034119, 109.830383301, 110.248344421, 110.666305542, 111.072654724, 111.479003906, 111.885353088, 112.30330658, 112.709655762, 113.127616882, 113.533966064, 113.940315247, 114.358276367, 114.764625549, 115.170974731, 115.588935852, 115.995285034, 116.401634216, 116.807983398, 117.22593689, 117.632286072, 118.050247192, 118.468208313, 118.874557495, 119.280906677, 119.698867798, 120.10521698, 120.511566162, 120.929519653, 121.347480774, 121.753829956, 122.171791077, 122.578140259, 122.99609375, 123.402442932, 123.808792114, 124.226753235, 124.621498108, 125.039451599, 125.45741272, 125.87537384, 126.281723022, 126.688072205, 127.094421387, 127.500770569, 127.91872406, 128.336685181, 128.754638672, 129.160995483, 129.578948975, 129.985305786, 130.391647339, 130.786392212, 131.192733765, 131.599090576, 132.005432129, 132.435012817, 132.852966309, 133.2709198, 133.68888855, 134.095230103, 134.501586914, 134.907928467, 135.325897217, 135.743850708, 136.161804199, 136.568161011, 136.974502563, 137.380859375, 137.787200928, 138.193557739, 138.599899292, 139.017868042, 139.435821533, 139.853790283, 140.271743774, 140.678085327, 141.084442139, 141.490783691, 141.897140503, 142.303482056, 142.709838867, 143.127792358, 143.545761108, 143.9637146, 144.370071411, 144.788024902, 145.194366455, 145.600723267, 146.007064819, 146.413421631, 146.831375122, 147.249343872, 147.655685425, 148.062042236, 148.468383789, 148.874740601, 149.281082153, 149.699050903, 150.117004395, 150.534957886, 150.952926636, 151.359268188, 151.765625, 152.171966553, 152.578323364, 152.996276855, 153.414230347, 153.820587158, 154.226928711, 154.644897461, 155.062850952, 155.480819702, 155.898773193, 156.305114746, 156.711471558, 157.129425049, 157.53578186, 157.942123413, 158.348480225, 158.754821777, 159.14956665, 159.555908203, 159.962265015, 160.368606567, 160.774963379, 161.181304932, 161.587661743, 162.063674927, 162.55128479, 163.027297974, 163.503311157, 163.979324341, 164.466934204, 164.954559326, 165.430557251, 165.906570435, 166.394195557, 166.88180542, 167.369430542, 167.926712036, 168.48399353, 169.052871704, 169.610153198, 170.179046631, 170.736328125, 171.305206299, 171.874099731, 172.442993164, 173.011871338]
