
metadata:
    version:
        essentia: "2.1-beta2"
    audio_properties:
        analysis_sample_rate: 44100
        bitrate: 215
        channels: 2
        equal_loudness: 1
        length: 203.937957764
        replay_gain: -14.737039566
        downmix: "mix"
    tags:
        album: "Flyleaf"
        artist: "Flyleaf"
        comment: ""
        date: "2005"
        genre: "Rock"
        title: "All Around Me"
        tracknumber: "7"

configuration:
    average_loudness:
        compute: 1
        frameSize: 88200
        hopSize: 44100
        silentFrames: "noise"
        windowType: "hann"
    general:
        analysisSampleRate: 44100
        endTime: 2000
        equalLoudness: 1
        nequalLoudness: 0
        shortSound: 0
        startTime: 0
    lowlevel:
        compute: 1
        frameSize: 2048
        hopSize: 1024
        zeroPadding: 0
        silentFrames: "noise"
        windowType: "blackmanharris62"
        mfccStats: ["mean", "cov", "icov"]
        stats: ["mean", "var", "median", "min", "max", "dmean", "dmean2", "dvar", "dvar2"]
    panning:
        compute: 0
        frameSize: 8192
        hopSize: 2048
        zeroPadding: 8192
        silentFrames: "noise"
        windowType: "hann"
        stats: ["copy"]
    rhythm:
        compute: 1
        maxTempo: 208
        minTempo: 40
        method: "degara"
        stats: ["mean", "var", "median", "min", "max", "dmean", "dmean2", "dvar", "dvar2"]
    segmentation:
        compute: 0
        cpw: 5
        inc1: 300
        inc2: 50
        minimumSegmentsLength: 10
        size1: 1000
        size2: 600
    sfx:
        compute: 1
        stats: ["mean", "var", "median", "min", "max", "dmean", "dmean2", "dvar", "dvar2"]
    svm:
        compute: 0
    tonal:
        compute: 1
        frameSize: 4096
        hopSize: 2048
        zeroPadding: 0
        silentFrames: "noise"
        windowType: "blackmanharris62"
        stats: ["mean", "var", "median", "min", "max", "dmean", "dmean2", "dvar", "dvar2"]

lowlevel:
    average_loudness: 0.866244733334
    barkbands_kurtosis:
        dmean: 1.07544565201
        dmean2: 1.62116515636
        dvar: 5.55989313126
        dvar2: 12.01957798
        max: 62.776184082
        mean: 1.10565149784
        median: -0.573735237122
        min: -1.91882920265
        var: 21.6789608002
    barkbands_skewness:
        dmean: 0.34897211194
        dmean2: 0.51600164175
        dvar: 0.147321611643
        dvar2: 0.298381745815
        max: 6.68114280701
        mean: 0.669088065624
        median: 0.524621725082
        min: -4.13469839096
        var: 1.29940521717
    barkbands_spread:
        dmean: 4.76775074005
        dmean2: 7.11311912537
        dvar: 27.7886180878
        dvar2: 54.3029022217
        max: 78.8651657104
        mean: 28.8793125153
        median: 28.8000392914
        min: 1.8635365963
        var: 159.38117981
    dissonance:
        dmean: 0.0170290358365
        dmean2: 0.0286354981363
        dvar: 0.000294129364192
        dvar2: 0.000793267216068
        max: 0.499998390675
        mean: 0.464581787586
        median: 0.472690135241
        min: 0.252425611019
        var: 0.000806360680144
    hfc:
        dmean: 1.76604294777
        dmean2: 2.62339663506
        dvar: 9.77567768097
        dvar2: 22.7850055695
        max: 46.665802002
        mean: 6.54879665375
        median: 4.48120594025
        min: 1.04525129623e-016
        var: 37.6898078918
    pitch:
        dmean: 426.749023438
        dmean2: 814.382263184
        dvar: 1078471.5
        dvar2: 2707681.25
        max: 6051.01367188
        mean: 731.308349609
        median: 277.526062012
        min: 54.4293022156
        var: 1476301.75
    pitch_instantaneous_confidence:
        dmean: 0.0795114338398
        dmean2: 0.123542368412
        dvar: 0.00645081093535
        dvar2: 0.014095460996
        max: 0.971180200577
        mean: 0.450435906649
        median: 0.430545300245
        min: 0.100451946259
        var: 0.0313299745321
    pitch_salience:
        dmean: 0.055095564574
        dmean2: 0.0870088338852
        dvar: 0.00271753594279
        dvar2: 0.00654179463163
        max: 0.936727523804
        mean: 0.597249448299
        median: 0.60312795639
        min: 0.250393182039
        var: 0.0108164055273
    silence_rate_20dB:
        dmean: 0
        dmean2: 0
        dvar: 0
        dvar2: 0
        max: 1
        mean: 1
        median: 1
        min: 1
        var: 0
    silence_rate_30dB:
        dmean: 0
        dmean2: 0
        dvar: 0
        dvar2: 0
        max: 1
        mean: 1
        median: 1
        min: 1
        var: 0
    silence_rate_60dB:
        dmean: 0.0803825557232
        dmean2: 0.160783424973
        dvar: 0.0739256069064
        dvar2: 0.160907328129
        max: 1
        mean: 0.398451715708
        median: 0
        min: 0
        var: 0.239700034261
    spectral_centroid:
        dmean: 208.292144775
        dmean2: 313.454559326
        dvar: 76451.0390625
        dvar2: 153717.6875
        max: 11754.5986328
        mean: 1518.80493164
        median: 1314.85180664
        min: 177.624420166
        var: 2236503.25
    spectral_complexity:
        dmean: 2.55607414246
        dmean2: 4.06513309479
        dvar: 13.6444263458
        dvar2: 30.3058490753
        max: 46
        mean: 11.4165525436
        median: 9
        min: 0
        var: 58.9740715027
    spectral_crest:
        dmean: 1.9939314127
        dmean2: 3.16783761978
        dvar: 3.87362742424
        dvar2: 9.73713493347
        max: 24.720495224
        mean: 8.41698360443
        median: 7.61766719818
        min: 2.26545500755
        var: 12.8389797211
    spectral_decrease:
        dmean: 2.17227888455e-010
        dmean2: 3.35411975971e-010
        dvar: 1.1310658316e-019
        dvar2: 2.74779033883e-019
        max: 1.9076746563e-028
        mean: -9.75587943763e-010
        median: -8.70026273248e-010
        min: -4.55932669396e-009
        var: 3.56755760364e-019
    spectral_energy:
        dmean: 0.000951855268795
        dmean2: 0.00145689980127
        dvar: 2.28726412388e-006
        dvar2: 5.52182473257e-006
        max: 0.0208348855376
        mean: 0.00427608378232
        median: 0.00370664475486
        min: 9.76608043713e-021
        var: 7.57097404858e-006
    spectral_energyband_high:
        dmean: 0.000165589386597
        dmean2: 0.000243996459176
        dvar: 1.04865016226e-007
        dvar2: 2.33647909909e-007
        max: 0.00733462767676
        mean: 0.000400008109864
        median: 0.000231887766859
        min: 6.98433989177e-021
        var: 2.6798332442e-007
    spectral_energyband_low:
        dmean: 0.000178306843736
        dmean2: 0.000284908426693
        dvar: 9.05204800006e-008
        dvar2: 2.39395404833e-007
        max: 0.00513162929565
        mean: 0.000422051438363
        median: 0.000319243379636
        min: 1.13541554727e-023
        var: 1.52209423732e-007
    spectral_energyband_middle_high:
        dmean: 0.000504600873683
        dmean2: 0.00076535763219
        dvar: 6.42635029635e-007
        dvar2: 1.45262538354e-006
        max: 0.0109903076664
        mean: 0.00179360352922
        median: 0.00113977771252
        min: 1.18241631545e-021
        var: 3.38200311489e-006
    spectral_energyband_middle_low:
        dmean: 0.000557147432119
        dmean2: 0.000873048091307
        dvar: 6.98692190326e-007
        dvar2: 1.67966766185e-006
        max: 0.0111150285229
        mean: 0.00181994610466
        median: 0.0016016822774
        min: 1.4728997404e-022
        var: 1.5138962226e-006
    spectral_flatness_db:
        dmean: 0.0141392219812
        dmean2: 0.0208363570273
        dvar: 0.000204471914913
        dvar2: 0.000418236333644
        max: 0.340057522058
        mean: 0.14993712306
        median: 0.139829739928
        min: 0.0533509850502
        var: 0.00202827644534
    spectral_flux:
        dmean: 0.00790857803077
        dmean2: 0.0118875103071
        dvar: 9.51697511482e-005
        dvar2: 0.000214222454815
        max: 0.129260018468
        mean: 0.0326691456139
        median: 0.029508471489
        min: 6.0668116364e-011
        var: 0.000358385645086
    spectral_kurtosis:
        dmean: 1.05147957802
        dmean2: 1.68622756004
        dvar: 3.57108592987
        dvar2: 9.60582733154
        max: 46.5494499207
        mean: 3.53577637672
        median: 2.71209955215
        min: -1.27963674068
        var: 13.2518939972
    spectral_rms:
        dmean: 0.000208172830753
        dmean2: 0.000314177392283
        dvar: 7.58925580158e-008
        dvar2: 1.73712706442e-007
        max: 0.00450851628557
        mean: 0.00191740784794
        median: 0.00190164102241
        min: 3.08672705451e-012
        var: 4.95335768846e-007
    spectral_rolloff:
        dmean: 435.825195313
        dmean2: 694.973693848
        dvar: 387508
        dvar2: 745257.125
        max: 19875.1464844
        mean: 2900.99755859
        median: 2928.515625
        min: 150.732421875
        var: 6899948.5
    spectral_skewness:
        dmean: 0.16459299624
        dmean2: 0.2503452003
        dvar: 0.0420225150883
        dvar2: 0.0921139270067
        max: 5.29751300812
        mean: 1.46326589584
        median: 1.39398229122
        min: -0.0835296064615
        var: 0.320068985224
    spectral_spread:
        dmean: 537882.6875
        dmean2: 774196.8125
        dvar: 639918276608
        dvar2: 1.23580409446e+012
        max: 43560196
        mean: 6410735
        median: 5578394.5
        min: 1374526.875
        var: 2.6875485225e+013
    spectral_strongpeak:
        dmean: 0.414811521769
        dmean2: 0.681988179684
        dvar: 0.568110406399
        dvar2: 1.31276023388
        max: 10.1913375854
        mean: 0.852804481983
        median: 0.349801689386
        min: 5.39895420038e-011
        var: 1.44712257385
    zerocrossingrate:
        dmean: 0.00843320600688
        dmean2: 0.00982767529786
        dvar: 8.87274654815e-005
        dvar2: 9.75666916929e-005
        max: 0.5302734375
        mean: 0.089835241437
        median: 0.08447265625
        min: 0.00927734375
        var: 0.00442990334705
    barkbands:
        dmean: [3.98939306478e-007, 5.56660597795e-005, 9.3991860922e-005, 0.000113720940135, 0.000283450935967, 0.000188276360859, 0.00011606215412, 7.9279197962e-005, 8.3386679762e-005, 8.22067377158e-005, 6.6729473474e-005, 9.75084549282e-005, 4.02267069148e-005, 6.93050824339e-005, 7.27415463189e-005, 0.000113142465125, 0.000136951930472, 0.000106244333438, 0.000122686396935, 0.000106585306639, 9.86601880868e-005, 3.13885138894e-005, 6.21621802566e-006, 3.36019093083e-006, 2.6184707167e-006, 9.07511505943e-008, 8.81753170479e-010]
        dmean2: [6.3345999024e-007, 9.37282893574e-005, 0.000149395214976, 0.000187236262718, 0.000452830485301, 0.000298550672596, 0.000184966411325, 0.000122965604533, 0.000122822559206, 0.00012676040933, 0.000105025355879, 0.000143827026477, 6.43390449113e-005, 0.000108165768324, 0.000112025780254, 0.000179150578333, 0.000206091979635, 0.000164362834767, 0.000202547584195, 0.000172441097675, 0.000149294966832, 4.60311275674e-005, 9.08111360332e-006, 4.84646398036e-006, 3.85559906135e-006, 1.36899217296e-007, 1.38458766674e-009]
        dvar: [1.83052119469e-012, 1.69766796176e-008, 2.59642547462e-008, 3.17710480147e-008, 2.14964600787e-007, 1.4317909347e-007, 4.6417749644e-008, 2.75123603899e-008, 4.11703915404e-008, 3.56083553754e-008, 3.28119220683e-008, 6.3696035113e-008, 1.72415930422e-008, 4.43541239292e-008, 4.97859424797e-008, 1.13503482169e-007, 1.48281387169e-007, 6.14234281215e-008, 6.16581488089e-008, 4.4213294359e-008, 4.48179164891e-008, 4.44560077639e-009, 2.69641170503e-010, 5.2688485519e-011, 3.03786128197e-011, 1.3288625571e-013, 1.1786458498e-017]
        dvar2: [4.13165725591e-012, 4.64572273984e-008, 6.94087773923e-008, 8.47030676709e-008, 5.30370471097e-007, 3.58041972959e-007, 1.15608592921e-007, 6.35329584497e-008, 7.69307035853e-008, 8.02913930897e-008, 7.67549295233e-008, 1.33456154572e-007, 3.94716686003e-008, 1.00487653754e-007, 1.08022824463e-007, 2.7822918014e-007, 3.06980695086e-007, 1.28266307797e-007, 1.64417400583e-007, 1.09146661487e-007, 1.01028113875e-007, 9.06617447782e-009, 5.87658033346e-010, 1.13233387944e-010, 6.53528481331e-011, 3.31749845693e-013, 2.88856929296e-017]
        max: [1.83533720701e-005, 0.00150724628475, 0.00293249124661, 0.00312398700044, 0.00582597497851, 0.00810131244361, 0.00367278209887, 0.00367370084859, 0.00506992125884, 0.00373139418662, 0.00433030631393, 0.00514263799414, 0.00330594647676, 0.00441237445921, 0.00622873567045, 0.00623111287132, 0.00997044425458, 0.00629571592435, 0.00392615841702, 0.00344594218768, 0.00700428662822, 0.00178870151285, 0.000457167945569, 0.000177963753231, 0.000107087835204, 1.61408243002e-005, 1.127008602e-007]
        mean: [3.46191654899e-007, 8.26089672046e-005, 0.000196610082639, 0.000226971620577, 0.000590445182752, 0.000373640970793, 0.000244196329731, 0.000157232570928, 0.000201012895559, 0.000164991186466, 0.000119275668112, 0.00021810225735, 6.23935993644e-005, 0.00010709187336, 0.000118269213999, 0.000192256178707, 0.000269039301202, 0.000202653900487, 0.000235662300838, 0.000223654569709, 0.000200312613742, 6.4178762841e-005, 1.23063009596e-005, 7.3244136729e-006, 5.3722856137e-006, 1.47795063299e-007, 1.32638278139e-009]
        median: [2.64749537848e-008, 4.65182965854e-005, 0.000127197592519, 0.000158478913363, 0.000415603659349, 0.00022739378619, 0.00010940356151, 6.22582956566e-005, 6.51268637739e-005, 5.29952594661e-005, 3.6596400605e-005, 4.89719241159e-005, 2.16381577047e-005, 2.89570598397e-005, 3.54302937922e-005, 5.41689842066e-005, 9.31629328988e-005, 8.38023697725e-005, 0.000135374022648, 0.000125545295305, 9.78132738965e-005, 3.04716049868e-005, 4.77965613754e-006, 3.09289316647e-006, 2.47336947723e-006, 4.30956497155e-008, 4.73599159889e-010]
        min: [3.07278307745e-025, 1.99882207254e-024, 3.33215265448e-025, 9.8493819967e-025, 5.90933731949e-024, 6.59414549916e-024, 1.04383108387e-023, 8.44193423493e-024, 1.25123831418e-023, 6.10435359602e-024, 1.43822438113e-023, 1.71254555444e-023, 2.8838201941e-023, 2.72248993483e-023, 2.30180587575e-023, 4.83502252032e-023, 6.2403656012e-023, 7.01962007386e-023, 1.22536881986e-022, 1.66554235025e-022, 2.16864931039e-022, 3.09593346881e-022, 4.228237654e-022, 6.06781963312e-022, 8.76307083198e-022, 1.26570861696e-021, 1.76572061702e-021]
        var: [1.74716382854e-012, 1.52968464562e-008, 4.96878591605e-008, 7.04268714458e-008, 3.9804649532e-007, 2.47992403501e-007, 1.19812838761e-007, 8.50372359196e-008, 1.73001723169e-007, 1.02353617137e-007, 6.72362503451e-008, 2.39206030983e-007, 3.26144977691e-008, 7.90427279185e-008, 9.17344848972e-008, 2.4386071118e-007, 4.47424326921e-007, 1.46939214574e-007, 9.95916167312e-008, 8.94103919791e-008, 9.82095897939e-008, 1.12101670169e-008, 6.32919217036e-010, 1.48064477345e-010, 7.10416170335e-011, 1.61480163551e-013, 1.51724991744e-017]
    frequency_bands:
        dmean: [3.98939306478e-007, 5.56660597795e-005, 9.3991860922e-005, 0.000113720940135, 0.000283450935967, 0.000188276360859, 0.00011606215412, 7.9279197962e-005, 8.3386679762e-005, 8.22067377158e-005, 6.6729473474e-005, 9.75084549282e-005, 4.02267069148e-005, 6.93050824339e-005, 7.27415463189e-005, 0.000113142465125, 0.000136951930472, 0.000106244333438, 0.000122686396935, 0.000106585306639, 9.86601880868e-005, 3.13885138894e-005, 6.21621802566e-006, 3.36019093083e-006, 2.6184707167e-006, 9.07511505943e-008, 8.81753170479e-010, 4.84414869328e-011]
        dmean2: [6.3345999024e-007, 9.37282893574e-005, 0.000149395214976, 0.000187236262718, 0.000452830485301, 0.000298550672596, 0.000184966411325, 0.000122965604533, 0.000122822559206, 0.00012676040933, 0.000105025355879, 0.000143827026477, 6.43390449113e-005, 0.000108165768324, 0.000112025780254, 0.000179150578333, 0.000206091979635, 0.000164362834767, 0.000202547584195, 0.000172441097675, 0.000149294966832, 4.60311275674e-005, 9.08111360332e-006, 4.84646398036e-006, 3.85559906135e-006, 1.36899217296e-007, 1.38458766674e-009, 8.96463597799e-011]
        dvar: [1.83052119469e-012, 1.69766796176e-008, 2.59642547462e-008, 3.17710480147e-008, 2.14964600787e-007, 1.4317909347e-007, 4.6417749644e-008, 2.75123603899e-008, 4.11703915404e-008, 3.56083553754e-008, 3.28119220683e-008, 6.3696035113e-008, 1.72415930422e-008, 4.43541239292e-008, 4.97859424797e-008, 1.13503482169e-007, 1.48281387169e-007, 6.14234281215e-008, 6.16581488089e-008, 4.4213294359e-008, 4.48179164891e-008, 4.44560077639e-009, 2.69641170503e-010, 5.2688485519e-011, 3.03786128197e-011, 1.3288625571e-013, 1.1786458498e-017, 4.90538176914e-021]
        dvar2: [4.13165725591e-012, 4.64572273984e-008, 6.94087773923e-008, 8.47030676709e-008, 5.30370471097e-007, 3.58041972959e-007, 1.15608592921e-007, 6.35329584497e-008, 7.69307035853e-008, 8.02913930897e-008, 7.67549295233e-008, 1.33456154572e-007, 3.94716686003e-008, 1.00487653754e-007, 1.08022824463e-007, 2.7822918014e-007, 3.06980695086e-007, 1.28266307797e-007, 1.64417400583e-007, 1.09146661487e-007, 1.01028113875e-007, 9.06617447782e-009, 5.87658033346e-010, 1.13233387944e-010, 6.53528481331e-011, 3.31749845693e-013, 2.88856929296e-017, 1.51629379488e-020]
        max: [1.83533720701e-005, 0.00150724628475, 0.00293249124661, 0.00312398700044, 0.00582597497851, 0.00810131244361, 0.00367278209887, 0.00367370084859, 0.00506992125884, 0.00373139418662, 0.00433030631393, 0.00514263799414, 0.00330594647676, 0.00441237445921, 0.00622873567045, 0.00623111287132, 0.00997044425458, 0.00629571592435, 0.00392615841702, 0.00344594218768, 0.00700428662822, 0.00178870151285, 0.000457167945569, 0.000177963753231, 0.000107087835204, 1.61408243002e-005, 1.127008602e-007, 8.93403129254e-010]
        mean: [3.46191654899e-007, 8.26089672046e-005, 0.000196610082639, 0.000226971620577, 0.000590445182752, 0.000373640970793, 0.000244196329731, 0.000157232570928, 0.000201012895559, 0.000164991186466, 0.000119275668112, 0.00021810225735, 6.23935993644e-005, 0.00010709187336, 0.000118269213999, 0.000192256178707, 0.000269039301202, 0.000202653900487, 0.000235662300838, 0.000223654569709, 0.000200312613742, 6.4178762841e-005, 1.23063009596e-005, 7.3244136729e-006, 5.3722856137e-006, 1.47795063299e-007, 1.32638278139e-009, 3.86755454052e-011]
        median: [2.64749537848e-008, 4.65182965854e-005, 0.000127197592519, 0.000158478913363, 0.000415603659349, 0.00022739378619, 0.00010940356151, 6.22582956566e-005, 6.51268637739e-005, 5.29952594661e-005, 3.6596400605e-005, 4.89719241159e-005, 2.16381577047e-005, 2.89570598397e-005, 3.54302937922e-005, 5.41689842066e-005, 9.31629328988e-005, 8.38023697725e-005, 0.000135374022648, 0.000125545295305, 9.78132738965e-005, 3.04716049868e-005, 4.77965613754e-006, 3.09289316647e-006, 2.47336947723e-006, 4.30956497155e-008, 4.73599159889e-010, 1.39714264463e-011]
        min: [3.07278307745e-025, 1.99882207254e-024, 3.33215265448e-025, 9.8493819967e-025, 5.90933731949e-024, 6.59414549916e-024, 1.04383108387e-023, 8.44193423493e-024, 1.25123831418e-023, 6.10435359602e-024, 1.43822438113e-023, 1.71254555444e-023, 2.8838201941e-023, 2.72248993483e-023, 2.30180587575e-023, 4.83502252032e-023, 6.2403656012e-023, 7.01962007386e-023, 1.22536881986e-022, 1.66554235025e-022, 2.16864931039e-022, 3.09593346881e-022, 4.228237654e-022, 6.06781963312e-022, 8.76307083198e-022, 1.26570861696e-021, 1.76572061702e-021, 4.14825043987e-022]
        var: [1.74716382854e-012, 1.52968464562e-008, 4.96878591605e-008, 7.04268714458e-008, 3.9804649532e-007, 2.47992403501e-007, 1.19812838761e-007, 8.50372359196e-008, 1.73001723169e-007, 1.02353617137e-007, 6.72362503451e-008, 2.39206030983e-007, 3.26144977691e-008, 7.90427279185e-008, 9.17344848972e-008, 2.4386071118e-007, 4.47424326921e-007, 1.46939214574e-007, 9.95916167312e-008, 8.94103919791e-008, 9.82095897939e-008, 1.12101670169e-008, 6.32919217036e-010, 1.48064477345e-010, 7.10416170335e-011, 1.61480163551e-013, 1.51724991744e-017, 4.1300473672e-021]
    mfcc:
        mean: [-727.112670898, 105.646347046, -25.8030605316, 45.6443901062, -12.6982555389, -6.05330514908, 1.26702141762, -8.09517860413, 0.97577214241, -11.7490186691, -8.43692207336, -6.31728410721, -3.57858729362]
        cov: [[9731.92285156, 191.747329712, -940.504760742, 627.707763672, -494.892913818, 13.6089992523, -56.898525238, -27.3343429565, -9.76054573059, -155.667617798, -139.285400391, -58.7742195129, 13.2055902481], [191.747329712, 1337.9921875, -142.966644287, 157.16468811, 43.7372245789, -131.732757568, 82.1340408325, -58.5965652466, 34.2472877502, -41.9074363708, -25.8117713928, -27.3167591095, -35.2342224121], [-940.504760742, -142.966644287, 478.961975098, -60.6817626953, 23.7277526855, 36.4794692993, -23.6396331787, 1.53448009491, -5.7131986618, 7.80138921738, 45.7264862061, -0.121179014444, -15.6652574539], [627.707763672, 157.16468811, -60.6817626953, 275.401000977, -18.7503604889, 9.81775379181, -36.3033218384, 9.06062889099, -9.41454315186, -27.7743053436, -22.4067058563, 5.33495616913, 2.29288601875], [-494.892913818, 43.7372245789, 23.7277526855, -18.7503604889, 168.361434937, 4.29167747498, 22.3964576721, -8.87476921082, 10.1813640594, 4.84319829941, 1.13252878189, 6.45702648163, 3.46067094803], [13.6089992523, -131.732757568, 36.4794692993, 9.81775379181, 4.29167747498, 188.353668213, 47.1270370483, 11.4317655563, -21.6036109924, 10.7668361664, -6.89869022369, -23.7347660065, 0.280280351639], [-56.898525238, 82.1340408325, -23.6396331787, -36.3033218384, 22.3964576721, 47.1270370483, 133.804534912, 8.7628660202, 16.0220947266, 4.98871421814, 0.775523841381, -20.6565074921, 0.36644038558], [-27.3343429565, -58.5965652466, 1.53448009491, 9.06062889099, -8.87476921082, 11.4317655563, 8.7628660202, 134.661148071, 11.0870447159, 9.49522590637, -10.3179130554, 1.54678332806, -1.52009522915], [-9.76054573059, 34.2472877502, -5.7131986618, -9.41454315186, 10.1813640594, -21.6036109924, 16.0220947266, 11.0870447159, 111.953804016, 13.7273788452, 14.2881269455, -9.140583992, -10.8271360397], [-155.667617798, -41.9074363708, 7.80138921738, -27.7743053436, 4.84319829941, 10.7668361664, 4.98871421814, 9.49522590637, 13.7273788452, 91.4884033203, 19.2048454285, -3.96593785286, -3.59705972672], [-139.285400391, -25.8117713928, 45.7264862061, -22.4067058563, 1.13252878189, -6.89869022369, 0.775523841381, -10.3179130554, 14.2881269455, 19.2048454285, 84.5529174805, 31.8552360535, 6.23593378067], [-58.7742195129, -27.3167591095, -0.121179014444, 5.33495616913, 6.45702648163, -23.7347660065, -20.6565074921, 1.54678332806, -9.140583992, -3.96593785286, 31.8552360535, 94.7139892578, 31.2563228607], [13.2055902481, -35.2342224121, -15.6652574539, 2.29288601875, 3.46067094803, 0.280280351639, 0.36644038558, -1.52009522915, -10.8271360397, -3.59705972672, 6.23593378067, 31.2563228607, 89.2706680298]]
        icov: [[0.000177336652996, 4.27534687333e-005, 0.00029480230296, -0.000326440203935, 0.000439225608716, -3.74650589947e-005, -3.76952411898e-005, 9.98581963358e-005, -7.66145458329e-005, 0.00018575861759, -1.2751563645e-006, 9.22083709156e-005, 1.70058638105e-006], [4.27534687333e-005, 0.00109686481301, 0.000162215932505, -0.000896972604096, -0.000140582807944, 0.00107607385144, -0.00122790806927, 0.000520837667864, -3.02402368106e-005, 0.000195836852072, 8.50445430842e-005, 0.000238275737502, 0.000408936757594], [0.00029480230296, 0.000162215932505, 0.00294684502296, -3.48846733687e-005, 0.000263756432105, -0.000693623558618, 0.000814044382423, -5.76391248615e-005, 6.67171698296e-005, 0.000713105779141, -0.00159207370598, 0.000646097643767, 0.0004478758201], [-0.000326440203935, -0.000896972604096, -3.48846733687e-005, 0.00537295872346, -0.000442995456979, -0.00152250390965, 0.00240977015346, -0.000878375081811, -3.83340229746e-005, 0.000696340517607, 0.000488795514684, -0.000634706986602, -0.00024126151402], [0.000439225608716, -0.000140582807944, 0.000263756432105, -0.000442995456979, 0.00744647625834, -0.000286592781777, -0.00104029418435, 0.000776295666583, -0.000807544332929, 3.47897039319e-005, 0.000871813623235, -0.000870084157214, -0.00018587775412], [-3.74650589947e-005, 0.00107607385144, -0.000693623558618, -0.00152250390965, -0.000286592781777, 0.00769326137379, -0.00381747679785, 6.74857146805e-005, 0.00175845331978, -0.000912047224119, 0.000243214570219, 0.00154538766947, -3.01327909256e-005], [-3.76952411898e-005, -0.00122790806927, 0.000814044382423, 0.00240977015346, -0.00104029418435, -0.00381747679785, 0.0110197039321, -0.00122947886121, -0.00135583884548, 0.000562380126212, -0.00124268059153, 0.00168488605414, -0.00105687149335], [9.98581963358e-005, 0.000520837667864, -5.76391248615e-005, -0.000878375081811, 0.000776295666583, 6.74857146805e-005, -0.00122947886121, 0.00817921664566, -0.00109739485197, -0.000952727452386, 0.00191178033128, -0.0010955556063, 0.000395814800868], [-7.66145458329e-005, -3.02402368106e-005, 6.67171698296e-005, -3.83340229746e-005, -0.000807544332929, 0.00175845331978, -0.00135583884548, -0.00109739485197, 0.0102910334244, -0.00109494559001, -0.00230869185179, 0.00161566538736, 0.000824354588985], [0.00018575861759, 0.000195836852072, 0.000713105779141, 0.000696340517607, 3.47897039319e-005, -0.000912047224119, 0.000562380126212, -0.000952727452386, -0.00109494559001, 0.0125877028331, -0.00328487413935, 0.00149407947902, 0.00022079818882], [-1.2751563645e-006, 8.50445430842e-005, -0.00159207370598, 0.000488795514684, 0.000871813623235, 0.000243214570219, -0.00124268059153, 0.00191178033128, -0.00230869185179, -0.00328487413935, 0.0166066009551, -0.00638714479282, 0.000408836902352], [9.22083709156e-005, 0.000238275737502, 0.000646097643767, -0.000634706986602, -0.000870084157214, 0.00154538766947, 0.00168488605414, -0.0010955556063, 0.00161566538736, 0.00149407947902, -0.00638714479282, 0.0153959784657, -0.00447487365454], [1.70058638105e-006, 0.000408936757594, 0.0004478758201, -0.00024126151402, -0.00018587775412, -3.01327909256e-005, -0.00105687149335, 0.000395814800868, 0.000824354588985, 0.00022079818882, 0.000408836902352, -0.00447487365454, 0.0131133142859]]
    sccoeffs:
        dmean: [0.0464702807367, 0.0441270619631, 0.0360575392842, 0.0295361094177, 0.0201860200614, 0.0166024267673]
        dmean2: [0.0762104839087, 0.0713872686028, 0.0572566874325, 0.0470901504159, 0.0325729288161, 0.0264127552509]
        dvar: [0.00155916565564, 0.00139114784542, 0.000917481374927, 0.000653842638712, 0.000321915926179, 0.000247431918979]
        dvar2: [0.00408681016415, 0.00366160506383, 0.0022368915379, 0.00151845545042, 0.000751384242903, 0.0005650834064]
        max: [-0.344444841146, -0.403153419495, -0.477981775999, -0.526254177094, -0.540304124355, -0.594179391861]
        mean: [-0.636207997799, -0.721850037575, -0.751140534878, -0.783577024937, -0.803440392017, -0.765218675137]
        median: [-0.632451415062, -0.72809034586, -0.755852222443, -0.789247989655, -0.806190848351, -0.759211480618]
        min: [-0.983213245869, -0.981035172939, -0.980363368988, -0.975887537003, -0.968055129051, -0.964230835438]
        var: [0.00704046711326, 0.00748023483902, 0.00571129098535, 0.00421015126631, 0.00212659570388, 0.00222268584184]
    scvalleys:
        dmean: [0.387560456991, 0.33273768425, 0.292544037104, 0.26862308383, 0.224741101265, 0.244647890329]
        dmean2: [0.63106238842, 0.535625755787, 0.466501921415, 0.413993179798, 0.333677053452, 0.315974801779]
        dvar: [0.121734917164, 0.0981972962618, 0.0815811231732, 0.0797510966659, 0.0851046666503, 0.104441918433]
        dvar2: [0.285721153021, 0.224520280957, 0.171108469367, 0.15559887886, 0.157269060612, 0.165479421616]
        max: [-4.89784002304, -4.83181381226, -5.27864980698, -5.80287837982, -5.45028352737, -7.34034013748]
        mean: [-7.35647058487, -7.12622022629, -7.62280845642, -8.06895637512, -7.82653474808, -10.0653438568]
        median: [-6.80760955811, -6.5667142868, -7.0964307785, -7.52363204956, -7.21792650223, -9.3962392807]
        min: [-28.159658432, -28.0936889648, -27.8610401154, -27.728603363, -27.5994930267, -27.4807662964]
        var: [9.23616790771, 9.45392608643, 9.15563964844, 8.81060409546, 9.19836139679, 8.01793479919]

rhythm:
    beats_loudness:
        dmean: 0.00265614246018
        dmean2: 0.00472005689517
        dvar: 6.01283181823e-006
        dvar2: 1.6704421796e-005
        max: 0.0158275477588
        mean: 0.0055228471756
        median: 0.005007811822
        min: 0
        var: 1.0087183e-005
    bpm: 147.011886597
    bpm_confidence: 0
    first_peak_bpm: 148
    first_peak_spread: 0.267094016075
    first_peak_weight: 0.690140843391
    onset_rate: 2.93716812134
    second_peak_bpm: 140
    second_peak_spread: 0.199999988079
    second_peak_weight: 0.0160965789109
    beats_loudness_band_ratio:
        dmean: [0.101944416761, 0.139361649752, 0.0999091118574, 0.0934210941195, 0.0879242122173, 0.0968365371227]
        dmean2: [0.179618507624, 0.233695849776, 0.176326438785, 0.162267297506, 0.150845199823, 0.165835380554]
        dvar: [0.00671885628253, 0.0121571831405, 0.0122321676463, 0.0121581144631, 0.00874723400921, 0.00793633330613]
        dvar2: [0.0174169857055, 0.0312234591693, 0.0353074483573, 0.0322973802686, 0.0247470661998, 0.0206274483353]
        max: [0.877965986729, 0.771261811256, 0.652642607689, 0.702122569084, 0.604661107063, 0.680253744125]
        mean: [0.197259023786, 0.249573498964, 0.142093524337, 0.122639544308, 0.157211735845, 0.17429664731]
        median: [0.173687979579, 0.227308750153, 0.102136597037, 0.0788538306952, 0.129930272698, 0.166905999184]
        min: [0, 0, 0, 0, 0, 0]
        var: [0.0177008230239, 0.0257377866656, 0.0152642838657, 0.0151934595779, 0.014306165278, 0.0149699347094]
    beats_position: [0.417959183455, 0.859138309956, 1.31192743778, 1.75310659409, 2.18267560005, 2.60063481331, 3.01859402657, 3.42494320869, 3.83129239082, 4.23764181137, 4.6439909935, 5.05034017563, 5.45668935776, 5.86303853989, 6.26938772202, 6.68734693527, 7.0936961174, 7.50004529953, 7.90639448166, 8.31274318695, 8.73070240021, 9.12544155121, 9.54340076447, 9.94974994659, 10.3677091599, 10.774058342, 11.1804075241, 11.5867567062, 11.9814968109, 12.3762359619, 12.7941951752, 13.2121543884, 13.6185035706, 14.0248527527, 14.4312019348, 14.8375511169, 15.2439002991, 15.6502494812, 16.0682086945, 16.4745578766, 16.8809070587, 17.298866272, 17.7052154541, 18.1115646362, 18.5179138184, 18.9242630005, 19.3306121826, 19.7369613647, 20.154920578, 20.5728797913, 20.9792289734, 21.3855781555, 21.7919273376, 22.1982765198, 22.6046257019, 23.010974884, 23.4173240662, 23.8236732483, 24.2300224304, 24.6363716125, 25.0427207947, 25.4490699768, 25.8554191589, 26.2617683411, 26.6681175232, 27.0976867676, 27.5040359497, 27.9103851318, 28.316734314, 28.7230834961, 29.1294326782, 29.5357818604, 29.9421310425, 30.3484802246, 30.7664394379, 31.1843986511, 31.5907478333, 31.9970970154, 32.4034461975, 32.8097953796, 33.2161445618, 33.6224937439, 34.028842926, 34.4351921082, 34.8415412903, 35.2478904724, 35.6542396545, 36.0605888367, 36.4785499573, 36.8965072632, 37.3028564453, 37.7092056274, 38.1155548096, 38.5219039917, 38.9282531738, 39.334602356, 39.7409515381, 40.1473007202, 40.5652618408, 40.9599990845, 41.3779602051, 41.7843093872, 42.1906585693, 42.5970077515, 43.0033569336, 43.4213142395, 43.8392753601, 44.2456245422, 44.6519737244, 45.0583229065, 45.4646720886, 45.8710212708, 46.2773704529, 46.6953277588, 47.1016769409, 47.508026123, 47.9143753052, 48.3207244873, 48.7386856079, 49.14503479, 49.5513839722, 49.9577331543, 50.3640823364, 50.7704315186, 51.1767807007, 51.5831298828, 51.9894790649, 52.4074363708, 52.813785553, 53.2201347351, 53.6264839172, 54.0328330994, 54.45079422, 54.8455314636, 55.2634925842, 55.6698417664, 56.0761909485, 56.4941482544, 56.912109375, 57.3184585571, 57.7248077393, 58.1195449829, 58.5375061035, 58.9438552856, 59.3502044678, 59.7449417114, 60.1512908936, 60.5576400757, 60.9639892578, 61.3819503784, 61.7999076843, 62.2062568665, 62.6126060486, 63.0189552307, 63.4253044128, 63.831653595, 64.2380065918, 64.6443557739, 65.0507049561, 65.4570541382, 65.8634033203, 66.2697525024, 66.6761016846, 67.0824508667, 67.4888000488, 67.895149231, 68.3131027222, 68.7310638428, 69.1374130249, 69.543762207, 69.9501113892, 70.3564605713, 70.7744216919, 71.1923828125, 71.5987319946, 72.0050811768, 72.4114303589, 72.817779541, 73.2241287231, 73.6304779053, 74.0368270874, 74.4431762695, 74.8495254517, 75.2558746338, 75.6622238159, 76.068572998, 76.4749221802, 76.8812713623, 77.2992248535, 77.7171859741, 78.1235351563, 78.5298843384, 78.9362335205, 79.3425827026, 79.7489318848, 80.1552810669, 80.5732421875, 80.9679794312, 81.3859405518, 81.7922897339, 82.198638916, 82.6049880981, 82.9997253418, 83.4176864624, 83.835647583, 84.2419967651, 84.6483459473, 85.0546951294, 85.4610443115, 85.8673934937, 86.2853469849, 86.691696167, 87.0980453491, 87.5043945313, 87.9107437134, 88.3170928955, 88.7234420776, 89.1414031982, 89.5477523804, 89.9541015625, 90.3604507446, 90.7667999268, 91.1731491089, 91.579498291, 91.9858474731, 92.4038085938, 92.8217697144, 93.2281188965, 93.6344680786, 94.0408172607, 94.4471664429, 94.853515625, 95.2714691162, 95.6662139893, 96.0841674805, 96.4905166626, 96.9084777832, 97.3148269653, 97.7211761475, 98.1275253296, 98.5338745117, 98.9402236938, 99.346572876, 99.7529220581, 100.15927124, 100.565620422, 100.983581543, 101.389930725, 101.796279907, 102.202629089, 102.608978271, 103.015327454, 103.421676636, 103.828025818, 104.234375, 104.652336121, 105.058685303, 105.465034485, 105.871383667, 106.277732849, 106.69568634, 107.102035522, 107.508384705, 107.914733887, 108.321083069, 108.739044189, 109.15700531, 109.563354492, 109.969703674, 110.364440918, 110.782402039, 111.188751221, 111.595100403, 111.989837646, 112.407798767, 112.814147949, 113.220497131, 113.638458252, 114.056411743, 114.462760925, 114.869110107, 115.26385498, 115.670204163, 116.076553345, 116.482902527, 116.889251709, 117.295600891, 117.701950073, 118.119903564, 118.526252747, 118.932601929, 119.327346802, 119.745300293, 120.140045166, 120.557998657, 120.975959778, 121.38230896, 121.788658142, 122.195007324, 122.601356506, 123.007705688, 123.414054871, 123.832015991, 124.238365173, 124.644714355, 125.062675476, 125.469024658, 125.87537384, 126.293327332, 126.688072205, 127.094421387, 127.500770569, 127.907119751, 128.313461304, 128.719818115, 129.126159668, 129.532516479, 129.950469971, 130.356826782, 130.774780273, 131.181137085, 131.587478638, 131.993835449, 132.400177002, 132.806533813, 133.212875366, 133.630844116, 134.037185669, 134.45513916, 134.861495972, 135.267837524, 135.674194336, 136.080535889, 136.4868927, 136.893234253, 137.299591064, 137.705932617, 138.112289429, 138.518630981, 138.936599731, 139.354553223, 139.760910034, 140.167251587, 140.573608398, 140.968338013, 141.386306763, 141.792648315, 142.199005127, 142.60534668, 143.011703491, 143.429656982, 143.847610474, 144.253967285, 144.660308838, 145.066665649, 145.473007202, 145.879364014, 146.285705566, 146.692062378, 147.098403931, 147.516372681, 147.922714233, 148.329071045, 148.735412598, 149.141769409, 149.548110962, 149.954467773, 150.372421265, 150.778778076, 151.185119629, 151.59147644, 151.997817993, 152.404174805, 152.810516357, 153.228485107, 153.63482666, 154.041183472, 154.447525024, 154.853881836, 155.260223389, 155.6665802, 156.084533691, 156.502487183, 156.908843994, 157.315185547, 157.721542358, 158.13949585, 158.545852661, 158.963806152, 159.370162964, 159.776504517, 160.182861328, 160.589202881, 160.983947754, 161.390289307, 161.796646118, 162.202987671, 162.609344482, 163.027297974, 163.445251465, 163.851608276, 164.257949829, 164.664306641, 165.070648193, 165.477005005, 165.883346558, 166.289703369, 166.696044922, 167.102401733, 167.508743286, 167.915100098, 168.32144165, 168.7394104, 169.157363892, 169.552108765, 169.958450317, 170.364807129, 170.771148682, 171.177505493, 171.583847046, 171.990203857, 172.39654541, 172.802902222, 173.220855713, 173.627212524, 174.033554077, 174.439910889, 174.846252441, 175.264221191, 175.670562744, 176.088516235, 176.518096924, 176.912826538, 177.307571411, 177.725524902, 178.143493652, 178.549835205, 178.956192017, 179.374145508, 179.780502319, 180.186843872, 180.593200684, 180.999542236, 181.394287109, 181.800628662, 182.206985474, 182.613327026, 183.031295776, 183.437637329, 183.832382202, 184.250335693, 184.656692505, 185.063034058, 185.480987549, 185.88734436, 186.293685913, 186.700042725, 187.106384277, 187.512741089, 187.907485962, 188.313827515, 188.708572388, 189.138137817, 189.556091309, 189.974060059, 190.403625488, 190.833190918, 191.262756348, 191.692337036, 192.063858032, 192.43536377, 192.818496704, 193.236465454, 193.654418945, 194.072372437, 194.490341187, 194.896682739, 195.303039551, 195.720993042, 196.138946533, 196.475646973, 196.812332153, 197.160629272, 197.508926392, 197.868835449, 198.228744507, 198.588653564, 198.948562622, 199.354919434, 199.761260986, 200.167617798, 200.632019043, 201.096420288, 201.560806274, 202.02520752, 202.477996826, 202.942398071, 203.406799316]
