
metadata:
    version:
        essentia: "2.1-beta2"
    audio_properties:
        analysis_sample_rate: 44100
        bitrate: 227
        channels: 2
        equal_loudness: 1
        length: 290.768981934
        replay_gain: -15.1497592926
        downmix: "mix"
    tags:
        album: "Flyleaf"
        artist: "Flyleaf"
        comment: ""
        date: "2005"
        genre: "Rock"
        title: "So I Thought"
        tracknumber: "10"

configuration:
    average_loudness:
        compute: 1
        frameSize: 88200
        hopSize: 44100
        silentFrames: "noise"
        windowType: "hann"
    general:
        analysisSampleRate: 44100
        endTime: 2000
        equalLoudness: 1
        nequalLoudness: 0
        shortSound: 0
        startTime: 0
    lowlevel:
        compute: 1
        frameSize: 2048
        hopSize: 1024
        zeroPadding: 0
        silentFrames: "noise"
        windowType: "blackmanharris62"
        mfccStats: ["mean", "cov", "icov"]
        stats: ["mean", "var", "median", "min", "max", "dmean", "dmean2", "dvar", "dvar2"]
    panning:
        compute: 0
        frameSize: 8192
        hopSize: 2048
        zeroPadding: 8192
        silentFrames: "noise"
        windowType: "hann"
        stats: ["copy"]
    rhythm:
        compute: 1
        maxTempo: 208
        minTempo: 40
        method: "degara"
        stats: ["mean", "var", "median", "min", "max", "dmean", "dmean2", "dvar", "dvar2"]
    segmentation:
        compute: 0
        cpw: 5
        inc1: 300
        inc2: 50
        minimumSegmentsLength: 10
        size1: 1000
        size2: 600
    sfx:
        compute: 1
        stats: ["mean", "var", "median", "min", "max", "dmean", "dmean2", "dvar", "dvar2"]
    svm:
        compute: 0
    tonal:
        compute: 1
        frameSize: 4096
        hopSize: 2048
        zeroPadding: 0
        silentFrames: "noise"
        windowType: "blackmanharris62"
        stats: ["mean", "var", "median", "min", "max", "dmean", "dmean2", "dvar", "dvar2"]

lowlevel:
    average_loudness: 0.368437886238
    barkbands_kurtosis:
        dmean: 0.944378852844
        dmean2: 1.4048460722
        dvar: 4.02917671204
        dvar2: 8.56698894501
        max: 79.2966156006
        mean: 0.979009270668
        median: -0.400239408016
        min: -1.95855355263
        var: 18.2766990662
    barkbands_skewness:
        dmean: 0.307007670403
        dmean2: 0.442888587713
        dvar: 0.129305630922
        dvar2: 0.254065722227
        max: 7.66600847244
        mean: 0.414824903011
        median: 0.25191617012
        min: -4.17179441452
        var: 1.64321231842
    barkbands_spread:
        dmean: 4.15239715576
        dmean2: 6.0784034729
        dvar: 26.5783462524
        dvar2: 54.3907737732
        max: 80.5545120239
        mean: 26.1819763184
        median: 24.4736175537
        min: 0.77120757103
        var: 147.661193848
    dissonance:
        dmean: 0.0150643726811
        dmean2: 0.0250160638243
        dvar: 0.000286776281428
        dvar2: 0.00076239957707
        max: 0.5
        mean: 0.463747560978
        median: 0.47444653511
        min: 0.170263960958
        var: 0.00118925492279
    hfc:
        dmean: 1.45275199413
        dmean2: 2.15307927132
        dvar: 7.0718126297
        dvar2: 14.92648983
        max: 55.7735671997
        mean: 6.45682001114
        median: 2.69128704071
        min: 1.17377524491e-016
        var: 56.3624343872
    pitch:
        dmean: 368.771820068
        dmean2: 698.534240723
        dvar: 855748.75
        dvar2: 2154250.25
        max: 6104.94726563
        mean: 680.992553711
        median: 293.501831055
        min: 48.8070793152
        var: 1234825.625
    pitch_instantaneous_confidence:
        dmean: 0.0685538724065
        dmean2: 0.105504065752
        dvar: 0.00493813864887
        dvar2: 0.0111889233813
        max: 0.962498366833
        mean: 0.48365265131
        median: 0.459201157093
        min: 0.122160553932
        var: 0.0342570841312
    pitch_salience:
        dmean: 0.0451711975038
        dmean2: 0.0695359185338
        dvar: 0.0019468551036
        dvar2: 0.004563937895
        max: 0.89862203598
        mean: 0.57847815752
        median: 0.583033442497
        min: 0.117934577167
        var: 0.0116548137739
    silence_rate_20dB:
        dmean: 0
        dmean2: 0
        dvar: 0
        dvar2: 0
        max: 1
        mean: 1
        median: 1
        min: 1
        var: 0
    silence_rate_30dB:
        dmean: 0
        dmean2: 0
        dvar: 0
        dvar2: 0
        max: 1
        mean: 1
        median: 1
        min: 1
        var: 0
    silence_rate_60dB:
        dmean: 0.027788868174
        dmean2: 0.0555821768939
        dvar: 0.0270155090839
        dvar2: 0.0612856931984
        max: 1
        mean: 0.587112724781
        median: 1
        min: 0
        var: 0.242413669825
    spectral_centroid:
        dmean: 185.912399292
        dmean2: 264.328765869
        dvar: 77831.96875
        dvar2: 135287.921875
        max: 11077.9638672
        mean: 1495.67199707
        median: 1467.41235352
        min: 191.955383301
        var: 602152.875
    spectral_complexity:
        dmean: 2.06707668304
        dmean2: 3.26225852966
        dvar: 8.96938610077
        dvar2: 19.4404335022
        max: 50
        mean: 10.7457685471
        median: 6
        min: 0
        var: 92.7693099976
    spectral_crest:
        dmean: 1.59910464287
        dmean2: 2.47387337685
        dvar: 2.78213953972
        dvar2: 6.7167429924
        max: 25.7215976715
        mean: 8.82164096832
        median: 7.86465406418
        min: 2.27205562592
        var: 17.5865726471
    spectral_decrease:
        dmean: 1.29674881943e-010
        dmean2: 1.96590049795e-010
        dvar: 5.02937476971e-020
        dvar2: 1.15564446952e-019
        max: 6.27053720387e-029
        mean: -7.46358974624e-010
        median: -5.07509034797e-010
        min: -4.75504746689e-009
        var: 4.63582155668e-019
    spectral_energy:
        dmean: 0.000604588713031
        dmean2: 0.000911024864763
        dvar: 1.1198443417e-006
        dvar2: 2.51757592196e-006
        max: 0.0230054650456
        mean: 0.00340258260258
        median: 0.00216023228131
        min: 1.0477416182e-020
        var: 1.03730917544e-005
    spectral_energyband_high:
        dmean: 0.000128746163682
        dmean2: 0.000188830250409
        dvar: 7.99383172989e-008
        dvar2: 1.66677153857e-007
        max: 0.00518002081662
        mean: 0.000323560321704
        median: 0.000125156249851
        min: 7.73529871893e-021
        var: 2.45415066047e-007
    spectral_energyband_low:
        dmean: 8.82028689375e-005
        dmean2: 0.000139331037644
        dvar: 2.7736033914e-008
        dvar2: 7.39000327599e-008
        max: 0.00454891426489
        mean: 0.000260277447524
        median: 0.000218329165364
        min: 4.40203002231e-023
        var: 6.47685141075e-008
    spectral_energyband_middle_high:
        dmean: 0.000431046297308
        dmean2: 0.000647924491204
        dvar: 6.3400915451e-007
        dvar2: 1.41666998843e-006
        max: 0.0198611374944
        mean: 0.00198834855109
        median: 0.000675216258969
        min: 1.40179083391e-021
        var: 6.47309843771e-006
    spectral_energyband_middle_low:
        dmean: 0.00023982480343
        dmean2: 0.00037216860801
        dvar: 1.93500596879e-007
        dvar2: 4.94167011311e-007
        max: 0.00942536164075
        mean: 0.000913924945053
        median: 0.000749565893784
        min: 2.0304281318e-022
        var: 6.27116151009e-007
    spectral_flatness_db:
        dmean: 0.0133874518797
        dmean2: 0.0199937615544
        dvar: 0.000187083889614
        dvar2: 0.000384398445021
        max: 0.454663485289
        mean: 0.173381596804
        median: 0.153042525053
        min: 0.052254550159
        var: 0.00468048732728
    spectral_flux:
        dmean: 0.00518012745306
        dmean2: 0.00783418212086
        dvar: 4.69777805847e-005
        dvar2: 0.00010216148803
        max: 0.134719625115
        mean: 0.0254442505538
        median: 0.0229260548949
        min: 6.66227906176e-011
        var: 0.000347213674104
    spectral_kurtosis:
        dmean: 2.08085083961
        dmean2: 3.48529362679
        dvar: 16.9487991333
        dvar2: 50.6925506592
        max: 73.8114471436
        mean: 5.23291015625
        median: 3.17475008965
        min: -1.2014759779
        var: 50.7383804321
    spectral_rms:
        dmean: 0.000140489210025
        dmean2: 0.000207788223634
        dvar: 3.87466840834e-008
        dvar2: 8.54782342685e-008
        max: 0.00473754759878
        mean: 0.00159865431488
        median: 0.00145173817873
        min: 3.19716583937e-012
        var: 7.63894206557e-007
    spectral_rolloff:
        dmean: 370.72467041
        dmean2: 579.253417969
        dvar: 345655.1875
        dvar2: 647973.5625
        max: 19164.5507813
        mean: 2699.52001953
        median: 2928.515625
        min: 150.732421875
        var: 1899197.375
    spectral_skewness:
        dmean: 0.236779078841
        dmean2: 0.374076813459
        dvar: 0.1038499102
        dvar2: 0.281101882458
        max: 6.60681915283
        mean: 1.5567201376
        median: 1.40496945381
        min: -0.000221098191105
        var: 0.480064690113
    spectral_spread:
        dmean: 536567.6875
        dmean2: 769413.3125
        dvar: 768485490688
        dvar2: 1.4222941225e+012
        max: 41318896
        mean: 5110941.5
        median: 4944329.5
        min: 996276.25
        var: 5.72443747942e+012
    spectral_strongpeak:
        dmean: 0.405728965998
        dmean2: 0.667649805546
        dvar: 0.543706357479
        dvar2: 1.26627087593
        max: 12.1450548172
        mean: 1.01680970192
        median: 0.371327877045
        min: 4.32453906019e-010
        var: 2.10945558548
    zerocrossingrate:
        dmean: 0.007816827856
        dmean2: 0.00864392705262
        dvar: 0.000101368961623
        dvar2: 9.65240978985e-005
        max: 0.5126953125
        mean: 0.0854389294982
        median: 0.0869140625
        min: 0.009765625
        var: 0.00145386776421
    barkbands:
        dmean: [2.94461614203e-007, 2.55042032222e-005, 5.50442528038e-005, 4.94049818371e-005, 9.78241223493e-005, 9.79900651146e-005, 4.33133427578e-005, 4.54245018773e-005, 6.32757946732e-005, 6.86673956807e-005, 1.59029914357e-005, 4.40114308731e-005, 3.54031326424e-005, 4.98455556226e-005, 0.000120228731248, 0.000105844592326, 0.000200080059585, 0.000101056291896, 9.91969791357e-005, 8.3979437477e-005, 7.27825172362e-005, 2.7150286769e-005, 5.81936228627e-006, 3.58676652468e-006, 2.31049602917e-006, 7.49762065766e-008, 9.20912068825e-010]
        dmean2: [4.65037629738e-007, 4.13859161199e-005, 8.50563155836e-005, 8.08327968116e-005, 0.000157522561494, 0.000153594402946, 6.83985417709e-005, 6.98535950505e-005, 9.36155556701e-005, 0.000100189288787, 2.50458724622e-005, 6.54552786727e-005, 5.46441988263e-005, 7.85926167737e-005, 0.000183246913366, 0.000165993114933, 0.000306403555442, 0.000161813441082, 0.000161695803399, 0.000135051785037, 0.000109184315079, 4.14001078752e-005, 8.64046705829e-006, 5.15381998412e-006, 3.40567271451e-006, 1.1114654086e-007, 1.5069284709e-009]
        dvar: [9.02726244451e-013, 3.20402726572e-009, 1.05071737977e-008, 1.13653060296e-008, 5.98220211145e-008, 3.98557560288e-008, 1.21406618092e-008, 1.21513394902e-008, 2.01576408898e-008, 2.25855298908e-008, 2.39196840113e-009, 1.04510524679e-008, 8.87389273174e-009, 1.60010369399e-008, 7.81520412829e-008, 8.74814318763e-008, 3.15842839882e-007, 5.86919419732e-008, 4.31047411098e-008, 2.769217744e-008, 3.75842290623e-008, 4.96256236104e-009, 2.20333626344e-010, 1.12160621069e-010, 3.11852696444e-011, 6.52725350983e-014, 1.78365948102e-017]
        dvar2: [1.96771201763e-012, 8.67435190344e-009, 2.85177019776e-008, 2.9801666912e-008, 1.59189468718e-007, 1.02080420561e-007, 2.95489126501e-008, 2.89169719281e-008, 4.26969144485e-008, 4.66355665196e-008, 5.37086375374e-009, 2.24944596283e-008, 2.04951575711e-008, 3.8110076872e-008, 1.71390311721e-007, 2.00718034193e-007, 6.82025302012e-007, 1.38788962545e-007, 1.06785556397e-007, 6.75328450939e-008, 8.28621153914e-008, 1.07069340061e-008, 4.46766179607e-010, 2.10484837893e-010, 6.38154876165e-011, 1.44982645139e-013, 4.64265607446e-017]
        max: [1.18199714052e-005, 0.00151606020518, 0.00296230288222, 0.00199553277344, 0.00575490063056, 0.00407171063125, 0.00269978004508, 0.00381820625626, 0.0036286348477, 0.00413663964719, 0.00185654195957, 0.00334876100533, 0.00278775719926, 0.00317095639184, 0.00865063630044, 0.0106727350503, 0.0159835293889, 0.00940009765327, 0.00624360935763, 0.00363454734907, 0.00487982248887, 0.00200572074391, 0.000421705539338, 0.00026262368192, 0.000120659526146, 7.70545830164e-006, 1.02259178902e-007]
        mean: [3.00535418774e-007, 5.20497997059e-005, 0.000142679957207, 0.000102506288385, 0.000227106182138, 0.000215926556848, 8.13491569716e-005, 9.46742220549e-005, 0.000159092000104, 0.000224203453399, 2.74869544228e-005, 0.000104522405309, 6.90280430717e-005, 8.64790708874e-005, 0.000268525385763, 0.000224662871915, 0.000452654872788, 0.00022061841446, 0.000226472489885, 0.00019756241818, 0.000146404752741, 5.44117210666e-005, 1.12859461296e-005, 7.74996169639e-006, 4.71550174552e-006, 1.15301133974e-007, 1.07414377393e-009]
        median: [2.45707028057e-008, 3.36209086527e-005, 0.000101426965557, 5.28563468833e-005, 0.00012299696391, 0.000113570749818, 3.18572892866e-005, 3.75119889213e-005, 4.82287214254e-005, 4.0337057726e-005, 1.00973247754e-005, 2.42482783506e-005, 1.83211959666e-005, 2.6740883186e-005, 5.01571048517e-005, 4.2519193812e-005, 5.52451128897e-005, 4.23970814154e-005, 8.21102439659e-005, 6.71473535476e-005, 4.76431414427e-005, 1.71937281266e-005, 2.92987215289e-006, 1.82809321814e-006, 1.4531758552e-006, 2.15860787023e-008, 2.21279994328e-010]
        min: [6.19762811502e-024, 2.04325639852e-023, 3.63963382273e-024, 5.31595575215e-024, 2.73740350801e-023, 1.78933927029e-023, 7.69475279564e-024, 8.55512078647e-024, 7.06283955404e-023, 3.54719573295e-023, 2.14713454915e-023, 6.72190459932e-023, 7.28214477896e-023, 7.54116504838e-023, 1.11823822727e-022, 9.44581416823e-023, 1.64287010918e-022, 1.40623127515e-022, 1.86412577691e-022, 2.61418734737e-022, 3.57680136718e-022, 4.06533295458e-022, 6.88882920769e-022, 7.77145677068e-022, 1.10136533817e-021, 1.72570676463e-021, 2.25833373288e-021]
        var: [1.01941588851e-012, 4.86882978379e-009, 2.7475538289e-008, 1.91681586159e-008, 1.0275069684e-007, 8.96759004831e-008, 2.16108517748e-008, 3.0171026566e-008, 8.52629398196e-008, 2.69862084679e-007, 4.67347760491e-009, 5.29277279782e-008, 2.80172862688e-008, 2.88324653042e-008, 2.91505756422e-007, 3.16248758736e-007, 1.1137135516e-006, 1.81849344472e-007, 1.13612372843e-007, 8.14098441992e-008, 8.78102426327e-008, 1.05126041205e-008, 5.06568231806e-010, 3.76287806469e-010, 9.21633810935e-011, 1.15934537903e-013, 1.52072324883e-017]
    frequency_bands:
        dmean: [2.94461614203e-007, 2.55042032222e-005, 5.50442528038e-005, 4.94049818371e-005, 9.78241223493e-005, 9.79900651146e-005, 4.33133427578e-005, 4.54245018773e-005, 6.32757946732e-005, 6.86673956807e-005, 1.59029914357e-005, 4.40114308731e-005, 3.54031326424e-005, 4.98455556226e-005, 0.000120228731248, 0.000105844592326, 0.000200080059585, 0.000101056291896, 9.91969791357e-005, 8.3979437477e-005, 7.27825172362e-005, 2.7150286769e-005, 5.81936228627e-006, 3.58676652468e-006, 2.31049602917e-006, 7.49762065766e-008, 9.20912068825e-010, 3.8307013811e-011]
        dmean2: [4.65037629738e-007, 4.13859161199e-005, 8.50563155836e-005, 8.08327968116e-005, 0.000157522561494, 0.000153594402946, 6.83985417709e-005, 6.98535950505e-005, 9.36155556701e-005, 0.000100189288787, 2.50458724622e-005, 6.54552786727e-005, 5.46441988263e-005, 7.85926167737e-005, 0.000183246913366, 0.000165993114933, 0.000306403555442, 0.000161813441082, 0.000161695803399, 0.000135051785037, 0.000109184315079, 4.14001078752e-005, 8.64046705829e-006, 5.15381998412e-006, 3.40567271451e-006, 1.1114654086e-007, 1.5069284709e-009, 7.09423769729e-011]
        dvar: [9.02726244451e-013, 3.20402726572e-009, 1.05071737977e-008, 1.13653060296e-008, 5.98220211145e-008, 3.98557560288e-008, 1.21406618092e-008, 1.21513394902e-008, 2.01576408898e-008, 2.25855298908e-008, 2.39196840113e-009, 1.04510524679e-008, 8.87389273174e-009, 1.60010369399e-008, 7.81520412829e-008, 8.74814318763e-008, 3.15842839882e-007, 5.86919419732e-008, 4.31047411098e-008, 2.769217744e-008, 3.75842290623e-008, 4.96256236104e-009, 2.20333626344e-010, 1.12160621069e-010, 3.11852696444e-011, 6.52725350983e-014, 1.78365948102e-017, 4.7655026195e-021]
        dvar2: [1.96771201763e-012, 8.67435190344e-009, 2.85177019776e-008, 2.9801666912e-008, 1.59189468718e-007, 1.02080420561e-007, 2.95489126501e-008, 2.89169719281e-008, 4.26969144485e-008, 4.66355665196e-008, 5.37086375374e-009, 2.24944596283e-008, 2.04951575711e-008, 3.8110076872e-008, 1.71390311721e-007, 2.00718034193e-007, 6.82025302012e-007, 1.38788962545e-007, 1.06785556397e-007, 6.75328450939e-008, 8.28621153914e-008, 1.07069340061e-008, 4.46766179607e-010, 2.10484837893e-010, 6.38154876165e-011, 1.44982645139e-013, 4.64265607446e-017, 1.52684115548e-020]
        max: [1.18199714052e-005, 0.00151606020518, 0.00296230288222, 0.00199553277344, 0.00575490063056, 0.00407171063125, 0.00269978004508, 0.00381820625626, 0.0036286348477, 0.00413663964719, 0.00185654195957, 0.00334876100533, 0.00278775719926, 0.00317095639184, 0.00865063630044, 0.0106727350503, 0.0159835293889, 0.00940009765327, 0.00624360935763, 0.00363454734907, 0.00487982248887, 0.00200572074391, 0.000421705539338, 0.00026262368192, 0.000120659526146, 7.70545830164e-006, 1.02259178902e-007, 8.19840750843e-010]
        mean: [3.00535418774e-007, 5.20497997059e-005, 0.000142679957207, 0.000102506288385, 0.000227106182138, 0.000215926556848, 8.13491569716e-005, 9.46742220549e-005, 0.000159092000104, 0.000224203453399, 2.74869544228e-005, 0.000104522405309, 6.90280430717e-005, 8.64790708874e-005, 0.000268525385763, 0.000224662871915, 0.000452654872788, 0.00022061841446, 0.000226472489885, 0.00019756241818, 0.000146404752741, 5.44117210666e-005, 1.12859461296e-005, 7.74996169639e-006, 4.71550174552e-006, 1.15301133974e-007, 1.07414377393e-009, 2.9888244657e-011]
        median: [2.45707028057e-008, 3.36209086527e-005, 0.000101426965557, 5.28563468833e-005, 0.00012299696391, 0.000113570749818, 3.18572892866e-005, 3.75119889213e-005, 4.82287214254e-005, 4.0337057726e-005, 1.00973247754e-005, 2.42482783506e-005, 1.83211959666e-005, 2.6740883186e-005, 5.01571048517e-005, 4.2519193812e-005, 5.52451128897e-005, 4.23970814154e-005, 8.21102439659e-005, 6.71473535476e-005, 4.76431414427e-005, 1.71937281266e-005, 2.92987215289e-006, 1.82809321814e-006, 1.4531758552e-006, 2.15860787023e-008, 2.21279994328e-010, 6.74462222183e-012]
        min: [6.19762811502e-024, 2.04325639852e-023, 3.63963382273e-024, 5.31595575215e-024, 2.73740350801e-023, 1.78933927029e-023, 7.69475279564e-024, 8.55512078647e-024, 7.06283955404e-023, 3.54719573295e-023, 2.14713454915e-023, 6.72190459932e-023, 7.28214477896e-023, 7.54116504838e-023, 1.11823822727e-022, 9.44581416823e-023, 1.64287010918e-022, 1.40623127515e-022, 1.86412577691e-022, 2.61418734737e-022, 3.57680136718e-022, 4.06533295458e-022, 6.88882920769e-022, 7.77145677068e-022, 1.10136533817e-021, 1.72570676463e-021, 2.25833373288e-021, 7.33748785219e-022]
        var: [1.01941588851e-012, 4.86882978379e-009, 2.7475538289e-008, 1.91681586159e-008, 1.0275069684e-007, 8.96759004831e-008, 2.16108517748e-008, 3.0171026566e-008, 8.52629398196e-008, 2.69862084679e-007, 4.67347760491e-009, 5.29277279782e-008, 2.80172862688e-008, 2.88324653042e-008, 2.91505756422e-007, 3.16248758736e-007, 1.1137135516e-006, 1.81849344472e-007, 1.13612372843e-007, 8.14098441992e-008, 8.78102426327e-008, 1.05126041205e-008, 5.06568231806e-010, 3.76287806469e-010, 9.21633810935e-011, 1.15934537903e-013, 1.52072324883e-017, 3.74322491635e-021]
    mfcc:
        mean: [-758.54901123, 104.036506653, -37.0601921082, 41.6488800049, -3.06032824516, -9.42008495331, -1.49351930618, -6.39557552338, 6.2885055542, -3.20438051224, -6.7031879425, -9.74399375916, -6.6943526268]
        cov: [[10886.5507813, -1596.68334961, -1013.58154297, 450.786743164, -572.598815918, 923.513366699, 71.1041183472, -5.93958044052, -129.689056396, -221.7943573, 160.448623657, 320.994415283, 215.99067688], [-1596.68334961, 1278.09057617, 43.0001411438, 7.53160381317, 230.954177856, -161.260803223, 109.363609314, -71.6802520752, -40.2770500183, -5.94304180145, -95.60181427, -44.8048934937, -21.6847858429], [-1013.58154297, 43.0001411438, 736.662719727, -0.682898640633, 99.4865646362, 34.2595787048, -64.9376068115, -23.36977005, -15.3049459457, -69.4032745361, -30.0376701355, -21.7546272278, 50.5198020935], [450.786743164, 7.53160381317, -0.682898640633, 323.799499512, -0.154190078378, 107.055908203, 22.7965164185, -26.2966346741, -7.92935228348, -24.2133598328, -5.04207038879, 25.1651744843, 8.98376655579], [-572.598815918, 230.954177856, 99.4865646362, -0.154190078378, 278.303466797, -57.4088745117, -64.9661407471, 5.29074382782, -16.4524421692, -39.134021759, -65.0749206543, -25.8743515015, 16.2225074768], [923.513366699, -161.260803223, 34.2595787048, 107.055908203, -57.4088745117, 323.855255127, 102.166900635, -16.9921188354, -4.77256393433, -13.4660797119, 35.9553337097, 38.8573608398, 27.0775947571], [71.1041183472, 109.363609314, -64.9376068115, 22.7965164185, -64.9661407471, 102.166900635, 312.139282227, -18.5095233917, 25.5751018524, 81.808921814, 51.9606704712, 8.82949829102, -27.2439060211], [-5.93958044052, -71.6802520752, -23.36977005, -26.2966346741, 5.29074382782, -16.9921188354, -18.5095233917, 183.622009277, 53.9515380859, 37.7036170959, 20.0171318054, -5.17852878571, 2.50463104248], [-129.689056396, -40.2770500183, -15.3049459457, -7.92935228348, -16.4524421692, -4.77256393433, 25.5751018524, 53.9515380859, 157.993499756, 70.7358551025, 30.0751647949, -14.6198978424, -11.6206731796], [-221.7943573, -5.94304180145, -69.4032745361, -24.2133598328, -39.134021759, -13.4660797119, 81.808921814, 37.7036170959, 70.7358551025, 170.122299194, 78.2171554565, -3.34636545181, -22.2809257507], [160.448623657, -95.60181427, -30.0376701355, -5.04207038879, -65.0749206543, 35.9553337097, 51.9606704712, 20.0171318054, 30.0751647949, 78.2171554565, 152.702346802, 56.3839683533, 4.49234342575], [320.994415283, -44.8048934937, -21.7546272278, 25.1651744843, -25.8743515015, 38.8573608398, 8.82949829102, -5.17852878571, -14.6198978424, -3.34636545181, 56.3839683533, 115.3179245, 40.6891593933], [215.99067688, -21.6847858429, 50.5198020935, 8.98376655579, 16.2225074768, 27.0775947571, -27.2439060211, 2.50463104248, -11.6206731796, -22.2809257507, 4.49234342575, 40.6891593933, 109.647499084]]
        icov: [[0.000217989596422, 0.000159536255524, 0.000344490894349, -0.000112347493996, 0.000159348739544, -0.000469210935989, 4.47946258646e-005, -3.30947514158e-005, 7.34133645892e-005, 0.000340105703799, -3.34891738021e-005, -0.000117414165288, -0.000321359519148], [0.000159536255524, 0.00129409716465, 0.000218560351641, -0.000251669494901, -0.000814230472315, 0.000393979658838, -0.000852628727444, 0.000325121072819, 0.000237749831285, 0.00015949390945, 0.000427401275374, -0.000173762862687, -0.000229941419093], [0.000344490894349, 0.000218560351641, 0.00210774852894, -7.09029918653e-005, -0.000226939038839, -0.001053727814, 0.000273502984783, 0.000165587523952, -5.96024328843e-005, 0.00110347138252, -0.000483776355395, 0.000512454251293, -0.00119516870473], [-0.000112347493996, -0.000251669494901, -7.09029918653e-005, 0.00366628193296, -0.000189281272469, -0.00108587031718, 0.000173988533788, 0.000349162321072, -0.000298932282021, 2.30647365242e-005, 0.000419173069531, -0.000670053355861, 0.000439713825472], [0.000159348739544, -0.000814230472315, -0.000226939038839, -0.000189281272469, 0.00524068810046, -0.000263690133579, 0.00102251267526, -0.000627372937743, 0.000119837386592, 0.000212854458368, 0.00113379524555, 0.000162950134836, -0.000847678515129], [-0.000469210935989, 0.000393979658838, -0.001053727814, -0.00108587031718, -0.000263690133579, 0.00583781767637, -0.00218139286153, 0.000175776003744, -0.000143175755511, 0.000463903561467, -0.000456562906038, -4.4566069846e-005, -0.000257658277405], [4.47946258646e-005, -0.000852628727444, 0.000273502984783, 0.000173988533788, 0.00102251267526, -0.00218139286153, 0.0051743532531, 0.000483738054754, -5.59273503313e-005, -0.00208724103868, -0.000313773372909, -7.55672372179e-005, 0.000875726807863], [-3.30947514158e-005, 0.000325121072819, 0.000165587523952, 0.000349162321072, -0.000627372937743, 0.000175776003744, 0.000483738054754, 0.00648669153452, -0.00182332540862, -0.00084919447545, -0.0003395404201, 0.000282928318484, -0.000410859123804], [7.34133645892e-005, 0.000237749831285, -5.96024328843e-005, -0.000298932282021, 0.000119837386592, -0.000143175755511, -5.59273503313e-005, -0.00182332540862, 0.00852136407048, -0.00298902881332, -0.000130459840875, 0.00102500093635, -7.9557124991e-005], [0.000340105703799, 0.00015949390945, 0.00110347138252, 2.30647365242e-005, 0.000212854458368, 0.000463903561467, -0.00208724103868, -0.00084919447545, -0.00298902881332, 0.0118133788928, -0.00544705614448, 0.00204554013908, -0.000246155279456], [-3.34891738021e-005, 0.000427401275374, -0.000483776355395, 0.000419173069531, 0.00113379524555, -0.000456562906038, -0.000313773372909, -0.0003395404201, -0.000130459840875, -0.00544705614448, 0.0125642893836, -0.00612460821867, 0.000851165736094], [-0.000117414165288, -0.000173762862687, 0.000512454251293, -0.000670053355861, 0.000162950134836, -4.4566069846e-005, -7.55672372179e-005, 0.000282928318484, 0.00102500093635, 0.00204554013908, -0.00612460821867, 0.0139947347343, -0.00444071833044], [-0.000321359519148, -0.000229941419093, -0.00119516870473, 0.000439713825472, -0.000847678515129, -0.000257658277405, 0.000875726807863, -0.000410859123804, -7.9557124991e-005, -0.000246155279456, 0.000851165736094, -0.00444071833044, 0.0121929422021]]
    sccoeffs:
        dmean: [0.0400253199041, 0.0396951436996, 0.0336862318218, 0.027927858755, 0.019145719707, 0.015595392324]
        dmean2: [0.0660096779466, 0.0639586523175, 0.0526535324752, 0.044537179172, 0.030893728137, 0.0241982918233]
        dvar: [0.00112312776037, 0.0011647795327, 0.000868360802997, 0.000607526279055, 0.000285279907985, 0.000217435168452]
        dvar2: [0.00307804858312, 0.00295761902817, 0.0020162682049, 0.00150006648619, 0.000692511501256, 0.000468063546577]
        max: [-0.324664503336, -0.386575549841, -0.435849756002, -0.532804846764, -0.58455491066, -0.609134793282]
        mean: [-0.646807491779, -0.720653474331, -0.737375020981, -0.764203131199, -0.7852653265, -0.766039311886]
        median: [-0.64837628603, -0.729333460331, -0.75223326683, -0.766841411591, -0.791256666183, -0.758275449276]
        min: [-0.972677826881, -0.973550200462, -0.969993114471, -0.9702064991, -0.96489739418, -0.96033680439]
        var: [0.0059813070111, 0.00559614691883, 0.00761405145749, 0.00354880676605, 0.00221894658171, 0.00246380199678]
    scvalleys:
        dmean: [0.354788035154, 0.314046829939, 0.273617267609, 0.246960029006, 0.203242629766, 0.227974355221]
        dmean2: [0.581216752529, 0.510624825954, 0.440766483545, 0.389875262976, 0.301780998707, 0.309141248465]
        dvar: [0.101171128452, 0.090038061142, 0.0728583335876, 0.0663198381662, 0.0653254911304, 0.0996001213789]
        dvar2: [0.250310122967, 0.215146258473, 0.165674820542, 0.137923568487, 0.118245542049, 0.162596568465]
        max: [-5.38119697571, -5.17051887512, -5.30831289291, -5.70461940765, -5.50371026993, -7.21470546722]
        mean: [-7.59061908722, -7.30610227585, -7.731569767, -7.92014694214, -7.83207416534, -10.3998527527]
        median: [-7.15143299103, -7.02399635315, -7.52587032318, -7.73443698883, -7.61694049835, -9.68047237396]
        min: [-27.2560024261, -27.2311420441, -27.3433036804, -27.6590881348, -27.2956256866, -27.3458862305]
        var: [2.05399036407, 1.609623909, 1.68305468559, 1.79818570614, 2.23213553429, 3.76055788994]

rhythm:
    beats_loudness:
        dmean: 0.00197317823768
        dmean2: 0.00363627471961
        dvar: 5.7757470131e-006
        dvar2: 1.73850257852e-005
        max: 0.0206974484026
        mean: 0.00436336919665
        median: 0.0029545428697
        min: 3.88971216125e-007
        var: 1.64994999068e-005
    bpm: 86.9879608154
    bpm_confidence: 0
    first_peak_bpm: 88
    first_peak_spread: 0.444141745567
    first_peak_weight: 0.461538463831
    onset_rate: 2.36613965034
    second_peak_bpm: 152
    second_peak_spread: 0.40000000596
    second_peak_weight: 0.0339366532862
    beats_loudness_band_ratio:
        dmean: [0.0965991988778, 0.100450992584, 0.101890675724, 0.0962165668607, 0.114321939647, 0.124295480549]
        dmean2: [0.16375002265, 0.171670690179, 0.18411052227, 0.173895671964, 0.196501284838, 0.215791389346]
        dvar: [0.012922367081, 0.0150624429807, 0.0149085363373, 0.0148634044454, 0.0137881888077, 0.0210031606257]
        dvar2: [0.0346197076142, 0.0350313149393, 0.04210697487, 0.0407020486891, 0.0392665490508, 0.058649122715]
        max: [0.791577577591, 0.822651326656, 0.837204992771, 0.674816310406, 0.828410506248, 0.954624831676]
        mean: [0.161159217358, 0.164107367396, 0.168144956231, 0.121416442096, 0.232466012239, 0.191460296512]
        median: [0.100334100425, 0.101028650999, 0.0936114862561, 0.0650118887424, 0.190592199564, 0.171241879463]
        min: [0.000417828763602, 0.000169975915924, 0.00181891385, 0.00151565496344, 0.00440968386829, 0.000318218750181]
        var: [0.0267018713057, 0.031319681555, 0.0379259325564, 0.0178538151085, 0.0320667810738, 0.0219302810729]
    beats_position: [0.731428563595, 1.47446703911, 2.19428563118, 2.89088439941, 3.58748292923, 4.27247142792, 4.96907043457, 5.65405893326, 6.35065746307, 7.03564596176, 7.73224496841, 8.4172334671, 9.10222244263, 9.79882049561, 10.4954195023, 11.1804075241, 11.8653964996, 12.5619955063, 13.2469835281, 13.9319725037, 14.6285715103, 15.3251695633, 16.0101585388, 16.6951465607, 17.3801364899, 18.0767345428, 18.7617225647, 19.4467124939, 20.1317005157, 20.8282985687, 21.5248966217, 22.2098865509, 22.8948745728, 23.5914726257, 24.2880725861, 24.9730606079, 25.6696586609, 26.3546485901, 27.0396366119, 27.7246246338, 28.4212245941, 29.106212616, 29.7912006378, 30.4878005981, 31.17278862, 31.869386673, 32.5659866333, 33.2509727478, 33.9475746155, 34.6441726685, 35.329158783, 36.0141487122, 36.6991386414, 37.3841247559, 38.0807266235, 38.7773246765, 39.462310791, 40.1473007202, 40.8438987732, 41.5288887024, 42.2254867554, 42.9104766846, 43.6070747375, 44.3036727905, 44.9886627197, 45.6736488342, 46.3586387634, 47.0436286926, 47.7634468079, 48.4948730469, 49.2030830383, 49.8996810913, 50.5962791443, 51.2928771973, 51.9894790649, 52.6396369934, 53.2897949219, 53.9399528503, 54.6017227173, 55.3099327087, 56.0065307617, 56.7031288147, 57.3881187439, 58.0847167969, 58.7697029114, 59.4546928406, 60.1396827698, 60.8362808228, 61.5328788757, 62.2294769287, 62.9144668579, 63.5994529724, 64.2844467163, 64.9694290161, 65.6660308838, 66.3626327515, 67.0476150513, 67.7326049805, 68.4292068481, 69.1141967773, 69.8107910156, 70.4957809448, 71.180770874, 71.8657608032, 72.5623550415, 73.2589569092, 73.9439468384, 74.6289291382, 75.3255310059, 76.0221328735, 76.7071151733, 77.403717041, 78.0887069702, 78.7736968994, 79.4586868286, 80.1552810669, 80.8402709961, 81.5252609253, 82.2218551636, 82.9184570313, 83.6034469604, 84.2884368896, 84.9734191895, 85.6584091187, 86.3550109863, 87.0516052246, 87.7482070923, 88.4331970215, 89.1181869507, 89.814781189, 90.4997711182, 91.1847610474, 91.8813552856, 92.5779571533, 93.2629470825, 93.9479370117, 94.6329269409, 95.3179092407, 96.0028991699, 96.6995010376, 97.3960952759, 98.0810852051, 98.7660751343, 99.4510650635, 100.147659302, 100.855873108, 101.540863037, 102.237457275, 102.934059143, 103.619049072, 104.292427063, 104.977409363, 105.67401123, 106.347389221, 107.03237915, 107.71736908, 108.402359009, 109.098953247, 109.795555115, 110.492149353, 111.188751221, 111.87374115, 112.558731079, 113.243713379, 113.940315247, 114.625305176, 115.310295105, 116.006889343, 116.703491211, 117.400085449, 118.085075378, 118.770065308, 119.466667175, 120.163261414, 120.859863281, 121.54485321, 122.22983551, 122.926437378, 123.611427307, 124.296417236, 124.981407166, 125.666389465, 126.362991333, 127.047981262, 127.7445755, 128.42956543, 129.126159668, 129.811157227, 130.507751465, 131.192733765, 131.877731323, 132.562713623, 133.25932312, 133.955917358, 134.640899658, 135.325897217, 136.022491455, 136.719085693, 137.404083252, 138.10067749, 138.797271729, 139.482269287, 140.167251587, 140.852249146, 141.537231445, 142.222213745, 142.918823242, 143.603805542, 144.288803101, 144.9737854, 145.670379639, 146.355377197, 147.051971436, 147.736953735, 148.421951294, 149.118545532, 149.803527832, 150.488525391, 151.185119629, 151.881713867, 152.578323364, 153.263305664, 153.959899902, 154.644897461, 155.329879761, 156.014877319, 156.711471558, 157.396453857, 158.081451416, 158.778045654, 159.463043213, 160.148025513, 160.844619751, 161.541213989, 162.237823486, 162.922805786, 163.607803345, 164.304397583, 164.989379883, 165.674377441, 166.37097168, 167.067565918, 167.752563477, 168.437545776, 169.122543335, 169.807525635, 170.492507935, 171.177505493, 171.874099731, 172.57069397, 173.255691528, 173.952285767, 174.648880005, 175.333877563, 176.018859863, 176.703857422, 177.40045166, 178.097045898, 178.793640137, 179.490249634, 180.163619995, 180.848617554, 181.533599854, 182.218597412, 182.91519165, 183.60017395, 184.296783447, 184.993377686, 185.678359985, 186.363357544, 187.059951782, 187.756546021, 188.441543579, 189.126525879, 189.811508179, 190.496505737, 191.193099976, 191.889694214, 192.586303711, 193.271286011, 193.967880249, 194.652877808, 195.349472046, 196.046066284, 196.731063843, 197.416046143, 198.11265564, 198.797637939, 199.482620239, 200.179229736, 200.864212036, 201.549209595, 202.234191895, 202.919174194, 203.615783691, 204.31237793, 204.997360229, 205.682357788, 206.378952026, 207.063934326, 207.748931885, 208.445526123, 209.130523682, 209.815505981, 210.51210022, 211.208709717, 211.893692017, 212.578674316, 213.263671875, 213.948654175, 214.645263672, 215.34185791, 216.02684021, 216.711837769, 217.396820068, 218.081817627, 218.778411865, 219.475006104, 220.159988403, 220.844985962, 221.5415802, 222.238174438, 222.934783936, 223.619766235, 224.316360474, 225.001358032, 225.697952271, 226.382949829, 227.067932129, 227.752914429, 228.437911987, 229.134506226, 229.819503784, 230.504486084, 231.201080322, 231.886077881, 232.571060181, 233.267654419, 233.952651978, 234.637634277, 235.334228516, 236.030838013, 236.715820313, 237.412414551, 238.097412109, 238.794006348, 239.479003906, 240.163986206, 240.860580444, 241.557189941, 242.242172241, 242.927154541, 243.6121521, 244.297134399, 244.993743896, 245.678726196, 246.363708496, 247.060317993, 247.756912231, 248.45350647, 249.138504028, 249.823486328, 250.520080566, 251.205078125, 251.890060425, 252.586654663, 253.28326416, 253.979858398, 254.664840698, 255.361450195, 256.058044434, 256.754638672, 257.35836792, 257.96206665, 258.565795898, 259.157897949, 259.73840332, 260.330505371, 260.922637939, 261.51473999, 262.106842041, 262.698944092, 263.291046143, 263.871551514, 264.452056885, 265.009338379, 265.566619873, 266.10067749, 266.634735107, 267.180389404, 267.714447021, 268.248535156, 268.770965576, 269.305023193, 269.839080811, 270.373138428, 270.895599365, 271.418029785, 271.928894043, 272.404907227, 272.89251709, 273.380126953, 273.856140137, 274.33215332, 274.808166504, 275.249328613, 275.69052124, 276.13168335, 276.53805542, 276.944396973, 277.350738525, 277.757080078, 278.163452148, 278.558166504, 278.964538574, 279.370880127, 279.753997803, 280.137145996, 280.520263672, 280.915008545, 281.298126221, 281.681274414, 282.06439209, 282.447509766, 282.830657959, 283.213775635, 283.608520508, 283.991638184, 284.386383057, 284.792724609, 285.187469482, 285.582214355, 285.976959229, 286.371704102, 286.778045654, 287.172790527, 287.57913208, 287.973876953, 288.368621826, 288.763336182, 289.158081055, 289.552825928, 289.947570801]
