
metadata:
    version:
        essentia: "2.1-beta2"
    audio_properties:
        analysis_sample_rate: 44100
        bitrate: 320
        channels: 2
        equal_loudness: 1
        length: 192.130615234
        replay_gain: -15.6543283463
        downmix: "mix"
    tags:
        album: "Under The Influence"
        artist: "Amon Amarth"
        comment: ""
        date: "2013"
        genre: "Death Metal"
        title: "Snake Eyes"
        tracknumber: "03"

configuration:
    average_loudness:
        compute: 1
        frameSize: 88200
        hopSize: 44100
        silentFrames: "noise"
        windowType: "hann"
    general:
        analysisSampleRate: 44100
        endTime: 2000
        equalLoudness: 1
        nequalLoudness: 0
        shortSound: 0
        startTime: 0
    lowlevel:
        compute: 1
        frameSize: 2048
        hopSize: 1024
        zeroPadding: 0
        silentFrames: "noise"
        windowType: "blackmanharris62"
        mfccStats: ["mean", "cov", "icov"]
        stats: ["mean", "var", "median", "min", "max", "dmean", "dmean2", "dvar", "dvar2"]
    panning:
        compute: 0
        frameSize: 8192
        hopSize: 2048
        zeroPadding: 8192
        silentFrames: "noise"
        windowType: "hann"
        stats: ["copy"]
    rhythm:
        compute: 1
        maxTempo: 208
        minTempo: 40
        method: "degara"
        stats: ["mean", "var", "median", "min", "max", "dmean", "dmean2", "dvar", "dvar2"]
    segmentation:
        compute: 0
        cpw: 5
        inc1: 300
        inc2: 50
        minimumSegmentsLength: 10
        size1: 1000
        size2: 600
    sfx:
        compute: 1
        stats: ["mean", "var", "median", "min", "max", "dmean", "dmean2", "dvar", "dvar2"]
    svm:
        compute: 0
    tonal:
        compute: 1
        frameSize: 4096
        hopSize: 2048
        zeroPadding: 0
        silentFrames: "noise"
        windowType: "blackmanharris62"
        stats: ["mean", "var", "median", "min", "max", "dmean", "dmean2", "dvar", "dvar2"]

lowlevel:
    average_loudness: 0.949228107929
    barkbands_kurtosis:
        dmean: 0.511771440506
        dmean2: 0.842131853104
        dvar: 0.855617403984
        dvar2: 1.94813132286
        max: 36.2365455627
        mean: -0.898807585239
        median: -1.31994271278
        min: -1.87878811359
        var: 2.65267658234
    barkbands_skewness:
        dmean: 0.354213535786
        dmean2: 0.568961262703
        dvar: 0.103388205171
        dvar2: 0.259180009365
        max: 5.86531114578
        mean: 0.142389968038
        median: 0.108392909169
        min: -4.38190507889
        var: 0.551016390324
    barkbands_spread:
        dmean: 4.89834690094
        dmean2: 7.90498876572
        dvar: 21.7920455933
        dvar2: 56.8807563782
        max: 59.7626228333
        mean: 32.7541122437
        median: 33.5190315247
        min: 3.83897638321
        var: 56.1671295166
    dissonance:
        dmean: 0.00943171977997
        dmean2: 0.0161793529987
        dvar: 7.62709969422e-005
        dvar2: 0.000212365164771
        max: 0.500000059605
        mean: 0.483674794436
        median: 0.485712945461
        min: 0.403858214617
        var: 0.000123393663671
    hfc:
        dmean: 1.82826292515
        dmean2: 2.96997952461
        dvar: 3.93147611618
        dvar2: 10.2680530548
        max: 32.8948516846
        mean: 8.43479347229
        median: 7.55393218994
        min: 1.13083596844e-016
        var: 21.0311565399
    pitch:
        dmean: 941.415893555
        dmean2: 1823.77294922
        dvar: 1804153.5
        dvar2: 4276831.5
        max: 4377.94873047
        mean: 1841.8092041
        median: 1246.74230957
        min: 65.3550720215
        var: 2484375.25
    pitch_instantaneous_confidence:
        dmean: 0.0710801184177
        dmean2: 0.119056992233
        dvar: 0.00366744957864
        dvar2: 0.00951792486012
        max: 0.939837932587
        mean: 0.330080151558
        median: 0.312170058489
        min: 0.117592513561
        var: 0.0126250497997
    pitch_salience:
        dmean: 0.0532187074423
        dmean2: 0.0896271839738
        dvar: 0.00221529463306
        dvar2: 0.00605796091259
        max: 0.865850389004
        mean: 0.711637794971
        median: 0.724431037903
        min: 0.297988176346
        var: 0.00443342793733
    silence_rate_20dB:
        dmean: 0
        dmean2: 0
        dvar: 0
        dvar2: 0
        max: 1
        mean: 1
        median: 1
        min: 1
        var: 0
    silence_rate_30dB:
        dmean: 0
        dmean2: 0
        dvar: 0
        dvar2: 0
        max: 1
        mean: 1
        median: 1
        min: 1
        var: 0
    silence_rate_60dB:
        dmean: 0.072024166584
        dmean2: 0.144065752625
        dvar: 0.0668374449015
        dvar2: 0.148689061403
        max: 1
        mean: 0.148622527719
        median: 0
        min: 0
        var: 0.126539617777
    spectral_centroid:
        dmean: 225.093109131
        dmean2: 359.806091309
        dvar: 63355.7460938
        dvar2: 120290.234375
        max: 11452.5849609
        mean: 1610.44470215
        median: 1583.59350586
        min: 232.867294312
        var: 276753.90625
    spectral_complexity:
        dmean: 3.77280974388
        dmean2: 6.00314235687
        dvar: 10.5365476608
        dvar2: 25.9545116425
        max: 44
        mean: 19.5670604706
        median: 19
        min: 0
        var: 69.9310379028
    spectral_crest:
        dmean: 1.94973993301
        dmean2: 3.30737495422
        dvar: 3.86070585251
        dvar2: 10.5919981003
        max: 22.8774318695
        mean: 6.38210010529
        median: 5.51151180267
        min: 2.15046882629
        var: 7.99096679688
    spectral_decrease:
        dmean: 3.12519315981e-010
        dmean2: 5.25290255737e-010
        dvar: 1.58234843194e-019
        dvar2: 4.29885195657e-019
        max: 4.44251672303e-029
        mean: -1.22838161865e-009
        median: -1.12157616527e-009
        min: -4.38904779188e-009
        var: 3.38301438446e-019
    spectral_energy:
        dmean: 0.00130662368611
        dmean2: 0.00219280109741
        dvar: 2.68631379186e-006
        dvar2: 7.25977361071e-006
        max: 0.0177848022431
        mean: 0.00540126534179
        median: 0.0049345754087
        min: 1.0932556966e-020
        var: 6.27212921245e-006
    spectral_energyband_high:
        dmean: 0.000126705868752
        dmean2: 0.000217765351408
        dvar: 3.20309609947e-008
        dvar2: 8.72340351066e-008
        max: 0.00246999459341
        mean: 0.000301420746837
        median: 0.000230632940657
        min: 7.86287759593e-021
        var: 7.18682926504e-008
    spectral_energyband_low:
        dmean: 0.000253276142757
        dmean2: 0.000429876206908
        dvar: 1.16102761183e-007
        dvar2: 3.16585982318e-007
        max: 0.00496188458055
        mean: 0.000356538163032
        median: 0.000222842863877
        min: 1.23663350115e-022
        var: 1.50926254605e-007
    spectral_energyband_middle_high:
        dmean: 0.00054847728461
        dmean2: 0.000864287198056
        dvar: 3.02154262499e-007
        dvar2: 7.34944421765e-007
        max: 0.00848052836955
        mean: 0.00248813605867
        median: 0.00216105347499
        min: 1.6377654092e-021
        var: 2.0576994757e-006
    spectral_energyband_middle_low:
        dmean: 0.000974767201114
        dmean2: 0.00164569821209
        dvar: 1.77623985564e-006
        dvar2: 4.92115850648e-006
        max: 0.0138700483367
        mean: 0.00246150651947
        median: 0.00204394082539
        min: 2.4594408581e-022
        var: 2.75128695648e-006
    spectral_flatness_db:
        dmean: 0.0129182618111
        dmean2: 0.0203428473324
        dvar: 0.00013614477939
        dvar2: 0.000332799740136
        max: 0.312380462885
        mean: 0.145547941327
        median: 0.138636082411
        min: 0.0680556222796
        var: 0.000927091750782
    spectral_flux:
        dmean: 0.00752369314432
        dmean2: 0.0115255713463
        dvar: 6.43903185846e-005
        dvar2: 0.000124554149806
        max: 0.106360830367
        mean: 0.0435287728906
        median: 0.0430516414344
        min: 1.04558868508e-010
        var: 0.000232870457694
    spectral_kurtosis:
        dmean: 1.1955332756
        dmean2: 2.06059384346
        dvar: 1.40079236031
        dvar2: 4.16107797623
        max: 26.8375205994
        mean: 4.07251739502
        median: 3.87302303314
        min: -1.22588276863
        var: 3.28955435753
    spectral_rms:
        dmean: 0.000262849905994
        dmean2: 0.000434104382293
        dvar: 8.76990498e-008
        dvar2: 2.3321248932e-007
        max: 0.00416545663029
        mean: 0.00221815495752
        median: 0.00219413312152
        min: 3.26587042999e-012
        var: 3.49315854464e-007
    spectral_rolloff:
        dmean: 289.77734375
        dmean2: 477.582519531
        dvar: 190867.34375
        dvar2: 369486.375
        max: 18733.8867188
        mean: 3219.57299805
        median: 3359.1796875
        min: 172.265625
        var: 420072.78125
    spectral_skewness:
        dmean: 0.170833423734
        dmean2: 0.285430759192
        dvar: 0.0260768122971
        dvar2: 0.0694761127234
        max: 4.38046216965
        mean: 1.3270097971
        median: 1.33503139019
        min: -0.00533157493919
        var: 0.109717175364
    spectral_spread:
        dmean: 338001.90625
        dmean2: 503111.71875
        dvar: 419061661696
        dvar2: 524602834944
        max: 41226152
        mean: 3984042.75
        median: 3908124.5
        min: 1839934.625
        var: 1.36641288602e+012
    spectral_strongpeak:
        dmean: 0.327896118164
        dmean2: 0.564220070839
        dvar: 0.395406574011
        dvar2: 1.06372022629
        max: 9.9061088562
        mean: 0.479546487331
        median: 0.252029359341
        min: 4.61184868072e-010
        var: 0.704794645309
    zerocrossingrate:
        dmean: 0.00665195425972
        dmean2: 0.00822512526065
        dvar: 6.24363965471e-005
        dvar2: 7.32059343136e-005
        max: 0.5029296875
        mean: 0.0933708697557
        median: 0.09228515625
        min: 0.01416015625
        var: 0.00049956899602
    barkbands:
        dmean: [4.33528896338e-007, 8.53718447615e-005, 0.00010153317271, 0.000237138505327, 0.000590996060055, 0.000254716986092, 0.000208392157219, 0.00014997535618, 0.000134127592901, 0.000105944112875, 7.3263370723e-005, 8.12104699435e-005, 7.70580736571e-005, 4.69172446174e-005, 6.27270273981e-005, 0.00010789114458, 0.000153059183504, 0.000167490943568, 0.000214582134504, 0.000138553601573, 6.11942305113e-005, 2.07220273296e-005, 2.58266391029e-006, 9.26942902879e-007, 4.1209881374e-007, 2.13533226656e-008, 3.98296590154e-010]
        dmean2: [7.23972959804e-007, 0.000146465477883, 0.000180618662853, 0.000391781271901, 0.00103350530844, 0.000423056335421, 0.000349505135091, 0.000250218232395, 0.000218609930016, 0.000173284715856, 0.000120650889585, 0.000132426561322, 0.000125343241962, 7.60504772188e-005, 0.000103108635813, 0.000178005619091, 0.000256528990576, 0.000281992513919, 0.000362997467164, 0.000234999504755, 0.000104634898889, 3.65787891496e-005, 4.33719924331e-006, 1.37081838147e-006, 5.92936771682e-007, 3.28406102312e-008, 6.7635841372e-010]
        dvar: [5.9825386832e-013, 2.47053932867e-008, 2.44951205985e-008, 1.07772109459e-007, 1.04478954199e-006, 1.43574055755e-007, 1.49804151306e-007, 7.92208183498e-008, 4.11212148776e-008, 4.06867677327e-008, 2.74542006906e-008, 2.18960884979e-008, 2.25083347516e-008, 1.12713580691e-008, 1.12147828801e-008, 2.08380548372e-008, 3.16226476116e-008, 2.94209225871e-008, 7.41708419127e-008, 4.0265160095e-008, 9.41220523742e-009, 8.29342039488e-010, 1.63905746614e-011, 6.73016373534e-012, 1.49546228265e-012, 4.43147944487e-015, 5.75132682849e-019]
        dvar2: [1.50985040442e-012, 6.54168346159e-008, 6.81083918153e-008, 2.62292815023e-007, 3.00262377095e-006, 3.70108040215e-007, 4.01895135838e-007, 2.08177311833e-007, 1.1125295174e-007, 1.09517195312e-007, 7.17959522945e-008, 5.56319044165e-008, 6.09793033846e-008, 2.71687596864e-008, 2.83257115541e-008, 5.47695364617e-008, 8.37940490328e-008, 7.79974200782e-008, 2.07377951256e-007, 1.06515408049e-007, 2.51626453007e-008, 2.30879804164e-009, 4.15585656166e-011, 1.30974450036e-011, 2.95458666213e-012, 9.8393015808e-015, 1.45675429081e-018]
        max: [6.67351469019e-006, 0.00116272713058, 0.00234642834403, 0.0101588759571, 0.011923244223, 0.00693486211821, 0.00612939428538, 0.00490438053384, 0.00422865152359, 0.00323867728002, 0.00331036513671, 0.0024098942522, 0.00272511783987, 0.00214156648144, 0.00202759099193, 0.00275201839395, 0.00242629367858, 0.00224116118625, 0.00634739082307, 0.00434903986752, 0.0020686571952, 0.00027560829767, 7.27815786377e-005, 6.17251207586e-005, 2.71771586995e-005, 1.79037908765e-006, 2.05848031953e-008]
        mean: [4.27417433002e-007, 8.33519006846e-005, 0.000107026542537, 0.000367295695469, 0.000798501074314, 0.000440423580585, 0.000314324774081, 0.000220191126573, 0.000256841740338, 0.000184883378097, 0.000118517644296, 0.000148957216879, 0.000133684763568, 8.32298683235e-005, 0.000121079363453, 0.000220917674596, 0.000343937252183, 0.000401584722567, 0.000567212526221, 0.000310154486215, 0.000129664782435, 4.0360228013e-005, 5.7275283325e-006, 2.05294122679e-006, 8.74627517078e-007, 4.23053450049e-008, 5.74250424989e-010]
        median: [1.19258046993e-007, 3.38895624736e-005, 5.52735946258e-005, 0.000188151287148, 0.000528630567715, 0.000294884783216, 0.000170368832187, 0.000105742154119, 0.000179597147508, 0.000101923331385, 5.1474715292e-005, 7.45509314584e-005, 6.44890533295e-005, 3.97449875891e-005, 8.32556543173e-005, 0.00016109526041, 0.000275090977084, 0.000358319433872, 0.000477746943943, 0.000226532851229, 8.7310836534e-005, 3.29648610204e-005, 4.24958034273e-006, 1.17294985102e-006, 5.08558969159e-007, 2.55474894573e-008, 3.66852270783e-010]
        min: [2.43561561793e-023, 2.09852415131e-023, 4.05305941485e-023, 4.7015538027e-024, 1.71613424047e-023, 2.704086441e-023, 6.2230207587e-023, 5.57739806121e-023, 4.23136564526e-023, 2.1750335617e-023, 7.18081338688e-023, 4.05372426682e-023, 8.09467403569e-023, 8.16412156326e-023, 1.9625217229e-022, 1.56898766872e-022, 1.83644483707e-022, 2.10820401104e-022, 2.13906765753e-022, 2.66497181431e-022, 3.49448392104e-022, 4.74299375468e-022, 6.85207359065e-022, 8.06961489085e-022, 1.17674419097e-021, 1.46250368963e-021, 2.22641599151e-021]
        var: [5.9356794653e-013, 1.97928393675e-008, 2.32000161304e-008, 3.06542347062e-007, 8.94994514056e-007, 2.48840763106e-007, 2.10259983646e-007, 1.16466651434e-007, 7.30056441967e-008, 6.71805935326e-008, 4.59327722524e-008, 4.80676867198e-008, 4.06911908613e-008, 2.20952394159e-008, 2.15463540343e-008, 4.19787191674e-008, 6.94334190143e-008, 5.76622198878e-008, 2.24733796017e-007, 1.04489160435e-007, 2.2901760488e-008, 1.03308894772e-009, 3.3334668359e-011, 1.99006453677e-011, 3.5449564291e-012, 7.02737157745e-015, 7.33516056662e-019]
    frequency_bands:
        dmean: [4.33528896338e-007, 8.53718447615e-005, 0.00010153317271, 0.000237138505327, 0.000590996060055, 0.000254716986092, 0.000208392157219, 0.00014997535618, 0.000134127592901, 0.000105944112875, 7.3263370723e-005, 8.12104699435e-005, 7.70580736571e-005, 4.69172446174e-005, 6.27270273981e-005, 0.00010789114458, 0.000153059183504, 0.000167490943568, 0.000214582134504, 0.000138553601573, 6.11942305113e-005, 2.07220273296e-005, 2.58266391029e-006, 9.26942902879e-007, 4.1209881374e-007, 2.13533226656e-008, 3.98296590154e-010, 6.26120405522e-011]
        dmean2: [7.23972959804e-007, 0.000146465477883, 0.000180618662853, 0.000391781271901, 0.00103350530844, 0.000423056335421, 0.000349505135091, 0.000250218232395, 0.000218609930016, 0.000173284715856, 0.000120650889585, 0.000132426561322, 0.000125343241962, 7.60504772188e-005, 0.000103108635813, 0.000178005619091, 0.000256528990576, 0.000281992513919, 0.000362997467164, 0.000234999504755, 0.000104634898889, 3.65787891496e-005, 4.33719924331e-006, 1.37081838147e-006, 5.92936771682e-007, 3.28406102312e-008, 6.7635841372e-010, 1.16246332005e-010]
        dvar: [5.9825386832e-013, 2.47053932867e-008, 2.44951205985e-008, 1.07772109459e-007, 1.04478954199e-006, 1.43574055755e-007, 1.49804151306e-007, 7.92208183498e-008, 4.11212148776e-008, 4.06867677327e-008, 2.74542006906e-008, 2.18960884979e-008, 2.25083347516e-008, 1.12713580691e-008, 1.12147828801e-008, 2.08380548372e-008, 3.16226476116e-008, 2.94209225871e-008, 7.41708419127e-008, 4.0265160095e-008, 9.41220523742e-009, 8.29342039488e-010, 1.63905746614e-011, 6.73016373534e-012, 1.49546228265e-012, 4.43147944487e-015, 5.75132682849e-019, 7.11971316889e-021]
        dvar2: [1.50985040442e-012, 6.54168346159e-008, 6.81083918153e-008, 2.62292815023e-007, 3.00262377095e-006, 3.70108040215e-007, 4.01895135838e-007, 2.08177311833e-007, 1.1125295174e-007, 1.09517195312e-007, 7.17959522945e-008, 5.56319044165e-008, 6.09793033846e-008, 2.71687596864e-008, 2.83257115541e-008, 5.47695364617e-008, 8.37940490328e-008, 7.79974200782e-008, 2.07377951256e-007, 1.06515408049e-007, 2.51626453007e-008, 2.30879804164e-009, 4.15585656166e-011, 1.30974450036e-011, 2.95458666213e-012, 9.8393015808e-015, 1.45675429081e-018, 2.28844137042e-020]
        max: [6.67351469019e-006, 0.00116272713058, 0.00234642834403, 0.0101588759571, 0.011923244223, 0.00693486211821, 0.00612939428538, 0.00490438053384, 0.00422865152359, 0.00323867728002, 0.00331036513671, 0.0024098942522, 0.00272511783987, 0.00214156648144, 0.00202759099193, 0.00275201839395, 0.00242629367858, 0.00224116118625, 0.00634739082307, 0.00434903986752, 0.0020686571952, 0.00027560829767, 7.27815786377e-005, 6.17251207586e-005, 2.71771586995e-005, 1.79037908765e-006, 2.05848031953e-008, 1.05942965511e-009]
        mean: [4.27417433002e-007, 8.33519006846e-005, 0.000107026542537, 0.000367295695469, 0.000798501074314, 0.000440423580585, 0.000314324774081, 0.000220191126573, 0.000256841740338, 0.000184883378097, 0.000118517644296, 0.000148957216879, 0.000133684763568, 8.32298683235e-005, 0.000121079363453, 0.000220917674596, 0.000343937252183, 0.000401584722567, 0.000567212526221, 0.000310154486215, 0.000129664782435, 4.0360228013e-005, 5.7275283325e-006, 2.05294122679e-006, 8.74627517078e-007, 4.23053450049e-008, 5.74250424989e-010, 5.02951222336e-011]
        median: [1.19258046993e-007, 3.38895624736e-005, 5.52735946258e-005, 0.000188151287148, 0.000528630567715, 0.000294884783216, 0.000170368832187, 0.000105742154119, 0.000179597147508, 0.000101923331385, 5.1474715292e-005, 7.45509314584e-005, 6.44890533295e-005, 3.97449875891e-005, 8.32556543173e-005, 0.00016109526041, 0.000275090977084, 0.000358319433872, 0.000477746943943, 0.000226532851229, 8.7310836534e-005, 3.29648610204e-005, 4.24958034273e-006, 1.17294985102e-006, 5.08558969159e-007, 2.55474894573e-008, 3.66852270783e-010, 2.20229823961e-011]
        min: [2.43561561793e-023, 2.09852415131e-023, 4.05305941485e-023, 4.7015538027e-024, 1.71613424047e-023, 2.704086441e-023, 6.2230207587e-023, 5.57739806121e-023, 4.23136564526e-023, 2.1750335617e-023, 7.18081338688e-023, 4.05372426682e-023, 8.09467403569e-023, 8.16412156326e-023, 1.9625217229e-022, 1.56898766872e-022, 1.83644483707e-022, 2.10820401104e-022, 2.13906765753e-022, 2.66497181431e-022, 3.49448392104e-022, 4.74299375468e-022, 6.85207359065e-022, 8.06961489085e-022, 1.17674419097e-021, 1.46250368963e-021, 2.22641599151e-021, 5.82961898071e-022]
        var: [5.9356794653e-013, 1.97928393675e-008, 2.32000161304e-008, 3.06542347062e-007, 8.94994514056e-007, 2.48840763106e-007, 2.10259983646e-007, 1.16466651434e-007, 7.30056441967e-008, 6.71805935326e-008, 4.59327722524e-008, 4.80676867198e-008, 4.06911908613e-008, 2.20952394159e-008, 2.15463540343e-008, 4.19787191674e-008, 6.94334190143e-008, 5.76622198878e-008, 2.24733796017e-007, 1.04489160435e-007, 2.2901760488e-008, 1.03308894772e-009, 3.3334668359e-011, 1.99006453677e-011, 3.5449564291e-012, 7.02737157745e-015, 7.33516056662e-019, 5.68864022208e-021]
    mfcc:
        mean: [-697.684631348, 117.208694458, -56.8041534424, 59.1096534729, -20.6172084808, -11.1563119888, -5.08311748505, -2.90179872513, -5.35520267487, -10.4815692902, -4.91754245758, -8.0837392807, -3.74585175514]
        cov: [[4784.35205078, 893.988708496, -312.569793701, 305.968139648, -178.989425659, 69.5670013428, -48.5184860229, 2.70568466187, -25.8581066132, -60.9116172791, -55.7273445129, 24.4005355835, -11.0708045959], [893.988708496, 623.398620605, -177.86517334, 175.359405518, -35.7906723022, -6.92408418655, -22.4263572693, -9.22308349609, -7.89762067795, -67.5404281616, -8.74205207825, -41.4513587952, -6.8468337059], [-312.569793701, -177.86517334, 309.674316406, -52.4659957886, 85.3638153076, -6.49839878082, -19.5719165802, 12.8216457367, -15.1138687134, 28.0726146698, -19.8039169312, 17.2749843597, -20.0322170258], [305.968139648, 175.359405518, -52.4659957886, 245.968017578, 4.78081941605, 31.4355735779, 9.87734127045, -13.3947868347, 21.7858924866, -24.035150528, 0.210335448384, -33.7937545776, -8.50933074951], [-178.989425659, -35.7906723022, 85.3638153076, 4.78081941605, 121.532356262, 23.2480564117, -11.1494646072, -12.617814064, -7.12659072876, 17.7674999237, -1.55420672894, -2.57783269882, -18.4384765625], [69.5670013428, -6.92408418655, -6.49839878082, 31.4355735779, 23.2480564117, 84.3529510498, 31.4468173981, 1.69240653515, 5.68204259872, 7.92754983902, 11.8556776047, 6.62833452225, 1.81208515167], [-48.5184860229, -22.4263572693, -19.5719165802, 9.87734127045, -11.1494646072, 31.4468173981, 88.8976898193, 39.1546783447, 22.319311142, -1.01323497295, 9.06540393829, 10.2350931168, 11.3276748657], [2.70568466187, -9.22308349609, 12.8216457367, -13.3947868347, -12.617814064, 1.69240653515, 39.1546783447, 74.5892486572, 27.8086509705, 6.61552858353, -0.128087028861, 10.5137329102, 8.84767723083], [-25.8581066132, -7.89762067795, -15.1138687134, 21.7858924866, -7.12659072876, 5.68204259872, 22.319311142, 27.8086509705, 61.6297645569, 23.0818462372, 9.32167625427, 4.81720876694, 7.57506227493], [-60.9116172791, -67.5404281616, 28.0726146698, -24.035150528, 17.7674999237, 7.92754983902, -1.01323497295, 6.61552858353, 23.0818462372, 62.3885383606, 23.9332504272, 14.729136467, 2.07366085052], [-55.7273445129, -8.74205207825, -19.8039169312, 0.210335448384, -1.55420672894, 11.8556776047, 9.06540393829, -0.128087028861, 9.32167625427, 23.9332504272, 48.1344070435, 20.9257221222, 9.48925209045], [24.4005355835, -41.4513587952, 17.2749843597, -33.7937545776, -2.57783269882, 6.62833452225, 10.2350931168, 10.5137329102, 4.81720876694, 14.729136467, 20.9257221222, 58.3161849976, 23.9955329895], [-11.0708045959, -6.8468337059, -20.0322170258, -8.50933074951, -18.4384765625, 1.81208515167, 11.3276748657, 8.84767723083, 7.57506227493, 2.07366085052, 9.48925209045, 23.9955329895, 46.6032447815]]
        icov: [[0.000390617031371, -0.00052987341769, 0.000161759919138, -0.000318848586176, 0.000682306359522, -0.00059162452817, 0.000335600139806, -0.000225739029702, 0.000525180541445, -0.000896504381672, 0.001283058431, -0.00121821730863, 0.000601019302849], [-0.00052987341769, 0.00340813025832, 0.00119069765788, -0.00125189288519, -0.00131683202926, 0.00116896489635, 0.00106123264413, -0.00123456527945, -2.20638276005e-006, 0.0029790464323, -0.00212274910882, 0.00161049433518, -0.000461143208668], [0.000161759919138, 0.00119069765788, 0.00589431310073, -0.000878333463334, -0.00306984339841, 0.000827911833767, 0.00141361157876, -0.00283385789953, 0.0025257919915, -0.00214421283454, 0.00388103211299, -0.00339987571351, 0.00217944406904], [-0.000318848586176, -0.00125189288519, -0.000878333463334, 0.00693720718846, -0.000812226790003, -0.00192084140144, -0.000853969482705, 0.00259884097613, -0.00484147015959, 0.00349095230922, -0.00286544230767, 0.00430651055649, -0.000905341061298], [0.000682306359522, -0.00131683202926, -0.00306984339841, -0.000812226790003, 0.0135011514649, -0.00479924120009, 0.00118854502216, 0.00161411752924, 0.00139822158962, -0.00431019207463, 0.00252634752542, -0.00159885757603, 0.00370706990361], [-0.00059162452817, 0.00116896489635, 0.000827911833767, -0.00192084140144, -0.00479924120009, 0.0176487192512, -0.00729228369892, 0.00202777120285, 0.0011972640641, -0.000937375822105, -0.00281037855893, -0.000167750113178, -0.00065545324469], [0.000335600139806, 0.00106123264413, 0.00141361157876, -0.000853969482705, 0.00118854502216, -0.00729228369892, 0.0201811306179, -0.00979445781559, -0.00236196746118, 0.00439014704898, -0.00192876521032, -0.0012624777155, -0.000373378075892], [-0.000225739029702, -0.00123456527945, -0.00283385789953, 0.00259884097613, 0.00161411752924, 0.00202777120285, -0.00979445781559, 0.0231077596545, -0.00890637002885, 0.00012341432739, 0.00192703690846, -0.000589726085309, -0.00107171048876], [0.000525180541445, -2.20638276005e-006, 0.0025257919915, -0.00484147015959, 0.00139822158962, 0.0011972640641, -0.00236196746118, -0.00890637002885, 0.0284886267036, -0.0138035686687, 0.0041504856199, -0.00185195787344, -0.000810223980807], [-0.000896504381672, 0.0029790464323, -0.00214421283454, 0.00349095230922, -0.00431019207463, -0.000937375822105, 0.00439014704898, 0.00012341432739, -0.0138035686687, 0.0330487526953, -0.0173084810376, 0.00338711473159, -0.000265488255536], [0.001283058431, -0.00212274910882, 0.00388103211299, -0.00286544230767, 0.00252634752542, -0.00281037855893, -0.00192876521032, 0.00192703690846, 0.0041504856199, -0.0173084810376, 0.0385783202946, -0.0152536472306, 0.00244399439543], [-0.00121821730863, 0.00161049433518, -0.00339987571351, 0.00430651055649, -0.00159885757603, -0.000167750113178, -0.0012624777155, -0.000589726085309, -0.00185195787344, 0.00338711473159, -0.0152536472306, 0.0334932915866, -0.0149242402986], [0.000601019302849, -0.000461143208668, 0.00217944406904, -0.000905341061298, 0.00370706990361, -0.00065545324469, -0.000373378075892, -0.00107171048876, -0.000810223980807, -0.000265488255536, 0.00244399439543, -0.0149242402986, 0.0314208865166]]
    sccoeffs:
        dmean: [0.0573017187417, 0.0468840710819, 0.0352394357324, 0.0282087698579, 0.0200121644884, 0.0183588620275]
        dmean2: [0.094513386488, 0.0781823769212, 0.0580301955342, 0.0476276278496, 0.033414836973, 0.0296539980918]
        dvar: [0.00229354691692, 0.0014005448902, 0.000758887617849, 0.00051259517204, 0.000258496205788, 0.000289530697046]
        dvar2: [0.00624210713431, 0.00390712823719, 0.00207516993396, 0.00141878949944, 0.000697238137946, 0.000719782197848]
        max: [-0.330364137888, -0.469901680946, -0.543850302696, -0.584686875343, -0.621132910252, -0.576520562172]
        mean: [-0.645189881325, -0.759267449379, -0.790418028831, -0.803961455822, -0.794083237648, -0.728191256523]
        median: [-0.651862323284, -0.762492179871, -0.792798757553, -0.806397795677, -0.794571638107, -0.732408642769]
        min: [-0.973741829395, -0.97239357233, -0.966685056686, -0.959622204304, -0.96125793457, -0.96143758297]
        var: [0.0058317258954, 0.00329465651885, 0.00199195672758, 0.00128625496291, 0.000701301381923, 0.0017094546929]
    scvalleys:
        dmean: [0.418389886618, 0.344836264849, 0.27467533946, 0.228706076741, 0.192804813385, 0.213712796569]
        dmean2: [0.685096144676, 0.568116426468, 0.447096198797, 0.371138840914, 0.306341528893, 0.31281876564]
        dvar: [0.172037631273, 0.128542765975, 0.0901537761092, 0.0744791328907, 0.0715996846557, 0.0935881659389]
        dvar2: [0.359647065401, 0.25993090868, 0.152983337641, 0.118955940008, 0.115516752005, 0.162799075246]
        max: [-4.91183185577, -4.68938016891, -4.72920703888, -5.4576125145, -5.71714544296, -7.98754262924]
        mean: [-6.82511281967, -6.23796081543, -6.6665186882, -7.00095748901, -6.7510008812, -10.0043764114]
        median: [-6.61459445953, -6.10976314545, -6.56915473938, -6.89580774307, -6.60583591461, -9.71584606171]
        min: [-27.4188709259, -27.5670185089, -27.1498203278, -27.5104084015, -27.3287506104, -27.3095703125]
        var: [2.38479757309, 1.36960780621, 1.21764612198, 1.10895967484, 0.997494637966, 1.50592923164]

rhythm:
    beats_loudness:
        dmean: 0.00152121251449
        dmean2: 0.00260368525051
        dvar: 1.67056668943e-006
        dvar2: 4.5630877139e-006
        max: 0.0124684646726
        mean: 0.00569971790537
        median: 0.00546042108908
        min: 3.2456478477e-011
        var: 5.02528246216e-006
    bpm: 119.963302612
    bpm_confidence: 0
    first_peak_bpm: 120
    first_peak_spread: 0.269841313362
    first_peak_weight: 0.572139322758
    onset_rate: 2.84702157974
    second_peak_bpm: 152
    second_peak_spread: 0.314285725355
    second_peak_weight: 0.0597014911473
    beats_loudness_band_ratio:
        dmean: [0.0879777371883, 0.122327297926, 0.080797791481, 0.0605149529874, 0.0888700336218, 0.0711886063218]
        dmean2: [0.15984672308, 0.212374910712, 0.141055732965, 0.107795327902, 0.15716445446, 0.120430916548]
        dvar: [0.00981282070279, 0.0114450929686, 0.00566246453673, 0.00413107173517, 0.0046441052109, 0.00448769144714]
        dvar2: [0.0298856683075, 0.0352485328913, 0.0162816941738, 0.012039128691, 0.0127294138074, 0.0120361652225]
        max: [0.713319718838, 0.736334443092, 0.562351107597, 0.370683789253, 0.566984057426, 0.73238581419]
        mean: [0.121166922152, 0.233358204365, 0.148389294744, 0.0970622450113, 0.234641343355, 0.20407769084]
        median: [0.0898023247719, 0.219934761524, 0.132075801492, 0.0768188685179, 0.230029582977, 0.177201718092]
        min: [0, 0, 0, 0, 0, 0]
        var: [0.00941937603056, 0.0161426160485, 0.0072516174987, 0.00416838983074, 0.00665768561885, 0.0111894886941]
    beats_position: [0.359909296036, 0.731428563595, 1.11455774307, 1.49768710136, 1.88081634045, 2.27555561066, 2.67029476166, 3.05342388153, 3.43655323982, 3.83129239082, 4.21442174911, 4.59755086899, 4.99229001999, 5.3754196167, 5.75854873657, 6.15328788757, 6.54802703857, 6.94276618958, 7.32589578629, 7.70902490616, 8.10376358032, 8.48689365387, 8.87002277374, 9.24154186249, 9.61306095123, 9.97297000885, 10.3444900513, 10.71600914, 11.0875282288, 11.4590473175, 11.8421764374, 12.2253055573, 12.6084346771, 12.9799547195, 13.3514738083, 13.7462129593, 14.1293420792, 14.5240812302, 14.9304304123, 15.3251695633, 15.7199087143, 16.114648819, 16.50938797, 16.904127121, 17.3104763031, 17.7168254852, 18.1115646362, 18.5063037872, 18.9010429382, 19.2957820892, 19.7021312714, 20.0968704224, 20.4799995422, 20.8631286621, 21.246257782, 21.6177768707, 21.9892959595, 22.3608150482, 22.7323360443, 23.1038551331, 23.4869842529, 23.8701133728, 24.2532424927, 24.6363716125, 25.0311107635, 25.4374599457, 25.8438091278, 26.2385482788, 26.6332874298, 27.0280265808, 27.4343757629, 27.8407249451, 28.3515644073, 28.8507938385, 29.3500213623, 29.8608608246, 30.3600902557, 30.8593196869, 31.358549118, 31.8577766418, 32.357006073, 32.8562355042, 33.3554649353, 33.8546943665, 34.3655319214, 34.8647613525, 35.3639907837, 35.8632202148, 36.362449646, 36.8616790771, 37.3609046936, 37.8601341248, 38.3593635559, 38.8702049255, 39.3578224182, 39.8686599731, 40.3562812805, 40.8555107117, 41.3547401428, 41.8655776978, 42.3648071289, 42.8640365601, 43.3632659912, 43.8624954224, 44.3733329773, 44.8725624084, 45.3717918396, 45.8710212708, 46.3702468872, 46.8578681946, 47.3454856873, 47.8563270569, 48.355556488, 48.8547821045, 49.3540115356, 49.8532409668, 50.3640823364, 50.8516998291, 51.362537384, 51.8733787537, 52.3609962463, 52.8602256775, 53.3594551086, 53.8586845398, 54.3579139709, 54.8687515259, 55.367980957, 55.8672103882, 56.3664398193, 56.8656692505, 57.3648986816, 57.8641242981, 58.3749656677, 58.8741950989, 59.37342453, 59.8610420227, 60.3486595154, 60.8362808228, 61.3471183777, 61.8579597473, 62.3687973022, 62.8680267334, 63.3672561646, 63.8664855957, 64.3773193359, 64.8881607056, 65.3873901367, 65.8866195679, 66.385848999, 66.8850784302, 67.3843078613, 67.8835372925, 68.3827667236, 68.8819961548, 69.3812255859, 69.8804550171, 70.3680725098, 70.8673019409, 71.3665313721, 71.8657608032, 72.3649902344, 72.8642196655, 73.3634490967, 73.8626708984, 74.3619003296, 74.8611297607, 75.3603591919, 75.859588623, 76.3588180542, 76.8696594238, 77.368888855, 77.8681182861, 78.3673477173, 78.85496521, 79.3541946411, 79.8534240723, 80.3642578125, 80.8634872437, 81.3627166748, 81.861946106, 82.3611755371, 82.8604049683, 83.3596343994, 83.870475769, 84.3813171387, 84.8689346313, 85.3681640625, 85.8673934937, 86.3666229248, 86.865852356, 87.3650741577, 87.8643035889, 88.36353302, 88.8627624512, 89.3619918823, 89.8612213135, 90.3604507446, 90.8596801758, 91.3589096069, 91.8581390381, 92.3573684692, 92.8565979004, 93.3558273315, 93.8550567627, 94.3658905029, 94.8651199341, 95.3643493652, 95.8635787964, 96.3628082275, 96.8620376587, 97.3612670898, 97.860496521, 98.3597259521, 98.8705673218, 99.3581848145, 99.8574142456, 100.356643677, 100.867477417, 101.366706848, 101.85433197, 102.353561401, 102.852790833, 103.352012634, 103.862854004, 104.373695374, 104.861312866, 105.372154236, 105.871383667, 106.370613098, 106.869842529, 107.36907196, 107.856689453, 108.355918884, 108.855148315, 109.354377747, 109.853607178, 110.364440918, 110.863670349, 111.36289978, 111.850517273, 112.361358643, 112.872200012, 113.359817505, 113.870658875, 114.358276367, 114.857505798, 115.356735229, 115.86756897, 116.366798401, 116.866027832, 117.365257263, 117.864486694, 118.363716125, 118.862945557, 119.350563049, 119.838180542, 120.325805664, 120.836639404, 121.347480774, 121.858322144, 122.357551575, 122.856781006, 123.356010437, 123.855232239, 124.35446167, 124.86530304, 125.364532471, 125.863761902, 126.362991333, 126.850608826, 127.349838257, 127.849067688, 128.348297119, 128.847518921, 129.35836792, 129.86920166, 130.368438721, 130.867660522, 131.366897583, 131.866119385, 132.365356445, 132.864578247, 133.363800049, 133.863037109, 134.362258911, 134.861495972, 135.360717773, 135.859954834, 136.359176636, 136.858413696, 137.369247437, 137.868484497, 138.367706299, 138.866943359, 139.366165161, 139.865386963, 140.364624023, 140.863845825, 141.363082886, 141.873916626, 142.373153687, 142.872375488, 143.36000061, 143.859222412, 144.358459473, 144.869293213, 145.368530273, 145.867752075, 146.366973877, 146.866210938, 147.365432739, 147.8646698, 148.363891602, 148.863128662, 149.362350464, 149.861587524, 150.360809326, 150.860046387, 151.359268188, 151.858505249, 152.369338989, 152.86857605, 153.367797852, 153.867019653, 154.366256714, 154.865478516, 155.364715576, 155.863937378, 156.363174438, 156.850784302, 157.350021362, 157.849243164, 158.360092163, 158.870925903, 159.370162964, 159.869384766, 160.368606567, 160.867843628, 161.35546875, 161.854690552, 162.353912354, 162.864761353, 163.352371216, 163.863220215, 164.362442017, 164.861679077, 165.360900879, 165.860137939, 166.37097168, 166.870193481, 167.369430542, 167.868652344, 168.367889404, 168.855514526, 169.354736328, 169.85395813, 170.364807129, 170.875640869, 171.37487793, 171.874099731, 172.373336792, 172.872558594, 173.371795654, 173.871017456, 174.370239258, 174.869476318, 175.35710144, 175.856323242, 176.355545044, 176.866394043, 177.365615845, 177.864852905, 178.364074707, 178.863311768, 179.374145508, 179.873382568, 180.37260437, 180.871826172, 181.371063232, 181.870285034, 182.369522095, 182.868743896, 183.367980957, 183.878814697, 184.389663696, 184.900497437, 185.411331177, 185.817687988, 186.224029541, 186.630386353, 187.048339844, 187.466293335, 187.884262085, 188.302215576, 188.720184326, 189.068481445, 189.416778564, 189.765075684, 190.113372803, 190.47328186, 190.821578979, 191.169876099, 191.529785156]
