
metadata:
    version:
        essentia: "2.1-beta2"
    audio_properties:
        analysis_sample_rate: 44100
        bitrate: 320
        channels: 2
        equal_loudness: 1
        length: 240.023986816
        replay_gain: -16.2600631714
        downmix: "mix"
    tags:
        album: "Incomplete Me"
        artist: "For All Those Sleeping"
        comment: ""
        date: "2014"
        genre: "Other"
        title: "Crosses"
        tracknumber: "1"

configuration:
    average_loudness:
        compute: 1
        frameSize: 88200
        hopSize: 44100
        silentFrames: "noise"
        windowType: "hann"
    general:
        analysisSampleRate: 44100
        endTime: 2000
        equalLoudness: 1
        nequalLoudness: 0
        shortSound: 0
        startTime: 0
    lowlevel:
        compute: 1
        frameSize: 2048
        hopSize: 1024
        zeroPadding: 0
        silentFrames: "noise"
        windowType: "blackmanharris62"
        mfccStats: ["mean", "cov", "icov"]
        stats: ["mean", "var", "median", "min", "max", "dmean", "dmean2", "dvar", "dvar2"]
    panning:
        compute: 0
        frameSize: 8192
        hopSize: 2048
        zeroPadding: 8192
        silentFrames: "noise"
        windowType: "hann"
        stats: ["copy"]
    rhythm:
        compute: 1
        maxTempo: 208
        minTempo: 40
        method: "degara"
        stats: ["mean", "var", "median", "min", "max", "dmean", "dmean2", "dvar", "dvar2"]
    segmentation:
        compute: 0
        cpw: 5
        inc1: 300
        inc2: 50
        minimumSegmentsLength: 10
        size1: 1000
        size2: 600
    sfx:
        compute: 1
        stats: ["mean", "var", "median", "min", "max", "dmean", "dmean2", "dvar", "dvar2"]
    svm:
        compute: 0
    tonal:
        compute: 1
        frameSize: 4096
        hopSize: 2048
        zeroPadding: 0
        silentFrames: "noise"
        windowType: "blackmanharris62"
        stats: ["mean", "var", "median", "min", "max", "dmean", "dmean2", "dvar", "dvar2"]

lowlevel:
    average_loudness: 0.94180649519
    barkbands_kurtosis:
        dmean: 0.900937080383
        dmean2: 1.50550687313
        dvar: 1.50645911694
        dvar2: 4.10233163834
        max: 25.7379627228
        mean: 0.0370215438306
        median: -0.329647481441
        min: -1.89916288853
        var: 2.57028055191
    barkbands_skewness:
        dmean: 0.373541295528
        dmean2: 0.604803621769
        dvar: 0.130507946014
        dvar2: 0.350161194801
        max: 3.45181751251
        mean: -0.741704821587
        median: -0.765120148659
        min: -4.25664329529
        var: 0.428410351276
    barkbands_spread:
        dmean: 5.69124746323
        dmean2: 9.28177165985
        dvar: 33.022151947
        dvar2: 92.2851104736
        max: 69.5210571289
        mean: 26.7867031097
        median: 24.6710243225
        min: 1.97241854668
        var: 116.855400085
    dissonance:
        dmean: 0.00860120169818
        dmean2: 0.0148700531572
        dvar: 0.000101698016806
        dvar2: 0.00029408725095
        max: 0.500000059605
        mean: 0.486374467611
        median: 0.490841984749
        min: 0.247334390879
        var: 0.000344524509273
    hfc:
        dmean: 4.06919002533
        dmean2: 6.91422176361
        dvar: 28.6081523895
        dvar2: 78.3601074219
        max: 59.8237991333
        mean: 11.9847211838
        median: 11.1379718781
        min: 1.18134335195e-016
        var: 44.9653701782
    pitch:
        dmean: 843.422729492
        dmean2: 1587.32055664
        dvar: 1351577
        dvar2: 3306273
        max: 4203.5546875
        mean: 1971.31286621
        median: 2447.28027344
        min: 72.7870559692
        var: 2142533.5
    pitch_instantaneous_confidence:
        dmean: 0.0796519890428
        dmean2: 0.132843405008
        dvar: 0.00432334793732
        dvar2: 0.011541663669
        max: 0.869169831276
        mean: 0.361510187387
        median: 0.3446611166
        min: 0.130119383335
        var: 0.013505381532
    pitch_salience:
        dmean: 0.0479259155691
        dmean2: 0.0805685818195
        dvar: 0.00161186163314
        dvar2: 0.00451903091744
        max: 0.855471789837
        mean: 0.714600205421
        median: 0.72675383091
        min: 0.249151483178
        var: 0.00426210323349
    silence_rate_20dB:
        dmean: 0
        dmean2: 0
        dvar: 0
        dvar2: 0
        max: 1
        mean: 1
        median: 1
        min: 1
        var: 0
    silence_rate_30dB:
        dmean: 0
        dmean2: 0
        dvar: 0
        dvar2: 0
        max: 1
        mean: 1
        median: 1
        min: 1
        var: 0
    silence_rate_60dB:
        dmean: 0.077778853476
        dmean2: 0.155572757125
        dvar: 0.0717228353024
        dvar2: 0.150329247117
        max: 1
        mean: 0.168214350939
        median: 0
        min: 0
        var: 0.139931857586
    spectral_centroid:
        dmean: 249.171707153
        dmean2: 404.958648682
        dvar: 62876.9882813
        dvar2: 156944.671875
        max: 10955.1689453
        mean: 2127.93115234
        median: 2162.39013672
        min: 393.753479004
        var: 197412.421875
    spectral_complexity:
        dmean: 4.72903156281
        dmean2: 7.55050325394
        dvar: 18.5888462067
        dvar2: 44.6138839722
        max: 49
        mean: 22.9880046844
        median: 24
        min: 0
        var: 82.8370361328
    spectral_crest:
        dmean: 1.55637311935
        dmean2: 2.63279938698
        dvar: 1.90090811253
        dvar2: 5.11635255814
        max: 21.1075000763
        mean: 6.01033830643
        median: 5.54989814758
        min: 2.3835504055
        var: 4.46001625061
    spectral_decrease:
        dmean: 2.89184121094e-010
        dmean2: 4.77319406222e-010
        dvar: 1.30492704714e-019
        dvar2: 3.46532712721e-019
        max: -6.28831654653e-029
        mean: -1.15650278243e-009
        median: -1.11658593482e-009
        min: -3.91655996523e-009
        var: 2.89180765335e-019
    spectral_energy:
        dmean: 0.00143770861905
        dmean2: 0.00239233509637
        dvar: 3.34597189067e-006
        dvar2: 8.95201355888e-006
        max: 0.0202081948519
        mean: 0.00545197259635
        median: 0.00522845983505
        min: 1.09524650385e-020
        var: 6.78711921864e-006
    spectral_energyband_high:
        dmean: 0.000227301658015
        dmean2: 0.000394325965317
        dvar: 1.16457854915e-007
        dvar2: 3.26275710449e-007
        max: 0.00325796357356
        mean: 0.000404122984037
        median: 0.000319179991493
        min: 8.02454616924e-021
        var: 1.13950498815e-007
    spectral_energyband_low:
        dmean: 0.000144754318171
        dmean2: 0.00023499285453
        dvar: 2.33868480137e-008
        dvar2: 6.23774241149e-008
        max: 0.00182341923937
        mean: 0.000283062661765
        median: 0.000239677261561
        min: 1.1494357197e-022
        var: 5.0468162982e-008
    spectral_energyband_middle_high:
        dmean: 0.00115692813415
        dmean2: 0.00194007414393
        dvar: 1.84437908501e-006
        dvar2: 4.91443779538e-006
        max: 0.0188259650022
        mean: 0.00397744309157
        median: 0.0038012675941
        min: 1.54904968265e-021
        var: 4.80418430016e-006
    spectral_energyband_middle_low:
        dmean: 0.000367249915143
        dmean2: 0.00060618063435
        dvar: 3.11892250693e-007
        dvar2: 8.32151670238e-007
        max: 0.00544036366045
        mean: 0.000856534112245
        median: 0.000681406236254
        min: 3.92644042381e-022
        var: 4.40420137693e-007
    spectral_flatness_db:
        dmean: 0.0122768217698
        dmean2: 0.0198906324804
        dvar: 0.000122665835079
        dvar2: 0.000290930009214
        max: 0.465286880732
        mean: 0.14087831974
        median: 0.135236233473
        min: 0.0702175721526
        var: 0.00138961384073
    spectral_flux:
        dmean: 0.00758809316903
        dmean2: 0.0118479393423
        dvar: 7.85574156907e-005
        dvar2: 0.000141631084261
        max: 0.116178773344
        mean: 0.0467924140394
        median: 0.0466144569218
        min: 1.04654028499e-010
        var: 0.000220461559366
    spectral_kurtosis:
        dmean: 1.47229266167
        dmean2: 2.50657057762
        dvar: 15.7664699554
        dvar2: 44.8205680847
        max: 147.211639404
        mean: 5.57478761673
        median: 4.58457183838
        min: -1.18050849438
        var: 78.426940918
    spectral_rms:
        dmean: 0.000291526986985
        dmean2: 0.000473297317512
        dvar: 1.13381453559e-007
        dvar2: 2.92427273507e-007
        max: 0.00444019259885
        mean: 0.00223148451187
        median: 0.00225852522999
        min: 3.26884244499e-012
        var: 3.39457443488e-007
    spectral_rolloff:
        dmean: 221.772415161
        dmean2: 366.406311035
        dvar: 69767.8046875
        dvar2: 151487.578125
        max: 18174.0234375
        mean: 3447.63549805
        median: 3466.84570313
        min: 236.865234375
        var: 272155.28125
    spectral_skewness:
        dmean: 0.187724038959
        dmean2: 0.311029523611
        dvar: 0.0684693232179
        dvar2: 0.192826762795
        max: 9.4631023407
        mean: 1.54744625092
        median: 1.54103040695
        min: 0.0468302369118
        var: 0.37250906229
    spectral_spread:
        dmean: 415073.90625
        dmean2: 621564.875
        dvar: 364933185536
        dvar2: 629351841792
        max: 40216076
        mean: 3993747
        median: 3818622.5
        min: 486524.6875
        var: 1.51734412902e+012
    spectral_strongpeak:
        dmean: 0.703025817871
        dmean2: 1.22157776356
        dvar: 0.604741871357
        dvar2: 1.59345638752
        max: 8.42747116089
        mean: 0.982022643089
        median: 0.684189796448
        min: 4.34839897423e-009
        var: 1.04361355305
    zerocrossingrate:
        dmean: 0.0064308391884
        dmean2: 0.00784169510007
        dvar: 4.14994283346e-005
        dvar2: 5.31375517312e-005
        max: 0.4873046875
        mean: 0.110926136374
        median: 0.11181640625
        min: 0.01611328125
        var: 0.000352612521965
    barkbands:
        dmean: [1.74092213001e-006, 9.1859321401e-005, 7.02590477886e-005, 7.86746531958e-005, 0.000149852930917, 7.88652032497e-005, 9.07349749468e-005, 7.38515082048e-005, 0.000104859718704, 0.000104875274701, 0.00011048019951, 0.000149866187712, 0.000113474743557, 8.22120782686e-005, 0.000137398645165, 0.000204031763133, 0.000236521867919, 0.000434353074525, 0.000440797273768, 0.00023979798425, 9.88799583865e-005, 1.87905552593e-005, 3.42679413734e-006, 2.56057683146e-006, 2.05937067221e-006, 5.42426761285e-008, 2.74987282944e-010]
        dmean2: [2.39674272962e-006, 0.000151599073433, 0.000115810500574, 0.000137451279443, 0.000270587886916, 0.000129434672999, 0.000148672668729, 0.00012285549019, 0.000168819373357, 0.00017041566025, 0.000183043404832, 0.000243716538534, 0.000181861119927, 0.000135432404932, 0.000223887065658, 0.000334863405442, 0.000404250371503, 0.00074614508776, 0.000752493389882, 0.000409848609706, 0.000173368782271, 3.25536057062e-005, 5.869706456e-006, 4.18974150307e-006, 3.2496179756e-006, 8.31845667904e-008, 4.88930951281e-010]
        dvar: [6.32495835221e-012, 1.01324406643e-008, 8.71459704399e-009, 3.36754553132e-008, 1.32676078124e-007, 1.73731251607e-008, 3.16231449915e-008, 1.55404364932e-008, 2.36915873586e-008, 3.00944762444e-008, 3.33213634462e-008, 5.49936665095e-008, 3.16834807279e-008, 1.53248436163e-008, 5.17661220556e-008, 9.05351384972e-008, 9.12040718504e-008, 3.22797660601e-007, 2.91446923484e-007, 8.6898936047e-008, 2.96136164479e-008, 9.7862074e-010, 3.02862943058e-011, 2.45092626749e-011, 1.830912158e-011, 1.72269103415e-014, 1.38724457203e-019]
        dvar2: [1.19205791071e-011, 2.73017164432e-008, 2.40546338404e-008, 9.19164122593e-008, 3.77248142058e-007, 4.27869402131e-008, 7.81897497859e-008, 4.00573938464e-008, 5.79399532796e-008, 7.33500584715e-008, 8.34616002976e-008, 1.44223079701e-007, 7.70223209656e-008, 3.80026996538e-008, 1.22992972251e-007, 2.32557653135e-007, 2.46435774898e-007, 8.46829664169e-007, 7.95681046384e-007, 2.35126918824e-007, 8.34458546706e-008, 2.7334938757e-009, 7.79193515266e-011, 5.64442173556e-011, 4.07507361189e-011, 3.51061681895e-014, 4.09781087857e-019]
        max: [2.29901452258e-005, 0.000830432749353, 0.00129645923153, 0.00160923996009, 0.00325626600534, 0.00360118364915, 0.00367221282795, 0.00179929938167, 0.00386809627526, 0.00294795865193, 0.0047028567642, 0.0046291067265, 0.00353180873208, 0.00271635712124, 0.00479882443324, 0.00779961934313, 0.00437119463459, 0.00982117652893, 0.00541745405644, 0.00365150393918, 0.00182059011422, 0.000405143626267, 0.000107500214654, 9.29709203774e-005, 6.9103349233e-005, 3.05111234411e-006, 7.77315456446e-009]
        mean: [2.164378202e-006, 0.000146260106703, 0.000103676313302, 7.34392015147e-005, 0.000148125487613, 0.000130147062009, 0.000134747882839, 0.000111162844405, 0.000212736675167, 0.000184851058293, 0.000180048766197, 0.000273722922429, 0.000210888814763, 0.000160308496561, 0.000264861766482, 0.000397080584662, 0.000448898732429, 0.000783888623118, 0.000830532459076, 0.000465181597974, 0.000146808568388, 2.89272502414e-005, 5.78207618673e-006, 4.25234838985e-006, 3.37197138833e-006, 9.68557785086e-008, 3.43207934295e-010]
        median: [6.04068532084e-007, 0.000113012385555, 6.68578868499e-005, 2.81023676507e-005, 7.02931065462e-005, 8.35061364342e-005, 6.88636791892e-005, 5.74041732762e-005, 0.000125455495436, 0.000108105741674, 0.00010295624088, 0.000142264296301, 0.000116870229249, 9.54944407567e-005, 0.000143374549225, 0.000259682477918, 0.000351243565092, 0.000573608092964, 0.000698994263075, 0.000389428576455, 0.000103532962385, 2.05623982765e-005, 4.25661437475e-006, 2.59038415606e-006, 1.59373507813e-006, 4.544349963e-008, 2.02635963564e-010]
        min: [2.07649584162e-023, 7.86121601505e-023, 1.35547397658e-023, 3.30066423607e-024, 7.95428330029e-023, 2.55542528786e-023, 9.50607872377e-023, 4.36992527673e-023, 9.42164978098e-023, 9.95144750275e-023, 1.75359345832e-023, 1.00749433619e-022, 9.227018863e-023, 1.52815193686e-022, 1.42729714298e-022, 1.0073300638e-022, 1.56753250434e-022, 3.00281127885e-022, 2.73449456765e-022, 3.64115323195e-022, 4.21213428924e-022, 5.37540877492e-022, 4.67342960192e-022, 9.96653380492e-022, 1.39111452926e-021, 1.95810513682e-021, 2.20292151757e-021]
        var: [1.11223382934e-011, 1.64947557835e-008, 1.4005903104e-008, 2.52348169028e-008, 8.66258176302e-008, 2.85092518482e-008, 4.81428550358e-008, 2.61442512084e-008, 7.55742917136e-008, 6.69126833941e-008, 5.98589693368e-008, 1.23982147215e-007, 7.08987926146e-008, 4.003388554e-008, 1.33895497356e-007, 2.1974625497e-007, 1.53633351374e-007, 5.42682585092e-007, 3.77231060611e-007, 1.16440837417e-007, 2.40635547044e-008, 9.03472407998e-010, 3.94214452748e-011, 3.85365975242e-011, 3.20616415361e-011, 3.93880213818e-014, 1.75116384575e-019]
    frequency_bands:
        dmean: [1.74092213001e-006, 9.1859321401e-005, 7.02590477886e-005, 7.86746531958e-005, 0.000149852930917, 7.88652032497e-005, 9.07349749468e-005, 7.38515082048e-005, 0.000104859718704, 0.000104875274701, 0.00011048019951, 0.000149866187712, 0.000113474743557, 8.22120782686e-005, 0.000137398645165, 0.000204031763133, 0.000236521867919, 0.000434353074525, 0.000440797273768, 0.00023979798425, 9.88799583865e-005, 1.87905552593e-005, 3.42679413734e-006, 2.56057683146e-006, 2.05937067221e-006, 5.42426761285e-008, 2.74987282944e-010, 6.41527456158e-011]
        dmean2: [2.39674272962e-006, 0.000151599073433, 0.000115810500574, 0.000137451279443, 0.000270587886916, 0.000129434672999, 0.000148672668729, 0.00012285549019, 0.000168819373357, 0.00017041566025, 0.000183043404832, 0.000243716538534, 0.000181861119927, 0.000135432404932, 0.000223887065658, 0.000334863405442, 0.000404250371503, 0.00074614508776, 0.000752493389882, 0.000409848609706, 0.000173368782271, 3.25536057062e-005, 5.869706456e-006, 4.18974150307e-006, 3.2496179756e-006, 8.31845667904e-008, 4.88930951281e-010, 1.19199441984e-010]
        dvar: [6.32495835221e-012, 1.01324406643e-008, 8.71459704399e-009, 3.36754553132e-008, 1.32676078124e-007, 1.73731251607e-008, 3.16231449915e-008, 1.55404364932e-008, 2.36915873586e-008, 3.00944762444e-008, 3.33213634462e-008, 5.49936665095e-008, 3.16834807279e-008, 1.53248436163e-008, 5.17661220556e-008, 9.05351384972e-008, 9.12040718504e-008, 3.22797660601e-007, 2.91446923484e-007, 8.6898936047e-008, 2.96136164479e-008, 9.7862074e-010, 3.02862943058e-011, 2.45092626749e-011, 1.830912158e-011, 1.72269103415e-014, 1.38724457203e-019, 8.20465666969e-021]
        dvar2: [1.19205791071e-011, 2.73017164432e-008, 2.40546338404e-008, 9.19164122593e-008, 3.77248142058e-007, 4.27869402131e-008, 7.81897497859e-008, 4.00573938464e-008, 5.79399532796e-008, 7.33500584715e-008, 8.34616002976e-008, 1.44223079701e-007, 7.70223209656e-008, 3.80026996538e-008, 1.22992972251e-007, 2.32557653135e-007, 2.46435774898e-007, 8.46829664169e-007, 7.95681046384e-007, 2.35126918824e-007, 8.34458546706e-008, 2.7334938757e-009, 7.79193515266e-011, 5.64442173556e-011, 4.07507361189e-011, 3.51061681895e-014, 4.09781087857e-019, 2.62598518251e-020]
        max: [2.29901452258e-005, 0.000830432749353, 0.00129645923153, 0.00160923996009, 0.00325626600534, 0.00360118364915, 0.00367221282795, 0.00179929938167, 0.00386809627526, 0.00294795865193, 0.0047028567642, 0.0046291067265, 0.00353180873208, 0.00271635712124, 0.00479882443324, 0.00779961934313, 0.00437119463459, 0.00982117652893, 0.00541745405644, 0.00365150393918, 0.00182059011422, 0.000405143626267, 0.000107500214654, 9.29709203774e-005, 6.9103349233e-005, 3.05111234411e-006, 7.77315456446e-009, 1.35703526194e-009]
        mean: [2.164378202e-006, 0.000146260106703, 0.000103676313302, 7.34392015147e-005, 0.000148125487613, 0.000130147062009, 0.000134747882839, 0.000111162844405, 0.000212736675167, 0.000184851058293, 0.000180048766197, 0.000273722922429, 0.000210888814763, 0.000160308496561, 0.000264861766482, 0.000397080584662, 0.000448898732429, 0.000783888623118, 0.000830532459076, 0.000465181597974, 0.000146808568388, 2.89272502414e-005, 5.78207618673e-006, 4.25234838985e-006, 3.37197138833e-006, 9.68557785086e-008, 3.43207934295e-010, 4.999333586e-011]
        median: [6.04068532084e-007, 0.000113012385555, 6.68578868499e-005, 2.81023676507e-005, 7.02931065462e-005, 8.35061364342e-005, 6.88636791892e-005, 5.74041732762e-005, 0.000125455495436, 0.000108105741674, 0.00010295624088, 0.000142264296301, 0.000116870229249, 9.54944407567e-005, 0.000143374549225, 0.000259682477918, 0.000351243565092, 0.000573608092964, 0.000698994263075, 0.000389428576455, 0.000103532962385, 2.05623982765e-005, 4.25661437475e-006, 2.59038415606e-006, 1.59373507813e-006, 4.544349963e-008, 2.02635963564e-010, 2.01454894433e-011]
        min: [2.07649584162e-023, 7.86121601505e-023, 1.35547397658e-023, 3.30066423607e-024, 7.95428330029e-023, 2.55542528786e-023, 9.50607872377e-023, 4.36992527673e-023, 9.42164978098e-023, 9.95144750275e-023, 1.75359345832e-023, 1.00749433619e-022, 9.227018863e-023, 1.52815193686e-022, 1.42729714298e-022, 1.0073300638e-022, 1.56753250434e-022, 3.00281127885e-022, 2.73449456765e-022, 3.64115323195e-022, 4.21213428924e-022, 5.37540877492e-022, 4.67342960192e-022, 9.96653380492e-022, 1.39111452926e-021, 1.95810513682e-021, 2.20292151757e-021, 7.22319919886e-022]
        var: [1.11223382934e-011, 1.64947557835e-008, 1.4005903104e-008, 2.52348169028e-008, 8.66258176302e-008, 2.85092518482e-008, 4.81428550358e-008, 2.61442512084e-008, 7.55742917136e-008, 6.69126833941e-008, 5.98589693368e-008, 1.23982147215e-007, 7.08987926146e-008, 4.003388554e-008, 1.33895497356e-007, 2.1974625497e-007, 1.53633351374e-007, 5.42682585092e-007, 3.77231060611e-007, 1.16440837417e-007, 2.40635547044e-008, 9.03472407998e-010, 3.94214452748e-011, 3.85365975242e-011, 3.20616415361e-011, 3.93880213818e-014, 1.75116384575e-019, 6.44078044733e-021]
    mfcc:
        mean: [-690.699584961, 98.7241973877, -70.9786682129, 45.7024497986, -9.94877624512, -9.82581806183, 11.7242441177, 1.47236478329, 1.52901947498, -2.1155397892, 0.282211840153, -0.146017581224, 1.49529182911]
        cov: [[2812.74365234, -274.315704346, -273.835571289, 148.760177612, 31.4857730865, 81.1166992188, 150.134231567, 77.5387496948, 71.6869277954, 61.7115821838, 48.1251831055, 41.6807327271, 0.9200938344], [-274.315704346, 512.040649414, -49.3336105347, -1.05050826073, -50.3419075012, -25.0928936005, -25.9779701233, -16.7996578217, -11.3438119888, -6.19406747818, -2.3910150528, -10.4815855026, -5.54714632034], [-273.835571289, -49.3336105347, 433.091705322, 74.2022094727, 65.4242019653, 23.3386878967, -9.14765548706, 0.90718203783, -21.8147029877, -18.7711677551, -24.6650505066, -1.51639664173, -12.9341669083], [148.760177612, -1.05050826073, 74.2022094727, 543.253051758, 43.8068084717, 92.9269180298, 51.8739738464, 47.5105133057, 50.0369873047, -0.0490820854902, -16.6769199371, -13.0212812424, -4.13357591629], [31.4857730865, -50.3419075012, 65.4242019653, 43.8068084717, 151.016418457, 43.2711181641, 24.1001262665, 3.85173630714, 18.2660961151, 9.87410259247, -3.26904630661, 2.88382649422, 17.2345676422], [81.1166992188, -25.0928936005, 23.3386878967, 92.9269180298, 43.2711181641, 150.585845947, 80.5985565186, 41.8336181641, 6.89083147049, 8.50357437134, -2.65154385567, 1.88198828697, 4.94145298004], [150.134231567, -25.9779701233, -9.14765548706, 51.8739738464, 24.1001262665, 80.5985565186, 137.833480835, 62.6571006775, 14.071313858, 2.75339770317, 12.3181390762, 14.9641427994, 8.82888793945], [77.5387496948, -16.7996578217, 0.90718203783, 47.5105133057, 3.85173630714, 41.8336181641, 62.6571006775, 100.414382935, 26.203004837, 19.7244911194, 2.67720746994, 5.96212768555, 3.30100798607], [71.6869277954, -11.3438119888, -21.8147029877, 50.0369873047, 18.2660961151, 6.89083147049, 14.071313858, 26.203004837, 84.0020065308, 37.2535362244, 12.3045873642, 0.13822054863, 11.2717123032], [61.7115821838, -6.19406747818, -18.7711677551, -0.0490820854902, 9.87410259247, 8.50357437134, 2.75339770317, 19.7244911194, 37.2535362244, 78.9889678955, 27.6004047394, 7.60489177704, 2.78526520729], [48.1251831055, -2.3910150528, -24.6650505066, -16.6769199371, -3.26904630661, -2.65154385567, 12.3181390762, 2.67720746994, 12.3045873642, 27.6004047394, 64.2015151978, 27.9983882904, 11.7777938843], [41.6807327271, -10.4815855026, -1.51639664173, -13.0212812424, 2.88382649422, 1.88198828697, 14.9641427994, 5.96212768555, 0.13822054863, 7.60489177704, 27.9983882904, 57.716178894, 30.6970386505], [0.9200938344, -5.54714632034, -12.9341669083, -4.13357591629, 17.2345676422, 4.94145298004, 8.82888793945, 3.30100798607, 11.2717123032, 2.78526520729, 11.7777938843, 30.6970386505, 67.031867981]]
        icov: [[0.000447967235232, 0.000240742243477, 0.000332801166223, -0.000136048169225, -8.02267750259e-005, 5.43638852832e-005, -0.000377574760932, 4.12360823248e-005, -7.89919722592e-005, -0.000196117543965, 3.52525348717e-005, -0.000365224172128, 0.000316410703817], [0.000240742243477, 0.00218422268517, 0.000347370281816, -0.00020023502293, 0.000539694796316, 0.0001101399248, -3.27843881678e-005, 0.000194880383788, 0.000197424044018, -0.000159031929797, -3.86450192309e-005, 0.000200679525733, -3.17316007568e-005], [0.000332801166223, 0.000347370281816, 0.0029784871731, -0.000450252671726, -0.00135473441333, -0.000104512961116, 0.000478048197692, -0.000454289314803, 0.000828039890621, 0.00018603465287, 0.000715380243491, -0.00119842740241, 0.00116270780563], [-0.000136048169225, -0.00020023502293, -0.000450252671726, 0.00235367403366, -5.73848155909e-005, -0.0013355857227, 0.000266038638074, -0.000412390363635, -0.00169586914126, 0.000921289611142, 0.000216071435716, 0.000254213664448, 0.000234544684645], [-8.02267750259e-005, 0.000539694796316, -0.00135473441333, -5.73848155909e-005, 0.00862323120236, -0.00188958900981, -0.000963131955359, 0.00189679814503, -0.00166046479717, -0.00104583590291, 0.00087320554303, 0.000824918388389, -0.00247207889333], [5.43638852832e-005, 0.0001101399248, -0.000104512961116, -0.0013355857227, -0.00188958900981, 0.0114605929703, -0.00605377554893, -0.000529009208549, 0.00231131073087, -0.0023646899499, 0.00139753427356, 0.000975420814939, -0.000612417643424], [-0.000377574760932, -3.27843881678e-005, 0.000478048197692, 0.000266038638074, -0.000963131955359, -0.00605377554893, 0.0149456355721, -0.00704598566517, -0.000697528535966, 0.00403706682846, -0.00325439637527, -0.00179375277366, 0.000526287883986], [4.12360823248e-005, 0.000194880383788, -0.000454289314803, -0.000412390363635, 0.00189679814503, -0.000529009208549, -0.00704598566517, 0.0161738973111, -0.00296279136091, -0.00366249517538, 0.00303781940602, -0.00111881480552, 0.000214322804823], [-7.89919722592e-005, 0.000197424044018, 0.000828039890621, -0.00169586914126, -0.00166046479717, 0.00231131073087, -0.000697528535966, -0.00296279136091, 0.0184286944568, -0.0075780749321, -0.000959291297477, 0.00361672323197, -0.00370477186516], [-0.000196117543965, -0.000159031929797, 0.00018603465287, 0.000921289611142, -0.00104583590291, -0.0023646899499, 0.00403706682846, -0.00366249517538, -0.0075780749321, 0.020282516256, -0.00791162718087, -0.000120741889987, 0.00205100909807], [3.52525348717e-005, -3.86450192309e-005, 0.000715380243491, 0.000216071435716, 0.00087320554303, 0.00139753427356, -0.00325439637527, 0.00303781940602, -0.000959291297477, -0.00791162718087, 0.0246911048889, -0.0111882351339, 0.00137451977935], [-0.000365224172128, 0.000200679525733, -0.00119842740241, 0.000254213664448, 0.000824918388389, 0.000975420814939, -0.00179375277366, -0.00111881480552, 0.00361672323197, -0.000120741889987, -0.0111882351339, 0.030364850536, -0.0127294119447], [0.000316410703817, -3.17316007568e-005, 0.00116270780563, 0.000234544684645, -0.00247207889333, -0.000612417643424, 0.000526287883986, 0.000214322804823, -0.00370477186516, 0.00205100909807, 0.00137451977935, -0.0127294119447, 0.0218766313046]]
    sccoeffs:
        dmean: [0.0559846535325, 0.0462618097663, 0.0368949398398, 0.0294374451041, 0.0211771745235, 0.0201994199306]
        dmean2: [0.0914003551006, 0.0777510851622, 0.0618988089263, 0.0493451580405, 0.0354862287641, 0.0316121503711]
        dvar: [0.00209804810584, 0.00128745089751, 0.000818178290501, 0.000550434400793, 0.000269784562988, 0.0003419072018]
        dvar2: [0.00551630230621, 0.00361593230627, 0.00227481592447, 0.00151288195048, 0.000733701395802, 0.000784444098826]
        max: [-0.373512357473, -0.536496818066, -0.560929775238, -0.565900146961, -0.606475412846, -0.590012848377]
        mean: [-0.715887129307, -0.775471329689, -0.792123138905, -0.790782094002, -0.783645927906, -0.765512287617]
        median: [-0.720124602318, -0.779610157013, -0.797624111176, -0.7945073843, -0.78577953577, -0.769744157791]
        min: [-0.944177031517, -0.952025711536, -0.962134838104, -0.949287354946, -0.96357935667, -0.962427854538]
        var: [0.00495512550697, 0.00315880519338, 0.00266427942552, 0.00168003560975, 0.000909610767849, 0.00166054605506]
    scvalleys:
        dmean: [0.375529676676, 0.344130575657, 0.275746822357, 0.231505960226, 0.235760375857, 0.288169533014]
        dmean2: [0.632074713707, 0.571193516254, 0.454548984766, 0.377267479897, 0.384658515453, 0.449626594782]
        dvar: [0.0989289805293, 0.0805746540427, 0.0593815334141, 0.0506475605071, 0.0687762126327, 0.130746901035]
        dvar2: [0.246609449387, 0.195434093475, 0.132324054837, 0.103457957506, 0.151720136404, 0.292766869068]
        max: [-5.32287883759, -5.05048274994, -5.12314844131, -5.46906328201, -5.29427719116, -7.75640726089]
        mean: [-6.91471529007, -6.59507989883, -6.49115133286, -6.69658660889, -6.55210351944, -9.55742835999]
        median: [-6.71734714508, -6.51734876633, -6.37989759445, -6.58001708984, -6.43428516388, -9.35650348663]
        min: [-28.1428031921, -27.533082962, -27.3668117523, -27.6299343109, -27.1964416504, -27.1741771698]
        var: [1.01969075203, 0.650466620922, 0.701063036919, 0.697317898273, 0.704559326172, 1.07799518108]

rhythm:
    beats_loudness:
        dmean: 0.00139791937545
        dmean2: 0.00231791520491
        dvar: 1.45271451402e-006
        dvar2: 3.82621874451e-006
        max: 0.0151075245813
        mean: 0.00555399758741
        median: 0.00559486541897
        min: 2.68868944886e-008
        var: 4.14527903558e-006
    bpm: 154.823959351
    bpm_confidence: 0
    first_peak_bpm: 157
    first_peak_spread: 0.0425532348454
    first_peak_weight: 0.58346837759
    onset_rate: 3.54964542389
    second_peak_bpm: 152
    second_peak_spread: 0.0340425856411
    second_peak_weight: 0.367909252644
    beats_loudness_band_ratio:
        dmean: [0.0613905787468, 0.0409010350704, 0.0633462592959, 0.0976028963923, 0.112285345793, 0.0816481411457]
        dmean2: [0.105453379452, 0.0737426578999, 0.108898684382, 0.165501669049, 0.193304151297, 0.142751514912]
        dvar: [0.00508349249139, 0.00187089073006, 0.00423781434074, 0.00899399537593, 0.00867702905089, 0.00499509461224]
        dvar2: [0.0141320805997, 0.00530882412568, 0.0109589220956, 0.0261333677918, 0.0263399649411, 0.0150852743536]
        max: [0.702705383301, 0.451435834169, 0.718366205692, 0.65501755476, 0.708075225353, 0.597701072693]
        mean: [0.116083264351, 0.0588143467903, 0.105495475233, 0.154901236296, 0.337304860353, 0.252734988928]
        median: [0.093437358737, 0.0444774962962, 0.0824349820614, 0.124373145401, 0.327725559473, 0.244013130665]
        min: [1.48259859998e-005, 0.000319073034916, 0.00250016734935, 0.0169502981007, 0.0123426970094, 0.00015911461378]
        var: [0.00891792401671, 0.00245269318111, 0.00697034131736, 0.0121694253758, 0.0146334059536, 0.00927805900574]
    beats_position: [0.417959183455, 0.847528338432, 1.25387752056, 1.66022670269, 2.06657600403, 2.46131515503, 2.86766433716, 3.27401351929, 3.68036270142, 4.08671188354, 4.5046710968, 4.92263031006, 5.31736946106, 5.71210861206, 6.09523820877, 6.48997735977, 6.87310647964, 7.26784563065, 7.65097475052, 8.03410434723, 8.4172334671, 8.80036258698, 9.19510173798, 9.58984088898, 9.97297000885, 10.3560991287, 10.7392292023, 11.1223583221, 11.5170974731, 11.9118366241, 12.2833557129, 12.6780948639, 13.0612239838, 13.4559631348, 13.8507022858, 14.2338323593, 14.6169614792, 15.0000905991, 15.3948297501, 15.7895689011, 16.1726989746, 16.5558280945, 16.9389572144, 17.3220863342, 17.7168254852, 18.1115646362, 18.4946937561, 18.877822876, 19.2609519958, 19.6440811157, 20.0388202667, 20.4335594177, 20.8166885376, 21.1998176575, 21.5945568085, 21.9776859283, 22.3724250793, 22.7555541992, 23.1386852264, 23.5218143463, 23.9049434662, 24.2880725861, 24.6828117371, 25.0775508881, 25.4490699768, 25.8438091278, 26.2385482788, 26.6216773987, 27.0048065186, 27.3879356384, 27.7710647583, 28.1658039093, 28.5605430603, 28.9436721802, 29.3268013, 29.7215423584, 30.0930614471, 30.4878005981, 30.870929718, 31.2540588379, 31.6371879578, 32.0319252014, 32.4150543213, 32.8097953796, 33.204536438, 33.5992736816, 33.9707946777, 34.3655319214, 34.7486610413, 35.1317901611, 35.5265312195, 35.9096603394, 36.2927894592, 36.6759185791, 37.059047699, 37.4537849426, 37.8369140625, 38.2200431824, 38.6031723022, 38.9863014221, 39.3810424805, 39.7757797241, 40.1589126587, 40.5420417786, 40.9367790222, 41.3315200806, 41.7146492004, 42.1093864441, 42.492515564, 42.8756446838, 43.2587738037, 43.6419029236, 44.0250320435, 44.4197731018, 44.8029022217, 45.1860313416, 45.5807685852, 45.9638977051, 46.3586387634, 46.7417678833, 47.1365089417, 47.5312461853, 47.9143753052, 48.297504425, 48.6690254211, 49.0637626648, 49.4585037231, 49.8532409668, 50.2479820251, 50.6427192688, 51.0258483887, 51.4089775085, 51.7921066284, 52.1752357483, 52.5583648682, 52.941493988, 53.3362350464, 53.7193641663, 54.1024932861, 54.485622406, 54.8803634644, 55.2634925842, 55.6466217041, 56.029750824, 56.4244880676, 56.8076171875, 57.1907463074, 57.5854873657, 57.9686164856, 58.340133667, 58.7232627869, 59.1180038452, 59.5127410889, 59.8958702087, 60.2906112671, 60.673740387, 61.0684814453, 61.463218689, 61.8347396851, 62.2178688049, 62.6009979248, 62.9957351685, 63.3904762268, 63.7852134705, 64.1683425903, 64.5514755249, 64.9462127686, 65.3293380737, 65.7124710083, 66.0955963135, 66.478729248, 66.8618545532, 67.2449874878, 67.6397247314, 68.0344696045, 68.4059829712, 68.8007278442, 69.1954650879, 69.5785903931, 69.9617233276, 70.3448486328, 70.7395935059, 71.122718811, 71.5058517456, 71.9005889893, 72.2837142944, 72.6784591675, 73.0731964111, 73.4563217163, 73.8394546509, 74.2341918945, 74.6173248291, 75.0004501343, 75.3951950073, 75.789932251, 76.1730575562, 76.5561904907, 76.9393157959, 77.3224487305, 77.7171859741, 78.1119232178, 78.4834442139, 78.8781814575, 79.2613143921, 79.6560516357, 80.0391845703, 80.433921814, 80.8170471191, 81.2001800537, 81.5833053589, 81.9780502319, 82.3611755371, 82.7443084717, 83.1390457153, 83.5221786499, 83.9053039551, 84.2884368896, 84.6831741333, 85.0662994385, 85.449432373, 85.8325576782, 86.2273025513, 86.6104278564, 86.993560791, 87.3766860962, 87.7598190308, 88.1545562744, 88.537689209, 88.9324264526, 89.3271636963, 89.7219009399, 90.1050338745, 90.4881591797, 90.8712921143, 91.2544174194, 91.637550354, 92.0322875977, 92.4154205322, 92.8101577759, 93.2048950195, 93.5764160156, 93.9595413208, 94.3542861938, 94.737411499, 95.1089324951, 95.5036697388, 95.8984146118, 96.2931518555, 96.6762771606, 97.0594100952, 97.4425354004, 97.825668335, 98.2204055786, 98.6035385132, 98.9866638184, 99.381401062, 99.7761459351, 100.15927124, 100.542404175, 100.937141418, 101.331878662, 101.715011597, 102.098136902, 102.492874146, 102.87600708, 103.259140015, 103.653877258, 104.048614502, 104.431747437, 104.814872742, 105.209609985, 105.59274292, 105.975868225, 106.370613098, 106.753738403, 107.136871338, 107.531608582, 107.903129578, 108.297866821, 108.692604065, 109.075737, 109.458862305, 109.853607178, 110.236732483, 110.619865417, 111.002990723, 111.386123657, 111.769248962, 112.163986206, 112.547119141, 112.941856384, 113.336593628, 113.719726563, 114.102851868, 114.485984802, 114.869110107, 115.252243042, 115.635368347, 116.03011322, 116.424850464, 116.807983398, 117.191108704, 117.585845947, 117.98059082, 118.352104187, 118.723625183, 119.129974365, 119.5131073, 119.907844543, 120.302581787, 120.685714722, 121.068840027, 121.451972961, 121.835098267, 122.22983551, 122.624580383, 123.007705688, 123.390838623, 123.785575867, 124.18031311, 124.563446045, 124.94657135, 125.329704285, 125.71282959, 126.107574463, 126.490699768, 126.873832703, 127.256958008, 127.640090942, 128.034820557, 128.42956543, 128.812698364, 129.195831299, 129.578948975, 129.962081909, 130.333602905, 130.728347778, 131.123077393, 131.517822266, 131.9009552, 132.284072876, 132.678817749, 133.073562622, 133.456680298, 133.839813232, 134.222946167, 134.606079102, 135.000808716, 135.395553589, 135.778686523, 136.161804199, 136.556549072, 136.939682007, 137.322814941, 137.717544556, 138.112289429, 138.495422363, 138.878540039, 139.261672974, 139.656417847, 140.039550781, 140.434280396, 140.829025269, 141.212158203, 141.595275879, 141.966796875, 142.361541748, 142.756271362, 143.139404297, 143.522537231, 143.905670166, 144.30039978, 144.683532715, 145.066665649, 145.449798584, 145.844528198, 146.227661133, 146.610794067, 146.993927002, 147.377044678, 147.771789551, 148.166534424, 148.5496521, 148.932785034, 149.315917969, 149.699050903, 150.093780518, 150.488525391, 150.871658325, 151.254776001, 151.649520874, 152.044265747, 152.438995361, 152.822128296, 153.20526123, 153.588394165, 153.971511841, 154.366256714, 154.749389648, 155.132507324, 155.527252197, 155.910385132, 156.293518066, 156.676635742, 157.059768677, 157.45451355, 157.849243164, 158.243988037, 158.627120972, 159.010253906, 159.393371582, 159.788116455, 160.17124939, 160.554367065, 160.9375, 161.332244873, 161.715377808, 162.098495483, 162.493240356, 162.876373291, 163.259490967, 163.642623901, 164.025756836, 164.408889771, 164.792022705, 165.186752319, 165.581497192, 165.976226807, 166.359359741, 166.742492676, 167.137237549, 167.520355225, 167.903488159, 168.286621094, 168.669754028, 169.064483643, 169.459228516, 169.84236145, 170.225479126, 170.608612061, 170.991744995, 171.386474609, 171.769607544, 172.152740479, 172.547485352, 172.942214966, 173.3253479, 173.708480835, 174.103210449, 174.486343384, 174.869476318, 175.264221191, 175.647338867, 176.04208374, 176.436828613, 176.819946289, 177.203079224, 177.586212158, 177.980941772, 178.364074707, 178.747207642, 179.141952515, 179.52507019, 179.908203125, 180.29133606, 180.674468994, 181.069198608, 181.463943481, 181.847076416, 182.230194092, 182.624938965, 183.019683838, 183.402801514, 183.785934448, 184.180679321, 184.563812256, 184.946929932, 185.318450928, 185.701583862, 186.096328735, 186.479446411, 186.874191284, 187.268936157, 187.652053833, 188.035186768, 188.418319702, 188.801452637, 189.196182251, 189.579315186, 189.96244812, 190.345581055, 190.72869873, 191.123443604, 191.518188477, 191.912918091, 192.296051025, 192.67918396, 193.073913574, 193.457046509, 193.840179443, 194.223312378, 194.606430054, 195.001174927, 195.3959198, 195.779037476, 196.16217041, 196.556915283, 196.940048218, 197.323165894, 197.706298828, 198.089431763, 198.472564697, 198.867294312, 199.262039185, 199.645172119, 200.039901733, 200.423034668, 200.806167603, 201.200897217, 201.59564209, 201.978775024, 202.361907959, 202.733413696, 203.116546631, 203.511291504, 203.894424438, 204.277542114, 204.660675049, 205.055419922, 205.450149536, 205.844894409, 206.228027344, 206.611160278, 207.005889893, 207.400634766, 207.7837677, 208.166885376, 208.550018311, 208.933151245, 209.327880859, 209.711013794, 210.094146729, 210.477279663, 210.860397339, 211.255142212, 211.649887085, 212.044616699, 212.427749634, 212.810882568, 213.194015503, 213.577133179, 213.971878052, 214.355010986, 214.738143921, 215.132873535, 215.51600647, 215.910751343, 216.293869019, 216.688613892, 217.071746826, 217.454864502, 217.849609375, 218.23274231, 218.615875244, 219.010604858, 219.393737793, 219.776870728, 220.159988403, 220.543121338, 220.926254272, 221.320999146, 221.704116821, 222.098861694, 222.493606567, 222.865127563, 223.259857178, 223.642990112, 224.026123047, 224.420852661, 224.815597534, 225.198730469, 225.581848145, 225.964981079, 226.359725952, 226.754455566, 227.137588501, 227.532333374, 227.915466309, 228.298583984, 228.681716919, 229.076461792, 229.459594727, 229.842712402, 230.225845337, 230.62059021, 231.003707886, 231.398452759, 231.781585693, 232.164718628, 232.547836304, 232.930969238, 233.325714111, 233.708831787, 234.10357666, 234.486709595, 234.869842529, 235.264572144, 235.659317017, 236.042449951, 236.425567627, 236.808700562, 237.191833496, 237.574966431, 237.969696045, 238.352828979, 238.735961914, 239.130691528, 239.525436401]
