
metadata:
    version:
        essentia: "2.1-beta2"
    audio_properties:
        analysis_sample_rate: 44100
        bitrate: 320
        channels: 2
        equal_loudness: 1
        length: 252.023986816
        replay_gain: -16.4270191193
        downmix: "mix"
    tags:
        album: "Incomplete Me"
        artist: "For All Those Sleeping"
        comment: ""
        date: "2014"
        genre: "Other"
        title: "Demons"
        tracknumber: "2"

configuration:
    average_loudness:
        compute: 1
        frameSize: 88200
        hopSize: 44100
        silentFrames: "noise"
        windowType: "hann"
    general:
        analysisSampleRate: 44100
        endTime: 2000
        equalLoudness: 1
        nequalLoudness: 0
        shortSound: 0
        startTime: 0
    lowlevel:
        compute: 1
        frameSize: 2048
        hopSize: 1024
        zeroPadding: 0
        silentFrames: "noise"
        windowType: "blackmanharris62"
        mfccStats: ["mean", "cov", "icov"]
        stats: ["mean", "var", "median", "min", "max", "dmean", "dmean2", "dvar", "dvar2"]
    panning:
        compute: 0
        frameSize: 8192
        hopSize: 2048
        zeroPadding: 8192
        silentFrames: "noise"
        windowType: "hann"
        stats: ["copy"]
    rhythm:
        compute: 1
        maxTempo: 208
        minTempo: 40
        method: "degara"
        stats: ["mean", "var", "median", "min", "max", "dmean", "dmean2", "dvar", "dvar2"]
    segmentation:
        compute: 0
        cpw: 5
        inc1: 300
        inc2: 50
        minimumSegmentsLength: 10
        size1: 1000
        size2: 600
    sfx:
        compute: 1
        stats: ["mean", "var", "median", "min", "max", "dmean", "dmean2", "dvar", "dvar2"]
    svm:
        compute: 0
    tonal:
        compute: 1
        frameSize: 4096
        hopSize: 2048
        zeroPadding: 0
        silentFrames: "noise"
        windowType: "blackmanharris62"
        stats: ["mean", "var", "median", "min", "max", "dmean", "dmean2", "dvar", "dvar2"]

lowlevel:
    average_loudness: 0.912387549877
    barkbands_kurtosis:
        dmean: 0.856753945351
        dmean2: 1.42397022247
        dvar: 2.63647317886
        dvar2: 7.15152692795
        max: 67.5488510132
        mean: 0.105418361723
        median: -0.346905678511
        min: -1.86186563969
        var: 5.44538116455
    barkbands_skewness:
        dmean: 0.362112343311
        dmean2: 0.583656847477
        dvar: 0.135685428977
        dvar2: 0.345698446035
        max: 7.61002063751
        mean: -0.572899460793
        median: -0.599361300468
        min: -5.50754499435
        var: 0.575095117092
    barkbands_spread:
        dmean: 4.9302649498
        dmean2: 7.99095010757
        dvar: 25.7154998779
        dvar2: 69.053855896
        max: 79.2634277344
        mean: 24.7967758179
        median: 23.2468338013
        min: 1.23803722858
        var: 88.3376235962
    dissonance:
        dmean: 0.00956150516868
        dmean2: 0.0163752660155
        dvar: 9.6896350442e-005
        dvar2: 0.000260256812908
        max: 0.5
        mean: 0.486021876335
        median: 0.489544212818
        min: 0.326471984386
        var: 0.000171020190464
    hfc:
        dmean: 3.24160885811
        dmean2: 5.44854307175
        dvar: 17.7522163391
        dvar2: 47.2326011658
        max: 46.3463134766
        mean: 10.9210453033
        median: 10.4892015457
        min: 1.26114219356e-016
        var: 46.2323532104
    pitch:
        dmean: 836.399230957
        dmean2: 1587.39038086
        dvar: 1330701.25
        dvar2: 3183406.75
        max: 4443.48486328
        mean: 1358.96020508
        median: 627.851623535
        min: 56.9625892639
        var: 1795720.75
    pitch_instantaneous_confidence:
        dmean: 0.078545562923
        dmean2: 0.130527734756
        dvar: 0.00438616191968
        dvar2: 0.0113640259951
        max: 0.943699598312
        mean: 0.351485103369
        median: 0.322700500488
        min: 0.12969648838
        var: 0.0168976057321
    pitch_salience:
        dmean: 0.0486999638379
        dmean2: 0.0815086588264
        dvar: 0.00196567829698
        dvar2: 0.00533196050674
        max: 0.879280507565
        mean: 0.706198215485
        median: 0.720580160618
        min: 0.125055193901
        var: 0.00552235078067
    silence_rate_20dB:
        dmean: 0
        dmean2: 0
        dvar: 0
        dvar2: 0
        max: 1
        mean: 1
        median: 1
        min: 1
        var: 0
    silence_rate_30dB:
        dmean: 0
        dmean2: 0
        dvar: 0
        dvar2: 0
        max: 1
        mean: 1
        median: 1
        min: 1
        var: 0
    silence_rate_60dB:
        dmean: 0.0449603833258
        dmean2: 0.0899290516973
        dvar: 0.042934063822
        dvar2: 0.0954936519265
        max: 1
        mean: 0.223767846823
        median: 0
        min: 0
        var: 0.173689499497
    spectral_centroid:
        dmean: 232.842437744
        dmean2: 382.307220459
        dvar: 64125.7890625
        dvar2: 152055.53125
        max: 11634.0839844
        mean: 1976.71398926
        median: 1994.5
        min: 85.3441314697
        var: 217050.59375
    spectral_complexity:
        dmean: 4.12990617752
        dmean2: 6.64940547943
        dvar: 16.1872615814
        dvar2: 40.4956474304
        max: 49
        mean: 20.7339477539
        median: 22
        min: 0
        var: 105.293815613
    spectral_crest:
        dmean: 1.71202397346
        dmean2: 2.88757133484
        dvar: 2.76196908951
        dvar2: 7.39971733093
        max: 23.4518661499
        mean: 6.16182327271
        median: 5.49492931366
        min: 2.42492127419
        var: 6.31900119781
    spectral_decrease:
        dmean: 2.47670439713e-010
        dmean2: 4.01581795595e-010
        dvar: 8.33661766523e-020
        dvar2: 2.11647019795e-019
        max: 9.05160893252e-029
        mean: -1.13229903231e-009
        median: -1.17732679161e-009
        min: -3.29543792255e-009
        var: 3.50986149742e-019
    spectral_energy:
        dmean: 0.0012085653143
        dmean2: 0.00197671516798
        dvar: 2.11016117646e-006
        dvar2: 5.42633597433e-006
        max: 0.0166414808482
        mean: 0.00526412483305
        median: 0.00539560941979
        min: 1.10972959627e-020
        var: 7.96347740106e-006
    spectral_energyband_high:
        dmean: 0.000155699890456
        dmean2: 0.000273826590274
        dvar: 6.57629257717e-008
        dvar2: 1.85619612125e-007
        max: 0.00283101247624
        mean: 0.000301543943351
        median: 0.000246967654675
        min: 8.70418974914e-021
        var: 7.05465836859e-008
    spectral_energyband_low:
        dmean: 0.000106638552097
        dmean2: 0.00017180130817
        dvar: 1.34977433675e-008
        dvar2: 3.52858577912e-008
        max: 0.00143043510616
        mean: 0.000219928959268
        median: 0.000192320221686
        min: 5.83250431836e-023
        var: 2.81810041969e-008
    spectral_energyband_middle_high:
        dmean: 0.00101691903546
        dmean2: 0.00166892667767
        dvar: 1.3615771195e-006
        dvar2: 3.49078686668e-006
        max: 0.0155725684017
        mean: 0.00395008409396
        median: 0.00390735641122
        min: 1.29332768486e-021
        var: 5.97151392867e-006
    spectral_energyband_middle_low:
        dmean: 0.000346236454789
        dmean2: 0.000562313769478
        dvar: 2.11546719697e-007
        dvar2: 5.50874915461e-007
        max: 0.00491714384407
        mean: 0.000847723160405
        median: 0.000720637559425
        min: 1.9132874623e-022
        var: 4.08771938964e-007
    spectral_flatness_db:
        dmean: 0.0124548878521
        dmean2: 0.0198319554329
        dvar: 0.000128648127429
        dvar2: 0.000313070311677
        max: 0.424095571041
        mean: 0.137005731463
        median: 0.132831469178
        min: 0.0617025494576
        var: 0.000962490739767
    spectral_flux:
        dmean: 0.00680113350973
        dmean2: 0.0105108292773
        dvar: 5.34500468348e-005
        dvar2: 0.000104522368929
        max: 0.111019216478
        mean: 0.0440311655402
        median: 0.0457991547883
        min: 1.05343705981e-010
        var: 0.000282664550468
    spectral_kurtosis:
        dmean: 1.17894673347
        dmean2: 1.9623708725
        dvar: 1.52926397324
        dvar2: 4.43696117401
        max: 36.8686599731
        mean: 4.66841554642
        median: 4.49538850784
        min: -1.17236089706
        var: 4.81853103638
    spectral_rms:
        dmean: 0.000249136297498
        dmean2: 0.000399960495997
        dvar: 7.36316110306e-008
        dvar2: 1.83818755772e-007
        max: 0.0040293415077
        mean: 0.00214493088424
        median: 0.00229434296489
        min: 3.29038445795e-012
        var: 5.34991045242e-007
    spectral_rolloff:
        dmean: 257.480010986
        dmean2: 422.097259521
        dvar: 112841.773438
        dvar2: 257022.328125
        max: 18690.8203125
        mean: 3258.9777832
        median: 3294.58007813
        min: 64.599609375
        var: 323780
    spectral_skewness:
        dmean: 0.167223036289
        dmean2: 0.274292737246
        dvar: 0.0260042715818
        dvar2: 0.0693766027689
        max: 3.42776107788
        mean: 1.57394492626
        median: 1.58765292168
        min: -0.0682618170977
        var: 0.100720018148
    spectral_spread:
        dmean: 453820.21875
        dmean2: 662656.6875
        dvar: 437182595072
        dvar2: 733252485120
        max: 40113272
        mean: 4259648.5
        median: 3980768
        min: 931845.75
        var: 1.88547517645e+012
    spectral_strongpeak:
        dmean: 0.619605302811
        dmean2: 1.05276024342
        dvar: 0.523152709007
        dvar2: 1.38334941864
        max: 11.7830839157
        mean: 1.02177882195
        median: 0.706602990627
        min: 1.69126401772e-009
        var: 1.23630750179
    zerocrossingrate:
        dmean: 0.0064328154549
        dmean2: 0.00792925059795
        dvar: 5.15298306709e-005
        dvar2: 6.67448985041e-005
        max: 0.50439453125
        mean: 0.104005031288
        median: 0.1044921875
        min: 0.0087890625
        var: 0.000369645829778
    barkbands:
        dmean: [1.7002732875e-006, 7.20682510291e-005, 4.57092719444e-005, 5.8638444898e-005, 0.000105796461867, 8.95233461051e-005, 8.43736779643e-005, 7.68675890868e-005, 0.000120387150673, 0.000125441627461, 0.00013847280934, 0.000175599896465, 0.000116851100756, 9.97709576041e-005, 0.000154980545631, 0.000229173063417, 0.000236535197473, 0.00038488037535, 0.000330776732881, 0.000161073869094, 6.95113412803e-005, 1.77957281267e-005, 3.56522150469e-006, 2.86927183879e-006, 2.43291174229e-006, 5.02299819516e-008, 2.57521753921e-010]
        dmean2: [2.5128224479e-006, 0.000118783464131, 7.46950972825e-005, 0.00010258248949, 0.000189623504411, 0.000144996127347, 0.000137429335155, 0.000125995793496, 0.000190553299035, 0.00020150297496, 0.000226214528084, 0.000284266716335, 0.000191517756321, 0.000163977325428, 0.000253772275755, 0.000376863201382, 0.000395308510633, 0.00064932735404, 0.000567506649531, 0.000275636470178, 0.000123438352603, 3.13523778459e-005, 5.97458711127e-006, 4.55451527159e-006, 3.77122569262e-006, 7.68510943772e-008, 4.59437377032e-010]
        dvar: [5.33208286552e-012, 6.84476164636e-009, 3.84985776591e-009, 2.10539496948e-008, 6.48066560416e-008, 2.03552019684e-008, 3.7447470902e-008, 1.86206783326e-008, 3.34869021401e-008, 4.34281162143e-008, 5.16553484431e-008, 8.12892224644e-008, 3.30491047862e-008, 3.00146929533e-008, 7.16296355563e-008, 1.44471187014e-007, 1.30700712475e-007, 2.86559213691e-007, 1.96137676767e-007, 4.36917417801e-008, 1.74475029979e-008, 1.20309828766e-009, 3.93025230416e-011, 3.4842247143e-011, 3.49054084248e-011, 1.61414579484e-014, 1.18504143452e-019]
        dvar2: [1.17344814421e-011, 1.83083432859e-008, 1.02888835229e-008, 5.83837973522e-008, 1.86210556308e-007, 5.08385973319e-008, 9.29335257638e-008, 4.75395367516e-008, 7.81787719006e-008, 1.0006753115e-007, 1.29006878069e-007, 2.1050145449e-007, 8.50491019833e-008, 7.5291865187e-008, 1.83054083891e-007, 3.75227017457e-007, 3.31772497475e-007, 7.44292549371e-007, 5.26721464666e-007, 1.18209641187e-007, 4.9474383701e-008, 3.37431327324e-009, 9.93325144361e-011, 7.93076299077e-011, 7.78405950808e-011, 3.41397171492e-014, 3.52572165169e-019]
        max: [2.40360768657e-005, 0.000616569654085, 0.00110191688873, 0.00152845552657, 0.00242626131512, 0.00253354245797, 0.00370794860646, 0.00211360165849, 0.0043909153901, 0.00533533841372, 0.00481818802655, 0.00407629460096, 0.00324986921623, 0.00357110681944, 0.00697931228206, 0.00749725103378, 0.00838813558221, 0.0100625539199, 0.0078103384003, 0.00376458349638, 0.00142108520959, 0.0010311427759, 0.000146258549648, 0.000104880724393, 0.000117631840112, 2.49713593803e-006, 7.18769133101e-009]
        mean: [2.15793238567e-006, 0.000123952369904, 7.19330782886e-005, 5.72260978515e-005, 0.000114489004773, 0.000152970897034, 0.000124471262097, 0.000117140341899, 0.000230465899222, 0.000226629606914, 0.000231802929193, 0.000326662324369, 0.000218993489398, 0.000189000958926, 0.000306274276227, 0.000446632475359, 0.000481482798932, 0.000719153089449, 0.00063901784597, 0.000327910005581, 0.000110612621938, 2.93497632811e-005, 6.60046543999e-006, 5.0514781833e-006, 4.0564423216e-006, 8.88539162247e-008, 3.09237802032e-010]
        median: [7.45699708204e-007, 9.90644039121e-005, 4.66212113679e-005, 1.97354675038e-005, 5.34443788638e-005, 8.77275597304e-005, 6.04184533586e-005, 6.28418347333e-005, 0.000131292268634, 0.000128514875541, 0.000119269898278, 0.000158682174515, 0.000101256067865, 9.93573485175e-005, 0.000146651625982, 0.000250579643762, 0.000349993235432, 0.000526882358827, 0.000523689610418, 0.000277557963273, 8.16002284409e-005, 2.01464172278e-005, 4.68244161311e-006, 2.71739236268e-006, 1.52422092015e-006, 3.97378343564e-008, 1.7905728289e-010]
        min: [1.26719318376e-023, 2.11505504712e-023, 2.21833524119e-023, 2.23316440626e-023, 4.65546136998e-023, 5.33921129275e-023, 1.09170807772e-023, 2.03781452045e-023, 2.04450611196e-023, 3.46094925464e-023, 8.01496058786e-023, 3.15009104187e-023, 6.2079541465e-023, 9.07812231377e-023, 7.42463767091e-023, 1.91184163804e-022, 1.42100026591e-022, 1.94268067207e-022, 2.18928313488e-022, 5.50949139987e-022, 5.34789785039e-022, 4.85625751993e-022, 5.83448997592e-022, 1.04675738233e-021, 1.30853439875e-021, 1.72841246918e-021, 2.95069400301e-021]
        var: [9.4048284785e-012, 1.09397237935e-008, 6.95455604216e-009, 1.63388200747e-008, 4.58576145945e-008, 4.1669984796e-008, 4.9366928323e-008, 2.86792154469e-008, 9.5286416979e-008, 1.20671998616e-007, 1.0685867835e-007, 1.91586025267e-007, 8.75120278465e-008, 6.84871963585e-008, 2.06815968795e-007, 3.08305772023e-007, 3.21447060969e-007, 5.9043446754e-007, 3.15263150696e-007, 6.86796113314e-008, 1.49218681855e-008, 1.53745305376e-009, 6.21587711858e-011, 5.78997266798e-011, 6.04694974649e-011, 3.25742647374e-014, 1.40364937304e-019]
    frequency_bands:
        dmean: [1.7002732875e-006, 7.20682510291e-005, 4.57092719444e-005, 5.8638444898e-005, 0.000105796461867, 8.95233461051e-005, 8.43736779643e-005, 7.68675890868e-005, 0.000120387150673, 0.000125441627461, 0.00013847280934, 0.000175599896465, 0.000116851100756, 9.97709576041e-005, 0.000154980545631, 0.000229173063417, 0.000236535197473, 0.00038488037535, 0.000330776732881, 0.000161073869094, 6.95113412803e-005, 1.77957281267e-005, 3.56522150469e-006, 2.86927183879e-006, 2.43291174229e-006, 5.02299819516e-008, 2.57521753921e-010, 6.15550457828e-011]
        dmean2: [2.5128224479e-006, 0.000118783464131, 7.46950972825e-005, 0.00010258248949, 0.000189623504411, 0.000144996127347, 0.000137429335155, 0.000125995793496, 0.000190553299035, 0.00020150297496, 0.000226214528084, 0.000284266716335, 0.000191517756321, 0.000163977325428, 0.000253772275755, 0.000376863201382, 0.000395308510633, 0.00064932735404, 0.000567506649531, 0.000275636470178, 0.000123438352603, 3.13523778459e-005, 5.97458711127e-006, 4.55451527159e-006, 3.77122569262e-006, 7.68510943772e-008, 4.59437377032e-010, 1.14098383519e-010]
        dvar: [5.33208286552e-012, 6.84476164636e-009, 3.84985776591e-009, 2.10539496948e-008, 6.48066560416e-008, 2.03552019684e-008, 3.7447470902e-008, 1.86206783326e-008, 3.34869021401e-008, 4.34281162143e-008, 5.16553484431e-008, 8.12892224644e-008, 3.30491047862e-008, 3.00146929533e-008, 7.16296355563e-008, 1.44471187014e-007, 1.30700712475e-007, 2.86559213691e-007, 1.96137676767e-007, 4.36917417801e-008, 1.74475029979e-008, 1.20309828766e-009, 3.93025230416e-011, 3.4842247143e-011, 3.49054084248e-011, 1.61414579484e-014, 1.18504143452e-019, 7.50038023276e-021]
        dvar2: [1.17344814421e-011, 1.83083432859e-008, 1.02888835229e-008, 5.83837973522e-008, 1.86210556308e-007, 5.08385973319e-008, 9.29335257638e-008, 4.75395367516e-008, 7.81787719006e-008, 1.0006753115e-007, 1.29006878069e-007, 2.1050145449e-007, 8.50491019833e-008, 7.5291865187e-008, 1.83054083891e-007, 3.75227017457e-007, 3.31772497475e-007, 7.44292549371e-007, 5.26721464666e-007, 1.18209641187e-007, 4.9474383701e-008, 3.37431327324e-009, 9.93325144361e-011, 7.93076299077e-011, 7.78405950808e-011, 3.41397171492e-014, 3.52572165169e-019, 2.37205640565e-020]
        max: [2.40360768657e-005, 0.000616569654085, 0.00110191688873, 0.00152845552657, 0.00242626131512, 0.00253354245797, 0.00370794860646, 0.00211360165849, 0.0043909153901, 0.00533533841372, 0.00481818802655, 0.00407629460096, 0.00324986921623, 0.00357110681944, 0.00697931228206, 0.00749725103378, 0.00838813558221, 0.0100625539199, 0.0078103384003, 0.00376458349638, 0.00142108520959, 0.0010311427759, 0.000146258549648, 0.000104880724393, 0.000117631840112, 2.49713593803e-006, 7.18769133101e-009, 1.02301012106e-009]
        mean: [2.15793238567e-006, 0.000123952369904, 7.19330782886e-005, 5.72260978515e-005, 0.000114489004773, 0.000152970897034, 0.000124471262097, 0.000117140341899, 0.000230465899222, 0.000226629606914, 0.000231802929193, 0.000326662324369, 0.000218993489398, 0.000189000958926, 0.000306274276227, 0.000446632475359, 0.000481482798932, 0.000719153089449, 0.00063901784597, 0.000327910005581, 0.000110612621938, 2.93497632811e-005, 6.60046543999e-006, 5.0514781833e-006, 4.0564423216e-006, 8.88539162247e-008, 3.09237802032e-010, 4.77572009716e-011]
        median: [7.45699708204e-007, 9.90644039121e-005, 4.66212113679e-005, 1.97354675038e-005, 5.34443788638e-005, 8.77275597304e-005, 6.04184533586e-005, 6.28418347333e-005, 0.000131292268634, 0.000128514875541, 0.000119269898278, 0.000158682174515, 0.000101256067865, 9.93573485175e-005, 0.000146651625982, 0.000250579643762, 0.000349993235432, 0.000526882358827, 0.000523689610418, 0.000277557963273, 8.16002284409e-005, 2.01464172278e-005, 4.68244161311e-006, 2.71739236268e-006, 1.52422092015e-006, 3.97378343564e-008, 1.7905728289e-010, 1.69699167912e-011]
        min: [1.26719318376e-023, 2.11505504712e-023, 2.21833524119e-023, 2.23316440626e-023, 4.65546136998e-023, 5.33921129275e-023, 1.09170807772e-023, 2.03781452045e-023, 2.04450611196e-023, 3.46094925464e-023, 8.01496058786e-023, 3.15009104187e-023, 6.2079541465e-023, 9.07812231377e-023, 7.42463767091e-023, 1.91184163804e-022, 1.42100026591e-022, 1.94268067207e-022, 2.18928313488e-022, 5.50949139987e-022, 5.34789785039e-022, 4.85625751993e-022, 5.83448997592e-022, 1.04675738233e-021, 1.30853439875e-021, 1.72841246918e-021, 2.95069400301e-021, 5.58220796703e-022]
        var: [9.4048284785e-012, 1.09397237935e-008, 6.95455604216e-009, 1.63388200747e-008, 4.58576145945e-008, 4.1669984796e-008, 4.9366928323e-008, 2.86792154469e-008, 9.5286416979e-008, 1.20671998616e-007, 1.0685867835e-007, 1.91586025267e-007, 8.75120278465e-008, 6.84871963585e-008, 2.06815968795e-007, 3.08305772023e-007, 3.21447060969e-007, 5.9043446754e-007, 3.15263150696e-007, 6.86796113314e-008, 1.49218681855e-008, 1.53745305376e-009, 6.21587711858e-011, 5.78997266798e-011, 6.04694974649e-011, 3.25742647374e-014, 1.40364937304e-019, 6.04400840312e-021]
    mfcc:
        mean: [-699.112304688, 96.7150497437, -67.6088867188, 37.5123748779, -8.30736446381, -9.33968067169, 9.98348903656, 4.28349208832, 2.18550157547, -2.31967544556, 0.245502799749, -0.104579374194, 1.97957289219]
        cov: [[5071.37597656, 154.420654297, -724.093688965, 76.8063812256, -125.408607483, -22.8181552887, -11.0209579468, -4.14743804932, 68.4423599243, 77.5628890991, 79.9080200195, 55.7394866943, 95.3378677368], [154.420654297, 492.168151855, -122.514465332, 22.2130889893, -34.0842132568, -0.692790865898, 3.39141464233, -1.37365019321, 6.23020458221, 4.02057218552, 19.2414264679, 10.1711416245, 1.5775295496], [-724.093688965, -122.514465332, 622.15435791, 91.5551605225, 103.817199707, 23.8574390411, 6.64213562012, 1.894328475, 0.33172762394, -12.8969707489, -17.6960849762, -2.70502352715, -24.3250217438], [76.8063812256, 22.2130889893, 91.5551605225, 266.851989746, 36.1138725281, 15.0421867371, -26.2271194458, 6.96528577805, -1.71841800213, -4.56715250015, -15.5444879532, -6.38209867477, -4.85428333282], [-125.408607483, -34.0842132568, 103.817199707, 36.1138725281, 174.630065918, 27.3731536865, -0.706611692905, -1.37184405327, 16.4282283783, 12.3447284698, 3.96435070038, -0.219361022115, 8.51767063141], [-22.8181552887, -0.692790865898, 23.8574390411, 15.0421867371, 27.3731536865, 152.154586792, 57.0451965332, 21.0694446564, -4.66077375412, 9.15158081055, 5.12631559372, 4.72460889816, 4.00684928894], [-11.0209579468, 3.39141464233, 6.64213562012, -26.2271194458, -0.706611692905, 57.0451965332, 132.120895386, 45.9101715088, 5.04462099075, -0.627571046352, 14.8596830368, 7.13799190521, 4.35385084152], [-4.14743804932, -1.37365019321, 1.894328475, 6.96528577805, -1.37184405327, 21.0694446564, 45.9101715088, 93.7888183594, 26.1772994995, 14.4198007584, 3.53922557831, 7.22701835632, 6.43692827225], [68.4423599243, 6.23020458221, 0.33172762394, -1.71841800213, 16.4282283783, -4.66077375412, 5.04462099075, 26.1772994995, 81.3827285767, 40.285282135, 10.6403398514, -2.65375566483, 10.6816492081], [77.5628890991, 4.02057218552, -12.8969707489, -4.56715250015, 12.3447284698, 9.15158081055, -0.627571046352, 14.4198007584, 40.285282135, 82.9527282715, 30.5748577118, 5.34208059311, 4.9980225563], [79.9080200195, 19.2414264679, -17.6960849762, -15.5444879532, 3.96435070038, 5.12631559372, 14.8596830368, 3.53922557831, 10.6403398514, 30.5748577118, 69.114982605, 28.4991474152, 10.5610342026], [55.7394866943, 10.1711416245, -2.70502352715, -6.38209867477, -0.219361022115, 4.72460889816, 7.13799190521, 7.22701835632, -2.65375566483, 5.34208059311, 28.4991474152, 61.2215309143, 30.2487125397], [95.3378677368, 1.5775295496, -24.3250217438, -4.85428333282, 8.51767063141, 4.00684928894, 4.35385084152, 6.43692827225, 10.6816492081, 4.9980225563, 10.5610342026, 30.2487125397, 69.4510498047]]
        icov: [[0.000256634753896, 2.4510674848e-005, 0.000308494578348, -0.000219845329411, 8.72435339261e-005, 8.33061039884e-006, -5.69989570067e-005, 0.000144718869706, -0.000209394100239, -7.48497695895e-005, -0.000137343027745, -0.000110034961835, -0.000174783926923], [2.4510674848e-005, 0.00221880944446, 0.000486403092509, -0.000448354985565, 0.000286084075924, -6.10860952293e-005, -0.000136684044264, 0.000252612313488, -0.000445702113211, 0.0002711530542, -0.000570941308979, -0.000347724009771, 0.000295875681331], [0.000308494578348, 0.000486403092509, 0.00239362521097, -0.000856751925312, -0.000946656684391, -9.73412170424e-006, -0.000374971481506, 0.000316450867103, -0.000524457602296, 0.000259922788246, 0.000270011980319, -0.000952651840635, 0.000890602939762], [-0.000219845329411, -0.000448354985565, -0.000856751925312, 0.00450060842559, -0.000647060922347, -0.000665011932142, 0.00150070316158, -0.00115893466864, 0.000497175438795, 0.000209468707908, 0.000661397352815, 0.000358117977157, 0.000109437700303], [8.72435339261e-005, 0.000286084075924, -0.000946656684391, -0.000647060922347, 0.00698560522869, -0.00126243405975, 0.000366441352526, 0.000788907054812, -0.00140660768375, -0.000328092515701, -0.000724316865671, 0.000720636569895, -0.00134681537747], [8.33061039884e-006, -6.10860952293e-005, -9.73412170424e-006, -0.000665011932142, -0.00126243405975, 0.00852991919965, -0.00391208520159, -0.000196624576347, 0.00195750710554, -0.0020379354246, 0.000897655554581, -0.000249771954259, -0.000315880868584], [-5.69989570067e-005, -0.000136684044264, -0.000374971481506, 0.00150070316158, 0.000366441352526, -0.00391208520159, 0.0117466058582, -0.0053207972087, -3.42684288626e-005, 0.002623104956, -0.00323805818334, 0.00115228921641, -0.000200549256988], [0.000144718869706, 0.000252612313488, 0.000316450867103, -0.00115893466864, 0.000788907054812, -0.000196624576347, -0.0053207972087, 0.015005165711, -0.00458723166957, -0.00137764425017, 0.00232054502703, -0.00273292441852, 0.000324947468471], [-0.000209394100239, -0.000445702113211, -0.000524457602296, 0.000497175438795, -0.00140660768375, 0.00195750710554, -3.42684288626e-005, -0.00458723166957, 0.0191085934639, -0.00846940744668, 0.000279618077911, 0.00379438116215, -0.00338904093951], [-7.48497695895e-005, 0.0002711530542, 0.000259922788246, 0.000209468707908, -0.000328092515701, -0.0020379354246, 0.002623104956, -0.00137764425017, -0.00846940744668, 0.0197462514043, -0.0083583118394, 0.00145362026524, 0.000842787791044], [-0.000137343027745, -0.000570941308979, 0.000270011980319, 0.000661397352815, -0.000724316865671, 0.000897655554581, -0.00323805818334, 0.00232054502703, 0.000279618077911, -0.0083583118394, 0.023358406499, -0.0108332531527, 0.00209209462628], [-0.000110034961835, -0.000347724009771, -0.000952651840635, 0.000358117977157, 0.000720636569895, -0.000249771954259, 0.00115228921641, -0.00273292441852, 0.00379438116215, 0.00145362026524, -0.0108332531527, 0.0271725617349, -0.0109181720763], [-0.000174783926923, 0.000295875681331, 0.000890602939762, 0.000109437700303, -0.00134681537747, -0.000315880868584, -0.000200549256988, 0.000324947468471, -0.00338904093951, 0.000842787791044, 0.00209209462628, -0.0109181720763, 0.0200150348246]]
    sccoeffs:
        dmean: [0.0529285483062, 0.0460082665086, 0.0368488356471, 0.0304098892957, 0.0207353513688, 0.0181364230812]
        dmean2: [0.086693584919, 0.0769453048706, 0.0613171122968, 0.0504473634064, 0.0346429049969, 0.0290154013783]
        dvar: [0.00178638240322, 0.00128858501557, 0.000838761683553, 0.000581317348406, 0.000268662028247, 0.000274226476904]
        dvar2: [0.00479586655274, 0.00354636297561, 0.00221551652066, 0.00156969751697, 0.000724180892576, 0.000660603109282]
        max: [-0.468148976564, -0.510077238083, -0.550230801105, -0.606566309929, -0.517055988312, -0.59488928318]
        mean: [-0.719774544239, -0.775784194469, -0.782998085022, -0.787150323391, -0.783691167831, -0.779724001884]
        median: [-0.721205592155, -0.780279695988, -0.785667002201, -0.789434254169, -0.784860610962, -0.780052185059]
        min: [-0.976959884167, -0.948324918747, -0.968487799168, -0.950678408146, -0.958636760712, -0.959747552872]
        var: [0.00403977045789, 0.00340332952328, 0.00303733651526, 0.00210506119765, 0.00141362927388, 0.00117684598081]
    scvalleys:
        dmean: [0.367148667574, 0.338168412447, 0.264240115881, 0.225788488984, 0.221541553736, 0.256031066179]
        dmean2: [0.621262609959, 0.56311070919, 0.436808139086, 0.367161482573, 0.364680200815, 0.393198639154]
        dvar: [0.0881942585111, 0.0827814042568, 0.0573287084699, 0.047796562314, 0.0648748204112, 0.0978719368577]
        dvar2: [0.23531588912, 0.205298110843, 0.134108111262, 0.104893736541, 0.14590741694, 0.20226983726]
        max: [-5.5224146843, -5.11027908325, -5.03507947922, -5.24236631393, -5.49374771118, -7.74785232544]
        mean: [-7.0606508255, -6.6759262085, -6.50963497162, -6.78433990479, -6.75218486786, -9.5005531311]
        median: [-6.87615585327, -6.52419090271, -6.33562755585, -6.64517450333, -6.55190563202, -9.33242988586]
        min: [-26.8210735321, -27.5769577026, -27.1102771759, -27.7182807922, -27.3327312469, -27.2823467255]
        var: [0.926605701447, 0.717231094837, 0.718050003052, 0.784241318703, 0.717191934586, 1.1226747036]

rhythm:
    beats_loudness:
        dmean: 0.0015359017998
        dmean2: 0.00269310967997
        dvar: 2.28163094107e-006
        dvar2: 6.04535944149e-006
        max: 0.013507405296
        mean: 0.00550360046327
        median: 0.00566825829446
        min: 4.8960462351e-008
        var: 6.47924161967e-006
    bpm: 163.89956665
    bpm_confidence: 0
    first_peak_bpm: 161
    first_peak_spread: 0.166666656733
    first_peak_weight: 0.335877865553
    onset_rate: 2.83703160286
    second_peak_bpm: 167
    second_peak_spread: 0
    second_peak_weight: 0.28702288866
    beats_loudness_band_ratio:
        dmean: [0.0668777525425, 0.0530668087304, 0.0683855339885, 0.113836027682, 0.126511439681, 0.084125906229]
        dmean2: [0.116404481232, 0.0966387167573, 0.117717303336, 0.200556129217, 0.216266945004, 0.147095054388]
        dvar: [0.00724979210645, 0.00763584114611, 0.00421291217208, 0.0112736737356, 0.0113785965368, 0.00708799436688]
        dvar2: [0.0204476676881, 0.0230828616768, 0.0112783415243, 0.0312868915498, 0.0331399254501, 0.0204917322844]
        max: [0.816861152649, 0.824852883816, 0.476655811071, 0.788906693459, 0.922508239746, 0.638927817345]
        mean: [0.110993608832, 0.0680674985051, 0.110043548048, 0.186579868197, 0.356351643801, 0.198636889458]
        median: [0.0889817178249, 0.0434687919915, 0.0880358815193, 0.156185984612, 0.336902916431, 0.190653860569]
        min: [5.54778453079e-005, 0.00147624232341, 0.00339072127827, 0.00304708210751, 0.0125165423378, 0.0151627566665]
        var: [0.0129932370037, 0.00783614907414, 0.0062813796103, 0.0159997195005, 0.0227283444256, 0.00764673668891]
    beats_position: [0.383129239082, 0.777868449688, 1.17260766029, 1.5673469305, 1.9620860815, 2.33360528946, 2.70512461662, 3.06503391266, 3.43655323982, 3.80807256699, 4.17959165573, 4.53950119019, 4.91102027893, 5.28253936768, 5.64244890213, 6.00235795975, 6.37387752533, 6.73378658295, 7.10530614853, 7.47682523727, 7.84834432602, 8.20825386047, 8.56816291809, 8.91646194458, 9.29959201813, 9.65950107574, 10.0310201645, 10.4025392532, 10.774058342, 11.1455783844, 11.5170974731, 11.8770065308, 12.2369155884, 12.5968255997, 12.9567346573, 13.328253746, 13.6997728348, 14.0712919235, 14.4428119659, 14.8027210236, 15.1742401123, 15.5341491699, 15.9056682587, 16.2771873474, 16.637096405, 16.9853973389, 17.3453063965, 17.7168254852, 18.088344574, 18.4598636627, 18.8197727203, 19.179681778, 19.5512008667, 19.9227199554, 20.2826309204, 20.642539978, 21.0140590668, 21.3739681244, 21.7454872131, 22.1170063019, 22.4769153595, 22.8484344482, 23.219953537, 23.5682544708, 23.9397735596, 24.3112926483, 24.6828117371, 25.0427207947, 25.4026298523, 25.774148941, 26.1456680298, 26.5055770874, 26.865486145, 27.2370071411, 27.6085262299, 27.9800453186, 28.3399543762, 28.6998634338, 29.0713825226, 29.4312915802, 29.7912006378, 30.1627197266, 30.5226306915, 30.8825397491, 31.2540588379, 31.6255779266, 31.9970970154, 32.357006073, 32.7169151306, 33.0884361267, 33.4483451843, 33.8198623657, 34.1913833618, 34.5629005432, 34.9228096008, 35.2827186584, 35.6542396545, 36.0141487122, 36.3740577698, 36.7339668274, 37.1054878235, 37.4770050049, 37.848526001, 38.2200431824, 38.57995224, 38.9398651123, 39.3113822937, 39.6829032898, 40.0544204712, 40.4143295288, 40.7858505249, 41.1457595825, 41.5056686401, 41.8655776978, 42.2370948792, 42.6086158752, 42.9685249329, 43.3284339905, 43.6999549866, 44.071472168, 44.4313812256, 44.7912902832, 45.1628112793, 45.5343284607, 45.9058494568, 46.2657585144, 46.625667572, 46.9971885681, 47.3687057495, 47.7286148071, 48.0885238647, 48.4600448608, 48.8199539185, 49.1914749146, 49.5513839722, 49.9229011536, 50.2944221497, 50.6543312073, 51.0258483887, 51.3857574463, 51.7572784424, 52.1287956238, 52.5003166199, 52.8602256775, 53.2201347351, 53.5800437927, 53.9399528503, 54.3114738464, 54.6829910278, 55.0429000854, 55.4028091431, 55.7743301392, 56.1458511353, 56.5057601929, 56.8656692505, 57.2371864319, 57.5970954895, 57.9686164856, 58.3285255432, 58.7000427246, 59.0599517822, 59.4198646545, 59.7913818359, 60.1512908936, 60.5111999512, 60.8827209473, 61.2426300049, 61.6025390625, 61.9740562439, 62.34557724, 62.7054862976, 63.0653953552, 63.4253044128, 63.7968254089, 64.1567306519, 64.5282516479, 64.899772644, 65.2712936401, 65.6428070068, 66.0143280029, 66.385848999, 66.7457580566, 67.1056671143, 67.4771881104, 67.8487091064, 68.2086181641, 68.5685272217, 68.9400405884, 69.299949646, 69.659866333, 70.0313796997, 70.4029006958, 70.7744216919, 71.145942688, 71.5058517456, 71.8657608032, 72.2372741699, 72.608795166, 72.9687042236, 73.3286132813, 73.6885223389, 74.060043335, 74.4431762695, 74.8146896362, 75.1862106323, 75.5577316284, 76.0105209351, 76.4749221802, 76.9509277344, 77.4153289795, 77.8913345337, 78.3673477173, 78.8433532715, 79.3193664551, 79.7953720093, 80.2713851929, 80.7473907471, 81.2233963013, 81.6877975464, 82.16381073, 82.6398162842, 83.1158294678, 83.591835022, 84.0794525146, 84.5554656982, 85.0314712524, 85.507484436, 85.9951019287, 86.4711074829, 86.935508728, 87.4115142822, 87.8875274658, 88.3519287109, 88.8279342651, 89.3039474487, 89.7799530029, 90.2559585571, 90.7319717407, 91.2195892334, 91.695602417, 92.1716079712, 92.6476211548, 93.1352386475, 93.6112442017, 94.0756454468, 94.551651001, 95.0276641846, 95.5036697388, 95.9796829224, 96.4556884766, 96.9200897217, 97.3960952759, 97.8837203979, 98.3597259521, 98.8357315063, 99.3117446899, 99.7877502441, 100.263763428, 100.75138092, 101.227394104, 101.703399658, 102.179405212, 102.655418396, 103.143035889, 103.64226532, 104.037002563, 104.40852356, 104.791656494, 105.151565552, 105.511474609, 105.894599915, 106.289337158, 106.672470093, 107.055595398, 107.438728333, 107.810249329, 108.181770325, 108.553283691, 108.913192749, 109.273101807, 109.644622803, 110.00453186, 110.364440918, 110.735961914, 111.10748291, 111.479003906, 111.838912964, 112.198822021, 112.558731079, 112.918640137, 113.290153503, 113.6616745, 114.033195496, 114.404716492, 114.764625549, 115.124534607, 115.496055603, 115.86756897, 116.227478027, 116.587387085, 116.958908081, 117.330429077, 117.701950073, 118.061859131, 118.421768188, 118.781677246, 119.141586304, 119.5131073, 119.884620667, 120.256141663, 120.627662659, 120.987571716, 121.347480774, 121.71900177, 122.078910828, 122.438819885, 122.810340881, 123.181854248, 123.553375244, 123.913284302, 124.273193359, 124.644714355, 125.016235352, 125.387756348, 125.747665405, 126.107574463, 126.467483521, 126.838996887, 127.210517883, 127.570426941, 127.930335999, 128.290252686, 128.661773682, 129.021682739, 129.381591797, 129.753097534, 130.12461853, 130.496139526, 130.867660522, 131.22756958, 131.587478638, 131.958999634, 132.33052063, 132.702041626, 133.061950684, 133.43347168, 133.793380737, 134.153289795, 134.513198853, 134.884719849, 135.256240845, 135.616149902, 135.97605896, 136.347564697, 136.719085693, 137.090606689, 137.450515747, 137.810424805, 138.181945801, 138.553466797, 138.924987793, 139.284896851, 139.644805908, 140.016326904, 140.376235962, 140.73614502, 141.107666016, 141.479187012, 141.839096069, 142.199005127, 142.570526123, 142.94203186, 143.301940918, 143.673461914, 144.033370972, 144.404891968, 144.776412964, 145.14793396, 145.507843018, 145.867752075, 146.227661133, 146.58757019, 146.959091187, 147.330612183, 147.69052124, 148.050430298, 148.421951294, 148.79347229, 149.153381348, 149.524902344, 149.896408081, 150.256317139, 150.627838135, 150.987747192, 151.34765625, 151.730789185, 152.113922119, 152.497055054, 152.86857605, 153.274917603, 153.681274414, 154.076004028, 154.470748901, 154.865478516, 155.260223389, 155.643356323, 156.038085938, 156.432830811, 156.827575684, 157.222305298, 157.617050171, 158.011795044, 158.406524658, 158.789657593, 159.172790527, 159.567520142, 159.962265015, 160.357009888, 160.751739502, 161.146484375, 161.541213989, 161.935958862, 162.330703735, 162.72543335, 163.120178223, 163.514923096, 163.90965271, 164.292785645, 164.675918579, 165.070648193, 165.465393066, 165.848526001, 166.243255615, 166.62638855, 167.021133423, 167.415863037, 167.81060791, 168.205352783, 168.600082397, 168.994827271, 169.389572144, 169.784301758, 170.179046631, 170.573776245, 170.968521118, 171.351654053, 171.734786987, 172.129516602, 172.524261475, 172.919006348, 173.313735962, 173.708480835, 174.09161377, 174.474731445, 174.869476318, 175.264221191, 175.658950806, 176.053695679, 176.448425293, 176.843170166, 177.237915039, 177.632644653, 178.027389526, 178.410522461, 178.793640137, 179.18838501, 179.583129883, 179.977859497, 180.37260437, 180.767349243, 181.150466919, 181.533599854, 181.928344727, 182.323074341, 182.717819214, 183.112564087, 183.507293701, 183.902038574, 184.296783447, 184.691513062, 185.074645996, 185.457778931, 185.852508545, 186.247253418, 186.641998291, 187.036727905, 187.41986084, 187.814605713, 188.209335327, 188.592468262, 188.987213135, 189.381942749, 189.776687622, 190.171432495, 190.577774048, 190.960906982, 191.344039917, 191.727157593, 192.121902466, 192.516647339, 192.911376953, 193.306121826, 193.70085144, 194.095596313, 194.490341187, 194.885070801, 195.279815674, 195.674560547, 196.069290161, 196.452423096, 196.858764648, 197.241897583, 197.625030518, 198.019775391, 198.414505005, 198.797637939, 199.180770874, 199.575500488, 199.970245361, 200.364990234, 200.759719849, 201.154464722, 201.549209595, 201.943939209, 202.338684082, 202.733413696, 203.128158569, 203.511291504, 203.894424438, 204.289154053, 204.683898926, 205.07862854, 205.461761475, 205.844894409, 206.239639282, 206.634368896, 207.02911377, 207.423858643, 207.818588257, 208.21333313, 208.608062744, 209.002807617, 209.39755249, 209.792282104, 210.187026978, 210.581771851, 210.964889526, 211.348022461, 211.742767334, 212.137496948, 212.532241821, 212.926986694, 213.321716309, 213.716461182, 214.087982178, 214.459503174, 214.831008911, 215.202529907, 215.574050903, 215.945571899, 216.317092896, 216.688613892, 217.060134888, 217.431655884, 217.791564941, 218.151473999, 218.511383057, 218.882904053, 219.24281311, 219.591110229, 219.951019287, 220.310928345, 220.682449341, 221.053970337, 221.413879395, 221.773788452, 222.145309448, 222.516815186, 222.876724243, 223.248245239, 223.608154297, 223.979675293, 224.339584351, 224.711105347, 225.071014404, 225.4425354, 225.802444458, 226.162353516, 226.533874512, 226.905395508, 227.265304565, 227.625213623, 227.996734619, 228.368255615, 228.739776611, 229.099685669, 229.459594727, 229.831100464, 230.20262146, 230.574142456, 230.934051514, 231.30557251, 231.665481567, 232.025390625, 232.385299683, 232.74520874, 233.105117798, 233.476638794, 233.84815979, 234.219680786, 234.579589844, 234.95111084, 235.311019897, 235.682540894, 236.05406189, 236.413970947, 236.773880005, 237.145385742, 237.540130615, 237.934875488, 238.341217041, 238.747573853, 239.142303467, 239.513824463, 239.885345459, 240.245254517, 240.605163574, 240.97668457, 241.348205566, 241.719726563, 242.091247559, 242.451156616, 242.811065674, 243.170974731, 243.530883789, 243.902404785, 244.273925781, 244.633834839, 244.993743896, 245.365249634, 245.73677063, 246.096679688, 246.456588745, 246.83972168, 247.199630737, 247.571151733, 247.942672729, 248.314193726, 248.685714722, 249.080444336, 249.475189209, 249.869934082, 250.264663696, 250.659408569, 251.054138184, 251.448883057]
