
metadata:
    version:
        essentia: "2.1-beta2"
    audio_properties:
        analysis_sample_rate: 44100
        bitrate: 320
        channels: 2
        equal_loudness: 1
        length: 265.031982422
        replay_gain: -16.7413101196
        downmix: "mix"
    tags:
        album: "Incomplete Me"
        artist: "For All Those Sleeping"
        comment: ""
        date: "2014"
        genre: "Other"
        title: "Incomplete Me"
        tracknumber: "4"

configuration:
    average_loudness:
        compute: 1
        frameSize: 88200
        hopSize: 44100
        silentFrames: "noise"
        windowType: "hann"
    general:
        analysisSampleRate: 44100
        endTime: 2000
        equalLoudness: 1
        nequalLoudness: 0
        shortSound: 0
        startTime: 0
    lowlevel:
        compute: 1
        frameSize: 2048
        hopSize: 1024
        zeroPadding: 0
        silentFrames: "noise"
        windowType: "blackmanharris62"
        mfccStats: ["mean", "cov", "icov"]
        stats: ["mean", "var", "median", "min", "max", "dmean", "dmean2", "dvar", "dvar2"]
    panning:
        compute: 0
        frameSize: 8192
        hopSize: 2048
        zeroPadding: 8192
        silentFrames: "noise"
        windowType: "hann"
        stats: ["copy"]
    rhythm:
        compute: 1
        maxTempo: 208
        minTempo: 40
        method: "degara"
        stats: ["mean", "var", "median", "min", "max", "dmean", "dmean2", "dvar", "dvar2"]
    segmentation:
        compute: 0
        cpw: 5
        inc1: 300
        inc2: 50
        minimumSegmentsLength: 10
        size1: 1000
        size2: 600
    sfx:
        compute: 1
        stats: ["mean", "var", "median", "min", "max", "dmean", "dmean2", "dvar", "dvar2"]
    svm:
        compute: 0
    tonal:
        compute: 1
        frameSize: 4096
        hopSize: 2048
        zeroPadding: 0
        silentFrames: "noise"
        windowType: "blackmanharris62"
        stats: ["mean", "var", "median", "min", "max", "dmean", "dmean2", "dvar", "dvar2"]

lowlevel:
    average_loudness: 0.877601265907
    barkbands_kurtosis:
        dmean: 1.24613595009
        dmean2: 2.0368976593
        dvar: 5.08088445663
        dvar2: 12.7389421463
        max: 78.6229171753
        mean: 1.38373041153
        median: -0.232888460159
        min: -1.93629646301
        var: 27.6554698944
    barkbands_skewness:
        dmean: 0.378940433264
        dmean2: 0.601600646973
        dvar: 0.140316739678
        dvar2: 0.354062646627
        max: 7.55306911469
        mean: -0.412364065647
        median: -0.65401494503
        min: -5.45252275467
        var: 1.80398356915
    barkbands_spread:
        dmean: 4.47097635269
        dmean2: 7.19055557251
        dvar: 28.1520748138
        dvar2: 75.657333374
        max: 74.188583374
        mean: 20.7501735687
        median: 19.5630760193
        min: 0.987066864967
        var: 95.9223937988
    dissonance:
        dmean: 0.0106296632439
        dmean2: 0.0181199163198
        dvar: 0.000140800024383
        dvar2: 0.000390766101191
        max: 0.500000059605
        mean: 0.482011705637
        median: 0.487101197243
        min: 0.242590174079
        var: 0.000339673570124
    hfc:
        dmean: 3.23697566986
        dmean2: 5.35590362549
        dvar: 21.4131565094
        dvar2: 55.1033363342
        max: 58.3601646423
        mean: 10.3724145889
        median: 9.41629505157
        min: 1.15834005468e-016
        var: 58.6033058167
    pitch:
        dmean: 781.651245117
        dmean2: 1493.95178223
        dvar: 1416670.5
        dvar2: 3438836.25
        max: 3942.83374023
        mean: 1514.80895996
        median: 460.700164795
        min: 43.0243911743
        var: 2201252.5
    pitch_instantaneous_confidence:
        dmean: 0.0818176344037
        dmean2: 0.13408498466
        dvar: 0.00490061985329
        dvar2: 0.0124195795506
        max: 0.897389233112
        mean: 0.40198212862
        median: 0.379834890366
        min: 0.129944205284
        var: 0.0195376984775
    pitch_salience:
        dmean: 0.0503246933222
        dmean2: 0.0842179208994
        dvar: 0.00199055112898
        dvar2: 0.00537855131552
        max: 0.884467899799
        mean: 0.675113916397
        median: 0.710358858109
        min: 0.108864210546
        var: 0.0151468859985
    silence_rate_20dB:
        dmean: 0
        dmean2: 0
        dvar: 0
        dvar2: 0
        max: 1
        mean: 1
        median: 1
        min: 1
        var: 0
    silence_rate_30dB:
        dmean: 0
        dmean2: 0
        dvar: 0
        dvar2: 0
        max: 1
        mean: 1
        median: 1
        min: 1
        var: 0
    silence_rate_60dB:
        dmean: 0.0707902610302
        dmean2: 0.141592919827
        dvar: 0.0657735541463
        dvar2: 0.138347223401
        max: 1
        mean: 0.310906708241
        median: 0
        min: 0
        var: 0.214251711965
    spectral_centroid:
        dmean: 203.038192749
        dmean2: 327.69229126
        dvar: 49559.6640625
        dvar2: 123254.773438
        max: 11226.2177734
        mean: 1971.28283691
        median: 2122.65136719
        min: 115.30430603
        var: 500550.625
    spectral_complexity:
        dmean: 3.83861923218
        dmean2: 6.15999317169
        dvar: 15.8857383728
        dvar2: 38.7609405518
        max: 48
        mean: 17.6873416901
        median: 19
        min: 0
        var: 93.0572357178
    spectral_crest:
        dmean: 1.70609796047
        dmean2: 2.83960342407
        dvar: 2.58840322495
        dvar2: 6.68006896973
        max: 23.0859241486
        mean: 7.3362159729
        median: 6.34007167816
        min: 2.37113547325
        var: 11.2345523834
    spectral_decrease:
        dmean: 2.33245867065e-010
        dmean2: 3.74436648354e-010
        dvar: 9.11503791938e-020
        dvar2: 2.26963677629e-019
        max: -9.52008778037e-029
        mean: -9.83824799405e-010
        median: -9.85270420806e-010
        min: -3.86197962499e-009
        var: 3.62412228188e-019
    spectral_energy:
        dmean: 0.00115839648061
        dmean2: 0.00187555595767
        dvar: 2.37273320636e-006
        dvar2: 5.94755647398e-006
        max: 0.0198694262654
        mean: 0.00465400516987
        median: 0.00459088338539
        min: 1.08657944433e-020
        var: 8.64055709826e-006
    spectral_energyband_high:
        dmean: 0.000133075140184
        dmean2: 0.000235036117374
        dvar: 6.41222541731e-008
        dvar2: 1.83075997029e-007
        max: 0.00282965321094
        mean: 0.000242971931584
        median: 0.000185992379556
        min: 7.77808188962e-021
        var: 6.73800713002e-008
    spectral_energyband_low:
        dmean: 7.58465321269e-005
        dmean2: 0.000122350786114
        dvar: 1.17789031862e-008
        dvar2: 3.06616918522e-008
        max: 0.00191609945614
        mean: 0.000176854577148
        median: 0.000103974962258
        min: 4.44785369011e-023
        var: 4.36729159503e-008
    spectral_energyband_middle_high:
        dmean: 0.000998117146082
        dmean2: 0.00161459040828
        dvar: 1.6857833316e-006
        dvar2: 4.10724169342e-006
        max: 0.0182365141809
        mean: 0.0036271000281
        median: 0.00338154472411
        min: 1.79635538025e-021
        var: 6.93779202265e-006
    spectral_energyband_middle_low:
        dmean: 0.000269468466286
        dmean2: 0.000431916414527
        dvar: 1.92054883996e-007
        dvar2: 4.97129519772e-007
        max: 0.00614127283916
        mean: 0.000684274244122
        median: 0.000517184613273
        min: 3.75091622182e-022
        var: 3.89810310253e-007
    spectral_flatness_db:
        dmean: 0.0142530295998
        dmean2: 0.0223815124482
        dvar: 0.000178536996827
        dvar2: 0.000387273699744
        max: 0.478506714106
        mean: 0.177480325103
        median: 0.159109592438
        min: 0.0736093968153
        var: 0.00353265693411
    spectral_flux:
        dmean: 0.0069442698732
        dmean2: 0.0108082927763
        dvar: 6.79166914779e-005
        dvar2: 0.000133517562062
        max: 0.11529071629
        mean: 0.0401225425303
        median: 0.041867531836
        min: 1.04239124277e-010
        var: 0.000364722975064
    spectral_kurtosis:
        dmean: 2.65218949318
        dmean2: 4.50894594193
        dvar: 49.6338539124
        dvar2: 133.913970947
        max: 217.339782715
        mean: 8.89136505127
        median: 5.32547903061
        min: -1.20979702473
        var: 288.222808838
    spectral_rms:
        dmean: 0.00024535873672
        dmean2: 0.000389368389733
        dvar: 8.76381065495e-008
        dvar2: 2.12846970271e-007
        max: 0.00440281815827
        mean: 0.00198877952062
        median: 0.00211634370498
        min: 3.25588319326e-012
        var: 5.85264842812e-007
    spectral_rolloff:
        dmean: 183.224884033
        dmean2: 305.07611084
        dvar: 59095.921875
        dvar2: 122514.460938
        max: 18195.5566406
        mean: 3081.84912109
        median: 3402.24609375
        min: 107.666015625
        var: 1044076.0625
    spectral_skewness:
        dmean: 0.243665710092
        dmean2: 0.408492088318
        dvar: 0.152360007167
        dvar2: 0.424968659878
        max: 11.9331007004
        mean: 1.80515158176
        median: 1.61386966705
        min: 0.0048394347541
        var: 1.18236982822
    spectral_spread:
        dmean: 393791.875
        dmean2: 579207.5
        dvar: 384800980992
        dvar2: 556447498240
        max: 40354196
        mean: 3507605.5
        median: 3359848.75
        min: 384655
        var: 1.93945128141e+012
    spectral_strongpeak:
        dmean: 0.680854320526
        dmean2: 1.15440058708
        dvar: 0.783806324005
        dvar2: 2.00734829903
        max: 11.495141983
        mean: 1.17507445812
        median: 0.67166364193
        min: 1.44435197136e-009
        var: 2.02586245537
    zerocrossingrate:
        dmean: 0.00573163665831
        dmean2: 0.00717764440924
        dvar: 3.55917181878e-005
        dvar2: 4.70391350973e-005
        max: 0.48876953125
        mean: 0.101123064756
        median: 0.10986328125
        min: 0.00390625
        var: 0.00108177517541
    barkbands:
        dmean: [1.12389830065e-006, 4.95659296575e-005, 2.95982281386e-005, 3.62135506293e-005, 8.81122396095e-005, 7.09869636921e-005, 5.91533316765e-005, 5.71864256926e-005, 8.45137328724e-005, 0.000106521096313, 0.000119760312373, 9.79070609901e-005, 0.000107487365312, 8.93499454833e-005, 0.000126566170366, 0.000140560019645, 0.000236354710069, 0.000428389612352, 0.000377394346287, 0.000163086078828, 5.68201612623e-005, 1.04925902633e-005, 2.21219261221e-006, 1.66476513641e-006, 1.92274319488e-006, 4.39111111916e-008, 2.05644334894e-010]
        dmean2: [1.50617859163e-006, 8.04674782557e-005, 4.83600269945e-005, 6.33341696812e-005, 0.000156844500452, 0.000112134497613, 9.65902654571e-005, 9.12769100978e-005, 0.000133515059133, 0.000169060498592, 0.000193996515009, 0.000158812472364, 0.000171438296093, 0.000144273071783, 0.000205726202694, 0.000231470097788, 0.000392426416511, 0.000712703564204, 0.000628772890195, 0.000280065025436, 0.000101312667539, 1.85979442904e-005, 3.8000839595e-006, 2.68705525741e-006, 2.87740795102e-006, 6.60111822981e-008, 3.7104738726e-010]
        dvar: [4.18782716838e-012, 6.36043528957e-009, 2.22052398691e-009, 1.76046093259e-008, 6.6587368508e-008, 2.37094663902e-008, 2.90260775415e-008, 1.29347617062e-008, 2.29909957739e-008, 2.78584693092e-008, 4.04760136519e-008, 2.86868804267e-008, 4.04306739199e-008, 3.27570326419e-008, 6.53098553016e-008, 5.55170842631e-008, 1.74853269641e-007, 4.59386228613e-007, 3.21725451613e-007, 5.82542725169e-008, 1.51812624694e-008, 4.96666707761e-010, 1.85076901721e-011, 1.39464099991e-011, 2.6576534376e-011, 1.51317218304e-014, 8.27468768674e-020]
        dvar2: [7.25392142187e-012, 1.67890448211e-008, 5.98418470332e-009, 4.91639973177e-008, 1.90066060668e-007, 5.19316110115e-008, 7.04104365923e-008, 3.10368193368e-008, 5.17114457921e-008, 6.5326986487e-008, 9.86539347991e-008, 7.15724866041e-008, 9.84035253282e-008, 8.08435984823e-008, 1.7088186155e-007, 1.39631040952e-007, 4.29922550893e-007, 1.12006580366e-006, 8.02885722351e-007, 1.59896671903e-007, 4.35598899173e-008, 1.4288207284e-009, 4.85898821179e-011, 3.10387340829e-011, 5.49619932899e-011, 3.04138055615e-014, 2.5369158928e-019]
        max: [1.82418898476e-005, 0.000906851142645, 0.00124871428125, 0.00198774971068, 0.00285832025111, 0.0037848027423, 0.00589024927467, 0.00224408367649, 0.00332911079749, 0.00411274377257, 0.00576000893489, 0.00414792122319, 0.00391253456473, 0.0034973914735, 0.00734541472048, 0.00389875564724, 0.00879264436662, 0.0134826544672, 0.0113844079897, 0.00357678136788, 0.00166999571957, 0.000266521034064, 0.000108193526103, 0.000106133738882, 0.000113519774459, 3.50069990418e-006, 4.014506505e-009]
        mean: [1.43055149238e-006, 0.000102126687125, 5.96508543822e-005, 3.29964932462e-005, 9.26206485019e-005, 0.000109302556666, 8.57414779603e-005, 9.22327235457e-005, 0.000157843460329, 0.000218544519157, 0.000213861523662, 0.000180215429282, 0.000193779429537, 0.000156994210556, 0.000222000366193, 0.000270076445304, 0.000445756828412, 0.000822021451313, 0.000759624701459, 0.000324548862409, 8.65918409545e-005, 1.59595128935e-005, 3.92500578528e-006, 2.82575297206e-006, 3.25000860357e-006, 7.03750444586e-008, 2.22519863646e-010]
        median: [2.18104418082e-007, 5.11100734002e-005, 2.15518593905e-005, 6.69547307552e-006, 3.38720346917e-005, 5.04965064465e-005, 4.13743437093e-005, 3.69534172933e-005, 7.94713996584e-005, 0.00013339202269, 0.000121876757476, 8.67793205543e-005, 8.17611144157e-005, 8.54760437505e-005, 9.43432314671e-005, 0.000166483194334, 0.000286863418296, 0.000486781442305, 0.000555683975108, 0.000254215934547, 5.96896352363e-005, 1.02392259578e-005, 2.5970648494e-006, 1.21950563425e-006, 8.10594428913e-007, 1.54662593843e-008, 1.09130565695e-010]
        min: [1.58725487894e-023, 4.04616461277e-024, 2.61619660765e-023, 7.62368352783e-024, 3.83137151446e-023, 5.6059201161e-023, 5.53792661695e-023, 4.52783282631e-023, 1.33519403509e-022, 6.93384880535e-023, 3.27732199965e-023, 1.09157321406e-022, 1.81578135141e-022, 1.69004941868e-022, 2.44339580594e-022, 7.08977442079e-023, 1.3618163867e-022, 2.51909212162e-022, 3.70433076682e-022, 2.93611125915e-022, 5.05304613026e-022, 5.95492745291e-022, 6.33523918859e-022, 7.14112181888e-022, 1.31256670229e-021, 1.90360815162e-021, 2.15587137931e-021]
        var: [7.48087355951e-012, 1.6180326412e-008, 1.0907329262e-008, 1.27040555853e-008, 4.66936178611e-008, 4.19520489459e-008, 3.50310997987e-008, 2.39312782924e-008, 5.96584968093e-008, 1.02052304385e-007, 9.67294440102e-008, 7.2960226305e-008, 1.12697222221e-007, 6.63827464109e-008, 1.48856997839e-007, 1.19501606832e-007, 3.8776903466e-007, 1.1121269381e-006, 6.15336205101e-007, 8.9658307445e-008, 1.27991865995e-008, 4.48053094626e-010, 2.42426599628e-011, 2.71604128077e-011, 6.37173230844e-011, 3.71338769738e-014, 9.0546692443e-020]
    frequency_bands:
        dmean: [1.12389830065e-006, 4.95659296575e-005, 2.95982281386e-005, 3.62135506293e-005, 8.81122396095e-005, 7.09869636921e-005, 5.91533316765e-005, 5.71864256926e-005, 8.45137328724e-005, 0.000106521096313, 0.000119760312373, 9.79070609901e-005, 0.000107487365312, 8.93499454833e-005, 0.000126566170366, 0.000140560019645, 0.000236354710069, 0.000428389612352, 0.000377394346287, 0.000163086078828, 5.68201612623e-005, 1.04925902633e-005, 2.21219261221e-006, 1.66476513641e-006, 1.92274319488e-006, 4.39111111916e-008, 2.05644334894e-010, 5.23329712898e-011]
        dmean2: [1.50617859163e-006, 8.04674782557e-005, 4.83600269945e-005, 6.33341696812e-005, 0.000156844500452, 0.000112134497613, 9.65902654571e-005, 9.12769100978e-005, 0.000133515059133, 0.000169060498592, 0.000193996515009, 0.000158812472364, 0.000171438296093, 0.000144273071783, 0.000205726202694, 0.000231470097788, 0.000392426416511, 0.000712703564204, 0.000628772890195, 0.000280065025436, 0.000101312667539, 1.85979442904e-005, 3.8000839595e-006, 2.68705525741e-006, 2.87740795102e-006, 6.60111822981e-008, 3.7104738726e-010, 9.6843186248e-011]
        dvar: [4.18782716838e-012, 6.36043528957e-009, 2.22052398691e-009, 1.76046093259e-008, 6.6587368508e-008, 2.37094663902e-008, 2.90260775415e-008, 1.29347617062e-008, 2.29909957739e-008, 2.78584693092e-008, 4.04760136519e-008, 2.86868804267e-008, 4.04306739199e-008, 3.27570326419e-008, 6.53098553016e-008, 5.55170842631e-008, 1.74853269641e-007, 4.59386228613e-007, 3.21725451613e-007, 5.82542725169e-008, 1.51812624694e-008, 4.96666707761e-010, 1.85076901721e-011, 1.39464099991e-011, 2.6576534376e-011, 1.51317218304e-014, 8.27468768674e-020, 5.92844626323e-021]
        dvar2: [7.25392142187e-012, 1.67890448211e-008, 5.98418470332e-009, 4.91639973177e-008, 1.90066060668e-007, 5.19316110115e-008, 7.04104365923e-008, 3.10368193368e-008, 5.17114457921e-008, 6.5326986487e-008, 9.86539347991e-008, 7.15724866041e-008, 9.84035253282e-008, 8.08435984823e-008, 1.7088186155e-007, 1.39631040952e-007, 4.29922550893e-007, 1.12006580366e-006, 8.02885722351e-007, 1.59896671903e-007, 4.35598899173e-008, 1.4288207284e-009, 4.85898821179e-011, 3.10387340829e-011, 5.49619932899e-011, 3.04138055615e-014, 2.5369158928e-019, 1.87636293058e-020]
        max: [1.82418898476e-005, 0.000906851142645, 0.00124871428125, 0.00198774971068, 0.00285832025111, 0.0037848027423, 0.00589024927467, 0.00224408367649, 0.00332911079749, 0.00411274377257, 0.00576000893489, 0.00414792122319, 0.00391253456473, 0.0034973914735, 0.00734541472048, 0.00389875564724, 0.00879264436662, 0.0134826544672, 0.0113844079897, 0.00357678136788, 0.00166999571957, 0.000266521034064, 0.000108193526103, 0.000106133738882, 0.000113519774459, 3.50069990418e-006, 4.014506505e-009, 1.13524156742e-009]
        mean: [1.43055149238e-006, 0.000102126687125, 5.96508543822e-005, 3.29964932462e-005, 9.26206485019e-005, 0.000109302556666, 8.57414779603e-005, 9.22327235457e-005, 0.000157843460329, 0.000218544519157, 0.000213861523662, 0.000180215429282, 0.000193779429537, 0.000156994210556, 0.000222000366193, 0.000270076445304, 0.000445756828412, 0.000822021451313, 0.000759624701459, 0.000324548862409, 8.65918409545e-005, 1.59595128935e-005, 3.92500578528e-006, 2.82575297206e-006, 3.25000860357e-006, 7.03750444586e-008, 2.22519863646e-010, 4.10061637424e-011]
        median: [2.18104418082e-007, 5.11100734002e-005, 2.15518593905e-005, 6.69547307552e-006, 3.38720346917e-005, 5.04965064465e-005, 4.13743437093e-005, 3.69534172933e-005, 7.94713996584e-005, 0.00013339202269, 0.000121876757476, 8.67793205543e-005, 8.17611144157e-005, 8.54760437505e-005, 9.43432314671e-005, 0.000166483194334, 0.000286863418296, 0.000486781442305, 0.000555683975108, 0.000254215934547, 5.96896352363e-005, 1.02392259578e-005, 2.5970648494e-006, 1.21950563425e-006, 8.10594428913e-007, 1.54662593843e-008, 1.09130565695e-010, 1.32247424817e-011]
        min: [1.58725487894e-023, 4.04616461277e-024, 2.61619660765e-023, 7.62368352783e-024, 3.83137151446e-023, 5.6059201161e-023, 5.53792661695e-023, 4.52783282631e-023, 1.33519403509e-022, 6.93384880535e-023, 3.27732199965e-023, 1.09157321406e-022, 1.81578135141e-022, 1.69004941868e-022, 2.44339580594e-022, 7.08977442079e-023, 1.3618163867e-022, 2.51909212162e-022, 3.70433076682e-022, 2.93611125915e-022, 5.05304613026e-022, 5.95492745291e-022, 6.33523918859e-022, 7.14112181888e-022, 1.31256670229e-021, 1.90360815162e-021, 2.15587137931e-021, 7.33836834718e-022]
        var: [7.48087355951e-012, 1.6180326412e-008, 1.0907329262e-008, 1.27040555853e-008, 4.66936178611e-008, 4.19520489459e-008, 3.50310997987e-008, 2.39312782924e-008, 5.96584968093e-008, 1.02052304385e-007, 9.67294440102e-008, 7.2960226305e-008, 1.12697222221e-007, 6.63827464109e-008, 1.48856997839e-007, 1.19501606832e-007, 3.8776903466e-007, 1.1121269381e-006, 6.15336205101e-007, 8.9658307445e-008, 1.27991865995e-008, 4.48053094626e-010, 2.42426599628e-011, 2.71604128077e-011, 6.37173230844e-011, 3.71338769738e-014, 9.0546692443e-020, 4.82932073467e-021]
    mfcc:
        mean: [-730.637512207, 102.165794373, -74.4183273315, 35.9627456665, -11.6963071823, -16.4407691956, 10.8715162277, 1.19565200806, -0.968388617039, -3.10983490944, -0.431500136852, -1.13118743896, 1.14941132069]
        cov: [[7279.78857422, -1289.72375488, -2236.11645508, 356.544525146, -614.19921875, -407.103820801, 34.9686317444, -98.9093551636, -86.0412750244, -2.47829461098, -15.271525383, -213.971069336, -77.0387496948], [-1289.72375488, 911.643432617, 576.75958252, 118.390953064, 195.74671936, 187.110107422, 39.817741394, 70.8002700806, 64.9144287109, 53.1349868774, 39.5648727417, 83.3798370361, 42.4454040527], [-2236.11645508, 576.75958252, 1565.92504883, 80.7756729126, 457.185180664, 387.813049316, 18.0669460297, 84.7829589844, 105.996406555, 68.6725158691, 38.3553161621, 129.466262817, 56.7597084045], [356.544525146, 118.390953064, 80.7756729126, 426.250183105, 38.9985046387, 118.616241455, 35.5723457336, 48.1555175781, 60.9479370117, 55.0685958862, 12.8256435394, 9.8884305954, 5.20213508606], [-614.19921875, 195.74671936, 457.185180664, 38.9985046387, 284.950958252, 125.910369873, 6.22139120102, 31.3948249817, 51.6396026611, 39.0223121643, 16.4978046417, 38.7383575439, 23.4468860626], [-407.103820801, 187.110107422, 387.813049316, 118.616241455, 125.910369873, 298.490814209, 69.9040603638, 60.3453559875, 70.7273025513, 63.3048629761, 25.6912288666, 46.5444908142, 20.0497703552], [34.9686317444, 39.817741394, 18.0669460297, 35.5723457336, 6.22139120102, 69.9040603638, 127.691719055, 43.7056694031, 17.166135788, 9.68145847321, 14.1266355515, 20.7684593201, 0.0639707744122], [-98.9093551636, 70.8002700806, 84.7829589844, 48.1555175781, 31.3948249817, 60.3453559875, 43.7056694031, 103.610595703, 44.4956283569, 24.2357788086, 18.3409671783, 21.1551132202, 10.8122873306], [-86.0412750244, 64.9144287109, 105.996406555, 60.9479370117, 51.6396026611, 70.7273025513, 17.166135788, 44.4956283569, 110.533103943, 59.6523933411, 8.28567886353, 10.9570713043, 12.6872997284], [-2.47829461098, 53.1349868774, 68.6725158691, 55.0685958862, 39.0223121643, 63.3048629761, 9.68145847321, 24.2357788086, 59.6523933411, 105.299552917, 35.5494651794, 12.4783678055, 9.07029819489], [-15.271525383, 39.5648727417, 38.3553161621, 12.8256435394, 16.4978046417, 25.6912288666, 14.1266355515, 18.3409671783, 8.28567886353, 35.5494651794, 79.114730835, 40.7833976746, 14.3912506104], [-213.971069336, 83.3798370361, 129.466262817, 9.8884305954, 38.7383575439, 46.5444908142, 20.7684593201, 21.1551132202, 10.9570713043, 12.4783678055, 40.7833976746, 86.9391937256, 34.7136917114], [-77.0387496948, 42.4454040527, 56.7597084045, 5.20213508606, 23.4468860626, 20.0497703552, 0.0639707744122, 10.8122873306, 12.6872997284, 9.07029819489, 14.3912506104, 34.7136917114, 65.9600143433]]
        icov: [[0.0003337363014, 0.000285391666694, 0.000418832438299, -0.000403421960073, -7.24772762624e-005, -5.55481237825e-005, -0.00013488678087, 0.000101663412352, 3.1583589589e-005, -0.000104377431853, -0.000222003727686, 0.000215644948184, -0.000153115135618], [0.000285391666694, 0.0017763498472, -5.19888890267e-005, -0.000591669348069, -0.000272572942777, -8.28596530482e-005, -0.000237375526922, -0.000233799582929, 7.15389032848e-005, -0.000222062692046, -0.000213051302126, -0.000325212167809, -0.000323309883242], [0.000418832438299, -5.19888890267e-005, 0.00225097453222, -0.000243293572566, -0.00192130194046, -0.00151566613931, 0.000700541189872, -5.53757090529e-005, 5.39609982297e-006, 0.000313165335683, 0.000129186330014, -0.000899340608157, 0.00015792218619], [-0.000403421960073, -0.000591669348069, -0.000243293572566, 0.00333470432088, 8.56901388033e-005, -0.000959759694524, 0.000212002298213, -0.000623428903054, -0.000598557002377, -0.000456132547697, 0.000434784422396, -6.25828688499e-005, 0.000335109973093], [-7.24772762624e-005, -0.000272572942777, -0.00192130194046, 8.56901388033e-005, 0.00689920037985, -7.99873450887e-005, 0.00015699902724, 0.000112524532597, -0.000975707080215, -0.000599970517214, -0.000123605626868, 0.00034170228173, -0.000592130876612], [-5.55481237825e-005, -8.28596530482e-005, -0.00151566613931, -0.000959759694524, -7.99873450887e-005, 0.00713951187208, -0.00298093864694, -0.000334085169015, -0.000840630207676, -0.00199916842394, 0.000477751280414, -0.000458832160803, -0.000141862867167], [-0.00013488678087, -0.000237375526922, 0.000700541189872, 0.000212002298213, 0.00015699902724, -0.00298093864694, 0.0109081966802, -0.00363595969975, 0.000260915927356, 0.00113634078298, -0.000184849195648, -0.00219492195174, 0.00180043373257], [0.000101663412352, -0.000233799582929, -5.53757090529e-005, -0.000623428903054, 0.000112524532597, -0.000334085169015, -0.00363595969975, 0.0141795519739, -0.00478006992489, 0.0012141650077, -0.00214648153633, -0.000154010194819, -0.000591398391407], [3.1583589589e-005, 7.15389032848e-005, 5.39609982297e-006, -0.000598557002377, -0.000975707080215, -0.000840630207676, 0.000260915927356, -0.00478006992489, 0.0166540909559, -0.00841842964292, 0.00396621460095, -0.000127458042698, -0.00142494414467], [-0.000104377431853, -0.000222062692046, 0.000313165335683, -0.000456132547697, -0.000599970517214, -0.00199916842394, 0.00113634078298, 0.0012141650077, -0.00841842964292, 0.0179190412164, -0.00824415683746, 0.00269014970399, -5.35682374903e-005], [-0.000222003727686, -0.000213051302126, 0.000129186330014, 0.000434784422396, -0.000123605626868, 0.000477751280414, -0.000184849195648, -0.00214648153633, 0.00396621460095, -0.00824415683746, 0.0211593750864, -0.00982270482928, 0.000906825647689], [0.000215644948184, -0.000325212167809, -0.000899340608157, -6.25828688499e-005, 0.00034170228173, -0.000458832160803, -0.00219492195174, -0.000154010194819, -0.000127458042698, 0.00269014970399, -0.00982270482928, 0.0219700168818, -0.00847939308733], [-0.000153115135618, -0.000323309883242, 0.00015792218619, 0.000335109973093, -0.000592130876612, -0.000141862867167, 0.00180043373257, -0.000591398391407, -0.00142494414467, -5.35682374903e-005, 0.000906825647689, -0.00847939308733, 0.0199225656688]]
    sccoeffs:
        dmean: [0.050669118762, 0.0437532141805, 0.0356577709317, 0.0292285624892, 0.0216556992382, 0.0173830911517]
        dmean2: [0.0829680114985, 0.0723427161574, 0.0592371895909, 0.0487197600305, 0.0355919487774, 0.0276954788715]
        dvar: [0.00178899825551, 0.00127478130162, 0.000828517309856, 0.000532944861334, 0.000317258643918, 0.000265458482318]
        dvar2: [0.004711415153, 0.00338766979985, 0.0021977161523, 0.00147490319796, 0.000796711945441, 0.000633933232166]
        max: [-0.348499536514, -0.470037519932, -0.548922598362, -0.623952507973, -0.580408930779, -0.613441884518]
        mean: [-0.704909265041, -0.768810629845, -0.778056204319, -0.787517726421, -0.776548922062, -0.775566458702]
        median: [-0.707736611366, -0.776187539101, -0.78330218792, -0.793266236782, -0.783618569374, -0.777723550797]
        min: [-0.969471871853, -0.969013690948, -0.966337561607, -0.955590367317, -0.960454106331, -0.958481609821]
        var: [0.00547536928207, 0.00405855383724, 0.00333520979621, 0.00186074280646, 0.0019429475069, 0.00209243036807]
    scvalleys:
        dmean: [0.380744546652, 0.322494119406, 0.274822235107, 0.239592969418, 0.21458697319, 0.260717988014]
        dmean2: [0.640590012074, 0.536790370941, 0.453262239695, 0.388036251068, 0.351820677519, 0.405230045319]
        dvar: [0.117322742939, 0.0764101147652, 0.0606176704168, 0.051486492157, 0.0620587319136, 0.0993834137917]
        dvar2: [0.285780638456, 0.183012485504, 0.135117977858, 0.109748251736, 0.131503403187, 0.225850909948]
        max: [-5.56602716446, -5.18929195404, -5.14543294907, -5.29119348526, -5.39911365509, -7.85251331329]
        mean: [-7.63972759247, -6.91968345642, -6.78933095932, -7.10645198822, -7.06022357941, -10.2105073929]
        median: [-7.31381320953, -6.78742456436, -6.54088497162, -6.78114461899, -6.61969852448, -9.70091342926]
        min: [-27.2938213348, -27.1669254303, -27.7216854095, -27.196641922, -27.1612796783, -27.3160095215]
        var: [1.26280391216, 0.589786350727, 0.851558744907, 1.31027460098, 2.09102869034, 2.71668052673]

rhythm:
    beats_loudness:
        dmean: 0.00155565980822
        dmean2: 0.00267746509053
        dvar: 2.72796319223e-006
        dvar2: 7.67273468227e-006
        max: 0.015116632916
        mean: 0.00473698601127
        median: 0.0047390521504
        min: 2.21613333906e-007
        var: 7.3717669693e-006
    bpm: 131.055053711
    bpm_confidence: 0
    first_peak_bpm: 133
    first_peak_spread: 0.509874343872
    first_peak_weight: 0.473958343267
    onset_rate: 3.06755447388
    second_peak_bpm: 123
    second_peak_spread: 0.538461565971
    second_peak_weight: 0.0104166669771
    beats_loudness_band_ratio:
        dmean: [0.0669591873884, 0.0425082445145, 0.0695488601923, 0.0946532189846, 0.130265578628, 0.0756189078093]
        dmean2: [0.116758979857, 0.076049990952, 0.119998313487, 0.165305927396, 0.237743631005, 0.133445173502]
        dvar: [0.010653774254, 0.00240210909396, 0.00537307746708, 0.0099446233362, 0.014798624441, 0.00573569070548]
        dvar2: [0.0332953631878, 0.00688088638708, 0.0161160901189, 0.0287394244224, 0.0456678532064, 0.0158193819225]
        max: [0.95923769474, 0.500480055809, 0.552790999413, 0.678600072861, 0.868908584118, 0.669162690639]
        mean: [0.153472483158, 0.0526257529855, 0.100145488977, 0.156932413578, 0.348431915045, 0.215091913939]
        median: [0.0863660722971, 0.0365655086935, 0.077362306416, 0.136529400945, 0.335756242275, 0.21160967648]
        min: [5.01168215123e-005, 0.00040517328307, 0.00369004672393, 0.00291345943697, 0.000741883646697, 1.80014212674e-005]
        var: [0.0476047694683, 0.00270806043409, 0.00620054220781, 0.012566161342, 0.031808771193, 0.0138141354546]
    beats_position: [0.476009070873, 0.96362811327, 1.45124709606, 1.93886613846, 2.41487526894, 2.89088439941, 3.35528349876, 3.8196823597, 4.28408145905, 4.73687076569, 5.20126962662, 5.66566896439, 6.13006782532, 6.59446716309, 7.05886602402, 7.52326536179, 7.98766422272, 8.45206356049, 8.91646194458, 9.36925125122, 9.82204055786, 10.2632198334, 10.7043991089, 11.1455783844, 11.5867567062, 12.0743761063, 12.5619955063, 13.0263938904, 13.479183197, 13.9319725037, 14.3731517792, 14.8375511169, 15.301949501, 15.7663488388, 16.2307472229, 16.6835365295, 17.1363258362, 17.5891151428, 18.0419044495, 18.5063037872, 18.9590930939, 19.4234924316, 19.8762817383, 20.3406791687, 20.7934684753, 21.2578678131, 21.7106571198, 22.1518363953, 22.616235733, 23.0690250397, 23.5218143463, 23.9862117767, 24.4506111145, 24.9034004211, 25.3561897278, 25.8089790344, 26.2733783722, 26.7261676788, 27.1905670166, 27.6317462921, 28.0961437225, 28.5605430603, 29.0249423981, 29.4893417358, 29.9421310425, 30.3949203491, 30.8477096558, 31.3004989624, 31.7648983002, 32.2292976379, 32.6936950684, 33.146484375, 33.5992736816, 34.0636711121, 34.5164604187, 34.9692497253, 35.4336509705, 35.8864402771, 36.3392295837, 36.8036270142, 37.2680282593, 37.7324256897, 38.1852149963, 38.6496124268, 39.1024017334, 39.5668029785, 40.0195922852, 40.4723815918, 40.9251708984, 41.3779602051, 41.8423576355, 42.2951469421, 42.7595443726, 43.2123336792, 43.6767349243, 44.1411323547, 44.5939216614, 45.046710968, 45.5111083984, 45.9638977051, 46.4282989502, 46.8810882568, 47.3454856873, 47.8098869324, 48.262676239, 48.7154655457, 49.1798629761, 49.6442604065, 50.1318817139, 50.631111145, 51.1303405762, 51.6295700073, 52.1287956238, 52.5931968689, 53.0575942993, 53.5219955444, 53.9863929749, 54.4391822815, 54.8919715881, 55.3563690186, 55.8207702637, 56.2851676941, 56.726348877, 57.1791381836, 57.643535614, 58.1079368591, 58.5607261658, 59.0251235962, 59.4779129028, 59.9423103333, 60.3950996399, 60.859500885, 61.3238983154, 61.7766876221, 62.2294769287, 62.6822662354, 63.135055542, 63.5878448486, 64.0522460938, 64.5050354004, 64.9694290161, 65.4338302612, 65.8866195679, 66.351020813, 66.8038101196, 67.2565994263, 67.720993042, 68.1853942871, 68.6381835938, 69.0793609619, 69.543762207, 70.0081634521, 70.4725646973, 70.936958313, 71.3897476196, 71.8425369263, 72.3069381714, 72.759727478, 73.2125167847, 73.6536941528, 74.094871521, 74.5244445801, 74.9540100098, 75.3719711304, 75.8015441895, 76.2311096191, 76.6722869873, 77.1134643555, 77.5778656006, 78.0422668457, 78.5182723999, 78.9710617065, 79.4354629517, 79.8998641968, 80.3642578125, 80.8170471191, 81.2698364258, 81.7226257324, 82.1754150391, 82.6282043457, 83.0809936523, 83.5453948975, 84.0097961426, 84.4625854492, 84.9153747559, 85.3797683716, 85.8441696167, 86.3085708618, 86.7613601685, 87.2141494751, 87.6553268433, 88.0965042114, 88.5609054565, 89.0253067017, 89.4780960083, 89.9308853149, 90.3952789307, 90.8596801758, 91.3124694824, 91.7652587891, 92.2180480957, 92.6824493408, 93.1352386475, 93.5996322632, 94.0640335083, 94.5284347534, 94.9696121216, 95.4340133667, 95.8868026733, 96.33959198, 96.8039855957, 97.2567749023, 97.7211761475, 98.1855773926, 98.6383666992, 99.1027679443, 99.555557251, 100.008346558, 100.472740173, 100.937141418, 101.389930725, 101.842720032, 102.307121277, 102.771514893, 103.224304199, 103.677093506, 104.141494751, 104.594284058, 105.047073364, 105.488250732, 105.952651978, 106.417053223, 106.881446838, 107.334236145, 107.787025452, 108.251426697, 108.715827942, 109.180221558, 109.644622803, 110.097412109, 110.561813354, 111.014602661, 111.479003906, 111.931785583, 112.38457489, 112.837364197, 113.290153503, 113.754554749, 114.207344055, 114.660133362, 115.124534607, 115.588935852, 116.053329468, 116.506118774, 116.97052002, 117.423309326, 117.876098633, 118.328887939, 118.793289185, 119.2576828, 119.722084045, 120.174873352, 120.639274597, 121.092063904, 121.54485321, 121.997642517, 122.462036133, 122.926437378, 123.379226685, 123.832015991, 124.284805298, 124.737594604, 125.190383911, 125.643173218, 126.107574463, 126.571968079, 127.036369324, 127.500770569, 127.953559875, 128.406341553, 128.859130859, 129.323532104, 129.776321411, 130.240722656, 130.705123901, 131.169525146, 131.622314453, 132.07510376, 132.527893066, 132.980682373, 133.445083618, 133.909469604, 134.362258911, 134.815048218, 135.279449463, 135.743850708, 136.208251953, 136.66104126, 137.125442505, 137.578231812, 138.042633057, 138.483810425, 138.94821167, 139.401000977, 139.865386963, 140.31817627, 140.782577515, 141.24697876, 141.699768066, 142.152557373, 142.616958618, 143.069747925, 143.53414917, 143.986938477, 144.439727783, 144.89251709, 145.356918335, 145.809707642, 146.262496948, 146.726898193, 147.19128418, 147.655685425, 148.108474731, 148.561264038, 149.025665283, 149.47845459, 149.931243896, 150.395645142, 150.860046387, 151.324447632, 151.777236938, 152.241622925, 152.694412231, 153.147201538, 153.599990845, 154.06439209, 154.517181396, 154.969970703, 155.434371948, 155.898773193, 156.3515625, 156.804351807, 157.268753052, 157.733154297, 158.185943604, 158.63873291, 159.103118896, 159.567520142, 160.020309448, 160.473098755, 160.9375, 161.390289307, 161.854690552, 162.307479858, 162.771881104, 163.22467041, 163.677459717, 164.141860962, 164.594650269, 165.047439575, 165.500228882, 165.953018188, 166.417419434, 166.88180542, 167.346206665, 167.798995972, 168.251785278, 168.716186523, 169.180587769, 169.644989014, 170.09777832, 170.550567627, 171.003356934, 171.45614624, 171.920547485, 172.384933472, 172.849334717, 173.313735962, 173.766525269, 174.230926514, 174.68371582, 175.148117065, 175.600906372, 176.053695679, 176.518096924, 176.97088623, 177.423675537, 177.876464844, 178.32925415, 178.793640137, 179.258041382, 179.722442627, 180.186843872, 180.651245117, 181.115646362, 181.580047607, 182.044433594, 182.508834839, 182.961624146, 183.414413452, 183.867202759, 184.331604004, 184.796005249, 185.248794556, 185.701583862, 186.154373169, 186.607162476, 187.036727905, 187.50112915, 187.965530396, 188.418319702, 188.871109009, 189.335510254, 189.799911499, 190.252700806, 190.705490112, 191.158279419, 191.622665405, 192.075454712, 192.516647339, 192.981033325, 193.44543457, 193.909835815, 194.374237061, 194.827026367, 195.279815674, 195.744216919, 196.197006226, 196.649795532, 197.114196777, 197.578598022, 198.03137207, 198.484161377, 198.948562622, 199.401351929, 199.854141235, 200.306930542, 200.759719849, 201.224121094, 201.688522339, 202.152923584, 202.617324829, 203.081726074, 203.534515381, 203.987304688, 204.451690674, 204.916091919, 205.368881226, 205.821670532, 206.274459839, 206.727249146, 207.180038452, 207.632827759, 208.097229004, 208.561630249, 209.026031494, 209.478820801, 209.931610107, 210.396011353, 210.860397339, 211.313186646, 211.765975952, 212.230377197, 212.683166504, 213.147567749, 213.600357056, 214.064758301, 214.517547607, 214.970336914, 215.423126221, 215.887527466, 216.340316772, 216.793106079, 217.245895386, 217.710296631, 218.174682617, 218.639083862, 219.103485107, 219.556274414, 220.009063721, 220.473464966, 220.937866211, 221.402267456, 221.855056763, 222.307846069, 222.760635376, 223.213424683, 223.677825928, 224.142211914, 224.606613159, 225.071014404, 225.523803711, 225.976593018, 226.440994263, 226.893783569, 227.346572876, 227.799362183, 228.252151489, 228.716552734, 229.180953979, 229.645339966, 230.098129272, 230.550918579, 231.003707886, 231.468109131, 231.920898438, 232.373687744, 232.838088989, 233.290878296, 233.755279541, 234.208068848, 234.672470093, 235.125259399, 235.589660645, 236.042449951, 236.506851196, 236.971237183, 237.435638428, 237.900039673, 238.352828979, 238.805618286, 239.258407593, 239.722808838, 240.187210083, 240.651611328, 241.115997314, 241.58039856, 242.033187866, 242.485977173, 242.938766479, 243.403167725, 243.855957031, 244.308746338, 244.761535645, 245.214324951, 245.667114258, 246.131515503, 246.595916748, 247.048706055, 247.501495361, 247.954284668, 248.407073975, 248.87147522, 249.335861206, 249.800262451, 250.264663696, 250.729064941, 251.181854248, 251.634643555, 252.0990448, 252.551834106, 253.004623413, 253.469024658, 253.933425903, 254.38621521, 254.839004517, 255.303390503, 255.767791748, 256.220581055, 256.673370361, 257.126159668, 257.578948975, 258.031738281, 258.496154785, 258.960540771, 259.424926758, 259.889343262, 260.353729248, 260.818145752, 261.282531738, 261.735321045, 262.188110352, 262.640899658, 263.093688965, 263.546478271, 263.999267578, 264.452056885]
