
metadata:
    version:
        essentia: "2.1-beta2"
    audio_properties:
        analysis_sample_rate: 44100
        bitrate: 320
        channels: 2
        equal_loudness: 1
        length: 230.015991211
        replay_gain: -15.7706403732
        downmix: "mix"
    tags:
        album: "Incomplete Me"
        artist: "For All Those Sleeping"
        comment: ""
        date: "2014"
        genre: "Other"
        title: "Home"
        tracknumber: "5"

configuration:
    average_loudness:
        compute: 1
        frameSize: 88200
        hopSize: 44100
        silentFrames: "noise"
        windowType: "hann"
    general:
        analysisSampleRate: 44100
        endTime: 2000
        equalLoudness: 1
        nequalLoudness: 0
        shortSound: 0
        startTime: 0
    lowlevel:
        compute: 1
        frameSize: 2048
        hopSize: 1024
        zeroPadding: 0
        silentFrames: "noise"
        windowType: "blackmanharris62"
        mfccStats: ["mean", "cov", "icov"]
        stats: ["mean", "var", "median", "min", "max", "dmean", "dmean2", "dvar", "dvar2"]
    panning:
        compute: 0
        frameSize: 8192
        hopSize: 2048
        zeroPadding: 8192
        silentFrames: "noise"
        windowType: "hann"
        stats: ["copy"]
    rhythm:
        compute: 1
        maxTempo: 208
        minTempo: 40
        method: "degara"
        stats: ["mean", "var", "median", "min", "max", "dmean", "dmean2", "dvar", "dvar2"]
    segmentation:
        compute: 0
        cpw: 5
        inc1: 300
        inc2: 50
        minimumSegmentsLength: 10
        size1: 1000
        size2: 600
    sfx:
        compute: 1
        stats: ["mean", "var", "median", "min", "max", "dmean", "dmean2", "dvar", "dvar2"]
    svm:
        compute: 0
    tonal:
        compute: 1
        frameSize: 4096
        hopSize: 2048
        zeroPadding: 0
        silentFrames: "noise"
        windowType: "blackmanharris62"
        stats: ["mean", "var", "median", "min", "max", "dmean", "dmean2", "dvar", "dvar2"]

lowlevel:
    average_loudness: 0.943767428398
    barkbands_kurtosis:
        dmean: 1.08265316486
        dmean2: 1.82022809982
        dvar: 3.58380103111
        dvar2: 9.55324363708
        max: 53.8389968872
        mean: 0.170458525419
        median: -0.320050835609
        min: -1.90095591545
        var: 4.54757881165
    barkbands_skewness:
        dmean: 0.416731089354
        dmean2: 0.673820078373
        dvar: 0.18775229156
        dvar2: 0.490375757217
        max: 6.81149148941
        mean: -0.70310997963
        median: -0.714391589165
        min: -4.84473323822
        var: 0.534820735455
    barkbands_spread:
        dmean: 5.95444345474
        dmean2: 9.68479061127
        dvar: 38.7785606384
        dvar2: 106.849403381
        max: 66.882484436
        mean: 25.3662643433
        median: 23.3744983673
        min: 2.40929055214
        var: 99.0738983154
    dissonance:
        dmean: 0.00926292128861
        dmean2: 0.0158535484225
        dvar: 0.000110818247776
        dvar2: 0.000299805455143
        max: 0.499999970198
        mean: 0.486935049295
        median: 0.490896046162
        min: 0.241270318627
        var: 0.000191561106476
    hfc:
        dmean: 4.3128900528
        dmean2: 7.25715637207
        dvar: 33.865020752
        dvar2: 90.6626663208
        max: 77.6973800659
        mean: 11.4862642288
        median: 10.6672677994
        min: 1.22726008158e-016
        var: 53.5294113159
    pitch:
        dmean: 860.977966309
        dmean2: 1626.07470703
        dvar: 1381981.125
        dvar2: 3289405.75
        max: 4091.46362305
        mean: 1785.15185547
        median: 1059.4354248
        min: 62.2119102478
        var: 2123087.75
    pitch_instantaneous_confidence:
        dmean: 0.0848144441843
        dmean2: 0.141181722283
        dvar: 0.00481349602342
        dvar2: 0.0126762297004
        max: 0.880146145821
        mean: 0.373633801937
        median: 0.354501068592
        min: 0.108538269997
        var: 0.0151217924431
    pitch_salience:
        dmean: 0.0529251508415
        dmean2: 0.0887254998088
        dvar: 0.00224424456246
        dvar2: 0.00589837599546
        max: 0.882650852203
        mean: 0.700462460518
        median: 0.718603610992
        min: 0.114230595529
        var: 0.00708962837234
    silence_rate_20dB:
        dmean: 0
        dmean2: 0
        dvar: 0
        dvar2: 0
        max: 1
        mean: 1
        median: 1
        min: 1
        var: 0
    silence_rate_30dB:
        dmean: 0
        dmean2: 0
        dvar: 0
        dvar2: 0
        max: 1
        mean: 1
        median: 1
        min: 1
        var: 0
    silence_rate_60dB:
        dmean: 0.0738946124911
        dmean2: 0.147804141045
        dvar: 0.0684298425913
        dvar2: 0.144335448742
        max: 1
        mean: 0.219137981534
        median: 0
        min: 0
        var: 0.171111479402
    spectral_centroid:
        dmean: 263.901885986
        dmean2: 432.983001709
        dvar: 75300.4375
        dvar2: 177520.265625
        max: 11020.5351563
        mean: 2107.78369141
        median: 2127.11279297
        min: 110.353721619
        var: 216033.53125
    spectral_complexity:
        dmean: 4.75126171112
        dmean2: 7.40070676804
        dvar: 20.5071334839
        dvar2: 47.5265197754
        max: 52
        mean: 20.7809638977
        median: 22
        min: 0
        var: 97.3315963745
    spectral_crest:
        dmean: 1.7118679285
        dmean2: 2.87324810028
        dvar: 2.65085697174
        dvar2: 6.84665107727
        max: 24.6767272949
        mean: 6.3877081871
        median: 5.77576208115
        min: 2.45576310158
        var: 6.25537967682
    spectral_decrease:
        dmean: 3.13690934339e-010
        dmean2: 5.00676333726e-010
        dvar: 1.46613395027e-019
        dvar2: 3.79578216301e-019
        max: 1.62127816058e-028
        mean: -1.11677811443e-009
        median: -1.13104936528e-009
        min: -4.76360018098e-009
        var: 3.48082487298e-019
    spectral_energy:
        dmean: 0.00155506690498
        dmean2: 0.00251440168358
        dvar: 3.79860989597e-006
        dvar2: 9.92212153506e-006
        max: 0.0250263139606
        mean: 0.00525681488216
        median: 0.00524720270187
        min: 1.05197025597e-020
        var: 8.14892518974e-006
    spectral_energyband_high:
        dmean: 0.000225126641453
        dmean2: 0.000393519905629
        dvar: 1.34509321015e-007
        dvar2: 3.75097698679e-007
        max: 0.00420448975638
        mean: 0.000379515317036
        median: 0.000296890881145
        min: 7.81375001457e-021
        var: 1.26600653516e-007
    spectral_energyband_low:
        dmean: 0.000138604213134
        dmean2: 0.000219812180148
        dvar: 2.70636029143e-008
        dvar2: 6.23648546139e-008
        max: 0.00332714128308
        mean: 0.000251634337474
        median: 0.00020076065266
        min: 2.51575126413e-023
        var: 5.30137818089e-008
    spectral_energyband_middle_high:
        dmean: 0.00123656389769
        dmean2: 0.0020328166429
        dvar: 2.19887601816e-006
        dvar2: 5.73822262595e-006
        max: 0.0238956939429
        mean: 0.0039300955832
        median: 0.00385420606472
        min: 1.29712108345e-021
        var: 5.59749560125e-006
    spectral_energyband_middle_low:
        dmean: 0.000383842358133
        dmean2: 0.000628306996077
        dvar: 3.66271052599e-007
        dvar2: 9.69976326815e-007
        max: 0.00564581528306
        mean: 0.000781971728429
        median: 0.000585500849411
        min: 3.05938888784e-022
        var: 5.02076659359e-007
    spectral_flatness_db:
        dmean: 0.013252033852
        dmean2: 0.0212937388569
        dvar: 0.000147877988638
        dvar2: 0.000344857224263
        max: 0.392783015966
        mean: 0.146720960736
        median: 0.141053006053
        min: 0.0651443451643
        var: 0.00112069572788
    spectral_flux:
        dmean: 0.00840392895043
        dmean2: 0.012892738916
        dvar: 9.42779370234e-005
        dvar2: 0.00016414388665
        max: 0.134588643909
        mean: 0.0458927676082
        median: 0.0465220324695
        min: 1.02565601845e-010
        var: 0.000290638039587
    spectral_kurtosis:
        dmean: 1.42473363876
        dmean2: 2.39784216881
        dvar: 4.34707355499
        dvar2: 12.207695961
        max: 65.2803421021
        mean: 5.05246019363
        median: 4.56065225601
        min: -1.20267653465
        var: 11.3513326645
    spectral_rms:
        dmean: 0.000316625373671
        dmean2: 0.000496347667649
        dvar: 1.27532047145e-007
        dvar2: 3.21800285974e-007
        max: 0.0049412464723
        mean: 0.00215490697883
        median: 0.00226256996393
        min: 3.20361120444e-012
        var: 4.84998906813e-007
    spectral_rolloff:
        dmean: 233.664520264
        dmean2: 380.515197754
        dvar: 90673.71875
        dvar2: 173367.234375
        max: 18927.6855469
        mean: 3428.1550293
        median: 3488.37890625
        min: 86.1328125
        var: 289709.53125
    spectral_skewness:
        dmean: 0.190632268786
        dmean2: 0.311848521233
        dvar: 0.0400628037751
        dvar2: 0.105380766094
        max: 5.84666204453
        mean: 1.50328886509
        median: 1.50429534912
        min: -0.0390261262655
        var: 0.148904904723
    spectral_spread:
        dmean: 414985.3125
        dmean2: 618720.4375
        dvar: 372903411712
        dvar2: 544334217216
        max: 40622236
        mean: 3858987.75
        median: 3701586
        min: 1137129.875
        var: 1.45713083187e+012
    spectral_strongpeak:
        dmean: 0.682106256485
        dmean2: 1.17296433449
        dvar: 0.630459785461
        dvar2: 1.68236625195
        max: 11.4962491989
        mean: 1.01179134846
        median: 0.67986279726
        min: 4.5000674298e-009
        var: 1.21031618118
    zerocrossingrate:
        dmean: 0.00679137790576
        dmean2: 0.00842505786568
        dvar: 5.49519209017e-005
        dvar2: 6.39926292934e-005
        max: 0.5068359375
        mean: 0.109194710851
        median: 0.11083984375
        min: 0.00537109375
        var: 0.000389629538404
    barkbands:
        dmean: [2.59921762336e-006, 9.83796926448e-005, 5.1183920732e-005, 8.21032008389e-005, 0.000142700271681, 8.09817138361e-005, 8.3663064288e-005, 6.63837199681e-005, 9.29698726395e-005, 0.000148436214658, 0.000140232936246, 0.00014292083506, 0.000117914241855, 8.95819393918e-005, 0.000149473780766, 0.000195794535102, 0.000217294393224, 0.000434914370999, 0.00045781742665, 0.00025477501913, 9.82876081252e-005, 1.76077428478e-005, 3.28884243572e-006, 2.72540728474e-006, 2.34996650761e-006, 4.06691107457e-008, 2.41884179353e-010]
        dmean2: [3.4729048366e-006, 0.00015824638831, 8.25083625386e-005, 0.000144983685459, 0.000260754459305, 0.00013235960796, 0.000133136636578, 0.000110346292786, 0.000150060033775, 0.000232742415392, 0.00022641842952, 0.00023133031209, 0.000191468847333, 0.000145500234794, 0.000239921108005, 0.000320202030707, 0.000367351138266, 0.000742479169276, 0.000786411692388, 0.000431935855886, 0.00017440704687, 3.07603513647e-005, 5.65495520277e-006, 4.46644799013e-006, 3.58190186489e-006, 6.23595397542e-008, 4.34404567873e-010]
        dvar: [1.04851275232e-011, 1.30005837207e-008, 9.77467973229e-009, 4.57332269832e-008, 1.4341053145e-007, 2.33026469232e-008, 3.21538671244e-008, 2.02002201632e-008, 1.99748555474e-008, 5.78366545767e-008, 5.16588158916e-008, 5.351051513e-008, 4.08477092151e-008, 2.87482180283e-008, 7.91831666902e-008, 1.06339705042e-007, 9.86132135949e-008, 3.77158357878e-007, 4.14886756062e-007, 1.0873129952e-007, 3.36898047237e-008, 9.39222921659e-010, 3.20718451796e-011, 3.24326121515e-011, 2.889581803e-011, 9.39100854643e-015, 1.03737037275e-019]
        dvar2: [1.93980196489e-011, 3.31637970419e-008, 2.17801687796e-008, 1.26781102949e-007, 4.09705535276e-007, 5.68608697904e-008, 7.49166702008e-008, 5.23399776853e-008, 4.89887028721e-008, 1.27253400706e-007, 1.22920312151e-007, 1.3367160534e-007, 1.03021179143e-007, 6.97255444493e-008, 1.94150572952e-007, 2.64197183242e-007, 2.58250736351e-007, 9.94031438495e-007, 1.12608336167e-006, 2.90935957992e-007, 9.53178940222e-008, 2.62961430408e-009, 8.42220668207e-011, 7.50854517451e-011, 5.75095110422e-011, 1.82391875583e-014, 3.1720259426e-019]
        max: [3.02543048747e-005, 0.0015997182345, 0.00275938911363, 0.003433117643, 0.00299301953055, 0.00316693075001, 0.00403389381245, 0.00222984026186, 0.00280061340891, 0.00559816369787, 0.00499382382259, 0.00355763710104, 0.00405347859487, 0.00367318978533, 0.00531374244019, 0.00606779940426, 0.00570676475763, 0.0121585000306, 0.0183262117207, 0.0045286398381, 0.00204911082983, 0.000331031449605, 8.09661287349e-005, 9.94078800431e-005, 0.000117039533507, 2.32382899412e-006, 4.12708134334e-009]
        mean: [3.3308822367e-006, 0.000148725215695, 7.25643476471e-005, 6.9851797889e-005, 0.000124109559692, 0.00012450684153, 0.000121548582683, 8.75218393048e-005, 0.000168343831319, 0.000297077844152, 0.000237033207668, 0.000249600765528, 0.000205683187232, 0.000157981645316, 0.000269019394182, 0.000362123479135, 0.000398665026296, 0.000709783227649, 0.000806933443528, 0.000466472032713, 0.000137121925945, 2.56558050751e-005, 5.23389371665e-006, 4.21530467065e-006, 3.65542655345e-006, 6.4505442765e-008, 2.59947147141e-010]
        median: [1.24065411455e-006, 0.000108038977487, 4.20699361712e-005, 1.96134024009e-005, 4.29038336733e-005, 6.375288649e-005, 5.54952421226e-005, 3.35123113473e-005, 9.70622932073e-005, 0.000144324090797, 0.000126088154502, 0.000108540720248, 8.90578085091e-005, 9.39296951401e-005, 0.000129544729134, 0.000210629455978, 0.000286294030957, 0.000499620451592, 0.000638645607978, 0.000379136472475, 9.4013303169e-005, 1.73397202161e-005, 3.65038340533e-006, 2.23141569222e-006, 1.39802932608e-006, 2.59991708162e-008, 1.35496655562e-010]
        min: [1.07011782249e-024, 1.43423716257e-023, 9.8691043082e-024, 5.82630379276e-024, 4.16853098089e-023, 5.26485042392e-023, 3.17444191584e-023, 8.68184466447e-023, 2.94429269337e-023, 1.36868301067e-022, 2.28913818956e-023, 4.46767839575e-023, 4.96853691298e-023, 7.12059679408e-023, 1.13594859636e-022, 1.77107881272e-022, 1.3795360959e-022, 2.24000323077e-022, 1.72623503638e-022, 2.92987256846e-022, 5.23878614407e-022, 3.52970725466e-022, 4.69794512694e-022, 7.91455386697e-022, 1.41356028521e-021, 1.70257357636e-021, 2.65663856539e-021]
        var: [1.95620741827e-011, 2.07513330963e-008, 1.33792470436e-008, 3.24052216172e-008, 9.08594230964e-008, 4.1033931808e-008, 5.23309324763e-008, 2.60068393487e-008, 4.55803892407e-008, 2.48113622092e-007, 1.1105635167e-007, 1.20102228607e-007, 8.60221831545e-008, 5.18707210517e-008, 1.68586410609e-007, 2.14847617031e-007, 1.80280522954e-007, 5.49576895992e-007, 5.16811951456e-007, 1.44075428921e-007, 2.65557389412e-008, 8.51607784291e-010, 3.80083013674e-011, 4.94435742349e-011, 5.79009132307e-011, 1.868826071e-014, 1.1286573143e-019]
    frequency_bands:
        dmean: [2.59921762336e-006, 9.83796926448e-005, 5.1183920732e-005, 8.21032008389e-005, 0.000142700271681, 8.09817138361e-005, 8.3663064288e-005, 6.63837199681e-005, 9.29698726395e-005, 0.000148436214658, 0.000140232936246, 0.00014292083506, 0.000117914241855, 8.95819393918e-005, 0.000149473780766, 0.000195794535102, 0.000217294393224, 0.000434914370999, 0.00045781742665, 0.00025477501913, 9.82876081252e-005, 1.76077428478e-005, 3.28884243572e-006, 2.72540728474e-006, 2.34996650761e-006, 4.06691107457e-008, 2.41884179353e-010, 6.21648982291e-011]
        dmean2: [3.4729048366e-006, 0.00015824638831, 8.25083625386e-005, 0.000144983685459, 0.000260754459305, 0.00013235960796, 0.000133136636578, 0.000110346292786, 0.000150060033775, 0.000232742415392, 0.00022641842952, 0.00023133031209, 0.000191468847333, 0.000145500234794, 0.000239921108005, 0.000320202030707, 0.000367351138266, 0.000742479169276, 0.000786411692388, 0.000431935855886, 0.00017440704687, 3.07603513647e-005, 5.65495520277e-006, 4.46644799013e-006, 3.58190186489e-006, 6.23595397542e-008, 4.34404567873e-010, 1.15261925004e-010]
        dvar: [1.04851275232e-011, 1.30005837207e-008, 9.77467973229e-009, 4.57332269832e-008, 1.4341053145e-007, 2.33026469232e-008, 3.21538671244e-008, 2.02002201632e-008, 1.99748555474e-008, 5.78366545767e-008, 5.16588158916e-008, 5.351051513e-008, 4.08477092151e-008, 2.87482180283e-008, 7.91831666902e-008, 1.06339705042e-007, 9.86132135949e-008, 3.77158357878e-007, 4.14886756062e-007, 1.0873129952e-007, 3.36898047237e-008, 9.39222921659e-010, 3.20718451796e-011, 3.24326121515e-011, 2.889581803e-011, 9.39100854643e-015, 1.03737037275e-019, 7.77634755683e-021]
        dvar2: [1.93980196489e-011, 3.31637970419e-008, 2.17801687796e-008, 1.26781102949e-007, 4.09705535276e-007, 5.68608697904e-008, 7.49166702008e-008, 5.23399776853e-008, 4.89887028721e-008, 1.27253400706e-007, 1.22920312151e-007, 1.3367160534e-007, 1.03021179143e-007, 6.97255444493e-008, 1.94150572952e-007, 2.64197183242e-007, 2.58250736351e-007, 9.94031438495e-007, 1.12608336167e-006, 2.90935957992e-007, 9.53178940222e-008, 2.62961430408e-009, 8.42220668207e-011, 7.50854517451e-011, 5.75095110422e-011, 1.82391875583e-014, 3.1720259426e-019, 2.45189258258e-020]
        max: [3.02543048747e-005, 0.0015997182345, 0.00275938911363, 0.003433117643, 0.00299301953055, 0.00316693075001, 0.00403389381245, 0.00222984026186, 0.00280061340891, 0.00559816369787, 0.00499382382259, 0.00355763710104, 0.00405347859487, 0.00367318978533, 0.00531374244019, 0.00606779940426, 0.00570676475763, 0.0121585000306, 0.0183262117207, 0.0045286398381, 0.00204911082983, 0.000331031449605, 8.09661287349e-005, 9.94078800431e-005, 0.000117039533507, 2.32382899412e-006, 4.12708134334e-009, 1.14728260225e-009]
        mean: [3.3308822367e-006, 0.000148725215695, 7.25643476471e-005, 6.9851797889e-005, 0.000124109559692, 0.00012450684153, 0.000121548582683, 8.75218393048e-005, 0.000168343831319, 0.000297077844152, 0.000237033207668, 0.000249600765528, 0.000205683187232, 0.000157981645316, 0.000269019394182, 0.000362123479135, 0.000398665026296, 0.000709783227649, 0.000806933443528, 0.000466472032713, 0.000137121925945, 2.56558050751e-005, 5.23389371665e-006, 4.21530467065e-006, 3.65542655345e-006, 6.4505442765e-008, 2.59947147141e-010, 4.8426273408e-011]
        median: [1.24065411455e-006, 0.000108038977487, 4.20699361712e-005, 1.96134024009e-005, 4.29038336733e-005, 6.375288649e-005, 5.54952421226e-005, 3.35123113473e-005, 9.70622932073e-005, 0.000144324090797, 0.000126088154502, 0.000108540720248, 8.90578085091e-005, 9.39296951401e-005, 0.000129544729134, 0.000210629455978, 0.000286294030957, 0.000499620451592, 0.000638645607978, 0.000379136472475, 9.4013303169e-005, 1.73397202161e-005, 3.65038340533e-006, 2.23141569222e-006, 1.39802932608e-006, 2.59991708162e-008, 1.35496655562e-010, 1.72026282108e-011]
        min: [1.07011782249e-024, 1.43423716257e-023, 9.8691043082e-024, 5.82630379276e-024, 4.16853098089e-023, 5.26485042392e-023, 3.17444191584e-023, 8.68184466447e-023, 2.94429269337e-023, 1.36868301067e-022, 2.28913818956e-023, 4.46767839575e-023, 4.96853691298e-023, 7.12059679408e-023, 1.13594859636e-022, 1.77107881272e-022, 1.3795360959e-022, 2.24000323077e-022, 1.72623503638e-022, 2.92987256846e-022, 5.23878614407e-022, 3.52970725466e-022, 4.69794512694e-022, 7.91455386697e-022, 1.41356028521e-021, 1.70257357636e-021, 2.65663856539e-021, 8.91784205992e-022]
        var: [1.95620741827e-011, 2.07513330963e-008, 1.33792470436e-008, 3.24052216172e-008, 9.08594230964e-008, 4.1033931808e-008, 5.23309324763e-008, 2.60068393487e-008, 4.55803892407e-008, 2.48113622092e-007, 1.1105635167e-007, 1.20102228607e-007, 8.60221831545e-008, 5.18707210517e-008, 1.68586410609e-007, 2.14847617031e-007, 1.80280522954e-007, 5.49576895992e-007, 5.16811951456e-007, 1.44075428921e-007, 2.65557389412e-008, 8.51607784291e-010, 3.80083013674e-011, 4.94435742349e-011, 5.79009132307e-011, 1.868826071e-014, 1.1286573143e-019, 6.32880773815e-021]
    mfcc:
        mean: [-702.059265137, 96.6663742065, -73.0279693604, 42.5771217346, -10.0903301239, -10.0683774948, 14.8838806152, 3.68132853508, 3.87271356583, -0.672848939896, -0.759451270103, -1.08760249615, 2.50469732285]
        cov: [[4649.51171875, 6.79449081421, -298.180206299, 333.179321289, -49.6911468506, 115.024856567, 182.836578369, -98.0826034546, -98.3856658936, -39.8310165405, 20.479227066, -9.64918899536, 34.0184631348], [6.79449081421, 681.498291016, -102.471389771, 76.4617233276, 31.3156452179, 13.1664495468, 27.2748680115, 33.5963134766, 32.3141784668, 8.49278831482, -8.8175868988, -15.1710987091, 1.34335565567], [-298.180206299, -102.471389771, 375.187805176, 81.8662643433, 67.5895004272, 12.5356693268, -8.01062202454, 21.3989868164, 12.4488706589, -5.86415052414, -8.55081176758, 2.24885630608, -24.1136035919], [333.179321289, 76.4617233276, 81.8662643433, 450.786437988, 37.9985847473, 81.2584381104, 26.8580207825, 26.35820961, 18.7160301208, -6.39669418335, -16.5323123932, -14.1704273224, -20.4310321808], [-49.6911468506, 31.3156452179, 67.5895004272, 37.9985847473, 170.941482544, 27.218132019, 3.56545186043, -3.55583667755, 23.2584285736, 19.3201198578, -0.501433908939, -2.34502220154, -0.583261787891], [115.024856567, 13.1664495468, 12.5356693268, 81.2584381104, 27.218132019, 154.66368103, 78.1794891357, 24.8895778656, -5.9441614151, 5.3703212738, 8.27082633972, 5.19889736176, -3.47679281235], [182.836578369, 27.2748680115, -8.01062202454, 26.8580207825, 3.56545186043, 78.1794891357, 163.860275269, 57.9757232666, 7.92834186554, -1.71343696117, 13.7758665085, 9.33559417725, 5.09819889069], [-98.0826034546, 33.5963134766, 21.3989868164, 26.35820961, -3.55583667755, 24.8895778656, 57.9757232666, 109.997161865, 37.5508842468, 13.0873394012, -4.300365448, 4.08214426041, -0.542357504368], [-98.3856658936, 32.3141784668, 12.4488706589, 18.7160301208, 23.2584285736, -5.9441614151, 7.92834186554, 37.5508842468, 86.6300506592, 34.5827484131, 5.92957782745, -5.04180622101, 7.56928491592], [-39.8310165405, 8.49278831482, -5.86415052414, -6.39669418335, 19.3201198578, 5.3703212738, -1.71343696117, 13.0873394012, 34.5827484131, 77.9420013428, 26.769777298, 3.68958806992, 2.24154996872], [20.479227066, -8.8175868988, -8.55081176758, -16.5323123932, -0.501433908939, 8.27082633972, 13.7758665085, -4.300365448, 5.92957782745, 26.769777298, 79.5480804443, 38.7222747803, 17.8718357086], [-9.64918899536, -15.1710987091, 2.24885630608, -14.1704273224, -2.34502220154, 5.19889736176, 9.33559417725, 4.08214426041, -5.04180622101, 3.68958806992, 38.7222747803, 67.4710845947, 32.1946754456], [34.0184631348, 1.34335565567, -24.1136035919, -20.4310321808, -0.583261787891, -3.47679281235, 5.09819889069, -0.542357504368, 7.56928491592, 2.24154996872, 17.8718357086, 32.1946754456, 67.3994674683]]
        icov: [[0.000282429595245, 5.4608884966e-005, 0.000241174348048, -0.000291526841465, 1.82117946679e-005, 8.83199172677e-005, -0.000457787304185, 0.000391913257772, 0.000251647521509, -5.24448623764e-005, -4.33686145698e-005, 0.000155227273353, -0.000192394698388], [5.4608884966e-005, 0.00167869997676, 0.000696449773386, -0.000386100087781, -0.000488169753226, 0.000174374858034, -0.000172185813426, -0.000401768746087, -0.000292452226859, 0.000159515038831, -1.25073911477e-005, 0.000284554727841, -1.9397259166e-005], [0.000241174348048, 0.000696449773386, 0.00361467129551, -0.00078875978943, -0.00143974379171, 0.000214696425246, 0.000109725064249, -0.000682146579493, -0.00010922436195, 0.000761146191508, 5.97918051426e-006, -0.000793726998381, 0.00126785098109], [-0.000291526841465, -0.000386100087781, -0.00078875978943, 0.0030194465071, -6.62703678245e-005, -0.00166863459162, 0.000839231885038, -0.000489914149512, -0.00102591770701, 0.000648278160952, 0.000299544102745, -2.79033283732e-005, 0.000661419995595], [1.82117946679e-005, -0.000488169753226, -0.00143974379171, -6.62703678245e-005, 0.00722399400547, -0.00139407347888, -0.000167827311088, 0.00196661055088, -0.00187016534619, -0.00155830569565, 0.000962375896052, -0.000225887561101, -0.000400960881962], [8.83199172677e-005, 0.000174374858034, 0.000214696425246, -0.00166863459162, -0.00139407347888, 0.0100539214909, -0.00467888545245, -0.000139404219226, 0.00251543475315, -0.00156909937505, -0.000192229475942, -0.000240700639552, 0.000317939295201], [-0.000457787304185, -0.000172185813426, 0.000109725064249, 0.000839231885038, -0.000167827311088, -0.00467888545245, 0.0109487706795, -0.00563105335459, -0.000178406044142, 0.00230901828036, -0.00244593480602, 0.000662217382342, -0.000312667078106], [0.000391913257772, -0.000401768746087, -0.000682146579493, -0.000489914149512, 0.00196661055088, -0.000139404219226, -0.00563105335459, 0.0153218386695, -0.00576756568626, -0.00165795965586, 0.00383272091858, -0.00331898103468, 0.00124864466488], [0.000251647521509, -0.000292452226859, -0.00010922436195, -0.00102591770701, -0.00187016534619, 0.00251543475315, -0.000178406044142, -0.00576756568626, 0.0186929684132, -0.00664747785777, -0.00119070953224, 0.00420797709376, -0.00396311562508], [-5.24448623764e-005, 0.000159515038831, 0.000761146191508, 0.000648278160952, -0.00155830569565, -0.00156909937505, 0.00230901828036, -0.00165795965586, -0.00664747785777, 0.0190314650536, -0.00726134050637, 0.00199929671362, 0.0012937320862], [-4.33686145698e-005, -1.25073911477e-005, 5.97918051426e-006, 0.000299544102745, 0.000962375896052, -0.000192229475942, -0.00244593480602, 0.00383272091858, -0.00119070953224, -0.00726134050637, 0.0216307379305, -0.01230040472, 0.000844426336698], [0.000155227273353, 0.000284554727841, -0.000793726998381, -2.79033283732e-005, -0.000225887561101, -0.000240700639552, 0.000662217382342, -0.00331898103468, 0.00420797709376, 0.00199929671362, -0.01230040472, 0.0275055002421, -0.0108836181462], [-0.000192394698388, -1.9397259166e-005, 0.00126785098109, 0.000661419995595, -0.000400960881962, 0.000317939295201, -0.000312667078106, 0.00124864466488, -0.00396311562508, 0.0012937320862, 0.000844426336698, -0.0108836181462, 0.0210120491683]]
    sccoeffs:
        dmean: [0.0576301813126, 0.0462410598993, 0.0381309017539, 0.0308089274913, 0.0211916789412, 0.0201483797282]
        dmean2: [0.0919542387128, 0.0770650953054, 0.0637078881264, 0.0512951724231, 0.0354026146233, 0.0318637154996]
        dvar: [0.00210157991387, 0.00134112453088, 0.000859060324728, 0.000597813457716, 0.000283681147266, 0.000335314165568]
        dvar2: [0.00543279899284, 0.00365072884597, 0.00234778295271, 0.00161604303867, 0.000780706759542, 0.000787332595792]
        max: [-0.380937725306, -0.461121499538, -0.546605288982, -0.597745418549, -0.663910448551, -0.543157339096]
        mean: [-0.72676295042, -0.778532862663, -0.779894351959, -0.78811532259, -0.785590291023, -0.76888936758]
        median: [-0.729409396648, -0.786708056927, -0.786544919014, -0.792746305466, -0.787959814072, -0.770848214626]
        min: [-0.960266888142, -0.957459211349, -0.955673694611, -0.960206151009, -0.956873595715, -0.959931135178]
        var: [0.00477799540386, 0.00356546463445, 0.00309600424953, 0.00204673362896, 0.000943512422964, 0.00137001718394]
    scvalleys:
        dmean: [0.380122512579, 0.346627414227, 0.274185657501, 0.239466935396, 0.249153792858, 0.323546260595]
        dmean2: [0.639747858047, 0.569909453392, 0.44783064723, 0.380671352148, 0.40241548419, 0.500970959663]
        dvar: [0.108040370047, 0.0924552977085, 0.0647721514106, 0.0505614168942, 0.080253623426, 0.161281272769]
        dvar2: [0.258452475071, 0.210157871246, 0.132263079286, 0.100442700088, 0.16978380084, 0.351522982121]
        max: [-5.45019626617, -4.76098203659, -5.13723182678, -5.34769153595, -5.38120746613, -7.74790668488]
        mean: [-7.05035209656, -6.80747175217, -6.54435396194, -6.81092691422, -6.66059970856, -9.70291137695]
        median: [-6.78004026413, -6.66804170609, -6.40523767471, -6.69175863266, -6.47513437271, -9.44289588928]
        min: [-26.8989048004, -27.415019989, -27.319437027, -27.2616939545, -27.4092082977, -27.2422485352]
        var: [1.33785784245, 0.905522525311, 0.824100911617, 0.842790007591, 0.926078557968, 1.57610273361]

rhythm:
    beats_loudness:
        dmean: 0.00164171250071
        dmean2: 0.00283725047484
        dvar: 2.18132231566e-006
        dvar2: 5.76304819333e-006
        max: 0.0139007363468
        mean: 0.0057135228999
        median: 0.00593060255051
        min: 3.10298386985e-009
        var: 5.66146718484e-006
    bpm: 103.891960144
    bpm_confidence: 0
    first_peak_bpm: 103
    first_peak_spread: 0.344303846359
    first_peak_weight: 0.654040396214
    onset_rate: 4.0171122551
    second_peak_bpm: 108
    second_peak_spread: 0
    second_peak_weight: 0.0025252525229
    beats_loudness_band_ratio:
        dmean: [0.0791839808226, 0.041536450386, 0.0824840515852, 0.108151733875, 0.12591740489, 0.099594078958]
        dmean2: [0.142988339067, 0.072331212461, 0.144219338894, 0.188646748662, 0.22081245482, 0.173174619675]
        dvar: [0.0085564693436, 0.00211360445246, 0.00733909895644, 0.00876880157739, 0.012673121877, 0.00895907636732]
        dvar2: [0.0234045628458, 0.00580428401008, 0.0181339848787, 0.0247734934092, 0.0338197983801, 0.0240584556013]
        max: [0.812834203243, 0.298489898443, 0.822896063328, 0.65383964777, 0.767829537392, 0.726159572601]
        mean: [0.121618047357, 0.051600933075, 0.114318445325, 0.158328860998, 0.333383738995, 0.249795690179]
        median: [0.103635452688, 0.0381936505437, 0.0761171355844, 0.12563419342, 0.309147983789, 0.24389860034]
        min: [7.45134748286e-005, 0.000766322831623, 0.00861021317542, 0.0109279230237, 0.0435952842236, 0.00226100720465]
        var: [0.0109984660521, 0.0020648939535, 0.0123452981934, 0.0121804308146, 0.0164166186005, 0.0127463908866]
    beats_position: [0.592108845711, 1.19582760334, 1.78793644905, 2.39165520668, 2.9837641716, 3.5758728981, 4.1679816246, 4.76009082794, 5.34058952332, 5.92108821869, 6.5015873909, 7.08208608627, 7.66258478165, 8.23147392273, 8.8119726181, 9.38086128235, 9.96135997772, 10.5418596268, 11.1223583221, 11.6912469864, 12.2601356506, 12.840634346, 13.4211339951, 14.0016326904, 14.5821313858, 15.15102005, 15.7199087143, 16.3004074097, 16.8809070587, 17.4614048004, 18.0419044495, 18.6224040985, 19.2029018402, 19.7717914581, 20.3406791687, 20.9211788177, 21.5016784668, 22.0821762085, 22.6510658264, 23.219953537, 23.800453186, 24.3809528351, 24.9614505768, 25.5419502258, 26.1108379364, 26.6797275543, 27.2602272034, 27.8407249451, 28.4212245941, 29.0017223358, 29.5706119537, 30.1511096954, 30.7199993134, 31.3004989624, 31.8809967041, 32.4614944458, 33.0419960022, 33.6108856201, 34.1797714233, 34.7602729797, 35.3407707214, 35.9096603394, 36.4901580811, 37.059047699, 37.6395454407, 38.2200431824, 38.8005447388, 39.3810424805, 39.9499320984, 40.5304298401, 41.099319458, 41.6798171997, 42.2603149414, 42.8408164978, 43.4213142395, 43.9902038574, 44.5590934753, 45.139591217, 45.7200889587, 46.3005905151, 46.8810882568, 47.4615859985, 48.0304756165, 48.6109733582, 49.1914749146, 49.7603607178, 50.3408622742, 50.9213600159, 51.5018577576, 52.0823554993, 52.6628570557, 53.2317466736, 53.8006324768, 54.3811340332, 54.9616317749, 55.5305213928, 56.1110191345, 56.6799087524, 57.2720184326, 57.8409042358, 58.4214057922, 59.0019035339, 59.5824012756, 60.1512908936, 60.7317886353, 61.3006782532, 61.8811798096, 62.4616775513, 63.042175293, 63.6110649109, 64.1799545288, 64.7604522705, 65.3409500122, 65.9214477539, 66.5019454956, 67.0824508667, 67.6513366699, 68.2202224731, 68.8007278442, 69.3812255859, 69.9617233276, 70.5422210693, 71.122718811, 71.6916122437, 72.2604980469, 72.8409957886, 73.4214935303, 74.001991272, 74.5708847046, 75.1397705078, 75.7202682495, 76.3007659912, 76.8812713623, 77.461769104, 78.0422668457, 78.6111526489, 79.1916503906, 79.7721557617, 80.3526535034, 80.9331512451, 81.5020370483, 82.070930481, 82.6514282227, 83.2203140259, 83.8008117676, 84.3813171387, 84.9618148804, 85.5423126221, 86.1111984253, 86.6800918579, 87.2605895996, 87.8410873413, 88.421585083, 88.9904708862, 89.5709762573, 90.1398620605, 90.7203598022, 91.3008575439, 91.8813552856, 92.4618606567, 93.0423583984, 93.6112442017, 94.1801376343, 94.760635376, 95.3411331177, 95.9216308594, 96.5021286011, 97.0826263428, 97.6631240845, 98.2320175171, 98.8009033203, 99.381401062, 99.9619064331, 100.542404175, 101.122901917, 101.69178772, 102.260681152, 102.841178894, 103.421676636, 104.002174377, 104.582672119, 105.163169861, 105.732063293, 106.300949097, 106.881446838, 107.46194458, 108.042449951, 108.622947693, 109.191833496, 109.760726929, 110.34122467, 110.921722412, 111.502220154, 112.082717896, 112.663215637, 113.243713379, 113.82421875, 114.381492615, 114.961990356, 115.542495728, 116.111381531, 116.680267334, 117.260765076, 117.841270447, 118.421768188, 119.00226593, 119.571151733, 120.140045166, 120.720542908, 121.301040649, 121.881538391, 122.462036133, 123.030929565, 123.599815369, 124.191925049, 124.772422791, 125.352920532, 125.921813965, 126.502311707, 127.082809448, 127.66330719, 128.232192993, 128.801086426, 129.369979858, 129.938858032, 130.519363403, 131.111465454, 131.691970825, 132.260864258, 132.84135437, 133.421859741, 134.002349854, 134.571243286, 135.151748657, 135.720626831, 136.301132202, 136.881637573, 137.450515747, 138.01940918, 138.599899292, 139.180404663, 139.760910034, 140.341400146, 140.921905518, 141.490783691, 142.059677124, 142.640182495, 143.220672607, 143.801177979, 144.381668091, 144.962173462, 145.542678833, 146.111557007, 146.680450439, 147.260955811, 147.841445923, 148.421951294, 149.002441406, 149.582946777, 150.15184021, 150.732330322, 151.301223755, 151.881713867, 152.462219238, 153.042724609, 153.623214722, 154.192108154, 154.761001587, 155.341491699, 155.92199707, 156.502487183, 157.082992554, 157.663482666, 158.232376099, 158.801269531, 159.381759644, 159.962265015, 160.542770386, 161.123260498, 161.703765869, 162.272644043, 162.841537476, 163.422042847, 164.002532959, 164.58303833, 165.151931763, 165.732421875, 166.301315308, 166.88180542, 167.462310791, 168.042816162, 168.623306274, 169.192199707, 169.772689819, 170.341583252, 170.910476685, 171.479354858, 172.059860229, 172.640365601, 173.220855713, 173.801361084, 174.381851196, 174.962356567, 175.54284668, 176.123352051, 176.703857422, 177.284347534, 177.853240967, 178.422134399, 179.002624512, 179.583129883, 180.163619995, 180.732513428, 181.30140686, 181.881896973, 182.462402344, 183.042892456, 183.611785889, 184.180679321, 184.761169434, 185.341674805, 185.922180176, 186.502670288, 187.083175659, 187.663665771, 188.244171143, 188.813064575, 189.381942749, 189.96244812, 190.531341553, 191.100219727, 191.692337036, 192.26121521, 192.841720581, 193.422225952, 194.002716064, 194.583221436, 195.163711548, 195.73260498, 196.301498413, 196.881988525, 197.462493896, 198.042984009, 198.611877441, 199.180770874, 199.761260986, 200.341766357, 200.92225647, 201.502761841, 202.083267212, 202.652145386, 203.221038818, 203.801544189, 204.382034302, 204.962539673, 205.543029785, 206.123535156, 206.692428589, 207.261306763, 207.841812134, 208.422302246, 209.002807617, 209.583312988, 210.163803101, 210.732696533, 211.301589966, 211.882080078, 212.462585449, 213.043075562, 213.623580933, 214.192474365, 214.772964478, 215.34185791, 215.922348022, 216.502853394, 217.083358765, 217.652236938, 218.221130371, 218.801635742, 219.382125854, 219.962631226, 220.543121338, 221.123626709, 221.692520142, 222.261398315, 222.841903687, 223.422393799, 224.00289917, 224.583404541, 225.163894653, 225.756011963, 226.348114014, 226.940216064, 227.543945313, 228.136047363, 228.728164673, 229.320266724]
