
metadata:
    version:
        essentia: "2.1-beta2"
    audio_properties:
        analysis_sample_rate: 44100
        bitrate: 320
        channels: 2
        equal_loudness: 1
        length: 237.023986816
        replay_gain: -15.4260978699
        downmix: "mix"
    tags:
        album: "Incomplete Me"
        artist: "For All Those Sleeping"
        comment: ""
        date: "2014"
        genre: "Other"
        title: "Hell or Heaven (feat. Jessica"
        tracknumber: "6"

configuration:
    average_loudness:
        compute: 1
        frameSize: 88200
        hopSize: 44100
        silentFrames: "noise"
        windowType: "hann"
    general:
        analysisSampleRate: 44100
        endTime: 2000
        equalLoudness: 1
        nequalLoudness: 0
        shortSound: 0
        startTime: 0
    lowlevel:
        compute: 1
        frameSize: 2048
        hopSize: 1024
        zeroPadding: 0
        silentFrames: "noise"
        windowType: "blackmanharris62"
        mfccStats: ["mean", "cov", "icov"]
        stats: ["mean", "var", "median", "min", "max", "dmean", "dmean2", "dvar", "dvar2"]
    panning:
        compute: 0
        frameSize: 8192
        hopSize: 2048
        zeroPadding: 8192
        silentFrames: "noise"
        windowType: "hann"
        stats: ["copy"]
    rhythm:
        compute: 1
        maxTempo: 208
        minTempo: 40
        method: "degara"
        stats: ["mean", "var", "median", "min", "max", "dmean", "dmean2", "dvar", "dvar2"]
    segmentation:
        compute: 0
        cpw: 5
        inc1: 300
        inc2: 50
        minimumSegmentsLength: 10
        size1: 1000
        size2: 600
    sfx:
        compute: 1
        stats: ["mean", "var", "median", "min", "max", "dmean", "dmean2", "dvar", "dvar2"]
    svm:
        compute: 0
    tonal:
        compute: 1
        frameSize: 4096
        hopSize: 2048
        zeroPadding: 0
        silentFrames: "noise"
        windowType: "blackmanharris62"
        stats: ["mean", "var", "median", "min", "max", "dmean", "dmean2", "dvar", "dvar2"]

lowlevel:
    average_loudness: 0.939756155014
    barkbands_kurtosis:
        dmean: 0.611016988754
        dmean2: 1.00495135784
        dvar: 0.790803790092
        dvar2: 2.1053519249
        max: 39.5077896118
        mean: -0.449360132217
        median: -0.78856664896
        min: -1.83289802074
        var: 3.01130366325
    barkbands_skewness:
        dmean: 0.322272092104
        dmean2: 0.512570738792
        dvar: 0.101970516145
        dvar2: 0.274909377098
        max: 5.67819261551
        mean: -0.454345494509
        median: -0.49937453866
        min: -3.88123631477
        var: 0.429652959108
    barkbands_spread:
        dmean: 4.98270320892
        dmean2: 7.88439321518
        dvar: 24.7529220581
        dvar2: 67.5963973999
        max: 71.9182510376
        mean: 29.8451557159
        median: 29.360578537
        min: 2.12581920624
        var: 84.6509780884
    dissonance:
        dmean: 0.0114461742342
        dmean2: 0.0193351767957
        dvar: 0.000137378519867
        dvar2: 0.000373091927031
        max: 0.499999642372
        mean: 0.476466268301
        median: 0.48310482502
        min: 0.138601958752
        var: 0.00102001952473
    hfc:
        dmean: 3.64184260368
        dmean2: 6.18803215027
        dvar: 28.9458789825
        dvar2: 79.3575210571
        max: 59.0832023621
        mean: 11.2208585739
        median: 10.2368383408
        min: 1.19437230686e-016
        var: 41.0183448792
    pitch:
        dmean: 829.83795166
        dmean2: 1597.09509277
        dvar: 1652621
        dvar2: 3831317
        max: 4698.60693359
        mean: 1413.22436523
        median: 374.795410156
        min: 78.4732284546
        var: 2263497.25
    pitch_instantaneous_confidence:
        dmean: 0.0749272480607
        dmean2: 0.121852360666
        dvar: 0.00405788607895
        dvar2: 0.0105360653251
        max: 0.985596001148
        mean: 0.416235983372
        median: 0.390974879265
        min: 0.142536103725
        var: 0.0185055918992
    pitch_salience:
        dmean: 0.0495731122792
        dmean2: 0.0816532894969
        dvar: 0.00187779485714
        dvar2: 0.00508902687579
        max: 0.850583732128
        mean: 0.648184716702
        median: 0.657518744469
        min: 0.144552007318
        var: 0.00641372334212
    silence_rate_20dB:
        dmean: 0
        dmean2: 0
        dvar: 0
        dvar2: 0
        max: 1
        mean: 1
        median: 1
        min: 1
        var: 0
    silence_rate_30dB:
        dmean: 0
        dmean2: 0
        dvar: 0
        dvar2: 0
        max: 1
        mean: 1
        median: 1
        min: 1
        var: 0
    silence_rate_60dB:
        dmean: 0.0489811897278
        dmean2: 0.097971983254
        dvar: 0.046588268131
        dvar2: 0.103850334883
        max: 1
        mean: 0.135860517621
        median: 0
        min: 0
        var: 0.117391526699
    spectral_centroid:
        dmean: 231.915359497
        dmean2: 376.709381104
        dvar: 62131.5664063
        dvar2: 160130.03125
        max: 11327.3984375
        mean: 1939.68395996
        median: 1971.43334961
        min: 154.482711792
        var: 219662.21875
    spectral_complexity:
        dmean: 4.23941993713
        dmean2: 6.78024864197
        dvar: 17.6060466766
        dvar2: 42.2425193787
        max: 49
        mean: 19.8098735809
        median: 20
        min: 0
        var: 64.9688186646
    spectral_crest:
        dmean: 1.52706742287
        dmean2: 2.49765372276
        dvar: 2.13234996796
        dvar2: 5.44993686676
        max: 24.5361232758
        mean: 6.44402694702
        median: 5.69453144073
        min: 2.52051329613
        var: 7.34305810928
    spectral_decrease:
        dmean: 2.7169469452e-010
        dmean2: 4.31548158319e-010
        dvar: 1.17237290494e-019
        dvar2: 3.07909478572e-019
        max: 3.17513625457e-029
        mean: -1.20150578375e-009
        median: -1.18058895993e-009
        min: -3.81807341299e-009
        var: 2.75470841218e-019
    spectral_energy:
        dmean: 0.00133245636243
        dmean2: 0.00215376052074
        dvar: 3.08959761242e-006
        dvar2: 8.20965396997e-006
        max: 0.018664419651
        mean: 0.00555252470076
        median: 0.00539830280468
        min: 1.07134615402e-020
        var: 6.32785486232e-006
    spectral_energyband_high:
        dmean: 0.000224548173719
        dmean2: 0.000388938060496
        dvar: 1.45526612982e-007
        dvar2: 4.06817946441e-007
        max: 0.00383805343881
        mean: 0.000413995643612
        median: 0.000317572790664
        min: 7.8249969244e-021
        var: 1.38139299111e-007
    spectral_energyband_low:
        dmean: 0.000159341580002
        dmean2: 0.000246764451731
        dvar: 2.90710850948e-008
        dvar2: 8.22439361059e-008
        max: 0.00209708046168
        mean: 0.000368091801647
        median: 0.000330575974658
        min: 6.88668817609e-023
        var: 5.81643355702e-008
    spectral_energyband_middle_high:
        dmean: 0.00103225233033
        dmean2: 0.00169891351834
        dvar: 1.68917154042e-006
        dvar2: 4.50706238553e-006
        max: 0.0151353850961
        mean: 0.00364101212472
        median: 0.00343553884886
        min: 1.39578690822e-021
        var: 4.02204523198e-006
    spectral_energyband_middle_low:
        dmean: 0.000401410507038
        dmean2: 0.000626252323855
        dvar: 2.91871941727e-007
        dvar2: 7.56288045523e-007
        max: 0.00670986808836
        mean: 0.00120924552903
        median: 0.0010584872216
        min: 3.20623111705e-022
        var: 6.81938615799e-007
    spectral_flatness_db:
        dmean: 0.0110595170408
        dmean2: 0.017837960273
        dvar: 9.6018811746e-005
        dvar2: 0.000239747183514
        max: 0.448911219835
        mean: 0.142865926027
        median: 0.135593593121
        min: 0.0599115900695
        var: 0.00163529522251
    spectral_flux:
        dmean: 0.00780885061249
        dmean2: 0.0119005134329
        dvar: 8.1167643657e-005
        dvar2: 0.000146261314512
        max: 0.121038876474
        mean: 0.0420333296061
        median: 0.0402483977377
        min: 1.03505849725e-010
        var: 0.000255430320976
    spectral_kurtosis:
        dmean: 1.22275531292
        dmean2: 2.1190226078
        dvar: 4.37650156021
        dvar2: 14.7030487061
        max: 139.052017212
        mean: 4.82763290405
        median: 4.03606891632
        min: -1.25195205212
        var: 52.39270401
    spectral_rms:
        dmean: 0.000262855086476
        dmean2: 0.000414289359469
        dvar: 9.74301670453e-008
        dvar2: 2.51310211752e-007
        max: 0.00426722271368
        mean: 0.00225106440485
        median: 0.00229491549544
        min: 3.23297963921e-012
        var: 3.49817980805e-007
    spectral_rolloff:
        dmean: 233.411071777
        dmean2: 381.853057861
        dvar: 80639.03125
        dvar2: 173202.71875
        max: 18992.2851563
        mean: 3400.16699219
        median: 3509.91210938
        min: 107.666015625
        var: 369106.5625
    spectral_skewness:
        dmean: 0.173450961709
        dmean2: 0.287827581167
        dvar: 0.0352456606925
        dvar2: 0.110022231936
        max: 9.08786487579
        mean: 1.44820964336
        median: 1.41068077087
        min: -0.0034510162659
        var: 0.378026157618
    spectral_spread:
        dmean: 384266.21875
        dmean2: 577976.75
        dvar: 411504443392
        dvar2: 652165578752
        max: 41575824
        mean: 4162977.5
        median: 3948452.25
        min: 830512.875
        var: 1.79523472589e+012
    spectral_strongpeak:
        dmean: 0.642408132553
        dmean2: 1.08709657192
        dvar: 0.666191339493
        dvar2: 1.64199006557
        max: 8.69522857666
        mean: 1.15969443321
        median: 0.717719376087
        min: 3.1119047339e-009
        var: 1.49711847305
    zerocrossingrate:
        dmean: 0.00631441222504
        dmean2: 0.00760057801381
        dvar: 4.52493659395e-005
        dvar2: 5.63722896914e-005
        max: 0.50537109375
        mean: 0.10471047461
        median: 0.10693359375
        min: 0.00537109375
        var: 0.000419740041252
    barkbands:
        dmean: [2.51787037087e-006, 0.000107861975266, 6.92167959642e-005, 7.03078330844e-005, 0.000139989046147, 0.000158519454999, 8.43546222313e-005, 6.45757245366e-005, 0.000108825224743, 0.000128101819428, 0.000100881203252, 0.000105445949885, 8.16463580122e-005, 9.5215793408e-005, 0.000132911765832, 0.000164211218362, 0.000228327291552, 0.000350020301994, 0.000371661240933, 0.000232622231124, 0.000101975769212, 2.00696722459e-005, 3.11516168949e-006, 2.1210628347e-006, 2.35809784499e-006, 7.50144906192e-008, 2.80459627744e-010]
        dmean2: [3.37973278874e-006, 0.000171896841493, 0.000107446074253, 0.000121912256873, 0.000242710768362, 0.000244619732257, 0.000129585445393, 9.77651579888e-005, 0.000158177164849, 0.000193682892132, 0.000156426496687, 0.000157277245307, 0.000129512831336, 0.000149677493027, 0.000207790959394, 0.000260895641986, 0.000375569186872, 0.00059971580049, 0.000640683108941, 0.000395359616959, 0.000178881615284, 3.50273257936e-005, 5.40158134754e-006, 3.52463052877e-006, 3.60681315215e-006, 1.11014173854e-007, 4.97004215561e-010]
        dvar: [1.29966211404e-011, 1.49693892837e-008, 8.03791788684e-009, 3.56295473125e-008, 1.07882641487e-007, 6.34849897097e-008, 2.43726194782e-008, 1.33492052967e-008, 3.74014881288e-008, 4.49270807223e-008, 4.10841067833e-008, 3.65366403798e-008, 3.02786560269e-008, 3.03120515355e-008, 6.32182448612e-008, 9.84661738812e-008, 1.25829785702e-007, 2.43706182346e-007, 2.55895685086e-007, 9.53923091629e-008, 3.77503610594e-008, 1.52855672564e-009, 2.91200258351e-011, 1.69503994174e-011, 3.5679847965e-011, 7.60920257467e-014, 1.52367896678e-019]
        dvar2: [2.22096282337e-011, 4.13838243674e-008, 2.35834125561e-008, 9.92108084574e-008, 2.99600827702e-007, 1.42158995686e-007, 5.50295524704e-008, 2.9094477938e-008, 7.48798214545e-008, 9.4567390363e-008, 8.34998274968e-008, 7.32567997375e-008, 6.76118645515e-008, 6.76725022686e-008, 1.46792643818e-007, 2.28725454576e-007, 2.95579951626e-007, 6.62681031827e-007, 7.02837326116e-007, 2.60186453716e-007, 1.061627799e-007, 4.31370406062e-009, 8.06597080794e-011, 3.9868455759e-011, 7.16414844115e-011, 1.57725557875e-013, 4.21552695154e-019]
        max: [3.74712071789e-005, 0.0012014558306, 0.00149804749526, 0.00258419127204, 0.00329521135427, 0.0042794207111, 0.0036599917803, 0.00209173839539, 0.0039323954843, 0.00610317056999, 0.00497495243326, 0.00463959435001, 0.00491782976314, 0.00399550562724, 0.00484913168475, 0.00635589193553, 0.00848193559796, 0.00578361516818, 0.00857328716666, 0.00319420266896, 0.00240178359672, 0.000475409149658, 7.7609285654e-005, 8.70525909704e-005, 0.000115398477647, 9.21591163205e-006, 7.07424518964e-009]
        mean: [3.32269337378e-006, 0.000195344808162, 0.000136994669447, 7.43457858334e-005, 0.000175475535798, 0.000336999743013, 0.000168434678926, 0.000129919761093, 0.000248897995334, 0.000277244253084, 0.0001860405755, 0.000244295690209, 0.000143382028909, 0.000183625597856, 0.000266890303465, 0.000317059166264, 0.000454919732874, 0.000590579933487, 0.000741133873817, 0.000477172288811, 0.000156897382112, 3.03314664052e-005, 5.40358132639e-006, 3.62397645404e-006, 4.08082587455e-006, 1.19004589294e-007, 3.0610855517e-010]
        median: [9.84896814771e-007, 0.000161293806741, 0.00010250651394, 2.73774076049e-005, 7.15345377102e-005, 0.000172733009094, 8.8164844783e-005, 5.19345412613e-005, 0.000104337806988, 0.000139613708598, 9.43030827329e-005, 0.000111995163024, 6.74424882163e-005, 8.91369127203e-005, 0.000113972164399, 0.000157558344654, 0.00027495768154, 0.000402390112868, 0.000602623913437, 0.000393818481825, 0.000107670246507, 2.03335675906e-005, 4.19827165388e-006, 2.07821062759e-006, 1.23617280678e-006, 2.96774178565e-008, 1.48753412366e-010]
        min: [6.50056916197e-023, 1.09045568215e-023, 3.26039809334e-023, 8.35823135972e-024, 9.7584100838e-023, 1.38853419048e-023, 3.43632196381e-023, 3.52937189411e-023, 1.26825458033e-022, 4.40345565173e-023, 4.71159544982e-023, 4.5914579293e-023, 7.41940846974e-023, 1.17056873537e-022, 7.74873076085e-023, 1.34159390584e-022, 1.47867521197e-022, 3.02136225811e-022, 2.67543349831e-022, 3.55595246765e-022, 4.53889915641e-022, 4.922470844e-022, 4.71179222329e-022, 1.11745335485e-021, 1.25812808018e-021, 1.49804650561e-021, 2.51924216927e-021]
        var: [2.52220102442e-011, 2.2299946778e-008, 1.67808700269e-008, 2.9139245683e-008, 9.81768053521e-008, 1.98441952648e-007, 5.5794544096e-008, 4.49109229805e-008, 1.3412251576e-007, 1.63905838235e-007, 1.14239028903e-007, 1.747963978e-007, 6.14277695377e-008, 8.81413910747e-008, 2.02123274562e-007, 2.30592291928e-007, 3.74443345663e-007, 3.32506346012e-007, 3.35623496994e-007, 1.26245367937e-007, 3.11463814739e-008, 1.25674104456e-009, 2.88385253178e-011, 2.80276028081e-011, 7.56584725425e-011, 1.55619102131e-013, 2.26214949927e-019]
    frequency_bands:
        dmean: [2.51787037087e-006, 0.000107861975266, 6.92167959642e-005, 7.03078330844e-005, 0.000139989046147, 0.000158519454999, 8.43546222313e-005, 6.45757245366e-005, 0.000108825224743, 0.000128101819428, 0.000100881203252, 0.000105445949885, 8.16463580122e-005, 9.5215793408e-005, 0.000132911765832, 0.000164211218362, 0.000228327291552, 0.000350020301994, 0.000371661240933, 0.000232622231124, 0.000101975769212, 2.00696722459e-005, 3.11516168949e-006, 2.1210628347e-006, 2.35809784499e-006, 7.50144906192e-008, 2.80459627744e-010, 6.72745956165e-011]
        dmean2: [3.37973278874e-006, 0.000171896841493, 0.000107446074253, 0.000121912256873, 0.000242710768362, 0.000244619732257, 0.000129585445393, 9.77651579888e-005, 0.000158177164849, 0.000193682892132, 0.000156426496687, 0.000157277245307, 0.000129512831336, 0.000149677493027, 0.000207790959394, 0.000260895641986, 0.000375569186872, 0.00059971580049, 0.000640683108941, 0.000395359616959, 0.000178881615284, 3.50273257936e-005, 5.40158134754e-006, 3.52463052877e-006, 3.60681315215e-006, 1.11014173854e-007, 4.97004215561e-010, 1.25055660272e-010]
        dvar: [1.29966211404e-011, 1.49693892837e-008, 8.03791788684e-009, 3.56295473125e-008, 1.07882641487e-007, 6.34849897097e-008, 2.43726194782e-008, 1.33492052967e-008, 3.74014881288e-008, 4.49270807223e-008, 4.10841067833e-008, 3.65366403798e-008, 3.02786560269e-008, 3.03120515355e-008, 6.32182448612e-008, 9.84661738812e-008, 1.25829785702e-007, 2.43706182346e-007, 2.55895685086e-007, 9.53923091629e-008, 3.77503610594e-008, 1.52855672564e-009, 2.91200258351e-011, 1.69503994174e-011, 3.5679847965e-011, 7.60920257467e-014, 1.52367896678e-019, 8.03338585425e-021]
        dvar2: [2.22096282337e-011, 4.13838243674e-008, 2.35834125561e-008, 9.92108084574e-008, 2.99600827702e-007, 1.42158995686e-007, 5.50295524704e-008, 2.9094477938e-008, 7.48798214545e-008, 9.4567390363e-008, 8.34998274968e-008, 7.32567997375e-008, 6.76118645515e-008, 6.76725022686e-008, 1.46792643818e-007, 2.28725454576e-007, 2.95579951626e-007, 6.62681031827e-007, 7.02837326116e-007, 2.60186453716e-007, 1.061627799e-007, 4.31370406062e-009, 8.06597080794e-011, 3.9868455759e-011, 7.16414844115e-011, 1.57725557875e-013, 4.21552695154e-019, 2.55429269565e-020]
        max: [3.74712071789e-005, 0.0012014558306, 0.00149804749526, 0.00258419127204, 0.00329521135427, 0.0042794207111, 0.0036599917803, 0.00209173839539, 0.0039323954843, 0.00610317056999, 0.00497495243326, 0.00463959435001, 0.00491782976314, 0.00399550562724, 0.00484913168475, 0.00635589193553, 0.00848193559796, 0.00578361516818, 0.00857328716666, 0.00319420266896, 0.00240178359672, 0.000475409149658, 7.7609285654e-005, 8.70525909704e-005, 0.000115398477647, 9.21591163205e-006, 7.07424518964e-009, 9.88241266597e-010]
        mean: [3.32269337378e-006, 0.000195344808162, 0.000136994669447, 7.43457858334e-005, 0.000175475535798, 0.000336999743013, 0.000168434678926, 0.000129919761093, 0.000248897995334, 0.000277244253084, 0.0001860405755, 0.000244295690209, 0.000143382028909, 0.000183625597856, 0.000266890303465, 0.000317059166264, 0.000454919732874, 0.000590579933487, 0.000741133873817, 0.000477172288811, 0.000156897382112, 3.03314664052e-005, 5.40358132639e-006, 3.62397645404e-006, 4.08082587455e-006, 1.19004589294e-007, 3.0610855517e-010, 5.24844820382e-011]
        median: [9.84896814771e-007, 0.000161293806741, 0.00010250651394, 2.73774076049e-005, 7.15345377102e-005, 0.000172733009094, 8.8164844783e-005, 5.19345412613e-005, 0.000104337806988, 0.000139613708598, 9.43030827329e-005, 0.000111995163024, 6.74424882163e-005, 8.91369127203e-005, 0.000113972164399, 0.000157558344654, 0.00027495768154, 0.000402390112868, 0.000602623913437, 0.000393818481825, 0.000107670246507, 2.03335675906e-005, 4.19827165388e-006, 2.07821062759e-006, 1.23617280678e-006, 2.96774178565e-008, 1.48753412366e-010, 2.10815462309e-011]
        min: [6.50056916197e-023, 1.09045568215e-023, 3.26039809334e-023, 8.35823135972e-024, 9.7584100838e-023, 1.38853419048e-023, 3.43632196381e-023, 3.52937189411e-023, 1.26825458033e-022, 4.40345565173e-023, 4.71159544982e-023, 4.5914579293e-023, 7.41940846974e-023, 1.17056873537e-022, 7.74873076085e-023, 1.34159390584e-022, 1.47867521197e-022, 3.02136225811e-022, 2.67543349831e-022, 3.55595246765e-022, 4.53889915641e-022, 4.922470844e-022, 4.71179222329e-022, 1.11745335485e-021, 1.25812808018e-021, 1.49804650561e-021, 2.51924216927e-021, 8.65353200482e-022]
        var: [2.52220102442e-011, 2.2299946778e-008, 1.67808700269e-008, 2.9139245683e-008, 9.81768053521e-008, 1.98441952648e-007, 5.5794544096e-008, 4.49109229805e-008, 1.3412251576e-007, 1.63905838235e-007, 1.14239028903e-007, 1.747963978e-007, 6.14277695377e-008, 8.81413910747e-008, 2.02123274562e-007, 2.30592291928e-007, 3.74443345663e-007, 3.32506346012e-007, 3.35623496994e-007, 1.26245367937e-007, 3.11463814739e-008, 1.25674104456e-009, 2.88385253178e-011, 2.80276028081e-011, 7.56584725425e-011, 1.55619102131e-013, 2.26214949927e-019, 6.46072688998e-021]
    mfcc:
        mean: [-692.319519043, 103.74887085, -62.8541374207, 49.5759353638, -11.5977201462, -9.52234077454, 12.7029237747, 0.212001994252, 2.57859897614, -1.49066579342, -0.364554435015, -0.893898546696, 3.28828573227]
        cov: [[3830.34912109, 45.414024353, -527.922607422, 185.117706299, -140.712463379, -17.8670272827, 38.4986152649, 58.3700828552, 55.6843109131, 12.6711244583, -10.0276412964, -95.0236816406, -77.4947967529], [45.414024353, 452.497589111, -88.178894043, 55.0652008057, -55.6145973206, 5.54902791977, 27.4259128571, -10.3177566528, -23.2459697723, 3.50929260254, 6.75371265411, -8.18303394318, -6.89721298218], [-527.922607422, -88.178894043, 396.449249268, -24.8374061584, 92.3144836426, -36.8512458801, -31.9790706635, -23.9061355591, -31.5913677216, -27.7516098022, 10.223408699, 12.6729488373, -11.6762466431], [185.117706299, 55.0652008057, -24.8374061584, 278.292816162, -12.2154769897, 35.9629936218, 4.31186819077, 23.4984703064, 10.8592767715, -42.1515579224, -12.2875022888, 29.2181377411, 19.3907337189], [-140.712463379, -55.6145973206, 92.3144836426, -12.2154769897, 174.642944336, -25.2499580383, -19.2639274597, -30.9102115631, 12.36992836, -10.1193208694, -4.62379169464, -9.41660022736, -8.48234462738], [-17.8670272827, 5.54902791977, -36.8512458801, 35.9629936218, -25.2499580383, 156.401779175, 61.23072052, 21.9488563538, -8.56092739105, 15.3002700806, 1.1031472683, 4.5598783493, 5.71747636795], [38.4986152649, 27.4259128571, -31.9790706635, 4.31186819077, -19.2639274597, 61.23072052, 136.225326538, 35.704120636, -2.51634311676, -14.1550302505, 8.85024166107, -0.468677967787, 2.61213493347], [58.3700828552, -10.3177566528, -23.9061355591, 23.4984703064, -30.9102115631, 21.9488563538, 35.704120636, 88.6891860962, 30.1617393494, 3.70813941956, -5.51123285294, 13.9716978073, 16.0159988403], [55.6843109131, -23.2459697723, -31.5913677216, 10.8592767715, 12.36992836, -8.56092739105, -2.51634311676, 30.1617393494, 94.1868896484, 23.5404701233, -1.1591553688, -5.17099189758, 8.97224712372], [12.6711244583, 3.50929260254, -27.7516098022, -42.1515579224, -10.1193208694, 15.3002700806, -14.1550302505, 3.70813941956, 23.5404701233, 91.921333313, 25.1302051544, -7.06822156906, -13.9496660233], [-10.0276412964, 6.75371265411, 10.223408699, -12.2875022888, -4.62379169464, 1.1031472683, 8.85024166107, -5.51123285294, -1.1591553688, 25.1302051544, 62.8480300903, 21.7874164581, -3.64730834961], [-95.0236816406, -8.18303394318, 12.6729488373, 29.2181377411, -9.41660022736, 4.5598783493, -0.468677967787, 13.9716978073, -5.17099189758, -7.06822156906, 21.7874164581, 83.2554855347, 42.3844985962], [-77.4947967529, -6.89721298218, -11.6762466431, 19.3907337189, -8.48234462738, 5.71747636795, 2.61213493347, 16.0159988403, 8.97224712372, -13.9496660233, -3.64730834961, 42.3844985962, 79.0659255981]]
        icov: [[0.000364665233064, 0.000119656135212, 0.000496840511914, -0.000303423905279, 7.58270034567e-005, 0.000254325306742, -3.62015016435e-005, -0.000193341067643, 6.34783427813e-005, 5.4073305364e-005, -0.000242629568675, 0.000391173671233, 0.000327196816215], [0.000119656135212, 0.00260387943126, 0.000592084019445, -0.000835553277284, 0.000604632776231, 0.00066098687239, -0.000792398757767, 0.000609119830187, 0.000803220842499, -0.00059338088613, -0.000264454050921, 0.000567132374272, 4.45822552138e-005], [0.000496840511914, 0.000592084019445, 0.00396020710468, -0.000203017058084, -0.00153378257528, 0.000591010495555, 0.000609248469118, -0.000844469701406, 0.00136631948408, 0.00103387318086, -0.00126865739003, -2.07652756217e-005, 0.00109685538337], [-0.000303423905279, -0.000835553277284, -0.000203017058084, 0.00494851870462, -0.000123295656522, -0.0019793456886, 0.00136814289726, -0.000733199645765, -0.00146666076034, 0.00303973769769, 0.000299761799397, -0.00203877221793, 0.000428828963777], [7.58270034567e-005, 0.000604632776231, -0.00153378257528, -0.000123295656522, 0.00760928401724, 0.000412051886087, -0.000486638513394, 0.00316767161712, -0.00253389612772, 0.000530269229785, 0.000760867260396, 0.000215093168663, 0.000392649380956], [0.000254325306742, 0.00066098687239, 0.000591010495555, -0.0019793456886, 0.000412051886087, 0.00942048523575, -0.00461188191548, -0.000166104800883, 0.0022798217833, -0.00410562660545, 0.00158133753575, 0.000160661671543, -0.000567610142753], [-3.62015016435e-005, -0.000792398757767, 0.000609248469118, 0.00136814289726, -0.000486638513394, -0.00461188191548, 0.0116863260046, -0.00486826570705, 0.000206495897146, 0.00486442446709, -0.0043611638248, 0.00187367317267, 0.000160387615324], [-0.000193341067643, 0.000609119830187, -0.000844469701406, -0.000733199645765, 0.00316767161712, -0.000166104800883, -0.00486826570705, 0.0175247006118, -0.00577336736023, -0.00170131283812, 0.00416211178526, -0.00365704880096, -0.000611068215221], [6.34783427813e-005, 0.000803220842499, 0.00136631948408, -0.00146666076034, -0.00253389612772, 0.0022798217833, 0.000206495897146, -0.00577336736023, 0.0154194179922, -0.00471656443551, -0.000434901827248, 0.00314906635322, -0.00287036621012], [5.4073305364e-005, -0.00059338088613, 0.00103387318086, 0.00303973769769, 0.000530269229785, -0.00410562660545, 0.00486442446709, -0.00170131283812, -0.00471656443551, 0.0180021226406, -0.00782938394696, 0.00135216407944, 0.00257146125659], [-0.000242629568675, -0.000264454050921, -0.00126865739003, 0.000299761799397, 0.000760867260396, 0.00158133753575, -0.0043611638248, 0.00416211178526, -0.000434901827248, -0.00782938394696, 0.0239169765264, -0.00981253385544, 0.00377796916291], [0.000391173671233, 0.000567132374272, -2.07652756217e-005, -0.00203877221793, 0.000215093168663, 0.000160661671543, 0.00187367317267, -0.00365704880096, 0.00314906635322, 0.00135216407944, -0.00981253385544, 0.0223027989268, -0.0109070362523], [0.000327196816215, 4.45822552138e-005, 0.00109685538337, 0.000428828963777, 0.000392649380956, -0.000567610142753, 0.000160387615324, -0.000611068215221, -0.00287036621012, 0.00257146125659, 0.00377796916291, -0.0109070362523, 0.0200312901288]]
    sccoeffs:
        dmean: [0.051271032542, 0.0435430370271, 0.0345929786563, 0.0290126148611, 0.0197325702757, 0.018734132871]
        dmean2: [0.0821788832545, 0.071489751339, 0.0558898225427, 0.0474060066044, 0.0328748002648, 0.0296459458768]
        dvar: [0.00170287780929, 0.00125470012426, 0.000784996140283, 0.000548793177586, 0.000249214761425, 0.000291057222057]
        dvar2: [0.0045683584176, 0.00334387575276, 0.0020041060634, 0.00142517418135, 0.000678403361235, 0.000704074394889]
        max: [-0.31036195159, -0.409782975912, -0.445897132158, -0.550428271294, -0.616353332996, -0.539911687374]
        mean: [-0.702582716942, -0.721367776394, -0.754271924496, -0.771946787834, -0.785934567451, -0.755129277706]
        median: [-0.703464865685, -0.724376440048, -0.760568976402, -0.778095126152, -0.787837147713, -0.758052945137]
        min: [-0.963775336742, -0.957662165165, -0.960254251957, -0.962053775787, -0.96550744772, -0.958547651768]
        var: [0.00454954709858, 0.00470200972632, 0.00369581277482, 0.00249977083877, 0.00105986453127, 0.00215303199366]
    scvalleys:
        dmean: [0.348682790995, 0.321429550648, 0.252056926489, 0.221795424819, 0.218792811036, 0.27256950736]
        dmean2: [0.592794597149, 0.531199574471, 0.411922246218, 0.362460762262, 0.357945114374, 0.434608966112]
        dvar: [0.0922662243247, 0.082410313189, 0.0575649999082, 0.0483505576849, 0.0694212540984, 0.121752046049]
        dvar2: [0.239762142301, 0.205209925771, 0.130265906453, 0.105285517871, 0.158836498857, 0.289623767138]
        max: [-5.3660826683, -5.08264255524, -5.19490528107, -5.60559940338, -5.28725624084, -7.96148109436]
        mean: [-6.82456493378, -6.75704860687, -6.70244169235, -7.05279111862, -6.6667342186, -9.71317100525]
        median: [-6.66215896606, -6.60804891586, -6.54673480988, -6.9216542244, -6.52704191208, -9.52969455719]
        min: [-27.3661174774, -27.4188976288, -27.446346283, -27.0636081696, -27.0709190369, -27.2256546021]
        var: [0.975153446198, 0.970326602459, 0.965683698654, 0.959296047688, 0.992690086365, 1.5241600275]

rhythm:
    beats_loudness:
        dmean: 0.00154726090841
        dmean2: 0.00267557078041
        dvar: 1.98875386559e-006
        dvar2: 6.01361352892e-006
        max: 0.0174525268376
        mean: 0.00564536545426
        median: 0.00565094687045
        min: 1.35721140992e-008
        var: 4.00599310524e-006
    bpm: 152.926101685
    bpm_confidence: 0
    first_peak_bpm: 152
    first_peak_spread: 0.0359550304711
    first_peak_weight: 0.716193675995
    onset_rate: 3.51019358635
    second_peak_bpm: 157
    second_peak_spread: 0
    second_peak_weight: 0.218697831035
    beats_loudness_band_ratio:
        dmean: [0.0614265277982, 0.0648686438799, 0.0712993294001, 0.091086179018, 0.106244452298, 0.075103521347]
        dmean2: [0.103161580861, 0.110889755189, 0.120660230517, 0.159028142691, 0.177909761667, 0.125677734613]
        dvar: [0.00418170727789, 0.00445701926947, 0.00556091126055, 0.00918380264193, 0.00927649997175, 0.00390653125942]
        dvar2: [0.0103967506438, 0.012724224478, 0.0146318152547, 0.0254051033407, 0.0249163359404, 0.0106511311606]
        max: [0.783692836761, 0.488867789507, 0.880275785923, 0.572450935841, 0.740046799183, 0.50229883194]
        mean: [0.139087542892, 0.0888606607914, 0.11623326689, 0.138854458928, 0.285741001368, 0.25681501627]
        median: [0.127332895994, 0.0649724379182, 0.0957893133163, 0.105487026274, 0.259655833244, 0.254588544369]
        min: [5.87060530961e-005, 0.000168535319972, 0.00795801077038, 0.00388090964407, 0.000222181348363, 0.000253896403592]
        var: [0.00691949436441, 0.00575967831537, 0.00907823536545, 0.0108339264989, 0.0151849854738, 0.00860903877765]
    beats_position: [0.359909296036, 0.743038535118, 1.13777780533, 1.53251695633, 1.91564619541, 2.31038546562, 2.69351458549, 3.08825397491, 3.48299312592, 3.87773227692, 4.27247142792, 4.66721057892, 5.06195020676, 5.45668935776, 5.85142850876, 6.24616765976, 6.64090681076, 7.03564596176, 7.4303855896, 7.8251247406, 8.2198638916, 8.60299301147, 8.98612213135, 9.38086128235, 9.77560043335, 10.1703395844, 10.5650787354, 10.9482088089, 11.3429479599, 11.7260770798, 12.1208162308, 12.5155553818, 12.9102945328, 13.3050336838, 13.7113828659, 14.1293420792, 14.5473012924, 14.9536504745, 15.3599996567, 15.7663488388, 16.1726989746, 16.5790481567, 16.9853973389, 17.391746521, 17.786485672, 18.1928348541, 18.5991840363, 18.9939231873, 19.3886623383, 19.7717914581, 20.154920578, 20.549659729, 20.94439888, 21.339138031, 21.733877182, 22.128616333, 22.523355484, 22.918094635, 23.312833786, 23.6959629059, 24.0790920258, 24.4738311768, 24.8685703278, 25.2633094788, 25.6580486298, 26.0411777496, 26.4243087769, 26.8190479279, 27.2137870789, 27.6085262299, 28.0032653809, 28.3980045319, 28.7927436829, 29.1874828339, 29.5822219849, 29.9769611359, 30.3717002869, 30.7664394379, 31.1611785889, 31.5443077087, 31.9274368286, 32.322177887, 32.7169151306, 33.111656189, 33.4947853088, 33.8895225525, 34.2726516724, 34.6673927307, 35.0621299744, 35.4568710327, 35.8516082764, 36.2463493347, 36.6410865784, 37.0242156982, 37.4073448181, 37.8020858765, 38.1968231201, 38.5915641785, 38.9863014221, 39.3810424805, 39.7757797241, 40.1705207825, 40.5652618408, 40.9483909607, 41.3431282043, 41.7262573242, 42.1209983826, 42.5157356262, 42.9104766846, 43.3052139282, 43.6999549866, 44.0946922302, 44.4894332886, 44.8841705322, 45.2672996521, 45.650428772, 46.0451698303, 46.439907074, 46.8346481323, 47.229385376, 47.6241264343, 48.018863678, 48.4019927979, 48.7967338562, 49.1798629761, 49.5746040344, 49.9693412781, 50.3640823364, 50.7588195801, 51.1419487, 51.5366897583, 51.931427002, 52.3145561218, 52.7092971802, 53.1040344238, 53.4987754822, 53.8935127258, 54.2882537842, 54.6829910278, 55.0777320862, 55.4608612061, 55.8439903259, 56.2387275696, 56.6334686279, 57.0282058716, 57.4229469299, 57.8176841736, 58.2124252319, 58.6071662903, 59.0019035339, 59.3966445923, 59.7797737122, 60.162902832, 60.5576400757, 60.952381134, 61.3471183777, 61.741859436, 62.1365966797, 62.5197257996, 62.9144668579, 63.2975959778, 63.6923332214, 64.0870742798, 64.4818115234, 64.8765487671, 65.2596817017, 65.6544189453, 66.0375518799, 66.4322891235, 66.8270263672, 67.2217712402, 67.6165084839, 68.0112457275, 68.4059829712, 68.8007278442, 69.1838531494, 69.566986084, 69.9617233276, 70.3564605713, 70.7511978149, 71.145942688, 71.5406799316, 71.9354171753, 72.3301544189, 72.724899292, 73.1196365356, 73.5027618408, 73.8858947754, 74.280632019, 74.6753692627, 75.0701141357, 75.4648513794, 75.859588623, 76.2543258667, 76.6374588013, 77.0205917358, 77.4153289795, 77.8100662231, 78.2048034668, 78.5879364014, 78.9710617065, 79.3658065796, 79.7605438232, 80.1552810669, 80.5500183105, 80.9447631836, 81.3395004272, 81.7342376709, 82.1289749146, 82.5121078491, 82.9068450928, 83.2899780273, 83.684715271, 84.0794525146, 84.4741897583, 84.8689346313, 85.263671875, 85.6584091187, 86.0531539917, 86.4362792969, 86.8194122314, 87.2141494751, 87.6088867188, 88.0036239624, 88.4099731445, 88.8047180176, 89.1878433228, 89.5825805664, 89.965713501, 90.3488388062, 90.7435836792, 91.1383209229, 91.5330581665, 91.9277954102, 92.3225402832, 92.7056655884, 93.0887985229, 93.4835357666, 93.8782730103, 94.2730178833, 94.667755127, 95.0624923706, 95.4572296143, 95.8519744873, 96.2350997925, 96.6182327271, 97.0129699707, 97.4077072144, 97.802444458, 98.1971893311, 98.5919265747, 98.9866638184, 99.381401062, 99.7761459351, 100.170883179, 100.565620422, 100.960357666, 101.355102539, 101.738227844, 102.121360779, 102.516098022, 102.910835266, 103.305580139, 103.700317383, 104.083442688, 104.478187561, 104.872924805, 105.25605011, 105.650794983, 106.045532227, 106.44026947, 106.835006714, 107.229751587, 107.624488831, 108.019226074, 108.413963318, 108.797096252, 109.180221558, 109.574966431, 109.969703674, 110.364440918, 110.759178162, 111.153923035, 111.53704834, 111.931785583, 112.314918518, 112.709655762, 113.104400635, 113.499137878, 113.882263184, 114.277008057, 114.6717453, 115.054870605, 115.449615479, 115.844352722, 116.239089966, 116.633827209, 117.028572083, 117.423309326, 117.81804657, 118.212783813, 118.595916748, 118.979042053, 119.373786926, 119.76852417, 120.163261414, 120.557998657, 120.95274353, 121.347480774, 121.742218018, 122.136962891, 122.531700134, 122.926437378, 123.309570313, 123.692695618, 124.087432861, 124.482177734, 124.876914978, 125.271652222, 125.666389465, 126.0495224, 126.432647705, 126.827392578, 127.222129822, 127.616867065, 128.011611938, 128.406341553, 128.801086426, 129.18421936, 129.567337036, 129.962081909, 130.356826782, 130.751556396, 131.14630127, 131.541046143, 131.935775757, 132.318908691, 132.702041626, 133.09677124, 133.491516113, 133.886260986, 134.280990601, 134.675735474, 135.070480347, 135.453598022, 135.836730957, 136.23147583, 136.626205444, 137.020950317, 137.41569519, 137.810424805, 138.205169678, 138.599899292, 138.994644165, 139.389389038, 139.772521973, 140.155639648, 140.550384521, 140.945129395, 141.339859009, 141.734603882, 142.129333496, 142.512466431, 142.895599365, 143.290344238, 143.685073853, 144.079818726, 144.47454834, 144.869293213, 145.264038086, 145.6587677, 146.053512573, 146.448257446, 146.842987061, 147.226119995, 147.60925293, 148.003982544, 148.398727417, 148.79347229, 149.188201904, 149.582946777, 149.97769165, 150.360809326, 150.743942261, 151.138687134, 151.533416748, 151.928161621, 152.322906494, 152.717636108, 153.112380981, 153.495513916, 153.878631592, 154.273376465, 154.668121338, 155.062850952, 155.457595825, 155.852325439, 156.247070313, 156.641815186, 157.0365448, 157.419677734, 157.802810669, 158.197555542, 158.580673218, 158.963806152, 159.346939087, 159.730072021, 160.124801636, 160.531158447, 160.9375, 161.343856812, 161.750198364, 162.133331299, 162.516464233, 162.899581909, 163.282714844, 163.677459717, 164.08380127, 164.478546143, 164.861679077, 165.256408691, 165.651153564, 166.045898438, 166.440628052, 166.835372925, 167.230117798, 167.624847412, 168.019592285, 168.414321899, 168.797454834, 169.180587769, 169.575332642, 169.970062256, 170.364807129, 170.747940063, 171.142669678, 171.525802612, 171.920547485, 172.3152771, 172.710021973, 173.104751587, 173.49949646, 173.894241333, 174.288970947, 174.672103882, 175.055236816, 175.449981689, 175.844711304, 176.239456177, 176.634185791, 177.028930664, 177.423675537, 177.818405151, 178.213150024, 178.607894897, 179.002624512, 179.385757446, 179.768890381, 180.163619995, 180.558364868, 180.953109741, 181.347839355, 181.73097229, 182.125717163, 182.520446777, 182.903579712, 183.298324585, 183.693054199, 184.087799072, 184.482528687, 184.87727356, 185.272018433, 185.655151367, 186.038269043, 186.433013916, 186.827758789, 187.222488403, 187.617233276, 188.011962891, 188.406707764, 188.789840698, 189.172973633, 189.567703247, 189.96244812, 190.357177734, 190.751922607, 191.14666748, 191.541397095, 191.924530029, 192.319274902, 192.714004517, 193.097137451, 193.491882324, 193.886611938, 194.281356812, 194.676101685, 195.05921936, 195.442352295, 195.837097168, 196.231826782, 196.626571655, 197.021316528, 197.416046143, 197.810791016, 198.205535889, 198.600265503, 198.995010376, 199.378143311, 199.772872925, 200.156005859, 200.550750732, 200.945480347, 201.34022522, 201.734954834, 202.129699707, 202.52444458, 202.919174194, 203.313919067, 203.70866394, 204.091781616, 204.474914551, 204.869659424, 205.264389038, 205.659133911, 206.053878784, 206.448608398, 206.831741333, 207.226486206, 207.609603882, 208.004348755, 208.399093628, 208.793823242, 209.188568115, 209.583312988, 209.978042603, 210.361175537, 210.75592041, 211.139038086, 211.533782959, 211.928527832, 212.323257446, 212.718002319, 213.112747192, 213.507476807, 213.890609741, 214.285354614, 214.66847229, 215.063217163, 215.457962036, 215.85269165, 216.247436523, 216.642166138, 217.036911011, 217.431655884, 217.81477356, 218.197906494, 218.592651367, 218.987380981, 219.382125854, 219.776870728, 220.171600342, 220.566345215, 220.949478149, 221.332611084, 221.727340698, 222.122085571, 222.516815186, 222.911560059, 223.306304932, 223.701034546, 224.095779419, 224.490524292, 224.885253906, 225.268386841, 225.651519775, 226.04624939, 226.440994263, 226.835739136, 227.23046875, 227.6484375, 228.066390991, 228.484344482, 228.913925171, 229.355102539, 229.796279907, 230.225845337, 230.667022705, 231.108200073, 231.537780762, 232.002166748, 232.466567993, 232.930969238, 233.372146606, 233.813323975, 234.254501343, 234.69569397, 235.136871338, 235.578048706, 236.030838013, 236.472015381]
