
metadata:
    version:
        essentia: "2.1-beta2"
    audio_properties:
        analysis_sample_rate: 44100
        bitrate: 320
        channels: 2
        equal_loudness: 1
        length: 243.023986816
        replay_gain: -16.0648136139
        downmix: "mix"
    tags:
        album: "Incomplete Me"
        artist: "For All Those Sleeping"
        comment: ""
        date: "2014"
        genre: "Other"
        title: "Red"
        tracknumber: "7"

configuration:
    average_loudness:
        compute: 1
        frameSize: 88200
        hopSize: 44100
        silentFrames: "noise"
        windowType: "hann"
    general:
        analysisSampleRate: 44100
        endTime: 2000
        equalLoudness: 1
        nequalLoudness: 0
        shortSound: 0
        startTime: 0
    lowlevel:
        compute: 1
        frameSize: 2048
        hopSize: 1024
        zeroPadding: 0
        silentFrames: "noise"
        windowType: "blackmanharris62"
        mfccStats: ["mean", "cov", "icov"]
        stats: ["mean", "var", "median", "min", "max", "dmean", "dmean2", "dvar", "dvar2"]
    panning:
        compute: 0
        frameSize: 8192
        hopSize: 2048
        zeroPadding: 8192
        silentFrames: "noise"
        windowType: "hann"
        stats: ["copy"]
    rhythm:
        compute: 1
        maxTempo: 208
        minTempo: 40
        method: "degara"
        stats: ["mean", "var", "median", "min", "max", "dmean", "dmean2", "dvar", "dvar2"]
    segmentation:
        compute: 0
        cpw: 5
        inc1: 300
        inc2: 50
        minimumSegmentsLength: 10
        size1: 1000
        size2: 600
    sfx:
        compute: 1
        stats: ["mean", "var", "median", "min", "max", "dmean", "dmean2", "dvar", "dvar2"]
    svm:
        compute: 0
    tonal:
        compute: 1
        frameSize: 4096
        hopSize: 2048
        zeroPadding: 0
        silentFrames: "noise"
        windowType: "blackmanharris62"
        stats: ["mean", "var", "median", "min", "max", "dmean", "dmean2", "dvar", "dvar2"]

lowlevel:
    average_loudness: 0.890992760658
    barkbands_kurtosis:
        dmean: 0.953258693218
        dmean2: 1.55807936192
        dvar: 1.5849763155
        dvar2: 4.0550160408
        max: 19.2611808777
        mean: 0.289757609367
        median: -0.256969213486
        min: -1.85929656029
        var: 3.86792302132
    barkbands_skewness:
        dmean: 0.37836432457
        dmean2: 0.61291205883
        dvar: 0.178577199578
        dvar2: 0.480876594782
        max: 3.18396735191
        mean: -0.613995909691
        median: -0.756423592567
        min: -4.06870174408
        var: 0.869069337845
    barkbands_spread:
        dmean: 5.29102087021
        dmean2: 8.57286930084
        dvar: 27.2215003967
        dvar2: 73.1082077026
        max: 65.8034667969
        mean: 27.153793335
        median: 26.474565506
        min: 3.05898332596
        var: 94.0774383545
    dissonance:
        dmean: 0.00995774473995
        dmean2: 0.0168594755232
        dvar: 9.46660729824e-005
        dvar2: 0.000244784518145
        max: 0.499998658895
        mean: 0.482500463724
        median: 0.48605415225
        min: 0.179778456688
        var: 0.000200129215955
    hfc:
        dmean: 3.16681098938
        dmean2: 5.36174964905
        dvar: 22.3131504059
        dvar2: 61.0301399231
        max: 48.0255393982
        mean: 10.1251192093
        median: 9.0704460144
        min: 1.31841591448e-016
        var: 59.3026428223
    pitch:
        dmean: 808.673461914
        dmean2: 1558.81396484
        dvar: 1592529.875
        dvar2: 3731584
        max: 4511.42480469
        mean: 1532.67614746
        median: 372.511108398
        min: 61.5264396667
        var: 2245895.25
    pitch_instantaneous_confidence:
        dmean: 0.0821592956781
        dmean2: 0.134631931782
        dvar: 0.00494813546538
        dvar2: 0.0130602130666
        max: 0.965214014053
        mean: 0.438942819834
        median: 0.411918222904
        min: 0.141438305378
        var: 0.0229917950928
    pitch_salience:
        dmean: 0.0531326755881
        dmean2: 0.0887217819691
        dvar: 0.00212823832408
        dvar2: 0.00599608849734
        max: 0.940675139427
        mean: 0.66629165411
        median: 0.681467890739
        min: 0.201363638043
        var: 0.00739769265056
    silence_rate_20dB:
        dmean: 0
        dmean2: 0
        dvar: 0
        dvar2: 0
        max: 1
        mean: 1
        median: 1
        min: 1
        var: 0
    silence_rate_30dB:
        dmean: 0
        dmean2: 0
        dvar: 0
        dvar2: 0
        max: 1
        mean: 1
        median: 1
        min: 1
        var: 0
    silence_rate_60dB:
        dmean: 0.0714626908302
        dmean2: 0.142939046025
        dvar: 0.0663633644581
        dvar2: 0.140451803803
        max: 1
        mean: 0.335785239935
        median: 0
        min: 0
        var: 0.223043754697
    spectral_centroid:
        dmean: 233.428634644
        dmean2: 386.388183594
        dvar: 80009.1953125
        dvar2: 207763.46875
        max: 11247.0888672
        mean: 1970.80859375
        median: 2105.10888672
        min: 341.4715271
        var: 336937.4375
    spectral_complexity:
        dmean: 3.61345171928
        dmean2: 5.9495511055
        dvar: 14.75481987
        dvar2: 37.835559845
        max: 47
        mean: 17.3518333435
        median: 19
        min: 0
        var: 101.109642029
    spectral_crest:
        dmean: 1.70369899273
        dmean2: 2.81332659721
        dvar: 2.42110013962
        dvar2: 6.19839859009
        max: 22.9408779144
        mean: 6.96677303314
        median: 6.19348669052
        min: 2.62710118294
        var: 8.39042377472
    spectral_decrease:
        dmean: 2.2719848225e-010
        dmean2: 3.71596836635e-010
        dvar: 9.68192482644e-020
        dvar2: 2.56716718027e-019
        max: 1.33756376305e-028
        mean: -9.77133596258e-010
        median: -9.06032804338e-010
        min: -3.57756868574e-009
        var: 3.48669682135e-019
    spectral_energy:
        dmean: 0.00112871977035
        dmean2: 0.00186256296001
        dvar: 2.50266361945e-006
        dvar2: 6.68484108246e-006
        max: 0.0175974220037
        mean: 0.00460630701855
        median: 0.0042535290122
        min: 1.1453594318e-020
        var: 8.42794543132e-006
    spectral_energyband_high:
        dmean: 0.000164447774296
        dmean2: 0.000290325377136
        dvar: 8.74097807468e-008
        dvar2: 2.49173297107e-007
        max: 0.00307315238751
        mean: 0.000298440398183
        median: 0.000250486977166
        min: 8.50699279917e-021
        var: 9.38589508337e-008
    spectral_energyband_low:
        dmean: 0.000112772264401
        dmean2: 0.000181525305379
        dvar: 1.6441338957e-008
        dvar2: 4.45548522521e-008
        max: 0.0015897838166
        mean: 0.000263822003035
        median: 0.000227523210924
        min: 5.561257336e-023
        var: 3.83263625281e-008
    spectral_energyband_middle_high:
        dmean: 0.000923253130168
        dmean2: 0.00153464439791
        dvar: 1.51366214141e-006
        dvar2: 3.96159794036e-006
        max: 0.0158832613379
        mean: 0.00335980416276
        median: 0.00298793776892
        min: 1.53985618407e-021
        var: 6.41074893792e-006
    spectral_energyband_middle_low:
        dmean: 0.000289693940431
        dmean2: 0.000472625717521
        dvar: 2.30363312426e-007
        dvar2: 6.24088613677e-007
        max: 0.00559956161305
        mean: 0.000746194506064
        median: 0.000591760966927
        min: 2.76426958609e-022
        var: 3.70343030909e-007
    spectral_flatness_db:
        dmean: 0.0130079016089
        dmean2: 0.0202499143779
        dvar: 0.00014281165204
        dvar2: 0.000306173664285
        max: 0.385570347309
        mean: 0.147976696491
        median: 0.143959850073
        min: 0.0624344535172
        var: 0.00104144145735
    spectral_flux:
        dmean: 0.00701306387782
        dmean2: 0.011059211567
        dvar: 7.95386804384e-005
        dvar2: 0.000145316342241
        max: 0.108754634857
        mean: 0.0382862687111
        median: 0.0380709692836
        min: 1.07021468077e-010
        var: 0.000332512776367
    spectral_kurtosis:
        dmean: 1.40276288986
        dmean2: 2.37599945068
        dvar: 2.41886997223
        dvar2: 7.12855100632
        max: 27.5078773499
        mean: 5.02576494217
        median: 4.75262260437
        min: -1.21645855904
        var: 5.27175235748
    spectral_rms:
        dmean: 0.000242220747168
        dmean2: 0.00039136025589
        dvar: 9.25280900788e-008
        dvar2: 2.41926130684e-007
        max: 0.00414345460013
        mean: 0.00198467378505
        median: 0.00203710189089
        min: 3.34278893628e-012
        var: 5.55019823878e-007
    spectral_rolloff:
        dmean: 259.571166992
        dmean2: 438.723632813
        dvar: 136151.921875
        dvar2: 302638.71875
        max: 19056.8847656
        mean: 3243.76123047
        median: 3423.77929688
        min: 236.865234375
        var: 499948.78125
    spectral_skewness:
        dmean: 0.183950170875
        dmean2: 0.306469798088
        dvar: 0.0324419476092
        dvar2: 0.0877406224608
        max: 3.26187491417
        mean: 1.51647043228
        median: 1.51667964458
        min: -0.0128488596529
        var: 0.123234853148
    spectral_spread:
        dmean: 443268.1875
        dmean2: 637412.875
        dvar: 476895084544
        dvar2: 719995928576
        max: 41752648
        mean: 4016061.75
        median: 3632013.75
        min: 1397688.875
        var: 2.48881872896e+012
    spectral_strongpeak:
        dmean: 0.657250642776
        dmean2: 1.10897815228
        dvar: 0.657488763332
        dvar2: 1.69247913361
        max: 13.1785163879
        mean: 1.20442998409
        median: 0.719620168209
        min: 0
        var: 1.7425301075
    zerocrossingrate:
        dmean: 0.00623928941786
        dmean2: 0.00770995439962
        dvar: 6.32930314168e-005
        dvar2: 8.01320275059e-005
        max: 0.50341796875
        mean: 0.104414433241
        median: 0.1103515625
        min: 0.02392578125
        var: 0.000552995887119
    barkbands:
        dmean: [1.47029413711e-006, 7.21788310329e-005, 4.92233411933e-005, 7.39218376111e-005, 0.000128997126012, 7.92223945609e-005, 3.73293478333e-005, 2.7180851248e-005, 8.89616494533e-005, 7.78006215114e-005, 9.33824485401e-005, 7.52617706894e-005, 5.98975821049e-005, 7.26702564862e-005, 0.000139355310239, 0.000135738955578, 0.000218135886826, 0.000399973854655, 0.000350290618371, 0.000185924596735, 7.12812397978e-005, 1.24537336887e-005, 2.43774843511e-006, 1.77987590178e-006, 1.63975664691e-006, 4.69993395313e-008, 2.78379902463e-010]
        dmean2: [2.06652907764e-006, 0.000117486233648, 7.97065149527e-005, 0.000129745763843, 0.000226254225709, 0.000123944220832, 6.05661443842e-005, 4.46987214673e-005, 0.000135909533128, 0.000125488091726, 0.000147245809785, 0.000121865254187, 9.69244647422e-005, 0.000115960101539, 0.000220314395847, 0.00022540394275, 0.000365068524843, 0.000675350718666, 0.00059730745852, 0.000321121071465, 0.000127288338263, 2.20679776248e-005, 4.27147779192e-006, 2.92823665404e-006, 2.50023367698e-006, 6.91206309966e-008, 4.65720406684e-010]
        dvar: [6.96653932458e-012, 8.60361115684e-009, 4.54549953233e-009, 2.98202778026e-008, 9.94647066932e-008, 1.92465670068e-008, 4.7433172945e-009, 2.44577669228e-009, 1.93876168453e-008, 2.59584478357e-008, 2.60185082368e-008, 1.99092706765e-008, 1.57392463507e-008, 2.14409539012e-008, 7.10637451107e-008, 5.15931652956e-008, 1.26444078319e-007, 3.72994946929e-007, 2.5461085329e-007, 6.83008565261e-008, 2.08991917106e-008, 7.01623759092e-010, 2.17898442345e-011, 1.75453453849e-011, 2.52467439316e-011, 1.70471750323e-014, 2.36055012946e-019]
        dvar2: [1.33456162787e-011, 2.35581794072e-008, 1.22566889971e-008, 8.36234335111e-008, 2.78216930383e-007, 4.22353352292e-008, 1.12391376206e-008, 6.29275920261e-009, 4.36102745027e-008, 6.29499723459e-008, 6.14605681903e-008, 5.08938846622e-008, 3.89803460621e-008, 5.01896906258e-008, 1.66357366993e-007, 1.34569219767e-007, 3.3628981555e-007, 9.76523438112e-007, 6.8822225785e-007, 1.89935548178e-007, 5.98064175961e-008, 2.00439131959e-009, 6.15271722459e-011, 4.22442532344e-011, 4.80537241943e-011, 3.3648753136e-014, 5.28202073808e-019]
        max: [2.84336456389e-005, 0.00101763231214, 0.00142698525451, 0.00224111555144, 0.00351874250919, 0.00291718333028, 0.00131155131385, 0.00119203247596, 0.00254436698742, 0.00404838565737, 0.0041697579436, 0.00314905564301, 0.00297107757069, 0.00353427859955, 0.00671283528209, 0.00433611124754, 0.00715258996934, 0.0109127126634, 0.00802339240909, 0.00321644241922, 0.00168721587397, 0.000350786402123, 9.20008606045e-005, 0.000160374693223, 0.000117826530186, 3.60755848305e-006, 7.92920662462e-009]
        mean: [2.00385306925e-006, 0.000139202209539, 9.09252194106e-005, 8.25238093967e-005, 0.000158402210218, 0.000152015709318, 6.78661162965e-005, 4.47792263003e-005, 0.000196083754417, 0.000155039611855, 0.000181141454959, 0.000145126818097, 0.000110969100206, 0.000133553665364, 0.000305367429974, 0.000256101542618, 0.000415732705733, 0.000735767709557, 0.000719144300092, 0.000378821219783, 0.000107696992927, 1.80444822035e-005, 4.17179080614e-006, 3.01002387459e-006, 2.74067724604e-006, 7.56658806722e-008, 3.21043164275e-010]
        median: [5.97276084591e-007, 0.000109559223347, 5.60158514418e-005, 2.8057005693e-005, 5.36795268999e-005, 8.05952149676e-005, 3.85234379792e-005, 2.35239531321e-005, 0.00010293161904, 7.87451572251e-005, 9.58624586929e-005, 8.17234613351e-005, 5.80279047426e-005, 7.63470015954e-005, 9.79080214165e-005, 0.000150337407831, 0.000275210128166, 0.000440331641585, 0.000580531719606, 0.000338875979651, 7.80258560553e-005, 1.23091977002e-005, 3.3158835322e-006, 1.68523627053e-006, 8.21550088403e-007, 2.54235033026e-008, 1.28425978185e-010]
        min: [3.45961260872e-024, 2.12491265299e-023, 2.82727022679e-023, 1.43380392016e-023, 6.41338677908e-023, 3.41193511779e-023, 2.49496525259e-023, 2.41720739094e-023, 1.09549921702e-022, 1.17969465697e-022, 4.25547765215e-023, 1.04439030736e-022, 9.92559116663e-023, 2.38505973133e-022, 2.42056554026e-022, 5.80811968114e-023, 1.78723304323e-022, 1.55297088933e-022, 1.63977714334e-022, 4.49997562339e-022, 4.22193408739e-022, 3.75600784565e-022, 7.9185771838e-022, 9.38435799096e-022, 1.07071118789e-021, 1.72507204083e-021, 3.18462819272e-021]
        var: [1.22960287785e-011, 1.43533886998e-008, 1.05821369445e-008, 2.71722040424e-008, 9.16163855891e-008, 4.61674538599e-008, 9.65695523547e-009, 4.74099026704e-009, 6.51888569791e-008, 6.82919960582e-008, 7.30097369228e-008, 4.57315501023e-008, 3.51023849987e-008, 5.12019013854e-008, 3.4898874901e-007, 1.1671755118e-007, 2.47597853331e-007, 8.28444854051e-007, 4.97901396557e-007, 1.13706519755e-007, 1.822220419e-008, 5.72731195803e-010, 2.13044581976e-011, 2.828780786e-011, 6.18155457377e-011, 3.49740717073e-014, 3.82596236465e-019]
    frequency_bands:
        dmean: [1.47029413711e-006, 7.21788310329e-005, 4.92233411933e-005, 7.39218376111e-005, 0.000128997126012, 7.92223945609e-005, 3.73293478333e-005, 2.7180851248e-005, 8.89616494533e-005, 7.78006215114e-005, 9.33824485401e-005, 7.52617706894e-005, 5.98975821049e-005, 7.26702564862e-005, 0.000139355310239, 0.000135738955578, 0.000218135886826, 0.000399973854655, 0.000350290618371, 0.000185924596735, 7.12812397978e-005, 1.24537336887e-005, 2.43774843511e-006, 1.77987590178e-006, 1.63975664691e-006, 4.69993395313e-008, 2.78379902463e-010, 5.39638958519e-011]
        dmean2: [2.06652907764e-006, 0.000117486233648, 7.97065149527e-005, 0.000129745763843, 0.000226254225709, 0.000123944220832, 6.05661443842e-005, 4.46987214673e-005, 0.000135909533128, 0.000125488091726, 0.000147245809785, 0.000121865254187, 9.69244647422e-005, 0.000115960101539, 0.000220314395847, 0.00022540394275, 0.000365068524843, 0.000675350718666, 0.00059730745852, 0.000321121071465, 0.000127288338263, 2.20679776248e-005, 4.27147779192e-006, 2.92823665404e-006, 2.50023367698e-006, 6.91206309966e-008, 4.65720406684e-010, 1.00409860981e-010]
        dvar: [6.96653932458e-012, 8.60361115684e-009, 4.54549953233e-009, 2.98202778026e-008, 9.94647066932e-008, 1.92465670068e-008, 4.7433172945e-009, 2.44577669228e-009, 1.93876168453e-008, 2.59584478357e-008, 2.60185082368e-008, 1.99092706765e-008, 1.57392463507e-008, 2.14409539012e-008, 7.10637451107e-008, 5.15931652956e-008, 1.26444078319e-007, 3.72994946929e-007, 2.5461085329e-007, 6.83008565261e-008, 2.08991917106e-008, 7.01623759092e-010, 2.17898442345e-011, 1.75453453849e-011, 2.52467439316e-011, 1.70471750323e-014, 2.36055012946e-019, 6.66988120424e-021]
        dvar2: [1.33456162787e-011, 2.35581794072e-008, 1.22566889971e-008, 8.36234335111e-008, 2.78216930383e-007, 4.22353352292e-008, 1.12391376206e-008, 6.29275920261e-009, 4.36102745027e-008, 6.29499723459e-008, 6.14605681903e-008, 5.08938846622e-008, 3.89803460621e-008, 5.01896906258e-008, 1.66357366993e-007, 1.34569219767e-007, 3.3628981555e-007, 9.76523438112e-007, 6.8822225785e-007, 1.89935548178e-007, 5.98064175961e-008, 2.00439131959e-009, 6.15271722459e-011, 4.22442532344e-011, 4.80537241943e-011, 3.3648753136e-014, 5.28202073808e-019, 2.13598051286e-020]
        max: [2.84336456389e-005, 0.00101763231214, 0.00142698525451, 0.00224111555144, 0.00351874250919, 0.00291718333028, 0.00131155131385, 0.00119203247596, 0.00254436698742, 0.00404838565737, 0.0041697579436, 0.00314905564301, 0.00297107757069, 0.00353427859955, 0.00671283528209, 0.00433611124754, 0.00715258996934, 0.0109127126634, 0.00802339240909, 0.00321644241922, 0.00168721587397, 0.000350786402123, 9.20008606045e-005, 0.000160374693223, 0.000117826530186, 3.60755848305e-006, 7.92920662462e-009, 1.05197828226e-009]
        mean: [2.00385306925e-006, 0.000139202209539, 9.09252194106e-005, 8.25238093967e-005, 0.000158402210218, 0.000152015709318, 6.78661162965e-005, 4.47792263003e-005, 0.000196083754417, 0.000155039611855, 0.000181141454959, 0.000145126818097, 0.000110969100206, 0.000133553665364, 0.000305367429974, 0.000256101542618, 0.000415732705733, 0.000735767709557, 0.000719144300092, 0.000378821219783, 0.000107696992927, 1.80444822035e-005, 4.17179080614e-006, 3.01002387459e-006, 2.74067724604e-006, 7.56658806722e-008, 3.21043164275e-010, 4.19600777735e-011]
        median: [5.97276084591e-007, 0.000109559223347, 5.60158514418e-005, 2.8057005693e-005, 5.36795268999e-005, 8.05952149676e-005, 3.85234379792e-005, 2.35239531321e-005, 0.00010293161904, 7.87451572251e-005, 9.58624586929e-005, 8.17234613351e-005, 5.80279047426e-005, 7.63470015954e-005, 9.79080214165e-005, 0.000150337407831, 0.000275210128166, 0.000440331641585, 0.000580531719606, 0.000338875979651, 7.80258560553e-005, 1.23091977002e-005, 3.3158835322e-006, 1.68523627053e-006, 8.21550088403e-007, 2.54235033026e-008, 1.28425978185e-010, 1.39476936944e-011]
        min: [3.45961260872e-024, 2.12491265299e-023, 2.82727022679e-023, 1.43380392016e-023, 6.41338677908e-023, 3.41193511779e-023, 2.49496525259e-023, 2.41720739094e-023, 1.09549921702e-022, 1.17969465697e-022, 4.25547765215e-023, 1.04439030736e-022, 9.92559116663e-023, 2.38505973133e-022, 2.42056554026e-022, 5.80811968114e-023, 1.78723304323e-022, 1.55297088933e-022, 1.63977714334e-022, 4.49997562339e-022, 4.22193408739e-022, 3.75600784565e-022, 7.9185771838e-022, 9.38435799096e-022, 1.07071118789e-021, 1.72507204083e-021, 3.18462819272e-021, 7.6999584572e-022]
        var: [1.22960287785e-011, 1.43533886998e-008, 1.05821369445e-008, 2.71722040424e-008, 9.16163855891e-008, 4.61674538599e-008, 9.65695523547e-009, 4.74099026704e-009, 6.51888569791e-008, 6.82919960582e-008, 7.30097369228e-008, 4.57315501023e-008, 3.51023849987e-008, 5.12019013854e-008, 3.4898874901e-007, 1.1671755118e-007, 2.47597853331e-007, 8.28444854051e-007, 4.97901396557e-007, 1.13706519755e-007, 1.822220419e-008, 5.72731195803e-010, 2.13044581976e-011, 2.828780786e-011, 6.18155457377e-011, 3.49740717073e-014, 3.82596236465e-019, 5.25742345627e-021]
    mfcc:
        mean: [-718.114196777, 105.469871521, -64.7771682739, 49.3144950867, -4.11272525787, -11.0383939743, 13.2195663452, 4.82917737961, 2.05940151215, 0.213759511709, -2.85220456123, -3.52140927315, -1.07148361206]
        cov: [[5106.73925781, -481.280212402, -922.604553223, 272.477783203, -391.379516602, 155.429138184, 237.704803467, 174.061233521, 60.6752891541, 40.8531608582, 94.682723999, 100.366973877, 11.13489151], [-481.280212402, 615.348083496, 35.8714637756, 63.0926017761, 49.8100662231, -26.9501686096, -18.0205535889, -62.3728256226, -18.2381038666, -8.44442462921, -1.83205676079, -25.6084518433, -15.6958684921], [-922.604553223, 35.8714637756, 655.874511719, -9.73429965973, 134.242935181, -77.2210388184, -95.0997085571, -103.203521729, -51.6919136047, -93.9866104126, -51.6657714844, -3.61083650589, -25.8478813171], [272.477783203, 63.0926017761, -9.73429965973, 254.914749146, -13.6394424438, 28.7624416351, 2.21286439896, 21.2489795685, 14.4802770615, -17.5091075897, -10.5382452011, 8.18257427216, 2.74079847336], [-391.379516602, 49.8100662231, 134.242935181, -13.6394424438, 218.902618408, -50.8536224365, -65.1173324585, -54.662361145, -6.08401632309, 9.94639968872, -20.3996829987, -61.7766418457, -35.6870231628], [155.429138184, -26.9501686096, -77.2210388184, 28.7624416351, -50.8536224365, 123.980690002, 53.2405166626, 22.0539684296, 11.1778106689, 13.2652292252, 1.05744791031, 8.67952060699, 10.6495828629], [237.704803467, -18.0205535889, -95.0997085571, 2.21286439896, -65.1173324585, 53.2405166626, 128.816741943, 49.245803833, 19.5070571899, 6.21630001068, 22.4613838196, 28.0336475372, 21.5564041138], [174.061233521, -62.3728256226, -103.203521729, 21.2489795685, -54.662361145, 22.0539684296, 49.245803833, 112.407516479, 39.1526565552, 15.4500837326, 0.223700121045, 27.8052272797, 29.756893158], [60.6752891541, -18.2381038666, -51.6919136047, 14.4802770615, -6.08401632309, 11.1778106689, 19.5070571899, 39.1526565552, 77.9345321655, 34.4914398193, 0.475567936897, -0.952850997448, 14.5336894989], [40.8531608582, -8.44442462921, -93.9866104126, -17.5091075897, 9.94639968872, 13.2652292252, 6.21630001068, 15.4500837326, 34.4914398193, 93.7333374023, 22.9454536438, -20.8482437134, -6.56004667282], [94.682723999, -1.83205676079, -51.6657714844, -10.5382452011, -20.3996829987, 1.05744791031, 22.4613838196, 0.223700121045, 0.475567936897, 22.9454536438, 64.4721908569, 18.9625930786, -3.68514466286], [100.366973877, -25.6084518433, -3.61083650589, 8.18257427216, -61.7766418457, 8.67952060699, 28.0336475372, 27.8052272797, -0.952850997448, -20.8482437134, 18.9625930786, 93.9030685425, 43.2851676941], [11.13489151, -15.6958684921, -25.8478813171, 2.74079847336, -35.6870231628, 10.6495828629, 21.5564041138, 29.756893158, 14.5336894989, -6.56004667282, -3.68514466286, 43.2851676941, 76.7640380859]]
        icov: [[0.000360254780389, 0.000313134311, 0.000494815933052, -0.000457457063021, 0.000259224645561, 0.000193474043044, -0.000351215334376, 0.000339214078849, -4.34621833847e-005, 0.000176596600795, 3.50871596311e-005, -0.00024501979351, 0.000418684998294], [0.000313134311, 0.00211114413105, 0.000540347129572, -0.00103094463702, 2.93726297969e-005, 0.000690307002515, -0.00077852816321, 0.00151938933413, 8.25557071948e-005, 6.00856474193e-005, 0.000108800129965, 1.89497641259e-005, 0.000136570335599], [0.000494815933052, 0.000540347129572, 0.003148219781, -0.000577454338782, -0.000844931404572, 0.000755231711082, -8.72654491104e-005, 0.00197737594135, -0.000364523002645, 0.0020489746239, 0.00131672131829, -0.00175145163666, 0.00117472955026], [-0.000457457063021, -0.00103094463702, -0.000577454338782, 0.0051038172096, -0.000387134001357, -0.00172771816142, 0.00143747054972, -0.00164142320864, -0.00117034825962, 0.00137497333344, -2.84307698166e-005, -6.5301770519e-005, 0.000145766549394], [0.000259224645561, 2.93726297969e-005, -0.000844931404572, -0.000387134001357, 0.00760587537661, 0.00172779290006, 0.0007736402913, 0.00144500180613, -0.000612486037426, -0.0015360773541, 0.000593930424657, 0.00327312387526, 0.000384125334676], [0.000193474043044, 0.000690307002515, 0.000755231711082, -0.00172771816142, 0.00172779290006, 0.0114096477628, -0.00471512880176, 0.00186961260624, 0.000546600960661, -0.00228842860088, 0.00288181030191, -3.76923453587e-005, 0.000109313681605], [-0.000351215334376, -0.00077852816321, -8.72654491104e-005, 0.00143747054972, 0.0007736402913, -0.00471512880176, 0.01323437877, -0.00431177159771, -0.00142225925811, 0.00229237182066, -0.00454953499138, 0.000225564217544, -0.00110054807737], [0.000339214078849, 0.00151938933413, 0.00197737594135, -0.00164142320864, 0.00144500180613, 0.00186961260624, -0.00431177159771, 0.0165204908699, -0.00507569080219, -0.00110801495612, 0.00407374976203, -0.00326481461525, -0.000892134499736], [-4.34621833847e-005, 8.25557071948e-005, -0.000364523002645, -0.00117034825962, -0.000612486037426, 0.000546600960661, -0.00142225925811, -0.00507569080219, 0.0193401034921, -0.00710993586108, 0.00174391514156, 0.00125349045265, -0.0029437423218], [0.000176596600795, 6.00856474193e-005, 0.0020489746239, 0.00137497333344, -0.0015360773541, -0.00228842860088, 0.00229237182066, -0.00110801495612, -0.00710993586108, 0.0188027657568, -0.00746366847306, 0.00410392694175, 0.000297211605357], [3.50871596311e-005, 0.000108800129965, 0.00131672131829, -2.84307698166e-005, 0.000593930424657, 0.00288181030191, -0.00454953499138, 0.00407374976203, 0.00174391514156, -0.00746366847306, 0.0236029531807, -0.008346314542, 0.00490762107074], [-0.00024501979351, 1.89497641259e-005, -0.00175145163666, -6.5301770519e-005, 0.00327312387526, -3.76923453587e-005, 0.000225564217544, -0.00326481461525, 0.00125349045265, 0.00410392694175, -0.008346314542, 0.0211425889283, -0.0100279059261], [0.000418684998294, 0.000136570335599, 0.00117472955026, 0.000145766549394, 0.000384125334676, 0.000109313681605, -0.00110054807737, -0.000892134499736, -0.0029437423218, 0.000297211605357, 0.00490762107074, -0.0100279059261, 0.0206755604595]]
    sccoeffs:
        dmean: [0.0489292740822, 0.0427913106978, 0.0347601808608, 0.0295938514173, 0.0214750748128, 0.0186499208212]
        dmean2: [0.0808784291148, 0.0715495124459, 0.0568551793694, 0.048934686929, 0.0355412960052, 0.0296617746353]
        dvar: [0.0016015333822, 0.00115455710329, 0.000752081454266, 0.000535666826181, 0.0003243436513, 0.00034742281423]
        dvar2: [0.00431474810466, 0.00313657079823, 0.00200336636044, 0.00147225311957, 0.000849266594741, 0.000771585968323]
        max: [-0.305727511644, -0.511527061462, -0.378568679094, -0.490438371897, -0.606789529324, -0.523037672043]
        mean: [-0.71536642313, -0.762267708778, -0.768447399139, -0.772010505199, -0.775654911995, -0.775836467743]
        median: [-0.717431604862, -0.766370952129, -0.77300542593, -0.781792402267, -0.780563652515, -0.776595652103]
        min: [-0.987032711506, -0.971927464008, -0.968373537064, -0.957202911377, -0.966053009033, -0.960768163204]
        var: [0.00440581748262, 0.00336091592908, 0.00290626520291, 0.00343970023096, 0.00147828040645, 0.00192209437955]
    scvalleys:
        dmean: [0.355687916279, 0.326552808285, 0.263284295797, 0.238381296396, 0.24413356185, 0.309286266565]
        dmean2: [0.607179939747, 0.545568048954, 0.435042530298, 0.390535354614, 0.398009777069, 0.478900253773]
        dvar: [0.0928339213133, 0.0807307437062, 0.0585043169558, 0.0603992417455, 0.108332194388, 0.190577596426]
        dvar2: [0.241249471903, 0.198803111911, 0.132947340608, 0.130078941584, 0.24800978601, 0.400481492281]
        max: [-5.36991214752, -5.36857557297, -5.25936222076, -5.70208311081, -5.38254451752, -7.73579597473]
        mean: [-6.91228246689, -6.95299434662, -6.90383958817, -7.22338104248, -6.94478321075, -9.92697715759]
        median: [-6.80502557755, -6.82226800919, -6.6483745575, -6.94682884216, -6.5352602005, -9.59848594666]
        min: [-27.3074455261, -27.5979156494, -26.9456233978, -27.3293972015, -27.391828537, -27.2294158936]
        var: [0.609175980091, 0.585186004639, 0.847209453583, 0.89528375864, 1.13553905487, 1.49190318584]

rhythm:
    beats_loudness:
        dmean: 0.00153673824389
        dmean2: 0.00272199045867
        dvar: 2.23735264626e-006
        dvar2: 6.33950776319e-006
        max: 0.0132897561416
        mean: 0.00476727867499
        median: 0.00452146725729
        min: 2.41080073238e-007
        var: 6.7580222094e-006
    bpm: 103.71346283
    bpm_confidence: 0
    first_peak_bpm: 103
    first_peak_spread: 0.365079343319
    first_peak_weight: 0.458715587854
    onset_rate: 3.21778941154
    second_peak_bpm: 157
    second_peak_spread: 0.0666666999459
    second_peak_weight: 0.128440365195
    beats_loudness_band_ratio:
        dmean: [0.0835924595594, 0.067450106144, 0.055751696229, 0.0784199163318, 0.133883059025, 0.086359642446]
        dmean2: [0.147709459066, 0.117656514049, 0.10244808346, 0.133315697312, 0.229333341122, 0.149359345436]
        dvar: [0.00883829966187, 0.00730346608907, 0.0034749454353, 0.00716549577191, 0.0150285791606, 0.00459059234709]
        dvar2: [0.0266740638763, 0.0206005387008, 0.0104313958436, 0.0188266672194, 0.0438607782125, 0.0127712534741]
        max: [0.654820621014, 0.570850253105, 0.423994660378, 0.621709704399, 0.901830971241, 0.595141708851]
        mean: [0.147326081991, 0.0892584100366, 0.0782467648387, 0.126568824053, 0.357883244753, 0.228147357702]
        median: [0.11107096076, 0.0406060032547, 0.0611586645246, 0.101304605603, 0.324660718441, 0.233092278242]
        min: [5.08827179146e-006, 0.00262398063205, 0.00742314010859, 0.00431867828593, 0.0130029628053, 0.00831730943173]
        var: [0.0146787883714, 0.0122434794903, 0.00332987355068, 0.00928683858365, 0.0294829905033, 0.0139305181801]
    beats_position: [0.371519267559, 0.777868449688, 1.19582760334, 1.6137868166, 2.03174591064, 2.46131515503, 2.85605430603, 3.25079369545, 3.63392281532, 4.01705217361, 4.40018129349, 4.78331041336, 5.16644001007, 5.54956912994, 5.93269824982, 6.31582736969, 6.71056699753, 7.10530614853, 7.47682523727, 7.85995435715, 8.24308395386, 8.62621307373, 9.02095222473, 9.4040813446, 9.78721046448, 10.1703395844, 10.5534696579, 10.9365987778, 11.3081178665, 11.6796369553, 12.0743761063, 12.4691152573, 12.8638544083, 13.2585935593, 13.6417226791, 14.0248527527, 14.4079818726, 14.7911109924, 15.1742401123, 15.5573692322, 15.9404983521, 16.3236274719, 16.7067565918, 17.0898857117, 17.4846248627, 17.8677539825, 18.2624931335, 18.6456241608, 19.0287532806, 19.4118824005, 19.7950115204, 20.1781406403, 20.5612697601, 20.94439888, 21.3275279999, 21.7106571198, 22.0937862396, 22.4885253906, 22.8716545105, 23.2547836304, 23.6379127502, 24.0210418701, 24.40417099, 24.7756919861, 25.158821106, 25.553560257, 25.9366893768, 26.3198184967, 26.7029476166, 27.0860767365, 27.4692058563, 27.8639450073, 28.2470741272, 28.6302032471, 29.0133323669, 29.3964614868, 29.7795906067, 30.1627197266, 30.5458488464, 30.9289798737, 31.3237190247, 31.7184581757, 32.1364173889, 32.542766571, 33.0419960022, 33.5296134949, 34.0172348022, 34.5977325439, 35.1782302856, 35.7471199036, 36.3276176453, 36.908115387, 37.4770050049, 38.0575065613, 38.638004303, 39.2185020447, 39.7989997864, 40.3678894043, 40.9367790222, 41.5172767639, 42.0977783203, 42.6666641235, 43.2471656799, 43.8160552979, 44.3965530396, 44.9770507813, 45.5575485229, 46.1380500793, 46.7069396973, 47.2758255005, 47.8563270569, 48.4368247986, 49.0173225403, 49.5978240967, 50.1783218384, 50.7588195801, 51.3393173218, 51.9082069397, 52.4770965576, 53.0575942993, 53.6380958557, 54.2185935974, 54.7990913391, 55.3795890808, 55.9600906372, 56.5405883789, 57.1210861206, 57.701587677, 58.2704734802, 58.8393630981, 59.4082527161, 59.9887504578, 60.5576400757, 61.1381378174, 61.7186393738, 62.2991371155, 62.8680267334, 63.4485244751, 64.0174102783, 64.5979156494, 65.1668014526, 65.7472991943, 66.327796936, 66.9082946777, 67.4771881104, 68.0576858521, 68.6381835938, 69.2186813354, 69.7991790771, 70.3680725098, 70.9485702515, 71.5174560547, 72.0979614258, 72.666847229, 73.2357330322, 73.8162307739, 74.396736145, 74.9772338867, 75.5577316284, 76.1382293701, 76.7187271118, 77.2876205444, 77.8565063477, 78.4370040894, 79.0175018311, 79.5979995728, 80.1668930054, 80.7590026855, 81.3627166748, 81.9664382935, 82.5701599121, 83.1854858398, 83.77759552, 84.3697052002, 84.9502029419, 85.5423126221, 86.1344223022, 86.7149200439, 87.2838058472, 87.8643035889, 88.44480896, 89.0253067017, 89.6058044434, 90.1746902466, 90.7435836792, 91.3240814209, 91.8929672241, 92.4734649658, 93.0539703369, 93.6344680786, 94.2149658203, 94.7838516235, 95.3527450562, 95.9332427979, 96.5021286011, 97.0826263428, 97.6631240845, 98.2436294556, 98.8241271973, 99.404624939, 99.9851226807, 100.565620422, 101.146118164, 101.726615906, 102.307121277, 102.887619019, 103.46811676, 104.025398254, 104.594284058, 105.163169861, 105.743675232, 106.324172974, 106.904670715, 107.485168457, 108.05405426, 108.634559631, 109.215057373, 109.795555115, 110.364440918, 110.94493866, 111.525436401, 112.105941772, 112.686439514, 113.255325317, 113.82421875, 114.404716492, 114.973602295, 115.554100037, 116.134597778, 116.715103149, 117.283988953, 117.864486694, 118.444984436, 119.025482178, 119.59437561, 120.174873352, 120.743759155, 121.324264526, 121.904762268, 122.48526001, 123.065757751, 123.646255493, 124.226753235, 124.807250977, 125.387756348, 125.968254089, 126.525527954, 127.094421387, 127.674919128, 128.243804932, 128.824310303, 129.404800415, 129.985305786, 130.554199219, 131.134689331, 131.703582764, 132.284072876, 132.852966309, 133.43347168, 134.002349854, 134.582855225, 135.163360596, 135.743850708, 136.324356079, 136.904846191, 137.485351563, 138.065841675, 138.634735107, 139.20362854, 139.784118652, 140.353012085, 140.933517456, 141.50239563, 142.082901001, 142.663391113, 143.243896484, 143.824401855, 144.404891968, 144.985397339, 145.565887451, 146.134780884, 146.703674316, 147.284164429, 147.8646698, 148.445159912, 149.025665283, 149.594558716, 150.16343689, 150.743942261, 151.336044312, 151.904937744, 152.485443115, 153.065933228, 153.63482666, 154.203720093, 154.784210205, 155.364715576, 155.945205688, 156.52571106, 157.106216431, 157.686706543, 158.267211914, 158.836090088, 159.404983521, 159.985488892, 160.565979004, 161.134872437, 161.703765869, 162.284255981, 162.864761353, 163.433654785, 164.014144897, 164.58303833, 165.163528442, 165.744033813, 166.324539185, 166.905029297, 167.485534668, 168.077636719, 168.681350708, 169.296691895, 169.900405884, 170.515731812, 171.119445801, 171.71156311, 172.292053223, 172.872558594, 173.441452026, 174.0103302, 174.590835571, 175.171340942, 175.751831055, 176.332336426, 176.912826538, 177.481719971, 178.050613403, 178.631103516, 179.211608887, 179.792098999, 180.360992432, 180.929885864, 181.510375977, 182.090881348, 182.65977478, 183.240264893, 183.820770264, 184.401260376, 184.981765747, 185.562271118, 186.131149292, 186.711654663, 187.292144775, 187.872650146, 188.441543579, 189.010421753, 189.590927124, 190.171432495, 190.751922607, 191.32081604, 191.889694214, 192.470199585, 193.050704956, 193.631195068, 194.200088501, 194.792190552, 195.361083984, 195.941589355, 196.510467529, 197.0909729, 197.671463013, 198.251968384, 198.844070435, 199.447799683, 200.039901733, 200.643630981, 201.247344971, 201.85105896, 202.454788208, 203.046890259, 203.62739563, 204.207885742, 204.788391113, 205.357269287, 205.937774658, 206.518280029, 207.098770142, 207.679275513, 208.259765625, 208.828659058, 209.39755249, 209.978042603, 210.558547974, 211.139038086, 211.707931519, 212.276824951, 212.857315063, 213.437820435, 214.018310547, 214.598815918, 215.190933228, 215.759811401, 216.328704834, 216.897598267, 217.478088379, 218.081817627, 218.685531616, 219.289245605, 220.078720093, 220.868209839, 221.669296265, 222.458770752, 223.236633301, 224.014511108, 224.792373657, 225.558639526, 226.324890137, 227.091156006, 227.857406616, 228.623672485, 229.389923096, 230.167800903, 230.945663452, 231.711929321, 232.478179932, 233.244445801, 234.010696411, 234.788574219, 235.554824829, 236.321090698, 237.087341309, 237.865203857, 238.631469727, 239.397735596, 240.175598145, 240.941848755, 241.708114624, 242.485977173]
