
metadata:
    version:
        essentia: "2.1-beta2"
    audio_properties:
        analysis_sample_rate: 44100
        bitrate: 320
        channels: 2
        equal_loudness: 1
        length: 261.023986816
        replay_gain: -16.2969760895
        downmix: "mix"
    tags:
        album: "Incomplete Me"
        artist: "For All Those Sleeping"
        comment: ""
        date: "2014"
        genre: "Other"
        title: "Tomorrow (Casey's Song)"
        tracknumber: "10"

configuration:
    average_loudness:
        compute: 1
        frameSize: 88200
        hopSize: 44100
        silentFrames: "noise"
        windowType: "hann"
    general:
        analysisSampleRate: 44100
        endTime: 2000
        equalLoudness: 1
        nequalLoudness: 0
        shortSound: 0
        startTime: 0
    lowlevel:
        compute: 1
        frameSize: 2048
        hopSize: 1024
        zeroPadding: 0
        silentFrames: "noise"
        windowType: "blackmanharris62"
        mfccStats: ["mean", "cov", "icov"]
        stats: ["mean", "var", "median", "min", "max", "dmean", "dmean2", "dvar", "dvar2"]
    panning:
        compute: 0
        frameSize: 8192
        hopSize: 2048
        zeroPadding: 8192
        silentFrames: "noise"
        windowType: "hann"
        stats: ["copy"]
    rhythm:
        compute: 1
        maxTempo: 208
        minTempo: 40
        method: "degara"
        stats: ["mean", "var", "median", "min", "max", "dmean", "dmean2", "dvar", "dvar2"]
    segmentation:
        compute: 0
        cpw: 5
        inc1: 300
        inc2: 50
        minimumSegmentsLength: 10
        size1: 1000
        size2: 600
    sfx:
        compute: 1
        stats: ["mean", "var", "median", "min", "max", "dmean", "dmean2", "dvar", "dvar2"]
    svm:
        compute: 0
    tonal:
        compute: 1
        frameSize: 4096
        hopSize: 2048
        zeroPadding: 0
        silentFrames: "noise"
        windowType: "blackmanharris62"
        stats: ["mean", "var", "median", "min", "max", "dmean", "dmean2", "dvar", "dvar2"]

lowlevel:
    average_loudness: 0.94681429863
    barkbands_kurtosis:
        dmean: 0.849040985107
        dmean2: 1.39795672894
        dvar: 1.28638076782
        dvar2: 3.38490414619
        max: 23.3761024475
        mean: -0.0394180826843
        median: -0.445809215307
        min: -1.84215819836
        var: 2.53301525116
    barkbands_skewness:
        dmean: 0.359053939581
        dmean2: 0.574749529362
        dvar: 0.115536719561
        dvar2: 0.302653551102
        max: 2.46417403221
        mean: -0.686323463917
        median: -0.657186806202
        min: -4.52703046799
        var: 0.368491262197
    barkbands_spread:
        dmean: 5.03837251663
        dmean2: 8.01928329468
        dvar: 27.0884552002
        dvar2: 71.5286560059
        max: 67.1139984131
        mean: 24.5505924225
        median: 23.4399623871
        min: 1.51569652557
        var: 96.2393493652
    dissonance:
        dmean: 0.0109444353729
        dmean2: 0.0186275560409
        dvar: 0.000121358585602
        dvar2: 0.000331744813593
        max: 0.500000178814
        mean: 0.483287125826
        median: 0.487135708332
        min: 0.318884164095
        var: 0.000205873817322
    hfc:
        dmean: 3.68143415451
        dmean2: 6.10183477402
        dvar: 26.305437088
        dvar2: 69.4149017334
        max: 57.2026672363
        mean: 11.0205821991
        median: 9.74687480927
        min: 1.17028136635e-016
        var: 47.8093910217
    pitch:
        dmean: 836.301025391
        dmean2: 1601.86462402
        dvar: 1513297.875
        dvar2: 3534417
        max: 4097.93994141
        mean: 1439.48522949
        median: 401.123443604
        min: 73.2518081665
        var: 2134222.5
    pitch_instantaneous_confidence:
        dmean: 0.0848057046533
        dmean2: 0.139159053564
        dvar: 0.00509220408276
        dvar2: 0.0131566328928
        max: 0.903292775154
        mean: 0.399441719055
        median: 0.38002550602
        min: 0.123559832573
        var: 0.0170995686203
    pitch_salience:
        dmean: 0.0528763271868
        dmean2: 0.0881199166179
        dvar: 0.00203426950611
        dvar2: 0.0055923727341
        max: 0.889412939548
        mean: 0.683725714684
        median: 0.691024780273
        min: 0.360743194818
        var: 0.0049313926138
    silence_rate_20dB:
        dmean: 0
        dmean2: 0
        dvar: 0
        dvar2: 0
        max: 1
        mean: 1
        median: 1
        min: 1
        var: 0
    silence_rate_30dB:
        dmean: 0
        dmean2: 0
        dvar: 0
        dvar2: 0
        max: 1
        mean: 1
        median: 1
        min: 1
        var: 0
    silence_rate_60dB:
        dmean: 0.0843266323209
        dmean2: 0.168668270111
        dvar: 0.077228166163
        dvar2: 0.160676836967
        max: 1
        mean: 0.217913374305
        median: 0
        min: 0
        var: 0.170429214835
    spectral_centroid:
        dmean: 230.398239136
        dmean2: 373.753143311
        dvar: 56454.2226563
        dvar2: 142417.125
        max: 10991.2929688
        mean: 2059.66650391
        median: 2060.95166016
        min: 408.07019043
        var: 156323.0625
    spectral_complexity:
        dmean: 4.26667833328
        dmean2: 6.80366516113
        dvar: 17.4766979218
        dvar2: 41.4920959473
        max: 50
        mean: 19.5802726746
        median: 20
        min: 0
        var: 72.8852081299
    spectral_crest:
        dmean: 1.71733391285
        dmean2: 2.83859109879
        dvar: 2.66225528717
        dvar2: 6.87876224518
        max: 21.8460006714
        mean: 6.44167709351
        median: 5.76294279099
        min: 2.21779990196
        var: 6.51161193848
    spectral_decrease:
        dmean: 2.67503935669e-010
        dmean2: 4.24143525857e-010
        dvar: 1.04575701481e-019
        dvar2: 2.62515796959e-019
        max: -5.49904457563e-029
        mean: -1.10940934217e-009
        median: -1.10142850396e-009
        min: -3.82398601673e-009
        var: 3.17785575646e-019
    spectral_energy:
        dmean: 0.00132390111685
        dmean2: 0.00212351069786
        dvar: 2.75682373285e-006
        dvar2: 7.01726730767e-006
        max: 0.0194473303854
        mean: 0.00518677709624
        median: 0.00506475334987
        min: 1.08223480741e-020
        var: 7.35867934054e-006
    spectral_energyband_high:
        dmean: 0.000195180851733
        dmean2: 0.000340533471899
        dvar: 1.41147140198e-007
        dvar2: 3.98747147301e-007
        max: 0.0057014725171
        mean: 0.000335259508574
        median: 0.00025852464023
        min: 8.03662995321e-021
        var: 1.16494646818e-007
    spectral_energyband_low:
        dmean: 0.000113103742478
        dmean2: 0.000178911854164
        dvar: 1.88262685441e-008
        dvar2: 4.77552006828e-008
        max: 0.00267667835578
        mean: 0.000238464068389
        median: 0.000194328400539
        min: 8.69767426294e-023
        var: 4.47056329733e-008
    spectral_energyband_middle_high:
        dmean: 0.00110443588346
        dmean2: 0.00177418615203
        dvar: 1.71316662545e-006
        dvar2: 4.26835003964e-006
        max: 0.0187101271003
        mean: 0.00381658924744
        median: 0.00357339112088
        min: 1.5385209013e-021
        var: 5.1536335377e-006
    spectral_energyband_middle_low:
        dmean: 0.000335872173309
        dmean2: 0.000542251334991
        dvar: 2.40167793208e-007
        dvar2: 6.33523541183e-007
        max: 0.00588604761288
        mean: 0.000859423074871
        median: 0.000672572641633
        min: 3.98929963753e-022
        var: 4.86889348394e-007
    spectral_flatness_db:
        dmean: 0.0131401475519
        dmean2: 0.0206035971642
        dvar: 0.000134251531563
        dvar2: 0.000308320450131
        max: 0.434355348349
        mean: 0.154956206679
        median: 0.143715560436
        min: 0.0525456555188
        var: 0.00230153137818
    spectral_flux:
        dmean: 0.00792121887207
        dmean2: 0.0122438501567
        dvar: 7.85832817201e-005
        dvar2: 0.000146600985317
        max: 0.132202923298
        mean: 0.0430096760392
        median: 0.0425736680627
        min: 1.0403051337e-010
        var: 0.000280337553704
    spectral_kurtosis:
        dmean: 1.92802619934
        dmean2: 3.29665493965
        dvar: 14.6288814545
        dvar2: 45.7514343262
        max: 91.3387069702
        mean: 6.19403743744
        median: 4.85941314697
        min: -1.18559658527
        var: 48.6967163086
    spectral_rms:
        dmean: 0.000270246149739
        dmean2: 0.000422978395363
        dvar: 9.42249158697e-008
        dvar2: 2.31893835689e-007
        max: 0.00435580126941
        mean: 0.00213769241236
        median: 0.0022228860762
        min: 3.24936735505e-012
        var: 4.90545630782e-007
    spectral_rolloff:
        dmean: 226.1849823
        dmean2: 371.753570557
        dvar: 71797.9609375
        dvar2: 149686.96875
        max: 18497.0214844
        mean: 3355.26245117
        median: 3445.3125
        min: 279.931640625
        var: 270540.6875
    spectral_skewness:
        dmean: 0.209992706776
        dmean2: 0.350938737392
        dvar: 0.0662063881755
        dvar2: 0.198459163308
        max: 6.58878803253
        mean: 1.57383453846
        median: 1.51122117043
        min: 0.0339791812003
        var: 0.253799647093
    spectral_spread:
        dmean: 434588.90625
        dmean2: 628847.875
        dvar: 444625453056
        dvar2: 665532956672
        max: 40223248
        mean: 3710920.5
        median: 3528685.25
        min: 670588.375
        var: 1.87847226163e+012
    spectral_strongpeak:
        dmean: 0.68002897501
        dmean2: 1.149284482
        dvar: 0.642461359501
        dvar2: 1.60445666313
        max: 10.4810056686
        mean: 1.14304530621
        median: 0.815990626812
        min: 6.10228223508e-009
        var: 1.41205251217
    zerocrossingrate:
        dmean: 0.00612505851313
        dmean2: 0.00759778823704
        dvar: 4.17990340793e-005
        dvar2: 5.26346011611e-005
        max: 0.4921875
        mean: 0.10692191124
        median: 0.10888671875
        min: 0.02685546875
        var: 0.000318183941999
    barkbands:
        dmean: [1.8712049723e-006, 7.59892427595e-005, 4.84422125737e-005, 5.70364063606e-005, 0.00010797734285, 0.000106740844785, 5.75234516873e-005, 4.34781286458e-005, 0.000130819666083, 0.000141137803439, 0.000106387400592, 0.000129264968564, 0.000134421818075, 0.000110530279926, 0.000145715297549, 0.000171761916135, 0.000245889561484, 0.000404802762205, 0.000375764735509, 0.000234492865275, 7.89263431216e-005, 1.26513868963e-005, 2.77885510513e-006, 2.45249043473e-006, 2.24085556511e-006, 4.96441820985e-008, 2.48845832829e-010]
        dmean2: [2.61290847448e-006, 0.000121777098684, 7.64110081946e-005, 9.95456284727e-005, 0.000192607039935, 0.000169889579411, 9.36441210797e-005, 6.93512629368e-005, 0.000199566551601, 0.000214078332647, 0.000168538055732, 0.000199788642931, 0.000212591781747, 0.000175711713382, 0.000230016477872, 0.000274814548902, 0.000405366910854, 0.000673978240229, 0.000632079027127, 0.000402188743465, 0.0001394458086, 2.20417659875e-005, 4.72868578072e-006, 3.91777757613e-006, 3.37842698173e-006, 7.53861826297e-008, 4.47267417547e-010]
        dvar: [7.69987545945e-012, 1.02588693096e-008, 4.44881242956e-009, 2.44459510412e-008, 8.15957150735e-008, 3.47309843107e-008, 2.19440376981e-008, 7.70397612371e-009, 4.85225832847e-008, 5.46512914923e-008, 4.94678076279e-008, 5.43996740987e-008, 7.42981427493e-008, 4.36253948521e-008, 7.05972382775e-008, 8.85742892365e-008, 1.50654443587e-007, 3.87593843243e-007, 2.54354034723e-007, 1.51861698328e-007, 2.63992703253e-008, 5.76364012073e-010, 2.55490403139e-011, 3.19837940854e-011, 3.07051571669e-011, 1.70207272755e-014, 1.22215612387e-019]
        dvar2: [1.39648162825e-011, 2.68886797272e-008, 1.12386366879e-008, 6.76747546891e-008, 2.3140536598e-007, 8.20037513449e-008, 5.62385480407e-008, 1.78546297747e-008, 1.03840541499e-007, 1.14710474008e-007, 1.06739904027e-007, 1.26207709172e-007, 1.80273573847e-007, 1.01431567145e-007, 1.67512069993e-007, 2.00163000841e-007, 3.55137473207e-007, 9.45847205003e-007, 6.65063055294e-007, 4.20278126967e-007, 7.4836535191e-008, 1.60712465558e-009, 6.70309363571e-011, 7.22826590249e-011, 5.99008689872e-011, 3.54943803299e-014, 3.57323206264e-019]
        max: [2.06903514481e-005, 0.000844643218443, 0.00159118021838, 0.00174405716825, 0.00328383641317, 0.0034888566006, 0.00324307987466, 0.00189734529704, 0.00502068921924, 0.00535769155249, 0.00611162930727, 0.00506157102063, 0.00549327256158, 0.00493794260547, 0.00499329343438, 0.0082094790414, 0.0115129053593, 0.0157350730151, 0.00715196551755, 0.00598869007081, 0.00219111866318, 0.000309844472213, 8.62216256792e-005, 0.000118741103506, 9.85750666587e-005, 2.70967689175e-006, 7.07484915097e-009]
        mean: [2.47531556852e-006, 0.000125945967739, 8.5520936409e-005, 5.53028112336e-005, 0.000112042733235, 0.000188270947547, 8.68117422215e-005, 7.04563717591e-005, 0.000285244226689, 0.0002813655301, 0.000191414510482, 0.000237423679209, 0.000235442814301, 0.000190922932234, 0.000265387061518, 0.000315283163218, 0.000468709389679, 0.000695553957485, 0.000714616093319, 0.000431350257713, 0.000116875809908, 1.88476824405e-005, 4.41074644186e-006, 3.71044689018e-006, 3.31245200869e-006, 7.44542489883e-008, 2.71308253641e-010]
        median: [6.14292503087e-007, 8.75237819855e-005, 5.01090617036e-005, 1.8289700165e-005, 4.59933871753e-005, 9.00472077774e-005, 4.1832554416e-005, 3.41068407579e-005, 0.000137616720167, 0.000163070071721, 9.21687751543e-005, 0.000116999122838, 9.23008628888e-005, 9.51616384555e-005, 0.000127104867715, 0.000186245961231, 0.000326948822476, 0.000430406944361, 0.000547651958186, 0.000349622569047, 8.2886806922e-005, 1.26882878249e-005, 2.99716407426e-006, 1.56613873514e-006, 7.5409082001e-007, 1.86236270849e-008, 1.38257960636e-010]
        min: [5.24038958275e-024, 5.75507793605e-023, 2.41624939826e-023, 1.1422465305e-023, 5.42692505235e-023, 4.80696620891e-023, 9.26023369364e-023, 1.23917464301e-022, 5.88901200272e-023, 7.25028047819e-023, 6.81158230702e-023, 9.1687447613e-023, 6.28742967389e-023, 2.18855637311e-022, 1.14331731452e-022, 1.38026904234e-022, 1.23724174447e-022, 2.78005639674e-022, 1.84315621322e-022, 3.89787255188e-022, 4.21902880734e-022, 5.81571230958e-022, 6.38427983116e-022, 7.84082099453e-022, 1.34986354102e-021, 1.79352042873e-021, 2.39242140654e-021]
        var: [1.44329010549e-011, 1.70100946661e-008, 1.01041077727e-008, 1.79199393102e-008, 5.78406051943e-008, 7.5178057557e-008, 2.73684346297e-008, 1.35841435878e-008, 1.75514259126e-007, 1.56501798187e-007, 1.44444300076e-007, 1.32368214167e-007, 1.72806934984e-007, 8.67519176495e-008, 1.51891413225e-007, 2.04144527061e-007, 3.00200582615e-007, 7.65576714912e-007, 3.89787686572e-007, 1.49994534127e-007, 1.98990601774e-008, 4.91810314696e-010, 2.90850833001e-011, 4.95645989529e-011, 6.64778856962e-011, 3.34692702427e-014, 1.50014735857e-019]
    frequency_bands:
        dmean: [1.8712049723e-006, 7.59892427595e-005, 4.84422125737e-005, 5.70364063606e-005, 0.00010797734285, 0.000106740844785, 5.75234516873e-005, 4.34781286458e-005, 0.000130819666083, 0.000141137803439, 0.000106387400592, 0.000129264968564, 0.000134421818075, 0.000110530279926, 0.000145715297549, 0.000171761916135, 0.000245889561484, 0.000404802762205, 0.000375764735509, 0.000234492865275, 7.89263431216e-005, 1.26513868963e-005, 2.77885510513e-006, 2.45249043473e-006, 2.24085556511e-006, 4.96441820985e-008, 2.48845832829e-010, 6.08684630476e-011]
        dmean2: [2.61290847448e-006, 0.000121777098684, 7.64110081946e-005, 9.95456284727e-005, 0.000192607039935, 0.000169889579411, 9.36441210797e-005, 6.93512629368e-005, 0.000199566551601, 0.000214078332647, 0.000168538055732, 0.000199788642931, 0.000212591781747, 0.000175711713382, 0.000230016477872, 0.000274814548902, 0.000405366910854, 0.000673978240229, 0.000632079027127, 0.000402188743465, 0.0001394458086, 2.20417659875e-005, 4.72868578072e-006, 3.91777757613e-006, 3.37842698173e-006, 7.53861826297e-008, 4.47267417547e-010, 1.1311471898e-010]
        dvar: [7.69987545945e-012, 1.02588693096e-008, 4.44881242956e-009, 2.44459510412e-008, 8.15957150735e-008, 3.47309843107e-008, 2.19440376981e-008, 7.70397612371e-009, 4.85225832847e-008, 5.46512914923e-008, 4.94678076279e-008, 5.43996740987e-008, 7.42981427493e-008, 4.36253948521e-008, 7.05972382775e-008, 8.85742892365e-008, 1.50654443587e-007, 3.87593843243e-007, 2.54354034723e-007, 1.51861698328e-007, 2.63992703253e-008, 5.76364012073e-010, 2.55490403139e-011, 3.19837940854e-011, 3.07051571669e-011, 1.70207272755e-014, 1.22215612387e-019, 7.11129272875e-021]
        dvar2: [1.39648162825e-011, 2.68886797272e-008, 1.12386366879e-008, 6.76747546891e-008, 2.3140536598e-007, 8.20037513449e-008, 5.62385480407e-008, 1.78546297747e-008, 1.03840541499e-007, 1.14710474008e-007, 1.06739904027e-007, 1.26207709172e-007, 1.80273573847e-007, 1.01431567145e-007, 1.67512069993e-007, 2.00163000841e-007, 3.55137473207e-007, 9.45847205003e-007, 6.65063055294e-007, 4.20278126967e-007, 7.4836535191e-008, 1.60712465558e-009, 6.70309363571e-011, 7.22826590249e-011, 5.99008689872e-011, 3.54943803299e-014, 3.57323206264e-019, 2.26089221705e-020]
        max: [2.06903514481e-005, 0.000844643218443, 0.00159118021838, 0.00174405716825, 0.00328383641317, 0.0034888566006, 0.00324307987466, 0.00189734529704, 0.00502068921924, 0.00535769155249, 0.00611162930727, 0.00506157102063, 0.00549327256158, 0.00493794260547, 0.00499329343438, 0.0082094790414, 0.0115129053593, 0.0157350730151, 0.00715196551755, 0.00598869007081, 0.00219111866318, 0.000309844472213, 8.62216256792e-005, 0.000118741103506, 9.85750666587e-005, 2.70967689175e-006, 7.07484915097e-009, 8.74202044088e-010]
        mean: [2.47531556852e-006, 0.000125945967739, 8.5520936409e-005, 5.53028112336e-005, 0.000112042733235, 0.000188270947547, 8.68117422215e-005, 7.04563717591e-005, 0.000285244226689, 0.0002813655301, 0.000191414510482, 0.000237423679209, 0.000235442814301, 0.000190922932234, 0.000265387061518, 0.000315283163218, 0.000468709389679, 0.000695553957485, 0.000714616093319, 0.000431350257713, 0.000116875809908, 1.88476824405e-005, 4.41074644186e-006, 3.71044689018e-006, 3.31245200869e-006, 7.44542489883e-008, 2.71308253641e-010, 4.81321094092e-011]
        median: [6.14292503087e-007, 8.75237819855e-005, 5.01090617036e-005, 1.8289700165e-005, 4.59933871753e-005, 9.00472077774e-005, 4.1832554416e-005, 3.41068407579e-005, 0.000137616720167, 0.000163070071721, 9.21687751543e-005, 0.000116999122838, 9.23008628888e-005, 9.51616384555e-005, 0.000127104867715, 0.000186245961231, 0.000326948822476, 0.000430406944361, 0.000547651958186, 0.000349622569047, 8.2886806922e-005, 1.26882878249e-005, 2.99716407426e-006, 1.56613873514e-006, 7.5409082001e-007, 1.86236270849e-008, 1.38257960636e-010, 1.85100563349e-011]
        min: [5.24038958275e-024, 5.75507793605e-023, 2.41624939826e-023, 1.1422465305e-023, 5.42692505235e-023, 4.80696620891e-023, 9.26023369364e-023, 1.23917464301e-022, 5.88901200272e-023, 7.25028047819e-023, 6.81158230702e-023, 9.1687447613e-023, 6.28742967389e-023, 2.18855637311e-022, 1.14331731452e-022, 1.38026904234e-022, 1.23724174447e-022, 2.78005639674e-022, 1.84315621322e-022, 3.89787255188e-022, 4.21902880734e-022, 5.81571230958e-022, 6.38427983116e-022, 7.84082099453e-022, 1.34986354102e-021, 1.79352042873e-021, 2.39242140654e-021, 6.42203812197e-022]
        var: [1.44329010549e-011, 1.70100946661e-008, 1.01041077727e-008, 1.79199393102e-008, 5.78406051943e-008, 7.5178057557e-008, 2.73684346297e-008, 1.35841435878e-008, 1.75514259126e-007, 1.56501798187e-007, 1.44444300076e-007, 1.32368214167e-007, 1.72806934984e-007, 8.67519176495e-008, 1.51891413225e-007, 2.04144527061e-007, 3.00200582615e-007, 7.65576714912e-007, 3.89787686572e-007, 1.49994534127e-007, 1.98990601774e-008, 4.91810314696e-010, 2.90850833001e-011, 4.95645989529e-011, 6.64778856962e-011, 3.34692702427e-014, 1.50014735857e-019, 5.82180458769e-021]
    mfcc:
        mean: [-709.853088379, 99.1555557251, -76.6786804199, 38.3351974487, -11.296792984, -10.2461280823, 12.6264476776, 2.93029999733, 1.6881518364, -0.23899243772, -2.37634372711, -1.95417690277, -0.638213574886]
        cov: [[7213.77783203, 872.537597656, -210.617416382, 1512.74914551, -197.01725769, -87.947769165, 478.66229248, 25.6499404907, -53.9549789429, -67.3331604004, -68.1333770752, -45.0179138184, -90.0528717041], [872.537597656, 557.184753418, -189.799575806, 255.083465576, -82.0756988525, 42.5039787292, 79.8380813599, 19.6573066711, -6.7978553772, 5.27333879471, 12.7997493744, 11.7277355194, 9.48418807983], [-210.617416382, -189.799575806, 386.87399292, 60.9701576233, 99.4865112305, 38.1767539978, 37.6722488403, 22.8612518311, 32.4366760254, -3.77820134163, -4.56837368011, 9.86700630188, -3.49855685234], [1512.74914551, 255.083465576, 60.9701576233, 691.295715332, -40.9441986084, 39.7160186768, 133.035720825, 62.1982002258, 36.3633117676, -7.80163240433, -24.2483329773, -8.39582443237, -14.2588739395], [-197.01725769, -82.0756988525, 99.4865112305, -40.9441986084, 203.688980103, 15.7003059387, -30.3784561157, -10.9627056122, 19.7353305817, 5.07874059677, 0.780125677586, -3.27760052681, -3.08861541748], [-87.947769165, 42.5039787292, 38.1767539978, 39.7160186768, 15.7003059387, 147.182754517, 56.5059432983, 27.821428299, 13.3181705475, 12.0511102676, 18.3599967957, 15.8926124573, -0.031077394262], [478.66229248, 79.8380813599, 37.6722488403, 133.035720825, -30.3784561157, 56.5059432983, 181.770065308, 58.9641647339, 9.0597038269, -3.42687439919, 18.1530475616, 11.2772102356, -5.77823591232], [25.6499404907, 19.6573066711, 22.8612518311, 62.1982002258, -10.9627056122, 27.821428299, 58.9641647339, 102.368461609, 37.9259109497, 13.5841350555, 5.4046754837, 7.25013494492, 3.43794131279], [-53.9549789429, -6.7978553772, 32.4366760254, 36.3633117676, 19.7353305817, 13.3181705475, 9.0597038269, 37.9259109497, 91.3082962036, 34.2478408813, 5.96115589142, -3.5850250721, 5.40629673004], [-67.3331604004, 5.27333879471, -3.77820134163, -7.80163240433, 5.07874059677, 12.0511102676, -3.42687439919, 13.5841350555, 34.2478408813, 74.1737976074, 28.2283401489, 0.154727339745, 0.0701662749052], [-68.1333770752, 12.7997493744, -4.56837368011, -24.2483329773, 0.780125677586, 18.3599967957, 18.1530475616, 5.4046754837, 5.96115589142, 28.2283401489, 72.544052124, 29.8955478668, 9.90052986145], [-45.0179138184, 11.7277355194, 9.86700630188, -8.39582443237, -3.27760052681, 15.8926124573, 11.2772102356, 7.25013494492, -3.5850250721, 0.154727339745, 29.8955478668, 62.8887252808, 30.2816085815], [-90.0528717041, 9.48418807983, -3.49855685234, -14.2588739395, -3.08861541748, -0.031077394262, -5.77823591232, 3.43794131279, 5.40629673004, 0.0701662749052, 9.90052986145, 30.2816085815, 60.7860374451]]
        icov: [[0.000384717161069, -0.000132314788061, 0.000277703104075, -0.00074128509732, -0.000130608561449, 0.000623535364866, -0.00088619615417, 0.000573686847929, 0.000206652490306, -0.000129395513795, 0.000237747473875, -0.000179817012395, 0.000342309765983], [-0.000132314788061, 0.00320785143413, 0.00173576828092, -0.000950502872001, 0.000125789214508, -0.00100771500729, -0.000438196439063, 0.000184352917131, 0.000138007671922, -0.000226990130614, -0.000247120478889, -0.000321559491567, -0.000677366566379], [0.000277703104075, 0.00173576828092, 0.00450282124802, -0.0013963059755, -0.00167859555222, -0.00030050353962, -0.00172132696025, 0.000578576524276, -0.000611775030848, 0.000194183070562, 0.000736304325983, -0.00136840995401, 0.000406370934797], [-0.00074128509732, -0.000950502872001, -0.0013963059755, 0.00368960853666, 0.000537079235073, -0.000936986878514, 0.000766954792198, -0.00137930805795, -0.00113608629908, 0.000433448614785, 0.000540063483641, 0.000407386804, -0.000177405818249], [-0.000130608561449, 0.000125789214508, -0.00167859555222, 0.000537079235073, 0.00624388922006, -0.00109104777221, 0.00154858932365, 0.000564837886486, -0.00137011299375, 0.000428872765042, -0.000621095998213, 0.00061287736753, 0.000165424702573], [0.000623535364866, -0.00100771500729, -0.00030050353962, -0.000936986878514, -0.00109104777221, 0.00951686128974, -0.00351295177825, 0.00017484286218, 0.000196076303837, -0.00121719925664, -3.31878472934e-005, -0.00194326043129, 0.00140693422873], [-0.00088619615417, -0.000438196439063, -0.00172132696025, 0.000766954792198, 0.00154858932365, -0.00351295177825, 0.0112991090864, -0.00554080633447, 0.000473227235489, 0.00234407698736, -0.00353072956204, 0.000921423081309, 0.000371926318621], [0.000573686847929, 0.000184352917131, 0.000578576524276, -0.00137930805795, 0.000564837886486, 0.00017484286218, -0.00554080633447, 0.0156107405201, -0.00519237108529, -0.00112593453377, 0.0019378537545, -0.00209921854548, 0.000343303458067], [0.000206652490306, 0.000138007671922, -0.000611775030848, -0.00113608629908, -0.00137011299375, 0.000196076303837, 0.000473227235489, -0.00519237108529, 0.0169688183814, -0.0070516099222, 0.000725562917069, 0.00231194333173, -0.00251892651431], [-0.000129395513795, -0.000226990130614, 0.000194183070562, 0.000433448614785, 0.000428872765042, -0.00121719925664, 0.00234407698736, -0.00112593453377, -0.0070516099222, 0.0206538327038, -0.0091630294919, 0.00366149400361, 0.000535967759788], [0.000237747473875, -0.000247120478889, 0.000736304325983, 0.000540063483641, -0.000621095998213, -3.31878472934e-005, -0.00353072956204, 0.0019378537545, 0.000725562917069, -0.0091630294919, 0.0228791311383, -0.011147197336, 0.00185580726247], [-0.000179817012395, -0.000321559491567, -0.00136840995401, 0.000407386804, 0.00061287736753, -0.00194326043129, 0.000921423081309, -0.00209921854548, 0.00231194333173, 0.00366149400361, -0.011147197336, 0.0280638132244, -0.0123376753181], [0.000342309765983, -0.000677366566379, 0.000406370934797, -0.000177405818249, 0.000165424702573, 0.00140693422873, 0.000371926318621, 0.000343303458067, -0.00251892651431, 0.000535967759788, 0.00185580726247, -0.0123376753181, 0.0231381673366]]
    sccoeffs:
        dmean: [0.0530422776937, 0.0466372221708, 0.0367287285626, 0.0300811901689, 0.0211276691407, 0.0192786566913]
        dmean2: [0.0867635607719, 0.0772613883018, 0.0603209137917, 0.049563486129, 0.0351594425738, 0.0298184454441]
        dvar: [0.00186509615742, 0.00138629239518, 0.000840819557197, 0.000581347674597, 0.000287891016342, 0.00030245675589]
        dvar2: [0.00488895503804, 0.00366647611372, 0.00217367801815, 0.00150821800344, 0.000754300388508, 0.000694447138812]
        max: [-0.427655816078, -0.485582441092, -0.518657326698, -0.572837531567, -0.544395267963, -0.621430575848]
        mean: [-0.718339860439, -0.756432414055, -0.763672471046, -0.777906537056, -0.780490338802, -0.771458983421]
        median: [-0.721123814583, -0.76119863987, -0.769511401653, -0.782628595829, -0.784341514111, -0.771777510643]
        min: [-0.94943010807, -0.966731727123, -0.966423809528, -0.969979703426, -0.958599627018, -0.958598673344]
        var: [0.00415765959769, 0.0039610224776, 0.00352306477726, 0.0023959253449, 0.00111890921835, 0.00137429381721]
    scvalleys:
        dmean: [0.381332457066, 0.332148939371, 0.267805784941, 0.227838814259, 0.221307337284, 0.300502419472]
        dmean2: [0.646390318871, 0.556665182114, 0.444573104382, 0.373553186655, 0.35860607028, 0.465872913599]
        dvar: [0.1046519503, 0.0769184976816, 0.0574264973402, 0.0475513972342, 0.0646881461143, 0.134509265423]
        dvar2: [0.271929442883, 0.190527275205, 0.133325189352, 0.103721983731, 0.143355250359, 0.301885873079]
        max: [-5.36640834808, -5.18609952927, -5.14709615707, -5.41180086136, -5.31989049911, -7.79315137863]
        mean: [-7.35455942154, -6.98001194, -6.64409017563, -6.90525627136, -6.79771852493, -9.90540218353]
        median: [-6.89393281937, -6.74689149857, -6.46542453766, -6.78148698807, -6.54192018509, -9.63202857971]
        min: [-27.6776561737, -27.2858562469, -27.0957775116, -27.0570278168, -27.2831363678, -27.2777843475]
        var: [2.90677189827, 1.34417426586, 0.872909009457, 0.681029677391, 1.40282213688, 2.30732941628]

rhythm:
    beats_loudness:
        dmean: 0.00152926263399
        dmean2: 0.00270110345446
        dvar: 2.27652640206e-006
        dvar2: 6.38362780592e-006
        max: 0.0193579737097
        mean: 0.00543755851686
        median: 0.00553054828197
        min: 1.76918959482e-008
        var: 5.57952444069e-006
    bpm: 129.051132202
    bpm_confidence: 0
    first_peak_bpm: 129
    first_peak_spread: 0.152963683009
    first_peak_weight: 0.80108499527
    onset_rate: 3.53990483284
    second_peak_bpm: 110
    second_peak_spread: 0.33333337307
    second_peak_weight: 0.0108499098569
    beats_loudness_band_ratio:
        dmean: [0.05583390221, 0.0410649590194, 0.0682204663754, 0.119938522577, 0.128604829311, 0.0749412626028]
        dmean2: [0.0955336987972, 0.0727872624993, 0.120313026011, 0.212506055832, 0.219315320253, 0.125083446503]
        dvar: [0.00294579169713, 0.00231974525377, 0.00444465503097, 0.0120060835034, 0.011437959969, 0.00378861487843]
        dvar2: [0.00775504019111, 0.00633269222453, 0.0114308875054, 0.0367409288883, 0.0347278118134, 0.0105825727805]
        max: [0.41928884387, 0.328367710114, 0.567637085915, 0.858195900917, 0.878889262676, 0.535809874535]
        mean: [0.0963295400143, 0.0546288900077, 0.0991016477346, 0.192769944668, 0.350135862827, 0.231299966574]
        median: [0.081673771143, 0.0388654135168, 0.0764095038176, 0.150953382254, 0.324610441923, 0.236567601562]
        min: [3.25443375004e-006, 0.000142577438965, 0.00674956617877, 0.00508183566853, 0.0693023428321, 0.00405776826665]
        var: [0.00588465388864, 0.00267387693748, 0.00560856191441, 0.0193010214716, 0.0192796066403, 0.00981386285275]
    beats_position: [0.487619042397, 0.99845802784, 1.48607707024, 1.98530614376, 2.48453521729, 2.97215414047, 3.44816327095, 3.9125623703, 4.38857126236, 4.85297060013, 5.31736946106, 5.78176879883, 6.24616765976, 6.71056699753, 7.17496585846, 7.63936471939, 8.10376358032, 8.56816291809, 9.03256225586, 9.49696159363, 9.96135997772, 10.4257593155, 10.8901586533, 11.354557991, 11.8189563751, 12.2833557129, 12.7477550507, 13.2121543884, 13.6765527725, 14.1409521103, 14.6053514481, 15.0697498322, 15.5341491699, 15.9985485077, 16.4629478455, 16.9273471832, 17.391746521, 17.8677539825, 18.3321533203, 18.784942627, 19.2493419647, 19.7137413025, 20.1781406403, 20.6541500092, 21.1301574707, 21.5945568085, 22.0589561462, 22.523355484, 22.9877548218, 23.4521541595, 23.9165534973, 24.3809528351, 24.8453502655, 25.3097496033, 25.774148941, 26.2385482788, 26.7029476166, 27.1673469543, 27.6317462921, 28.0961437225, 28.5605430603, 29.0249423981, 29.4893417358, 29.9537410736, 30.4181404114, 30.8825397491, 31.3469390869, 31.8113365173, 32.2757377625, 32.7517471313, 33.2277526855, 33.6921539307, 34.1565513611, 34.6093406677, 35.0737419128, 35.5381393433, 36.0141487122, 36.4785499573, 36.9429473877, 37.4073448181, 37.8717460632, 38.3361434937, 38.8005447388, 39.2649421692, 39.7293434143, 40.1821289063, 40.6349182129, 41.1225395203, 41.5869369507, 42.0513381958, 42.5157356262, 42.9801368713, 43.4445343018, 43.9089317322, 44.3733329773, 44.8377304077, 45.3021316528, 45.7665290833, 46.2309303284, 46.6953277588, 47.1597251892, 47.6241264343, 48.0885238647, 48.5529251099, 49.0173225403, 49.4817237854, 49.9461212158, 50.4105224609, 50.8865280151, 51.3509292603, 51.8269386292, 52.2913360596, 52.7557373047, 53.2201347351, 53.6845359802, 54.1605415344, 54.6365509033, 55.08934021, 55.5421295166, 56.0065307617, 56.4709281921, 56.9353294373, 57.3997268677, 57.8641242981, 58.3285255432, 58.7929229736, 59.2573242188, 59.7217216492, 60.1861228943, 60.6505203247, 61.1149177551, 61.5793190002, 62.0437164307, 62.5081176758, 62.9841270447, 63.4601364136, 63.924533844, 64.3889312744, 64.8533325195, 65.3177337646, 65.7821273804, 66.2465286255, 66.7109298706, 67.1753311157, 67.6397247314, 68.1041259766, 68.5685272217, 69.0329208374, 69.4973220825, 69.9617233276, 70.4261245728, 70.8905181885, 71.3549194336, 71.8193206787, 72.2837142944, 72.7481155396, 73.2125167847, 73.6769180298, 74.1413116455, 74.6057128906, 75.0701141357, 75.5345077515, 75.9989089966, 76.4749221802, 76.9393157959, 77.3921051025, 77.8565063477, 78.3209075928, 78.796913147, 79.2729263306, 79.7373199463, 80.2017211914, 80.6661224365, 81.1305236816, 81.5949172974, 82.0593185425, 82.5237197876, 82.9765090942, 83.44090271, 83.9169158936, 84.3813171387, 84.8457107544, 85.3101119995, 85.7745132446, 86.2389068604, 86.7033081055, 87.1677093506, 87.6321105957, 88.0965042114, 88.5609054565, 89.0369110107, 89.5013122559, 89.9541015625, 90.4185028076, 90.8829040527, 91.3472976685, 91.8116989136, 92.2761001587, 92.7404937744, 93.2048950195, 93.6809082031, 94.1453018188, 94.6213150024, 95.0857162476, 95.5501098633, 96.0145111084, 96.4789123535, 96.9433059692, 97.3960952759, 97.8488845825, 98.3132858276, 98.7776870728, 99.2420806885, 99.7180938721, 100.194099426, 100.67011261, 101.146118164, 101.633743286, 102.10974884, 102.562538147, 103.015327454, 103.46811676, 103.920906067, 104.373695374, 104.838096619, 105.302490234, 105.766891479, 106.219680786, 106.672470093, 107.148475647, 107.624488831, 108.088890076, 108.553283691, 109.017684937, 109.482086182, 109.946479797, 110.410881042, 110.886894226, 111.36289978, 111.827301025, 112.291702271, 112.756095886, 113.220497131, 113.684898376, 114.149291992, 114.613693237, 115.078094482, 115.542495728, 116.006889343, 116.471290588, 116.935691833, 117.400085449, 117.864486694, 118.328887939, 118.781677246, 119.2576828, 119.722084045, 120.186485291, 120.650878906, 121.115280151, 121.579681396, 122.044082642, 122.508476257, 122.972877502, 123.437278748, 123.901672363, 124.366073608, 124.830474854, 125.294876099, 125.770881653, 126.235282898, 126.699676514, 127.164077759, 127.628479004, 128.081268311, 128.545669556, 129.010070801, 129.497680664, 129.962081909, 130.426483154, 130.890884399, 131.355285645, 131.81968689, 132.284072876, 132.748474121, 133.212875366, 133.677276611, 134.141677856, 134.606079102, 135.070480347, 135.534866333, 135.999267578, 136.463668823, 136.928070068, 137.392471313, 137.856872559, 138.321273804, 138.78565979, 139.261672974, 139.71446228, 140.178863525, 140.643264771, 141.107666016, 141.572067261, 142.036453247, 142.512466431, 142.988479614, 143.452880859, 143.917282104, 144.381668091, 144.846069336, 145.310470581, 145.774871826, 146.239273071, 146.703674316, 147.168075562, 147.632461548, 148.096862793, 148.561264038, 149.025665283, 149.490066528, 149.954467773, 150.418869019, 150.894866943, 151.359268188, 151.812057495, 152.27645874, 152.752471924, 153.216873169, 153.692871094, 154.157272339, 154.621673584, 155.086074829, 155.550476074, 156.014877319, 156.479278564, 156.943664551, 157.396453857, 157.860855103, 158.336868286, 158.801269531, 159.265670776, 159.730072021, 160.194458008, 160.658859253, 161.123260498, 161.587661743, 162.052062988, 162.516464233, 162.980865479, 163.445251465, 163.90965271, 164.374053955, 164.8384552, 165.302856445, 165.76725769, 166.231658936, 166.696044922, 167.160446167, 167.636459351, 168.100860596, 168.565261841, 169.041259766, 169.505661011, 169.970062256, 170.434463501, 170.898864746, 171.363265991, 171.827667236, 172.292053223, 172.756454468, 173.220855713, 173.685256958, 174.149658203, 174.614059448, 175.066848755, 175.53125, 176.007247925, 176.47164917, 176.936050415, 177.40045166, 177.864852905, 178.32925415, 178.793640137, 179.258041382, 179.722442627, 180.186843872, 180.651245117, 181.115646362, 181.580047607, 182.044433594, 182.508834839, 182.973236084, 183.437637329, 183.902038574, 184.366439819, 184.830841064, 185.29524231, 185.759628296, 186.224029541, 186.688430786, 187.152832031, 187.617233276, 188.081634521, 188.546035767, 189.010421753, 189.474822998, 189.939224243, 190.403625488, 190.868026733, 191.332427979, 191.808425903, 192.284439087, 192.748840332, 193.213241577, 193.677642822, 194.142044067, 194.606430054, 195.070831299, 195.535232544, 195.999633789, 196.464035034, 196.928436279, 197.392837524, 197.857223511, 198.333236694, 198.797637939, 199.273651123, 199.749649048, 200.214050293, 200.6668396, 201.131240845, 201.59564209, 202.060043335, 202.52444458, 202.988845825, 203.453231812, 203.917633057, 204.382034302, 204.846435547, 205.310836792, 205.775238037, 206.239639282, 206.704025269, 207.168426514, 207.632827759, 208.097229004, 208.561630249, 209.026031494, 209.490432739, 209.954818726, 210.419219971, 210.883621216, 211.348022461, 211.812423706, 212.276824951, 212.741226196, 213.205612183, 213.681625366, 214.146026611, 214.610427856, 215.074829102, 215.550842285, 216.015228271, 216.479629517, 216.944030762, 217.408432007, 217.872833252, 218.337234497, 218.801635742, 219.266021729, 219.730422974, 220.194824219, 220.659225464, 221.123626709, 221.588027954, 222.052429199, 222.516815186, 222.981216431, 223.445617676, 223.910018921, 224.374420166, 224.838821411, 225.303222656, 225.767608643, 226.232009888, 226.696411133, 227.160812378, 227.625213623, 228.089614868, 228.554016113, 229.0184021, 229.482803345, 229.94720459, 230.411605835, 230.887619019, 231.352020264, 231.81640625, 232.280807495, 232.74520874, 233.221221924, 233.685623169, 234.150024414, 234.6144104, 235.078811646, 235.531600952, 235.996002197, 236.472015381, 236.936416626, 237.400817871, 237.865203857, 238.329605103, 238.794006348, 239.258407593, 239.722808838, 240.187210083, 240.651611328, 241.115997314, 241.58039856, 242.056411743, 242.520812988, 242.973602295, 243.43800354, 243.902404785, 244.366790771, 244.831192017, 245.295593262, 245.759994507, 246.224395752, 246.688796997, 247.153198242, 247.617584229, 248.174865723, 248.720535278, 249.266204834, 249.869934082, 250.473648071, 251.077362061, 251.681091309, 252.284805298, 252.900131226, 253.527069092, 254.119186401, 254.699676514, 255.280181885, 255.860671997, 256.441162109, 257.02166748, 257.567352295, 258.124633789, 258.681884766, 259.22756958, 259.773223877, 260.318908691]
