
metadata:
    version:
        essentia: "2.1-beta2"
    audio_properties:
        analysis_sample_rate: 44100
        bitrate: 320
        channels: 2
        equal_loudness: 1
        length: 207.725708008
        replay_gain: -14.7790679932
        downmix: "mix"
    tags:
        album: "Under The Influence"
        artist: "Amon Amarth"
        comment: ""
        date: "2013"
        genre: "Death Metal"
        title: "Stand Up To Go Down"
        tracknumber: "04"

configuration:
    average_loudness:
        compute: 1
        frameSize: 88200
        hopSize: 44100
        silentFrames: "noise"
        windowType: "hann"
    general:
        analysisSampleRate: 44100
        endTime: 2000
        equalLoudness: 1
        nequalLoudness: 0
        shortSound: 0
        startTime: 0
    lowlevel:
        compute: 1
        frameSize: 2048
        hopSize: 1024
        zeroPadding: 0
        silentFrames: "noise"
        windowType: "blackmanharris62"
        mfccStats: ["mean", "cov", "icov"]
        stats: ["mean", "var", "median", "min", "max", "dmean", "dmean2", "dvar", "dvar2"]
    panning:
        compute: 0
        frameSize: 8192
        hopSize: 2048
        zeroPadding: 8192
        silentFrames: "noise"
        windowType: "hann"
        stats: ["copy"]
    rhythm:
        compute: 1
        maxTempo: 208
        minTempo: 40
        method: "degara"
        stats: ["mean", "var", "median", "min", "max", "dmean", "dmean2", "dvar", "dvar2"]
    segmentation:
        compute: 0
        cpw: 5
        inc1: 300
        inc2: 50
        minimumSegmentsLength: 10
        size1: 1000
        size2: 600
    sfx:
        compute: 1
        stats: ["mean", "var", "median", "min", "max", "dmean", "dmean2", "dvar", "dvar2"]
    svm:
        compute: 0
    tonal:
        compute: 1
        frameSize: 4096
        hopSize: 2048
        zeroPadding: 0
        silentFrames: "noise"
        windowType: "blackmanharris62"
        stats: ["mean", "var", "median", "min", "max", "dmean", "dmean2", "dvar", "dvar2"]

lowlevel:
    average_loudness: 0.820800900459
    barkbands_kurtosis:
        dmean: 0.906606018543
        dmean2: 1.35298752785
        dvar: 7.89734745026
        dvar2: 13.634513855
        max: 89.4865188599
        mean: -0.0312042627484
        median: -1.24900245667
        min: -1.88944113255
        var: 29.789056778
    barkbands_skewness:
        dmean: 0.362048089504
        dmean2: 0.562438666821
        dvar: 0.164155513048
        dvar2: 0.351103425026
        max: 7.61687707901
        mean: 0.367681115866
        median: 0.250288784504
        min: -4.19005155563
        var: 1.06479287148
    barkbands_spread:
        dmean: 4.76446819305
        dmean2: 7.52471351624
        dvar: 25.7652683258
        dvar2: 61.1779708862
        max: 67.8522796631
        mean: 35.082157135
        median: 36.1683311462
        min: 0.835811316967
        var: 117.170501709
    dissonance:
        dmean: 0.00984788499773
        dmean2: 0.0168830584735
        dvar: 0.000104371974885
        dvar2: 0.000297120102914
        max: 0.500000178814
        mean: 0.481856256723
        median: 0.484306663275
        min: 0.19081877172
        var: 0.000161537624081
    hfc:
        dmean: 1.63371229172
        dmean2: 2.67177891731
        dvar: 6.32867383957
        dvar2: 17.1358299255
        max: 49.6346511841
        mean: 6.82651090622
        median: 6.01058626175
        min: 1.18822959746e-016
        var: 24.5718975067
    pitch:
        dmean: 842.072509766
        dmean2: 1611.48791504
        dvar: 1645468.875
        dvar2: 4021179
        max: 4309.84423828
        mean: 1583.29516602
        median: 604.888366699
        min: 43.0243911743
        var: 2470594
    pitch_instantaneous_confidence:
        dmean: 0.0763493105769
        dmean2: 0.126743912697
        dvar: 0.00525638507679
        dvar2: 0.0135459089652
        max: 0.966775894165
        mean: 0.351593255997
        median: 0.322109639645
        min: 0.0967462062836
        var: 0.0188109446317
    pitch_salience:
        dmean: 0.05489917472
        dmean2: 0.0920477882028
        dvar: 0.00262055452913
        dvar2: 0.00721067842096
        max: 0.887471973896
        mean: 0.676470041275
        median: 0.690563559532
        min: 0.238211840391
        var: 0.00611022440717
    silence_rate_20dB:
        dmean: 0
        dmean2: 0
        dvar: 0
        dvar2: 0
        max: 1
        mean: 1
        median: 1
        min: 1
        var: 0
    silence_rate_30dB:
        dmean: 0
        dmean2: 0
        dvar: 0
        dvar2: 0
        max: 1
        mean: 1
        median: 1
        min: 1
        var: 0
    silence_rate_60dB:
        dmean: 0.0753409340978
        dmean2: 0.150698721409
        dvar: 0.0696641206741
        dvar2: 0.148331716657
        max: 1
        mean: 0.327595829964
        median: 0
        min: 0
        var: 0.220268577337
    spectral_centroid:
        dmean: 211.967483521
        dmean2: 337.798736572
        dvar: 56440.0664063
        dvar2: 117524.710938
        max: 11349.7285156
        mean: 1464.29406738
        median: 1435.20410156
        min: 145.898269653
        var: 310538.15625
    spectral_complexity:
        dmean: 3.27386546135
        dmean2: 5.27870321274
        dvar: 10.8909292221
        dvar2: 26.1063556671
        max: 48
        mean: 15.1313285828
        median: 15
        min: 0
        var: 74.7023010254
    spectral_crest:
        dmean: 1.68641006947
        dmean2: 2.78716039658
        dvar: 2.81198573112
        dvar2: 7.38852643967
        max: 21.47905159
        mean: 6.50027370453
        median: 5.63954353333
        min: 2.35916781425
        var: 8.68743228912
    spectral_decrease:
        dmean: 2.82249140726e-010
        dmean2: 4.67444860597e-010
        dvar: 2.26548019371e-019
        dvar2: 6.11261812355e-019
        max: 1.06985649152e-028
        mean: -1.06559661095e-009
        median: -9.62099844237e-010
        min: -5.47086909108e-009
        var: 4.24295057379e-019
    spectral_energy:
        dmean: 0.00117939501069
        dmean2: 0.00195101299323
        dvar: 3.88715443478e-006
        dvar2: 1.04732716864e-005
        max: 0.0228263884783
        mean: 0.00464099086821
        median: 0.00421186024323
        min: 1.06426826679e-020
        var: 7.99035387899e-006
    spectral_energyband_high:
        dmean: 0.0001315769332
        dmean2: 0.000226365344133
        dvar: 6.03991097137e-008
        dvar2: 1.68613624396e-007
        max: 0.00487429369241
        mean: 0.000304040178889
        median: 0.000206308657653
        min: 7.66220067127e-021
        var: 1.02865620022e-007
    spectral_energyband_low:
        dmean: 0.000337556266459
        dmean2: 0.00058056821581
        dvar: 2.93685701536e-007
        dvar2: 8.21371884285e-007
        max: 0.0049228691496
        mean: 0.000650652451441
        median: 0.000534607795998
        min: 9.7190919941e-023
        var: 3.03632020859e-007
    spectral_energyband_middle_high:
        dmean: 0.000461228773929
        dmean2: 0.000737872789614
        dvar: 4.31103217124e-007
        dvar2: 1.0885418078e-006
        max: 0.0189947262406
        mean: 0.00192021916155
        median: 0.00159444403835
        min: 1.35938783107e-021
        var: 2.19526577894e-006
    spectral_energyband_middle_low:
        dmean: 0.00081706920173
        dmean2: 0.00135585258249
        dvar: 2.40151643993e-006
        dvar2: 6.54124642097e-006
        max: 0.0161338634789
        mean: 0.00199990649708
        median: 0.0015310557792
        min: 3.14995920744e-022
        var: 3.03825368064e-006
    spectral_flatness_db:
        dmean: 0.0137127041817
        dmean2: 0.0214547924697
        dvar: 0.000225165058509
        dvar2: 0.000477026449516
        max: 0.432740807533
        mean: 0.156139835715
        median: 0.146087840199
        min: 0.0734723433852
        var: 0.00153696304187
    spectral_flux:
        dmean: 0.00765101611614
        dmean2: 0.0116054732352
        dvar: 0.00010192253103
        dvar2: 0.000205652424484
        max: 0.13087503612
        mean: 0.0377589948475
        median: 0.0366500690579
        min: 1.03330295709e-010
        var: 0.000339231366524
    spectral_kurtosis:
        dmean: 1.46389245987
        dmean2: 2.50677490234
        dvar: 5.64576768875
        dvar2: 13.8504104614
        max: 87.9361953735
        mean: 4.24275875092
        median: 3.74765944481
        min: -1.17028236389
        var: 13.036986351
    spectral_rms:
        dmean: 0.000242929745582
        dmean2: 0.000391638226574
        dvar: 1.1537638045e-007
        dvar2: 3.00441001855e-007
        max: 0.00471907248721
        mean: 0.00201854598708
        median: 0.00202709948644
        min: 3.22228246689e-012
        var: 4.53274708434e-007
    spectral_rolloff:
        dmean: 348.490539551
        dmean2: 582.160705566
        dvar: 265170.6875
        dvar2: 577277.125
        max: 18841.5527344
        mean: 3043.88769531
        median: 3294.58007813
        min: 172.265625
        var: 856301.4375
    spectral_skewness:
        dmean: 0.197402790189
        dmean2: 0.327391892672
        dvar: 0.0587457865477
        dvar2: 0.143748611212
        max: 7.44609546661
        mean: 1.31414449215
        median: 1.28870141506
        min: -0.0363035239279
        var: 0.248000815511
    spectral_spread:
        dmean: 359635.84375
        dmean2: 529459.125
        dvar: 412302573568
        dvar2: 565526986752
        max: 39413792
        mean: 3978835.75
        median: 3927932
        min: 1147270
        var: 1.34354894848e+012
    spectral_strongpeak:
        dmean: 0.301028937101
        dmean2: 0.525322496891
        dvar: 0.498173832893
        dvar2: 1.31346225739
        max: 10.2909269333
        mean: 0.416791409254
        median: 0.15958379209
        min: 1.95127758396e-009
        var: 0.760266304016
    zerocrossingrate:
        dmean: 0.00703684985638
        dmean2: 0.00860504992306
        dvar: 5.92561191297e-005
        dvar2: 6.66630003252e-005
        max: 0.52685546875
        mean: 0.0874176248908
        median: 0.08740234375
        min: 0.00537109375
        var: 0.000649490975775
    barkbands:
        dmean: [2.6969684086e-007, 9.61651094258e-005, 0.000169877122971, 0.000346743239788, 0.000371145375539, 0.000167097008671, 0.000148154082126, 0.000121445293189, 0.000109387125121, 7.95823143562e-005, 5.93172153458e-005, 6.15033859503e-005, 6.4280218794e-005, 4.59063339804e-005, 4.36055925093e-005, 9.0329835075e-005, 0.00016209250316, 0.00010731882503, 0.000159452465596, 0.000141782627907, 5.89799419686e-005, 1.59007940965e-005, 2.46084618993e-006, 8.88945237421e-007, 3.80263287525e-007, 1.82423764983e-008, 2.74540223888e-010]
        dmean2: [4.4270041144e-007, 0.000165429504705, 0.000292163225822, 0.000588587368838, 0.000639396777842, 0.00027916795807, 0.000244110269705, 0.000200386610231, 0.00017668264627, 0.000130329062813, 9.62577032624e-005, 0.000100281329651, 0.000104578430182, 7.47003796278e-005, 6.98134826962e-005, 0.00014981876302, 0.000267676747171, 0.000177475696546, 0.000264283065917, 0.000242047099164, 0.000101290934253, 2.74395097222e-005, 4.08214145864e-006, 1.39146527545e-006, 5.84019574035e-007, 2.73713087751e-008, 4.72963945786e-010]
        dvar: [2.69316388852e-013, 6.08065846563e-008, 7.49151212176e-008, 4.95483959639e-007, 6.14692964973e-007, 1.06172279857e-007, 9.98946561026e-008, 7.35866336754e-008, 3.98534290014e-008, 2.48387870272e-008, 1.87429485266e-008, 1.7237395511e-008, 1.79978911774e-008, 1.05127186956e-008, 8.76934613814e-009, 6.02601488708e-008, 1.46835972714e-007, 2.44897186974e-008, 4.09156655223e-008, 6.19229325594e-008, 1.21976482248e-008, 1.13586751116e-009, 2.73349745616e-011, 5.98125021734e-012, 1.62518186842e-012, 1.96594928278e-015, 1.51455464764e-019]
        dvar2: [7.23242917378e-013, 1.65215922721e-007, 2.16586357737e-007, 1.36196024414e-006, 1.72147736066e-006, 2.78290173128e-007, 2.5811371529e-007, 1.86263562796e-007, 1.00474082387e-007, 6.56793375242e-008, 4.79873882853e-008, 4.47025634287e-008, 4.68594123504e-008, 2.4507045282e-008, 1.9997777656e-008, 1.47969501541e-007, 3.90463867461e-007, 6.52150617952e-008, 1.09071045529e-007, 1.65721175449e-007, 3.37394894245e-008, 3.19998272325e-009, 6.45769826502e-011, 1.24343573632e-011, 3.41931474454e-012, 4.04595028135e-015, 4.17977568848e-019]
        max: [6.09226663073e-006, 0.00216722395271, 0.00335708586499, 0.00839431583881, 0.00875151436776, 0.00684831943363, 0.00548946717754, 0.00409211264923, 0.00397445913404, 0.00298113073222, 0.00240892940201, 0.00299250450917, 0.00201500509866, 0.00264294818044, 0.00427821977064, 0.00831264816225, 0.0161475148052, 0.00449046026915, 0.00398568622768, 0.0056628882885, 0.00196890765801, 0.000702085730154, 0.000106823034002, 6.56899865135e-005, 3.90352870454e-005, 1.68203564499e-006, 1.28774777508e-008]
        mean: [3.46455863109e-007, 0.000137936294777, 0.000305773399305, 0.000493311381433, 0.000554355094209, 0.000286940776277, 0.000240212189965, 0.000177720066858, 0.000203086470719, 0.000138010640512, 9.8007163615e-005, 0.000107990192191, 0.000108492102299, 7.85411248216e-005, 8.63161039888e-005, 0.000165668752743, 0.000323974440107, 0.000256246567005, 0.00040898352745, 0.00030383997364, 0.000127022532979, 3.12336378556e-005, 4.67572590424e-006, 1.61096522788e-006, 6.76564013702e-007, 3.23794857593e-008, 3.5567399026e-010]
        median: [3.69461368166e-008, 7.64980431995e-005, 0.000254829414189, 0.000280027947156, 0.000364964420442, 0.000168836792, 0.000110940170998, 5.91395291849e-005, 0.000108616142825, 5.74991427129e-005, 2.72072320513e-005, 4.13427733292e-005, 3.72782524209e-005, 3.37877718266e-005, 5.27519478055e-005, 9.79861579253e-005, 0.00023512064945, 0.000212437502341, 0.000345344073139, 0.000193781976122, 9.2744056019e-005, 2.05840660783e-005, 2.85708642878e-006, 9.06765308173e-007, 3.53076927695e-007, 1.82979338348e-008, 2.35235997348e-010]
        min: [8.76732121454e-024, 4.12567059019e-023, 1.1012196892e-023, 3.45580241055e-024, 2.55599878974e-023, 2.51421140764e-023, 3.04398735685e-023, 1.9216913553e-023, 1.17394076864e-022, 4.46729374717e-023, 9.46531922743e-023, 9.713528947e-023, 7.48443017208e-023, 8.22422771553e-023, 5.40010062612e-023, 5.58892552784e-023, 1.51610924939e-022, 1.14327843945e-022, 2.32665499426e-022, 2.65278574348e-022, 3.96290826439e-022, 4.74979689113e-022, 4.52178655457e-022, 7.19346381279e-022, 1.14111908103e-021, 1.52029677551e-021, 2.48410819782e-021]
        var: [3.98242013368e-013, 4.80915041123e-008, 7.63782281865e-008, 5.09792016601e-007, 5.2602587175e-007, 1.73294779415e-007, 1.88739932128e-007, 1.28176168346e-007, 8.58966160422e-008, 5.25983026023e-008, 3.77779443284e-008, 3.65753756171e-008, 3.47121407174e-008, 2.04535037795e-008, 2.21292406621e-008, 8.52609716162e-008, 1.82479368505e-007, 5.89691495634e-008, 1.17846681746e-007, 1.37878842565e-007, 1.91757383305e-008, 1.40299916129e-009, 4.83765735804e-011, 1.1412528908e-011, 2.66749751628e-012, 3.68247362061e-015, 1.96380005723e-019]
    frequency_bands:
        dmean: [2.6969684086e-007, 9.61651094258e-005, 0.000169877122971, 0.000346743239788, 0.000371145375539, 0.000167097008671, 0.000148154082126, 0.000121445293189, 0.000109387125121, 7.95823143562e-005, 5.93172153458e-005, 6.15033859503e-005, 6.4280218794e-005, 4.59063339804e-005, 4.36055925093e-005, 9.0329835075e-005, 0.00016209250316, 0.00010731882503, 0.000159452465596, 0.000141782627907, 5.89799419686e-005, 1.59007940965e-005, 2.46084618993e-006, 8.88945237421e-007, 3.80263287525e-007, 1.82423764983e-008, 2.74540223888e-010, 5.80015029061e-011]
        dmean2: [4.4270041144e-007, 0.000165429504705, 0.000292163225822, 0.000588587368838, 0.000639396777842, 0.00027916795807, 0.000244110269705, 0.000200386610231, 0.00017668264627, 0.000130329062813, 9.62577032624e-005, 0.000100281329651, 0.000104578430182, 7.47003796278e-005, 6.98134826962e-005, 0.00014981876302, 0.000267676747171, 0.000177475696546, 0.000264283065917, 0.000242047099164, 0.000101290934253, 2.74395097222e-005, 4.08214145864e-006, 1.39146527545e-006, 5.84019574035e-007, 2.73713087751e-008, 4.72963945786e-010, 1.07813959149e-010]
        dvar: [2.69316388852e-013, 6.08065846563e-008, 7.49151212176e-008, 4.95483959639e-007, 6.14692964973e-007, 1.06172279857e-007, 9.98946561026e-008, 7.35866336754e-008, 3.98534290014e-008, 2.48387870272e-008, 1.87429485266e-008, 1.7237395511e-008, 1.79978911774e-008, 1.05127186956e-008, 8.76934613814e-009, 6.02601488708e-008, 1.46835972714e-007, 2.44897186974e-008, 4.09156655223e-008, 6.19229325594e-008, 1.21976482248e-008, 1.13586751116e-009, 2.73349745616e-011, 5.98125021734e-012, 1.62518186842e-012, 1.96594928278e-015, 1.51455464764e-019, 7.27676358639e-021]
        dvar2: [7.23242917378e-013, 1.65215922721e-007, 2.16586357737e-007, 1.36196024414e-006, 1.72147736066e-006, 2.78290173128e-007, 2.5811371529e-007, 1.86263562796e-007, 1.00474082387e-007, 6.56793375242e-008, 4.79873882853e-008, 4.47025634287e-008, 4.68594123504e-008, 2.4507045282e-008, 1.9997777656e-008, 1.47969501541e-007, 3.90463867461e-007, 6.52150617952e-008, 1.09071045529e-007, 1.65721175449e-007, 3.37394894245e-008, 3.19998272325e-009, 6.45769826502e-011, 1.24343573632e-011, 3.41931474454e-012, 4.04595028135e-015, 4.17977568848e-019, 2.31984466845e-020]
        max: [6.09226663073e-006, 0.00216722395271, 0.00335708586499, 0.00839431583881, 0.00875151436776, 0.00684831943363, 0.00548946717754, 0.00409211264923, 0.00397445913404, 0.00298113073222, 0.00240892940201, 0.00299250450917, 0.00201500509866, 0.00264294818044, 0.00427821977064, 0.00831264816225, 0.0161475148052, 0.00449046026915, 0.00398568622768, 0.0056628882885, 0.00196890765801, 0.000702085730154, 0.000106823034002, 6.56899865135e-005, 3.90352870454e-005, 1.68203564499e-006, 1.28774777508e-008, 1.08976883073e-009]
        mean: [3.46455863109e-007, 0.000137936294777, 0.000305773399305, 0.000493311381433, 0.000554355094209, 0.000286940776277, 0.000240212189965, 0.000177720066858, 0.000203086470719, 0.000138010640512, 9.8007163615e-005, 0.000107990192191, 0.000108492102299, 7.85411248216e-005, 8.63161039888e-005, 0.000165668752743, 0.000323974440107, 0.000256246567005, 0.00040898352745, 0.00030383997364, 0.000127022532979, 3.12336378556e-005, 4.67572590424e-006, 1.61096522788e-006, 6.76564013702e-007, 3.23794857593e-008, 3.5567399026e-010, 4.58090960997e-011]
        median: [3.69461368166e-008, 7.64980431995e-005, 0.000254829414189, 0.000280027947156, 0.000364964420442, 0.000168836792, 0.000110940170998, 5.91395291849e-005, 0.000108616142825, 5.74991427129e-005, 2.72072320513e-005, 4.13427733292e-005, 3.72782524209e-005, 3.37877718266e-005, 5.27519478055e-005, 9.79861579253e-005, 0.00023512064945, 0.000212437502341, 0.000345344073139, 0.000193781976122, 9.2744056019e-005, 2.05840660783e-005, 2.85708642878e-006, 9.06765308173e-007, 3.53076927695e-007, 1.82979338348e-008, 2.35235997348e-010, 1.77579253385e-011]
        min: [8.76732121454e-024, 4.12567059019e-023, 1.1012196892e-023, 3.45580241055e-024, 2.55599878974e-023, 2.51421140764e-023, 3.04398735685e-023, 1.9216913553e-023, 1.17394076864e-022, 4.46729374717e-023, 9.46531922743e-023, 9.713528947e-023, 7.48443017208e-023, 8.22422771553e-023, 5.40010062612e-023, 5.58892552784e-023, 1.51610924939e-022, 1.14327843945e-022, 2.32665499426e-022, 2.65278574348e-022, 3.96290826439e-022, 4.74979689113e-022, 4.52178655457e-022, 7.19346381279e-022, 1.14111908103e-021, 1.52029677551e-021, 2.48410819782e-021, 7.519933078e-022]
        var: [3.98242013368e-013, 4.80915041123e-008, 7.63782281865e-008, 5.09792016601e-007, 5.2602587175e-007, 1.73294779415e-007, 1.88739932128e-007, 1.28176168346e-007, 8.58966160422e-008, 5.25983026023e-008, 3.77779443284e-008, 3.65753756171e-008, 3.47121407174e-008, 2.04535037795e-008, 2.21292406621e-008, 8.52609716162e-008, 1.82479368505e-007, 5.89691495634e-008, 1.17846681746e-007, 1.37878842565e-007, 1.91757383305e-008, 1.40299916129e-009, 4.83765735804e-011, 1.1412528908e-011, 2.66749751628e-012, 3.68247362061e-015, 1.96380005723e-019, 5.73476361916e-021]
    mfcc:
        mean: [-719.324584961, 120.630279541, -49.3930473328, 66.1917800903, -13.798992157, -4.44521379471, 1.052344203, -2.89395785332, -0.0574002452195, -6.57447719574, -4.5717420578, -3.16531968117, -5.12838935852]
        cov: [[6393.8828125, 887.034729004, -570.641906738, 486.621002197, -434.701446533, 48.3689994812, -63.7400169373, 68.2964553833, -14.2549095154, -42.1215248108, -33.0370674133, 55.3456344604, -58.9724731445], [887.034729004, 817.900939941, -135.771743774, 180.214599609, -12.6055803299, 3.00129294395, 9.51808357239, -26.4014053345, 36.422290802, -68.0384979248, 5.53681659698, 4.80431652069, -13.9387960434], [-570.641906738, -135.771743774, 435.223999023, -85.0480804443, 114.602493286, 24.6158180237, -16.909614563, 8.12928009033, -47.6470603943, 31.1275577545, -29.4898529053, 5.67489671707, 0.774794816971], [486.621002197, 180.214599609, -85.0480804443, 353.491821289, -13.6953172684, 21.2369422913, -30.8892974854, -56.0245399475, 41.2847938538, -15.240737915, 4.14597034454, -37.2238845825, -10.3743457794], [-434.701446533, -12.6055803299, 114.602493286, -13.6953172684, 184.918457031, 48.1255340576, 5.85233163834, -31.8107948303, -11.4856901169, 10.6803808212, -0.000262252724497, 2.93821763992, -6.79559659958], [48.3689994812, 3.00129294395, 24.6158180237, 21.2369422913, 48.1255340576, 122.951950073, 38.8367195129, -5.5877327919, -3.86673736572, 7.51789569855, -2.33894348145, 5.29334449768, -3.86192059517], [-63.7400169373, 9.51808357239, -16.909614563, -30.8892974854, 5.85233163834, 38.8367195129, 125.409622192, 41.4940681458, 3.61231637001, -11.5047311783, -1.84113562107, 3.8141784668, -3.71043372154], [68.2964553833, -26.4014053345, 8.12928009033, -56.0245399475, -31.8107948303, -5.5877327919, 41.4940681458, 106.662406921, 15.115685463, 4.94663906097, -6.87007141113, 6.37587547302, 8.53883934021], [-14.2549095154, 36.422290802, -47.6470603943, 41.2847938538, -11.4856901169, -3.86673736572, 3.61231637001, 15.115685463, 73.8772506714, 19.4112052917, 8.08500385284, -2.01754713058, -2.04721570015], [-42.1215248108, -68.0384979248, 31.1275577545, -15.240737915, 10.6803808212, 7.51789569855, -11.5047311783, 4.94663906097, 19.4112052917, 70.8525390625, 23.6328678131, 10.7648887634, 0.627140283585], [-33.0370674133, 5.53681659698, -29.4898529053, 4.14597034454, -0.000262252724497, -2.33894348145, -1.84113562107, -6.87007141113, 8.08500385284, 23.6328678131, 60.0713882446, 21.4838657379, 4.66801261902], [55.3456344604, 4.80431652069, 5.67489671707, -37.2238845825, 2.93821763992, 5.29334449768, 3.8141784668, 6.37587547302, -2.01754713058, 10.7648887634, 21.4838657379, 57.2223548889, 16.7202911377], [-58.9724731445, -13.9387960434, 0.774794816971, -10.3743457794, -6.79559659958, -3.86192059517, -3.71043372154, 8.53883934021, -2.04721570015, 0.627140283585, 4.66801261902, 16.7202911377, 47.5119171143]]
        icov: [[0.000340474420227, -0.000307809357764, 0.00035633193329, -0.000475132255815, 0.000645811436698, -0.000363339582691, 0.000378953467589, -0.000605463399552, 0.000993407913484, -0.000700388452969, 0.000773706531618, -0.000942757411394, 0.000731792126317], [-0.000307809357764, 0.00188662169967, -0.00012927140051, -0.000288397655822, -0.000771240796894, 0.000392641115468, -0.000393791415263, 0.000538168009371, -0.00163216888905, 0.00239858822897, -0.000971712230239, -0.000200751775992, -3.11720104946e-005], [0.00035633193329, -0.00012927140051, 0.00393825024366, -0.000390554196201, -0.00147593242582, -0.000277821905911, 0.00111795065459, -0.00176726595964, 0.00335650006309, -0.00292173423804, 0.00316551001742, -0.00151830585673, 0.000832595629618], [-0.000475132255815, -0.000288397655822, -0.000390554196201, 0.00503917317837, -0.00026495338534, -0.00101948447991, 0.00043391334475, 0.00281153712422, -0.00388799631037, 0.001838917844, -0.00211035856046, 0.00436675362289, -0.00168102874886], [0.000645811436698, -0.000771240796894, -0.00147593242582, -0.00026495338534, 0.00910663977265, -0.00317492871545, 6.11915893387e-005, 0.00180589966476, 0.000824208080303, -0.00110947142821, 0.000505867647007, -0.00143488054164, 0.00177163118497], [-0.000363339582691, 0.000392641115468, -0.000277821905911, -0.00101948447991, -0.00317492871545, 0.0114154266194, -0.0045057698153, 0.00141344568692, 0.000480752933072, -0.00188438338228, 0.00124856980983, -0.00104957108852, -0.000393714930397], [0.000378953467589, -0.000393791415263, 0.00111795065459, 0.00043391334475, 6.11915893387e-005, -0.0045057698153, 0.011925837025, -0.00540945213288, 0.000519110239111, 0.00238114246167, -0.000551107805222, -0.000840741617139, 0.00231834570877], [-0.000605463399552, 0.000538168009371, -0.00176726595964, 0.00281153712422, 0.00180589966476, 0.00141344568692, -0.00540945213288, 0.0152618279681, -0.00581324659288, 0.000377623800887, 0.000549472577404, 0.00155024137348, -0.00359802972525], [0.000993407913484, -0.00163216888905, 0.00335650006309, -0.00388799631037, 0.000824208080303, 0.000480752933072, 0.000519110239111, -0.00581324659288, 0.0224063321948, -0.00993628613651, 0.00361463031732, -0.00266764010303, 0.00277303019539], [-0.000700388452969, 0.00239858822897, -0.00292173423804, 0.001838917844, -0.00110947142821, -0.00188438338228, 0.00238114246167, 0.000377623800887, -0.00993628613651, 0.0245830714703, -0.0108480798081, 0.00108412641566, 2.14295705518e-005], [0.000773706531618, -0.000971712230239, 0.00316551001742, -0.00211035856046, 0.000505867647007, 0.00124856980983, -0.000551107805222, 0.000549472577404, 0.00361463031732, -0.0108480798081, 0.02646131441, -0.0107790539041, 0.00168736372143], [-0.000942757411394, -0.000200751775992, -0.00151830585673, 0.00436675362289, -0.00143488054164, -0.00104957108852, -0.000840741617139, 0.00155024137348, -0.00266764010303, 0.00108412641566, -0.0107790539041, 0.0280723758042, -0.00983500760049], [0.000731792126317, -3.11720104946e-005, 0.000832595629618, -0.00168102874886, 0.00177163118497, -0.000393714930397, 0.00231834570877, -0.00359802972525, 0.00277303019539, 2.14295705518e-005, 0.00168736372143, -0.00983500760049, 0.0260294992477]]
    sccoeffs:
        dmean: [0.0506567768753, 0.0439989231527, 0.0350523591042, 0.0266266874969, 0.0197564549744, 0.0188717246056]
        dmean2: [0.0851603746414, 0.0742866098881, 0.0583800151944, 0.044508587569, 0.0331007614732, 0.029983272776]
        dvar: [0.00199555885047, 0.00129332568031, 0.0007925236132, 0.000483943178551, 0.00028755835956, 0.000357630226063]
        dvar2: [0.00558862369508, 0.00358415441588, 0.00220266985707, 0.00130098569207, 0.00075648870552, 0.000833056168631]
        max: [-0.329214394093, -0.406787574291, -0.481811881065, -0.513622462749, -0.440417945385, -0.559893786907]
        mean: [-0.633903205395, -0.762329101563, -0.793426096439, -0.811300516129, -0.799669861794, -0.719964206219]
        median: [-0.6359359622, -0.765457808971, -0.796377956867, -0.81641715765, -0.801526248455, -0.721626877785]
        min: [-0.961673557758, -0.962461829185, -0.971846759319, -0.960713744164, -0.960835576057, -0.960839867592]
        var: [0.0050695980899, 0.00347648840398, 0.00234243553132, 0.00154120894149, 0.00103689683601, 0.0026630370412]
    scvalleys:
        dmean: [0.370051383972, 0.331215023994, 0.283920168877, 0.237877815962, 0.206874653697, 0.258462846279]
        dmean2: [0.618914723396, 0.538404226303, 0.450131416321, 0.374205261469, 0.318186730146, 0.36491522193]
        dvar: [0.121178485453, 0.101762823761, 0.082493185997, 0.0683765113354, 0.0806635767221, 0.148075923324]
        dvar2: [0.276721119881, 0.204849764705, 0.143628835678, 0.103480100632, 0.127121776342, 0.269692659378]
        max: [-4.95711374283, -4.57146501541, -5.04464435577, -5.68079471588, -5.5215959549, -8.09954929352]
        mean: [-6.83360528946, -6.54704999924, -7.00450086594, -7.23028659821, -6.99895048141, -10.3691329956]
        median: [-6.55713653564, -6.38397979736, -6.8941860199, -7.07173776627, -6.73130226135, -9.92867851257]
        min: [-27.7225227356, -27.4623317719, -27.415184021, -27.2506732941, -27.3257904053, -27.2723846436]
        var: [2.21472811699, 1.43677413464, 1.3435536623, 1.13924539089, 1.29375565052, 2.0989716053]

rhythm:
    beats_loudness:
        dmean: 0.00204060762189
        dmean2: 0.00375619973056
        dvar: 2.78041648016e-006
        dvar2: 9.05820525077e-006
        max: 0.0147171020508
        mean: 0.00536021078005
        median: 0.00533787114546
        min: 3.89193288708e-010
        var: 6.872717222e-006
    bpm: 130.029602051
    bpm_confidence: 0
    first_peak_bpm: 129
    first_peak_spread: 0.2506082654
    first_peak_weight: 0.68444442749
    onset_rate: 2.63328051567
    second_peak_bpm: 152
    second_peak_spread: 0.214285701513
    second_peak_weight: 0.024444444105
    beats_loudness_band_ratio:
        dmean: [0.114390321076, 0.096765100956, 0.0793769657612, 0.0690468624234, 0.0667058303952, 0.0753013938665]
        dmean2: [0.196082472801, 0.176745906472, 0.135198891163, 0.119654476643, 0.116556070745, 0.129583835602]
        dvar: [0.00881335418671, 0.00655133044347, 0.00631161127239, 0.00622541969642, 0.00335135008208, 0.00453321868554]
        dvar2: [0.0255442224443, 0.0193022023886, 0.0171875022352, 0.0176926627755, 0.0105104753748, 0.0123299052939]
        max: [0.82560634613, 0.457408964634, 0.567304313183, 0.499105811119, 0.547175943851, 0.820769548416]
        mean: [0.286937832832, 0.154073283076, 0.130673259497, 0.0975400432944, 0.184808954597, 0.184873729944]
        median: [0.265936613083, 0.130813270807, 0.10311729461, 0.0607344098389, 0.173800304532, 0.16397562623]
        min: [4.24194295192e-005, 0.00158635980915, 0.00520724477246, 0.0100113395602, 0.0251738168299, 0.0237952694297]
        var: [0.0227247122675, 0.00917672552168, 0.00894409511238, 0.00782495737076, 0.00765292113647, 0.00998573284596]
    beats_position: [0.417959183455, 0.847528338432, 1.28870749474, 1.72988653183, 2.18267560005, 2.63546490669, 3.08825397491, 3.55265307426, 4.01705217361, 4.46984100342, 4.92263031006, 5.38702917099, 5.85142850876, 6.31582736969, 6.78022670746, 7.24462556839, 7.70902490616, 8.17342376709, 8.63782310486, 9.10222244263, 9.55501079559, 10.0078001022, 10.47219944, 10.9365987778, 11.4009971619, 11.8653964996, 12.3297958374, 12.782585144, 13.235373497, 13.6997728348, 14.1641721725, 14.6285715103, 15.0929698944, 15.5573692322, 16.0217685699, 16.4861679077, 16.9389572144, 17.391746521, 17.8561439514, 18.3205432892, 18.784942627, 19.2377319336, 19.6905212402, 20.154920578, 20.6193199158, 21.0837192535, 21.548116684, 22.0125160217, 22.4769153595, 22.9297046661, 23.3824939728, 23.8352832794, 24.2996826172, 24.764081955, 25.2284793854, 25.6928787231, 26.1572780609, 26.6216773987, 27.0860767365, 27.5504760742, 28.0032653809, 28.4676647186, 28.932062149, 29.3964614868, 29.8608608246, 30.3252601624, 30.7896595001, 31.2540588379, 31.7184581757, 32.1828575134, 32.6356468201, 33.0884361267, 33.5528335571, 34.0172348022, 34.4816322327, 34.9460296631, 35.4104309082, 35.8748283386, 36.3276176453, 36.7804069519, 37.244808197, 37.7092056274, 38.1736030579, 38.638004303, 39.1024017334, 39.5668029785, 40.0195922852, 40.4723815918, 40.9367790222, 41.4011802673, 41.8655776978, 42.3299751282, 42.7943763733, 43.2587738037, 43.7115631104, 44.1759643555, 44.6287536621, 45.0931510925, 45.5575485229, 46.0219497681, 46.4863471985, 46.9507484436, 47.4035377502, 47.8679351807, 48.3207244873, 48.7851219177, 49.2495231628, 49.7139205933, 50.1783218384, 50.631111145, 51.0839004517, 51.5482978821, 52.0126991272, 52.4770965576, 52.941493988, 53.4058952332, 53.8702926636, 54.3346939087, 54.7990913391, 55.2634925842, 55.7162818909, 56.1690673828, 56.6334686279, 57.0978660583, 57.5622673035, 58.0266647339, 58.491065979, 58.9554634094, 59.4082527161, 59.8610420227, 60.3254394531, 60.7898406982, 61.2542381287, 61.7186393738, 62.1714286804, 62.6358261108, 63.0886154175, 63.5530128479, 64.0174102783, 64.4818115234, 64.9462127686, 65.4106140137, 65.8750076294, 66.3394088745, 66.7921981812, 67.2449874878, 67.7093887329, 68.1737823486, 68.6381835938, 69.1025848389, 69.566986084, 70.0313796997, 70.4841690063, 70.936958313, 71.4013595581, 71.8657608032, 72.3301544189, 72.7945556641, 73.2473449707, 73.7117462158, 74.1645355225, 74.6289291382, 75.0933303833, 75.5577316284, 76.0221328735, 76.4865264893, 76.9509277344, 77.403717041, 77.8681182861, 78.3209075928, 78.7736968994, 79.2380905151, 79.7024917603, 80.1552810669, 80.619682312, 81.0840835571, 81.5484771729, 82.012878418, 82.4772796631, 82.9416732788, 83.4060745239, 83.870475769, 84.3348770142, 84.7876663208, 85.2404556274, 85.7048492432, 86.1692504883, 86.6336517334, 87.0980453491, 87.5624465942, 88.0268478394, 88.4912490845, 88.9556427002, 89.4200439453, 89.872833252, 90.3256225586, 90.7900238037, 91.2544174194, 91.7188186646, 92.1832199097, 92.6360092163, 93.0887985229, 93.5531921387, 94.0175933838, 94.4819946289, 94.946395874, 95.4107894897, 95.8751907349, 96.33959198, 96.8039855957, 97.2567749023, 97.709564209, 98.1739654541, 98.6383666992, 99.1027679443, 99.5671615601, 100.031562805, 100.484352112, 100.937141418, 101.401542664, 101.865936279, 102.318725586, 102.783126831, 103.247528076, 103.711929321, 104.164710999, 104.629112244, 105.093513489, 105.557914734, 106.010704041, 106.475097656, 106.927886963, 107.392288208, 107.856689453, 108.321083069, 108.785484314, 109.249885559, 109.714286804, 110.17868042, 110.643081665, 111.10748291, 111.571876526, 112.024665833, 112.477455139, 112.941856384, 113.406257629, 113.870658875, 114.323448181, 114.776237488, 115.240631104, 115.705032349, 116.169433594, 116.633827209, 117.098228455, 117.5626297, 118.027030945, 118.491424561, 118.955825806, 119.408615112, 119.861404419, 120.325805664, 120.79019928, 121.254600525, 121.71900177, 122.183395386, 122.636184692, 123.088973999, 123.553375244, 124.017776489, 124.482177734, 124.94657135, 125.410972595, 125.863761902, 126.316551208, 126.780952454, 127.245346069, 127.709747314, 128.17414856, 128.638549805, 129.10295105, 129.567337036, 130.031738281, 130.484527588, 130.937316895, 131.40171814, 131.866119385, 132.33052063, 132.794921875, 133.25932312, 133.723709106, 134.176498413, 134.62928772, 135.093688965, 135.55809021, 136.022491455, 136.4868927, 136.951293945, 137.41569519, 137.880081177, 138.332870483, 138.78565979, 139.238449097, 139.702850342, 140.155639648, 140.620040894, 141.107666016, 141.548843384, 142.013244629, 142.466033936, 142.930435181, 143.383224487, 143.847610474, 144.312011719, 144.776412964, 145.240814209, 145.705215454, 146.169616699, 146.634017944, 147.098403931, 147.562805176, 148.015594482, 148.479995728, 148.932785034, 149.397186279, 149.861587524, 150.32598877, 150.790390015, 151.254776001, 151.719177246, 152.183578491, 152.636367798, 153.100769043, 153.55355835, 154.017959595, 154.48236084, 154.923538208, 155.387939453, 155.852325439, 156.316726685, 156.78112793, 157.245529175, 157.70993042, 158.174331665, 158.63873291, 159.103118896, 159.567520142, 160.020309448, 160.484710693, 160.9375, 161.401901245, 161.86630249, 162.330703735, 162.79510498, 163.247894287, 163.712280273, 164.176681519, 164.629470825, 165.09387207, 165.558273315, 166.022674561, 166.487075806, 166.951477051, 167.415863037, 167.880264282, 168.333053589, 168.785842896, 169.250244141, 169.714645386, 170.179046631, 170.643447876, 171.107849121, 171.572235107, 172.025024414, 172.477813721, 172.942214966, 173.406616211, 173.871017456, 174.335418701, 174.788208008, 175.252609253, 175.70539856, 176.169799805, 176.634185791, 177.098587036, 177.562988281, 178.027389526, 178.491790771, 178.944580078, 179.397369385, 179.86177063, 180.326171875, 180.790557861, 181.254959106, 181.719360352, 182.183761597, 182.648162842, 183.100952148, 183.565353394, 184.0181427, 184.482528687, 184.946929932, 185.411331177, 185.864120483, 186.328521729, 186.781311035, 187.24571228, 187.710113525, 188.162902832, 188.615692139, 189.080093384, 189.54447937, 190.008880615, 190.47328186, 190.937683105, 191.402084351, 191.866485596, 192.354095459, 192.841720581, 193.352554321, 193.86340332, 194.385848999, 194.896682739, 195.419128418, 195.929977417, 196.440811157, 196.951644897, 197.462493896, 197.915283203, 198.356460571, 198.809249878, 199.227203369, 199.621948242, 200.016693115, 200.411422729, 200.829391479, 201.235733032, 201.642089844, 202.048431396, 202.44317627, 202.837905884, 203.221038818, 203.604171753, 203.987304688, 204.370422363, 204.753555298, 205.148300171, 205.543029785, 205.937774658, 206.332519531, 206.727249146, 207.121994019]
