
metadata:
    version:
        essentia: "2.1-beta2"
    audio_properties:
        analysis_sample_rate: 44100
        bitrate: 320
        channels: 2
        equal_loudness: 1
        length: 200.039978027
        replay_gain: -15.6278896332
        downmix: "mix"
    tags:
        album: "Incomplete Me"
        artist: "For All Those Sleeping"
        comment: ""
        date: "2014"
        genre: "Other"
        title: "We're All Going to Die"
        tracknumber: "11"

configuration:
    average_loudness:
        compute: 1
        frameSize: 88200
        hopSize: 44100
        silentFrames: "noise"
        windowType: "hann"
    general:
        analysisSampleRate: 44100
        endTime: 2000
        equalLoudness: 1
        nequalLoudness: 0
        shortSound: 0
        startTime: 0
    lowlevel:
        compute: 1
        frameSize: 2048
        hopSize: 1024
        zeroPadding: 0
        silentFrames: "noise"
        windowType: "blackmanharris62"
        mfccStats: ["mean", "cov", "icov"]
        stats: ["mean", "var", "median", "min", "max", "dmean", "dmean2", "dvar", "dvar2"]
    panning:
        compute: 0
        frameSize: 8192
        hopSize: 2048
        zeroPadding: 8192
        silentFrames: "noise"
        windowType: "hann"
        stats: ["copy"]
    rhythm:
        compute: 1
        maxTempo: 208
        minTempo: 40
        method: "degara"
        stats: ["mean", "var", "median", "min", "max", "dmean", "dmean2", "dvar", "dvar2"]
    segmentation:
        compute: 0
        cpw: 5
        inc1: 300
        inc2: 50
        minimumSegmentsLength: 10
        size1: 1000
        size2: 600
    sfx:
        compute: 1
        stats: ["mean", "var", "median", "min", "max", "dmean", "dmean2", "dvar", "dvar2"]
    svm:
        compute: 0
    tonal:
        compute: 1
        frameSize: 4096
        hopSize: 2048
        zeroPadding: 0
        silentFrames: "noise"
        windowType: "blackmanharris62"
        stats: ["mean", "var", "median", "min", "max", "dmean", "dmean2", "dvar", "dvar2"]

lowlevel:
    average_loudness: 0.894438922405
    barkbands_kurtosis:
        dmean: 1.13393294811
        dmean2: 1.89026987553
        dvar: 2.43494057655
        dvar2: 6.78245830536
        max: 21.6352386475
        mean: 0.241233319044
        median: -0.169264480472
        min: -1.92151117325
        var: 3.07380723953
    barkbands_skewness:
        dmean: 0.417221724987
        dmean2: 0.683501362801
        dvar: 0.163174450397
        dvar2: 0.460234671831
        max: 1.97670853138
        mean: -0.881680607796
        median: -0.855114758015
        min: -4.09589719772
        var: 0.371489226818
    barkbands_spread:
        dmean: 6.86539077759
        dmean2: 11.0281515121
        dvar: 48.6086883545
        dvar2: 135.927963257
        max: 76.6003570557
        mean: 27.3883705139
        median: 25.5916652679
        min: 3.71704530716
        var: 118.497268677
    dissonance:
        dmean: 0.00727745564654
        dmean2: 0.0125574944541
        dvar: 6.15314565948e-005
        dvar2: 0.000168113983818
        max: 0.500000059605
        mean: 0.489910542965
        median: 0.492591351271
        min: 0.389273792505
        var: 9.42936239881e-005
    hfc:
        dmean: 4.39262962341
        dmean2: 7.43530845642
        dvar: 32.3693580627
        dvar2: 87.0565872192
        max: 49.506652832
        mean: 11.4434680939
        median: 10.1062574387
        min: 1.16880329386e-016
        var: 47.4971847534
    pitch:
        dmean: 882.166870117
        dmean2: 1664.4296875
        dvar: 1370067.5
        dvar2: 3307195
        max: 4284.03808594
        mean: 2086.35375977
        median: 3023.45922852
        min: 72.1503143311
        var: 2077056.25
    pitch_instantaneous_confidence:
        dmean: 0.0839311480522
        dmean2: 0.140681266785
        dvar: 0.00496031716466
        dvar2: 0.0127905514091
        max: 0.862910211086
        mean: 0.366990208626
        median: 0.344518899918
        min: 0.0243171453476
        var: 0.0169694069773
    pitch_salience:
        dmean: 0.0505990944803
        dmean2: 0.0853447318077
        dvar: 0.00196046754718
        dvar2: 0.00547269033268
        max: 0.992529213428
        mean: 0.717437028885
        median: 0.730558753014
        min: 0.310505390167
        var: 0.00451014470309
    silence_rate_20dB:
        dmean: 0
        dmean2: 0
        dvar: 0
        dvar2: 0
        max: 1
        mean: 1
        median: 1
        min: 1
        var: 0
    silence_rate_30dB:
        dmean: 0
        dmean2: 0
        dvar: 0
        dvar2: 0
        max: 1
        mean: 1
        median: 1
        min: 1
        var: 0
    silence_rate_60dB:
        dmean: 0.101671308279
        dmean2: 0.203366219997
        dvar: 0.0913290455937
        dvar2: 0.186165988445
        max: 1
        mean: 0.213879540563
        median: 0
        min: 0
        var: 0.168137446046
    spectral_centroid:
        dmean: 269.700958252
        dmean2: 444.65826416
        dvar: 69418.0078125
        dvar2: 182541.640625
        max: 10809.9082031
        mean: 2189.37182617
        median: 2178.95727539
        min: 588.336242676
        var: 152896.796875
    spectral_complexity:
        dmean: 4.90854215622
        dmean2: 7.74068498611
        dvar: 20.3435764313
        dvar2: 48.6174201965
        max: 52
        mean: 20.9460372925
        median: 21
        min: 0
        var: 78.4239578247
    spectral_crest:
        dmean: 1.56670439243
        dmean2: 2.63952517509
        dvar: 2.05439639091
        dvar2: 5.4870634079
        max: 19.8585014343
        mean: 6.05962228775
        median: 5.59004020691
        min: 2.32485175133
        var: 4.21325778961
    spectral_decrease:
        dmean: 3.15446474497e-010
        dmean2: 5.04265240675e-010
        dvar: 1.43247726362e-019
        dvar2: 3.67232674906e-019
        max: -1.90046689357e-029
        mean: -1.08562858703e-009
        median: -1.04319830552e-009
        min: -3.53251272678e-009
        var: 3.06985776322e-019
    spectral_energy:
        dmean: 0.00156816106755
        dmean2: 0.00254304101691
        dvar: 3.69147005586e-006
        dvar2: 9.58878626989e-006
        max: 0.0178187936544
        mean: 0.00513537181541
        median: 0.0048652770929
        min: 1.06731122516e-020
        var: 7.18310502634e-006
    spectral_energyband_high:
        dmean: 0.000220072281081
        dmean2: 0.000386244762922
        dvar: 1.23078592651e-007
        dvar2: 3.45993839801e-007
        max: 0.00324138929136
        mean: 0.000363593280781
        median: 0.000269035081146
        min: 7.82097976699e-021
        var: 1.09182096253e-007
    spectral_energyband_low:
        dmean: 0.000156542198965
        dmean2: 0.000246527954005
        dvar: 2.73071396606e-008
        dvar2: 6.93103885396e-008
        max: 0.00186511932407
        mean: 0.000302215863485
        median: 0.000251866469625
        min: 3.59647713588e-023
        var: 5.04541368684e-008
    spectral_energyband_middle_high:
        dmean: 0.00126821664162
        dmean2: 0.00210172170773
        dvar: 2.17225033339e-006
        dvar2: 5.6407716329e-006
        max: 0.0159182120115
        mean: 0.00380879803561
        median: 0.00353589421138
        min: 1.61244158574e-021
        var: 5.00145961269e-006
    spectral_energyband_middle_low:
        dmean: 0.000367674801964
        dmean2: 0.000594001030549
        dvar: 3.49076998418e-007
        dvar2: 9.1366638344e-007
        max: 0.00801388081163
        mean: 0.000731563661247
        median: 0.000509573263116
        min: 3.94640024554e-022
        var: 4.78985668906e-007
    spectral_flatness_db:
        dmean: 0.0131263891235
        dmean2: 0.0206554029137
        dvar: 0.000131227381644
        dvar2: 0.000301461492199
        max: 0.337572604418
        mean: 0.137091711164
        median: 0.132578343153
        min: 0.0231697726995
        var: 0.000849846925121
    spectral_flux:
        dmean: 0.00835639983416
        dmean2: 0.0129425218329
        dvar: 8.92999232747e-005
        dvar2: 0.000156084628543
        max: 0.104238092899
        mean: 0.0462135449052
        median: 0.0460007637739
        min: 1.03310755784e-010
        var: 0.000249885226367
    spectral_kurtosis:
        dmean: 1.16067910194
        dmean2: 1.91819453239
        dvar: 1.26545155048
        dvar2: 3.46443963051
        max: 25.8294239044
        mean: 4.74425983429
        median: 4.43325233459
        min: -1.17526590824
        var: 4.53922510147
    spectral_rms:
        dmean: 0.000323902437231
        dmean2: 0.00051139522111
        dvar: 1.29901195578e-007
        dvar2: 3.27411328271e-007
        max: 0.00416943524033
        mean: 0.00214471528307
        median: 0.00217867200263
        min: 3.22688598932e-012
        var: 4.10324815903e-007
    spectral_rolloff:
        dmean: 219.034744263
        dmean2: 364.215087891
        dvar: 68504.96875
        dvar2: 135291.703125
        max: 18238.6230469
        mean: 3501.11669922
        median: 3509.91210938
        min: 990.52734375
        var: 157377.453125
    spectral_skewness:
        dmean: 0.173020094633
        dmean2: 0.279023379087
        dvar: 0.0240191780031
        dvar2: 0.0600833334029
        max: 3.4378426075
        mean: 1.53283965588
        median: 1.54218482971
        min: 0.0182661581784
        var: 0.112448066473
    spectral_spread:
        dmean: 513655.375
        dmean2: 748449.5
        dvar: 604444426240
        dvar2: 883100614656
        max: 39160128
        mean: 4208600
        median: 4018358.25
        min: 1598564.375
        var: 1.80085116109e+012
    spectral_strongpeak:
        dmean: 0.703030884266
        dmean2: 1.21418440342
        dvar: 0.661101281643
        dvar2: 1.66675913334
        max: 12.3232212067
        mean: 0.947380244732
        median: 0.563970327377
        min: 0
        var: 1.34318590164
    zerocrossingrate:
        dmean: 0.00651920074597
        dmean2: 0.00815007463098
        dvar: 5.41095723747e-005
        dvar2: 6.29768328508e-005
        max: 0.5048828125
        mean: 0.113757632673
        median: 0.11328125
        min: 0.05078125
        var: 0.000259345484665
    barkbands:
        dmean: [3.01449358631e-006, 0.000113436442916, 5.69446201553e-005, 7.15346250217e-005, 0.000128526662593, 7.34802451916e-005, 9.46727814153e-005, 7.80124901212e-005, 8.74794568517e-005, 9.59078824962e-005, 0.000103166537883, 0.000143033204949, 0.000111806009954, 8.7419321062e-005, 0.000126978484332, 0.00019683278515, 0.000226830859901, 0.000475587788969, 0.000460039271275, 0.000251790275797, 9.15674827411e-005, 1.65433793882e-005, 3.82491634809e-006, 3.36619291375e-006, 3.11400322062e-006, 7.09369842866e-008, 3.34106325939e-010]
        dmean2: [4.09022050007e-006, 0.000184085554793, 9.01850144146e-005, 0.000126795785036, 0.000233971921261, 0.000117670570035, 0.000154641471454, 0.000129837237182, 0.000140806747368, 0.000154339752044, 0.000170580402482, 0.000230783247389, 0.000181867973879, 0.000141255557537, 0.000205299264053, 0.00032123021083, 0.00038204761222, 0.000815590145066, 0.00078671326628, 0.000432361237472, 0.00016292030341, 2.88351657218e-005, 6.54632594888e-006, 5.41487179362e-006, 4.84599604533e-006, 1.10091143313e-007, 5.71403258043e-010]
        dvar: [1.43635771679e-011, 1.63600706315e-008, 4.95103069653e-009, 3.94445649476e-008, 1.34737902613e-007, 1.68559619595e-008, 3.83609730648e-008, 2.43046134329e-008, 2.08761186116e-008, 2.89420292177e-008, 2.68989044372e-008, 5.51424506057e-008, 3.10215533261e-008, 2.58678749532e-008, 4.63498928127e-008, 9.45989881984e-008, 9.37159256864e-008, 4.20001782686e-007, 3.41494740042e-007, 9.83018608736e-008, 2.94862712025e-008, 7.99775412563e-010, 3.65335955932e-011, 3.85058894492e-011, 4.40343109198e-011, 2.85292351809e-014, 3.30831454677e-019]
        dvar2: [2.60279246073e-011, 4.32848032972e-008, 1.28559545232e-008, 1.09202346721e-007, 3.85351768273e-007, 3.90555854324e-008, 9.40996613963e-008, 6.04545746796e-008, 4.95914065368e-008, 6.91130708219e-008, 7.17451129617e-008, 1.35350575192e-007, 7.82286448953e-008, 6.09973938026e-008, 1.07066554733e-007, 2.31300859355e-007, 2.35659470604e-007, 1.08632161755e-006, 9.16636849979e-007, 2.66055337761e-007, 8.36035241036e-008, 2.23809482058e-009, 9.7882688066e-011, 8.48294073874e-011, 9.56370677097e-011, 6.22086204164e-014, 7.38350927342e-019]
        max: [3.13191703754e-005, 0.00114411255345, 0.00122736254707, 0.0019306888571, 0.00352181261405, 0.00182898284402, 0.00302117969841, 0.00505611905828, 0.00331219122745, 0.00425129104406, 0.00243460573256, 0.00440762471408, 0.00322131346911, 0.00411088345572, 0.00464041251689, 0.00593858677894, 0.00551258726045, 0.011416669935, 0.0087814219296, 0.00398522848263, 0.00175772188231, 0.000308292132104, 8.96642304724e-005, 0.000114208451123, 0.000116592149425, 3.2070065572e-006, 1.06373025943e-008]
        mean: [3.97032499677e-006, 0.000182860909263, 9.08500660444e-005, 6.27194094704e-005, 0.000112160603749, 0.000111827845103, 0.00012726537534, 0.000106268606032, 0.000151324886247, 0.000169807186467, 0.000170740328031, 0.000253261910984, 0.000202492868993, 0.000152764972881, 0.000227261538384, 0.00037616174086, 0.000410197855672, 0.000786548422184, 0.00082132301759, 0.000447847647592, 0.000126722472487, 2.46073923336e-005, 6.17607065578e-006, 5.37756841368e-006, 4.72595365864e-006, 1.07180497366e-007, 4.32934882388e-010]
        median: [1.48660353716e-006, 0.000137065188028, 6.17214682279e-005, 1.8708036805e-005, 3.84057930205e-005, 5.52182136744e-005, 5.49365649931e-005, 4.16224029323e-005, 7.46578007238e-005, 9.64030332398e-005, 9.63912316365e-005, 0.000109747241368, 9.38623416005e-005, 8.96561468835e-005, 0.000121201694128, 0.000215077045141, 0.000294696394121, 0.000544159614947, 0.00060970679624, 0.000355538795702, 8.42679146444e-005, 1.72529307747e-005, 4.46360581918e-006, 2.99440080198e-006, 1.94571293832e-006, 4.30103384019e-008, 2.05491484939e-010]
        min: [9.30805381063e-024, 1.24716574087e-023, 7.93454994475e-024, 1.77730361946e-023, 7.9490383219e-023, 4.53378399298e-023, 3.93057455982e-023, 2.24261590653e-023, 1.68283190937e-022, 1.10210823057e-022, 1.36844042017e-022, 9.92497774839e-023, 9.78002045498e-023, 4.24481540815e-023, 1.36517895364e-022, 1.42135594751e-022, 3.4185104312e-022, 1.40338657961e-022, 2.44696221454e-022, 3.21440119167e-022, 5.05110894031e-022, 4.93601299828e-022, 7.27784794827e-022, 7.50385445192e-022, 9.04140418341e-022, 1.76199648673e-021, 2.65280437322e-021]
        var: [2.73408604784e-011, 2.48119977897e-008, 9.40207112166e-009, 2.78828533595e-008, 8.40581577677e-008, 3.0193323397e-008, 4.86198103999e-008, 3.45530395407e-008, 5.36781463722e-008, 7.4268626804e-008, 4.84084949903e-008, 1.3096082796e-007, 7.30121101356e-008, 4.90132450182e-008, 9.00476635479e-008, 2.09362369219e-007, 1.63282891208e-007, 6.37569939954e-007, 5.11373968948e-007, 1.14953436992e-007, 2.22341594025e-008, 6.75668743177e-010, 4.13187123405e-011, 6.21191917349e-011, 7.49086001561e-011, 4.75570070249e-014, 6.42216358442e-019]
    frequency_bands:
        dmean: [3.01449358631e-006, 0.000113436442916, 5.69446201553e-005, 7.15346250217e-005, 0.000128526662593, 7.34802451916e-005, 9.46727814153e-005, 7.80124901212e-005, 8.74794568517e-005, 9.59078824962e-005, 0.000103166537883, 0.000143033204949, 0.000111806009954, 8.7419321062e-005, 0.000126978484332, 0.00019683278515, 0.000226830859901, 0.000475587788969, 0.000460039271275, 0.000251790275797, 9.15674827411e-005, 1.65433793882e-005, 3.82491634809e-006, 3.36619291375e-006, 3.11400322062e-006, 7.09369842866e-008, 3.34106325939e-010, 6.26171892115e-011]
        dmean2: [4.09022050007e-006, 0.000184085554793, 9.01850144146e-005, 0.000126795785036, 0.000233971921261, 0.000117670570035, 0.000154641471454, 0.000129837237182, 0.000140806747368, 0.000154339752044, 0.000170580402482, 0.000230783247389, 0.000181867973879, 0.000141255557537, 0.000205299264053, 0.00032123021083, 0.00038204761222, 0.000815590145066, 0.00078671326628, 0.000432361237472, 0.00016292030341, 2.88351657218e-005, 6.54632594888e-006, 5.41487179362e-006, 4.84599604533e-006, 1.10091143313e-007, 5.71403258043e-010, 1.17165416258e-010]
        dvar: [1.43635771679e-011, 1.63600706315e-008, 4.95103069653e-009, 3.94445649476e-008, 1.34737902613e-007, 1.68559619595e-008, 3.83609730648e-008, 2.43046134329e-008, 2.08761186116e-008, 2.89420292177e-008, 2.68989044372e-008, 5.51424506057e-008, 3.10215533261e-008, 2.58678749532e-008, 4.63498928127e-008, 9.45989881984e-008, 9.37159256864e-008, 4.20001782686e-007, 3.41494740042e-007, 9.83018608736e-008, 2.94862712025e-008, 7.99775412563e-010, 3.65335955932e-011, 3.85058894492e-011, 4.40343109198e-011, 2.85292351809e-014, 3.30831454677e-019, 8.92989211851e-021]
        dvar2: [2.60279246073e-011, 4.32848032972e-008, 1.28559545232e-008, 1.09202346721e-007, 3.85351768273e-007, 3.90555854324e-008, 9.40996613963e-008, 6.04545746796e-008, 4.95914065368e-008, 6.91130708219e-008, 7.17451129617e-008, 1.35350575192e-007, 7.82286448953e-008, 6.09973938026e-008, 1.07066554733e-007, 2.31300859355e-007, 2.35659470604e-007, 1.08632161755e-006, 9.16636849979e-007, 2.66055337761e-007, 8.36035241036e-008, 2.23809482058e-009, 9.7882688066e-011, 8.48294073874e-011, 9.56370677097e-011, 6.22086204164e-014, 7.38350927342e-019, 2.89857625259e-020]
        max: [3.13191703754e-005, 0.00114411255345, 0.00122736254707, 0.0019306888571, 0.00352181261405, 0.00182898284402, 0.00302117969841, 0.00505611905828, 0.00331219122745, 0.00425129104406, 0.00243460573256, 0.00440762471408, 0.00322131346911, 0.00411088345572, 0.00464041251689, 0.00593858677894, 0.00551258726045, 0.011416669935, 0.0087814219296, 0.00398522848263, 0.00175772188231, 0.000308292132104, 8.96642304724e-005, 0.000114208451123, 0.000116592149425, 3.2070065572e-006, 1.06373025943e-008, 1.29798438664e-009]
        mean: [3.97032499677e-006, 0.000182860909263, 9.08500660444e-005, 6.27194094704e-005, 0.000112160603749, 0.000111827845103, 0.00012726537534, 0.000106268606032, 0.000151324886247, 0.000169807186467, 0.000170740328031, 0.000253261910984, 0.000202492868993, 0.000152764972881, 0.000227261538384, 0.00037616174086, 0.000410197855672, 0.000786548422184, 0.00082132301759, 0.000447847647592, 0.000126722472487, 2.46073923336e-005, 6.17607065578e-006, 5.37756841368e-006, 4.72595365864e-006, 1.07180497366e-007, 4.32934882388e-010, 4.79342052162e-011]
        median: [1.48660353716e-006, 0.000137065188028, 6.17214682279e-005, 1.8708036805e-005, 3.84057930205e-005, 5.52182136744e-005, 5.49365649931e-005, 4.16224029323e-005, 7.46578007238e-005, 9.64030332398e-005, 9.63912316365e-005, 0.000109747241368, 9.38623416005e-005, 8.96561468835e-005, 0.000121201694128, 0.000215077045141, 0.000294696394121, 0.000544159614947, 0.00060970679624, 0.000355538795702, 8.42679146444e-005, 1.72529307747e-005, 4.46360581918e-006, 2.99440080198e-006, 1.94571293832e-006, 4.30103384019e-008, 2.05491484939e-010, 1.78727258687e-011]
        min: [9.30805381063e-024, 1.24716574087e-023, 7.93454994475e-024, 1.77730361946e-023, 7.9490383219e-023, 4.53378399298e-023, 3.93057455982e-023, 2.24261590653e-023, 1.68283190937e-022, 1.10210823057e-022, 1.36844042017e-022, 9.92497774839e-023, 9.78002045498e-023, 4.24481540815e-023, 1.36517895364e-022, 1.42135594751e-022, 3.4185104312e-022, 1.40338657961e-022, 2.44696221454e-022, 3.21440119167e-022, 5.05110894031e-022, 4.93601299828e-022, 7.27784794827e-022, 7.50385445192e-022, 9.04140418341e-022, 1.76199648673e-021, 2.65280437322e-021, 6.61427229119e-022]
        var: [2.73408604784e-011, 2.48119977897e-008, 9.40207112166e-009, 2.78828533595e-008, 8.40581577677e-008, 3.0193323397e-008, 4.86198103999e-008, 3.45530395407e-008, 5.36781463722e-008, 7.4268626804e-008, 4.84084949903e-008, 1.3096082796e-007, 7.30121101356e-008, 4.90132450182e-008, 9.00476635479e-008, 2.09362369219e-007, 1.63282891208e-007, 6.37569939954e-007, 5.11373968948e-007, 1.14953436992e-007, 2.22341594025e-008, 6.75668743177e-010, 4.13187123405e-011, 6.21191917349e-011, 7.49086001561e-011, 4.75570070249e-014, 6.42216358442e-019, 6.76915459075e-021]
    mfcc:
        mean: [-698.332763672, 90.4303588867, -68.6838302612, 44.1650886536, -5.589823246, -9.23198699951, 15.2888641357, 4.31910324097, 2.71779131889, 1.24425506592, 2.23536992073, 2.17855978012, 4.38194465637]
        cov: [[4879.55175781, 631.626708984, -423.1300354, 326.568634033, -43.481880188, -130.183776855, 73.2450408936, -70.6041030884, -21.7185764313, -22.2323665619, 4.16031980515, -0.818031489849, -8.53329944611], [631.626708984, 535.97454834, -201.230926514, 104.475196838, -67.1443862915, 12.0424728394, 28.4214744568, 13.1972494125, 5.20403003693, 21.256937027, 26.483417511, 13.9996576309, 25.2996940613], [-423.1300354, -201.230926514, 442.094299316, 69.6813354492, 75.9189758301, 39.084487915, 16.7390861511, 1.94424259663, 1.18198108673, -15.8337669373, -21.3829212189, -7.53756952286, -18.8336238861], [326.568634033, 104.475196838, 69.6813354492, 454.579498291, 14.8710975647, 65.5485992432, 14.7825193405, 19.5090713501, 28.7389621735, 7.77318620682, -29.8310165405, -30.491519928, -15.2715187073], [-43.481880188, -67.1443862915, 75.9189758301, 14.8710975647, 154.65838623, 24.1838359833, -4.50785160065, -11.7335567474, 18.4019641876, 10.845334053, -6.29172086716, -7.78515005112, 5.78517961502], [-130.183776855, 12.0424728394, 39.084487915, 65.5485992432, 24.1838359833, 165.816589355, 72.8994903564, 30.9807224274, -0.472425699234, 5.44427537918, -2.31780791283, 2.30416917801, -5.64943790436], [73.2450408936, 28.4214744568, 16.7390861511, 14.7825193405, -4.50785160065, 72.8994903564, 142.805892944, 63.385974884, -1.81842577457, -7.94639873505, 8.36575889587, 8.66779613495, -1.45517408848], [-70.6041030884, 13.1972494125, 1.94424259663, 19.5090713501, -11.7335567474, 30.9807224274, 63.385974884, 104.563835144, 22.9919109344, 10.0209798813, 1.5730483532, 3.36141419411, 0.614102065563], [-21.7185764313, 5.20403003693, 1.18198108673, 28.7389621735, 18.4019641876, -0.472425699234, -1.81842577457, 22.9919109344, 79.9548950195, 32.493057251, 7.06963205338, -1.65523040295, 8.40052986145], [-22.2323665619, 21.256937027, -15.8337669373, 7.77318620682, 10.845334053, 5.44427537918, -7.94639873505, 10.0209798813, 32.493057251, 72.3231048584, 30.2047214508, 4.78387880325, 2.82889604568], [4.16031980515, 26.483417511, -21.3829212189, -29.8310165405, -6.29172086716, -2.31780791283, 8.36575889587, 1.5730483532, 7.06963205338, 30.2047214508, 70.8078384399, 30.8447990417, 11.5677118301], [-0.818031489849, 13.9996576309, -7.53756952286, -30.491519928, -7.78515005112, 2.30416917801, 8.66779613495, 3.36141419411, -1.65523040295, 4.78387880325, 30.8447990417, 64.2560348511, 30.8368225098], [-8.53329944611, 25.2996940613, -18.8336238861, -15.2715187073, 5.78517961502, -5.64943790436, -1.45517408848, 0.614102065563, 8.40052986145, 2.82889604568, 11.5677118301, 30.8368225098, 65.9117355347]]
        icov: [[0.000302791624563, -0.000246484938543, 0.000243524496909, -0.000266906077741, -0.000202883195016, 0.000506184238475, -0.000550472992472, 0.000431316089816, 3.77913638658e-005, 6.05822533544e-005, 0.000110013352241, -0.000212298327824, 0.000259177119005], [-0.000246484938543, 0.00288614071906, 0.000985878403299, -0.000663797312882, 0.000862140324898, -0.000412114051869, -0.000259913067566, -2.46560884989e-005, 0.000164928846061, -0.000531742989551, -0.000654677685816, 0.000216485059354, -0.00111291406211], [0.000243524496909, 0.000985878403299, 0.00335936923511, -0.000923836894799, -0.00119621632621, 0.000198531983187, -0.000879379978869, 0.000442874385044, 7.91068887338e-005, 0.000509799632709, 0.000253778125625, -0.000867021502927, 0.00082656746963], [-0.000266906077741, -0.000663797312882, -0.000923836894799, 0.00308163603768, 0.000227136872127, -0.00150804081932, 0.000959142867941, -0.00057635671692, -0.00100297154859, -0.000131749300635, 0.000854153709952, 0.00102721725125, 5.06112446601e-005], [-0.000202883195016, 0.000862140324898, -0.00119621632621, 0.000227136872127, 0.00819502398372, -0.00166861957405, 0.000290553201921, 0.00143507809844, -0.00174716196489, -0.00128211337142, 0.000412337685702, 0.00154335831758, -0.00203236122616], [0.000506184238475, -0.000412114051869, 0.000198531983187, -0.00150804081932, -0.00166861957405, 0.00963959749788, -0.00547257158905, 0.000872105010785, 0.00122721481603, -0.00183167110663, 0.00149060960393, -0.00155752699357, 0.00116406951565], [-0.000550472992472, -0.000259913067566, -0.000879379978869, 0.000959142867941, 0.000290553201921, -0.00547257158905, 0.0139695834368, -0.00780787644908, 0.00087327323854, 0.00347833102569, -0.00311589147896, 0.000430243875599, -2.89816962322e-005], [0.000431316089816, -2.46560884989e-005, 0.000442874385044, -0.00057635671692, 0.00143507809844, 0.000872105010785, -0.00780787644908, 0.0156964119524, -0.00412592105567, -0.00206891726702, 0.00230823736638, -0.00109262682963, 0.000409212720115], [3.77913638658e-005, 0.000164928846061, 7.91068887338e-005, -0.00100297154859, -0.00174716196489, 0.00122721481603, 0.00087327323854, -0.00412592105567, 0.0176756009459, -0.0072497013025, 0.000598654442001, 0.00129865680356, -0.00260620121844], [6.05822533544e-005, -0.000531742989551, 0.000509799632709, -0.000131749300635, -0.00128211337142, -0.00183167110663, 0.00347833102569, -0.00206891726702, -0.0072497013025, 0.0224726907909, -0.0102413520217, 0.00218538125046, 0.00111312395893], [0.000110013352241, -0.000654677685816, 0.000253778125625, 0.000854153709952, 0.000412337685702, 0.00149060960393, -0.00311589147896, 0.00230823736638, 0.000598654442001, -0.0102413520217, 0.0238529909402, -0.0106001691893, 0.00167350226548], [-0.000212298327824, 0.000216485059354, -0.000867021502927, 0.00102721725125, 0.00154335831758, -0.00155752699357, 0.000430243875599, -0.00109262682963, 0.00129865680356, 0.00218538125046, -0.0106001691893, 0.0264466479421, -0.0111416243017], [0.000259177119005, -0.00111291406211, 0.00082656746963, 5.06112446601e-005, -0.00203236122616, 0.00116406951565, -2.89816962322e-005, 0.000409212720115, -0.00260620121844, 0.00111312395893, 0.00167350226548, -0.0111416243017, 0.0213574543595]]
    sccoeffs:
        dmean: [0.0554225258529, 0.0470441170037, 0.0362717360258, 0.0304232798517, 0.0218016710132, 0.020114813]
        dmean2: [0.0886983573437, 0.0785439386964, 0.0605491697788, 0.0504343695939, 0.0363868065178, 0.0313221812248]
        dvar: [0.00189912307542, 0.00144791335333, 0.000777709879912, 0.000621002342086, 0.000297577906167, 0.000325432862155]
        dvar2: [0.00499449856579, 0.00397816579789, 0.00219418038614, 0.00163364736363, 0.000805281219073, 0.000737946771551]
        max: [-0.417086154222, -0.415476441383, -0.561898589134, -0.569373905659, -0.618801534176, -0.613603591919]
        mean: [-0.7188154459, -0.783334434032, -0.796933948994, -0.794050097466, -0.78371244669, -0.782302081585]
        median: [-0.721545994282, -0.7908872962, -0.802833974361, -0.799517393112, -0.788037538528, -0.784489929676]
        min: [-0.99778854847, -0.998179376125, -0.998219430447, -0.997901558876, -0.99660462141, -0.979687571526]
        var: [0.00431158253923, 0.00381479645148, 0.0026178502012, 0.00210753479041, 0.00114376086276, 0.0013486132957]
    scvalleys:
        dmean: [0.379327356815, 0.353956609964, 0.282192289829, 0.238540500402, 0.248526081443, 0.312294572592]
        dmean2: [0.635980010033, 0.576641917229, 0.460810571909, 0.384915858507, 0.404592305422, 0.48300293088]
        dvar: [0.108357571065, 0.103547632694, 0.0750533491373, 0.0638956576586, 0.0798253938556, 0.139996379614]
        dvar2: [0.262161195278, 0.224158406258, 0.144880458713, 0.112339287996, 0.164174154401, 0.303278565407]
        max: [-5.37151002884, -5.06609869003, -5.04043245316, -5.47970247269, -5.35943460464, -7.68043804169]
        mean: [-7.03647184372, -6.76750707626, -6.60457229614, -6.76425790787, -6.61534786224, -9.45536613464]
        median: [-6.76938486099, -6.63842153549, -6.4957613945, -6.65459012985, -6.49493980408, -9.27823448181]
        min: [-27.495759964, -27.5642604828, -27.1092376709, -27.329372406, -27.2053527832, -27.2880916595]
        var: [1.7928442955, 0.970624446869, 0.810172855854, 0.793919682503, 0.934084892273, 1.27292740345]

rhythm:
    beats_loudness:
        dmean: 0.0016745144967
        dmean2: 0.00295648328029
        dvar: 1.96226460503e-006
        dvar2: 5.59157115276e-006
        max: 0.0127298031002
        mean: 0.00526566430926
        median: 0.00529616232961
        min: 1.16891323287e-008
        var: 4.40994881501e-006
    bpm: 104.016349792
    bpm_confidence: 0
    first_peak_bpm: 103
    first_peak_spread: 0.31288343668
    first_peak_weight: 0.639999985695
    onset_rate: 4.16416788101
    second_peak_bpm: 140
    second_peak_spread: 0.409090906382
    second_peak_weight: 0.0371428579092
    beats_loudness_band_ratio:
        dmean: [0.0765711888671, 0.0388792306185, 0.0763827487826, 0.113510064781, 0.14057418704, 0.0886902213097]
        dmean2: [0.133589327335, 0.0695113316178, 0.132772877812, 0.20210789144, 0.25220683217, 0.160164803267]
        dvar: [0.00551137560979, 0.00175763829611, 0.0050450717099, 0.0102658309042, 0.0127350864932, 0.00520703662187]
        dvar2: [0.0158082228154, 0.00536063639447, 0.0146392760798, 0.0331975519657, 0.0409294329584, 0.016661953181]
        max: [0.536996424198, 0.420742541552, 0.456279873848, 0.665557384491, 0.700917184353, 0.721804141998]
        mean: [0.138346388936, 0.0465004406869, 0.105295434594, 0.148540198803, 0.34170717001, 0.250410854816]
        median: [0.127647772431, 0.0360332988203, 0.0864837244153, 0.0989985466003, 0.318809837103, 0.238964527845]
        min: [5.60845619475e-005, 0.000433950481238, 0.000669365690555, 0.00346064334735, 0.0491811409593, 0.0353753976524]
        var: [0.00757288886234, 0.00166923319921, 0.00629735551775, 0.0128295812756, 0.0148989958689, 0.00885185413063]
    beats_position: [0.603718817234, 1.18421769142, 1.764716506, 2.34521532059, 2.91410422325, 3.48299312592, 4.06349182129, 4.6439909935, 5.22448968887, 5.79337835312, 6.37387752533, 6.94276618958, 7.52326536179, 8.10376358032, 8.68426322937, 9.25315189362, 9.83365058899, 10.4025392532, 10.9830379486, 11.5635375977, 12.1324262619, 12.7013149261, 13.2818136215, 13.8623123169, 14.4428119659, 15.0233106613, 15.6038093567, 16.1843090057, 16.7648067474, 17.3336963654, 17.9025840759, 18.483083725, 19.0635814667, 19.6440811157, 20.2245807648, 20.8050785065, 21.3855781555, 21.9660758972, 22.523355484, 23.1038551331, 23.6843528748, 24.2648525238, 24.8453502655, 25.4258499146, 25.9947395325, 26.563627243, 27.1441268921, 27.7246246338, 28.3051242828, 28.8856239319, 29.4661216736, 30.0350112915, 30.6155090332, 31.1843986511, 31.753288269, 32.3337860107, 32.9142837524, 33.4947853088, 34.0636711121, 34.6441726685, 35.2130622864, 35.7935600281, 36.3740577698, 36.9429473877, 37.5234451294, 38.1039466858, 38.6844444275, 39.2649421692, 39.8454399109, 40.4143295288, 40.9832191467, 41.5637168884, 42.1442184448, 42.7247161865, 43.3052139282, 43.8741035461, 44.4429931641, 45.0234909058, 45.6039886475, 46.1844902039, 46.7649879456, 47.3338775635, 47.9027671814, 48.4832649231, 49.0637626648, 49.6442604065, 50.2247619629, 50.8052597046, 51.3741493225, 51.9430389404, 52.5235366821, 53.1040344238, 53.6845359802, 54.2650337219, 54.8455314636, 55.4260292053, 55.9949188232, 56.5638084412, 57.1443061829, 57.7248077393, 58.305305481, 58.8858032227, 59.4663009644, 60.0351905823, 60.6156921387, 61.1845779419, 61.7650794983, 62.34557724, 62.9144668579, 63.4833564758, 64.0638504028, 64.6327438354, 65.2132415771, 65.7821273804, 66.3626327515, 66.9431304932, 67.5236282349, 68.1041259766, 68.6846237183, 69.26512146, 69.8456192017, 70.4261245728, 71.0066223145, 71.5755081177, 72.1444015503, 72.724899292, 73.3053970337, 73.8742828369, 74.4431762695, 75.0236740112, 75.6041717529, 76.1846694946, 76.7651672363, 77.3340606689, 77.9029464722, 78.4834442139, 79.0639419556, 79.6444396973, 80.2249450684, 80.8054428101, 81.3859405518, 81.954826355, 82.5353240967, 83.1042175293, 83.684715271, 84.2652130127, 84.8457107544, 85.4262084961, 85.9951019287, 86.5639877319, 87.1444854736, 87.7249908447, 88.3054885864, 88.8859863281, 89.4664840698, 90.035369873, 90.6042633057, 91.1731491089, 91.7420425415, 92.3225402832, 92.9030380249, 93.4835357666, 94.0640335083, 94.6329269409, 95.2134246826, 95.7823104858, 96.3628082275, 96.9433059692, 97.5238113403, 98.104309082, 98.6848068237, 99.2653045654, 99.8341903687, 100.41469574, 100.983581543, 101.564079285, 102.144577026, 102.713470459, 103.282356262, 103.862854004, 104.443351746, 105.023849487, 105.604354858, 106.1848526, 106.765350342, 107.334236145, 107.903129578, 108.472015381, 109.064125061, 109.644622803, 110.213516235, 110.782402039, 111.36289978, 111.943397522, 112.523895264, 113.104400635, 113.684898376, 114.265396118, 114.84589386, 115.426391602, 115.995285034, 116.564170837, 117.144668579, 117.725166321, 118.305664063, 118.886169434, 119.466667175, 120.047164917, 120.61605072, 121.184944153, 121.765441895, 122.345939636, 122.926437378, 123.50693512, 124.087432861, 124.644714355, 125.225212097, 125.805709839, 126.386207581, 126.955101013, 127.523986816, 128.104492188, 128.6849823, 129.265487671, 129.845977783, 130.426483154, 131.018585205, 131.599090576, 132.167984009, 132.736862183, 133.305755615, 133.886260986, 134.466751099, 135.035644531, 135.604537964, 136.185028076, 136.765533447, 137.34602356, 137.926528931, 138.507034302, 139.075912476, 139.644805908, 140.225296021, 140.805801392, 141.374694824, 141.955184937, 142.535690308, 143.10458374, 143.685073853, 144.265579224, 144.846069336, 145.414962769, 145.983856201, 146.564346313, 147.144851685, 147.725341797, 148.305847168, 148.874740601, 149.455230713, 150.024124146, 150.604629517, 151.185119629, 151.765625, 152.346115112, 152.926620483, 153.507110596, 154.076004028, 154.644897461, 155.225387573, 155.805892944, 156.386398315, 156.955276489, 157.524169922, 158.104675293, 158.685165405, 159.265670776, 159.846160889, 160.42666626, 160.995559692, 161.564437866, 162.144943237, 162.72543335, 163.305938721, 163.886444092, 164.466934204, 165.047439575, 165.616317749, 166.185211182, 166.765716553, 167.346206665, 167.915100098, 168.49559021, 169.076095581, 169.644989014, 170.225479126, 170.794372559, 171.37487793, 171.955368042, 172.535873413, 173.116363525, 173.685256958, 174.265762329, 174.834640503, 175.415145874, 175.984039307, 176.564529419, 177.14503479, 177.725524902, 178.294418335, 178.874923706, 179.44380188, 180.024307251, 180.604797363, 181.185302734, 181.765808105, 182.334686279, 182.903579712, 183.484085083, 184.064575195, 184.645080566, 185.225570679, 185.80607605, 186.386566162, 186.967071533, 187.535964966, 188.10484314, 188.673736572, 189.242630005, 189.823120117, 190.264297485, 190.693878174, 191.123443604, 191.564620972, 191.994186401, 192.42376709, 192.864944458, 193.294509888, 193.724075317, 194.165252686, 194.594833374, 195.024398804, 195.453964233, 195.883529663, 196.313110352, 196.742675781, 197.183853149, 197.625030518, 198.054595947, 198.495773315, 198.936950684, 199.378143311]
