
metadata:
    version:
        essentia: "2.1-beta2"
    audio_properties:
        analysis_sample_rate: 44100
        bitrate: 320
        channels: 2
        equal_loudness: 1
        length: 266.015991211
        replay_gain: -15.2892532349
        downmix: "mix"
    tags:
        album: "Incomplete Me"
        artist: "For All Those Sleeping"
        comment: ""
        date: "2014"
        genre: "Other"
        title: "It's Not Love (If It Doesn't H"
        tracknumber: "12"

configuration:
    average_loudness:
        compute: 1
        frameSize: 88200
        hopSize: 44100
        silentFrames: "noise"
        windowType: "hann"
    general:
        analysisSampleRate: 44100
        endTime: 2000
        equalLoudness: 1
        nequalLoudness: 0
        shortSound: 0
        startTime: 0
    lowlevel:
        compute: 1
        frameSize: 2048
        hopSize: 1024
        zeroPadding: 0
        silentFrames: "noise"
        windowType: "blackmanharris62"
        mfccStats: ["mean", "cov", "icov"]
        stats: ["mean", "var", "median", "min", "max", "dmean", "dmean2", "dvar", "dvar2"]
    panning:
        compute: 0
        frameSize: 8192
        hopSize: 2048
        zeroPadding: 8192
        silentFrames: "noise"
        windowType: "hann"
        stats: ["copy"]
    rhythm:
        compute: 1
        maxTempo: 208
        minTempo: 40
        method: "degara"
        stats: ["mean", "var", "median", "min", "max", "dmean", "dmean2", "dvar", "dvar2"]
    segmentation:
        compute: 0
        cpw: 5
        inc1: 300
        inc2: 50
        minimumSegmentsLength: 10
        size1: 1000
        size2: 600
    sfx:
        compute: 1
        stats: ["mean", "var", "median", "min", "max", "dmean", "dmean2", "dvar", "dvar2"]
    svm:
        compute: 0
    tonal:
        compute: 1
        frameSize: 4096
        hopSize: 2048
        zeroPadding: 0
        silentFrames: "noise"
        windowType: "blackmanharris62"
        stats: ["mean", "var", "median", "min", "max", "dmean", "dmean2", "dvar", "dvar2"]

lowlevel:
    average_loudness: 0.914915502071
    barkbands_kurtosis:
        dmean: 0.833451747894
        dmean2: 1.37646496296
        dvar: 1.23563504219
        dvar2: 3.25798630714
        max: 22.8169517517
        mean: 0.102323316038
        median: -0.302190363407
        min: -1.8848195076
        var: 3.04276752472
    barkbands_skewness:
        dmean: 0.357794135809
        dmean2: 0.577557981014
        dvar: 0.12375254184
        dvar2: 0.329768270254
        max: 4.19166231155
        mean: -0.479234367609
        median: -0.602684259415
        min: -3.88161087036
        var: 0.691215991974
    barkbands_spread:
        dmean: 5.0731086731
        dmean2: 8.1216135025
        dvar: 26.1895542145
        dvar2: 69.9943313599
        max: 63.3220901489
        mean: 24.6600456238
        median: 23.7445602417
        min: 1.5800743103
        var: 81.7774581909
    dissonance:
        dmean: 0.0106285791844
        dmean2: 0.0181457046419
        dvar: 0.000129961030325
        dvar2: 0.00035713732359
        max: 0.500000059605
        mean: 0.482416927814
        median: 0.486955344677
        min: 0.308313548565
        var: 0.000278750696452
    hfc:
        dmean: 3.45160341263
        dmean2: 5.89076900482
        dvar: 27.100982666
        dvar2: 75.2069625854
        max: 58.1938781738
        mean: 10.5594491959
        median: 10.2644920349
        min: 1.17085364299e-016
        var: 49.6451225281
    pitch:
        dmean: 796.313842773
        dmean2: 1515.58520508
        dvar: 1386311.875
        dvar2: 3429475.5
        max: 4230.82519531
        mean: 1336.53076172
        median: 444.70211792
        min: 73.3483581543
        var: 1931939.25
    pitch_instantaneous_confidence:
        dmean: 0.0795602872968
        dmean2: 0.129688918591
        dvar: 0.00444753654301
        dvar2: 0.0114614004269
        max: 0.962896585464
        mean: 0.400247901678
        median: 0.377957552671
        min: 0.137224495411
        var: 0.0206534285098
    pitch_salience:
        dmean: 0.051963288337
        dmean2: 0.0863366499543
        dvar: 0.00209437613375
        dvar2: 0.00562108960003
        max: 0.933632612228
        mean: 0.672552764416
        median: 0.691255331039
        min: 0.210905313492
        var: 0.00876666791737
    silence_rate_20dB:
        dmean: 0
        dmean2: 0
        dvar: 0
        dvar2: 0
        max: 1
        mean: 1
        median: 1
        min: 1
        var: 0
    silence_rate_30dB:
        dmean: 0
        dmean2: 0
        dvar: 0
        dvar2: 0
        max: 1
        mean: 1
        median: 1
        min: 1
        var: 0
    silence_rate_60dB:
        dmean: 0.0548136495054
        dmean2: 0.109636873007
        dvar: 0.0518027544022
        dvar2: 0.114536657929
        max: 1
        mean: 0.237825095654
        median: 0
        min: 0
        var: 0.181256279349
    spectral_centroid:
        dmean: 230.937896729
        dmean2: 377.160827637
        dvar: 61270.015625
        dvar2: 153654.453125
        max: 11641.7626953
        mean: 1929.27941895
        median: 2016.40454102
        min: 233.474121094
        var: 309406.21875
    spectral_complexity:
        dmean: 4.04503774643
        dmean2: 6.53351974487
        dvar: 17.2277507782
        dvar2: 42.9167823792
        max: 48
        mean: 19.6764698029
        median: 21
        min: 0
        var: 108.802078247
    spectral_crest:
        dmean: 1.72679078579
        dmean2: 2.82970881462
        dvar: 2.65301823616
        dvar2: 6.70250654221
        max: 22.9256801605
        mean: 6.95693159103
        median: 6.00149583817
        min: 2.57196998596
        var: 10.4572286606
    spectral_decrease:
        dmean: 2.66330485443e-010
        dmean2: 4.34050073661e-010
        dvar: 1.2221804223e-019
        dvar2: 3.25920405832e-019
        max: 1.12480206913e-029
        mean: -1.08923658981e-009
        median: -1.07618891576e-009
        min: -3.81576503727e-009
        var: 3.72275116221e-019
    spectral_energy:
        dmean: 0.00129777099937
        dmean2: 0.00214022723958
        dvar: 3.12982069772e-006
        dvar2: 8.43299039843e-006
        max: 0.0185636654496
        mean: 0.00506880460307
        median: 0.0049967803061
        min: 1.0577525231e-020
        var: 8.43065117806e-006
    spectral_energyband_high:
        dmean: 0.000182612988283
        dmean2: 0.000321872561472
        dvar: 1.08408080735e-007
        dvar2: 3.14273250979e-007
        max: 0.00442869728431
        mean: 0.000325343222357
        median: 0.000262328714598
        min: 7.9159092436e-021
        var: 1.05769636605e-007
    spectral_energyband_low:
        dmean: 0.000118926880532
        dmean2: 0.000189260666957
        dvar: 1.90405664569e-008
        dvar2: 4.81205866265e-008
        max: 0.00155459961388
        mean: 0.000244793947786
        median: 0.000206145370612
        min: 1.08804302996e-022
        var: 4.38141434245e-008
    spectral_energyband_middle_high:
        dmean: 0.0010513397865
        dmean2: 0.00174405169673
        dvar: 1.80592098786e-006
        dvar2: 4.81422785015e-006
        max: 0.0159724187106
        mean: 0.00376478000544
        median: 0.00360954552889
        min: 1.45541631083e-021
        var: 6.0379243223e-006
    spectral_energyband_middle_low:
        dmean: 0.000336422206601
        dmean2: 0.000544829294086
        dvar: 2.68926413582e-007
        dvar2: 7.10946324034e-007
        max: 0.00545055419207
        mean: 0.000811935635284
        median: 0.000629730639048
        min: 3.38546713048e-022
        var: 4.71192038276e-007
    spectral_flatness_db:
        dmean: 0.0124064767733
        dmean2: 0.0197328422219
        dvar: 0.00012375631195
        dvar2: 0.000280556501821
        max: 0.440570920706
        mean: 0.150788977742
        median: 0.142037808895
        min: 0.0668203979731
        var: 0.00179079943337
    spectral_flux:
        dmean: 0.00747688859701
        dmean2: 0.0117025757208
        dvar: 8.46125331009e-005
        dvar2: 0.000159973758855
        max: 0.134556695819
        mean: 0.0417250208557
        median: 0.0425832346082
        min: 1.02847098893e-010
        var: 0.000330905022565
    spectral_kurtosis:
        dmean: 1.55652570724
        dmean2: 2.66633439064
        dvar: 5.8636879921
        dvar2: 19.2721366882
        max: 69.0134353638
        mean: 5.64517593384
        median: 4.6582698822
        min: -1.19087648392
        var: 24.5675754547
    spectral_rms:
        dmean: 0.000266315037152
        dmean2: 0.000428531377111
        dvar: 1.04320008631e-007
        dvar2: 2.71895714832e-007
        max: 0.00425568968058
        mean: 0.00209027994424
        median: 0.00220791925676
        min: 3.21240365038e-012
        var: 5.75922967982e-007
    spectral_rolloff:
        dmean: 252.374725342
        dmean2: 416.264709473
        dvar: 99299.6484375
        dvar2: 213648.46875
        max: 18583.1542969
        mean: 3199.5612793
        median: 3359.1796875
        min: 129.19921875
        var: 573469.375
    spectral_skewness:
        dmean: 0.196639031172
        dmean2: 0.324977993965
        dvar: 0.0462096706033
        dvar2: 0.138517305255
        max: 6.08170747757
        mean: 1.64322888851
        median: 1.59141159058
        min: -0.046701874584
        var: 0.277410924435
    spectral_spread:
        dmean: 422611.65625
        dmean2: 620970.625
        dvar: 391391510528
        dvar2: 592865918976
        max: 41370124
        mean: 4057437.25
        median: 3831995
        min: 926428.5
        var: 2.11748467507e+012
    spectral_strongpeak:
        dmean: 0.613190829754
        dmean2: 1.04487156868
        dvar: 0.541525006294
        dvar2: 1.43544733524
        max: 9.8316192627
        mean: 1.05016303062
        median: 0.701635479927
        min: 5.44869038777e-009
        var: 1.27653050423
    zerocrossingrate:
        dmean: 0.00638481974602
        dmean2: 0.00791641324759
        dvar: 4.56261841464e-005
        dvar2: 5.66210001125e-005
        max: 0.5029296875
        mean: 0.101375930011
        median: 0.10595703125
        min: 0.01416015625
        var: 0.000635917996988
    barkbands:
        dmean: [1.89793024674e-006, 8.12048456282e-005, 4.61920644739e-005, 6.85331542627e-005, 0.000131788649014, 6.94930786267e-005, 8.23649897939e-005, 5.37867599633e-005, 8.27075418783e-005, 0.000155773101142, 0.000147671380546, 0.000116407391033, 0.00011135020759, 8.59104038682e-005, 0.000139237949043, 0.000163820965099, 0.000240577399381, 0.000351016438799, 0.000364185776561, 0.000207540550036, 8.06514071883e-005, 1.28183946799e-005, 3.03418482872e-006, 2.59716375695e-006, 2.36333039538e-006, 5.08352542283e-008, 2.71680095087e-010]
        dmean2: [2.6179247925e-006, 0.00013017996389, 7.40752730053e-005, 0.000119972901302, 0.000235895480728, 0.000113474161481, 0.000130573273054, 8.6852684035e-005, 0.000131116394186, 0.000236574065639, 0.000231179888942, 0.000189658312593, 0.000176562651177, 0.000138696588692, 0.000221757742111, 0.000267388357315, 0.000397832831368, 0.000598665094003, 0.000625429849606, 0.000355101947207, 0.000144052362884, 2.25728872465e-005, 5.20726234754e-006, 4.20169044446e-006, 3.59462683264e-006, 7.69337376028e-008, 4.70950223264e-010]
        dvar: [1.01230013955e-011, 1.09344311383e-008, 3.74947761728e-009, 3.18078186012e-008, 1.12217826143e-007, 1.3183438341e-008, 2.96853936987e-008, 1.20669927384e-008, 1.57211470508e-008, 1.10742981008e-007, 7.72393136117e-008, 4.04827460443e-008, 4.33531646138e-008, 2.63258410627e-008, 5.97782943146e-008, 1.09426224526e-007, 1.54435269906e-007, 2.51957231967e-007, 2.74738937378e-007, 8.17185252799e-008, 2.74740035167e-008, 6.11869499512e-010, 3.07153746881e-011, 3.05375238985e-011, 3.54529322566e-011, 1.66907266274e-014, 1.96725431177e-019]
        dvar2: [1.89566366077e-011, 2.85775243469e-008, 9.7016545908e-009, 8.81452564272e-008, 3.20162740763e-007, 3.09122931696e-008, 7.21632744671e-008, 3.04165297393e-008, 3.72447033214e-008, 2.50430218784e-007, 1.78838234888e-007, 1.03268675389e-007, 1.03567707299e-007, 6.2947030699e-008, 1.35795701794e-007, 2.73651068028e-007, 3.61425747997e-007, 6.72250052958e-007, 7.63512332469e-007, 2.29133988228e-007, 8.01413619911e-008, 1.75470460384e-009, 8.22511989074e-011, 6.83254841594e-011, 7.1216206543e-011, 3.32338188002e-014, 4.77938547283e-019]
        max: [3.16451951221e-005, 0.000947342137806, 0.00103714666329, 0.00193189934362, 0.00388577370904, 0.00243981415406, 0.00363769568503, 0.00200840458274, 0.00332173309289, 0.00640397146344, 0.0052727763541, 0.00375793571584, 0.00544659700245, 0.00444467877969, 0.00752039672807, 0.0112563595176, 0.0111060235649, 0.00634264014661, 0.00581474462524, 0.00455144559965, 0.00209383666515, 0.000343813269865, 8.69998693815e-005, 0.000120534365124, 0.000119321950478, 3.39223493029e-006, 1.38575861897e-008]
        mean: [2.47501452577e-006, 0.000139586423757, 7.76671877247e-005, 6.43069506623e-005, 0.000159802177222, 0.000125576349092, 0.000136750430102, 7.99285699031e-005, 0.00015908711066, 0.000368175329641, 0.000263665162493, 0.000221969006816, 0.000205347649171, 0.000156027526828, 0.000276978971669, 0.000304431800032, 0.000465506629553, 0.00061446626205, 0.000688613625243, 0.000405389582738, 0.000118613199447, 2.05673968594e-005, 5.38470249012e-006, 4.46429112344e-006, 3.94339940613e-006, 8.39757490212e-008, 3.06786929194e-010]
        median: [4.5825657935e-007, 9.83707650448e-005, 4.93612024002e-005, 2.06290314964e-005, 5.15577485203e-005, 7.45543875382e-005, 6.5092346631e-005, 3.88428234146e-005, 9.9826414953e-005, 0.000110712760943, 0.000131570588565, 0.00012140050967, 8.41208602651e-005, 8.98477010196e-005, 0.000139166149893, 0.000187129946426, 0.00030459446134, 0.000457233283669, 0.000582959735766, 0.000345208216459, 8.38017076603e-005, 1.4327441022e-005, 3.76399339075e-006, 2.37295853367e-006, 1.43677948472e-006, 2.94826705272e-008, 1.36489222702e-010]
        min: [2.12193391422e-023, 5.19086000418e-023, 2.2516914357e-023, 4.07570256273e-023, 4.96934849308e-023, 3.7691493217e-023, 6.12865532395e-023, 5.81966103173e-023, 7.67664780678e-023, 2.35615334341e-023, 1.12063030597e-022, 6.77342037187e-023, 9.99168319545e-023, 9.75712013845e-023, 2.15266181352e-022, 1.81396760242e-022, 1.64559552894e-022, 2.66345871598e-022, 1.34719065308e-022, 2.0466391603e-022, 5.16629929321e-022, 5.96820454993e-022, 4.76944041119e-022, 9.40210824485e-022, 1.10190191505e-021, 1.65253450093e-021, 2.66648294364e-021]
        var: [1.83918488078e-011, 2.01034016101e-008, 7.9529591801e-009, 2.36110722085e-008, 1.12683039788e-007, 2.93973450027e-008, 4.80624180454e-008, 1.67936544671e-008, 3.98939050683e-008, 5.67305676213e-007, 1.91839987451e-007, 9.09872213128e-008, 1.11490408017e-007, 4.95009935264e-008, 2.22867328148e-007, 1.89693793118e-007, 4.82078462483e-007, 3.75434183297e-007, 3.77381638828e-007, 1.24462033568e-007, 2.18768825277e-008, 6.24725882137e-010, 4.14105486013e-011, 5.05027131226e-011, 7.2562837683e-011, 3.35896573414e-014, 3.04785708537e-019]
    frequency_bands:
        dmean: [1.89793024674e-006, 8.12048456282e-005, 4.61920644739e-005, 6.85331542627e-005, 0.000131788649014, 6.94930786267e-005, 8.23649897939e-005, 5.37867599633e-005, 8.27075418783e-005, 0.000155773101142, 0.000147671380546, 0.000116407391033, 0.00011135020759, 8.59104038682e-005, 0.000139237949043, 0.000163820965099, 0.000240577399381, 0.000351016438799, 0.000364185776561, 0.000207540550036, 8.06514071883e-005, 1.28183946799e-005, 3.03418482872e-006, 2.59716375695e-006, 2.36333039538e-006, 5.08352542283e-008, 2.71680095087e-010, 5.85984871737e-011]
        dmean2: [2.6179247925e-006, 0.00013017996389, 7.40752730053e-005, 0.000119972901302, 0.000235895480728, 0.000113474161481, 0.000130573273054, 8.6852684035e-005, 0.000131116394186, 0.000236574065639, 0.000231179888942, 0.000189658312593, 0.000176562651177, 0.000138696588692, 0.000221757742111, 0.000267388357315, 0.000397832831368, 0.000598665094003, 0.000625429849606, 0.000355101947207, 0.000144052362884, 2.25728872465e-005, 5.20726234754e-006, 4.20169044446e-006, 3.59462683264e-006, 7.69337376028e-008, 4.70950223264e-010, 1.09196929277e-010]
        dvar: [1.01230013955e-011, 1.09344311383e-008, 3.74947761728e-009, 3.18078186012e-008, 1.12217826143e-007, 1.3183438341e-008, 2.96853936987e-008, 1.20669927384e-008, 1.57211470508e-008, 1.10742981008e-007, 7.72393136117e-008, 4.04827460443e-008, 4.33531646138e-008, 2.63258410627e-008, 5.97782943146e-008, 1.09426224526e-007, 1.54435269906e-007, 2.51957231967e-007, 2.74738937378e-007, 8.17185252799e-008, 2.74740035167e-008, 6.11869499512e-010, 3.07153746881e-011, 3.05375238985e-011, 3.54529322566e-011, 1.66907266274e-014, 1.96725431177e-019, 7.01998701409e-021]
        dvar2: [1.89566366077e-011, 2.85775243469e-008, 9.7016545908e-009, 8.81452564272e-008, 3.20162740763e-007, 3.09122931696e-008, 7.21632744671e-008, 3.04165297393e-008, 3.72447033214e-008, 2.50430218784e-007, 1.78838234888e-007, 1.03268675389e-007, 1.03567707299e-007, 6.2947030699e-008, 1.35795701794e-007, 2.73651068028e-007, 3.61425747997e-007, 6.72250052958e-007, 7.63512332469e-007, 2.29133988228e-007, 8.01413619911e-008, 1.75470460384e-009, 8.22511989074e-011, 6.83254841594e-011, 7.1216206543e-011, 3.32338188002e-014, 4.77938547283e-019, 2.23318134342e-020]
        max: [3.16451951221e-005, 0.000947342137806, 0.00103714666329, 0.00193189934362, 0.00388577370904, 0.00243981415406, 0.00363769568503, 0.00200840458274, 0.00332173309289, 0.00640397146344, 0.0052727763541, 0.00375793571584, 0.00544659700245, 0.00444467877969, 0.00752039672807, 0.0112563595176, 0.0111060235649, 0.00634264014661, 0.00581474462524, 0.00455144559965, 0.00209383666515, 0.000343813269865, 8.69998693815e-005, 0.000120534365124, 0.000119321950478, 3.39223493029e-006, 1.38575861897e-008, 8.94492424575e-010]
        mean: [2.47501452577e-006, 0.000139586423757, 7.76671877247e-005, 6.43069506623e-005, 0.000159802177222, 0.000125576349092, 0.000136750430102, 7.99285699031e-005, 0.00015908711066, 0.000368175329641, 0.000263665162493, 0.000221969006816, 0.000205347649171, 0.000156027526828, 0.000276978971669, 0.000304431800032, 0.000465506629553, 0.00061446626205, 0.000688613625243, 0.000405389582738, 0.000118613199447, 2.05673968594e-005, 5.38470249012e-006, 4.46429112344e-006, 3.94339940613e-006, 8.39757490212e-008, 3.06786929194e-010, 4.57181272007e-011]
        median: [4.5825657935e-007, 9.83707650448e-005, 4.93612024002e-005, 2.06290314964e-005, 5.15577485203e-005, 7.45543875382e-005, 6.5092346631e-005, 3.88428234146e-005, 9.9826414953e-005, 0.000110712760943, 0.000131570588565, 0.00012140050967, 8.41208602651e-005, 8.98477010196e-005, 0.000139166149893, 0.000187129946426, 0.00030459446134, 0.000457233283669, 0.000582959735766, 0.000345208216459, 8.38017076603e-005, 1.4327441022e-005, 3.76399339075e-006, 2.37295853367e-006, 1.43677948472e-006, 2.94826705272e-008, 1.36489222702e-010, 1.62353862992e-011]
        min: [2.12193391422e-023, 5.19086000418e-023, 2.2516914357e-023, 4.07570256273e-023, 4.96934849308e-023, 3.7691493217e-023, 6.12865532395e-023, 5.81966103173e-023, 7.67664780678e-023, 2.35615334341e-023, 1.12063030597e-022, 6.77342037187e-023, 9.99168319545e-023, 9.75712013845e-023, 2.15266181352e-022, 1.81396760242e-022, 1.64559552894e-022, 2.66345871598e-022, 1.34719065308e-022, 2.0466391603e-022, 5.16629929321e-022, 5.96820454993e-022, 4.76944041119e-022, 9.40210824485e-022, 1.10190191505e-021, 1.65253450093e-021, 2.66648294364e-021, 6.38177415649e-022]
        var: [1.83918488078e-011, 2.01034016101e-008, 7.9529591801e-009, 2.36110722085e-008, 1.12683039788e-007, 2.93973450027e-008, 4.80624180454e-008, 1.67936544671e-008, 3.98939050683e-008, 5.67305676213e-007, 1.91839987451e-007, 9.09872213128e-008, 1.11490408017e-007, 4.95009935264e-008, 2.22867328148e-007, 1.89693793118e-007, 4.82078462483e-007, 3.75434183297e-007, 3.77381638828e-007, 1.24462033568e-007, 2.18768825277e-008, 6.24725882137e-010, 4.14105486013e-011, 5.05027131226e-011, 7.2562837683e-011, 3.35896573414e-014, 3.04785708537e-019, 5.61714847192e-021]
    mfcc:
        mean: [-711.456298828, 99.8282241821, -68.1677932739, 37.2414550781, -8.35092544556, -12.1416521072, 11.999212265, 1.71820771694, 0.0781330168247, -1.34402799606, -2.18948578835, -1.1524296999, 0.602927863598]
        cov: [[7208.05957031, 7.01275968552, -852.343200684, 858.052734375, -47.7155380249, 222.060974121, 461.21496582, 185.694244385, 270.094360352, 143.409210205, 71.3711395264, 151.608825684, 215.503051758], [7.01275968552, 716.365783691, -21.7879714966, 71.4079818726, 17.1045532227, -22.0443286896, 8.20013046265, 2.78789758682, -37.7782020569, -19.6329803467, -10.7067756653, -17.6381530762, -35.016368866], [-852.343200684, -21.7879714966, 550.818481445, -29.6174201965, 59.4856262207, -28.6758823395, -46.1456604004, -20.7948493958, -26.8200340271, -22.7140750885, -21.4472675323, -27.0546627045, -60.8260955811], [858.052734375, 71.4079818726, -29.6174201965, 449.813964844, 3.97829699516, 72.4601516724, 36.3880233765, 48.5888710022, 60.2644386292, 20.7010307312, 17.037727356, 34.3576965332, 24.2006340027], [-47.7155380249, 17.1045532227, 59.4856262207, 3.97829699516, 163.660202026, 11.4089231491, -8.48829364777, -11.2181911469, 16.440158844, 2.17619562149, -5.51725912094, -10.0538463593, -0.685320079327], [222.060974121, -22.0443286896, -28.6758823395, 72.4601516724, 11.4089231491, 159.46711731, 95.6875915527, 42.1563339233, 25.0298480988, 28.7503547668, 19.4570560455, 17.9302635193, 16.8549938202], [461.21496582, 8.20013046265, -46.1456604004, 36.3880233765, -8.48829364777, 95.6875915527, 196.98538208, 74.0528411865, 41.4173698425, 38.3370819092, 31.2806663513, 31.7435359955, 37.9578971863], [185.694244385, 2.78789758682, -20.7948493958, 48.5888710022, -11.2181911469, 42.1563339233, 74.0528411865, 108.649642944, 43.7810821533, 29.6614780426, 7.36712121964, 17.1378974915, 21.6561660767], [270.094360352, -37.7782020569, -26.8200340271, 60.2644386292, 16.440158844, 25.0298480988, 41.4173698425, 43.7810821533, 105.899833679, 49.7498512268, 18.8168239594, 14.4088878632, 35.1567306519], [143.409210205, -19.6329803467, -22.7140750885, 20.7010307312, 2.17619562149, 28.7503547668, 38.3370819092, 29.6614780426, 49.7498512268, 84.8103561401, 36.364692688, 20.1701202393, 23.1987285614], [71.3711395264, -10.7067756653, -21.4472675323, 17.037727356, -5.51725912094, 19.4570560455, 31.2806663513, 7.36712121964, 18.8168239594, 36.364692688, 81.8841629028, 44.0016288757, 27.1832141876], [151.608825684, -17.6381530762, -27.0546627045, 34.3576965332, -10.0538463593, 17.9302635193, 31.7435359955, 17.1378974915, 14.4088878632, 20.1701202393, 44.0016288757, 81.3212280273, 51.1906852722], [215.503051758, -35.016368866, -60.8260955811, 24.2006340027, -0.685320079327, 16.8549938202, 37.9578971863, 21.6561660767, 35.1567306519, 23.1987285614, 27.1832141876, 51.1906852722, 94.5607376099]]
        icov: [[0.000280938547803, 6.51459995424e-005, 0.000375856121536, -0.000511949590873, -6.28711641184e-005, 0.000291377509711, -0.000691982684657, 0.00027764835977, -0.000201583345188, -9.19329104363e-005, 0.000289962015813, -0.00012841107673, 2.11160386243e-006], [6.51459995424e-005, 0.0015654778108, 0.000254461978329, -0.000538974418305, -0.000385959778214, 0.00067644927185, -0.000616980658378, -0.000184252421604, 0.000825609022286, -8.13682054286e-005, -2.7927733754e-005, 0.000169509890839, 0.000528621429112], [0.000375856121536, 0.000254461978329, 0.0025905536022, -0.000676950905472, -0.000932247843593, 0.000678731536027, -0.000829653814435, 0.000162564756465, -6.37481207377e-005, -2.96578145935e-005, 0.000489613215905, -0.000658470497001, 0.00149203650653], [-0.000511949590873, -0.000538974418305, -0.000676950905472, 0.00372954504564, 0.000289353250992, -0.0019390990492, 0.00200896337628, -0.00104005227331, -0.00146801420487, 0.000943265506066, -0.000412065652199, -0.00103679345921, 0.000350810732925], [-6.28711641184e-005, -0.000385959778214, -0.000932247843593, 0.000289353250992, 0.00692892866209, -0.00128476996906, 0.00066912418697, 0.00129395595286, -0.00195170671213, 0.000264349073404, 0.000231117912335, 0.000897898513358, -0.000850822019856], [0.000291377509711, 0.00067644927185, 0.000678731536027, -0.0019390990492, -0.00128476996906, 0.0102818990126, -0.00524274399504, -0.000259349675616, 0.0011876198696, -0.00162803882267, 0.000125840437249, -4.71709136036e-005, 0.000788423116319], [-0.000691982684657, -0.000616980658378, -0.000829653814435, 0.00200896337628, 0.00066912418697, -0.00524274399504, 0.0112282577902, -0.00493239192292, -0.000245224597165, 0.000226332384045, -0.0022561782971, 7.52367341192e-005, -0.00149398983922], [0.00027764835977, -0.000184252421604, 0.000162564756465, -0.00104005227331, 0.00129395595286, -0.000259349675616, -0.00493239192292, 0.015002861619, -0.00414425414056, -0.00182088522706, 0.00336145912297, -0.00192597357091, 0.000333186268108], [-0.000201583345188, 0.000825609022286, -6.37481207377e-005, -0.00146801420487, -0.00195170671213, 0.0011876198696, -0.000245224597165, -0.00414425414056, 0.0175947770476, -0.00767197646201, -0.000362181424862, 0.00342685868964, -0.00448885839432], [-9.19329104363e-005, -8.13682054286e-005, -2.96578145935e-005, 0.000943265506066, 0.000264349073404, -0.00162803882267, 0.000226332384045, -0.00182088522706, -0.00767197646201, 0.0201741307974, -0.00722104078159, 0.000561758701224, 0.000211893202504], [0.000289962015813, -2.7927733754e-005, 0.000489613215905, -0.000412065652199, 0.000231117912335, 0.000125840437249, -0.0022561782971, 0.00336145912297, -0.000362181424862, -0.00722104078159, 0.0212008375674, -0.0105135925114, 0.00136750051752], [-0.00012841107673, 0.000169509890839, -0.000658470497001, -0.00103679345921, 0.000897898513358, -4.71709136036e-005, 7.52367341192e-005, -0.00192597357091, 0.00342685868964, 0.000561758701224, -0.0105135925114, 0.025524308905, -0.0115842120722], [2.11160386243e-006, 0.000528621429112, 0.00149203650653, 0.000350810732925, -0.000850822019856, 0.000788423116319, -0.00149398983922, 0.000333186268108, -0.00448885839432, 0.000211893202504, 0.00136750051752, -0.0115842120722, 0.0195077806711]]
    sccoeffs:
        dmean: [0.0530798956752, 0.0448489002883, 0.0360417105258, 0.02972952649, 0.0203220788389, 0.0189523492008]
        dmean2: [0.0870097875595, 0.0749797597528, 0.0592921338975, 0.049052324146, 0.0337448082864, 0.0298148076981]
        dvar: [0.00180877360981, 0.00125056598336, 0.00081915978808, 0.000559095060453, 0.000269792246399, 0.000320763705531]
        dvar2: [0.00480532133952, 0.00346836005338, 0.00220105960034, 0.00147263077088, 0.000723188917618, 0.000742873642594]
        max: [-0.367365956306, -0.456005692482, -0.464055150747, -0.441645413637, -0.545315384865, -0.603027641773]
        mean: [-0.702481985092, -0.763049185276, -0.768133759499, -0.780071377754, -0.782341361046, -0.780833423138]
        median: [-0.709896802902, -0.768401026726, -0.775106728077, -0.786269426346, -0.784445106983, -0.782127857208]
        min: [-0.954405009747, -0.961956262589, -0.992140412331, -0.962167620659, -0.962312221527, -0.960915088654]
        var: [0.0064655886963, 0.00368648464791, 0.00361279724166, 0.00230410415679, 0.00129385059699, 0.0016234589275]
    scvalleys:
        dmean: [0.376594275236, 0.332883864641, 0.265460908413, 0.23491384089, 0.23630656302, 0.276338577271]
        dmean2: [0.636819124222, 0.554800987244, 0.438769549131, 0.382777392864, 0.388058066368, 0.430457890034]
        dvar: [0.0997280478477, 0.0782802775502, 0.0538429953158, 0.0496663488448, 0.0797057077289, 0.121988035738]
        dvar2: [0.252514064312, 0.193132326007, 0.121132142842, 0.104569852352, 0.181283727288, 0.276652157307]
        max: [-5.38800859451, -5.18754720688, -5.17102336884, -5.34636735916, -5.19526433945, -7.77617645264]
        mean: [-7.28040981293, -6.87496519089, -6.74387311935, -7.00690364838, -6.93561220169, -9.82602310181]
        median: [-6.89743471146, -6.69686460495, -6.50158643723, -6.7872095108, -6.53061485291, -9.45177936554]
        min: [-27.5803089142, -27.6507568359, -27.1014671326, -27.3107948303, -27.2012214661, -27.3075008392]
        var: [2.05016970634, 1.21012949944, 1.21744954586, 1.49745225906, 1.86752164364, 2.25933146477]

rhythm:
    beats_loudness:
        dmean: 0.00148508010898
        dmean2: 0.00255494262092
        dvar: 1.67945222529e-006
        dvar2: 4.50907009508e-006
        max: 0.0123608624563
        mean: 0.00522289983928
        median: 0.0054510133341
        min: 5.24252932732e-011
        var: 5.88541843172e-006
    bpm: 131.972930908
    bpm_confidence: 0
    first_peak_bpm: 133
    first_peak_spread: 0.316666662693
    first_peak_weight: 0.570434808731
    onset_rate: 3.37949633598
    second_peak_bpm: 123
    second_peak_spread: 0.47674420476
    second_peak_weight: 0.0782608687878
    beats_loudness_band_ratio:
        dmean: [0.0733079761267, 0.067337796092, 0.0704728364944, 0.115924298763, 0.127850487828, 0.0782239958644]
        dmean2: [0.129034310579, 0.121497072279, 0.12080783397, 0.200554043055, 0.215647816658, 0.134522929788]
        dvar: [0.00533804157749, 0.0128927724436, 0.0052132178098, 0.0102785835043, 0.0127006005496, 0.0039611980319]
        dvar2: [0.0157966315746, 0.0415924377739, 0.0136134428903, 0.0277233850211, 0.0341134592891, 0.0100843096152]
        max: [0.707137405872, 0.833712339401, 0.815361201763, 0.681503176689, 0.936952769756, 0.519645273685]
        mean: [0.105207525194, 0.0791290327907, 0.113003611565, 0.199226796627, 0.322325974703, 0.209166482091]
        median: [0.0907210111618, 0.0381027981639, 0.0811223834753, 0.16856521368, 0.303808152676, 0.217795163393]
        min: [0, 0, 0, 0, 0, 0]
        var: [0.00687666470185, 0.0139504717663, 0.0104255760089, 0.0173858478665, 0.0229344591498, 0.0104909650981]
    beats_position: [0.476009070873, 0.952018141747, 1.42802715302, 1.91564619541, 2.39165520668, 2.86766433716, 3.34367346764, 3.80807256699, 4.26086139679, 4.71365070343, 5.17804956436, 5.630838871, 6.08362817764, 6.53641700745, 6.98920631409, 7.45360517502, 7.90639448166, 8.35918331146, 8.82358264923, 9.27637195587, 9.72916126251, 10.1819496155, 10.6347389221, 11.0991382599, 11.5519275665, 12.0047159195, 12.4575052261, 12.9102945328, 13.3630838394, 13.8158731461, 14.2802715302, 14.7330608368, 15.1858501434, 15.6270294189, 16.0798187256, 16.5442180634, 16.99700737, 17.4497947693, 17.9025840759, 18.3553733826, 18.8197727203, 19.272562027, 19.7369613647, 20.1897506714, 20.642539978, 21.0953292847, 21.548116684, 22.0125160217, 22.4536952972, 22.918094635, 23.3708839417, 23.8236732483, 24.2648525238, 24.7176418304, 25.1704311371, 25.6232185364, 26.076007843, 26.5404071808, 26.9931964874, 27.4459857941, 27.9103851318, 28.3631744385, 28.8159637451, 29.2803630829, 29.7215423584, 30.1859397888, 30.6387290955, 31.0915184021, 31.5443077087, 31.9970970154, 32.4614944458, 32.9258956909, 33.3902931213, 33.8546943665, 34.2958717346, 34.7370529175, 35.1898422241, 35.6426315308, 36.0838088989, 36.5249862671, 36.9777755737, 37.4305648804, 37.883354187, 38.3361434937, 38.8005447388, 39.2649421692, 39.7177314758, 40.1705207825, 40.6349182129, 41.099319458, 41.5521087646, 42.0048980713, 42.4576873779, 42.9104766846, 43.3516540527, 43.8044433594, 44.257232666, 44.7216300964, 45.1860313416, 45.650428772, 46.0916099548, 46.5443992615, 46.9971885681, 47.4499778748, 47.9143753052, 48.3787727356, 48.8431739807, 49.2959632874, 49.7371406555, 50.1899299622, 50.6427192688, 51.0955085754, 51.5482978821, 51.9894790649, 52.4306564331, 52.8950538635, 53.3594551086, 53.8238525391, 54.2766418457, 54.7294311523, 55.1938323975, 55.6466217041, 56.0994110107, 56.5405883789, 56.9933776855, 57.4461669922, 57.8989562988, 58.3517456055, 58.8161430359, 59.280544281, 59.7217216492, 60.1745109558, 60.6273002625, 61.0916976929, 61.5444869995, 62.0088882446, 62.4616775513, 62.9144668579, 63.3672561646, 63.8200454712, 64.2728347778, 64.7372360229, 65.1784133911, 65.6312026978, 66.0839920044, 66.5483856201, 67.0011749268, 67.4539642334, 67.9183654785, 68.3595428467, 68.8239440918, 69.2767333984, 69.7295227051, 70.1823120117, 70.6351013184, 71.087890625, 71.5406799316, 71.9934692383, 72.4462585449, 72.91065979, 73.3750534058, 73.8626708984, 74.3735122681, 74.8843536377, 75.3951950073, 75.9060287476, 76.4284820557, 76.9277114868, 77.4385452271, 77.9493865967, 78.4718322754, 78.9710617065, 79.4819030762, 79.9695205688, 80.46875, 80.9679794312, 81.4555969238, 81.954826355, 82.4540557861, 82.9416732788, 83.4292984009, 83.928527832, 84.4277572632, 84.9153747559, 85.4029922485, 85.8906097412, 86.3782272339, 86.865852356, 87.3650741577, 87.8643035889, 88.3519287109, 88.8395462036, 89.3271636963, 89.814781189, 90.3140106201, 90.8132400513, 91.3008575439, 91.788482666, 92.2761001587, 92.7753295898, 93.2629470825, 93.7505645752, 94.2497940063, 94.737411499, 95.2250289917, 95.7126541138, 96.2118835449, 96.7111129761, 97.1987304688, 97.6863479614, 98.1739654541, 98.6731948853, 99.1724243164, 99.6600418091, 100.15927124, 100.658500671, 101.146118164, 101.633743286, 102.121360779, 102.608978271, 103.096595764, 103.584213257, 104.083442688, 104.571060181, 105.058685303, 105.557914734, 106.057144165, 106.544761658, 107.043991089, 107.531608582, 108.019226074, 108.506843567, 108.994468689, 109.482086182, 109.969703674, 110.445709229, 110.910110474, 111.386123657, 111.827301025, 112.280090332, 112.732879639, 113.185668945, 113.626846313, 114.07963562, 114.532424927, 114.985214233, 115.449615479, 115.902404785, 116.355194092, 116.807983398, 117.260765076, 117.713554382, 118.166343689, 118.607528687, 119.071922302, 119.536323547, 119.989112854, 120.441902161, 120.894691467, 121.347480774, 121.788658142, 122.253059387, 122.705848694, 123.158638, 123.623039246, 124.075828552, 124.528617859, 124.993011475, 125.45741272, 125.898590088, 126.351379395, 126.804168701, 127.256958008, 127.709747314, 128.162536621, 128.615325928, 129.079727173, 129.532516479, 129.985305786, 130.438095093, 130.890884399, 131.355285645, 131.808074951, 132.260864258, 132.725265503, 133.17805481, 133.630844116, 134.083618164, 134.536407471, 134.989196777, 135.441986084, 135.894775391, 136.359176636, 136.811965942, 137.264755249, 137.717544556, 138.170333862, 138.623123169, 139.075912476, 139.528701782, 139.981491089, 140.434280396, 140.898681641, 141.351470947, 141.804260254, 142.257049561, 142.709838867, 143.174240112, 143.638641357, 144.091430664, 144.544219971, 144.997009277, 145.449798584, 145.902587891, 146.355377197, 146.808166504, 147.260955811, 147.713745117, 148.166534424, 148.63092041, 149.083709717, 149.536499023, 149.98928833, 150.453689575, 150.906478882, 151.359268188, 151.812057495, 152.264846802, 152.717636108, 153.170425415, 153.623214722, 154.087615967, 154.552017212, 155.004806519, 155.457595825, 155.910385132, 156.363174438, 156.815963745, 157.268753052, 157.721542358, 158.174331665, 158.627120972, 159.079910278, 159.532699585, 159.985488892, 160.438278198, 160.891067505, 161.35546875, 161.808258057, 162.272644043, 162.72543335, 163.178222656, 163.631011963, 164.08380127, 164.536590576, 164.989379883, 165.442169189, 165.906570435, 166.359359741, 166.800537109, 167.253326416, 167.706115723, 168.170516968, 168.623306274, 169.08770752, 169.540496826, 169.993286133, 170.446075439, 170.898864746, 171.351654053, 171.804443359, 172.257232666, 172.710021973, 173.162811279, 173.615600586, 174.068389893, 174.532791138, 174.997192383, 175.449981689, 175.902755737, 176.355545044, 176.808334351, 177.261123657, 177.713912964, 178.166702271, 178.619491577, 179.072280884, 179.52507019, 179.977859497, 180.442260742, 180.895050049, 181.347839355, 181.812240601, 182.265029907, 182.717819214, 183.170608521, 183.623397827, 184.076187134, 184.52897644, 184.993377686, 185.446166992, 185.898956299, 186.363357544, 186.827758789, 187.268936157, 187.710113525, 188.162902832, 188.615692139, 189.068481445, 189.521270752, 189.96244812, 190.426849365, 190.89125061, 191.344039917, 191.796829224, 192.26121521, 192.714004517, 193.166793823, 193.631195068, 194.083984375, 194.536773682, 194.97795105, 195.430740356, 195.883529663, 196.347930908, 196.800720215, 197.253509521, 197.706298828, 198.159088135, 198.611877441, 199.076278687, 199.540679932, 199.993469238, 200.446258545, 200.899047852, 201.351837158, 201.804626465, 202.257415771, 202.721817017, 203.186203003, 203.62739563, 204.080184937, 204.521362305, 204.974151611, 205.438537598, 205.902938843, 206.355728149, 206.808517456, 207.261306763, 207.725708008, 208.166885376, 208.619674683, 209.072463989, 209.536865234, 209.989654541, 210.442443848, 210.895233154, 211.348022461, 211.800811768, 212.253601074, 212.706390381, 213.159179688, 213.623580933, 214.076370239, 214.529159546, 214.981948853, 215.434738159, 215.899139404, 216.363540649, 216.827926636, 217.280715942, 217.733505249, 218.174682617, 218.615875244, 219.08026123, 219.533050537, 219.985839844, 220.43862915, 220.891418457, 221.355819702, 221.808609009, 222.261398315, 222.714187622, 223.166976929, 223.619766235, 224.072555542, 224.525344849, 224.978134155, 225.430923462, 225.895324707, 226.348114014, 226.812515259, 227.276916504, 227.718093872, 228.170883179, 228.623672485, 229.076461792, 229.529251099, 229.982040405, 230.434829712, 230.899230957, 231.352020264, 231.80480957, 232.257598877, 232.721984863, 233.17477417, 233.627563477, 234.080352783, 234.53314209, 234.985931396, 235.438720703, 235.89151001, 236.355911255, 236.797088623, 237.261489868, 237.714279175, 238.167068481, 238.631469727, 239.095870972, 239.53704834, 239.989837646, 240.442626953, 240.89541626, 241.359817505, 241.812606812, 242.265396118, 242.718185425, 243.170974731, 243.623764038, 244.076553345, 244.529342651, 244.982131958, 245.434921265, 245.89932251, 246.352111816, 246.804885864, 247.257675171, 247.710464478, 248.174865723, 248.639266968, 249.138504028, 249.63772583, 250.125350952, 250.612960815, 251.100585938, 251.564987183, 252.029388428, 252.493789673, 252.946563721, 253.399353027, 253.863754272, 254.316543579, 254.769332886, 255.210510254, 255.663299561, 256.116088867, 256.568878174, 257.02166748, 257.486083984, 257.938873291, 258.391662598, 258.844451904, 259.297241211, 259.761627197, 260.226013184, 260.690429688, 261.154815674, 261.630828857, 262.106842041, 262.582855225, 263.058868408, 263.534881592, 263.999267578, 264.475280762, 264.951293945, 265.427307129]
