
metadata:
    version:
        essentia: "2.1-beta2"
    audio_properties:
        analysis_sample_rate: 44100
        bitrate: 240
        channels: 2
        equal_loudness: 1
        length: 129.018768311
        replay_gain: -14.5113258362
        downmix: "mix"
    tags:
        album: "Fight The Silence"
        artist: "For Today"
        comment: ""
        date: "2014;ATE"
        genre: "Metal"
        title: "Reflections"
        tracknumber: "4/12"

configuration:
    average_loudness:
        compute: 1
        frameSize: 88200
        hopSize: 44100
        silentFrames: "noise"
        windowType: "hann"
    general:
        analysisSampleRate: 44100
        endTime: 2000
        equalLoudness: 1
        nequalLoudness: 0
        shortSound: 0
        startTime: 0
    lowlevel:
        compute: 1
        frameSize: 2048
        hopSize: 1024
        zeroPadding: 0
        silentFrames: "noise"
        windowType: "blackmanharris62"
        mfccStats: ["mean", "cov", "icov"]
        stats: ["mean", "var", "median", "min", "max", "dmean", "dmean2", "dvar", "dvar2"]
    panning:
        compute: 0
        frameSize: 8192
        hopSize: 2048
        zeroPadding: 8192
        silentFrames: "noise"
        windowType: "hann"
        stats: ["copy"]
    rhythm:
        compute: 1
        maxTempo: 208
        minTempo: 40
        method: "degara"
        stats: ["mean", "var", "median", "min", "max", "dmean", "dmean2", "dvar", "dvar2"]
    segmentation:
        compute: 0
        cpw: 5
        inc1: 300
        inc2: 50
        minimumSegmentsLength: 10
        size1: 1000
        size2: 600
    sfx:
        compute: 1
        stats: ["mean", "var", "median", "min", "max", "dmean", "dmean2", "dvar", "dvar2"]
    svm:
        compute: 0
    tonal:
        compute: 1
        frameSize: 4096
        hopSize: 2048
        zeroPadding: 0
        silentFrames: "noise"
        windowType: "blackmanharris62"
        stats: ["mean", "var", "median", "min", "max", "dmean", "dmean2", "dvar", "dvar2"]

lowlevel:
    average_loudness: 0.726965904236
    barkbands_kurtosis:
        dmean: 3.68567681313
        dmean2: 5.14079999924
        dvar: 456.733886719
        dvar2: 757.525268555
        max: 870.663146973
        mean: 7.16894197464
        median: -0.401702731848
        min: -1.79713141918
        var: 1863.23681641
    barkbands_skewness:
        dmean: 0.387356042862
        dmean2: 0.57642441988
        dvar: 0.382740020752
        dvar2: 0.749090135098
        max: 22.7262115479
        mean: 0.986488878727
        median: 0.62120449543
        min: -2.48213171959
        var: 3.7468855381
    barkbands_spread:
        dmean: 2.63918018341
        dmean2: 4.03692340851
        dvar: 7.31474781036
        dvar2: 16.7748947144
        max: 54.4029922485
        mean: 18.7654018402
        median: 20.0362548828
        min: 0.0372104123235
        var: 100.114006042
    dissonance:
        dmean: 0.0245886445045
        dmean2: 0.0413038469851
        dvar: 0.00080635206541
        dvar2: 0.00212802668102
        max: 0.499999970198
        mean: 0.429710417986
        median: 0.461282104254
        min: 0.0532288327813
        var: 0.00706892227754
    hfc:
        dmean: 0.875693619251
        dmean2: 1.39603185654
        dvar: 1.95420455933
        dvar2: 4.50198745728
        max: 29.6723213196
        mean: 5.00553178787
        median: 3.43158531189
        min: 1.17590526808e-016
        var: 25.4184455872
    pitch:
        dmean: 117.509231567
        dmean2: 223.670227051
        dvar: 160514.734375
        dvar2: 432734.46875
        max: 4589.45849609
        mean: 317.265991211
        median: 248.055953979
        min: 61.8019447327
        var: 163514.03125
    pitch_instantaneous_confidence:
        dmean: 0.0668143555522
        dmean2: 0.10474807024
        dvar: 0.00408449023962
        dvar2: 0.0100711593404
        max: 0.971499681473
        mean: 0.556920588017
        median: 0.538899421692
        min: 0.102973818779
        var: 0.0351903736591
    pitch_salience:
        dmean: 0.0511677525938
        dmean2: 0.0813837274909
        dvar: 0.00189636310097
        dvar2: 0.00483392877504
        max: 0.881576597691
        mean: 0.541406571865
        median: 0.566320538521
        min: 0.0550192296505
        var: 0.0162636972964
    silence_rate_20dB:
        dmean: 0
        dmean2: 0
        dvar: 0
        dvar2: 0
        max: 1
        mean: 1
        median: 1
        min: 1
        var: 0
    silence_rate_30dB:
        dmean: 0
        dmean2: 0
        dvar: 0
        dvar2: 0
        max: 1
        mean: 1
        median: 1
        min: 1
        var: 0
    silence_rate_60dB:
        dmean: 0.0439085848629
        dmean2: 0.0878329724073
        dvar: 0.0419776961207
        dvar2: 0.09667737782
        max: 1
        mean: 0.503778338432
        median: 1
        min: 0
        var: 0.249979645014
    spectral_centroid:
        dmean: 118.002235413
        dmean2: 182.171722412
        dvar: 32598.296875
        dvar2: 53895.765625
        max: 10307.1962891
        mean: 1063.89904785
        median: 1072.63720703
        min: 230.99987793
        var: 215623.390625
    spectral_complexity:
        dmean: 1.93953573704
        dmean2: 3.22930169106
        dvar: 5.9507021904
        dvar2: 15.1975641251
        max: 38
        mean: 11.3970851898
        median: 10
        min: 0
        var: 76.7656784058
    spectral_crest:
        dmean: 1.83208620548
        dmean2: 2.84515666962
        dvar: 2.86862635612
        dvar2: 6.90783309937
        max: 26.6808795929
        mean: 9.93014621735
        median: 8.20984363556
        min: 2.56323170662
        var: 30.2026405334
    spectral_decrease:
        dmean: 1.49137979744e-010
        dmean2: 2.390280196e-010
        dvar: 3.83472240121e-020
        dvar2: 9.35013880533e-020
        max: -6.17130065422e-029
        mean: -8.94667617768e-010
        median: -7.56954832148e-010
        min: -3.01746982956e-009
        var: 5.56405727371e-019
    spectral_energy:
        dmean: 0.000625232642051
        dmean2: 0.00100332533475
        dvar: 6.9853763307e-007
        dvar2: 1.69273778283e-006
        max: 0.0134542379528
        mean: 0.00383069529198
        median: 0.00318104121834
        min: 1.08987491897e-020
        var: 1.05285407699e-005
    spectral_energyband_high:
        dmean: 2.52781082963e-005
        dmean2: 4.00180542783e-005
        dvar: 3.75464237479e-009
        dvar2: 8.76033379171e-009
        max: 0.00247068679892
        mean: 7.39399984013e-005
        median: 4.18457930209e-005
        min: 7.97883717026e-021
        var: 1.19348406713e-008
    spectral_energyband_low:
        dmean: 0.000108063104562
        dmean2: 0.000184240037925
        dvar: 2.87636794383e-008
        dvar2: 8.11199853956e-008
        max: 0.00173518573865
        mean: 0.00021578578162
        median: 0.000146055521327
        min: 6.50669009151e-023
        var: 6.14698763002e-008
    spectral_energyband_middle_high:
        dmean: 0.000379220640752
        dmean2: 0.000603755994234
        dvar: 3.55302375965e-007
        dvar2: 8.38293317429e-007
        max: 0.0108993966132
        mean: 0.00174226483796
        median: 0.00110209127888
        min: 1.58552176415e-021
        var: 3.5065108932e-006
    spectral_energyband_middle_low:
        dmean: 0.000465051649371
        dmean2: 0.000726260477677
        dvar: 3.61941260962e-007
        dvar2: 8.91112847512e-007
        max: 0.00903844553977
        mean: 0.00186400359962
        median: 0.00153488432989
        min: 3.33416820001e-022
        var: 2.58373938777e-006
    spectral_flatness_db:
        dmean: 0.0153469461948
        dmean2: 0.0242567565292
        dvar: 0.00020352541469
        dvar2: 0.000469890394015
        max: 0.684789896011
        mean: 0.247635349631
        median: 0.189652323723
        min: 0.0676389038563
        var: 0.0170317124575
    spectral_flux:
        dmean: 0.00505877146497
        dmean2: 0.00800908915699
        dvar: 3.45875705534e-005
        dvar2: 8.06053139968e-005
        max: 0.0947326943278
        mean: 0.0264598336071
        median: 0.0263869278133
        min: 1.04397074319e-010
        var: 0.000358208431862
    spectral_kurtosis:
        dmean: 6.7731127739
        dmean2: 11.6635904312
        dvar: 202.445861816
        dvar2: 557.957092285
        max: 348.101959229
        mean: 21.8905239105
        median: 6.85581064224
        min: -1.21866679192
        var: 1768.9498291
    spectral_rms:
        dmean: 0.000146141494042
        dmean2: 0.000228978664381
        dvar: 2.66804534022e-008
        dvar2: 6.28024281468e-008
        max: 0.0036229940597
        mean: 0.00168611470144
        median: 0.00176166242454
        min: 3.26081674683e-012
        var: 8.94279139629e-007
    spectral_rolloff:
        dmean: 265.796203613
        dmean2: 443.737182617
        dvar: 167720.234375
        dvar2: 322028.5
        max: 18669.2871094
        mean: 1942.9342041
        median: 2088.72070313
        min: 215.33203125
        var: 975988
    spectral_skewness:
        dmean: 0.446249008179
        dmean2: 0.765113532543
        dvar: 0.415500551462
        dvar2: 1.17608940601
        max: 14.8828001022
        mean: 2.62967205048
        median: 1.80713844299
        min: 0.0877044349909
        var: 5.54660558701
    spectral_spread:
        dmean: 293311.03125
        dmean2: 443554.28125
        dvar: 395279695872
        dvar2: 487882784768
        max: 40777112
        mean: 2716423
        median: 2692735.75
        min: 224024.59375
        var: 1.66272355533e+012
    spectral_strongpeak:
        dmean: 0.323920071125
        dmean2: 0.54786503315
        dvar: 0.353578239679
        dvar2: 0.917656600475
        max: 7.25621509552
        mean: 0.751943826675
        median: 0.443187117577
        min: 6.84648560068e-009
        var: 0.710342526436
    zerocrossingrate:
        dmean: 0.00486348150298
        dmean2: 0.005918960087
        dvar: 7.52606720198e-005
        dvar2: 8.04443407105e-005
        max: 0.49365234375
        mean: 0.0607278496027
        median: 0.06396484375
        min: 0.009765625
        var: 0.000662994978484
    barkbands:
        dmean: [5.90512598819e-008, 2.65592298092e-005, 7.57794841775e-005, 7.19569652574e-005, 0.000121180499264, 0.000173554071807, 8.80060106283e-005, 0.000152946449816, 0.000208112716791, 5.938412869e-005, 4.87637371407e-005, 5.76210222789e-005, 7.0120440796e-005, 0.000106164472527, 9.98640825856e-005, 7.14662965038e-005, 0.000127121325932, 7.78007088229e-005, 7.98173423391e-005, 4.51264495496e-005, 9.95622121991e-006, 3.48548996953e-006, 1.15839691261e-006, 4.73074919682e-007, 1.63851296975e-007, 5.53814150095e-009, 1.51405998849e-010]
        dmean2: [9.31020309736e-008, 4.5949484047e-005, 0.000128093888634, 0.00012583611533, 0.000200461756322, 0.000273195997579, 0.00013251719065, 0.000237709333305, 0.000304356130073, 9.38684024732e-005, 8.03724251455e-005, 9.28453519009e-005, 0.000112530906335, 0.000168403697899, 0.000162800584803, 0.000117138020869, 0.000206223790883, 0.00013048647088, 0.000127556311782, 7.22435142961e-005, 1.59434839588e-005, 5.43688338439e-006, 1.76181890765e-006, 6.59378713408e-007, 2.25681560551e-007, 8.24086576756e-009, 2.77201372967e-010]
        dvar: [1.18336872419e-014, 1.60147939354e-009, 1.53245487411e-008, 1.28976020974e-008, 4.72252317252e-008, 8.88647022634e-008, 3.42267476583e-008, 8.70854321988e-008, 1.53219914978e-007, 1.49749386225e-008, 1.36018911689e-008, 1.56425858933e-008, 2.16441655709e-008, 4.69032706008e-008, 5.00818053695e-008, 2.13970103857e-008, 6.80681111476e-008, 2.62904187309e-008, 2.90573130002e-008, 8.02889932316e-009, 6.0378069211e-010, 1.60807769878e-010, 1.84477728232e-011, 3.35783137406e-012, 4.65789624753e-013, 5.88258982033e-016, 7.00079206179e-020]
        dvar2: [2.80723811845e-014, 4.67096628043e-009, 4.21283772312e-008, 3.7559292565e-008, 1.17173087233e-007, 2.14631782569e-007, 6.73677575946e-008, 2.05685694254e-007, 3.42736569792e-007, 3.52959403926e-008, 3.22068025582e-008, 3.86299063848e-008, 5.23655643292e-008, 1.16993994936e-007, 1.28553693912e-007, 5.30961550282e-008, 1.6326512764e-007, 6.80625404925e-008, 6.62169625798e-008, 1.96741787306e-008, 1.38755840151e-009, 3.81800091542e-010, 3.89137055912e-011, 5.59930964442e-012, 7.78421001702e-013, 1.20982774648e-015, 2.25664487079e-019]
        max: [1.82945029792e-006, 0.000343059538864, 0.00125122605823, 0.0010807152139, 0.00501426868141, 0.00451108207926, 0.00580808706582, 0.00579330977052, 0.00734844850376, 0.00344237172976, 0.0031825916376, 0.00236914027482, 0.00239074649289, 0.00331322103739, 0.00594148365781, 0.00266951299272, 0.00587582634762, 0.00384770915844, 0.00568606285378, 0.00248133367859, 0.000778582296334, 0.000444400153356, 0.000123708930914, 6.0870876041e-005, 2.24154809985e-005, 1.03159311493e-006, 3.15709658416e-009]
        mean: [8.67341327648e-008, 4.70765116916e-005, 0.000122164419736, 0.000100130171631, 0.000261156732449, 0.000328836147673, 0.000196050765226, 0.000356526463293, 0.000579166342504, 0.000134180823807, 8.50144715514e-005, 0.000111717890832, 0.000138580464409, 0.000203094969038, 0.000218841858441, 0.000142522141687, 0.000286765658529, 0.000161667601787, 0.000209081947105, 0.000110968052468, 2.49216791417e-005, 8.09974244476e-006, 2.6519403491e-006, 1.06492711893e-006, 3.2337641187e-007, 8.07860356389e-009, 1.30336241799e-010]
        median: [3.60060816718e-008, 2.31550293393e-005, 5.45459115529e-005, 5.1298935432e-005, 0.00014680903405, 0.00019206435536, 8.87899950612e-005, 0.000144021149026, 0.000151509157149, 5.11956750415e-005, 2.70864129561e-005, 4.39027389803e-005, 4.41569900431e-005, 4.87216020701e-005, 6.27874105703e-005, 3.56660821126e-005, 0.000112491703476, 7.35251960577e-005, 9.94895381154e-005, 5.92503347434e-005, 9.56738858804e-006, 2.23962638302e-006, 5.75568378736e-007, 1.38899594049e-007, 4.96181371545e-008, 5.95522853253e-010, 3.13963958998e-011]
        min: [1.83342744411e-023, 2.0587830744e-023, 1.90511801877e-023, 3.55560120367e-023, 3.93370160445e-023, 6.63637756215e-023, 4.12063166227e-023, 4.47950247409e-023, 8.60455333515e-023, 1.13268561522e-022, 6.98161464871e-023, 4.91474953657e-023, 1.78803843866e-022, 7.5091335091e-023, 2.16012330173e-022, 1.81884743287e-022, 1.00320066095e-022, 1.92330119953e-022, 3.02451542981e-022, 3.23984164032e-022, 4.59099022945e-022, 6.27686550108e-022, 6.83438543589e-022, 1.01809484709e-021, 1.17362570391e-021, 1.66880316044e-021, 2.35287829585e-021]
        var: [2.08812544214e-014, 3.24462279266e-009, 2.95465536482e-008, 1.67276947849e-008, 1.3394809173e-007, 1.93384281033e-007, 1.19432144174e-007, 3.5069095361e-007, 9.26649192934e-007, 6.19225914988e-008, 3.69682702228e-008, 3.84095635297e-008, 5.723350327e-008, 1.19497656215e-007, 1.79947136303e-007, 5.77714160954e-008, 1.99478833451e-007, 6.14005131183e-008, 1.10176337387e-007, 2.26848513307e-008, 2.20892193425e-009, 3.45230316556e-010, 6.09192626899e-011, 1.28222267873e-011, 1.19775185863e-012, 1.21613411853e-015, 5.87764234866e-020]
    frequency_bands:
        dmean: [5.90512598819e-008, 2.65592298092e-005, 7.57794841775e-005, 7.19569652574e-005, 0.000121180499264, 0.000173554071807, 8.80060106283e-005, 0.000152946449816, 0.000208112716791, 5.938412869e-005, 4.87637371407e-005, 5.76210222789e-005, 7.0120440796e-005, 0.000106164472527, 9.98640825856e-005, 7.14662965038e-005, 0.000127121325932, 7.78007088229e-005, 7.98173423391e-005, 4.51264495496e-005, 9.95622121991e-006, 3.48548996953e-006, 1.15839691261e-006, 4.73074919682e-007, 1.63851296975e-007, 5.53814150095e-009, 1.51405998849e-010, 4.28627827675e-011]
        dmean2: [9.31020309736e-008, 4.5949484047e-005, 0.000128093888634, 0.00012583611533, 0.000200461756322, 0.000273195997579, 0.00013251719065, 0.000237709333305, 0.000304356130073, 9.38684024732e-005, 8.03724251455e-005, 9.28453519009e-005, 0.000112530906335, 0.000168403697899, 0.000162800584803, 0.000117138020869, 0.000206223790883, 0.00013048647088, 0.000127556311782, 7.22435142961e-005, 1.59434839588e-005, 5.43688338439e-006, 1.76181890765e-006, 6.59378713408e-007, 2.25681560551e-007, 8.24086576756e-009, 2.77201372967e-010, 7.87329437757e-011]
        dvar: [1.18336872419e-014, 1.60147939354e-009, 1.53245487411e-008, 1.28976020974e-008, 4.72252317252e-008, 8.88647022634e-008, 3.42267476583e-008, 8.70854321988e-008, 1.53219914978e-007, 1.49749386225e-008, 1.36018911689e-008, 1.56425858933e-008, 2.16441655709e-008, 4.69032706008e-008, 5.00818053695e-008, 2.13970103857e-008, 6.80681111476e-008, 2.62904187309e-008, 2.90573130002e-008, 8.02889932316e-009, 6.0378069211e-010, 1.60807769878e-010, 1.84477728232e-011, 3.35783137406e-012, 4.65789624753e-013, 5.88258982033e-016, 7.00079206179e-020, 5.67697285569e-021]
        dvar2: [2.80723811845e-014, 4.67096628043e-009, 4.21283772312e-008, 3.7559292565e-008, 1.17173087233e-007, 2.14631782569e-007, 6.73677575946e-008, 2.05685694254e-007, 3.42736569792e-007, 3.52959403926e-008, 3.22068025582e-008, 3.86299063848e-008, 5.23655643292e-008, 1.16993994936e-007, 1.28553693912e-007, 5.30961550282e-008, 1.6326512764e-007, 6.80625404925e-008, 6.62169625798e-008, 1.96741787306e-008, 1.38755840151e-009, 3.81800091542e-010, 3.89137055912e-011, 5.59930964442e-012, 7.78421001702e-013, 1.20982774648e-015, 2.25664487079e-019, 1.83160373527e-020]
        max: [1.82945029792e-006, 0.000343059538864, 0.00125122605823, 0.0010807152139, 0.00501426868141, 0.00451108207926, 0.00580808706582, 0.00579330977052, 0.00734844850376, 0.00344237172976, 0.0031825916376, 0.00236914027482, 0.00239074649289, 0.00331322103739, 0.00594148365781, 0.00266951299272, 0.00587582634762, 0.00384770915844, 0.00568606285378, 0.00248133367859, 0.000778582296334, 0.000444400153356, 0.000123708930914, 6.0870876041e-005, 2.24154809985e-005, 1.03159311493e-006, 3.15709658416e-009, 8.67577676367e-010]
        mean: [8.67341327648e-008, 4.70765116916e-005, 0.000122164419736, 0.000100130171631, 0.000261156732449, 0.000328836147673, 0.000196050765226, 0.000356526463293, 0.000579166342504, 0.000134180823807, 8.50144715514e-005, 0.000111717890832, 0.000138580464409, 0.000203094969038, 0.000218841858441, 0.000142522141687, 0.000286765658529, 0.000161667601787, 0.000209081947105, 0.000110968052468, 2.49216791417e-005, 8.09974244476e-006, 2.6519403491e-006, 1.06492711893e-006, 3.2337641187e-007, 8.07860356389e-009, 1.30336241799e-010, 3.45723345785e-011]
        median: [3.60060816718e-008, 2.31550293393e-005, 5.45459115529e-005, 5.1298935432e-005, 0.00014680903405, 0.00019206435536, 8.87899950612e-005, 0.000144021149026, 0.000151509157149, 5.11956750415e-005, 2.70864129561e-005, 4.39027389803e-005, 4.41569900431e-005, 4.87216020701e-005, 6.27874105703e-005, 3.56660821126e-005, 0.000112491703476, 7.35251960577e-005, 9.94895381154e-005, 5.92503347434e-005, 9.56738858804e-006, 2.23962638302e-006, 5.75568378736e-007, 1.38899594049e-007, 4.96181371545e-008, 5.95522853253e-010, 3.13963958998e-011, 7.09594969589e-012]
        min: [1.83342744411e-023, 2.0587830744e-023, 1.90511801877e-023, 3.55560120367e-023, 3.93370160445e-023, 6.63637756215e-023, 4.12063166227e-023, 4.47950247409e-023, 8.60455333515e-023, 1.13268561522e-022, 6.98161464871e-023, 4.91474953657e-023, 1.78803843866e-022, 7.5091335091e-023, 2.16012330173e-022, 1.81884743287e-022, 1.00320066095e-022, 1.92330119953e-022, 3.02451542981e-022, 3.23984164032e-022, 4.59099022945e-022, 6.27686550108e-022, 6.83438543589e-022, 1.01809484709e-021, 1.17362570391e-021, 1.66880316044e-021, 2.35287829585e-021, 7.40718781525e-022]
        var: [2.08812544214e-014, 3.24462279266e-009, 2.95465536482e-008, 1.67276947849e-008, 1.3394809173e-007, 1.93384281033e-007, 1.19432144174e-007, 3.5069095361e-007, 9.26649192934e-007, 6.19225914988e-008, 3.69682702228e-008, 3.84095635297e-008, 5.723350327e-008, 1.19497656215e-007, 1.79947136303e-007, 5.77714160954e-008, 1.99478833451e-007, 6.14005131183e-008, 1.10176337387e-007, 2.26848513307e-008, 2.20892193425e-009, 3.45230316556e-010, 6.09192626899e-011, 1.28222267873e-011, 1.19775185863e-012, 1.21613411853e-015, 5.87764234866e-020, 4.55457358278e-021]
    mfcc:
        mean: [-796.784606934, 135.814651489, -48.6550598145, 29.1583099365, -13.5926055908, -18.8872814178, -10.7380619049, -11.8791351318, -8.60068225861, -1.04671180248, -3.60778236389, -6.43912553787, -8.38423442841]
        cov: [[18261.9160156, 2494.50561523, -4039.41625977, 2635.51855469, -102.829673767, 996.084289551, 1183.95715332, 1373.5411377, 1009.99200439, 1077.58764648, 897.828796387, 587.15234375, 410.967102051], [2494.50561523, 1189.91601563, -517.871887207, 448.060455322, -94.5911560059, -16.6813049316, 220.573638916, 112.642723083, 86.7104568481, 87.397605896, 123.749305725, 75.6012954712, 88.7160644531], [-4039.41625977, -517.871887207, 1439.45422363, -601.833618164, -91.6933059692, -236.025558472, -345.350524902, -340.37008667, -296.801879883, -339.016082764, -268.380645752, -151.583862305, -65.3582611084], [2635.51855469, 448.060455322, -601.833618164, 719.298339844, 34.1928482056, 83.6088180542, 237.21711731, 173.339859009, 162.875793457, 160.34197998, 128.905044556, 58.1111564636, 36.6417655945], [-102.829673767, -94.5911560059, -91.6933059692, 34.1928482056, 231.962432861, 60.8142929077, 16.0084476471, -15.2825603485, 7.4963965416, 19.5703334808, 7.72387504578, -3.59341406822, -23.8165493011], [996.084289551, -16.6813049316, -236.025558472, 83.6088180542, 60.8142929077, 287.719940186, 133.93913269, 118.853988647, 80.5933151245, 65.762298584, 91.0610198975, 65.6195983887, 31.1224155426], [1183.95715332, 220.573638916, -345.350524902, 237.21711731, 16.0084476471, 133.93913269, 259.905578613, 148.212203979, 114.793693542, 99.1055679321, 91.6899185181, 60.6699028015, 23.3913040161], [1373.5411377, 112.642723083, -340.37008667, 173.339859009, -15.2825603485, 118.853988647, 148.212203979, 225.58102417, 145.949707031, 121.268028259, 81.9825820923, 34.7339935303, 7.1795129776], [1009.99200439, 86.7104568481, -296.801879883, 162.875793457, 7.4963965416, 80.5933151245, 114.793693542, 145.949707031, 190.272613525, 137.350479126, 77.4735565186, 16.6012420654, -19.816236496], [1077.58764648, 87.397605896, -339.016082764, 160.34197998, 19.5703334808, 65.762298584, 99.1055679321, 121.268028259, 137.350479126, 205.410568237, 116.457275391, 36.6288871765, -11.7830266953], [897.828796387, 123.749305725, -268.380645752, 128.905044556, 7.72387504578, 91.0610198975, 91.6899185181, 81.9825820923, 77.4735565186, 116.457275391, 147.450836182, 68.4813995361, 18.3620758057], [587.15234375, 75.6012954712, -151.583862305, 58.1111564636, -3.59341406822, 65.6195983887, 60.6699028015, 34.7339935303, 16.6012420654, 36.6288871765, 68.4813995361, 110.671440125, 76.3651504517], [410.967102051, 88.7160644531, -65.3582611084, 36.6417655945, -23.8165493011, 31.1224155426, 23.3913040161, 7.1795129776, -19.816236496, -11.7830266953, 18.3620758057, 76.3651504517, 144.327529907]]
        icov: [[0.000429753767094, -0.000387876905734, 0.000530977151357, -0.000838221691083, 0.000455369678093, -0.000882756721694, 0.000933769508265, -0.00108324317262, 0.000248598138569, -0.000469878927106, 0.000469786813483, -0.000564688118175, -0.00012919389701], [-0.000387876905734, 0.00179071608, -0.000135877620778, 0.000259901629761, 0.000182825897355, 0.0015748119913, -0.00178100517951, 0.00128338346258, -0.000144104444189, 0.00112056161743, -0.00143674970604, 0.00104851473588, -0.000508680474013], [0.000530977151357, -0.000135877620778, 0.00257890904322, -0.000473014079034, 0.00134607439395, -0.00103809731081, 0.00121180457063, -0.00018366225413, 0.000589278293774, 0.000621915096417, 0.00103319354821, 0.000147547834786, 4.0405026084e-005], [-0.000838221691083, 0.000259901629761, -0.000473014079034, 0.00436954945326, -0.00132979941554, 0.00223331758752, -0.00308802374639, 0.00208195974119, -0.00106471555773, 0.000864772999194, -0.00130884803366, 0.00190015987027, -0.000315069279168], [0.000455369678093, 0.000182825897355, 0.00134607439395, -0.00132979941554, 0.00615319330245, -0.00261103198864, 0.000656461168546, 0.00127268466167, 0.000570820644498, -0.00114662270062, 0.00145684054587, -0.000209119563806, 0.000856926606502], [-0.000882756721694, 0.0015748119913, -0.00103809731081, 0.00223331758752, -0.00261103198864, 0.00859813764691, -0.00415328331292, -0.000101826823084, -0.00115673744585, 0.00318611809053, -0.00432897312567, 0.000385248102248, -0.000650032132398], [0.000933769508265, -0.00178100517951, 0.00121180457063, -0.00308802374639, 0.000656461168546, -0.00415328331292, 0.0112829059362, -0.00508681545034, -0.000443848752184, -0.000750276551116, 0.00154751737136, -0.00382643821649, 0.000902503263205], [-0.00108324317262, 0.00128338346258, -0.00018366225413, 0.00208195974119, 0.00127268466167, -0.000101826823084, -0.00508681545034, 0.015463097021, -0.00587424868718, 1.94826213828e-007, -0.000249069591518, 0.00279186828993, -0.000280967564322], [0.000248598138569, -0.000144104444189, 0.000589278293774, -0.00106471555773, 0.000570820644498, -0.00115673744585, -0.000443848752184, -0.00587424868718, 0.0153103750199, -0.00649080751464, 0.00130138569511, 0.000915240496397, 0.00154801993631], [-0.000469878927106, 0.00112056161743, 0.000621915096417, 0.000864772999194, -0.00114662270062, 0.00318611809053, -0.000750276551116, 1.94826213828e-007, -0.00649080751464, 0.0159324686974, -0.00904785189778, 0.00135807076003, 0.000798677036073], [0.000469786813483, -0.00143674970604, 0.00103319354821, -0.00130884803366, 0.00145684054587, -0.00432897312567, 0.00154751737136, -0.000249069591518, 0.00130138569511, -0.00904785189778, 0.0204722471535, -0.00966053083539, 0.0032280003652], [-0.000564688118175, 0.00104851473588, 0.000147547834786, 0.00190015987027, -0.000209119563806, 0.000385248102248, -0.00382643821649, 0.00279186828993, 0.000915240496397, 0.00135807076003, -0.00966053083539, 0.0240298584104, -0.0103373238817], [-0.00012919389701, -0.000508680474013, 4.0405026084e-005, -0.000315069279168, 0.000856926606502, -0.000650032132398, 0.000902503263205, -0.000280967564322, 0.00154801993631, 0.000798677036073, 0.0032280003652, -0.0103373238817, 0.01319345925]]
    sccoeffs:
        dmean: [0.0453387722373, 0.0405971705914, 0.0361518077552, 0.0285209864378, 0.0181607939303, 0.0193207785487]
        dmean2: [0.0771116539836, 0.0654310658574, 0.0586774870753, 0.0473867170513, 0.0300358664244, 0.0318535193801]
        dvar: [0.00130867538974, 0.00109852070455, 0.000845950504299, 0.00051135243848, 0.000239750239416, 0.00035290204687]
        dvar2: [0.00377529929392, 0.00297824596055, 0.00222187000327, 0.00139513879549, 0.000599096994847, 0.000951747118961]
        max: [-0.239900320768, -0.331247717142, -0.460069328547, -0.568386435509, -0.598315834999, -0.569636642933]
        mean: [-0.599962294102, -0.684787929058, -0.719818174839, -0.755646407604, -0.777957320213, -0.76060551405]
        median: [-0.635587573051, -0.698973655701, -0.728333294392, -0.75836122036, -0.77124273777, -0.757669627666]
        min: [-0.968026995659, -0.965966820717, -0.968603491783, -0.96353572607, -0.960427343845, -0.960200965405]
        var: [0.0147641450167, 0.00874793063849, 0.00566369481385, 0.00241102976725, 0.00285595608875, 0.00405843788758]
    scvalleys:
        dmean: [0.397281765938, 0.307849258184, 0.292711615562, 0.240541040897, 0.1637878865, 0.283354341984]
        dmean2: [0.680379748344, 0.515928328037, 0.493772655725, 0.399004608393, 0.272091925144, 0.451771765947]
        dvar: [0.147654131055, 0.103690698743, 0.0992107093334, 0.0844281986356, 0.055910140276, 0.139239013195]
        dvar2: [0.351302534342, 0.207581073046, 0.202281311154, 0.158374741673, 0.0906469374895, 0.324847191572]
        max: [-5.6962761879, -4.74456787109, -5.4343919754, -5.79585409164, -6.19157266617, -8.20893383026]
        mean: [-8.38481140137, -7.27825450897, -7.86576080322, -8.18346691132, -8.46245861053, -12.0134429932]
        median: [-7.08513736725, -6.48169994354, -7.07421970367, -7.5426774025, -7.75728607178, -11.0503387451]
        min: [-26.7525901794, -27.2836990356, -27.227930069, -27.3069477081, -27.1304855347, -27.1885128021]
        var: [6.27577590942, 3.28160452843, 3.50126361847, 3.60471391678, 3.54772043228, 5.65845870972]

rhythm:
    beats_loudness:
        dmean: 0.00121042935643
        dmean2: 0.00193963944912
        dvar: 1.65558401477e-006
        dvar2: 4.50404331787e-006
        max: 0.0127639230341
        mean: 0.00428816722706
        median: 0.00363341718912
        min: 6.70155941407e-007
        var: 1.098487337e-005
    bpm: 129.748443604
    bpm_confidence: 0
    first_peak_bpm: 129
    first_peak_spread: 0.280542969704
    first_peak_weight: 0.600000023842
    onset_rate: 1.28663468361
    second_peak_bpm: 86
    second_peak_spread: 0
    second_peak_weight: 0.0377358496189
    beats_loudness_band_ratio:
        dmean: [0.0806006416678, 0.121164657176, 0.159505471587, 0.0756268054247, 0.0924193933606, 0.0372876860201]
        dmean2: [0.138253599405, 0.20980745554, 0.27570399642, 0.128603547812, 0.156248092651, 0.0644707232714]
        dvar: [0.0107498597354, 0.0128104165196, 0.0211016461253, 0.00669543677941, 0.00975648779422, 0.00289761996828]
        dvar2: [0.0273156557232, 0.0331204719841, 0.0520146302879, 0.017955115065, 0.0294666867703, 0.00900404527783]
        max: [0.762967169285, 0.997488319874, 0.97881513834, 0.630898416042, 0.661525249481, 0.443172335625]
        mean: [0.115981698036, 0.244195118546, 0.30973520875, 0.135150179267, 0.169749170542, 0.0635299384594]
        median: [0.079449146986, 0.153750270605, 0.274534106255, 0.105479314923, 0.145955324173, 0.0538938008249]
        min: [0.000154829249368, 0.0041102594696, 0.0177786368877, 0.000407378509408, 1.7501790353e-005, 3.8001064695e-006]
        var: [0.0149560449645, 0.0576390028, 0.0410668738186, 0.0142964851111, 0.0182193499058, 0.00359184783883]
    beats_position: [0.638548731804, 1.27709746361, 1.92725622654, 2.57741498947, 3.19274377823, 3.80807256699, 4.42340135574, 5.00390005112, 5.58439922333, 6.13006782532, 6.67573690414, 7.22140598297, 7.75546455383, 8.3011341095, 8.84680271149, 9.33442115784, 9.82204055786, 10.2980499268, 10.7972784042, 11.3081178665, 11.807346344, 12.3065757751, 12.8058052063, 13.3050336838, 13.8274831772, 14.3383216858, 14.8491611481, 15.3135595322, 15.7779588699, 16.242357254, 16.7415866852, 17.2408161163, 17.7516555786, 18.2741031647, 18.7965526581, 19.3073921204, 19.7717914581, 20.2361907959, 20.7121982574, 21.1765975952, 21.640996933, 22.1053962708, 22.5697956085, 23.0341949463, 23.4985942841, 23.9513835907, 24.40417099, 24.8569602966, 25.3329696655, 25.8089790344, 26.2849884033, 26.7609977722, 27.2370071411, 27.7014045715, 28.1658039093, 28.6302032471, 29.0946025848, 29.5590019226, 30.0234012604, 30.4878005981, 30.9521980286, 31.4165973663, 31.869386673, 32.322177887, 32.7865753174, 33.2509727478, 33.7153739929, 34.1797714233, 34.6441726685, 35.1085700989, 35.572971344, 36.0373687744, 36.4901580811, 36.9429473877, 37.4073448181, 37.8717460632, 38.3361434937, 38.8005447388, 39.2649421692, 39.7177314758, 40.1821289063, 40.6349182129, 41.099319458, 41.5637168884, 42.0165061951, 42.4692955017, 42.9336967468, 43.3864860535, 43.8508834839, 44.3152809143, 44.7796821594, 45.2440795898, 45.708480835, 46.1612701416, 46.625667572, 47.0900688171, 47.5544662476, 48.018863678, 48.4716529846, 48.9244422913, 49.3888435364, 49.8532409668, 50.3176422119, 50.7704315186, 51.234828949, 51.7108383179, 52.1752357483, 52.6396369934, 53.1040344238, 53.5684356689, 54.0212249756, 54.4740142822, 54.9384117126, 55.4028091431, 55.8672103882, 56.3316078186, 56.7960090637, 57.2604064941, 57.7248077393, 58.1892051697, 58.6419944763, 59.094783783, 59.5591812134, 60.0235824585, 60.4879798889, 60.9407691956, 61.3935585022, 61.8579597473, 62.3223571777, 62.7867546082, 63.2511558533, 63.7155532837, 64.1799545288, 64.6443557739, 65.1087493896, 65.5731506348, 66.0259399414, 66.478729248, 66.9431304932, 67.4075241089, 67.871925354, 68.3363265991, 68.7891159058, 69.2419052124, 69.7062988281, 70.1707000732, 70.6351013184, 71.0995025635, 71.5638961792, 72.0282974243, 72.4926986694, 72.9454879761, 73.3982772827, 73.8626708984, 74.3270721436, 74.7914733887, 75.2558746338, 75.7202682495, 76.1846694946, 76.6374588013, 77.1018600464, 77.554649353, 78.0190429688, 78.4834442139, 78.947845459, 79.4006347656, 79.8650360107, 80.3294296265, 80.7938308716, 81.2466201782, 81.7110214233, 82.16381073, 82.6282043457, 83.0809936523, 83.5453948975, 84.0097961426, 84.4741897583, 84.9385910034, 85.4029922485, 85.8673934937, 86.3317871094, 86.7961883545, 87.2605895996, 87.7133789063, 88.177772522, 88.6305618286, 89.0949630737, 89.5593643188, 90.023765564, 90.4881591797, 90.9525604248, 91.4169616699, 91.8813552856, 92.3457565308, 92.7985458374, 93.251335144, 93.7157363892, 94.1801376343, 94.64453125, 95.1089324951, 95.5733337402, 96.0261230469, 96.4789123535, 96.9433059692, 97.4077072144, 97.8721084595, 98.3365097046, 98.8009033203, 99.2653045654, 99.7297058105, 100.194099426, 100.658500671, 101.111289978, 101.564079285, 102.02848053, 102.492874146, 102.945663452, 103.398452759, 103.862854004, 104.327255249, 104.791656494, 105.25605011, 105.720451355, 106.1848526, 106.637641907, 107.113647461, 107.578048706, 108.042449951, 108.495239258, 108.948028564, 109.41242218, 109.876823425, 110.34122467, 110.805618286, 111.258407593, 111.711196899, 112.175598145, 112.63999939, 113.104400635, 113.56879425, 114.033195496, 114.497596741, 114.961990356, 115.403175354, 115.86756897, 116.331970215, 116.79637146, 117.260765076, 117.725166321, 118.189567566, 118.66557312, 119.141586304, 119.617591858, 120.093605042, 120.674102783, 121.254600525, 121.951202393, 122.647796631, 123.356010437, 124.064216614, 124.760810852, 125.45741272, 126.154014587, 126.850608826, 127.547210693, 128.243804932]
    bpm_estimates: [126.047935486, 129.199417114, 129.199157715, 129.199417114, 129.199157715, 129.199157715, 126.048446655, 129.199157715, 129.199157715, 129.199157715, 129.199157715, 129.199157715, 129.199157715, 132.511962891, 132.512527466, 132.511962891, 126.047935486, 126.047935486, 126.047935486, 126.047935486, 126.047935486, 129.199676514, 129.199157715, 129.199157715, 129.199157715, 129.199157715, 129.199157715, 129.199157715, 129.199676514, 129.199157715, 132.511962891, 132.511398315, 129.199676514, 129.199676514, 129.198623657, 129.199676514, 129.198623657, 129.199676514, 129.198623657, 129.199676514, 132.511962891, 132.511962891, 129.199676514, 129.198623657, 129.199676514, 129.198623657, 129.199676514, 132.511962891, 129.199676514, 132.511962891, 129.198623657, 129.199676514, 132.511962891, 132.511962891, 129.198623657, 132.511962891, 129.199676514, 129.199676514, 129.198623657, 129.199676514, 129.198623657, 132.511962891, 129.199676514, 129.198623657, 129.199676514, 129.199676514, 132.511962891, 132.511962891, 129.198623657, 129.199676514, 129.198623657, 132.511962891, 129.199676514, 126.047935486, 129.199676514, 129.198623657, 129.199676514, 129.198623657, 132.511962891, 132.511962891, 129.199676514, 129.199676514, 129.198623657, 129.199676514, 129.198623657, 129.199676514, 129.198623657, 129.199676514, 132.511962891, 132.511962891, 129.199676514, 129.198623657, 129.199676514, 132.511962891, 132.511962891, 129.198623657, 129.199676514, 129.199676514, 129.198623657, 129.199676514, 129.198623657, 129.198623657, 129.200744629, 129.198623657, 132.511962891, 132.511962891, 129.198623657, 129.200744629, 129.198623657, 129.198623657, 132.511962891, 132.511962891, 129.200744629, 129.198623657, 129.198623657, 129.198623657, 129.200744629, 129.198623657, 129.198623657, 132.511962891, 132.511962891, 129.200744629, 129.198623657, 129.198623657, 129.198623657, 129.200744629, 129.198623657, 132.511962891, 129.198623657, 132.511962891, 129.200744629, 129.198623657, 129.198623657, 132.511962891, 129.198623657, 129.200744629, 129.198623657, 132.511962891, 129.198623657, 132.511962891, 129.200744629, 132.511962891, 129.198623657, 129.198623657, 129.200744629, 129.198623657, 129.198623657, 129.198623657, 129.200744629, 129.198623657, 129.198623657, 132.511962891, 129.200744629, 132.511962891, 129.198623657, 129.198623657, 129.198623657, 129.200744629, 129.198623657, 129.198623657, 129.200744629, 129.198623657, 132.511962891, 132.511962891, 129.198623657, 129.198623657, 129.200744629, 129.198623657, 129.198623657, 132.511962891, 132.511962891, 129.200744629, 129.198623657, 129.198623657, 129.198623657, 129.200744629, 129.198623657, 129.198623657, 129.200744629, 129.198623657, 132.511962891, 132.511962891, 129.198623657, 129.200744629, 132.511962891, 132.511962891, 129.198623657, 129.198623657, 129.198623657, 129.200744629, 129.198623657, 129.198623657, 132.511962891, 126.048950195, 129.198623657, 129.198623657, 132.511962891, 132.511962891, 129.200744629, 129.198623657, 129.198623657, 129.200744629, 132.511962891, 132.511962891, 129.198623657, 129.198623657, 129.198623657, 129.200744629, 129.198623657, 129.198623657, 129.200744629, 129.200744629, 129.198623657, 129.198623657, 129.200744629, 129.198623657, 129.198623657, 126.048950195, 126.046928406, 126.048950195, 126.046928406]
