
metadata:
    version:
        essentia: "2.1-beta2"
    audio_properties:
        analysis_sample_rate: 44100
        bitrate: 295
        channels: 2
        equal_loudness: 1
        length: 252.499588013
        replay_gain: -16.5062065125
        downmix: "mix"
    tags:
        album: "Fight The Silence"
        artist: "For Today"
        comment: ""
        date: "2014;ATE"
        genre: "Metal"
        title: "Break The Cycle"
        tracknumber: "5/12"

configuration:
    average_loudness:
        compute: 1
        frameSize: 88200
        hopSize: 44100
        silentFrames: "noise"
        windowType: "hann"
    general:
        analysisSampleRate: 44100
        endTime: 2000
        equalLoudness: 1
        nequalLoudness: 0
        shortSound: 0
        startTime: 0
    lowlevel:
        compute: 1
        frameSize: 2048
        hopSize: 1024
        zeroPadding: 0
        silentFrames: "noise"
        windowType: "blackmanharris62"
        mfccStats: ["mean", "cov", "icov"]
        stats: ["mean", "var", "median", "min", "max", "dmean", "dmean2", "dvar", "dvar2"]
    panning:
        compute: 0
        frameSize: 8192
        hopSize: 2048
        zeroPadding: 8192
        silentFrames: "noise"
        windowType: "hann"
        stats: ["copy"]
    rhythm:
        compute: 1
        maxTempo: 208
        minTempo: 40
        method: "degara"
        stats: ["mean", "var", "median", "min", "max", "dmean", "dmean2", "dvar", "dvar2"]
    segmentation:
        compute: 0
        cpw: 5
        inc1: 300
        inc2: 50
        minimumSegmentsLength: 10
        size1: 1000
        size2: 600
    sfx:
        compute: 1
        stats: ["mean", "var", "median", "min", "max", "dmean", "dmean2", "dvar", "dvar2"]
    svm:
        compute: 0
    tonal:
        compute: 1
        frameSize: 4096
        hopSize: 2048
        zeroPadding: 0
        silentFrames: "noise"
        windowType: "blackmanharris62"
        stats: ["mean", "var", "median", "min", "max", "dmean", "dmean2", "dvar", "dvar2"]

lowlevel:
    average_loudness: 0.957223951817
    barkbands_kurtosis:
        dmean: 0.44917178154
        dmean2: 0.749851465225
        dvar: 0.463834196329
        dvar2: 1.05766546726
        max: 21.8654441833
        mean: -0.902324914932
        median: -1.10238194466
        min: -1.86931574345
        var: 0.979857981205
    barkbands_skewness:
        dmean: 0.350536942482
        dmean2: 0.572055280209
        dvar: 0.0996243059635
        dvar2: 0.248644009233
        max: 3.33039903641
        mean: -0.145709440112
        median: -0.144048511982
        min: -3.69507646561
        var: 0.310689717531
    barkbands_spread:
        dmean: 5.06039381027
        dmean2: 8.19196224213
        dvar: 20.529291153
        dvar2: 52.9358978271
        max: 74.6405639648
        mean: 32.1939926147
        median: 31.1230201721
        min: 2.33505773544
        var: 81.4531860352
    dissonance:
        dmean: 0.0110120112076
        dmean2: 0.0189315695316
        dvar: 0.000104552411358
        dvar2: 0.000295434292639
        max: 0.500000059605
        mean: 0.483443975449
        median: 0.486778318882
        min: 0.357056498528
        var: 0.000179360227776
    hfc:
        dmean: 3.20569133759
        dmean2: 5.5582780838
        dvar: 15.0194969177
        dvar2: 41.6079177856
        max: 45.2684631348
        mean: 10.8494129181
        median: 10.310628891
        min: 1.09679086879e-016
        var: 24.1466560364
    pitch:
        dmean: 778.532043457
        dmean2: 1477.23535156
        dvar: 1473525.5
        dvar2: 3699278.75
        max: 4734.11572266
        mean: 1315.34631348
        median: 469.100280762
        min: 71.098449707
        var: 2210906.5
    pitch_instantaneous_confidence:
        dmean: 0.074313737452
        dmean2: 0.123720094562
        dvar: 0.00380905671045
        dvar2: 0.0101063549519
        max: 0.941474616528
        mean: 0.311978459358
        median: 0.292517125607
        min: 0.0970121026039
        var: 0.0102866105735
    pitch_salience:
        dmean: 0.0561796873808
        dmean2: 0.0952349379659
        dvar: 0.00224394211546
        dvar2: 0.00624894257635
        max: 0.994609832764
        mean: 0.689736664295
        median: 0.700380921364
        min: 0.288905054331
        var: 0.00509413005784
    silence_rate_20dB:
        dmean: 0
        dmean2: 0
        dvar: 0
        dvar2: 0
        max: 1
        mean: 1
        median: 1
        min: 1
        var: 0
    silence_rate_30dB:
        dmean: 0
        dmean2: 0
        dvar: 0
        dvar2: 0
        max: 1
        mean: 1
        median: 1
        min: 1
        var: 0
    silence_rate_60dB:
        dmean: 0.0489195398986
        dmean2: 0.0978480800986
        dvar: 0.046520601958
        dvar2: 0.105934329331
        max: 1
        mean: 0.105921298265
        median: 0
        min: 0
        var: 0.0947104543447
    spectral_centroid:
        dmean: 294.975769043
        dmean2: 485.785919189
        dvar: 97950.4765625
        dvar2: 213402.078125
        max: 11792.171875
        mean: 1899.00500488
        median: 1821.91186523
        min: 418.111236572
        var: 465248
    spectral_complexity:
        dmean: 5.24413776398
        dmean2: 8.78039360046
        dvar: 22.4592857361
        dvar2: 59.4982337952
        max: 53
        mean: 22.201177597
        median: 23
        min: 0
        var: 71.346786499
    spectral_crest:
        dmean: 1.74858939648
        dmean2: 2.95238757133
        dvar: 2.78706407547
        dvar2: 7.59290647507
        max: 20.1526832581
        mean: 5.72979974747
        median: 5.05437755585
        min: 2.25631308556
        var: 5.633248806
    spectral_decrease:
        dmean: 2.72190381345e-010
        dmean2: 4.48661302554e-010
        dvar: 1.04628537643e-019
        dvar2: 2.81058239461e-019
        max: 1.02202000282e-028
        mean: -1.29928157122e-009
        median: -1.32290511878e-009
        min: -4.52425252817e-009
        var: 2.84339587403e-019
    spectral_energy:
        dmean: 0.0012684907997
        dmean2: 0.00211729551665
        dvar: 2.25142798627e-006
        dvar2: 6.09312792221e-006
        max: 0.0208504870534
        mean: 0.00588784646243
        median: 0.00596321001649
        min: 1.03109824345e-020
        var: 5.63491403227e-006
    spectral_energyband_high:
        dmean: 0.000285883317702
        dmean2: 0.000510248355567
        dvar: 1.55605434315e-007
        dvar2: 4.24707849334e-007
        max: 0.00534062972292
        mean: 0.000540778855793
        median: 0.000427851919085
        min: 7.28996858782e-021
        var: 1.706697077e-007
    spectral_energyband_low:
        dmean: 0.000225019088248
        dmean2: 0.000385300430935
        dvar: 5.54598145186e-008
        dvar2: 1.54929182372e-007
        max: 0.00280897598714
        mean: 0.000418388925027
        median: 0.000376709416742
        min: 8.46671630027e-024
        var: 8.99535805843e-008
    spectral_energyband_middle_high:
        dmean: 0.000827783776913
        dmean2: 0.00136569305323
        dvar: 7.48610375467e-007
        dvar2: 1.97670169655e-006
        max: 0.0110986530781
        mean: 0.00314291147515
        median: 0.00304494611919
        min: 1.29407893287e-021
        var: 2.33157925322e-006
    spectral_energyband_middle_low:
        dmean: 0.000707958068233
        dmean2: 0.00115496432409
        dvar: 8.00162581527e-007
        dvar2: 2.11756355384e-006
        max: 0.0130220297724
        mean: 0.00192302255891
        median: 0.00163791526575
        min: 1.78750289677e-022
        var: 1.77043534677e-006
    spectral_flatness_db:
        dmean: 0.0127970911562
        dmean2: 0.0204508993775
        dvar: 0.000145203390275
        dvar2: 0.000341267848853
        max: 0.419686436653
        mean: 0.132261037827
        median: 0.12804800272
        min: 0.0672694966197
        var: 0.00077128445264
    spectral_flux:
        dmean: 0.00711133377627
        dmean2: 0.0110464729369
        dvar: 5.51325319975e-005
        dvar2: 0.000111827139335
        max: 0.110753960907
        mean: 0.0482627078891
        median: 0.0485411509871
        min: 6.60037094424e-011
        var: 0.000184912816621
    spectral_kurtosis:
        dmean: 0.875991284847
        dmean2: 1.45483565331
        dvar: 0.841526150703
        dvar2: 2.46425652504
        max: 26.9708385468
        mean: 2.90012693405
        median: 2.70261096954
        min: -1.25411462784
        var: 2.40895605087
    spectral_rms:
        dmean: 0.000253729580436
        dmean2: 0.00041782806511
        dvar: 7.70240617953e-008
        dvar2: 2.01449481096e-007
        max: 0.00451020384207
        mean: 0.00233109365217
        median: 0.00241200439632
        min: 3.17167060844e-012
        var: 3.10235492407e-007
    spectral_rolloff:
        dmean: 357.8699646
        dmean2: 592.421936035
        dvar: 201273.015625
        dvar2: 411720.3125
        max: 19315.2832031
        mean: 3562.92822266
        median: 3531.4453125
        min: 344.53125
        var: 990467.5
    spectral_skewness:
        dmean: 0.15601117909
        dmean2: 0.255904734135
        dvar: 0.021514730528
        dvar2: 0.0557821206748
        max: 3.41949391365
        mean: 1.27995359898
        median: 1.28658771515
        min: -0.0628658905625
        var: 0.0802404358983
    spectral_spread:
        dmean: 495344.71875
        dmean2: 742633.4375
        dvar: 609734754304
        dvar2: 1.01012150682e+012
        max: 42818120
        mean: 4940737
        median: 4730339.5
        min: 1565082.625
        var: 4.94747307213e+012
    spectral_strongpeak:
        dmean: 0.400557249784
        dmean2: 0.697903454304
        dvar: 0.292230457067
        dvar2: 0.778429508209
        max: 6.43593025208
        mean: 0.597873389721
        median: 0.393266797066
        min: 2.30052685235e-010
        var: 0.416155099869
    zerocrossingrate:
        dmean: 0.00780473230407
        dmean2: 0.00963253062218
        dvar: 7.3379247624e-005
        dvar2: 9.30082605919e-005
        max: 0.51904296875
        mean: 0.105015218258
        median: 0.1015625
        min: 0.03271484375
        var: 0.000887897505891
    barkbands:
        dmean: [6.02284870865e-008, 6.57964701531e-005, 0.000158913375344, 0.000121058816148, 0.000240796754952, 0.000200918482733, 0.000204039228265, 0.000175334062078, 0.000273499579635, 0.000165692632436, 0.000111381923489, 0.000133378605824, 0.000117042873171, 0.000119524054753, 0.000110818022222, 0.000142859178595, 0.00019180381787, 0.000217704538954, 0.000264169997536, 0.000230315854424, 0.000140318428748, 4.90934653499e-005, 1.07222058432e-005, 4.6501545512e-006, 2.32562092606e-006, 7.24503479432e-008, 4.50036952149e-010]
        dmean2: [1.02143715708e-007, 0.00011380117212, 0.000271013239399, 0.000211517210118, 0.00041535552009, 0.000336393422913, 0.000340396800311, 0.000288386538159, 0.000432704895502, 0.000276014703559, 0.000186428107554, 0.000218672503252, 0.00019286578754, 0.000195231332327, 0.00018302036915, 0.000235561834415, 0.000320742634358, 0.000373634306015, 0.000446934893262, 0.000401335244533, 0.000251218647463, 8.80866937223e-005, 1.82644489541e-005, 7.39780080039e-006, 3.67222287423e-006, 1.18879633249e-007, 8.11222755637e-010]
        dvar: [2.78917581848e-014, 5.62308066776e-009, 3.19573665308e-008, 2.1085760693e-008, 2.63033086867e-007, 1.29750162614e-007, 1.21995938684e-007, 8.14059859522e-008, 1.66249463973e-007, 7.41692645079e-008, 3.39632748592e-008, 4.69099568079e-008, 3.39233281466e-008, 3.31347536076e-008, 3.55639535599e-008, 3.11518206786e-008, 6.86646046688e-008, 6.88339625299e-008, 9.74431983991e-008, 8.90051268243e-008, 3.67074513008e-008, 5.02761343668e-009, 2.2431859148e-010, 5.10774998685e-011, 1.47651925408e-011, 1.80253642551e-014, 9.08984122244e-019]
        dvar2: [7.87281345801e-014, 1.62639928192e-008, 8.85621176394e-008, 5.85084514171e-008, 7.46012574382e-007, 3.27084990204e-007, 3.11768786787e-007, 2.07398571206e-007, 3.72759814127e-007, 2.03953945288e-007, 9.28613985707e-008, 1.18367694313e-007, 8.58414495042e-008, 8.24015771173e-008, 8.74827890129e-008, 7.92734979882e-008, 1.80084228418e-007, 1.81880920991e-007, 2.65453877546e-007, 2.39259208001e-007, 1.01220734905e-007, 1.38106175385e-008, 5.52631884698e-010, 1.02874521402e-010, 2.9915972477e-011, 4.05475315596e-014, 2.62063143048e-018]
        max: [1.02015501398e-005, 0.000745196652133, 0.00194998655934, 0.00186546845362, 0.00838021468371, 0.00600913260132, 0.00574208563194, 0.00452369917184, 0.0091784382239, 0.00334623851813, 0.00271903723478, 0.00431071594357, 0.00298668327741, 0.00281450757757, 0.0032554755453, 0.00294401310384, 0.00485191261396, 0.00389807927422, 0.00912422034889, 0.0058021126315, 0.00167812290601, 0.000708810926881, 0.000227854325203, 0.000125423262944, 6.70578883728e-005, 3.23104836752e-006, 1.62650994895e-008]
        mean: [1.96613640924e-007, 9.54568240559e-005, 0.000234990933677, 0.000156749723828, 0.000314721313771, 0.000277528510196, 0.000285794201773, 0.00027290431899, 0.00053050648421, 0.000266069342615, 0.00018108842778, 0.000232653022977, 0.000198181514861, 0.000203484363738, 0.00019831355894, 0.000278823630651, 0.000372671725927, 0.000407647137763, 0.000587600981817, 0.000450049003121, 0.000233496335568, 7.56141889724e-005, 1.95763495867e-005, 9.27542987483e-006, 4.35690071754e-006, 1.11151940985e-007, 4.89758400501e-010]
        median: [2.28910881361e-008, 7.30683823349e-005, 0.000180894028745, 0.000110893350211, 0.000171775289346, 0.000132693850901, 0.000136259972351, 0.00012528145453, 0.000218376939301, 0.000120914715808, 8.88606009539e-005, 0.000117948839033, 0.000104137143353, 0.00012675623293, 0.000113990477985, 0.000209930731216, 0.000275681319181, 0.000322516716551, 0.000514680752531, 0.000373718532501, 0.000181095296284, 5.22914342582e-005, 1.3319795471e-005, 5.63548564969e-006, 2.40178678723e-006, 5.46611857999e-008, 2.93376073435e-010]
        min: [8.77108802536e-025, 3.06156010126e-024, 2.9646789102e-024, 1.02677553639e-024, 2.78179334224e-024, 1.11148655611e-023, 9.53695126861e-024, 8.79078351558e-024, 1.76424323832e-023, 1.06615000991e-023, 1.3788031179e-023, 3.69994854983e-023, 3.58561073468e-023, 3.71557462218e-023, 2.93571051781e-023, 7.04222630305e-023, 9.23901207311e-023, 1.00062032848e-022, 1.15160401434e-022, 2.29947122612e-022, 3.36554769842e-022, 3.09156229587e-022, 4.63820929753e-022, 5.65901196963e-022, 9.22333444081e-022, 1.2074231809e-021, 1.93190314079e-021]
        var: [8.10537943187e-013, 8.17845968726e-009, 4.67799594617e-008, 2.55076066935e-008, 2.45951781608e-007, 1.96283792775e-007, 1.69012182027e-007, 1.73149473426e-007, 6.86712439801e-007, 1.42516967117e-007, 6.32938679246e-008, 9.06738648609e-008, 6.1873130619e-008, 5.92368749608e-008, 7.80495668096e-008, 6.05418435384e-008, 1.20722063457e-007, 1.01768016236e-007, 1.46311791127e-007, 1.09340739129e-007, 3.64825609722e-008, 5.20068210719e-009, 4.36389452352e-010, 1.43714984358e-010, 3.81507776759e-011, 3.3116298061e-014, 6.48277110791e-019]
    frequency_bands:
        dmean: [6.02284870865e-008, 6.57964701531e-005, 0.000158913375344, 0.000121058816148, 0.000240796754952, 0.000200918482733, 0.000204039228265, 0.000175334062078, 0.000273499579635, 0.000165692632436, 0.000111381923489, 0.000133378605824, 0.000117042873171, 0.000119524054753, 0.000110818022222, 0.000142859178595, 0.00019180381787, 0.000217704538954, 0.000264169997536, 0.000230315854424, 0.000140318428748, 4.90934653499e-005, 1.07222058432e-005, 4.6501545512e-006, 2.32562092606e-006, 7.24503479432e-008, 4.50036952149e-010, 6.77035302821e-011]
        dmean2: [1.02143715708e-007, 0.00011380117212, 0.000271013239399, 0.000211517210118, 0.00041535552009, 0.000336393422913, 0.000340396800311, 0.000288386538159, 0.000432704895502, 0.000276014703559, 0.000186428107554, 0.000218672503252, 0.00019286578754, 0.000195231332327, 0.00018302036915, 0.000235561834415, 0.000320742634358, 0.000373634306015, 0.000446934893262, 0.000401335244533, 0.000251218647463, 8.80866937223e-005, 1.82644489541e-005, 7.39780080039e-006, 3.67222287423e-006, 1.18879633249e-007, 8.11222755637e-010, 1.25377819238e-010]
        dvar: [2.78917581848e-014, 5.62308066776e-009, 3.19573665308e-008, 2.1085760693e-008, 2.63033086867e-007, 1.29750162614e-007, 1.21995938684e-007, 8.14059859522e-008, 1.66249463973e-007, 7.41692645079e-008, 3.39632748592e-008, 4.69099568079e-008, 3.39233281466e-008, 3.31347536076e-008, 3.55639535599e-008, 3.11518206786e-008, 6.86646046688e-008, 6.88339625299e-008, 9.74431983991e-008, 8.90051268243e-008, 3.67074513008e-008, 5.02761343668e-009, 2.2431859148e-010, 5.10774998685e-011, 1.47651925408e-011, 1.80253642551e-014, 9.08984122244e-019, 8.13888369409e-021]
        dvar2: [7.87281345801e-014, 1.62639928192e-008, 8.85621176394e-008, 5.85084514171e-008, 7.46012574382e-007, 3.27084990204e-007, 3.11768786787e-007, 2.07398571206e-007, 3.72759814127e-007, 2.03953945288e-007, 9.28613985707e-008, 1.18367694313e-007, 8.58414495042e-008, 8.24015771173e-008, 8.74827890129e-008, 7.92734979882e-008, 1.80084228418e-007, 1.81880920991e-007, 2.65453877546e-007, 2.39259208001e-007, 1.01220734905e-007, 1.38106175385e-008, 5.52631884698e-010, 1.02874521402e-010, 2.9915972477e-011, 4.05475315596e-014, 2.62063143048e-018, 2.58704420115e-020]
        max: [1.02015501398e-005, 0.000745196652133, 0.00194998655934, 0.00186546845362, 0.00838021468371, 0.00600913260132, 0.00574208563194, 0.00452369917184, 0.0091784382239, 0.00334623851813, 0.00271903723478, 0.00431071594357, 0.00298668327741, 0.00281450757757, 0.0032554755453, 0.00294401310384, 0.00485191261396, 0.00389807927422, 0.00912422034889, 0.0058021126315, 0.00167812290601, 0.000708810926881, 0.000227854325203, 0.000125423262944, 6.70578883728e-005, 3.23104836752e-006, 1.62650994895e-008, 9.61478008321e-010]
        mean: [1.96613640924e-007, 9.54568240559e-005, 0.000234990933677, 0.000156749723828, 0.000314721313771, 0.000277528510196, 0.000285794201773, 0.00027290431899, 0.00053050648421, 0.000266069342615, 0.00018108842778, 0.000232653022977, 0.000198181514861, 0.000203484363738, 0.00019831355894, 0.000278823630651, 0.000372671725927, 0.000407647137763, 0.000587600981817, 0.000450049003121, 0.000233496335568, 7.56141889724e-005, 1.95763495867e-005, 9.27542987483e-006, 4.35690071754e-006, 1.11151940985e-007, 4.89758400501e-010, 5.2881848206e-011]
        median: [2.28910881361e-008, 7.30683823349e-005, 0.000180894028745, 0.000110893350211, 0.000171775289346, 0.000132693850901, 0.000136259972351, 0.00012528145453, 0.000218376939301, 0.000120914715808, 8.88606009539e-005, 0.000117948839033, 0.000104137143353, 0.00012675623293, 0.000113990477985, 0.000209930731216, 0.000275681319181, 0.000322516716551, 0.000514680752531, 0.000373718532501, 0.000181095296284, 5.22914342582e-005, 1.3319795471e-005, 5.63548564969e-006, 2.40178678723e-006, 5.46611857999e-008, 2.93376073435e-010, 2.15261593273e-011]
        min: [8.77108802536e-025, 3.06156010126e-024, 2.9646789102e-024, 1.02677553639e-024, 2.78179334224e-024, 1.11148655611e-023, 9.53695126861e-024, 8.79078351558e-024, 1.76424323832e-023, 1.06615000991e-023, 1.3788031179e-023, 3.69994854983e-023, 3.58561073468e-023, 3.71557462218e-023, 2.93571051781e-023, 7.04222630305e-023, 9.23901207311e-023, 1.00062032848e-022, 1.15160401434e-022, 2.29947122612e-022, 3.36554769842e-022, 3.09156229587e-022, 4.63820929753e-022, 5.65901196963e-022, 9.22333444081e-022, 1.2074231809e-021, 1.93190314079e-021, 5.56026677914e-022]
        var: [8.10537943187e-013, 8.17845968726e-009, 4.67799594617e-008, 2.55076066935e-008, 2.45951781608e-007, 1.96283792775e-007, 1.69012182027e-007, 1.73149473426e-007, 6.86712439801e-007, 1.42516967117e-007, 6.32938679246e-008, 9.06738648609e-008, 6.1873130619e-008, 5.92368749608e-008, 7.80495668096e-008, 6.05418435384e-008, 1.20722063457e-007, 1.01768016236e-007, 1.46311791127e-007, 1.09340739129e-007, 3.64825609722e-008, 5.20068210719e-009, 4.36389452352e-010, 1.43714984358e-010, 3.81507776759e-011, 3.3116298061e-014, 6.48277110791e-019, 6.61330738177e-021]
    mfcc:
        mean: [-672.284118652, 90.9666442871, -51.0215263367, 41.756072998, -18.7487697601, -5.93717336655, 1.00905656815, -1.27580082417, -0.224902406335, -0.787774205208, -1.90120720863, -2.56971549988, -3.79417085648]
        cov: [[3483.04931641, 447.069244385, -136.547637939, 217.267547607, -46.4025840759, 70.9111328125, 0.62249481678, -24.835111618, -23.8289375305, -5.16529083252, 16.6740703583, -21.5800113678, -49.0574035645], [447.069244385, 775.446411133, -177.867843628, 127.197601318, 2.16281294823, 34.6156387329, 88.4870529175, 66.9278106689, 65.720741272, 42.4247283936, 53.1896781921, 37.4556007385, 17.4948787689], [-136.547637939, -177.867843628, 355.753723145, 87.1064910889, 101.529273987, 63.0955619812, 20.5071811676, 1.4793971777, -0.13959595561, 4.00387954712, -12.3318824768, 2.24116587639, 19.3737239838], [217.267547607, 127.197601318, 87.1064910889, 297.156097412, 109.574768066, 100.561134338, 14.4271364212, -7.90104675293, 28.893655777, 32.0051383972, 2.42169332504, -6.01022005081, 16.6484489441], [-46.4025840759, 2.16281294823, 101.529273987, 109.574768066, 186.881256104, 74.6807785034, 16.7642993927, -12.5666894913, 19.4647312164, 35.5872344971, 15.7662830353, 7.25087785721, 21.638923645], [70.9111328125, 34.6156387329, 63.0955619812, 100.561134338, 74.6807785034, 144.522415161, 63.486328125, 21.4353065491, 11.9938793182, 19.9015769958, 14.318649292, 8.68341350555, 10.3577575684], [0.62249481678, 88.4870529175, 20.5071811676, 14.4271364212, 16.7642993927, 63.486328125, 160.753463745, 99.9018249512, 47.7106399536, 13.3317022324, 11.7483377457, 16.7531490326, 3.69540905952], [-24.835111618, 66.9278106689, 1.4793971777, -7.90104675293, -12.5666894913, 21.4353065491, 99.9018249512, 139.880737305, 70.3480300903, 23.2706737518, 11.9182977676, 13.1424970627, -7.43186473846], [-23.8289375305, 65.720741272, -0.13959595561, 28.893655777, 19.4647312164, 11.9938793182, 47.7106399536, 70.3480300903, 101.392578125, 56.1097488403, 25.6146144867, 4.5699300766, -3.61402988434], [-5.16529083252, 42.4247283936, 4.00387954712, 32.0051383972, 35.5872344971, 19.9015769958, 13.3317022324, 23.2706737518, 56.1097488403, 92.8328552246, 45.5564727783, 13.3242015839, -0.518225610256], [16.6740703583, 53.1896781921, -12.3318824768, 2.42169332504, 15.7662830353, 14.318649292, 11.7483377457, 11.9182977676, 25.6146144867, 45.5564727783, 73.3991470337, 36.8941040039, 12.657626152], [-21.5800113678, 37.4556007385, 2.24116587639, -6.01022005081, 7.25087785721, 8.68341350555, 16.7531490326, 13.1424970627, 4.5699300766, 13.3242015839, 36.8941040039, 67.3192749023, 37.5514640808], [-49.0574035645, 17.4948787689, 19.3737239838, 16.6484489441, 21.638923645, 10.3577575684, 3.69540905952, -7.43186473846, -3.61402988434, -0.518225610256, 12.657626152, 37.5514640808, 71.3219223022]]
        icov: [[0.000339076039381, -0.000160444149515, 5.39032262168e-005, -0.000269790267339, 0.000211236067116, -0.00013210970792, 4.32154411101e-005, 4.52853928437e-005, 0.000194823107449, 6.88217623974e-005, -0.000159942443133, 4.33499044448e-005, 0.000294427300105], [-0.000160444149515, 0.00209943228401, 0.00125645741355, -0.0012552147964, -2.0896542992e-005, 0.000560880347621, -0.00111012766138, -0.000162992262631, -0.000348217232386, 0.000175725785084, -0.000795550819021, -0.000545299961232, -0.00029629340861], [5.39032262168e-005, 0.00125645741355, 0.00433417502791, -0.00121050071903, -0.00156840996351, -0.000258866726654, -0.000574630568735, -0.000630711962003, 0.000386186176911, 0.000111738518171, 0.000594580720644, -0.000578233099077, -0.000469086400699], [-0.000269790267339, -0.0012552147964, -0.00121050071903, 0.00653184391558, -0.00165554962587, -0.00353078753687, 0.00167306594085, 0.00095331663033, -0.00208033132367, -0.000558448256925, 0.00189003930427, 0.00107079348527, -0.001054542372], [0.000211236067116, -2.0896542992e-005, -0.00156840996351, -0.00165554962587, 0.00918131507933, -0.00265721185133, -0.000523615977727, 0.00245757773519, -0.00126891641412, -0.00198172358796, -0.000304109125864, 0.000411185086705, -0.00139479245991], [-0.00013210970792, 0.000560880347621, -0.000258866726654, -0.00353078753687, -0.00265721185133, 0.0133694140241, -0.00573432864621, -7.42756092222e-005, 0.00344211817719, -0.00112411670852, -0.00215730699711, 0.00043528660899, 0.000139966839924], [4.32154411101e-005, -0.00111012766138, -0.000574630568735, 0.00167306594085, -0.000523615977727, -0.00573432864621, 0.0147955175489, -0.00897556915879, -0.000853798992466, 0.00187064404599, 0.000528734817635, -0.000719761592336, -0.000387198291719], [4.52853928437e-005, -0.000162992262631, -0.000630711962003, 0.00095331663033, 0.00245757773519, -7.42756092222e-005, -0.00897556915879, 0.0196129120886, -0.0110581852496, 0.00142134574708, 0.00220195949078, -0.00403839116916, 0.00297927903011], [0.000194823107449, -0.000348217232386, 0.000386186176911, -0.00208033132367, -0.00126891641412, 0.00344211817719, -0.000853798992466, -0.0110581852496, 0.0251921974123, -0.0114879952744, -0.00178782234434, 0.00448805931956, -0.00147545256186], [6.88217623974e-005, 0.000175725785084, 0.000111738518171, -0.000558448256925, -0.00198172358796, -0.00112411670852, 0.00187064404599, 0.00142134574708, -0.0114879952744, 0.0237116795033, -0.0113625759259, 0.000553150544874, 0.00223538884893], [-0.000159942443133, -0.000795550819021, 0.000594580720644, 0.00189003930427, -0.000304109125864, -0.00215730699711, 0.000528734817635, 0.00220195949078, -0.00178782234434, -0.0113625759259, 0.0288756061345, -0.0145263420418, 0.00244050705805], [4.33499044448e-005, -0.000545299961232, -0.000578233099077, 0.00107079348527, 0.000411185086705, 0.00043528660899, -0.000719761592336, -0.00403839116916, 0.00448805931956, 0.000553150544874, -0.0145263420418, 0.0317325592041, -0.0143987350166], [0.000294427300105, -0.00029629340861, -0.000469086400699, -0.001054542372, -0.00139479245991, 0.000139966839924, -0.000387198291719, 0.00297927903011, -0.00147545256186, 0.00223538884893, 0.00244050705805, -0.0143987350166, 0.0224924553186]]
    sccoeffs:
        dmean: [0.0566217154264, 0.0518336370587, 0.0390248373151, 0.0300212912261, 0.0200164727867, 0.0196274425834]
        dmean2: [0.0952401608229, 0.0867989212275, 0.0652946829796, 0.0502813793719, 0.0337291918695, 0.0320407450199]
        dvar: [0.00205657235347, 0.00165565998759, 0.000947305175941, 0.000569746014662, 0.000251860852586, 0.000289848976536]
        dvar2: [0.00568586308509, 0.00456462753937, 0.00265067233704, 0.00154341268353, 0.000690031098202, 0.000751592451707]
        max: [-0.276933342218, -0.442555040121, -0.540926277637, -0.519080042839, -0.629069805145, -0.545392394066]
        mean: [-0.649479866028, -0.756637871265, -0.784188508987, -0.795354783535, -0.801114737988, -0.756042003632]
        median: [-0.655531048775, -0.761077582836, -0.790601909161, -0.798459410667, -0.802828550339, -0.755108177662]
        min: [-0.984105527401, -0.995003581047, -0.996136724949, -0.987399578094, -0.988710045815, -0.964322865009]
        var: [0.00620263163, 0.00421471241862, 0.00307666813023, 0.00164297176525, 0.000689492968377, 0.00125009822659]
    scvalleys:
        dmean: [0.431985169649, 0.369957357645, 0.295793533325, 0.25200304389, 0.227884247899, 0.297582626343]
        dmean2: [0.715738117695, 0.61176776886, 0.477068662643, 0.413201570511, 0.381900370121, 0.477526128292]
        dvar: [0.186686113477, 0.136613309383, 0.093517549336, 0.0831108465791, 0.0833335369825, 0.152110308409]
        dvar2: [0.386010140181, 0.281088382006, 0.168900355697, 0.13907392323, 0.146013230085, 0.317091494799]
        max: [-5.32093715668, -4.5220952034, -4.9403090477, -5.38187885284, -5.40067386627, -7.52980136871]
        mean: [-7.12859106064, -6.36685657501, -6.46979951859, -6.78111124039, -6.61007118225, -9.14636421204]
        median: [-6.78934288025, -6.21416950226, -6.35454654694, -6.61559486389, -6.46363544464, -8.97567939758]
        min: [-28.0109462738, -27.8932685852, -27.78099823, -27.6923103333, -27.4573287964, -27.3750572205]
        var: [2.6483399868, 2.01129245758, 1.98996984959, 1.93857860565, 1.88169419765, 1.9172103405]

rhythm:
    beats_loudness:
        dmean: 0.001633998123
        dmean2: 0.00276836100966
        dvar: 1.57486931585e-006
        dvar2: 4.37987000623e-006
        max: 0.0120864445344
        mean: 0.00621801242232
        median: 0.00632924726233
        min: 0
        var: 3.80788355869e-006
    bpm: 134.740219116
    bpm_confidence: 0
    first_peak_bpm: 136
    first_peak_spread: 0.38041433692
    first_peak_weight: 0.584369421005
    onset_rate: 3.09703493118
    second_peak_bpm: 129
    second_peak_spread: 0.142857134342
    second_peak_weight: 0.0426287762821
    beats_loudness_band_ratio:
        dmean: [0.0721188187599, 0.123240210116, 0.113023251295, 0.0892091915011, 0.101665303111, 0.0928603187203]
        dmean2: [0.121452413499, 0.222147643566, 0.198837682605, 0.148394525051, 0.175537616014, 0.163031131029]
        dvar: [0.00405874522403, 0.0132273621857, 0.00895543210208, 0.00655237352476, 0.00735810119659, 0.00705817015842]
        dvar2: [0.0117123955861, 0.0349799357355, 0.0223355237395, 0.0163331013173, 0.0205453187227, 0.0200915150344]
        max: [0.425872713327, 0.543911337852, 0.618815541267, 0.459248334169, 0.663007438183, 0.779847323895]
        mean: [0.115393131971, 0.124703593552, 0.204581558704, 0.156304016709, 0.238474145532, 0.213921740651]
        median: [0.0993430912495, 0.0838037729263, 0.179791092873, 0.126934081316, 0.221049726009, 0.189259588718]
        min: [0, 0, 0, 0, 0, 0]
        var: [0.00523799285293, 0.0129225756973, 0.0136260055006, 0.00994012132287, 0.0101767713204, 0.00907697714865]
    beats_position: [0.452789098024, 0.917188167572, 1.38158726692, 1.83437633514, 2.28716540337, 2.73995471001, 3.19274377823, 3.65714287758, 4.12154197693, 4.59755086899, 5.06195020676, 5.52634906769, 5.9675283432, 6.40870714188, 6.87310647964, 7.33750534058, 7.80190467834, 8.26630401611, 8.71909236908, 9.17188167572, 9.62467098236, 10.077460289, 10.5186395645, 10.95981884, 11.412607193, 11.8653964996, 12.3065757751, 12.7477550507, 13.1889343262, 13.6301136017, 14.0712919235, 14.512471199, 14.9536504745, 15.3948297501, 15.8476190567, 16.3004074097, 16.7415866852, 17.1827659607, 17.6239452362, 18.0767345428, 18.5295238495, 18.970703125, 19.4118824005, 19.853061676, 20.2942390442, 20.7354183197, 21.1765975952, 21.6293869019, 22.0821762085, 22.523355484, 22.9645347595, 23.405714035, 23.8468933105, 24.2880725861, 24.7292518616, 25.1820411682, 25.6348285675, 26.076007843, 26.5171871185, 26.958366394, 27.4111557007, 27.8639450073, 28.3051242828, 28.7463035583, 29.1874828339, 29.6286621094, 30.0698413849, 30.5110206604, 30.9754180908, 31.4165973663, 31.8577766418, 32.2989578247, 32.7401351929, 33.1813163757, 33.6224937439, 34.0636711121, 34.5164604187, 34.9576416016, 35.3988189697, 35.8400001526, 36.2927894592, 36.7339668274, 37.1751480103, 37.6163253784, 38.0691146851, 38.5219039917, 38.9630813599, 39.4042625427, 39.8454399109, 40.2982292175, 40.7394104004, 41.192199707, 41.6333770752, 42.0745582581, 42.5157356262, 42.9569168091, 43.4097061157, 43.8508834839, 44.2804527283, 44.7332420349, 45.1744194031, 45.6272087097, 46.0683898926, 46.5211791992, 46.9739685059, 47.415145874, 47.8563270569, 48.297504425, 48.7386856079, 49.1914749146, 49.6442604065, 50.0854415894, 50.5266189575, 50.9678001404, 51.4089775085, 51.8501586914, 52.2913360596, 52.7325172424, 53.1853065491, 53.6380958557, 54.0792732239, 54.5204544067, 54.9616317749, 55.4028091431, 55.8439903259, 56.2851676941, 56.726348877, 57.1791381836, 57.6319274902, 58.0731048584, 58.5142860413, 58.9554634094, 59.4082527161, 59.8610420227, 60.3022193909, 60.7434005737, 61.1845779419, 61.6257591248, 62.0669364929, 62.5081176758, 62.9492950439, 63.3904762268, 63.831653595, 64.2844467163, 64.7372360229, 65.1900177002, 65.6428070068, 66.0839920044, 66.5251693726, 66.9663467407, 67.4075241089, 67.8487091064, 68.3014984131, 68.7542877197, 69.1954650879, 69.6366424561, 70.0778198242, 70.5189971924, 70.9601821899, 71.4013595581, 71.8425369263, 72.2837142944, 72.724899292, 73.1776885986, 73.6304779053, 74.0716552734, 74.5128326416, 74.9540100098, 75.4067993164, 75.8479766846, 76.2891616821, 76.7303390503, 77.1715164185, 77.6243057251, 78.0654830933, 78.5182723999, 78.9710617065, 79.4122467041, 79.8534240723, 80.2946014404, 80.7357788086, 81.1885681152, 81.6413574219, 82.08253479, 82.5237197876, 82.9648971558, 83.4060745239, 83.8472518921, 84.3000411987, 84.7528305054, 85.1940155029, 85.6351928711, 86.0763702393, 86.5175476074, 86.9587249756, 87.4115142822, 87.8643035889, 88.3054885864, 88.7466659546, 89.1878433228, 89.6290206909, 90.0702056885, 90.5113830566, 90.9525604248, 91.4053497314, 91.8581390381, 92.2993164063, 92.7404937744, 93.181678772, 93.6228561401, 94.0640335083, 94.5168228149, 94.9696121216, 95.4107894897, 95.8519744873, 96.316368103, 96.7575454712, 97.1987304688, 97.6399078369, 98.0810852051, 98.5222625732, 98.9634475708, 99.404624939, 99.8574142456, 100.298591614, 100.75138092, 101.204170227, 101.656959534, 102.10974884, 102.550926208, 103.003715515, 103.433288574, 103.862854004, 104.304031372, 104.74521637, 105.186393738, 105.627571106, 106.068748474, 106.509933472, 106.962722778, 107.415504456, 107.856689453, 108.297866821, 108.739044189, 109.191833496, 109.644622803, 110.085800171, 110.526985168, 110.968162537, 111.409339905, 111.850517273, 112.291702271, 112.732879639, 113.174057007, 113.626846313, 114.068023682, 114.520812988, 114.961990356, 115.403175354, 115.844352722, 116.297142029, 116.749931335, 117.191108704, 117.64389801, 118.085075378, 118.537864685, 118.979042053, 119.420227051, 119.861404419, 120.302581787, 120.743759155, 121.184944153, 121.626121521, 122.078910828, 122.520088196, 122.972877502, 123.414054871, 123.866844177, 124.319633484, 124.772422791, 125.225212097, 125.678001404, 126.13079071, 126.583580017, 127.036369324, 127.48915863, 127.941947937, 128.406341553, 128.870742798, 129.323532104, 129.776321411, 130.229110718, 130.681900024, 131.134689331, 131.587478638, 132.040267944, 132.493057251, 132.957458496, 133.410247803, 133.863037109, 134.315826416, 134.780227661, 135.233016968, 135.685806274, 136.138595581, 136.591384888, 137.044174194, 137.496963501, 137.949752808, 138.402542114, 138.855331421, 139.319732666, 139.772521973, 140.225296021, 140.678085327, 141.130874634, 141.595275879, 142.048065186, 142.500854492, 142.953643799, 143.406433105, 143.859222412, 144.312011719, 144.764801025, 145.217590332, 145.681991577, 146.146392822, 146.599182129, 147.051971436, 147.504760742, 147.957550049, 148.398727417, 148.863128662, 149.315917969, 149.768707275, 150.233108521, 150.685897827, 151.138687134, 151.59147644, 152.044265747, 152.497055054, 152.94984436, 153.402633667, 153.855422974, 154.30821228, 154.761001587, 155.202178955, 155.654968262, 156.09614563, 156.537322998, 156.990112305, 157.431289673, 157.872467041, 158.313644409, 158.743209839, 159.195999146, 159.648788452, 160.089981079, 160.531158447, 160.983947754, 161.425125122, 161.86630249, 162.307479858, 162.760269165, 163.213058472, 163.65423584, 164.095413208, 164.536590576, 164.989379883, 165.430557251, 165.871749878, 166.324539185, 166.765716553, 167.206893921, 167.648071289, 168.089248657, 168.530426025, 168.971603394, 169.412780762, 169.865570068, 170.318359375, 170.759536743, 171.20072937, 171.641906738, 172.083084106, 172.535873413, 172.98866272, 173.429840088, 173.871017456, 174.312194824, 174.753372192, 175.194549561, 175.647338867, 176.100128174, 176.541305542, 176.982498169, 177.423675537, 177.864852905, 178.306030273, 178.75881958, 179.211608887, 179.652786255, 180.093963623, 180.535140991, 180.976318359, 181.417495728, 181.870285034, 182.311477661, 182.764266968, 183.205444336, 183.646621704, 184.087799072, 184.540588379, 184.993377686, 185.434555054, 185.875732422, 186.31690979, 186.758087158, 187.199264526, 187.652053833, 188.10484314, 188.546035767, 188.987213135, 189.428390503, 189.869567871, 190.322357178, 190.763534546, 191.216323853, 191.657501221, 192.098678589, 192.539855957, 192.981033325, 193.422225952, 193.875015259, 194.327789307, 194.768981934, 195.210159302, 195.65133667, 196.092514038, 196.533691406, 196.986480713, 197.43927002, 197.880447388, 198.321624756, 198.762802124, 199.203994751, 199.645172119, 200.097961426, 200.539138794, 200.980316162, 201.409881592, 201.862670898, 202.303848267, 202.756637573, 203.20942688, 203.662216187, 204.103393555, 204.544570923, 204.985748291, 205.426940918, 205.868118286, 206.320907593, 206.773696899, 207.214874268, 207.656051636, 208.097229004, 208.538406372, 208.97958374, 209.420761108, 209.861953735, 210.303131104, 210.744308472, 211.18548584, 211.638275146, 212.091064453, 212.54385376, 212.996643066, 213.437820435, 213.878997803, 214.320175171, 214.761352539, 215.202529907, 215.643707275, 216.084899902, 216.526077271, 216.967254639, 217.408432007, 217.861221313, 218.31401062, 218.755187988, 219.196365356, 219.637542725, 220.078720093, 220.531509399, 220.984298706, 221.425476074, 221.866668701, 222.307846069, 222.760635376, 223.201812744, 223.642990112, 224.095779419, 224.536956787, 224.978134155, 225.430923462, 225.87210083, 226.324890137, 226.766067505, 227.207244873, 227.6484375, 228.089614868, 228.530792236, 228.983581543, 229.424758911, 229.877548218, 230.318725586, 230.759902954, 231.201080322, 231.653869629, 232.106658936, 232.547836304, 232.989013672, 233.430206299, 233.871383667, 234.312561035, 234.753738403, 235.194915771, 235.647705078, 236.100494385, 236.541671753, 236.982849121, 237.424026489, 237.865203857, 238.317993164, 238.770782471, 239.211975098, 239.653152466, 240.094329834, 240.535507202, 240.97668457, 241.429473877, 241.882263184, 242.323440552, 242.76461792, 243.205795288, 243.646972656, 244.088165283, 244.54095459, 244.993743896, 245.434921265, 245.876098633, 246.317276001, 246.758453369, 247.199630737, 247.640808105, 248.105209351, 248.569610596, 249.045623779, 249.521621704, 250.009246826, 250.48526001, 250.972869873, 251.460494995, 251.948120117]
