
metadata:
    version:
        essentia: "2.1-beta2"
    audio_properties:
        analysis_sample_rate: 44100
        bitrate: 291
        channels: 2
        equal_loudness: 1
        length: 305.998382568
        replay_gain: -17.3004302979
        downmix: "mix"
    tags:
        album: "Fight The Silence"
        artist: "For Today"
        comment: ""
        date: "2014;ATE"
        genre: "Metal"
        title: "For The Fallen"
        tracknumber: "7/12"

configuration:
    average_loudness:
        compute: 1
        frameSize: 88200
        hopSize: 44100
        silentFrames: "noise"
        windowType: "hann"
    general:
        analysisSampleRate: 44100
        endTime: 2000
        equalLoudness: 1
        nequalLoudness: 0
        shortSound: 0
        startTime: 0
    lowlevel:
        compute: 1
        frameSize: 2048
        hopSize: 1024
        zeroPadding: 0
        silentFrames: "noise"
        windowType: "blackmanharris62"
        mfccStats: ["mean", "cov", "icov"]
        stats: ["mean", "var", "median", "min", "max", "dmean", "dmean2", "dvar", "dvar2"]
    panning:
        compute: 0
        frameSize: 8192
        hopSize: 2048
        zeroPadding: 8192
        silentFrames: "noise"
        windowType: "hann"
        stats: ["copy"]
    rhythm:
        compute: 1
        maxTempo: 208
        minTempo: 40
        method: "degara"
        stats: ["mean", "var", "median", "min", "max", "dmean", "dmean2", "dvar", "dvar2"]
    segmentation:
        compute: 0
        cpw: 5
        inc1: 300
        inc2: 50
        minimumSegmentsLength: 10
        size1: 1000
        size2: 600
    sfx:
        compute: 1
        stats: ["mean", "var", "median", "min", "max", "dmean", "dmean2", "dvar", "dvar2"]
    svm:
        compute: 0
    tonal:
        compute: 1
        frameSize: 4096
        hopSize: 2048
        zeroPadding: 0
        silentFrames: "noise"
        windowType: "blackmanharris62"
        stats: ["mean", "var", "median", "min", "max", "dmean", "dmean2", "dvar", "dvar2"]

lowlevel:
    average_loudness: 0.854152202606
    barkbands_kurtosis:
        dmean: 0.746687829494
        dmean2: 1.26457214355
        dvar: 5.89924716949
        dvar2: 18.2602558136
        max: 107.441749573
        mean: -0.00683672633022
        median: -1.00162220001
        min: -1.87697803974
        var: 21.1934490204
    barkbands_skewness:
        dmean: 0.355379343033
        dmean2: 0.583795130253
        dvar: 0.117671012878
        dvar2: 0.318877100945
        max: 8.63006496429
        mean: 0.234176978469
        median: 0.0584020316601
        min: -2.71347093582
        var: 0.92328619957
    barkbands_spread:
        dmean: 4.25234079361
        dmean2: 6.89855241776
        dvar: 16.3607673645
        dvar2: 41.6386299133
        max: 66.3948974609
        mean: 27.6022872925
        median: 27.5028076172
        min: 0.593672633171
        var: 92.6804046631
    dissonance:
        dmean: 0.0140341548249
        dmean2: 0.0241069812328
        dvar: 0.000201536968234
        dvar2: 0.00055644812528
        max: 0.500000059605
        mean: 0.471641689539
        median: 0.482058107853
        min: 0.135746225715
        var: 0.00127687887289
    hfc:
        dmean: 2.2816734314
        dmean2: 3.86054968834
        dvar: 9.87638092041
        dvar2: 25.6917114258
        max: 50.4802703857
        mean: 8.59011554718
        median: 8.67964935303
        min: 1.13285455384e-016
        var: 31.5268592834
    pitch:
        dmean: 601.468383789
        dmean2: 1142.24902344
        dvar: 1193248.625
        dvar2: 3044646.75
        max: 4460.10839844
        mean: 946.273071289
        median: 381.785552979
        min: 62.7449226379
        var: 1602452.625
    pitch_instantaneous_confidence:
        dmean: 0.072658509016
        dmean2: 0.12043210119
        dvar: 0.0038664189633
        dvar2: 0.0103508783504
        max: 0.887593865395
        mean: 0.342937737703
        median: 0.311852037907
        min: 0.106444001198
        var: 0.0169489197433
    pitch_salience:
        dmean: 0.0542846918106
        dmean2: 0.0917640030384
        dvar: 0.00219879439101
        dvar2: 0.00624642660841
        max: 0.962323009968
        mean: 0.67253702879
        median: 0.689671993256
        min: 0.264383226633
        var: 0.00749175110832
    silence_rate_20dB:
        dmean: 0
        dmean2: 0
        dvar: 0
        dvar2: 0
        max: 1
        mean: 1
        median: 1
        min: 1
        var: 0
    silence_rate_30dB:
        dmean: 0
        dmean2: 0
        dvar: 0
        dvar2: 0
        max: 1
        mean: 1
        median: 1
        min: 1
        var: 0
    silence_rate_60dB:
        dmean: 0.0450717061758
        dmean2: 0.0901502519846
        dvar: 0.043042473495
        dvar2: 0.0956910401583
        max: 1
        mean: 0.289833068848
        median: 0
        min: 0
        var: 0.205833688378
    spectral_centroid:
        dmean: 243.385070801
        dmean2: 401.428741455
        dvar: 76484.7109375
        dvar2: 177178.109375
        max: 11519.1015625
        mean: 1654.77539063
        median: 1693.38903809
        min: 337.758056641
        var: 354718.46875
    spectral_complexity:
        dmean: 4.02352237701
        dmean2: 6.72013950348
        dvar: 16.9547080994
        dvar2: 44.7607002258
        max: 49
        mean: 18.4287548065
        median: 20
        min: 0
        var: 104.3801651
    spectral_crest:
        dmean: 1.83404958248
        dmean2: 3.12632203102
        dvar: 3.01966261864
        dvar2: 8.57041740417
        max: 22.7728919983
        mean: 6.56163358688
        median: 5.62649345398
        min: 2.39022397995
        var: 9.24655342102
    spectral_decrease:
        dmean: 2.05272188136e-010
        dmean2: 3.37642636072e-010
        dvar: 5.98327460535e-020
        dvar2: 1.54480528888e-019
        max: 1.19209622805e-028
        mean: -1.06861319793e-009
        median: -1.10240927498e-009
        min: -3.84792908648e-009
        var: 3.71402001235e-019
    spectral_energy:
        dmean: 0.00093956978526
        dmean2: 0.00155541300774
        dvar: 1.31142053306e-006
        dvar2: 3.40175256497e-006
        max: 0.016836265102
        mean: 0.00481233373284
        median: 0.00499570835382
        min: 1.04483436916e-020
        var: 7.57464567869e-006
    spectral_energyband_high:
        dmean: 0.000199890433578
        dmean2: 0.00034567862167
        dvar: 1.05566677178e-007
        dvar2: 2.77944621985e-007
        max: 0.00553986011073
        mean: 0.000404910475481
        median: 0.000331750721671
        min: 7.54898194051e-021
        var: 1.54640048322e-007
    spectral_energyband_low:
        dmean: 0.000126561106299
        dmean2: 0.000214097410208
        dvar: 2.68453970165e-008
        dvar2: 7.37857348554e-008
        max: 0.00200340384617
        mean: 0.000246946583502
        median: 0.000201411516173
        min: 2.48157859858e-023
        var: 5.73337679555e-008
    spectral_energyband_middle_high:
        dmean: 0.000639167672489
        dmean2: 0.00103951618075
        dvar: 5.66379924294e-007
        dvar2: 1.44095611176e-006
        max: 0.0128592839465
        mean: 0.00257353228517
        median: 0.0025697122328
        min: 1.28732123482e-021
        var: 3.02269381791e-006
    spectral_energyband_middle_low:
        dmean: 0.00059692322975
        dmean2: 0.000980308977887
        dvar: 5.3463304539e-007
        dvar2: 1.36100902637e-006
        max: 0.0101267611608
        mean: 0.0016901944764
        median: 0.00141936121508
        min: 1.25397430468e-022
        var: 1.68331496297e-006
    spectral_flatness_db:
        dmean: 0.01421827171
        dmean2: 0.0232650060207
        dvar: 0.000204178402782
        dvar2: 0.000478867848869
        max: 0.52323693037
        mean: 0.153772160411
        median: 0.136572867632
        min: 0.0256511811167
        var: 0.00320146093145
    spectral_flux:
        dmean: 0.00572338374332
        dmean2: 0.0089605608955
        dvar: 3.85825405829e-005
        dvar2: 8.26752875582e-005
        max: 0.104966811836
        mean: 0.0408590175211
        median: 0.0441658198833
        min: 6.44977196651e-011
        var: 0.000342565967003
    spectral_kurtosis:
        dmean: 1.72119069099
        dmean2: 2.91195321083
        dvar: 35.5710639954
        dvar2: 105.636688232
        max: 388.265991211
        mean: 5.22522687912
        median: 3.12695217133
        min: -1.20946359634
        var: 293.204315186
    spectral_rms:
        dmean: 0.000200669281185
        dmean2: 0.000329583883286
        dvar: 4.80072159803e-008
        dvar2: 1.22077395304e-007
        max: 0.00405285414308
        mean: 0.0020320173353
        median: 0.002207682468
        min: 3.19272711567e-012
        var: 5.65867651403e-007
    spectral_rolloff:
        dmean: 343.847259521
        dmean2: 579.455322266
        dvar: 184431.5625
        dvar2: 423696.4375
        max: 19143.0175781
        mean: 3117.97973633
        median: 3359.1796875
        min: 301.46484375
        var: 1024123.125
    spectral_skewness:
        dmean: 0.192317828536
        dmean2: 0.319225341082
        dvar: 0.0842910408974
        dvar2: 0.225105404854
        max: 15.7269954681
        mean: 1.45757091045
        median: 1.34634613991
        min: -0.0537548698485
        var: 0.784753859043
    spectral_spread:
        dmean: 436164.5625
        dmean2: 655683.3125
        dvar: 412339372032
        dvar2: 665312690176
        max: 40677152
        mean: 4358534
        median: 4332783
        min: 246926.09375
        var: 2.19843815014e+012
    spectral_strongpeak:
        dmean: 0.341766804457
        dmean2: 0.593416631222
        dvar: 0.23153039813
        dvar2: 0.626094460487
        max: 5.52059412003
        mean: 0.561519026756
        median: 0.377737402916
        min: 2.03984398817e-010
        var: 0.347534894943
    zerocrossingrate:
        dmean: 0.00706349825487
        dmean2: 0.00882833823562
        dvar: 7.41535768611e-005
        dvar2: 0.000102856101876
        max: 0.5302734375
        mean: 0.092270411551
        median: 0.0947265625
        min: 0.01513671875
        var: 0.00080314168008
    barkbands:
        dmean: [4.37144400678e-008, 3.79581033485e-005, 8.81366140675e-005, 6.46969274385e-005, 0.000153989385581, 0.000215191423194, 0.00016287426115, 0.000152418331709, 0.000266414572252, 0.00017008575378, 9.08240617719e-005, 0.00012531671382, 9.41487305681e-005, 9.48640372371e-005, 7.69438120187e-005, 0.000123918274767, 0.00015356077347, 0.000161447445862, 0.000197637535166, 0.000177740264917, 9.45742140175e-005, 3.28993337462e-005, 6.89660919306e-006, 2.68439043793e-006, 1.27505757064e-006, 4.22886188289e-008, 3.33090444116e-010]
        dmean2: [7.15574373089e-008, 6.56137344777e-005, 0.000149047002196, 0.00011288170208, 0.000264484522631, 0.000357557320967, 0.000268655101536, 0.000251881749136, 0.000431736087194, 0.000280622043647, 0.000148546809214, 0.000207547825994, 0.000155279456521, 0.000157205227879, 0.000128199375467, 0.00020861106168, 0.000257431471255, 0.000272946315818, 0.000336332508596, 0.000299270759569, 0.000164705794305, 5.83332548558e-005, 1.15193979582e-005, 4.33487593909e-006, 2.06154254556e-006, 7.09407501631e-008, 5.96416804832e-010]
        dvar: [1.53803852927e-014, 2.70083178044e-009, 1.45874841095e-008, 8.87694273644e-009, 1.0329380018e-007, 1.47809288364e-007, 1.19695968692e-007, 7.69778125687e-008, 1.73424012928e-007, 9.80716308163e-008, 3.36977024062e-008, 4.88071130178e-008, 2.94381568011e-008, 2.61757762132e-008, 1.9850059374e-008, 3.11542045495e-008, 6.06893379995e-008, 5.32720285662e-008, 7.55088649385e-008, 9.00655479086e-008, 2.21292708602e-008, 3.00659808161e-009, 1.29204549837e-010, 2.30465403706e-011, 5.86355009685e-012, 8.49606318051e-015, 5.02043210719e-019]
        dvar2: [3.88379005876e-014, 7.86983367362e-009, 3.9181458078e-008, 2.50693972248e-008, 2.84811079609e-007, 3.64915536011e-007, 2.88058885189e-007, 1.95529139546e-007, 4.35019387623e-007, 2.44739879918e-007, 8.26275083909e-008, 1.27472361555e-007, 7.55601021751e-008, 6.71991315926e-008, 4.88144245026e-008, 8.23287393814e-008, 1.6058395147e-007, 1.38528292837e-007, 2.04671962933e-007, 2.13028471308e-007, 5.94277516086e-008, 8.34737967637e-009, 3.08482794864e-010, 5.01663502406e-011, 1.32283212162e-011, 2.07277805217e-014, 1.44626657123e-018]
        max: [9.47321132116e-006, 0.000688187312335, 0.00158847100101, 0.00131153315306, 0.00452726427466, 0.00784588418901, 0.00534039735794, 0.00592111609876, 0.00606356654316, 0.00731568783522, 0.00421224161983, 0.00429732305929, 0.0027553436812, 0.00281683984213, 0.00324921379797, 0.00306215602905, 0.00596664985642, 0.00459249457344, 0.00555429281667, 0.00960943102837, 0.00197273120284, 0.000646308530122, 0.000299524923321, 9.60799661698e-005, 4.03985795856e-005, 2.15716113416e-006, 1.49820014173e-008]
        mean: [1.38801425464e-007, 5.81930544286e-005, 0.000142487915582, 8.23668378871e-005, 0.000213649385842, 0.000331186922267, 0.000239258617512, 0.000240621695411, 0.000477137218695, 0.000289620569674, 0.000143967321492, 0.000217572815018, 0.000163948090631, 0.00016611146566, 0.000137745781103, 0.000240671943175, 0.000302777334582, 0.000314013945172, 0.000445092649898, 0.000356475968147, 0.00017498829402, 5.35634353582e-005, 1.30556636577e-005, 5.31592650077e-006, 2.31483295465e-006, 6.40932000806e-008, 3.77797987339e-010]
        median: [1.56959014674e-008, 4.07682091463e-005, 8.68429633556e-005, 5.13125814905e-005, 0.00012235561735, 0.000161480114912, 0.000115234477562, 0.000102170954051, 0.000219914523768, 0.000133289388032, 6.1376238591e-005, 0.000109654080006, 8.14951345092e-005, 9.77254894678e-005, 8.55136095197e-005, 0.000182327697985, 0.000217614520807, 0.000244989409111, 0.000407135259593, 0.000291949108941, 0.000139857889735, 3.87114014302e-005, 8.97307472769e-006, 3.30400393977e-006, 1.26581016957e-006, 3.20522097752e-008, 2.04930891701e-010]
        min: [1.52610537924e-023, 1.00733656401e-023, 1.16360188268e-024, 6.24812783473e-024, 1.3708234743e-023, 2.83376886293e-023, 2.20111929857e-023, 5.448497006e-024, 1.94401201684e-023, 3.31377242218e-023, 3.96783845572e-023, 4.16910748044e-023, 9.21337977349e-023, 5.95585881365e-023, 5.14713470638e-023, 8.6542951173e-023, 8.17474531084e-023, 1.41981129475e-022, 2.20474304157e-022, 2.64601946262e-022, 3.87799224732e-022, 3.48624265961e-022, 4.7412989028e-022, 7.68256464222e-022, 9.91315581576e-022, 1.48746299624e-021, 2.06023104437e-021]
        var: [3.9354188853e-013, 4.10911082938e-009, 3.20741904147e-008, 1.02014379166e-008, 1.00933583269e-007, 2.70699729299e-007, 1.65085737081e-007, 1.56914424565e-007, 4.45016240747e-007, 2.18362131932e-007, 6.65859758442e-008, 9.16931668371e-008, 5.39400808464e-008, 4.52980444265e-008, 3.97595378843e-008, 6.07516170703e-008, 1.05687902874e-007, 1.01491863802e-007, 1.32664624175e-007, 1.58670573569e-007, 3.00810043541e-008, 3.52094198242e-009, 2.64160665564e-010, 5.15252944477e-011, 1.20816733354e-011, 1.24539423641e-014, 3.97777042808e-019]
    frequency_bands:
        dmean: [4.37144400678e-008, 3.79581033485e-005, 8.81366140675e-005, 6.46969274385e-005, 0.000153989385581, 0.000215191423194, 0.00016287426115, 0.000152418331709, 0.000266414572252, 0.00017008575378, 9.08240617719e-005, 0.00012531671382, 9.41487305681e-005, 9.48640372371e-005, 7.69438120187e-005, 0.000123918274767, 0.00015356077347, 0.000161447445862, 0.000197637535166, 0.000177740264917, 9.45742140175e-005, 3.28993337462e-005, 6.89660919306e-006, 2.68439043793e-006, 1.27505757064e-006, 4.22886188289e-008, 3.33090444116e-010, 5.57069078366e-011]
        dmean2: [7.15574373089e-008, 6.56137344777e-005, 0.000149047002196, 0.00011288170208, 0.000264484522631, 0.000357557320967, 0.000268655101536, 0.000251881749136, 0.000431736087194, 0.000280622043647, 0.000148546809214, 0.000207547825994, 0.000155279456521, 0.000157205227879, 0.000128199375467, 0.00020861106168, 0.000257431471255, 0.000272946315818, 0.000336332508596, 0.000299270759569, 0.000164705794305, 5.83332548558e-005, 1.15193979582e-005, 4.33487593909e-006, 2.06154254556e-006, 7.09407501631e-008, 5.96416804832e-010, 1.03290771769e-010]
        dvar: [1.53803852927e-014, 2.70083178044e-009, 1.45874841095e-008, 8.87694273644e-009, 1.0329380018e-007, 1.47809288364e-007, 1.19695968692e-007, 7.69778125687e-008, 1.73424012928e-007, 9.80716308163e-008, 3.36977024062e-008, 4.88071130178e-008, 2.94381568011e-008, 2.61757762132e-008, 1.9850059374e-008, 3.11542045495e-008, 6.06893379995e-008, 5.32720285662e-008, 7.55088649385e-008, 9.00655479086e-008, 2.21292708602e-008, 3.00659808161e-009, 1.29204549837e-010, 2.30465403706e-011, 5.86355009685e-012, 8.49606318051e-015, 5.02043210719e-019, 6.69309396018e-021]
        dvar2: [3.88379005876e-014, 7.86983367362e-009, 3.9181458078e-008, 2.50693972248e-008, 2.84811079609e-007, 3.64915536011e-007, 2.88058885189e-007, 1.95529139546e-007, 4.35019387623e-007, 2.44739879918e-007, 8.26275083909e-008, 1.27472361555e-007, 7.55601021751e-008, 6.71991315926e-008, 4.88144245026e-008, 8.23287393814e-008, 1.6058395147e-007, 1.38528292837e-007, 2.04671962933e-007, 2.13028471308e-007, 5.94277516086e-008, 8.34737967637e-009, 3.08482794864e-010, 5.01663502406e-011, 1.32283212162e-011, 2.07277805217e-014, 1.44626657123e-018, 2.11407492847e-020]
        max: [9.47321132116e-006, 0.000688187312335, 0.00158847100101, 0.00131153315306, 0.00452726427466, 0.00784588418901, 0.00534039735794, 0.00592111609876, 0.00606356654316, 0.00731568783522, 0.00421224161983, 0.00429732305929, 0.0027553436812, 0.00281683984213, 0.00324921379797, 0.00306215602905, 0.00596664985642, 0.00459249457344, 0.00555429281667, 0.00960943102837, 0.00197273120284, 0.000646308530122, 0.000299524923321, 9.60799661698e-005, 4.03985795856e-005, 2.15716113416e-006, 1.49820014173e-008, 9.06318353699e-010]
        mean: [1.38801425464e-007, 5.81930544286e-005, 0.000142487915582, 8.23668378871e-005, 0.000213649385842, 0.000331186922267, 0.000239258617512, 0.000240621695411, 0.000477137218695, 0.000289620569674, 0.000143967321492, 0.000217572815018, 0.000163948090631, 0.00016611146566, 0.000137745781103, 0.000240671943175, 0.000302777334582, 0.000314013945172, 0.000445092649898, 0.000356475968147, 0.00017498829402, 5.35634353582e-005, 1.30556636577e-005, 5.31592650077e-006, 2.31483295465e-006, 6.40932000806e-008, 3.77797987339e-010, 4.37831645939e-011]
        median: [1.56959014674e-008, 4.07682091463e-005, 8.68429633556e-005, 5.13125814905e-005, 0.00012235561735, 0.000161480114912, 0.000115234477562, 0.000102170954051, 0.000219914523768, 0.000133289388032, 6.1376238591e-005, 0.000109654080006, 8.14951345092e-005, 9.77254894678e-005, 8.55136095197e-005, 0.000182327697985, 0.000217614520807, 0.000244989409111, 0.000407135259593, 0.000291949108941, 0.000139857889735, 3.87114014302e-005, 8.97307472769e-006, 3.30400393977e-006, 1.26581016957e-006, 3.20522097752e-008, 2.04930891701e-010, 1.45838306709e-011]
        min: [1.52610537924e-023, 1.00733656401e-023, 1.16360188268e-024, 6.24812783473e-024, 1.3708234743e-023, 2.83376886293e-023, 2.20111929857e-023, 5.448497006e-024, 1.94401201684e-023, 3.31377242218e-023, 3.96783845572e-023, 4.16910748044e-023, 9.21337977349e-023, 5.95585881365e-023, 5.14713470638e-023, 8.6542951173e-023, 8.17474531084e-023, 1.41981129475e-022, 2.20474304157e-022, 2.64601946262e-022, 3.87799224732e-022, 3.48624265961e-022, 4.7412989028e-022, 7.68256464222e-022, 9.91315581576e-022, 1.48746299624e-021, 2.06023104437e-021, 5.5599037769e-022]
        var: [3.9354188853e-013, 4.10911082938e-009, 3.20741904147e-008, 1.02014379166e-008, 1.00933583269e-007, 2.70699729299e-007, 1.65085737081e-007, 1.56914424565e-007, 4.45016240747e-007, 2.18362131932e-007, 6.65859758442e-008, 9.16931668371e-008, 5.39400808464e-008, 4.52980444265e-008, 3.97595378843e-008, 6.07516170703e-008, 1.05687902874e-007, 1.01491863802e-007, 1.32664624175e-007, 1.58670573569e-007, 3.00810043541e-008, 3.52094198242e-009, 2.64160665564e-010, 5.15252944477e-011, 1.20816733354e-011, 1.24539423641e-014, 3.97777042808e-019, 5.54552424362e-021]
    mfcc:
        mean: [-709.764587402, 100.678947449, -53.4636154175, 36.4329032898, -22.8264064789, -11.112247467, -3.33860135078, -6.64337015152, -3.11116719246, -2.31357288361, -3.34594345093, -2.61398386955, -3.36836290359]
        cov: [[9770.35644531, -202.162918091, -1018.59832764, 837.318664551, -288.426879883, 541.246643066, 500.163818359, 828.73223877, 445.903625488, 153.026184082, 76.308380127, 79.1962051392, -39.5337104797], [-202.162918091, 979.536315918, -150.494430542, 78.6154251099, 27.5127544403, -97.9952697754, 12.4410476685, -147.188400269, -20.7794570923, 23.1729240417, 11.3093671799, 10.4054460526, 14.1904840469], [-1018.59832764, -150.494430542, 534.23034668, -6.9750418663, 98.7203674316, 34.9958305359, -32.6559143066, -11.5894823074, -25.6604194641, -12.6067266464, -4.63748931885, -6.36136436462, 20.9833927155], [837.318664551, 78.6154251099, -6.9750418663, 367.687103271, 86.9613113403, 142.298156738, 100.721595764, 73.8121185303, 85.6780014038, 36.643032074, 15.9320707321, 9.07917881012, 16.4172306061], [-288.426879883, 27.5127544403, 98.7203674316, 86.9613113403, 189.552276611, 67.7742385864, 36.7915077209, -4.49703884125, 27.8463611603, 40.2512702942, 7.23207235336, 1.85857665539, 12.4482736588], [541.246643066, -97.9952697754, 34.9958305359, 142.298156738, 67.7742385864, 188.024780273, 107.135787964, 125.459671021, 75.3179550171, 37.2517967224, 25.2481899261, 14.2248983383, 8.95690250397], [500.163818359, 12.4410476685, -32.6559143066, 100.721595764, 36.7915077209, 107.135787964, 206.888839722, 160.013259888, 86.8481750488, 33.9296379089, 8.15024089813, 24.636762619, 4.05663967133], [828.73223877, -147.188400269, -11.5894823074, 73.8121185303, -4.49703884125, 125.459671021, 160.013259888, 276.725158691, 126.906929016, 40.5067825317, 22.14752388, 30.7088813782, 0.376594483852], [445.903625488, -20.7794570923, -25.6604194641, 85.6780014038, 27.8463611603, 75.3179550171, 86.8481750488, 126.906929016, 126.329925537, 61.5309944153, 27.8115444183, 18.5099830627, 2.38203525543], [153.026184082, 23.1729240417, -12.6067266464, 36.643032074, 40.2512702942, 37.2517967224, 33.9296379089, 40.5067825317, 61.5309944153, 91.1493377686, 40.0125541687, 19.263130188, 3.27027082443], [76.308380127, 11.3093671799, -4.63748931885, 15.9320707321, 7.23207235336, 25.2481899261, 8.15024089813, 22.14752388, 27.8115444183, 40.0125541687, 75.8119888306, 41.4419822693, 6.95441675186], [79.1962051392, 10.4054460526, -6.36136436462, 9.07917881012, 1.85857665539, 14.2248983383, 24.636762619, 30.7088813782, 18.5099830627, 19.263130188, 41.4419822693, 73.4814910889, 33.3375434875], [-39.5337104797, 14.1904840469, 20.9833927155, 16.4172306061, 12.4482736588, 8.95690250397, 4.05663967133, 0.376594483852, 2.38203525543, 3.27027082443, 6.95441675186, 33.3375434875, 62.7993431091]]
        icov: [[0.000270954391453, 2.07868306461e-005, 0.00044637802057, -0.000564917630982, 0.000509977515321, -0.000373547518393, 0.000267632945906, -0.000677239208017, 0.000225504714763, -0.00027522284654, 0.000224471106776, -0.000109741180495, 0.000142547462019], [2.07868306461e-005, 0.00145342876203, 0.000333168864017, -0.000613271258771, -0.000136995717185, 0.001251736423, -0.00115620461293, 0.00113250804134, -0.000150392748765, -0.000325510482071, -0.000499511079397, 0.000105604471173, -0.000327908259351], [0.00044637802057, 0.000333168864017, 0.00311642652377, -0.000740983639844, -0.000750250357669, -0.000830574310385, 0.00108616403304, -0.00165211688727, 0.0010993166361, 0.000118645693874, -3.71794449165e-005, 0.000354658346623, -0.000666980573442], [-0.000564917630982, -0.000613271258771, -0.000740983639844, 0.0058956197463, -0.00175074278377, -0.0026526353322, -0.000938522571232, 0.00262946542352, -0.00319977896288, 0.00186603108887, -0.000299075880321, 0.000621915212832, -0.00101331644692], [0.000509977515321, -0.000136995717185, -0.000750250357669, -0.00175074278377, 0.00957353971899, -0.00343205058016, -0.000989088322967, 0.00174926477484, -0.000363709230442, -0.00407024938613, 0.00213713059202, -0.000347995664924, -0.000120596654597], [-0.000373547518393, 0.001251736423, -0.000830574310385, -0.0026526353322, -0.00343205058016, 0.014067732729, -0.00332096894272, -0.00235567963682, 0.000605589535553, 0.000295906938845, -0.00451372331008, 0.00308392522857, -0.00182015879545], [0.000267632945906, -0.00115620461293, 0.00108616403304, -0.000938522571232, -0.000989088322967, -0.00332096894272, 0.0121171325445, -0.0064712758176, -6.68786160531e-005, -0.000499683548696, 0.0039792698808, -0.003454340389, 0.00165962777101], [-0.000677239208017, 0.00113250804134, -0.00165211688727, 0.00262946542352, 0.00174926477484, -0.00235567963682, -0.0064712758176, 0.0146501567215, -0.00980611331761, 0.00260102050379, 0.000224049639655, -0.00217014178634, 0.000865520560183], [0.000225504714763, -0.000150392748765, 0.0010993166361, -0.00319977896288, -0.000363709230442, 0.000605589535553, -6.68786160531e-005, -0.00980611331761, 0.0244497023523, -0.0111294118688, -0.000714065972716, 0.00164625851903, -0.00044871942373], [-0.00027522284654, -0.000325510482071, 0.000118645693874, 0.00186603108887, -0.00407024938613, 0.000295906938845, -0.000499683548696, 0.00260102050379, -0.0111294118688, 0.0227204374969, -0.00911151710898, 0.00138606945984, -0.000333691394189], [0.000224471106776, -0.000499511079397, -3.71794449165e-005, -0.000299075880321, 0.00213713059202, -0.00451372331008, 0.0039792698808, 0.000224049639655, -0.000714065972716, -0.00911151710898, 0.0274898298085, -0.0166846271604, 0.00662105670199], [-0.000109741180495, 0.000105604471173, 0.000354658346623, 0.000621915212832, -0.000347995664924, 0.00308392522857, -0.003454340389, -0.00217014178634, 0.00164625851903, 0.00138606945984, -0.0166846271604, 0.0305974986404, -0.0150386476889], [0.000142547462019, -0.000327908259351, -0.000666980573442, -0.00101331644692, -0.000120596654597, -0.00182015879545, 0.00165962777101, 0.000865520560183, -0.00044871942373, -0.000333691394189, 0.00662105670199, -0.0150386476889, 0.0240310132504]]
    sccoeffs:
        dmean: [0.0525230653584, 0.0487787202001, 0.038835182786, 0.0292109604925, 0.0189969465137, 0.0185986254364]
        dmean2: [0.0880613699555, 0.0816607624292, 0.0651069134474, 0.0492164231837, 0.0322492606938, 0.0302548278123]
        dvar: [0.00186245946679, 0.00160189054441, 0.000959099153988, 0.000533420650754, 0.000237762156758, 0.00028993311571]
        dvar2: [0.00499970978126, 0.00445333356038, 0.0026732115075, 0.00147195276804, 0.000656350690406, 0.000727466423996]
        max: [-0.302741765976, -0.420878916979, -0.565825521946, -0.552097439766, -0.640600025654, -0.539563894272]
        mean: [-0.652346491814, -0.744011640549, -0.777054488659, -0.793880403042, -0.806356608868, -0.748326599598]
        median: [-0.660562515259, -0.751942276955, -0.781378686428, -0.796300768852, -0.805380940437, -0.749920248985]
        min: [-0.968497872353, -0.979553341866, -0.990664601326, -0.990879714489, -0.992798864841, -0.969653010368]
        var: [0.00701439892873, 0.00490493653342, 0.00311307073571, 0.00168887746986, 0.000908578454982, 0.00198127073236]
    scvalleys:
        dmean: [0.417735844851, 0.343014627695, 0.284260839224, 0.241757556796, 0.208579942584, 0.308270335197]
        dmean2: [0.699935257435, 0.567738354206, 0.462428331375, 0.39603343606, 0.343443930149, 0.487128615379]
        dvar: [0.172577425838, 0.115252584219, 0.088372848928, 0.0789834409952, 0.0804176703095, 0.169558748603]
        dvar2: [0.365576177835, 0.234964802861, 0.156853869557, 0.131500318646, 0.1362054497, 0.36355984211]
        max: [-5.46880340576, -4.53866052628, -4.69191122055, -5.53493738174, -5.49829959869, -7.71740150452]
        mean: [-7.61733675003, -6.51541137695, -6.76900434494, -7.1306476593, -7.03924036026, -9.92641925812]
        median: [-7.07593536377, -6.27932882309, -6.44149494171, -6.7600607872, -6.57093048096, -9.26413917542]
        min: [-27.8263149261, -27.7206630707, -27.6740570068, -27.467250824, -27.3825149536, -27.3066177368]
        var: [2.76871085167, 1.5560708046, 2.11273431778, 1.94355726242, 2.24873542786, 3.66218733788]

rhythm:
    beats_loudness:
        dmean: 0.0013188283192
        dmean2: 0.00219472683966
        dvar: 1.53920348112e-006
        dvar2: 4.43791032012e-006
        max: 0.0117693981156
        mean: 0.00523179909214
        median: 0.00555009488016
        min: 2.64695331625e-011
        var: 7.45253464629e-006
    bpm: 110.083557129
    bpm_confidence: 0
    first_peak_bpm: 112
    first_peak_spread: 0.627291202545
    first_peak_weight: 0.329729735851
    onset_rate: 2.45426154137
    second_peak_bpm: 105
    second_peak_spread: 0.283018857241
    second_peak_weight: 0.0684684664011
    beats_loudness_band_ratio:
        dmean: [0.07207223773, 0.0982505828142, 0.138830959797, 0.092249058187, 0.0914002284408, 0.0824492499232]
        dmean2: [0.127314388752, 0.166670411825, 0.239280506968, 0.156148552895, 0.155811294913, 0.141122177243]
        dvar: [0.00482222437859, 0.00793684273958, 0.012259522453, 0.00758449686691, 0.00621062936261, 0.00619230698794]
        dvar2: [0.0141844898462, 0.0197959113866, 0.0357079990208, 0.0219368971884, 0.0167066846043, 0.0170697234571]
        max: [0.684074282646, 0.810071289539, 0.727176189423, 0.595605373383, 0.644068658352, 0.541704058647]
        mean: [0.091595210135, 0.157987818122, 0.237932294607, 0.159857064486, 0.221038296819, 0.184627041221]
        median: [0.0688467919827, 0.105846017599, 0.206342041492, 0.133965745568, 0.207090765238, 0.163254410028]
        min: [0, 0, 0, 0, 0, 0]
        var: [0.00881229806691, 0.022586170584, 0.0192471910268, 0.0110467616469, 0.0116216558963, 0.00954208802432]
    beats_position: [0.592108845711, 1.17260766029, 1.74149656296, 2.31038546562, 2.87927436829, 3.50621318817, 4.13315200806, 4.74848079681, 5.36380958557, 5.94430828094, 6.52480697632, 7.10530614853, 7.67419481277, 8.24308395386, 8.82358264923, 9.38086128235, 9.93814086914, 10.4954195023, 11.0526981354, 11.5983667374, 12.144036293, 12.7013149261, 13.2585935593, 13.8042631149, 14.3499317169, 14.90721035, 15.4528799057, 15.9985485077, 16.5558280945, 17.1131057739, 17.6703853607, 18.2044448853, 18.7385025024, 19.2957820892, 19.853061676, 20.3987293243, 20.94439888, 21.4900684357, 22.035736084, 22.5930156708, 23.1502952576, 23.6959629059, 24.2532424927, 24.8105201721, 25.3561897278, 25.9134693146, 26.470746994, 27.0164165497, 27.5620861053, 28.1193637848, 28.6766433716, 29.2223129272, 29.7679805756, 30.3252601624, 30.870929718, 31.4165973663, 31.962266922, 32.5195465088, 33.0652160645, 33.6224937439, 34.1797714233, 34.725440979, 35.2711105347, 35.8167800903, 36.3508377075, 36.8965072632, 37.4305648804, 37.9646263123, 38.4986839294, 39.0443534851, 39.5900230408, 40.124080658, 40.6581382751, 41.192199707, 41.7378692627, 42.2835350037, 42.8175964355, 43.3516540527, 43.8857116699, 44.4197731018, 44.953830719, 45.4878921509, 46.0219497681, 46.5676193237, 47.1016769409, 47.6473464966, 48.1930160522, 48.7386856079, 49.2727432251, 49.8068008423, 50.3408622742, 50.8749198914, 51.4089775085, 51.9546470642, 52.5003166199, 53.0343742371, 53.5684356689, 54.1024932861, 54.6365509033, 55.182220459, 55.7162818909, 56.2503395081, 56.7960090637, 57.3300666809, 57.8757362366, 58.4097938538, 58.9554634094, 59.4895210266, 60.0235824585, 60.5576400757, 61.1033096313, 61.6373672485, 62.1830368042, 62.7170982361, 63.2511558533, 63.7852134705, 64.3308868408, 64.8765487671, 65.4106140137, 65.9446716309, 66.478729248, 67.0127868652, 67.5584564209, 68.0925140381, 68.6381835938, 69.1722412109, 69.7062988281, 70.2403640747, 70.7860336304, 71.3316955566, 71.8657608032, 72.3998184204, 72.9454879761, 73.4911575317, 74.0252151489, 74.5592727661, 75.0933303833, 75.6273880005, 76.1614532471, 76.6955108643, 77.2295684814, 77.7636260986, 78.2976837158, 78.8433532715, 79.3890228271, 79.9230804443, 80.46875, 81.0144195557, 81.5484771729, 82.0941467285, 82.6282043457, 83.1622695923, 83.7079315186, 84.2419967651, 84.7760543823, 85.3101119995, 85.8557815552, 86.3898391724, 86.9238967896, 87.4695663452, 88.0036239624, 88.537689209, 89.0833511353, 89.6290206909, 90.1630859375, 90.6971435547, 91.2312011719, 91.7652587891, 92.3109283447, 92.8333740234, 93.36743927, 93.9131011963, 94.458770752, 95.0044403076, 95.5501098633, 96.0841674805, 96.6182327271, 97.1522903442, 97.6863479614, 98.2204055786, 98.7660751343, 99.3117446899, 99.8458023071, 100.379859924, 100.913917542, 101.447982788, 101.993652344, 102.527709961, 103.073379517, 103.607437134, 104.153106689, 104.698776245, 105.232833862, 105.766891479, 106.300949097, 106.835006714, 107.36907196, 107.914733887, 108.460403442, 108.994468689, 109.528526306, 110.074195862, 110.619865417, 111.153923035, 111.687980652, 112.222038269, 112.767707825, 113.31337738, 113.847434998, 114.381492615, 114.915550232, 115.461219788, 115.995285034, 116.529342651, 117.075012207, 117.609069824, 118.143127441, 118.677185059, 119.222854614, 119.76852417, 120.302581787, 120.836639404, 121.370697021, 121.916366577, 122.450431824, 122.99609375, 123.530158997, 124.064216614, 124.598274231, 125.143943787, 125.689613342, 126.223670959, 126.757728577, 127.291786194, 127.82585144, 128.371520996, 128.917190552, 129.451248169, 129.985305786, 130.519363403, 131.053421021, 131.599090576, 132.144760132, 132.678817749, 133.212875366, 133.746932983, 134.292602539, 134.838272095, 135.372329712, 135.906387329, 136.440444946, 136.974502563, 137.508575439, 138.054244995, 138.588302612, 139.133972168, 139.668029785, 140.213699341, 140.759368896, 141.293426514, 141.827484131, 142.361541748, 142.895599365, 143.429656982, 143.9637146, 144.509384155, 145.055053711, 145.589111328, 146.123168945, 146.657226563, 147.19128418, 147.736953735, 148.271011353, 148.805084229, 149.350738525, 149.884811401, 150.430480957, 150.964538574, 151.51020813, 152.044265747, 152.578323364, 153.112380981, 153.658050537, 154.203720093, 154.73777771, 155.271835327, 155.805892944, 156.339950562, 156.885620117, 157.431289673, 157.96534729, 158.499404907, 159.033462524, 159.567520142, 160.101577759, 160.635650635, 161.181304932, 161.726974487, 162.261047363, 162.79510498, 163.340774536, 163.886444092, 164.420501709, 164.954559326, 165.500228882, 166.045898438, 166.579956055, 167.114013672, 167.648071289, 168.182128906, 168.716186523, 169.261856079, 169.795913696, 170.318359375, 170.852416992, 171.386474609, 171.932144165, 172.477813721, 173.023483276, 173.569152832, 174.103210449, 174.648880005, 175.182937622, 175.717010498, 176.262680054, 176.796737671, 177.330795288, 177.864852905, 178.410522461, 178.944580078, 179.478637695, 180.024307251, 180.558364868, 181.092422485, 181.638092041, 182.183761597, 182.717819214, 183.251876831, 183.785934448, 184.331604004, 184.87727356, 185.411331177, 185.945388794, 186.49105835, 187.036727905, 187.605621338, 188.174514771, 188.731781006, 189.2890625, 189.846343994, 190.403625488, 190.960906982, 191.518188477, 192.075454712, 192.632736206, 193.1900177, 193.747299194, 194.304580688, 194.885070801, 195.442352295, 195.999633789, 196.556915283, 197.114196777, 197.671463013, 198.228744507, 198.786026001, 199.343307495, 199.900588989, 200.457870483, 201.015136719, 201.572418213, 202.118087769, 202.675369263, 203.221038818, 203.778320313, 204.335601807, 204.90447998, 205.473373413, 206.030654907, 206.59954834, 207.156814575, 207.725708008, 208.282989502, 208.840270996, 209.39755249, 209.954818726, 210.51210022, 211.057769775, 211.603439331, 212.160720825, 212.729614258, 213.31010437, 213.890609741, 214.49432373, 215.109649658, 215.736587524, 216.363540649, 216.967254639, 217.570968628, 218.174682617, 218.755187988, 219.335693359, 219.916183472, 220.496688843, 221.077178955, 221.657684326, 222.226577759, 222.795455933, 223.352737427, 223.910018921, 224.467300415, 225.024581909, 225.581848145, 226.139129639, 226.696411133, 227.253692627, 227.799362183, 228.345031738, 228.913925171, 229.482803345, 230.040084839, 230.597366333, 231.154647827, 231.711929321, 232.269195557, 232.814865112, 233.383758545, 233.941040039, 234.509933472, 235.078811646, 235.63609314, 236.204986572, 236.762268066, 237.319549561, 237.876815796, 238.422485352, 238.979766846, 239.53704834, 240.094329834, 240.651611328, 241.208877563, 241.766159058, 242.323440552, 242.880722046, 243.43800354, 243.995285034, 244.54095459, 245.098220825, 245.643890381, 246.189559937, 246.758453369, 247.315734863, 247.884628296, 248.45350647, 249.022399902, 249.579681396, 250.136962891, 250.694229126, 251.25151062, 251.808792114, 252.377685547, 252.934967041, 253.492233276, 254.049514771, 254.606796265, 255.164077759, 255.721359253, 256.278625488, 256.835906982, 257.393188477, 257.96206665, 258.530975342, 259.111480713, 259.680358887, 260.214416504, 260.748474121, 261.282531738, 261.828216553, 262.37387085, 262.919555664, 263.476806641, 264.034088135, 264.602996826, 265.171875, 265.740753174, 266.309661865, 266.878540039, 267.447418213, 268.004699707, 268.561981201, 269.119262695, 269.676544189, 270.233825684, 270.791107178, 271.348388672, 271.905670166, 272.46295166, 273.020233154, 273.577514648, 274.134765625, 274.692047119, 275.249328613, 275.806610107, 276.363891602, 276.921173096, 277.47845459, 278.035736084, 278.593017578, 279.150299072, 279.707580566, 280.264862061, 280.822113037, 281.379394531, 281.936676025, 282.505584717, 283.062866211, 283.631744385, 284.189025879, 284.746307373, 285.303588867, 285.860870361, 286.418121338, 286.975402832, 287.532684326, 288.08996582, 288.647247314, 289.204528809, 289.761810303, 290.319091797, 290.876373291, 291.433654785, 291.990936279, 292.548217773, 293.10546875, 293.662750244, 294.220031738, 294.777313232, 295.334594727, 295.891876221, 296.449157715, 297.006439209, 297.575317383, 298.144226074, 298.701477051, 299.258758545, 299.816040039, 300.373321533, 300.930603027, 301.487884521, 302.045166016, 302.60244751, 303.159729004, 303.717010498, 304.274291992, 304.831573486, 305.388824463]
