
metadata:
    version:
        essentia: "2.1-beta2"
    audio_properties:
        analysis_sample_rate: 44100
        bitrate: 320
        channels: 2
        equal_loudness: 1
        length: 318.302032471
        replay_gain: -10.1627979279
        downmix: "mix"
    tags:
        album: "Hail to the King"
        artist: "Avenged Sevenfold"
        comment: ""
        date: "2013"
        genre: "Metal"
        title: "Shepherd Of Fire"
        tracknumber: "1"

configuration:
    average_loudness:
        compute: 1
        frameSize: 88200
        hopSize: 44100
        silentFrames: "noise"
        windowType: "hann"
    general:
        analysisSampleRate: 44100
        endTime: 2000
        equalLoudness: 1
        nequalLoudness: 0
        shortSound: 0
        startTime: 0
    lowlevel:
        compute: 1
        frameSize: 2048
        hopSize: 1024
        zeroPadding: 0
        silentFrames: "noise"
        windowType: "blackmanharris62"
        mfccStats: ["mean", "cov", "icov"]
        stats: ["mean", "var", "median", "min", "max", "dmean", "dmean2", "dvar", "dvar2"]
    panning:
        compute: 0
        frameSize: 8192
        hopSize: 2048
        zeroPadding: 8192
        silentFrames: "noise"
        windowType: "hann"
        stats: ["copy"]
    rhythm:
        compute: 1
        maxTempo: 208
        minTempo: 40
        method: "degara"
        stats: ["mean", "var", "median", "min", "max", "dmean", "dmean2", "dvar", "dvar2"]
    segmentation:
        compute: 0
        cpw: 5
        inc1: 300
        inc2: 50
        minimumSegmentsLength: 10
        size1: 1000
        size2: 600
    sfx:
        compute: 1
        stats: ["mean", "var", "median", "min", "max", "dmean", "dmean2", "dvar", "dvar2"]
    svm:
        compute: 0
    tonal:
        compute: 1
        frameSize: 4096
        hopSize: 2048
        zeroPadding: 0
        silentFrames: "noise"
        windowType: "blackmanharris62"
        stats: ["mean", "var", "median", "min", "max", "dmean", "dmean2", "dvar", "dvar2"]

lowlevel:
    average_loudness: 0.784924805164
    barkbands_kurtosis:
        dmean: 1.05068588257
        dmean2: 1.69545471668
        dvar: 4.31032466888
        dvar2: 11.3795948029
        max: 59.381072998
        mean: 0.489351093769
        median: -0.812515735626
        min: -1.89327836037
        var: 20.992603302
    barkbands_skewness:
        dmean: 0.420331507921
        dmean2: 0.658076167107
        dvar: 0.212992504239
        dvar2: 0.499826431274
        max: 6.64976358414
        mean: -0.107068635523
        median: -0.333996117115
        min: -3.75303053856
        var: 1.37983036041
    barkbands_spread:
        dmean: 6.01767110825
        dmean2: 9.42819595337
        dvar: 39.9071464539
        dvar2: 94.1994628906
        max: 84.7853088379
        mean: 33.836605072
        median: 34.4000167847
        min: 1.21068918705
        var: 176.496185303
    dissonance:
        dmean: 0.0122194914147
        dmean2: 0.0205622520298
        dvar: 0.000196919747395
        dvar2: 0.000543983944226
        max: 0.500000119209
        mean: 0.478360652924
        median: 0.484483659267
        min: 0.222186207771
        var: 0.000458790134871
    hfc:
        dmean: 3.94849872589
        dmean2: 6.76469421387
        dvar: 61.6571083069
        dvar2: 167.901412964
        max: 90.3217391968
        mean: 9.18748474121
        median: 6.95979976654
        min: 1.10434415275e-016
        var: 89.4583511353
    pitch:
        dmean: 854.33807373
        dmean2: 1627.19128418
        dvar: 1847160.375
        dvar2: 4314463.5
        max: 5268.04638672
        mean: 1986.8692627
        median: 1175.32580566
        min: 43.0243911743
        var: 2954251.25
    pitch_instantaneous_confidence:
        dmean: 0.0832932665944
        dmean2: 0.136590436101
        dvar: 0.00555958086625
        dvar2: 0.0139139788225
        max: 0.986086308956
        mean: 0.422326952219
        median: 0.393891662359
        min: 0.109319388866
        var: 0.0225768592209
    pitch_salience:
        dmean: 0.0599480308592
        dmean2: 0.0986173674464
        dvar: 0.00290583074093
        dvar2: 0.00775925209746
        max: 0.896619439125
        mean: 0.65133535862
        median: 0.66197770834
        min: 0.244777545333
        var: 0.00704075628892
    silence_rate_20dB:
        dmean: 0
        dmean2: 0
        dvar: 0
        dvar2: 0
        max: 1
        mean: 1
        median: 1
        min: 1
        var: 0
    silence_rate_30dB:
        dmean: 0
        dmean2: 0
        dvar: 0
        dvar2: 0
        max: 1
        mean: 1
        median: 1
        min: 1
        var: 0
    silence_rate_60dB:
        dmean: 0.091618642211
        dmean2: 0.183250650764
        dvar: 0.0832393914461
        dvar2: 0.167330652475
        max: 1
        mean: 0.464916110039
        median: 0
        min: 0
        var: 0.248769193888
    spectral_centroid:
        dmean: 310.83215332
        dmean2: 492.374816895
        dvar: 157330.0625
        dvar2: 360896.40625
        max: 11286.8769531
        mean: 1963.51159668
        median: 2090.43408203
        min: 162.42791748
        var: 708196.875
    spectral_complexity:
        dmean: 4.11671161652
        dmean2: 6.54304075241
        dvar: 28.3094406128
        dvar2: 62.9753303528
        max: 55
        mean: 13.2500362396
        median: 12
        min: 0
        var: 104.486999512
    spectral_crest:
        dmean: 1.76663458347
        dmean2: 2.91584539413
        dvar: 2.67286920547
        dvar2: 7.0697760582
        max: 21.4014034271
        mean: 7.00646495819
        median: 6.31963586807
        min: 2.43327927589
        var: 7.20989513397
    spectral_decrease:
        dmean: 2.84927914596e-010
        dmean2: 4.73853400962e-010
        dvar: 2.9212325357e-019
        dvar2: 7.76326375674e-019
        max: 1.29924874098e-029
        mean: -8.10113920391e-010
        median: -7.11722569768e-010
        min: -6.05731420578e-009
        var: 4.57052185118e-019
    spectral_energy:
        dmean: 0.00141370412894
        dmean2: 0.00236954749562
        dvar: 7.41137500881e-006
        dvar2: 1.98048201128e-005
        max: 0.0293066184968
        mean: 0.00389089714736
        median: 0.00335606047884
        min: 1.04353357918e-020
        var: 1.13729201985e-005
    spectral_energyband_high:
        dmean: 0.000411015673308
        dmean2: 0.00072325731162
        dvar: 7.37223047054e-007
        dvar2: 2.03391982723e-006
        max: 0.00982856377959
        mean: 0.000646526692435
        median: 0.000355005875463
        min: 7.70349023165e-021
        var: 7.70621340962e-007
    spectral_energyband_low:
        dmean: 0.000183677213499
        dmean2: 0.000300243700622
        dvar: 8.01996264954e-008
        dvar2: 2.15146414462e-007
        max: 0.00386441429146
        mean: 0.000364509585779
        median: 0.000278714112937
        min: 5.62916879361e-023
        var: 1.30531901732e-007
    spectral_energyband_middle_high:
        dmean: 0.000765867880546
        dmean2: 0.00125843740534
        dvar: 1.73524676939e-006
        dvar2: 4.57762416772e-006
        max: 0.0223880559206
        mean: 0.00215069926344
        median: 0.00165392737836
        min: 1.43650404589e-021
        var: 4.1860789679e-006
    spectral_energyband_middle_low:
        dmean: 0.000417745904997
        dmean2: 0.000696161470842
        dvar: 7.96805238679e-007
        dvar2: 2.11855262933e-006
        max: 0.0108656445518
        mean: 0.00083711463958
        median: 0.000577253755182
        min: 2.26683156974e-022
        var: 8.95346431662e-007
    spectral_flatness_db:
        dmean: 0.014427353628
        dmean2: 0.0226538963616
        dvar: 0.000205592485145
        dvar2: 0.000467023084639
        max: 0.332902282476
        mean: 0.142486035824
        median: 0.133345901966
        min: 0.0606104061007
        var: 0.00158452091273
    spectral_flux:
        dmean: 0.00889507122338
        dmean2: 0.0138629963621
        dvar: 0.000164738739841
        dvar2: 0.000302375177853
        max: 0.141322880983
        mean: 0.0356593579054
        median: 0.0332146733999
        min: 6.96007626533e-011
        var: 0.000486491946504
    spectral_kurtosis:
        dmean: 1.20581710339
        dmean2: 2.03573155403
        dvar: 4.4149646759
        dvar2: 12.1855859756
        max: 54.9757118225
        mean: 3.66553902626
        median: 2.66609859467
        min: -1.22875034809
        var: 16.7130737305
    spectral_rms:
        dmean: 0.000300488522043
        dmean2: 0.000484162766952
        dvar: 2.10420552094e-007
        dvar2: 5.29145609107e-007
        max: 0.00534713221714
        mean: 0.00175033125561
        median: 0.00180947652552
        min: 3.19073912257e-012
        var: 7.3232450859e-007
    spectral_rolloff:
        dmean: 385.01763916
        dmean2: 626.03515625
        dvar: 385647.0625
        dvar2: 814926.3125
        max: 18841.5527344
        mean: 3498.61889648
        median: 3811.37695313
        min: 150.732421875
        var: 1533626.25
    spectral_skewness:
        dmean: 0.195529997349
        dmean2: 0.318201363087
        dvar: 0.0618656128645
        dvar2: 0.153900638223
        max: 5.41657114029
        mean: 1.30604839325
        median: 1.20097875595
        min: -0.0470190048218
        var: 0.378199756145
    spectral_spread:
        dmean: 530033.0625
        dmean2: 805085.6875
        dvar: 523539873792
        dvar2: 1.0042540032e+012
        max: 41276584
        mean: 5116427
        median: 5175044
        min: 1008303.1875
        var: 2.73622289613e+012
    spectral_strongpeak:
        dmean: 0.535675883293
        dmean2: 0.91219162941
        dvar: 0.902496397495
        dvar2: 2.27760457993
        max: 14.5722742081
        mean: 0.854805886745
        median: 0.21336260438
        min: 1.21326815261e-009
        var: 1.90404212475
    zerocrossingrate:
        dmean: 0.00871380232275
        dmean2: 0.0104339309037
        dvar: 9.97332681436e-005
        dvar2: 0.000129552892759
        max: 0.5
        mean: 0.10839779675
        median: 0.1162109375
        min: 0.00537109375
        var: 0.00143635680433
    barkbands:
        dmean: [6.85117072408e-007, 5.57581988687e-005, 0.000121552191558, 9.64073551586e-005, 0.000188290665392, 7.6248361438e-005, 6.86875355314e-005, 4.48166065325e-005, 9.77947420324e-005, 6.979360478e-005, 3.70228772226e-005, 5.66898306715e-005, 5.02009388583e-005, 3.96978939534e-005, 4.70106715511e-005, 8.49520001793e-005, 0.000133620676934, 0.000179739115993, 0.000339555699611, 0.000295608362649, 0.000168026192114, 8.95392877283e-005, 1.6072202925e-005, 6.4654441303e-006, 2.88250316771e-006, 1.00766889943e-007, 1.82767145862e-009]
        dmean2: [9.87743874248e-007, 8.94726399565e-005, 0.000200072929147, 0.00016620385577, 0.000329141883412, 0.00012437980331, 0.000112002788228, 7.39674360375e-005, 0.00015555646678, 0.000107356223452, 5.86216592637e-005, 9.01132589206e-005, 7.96946987975e-005, 6.63414102746e-005, 7.65767326811e-005, 0.000137602517498, 0.00021861033747, 0.000304038141621, 0.00057494075736, 0.000499171379488, 0.000297849182971, 0.000162218435435, 2.76500632026e-005, 1.05224962681e-005, 4.40986468675e-006, 1.54376735395e-007, 3.07008041212e-009]
        dvar: [2.40095833839e-012, 1.02628776588e-008, 3.79057674138e-008, 2.6313925261e-008, 3.36204379892e-007, 3.35371517224e-008, 3.63537893122e-008, 1.50380206065e-008, 5.39035163172e-008, 2.92191586482e-008, 1.31745805376e-008, 2.54771688191e-008, 1.55490713638e-008, 5.89361759396e-009, 9.27154619745e-009, 3.53228308825e-008, 5.97372391553e-008, 1.0863795552e-007, 3.89569464687e-007, 2.63704890813e-007, 1.25840699639e-007, 4.36126477155e-008, 1.14238951632e-009, 2.4407967314e-010, 9.1860866136e-011, 5.17832169289e-014, 1.43774611461e-017]
        dvar2: [5.06503432945e-012, 2.61849137928e-008, 1.00342020914e-007, 7.40266301591e-008, 9.38178970955e-007, 8.5306425035e-008, 9.58641948046e-008, 3.80593618843e-008, 1.27884646872e-007, 6.32102370446e-008, 3.19779651647e-008, 6.26624085953e-008, 3.58681049306e-008, 1.50439198876e-008, 2.29586198941e-008, 8.74821068919e-008, 1.49128226212e-007, 2.90993824592e-007, 1.04063724393e-006, 7.06369519321e-007, 3.49727940829e-007, 1.21438446854e-007, 2.95062796418e-009, 5.30629262752e-010, 1.86130777458e-010, 1.07513038186e-013, 3.68001140171e-017]
        max: [1.70932180481e-005, 0.00115218618885, 0.00320316245779, 0.00262849987485, 0.00776242045686, 0.00391639443114, 0.00522982282564, 0.00415892712772, 0.00411115540192, 0.00431611854583, 0.00444443197921, 0.00514048570767, 0.00481963530183, 0.00164552987553, 0.00217176531442, 0.00458690198138, 0.00607601646334, 0.00477899005637, 0.0154273249209, 0.00858436338603, 0.00434850249439, 0.00272216438316, 0.000525645795278, 0.000370579684386, 0.00049196270993, 7.63984462537e-006, 6.08508514688e-008]
        mean: [7.65887364196e-007, 7.86095770309e-005, 0.000214195722947, 0.000126873521367, 0.000202839742997, 0.00013474735897, 9.55670911935e-005, 6.22844745521e-005, 0.000172073589056, 0.000141508149682, 5.80496889597e-005, 0.000112019246444, 0.000104591796116, 6.72733658575e-005, 7.98866676632e-005, 0.000152267719386, 0.000242872192757, 0.000291703414405, 0.000617969257291, 0.000553082325496, 0.000247430871241, 9.49843815761e-005, 2.17951164814e-005, 1.15744651339e-005, 5.72395902054e-006, 2.07032059052e-007, 2.65528332655e-009]
        median: [6.84228638193e-008, 4.03850535804e-005, 0.000142892429722, 7.54189459258e-005, 9.09832597245e-005, 5.29544049641e-005, 3.96190407628e-005, 2.19391349674e-005, 5.40803594049e-005, 3.70417255908e-005, 2.08140772884e-005, 2.77115323115e-005, 2.49299882853e-005, 3.03654596792e-005, 3.75002709916e-005, 6.55288022244e-005, 0.000111480840133, 0.000150566076627, 0.000385286577512, 0.000308090704493, 0.000144195830217, 3.58875113307e-005, 7.52382993596e-006, 4.56257566839e-006, 2.51586288869e-006, 7.55870246394e-008, 5.38466604638e-010]
        min: [1.22747198614e-023, 1.05501563267e-023, 1.00751863311e-023, 2.48077545929e-024, 1.3209424582e-023, 3.19780040278e-023, 4.3159514136e-023, 4.72676114295e-023, 3.4555253626e-023, 2.66263053825e-023, 2.44366988778e-023, 5.99259448829e-023, 7.56958739125e-023, 5.86602207159e-023, 1.09824167618e-022, 1.52802445694e-022, 1.00696157109e-022, 2.2156374e-022, 1.44942677396e-022, 2.57849599835e-022, 4.86181816889e-022, 4.07884759339e-022, 5.31866481094e-022, 8.78908077509e-022, 1.0139242089e-021, 1.39099053295e-021, 1.83797855938e-021]
        var: [3.28855085524e-012, 1.24207888419e-008, 6.27797973607e-008, 2.6889042104e-008, 2.30198793361e-007, 6.03792216225e-008, 3.9215084513e-008, 2.0109290233e-008, 1.26363758568e-007, 1.0047171628e-007, 2.21418954283e-008, 1.06934059829e-007, 8.45849683628e-008, 1.12876668013e-008, 1.73197260978e-008, 7.22121171748e-008, 1.49456695908e-007, 1.57070360274e-007, 6.153491654e-007, 4.82618702335e-007, 1.1553675705e-007, 3.3299677682e-008, 1.33744382236e-009, 4.89482177013e-010, 1.80634854297e-010, 1.17278880834e-013, 2.08243182431e-017]
    frequency_bands:
        dmean: [6.85117072408e-007, 5.57581988687e-005, 0.000121552191558, 9.64073551586e-005, 0.000188290665392, 7.6248361438e-005, 6.86875355314e-005, 4.48166065325e-005, 9.77947420324e-005, 6.979360478e-005, 3.70228772226e-005, 5.66898306715e-005, 5.02009388583e-005, 3.96978939534e-005, 4.70106715511e-005, 8.49520001793e-005, 0.000133620676934, 0.000179739115993, 0.000339555699611, 0.000295608362649, 0.000168026192114, 8.95392877283e-005, 1.6072202925e-005, 6.4654441303e-006, 2.88250316771e-006, 1.00766889943e-007, 1.82767145862e-009, 4.77533221299e-011]
        dmean2: [9.87743874248e-007, 8.94726399565e-005, 0.000200072929147, 0.00016620385577, 0.000329141883412, 0.00012437980331, 0.000112002788228, 7.39674360375e-005, 0.00015555646678, 0.000107356223452, 5.86216592637e-005, 9.01132589206e-005, 7.96946987975e-005, 6.63414102746e-005, 7.65767326811e-005, 0.000137602517498, 0.00021861033747, 0.000304038141621, 0.00057494075736, 0.000499171379488, 0.000297849182971, 0.000162218435435, 2.76500632026e-005, 1.05224962681e-005, 4.40986468675e-006, 1.54376735395e-007, 3.07008041212e-009, 8.91089840804e-011]
        dvar: [2.40095833839e-012, 1.02628776588e-008, 3.79057674138e-008, 2.6313925261e-008, 3.36204379892e-007, 3.35371517224e-008, 3.63537893122e-008, 1.50380206065e-008, 5.39035163172e-008, 2.92191586482e-008, 1.31745805376e-008, 2.54771688191e-008, 1.55490713638e-008, 5.89361759396e-009, 9.27154619745e-009, 3.53228308825e-008, 5.97372391553e-008, 1.0863795552e-007, 3.89569464687e-007, 2.63704890813e-007, 1.25840699639e-007, 4.36126477155e-008, 1.14238951632e-009, 2.4407967314e-010, 9.1860866136e-011, 5.17832169289e-014, 1.43774611461e-017, 7.89687439599e-021]
        dvar2: [5.06503432945e-012, 2.61849137928e-008, 1.00342020914e-007, 7.40266301591e-008, 9.38178970955e-007, 8.5306425035e-008, 9.58641948046e-008, 3.80593618843e-008, 1.27884646872e-007, 6.32102370446e-008, 3.19779651647e-008, 6.26624085953e-008, 3.58681049306e-008, 1.50439198876e-008, 2.29586198941e-008, 8.74821068919e-008, 1.49128226212e-007, 2.90993824592e-007, 1.04063724393e-006, 7.06369519321e-007, 3.49727940829e-007, 1.21438446854e-007, 2.95062796418e-009, 5.30629262752e-010, 1.86130777458e-010, 1.07513038186e-013, 3.68001140171e-017, 2.58396424583e-020]
        max: [1.70932180481e-005, 0.00115218618885, 0.00320316245779, 0.00262849987485, 0.00776242045686, 0.00391639443114, 0.00522982282564, 0.00415892712772, 0.00411115540192, 0.00431611854583, 0.00444443197921, 0.00514048570767, 0.00481963530183, 0.00164552987553, 0.00217176531442, 0.00458690198138, 0.00607601646334, 0.00477899005637, 0.0154273249209, 0.00858436338603, 0.00434850249439, 0.00272216438316, 0.000525645795278, 0.000370579684386, 0.00049196270993, 7.63984462537e-006, 6.08508514688e-008, 1.6230380373e-009]
        mean: [7.65887364196e-007, 7.86095770309e-005, 0.000214195722947, 0.000126873521367, 0.000202839742997, 0.00013474735897, 9.55670911935e-005, 6.22844745521e-005, 0.000172073589056, 0.000141508149682, 5.80496889597e-005, 0.000112019246444, 0.000104591796116, 6.72733658575e-005, 7.98866676632e-005, 0.000152267719386, 0.000242872192757, 0.000291703414405, 0.000617969257291, 0.000553082325496, 0.000247430871241, 9.49843815761e-005, 2.17951164814e-005, 1.15744651339e-005, 5.72395902054e-006, 2.07032059052e-007, 2.65528332655e-009, 3.62079602412e-011]
        median: [6.84228638193e-008, 4.03850535804e-005, 0.000142892429722, 7.54189459258e-005, 9.09832597245e-005, 5.29544049641e-005, 3.96190407628e-005, 2.19391349674e-005, 5.40803594049e-005, 3.70417255908e-005, 2.08140772884e-005, 2.77115323115e-005, 2.49299882853e-005, 3.03654596792e-005, 3.75002709916e-005, 6.55288022244e-005, 0.000111480840133, 0.000150566076627, 0.000385286577512, 0.000308090704493, 0.000144195830217, 3.58875113307e-005, 7.52382993596e-006, 4.56257566839e-006, 2.51586288869e-006, 7.55870246394e-008, 5.38466604638e-010, 9.63003808641e-012]
        min: [1.22747198614e-023, 1.05501563267e-023, 1.00751863311e-023, 2.48077545929e-024, 1.3209424582e-023, 3.19780040278e-023, 4.3159514136e-023, 4.72676114295e-023, 3.4555253626e-023, 2.66263053825e-023, 2.44366988778e-023, 5.99259448829e-023, 7.56958739125e-023, 5.86602207159e-023, 1.09824167618e-022, 1.52802445694e-022, 1.00696157109e-022, 2.2156374e-022, 1.44942677396e-022, 2.57849599835e-022, 4.86181816889e-022, 4.07884759339e-022, 5.31866481094e-022, 8.78908077509e-022, 1.0139242089e-021, 1.39099053295e-021, 1.83797855938e-021, 5.98911731563e-022]
        var: [3.28855085524e-012, 1.24207888419e-008, 6.27797973607e-008, 2.6889042104e-008, 2.30198793361e-007, 6.03792216225e-008, 3.9215084513e-008, 2.0109290233e-008, 1.26363758568e-007, 1.0047171628e-007, 2.21418954283e-008, 1.06934059829e-007, 8.45849683628e-008, 1.12876668013e-008, 1.73197260978e-008, 7.22121171748e-008, 1.49456695908e-007, 1.57070360274e-007, 6.153491654e-007, 4.82618702335e-007, 1.1553675705e-007, 3.3299677682e-008, 1.33744382236e-009, 4.89482177013e-010, 1.80634854297e-010, 1.17278880834e-013, 2.08243182431e-017, 5.56108073213e-021]
    mfcc:
        mean: [-732.255371094, 88.3316650391, -35.0431976318, 54.818862915, -12.7176237106, -4.39890003204, 9.2335395813, -2.68829631805, 0.960574090481, -1.00547635555, -4.00652742386, -4.29360103607, -4.60305166245]
        cov: [[10054.6103516, -2084.12011719, -1623.84008789, 409.684051514, -392.336120605, 169.327438354, -136.799987793, 94.7161178589, -36.5107383728, -22.4064922333, -22.7325592041, -35.1890487671, -46.6054916382], [-2084.12011719, 1424.22631836, 55.2885437012, 30.4666671753, -20.4411010742, -100.094169617, 110.867141724, -108.613708496, 56.0551681519, -20.2780971527, 11.9942588806, 11.7491054535, 37.0686912537], [-1623.84008789, 55.2885437012, 824.356140137, -165.028762817, 137.38269043, 34.0987358093, -74.396232605, 71.8112335205, -63.7287406921, 17.4558601379, -2.45595097542, -7.00672626495, 22.6160640717], [409.684051514, 30.4666671753, -165.028762817, 392.915740967, 13.9331541061, 7.15234041214, -41.0408859253, -22.4786682129, 58.3933105469, 17.579624176, 1.25051105022, 3.83415102959, 4.21171045303], [-392.336120605, -20.4411010742, 137.38269043, 13.9331541061, 171.863021851, 33.3254508972, -16.1496429443, 10.6967039108, -2.56931328773, 7.61439371109, -1.23350715637, 10.7422847748, 19.0207023621], [169.327438354, -100.094169617, 34.0987358093, 7.15234041214, 33.3254508972, 131.889938354, 34.3043479919, 43.5187149048, -2.06215620041, -2.46359109879, 20.4840049744, 10.8843231201, 6.89713144302], [-136.799987793, 110.867141724, -74.396232605, -41.0408859253, -16.1496429443, 34.3043479919, 169.956161499, 19.8916549683, 26.6152915955, -18.562828064, 6.52974081039, 7.2237443924, -3.91187334061], [94.7161178589, -108.613708496, 71.8112335205, -22.4786682129, 10.6967039108, 43.5187149048, 19.8916549683, 117.876312256, 32.1751365662, 21.2833576202, 7.95788669586, 2.76290607452, 0.210498407483], [-36.5107383728, 56.0551681519, -63.7287406921, 58.3933105469, -2.56931328773, -2.06215620041, 26.6152915955, 32.1751365662, 88.7326202393, 34.9381103516, 6.02804517746, 0.332570672035, -1.82067120075], [-22.4064922333, -20.2780971527, 17.4558601379, 17.579624176, 7.61439371109, -2.46359109879, -18.562828064, 21.2833576202, 34.9381103516, 78.7952804565, 23.4046630859, -2.33120346069, -7.85978984833], [-22.7325592041, 11.9942588806, -2.45595097542, 1.25051105022, -1.23350715637, 20.4840049744, 6.52974081039, 7.95788669586, 6.02804517746, 23.4046630859, 60.9639930725, 20.6359367371, -2.65160036087], [-35.1890487671, 11.7491054535, -7.00672626495, 3.83415102959, 10.7422847748, 10.8843231201, 7.2237443924, 2.76290607452, 0.332570672035, -2.33120346069, 20.6359367371, 51.6875038147, 20.9648170471], [-46.6054916382, 37.0686912537, 22.6160640717, 4.21171045303, 19.0207023621, 6.89713144302, -3.91187334061, 0.210498407483, -1.82067120075, -7.85978984833, -2.65160036087, 20.9648170471, 64.404045105]]
        icov: [[0.000308065325953, 0.00033542807796, 0.00062047119718, -0.000173010630533, 0.000414295238443, -0.000332315103151, 0.000296691956464, -0.000469345366582, 0.000580212392379, -8.7477179477e-005, 9.1960944701e-005, 0.000286427995889, -0.000327639048919], [0.00033542807796, 0.00140187877696, 0.000220545072807, -0.000336652126862, 0.000642193190288, 0.000431798427599, -0.000634624564555, 0.00083277572412, -0.000595984922256, 0.000416383118136, -0.00061500625452, 0.000475505512441, -0.00104288558941], [0.00062047119718, 0.000220545072807, 0.00333019602112, 0.000370452442439, -0.000616233097389, -0.00093974894844, 0.00170346559025, -0.00286243553273, 0.00306239794008, -0.000920476450119, 0.000432372442447, 0.00115172320511, -0.000859005085658], [-0.000173010630533, -0.000336652126862, 0.000370452442439, 0.00365236424841, -0.000821603229269, -0.00102222338319, 0.00166067120153, 0.00125360314269, -0.00317347166128, 0.000432344560977, 0.000184533811989, -0.000296271784464, 0.000215612992179], [0.000414295238443, 0.000642193190288, -0.000616233097389, -0.000821603229269, 0.00815548282117, -0.00230778008699, 0.000484639575006, 0.000628179172054, -9.86567392829e-005, -0.000916681834497, 0.00152494257782, -0.00119931343943, -0.0015952361282], [-0.000332315103151, 0.000431798427599, -0.00093974894844, -0.00102222338319, -0.00230778008699, 0.011842681095, -0.00340776355006, -0.00296404166147, 0.00154323014431, 0.00160673202481, -0.00447879731655, 0.000493283791002, -0.000981401419267], [0.000296691956464, -0.000634624564555, 0.00170346559025, 0.00166067120153, 0.000484639575006, -0.00340776355006, 0.00943545438349, -0.00169748801272, -0.00280327652581, 0.00306346057914, -7.36046204111e-005, -0.000418213108787, 0.00110136484727], [-0.000469345366582, 0.00083277572412, -0.00286243553273, 0.00125360314269, 0.000628179172054, -0.00296404166147, -0.00169748801272, 0.0153724486008, -0.00849348865449, -0.000574425852392, 0.000174062894075, -0.00118914607447, 0.000166837824509], [0.000580212392379, -0.000595984922256, 0.00306239794008, -0.00317347166128, -9.86567392829e-005, 0.00154323014431, -0.00280327652581, -0.00849348865449, 0.0237205028534, -0.0096211778, 0.00254752184264, 0.000502347305883, -0.000945833860897], [-8.7477179477e-005, 0.000416383118136, -0.000920476450119, 0.000432344560977, -0.000916681834497, 0.00160673202481, 0.00306346057914, -0.000574425852392, -0.0096211778, 0.0211137924343, -0.00922869425267, 0.00339719955809, 0.0010975135956], [9.1960944701e-005, -0.00061500625452, 0.000432372442447, 0.000184533811989, 0.00152494257782, -0.00447879731655, -7.36046204111e-005, 0.000174062894075, 0.00254752184264, -0.00922869425267, 0.0253775734454, -0.0112908128649, 0.00394683331251], [0.000286427995889, 0.000475505512441, 0.00115172320511, -0.000296271784464, -0.00119931343943, 0.000493283791002, -0.000418213108787, -0.00118914607447, 0.000502347305883, 0.00339719955809, -0.0112908128649, 0.0283668320626, -0.0094416635111], [-0.000327639048919, -0.00104288558941, -0.000859005085658, 0.000215612992179, -0.0015952361282, -0.000981401419267, 0.00110136484727, 0.000166837824509, -0.000945833860897, 0.0010975135956, 0.00394683331251, -0.0094416635111, 0.0201634056866]]
    sccoeffs:
        dmean: [0.0516592599452, 0.0432784818113, 0.0356647223234, 0.0264300331473, 0.0210246350616, 0.0201553795487]
        dmean2: [0.0852557718754, 0.0718634277582, 0.0588965788484, 0.0442128963768, 0.0344862528145, 0.0328610315919]
        dvar: [0.00182335532736, 0.00122905476019, 0.000886314723175, 0.000479632552015, 0.00034212047467, 0.000396948977141]
        dvar2: [0.00494242552668, 0.00330076925457, 0.00229006400332, 0.00127154623624, 0.000866902759299, 0.0009943182813]
        max: [-0.360454857349, -0.483988702297, -0.503966033459, -0.573668599129, -0.57081001997, -0.579207658768]
        mean: [-0.675229489803, -0.770032227039, -0.778716623783, -0.805296421051, -0.796314477921, -0.75370246172]
        median: [-0.676452159882, -0.777004718781, -0.789184093475, -0.813014864922, -0.797404289246, -0.756621003151]
        min: [-0.968768239021, -0.963543355465, -0.960312783718, -0.964766561985, -0.958817660809, -0.960367619991]
        var: [0.0050856070593, 0.00416059046984, 0.00450289994478, 0.00274947029538, 0.00211589061655, 0.00221343548037]
    scvalleys:
        dmean: [0.387302845716, 0.355184584856, 0.296295553446, 0.282276391983, 0.302132219076, 0.349231123924]
        dmean2: [0.637328147888, 0.584384322166, 0.478950947523, 0.443716794252, 0.46050336957, 0.513378322124]
        dvar: [0.119465656579, 0.115596204996, 0.0795568972826, 0.0831450670958, 0.141102522612, 0.276466667652]
        dvar2: [0.274401664734, 0.261235028505, 0.167380675673, 0.161333501339, 0.285157412291, 0.551128447056]
        max: [-5.16867208481, -4.65952682495, -5.16826438904, -5.72907924652, -5.11403989792, -7.0488319397]
        mean: [-7.07700920105, -7.02992725372, -7.34817266464, -7.54871368408, -7.20639419556, -9.77607727051]
        median: [-6.98952960968, -6.91772031784, -7.14258956909, -7.24259281158, -6.8113360405, -9.14223861694]
        min: [-27.8354244232, -27.4650783539, -27.7247142792, -27.4495124817, -27.4739551544, -27.3074455261]
        var: [0.654425382614, 0.72986125946, 0.95400851965, 1.3078700304, 1.68728876114, 2.7438378334]

rhythm:
    beats_loudness:
        dmean: 0.00145552051254
        dmean2: 0.0026622118894
        dvar: 2.30911973631e-006
        dvar2: 7.62936178944e-006
        max: 0.0120209706947
        mean: 0.00445624580607
        median: 0.00471558142453
        min: 6.88485442879e-007
        var: 7.21206606613e-006
    bpm: 127.781929016
    bpm_confidence: 0
    first_peak_bpm: 129
    first_peak_spread: 0.449832767248
    first_peak_weight: 0.488855868578
    onset_rate: 3.72916269302
    second_peak_bpm: 123
    second_peak_spread: 0.283018857241
    second_peak_weight: 0.0564635954797
    beats_loudness_band_ratio:
        dmean: [0.103195384145, 0.106236860156, 0.0655869543552, 0.0628569796681, 0.0863137245178, 0.0974494889379]
        dmean2: [0.179654434323, 0.201804503798, 0.110579095781, 0.113394260406, 0.151646822691, 0.1734264642]
        dvar: [0.00715752271935, 0.00665888655931, 0.00420566275716, 0.00752381421626, 0.00663836533204, 0.00746274460107]
        dvar2: [0.0208256840706, 0.0221728011966, 0.011885439977, 0.0226271804422, 0.019146092236, 0.0210175793618]
        max: [0.930970132351, 0.804630696774, 0.568245589733, 0.694083571434, 0.619890272617, 0.714205026627]
        mean: [0.228022381663, 0.125113561749, 0.095921985805, 0.0944109335542, 0.200695112348, 0.308823317289]
        median: [0.174210965633, 0.0993748083711, 0.0677898824215, 0.0513920523226, 0.193473756313, 0.311413288116]
        min: [0.00535459863022, 0.00359643530101, 0.00801345426589, 0.00252921530046, 0.00100227550138, 0.000949889072217]
        var: [0.027265381068, 0.0107503933832, 0.00703992741182, 0.0136205339804, 0.0108489636332, 0.0177472867072]
