
metadata:
    version:
        essentia: "2.1-beta2"
    audio_properties:
        analysis_sample_rate: 44100
        bitrate: 287
        channels: 2
        equal_loudness: 1
        length: 209.99836731
        replay_gain: -16.4563083649
        downmix: "mix"
    tags:
        album: "Fight The Silence"
        artist: "For Today"
        comment: ""
        date: "2014;ATE"
        genre: "Metal"
        title: "Dead To Rights"
        tracknumber: "9/12"

configuration:
    average_loudness:
        compute: 1
        frameSize: 88200
        hopSize: 44100
        silentFrames: "noise"
        windowType: "hann"
    general:
        analysisSampleRate: 44100
        endTime: 2000
        equalLoudness: 1
        nequalLoudness: 0
        shortSound: 0
        startTime: 0
    lowlevel:
        compute: 1
        frameSize: 2048
        hopSize: 1024
        zeroPadding: 0
        silentFrames: "noise"
        windowType: "blackmanharris62"
        mfccStats: ["mean", "cov", "icov"]
        stats: ["mean", "var", "median", "min", "max", "dmean", "dmean2", "dvar", "dvar2"]
    panning:
        compute: 0
        frameSize: 8192
        hopSize: 2048
        zeroPadding: 8192
        silentFrames: "noise"
        windowType: "hann"
        stats: ["copy"]
    rhythm:
        compute: 1
        maxTempo: 208
        minTempo: 40
        method: "degara"
        stats: ["mean", "var", "median", "min", "max", "dmean", "dmean2", "dvar", "dvar2"]
    segmentation:
        compute: 0
        cpw: 5
        inc1: 300
        inc2: 50
        minimumSegmentsLength: 10
        size1: 1000
        size2: 600
    sfx:
        compute: 1
        stats: ["mean", "var", "median", "min", "max", "dmean", "dmean2", "dvar", "dvar2"]
    svm:
        compute: 0
    tonal:
        compute: 1
        frameSize: 4096
        hopSize: 2048
        zeroPadding: 0
        silentFrames: "noise"
        windowType: "blackmanharris62"
        stats: ["mean", "var", "median", "min", "max", "dmean", "dmean2", "dvar", "dvar2"]

lowlevel:
    average_loudness: 0.943978130817
    barkbands_kurtosis:
        dmean: 0.499661803246
        dmean2: 0.829279661179
        dvar: 1.02455818653
        dvar2: 2.47724103928
        max: 45.2083816528
        mean: -0.6266451478
        median: -1.01469790936
        min: -1.82466089725
        var: 3.45913410187
    barkbands_skewness:
        dmean: 0.327047675848
        dmean2: 0.528805315495
        dvar: 0.0873125120997
        dvar2: 0.215332746506
        max: 5.81061649323
        mean: -0.0199547316879
        median: -0.100108474493
        min: -3.29426550865
        var: 0.482849150896
    barkbands_spread:
        dmean: 4.40261268616
        dmean2: 6.96967458725
        dvar: 16.808259964
        dvar2: 40.221660614
        max: 63.920879364
        mean: 29.245716095
        median: 28.6159362793
        min: 1.01120746136
        var: 97.2569274902
    dissonance:
        dmean: 0.0119873108342
        dmean2: 0.0207817275077
        dvar: 0.000142127173604
        dvar2: 0.00040104004438
        max: 0.500000119209
        mean: 0.482875555754
        median: 0.486999154091
        min: 0.318859964609
        var: 0.000229783850955
    hfc:
        dmean: 2.63451695442
        dmean2: 4.45734357834
        dvar: 11.5331544876
        dvar2: 31.0981864929
        max: 58.0482025146
        mean: 10.3577136993
        median: 10.5784606934
        min: 1.0711366516e-010
        var: 37.4310684204
    pitch:
        dmean: 669.386413574
        dmean2: 1259.19213867
        dvar: 1250728.75
        dvar2: 2995612.75
        max: 4814.94384766
        mean: 1181.90686035
        median: 461.96762085
        min: 61.3411903381
        var: 1976496.125
    pitch_instantaneous_confidence:
        dmean: 0.0718339011073
        dmean2: 0.119957849383
        dvar: 0.00378469773568
        dvar2: 0.00986520480365
        max: 0.789369940758
        mean: 0.306796163321
        median: 0.284621655941
        min: 0.11882007122
        var: 0.0107712782919
    pitch_salience:
        dmean: 0.0521569140255
        dmean2: 0.0883492603898
        dvar: 0.00194362387992
        dvar2: 0.00556142115965
        max: 0.888983368874
        mean: 0.698123931885
        median: 0.711728811264
        min: 0.375277727842
        var: 0.00505253532901
    silence_rate_20dB:
        dmean: 0
        dmean2: 0
        dvar: 0
        dvar2: 0
        max: 1
        mean: 1
        median: 1
        min: 1
        var: 0
    silence_rate_30dB:
        dmean: 0
        dmean2: 0
        dvar: 0
        dvar2: 0
        max: 1
        mean: 1
        median: 1
        min: 1
        var: 0
    silence_rate_60dB:
        dmean: 0.0316231772304
        dmean2: 0.0632533431053
        dvar: 0.0306273251772
        dvar2: 0.0703191161156
        max: 1
        mean: 0.222775012255
        median: 0
        min: 0
        var: 0.173152878881
    spectral_centroid:
        dmean: 241.361618042
        dmean2: 392.757446289
        dvar: 57026.90625
        dvar2: 139531.28125
        max: 4337.03564453
        mean: 1762.9041748
        median: 1804.92822266
        min: 366.782867432
        var: 322553
    spectral_complexity:
        dmean: 4.45002222061
        dmean2: 7.28508234024
        dvar: 18.8613052368
        dvar2: 47.3896026611
        max: 50
        mean: 21.8375892639
        median: 23
        min: 0
        var: 119.234039307
    spectral_crest:
        dmean: 1.68480706215
        dmean2: 2.88265275955
        dvar: 2.62396192551
        dvar2: 7.42781639099
        max: 18.871295929
        mean: 5.70002174377
        median: 5.05913209915
        min: 2.12385892868
        var: 5.2881321907
    spectral_decrease:
        dmean: 2.35842040341e-010
        dmean2: 3.87654908174e-010
        dvar: 8.19666710664e-020
        dvar2: 2.12001402064e-019
        max: -5.1542645827e-021
        mean: -1.20071086407e-009
        median: -1.268471439e-009
        min: -4.0979069027e-009
        var: 3.69228144736e-019
    spectral_energy:
        dmean: 0.00108282046858
        dmean2: 0.00179406162351
        dvar: 1.75274851699e-006
        dvar2: 4.57498163087e-006
        max: 0.0181076917797
        mean: 0.00547122675925
        median: 0.0057955714874
        min: 2.91688873576e-014
        var: 7.77382592787e-006
    spectral_energyband_high:
        dmean: 0.00022858439479
        dmean2: 0.000395557784941
        dvar: 1.23348712577e-007
        dvar2: 3.27627361685e-007
        max: 0.00452575366944
        mean: 0.00053653633222
        median: 0.000452217995189
        min: 1.1485310214e-014
        var: 2.22411202344e-007
    spectral_energyband_low:
        dmean: 0.000172169136931
        dmean2: 0.000286618917016
        dvar: 3.97717698775e-008
        dvar2: 1.07893605161e-007
        max: 0.00257500377484
        mean: 0.000338335725246
        median: 0.000295743724564
        min: 8.14552608624e-017
        var: 7.86724356772e-008
    spectral_energyband_middle_high:
        dmean: 0.00073130032979
        dmean2: 0.00117967103142
        dvar: 6.7125915848e-007
        dvar2: 1.6870063746e-006
        max: 0.011672723107
        mean: 0.00297260307707
        median: 0.00296403490938
        min: 1.61587696077e-014
        var: 3.40610085914e-006
    spectral_energyband_middle_low:
        dmean: 0.000664289400447
        dmean2: 0.00110424903687
        dvar: 6.31039654309e-007
        dvar2: 1.66520283074e-006
        max: 0.0108147943392
        mean: 0.00174404401332
        median: 0.00147456093691
        min: 1.85735711784e-015
        var: 1.35209791097e-006
    spectral_flatness_db:
        dmean: 0.0119612077251
        dmean2: 0.0194335095584
        dvar: 0.000125440172269
        dvar2: 0.000303419481497
        max: 0.437103301287
        mean: 0.145015016198
        median: 0.129385024309
        min: 0.0719667300582
        var: 0.00233222683892
    spectral_flux:
        dmean: 0.00608496926725
        dmean2: 0.0094181029126
        dvar: 4.10992506659e-005
        dvar2: 8.63292952999e-005
        max: 0.0972239151597
        mean: 0.0456573218107
        median: 0.0493419505656
        min: 2.06517233892e-005
        var: 0.000314655917464
    spectral_kurtosis:
        dmean: 1.42924249172
        dmean2: 2.42852044106
        dvar: 8.29645729065
        dvar2: 24.3962116241
        max: 97.0942153931
        mean: 4.18978071213
        median: 3.00497817993
        min: -0.30796071887
        var: 23.9222316742
    spectral_rms:
        dmean: 0.000217333261389
        dmean2: 0.000355347758159
        dvar: 5.78737662238e-008
        dvar2: 1.44939107827e-007
        max: 0.00420309882611
        mean: 0.00219759577885
        median: 0.0023778595496
        min: 5.3345527995e-009
        var: 5.08369510044e-007
    spectral_rolloff:
        dmean: 309.452484131
        dmean2: 511.133300781
        dvar: 103515.898438
        dvar2: 252285.78125
        max: 5749.36523438
        mean: 3247.24291992
        median: 3445.3125
        min: 409.130859375
        var: 859493.4375
    spectral_skewness:
        dmean: 0.179725006223
        dmean2: 0.296406388283
        dvar: 0.0491528809071
        dvar2: 0.134028241038
        max: 7.43728399277
        mean: 1.41816926003
        median: 1.344430089
        min: 0.354218244553
        var: 0.253547519445
    spectral_spread:
        dmean: 405599.125
        dmean2: 601687.625
        dvar: 194850013184
        dvar2: 354561163264
        max: 11202766
        mean: 4479858.5
        median: 4556491.5
        min: 818649.5625
        var: 1.73582319616e+012
    spectral_strongpeak:
        dmean: 0.347291916609
        dmean2: 0.6058177948
        dvar: 0.219542875886
        dvar2: 0.595095574856
        max: 6.73052215576
        mean: 0.486866891384
        median: 0.333533197641
        min: 1.33790126711e-006
        var: 0.266613215208
    zerocrossingrate:
        dmean: 0.00710318563506
        dmean2: 0.00875126570463
        dvar: 4.84443080495e-005
        dvar2: 5.94146658841e-005
        max: 0.32861328125
        mean: 0.0977980643511
        median: 0.1005859375
        min: 0.0185546875
        var: 0.000765758915804
    barkbands:
        dmean: [4.48770407502e-008, 4.11460023315e-005, 0.000126380589791, 9.61433906923e-005, 0.00017435666814, 0.000210953163332, 0.00018374749925, 0.000193862273591, 0.000289339222945, 0.000156453170348, 9.94637302938e-005, 0.000117743031296, 0.00010851224215, 0.000115158240078, 9.04926491785e-005, 0.000167658101418, 0.000181875831913, 0.000201143600862, 0.000221671682084, 0.000185650031199, 0.000114178801596, 4.48485843663e-005, 1.06075049189e-005, 3.96089080823e-006, 1.82295684681e-006, 6.05196390779e-008, 3.94860227848e-010]
        dmean2: [7.43217611898e-008, 6.96209535818e-005, 0.000209381352761, 0.000164489843883, 0.000296174897812, 0.000352278642822, 0.000306977279251, 0.000323943590047, 0.000479337468278, 0.000262394722085, 0.000165556833963, 0.000194947424461, 0.00017852896417, 0.000191036844626, 0.000149904488353, 0.00028110636049, 0.000302985310555, 0.000342267972883, 0.000375567440642, 0.000319843704347, 0.00019748066552, 7.84694639151e-005, 1.73402422661e-005, 6.24780113867e-006, 2.88608521259e-006, 9.75039071704e-008, 7.05476288498e-010]
        dvar: [1.40541680195e-014, 2.79683520787e-009, 2.20780478344e-008, 2.04128962622e-008, 1.16788164917e-007, 1.2911645797e-007, 1.26557509361e-007, 1.09586913766e-007, 1.64854483842e-007, 5.62996689268e-008, 3.6740839704e-008, 4.96972560882e-008, 3.38022729807e-008, 3.21836601813e-008, 1.90247924081e-008, 5.43321725388e-008, 5.81625059226e-008, 6.59458763153e-008, 8.01184469879e-008, 6.79236791257e-008, 2.81106480315e-008, 5.3247242171e-009, 3.03819969183e-010, 5.10355299688e-011, 1.1297733582e-011, 1.60416656087e-014, 5.8223733713e-019]
        dvar2: [3.65919961161e-014, 7.86373988149e-009, 5.85394168695e-008, 5.33443049733e-008, 3.30493662659e-007, 3.21111201629e-007, 3.19542778016e-007, 2.83642066279e-007, 4.40321088035e-007, 1.5088077987e-007, 9.5505569675e-008, 1.30400039211e-007, 8.8045062796e-008, 8.32595645761e-008, 4.75368082675e-008, 1.43743136505e-007, 1.51224909928e-007, 1.77824333036e-007, 2.18054736933e-007, 1.80273659112e-007, 7.52043192165e-008, 1.45281955355e-008, 6.66394772697e-010, 1.05586518695e-010, 2.49838500582e-011, 3.60189105647e-014, 1.69408223133e-018]
        max: [7.99630834081e-006, 0.000650805537589, 0.00198352197185, 0.00307423435152, 0.00462230108678, 0.00504940794781, 0.00497406953946, 0.00453212251887, 0.00654669571668, 0.00355289690197, 0.00383104803041, 0.00339067052118, 0.00339155667461, 0.002791371895, 0.00211286637932, 0.00438805995509, 0.00407159375027, 0.00440853275359, 0.00712668616325, 0.00682852929458, 0.00200181733817, 0.000811953213997, 0.000287247617962, 0.000130407934193, 6.60185760353e-005, 2.75050820164e-006, 1.55521355794e-008]
        mean: [1.44548195635e-007, 6.66105988785e-005, 0.000208475597901, 0.000125856211525, 0.000232886552112, 0.000290951458737, 0.000227914642892, 0.000275059166597, 0.000491148792207, 0.000254247686826, 0.000158915951033, 0.000197540473891, 0.000183497395483, 0.000204631127417, 0.000161311079864, 0.000329394999426, 0.000378054566681, 0.000411749031628, 0.000515175343025, 0.000403188809287, 0.000241679052124, 7.90665289969e-005, 2.15069485421e-005, 8.42612735141e-006, 3.70275324713e-006, 1.03158917852e-007, 4.92086205117e-010]
        median: [2.04230214962e-008, 4.87372963107e-005, 0.00015343024279, 7.66192242736e-005, 0.000128242230858, 0.000172154352185, 0.000110465320176, 0.000123916426674, 0.000250142649747, 0.000138251154567, 7.27086153347e-005, 9.21541432035e-005, 8.65510883159e-005, 0.000123241639812, 0.000100720360933, 0.000236840525758, 0.000277646147879, 0.000333153933752, 0.00047484744573, 0.000351636030246, 0.000198872730834, 5.65147565794e-005, 1.37830747917e-005, 5.11972439199e-006, 2.19130197365e-006, 5.40711440067e-008, 2.96244945241e-010]
        min: [1.13877065711e-018, 2.3060233761e-017, 3.97625389582e-017, 3.96150427288e-017, 1.05357796098e-016, 2.58939242525e-016, 4.24447548125e-016, 5.54338700627e-016, 4.33864569265e-016, 7.66132036369e-017, 3.09205962794e-016, 2.47823735037e-016, 5.85222951252e-016, 5.09164441699e-017, 2.20744277002e-016, 1.03099463323e-015, 1.39686606788e-015, 4.07161622668e-015, 4.64299331268e-015, 7.79728895112e-015, 3.84542116032e-015, 1.46308159798e-015, 6.19633082399e-016, 4.92931088352e-016, 3.9008273324e-016, 4.42772874328e-017, 2.66525782453e-018]
        var: [4.21969154497e-013, 4.6792729691e-009, 4.25158290795e-008, 2.84983325827e-008, 1.15767718967e-007, 1.61004578558e-007, 1.36489887836e-007, 1.66242728028e-007, 3.78015954539e-007, 1.06028494429e-007, 6.62253256678e-008, 8.67106066949e-008, 6.1859630307e-008, 5.62111495128e-008, 3.63488226185e-008, 1.11990274831e-007, 1.30934921572e-007, 1.35548333446e-007, 1.54781346851e-007, 1.18360546253e-007, 4.75965151736e-008, 7.74615571686e-009, 8.59523285879e-010, 1.33473176955e-010, 2.62742674839e-011, 3.0340652408e-014, 5.03373523939e-019]
    frequency_bands:
        dmean: [4.48770407502e-008, 4.11460023315e-005, 0.000126380589791, 9.61433906923e-005, 0.00017435666814, 0.000210953163332, 0.00018374749925, 0.000193862273591, 0.000289339222945, 0.000156453170348, 9.94637302938e-005, 0.000117743031296, 0.00010851224215, 0.000115158240078, 9.04926491785e-005, 0.000167658101418, 0.000181875831913, 0.000201143600862, 0.000221671682084, 0.000185650031199, 0.000114178801596, 4.48485843663e-005, 1.06075049189e-005, 3.96089080823e-006, 1.82295684681e-006, 6.05196390779e-008, 3.94860227848e-010, 6.43847822279e-011]
        dmean2: [7.43217611898e-008, 6.96209535818e-005, 0.000209381352761, 0.000164489843883, 0.000296174897812, 0.000352278642822, 0.000306977279251, 0.000323943590047, 0.000479337468278, 0.000262394722085, 0.000165556833963, 0.000194947424461, 0.00017852896417, 0.000191036844626, 0.000149904488353, 0.00028110636049, 0.000302985310555, 0.000342267972883, 0.000375567440642, 0.000319843704347, 0.00019748066552, 7.84694639151e-005, 1.73402422661e-005, 6.24780113867e-006, 2.88608521259e-006, 9.75039071704e-008, 7.05476288498e-010, 1.19016296818e-010]
        dvar: [1.40541680195e-014, 2.79683520787e-009, 2.20780478344e-008, 2.04128962622e-008, 1.16788164917e-007, 1.2911645797e-007, 1.26557509361e-007, 1.09586913766e-007, 1.64854483842e-007, 5.62996689268e-008, 3.6740839704e-008, 4.96972560882e-008, 3.38022729807e-008, 3.21836601813e-008, 1.90247924081e-008, 5.43321725388e-008, 5.81625059226e-008, 6.59458763153e-008, 8.01184469879e-008, 6.79236791257e-008, 2.81106480315e-008, 5.3247242171e-009, 3.03819969183e-010, 5.10355299688e-011, 1.1297733582e-011, 1.60416656087e-014, 5.8223733713e-019, 8.37781368311e-021]
        dvar2: [3.65919961161e-014, 7.86373988149e-009, 5.85394168695e-008, 5.33443049733e-008, 3.30493662659e-007, 3.21111201629e-007, 3.19542778016e-007, 2.83642066279e-007, 4.40321088035e-007, 1.5088077987e-007, 9.5505569675e-008, 1.30400039211e-007, 8.8045062796e-008, 8.32595645761e-008, 4.75368082675e-008, 1.43743136505e-007, 1.51224909928e-007, 1.77824333036e-007, 2.18054736933e-007, 1.80273659112e-007, 7.52043192165e-008, 1.45281955355e-008, 6.66394772697e-010, 1.05586518695e-010, 2.49838500582e-011, 3.60189105647e-014, 1.69408223133e-018, 2.61120869947e-020]
        max: [7.99630834081e-006, 0.000650805537589, 0.00198352197185, 0.00307423435152, 0.00462230108678, 0.00504940794781, 0.00497406953946, 0.00453212251887, 0.00654669571668, 0.00355289690197, 0.00383104803041, 0.00339067052118, 0.00339155667461, 0.002791371895, 0.00211286637932, 0.00438805995509, 0.00407159375027, 0.00440853275359, 0.00712668616325, 0.00682852929458, 0.00200181733817, 0.000811953213997, 0.000287247617962, 0.000130407934193, 6.60185760353e-005, 2.75050820164e-006, 1.55521355794e-008, 1.07219977341e-009]
        mean: [1.44548195635e-007, 6.66105988785e-005, 0.000208475597901, 0.000125856211525, 0.000232886552112, 0.000290951458737, 0.000227914642892, 0.000275059166597, 0.000491148792207, 0.000254247686826, 0.000158915951033, 0.000197540473891, 0.000183497395483, 0.000204631127417, 0.000161311079864, 0.000329394999426, 0.000378054566681, 0.000411749031628, 0.000515175343025, 0.000403188809287, 0.000241679052124, 7.90665289969e-005, 2.15069485421e-005, 8.42612735141e-006, 3.70275324713e-006, 1.03158917852e-007, 4.92086205117e-010, 5.08647464426e-011]
        median: [2.04230214962e-008, 4.87372963107e-005, 0.00015343024279, 7.66192242736e-005, 0.000128242230858, 0.000172154352185, 0.000110465320176, 0.000123916426674, 0.000250142649747, 0.000138251154567, 7.27086153347e-005, 9.21541432035e-005, 8.65510883159e-005, 0.000123241639812, 0.000100720360933, 0.000236840525758, 0.000277646147879, 0.000333153933752, 0.00047484744573, 0.000351636030246, 0.000198872730834, 5.65147565794e-005, 1.37830747917e-005, 5.11972439199e-006, 2.19130197365e-006, 5.40711440067e-008, 2.96244945241e-010, 1.82960573775e-011]
        min: [1.13877065711e-018, 2.3060233761e-017, 3.97625389582e-017, 3.96150427288e-017, 1.05357796098e-016, 2.58939242525e-016, 4.24447548125e-016, 5.54338700627e-016, 4.33864569265e-016, 7.66132036369e-017, 3.09205962794e-016, 2.47823735037e-016, 5.85222951252e-016, 5.09164441699e-017, 2.20744277002e-016, 1.03099463323e-015, 1.39686606788e-015, 4.07161622668e-015, 4.64299331268e-015, 7.79728895112e-015, 3.84542116032e-015, 1.46308159798e-015, 6.19633082399e-016, 4.92931088352e-016, 3.9008273324e-016, 4.42772874328e-017, 2.66525782453e-018, 1.99274643498e-020]
        var: [4.21969154497e-013, 4.6792729691e-009, 4.25158290795e-008, 2.84983325827e-008, 1.15767718967e-007, 1.61004578558e-007, 1.36489887836e-007, 1.66242728028e-007, 3.78015954539e-007, 1.06028494429e-007, 6.62253256678e-008, 8.67106066949e-008, 6.1859630307e-008, 5.62111495128e-008, 3.63488226185e-008, 1.11990274831e-007, 1.30934921572e-007, 1.35548333446e-007, 1.54781346851e-007, 1.18360546253e-007, 4.75965151736e-008, 7.74615571686e-009, 8.59523285879e-010, 1.33473176955e-010, 2.62742674839e-011, 3.0340652408e-014, 5.03373523939e-019, 6.82635970388e-021]
    mfcc:
        mean: [-690.191894531, 95.5464935303, -53.6032905579, 35.681892395, -21.0790996552, -9.88489246368, -4.21572113037, -3.65552830696, -0.0539799369872, -1.62570500374, -2.64802646637, -2.33264446259, -4.65668344498]
        cov: [[7248.61474609, -733.80645752, -285.782745361, 974.477416992, -48.2505950928, 492.572967529, 238.915802002, 332.4765625, 139.34223938, 70.8506851196, 65.1894454956, -73.1871414185, -52.7055854797], [-733.80645752, 957.571105957, -172.706253052, -73.5254516602, 76.626335144, -85.3588256836, 38.6164054871, -18.8820743561, 45.1710548401, 13.3405237198, 21.0621700287, 54.4820098877, 24.7231426239], [-285.782745361, -172.706253052, 582.18145752, 178.344116211, 221.234954834, 157.312286377, 114.76701355, 107.087165833, 34.062412262, 49.3239974976, -9.28696060181, -3.65744376183, 18.2794761658], [974.477416992, -73.5254516602, 178.344116211, 445.733612061, 176.509918213, 218.031646729, 127.928268433, 109.57824707, 80.5092849731, 64.1103820801, 18.6967182159, -14.5212345123, 11.1950674057], [-48.2505950928, 76.626335144, 221.234954834, 176.509918213, 305.93862915, 150.462661743, 113.012924194, 81.9794158936, 73.281288147, 74.9405441284, 24.5652046204, 5.89725494385, 2.72327446938], [492.572967529, -85.3588256836, 157.312286377, 218.031646729, 150.462661743, 220.533203125, 130.38571167, 113.396598816, 59.9253578186, 48.5511245728, 24.6778335571, -1.80976462364, 4.47505235672], [238.915802002, 38.6164054871, 114.76701355, 127.928268433, 113.012924194, 130.38571167, 195.879547119, 142.122283936, 67.862411499, 31.2166843414, 6.74316740036, 12.3478345871, 6.58521318436], [332.4765625, -18.8820743561, 107.087165833, 109.57824707, 81.9794158936, 113.396598816, 142.122283936, 190.490478516, 86.0273208618, 38.6973686218, 17.4096736908, 11.1511068344, 2.52105545998], [139.34223938, 45.1710548401, 34.062412262, 80.5092849731, 73.281288147, 59.9253578186, 67.862411499, 86.0273208618, 105.012535095, 61.2867698669, 32.9792480469, 11.2564134598, 1.47015154362], [70.8506851196, 13.3405237198, 49.3239974976, 64.1103820801, 74.9405441284, 48.5511245728, 31.2166843414, 38.6973686218, 61.2867698669, 91.161491394, 43.3475456238, 14.3926944733, 0.215275421739], [65.1894454956, 21.0621700287, -9.28696060181, 18.6967182159, 24.5652046204, 24.6778335571, 6.74316740036, 17.4096736908, 32.9792480469, 43.3475456238, 74.3829650879, 35.7932014465, 11.8014249802], [-73.1871414185, 54.4820098877, -3.65744376183, -14.5212345123, 5.89725494385, -1.80976462364, 12.3478345871, 11.1511068344, 11.2564134598, 14.3926944733, 35.7932014465, 62.2527351379, 32.1877212524], [-52.7055854797, 24.7231426239, 18.2794761658, 11.1950674057, 2.72327446938, 4.47505235672, 6.58521318436, 2.52105545998, 1.47015154362, 0.215275421739, 11.8014249802, 32.1877212524, 60.3061828613]]
        icov: [[0.00031975589809, 0.000194378866581, 0.000463926844532, -0.000811183534097, 0.000294182100333, -0.000212100349017, 5.89889532421e-005, -0.000502722221427, 0.000317264319165, -3.81161516998e-005, -0.000142046701512, -8.86104407982e-006, 0.000251690391451], [0.000194378866581, 0.00164163380396, 0.000937010801863, -0.000474465166917, -0.00101530633401, 0.00122346088756, -0.00103018642403, 0.000295421894407, -0.00060451409081, 0.000359484023647, 8.09839984868e-005, -0.000921057420783, -0.000154651002958], [0.000463926844532, 0.000937010801863, 0.00374327297322, -0.00127233588137, -0.00175505632069, -0.000324254302541, -3.48559733538e-005, -0.00188819481991, 0.00201296107844, -0.00110736326315, 0.00124802580103, -0.000232230944675, -0.000856456696056], [-0.000811183534097, -0.000474465166917, -0.00127233588137, 0.0067979558371, -0.00110290304292, -0.003645965131, -0.000106000632513, 0.0018780574901, -0.00231825257652, -0.000451789441286, 0.000891526811756, 0.00181603897363, -0.00222293683328], [0.000294182100333, -0.00101530633401, -0.00175505632069, -0.00110290304292, 0.00811007153243, -0.00352945178747, -0.000935156131163, 0.00138323404826, -0.00123449554667, -0.00270608556457, 0.000290701573249, -9.19462618185e-005, 0.00138196453918], [-0.000212100349017, 0.00122346088756, -0.000324254302541, -0.003645965131, -0.00352945178747, 0.0157104525715, -0.00519503839314, -0.00191552692559, 0.00214827619493, 0.000183462223504, -0.00459769554436, 0.00261030974798, -0.000817409483716], [5.89889532421e-005, -0.00103018642403, -3.48559733538e-005, -0.000106000632513, -0.000935156131163, -0.00519503839314, 0.0154081359506, -0.00820561312139, -0.00065805047052, 0.000972470210399, 0.00414125155658, -0.00354718905874, 0.000687813095283], [-0.000502722221427, 0.000295421894407, -0.00188819481991, 0.0018780574901, 0.00138323404826, -0.00191552692559, -0.00820561312139, 0.0169011931866, -0.0100581422448, 0.00246444274671, 0.000184988981346, -0.00142950343434, 0.000895563396625], [0.000317264319165, -0.00060451409081, 0.00201296107844, -0.00231825257652, -0.00123449554667, 0.00214827619493, -0.00065805047052, -0.0100581422448, 0.0264907013625, -0.012010817416, -0.00311505282298, 0.00274315499701, -0.000723484554328], [-3.81161516998e-005, 0.000359484023647, -0.00110736326315, -0.000451789441286, -0.00270608556457, 0.000183462223504, 0.000972470210399, 0.00246444274671, -0.012010817416, 0.0252733398229, -0.00955764017999, -0.000306397036184, 0.00237467861734], [-0.000142046701512, 8.09839984868e-005, 0.00124802580103, 0.000891526811756, 0.000290701573249, -0.00459769554436, 0.00414125155658, 0.000184988981346, -0.00311505282298, -0.00955764017999, 0.0287007857114, -0.0157776772976, 0.00208166940138], [-8.86104407982e-006, -0.000921057420783, -0.000232230944675, 0.00181603897363, -9.19462618185e-005, 0.00261030974798, -0.00354718905874, -0.00142950343434, 0.00274315499701, -0.000306397036184, -0.0157776772976, 0.0348203144968, -0.015202482231], [0.000251690391451, -0.000154651002958, -0.000856456696056, -0.00222293683328, 0.00138196453918, -0.000817409483716, 0.000687813095283, 0.000895563396625, -0.000723484554328, 0.00237467861734, 0.00208166940138, -0.015202482231, 0.0251393262297]]
    sccoeffs:
        dmean: [0.0546415895224, 0.0517439320683, 0.0397541746497, 0.0290905274451, 0.0189592726529, 0.0174486264586]
        dmean2: [0.0913995802402, 0.0862679407001, 0.0665916651487, 0.0487150959671, 0.0318321734667, 0.0283704139292]
        dvar: [0.00185007671826, 0.00169684225693, 0.00094393256586, 0.000533187238034, 0.000227093565627, 0.00023292991682]
        dvar2: [0.00516714248806, 0.00477283354849, 0.00264611328021, 0.00146797660273, 0.000621443381533, 0.00058436387917]
        max: [-0.320650994778, -0.49611517787, -0.579623818398, -0.623291492462, -0.688728928566, -0.60147356987]
        mean: [-0.648022532463, -0.762864887714, -0.784523427486, -0.800220310688, -0.803799450397, -0.749529838562]
        median: [-0.652952969074, -0.767764151096, -0.787681639194, -0.802374958992, -0.80465054512, -0.747291564941]
        min: [-0.951388835907, -0.963353216648, -0.948397636414, -0.934265971184, -0.940578699112, -0.930967032909]
        var: [0.00507642189041, 0.00365947606042, 0.00234675570391, 0.00131635577418, 0.000600485713221, 0.00120761839207]
    scvalleys:
        dmean: [0.407927840948, 0.36195269227, 0.284543722868, 0.234333649278, 0.192919790745, 0.251487404108]
        dmean2: [0.681944429874, 0.598784148693, 0.462334781885, 0.379704475403, 0.319159150124, 0.396233320236]
        dvar: [0.132342144847, 0.100095532835, 0.056038685143, 0.0432484075427, 0.0376507565379, 0.0907106623054]
        dvar2: [0.326317608356, 0.25958403945, 0.131436556578, 0.0942210480571, 0.0850060358644, 0.203939735889]
        max: [-5.53918075562, -4.23399162292, -4.82577514648, -5.56697034836, -5.32482624054, -7.5266418457]
        mean: [-7.43749761581, -6.26255512238, -6.49932193756, -6.80976676941, -6.79049777985, -9.55363464355]
        median: [-6.93609762192, -6.16870641708, -6.38165378571, -6.61782407761, -6.43669223785, -9.01321220398]
        min: [-20.1223373413, -18.9384365082, -19.728302002, -20.0149173737, -18.9658279419, -20.3973922729]
        var: [2.08002519608, 0.606525599957, 0.839481592178, 0.912129044533, 1.35980927944, 3.2270386219]

rhythm:
    beats_loudness:
        dmean: 0.00145009183325
        dmean2: 0.0024175925646
        dvar: 1.8083796931e-006
        dvar2: 4.80144854009e-006
        max: 0.0129654603079
        mean: 0.00584832439199
        median: 0.00645647430792
        min: 3.53216194071e-008
        var: 6.59474426357e-006
    bpm: 104.036460876
    bpm_confidence: 0
    first_peak_bpm: 105
    first_peak_spread: 0.578260838985
    first_peak_weight: 0.255936682224
    onset_rate: 2.38573312759
    second_peak_bpm: 99
    second_peak_spread: 0.0892857909203
    second_peak_weight: 0.134564638138
    beats_loudness_band_ratio:
        dmean: [0.056545779109, 0.0733997374773, 0.116727679968, 0.0821924731135, 0.0965228900313, 0.0722071528435]
        dmean2: [0.0917402207851, 0.124973632395, 0.201158896089, 0.141770496964, 0.16338391602, 0.124465547502]
        dvar: [0.00440580304712, 0.00444286689162, 0.00864299107343, 0.00580966565758, 0.00637874938548, 0.00644708564505]
        dvar2: [0.0135047389194, 0.0119974827394, 0.0254549048841, 0.0163926519454, 0.0197597872466, 0.0166429076344]
        max: [0.532583892345, 0.49268206954, 0.639785826206, 0.542581021786, 0.560488343239, 0.629812180996]
        mean: [0.101362861693, 0.105795897543, 0.237956613302, 0.163010269403, 0.250764757395, 0.189732477069]
        median: [0.0814690738916, 0.0844897553325, 0.217500478029, 0.145965456963, 0.237897336483, 0.181920796633]
        min: [3.21847546729e-005, 0.00676653627306, 0.0205569118261, 0.0190159715712, 0.00570154748857, 0.000735907757189]
        var: [0.00831375643611, 0.0070246597752, 0.0144619587809, 0.0069953170605, 0.0101512754336, 0.0107381315902]
    beats_position: [0.580498874187, 1.16099774837, 1.72988653183, 2.29877543449, 2.87927436829, 3.45977306366, 4.02866220474, 4.59755086899, 5.17804956436, 5.75854873657, 6.32743740082, 6.8963265419, 7.47682523727, 8.05732440948, 8.62621307373, 9.19510173798, 9.77560043335, 10.3444900513, 10.9133787155, 11.4938774109, 12.0743761063, 12.6548748016, 13.2121543884, 13.7926530838, 14.3731517792, 14.9420404434, 15.5109291077, 16.0914287567, 16.6719264984, 17.2524261475, 17.8213157654, 18.2624931335, 18.7152824402, 19.1680717468, 19.6324710846, 20.0968704224, 20.549659729, 21.0140590668, 21.4784584045, 21.9312477112, 22.3840351105, 22.825214386, 23.2780036926, 23.7307929993, 24.1835823059, 24.6363716125, 25.0775508881, 25.5303401947, 25.9831295013, 26.4243087769, 26.8770961761, 27.3298854828, 27.7826747894, 28.2354640961, 28.6766433716, 29.1294326782, 29.5822219849, 30.0234012604, 30.476190567, 30.9173698425, 31.3701572418, 31.8229465485, 32.2757377625, 32.7285270691, 33.1813163757, 33.6341018677, 34.0752830505, 34.5280723572, 34.9808616638, 35.4336509705, 35.8748283386, 36.3276176453, 36.7804069519, 37.2331962585, 37.6859855652, 38.1271629333, 38.5683441162, 39.0095214844, 39.4507026672, 39.8918800354, 40.309841156, 40.7394104004, 41.1689796448, 41.5985488892, 42.0281181335, 42.4576873779, 42.8872566223, 43.3284339905, 43.7696151733, 44.22240448, 44.6868019104, 45.1511993408, 45.6156005859, 46.0683898926, 46.532787323, 46.9855766296, 47.4383659363, 47.9027671814, 48.3439445496, 48.7851219177, 49.2263031006, 49.6674804688, 50.1086616516, 50.5498390198, 50.9910202026, 51.4321975708, 51.8617668152, 52.302947998, 52.7441253662, 53.1969146729, 53.7774124146, 54.3579139709, 54.9384117126, 55.5305213928, 56.122631073, 56.7031288147, 57.2836265564, 57.8757362366, 58.4678459167, 59.0483436584, 59.6288414001, 60.2093429565, 60.801448822, 61.3935585022, 61.9740562439, 62.5545578003, 63.135055542, 63.7271652222, 64.3076629639, 64.8881607056, 65.4802703857, 66.0607681274, 66.6528778076, 67.2449874878, 67.8254852295, 68.4292068481, 69.0329208374, 69.6482543945, 70.2519683838, 70.8556900024, 71.4594116211, 72.0631256104, 72.666847229, 73.2589569092, 73.8626708984, 74.4663925171, 75.0701141357, 75.673828125, 76.2775497437, 76.8696594238, 77.461769104, 78.0538787842, 78.6459884644, 79.2497024536, 79.8534240723, 80.4571380615, 81.0608596802, 81.6645812988, 82.2682952881, 82.8720169067, 83.4757385254, 84.0678405762, 84.6599502563, 85.2520599365, 85.8441696167, 86.4595031738, 87.0748291016, 87.6785507202, 88.270652771, 88.8743743896, 89.4664840698, 90.0702056885, 90.6739196777, 91.3008575439, 91.9277954102, 92.5663452148, 93.2048950195, 93.8318328857, 94.4471664429, 95.0624923706, 95.6894302368, 96.316368103, 96.9317016602, 97.5470275879, 98.1623535156, 98.7660751343, 99.3697967529, 99.9619064331, 100.565620422, 101.169342041, 101.77305603, 102.36516571, 102.957275391, 103.560997009, 104.164710999, 104.768432617, 105.372154236, 105.975868225, 106.567977905, 107.160087585, 107.763809204, 108.367523193, 108.959632874, 109.551742554, 110.132240295, 110.712738037, 111.293243408, 111.87374115, 112.454238892, 113.034736633, 113.603622437, 114.172515869, 114.741401672, 115.321899414, 115.890792847, 116.331970215, 116.773147583, 117.202720642, 117.655509949, 118.108299255, 118.561088562, 119.025482178, 119.466667175, 119.907844543, 120.36063385, 120.801811218, 121.254600525, 121.858322144, 122.462036133, 123.065757751, 123.66947937, 124.273193359, 124.876914978, 125.480628967, 126.072738647, 126.664848328, 127.245346069, 127.82585144, 128.406341553, 128.998458862, 129.590560913, 130.171066284, 130.763168335, 131.343673706, 131.935775757, 132.516281128, 133.108383179, 133.700500488, 134.280990601, 134.861495972, 135.441986084, 136.034103394, 136.626205444, 137.206710815, 137.787200928, 138.367706299, 138.94821167, 139.517089844, 140.085983276, 140.666488647, 141.24697876, 141.827484131, 142.407974243, 142.976867676, 143.545761108, 144.126251221, 144.695144653, 145.252426147, 145.82131958, 146.390197754, 146.959091187, 147.527984619, 148.096862793, 148.677368164, 149.257858276, 149.826751709, 150.395645142, 150.964538574, 151.533416748, 152.102310181, 152.671203613, 153.240081787, 153.80897522, 154.377868652, 154.935150146, 155.492416382, 156.072921753, 156.641815186, 157.210693359, 157.779586792, 158.360092163, 158.940582275, 159.49786377, 160.066757202, 160.635650635, 161.216140747, 161.78503418, 162.353912354, 162.934417725, 163.503311157, 164.072189331, 164.641082764, 165.209976196, 165.790466309, 166.359359741, 166.928253174, 167.497146606, 168.06602478, 168.646530151, 169.227020264, 169.784301758, 170.35319519, 170.922088623, 171.490966797, 172.059860229, 172.628753662, 173.197631836, 173.778137207, 174.358642578, 174.93913269, 175.508026123, 176.076919556, 176.645797729, 177.214691162, 177.795196533, 178.364074707, 178.93296814, 179.501861572, 180.070739746, 180.639633179, 181.208526611, 181.789016724, 182.357910156, 182.926803589, 183.495681763, 184.064575195, 184.645080566, 185.21395874, 185.782852173, 186.363357544, 186.932235718, 187.512741089, 188.081634521, 188.650512695, 189.219406128, 189.788299561, 190.357177734, 190.937683105, 191.506576538, 192.075454712, 192.655960083, 193.236465454, 193.805343628, 194.374237061, 194.943130493, 195.523620605, 196.092514038, 196.661407471, 197.230285645, 197.810791016, 198.391296387, 198.960174561, 199.529067993, 200.097961426, 200.6668396, 201.235733032, 201.793014526, 202.361907959, 202.942398071, 203.522903442, 204.103393555, 204.683898926, 205.252792358, 205.821670532, 206.390563965, 206.959457397, 207.53994751, 208.120452881, 208.712554932, 209.293060303]
    bpm_estimates: [103.359375, 105.468772888, 105.46875, 103.359359741, 103.359405518, 105.468704224, 105.468788147, 103.359405518, 103.359321594, 105.468788147, 105.468704224, 103.359405518, 103.359321594, 105.468788147, 105.468788147, 103.359405518, 105.468612671, 105.468788147, 103.359405518, 103.359405518, 103.359405518, 107.665885925, 103.359405518, 103.359405518, 105.468788147, 105.468788147, 103.359237671, 103.359573364, 103.359237671, 105.468612671, 103.359573364, 103.358894348, 103.359573364, 101.332580566, 101.332580566, 103.359573364, 103.359573364, 101.332580566, 101.332580566, 103.359573364, 103.359573364, 103.358894348, 101.333229065, 101.332580566, 103.359573364, 103.358894348, 103.359573364, 101.332580566, 103.359573364, 103.359573364, 101.332580566, 103.359573364, 101.332580566, 101.332580566, 103.359573364, 101.332580566, 101.332580566, 101.332580566, 101.332580566, 101.332580566, 101.333885193, 101.332580566, 101.332580566, 101.332580566, 101.333885193, 101.332580566, 101.332580566, 101.332580566, 101.332580566, 101.332580566, 101.332580566, 101.332580566, 101.332580566, 103.359573364, 103.359573364, 103.358215332, 103.359573364, 103.359573364, 103.359573364, 105.469322205, 105.467910767, 105.469322205, 103.359573364, 105.467910767, 101.332580566, 101.332580566, 103.359573364, 103.358215332, 103.360931396, 101.331268311, 101.333885193, 103.358215332, 101.333885193, 103.358215332, 101.333885193, 103.358215332, 101.333885193, 101.331268311, 103.360931396, 103.358215332, 103.360931396, 101.331268311, 101.333885193, 103.358215332, 103.360931396, 103.358215332, 103.358215332, 105.470733643, 105.467910767, 103.358215332, 103.360931396, 103.358215332, 103.360931396, 105.467910767, 105.467910767, 103.360931396, 105.467910767, 107.665519714, 105.467910767, 105.470733643, 105.467910767, 105.467910767, 105.470733643, 103.358215332, 103.360931396, 105.467910767, 105.467910767, 105.467910767, 105.470733643, 105.467910767, 105.467910767, 105.470733643, 105.467910767, 105.467910767, 107.665519714, 107.668464661, 103.358215332, 105.467910767, 105.470733643, 105.467910767, 103.358215332, 103.360931396, 107.665519714, 105.467910767, 105.467910767, 103.360931396, 105.467910767, 105.470733643, 103.358215332, 105.467910767, 105.470733643, 105.467910767, 105.467910767, 103.360931396, 105.467910767, 105.467910767, 105.467910767, 105.470733643, 103.358215332, 103.360931396, 107.665519714, 105.467910767, 105.467910767, 105.470733643, 105.467910767, 105.467910767, 105.470733643, 103.358215332, 103.358215332, 103.360931396, 105.467910767, 105.467910767, 105.470733643, 105.467910767, 103.358215332, 105.470733643, 105.467910767, 105.467910767, 105.470733643, 105.467910767, 105.467910767, 103.360931396, 105.467910767, 105.467910767, 105.470733643, 105.467910767, 103.358215332, 105.470733643, 105.467910767, 103.358215332, 105.470733643, 103.358215332, 105.467910767, 105.470733643, 105.467910767, 105.467910767, 105.470733643, 103.358215332, 105.467910767, 105.470733643, 103.358215332, 103.358215332, 105.470733643, 105.467910767, 105.467910767, 103.360931396, 105.467910767, 105.467910767, 105.470733643, 103.358215332, 103.358215332, 105.470733643, 105.467910767, 105.467910767, 105.470733643, 105.467910767, 107.665519714, 105.467910767, 103.360931396, 103.358215332, 103.360931396, 103.358215332, 105.467910767, 105.470733643, 105.467910767, 105.467910767, 103.360931396, 103.358215332, 101.333885193, 103.358215332]
