
metadata:
    version:
        essentia: "2.1-beta2"
    audio_properties:
        analysis_sample_rate: 44100
        bitrate: 230
        channels: 2
        equal_loudness: 1
        length: 94.4326553345
        replay_gain: -11.8576564789
        downmix: "mix"
    tags:
        album: "Fight The Silence"
        artist: "For Today"
        comment: ""
        date: "2014;ATE"
        genre: "Metal"
        title: "Resonate"
        tracknumber: "11/12"

configuration:
    average_loudness:
        compute: 1
        frameSize: 88200
        hopSize: 44100
        silentFrames: "noise"
        windowType: "hann"
    general:
        analysisSampleRate: 44100
        endTime: 2000
        equalLoudness: 1
        nequalLoudness: 0
        shortSound: 0
        startTime: 0
    lowlevel:
        compute: 1
        frameSize: 2048
        hopSize: 1024
        zeroPadding: 0
        silentFrames: "noise"
        windowType: "blackmanharris62"
        mfccStats: ["mean", "cov", "icov"]
        stats: ["mean", "var", "median", "min", "max", "dmean", "dmean2", "dvar", "dvar2"]
    panning:
        compute: 0
        frameSize: 8192
        hopSize: 2048
        zeroPadding: 8192
        silentFrames: "noise"
        windowType: "hann"
        stats: ["copy"]
    rhythm:
        compute: 1
        maxTempo: 208
        minTempo: 40
        method: "degara"
        stats: ["mean", "var", "median", "min", "max", "dmean", "dmean2", "dvar", "dvar2"]
    segmentation:
        compute: 0
        cpw: 5
        inc1: 300
        inc2: 50
        minimumSegmentsLength: 10
        size1: 1000
        size2: 600
    sfx:
        compute: 1
        stats: ["mean", "var", "median", "min", "max", "dmean", "dmean2", "dvar", "dvar2"]
    svm:
        compute: 0
    tonal:
        compute: 1
        frameSize: 4096
        hopSize: 2048
        zeroPadding: 0
        silentFrames: "noise"
        windowType: "blackmanharris62"
        stats: ["mean", "var", "median", "min", "max", "dmean", "dmean2", "dvar", "dvar2"]

lowlevel:
    average_loudness: 0.673657298088
    barkbands_kurtosis:
        dmean: 1.14326298237
        dmean2: 1.75874996185
        dvar: 1.6471657753
        dvar2: 3.71477651596
        max: 26.9827346802
        mean: 2.91919064522
        median: 1.95140719414
        min: -1.76731920242
        var: 12.3779935837
    barkbands_skewness:
        dmean: 0.27360406518
        dmean2: 0.417222380638
        dvar: 0.0599545538425
        dvar2: 0.141158044338
        max: 4.58088588715
        mean: 1.46616077423
        median: 1.3938639164
        min: -0.142566710711
        var: 0.467742174864
    barkbands_spread:
        dmean: 1.99221932888
        dmean2: 3.03036236763
        dvar: 4.6372833252
        dvar2: 9.8990316391
        max: 47.3316955566
        mean: 12.5651369095
        median: 11.9185314178
        min: 2.03349852562
        var: 30.7944145203
    dissonance:
        dmean: 0.0267448220402
        dmean2: 0.0449874773622
        dvar: 0.000528432021383
        dvar2: 0.0014543965226
        max: 0.498778522015
        mean: 0.433754205704
        median: 0.439484894276
        min: 0.239532440901
        var: 0.0014044046402
    hfc:
        dmean: 0.420537680387
        dmean2: 0.627656638622
        dvar: 0.326353520155
        dvar2: 0.68957644701
        max: 18.7475204468
        mean: 2.76602888107
        median: 2.13219165802
        min: 5.98156972842e-008
        var: 5.32616949081
    pitch:
        dmean: 64.0147171021
        dmean2: 122.056938171
        dvar: 38442.9414063
        dvar2: 101486.984375
        max: 4825.140625
        mean: 232.510269165
        median: 197.557281494
        min: 65.044670105
        var: 31939.3320313
    pitch_instantaneous_confidence:
        dmean: 0.0637962594628
        dmean2: 0.10030271858
        dvar: 0.00349861010909
        dvar2: 0.00851354934275
        max: 0.891437411308
        mean: 0.518720269203
        median: 0.511032044888
        min: 0.0682490468025
        var: 0.0174317285419
    pitch_salience:
        dmean: 0.0455694869161
        dmean2: 0.0721567645669
        dvar: 0.00149248936214
        dvar2: 0.00377103220671
        max: 0.819759964943
        mean: 0.584932804108
        median: 0.589242815971
        min: 0.33892557025
        var: 0.00616981368512
    silence_rate_20dB:
        dmean: 0
        dmean2: 0
        dvar: 0
        dvar2: 0
        max: 1
        mean: 1
        median: 1
        min: 1
        var: 0
    silence_rate_30dB:
        dmean: 0
        dmean2: 0
        dvar: 0
        dvar2: 0
        max: 1
        mean: 1
        median: 1
        min: 1
        var: 0
    silence_rate_60dB:
        dmean: 0.0614703707397
        dmean2: 0.122970975935
        dvar: 0.0576948747039
        dvar2: 0.129007324576
        max: 1
        mean: 0.516961634159
        median: 1
        min: 0
        var: 0.249721199274
    spectral_centroid:
        dmean: 67.0249176025
        dmean2: 105.301933289
        dvar: 5764.24316406
        dvar2: 12910.1767578
        max: 2166.53344727
        mean: 727.121582031
        median: 704.550231934
        min: 358.445983887
        var: 32070.1992188
    spectral_complexity:
        dmean: 1.23284971714
        dmean2: 2.07132315636
        dvar: 1.57672822475
        dvar2: 4.03517007828
        max: 23
        mean: 8.80948829651
        median: 9
        min: 0
        var: 20.8529624939
    spectral_crest:
        dmean: 1.6129732132
        dmean2: 2.54245853424
        dvar: 2.13417506218
        dvar2: 5.53301477432
        max: 22.6549739838
        mean: 8.78695487976
        median: 8.09702682495
        min: 2.29979705811
        var: 10.1934747696
    spectral_decrease:
        dmean: 1.45357656467e-010
        dmean2: 2.19917181687e-010
        dvar: 3.02130788351e-020
        dvar2: 6.80571573149e-020
        max: -5.87760173926e-018
        mean: -9.22095566569e-010
        median: -7.64654395358e-010
        min: -4.17420142895e-009
        var: 4.56295469954e-019
    spectral_energy:
        dmean: 0.000579467683565
        dmean2: 0.000876572623383
        dvar: 4.82120071865e-007
        dvar2: 1.07476409994e-006
        max: 0.0171806626022
        mean: 0.00373108568601
        median: 0.00307909538969
        min: 2.76088804596e-011
        var: 7.55303517508e-006
    spectral_energyband_high:
        dmean: 6.98570738678e-006
        dmean2: 1.07228224806e-005
        dvar: 4.36611635735e-010
        dvar2: 9.33862542851e-010
        max: 0.00050026923418
        mean: 1.83940392162e-005
        median: 8.36849176267e-006
        min: 3.8773428912e-012
        var: 1.04137054535e-009
    spectral_energyband_low:
        dmean: 4.92658473377e-005
        dmean2: 8.03791626822e-005
        dvar: 5.4277977668e-009
        dvar2: 1.56899115922e-008
        max: 0.00148746185005
        mean: 0.000163492324646
        median: 0.000145417361637
        min: 4.25678887755e-013
        var: 2.08581276695e-008
    spectral_energyband_middle_high:
        dmean: 0.000207807970583
        dmean2: 0.000301017076708
        dvar: 1.01434650901e-007
        dvar2: 2.17975056671e-007
        max: 0.00888289324939
        mean: 0.000921025522985
        median: 0.000630203576293
        min: 1.37733826081e-011
        var: 9.58415057539e-007
    spectral_energyband_middle_low:
        dmean: 0.000530913763214
        dmean2: 0.000810365192592
        dvar: 4.01765305469e-007
        dvar2: 9.52236462126e-007
        max: 0.0131696732715
        mean: 0.00276297982782
        median: 0.00236337818205
        min: 9.99270804991e-012
        var: 4.09041149396e-006
    spectral_flatness_db:
        dmean: 0.0156838670373
        dmean2: 0.0258876252919
        dvar: 0.0001960915979
        dvar2: 0.000559116073418
        max: 0.463488519192
        mean: 0.250376224518
        median: 0.233708515763
        min: 0.0787411555648
        var: 0.00339576345868
    spectral_flux:
        dmean: 0.00461271964014
        dmean2: 0.00741866836324
        dvar: 2.39234632318e-005
        dvar2: 5.80950691074e-005
        max: 0.07726316154
        mean: 0.0208703707904
        median: 0.0202226918191
        min: 2.94145320368e-006
        var: 0.000140110540087
    spectral_kurtosis:
        dmean: 7.14008426666
        dmean2: 12.5478935242
        dvar: 79.2309341431
        dvar2: 244.117385864
        max: 84.5573348999
        mean: 16.0474700928
        median: 11.8728380203
        min: -0.0459731072187
        var: 166.915222168
    spectral_rms:
        dmean: 0.000138407776831
        dmean2: 0.000209698555409
        dvar: 1.93873290755e-008
        dvar2: 4.44874359573e-008
        max: 0.00409409590065
        mean: 0.00175409973599
        median: 0.00173320388421
        min: 1.64120365298e-007
        var: 5.63222272376e-007
    spectral_rolloff:
        dmean: 194.562652588
        dmean2: 333.389434814
        dvar: 92017.3515625
        dvar2: 215791
        max: 4392.7734375
        mean: 1125.87011719
        median: 990.52734375
        min: 344.53125
        var: 259335.640625
    spectral_skewness:
        dmean: 0.532285094261
        dmean2: 0.920011162758
        dvar: 0.346494108438
        dvar2: 1.07917034626
        max: 6.92347574234
        mean: 2.63949990273
        median: 2.45568752289
        min: 0.735315561295
        var: 0.71765345335
    spectral_spread:
        dmean: 241105.453125
        dmean2: 369266.78125
        dvar: 278113517568
        dvar2: 333262684160
        max: 31620354
        mean: 2355258.5
        median: 2254808.75
        min: 810803.9375
        var: 1.17544688026e+012
    spectral_strongpeak:
        dmean: 0.177027270198
        dmean2: 0.291797250509
        dvar: 0.0721561387181
        dvar2: 0.186821728945
        max: 3.79614019394
        mean: 0.572546899319
        median: 0.491839170456
        min: 1.1539852494e-005
        var: 0.187785580754
    zerocrossingrate:
        dmean: 0.00387803604826
        dmean2: 0.00495042232797
        dvar: 1.35449245136e-005
        dvar2: 2.00461672648e-005
        max: 0.1279296875
        mean: 0.0437021329999
        median: 0.04248046875
        min: 0.00244140625
        var: 0.0001394492283
    barkbands:
        dmean: [1.43250966644e-009, 1.50621178818e-006, 2.04221796594e-005, 6.40353900963e-005, 0.000142903765664, 0.000251779361861, 0.000202367751626, 0.00017623975873, 0.000103837242932, 0.000106537983811, 4.9856298574e-005, 5.8073845139e-005, 5.48558200535e-005, 3.44126128766e-005, 4.0244536649e-005, 1.18285470307e-005, 4.38872666564e-005, 1.88199392142e-005, 2.20924557652e-005, 1.36511271194e-005, 3.43460806107e-006, 1.29585896502e-006, 2.01977996994e-007, 8.30965305454e-008, 3.94245667223e-008, 5.91856508247e-010, 1.54864995827e-010]
        dmean2: [2.60620924841e-009, 2.57824649452e-006, 3.2785548683e-005, 0.000103724058135, 0.000226375210332, 0.000415729620727, 0.000280611246126, 0.000252841186011, 0.000146752834553, 0.000144675650517, 7.36040965421e-005, 8.64409448695e-005, 8.53848614497e-005, 5.54398648092e-005, 6.41956576146e-005, 1.95645006897e-005, 7.12112596375e-005, 3.11775656883e-005, 3.53777722921e-005, 2.20625333895e-005, 5.38099266123e-006, 1.92973948288e-006, 2.92031813842e-007, 1.18214373401e-007, 5.56159065468e-008, 9.33897847943e-010, 2.85486662088e-010]
        dvar: [4.3507963141e-018, 1.47392931193e-011, 1.1420518975e-009, 1.02838004779e-008, 4.91527778479e-008, 1.25059244738e-007, 1.08105673746e-007, 9.45874489844e-008, 3.34854384221e-008, 3.7413919074e-008, 1.18394458681e-008, 2.00363476921e-008, 2.19100613208e-008, 7.23179338635e-009, 9.47329059642e-009, 7.1015071601e-010, 1.01441601785e-008, 1.08092257367e-009, 1.49025936036e-009, 8.16635370438e-010, 1.42971690043e-010, 1.83941802762e-011, 4.39566731538e-013, 1.6340383636e-013, 2.3531815331e-014, 1.36087100905e-017, 5.63509554471e-020]
        dvar2: [1.34138627341e-017, 4.51265275148e-011, 3.16656678656e-009, 3.0295442599e-008, 1.29463941789e-007, 3.66520936268e-007, 1.9663369244e-007, 1.78561734288e-007, 6.53214655699e-008, 6.55187548659e-008, 2.52455336636e-008, 3.97634636329e-008, 5.47206013835e-008, 1.75592695939e-008, 2.03576071556e-008, 1.92386817588e-009, 2.48443399187e-008, 3.02010927378e-009, 3.68184149835e-009, 2.07287409459e-009, 3.27983279425e-010, 3.64830977928e-011, 7.27897885196e-013, 3.27458058499e-013, 4.48682669523e-014, 3.3041686555e-017, 1.79413846351e-019]
        max: [2.3408857075e-008, 6.20486680418e-005, 0.000785435317084, 0.00199685734697, 0.00375033309683, 0.00902677513659, 0.00809273403138, 0.0111807975918, 0.00553230848163, 0.00535211991519, 0.00251638772897, 0.00325230578892, 0.00472250115126, 0.00158799998462, 0.00265539134853, 0.000601186591666, 0.00320893805474, 0.000953026057687, 0.000678229378536, 0.000549796735868, 0.000305796245812, 0.000105702216388, 2.18205314013e-005, 1.69288596226e-005, 4.51553569292e-006, 1.44637127164e-007, 2.1756181301e-009]
        mean: [1.54211077241e-009, 2.99879866361e-006, 6.89432708896e-005, 0.00015872111544, 0.000394373462768, 0.000707375002094, 0.000634644122329, 0.000473018240882, 0.00029955280479, 0.000266099639703, 0.000100098732219, 0.000125355756609, 0.000100468496385, 6.31354923826e-005, 7.69285688875e-005, 2.43253107328e-005, 9.25161002669e-005, 4.38524621131e-005, 5.64727524761e-005, 3.1525400118e-005, 6.90936576575e-006, 3.00374904327e-006, 4.98483245792e-007, 1.83682445254e-007, 8.58979944951e-008, 9.3189467254e-010, 1.21125609542e-010]
        median: [6.31674157425e-010, 5.23298353983e-007, 4.25145917688e-005, 0.000119044096209, 0.000238126172917, 0.000553235295229, 0.000388933636714, 0.000211298844079, 0.000136650895001, 0.000110537555884, 3.89531123801e-005, 2.82081928162e-005, 1.99126698135e-005, 2.20930996875e-005, 3.02545086015e-005, 1.24545204017e-005, 3.77681135433e-005, 3.04916684399e-005, 3.11485782731e-005, 1.23068803077e-005, 2.39964538196e-006, 7.42559507216e-007, 1.52270445142e-007, 3.66523593698e-008, 1.47609195977e-008, 2.61735466633e-010, 4.18392057111e-011]
        min: [7.25734685921e-018, 9.42823903259e-015, 1.58068341944e-014, 1.04479890451e-012, 5.36973352068e-013, 8.72639959425e-013, 6.49625969337e-013, 3.08457090165e-013, 1.61874821273e-012, 2.35809288762e-012, 2.06232947386e-012, 1.00584904988e-012, 2.51893747831e-013, 2.65917957142e-013, 7.08801290231e-013, 6.32858023798e-013, 1.01835597247e-012, 1.09786843245e-012, 1.47811732472e-012, 2.38734726432e-012, 1.6809860795e-012, 5.80019918813e-013, 2.26744540028e-013, 1.35131706172e-013, 1.36825473911e-013, 1.44603821511e-014, 6.03629030136e-016]
        var: [6.37909073897e-018, 3.87786816547e-011, 7.06262781591e-009, 2.47834091027e-008, 1.98891967784e-007, 4.21687161634e-007, 7.02313911916e-007, 7.3502764053e-007, 2.06384243029e-007, 1.90030263525e-007, 3.36643282139e-008, 7.3068598283e-008, 5.97407066039e-008, 1.53880819198e-008, 2.55485730349e-008, 1.44079759234e-009, 2.48474218978e-008, 2.53184517796e-009, 4.70773375838e-009, 2.50363263454e-009, 2.45929387965e-010, 4.99039143342e-011, 1.63503011043e-012, 4.10044665323e-013, 6.31624879352e-014, 1.61324141511e-017, 4.54765224594e-020]
    frequency_bands:
        dmean: [1.43250966644e-009, 1.50621178818e-006, 2.04221796594e-005, 6.40353900963e-005, 0.000142903765664, 0.000251779361861, 0.000202367751626, 0.00017623975873, 0.000103837242932, 0.000106537983811, 4.9856298574e-005, 5.8073845139e-005, 5.48558200535e-005, 3.44126128766e-005, 4.0244536649e-005, 1.18285470307e-005, 4.38872666564e-005, 1.88199392142e-005, 2.20924557652e-005, 1.36511271194e-005, 3.43460806107e-006, 1.29585896502e-006, 2.01977996994e-007, 8.30965305454e-008, 3.94245667223e-008, 5.91856508247e-010, 1.54864995827e-010, 4.42800865419e-011]
        dmean2: [2.60620924841e-009, 2.57824649452e-006, 3.2785548683e-005, 0.000103724058135, 0.000226375210332, 0.000415729620727, 0.000280611246126, 0.000252841186011, 0.000146752834553, 0.000144675650517, 7.36040965421e-005, 8.64409448695e-005, 8.53848614497e-005, 5.54398648092e-005, 6.41956576146e-005, 1.95645006897e-005, 7.12112596375e-005, 3.11775656883e-005, 3.53777722921e-005, 2.20625333895e-005, 5.38099266123e-006, 1.92973948288e-006, 2.92031813842e-007, 1.18214373401e-007, 5.56159065468e-008, 9.33897847943e-010, 2.85486662088e-010, 8.16220285804e-011]
        dvar: [4.3507963141e-018, 1.47392931193e-011, 1.1420518975e-009, 1.02838004779e-008, 4.91527778479e-008, 1.25059244738e-007, 1.08105673746e-007, 9.45874489844e-008, 3.34854384221e-008, 3.7413919074e-008, 1.18394458681e-008, 2.00363476921e-008, 2.19100613208e-008, 7.23179338635e-009, 9.47329059642e-009, 7.1015071601e-010, 1.01441601785e-008, 1.08092257367e-009, 1.49025936036e-009, 8.16635370438e-010, 1.42971690043e-010, 1.83941802762e-011, 4.39566731538e-013, 1.6340383636e-013, 2.3531815331e-014, 1.36087100905e-017, 5.63509554471e-020, 4.60717709986e-021]
        dvar2: [1.34138627341e-017, 4.51265275148e-011, 3.16656678656e-009, 3.0295442599e-008, 1.29463941789e-007, 3.66520936268e-007, 1.9663369244e-007, 1.78561734288e-007, 6.53214655699e-008, 6.55187548659e-008, 2.52455336636e-008, 3.97634636329e-008, 5.47206013835e-008, 1.75592695939e-008, 2.03576071556e-008, 1.92386817588e-009, 2.48443399187e-008, 3.02010927378e-009, 3.68184149835e-009, 2.07287409459e-009, 3.27983279425e-010, 3.64830977928e-011, 7.27897885196e-013, 3.27458058499e-013, 4.48682669523e-014, 3.3041686555e-017, 1.79413846351e-019, 1.46680916876e-020]
        max: [2.3408857075e-008, 6.20486680418e-005, 0.000785435317084, 0.00199685734697, 0.00375033309683, 0.00902677513659, 0.00809273403138, 0.0111807975918, 0.00553230848163, 0.00535211991519, 0.00251638772897, 0.00325230578892, 0.00472250115126, 0.00158799998462, 0.00265539134853, 0.000601186591666, 0.00320893805474, 0.000953026057687, 0.000678229378536, 0.000549796735868, 0.000305796245812, 0.000105702216388, 2.18205314013e-005, 1.69288596226e-005, 4.51553569292e-006, 1.44637127164e-007, 2.1756181301e-009, 6.22157825259e-010]
        mean: [1.54211077241e-009, 2.99879866361e-006, 6.89432708896e-005, 0.00015872111544, 0.000394373462768, 0.000707375002094, 0.000634644122329, 0.000473018240882, 0.00029955280479, 0.000266099639703, 0.000100098732219, 0.000125355756609, 0.000100468496385, 6.31354923826e-005, 7.69285688875e-005, 2.43253107328e-005, 9.25161002669e-005, 4.38524621131e-005, 5.64727524761e-005, 3.1525400118e-005, 6.90936576575e-006, 3.00374904327e-006, 4.98483245792e-007, 1.83682445254e-007, 8.58979944951e-008, 9.3189467254e-010, 1.21125609542e-010, 3.45439649108e-011]
        median: [6.31674157425e-010, 5.23298353983e-007, 4.25145917688e-005, 0.000119044096209, 0.000238126172917, 0.000553235295229, 0.000388933636714, 0.000211298844079, 0.000136650895001, 0.000110537555884, 3.89531123801e-005, 2.82081928162e-005, 1.99126698135e-005, 2.20930996875e-005, 3.02545086015e-005, 1.24545204017e-005, 3.77681135433e-005, 3.04916684399e-005, 3.11485782731e-005, 1.23068803077e-005, 2.39964538196e-006, 7.42559507216e-007, 1.52270445142e-007, 3.66523593698e-008, 1.47609195977e-008, 2.61735466633e-010, 4.18392057111e-011, 1.18395085402e-011]
        min: [7.25734685921e-018, 9.42823903259e-015, 1.58068341944e-014, 1.04479890451e-012, 5.36973352068e-013, 8.72639959425e-013, 6.49625969337e-013, 3.08457090165e-013, 1.61874821273e-012, 2.35809288762e-012, 2.06232947386e-012, 1.00584904988e-012, 2.51893747831e-013, 2.65917957142e-013, 7.08801290231e-013, 6.32858023798e-013, 1.01835597247e-012, 1.09786843245e-012, 1.47811732472e-012, 2.38734726432e-012, 1.6809860795e-012, 5.80019918813e-013, 2.26744540028e-013, 1.35131706172e-013, 1.36825473911e-013, 1.44603821511e-014, 6.03629030136e-016, 4.18008360646e-018]
        var: [6.37909073897e-018, 3.87786816547e-011, 7.06262781591e-009, 2.47834091027e-008, 1.98891967784e-007, 4.21687161634e-007, 7.02313911916e-007, 7.3502764053e-007, 2.06384243029e-007, 1.90030263525e-007, 3.36643282139e-008, 7.3068598283e-008, 5.97407066039e-008, 1.53880819198e-008, 2.55485730349e-008, 1.44079759234e-009, 2.48474218978e-008, 2.53184517796e-009, 4.70773375838e-009, 2.50363263454e-009, 2.45929387965e-010, 4.99039143342e-011, 1.63503011043e-012, 4.10044665323e-013, 6.31624879352e-014, 1.61324141511e-017, 4.54765224594e-020, 3.71586333265e-021]
    mfcc:
        mean: [-799.048278809, 166.919189453, -52.2052116394, 18.3276805878, -22.5682792664, -35.1950378418, -12.7081661224, -15.9026851654, -16.5993976593, -11.2086000443, -9.21196556091, -13.4284133911, -7.18153524399]
        cov: [[7572.61914063, 1929.31628418, -1202.61291504, 952.758483887, -623.549682617, 233.938522339, -82.3568267822, -205.979034424, -116.872581482, -209.663528442, 280.441192627, -30.020822525, 43.7427406311], [1929.31628418, 1243.13110352, -405.062530518, 142.267593384, -36.0335388184, -275.915893555, -21.266494751, -94.8999633789, -134.005783081, -18.4903526306, -24.3570575714, -49.0982284546, -0.781034648418], [-1202.61291504, -405.062530518, 359.653045654, -122.677436829, 81.7149963379, 19.5457859039, 22.7001094818, 48.5071983337, 50.2849464417, 40.7934608459, -27.5172538757, 30.1928863525, -4.23466062546], [952.758483887, 142.267593384, -122.677436829, 304.380462646, -38.10572052, 120.300285339, 17.9544258118, -16.0247058868, 58.8424949646, -19.2012233734, 55.5934181213, 28.359172821, 45.0336685181], [-623.549682617, -36.0335388184, 81.7149963379, -38.10572052, 199.748672485, -46.5654792786, -7.07463264465, -4.76866197586, 12.1568660736, 44.5101470947, -29.9211349487, -13.8055524826, -2.21726870537], [233.938522339, -275.915893555, 19.5457859039, 120.300285339, -46.5654792786, 343.874511719, 80.2179489136, 49.606716156, 89.3557739258, -23.5659980774, 93.75806427, 59.6486282349, 33.6877174377], [-82.3568267822, -21.266494751, 22.7001094818, 17.9544258118, -7.07463264465, 80.2179489136, 138.140167236, 56.8684196472, 32.7767562866, 3.76274657249, -2.8567109108, 49.3448791504, 33.5141220093], [-205.979034424, -94.8999633789, 48.5071983337, -16.0247058868, -4.76866197586, 49.606716156, 56.8684196472, 111.938369751, 46.7764129639, -6.00446796417, 2.80849575996, 23.7565174103, 27.7831115723], [-116.872581482, -134.005783081, 50.2849464417, 58.8424949646, 12.1568660736, 89.3557739258, 32.7767562866, 46.7764129639, 130.23197937, 17.52576828, 7.13229179382, 31.0162639618, 24.1551151276], [-209.663528442, -18.4903526306, 40.7934608459, -19.2012233734, 44.5101470947, -23.5659980774, 3.76274657249, -6.00446796417, 17.52576828, 73.2490921021, 12.3806180954, -1.93552958965, -9.22072601318], [280.441192627, -24.3570575714, -27.5172538757, 55.5934181213, -29.9211349487, 93.75806427, -2.8567109108, 2.80849575996, 7.13229179382, 12.3806180954, 115.588523865, 24.5173072815, -7.77321100235], [-30.020822525, -49.0982284546, 30.1928863525, 28.359172821, -13.8055524826, 59.6486282349, 49.3448791504, 23.7565174103, 31.0162639618, -1.93552958965, 24.5173072815, 99.1512069702, 50.6215248108], [43.7427406311, -0.781034648418, -4.23466062546, 45.0336685181, -2.21726870537, 33.6877174377, 33.5141220093, 27.7831115723, 24.1551151276, -9.22072601318, -7.77321100235, 50.6215248108, 96.5020599365]]
        icov: [[0.00110528827645, -0.00137444899883, 0.000966778839938, -0.0017546848394, 0.00215254048817, -0.00135962653439, 0.00116885558236, 6.50395377306e-005, 0.000326645735186, 1.95862030523e-005, -0.000265664653853, 0.000230110483244, 0.000226566960919], [-0.00137444899883, 0.00372905307449, 0.000570690084714, 0.00114105828106, -0.00292947515845, 0.00376943731681, -0.00280448258854, 0.000178171059815, 0.000320521066897, 5.15152605658e-005, -0.00015012951917, -0.000340185972163, -0.000223701907089], [0.000966778839938, 0.000570690084714, 0.00692307529971, -0.000650625675917, 0.000466426659841, -0.000525473617017, 0.000866148096975, -0.00101888575591, -3.05535977532e-005, -0.00174736231565, 0.00107435777318, -0.00217123003677, 0.00142667628825], [-0.0017546848394, 0.00114105828106, -0.000650625675917, 0.00931684765965, -0.00347999343649, 0.00045552130905, -0.00200118962675, 0.00266668619588, -0.00450440123677, 0.00165859633125, -0.00175513396971, 0.000599939725362, -0.00305359740742], [0.00215254048817, -0.00292947515845, 0.000466426659841, -0.00347999343649, 0.0108467591926, -0.00273934355937, 0.00276665226556, 0.000406351056881, 0.000491043902002, -0.00363664492033, 0.0010627709562, 0.00143812957685, -0.000366480526282], [-0.00135962653439, 0.00376943731681, -0.000525473617017, 0.00045552130905, -0.00273934355937, 0.0106213195249, -0.00663927104324, 0.00152681802865, -0.00358352041803, 0.00483175320551, -0.00637885043398, 0.00105929048732, -0.00120420090389], [0.00116885558236, -0.00280448258854, 0.000866148096975, -0.00200118962675, 0.00276665226556, -0.00663927104324, 0.0156118376181, -0.00656903209165, 0.00293133850209, -0.00521503249183, 0.00612990558147, -0.00591031042859, 0.00163210590836], [6.50395377306e-005, 0.000178171059815, -0.00101888575591, 0.00266668619588, 0.000406351056881, 0.00152681802865, -0.00656903209165, 0.0160333607346, -0.00626734970137, 0.00520944129676, -0.00457365205511, 0.0036591575481, -0.00439687166363], [0.000326645735186, 0.000320521066897, -3.05535977532e-005, -0.00450440123677, 0.000491043902002, -0.00358352041803, 0.00293133850209, -0.00626734970137, 0.0153585756198, -0.00670636305586, 0.00526568572968, -0.00325868022628, 0.001652212115], [1.95862030523e-005, 5.15152605658e-005, -0.00174736231565, 0.00165859633125, -0.00363664492033, 0.00483175320551, -0.00521503249183, 0.00520944129676, -0.00670636305586, 0.0227081980556, -0.00914980005473, 0.00330773135647, -0.000941811769735], [-0.000265664653853, -0.00015012951917, 0.00107435777318, -0.00175513396971, 0.0010627709562, -0.00637885043398, 0.00612990558147, -0.00457365205511, 0.00526568572968, -0.00914980005473, 0.0186267960817, -0.00719164125621, 0.00550507800654], [0.000230110483244, -0.000340185972163, -0.00217123003677, 0.000599939725362, 0.00143812957685, 0.00105929048732, -0.00591031042859, 0.0036591575481, -0.00325868022628, 0.00330773135647, -0.00719164125621, 0.019929824397, -0.00972197204828], [0.000226566960919, -0.000223701907089, 0.00142667628825, -0.00305359740742, -0.000366480526282, -0.00120420090389, 0.00163210590836, -0.00439687166363, 0.001652212115, -0.000941811769735, 0.00550507800654, -0.00972197204828, 0.0178962480277]]
    sccoeffs:
        dmean: [0.0357398912311, 0.038047246635, 0.0322740226984, 0.0275116059929, 0.0187362767756, 0.0200186800212]
        dmean2: [0.0594423338771, 0.0631320402026, 0.0503315255046, 0.0450659878552, 0.030402129516, 0.0336770191789]
        dvar: [0.0010266713798, 0.00100079237018, 0.000727829872631, 0.000510778161697, 0.000256191357039, 0.000627295230515]
        dvar2: [0.00285885017365, 0.00276499753818, 0.00178748019971, 0.00136086996645, 0.000649968103971, 0.00191445718519]
        max: [-0.303011924028, -0.420219391584, -0.485438853502, -0.588084638119, -0.618628382683, -0.654392004013]
        mean: [-0.523349404335, -0.691646754742, -0.702722191811, -0.741163611412, -0.746728003025, -0.775875449181]
        median: [-0.515518546104, -0.688646733761, -0.703951597214, -0.741158246994, -0.74432259798, -0.771345376968]
        min: [-0.903574049473, -0.962544262409, -0.977357327938, -0.969776690006, -0.965662419796, -0.969066798687]
        var: [0.00800772570074, 0.00522872060537, 0.00389077258296, 0.00230462872423, 0.00169373583049, 0.00157683726866]
    scvalleys:
        dmean: [0.32210111618, 0.281540989876, 0.255370497704, 0.222417667508, 0.180097788572, 0.284296512604]
        dmean2: [0.544568538666, 0.464291781187, 0.414903908968, 0.368083536625, 0.290069967508, 0.463503926992]
        dvar: [0.0977313742042, 0.0739408284426, 0.0617461614311, 0.0542785972357, 0.0535754039884, 0.191202536225]
        dvar2: [0.264036983252, 0.177056238055, 0.145329415798, 0.11615908891, 0.104588672519, 0.560691595078]
        max: [-6.43490552902, -4.87223625183, -5.62382316589, -6.44457578659, -6.87481164932, -9.01491737366]
        mean: [-8.77318477631, -6.45434188843, -7.53613090515, -8.4038772583, -8.94183826447, -12.32807827]
        median: [-8.4663772583, -6.13977432251, -7.24936103821, -8.12176132202, -8.68078041077, -11.7536859512]
        min: [-17.6658802032, -15.9808731079, -16.1064472198, -16.4007644653, -16.0335540771, -17.5153598785]
        var: [2.18376612663, 1.67267656326, 2.01441240311, 1.67994618416, 1.61772572994, 2.96600031853]

rhythm:
    beats_loudness:
        dmean: 0.00138168619014
        dmean2: 0.00228199339472
        dvar: 1.7802713046e-006
        dvar2: 4.30590534961e-006
        max: 0.0154948532581
        mean: 0.00420592539012
        median: 0.00332947354764
        min: 1.25142396445e-009
        var: 9.18982277653e-006
    bpm: 125.849388123
    bpm_confidence: 0
    first_peak_bpm: 126
    first_peak_spread: 0.409937918186
    first_peak_weight: 0.492227971554
    onset_rate: 1.67315006256
    second_peak_bpm: 120
    second_peak_spread: 0.30769225955
    second_peak_weight: 0.0466321259737
    beats_loudness_band_ratio:
        dmean: [0.0529102347791, 0.143193691969, 0.146237626672, 0.0775182545185, 0.0433342754841, 0.016825594008]
        dmean2: [0.0896259471774, 0.249774828553, 0.252368479967, 0.132457286119, 0.073750577867, 0.0297642704099]
        dvar: [0.00244562956505, 0.0122129190713, 0.0123139247298, 0.00498995697126, 0.00309163867496, 0.00114624912385]
        dvar2: [0.00627408688888, 0.0353692956269, 0.0293826982379, 0.012255884707, 0.00795906130224, 0.00344713381492]
        max: [0.332630336285, 0.728043913841, 0.766358554363, 0.498566418886, 0.423524975777, 0.325744122267]
        mean: [0.0922126471996, 0.317622452974, 0.432810217142, 0.148525312543, 0.0693839043379, 0.0237744096667]
        median: [0.0793318599463, 0.311435550451, 0.435562729836, 0.12786462903, 0.0514255426824, 0.0191814005375]
        min: [0.00183904403821, 0.0393507629633, 0.0830155909061, 0.0119401412085, 0.0124766174704, 0.00166846439242]
        var: [0.00440708221868, 0.0221805982292, 0.0216792467982, 0.0101431673393, 0.00331347924657, 0.000754224194679]
    beats_position: [0.476009070873, 0.952018141747, 1.42802715302, 1.91564619541, 2.39165520668, 2.86766433716, 3.33206343651, 3.80807256699, 4.28408145905, 4.76009082794, 5.23609972, 5.71210861206, 6.19972801208, 6.67573690414, 7.1517457962, 7.61614513397, 8.09215450287, 8.56816291809, 9.03256225586, 9.52018165588, 10.0078001022, 10.4838094711, 10.95981884, 11.4242172241, 11.8886165619, 12.3646259308, 12.840634346, 13.3166437149, 13.7926530838, 14.268661499, 14.7446708679, 15.2322902679, 15.7199087143, 16.1959171295, 16.6719264984, 17.1595458984, 17.6471652985, 18.1231746674, 18.5875740051, 19.0519733429, 19.5279808044, 20.0039901733, 20.4799995422, 20.9560089111, 21.43201828, 21.9080276489, 22.3840351105, 22.8484344482, 23.3244438171, 23.800453186, 24.2764625549, 24.7524719238, 25.2284793854, 25.7160987854, 26.2037181854, 26.6797275543, 27.1441268921, 27.6085262299, 28.0729255676, 28.5605430603, 29.0365524292, 29.5125617981, 29.988571167, 30.4645805359, 30.9405899048, 31.4282073975, 31.9042167664, 32.391834259, 32.8678436279, 33.3438529968, 33.8198623657, 34.2958717346, 34.7718811035, 35.2478904724, 35.7238998413, 36.1999092102, 36.6759185791, 37.1403160095, 37.6163253784, 38.0923347473, 38.5683441162, 39.0443534851, 39.520362854, 39.9963722229, 40.4723815918, 40.9599990845, 41.4476165771, 41.9120178223, 42.3764152527, 42.8524246216, 43.3284339905, 43.8044433594, 44.2804527283, 44.7564620972, 45.2324714661, 45.7200889587, 46.2077102661, 46.683719635, 47.1597251892, 47.6357345581, 48.111743927, 48.5761451721, 49.052154541, 49.5165519714, 49.9925613403, 50.4685707092, 50.9445800781, 51.420589447, 51.8965988159, 52.3842163086, 52.871837616, 53.3710632324, 53.8586845398, 54.3579139709, 54.8571434021, 55.3563690186, 55.8439903259, 56.3316078186, 56.8308372498, 57.3300666809, 57.8292961121, 58.3169136047, 58.8045349121, 59.280544281, 59.7681617737, 60.2441711426, 60.7201805115, 61.1961898804, 61.6605873108, 62.1249885559, 62.6009979248, 63.0770072937, 63.5414047241, 64.0058059692, 64.4818115234, 64.957824707, 65.3873901367, 65.7937393188, 66.200088501, 66.6064376831, 67.0824508667, 67.5584564209, 68.0344696045, 68.5104751587, 68.9864807129, 69.474105835, 69.9617233276, 70.4493408203, 70.9253463745, 71.4129714966, 71.8889770508, 72.3765945435, 72.8526077271, 73.3286132813, 73.8162307739, 74.303855896, 74.7914733887, 75.2790908813, 75.7783203125, 76.2543258667, 76.7419509888, 77.2295684814, 77.7404098511, 78.2512435913, 78.8433532715, 79.4238510132, 80.0159606934, 80.6080703735, 81.2001800537, 81.7342376709, 82.2682952881, 82.8023605347, 83.3364181519, 83.870475769, 84.4161453247, 84.9734191895, 85.5423126221, 86.0995864868, 86.6104278564, 87.1212692261, 87.6204986572, 88.0732879639, 88.537689209, 89.0020828247, 89.4897003174, 89.9773254395, 90.4649429321, 90.9293441772, 91.393737793, 91.8581390381, 92.3225402832, 92.7869338989, 93.2629470825, 93.7389526367]
    bpm_estimates: [126.048019409, 126.048034668, 123.046875, 126.048034668, 126.04800415, 129.19921875, 126.04800415, 126.048065186, 126.047935486, 126.048065186, 126.048065186, 123.046783447, 126.048065186, 126.048065186, 129.199157715, 126.047935486, 126.048194885, 129.199157715, 123.046783447, 123.047027588, 126.047935486, 126.047935486, 129.199417114, 129.199157715, 126.047935486, 126.048194885, 126.047935486, 126.047935486, 126.048194885, 126.047935486, 123.046783447, 123.047027588, 126.048194885, 126.047935486, 123.046783447, 123.046783447, 126.047935486, 129.199157715, 129.199157715, 126.048446655, 126.047935486, 126.047935486, 126.047935486, 126.047935486, 126.047935486, 126.048446655, 129.199157715, 126.047935486, 126.047935486, 126.047935486, 126.047935486, 126.048446655, 123.046783447, 123.046783447, 126.047935486, 129.199157715, 129.199157715, 129.199157715, 123.047264099, 126.047935486, 126.047935486, 126.047935486, 126.047935486, 126.047935486, 123.047264099, 126.047935486, 123.047264099, 126.047935486, 126.047935486, 126.047935486, 126.047935486, 126.047935486, 126.047935486, 126.047935486, 126.047935486, 126.047935486, 129.199676514, 126.047935486, 126.047935486, 126.047935486, 126.047935486, 126.047935486, 126.047935486, 126.047935486, 123.047264099, 123.047264099, 129.198623657, 129.199676514, 126.047935486, 126.047935486, 126.047935486, 126.047935486, 126.047935486, 126.047935486, 123.047264099, 123.046302795, 126.047935486, 126.048950195, 126.047935486, 126.047935486, 129.198623657, 126.047935486, 129.199676514, 126.047935486, 126.047935486, 126.047935486, 126.047935486, 126.047935486, 123.047264099, 123.046302795, 123.046302795, 123.046302795, 123.047264099, 123.047264099, 123.046302795, 126.047935486, 123.047264099, 126.047935486, 126.047935486, 126.047935486, 129.199676514, 129.198623657, 126.047935486, 126.047935486, 129.199676514, 129.198623657, 126.048950195, 126.046928406, 126.046928406, 126.048950195, 126.046928406, 126.048950195, 126.048950195, 123.045341492, 123.047264099, 123.047264099, 126.048950195, 123.045341492, 126.048950195, 123.047264099, 126.046928406, 126.048950195, 123.047264099, 123.045341492, 123.047264099, 123.047264099, 126.048950195, 123.045341492, 123.047264099, 129.198623657, 129.200744629, 123.047264099, 123.045341492, 123.047264099, 129.198623657, 129.200744629, 129.198623657, 129.198623657, 129.200744629, 126.046928406, 126.048950195]
    bpm_intervals: [0.476009070873, 0.476009011269, 0.487619042397, 0.476009011269, 0.476009130478, 0.46439909935, 0.476009130478, 0.476008892059, 0.476009368896, 0.476008892059, 0.476008892059, 0.487619400024, 0.476008892059, 0.476008892059, 0.464399337769, 0.476009368896, 0.476008415222, 0.464399337769, 0.487619400024, 0.48761844635, 0.476009368896, 0.476009368896, 0.464398384094, 0.464399337769, 0.476009368896, 0.476008415222, 0.476009368896, 0.476009368896, 0.476008415222, 0.476009368896, 0.487619400024, 0.48761844635, 0.476008415222, 0.476009368896, 0.487619400024, 0.487619400024, 0.476009368896, 0.464399337769, 0.464399337769, 0.476007461548, 0.476009368896, 0.476009368896, 0.476009368896, 0.476009368896, 0.476009368896, 0.476007461548, 0.464399337769, 0.476009368896, 0.476009368896, 0.476009368896, 0.476009368896, 0.476007461548, 0.487619400024, 0.487619400024, 0.476009368896, 0.464399337769, 0.464399337769, 0.464399337769, 0.487617492676, 0.476009368896, 0.476009368896, 0.476009368896, 0.476009368896, 0.476009368896, 0.487617492676, 0.476009368896, 0.487617492676, 0.476009368896, 0.476009368896, 0.476009368896, 0.476009368896, 0.476009368896, 0.476009368896, 0.476009368896, 0.476009368896, 0.476009368896, 0.46439743042, 0.476009368896, 0.476009368896, 0.476009368896, 0.476009368896, 0.476009368896, 0.476009368896, 0.476009368896, 0.487617492676, 0.487617492676, 0.464401245117, 0.46439743042, 0.476009368896, 0.476009368896, 0.476009368896, 0.476009368896, 0.476009368896, 0.476009368896, 0.487617492676, 0.487621307373, 0.476009368896, 0.476005554199, 0.476009368896, 0.476009368896, 0.464401245117, 0.476009368896, 0.46439743042, 0.476009368896, 0.476009368896, 0.476009368896, 0.476009368896, 0.476009368896, 0.487617492676, 0.487621307373, 0.499225616455, 0.487621307373, 0.499229431152, 0.499229431152, 0.499225616455, 0.487621307373, 0.487617492676, 0.499229431152, 0.499229431152, 0.499229431152, 0.487617492676, 0.487621307373, 0.476009368896, 0.487617492676, 0.476009368896, 0.476009368896, 0.476009368896, 0.46439743042, 0.464401245117, 0.476009368896, 0.476009368896, 0.46439743042, 0.464401245117, 0.476005554199, 0.476013183594, 0.429565429688, 0.406349182129, 0.406349182129, 0.406349182129, 0.476013183594, 0.476005554199, 0.476013183594, 0.476005554199, 0.476005554199, 0.48762512207, 0.487617492676, 0.487617492676, 0.476005554199, 0.48762512207, 0.476005554199, 0.487617492676, 0.476013183594, 0.476005554199, 0.487617492676, 0.48762512207, 0.487617492676, 0.487617492676, 0.499229431152, 0.476005554199, 0.48762512207, 0.487617492676, 0.510841369629, 0.510833740234, 0.592109680176, 0.580497741699, 0.592109680176, 0.592109680176, 0.592109680176, 0.534057617188, 0.534057617188, 0.534065246582, 0.534057617188, 0.534057617188, 0.545669555664, 0.557273864746, 0.568893432617, 0.557273864746, 0.510841369629, 0.510841369629, 0.499229431152, 0.452789306641, 0.464401245117, 0.464393615723, 0.487617492676, 0.48762512207, 0.487617492676, 0.464401245117, 0.464393615723, 0.464401245117, 0.464401245117, 0.464393615723, 0.476013183594, 0.476005554199]
