
metadata:
    version:
        essentia: "2.1-beta2"
    audio_properties:
        analysis_sample_rate: 44100
        bitrate: 285
        channels: 2
        equal_loudness: 1
        length: 278.909393311
        replay_gain: -17.1427993774
        downmix: "mix"
    tags:
        album: "Fight The Silence"
        artist: "For Today"
        comment: ""
        date: "2014;ATE"
        genre: "Metal"
        title: "Hated By The World"
        tracknumber: "12/12"

configuration:
    average_loudness:
        compute: 1
        frameSize: 88200
        hopSize: 44100
        silentFrames: "noise"
        windowType: "hann"
    general:
        analysisSampleRate: 44100
        endTime: 2000
        equalLoudness: 1
        nequalLoudness: 0
        shortSound: 0
        startTime: 0
    lowlevel:
        compute: 1
        frameSize: 2048
        hopSize: 1024
        zeroPadding: 0
        silentFrames: "noise"
        windowType: "blackmanharris62"
        mfccStats: ["mean", "cov", "icov"]
        stats: ["mean", "var", "median", "min", "max", "dmean", "dmean2", "dvar", "dvar2"]
    panning:
        compute: 0
        frameSize: 8192
        hopSize: 2048
        zeroPadding: 8192
        silentFrames: "noise"
        windowType: "hann"
        stats: ["copy"]
    rhythm:
        compute: 1
        maxTempo: 208
        minTempo: 40
        method: "degara"
        stats: ["mean", "var", "median", "min", "max", "dmean", "dmean2", "dvar", "dvar2"]
    segmentation:
        compute: 0
        cpw: 5
        inc1: 300
        inc2: 50
        minimumSegmentsLength: 10
        size1: 1000
        size2: 600
    sfx:
        compute: 1
        stats: ["mean", "var", "median", "min", "max", "dmean", "dmean2", "dvar", "dvar2"]
    svm:
        compute: 0
    tonal:
        compute: 1
        frameSize: 4096
        hopSize: 2048
        zeroPadding: 0
        silentFrames: "noise"
        windowType: "blackmanharris62"
        stats: ["mean", "var", "median", "min", "max", "dmean", "dmean2", "dvar", "dvar2"]

lowlevel:
    average_loudness: 0.828763842583
    barkbands_kurtosis:
        dmean: 0.562933266163
        dmean2: 0.913750529289
        dvar: 0.787968397141
        dvar2: 1.90272283554
        max: 27.0781917572
        mean: -0.329466551542
        median: -0.939214527607
        min: -1.84238660336
        var: 4.63708543777
    barkbands_skewness:
        dmean: 0.327704310417
        dmean2: 0.524918019772
        dvar: 0.0881228074431
        dvar2: 0.217054143548
        max: 3.61972379684
        mean: 0.0745426863432
        median: 0.0082070408389
        min: -4.08761692047
        var: 0.603025794029
    barkbands_spread:
        dmean: 3.74803090096
        dmean2: 5.9357509613
        dvar: 13.6453781128
        dvar2: 32.9558486938
        max: 65.9773788452
        mean: 26.4388751984
        median: 26.4364547729
        min: 1.35722875595
        var: 95.3509292603
    dissonance:
        dmean: 0.0136223332956
        dmean2: 0.023303616792
        dvar: 0.000197704357561
        dvar2: 0.000559390115086
        max: 0.499999880791
        mean: 0.476236879826
        median: 0.483385682106
        min: 0.253370672464
        var: 0.000602081418037
    hfc:
        dmean: 2.04246902466
        dmean2: 3.44694018364
        dvar: 9.00662517548
        dvar2: 24.2576522827
        max: 51.0837287903
        mean: 8.48476600647
        median: 9.07988739014
        min: 1.13457138374e-016
        var: 37.6914978027
    pitch:
        dmean: 604.125488281
        dmean2: 1148.24145508
        dvar: 1129545
        dvar2: 2903026
        max: 4550.00585938
        mean: 914.94921875
        median: 362.087341309
        min: 73.076210022
        var: 1464571.75
    pitch_instantaneous_confidence:
        dmean: 0.075515717268
        dmean2: 0.125779673457
        dvar: 0.00394532550126
        dvar2: 0.010426485911
        max: 0.948199748993
        mean: 0.356273055077
        median: 0.333792805672
        min: 0.10501986742
        var: 0.0155057096854
    pitch_salience:
        dmean: 0.0522585175931
        dmean2: 0.0877548530698
        dvar: 0.00207456341013
        dvar2: 0.00575239770114
        max: 0.952497124672
        mean: 0.668195724487
        median: 0.681877732277
        min: 0.250453919172
        var: 0.00704612256959
    silence_rate_20dB:
        dmean: 0
        dmean2: 0
        dvar: 0
        dvar2: 0
        max: 1
        mean: 1
        median: 1
        min: 1
        var: 0
    silence_rate_30dB:
        dmean: 0
        dmean2: 0
        dvar: 0
        dvar2: 0
        max: 1
        mean: 1
        median: 1
        min: 1
        var: 0
    silence_rate_60dB:
        dmean: 0.0354645363986
        dmean2: 0.0709349736571
        dvar: 0.034201823175
        dvar2: 0.0773780718446
        max: 1
        mean: 0.350037455559
        median: 0
        min: 0
        var: 0.227503702044
    spectral_centroid:
        dmean: 216.070632935
        dmean2: 349.918060303
        dvar: 53966.2851563
        dvar2: 129043.84375
        max: 11659.0957031
        mean: 1698.9777832
        median: 1713.99328613
        min: 312.385742188
        var: 357801.28125
    spectral_complexity:
        dmean: 3.61571764946
        dmean2: 5.98118400574
        dvar: 15.1483268738
        dvar2: 39.2876281738
        max: 48
        mean: 17.4019813538
        median: 19
        min: 0
        var: 116.981300354
    spectral_crest:
        dmean: 1.78317499161
        dmean2: 2.95205688477
        dvar: 2.85727739334
        dvar2: 7.47797393799
        max: 24.6193313599
        mean: 6.87400960922
        median: 5.84509754181
        min: 2.24002075195
        var: 11.2340888977
    spectral_decrease:
        dmean: 1.84231144229e-010
        dmean2: 2.95568597375e-010
        dvar: 6.07928636378e-020
        dvar2: 1.55076473745e-019
        max: 1.92156542602e-028
        mean: -1.02262487367e-009
        median: -1.07947439876e-009
        min: -3.84400555831e-009
        var: 4.49251303255e-019
    spectral_energy:
        dmean: 0.000842572422698
        dmean2: 0.00136886746623
        dvar: 1.30818614252e-006
        dvar2: 3.38849690706e-006
        max: 0.016323717311
        mean: 0.00462921196595
        median: 0.0049641225487
        min: 1.04368285943e-020
        var: 9.21071659832e-006
    spectral_energyband_high:
        dmean: 0.000167873775354
        dmean2: 0.000293135002721
        dvar: 8.82274733272e-008
        dvar2: 2.41125633238e-007
        max: 0.00449450500309
        mean: 0.000384474609746
        median: 0.000335136021022
        min: 7.31518790298e-021
        var: 1.50071826965e-007
    spectral_energyband_low:
        dmean: 9.87681924016e-005
        dmean2: 0.000159641102073
        dvar: 2.08521075962e-008
        dvar2: 5.80344519108e-008
        max: 0.00202995794825
        mean: 0.000274487509159
        median: 0.00025629150332
        min: 1.86546150775e-023
        var: 5.86413726467e-008
    spectral_energyband_middle_high:
        dmean: 0.000601496954914
        dmean2: 0.000970833643805
        dvar: 5.7495742567e-007
        dvar2: 1.44271893987e-006
        max: 0.0131458034739
        mean: 0.00253039505333
        median: 0.0024632466957
        min: 1.31354292082e-021
        var: 3.62626906281e-006
    spectral_energyband_middle_low:
        dmean: 0.000527241150849
        dmean2: 0.000847789633553
        dvar: 5.26382905264e-007
        dvar2: 1.33384673973e-006
        max: 0.0111738173291
        mean: 0.00154785078485
        median: 0.00114085350651
        min: 2.55439522485e-022
        var: 1.90295725133e-006
    spectral_flatness_db:
        dmean: 0.0124034592882
        dmean2: 0.0201295539737
        dvar: 0.00012575146684
        dvar2: 0.00031406537164
        max: 0.39326068759
        mean: 0.165143758059
        median: 0.145254865289
        min: 0.0715661346912
        var: 0.00333922915161
    spectral_flux:
        dmean: 0.00554580241442
        dmean2: 0.00861597713083
        dvar: 3.96874711441e-005
        dvar2: 8.47641931614e-005
        max: 0.109981179237
        mean: 0.0381900258362
        median: 0.0427797921002
        min: 6.6689279099e-011
        var: 0.000394202274038
    spectral_kurtosis:
        dmean: 1.71632599831
        dmean2: 2.98408651352
        dvar: 8.34039497375
        dvar2: 25.9341259003
        max: 64.5981750488
        mean: 4.80978822708
        median: 3.31181120872
        min: -1.22443878651
        var: 28.4074802399
    spectral_rms:
        dmean: 0.000178465255885
        dmean2: 0.000285643298412
        dvar: 4.64783482812e-008
        dvar2: 1.14554410402e-007
        max: 0.00399068649858
        mean: 0.00195382861421
        median: 0.00220069219358
        min: 3.19096723871e-012
        var: 6.98856069903e-007
    spectral_rolloff:
        dmean: 291.82901001
        dmean2: 485.129547119
        dvar: 116430.695313
        dvar2: 282074.5
        max: 19659.8144531
        mean: 3116.50341797
        median: 3316.11328125
        min: 172.265625
        var: 960704.5625
    spectral_skewness:
        dmean: 0.194282338023
        dmean2: 0.325984805822
        dvar: 0.0485285781324
        dvar2: 0.145774185658
        max: 6.33552694321
        mean: 1.46545410156
        median: 1.34834766388
        min: -0.102437138557
        var: 0.316386461258
    spectral_spread:
        dmean: 352117.25
        dmean2: 540520.8125
        dvar: 258138210304
        dvar2: 513690435584
        max: 41216200
        mean: 4070707.75
        median: 4114684.25
        min: 1126825.25
        var: 2.50634541466e+012
    spectral_strongpeak:
        dmean: 0.363333940506
        dmean2: 0.630067706108
        dvar: 0.273650497198
        dvar2: 0.758547961712
        max: 8.14551925659
        mean: 0.597325801849
        median: 0.407379835844
        min: 1.27267779648e-010
        var: 0.402038007975
    zerocrossingrate:
        dmean: 0.00665598222986
        dmean2: 0.00819309148937
        dvar: 4.21572694904e-005
        dvar2: 5.47271811229e-005
        max: 0.53173828125
        mean: 0.0934366211295
        median: 0.095703125
        min: 0.02001953125
        var: 0.000810073746834
    barkbands:
        dmean: [2.41636417542e-008, 2.9704935514e-005, 6.87975189066e-005, 5.55870174139e-005, 0.00012374164362, 0.000124358775793, 0.000155666217324, 0.00016419540043, 0.000259451160673, 0.000149554733071, 7.83198265708e-005, 9.01524545043e-005, 7.88303004811e-005, 8.78116552485e-005, 8.05558083812e-005, 0.000133429726702, 0.000167398524354, 0.000162507247296, 0.000193589323317, 0.000145508660353, 8.25987008284e-005, 2.96650923701e-005, 6.56840256852e-006, 2.599878826e-006, 1.15260581879e-006, 4.04584490354e-008, 2.9395569312e-010]
        dmean2: [3.8065110175e-008, 4.8644549679e-005, 0.000110255939944, 9.36985597946e-005, 0.000210067722946, 0.000201132395887, 0.000254422571743, 0.000265652954113, 0.000415111135226, 0.000248904863838, 0.000130918284412, 0.000146254998981, 0.0001276897965, 0.000144773061038, 0.00013188002049, 0.000222756047151, 0.000279117637547, 0.0002736854658, 0.00032703668694, 0.000251121178735, 0.000143707482493, 5.22704285686e-005, 1.10422379294e-005, 4.1960620365e-006, 1.86377974387e-006, 6.59882744003e-008, 5.23835197441e-010]
        dvar: [6.72650039238e-015, 2.06438821593e-009, 1.1213577622e-008, 8.35528801701e-009, 9.68158460068e-008, 8.87394335791e-008, 1.18131509907e-007, 1.00631453392e-007, 1.94261588149e-007, 7.18722503734e-008, 2.60109143113e-008, 3.01024307703e-008, 2.37781883072e-008, 2.80933640795e-008, 2.53974388187e-008, 4.69097685141e-008, 6.35917771774e-008, 6.06559424909e-008, 8.45039238584e-008, 5.75087462096e-008, 1.97622274101e-008, 3.27794769106e-009, 1.5226180039e-010, 3.08786780867e-011, 6.3674855319e-012, 9.98002424652e-015, 3.2854530841e-019]
        dvar2: [1.59127505823e-014, 5.87459947354e-009, 3.07900407392e-008, 2.33444090725e-008, 2.55190315102e-007, 2.01364841246e-007, 2.85673792177e-007, 2.47195373504e-007, 4.87231261559e-007, 1.97503837285e-007, 7.07153020585e-008, 7.40444363601e-008, 6.00153953201e-008, 7.09685252787e-008, 6.35490522427e-008, 1.21764372807e-007, 1.67092068182e-007, 1.63016821375e-007, 2.22938666639e-007, 1.5642734752e-007, 5.45399352347e-008, 9.11372755041e-009, 3.68414299068e-010, 7.06225286584e-011, 1.49954267753e-011, 2.27359228449e-014, 9.3807720176e-019]
        max: [8.56790757098e-006, 0.000604504020885, 0.00145551515743, 0.00136855174787, 0.00640074862167, 0.00664816331118, 0.0048044314608, 0.0066599175334, 0.00973749160767, 0.0049477997236, 0.00298708537593, 0.00459688203409, 0.00407851766795, 0.00433828402311, 0.00489684473723, 0.00489069195464, 0.00446619885042, 0.00653138943017, 0.00786360818893, 0.00453921454027, 0.0018579371972, 0.00123306410387, 0.000369396788301, 0.000105088336568, 5.6875316659e-005, 2.37037306761e-006, 1.13954730097e-008]
        mean: [8.50030303923e-008, 6.57173732179e-005, 0.00014198840654, 9.98571049422e-005, 0.000174135275302, 0.000186973906239, 0.000207544057048, 0.000284482986899, 0.000525539915543, 0.000265627488261, 0.00013109491556, 0.000158748138347, 0.000134752757731, 0.000150821084389, 0.000149155282998, 0.000248050666414, 0.00034812829108, 0.000339341931976, 0.000458456401248, 0.00031564643723, 0.000169656515936, 5.25851282873e-005, 1.33027115226e-005, 5.33766660737e-006, 2.12240479414e-006, 6.04485137501e-008, 3.30547644811e-010]
        median: [5.35716715433e-009, 4.7997556976e-005, 0.000102254984085, 5.64979018236e-005, 7.59120448492e-005, 7.94287334429e-005, 8.79656799952e-005, 0.000101833793451, 0.000223224822548, 0.000115635994007, 4.95850181323e-005, 6.42792074359e-005, 6.24949025223e-005, 7.27119841031e-005, 6.68643406243e-005, 0.000172286352608, 0.000218834233237, 0.000246400391916, 0.000410251319408, 0.000273961311905, 0.000143841476529, 3.57908975275e-005, 8.37557854538e-006, 3.09035408463e-006, 1.02635715393e-006, 2.47627376382e-008, 1.61975197144e-010]
        min: [4.39163204672e-025, 7.83497518813e-024, 8.2163066054e-024, 2.99322857522e-024, 5.00559460064e-024, 1.4251837215e-023, 1.0531812944e-023, 1.16216873935e-023, 3.25207655742e-023, 3.75375359673e-023, 1.71284421718e-023, 3.5101028621e-023, 5.49951350849e-023, 4.49138745248e-023, 3.71107338186e-023, 7.7722848853e-023, 1.04401007641e-022, 1.35229679195e-022, 1.7514050004e-022, 1.89827613348e-022, 3.08919066444e-022, 3.36252907484e-022, 3.95626113307e-022, 6.9666404279e-022, 1.05567340382e-021, 1.53690854534e-021, 2.24757695179e-021]
        var: [2.74532756554e-013, 4.66197702664e-009, 2.43393039057e-008, 1.5097908701e-008, 1.24336878571e-007, 1.52591340452e-007, 1.44402861224e-007, 3.31452042701e-007, 6.78515732488e-007, 1.69328316701e-007, 5.35361230902e-008, 7.27489322117e-008, 4.30938946749e-008, 4.94090102166e-008, 6.63353389996e-008, 8.67366765078e-008, 1.67098988868e-007, 1.31962977434e-007, 1.89251522897e-007, 9.97437226147e-008, 3.10463654785e-008, 4.22157730995e-009, 3.38191918914e-010, 6.91617457749e-011, 1.26397173977e-011, 1.53814220611e-014, 2.91227287719e-019]
    frequency_bands:
        dmean: [2.41636417542e-008, 2.9704935514e-005, 6.87975189066e-005, 5.55870174139e-005, 0.00012374164362, 0.000124358775793, 0.000155666217324, 0.00016419540043, 0.000259451160673, 0.000149554733071, 7.83198265708e-005, 9.01524545043e-005, 7.88303004811e-005, 8.78116552485e-005, 8.05558083812e-005, 0.000133429726702, 0.000167398524354, 0.000162507247296, 0.000193589323317, 0.000145508660353, 8.25987008284e-005, 2.96650923701e-005, 6.56840256852e-006, 2.599878826e-006, 1.15260581879e-006, 4.04584490354e-008, 2.9395569312e-010, 5.50795971332e-011]
        dmean2: [3.8065110175e-008, 4.8644549679e-005, 0.000110255939944, 9.36985597946e-005, 0.000210067722946, 0.000201132395887, 0.000254422571743, 0.000265652954113, 0.000415111135226, 0.000248904863838, 0.000130918284412, 0.000146254998981, 0.0001276897965, 0.000144773061038, 0.00013188002049, 0.000222756047151, 0.000279117637547, 0.0002736854658, 0.00032703668694, 0.000251121178735, 0.000143707482493, 5.22704285686e-005, 1.10422379294e-005, 4.1960620365e-006, 1.86377974387e-006, 6.59882744003e-008, 5.23835197441e-010, 1.02175060079e-010]
        dvar: [6.72650039238e-015, 2.06438821593e-009, 1.1213577622e-008, 8.35528801701e-009, 9.68158460068e-008, 8.87394335791e-008, 1.18131509907e-007, 1.00631453392e-007, 1.94261588149e-007, 7.18722503734e-008, 2.60109143113e-008, 3.01024307703e-008, 2.37781883072e-008, 2.80933640795e-008, 2.53974388187e-008, 4.69097685141e-008, 6.35917771774e-008, 6.06559424909e-008, 8.45039238584e-008, 5.75087462096e-008, 1.97622274101e-008, 3.27794769106e-009, 1.5226180039e-010, 3.08786780867e-011, 6.3674855319e-012, 9.98002424652e-015, 3.2854530841e-019, 7.09389608649e-021]
        dvar2: [1.59127505823e-014, 5.87459947354e-009, 3.07900407392e-008, 2.33444090725e-008, 2.55190315102e-007, 2.01364841246e-007, 2.85673792177e-007, 2.47195373504e-007, 4.87231261559e-007, 1.97503837285e-007, 7.07153020585e-008, 7.40444363601e-008, 6.00153953201e-008, 7.09685252787e-008, 6.35490522427e-008, 1.21764372807e-007, 1.67092068182e-007, 1.63016821375e-007, 2.22938666639e-007, 1.5642734752e-007, 5.45399352347e-008, 9.11372755041e-009, 3.68414299068e-010, 7.06225286584e-011, 1.49954267753e-011, 2.27359228449e-014, 9.3807720176e-019, 2.24621590041e-020]
        max: [8.56790757098e-006, 0.000604504020885, 0.00145551515743, 0.00136855174787, 0.00640074862167, 0.00664816331118, 0.0048044314608, 0.0066599175334, 0.00973749160767, 0.0049477997236, 0.00298708537593, 0.00459688203409, 0.00407851766795, 0.00433828402311, 0.00489684473723, 0.00489069195464, 0.00446619885042, 0.00653138943017, 0.00786360818893, 0.00453921454027, 0.0018579371972, 0.00123306410387, 0.000369396788301, 0.000105088336568, 5.6875316659e-005, 2.37037306761e-006, 1.13954730097e-008, 8.90609308524e-010]
        mean: [8.50030303923e-008, 6.57173732179e-005, 0.00014198840654, 9.98571049422e-005, 0.000174135275302, 0.000186973906239, 0.000207544057048, 0.000284482986899, 0.000525539915543, 0.000265627488261, 0.00013109491556, 0.000158748138347, 0.000134752757731, 0.000150821084389, 0.000149155282998, 0.000248050666414, 0.00034812829108, 0.000339341931976, 0.000458456401248, 0.00031564643723, 0.000169656515936, 5.25851282873e-005, 1.33027115226e-005, 5.33766660737e-006, 2.12240479414e-006, 6.04485137501e-008, 3.30547644811e-010, 4.26303679857e-011]
        median: [5.35716715433e-009, 4.7997556976e-005, 0.000102254984085, 5.64979018236e-005, 7.59120448492e-005, 7.94287334429e-005, 8.79656799952e-005, 0.000101833793451, 0.000223224822548, 0.000115635994007, 4.95850181323e-005, 6.42792074359e-005, 6.24949025223e-005, 7.27119841031e-005, 6.68643406243e-005, 0.000172286352608, 0.000218834233237, 0.000246400391916, 0.000410251319408, 0.000273961311905, 0.000143841476529, 3.57908975275e-005, 8.37557854538e-006, 3.09035408463e-006, 1.02635715393e-006, 2.47627376382e-008, 1.61975197144e-010, 1.27080264714e-011]
        min: [4.39163204672e-025, 7.83497518813e-024, 8.2163066054e-024, 2.99322857522e-024, 5.00559460064e-024, 1.4251837215e-023, 1.0531812944e-023, 1.16216873935e-023, 3.25207655742e-023, 3.75375359673e-023, 1.71284421718e-023, 3.5101028621e-023, 5.49951350849e-023, 4.49138745248e-023, 3.71107338186e-023, 7.7722848853e-023, 1.04401007641e-022, 1.35229679195e-022, 1.7514050004e-022, 1.89827613348e-022, 3.08919066444e-022, 3.36252907484e-022, 3.95626113307e-022, 6.9666404279e-022, 1.05567340382e-021, 1.53690854534e-021, 2.24757695179e-021, 7.18528540779e-022]
        var: [2.74532756554e-013, 4.66197702664e-009, 2.43393039057e-008, 1.5097908701e-008, 1.24336878571e-007, 1.52591340452e-007, 1.44402861224e-007, 3.31452042701e-007, 6.78515732488e-007, 1.69328316701e-007, 5.35361230902e-008, 7.27489322117e-008, 4.30938946749e-008, 4.94090102166e-008, 6.63353389996e-008, 8.67366765078e-008, 1.67098988868e-007, 1.31962977434e-007, 1.89251522897e-007, 9.97437226147e-008, 3.10463654785e-008, 4.22157730995e-009, 3.38191918914e-010, 6.91617457749e-011, 1.26397173977e-011, 1.53814220611e-014, 2.91227287719e-019, 5.71577804696e-021]
    mfcc:
        mean: [-722.126220703, 100.103889465, -58.1411552429, 33.5096168518, -24.1181373596, -16.7122039795, -3.25850176811, -1.46654260159, 0.938192546368, -0.386918395758, -3.60917663574, -2.24257779121, -5.09464883804]
        cov: [[10999.5800781, -264.463195801, -154.843399048, 1704.10876465, 215.821228027, 1235.95849609, 350.217041016, 548.302185059, 316.820007324, 292.002685547, 386.048950195, 127.687614441, 54.3309555054], [-264.463195801, 1137.94726563, -150.029571533, 29.0005645752, -36.4735412598, -204.820053101, 30.7404594421, -63.0332641602, -16.2703113556, -27.2030582428, -23.3291702271, 5.39182519913, 11.4654331207], [-154.843399048, -150.029571533, 490.260040283, 120.322761536, 136.051696777, 176.957839966, 62.5714607239, 62.6011962891, 8.97324848175, 35.4864578247, 36.1002502441, 14.8325996399, 44.3531227112], [1704.10876465, 29.0005645752, 120.322761536, 620.453735352, 216.643661499, 357.237091064, 127.481613159, 140.79057312, 136.907592773, 114.575775146, 112.639915466, 52.0551681519, 67.454750061], [215.821228027, -36.4735412598, 136.051696777, 216.643661499, 237.188827515, 178.149658203, 41.5145645142, 55.2579803467, 67.653213501, 78.5970001221, 60.8375282288, 20.9223022461, 39.7504730225], [1235.95849609, -204.820053101, 176.957839966, 357.237091064, 178.149658203, 401.428955078, 144.329421997, 163.607086182, 98.7916793823, 94.5355758667, 108.354476929, 45.3234367371, 46.4098472595], [350.217041016, 30.7404594421, 62.5714607239, 127.481613159, 41.5145645142, 144.329421997, 189.595657349, 137.654663086, 65.7181472778, 27.8279800415, 33.7000808716, 33.8832168579, 22.7207374573], [548.302185059, -63.0332641602, 62.6011962891, 140.79057312, 55.2579803467, 163.607086182, 137.654663086, 205.471755981, 103.37776947, 53.918296814, 59.6297569275, 37.4512138367, 24.2397441864], [316.820007324, -16.2703113556, 8.97324848175, 136.907592773, 67.653213501, 98.7916793823, 65.7181472778, 103.37776947, 136.312744141, 79.5933074951, 53.9675445557, 29.1323051453, 17.6467247009], [292.002685547, -27.2030582428, 35.4864578247, 114.575775146, 78.5970001221, 94.5355758667, 27.8279800415, 53.918296814, 79.5933074951, 112.291282654, 73.6324462891, 27.8479576111, 15.3890695572], [386.048950195, -23.3291702271, 36.1002502441, 112.639915466, 60.8375282288, 108.354476929, 33.7000808716, 59.6297569275, 53.9675445557, 73.6324462891, 114.989517212, 53.7535552979, 28.1959190369], [127.687614441, 5.39182519913, 14.8325996399, 52.0551681519, 20.9223022461, 45.3234367371, 33.8832168579, 37.4512138367, 29.1323051453, 27.8479576111, 53.7535552979, 73.5520172119, 44.571975708], [54.3309555054, 11.4654331207, 44.3531227112, 67.454750061, 39.7504730225, 46.4098472595, 22.7207374573, 24.2397441864, 17.6467247009, 15.3890695572, 28.1959190369, 44.571975708, 82.436164856]]
        icov: [[0.000273126584943, -2.66536626441e-005, 0.000308024144033, -0.000702881719917, 0.000689177191816, -0.000732637941837, 0.000448054313892, -0.000444260716904, 0.000446994119557, -0.000161098811077, -8.98079015315e-005, 2.22050675802e-005, 0.000273497134913], [-2.66536626441e-005, 0.00131643889472, 0.000170436527696, -0.000767906545661, -0.000421215576353, 0.00196803570725, -0.00148182397243, 0.000488936144393, 0.000293813180178, 7.08039151505e-005, -0.000651994778309, 0.000307877344312, -0.000288656068733], [0.000308024144033, 0.000170436527696, 0.00320196407847, -0.000459346425487, -0.000560368469451, -0.00159742380492, 2.40477911575e-005, -0.000887786096428, 0.00196448573843, -0.000650392845273, 0.000117732430226, 0.000587992428336, -0.000806955446023], [-0.000702881719917, -0.000767906545661, -0.000459346425487, 0.00634293491021, -0.00270391558297, -0.00230210530572, -0.000608369533438, 0.0019725819584, -0.00334193697199, 0.000672149530146, 0.000351287046215, 0.000291215925245, -0.00187320041005], [0.000689177191816, -0.000421215576353, -0.000560368469451, -0.00270391558297, 0.0103797418997, -0.00434610201046, 0.00221573142335, 0.000114927766845, -0.000429473700933, -0.0031621158123, 0.000134384230478, 0.00155884632841, -0.00129098596517], [-0.000732637941837, 0.00196803570725, -0.00159742380492, -0.00230210530572, -0.00434610201046, 0.0133785866201, -0.00536237517372, -0.00114062381908, 0.00149132485967, 6.8024819484e-005, -0.00394403841347, 0.00175252067856, -0.00060101255076], [0.000448054313892, -0.00148182397243, 2.40477911575e-005, -0.000608369533438, 0.00221573142335, -0.00536237517372, 0.0140061443672, -0.00766205787659, 0.000109291024273, 0.000627698027529, 0.00352965039201, -0.00388444052078, 0.00149123265874], [-0.000444260716904, 0.000488936144393, -0.000887786096428, 0.0019725819584, 0.000114927766845, -0.00114062381908, -0.00766205787659, 0.0155594842508, -0.00875099003315, 0.00270948768593, -0.00259655970149, 0.000678663665894, -0.000899634789675], [0.000446994119557, 0.000293813180178, 0.00196448573843, -0.00334193697199, -0.000429473700933, 0.00149132485967, 0.000109291024273, -0.00875099003315, 0.0212245564908, -0.011459809728, 0.00246257823892, -0.00162273808382, 0.000883693050127], [-0.000161098811077, 7.08039151505e-005, -0.000650392845273, 0.000672149530146, -0.0031621158123, 6.8024819484e-005, 0.000627698027529, 0.00270948768593, -0.011459809728, 0.0245210081339, -0.011439668946, 0.00208228756674, 0.00107550586108], [-8.98079015315e-005, -0.000651994778309, 0.000117732430226, 0.000351287046215, 0.000134384230478, -0.00394403841347, 0.00352965039201, -0.00259655970149, 0.00246257823892, -0.011439668946, 0.0246034320444, -0.0141862668097, 0.00260885572061], [2.22050675802e-005, 0.000307877344312, 0.000587992428336, 0.000291215925245, 0.00155884632841, 0.00175252067856, -0.00388444052078, 0.000678663665894, -0.00162273808382, 0.00208228756674, -0.0141862668097, 0.031730119139, -0.0138245113194], [0.000273497134913, -0.000288656068733, -0.000806955446023, -0.00187320041005, -0.00129098596517, -0.00060101255076, 0.00149123265874, -0.000899634789675, 0.000883693050127, 0.00107550586108, 0.00260885572061, -0.0138245113194, 0.0209642704576]]
    sccoeffs:
        dmean: [0.0470315143466, 0.0474678166211, 0.0382440425456, 0.0284067634493, 0.0196435786784, 0.0162422452122]
        dmean2: [0.0789889469743, 0.0793681666255, 0.0642083659768, 0.0475781224668, 0.0330662690103, 0.02630353719]
        dvar: [0.00154171173926, 0.00150036078412, 0.000900280312635, 0.00051225972129, 0.000241448375164, 0.000201972550713]
        dvar2: [0.00429946137592, 0.00409569498152, 0.00253339856863, 0.0013789095683, 0.000658129283693, 0.000517798471265]
        max: [-0.272268742323, -0.375610738993, -0.503328919411, -0.601493000984, -0.596718966961, -0.557877421379]
        mean: [-0.630407512188, -0.752630114555, -0.770394682884, -0.796399950981, -0.798699617386, -0.751257896423]
        median: [-0.642564892769, -0.75878572464, -0.776107013226, -0.799182534218, -0.799532473087, -0.749625265598]
        min: [-0.976370275021, -0.981128931046, -0.978420674801, -0.9671869874, -0.964552104473, -0.965428829193]
        var: [0.00749821262434, 0.00446722842753, 0.00328949466348, 0.00165282166563, 0.000865215843078, 0.00131529115606]
    scvalleys:
        dmean: [0.397028476, 0.340787470341, 0.274572014809, 0.228056997061, 0.179838120937, 0.217520684004]
        dmean2: [0.666636228561, 0.564345657825, 0.453433424234, 0.375207006931, 0.301721781492, 0.344331413507]
        dvar: [0.119175642729, 0.0880067571998, 0.0570880584419, 0.0436704270542, 0.0401916801929, 0.0852349922061]
        dvar2: [0.297964781523, 0.226705819368, 0.141884073615, 0.100533373654, 0.0900421962142, 0.190634131432]
        max: [-5.68650007248, -4.39460611343, -4.90777492523, -5.49146747589, -5.46188116074, -7.62487792969]
        mean: [-8.09456729889, -6.6074090004, -6.77518510818, -7.23949193954, -7.1269068718, -10.1042404175]
        median: [-7.16592407227, -6.39753437042, -6.58142614365, -6.85557889938, -6.56633710861, -9.33617782593]
        min: [-28.1240730286, -27.8710212708, -27.4306983948, -27.7109241486, -27.6620845795, -27.2973651886]
        var: [4.97446727753, 1.53101170063, 1.59849095345, 1.75810599327, 2.09528613091, 3.77460741997]

rhythm:
    beats_loudness:
        dmean: 0.00130839867052
        dmean2: 0.00223725498654
        dvar: 1.83402153198e-006
        dvar2: 4.74749958812e-006
        max: 0.0123600251973
        mean: 0.0049476986751
        median: 0.00560721103102
        min: 1.83814991006e-010
        var: 9.76288447418e-006
    bpm: 88.3637619019
    bpm_confidence: 0
    first_peak_bpm: 89
    first_peak_spread: 0.174050629139
    first_peak_weight: 0.598623871803
    onset_rate: 1.96121048927
    second_peak_bpm: 117
    second_peak_spread: 0.476635485888
    second_peak_weight: 0.128440365195
    beats_loudness_band_ratio:
        dmean: [0.0416018851101, 0.0712890997529, 0.136329561472, 0.0979148373008, 0.1064844504, 0.0718648508191]
        dmean2: [0.0713379383087, 0.124630697072, 0.235806286335, 0.170100599527, 0.185504600406, 0.125045076013]
        dvar: [0.0022671117913, 0.00662087881938, 0.0114262485877, 0.00849879905581, 0.00804736278951, 0.00615986995399]
        dvar2: [0.0063465195708, 0.015761397779, 0.0305321291089, 0.025138810277, 0.0225937571377, 0.0174080412835]
        max: [0.369691371918, 0.698024809361, 0.890182614326, 0.516031622887, 0.659342706203, 0.63543599844]
        mean: [0.072431512177, 0.0985236614943, 0.285331785679, 0.162740901113, 0.242768496275, 0.168471083045]
        median: [0.0619694776833, 0.0672180876136, 0.239227473736, 0.133356407285, 0.224022164941, 0.1598046422]
        min: [6.61489757476e-005, 0.000589402625337, 0.0118149016052, 0.0159127544612, 0.00536156911403, 0.00112092983909]
        var: [0.00394859537482, 0.0103353504092, 0.0289823263884, 0.011312333867, 0.0145369470119, 0.0102608436719]
    beats_position: [0.650158703327, 1.3235373497, 1.99691605568, 2.68190479279, 3.35528349876, 4.04027223587, 4.71365070343, 5.38702917099, 6.06040811539, 6.74539661407, 7.4303855896, 8.10376358032, 8.77714252472, 9.46213150024, 10.1471195221, 10.8204984665, 11.4938774109, 12.1672563553, 12.840634346, 13.5256233215, 14.2106122971, 14.8839902878, 15.5573692322, 16.2307472229, 16.904127121, 17.5891151428, 18.2741031647, 18.9474830627, 19.6208610535, 20.2942390442, 20.9792289734, 21.6642169952, 22.3375968933, 23.010974884, 23.6959629059, 24.3809528351, 25.0775508881, 25.7857589722, 26.4939670563, 27.2021770477, 27.8987751007, 28.5837631226, 29.2803630829, 29.9653511047, 30.6503391266, 31.358549118, 32.0667572021, 32.7749671936, 33.4831733704, 34.1797714233, 34.8531494141, 35.5381393433, 36.211517334, 36.8965072632, 37.5814971924, 38.2664833069, 38.9514732361, 39.6248512268, 40.309841156, 40.9832191467, 41.6682090759, 42.3531951904, 43.0265769958, 43.6999549866, 44.3733329773, 45.046710968, 45.7200889587, 46.4050788879, 47.0900688171, 47.7750549316, 48.4600448608, 49.1334228516, 49.7951927185, 50.4685707092, 51.1535606384, 51.8269386292, 52.5003166199, 53.1853065491, 53.8702926636, 54.5436706543, 55.2170524597, 55.9020385742, 56.5870285034, 57.2604064941, 57.9337844849, 58.6071662903, 59.280544281, 59.9655303955, 60.6505203247, 61.3238983154, 61.9972763062, 62.6938781738, 63.3904762268, 64.0870742798, 64.772064209, 65.4570541382, 66.142036438, 66.8270263672, 67.5120162964, 68.1970062256, 68.8819961548, 69.566986084, 70.2635803223, 70.9601821899, 71.6451721191, 72.3301544189, 73.0267562866, 73.7349624634, 74.4431762695, 75.1513824463, 75.859588623, 76.5561904907, 77.2411804199, 77.9261627197, 78.5995483398, 79.2845306396, 79.9695205688, 80.6428985596, 81.3162765503, 82.0012664795, 82.6862564087, 83.3596343994, 84.0330123901, 84.7063903809, 85.3913803101, 86.0647583008, 86.74974823, 87.4231262207, 88.0965042114, 88.7698822021, 89.4548721313, 90.1398620605, 90.8132400513, 91.486618042, 92.1948318481, 92.9030380249, 93.5996322632, 94.3078460693, 95.0044403076, 95.7010421753, 96.3860321045, 97.0826263428, 97.7792282104, 98.4874343872, 99.1956481934, 99.9038543701, 100.612060547, 101.320266724, 102.02848053, 102.678634644, 103.340408325, 103.990562439, 104.629112244, 105.279273987, 105.987480164, 106.69568634, 107.392288208, 108.088890076, 108.773872375, 109.458862305, 110.132240295, 110.817230225, 111.502220154, 112.175598145, 112.848976135, 113.522354126, 114.207344055, 114.892333984, 115.565711975, 116.239089966, 116.924079895, 117.597457886, 118.282447815, 118.955825806, 119.629203796, 120.302581787, 120.975959778, 121.660949707, 122.345939636, 123.019317627, 123.692695618, 124.377685547, 125.062675476, 125.736053467, 126.409431458, 127.082809448, 127.767799377, 128.452789307, 129.126159668, 129.799545288, 130.472915649, 131.14630127, 131.81968689, 132.493057251, 133.17805481, 133.863037109, 134.536407471, 135.209793091, 135.883178711, 136.568161011, 137.253143311, 137.926528931, 138.599899292, 139.273284912, 139.958267212, 140.643264771, 141.316635132, 142.00163269, 142.68661499, 143.36000061, 144.033370972, 144.706756592, 145.380126953, 146.065124512, 146.738494873, 147.423492432, 148.096862793, 148.781860352, 149.466842651, 150.140228271, 150.813598633, 151.486984253, 152.160354614, 152.845352173, 153.541946411, 154.238540649, 154.935150146, 155.631744385, 156.281906128, 156.943664551, 157.605438232, 158.267211914, 158.940582275, 159.625579834, 160.310562134, 160.983947754, 161.668930054, 162.353912354, 163.038909912, 163.723892212, 164.408889771, 165.09387207, 165.76725769, 166.440628052, 167.114013672, 167.787384033, 168.460769653, 169.122543335, 169.795913696, 170.469299316, 171.154281616, 171.827667236, 172.512649536, 173.197631836, 173.871017456, 174.555999756, 175.229385376, 175.902755737, 176.587753296, 177.261123657, 177.934509277, 178.607894897, 179.292877197, 179.977859497, 180.651245117, 181.324615479, 181.998001099, 182.671386719, 183.356369019, 184.041351318, 184.714736938, 185.3881073, 186.06149292, 186.73487854, 187.41986084, 188.09324646, 188.77822876, 189.46321106, 190.148208618, 190.833190918, 191.518188477, 192.191558838, 192.85333252, 193.526702881, 194.200088501, 194.873458862, 195.558456421, 196.231826782, 196.916824341, 197.590194702, 198.275192261, 198.948562622, 199.621948242, 200.306930542, 200.991928101, 201.665298462, 202.338684082, 203.012054443, 203.685440063, 204.370422363, 205.055419922, 205.728790283, 206.402175903, 207.075546265, 207.748931885, 208.433914185, 209.118911743, 209.792282104, 210.465667725, 211.150650024, 211.835647583, 212.509017944, 213.182403564, 213.867385864, 214.552383423, 215.225753784, 215.899139404, 216.572509766, 217.083358765, 217.594192505, 218.105026245, 218.615875244, 219.138320923, 219.67237854, 220.206436157, 220.740493774, 221.274551392, 221.79699707, 222.319458008, 222.841903687, 223.352737427, 223.863571167, 224.374420166, 224.885253906, 225.396102905, 225.906936646, 226.406158447, 226.905395508, 227.416229248, 227.927078247, 228.437911987, 228.948745728, 229.459594727, 229.958816528, 230.45803833, 230.968887329, 231.479721069, 231.990570068, 232.501403809, 233.012237549, 233.523086548, 234.033920288, 234.544754028, 235.043991089, 235.554824829, 236.05406189, 236.56489563, 237.07572937, 237.586578369, 238.097412109, 238.60824585, 239.130691528, 239.653152466, 240.187210083, 240.7212677, 241.243713379, 241.766159058, 242.277008057, 242.799453735, 243.321899414, 243.844345093, 244.355194092, 244.877639771, 245.388473511, 245.89932251, 246.41015625, 246.92098999, 247.431838989, 247.942672729, 248.45350647, 248.964355469, 249.475189209, 249.986022949, 250.496871948, 251.007705688, 251.530151367, 252.052597046, 252.575057983, 253.097503662, 253.619949341, 254.14239502, 254.664840698, 255.187301636, 255.709747314, 256.232208252, 256.754638672, 257.277099609, 257.78793335, 258.29876709, 258.80960083, 259.32043457, 259.831298828, 260.342132568, 260.852966309, 261.363800049, 261.874633789, 262.397094727, 262.919555664, 263.441986084, 263.952819824, 264.475280762, 264.997741699, 265.520172119, 266.042633057, 266.565063477, 267.087524414, 267.609985352, 268.120819092, 268.631652832, 269.15411377, 269.66494751, 270.18737793, 270.709838867, 271.232299805, 271.754730225, 272.277191162, 272.811248779, 273.333679199, 273.856140137, 274.378601074, 274.901031494, 275.423492432, 275.957550049, 276.491607666, 277.025665283, 277.5597229, 278.105377197]
