
metadata:
    version:
        essentia: "2.1-beta2"
    audio_properties:
        analysis_sample_rate: 44100
        bitrate: 320
        channels: 2
        equal_loudness: 1
        length: 230.519973755
        replay_gain: -15.6451387405
        downmix: "mix"
    tags:
        album: "The Rising Tied"
        artist: "Fort Minor"
        comment: ""
        date: "2005"
        genre: "Alternative Hip-Hop"
        title: "Remember the Name (feat Styles of Beyond)"
        tracknumber: "02"

configuration:
    average_loudness:
        compute: 1
        frameSize: 88200
        hopSize: 44100
        silentFrames: "noise"
        windowType: "hann"
    general:
        analysisSampleRate: 44100
        endTime: 2000
        equalLoudness: 1
        nequalLoudness: 0
        shortSound: 0
        startTime: 0
    lowlevel:
        compute: 1
        frameSize: 2048
        hopSize: 1024
        zeroPadding: 0
        silentFrames: "noise"
        windowType: "blackmanharris62"
        mfccStats: ["mean", "cov", "icov"]
        stats: ["mean", "var", "median", "min", "max", "dmean", "dmean2", "dvar", "dvar2"]
    panning:
        compute: 0
        frameSize: 8192
        hopSize: 2048
        zeroPadding: 8192
        silentFrames: "noise"
        windowType: "hann"
        stats: ["copy"]
    rhythm:
        compute: 1
        maxTempo: 208
        minTempo: 40
        method: "degara"
        stats: ["mean", "var", "median", "min", "max", "dmean", "dmean2", "dvar", "dvar2"]
    segmentation:
        compute: 0
        cpw: 5
        inc1: 300
        inc2: 50
        minimumSegmentsLength: 10
        size1: 1000
        size2: 600
    sfx:
        compute: 1
        stats: ["mean", "var", "median", "min", "max", "dmean", "dmean2", "dvar", "dvar2"]
    svm:
        compute: 0
    tonal:
        compute: 1
        frameSize: 4096
        hopSize: 2048
        zeroPadding: 0
        silentFrames: "noise"
        windowType: "blackmanharris62"
        stats: ["mean", "var", "median", "min", "max", "dmean", "dmean2", "dvar", "dvar2"]

lowlevel:
    average_loudness: 0.911569595337
    barkbands_kurtosis:
        dmean: 2.48548269272
        dmean2: 3.98487305641
        dvar: 15.8659362793
        dvar2: 36.7338294983
        max: 82.0862426758
        mean: 1.47431540489
        median: -0.409004330635
        min: -1.91327154636
        var: 28.8741855621
    barkbands_skewness:
        dmean: 0.793131768703
        dmean2: 1.19572079182
        dvar: 0.625217854977
        dvar2: 1.45317149162
        max: 8.24781799316
        mean: 0.702765643597
        median: 0.604528903961
        min: -5.13745450974
        var: 1.77019882202
    barkbands_spread:
        dmean: 9.27984523773
        dmean2: 14.628537178
        dvar: 85.7349853516
        dvar2: 216.712783813
        max: 91.6251602173
        mean: 27.3160877228
        median: 25.5913963318
        min: 0.553859472275
        var: 209.979721069
    dissonance:
        dmean: 0.0236908756196
        dmean2: 0.0377371162176
        dvar: 0.000646025873721
        dvar2: 0.00153512519319
        max: 0.500000119209
        mean: 0.457667261362
        median: 0.469587832689
        min: 0.186169415712
        var: 0.00152237480506
    hfc:
        dmean: 2.73723101616
        dmean2: 4.05303812027
        dvar: 16.490644455
        dvar2: 36.1941452026
        max: 40.5472335815
        mean: 4.9160490036
        median: 3.10743618011
        min: 1.26588988181e-008
        var: 31.0831680298
    pitch:
        dmean: 854.0703125
        dmean2: 1625.08837891
        dvar: 1991575
        dvar2: 4630069.5
        max: 5966.78271484
        mean: 1054.85388184
        median: 233.710250854
        min: 58.4562606812
        var: 2294473.5
    pitch_instantaneous_confidence:
        dmean: 0.118395984173
        dmean2: 0.185631200671
        dvar: 0.0113986907527
        dvar2: 0.0238271635026
        max: 0.993298590183
        mean: 0.449035823345
        median: 0.415238440037
        min: 0.0299240350723
        var: 0.0354383401573
    pitch_salience:
        dmean: 0.0865516588092
        dmean2: 0.142081096768
        dvar: 0.00581060396507
        dvar2: 0.0158891547471
        max: 0.984714865685
        mean: 0.617160916328
        median: 0.629857718945
        min: 0.127487495542
        var: 0.0126631809399
    silence_rate_20dB:
        dmean: 0
        dmean2: 0
        dvar: 0
        dvar2: 0
        max: 1
        mean: 1
        median: 1
        min: 1
        var: 0
    silence_rate_30dB:
        dmean: 0
        dmean2: 0
        dvar: 0
        dvar2: 0
        max: 1
        mean: 1
        median: 1
        min: 1
        var: 0
    silence_rate_60dB:
        dmean: 0.163980662823
        dmean2: 0.327994346619
        dvar: 0.137090206146
        dvar2: 0.256482809782
        max: 1
        mean: 0.588578939438
        median: 1
        min: 0
        var: 0.242156818509
    spectral_centroid:
        dmean: 471.782226563
        dmean2: 712.267150879
        dvar: 302642.78125
        dvar2: 632483.875
        max: 5847.18603516
        mean: 1409.25939941
        median: 1197.57922363
        min: 136.928955078
        var: 759175.125
    spectral_complexity:
        dmean: 3.97240138054
        dmean2: 5.86118650436
        dvar: 28.526720047
        dvar2: 51.1207733154
        max: 50
        mean: 9.12005233765
        median: 7
        min: 0
        var: 73.7017364502
    spectral_crest:
        dmean: 2.99561095238
        dmean2: 4.91339588165
        dvar: 7.17672634125
        dvar2: 18.2503242493
        max: 26.04845047
        mean: 8.74440765381
        median: 7.80867338181
        min: 2.30288290977
        var: 17.5295639038
    spectral_decrease:
        dmean: 4.16204209985e-010
        dmean2: 6.5036692698e-010
        dvar: 4.38933310788e-019
        dvar2: 1.11621302822e-018
        max: -9.83028884584e-019
        mean: -7.56689877424e-010
        median: -5.61144852806e-010
        min: -4.92138951813e-009
        var: 5.49737927851e-019
    spectral_energy:
        dmean: 0.00178018608131
        dmean2: 0.00275584007613
        dvar: 7.36812080504e-006
        dvar2: 1.83019892575e-005
        max: 0.0195770151913
        mean: 0.00330182584003
        median: 0.00249789981171
        min: 4.85837715544e-012
        var: 1.00546030808e-005
    spectral_energyband_high:
        dmean: 0.000212013837881
        dmean2: 0.000318704696838
        dvar: 1.17562862556e-007
        dvar2: 2.54295713376e-007
        max: 0.00601668655872
        mean: 0.000294302910333
        median: 9.05287524802e-005
        min: 1.06629592309e-012
        var: 2.16091578409e-007
    spectral_energyband_low:
        dmean: 0.0004864341754
        dmean2: 0.000835287093651
        dvar: 1.61225239026e-006
        dvar2: 4.2652832235e-006
        max: 0.00966381561011
        mean: 0.000486419332447
        median: 9.29779998842e-005
        min: 1.70062409792e-013
        var: 1.32767922878e-006
    spectral_energyband_middle_high:
        dmean: 0.000732159882318
        dmean2: 0.00109123380389
        dvar: 1.78923801286e-006
        dvar2: 4.07151219406e-006
        max: 0.0143438586965
        mean: 0.00124668446369
        median: 0.000672734400723
        min: 2.89849459538e-012
        var: 2.90478374154e-006
    spectral_energyband_middle_low:
        dmean: 0.00102372164838
        dmean2: 0.00172248878516
        dvar: 3.96689119952e-006
        dvar2: 1.11139434011e-005
        max: 0.0163255259395
        mean: 0.00143732747529
        median: 0.000859866442624
        min: 7.54208381946e-013
        var: 3.26128019879e-006
    spectral_flatness_db:
        dmean: 0.0276223886758
        dmean2: 0.041930694133
        dvar: 0.0006579310284
        dvar2: 0.00143318343908
        max: 0.562036216259
        mean: 0.177196368575
        median: 0.164693042636
        min: 0.0329657159746
        var: 0.00391080137342
    spectral_flux:
        dmean: 0.0122745661065
        dmean2: 0.018955796957
        dvar: 0.000226856864174
        dvar2: 0.000435933790868
        max: 0.125872552395
        mean: 0.0386443249881
        median: 0.0356953330338
        min: 2.20417268793e-006
        var: 0.000527920667082
    spectral_kurtosis:
        dmean: 2.59346914291
        dmean2: 4.10984420776
        dvar: 16.4544487
        dvar2: 43.3866348267
        max: 99.7791290283
        mean: 5.25783109665
        median: 3.83751225471
        min: -1.17395210266
        var: 39.9129867554
    spectral_rms:
        dmean: 0.000431720894994
        dmean2: 0.000633504823782
        dvar: 2.63639037712e-007
        dvar2: 6.0061631757e-007
        max: 0.00437030056491
        mean: 0.00160889630206
        median: 0.00156108150259
        min: 6.88467878263e-008
        var: 6.3274654849e-007
    spectral_rolloff:
        dmean: 899.282531738
        dmean2: 1453.44726563
        dvar: 1142203.375
        dvar2: 2703752.75
        max: 9948.33984375
        mean: 2611.59521484
        median: 2627.05078125
        min: 129.19921875
        var: 2267139.25
    spectral_skewness:
        dmean: 0.384510040283
        dmean2: 0.578444540501
        dvar: 0.17821662128
        dvar2: 0.410366714001
        max: 7.72158622742
        mean: 1.55409705639
        median: 1.49323773384
        min: -0.42654594779
        var: 0.5538854599
    spectral_spread:
        dmean: 822139.4375
        dmean2: 1182185.5
        dvar: 951873306624
        dvar2: 1.76148447232e+012
        max: 17207772
        mean: 4589888
        median: 4329552
        min: 670702.8125
        var: 3.41135065088e+012
    spectral_strongpeak:
        dmean: 0.277439177036
        dmean2: 0.467561393976
        dvar: 0.183197855949
        dvar2: 0.483205616474
        max: 5.12169408798
        mean: 0.38502278924
        median: 0.231270700693
        min: 0
        var: 0.214471235871
    zerocrossingrate:
        dmean: 0.0162486303598
        dmean2: 0.0177083723247
        dvar: 0.00025233742781
        dvar2: 0.000291041418677
        max: 0.29150390625
        mean: 0.0790765285492
        median: 0.07275390625
        min: 0.00927734375
        var: 0.00149414106272
    barkbands:
        dmean: [1.43790850871e-006, 0.000102498786873, 0.000271865050308, 0.000374638650101, 0.000271150172921, 0.00019388885994, 0.000247946940362, 0.000135287147714, 0.000109583634185, 7.5995521911e-005, 4.54131368315e-005, 6.38475466985e-005, 6.60690129735e-005, 7.50348626752e-005, 7.54908105591e-005, 0.000115868642752, 0.00015132491535, 0.000120026728837, 0.000160875948495, 0.000101176578028, 0.00011607070337, 4.81989409309e-005, 1.099817473e-005, 3.50143636751e-006, 2.18954801312e-006, 5.54977219736e-008, 5.51038159546e-010]
        dmean2: [2.48916035162e-006, 0.000165358782397, 0.00046901818132, 0.000695476017427, 0.000467279955046, 0.000304368353682, 0.000402097852202, 0.000222770657274, 0.000176517365617, 0.000118100462714, 7.40257964935e-005, 0.000104174403532, 0.000109434629849, 0.000126571554574, 0.00011783514492, 0.000179549460881, 0.000242537556915, 0.000186171004316, 0.000254690210568, 0.000146092235809, 0.000184745105798, 7.65969671193e-005, 1.63290314958e-005, 5.09813708049e-006, 3.13446753353e-006, 8.13436642488e-008, 8.67244387415e-010]
        dvar: [5.05264146494e-012, 3.0123267436e-008, 5.83727228332e-007, 1.49482923462e-006, 3.27643050468e-007, 1.02176443306e-007, 2.29477208791e-007, 8.88099620511e-008, 7.65261916058e-008, 4.50452439793e-008, 9.02573127348e-009, 2.33678871808e-008, 3.12381303047e-008, 3.54901921185e-008, 2.60927421891e-008, 5.58392763139e-008, 7.40492112072e-008, 5.72161553691e-008, 1.15089960673e-007, 2.67159272482e-008, 4.05344771082e-008, 8.77603412164e-009, 4.08437089705e-010, 8.14320277875e-011, 3.08223689627e-011, 1.76520327896e-014, 1.92095802101e-018]
        dvar2: [1.4984312402e-011, 7.53387823238e-008, 1.57497788678e-006, 4.26565065936e-006, 9.12282473564e-007, 2.48384480983e-007, 5.53506879442e-007, 2.26170115525e-007, 1.83430870493e-007, 9.37510478138e-008, 2.2697262736e-008, 5.94862115122e-008, 7.89976724036e-008, 9.45691525089e-008, 6.37651353941e-008, 1.31686206828e-007, 1.83006264365e-007, 1.31377035473e-007, 2.8920229056e-007, 5.38980557963e-008, 9.64182049756e-008, 2.07160439913e-008, 8.58823123728e-010, 1.54534537944e-010, 5.67192126599e-011, 3.32659044083e-014, 4.58514402626e-018]
        max: [1.60244344443e-005, 0.00140131404623, 0.0059316502884, 0.0100917760283, 0.00590469641611, 0.00470419740304, 0.00742440763861, 0.00706729991361, 0.00705022737384, 0.0049813571386, 0.00248089828528, 0.00213819998316, 0.00183662341442, 0.00193727447186, 0.00279087130912, 0.00355618982576, 0.00297368923202, 0.00550101790577, 0.00422350689769, 0.00274636177346, 0.0036286956165, 0.00167294801213, 0.000324035558151, 0.00014485133579, 0.000118780139019, 3.17170110975e-006, 3.61316132569e-008]
        mean: [1.78427376341e-006, 0.000122144338093, 0.000223674112931, 0.000259092455963, 0.000325237924699, 0.000271824974334, 0.000269141513854, 0.000150591906277, 0.00012873725791, 9.80928452918e-005, 5.66788912693e-005, 6.77974530845e-005, 6.61746889818e-005, 7.25665086065e-005, 9.12246687221e-005, 0.000151655913214, 0.000195516870008, 0.00017618201673, 0.000206349519431, 0.000153592103743, 0.000136353832204, 5.56857448828e-005, 1.36465705509e-005, 4.93034622195e-006, 3.07136724587e-006, 7.44878931869e-008, 6.15203665788e-010]
        median: [1.8756564657e-007, 6.23978758085e-006, 2.08614292205e-005, 3.28452515532e-005, 0.000153776723891, 0.000151952670421, 7.30270621716e-005, 5.0672548241e-005, 3.80264064006e-005, 2.88441606244e-005, 2.20497331611e-005, 1.4708870367e-005, 1.32227642098e-005, 1.76180874405e-005, 2.52764984907e-005, 4.31438093074e-005, 7.21058240742e-005, 7.05314450897e-005, 7.26895450498e-005, 5.70945412619e-005, 3.58749493898e-005, 9.32469356485e-006, 1.53852010953e-006, 6.97850396136e-007, 3.46600785406e-007, 5.79164849412e-009, 1.23855023459e-010]
        min: [3.9618864965e-016, 7.40340338405e-014, 4.84035080355e-014, 4.7988865079e-014, 1.23223832397e-013, 1.2088102058e-013, 1.22836718011e-013, 1.19155458612e-013, 1.6768315523e-013, 1.68685838952e-013, 1.62495966119e-013, 2.15094665711e-013, 2.31974568677e-013, 2.45176817217e-013, 2.86345247643e-013, 3.15240102902e-013, 3.26997923097e-013, 3.63132863623e-013, 4.14195560445e-013, 4.13092845521e-013, 4.01721191035e-013, 2.70265011542e-013, 1.21183296145e-013, 2.15909748576e-014, 7.93156146095e-015, 7.01322570371e-015, 8.035940484e-015]
        var: [7.50096599417e-012, 3.93287642453e-008, 4.24472744953e-007, 8.80599031916e-007, 2.72004854196e-007, 1.43211721593e-007, 2.65835296887e-007, 9.62434683061e-008, 8.84993056616e-008, 7.44448271917e-008, 1.24896297748e-008, 2.51987781752e-008, 2.98950588729e-008, 2.95898541225e-008, 3.51894087203e-008, 8.51221244602e-008, 1.03714306476e-007, 8.89110225444e-008, 1.36989967814e-007, 5.09160678064e-008, 5.72743381611e-008, 1.29879049737e-008, 7.68150820729e-010, 1.68148397983e-010, 6.51237050397e-011, 3.9666041312e-014, 2.45455279543e-018]
    frequency_bands:
        dmean: [1.43790850871e-006, 0.000102498786873, 0.000271865050308, 0.000374638650101, 0.000271150172921, 0.00019388885994, 0.000247946940362, 0.000135287147714, 0.000109583634185, 7.5995521911e-005, 4.54131368315e-005, 6.38475466985e-005, 6.60690129735e-005, 7.50348626752e-005, 7.54908105591e-005, 0.000115868642752, 0.00015132491535, 0.000120026728837, 0.000160875948495, 0.000101176578028, 0.00011607070337, 4.81989409309e-005, 1.099817473e-005, 3.50143636751e-006, 2.18954801312e-006, 5.54977219736e-008, 5.51038159546e-010, 3.89340538975e-011]
        dmean2: [2.48916035162e-006, 0.000165358782397, 0.00046901818132, 0.000695476017427, 0.000467279955046, 0.000304368353682, 0.000402097852202, 0.000222770657274, 0.000176517365617, 0.000118100462714, 7.40257964935e-005, 0.000104174403532, 0.000109434629849, 0.000126571554574, 0.00011783514492, 0.000179549460881, 0.000242537556915, 0.000186171004316, 0.000254690210568, 0.000146092235809, 0.000184745105798, 7.65969671193e-005, 1.63290314958e-005, 5.09813708049e-006, 3.13446753353e-006, 8.13436642488e-008, 8.67244387415e-010, 7.25880328067e-011]
        dvar: [5.05264146494e-012, 3.0123267436e-008, 5.83727228332e-007, 1.49482923462e-006, 3.27643050468e-007, 1.02176443306e-007, 2.29477208791e-007, 8.88099620511e-008, 7.65261916058e-008, 4.50452439793e-008, 9.02573127348e-009, 2.33678871808e-008, 3.12381303047e-008, 3.54901921185e-008, 2.60927421891e-008, 5.58392763139e-008, 7.40492112072e-008, 5.72161553691e-008, 1.15089960673e-007, 2.67159272482e-008, 4.05344771082e-008, 8.77603412164e-009, 4.08437089705e-010, 8.14320277875e-011, 3.08223689627e-011, 1.76520327896e-014, 1.92095802101e-018, 4.77182521975e-021]
        dvar2: [1.4984312402e-011, 7.53387823238e-008, 1.57497788678e-006, 4.26565065936e-006, 9.12282473564e-007, 2.48384480983e-007, 5.53506879442e-007, 2.26170115525e-007, 1.83430870493e-007, 9.37510478138e-008, 2.2697262736e-008, 5.94862115122e-008, 7.89976724036e-008, 9.45691525089e-008, 6.37651353941e-008, 1.31686206828e-007, 1.83006264365e-007, 1.31377035473e-007, 2.8920229056e-007, 5.38980557963e-008, 9.64182049756e-008, 2.07160439913e-008, 8.58823123728e-010, 1.54534537944e-010, 5.67192126599e-011, 3.32659044083e-014, 4.58514402626e-018, 1.54869972629e-020]
        max: [1.60244344443e-005, 0.00140131404623, 0.0059316502884, 0.0100917760283, 0.00590469641611, 0.00470419740304, 0.00742440763861, 0.00706729991361, 0.00705022737384, 0.0049813571386, 0.00248089828528, 0.00213819998316, 0.00183662341442, 0.00193727447186, 0.00279087130912, 0.00355618982576, 0.00297368923202, 0.00550101790577, 0.00422350689769, 0.00274636177346, 0.0036286956165, 0.00167294801213, 0.000324035558151, 0.00014485133579, 0.000118780139019, 3.17170110975e-006, 3.61316132569e-008, 1.70169867086e-009]
        mean: [1.78427376341e-006, 0.000122144338093, 0.000223674112931, 0.000259092455963, 0.000325237924699, 0.000271824974334, 0.000269141513854, 0.000150591906277, 0.00012873725791, 9.80928452918e-005, 5.66788912693e-005, 6.77974530845e-005, 6.61746889818e-005, 7.25665086065e-005, 9.12246687221e-005, 0.000151655913214, 0.000195516870008, 0.00017618201673, 0.000206349519431, 0.000153592103743, 0.000136353832204, 5.56857448828e-005, 1.36465705509e-005, 4.93034622195e-006, 3.07136724587e-006, 7.44878931869e-008, 6.15203665788e-010, 2.95132425443e-011]
        median: [1.8756564657e-007, 6.23978758085e-006, 2.08614292205e-005, 3.28452515532e-005, 0.000153776723891, 0.000151952670421, 7.30270621716e-005, 5.0672548241e-005, 3.80264064006e-005, 2.88441606244e-005, 2.20497331611e-005, 1.4708870367e-005, 1.32227642098e-005, 1.76180874405e-005, 2.52764984907e-005, 4.31438093074e-005, 7.21058240742e-005, 7.05314450897e-005, 7.26895450498e-005, 5.70945412619e-005, 3.58749493898e-005, 9.32469356485e-006, 1.53852010953e-006, 6.97850396136e-007, 3.46600785406e-007, 5.79164849412e-009, 1.23855023459e-010, 9.01689747174e-012]
        min: [3.9618864965e-016, 7.40340338405e-014, 4.84035080355e-014, 4.7988865079e-014, 1.23223832397e-013, 1.2088102058e-013, 1.22836718011e-013, 1.19155458612e-013, 1.6768315523e-013, 1.68685838952e-013, 1.62495966119e-013, 2.15094665711e-013, 2.31974568677e-013, 2.45176817217e-013, 2.86345247643e-013, 3.15240102902e-013, 3.26997923097e-013, 3.63132863623e-013, 4.14195560445e-013, 4.13092845521e-013, 4.01721191035e-013, 2.70265011542e-013, 1.21183296145e-013, 2.15909748576e-014, 7.93156146095e-015, 7.01322570371e-015, 8.035940484e-015, 3.34482371407e-019]
        var: [7.50096599417e-012, 3.93287642453e-008, 4.24472744953e-007, 8.80599031916e-007, 2.72004854196e-007, 1.43211721593e-007, 2.65835296887e-007, 9.62434683061e-008, 8.84993056616e-008, 7.44448271917e-008, 1.24896297748e-008, 2.51987781752e-008, 2.98950588729e-008, 2.95898541225e-008, 3.51894087203e-008, 8.51221244602e-008, 1.03714306476e-007, 8.89110225444e-008, 1.36989967814e-007, 5.09160678064e-008, 5.72743381611e-008, 1.29879049737e-008, 7.68150820729e-010, 1.68148397983e-010, 6.51237050397e-011, 3.9666041312e-014, 2.45455279543e-018, 3.38729632852e-021]
    mfcc:
        mean: [-761.593688965, 107.569671631, -40.658000946, 42.2604255676, -16.1534500122, -13.8430309296, -11.8111343384, -11.2474479675, -5.384557724, -11.3357124329, -6.27519035339, -6.04935836792, -4.70686578751]
        cov: [[7478.03808594, -786.735473633, -210.992660522, 1232.3347168, -20.4521121979, 768.945373535, 163.589569092, 335.04989624, 265.076843262, 150.696899414, 258.707763672, 231.349624634, 283.395568848], [-786.735473633, 1718.35339355, -283.066314697, -48.5729637146, 168.577987671, -165.067718506, 108.521743774, 2.2735619545, 58.6486129761, -32.3809318542, -2.83706402779, 11.6942710876, 31.211265564], [-210.992660522, -283.066314697, 998.932189941, 305.788482666, 77.4561691284, 309.870910645, 106.476165771, 103.621665955, 96.402381897, 34.6724090576, 40.0666351318, 56.9211120605, 53.1622810364], [1232.3347168, -48.5729637146, 305.788482666, 806.32421875, 138.289199829, 358.841491699, 140.917877197, 157.210571289, 160.004867554, 95.0026779175, 94.621421814, 105.55569458, 140.659561157], [-20.4521121979, 168.577987671, 77.4561691284, 138.289199829, 354.488250732, 48.3743019104, 48.4301185608, 46.0437889099, 63.1757545471, 70.279624939, 19.8514137268, 46.3264122009, 53.6828918457], [768.945373535, -165.067718506, 309.870910645, 358.841491699, 48.3743019104, 442.866729736, 176.654342651, 139.17276001, 118.387390137, 99.9425354004, 106.66368866, 79.9521865845, 86.7843933105], [163.589569092, 108.521743774, 106.476165771, 140.917877197, 48.4301185608, 176.654342651, 296.596557617, 136.734863281, 91.9024505615, 88.1463699341, 82.2870559692, 56.282913208, 55.6459770203], [335.04989624, 2.2735619545, 103.621665955, 157.210571289, 46.0437889099, 139.17276001, 136.734863281, 196.46333313, 104.801994324, 75.8232803345, 72.5354232788, 62.1750221252, 53.5230331421], [265.076843262, 58.6486129761, 96.402381897, 160.004867554, 63.1757545471, 118.387390137, 91.9024505615, 104.801994324, 189.824325562, 91.1495895386, 61.9908294678, 64.8349075317, 43.5808639526], [150.696899414, -32.3809318542, 34.6724090576, 95.0026779175, 70.279624939, 99.9425354004, 88.1463699341, 75.8232803345, 91.1495895386, 170.190979004, 83.7789306641, 52.7262115479, 45.1411056519], [258.707763672, -2.83706402779, 40.0666351318, 94.621421814, 19.8514137268, 106.66368866, 82.2870559692, 72.5354232788, 61.9908294678, 83.7789306641, 138.96937561, 67.2834701538, 44.5133857727], [231.349624634, 11.6942710876, 56.9211120605, 105.55569458, 46.3264122009, 79.9521865845, 56.282913208, 62.1750221252, 64.8349075317, 52.7262115479, 67.2834701538, 121.814933777, 67.9128875732], [283.395568848, 31.211265564, 53.1622810364, 140.659561157, 53.6828918457, 86.7843933105, 55.6459770203, 53.5230331421, 43.5808639526, 45.1411056519, 44.5133857727, 67.9128875732, 128.629882813]]
        icov: [[0.000255726336036, 0.000122092140373, 0.000299797626212, -0.000318932608934, 6.67866625008e-005, -0.000320897321217, 0.000148909384734, -0.000164386656252, -0.000104172002466, 0.000251974968705, -0.00013975983893, -5.19827917742e-005, -0.000152892593178], [0.000122092140373, 0.000826911011245, 0.000342953077052, -0.000166823345353, -0.000380456156563, 0.000288925250061, -0.000523876980878, 0.000161364296218, -0.000585013651289, 0.000767842167988, -0.000285514950519, 0.000112706104119, -0.000337575242156], [0.000299797626212, 0.000342953077052, 0.00173872581217, -0.000479891779833, -0.000212105136598, -0.00120415096171, 8.7828739197e-005, -0.00026173889637, -0.000437521433923, 0.000828137446661, 0.000121821198263, -0.000204085037694, -4.25022226409e-005], [-0.000318932608934, -0.000166823345353, -0.000479891779833, 0.00272319070064, -0.000532292411663, -0.00106922688428, 0.000192732113646, -0.00017392844893, -0.000649152789265, 0.000126630606246, 0.000233123864746, 0.000162493088283, -0.00109481811523], [6.67866625008e-005, -0.000380456156563, -0.000212105136598, -0.000532292411663, 0.00365170068108, 0.000234785824432, 0.000172317682882, -0.000101595229353, -1.17066283565e-005, -0.00163172010798, 0.00101575045846, -0.000653947587125, -0.000529429118615], [-0.000320897321217, 0.000288925250061, -0.00120415096171, -0.00106922688428, 0.000234785824432, 0.00590834906325, -0.0019013202982, -2.8794618629e-005, -0.00026412011357, -0.000607758120168, -0.00130548479501, 0.000323543528793, -0.000362238468369], [0.000148909384734, -0.000523876980878, 8.7828739197e-005, 0.000192732113646, 0.000172317682882, -0.0019013202982, 0.00626691011712, -0.00294481636956, 0.000149396772031, -0.000985128572211, -0.000672508438583, 0.000250019598752, -0.000327074725647], [-0.000164386656252, 0.000161364296218, -0.00026173889637, -0.00017392844893, -0.000101595229353, -2.8794618629e-005, -0.00294481636956, 0.0100784180686, -0.00283556897193, -0.000168956365087, -0.00112623069435, -0.000695661117788, -0.000459441798739], [-0.000104172002466, -0.000585013651289, -0.000437521433923, -0.000649152789265, -1.17066283565e-005, -0.00026412011357, 0.000149396772031, -0.00283556897193, 0.00999026186764, -0.00357829546556, 0.000752006249968, -0.00241224491037, 0.00144482043106], [0.000251974968705, 0.000767842167988, 0.000828137446661, 0.000126630606246, -0.00163172010798, -0.000607758120168, -0.000985128572211, -0.000168956365087, -0.00357829546556, 0.0115092862397, -0.00470509985462, 0.00070579641033, -0.00120578461792], [-0.00013975983893, -0.000285514950519, 0.000121821198263, 0.000233123864746, 0.00101575045846, -0.00130548479501, -0.000672508438583, -0.00112623069435, 0.000752006249968, -0.00470509985462, 0.013802154921, -0.00486233178526, 0.000475588167319], [-5.19827917742e-005, 0.000112706104119, -0.000204085037694, 0.000162493088283, -0.000653947587125, 0.000323543528793, 0.000250019598752, -0.000695661117788, -0.00241224491037, 0.00070579641033, -0.00486233178526, 0.01531613525, -0.00560445850715], [-0.000152892593178, -0.000337575242156, -4.25022226409e-005, -0.00109481811523, -0.000529429118615, -0.000362238468369, -0.000327074725647, -0.000459441798739, 0.00144482043106, -0.00120578461792, 0.000475588167319, -0.00560445850715, 0.0129338474944]]
    sccoeffs:
        dmean: [0.0623580031097, 0.0626699700952, 0.0438077449799, 0.0375740751624, 0.0296353287995, 0.0318642295897]
        dmean2: [0.0977512151003, 0.097438916564, 0.0684886574745, 0.0583984814584, 0.0456280000508, 0.0476178228855]
        dvar: [0.00259779416956, 0.00261324201711, 0.001332089887, 0.000994236324914, 0.000756941677537, 0.00102603947744]
        dvar2: [0.00630451506004, 0.00603628577664, 0.00294399843551, 0.00227436609566, 0.00162973243278, 0.00230912328698]
        max: [-0.252323687077, -0.405024588108, -0.437476754189, -0.549201667309, -0.536956548691, -0.540820479393]
        mean: [-0.622146189213, -0.711715340614, -0.783762931824, -0.793232023716, -0.794754207134, -0.759226024151]
        median: [-0.650603830814, -0.716992020607, -0.796421527863, -0.800726532936, -0.80259013176, -0.762016355991]
        min: [-0.998553991318, -0.992715537548, -0.993843495846, -0.995091855526, -0.98437333107, -0.897500276566]
        var: [0.0144228981808, 0.00751783978194, 0.00458174524829, 0.00296299578622, 0.00216122972779, 0.00281467474997]
    scvalleys:
        dmean: [0.497881144285, 0.512030422688, 0.465808063745, 0.471911817789, 0.445350259542, 0.563585639]
        dmean2: [0.750172913074, 0.782216012478, 0.692192137241, 0.679409563541, 0.604305326939, 0.7393040061]
        dvar: [0.230435580015, 0.22098621726, 0.188284784555, 0.213185071945, 0.229912251234, 0.33276745677]
        dvar2: [0.414811074734, 0.499308019876, 0.387752681971, 0.426217287779, 0.445625931025, 0.581233561039]
        max: [-5.10077571869, -4.60889482498, -5.17427492142, -5.18101215363, -5.59840774536, -7.43301916122]
        mean: [-7.86307239532, -6.95770978928, -7.55799436569, -7.72757434845, -7.71108913422, -10.2962760925]
        median: [-7.31971740723, -6.87606239319, -7.5220284462, -7.64578151703, -7.54448413849, -10.1098327637]
        min: [-15.6825885773, -15.7288141251, -15.7388095856, -15.7650289536, -16.0368843079, -18.739862442]
        var: [3.69393634796, 0.833274066448, 0.829633653164, 0.956541240215, 1.26692247391, 2.4741537571]

rhythm:
    beats_loudness:
        dmean: 0.00180267530959
        dmean2: 0.00322174839675
        dvar: 3.72850990971e-006
        dvar2: 1.12331699711e-005
        max: 0.012722576037
        mean: 0.00710625154898
        median: 0.00770843587816
        min: 2.96058800586e-007
        var: 6.37882203591e-006
    bpm: 84.9824905396
    bpm_confidence: 0
    first_peak_bpm: 85
    first_peak_spread: 0.175384640694
    first_peak_weight: 0.824615359306
    onset_rate: 5.07548236847
    second_peak_bpm: 0
    second_peak_spread: 0
    second_peak_weight: 0
    beats_loudness_band_ratio:
        dmean: [0.421992272139, 0.0840808525681, 0.0937059000134, 0.148360043764, 0.247727513313, 0.129417732358]
        dmean2: [0.842503845692, 0.150079861283, 0.164959266782, 0.286380887032, 0.489879339933, 0.248260810971]
        dvar: [0.0415029488504, 0.00888589024544, 0.0168983321637, 0.00426612468436, 0.00973916146904, 0.0084406863898]
        dvar2: [0.141500070691, 0.0258065573871, 0.0520324893296, 0.0144346728921, 0.0320865884423, 0.026326559484]
        max: [0.756152331829, 0.700156629086, 0.972481191158, 0.416971921921, 0.525231361389, 0.880795896053]
        mean: [0.266703277826, 0.108599841595, 0.126002371311, 0.10795712471, 0.230314567685, 0.192986503243]
        median: [0.0956134051085, 0.0784046649933, 0.0834798067808, 0.104945853353, 0.224397152662, 0.179570496082]
        min: [1.72027318968e-006, 0.000182567629963, 0.0109293833375, 0.00509930448607, 0.0049015423283, 0.000818439060822]
        var: [0.0691408067942, 0.00880904123187, 0.0199330504984, 0.00893652997911, 0.0217640437186, 0.0110608786345]
    beats_position: [0.731428563595, 1.46285712719, 2.18267560005, 2.89088439941, 3.59909296036, 4.3073015213, 5.01551008224, 5.72371864319, 6.43192720413, 7.14013576508, 7.83673477173, 8.53333282471, 9.24154186249, 9.94974994659, 10.6579589844, 11.3313379288, 12.0395460129, 12.7477550507, 13.4443531036, 14.1641721725, 14.8839902878, 15.5805892944, 16.2771873474, 16.9853973389, 17.693605423, 18.390203476, 19.0984115601, 19.8066215515, 20.5264396667, 21.2230377197, 21.9312477112, 22.6278457642, 23.3360538483, 24.0326519012, 24.7408618927, 25.4490699768, 26.168888092, 26.865486145, 27.5736961365, 28.2819042206, 28.9901123047, 29.6983222961, 30.3949203491, 31.1031284332, 31.8113365173, 32.5079345703, 33.2277526855, 33.9243545532, 34.63256073, 35.3407707214, 36.0373687744, 36.7455787659, 37.4537849426, 38.1503829956, 38.8585929871, 39.5668029785, 40.2866210938, 40.9832191467, 41.6914291382, 42.3996353149, 43.1194534302, 43.8160552979, 44.5126533508, 45.2208595276, 45.929069519, 46.625667572, 47.3338775635, 48.0420837402, 48.7619056702, 49.4585037231, 50.1551017761, 50.8633079529, 51.5715179443, 52.2797279358, 52.9879341125, 53.6845359802, 54.4043540955, 55.1009521484, 55.8091583252, 56.5173683167, 57.2139663696, 57.9221763611, 58.6303825378, 59.3269844055, 60.0468025208, 60.7434005737, 61.4516105652, 62.1598167419, 62.8796348572, 63.5762329102, 64.2728347778, 64.9810409546, 65.7008590698, 66.3974609375, 67.1056671143, 67.8022689819, 68.5104751587, 69.2186813354, 69.9152832031, 70.6351013184, 71.3549194336, 72.0515213013, 72.7481155396, 73.4563217163, 74.1645355225, 74.8611297607, 75.5693435669, 76.2775497437, 76.9973678589, 77.6939697266, 78.4021759033, 79.1103820801, 79.8069839478, 80.503578186, 81.2117919922, 81.9199981689, 82.6398162842, 83.3364181519, 84.0446243286, 84.7528305054, 85.4610443115, 86.1576385498, 86.865852356, 87.5624465942, 88.2822647095, 88.9788665771, 89.6986846924, 90.3952789307, 91.1034927368, 91.8116989136, 92.5083007813, 93.2281188965, 93.9479370117, 94.64453125, 95.3411331177, 96.0493392944, 96.7575454712, 97.4541473389, 98.1507492065, 98.8705673218, 99.590385437, 100.286979675, 100.983581543, 101.680175781, 102.400001526, 103.096595764, 103.793197632, 104.513015747, 105.232833862, 105.929428101, 106.626029968, 107.334236145, 108.042449951, 108.750656128, 109.458862305, 110.155464172, 110.875282288, 111.571876526, 112.280090332, 112.97668457, 113.673286438, 114.381492615, 115.089706421, 115.797912598, 116.517730713, 117.214332581, 117.922538757, 118.630744934, 119.350563049, 120.047164917, 120.743759155, 121.451972961, 122.160179138, 122.856781006, 123.564987183, 124.273193359, 124.981407166, 125.689613342, 126.386207581, 127.106025696, 127.82585144, 128.522445679, 129.219039917, 129.927261353, 130.635467529, 131.332061768, 132.040267944, 132.748474121, 133.468292236, 134.164901733, 134.87310791, 135.581314087, 136.289520264, 136.99772644, 137.694335938, 138.390930176, 139.110748291, 139.807342529, 140.515548706, 141.223754883, 141.931976318, 142.628570557, 143.336776733, 144.033370972, 144.753189087, 145.449798584, 146.158004761, 146.854598999, 147.562805176, 148.271011353, 148.979232788, 149.687438965, 150.395645142, 151.09223938, 151.800445557, 152.508651733, 153.228485107, 153.925079346, 154.621673584, 155.329879761, 156.038085938, 156.746307373, 157.45451355, 158.151107788, 158.870925903, 159.57913208, 160.275741577, 160.983947754, 161.703765869, 162.400360107, 163.096954346, 163.805160522, 164.513381958, 165.233200073, 165.929794312, 166.62638855, 167.346206665, 168.06602478, 168.762634277, 169.459228516, 170.155822754, 170.864028931, 171.572235107, 172.268844604, 172.98866272, 173.685256958, 174.393463135, 175.101669312, 175.821487427, 176.518096924, 177.214691162, 177.922897339, 178.631103516, 179.339309692, 180.047531128, 180.744125366, 181.452331543, 182.16053772, 182.857131958, 183.576965332, 184.296783447, 184.993377686, 185.689971924, 186.398178101, 187.106384277, 187.802993774, 188.511199951, 189.219406128, 189.939224243, 190.635818481, 191.332427979, 192.040634155, 192.748840332, 193.44543457, 194.153640747, 194.861862183, 195.581680298, 196.278274536, 196.986480713, 197.69468689, 198.391296387, 199.099502563, 199.80770874, 200.515914917, 201.224121094, 201.920715332, 202.640533447, 203.337142944, 204.045349121, 204.753555298, 205.450149536, 206.146759033, 206.866577148, 207.563171387, 208.271377563, 208.97958374, 209.699401855, 210.396011353, 211.092605591, 211.800811768, 212.509017944, 213.205612183, 213.925445557, 214.622039795, 215.330245972, 216.038452148, 216.746658325, 217.454864502, 218.174682617, 218.871292114, 219.567886353, 220.276092529, 220.984298706, 221.680908203, 222.38911438, 223.097320557, 223.817138672, 224.51373291, 225.221939087, 225.953369141, 226.696411133, 227.40461731, 228.101226807, 228.809432983, 229.494415283, 230.191009521]
    bpm_estimates: [82.03125, 83.354347229, 84.7207794189, 84.7208023071, 84.7208023071, 84.7208023071, 84.7208023071, 84.7208023071, 84.7208023071, 86.1327667236, 86.1328887939, 84.7207489014, 84.7208633423, 84.7207489014, 84.7208633423, 84.7207489014, 86.1328887939, 83.3542785645, 83.3543930054, 86.1327667236, 86.1328887939, 84.7206344604, 84.7208633423, 86.1328887939, 84.7208633423, 84.7206344604, 83.3543930054, 86.1328887939, 84.7206344604, 86.1328887939, 84.7208633423, 86.1328887939, 84.7206344604, 84.7208633423, 83.3543930054, 86.1328887939, 84.7206344604, 84.7208633423, 84.7208633423, 84.7206344604, 86.1328887939, 84.7208633423, 84.7208633423, 86.1328887939, 83.3543930054, 86.1324157715, 84.7210922241, 84.7206344604, 86.1328887939, 84.7206344604, 84.7210922241, 86.1328887939, 84.7206344604, 84.7206344604, 83.3543930054, 86.1328887939, 84.7206344604, 84.7210922241, 83.3543930054, 86.1324157715, 86.1328887939, 84.7210922241, 84.7206344604, 86.1328887939, 84.7206344604, 84.7210922241, 83.3539505005, 86.1328887939, 86.1328887939, 84.7210922241, 84.7206344604, 84.7206344604, 84.7210922241, 86.1324157715, 83.3543930054, 86.1328887939, 84.7210922241, 84.7206344604, 86.1328887939, 84.7206344604, 84.7210922241, 86.1324157715, 83.3543930054, 86.1328887939, 84.7206344604, 84.7210922241, 83.3543930054, 86.1328887939, 86.1324157715, 84.7210922241, 83.3543930054, 86.1324157715, 84.7210922241, 86.1324157715, 84.7210922241, 84.7210922241, 86.1324157715, 83.3543930054, 83.3543930054, 86.1324157715, 86.133354187, 84.7210922241, 84.7201766968, 86.133354187, 84.7201766968, 84.7210922241, 83.3543930054, 86.1324157715, 84.7210922241, 84.7210922241, 86.1324157715, 86.133354187, 84.7201766968, 84.7210922241, 83.3543930054, 86.1324157715, 84.7210922241, 84.7210922241, 84.7201766968, 86.133354187, 84.7201766968, 86.133354187, 83.3543930054, 86.1324157715, 83.3543930054, 86.133354187, 84.7201766968, 84.7210922241, 86.1324157715, 83.3543930054, 83.3543930054, 86.133354187, 86.1324157715, 84.7210922241, 84.7210922241, 86.1324157715, 86.1324157715, 83.3543930054, 83.3543930054, 86.133354187, 86.1324157715, 86.133354187, 83.3535079956, 86.133354187, 86.1324157715, 83.3543930054, 83.3543930054, 86.133354187, 86.1324157715, 84.7210922241, 84.7201766968, 84.7210922241, 84.7210922241, 86.1324157715, 83.3543930054, 86.133354187, 84.7201766968, 86.133354187, 86.1324157715, 84.7210922241, 84.7201766968, 84.7210922241, 83.3543930054, 86.1324157715, 84.7210922241, 84.7210922241, 83.3543930054, 86.1324157715, 86.133354187, 84.7201766968, 84.7210922241, 86.1324157715, 84.7210922241, 84.7210922241, 84.7201766968, 84.7210922241, 86.133354187, 83.3543930054, 83.3535079956, 86.133354187, 86.133354187, 84.7192687988, 84.7210922241, 86.133354187, 84.7210922241, 84.7210922241, 83.3543930054, 86.1314697266, 84.7210922241, 84.7210922241, 84.7210922241, 84.7210922241, 86.1314697266, 86.133354187, 83.3543930054, 86.133354187, 84.7210922241, 84.7210922241, 84.7192687988, 86.133354187, 84.7210922241, 86.133354187, 83.3543930054, 86.1314697266, 84.7210922241, 86.133354187, 84.7210922241, 84.7210922241, 84.7192687988, 84.7210922241, 84.7210922241, 86.133354187, 84.7210922241, 84.7210922241, 83.3526229858, 86.133354187, 86.133354187, 84.7210922241, 84.7210922241, 84.7192687988, 84.7210922241, 86.133354187, 83.3543930054, 84.7210922241, 86.1314697266, 84.7210922241, 83.3543930054, 86.133354187, 86.133354187, 84.7210922241, 84.7192687988, 83.3543930054, 86.133354187, 86.133354187, 83.3543930054, 83.3543930054, 86.1314697266, 86.133354187, 86.133354187, 84.7210922241, 84.7210922241, 86.1314697266, 83.3543930054, 86.133354187, 84.7210922241, 84.7210922241, 83.3543930054, 86.1314697266, 86.133354187, 84.7210922241, 84.7210922241, 84.7210922241, 84.7192687988, 86.133354187, 84.7210922241, 84.7210922241, 86.133354187, 83.3526229858, 83.3543930054, 86.133354187, 86.133354187, 84.7210922241, 84.7210922241, 86.1314697266, 84.7210922241, 84.7210922241, 83.3543930054, 86.133354187, 86.1314697266, 84.7210922241, 84.7210922241, 86.133354187, 84.7210922241, 84.7192687988, 83.3543930054, 86.133354187, 84.7210922241, 84.7210922241, 86.1314697266, 84.7210922241, 84.7210922241, 84.7210922241, 84.7210922241, 86.133354187, 83.3543930054, 86.1314697266, 84.7210922241, 84.7210922241, 86.133354187, 86.1314697266, 83.3543930054, 86.133354187, 84.7210922241, 84.7210922241, 83.3543930054, 86.1314697266, 86.133354187, 84.7210922241, 84.7210922241, 86.133354187, 83.3526229858, 86.133354187, 84.7210922241, 84.7210922241, 84.7210922241, 84.7210922241, 83.3543930054, 86.1314697266, 86.133354187, 84.7210922241, 84.7210922241, 86.1314697266, 84.7210922241, 84.7210922241, 83.3543930054, 86.133354187, 84.7210922241, 82.0310821533, 80.7491378784, 84.7210922241, 86.1314697266, 84.7210922241, 87.5935058594, 86.133354187]
