
metadata:
    version:
        essentia: "2.1-beta2"
    audio_properties:
        analysis_sample_rate: 44100
        bitrate: 320
        channels: 2
        equal_loudness: 1
        length: 254.615982056
        replay_gain: -15.6314668655
        downmix: "mix"
    tags:
        album: "The Rising Tied"
        artist: "Fort Minor"
        comment: ""
        date: "2005"
        genre: "Alternative Hip-Hop"
        title: "Right Now (feat Black Thought & Styles of Beyond)"
        tracknumber: "03"

configuration:
    average_loudness:
        compute: 1
        frameSize: 88200
        hopSize: 44100
        silentFrames: "noise"
        windowType: "hann"
    general:
        analysisSampleRate: 44100
        endTime: 2000
        equalLoudness: 1
        nequalLoudness: 0
        shortSound: 0
        startTime: 0
    lowlevel:
        compute: 1
        frameSize: 2048
        hopSize: 1024
        zeroPadding: 0
        silentFrames: "noise"
        windowType: "blackmanharris62"
        mfccStats: ["mean", "cov", "icov"]
        stats: ["mean", "var", "median", "min", "max", "dmean", "dmean2", "dvar", "dvar2"]
    panning:
        compute: 0
        frameSize: 8192
        hopSize: 2048
        zeroPadding: 8192
        silentFrames: "noise"
        windowType: "hann"
        stats: ["copy"]
    rhythm:
        compute: 1
        maxTempo: 208
        minTempo: 40
        method: "degara"
        stats: ["mean", "var", "median", "min", "max", "dmean", "dmean2", "dvar", "dvar2"]
    segmentation:
        compute: 0
        cpw: 5
        inc1: 300
        inc2: 50
        minimumSegmentsLength: 10
        size1: 1000
        size2: 600
    sfx:
        compute: 1
        stats: ["mean", "var", "median", "min", "max", "dmean", "dmean2", "dvar", "dvar2"]
    svm:
        compute: 0
    tonal:
        compute: 1
        frameSize: 4096
        hopSize: 2048
        zeroPadding: 0
        silentFrames: "noise"
        windowType: "blackmanharris62"
        stats: ["mean", "var", "median", "min", "max", "dmean", "dmean2", "dvar", "dvar2"]

lowlevel:
    average_loudness: 0.954286754131
    barkbands_kurtosis:
        dmean: 1.8501367569
        dmean2: 2.92807388306
        dvar: 8.01505470276
        dvar2: 19.0100975037
        max: 60.6089096069
        mean: 1.20473766327
        median: -0.114417433739
        min: -1.93277990818
        var: 15.0647878647
    barkbands_skewness:
        dmean: 0.578309714794
        dmean2: 0.86295902729
        dvar: 0.325727641582
        dvar2: 0.742334663868
        max: 5.5328874588
        mean: 0.864993751049
        median: 0.813921391964
        min: -4.44733381271
        var: 0.956526696682
    barkbands_spread:
        dmean: 7.73928928375
        dmean2: 11.7940330505
        dvar: 66.9762268066
        dvar2: 143.710464478
        max: 92.5348358154
        mean: 26.8503456116
        median: 25.1182746887
        min: 0.759294450283
        var: 207.929977417
    dissonance:
        dmean: 0.0237596239895
        dmean2: 0.0385249331594
        dvar: 0.000612724164966
        dvar2: 0.00144028221257
        max: 0.5
        mean: 0.458325564861
        median: 0.469567388296
        min: 0.151473045349
        var: 0.00138368364424
    hfc:
        dmean: 2.59808373451
        dmean2: 3.9764881134
        dvar: 20.2012844086
        dvar2: 48.5764923096
        max: 48.3849868774
        mean: 4.09186458588
        median: 2.51992297173
        min: 1.18645665162e-016
        var: 26.458896637
    pitch:
        dmean: 534.893371582
        dmean2: 1010.06695557
        dvar: 1258764
        dvar2: 2978346.5
        max: 6644.79736328
        mean: 748.03137207
        median: 201.549560547
        min: 43.6738891602
        var: 1612855
    pitch_instantaneous_confidence:
        dmean: 0.103703692555
        dmean2: 0.161969810724
        dvar: 0.00892798602581
        dvar2: 0.0190528240055
        max: 0.942659080029
        mean: 0.40142378211
        median: 0.369274318218
        min: 0.0980365872383
        var: 0.0278551895171
    pitch_salience:
        dmean: 0.0764174982905
        dmean2: 0.124833874404
        dvar: 0.00477280141786
        dvar2: 0.0126537522301
        max: 0.859384596348
        mean: 0.622531354427
        median: 0.633431732655
        min: 0.15014244616
        var: 0.0101159457117
    silence_rate_20dB:
        dmean: 0
        dmean2: 0
        dvar: 0
        dvar2: 0
        max: 1
        mean: 1
        median: 1
        min: 1
        var: 0
    silence_rate_30dB:
        dmean: 0
        dmean2: 0
        dvar: 0
        dvar2: 0
        max: 1
        mean: 1
        median: 1
        min: 1
        var: 0
    silence_rate_60dB:
        dmean: 0.173809960485
        dmean2: 0.34765163064
        dvar: 0.143586218357
        dvar2: 0.265446066856
        max: 1
        mean: 0.604540884495
        median: 1
        min: 0
        var: 0.239087730646
    spectral_centroid:
        dmean: 368.225769043
        dmean2: 544.102722168
        dvar: 188760.9375
        dvar2: 359879.5625
        max: 11301.6025391
        mean: 1168.68261719
        median: 973.953735352
        min: 131.657211304
        var: 526742.625
    spectral_complexity:
        dmean: 4.22086429596
        dmean2: 6.44632911682
        dvar: 41.749622345
        dvar2: 91.0952224731
        max: 58
        mean: 8.91611194611
        median: 7
        min: 0
        var: 70.2841415405
    spectral_crest:
        dmean: 2.51173186302
        dmean2: 4.08674478531
        dvar: 5.42742347717
        dvar2: 14.4132938385
        max: 24.474647522
        mean: 7.77131462097
        median: 6.99669408798
        min: 2.24063301086
        var: 12.0537004471
    spectral_decrease:
        dmean: 3.38475913964e-010
        dmean2: 5.13134035263e-010
        dvar: 2.59004544505e-019
        dvar2: 6.17214617633e-019
        max: -3.53076975123e-029
        mean: -7.41205818944e-010
        median: -5.92692561696e-010
        min: -5.04986186201e-009
        var: 4.10350162269e-019
    spectral_energy:
        dmean: 0.00148397614248
        dmean2: 0.00224766461179
        dvar: 5.07172262587e-006
        dvar2: 1.21141547424e-005
        max: 0.0234479978681
        mean: 0.00316861923784
        median: 0.00252903206274
        min: 1.08947764609e-020
        var: 7.81425569585e-006
    spectral_energyband_high:
        dmean: 0.000201235481654
        dmean2: 0.000313250144245
        dvar: 1.21230698369e-007
        dvar2: 2.85977790782e-007
        max: 0.00503892963752
        mean: 0.000245439267019
        median: 6.70834633638e-005
        min: 7.83278405439e-021
        var: 1.70609979477e-007
    spectral_energyband_low:
        dmean: 0.000314403820084
        dmean2: 0.000524197064806
        dvar: 5.59857994631e-007
        dvar2: 1.37256643029e-006
        max: 0.00864538177848
        mean: 0.000553554098587
        median: 0.000315095938276
        min: 9.81397302834e-023
        var: 6.64044364385e-007
    spectral_energyband_middle_high:
        dmean: 0.00067430222407
        dmean2: 0.000993870897219
        dvar: 1.41696887113e-006
        dvar2: 3.21614925269e-006
        max: 0.0130994133651
        mean: 0.00107907061465
        median: 0.000587654358242
        min: 1.65773951878e-021
        var: 2.15568275053e-006
    spectral_energyband_middle_low:
        dmean: 0.000792855629697
        dmean2: 0.0012674103491
        dvar: 1.49144716488e-006
        dvar2: 3.70719340026e-006
        max: 0.0127326138318
        mean: 0.00144829507917
        median: 0.00102946173865
        min: 3.64080815263e-022
        var: 2.0883326215e-006
    spectral_flatness_db:
        dmean: 0.0243779812008
        dmean2: 0.0366074070334
        dvar: 0.000554628029931
        dvar2: 0.00121867412236
        max: 0.428464144468
        mean: 0.156624153256
        median: 0.146228820086
        min: 0.0537543781102
        var: 0.00280696689151
    spectral_flux:
        dmean: 0.010867738165
        dmean2: 0.016217565164
        dvar: 0.000175853070687
        dvar2: 0.000368384702597
        max: 0.139326050878
        mean: 0.0348869748414
        median: 0.0315613746643
        min: 1.04378047872e-010
        var: 0.000435461464804
    spectral_kurtosis:
        dmean: 3.04391813278
        dmean2: 4.88221597672
        dvar: 30.7123241425
        dvar2: 85.7575378418
        max: 137.977279663
        mean: 6.323325634
        median: 3.69749903679
        min: -1.23069345951
        var: 91.0673828125
    spectral_rms:
        dmean: 0.000366720749298
        dmean2: 0.000535911647603
        dvar: 2.00991536303e-007
        dvar2: 4.54899407032e-007
        max: 0.00478289602324
        mean: 0.0016006733058
        median: 0.00157077959739
        min: 3.2602223872e-012
        var: 5.29188639575e-007
    spectral_rolloff:
        dmean: 804.256347656
        dmean2: 1276.28491211
        dvar: 920760.4375
        dvar2: 1850996
        max: 18475.4882813
        mean: 2263.31347656
        median: 2174.85351563
        min: 129.19921875
        var: 2256710
    spectral_skewness:
        dmean: 0.40011331439
        dmean2: 0.607421994209
        dvar: 0.207022026181
        dvar2: 0.512088894844
        max: 8.69261932373
        mean: 1.73234331608
        median: 1.56055128574
        min: -0.278358697891
        var: 0.743740081787
    spectral_spread:
        dmean: 913275.9375
        dmean2: 1282728.5
        dvar: 1.31725420134e+012
        dvar2: 2.26161013555e+012
        max: 39627580
        mean: 4918709.5
        median: 4557208
        min: 700122.25
        var: 4.59605855437e+012
    spectral_strongpeak:
        dmean: 0.222273513675
        dmean2: 0.367988288403
        dvar: 0.115566514432
        dvar2: 0.291897177696
        max: 4.56804513931
        mean: 0.342465847731
        median: 0.195711746812
        min: 4.20841628213e-009
        var: 0.161273419857
    zerocrossingrate:
        dmean: 0.0143195176497
        dmean2: 0.0158602558076
        dvar: 0.000213244944462
        dvar2: 0.000245944596827
        max: 0.5185546875
        mean: 0.0705337300897
        median: 0.06201171875
        min: 0.005859375
        var: 0.00128308183048
    barkbands:
        dmean: [4.72333113066e-007, 6.12529111095e-005, 0.000194340842427, 0.0002145650069, 0.000166583748069, 0.000229771248996, 0.000203354546102, 0.000197390429094, 0.000160667244927, 0.000121922981634, 9.10064045456e-005, 6.59549914417e-005, 6.11414288869e-005, 4.12784575019e-005, 5.26583571627e-005, 6.53971655993e-005, 9.76010924205e-005, 0.000110734610644, 0.000150474836119, 0.000103152735392, 0.000105031984276, 3.70629277313e-005, 1.12179204734e-005, 4.12840563513e-006, 1.90657306121e-006, 4.1058314082e-008, 2.50626341902e-009]
        dmean2: [8.08490995041e-007, 0.000102530873846, 0.000328744383296, 0.000377271120669, 0.000283153436612, 0.000383770558983, 0.000329482398229, 0.000329399423208, 0.000259079097304, 0.000191969666048, 0.000152095832163, 0.000100870289316, 8.98446960491e-005, 6.6519867687e-005, 8.58498024172e-005, 9.80540062301e-005, 0.000157369286171, 0.000190296559595, 0.000249127508141, 0.000166155587067, 0.000168900063727, 5.80854248255e-005, 1.77749661816e-005, 6.1579580688e-006, 2.72768761533e-006, 6.10212467222e-008, 3.796354342e-009]
        dvar: [1.41358962296e-012, 1.52554839872e-008, 2.32858795357e-007, 3.81611158673e-007, 7.99266786089e-008, 2.7277172876e-007, 1.73873374365e-007, 1.93546199512e-007, 1.15030609038e-007, 6.38200958747e-008, 3.34858043516e-008, 1.52856980407e-008, 1.69841367637e-008, 6.70882638332e-009, 1.3983198599e-008, 1.50150896161e-008, 2.82814340835e-008, 8.73161027926e-008, 1.00811355708e-007, 4.02770119479e-008, 3.85427405547e-008, 4.67689975636e-009, 5.37178912463e-010, 9.61705506897e-011, 2.78789179242e-011, 1.12283602284e-014, 4.54743170408e-017]
        dvar2: [4.12267008726e-012, 4.14403693583e-008, 6.05828631706e-007, 1.04455602923e-006, 2.13304829799e-007, 7.3759042607e-007, 4.11256081634e-007, 5.0785502026e-007, 2.85835710656e-007, 1.43631964988e-007, 8.35826838852e-008, 3.18123980492e-008, 3.29857066106e-008, 1.64891105214e-008, 3.53972424705e-008, 3.20159294631e-008, 6.87253702836e-008, 2.39949599745e-007, 2.56537646237e-007, 9.7768243279e-008, 9.50495717689e-008, 1.03252819628e-008, 1.12308218281e-009, 1.85944037945e-010, 5.28375398989e-011, 2.2935656602e-014, 7.82643487837e-017]
        max: [1.10847440737e-005, 0.00197113724425, 0.00540644396096, 0.00761866476387, 0.00496445223689, 0.00933900754899, 0.00820124242455, 0.00793194584548, 0.00596350384876, 0.00419201049954, 0.00322691444308, 0.00198807520792, 0.00172025850043, 0.00131428695749, 0.00208140281029, 0.00241069518961, 0.00220673368312, 0.00336144375615, 0.00315254577436, 0.00347349443473, 0.00293428613804, 0.00159304728732, 0.000480497576063, 0.000278723804513, 0.000139836818562, 2.37556832872e-006, 4.81916018202e-008]
        mean: [5.20806850091e-007, 0.000141241966048, 0.000290434079943, 0.000207054268685, 0.000243651098572, 0.000275810976746, 0.000235605519265, 0.00022411403188, 0.000197320536245, 0.000169733801158, 0.000110827575554, 8.63773311721e-005, 7.47638259782e-005, 5.01305657963e-005, 6.4883264713e-005, 8.87232381501e-005, 0.000126504717628, 0.000116102324682, 0.000160053736181, 0.00012833152141, 0.000112670320959, 4.32198721683e-005, 1.2636932297e-005, 5.2930477068e-006, 2.56850853475e-006, 5.22658289981e-008, 2.76597411641e-009]
        median: [9.85556596333e-008, 8.03956208983e-005, 0.000138304691063, 7.15020505595e-005, 0.000147097700392, 0.000107243096863, 7.890463894e-005, 7.24245910533e-005, 6.76948548062e-005, 4.13203524658e-005, 2.88338487735e-005, 2.44745206146e-005, 1.572527799e-005, 1.72273721546e-005, 2.07416487683e-005, 3.23294043483e-005, 4.93111438118e-005, 3.85427119909e-005, 5.64996880712e-005, 3.54568692273e-005, 2.55559552897e-005, 1.07815567389e-005, 2.29988427236e-006, 1.03668560314e-006, 3.49615930872e-007, 7.41603978227e-009, 1.88484602925e-010]
        min: [6.7901644179e-024, 7.5800786102e-023, 1.2292445566e-023, 1.0174249117e-023, 3.76055042229e-023, 6.29044375364e-023, 3.24713671043e-023, 9.24276957538e-023, 1.25816561733e-022, 5.51900342156e-023, 7.8305646668e-023, 8.89226479124e-023, 1.21233696393e-022, 1.33642579406e-022, 8.5594513173e-023, 1.00779580728e-022, 2.36015343618e-022, 2.88667429285e-022, 3.59254374918e-022, 3.37904870571e-022, 5.26230252942e-022, 4.84669677819e-022, 5.81931355428e-022, 7.62711112846e-022, 1.16464627062e-021, 1.83764393089e-021, 2.43097961492e-021]
        var: [1.37106721376e-012, 3.35271366225e-008, 2.38130439811e-007, 2.84135012407e-007, 1.00261836167e-007, 2.48106800882e-007, 2.10333894302e-007, 1.9893661829e-007, 1.3883659733e-007, 9.85103980611e-008, 4.50291963716e-008, 2.38094006733e-008, 2.74986540205e-008, 7.95716736945e-009, 1.72698655376e-008, 2.41661233247e-008, 4.00735977735e-008, 6.3687721763e-008, 9.75889449251e-008, 5.44373399691e-008, 4.50994157575e-008, 7.21715487373e-009, 9.37972699511e-010, 1.95213456511e-010, 5.74090427974e-011, 2.03072506863e-014, 6.16452050166e-017]
    frequency_bands:
        dmean: [4.72333113066e-007, 6.12529111095e-005, 0.000194340842427, 0.0002145650069, 0.000166583748069, 0.000229771248996, 0.000203354546102, 0.000197390429094, 0.000160667244927, 0.000121922981634, 9.10064045456e-005, 6.59549914417e-005, 6.11414288869e-005, 4.12784575019e-005, 5.26583571627e-005, 6.53971655993e-005, 9.76010924205e-005, 0.000110734610644, 0.000150474836119, 0.000103152735392, 0.000105031984276, 3.70629277313e-005, 1.12179204734e-005, 4.12840563513e-006, 1.90657306121e-006, 4.1058314082e-008, 2.50626341902e-009, 3.81239172176e-011]
        dmean2: [8.08490995041e-007, 0.000102530873846, 0.000328744383296, 0.000377271120669, 0.000283153436612, 0.000383770558983, 0.000329482398229, 0.000329399423208, 0.000259079097304, 0.000191969666048, 0.000152095832163, 0.000100870289316, 8.98446960491e-005, 6.6519867687e-005, 8.58498024172e-005, 9.80540062301e-005, 0.000157369286171, 0.000190296559595, 0.000249127508141, 0.000166155587067, 0.000168900063727, 5.80854248255e-005, 1.77749661816e-005, 6.1579580688e-006, 2.72768761533e-006, 6.10212467222e-008, 3.796354342e-009, 7.09680439415e-011]
        dvar: [1.41358962296e-012, 1.52554839872e-008, 2.32858795357e-007, 3.81611158673e-007, 7.99266786089e-008, 2.7277172876e-007, 1.73873374365e-007, 1.93546199512e-007, 1.15030609038e-007, 6.38200958747e-008, 3.34858043516e-008, 1.52856980407e-008, 1.69841367637e-008, 6.70882638332e-009, 1.3983198599e-008, 1.50150896161e-008, 2.82814340835e-008, 8.73161027926e-008, 1.00811355708e-007, 4.02770119479e-008, 3.85427405547e-008, 4.67689975636e-009, 5.37178912463e-010, 9.61705506897e-011, 2.78789179242e-011, 1.12283602284e-014, 4.54743170408e-017, 3.70255291415e-021]
        dvar2: [4.12267008726e-012, 4.14403693583e-008, 6.05828631706e-007, 1.04455602923e-006, 2.13304829799e-007, 7.3759042607e-007, 4.11256081634e-007, 5.0785502026e-007, 2.85835710656e-007, 1.43631964988e-007, 8.35826838852e-008, 3.18123980492e-008, 3.29857066106e-008, 1.64891105214e-008, 3.53972424705e-008, 3.20159294631e-008, 6.87253702836e-008, 2.39949599745e-007, 2.56537646237e-007, 9.7768243279e-008, 9.50495717689e-008, 1.03252819628e-008, 1.12308218281e-009, 1.85944037945e-010, 5.28375398989e-011, 2.2935656602e-014, 7.82643487837e-017, 1.18889530453e-020]
        max: [1.10847440737e-005, 0.00197113724425, 0.00540644396096, 0.00761866476387, 0.00496445223689, 0.00933900754899, 0.00820124242455, 0.00793194584548, 0.00596350384876, 0.00419201049954, 0.00322691444308, 0.00198807520792, 0.00172025850043, 0.00131428695749, 0.00208140281029, 0.00241069518961, 0.00220673368312, 0.00336144375615, 0.00315254577436, 0.00347349443473, 0.00293428613804, 0.00159304728732, 0.000480497576063, 0.000278723804513, 0.000139836818562, 2.37556832872e-006, 4.81916018202e-008, 1.03116060135e-009]
        mean: [5.20806850091e-007, 0.000141241966048, 0.000290434079943, 0.000207054268685, 0.000243651098572, 0.000275810976746, 0.000235605519265, 0.00022411403188, 0.000197320536245, 0.000169733801158, 0.000110827575554, 8.63773311721e-005, 7.47638259782e-005, 5.01305657963e-005, 6.4883264713e-005, 8.87232381501e-005, 0.000126504717628, 0.000116102324682, 0.000160053736181, 0.00012833152141, 0.000112670320959, 4.32198721683e-005, 1.2636932297e-005, 5.2930477068e-006, 2.56850853475e-006, 5.22658289981e-008, 2.76597411641e-009, 2.90710788775e-011]
        median: [9.85556596333e-008, 8.03956208983e-005, 0.000138304691063, 7.15020505595e-005, 0.000147097700392, 0.000107243096863, 7.890463894e-005, 7.24245910533e-005, 6.76948548062e-005, 4.13203524658e-005, 2.88338487735e-005, 2.44745206146e-005, 1.572527799e-005, 1.72273721546e-005, 2.07416487683e-005, 3.23294043483e-005, 4.93111438118e-005, 3.85427119909e-005, 5.64996880712e-005, 3.54568692273e-005, 2.55559552897e-005, 1.07815567389e-005, 2.29988427236e-006, 1.03668560314e-006, 3.49615930872e-007, 7.41603978227e-009, 1.88484602925e-010, 8.96239592957e-012]
        min: [6.7901644179e-024, 7.5800786102e-023, 1.2292445566e-023, 1.0174249117e-023, 3.76055042229e-023, 6.29044375364e-023, 3.24713671043e-023, 9.24276957538e-023, 1.25816561733e-022, 5.51900342156e-023, 7.8305646668e-023, 8.89226479124e-023, 1.21233696393e-022, 1.33642579406e-022, 8.5594513173e-023, 1.00779580728e-022, 2.36015343618e-022, 2.88667429285e-022, 3.59254374918e-022, 3.37904870571e-022, 5.26230252942e-022, 4.84669677819e-022, 5.81931355428e-022, 7.62711112846e-022, 1.16464627062e-021, 1.83764393089e-021, 2.43097961492e-021, 7.64168473415e-022]
        var: [1.37106721376e-012, 3.35271366225e-008, 2.38130439811e-007, 2.84135012407e-007, 1.00261836167e-007, 2.48106800882e-007, 2.10333894302e-007, 1.9893661829e-007, 1.3883659733e-007, 9.85103980611e-008, 4.50291963716e-008, 2.38094006733e-008, 2.74986540205e-008, 7.95716736945e-009, 1.72698655376e-008, 2.41661233247e-008, 4.00735977735e-008, 6.3687721763e-008, 9.75889449251e-008, 5.44373399691e-008, 4.50994157575e-008, 7.21715487373e-009, 9.37972699511e-010, 1.95213456511e-010, 5.74090427974e-011, 2.03072506863e-014, 6.16452050166e-017, 2.82867052432e-021]
    mfcc:
        mean: [-753.09387207, 122.619041443, -24.9388370514, 41.5988311768, -12.0172204971, -3.27767324448, -1.85544788837, 0.334120512009, 1.37836539745, -3.06166362762, -2.13813972473, -0.784837305546, -2.15719985962]
        cov: [[6898.0859375, -1072.98071289, -817.041503906, 556.98828125, -671.69519043, 212.582229614, -51.4823303223, 114.573776245, 53.3887252808, -26.0684642792, -81.333152771, 58.2258682251, 3.4267437458], [-1072.98071289, 1615.07873535, -263.13973999, -239.998046875, 137.213165283, -233.217178345, -65.3761825562, -59.8597640991, 2.84093761444, -3.09757995605, 10.630566597, -17.78175354, 8.27640247345], [-817.041503906, -263.13973999, 633.109741211, 53.0893516541, 111.583259583, 58.5156440735, 19.2319431305, -0.857061445713, -32.2356262207, -17.2290554047, 7.33714866638, -15.3180742264, 13.9552469254], [556.98828125, -239.998046875, 53.0893516541, 479.977020264, 12.083065033, 100.404327393, 42.0960922241, 23.4416294098, 17.5127639771, -17.8477993011, -47.5692825317, 21.3991146088, 43.0225524902], [-671.69519043, 137.213165283, 111.583259583, 12.083065033, 316.394836426, -4.59875917435, -24.4356937408, -31.8174934387, -3.99542737007, 3.75420832634, -8.61401844025, -11.9126110077, 22.5340232849], [212.582229614, -233.217178345, 58.5156440735, 100.404327393, -4.59875917435, 199.41053772, 77.6089935303, 35.1703224182, 9.19517612457, -9.42144298553, -6.8719329834, -0.941169977188, -0.625688135624], [-51.4823303223, -65.3761825562, 19.2319431305, 42.0960922241, -24.4356937408, 77.6089935303, 171.065093994, 61.7840614319, 17.6403484344, -3.99523639679, 0.890245974064, -7.87940502167, -3.08535647392], [114.573776245, -59.8597640991, -0.857061445713, 23.4416294098, -31.8174934387, 35.1703224182, 61.7840614319, 125.226715088, 28.1736984253, -1.35204172134, 0.257267534733, -0.806007802486, 5.20075798035], [53.3887252808, 2.84093761444, -32.2356262207, 17.5127639771, -3.99542737007, 9.19517612457, 17.6403484344, 28.1736984253, 108.135314941, 26.8452625275, 8.52349472046, 9.8863325119, 8.32588195801], [-26.0684642792, -3.09757995605, -17.2290554047, -17.8477993011, 3.75420832634, -9.42144298553, -3.99523639679, -1.35204172134, 26.8452625275, 86.4149703979, 29.3108100891, 2.53741431236, 0.244030371308], [-81.333152771, 10.630566597, 7.33714866638, -47.5692825317, -8.61401844025, -6.8719329834, 0.890245974064, 0.257267534733, 8.52349472046, 29.3108100891, 80.2988967896, 16.4856815338, 3.73167943954], [58.2258682251, -17.78175354, -15.3180742264, 21.3991146088, -11.9126110077, -0.941169977188, -7.87940502167, -0.806007802486, 9.8863325119, 2.53741431236, 16.4856815338, 65.1891021729, 24.3411273956], [3.4267437458, 8.27640247345, 13.9552469254, 43.0225524902, 22.5340232849, -0.625688135624, -3.08535647392, 5.20075798035, 8.32588195801, 0.244030371308, 3.73167943954, 24.3411273956, 75.6403427124]]
        icov: [[0.000299769424601, 0.00016562489327, 0.000414021254983, -0.000295171746984, 0.000453436252428, -0.000211923732422, 0.000401591823902, -0.00015614219592, 3.87370209864e-006, 6.99440133758e-005, 5.00532587466e-005, 0.000115767048555, -9.02953615878e-005], [0.00016562489327, 0.000983223551884, 0.000609458889812, 9.95964510366e-005, -0.000251437479164, 0.000762739160564, -5.26947806065e-005, 9.98898176476e-005, -0.000128751868033, 0.000386263185646, -0.000102342586615, 0.000333606411004, -0.000301358173601], [0.000414021254983, 0.000609458889812, 0.00254358351231, -0.000443773751613, -0.000214580257307, -0.000387920619687, 0.00039296108298, -0.000205068776268, 0.000495436426718, 0.000578318664338, -0.000617884215899, 0.000781055132393, -0.000488726538606], [-0.000295171746984, 9.95964510366e-005, -0.000443773751613, 0.00307580409572, -0.000564467918593, -0.000731652486138, -0.000631840433925, 0.000232597391005, -0.000338777608704, -7.56242443458e-005, 0.00174478779081, -0.000911910901777, -0.00129984808154], [0.000453436252428, -0.000251437479164, -0.000214580257307, -0.000564467918593, 0.00460839131847, -0.000825825787615, 0.00106886180583, 0.000544720736798, -0.000195062340936, -0.000440654985141, 0.000622870749794, 0.00101743661799, -0.00134120497387], [-0.000211923732422, 0.000762739160564, -0.000387920619687, -0.000731652486138, -0.000825825787615, 0.00787432398647, -0.00313171651214, -0.000145789657836, -0.000253378122579, 0.000674745999277, -0.000339310761774, -1.80015722435e-005, 0.000655545387417], [0.000401591823902, -5.26947806065e-005, 0.00039296108298, -0.000631840433925, 0.00106886180583, -0.00313171651214, 0.00899515394121, -0.00346440426074, -0.000400606892072, 0.000324533000821, -0.000578172912356, 0.00123767356854, 0.000208518831641], [-0.00015614219592, 9.98898176476e-005, -0.000205068776268, 0.000232597391005, 0.000544720736798, -0.000145789657836, -0.00346440426074, 0.0105958711356, -0.00231632008217, 0.000643062638119, -2.32076235989e-005, 0.000581573462114, -0.0010647670133], [3.87370209864e-006, -0.000128751868033, 0.000495436426718, -0.000338777608704, -0.000195062340936, -0.000253378122579, -0.000400606892072, -0.00231632008217, 0.0111574279144, -0.00352248153649, 0.000143014913192, -0.00133978994563, -0.000478533678688], [6.99440133758e-005, 0.000386263185646, 0.000578318664338, -7.56242443458e-005, -0.000440654985141, 0.000674745999277, 0.000324533000821, 0.000643062638119, -0.00352248153649, 0.0146964024752, -0.00536748813465, 0.00144891079981, 0.000135618538479], [5.00532587466e-005, -0.000102342586615, -0.000617884215899, 0.00174478779081, 0.000622870749794, -0.000339310761774, -0.000578172912356, -2.32076235989e-005, 0.000143014913192, -0.00536748813465, 0.0165592227131, -0.00459694722667, -0.000415888876887], [0.000115767048555, 0.000333606411004, 0.000781055132393, -0.000911910901777, 0.00101743661799, -1.80015722435e-005, 0.00123767356854, 0.000581573462114, -0.00133978994563, 0.00144891079981, -0.00459694722667, 0.019673153758, -0.0059211794287], [-9.02953615878e-005, -0.000301358173601, -0.000488726538606, -0.00129984808154, -0.00134120497387, 0.000655545387417, 0.000208518831641, -0.0010647670133, -0.000478533678688, 0.000135618538479, -0.000415888876887, -0.0059211794287, 0.016551906243]]
    sccoeffs:
        dmean: [0.0496985241771, 0.0568927265704, 0.0393057391047, 0.0326961837709, 0.0247129909694, 0.0265211779624]
        dmean2: [0.0831964537501, 0.0917433202267, 0.0629746466875, 0.0527276173234, 0.0387956276536, 0.0396636426449]
        dvar: [0.00177546660416, 0.00232298555784, 0.00110743904952, 0.000792143342551, 0.000485326076159, 0.000603607681114]
        dvar2: [0.00482907099649, 0.00558245508, 0.00251432694495, 0.0018789563328, 0.00112411810551, 0.00128102756571]
        max: [-0.379610210657, -0.413746327162, -0.47084954381, -0.556252539158, -0.57483124733, -0.599524199963]
        mean: [-0.666773438454, -0.734077394009, -0.783609092236, -0.801434218884, -0.805267453194, -0.772538661957]
        median: [-0.67042028904, -0.742548525333, -0.790553569794, -0.808357357979, -0.811881482601, -0.772621750832]
        min: [-0.954977452755, -0.964436471462, -0.96396458149, -0.961079895496, -0.956567645073, -0.960427761078]
        var: [0.00426182383671, 0.00627470575273, 0.00396854523569, 0.00243290164508, 0.00155984598678, 0.00187059096061]
    scvalleys:
        dmean: [0.344108700752, 0.454358488321, 0.429316550493, 0.403708487749, 0.454132020473, 0.562412261963]
        dmean2: [0.572870194912, 0.733662247658, 0.652122557163, 0.591641366482, 0.628103971481, 0.744596242905]
        dvar: [0.0996065661311, 0.182660654187, 0.195041894913, 0.190663412213, 0.258669137955, 0.32889688015]
        dvar2: [0.238089054823, 0.403332561255, 0.37359815836, 0.348891079426, 0.525466620922, 0.655679047108]
        max: [-5.21487474442, -4.52315711975, -4.94635772705, -5.73352098465, -5.55178499222, -7.13372421265]
        mean: [-6.95691537857, -6.74344348907, -7.22849369049, -7.7257027626, -7.84217786789, -10.197476387]
        median: [-6.80158090591, -6.64082527161, -7.16631555557, -7.62459182739, -7.66076946259, -9.95926761627]
        min: [-27.647321701, -27.2822036743, -27.1599388123, -27.3365936279, -27.3391075134, -27.2356262207]
        var: [0.748215019703, 0.758432865143, 0.887562453747, 0.946509897709, 1.40343594551, 2.36757111549]

rhythm:
    beats_loudness:
        dmean: 0.00463416706771
        dmean2: 0.00889290310442
        dvar: 8.92647949513e-006
        dvar2: 2.53975831583e-005
        max: 0.0144552253187
        mean: 0.00625690538436
        median: 0.00752396276221
        min: 8.6943379074e-007
        var: 1.44627265399e-005
    bpm: 99.9877243042
    bpm_confidence: 0
    first_peak_bpm: 99
    first_peak_spread: 0.313539206982
    first_peak_weight: 0.684834122658
    onset_rate: 4.90542697906
    second_peak_bpm: 94
    second_peak_spread: 0
    second_peak_weight: 0.00236966833472
    beats_loudness_band_ratio:
        dmean: [0.331896752119, 0.124682538211, 0.143116652966, 0.192123889923, 0.146009802818, 0.144639208913]
        dmean2: [0.658946335316, 0.23672708869, 0.246347203851, 0.373398333788, 0.275687873363, 0.25363188982]
        dvar: [0.0689899772406, 0.0130719672889, 0.0176063533872, 0.00603082729504, 0.00605449173599, 0.0111905522645]
        dvar2: [0.165100231767, 0.0410623699427, 0.0521284528077, 0.0199993252754, 0.0194878391922, 0.0341847017407]
        max: [0.842828989029, 0.820813536644, 0.954510569572, 0.675438702106, 0.571819424629, 0.878885030746]
        mean: [0.211644738913, 0.117008075118, 0.204611197114, 0.170932486653, 0.169734552503, 0.165543407202]
        median: [0.0707090646029, 0.0814149901271, 0.160827472806, 0.189751908183, 0.202624335885, 0.169286668301]
        min: [0.00248161307536, 0.00620523840189, 0.0035363684874, 0.00331828324124, 0.00333094433881, 0.000166080062627]
        var: [0.0628804340959, 0.0134097738191, 0.0246787853539, 0.0139171872288, 0.0104091158137, 0.0159776266664]
    beats_position: [0.626938760281, 1.26548755169, 1.88081634045, 2.48453521729, 3.08825397491, 3.69197273254, 4.29569149017, 4.88780021667, 5.4915189743, 6.09523820877, 6.6989569664, 7.2910656929, 7.89478445053, 8.498503685, 9.11383247375, 9.71755123138, 10.3328800201, 10.9365987778, 11.5403175354, 12.1324262619, 12.7245349884, 13.3166437149, 13.9087524414, 14.512471199, 15.1161899567, 15.7082986832, 16.3004074097, 16.904127121, 17.5078449249, 18.1115646362, 18.7152824402, 19.3073921204, 19.8994998932, 20.5032196045, 21.1069393158, 21.7106571198, 22.3143768311, 22.9064846039, 23.5102043152, 24.102312088, 24.7060317993, 25.3097496033, 25.9134693146, 26.5171871185, 27.1209068298, 27.7014045715, 28.3051242828, 28.9088420868, 29.5125617981, 30.1162815094, 30.7083892822, 31.3004989624, 31.9042167664, 32.5079345703, 33.111656189, 33.7153739929, 34.3190917969, 34.9112014771, 35.5033111572, 36.1070289612, 36.7107467651, 37.3144645691, 37.9297943115, 38.5102958679, 39.1024017334, 39.7061233521, 40.309841156, 40.91355896, 41.5172767639, 42.1209983826, 42.7014961243, 43.3052139282, 43.9089317322, 44.5126533508, 45.1047592163, 45.6968688965, 46.3005905151, 46.9043083191, 47.508026123, 48.111743927, 48.7154655457, 49.3075714111, 49.8996810913, 50.5033988953, 51.1071205139, 51.7108383179, 52.3145561218, 52.9182739258, 53.510383606, 54.1141014099, 54.7062110901, 55.3099327087, 55.9136505127, 56.5057601929, 57.1094779968, 57.701587677, 58.305305481, 58.9090232849, 59.5127410889, 60.1164627075, 60.708568573, 61.3122901917, 61.9043960571, 62.5081176758, 63.1118354797, 63.7155532837, 64.3076629639, 64.899772644, 65.5034942627, 66.107208252, 66.7109298706, 67.3146438599, 67.9183654785, 68.5104751587, 69.1025848389, 69.7062988281, 70.3100204468, 70.9137420654, 71.5058517456, 72.0979614258, 72.701675415, 73.3053970337, 73.9091110229, 74.5128326416, 75.1165542603, 75.7086639404, 76.3007659912, 76.9044876099, 77.5082092285, 78.1119232178, 78.7040328979, 79.2961425781, 79.8998641968, 80.503578186, 81.1072998047, 81.7110214233, 82.3147354126, 82.9184570313, 83.5105667114, 84.1142807007, 84.7063903809, 85.3101119995, 85.9138336182, 86.5059356689, 87.0980453491, 87.7017669678, 88.3054885864, 88.9092025757, 89.5129241943, 90.116645813, 90.7087478638, 91.3124694824, 91.9045791626, 92.5083007813, 93.1120147705, 93.7157363892, 94.3194503784, 94.9115600586, 95.5036697388, 96.1073913574, 96.7111129761, 97.3148269653, 97.9069366455, 98.4990463257, 99.1027679443, 99.7064819336, 100.310203552, 100.913917542, 101.51763916, 102.10974884, 102.701858521, 103.305580139, 103.909294128, 104.513015747, 105.116729736, 105.708839417, 106.300949097, 106.904670715, 107.508384705, 108.112106323, 108.715827942, 109.319541931, 109.911651611, 110.503761292, 111.10748291, 111.711196899, 112.314918518, 112.907028198, 113.499137878, 114.102851868, 114.706573486, 115.310295105, 115.914009094, 116.506118774, 117.098228455, 117.701950073, 118.305664063, 118.909385681, 119.5131073, 120.116821289, 120.708930969, 121.301040649, 121.904762268, 122.508476257, 123.112197876, 123.715919495, 124.308021545, 124.900131226, 125.503852844, 126.107574463, 126.711288452, 127.315010071, 127.91872406, 128.51083374, 129.10295105, 129.706665039, 130.310379028, 130.914108276, 131.506210327, 132.098312378, 132.702041626, 133.305755615, 133.909469604, 134.513198853, 135.116912842, 135.709014893, 136.301132202, 136.904846191, 137.508575439, 138.112289429, 138.716003418, 139.308120728, 139.900222778, 140.503936768, 141.107666016, 141.711380005, 142.315093994, 142.918823242, 143.510925293, 144.114639282, 144.706756592, 145.310470581, 145.914199829, 146.50630188, 147.098403931, 147.702133179, 148.305847168, 148.909561157, 149.513290405, 150.105392456, 150.697509766, 151.301223755, 151.904937744, 152.508651733, 153.112380981, 153.716094971, 154.31980896, 154.91192627, 155.50402832, 156.107757568, 156.711471558, 157.315185547, 157.907302856, 158.499404907, 159.103118896, 159.706848145, 160.310562134, 160.914276123, 161.506393433, 162.098495483, 162.702224731, 163.305938721, 163.90965271, 164.513381958, 165.117095947, 165.709197998, 166.301315308, 166.905029297, 167.508743286, 168.112472534, 168.716186523, 169.319900513, 169.912017822, 170.504119873, 171.107849121, 171.71156311, 172.3152771, 172.919006348, 173.511108398, 174.103210449, 174.706939697, 175.310653687, 175.914367676, 176.506484985, 177.098587036, 177.702316284, 178.306030273, 178.909744263, 179.513473511, 180.105575562, 180.697677612, 181.30140686, 181.90512085, 182.508834839, 183.112564087, 183.704666138, 184.296783447, 184.900497437, 185.504211426, 186.107940674, 186.711654663, 187.303756714, 187.895874023, 188.499588013, 189.103302002, 189.70703125, 190.310745239, 190.90284729, 191.506576538, 192.098678589, 192.702392578, 193.306121826, 193.909835815, 194.513549805, 195.117279053, 195.709381104, 196.301498413, 196.905212402, 197.508926392, 198.11265564, 198.716369629, 199.30847168, 199.912200928, 200.527526855, 201.131240845, 201.711746216, 202.315460205, 202.919174194, 203.511291504, 204.103393555, 204.707122803, 205.310836792, 205.914550781, 206.506668091, 207.098770142, 207.702484131, 208.306213379, 208.909927368, 209.513641357, 210.117370605, 210.709472656, 211.301589966, 211.905303955, 212.509017944, 213.112747192, 213.704849243, 214.296951294, 214.900680542, 215.504394531, 216.108108521, 216.711837769, 217.303939819, 217.907653809, 218.499771118, 219.103485107, 219.707214355, 220.310928345, 220.914642334, 221.518356323, 222.110473633, 222.702575684, 223.306304932, 223.910018921, 224.51373291, 225.10585022, 225.697952271, 226.30166626, 226.905395508, 227.509109497, 228.112823486, 228.716552734, 229.320266724, 229.912384033, 230.504486084, 231.108200073, 231.711929321, 232.304031372, 232.896133423, 233.499862671, 234.10357666, 234.707290649, 235.311019897, 235.914733887, 236.518447876, 237.110565186, 237.702667236, 238.306396484, 238.910110474, 239.513824463, 240.105941772, 240.698043823, 241.301757813, 241.905487061, 242.50920105, 243.112915039, 243.716644287, 244.308746338, 244.900863647, 245.504577637, 246.108291626, 246.712020874, 247.315734863, 247.907836914, 248.499954224, 249.103668213, 249.707382202, 250.31111145, 250.914825439, 251.50692749, 252.0990448, 252.702758789, 253.306488037, 253.921813965]
