
metadata:
    version:
        essentia: "2.1-beta2"
    audio_properties:
        analysis_sample_rate: 44100
        bitrate: 320
        channels: 2
        equal_loudness: 1
        length: 233.567977905
        replay_gain: -15.6876354218
        downmix: "mix"
    tags:
        album: "The Rising Tied"
        artist: "Fort Minor"
        comment: ""
        date: "2005"
        genre: "Alternative Hip-Hop"
        title: "Feel Like Home (feat Styles of Beyond)"
        tracknumber: "05"

configuration:
    average_loudness:
        compute: 1
        frameSize: 88200
        hopSize: 44100
        silentFrames: "noise"
        windowType: "hann"
    general:
        analysisSampleRate: 44100
        endTime: 2000
        equalLoudness: 1
        nequalLoudness: 0
        shortSound: 0
        startTime: 0
    lowlevel:
        compute: 1
        frameSize: 2048
        hopSize: 1024
        zeroPadding: 0
        silentFrames: "noise"
        windowType: "blackmanharris62"
        mfccStats: ["mean", "cov", "icov"]
        stats: ["mean", "var", "median", "min", "max", "dmean", "dmean2", "dvar", "dvar2"]
    panning:
        compute: 0
        frameSize: 8192
        hopSize: 2048
        zeroPadding: 8192
        silentFrames: "noise"
        windowType: "hann"
        stats: ["copy"]
    rhythm:
        compute: 1
        maxTempo: 208
        minTempo: 40
        method: "degara"
        stats: ["mean", "var", "median", "min", "max", "dmean", "dmean2", "dvar", "dvar2"]
    segmentation:
        compute: 0
        cpw: 5
        inc1: 300
        inc2: 50
        minimumSegmentsLength: 10
        size1: 1000
        size2: 600
    sfx:
        compute: 1
        stats: ["mean", "var", "median", "min", "max", "dmean", "dmean2", "dvar", "dvar2"]
    svm:
        compute: 0
    tonal:
        compute: 1
        frameSize: 4096
        hopSize: 2048
        zeroPadding: 0
        silentFrames: "noise"
        windowType: "blackmanharris62"
        stats: ["mean", "var", "median", "min", "max", "dmean", "dmean2", "dvar", "dvar2"]

lowlevel:
    average_loudness: 0.966729104519
    barkbands_kurtosis:
        dmean: 2.26446890831
        dmean2: 3.61932849884
        dvar: 12.763168335
        dvar2: 29.1861362457
        max: 63.3155097961
        mean: 1.57231831551
        median: -0.111887425184
        min: -1.92940568924
        var: 21.5071048737
    barkbands_skewness:
        dmean: 0.692720353603
        dmean2: 1.03355097771
        dvar: 0.500657856464
        dvar2: 0.992582678795
        max: 5.67833948135
        mean: 0.627378702164
        median: 0.621559143066
        min: -5.89713144302
        var: 1.64697027206
    barkbands_spread:
        dmean: 7.26660108566
        dmean2: 11.429432869
        dvar: 57.5016136169
        dvar2: 127.438293457
        max: 83.6245651245
        mean: 23.2019424438
        median: 21.8346862793
        min: 0.725095689297
        var: 144.317153931
    dissonance:
        dmean: 0.024518026039
        dmean2: 0.0401861481369
        dvar: 0.000767361838371
        dvar2: 0.00182847585529
        max: 0.500000119209
        mean: 0.460427820683
        median: 0.473267674446
        min: 0.135066628456
        var: 0.00166099029593
    hfc:
        dmean: 2.77951288223
        dmean2: 3.91410374641
        dvar: 45.0825767517
        dvar2: 99.1441345215
        max: 65.4715881348
        mean: 4.20787763596
        median: 1.94324445724
        min: 1.17198443197e-016
        var: 65.039932251
    pitch:
        dmean: 742.333496094
        dmean2: 1402.8536377
        dvar: 1660528.625
        dvar2: 3631315
        max: 6043.76611328
        mean: 1037.65307617
        median: 215.653503418
        min: 43.0243911743
        var: 2187472.75
    pitch_instantaneous_confidence:
        dmean: 0.119850039482
        dmean2: 0.197508513927
        dvar: 0.0113209215924
        dvar2: 0.0272854417562
        max: 0.915073871613
        mean: 0.411432951689
        median: 0.375530987978
        min: 0.0321250557899
        var: 0.0266164951026
    pitch_salience:
        dmean: 0.0808043628931
        dmean2: 0.133952081203
        dvar: 0.00497221993282
        dvar2: 0.0135944569483
        max: 0.927494525909
        mean: 0.659897327423
        median: 0.669173717499
        min: 0.164781332016
        var: 0.00945549365133
    silence_rate_20dB:
        dmean: 0
        dmean2: 0
        dvar: 0
        dvar2: 0
        max: 1
        mean: 1
        median: 1
        min: 1
        var: 0
    silence_rate_30dB:
        dmean: 0
        dmean2: 0
        dvar: 0
        dvar2: 0
        max: 1
        mean: 1
        median: 1
        min: 1
        var: 0
    silence_rate_60dB:
        dmean: 0.124664478004
        dmean2: 0.24935375154
        dvar: 0.109130859375
        dvar2: 0.203069150448
        max: 1
        mean: 0.719781339169
        median: 1
        min: 0
        var: 0.201684370637
    spectral_centroid:
        dmean: 405.796142578
        dmean2: 605.259216309
        dvar: 273926.53125
        dvar2: 479288.15625
        max: 11030.3212891
        mean: 1383.02758789
        median: 1141.78479004
        min: 155.856063843
        var: 840583.8125
    spectral_complexity:
        dmean: 3.59976148605
        dmean2: 4.98488759995
        dvar: 33.7544517517
        dvar2: 56.2354660034
        max: 58
        mean: 7.70666027069
        median: 5
        min: 0
        var: 84.9769210815
    spectral_crest:
        dmean: 2.66218924522
        dmean2: 4.4583029747
        dvar: 5.61162948608
        dvar2: 14.539223671
        max: 24.7312374115
        mean: 7.97036552429
        median: 7.26607131958
        min: 2.46771502495
        var: 10.8030958176
    spectral_decrease:
        dmean: 3.96813887305e-010
        dmean2: 6.1571342469e-010
        dvar: 4.76824748589e-019
        dvar2: 1.16978165827e-018
        max: -1.33575375002e-028
        mean: -6.87811974043e-010
        median: -4.13391210152e-010
        min: -4.6295678402e-009
        var: 6.67158490549e-019
    spectral_energy:
        dmean: 0.00173133041244
        dmean2: 0.00264589069411
        dvar: 9.30384976527e-006
        dvar2: 2.22267208301e-005
        max: 0.0230720397085
        mean: 0.00297762872651
        median: 0.00176840997301
        min: 1.1134375303e-020
        var: 1.32478608066e-005
    spectral_energyband_high:
        dmean: 0.000207606077311
        dmean2: 0.000292536715278
        dvar: 3.63900255707e-007
        dvar2: 7.79710546794e-007
        max: 0.00585406785831
        mean: 0.000248518714216
        median: 3.78112381441e-005
        min: 7.82741465055e-021
        var: 4.8187706625e-007
    spectral_energyband_low:
        dmean: 0.000283555942588
        dmean2: 0.000473336491268
        dvar: 5.66915616673e-007
        dvar2: 1.4951049252e-006
        max: 0.00652956962585
        mean: 0.000355866097379
        median: 5.21647052665e-005
        min: 3.06427496607e-023
        var: 6.44627732527e-007
    spectral_energyband_middle_high:
        dmean: 0.000625893881079
        dmean2: 0.000898277852684
        dvar: 1.66436302607e-006
        dvar2: 3.575210485e-006
        max: 0.0124965626746
        mean: 0.00104873022065
        median: 0.000525868614204
        min: 1.98550650435e-021
        var: 2.8403919714e-006
    spectral_energyband_middle_low:
        dmean: 0.00103456981014
        dmean2: 0.00173634360544
        dvar: 3.60091917173e-006
        dvar2: 1.02557460195e-005
        max: 0.0142085012048
        mean: 0.00145881297067
        median: 0.000811606645584
        min: 3.50442154897e-022
        var: 3.82833741241e-006
    spectral_flatness_db:
        dmean: 0.0264199580997
        dmean2: 0.0404440574348
        dvar: 0.000605568580795
        dvar2: 0.00128916243557
        max: 0.494747042656
        mean: 0.169317156076
        median: 0.16318435967
        min: 0.0423772335052
        var: 0.00261857570149
    spectral_flux:
        dmean: 0.0122682154179
        dmean2: 0.0184866096824
        dvar: 0.000273808662314
        dvar2: 0.000612820731476
        max: 0.138951227069
        mean: 0.0356517732143
        median: 0.0303628481925
        min: 1.0551955143e-010
        var: 0.000527488184161
    spectral_kurtosis:
        dmean: 2.69072198868
        dmean2: 4.31563806534
        dvar: 18.865228653
        dvar2: 49.4085693359
        max: 236.137405396
        mean: 6.93843984604
        median: 4.58573865891
        min: -1.4065271616
        var: 170.44342041
    spectral_rms:
        dmean: 0.000432936270954
        dmean2: 0.000627978297416
        dvar: 3.3305963143e-007
        dvar2: 7.21397555026e-007
        max: 0.00474439747632
        mean: 0.00146897381637
        median: 0.00131349847652
        min: 3.29587702616e-012
        var: 7.47113176658e-007
    spectral_rolloff:
        dmean: 706.207641602
        dmean2: 1125.98901367
        dvar: 827637.0625
        dvar2: 1540899.125
        max: 18410.8886719
        mean: 2418.8112793
        median: 2411.71875
        min: 150.732421875
        var: 2278203.5
    spectral_skewness:
        dmean: 0.354733973742
        dmean2: 0.538393497467
        dvar: 0.148361995816
        dvar2: 0.333485335112
        max: 12.0711631775
        mean: 1.76189100742
        median: 1.6468269825
        min: -0.265505224466
        var: 0.867183983326
    spectral_spread:
        dmean: 817580.25
        dmean2: 1204655.125
        dvar: 1.10617611469e+012
        dvar2: 2.15443164365e+012
        max: 40437752
        mean: 4364701.5
        median: 4009988.5
        min: 408465.8125
        var: 3.48810221978e+012
    spectral_strongpeak:
        dmean: 0.275921732187
        dmean2: 0.47859737277
        dvar: 0.198000773787
        dvar2: 0.572899580002
        max: 4.97186613083
        mean: 0.348790168762
        median: 0.22011911869
        min: 9.64817559179e-010
        var: 0.181541621685
    zerocrossingrate:
        dmean: 0.0153347207233
        dmean2: 0.0164505336434
        dvar: 0.000263680442004
        dvar2: 0.000272819190286
        max: 0.49462890625
        mean: 0.0780584067106
        median: 0.0703125
        min: 0.009765625
        var: 0.00166421930771
    barkbands:
        dmean: [4.02322427817e-007, 8.89435686986e-005, 0.000145227793837, 0.000319922022754, 0.000285041198367, 0.000216230575461, 0.000199171176064, 0.000211220540223, 0.000126372877276, 9.5063871413e-005, 4.91400132887e-005, 5.01715803694e-005, 3.69812114513e-005, 4.07524566981e-005, 5.65761620237e-005, 6.96678835084e-005, 8.73052777024e-005, 0.000104555787402, 0.000180334696779, 0.0001521458762, 7.13173139957e-005, 6.27254121355e-005, 6.04015303907e-006, 2.4359562758e-006, 1.11852637019e-006, 7.33544851528e-008, 7.33344385218e-010]
        dmean2: [6.71044858791e-007, 0.000148415274452, 0.000254442391451, 0.000571048236452, 0.000481258204672, 0.000364914623788, 0.000339285383234, 0.000367826520232, 0.000203183662961, 0.000154597059009, 7.66855446273e-005, 8.05195595603e-005, 5.81279637117e-005, 6.72517780913e-005, 9.03924155864e-005, 0.000111774985271, 0.00013436487643, 0.000160767172929, 0.000285821530269, 0.000223986906349, 0.000103937840322, 0.000104955695861, 8.39390213514e-006, 3.33584898726e-006, 1.55552947945e-006, 1.02610236752e-007, 1.08066910975e-009]
        dvar: [9.23190452036e-013, 4.36824905137e-008, 1.70249364828e-007, 7.09022458523e-007, 2.81318136786e-007, 1.64626314358e-007, 1.55465386342e-007, 1.49254205439e-007, 7.87215412856e-008, 3.40451222769e-008, 1.04424939806e-008, 9.54691969923e-009, 5.25146548469e-009, 5.98657878825e-009, 1.53850034934e-008, 1.52395358555e-008, 2.7840139083e-008, 7.15305290555e-008, 2.62957428276e-007, 1.57538934786e-007, 4.22577350889e-008, 6.22959888119e-008, 2.21181573057e-010, 3.20043748447e-011, 6.64896913569e-012, 6.18830412803e-014, 2.06670848572e-018]
        dvar2: [2.55605237497e-012, 1.10586803714e-007, 4.67802863113e-007, 2.12691543311e-006, 7.74577472384e-007, 4.7040151685e-007, 4.05651263691e-007, 3.93159979239e-007, 1.82211721267e-007, 7.63402354664e-008, 2.52530387712e-008, 2.27997745128e-008, 1.20540484261e-008, 1.47168028874e-008, 3.70609498646e-008, 3.58960754454e-008, 5.97371325739e-008, 1.52694127564e-007, 6.64470746869e-007, 3.18706781854e-007, 8.38831013539e-008, 1.71639882751e-007, 4.26206153703e-010, 5.63515345497e-011, 1.19881066879e-011, 1.2985683221e-013, 4.45695998264e-018]
        max: [1.24648822748e-005, 0.00165010779165, 0.00333390478045, 0.00672320928425, 0.0047366716899, 0.00361370458268, 0.00389170181006, 0.00375560089014, 0.00555031327531, 0.00406168913469, 0.0024495171383, 0.00270633399487, 0.00106238678563, 0.000945660693105, 0.00246878270991, 0.00204363185912, 0.00224773096852, 0.00392773421481, 0.00492431037128, 0.0047944067046, 0.00232276227325, 0.00241616088897, 0.000311017036438, 8.90992814675e-005, 4.19535426772e-005, 4.26538463216e-006, 1.58800261829e-008]
        mean: [6.64374283588e-007, 0.000102694539237, 0.000142759192386, 0.000287853821646, 0.000350267626345, 0.000253628153587, 0.00018324390112, 0.000201033311896, 0.000148305669427, 0.000118820600619, 6.63437895128e-005, 7.24149722373e-005, 4.40279800387e-005, 4.72518149763e-005, 6.40728394501e-005, 9.17533034226e-005, 0.000126488681417, 0.000135547103127, 0.000198993104277, 0.000181680035894, 8.95507109817e-005, 5.69900221308e-005, 8.16809188109e-006, 3.44225077242e-006, 1.54371423378e-006, 9.16359113035e-008, 7.90631726755e-010]
        median: [8.96769876135e-008, 5.13336408403e-006, 1.38568302646e-005, 4.71218445455e-005, 0.000140375981573, 0.000107348809252, 4.51551495644e-005, 5.10950267198e-005, 4.68723519589e-005, 4.72547289974e-005, 1.74970246007e-005, 2.26635820582e-005, 1.14054064397e-005, 1.27928706206e-005, 1.67385078385e-005, 2.91728101729e-005, 3.90300265281e-005, 3.3727279515e-005, 4.91637911182e-005, 3.30460134137e-005, 1.27552766571e-005, 4.65211996925e-006, 6.9029590577e-007, 3.35217720249e-007, 1.37394508215e-007, 4.00297661685e-009, 1.16950032991e-010]
        min: [1.20351554263e-023, 5.5013487145e-024, 2.50615133967e-024, 5.34849776333e-023, 8.69129080049e-023, 2.68613543778e-023, 6.44038854124e-023, 1.95342786061e-023, 5.11911783802e-023, 1.04798662957e-022, 1.03067422503e-022, 1.17433961671e-022, 1.28406120717e-022, 2.03964442531e-022, 1.43563912617e-022, 1.74125633641e-022, 1.67882777764e-022, 1.88959487699e-022, 4.7913952306e-022, 4.03162978748e-022, 6.47297304046e-022, 3.03183000056e-022, 7.65655066014e-022, 9.83462919337e-022, 1.31261527088e-021, 1.57524491342e-021, 2.25807099802e-021]
        var: [2.32632142716e-012, 5.26743981766e-008, 1.4660081149e-007, 5.97468840624e-007, 3.03854221784e-007, 1.59951937917e-007, 1.38516256243e-007, 1.39889664297e-007, 1.01664944907e-007, 4.88850382396e-008, 1.56003334695e-008, 1.54880623882e-008, 7.2767885051e-009, 6.998551072e-009, 1.81797439325e-008, 2.42823823271e-008, 5.41784537234e-008, 1.0778425974e-007, 2.66059998921e-007, 2.30762552178e-007, 6.17151698634e-008, 4.66947511768e-008, 4.06222194771e-010, 6.65677027389e-011, 1.45836589333e-011, 9.0452276745e-014, 2.71699300876e-018]
    frequency_bands:
        dmean: [4.02322427817e-007, 8.89435686986e-005, 0.000145227793837, 0.000319922022754, 0.000285041198367, 0.000216230575461, 0.000199171176064, 0.000211220540223, 0.000126372877276, 9.5063871413e-005, 4.91400132887e-005, 5.01715803694e-005, 3.69812114513e-005, 4.07524566981e-005, 5.65761620237e-005, 6.96678835084e-005, 8.73052777024e-005, 0.000104555787402, 0.000180334696779, 0.0001521458762, 7.13173139957e-005, 6.27254121355e-005, 6.04015303907e-006, 2.4359562758e-006, 1.11852637019e-006, 7.33544851528e-008, 7.33344385218e-010, 3.66232912052e-011]
        dmean2: [6.71044858791e-007, 0.000148415274452, 0.000254442391451, 0.000571048236452, 0.000481258204672, 0.000364914623788, 0.000339285383234, 0.000367826520232, 0.000203183662961, 0.000154597059009, 7.66855446273e-005, 8.05195595603e-005, 5.81279637117e-005, 6.72517780913e-005, 9.03924155864e-005, 0.000111774985271, 0.00013436487643, 0.000160767172929, 0.000285821530269, 0.000223986906349, 0.000103937840322, 0.000104955695861, 8.39390213514e-006, 3.33584898726e-006, 1.55552947945e-006, 1.02610236752e-007, 1.08066910975e-009, 6.85709752868e-011]
        dvar: [9.23190452036e-013, 4.36824905137e-008, 1.70249364828e-007, 7.09022458523e-007, 2.81318136786e-007, 1.64626314358e-007, 1.55465386342e-007, 1.49254205439e-007, 7.87215412856e-008, 3.40451222769e-008, 1.04424939806e-008, 9.54691969923e-009, 5.25146548469e-009, 5.98657878825e-009, 1.53850034934e-008, 1.52395358555e-008, 2.7840139083e-008, 7.15305290555e-008, 2.62957428276e-007, 1.57538934786e-007, 4.22577350889e-008, 6.22959888119e-008, 2.21181573057e-010, 3.20043748447e-011, 6.64896913569e-012, 6.18830412803e-014, 2.06670848572e-018, 4.620332422e-021]
        dvar2: [2.55605237497e-012, 1.10586803714e-007, 4.67802863113e-007, 2.12691543311e-006, 7.74577472384e-007, 4.7040151685e-007, 4.05651263691e-007, 3.93159979239e-007, 1.82211721267e-007, 7.63402354664e-008, 2.52530387712e-008, 2.27997745128e-008, 1.20540484261e-008, 1.47168028874e-008, 3.70609498646e-008, 3.58960754454e-008, 5.97371325739e-008, 1.52694127564e-007, 6.64470746869e-007, 3.18706781854e-007, 8.38831013539e-008, 1.71639882751e-007, 4.26206153703e-010, 5.63515345497e-011, 1.19881066879e-011, 1.2985683221e-013, 4.45695998264e-018, 1.49287973678e-020]
        max: [1.24648822748e-005, 0.00165010779165, 0.00333390478045, 0.00672320928425, 0.0047366716899, 0.00361370458268, 0.00389170181006, 0.00375560089014, 0.00555031327531, 0.00406168913469, 0.0024495171383, 0.00270633399487, 0.00106238678563, 0.000945660693105, 0.00246878270991, 0.00204363185912, 0.00224773096852, 0.00392773421481, 0.00492431037128, 0.0047944067046, 0.00232276227325, 0.00241616088897, 0.000311017036438, 8.90992814675e-005, 4.19535426772e-005, 4.26538463216e-006, 1.58800261829e-008, 9.25987231337e-010]
        mean: [6.64374283588e-007, 0.000102694539237, 0.000142759192386, 0.000287853821646, 0.000350267626345, 0.000253628153587, 0.00018324390112, 0.000201033311896, 0.000148305669427, 0.000118820600619, 6.63437895128e-005, 7.24149722373e-005, 4.40279800387e-005, 4.72518149763e-005, 6.40728394501e-005, 9.17533034226e-005, 0.000126488681417, 0.000135547103127, 0.000198993104277, 0.000181680035894, 8.95507109817e-005, 5.69900221308e-005, 8.16809188109e-006, 3.44225077242e-006, 1.54371423378e-006, 9.16359113035e-008, 7.90631726755e-010, 2.74044641146e-011]
        median: [8.96769876135e-008, 5.13336408403e-006, 1.38568302646e-005, 4.71218445455e-005, 0.000140375981573, 0.000107348809252, 4.51551495644e-005, 5.10950267198e-005, 4.68723519589e-005, 4.72547289974e-005, 1.74970246007e-005, 2.26635820582e-005, 1.14054064397e-005, 1.27928706206e-005, 1.67385078385e-005, 2.91728101729e-005, 3.90300265281e-005, 3.3727279515e-005, 4.91637911182e-005, 3.30460134137e-005, 1.27552766571e-005, 4.65211996925e-006, 6.9029590577e-007, 3.35217720249e-007, 1.37394508215e-007, 4.00297661685e-009, 1.16950032991e-010, 7.13042472289e-012]
        min: [1.20351554263e-023, 5.5013487145e-024, 2.50615133967e-024, 5.34849776333e-023, 8.69129080049e-023, 2.68613543778e-023, 6.44038854124e-023, 1.95342786061e-023, 5.11911783802e-023, 1.04798662957e-022, 1.03067422503e-022, 1.17433961671e-022, 1.28406120717e-022, 2.03964442531e-022, 1.43563912617e-022, 1.74125633641e-022, 1.67882777764e-022, 1.88959487699e-022, 4.7913952306e-022, 4.03162978748e-022, 6.47297304046e-022, 3.03183000056e-022, 7.65655066014e-022, 9.83462919337e-022, 1.31261527088e-021, 1.57524491342e-021, 2.25807099802e-021, 7.51920505405e-022]
        var: [2.32632142716e-012, 5.26743981766e-008, 1.4660081149e-007, 5.97468840624e-007, 3.03854221784e-007, 1.59951937917e-007, 1.38516256243e-007, 1.39889664297e-007, 1.01664944907e-007, 4.88850382396e-008, 1.56003334695e-008, 1.54880623882e-008, 7.2767885051e-009, 6.998551072e-009, 1.81797439325e-008, 2.42823823271e-008, 5.41784537234e-008, 1.0778425974e-007, 2.66059998921e-007, 2.30762552178e-007, 6.17151698634e-008, 4.66947511768e-008, 4.06222194771e-010, 6.65677027389e-011, 1.45836589333e-011, 9.0452276745e-014, 2.71699300876e-018, 3.35926791123e-021]
    mfcc:
        mean: [-775.471252441, 117.475349426, -40.7306785583, 40.8641014099, -18.06798172, -13.057387352, -4.7703037262, -5.43462991714, -1.39995718002, -8.87301826477, -7.64506006241, -6.98645401001, -4.64894390106]
        cov: [[6154.77294922, -189.628845215, -510.0859375, 459.47946167, -216.418029785, 25.6927986145, -154.095367432, -122.595932007, -185.95249939, 65.7203216553, -48.0957489014, 4.73659563065, -21.1851902008], [-189.628845215, 2402.47094727, -124.96950531, -52.2590026855, 250.747756958, -99.5574493408, 143.439529419, 24.8243293762, 165.261276245, 26.6137104034, 100.534469604, 52.1667900085, 29.9405727386], [-510.0859375, -124.96950531, 818.466247559, 146.737976074, 124.968223572, 127.083831787, 77.2320480347, 62.2002563477, 53.0550804138, 18.5078220367, 12.9925088882, 36.0625038147, 7.59480619431], [459.47946167, -52.2590026855, 146.737976074, 517.040527344, 114.452484131, 72.5182723999, 33.1265182495, -12.7480392456, -7.46487140656, 33.5465545654, -5.70194721222, -8.36479187012, 23.0041255951], [-216.418029785, 250.747756958, 124.968223572, 114.452484131, 381.713409424, 67.765045166, 9.54270935059, -7.31121301651, 22.7505741119, 39.7811203003, -4.57048606873, 11.1129789352, 24.8604831696], [25.6927986145, -99.5574493408, 127.083831787, 72.5182723999, 67.765045166, 243.960205078, 109.628715515, 20.7672863007, 13.9908771515, 33.8003349304, 20.5590076447, 12.2092027664, -3.27070212364], [-154.095367432, 143.439529419, 77.2320480347, 33.1265182495, 9.54270935059, 109.628715515, 252.311737061, 99.4308547974, 58.2173538208, 42.1488685608, 35.3576164246, 15.0139503479, -0.578754365444], [-122.595932007, 24.8243293762, 62.2002563477, -12.7480392456, -7.31121301651, 20.7672863007, 99.4308547974, 160.7631073, 67.5557403564, 20.7215080261, 8.36848926544, 8.64142227173, 10.1020545959], [-185.95249939, 165.261276245, 53.0550804138, -7.46487140656, 22.7505741119, 13.9908771515, 58.2173538208, 67.5557403564, 143.306777954, 48.1186828613, 28.7360706329, 8.34126091003, 2.0495159626], [65.7203216553, 26.6137104034, 18.5078220367, 33.5465545654, 39.7811203003, 33.8003349304, 42.1488685608, 20.7215080261, 48.1186828613, 123.499343872, 51.0951156616, 12.103556633, 6.08868360519], [-48.0957489014, 100.534469604, 12.9925088882, -5.70194721222, -4.57048606873, 20.5590076447, 35.3576164246, 8.36848926544, 28.7360706329, 51.0951156616, 117.995391846, 32.029132843, 2.33814001083], [4.73659563065, 52.1667900085, 36.0625038147, -8.36479187012, 11.1129789352, 12.2092027664, 15.0139503479, 8.64142227173, 8.34126091003, 12.103556633, 32.029132843, 78.4085159302, 13.5275001526], [-21.1851902008, 29.9405727386, 7.59480619431, 23.0041255951, 24.8604831696, -3.27070212364, -0.578754365444, 10.1020545959, 2.0495159626, 6.08868360519, 2.33814001083, 13.5275001526, 65.1199493408]]
        icov: [[0.000220137269935, -4.54230612377e-005, 0.000150442006998, -0.000268174975645, 0.000224492861889, -0.000172954329173, 0.00022856821306, -9.87752719084e-005, 0.000281511311186, -0.000323379528709, 0.000200822862098, -0.000206542288652, 0.000149724815856], [-4.54230612377e-005, 0.000620630104095, 0.000126767641632, 0.000119461816212, -0.000597017758992, 0.000607901718467, -0.000685872102622, 0.000451863015769, -0.000789882557001, 0.00056890345877, -0.000521712761838, -0.00014841290249, -0.000153624059749], [0.000150442006998, 0.000126767641632, 0.00163145852275, -0.000505253789015, -0.000292416312732, -0.000564689689782, 9.89396721707e-005, -0.000433717592387, -0.000368670298485, 0.000272729521384, 2.05051037483e-005, -0.000799319415819, 0.0002817142813], [-0.000268174975645, 0.000119461816212, -0.000505253789015, 0.00262029794976, -0.000762522220612, -2.32023594435e-005, -0.000626344699413, 0.000590234005358, -3.71674941562e-005, -0.000155683112098, -3.6949346395e-005, 0.000825737544801, -0.000970554130618], [0.000224492861889, -0.000597017758992, -0.000292416312732, -0.000762522220612, 0.00390393775888, -0.00137942039873, 0.00112141808495, 1.09931252155e-005, 0.00041627054452, -0.00166694424115, 0.00137771002483, -0.000340369762853, -0.000736411486287], [-0.000172954329173, 0.000607901718467, -0.000564689689782, -2.32023594435e-005, -0.00137942039873, 0.00656615989283, -0.00343606388196, 0.00131841481198, -0.000228616292588, 2.67688174063e-005, -0.000692769011948, -0.000222998598474, 0.000435521011241], [0.00022856821306, -0.000685872102622, 9.89396721707e-005, -0.000626344699413, 0.00112141808495, -0.00343606388196, 0.00781391467899, -0.00420800596476, 0.000474782660604, -0.00129165046383, -0.000279917236185, -0.000215044259676, 0.000881513755303], [-9.87752719084e-005, 0.000451863015769, -0.000433717592387, 0.000590234005358, 1.09931252155e-005, 0.00131841481198, -0.00420800596476, 0.0104740466923, -0.00412671780214, 0.000567679468077, 0.000800555571914, -0.000235307816183, -0.00190108723473], [0.000281511311186, -0.000789882557001, -0.000368670298485, -3.71674941562e-005, 0.00041627054452, -0.000228616292588, 0.000474782660604, -0.00412671780214, 0.0114112859592, -0.00391438370571, -0.000152740947669, 0.00030622293707, 0.000933594244998], [-0.000323379528709, 0.00056890345877, 0.000272729521384, -0.000155683112098, -0.00166694424115, 2.67688174063e-005, -0.00129165046383, 0.000567679468077, -0.00391438370571, 0.0126101598144, -0.00502430973575, 0.000576189137064, -0.000800543522928], [0.000200822862098, -0.000521712761838, 2.05051037483e-005, -3.6949346395e-005, 0.00137771002483, -0.000692769011948, -0.000279917236185, 0.000800555571914, -0.000152740947669, -0.00502430973575, 0.0125478012487, -0.00422574020922, 0.000530300312676], [-0.000206542288652, -0.00014841290249, -0.000799319415819, 0.000825737544801, -0.000340369762853, -0.000222998598474, -0.000215044259676, -0.000235307816183, 0.00030622293707, 0.000576189137064, -0.00422574020922, 0.0156278684735, -0.00320229353383], [0.000149724815856, -0.000153624059749, 0.0002817142813, -0.000970554130618, -0.000736411486287, 0.000435521011241, 0.000881513755303, -0.00190108723473, 0.000933594244998, -0.000800543522928, 0.000530300312676, -0.00320229353383, 0.0170830246061]]
    sccoeffs:
        dmean: [0.068045668304, 0.0612714886665, 0.0430447645485, 0.0344888605177, 0.0268209334463, 0.0280444286764]
        dmean2: [0.111048437655, 0.0986267849803, 0.0695546716452, 0.0549429170787, 0.0428089238703, 0.0426922850311]
        dvar: [0.00318019022234, 0.00277930195443, 0.00142786419019, 0.000922225357499, 0.000590927607846, 0.000723951205146]
        dvar2: [0.00838549807668, 0.00651462376118, 0.00325773051009, 0.00208473484963, 0.00132007198408, 0.00164237164427]
        max: [-0.355988621712, -0.418849110603, -0.455752104521, -0.55065459013, -0.600471258163, -0.593185901642]
        mean: [-0.66738307476, -0.757418513298, -0.78705227375, -0.808626294136, -0.802497327328, -0.764366805553]
        median: [-0.67584580183, -0.770409464836, -0.793154299259, -0.818588078022, -0.807374119759, -0.763861060143]
        min: [-0.988651812077, -0.956724703312, -0.970676720142, -0.987132966518, -0.980655968189, -0.959250569344]
        var: [0.008065931499, 0.00727377226576, 0.00433452986181, 0.00256425561383, 0.00155837938655, 0.002277957974]
    scvalleys:
        dmean: [0.469792813063, 0.552112042904, 0.442171305418, 0.430359065533, 0.430390387774, 0.571991086006]
        dmean2: [0.734565913677, 0.884932041168, 0.684204876423, 0.641177535057, 0.587889432907, 0.747425317764]
        dvar: [0.223685652018, 0.374576628208, 0.245264917612, 0.238137900829, 0.242097437382, 0.367128998041]
        dvar2: [0.392983824015, 0.86733520031, 0.498152017593, 0.462600886822, 0.421428382397, 0.645435333252]
        max: [-5.04241323471, -4.19114542007, -5.11015558243, -5.64661216736, -5.33177518845, -7.60348796844]
        mean: [-7.51302194595, -6.88525342941, -7.34178543091, -7.80361413956, -7.86510181427, -10.5621004105]
        median: [-7.50423908234, -6.84713745117, -7.28674793243, -7.7457280159, -7.7715177536, -10.5197658539]
        min: [-27.6408672333, -27.4414215088, -27.4418621063, -27.0527992249, -27.0684356689, -27.2576293945]
        var: [1.85733354092, 1.06561553478, 0.851478636265, 0.948187172413, 1.37546682358, 2.04208469391]

rhythm:
    beats_loudness:
        dmean: 0.00650336872786
        dmean2: 0.0128536783159
        dvar: 1.29119944177e-005
        dvar2: 3.55641168426e-005
        max: 0.0164138358086
        mean: 0.0076332166791
        median: 0.00837133079767
        min: 2.09613048696e-007
        var: 1.8087495846e-005
    bpm: 99.9990539551
    bpm_confidence: 0
    first_peak_bpm: 99
    first_peak_spread: 0.330708652735
    first_peak_weight: 0.658914744854
    onset_rate: 4.79089689255
    second_peak_bpm: 92
    second_peak_spread: 0.250000029802
    second_peak_weight: 0.00775193795562
    beats_loudness_band_ratio:
        dmean: [0.428929448128, 0.133620545268, 0.0914504155517, 0.0552275553346, 0.18267069757, 0.345245689154]
        dmean2: [0.855748414993, 0.243705004454, 0.161194100976, 0.0970047339797, 0.359635621309, 0.680792927742]
        dvar: [0.0386284291744, 0.00805232580751, 0.0118193868548, 0.00455721421167, 0.0043000173755, 0.0137841524556]
        dvar2: [0.116170845926, 0.0263222977519, 0.0341511704028, 0.0127447266132, 0.0141006959602, 0.0493490993977]
        max: [0.882528424263, 0.617904484272, 0.703662395477, 0.71005243063, 0.546704769135, 0.649606645107]
        mean: [0.269059479237, 0.207401871681, 0.109743304551, 0.0909831747413, 0.160549208522, 0.234372541308]
        median: [0.105616495013, 0.183687582612, 0.075306892395, 0.0774484500289, 0.1793179214, 0.258826166391]
        min: [0.000668922439218, 0.00674371561036, 0.00184357282706, 0.00284926709719, 0.00780193833634, 5.50273507542e-005]
        var: [0.0668248608708, 0.0107790501788, 0.0114400535822, 0.00531662302092, 0.0115612214431, 0.0382829606533]
    beats_position: [0.53405892849, 1.09133780003, 1.64861679077, 2.24072551727, 2.83283448219, 3.43655323982, 4.04027223587, 4.63238096237, 5.23609972, 5.8282084465, 6.43192720413, 7.03564596176, 7.63936471939, 8.24308395386, 8.83519268036, 9.42730140686, 10.0310201645, 10.6347389221, 11.2384576797, 11.8421764374, 12.4342851639, 13.0263938904, 13.6301136017, 14.2338323593, 14.8375511169, 15.4412698746, 16.0449886322, 16.637096405, 17.2292060852, 17.8329238892, 18.4366436005, 19.0403633118, 19.6440811157, 20.247800827, 20.851518631, 21.4436283112, 22.035736084, 22.6394557953, 23.2431735992, 23.8352832794, 24.4273910522, 25.0311107635, 25.6348285675, 26.2385482788, 26.8422679901, 27.4459857941, 28.0497055054, 28.6418132782, 29.2339229584, 29.8376407623, 30.4413604736, 31.0334682465, 31.6371879578, 32.2292976379, 32.8330154419, 33.4367332458, 34.0404510498, 34.6441726685, 35.2478904724, 35.8400001526, 36.4321098328, 37.0358276367, 37.6395454407, 38.2316551208, 38.8353729248, 39.427482605, 40.0312004089, 40.6349182129, 41.2386398315, 41.8423576355, 42.4460754395, 43.0381851196, 43.6302947998, 44.2340126038, 44.8377304077, 45.4298400879, 46.0335578918, 46.625667572, 47.229385376, 47.8331069946, 48.4368247986, 49.0405426025, 49.6442604065, 50.2363700867, 50.8284797668, 51.4321975708, 52.0359191895, 52.6396369934, 53.2433547974, 53.8354644775, 54.4391822815, 55.0312919617, 55.6350097656, 56.2387275696, 56.8424491882, 57.4461669922, 58.0382766724, 58.6303825378, 59.2341041565, 59.8378219604, 60.4415397644, 61.0452613831, 61.6373672485, 62.2294769287, 62.8331947327, 63.4369163513, 64.0406341553, 64.6327438354, 65.2248535156, 65.8285675049, 66.4322891235, 67.0360107422, 67.6397247314, 68.2434463501, 68.8471679688, 69.4392700195, 70.0313796997, 70.6351013184, 71.238822937, 71.8425369263, 72.4462585449, 73.0383682251, 73.6304779053, 74.2341918945, 74.8379135132, 75.4416275024, 76.0453491211, 76.6374588013, 77.2295684814, 77.8332901001, 78.4370040894, 79.0291137695, 79.6328353882, 80.2249450684, 80.8286590576, 81.4323806763, 82.0360946655, 82.6398162842, 83.2435379028, 83.835647583, 84.4277572632, 85.0314712524, 85.6351928711, 86.2389068604, 86.842628479, 87.4463500977, 88.0500640869, 88.6421737671, 89.2342834473, 89.8380050659, 90.4417190552, 91.0338287354, 91.6259384155, 92.2296600342, 92.8333740234, 93.4487075806, 94.0408172607, 94.64453125, 95.2366409302, 95.8287506104, 96.432472229, 97.0361862183, 97.6399078369, 98.2320175171, 98.8357315063, 99.439453125, 100.031562805, 100.635284424, 101.238998413, 101.842720032, 102.44644165, 103.038543701, 103.630653381, 104.234375, 104.838096619, 105.441810608, 106.045532227, 106.649246216, 107.241355896, 107.833465576, 108.437187195, 109.040908813, 109.644622803, 110.236732483, 110.828842163, 111.432563782, 112.036277771, 112.63999939, 113.243713379, 113.835823059, 114.427932739, 115.031654358, 115.635368347, 116.239089966, 116.842811584, 117.434921265, 118.027030945, 118.630744934, 119.234466553, 119.838180542, 120.441902161, 121.045623779, 121.649337769, 122.241447449, 122.833557129, 123.437278748, 124.040992737, 124.633102417, 125.225212097, 125.828933716, 126.432647705, 127.036369324, 127.640090942, 128.243804932, 128.847518921, 129.43963623, 130.031738281, 130.635467529, 131.239181519, 131.831283569, 132.423400879, 133.027114868, 133.630844116, 134.234558105, 134.838272095, 135.441986084, 136.045715332, 136.637817383, 137.229934692, 137.833648682, 138.437362671, 139.041091919, 139.644805908, 140.236907959, 140.829025269, 141.432739258, 142.036453247, 142.640182495, 143.243896484, 143.836013794, 144.428115845, 145.031829834, 145.635559082, 146.239273071, 146.842987061, 147.43510437, 148.027206421, 148.63092041, 149.234649658, 149.838363647, 150.442077637, 151.034194946, 151.626296997, 152.230026245, 152.833740234, 153.437454224, 154.041183472, 154.644897461, 155.24861145, 155.84072876, 156.432830811, 157.0365448, 157.640274048, 158.232376099, 158.824493408, 159.428207397, 160.031921387, 160.647247314, 161.239364624, 161.843078613, 162.446792603, 163.050521851, 163.642623901, 164.234741211, 164.8384552, 165.442169189, 166.045898438, 166.638000488, 167.230117798, 167.833831787, 168.437545776, 169.041259766, 169.644989014, 170.237091064, 170.829208374, 171.432922363, 172.036636353, 172.640365601, 173.24407959, 173.836181641, 174.42829895, 175.032012939, 175.635726929, 176.239456177, 176.843170166, 177.435287476, 178.027389526, 178.631103516, 179.234832764, 179.838546753, 180.442260742, 181.04598999, 181.638092041, 182.24180603, 182.83392334, 183.437637329, 184.041351318, 184.633468628, 185.225570679, 185.829299927, 186.433013916, 187.036727905, 187.640457153, 188.244171143, 188.847885132, 189.440002441, 190.032104492, 190.635818481, 191.239547729, 191.83164978, 192.43536377, 193.027481079, 193.631195068, 194.234924316, 194.838638306, 195.442352295, 196.034469604, 196.626571655, 197.230285645, 197.834014893, 198.437728882, 199.029830933, 199.621948242, 200.225662231, 200.829391479, 201.444717407, 202.036819458, 202.640533447, 203.244262695, 203.836364746, 204.428482056, 205.032196045, 205.635910034, 206.239639282, 206.843353271, 207.435455322, 208.03918457, 208.64289856, 209.23500061, 209.838729858, 210.442443848, 211.046157837, 211.638275146, 212.230377197, 212.834106445, 213.437820435, 214.041534424, 214.645263672, 215.237365723, 215.841079712, 216.433197021, 217.036911011, 217.640625, 218.244354248, 218.836456299, 219.440170288, 220.032287598, 220.636001587, 221.239730835, 221.843444824, 222.447158813, 223.039276123, 223.631378174, 224.235092163, 224.838821411, 225.4425354, 226.04624939, 226.638366699, 227.23046875, 227.834197998, 228.437911987, 229.041625977, 229.645339966, 230.272293091, 230.910827637, 231.56098938, 232.211151123, 232.861312866]
