
metadata:
    version:
        essentia: "2.1-beta2"
    audio_properties:
        analysis_sample_rate: 44100
        bitrate: 320
        channels: 2
        equal_loudness: 1
        length: 224.639984131
        replay_gain: -15.203042984
        downmix: "mix"
    tags:
        album: "The Rising Tied"
        artist: "Fort Minor"
        comment: ""
        date: "2005"
        genre: "Alternative Hip-Hop"
        title: "Back Home (feat Common & Styles of Beyond)"
        tracknumber: "08"

configuration:
    average_loudness:
        compute: 1
        frameSize: 88200
        hopSize: 44100
        silentFrames: "noise"
        windowType: "hann"
    general:
        analysisSampleRate: 44100
        endTime: 2000
        equalLoudness: 1
        nequalLoudness: 0
        shortSound: 0
        startTime: 0
    lowlevel:
        compute: 1
        frameSize: 2048
        hopSize: 1024
        zeroPadding: 0
        silentFrames: "noise"
        windowType: "blackmanharris62"
        mfccStats: ["mean", "cov", "icov"]
        stats: ["mean", "var", "median", "min", "max", "dmean", "dmean2", "dvar", "dvar2"]
    panning:
        compute: 0
        frameSize: 8192
        hopSize: 2048
        zeroPadding: 8192
        silentFrames: "noise"
        windowType: "hann"
        stats: ["copy"]
    rhythm:
        compute: 1
        maxTempo: 208
        minTempo: 40
        method: "degara"
        stats: ["mean", "var", "median", "min", "max", "dmean", "dmean2", "dvar", "dvar2"]
    segmentation:
        compute: 0
        cpw: 5
        inc1: 300
        inc2: 50
        minimumSegmentsLength: 10
        size1: 1000
        size2: 600
    sfx:
        compute: 1
        stats: ["mean", "var", "median", "min", "max", "dmean", "dmean2", "dvar", "dvar2"]
    svm:
        compute: 0
    tonal:
        compute: 1
        frameSize: 4096
        hopSize: 2048
        zeroPadding: 0
        silentFrames: "noise"
        windowType: "blackmanharris62"
        stats: ["mean", "var", "median", "min", "max", "dmean", "dmean2", "dvar", "dvar2"]

lowlevel:
    average_loudness: 0.964208960533
    barkbands_kurtosis:
        dmean: 2.51035356522
        dmean2: 4.11854553223
        dvar: 21.0066833496
        dvar2: 47.9725265503
        max: 130.162124634
        mean: 1.79261124134
        median: -0.386495947838
        min: -1.934258461
        var: 47.1953926086
    barkbands_skewness:
        dmean: 0.703940987587
        dmean2: 1.03563332558
        dvar: 0.484167128801
        dvar2: 1.03246212006
        max: 8.50176525116
        mean: 0.723987996578
        median: 0.563413023949
        min: -4.47135305405
        var: 1.95316457748
    barkbands_spread:
        dmean: 8.63023662567
        dmean2: 13.5109024048
        dvar: 80.9117736816
        dvar2: 176.718093872
        max: 96.8385772705
        mean: 30.1710510254
        median: 29.2058048248
        min: 0.923247635365
        var: 243.08265686
    dissonance:
        dmean: 0.0227627977729
        dmean2: 0.0367730148137
        dvar: 0.000672192312777
        dvar2: 0.00159116915893
        max: 0.500000119209
        mean: 0.45985865593
        median: 0.471782386303
        min: 0.160967797041
        var: 0.00156604475342
    hfc:
        dmean: 3.00047469139
        dmean2: 4.05552339554
        dvar: 46.3111686707
        dvar2: 81.9759902954
        max: 67.3590393066
        mean: 5.57529354095
        median: 3.12543487549
        min: 1.70823997309e-011
        var: 81.0818939209
    pitch:
        dmean: 823.084655762
        dmean2: 1574.95336914
        dvar: 1917487.25
        dvar2: 4192156.5
        max: 5804.16064453
        mean: 1437.40124512
        median: 237.532577515
        min: 47.5817260742
        var: 2855099.75
    pitch_instantaneous_confidence:
        dmean: 0.108936570585
        dmean2: 0.172702118754
        dvar: 0.00912164244801
        dvar2: 0.0211212169379
        max: 0.938884973526
        mean: 0.448618590832
        median: 0.431622415781
        min: 0.0561779737473
        var: 0.0251414254308
    pitch_salience:
        dmean: 0.081376388669
        dmean2: 0.134534224868
        dvar: 0.00530005106702
        dvar2: 0.0138163240626
        max: 0.977744460106
        mean: 0.603204011917
        median: 0.609857559204
        min: 0.185934320092
        var: 0.0138443512842
    silence_rate_20dB:
        dmean: 0
        dmean2: 0
        dvar: 0
        dvar2: 0
        max: 1
        mean: 1
        median: 1
        min: 1
        var: 0
    silence_rate_30dB:
        dmean: 0
        dmean2: 0
        dvar: 0
        dvar2: 0
        max: 1
        mean: 1
        median: 1
        min: 1
        var: 0
    silence_rate_60dB:
        dmean: 0.166201546788
        dmean2: 0.332437455654
        dvar: 0.138575583696
        dvar2: 0.264099389315
        max: 1
        mean: 0.572447299957
        median: 1
        min: 0
        var: 0.244756251574
    spectral_centroid:
        dmean: 383.90625
        dmean2: 537.821411133
        dvar: 188893.359375
        dvar2: 340150.90625
        max: 6956.90234375
        mean: 1408.08825684
        median: 1220.45385742
        min: 114.828659058
        var: 832851.25
    spectral_complexity:
        dmean: 3.61695098877
        dmean2: 5.09634065628
        dvar: 31.7847633362
        dvar2: 53.703212738
        max: 59
        mean: 9.58298873901
        median: 7
        min: 0
        var: 86.2213363647
    spectral_crest:
        dmean: 2.35060334206
        dmean2: 3.90317988396
        dvar: 4.497133255
        dvar2: 11.788901329
        max: 23.6865463257
        mean: 7.93550825119
        median: 7.31718206406
        min: 1.93742573261
        var: 9.45008945465
    spectral_decrease:
        dmean: 4.45308151464e-010
        dmean2: 6.99210467303e-010
        dvar: 5.56538800052e-019
        dvar2: 1.33058101986e-018
        max: -2.30701137322e-021
        mean: -8.43093428404e-010
        median: -6.28537499825e-010
        min: -5.74446046286e-009
        var: 7.32604917217e-019
    spectral_energy:
        dmean: 0.00191248673946
        dmean2: 0.00294735166244
        dvar: 1.05999142761e-005
        dvar2: 2.37326039496e-005
        max: 0.0265704635531
        mean: 0.00368772028014
        median: 0.00273785437457
        min: 1.02566076089e-014
        var: 1.51673120854e-005
    spectral_energyband_high:
        dmean: 0.000211951482925
        dmean2: 0.000287531613139
        dvar: 2.18644842676e-007
        dvar2: 4.05666696679e-007
        max: 0.00859882030636
        mean: 0.000339498306857
        median: 0.00010972176824
        min: 1.79857620767e-015
        var: 4.14303514162e-007
    spectral_energyband_low:
        dmean: 0.000423251360189
        dmean2: 0.000709843006916
        dvar: 7.58864644013e-007
        dvar2: 2.04594584829e-006
        max: 0.00621154112741
        mean: 0.000715502654202
        median: 0.000450429739431
        min: 5.01059629443e-015
        var: 8.61434671151e-007
    spectral_energyband_middle_high:
        dmean: 0.000734389293939
        dmean2: 0.000993905472569
        dvar: 2.54058477367e-006
        dvar2: 4.61605486635e-006
        max: 0.0168664325029
        mean: 0.00132394686807
        median: 0.000749397324398
        min: 2.45009065729e-015
        var: 4.36357231592e-006
    spectral_energyband_middle_low:
        dmean: 0.00118611543439
        dmean2: 0.00206301710568
        dvar: 4.2458182179e-006
        dvar2: 1.19993937915e-005
        max: 0.0138056892902
        mean: 0.00147682405077
        median: 0.000878782593645
        min: 9.71632764345e-016
        var: 3.63264939551e-006
    spectral_flatness_db:
        dmean: 0.0241107791662
        dmean2: 0.037984110415
        dvar: 0.000585541711189
        dvar2: 0.00133941788226
        max: 0.418704509735
        mean: 0.169007927179
        median: 0.161614090204
        min: 0.0121590094641
        var: 0.0022224499844
    spectral_flux:
        dmean: 0.0120499255136
        dmean2: 0.0180044174194
        dvar: 0.00022342329612
        dvar2: 0.000439863506472
        max: 0.139512255788
        mean: 0.0395808853209
        median: 0.0357895642519
        min: 1.57842532644e-006
        var: 0.000533618440386
    spectral_kurtosis:
        dmean: 1.93656814098
        dmean2: 3.06997966766
        dvar: 7.01557731628
        dvar2: 17.2739391327
        max: 52.8888511658
        mean: 4.44097089767
        median: 3.51444935799
        min: -1.37202858925
        var: 14.2963275909
    spectral_rms:
        dmean: 0.00042796737398
        dmean2: 0.00063582038274
        dvar: 3.07466621052e-007
        dvar2: 6.92843116212e-007
        max: 0.00509140500799
        mean: 0.00171687814873
        median: 0.0016343430616
        min: 3.16329673566e-009
        var: 6.50105675959e-007
    spectral_rolloff:
        dmean: 687.208312988
        dmean2: 1090.5098877
        dvar: 845657
        dvar2: 1726581.125
        max: 9948.33984375
        mean: 2616.00292969
        median: 2777.78320313
        min: 107.666015625
        var: 2590123.5
    spectral_skewness:
        dmean: 0.311013638973
        dmean2: 0.458109557629
        dvar: 0.109676092863
        dvar2: 0.222483828664
        max: 5.79750108719
        mean: 1.49933183193
        median: 1.4564538002
        min: -0.328263550997
        var: 0.385004043579
    spectral_spread:
        dmean: 861174.9375
        dmean2: 1245024.125
        dvar: 1.27356816589e+012
        dvar2: 2.1720638423e+012
        max: 33839256
        mean: 4934696.5
        median: 4528325
        min: 1220337.625
        var: 4.08733220864e+012
    spectral_strongpeak:
        dmean: 0.36890271306
        dmean2: 0.63609367609
        dvar: 0.501242041588
        dvar2: 1.25052905083
        max: 4.83569383621
        mean: 0.464743167162
        median: 0.16423150897
        min: 0
        var: 0.611631155014
    zerocrossingrate:
        dmean: 0.014609022066
        dmean2: 0.0154116982594
        dvar: 0.000228522156249
        dvar2: 0.000234339560848
        max: 0.40771484375
        mean: 0.0829520523548
        median: 0.076171875
        min: 0.00537109375
        var: 0.00183977617417
    barkbands:
        dmean: [4.94665528095e-007, 0.000140809133882, 0.000252001249464, 0.000352603994543, 0.000341747247148, 0.000236251566093, 0.000266518618446, 0.00014514553186, 0.000128347353893, 9.38622906688e-005, 5.39695683983e-005, 5.36027437192e-005, 3.34233845933e-005, 4.01221841457e-005, 4.33660461567e-005, 7.18494193279e-005, 0.000118313895655, 0.000169247839949, 0.000194275547983, 0.000223243696382, 8.19933993625e-005, 2.51059045695e-005, 9.0087787612e-006, 5.51910397917e-006, 5.10209474669e-006, 7.28795654936e-008, 9.80714509602e-010]
        dmean2: [6.79182790009e-007, 0.000234864230151, 0.000438641378423, 0.000658509437926, 0.000601681007538, 0.000421032338636, 0.000457120564533, 0.000240374793066, 0.000204465322895, 0.000146302729263, 8.54409809108e-005, 8.58498096932e-005, 5.18877823197e-005, 6.29603018751e-005, 6.77612406434e-005, 0.000108799831651, 0.000185822573258, 0.000238205131609, 0.00028795626713, 0.000319812010275, 0.000116724331747, 3.53546020051e-005, 1.33582379931e-005, 8.41322162159e-006, 8.13796577859e-006, 1.08027606416e-007, 1.57350088514e-009]
        dvar: [1.17626893469e-012, 6.49553726362e-008, 3.01455486351e-007, 7.25944346414e-007, 4.50575726063e-007, 2.21744798523e-007, 2.62454278754e-007, 7.83612179589e-008, 7.40845678138e-008, 4.39446381506e-008, 1.33247830547e-008, 1.10709139634e-008, 5.11336040177e-009, 6.02181371434e-009, 8.39351166348e-009, 2.26870788822e-008, 7.58615783525e-008, 2.46496938416e-007, 2.525915761e-007, 3.11670504516e-007, 3.48972690745e-008, 2.97003244221e-009, 5.79486680863e-010, 2.57199150866e-010, 2.78305767321e-010, 4.5366725513e-014, 9.15033811051e-018]
        dvar2: [2.14002860571e-012, 1.63552542176e-007, 8.56740314248e-007, 2.1999621822e-006, 1.26709664983e-006, 6.14147836586e-007, 7.08902405222e-007, 1.92901282503e-007, 1.78959723485e-007, 9.92944393374e-008, 3.18151904821e-008, 2.60168899757e-008, 1.11287317139e-008, 1.3526076259e-008, 1.89369213643e-008, 4.91498468591e-008, 1.85352462267e-007, 4.81320739709e-007, 5.90826743974e-007, 6.04711374308e-007, 7.05684044533e-008, 5.57901591591e-009, 1.16787912674e-009, 5.77431102933e-010, 7.13811065811e-010, 8.94702470748e-014, 2.27118087434e-017]
        max: [1.00949746411e-005, 0.00201589544304, 0.00424777343869, 0.00628247484565, 0.00784902833402, 0.00459543056786, 0.00570750841871, 0.00270525179803, 0.00508310087025, 0.00372929987498, 0.00239599379711, 0.00173506245483, 0.00118733278941, 0.00102016888559, 0.00174106226768, 0.00248879985884, 0.00293580326252, 0.00656428653747, 0.00588311674073, 0.00600785668939, 0.00454601226375, 0.0016023957869, 0.000601114646997, 0.000386398518458, 0.000189808284631, 7.3700671237e-006, 4.46358612294e-008]
        mean: [8.36207334487e-007, 0.000238527907641, 0.000334830430802, 0.000297878228594, 0.000345167034538, 0.000228390883422, 0.000277009123238, 0.000145474768942, 0.00015307344438, 0.000116673218145, 6.84755577822e-005, 6.53939714539e-005, 4.3846135668e-005, 5.17060143466e-005, 5.4808009736e-005, 9.56327057793e-005, 0.000156282563694, 0.000221047390369, 0.000262703630142, 0.000338000012562, 0.000127753184643, 3.91363646486e-005, 1.24694615806e-005, 6.79440290696e-006, 5.71805867366e-006, 9.12472017944e-008, 9.91029036612e-010]
        median: [3.32852152951e-007, 0.000128563915496, 0.000153927423526, 7.40720279282e-005, 0.000128108003992, 7.29836319806e-005, 0.000105224615254, 3.78686054319e-005, 3.29014656018e-005, 1.79577546078e-005, 2.31219200941e-005, 2.15031450352e-005, 1.52023803821e-005, 1.73255102709e-005, 1.56112437253e-005, 2.40174704231e-005, 5.6745200709e-005, 6.60680016153e-005, 8.26928662718e-005, 0.000113961170428, 3.23158528772e-005, 7.55658857088e-006, 1.35499033149e-006, 7.42919951335e-007, 4.30103284543e-007, 8.75012240442e-009, 1.66960084647e-010]
        min: [1.04452037297e-015, 2.55960651166e-015, 1.47291745044e-015, 6.53551140344e-016, 2.12342557198e-016, 4.26050822675e-017, 2.78319111513e-017, 1.07171323416e-017, 1.93657804475e-017, 7.60397524054e-018, 1.86157873667e-017, 3.85664589535e-017, 1.01836977921e-016, 9.25776438754e-017, 1.31408903195e-016, 1.09078282439e-016, 4.27564814659e-016, 3.27905829761e-016, 8.03236579321e-016, 7.71949670409e-016, 8.13156499804e-016, 3.23448027708e-016, 9.92168138474e-017, 6.32255567379e-017, 7.29998140234e-017, 1.02433679545e-017, 4.83027569207e-019]
        var: [2.20701712114e-012, 9.48009812873e-008, 2.5342274057e-007, 4.77056119053e-007, 3.6081544863e-007, 1.80891447599e-007, 2.40682652475e-007, 8.19266858798e-008, 9.96336595449e-008, 7.35776808369e-008, 1.76638028648e-008, 1.49764769475e-008, 7.83651277203e-009, 9.07477826217e-009, 1.18106795455e-008, 3.90232273162e-008, 8.90128006859e-008, 3.31250191721e-007, 3.27427699176e-007, 4.69426367999e-007, 6.96949058465e-008, 6.73324285216e-009, 1.14826836928e-009, 3.97160720977e-010, 3.00587915669e-010, 8.62570919639e-014, 8.87182722544e-018]
    frequency_bands:
        dmean: [4.94665528095e-007, 0.000140809133882, 0.000252001249464, 0.000352603994543, 0.000341747247148, 0.000236251566093, 0.000266518618446, 0.00014514553186, 0.000128347353893, 9.38622906688e-005, 5.39695683983e-005, 5.36027437192e-005, 3.34233845933e-005, 4.01221841457e-005, 4.33660461567e-005, 7.18494193279e-005, 0.000118313895655, 0.000169247839949, 0.000194275547983, 0.000223243696382, 8.19933993625e-005, 2.51059045695e-005, 9.0087787612e-006, 5.51910397917e-006, 5.10209474669e-006, 7.28795654936e-008, 9.80714509602e-010, 4.52885194624e-011]
        dmean2: [6.79182790009e-007, 0.000234864230151, 0.000438641378423, 0.000658509437926, 0.000601681007538, 0.000421032338636, 0.000457120564533, 0.000240374793066, 0.000204465322895, 0.000146302729263, 8.54409809108e-005, 8.58498096932e-005, 5.18877823197e-005, 6.29603018751e-005, 6.77612406434e-005, 0.000108799831651, 0.000185822573258, 0.000238205131609, 0.00028795626713, 0.000319812010275, 0.000116724331747, 3.53546020051e-005, 1.33582379931e-005, 8.41322162159e-006, 8.13796577859e-006, 1.08027606416e-007, 1.57350088514e-009, 8.45949907347e-011]
        dvar: [1.17626893469e-012, 6.49553726362e-008, 3.01455486351e-007, 7.25944346414e-007, 4.50575726063e-007, 2.21744798523e-007, 2.62454278754e-007, 7.83612179589e-008, 7.40845678138e-008, 4.39446381506e-008, 1.33247830547e-008, 1.10709139634e-008, 5.11336040177e-009, 6.02181371434e-009, 8.39351166348e-009, 2.26870788822e-008, 7.58615783525e-008, 2.46496938416e-007, 2.525915761e-007, 3.11670504516e-007, 3.48972690745e-008, 2.97003244221e-009, 5.79486680863e-010, 2.57199150866e-010, 2.78305767321e-010, 4.5366725513e-014, 9.15033811051e-018, 6.1228438046e-021]
        dvar2: [2.14002860571e-012, 1.63552542176e-007, 8.56740314248e-007, 2.1999621822e-006, 1.26709664983e-006, 6.14147836586e-007, 7.08902405222e-007, 1.92901282503e-007, 1.78959723485e-007, 9.92944393374e-008, 3.18151904821e-008, 2.60168899757e-008, 1.11287317139e-008, 1.3526076259e-008, 1.89369213643e-008, 4.91498468591e-008, 1.85352462267e-007, 4.81320739709e-007, 5.90826743974e-007, 6.04711374308e-007, 7.05684044533e-008, 5.57901591591e-009, 1.16787912674e-009, 5.77431102933e-010, 7.13811065811e-010, 8.94702470748e-014, 2.27118087434e-017, 1.97898340974e-020]
        max: [1.00949746411e-005, 0.00201589544304, 0.00424777343869, 0.00628247484565, 0.00784902833402, 0.00459543056786, 0.00570750841871, 0.00270525179803, 0.00508310087025, 0.00372929987498, 0.00239599379711, 0.00173506245483, 0.00118733278941, 0.00102016888559, 0.00174106226768, 0.00248879985884, 0.00293580326252, 0.00656428653747, 0.00588311674073, 0.00600785668939, 0.00454601226375, 0.0016023957869, 0.000601114646997, 0.000386398518458, 0.000189808284631, 7.3700671237e-006, 4.46358612294e-008, 1.16140541628e-009]
        mean: [8.36207334487e-007, 0.000238527907641, 0.000334830430802, 0.000297878228594, 0.000345167034538, 0.000228390883422, 0.000277009123238, 0.000145474768942, 0.00015307344438, 0.000116673218145, 6.84755577822e-005, 6.53939714539e-005, 4.3846135668e-005, 5.17060143466e-005, 5.4808009736e-005, 9.56327057793e-005, 0.000156282563694, 0.000221047390369, 0.000262703630142, 0.000338000012562, 0.000127753184643, 3.91363646486e-005, 1.24694615806e-005, 6.79440290696e-006, 5.71805867366e-006, 9.12472017944e-008, 9.91029036612e-010, 3.37750591384e-011]
        median: [3.32852152951e-007, 0.000128563915496, 0.000153927423526, 7.40720279282e-005, 0.000128108003992, 7.29836319806e-005, 0.000105224615254, 3.78686054319e-005, 3.29014656018e-005, 1.79577546078e-005, 2.31219200941e-005, 2.15031450352e-005, 1.52023803821e-005, 1.73255102709e-005, 1.56112437253e-005, 2.40174704231e-005, 5.6745200709e-005, 6.60680016153e-005, 8.26928662718e-005, 0.000113961170428, 3.23158528772e-005, 7.55658857088e-006, 1.35499033149e-006, 7.42919951335e-007, 4.30103284543e-007, 8.75012240442e-009, 1.66960084647e-010, 1.05468151573e-011]
        min: [1.04452037297e-015, 2.55960651166e-015, 1.47291745044e-015, 6.53551140344e-016, 2.12342557198e-016, 4.26050822675e-017, 2.78319111513e-017, 1.07171323416e-017, 1.93657804475e-017, 7.60397524054e-018, 1.86157873667e-017, 3.85664589535e-017, 1.01836977921e-016, 9.25776438754e-017, 1.31408903195e-016, 1.09078282439e-016, 4.27564814659e-016, 3.27905829761e-016, 8.03236579321e-016, 7.71949670409e-016, 8.13156499804e-016, 3.23448027708e-016, 9.92168138474e-017, 6.32255567379e-017, 7.29998140234e-017, 1.02433679545e-017, 4.83027569207e-019, 4.35838685944e-020]
        var: [2.20701712114e-012, 9.48009812873e-008, 2.5342274057e-007, 4.77056119053e-007, 3.6081544863e-007, 1.80891447599e-007, 2.40682652475e-007, 8.19266858798e-008, 9.96336595449e-008, 7.35776808369e-008, 1.76638028648e-008, 1.49764769475e-008, 7.83651277203e-009, 9.07477826217e-009, 1.18106795455e-008, 3.90232273162e-008, 8.90128006859e-008, 3.31250191721e-007, 3.27427699176e-007, 4.69426367999e-007, 6.96949058465e-008, 6.73324285216e-009, 1.14826836928e-009, 3.97160720977e-010, 3.00587915669e-010, 8.62570919639e-014, 8.87182722544e-018, 4.4280484725e-021]
    mfcc:
        mean: [-752.715637207, 113.422576904, -29.9319324493, 57.2246208191, -12.0754451752, -10.187376976, 4.7000451088, -5.28734350204, -0.733670473099, -3.89818954468, -2.90607333183, -0.709041178226, 1.05389297009]
        cov: [[5010.16113281, -926.34375, -518.939758301, 96.5652999878, -414.700195313, 61.31300354, -167.488510132, -5.53191328049, 18.9418888092, 29.3613376617, 69.0440750122, -118.264053345, -46.4294815063], [-926.34375, 1941.73620605, -251.671264648, -63.0271110535, 82.8331680298, -18.0615081787, 151.252532959, 48.0452880859, 122.989456177, 18.9879016876, 33.4662132263, 61.8065834045, 57.7660140991], [-518.939758301, -251.671264648, 902.727661133, 155.562957764, 217.797668457, 219.886230469, 91.0501327515, 132.071777344, 5.95988798141, 20.4183921814, 30.8009853363, 32.7736320496, 9.87152957916], [96.5652999878, -63.0271110535, 155.562957764, 588.611206055, 180.372421265, 81.8455429077, 57.7260780334, 28.4911174774, 10.2867612839, 27.9472827911, 0.344985485077, 16.4726905823, 33.8508644104], [-414.700195313, 82.8331680298, 217.797668457, 180.372421265, 503.113067627, 82.4047317505, 18.4136352539, 18.2099647522, 49.464805603, 79.6505355835, 10.1072788239, 35.182182312, 50.9246292114], [61.31300354, -18.0615081787, 219.886230469, 81.8455429077, 82.4047317505, 362.633880615, 74.7598419189, 82.581993103, 42.6991195679, 37.7222557068, 50.2073059082, 3.54263496399, -1.85727715492], [-167.488510132, 151.252532959, 91.0501327515, 57.7260780334, 18.4136352539, 74.7598419189, 290.501434326, 99.39402771, 14.7374610901, 17.3667163849, 41.4515342712, 56.3169555664, 14.4318361282], [-5.53191328049, 48.0452880859, 132.071777344, 28.4911174774, 18.2099647522, 82.581993103, 99.39402771, 205.352035522, 69.9366455078, 21.7010955811, 35.5177955627, 20.6393375397, 9.67547035217], [18.9418888092, 122.989456177, 5.95988798141, 10.2867612839, 49.464805603, 42.6991195679, 14.7374610901, 69.9366455078, 143.409851074, 43.1672554016, 23.4669914246, 3.14839076996, 2.37492847443], [29.3613376617, 18.9879016876, 20.4183921814, 27.9472827911, 79.6505355835, 37.7222557068, 17.3667163849, 21.7010955811, 43.1672554016, 117.253593445, 33.0888137817, 12.3841848373, 5.57435178757], [69.0440750122, 33.4662132263, 30.8009853363, 0.344985485077, 10.1072788239, 50.2073059082, 41.4515342712, 35.5177955627, 23.4669914246, 33.0888137817, 94.9435501099, 24.7460269928, 1.1850386858], [-118.264053345, 61.8065834045, 32.7736320496, 16.4726905823, 35.182182312, 3.54263496399, 56.3169555664, 20.6393375397, 3.14839076996, 12.3841848373, 24.7460269928, 87.329460144, 29.1023349762], [-46.4294815063, 57.7660140991, 9.87152957916, 33.8508644104, 50.9246292114, -1.85727715492, 14.4318361282, 9.67547035217, 2.37492847443, 5.57435178757, 1.1850386858, 29.1023349762, 81.2466201782]]
        icov: [[0.000285152345896, 0.000151685992023, 0.000218884888454, -0.000133591878694, 0.000212291633943, -0.000133093839395, 0.000109487358714, -9.30127134779e-005, -8.94921467989e-005, -0.00010438074969, -0.000298954750178, 0.000239871369558, -0.000132088272949], [0.000151685992023, 0.000712115783244, 0.000347000634065, 4.05297068937e-005, -6.24019667157e-005, -5.78809886065e-005, -0.000319098704495, 3.70081797882e-005, -0.00060811889125, 0.000182590520126, -0.000211381804547, -3.32352356054e-005, -0.000368375214748], [0.000218884888454, 0.000347000634065, 0.00183472933713, -0.000190233186004, -0.000535392202437, -0.000795436382759, 6.22416700935e-006, -0.0010116128251, 0.000463125965325, 0.000317158526741, -0.000199889094802, -0.00019325366884, 0.000208307916182], [-0.000133591878694, 4.05297068937e-005, -0.000190233186004, 0.0020804265514, -0.000716135953553, -0.000166855417774, -0.000446497258963, 8.13329170342e-005, 7.36957736081e-005, 2.26696720347e-005, 0.000429805950262, 6.09860144323e-005, -0.00046598672634], [0.000212291633943, -6.24019667157e-005, -0.000535392202437, -0.000716135953553, 0.00317206932232, -0.000267159222858, 0.000354239484295, 0.000591448275372, -0.000747880141716, -0.00173842441291, 0.000371271860786, -0.000354140094714, -0.00133600842673], [-0.000133093839395, -5.78809886065e-005, -0.000795436382759, -0.000166855417774, -0.000267159222858, 0.00381058943458, -0.000563391193282, -0.000410598673625, -0.000409594795201, -0.000267123541562, -0.00126274419017, 0.000931300863158, 0.000249923381489], [0.000109487358714, -0.000319098704495, 6.22416700935e-006, -0.000446497258963, 0.000354239484295, -0.000563391193282, 0.00512230722234, -0.00215346133336, 0.00109928881284, -0.00026515495847, -0.000694201444276, -0.00241235271096, 0.000446665071649], [-9.30127134779e-005, 3.70081797882e-005, -0.0010116128251, 8.13329170342e-005, 0.000591448275372, -0.000410598673625, -0.00215346133336, 0.00805319007486, -0.00374371744692, 0.000354788906407, -0.000739146198612, 6.1015922256e-005, -0.00087304180488], [-8.94921467989e-005, -0.00060811889125, 0.000463125965325, 7.36957736081e-005, -0.000747880141716, -0.000409594795201, 0.00109928881284, -0.00374371744692, 0.010408767499, -0.00259566446766, -0.000462707888801, 0.000504608557094, 0.000704047444742], [-0.00010438074969, 0.000182590520126, 0.000317158526741, 2.26696720347e-005, -0.00173842441291, -0.000267123541562, -0.00026515495847, 0.000354788906407, -0.00259566446766, 0.011552345939, -0.00307312770747, -0.000373651884729, 0.000312848860631], [-0.000298954750178, -0.000211381804547, -0.000199889094802, 0.000429805950262, 0.000371271860786, -0.00126274419017, -0.000694201444276, -0.000739146198612, -0.000462707888801, -0.00307312770747, 0.0142281036824, -0.00368710537441, 0.00111197773367], [0.000239871369558, -3.32352356054e-005, -0.00019325366884, 6.09860144323e-005, -0.000354140094714, 0.000931300863158, -0.00241235271096, 6.1015922256e-005, 0.000504608557094, -0.000373651884729, -0.00368710537441, 0.0162271093577, -0.004924565088], [-0.000132088272949, -0.000368375214748, 0.000208307916182, -0.00046598672634, -0.00133600842673, 0.000249923381489, 0.000446665071649, -0.00087304180488, 0.000704047444742, 0.000312848860631, 0.00111197773367, -0.004924565088, 0.0152369160205]]
    sccoeffs:
        dmean: [0.0595727041364, 0.0584908276796, 0.0488556213677, 0.037268999964, 0.0281739793718, 0.0283336900175]
        dmean2: [0.0999856889248, 0.0942252874374, 0.0761176422238, 0.0584497414529, 0.0433895066381, 0.0417758561671]
        dvar: [0.00267601199448, 0.00237654801458, 0.00173047406133, 0.00109091878403, 0.000684678263497, 0.000715316971764]
        dvar2: [0.00738884555176, 0.00566026661545, 0.00388064421713, 0.00239481590688, 0.00145097845234, 0.00147148617543]
        max: [-0.33896484971, -0.397844582796, -0.44720891118, -0.525119662285, -0.534633874893, -0.583135008812]
        mean: [-0.651694834232, -0.735995411873, -0.775287091732, -0.789601862431, -0.790000140667, -0.766823172569]
        median: [-0.659107327461, -0.745114326477, -0.79044675827, -0.799798071384, -0.797632217407, -0.767063260078]
        min: [-0.997740864754, -0.992928564548, -0.993445158005, -0.991487383842, -0.969788789749, -0.969626426697]
        var: [0.00614209938794, 0.00630656210706, 0.00626663910225, 0.00353785650805, 0.0024649919942, 0.0025952430442]
    scvalleys:
        dmean: [0.430333346128, 0.514775276184, 0.496168911457, 0.444902300835, 0.3930131495, 0.487027555704]
        dmean2: [0.699955642223, 0.816093742847, 0.750889360905, 0.656293869019, 0.531480550766, 0.629695296288]
        dvar: [0.148766741157, 0.265752494335, 0.241207778454, 0.206932112575, 0.179707705975, 0.291152089834]
        dvar2: [0.334637492895, 0.618963837624, 0.520610272884, 0.414984554052, 0.312297910452, 0.477529257536]
        max: [-5.01141023636, -4.45982933044, -5.00065994263, -5.64717721939, -5.09812927246, -7.11196231842]
        mean: [-7.01722764969, -6.85828018188, -7.5849070549, -7.91024827957, -7.58593177795, -10.1570978165]
        median: [-6.76143932343, -6.84130764008, -7.57057285309, -7.85150527954, -7.51954030991, -10.1011047363]
        min: [-18.9367523193, -20.4584255219, -21.0835456848, -20.2433738708, -19.8448467255, -21.371383667]
        var: [1.10098516941, 0.774266779423, 0.837956249714, 0.789986610413, 0.908421933651, 1.65021085739]

rhythm:
    beats_loudness:
        dmean: 0.00563140586019
        dmean2: 0.00995221268386
        dvar: 2.47602038144e-005
        dvar2: 6.05838322372e-005
        max: 0.024656182155
        mean: 0.00637306226417
        median: 0.00434217462316
        min: 5.54307189304e-005
        var: 2.46721865551e-005
    bpm: 89.8854598999
    bpm_confidence: 0
    first_peak_bpm: 91
    first_peak_spread: 0.44374999404
    first_peak_weight: 0.532934129238
    onset_rate: 4.42930936813
    second_peak_bpm: 86
    second_peak_spread: 0.214285805821
    second_peak_weight: 0.0329341292381
    beats_loudness_band_ratio:
        dmean: [0.495938688517, 0.0971425324678, 0.0971095040441, 0.0766520276666, 0.203551858664, 0.276853561401]
        dmean2: [0.985491216183, 0.181249707937, 0.185310870409, 0.146126240492, 0.40288746357, 0.533375561237]
        dvar: [0.031980805099, 0.00289803207852, 0.00995047483593, 0.0107852844521, 0.0139837609604, 0.028601301834]
        dvar2: [0.113718852401, 0.00973418913782, 0.027864459902, 0.028690898791, 0.0420556776226, 0.100764207542]
        max: [0.82170522213, 0.393658578396, 0.558828949928, 0.736375033855, 0.750401973724, 0.974225759506]
        mean: [0.331670075655, 0.116277612746, 0.103721827269, 0.0646548569202, 0.157181754708, 0.249159514904]
        median: [0.372209310532, 0.122708596289, 0.0785824358463, 0.0384267121553, 0.111560530961, 0.22564458847]
        min: [0.000524852599483, 0.0029520962853, 0.00160872889683, 0.00102146936115, 0.0109008997679, 0.0191981270909]
        var: [0.0770004838705, 0.00474478304386, 0.00797936972231, 0.00784561689943, 0.0179629903287, 0.0339991003275]
    beats_position: [0.684988677502, 1.39319729805, 2.08979582787, 2.7863945961, 3.48299312592, 4.17959165573, 4.87619018555, 5.5727891922, 6.26938772202, 6.96598625183, 7.66258478165, 8.38240337372, 9.07900238037, 9.74077033997, 10.4025392532, 11.0759181976, 11.749297142, 12.4110651016, 13.084444046, 13.7462129593, 14.4195919037, 15.0813598633, 15.7431287766, 16.4165077209, 17.0898857117, 17.7516555786, 18.4134235382, 19.0868015289, 19.7485713959, 20.4103393555, 21.0837192535, 21.7454872131, 22.4072551727, 23.0806350708, 23.7540130615, 24.4157810211, 25.0775508881, 25.7509288788, 26.4126987457, 27.0744667053, 27.747844696, 28.4212245941, 29.0829925537, 29.7447605133, 30.4181404114, 31.079908371, 31.7416782379, 32.4150543213, 33.0884361267, 33.750202179, 34.4119720459, 35.0737419128, 35.7471199036, 36.4088897705, 37.0822677612, 37.7440338135, 38.4058036804, 39.0791816711, 39.7409515381, 40.402721405, 41.0760993958, 41.7378692627, 42.3996353149, 43.0730133057, 43.7463951111, 44.4081611633, 45.0815429688, 45.743309021, 46.4166870117, 47.0784568787, 47.7402267456, 48.4136047363, 49.0869827271, 49.7371406555, 50.4105224609, 51.0839004517, 51.7456665039, 52.4074363708, 53.0808143616, 53.7425842285, 54.4043540955, 55.0661201477, 55.7278900146, 56.4012680054, 57.0746459961, 57.7480278015, 58.4097938538, 59.0715637207, 59.7449417114, 60.4067115784, 61.0800895691, 61.741859436, 62.4152374268, 63.0770072937, 63.7387733459, 64.4121551514, 65.0855331421, 65.7472991943, 66.4206771851, 67.0824508667, 67.7442169189, 68.4059829712, 69.0793609619, 69.7411346436, 70.4029006958, 71.0762786865, 71.7380523682, 72.3998184204, 73.0731964111, 73.7465744019, 74.4199523926, 75.0817184448, 75.7434921265, 76.4168701172, 77.0786361694, 77.7404098511, 78.4137878418, 79.075553894, 79.7373199463, 80.410697937, 81.0840835571, 81.7458496094, 82.4076156616, 83.0809936523, 83.7543716431, 84.4161453247, 85.077911377, 85.7396774292, 86.4014511108, 87.0748291016, 87.7482070923, 88.4099731445, 89.0717468262, 89.7451248169, 90.4185028076, 91.0802688599, 91.7420425415, 92.4154205322, 93.0887985229, 93.7505645752, 94.4123306274, 95.0857162476, 95.7474822998, 96.4092483521, 97.0826263428, 97.7444000244, 98.4061660767, 99.0795440674, 99.7529220581, 100.41469574, 101.08807373, 101.749839783, 102.411605835, 103.073379517, 103.735145569, 104.396911621, 105.070289612, 105.732063293, 106.405441284, 107.067207336, 107.740585327, 108.413963318, 109.087341309, 109.74911499, 110.410881042, 111.072654724, 111.746032715, 112.407798767, 113.081176758, 113.74294281, 114.416320801, 115.078094482, 115.751472473, 116.413238525, 117.075012207, 117.748390198, 118.421768188, 119.071922302, 119.733695984, 120.407073975, 121.068840027, 121.71900177, 122.392379761, 123.065757751, 123.739135742, 124.412513733, 125.074279785, 125.736053467, 126.409431458, 127.082809448, 127.7445755, 128.406341553, 129.079727173, 129.741500854, 130.403259277, 131.076644897, 131.750015259, 132.41178894, 133.073562622, 133.746932983, 134.420318604, 135.082077026, 135.743850708, 136.40562439, 137.067382813, 137.740768433, 138.414154053, 139.087524414, 139.749298096, 140.411056519, 141.0728302, 141.734603882, 142.407974243, 143.069747925, 143.743133545, 144.404891968, 145.078277588, 145.751647949, 146.425033569, 147.086807251, 147.748565674, 148.398727417, 149.072113037, 149.745483398, 150.418869019, 151.069015503, 151.742401123, 152.415786743, 153.089157104, 153.739318848, 154.412689209, 155.074462891, 155.747848511, 156.409606934, 157.071380615, 157.733154297, 158.406524658, 159.079910278, 159.75328064, 160.415054321, 161.076828003, 161.738586426, 162.411972046, 163.073745728, 163.747116089, 164.408889771, 165.070648193, 165.744033813, 166.417419434, 167.079177856, 167.752563477, 168.414321899, 169.076095581, 169.737869263, 170.411239624, 171.073013306, 171.734786987, 172.408157349, 173.081542969, 173.743301392, 174.405075073, 175.078460693, 175.740219116, 176.401992798, 177.075378418, 177.737136841, 178.410522461, 179.072280884, 179.745666504, 180.407440186, 181.080810547, 181.742584229, 182.41595459, 183.077728271, 183.751113892, 184.412872314, 185.086257935, 185.748016357, 186.409790039, 187.083175659, 187.756546021, 188.418319702, 189.080093384, 189.741851807, 190.403625488, 191.07699585, 191.75038147, 192.412155151, 193.073913574, 193.747299194, 194.420669556, 195.082443237, 195.744216919, 196.41758728, 197.079360962, 197.741134644, 198.414505005, 199.087890625, 199.749649048, 200.411422729, 201.08480835, 201.746566772, 202.408340454, 203.081726074, 203.743484497, 204.405258179, 205.07862854, 205.740402222, 206.402175903, 207.075546265, 207.748931885, 208.410705566, 209.072463989, 209.745849609, 210.407608032, 211.069381714, 211.742767334, 212.416137695, 213.077911377, 213.739685059, 214.41305542, 215.08644104, 215.748199463, 216.409973145, 217.083358765, 217.745117188, 218.418502808, 219.08026123, 219.753646851, 220.415420532, 221.088790894, 221.750564575, 222.423934937, 223.143753052, 223.875183105]
