
metadata:
    version:
        essentia: "2.1-beta2"
    audio_properties:
        analysis_sample_rate: 44100
        bitrate: 320
        channels: 2
        equal_loudness: 1
        length: 231.503997803
        replay_gain: -15.3143234253
        downmix: "mix"
    tags:
        album: "The Rising Tied"
        artist: "Fort Minor"
        comment: ""
        date: "2005"
        genre: "Alternative Hip-Hop"
        title: "Kenji"
        tracknumber: "13"

configuration:
    average_loudness:
        compute: 1
        frameSize: 88200
        hopSize: 44100
        silentFrames: "noise"
        windowType: "hann"
    general:
        analysisSampleRate: 44100
        endTime: 2000
        equalLoudness: 1
        nequalLoudness: 0
        shortSound: 0
        startTime: 0
    lowlevel:
        compute: 1
        frameSize: 2048
        hopSize: 1024
        zeroPadding: 0
        silentFrames: "noise"
        windowType: "blackmanharris62"
        mfccStats: ["mean", "cov", "icov"]
        stats: ["mean", "var", "median", "min", "max", "dmean", "dmean2", "dvar", "dvar2"]
    panning:
        compute: 0
        frameSize: 8192
        hopSize: 2048
        zeroPadding: 8192
        silentFrames: "noise"
        windowType: "hann"
        stats: ["copy"]
    rhythm:
        compute: 1
        maxTempo: 208
        minTempo: 40
        method: "degara"
        stats: ["mean", "var", "median", "min", "max", "dmean", "dmean2", "dvar", "dvar2"]
    segmentation:
        compute: 0
        cpw: 5
        inc1: 300
        inc2: 50
        minimumSegmentsLength: 10
        size1: 1000
        size2: 600
    sfx:
        compute: 1
        stats: ["mean", "var", "median", "min", "max", "dmean", "dmean2", "dvar", "dvar2"]
    svm:
        compute: 0
    tonal:
        compute: 1
        frameSize: 4096
        hopSize: 2048
        zeroPadding: 0
        silentFrames: "noise"
        windowType: "blackmanharris62"
        stats: ["mean", "var", "median", "min", "max", "dmean", "dmean2", "dvar", "dvar2"]

lowlevel:
    average_loudness: 0.939627766609
    barkbands_kurtosis:
        dmean: 1.83366703987
        dmean2: 2.89440608025
        dvar: 34.2142677307
        dvar2: 84.8659591675
        max: 472.967498779
        mean: 1.1270917654
        median: -0.453482449055
        min: -1.90894210339
        var: 64.6442718506
    barkbands_skewness:
        dmean: 0.599666893482
        dmean2: 0.860265374184
        dvar: 0.352583706379
        dvar2: 0.704671263695
        max: 21.2962913513
        mean: 0.778548419476
        median: 0.702087640762
        min: -3.39935231209
        var: 1.42855095863
    barkbands_spread:
        dmean: 6.89018297195
        dmean2: 10.313955307
        dvar: 58.0888442993
        dvar2: 123.016838074
        max: 81.6781997681
        mean: 25.0275783539
        median: 22.0658626556
        min: 0.219494342804
        var: 191.526565552
    dissonance:
        dmean: 0.0246695186943
        dmean2: 0.039800696075
        dvar: 0.00063789827982
        dvar2: 0.00154152978212
        max: 0.499999880791
        mean: 0.448515504599
        median: 0.459628880024
        min: 0
        var: 0.00170555780642
    hfc:
        dmean: 2.4005959034
        dmean2: 3.31682229042
        dvar: 12.4407663345
        dvar2: 21.9687099457
        max: 42.7338562012
        mean: 5.1480178833
        median: 3.22320699692
        min: 6.45533418386e-011
        var: 33.8238639832
    pitch:
        dmean: 597.903808594
        dmean2: 1138.65234375
        dvar: 1495553.75
        dvar2: 3346061.5
        max: 5417.49462891
        mean: 927.016418457
        median: 225.905090332
        min: 55.3597488403
        var: 2056315.875
    pitch_instantaneous_confidence:
        dmean: 0.108369849622
        dmean2: 0.169677078724
        dvar: 0.00958936195821
        dvar2: 0.0209815707058
        max: 0.97066283226
        mean: 0.492353588343
        median: 0.474292933941
        min: 0.00457882881165
        var: 0.0337509252131
    pitch_salience:
        dmean: 0.0746343880892
        dmean2: 0.117737576365
        dvar: 0.00454938504845
        dvar2: 0.0105590233579
        max: 0.984781682491
        mean: 0.580304563046
        median: 0.583548665047
        min: 0.028106296435
        var: 0.0133563112468
    silence_rate_20dB:
        dmean: 0
        dmean2: 0
        dvar: 0
        dvar2: 0
        max: 1
        mean: 1
        median: 1
        min: 1
        var: 0
    silence_rate_30dB:
        dmean: 0
        dmean2: 0
        dvar: 0
        dvar2: 0
        max: 1
        mean: 1
        median: 1
        min: 1
        var: 0
    silence_rate_60dB:
        dmean: 0.142011836171
        dmean2: 0.284052163363
        dvar: 0.121831163764
        dvar2: 0.235051393509
        max: 1
        mean: 0.484757333994
        median: 0
        min: 0
        var: 0.249770626426
    spectral_centroid:
        dmean: 341.781555176
        dmean2: 475.963104248
        dvar: 165511.40625
        dvar2: 282289.3125
        max: 5387.89990234
        mean: 1286.98046875
        median: 1115.83447266
        min: 204.496139526
        var: 564283.6875
    spectral_complexity:
        dmean: 3.8427438736
        dmean2: 5.52276849747
        dvar: 28.7135314941
        dvar2: 47.2256278992
        max: 53
        mean: 10.0750102997
        median: 7
        min: 0
        var: 79.6345443726
    spectral_crest:
        dmean: 2.63943648338
        dmean2: 4.2743897438
        dvar: 6.20688295364
        dvar2: 14.9334154129
        max: 26.9157524109
        mean: 8.970246315
        median: 8.1070690155
        min: 2.09427404404
        var: 15.2065458298
    spectral_decrease:
        dmean: 3.54986984252e-010
        dmean2: 5.29327637278e-010
        dvar: 2.32211828423e-019
        dvar2: 5.43428452632e-019
        max: -1.88605516092e-020
        mean: -8.85569229059e-010
        median: -7.41057881726e-010
        min: -4.38298464189e-009
        var: 5.24608542733e-019
    spectral_energy:
        dmean: 0.00151438871399
        dmean2: 0.00223519140854
        dvar: 4.15715703639e-006
        dvar2: 9.44144176174e-006
        max: 0.0190769080073
        mean: 0.00380926439539
        median: 0.0031688711606
        min: 7.70393067374e-014
        var: 9.8662385426e-006
    spectral_energyband_high:
        dmean: 0.000163948148838
        dmean2: 0.000210428668652
        dvar: 8.33377882259e-008
        dvar2: 1.48967203017e-007
        max: 0.00513505050912
        mean: 0.000280392298009
        median: 4.7012748837e-005
        min: 2.7665694832e-015
        var: 2.19504727283e-007
    spectral_energyband_low:
        dmean: 0.000271943747066
        dmean2: 0.000450509396615
        dvar: 4.56336351817e-007
        dvar2: 1.24127427625e-006
        max: 0.00755048403516
        mean: 0.000567463284824
        median: 0.000110883585876
        min: 5.62294139947e-015
        var: 6.93402000707e-007
    spectral_energyband_middle_high:
        dmean: 0.000669502129313
        dmean2: 0.000952368660364
        dvar: 9.82522919912e-007
        dvar2: 1.8221743403e-006
        max: 0.0108990874141
        mean: 0.00129599985667
        median: 0.000733705295715
        min: 1.54727152721e-014
        var: 2.35551624428e-006
    spectral_energyband_middle_low:
        dmean: 0.000969027401879
        dmean2: 0.001533705974
        dvar: 1.78105130999e-006
        dvar2: 4.44228408014e-006
        max: 0.0150399310514
        mean: 0.00181992177386
        median: 0.00128315517213
        min: 4.22095660561e-014
        var: 3.04847435473e-006
    spectral_flatness_db:
        dmean: 0.0251521226019
        dmean2: 0.0377077944577
        dvar: 0.000593489094172
        dvar2: 0.00123401836026
        max: 0.677096903324
        mean: 0.206432774663
        median: 0.183056756854
        min: 0.0506526492536
        var: 0.00708963116631
    spectral_flux:
        dmean: 0.0109938904643
        dmean2: 0.0166242495179
        dvar: 0.000148784252815
        dvar2: 0.0003094682761
        max: 0.118223547935
        mean: 0.0375479757786
        median: 0.0367338843644
        min: 1.82544454219e-006
        var: 0.00048778828932
    spectral_kurtosis:
        dmean: 3.5972263813
        dmean2: 5.96702194214
        dvar: 28.4344749451
        dvar2: 80.4315872192
        max: 117.151786804
        mean: 7.21845293045
        median: 4.30749607086
        min: -0.940212249756
        var: 72.1338577271
    spectral_rms:
        dmean: 0.000355662486982
        dmean2: 0.000509625708219
        dvar: 1.60037885166e-007
        dvar2: 3.40861276982e-007
        max: 0.0043141185306
        mean: 0.0017531424528
        median: 0.00175828952342
        min: 8.66950422562e-009
        var: 6.4284893142e-007
    spectral_rolloff:
        dmean: 639.275634766
        dmean2: 990.809448242
        dvar: 640496.8125
        dvar2: 1138398
        max: 8441.015625
        mean: 2400.88378906
        median: 2390.18554688
        min: 172.265625
        var: 1870554.125
    spectral_skewness:
        dmean: 0.40278545022
        dmean2: 0.623157382011
        dvar: 0.202527597547
        dvar2: 0.518029630184
        max: 8.33601665497
        mean: 1.69565761089
        median: 1.53126621246
        min: -0.239787951112
        var: 0.616587519646
    spectral_spread:
        dmean: 655635.6875
        dmean2: 956530.1875
        dvar: 731891564544
        dvar2: 1.48976618701e+012
        max: 14345162
        mean: 4099137
        median: 4110938.75
        min: 691356.75
        var: 3.38833519411e+012
    spectral_strongpeak:
        dmean: 0.274305433035
        dmean2: 0.463950932026
        dvar: 0.177606925368
        dvar2: 0.473284453154
        max: 4.33752012253
        mean: 0.442113012075
        median: 0.267621815205
        min: 0
        var: 0.212305292487
    zerocrossingrate:
        dmean: 0.0140425302088
        dmean2: 0.014584671706
        dvar: 0.000207108794712
        dvar2: 0.000215540174395
        max: 0.482421875
        mean: 0.0742228627205
        median: 0.06591796875
        min: 0.01025390625
        var: 0.00132426526397
    barkbands:
        dmean: [3.87434113236e-007, 7.09475643816e-005, 0.00017209201178, 0.000193771484192, 0.000229130135267, 0.000275904778391, 0.000386817060644, 0.000156194422743, 0.000194637425011, 8.83530083229e-005, 5.41923218407e-005, 4.47403399448e-005, 5.39199609193e-005, 5.66005728615e-005, 8.95448538358e-005, 9.12061659619e-005, 0.000144575940794, 0.000133779962198, 0.000130526561406, 0.000134553498356, 7.51157785999e-005, 2.81437496596e-005, 5.66073777009e-006, 3.0151820738e-006, 1.59540479672e-006, 4.58966162853e-008, 3.08972403218e-010]
        dmean2: [5.74540763409e-007, 0.00011734697182, 0.000297482562019, 0.000336000346579, 0.000375560019165, 0.000451249507023, 0.000629895541351, 0.000252673577052, 0.000304788991343, 0.000134756686748, 8.99251244846e-005, 7.26806028979e-005, 8.80042280187e-005, 8.79505605553e-005, 0.000138846880873, 0.000138446412166, 0.000221811234951, 0.000203513074666, 0.000192382794921, 0.000203004281502, 0.000101860467112, 3.98674128519e-005, 7.93530398369e-006, 4.50920197181e-006, 2.3283041628e-006, 6.6481973704e-008, 4.9586718065e-010]
        dvar: [1.5517902718e-012, 5.05789010674e-008, 2.20232550419e-007, 1.8544029956e-007, 1.9062574097e-007, 2.81198452967e-007, 6.74496334341e-007, 1.34909001304e-007, 1.63543276699e-007, 5.17389970867e-008, 2.05663006625e-008, 1.29996529097e-008, 1.09248210478e-008, 1.52934234166e-008, 3.37958034891e-008, 2.82669727625e-008, 9.11351918376e-008, 5.4672103289e-008, 6.37942392245e-008, 5.44350520215e-008, 1.89701161446e-008, 5.40118394454e-009, 2.10241046794e-010, 5.7788041713e-011, 2.76972958457e-011, 3.13633769292e-014, 2.87201528925e-019]
        dvar2: [3.31231396478e-012, 1.3332576998e-007, 6.46756518563e-007, 5.22155971794e-007, 4.91918513035e-007, 7.07342849182e-007, 1.65785661466e-006, 3.19202626997e-007, 3.92256197301e-007, 1.06993063298e-007, 5.14018196895e-008, 3.13460759571e-008, 2.71615547831e-008, 3.3094583074e-008, 7.35666461082e-008, 6.16586035562e-008, 2.09361132875e-007, 1.13156495729e-007, 1.29996649889e-007, 1.16348729762e-007, 3.65938817026e-008, 1.05321467103e-008, 4.09768746712e-010, 1.19723647662e-010, 5.59574817038e-011, 6.63710555157e-014, 6.59412306004e-019]
        max: [1.39072117236e-005, 0.00234067044221, 0.00450047850609, 0.004847782664, 0.00541010126472, 0.00714573310688, 0.0131671857089, 0.00577734038234, 0.00679555628449, 0.00393902976066, 0.00597579358146, 0.00233721151017, 0.00177812308539, 0.00170073506888, 0.00410677539185, 0.0035988278687, 0.003298956668, 0.00430966028944, 0.00526211829856, 0.00285243988037, 0.00233698845841, 0.00183541537262, 0.00033529830398, 0.000169878170709, 0.000141575626913, 7.77931927587e-006, 1.26597807792e-008]
        mean: [5.71712348574e-007, 0.000123004370835, 0.000314689707011, 0.000258519197814, 0.000293076154776, 0.000341420643963, 0.000443725468358, 0.000162786469446, 0.000286571885226, 0.000112940258987, 7.42851843825e-005, 5.31733676326e-005, 8.2002596173e-005, 6.57340569887e-005, 0.000106802173832, 0.00012180142221, 0.000187129815458, 0.00020319352916, 0.000194487380213, 0.00019963318482, 0.000123505393276, 4.51135711046e-005, 8.72051714396e-006, 4.18197760155e-006, 2.14425313061e-006, 6.38197619196e-008, 3.86106091543e-010]
        median: [1.7043989331e-008, 1.18645793918e-005, 2.88197734335e-005, 9.57856536843e-005, 0.000119871881907, 0.000125392718473, 0.00012942039757, 2.83516346826e-005, 0.000126068858663, 1.74899214471e-005, 3.94314629375e-005, 1.12646393973e-005, 4.39326977357e-005, 1.35228519866e-005, 2.3205877369e-005, 4.60034934804e-005, 5.62625500606e-005, 7.14414200047e-005, 6.4956038841e-005, 4.48174105259e-005, 1.71847677848e-005, 6.2551166593e-006, 1.1001685607e-006, 7.80277787271e-007, 2.77014862604e-007, 6.80620892979e-009, 1.25828403252e-010]
        min: [1.13291798205e-017, 6.2270400035e-016, 1.11409375344e-015, 4.62338365292e-015, 1.06694989012e-014, 9.03936959464e-015, 7.1586006979e-015, 5.2677499915e-015, 4.60890616579e-015, 2.29132026056e-015, 1.06428016932e-015, 8.75296054424e-016, 1.11341231543e-015, 1.22966546986e-015, 9.78784263518e-016, 1.06838552626e-015, 1.92104128998e-015, 2.10792894539e-015, 2.1076155432e-015, 2.05202858252e-015, 1.23688579046e-015, 3.52450806399e-016, 9.23706568163e-017, 6.40108224545e-017, 3.60505758855e-017, 1.33279054335e-017, 1.19110790475e-017]
        var: [2.87842883209e-012, 6.06498034017e-008, 3.08014080019e-007, 2.02407562711e-007, 2.35133782667e-007, 3.48311601783e-007, 7.91333945926e-007, 1.61758691775e-007, 2.43953707013e-007, 9.11455302344e-008, 2.31386536598e-008, 1.62444244722e-008, 1.4995002573e-008, 2.1655177207e-008, 5.09925257575e-008, 4.80852264673e-008, 1.22866438801e-007, 1.02268572277e-007, 1.1079364981e-007, 1.08792114872e-007, 4.48149108934e-008, 1.05629158753e-008, 4.31846586268e-010, 9.9137621723e-011, 4.83982021127e-011, 5.44264137339e-014, 4.71039757577e-019]
    frequency_bands:
        dmean: [3.87434113236e-007, 7.09475643816e-005, 0.00017209201178, 0.000193771484192, 0.000229130135267, 0.000275904778391, 0.000386817060644, 0.000156194422743, 0.000194637425011, 8.83530083229e-005, 5.41923218407e-005, 4.47403399448e-005, 5.39199609193e-005, 5.66005728615e-005, 8.95448538358e-005, 9.12061659619e-005, 0.000144575940794, 0.000133779962198, 0.000130526561406, 0.000134553498356, 7.51157785999e-005, 2.81437496596e-005, 5.66073777009e-006, 3.0151820738e-006, 1.59540479672e-006, 4.58966162853e-008, 3.08972403218e-010, 4.50882629843e-011]
        dmean2: [5.74540763409e-007, 0.00011734697182, 0.000297482562019, 0.000336000346579, 0.000375560019165, 0.000451249507023, 0.000629895541351, 0.000252673577052, 0.000304788991343, 0.000134756686748, 8.99251244846e-005, 7.26806028979e-005, 8.80042280187e-005, 8.79505605553e-005, 0.000138846880873, 0.000138446412166, 0.000221811234951, 0.000203513074666, 0.000192382794921, 0.000203004281502, 0.000101860467112, 3.98674128519e-005, 7.93530398369e-006, 4.50920197181e-006, 2.3283041628e-006, 6.6481973704e-008, 4.9586718065e-010, 8.35987043479e-011]
        dvar: [1.5517902718e-012, 5.05789010674e-008, 2.20232550419e-007, 1.8544029956e-007, 1.9062574097e-007, 2.81198452967e-007, 6.74496334341e-007, 1.34909001304e-007, 1.63543276699e-007, 5.17389970867e-008, 2.05663006625e-008, 1.29996529097e-008, 1.09248210478e-008, 1.52934234166e-008, 3.37958034891e-008, 2.82669727625e-008, 9.11351918376e-008, 5.4672103289e-008, 6.37942392245e-008, 5.44350520215e-008, 1.89701161446e-008, 5.40118394454e-009, 2.10241046794e-010, 5.7788041713e-011, 2.76972958457e-011, 3.13633769292e-014, 2.87201528925e-019, 5.21401020661e-021]
        dvar2: [3.31231396478e-012, 1.3332576998e-007, 6.46756518563e-007, 5.22155971794e-007, 4.91918513035e-007, 7.07342849182e-007, 1.65785661466e-006, 3.19202626997e-007, 3.92256197301e-007, 1.06993063298e-007, 5.14018196895e-008, 3.13460759571e-008, 2.71615547831e-008, 3.3094583074e-008, 7.35666461082e-008, 6.16586035562e-008, 2.09361132875e-007, 1.13156495729e-007, 1.29996649889e-007, 1.16348729762e-007, 3.65938817026e-008, 1.05321467103e-008, 4.09768746712e-010, 1.19723647662e-010, 5.59574817038e-011, 6.63710555157e-014, 6.59412306004e-019, 1.67218987536e-020]
        max: [1.39072117236e-005, 0.00234067044221, 0.00450047850609, 0.004847782664, 0.00541010126472, 0.00714573310688, 0.0131671857089, 0.00577734038234, 0.00679555628449, 0.00393902976066, 0.00597579358146, 0.00233721151017, 0.00177812308539, 0.00170073506888, 0.00410677539185, 0.0035988278687, 0.003298956668, 0.00430966028944, 0.00526211829856, 0.00285243988037, 0.00233698845841, 0.00183541537262, 0.00033529830398, 0.000169878170709, 0.000141575626913, 7.77931927587e-006, 1.26597807792e-008, 8.41851421907e-010]
        mean: [5.71712348574e-007, 0.000123004370835, 0.000314689707011, 0.000258519197814, 0.000293076154776, 0.000341420643963, 0.000443725468358, 0.000162786469446, 0.000286571885226, 0.000112940258987, 7.42851843825e-005, 5.31733676326e-005, 8.2002596173e-005, 6.57340569887e-005, 0.000106802173832, 0.00012180142221, 0.000187129815458, 0.00020319352916, 0.000194487380213, 0.00019963318482, 0.000123505393276, 4.51135711046e-005, 8.72051714396e-006, 4.18197760155e-006, 2.14425313061e-006, 6.38197619196e-008, 3.86106091543e-010, 3.55175021338e-011]
        median: [1.7043989331e-008, 1.18645793918e-005, 2.88197734335e-005, 9.57856536843e-005, 0.000119871881907, 0.000125392718473, 0.00012942039757, 2.83516346826e-005, 0.000126068858663, 1.74899214471e-005, 3.94314629375e-005, 1.12646393973e-005, 4.39326977357e-005, 1.35228519866e-005, 2.3205877369e-005, 4.60034934804e-005, 5.62625500606e-005, 7.14414200047e-005, 6.4956038841e-005, 4.48174105259e-005, 1.71847677848e-005, 6.2551166593e-006, 1.1001685607e-006, 7.80277787271e-007, 2.77014862604e-007, 6.80620892979e-009, 1.25828403252e-010, 1.10502848191e-011]
        min: [1.13291798205e-017, 6.2270400035e-016, 1.11409375344e-015, 4.62338365292e-015, 1.06694989012e-014, 9.03936959464e-015, 7.1586006979e-015, 5.2677499915e-015, 4.60890616579e-015, 2.29132026056e-015, 1.06428016932e-015, 8.75296054424e-016, 1.11341231543e-015, 1.22966546986e-015, 9.78784263518e-016, 1.06838552626e-015, 1.92104128998e-015, 2.10792894539e-015, 2.1076155432e-015, 2.05202858252e-015, 1.23688579046e-015, 3.52450806399e-016, 9.23706568163e-017, 6.40108224545e-017, 3.60505758855e-017, 1.33279054335e-017, 1.19110790475e-017, 8.56273136308e-020]
        var: [2.87842883209e-012, 6.06498034017e-008, 3.08014080019e-007, 2.02407562711e-007, 2.35133782667e-007, 3.48311601783e-007, 7.91333945926e-007, 1.61758691775e-007, 2.43953707013e-007, 9.11455302344e-008, 2.31386536598e-008, 1.62444244722e-008, 1.4995002573e-008, 2.1655177207e-008, 5.09925257575e-008, 4.80852264673e-008, 1.22866438801e-007, 1.02268572277e-007, 1.1079364981e-007, 1.08792114872e-007, 4.48149108934e-008, 1.05629158753e-008, 4.31846586268e-010, 9.9137621723e-011, 4.83982021127e-011, 5.44264137339e-014, 4.71039757577e-019, 4.22533065739e-021]
    mfcc:
        mean: [-764.366394043, 113.44720459, -48.3611183167, 35.216293335, -18.9531993866, -22.7372951508, -9.28371620178, -9.9168214798, -5.12808084488, -5.77031326294, -4.3373670578, -2.32105445862, -4.04272842407]
        cov: [[8558.85253906, -357.093841553, 753.459289551, 1884.47058105, 175.712234497, 1323.60742188, 342.16418457, 275.812744141, 409.495574951, 158.727340698, 14.4931287766, -201.87890625, -317.364929199], [-357.093841553, 1808.70300293, -231.108108521, -128.84072876, 195.560684204, -175.153503418, 60.6888160706, 70.1460494995, 11.0132846832, 22.8298130035, 35.5567131042, 45.7994537354, 14.6422739029], [753.459289551, -231.108108521, 1261.98291016, 741.849853516, 324.942321777, 752.43170166, 309.044616699, 271.109313965, 192.48008728, 54.9223136902, 69.686920166, 9.86180973053, 3.02856445313], [1884.47058105, -128.84072876, 741.849853516, 1012.84918213, 309.541687012, 673.334838867, 266.943206787, 199.36618042, 212.697296143, 65.4852294922, 36.2983131409, -21.3045482635, -51.2280540466], [175.712234497, 195.560684204, 324.942321777, 309.541687012, 458.431213379, 233.385345459, 60.7498664856, 89.7192764282, 98.446434021, 50.0238342285, 11.2804269791, -7.92634439468, 26.8414459229], [1323.60742188, -175.153503418, 752.43170166, 673.334838867, 233.385345459, 790.631103516, 303.764984131, 199.273788452, 213.279983521, 93.1887283325, 70.0208511353, -15.4813423157, -58.808506012], [342.16418457, 60.6888160706, 309.044616699, 266.943206787, 60.7498664856, 303.764984131, 308.270294189, 166.579391479, 105.484718323, 70.1659469604, 75.0647277832, 37.1199569702, -17.3593139648], [275.812744141, 70.1460494995, 271.109313965, 199.36618042, 89.7192764282, 199.273788452, 166.579391479, 209.350860596, 104.421150208, 38.2864265442, 53.5156211853, 30.7846813202, 5.01217269897], [409.495574951, 11.0132846832, 192.48008728, 212.697296143, 98.446434021, 213.279983521, 105.484718323, 104.421150208, 176.349304199, 81.5969848633, 45.3244476318, 5.8209695816, -12.1137771606], [158.727340698, 22.8298130035, 54.9223136902, 65.4852294922, 50.0238342285, 93.1887283325, 70.1659469604, 38.2864265442, 81.5969848633, 142.430847168, 68.2449569702, 14.8704128265, -10.5571537018], [14.4931287766, 35.5567131042, 69.686920166, 36.2983131409, 11.2804269791, 70.0208511353, 75.0647277832, 53.5156211853, 45.3244476318, 68.2449569702, 119.683120728, 43.7564468384, 5.97934007645], [-201.87890625, 45.7994537354, 9.86180973053, -21.3045482635, -7.92634439468, -15.4813423157, 37.1199569702, 30.7846813202, 5.8209695816, 14.8704128265, 43.7564468384, 100.911582947, 51.0087051392], [-317.364929199, 14.6422739029, 3.02856445313, -51.2280540466, 26.8414459229, -58.808506012, -17.3593139648, 5.01217269897, -12.1137771606, -10.5571537018, 5.97934007645, 51.0087051392, 112.362915039]]
        icov: [[0.000292386626825, -3.13235650538e-005, 0.000314985605655, -0.000648321525659, 0.000322612235323, -0.000408697815146, 0.000416066410253, -0.000309852301143, 9.51562469709e-005, -0.000204257492442, 5.726308882e-005, 0.000237814747379, 0.000193038649741], [-3.13235650538e-005, 0.00070974935079, 0.000185754528502, 0.000157748057973, -0.000623969710432, 0.000333733274601, -0.00047233371879, -0.000215349937207, -4.20877477154e-005, 0.000201328686671, -0.000133055378683, -0.00023666486959, 0.000275206140941], [0.000314985605655, 0.000185754528502, 0.00270966929384, -0.00107931892853, -0.000200404101633, -0.0021486224141, 0.000525778916199, -0.00172552536242, 0.000900686427485, 0.000250478333328, -0.000215070758713, 0.000377483782358, -0.000657410535496], [-0.000648321525659, 0.000157748057973, -0.00107931892853, 0.00409589335322, -0.00147214229219, -0.000452087813755, -0.00130567874294, 0.000759895308875, -0.00109810265712, 0.00101611064747, 0.000375970703317, -0.000680454599205, 0.000190175196622], [0.000322612235323, -0.000623969710432, -0.000200404101633, -0.00147214229219, 0.00410212064162, -0.00081157067325, 0.00169107527472, -0.000836807652377, -0.00016909497208, -0.00147921952885, 0.000667652639095, 0.00116531620733, -0.00150110025425], [-0.000408697815146, 0.000333733274601, -0.0021486224141, -0.000452087813755, -0.00081157067325, 0.00614994904026, -0.00299970339984, 0.00167850032449, -0.00232659443282, 0.000387854786823, -0.000576960272156, 0.000342793675372, 0.00118897948414], [0.000416066410253, -0.00047233371879, 0.000525778916199, -0.00130567874294, 0.00169107527472, -0.00299970339984, 0.00913911871612, -0.00497389445081, 0.00147605466191, -0.00212554889731, -0.000602269778028, -0.00143237831071, 0.000928837165702], [-0.000309852301143, -0.000215349937207, -0.00172552536242, 0.000759895308875, -0.000836807652377, 0.00167850032449, -0.00497389445081, 0.0119593841955, -0.00481547694653, 0.00272485497408, -0.00157413049601, -0.00107466056943, -0.000369174173102], [9.51562469709e-005, -4.20877477154e-005, 0.000900686427485, -0.00109810265712, -0.00016909497208, -0.00232659443282, 0.00147605466191, -0.00481547694653, 0.0130993360654, -0.00560967298225, 0.000495784159284, 0.000474194966955, -0.000341604638379], [-0.000204257492442, 0.000201328686671, 0.000250478333328, 0.00101611064747, -0.00147921952885, 0.000387854786823, -0.00212554889731, 0.00272485497408, -0.00560967298225, 0.013408488594, -0.00606988789514, 0.000116283408715, 0.000885028159246], [5.726308882e-005, -0.000133055378683, -0.000215070758713, 0.000375970703317, 0.000667652639095, -0.000576960272156, -0.000602269778028, -0.00157413049601, 0.000495784159284, -0.00606988789514, 0.0148367974907, -0.00506335077807, 0.000864189059939], [0.000237814747379, -0.00023666486959, 0.000377483782358, -0.000680454599205, 0.00116531620733, 0.000342793675372, -0.00143237831071, -0.00107466056943, 0.000474194966955, 0.000116283408715, -0.00506335077807, 0.0171818137169, -0.00735861295834], [0.000193038649741, 0.000275206140941, -0.000657410535496, 0.000190175196622, -0.00150110025425, 0.00118897948414, 0.000928837165702, -0.000369174173102, -0.000341604638379, 0.000885028159246, 0.000864189059939, -0.00735861295834, 0.013995247893]]
    sccoeffs:
        dmean: [0.058633826673, 0.0626274421811, 0.0444930046797, 0.0362204909325, 0.0264127459377, 0.0233904663473]
        dmean2: [0.0946247279644, 0.0997474938631, 0.0696066841483, 0.0562840811908, 0.0412447974086, 0.0352988243103]
        dvar: [0.00266661122441, 0.00291685434058, 0.00146308052354, 0.000958758580964, 0.00054677441949, 0.000479883194203]
        dvar2: [0.00631347903982, 0.0068137794733, 0.00320093217306, 0.00217561493628, 0.00122078496497, 0.00106188317295]
        max: [-0.235800117254, -0.332686603069, -0.448126286268, -0.453690797091, -0.568714082241, -0.57428497076]
        mean: [-0.629797875881, -0.678949475288, -0.730238974094, -0.76224476099, -0.785808146, -0.764553725719]
        median: [-0.629859924316, -0.685596466064, -0.735671877861, -0.771249115467, -0.795009732246, -0.759826540947]
        min: [-0.99889934063, -0.991897046566, -0.996212482452, -0.994631290436, -0.984015524387, -0.9326197505]
        var: [0.00957961380482, 0.00834535527974, 0.00574329681695, 0.00357737275772, 0.00233286852017, 0.00229415623471]
    scvalleys:
        dmean: [0.467764765024, 0.535567998886, 0.457873642445, 0.451523095369, 0.411999732256, 0.445399969816]
        dmean2: [0.752238333225, 0.845740258694, 0.700324177742, 0.65514677763, 0.547659099102, 0.587299227715]
        dvar: [0.195263847709, 0.261750310659, 0.193899407983, 0.181005746126, 0.169612929225, 0.245126783848]
        dvar2: [0.455729484558, 0.626660704613, 0.428336411715, 0.361224800348, 0.331387758255, 0.452492922544]
        max: [-5.13185787201, -4.44269418716, -5.15615558624, -5.58707857132, -5.46950531006, -7.46857500076]
        mean: [-8.22009849548, -7.12107658386, -7.70809221268, -7.89849996567, -7.81544494629, -10.7146730423]
        median: [-7.5191116333, -6.97547626495, -7.60804319382, -7.74804496765, -7.65349340439, -10.0973510742]
        min: [-18.2835159302, -17.2985057831, -18.3750762939, -18.6269626617, -18.7040576935, -21.2605400085]
        var: [5.07662010193, 1.70758318901, 1.65687870979, 1.75957763195, 2.1318731308, 4.17963171005]

rhythm:
    beats_loudness:
        dmean: 0.00587569223717
        dmean2: 0.0115916179493
        dvar: 1.23544259623e-005
        dvar2: 4.4239754061e-005
        max: 0.0170574244112
        mean: 0.00679992418736
        median: 0.00580738577992
        min: 9.57145140923e-010
        var: 2.20615092985e-005
    bpm: 103.158340454
    bpm_confidence: 0
    first_peak_bpm: 103
    first_peak_spread: 0.240113019943
    first_peak_weight: 0.674185454845
    onset_rate: 4.76017713547
    second_peak_bpm: 108
    second_peak_spread: 0.357142865658
    second_peak_weight: 0.0225563906133
    beats_loudness_band_ratio:
        dmean: [0.193501368165, 0.109580144286, 0.140272215009, 0.075069822371, 0.212546810508, 0.166729524732]
        dmean2: [0.371622860432, 0.194088369608, 0.246924862266, 0.132041141391, 0.413572430611, 0.274775564671]
        dvar: [0.0659326910973, 0.0123239308596, 0.0178593434393, 0.00825008563697, 0.0134610328823, 0.0154110267758]
        dvar2: [0.188914135098, 0.0367346592247, 0.0485119409859, 0.0235300157219, 0.0405915267766, 0.0471886768937]
        max: [0.793955504894, 0.980575740337, 0.903465092182, 0.578636705875, 0.759741008282, 0.799684464931]
        mean: [0.144196599722, 0.122414037585, 0.202438011765, 0.0973871201277, 0.242776200175, 0.225971743464]
        median: [0.0598847344518, 0.0783483237028, 0.1407789886, 0.0592689402401, 0.238738656044, 0.239191949368]
        min: [1.74717342816e-006, 0.00196865503676, 0.0018193150172, 0.000218782879529, 0.0129397939891, 4.41383308498e-005]
        var: [0.0491050444543, 0.0157987754792, 0.0334956534207, 0.0111090242863, 0.0216128882021, 0.0293867662549]
    beats_position: [0.545668900013, 1.10294783115, 1.67183673382, 2.2523355484, 2.83283448219, 3.42494320869, 4.00544214249, 4.58594083786, 5.17804956436, 5.75854873657, 6.35065746307, 6.91954612732, 7.50004529953, 8.08054447174, 8.64943313599, 9.21832180023, 9.78721046448, 10.3560991287, 11.017868042, 11.6796369553, 12.3762359619, 13.0612239838, 13.7462129593, 14.4428119659, 15.0465307236, 15.6502494812, 16.2539672852, 16.8460769653, 17.426574707, 17.995464325, 18.575963974, 19.1564617157, 19.7369613647, 20.3290691376, 20.9095687866, 21.4900684357, 22.0705661774, 22.6510658264, 23.2431735992, 23.8236732483, 24.40417099, 24.984670639, 25.5651702881, 26.1456680298, 26.7261676788, 27.3182754517, 27.9103851318, 28.4908847809, 29.0713825226, 29.6518821716, 30.2323799133, 30.8128795624, 31.3933773041, 31.9738769531, 32.5543746948, 33.1348762512, 33.7153739929, 34.2958717346, 34.8879814148, 35.480091095, 36.0605888367, 36.6410865784, 37.2215881348, 37.8020858765, 38.3825836182, 38.9630813599, 39.5435829163, 40.124080658, 40.7045783997, 41.2966880798, 41.88879776, 42.4692955017, 43.0497932434, 43.6302947998, 44.2107925415, 44.7912902832, 45.3717918396, 45.9522895813, 46.532787323, 47.1132888794, 47.6937866211, 48.2858963013, 48.8780021667, 49.4585037231, 50.0390014648, 50.6194992065, 51.2000007629, 51.7921066284, 52.3609962463, 52.941493988, 53.5219955444, 54.1024932861, 54.6829910278, 55.2634925842, 55.8555984497, 56.4361000061, 57.0282058716, 57.608707428, 58.1892051697, 58.7697029114, 59.3502044678, 59.9307022095, 60.5111999512, 61.1033096313, 61.6954193115, 62.2759170532, 62.8564147949, 63.4369163513, 64.0174102783, 64.5979156494, 65.1784133911, 65.7589111328, 66.3394088745, 66.9199066162, 67.5004043579, 68.0925140381, 68.6846237183, 69.26512146, 69.8456192017, 70.4261245728, 71.0066223145, 71.5871200562, 72.1676177979, 72.7481155396, 73.3286132813, 73.9323348999, 74.5128326416, 75.0817184448, 75.673828125, 76.2543258667, 76.8348312378, 77.4153289795, 77.9958267212, 78.5763244629, 79.1568222046, 79.7373199463, 80.3178253174, 80.8983230591, 81.4904327393, 82.070930481, 82.6514282227, 83.2435379028, 83.8240356445, 84.4045333862, 84.9850311279, 85.5655288696, 86.1460266113, 86.7265319824, 87.3070297241, 87.8875274658, 88.479637146, 89.0601348877, 89.6522445679, 90.2327423096, 90.8132400513, 91.393737793, 91.9742355347, 92.5547409058, 93.1352386475, 93.7157363892, 94.3078460693, 94.8999557495, 95.4804534912, 96.0609512329, 96.6414489746, 97.2219467163, 97.802444458, 98.3829498291, 98.9634475708, 99.5439453125, 100.124443054, 100.704940796, 101.285438538, 101.877548218, 102.469657898, 103.05015564, 103.630653381, 104.211151123, 104.791656494, 105.372154236, 105.952651978, 106.533149719, 107.113647461, 107.694145203, 108.286254883, 108.878364563, 109.458862305, 110.039360046, 110.619865417, 111.200363159, 111.780860901, 112.361358643, 112.941856384, 113.522354126, 114.102851868, 114.683357239, 115.26385498, 115.844352722, 116.424850464, 117.005348206, 117.597457886, 118.189567566, 118.770065308, 119.350563049, 119.931060791, 120.511566162, 121.092063904, 121.672561646, 122.253059387, 122.833557129, 123.414054871, 123.994552612, 124.563446045, 125.051063538, 125.550292969, 126.0495224, 126.56036377, 127.07119751, 127.570426941, 128.116104126, 128.673370361, 129.242263794, 129.822769165, 130.414871216, 131.006988525, 131.587478638, 132.167984009, 132.748474121, 133.328979492, 133.909469604, 134.489974976, 135.070480347, 135.662582397, 136.254684448, 136.835189819, 137.41569519, 137.996185303, 138.576690674, 139.157180786, 139.737686157, 140.31817627, 140.898681641, 141.490783691, 142.082901001, 142.663391113, 143.243896484, 143.824401855, 144.404891968, 144.985397339, 145.565887451, 146.146392822, 146.726898193, 147.307388306, 147.887893677, 148.468383789, 149.060501099, 149.652603149, 150.233108521, 150.813598633, 151.394104004, 151.974594116, 152.555099487, 153.135604858, 153.716094971, 154.296600342, 154.888702393, 155.480819702, 156.061309814, 156.641815186, 157.222305298, 157.802810669, 158.383300781, 158.963806152, 159.544311523, 160.124801636, 160.705307007, 161.285797119, 161.889526367, 162.470016479, 163.050521851, 163.631011963, 164.211517334, 164.792022705, 165.372512817, 165.953018188, 166.533508301, 167.12562561, 167.706115723, 168.286621094, 168.855514526, 169.447616577, 170.039718628, 170.620223999, 171.20072937, 171.781219482, 172.361724854, 172.942214966, 173.522720337, 174.103210449, 174.68371582, 175.275817871, 175.867935181, 176.448425293, 177.028930664, 177.609436035, 178.189926147, 178.770431519, 179.350921631, 179.931427002, 180.511917114, 181.092422485, 181.684524536, 182.276641846, 182.857131958, 183.437637329, 184.0181427, 184.598632813, 185.179138184, 185.748016357, 186.340133667, 186.920639038, 187.50112915, 188.081634521, 188.662124634, 189.242630005, 189.834732056, 190.426849365, 191.007339478, 191.587844849, 192.156738281, 192.737228394, 193.329345703, 193.909835815, 194.490341187, 195.070831299, 195.662948608, 196.243438721, 196.83555603, 197.416046143, 197.996551514, 198.577041626, 199.157546997, 199.738052368, 200.31854248, 200.899047852, 201.479537964, 202.060043335, 202.652145386, 203.244262695, 203.824752808, 204.405258179, 204.985748291, 205.566253662, 206.158370972, 206.738861084, 207.307754517, 207.888244629, 208.480361938, 209.072463989, 209.65296936, 210.233459473, 210.813964844, 211.394470215, 211.974960327, 212.555465698, 213.135955811, 213.72807312, 214.343399048, 214.958724976, 215.481170654, 216.003631592, 216.526077271, 217.094955444, 217.663848877, 218.244354248, 218.790023804, 219.335693359, 219.881362915, 220.427032471, 220.984298706, 221.5415802, 222.098861694, 222.656143188, 223.213424683, 223.770706177, 224.327972412, 224.815597534, 225.291610718, 225.756011963, 226.243621826, 226.731246948, 227.207244873, 227.66003418, 228.101226807, 228.554016113, 228.995193481, 229.43637085, 229.877548218, 230.318725586, 230.759902954]
