
metadata:
    version:
        essentia: "2.1-beta2"
    audio_properties:
        analysis_sample_rate: 44100
        bitrate: 320
        channels: 2
        equal_loudness: 1
        length: 32.0639915466
        replay_gain: -12.2268180847
        downmix: "mix"
    tags:
        album: "The Rising Tied"
        artist: "Fort Minor"
        comment: ""
        date: "2005"
        genre: "Alternative Hip-Hop"
        title: "The Battle (feat Celph Titled)"
        tracknumber: "15"

configuration:
    average_loudness:
        compute: 1
        frameSize: 88200
        hopSize: 44100
        silentFrames: "noise"
        windowType: "hann"
    general:
        analysisSampleRate: 44100
        endTime: 2000
        equalLoudness: 1
        nequalLoudness: 0
        shortSound: 0
        startTime: 0
    lowlevel:
        compute: 1
        frameSize: 2048
        hopSize: 1024
        zeroPadding: 0
        silentFrames: "noise"
        windowType: "blackmanharris62"
        mfccStats: ["mean", "cov", "icov"]
        stats: ["mean", "var", "median", "min", "max", "dmean", "dmean2", "dvar", "dvar2"]
    panning:
        compute: 0
        frameSize: 8192
        hopSize: 2048
        zeroPadding: 8192
        silentFrames: "noise"
        windowType: "hann"
        stats: ["copy"]
    rhythm:
        compute: 1
        maxTempo: 208
        minTempo: 40
        method: "degara"
        stats: ["mean", "var", "median", "min", "max", "dmean", "dmean2", "dvar", "dvar2"]
    segmentation:
        compute: 0
        cpw: 5
        inc1: 300
        inc2: 50
        minimumSegmentsLength: 10
        size1: 1000
        size2: 600
    sfx:
        compute: 1
        stats: ["mean", "var", "median", "min", "max", "dmean", "dmean2", "dvar", "dvar2"]
    svm:
        compute: 0
    tonal:
        compute: 1
        frameSize: 4096
        hopSize: 2048
        zeroPadding: 0
        silentFrames: "noise"
        windowType: "blackmanharris62"
        stats: ["mean", "var", "median", "min", "max", "dmean", "dmean2", "dvar", "dvar2"]

lowlevel:
    average_loudness: 0.945378363132
    barkbands_kurtosis:
        dmean: 1.54826855659
        dmean2: 2.5174434185
        dvar: 7.73944187164
        dvar2: 21.3796577454
        max: 48.282409668
        mean: 0.47998085618
        median: -0.523535549641
        min: -1.91426420212
        var: 10.4585094452
    barkbands_skewness:
        dmean: 0.582897663116
        dmean2: 0.845819175243
        dvar: 0.321839123964
        dvar2: 0.689785838127
        max: 4.72129821777
        mean: -0.214979335666
        median: -0.239831507206
        min: -5.96076822281
        var: 1.20277070999
    barkbands_spread:
        dmean: 5.91015911102
        dmean2: 8.78584861755
        dvar: 37.3735923767
        dvar2: 84.2507553101
        max: 67.6037902832
        mean: 21.3224143982
        median: 19.6097545624
        min: 1.06004166603
        var: 104.53843689
    dissonance:
        dmean: 0.0158225465566
        dmean2: 0.0263436269015
        dvar: 0.000310949137202
        dvar2: 0.000800115114544
        max: 0.499989241362
        mean: 0.475029498339
        median: 0.483447253704
        min: 0.307779282331
        var: 0.000729882624
    hfc:
        dmean: 3.3359644413
        dmean2: 4.77258729935
        dvar: 21.0685939789
        dvar2: 40.794960022
        max: 54.5030517578
        mean: 7.25976228714
        median: 5.10349321365
        min: 1.17908336217e-016
        var: 51.0980873108
    pitch:
        dmean: 573.719421387
        dmean2: 1069.03015137
        dvar: 967806.6875
        dvar2: 2194080.75
        max: 4748.68408203
        mean: 808.638916016
        median: 278.375488281
        min: 94.532875061
        var: 1232856.375
    pitch_instantaneous_confidence:
        dmean: 0.120857961476
        dmean2: 0.183795779943
        dvar: 0.0108728678897
        dvar2: 0.0241702888161
        max: 0.955647349358
        mean: 0.459404170513
        median: 0.418081074953
        min: 0.149980843067
        var: 0.0366147346795
    pitch_salience:
        dmean: 0.0706348121166
        dmean2: 0.115681260824
        dvar: 0.00356794032268
        dvar2: 0.00914068613201
        max: 0.937824368477
        mean: 0.655844092369
        median: 0.670231342316
        min: 0.242759183049
        var: 0.00837668403983
    silence_rate_20dB:
        dmean: 0
        dmean2: 0
        dvar: 0
        dvar2: 0
        max: 1
        mean: 1
        median: 1
        min: 1
        var: 0
    silence_rate_30dB:
        dmean: 0
        dmean2: 0
        dvar: 0
        dvar2: 0
        max: 1
        mean: 1
        median: 1
        min: 1
        var: 0
    silence_rate_60dB:
        dmean: 0.192614048719
        dmean2: 0.385507255793
        dvar: 0.155512243509
        dvar2: 0.273123413324
        max: 1
        mean: 0.469609260559
        median: 0
        min: 0
        var: 0.249074220657
    spectral_centroid:
        dmean: 363.060455322
        dmean2: 504.594604492
        dvar: 193228.25
        dvar2: 296358.625
        max: 11432.3642578
        mean: 1882.08251953
        median: 1830.49511719
        min: 249.519760132
        var: 609234.6875
    spectral_complexity:
        dmean: 4.01448202133
        dmean2: 5.75
        dvar: 17.446598053
        dvar2: 33.477355957
        max: 42
        mean: 10.3017368317
        median: 9
        min: 0
        var: 59.0181350708
    spectral_crest:
        dmean: 2.96017456055
        dmean2: 4.86847066879
        dvar: 7.23005437851
        dvar2: 18.4946403503
        max: 25.1566963196
        mean: 8.13474559784
        median: 7.26246643066
        min: 2.65542340279
        var: 13.9618358612
    spectral_decrease:
        dmean: 3.77589376432e-010
        dmean2: 5.44716105555e-010
        dvar: 1.63185725955e-019
        dvar2: 3.42292429805e-019
        max: 6.71823105466e-029
        mean: -8.58367155132e-010
        median: -7.38953731538e-010
        min: -4.70399319497e-009
        var: 4.39058525253e-019
    spectral_energy:
        dmean: 0.00170379318297
        dmean2: 0.00245506479405
        dvar: 3.33485672854e-006
        dvar2: 6.77938442095e-006
        max: 0.0220271162689
        mean: 0.00389816029929
        median: 0.00330944778398
        min: 1.04410783962e-020
        var: 9.16553472052e-006
    spectral_energyband_high:
        dmean: 0.00019530399004
        dmean2: 0.000278844760032
        dvar: 1.77698950665e-007
        dvar2: 3.27768532316e-007
        max: 0.0060154190287
        mean: 0.000302375148749
        median: 0.00011331839778
        min: 7.43874477581e-021
        var: 3.53468976755e-007
    spectral_energyband_low:
        dmean: 0.000169169652509
        dmean2: 0.000239451343077
        dvar: 1.06309222758e-007
        dvar2: 2.17172598127e-007
        max: 0.00199467339553
        mean: 0.000168988888618
        median: 9.15521741263e-006
        min: 1.03932872336e-022
        var: 1.37301384484e-007
    spectral_energyband_middle_high:
        dmean: 0.00109888252337
        dmean2: 0.0015400549164
        dvar: 1.98931502382e-006
        dvar2: 3.96654468204e-006
        max: 0.0183156579733
        mean: 0.00239672698081
        median: 0.00159660237841
        min: 1.58040307924e-021
        var: 5.50440063307e-006
    spectral_energyband_middle_low:
        dmean: 0.000746870879084
        dmean2: 0.00118882174138
        dvar: 1.42567478179e-006
        dvar2: 3.64371294381e-006
        max: 0.00897302478552
        mean: 0.00109194533434
        median: 0.000597381847911
        min: 2.84115462049e-022
        var: 1.8652374365e-006
    spectral_flatness_db:
        dmean: 0.0247049983591
        dmean2: 0.0367050021887
        dvar: 0.000452135805972
        dvar2: 0.000992735382169
        max: 0.403765410185
        mean: 0.193774700165
        median: 0.186980843544
        min: 0.0720966234803
        var: 0.00224063289352
    spectral_flux:
        dmean: 0.012410110794
        dmean2: 0.0187047123909
        dvar: 0.000123563484522
        dvar2: 0.000250084296567
        max: 0.112682074308
        mean: 0.044585429132
        median: 0.0426841452718
        min: 1.02181596517e-010
        var: 0.000395503826439
    spectral_kurtosis:
        dmean: 2.05668735504
        dmean2: 3.41501927376
        dvar: 4.96257543564
        dvar2: 13.3651237488
        max: 26.3331489563
        mean: 4.09630727768
        median: 3.54272699356
        min: -1.17697739601
        var: 9.32285499573
    spectral_rms:
        dmean: 0.000433453940786
        dmean2: 0.000603217107709
        dvar: 1.62670090731e-007
        dvar2: 3.02310411371e-007
        max: 0.00463571678847
        mean: 0.00179554137867
        median: 0.00179686606862
        min: 3.19161689265e-012
        var: 5.79114271204e-007
    spectral_rolloff:
        dmean: 494.967407227
        dmean2: 747.670776367
        dvar: 503424.28125
        dvar2: 824862.4375
        max: 18949.21875
        mean: 3097.59008789
        median: 3100.78125
        min: 258.3984375
        var: 1138516.875
    spectral_skewness:
        dmean: 0.261243343353
        dmean2: 0.405248612165
        dvar: 0.0598729141057
        dvar2: 0.144359633327
        max: 3.26472401619
        mean: 1.2837035656
        median: 1.27683639526
        min: -0.0705238357186
        var: 0.170098721981
    spectral_spread:
        dmean: 539494.625
        dmean2: 737089.8125
        dvar: 1.26380330189e+012
        dvar2: 1.451360256e+012
        max: 39694004
        mean: 3451123.75
        median: 3219361.5
        min: 1429653.875
        var: 2.04310131507e+012
    spectral_strongpeak:
        dmean: 0.634911417961
        dmean2: 1.02309715748
        dvar: 0.658561229706
        dvar2: 1.57061588764
        max: 9.93530654907
        mean: 0.93314820528
        median: 0.551746964455
        min: 2.69042144119e-009
        var: 1.18317830563
    zerocrossingrate:
        dmean: 0.01214833837
        dmean2: 0.0128410896286
        dvar: 0.000228608798352
        dvar2: 0.000223684735829
        max: 0.51318359375
        mean: 0.0985688641667
        median: 0.095703125
        min: 0.0146484375
        var: 0.00104665441904
    barkbands:
        dmean: [4.4379675046e-007, 1.74693141162e-005, 0.000142079385114, 3.54029834853e-005, 0.000433280074503, 6.85955455992e-005, 0.000140660180477, 0.000114345530164, 0.000154117908096, 0.000129312160425, 6.69926012051e-005, 0.000113563219202, 0.00014708780509, 0.000165536053828, 0.000210231126403, 0.000183380019735, 0.000223518582061, 0.000213538325625, 0.000271107419394, 0.000147013764945, 7.34773202566e-005, 3.14817771141e-005, 7.0801934271e-006, 2.31115677707e-006, 2.19510127408e-007, 6.21572071591e-010, 1.61294977374e-010]
        dmean2: [7.35090736725e-007, 2.77978087979e-005, 0.00021145309438, 5.76364727749e-005, 0.000732322281692, 0.000111431370897, 0.000224957198952, 0.000169325314346, 0.000247568939812, 0.000191208368051, 0.000104675993498, 0.000179807102541, 0.000231534373597, 0.000263169960817, 0.000329262460582, 0.000296390295262, 0.000357043376425, 0.000326869310811, 0.000415383983636, 0.000218091037823, 0.000107978252345, 4.47654856544e-005, 1.01708465081e-005, 3.37214964929e-006, 3.00448590451e-007, 9.4137453388e-010, 2.98116614728e-010]
        dvar: [5.46675064158e-013, 1.21732435243e-009, 8.54071089407e-008, 3.72277320082e-009, 9.86384179669e-007, 2.11937809524e-008, 6.34540455735e-008, 1.41430305689e-007, 1.59645210829e-007, 1.25229334458e-007, 4.43085284019e-008, 7.82809124189e-008, 1.0315472565e-007, 1.01750480042e-007, 1.9464252432e-007, 1.65439729471e-007, 2.13175127328e-007, 1.3498110718e-007, 3.14241248134e-007, 9.91611770473e-008, 2.8817186859e-008, 5.82576475949e-009, 1.54017687493e-010, 1.7406258726e-011, 1.48639401568e-013, 1.26591710605e-018, 7.00273658246e-020]
        dvar2: [1.39234533191e-012, 2.80230572081e-009, 1.83990181313e-007, 8.72940209007e-009, 2.61819877778e-006, 5.71099576518e-008, 1.35232724574e-007, 3.04585967115e-007, 3.72466843146e-007, 2.33990007814e-007, 9.0845617251e-008, 1.54021648768e-007, 2.42588896526e-007, 2.47551582788e-007, 4.27733851893e-007, 4.22256505317e-007, 5.41978124602e-007, 2.99199058418e-007, 7.0911602279e-007, 1.99318250793e-007, 5.52174732604e-008, 1.05523652039e-008, 3.14091974651e-010, 3.85969763095e-011, 3.1147634927e-013, 2.80573459923e-018, 2.18763629421e-019]
        max: [5.38121958016e-006, 0.000212792248931, 0.00171335379127, 0.000486493692733, 0.00643038470298, 0.00124848983251, 0.00183391617611, 0.00477961963043, 0.00645126309246, 0.00797719787806, 0.0052806227468, 0.0055405725725, 0.00416551809758, 0.00480214273557, 0.00581504683942, 0.00516411568969, 0.00639957375824, 0.00498239137232, 0.0085700172931, 0.00513729220256, 0.00336078926921, 0.00178079411853, 0.000104120925243, 4.44783800049e-005, 5.01219801663e-006, 1.96822842469e-008, 2.56500487517e-009]
        mean: [6.0353175968e-007, 1.76324720087e-005, 0.000127474151668, 4.14483401983e-005, 0.000368191307643, 6.72849055263e-005, 0.000173117077793, 0.000135834576213, 0.000226807809668, 0.000195373519091, 8.03146176622e-005, 0.000142333723488, 0.000186053133802, 0.000215505016968, 0.000263582071057, 0.000229276731261, 0.000326138688251, 0.000324015709339, 0.000387087842682, 0.000214282859815, 0.000117701179988, 4.59032307845e-005, 9.11785718927e-006, 2.78386914943e-006, 2.94457095151e-007, 9.14510356331e-010, 1.27702293184e-010]
        median: [1.10117966301e-007, 1.19959486256e-006, 2.03346826311e-006, 7.44664612284e-006, 6.59724610159e-005, 1.65587407537e-005, 3.61661004717e-005, 1.24037860587e-005, 6.32198498351e-005, 5.12021506438e-005, 2.35676088778e-005, 4.27345585194e-005, 6.16732431808e-005, 7.32204207452e-005, 8.85500048753e-005, 9.91081324173e-005, 0.000156116686412, 0.000177306734258, 0.000162328491569, 9.20237798709e-005, 4.88054138259e-005, 1.36723310789e-005, 2.15170848605e-006, 5.71458599552e-007, 8.59928519503e-008, 4.67045180308e-010, 4.58114102209e-011]
        min: [2.27115074097e-023, 6.17292114924e-023, 3.34048356798e-024, 5.0475353373e-023, 5.51012084777e-023, 2.40728194303e-023, 3.68343989989e-023, 4.57466497389e-023, 3.59587065961e-023, 8.66190415405e-023, 1.36009061147e-022, 9.04579416279e-023, 8.12931386468e-023, 1.35332332087e-022, 1.17328418393e-022, 1.05016054089e-022, 1.29010855176e-022, 1.64539761952e-022, 4.54200714216e-022, 1.94686087756e-022, 3.38835297299e-022, 3.2114189188e-022, 6.82086145697e-022, 8.65681063696e-022, 1.16604405641e-021, 1.9361640499e-021, 2.29136481573e-021]
        var: [9.91014345239e-013, 1.38659395077e-009, 9.49231448999e-008, 4.89213070054e-009, 7.65221670918e-007, 1.96563938459e-008, 1.06486787388e-007, 2.46171936169e-007, 2.75853210496e-007, 2.8232028626e-007, 7.94418610894e-008, 1.22182257201e-007, 1.35864809181e-007, 1.43785385376e-007, 2.86384818082e-007, 1.80638963343e-007, 2.63477829776e-007, 2.17361701971e-007, 4.93847210237e-007, 1.64642045775e-007, 5.95200226883e-008, 1.20337970699e-008, 2.58636390083e-010, 2.39491638326e-011, 2.41523787732e-013, 2.07814591205e-018, 5.47252805872e-020]
    frequency_bands:
        dmean: [4.4379675046e-007, 1.74693141162e-005, 0.000142079385114, 3.54029834853e-005, 0.000433280074503, 6.85955455992e-005, 0.000140660180477, 0.000114345530164, 0.000154117908096, 0.000129312160425, 6.69926012051e-005, 0.000113563219202, 0.00014708780509, 0.000165536053828, 0.000210231126403, 0.000183380019735, 0.000223518582061, 0.000213538325625, 0.000271107419394, 0.000147013764945, 7.34773202566e-005, 3.14817771141e-005, 7.0801934271e-006, 2.31115677707e-006, 2.19510127408e-007, 6.21572071591e-010, 1.61294977374e-010, 4.59176932588e-011]
        dmean2: [7.35090736725e-007, 2.77978087979e-005, 0.00021145309438, 5.76364727749e-005, 0.000732322281692, 0.000111431370897, 0.000224957198952, 0.000169325314346, 0.000247568939812, 0.000191208368051, 0.000104675993498, 0.000179807102541, 0.000231534373597, 0.000263169960817, 0.000329262460582, 0.000296390295262, 0.000357043376425, 0.000326869310811, 0.000415383983636, 0.000218091037823, 0.000107978252345, 4.47654856544e-005, 1.01708465081e-005, 3.37214964929e-006, 3.00448590451e-007, 9.4137453388e-010, 2.98116614728e-010, 8.48919545771e-011]
        dvar: [5.46675064158e-013, 1.21732435243e-009, 8.54071089407e-008, 3.72277320082e-009, 9.86384179669e-007, 2.11937809524e-008, 6.34540455735e-008, 1.41430305689e-007, 1.59645210829e-007, 1.25229334458e-007, 4.43085284019e-008, 7.82809124189e-008, 1.0315472565e-007, 1.01750480042e-007, 1.9464252432e-007, 1.65439729471e-007, 2.13175127328e-007, 1.3498110718e-007, 3.14241248134e-007, 9.91611770473e-008, 2.8817186859e-008, 5.82576475949e-009, 1.54017687493e-010, 1.7406258726e-011, 1.48639401568e-013, 1.26591710605e-018, 7.00273658246e-020, 5.68763451909e-021]
        dvar2: [1.39234533191e-012, 2.80230572081e-009, 1.83990181313e-007, 8.72940209007e-009, 2.61819877778e-006, 5.71099576518e-008, 1.35232724574e-007, 3.04585967115e-007, 3.72466843146e-007, 2.33990007814e-007, 9.0845617251e-008, 1.54021648768e-007, 2.42588896526e-007, 2.47551582788e-007, 4.27733851893e-007, 4.22256505317e-007, 5.41978124602e-007, 2.99199058418e-007, 7.0911602279e-007, 1.99318250793e-007, 5.52174732604e-008, 1.05523652039e-008, 3.14091974651e-010, 3.85969763095e-011, 3.1147634927e-013, 2.80573459923e-018, 2.18763629421e-019, 1.77841682968e-020]
        max: [5.38121958016e-006, 0.000212792248931, 0.00171335379127, 0.000486493692733, 0.00643038470298, 0.00124848983251, 0.00183391617611, 0.00477961963043, 0.00645126309246, 0.00797719787806, 0.0052806227468, 0.0055405725725, 0.00416551809758, 0.00480214273557, 0.00581504683942, 0.00516411568969, 0.00639957375824, 0.00498239137232, 0.0085700172931, 0.00513729220256, 0.00336078926921, 0.00178079411853, 0.000104120925243, 4.44783800049e-005, 5.01219801663e-006, 1.96822842469e-008, 2.56500487517e-009, 7.35385752293e-010]
        mean: [6.0353175968e-007, 1.76324720087e-005, 0.000127474151668, 4.14483401983e-005, 0.000368191307643, 6.72849055263e-005, 0.000173117077793, 0.000135834576213, 0.000226807809668, 0.000195373519091, 8.03146176622e-005, 0.000142333723488, 0.000186053133802, 0.000215505016968, 0.000263582071057, 0.000229276731261, 0.000326138688251, 0.000324015709339, 0.000387087842682, 0.000214282859815, 0.000117701179988, 4.59032307845e-005, 9.11785718927e-006, 2.78386914943e-006, 2.94457095151e-007, 9.14510356331e-010, 1.27702293184e-010, 3.60854332526e-011]
        median: [1.10117966301e-007, 1.19959486256e-006, 2.03346826311e-006, 7.44664612284e-006, 6.59724610159e-005, 1.65587407537e-005, 3.61661004717e-005, 1.24037860587e-005, 6.32198498351e-005, 5.12021506438e-005, 2.35676088778e-005, 4.27345585194e-005, 6.16732431808e-005, 7.32204207452e-005, 8.85500048753e-005, 9.91081324173e-005, 0.000156116686412, 0.000177306734258, 0.000162328491569, 9.20237798709e-005, 4.88054138259e-005, 1.36723310789e-005, 2.15170848605e-006, 5.71458599552e-007, 8.59928519503e-008, 4.67045180308e-010, 4.58114102209e-011, 1.28512868749e-011]
        min: [2.27115074097e-023, 6.17292114924e-023, 3.34048356798e-024, 5.0475353373e-023, 5.51012084777e-023, 2.40728194303e-023, 3.68343989989e-023, 4.57466497389e-023, 3.59587065961e-023, 8.66190415405e-023, 1.36009061147e-022, 9.04579416279e-023, 8.12931386468e-023, 1.35332332087e-022, 1.17328418393e-022, 1.05016054089e-022, 1.29010855176e-022, 1.64539761952e-022, 4.54200714216e-022, 1.94686087756e-022, 3.38835297299e-022, 3.2114189188e-022, 6.82086145697e-022, 8.65681063696e-022, 1.16604405641e-021, 1.9361640499e-021, 2.29136481573e-021, 8.09296921262e-022]
        var: [9.91014345239e-013, 1.38659395077e-009, 9.49231448999e-008, 4.89213070054e-009, 7.65221670918e-007, 1.96563938459e-008, 1.06486787388e-007, 2.46171936169e-007, 2.75853210496e-007, 2.8232028626e-007, 7.94418610894e-008, 1.22182257201e-007, 1.35864809181e-007, 1.43785385376e-007, 2.86384818082e-007, 1.80638963343e-007, 2.63477829776e-007, 2.17361701971e-007, 4.93847210237e-007, 1.64642045775e-007, 5.95200226883e-008, 1.20337970699e-008, 2.58636390083e-010, 2.39491638326e-011, 2.41523787732e-013, 2.07814591205e-018, 5.47252805872e-020, 4.42996213546e-021]
    mfcc:
        mean: [-743.247741699, 90.0087814331, -85.1013183594, 33.5960197449, -24.1556930542, -6.71062326431, -11.0458154678, -5.43757009506, -7.48501682281, -4.98246908188, -6.02885532379, -7.27098178864, -13.060336113]
        cov: [[2780.66040039, -117.4009552, 237.357254028, 383.931396484, 104.094589233, 297.177490234, -44.5437469482, 65.7807388306, -90.1050567627, 73.8477401733, -54.1188163757, 14.5264120102, -34.3721427917], [-117.4009552, 1560.4831543, 108.809318542, 172.847396851, 286.435119629, -67.3141708374, 157.542114258, -7.89870977402, 19.3894729614, -9.0615901947, 93.8946456909, -32.044670105, 58.1885986328], [237.357254028, 108.809318542, 1240.49377441, 476.548980713, 402.673522949, 307.479644775, 122.612121582, 128.946289063, -20.7338638306, 17.3162155151, -105.913604736, 13.3364772797, -11.2199735641], [383.931396484, 172.847396851, 476.548980713, 582.540283203, 337.018035889, 217.78503418, 54.6835746765, 70.9053039551, 40.9689865112, 40.3331489563, -0.105570293963, -2.13526177406, 32.4708023071], [104.094589233, 286.435119629, 402.673522949, 337.018035889, 402.632873535, 156.911880493, 43.0458755493, 31.7356987, 29.5808372498, 44.8618965149, -4.69612026215, 3.20669865608, 34.9019317627], [297.177490234, -67.3141708374, 307.479644775, 217.78503418, 156.911880493, 259.014251709, 89.7527999878, 83.3684310913, 46.490322113, 52.8561210632, -8.73720932007, 13.8341608047, 0.703228473663], [-44.5437469482, 157.542114258, 122.612121582, 54.6835746765, 43.0458755493, 89.7527999878, 216.747924805, 129.099990845, 55.1385765076, 25.9886436462, 37.5957450867, 28.416809082, 11.5048952103], [65.7807388306, -7.89870977402, 128.946289063, 70.9053039551, 31.7356987, 83.3684310913, 129.099990845, 170.745895386, 65.9499740601, 32.8601150513, 26.6359176636, 25.3240032196, 6.04696893692], [-90.1050567627, 19.3894729614, -20.7338638306, 40.9689865112, 29.5808372498, 46.490322113, 55.1385765076, 65.9499740601, 132.663131714, 78.2705078125, 38.2929191589, 17.6924114227, 18.4476222992], [73.8477401733, -9.0615901947, 17.3162155151, 40.3331489563, 44.8618965149, 52.8561210632, 25.9886436462, 32.8601150513, 78.2705078125, 132.889556885, 62.8117408752, 23.3675823212, 29.2880134583], [-54.1188163757, 93.8946456909, -105.913604736, -0.105570293963, -4.69612026215, -8.73720932007, 37.5957450867, 26.6359176636, 38.2929191589, 62.8117408752, 144.725585938, 71.8058166504, 44.9392547607], [14.5264120102, -32.044670105, 13.3364772797, -2.13526177406, 3.20669865608, 13.8341608047, 28.416809082, 25.3240032196, 17.6924114227, 23.3675823212, 71.8058166504, 121.089622498, 66.0700836182], [-34.3721427917, 58.1885986328, -11.2199735641, 32.4708023071, 34.9019317627, 0.703228473663, 11.5048952103, 6.04696893692, 18.4476222992, 29.2880134583, 44.9392547607, 66.0700836182, 110.989967346]]
        icov: [[0.000646155152936, -0.000274936523056, 0.000393367023207, -0.000644097977784, 0.000531468074769, -0.000931915943511, 0.000751469342504, -0.000903067935724, 0.00165519875009, -0.00145151128527, 0.00118250073865, -0.00113946315832, 0.000689957058057], [-0.000274936523056, 0.00134954345413, -0.000320026680129, 0.000302035186905, -0.0013735590037, 0.00154479197226, -0.00190379144624, 0.00141375395469, -0.00114202464465, 0.00154556974303, -0.0020011565648, 0.00203824578784, -0.000992020475678], [0.000393367023207, -0.000320026680129, 0.00224884878844, -0.00115332589485, -0.000613392505329, -0.00121675012633, 0.000203345276532, -0.00166365352925, 0.00282376608811, -0.00216347444803, 0.00320368655957, -0.00266663613729, 0.00151630572509], [-0.000644097977784, 0.000302035186905, -0.00115332589485, 0.00502305431291, -0.00280512636527, -0.0010092247976, 0.000375064293621, 0.000264225149294, -0.00259525096044, 0.00316193443723, -0.00321382447146, 0.00327125121839, -0.00215777382255], [0.000531468074769, -0.0013735590037, -0.000613392505329, -0.00280512636527, 0.00730710849166, -0.0024025356397, 0.00165635498706, -8.70118674356e-005, 0.00103150040377, -0.00245889392681, 0.00185450585559, -0.00131150102243, -0.00029893530882], [-0.000931915943511, 0.00154479197226, -0.00121675012633, -0.0010092247976, -0.0024025356397, 0.0106493476778, -0.00449102371931, 0.00143383408431, -0.00265223695897, -0.000258111918811, -0.000441850774223, 0.000711617118213, 0.000413431233028], [0.000751469342504, -0.00190379144624, 0.000203345276532, 0.000375064293621, 0.00165635498706, -0.00449102371931, 0.0122885229066, -0.00827112607658, 0.00131276389584, -0.00063893472543, 0.000497310771607, -0.00211220001802, 0.000832480320241], [-0.000903067935724, 0.00141375395469, -0.00166365352925, 0.000264225149294, -8.70118674356e-005, 0.00143383408431, -0.00827112607658, 0.0152978813276, -0.00715765869245, 0.00375542114489, -0.0036051759962, 0.00218096282333, -0.000864031375386], [0.00165519875009, -0.00114202464465, 0.00282376608811, -0.00259525096044, 0.00103150040377, -0.00265223695897, 0.00131276389584, -0.00715765869245, 0.0197345446795, -0.0125933941454, 0.00614864146337, -0.00489419978112, 0.00256929197349], [-0.00145151128527, 0.00154556974303, -0.00216347444803, 0.00316193443723, -0.00245889392681, -0.000258111918811, -0.00063893472543, 0.00375542114489, -0.0125933941454, 0.020556204021, -0.0116836810485, 0.00790650583804, -0.00507421512157], [0.00118250073865, -0.0020011565648, 0.00320368655957, -0.00321382447146, 0.00185450585559, -0.000441850774223, 0.000497310771607, -0.0036051759962, 0.00614864146337, -0.0116836810485, 0.0203904751688, -0.0133616570383, 0.00400298461318], [-0.00113946315832, 0.00203824578784, -0.00266663613729, 0.00327125121839, -0.00131150102243, 0.000711617118213, -0.00211220001802, 0.00218096282333, -0.00489419978112, 0.00790650583804, -0.0133616570383, 0.0226627849042, -0.0114935701713], [0.000689957058057, -0.000992020475678, 0.00151630572509, -0.00215777382255, -0.00029893530882, 0.000413431233028, 0.000832480320241, -0.000864031375386, 0.00256929197349, -0.00507421512157, 0.00400298461318, -0.0114935701713, 0.0167133435607]]
    sccoeffs:
        dmean: [0.0806925445795, 0.065456815064, 0.0441226437688, 0.0408366657794, 0.0279704369605, 0.0225752163678]
        dmean2: [0.117296338081, 0.101400859654, 0.0691388994455, 0.0621718578041, 0.0428456291556, 0.0329562500119]
        dvar: [0.00495158042759, 0.00303333625197, 0.0013420683099, 0.00116791483015, 0.000516593630891, 0.000410731474403]
        dvar2: [0.0113444048911, 0.00656017428264, 0.00295346719213, 0.00253119063564, 0.00119107181672, 0.000794918625616]
        max: [-0.290839016438, -0.418645322323, -0.501016497612, -0.548675954342, -0.626131236553, -0.542772352695]
        mean: [-0.659489750862, -0.736069142818, -0.776784539223, -0.775171041489, -0.777037143707, -0.722298264503]
        median: [-0.683330178261, -0.762465238571, -0.793211936951, -0.788623511791, -0.781490087509, -0.722821414471]
        min: [-0.965273797512, -0.960082292557, -0.951926529408, -0.967750489712, -0.955716788769, -0.959507226944]
        var: [0.0160412658006, 0.0100377192721, 0.00523567385972, 0.00389802199788, 0.00176959647797, 0.00177924206946]
    scvalleys:
        dmean: [0.539890110493, 0.461511552334, 0.350993692875, 0.332810461521, 0.311261534691, 0.414147257805]
        dmean2: [0.786426901817, 0.717661082745, 0.555412054062, 0.506936609745, 0.433775037527, 0.523688673973]
        dvar: [0.345163583755, 0.319579452276, 0.288792163134, 0.259359717369, 0.237614393234, 0.271347522736]
        dvar2: [0.448440909386, 0.413234770298, 0.325903058052, 0.280792087317, 0.218860268593, 0.349497318268]
        max: [-5.49204730988, -5.62688112259, -5.41401433945, -5.62873649597, -5.6849770546, -8.32782840729]
        mean: [-8.23252677917, -7.34291028976, -7.05672550201, -7.04859781265, -7.23996210098, -10.3423299789]
        median: [-8.01952838898, -7.31171131134, -7.02675914764, -7.02363061905, -7.20238018036, -10.371137619]
        min: [-27.1380310059, -27.2415828705, -27.6524162292, -27.0941925049, -27.4192276001, -27.2896518707]
        var: [2.36521410942, 0.734024882317, 0.612042546272, 0.603330492973, 0.627680003643, 1.00179564953]

rhythm:
    beats_loudness:
        dmean: 0.00300793512724
        dmean2: 0.00558335985988
        dvar: 4.26431461165e-006
        dvar2: 8.96221899893e-006
        max: 0.0115988235921
        mean: 0.00513889314607
        median: 0.00443215528503
        min: 0.000539033499081
        var: 6.11848236076e-006
    bpm: 89.7509155273
    bpm_confidence: 0
    first_peak_bpm: 89
    first_peak_spread: 0.456521749496
    first_peak_weight: 0.543478250504
    onset_rate: 4.83408308029
    second_peak_bpm: 0
    second_peak_spread: 0
    second_peak_weight: 0
    beats_loudness_band_ratio:
        dmean: [0.292416602373, 0.159018293023, 0.106875687838, 0.134038597345, 0.265482932329, 0.184718981385]
        dmean2: [0.579704523087, 0.308572739363, 0.189638629556, 0.2558555305, 0.499756157398, 0.359975129366]
        dvar: [0.034275829792, 0.017046444118, 0.0126568647102, 0.0193389113992, 0.0267771221697, 0.01646495983]
        dvar2: [0.101180799305, 0.0440151542425, 0.0291826892644, 0.0682275369763, 0.0870066806674, 0.0561868473887]
        max: [0.578077673912, 0.446610808372, 0.518923223019, 0.715906262398, 0.806175649166, 0.480868965387]
        mean: [0.168079778552, 0.118169084191, 0.111138902605, 0.145089045167, 0.284012675285, 0.20803911984]
        median: [0.0325070284307, 0.0395430885255, 0.0504406690598, 0.12148077786, 0.28963124752, 0.160539880395]
        min: [6.34286834611e-006, 0.00171902228612, 0.0114379813895, 0.00831416621804, 0.0396819785237, 0.0183823257685]
        var: [0.0399910733104, 0.0176887176931, 0.0160301979631, 0.0216193776578, 0.0364882014692, 0.0216787271202]
    beats_position: [0.66176867485, 1.3235373497, 1.99691605568, 2.67029476166, 3.35528349876, 4.04027223587, 4.71365070343, 5.38702917099, 6.06040811539, 6.72217655182, 7.38394546509, 8.05732440948, 8.73070240021, 9.39247131348, 10.0658502579, 10.7392292023, 11.4009971619, 12.0627660751, 12.7245349884, 13.3979139328, 14.0712919235, 14.7330608368, 15.3948297501, 16.0682086945, 16.7415866852, 17.4033565521, 18.0651245117, 18.7385025024, 19.4118824005, 20.0852603912, 20.7470283508, 21.4087982178, 22.0705661774, 22.7323360443, 23.405714035, 24.0674819946, 24.7292518616, 25.4026298523, 26.0643978119, 26.7261676788, 27.3995456696, 28.0613155365, 28.7230834961, 29.3964614868, 30.0698413849, 30.7432193756, 31.4165973663]
    bpm_estimates: [90.6661224365, 89.1029052734, 89.1029052734, 87.5926818848, 87.5926818848, 89.102935791, 89.102935791, 89.1028747559, 90.6661529541, 90.6660919189, 89.1028747559, 89.1030044556, 90.6660919189, 89.1028747559, 89.1028747559, 90.6662216187, 90.6660919189, 90.6660919189, 89.1028747559, 89.1030044556, 90.6660919189, 90.6660919189, 89.1028747559, 89.1030044556, 90.6659622192, 90.6662216187, 89.1030044556, 89.1027526855, 89.1030044556, 90.6662216187, 90.6659622192, 90.6662216187, 90.6659622192, 89.1030044556, 90.6662216187, 90.6659622192, 89.1030044556, 90.6662216187, 90.6659622192, 89.1030044556, 90.6659622192, 90.6662216187, 89.1030044556, 89.1027526855, 89.1030044556, 89.1030044556]
    bpm_intervals: [0.66176867485, 0.673378705978, 0.673378705978, 0.684988737106, 0.684988737106, 0.67337846756, 0.67337846756, 0.673378944397, 0.661768436432, 0.661768913269, 0.673378944397, 0.673377990723, 0.661768913269, 0.673378944397, 0.673378944397, 0.661767959595, 0.661768913269, 0.661768913269, 0.673378944397, 0.673377990723, 0.661768913269, 0.661768913269, 0.673378944397, 0.673377990723, 0.661769866943, 0.661767959595, 0.673377990723, 0.673379898071, 0.673377990723, 0.661767959595, 0.661769866943, 0.661767959595, 0.661769866943, 0.673377990723, 0.661767959595, 0.661769866943, 0.673377990723, 0.661767959595, 0.661769866943, 0.673377990723, 0.661769866943, 0.661767959595, 0.673377990723, 0.673379898071, 0.673377990723, 0.673377990723]
    onset_times: [0.0580498874187, 0.197369620204, 0.325079351664, 0.661768734455, 0.835918366909, 1.06811785698, 1.27709746361, 1.32353746891, 1.54412698746, 2.14784574509, 2.35682535172, 2.63546490669, 2.94893431664, 3.06503391266, 3.32045340538, 3.56426310539, 3.9125623703, 4.051882267, 4.40018129349, 4.67882108688, 4.8994102478, 5.05034017563, 5.22448968887, 5.3754196167, 5.54956912994, 5.73532867432, 5.93269824982, 6.03718805313, 6.39709758759, 6.57124710083, 6.72217702866, 7.27945566177, 7.39555549622, 7.59292507172, 7.74385499954, 8.06893444061, 8.20825386047, 8.40562343597, 8.59138298035, 8.73070335388, 9.05578231812, 9.25315189362, 9.57823085785, 9.75238132477, 10.077460289, 10.2632198334, 10.4025392532, 10.5766897202, 10.623128891, 10.7392292023, 11.017868042, 11.1804084778, 11.3893880844, 11.598367691, 11.749297142, 11.9118366241, 12.0627660751, 12.2020864487, 12.3646259308, 12.689704895, 13.0496149063, 13.1889343262, 13.3979139328, 13.5488433838, 13.6881628036, 13.8390932083, 14.0248527527, 14.4079818726, 14.5473012924, 14.6982316971, 14.8723812103, 15.0581407547, 15.1742401123, 15.2787303925, 15.4180498123, 15.5921993256, 15.7315196991, 15.8243989944, 16.1030387878, 16.2423591614, 16.4165077209, 16.5442180634, 16.7415866852, 17.0666675568, 17.1827659607, 17.2640361786, 17.3453063965, 17.7284355164, 17.9141941071, 18.0651245117, 18.4018135071, 18.7385025024, 18.9242630005, 19.2261219025, 19.4118824005, 19.667301178, 19.7137413025, 19.9227218628, 20.0039901733, 20.2129707336, 20.3987293243, 20.549659729, 20.7586402893, 21.037279129, 21.3971881866, 21.8499774933, 22.0821762085, 22.2331066132, 22.3840370178, 22.5465755463, 22.7323360443, 23.0225849152, 23.2083454132, 23.3941040039, 23.7307929993, 24.067483902, 24.4390029907, 24.7060317993, 24.9962806702, 25.2168712616, 25.5767803192, 25.7277088165, 25.9250793457, 26.0992298126, 26.2849884033, 26.4243087769, 26.7145576477, 26.9931964874, 27.0744667053, 27.2370071411, 27.3995456696, 27.7362365723, 27.8755550385, 28.3051242828, 28.3980045319, 28.5257148743, 28.7230834961, 29.0597724915, 29.2571430206, 29.3964633942, 29.6054420471, 29.6983222961, 29.8608608246, 30.0117912292, 30.3136501312, 30.4065303802, 30.5110206604, 30.5922908783, 30.7432193756, 30.9173698425, 31.0334701538, 31.1960086823, 31.4049892426, 31.6487979889, 31.753288269]
    perceptual_tempo: "unknown"

sfx:
    inharmonicity:
        dmean: 0.0730693936348
        dmean2: 0.130428358912
        dvar: 0.00590307125822
        dvar2: 0.016902776435
        max: 0.463475227356
        mean: 0.0772573724389
        median: 0.0514907278121
        min: 0
        var: 0.00621625827625
    oddtoevenharmonicenergyratio:
        dmean: 7.16710948944
        dmean2: 13.4298887253
        dvar: 2603.83862305
        dvar2: 7378.23535156
        max: 1193.94226074
        mean: 4.84069061279
        median: 0.631363868713
        min: 0
        var: 1531.25927734
    pitch_after_max_to_before_max_energy_ratio: 1.00183689594
    pitch_centroid: 763.717834473
    pitch_max_to_total: 0.544138908386
    pitch_min_to_total: 0.0390738062561
    tristimulus:
        dmean: [0.18539789319, 0.248229578137, 0.151746287942]
        dmean2: [0.318468868732, 0.423542767763, 0.26152792573]
        dvar: [0.0310065411031, 0.046832755208, 0.0206679869443]
        dvar2: [0.0822294130921, 0.132817476988, 0.0554889552295]
        max: [1, 0.996991455555, 0.921277165413]
        mean: [0.262180447578, 0.524225056171, 0.165890946984]
        median: [0.186387762427, 0.553025722504, 0.131670802832]
        min: [0.00033946154872, 0, 0]
        var: [0.0527658127248, 0.0683557391167, 0.0272234342992]

tonal:
    chords_changes_rate: 0.150289013982
    chords_number_rate: 0.0187861267477
    chords_strength:
        dmean: 0.0180990118533
        dmean2: 0.0249557308853
        dvar: 0.000202559458558
        dvar2: 0.000372078968212
        max: 0.621770203114
        mean: 0.420794397593
        median: 0.422171413898
        min: 0.186966210604
        var: 0.00661903992295
    key_strength: 0.394005894661
    tuning_diatonic_strength: 0.309376209974
    tuning_equal_tempered_deviation: 0.264268010855
    tuning_frequency: 438.477722168
    tuning_nontempered_energy_ratio: 0.897541642189
    hpcp:
        dmean: [0.249520421028, 0.248614922166, 0.256351351738, 0.236553743482, 0.229582369328, 0.226470753551, 0.237650096416, 0.230847552419, 0.224260345101, 0.195329740644, 0.181291371584, 0.17959548533, 0.171828985214, 0.163358360529, 0.160842046142, 0.176245138049, 0.193913832307, 0.190387710929, 0.169357195497, 0.163801029325, 0.156968101859, 0.141958922148, 0.147270515561, 0.159450680017, 0.158519610763, 0.159245818853, 0.17551715672, 0.187135607004, 0.200839012861, 0.223869889975, 0.235490530729, 0.222141951323, 0.223756700754, 0.231592550874, 0.22976000607, 0.248191267252]
        dmean2: [0.438656538725, 0.431063503027, 0.445791661739, 0.410116761923, 0.395047277212, 0.394420951605, 0.414073437452, 0.39236420393, 0.369958221912, 0.320154130459, 0.306642174721, 0.306072741747, 0.288150429726, 0.274217545986, 0.273005753756, 0.302693873644, 0.330860704184, 0.326461553574, 0.292273908854, 0.277551472187, 0.265672415495, 0.236008748412, 0.242447316647, 0.266771376133, 0.266336888075, 0.266176342964, 0.297324955463, 0.315884798765, 0.34205648303, 0.383407235146, 0.402749419212, 0.378893643618, 0.38340318203, 0.403295755386, 0.396590620279, 0.427979975939]
        dvar: [0.0597670860589, 0.0617043077946, 0.0646981522441, 0.051637519151, 0.0520090572536, 0.0512393675745, 0.0629149377346, 0.0543345101178, 0.0545036867261, 0.0421714298427, 0.0385054834187, 0.0391831248999, 0.0385254435241, 0.03512352705, 0.0338063128293, 0.0411126166582, 0.0438868775964, 0.0464185290039, 0.0347486138344, 0.0339066125453, 0.0340677946806, 0.0239322520792, 0.0263800509274, 0.0328621417284, 0.033461868763, 0.0303382202983, 0.0350355580449, 0.0420029647648, 0.043878082186, 0.0463313907385, 0.0461215563118, 0.0446576327085, 0.0463913567364, 0.0580044984818, 0.0518697090447, 0.0602865554392]
        dvar2: [0.16682998836, 0.160735249519, 0.171282038093, 0.141455978155, 0.140074789524, 0.135180339217, 0.168305665255, 0.134856417775, 0.13173994422, 0.0990852341056, 0.0980036333203, 0.102774292231, 0.0991093143821, 0.0910720527172, 0.0864460617304, 0.110968202353, 0.112495087087, 0.119568169117, 0.0946604385972, 0.0931428968906, 0.0874127671123, 0.0598595328629, 0.0728365331888, 0.0891066789627, 0.081944167614, 0.076759532094, 0.0900170654058, 0.112068608403, 0.111457772553, 0.115952044725, 0.119353719056, 0.120916485786, 0.124518617988, 0.165308699012, 0.140800669789, 0.159301534295]
        max: [1, 1, 1, 1, 1, 1, 1, 1, 1, 1, 1, 1, 1, 1, 1, 1, 1, 1, 1, 1, 1, 1, 1, 1, 1, 1, 1, 1, 1, 1, 1, 1, 1, 1, 1, 1]
        mean: [0.302332669497, 0.291100293398, 0.294926404953, 0.290569841862, 0.271602600813, 0.25919675827, 0.261700183153, 0.268534630537, 0.27410569787, 0.259029120207, 0.223274126649, 0.20488473773, 0.194829121232, 0.195454642177, 0.2048304528, 0.218304544687, 0.23308506608, 0.231148093939, 0.205013096333, 0.195494309068, 0.205330267549, 0.194399088621, 0.189186707139, 0.204057812691, 0.208894893527, 0.208172574639, 0.214815199375, 0.225955560803, 0.278895795345, 0.34310233593, 0.340744525194, 0.308266371489, 0.288011461496, 0.276712357998, 0.28071385622, 0.29790815711]
