
metadata:
    version:
        essentia: "2.1-beta2"
    audio_properties:
        analysis_sample_rate: 44100
        bitrate: 320
        channels: 2
        equal_loudness: 1
        length: 197.351989746
        replay_gain: -15.6281957626
        downmix: "mix"
    tags:
        album: "The Rising Tied"
        artist: "Fort Minor"
        comment: ""
        date: "2005"
        genre: "Alternative Hip-Hop"
        title: "There They Go (feat Sixx John)"
        tracknumber: "20"

configuration:
    average_loudness:
        compute: 1
        frameSize: 88200
        hopSize: 44100
        silentFrames: "noise"
        windowType: "hann"
    general:
        analysisSampleRate: 44100
        endTime: 2000
        equalLoudness: 1
        nequalLoudness: 0
        shortSound: 0
        startTime: 0
    lowlevel:
        compute: 1
        frameSize: 2048
        hopSize: 1024
        zeroPadding: 0
        silentFrames: "noise"
        windowType: "blackmanharris62"
        mfccStats: ["mean", "cov", "icov"]
        stats: ["mean", "var", "median", "min", "max", "dmean", "dmean2", "dvar", "dvar2"]
    panning:
        compute: 0
        frameSize: 8192
        hopSize: 2048
        zeroPadding: 8192
        silentFrames: "noise"
        windowType: "hann"
        stats: ["copy"]
    rhythm:
        compute: 1
        maxTempo: 208
        minTempo: 40
        method: "degara"
        stats: ["mean", "var", "median", "min", "max", "dmean", "dmean2", "dvar", "dvar2"]
    segmentation:
        compute: 0
        cpw: 5
        inc1: 300
        inc2: 50
        minimumSegmentsLength: 10
        size1: 1000
        size2: 600
    sfx:
        compute: 1
        stats: ["mean", "var", "median", "min", "max", "dmean", "dmean2", "dvar", "dvar2"]
    svm:
        compute: 0
    tonal:
        compute: 1
        frameSize: 4096
        hopSize: 2048
        zeroPadding: 0
        silentFrames: "noise"
        windowType: "blackmanharris62"
        stats: ["mean", "var", "median", "min", "max", "dmean", "dmean2", "dvar", "dvar2"]

lowlevel:
    average_loudness: 0.965322434902
    barkbands_kurtosis:
        dmean: 2.60868692398
        dmean2: 4.20844507217
        dvar: 32.1253890991
        dvar2: 62.6434364319
        max: 409.076690674
        mean: 1.45375049114
        median: -0.401385098696
        min: -1.94286000729
        var: 92.7614593506
    barkbands_skewness:
        dmean: 0.806695699692
        dmean2: 1.20282912254
        dvar: 0.681486010551
        dvar2: 1.37381160259
        max: 15.7722167969
        mean: 0.458925426006
        median: 0.385914266109
        min: -4.99016284943
        var: 2.06898164749
    barkbands_spread:
        dmean: 9.6521024704
        dmean2: 15.325460434
        dvar: 83.2838897705
        dvar2: 197.196609497
        max: 83.9983215332
        mean: 30.2559509277
        median: 29.0306739807
        min: 0.36621299386
        var: 197.132080078
    dissonance:
        dmean: 0.0165484324098
        dmean2: 0.0270458813757
        dvar: 0.000382868631277
        dvar2: 0.000925595755689
        max: 0.499999701977
        mean: 0.474416106939
        median: 0.48299998045
        min: 0.274441123009
        var: 0.000688651809469
    hfc:
        dmean: 2.8643155098
        dmean2: 3.79820775986
        dvar: 22.7464084625
        dvar2: 30.4108428955
        max: 62.3123397827
        mean: 5.65128469467
        median: 2.96007585526
        min: 1.09580698708e-016
        var: 71.3640899658
    pitch:
        dmean: 1015.23455811
        dmean2: 1909.16394043
        dvar: 2044347.875
        dvar2: 4520431.5
        max: 5501.15673828
        mean: 1492.24926758
        median: 294.852355957
        min: 69.4503936768
        var: 2825946
    pitch_instantaneous_confidence:
        dmean: 0.120234258473
        dmean2: 0.190798118711
        dvar: 0.0109238335863
        dvar2: 0.0249581858516
        max: 0.927619099617
        mean: 0.399488210678
        median: 0.367345273495
        min: 0.0989353060722
        var: 0.027341786772
    pitch_salience:
        dmean: 0.0752761512995
        dmean2: 0.122179180384
        dvar: 0.00449297996238
        dvar2: 0.0117550604045
        max: 0.987225234509
        mean: 0.654434740543
        median: 0.666064381599
        min: 0.0325878113508
        var: 0.0101081933826
    silence_rate_20dB:
        dmean: 0
        dmean2: 0
        dvar: 0
        dvar2: 0
        max: 1
        mean: 1
        median: 1
        min: 1
        var: 0
    silence_rate_30dB:
        dmean: 0
        dmean2: 0
        dvar: 0
        dvar2: 0
        max: 1
        mean: 1
        median: 1
        min: 1
        var: 0
    silence_rate_60dB:
        dmean: 0.172941178083
        dmean2: 0.345923036337
        dvar: 0.143032178283
        dvar2: 0.260375380516
        max: 1
        mean: 0.660040020943
        median: 1
        min: 0
        var: 0.224403470755
    spectral_centroid:
        dmean: 462.641479492
        dmean2: 685.40625
        dvar: 246562.03125
        dvar2: 440578.0625
        max: 11533.2509766
        mean: 1588.09448242
        median: 1406.42541504
        min: 114.216094971
        var: 915102.8125
    spectral_complexity:
        dmean: 4.04682350159
        dmean2: 5.74444055557
        dvar: 30.710357666
        dvar2: 46.4333686829
        max: 57
        mean: 9.55499362946
        median: 6
        min: 0
        var: 102.8360672
    spectral_crest:
        dmean: 2.80397129059
        dmean2: 4.60632324219
        dvar: 6.82342290878
        dvar2: 17.1293697357
        max: 23.6766223907
        mean: 8.0216255188
        median: 7.13700914383
        min: 2.18384766579
        var: 13.179649353
    spectral_decrease:
        dmean: 3.74218961374e-010
        dmean2: 5.63906366047e-010
        dvar: 3.61652488644e-019
        dvar2: 8.4334341153e-019
        max: 4.71072172709e-029
        mean: -7.25427162784e-010
        median: -5.18161402674e-010
        min: -4.24178958625e-009
        var: 5.63564510283e-019
    spectral_energy:
        dmean: 0.00164930778556
        dmean2: 0.00243453122675
        dvar: 6.48015111437e-006
        dvar2: 1.39454641612e-005
        max: 0.0211292039603
        mean: 0.00325052114204
        median: 0.00224120425992
        min: 1.01960479502e-020
        var: 1.20280319607e-005
    spectral_energyband_high:
        dmean: 0.000185387980309
        dmean2: 0.000257224746747
        dvar: 9.62218820177e-008
        dvar2: 1.48700323166e-007
        max: 0.00452635297552
        mean: 0.000325460219756
        median: 0.000110786444566
        min: 7.1313155079e-021
        var: 2.85407566025e-007
    spectral_energyband_low:
        dmean: 0.000201770293643
        dmean2: 0.000313086347887
        dvar: 1.3508402219e-007
        dvar2: 3.07983270886e-007
        max: 0.00298021780327
        mean: 0.000373258342734
        median: 0.000162287120475
        min: 2.42784344475e-023
        var: 2.44471607402e-007
    spectral_energyband_middle_high:
        dmean: 0.000748185266275
        dmean2: 0.000999294919893
        dvar: 1.70015528056e-006
        dvar2: 2.35087895817e-006
        max: 0.0164155997336
        mean: 0.00144159968477
        median: 0.000732596672606
        min: 1.51232597346e-021
        var: 5.25910081706e-006
    spectral_energyband_middle_low:
        dmean: 0.000948670320213
        dmean2: 0.00162419211119
        dvar: 4.26584392699e-006
        dvar2: 1.18527532322e-005
        max: 0.0147532252595
        mean: 0.00126003567129
        median: 0.000779923342634
        min: 1.87195127709e-022
        var: 3.25322957906e-006
    spectral_flatness_db:
        dmean: 0.0262516625226
        dmean2: 0.039168395102
        dvar: 0.000627705245279
        dvar2: 0.00134492863435
        max: 0.519707560539
        mean: 0.156991362572
        median: 0.151696935296
        min: 0.0481669381261
        var: 0.0024916282855
    spectral_flux:
        dmean: 0.011428755708
        dmean2: 0.0175439771265
        dvar: 0.000211703183595
        dvar2: 0.000414249603637
        max: 0.11737600714
        mean: 0.0374449044466
        median: 0.0334240943193
        min: 6.68211666555e-011
        var: 0.000461845047539
    spectral_kurtosis:
        dmean: 1.51236331463
        dmean2: 2.42488718033
        dvar: 6.73084115982
        dvar2: 16.684595108
        max: 79.5636520386
        mean: 3.54067969322
        median: 2.84438967705
        min: -1.41629004478
        var: 11.0215339661
    spectral_rms:
        dmean: 0.000416886876337
        dmean2: 0.000597939128056
        dvar: 2.50926007084e-007
        dvar2: 5.1340225582e-007
        max: 0.00454024877399
        mean: 0.00158573279623
        median: 0.0014786956599
        min: 3.15394411976e-012
        var: 6.56684278511e-007
    spectral_rolloff:
        dmean: 873.581542969
        dmean2: 1413.43811035
        dvar: 1000675.125
        dvar2: 2004315.375
        max: 19078.4179688
        mean: 2911.58691406
        median: 3122.31445313
        min: 129.19921875
        var: 2348378.5
    spectral_skewness:
        dmean: 0.26366776228
        dmean2: 0.397759407759
        dvar: 0.0898340344429
        dvar2: 0.189963847399
        max: 6.63656425476
        mean: 1.3833129406
        median: 1.33125114441
        min: -0.229966118932
        var: 0.241564959288
    spectral_spread:
        dmean: 781404.5625
        dmean2: 1158123.625
        dvar: 995972153344
        dvar2: 1.74472665498e+012
        max: 42152484
        mean: 5306371.5
        median: 4854538
        min: 884163.3125
        var: 4.33214665523e+012
    spectral_strongpeak:
        dmean: 0.315044820309
        dmean2: 0.53854906559
        dvar: 0.256209224463
        dvar2: 0.643353223801
        max: 5.67017602921
        mean: 0.395813703537
        median: 0.182873219252
        min: 2.45572562285e-010
        var: 0.318034738302
    zerocrossingrate:
        dmean: 0.016626091674
        dmean2: 0.0181219615042
        dvar: 0.000230601930525
        dvar2: 0.000259235035628
        max: 0.50927734375
        mean: 0.0904737338424
        median: 0.08349609375
        min: 0.0048828125
        var: 0.00169744109735
    barkbands:
        dmean: [1.35760171815e-006, 7.43176060496e-005, 9.28815352381e-005, 0.000291634292807, 0.000403496291256, 9.7054442449e-005, 0.000190287173609, 0.00012762316328, 9.03172258404e-005, 6.23266096227e-005, 5.27612355654e-005, 4.11143846577e-005, 3.96184368583e-005, 6.37907869532e-005, 0.000105876257294, 0.000120181059174, 0.000147230835864, 0.000132895234856, 0.000172559142811, 0.000178110509296, 9.03976979316e-005, 3.24016109516e-005, 9.16219960345e-006, 4.08953155784e-006, 2.19737603402e-006, 8.042557198e-008, 8.57719339997e-010]
        dmean2: [2.0345255507e-006, 0.000118573603686, 0.000158173294039, 0.000542977068108, 0.000720883021131, 0.000164706871146, 0.000313024851494, 0.000209818288567, 0.000145355123095, 9.7643933259e-005, 8.14726590761e-005, 6.57951095491e-005, 6.29932183074e-005, 0.000107615589513, 0.000168281752849, 0.000194815540453, 0.00021352089243, 0.000207906865398, 0.000239172353758, 0.000238993379753, 0.000130334083224, 4.87121178594e-005, 1.26760705825e-005, 6.0532615862e-006, 3.21341985909e-006, 1.14880904789e-007, 1.25916621574e-009]
        dvar: [6.45776964889e-012, 2.85065162586e-008, 3.21407860326e-008, 7.30207204924e-007, 1.11113229195e-006, 4.11080840479e-008, 1.3428727641e-007, 9.35965189797e-008, 4.31747970708e-008, 1.98955163455e-008, 1.36217819247e-008, 8.56535820049e-009, 6.39450847828e-009, 1.17802319011e-008, 4.94252816452e-008, 5.81874814998e-008, 8.08037796673e-008, 8.63228706294e-008, 9.63203987681e-008, 1.03780486427e-007, 2.22498250935e-008, 2.70463762497e-009, 2.43738917938e-010, 5.78137017426e-011, 2.69209446402e-011, 2.37184200774e-014, 2.83372266885e-018]
        dvar2: [1.52903106843e-011, 7.09849814484e-008, 8.82781705513e-008, 2.14166493606e-006, 3.1173356092e-006, 1.08096465112e-007, 3.35298665277e-007, 2.35591244291e-007, 1.07422714279e-007, 4.63105287452e-008, 3.04155065578e-008, 2.04175414353e-008, 1.5249728591e-008, 2.98542666144e-008, 1.14858266897e-007, 1.26769180042e-007, 1.52684847876e-007, 1.86970893878e-007, 1.57745745355e-007, 1.77121563638e-007, 4.0455773842e-008, 5.17262188637e-009, 4.44225184415e-010, 1.17929888077e-010, 5.40907527102e-011, 4.52922814813e-014, 4.71322260436e-018]
        max: [3.02389016724e-005, 0.00132859451696, 0.00152342766523, 0.00601948611438, 0.00876511540264, 0.00270967418328, 0.00569611229002, 0.00482707703486, 0.00567592168227, 0.00251373043284, 0.0017646442866, 0.00307245482691, 0.00166212720796, 0.00132953934371, 0.00260030222125, 0.00287445238791, 0.00410932302475, 0.00408512772992, 0.00478358380497, 0.00513141602278, 0.00253647775389, 0.00087358703604, 0.000243668226176, 0.000118198950076, 0.000146605452755, 2.89292597699e-006, 1.4501759793e-008]
        mean: [2.80172548628e-006, 0.000114648486488, 0.000124355283333, 0.000274333753623, 0.000404856284149, 0.000112701585749, 0.000212763974559, 0.000129710533656, 0.000100447861769, 7.60504553909e-005, 6.17026744294e-005, 5.11821381224e-005, 4.795122004e-005, 7.08891093382e-005, 0.000123600315419, 0.000159186820383, 0.000220457586693, 0.000218090746785, 0.000270919816103, 0.000256683677435, 0.000141535725561, 5.33367638127e-005, 1.27873308884e-005, 6.17747946308e-006, 3.24039547195e-006, 1.1447190218e-007, 1.02071318064e-009]
        median: [1.6567197747e-007, 8.18881107989e-006, 3.42081439157e-005, 0.000130209737108, 0.000163804084877, 5.58724204893e-005, 4.59647744719e-005, 1.82781768672e-005, 1.86432262126e-005, 1.65062447195e-005, 1.16824612633e-005, 1.60202071129e-005, 1.32298255267e-005, 1.94083550014e-005, 2.74637714028e-005, 3.93021473428e-005, 7.44687131373e-005, 6.7246161052e-005, 8.91313393367e-005, 8.0069352407e-005, 4.31231674156e-005, 1.86542565643e-005, 2.75671050076e-006, 1.25267104067e-006, 4.43276832129e-007, 1.49317678222e-008, 1.30876712245e-010]
        min: [2.59919196142e-024, 8.73272098637e-024, 3.06617829022e-024, 7.98988695953e-024, 1.4409473712e-023, 2.08562643328e-023, 2.07827267192e-023, 2.7403844556e-023, 1.05893003936e-023, 3.99131148527e-023, 3.10659893135e-023, 7.29155178748e-023, 7.64470398882e-023, 3.07675032797e-023, 9.27187223189e-023, 7.89318633873e-023, 9.08567455254e-023, 1.86043012134e-022, 1.76293663222e-022, 2.20688924811e-022, 3.29818049173e-022, 4.53801411758e-022, 4.09518622802e-022, 6.49953480755e-022, 9.53645340271e-022, 1.41319647518e-021, 2.1130981041e-021]
        var: [1.56984199945e-011, 3.73622377481e-008, 3.67543329105e-008, 4.53632026165e-007, 7.28010093098e-007, 3.70139332517e-008, 1.67040795418e-007, 9.67908704297e-008, 4.95221037511e-008, 2.86476140587e-008, 2.03784047415e-008, 1.1578188186e-008, 9.0717193757e-009, 1.5554075361e-008, 7.2093889969e-008, 1.06373228448e-007, 1.800563183e-007, 1.93318641095e-007, 2.68527543312e-007, 2.46307308771e-007, 5.59310286974e-008, 6.50527853807e-009, 4.79685124954e-010, 1.1317789067e-010, 5.09465837573e-011, 4.62828729606e-014, 4.39036284434e-018]
    frequency_bands:
        dmean: [1.35760171815e-006, 7.43176060496e-005, 9.28815352381e-005, 0.000291634292807, 0.000403496291256, 9.7054442449e-005, 0.000190287173609, 0.00012762316328, 9.03172258404e-005, 6.23266096227e-005, 5.27612355654e-005, 4.11143846577e-005, 3.96184368583e-005, 6.37907869532e-005, 0.000105876257294, 0.000120181059174, 0.000147230835864, 0.000132895234856, 0.000172559142811, 0.000178110509296, 9.03976979316e-005, 3.24016109516e-005, 9.16219960345e-006, 4.08953155784e-006, 2.19737603402e-006, 8.042557198e-008, 8.57719339997e-010, 3.60774674024e-011]
        dmean2: [2.0345255507e-006, 0.000118573603686, 0.000158173294039, 0.000542977068108, 0.000720883021131, 0.000164706871146, 0.000313024851494, 0.000209818288567, 0.000145355123095, 9.7643933259e-005, 8.14726590761e-005, 6.57951095491e-005, 6.29932183074e-005, 0.000107615589513, 0.000168281752849, 0.000194815540453, 0.00021352089243, 0.000207906865398, 0.000239172353758, 0.000238993379753, 0.000130334083224, 4.87121178594e-005, 1.26760705825e-005, 6.0532615862e-006, 3.21341985909e-006, 1.14880904789e-007, 1.25916621574e-009, 6.74732006378e-011]
        dvar: [6.45776964889e-012, 2.85065162586e-008, 3.21407860326e-008, 7.30207204924e-007, 1.11113229195e-006, 4.11080840479e-008, 1.3428727641e-007, 9.35965189797e-008, 4.31747970708e-008, 1.98955163455e-008, 1.36217819247e-008, 8.56535820049e-009, 6.39450847828e-009, 1.17802319011e-008, 4.94252816452e-008, 5.81874814998e-008, 8.08037796673e-008, 8.63228706294e-008, 9.63203987681e-008, 1.03780486427e-007, 2.22498250935e-008, 2.70463762497e-009, 2.43738917938e-010, 5.78137017426e-011, 2.69209446402e-011, 2.37184200774e-014, 2.83372266885e-018, 4.02264475012e-021]
        dvar2: [1.52903106843e-011, 7.09849814484e-008, 8.82781705513e-008, 2.14166493606e-006, 3.1173356092e-006, 1.08096465112e-007, 3.35298665277e-007, 2.35591244291e-007, 1.07422714279e-007, 4.63105287452e-008, 3.04155065578e-008, 2.04175414353e-008, 1.5249728591e-008, 2.98542666144e-008, 1.14858266897e-007, 1.26769180042e-007, 1.52684847876e-007, 1.86970893878e-007, 1.57745745355e-007, 1.77121563638e-007, 4.0455773842e-008, 5.17262188637e-009, 4.44225184415e-010, 1.17929888077e-010, 5.40907527102e-011, 4.52922814813e-014, 4.71322260436e-018, 1.25227527247e-020]
        max: [3.02389016724e-005, 0.00132859451696, 0.00152342766523, 0.00601948611438, 0.00876511540264, 0.00270967418328, 0.00569611229002, 0.00482707703486, 0.00567592168227, 0.00251373043284, 0.0017646442866, 0.00307245482691, 0.00166212720796, 0.00132953934371, 0.00260030222125, 0.00287445238791, 0.00410932302475, 0.00408512772992, 0.00478358380497, 0.00513141602278, 0.00253647775389, 0.00087358703604, 0.000243668226176, 0.000118198950076, 0.000146605452755, 2.89292597699e-006, 1.4501759793e-008, 1.2964868068e-009]
        mean: [2.80172548628e-006, 0.000114648486488, 0.000124355283333, 0.000274333753623, 0.000404856284149, 0.000112701585749, 0.000212763974559, 0.000129710533656, 0.000100447861769, 7.60504553909e-005, 6.17026744294e-005, 5.11821381224e-005, 4.795122004e-005, 7.08891093382e-005, 0.000123600315419, 0.000159186820383, 0.000220457586693, 0.000218090746785, 0.000270919816103, 0.000256683677435, 0.000141535725561, 5.33367638127e-005, 1.27873308884e-005, 6.17747946308e-006, 3.24039547195e-006, 1.1447190218e-007, 1.02071318064e-009, 2.75947910355e-011]
        median: [1.6567197747e-007, 8.18881107989e-006, 3.42081439157e-005, 0.000130209737108, 0.000163804084877, 5.58724204893e-005, 4.59647744719e-005, 1.82781768672e-005, 1.86432262126e-005, 1.65062447195e-005, 1.16824612633e-005, 1.60202071129e-005, 1.32298255267e-005, 1.94083550014e-005, 2.74637714028e-005, 3.93021473428e-005, 7.44687131373e-005, 6.7246161052e-005, 8.91313393367e-005, 8.0069352407e-005, 4.31231674156e-005, 1.86542565643e-005, 2.75671050076e-006, 1.25267104067e-006, 4.43276832129e-007, 1.49317678222e-008, 1.30876712245e-010, 8.30078540626e-012]
        min: [2.59919196142e-024, 8.73272098637e-024, 3.06617829022e-024, 7.98988695953e-024, 1.4409473712e-023, 2.08562643328e-023, 2.07827267192e-023, 2.7403844556e-023, 1.05893003936e-023, 3.99131148527e-023, 3.10659893135e-023, 7.29155178748e-023, 7.64470398882e-023, 3.07675032797e-023, 9.27187223189e-023, 7.89318633873e-023, 9.08567455254e-023, 1.86043012134e-022, 1.76293663222e-022, 2.20688924811e-022, 3.29818049173e-022, 4.53801411758e-022, 4.09518622802e-022, 6.49953480755e-022, 9.53645340271e-022, 1.41319647518e-021, 2.1130981041e-021, 5.77448353567e-022]
        var: [1.56984199945e-011, 3.73622377481e-008, 3.67543329105e-008, 4.53632026165e-007, 7.28010093098e-007, 3.70139332517e-008, 1.67040795418e-007, 9.67908704297e-008, 4.95221037511e-008, 2.86476140587e-008, 2.03784047415e-008, 1.1578188186e-008, 9.0717193757e-009, 1.5554075361e-008, 7.2093889969e-008, 1.06373228448e-007, 1.800563183e-007, 1.93318641095e-007, 2.68527543312e-007, 2.46307308771e-007, 5.59310286974e-008, 6.50527853807e-009, 4.79685124954e-010, 1.1317789067e-010, 5.09465837573e-011, 4.62828729606e-014, 4.39036284434e-018, 3.28611412581e-021]
    mfcc:
        mean: [-754.527954102, 93.2195205688, -33.4589347839, 51.9855690002, -10.1751594543, -4.95988035202, -6.87982606888, -7.9170384407, -5.15197467804, -8.78240013123, -7.19067764282, -5.93971681595, -6.19254398346]
        cov: [[7578.46630859, -283.380065918, -841.984924316, 181.153564453, -247.303268433, 98.8590316772, -87.5704650879, 99.5828552246, 147.774383545, 142.222824097, -16.9296245575, -62.6905059814, -51.5700035095], [-283.380065918, 1767.82629395, -74.4704360962, 127.674819946, 6.02064704895, -72.0319366455, 32.937789917, 88.1537628174, 9.80368804932, 40.5506515503, 128.830505371, 115.546936035, 42.7785377502], [-841.984924316, -74.4704360962, 853.021179199, 240.503601074, 48.682308197, 198.136810303, 160.957290649, 8.18988323212, 8.44440555573, -9.60274887085, 38.2888526917, 55.3449172974, 48.3474082947], [181.153564453, 127.674819946, 240.503601074, 640.66217041, 163.535217285, 131.537277222, 61.4091491699, -3.9666788578, 19.2800064087, 17.6736125946, 30.08111763, 27.2774543762, 72.2626800537], [-247.303268433, 6.02064704895, 48.682308197, 163.535217285, 313.1668396, 79.5893859863, -21.9871101379, -40.3671989441, 11.1057109833, 37.2024650574, -2.29349255562, 3.09101438522, 28.5310440063], [98.8590316772, -72.0319366455, 198.136810303, 131.537277222, 79.5893859863, 289.746398926, 145.214355469, 23.9881305695, 54.5327186584, 40.4706039429, 42.5052604675, 42.2166366577, 22.8945770264], [-87.5704650879, 32.937789917, 160.957290649, 61.4091491699, -21.9871101379, 145.214355469, 249.53237915, 97.959815979, 43.2075386047, 23.8893489838, 43.7398376465, 46.4616661072, 21.1722412109], [99.5828552246, 88.1537628174, 8.18988323212, -3.9666788578, -40.3671989441, 23.9881305695, 97.959815979, 174.150817871, 72.8319702148, 39.6871681213, 54.8621940613, 53.6952133179, 27.7786903381], [147.774383545, 9.80368804932, 8.44440555573, 19.2800064087, 11.1057109833, 54.5327186584, 43.2075386047, 72.8319702148, 125.946884155, 67.042640686, 38.506526947, 41.4831504822, 24.0422210693], [142.222824097, 40.5506515503, -9.60274887085, 17.6736125946, 37.2024650574, 40.4706039429, 23.8893489838, 39.6871681213, 67.042640686, 121.66872406, 60.8977432251, 32.2197914124, 28.2754116058], [-16.9296245575, 128.830505371, 38.2888526917, 30.08111763, -2.29349255562, 42.5052604675, 43.7398376465, 54.8621940613, 38.506526947, 60.8977432251, 121.35018158, 73.9859161377, 29.6952762604], [-62.6905059814, 115.546936035, 55.3449172974, 27.2774543762, 3.09101438522, 42.2166366577, 46.4616661072, 53.6952133179, 41.4831504822, 32.2197914124, 73.9859161377, 112.853286743, 43.4108657837], [-51.5700035095, 42.7785377502, 48.3474082947, 72.2626800537, 28.5310440063, 22.8945770264, 21.1722412109, 27.7786903381, 24.0422210693, 28.2754116058, 29.6952762604, 43.4108657837, 90.7419433594]]
        icov: [[0.000191421349882, 3.60899284715e-005, 0.000246552604949, -0.000208370009204, 0.000315924029564, -0.000300239713397, 0.000202577954042, -0.000148918465129, -2.69032043434e-005, -0.000282106950181, 0.000177387235453, 1.34527454065e-005, 0.000131635009893], [3.60899284715e-005, 0.0006839443231, 0.000152908571181, -0.000236874344409, -1.60604085977e-005, 0.000333363306709, -0.000117658702948, -0.000163492877618, 0.000228152610362, -3.25151086145e-005, -0.000498457171489, -0.000504506577272, 0.000157844959176], [0.000246552604949, 0.000152908571181, 0.00193815398961, -0.000678062264342, 0.000484348682221, -0.000966525403783, -0.000451656494988, 0.000229688623222, 0.000152996522957, 0.000169232051121, -6.67222437301e-008, -0.000410866603488, -0.000194691543584], [-0.000208370009204, -0.000236874344409, -0.000678062264342, 0.00246108439751, -0.00124812731519, -0.000148108956637, -0.000311007810524, 0.000337130768457, -0.000218807952479, 0.000906992238015, -0.000664136372507, 0.000790905673057, -0.00159188441467], [0.000315924029564, -1.60604085977e-005, 0.000484348682221, -0.00124812731519, 0.00496556889266, -0.0019197006477, 0.00148096680641, 0.000390513625462, 0.000344450585544, -0.00225463765673, 0.00159617734607, -0.000346528831869, -0.000364291976439], [-0.000300239713397, 0.000333363306709, -0.000966525403783, -0.000148108956637, -0.0019197006477, 0.00745747657493, -0.00425416091457, 0.00237435172312, -0.00217262306251, 0.000316638121149, -0.00143416947685, -0.000682966376189, 0.000565939582884], [0.000202577954042, -0.000117658702948, -0.000451656494988, -0.000311007810524, 0.00148096680641, -0.00425416091457, 0.00857131555676, -0.00460313167423, 0.00135906098876, -0.00057645252673, 0.000814290775452, -0.000263522786554, 0.000354999385308], [-0.000148918465129, -0.000163492877618, 0.000229688623222, 0.000337130768457, 0.000390513625462, 0.00237435172312, -0.00460313167423, 0.0114512443542, -0.00531176663935, 0.00109796004836, -0.0023585758172, -0.000878462626133, -0.00129445432685], [-2.69032043434e-005, 0.000228152610362, 0.000152996522957, -0.000218807952479, 0.000344450585544, -0.00217262306251, 0.00135906098876, -0.00531176663935, 0.0153533210978, -0.00713158911094, 0.00302618858404, -0.00326152727939, 0.000443052238552], [-0.000282106950181, -3.25151086145e-005, 0.000169232051121, 0.000906992238015, -0.00225463765673, 0.000316638121149, -0.00057645252673, 0.00109796004836, -0.00713158911094, 0.016559144482, -0.0083148078993, 0.00366766029038, -0.00283398525789], [0.000177387235453, -0.000498457171489, -6.67222437301e-008, -0.000664136372507, 0.00159617734607, -0.00143416947685, 0.000814290775452, -0.0023585758172, 0.00302618858404, -0.0083148078993, 0.019063083455, -0.00975381210446, 0.00147368118633], [1.34527454065e-005, -0.000504506577272, -0.000410866603488, 0.000790905673057, -0.000346528831869, -0.000682966376189, -0.000263522786554, -0.000878462626133, -0.00326152727939, 0.00366766029038, -0.00975381210446, 0.0189232081175, -0.00569338537753], [0.000131635009893, 0.000157844959176, -0.000194691543584, -0.00159188441467, -0.000364291976439, 0.000565939582884, 0.000354999385308, -0.00129445432685, 0.000443052238552, -0.00283398525789, 0.00147368118633, -0.00569338537753, 0.0156844239682]]
    sccoeffs:
        dmean: [0.0589421913028, 0.0577325187624, 0.0414026528597, 0.0353253483772, 0.0279617737979, 0.0232505071908]
        dmean2: [0.091942101717, 0.0916356146336, 0.0656839236617, 0.0557861402631, 0.0434620119631, 0.0350860655308]
        dvar: [0.00287162861787, 0.00240695802495, 0.00131052045617, 0.000922770472243, 0.000637807592284, 0.000414391921367]
        dvar2: [0.00664438353851, 0.00572195742279, 0.0029746054206, 0.00207386119291, 0.00141922221519, 0.000878247548826]
        max: [-0.279740989208, -0.353382319212, -0.497358411551, -0.495870858431, -0.56456309557, -0.525187432766]
        mean: [-0.635846078396, -0.74394518137, -0.81268709898, -0.807869791985, -0.804729938507, -0.772513747215]
        median: [-0.666572511196, -0.754159390926, -0.827401697636, -0.816995322704, -0.81185990572, -0.773546278477]
        min: [-0.984004259109, -0.980938851833, -0.988580405712, -0.987917542458, -0.986421704292, -0.962551534176]
        var: [0.0146485902369, 0.00673970161006, 0.00424613012001, 0.00296368682757, 0.00203481828794, 0.00168613949791]
    scvalleys:
        dmean: [0.463826179504, 0.506671786308, 0.497118115425, 0.543213546276, 0.468622416258, 0.496354669333]
        dmean2: [0.698645234108, 0.764273703098, 0.689819931984, 0.770829260349, 0.63343924284, 0.660425186157]
        dvar: [0.24300353229, 0.234892755747, 0.194663241506, 0.246029958129, 0.228416934609, 0.315704226494]
        dvar2: [0.403765112162, 0.496397435665, 0.353447556496, 0.460287570953, 0.374783992767, 0.522781431675]
        max: [-5.12882423401, -4.70078897476, -5.37982797623, -5.40427398682, -5.39188480377, -7.44303894043]
        mean: [-7.55869436264, -7.18566703796, -7.62183570862, -7.72123146057, -7.54927158356, -9.87534236908]
        median: [-7.08817958832, -7.03982448578, -7.48475551605, -7.58922386169, -7.40893983841, -9.78561782837]
        min: [-27.85638237, -27.7355003357, -27.5246200562, -27.4318256378, -27.5593185425, -27.3022651672]
        var: [3.61121511459, 2.16042780876, 2.24065470695, 2.27359771729, 2.14258122444, 2.30062913895]

rhythm:
    beats_loudness:
        dmean: 0.00644855527207
        dmean2: 0.0123577276245
        dvar: 3.01005693473e-005
        dvar2: 7.42874253774e-005
        max: 0.0214558281004
        mean: 0.00682491669431
        median: 0.00481883622706
        min: 2.76176238996e-012
        var: 2.79623091046e-005
    bpm: 139.993774414
    bpm_confidence: 0
    first_peak_bpm: 140
    first_peak_spread: 0.12910284102
    first_peak_weight: 0.868995606899
    onset_rate: 4.94547891617
    second_peak_bpm: 129
    second_peak_spread: 0
    second_peak_weight: 0.00218340614811
    beats_loudness_band_ratio:
        dmean: [0.122831389308, 0.118276178837, 0.122927710414, 0.0845275968313, 0.174908101559, 0.15773640573]
        dmean2: [0.215252533555, 0.216000512242, 0.226451516151, 0.157077938318, 0.295279115438, 0.291544795036]
        dvar: [0.0128651950508, 0.0116435317323, 0.0161113590002, 0.0086479736492, 0.0133323036134, 0.014639493078]
        dvar2: [0.0289485864341, 0.0318169221282, 0.0438967943192, 0.0255199596286, 0.0411003865302, 0.0436374247074]
        max: [0.996731877327, 0.717979967594, 0.722871959209, 0.589973330498, 0.678208470345, 0.945450842381]
        mean: [0.115705884993, 0.109889045358, 0.1340996176, 0.112632244825, 0.302137970924, 0.258313626051]
        median: [0.0670037642121, 0.0727052018046, 0.082227230072, 0.0853371322155, 0.287918686867, 0.25508004427]
        min: [0, 0, 0, 0, 0, 0]
        var: [0.0147829754278, 0.0114180622622, 0.0173686295748, 0.00759821431711, 0.0214880630374, 0.0174364596605]
    beats_position: [0.487619042397, 0.952018141747, 1.39319729805, 1.83437633514, 2.26394557953, 2.69351458549, 3.13469386101, 3.56426286697, 3.99383211136, 4.41179132462, 4.841360569, 5.27092981339, 5.70049858093, 6.13006782532, 6.5596370697, 6.98920631409, 7.41877555847, 7.84834432602, 8.27791404724, 8.70748329163, 9.13705158234, 9.56662082672, 9.98458003998, 10.4141492844, 10.8437185287, 11.2732877731, 11.7028570175, 12.1208162308, 12.5503854752, 12.9799547195, 13.4211339951, 13.8507022858, 14.2802715302, 14.6982307434, 15.1277999878, 15.5573692322, 15.9869384766, 16.4165077209, 16.8460769653, 17.2756462097, 17.7052154541, 18.1347846985, 18.5643539429, 18.9939231873, 19.4234924316, 19.853061676, 20.2710208893, 20.7005901337, 21.1301574707, 21.548116684, 21.9776859283, 22.4072551727, 22.8368244171, 23.2663936615, 23.6959629059, 24.1255321503, 24.5551013947, 24.984670639, 25.4142398834, 25.8438091278, 26.2733783722, 26.7029476166, 27.132516861, 27.5620861053, 27.9916553497, 28.4212245941, 28.8507938385, 29.2803630829, 29.7099323273, 30.1394996643, 30.5690689087, 30.9986381531, 31.4165973663, 31.8345565796, 32.264125824, 32.6936950684, 33.1232643127, 33.5528335571, 33.99401474, 34.4235839844, 34.8531494141, 35.2711105347, 35.7006797791, 36.1302490234, 36.5598182678, 36.9893875122, 37.4189567566, 37.848526001, 38.2780952454, 38.7076644897, 39.1372337341, 39.5668029785, 39.9963722229, 40.4259414673, 40.8555107117, 41.2850799561, 41.7146492004, 42.1442184448, 42.5621757507, 42.9801368713, 43.4097061157, 43.8392753601, 44.2688446045, 44.6984100342, 45.1279792786, 45.5575485229, 45.9871177673, 46.4166870117, 46.8462562561, 47.2758255005, 47.7053947449, 48.1349639893, 48.5645332336, 48.994102478, 49.4236717224, 49.8532409668, 50.2828102112, 50.7123794556, 51.1419487, 51.5715179443, 51.9894790649, 52.4074363708, 52.8370056152, 53.2665748596, 53.696144104, 54.1257133484, 54.5552825928, 54.9848518372, 55.4144210815, 55.8439903259, 56.2735595703, 56.7031288147, 57.1326980591, 57.5622673035, 57.9918365479, 58.4214057922, 58.8509750366, 59.280544281, 59.6985015869, 60.1280708313, 60.5576400757, 60.9872093201, 61.4167785645, 61.8463478088, 62.2759170532, 62.6938781738, 63.1234474182, 63.5530128479, 63.9825820923, 64.4121551514, 64.8417205811, 65.2712936401, 65.7008590698, 66.1304321289, 66.5599975586, 66.9895706177, 67.4191360474, 67.8487091064, 68.2782745361, 68.7078475952, 69.1374130249, 69.566986084, 69.9965515137, 70.4261245728, 70.8556900024, 71.2852630615, 71.7148284912, 72.1327896118, 72.5623550415, 72.9803161621, 73.4098815918, 73.8394546509, 74.2690200806, 74.6985931396, 75.1281585693, 75.5577316284, 75.9872970581, 76.4168701172, 76.8464355469, 77.276008606, 77.7055740356, 78.1351470947, 78.5647125244, 78.9942855835, 79.4238510132, 79.8534240723, 80.282989502, 80.712562561, 81.1421279907, 81.5717010498, 81.9896621704, 82.4192276001, 82.8487930298, 83.2667541504, 83.6963272095, 84.1258926392, 84.5554656982, 84.9850311279, 85.414604187, 85.8441696167, 86.2737426758, 86.7033081055, 87.1328811646, 87.5624465942, 87.9920196533, 88.421585083, 88.8511581421, 89.2807235718, 89.7102966309, 90.1398620605, 90.5810394287, 90.9990005493, 91.4169616699, 91.8465270996, 92.2761001587, 92.7056655884, 93.1352386475, 93.5648040771, 93.9943771362, 94.4239425659, 94.853515625, 95.2830810547, 95.7126541138, 96.1422195435, 96.5717926025, 96.9897460938, 97.4193191528, 97.8488845825, 98.2784576416, 98.7080230713, 99.1259841919, 99.555557251, 99.9851226807, 100.41469574, 100.844261169, 101.26222229, 101.69178772, 102.121360779, 102.550926208, 102.980499268, 103.410064697, 103.839637756, 104.269203186, 104.698776245, 105.128341675, 105.557914734, 105.987480164, 106.417053223, 106.846618652, 107.276191711, 107.705757141, 108.1353302, 108.56489563, 108.994468689, 109.424034119, 109.853607178, 110.283172607, 110.712738037, 111.142311096, 111.560272217, 111.989837646, 112.419410706, 112.848976135, 113.278549194, 113.708114624, 114.137687683, 114.567253113, 114.985214233, 115.414779663, 115.844352722, 116.273918152, 116.703491211, 117.133056641, 117.5626297, 117.992195129, 118.421768188, 118.851333618, 119.280906677, 119.710472107, 120.128433228, 120.557998657, 120.987571716, 121.417137146, 121.835098267, 122.264671326, 122.694236755, 123.135414124, 123.564987183, 123.994552612, 124.412513733, 124.842086792, 125.271652222, 125.701225281, 126.13079071, 126.56036377, 126.989929199, 127.419502258, 127.849067688, 128.278640747, 128.708206177, 129.137771606, 129.567337036, 129.996917725, 130.426483154, 130.844436646, 131.262405396, 131.691970825, 132.121536255, 132.551101685, 132.980682373, 133.421859741, 133.851425171, 134.280990601, 134.698959351, 135.12852478, 135.55809021, 135.98765564, 136.417236328, 136.846801758, 137.276367188, 137.705932617, 138.135513306, 138.565078735, 138.994644165, 139.424209595, 139.853790283, 140.283355713, 140.712921143, 141.130874634, 141.548843384, 141.978408813, 142.407974243, 142.837554932, 143.267120361, 143.708297729, 144.137863159, 144.567428589, 144.985397339, 145.414962769, 145.844528198, 146.274108887, 146.703674316, 147.133239746, 147.562805176, 147.992385864, 148.421951294, 148.851516724, 149.281082153, 149.710647583, 150.140228271, 150.558181763, 150.987747192, 151.417327881, 151.835281372, 152.264846802, 152.694412231, 153.12399292, 153.55355835, 153.994735718, 154.424301147, 154.853881836, 155.283447266, 155.713012695, 156.130966187, 156.560546875, 156.990112305, 157.419677734, 157.849243164, 158.278823853, 158.708389282, 159.126342773, 159.555908203, 159.985488892, 160.415054321, 160.844619751, 161.274185181, 161.703765869, 162.133331299, 162.562896729, 162.980865479, 163.410430908, 163.839996338, 164.269561768, 164.699142456, 165.128707886, 165.558273315, 165.987838745, 166.417419434, 166.846984863, 167.276550293, 167.706115723, 168.135681152, 168.565261841, 168.994827271, 169.412780762, 169.830749512, 170.27192688, 170.70149231, 171.131057739, 171.560638428, 171.990203857, 172.408157349, 172.837722778, 173.267303467, 173.696868896, 174.126434326, 174.555999756, 174.985580444, 175.415145874, 175.844711304, 176.274276733, 176.703857422, 177.133422852, 177.562988281, 177.992553711, 178.422134399, 178.851699829, 179.281265259, 179.69921875, 180.128799438, 180.558364868, 180.987930298, 181.417495728, 181.847076416, 182.276641846, 182.694595337, 183.124176025, 183.553741455, 183.983306885, 184.412872314, 184.842453003, 185.272018433, 185.701583862, 186.131149292, 186.560714722, 186.99029541, 187.41986084, 187.84942627, 188.278991699, 188.708572388, 189.138137817, 189.567703247, 189.997268677, 190.426849365, 190.856414795, 191.285980225, 191.715545654, 192.145126343, 192.563079834, 192.992645264, 193.422225952, 193.851791382, 194.281356812, 194.699310303, 195.117279053, 195.546844482, 195.976409912, 196.405975342, 196.83555603]
