
metadata:
    version:
        essentia: "2.1-beta2"
    audio_properties:
        analysis_sample_rate: 44100
        bitrate: 274
        channels: 2
        equal_loudness: 1
        length: 394.379333496
        replay_gain: -14.0276660919
        downmix: "mix"
    tags:
        album: "L'Enfant Sauvage"
        artist: "Gojira"
        comment: ""
        date: "2012"
        genre: "Metal"
        title: "Explosia"
        tracknumber: "1"

configuration:
    average_loudness:
        compute: 1
        frameSize: 88200
        hopSize: 44100
        silentFrames: "noise"
        windowType: "hann"
    general:
        analysisSampleRate: 44100
        endTime: 2000
        equalLoudness: 1
        nequalLoudness: 0
        shortSound: 0
        startTime: 0
    lowlevel:
        compute: 1
        frameSize: 2048
        hopSize: 1024
        zeroPadding: 0
        silentFrames: "noise"
        windowType: "blackmanharris62"
        mfccStats: ["mean", "cov", "icov"]
        stats: ["mean", "var", "median", "min", "max", "dmean", "dmean2", "dvar", "dvar2"]
    panning:
        compute: 0
        frameSize: 8192
        hopSize: 2048
        zeroPadding: 8192
        silentFrames: "noise"
        windowType: "hann"
        stats: ["copy"]
    rhythm:
        compute: 1
        maxTempo: 208
        minTempo: 40
        method: "degara"
        stats: ["mean", "var", "median", "min", "max", "dmean", "dmean2", "dvar", "dvar2"]
    segmentation:
        compute: 0
        cpw: 5
        inc1: 300
        inc2: 50
        minimumSegmentsLength: 10
        size1: 1000
        size2: 600
    sfx:
        compute: 1
        stats: ["mean", "var", "median", "min", "max", "dmean", "dmean2", "dvar", "dvar2"]
    svm:
        compute: 0
    tonal:
        compute: 1
        frameSize: 4096
        hopSize: 2048
        zeroPadding: 0
        silentFrames: "noise"
        windowType: "blackmanharris62"
        stats: ["mean", "var", "median", "min", "max", "dmean", "dmean2", "dvar", "dvar2"]

lowlevel:
    average_loudness: 0.894998311996
    barkbands_kurtosis:
        dmean: 0.74397110939
        dmean2: 1.22517609596
        dvar: 1.12775743008
        dvar2: 2.77524065971
        max: 24.3487930298
        mean: -0.642762541771
        median: -1.04145336151
        min: -1.86535859108
        var: 1.8937163353
    barkbands_skewness:
        dmean: 0.453095108271
        dmean2: 0.683274626732
        dvar: 0.179260015488
        dvar2: 0.421862870455
        max: 3.95774960518
        mean: -0.0436397865415
        median: -0.168819144368
        min: -4.17723083496
        var: 0.748552262783
    barkbands_spread:
        dmean: 5.53548145294
        dmean2: 9.05412101746
        dvar: 26.5213298798
        dvar2: 70.2816467285
        max: 62.9742507935
        mean: 33.2397041321
        median: 33.4498825073
        min: 2.86534047127
        var: 84.3105239868
    dissonance:
        dmean: 0.00923845078796
        dmean2: 0.015687033534
        dvar: 8.01654241513e-005
        dvar2: 0.000220954214456
        max: 0.500000059605
        mean: 0.481794238091
        median: 0.486163824797
        min: 0.323772311211
        var: 0.000256193976384
    hfc:
        dmean: 3.36888718605
        dmean2: 5.64298772812
        dvar: 49.257724762
        dvar2: 130.968093872
        max: 232.591903687
        mean: 8.76389789581
        median: 7.74380970001
        min: 1.13001474353e-016
        var: 68.3609313965
    pitch:
        dmean: 848.664733887
        dmean2: 1626.11975098
        dvar: 1766723.375
        dvar2: 4259945
        max: 4832.20996094
        mean: 1855.60498047
        median: 905.771240234
        min: 65.5341339111
        var: 2854878.25
    pitch_instantaneous_confidence:
        dmean: 0.0759516209364
        dmean2: 0.12530554831
        dvar: 0.00385635020211
        dvar2: 0.0102975191548
        max: 0.942668259144
        mean: 0.34524834156
        median: 0.333292841911
        min: 0.102113723755
        var: 0.0110628604889
    pitch_salience:
        dmean: 0.0570922866464
        dmean2: 0.0940421074629
        dvar: 0.00280353496782
        dvar2: 0.00766839971766
        max: 0.888116538525
        mean: 0.688790023327
        median: 0.707137465477
        min: 0.222764074802
        var: 0.00686827022582
    silence_rate_20dB:
        dmean: 0
        dmean2: 0
        dvar: 0
        dvar2: 0
        max: 1
        mean: 1
        median: 1
        min: 1
        var: 0
    silence_rate_30dB:
        dmean: 0
        dmean2: 0
        dvar: 0
        dvar2: 0
        max: 1
        mean: 1
        median: 1
        min: 1
        var: 0
    silence_rate_60dB:
        dmean: 0.100323818624
        dmean2: 0.200659438968
        dvar: 0.0902275443077
        dvar2: 0.199265360832
        max: 1
        mean: 0.279524326324
        median: 0
        min: 0
        var: 0.201376780868
    spectral_centroid:
        dmean: 327.78326416
        dmean2: 500.406738281
        dvar: 105628
        dvar2: 254210.078125
        max: 11539.7070313
        mean: 1768.90026855
        median: 1807.38769531
        min: 304.330230713
        var: 454251.71875
    spectral_complexity:
        dmean: 4.63456010818
        dmean2: 7.24788045883
        dvar: 24.5534877777
        dvar2: 58.6560668945
        max: 60
        mean: 17.6296367645
        median: 18
        min: 0
        var: 115.91758728
    spectral_crest:
        dmean: 1.87414371967
        dmean2: 3.1228685379
        dvar: 3.49087524414
        dvar2: 9.22855377197
        max: 24.7444324493
        mean: 6.56001281738
        median: 5.86055469513
        min: 2.29400110245
        var: 7.48564291
    spectral_decrease:
        dmean: 3.2122399185e-010
        dmean2: 5.47359157999e-010
        dvar: 3.87884350422e-019
        dvar2: 1.04686737554e-018
        max: 1.77626195618e-028
        mean: -1.03397412854e-009
        median: -9.49681222551e-010
        min: -1.44243550437e-008
        var: 5.58236071271e-019
    spectral_energy:
        dmean: 0.0014724121429
        dmean2: 0.00251428573392
        dvar: 8.11478003016e-006
        dvar2: 2.17450051423e-005
        max: 0.0680097714067
        mean: 0.00469735870138
        median: 0.00431848689914
        min: 1.03586220601e-020
        var: 1.1896918295e-005
    spectral_energyband_high:
        dmean: 0.000286703580059
        dmean2: 0.000501977629028
        dvar: 4.9149412007e-007
        dvar2: 1.36947346618e-006
        max: 0.0226965826005
        mean: 0.000462119380245
        median: 0.000356909527909
        min: 7.29727831181e-021
        var: 4.29413432812e-007
    spectral_energyband_low:
        dmean: 0.000247220159508
        dmean2: 0.000414369947976
        dvar: 1.26357875274e-007
        dvar2: 3.30182729158e-007
        max: 0.00708671147004
        mean: 0.000386537925806
        median: 0.00026619626442
        min: 5.7049278395e-023
        var: 1.9618228464e-007
    spectral_energyband_middle_high:
        dmean: 0.000781855545938
        dmean2: 0.00127006310504
        dvar: 2.27465352509e-006
        dvar2: 5.80319056098e-006
        max: 0.062463697046
        mean: 0.0024233837612
        median: 0.00209589092992
        min: 1.26675985931e-021
        var: 4.69218821308e-006
    spectral_energyband_middle_low:
        dmean: 0.000760244147386
        dmean2: 0.00127350399271
        dvar: 2.88750288746e-006
        dvar2: 7.97249140305e-006
        max: 0.0204726252705
        mean: 0.00158913654741
        median: 0.00115079572424
        min: 1.91145263495e-022
        var: 2.96994176097e-006
    spectral_flatness_db:
        dmean: 0.0134093193337
        dmean2: 0.0211812164634
        dvar: 0.000151165178977
        dvar2: 0.000374833907699
        max: 0.314143449068
        mean: 0.135610282421
        median: 0.129260927439
        min: 0.061669331044
        var: 0.00110909633804
    spectral_flux:
        dmean: 0.00779864611104
        dmean2: 0.0125062251464
        dvar: 0.000133338980959
        dvar2: 0.000254469603533
        max: 0.303323000669
        mean: 0.0402993224561
        median: 0.0398122668266
        min: 6.32680713375e-011
        var: 0.000416400696849
    spectral_kurtosis:
        dmean: 1.11788225174
        dmean2: 1.93616783619
        dvar: 2.84157133102
        dvar2: 8.81577968597
        max: 37.3821792603
        mean: 4.07386350632
        median: 3.70961618423
        min: -1.23606061935
        var: 5.53736543655
    spectral_rms:
        dmean: 0.000289307470666
        dmean2: 0.000481431809021
        dvar: 1.80834049957e-007
        dvar2: 4.7718742735e-007
        max: 0.00814561266452
        mean: 0.00198863097467
        median: 0.00205259793438
        min: 3.17898918994e-012
        var: 6.28159739335e-007
    spectral_rolloff:
        dmean: 384.826202393
        dmean2: 607.229187012
        dvar: 236683.25
        dvar2: 528497.9375
        max: 19358.3496094
        mean: 3335.82983398
        median: 3574.51171875
        min: 193.798828125
        var: 920685.125
    spectral_skewness:
        dmean: 0.176715880632
        dmean2: 0.294510781765
        dvar: 0.0338973365724
        dvar2: 0.0935562551022
        max: 3.89054536819
        mean: 1.35758841038
        median: 1.37174212933
        min: -0.0506934002042
        var: 0.106190472841
    spectral_spread:
        dmean: 389847.90625
        dmean2: 591548.5
        dvar: 291820077056
        dvar2: 632776818688
        max: 42429000
        mean: 4336305.5
        median: 4299076.5
        min: 1347731.5
        var: 2.63597562266e+012
    spectral_strongpeak:
        dmean: 0.44815710187
        dmean2: 0.792476415634
        dvar: 0.524058222771
        dvar2: 1.42679142952
        max: 9.93348026276
        mean: 0.528012931347
        median: 0.216189295053
        min: 1.6950834833e-011
        var: 0.596002817154
    zerocrossingrate:
        dmean: 0.00907832290977
        dmean2: 0.0107479374856
        dvar: 7.05013007973e-005
        dvar2: 9.26377106225e-005
        max: 0.52001953125
        mean: 0.100159749389
        median: 0.10302734375
        min: 0.0234375
        var: 0.000779368157964
    barkbands:
        dmean: [5.81817346301e-007, 6.78231808706e-005, 0.000143849305459, 0.000221686830628, 0.00045951930224, 0.00014107133029, 9.65214276221e-005, 7.65975855757e-005, 9.27168075577e-005, 6.89390071784e-005, 5.20455178048e-005, 6.07058354944e-005, 9.02588144527e-005, 7.02900215401e-005, 6.77317293594e-005, 0.000126300699776, 0.000167854537722, 0.00018317863578, 0.00028776214458, 0.000291609409032, 0.000121065611893, 2.90844509436e-005, 4.53981692772e-006, 2.51412529906e-006, 1.73921500846e-006, 9.31911188218e-008, 1.95753102616e-009]
        dmean2: [9.10635662876e-007, 0.000116063987662, 0.000246459501795, 0.000356249627657, 0.000791625294369, 0.000236404914176, 0.000165510369698, 0.000122222671052, 0.000155673522386, 0.000118043324619, 8.7699132564e-005, 0.000102116122434, 0.000151382075273, 0.000118553922221, 0.000113853930088, 0.000212503626244, 0.000282560649794, 0.000313845201163, 0.000474218773888, 0.00050184346037, 0.000214067622437, 5.20506728208e-005, 7.89043588156e-006, 4.25973939855e-006, 3.0108003557e-006, 1.63101830708e-007, 3.39700667595e-009]
        dvar: [1.18331277936e-012, 1.33163986504e-008, 4.9584716777e-008, 9.9014442867e-008, 1.64719244822e-006, 8.6988336534e-008, 4.36342055821e-008, 2.05351149418e-008, 3.63147520943e-008, 2.29595151779e-008, 1.13335847374e-008, 2.07104076111e-008, 3.4262473747e-008, 2.76601426208e-008, 2.63849671001e-008, 7.26754691982e-008, 2.06660999424e-007, 1.68931791222e-007, 3.20707215451e-007, 4.58972039041e-007, 1.37146400903e-007, 1.908322389e-008, 6.82471412716e-010, 4.25464274922e-010, 5.25910037741e-010, 1.82745442043e-012, 1.08819434465e-015]
        dvar2: [2.86232756247e-012, 3.53330946723e-008, 1.35198831686e-007, 2.33149350493e-007, 4.60444380224e-006, 2.3727965015e-007, 1.18890767453e-007, 5.18005407457e-008, 9.71512150727e-008, 6.55349623457e-008, 3.09241094953e-008, 5.70352902685e-008, 9.61080388606e-008, 7.81157396545e-008, 6.84616026092e-008, 2.00534131523e-007, 5.77659079681e-007, 4.61556481923e-007, 8.6321517756e-007, 1.29998784359e-006, 3.82708009283e-007, 5.42410134585e-008, 1.89159865549e-009, 1.08703768209e-009, 1.33997823948e-009, 5.05650556148e-012, 2.84557732839e-015]
        max: [1.28567917272e-005, 0.0026489389129, 0.00333487056196, 0.00947298016399, 0.0152049669996, 0.00549595896155, 0.00364564917982, 0.00372707424685, 0.00557575095445, 0.00579546298832, 0.00364421471022, 0.00415779277682, 0.00440971273929, 0.00805296935141, 0.00536057911813, 0.01086026337, 0.0324711613357, 0.0156513731927, 0.018047451973, 0.0259620491415, 0.0126567725092, 0.00966699235141, 0.00161070586182, 0.00125451222993, 0.00151499046478, 0.000111612258479, 1.77364825049e-006]
        mean: [8.83551479092e-007, 8.23174850666e-005, 0.00017548368487, 0.000326647626935, 0.00054999178974, 0.000223036870011, 0.000154653796926, 0.000134454370709, 0.000154407447553, 0.000116554023407, 8.99201550055e-005, 0.000104519567685, 0.000167109290487, 0.000124582016724, 0.000121427554404, 0.000261632289039, 0.000336984725436, 0.000309382390697, 0.000570322445128, 0.000468210520921, 0.000175641922397, 3.61872444046e-005, 6.93798438078e-006, 3.79506673198e-006, 2.18964328269e-006, 1.00986049745e-007, 1.81718151637e-009]
        median: [4.170677812e-007, 4.17060655309e-005, 0.000103455473436, 0.000171780440724, 0.000263672962319, 0.000110006978502, 6.56630654703e-005, 5.82363245485e-005, 7.53194544814e-005, 7.21309770597e-005, 5.1452567277e-005, 5.05586285726e-005, 8.32967489259e-005, 7.75144726504e-005, 7.59213362471e-005, 0.000172714906512, 0.000211735692574, 0.000202154798899, 0.000480572460219, 0.000364355335478, 0.000126367609482, 2.01373986783e-005, 4.23410801886e-006, 2.14032070289e-006, 9.48819092628e-007, 3.36254792899e-008, 3.60120572251e-010]
        min: [1.03724352338e-024, 1.63612749414e-023, 9.80535251414e-024, 2.13646331214e-024, 1.58108504003e-023, 1.52688856034e-023, 9.47692526461e-024, 5.49203147835e-024, 2.39977214498e-023, 2.22107747947e-023, 1.12499524691e-023, 4.40052834669e-023, 1.97041108926e-023, 4.73607317262e-023, 3.49138477054e-023, 3.35489889662e-023, 6.49312168394e-023, 1.43480533175e-022, 1.66454598737e-022, 1.86537381797e-022, 2.65506877005e-022, 3.5168537444e-022, 4.52083032893e-022, 6.68257527624e-022, 9.32698647235e-022, 1.29738906896e-021, 2.05496241277e-021]
        var: [1.64194320033e-012, 1.57047033156e-008, 5.74620599991e-008, 2.08178647654e-007, 1.22437768368e-006, 1.30677264565e-007, 6.90088555189e-008, 4.69261323133e-008, 6.62707719812e-008, 2.71722733203e-008, 1.61752247152e-008, 3.14539363444e-008, 7.15921757433e-008, 3.42996635538e-008, 4.00780848508e-008, 1.23747341263e-007, 2.44681473305e-007, 1.92319916437e-007, 3.89074614304e-007, 4.08106672012e-007, 1.04031727233e-007, 1.22117844725e-008, 4.74898564917e-010, 3.29634680662e-010, 4.31482127805e-010, 1.15071775893e-012, 7.89155874183e-016]
    frequency_bands:
        dmean: [5.81817346301e-007, 6.78231808706e-005, 0.000143849305459, 0.000221686830628, 0.00045951930224, 0.00014107133029, 9.65214276221e-005, 7.65975855757e-005, 9.27168075577e-005, 6.89390071784e-005, 5.20455178048e-005, 6.07058354944e-005, 9.02588144527e-005, 7.02900215401e-005, 6.77317293594e-005, 0.000126300699776, 0.000167854537722, 0.00018317863578, 0.00028776214458, 0.000291609409032, 0.000121065611893, 2.90844509436e-005, 4.53981692772e-006, 2.51412529906e-006, 1.73921500846e-006, 9.31911188218e-008, 1.95753102616e-009, 6.74921368793e-011]
        dmean2: [9.10635662876e-007, 0.000116063987662, 0.000246459501795, 0.000356249627657, 0.000791625294369, 0.000236404914176, 0.000165510369698, 0.000122222671052, 0.000155673522386, 0.000118043324619, 8.7699132564e-005, 0.000102116122434, 0.000151382075273, 0.000118553922221, 0.000113853930088, 0.000212503626244, 0.000282560649794, 0.000313845201163, 0.000474218773888, 0.00050184346037, 0.000214067622437, 5.20506728208e-005, 7.89043588156e-006, 4.25973939855e-006, 3.0108003557e-006, 1.63101830708e-007, 3.39700667595e-009, 1.25372656701e-010]
        dvar: [1.18331277936e-012, 1.33163986504e-008, 4.9584716777e-008, 9.9014442867e-008, 1.64719244822e-006, 8.6988336534e-008, 4.36342055821e-008, 2.05351149418e-008, 3.63147520943e-008, 2.29595151779e-008, 1.13335847374e-008, 2.07104076111e-008, 3.4262473747e-008, 2.76601426208e-008, 2.63849671001e-008, 7.26754691982e-008, 2.06660999424e-007, 1.68931791222e-007, 3.20707215451e-007, 4.58972039041e-007, 1.37146400903e-007, 1.908322389e-008, 6.82471412716e-010, 4.25464274922e-010, 5.25910037741e-010, 1.82745442043e-012, 1.08819434465e-015, 1.96463576815e-019]
        dvar2: [2.86232756247e-012, 3.53330946723e-008, 1.35198831686e-007, 2.33149350493e-007, 4.60444380224e-006, 2.3727965015e-007, 1.18890767453e-007, 5.18005407457e-008, 9.71512150727e-008, 6.55349623457e-008, 3.09241094953e-008, 5.70352902685e-008, 9.61080388606e-008, 7.81157396545e-008, 6.84616026092e-008, 2.00534131523e-007, 5.77659079681e-007, 4.61556481923e-007, 8.6321517756e-007, 1.29998784359e-006, 3.82708009283e-007, 5.42410134585e-008, 1.89159865549e-009, 1.08703768209e-009, 1.33997823948e-009, 5.05650556148e-012, 2.84557732839e-015, 5.5205341318e-019]
        max: [1.28567917272e-005, 0.0026489389129, 0.00333487056196, 0.00947298016399, 0.0152049669996, 0.00549595896155, 0.00364564917982, 0.00372707424685, 0.00557575095445, 0.00579546298832, 0.00364421471022, 0.00415779277682, 0.00440971273929, 0.00805296935141, 0.00536057911813, 0.01086026337, 0.0324711613357, 0.0156513731927, 0.018047451973, 0.0259620491415, 0.0126567725092, 0.00966699235141, 0.00161070586182, 0.00125451222993, 0.00151499046478, 0.000111612258479, 1.77364825049e-006, 3.31359437666e-008]
        mean: [8.83551479092e-007, 8.23174850666e-005, 0.00017548368487, 0.000326647626935, 0.00054999178974, 0.000223036870011, 0.000154653796926, 0.000134454370709, 0.000154407447553, 0.000116554023407, 8.99201550055e-005, 0.000104519567685, 0.000167109290487, 0.000124582016724, 0.000121427554404, 0.000261632289039, 0.000336984725436, 0.000309382390697, 0.000570322445128, 0.000468210520921, 0.000175641922397, 3.61872444046e-005, 6.93798438078e-006, 3.79506673198e-006, 2.18964328269e-006, 1.00986049745e-007, 1.81718151637e-009, 5.09682435146e-011]
        median: [4.170677812e-007, 4.17060655309e-005, 0.000103455473436, 0.000171780440724, 0.000263672962319, 0.000110006978502, 6.56630654703e-005, 5.82363245485e-005, 7.53194544814e-005, 7.21309770597e-005, 5.1452567277e-005, 5.05586285726e-005, 8.32967489259e-005, 7.75144726504e-005, 7.59213362471e-005, 0.000172714906512, 0.000211735692574, 0.000202154798899, 0.000480572460219, 0.000364355335478, 0.000126367609482, 2.01373986783e-005, 4.23410801886e-006, 2.14032070289e-006, 9.48819092628e-007, 3.36254792899e-008, 3.60120572251e-010, 1.40805561655e-011]
        min: [1.03724352338e-024, 1.63612749414e-023, 9.80535251414e-024, 2.13646331214e-024, 1.58108504003e-023, 1.52688856034e-023, 9.47692526461e-024, 5.49203147835e-024, 2.39977214498e-023, 2.22107747947e-023, 1.12499524691e-023, 4.40052834669e-023, 1.97041108926e-023, 4.73607317262e-023, 3.49138477054e-023, 3.35489889662e-023, 6.49312168394e-023, 1.43480533175e-022, 1.66454598737e-022, 1.86537381797e-022, 2.65506877005e-022, 3.5168537444e-022, 4.52083032893e-022, 6.68257527624e-022, 9.32698647235e-022, 1.29738906896e-021, 2.05496241277e-021, 6.36301971422e-022]
        var: [1.64194320033e-012, 1.57047033156e-008, 5.74620599991e-008, 2.08178647654e-007, 1.22437768368e-006, 1.30677264565e-007, 6.90088555189e-008, 4.69261323133e-008, 6.62707719812e-008, 2.71722733203e-008, 1.61752247152e-008, 3.14539363444e-008, 7.15921757433e-008, 3.42996635538e-008, 4.00780848508e-008, 1.23747341263e-007, 2.44681473305e-007, 1.92319916437e-007, 3.89074614304e-007, 4.08106672012e-007, 1.04031727233e-007, 1.22117844725e-008, 4.74898564917e-010, 3.29634680662e-010, 4.31482127805e-010, 1.15071775893e-012, 7.89155874183e-016, 1.22317859666e-019]
    mfcc:
        mean: [-713.166137695, 104.07069397, -52.9184265137, 53.5373458862, -10.5377454758, -5.14793729782, 3.68275141716, -8.35853099823, -3.08726263046, -3.35408043861, -7.7007226944, -4.10594797134, -4.19635629654]
        cov: [[7971.76708984, 288.295227051, -903.898132324, 779.78717041, -312.034942627, 366.213623047, 329.567199707, 213.90838623, 167.005203247, 80.9570846558, 21.005979538, -66.8713302612, -167.501098633], [288.295227051, 524.395996094, -176.60446167, 39.3423309326, -21.228395462, -80.3376922607, -49.0601806641, -37.6610069275, -8.12696266174, -31.8797836304, -40.5715827942, -16.2787208557, -11.0528450012], [-903.898132324, -176.60446167, 492.377960205, -27.4139347076, 121.751487732, 21.2334423065, -41.1173553467, -50.3623542786, -31.2667140961, -10.8716278076, 10.6341266632, 0.30452388525, 21.885931015], [779.78717041, 39.3423309326, -27.4139347076, 301.935699463, -7.55552816391, 119.809684753, 76.5461730957, 22.9920654297, 39.1599807739, 37.226978302, 10.7624902725, -20.4208374023, -4.32934045792], [-312.034942627, -21.228395462, 121.751487732, -7.55552816391, 112.923675537, 12.5219984055, -16.7954845428, -17.3937740326, -1.53997695446, -4.12599134445, -1.19895374775, -2.35914230347, 4.4127869606], [366.213623047, -80.3376922607, 21.2334423065, 119.809684753, 12.5219984055, 164.646102905, 95.7600326538, 46.5395126343, 21.3053417206, 29.7433338165, 20.5209255219, -7.74243354797, -17.2404308319], [329.567199707, -49.0601806641, -41.1173553467, 76.5461730957, -16.7954845428, 95.7600326538, 132.385009766, 62.6234169006, 24.441904068, 23.7478427887, 9.00126934052, -4.65359115601, -14.5169038773], [213.90838623, -37.6610069275, -50.3623542786, 22.9920654297, -17.3937740326, 46.5395126343, 62.6234169006, 85.8086395264, 30.5168628693, 15.236123085, 6.31076002121, 1.68321657181, -12.3836517334], [167.005203247, -8.12696266174, -31.2667140961, 39.1599807739, -1.53997695446, 21.3053417206, 24.441904068, 30.5168628693, 62.1736526489, 28.8613090515, 6.73587608337, -3.28910064697, -1.34334540367], [80.9570846558, -31.8797836304, -10.8716278076, 37.226978302, -4.12599134445, 29.7433338165, 23.7478427887, 15.236123085, 28.8613090515, 61.1929626465, 27.8727684021, 7.66921854019, 2.5887362957], [21.005979538, -40.5715827942, 10.6341266632, 10.7624902725, -1.19895374775, 20.5209255219, 9.00126934052, 6.31076002121, 6.73587608337, 27.8727684021, 56.4317092896, 28.6941699982, 6.70288658142], [-66.8713302612, -16.2787208557, 0.30452388525, -20.4208374023, -2.35914230347, -7.74243354797, -4.65359115601, 1.68321657181, -3.28910064697, 7.66921854019, 28.6941699982, 54.1519737244, 23.0522422791], [-167.501098633, -11.0528450012, 21.885931015, -4.32934045792, 4.4127869606, -17.2404308319, -14.5169038773, -12.3836517334, -1.34334540367, 2.5887362957, 6.70288658142, 23.0522422791, 54.0056991577]]
        icov: [[0.000248263590038, 2.03990821319e-005, 0.000339726044331, -0.000548358249944, 0.000295041681966, -0.000199330184842, 4.82328468934e-005, -1.77095917024e-005, -0.000215461288462, 0.000310874194838, -7.40295072319e-005, -0.000169615377672, 0.000575032725465], [2.03990821319e-005, 0.00281155621633, 0.00117954553571, -0.00123316491954, -0.000746969366446, 0.00146057351958, 0.000350005517248, 0.00089749507606, 0.000111483190267, 0.000758226437028, 0.00107350072358, -0.000488444347866, 0.000930676062126], [0.000339726044331, 0.00117954553571, 0.00403608707711, -0.000853868725244, -0.00281869084574, -0.000793105864432, 0.000755649642088, 0.00113423482981, 0.000857060775161, 0.000873895129189, -0.000713037152309, 0.000594857730903, -0.000154655659571], [-0.000548358249944, -0.00123316491954, -0.000853868725244, 0.00713264383376, 0.000341062113876, -0.00408928375691, -0.000962903373875, 0.00186557858251, -0.00187189527787, -0.00163137784693, -0.000364098814316, 0.0026275338605, -0.00324440607801], [0.000295041681966, -0.000746969366446, -0.00281869084574, 0.000341062113876, 0.0133426366374, -0.00307068834081, 0.0015501807211, 0.0013405138161, -0.00299181067385, 0.00102638453245, 0.000863938417751, -0.000510521233082, 0.000572489574552], [-0.000199330184842, 0.00146057351958, -0.000793105864432, -0.00408928375691, -0.00307068834081, 0.0161799043417, -0.0076393764466, -0.00208331295289, 0.00228921347298, -0.0011888758745, -0.00294930231757, 0.00100156466942, 0.0026116236113], [4.82328468934e-005, 0.000350005517248, 0.000755649642088, -0.000962903373875, 0.0015501807211, -0.0076393764466, 0.0178544335067, -0.00801496114582, 0.000997740775347, -0.00159345532302, 0.0019083378138, -0.000257326493738, 0.000208062469028], [-1.77095917024e-005, 0.00089749507606, 0.00113423482981, 0.00186557858251, 0.0013405138161, -0.00208331295289, -0.00801496114582, 0.022739591077, -0.00892957951874, 0.00218889233656, 0.000923606276046, -0.00334763829596, 0.00309112435207], [-0.000215461288462, 0.000111483190267, 0.000857060775161, -0.00187189527787, -0.00299181067385, 0.00228921347298, 0.000997740775347, -0.00892957951874, 0.0266467388719, -0.0113619491458, 0.00146288645919, 0.00300813931972, -0.00220509944484], [0.000310874194838, 0.000758226437028, 0.000873895129189, -0.00163137784693, 0.00102638453245, -0.0011888758745, -0.00159345532302, 0.00218889233656, -0.0113619491458, 0.0292453747243, -0.0129856253043, 0.00200076820329, -0.000682160956785], [-7.40295072319e-005, 0.00107350072358, -0.000713037152309, -0.000364098814316, 0.000863938417751, -0.00294930231757, 0.0019083378138, 0.000923606276046, 0.00146288645919, -0.0129856253043, 0.0344190038741, -0.0182169955224, 0.00412536086515], [-0.000169615377672, -0.000488444347866, 0.000594857730903, 0.0026275338605, -0.000510521233082, 0.00100156466942, -0.000257326493738, -0.00334763829596, 0.00300813931972, 0.00200076820329, -0.0182169955224, 0.0346833951771, -0.0136964507401], [0.000575032725465, 0.000930676062126, -0.000154655659571, -0.00324440607801, 0.000572489574552, 0.0026116236113, 0.000208062469028, 0.00309112435207, -0.00220509944484, -0.000682160956785, 0.00412536086515, -0.0136964507401, 0.0271569248289]]
    sccoeffs:
        dmean: [0.0574003793299, 0.045226123184, 0.0341958962381, 0.0266717784107, 0.0186688117683, 0.0186313446611]
        dmean2: [0.0944409370422, 0.0751521959901, 0.0585794001818, 0.0453225672245, 0.0314409323037, 0.030644506216]
        dvar: [0.00234366999939, 0.00129295943771, 0.000751912302803, 0.000464101321995, 0.000242343972786, 0.000332344148774]
        dvar2: [0.00626505538821, 0.00359363202006, 0.0021729671862, 0.00130693044048, 0.000666877953336, 0.000847399234772]
        max: [-0.321310251951, -0.486388772726, -0.531473755836, -0.55635201931, -0.567489743233, -0.553232371807]
        mean: [-0.670678257942, -0.765547990799, -0.813843846321, -0.806595265865, -0.805043697357, -0.753366708755]
        median: [-0.674313426018, -0.771597921848, -0.816526293755, -0.809257864952, -0.804746508598, -0.755727410316]
        min: [-0.976032614708, -0.970554709435, -0.977705180645, -0.967055916786, -0.967038810253, -0.962706446648]
        var: [0.00559272710234, 0.0038196684327, 0.00186813843902, 0.0014345300151, 0.0008808489074, 0.00148171884939]
    scvalleys:
        dmean: [0.364169210196, 0.347810029984, 0.281535595655, 0.234538257122, 0.242304101586, 0.247484132648]
        dmean2: [0.616540431976, 0.58249104023, 0.472154349089, 0.382097572088, 0.37079384923, 0.38129645586]
        dvar: [0.0900633558631, 0.0888587534428, 0.0543366335332, 0.0422531366348, 0.0620657503605, 0.0996961295605]
        dvar2: [0.246950536966, 0.235485970974, 0.139463827014, 0.102191708982, 0.146280527115, 0.230001628399]
        max: [-5.17677402496, -4.45562601089, -4.55491876602, -5.1731505394, -4.71097421646, -6.15363836288]
        mean: [-6.8720498085, -6.69956254959, -6.91059160233, -6.9999127388, -6.8743057251, -9.93246841431]
        median: [-6.55131053925, -6.51194572449, -6.68569946289, -6.74321937561, -6.54825687408, -9.52966117859]
        min: [-27.7799472809, -27.5637969971, -27.6368122101, -27.5811977386, -27.5633544922, -27.3298168182]
        var: [1.78243899345, 1.33780419827, 1.44234728813, 1.40981447697, 1.60355126858, 2.1059346199]

rhythm:
    beats_loudness:
        dmean: 0.0016836556606
        dmean2: 0.00306141050532
        dvar: 1.07838741314e-005
        dvar2: 3.2165513403e-005
        max: 0.04817404598
        mean: 0.00482009258121
        median: 0.00481465179473
        min: 2.49672348768e-011
        var: 1.04096716314e-005
    bpm: 122.82988739
    bpm_confidence: 0
    first_peak_bpm: 123
    first_peak_spread: 0.53888887167
    first_peak_weight: 0.316391348839
    onset_rate: 3.87697815895
    second_peak_bpm: 96
    second_peak_spread: 0.360824733973
    second_peak_weight: 0.0787801742554
    beats_loudness_band_ratio:
        dmean: [0.160985380411, 0.133920654655, 0.073969528079, 0.053393624723, 0.0966124609113, 0.109977923334]
        dmean2: [0.301932662725, 0.243617221713, 0.131310775876, 0.0956732481718, 0.170197740197, 0.198464125395]
        dvar: [0.0177096594125, 0.013010318391, 0.0071613593027, 0.00283649330959, 0.00695597147569, 0.00806271377951]
        dvar2: [0.0571850091219, 0.0394878722727, 0.0217807907611, 0.00770435621962, 0.021397376433, 0.0253545679152]
        max: [0.858721554279, 0.725536644459, 0.80513292551, 0.448166370392, 0.705750763416, 0.786701977253]
        mean: [0.194844052196, 0.169687628746, 0.130496814847, 0.101691834629, 0.228285774589, 0.248125493526]
        median: [0.161327913404, 0.127377808094, 0.0874787718058, 0.0810505002737, 0.215812832117, 0.236560821533]
        min: [0, 0, 0, 0, 0, 0]
        var: [0.0213802475482, 0.0176223069429, 0.0135977361351, 0.00483051221818, 0.01034070272, 0.0156101929024]
