
metadata:
    version:
        essentia: "2.1-beta2"
    audio_properties:
        analysis_sample_rate: 44100
        bitrate: 276
        channels: 2
        equal_loudness: 1
        length: 257.77633667
        replay_gain: -13.9064617157
        downmix: "mix"
    tags:
        album: "L'Enfant Sauvage"
        artist: "Gojira"
        comment: ""
        date: "2012"
        genre: "Metal"
        title: "L'Enfant Sauvage"
        tracknumber: "2"

configuration:
    average_loudness:
        compute: 1
        frameSize: 88200
        hopSize: 44100
        silentFrames: "noise"
        windowType: "hann"
    general:
        analysisSampleRate: 44100
        endTime: 2000
        equalLoudness: 1
        nequalLoudness: 0
        shortSound: 0
        startTime: 0
    lowlevel:
        compute: 1
        frameSize: 2048
        hopSize: 1024
        zeroPadding: 0
        silentFrames: "noise"
        windowType: "blackmanharris62"
        mfccStats: ["mean", "cov", "icov"]
        stats: ["mean", "var", "median", "min", "max", "dmean", "dmean2", "dvar", "dvar2"]
    panning:
        compute: 0
        frameSize: 8192
        hopSize: 2048
        zeroPadding: 8192
        silentFrames: "noise"
        windowType: "hann"
        stats: ["copy"]
    rhythm:
        compute: 1
        maxTempo: 208
        minTempo: 40
        method: "degara"
        stats: ["mean", "var", "median", "min", "max", "dmean", "dmean2", "dvar", "dvar2"]
    segmentation:
        compute: 0
        cpw: 5
        inc1: 300
        inc2: 50
        minimumSegmentsLength: 10
        size1: 1000
        size2: 600
    sfx:
        compute: 1
        stats: ["mean", "var", "median", "min", "max", "dmean", "dmean2", "dvar", "dvar2"]
    svm:
        compute: 0
    tonal:
        compute: 1
        frameSize: 4096
        hopSize: 2048
        zeroPadding: 0
        silentFrames: "noise"
        windowType: "blackmanharris62"
        stats: ["mean", "var", "median", "min", "max", "dmean", "dmean2", "dvar", "dvar2"]

lowlevel:
    average_loudness: 0.849732637405
    barkbands_kurtosis:
        dmean: 0.797862052917
        dmean2: 1.36016082764
        dvar: 1.21083366871
        dvar2: 3.23435211182
        max: 24.502155304
        mean: -0.553662896156
        median: -0.955442786217
        min: -1.87722814083
        var: 2.00847554207
    barkbands_skewness:
        dmean: 0.469170331955
        dmean2: 0.73396474123
        dvar: 0.182079106569
        dvar2: 0.443701714277
        max: 4.26462554932
        mean: -0.22126814723
        median: -0.338279306889
        min: -4.73495435715
        var: 0.736720144749
    barkbands_spread:
        dmean: 5.3820939064
        dmean2: 8.93934059143
        dvar: 23.195438385
        dvar2: 63.2449989319
        max: 59.6408538818
        mean: 31.6521835327
        median: 31.7255859375
        min: 3.6740489006
        var: 92.869102478
    dissonance:
        dmean: 0.00885216798633
        dmean2: 0.0151460561901
        dvar: 7.85067022662e-005
        dvar2: 0.000219750625547
        max: 0.500000059605
        mean: 0.485888391733
        median: 0.489182502031
        min: 0.373398572206
        var: 0.000143106852192
    hfc:
        dmean: 3.79787349701
        dmean2: 6.41898822784
        dvar: 32.6415557861
        dvar2: 88.4565658569
        max: 60.6183547974
        mean: 8.58702850342
        median: 7.64887094498
        min: 1.08114848636e-016
        var: 48.8550720215
    pitch:
        dmean: 804.810058594
        dmean2: 1530.97631836
        dvar: 1573019
        dvar2: 3838289.5
        max: 4294.03417969
        mean: 2089.89526367
        median: 2994.90820313
        min: 53.949054718
        var: 2729020
    pitch_instantaneous_confidence:
        dmean: 0.080239713192
        dmean2: 0.134069740772
        dvar: 0.00420582620427
        dvar2: 0.0112479291856
        max: 0.876792728901
        mean: 0.348486959934
        median: 0.336432993412
        min: 0.0940994620323
        var: 0.0124677633867
    pitch_salience:
        dmean: 0.0580303966999
        dmean2: 0.0979942753911
        dvar: 0.00330441235565
        dvar2: 0.00921108201146
        max: 0.854654848576
        mean: 0.701189577579
        median: 0.718529939651
        min: 0.202305242419
        var: 0.00600954843685
    silence_rate_20dB:
        dmean: 0
        dmean2: 0
        dvar: 0
        dvar2: 0
        max: 1
        mean: 1
        median: 1
        min: 1
        var: 0
    silence_rate_30dB:
        dmean: 0
        dmean2: 0
        dvar: 0
        dvar2: 0
        max: 1
        mean: 1
        median: 1
        min: 1
        var: 0
    silence_rate_60dB:
        dmean: 0.107007749379
        dmean2: 0.214034765959
        dvar: 0.0955701172352
        dvar2: 0.198853805661
        max: 1
        mean: 0.370170235634
        median: 0
        min: 0
        var: 0.233175888658
    spectral_centroid:
        dmean: 340.643615723
        dmean2: 530.224487305
        dvar: 117404.25
        dvar2: 266240.0625
        max: 11910.9013672
        mean: 1904.98474121
        median: 1962.30444336
        min: 255.576446533
        var: 559094.75
    spectral_complexity:
        dmean: 4.98630857468
        dmean2: 7.81785440445
        dvar: 29.2630157471
        dvar2: 70.2257537842
        max: 49
        mean: 17.3166713715
        median: 17
        min: 0
        var: 138.269943237
    spectral_crest:
        dmean: 2.00637245178
        dmean2: 3.40209102631
        dvar: 4.38683891296
        dvar2: 11.8764019012
        max: 22.3357276917
        mean: 6.54333162308
        median: 5.87294626236
        min: 2.38572978973
        var: 7.10554933548
    spectral_decrease:
        dmean: 3.39961919726e-010
        dmean2: 5.76313496925e-010
        dvar: 4.02593612117e-019
        dvar2: 1.08520978187e-018
        max: 1.48857003183e-028
        mean: -9.10945707755e-010
        median: -8.29219637399e-010
        min: -7.55449303114e-009
        var: 5.55550267521e-019
    spectral_energy:
        dmean: 0.00159907410853
        dmean2: 0.00271273474209
        dvar: 7.66166158428e-006
        dvar2: 2.06188396987e-005
        max: 0.0309629142284
        mean: 0.0042169848457
        median: 0.0038385388907
        min: 1.00898384442e-020
        var: 1.12307134259e-005
    spectral_energyband_high:
        dmean: 0.000329771864926
        dmean2: 0.000579454470426
        dvar: 3.24833592913e-007
        dvar2: 8.98503117241e-007
        max: 0.00480637745932
        mean: 0.000476296816487
        median: 0.000351402617525
        min: 6.99232977794e-021
        var: 2.96277193002e-007
    spectral_energyband_low:
        dmean: 0.000176789922989
        dmean2: 0.000282832334051
        dvar: 9.561829728e-008
        dvar2: 2.38555969645e-007
        max: 0.00891635473818
        mean: 0.000275336235063
        median: 0.000181353228982
        min: 1.84125830854e-023
        var: 1.47539154227e-007
    spectral_energyband_middle_high:
        dmean: 0.000826527946629
        dmean2: 0.00135640671942
        dvar: 1.17968659197e-006
        dvar2: 3.14255771627e-006
        max: 0.0160492509604
        mean: 0.00237675732933
        median: 0.00205625779927
        min: 1.42589458615e-021
        var: 3.47860236616e-006
    spectral_energyband_middle_low:
        dmean: 0.000735003442969
        dmean2: 0.00125525495969
        dvar: 3.93124491893e-006
        dvar2: 1.07512432805e-005
        max: 0.0234166532755
        mean: 0.0011943342397
        median: 0.00084479508223
        min: 1.20022359452e-022
        var: 3.15924148708e-006
    spectral_flatness_db:
        dmean: 0.0151144061238
        dmean2: 0.0240445025265
        dvar: 0.000191480226931
        dvar2: 0.000466923433123
        max: 0.364956557751
        mean: 0.145633891225
        median: 0.129088923335
        min: 0.064341686666
        var: 0.00226383702829
    spectral_flux:
        dmean: 0.00843756459653
        dmean2: 0.0131737822667
        dvar: 0.000146494305227
        dvar2: 0.000278377061477
        max: 0.142317399383
        mean: 0.0393942892551
        median: 0.0405790433288
        min: 6.45730760529e-011
        var: 0.000495057203807
    spectral_kurtosis:
        dmean: 1.7744383812
        dmean2: 3.08795762062
        dvar: 11.6160287857
        dvar2: 35.3626289368
        max: 56.8359451294
        mean: 4.685359478
        median: 3.37640833855
        min: -1.23366439342
        var: 19.8762969971
    spectral_rms:
        dmean: 0.000320169318002
        dmean2: 0.000524267205037
        dvar: 1.98035152721e-007
        dvar2: 5.11584175911e-007
        max: 0.00549615500495
        mean: 0.0018158321036
        median: 0.0019351785304
        min: 3.1374742214e-012
        var: 8.16878184651e-007
    spectral_rolloff:
        dmean: 322.963348389
        dmean2: 518.6875
        dvar: 164968.234375
        dvar2: 354205.03125
        max: 19724.4140625
        mean: 3415.9296875
        median: 3617.578125
        min: 215.33203125
        var: 1141382.5
    spectral_skewness:
        dmean: 0.218574672937
        dmean2: 0.367245137691
        dvar: 0.0742000043392
        dvar2: 0.219964981079
        max: 5.17608880997
        mean: 1.34830164909
        median: 1.26133406162
        min: -0.0789269730449
        var: 0.199768573046
    spectral_spread:
        dmean: 397070.125
        dmean2: 600734.6875
        dvar: 449109262336
        dvar2: 819127386112
        max: 41683472
        mean: 4076618.5
        median: 4108737.25
        min: 1082862.75
        var: 4.1278743511e+012
    spectral_strongpeak:
        dmean: 0.423697888851
        dmean2: 0.750202775002
        dvar: 0.372351616621
        dvar2: 0.999415338039
        max: 6.82694578171
        mean: 0.503984630108
        median: 0.201414823532
        min: 3.77300635179e-010
        var: 0.459251016378
    zerocrossingrate:
        dmean: 0.00910300202668
        dmean2: 0.0113745648414
        dvar: 8.13621736597e-005
        dvar2: 0.00011379292846
        max: 0.51953125
        mean: 0.104828350246
        median: 0.10888671875
        min: 0.01806640625
        var: 0.00104073365219
    barkbands:
        dmean: [8.54714642173e-007, 5.86070709687e-005, 0.000113952570246, 9.99116455205e-005, 0.000493837171234, 0.000147433966049, 9.50307512539e-005, 6.78357755532e-005, 7.13166373316e-005, 7.63248608564e-005, 5.85462403251e-005, 8.55330363265e-005, 0.000102483405499, 6.31810398772e-005, 5.73569523112e-005, 8.84641704033e-005, 0.000137897746754, 0.000189957398106, 0.000300496525597, 0.000314180593705, 0.000136177768582, 3.85483799619e-005, 4.95959284308e-006, 2.2778233415e-006, 8.99916244634e-007, 3.06923801929e-008, 3.54251378232e-010]
        dmean2: [1.33169669425e-006, 9.92869681795e-005, 0.00017972382193, 0.000171156003489, 0.000857945531607, 0.000250341196079, 0.000162927550264, 0.000114797330752, 0.000120029195386, 0.000129513064167, 9.90448752418e-005, 0.000142333694384, 0.000173428925336, 0.000105048595287, 9.54115967033e-005, 0.000148133738548, 0.000230796547839, 0.000328503287164, 0.000497952045407, 0.000540169829037, 0.000240914945607, 6.94192713127e-005, 8.51155618875e-006, 3.70942962036e-006, 1.51128153902e-006, 5.01779240381e-008, 6.03563310442e-010]
        dvar: [1.88526169502e-012, 9.55644186007e-009, 4.25689385963e-008, 3.57908440662e-008, 2.46541844717e-006, 9.85465362646e-008, 4.71955274861e-008, 1.48130423483e-008, 1.36590037059e-008, 2.93805584306e-008, 1.15350422547e-008, 2.85140941969e-008, 3.57337981427e-008, 1.08239461838e-008, 9.49407041873e-009, 1.26030021974e-008, 3.48493998104e-008, 7.7448163438e-008, 1.68462676697e-007, 2.50416604786e-007, 5.35065503016e-008, 4.56653159731e-009, 6.6655993225e-011, 1.69131098016e-011, 2.77156119236e-012, 4.43935896887e-015, 4.83254475189e-019]
        dvar2: [4.46630276166e-012, 2.4843833657e-008, 9.78792442652e-008, 9.73352882738e-008, 6.80742869008e-006, 2.70342411568e-007, 1.24385010736e-007, 3.79503077852e-008, 3.64472576564e-008, 8.06705884315e-008, 3.16632124964e-008, 7.44075308035e-008, 1.00295665106e-007, 2.96285591617e-008, 2.33561721075e-008, 3.39534835803e-008, 9.35194535145e-008, 2.08445513294e-007, 4.50783574024e-007, 6.90401293468e-007, 1.48094727592e-007, 1.26282273527e-008, 1.78750056423e-010, 3.79443559906e-011, 7.14024152304e-012, 1.07016412604e-014, 1.24284548781e-018]
        max: [1.35203054015e-005, 0.000946108659264, 0.00580923818052, 0.0059956102632, 0.0192315671593, 0.00465877726674, 0.00327269523405, 0.00205800309777, 0.00269499374554, 0.00361592904665, 0.0019205333665, 0.00352937006392, 0.00264917151071, 0.00204025628045, 0.00324250687845, 0.00207341532223, 0.00339550711215, 0.0044274860993, 0.00820015277714, 0.00438089249656, 0.00210437411442, 0.000564420770388, 0.000134618778247, 0.000105960658402, 3.23127096635e-005, 1.18444825148e-006, 1.65289204546e-008]
        mean: [9.98606424218e-007, 6.72640526318e-005, 0.00014603852469, 0.000118807853141, 0.000480678485474, 0.000206544311368, 0.000123175836052, 9.48419983615e-005, 0.000117040202895, 0.000121464021504, 9.74183276412e-005, 0.000155842353706, 0.000187965488294, 0.000118023068353, 0.000103077189124, 0.000171252569999, 0.000268408854026, 0.000312351388857, 0.00059452757705, 0.000489265134092, 0.000181780647836, 4.61872768938e-005, 8.06696880318e-006, 4.31132230005e-006, 1.5998531353e-006, 5.4725099119e-008, 5.34397137653e-010]
        median: [3.30703244344e-007, 3.58742618118e-005, 6.44805259071e-005, 6.85070917825e-005, 0.00019524768868, 0.000111038039904, 5.78295512241e-005, 4.92605104228e-005, 7.26604630472e-005, 5.32823687536e-005, 4.54980727227e-005, 7.04636040609e-005, 8.85896442924e-005, 7.00875680195e-005, 7.22236873116e-005, 0.000137152033858, 0.00018960723537, 0.000226680902415, 0.000502638809849, 0.000370672118152, 0.000125965161715, 2.86619851977e-005, 5.67361485082e-006, 2.69586234936e-006, 9.74454678726e-007, 2.90524191371e-008, 2.56726334635e-010]
        min: [1.73415470288e-024, 5.54101974056e-024, 2.03562756136e-024, 2.2082908725e-024, 1.62743330033e-023, 1.59401052596e-023, 5.49562473977e-024, 1.16086388452e-023, 2.2609602358e-023, 2.10787515071e-023, 1.75681926834e-023, 4.05683206325e-023, 3.89249687502e-023, 5.30006359701e-023, 4.93561869404e-023, 6.18521728195e-023, 8.53453782774e-023, 1.39671799128e-022, 1.54147409361e-022, 2.21663300557e-022, 2.88527857703e-022, 3.52064103405e-022, 3.75754164369e-022, 5.46170788603e-022, 8.89184019474e-022, 1.4036910673e-021, 1.84828257217e-021]
        var: [2.36510702516e-012, 9.41680067257e-009, 6.73200162282e-008, 3.43097923405e-008, 1.68214660334e-006, 1.08621009076e-007, 5.1012111868e-008, 2.16141451403e-008, 2.42368933812e-008, 5.67665878748e-008, 2.40291484488e-008, 6.76774405406e-008, 7.72638486524e-008, 2.44646436443e-008, 1.92549514111e-008, 2.70231339528e-008, 8.34677180706e-008, 1.03238086524e-007, 2.81773594679e-007, 2.70272920488e-007, 4.77529411569e-008, 3.76239617239e-009, 8.95802113043e-011, 3.48921967708e-011, 4.35599776735e-012, 7.21608374183e-015, 8.23100027194e-019]
    frequency_bands:
        dmean: [8.54714642173e-007, 5.86070709687e-005, 0.000113952570246, 9.99116455205e-005, 0.000493837171234, 0.000147433966049, 9.50307512539e-005, 6.78357755532e-005, 7.13166373316e-005, 7.63248608564e-005, 5.85462403251e-005, 8.55330363265e-005, 0.000102483405499, 6.31810398772e-005, 5.73569523112e-005, 8.84641704033e-005, 0.000137897746754, 0.000189957398106, 0.000300496525597, 0.000314180593705, 0.000136177768582, 3.85483799619e-005, 4.95959284308e-006, 2.2778233415e-006, 8.99916244634e-007, 3.06923801929e-008, 3.54251378232e-010, 4.88024551326e-011]
        dmean2: [1.33169669425e-006, 9.92869681795e-005, 0.00017972382193, 0.000171156003489, 0.000857945531607, 0.000250341196079, 0.000162927550264, 0.000114797330752, 0.000120029195386, 0.000129513064167, 9.90448752418e-005, 0.000142333694384, 0.000173428925336, 0.000105048595287, 9.54115967033e-005, 0.000148133738548, 0.000230796547839, 0.000328503287164, 0.000497952045407, 0.000540169829037, 0.000240914945607, 6.94192713127e-005, 8.51155618875e-006, 3.70942962036e-006, 1.51128153902e-006, 5.01779240381e-008, 6.03563310442e-010, 9.12848338586e-011]
        dvar: [1.88526169502e-012, 9.55644186007e-009, 4.25689385963e-008, 3.57908440662e-008, 2.46541844717e-006, 9.85465362646e-008, 4.71955274861e-008, 1.48130423483e-008, 1.36590037059e-008, 2.93805584306e-008, 1.15350422547e-008, 2.85140941969e-008, 3.57337981427e-008, 1.08239461838e-008, 9.49407041873e-009, 1.26030021974e-008, 3.48493998104e-008, 7.7448163438e-008, 1.68462676697e-007, 2.50416604786e-007, 5.35065503016e-008, 4.56653159731e-009, 6.6655993225e-011, 1.69131098016e-011, 2.77156119236e-012, 4.43935896887e-015, 4.83254475189e-019, 6.70629169147e-021]
        dvar2: [4.46630276166e-012, 2.4843833657e-008, 9.78792442652e-008, 9.73352882738e-008, 6.80742869008e-006, 2.70342411568e-007, 1.24385010736e-007, 3.79503077852e-008, 3.64472576564e-008, 8.06705884315e-008, 3.16632124964e-008, 7.44075308035e-008, 1.00295665106e-007, 2.96285591617e-008, 2.33561721075e-008, 3.39534835803e-008, 9.35194535145e-008, 2.08445513294e-007, 4.50783574024e-007, 6.90401293468e-007, 1.48094727592e-007, 1.26282273527e-008, 1.78750056423e-010, 3.79443559906e-011, 7.14024152304e-012, 1.07016412604e-014, 1.24284548781e-018, 2.18037167742e-020]
        max: [1.35203054015e-005, 0.000946108659264, 0.00580923818052, 0.0059956102632, 0.0192315671593, 0.00465877726674, 0.00327269523405, 0.00205800309777, 0.00269499374554, 0.00361592904665, 0.0019205333665, 0.00352937006392, 0.00264917151071, 0.00204025628045, 0.00324250687845, 0.00207341532223, 0.00339550711215, 0.0044274860993, 0.00820015277714, 0.00438089249656, 0.00210437411442, 0.000564420770388, 0.000134618778247, 0.000105960658402, 3.23127096635e-005, 1.18444825148e-006, 1.65289204546e-008, 1.21860099789e-009]
        mean: [9.98606424218e-007, 6.72640526318e-005, 0.00014603852469, 0.000118807853141, 0.000480678485474, 0.000206544311368, 0.000123175836052, 9.48419983615e-005, 0.000117040202895, 0.000121464021504, 9.74183276412e-005, 0.000155842353706, 0.000187965488294, 0.000118023068353, 0.000103077189124, 0.000171252569999, 0.000268408854026, 0.000312351388857, 0.00059452757705, 0.000489265134092, 0.000181780647836, 4.61872768938e-005, 8.06696880318e-006, 4.31132230005e-006, 1.5998531353e-006, 5.4725099119e-008, 5.34397137653e-010, 3.70617182777e-011]
        median: [3.30703244344e-007, 3.58742618118e-005, 6.44805259071e-005, 6.85070917825e-005, 0.00019524768868, 0.000111038039904, 5.78295512241e-005, 4.92605104228e-005, 7.26604630472e-005, 5.32823687536e-005, 4.54980727227e-005, 7.04636040609e-005, 8.85896442924e-005, 7.00875680195e-005, 7.22236873116e-005, 0.000137152033858, 0.00018960723537, 0.000226680902415, 0.000502638809849, 0.000370672118152, 0.000125965161715, 2.86619851977e-005, 5.67361485082e-006, 2.69586234936e-006, 9.74454678726e-007, 2.90524191371e-008, 2.56726334635e-010, 1.05839217598e-011]
        min: [1.73415470288e-024, 5.54101974056e-024, 2.03562756136e-024, 2.2082908725e-024, 1.62743330033e-023, 1.59401052596e-023, 5.49562473977e-024, 1.16086388452e-023, 2.2609602358e-023, 2.10787515071e-023, 1.75681926834e-023, 4.05683206325e-023, 3.89249687502e-023, 5.30006359701e-023, 4.93561869404e-023, 6.18521728195e-023, 8.53453782774e-023, 1.39671799128e-022, 1.54147409361e-022, 2.21663300557e-022, 2.88527857703e-022, 3.52064103405e-022, 3.75754164369e-022, 5.46170788603e-022, 8.89184019474e-022, 1.4036910673e-021, 1.84828257217e-021, 4.87633674365e-022]
        var: [2.36510702516e-012, 9.41680067257e-009, 6.73200162282e-008, 3.43097923405e-008, 1.68214660334e-006, 1.08621009076e-007, 5.1012111868e-008, 2.16141451403e-008, 2.42368933812e-008, 5.67665878748e-008, 2.40291484488e-008, 6.76774405406e-008, 7.72638486524e-008, 2.44646436443e-008, 1.92549514111e-008, 2.70231339528e-008, 8.34677180706e-008, 1.03238086524e-007, 2.81773594679e-007, 2.70272920488e-007, 4.77529411569e-008, 3.76239617239e-009, 8.95802113043e-011, 3.48921967708e-011, 4.35599776735e-012, 7.21608374183e-015, 8.23100027194e-019, 4.91714283958e-021]
    mfcc:
        mean: [-735.328613281, 94.1435089111, -52.6039085388, 45.551864624, -11.4985074997, -6.44546604156, 2.16920948029, -6.55169010162, -7.68561697006, -5.90073823929, -6.25952243805, -5.18220806122, -4.82892608643]
        cov: [[15499.9414063, 755.885986328, -1643.42150879, 1762.9552002, -1105.92651367, 679.801696777, 751.133056641, -108.332054138, 147.361495972, 208.244781494, 151.246353149, 415.69342041, 183.362792969], [755.885986328, 873.719604492, -193.345367432, 122.720657349, 50.6235427856, -32.3717498779, 2.92480158806, 9.26488018036, -18.176076889, -9.41754055023, -9.17193126678, -24.3263664246, -0.177492082119], [-1643.42150879, -193.345367432, 596.282714844, -127.052177429, 222.274414063, 50.9096260071, -11.0318059921, 47.2971763611, 44.4758224487, 36.0820808411, -8.77361392975, -33.2190971375, -3.87841463089], [1762.9552002, 122.720657349, -127.052177429, 438.457885742, -76.49269104, 151.154052734, 125.457450867, -12.8347444534, 65.6700897217, 62.2484016418, 25.6725673676, 42.7221450806, 50.3395462036], [-1105.92651367, 50.6235427856, 222.274414063, -76.49269104, 271.769989014, 13.5377874374, 3.76602268219, 55.7443084717, 24.0468025208, 24.9065990448, -1.15802037716, -37.0219993591, -16.6010971069], [679.801696777, -32.3717498779, 50.9096260071, 151.154052734, 13.5377874374, 201.294769287, 148.946166992, 47.7772064209, 66.1295623779, 56.794002533, 31.5224685669, 45.2135925293, 25.9687194824], [751.133056641, 2.92480158806, -11.0318059921, 125.457450867, 3.76602268219, 148.946166992, 208.331207275, 68.7179412842, 68.3484191895, 54.6273078918, 27.7745838165, 48.2907028198, 27.3999004364], [-108.332054138, 9.26488018036, 47.2971763611, -12.8347444534, 55.7443084717, 47.7772064209, 68.7179412842, 93.9282073975, 44.4269828796, 21.6163578033, 14.6414690018, 12.5653781891, 2.92557191849], [147.361495972, -18.176076889, 44.4758224487, 65.6700897217, 24.0468025208, 66.1295623779, 68.3484191895, 44.4269828796, 92.4568634033, 58.7661056519, 21.9804496765, 21.9322776794, 18.1503295898], [208.244781494, -9.41754055023, 36.0820808411, 62.2484016418, 24.9065990448, 56.794002533, 54.6273078918, 21.6163578033, 58.7661056519, 84.1934661865, 33.1736907959, 26.390039444, 20.951757431], [151.246353149, -9.17193126678, -8.77361392975, 25.6725673676, -1.15802037716, 31.5224685669, 27.7745838165, 14.6414690018, 21.9804496765, 33.1736907959, 50.4351921082, 33.5380783081, 15.3513736725], [415.69342041, -24.3263664246, -33.2190971375, 42.7221450806, -37.0219993591, 45.2135925293, 48.2907028198, 12.5653781891, 21.9322776794, 26.390039444, 33.5380783081, 68.3220291138, 33.8877487183], [183.362792969, -0.177492082119, -3.87841463089, 50.3395462036, -16.6010971069, 25.9687194824, 27.3999004364, 2.92557191849, 18.1503295898, 20.951757431, 15.3513736725, 33.8877487183, 55.3356323242]]
        icov: [[0.000254485523328, -0.000128123981995, 0.000273267825833, -0.000639438920189, 0.00059972825693, -0.00024103189935, -0.00032573696808, 3.5053697502e-005, 0.000373216927983, -0.000412927678553, 0.000376681942726, -0.000814663013443, 0.000637981342152], [-0.000128123981995, 0.0015596851008, 0.000538654509, -0.000361042126315, -0.00121367198881, 0.000642440398224, 0.000193873405806, -0.000676723138895, 0.000391029403545, 0.000125849459437, -4.69192746095e-005, 0.000893599644769, -0.000640202546492], [0.000273267825833, 0.000538654509, 0.00361886736937, 0.000232555699768, -0.00168001104612, -0.00228265114129, 0.000970546680037, 0.000173846245161, -0.000545682327356, -0.00112603977323, 0.0016764519969, 0.000189778613276, -0.000760215218179], [-0.000639438920189, -0.000361042126315, 0.000232555699768, 0.00648325961083, -0.000852102471981, -0.00291040819138, 0.000224250441534, 0.00306691415608, -0.00321495812386, 0.000275237835012, -0.000739405804779, 0.00392119865865, -0.00417279452085], [0.00059972825693, -0.00121367198881, -0.00168001104612, -0.000852102471981, 0.00865331850946, -0.000801468035206, -0.000660749268718, -0.00309885735624, 0.00189599127043, -0.00325303012505, -0.000366291380487, 0.00188133772463, 0.00168871472124], [-0.00024103189935, 0.000642440398224, -0.00228265114129, -0.00291040819138, -0.000801468035206, 0.0150015344843, -0.00729548977688, -0.000545198156033, -0.000763616582844, 0.000512833532412, -0.00220965547487, -0.00247897300869, 0.00183650001418], [-0.00032573696808, 0.000193873405806, 0.000970546680037, 0.000224250441534, -0.000660749268718, -0.00729548977688, 0.0142306741327, -0.00645224191248, -0.000971970090177, -0.00177336845081, 0.00280027720146, -0.00178807380144, -0.00122736045159], [3.5053697502e-005, -0.000676723138895, 0.000173846245161, 0.00306691415608, -0.00309885735624, -0.000545198156033, -0.00645224191248, 0.0218379478902, -0.00961173791438, 0.00541529525071, -0.00333426287398, -0.000973741291091, 0.00109396374319], [0.000373216927983, 0.000391029403545, -0.000545682327356, -0.00321495812386, 0.00189599127043, -0.000763616582844, -0.000971970090177, -0.00961173791438, 0.0274260528386, -0.0152813792229, 0.00292953941971, -0.000736814748961, -3.75447007173e-006], [-0.000412927678553, 0.000125849459437, -0.00112603977323, 0.000275237835012, -0.00325303012505, 0.000512833532412, -0.00177336845081, 0.00541529525071, -0.0152813792229, 0.0296413600445, -0.0128006236628, 0.00121558504179, -0.00298942462541], [0.000376681942726, -4.69192746095e-005, 0.0016764519969, -0.000739405804779, -0.000366291380487, -0.00220965547487, 0.00280027720146, -0.00333426287398, 0.00292953941971, -0.0128006236628, 0.0378168001771, -0.01730556041, 0.00325114326552], [-0.000814663013443, 0.000893599644769, 0.000189778613276, 0.00392119865865, 0.00188133772463, -0.00247897300869, -0.00178807380144, -0.000973741291091, -0.000736814748961, 0.00121558504179, -0.01730556041, 0.0384122282267, -0.0171282589436], [0.000637981342152, -0.000640202546492, -0.000760215218179, -0.00417279452085, 0.00168871472124, 0.00183650001418, -0.00122736045159, 0.00109396374319, -3.75447007173e-006, -0.00298942462541, 0.00325114326552, -0.0171282589436, 0.0306134559214]]
    sccoeffs:
        dmean: [0.0598867423832, 0.0461303442717, 0.0332985408604, 0.0267485547811, 0.0198181532323, 0.0205116905272]
        dmean2: [0.0964186564088, 0.0772076100111, 0.0566032864153, 0.0451544038951, 0.033338252455, 0.0331197082996]
        dvar: [0.00277163391002, 0.00131019158289, 0.000668762077112, 0.000451551139122, 0.000245095172431, 0.000342144223396]
        dvar2: [0.00684765912592, 0.00364307221025, 0.00186803960241, 0.0012775195064, 0.000666497158818, 0.00088853557827]
        max: [-0.304005533457, -0.493630707264, -0.620996594429, -0.636273801327, -0.660136580467, -0.599927961826]
        mean: [-0.68460392952, -0.784296154976, -0.821002483368, -0.813184976578, -0.799455523491, -0.752928256989]
        median: [-0.697485268116, -0.790128946304, -0.82520622015, -0.815525174141, -0.800099492073, -0.750372827053]
        min: [-0.980627059937, -0.976559996605, -0.974401116371, -0.971484482288, -0.96434366703, -0.964447498322]
        var: [0.00700449896976, 0.00360937882215, 0.00176228932105, 0.00161532172933, 0.000895297562238, 0.00211299699731]
    scvalleys:
        dmean: [0.402674943209, 0.373028129339, 0.297837764025, 0.247975125909, 0.29099458456, 0.3107201159]
        dmean2: [0.655828773975, 0.621687710285, 0.49186578393, 0.400579988956, 0.441138774157, 0.473265081644]
        dvar: [0.146605923772, 0.123611532152, 0.0831550210714, 0.0685430914164, 0.100529804826, 0.143384352326]
        dvar2: [0.306030213833, 0.283708006144, 0.174926459789, 0.129969388247, 0.200102284551, 0.315312415361]
        max: [-5.31913757324, -4.4842209816, -5.2547211647, -5.558842659, -5.40568828583, -7.88893556595]
        mean: [-7.40898418427, -6.90044307709, -7.14554691315, -7.23259067535, -7.25142049789, -10.3965616226]
        median: [-6.5919046402, -6.47208738327, -6.68750143051, -6.7183175087, -6.56142854691, -9.41600227356]
        min: [-27.9746856689, -27.6497802734, -27.6284446716, -27.6441497803, -27.5145893097, -27.3542976379]
        var: [4.0379114151, 2.65604639053, 2.94646239281, 2.86881637573, 3.89341926575, 5.58119773865]

rhythm:
    beats_loudness:
        dmean: 0.00166075560264
        dmean2: 0.00309702474624
        dvar: 2.1316807306e-006
        dvar2: 6.69307155476e-006
        max: 0.0113561479375
        mean: 0.00469417078421
        median: 0.00501619838178
        min: 1.53663921865e-011
        var: 6.92782168699e-006
    bpm: 129.474105835
    bpm_confidence: 0
    first_peak_bpm: 129
    first_peak_spread: 0.285429120064
    first_peak_weight: 0.648550748825
    onset_rate: 4.56209468842
    second_peak_bpm: 123
    second_peak_spread: 0.379310369492
    second_peak_weight: 0.0326086953282
    beats_loudness_band_ratio:
        dmean: [0.139828190207, 0.162668138742, 0.0560977235436, 0.0585787519813, 0.0967034772038, 0.106024444103]
        dmean2: [0.253849864006, 0.291675359011, 0.100484132767, 0.10147511214, 0.169582083821, 0.186105728149]
        dvar: [0.0119620477781, 0.0153469638899, 0.00461345072836, 0.00401181774214, 0.00878491066396, 0.00750943133608]
        dvar2: [0.0358859337866, 0.041822783649, 0.0137805258855, 0.011404032819, 0.0262326244265, 0.0234376583248]
        max: [0.755276620388, 0.818434476852, 0.570762276649, 0.414978146553, 0.715125322342, 0.600753486156]
        mean: [0.168834581971, 0.218443855643, 0.104299537838, 0.112106017768, 0.248561173677, 0.251851439476]
        median: [0.134598866105, 0.150554433465, 0.080195710063, 0.0828921943903, 0.222830235958, 0.246371105313]
        min: [0, 0, 0, 0, 0, 0]
        var: [0.0160673968494, 0.0286117978394, 0.00585444737226, 0.00613086763769, 0.0135477632284, 0.0186085700989]
    beats_position: [0.487619042397, 0.986848056316, 1.48607707024, 1.97369611263, 2.47292518616, 2.97215414047, 3.47138309479, 3.97061228752, 4.52789115906, 5.08516979218, 5.64244890213, 6.2229475975, 6.80344676971, 7.37233543396, 7.84834432602, 8.32435321808, 8.80036258698, 9.287981987, 9.77560043335, 10.2632198334, 10.7276191711, 11.1920175552, 11.656416893, 12.1208162308, 12.5852155685, 13.0380039215, 13.4907932281, 13.9551925659, 14.4195919037, 14.8839902878, 15.3483896255, 15.8127889633, 16.2655773163, 16.7183666229, 17.1827659607, 17.6471652985, 18.1115646362, 18.575963974, 19.0403633118, 19.5047607422, 19.96916008, 20.4219493866, 20.8747386932, 21.339138031, 21.8035373688, 22.2679367065, 22.7323360443, 23.1967334747, 23.6611328125, 24.1255321503, 24.6247615814, 25.1239910126, 25.6000003815, 26.076007843, 26.5404071808, 27.0048065186, 27.4692058563, 27.9336051941, 28.3863945007, 28.8391838074, 29.3035831451, 29.7679805756, 30.2323799133, 30.6967792511, 31.1611785889, 31.6255779266, 32.0899772644, 32.542766571, 32.9955558777, 33.4599533081, 33.9243545532, 34.3887519836, 34.8531494141, 35.3175506592, 35.7819480896, 36.2347373962, 36.6991386414, 37.151927948, 37.6163253784, 38.0807266235, 38.545124054, 39.0095214844, 39.462310791, 39.9151000977, 40.3795013428, 40.8438987732, 41.3083000183, 41.7726974487, 42.2370948792, 42.7014961243, 43.1542854309, 43.6186828613, 44.0830841064, 44.5358734131, 45.0002708435, 45.4646720886, 45.929069519, 46.3934669495, 46.8578681946, 47.3106575012, 47.7634468079, 48.2278442383, 48.6922454834, 49.1566429138, 49.6210403442, 50.0854415894, 50.5498390198, 51.0142402649, 51.4670295715, 51.9198188782, 52.3842163086, 52.8486175537, 53.3130149841, 53.7774124146, 54.2418136597, 54.6946029663, 55.1473922729, 55.6117897034, 56.0761909485, 56.5405883789, 57.0049858093, 57.4693870544, 57.9221763611, 58.3749656677, 58.8393630981, 59.3037643433, 59.7681617737, 60.2325630188, 60.6969604492, 61.1613578796, 61.6141471863, 62.0669364929, 62.531337738, 62.9957351685, 63.4601364136, 63.924533844, 64.3889312744, 64.8533325195, 65.3061218262, 65.7589111328, 66.2233123779, 66.6877059937, 67.1521072388, 67.6165084839, 68.0809020996, 68.5336914063, 68.9864807129, 69.4392700195, 69.8688430786, 70.2984085083, 70.7279815674, 71.1923828125, 71.6567764282, 72.1211776733, 72.5855789185, 73.0383682251, 73.4911575317, 73.9555511475, 74.4199523926, 74.8843536377, 75.3487548828, 75.8015441895, 76.2659378052, 76.7303390503, 77.1831283569, 77.6475296021, 78.1119232178, 78.5763244629, 79.040725708, 79.4935150146, 79.9463043213, 80.410697937, 80.8750991821, 81.3395004272, 81.8039016724, 82.2682952881, 82.7326965332, 83.1970977783, 83.661491394, 84.1258926392, 84.5902938843, 85.0662994385, 85.5539245605, 86.0531539917, 86.5291595459, 87.0051651001, 87.4695663452, 87.9223556519, 88.3751449585, 88.8395462036, 89.3039474487, 89.7683410645, 90.2327423096, 90.6971435547, 91.1615371704, 91.6259384155, 92.0787277222, 92.5315170288, 92.9959182739, 93.460319519, 93.9247131348, 94.3891143799, 94.853515625, 95.3179092407, 95.7706985474, 96.223487854, 96.6878890991, 97.1522903442, 97.61668396, 98.0810852051, 98.5454864502, 98.9982757568, 99.4510650635, 99.9154663086, 100.379859924, 100.844261169, 101.308662415, 101.77305603, 102.237457275, 102.690246582, 103.154647827, 103.607437134, 104.071838379, 104.536231995, 105.00063324, 105.465034485, 105.917823792, 106.370613098, 106.835006714, 107.299407959, 107.763809204, 108.22820282, 108.692604065, 109.15700531, 109.621406555, 110.074195862, 110.538589478, 110.991378784, 111.455780029, 111.920181274, 112.38457489, 112.848976135, 113.31337738, 113.777778625, 114.242172241, 114.706573486, 115.170974731, 115.6121521, 116.076553345, 116.54094696, 117.005348206, 117.458137512, 117.910926819, 118.375328064, 118.839729309, 119.304122925, 119.76852417, 120.232925415, 120.697319031, 121.161720276, 121.626121521, 122.078910828, 122.531700134, 122.99609375, 123.460494995, 123.92489624, 124.377685547, 124.842086792, 125.306480408, 125.759269714, 126.223670959, 126.688072205, 127.15246582, 127.616867065, 128.081268311, 128.534057617, 128.986846924, 129.428024292, 129.857589722, 130.28717041, 130.728347778, 131.192733765, 131.65713501, 132.109924316, 132.574325562, 133.027114868, 133.491516113, 133.955917358, 134.420318604, 134.87310791, 135.325897217, 135.790298462, 136.254684448, 136.719085693, 137.183486938, 137.647888184, 138.112289429, 138.576690674, 139.041091919, 139.505477905, 139.958267212, 140.411056519, 140.875457764, 141.339859009, 141.804260254, 142.268661499, 142.733062744, 143.197463989, 143.661849976, 144.149475098, 144.648712158, 145.14793396, 145.623947144, 146.099945068, 146.575958252, 147.051971436, 147.516372681, 147.980773926, 148.456771851, 148.921173096, 149.397186279, 149.861587524, 150.32598877, 150.790390015, 151.254776001, 151.730789185, 152.206802368, 152.671203613, 153.135604858, 153.599990845, 154.06439209, 154.528793335, 155.004806519, 155.480819702, 155.945205688, 156.409606934, 156.885620117, 157.361633301, 157.826034546, 158.290420532, 158.754821777, 159.230834961, 159.706848145, 160.17124939, 160.635650635, 161.100036621, 161.576049805, 162.052062988, 162.516464233, 162.980865479, 163.445251465, 163.90965271, 164.385665894, 164.861679077, 165.326080322, 165.790466309, 166.254867554, 166.719268799, 167.195281982, 167.659683228, 168.124084473, 168.588470459, 169.064483643, 169.540496826, 170.004898071, 170.480911255, 170.945297241, 171.409698486, 171.88571167, 172.361724854, 172.837722778, 173.290512085, 173.75491333, 174.230926514, 174.695327759, 175.159729004, 175.635726929, 176.111740112, 176.587753296, 177.063766479, 177.539764404, 178.004165649, 178.480178833, 178.944580078, 179.408981323, 179.873382568, 180.337768555, 180.8021698, 181.266571045, 181.73097229, 182.195373535, 182.65977478, 183.124176025, 183.60017395, 184.064575195, 184.52897644, 184.993377686, 185.457778931, 185.910568237, 186.363357544, 186.827758789, 187.292144775, 187.756546021, 188.209335327, 188.673736572, 189.138137817, 189.602539063, 190.055328369, 190.519729614, 190.984130859, 191.448516846, 191.912918091, 192.377319336, 192.841720581, 193.294509888, 193.747299194, 194.211700439, 194.676101685, 195.140487671, 195.604888916, 196.069290161, 196.533691406, 196.998092651, 197.450881958, 197.903671265, 198.36807251, 198.832473755, 199.285263062, 199.738052368, 200.202438354, 200.6668396, 201.131240845, 201.59564209, 202.060043335, 202.52444458, 202.988845825, 203.441635132, 203.906021118, 204.370422363, 204.82321167, 205.287612915, 205.75201416, 206.216415405, 206.68081665, 207.168426514, 207.656051636, 208.132064819, 208.608062744, 209.084075928, 209.57170105, 210.047698975, 210.535324097, 211.022949219, 211.510559082, 211.998184204, 212.485794067, 212.973419189, 213.461044312, 213.925445557, 214.389831543, 214.854232788, 215.318634033, 215.783035278, 216.247436523, 216.711837769, 217.176239014, 217.640625, 218.105026245, 218.557815552, 219.010604858, 219.475006104, 219.939407349, 220.403808594, 220.868209839, 221.332611084, 221.79699707, 222.261398315, 222.725799561, 223.178588867, 223.631378174, 224.095779419, 224.560180664, 225.024581909, 225.488967896, 225.953369141, 226.417770386, 226.882171631, 227.346572876, 227.82258606, 228.310195923, 228.797821045, 229.273834229, 229.749832153, 230.214233398, 230.678634644, 231.13142395, 231.595825195, 232.06022644, 232.524627686, 232.989013672, 233.453414917, 233.917816162, 234.382217407, 234.835006714, 235.287796021, 235.752197266, 236.216598511, 236.680999756, 237.145385742, 237.609786987, 238.074188232, 238.538589478, 238.991378784, 239.444168091, 239.908569336, 240.372970581, 240.837371826, 241.301757813, 241.754547119, 242.207336426, 242.671737671, 243.136138916, 243.600540161, 244.064941406, 244.529342651, 244.993743896, 245.446533203, 245.89932251, 246.363708496, 246.828109741, 247.292510986, 247.756912231, 248.221313477, 248.685714722, 249.150115967, 249.614501953, 250.078903198, 250.543304443, 251.007705688, 251.472106934, 251.936508179, 252.412506104, 252.888519287, 253.364532471, 253.840545654, 254.246887207, 254.653244019, 255.059585571, 255.465942383, 255.872283936, 256.278625488, 256.696594238, 257.114562988]
