
metadata:
    version:
        essentia: "2.1-beta2"
    audio_properties:
        analysis_sample_rate: 44100
        bitrate: 272
        channels: 2
        equal_loudness: 1
        length: 279.510192871
        replay_gain: -12.9651927948
        downmix: "mix"
    tags:
        album: "L'Enfant Sauvage"
        artist: "Gojira"
        comment: ""
        date: "2012"
        genre: "Metal"
        title: "Planned Obsolescence"
        tracknumber: "6"

configuration:
    average_loudness:
        compute: 1
        frameSize: 88200
        hopSize: 44100
        silentFrames: "noise"
        windowType: "hann"
    general:
        analysisSampleRate: 44100
        endTime: 2000
        equalLoudness: 1
        nequalLoudness: 0
        shortSound: 0
        startTime: 0
    lowlevel:
        compute: 1
        frameSize: 2048
        hopSize: 1024
        zeroPadding: 0
        silentFrames: "noise"
        windowType: "blackmanharris62"
        mfccStats: ["mean", "cov", "icov"]
        stats: ["mean", "var", "median", "min", "max", "dmean", "dmean2", "dvar", "dvar2"]
    panning:
        compute: 0
        frameSize: 8192
        hopSize: 2048
        zeroPadding: 8192
        silentFrames: "noise"
        windowType: "hann"
        stats: ["copy"]
    rhythm:
        compute: 1
        maxTempo: 208
        minTempo: 40
        method: "degara"
        stats: ["mean", "var", "median", "min", "max", "dmean", "dmean2", "dvar", "dvar2"]
    segmentation:
        compute: 0
        cpw: 5
        inc1: 300
        inc2: 50
        minimumSegmentsLength: 10
        size1: 1000
        size2: 600
    sfx:
        compute: 1
        stats: ["mean", "var", "median", "min", "max", "dmean", "dmean2", "dvar", "dvar2"]
    svm:
        compute: 0
    tonal:
        compute: 1
        frameSize: 4096
        hopSize: 2048
        zeroPadding: 0
        silentFrames: "noise"
        windowType: "blackmanharris62"
        stats: ["mean", "var", "median", "min", "max", "dmean", "dmean2", "dvar", "dvar2"]

lowlevel:
    average_loudness: 0.886594235897
    barkbands_kurtosis:
        dmean: 0.943133175373
        dmean2: 1.59678018093
        dvar: 5.73264551163
        dvar2: 15.9673852921
        max: 97.777130127
        mean: 0.144952848554
        median: -0.853739619255
        min: -1.86880660057
        var: 14.3381223679
    barkbands_skewness:
        dmean: 0.405456662178
        dmean2: 0.650359690189
        dvar: 0.146648913622
        dvar2: 0.371585845947
        max: 6.42475652695
        mean: -0.0129805030301
        median: -0.178607150912
        min: -2.84750366211
        var: 0.913836121559
    barkbands_spread:
        dmean: 4.48457241058
        dmean2: 7.47049474716
        dvar: 24.0163249969
        dvar2: 68.1306686401
        max: 83.1366195679
        mean: 28.4503898621
        median: 32.0245552063
        min: 0.378847151995
        var: 209.153320313
    dissonance:
        dmean: 0.0167436078191
        dmean2: 0.0286313164979
        dvar: 0.000760547525715
        dvar2: 0.00214529572986
        max: 0.500000178814
        mean: 0.465035945177
        median: 0.486662685871
        min: 0.103032790124
        var: 0.0032339298632
    hfc:
        dmean: 3.42616057396
        dmean2: 6.04014587402
        dvar: 33.2884521484
        dvar2: 92.5393371582
        max: 61.2537536621
        mean: 9.5354013443
        median: 9.4051733017
        min: 1.07425701307e-016
        var: 56.5277786255
    pitch:
        dmean: 709.370239258
        dmean2: 1349.19104004
        dvar: 1488569.875
        dvar2: 3862531.5
        max: 4382.04785156
        mean: 1950.79956055
        median: 1239.48144531
        min: 43.0537643433
        var: 2899759.5
    pitch_instantaneous_confidence:
        dmean: 0.0754268467426
        dmean2: 0.126465335488
        dvar: 0.0037375590764
        dvar2: 0.010171870701
        max: 0.861873745918
        mean: 0.361274391413
        median: 0.344311654568
        min: 0.093205332756
        var: 0.0152447130531
    pitch_salience:
        dmean: 0.0552586391568
        dmean2: 0.0936709418893
        dvar: 0.00261019356549
        dvar2: 0.00726855453104
        max: 0.927087545395
        mean: 0.685787320137
        median: 0.712785422802
        min: 0.224263504148
        var: 0.00838053971529
    silence_rate_20dB:
        dmean: 0
        dmean2: 0
        dvar: 0
        dvar2: 0
        max: 1
        mean: 1
        median: 1
        min: 1
        var: 0
    silence_rate_30dB:
        dmean: 0
        dmean2: 0
        dvar: 0
        dvar2: 0
        max: 1
        mean: 1
        median: 1
        min: 1
        var: 0
    silence_rate_60dB:
        dmean: 0.0269147697836
        dmean2: 0.0538340136409
        dvar: 0.0261922627687
        dvar2: 0.0678612738848
        max: 1
        mean: 0.248276442289
        median: 0
        min: 0
        var: 0.186635777354
    spectral_centroid:
        dmean: 254.61050415
        dmean2: 410.399139404
        dvar: 91686.640625
        dvar2: 227565.515625
        max: 11861.765625
        mean: 1651.9777832
        median: 1845.98632813
        min: 79.0471954346
        var: 871337.8125
    spectral_complexity:
        dmean: 4.26898145676
        dmean2: 6.99094438553
        dvar: 22.8754024506
        dvar2: 57.3112373352
        max: 51
        mean: 19.5218868256
        median: 22
        min: 0
        var: 159.570907593
    spectral_crest:
        dmean: 1.84017491341
        dmean2: 3.11815094948
        dvar: 3.234842062
        dvar2: 8.96078586578
        max: 22.5064182281
        mean: 7.05355262756
        median: 6.21200275421
        min: 2.38701105118
        var: 8.94559574127
    spectral_decrease:
        dmean: 3.34722527473e-010
        dmean2: 5.83527448583e-010
        dvar: 3.23184712751e-019
        dvar2: 8.93124071371e-019
        max: 1.36773742786e-028
        mean: -1.04486708175e-009
        median: -1.08299669233e-009
        min: -7.0018479903e-009
        var: 5.84131839227e-019
    spectral_energy:
        dmean: 0.00154762412421
        dmean2: 0.00271120900288
        dvar: 6.45670843369e-006
        dvar2: 1.78731170308e-005
        max: 0.0299432203174
        mean: 0.00480843987316
        median: 0.00499926693738
        min: 1.00546420707e-020
        var: 1.20585682453e-005
    spectral_energyband_high:
        dmean: 0.000296283484204
        dmean2: 0.00053148571169
        dvar: 2.88811037308e-007
        dvar2: 8.12175130704e-007
        max: 0.00508519588038
        mean: 0.000531341065653
        median: 0.000457081274362
        min: 6.99729366941e-021
        var: 2.94651016475e-007
    spectral_energyband_low:
        dmean: 0.000214895277168
        dmean2: 0.000346778833773
        dvar: 1.31416840077e-007
        dvar2: 3.16045117188e-007
        max: 0.0079567367211
        mean: 0.000419356278144
        median: 0.000245520961471
        min: 2.54006379946e-023
        var: 3.47690559011e-007
    spectral_energyband_middle_high:
        dmean: 0.000787689350545
        dmean2: 0.0013482850045
        dvar: 1.32190075419e-006
        dvar2: 3.62741025128e-006
        max: 0.0142590142787
        mean: 0.00258002826013
        median: 0.00255801761523
        min: 1.15024583567e-021
        var: 3.85328712582e-006
    spectral_energyband_middle_low:
        dmean: 0.000728707876988
        dmean2: 0.00124853989109
        dvar: 2.69371571449e-006
        dvar2: 7.39081815482e-006
        max: 0.022405423224
        mean: 0.00140521826688
        median: 0.00111474795267
        min: 1.51872460728e-022
        var: 2.70026021099e-006
    spectral_flatness_db:
        dmean: 0.0138556230813
        dmean2: 0.0227355547249
        dvar: 0.000219859182835
        dvar2: 0.000582670501899
        max: 0.535349845886
        mean: 0.180152729154
        median: 0.13247770071
        min: 0.0595126524568
        var: 0.0117315407842
    spectral_flux:
        dmean: 0.00699817063287
        dmean2: 0.0115144494921
        dvar: 0.000101348639873
        dvar2: 0.000211724807741
        max: 0.137963980436
        mean: 0.0394583754241
        median: 0.0430996827781
        min: 6.44215583656e-011
        var: 0.000542009656783
    spectral_kurtosis:
        dmean: 6.99107456207
        dmean2: 11.7050361633
        dvar: 410.791870117
        dvar2: 1136.65197754
        max: 422.241363525
        mean: 26.7344551086
        median: 3.59260416031
        min: -1.2693362236
        var: 3543.74584961
    spectral_rms:
        dmean: 0.000291181175271
        dmean2: 0.000499754271004
        dvar: 1.59557970392e-007
        dvar2: 4.34467352761e-007
        max: 0.00540489563718
        mean: 0.0019186878344
        median: 0.00220846850425
        min: 3.1319972657e-012
        var: 1.00981446849e-006
    spectral_rolloff:
        dmean: 232.481994629
        dmean2: 380.290283203
        dvar: 101428.75
        dvar2: 233336.359375
        max: 19422.9492188
        mean: 3014.2019043
        median: 3639.11132813
        min: 86.1328125
        var: 2370689.25
    spectral_skewness:
        dmean: 0.36973375082
        dmean2: 0.620829999447
        dvar: 0.570837497711
        dvar2: 1.56147348881
        max: 16.9698028564
        mean: 2.65692639351
        median: 1.29346477985
        min: -0.0692159757018
        var: 10.5882892609
    spectral_spread:
        dmean: 326029.53125
        dmean2: 512766.625
        dvar: 334897610752
        dvar2: 745902964736
        max: 49795332
        mean: 3656219.5
        median: 3881776.75
        min: 253232.671875
        var: 5.03582241587e+012
    spectral_strongpeak:
        dmean: 0.424948304892
        dmean2: 0.753249526024
        dvar: 0.469094276428
        dvar2: 1.27584767342
        max: 6.39782619476
        mean: 0.489748120308
        median: 0.202162787318
        min: 0
        var: 0.532855391502
    zerocrossingrate:
        dmean: 0.00645579351112
        dmean2: 0.00808931607753
        dvar: 4.72022038593e-005
        dvar2: 6.22168518021e-005
        max: 0.51708984375
        mean: 0.0913907662034
        median: 0.10595703125
        min: 0.0048828125
        var: 0.00212059752084
    barkbands:
        dmean: [1.00952718185e-006, 7.60640614317e-005, 0.00013676751405, 0.000131240973133, 0.000482638977701, 0.000133619221742, 8.72029413586e-005, 8.19942870294e-005, 9.91464185063e-005, 7.70367769292e-005, 6.045459304e-005, 7.27345322957e-005, 8.20221030153e-005, 8.01169153419e-005, 7.15712158126e-005, 0.000105282626464, 0.000144806967, 0.000185297045391, 0.000300069339573, 0.000309153780108, 0.000122277502669, 2.92417171295e-005, 3.67999473383e-006, 1.87785349226e-006, 7.44486271742e-007, 2.80588494661e-008, 4.00678740187e-010]
        dmean2: [1.55655470735e-006, 0.000128066501929, 0.000217518361751, 0.000222466464038, 0.000840909662656, 0.000226996373385, 0.000149428786244, 0.000135780937853, 0.0001639691327, 0.000129419859149, 0.000101449426438, 0.000119587959489, 0.000137601295137, 0.000134831832838, 0.000120392607641, 0.000177867943421, 0.000246454263106, 0.000325917848386, 0.000513195758685, 0.000545087386854, 0.000219358073082, 5.3371910326e-005, 6.4006330831e-006, 3.05932053379e-006, 1.24765290366e-006, 4.45414762851e-008, 6.42993158717e-010]
        dvar: [3.18959550612e-012, 1.801171301e-008, 6.92727368801e-008, 4.24471622296e-008, 1.60782781222e-006, 8.25757524581e-008, 2.54501895114e-008, 2.01920009602e-008, 2.7479446274e-008, 2.26276597459e-008, 1.31171251638e-008, 2.33297470231e-008, 2.3132775695e-008, 1.97747009878e-008, 1.51139349924e-008, 2.02338341637e-008, 4.01899100666e-008, 9.96174094325e-008, 1.73738044396e-007, 2.54401783195e-007, 4.67270879767e-008, 3.116594538e-009, 3.4791333009e-011, 1.25702434572e-011, 2.83181616177e-012, 4.6546603445e-015, 6.97294696517e-019]
        dvar2: [7.50420645762e-012, 4.6752905547e-008, 1.58823652896e-007, 1.14540206653e-007, 4.39951872977e-006, 2.28300422123e-007, 6.8604087744e-008, 5.20939238413e-008, 7.0150129261e-008, 6.25806535481e-008, 3.55637510552e-008, 5.94881939264e-008, 6.25640481644e-008, 5.5140311872e-008, 3.93642807239e-008, 5.50697265567e-008, 1.09815033511e-007, 2.77707272289e-007, 4.74680575735e-007, 7.18273099665e-007, 1.31392795311e-007, 8.77516903586e-009, 9.48633047115e-011, 3.14983872318e-011, 7.4634343844e-012, 1.12133601219e-014, 1.40300812712e-018]
        max: [1.54414065037e-005, 0.00188061082736, 0.00631522014737, 0.00460918899626, 0.0179994683713, 0.00555926654488, 0.00339238950983, 0.0020660161972, 0.00302746938542, 0.00275147333741, 0.00236211274751, 0.00345699395984, 0.00355993025005, 0.00285191158764, 0.00275300093926, 0.00305920280516, 0.00553473317996, 0.00377956731245, 0.0065993135795, 0.00648055411875, 0.00210338365287, 0.000554723315872, 7.51226034481e-005, 6.66390260449e-005, 2.6885596526e-005, 2.26540009862e-006, 2.19097078258e-008]
        mean: [1.26187137539e-006, 0.000100901459518, 0.000231311278185, 0.000177270703716, 0.000559344363865, 0.000191692233784, 0.000125976832351, 0.00012743503612, 0.000170004088432, 0.000131076434627, 0.000103649937955, 0.000129988155095, 0.00015336148499, 0.000156257228809, 0.000133693640237, 0.00021113283583, 0.000293587159831, 0.000290106603643, 0.00069574743975, 0.000571665237658, 0.000200231006602, 4.05181781389e-005, 6.95736616763e-006, 3.848621418e-006, 1.3769869156e-006, 5.27984340692e-008, 6.70792865698e-010]
        median: [3.80186094162e-007, 5.89888040849e-005, 9.11633542273e-005, 9.45962383412e-005, 0.000253844104009, 0.0001080236907, 7.57669622544e-005, 6.53009628877e-005, 9.5287199656e-005, 6.55421390547e-005, 5.51744160475e-005, 6.70626905048e-005, 7.68201134633e-005, 8.74595061759e-005, 9.04830740183e-005, 0.000175092718564, 0.000240887733526, 0.000213226710912, 0.00064641807694, 0.000494874373544, 0.0001623397402, 2.67531941063e-005, 4.78847050545e-006, 2.07838002098e-006, 6.73330987411e-007, 2.09856754196e-008, 2.38806974195e-010]
        min: [1.1015751302e-024, 4.11446734539e-024, 4.82643714001e-026, 1.22795607064e-024, 1.18853160305e-023, 1.07131271011e-023, 1.29456121403e-023, 4.68026205244e-024, 1.95526117335e-023, 1.37415041628e-023, 1.8460894505e-023, 1.71339074001e-023, 3.96473949454e-023, 2.74619457394e-023, 4.47722739924e-023, 7.86986697928e-023, 7.03733599652e-023, 1.37941151898e-022, 1.55607950617e-022, 1.51250611143e-022, 2.83370348214e-022, 3.40428039021e-022, 4.28398121614e-022, 6.48506419554e-022, 7.63007371137e-022, 1.25147438554e-021, 2.11842792605e-021]
        var: [4.14250534916e-012, 2.02852348252e-008, 1.82549612759e-007, 5.73859360031e-008, 1.2518131598e-006, 8.65801865757e-008, 3.30885185917e-008, 3.56456233419e-008, 5.9337477154e-008, 4.65652192361e-008, 2.51787941608e-008, 4.90438232248e-008, 5.49480496659e-008, 5.00130674652e-008, 3.18756576689e-008, 4.30303188637e-008, 8.11825771052e-008, 1.08941826227e-007, 3.49391484633e-007, 3.15577864285e-007, 4.62101930054e-008, 2.69566347022e-009, 6.01673502687e-011, 2.796225404e-011, 4.40703853619e-012, 9.85496406702e-015, 1.96904802708e-018]
    frequency_bands:
        dmean: [1.00952718185e-006, 7.60640614317e-005, 0.00013676751405, 0.000131240973133, 0.000482638977701, 0.000133619221742, 8.72029413586e-005, 8.19942870294e-005, 9.91464185063e-005, 7.70367769292e-005, 6.045459304e-005, 7.27345322957e-005, 8.20221030153e-005, 8.01169153419e-005, 7.15712158126e-005, 0.000105282626464, 0.000144806967, 0.000185297045391, 0.000300069339573, 0.000309153780108, 0.000122277502669, 2.92417171295e-005, 3.67999473383e-006, 1.87785349226e-006, 7.44486271742e-007, 2.80588494661e-008, 4.00678740187e-010, 5.71751708478e-011]
        dmean2: [1.55655470735e-006, 0.000128066501929, 0.000217518361751, 0.000222466464038, 0.000840909662656, 0.000226996373385, 0.000149428786244, 0.000135780937853, 0.0001639691327, 0.000129419859149, 0.000101449426438, 0.000119587959489, 0.000137601295137, 0.000134831832838, 0.000120392607641, 0.000177867943421, 0.000246454263106, 0.000325917848386, 0.000513195758685, 0.000545087386854, 0.000219358073082, 5.3371910326e-005, 6.4006330831e-006, 3.05932053379e-006, 1.24765290366e-006, 4.45414762851e-008, 6.42993158717e-010, 1.06276945577e-010]
        dvar: [3.18959550612e-012, 1.801171301e-008, 6.92727368801e-008, 4.24471622296e-008, 1.60782781222e-006, 8.25757524581e-008, 2.54501895114e-008, 2.01920009602e-008, 2.7479446274e-008, 2.26276597459e-008, 1.31171251638e-008, 2.33297470231e-008, 2.3132775695e-008, 1.97747009878e-008, 1.51139349924e-008, 2.02338341637e-008, 4.01899100666e-008, 9.96174094325e-008, 1.73738044396e-007, 2.54401783195e-007, 4.67270879767e-008, 3.116594538e-009, 3.4791333009e-011, 1.25702434572e-011, 2.83181616177e-012, 4.6546603445e-015, 6.97294696517e-019, 9.39586945319e-021]
        dvar2: [7.50420645762e-012, 4.6752905547e-008, 1.58823652896e-007, 1.14540206653e-007, 4.39951872977e-006, 2.28300422123e-007, 6.8604087744e-008, 5.20939238413e-008, 7.0150129261e-008, 6.25806535481e-008, 3.55637510552e-008, 5.94881939264e-008, 6.25640481644e-008, 5.5140311872e-008, 3.93642807239e-008, 5.50697265567e-008, 1.09815033511e-007, 2.77707272289e-007, 4.74680575735e-007, 7.18273099665e-007, 1.31392795311e-007, 8.77516903586e-009, 9.48633047115e-011, 3.14983872318e-011, 7.4634343844e-012, 1.12133601219e-014, 1.40300812712e-018, 3.06374031022e-020]
        max: [1.54414065037e-005, 0.00188061082736, 0.00631522014737, 0.00460918899626, 0.0179994683713, 0.00555926654488, 0.00339238950983, 0.0020660161972, 0.00302746938542, 0.00275147333741, 0.00236211274751, 0.00345699395984, 0.00355993025005, 0.00285191158764, 0.00275300093926, 0.00305920280516, 0.00553473317996, 0.00377956731245, 0.0065993135795, 0.00648055411875, 0.00210338365287, 0.000554723315872, 7.51226034481e-005, 6.66390260449e-005, 2.6885596526e-005, 2.26540009862e-006, 2.19097078258e-008, 1.44933720581e-009]
        mean: [1.26187137539e-006, 0.000100901459518, 0.000231311278185, 0.000177270703716, 0.000559344363865, 0.000191692233784, 0.000125976832351, 0.00012743503612, 0.000170004088432, 0.000131076434627, 0.000103649937955, 0.000129988155095, 0.00015336148499, 0.000156257228809, 0.000133693640237, 0.00021113283583, 0.000293587159831, 0.000290106603643, 0.00069574743975, 0.000571665237658, 0.000200231006602, 4.05181781389e-005, 6.95736616763e-006, 3.848621418e-006, 1.3769869156e-006, 5.27984340692e-008, 6.70792865698e-010, 4.30184811384e-011]
        median: [3.80186094162e-007, 5.89888040849e-005, 9.11633542273e-005, 9.45962383412e-005, 0.000253844104009, 0.0001080236907, 7.57669622544e-005, 6.53009628877e-005, 9.5287199656e-005, 6.55421390547e-005, 5.51744160475e-005, 6.70626905048e-005, 7.68201134633e-005, 8.74595061759e-005, 9.04830740183e-005, 0.000175092718564, 0.000240887733526, 0.000213226710912, 0.00064641807694, 0.000494874373544, 0.0001623397402, 2.67531941063e-005, 4.78847050545e-006, 2.07838002098e-006, 6.73330987411e-007, 2.09856754196e-008, 2.38806974195e-010, 1.05857354132e-011]
        min: [1.1015751302e-024, 4.11446734539e-024, 4.82643714001e-026, 1.22795607064e-024, 1.18853160305e-023, 1.07131271011e-023, 1.29456121403e-023, 4.68026205244e-024, 1.95526117335e-023, 1.37415041628e-023, 1.8460894505e-023, 1.71339074001e-023, 3.96473949454e-023, 2.74619457394e-023, 4.47722739924e-023, 7.86986697928e-023, 7.03733599652e-023, 1.37941151898e-022, 1.55607950617e-022, 1.51250611143e-022, 2.83370348214e-022, 3.40428039021e-022, 4.28398121614e-022, 6.48506419554e-022, 7.63007371137e-022, 1.25147438554e-021, 2.11842792605e-021, 5.03094287878e-022]
        var: [4.14250534916e-012, 2.02852348252e-008, 1.82549612759e-007, 5.73859360031e-008, 1.2518131598e-006, 8.65801865757e-008, 3.30885185917e-008, 3.56456233419e-008, 5.9337477154e-008, 4.65652192361e-008, 2.51787941608e-008, 4.90438232248e-008, 5.49480496659e-008, 5.00130674652e-008, 3.18756576689e-008, 4.30303188637e-008, 8.11825771052e-008, 1.08941826227e-007, 3.49391484633e-007, 3.15577864285e-007, 4.62101930054e-008, 2.69566347022e-009, 6.01673502687e-011, 2.796225404e-011, 4.40703853619e-012, 9.85496406702e-015, 1.96904802708e-018, 6.79076589594e-021]
    mfcc:
        mean: [-750.735168457, 103.582420349, -33.9027938843, 50.3367118835, -11.2572059631, -3.40922951698, 3.60981440544, -6.22442626953, -1.77389359474, -0.182394772768, -5.42339277267, -3.57162213326, -4.76058959961]
        cov: [[24252.3574219, 139.327270508, -6753.68212891, 2264.0222168, -987.776062012, 433.665679932, 892.22277832, -147.227310181, -60.4498214722, 1.72514808178, -217.159042358, 219.794082642, 217.468139648], [139.327270508, 818.868408203, 154.545227051, 52.7077598572, -46.7982788086, -55.0585784912, -39.2609634399, -8.27722740173, -2.82482981682, -11.0100240707, -3.79644012451, -37.7421646118, -42.0663032532], [-6753.68212891, 154.545227051, 2538.22875977, -536.658935547, 298.825561523, -178.646697998, -336.188659668, 45.6997337341, 24.020652771, 7.79910945892, 54.9576072693, -68.4352874756, -61.7892456055], [2264.0222168, 52.7077598572, -536.658935547, 440.25479126, -69.6418304443, 50.9184417725, 53.4391860962, -30.852481842, 2.26454019547, -0.356183797121, -24.4285812378, 19.3364181519, 47.7039794922], [-987.776062012, -46.7982788086, 298.825561523, -69.6418304443, 135.364303589, 12.2957201004, -43.8564949036, -4.49759483337, -3.7416946888, 10.7204437256, 17.9446868896, -10.9210481644, -19.9612693787], [433.665679932, -55.0585784912, -178.646697998, 50.9184417725, 12.2957201004, 77.7553024292, 47.2963790894, 8.41501712799, -3.71818757057, 4.71452617645, 1.86017453671, 6.78150558472, 0.158140897751], [892.22277832, -39.2609634399, -336.188659668, 53.4391860962, -43.8564949036, 47.2963790894, 113.940254211, 32.1119842529, 8.26252269745, -3.66793179512, -10.1239347458, 11.1135168076, 6.72518396378], [-147.227310181, -8.27722740173, 45.6997337341, -30.852481842, -4.49759483337, 8.41501712799, 32.1119842529, 68.7423706055, 25.9386882782, 4.58092975616, 2.68393373489, 5.63407278061, -2.26884126663], [-60.4498214722, -2.82482981682, 24.020652771, 2.26454019547, -3.7416946888, -3.71818757057, 8.26252269745, 25.9386882782, 52.1329994202, 27.0861148834, 9.93638134003, 0.644745647907, 3.25082182884], [1.72514808178, -11.0100240707, 7.79910945892, -0.356183797121, 10.7204437256, 4.71452617645, -3.66793179512, 4.58092975616, 27.0861148834, 54.2667160034, 25.5483341217, 10.2472305298, -0.183577850461], [-217.159042358, -3.79644012451, 54.9576072693, -24.4285812378, 17.9446868896, 1.86017453671, -10.1239347458, 2.68393373489, 9.93638134003, 25.5483341217, 51.3860549927, 22.7547225952, 4.98879146576], [219.794082642, -37.7421646118, -68.4352874756, 19.3364181519, -10.9210481644, 6.78150558472, 11.1135168076, 5.63407278061, 0.644745647907, 10.2472305298, 22.7547225952, 52.4495277405, 28.965051651], [217.468139648, -42.0663032532, -61.7892456055, 47.7039794922, -19.9612693787, 0.158140897751, 6.72518396378, -2.26884126663, 3.25082182884, -0.183577850461, 4.98879146576, 28.965051651, 54.2206764221]]
        icov: [[0.000288724462735, -7.6333344623e-005, 0.000523369119037, -0.000766997807659, 0.000433412962593, 0.000237098283833, -0.000290484109428, -2.23066817853e-005, 0.000400513090426, -0.000541726592928, 0.00045456746011, -0.000526999530848, 0.000461822113721], [-7.6333344623e-005, 0.00154633587226, -0.000346771936165, -0.000441078358563, 0.000875906087458, 0.000767741119489, 9.94797082967e-005, -0.000121050958114, 0.000243536327616, 0.000385683088098, -0.00109367072582, 0.00080965080997, 0.00145637930837], [0.000523369119037, -0.000346771936165, 0.00219559739344, -0.000678869255353, -0.00101727305446, 0.00142268941272, 0.00220502400771, -0.00212702108547, 0.000498533307109, -0.000496216933243, 0.000558383238968, -8.83997927303e-005, -4.56921407022e-005], [-0.000766997807659, -0.000441078358563, -0.000678869255353, 0.00598132656887, -0.00107871182263, -0.00299249915406, 0.00189750851132, 0.00152526190504, -0.00277133239433, 0.00127401715145, 0.000842140812892, 0.00128154223785, -0.00445355568081], [0.000433412962593, 0.000875906087458, -0.00101727305446, -0.00107871182263, 0.0149352084845, -0.00693262461573, 0.00186817254871, 0.00191483518574, 0.00153011851944, -0.00189800420776, -0.00211993372068, 0.000346301676473, 0.00400991505012], [0.000237098283833, 0.000767741119489, 0.00142268941272, -0.00299249915406, -0.00693262461573, 0.0246258638799, -0.00891177263111, -0.00289304414764, 0.00587573647499, -0.00336909852922, -0.00179818470497, 0.000451102969237, 0.00181982095819], [-0.000290484109428, 9.94797082967e-005, 0.00220502400771, 0.00189750851132, 0.00186817254871, -0.00891177263111, 0.0246024690568, -0.0109896883368, -0.00219813012518, 0.00319265085272, 0.00118616782129, 0.00033834768692, -0.00085929769557], [-2.23066817853e-005, -0.000121050958114, -0.00212702108547, 0.00152526190504, 0.00191483518574, -0.00289304414764, -0.0109896883368, 0.0278689973056, -0.0142100388184, 0.00460682902485, 0.00183690409176, -0.00686565646902, 0.00383855355904], [0.000400513090426, 0.000243536327616, 0.000498533307109, -0.00277133239433, 0.00153011851944, 0.00587573647499, -0.00219813012518, -0.0142100388184, 0.0383033156395, -0.0199113953859, -0.00134883343708, 0.00845437962562, -0.00494304439053], [-0.000541726592928, 0.000385683088098, -0.000496216933243, 0.00127401715145, -0.00189800420776, -0.00336909852922, 0.00319265085272, 0.00460682902485, -0.0199113953859, 0.0356921479106, -0.0128796156496, -0.00306790461764, 0.00403203396127], [0.00045456746011, -0.00109367072582, 0.000558383238968, 0.000842140812892, -0.00211993372068, -0.00179818470497, 0.00118616782129, 0.00183690409176, -0.00134883343708, -0.0128796156496, 0.0361939519644, -0.0174219813198, 0.00239228201099], [-0.000526999530848, 0.00080965080997, -8.83997927303e-005, 0.00128154223785, 0.000346301676473, 0.000451102969237, 0.00033834768692, -0.00686565646902, 0.00845437962562, -0.00306790461764, -0.0174219813198, 0.0406806506217, -0.0193356648088], [0.000461822113721, 0.00145637930837, -4.56921407022e-005, -0.00445355568081, 0.00400991505012, 0.00181982095819, -0.00085929769557, 0.00383855355904, -0.00494304439053, 0.00403203396127, 0.00239228201099, -0.0193356648088, 0.0337442904711]]
    sccoeffs:
        dmean: [0.0543702356517, 0.0415911078453, 0.0331931859255, 0.0253600459546, 0.016956333071, 0.0170714221895]
        dmean2: [0.090392716229, 0.0700604692101, 0.0561495646834, 0.0430668629706, 0.0288093928248, 0.0281358100474]
        dvar: [0.00227896636352, 0.00117084034719, 0.000703537953086, 0.000428238476161, 0.000192829189473, 0.000258304062299]
        dvar2: [0.00609619170427, 0.00328335212544, 0.00201508053578, 0.00122655392624, 0.000557155290153, 0.000675202289131]
        max: [-0.336932122707, -0.517373621464, -0.620332121849, -0.654493391514, -0.711303770542, -0.602746069431]
        mean: [-0.692717909813, -0.786236822605, -0.806363344193, -0.817558348179, -0.81813031435, -0.766216099262]
        median: [-0.698216319084, -0.790150225163, -0.809464454651, -0.815991580486, -0.805680513382, -0.746310949326]
        min: [-0.971598923206, -0.981007575989, -0.973297715187, -0.967109262943, -0.965737402439, -0.963209271431]
        var: [0.00544322049245, 0.00282671535388, 0.00180187320802, 0.00173893757164, 0.00200493540615, 0.00432114629075]
    scvalleys:
        dmean: [0.351440370083, 0.331513047218, 0.27256539464, 0.236528411508, 0.233971387148, 0.25957095623]
        dmean2: [0.586377501488, 0.560856640339, 0.459211468697, 0.393872588873, 0.389543712139, 0.41861012578]
        dvar: [0.0833720117807, 0.0873940363526, 0.0616742745042, 0.0574745163321, 0.0812845230103, 0.119856357574]
        dvar2: [0.211778819561, 0.225221008062, 0.151476681232, 0.132740035653, 0.192288532853, 0.289781928062]
        max: [-5.01207876205, -4.5239481926, -5.18569660187, -5.52282571793, -5.31217050552, -8.00994586945]
        mean: [-7.01013183594, -6.91305351257, -7.45502376556, -7.86077070236, -7.86210584641, -10.7541227341]
        median: [-6.42691040039, -6.36002826691, -6.62235593796, -6.66084527969, -6.44063806534, -9.56209182739]
        min: [-27.9842510223, -27.8580093384, -27.4583778381, -27.6084003448, -27.4862861633, -27.446975708]
        var: [3.04590201378, 3.06874203682, 4.81101417542, 7.6827340126, 9.27812957764, 7.13259077072]

rhythm:
    beats_loudness:
        dmean: 0.00116259977221
        dmean2: 0.00200939038768
        dvar: 1.58583702614e-006
        dvar2: 4.39105951955e-006
        max: 0.011591155082
        mean: 0.00470995763317
        median: 0.00549036217853
        min: 1.80465468957e-011
        var: 8.48548279464e-006
    bpm: 102.878570557
    bpm_confidence: 0
    first_peak_bpm: 103
    first_peak_spread: 0.247058779001
    first_peak_weight: 0.23188406229
    onset_rate: 2.32191896439
    second_peak_bpm: 129
    second_peak_spread: 0.331034451723
    second_peak_weight: 0.175724640489
    beats_loudness_band_ratio:
        dmean: [0.124598279595, 0.123678639531, 0.0617434866726, 0.0480314679444, 0.0604917891324, 0.0771921500564]
        dmean2: [0.211677476764, 0.210182130337, 0.105913415551, 0.0826284065843, 0.1051896438, 0.130678027868]
        dvar: [0.0114139961079, 0.0127036944032, 0.00376316462643, 0.00333582656458, 0.00375607958995, 0.00598343228921]
        dvar2: [0.0323649831116, 0.0370559729636, 0.0103557296097, 0.00873231887817, 0.0110436249524, 0.0175653044134]
        max: [0.959914505482, 0.726121068001, 0.41197130084, 0.741775929928, 0.56881994009, 0.583173215389]
        mean: [0.267687141895, 0.181458443403, 0.111020304263, 0.0978442803025, 0.178707301617, 0.236042767763]
        median: [0.172244980931, 0.134311392903, 0.0964594632387, 0.0746259316802, 0.193416818976, 0.255323439837]
        min: [0, 0, 0, 0, 0, 0]
        var: [0.046694714576, 0.0220661554486, 0.00500644790009, 0.00917981285602, 0.0133550846949, 0.0246392134577]
    beats_position: [0.592108845711, 1.19582760334, 1.8111563921, 2.41487526894, 3.03020405769, 3.64553284645, 4.27247142792, 4.87619018555, 5.45668935776, 6.03718805313, 6.6176867485, 7.19818592072, 7.77868461609, 8.35918331146, 8.93968200684, 9.52018165588, 10.1006803513, 10.6811790466, 11.261677742, 11.8421764374, 12.4226751328, 13.0031747818, 13.5836734772, 14.1641721725, 14.7446708679, 15.3251695633, 15.9056682587, 16.4861679077, 17.0666656494, 17.6471652985, 18.2276649475, 18.8081626892, 19.4002723694, 19.9923801422, 20.5844898224, 21.1765975952, 21.7687072754, 22.3608150482, 22.9529247284, 23.5450344086, 24.1255321503, 24.7060317993, 25.286529541, 25.8670291901, 26.4475269318, 27.0280265808, 27.6085262299, 28.1890239716, 28.7695236206, 29.3500213623, 29.9305210114, 30.5110206604, 31.0915184021, 31.6720180511, 32.2525177002, 32.8214035034, 33.3902931213, 33.9707946777, 34.5512924194, 35.1317901611, 35.7122879028, 36.2927894592, 36.8732872009, 37.4537849426, 38.034286499, 38.6147842407, 39.1952819824, 39.7757797241, 40.3562812805, 40.9367790222, 41.5172767639, 42.0977783203, 42.678276062, 43.2703857422, 43.8624954224, 44.4429931641, 45.0234909058, 45.6039886475, 46.1960983276, 46.7765960693, 47.3687057495, 47.9492073059, 48.5297050476, 49.1218147278, 49.7139205933, 50.2944221497, 50.8749198914, 51.4554176331, 52.0359191895, 52.6164169312, 53.1969146729, 53.7774124146, 54.3579139709, 54.9384117126, 55.5189094543, 56.0994110107, 56.6799087524, 57.2604064941, 57.8409042358, 58.4214057922, 59.0019035339, 59.5824012756, 60.162902832, 60.7434005737, 61.3238983154, 61.9043960571, 62.4848976135, 63.0653953552, 63.6458930969, 64.2263946533, 64.7952804565, 65.3641738892, 65.9446716309, 66.5251693726, 67.1056671143, 67.686164856, 68.2666625977, 68.8471679688, 69.4276657104, 70.0197753906, 70.6118774414, 71.2155990601, 71.8193206787, 72.423034668, 73.0151443481, 73.6072540283, 74.210975647, 74.7218093872, 75.2442626953, 75.7551040649, 76.2078933716, 76.6722869873, 77.1250762939, 77.5778656006, 78.0422668457, 78.5066680908, 78.9710617065, 79.4354629517, 79.8998641968, 80.3526535034, 80.8054428101, 81.2698364258, 81.7342376709, 82.198638916, 82.6630401611, 83.1274337769, 83.591835022, 84.0562362671, 84.5090255737, 84.9618148804, 85.4262084961, 85.8906097412, 86.3550109863, 86.8194122314, 87.2722015381, 87.7249908447, 88.1893844604, 88.6537857056, 89.1181869507, 89.5825805664, 90.0469818115, 90.5113830566, 90.9641723633, 91.428565979, 91.8929672241, 92.3457565308, 92.8101577759, 93.274559021, 93.7389526367, 94.2033538818, 94.667755127, 95.1321487427, 95.5849380493, 96.037727356, 96.5021286011, 96.9665298462, 97.4309310913, 97.895324707, 98.3597259521, 98.8241271973, 99.2769165039, 99.7297058105, 100.194099426, 100.658500671, 101.122901917, 101.587303162, 102.051696777, 102.516098022, 102.968887329, 103.421676636, 103.886077881, 104.350471497, 104.803260803, 105.25605011, 105.720451355, 106.1848526, 106.649246216, 107.113647461, 107.578048706, 108.042449951, 108.506843567, 108.959632874, 109.41242218, 109.876823425, 110.34122467, 110.805618286, 111.270019531, 111.734420776, 112.198822021, 112.663215637, 113.127616882, 113.580406189, 114.033195496, 114.497596741, 114.961990356, 115.426391602, 115.890792847, 116.355194092, 116.819587708, 117.283988953, 117.748390198, 118.212783813, 118.653968811, 119.118362427, 119.582763672, 120.047164917, 120.511566162, 120.964347839, 121.428749084, 121.881538391, 122.345939636, 122.810340881, 123.274734497, 123.739135742, 124.203536987, 124.667930603, 125.12071991, 125.573509216, 126.037910461, 126.502311707, 126.966712952, 127.419502258, 127.883895874, 128.336685181, 128.801086426, 129.265487671, 129.729888916, 130.194290161, 130.658676147, 131.123077393, 131.587478638, 132.051879883, 132.527893066, 133.01550293, 133.491516113, 133.979141235, 134.478363037, 134.977600098, 135.476821899, 135.97605896, 136.463668823, 136.951293945, 137.450515747, 137.949752808, 138.437362671, 138.924987793, 139.424209595, 139.923446655, 140.411056519, 140.898681641, 141.386306763, 141.873916626, 142.361541748, 142.86076355, 143.36000061, 143.847610474, 144.335235596, 144.822860718, 145.310470581, 145.798095703, 146.285705566, 146.773330688, 147.27255249, 147.771789551, 148.271011353, 148.770248413, 149.257858276, 149.745483398, 150.233108521, 150.732330322, 151.219955444, 151.719177246, 152.206802368, 152.694412231, 153.193649292, 153.692871094, 154.180496216, 154.668121338, 155.155731201, 155.643356323, 156.130966187, 156.630203247, 157.129425049, 157.617050171, 158.104675293, 158.592285156, 159.079910278, 159.567520142, 160.055145264, 160.542770386, 161.041992188, 161.541213989, 162.028839111, 162.528076172, 163.015686035, 163.514923096, 164.002532959, 164.490158081, 164.989379883, 165.488616943, 165.976226807, 166.463851929, 166.951477051, 167.450698853, 167.938323975, 168.437545776, 168.925170898, 169.412780762, 169.912017822, 170.411239624, 170.898864746, 171.386474609, 171.874099731, 172.361724854, 172.860946655, 173.360183716, 173.847793579, 174.335418701, 174.823028564, 175.322265625, 175.809890747, 176.29750061, 176.796737671, 177.284347534, 177.771972656, 178.271194458, 178.770431519, 179.258041382, 179.745666504, 180.233291626, 180.720901489, 181.22013855, 181.707748413, 182.206985474, 182.694595337, 183.193832397, 183.693054199, 184.180679321, 184.668289185, 185.155914307, 185.643539429, 186.131149292, 186.630386353, 187.117996216, 187.617233276, 188.10484314, 188.592468262, 189.080093384, 189.567703247, 190.066940308, 190.566162109, 191.053787231, 191.541397095, 192.029022217, 192.528244019, 193.027481079, 193.515090942, 194.002716064, 194.501953125, 195.001174927, 195.488800049, 195.976409912, 196.464035034, 196.963256836, 197.462493896, 197.95010376, 198.437728882, 198.925354004, 199.517456055, 200.109558105, 200.690063477, 201.270568848, 201.85105896, 202.454788208, 203.03527832, 203.615783691, 204.196273804, 204.776779175, 205.357269287, 205.937774658, 206.518280029, 207.098770142, 207.679275513, 208.259765625, 208.840270996, 209.420761108, 210.001266479, 210.581771851, 211.162261963, 211.742767334, 212.311645508, 212.88053894, 213.461044312, 214.041534424, 214.622039795, 215.202529907, 215.783035278, 216.363540649, 216.944030762, 217.524536133, 218.105026245, 218.685531616, 219.266021729, 219.8465271, 220.450241089, 221.053970337, 221.588027954, 222.122085571, 222.656143188, 223.097320557, 223.538497925, 223.979675293, 224.467300415, 224.966522217, 225.465759277, 225.999816895, 226.533874512, 227.079544067, 227.625213623, 228.15927124, 228.681716919, 229.204162598, 229.726623535, 230.249069214, 230.643798828, 231.05015564, 231.456497192, 231.851242065, 232.257598877, 232.66394043, 233.058685303, 233.453414917, 233.84815979, 234.242904663, 234.637634277, 235.03237915, 235.427108765, 235.821853638, 236.216598511, 236.64616394, 237.07572937, 237.5052948, 237.934875488, 238.376052856, 238.817230225, 239.270019531, 239.722808838, 240.175598145, 240.63999939, 241.081176758, 241.533966064, 241.975143433, 242.439544678, 242.892333984, 243.345123291, 243.786300659, 244.239089966, 244.691879272, 245.144668579, 245.56262207, 245.968978882, 246.375320435, 246.781677246, 247.199630737, 247.617584229, 248.047164917, 248.465118408, 248.894683838, 249.312652588, 249.800262451, 250.287887573, 250.763900757, 251.239898682, 251.715911865, 252.191925049, 252.633102417, 253.074279785, 253.515457153, 253.956634521, 254.374603271, 254.792556763, 255.210510254, 255.640090942, 256.046447754, 256.441162109, 256.859130859, 257.253875732, 257.648620605, 258.054962158, 258.438079834, 258.856048584, 259.274017334, 259.691955566, 260.109924316, 260.527893066, 260.945831299, 261.352203369, 261.770141602, 262.188110352, 262.594451904, 263.012420654, 263.430389404, 263.848327637, 264.266296387, 264.707489014, 265.148651123, 265.60144043, 266.19354248, 266.785675049, 267.3777771, 267.96987915, 268.550384521, 269.130889893, 269.711364746, 270.291870117, 270.883972168, 271.487701416, 272.03338623, 272.579040527, 273.101501465, 273.542663574, 273.995452881, 274.448242188, 274.924255371, 275.388671875, 275.853057861, 276.317443848, 276.747009277, 277.164978027, 277.582946777, 277.98928833, 278.395629883, 278.813598633]
