
metadata:
    version:
        essentia: "2.1-beta2"
    audio_properties:
        analysis_sample_rate: 44100
        bitrate: 273
        channels: 2
        equal_loudness: 1
        length: 351.399169922
        replay_gain: -13.2772941589
        downmix: "mix"
    tags:
        album: "L'Enfant Sauvage"
        artist: "Gojira"
        comment: ""
        date: "2012"
        genre: "Metal"
        title: "Mouth Of Kala"
        tracknumber: "7"

configuration:
    average_loudness:
        compute: 1
        frameSize: 88200
        hopSize: 44100
        silentFrames: "noise"
        windowType: "hann"
    general:
        analysisSampleRate: 44100
        endTime: 2000
        equalLoudness: 1
        nequalLoudness: 0
        shortSound: 0
        startTime: 0
    lowlevel:
        compute: 1
        frameSize: 2048
        hopSize: 1024
        zeroPadding: 0
        silentFrames: "noise"
        windowType: "blackmanharris62"
        mfccStats: ["mean", "cov", "icov"]
        stats: ["mean", "var", "median", "min", "max", "dmean", "dmean2", "dvar", "dvar2"]
    panning:
        compute: 0
        frameSize: 8192
        hopSize: 2048
        zeroPadding: 8192
        silentFrames: "noise"
        windowType: "hann"
        stats: ["copy"]
    rhythm:
        compute: 1
        maxTempo: 208
        minTempo: 40
        method: "degara"
        stats: ["mean", "var", "median", "min", "max", "dmean", "dmean2", "dvar", "dvar2"]
    segmentation:
        compute: 0
        cpw: 5
        inc1: 300
        inc2: 50
        minimumSegmentsLength: 10
        size1: 1000
        size2: 600
    sfx:
        compute: 1
        stats: ["mean", "var", "median", "min", "max", "dmean", "dmean2", "dvar", "dvar2"]
    svm:
        compute: 0
    tonal:
        compute: 1
        frameSize: 4096
        hopSize: 2048
        zeroPadding: 0
        silentFrames: "noise"
        windowType: "blackmanharris62"
        stats: ["mean", "var", "median", "min", "max", "dmean", "dmean2", "dvar", "dvar2"]

lowlevel:
    average_loudness: 0.850646018982
    barkbands_kurtosis:
        dmean: 0.826467216015
        dmean2: 1.40147995949
        dvar: 3.52249288559
        dvar2: 9.44302558899
        max: 54.4617576599
        mean: -0.714141070843
        median: -1.13737308979
        min: -1.8991111517
        var: 3.76553702354
    barkbands_skewness:
        dmean: 0.482836633921
        dmean2: 0.791038572788
        dvar: 0.278015851974
        dvar2: 0.725908815861
        max: 6.78673791885
        mean: -0.0439167059958
        median: -0.183653339744
        min: -2.82809329033
        var: 0.72118461132
    barkbands_spread:
        dmean: 6.29713201523
        dmean2: 10.5580234528
        dvar: 47.7763595581
        dvar2: 131.247238159
        max: 68.6701889038
        mean: 35.6116790771
        median: 35.054271698
        min: 3.14659905434
        var: 86.2878494263
    dissonance:
        dmean: 0.00822424516082
        dmean2: 0.0141960438341
        dvar: 6.0315560404e-005
        dvar2: 0.000169128950802
        max: 0.500000178814
        mean: 0.486841857433
        median: 0.488814353943
        min: 0.357081502676
        var: 8.23363661766e-005
    hfc:
        dmean: 3.67287898064
        dmean2: 6.52585077286
        dvar: 27.2562732697
        dvar2: 74.6128234863
        max: 47.308971405
        mean: 8.88641452789
        median: 8.52227401733
        min: 1.20149730979e-016
        var: 42.8611907959
    pitch:
        dmean: 831.516540527
        dmean2: 1590.89794922
        dvar: 1718533.75
        dvar2: 4378094.5
        max: 4211.58105469
        mean: 2334.94335938
        median: 3605.99804688
        min: 50.7503547668
        var: 2793110.25
    pitch_instantaneous_confidence:
        dmean: 0.0760455802083
        dmean2: 0.129755020142
        dvar: 0.00374595052563
        dvar2: 0.0106039019302
        max: 0.811242520809
        mean: 0.333131700754
        median: 0.322182416916
        min: 0.114262878895
        var: 0.0103966053575
    pitch_salience:
        dmean: 0.0560869015753
        dmean2: 0.095278210938
        dvar: 0.00311861676164
        dvar2: 0.00883801002055
        max: 0.949756324291
        mean: 0.705914080143
        median: 0.724332690239
        min: 0.193969845772
        var: 0.00617393152788
    silence_rate_20dB:
        dmean: 0
        dmean2: 0
        dvar: 0
        dvar2: 0
        max: 1
        mean: 1
        median: 1
        min: 1
        var: 0
    silence_rate_30dB:
        dmean: 0
        dmean2: 0
        dvar: 0
        dvar2: 0
        max: 1
        mean: 1
        median: 1
        min: 1
        var: 0
    silence_rate_60dB:
        dmean: 0.0664728432894
        dmean2: 0.132954463363
        dvar: 0.0620456337929
        dvar2: 0.151358902454
        max: 1
        mean: 0.276577472687
        median: 0
        min: 0
        var: 0.200085937977
    spectral_centroid:
        dmean: 361.631256104
        dmean2: 606.34197998
        dvar: 137145.828125
        dvar2: 352810.03125
        max: 11134.4296875
        mean: 1800.49145508
        median: 1839.19714355
        min: 158.061050415
        var: 345995.0625
    spectral_complexity:
        dmean: 4.77534008026
        dmean2: 7.8938741684
        dvar: 25.0873603821
        dvar2: 62.9280700684
        max: 50
        mean: 18.892698288
        median: 20
        min: 0
        var: 144.595550537
    spectral_crest:
        dmean: 1.89558935165
        dmean2: 3.20121788979
        dvar: 3.73964595795
        dvar2: 9.9196844101
        max: 20.3572044373
        mean: 6.26113891602
        median: 5.58462619781
        min: 2.36470937729
        var: 6.99337482452
    spectral_decrease:
        dmean: 3.44150180576e-010
        dmean2: 5.8978372186e-010
        dvar: 3.86930171736e-019
        dvar2: 1.04323139976e-018
        max: 6.90529663015e-029
        mean: -1.04967490255e-009
        median: -9.62003143812e-010
        min: -7.72554198392e-009
        var: 5.75392572657e-019
    spectral_energy:
        dmean: 0.00159571145196
        dmean2: 0.00275525194593
        dvar: 7.21354899724e-006
        dvar2: 1.9496470486e-005
        max: 0.0323052033782
        mean: 0.00476772570983
        median: 0.00442032609135
        min: 1.06385063752e-020
        var: 1.12816351248e-005
    spectral_energyband_high:
        dmean: 0.000334490265232
        dmean2: 0.000604998494964
        dvar: 2.60211379555e-007
        dvar2: 7.19732724974e-007
        max: 0.00417125085369
        mean: 0.000505878473632
        median: 0.000424128287705
        min: 7.56170145802e-021
        var: 2.39645260081e-007
    spectral_energyband_low:
        dmean: 0.000291079690214
        dmean2: 0.000480340153445
        dvar: 2.16235093831e-007
        dvar2: 5.80469873057e-007
        max: 0.00751556735486
        mean: 0.000518695393112
        median: 0.000336226861691
        min: 2.89900229554e-023
        var: 4.33403016586e-007
    spectral_energyband_middle_high:
        dmean: 0.000805819581728
        dmean2: 0.00138166302349
        dvar: 1.00206943898e-006
        dvar2: 2.71967587651e-006
        max: 0.0116541907191
        mean: 0.00247417669743
        median: 0.00216095359065
        min: 1.47135508764e-021
        var: 3.55200859303e-006
    spectral_energyband_middle_low:
        dmean: 0.000753012194764
        dmean2: 0.0012711827876
        dvar: 3.70390444004e-006
        dvar2: 9.88983447314e-006
        max: 0.0239132009447
        mean: 0.00144585792441
        median: 0.00109948648605
        min: 2.478202621e-022
        var: 3.27591465066e-006
    spectral_flatness_db:
        dmean: 0.0139778619632
        dmean2: 0.0218192655593
        dvar: 0.000179254595423
        dvar2: 0.000430835003499
        max: 0.352420657873
        mean: 0.135830581188
        median: 0.131489560008
        min: 0.0700279325247
        var: 0.000741407624446
    spectral_flux:
        dmean: 0.00829750858247
        dmean2: 0.0133782029152
        dvar: 0.000133914261824
        dvar2: 0.000266800198006
        max: 0.163375705481
        mean: 0.0415029302239
        median: 0.0428071953356
        min: 6.6610800209e-011
        var: 0.000417752278736
    spectral_kurtosis:
        dmean: 1.16310977936
        dmean2: 1.99982297421
        dvar: 1.20170485973
        dvar2: 3.60488915443
        max: 17.7918720245
        mean: 3.54155230522
        median: 3.36389350891
        min: -1.24164700508
        var: 2.07505726814
    spectral_rms:
        dmean: 0.000314907199936
        dmean2: 0.000531694618985
        dvar: 1.789120887e-007
        dvar2: 4.69525588187e-007
        max: 0.00561402458698
        mean: 0.00199069664814
        median: 0.00207665911876
        min: 3.22165016019e-012
        var: 6.88588727371e-007
    spectral_rolloff:
        dmean: 438.731628418
        dmean2: 743.741210938
        dvar: 448198.375
        dvar2: 1192032.375
        max: 19143.0175781
        mean: 3474.7409668
        median: 3660.64453125
        min: 150.732421875
        var: 672539.0625
    spectral_skewness:
        dmean: 0.201576575637
        dmean2: 0.335356384516
        dvar: 0.0364418663085
        dvar2: 0.094423443079
        max: 2.71657514572
        mean: 1.22253549099
        median: 1.22758817673
        min: -0.0296211559325
        var: 0.0919305458665
    spectral_spread:
        dmean: 384488
        dmean2: 576418.625
        dvar: 222108745728
        dvar2: 438212395008
        max: 43319864
        mean: 4114158.5
        median: 4009653
        min: 2064392.25
        var: 1.33504683213e+012
    spectral_strongpeak:
        dmean: 0.364489465952
        dmean2: 0.649901151657
        dvar: 0.323887974024
        dvar2: 0.900527656078
        max: 7.1670255661
        mean: 0.445235788822
        median: 0.185693919659
        min: 2.20345097723e-009
        var: 0.388970524073
    zerocrossingrate:
        dmean: 0.00860648136586
        dmean2: 0.0115608079359
        dvar: 7.17813454685e-005
        dvar2: 0.000115021204692
        max: 0.52587890625
        mean: 0.10178630054
        median: 0.103515625
        min: 0.013671875
        var: 0.000550146447495
    barkbands:
        dmean: [1.31239562506e-006, 0.000103382670204, 0.000177789843292, 0.000181191324373, 0.000461949501187, 0.000155031317263, 9.8037889984e-005, 7.43645796319e-005, 9.70860492089e-005, 0.00011003385589, 6.83503822074e-005, 8.44826790853e-005, 9.83752324828e-005, 6.86808489263e-005, 6.69080909574e-005, 9.01879102457e-005, 0.000132889603265, 0.000169053950231, 0.000273831101367, 0.000335771852406, 0.000141762764542, 3.59836958523e-005, 4.412524504e-006, 1.8006829805e-006, 7.35245862415e-007, 2.96141120515e-008, 4.75440464776e-010]
        dmean2: [2.05646438189e-006, 0.000176253990503, 0.000296511978377, 0.000301234307699, 0.000791723956354, 0.000265594542725, 0.000169072067365, 0.000124871221487, 0.000163498145412, 0.000187244921108, 0.000115830946015, 0.000142413613503, 0.000165940640727, 0.000116702722153, 0.000113441848953, 0.00015389508917, 0.000228479198995, 0.000300836196402, 0.000471068487968, 0.000597733946051, 0.000258425367065, 6.63933169562e-005, 7.89163368609e-006, 3.05332150674e-006, 1.2113723642e-006, 4.36640306134e-008, 7.10113134961e-010]
        dvar: [3.57632521687e-012, 2.57562877692e-008, 1.0455258348e-007, 9.20954761341e-008, 2.07631819649e-006, 1.1695489377e-007, 4.74516390625e-008, 1.86247532952e-008, 2.96474809147e-008, 6.70703954597e-008, 1.63444013879e-008, 3.07813898814e-008, 3.73456003899e-008, 1.26480665941e-008, 1.31574715567e-008, 1.28429000767e-008, 2.83881647078e-008, 5.70167415503e-008, 1.08319738956e-007, 2.33339150668e-007, 4.76749235645e-008, 3.53701534728e-009, 4.9557396381e-011, 8.81281939785e-012, 1.81270710248e-012, 6.01378018903e-015, 8.77910255352e-019]
        dvar2: [8.52002756541e-012, 7.05815068613e-008, 2.75137182371e-007, 2.36350516047e-007, 5.56214399694e-006, 3.23182064221e-007, 1.29600508103e-007, 5.06401001132e-008, 8.03548090289e-008, 1.82005578608e-007, 4.62700207038e-008, 8.54656150295e-008, 1.03671254692e-007, 3.41421788619e-008, 3.56058258433e-008, 3.52377824697e-008, 7.7502448903e-008, 1.57178732252e-007, 2.93986971656e-007, 6.53232007153e-007, 1.31556774363e-007, 9.67127977702e-009, 1.29736638099e-010, 2.10017472163e-011, 4.56123984069e-012, 1.2173919201e-014, 1.63127730255e-018]
        max: [2.45789633482e-005, 0.00215882831253, 0.00548869464546, 0.00453763874248, 0.0191826745868, 0.00519199389964, 0.00317781046033, 0.00273758498952, 0.00402265693992, 0.00533060729504, 0.00281056342646, 0.00536586996168, 0.00352013250813, 0.00276800082065, 0.00421730289236, 0.00240834918804, 0.00302729685791, 0.00277124834247, 0.00729232421145, 0.00505185918882, 0.00244998326525, 0.000703632191289, 0.000139769384987, 6.97068608133e-005, 3.70739580831e-005, 3.6168630686e-006, 2.00185983346e-008]
        mean: [1.80103631919e-006, 0.000134104979225, 0.000242177644395, 0.000240245033638, 0.00052689545555, 0.000227486001677, 0.000134808287839, 0.000115885581181, 0.000160590687301, 0.000180612027179, 0.000118447307614, 0.000158559400006, 0.000183562500752, 0.000131424239953, 0.000125713617308, 0.000179306633072, 0.000270657939836, 0.000240890745772, 0.000609670591075, 0.000552117009647, 0.000184031785466, 3.84648119507e-005, 5.91740990785e-006, 3.04142349705e-006, 1.26920099319e-006, 5.35378177347e-008, 7.28574367503e-010]
        median: [9.38336825129e-007, 7.4276162195e-005, 0.000117553288874, 0.000124831640278, 0.000240422756178, 0.000135754598887, 7.42947886465e-005, 6.18770864094e-005, 8.95115808817e-005, 5.80807391088e-005, 5.39614811714e-005, 6.07731417404e-005, 7.2278548032e-005, 8.09999837657e-005, 8.34379898151e-005, 0.000146608042996, 0.000212962462683, 0.00016569942818, 0.000568369519897, 0.000485081603983, 0.000139146621223, 2.1814397769e-005, 3.4577894894e-006, 1.66417623859e-006, 7.39162089758e-007, 2.28512657685e-008, 2.93539387242e-010]
        min: [2.890591855e-024, 5.5924873926e-024, 2.08997652786e-024, 2.5088405665e-024, 1.91082653183e-023, 2.51587306425e-023, 3.34184261755e-023, 3.23016957454e-023, 3.52014443033e-023, 3.38042485779e-023, 4.53397710612e-023, 5.45668088569e-023, 4.76934827224e-023, 7.77968692495e-023, 9.49569668317e-023, 1.13263740004e-022, 1.4930185965e-022, 1.54245682497e-022, 1.60579326798e-022, 2.127809792e-022, 3.96601498796e-022, 4.9780662265e-022, 6.611721683e-022, 7.36771245824e-022, 1.00393028787e-021, 1.44397240034e-021, 2.18497799906e-021]
        var: [5.65417287643e-012, 3.36327516948e-008, 1.61494938311e-007, 1.3109550423e-007, 1.54145232045e-006, 1.20469152876e-007, 4.95200715989e-008, 2.80618426274e-008, 5.45505933758e-008, 1.35554088843e-007, 3.37801466799e-008, 7.81511033665e-008, 9.5021093216e-008, 3.13216368397e-008, 2.74625229224e-008, 2.77021872108e-008, 6.2311386273e-008, 6.43823270252e-008, 2.34228011209e-007, 2.4831692258e-007, 3.96687376281e-008, 2.69415378895e-009, 5.76587909362e-011, 1.91602463062e-011, 3.19800089188e-012, 1.24635197657e-014, 1.7707536023e-018]
    frequency_bands:
        dmean: [1.31239562506e-006, 0.000103382670204, 0.000177789843292, 0.000181191324373, 0.000461949501187, 0.000155031317263, 9.8037889984e-005, 7.43645796319e-005, 9.70860492089e-005, 0.00011003385589, 6.83503822074e-005, 8.44826790853e-005, 9.83752324828e-005, 6.86808489263e-005, 6.69080909574e-005, 9.01879102457e-005, 0.000132889603265, 0.000169053950231, 0.000273831101367, 0.000335771852406, 0.000141762764542, 3.59836958523e-005, 4.412524504e-006, 1.8006829805e-006, 7.35245862415e-007, 2.96141120515e-008, 4.75440464776e-010, 5.46863769546e-011]
        dmean2: [2.05646438189e-006, 0.000176253990503, 0.000296511978377, 0.000301234307699, 0.000791723956354, 0.000265594542725, 0.000169072067365, 0.000124871221487, 0.000163498145412, 0.000187244921108, 0.000115830946015, 0.000142413613503, 0.000165940640727, 0.000116702722153, 0.000113441848953, 0.00015389508917, 0.000228479198995, 0.000300836196402, 0.000471068487968, 0.000597733946051, 0.000258425367065, 6.63933169562e-005, 7.89163368609e-006, 3.05332150674e-006, 1.2113723642e-006, 4.36640306134e-008, 7.10113134961e-010, 1.01880615055e-010]
        dvar: [3.57632521687e-012, 2.57562877692e-008, 1.0455258348e-007, 9.20954761341e-008, 2.07631819649e-006, 1.1695489377e-007, 4.74516390625e-008, 1.86247532952e-008, 2.96474809147e-008, 6.70703954597e-008, 1.63444013879e-008, 3.07813898814e-008, 3.73456003899e-008, 1.26480665941e-008, 1.31574715567e-008, 1.28429000767e-008, 2.83881647078e-008, 5.70167415503e-008, 1.08319738956e-007, 2.33339150668e-007, 4.76749235645e-008, 3.53701534728e-009, 4.9557396381e-011, 8.81281939785e-012, 1.81270710248e-012, 6.01378018903e-015, 8.77910255352e-019, 7.31946436213e-021]
        dvar2: [8.52002756541e-012, 7.05815068613e-008, 2.75137182371e-007, 2.36350516047e-007, 5.56214399694e-006, 3.23182064221e-007, 1.29600508103e-007, 5.06401001132e-008, 8.03548090289e-008, 1.82005578608e-007, 4.62700207038e-008, 8.54656150295e-008, 1.03671254692e-007, 3.41421788619e-008, 3.56058258433e-008, 3.52377824697e-008, 7.7502448903e-008, 1.57178732252e-007, 2.93986971656e-007, 6.53232007153e-007, 1.31556774363e-007, 9.67127977702e-009, 1.29736638099e-010, 2.10017472163e-011, 4.56123984069e-012, 1.2173919201e-014, 1.63127730255e-018, 2.33886190616e-020]
        max: [2.45789633482e-005, 0.00215882831253, 0.00548869464546, 0.00453763874248, 0.0191826745868, 0.00519199389964, 0.00317781046033, 0.00273758498952, 0.00402265693992, 0.00533060729504, 0.00281056342646, 0.00536586996168, 0.00352013250813, 0.00276800082065, 0.00421730289236, 0.00240834918804, 0.00302729685791, 0.00277124834247, 0.00729232421145, 0.00505185918882, 0.00244998326525, 0.000703632191289, 0.000139769384987, 6.97068608133e-005, 3.70739580831e-005, 3.6168630686e-006, 2.00185983346e-008, 1.21327281555e-009]
        mean: [1.80103631919e-006, 0.000134104979225, 0.000242177644395, 0.000240245033638, 0.00052689545555, 0.000227486001677, 0.000134808287839, 0.000115885581181, 0.000160590687301, 0.000180612027179, 0.000118447307614, 0.000158559400006, 0.000183562500752, 0.000131424239953, 0.000125713617308, 0.000179306633072, 0.000270657939836, 0.000240890745772, 0.000609670591075, 0.000552117009647, 0.000184031785466, 3.84648119507e-005, 5.91740990785e-006, 3.04142349705e-006, 1.26920099319e-006, 5.35378177347e-008, 7.28574367503e-010, 4.21243109838e-011]
        median: [9.38336825129e-007, 7.4276162195e-005, 0.000117553288874, 0.000124831640278, 0.000240422756178, 0.000135754598887, 7.42947886465e-005, 6.18770864094e-005, 8.95115808817e-005, 5.80807391088e-005, 5.39614811714e-005, 6.07731417404e-005, 7.2278548032e-005, 8.09999837657e-005, 8.34379898151e-005, 0.000146608042996, 0.000212962462683, 0.00016569942818, 0.000568369519897, 0.000485081603983, 0.000139146621223, 2.1814397769e-005, 3.4577894894e-006, 1.66417623859e-006, 7.39162089758e-007, 2.28512657685e-008, 2.93539387242e-010, 1.30760645367e-011]
        min: [2.890591855e-024, 5.5924873926e-024, 2.08997652786e-024, 2.5088405665e-024, 1.91082653183e-023, 2.51587306425e-023, 3.34184261755e-023, 3.23016957454e-023, 3.52014443033e-023, 3.38042485779e-023, 4.53397710612e-023, 5.45668088569e-023, 4.76934827224e-023, 7.77968692495e-023, 9.49569668317e-023, 1.13263740004e-022, 1.4930185965e-022, 1.54245682497e-022, 1.60579326798e-022, 2.127809792e-022, 3.96601498796e-022, 4.9780662265e-022, 6.611721683e-022, 7.36771245824e-022, 1.00393028787e-021, 1.44397240034e-021, 2.18497799906e-021, 8.40041796855e-022]
        var: [5.65417287643e-012, 3.36327516948e-008, 1.61494938311e-007, 1.3109550423e-007, 1.54145232045e-006, 1.20469152876e-007, 4.95200715989e-008, 2.80618426274e-008, 5.45505933758e-008, 1.35554088843e-007, 3.37801466799e-008, 7.81511033665e-008, 9.5021093216e-008, 3.13216368397e-008, 2.74625229224e-008, 2.77021872108e-008, 6.2311386273e-008, 6.43823270252e-008, 2.34228011209e-007, 2.4831692258e-007, 3.96687376281e-008, 2.69415378895e-009, 5.76587909362e-011, 1.91602463062e-011, 3.19800089188e-012, 1.24635197657e-014, 1.7707536023e-018, 5.66657897587e-021]
    mfcc:
        mean: [-714.827514648, 108.229797363, -54.7274360657, 58.3055000305, -14.3186101913, -2.81706404686, 7.83715009689, -8.61089992523, -2.11408495903, -2.85637593269, -6.97724914551, -4.24455356598, -2.27753663063]
        cov: [[8111.29248047, 441.648895264, -810.83380127, 357.869018555, -455.108306885, 204.431610107, 113.26159668, 40.1826934814, 29.1984157562, 110.369506836, 45.8019790649, 95.401802063, 23.8691596985], [441.648895264, 676.746704102, -317.153686523, 112.004714966, -89.3475799561, -19.7029209137, 37.946521759, -48.1929588318, -9.05114936829, -36.1383285522, -22.3014736176, -23.523223877, -1.10351085663], [-810.83380127, -317.153686523, 491.364379883, 16.455116272, 182.3384552, 36.6047935486, 7.67754411697, 32.7210083008, 9.94833946228, 14.5353832245, 4.08790540695, 4.54591417313, 1.52949881554], [357.869018555, 112.004714966, 16.455116272, 320.546417236, 54.1495552063, 87.1968917847, 25.399433136, -14.2734899521, 38.0351791382, 34.1493034363, 5.34654569626, -13.9916133881, 29.2139797211], [-455.108306885, -89.3475799561, 182.3384552, 54.1495552063, 157.914978027, 38.0145072937, 21.990240097, 2.84014821053, 15.9742078781, 22.9247226715, 6.41345500946, -0.124753654003, 8.81308841705], [204.431610107, -19.7029209137, 36.6047935486, 87.1968917847, 38.0145072937, 130.501800537, 63.9273719788, 36.7024421692, 31.8662548065, 33.2695960999, 20.5275001526, 14.9401884079, 13.4942131042], [113.26159668, 37.946521759, 7.67754411697, 25.399433136, 21.990240097, 63.9273719788, 102.155738831, 44.7772369385, 27.5228767395, 16.1537704468, 8.64204788208, 17.3629302979, 11.8179578781], [40.1826934814, -48.1929588318, 32.7210083008, -14.2734899521, 2.84014821053, 36.7024421692, 44.7772369385, 71.5503387451, 27.5456256866, 11.238576889, 10.5938463211, 18.3067531586, 1.99273645878], [29.1984157562, -9.05114936829, 9.94833946228, 38.0351791382, 15.9742078781, 31.8662548065, 27.5228767395, 27.5456256866, 53.8910102844, 34.0580596924, 15.7538337708, 8.11766052246, 8.589220047], [110.369506836, -36.1383285522, 14.5353832245, 34.1493034363, 22.9247226715, 33.2695960999, 16.1537704468, 11.238576889, 34.0580596924, 67.7938232422, 29.8205757141, 17.0300941467, 15.0712995529], [45.8019790649, -22.3014736176, 4.08790540695, 5.34654569626, 6.41345500946, 20.5275001526, 8.64204788208, 10.5938463211, 15.7538337708, 29.8205757141, 44.8463821411, 24.5641002655, 7.64518213272], [95.401802063, -23.523223877, 4.54591417313, -13.9916133881, -0.124753654003, 14.9401884079, 17.3629302979, 18.3067531586, 8.11766052246, 17.0300941467, 24.5641002655, 48.0530166626, 20.4974079132], [23.8691596985, -1.10351085663, 1.52949881554, 29.2139797211, 8.81308841705, 13.4942131042, 11.8179578781, 1.99273645878, 8.589220047, 15.0712995529, 7.64518213272, 20.4974079132, 46.7070960999]]
        icov: [[0.000206262353458, 7.02105317032e-005, 0.000209770529182, -0.000359589263098, 0.000584561319556, -0.000209135265322, -0.000164355587913, -3.9587761421e-005, 0.000418597395765, -0.000518541084602, 0.000359594705515, -0.000601372506935, 0.000403086363804], [7.02105317032e-005, 0.00291773350909, 0.00182041979861, -0.00146804971155, 6.17520418018e-005, 0.00123657146469, -0.0027334606275, 0.00170253252145, -7.9978381109e-005, 0.00146433489863, -4.89809935971e-005, -0.000161868592841, 0.000762998475693], [0.000209770529182, 0.00182041979861, 0.00537884328514, -0.000943132268731, -0.00464005535468, 0.000326196081005, 0.000159976814757, -0.00217890017666, 0.00143578881398, 0.000664651277475, 0.000691009568982, -0.000902681786101, 0.00098787189927], [-0.000359589263098, -0.00146804971155, -0.000943132268731, 0.00633902382106, -0.00177252676804, -0.00392276979983, 0.00208191340789, 0.00226841680706, -0.00387711706571, 0.000470985338325, -0.000321802566759, 0.00390492612496, -0.00404067663476], [0.000584561319556, 6.17520418018e-005, -0.00464005535468, -0.00177252676804, 0.0152959823608, -0.00153942219913, -0.00362779782154, 0.00460384367034, -0.000342111947248, -0.00354197714478, 0.000841322820634, -0.000470126891742, 0.00051784486277], [-0.000209135265322, 0.00123657146469, 0.000326196081005, -0.00392276979983, -0.00153942219913, 0.0163944493979, -0.00770862819627, -0.00343515723944, 0.00135590718128, -0.0016575230984, -0.0036188303493, 0.000708738400135, 0.000796750362497], [-0.000164355587913, -0.0027334606275, 0.000159976814757, 0.00208191340789, -0.00362779782154, -0.00770862819627, 0.0212881732732, -0.00945870019495, -0.00264590606093, 0.00031165528344, 0.00315278931521, -0.00234838458709, -0.0024586787913], [-3.9587761421e-005, 0.00170253252145, -0.00217890017666, 0.00226841680706, 0.00460384367034, -0.00343515723944, -0.00945870019495, 0.030093871057, -0.0138510530815, 0.0050987303257, 0.000968905864283, -0.00669902656227, 0.00362924137153], [0.000418597395765, -7.9978381109e-005, 0.00143578881398, -0.00387711706571, -0.000342111947248, 0.00135590718128, -0.00264590606093, -0.0138510530815, 0.0388197228312, -0.0163535811007, -0.00179999694228, 0.0039143669419, -0.000189595666598], [-0.000518541084602, 0.00146433489863, 0.000664651277475, 0.000470985338325, -0.00354197714478, -0.0016575230984, 0.00031165528344, 0.0050987303257, -0.0163535811007, 0.0324386917055, -0.0143646514043, 0.000866520451382, -0.0046548275277], [0.000359594705515, -4.89809935971e-005, 0.000691009568982, -0.000321802566759, 0.000841322820634, -0.0036188303493, 0.00315278931521, 0.000968905864283, -0.00179999694228, -0.0143646514043, 0.0430030301213, -0.0209142062813, 0.0071468972601], [-0.000601372506935, -0.000161868592841, -0.000902681786101, 0.00390492612496, -0.000470126891742, 0.000708738400135, -0.00234838458709, -0.00669902656227, 0.0039143669419, 0.000866520451382, -0.0209142062813, 0.043785687536, -0.0181368887424], [0.000403086363804, 0.000762998475693, 0.00098787189927, -0.00404067663476, 0.00051784486277, 0.000796750362497, -0.0024586787913, 0.00362924137153, -0.000189595666598, -0.0046548275277, 0.0071468972601, -0.0181368887424, 0.0321828126907]]
    sccoeffs:
        dmean: [0.0573441125453, 0.0430375933647, 0.0341316200793, 0.0254151113331, 0.0180933009833, 0.0206091608852]
        dmean2: [0.0937610343099, 0.0732610523701, 0.0585067756474, 0.0433742068708, 0.0309209674597, 0.0332688689232]
        dvar: [0.00243714638054, 0.00113132584374, 0.000720915850252, 0.000396943069063, 0.000198352048756, 0.000368107866962]
        dvar2: [0.00616880925372, 0.00321726151742, 0.0020764246583, 0.00114339683205, 0.000570553645957, 0.000893960124813]
        max: [-0.283743977547, -0.541630685329, -0.62077242136, -0.661020755768, -0.6743953228, -0.615543603897]
        mean: [-0.68151563406, -0.787672042847, -0.814569473267, -0.815728247166, -0.808068990707, -0.741813242435]
        median: [-0.689750134945, -0.790422439575, -0.818087399006, -0.818269431591, -0.806343972683, -0.744611561298]
        min: [-0.973169207573, -0.969133257866, -0.974568486214, -0.96438485384, -0.96579682827, -0.963204741478]
        var: [0.0066958819516, 0.0025084617082, 0.0020765545778, 0.00134977395646, 0.000711163680535, 0.00161699822638]
    scvalleys:
        dmean: [0.365394949913, 0.341958642006, 0.276071190834, 0.23724244535, 0.277841180563, 0.400696784258]
        dmean2: [0.609351694584, 0.576454162598, 0.464018493891, 0.394211173058, 0.463829696178, 0.651129186153]
        dvar: [0.0920907482505, 0.0909773558378, 0.0556575730443, 0.0452574715018, 0.0849632546306, 0.242090463638]
        dvar2: [0.237121909857, 0.242633461952, 0.141917333007, 0.1093871966, 0.207766324282, 0.54356700182]
        max: [-4.94242095947, -4.40268325806, -5.07148742676, -5.45273351669, -5.40975189209, -7.95006322861]
        mean: [-6.77021837234, -6.57115840912, -6.86451864243, -6.99589729309, -6.81286382675, -10.0271577835]
        median: [-6.39136219025, -6.37777280807, -6.68675899506, -6.70872592926, -6.48790168762, -9.63401031494]
        min: [-27.3494358063, -27.414850235, -27.5170688629, -27.2333126068, -27.325761795, -27.3425064087]
        var: [1.51011478901, 1.13499355316, 1.29700052738, 1.19889819622, 1.20389997959, 1.61841630936]

rhythm:
    beats_loudness:
        dmean: 0.00138514547143
        dmean2: 0.00234753754921
        dvar: 1.99164833248e-006
        dvar2: 5.36394600203e-006
        max: 0.0143880834803
        mean: 0.00495307613164
        median: 0.00489696394652
        min: 9.16841536025e-009
        var: 6.99679412719e-006
    bpm: 178.205612183
    bpm_confidence: 0
    first_peak_bpm: 178
    first_peak_spread: 0
    first_peak_weight: 0.364559829235
    onset_rate: 3.94138669968
    second_peak_bpm: 185
    second_peak_spread: 0
    second_peak_weight: 0.283295720816
    beats_loudness_band_ratio:
        dmean: [0.112550087273, 0.130994066596, 0.0492599979043, 0.0558819696307, 0.0638890266418, 0.0794062763453]
        dmean2: [0.186508476734, 0.234265863895, 0.0836834385991, 0.0952910631895, 0.106105707586, 0.130319908261]
        dvar: [0.0103512983769, 0.0129895405844, 0.00223833345808, 0.00391312362626, 0.00353567115963, 0.00427853595465]
        dvar2: [0.0273759439588, 0.0377733148634, 0.00655826041475, 0.0107266502455, 0.00931037962437, 0.012273106724]
        max: [0.843659043312, 0.604380607605, 0.414142251015, 0.557473361492, 0.601881504059, 0.597183525562]
        mean: [0.202910482883, 0.184514075518, 0.10399146378, 0.126234784722, 0.199087977409, 0.257753401995]
        median: [0.157544314861, 0.14223818481, 0.0855759158731, 0.0913695022464, 0.19141677022, 0.245055407286]
        min: [0.00570198241621, 0.00793906953186, 0.00504792761058, 0.0134513592348, 0.0277629047632, 0.0296004395932]
        var: [0.0208704210818, 0.016273688525, 0.00482806190848, 0.00974752847105, 0.0054111215286, 0.0108345178887]
