
metadata:
    version:
        essentia: "2.1-beta2"
    audio_properties:
        analysis_sample_rate: 44100
        bitrate: 273
        channels: 2
        equal_loudness: 1
        length: 307.800811768
        replay_gain: -13.6702480316
        downmix: "mix"
    tags:
        album: "L'Enfant Sauvage"
        artist: "Gojira"
        comment: ""
        date: "2012"
        genre: "Metal"
        title: "Pain Is A Master"
        tracknumber: "9"

configuration:
    average_loudness:
        compute: 1
        frameSize: 88200
        hopSize: 44100
        silentFrames: "noise"
        windowType: "hann"
    general:
        analysisSampleRate: 44100
        endTime: 2000
        equalLoudness: 1
        nequalLoudness: 0
        shortSound: 0
        startTime: 0
    lowlevel:
        compute: 1
        frameSize: 2048
        hopSize: 1024
        zeroPadding: 0
        silentFrames: "noise"
        windowType: "blackmanharris62"
        mfccStats: ["mean", "cov", "icov"]
        stats: ["mean", "var", "median", "min", "max", "dmean", "dmean2", "dvar", "dvar2"]
    panning:
        compute: 0
        frameSize: 8192
        hopSize: 2048
        zeroPadding: 8192
        silentFrames: "noise"
        windowType: "hann"
        stats: ["copy"]
    rhythm:
        compute: 1
        maxTempo: 208
        minTempo: 40
        method: "degara"
        stats: ["mean", "var", "median", "min", "max", "dmean", "dmean2", "dvar", "dvar2"]
    segmentation:
        compute: 0
        cpw: 5
        inc1: 300
        inc2: 50
        minimumSegmentsLength: 10
        size1: 1000
        size2: 600
    sfx:
        compute: 1
        stats: ["mean", "var", "median", "min", "max", "dmean", "dmean2", "dvar", "dvar2"]
    svm:
        compute: 0
    tonal:
        compute: 1
        frameSize: 4096
        hopSize: 2048
        zeroPadding: 0
        silentFrames: "noise"
        windowType: "blackmanharris62"
        stats: ["mean", "var", "median", "min", "max", "dmean", "dmean2", "dvar", "dvar2"]

lowlevel:
    average_loudness: 0.913411796093
    barkbands_kurtosis:
        dmean: 0.803522408009
        dmean2: 1.33955931664
        dvar: 1.14181399345
        dvar2: 2.69915485382
        max: 32.9988746643
        mean: -0.487974256277
        median: -1.06204378605
        min: -1.90903007984
        var: 3.03193974495
    barkbands_skewness:
        dmean: 0.470501899719
        dmean2: 0.730072379112
        dvar: 0.210184618831
        dvar2: 0.48170414567
        max: 5.62892913818
        mean: 0.153941735625
        median: 0.00133996922523
        min: -2.66201162338
        var: 0.93012034893
    barkbands_spread:
        dmean: 5.78203773499
        dmean2: 9.52521133423
        dvar: 28.6556510925
        dvar2: 76.7686538696
        max: 108.771118164
        mean: 35.6573829651
        median: 35.9664154053
        min: 4.06837463379
        var: 88.6020507813
    dissonance:
        dmean: 0.00918772350997
        dmean2: 0.0157406236976
        dvar: 8.92628813745e-005
        dvar2: 0.000258085754467
        max: 0.500000119209
        mean: 0.48408228159
        median: 0.487387120724
        min: 0.308821588755
        var: 0.000179512018804
    hfc:
        dmean: 3.17827558517
        dmean2: 5.56540060043
        dvar: 27.9886989594
        dvar2: 76.7827529907
        max: 51.562828064
        mean: 7.7096862793
        median: 6.62412166595
        min: 1.08758276039e-016
        var: 46.4175872803
    pitch:
        dmean: 884.324401855
        dmean2: 1700.74743652
        dvar: 1850372.5
        dvar2: 4523954.5
        max: 4674.28369141
        mean: 2149.69384766
        median: 3235.46069336
        min: 63.4692306519
        var: 2831766.25
    pitch_instantaneous_confidence:
        dmean: 0.0763167962432
        dmean2: 0.127497240901
        dvar: 0.0040332628414
        dvar2: 0.0109251514077
        max: 0.92671251297
        mean: 0.355619758368
        median: 0.343116998672
        min: 0.0852810740471
        var: 0.0125986635685
    pitch_salience:
        dmean: 0.0595167726278
        dmean2: 0.100097462535
        dvar: 0.00326268654317
        dvar2: 0.00909293536097
        max: 0.979434788227
        mean: 0.671704769135
        median: 0.69362616539
        min: 0.202330440283
        var: 0.00900502223521
    silence_rate_20dB:
        dmean: 0
        dmean2: 0
        dvar: 0
        dvar2: 0
        max: 1
        mean: 1
        median: 1
        min: 1
        var: 0
    silence_rate_30dB:
        dmean: 0
        dmean2: 0
        dvar: 0
        dvar2: 0
        max: 1
        mean: 1
        median: 1
        min: 1
        var: 0
    silence_rate_60dB:
        dmean: 0.0674411579967
        dmean2: 0.134892493486
        dvar: 0.0629021599889
        dvar2: 0.14370071888
        max: 1
        mean: 0.338915288448
        median: 0
        min: 0
        var: 0.224009498954
    spectral_centroid:
        dmean: 326.115570068
        dmean2: 517.831970215
        dvar: 115971.257813
        dvar2: 269477.3125
        max: 11682.171875
        mean: 1677.04528809
        median: 1684.18994141
        min: 224.004104614
        var: 663262.75
    spectral_complexity:
        dmean: 4.29179239273
        dmean2: 6.90245199203
        dvar: 25.2243423462
        dvar2: 60.7438049316
        max: 50
        mean: 15.4425582886
        median: 15
        min: 0
        var: 139.717437744
    spectral_crest:
        dmean: 2.03194236755
        dmean2: 3.4148349762
        dvar: 4.48692750931
        dvar2: 11.7972011566
        max: 20.2093887329
        mean: 6.99003648758
        median: 6.04829549789
        min: 2.41069340706
        var: 9.25350379944
    spectral_decrease:
        dmean: 3.51844386959e-010
        dmean2: 6.08974648486e-010
        dvar: 4.17625422552e-019
        dvar2: 1.14888893716e-018
        max: 8.02481623456e-029
        mean: -9.82491310531e-010
        median: -9.18882137046e-010
        min: -7.54278595139e-009
        var: 5.99421187175e-019
    spectral_energy:
        dmean: 0.00158244429622
        dmean2: 0.00275492132641
        dvar: 7.61830597185e-006
        dvar2: 2.09378285945e-005
        max: 0.0301216300577
        mean: 0.00440742727369
        median: 0.00411001872271
        min: 1.01107417183e-020
        var: 1.16266410259e-005
    spectral_energyband_high:
        dmean: 0.000285718822852
        dmean2: 0.000512853264809
        dvar: 2.96623852591e-007
        dvar2: 8.30811416108e-007
        max: 0.00503338128328
        mean: 0.000445051322458
        median: 0.000317096011713
        min: 6.89760467311e-021
        var: 2.84209534129e-007
    spectral_energyband_low:
        dmean: 0.000307133566821
        dmean2: 0.00050868280232
        dvar: 2.47673256126e-007
        dvar2: 6.56594977499e-007
        max: 0.00991810392588
        mean: 0.000564333691727
        median: 0.000355755328201
        min: 1.39536935468e-023
        var: 5.66134133351e-007
    spectral_energyband_middle_high:
        dmean: 0.000682976969983
        dmean2: 0.00115021329839
        dvar: 9.6209566891e-007
        dvar2: 2.5673800792e-006
        max: 0.0128014078364
        mean: 0.00202108127996
        median: 0.00162029603962
        min: 1.30883035412e-021
        var: 3.14741146212e-006
    spectral_energyband_middle_low:
        dmean: 0.000852880242746
        dmean2: 0.00145518768113
        dvar: 4.49641947853e-006
        dvar2: 1.23299641928e-005
        max: 0.0256912242621
        mean: 0.00158674980048
        median: 0.00112387840636
        min: 1.40730387354e-022
        var: 4.10127904615e-006
    spectral_flatness_db:
        dmean: 0.0137420585379
        dmean2: 0.0221033450216
        dvar: 0.000162421667483
        dvar2: 0.000399256125093
        max: 0.317299515009
        mean: 0.137162581086
        median: 0.130699053407
        min: 0.0361858941615
        var: 0.000924809079152
    spectral_flux:
        dmean: 0.00814214721322
        dmean2: 0.0129764666781
        dvar: 0.000142899050843
        dvar2: 0.000270677293884
        max: 0.140225842595
        mean: 0.0380544625223
        median: 0.0383806712925
        min: 6.24556448225e-011
        var: 0.000478776986711
    spectral_kurtosis:
        dmean: 0.992408812046
        dmean2: 1.72463417053
        dvar: 1.20038259029
        dvar2: 3.64951086044
        max: 23.3104782104
        mean: 3.39019417763
        median: 3.05747032166
        min: -1.29583084583
        var: 2.56735920906
    spectral_rms:
        dmean: 0.000316280784318
        dmean2: 0.000536040577572
        dvar: 1.96622366389e-007
        dvar2: 5.25537359408e-007
        max: 0.00542097352445
        mean: 0.00188334484119
        median: 0.00200244202279
        min: 3.14072249111e-012
        var: 7.52940081838e-007
    spectral_rolloff:
        dmean: 403.983184814
        dmean2: 653.665771484
        dvar: 287422.9375
        dvar2: 646709.5625
        max: 19681.3476563
        mean: 3272.11035156
        median: 3552.97851563
        min: 150.732421875
        var: 1579834.625
    spectral_skewness:
        dmean: 0.161861538887
        dmean2: 0.269980728626
        dvar: 0.024496646598
        dvar2: 0.0654276236892
        max: 3.42437958717
        mean: 1.26385033131
        median: 1.25291240215
        min: -0.0778740718961
        var: 0.0803329497576
    spectral_spread:
        dmean: 343163.3125
        dmean2: 505843.53125
        dvar: 306307104768
        dvar2: 641084817408
        max: 47710608
        mean: 4525052.5
        median: 4350150.5
        min: 1568630.5
        var: 4.63267744973e+012
    spectral_strongpeak:
        dmean: 0.343318104744
        dmean2: 0.612887322903
        dvar: 0.326363623142
        dvar2: 0.903976917267
        max: 7.81996250153
        mean: 0.388857185841
        median: 0.173941910267
        min: 0
        var: 0.33325201273
    zerocrossingrate:
        dmean: 0.00888394843787
        dmean2: 0.0109678171575
        dvar: 7.49544924474e-005
        dvar2: 9.90392145468e-005
        max: 0.537109375
        mean: 0.0979448258877
        median: 0.1005859375
        min: 0.01416015625
        var: 0.00114921177737
    barkbands:
        dmean: [1.01045418432e-006, 8.12324433355e-005, 0.000185535798664, 0.000205623960937, 0.000557081366424, 0.000159894741955, 0.000101607271063, 6.3298321038e-005, 6.42934974167e-005, 4.74545340694e-005, 6.69448127155e-005, 4.98125009472e-005, 6.81028686813e-005, 6.07679139648e-005, 5.99401137151e-005, 8.52077355376e-005, 0.000118859010399, 0.000176368906978, 0.000221113543375, 0.000280532054603, 0.000118277821457, 3.1338971894e-005, 3.89672732126e-006, 1.57641954956e-006, 6.53174993204e-007, 2.36844730495e-008, 3.23102933297e-010]
        dmean2: [1.57768261033e-006, 0.00013816167484, 0.000313023396302, 0.000335645367159, 0.000960681936704, 0.000279089901596, 0.000178513902938, 0.000108114210889, 0.000107304527774, 8.00381239969e-005, 0.000111751527584, 8.30725693959e-005, 0.000111957306217, 0.000101288082078, 9.99774565571e-005, 0.000144596313476, 0.000199469926883, 0.000310714473017, 0.000372238719137, 0.000491439364851, 0.000212711311178, 5.71448726987e-005, 6.79202048559e-006, 2.54780593423e-006, 1.05049389276e-006, 3.6134565562e-008, 5.29681909445e-010]
        dvar: [2.82814830582e-012, 1.68429430403e-008, 8.51404990954e-008, 1.31387579927e-007, 2.37215408561e-006, 1.42889632571e-007, 6.81967549099e-008, 2.14764028783e-008, 1.23299876975e-008, 6.7560423922e-009, 2.75113229975e-008, 1.20776215695e-008, 2.03988363978e-008, 1.277362216e-008, 1.25369439274e-008, 1.75688246173e-008, 3.44017827558e-008, 7.92099044133e-008, 9.15468447715e-008, 2.30679560786e-007, 4.54626238877e-008, 3.71527231202e-009, 4.32827176877e-011, 9.53419721644e-012, 1.80031781583e-012, 3.16864183546e-015, 4.17608103457e-019]
        dvar2: [7.04939231988e-012, 4.37095017958e-008, 2.36679881027e-007, 3.2698301311e-007, 6.50702622806e-006, 4.07489181953e-007, 1.93351908706e-007, 5.83713664071e-008, 3.28192442112e-008, 1.8752782438e-008, 7.08576877173e-008, 3.15491810454e-008, 5.37463868966e-008, 3.47044100124e-008, 3.24400595275e-008, 4.74824695118e-008, 9.28180128312e-008, 2.19345594132e-007, 2.47988111823e-007, 6.3964085939e-007, 1.27006018147e-007, 1.04806003876e-008, 1.15202077045e-010, 2.30193242939e-011, 4.63724328034e-012, 7.60151761415e-015, 1.05598269909e-018]
        max: [1.41120754051e-005, 0.00169631931931, 0.00469956547022, 0.00670922035351, 0.0197979938239, 0.00532633811235, 0.00388223864138, 0.00244405842386, 0.00233188667335, 0.00185501459055, 0.00477448059246, 0.00240276847035, 0.00324260164052, 0.00269178533927, 0.0023194574751, 0.00357149378397, 0.00461939303204, 0.00375365372747, 0.00496344687417, 0.0062154228799, 0.0021239805501, 0.000580063497182, 0.000108535656182, 0.00012344980496, 3.62756982213e-005, 1.64316361406e-006, 1.79880927931e-008]
        mean: [1.3696875385e-006, 0.000106934763608, 0.00027011349448, 0.000339169579092, 0.000693863781635, 0.000218074230361, 0.000120048985991, 8.43565503601e-005, 0.000108591950266, 8.06239768281e-005, 0.000107371924969, 8.72750824783e-005, 0.000124446669361, 0.000112198969873, 0.000111209548777, 0.000160089621204, 0.000232809295994, 0.000275268277619, 0.000491201644763, 0.000460396404378, 0.000169056511368, 4.06610270147e-005, 7.17007378626e-006, 3.58549868906e-006, 1.48843139414e-006, 5.24523819934e-008, 5.82527748261e-010]
        median: [7.00190753378e-007, 6.12125659245e-005, 0.000152450869791, 0.000153340763063, 0.000294475466944, 0.000125005622976, 5.26888870809e-005, 3.19435130223e-005, 5.74785881327e-005, 4.90320489916e-005, 3.58906472684e-005, 3.672429375e-005, 5.50513505004e-005, 6.18542471784e-005, 6.30807626294e-005, 0.000110098771984, 0.000146149905049, 0.000159138828167, 0.000404136430006, 0.0003309979802, 0.000113646965474, 2.40613480855e-005, 4.42561076852e-006, 1.99592750505e-006, 8.56095255131e-007, 2.369003127e-008, 2.71928646267e-010]
        min: [1.46602334639e-024, 3.37964775091e-024, 5.29043452414e-025, 1.55046903275e-024, 1.02271832614e-023, 5.36473023306e-024, 1.25535916578e-023, 5.80151383881e-024, 1.66869593216e-023, 1.86857782387e-023, 1.72046666456e-023, 3.8166381171e-023, 4.31528309064e-023, 6.07488214703e-023, 3.4637358269e-023, 6.12778189716e-023, 6.86259510186e-023, 1.24894768299e-022, 1.48588830365e-022, 1.69927984857e-022, 2.14044999427e-022, 3.8282122212e-022, 3.36839441344e-022, 5.95081224956e-022, 9.45756428297e-022, 1.45392997066e-021, 1.94871837362e-021]
        var: [3.64751458204e-012, 1.89076114765e-008, 1.37815106882e-007, 3.15025431519e-007, 1.87182263289e-006, 1.16314232912e-007, 5.49527925386e-008, 2.72989488792e-008, 2.24999521237e-008, 1.1920373133e-008, 5.49715650777e-008, 2.82795316053e-008, 4.82441109284e-008, 2.73573608212e-008, 3.07915506426e-008, 3.72864903397e-008, 8.03039625907e-008, 1.04150366553e-007, 2.03422899858e-007, 2.70393456958e-007, 4.30679030217e-008, 3.07745207095e-009, 7.72770666901e-011, 2.62297319281e-011, 4.28726151802e-012, 7.6606515253e-015, 8.4541353441e-019]
    frequency_bands:
        dmean: [1.01045418432e-006, 8.12324433355e-005, 0.000185535798664, 0.000205623960937, 0.000557081366424, 0.000159894741955, 0.000101607271063, 6.3298321038e-005, 6.42934974167e-005, 4.74545340694e-005, 6.69448127155e-005, 4.98125009472e-005, 6.81028686813e-005, 6.07679139648e-005, 5.99401137151e-005, 8.52077355376e-005, 0.000118859010399, 0.000176368906978, 0.000221113543375, 0.000280532054603, 0.000118277821457, 3.1338971894e-005, 3.89672732126e-006, 1.57641954956e-006, 6.53174993204e-007, 2.36844730495e-008, 3.23102933297e-010, 5.47936140904e-011]
        dmean2: [1.57768261033e-006, 0.00013816167484, 0.000313023396302, 0.000335645367159, 0.000960681936704, 0.000279089901596, 0.000178513902938, 0.000108114210889, 0.000107304527774, 8.00381239969e-005, 0.000111751527584, 8.30725693959e-005, 0.000111957306217, 0.000101288082078, 9.99774565571e-005, 0.000144596313476, 0.000199469926883, 0.000310714473017, 0.000372238719137, 0.000491439364851, 0.000212711311178, 5.71448726987e-005, 6.79202048559e-006, 2.54780593423e-006, 1.05049389276e-006, 3.6134565562e-008, 5.29681909445e-010, 1.02961757176e-010]
        dvar: [2.82814830582e-012, 1.68429430403e-008, 8.51404990954e-008, 1.31387579927e-007, 2.37215408561e-006, 1.42889632571e-007, 6.81967549099e-008, 2.14764028783e-008, 1.23299876975e-008, 6.7560423922e-009, 2.75113229975e-008, 1.20776215695e-008, 2.03988363978e-008, 1.277362216e-008, 1.25369439274e-008, 1.75688246173e-008, 3.44017827558e-008, 7.92099044133e-008, 9.15468447715e-008, 2.30679560786e-007, 4.54626238877e-008, 3.71527231202e-009, 4.32827176877e-011, 9.53419721644e-012, 1.80031781583e-012, 3.16864183546e-015, 4.17608103457e-019, 8.71841337827e-021]
        dvar2: [7.04939231988e-012, 4.37095017958e-008, 2.36679881027e-007, 3.2698301311e-007, 6.50702622806e-006, 4.07489181953e-007, 1.93351908706e-007, 5.83713664071e-008, 3.28192442112e-008, 1.8752782438e-008, 7.08576877173e-008, 3.15491810454e-008, 5.37463868966e-008, 3.47044100124e-008, 3.24400595275e-008, 4.74824695118e-008, 9.28180128312e-008, 2.19345594132e-007, 2.47988111823e-007, 6.3964085939e-007, 1.27006018147e-007, 1.04806003876e-008, 1.15202077045e-010, 2.30193242939e-011, 4.63724328034e-012, 7.60151761415e-015, 1.05598269909e-018, 2.86991735242e-020]
        max: [1.41120754051e-005, 0.00169631931931, 0.00469956547022, 0.00670922035351, 0.0197979938239, 0.00532633811235, 0.00388223864138, 0.00244405842386, 0.00233188667335, 0.00185501459055, 0.00477448059246, 0.00240276847035, 0.00324260164052, 0.00269178533927, 0.0023194574751, 0.00357149378397, 0.00461939303204, 0.00375365372747, 0.00496344687417, 0.0062154228799, 0.0021239805501, 0.000580063497182, 0.000108535656182, 0.00012344980496, 3.62756982213e-005, 1.64316361406e-006, 1.79880927931e-008, 1.74866099378e-009]
        mean: [1.3696875385e-006, 0.000106934763608, 0.00027011349448, 0.000339169579092, 0.000693863781635, 0.000218074230361, 0.000120048985991, 8.43565503601e-005, 0.000108591950266, 8.06239768281e-005, 0.000107371924969, 8.72750824783e-005, 0.000124446669361, 0.000112198969873, 0.000111209548777, 0.000160089621204, 0.000232809295994, 0.000275268277619, 0.000491201644763, 0.000460396404378, 0.000169056511368, 4.06610270147e-005, 7.17007378626e-006, 3.58549868906e-006, 1.48843139414e-006, 5.24523819934e-008, 5.82527748261e-010, 4.13033877933e-011]
        median: [7.00190753378e-007, 6.12125659245e-005, 0.000152450869791, 0.000153340763063, 0.000294475466944, 0.000125005622976, 5.26888870809e-005, 3.19435130223e-005, 5.74785881327e-005, 4.90320489916e-005, 3.58906472684e-005, 3.672429375e-005, 5.50513505004e-005, 6.18542471784e-005, 6.30807626294e-005, 0.000110098771984, 0.000146149905049, 0.000159138828167, 0.000404136430006, 0.0003309979802, 0.000113646965474, 2.40613480855e-005, 4.42561076852e-006, 1.99592750505e-006, 8.56095255131e-007, 2.369003127e-008, 2.71928646267e-010, 1.19481048319e-011]
        min: [1.46602334639e-024, 3.37964775091e-024, 5.29043452414e-025, 1.55046903275e-024, 1.02271832614e-023, 5.36473023306e-024, 1.25535916578e-023, 5.80151383881e-024, 1.66869593216e-023, 1.86857782387e-023, 1.72046666456e-023, 3.8166381171e-023, 4.31528309064e-023, 6.07488214703e-023, 3.4637358269e-023, 6.12778189716e-023, 6.86259510186e-023, 1.24894768299e-022, 1.48588830365e-022, 1.69927984857e-022, 2.14044999427e-022, 3.8282122212e-022, 3.36839441344e-022, 5.95081224956e-022, 9.45756428297e-022, 1.45392997066e-021, 1.94871837362e-021, 5.54839473806e-022]
        var: [3.64751458204e-012, 1.89076114765e-008, 1.37815106882e-007, 3.15025431519e-007, 1.87182263289e-006, 1.16314232912e-007, 5.49527925386e-008, 2.72989488792e-008, 2.24999521237e-008, 1.1920373133e-008, 5.49715650777e-008, 2.82795316053e-008, 4.82441109284e-008, 2.73573608212e-008, 3.07915506426e-008, 3.72864903397e-008, 8.03039625907e-008, 1.04150366553e-007, 2.03422899858e-007, 2.70393456958e-007, 4.30679030217e-008, 3.07745207095e-009, 7.72770666901e-011, 2.62297319281e-011, 4.28726151802e-012, 7.6606515253e-015, 8.4541353441e-019, 6.22917811468e-021]
    mfcc:
        mean: [-724.692687988, 103.332778931, -42.800403595, 59.0258407593, -8.00077152252, -1.95762598515, 5.98738574982, -5.79620504379, -3.65705728531, -4.21120882034, -5.6478729248, -5.60526514053, -4.76204919815]
        cov: [[9180.14941406, 131.65524292, -877.93737793, 595.716430664, -382.781005859, 468.688415527, 195.170532227, -65.4403686523, 89.4862289429, 150.579681396, -171.245849609, -55.0631980896, -33.403427124], [131.65524292, 642.520080566, -50.5925865173, 95.1993026733, -3.48706531525, -67.1418380737, -1.72979104519, -17.4710502625, -24.0042819977, -36.3466491699, 13.4116764069, -10.9605140686, -18.1060180664], [-877.93737793, -50.5925865173, 335.075469971, -3.7158973217, 81.3774337769, -18.2899589539, -34.9599838257, -2.09789872169, -20.6639213562, -30.8274917603, -11.3730535507, -29.4008426666, -11.0128183365], [595.716430664, 95.1993026733, -3.7158973217, 260.240753174, 22.2878360748, 62.2054977417, 0.222569152713, -14.6968946457, 10.9315109253, 1.99702990055, -13.368062973, -16.6925849915, -0.446474403143], [-382.781005859, -3.48706531525, 81.3774337769, 22.2878360748, 117.55166626, 12.6107940674, -12.4687252045, -1.60731375217, -5.39418506622, -3.0977473259, 8.08689498901, -4.26675701141, -7.38802051544], [468.688415527, -67.1418380737, -18.2899589539, 62.2054977417, 12.6107940674, 126.810966492, 46.2097434998, 6.03984928131, 14.5217552185, 15.481256485, -20.6719932556, -14.3136806488, -2.23454666138], [195.170532227, -1.72979104519, -34.9599838257, 0.222569152713, -12.4687252045, 46.2097434998, 92.445854187, 36.4974975586, 11.4877185822, 8.13864803314, -8.46720790863, -4.43493413925, -4.37698459625], [-65.4403686523, -17.4710502625, -2.09789872169, -14.6968946457, -1.60731375217, 6.03984928131, 36.4974975586, 64.8080825806, 23.328212738, 1.16260659695, 5.60548639297, 1.78802204132, -1.29923665524], [89.4862289429, -24.0042819977, -20.6639213562, 10.9315109253, -5.39418506622, 14.5217552185, 11.4877185822, 23.328212738, 57.2938766479, 32.0504951477, 1.92403614521, 1.80163490772, 5.38602685928], [150.579681396, -36.3466491699, -30.8274917603, 1.99702990055, -3.0977473259, 15.481256485, 8.13864803314, 1.16260659695, 32.0504951477, 66.5463027954, 16.2751846313, 8.73133468628, 7.55571842194], [-171.245849609, 13.4116764069, -11.3730535507, -13.368062973, 8.08689498901, -20.6719932556, -8.46720790863, 5.60548639297, 1.92403614521, 16.2751846313, 60.3288383484, 33.4728622437, 4.72222948074], [-55.0631980896, -10.9605140686, -29.4008426666, -16.6925849915, -4.26675701141, -14.3136806488, -4.43493413925, 1.78802204132, 1.80163490772, 8.73133468628, 33.4728622437, 59.578212738, 25.4589805603], [-33.403427124, -18.1060180664, -11.0128183365, -0.446474403143, -7.38802051544, -2.23454666138, -4.37698459625, -1.29923665524, 5.38602685928, 7.55571842194, 4.72222948074, 25.4589805603, 47.5817871094]]
        icov: [[0.000266864226433, -4.1964562115e-005, 0.000476818793686, -0.00046539385221, 0.000687139807269, -0.000707203813363, 0.00012961444736, 5.5499807786e-005, 0.000251354998909, -0.000521662819665, 0.000698246818502, -0.000313246942824, 0.00051698036259], [-4.1964562115e-005, 0.00212383875623, 0.000439548515715, -0.00110266252887, -0.000370656955056, 0.00214626383968, -0.00134531711228, 0.000934773299377, -0.000106806612166, 0.00130516185891, -0.00116282491945, 0.00100061565172, 0.000199965725187], [0.000476818793686, 0.000439548515715, 0.00508138677105, -0.000859549618326, -0.00156492472161, -0.000395917566493, 0.00121262471657, -0.000668509630486, 0.00111231277697, 0.000338226731401, 0.00114507274702, 0.00187783734873, 0.000203724091989], [-0.00046539385221, -0.00110266252887, -0.000859549618326, 0.00614906614646, -0.00175029179081, -0.00235174363479, 0.00121447280981, 0.000841501983814, -0.00204470404424, 0.00149514793884, -0.00131374842022, 0.00136534625199, -0.00174119276926], [0.000687139807269, -0.000370656955056, -0.00156492472161, -0.00175029179081, 0.013012798503, -0.00427202321589, 0.00211212597787, -0.000697838724591, 0.00152474804781, -0.00182428013068, -0.000566226663068, -0.00127481983509, 0.00281321420334], [-0.000707203813363, 0.00214626383968, -0.000395917566493, -0.00235174363479, -0.00427202321589, 0.0165502969176, -0.00826663058251, 0.00283919833601, -0.00184076162986, 0.000167294012499, 0.000711692206096, 0.00206819991581, -0.00135789508931], [0.00012961444736, -0.00134531711228, 0.00121262471657, 0.00121447280981, 0.00211212597787, -0.00826663058251, 0.0204233005643, -0.0124315740541, 0.00463184714317, -0.00391195574775, 0.00372547237203, -0.00162133795675, 0.0019447884988], [5.5499807786e-005, 0.000934773299377, -0.000668509630486, 0.000841501983814, -0.000697838724591, 0.00283919833601, -0.0124315740541, 0.0281882435083, -0.014558875002, 0.00867419317365, -0.00603555329144, 0.00158357678447, -7.87852768553e-005], [0.000251354998909, -0.000106806612166, 0.00111231277697, -0.00204470404424, 0.00152474804781, -0.00184076162986, 0.00463184714317, -0.014558875002, 0.0327264219522, -0.0168327651918, 0.00564938038588, -0.000797674234491, -0.000612475676462], [-0.000521662819665, 0.00130516185891, 0.000338226731401, 0.00149514793884, -0.00182428013068, 0.000167294012499, -0.00391195574775, 0.00867419317365, -0.0168327651918, 0.0280343126506, -0.0114771518856, 0.00418348377571, -0.00382132641971], [0.000698246818502, -0.00116282491945, 0.00114507274702, -0.00131374842022, -0.000566226663068, 0.000711692206096, 0.00372547237203, -0.00603555329144, 0.00564938038588, -0.0114771518856, 0.0333589278162, -0.0198163427413, 0.00889901723713], [-0.000313246942824, 0.00100061565172, 0.00187783734873, 0.00136534625199, -0.00127481983509, 0.00206819991581, -0.00162133795675, 0.00158357678447, -0.000797674234491, 0.00418348377571, -0.0198163427413, 0.0363041944802, -0.0176306087524], [0.00051698036259, 0.000199965725187, 0.000203724091989, -0.00174119276926, 0.00281321420334, -0.00135789508931, 0.0019447884988, -7.87852768553e-005, -0.000612475676462, -0.00382132641971, 0.00889901723713, -0.0176306087524, 0.031262408942]]
    sccoeffs:
        dmean: [0.0558606311679, 0.045050740242, 0.0336716063321, 0.0256652794778, 0.017982441932, 0.0187587384135]
        dmean2: [0.0922100991011, 0.0761720910668, 0.0569713786244, 0.0434938780963, 0.0303229410201, 0.030452940613]
        dvar: [0.00238582957536, 0.00124981114641, 0.0006856272812, 0.000407278741477, 0.000196920489543, 0.000305899447994]
        dvar2: [0.0062975413166, 0.00354804471135, 0.00195898814127, 0.00117357831914, 0.000550987548195, 0.000790789898019]
        max: [-0.318680673838, -0.5426607728, -0.601397335529, -0.65027821064, -0.67845749855, -0.618452250957]
        mean: [-0.676240265369, -0.780250549316, -0.815619826317, -0.815399348736, -0.806474387646, -0.754933476448]
        median: [-0.682558953762, -0.784390568733, -0.821067512035, -0.818271100521, -0.805941581726, -0.756316423416]
        min: [-0.978541254997, -0.975076436996, -0.980099320412, -0.970934510231, -0.978682756424, -0.964600563049]
        var: [0.00586612196639, 0.00332087068819, 0.00219903886318, 0.00129912607372, 0.00073085812619, 0.000988625455648]
    scvalleys:
        dmean: [0.341893941164, 0.360324531794, 0.27878677845, 0.237163722515, 0.236998200417, 0.233580112457]
        dmean2: [0.572235763073, 0.603499770164, 0.465683549643, 0.389272004366, 0.379226475954, 0.36699488759]
        dvar: [0.0808500722051, 0.103949099779, 0.0585546456277, 0.047781676054, 0.0705055296421, 0.0955015718937]
        dvar2: [0.210391566157, 0.266989767551, 0.146216347814, 0.112194240093, 0.16520421207, 0.221004530787]
        max: [-5.19503498077, -4.35488033295, -5.07324743271, -5.38998365402, -5.30801486969, -7.73956775665]
        mean: [-6.77162027359, -6.79814481735, -7.16988897324, -7.26745939255, -7.08397674561, -9.96994495392]
        median: [-6.39396429062, -6.58965921402, -6.8143825531, -6.85155057907, -6.62087583542, -9.51288223267]
        min: [-27.8476676941, -27.9997634888, -27.8617248535, -27.6661453247, -27.4100055695, -27.3578720093]
        var: [2.72274398804, 2.24671983719, 2.42658901215, 2.41529846191, 2.52031540871, 2.75139832497]

rhythm:
    beats_loudness:
        dmean: 0.00134655460715
        dmean2: 0.0022721493151
        dvar: 2.25709436563e-006
        dvar2: 6.11895393376e-006
        max: 0.0146783385426
        mean: 0.00413972046226
        median: 0.00416623894125
        min: 1.2634856955e-015
        var: 6.48422155791e-006
    bpm: 112.272979736
    bpm_confidence: 0
    first_peak_bpm: 112
    first_peak_spread: 0.495327115059
    first_peak_weight: 0.175324678421
    onset_rate: 3.23910808563
    second_peak_bpm: 129
    second_peak_spread: 0.490000009537
    second_peak_weight: 0.165584415197
    beats_loudness_band_ratio:
        dmean: [0.13312356174, 0.12018109858, 0.049710907042, 0.0597660765052, 0.091081365943, 0.0985834673047]
        dmean2: [0.221355214715, 0.205270424485, 0.0834625214338, 0.104220025241, 0.149271219969, 0.165948674083]
        dvar: [0.0152893206105, 0.0116419810802, 0.00279285991564, 0.00515674799681, 0.00696813222021, 0.00790125783533]
        dvar2: [0.0397191792727, 0.0310458950698, 0.00744940293953, 0.0147063080221, 0.0200093463063, 0.0209409110248]
        max: [0.841936826706, 0.619538366795, 0.500887274742, 0.505529165268, 0.657312989235, 0.768983602524]
        mean: [0.23857781291, 0.190893754363, 0.0851350948215, 0.097793251276, 0.205447763205, 0.242492377758]
        median: [0.205274403095, 0.157545998693, 0.0656039193273, 0.0711900964379, 0.186678811908, 0.234704777598]
        min: [0, 0, 0, 0, 0, 0]
        var: [0.0238603577018, 0.0169581510127, 0.00420040264726, 0.00640842551365, 0.0111970128492, 0.0138893406838]
    beats_position: [0.522448956966, 1.05650794506, 1.59056687355, 2.12462592125, 2.65868473053, 3.1811337471, 3.7151927948, 4.2492518425, 4.77170038223, 5.2941493988, 5.81659841537, 6.35065746307, 6.87310647964, 7.39555549622, 7.91800451279, 8.44045352936, 8.96290206909, 9.4853515625, 10.0194101334, 10.5534696579, 11.0875282288, 11.6215867996, 12.1672563553, 12.7129249573, 13.2585935593, 13.8042631149, 14.3499317169, 14.8956003189, 15.4412698746, 15.9869384766, 16.5209980011, 17.0550556183, 17.5891151428, 18.1231746674, 18.6572322845, 19.1912918091, 19.7137413025, 20.2361907959, 20.7470283508, 21.2578678131, 21.7687072754, 22.2795467377, 22.7555541992, 23.219953537, 23.6843528748, 24.1487522125, 24.6131515503, 25.0775508881, 25.5419502258, 26.0063495636, 26.470746994, 26.9931964874, 27.5156459808, 28.0380954742, 28.5605430603, 29.0829925537, 29.6054420471, 30.1278915405, 30.6503391266, 31.17278862, 31.6952381134, 32.2176856995, 32.7401351929, 33.2741928101, 33.8082542419, 34.3771438599, 34.9460296631, 35.5033111572, 36.0257606506, 36.5482063293, 37.059047699, 37.5698852539, 38.0923347473, 38.6147842407, 39.1256217957, 39.6364631653, 40.1473007202, 40.6697502136, 41.192199707, 41.703037262, 42.2254867554, 42.7479362488, 43.2587738037, 43.7812232971, 44.3036727905, 44.8145103455, 45.3253517151, 45.8478012085, 46.3702468872, 46.8926963806, 47.415145874, 47.9375953674, 48.4484329224, 48.959274292, 49.4817237854, 50.0041732788, 50.5266189575, 51.0490684509, 51.5715179443, 52.1055755615, 52.6396369934, 53.1853065491, 53.73097229, 54.2766418457, 54.8223114014, 55.3563690186, 55.8904304504, 56.4244880676, 56.9585494995, 57.4809951782, 58.0034446716, 58.5375061035, 59.0599517822, 59.5940132141, 60.1280708313, 60.6621322632, 61.1845779419, 61.7070274353, 62.2410888672, 62.7519264221, 63.2627639771, 63.7736053467, 64.2263946533, 64.67918396, 65.1319732666, 65.5847625732, 66.049156189, 66.5135574341, 66.9663467407, 67.4191360474, 67.871925354, 68.3131027222, 68.7658920288, 69.2186813354, 69.659866333, 70.1010437012, 70.5422210693, 70.995010376, 71.4477996826, 71.9005889893, 72.3533782959, 72.7945556641, 73.2357330322, 73.6885223389, 74.1413116455, 74.6057128906, 75.0585021973, 75.5112915039, 75.9524688721, 76.3936462402, 76.8348312378, 77.276008606, 77.7171859741, 78.1699752808, 78.6111526489, 79.0639419556, 79.5051269531, 79.9463043213, 80.3990936279, 80.8518829346, 81.3046722412, 81.7574615479, 82.198638916, 82.6398162842, 83.0926055908, 83.5453948975, 84.0097961426, 84.4741897583, 85.019859314, 85.5539245605, 86.0763702393, 86.6104278564, 87.1444854736, 87.6785507202, 88.2126083374, 88.7466659546, 89.2807235718, 89.814781189, 90.3604507446, 90.8945083618, 91.4401779175, 91.9742355347, 92.5083007813, 93.0539703369, 93.5996322632, 94.1336975098, 94.667755127, 95.2018127441, 95.7358703613, 96.281539917, 96.8155975342, 97.3496551514, 97.895324707, 98.4293823242, 98.9634475708, 99.5091171265, 100.054779053, 100.612060547, 101.180953979, 101.749839783, 102.295509338, 102.841178894, 103.375236511, 103.909294128, 104.454963684, 105.00063324, 105.534690857, 106.068748474, 106.602806091, 107.136871338, 107.670928955, 108.204986572, 108.750656128, 109.296325684, 109.830383301, 110.364440918, 110.898498535, 111.432563782, 111.966621399, 112.500679016, 113.034736633, 113.580406189, 114.126075745, 114.660133362, 115.194190979, 115.728248596, 116.262313843, 116.807983398, 117.353645325, 117.887710571, 118.421768188, 118.967437744, 119.5131073, 120.047164917, 120.581222534, 121.115280151, 121.649337769, 122.195007324, 122.74067688, 123.274734497, 123.820404053, 124.377685547, 124.853691101, 125.318092346, 125.79410553, 126.258499146, 126.734512329, 127.198905945, 127.66330719, 128.116104126, 128.568893433, 129.010070801, 129.462860107, 129.915649414, 130.356826782, 130.809616089, 131.262405396, 131.703582764, 132.144760132, 132.597549438, 133.050338745, 133.491516113, 133.932693481, 134.385482788, 134.838272095, 135.38394165, 135.929611206, 136.475280762, 137.009338379, 137.555007935, 138.089065552, 138.623123169, 139.168792725, 139.702850342, 140.248519897, 140.782577515, 141.316635132, 141.850692749, 142.384765625, 142.930435181, 143.464492798, 144.010162354, 144.544219971, 145.078277588, 145.612335205, 146.146392822, 146.680450439, 147.226119995, 147.771789551, 148.305847168, 148.839904785, 149.373962402, 149.90802002, 150.453689575, 150.999359131, 151.533416748, 152.067474365, 152.601531982, 153.135604858, 153.669662476, 154.203720093, 154.749389648, 155.283447266, 155.829116821, 156.363174438, 156.897232056, 157.431289673, 157.96534729, 158.499404907, 159.045074463, 159.590744019, 160.124801636, 160.658859253, 161.19291687, 161.738586426, 162.330703735, 162.934417725, 163.538131714, 164.141860962, 164.745574951, 165.34928894, 165.953018188, 166.568344116, 167.183670044, 167.798995972, 168.298233032, 168.785842896, 169.273468018, 169.761077881, 170.248703003, 170.747940063, 171.247161865, 171.734786987, 172.222396851, 172.710021973, 173.197631836, 173.685256958, 174.17288208, 174.660491943, 175.159729004, 175.658950806, 176.158187866, 176.645797729, 177.133422852, 177.621032715, 178.108657837, 178.607894897, 179.107116699, 179.606338501, 180.093963623, 180.581588745, 181.080810547, 181.568435669, 182.056045532, 182.543670654, 183.042892456, 183.530517578, 184.0181427, 184.505752563, 184.993377686, 185.480987549, 185.968612671, 186.456237793, 186.955459595, 187.454696655, 187.953918457, 188.441543579, 188.940765381, 189.428390503, 189.916000366, 190.403625488, 190.90284729, 191.402084351, 191.889694214, 192.388931274, 192.876556396, 193.36416626, 193.851791382, 194.351013184, 194.850250244, 195.349472046, 195.837097168, 196.324707031, 196.812332153, 197.299957275, 197.787567139, 198.275192261, 198.751205444, 199.227203369, 199.703216553, 200.179229736, 200.643630981, 201.108016968, 201.572418213, 202.048431396, 202.52444458, 202.988845825, 203.453231812, 203.929244995, 204.39364624, 204.858047485, 205.32244873, 205.798446655, 206.2628479, 206.727249146, 207.203262329, 207.679275513, 208.143676758, 208.608062744, 209.072463989, 209.536865234, 210.001266479, 210.477279663, 210.953277588, 211.417678833, 211.893692017, 212.3697052, 212.834106445, 213.298492432, 213.762893677, 214.227294922, 214.691696167, 215.156097412, 215.632110596, 216.108108521, 216.572509766, 217.036911011, 217.501312256, 217.965713501, 218.441726685, 218.917724609, 219.382125854, 219.8465271, 220.310928345, 220.752105713, 221.239730835, 221.727340698, 222.203353882, 222.679367065, 223.143753052, 223.608154297, 224.072555542, 224.536956787, 225.012969971, 225.488967896, 225.953369141, 226.417770386, 226.893783569, 227.358184814, 227.82258606, 228.298583984, 228.762985229, 229.227386475, 229.703399658, 230.179412842, 230.643798828, 231.108200073, 231.572601318, 232.037002563, 232.513015747, 232.989013672, 233.453414917, 233.917816162, 234.382217407, 234.846618652, 235.322631836, 235.798629761, 236.263031006, 236.739044189, 237.215057373, 237.679458618, 238.143844604, 238.60824585, 239.072647095, 239.53704834, 240.013061523, 240.477462769, 240.953460693, 241.417861938, 241.882263184, 242.358276367, 242.834274292, 243.298675537, 243.763076782, 244.227478027, 244.691879272, 245.156280518, 245.643890381, 246.131515503, 246.619140625, 247.106750488, 247.605987549, 248.105209351, 248.592834473, 249.080444336, 249.568069458, 250.06729126, 250.554916382, 251.054138184, 251.541763306, 252.041000366, 252.540222168, 253.02784729, 253.515457153, 254.003082275, 254.490692139, 254.978317261, 255.465942383, 255.965164185, 256.464385986, 256.952026367, 257.43963623, 257.927246094, 258.414855957, 258.914093018, 259.401733398, 259.900939941, 260.388580322, 260.887786865, 261.387023926, 261.874633789, 262.36227417, 262.849884033, 263.337493896, 263.825134277, 264.32434082, 264.823577881, 265.311187744, 265.810424805, 266.309661865, 266.797271729, 267.284881592, 267.772521973, 268.271728516, 268.759368896, 269.258575439, 269.74621582, 270.233825684, 270.721435547, 271.220672607, 271.719909668, 272.207519531, 272.695129395, 273.182769775, 273.670379639, 274.169616699, 274.668823242, 275.156463623, 275.644073486, 276.13168335, 276.61932373, 277.106933594, 277.594543457, 278.070556641, 278.546569824, 279.022583008, 279.498596191, 279.962982178, 280.427398682, 280.891784668, 281.356170654, 281.820587158, 282.296600342, 282.772613525, 283.236999512, 283.701385498, 284.165802002, 284.630187988, 285.094604492, 285.570617676, 286.035003662, 286.511016846, 286.987030029, 287.463043213, 287.927429199, 288.391845703, 288.856231689, 289.332244873, 289.808258057, 290.3074646, 290.80670166, 291.305938721, 291.805175781, 292.316009521, 292.815246582, 293.291229248, 293.767242432, 294.243255615, 294.719268799, 295.195281982, 295.659667969, 296.124084473, 296.600097656, 297.076080322, 297.540496826, 298.028106689, 298.480895996, 298.933685303, 299.398101807, 299.874084473, 300.350097656, 300.81451416, 301.278900146, 301.74331665, 302.207702637, 302.672088623, 303.136505127, 303.496398926, 303.867919922, 304.239440918, 304.645812988, 305.052154541, 305.446899414, 305.84161377, 306.24798584, 306.665924072, 307.083892822]
