
metadata:
    version:
        essentia: "2.1-beta2"
    audio_properties:
        analysis_sample_rate: 44100
        bitrate: 274
        channels: 2
        equal_loudness: 1
        length: 248.999191284
        replay_gain: -12.0979595184
        downmix: "mix"
    tags:
        album: "L'Enfant Sauvage"
        artist: "Gojira"
        comment: ""
        date: "2012"
        genre: "Metal"
        title: "My Last Creation (Bonus)"
        tracknumber: "13/13"

configuration:
    average_loudness:
        compute: 1
        frameSize: 88200
        hopSize: 44100
        silentFrames: "noise"
        windowType: "hann"
    general:
        analysisSampleRate: 44100
        endTime: 2000
        equalLoudness: 1
        nequalLoudness: 0
        shortSound: 0
        startTime: 0
    lowlevel:
        compute: 1
        frameSize: 2048
        hopSize: 1024
        zeroPadding: 0
        silentFrames: "noise"
        windowType: "blackmanharris62"
        mfccStats: ["mean", "cov", "icov"]
        stats: ["mean", "var", "median", "min", "max", "dmean", "dmean2", "dvar", "dvar2"]
    panning:
        compute: 0
        frameSize: 8192
        hopSize: 2048
        zeroPadding: 8192
        silentFrames: "noise"
        windowType: "hann"
        stats: ["copy"]
    rhythm:
        compute: 1
        maxTempo: 208
        minTempo: 40
        method: "degara"
        stats: ["mean", "var", "median", "min", "max", "dmean", "dmean2", "dvar", "dvar2"]
    segmentation:
        compute: 0
        cpw: 5
        inc1: 300
        inc2: 50
        minimumSegmentsLength: 10
        size1: 1000
        size2: 600
    sfx:
        compute: 1
        stats: ["mean", "var", "median", "min", "max", "dmean", "dmean2", "dvar", "dvar2"]
    svm:
        compute: 0
    tonal:
        compute: 1
        frameSize: 4096
        hopSize: 2048
        zeroPadding: 0
        silentFrames: "noise"
        windowType: "blackmanharris62"
        stats: ["mean", "var", "median", "min", "max", "dmean", "dmean2", "dvar", "dvar2"]

lowlevel:
    average_loudness: 0.935032129288
    barkbands_kurtosis:
        dmean: 0.764781415462
        dmean2: 1.2782958746
        dvar: 1.0465952158
        dvar2: 2.62420225143
        max: 20.8991584778
        mean: -0.741439819336
        median: -1.11214673519
        min: -1.87878656387
        var: 1.68394958973
    barkbands_skewness:
        dmean: 0.511053085327
        dmean2: 0.795263767242
        dvar: 0.208786785603
        dvar2: 0.492430329323
        max: 4.50375413895
        mean: -0.00965246744454
        median: -0.10626141727
        min: -2.41472530365
        var: 0.705959796906
    barkbands_spread:
        dmean: 6.42762804031
        dmean2: 10.6404800415
        dvar: 31.3107833862
        dvar2: 87.3484344482
        max: 70.8600616455
        mean: 36.3284988403
        median: 36.6243515015
        min: 6.70677900314
        var: 75.7481918335
    dissonance:
        dmean: 0.00835621729493
        dmean2: 0.0143236247823
        dvar: 6.03859625699e-005
        dvar2: 0.000176249814103
        max: 0.500000238419
        mean: 0.4867836833
        median: 0.488385736942
        min: 0.287678837776
        var: 7.83019931987e-005
    hfc:
        dmean: 4.72762870789
        dmean2: 8.37322616577
        dvar: 37.3315353394
        dvar2: 100.103981018
        max: 58.2186737061
        mean: 8.843542099
        median: 7.44041633606
        min: 1.10146397603e-016
        var: 38.4609565735
    pitch:
        dmean: 915.747558594
        dmean2: 1755.02099609
        dvar: 1878906.75
        dvar2: 4706008.5
        max: 4620.62109375
        mean: 2458.78759766
        median: 3624.3203125
        min: 65.8023223877
        var: 2677112.25
    pitch_instantaneous_confidence:
        dmean: 0.0766298547387
        dmean2: 0.13044936955
        dvar: 0.00366606609896
        dvar2: 0.0103033874184
        max: 0.769447386265
        mean: 0.322340756655
        median: 0.315784692764
        min: 0.0883468389511
        var: 0.00877147447318
    pitch_salience:
        dmean: 0.0612675957382
        dmean2: 0.100995838642
        dvar: 0.00342719000764
        dvar2: 0.00921242963523
        max: 0.944402217865
        mean: 0.698357582092
        median: 0.720416307449
        min: 0.190116718411
        var: 0.0074319713749
    silence_rate_20dB:
        dmean: 0
        dmean2: 0
        dvar: 0
        dvar2: 0
        max: 1
        mean: 1
        median: 1
        min: 1
        var: 0
    silence_rate_30dB:
        dmean: 0
        dmean2: 0
        dvar: 0
        dvar2: 0
        max: 1
        mean: 1
        median: 1
        min: 1
        var: 0
    silence_rate_60dB:
        dmean: 0.129615813494
        dmean2: 0.259255796671
        dvar: 0.11281658709
        dvar2: 0.262911170721
        max: 1
        mean: 0.238228440285
        median: 0
        min: 0
        var: 0.181486934423
    spectral_centroid:
        dmean: 396.560272217
        dmean2: 634.531677246
        dvar: 131806.40625
        dvar2: 314954
        max: 11385.265625
        mean: 1796.26989746
        median: 1788.24841309
        min: 246.368118286
        var: 657841.625
    spectral_complexity:
        dmean: 6.32375955582
        dmean2: 10.3525133133
        dvar: 33.8822822571
        dvar2: 82.584236145
        max: 48
        mean: 18.265920639
        median: 18
        min: 0
        var: 96.124786377
    spectral_crest:
        dmean: 2.18936038017
        dmean2: 3.64319348335
        dvar: 4.74374198914
        dvar2: 12.4824810028
        max: 22.1189537048
        mean: 6.73082971573
        median: 5.81219387054
        min: 2.42129993439
        var: 9.0661945343
    spectral_decrease:
        dmean: 4.76605921396e-010
        dmean2: 8.2803780499e-010
        dvar: 6.330578147e-019
        dvar2: 1.74741221978e-018
        max: 1.59894928992e-028
        mean: -1.11984777007e-009
        median: -9.78416681008e-010
        min: -8.56117665649e-009
        var: 5.71540444244e-019
    spectral_energy:
        dmean: 0.00218804297037
        dmean2: 0.0038239932619
        dvar: 1.16180026453e-005
        dvar2: 3.187317634e-005
        max: 0.0350556485355
        mean: 0.00502869440243
        median: 0.00436634104699
        min: 1.03273693348e-020
        var: 1.07198675323e-005
    spectral_energyband_high:
        dmean: 0.00042053827201
        dmean2: 0.00076213182183
        dvar: 3.5120055486e-007
        dvar2: 9.53845983531e-007
        max: 0.00608422700316
        mean: 0.000524609757122
        median: 0.000376340816729
        min: 7.05064439554e-021
        var: 2.8024430776e-007
    spectral_energyband_low:
        dmean: 0.000355449534254
        dmean2: 0.000563075067475
        dvar: 3.67491566067e-007
        dvar2: 9.17430668324e-007
        max: 0.0146646713838
        mean: 0.000568781571928
        median: 0.000346590037225
        min: 2.78655522221e-023
        var: 5.31510522706e-007
    spectral_energyband_middle_high:
        dmean: 0.000954969553277
        dmean2: 0.00162857654504
        dvar: 1.25147732888e-006
        dvar2: 3.35243203153e-006
        max: 0.0106650935486
        mean: 0.00233019865118
        median: 0.00202827830799
        min: 1.1333622433e-021
        var: 2.2509543669e-006
    spectral_energyband_middle_low:
        dmean: 0.00109196070116
        dmean2: 0.00188662216533
        dvar: 6.07798619967e-006
        dvar2: 1.70155944943e-005
        max: 0.0268974136561
        mean: 0.00176399888005
        median: 0.00121859158389
        min: 1.5884442603e-022
        var: 4.73279760627e-006
    spectral_flatness_db:
        dmean: 0.0149325290695
        dmean2: 0.0234593581408
        dvar: 0.000195209519006
        dvar2: 0.000461178075057
        max: 0.304974704981
        mean: 0.128219753504
        median: 0.123447038233
        min: 0.0627516210079
        var: 0.000798252993263
    spectral_flux:
        dmean: 0.0107051180676
        dmean2: 0.0177522692829
        dvar: 0.00020210245566
        dvar2: 0.000407922751037
        max: 0.165982499719
        mean: 0.0457960963249
        median: 0.0435827188194
        min: 6.42577518972e-011
        var: 0.000356665521394
    spectral_kurtosis:
        dmean: 1.12221908569
        dmean2: 1.91258728504
        dvar: 1.22299730778
        dvar2: 3.53668451309
        max: 33.9266052246
        mean: 3.32410550117
        median: 3.10869145393
        min: -1.24002766609
        var: 2.05476355553
    spectral_rms:
        dmean: 0.000423982710345
        dmean2: 0.000720531912521
        dvar: 2.72746319752e-007
        dvar2: 7.27833139536e-007
        max: 0.0058481306769
        mean: 0.00211944780312
        median: 0.00206393911503
        min: 3.17419007745e-012
        var: 4.13992978565e-007
    spectral_rolloff:
        dmean: 457.182769775
        dmean2: 738.874572754
        dvar: 307237.0625
        dvar2: 701357.75
        max: 19595.2148438
        mean: 3501.39868164
        median: 3639.11132813
        min: 150.732421875
        var: 1403609.5
    spectral_skewness:
        dmean: 0.205870807171
        dmean2: 0.343932747841
        dvar: 0.0348603837192
        dvar2: 0.0940913334489
        max: 3.17287421227
        mean: 1.24728310108
        median: 1.2370017767
        min: -0.0438084602356
        var: 0.0861756727099
    spectral_spread:
        dmean: 453592.5625
        dmean2: 714466.625
        dvar: 361326575616
        dvar2: 748475121664
        max: 42599752
        mean: 4567037.5
        median: 4370181
        min: 978322.375
        var: 5.420548096e+012
    spectral_strongpeak:
        dmean: 0.339816242456
        dmean2: 0.610795736313
        dvar: 0.284059762955
        dvar2: 0.783673048019
        max: 6.00269556046
        mean: 0.385441482067
        median: 0.196309655905
        min: 4.61942095686e-010
        var: 0.271728366613
    zerocrossingrate:
        dmean: 0.0102686583996
        dmean2: 0.0125196352601
        dvar: 8.09329649201e-005
        dvar2: 0.000104158447357
        max: 0.5361328125
        mean: 0.102259390056
        median: 0.103515625
        min: 0.01513671875
        var: 0.00111445365474
    barkbands:
        dmean: [1.75817422132e-006, 0.000118061027024, 0.000225090014283, 0.000188339166925, 0.000733586552087, 0.000219097535592, 0.000122056706459, 8.12045764178e-005, 8.85180488694e-005, 7.09691084921e-005, 6.53699753457e-005, 8.40423235786e-005, 9.49885361479e-005, 5.78393155592e-005, 6.74908369547e-005, 0.000104366408777, 0.000138270232128, 0.00020446171402, 0.00030725079705, 0.000394997739932, 0.000176706991624, 4.96916945849e-005, 6.39143490844e-006, 2.99394014291e-006, 1.32077207127e-006, 5.15730356199e-008, 5.84078507782e-010]
        dmean2: [2.8543179269e-006, 0.000201952992938, 0.000357246113708, 0.00030747539131, 0.00128883542493, 0.000377076183213, 0.00021157664014, 0.000138170085847, 0.000150560692418, 0.000122196521261, 0.000109693748527, 0.000139306488563, 0.000158619252034, 9.60694160312e-005, 0.000113627327664, 0.00017668811779, 0.000235768893617, 0.000362732767826, 0.000523349503055, 0.000705524114892, 0.000321009691106, 9.164147923e-005, 1.12794723464e-005, 5.14426619702e-006, 2.30826435654e-006, 8.57288000589e-008, 9.56698165133e-010]
        dvar: [4.49428862181e-012, 1.90016500312e-008, 1.77388201905e-007, 1.14674371332e-007, 3.43171632267e-006, 2.12335550032e-007, 6.15002520021e-008, 1.6454491103e-008, 1.858952281e-008, 1.33083686293e-008, 1.08883737582e-008, 2.45046187786e-008, 2.69307260936e-008, 7.02830416088e-009, 1.20931460401e-008, 1.55618771203e-008, 3.08672696292e-008, 7.36943803759e-008, 1.41938556908e-007, 2.84201604472e-007, 5.84642450008e-008, 5.29942445482e-009, 8.4599154071e-011, 3.6205941023e-011, 1.085897431e-011, 1.22227997783e-014, 1.78726330015e-018]
        dvar2: [1.18778268471e-011, 5.03708363908e-008, 4.26551252986e-007, 2.94052938443e-007, 9.59720819083e-006, 5.97544385528e-007, 1.7406931363e-007, 4.43579928344e-008, 5.18663156868e-008, 3.95852488566e-008, 2.90107315948e-008, 6.50022116133e-008, 7.45331831808e-008, 1.80376016345e-008, 3.18373878372e-008, 4.25024886397e-008, 8.44193195348e-008, 2.01538085776e-007, 3.82017645961e-007, 7.76343938469e-007, 1.57309003157e-007, 1.42742830889e-008, 2.21919316257e-010, 9.46968406468e-011, 2.99867665421e-011, 3.16322387392e-014, 4.48919438393e-018]
        max: [1.78096906893e-005, 0.00210901652463, 0.00667367968708, 0.0110116098076, 0.0201912391931, 0.00619011651725, 0.00358051899821, 0.00185744813643, 0.00225546979345, 0.00199875677936, 0.00248834234662, 0.00335476594046, 0.00357315596193, 0.00203211046755, 0.00310908793472, 0.00238395202905, 0.00326520693488, 0.00293603655882, 0.0051193414256, 0.00536434259266, 0.00266089569777, 0.0007701588911, 0.00013595080236, 0.000134466114105, 9.69050597632e-005, 2.79788014268e-006, 3.37848575782e-008]
        mean: [1.92565357793e-006, 0.00014107421157, 0.000301138672512, 0.000247394840699, 0.000805378193036, 0.000268063799012, 0.000147657265188, 0.000114493283036, 0.000141811964568, 0.000116185030492, 0.000112178029667, 0.000149902625708, 0.000171626292286, 0.000104450948129, 0.000118721625768, 0.000191702740267, 0.000260497210547, 0.000279279076494, 0.000563288980629, 0.00052907911595, 0.000198585519684, 4.96500870213e-005, 8.47113733471e-006, 4.25033340434e-006, 1.81534755939e-006, 7.91179104453e-008, 8.88761175766e-010]
        median: [1.03491595382e-006, 9.50746180024e-005, 0.000139248353662, 0.000130980697577, 0.00034138688352, 0.000135434238473, 7.92455102783e-005, 6.02852051088e-005, 8.71168231242e-005, 6.69954824843e-005, 6.4969084633e-005, 6.88448562869e-005, 8.61877415446e-005, 6.65590705466e-005, 7.48833845137e-005, 0.000147451952216, 0.000185197393876, 0.000193184692762, 0.000474898231914, 0.000399393204134, 0.000128525876789, 2.65311737166e-005, 5.12557062393e-006, 2.48116157309e-006, 1.03186744127e-006, 3.5415972377e-008, 3.75656311613e-010]
        min: [5.47532379881e-025, 2.89619237299e-024, 2.82881497422e-024, 1.95082245025e-024, 5.69143263822e-024, 1.39348129499e-023, 1.4654347181e-023, 1.64035484196e-023, 2.11343914444e-023, 1.79944836502e-023, 2.2734423819e-023, 4.17226450179e-023, 3.83849555952e-023, 4.87315858083e-023, 5.02047803934e-023, 6.57037830338e-023, 8.22283364053e-023, 9.74047895988e-023, 1.51753651965e-022, 1.90322487882e-022, 2.26866728062e-022, 3.57512696257e-022, 4.02451817487e-022, 6.72297757636e-022, 8.57924024021e-022, 1.45414958954e-021, 2.04806102844e-021]
        var: [5.37724162072e-012, 2.08990691419e-008, 2.4376876695e-007, 1.63186513191e-007, 2.5335934879e-006, 1.87011238495e-007, 5.21401339881e-008, 2.41968400871e-008, 2.96379898401e-008, 2.30392593892e-008, 2.16487716642e-008, 5.89447246568e-008, 6.21601259354e-008, 1.58837085706e-008, 2.48820573034e-008, 2.86747674494e-008, 6.27622966931e-008, 7.29173876834e-008, 1.81933017984e-007, 2.44308779429e-007, 4.62547831148e-008, 4.19635348692e-009, 1.07947102646e-010, 4.23542971528e-011, 8.81143161907e-012, 1.64251513053e-014, 2.45854642343e-018]
    frequency_bands:
        dmean: [1.75817422132e-006, 0.000118061027024, 0.000225090014283, 0.000188339166925, 0.000733586552087, 0.000219097535592, 0.000122056706459, 8.12045764178e-005, 8.85180488694e-005, 7.09691084921e-005, 6.53699753457e-005, 8.40423235786e-005, 9.49885361479e-005, 5.78393155592e-005, 6.74908369547e-005, 0.000104366408777, 0.000138270232128, 0.00020446171402, 0.00030725079705, 0.000394997739932, 0.000176706991624, 4.96916945849e-005, 6.39143490844e-006, 2.99394014291e-006, 1.32077207127e-006, 5.15730356199e-008, 5.84078507782e-010, 5.85552231702e-011]
        dmean2: [2.8543179269e-006, 0.000201952992938, 0.000357246113708, 0.00030747539131, 0.00128883542493, 0.000377076183213, 0.00021157664014, 0.000138170085847, 0.000150560692418, 0.000122196521261, 0.000109693748527, 0.000139306488563, 0.000158619252034, 9.60694160312e-005, 0.000113627327664, 0.00017668811779, 0.000235768893617, 0.000362732767826, 0.000523349503055, 0.000705524114892, 0.000321009691106, 9.164147923e-005, 1.12794723464e-005, 5.14426619702e-006, 2.30826435654e-006, 8.57288000589e-008, 9.56698165133e-010, 1.08608504135e-010]
        dvar: [4.49428862181e-012, 1.90016500312e-008, 1.77388201905e-007, 1.14674371332e-007, 3.43171632267e-006, 2.12335550032e-007, 6.15002520021e-008, 1.6454491103e-008, 1.858952281e-008, 1.33083686293e-008, 1.08883737582e-008, 2.45046187786e-008, 2.69307260936e-008, 7.02830416088e-009, 1.20931460401e-008, 1.55618771203e-008, 3.08672696292e-008, 7.36943803759e-008, 1.41938556908e-007, 2.84201604472e-007, 5.84642450008e-008, 5.29942445482e-009, 8.4599154071e-011, 3.6205941023e-011, 1.085897431e-011, 1.22227997783e-014, 1.78726330015e-018, 7.51791339213e-021]
        dvar2: [1.18778268471e-011, 5.03708363908e-008, 4.26551252986e-007, 2.94052938443e-007, 9.59720819083e-006, 5.97544385528e-007, 1.7406931363e-007, 4.43579928344e-008, 5.18663156868e-008, 3.95852488566e-008, 2.90107315948e-008, 6.50022116133e-008, 7.45331831808e-008, 1.80376016345e-008, 3.18373878372e-008, 4.25024886397e-008, 8.44193195348e-008, 2.01538085776e-007, 3.82017645961e-007, 7.76343938469e-007, 1.57309003157e-007, 1.42742830889e-008, 2.21919316257e-010, 9.46968406468e-011, 2.99867665421e-011, 3.16322387392e-014, 4.48919438393e-018, 2.42279004218e-020]
        max: [1.78096906893e-005, 0.00210901652463, 0.00667367968708, 0.0110116098076, 0.0201912391931, 0.00619011651725, 0.00358051899821, 0.00185744813643, 0.00225546979345, 0.00199875677936, 0.00248834234662, 0.00335476594046, 0.00357315596193, 0.00203211046755, 0.00310908793472, 0.00238395202905, 0.00326520693488, 0.00293603655882, 0.0051193414256, 0.00536434259266, 0.00266089569777, 0.0007701588911, 0.00013595080236, 0.000134466114105, 9.69050597632e-005, 2.79788014268e-006, 3.37848575782e-008, 1.88413795676e-009]
        mean: [1.92565357793e-006, 0.00014107421157, 0.000301138672512, 0.000247394840699, 0.000805378193036, 0.000268063799012, 0.000147657265188, 0.000114493283036, 0.000141811964568, 0.000116185030492, 0.000112178029667, 0.000149902625708, 0.000171626292286, 0.000104450948129, 0.000118721625768, 0.000191702740267, 0.000260497210547, 0.000279279076494, 0.000563288980629, 0.00052907911595, 0.000198585519684, 4.96500870213e-005, 8.47113733471e-006, 4.25033340434e-006, 1.81534755939e-006, 7.91179104453e-008, 8.88761175766e-010, 4.48663328712e-011]
        median: [1.03491595382e-006, 9.50746180024e-005, 0.000139248353662, 0.000130980697577, 0.00034138688352, 0.000135434238473, 7.92455102783e-005, 6.02852051088e-005, 8.71168231242e-005, 6.69954824843e-005, 6.4969084633e-005, 6.88448562869e-005, 8.61877415446e-005, 6.65590705466e-005, 7.48833845137e-005, 0.000147451952216, 0.000185197393876, 0.000193184692762, 0.000474898231914, 0.000399393204134, 0.000128525876789, 2.65311737166e-005, 5.12557062393e-006, 2.48116157309e-006, 1.03186744127e-006, 3.5415972377e-008, 3.75656311613e-010, 1.72178278579e-011]
        min: [5.47532379881e-025, 2.89619237299e-024, 2.82881497422e-024, 1.95082245025e-024, 5.69143263822e-024, 1.39348129499e-023, 1.4654347181e-023, 1.64035484196e-023, 2.11343914444e-023, 1.79944836502e-023, 2.2734423819e-023, 4.17226450179e-023, 3.83849555952e-023, 4.87315858083e-023, 5.02047803934e-023, 6.57037830338e-023, 8.22283364053e-023, 9.74047895988e-023, 1.51753651965e-022, 1.90322487882e-022, 2.26866728062e-022, 3.57512696257e-022, 4.02451817487e-022, 6.72297757636e-022, 8.57924024021e-022, 1.45414958954e-021, 2.04806102844e-021, 5.51478699157e-022]
        var: [5.37724162072e-012, 2.08990691419e-008, 2.4376876695e-007, 1.63186513191e-007, 2.5335934879e-006, 1.87011238495e-007, 5.21401339881e-008, 2.41968400871e-008, 2.96379898401e-008, 2.30392593892e-008, 2.16487716642e-008, 5.89447246568e-008, 6.21601259354e-008, 1.58837085706e-008, 2.48820573034e-008, 2.86747674494e-008, 6.27622966931e-008, 7.29173876834e-008, 1.81933017984e-007, 2.44308779429e-007, 4.62547831148e-008, 4.19635348692e-009, 1.07947102646e-010, 4.23542971528e-011, 8.81143161907e-012, 1.64251513053e-014, 2.45854642343e-018, 5.65461999601e-021]
    mfcc:
        mean: [-693.294799805, 105.088226318, -49.2458496094, 58.2034072876, -12.9984588623, -0.0257474724203, 8.14290332794, -5.22207355499, -2.59788441658, -2.89779090881, -6.60655879974, -3.35183358192, -2.08974099159]
        cov: [[4180.96386719, 248.797958374, -324.316680908, 190.083847046, -160.724624634, -8.02713871002, -8.4862279892, -12.2762832642, -11.0841646194, -20.7104759216, -8.15981483459, 22.1998786926, -13.6498699188], [248.797958374, 669.596984863, -171.875610352, 149.312728882, -1.55256056786, 15.2995996475, 25.1527423859, -9.55706119537, -22.4838314056, -18.9059200287, -16.1874828339, 3.28590083122, -5.05768632889], [-324.316680908, -171.875610352, 306.87878418, 2.6726629734, 56.1751403809, 10.9870862961, -29.3891658783, -4.73262882233, -7.53217887878, -8.5134935379, -12.4818382263, -27.2423877716, -13.2636737823], [190.083847046, 149.312728882, 2.6726629734, 257.414520264, 28.173210144, 32.4966087341, -11.3308258057, -23.6547660828, 8.76373386383, 0.576576352119, -11.9573736191, -30.5314445496, 3.68280363083], [-160.724624634, -1.55256056786, 56.1751403809, 28.173210144, 89.4423522949, 25.7736473083, 4.15449762344, 0.884834349155, 12.2563409805, 12.6807231903, 0.343482494354, -7.27089357376, -5.61194038391], [-8.02713871002, 15.2995996475, 10.9870862961, 32.4966087341, 25.7736473083, 69.3857955933, 28.5212745667, 21.5522785187, 8.7077627182, 6.52213001251, 4.41104888916, -2.65181183815, -6.97847032547], [-8.4862279892, 25.1527423859, -29.3891658783, -11.3308258057, 4.15449762344, 28.5212745667, 95.1825485229, 44.4396324158, 17.3620376587, 1.62534296513, 3.7206094265, 10.0870723724, -0.335289001465], [-12.2762832642, -9.55706119537, -4.73262882233, -23.6547660828, 0.884834349155, 21.5522785187, 44.4396324158, 69.4982070923, 24.2714042664, 6.13913154602, 6.02666330338, 12.367811203, -0.859253406525], [-11.0841646194, -22.4838314056, -7.53217887878, 8.76373386383, 12.2563409805, 8.7077627182, 17.3620376587, 24.2714042664, 55.4935417175, 27.4334487915, 9.56578540802, 2.94576668739, 7.36356878281], [-20.7104759216, -18.9059200287, -8.5134935379, 0.576576352119, 12.6807231903, 6.52213001251, 1.62534296513, 6.13913154602, 27.4334487915, 53.4740638733, 19.3401184082, 9.13007068634, 7.49324083328], [-8.15981483459, -16.1874828339, -12.4818382263, -11.9573736191, 0.343482494354, 4.41104888916, 3.7206094265, 6.02666330338, 9.56578540802, 19.3401184082, 41.4293441772, 22.6687374115, 7.46368837357], [22.1998786926, 3.28590083122, -27.2423877716, -30.5314445496, -7.27089357376, -2.65181183815, 10.0870723724, 12.367811203, 2.94576668739, 9.13007068634, 22.6687374115, 49.5124969482, 19.2501850128], [-13.6498699188, -5.05768632889, -13.2636737823, 3.68280363083, -5.61194038391, -6.97847032547, -0.335289001465, -0.859253406525, 7.36356878281, 7.49324083328, 7.46368837357, 19.2501850128, 43.7028274536]]
        icov: [[0.000293064920697, 3.24005050061e-005, 0.000244031354669, -0.000321414729115, 0.000482753617689, -6.12199801253e-005, 0.000103372876765, -2.10631424125e-005, -3.95734386984e-005, 2.38149732468e-005, 0.000185385797522, -0.000383827049518, 0.000389017921407], [3.24005050061e-005, 0.00226994347759, 0.00138865236659, -0.00151689711493, -0.000616723264102, 0.000272923178272, -0.000447724683909, -0.000259731139522, 0.00136587012094, 0.000229983401368, 0.000988528947346, -0.00116396415979, 0.000852249795571], [0.000244031354669, 0.00138865236659, 0.00515367463231, -0.000669056025799, -0.00279788509943, -0.000176811707206, 0.00157061289065, -0.00140606658533, 0.00147878192365, 0.00100023194682, 0.000544515496586, 0.00114019773901, 0.000438434362877], [-0.000321414729115, -0.00151689711493, -0.000669056025799, 0.00636039627716, -0.000945836945903, -0.00315400958061, 0.000786500342656, 0.002380219521, -0.00238000927493, 0.000618689518888, -0.000594933633693, 0.00422200839967, -0.00305040646344], [0.000482753617689, -0.000616723264102, -0.00279788509943, -0.000945836945903, 0.0163577701896, -0.00485000340268, -0.000536195060704, 0.00267413258553, -0.00322621874511, -0.00290399533696, 0.00125521770678, -0.00138706725556, 0.00212261336856], [-6.12199801253e-005, 0.000272923178272, -0.000176811707206, -0.00315400958061, -0.00485000340268, 0.0215824022889, -0.00472160661593, -0.0055263582617, 0.00309687084518, -0.00172642513644, -0.00294478726573, 0.00120551872533, 0.00264931889251], [0.000103372876765, -0.000447724683909, 0.00157061289065, 0.000786500342656, -0.000536195060704, -0.00472160661593, 0.0169949289411, -0.00849220342934, -0.00195025512949, 0.00221840082668, 0.000686326122377, -0.000844135007355, -0.000265662994934], [-2.10631424125e-005, -0.000259731139522, -0.00140606658533, 0.002380219521, 0.00267413258553, -0.0055263582617, -0.00849220342934, 0.0267514456064, -0.0110687017441, 0.0025488960091, 0.00162432820071, -0.00585055584088, 0.00298539688811], [-3.95734386984e-005, 0.00136587012094, 0.00147878192365, -0.00238000927493, -0.00322621874511, 0.00309687084518, -0.00195025512949, -0.0110687017441, 0.0322089716792, -0.0139088174328, -0.00112044229172, 0.00500441528857, -0.00441242894158], [2.38149732468e-005, 0.000229983401368, 0.00100023194682, 0.000618689518888, -0.00290399533696, -0.00172642513644, 0.00221840082668, 0.0025488960091, -0.0139088174328, 0.0306494180113, -0.010545422323, -0.000182079005754, -0.00132637971547], [0.000185385797522, 0.000988528947346, 0.000544515496586, -0.000594933633693, 0.00125521770678, -0.00294478726573, 0.000686326122377, 0.00162432820071, -0.00112044229172, -0.010545422323, 0.0388921946287, -0.0178210306913, 0.00332042900845], [-0.000383827049518, -0.00116396415979, 0.00114019773901, 0.00422200839967, -0.00138706725556, 0.00120551872533, -0.000844135007355, -0.00585055584088, 0.00500441528857, -0.000182079005754, -0.0178210306913, 0.0390266999602, -0.0153303565457], [0.000389017921407, 0.000852249795571, 0.000438434362877, -0.00305040646344, 0.00212261336856, 0.00264931889251, -0.000265662994934, 0.00298539688811, -0.00441242894158, -0.00132637971547, 0.00332042900845, -0.0153303565457, 0.0314008444548]]
    sccoeffs:
        dmean: [0.0629182234406, 0.0473828241229, 0.0343423634768, 0.0268278401345, 0.0184551887214, 0.0238697957247]
        dmean2: [0.104081571102, 0.0800838544965, 0.0590497106314, 0.0462354719639, 0.0315513126552, 0.0395346209407]
        dvar: [0.00279263220727, 0.00138761778362, 0.000701310811564, 0.000431507622125, 0.000209314122912, 0.000452987966128]
        dvar2: [0.00743221724406, 0.00383594445884, 0.00208157254383, 0.00122007180471, 0.000598668353632, 0.00120209692977]
        max: [-0.324819117785, -0.530025720596, -0.651397407055, -0.656135976315, -0.716125965118, -0.646323978901]
        mean: [-0.678057670593, -0.784665763378, -0.822827041149, -0.813849151134, -0.810181677341, -0.74764841795]
        median: [-0.684539318085, -0.789987981319, -0.824875891209, -0.816991448402, -0.809684514999, -0.748352348804]
        min: [-0.977623641491, -0.974051654339, -0.977954030037, -0.972127616405, -0.966582536697, -0.963723301888]
        var: [0.00601383252069, 0.00307155144401, 0.00145367428195, 0.00128414318897, 0.000559855950996, 0.00135622522794]
    scvalleys:
        dmean: [0.374804824591, 0.369146972895, 0.291027933359, 0.256812900305, 0.307957231998, 0.400056868792]
        dmean2: [0.633655667305, 0.61904001236, 0.48173764348, 0.416695713997, 0.504604458809, 0.643069863319]
        dvar: [0.0917474403977, 0.109564103186, 0.0646217092872, 0.0583163015544, 0.0887864232063, 0.213955774903]
        dvar2: [0.243723765016, 0.277290940285, 0.15044054389, 0.124645628035, 0.202225759625, 0.522149562836]
        max: [-5.07688999176, -4.28947305679, -5.21258020401, -5.5433049202, -5.34995174408, -7.67303276062]
        mean: [-6.53594350815, -6.50461196899, -6.71541309357, -6.90245866776, -6.71188354492, -9.68516254425]
        median: [-6.30946445465, -6.35823965073, -6.5637049675, -6.71984577179, -6.54149246216, -9.42667007446]
        min: [-27.8692073822, -28.073682785, -27.78840065, -27.5888519287, -27.427734375, -27.4021511078]
        var: [2.65762138367, 2.54095220566, 2.48796629906, 2.37518548965, 2.3520629406, 2.13675403595]

rhythm:
    beats_loudness:
        dmean: 0.00172133184969
        dmean2: 0.00314790336415
        dvar: 2.03820604838e-006
        dvar2: 5.961243005e-006
        max: 0.0126174259931
        mean: 0.00512715103105
        median: 0.00502844993025
        min: 3.02242307787e-013
        var: 3.53343102688e-006
    bpm: 95.4491729736
    bpm_confidence: 0
    first_peak_bpm: 96
    first_peak_spread: 0.362745076418
    first_peak_weight: 0.273684203625
    onset_rate: 3.21687793732
    second_peak_bpm: 144
    second_peak_spread: 0.156862765551
    second_peak_weight: 0.271578937769
    beats_loudness_band_ratio:
        dmean: [0.127269625664, 0.183365225792, 0.0440077334642, 0.0642128959298, 0.0867838412523, 0.0865441337228]
        dmean2: [0.227232515812, 0.345911413431, 0.0754580795765, 0.11535513401, 0.155213847756, 0.150611534715]
        dvar: [0.0110588613898, 0.0234899800271, 0.00194810028188, 0.00506922090426, 0.00623898254707, 0.00548832770437]
        dvar2: [0.0306488443166, 0.0695956721902, 0.00548409996554, 0.014641335234, 0.0188287366182, 0.0152522940189]
        max: [0.928378224373, 0.699959039688, 0.380844563246, 0.481961756945, 0.543517291546, 0.66897559166]
        mean: [0.222369268537, 0.199798434973, 0.0875216647983, 0.1090304479, 0.209421485662, 0.264639496803]
        median: [0.208056494594, 0.125611573458, 0.0742631107569, 0.0831925868988, 0.195386141539, 0.241353929043]
        min: [0, 0, 0, 0, 0, 0]
        var: [0.0167236588895, 0.027121078223, 0.00276708649471, 0.00615354860201, 0.00832907110453, 0.0114630758762]
    beats_position: [0.487619042397, 0.96362811327, 1.43963718414, 1.91564619541, 2.39165520668, 2.89088439941, 3.40172338486, 3.92417216301, 4.41179132462, 4.8994102478, 5.38702917099, 5.87464857101, 6.33904743195, 6.80344676971, 7.26784563065, 7.73224496841, 8.19664382935, 8.66104316711, 9.12544155121, 9.58984088898, 10.0426301956, 10.4954195023, 10.95981884, 11.4242172241, 11.8886165619, 12.3530158997, 12.8174142838, 13.2818136215, 13.7462129593, 14.1990022659, 14.6517915726, 15.1161899567, 15.5805892944, 16.0449886322, 16.50938797, 16.9737873077, 17.4381847382, 17.8909740448, 18.3437633514, 18.8081626892, 19.272562027, 19.7369613647, 20.2013607025, 20.6657600403, 21.1301574707, 21.5945568085, 22.0473461151, 22.5001354218, 22.9645347595, 23.4289340973, 23.8933334351, 24.3577327728, 24.8221302032, 25.2749195099, 25.7277088165, 26.1921081543, 26.6565074921, 27.1209068298, 27.5853061676, 28.0497055054, 28.5141029358, 28.9785022736, 29.4312915802, 29.8840808868, 30.3484802246, 30.8128795624, 31.2772789001, 31.7416782379, 32.2060775757, 32.6704750061, 33.1348762512, 33.5992736816, 34.0636711121, 34.690612793, 35.3175506592, 35.9444885254, 36.5714263916, 37.1983680725, 37.8253059387, 38.4522438049, 39.0791816711, 39.7061233521, 40.3330612183, 40.9483909607, 41.5637168884, 42.1906585693, 42.8175964355, 43.4445343018, 44.071472168, 44.6984100342, 45.3253517151, 45.9522895813, 46.5792274475, 47.2061653137, 47.8331069946, 48.4600448608, 49.0753746033, 49.7023124695, 50.3176422119, 50.9445800781, 51.5715179443, 52.1984558105, 52.8253974915, 53.4523353577, 54.0792732239, 54.7178230286, 55.2286605835, 55.7278900146, 56.2271194458, 56.7031288147, 57.1907463074, 57.6551475525, 58.1195449829, 58.583946228, 59.0483436584, 59.5127410889, 59.977142334, 60.4299316406, 60.8827209473, 61.3471183777, 61.8115196228, 62.2759170532, 62.7403144836, 63.2047157288, 63.6691131592, 64.1219024658, 64.5746917725, 65.0390930176, 65.5034942627, 65.9678878784, 66.4322891235, 66.8966903687, 67.3610839844, 67.8254852295, 68.2782745361, 68.7426757813, 69.2070770264, 69.8456192017, 70.4493408203, 71.0762786865, 71.7032165527, 72.3185501099, 72.9338760376, 73.5608139038, 74.18775177, 74.8146896362, 75.4416275024, 76.068572998, 76.6955108643, 77.3224487305, 77.9493865967, 78.5763244629, 79.2032623291, 79.8302001953, 80.4571380615, 81.0840835571, 81.7110214233, 82.3263473511, 82.9532852173, 83.5686187744, 84.1955566406, 84.8224945068, 85.449432373, 86.0763702393, 86.7033081055, 87.3302459717, 87.9455795288, 88.5609054565, 89.1878433228, 89.814781189, 90.4417190552, 91.0686569214, 91.695602417, 92.3225402832, 92.9494781494, 93.5764160156, 94.2033538818, 94.830291748, 95.4572296143, 96.0725631714, 96.6878890991, 97.3148269653, 97.9417648315, 98.5687026978, 99.1956481934, 99.8225860596, 100.449523926, 101.076461792, 101.703399658, 102.330337524, 102.957275391, 103.572608948, 104.187934875, 104.814872742, 105.441810608, 106.068748474, 106.69568634, 107.322631836, 107.949569702, 108.576507568, 109.203445435, 109.830383301, 110.457321167, 111.084259033, 111.69959259, 112.314918518, 112.941856384, 113.56879425, 114.195732117, 114.822669983, 115.449615479, 116.076553345, 116.703491211, 117.318817139, 117.945755005, 118.561088562, 119.188026428, 119.814964294, 120.441902161, 121.068840027, 121.695777893, 122.322715759, 122.949661255, 123.576599121, 124.203536987, 124.830474854, 125.445800781, 126.061134338, 126.688072205, 127.315010071, 127.941947937, 128.568893433, 129.195831299, 129.834381104, 130.472915649, 131.123077393, 131.773239136, 132.423400879, 133.073562622, 133.712112427, 134.350662231, 135.000808716, 135.650970459, 136.301132202, 136.939682007, 137.578231812, 138.228393555, 138.878540039, 139.517089844, 140.167251587, 140.805801392, 141.455963135, 142.106124878, 142.744674683, 143.394821167, 144.033370972, 144.683532715, 145.333694458, 145.972244263, 146.610794067, 147.260955811, 147.911102295, 148.561264038, 149.211425781, 149.849975586, 150.488525391, 151.138687134, 151.788833618, 152.427383423, 153.065933228, 153.716094971, 154.366256714, 154.91192627, 155.469207764, 156.026489258, 156.514099121, 157.001724243, 157.489334106, 157.930511475, 158.371704102, 158.81288147, 159.265670776, 159.706848145, 160.148025513, 160.577590942, 161.007156372, 161.425125122, 161.843078613, 162.261047363, 162.679000854, 163.096954346, 163.514923096, 163.932876587, 164.350830078, 164.768798828, 165.198364258, 165.627929688, 166.045898438, 166.463851929, 166.88180542, 167.29977417, 167.717727661, 168.135681152, 168.553649902, 168.971603394, 169.389572144, 169.807525635, 170.225479126, 170.643447876, 171.073013306, 171.490966797, 171.920547485, 172.338500977, 172.756454468, 173.174423218, 173.592376709, 174.0103302, 174.42829895, 174.846252441, 175.264221191, 175.682174683, 176.100128174, 176.529708862, 176.959274292, 177.377227783, 177.795196533, 178.213150024, 178.631103516, 179.049072266, 179.467025757, 179.884979248, 180.302947998, 180.720901489, 181.138870239, 181.55682373, 181.974777222, 182.392745972, 182.822311401, 183.240264893, 183.669830322, 184.087799072, 184.505752563, 184.923721313, 185.341674805, 185.759628296, 186.177597046, 186.595550537, 187.013504028, 187.431472778, 187.84942627, 188.26739502, 188.685348511, 189.103302002, 189.53288269, 189.950836182, 190.368789673, 190.798370361, 191.216323853, 191.634277344, 192.052246094, 192.470199585, 192.888153076, 193.306121826, 193.724075317, 194.142044067, 194.559997559, 194.97795105, 195.3959198, 195.825485229, 196.255050659, 196.673019409, 197.0909729, 197.508926392, 197.926895142, 198.344848633, 198.762802124, 199.180770874, 199.598724365, 200.016693115, 200.434646606, 200.864212036, 201.293777466, 201.711746216, 202.129699707, 202.547653198, 202.965621948, 203.383575439, 203.801544189, 204.219497681, 204.637451172, 205.055419922, 205.473373413, 205.891326904, 206.309295654, 206.738861084, 207.168426514, 207.586395264, 208.004348755, 208.422302246, 208.840270996, 209.258224487, 209.676193237, 210.094146729, 210.51210022, 210.93006897, 211.348022461, 211.765975952, 212.183944702, 212.613510132, 213.043075562, 213.461044312, 213.878997803, 214.296951294, 214.714920044, 215.132873535, 215.550842285, 215.968795776, 216.386749268, 216.804718018, 217.222671509, 217.640625, 218.05859375, 218.476547241, 218.894515991, 219.324081421, 219.753646851, 220.171600342, 220.589569092, 221.007522583, 221.425476074, 221.843444824, 222.261398315, 222.679367065, 223.097320557, 223.526885986, 223.956451416, 224.374420166, 224.85043335, 225.326431274, 225.802444458, 226.440994263, 227.067932129, 227.694869995, 228.310195923, 228.937133789, 229.575683594, 230.20262146, 230.829559326, 231.456497192, 232.083435059, 232.698776245, 233.314102173, 233.941040039, 234.567977905, 235.194915771, 235.821853638, 236.448791504, 237.07572937, 237.702667236, 238.329605103, 238.956542969, 239.583480835, 240.21043396, 240.814147949, 241.441085815, 242.068023682, 242.694961548, 243.321899414, 243.94883728, 244.564163208, 245.179489136, 245.806442261, 246.41015625, 247.025482178, 247.640808105, 248.256134033]
