
metadata:
    version:
        essentia: "2.1-beta2"
    audio_properties:
        analysis_sample_rate: 44100
        bitrate: 277
        channels: 2
        equal_loudness: 1
        length: 331.075927734
        replay_gain: -14.4051303864
        downmix: "mix"
    tags:
        album: "L'Enfant Sauvage"
        artist: "Gojira"
        comment: "Live at les Eurockéennes 2009."
        date: "2012"
        genre: "Metal"
        title: "Oroborus"
        tracknumber: "1"

configuration:
    average_loudness:
        compute: 1
        frameSize: 88200
        hopSize: 44100
        silentFrames: "noise"
        windowType: "hann"
    general:
        analysisSampleRate: 44100
        endTime: 2000
        equalLoudness: 1
        nequalLoudness: 0
        shortSound: 0
        startTime: 0
    lowlevel:
        compute: 1
        frameSize: 2048
        hopSize: 1024
        zeroPadding: 0
        silentFrames: "noise"
        windowType: "blackmanharris62"
        mfccStats: ["mean", "cov", "icov"]
        stats: ["mean", "var", "median", "min", "max", "dmean", "dmean2", "dvar", "dvar2"]
    panning:
        compute: 0
        frameSize: 8192
        hopSize: 2048
        zeroPadding: 8192
        silentFrames: "noise"
        windowType: "hann"
        stats: ["copy"]
    rhythm:
        compute: 1
        maxTempo: 208
        minTempo: 40
        method: "degara"
        stats: ["mean", "var", "median", "min", "max", "dmean", "dmean2", "dvar", "dvar2"]
    segmentation:
        compute: 0
        cpw: 5
        inc1: 300
        inc2: 50
        minimumSegmentsLength: 10
        size1: 1000
        size2: 600
    sfx:
        compute: 1
        stats: ["mean", "var", "median", "min", "max", "dmean", "dmean2", "dvar", "dvar2"]
    svm:
        compute: 0
    tonal:
        compute: 1
        frameSize: 4096
        hopSize: 2048
        zeroPadding: 0
        silentFrames: "noise"
        windowType: "blackmanharris62"
        stats: ["mean", "var", "median", "min", "max", "dmean", "dmean2", "dvar", "dvar2"]

lowlevel:
    average_loudness: 0.819066941738
    barkbands_kurtosis:
        dmean: 0.529782116413
        dmean2: 0.901665329933
        dvar: 0.895947098732
        dvar2: 2.24822354317
        max: 26.3182182312
        mean: -0.764132022858
        median: -1.17111063004
        min: -1.92111563683
        var: 2.14605903625
    barkbands_skewness:
        dmean: 0.36526325345
        dmean2: 0.591574430466
        dvar: 0.128183051944
        dvar2: 0.327388674021
        max: 4.89222764969
        mean: 0.125355899334
        median: 0.0608657151461
        min: -3.18221092224
        var: 0.449575006962
    barkbands_spread:
        dmean: 4.87909793854
        dmean2: 7.94219350815
        dvar: 20.6790828705
        dvar2: 53.0491485596
        max: 69.3753051758
        mean: 30.9042205811
        median: 32.1859893799
        min: 2.11848640442
        var: 77.0680084229
    dissonance:
        dmean: 0.0106059238315
        dmean2: 0.0182153824717
        dvar: 0.000100058758107
        dvar2: 0.000280667649349
        max: 0.500000119209
        mean: 0.483198434114
        median: 0.485981285572
        min: 0.301696360111
        var: 0.000155690126121
    hfc:
        dmean: 1.85970640182
        dmean2: 3.04677987099
        dvar: 6.68737840652
        dvar2: 16.8232135773
        max: 33.1251678467
        mean: 6.71553087234
        median: 5.20744276047
        min: 1.09134954237e-016
        var: 25.327287674
    pitch:
        dmean: 579.448669434
        dmean2: 1102.01147461
        dvar: 1037500.625
        dvar2: 2691976.75
        max: 4649.92626953
        mean: 693.713439941
        median: 283.706756592
        min: 71.3396224976
        var: 986892.8125
    pitch_instantaneous_confidence:
        dmean: 0.0718919411302
        dmean2: 0.119548924267
        dvar: 0.00407663267106
        dvar2: 0.0103724431247
        max: 0.959333181381
        mean: 0.294591993093
        median: 0.264336645603
        min: 0.0777452588081
        var: 0.0135487327352
    pitch_salience:
        dmean: 0.0535890907049
        dmean2: 0.090051330626
        dvar: 0.00231076939963
        dvar2: 0.00627014460042
        max: 0.975023329258
        mean: 0.689379155636
        median: 0.708050727844
        min: 0.181169033051
        var: 0.00710446480662
    silence_rate_20dB:
        dmean: 0
        dmean2: 0
        dvar: 0
        dvar2: 0
        max: 1
        mean: 1
        median: 1
        min: 1
        var: 0
    silence_rate_30dB:
        dmean: 0
        dmean2: 0
        dvar: 0
        dvar2: 0
        max: 1
        mean: 1
        median: 1
        min: 1
        var: 0
    silence_rate_60dB:
        dmean: 0.119503468275
        dmean2: 0.239023700356
        dvar: 0.105222560465
        dvar2: 0.209665820003
        max: 1
        mean: 0.456100970507
        median: 0
        min: 0
        var: 0.248068034649
    spectral_centroid:
        dmean: 246.359725952
        dmean2: 393.837585449
        dvar: 63120.234375
        dvar2: 150700.078125
        max: 11684.2929688
        mean: 1569.1854248
        median: 1534.5065918
        min: 239.077438354
        var: 492399.53125
    spectral_complexity:
        dmean: 3.76716470718
        dmean2: 6.22667980194
        dvar: 16.4459648132
        dvar2: 41.0296020508
        max: 49
        mean: 15.8140954971
        median: 14
        min: 0
        var: 92.9668273926
    spectral_crest:
        dmean: 2.09685134888
        dmean2: 3.53733110428
        dvar: 5.25289440155
        dvar2: 14.0485782623
        max: 24.5363368988
        mean: 6.19130468369
        median: 5.20369815826
        min: 1.94848680496
        var: 10.4410438538
    spectral_decrease:
        dmean: 2.9747226904e-010
        dmean2: 4.99238872465e-010
        dvar: 2.31099141252e-019
        dvar2: 6.05717065612e-019
        max: 1.55896951206e-028
        mean: -9.56539514263e-010
        median: -7.33858196433e-010
        min: -5.29323074261e-009
        var: 4.7909153366e-019
    spectral_energy:
        dmean: 0.0012652319856
        dmean2: 0.00211371248588
        dvar: 3.88757098335e-006
        dvar2: 1.01062141766e-005
        max: 0.0224832352251
        mean: 0.00421931548044
        median: 0.00325454608537
        min: 1.0175849072e-020
        var: 9.07995854504e-006
    spectral_energyband_high:
        dmean: 0.000124132740893
        dmean2: 0.000205906631891
        dvar: 3.87804810487e-008
        dvar2: 9.81716965498e-008
        max: 0.00347103946842
        mean: 0.000252968980931
        median: 0.000162043201271
        min: 7.3091213733e-021
        var: 7.18945756262e-008
    spectral_energyband_low:
        dmean: 0.000188800884644
        dmean2: 0.000329257250996
        dvar: 1.00392625768e-007
        dvar2: 2.82699176068e-007
        max: 0.00301639246754
        mean: 0.000290208350634
        median: 0.00022490991978
        min: 3.03038613267e-023
        var: 9.15272622137e-008
    spectral_energyband_middle_high:
        dmean: 0.000572568911593
        dmean2: 0.000929259113036
        dvar: 5.24841141214e-007
        dvar2: 1.28672741084e-006
        max: 0.0129489284009
        mean: 0.00221556890756
        median: 0.00161743152421
        min: 1.2021275892e-021
        var: 3.12511201628e-006
    spectral_energyband_middle_low:
        dmean: 0.000816061510704
        dmean2: 0.00138610799331
        dvar: 2.58066097558e-006
        dvar2: 7.02231091054e-006
        max: 0.0170520860702
        mean: 0.00156119954772
        median: 0.00111396750435
        min: 1.99020872119e-022
        var: 2.70607688435e-006
    spectral_flatness_db:
        dmean: 0.015273055993
        dmean2: 0.0240990631282
        dvar: 0.000256754283328
        dvar2: 0.000596898724325
        max: 0.511054992676
        mean: 0.127659767866
        median: 0.117488093674
        min: 0.0441025160253
        var: 0.00175686890725
    spectral_flux:
        dmean: 0.00736069167033
        dmean2: 0.0117950029671
        dvar: 9.02529791347e-005
        dvar2: 0.000175937253516
        max: 0.12129111588
        mean: 0.0389436073601
        median: 0.036991968751
        min: 6.36905944651e-011
        var: 0.00031984935049
    spectral_kurtosis:
        dmean: 1.29523861408
        dmean2: 2.12870907784
        dvar: 8.51772975922
        dvar2: 17.7464389801
        max: 159.056732178
        mean: 4.25940942764
        median: 3.84710121155
        min: -1.24837648869
        var: 21.3761291504
    spectral_rms:
        dmean: 0.000273718789686
        dmean2: 0.000449452229077
        dvar: 1.22724685525e-007
        dvar2: 3.11312248868e-007
        max: 0.00468346709386
        mean: 0.00189404131379
        median: 0.00178189983126
        min: 3.15081858174e-012
        var: 5.28998725713e-007
    spectral_rolloff:
        dmean: 386.072387695
        dmean2: 635.389526367
        dvar: 212108.734375
        dvar2: 519203.0625
        max: 19272.2167969
        mean: 3031.71826172
        median: 3057.71484375
        min: 193.798828125
        var: 1380612
    spectral_skewness:
        dmean: 0.17718654871
        dmean2: 0.286371648312
        dvar: 0.0481621623039
        dvar2: 0.108996577561
        max: 8.91587352753
        mean: 1.56204724312
        median: 1.54387509823
        min: -0.244008228183
        var: 0.171086862683
    spectral_spread:
        dmean: 642242.3125
        dmean2: 952752.25
        dvar: 641351090176
        dvar2: 1.34938571571e+012
        max: 42212788
        mean: 4914559.5
        median: 4658983.5
        min: 591893.25
        var: 6.40193187021e+012
    spectral_strongpeak:
        dmean: 0.326285123825
        dmean2: 0.569560587406
        dvar: 0.27975410223
        dvar2: 0.7355940938
        max: 7.89343500137
        mean: 0.428175747395
        median: 0.210319980979
        min: 2.29963353915e-010
        var: 0.351803690195
    zerocrossingrate:
        dmean: 0.00781544484198
        dmean2: 0.00975661817938
        dvar: 7.02792385709e-005
        dvar2: 9.94457004708e-005
        max: 0.52197265625
        mean: 0.0904665663838
        median: 0.0888671875
        min: 0.01025390625
        var: 0.000978714902885
    barkbands:
        dmean: [7.60652085319e-007, 4.91842401971e-005, 0.000109653505206, 0.000114716749522, 0.000544671842363, 0.000202743074624, 6.19151614956e-005, 7.33234628569e-005, 0.000163897377206, 0.00011598537094, 7.30159663362e-005, 9.02295068954e-005, 9.97119423118e-005, 7.36310539651e-005, 8.50098440424e-005, 0.000147663318785, 0.000127883249661, 0.000120627111755, 0.000145387894008, 0.000112701382022, 5.97083126195e-005, 2.79892938124e-005, 5.50156346435e-006, 3.15319948641e-006, 2.24654013437e-006, 7.59904779102e-008, 7.96928856239e-010]
        dmean2: [1.17637398489e-006, 8.08262557257e-005, 0.000194048057892, 0.000201111237402, 0.000941712234635, 0.000337161385687, 0.000103853810288, 0.000123102567159, 0.000278319406789, 0.000195887245354, 0.000123815334518, 0.000150354404468, 0.000164166063769, 0.000120922450151, 0.00014025287237, 0.000247529649641, 0.000216533298953, 0.00020023471734, 0.000245534116402, 0.00018528047076, 0.000100835313788, 4.68324906251e-005, 8.76575086295e-006, 5.11692269356e-006, 3.72310455532e-006, 1.18838563878e-007, 1.24165644433e-009]
        dvar: [1.87232412734e-012, 4.8782253792e-009, 3.68132049289e-008, 3.23690763082e-008, 1.75916829903e-006, 1.03870782198e-007, 1.56080357527e-008, 1.99697183234e-008, 8.03088013868e-008, 2.80252105966e-008, 1.71303256025e-008, 2.71160782717e-008, 4.03804243376e-008, 2.30589805028e-008, 3.015072636e-008, 5.77968997106e-008, 4.08389446704e-008, 3.32361054234e-008, 4.45442829289e-008, 3.54079148224e-008, 9.47068823365e-009, 2.23384599707e-009, 1.21482393589e-010, 3.74588277063e-011, 2.95903961056e-011, 2.12175502184e-014, 3.61929857813e-018]
        dvar2: [4.2421938358e-012, 1.33569448835e-008, 1.04788320243e-007, 9.11551722993e-008, 4.85264581584e-006, 2.73500518233e-007, 3.99495689862e-008, 5.21544656351e-008, 2.20005759388e-007, 7.56068914143e-008, 4.59138576048e-008, 6.98163518109e-008, 1.05645682424e-007, 5.67567646215e-008, 7.26996347566e-008, 1.47072981349e-007, 1.06795269517e-007, 8.41878886604e-008, 1.16837085784e-007, 8.79117862951e-008, 2.49631888494e-008, 5.5441935487e-009, 2.71725586476e-010, 9.45079153825e-011, 7.81880116207e-011, 4.84510028669e-014, 7.89877248469e-018]
        max: [1.09139955384e-005, 0.000772330036853, 0.00218098796904, 0.00329498341307, 0.0140716806054, 0.00578034622595, 0.00322575378232, 0.00327354250476, 0.00501492992043, 0.00288795237429, 0.00303244730458, 0.00324431364425, 0.00363535806537, 0.00425162212923, 0.00451736990362, 0.00715913530439, 0.00647114915773, 0.00445756688714, 0.0040268022567, 0.00334643875249, 0.0020072106272, 0.000740857794881, 0.000202583643841, 0.000111300141725, 0.000126678030938, 2.77339813692e-006, 4.26285318156e-008]
        mean: [8.74299360021e-007, 8.20258719614e-005, 0.00014170659415, 0.000132524888613, 0.000600769883022, 0.000311175768729, 9.02382307686e-005, 0.000101512756373, 0.000266422575805, 0.000196430963115, 0.000120217198855, 0.00015751302999, 0.000182127798325, 0.000127372695715, 0.000165713106981, 0.000323061656673, 0.000268851290457, 0.000267783470917, 0.000307536800392, 0.000202117924346, 0.000105785904452, 4.99357156514e-005, 9.55317409534e-006, 4.88493742523e-006, 3.06443257614e-006, 1.23914290384e-007, 1.16822207463e-009]
        median: [3.49567017111e-007, 6.11202558503e-005, 9.14764677873e-005, 8.2718237536e-005, 0.000267087918473, 0.000205030344659, 4.80269445688e-005, 5.46961200598e-005, 0.000152485983563, 0.000129281979753, 6.59650031594e-005, 8.30513672554e-005, 7.60344264563e-005, 6.06745306868e-005, 0.000100577497506, 0.000221809430514, 0.000190126593225, 0.000179895272595, 0.000227366457693, 0.000125099220895, 6.47114866297e-005, 2.69466254395e-005, 4.74983426102e-006, 2.49686218012e-006, 1.32790341922e-006, 4.85374087589e-008, 4.31075425356e-010]
        min: [1.0999263123e-024, 1.74106966036e-024, 2.42323357828e-024, 1.93121511524e-024, 1.06270497545e-023, 1.17755996781e-023, 1.24276444922e-023, 1.01018427299e-023, 2.0341176027e-023, 2.23809336696e-023, 2.13899397792e-023, 2.67160966862e-023, 4.26854718408e-023, 4.47578283715e-023, 5.64301803566e-023, 3.43939631253e-023, 8.43984675121e-023, 1.29280468901e-022, 1.57207747911e-022, 1.95640091959e-022, 2.26593618106e-022, 3.15562840366e-022, 3.68364014434e-022, 6.06792464628e-022, 8.98722748835e-022, 1.29918711647e-021, 2.04472847607e-021]
        var: [2.11487685003e-012, 6.78085410044e-009, 3.13862074108e-008, 2.80324812252e-008, 1.46856166339e-006, 1.50274829025e-007, 2.74317493165e-008, 2.67688236022e-008, 1.43153428667e-007, 5.40011697581e-008, 3.23296802662e-008, 5.61813990885e-008, 1.03903467163e-007, 5.90340683004e-008, 7.37571710374e-008, 1.6077267162e-007, 9.7018940437e-008, 8.66014033818e-008, 8.43998009259e-008, 5.54228272165e-008, 1.46395331413e-008, 4.25016200012e-009, 2.40578668098e-010, 4.82667586454e-011, 2.83070442086e-011, 4.04493638291e-014, 6.32190402091e-018]
    frequency_bands:
        dmean: [7.60652085319e-007, 4.91842401971e-005, 0.000109653505206, 0.000114716749522, 0.000544671842363, 0.000202743074624, 6.19151614956e-005, 7.33234628569e-005, 0.000163897377206, 0.00011598537094, 7.30159663362e-005, 9.02295068954e-005, 9.97119423118e-005, 7.36310539651e-005, 8.50098440424e-005, 0.000147663318785, 0.000127883249661, 0.000120627111755, 0.000145387894008, 0.000112701382022, 5.97083126195e-005, 2.79892938124e-005, 5.50156346435e-006, 3.15319948641e-006, 2.24654013437e-006, 7.59904779102e-008, 7.96928856239e-010, 4.83054360401e-011]
        dmean2: [1.17637398489e-006, 8.08262557257e-005, 0.000194048057892, 0.000201111237402, 0.000941712234635, 0.000337161385687, 0.000103853810288, 0.000123102567159, 0.000278319406789, 0.000195887245354, 0.000123815334518, 0.000150354404468, 0.000164166063769, 0.000120922450151, 0.00014025287237, 0.000247529649641, 0.000216533298953, 0.00020023471734, 0.000245534116402, 0.00018528047076, 0.000100835313788, 4.68324906251e-005, 8.76575086295e-006, 5.11692269356e-006, 3.72310455532e-006, 1.18838563878e-007, 1.24165644433e-009, 8.98319127418e-011]
        dvar: [1.87232412734e-012, 4.8782253792e-009, 3.68132049289e-008, 3.23690763082e-008, 1.75916829903e-006, 1.03870782198e-007, 1.56080357527e-008, 1.99697183234e-008, 8.03088013868e-008, 2.80252105966e-008, 1.71303256025e-008, 2.71160782717e-008, 4.03804243376e-008, 2.30589805028e-008, 3.015072636e-008, 5.77968997106e-008, 4.08389446704e-008, 3.32361054234e-008, 4.45442829289e-008, 3.54079148224e-008, 9.47068823365e-009, 2.23384599707e-009, 1.21482393589e-010, 3.74588277063e-011, 2.95903961056e-011, 2.12175502184e-014, 3.61929857813e-018, 5.70339457158e-021]
        dvar2: [4.2421938358e-012, 1.33569448835e-008, 1.04788320243e-007, 9.11551722993e-008, 4.85264581584e-006, 2.73500518233e-007, 3.99495689862e-008, 5.21544656351e-008, 2.20005759388e-007, 7.56068914143e-008, 4.59138576048e-008, 6.98163518109e-008, 1.05645682424e-007, 5.67567646215e-008, 7.26996347566e-008, 1.47072981349e-007, 1.06795269517e-007, 8.41878886604e-008, 1.16837085784e-007, 8.79117862951e-008, 2.49631888494e-008, 5.5441935487e-009, 2.71725586476e-010, 9.45079153825e-011, 7.81880116207e-011, 4.84510028669e-014, 7.89877248469e-018, 1.84618037019e-020]
        max: [1.09139955384e-005, 0.000772330036853, 0.00218098796904, 0.00329498341307, 0.0140716806054, 0.00578034622595, 0.00322575378232, 0.00327354250476, 0.00501492992043, 0.00288795237429, 0.00303244730458, 0.00324431364425, 0.00363535806537, 0.00425162212923, 0.00451736990362, 0.00715913530439, 0.00647114915773, 0.00445756688714, 0.0040268022567, 0.00334643875249, 0.0020072106272, 0.000740857794881, 0.000202583643841, 0.000111300141725, 0.000126678030938, 2.77339813692e-006, 4.26285318156e-008, 9.41323685666e-010]
        mean: [8.74299360021e-007, 8.20258719614e-005, 0.00014170659415, 0.000132524888613, 0.000600769883022, 0.000311175768729, 9.02382307686e-005, 0.000101512756373, 0.000266422575805, 0.000196430963115, 0.000120217198855, 0.00015751302999, 0.000182127798325, 0.000127372695715, 0.000165713106981, 0.000323061656673, 0.000268851290457, 0.000267783470917, 0.000307536800392, 0.000202117924346, 0.000105785904452, 4.99357156514e-005, 9.55317409534e-006, 4.88493742523e-006, 3.06443257614e-006, 1.23914290384e-007, 1.16822207463e-009, 3.76327476126e-011]
        median: [3.49567017111e-007, 6.11202558503e-005, 9.14764677873e-005, 8.2718237536e-005, 0.000267087918473, 0.000205030344659, 4.80269445688e-005, 5.46961200598e-005, 0.000152485983563, 0.000129281979753, 6.59650031594e-005, 8.30513672554e-005, 7.60344264563e-005, 6.06745306868e-005, 0.000100577497506, 0.000221809430514, 0.000190126593225, 0.000179895272595, 0.000227366457693, 0.000125099220895, 6.47114866297e-005, 2.69466254395e-005, 4.74983426102e-006, 2.49686218012e-006, 1.32790341922e-006, 4.85374087589e-008, 4.31075425356e-010, 1.23941603508e-011]
        min: [1.0999263123e-024, 1.74106966036e-024, 2.42323357828e-024, 1.93121511524e-024, 1.06270497545e-023, 1.17755996781e-023, 1.24276444922e-023, 1.01018427299e-023, 2.0341176027e-023, 2.23809336696e-023, 2.13899397792e-023, 2.67160966862e-023, 4.26854718408e-023, 4.47578283715e-023, 5.64301803566e-023, 3.43939631253e-023, 8.43984675121e-023, 1.29280468901e-022, 1.57207747911e-022, 1.95640091959e-022, 2.26593618106e-022, 3.15562840366e-022, 3.68364014434e-022, 6.06792464628e-022, 8.98722748835e-022, 1.29918711647e-021, 2.04472847607e-021, 5.17285251852e-022]
        var: [2.11487685003e-012, 6.78085410044e-009, 3.13862074108e-008, 2.80324812252e-008, 1.46856166339e-006, 1.50274829025e-007, 2.74317493165e-008, 2.67688236022e-008, 1.43153428667e-007, 5.40011697581e-008, 3.23296802662e-008, 5.61813990885e-008, 1.03903467163e-007, 5.90340683004e-008, 7.37571710374e-008, 1.6077267162e-007, 9.7018940437e-008, 8.66014033818e-008, 8.43998009259e-008, 5.54228272165e-008, 1.46395331413e-008, 4.25016200012e-009, 2.40578668098e-010, 4.82667586454e-011, 2.83070442086e-011, 4.04493638291e-014, 6.32190402091e-018, 4.50331665758e-021]
    mfcc:
        mean: [-705.613037109, 108.833091736, -51.7282371521, 38.7886123657, -10.8400335312, -3.45044755936, -1.78911483288, -1.27201700211, -1.87140309811, -8.73320674896, -7.97417068481, -10.4696397781, -6.86904382706]
        cov: [[4883.96728516, -340.066986084, -71.8090209961, 451.021453857, 76.7025222778, 278.334625244, 56.4413032532, 142.491638184, 225.993057251, 211.853790283, 126.783653259, 232.20489502, 298.67288208], [-340.066986084, 507.169128418, -156.501327515, 33.2895088196, 11.5625543594, -40.7822303772, -16.4211959839, -0.861076593399, -24.6698150635, -32.6638221741, -6.68186616898, -38.3066940308, -28.9862957001], [-71.8090209961, -156.501327515, 336.134368896, 43.3825836182, 98.1058883667, -10.5650596619, 18.8942546844, -29.1779613495, 15.2207117081, 15.4588756561, -15.6897583008, 33.1111335754, 49.1195487976], [451.021453857, 33.2895088196, 43.3825836182, 287.083618164, 100.240470886, 42.2310066223, 13.622428894, 33.0686302185, 57.36977005, 51.9794921875, 22.5853824615, 40.9588813782, 74.2630386353], [76.7025222778, 11.5625543594, 98.1058883667, 100.240470886, 197.810745239, -4.34554719925, 19.4023971558, -7.45226812363, 43.2938423157, 36.5186538696, 18.4808082581, 39.7639465332, 56.039981842], [278.334625244, -40.7822303772, -10.5650596619, 42.2310066223, -4.34554719925, 103.396743774, 9.4501914978, 24.6913414001, 18.8918361664, 19.9576148987, 17.887878418, 22.8021144867, 24.0398387909], [56.4413032532, -16.4211959839, 18.8942546844, 13.622428894, 19.4023971558, 9.4501914978, 90.4920196533, 24.9421062469, 16.8712654114, 6.8525762558, 0.379876375198, 1.7677526474, 2.1398434639], [142.491638184, -0.861076593399, -29.1779613495, 33.0686302185, -7.45226812363, 24.6913414001, 24.9421062469, 76.0350418091, 31.6422634125, 17.3142681122, 11.6056261063, 11.1582298279, 8.94945526123], [225.993057251, -24.6698150635, 15.2207117081, 57.36977005, 43.2938423157, 18.8918361664, 16.8712654114, 31.6422634125, 89.5753936768, 43.6193618774, 25.7657985687, 32.7186737061, 38.3062477112], [211.853790283, -32.6638221741, 15.4588756561, 51.9794921875, 36.5186538696, 19.9576148987, 6.8525762558, 17.3142681122, 43.6193618774, 78.0158233643, 31.3740978241, 32.3593330383, 37.3802719116], [126.783653259, -6.68186616898, -15.6897583008, 22.5853824615, 18.4808082581, 17.887878418, 0.379876375198, 11.6056261063, 25.7657985687, 31.3740978241, 66.9283752441, 37.5063591003, 28.945848465], [232.20489502, -38.3066940308, 33.1111335754, 40.9588813782, 39.7639465332, 22.8021144867, 1.7677526474, 11.1582298279, 32.7186737061, 32.3593330383, 37.5063591003, 82.5857391357, 62.3829154968], [298.67288208, -28.9862957001, 49.1195487976, 74.2630386353, 56.039981842, 24.0398387909, 2.1398434639, 8.94945526123, 38.3062477112, 37.3802719116, 28.945848465, 62.3829154968, 111.106193542]]
        icov: [[0.000337574252626, 0.000233418511925, 0.000306939851725, -0.00036796706263, 0.000155920468387, -0.000405491126003, -0.000104284765257, 4.41818192485e-005, -0.000238216904108, -0.000202196999453, 0.000202361567062, -0.000329428759869, -0.000446367979748], [0.000233418511925, 0.00290960446, 0.00174106820486, -0.00098196149338, -0.000846744573209, 0.000823425187264, 0.000150686333654, -7.82833158155e-005, 0.000351005553966, 0.000896179233678, -5.04972267663e-005, 0.000534029561095, -0.000438654562458], [0.000306939851725, 0.00174106820486, 0.00512682693079, -0.000684850732796, -0.0018340573879, 0.0004561052192, -0.000907243404072, 0.00165453716181, 8.63378045324e-006, -2.45351998274e-007, 0.00244433688931, -0.00128283491358, -0.00138852570672], [-0.00036796706263, -0.00098196149338, -0.000684850732796, 0.00589989637956, -0.00207049236633, -0.00123978185002, 0.000547050090972, -0.00169195793569, -0.000526511808857, -0.00117218145169, 0.00043424568139, 0.00124122924171, -0.00170356163289], [0.000155920468387, -0.000846744573209, -0.0018340573879, -0.00207049236633, 0.00865269824862, 0.0011140438728, -0.00166379206348, 0.00256364187226, -0.0022768008057, -0.00119140872266, -0.000530716555659, -0.00140243431088, -0.00111357087735], [-0.000405491126003, 0.000823425187264, 0.0004561052192, -0.00123978185002, 0.0011140438728, 0.012743646279, -0.000545248854905, -0.00218596798368, 0.00069578550756, -0.000294089870295, -0.00132376607507, -0.00104208569974, -0.000411737564718], [-0.000104284765257, 0.000150686333654, -0.000907243404072, 0.000547050090972, -0.00166379206348, -0.000545248854905, 0.0130431270227, -0.00471344497055, -0.000853747013025, 0.000461973540951, 0.000255934370216, 0.00115123263095, 0.000866571033839], [4.41818192485e-005, -7.82833158155e-005, 0.00165453716181, -0.00169195793569, 0.00256364187226, -0.00218596798368, -0.00471344497055, 0.019546834752, -0.0057508116588, -0.000662484089844, 0.000326617184328, -0.00143122696318, 0.000880571082234], [-0.000238216904108, 0.000351005553966, 8.63378045324e-006, -0.000526511808857, -0.0022768008057, 0.00069578550756, -0.000853747013025, -0.0057508116588, 0.0195690784603, -0.0059317657724, -0.00154545204714, -0.00101440877188, -0.00122146506328], [-0.000202196999453, 0.000896179233678, -2.45351998274e-007, -0.00117218145169, -0.00119140872266, -0.000294089870295, 0.000461973540951, -0.000662484089844, -0.0059317657724, 0.0216265842319, -0.00578303029761, -0.000171597595909, -0.0013579641236], [0.000202361567062, -5.04972267663e-005, 0.00244433688931, 0.00043424568139, -0.000530716555659, -0.00132376607507, 0.000255934370216, 0.000326617184328, -0.00154545204714, -0.00578303029761, 0.0238715540618, -0.0091900927946, 1.41407972478e-005], [-0.000329428759869, 0.000534029561095, -0.00128283491358, 0.00124122924171, -0.00140243431088, -0.00104208569974, 0.00115123263095, -0.00143122696318, -0.00101440877188, -0.000171597595909, -0.0091900927946, 0.0268955715001, -0.0105110397562], [-0.000446367979748, -0.000438654562458, -0.00138852570672, -0.00170356163289, -0.00111357087735, -0.000411737564718, 0.000866571033839, 0.000880571082234, -0.00122146506328, -0.0013579641236, 1.41407972478e-005, -0.0105110397562, 0.0191774815321]]
    sccoeffs:
        dmean: [0.0587232038379, 0.0493907146156, 0.0371074676514, 0.0279266852885, 0.0199128966779, 0.0193468760699]
        dmean2: [0.0971090495586, 0.0833582878113, 0.0633194446564, 0.0473558939993, 0.033104583621, 0.0307740196586]
        dvar: [0.0026707991492, 0.00148171780165, 0.000803958682809, 0.000477125635371, 0.000260935572442, 0.000323452375596]
        dvar2: [0.00694004446268, 0.0041887210682, 0.00231453287415, 0.00134544621687, 0.000687646155711, 0.000753695203457]
        max: [-0.276260316372, -0.507325291634, -0.597446084023, -0.6368663311, -0.613602936268, -0.58241802454]
        mean: [-0.667808651924, -0.765939354897, -0.801366984844, -0.800144195557, -0.798986315727, -0.766990602016]
        median: [-0.690043926239, -0.769002914429, -0.804897665977, -0.803673267365, -0.801092326641, -0.768977403641]
        min: [-0.979625999928, -0.973277211189, -0.981188237667, -0.974319934845, -0.966798603535, -0.965852797031]
        var: [0.00947826635092, 0.00312567595392, 0.00187523837667, 0.00139948935248, 0.000859269057401, 0.00143541558646]
    scvalleys:
        dmean: [0.383444905281, 0.361439317465, 0.282189816236, 0.243958622217, 0.228073716164, 0.364075422287]
        dmean2: [0.635636568069, 0.600907862186, 0.473297208548, 0.403762608767, 0.363675832748, 0.530976235867]
        dvar: [0.121209383011, 0.104748599231, 0.0665026307106, 0.0604710802436, 0.0836188644171, 0.214012593031]
        dvar2: [0.284784823656, 0.259887099266, 0.148223370314, 0.124759800732, 0.162859916687, 0.442504316568]
        max: [-5.10287284851, -4.57015991211, -4.80077886581, -5.24847364426, -5.69719314575, -7.7996764183]
        mean: [-6.95210313797, -6.63755893707, -6.55760192871, -6.89561748505, -7.11512613297, -9.69604682922]
        median: [-6.49479389191, -6.47388935089, -6.40044927597, -6.72799491882, -6.89325046539, -9.45277023315]
        min: [-28.1013965607, -27.9254150391, -27.7326145172, -27.4967193604, -27.5301113129, -27.4084625244]
        var: [2.74299740791, 1.84851396084, 1.82486891747, 1.81905257702, 1.91662585735, 1.98922491074]

rhythm:
    beats_loudness:
        dmean: 0.00243589631282
        dmean2: 0.00441650301218
        dvar: 6.20806304141e-006
        dvar2: 1.74998676812e-005
        max: 0.0169062763453
        mean: 0.00482731033117
        median: 0.00390381831676
        min: 0
        var: 9.87175098999e-006
    bpm: 142.072219849
    bpm_confidence: 0
    first_peak_bpm: 144
    first_peak_spread: 0.507853388786
    first_peak_weight: 0.368627458811
    onset_rate: 3.20470309258
    second_peak_bpm: 136
    second_peak_spread: 0.22222225368
    second_peak_weight: 0.100653596222
    beats_loudness_band_ratio:
        dmean: [0.0732444673777, 0.151686012745, 0.0610540695488, 0.071059435606, 0.105099409819, 0.0766331478953]
        dmean2: [0.130011945963, 0.266938060522, 0.103956624866, 0.119319647551, 0.179887846112, 0.131961926818]
        dvar: [0.00658986205235, 0.0171965323389, 0.00375184463337, 0.00578630715609, 0.0087031358853, 0.0045503214933]
        dvar2: [0.0183996409178, 0.0461676940322, 0.0103242043406, 0.0156198432669, 0.0247513502836, 0.0124515015632]
        max: [0.888862490654, 0.727842450142, 0.572094023228, 0.737940788269, 0.784933209419, 0.521577000618]
        mean: [0.125908881426, 0.206252098083, 0.116173058748, 0.151634931564, 0.260667949915, 0.180656179786]
        median: [0.0976643115282, 0.167473509908, 0.0976934731007, 0.121063120663, 0.250677525997, 0.17074778676]
        min: [0, 0, 0, 0, 0, 0]
        var: [0.0111435772851, 0.0200191605836, 0.00607026973739, 0.0101609611884, 0.0122809177265, 0.00881681218743]
