
metadata:
    version:
        essentia: "2.1-beta2"
    audio_properties:
        analysis_sample_rate: 44100
        bitrate: 276
        channels: 2
        equal_loudness: 1
        length: 257.071014404
        replay_gain: -14.8134212494
        downmix: "mix"
    tags:
        album: "L'Enfant Sauvage"
        artist: "Gojira"
        comment: "Live at les Eurockéennes 2009."
        date: "2012"
        genre: "Metal"
        title: "Backbone"
        tracknumber: "3/11"

configuration:
    average_loudness:
        compute: 1
        frameSize: 88200
        hopSize: 44100
        silentFrames: "noise"
        windowType: "hann"
    general:
        analysisSampleRate: 44100
        endTime: 2000
        equalLoudness: 1
        nequalLoudness: 0
        shortSound: 0
        startTime: 0
    lowlevel:
        compute: 1
        frameSize: 2048
        hopSize: 1024
        zeroPadding: 0
        silentFrames: "noise"
        windowType: "blackmanharris62"
        mfccStats: ["mean", "cov", "icov"]
        stats: ["mean", "var", "median", "min", "max", "dmean", "dmean2", "dvar", "dvar2"]
    panning:
        compute: 0
        frameSize: 8192
        hopSize: 2048
        zeroPadding: 8192
        silentFrames: "noise"
        windowType: "hann"
        stats: ["copy"]
    rhythm:
        compute: 1
        maxTempo: 208
        minTempo: 40
        method: "degara"
        stats: ["mean", "var", "median", "min", "max", "dmean", "dmean2", "dvar", "dvar2"]
    segmentation:
        compute: 0
        cpw: 5
        inc1: 300
        inc2: 50
        minimumSegmentsLength: 10
        size1: 1000
        size2: 600
    sfx:
        compute: 1
        stats: ["mean", "var", "median", "min", "max", "dmean", "dmean2", "dvar", "dvar2"]
    svm:
        compute: 0
    tonal:
        compute: 1
        frameSize: 4096
        hopSize: 2048
        zeroPadding: 0
        silentFrames: "noise"
        windowType: "blackmanharris62"
        stats: ["mean", "var", "median", "min", "max", "dmean", "dmean2", "dvar", "dvar2"]

lowlevel:
    average_loudness: 0.91194331646
    barkbands_kurtosis:
        dmean: 0.390073657036
        dmean2: 0.661822259426
        dvar: 0.237771555781
        dvar2: 0.631067872047
        max: 8.50956630707
        mean: -1.01702141762
        median: -1.17278921604
        min: -1.75947868824
        var: 0.378146380186
    barkbands_skewness:
        dmean: 0.343308150768
        dmean2: 0.566034376621
        dvar: 0.0916964486241
        dvar2: 0.245012834668
        max: 2.81278681755
        mean: 0.148344904184
        median: 0.111669488251
        min: -2.83997392654
        var: 0.242478072643
    barkbands_spread:
        dmean: 5.22899723053
        dmean2: 8.58309936523
        dvar: 21.303401947
        dvar2: 56.6105575562
        max: 58.3416824341
        mean: 32.4858894348
        median: 32.7304534912
        min: 5.7753329277
        var: 56.4939041138
    dissonance:
        dmean: 0.0103725073859
        dmean2: 0.017997989431
        dvar: 9.50326430029e-005
        dvar2: 0.000267047493253
        max: 0.500000119209
        mean: 0.485060483217
        median: 0.487546414137
        min: 0.287948876619
        var: 0.000121970027976
    hfc:
        dmean: 2.48932313919
        dmean2: 4.19502496719
        dvar: 9.48942661285
        dvar2: 23.9755382538
        max: 63.835144043
        mean: 7.29989671707
        median: 5.99897575378
        min: 1.19085778188e-016
        var: 20.7018527985
    pitch:
        dmean: 477.37197876
        dmean2: 907.310424805
        dvar: 903320.6875
        dvar2: 2478005.75
        max: 4638.57763672
        mean: 527.257324219
        median: 275.561523438
        min: 63.7210273743
        var: 688960.0625
    pitch_instantaneous_confidence:
        dmean: 0.0616603158414
        dmean2: 0.105446204543
        dvar: 0.00296448078007
        dvar2: 0.00801956094801
        max: 0.908163607121
        mean: 0.241645902395
        median: 0.220350146294
        min: 0.10528677702
        var: 0.00747449928895
    pitch_salience:
        dmean: 0.0511233210564
        dmean2: 0.087922796607
        dvar: 0.00202061841264
        dvar2: 0.00574563164264
        max: 0.935154438019
        mean: 0.714273810387
        median: 0.725148499012
        min: 0.304664433002
        var: 0.00372517225333
    silence_rate_20dB:
        dmean: 0
        dmean2: 0
        dvar: 0
        dvar2: 0
        max: 1
        mean: 1
        median: 1
        min: 1
        var: 0
    silence_rate_30dB:
        dmean: 0
        dmean2: 0
        dvar: 0
        dvar2: 0
        max: 1
        mean: 1
        median: 1
        min: 1
        var: 0
    silence_rate_60dB:
        dmean: 0.196531787515
        dmean2: 0.393099099398
        dvar: 0.157885059714
        dvar2: 0.34715923667
        max: 1
        mean: 0.302537709475
        median: 0
        min: 0
        var: 0.211023613811
    spectral_centroid:
        dmean: 250.613616943
        dmean2: 407.539123535
        dvar: 54298.171875
        dvar2: 129060.671875
        max: 10993.2265625
        mean: 1573.82592773
        median: 1569.32055664
        min: 507.496795654
        var: 135519.984375
    spectral_complexity:
        dmean: 5.30997133255
        dmean2: 8.77264881134
        dvar: 26.8189544678
        dvar2: 65.6603317261
        max: 54
        mean: 17.5033874512
        median: 16
        min: 0
        var: 74.0009841919
    spectral_crest:
        dmean: 2.18803715706
        dmean2: 3.76831316948
        dvar: 5.16243743896
        dvar2: 14.3777523041
        max: 21.7804965973
        mean: 5.69151735306
        median: 4.8285574913
        min: 2.09227585793
        var: 8.09338092804
    spectral_decrease:
        dmean: 4.02642558184e-010
        dmean2: 6.9596034491e-010
        dvar: 3.09778234672e-019
        dvar2: 8.05012275534e-019
        max: 5.39720561315e-029
        mean: -1.0644101156e-009
        median: -8.47191261588e-010
        min: -5.20199572307e-009
        var: 4.2005017327e-019
    spectral_energy:
        dmean: 0.00171791284811
        dmean2: 0.00296026468277
        dvar: 5.38074118595e-006
        dvar2: 1.38904206324e-005
        max: 0.0214879196137
        mean: 0.00467944983393
        median: 0.00375167722814
        min: 1.0597716839e-020
        var: 7.84039366408e-006
    spectral_energyband_high:
        dmean: 0.000172764644958
        dmean2: 0.000292146258289
        dvar: 4.88683120636e-008
        dvar2: 1.22737631614e-007
        max: 0.00300776632503
        mean: 0.000368308916222
        median: 0.000283231609501
        min: 7.97165265427e-021
        var: 8.11458562566e-008
    spectral_energyband_low:
        dmean: 0.000291098724119
        dmean2: 0.000520603498444
        dvar: 1.63416402188e-007
        dvar2: 4.52197014056e-007
        max: 0.00275237858295
        mean: 0.000353332987288
        median: 0.00024736233172
        min: 1.06805910064e-022
        var: 1.36653127925e-007
    spectral_energyband_middle_high:
        dmean: 0.000726487254724
        dmean2: 0.00120244896971
        dvar: 6.91103537065e-007
        dvar2: 1.69987811205e-006
        max: 0.0178933180869
        mean: 0.00226733204909
        median: 0.0018481630832
        min: 1.35743367746e-021
        var: 2.23444999392e-006
    spectral_energyband_middle_low:
        dmean: 0.00100159225985
        dmean2: 0.00173402880318
        dvar: 2.78227025774e-006
        dvar2: 7.57211773816e-006
        max: 0.0154396547005
        mean: 0.00182055158075
        median: 0.0013693672372
        min: 3.449559744e-022
        var: 2.67148220701e-006
    spectral_flatness_db:
        dmean: 0.0129264052957
        dmean2: 0.0208148658276
        dvar: 0.000134775822517
        dvar2: 0.000352652423317
        max: 0.270680516958
        mean: 0.112656183541
        median: 0.104752488434
        min: 0.057451646775
        var: 0.000928761146497
    spectral_flux:
        dmean: 0.00866184290498
        dmean2: 0.014318542555
        dvar: 0.00010591976752
        dvar2: 0.000216140586417
        max: 0.119430832565
        mean: 0.0438268147409
        median: 0.041127551347
        min: 5.80274754611e-005
        var: 0.000237128799199
    spectral_kurtosis:
        dmean: 0.877133309841
        dmean2: 1.45132029057
        dvar: 0.73888450861
        dvar2: 2.09637022018
        max: 14.0646715164
        mean: 3.34674286842
        median: 3.18042826653
        min: -1.19530963898
        var: 1.51798343658
    spectral_rms:
        dmean: 0.000362047489034
        dmean2: 0.00061476737028
        dvar: 1.73962874328e-007
        dvar2: 4.41190536549e-007
        max: 0.00457862671465
        mean: 0.00205091806129
        median: 0.00191315787379
        min: 3.21546825624e-012
        var: 3.5905222262e-007
    spectral_rolloff:
        dmean: 418.76272583
        dmean2: 686.787414551
        dvar: 169435.5625
        dvar2: 401572.96875
        max: 18518.5546875
        mean: 3176.98046875
        median: 3186.9140625
        min: 366.064453125
        var: 373829.75
    spectral_skewness:
        dmean: 0.154730647802
        dmean2: 0.25348263979
        dvar: 0.0194549355656
        dvar2: 0.0499731898308
        max: 2.9672036171
        mean: 1.46790897846
        median: 1.46554708481
        min: -0.0272551272064
        var: 0.0547985173762
    spectral_spread:
        dmean: 507974.84375
        dmean2: 746500.375
        dvar: 336721379328
        dvar2: 556976504832
        max: 40816456
        mean: 5170155
        median: 5190952.5
        min: 2473202.75
        var: 1.28266128589e+012
    spectral_strongpeak:
        dmean: 0.261279851198
        dmean2: 0.455642223358
        dvar: 0.149815768003
        dvar2: 0.400683909655
        max: 8.88472175598
        mean: 0.343992859125
        median: 0.192828401923
        min: 4.23120383175e-009
        var: 0.20041885972
    zerocrossingrate:
        dmean: 0.00773545634001
        dmean2: 0.00981286074966
        dvar: 5.7628894865e-005
        dvar2: 7.96169697423e-005
        max: 0.47119140625
        mean: 0.0930158793926
        median: 0.0927734375
        min: 0.03466796875
        var: 0.000256450060988
    barkbands:
        dmean: [1.43866645885e-006, 6.84607002768e-005, 0.000166993107996, 0.000155991539941, 0.000658110482618, 0.000252999161603, 6.82464160491e-005, 9.58175878623e-005, 0.000169512204593, 0.000143198092701, 0.000106965468149, 0.000113411661005, 0.000102707039332, 8.23575028335e-005, 9.27209912334e-005, 0.000135358277475, 0.000131085544126, 0.000129104140797, 0.000167799487826, 0.000140995165566, 8.57975828694e-005, 3.66694293916e-005, 5.97151301918e-006, 3.41097961609e-006, 1.90666196431e-006, 7.94963668227e-008, 7.77915065697e-010]
        dmean2: [2.25300072998e-006, 0.000116856244858, 0.000302341883071, 0.00027863853029, 0.00115426536649, 0.000431083142757, 0.000116014787636, 0.000163478442119, 0.000286366441287, 0.000242552952841, 0.00017898149963, 0.000188566162251, 0.000169813676621, 0.000139341937029, 0.000153893226525, 0.000226713847951, 0.000219922236283, 0.000217472392251, 0.000289628107566, 0.000237872765865, 0.000146341888467, 6.30430877209e-005, 9.77002491709e-006, 5.65171603739e-006, 3.0207306736e-006, 1.20187564789e-007, 1.19003673582e-009]
        dvar: [3.37274522547e-012, 7.71219177409e-009, 5.87705315525e-008, 3.98911588206e-008, 1.77401557266e-006, 1.19529985909e-007, 1.578695219e-008, 2.35427375372e-008, 5.0659075157e-008, 3.34543344138e-008, 3.04441556409e-008, 3.5486760197e-008, 3.67632964071e-008, 1.97751557351e-008, 1.88655899791e-008, 2.94751618668e-008, 3.30879004196e-008, 3.16150092772e-008, 6.36852632852e-008, 3.47916753185e-008, 1.25464518774e-008, 2.19316609318e-009, 8.94532711793e-011, 2.3287909795e-011, 1.38775041805e-011, 2.4973717823e-014, 3.0525276573e-018]
        dvar2: [7.96238682627e-012, 2.14475264215e-008, 1.63403015563e-007, 1.09877419163e-007, 4.90659112984e-006, 3.2315011822e-007, 4.21981454224e-008, 6.22778912884e-008, 1.34027089871e-007, 8.94454004197e-008, 7.35450385037e-008, 8.92854075119e-008, 9.1079400022e-008, 4.92515788153e-008, 4.3456758192e-008, 6.19497271259e-008, 7.73417667688e-008, 7.61804415106e-008, 1.66722884387e-007, 8.8532914333e-008, 3.22811111175e-008, 5.53085932609e-009, 2.03822722589e-010, 5.87841858524e-011, 3.35491669168e-011, 5.59863570435e-014, 6.30966216143e-018]
        max: [1.47424289025e-005, 0.00102523411624, 0.00187182147056, 0.00359571655281, 0.012437440455, 0.00505895540118, 0.00254531251267, 0.00244563701563, 0.00418121507391, 0.00325574073941, 0.00457229651511, 0.0042297965847, 0.00414524972439, 0.0040372684598, 0.00398770114407, 0.00861628819257, 0.00947670359164, 0.00445581227541, 0.0115302642807, 0.00242818635888, 0.00173250515945, 0.000815540726762, 0.000185887736734, 9.90213593468e-005, 0.000120732955111, 4.37036760559e-006, 3.27047580129e-008]
        mean: [1.43346596815e-006, 8.9618297352e-005, 0.000173514621565, 0.000162402604474, 0.000720340874977, 0.000388274493162, 8.92300886335e-005, 0.000122853685752, 0.000271104247076, 0.000228819219046, 0.000177285051905, 0.000199868314667, 0.000173183259903, 0.00013366631174, 0.000177154259291, 0.000271625438472, 0.000243893140578, 0.000246725394391, 0.000305552326608, 0.000258006766671, 0.00016068322293, 6.34355965303e-005, 1.09610182335e-005, 6.1657419792e-006, 3.49576112058e-006, 1.54950640763e-007, 1.33238942102e-009]
        median: [4.88286275413e-007, 6.19771526544e-005, 9.96483577183e-005, 9.87632447504e-005, 0.000364746840205, 0.000259502383415, 4.866875679e-005, 6.89879161655e-005, 0.000190520280739, 0.000156702313689, 0.000115763803478, 0.000127698367578, 9.3861053756e-005, 7.88733013906e-005, 0.000132681700052, 0.000217172666453, 0.000182753021363, 0.000175674940692, 0.000227788827033, 0.000187645913684, 0.000117658790259, 4.41305310233e-005, 7.73294232204e-006, 4.62747493657e-006, 2.34609592553e-006, 9.09114561409e-008, 6.74831135417e-010]
        min: [2.16074760625e-023, 2.29872805604e-023, 7.51498685701e-023, 1.2269164703e-023, 4.94408695809e-023, 2.92447082763e-023, 8.22105775686e-023, 9.51492280115e-023, 5.83704310846e-023, 6.96502332615e-023, 4.3421696791e-023, 8.55806292211e-023, 1.95242897337e-022, 4.79610106989e-023, 1.43224942241e-022, 1.21259873953e-022, 1.31123664494e-022, 2.03089627342e-022, 2.48372489977e-022, 2.26087182027e-022, 4.1959079884e-022, 4.66372699144e-022, 8.40343406778e-022, 7.87748018121e-022, 9.48537560573e-022, 1.65170237258e-021, 2.86510443757e-021]
        var: [4.01441943923e-012, 8.56558912687e-009, 4.70897774107e-008, 3.67976475957e-008, 1.44032685512e-006, 1.91262188309e-007, 2.06936494607e-008, 2.95356201718e-008, 7.70774164494e-008, 5.69426745756e-008, 6.4927853316e-008, 7.05478910845e-008, 7.79327109512e-008, 3.94062347198e-008, 3.69732546801e-008, 9.14311399924e-008, 8.70984280255e-008, 6.83436454096e-008, 8.26841528578e-008, 5.16272677942e-008, 1.93411402449e-008, 3.70763109103e-009, 1.60713248265e-010, 3.62232153994e-011, 1.95970843719e-011, 4.6170485241e-014, 5.46083009634e-018]
    frequency_bands:
        dmean: [1.43866645885e-006, 6.84607002768e-005, 0.000166993107996, 0.000155991539941, 0.000658110482618, 0.000252999161603, 6.82464160491e-005, 9.58175878623e-005, 0.000169512204593, 0.000143198092701, 0.000106965468149, 0.000113411661005, 0.000102707039332, 8.23575028335e-005, 9.27209912334e-005, 0.000135358277475, 0.000131085544126, 0.000129104140797, 0.000167799487826, 0.000140995165566, 8.57975828694e-005, 3.66694293916e-005, 5.97151301918e-006, 3.41097961609e-006, 1.90666196431e-006, 7.94963668227e-008, 7.77915065697e-010, 5.55236377708e-011]
        dmean2: [2.25300072998e-006, 0.000116856244858, 0.000302341883071, 0.00027863853029, 0.00115426536649, 0.000431083142757, 0.000116014787636, 0.000163478442119, 0.000286366441287, 0.000242552952841, 0.00017898149963, 0.000188566162251, 0.000169813676621, 0.000139341937029, 0.000153893226525, 0.000226713847951, 0.000219922236283, 0.000217472392251, 0.000289628107566, 0.000237872765865, 0.000146341888467, 6.30430877209e-005, 9.77002491709e-006, 5.65171603739e-006, 3.0207306736e-006, 1.20187564789e-007, 1.19003673582e-009, 1.03595493295e-010]
        dvar: [3.37274522547e-012, 7.71219177409e-009, 5.87705315525e-008, 3.98911588206e-008, 1.77401557266e-006, 1.19529985909e-007, 1.578695219e-008, 2.35427375372e-008, 5.0659075157e-008, 3.34543344138e-008, 3.04441556409e-008, 3.5486760197e-008, 3.67632964071e-008, 1.97751557351e-008, 1.88655899791e-008, 2.94751618668e-008, 3.30879004196e-008, 3.16150092772e-008, 6.36852632852e-008, 3.47916753185e-008, 1.25464518774e-008, 2.19316609318e-009, 8.94532711793e-011, 2.3287909795e-011, 1.38775041805e-011, 2.4973717823e-014, 3.0525276573e-018, 7.24806429654e-021]
        dvar2: [7.96238682627e-012, 2.14475264215e-008, 1.63403015563e-007, 1.09877419163e-007, 4.90659112984e-006, 3.2315011822e-007, 4.21981454224e-008, 6.22778912884e-008, 1.34027089871e-007, 8.94454004197e-008, 7.35450385037e-008, 8.92854075119e-008, 9.1079400022e-008, 4.92515788153e-008, 4.3456758192e-008, 6.19497271259e-008, 7.73417667688e-008, 7.61804415106e-008, 1.66722884387e-007, 8.8532914333e-008, 3.22811111175e-008, 5.53085932609e-009, 2.03822722589e-010, 5.87841858524e-011, 3.35491669168e-011, 5.59863570435e-014, 6.30966216143e-018, 2.34005970247e-020]
        max: [1.47424289025e-005, 0.00102523411624, 0.00187182147056, 0.00359571655281, 0.012437440455, 0.00505895540118, 0.00254531251267, 0.00244563701563, 0.00418121507391, 0.00325574073941, 0.00457229651511, 0.0042297965847, 0.00414524972439, 0.0040372684598, 0.00398770114407, 0.00861628819257, 0.00947670359164, 0.00445581227541, 0.0115302642807, 0.00242818635888, 0.00173250515945, 0.000815540726762, 0.000185887736734, 9.90213593468e-005, 0.000120732955111, 4.37036760559e-006, 3.27047580129e-008, 1.1932529409e-009]
        mean: [1.43346596815e-006, 8.9618297352e-005, 0.000173514621565, 0.000162402604474, 0.000720340874977, 0.000388274493162, 8.92300886335e-005, 0.000122853685752, 0.000271104247076, 0.000228819219046, 0.000177285051905, 0.000199868314667, 0.000173183259903, 0.00013366631174, 0.000177154259291, 0.000271625438472, 0.000243893140578, 0.000246725394391, 0.000305552326608, 0.000258006766671, 0.00016068322293, 6.34355965303e-005, 1.09610182335e-005, 6.1657419792e-006, 3.49576112058e-006, 1.54950640763e-007, 1.33238942102e-009, 4.23186381771e-011]
        median: [4.88286275413e-007, 6.19771526544e-005, 9.96483577183e-005, 9.87632447504e-005, 0.000364746840205, 0.000259502383415, 4.866875679e-005, 6.89879161655e-005, 0.000190520280739, 0.000156702313689, 0.000115763803478, 0.000127698367578, 9.3861053756e-005, 7.88733013906e-005, 0.000132681700052, 0.000217172666453, 0.000182753021363, 0.000175674940692, 0.000227788827033, 0.000187645913684, 0.000117658790259, 4.41305310233e-005, 7.73294232204e-006, 4.62747493657e-006, 2.34609592553e-006, 9.09114561409e-008, 6.74831135417e-010, 1.60920964054e-011]
        min: [2.16074760625e-023, 2.29872805604e-023, 7.51498685701e-023, 1.2269164703e-023, 4.94408695809e-023, 2.92447082763e-023, 8.22105775686e-023, 9.51492280115e-023, 5.83704310846e-023, 6.96502332615e-023, 4.3421696791e-023, 8.55806292211e-023, 1.95242897337e-022, 4.79610106989e-023, 1.43224942241e-022, 1.21259873953e-022, 1.31123664494e-022, 2.03089627342e-022, 2.48372489977e-022, 2.26087182027e-022, 4.1959079884e-022, 4.66372699144e-022, 8.40343406778e-022, 7.87748018121e-022, 9.48537560573e-022, 1.65170237258e-021, 2.86510443757e-021, 6.56877836724e-022]
        var: [4.01441943923e-012, 8.56558912687e-009, 4.70897774107e-008, 3.67976475957e-008, 1.44032685512e-006, 1.91262188309e-007, 2.06936494607e-008, 2.95356201718e-008, 7.70774164494e-008, 5.69426745756e-008, 6.4927853316e-008, 7.05478910845e-008, 7.79327109512e-008, 3.94062347198e-008, 3.69732546801e-008, 9.14311399924e-008, 8.70984280255e-008, 6.83436454096e-008, 8.26841528578e-008, 5.16272677942e-008, 1.93411402449e-008, 3.70763109103e-009, 1.60713248265e-010, 3.62232153994e-011, 1.95970843719e-011, 4.6170485241e-014, 5.46083009634e-018, 5.41633301066e-021]
    mfcc:
        mean: [-680.903259277, 103.022781372, -48.7988166809, 38.1420631409, -15.3271684647, 0.0734884515405, 0.085817091167, -3.4433927536, 0.273891508579, -8.80579185486, -10.122376442, -9.30802059174, -5.82971143723]
        cov: [[1894.80456543, -136.981338501, 339.842651367, 139.499191284, 80.1206436157, 128.643157959, 71.6025085449, 43.1162414551, 33.5273399353, 86.3319168091, 4.62036180496, 81.4613800049, 48.5015869141], [-136.981338501, 285.338592529, -55.7793464661, 51.5479316711, 0.100981831551, -8.03122997284, -26.9579792023, -26.3152008057, -8.01016330719, -16.4369888306, -11.7617139816, -8.95654296875, 12.7187433243], [339.842651367, -55.7793464661, 299.849578857, 92.1297225952, 96.6382904053, 47.4688110352, 53.7202529907, 11.6278715134, 35.9765052795, 30.6307468414, -23.752746582, 13.8379440308, 28.6124095917], [139.499191284, 51.5479316711, 92.1297225952, 146.84954834, 63.7958831787, 45.5814285278, 17.0797653198, 9.72376060486, 26.4604034424, 18.969455719, -9.75203609467, 0.903982639313, 17.3340816498], [80.1206436157, 0.100981831551, 96.6382904053, 63.7958831787, 145.683242798, 43.8486061096, 54.6815719604, 13.5069026947, 53.1382141113, 34.1848678589, 6.51740884781, 12.0261611938, 19.8933048248], [128.643157959, -8.03122997284, 47.4688110352, 45.5814285278, 43.8486061096, 81.5388259888, 35.0674438477, 19.288690567, 18.4368247986, 19.8237571716, 8.43517684937, 13.5751390457, 11.1202039719], [71.6025085449, -26.9579792023, 53.7202529907, 17.0797653198, 54.6815719604, 35.0674438477, 98.4493560791, 40.4712409973, 40.9464149475, 27.0085830688, 10.2876138687, 14.2038574219, 13.1277627945], [43.1162414551, -26.3152008057, 11.6278715134, 9.72376060486, 13.5069026947, 19.288690567, 40.4712409973, 73.7659378052, 37.3075370789, 18.8631267548, 14.737039566, 14.58319664, 0.359741508961], [33.5273399353, -8.01016330719, 35.9765052795, 26.4604034424, 53.1382141113, 18.4368247986, 40.9464149475, 37.3075370789, 84.4006195068, 35.8706436157, 13.2615242004, 8.0344877243, 13.6617822647], [86.3319168091, -16.4369888306, 30.6307468414, 18.969455719, 34.1848678589, 19.8237571716, 27.0085830688, 18.8631267548, 35.8706436157, 61.3176612854, 22.2705764771, 13.3731679916, 8.81280326843], [4.62036180496, -11.7617139816, -23.752746582, -9.75203609467, 6.51740884781, 8.43517684937, 10.2876138687, 14.737039566, 13.2615242004, 22.2705764771, 52.8438682556, 23.1941356659, 0.829953491688], [81.4613800049, -8.95654296875, 13.8379440308, 0.903982639313, 12.0261611938, 13.5751390457, 14.2038574219, 14.58319664, 8.0344877243, 13.3731679916, 23.1941356659, 53.8048667908, 20.6782360077], [48.5015869141, 12.7187433243, 28.6124095917, 17.3340816498, 19.8933048248, 11.1202039719, 13.1277627945, 0.359741508961, 13.6617822647, 8.81280326843, 0.829953491688, 20.6782360077, 50.1534118652]]
        icov: [[0.000784390897024, 0.000230921257753, -0.0007072352455, -0.000324011023622, 0.000482205330627, -0.000687866238877, 0.000104139318864, -2.52219729191e-006, 0.000258424901403, -0.000745233381167, 0.000291933538392, -0.000929446716327, 7.12879191269e-005], [0.000230921257753, 0.00470081623644, 0.00152477051597, -0.0028965449892, -0.000111378052679, 0.000564562389627, 0.000180059490958, 0.00136694777757, -0.000251846766332, 0.000624626525678, 0.000649979745504, -0.000329749454977, -0.00133808807004], [-0.0007072352455, 0.00152477051597, 0.00662601320073, -0.00260264612734, -0.00240770820528, 0.000613125623204, -0.00145654811058, 0.000918325560633, 2.25050480367e-005, -0.000657042604871, 0.00382337556221, -0.000937115051784, -0.000957167416345], [-0.000324011023622, -0.0028965449892, -0.00260264612734, 0.0126230418682, -0.0028362898156, -0.00453609647229, 0.00292627583258, -0.00219237757847, -0.000474292930448, -0.000993532594293, 0.00120958860498, 0.00228849309497, -0.00110933778342], [0.000482205330627, -0.000111378052679, -0.00240770820528, -0.0028362898156, 0.0138493673876, -0.00265194824897, -0.00429479824379, 0.00452029099688, -0.00565532920882, -0.00111922016367, -0.000974080699962, -0.00119000731502, 0.000346141634509], [-0.000687866238877, 0.000564562389627, 0.000613125623204, -0.00453609647229, -0.00265194824897, 0.0191549360752, -0.00394012965262, -0.00177012511995, 0.00242487387732, -0.000728236336727, -0.00175232521724, -0.000879807164893, -0.000551983364858], [0.000104139318864, 0.000180059490958, -0.00145654811058, 0.00292627583258, -0.00429479824379, -0.00394012965262, 0.0185061134398, -0.00748828891665, -0.00156179757323, -0.00149865832645, 0.000381348771043, 0.000536162755452, -0.00207854923792], [-2.52219729191e-006, 0.00136694777757, 0.000918325560633, -0.00219237757847, 0.00452029099688, -0.00177012511995, -0.00748828891665, 0.0236426535994, -0.00939398817718, 0.000939835445024, -0.000897036516108, -0.00527630141005, 0.00486365379766], [0.000258424901403, -0.000251846766332, 2.25050480367e-005, -0.000474292930448, -0.00565532920882, 0.00242487387732, -0.00156179757323, -0.00939398817718, 0.0237485636026, -0.00803242810071, -0.00110449187923, 0.00382351246662, -0.00446907291189], [-0.000745233381167, 0.000624626525678, -0.000657042604871, -0.000993532594293, -0.00111922016367, -0.000728236336727, -0.00149865832645, 0.000939835445024, -0.00803242810071, 0.0276106931269, -0.00997609551996, 0.000852400902659, -0.00057853735052], [0.000291933538392, 0.000649979745504, 0.00382337556221, 0.00120958860498, -0.000974080699962, -0.00175232521724, 0.000381348771043, -0.000897036516108, -0.00110449187923, -0.00997609551996, 0.0318639986217, -0.013432841748, 0.00469997152686], [-0.000929446716327, -0.000329749454977, -0.000937115051784, 0.00228849309497, -0.00119000731502, -0.000879807164893, 0.000536162755452, -0.00527630141005, 0.00382351246662, 0.000852400902659, -0.013432841748, 0.031847614795, -0.0128090530634], [7.12879191269e-005, -0.00133808807004, -0.000957167416345, -0.00110933778342, 0.000346141634509, -0.000551983364858, -0.00207854923792, 0.00486365379766, -0.00446907291189, -0.00057853735052, 0.00469997152686, -0.0128090530634, 0.0281553864479]]
    sccoeffs:
        dmean: [0.0633775368333, 0.0509797409177, 0.0367604903877, 0.0273221377283, 0.0178865883499, 0.0170874726027]
        dmean2: [0.105748832226, 0.0869115740061, 0.0629060715437, 0.046701464802, 0.030217340216, 0.0276131592691]
        dvar: [0.00290551409125, 0.00152873923071, 0.000776436994784, 0.000441923533799, 0.000196551976842, 0.000199945949134]
        dvar2: [0.00771754933521, 0.0044441674836, 0.00224676495418, 0.00125409185421, 0.000551426724996, 0.000503760878928]
        max: [-0.279284149408, -0.486789494753, -0.613700270653, -0.627483427525, -0.620377004147, -0.619154691696]
        mean: [-0.679057121277, -0.767677247524, -0.805352270603, -0.808117508888, -0.814303994179, -0.75900810957]
        median: [-0.689194321632, -0.772755086422, -0.808888971806, -0.811513841152, -0.816642463207, -0.763732016087]
        min: [-0.991891145706, -0.994419693947, -0.958532094955, -0.96834397316, -0.956695437431, -0.959392607212]
        var: [0.0067676641047, 0.00317820440978, 0.00149180158041, 0.000941700534895, 0.000481795490487, 0.000939092074987]
    scvalleys:
        dmean: [0.406563162804, 0.37506121397, 0.289836108685, 0.244084566832, 0.23780888319, 0.306624442339]
        dmean2: [0.675023853779, 0.627043306828, 0.488130003214, 0.405398726463, 0.392600923777, 0.477728486061]
        dvar: [0.126615211368, 0.116752065718, 0.0720856189728, 0.0580617375672, 0.0703974291682, 0.121267408133]
        dvar2: [0.314461052418, 0.277723103762, 0.151197016239, 0.112508140504, 0.133153170347, 0.259683728218]
        max: [-5.03610706329, -4.49669265747, -4.98745965958, -5.35894727707, -5.65799713135, -7.77592086792]
        mean: [-6.62176990509, -6.35173606873, -6.22563123703, -6.59892511368, -6.76835489273, -9.25977325439]
        median: [-6.38069820404, -6.32387971878, -6.19313240051, -6.57916212082, -6.74424695969, -9.12353038788]
        min: [-27.5750827789, -26.9151878357, -27.2831382751, -26.946762085, -27.3216705322, -27.2786922455]
        var: [1.0871912241, 0.337641775608, 0.231896713376, 0.207727000117, 0.232008829713, 0.51211643219]

rhythm:
    beats_loudness:
        dmean: 0.00343592884019
        dmean2: 0.00658830115572
        dvar: 7.24827532395e-006
        dvar2: 2.55191353062e-005
        max: 0.0140182748437
        mean: 0.00531700346619
        median: 0.00430007558316
        min: 3.39288781106e-005
        var: 9.10646122065e-006
    bpm: 95.6486129761
    bpm_confidence: 0
    first_peak_bpm: 96
    first_peak_spread: 0.59375
    first_peak_weight: 0.286063581705
    onset_rate: 2.89025211334
    second_peak_bpm: 91
    second_peak_spread: 0.375
    second_peak_weight: 0.0855745747685
    beats_loudness_band_ratio:
        dmean: [0.0545931719244, 0.170468226075, 0.0530663020909, 0.0781016871333, 0.0870747119188, 0.0714113935828]
        dmean2: [0.0973526909947, 0.318771630526, 0.0915567800403, 0.137812048197, 0.158982798457, 0.123764045537]
        dvar: [0.00257561169565, 0.0162474289536, 0.00245008384809, 0.00482460903004, 0.00553731806576, 0.00404646154493]
        dvar2: [0.00780453905463, 0.056085396558, 0.00714403530583, 0.0137459235266, 0.017368061468, 0.0112857129425]
        max: [0.430086731911, 0.662862896919, 0.447679668665, 0.711999595165, 0.76105684042, 0.548749864101]
        mean: [0.09433529526, 0.223287642002, 0.111290566623, 0.174926549196, 0.227169707417, 0.207421675324]
        median: [0.082643866539, 0.195670083165, 0.0998769700527, 0.160123005509, 0.213256746531, 0.193596243858]
        min: [0.000646958418656, 0.00230463524349, 0.0207999050617, 0.0300230719149, 0.0584960728884, 0.0243095867336]
        var: [0.00352146220393, 0.0210992470384, 0.00337978126481, 0.00644339714199, 0.00780589738861, 0.00666922936216]
    beats_position: [0.603718817234, 1.21904754639, 1.83437633514, 2.4497051239, 3.06503391266, 3.66875267029, 4.27247142792, 4.8994102478, 5.53795909882, 6.1648979187, 6.78022670746, 7.40716552734, 8.03410434723, 8.66104316711, 9.287981987, 9.89170074463, 10.5070295334, 11.1223583221, 11.749297142, 12.3530158997, 12.9799547195, 13.5836734772, 14.2106122971, 14.8375511169, 15.4644899368, 16.0798187256, 16.6951465607, 17.3220863342, 17.9490242004, 18.5643539429, 19.179681778, 19.8066215515, 20.4335594177, 21.0488891602, 21.6642169952, 22.2795467377, 22.9064846039, 23.5218143463, 24.1371421814, 24.7524719238, 25.3677997589, 25.9831295013, 26.6100673676, 27.2370071411, 27.8639450073, 28.4676647186, 29.0946025848, 29.7215423584, 30.3484802246, 30.9638080597, 31.5791378021, 32.2176856995, 32.8562355042, 33.4831733704, 34.1101112366, 34.7370529175, 35.3639907837, 35.9793205261, 36.5946464539, 37.2215881348, 37.848526001, 38.4638557434, 39.0791816711, 39.7061233521, 40.3330612183, 40.9599990845, 41.5637168884, 42.1790466309, 42.8059844971, 43.4445343018, 44.071472168, 44.7100219727, 45.3485717773, 45.9755096436, 46.6024475098, 47.2177772522, 47.8331069946, 48.4600448608, 49.0869827271, 49.7023124695, 50.3292503357, 50.9445800781, 51.5715179443, 52.1984558105, 52.8253974915, 53.4755554199, 54.1141014099, 54.7642631531, 55.4260292053, 56.0761909485, 56.726348877, 57.3765068054, 58.0382766724, 58.7000427246, 59.3269844055, 59.9539222717, 60.5808601379, 61.2077980042, 61.8347396851, 62.4616775513, 63.100227356, 63.7387733459, 64.3657150269, 64.9926528931, 65.6312026978, 66.2697525024, 66.9082946777, 67.5584564209, 68.1970062256, 68.7891159058, 69.3812255859, 69.9733352661, 70.5654373169, 71.1691589355, 71.7612686157, 72.3533782959, 72.9454879761, 73.5375976563, 74.1180953979, 74.7102050781, 75.3023147583, 75.8944168091, 76.4865264893, 77.0670318604, 77.6475296021, 78.2280273438, 78.8201370239, 79.4122467041, 80.0043487549, 80.619682312, 81.2350082397, 81.8503417969, 82.4772796631, 83.1042175293, 83.7311553955, 84.3580932617, 84.9850311279, 85.6119689941, 86.2505187988, 86.8890686035, 87.5160064697, 88.1545562744, 88.7931060791, 89.4316558838, 90.0702056885, 90.7087478638, 91.3356933594, 91.9742355347, 92.6127853394, 93.251335144, 93.8898849487, 94.5284347534, 95.1669845581, 95.8055343628, 96.4440765381, 97.0594100952, 97.6631240845, 98.2436294556, 98.8241271973, 99.3930130005, 99.9619064331, 100.542404175, 101.122901917, 101.715011597, 102.307121277, 102.887619019, 103.46811676, 104.048614502, 104.629112244, 105.209609985, 105.778503418, 106.35900116, 106.939498901, 107.531608582, 108.112106323, 108.692604065, 109.273101807, 109.853607178, 110.434104919, 111.0262146, 111.606712341, 112.187210083, 112.779319763, 113.359817505, 113.940315247, 114.520812988, 115.10131073, 115.69342041, 116.28553009, 116.866027832, 117.446525574, 118.027030945, 118.607528687, 119.211242676, 119.814964294, 120.441902161, 121.057228088, 121.672561646, 122.276275635, 122.90322113, 123.530158997, 124.157096863, 124.784034729, 125.399360657, 126.014694214, 126.64163208, 127.280181885, 127.91872406, 128.545669556, 129.172607422, 129.799545288, 130.426483154, 131.053421021, 131.680358887, 132.307296753, 132.945846558, 133.572784424, 134.211334229, 134.838272095, 135.465209961, 136.103759766, 136.74230957, 137.380859375, 138.01940918, 138.646347046, 139.273284912, 139.88861084, 140.503936768, 141.119277954, 141.722991943, 142.338317871, 142.953643799, 143.568969727, 144.184310913, 144.799636841, 145.414962769, 146.030288696, 146.657226563, 147.27255249, 147.911102295, 148.5496521, 149.199813843, 149.849975586, 150.500137329, 151.138687134, 151.765625, 152.392562866, 153.019500732, 153.646438599, 154.273376465, 154.900314331, 155.527252197, 156.142578125, 156.757904053, 157.373245239, 158.000183105, 158.627120972, 159.265670776, 159.892608643, 160.50793457, 161.123260498, 161.750198364, 162.365524292, 162.980865479, 163.607803345, 164.234741211, 164.861679077, 165.488616943, 166.103942871, 166.719268799, 167.346206665, 167.973144531, 168.576873779, 169.203811646, 169.830749512, 170.457687378, 171.084625244, 171.71156311, 172.326889038, 172.942214966, 173.569152832, 174.196090698, 174.823028564, 175.449981689, 176.076919556, 176.692245483, 177.31918335, 177.957733154, 178.584671021, 179.199996948, 179.838546753, 180.488708496, 181.127258301, 181.789016724, 182.462402344, 183.135772705, 183.809158325, 184.459320068, 185.121078491, 185.782852173, 186.433013916, 187.071563721, 187.710113525, 188.360275269, 189.010421753, 189.660583496, 190.322357178, 190.984130859, 191.645889282, 192.307662964, 192.969436646, 193.631195068, 194.281356812, 194.943130493, 195.604888916, 196.266662598, 196.916824341, 197.566986084, 198.228744507, 198.87890625, 199.529067993, 200.179229736, 200.829391479, 201.479537964, 202.152923584, 202.826293945, 203.499679565, 204.173049927, 204.834823608, 205.519821167, 206.169967651, 206.831741333, 207.493515015, 208.166885376, 208.828659058, 209.502029419, 210.163803101, 210.825576782, 211.464126587, 212.11428833, 212.776046753, 213.437820435, 214.111190796, 214.784576416, 215.457962036, 216.119720459, 216.781494141, 217.431655884, 218.081817627, 218.755187988, 219.428573608, 220.090332031, 220.752105713, 221.402267456, 222.075637817, 222.725799561, 223.375961304, 224.037734985, 224.699493408, 225.36126709, 226.023040771, 226.696411133, 227.369796753, 228.019943237, 228.693328857, 229.366714478, 230.040084839, 230.690246582, 231.317184448, 231.920898438, 232.547836304, 233.17477417, 233.790115356, 234.405441284, 235.009155273, 235.612869263, 236.239807129, 236.855148315, 237.482086182, 238.109024048, 238.724349976, 239.351287842, 239.989837646, 240.628387451, 241.255325317, 241.882263184, 242.50920105, 243.136138916, 243.751464844, 244.355194092, 244.97052002, 245.585845947, 246.212783813, 246.874557495, 247.536315918, 248.1980896, 248.848251343, 249.498413086, 250.14855957, 250.798721313, 251.379226685, 251.959716797, 252.540222168, 253.085891724, 253.619949341, 254.165618896, 254.699676514, 255.233734131, 255.767791748, 256.313476563]
