
metadata:
    version:
        essentia: "2.1-beta2"
    audio_properties:
        analysis_sample_rate: 44100
        bitrate: 272
        channels: 2
        equal_loudness: 1
        length: 353.488983154
        replay_gain: -13.7303295135
        downmix: "mix"
    tags:
        album: "L'Enfant Sauvage"
        artist: "Gojira"
        comment: "Live at les Eurockéennes 2009."
        date: "2012"
        genre: "Metal"
        title: "Clone"
        tracknumber: "8/11"

configuration:
    average_loudness:
        compute: 1
        frameSize: 88200
        hopSize: 44100
        silentFrames: "noise"
        windowType: "hann"
    general:
        analysisSampleRate: 44100
        endTime: 2000
        equalLoudness: 1
        nequalLoudness: 0
        shortSound: 0
        startTime: 0
    lowlevel:
        compute: 1
        frameSize: 2048
        hopSize: 1024
        zeroPadding: 0
        silentFrames: "noise"
        windowType: "blackmanharris62"
        mfccStats: ["mean", "cov", "icov"]
        stats: ["mean", "var", "median", "min", "max", "dmean", "dmean2", "dvar", "dvar2"]
    panning:
        compute: 0
        frameSize: 8192
        hopSize: 2048
        zeroPadding: 8192
        silentFrames: "noise"
        windowType: "hann"
        stats: ["copy"]
    rhythm:
        compute: 1
        maxTempo: 208
        minTempo: 40
        method: "degara"
        stats: ["mean", "var", "median", "min", "max", "dmean", "dmean2", "dvar", "dvar2"]
    segmentation:
        compute: 0
        cpw: 5
        inc1: 300
        inc2: 50
        minimumSegmentsLength: 10
        size1: 1000
        size2: 600
    sfx:
        compute: 1
        stats: ["mean", "var", "median", "min", "max", "dmean", "dmean2", "dvar", "dvar2"]
    svm:
        compute: 0
    tonal:
        compute: 1
        frameSize: 4096
        hopSize: 2048
        zeroPadding: 0
        silentFrames: "noise"
        windowType: "blackmanharris62"
        stats: ["mean", "var", "median", "min", "max", "dmean", "dmean2", "dvar", "dvar2"]

lowlevel:
    average_loudness: 0.858757734299
    barkbands_kurtosis:
        dmean: 0.447649270296
        dmean2: 0.751764774323
        dvar: 0.580215632915
        dvar2: 1.48930025101
        max: 23.660451889
        mean: -0.884379327297
        median: -1.14617991447
        min: -1.93236088753
        var: 0.985337615013
    barkbands_skewness:
        dmean: 0.335514128208
        dmean2: 0.539471626282
        dvar: 0.104137659073
        dvar2: 0.263077139854
        max: 4.23110532761
        mean: 0.25759524107
        median: 0.209847167134
        min: -3.44478416443
        var: 0.320450365543
    barkbands_spread:
        dmean: 4.61691522598
        dmean2: 7.49681568146
        dvar: 20.279132843
        dvar2: 51.8177833557
        max: 79.5531692505
        mean: 31.6672019958
        median: 32.098236084
        min: 3.73306918144
        var: 79.7901992798
    dissonance:
        dmean: 0.0108695793897
        dmean2: 0.0187290981412
        dvar: 0.000118167670735
        dvar2: 0.000331795250531
        max: 0.500000059605
        mean: 0.482717573643
        median: 0.485805273056
        min: 0.273662388325
        var: 0.000186139208381
    hfc:
        dmean: 2.07025098801
        dmean2: 3.38139224052
        dvar: 10.1867761612
        dvar2: 25.0812587738
        max: 46.506603241
        mean: 6.58023500443
        median: 4.87976455688
        min: 1.09095802257e-014
        var: 23.7580089569
    pitch:
        dmean: 491.626922607
        dmean2: 935.61706543
        dvar: 980954.3125
        dvar2: 2619441
        max: 5261.60693359
        mean: 585.101135254
        median: 285.269714355
        min: 58.9316368103
        var: 844129.0625
    pitch_instantaneous_confidence:
        dmean: 0.0633129328489
        dmean2: 0.105882763863
        dvar: 0.00332851801068
        dvar2: 0.00883971527219
        max: 0.886594295502
        mean: 0.27449464798
        median: 0.245080590248
        min: 0.0710734724998
        var: 0.0120767951012
    pitch_salience:
        dmean: 0.0509607158601
        dmean2: 0.0853170529008
        dvar: 0.00204862467945
        dvar2: 0.00560600915924
        max: 0.866030454636
        mean: 0.695139765739
        median: 0.709634780884
        min: 0.203616470098
        var: 0.00558967329562
    silence_rate_20dB:
        dmean: 0
        dmean2: 0
        dvar: 0
        dvar2: 0
        max: 1
        mean: 1
        median: 1
        min: 1
        var: 0
    silence_rate_30dB:
        dmean: 0
        dmean2: 0
        dvar: 0
        dvar2: 0
        max: 1
        mean: 1
        median: 1
        min: 1
        var: 0
    silence_rate_60dB:
        dmean: 0.137283235788
        dmean2: 0.274584501982
        dvar: 0.118421755731
        dvar2: 0.254512190819
        max: 1
        mean: 0.46489328146
        median: 0
        min: 0
        var: 0.248781532049
    spectral_centroid:
        dmean: 237.389724731
        dmean2: 378.546081543
        dvar: 58089.9765625
        dvar2: 135390.546875
        max: 4775.86328125
        mean: 1519.01904297
        median: 1492.53112793
        min: 305.818023682
        var: 175258.90625
    spectral_complexity:
        dmean: 4.3074092865
        dmean2: 7.0252904892
        dvar: 24.2301006317
        dvar2: 57.4956512451
        max: 53
        mean: 15.1584234238
        median: 13
        min: 0
        var: 83.6020278931
    spectral_crest:
        dmean: 1.99006414413
        dmean2: 3.34628772736
        dvar: 4.4792971611
        dvar2: 12.0874433517
        max: 22.346124649
        mean: 6.07951927185
        median: 5.17465829849
        min: 1.99222457409
        var: 9.29658126831
    spectral_decrease:
        dmean: 3.22223026039e-010
        dmean2: 5.40605560317e-010
        dvar: 3.12208026023e-019
        dvar2: 8.03360033959e-019
        max: -6.50875288389e-024
        mean: -9.80207248702e-010
        median: -7.35909111427e-010
        min: -5.835942396e-009
        var: 4.92082560276e-019
    spectral_energy:
        dmean: 0.00137568160426
        dmean2: 0.00229850807227
        dvar: 5.44364502275e-006
        dvar2: 1.38927753142e-005
        max: 0.0241761486977
        mean: 0.0042963870801
        median: 0.00322163011879
        min: 2.55550915521e-017
        var: 9.20113689062e-006
    spectral_energyband_high:
        dmean: 0.000149496787344
        dmean2: 0.000244159484282
        dvar: 5.85001167508e-008
        dvar2: 1.41042676205e-007
        max: 0.00400713505223
        mean: 0.000328073394485
        median: 0.00021708793065
        min: 4.02005150659e-019
        var: 1.07036299823e-007
    spectral_energyband_low:
        dmean: 0.000212408398511
        dmean2: 0.000370792666217
        dvar: 1.34516042749e-007
        dvar2: 3.79539898177e-007
        max: 0.00370804546401
        mean: 0.00032569427276
        median: 0.000237112675677
        min: 1.4154219988e-017
        var: 1.26596816585e-007
    spectral_energyband_middle_high:
        dmean: 0.000624136941042
        dmean2: 0.00101133470889
        dvar: 7.53129711484e-007
        dvar2: 1.84497366718e-006
        max: 0.0135994264856
        mean: 0.00203926418908
        median: 0.00148822227493
        min: 1.71751584449e-018
        var: 2.5824037948e-006
    spectral_energyband_middle_low:
        dmean: 0.000833075144328
        dmean2: 0.00140778790228
        dvar: 2.85428586722e-006
        dvar2: 7.62705667512e-006
        max: 0.0196215435863
        mean: 0.00171696080361
        median: 0.00124172016513
        min: 1.18173652744e-017
        var: 3.069434797e-006
    spectral_flatness_db:
        dmean: 0.0130401533097
        dmean2: 0.0208504088223
        dvar: 0.000162645170349
        dvar2: 0.000401939789299
        max: 0.32353875041
        mean: 0.127689644694
        median: 0.115505717695
        min: 0.0566154979169
        var: 0.00166384782642
    spectral_flux:
        dmean: 0.00741058867425
        dmean2: 0.0120183676481
        dvar: 0.000112398418423
        dvar2: 0.000230872727116
        max: 0.124923832715
        mean: 0.0391965731978
        median: 0.0347830429673
        min: 0.000193141706404
        var: 0.000298441096675
    spectral_kurtosis:
        dmean: 0.984178960323
        dmean2: 1.65660309792
        dvar: 1.0590082407
        dvar2: 2.99324917793
        max: 21.7436943054
        mean: 3.42800283432
        median: 3.21725606918
        min: -1.15129864216
        var: 2.18991398811
    spectral_rms:
        dmean: 0.000289283518214
        dmean2: 0.000476975634228
        dvar: 1.59679558465e-007
        dvar2: 3.99706948429e-007
        max: 0.00485659204423
        mean: 0.001942376839
        median: 0.00177286600228
        min: 1.57898055742e-010
        var: 4.1875901502e-007
    spectral_rolloff:
        dmean: 408.212677002
        dmean2: 665.075500488
        dvar: 199685.90625
        dvar2: 467019.15625
        max: 8613.28125
        mean: 3086.46679688
        median: 3100.78125
        min: 236.865234375
        var: 551624
    spectral_skewness:
        dmean: 0.156298801303
        dmean2: 0.254806697369
        dvar: 0.0218899976462
        dvar2: 0.0526905842125
        max: 3.08381104469
        mean: 1.42550897598
        median: 1.42575407028
        min: -0.113142542541
        var: 0.0760361775756
    spectral_spread:
        dmean: 494030.8125
        dmean2: 729563.1875
        dvar: 424814247936
        dvar2: 810631692288
        max: 32162938
        mean: 4808797
        median: 4846954
        min: 1758680.25
        var: 1.86194513101e+012
    spectral_strongpeak:
        dmean: 0.24610671401
        dmean2: 0.426773637533
        dvar: 0.174923062325
        dvar2: 0.464393049479
        max: 7.43320035934
        mean: 0.362688750029
        median: 0.210102394223
        min: 3.18716475434e-009
        var: 0.22368966043
    zerocrossingrate:
        dmean: 0.00785772316158
        dmean2: 0.00967706553638
        dvar: 6.28051784588e-005
        dvar2: 8.34300080896e-005
        max: 0.37158203125
        mean: 0.0899257212877
        median: 0.0888671875
        min: 0.017578125
        var: 0.000374777446268
    barkbands:
        dmean: [8.96824417396e-007, 5.52706005692e-005, 0.000124252575915, 0.000115545582958, 0.00051697914023, 0.000246226292802, 6.95860944688e-005, 7.23133925931e-005, 0.00016191744362, 0.000129472246044, 9.04490807443e-005, 9.7107149486e-005, 9.77243907982e-005, 7.85654701758e-005, 8.36603430798e-005, 0.000114055947051, 0.000109698812594, 0.000116146220535, 0.000144234887557, 0.000120059929031, 7.65002987464e-005, 3.14906683343e-005, 5.94159428147e-006, 3.55571228283e-006, 1.85869009783e-006, 7.9409034015e-008, 7.698636173e-010]
        dmean2: [1.4053648556e-006, 9.29425077629e-005, 0.00022018844902, 0.000201149116037, 0.000886650348548, 0.000408187566791, 0.000115707545774, 0.000120379605505, 0.000272186618531, 0.000217348060687, 0.000153399683768, 0.000162015028764, 0.000161049742019, 0.00013066676911, 0.000137177572469, 0.00019226463337, 0.000186684250366, 0.000194165011635, 0.000241830348386, 0.000199074100237, 0.000126840343, 5.22520203958e-005, 9.52976006374e-006, 5.81744279771e-006, 2.98259192277e-006, 1.20135894122e-007, 1.18432663676e-009]
        dvar: [2.64274431332e-012, 7.13744530145e-009, 4.7727230168e-008, 3.56413991653e-008, 1.7830662955e-006, 1.48434267544e-007, 2.37138007009e-008, 1.96651104289e-008, 6.16101445416e-008, 3.83030283047e-008, 2.46653719671e-008, 2.8518838846e-008, 4.11448652926e-008, 2.46640148305e-008, 2.0720806404e-008, 2.55261394244e-008, 2.84088912395e-008, 3.22425748323e-008, 4.69662104763e-008, 4.19143120212e-008, 1.5211362836e-008, 2.88284529582e-009, 1.67575439636e-010, 9.58118168137e-011, 2.68843055456e-011, 3.71953071913e-014, 5.14911080482e-018]
        dvar2: [6.19755332124e-012, 2.02125001181e-008, 1.35449440108e-007, 1.0181563681e-007, 4.84602969664e-006, 3.75995995228e-007, 6.01012644097e-008, 4.97385848064e-008, 1.65362862958e-007, 1.03838793564e-007, 6.69743300818e-008, 7.47283053215e-008, 1.04848552951e-007, 6.03289365131e-008, 4.88437983392e-008, 6.52686082958e-008, 7.18299517644e-008, 8.23131429684e-008, 1.20350321708e-007, 1.03847320077e-007, 3.79862541422e-008, 7.00062852133e-009, 3.86622900361e-010, 2.51875464929e-010, 6.95494911662e-011, 8.6275733465e-014, 1.2300145103e-017]
        max: [1.25108736029e-005, 0.000918511068448, 0.00206272676587, 0.00417713588104, 0.0162879899144, 0.00691772298887, 0.00476519810036, 0.00259688706137, 0.00363452569582, 0.00395384803414, 0.00319261359982, 0.00382719747722, 0.0040151332505, 0.0043972088024, 0.00465531693771, 0.00501459371299, 0.00496252300218, 0.00343496794812, 0.00332388211973, 0.00376265193336, 0.00216286419891, 0.000885781599209, 0.000265076756477, 0.000284684967482, 0.000110663393571, 5.64387892155e-006, 6.826941501e-008]
        mean: [1.03232162019e-006, 9.60722973105e-005, 0.000154487424879, 0.000136417962494, 0.000614246295299, 0.000435912923422, 9.98871109914e-005, 9.90233093034e-005, 0.000264132337179, 0.000217105800402, 0.000150486477651, 0.000173354535946, 0.000173550797626, 0.000133875088068, 0.000167037258507, 0.000222441856749, 0.000205356118386, 0.000225744297495, 0.000281058513792, 0.000225379437325, 0.000145212703501, 5.57102466701e-005, 1.02154290289e-005, 5.6656281231e-006, 2.84861812361e-006, 1.33433630367e-007, 1.1684867518e-009]
        median: [3.76944171876e-007, 6.70267982059e-005, 9.07602661755e-005, 7.8146418673e-005, 0.000294417492114, 0.000257735635387, 4.62656935269e-005, 5.00765709148e-005, 0.00016635323118, 0.00013441858755, 9.35678399401e-005, 0.000101018296846, 8.08079275885e-005, 6.71675734338e-005, 0.000112479421659, 0.00016715817037, 0.000142507939017, 0.00014410392032, 0.000190385762835, 0.000149461397086, 9.09246518859e-005, 3.04013865389e-005, 4.9965301514e-006, 2.91795117846e-006, 1.34413016895e-006, 5.68383811128e-008, 4.09054373707e-010]
        min: [5.53813239933e-019, 4.7013724149e-018, 6.40138284288e-018, 4.64248335914e-018, 3.7609544988e-018, 1.39710433229e-018, 8.3013876552e-019, 5.50442634034e-019, 5.19849255681e-019, 3.55140819465e-019, 2.56554978368e-019, 2.42588886755e-019, 1.94183207887e-019, 1.58239224666e-019, 1.39123171183e-019, 1.19016465519e-019, 1.00879981289e-019, 9.2079865246e-020, 8.3285869047e-020, 7.43475621429e-020, 6.90919473365e-020, 5.88027510945e-020, 4.99033669156e-020, 4.78350502615e-020, 4.6353356527e-020, 4.58358678121e-020, 4.99157649313e-020]
        var: [2.98347522902e-012, 1.02244070987e-008, 4.07126172774e-008, 3.3351120976e-008, 1.51892481881e-006, 3.37483669455e-007, 4.09050393557e-008, 2.6760071492e-008, 9.92430386759e-008, 7.1774962862e-008, 4.07077038744e-008, 5.69668578976e-008, 9.14319571166e-008, 5.48725580529e-008, 4.60867681795e-008, 5.31106039148e-008, 5.68753613095e-008, 6.7088173239e-008, 7.84421203548e-008, 5.97945088998e-008, 2.53539784723e-008, 5.02606312125e-009, 2.88761320411e-010, 9.52816714417e-011, 2.85451991905e-011, 6.06398747405e-014, 6.97726929407e-018]
    frequency_bands:
        dmean: [8.96824417396e-007, 5.52706005692e-005, 0.000124252575915, 0.000115545582958, 0.00051697914023, 0.000246226292802, 6.95860944688e-005, 7.23133925931e-005, 0.00016191744362, 0.000129472246044, 9.04490807443e-005, 9.7107149486e-005, 9.77243907982e-005, 7.85654701758e-005, 8.36603430798e-005, 0.000114055947051, 0.000109698812594, 0.000116146220535, 0.000144234887557, 0.000120059929031, 7.65002987464e-005, 3.14906683343e-005, 5.94159428147e-006, 3.55571228283e-006, 1.85869009783e-006, 7.9409034015e-008, 7.698636173e-010, 4.9507856148e-011]
        dmean2: [1.4053648556e-006, 9.29425077629e-005, 0.00022018844902, 0.000201149116037, 0.000886650348548, 0.000408187566791, 0.000115707545774, 0.000120379605505, 0.000272186618531, 0.000217348060687, 0.000153399683768, 0.000162015028764, 0.000161049742019, 0.00013066676911, 0.000137177572469, 0.00019226463337, 0.000186684250366, 0.000194165011635, 0.000241830348386, 0.000199074100237, 0.000126840343, 5.22520203958e-005, 9.52976006374e-006, 5.81744279771e-006, 2.98259192277e-006, 1.20135894122e-007, 1.18432663676e-009, 9.25003337815e-011]
        dvar: [2.64274431332e-012, 7.13744530145e-009, 4.7727230168e-008, 3.56413991653e-008, 1.7830662955e-006, 1.48434267544e-007, 2.37138007009e-008, 1.96651104289e-008, 6.16101445416e-008, 3.83030283047e-008, 2.46653719671e-008, 2.8518838846e-008, 4.11448652926e-008, 2.46640148305e-008, 2.0720806404e-008, 2.55261394244e-008, 2.84088912395e-008, 3.22425748323e-008, 4.69662104763e-008, 4.19143120212e-008, 1.5211362836e-008, 2.88284529582e-009, 1.67575439636e-010, 9.58118168137e-011, 2.68843055456e-011, 3.71953071913e-014, 5.14911080482e-018, 6.36873858976e-021]
        dvar2: [6.19755332124e-012, 2.02125001181e-008, 1.35449440108e-007, 1.0181563681e-007, 4.84602969664e-006, 3.75995995228e-007, 6.01012644097e-008, 4.97385848064e-008, 1.65362862958e-007, 1.03838793564e-007, 6.69743300818e-008, 7.47283053215e-008, 1.04848552951e-007, 6.03289365131e-008, 4.88437983392e-008, 6.52686082958e-008, 7.18299517644e-008, 8.23131429684e-008, 1.20350321708e-007, 1.03847320077e-007, 3.79862541422e-008, 7.00062852133e-009, 3.86622900361e-010, 2.51875464929e-010, 6.95494911662e-011, 8.6275733465e-014, 1.2300145103e-017, 2.06218695493e-020]
        max: [1.25108736029e-005, 0.000918511068448, 0.00206272676587, 0.00417713588104, 0.0162879899144, 0.00691772298887, 0.00476519810036, 0.00259688706137, 0.00363452569582, 0.00395384803414, 0.00319261359982, 0.00382719747722, 0.0040151332505, 0.0043972088024, 0.00465531693771, 0.00501459371299, 0.00496252300218, 0.00343496794812, 0.00332388211973, 0.00376265193336, 0.00216286419891, 0.000885781599209, 0.000265076756477, 0.000284684967482, 0.000110663393571, 5.64387892155e-006, 6.826941501e-008, 1.99822824953e-009]
        mean: [1.03232162019e-006, 9.60722973105e-005, 0.000154487424879, 0.000136417962494, 0.000614246295299, 0.000435912923422, 9.98871109914e-005, 9.90233093034e-005, 0.000264132337179, 0.000217105800402, 0.000150486477651, 0.000173354535946, 0.000173550797626, 0.000133875088068, 0.000167037258507, 0.000222441856749, 0.000205356118386, 0.000225744297495, 0.000281058513792, 0.000225379437325, 0.000145212703501, 5.57102466701e-005, 1.02154290289e-005, 5.6656281231e-006, 2.84861812361e-006, 1.33433630367e-007, 1.1684867518e-009, 3.7563688271e-011]
        median: [3.76944171876e-007, 6.70267982059e-005, 9.07602661755e-005, 7.8146418673e-005, 0.000294417492114, 0.000257735635387, 4.62656935269e-005, 5.00765709148e-005, 0.00016635323118, 0.00013441858755, 9.35678399401e-005, 0.000101018296846, 8.08079275885e-005, 6.71675734338e-005, 0.000112479421659, 0.00016715817037, 0.000142507939017, 0.00014410392032, 0.000190385762835, 0.000149461397086, 9.09246518859e-005, 3.04013865389e-005, 4.9965301514e-006, 2.91795117846e-006, 1.34413016895e-006, 5.68383811128e-008, 4.09054373707e-010, 1.36333973624e-011]
        min: [5.53813239933e-019, 4.7013724149e-018, 6.40138284288e-018, 4.64248335914e-018, 3.7609544988e-018, 1.39710433229e-018, 8.3013876552e-019, 5.50442634034e-019, 5.19849255681e-019, 3.55140819465e-019, 2.56554978368e-019, 2.42588886755e-019, 1.94183207887e-019, 1.58239224666e-019, 1.39123171183e-019, 1.19016465519e-019, 1.00879981289e-019, 9.2079865246e-020, 8.3285869047e-020, 7.43475621429e-020, 6.90919473365e-020, 5.88027510945e-020, 4.99033669156e-020, 4.78350502615e-020, 4.6353356527e-020, 4.58358678121e-020, 4.99157649313e-020, 1.4373856112e-020]
        var: [2.98347522902e-012, 1.02244070987e-008, 4.07126172774e-008, 3.3351120976e-008, 1.51892481881e-006, 3.37483669455e-007, 4.09050393557e-008, 2.6760071492e-008, 9.92430386759e-008, 7.1774962862e-008, 4.07077038744e-008, 5.69668578976e-008, 9.14319571166e-008, 5.48725580529e-008, 4.60867681795e-008, 5.31106039148e-008, 5.68753613095e-008, 6.7088173239e-008, 7.84421203548e-008, 5.97945088998e-008, 2.53539784723e-008, 5.02606312125e-009, 2.88761320411e-010, 9.52816714417e-011, 2.85451991905e-011, 6.06398747405e-014, 6.97726929407e-018, 4.62682789007e-021]
    mfcc:
        mean: [-696.855712891, 107.615905762, -53.262096405, 39.7852897644, -18.1469802856, 0.19287250936, -0.554974853992, -4.73592233658, -0.87172716856, -8.73485946655, -9.40274429321, -9.57616615295, -6.07261753082]
        cov: [[2602.96264648, -295.110351563, 498.061462402, 184.47694397, 223.195175171, 192.733810425, 73.5087127686, 87.6487350464, 39.7098731995, 97.2549438477, 9.27999401093, 97.8443984985, 92.8573303223], [-295.110351563, 579.456237793, -109.019638062, 193.412261963, 45.0984268188, 26.8007736206, -8.22734451294, -31.2535514832, 15.4427566528, -29.1949157715, 1.2134052515, -9.65331459045, 67.0212554932], [498.061462402, -109.019638062, 563.496520996, 182.402816772, 215.490249634, 85.8495025635, 81.6719207764, 9.68932151794, 40.1003227234, 49.2261009216, -46.7074317932, 30.6520080566, 54.3160972595], [184.47694397, 193.412261963, 182.402816772, 320.609405518, 145.260803223, 97.6938705444, 31.3500957489, -5.14199924469, 51.1992988586, 24.379114151, -15.2565231323, 12.4184417725, 75.9596786499], [223.195175171, 45.0984268188, 215.490249634, 145.260803223, 217.167312622, 79.1344909668, 65.8408508301, 6.69895982742, 50.8718147278, 41.2594604492, -8.06521987915, 30.9751281738, 53.1539459229], [192.733810425, 26.8007736206, 85.8495025635, 97.6938705444, 79.1344909668, 115.449455261, 41.1596755981, 24.8312702179, 31.1050357819, 25.8994598389, 2.77739858627, 23.5650348663, 34.0032958984], [73.5087127686, -8.22734451294, 81.6719207764, 31.3500957489, 65.8408508301, 41.1596755981, 129.839736938, 55.525478363, 46.0267906189, 26.4787349701, -1.68979942799, 19.7760429382, 19.4794464111], [87.6487350464, -31.2535514832, 9.68932151794, -5.14199924469, 6.69895982742, 24.8312702179, 55.525478363, 91.2382965088, 44.1221466064, 26.8153495789, 13.7502298355, 20.7568664551, 1.65093100071], [39.7098731995, 15.4427566528, 40.1003227234, 51.1992988586, 50.8718147278, 31.1050357819, 46.0267906189, 44.1221466064, 99.2320022583, 44.0763587952, 13.9545650482, 19.3455715179, 27.657201767], [97.2549438477, -29.1949157715, 49.2261009216, 24.379114151, 41.2594604492, 25.8994598389, 26.4787349701, 26.8153495789, 44.0763587952, 76.8105545044, 19.1395187378, 22.3176345825, 15.6190223694], [9.27999401093, 1.2134052515, -46.7074317932, -15.2565231323, -8.06521987915, 2.77739858627, -1.68979942799, 13.7502298355, 13.9545650482, 19.1395187378, 62.0616264343, 24.9494724274, 4.80582284927], [97.8443984985, -9.65331459045, 30.6520080566, 12.4184417725, 30.9751281738, 23.5650348663, 19.7760429382, 20.7568664551, 19.3455715179, 22.3176345825, 24.9494724274, 59.7666511536, 28.4842090607], [92.8573303223, 67.0212554932, 54.3160972595, 75.9596786499, 53.1539459229, 34.0032958984, 19.4794464111, 1.65093100071, 27.657201767, 15.6190223694, 4.80582284927, 28.4842090607, 78.6106033325]]
        icov: [[0.000565288763028, 0.000316335062962, -0.000290826807031, -0.000144773890497, -0.000119390701002, -0.000525951269083, 0.000342867395375, -0.000593221571762, 0.000482895877212, -0.00013283577573, -0.000164340701303, -0.000164139491972, -0.000434849323938], [0.000316335062962, 0.00330075598322, 0.00142695568502, -0.0024515169207, -0.000819190172479, 0.000443331402494, -0.000170967206941, 9.43394934438e-006, 0.000361813930795, 0.00115343090147, -0.000303555745631, 0.000608376169112, -0.00195895135403], [-0.000290826807031, 0.00142695568502, 0.00426729116589, -0.00185406557284, -0.00280536036007, 0.000844497233629, -0.000912883901037, 0.000369531393517, 0.000682195124682, -0.00059328507632, 0.00261854706332, -0.000757246103603, -0.000287778675556], [-0.000144773890497, -0.0024515169207, -0.00185406557284, 0.00809682719409, -0.00131044338923, -0.00364265101962, 0.00139242608566, 0.00063454254996, -0.00190840777941, -3.7291640183e-005, 0.000313587108394, 0.00213744048961, -0.00229307822883], [-0.000119390701002, -0.000819190172479, -0.00280536036007, -0.00131044338923, 0.0114684235305, -0.00258893286809, -0.00307231349871, 0.00381772569381, -0.00221977895126, -0.00163419253659, 0.000160783922183, -0.00218616519123, -2.15386353375e-005], [-0.000525951269083, 0.000443331402494, 0.000844497233629, -0.00364265101962, -0.00258893286809, 0.0152664333582, -0.00159308814909, -0.00246987817809, 0.000960591481999, -0.000811089179479, 7.16993890819e-005, -0.00169609289151, -0.000793378101662], [0.000342867395375, -0.000170967206941, -0.000912883901037, 0.00139242608566, -0.00307231349871, -0.00159308814909, 0.0136089855805, -0.00747870327905, -0.00148359010927, 0.000408681604313, 0.00155408796854, 0.000116939081636, -0.00111927604303], [-0.000593221571762, 9.43394934438e-006, 0.000369531393517, 0.00063454254996, 0.00381772569381, -0.00246987817809, -0.00747870327905, 0.0212019514292, -0.00711528537795, -0.00111471710261, -0.000427646329626, -0.00425663543865, 0.0040124123916], [0.000482895877212, 0.000361813930795, 0.000682195124682, -0.00190840777941, -0.00221977895126, 0.000960591481999, -0.00148359010927, -0.00711528537795, 0.019188631326, -0.00683358078822, -0.00148372363765, 0.00185711414088, -0.00387920462526], [-0.00013283577573, 0.00115343090147, -0.00059328507632, -3.7291640183e-005, -0.00163419253659, -0.000811089179479, 0.000408681604313, -0.00111471710261, -0.00683358078822, 0.0209393650293, -0.0046751415357, -0.00156608654652, 9.45529827732e-005], [-0.000164340701303, -0.000303555745631, 0.00261854706332, 0.000313587108394, 0.000160783922183, 7.16993890819e-005, 0.00155408796854, -0.000427646329626, -0.00148372363765, -0.0046751415357, 0.024114979431, -0.0102238869295, 0.00150601065252], [-0.000164139491972, 0.000608376169112, -0.000757246103603, 0.00213744048961, -0.00218616519123, -0.00169609289151, 0.000116939081636, -0.00425663543865, 0.00185711414088, -0.00156608654652, -0.0102238869295, 0.0292611084878, -0.00991447456181], [-0.000434849323938, -0.00195895135403, -0.000287778675556, -0.00229307822883, -2.15386353375e-005, -0.000793378101662, -0.00111927604303, 0.0040124123916, -0.00387920462526, 9.45529827732e-005, 0.00150601065252, -0.00991447456181, 0.0227165706456]]
    sccoeffs:
        dmean: [0.0574985034764, 0.0499023385346, 0.0369995348155, 0.026874743402, 0.0183170251548, 0.0176952760667]
        dmean2: [0.0954565033317, 0.0840270966291, 0.0628318190575, 0.0457117706537, 0.0308195129037, 0.0284489765763]
        dvar: [0.0025071897544, 0.00150008848868, 0.000820599205326, 0.000438171322457, 0.000228788296226, 0.000283384404611]
        dvar2: [0.00660464400426, 0.00421596225351, 0.00238986685872, 0.00123993086163, 0.000606065557804, 0.000668013992254]
        max: [-0.235664725304, -0.43193462491, -0.578129053116, -0.61287021637, -0.585379302502, -0.526513159275]
        mean: [-0.671799004078, -0.74994623661, -0.799222826958, -0.804289758205, -0.811715304852, -0.746562004089]
        median: [-0.688305139542, -0.757336676121, -0.802857875824, -0.808573246002, -0.815600693226, -0.753027379513]
        min: [-0.956110358238, -0.977543413639, -0.984477519989, -0.983819186687, -0.981635332108, -0.980726003647]
        var: [0.0078073577024, 0.0043862820603, 0.00179640681017, 0.0011609646026, 0.000657888245769, 0.00154689326882]
    scvalleys:
        dmean: [0.376093417406, 0.356866270304, 0.284549504519, 0.23431801796, 0.211288437247, 0.29331895709]
        dmean2: [0.631644010544, 0.597646415234, 0.478143662214, 0.388341248035, 0.344092428684, 0.437501162291]
        dvar: [0.104023315012, 0.100397229195, 0.0655206292868, 0.0520257540047, 0.0599989704788, 0.15385761857]
        dvar2: [0.26585906744, 0.250132024288, 0.14954186976, 0.109139747918, 0.118641071022, 0.311628848314]
        max: [-5.04619979858, -4.40506696701, -4.69472503662, -5.11062479019, -5.61862134933, -7.49796628952]
        mean: [-6.90767478943, -6.53110647202, -6.37517023087, -6.73512983322, -6.91411828995, -9.63034725189]
        median: [-6.47542762756, -6.48885774612, -6.32770824432, -6.70441484451, -6.88027238846, -9.39871501923]
        min: [-21.156463623, -21.8821563721, -22.4682979584, -23.0773792267, -23.7857818604, -24.5671520233]
        var: [1.82850182056, 0.391606122255, 0.299496382475, 0.271933048964, 0.282987713814, 0.934152543545]

rhythm:
    beats_loudness:
        dmean: 0.00392472418025
        dmean2: 0.00734339049086
        dvar: 1.52894026542e-005
        dvar2: 5.23616945429e-005
        max: 0.0183324124664
        mean: 0.00546795176342
        median: 0.0036066188477
        min: 4.14311834902e-005
        var: 1.65765013662e-005
    bpm: 151.136611938
    bpm_confidence: 0
    first_peak_bpm: 152
    first_peak_spread: 0.40000000596
    first_peak_weight: 0.0839160829782
    onset_rate: 2.61960077286
    second_peak_bpm: 103
    second_peak_spread: 0.64814811945
    second_peak_weight: 0.0797202810645
    beats_loudness_band_ratio:
        dmean: [0.0735687091947, 0.170503795147, 0.0648084878922, 0.0764648467302, 0.0829885303974, 0.0882174968719]
        dmean2: [0.128752872348, 0.306960642338, 0.109824515879, 0.129802286625, 0.147009760141, 0.154611647129]
        dvar: [0.00616913987324, 0.0173379257321, 0.00408943369985, 0.00655766669661, 0.00656634522602, 0.0079191243276]
        dvar2: [0.0176390390843, 0.0549654103816, 0.0115572921932, 0.0165740437806, 0.0200208500028, 0.0243876185268]
        max: [0.557409524918, 0.696193635464, 0.589421987534, 0.788928210735, 0.755655169487, 0.92857927084]
        mean: [0.114802271128, 0.232840120792, 0.126942247152, 0.171239003539, 0.208560481668, 0.192101806402]
        median: [0.0923961997032, 0.201418846846, 0.102988064289, 0.139351040125, 0.195489197969, 0.178267240524]
        min: [0.000257130799582, 0.000941042613704, 0.00896442122757, 0.00534172262996, 0.0124300196767, 0.0109041901305]
        var: [0.00804777815938, 0.0256554242224, 0.00738286040723, 0.0118152815849, 0.00782578717917, 0.0100463870913]
