
metadata:
    version:
        essentia: "2.1-beta2"
    audio_properties:
        analysis_sample_rate: 44100
        bitrate: 272
        channels: 2
        equal_loudness: 1
        length: 373.890625
        replay_gain: -14.4785919189
        downmix: "mix"
    tags:
        album: "L'Enfant Sauvage"
        artist: "Gojira"
        comment: "Live at les Eurockéennes 2009."
        date: "2012"
        genre: "Metal"
        title: "Vacuity"
        tracknumber: "11/11"

configuration:
    average_loudness:
        compute: 1
        frameSize: 88200
        hopSize: 44100
        silentFrames: "noise"
        windowType: "hann"
    general:
        analysisSampleRate: 44100
        endTime: 2000
        equalLoudness: 1
        nequalLoudness: 0
        shortSound: 0
        startTime: 0
    lowlevel:
        compute: 1
        frameSize: 2048
        hopSize: 1024
        zeroPadding: 0
        silentFrames: "noise"
        windowType: "blackmanharris62"
        mfccStats: ["mean", "cov", "icov"]
        stats: ["mean", "var", "median", "min", "max", "dmean", "dmean2", "dvar", "dvar2"]
    panning:
        compute: 0
        frameSize: 8192
        hopSize: 2048
        zeroPadding: 8192
        silentFrames: "noise"
        windowType: "hann"
        stats: ["copy"]
    rhythm:
        compute: 1
        maxTempo: 208
        minTempo: 40
        method: "degara"
        stats: ["mean", "var", "median", "min", "max", "dmean", "dmean2", "dvar", "dvar2"]
    segmentation:
        compute: 0
        cpw: 5
        inc1: 300
        inc2: 50
        minimumSegmentsLength: 10
        size1: 1000
        size2: 600
    sfx:
        compute: 1
        stats: ["mean", "var", "median", "min", "max", "dmean", "dmean2", "dvar", "dvar2"]
    svm:
        compute: 0
    tonal:
        compute: 1
        frameSize: 4096
        hopSize: 2048
        zeroPadding: 0
        silentFrames: "noise"
        windowType: "blackmanharris62"
        stats: ["mean", "var", "median", "min", "max", "dmean", "dmean2", "dvar", "dvar2"]

lowlevel:
    average_loudness: 0.83206397295
    barkbands_kurtosis:
        dmean: 0.510634243488
        dmean2: 0.858689129353
        dvar: 0.967458069324
        dvar2: 2.4534573555
        max: 52.6427536011
        mean: -0.830875039101
        median: -1.14972364902
        min: -1.93157613277
        var: 1.68181395531
    barkbands_skewness:
        dmean: 0.364610433578
        dmean2: 0.586373209953
        dvar: 0.112713962793
        dvar2: 0.28673261404
        max: 7.11091518402
        mean: 0.218243688345
        median: 0.202853709459
        min: -3.54709386826
        var: 0.400443285704
    barkbands_spread:
        dmean: 4.47604656219
        dmean2: 7.26464414597
        dvar: 21.8667163849
        dvar2: 55.6974983215
        max: 108.549217224
        mean: 29.1289825439
        median: 30.228603363
        min: 2.4923453331
        var: 99.6437072754
    dissonance:
        dmean: 0.011049718596
        dmean2: 0.0191589333117
        dvar: 0.000115931077744
        dvar2: 0.000325517408783
        max: 0.500000119209
        mean: 0.484247744083
        median: 0.487126588821
        min: 0.363514751196
        var: 0.00015812163474
    hfc:
        dmean: 1.65195333958
        dmean2: 2.63447332382
        dvar: 7.17069005966
        dvar2: 16.8900852203
        max: 45.4756851196
        mean: 6.29480266571
        median: 4.86732196808
        min: 1.05517389016e-016
        var: 28.0709133148
    pitch:
        dmean: 553.986022949
        dmean2: 1049.17028809
        dvar: 1060391.875
        dvar2: 2745014.25
        max: 4900.40576172
        mean: 701.978759766
        median: 326.951141357
        min: 62.6433181763
        var: 996147.75
    pitch_instantaneous_confidence:
        dmean: 0.068147033453
        dmean2: 0.114274762571
        dvar: 0.00366877834313
        dvar2: 0.00962083507329
        max: 0.980993688107
        mean: 0.288392037153
        median: 0.251875191927
        min: 0.0881997346878
        var: 0.015200718306
    pitch_salience:
        dmean: 0.0553250052035
        dmean2: 0.093695871532
        dvar: 0.00245179608464
        dvar2: 0.00675380695611
        max: 0.887344777584
        mean: 0.701250076294
        median: 0.718163728714
        min: 0.162267044187
        var: 0.0059380242601
    silence_rate_20dB:
        dmean: 0
        dmean2: 0
        dvar: 0
        dvar2: 0
        max: 1
        mean: 1
        median: 1
        min: 1
        var: 0
    silence_rate_30dB:
        dmean: 0
        dmean2: 0
        dvar: 0
        dvar2: 0
        max: 1
        mean: 1
        median: 1
        min: 1
        var: 0
    silence_rate_60dB:
        dmean: 0.0742718726397
        dmean2: 0.148552969098
        dvar: 0.0687467977405
        dvar2: 0.153541460633
        max: 1
        mean: 0.505650758743
        median: 1
        min: 0
        var: 0.24996432662
    spectral_centroid:
        dmean: 251.687240601
        dmean2: 400.959014893
        dvar: 59819.078125
        dvar2: 141402.265625
        max: 11665.1386719
        mean: 1647.83288574
        median: 1600.17431641
        min: 261.666748047
        var: 535549.25
    spectral_complexity:
        dmean: 3.48618268967
        dmean2: 5.57061243057
        dvar: 17.4373245239
        dvar2: 37.7539901733
        max: 52
        mean: 14.0564460754
        median: 12
        min: 0
        var: 113.55229187
    spectral_crest:
        dmean: 2.22986149788
        dmean2: 3.76213955879
        dvar: 4.87216663361
        dvar2: 13.0405654907
        max: 25.9231853485
        mean: 6.58669185638
        median: 5.76011896133
        min: 2.2046084404
        var: 9.88570785522
    spectral_decrease:
        dmean: 2.64122168581e-010
        dmean2: 4.36733343934e-010
        dvar: 2.27871275706e-019
        dvar2: 5.76482486512e-019
        max: 1.66454682494e-028
        mean: -8.91026252781e-010
        median: -7.00678071119e-010
        min: -5.81882009243e-009
        var: 5.38285146981e-019
    spectral_energy:
        dmean: 0.00111543398816
        dmean2: 0.00183204270434
        dvar: 3.91427420254e-006
        dvar2: 9.79201649898e-006
        max: 0.0238300617784
        mean: 0.00393389770761
        median: 0.00309634860605
        min: 9.95165808443e-021
        var: 1.02532858364e-005
    spectral_energyband_high:
        dmean: 0.000128004787257
        dmean2: 0.00020581849094
        dvar: 4.82183004635e-008
        dvar2: 1.1574415737e-007
        max: 0.00361349713057
        mean: 0.000321121391607
        median: 0.00022170561715
        min: 6.97412211094e-021
        var: 1.14936817397e-007
    spectral_energyband_low:
        dmean: 0.000164566343301
        dmean2: 0.000288822018774
        dvar: 1.119695483e-007
        dvar2: 3.17981260878e-007
        max: 0.00309586967342
        mean: 0.000210538855754
        median: 0.000123835445265
        min: 1.49187212917e-023
        var: 9.64927835412e-008
    spectral_energyband_middle_high:
        dmean: 0.000513190694619
        dmean2: 0.000808534270618
        dvar: 6.10363201758e-007
        dvar2: 1.39945188948e-006
        max: 0.01739195548
        mean: 0.00191366637591
        median: 0.00135385128669
        min: 1.2035179029e-021
        var: 2.99510043078e-006
    spectral_energyband_middle_low:
        dmean: 0.000759294023737
        dmean2: 0.00127957353834
        dvar: 2.22855533138e-006
        dvar2: 5.93701497564e-006
        max: 0.0187294501811
        mean: 0.0015838915715
        median: 0.00122502783779
        min: 1.40730109675e-022
        var: 2.83866324935e-006
    spectral_flatness_db:
        dmean: 0.0142281437293
        dmean2: 0.023017577827
        dvar: 0.000176832996658
        dvar2: 0.000455902336398
        max: 0.352697849274
        mean: 0.140730634332
        median: 0.122415319085
        min: 0.0361969098449
        var: 0.00269506755285
    spectral_flux:
        dmean: 0.00611351942644
        dmean2: 0.00984545145184
        dvar: 7.71546547185e-005
        dvar2: 0.000160854528076
        max: 0.130903705955
        mean: 0.0369160175323
        median: 0.0350072681904
        min: 6.38381639217e-011
        var: 0.000370360387024
    spectral_kurtosis:
        dmean: 0.947823762894
        dmean2: 1.59442389011
        dvar: 1.03212559223
        dvar2: 3.12014007568
        max: 21.9018192291
        mean: 3.44115376472
        median: 3.20760059357
        min: -1.24985170364
        var: 2.84117627144
    spectral_rms:
        dmean: 0.000239161541685
        dmean2: 0.000388440123061
        dvar: 1.11083053866e-007
        dvar2: 2.68711175977e-007
        max: 0.00482170516625
        mean: 0.00178067816887
        median: 0.0017380528152
        min: 3.11591637908e-012
        var: 6.67151539346e-007
    spectral_rolloff:
        dmean: 397.153869629
        dmean2: 646.893798828
        dvar: 200184.671875
        dvar2: 469509
        max: 19681.3476563
        mean: 3215.76635742
        median: 3186.9140625
        min: 236.865234375
        var: 1502188.875
    spectral_skewness:
        dmean: 0.149425163865
        dmean2: 0.242914140224
        dvar: 0.0202427767217
        dvar2: 0.0518614947796
        max: 3.19380164146
        mean: 1.42330694199
        median: 1.43374109268
        min: -0.072517208755
        var: 0.0869808346033
    spectral_spread:
        dmean: 438680.34375
        dmean2: 679302.75
        dvar: 324342087680
        dvar2: 730876149760
        max: 46549532
        mean: 4832920
        median: 4710537
        min: 1999950.125
        var: 6.38944752435e+012
    spectral_strongpeak:
        dmean: 0.26418274641
        dmean2: 0.455159664154
        dvar: 0.176491677761
        dvar2: 0.465678572655
        max: 5.71006727219
        mean: 0.38542124629
        median: 0.22195418179
        min: 3.78230988196e-011
        var: 0.257247239351
    zerocrossingrate:
        dmean: 0.00785589125007
        dmean2: 0.00965469889343
        dvar: 5.46908304386e-005
        dvar2: 7.40973191569e-005
        max: 0.5263671875
        mean: 0.0947500318289
        median: 0.0927734375
        min: 0.0166015625
        var: 0.00103530928027
    barkbands:
        dmean: [6.59365241518e-007, 3.53437062586e-005, 9.29040106712e-005, 0.000101530829852, 0.000496693537571, 0.000238878346863, 6.28273846814e-005, 6.64441104163e-005, 0.000154394772835, 0.000104272534372, 9.20550373849e-005, 9.22451436054e-005, 8.47650444484e-005, 6.69175278745e-005, 8.62192027853e-005, 0.000109562970465, 9.48840097408e-005, 0.000105081970105, 0.000128653700813, 0.000105721977889, 6.61055310047e-005, 2.87858238153e-005, 5.59001000511e-006, 2.79464507003e-006, 1.16361263736e-006, 4.56779005731e-008, 4.44002334898e-010]
        dmean2: [1.02867340956e-006, 5.86319256399e-005, 0.000164182914887, 0.000177204390639, 0.000849273987114, 0.000401132681873, 0.000106746978418, 0.000112819798233, 0.000261783890892, 0.000173184060259, 0.000153386848979, 0.000152325548697, 0.000139976866194, 0.000110127948574, 0.000140806194395, 0.000180240342161, 0.000156608191901, 0.00017317898164, 0.000212032929994, 0.000174015774974, 0.00010840268078, 4.71721177746e-005, 8.78205992194e-006, 4.50051174994e-006, 1.86739430319e-006, 7.02733231606e-008, 7.01444680118e-010]
        dvar: [2.10902996456e-012, 5.03505637184e-009, 3.85170295658e-008, 2.94809332502e-008, 1.50365610807e-006, 1.3660499576e-007, 1.45866767554e-008, 1.31746595855e-008, 5.68515083899e-008, 2.88604997678e-008, 3.31535368048e-008, 3.11163255162e-008, 2.76992704329e-008, 2.3920623704e-008, 3.10643493151e-008, 4.45309638053e-008, 3.69519668197e-008, 3.52112792257e-008, 4.2774967568e-008, 3.30426139783e-008, 1.24516983391e-008, 2.39833064519e-009, 1.41643100027e-010, 3.19228150858e-011, 9.52147388711e-012, 1.37012627535e-014, 1.17219774945e-018]
        dvar2: [4.85745254783e-012, 1.3870908866e-008, 1.10433290956e-007, 8.39550082787e-008, 4.07046809414e-006, 3.59280562634e-007, 3.88807492868e-008, 3.51392515086e-008, 1.57840190695e-007, 7.34938083724e-008, 8.68189431458e-008, 7.92419285744e-008, 6.92061590257e-008, 5.93666342752e-008, 7.3722929983e-008, 1.10213605353e-007, 9.3748290908e-008, 8.8745416349e-008, 1.08210080896e-007, 8.05869433407e-008, 3.11077243964e-008, 5.87967896593e-009, 3.16036419257e-010, 7.76533629065e-011, 2.45566171564e-011, 3.36549906867e-014, 2.91777352487e-018]
        max: [1.41261971294e-005, 0.000775991764385, 0.00199803640135, 0.00342689314857, 0.0151082267985, 0.00653797248378, 0.00209686532617, 0.00236729742028, 0.00360902026296, 0.00331051996909, 0.00460014119744, 0.00488249631599, 0.0029125821311, 0.00470906822011, 0.00433004694059, 0.00654237577692, 0.0104618035257, 0.00585796730593, 0.00345260975882, 0.003067367943, 0.00176444498356, 0.000804868759587, 0.000244044233114, 0.000100939636468, 0.000107938263682, 3.49883725903e-006, 3.61471634847e-008]
        mean: [7.12329665475e-007, 4.70139275421e-005, 0.000101914454717, 0.000113845671876, 0.000598598504439, 0.000378423836082, 8.77209968166e-005, 9.41738690017e-005, 0.000252128229477, 0.000171387087903, 0.000155443907715, 0.000160558251082, 0.000145789061207, 0.000117396099085, 0.000164297453011, 0.000228960925597, 0.000188900143257, 0.000217335677007, 0.000268595002126, 0.000222422007937, 0.000141651995364, 5.80363157496e-005, 1.09084558062e-005, 5.48579191673e-006, 2.09559766517e-006, 8.36695903672e-008, 7.49324102767e-010]
        median: [1.82827420758e-007, 2.12142495002e-005, 4.37573362433e-005, 6.15949975327e-005, 0.000282826978946, 0.00024371733889, 5.2253883041e-005, 5.2384853916e-005, 0.00015687639825, 9.53391718213e-005, 7.31084874133e-005, 8.10627025203e-005, 7.15935966582e-005, 5.59426589462e-005, 9.78165044216e-005, 0.00015056450502, 0.000122966564959, 0.000138404997415, 0.000177492678631, 0.000145903148223, 9.31991380639e-005, 3.40268161381e-005, 5.81362473895e-006, 3.31481896865e-006, 1.0291801118e-006, 3.52641720269e-008, 3.15383164029e-010]
        min: [5.3785197189e-025, 4.06710965866e-024, 1.67760698383e-024, 4.52802412508e-025, 2.52750955147e-024, 4.94168030124e-024, 7.02780482129e-024, 4.57552144018e-024, 2.38676524861e-023, 1.61126307173e-023, 1.8223688764e-023, 1.38261536711e-023, 3.45063758043e-023, 4.39891623054e-023, 4.92121062292e-023, 5.48686017957e-023, 6.83202137753e-023, 8.79801989443e-023, 1.26598152497e-022, 1.69986499404e-022, 2.48235215558e-022, 2.82725880409e-022, 4.50219756057e-022, 6.34709355918e-022, 8.81409208341e-022, 1.30906663374e-021, 1.82789668982e-021]
        var: [2.30697622464e-012, 5.54677770381e-009, 3.05698577563e-008, 2.74244573717e-008, 1.37480753892e-006, 2.31751641877e-007, 1.71941039184e-008, 1.7476121883e-008, 9.04514152467e-008, 5.44835465632e-008, 7.20579151903e-008, 6.60910117745e-008, 5.65092186378e-008, 4.6348400673e-008, 7.20936128573e-008, 1.22951149706e-007, 8.00047672556e-008, 7.32701579409e-008, 9.05309534005e-008, 6.61368844135e-008, 2.54618122142e-008, 5.05497155245e-009, 2.88011614558e-010, 5.64695443184e-011, 1.29092491905e-011, 2.29263409337e-014, 1.88610104359e-018]
    frequency_bands:
        dmean: [6.59365241518e-007, 3.53437062586e-005, 9.29040106712e-005, 0.000101530829852, 0.000496693537571, 0.000238878346863, 6.28273846814e-005, 6.64441104163e-005, 0.000154394772835, 0.000104272534372, 9.20550373849e-005, 9.22451436054e-005, 8.47650444484e-005, 6.69175278745e-005, 8.62192027853e-005, 0.000109562970465, 9.48840097408e-005, 0.000105081970105, 0.000128653700813, 0.000105721977889, 6.61055310047e-005, 2.87858238153e-005, 5.59001000511e-006, 2.79464507003e-006, 1.16361263736e-006, 4.56779005731e-008, 4.44002334898e-010, 4.62050502026e-011]
        dmean2: [1.02867340956e-006, 5.86319256399e-005, 0.000164182914887, 0.000177204390639, 0.000849273987114, 0.000401132681873, 0.000106746978418, 0.000112819798233, 0.000261783890892, 0.000173184060259, 0.000153386848979, 0.000152325548697, 0.000139976866194, 0.000110127948574, 0.000140806194395, 0.000180240342161, 0.000156608191901, 0.00017317898164, 0.000212032929994, 0.000174015774974, 0.00010840268078, 4.71721177746e-005, 8.78205992194e-006, 4.50051174994e-006, 1.86739430319e-006, 7.02733231606e-008, 7.01444680118e-010, 8.59100013351e-011]
        dvar: [2.10902996456e-012, 5.03505637184e-009, 3.85170295658e-008, 2.94809332502e-008, 1.50365610807e-006, 1.3660499576e-007, 1.45866767554e-008, 1.31746595855e-008, 5.68515083899e-008, 2.88604997678e-008, 3.31535368048e-008, 3.11163255162e-008, 2.76992704329e-008, 2.3920623704e-008, 3.10643493151e-008, 4.45309638053e-008, 3.69519668197e-008, 3.52112792257e-008, 4.2774967568e-008, 3.30426139783e-008, 1.24516983391e-008, 2.39833064519e-009, 1.41643100027e-010, 3.19228150858e-011, 9.52147388711e-012, 1.37012627535e-014, 1.17219774945e-018, 5.82980739856e-021]
        dvar2: [4.85745254783e-012, 1.3870908866e-008, 1.10433290956e-007, 8.39550082787e-008, 4.07046809414e-006, 3.59280562634e-007, 3.88807492868e-008, 3.51392515086e-008, 1.57840190695e-007, 7.34938083724e-008, 8.68189431458e-008, 7.92419285744e-008, 6.92061590257e-008, 5.93666342752e-008, 7.3722929983e-008, 1.10213605353e-007, 9.3748290908e-008, 8.8745416349e-008, 1.08210080896e-007, 8.05869433407e-008, 3.11077243964e-008, 5.87967896593e-009, 3.16036419257e-010, 7.76533629065e-011, 2.45566171564e-011, 3.36549906867e-014, 2.91777352487e-018, 1.8774053074e-020]
        max: [1.41261971294e-005, 0.000775991764385, 0.00199803640135, 0.00342689314857, 0.0151082267985, 0.00653797248378, 0.00209686532617, 0.00236729742028, 0.00360902026296, 0.00331051996909, 0.00460014119744, 0.00488249631599, 0.0029125821311, 0.00470906822011, 0.00433004694059, 0.00654237577692, 0.0104618035257, 0.00585796730593, 0.00345260975882, 0.003067367943, 0.00176444498356, 0.000804868759587, 0.000244044233114, 0.000100939636468, 0.000107938263682, 3.49883725903e-006, 3.61471634847e-008, 9.29835985986e-010]
        mean: [7.12329665475e-007, 4.70139275421e-005, 0.000101914454717, 0.000113845671876, 0.000598598504439, 0.000378423836082, 8.77209968166e-005, 9.41738690017e-005, 0.000252128229477, 0.000171387087903, 0.000155443907715, 0.000160558251082, 0.000145789061207, 0.000117396099085, 0.000164297453011, 0.000228960925597, 0.000188900143257, 0.000217335677007, 0.000268595002126, 0.000222422007937, 0.000141651995364, 5.80363157496e-005, 1.09084558062e-005, 5.48579191673e-006, 2.09559766517e-006, 8.36695903672e-008, 7.49324102767e-010, 3.59660738691e-011]
        median: [1.82827420758e-007, 2.12142495002e-005, 4.37573362433e-005, 6.15949975327e-005, 0.000282826978946, 0.00024371733889, 5.2253883041e-005, 5.2384853916e-005, 0.00015687639825, 9.53391718213e-005, 7.31084874133e-005, 8.10627025203e-005, 7.15935966582e-005, 5.59426589462e-005, 9.78165044216e-005, 0.00015056450502, 0.000122966564959, 0.000138404997415, 0.000177492678631, 0.000145903148223, 9.31991380639e-005, 3.40268161381e-005, 5.81362473895e-006, 3.31481896865e-006, 1.0291801118e-006, 3.52641720269e-008, 3.15383164029e-010, 1.00416498033e-011]
        min: [5.3785197189e-025, 4.06710965866e-024, 1.67760698383e-024, 4.52802412508e-025, 2.52750955147e-024, 4.94168030124e-024, 7.02780482129e-024, 4.57552144018e-024, 2.38676524861e-023, 1.61126307173e-023, 1.8223688764e-023, 1.38261536711e-023, 3.45063758043e-023, 4.39891623054e-023, 4.92121062292e-023, 5.48686017957e-023, 6.83202137753e-023, 8.79801989443e-023, 1.26598152497e-022, 1.69986499404e-022, 2.48235215558e-022, 2.82725880409e-022, 4.50219756057e-022, 6.34709355918e-022, 8.81409208341e-022, 1.30906663374e-021, 1.82789668982e-021, 3.77300912344e-022]
        var: [2.30697622464e-012, 5.54677770381e-009, 3.05698577563e-008, 2.74244573717e-008, 1.37480753892e-006, 2.31751641877e-007, 1.71941039184e-008, 1.7476121883e-008, 9.04514152467e-008, 5.44835465632e-008, 7.20579151903e-008, 6.60910117745e-008, 5.65092186378e-008, 4.6348400673e-008, 7.20936128573e-008, 1.22951149706e-007, 8.00047672556e-008, 7.32701579409e-008, 9.05309534005e-008, 6.61368844135e-008, 2.54618122142e-008, 5.05497155245e-009, 2.88011614558e-010, 5.64695443184e-011, 1.29092491905e-011, 2.29263409337e-014, 1.88610104359e-018, 4.56053307982e-021]
    mfcc:
        mean: [-721.674377441, 94.9599990845, -58.3325500488, 30.4605960846, -24.0953903198, -5.10819005966, -5.58659219742, -5.35437488556, -4.50758886337, -8.38534259796, -9.47419166565, -9.06205272675, -8.0086812973]
        cov: [[8211.57421875, 817.932128906, 1108.95593262, 1298.44934082, 466.008270264, 685.013244629, 10.5501260757, -96.5171737671, -19.745552063, -62.7667732239, -342.074005127, -18.211435318, 157.759567261], [817.932128906, 620.870788574, 253.878463745, 306.715789795, 204.842651367, 140.118789673, 34.9208908081, -27.53358078, -5.00606584549, -21.0840072632, -64.2188568115, -2.77656912804, 43.2153816223], [1108.95593262, 253.878463745, 1014.6730957, 546.230407715, 487.948059082, 310.592193604, 103.298156738, -47.8499679565, 10.8121395111, 14.6753911972, -121.992156982, 29.7298564911, 96.235710144], [1298.44934082, 306.715789795, 546.230407715, 542.348571777, 319.338104248, 238.326568604, 32.4277191162, -48.1080284119, 10.9939479828, -5.13067674637, -98.7528610229, 6.17307376862, 72.7280044556], [466.008270264, 204.842651367, 487.948059082, 319.338104248, 383.571594238, 180.696990967, 60.844833374, -30.4709148407, 27.75756073, 25.5977725983, -58.997127533, 24.4885997772, 60.0146942139], [685.013244629, 140.118789673, 310.592193604, 238.326568604, 180.696990967, 211.139358521, 47.2218055725, -13.5163888931, 8.77609062195, 4.53905296326, -40.3410148621, 13.9159755707, 42.2718429565], [10.5501260757, 34.9208908081, 103.298156738, 32.4277191162, 60.844833374, 47.2218055725, 125.675697327, 39.9946708679, 24.5029430389, 14.9343166351, 5.99011659622, 12.2572422028, 12.7085905075], [-96.5171737671, -27.53358078, -47.8499679565, -48.1080284119, -30.4709148407, -13.5163888931, 39.9946708679, 86.1410522461, 29.9179553986, 8.46723556519, 25.0479755402, 9.10341262817, -4.2245721817], [-19.745552063, -5.00606584549, 10.8121395111, 10.9939479828, 27.75756073, 8.77609062195, 24.5029430389, 29.9179553986, 81.8359298706, 34.2509613037, 9.28169059753, 16.0105876923, 11.349691391], [-62.7667732239, -21.0840072632, 14.6753911972, -5.13067674637, 25.5977725983, 4.53905296326, 14.9343166351, 8.46723556519, 34.2509613037, 70.6957397461, 21.6275863647, 12.5849580765, 9.04272651672], [-342.074005127, -64.2188568115, -121.992156982, -98.7528610229, -58.997127533, -40.3410148621, 5.99011659622, 25.0479755402, 9.28169059753, 21.6275863647, 84.8647003174, 19.1027679443, -11.1041259766], [-18.211435318, -2.77656912804, 29.7298564911, 6.17307376862, 24.4885997772, 13.9159755707, 12.2572422028, 9.10341262817, 16.0105876923, 12.5849580765, 19.1027679443, 55.5010299683, 24.3052864075], [157.759567261, 43.2153816223, 96.235710144, 72.7280044556, 60.0146942139, 42.2718429565, 12.7085905075, -4.2245721817, 11.349691391, 9.04272651672, -11.1041259766, 24.3052864075, 65.5232391357]]
        icov: [[0.000247025396675, -6.51275840937e-005, 2.20160454774e-005, -0.000578124076128, 0.000465418532258, -0.000477241002955, 0.000123419173178, -0.000165577192092, 7.95865053078e-005, -0.000168695303728, 0.000515255436767, -0.000141042022733, 5.3669733461e-005], [-6.51275840937e-005, 0.00245744781569, 0.000704129633959, -0.00123535387684, -0.0010096100159, -6.98224766893e-006, -0.000620914797764, 3.85653002013e-005, 0.00041698187124, 0.000666992738843, 0.000193713029148, 0.000229167359066, -0.00029127363814], [2.20160454774e-005, 0.000704129633959, 0.00373105402105, -0.00173829239793, -0.00271094869822, -0.00107022456359, -0.00128681131173, -6.16172183072e-005, 0.00138152961154, -0.000378932832973, 0.00178068189416, -0.000830577802844, -0.000225922849495], [-0.000578124076128, -0.00123535387684, -0.00173829239793, 0.00809815432876, -0.00218073953874, -0.0019999362994, 0.00140484690201, 0.000882046064362, -0.00145602214616, 0.00117570499424, 0.00011086052109, 0.00162602483761, -0.00165120116435], [0.000465418532258, -0.0010096100159, -0.00271094869822, -0.00218073953874, 0.00942124519497, -0.00181207887363, -0.000654734729324, 0.00143788487185, -0.00158736866433, -0.00209699291736, 0.00100260879844, -0.00138963782229, -4.3242056563e-005], [-0.000477241002955, -6.98224766893e-006, -0.00107022456359, -0.0019999362994, -0.00181207887363, 0.012124504894, -0.0022490916308, 0.000288374489173, 0.000384422659408, 0.000410312175518, -0.0013830026146, -0.000465490127681, -0.000947039283346], [0.000123419173178, -0.000620914797764, -0.00128681131173, 0.00140484690201, -0.000654734729324, -0.0022490916308, 0.0120262587443, -0.00565092079341, -0.00080351595534, -0.00060077389935, -0.000781918875873, 0.000421590928454, -0.000270006421488], [-0.000165577192092, 3.85653002013e-005, -6.16172183072e-005, 0.000882046064362, 0.00143788487185, 0.000288374489173, -0.00565092079341, 0.0180069711059, -0.00620857207105, 0.00244300859049, -0.00324950995855, -0.000430973945186, 0.000586107140407], [7.95865053078e-005, 0.00041698187124, 0.00138152961154, -0.00145602214616, -0.00158736866433, 0.000384422659408, -0.00080351595534, -0.00620857207105, 0.0190692041069, -0.00812604650855, 0.00248144567013, -0.00299487845041, -0.00056832638802], [-0.000168695303728, 0.000666992738843, -0.000378932832973, 0.00117570499424, -0.00209699291736, 0.000410312175518, -0.00060077389935, 0.00244300859049, -0.00812604650855, 0.0207811836153, -0.00619409512728, 0.00115222355817, -0.00178967101965], [0.000515255436767, 0.000193713029148, 0.00178068189416, 0.00011086052109, 0.00100260879844, -0.0013830026146, -0.000781918875873, -0.00324950995855, 0.00248144567013, -0.00619409512728, 0.0212310981005, -0.008026602678, 0.0028097499162], [-0.000141042022733, 0.000229167359066, -0.000830577802844, 0.00162602483761, -0.00138963782229, -0.000465490127681, 0.000421590928454, -0.000430973945186, -0.00299487845041, 0.00115222355817, -0.008026602678, 0.0266138184816, -0.00980560481548], [5.3669733461e-005, -0.00029127363814, -0.000225922849495, -0.00165120116435, -4.3242056563e-005, -0.000947039283346, -0.000270006421488, 0.000586107140407, -0.00056832638802, -0.00178967101965, 0.0028097499162, -0.00980560481548, 0.0226888731122]]
    sccoeffs:
        dmean: [0.0578359141946, 0.0504068545997, 0.0365959182382, 0.0269605666399, 0.0185997765511, 0.0169977508485]
        dmean2: [0.0952044352889, 0.0855226069689, 0.0621188245714, 0.0455833300948, 0.031250257045, 0.0275896843523]
        dvar: [0.00248257187195, 0.00152892572805, 0.000800488051027, 0.000445296609541, 0.000229323850363, 0.000238334017922]
        dvar2: [0.00652664154768, 0.00437248265371, 0.00228429376148, 0.00125518452842, 0.000617651676293, 0.000574552337639]
        max: [-0.212959691882, -0.474146842957, -0.578742861748, -0.621679842472, -0.640777111053, -0.562273383141]
        mean: [-0.666098833084, -0.763778746128, -0.804473638535, -0.807963907719, -0.812265098095, -0.75448435545]
        median: [-0.676289975643, -0.767342329025, -0.807314395905, -0.810599625111, -0.815463066101, -0.757651507854]
        min: [-0.980294287205, -0.979084670544, -0.979278028011, -0.969318687916, -0.967025995255, -0.9637991786]
        var: [0.00734302820638, 0.00372995156795, 0.00186310673598, 0.00125797861256, 0.000839946558699, 0.001403830247]
    scvalleys:
        dmean: [0.405040711164, 0.349021941423, 0.277287751436, 0.224905669689, 0.191644579172, 0.250330090523]
        dmean2: [0.663520693779, 0.589146614075, 0.464199841022, 0.372185438871, 0.310155779123, 0.387143582106]
        dvar: [0.120703943074, 0.0864580497146, 0.0580077171326, 0.0440658219159, 0.0445600226521, 0.105084605515]
        dvar2: [0.301419079304, 0.229975998402, 0.146164894104, 0.101708963513, 0.0950497537851, 0.231584429741]
        max: [-5.03658866882, -4.48702287674, -4.79719114304, -5.36503362656, -5.49815511703, -7.65170049667]
        mean: [-7.76369094849, -6.76916694641, -6.64937162399, -6.99947023392, -7.19550657272, -9.77257347107]
        median: [-6.80070781708, -6.40643787384, -6.43697023392, -6.75536346436, -6.89709568024, -9.43148231506]
        min: [-28.3219966888, -28.156162262, -27.6907176971, -27.7912197113, -27.471118927, -27.4148578644]
        var: [5.67164468765, 2.61172652245, 2.33689546585, 2.26889252663, 2.34300088882, 2.31768655777]

rhythm:
    beats_loudness:
        dmean: 0.00399072282016
        dmean2: 0.0077173509635
        dvar: 1.50763225975e-005
        dvar2: 5.48797434021e-005
        max: 0.0167657844722
        mean: 0.00527675263584
        median: 0.00355410249904
        min: 0
        var: 2.10071575566e-005
    bpm: 88.7229003906
    bpm_confidence: 0
    first_peak_bpm: 88
    first_peak_spread: 0.287500023842
    first_peak_weight: 0.347560971975
    onset_rate: 1.98186314106
    second_peak_bpm: 136
    second_peak_spread: 0.567999958992
    second_peak_weight: 0.0823170766234
    beats_loudness_band_ratio:
        dmean: [0.0512954965234, 0.152764767408, 0.0746896713972, 0.0759420618415, 0.0942893326283, 0.0916162058711]
        dmean2: [0.0897260904312, 0.287662684917, 0.130496844649, 0.129939451814, 0.170532301068, 0.162487596273]
        dvar: [0.00409717205912, 0.018975423649, 0.00591855309904, 0.00556328706443, 0.00826118886471, 0.00878067500889]
        dvar2: [0.0117935948074, 0.0670933052897, 0.0177008584142, 0.0145046003163, 0.0227641873062, 0.0239041894674]
        max: [0.556624054909, 0.725717186928, 0.732268571854, 0.672921597958, 0.769186377525, 0.817944288254]
        mean: [0.0803110152483, 0.192217350006, 0.144486442208, 0.184375837445, 0.227081224322, 0.211055591702]
        median: [0.0625443309546, 0.148143708706, 0.101885251701, 0.14783988893, 0.205883637071, 0.205925658345]
        min: [0, 0, 0, 0, 0, 0]
        var: [0.00638945773244, 0.0282501392066, 0.0129225021228, 0.0136169176549, 0.0114744761959, 0.011658065021]
    beats_position: [0.325079351664, 0.66176867485, 0.99845802784, 1.34675729275, 1.70666658878, 2.06657600403, 2.43809509277, 2.79800438881, 3.15791368484, 3.50621318817, 3.85451245308, 4.21442174911, 4.57433080673, 4.93424034119, 5.30575942993, 5.67727899551, 6.09523820877, 6.51319694519, 6.93115615845, 7.4303855896, 7.91800451279, 8.40562343597, 8.893242836, 9.39247131348, 9.89170074463, 10.3909292221, 10.8088884354, 11.2152376175, 11.6215867996, 12.0975961685, 12.5619955063, 13.0263938904, 13.6185035706, 14.2106122971, 14.8607711792, 15.4993190765, 16.1378688812, 16.8460769653, 17.5542850494, 18.2741031647, 18.9939231873, 19.7021312714, 20.4103393555, 21.1069393158, 21.8035373688, 22.4885253906, 23.1735134125, 23.8468933105, 24.5202713013, 25.2052612305, 25.8902492523, 26.5752372742, 27.2602272034, 27.9336051941, 28.6185932159, 29.291973114, 29.9769611359, 30.6619491577, 31.3469390869, 32.0319252014, 32.7169151306, 33.3902931213, 34.0636711121, 34.7486610413, 35.4336509705, 36.118637085, 36.8036270142, 37.4886169434, 38.1736030579, 38.8469848633, 39.520362854, 40.2053489685, 40.8903388977, 41.5753288269, 42.2603149414, 42.9453048706, 43.6302947998, 44.3036727905, 44.9770507813, 45.6620407104, 46.347026825, 47.0204086304, 47.7053947449, 48.3903846741, 49.0753746033, 49.7603607178, 50.4337387085, 51.1071205139, 51.7921066284, 52.4770965576, 53.1620864868, 53.8470726013, 54.5204544067, 55.2054405212, 55.8904304504, 56.5754165649, 57.2604064941, 57.9337844849, 58.6187744141, 59.2921524048, 59.977142334, 60.6621322632, 61.3471183777, 62.0321083069, 62.7170982361, 63.3904762268, 64.0754623413, 64.7604522705, 65.4338302612, 66.1188201904, 66.8038101196, 67.4771881104, 68.1621780396, 68.8355560303, 69.5205459595, 70.2055282593, 70.8905181885, 71.5638961792, 72.2488861084, 72.9338760376, 73.6072540283, 74.2922439575, 74.9772338867, 75.6506118774, 76.3356018066, 77.0205917358, 77.7171859741, 78.3905639648, 79.075553894, 79.7605438232, 80.433921814, 81.1189117432, 81.8039016724, 82.4888839722, 83.1738739014, 83.8472518921, 84.5206298828, 85.205619812, 85.8906097412, 86.5755996704, 87.2605895996, 87.9455795288, 88.6305618286, 89.3039474487, 89.9773254395, 90.6623077393, 91.3472976685, 92.0206756592, 92.7172775269, 93.3906555176, 94.0640335083, 94.7490234375, 95.4340133667, 96.1190032959, 96.8039855957, 97.4773712158, 98.1507492065, 98.8357315063, 99.5207214355, 100.194099426, 100.879089355, 101.564079285, 102.237457275, 102.922447205, 103.607437134, 104.292427063, 104.977409363, 105.662399292, 106.347389221, 107.03237915, 107.71736908, 108.39074707, 109.064125061, 109.74911499, 110.434104919, 111.119087219, 111.804077148, 112.477455139, 113.162445068, 113.847434998, 114.520812988, 115.205802917, 115.890792847, 116.575782776, 117.260765076, 117.934150696, 118.607528687, 119.292518616, 119.977500916, 120.662490845, 121.347480774, 122.020858765, 122.717460632, 123.390838623, 124.064216614, 124.749206543, 125.434196472, 126.119178772, 126.804168701, 127.477546692, 128.162536621, 128.847518921, 129.520904541, 130.205886841, 130.890884399, 131.575866699, 132.260864258, 132.945846558, 133.630844116, 134.304214478, 134.977600098, 135.662582397, 136.347564697, 137.020950317, 137.705932617, 138.390930176, 139.075912476, 139.760910034, 140.434280396, 141.119277954, 141.804260254, 142.489242554, 143.174240112, 143.847610474, 144.532608032, 145.217590332, 145.890975952, 146.564346313, 147.249343872, 147.934326172, 148.607711792, 149.292694092, 149.97769165, 150.66267395, 151.34765625, 152.032653809, 152.717636108, 153.391021729, 154.06439209, 154.749389648, 155.434371948, 156.119369507, 156.804351807, 157.477722168, 158.162719727, 158.847702026, 159.521087646, 160.206069946, 160.891067505, 161.576049805, 162.261047363, 162.934417725, 163.607803345, 164.292785645, 164.977767944, 165.662765503, 166.347747803, 167.032745361, 167.717727661, 168.216964722, 168.716186523, 169.238632202, 169.691421509, 170.144210815, 170.585388184, 171.026565552, 171.467758179, 171.908935547, 172.338500977, 172.768066406, 173.209243774, 173.638824463, 174.080001831, 174.509567261, 174.93913269, 175.36869812, 175.809890747, 176.239456177, 176.669021606, 177.098587036, 177.528152466, 177.957733154, 178.398910522, 178.840087891, 179.281265259, 179.722442627, 180.163619995, 180.604797363, 181.034378052, 181.47555542, 181.916732788, 182.357910156, 182.799087524, 183.240264893, 183.681442261, 184.134231567, 184.575408936, 185.016601563, 185.457778931, 185.875732422, 186.293685913, 186.711654663, 187.129608154, 187.547576904, 187.953918457, 188.371871948, 188.77822876, 189.184570313, 189.590927124, 189.997268677, 190.403625488, 190.821578979, 191.239547729, 191.657501221, 192.098678589, 192.539855957, 192.981033325, 193.422225952, 193.86340332, 194.304580688, 194.745758057, 195.186935425, 195.616500854, 196.046066284, 196.487258911, 196.928436279, 197.369613647, 197.799179077, 198.228744507, 198.658325195, 199.087890625, 199.529067993, 199.970245361, 200.411422729, 200.864212036, 201.317001343, 201.769790649, 202.199356079, 202.628936768, 203.058502197, 203.476455688, 203.906021118, 204.323989868, 204.753555298, 205.171508789, 205.601089478, 206.030654907, 206.460220337, 206.901397705, 207.342575073, 207.7837677, 208.190109253, 208.596466064, 209.002807617, 209.409164429, 209.82711792, 210.245071411, 210.663040161, 211.18548584, 211.707931519, 212.230377197, 212.79927063, 213.368164063, 213.937042236, 214.459503174, 214.981948853, 215.539230347, 216.108108521, 216.677001953, 217.373596191, 218.05859375, 218.74357605, 219.428573608, 220.10194397, 220.77532959, 221.425476074, 222.087249756, 222.749023438, 223.399185181, 224.037734985, 224.676269531, 225.326431274, 225.976593018, 226.626754761, 227.276916504, 227.927078247, 228.577224731, 229.204162598, 229.831100464, 230.481262207, 231.13142395, 231.769973755, 232.40852356, 233.047073364, 233.685623169, 234.312561035, 234.939498901, 235.589660645, 236.239807129, 236.878356934, 237.516906738, 238.167068481, 238.817230225, 239.479003906, 240.140762329, 240.814147949, 241.487518311, 242.149291992, 242.799453735, 243.461227417, 244.12298584, 244.761535645, 245.411697388, 246.061859131, 246.735229492, 247.385391235, 248.035552979, 248.685714722, 249.335861206, 249.986022949, 250.624572754, 251.274734497, 251.92489624, 252.563446045, 253.213607788, 253.852142334, 254.490692139, 255.129241943, 255.767791748, 256.41796875, 257.079711914, 257.718261719, 258.368438721, 259.018585205, 259.668762207, 260.365356445, 261.050323486, 261.712097168, 262.385467529, 263.047241211, 263.72064209, 264.382385254, 265.055786133, 265.705932617, 266.356109619, 267.006256104, 267.656402588, 268.294952393, 268.933502197, 269.618499756, 270.303497314, 270.953643799, 271.603790283, 272.230743408, 272.857696533, 273.484619141, 274.111572266, 274.75012207, 275.400268555, 276.050415039, 276.677368164, 277.315917969, 277.966064453, 278.604614258, 279.243164063, 279.881713867, 280.520263672, 281.158813477, 281.797363281, 282.447509766, 283.109283447, 283.771057129, 284.432830811, 285.094604492, 285.744750977, 286.394927979, 287.045074463, 287.706848145, 288.368621826, 289.03036499, 289.692138672, 290.342315674, 290.992462158, 291.631011963, 292.292785645, 292.942932129, 293.581481934, 294.220031738, 294.87020874, 295.520355225, 296.170501709, 296.809051514, 297.447601318, 298.09777832, 298.747924805, 299.398101807, 300.048248291, 300.686798096, 301.3253479, 301.975494385, 302.660491943, 303.357086182, 304.05368042, 304.761901855, 305.470092773, 306.189941406, 306.898132324, 307.617950439, 308.326171875, 309.034362793, 309.707763672, 310.381134033, 310.868743896, 311.35635376, 311.85559082, 312.296783447, 312.726348877, 313.167510986, 313.608703613, 314.049865723, 314.49105835, 314.932250977, 315.361816406, 315.791381836, 316.220947266, 316.650512695, 317.080078125, 317.509643555, 317.939208984, 318.322357178, 318.705474854, 319.088623047, 319.471740723, 319.866485596, 320.261230469, 320.655944824, 321.050689697, 321.44543457, 321.851776123, 322.246520996, 322.664489746, 323.070831299, 323.488800049, 323.964813232, 324.429199219, 324.881988525, 325.334777832, 325.799163818, 326.263580322, 326.727966309, 327.192382813, 327.645172119, 328.097961426, 328.550750732, 329.015136719, 329.479553223, 329.932342529, 330.385131836, 330.837921143, 331.290710449, 331.743499756, 332.196289063, 332.649078369, 333.101867676, 333.554656982, 334.007446289, 334.483428955, 334.959442139, 335.44708252, 335.946289063, 336.445526123, 336.944763184, 337.443969727, 337.943206787, 338.442443848, 338.895233154, 339.336425781, 339.777587891, 340.218780518, 340.671569824, 341.124359131, 341.577148438, 342.029937744, 342.471099854, 342.91229248, 343.35345459, 343.806243896, 344.259033203, 344.71182251, 345.11819458, 345.524536133, 345.930877686, 346.325622559, 346.731964111, 347.138305664, 347.544677734, 347.951019287, 348.34576416, 348.740478516, 349.135223389, 349.576416016, 350.017578125, 350.458770752, 350.911560059, 351.364349365, 351.828735352, 352.339599609, 352.838806152, 353.338043213, 353.848876953, 354.359710693, 354.870574951, 355.393005371, 355.915466309, 356.437896729, 356.902313232, 357.355102539, 357.807891846, 358.260681152, 358.713470459, 359.166259766, 359.619049072, 359.978942871, 360.338867188, 360.698760986, 361.058685303, 361.430206299, 361.801727295, 362.173248291, 362.544769287, 362.927886963, 363.299407959, 363.670928955, 364.042449951, 364.425567627, 364.8203125, 365.215057373, 365.609802246, 365.992919922, 366.376037598, 366.759185791, 367.142303467, 367.525421143, 367.920166016, 368.303314209, 368.686431885, 369.069549561, 369.452697754, 369.847442627, 370.242156982, 370.648529053, 371.054870605, 371.461212158, 371.867553711, 372.273925781, 372.680267334, 373.086608887]
