
metadata:
    version:
        essentia: "2.1-beta2"
    audio_properties:
        analysis_sample_rate: 44100
        bitrate: 128
        channels: 2
        equal_loudness: 1
        length: 471.797546387
        replay_gain: -16.2206611633
        downmix: "mix"
    tags:
        album: ""
        artist: ""
        comment: ""
        date: ""
        genre: ""
        title: ""
        tracknumber: ""

configuration:
    average_loudness:
        compute: 1
        frameSize: 88200
        hopSize: 44100
        silentFrames: "noise"
        windowType: "hann"
    general:
        analysisSampleRate: 44100
        endTime: 2000
        equalLoudness: 1
        nequalLoudness: 0
        shortSound: 0
        startTime: 0
    lowlevel:
        compute: 1
        frameSize: 2048
        hopSize: 1024
        zeroPadding: 0
        silentFrames: "noise"
        windowType: "blackmanharris62"
        mfccStats: ["mean", "cov", "icov"]
        stats: ["mean", "var", "median", "min", "max", "dmean", "dmean2", "dvar", "dvar2"]
    panning:
        compute: 0
        frameSize: 8192
        hopSize: 2048
        zeroPadding: 8192
        silentFrames: "noise"
        windowType: "hann"
        stats: ["copy"]
    rhythm:
        compute: 1
        maxTempo: 208
        minTempo: 40
        method: "degara"
        stats: ["mean", "var", "median", "min", "max", "dmean", "dmean2", "dvar", "dvar2"]
    segmentation:
        compute: 0
        cpw: 5
        inc1: 300
        inc2: 50
        minimumSegmentsLength: 10
        size1: 1000
        size2: 600
    sfx:
        compute: 1
        stats: ["mean", "var", "median", "min", "max", "dmean", "dmean2", "dvar", "dvar2"]
    svm:
        compute: 0
    tonal:
        compute: 1
        frameSize: 4096
        hopSize: 2048
        zeroPadding: 0
        silentFrames: "noise"
        windowType: "blackmanharris62"
        stats: ["mean", "var", "median", "min", "max", "dmean", "dmean2", "dvar", "dvar2"]

lowlevel:
    average_loudness: 0.930934369564
    barkbands_kurtosis:
        dmean: 0.696321427822
        dmean2: 1.15411734581
        dvar: 0.605016946793
        dvar2: 1.58440673351
        max: 26.5154247284
        mean: -0.333695501089
        median: -0.57159113884
        min: -1.86258172989
        var: 1.24394214153
    barkbands_skewness:
        dmean: 0.338306903839
        dmean2: 0.554423630238
        dvar: 0.0856849551201
        dvar2: 0.226700037718
        max: 4.71724319458
        mean: -0.596072614193
        median: -0.679532289505
        min: -3.16477680206
        var: 0.398456484079
    barkbands_spread:
        dmean: 4.98768949509
        dmean2: 8.18474674225
        dvar: 23.9126110077
        dvar2: 64.5466461182
        max: 68.6667327881
        mean: 28.1456413269
        median: 27.861831665
        min: 1.416893363
        var: 114.970581055
    dissonance:
        dmean: 0.0129334572703
        dmean2: 0.0219852589071
        dvar: 0.000350717367837
        dvar2: 0.00094310665736
        max: 0.500000059605
        mean: 0.477709323168
        median: 0.486438691616
        min: 0.141927704215
        var: 0.00102302804589
    hfc:
        dmean: 2.55168223381
        dmean2: 4.29707860947
        dvar: 8.21155166626
        dvar2: 22.7312660217
        max: 45.4802474976
        mean: 10.903128624
        median: 11.0337600708
        min: 1.07042187288e-016
        var: 29.996219635
    pitch:
        dmean: 678.851989746
        dmean2: 1307.89196777
        dvar: 1246428
        dvar2: 3202746.25
        max: 4463.78857422
        mean: 964.304748535
        median: 276.525787354
        min: 70.1076812744
        var: 1461993.375
    pitch_instantaneous_confidence:
        dmean: 0.0908433049917
        dmean2: 0.147455379367
        dvar: 0.00598885538056
        dvar2: 0.0147871095687
        max: 0.975944399834
        mean: 0.436176896095
        median: 0.403318971395
        min: 0.0923367738724
        var: 0.0301388949156
    pitch_salience:
        dmean: 0.0515731647611
        dmean2: 0.0866258442402
        dvar: 0.00189509312622
        dvar2: 0.00520323589444
        max: 0.904305994511
        mean: 0.672003507614
        median: 0.682233452797
        min: 0.208872392774
        var: 0.00528171053156
    silence_rate_20dB:
        dmean: 0
        dmean2: 0
        dvar: 0
        dvar2: 0
        max: 1
        mean: 1
        median: 1
        min: 1
        var: 0
    silence_rate_30dB:
        dmean: 0
        dmean2: 0
        dvar: 0
        dvar2: 0
        max: 1
        mean: 1
        median: 1
        min: 1
        var: 0
    silence_rate_60dB:
        dmean: 0.022737339139
        dmean2: 0.0454769171774
        dvar: 0.0222220998257
        dvar2: 0.0530618689954
        max: 1
        mean: 0.144832670689
        median: 0
        min: 0
        var: 0.123865433037
    spectral_centroid:
        dmean: 207.714706421
        dmean2: 345.89251709
        dvar: 43538.9921875
        dvar2: 116423.539063
        max: 11590.7011719
        mean: 2030.01831055
        median: 2077.03173828
        min: 497.432159424
        var: 463557.125
    spectral_complexity:
        dmean: 3.8157389164
        dmean2: 6.21114301682
        dvar: 14.7806053162
        dvar2: 36.8170852661
        max: 51
        mean: 19.7648620605
        median: 20
        min: 0
        var: 82.9478225708
    spectral_crest:
        dmean: 1.64230430126
        dmean2: 2.77936196327
        dvar: 2.27337551117
        dvar2: 6.11521673203
        max: 25.4559650421
        mean: 6.22036457062
        median: 5.57940387726
        min: 2.32524466515
        var: 6.46889066696
    spectral_decrease:
        dmean: 2.29284022324e-010
        dmean2: 3.79184045274e-010
        dvar: 7.83534427532e-020
        dvar2: 2.072053184e-019
        max: 2.02540928158e-028
        mean: -1.1343359585e-009
        median: -1.07769104751e-009
        min: -4.03005540051e-009
        var: 3.27480726962e-019
    spectral_energy:
        dmean: 0.00106878124643
        dmean2: 0.00177192140836
        dvar: 1.59728028848e-006
        dvar2: 4.2466845116e-006
        max: 0.0175620336086
        mean: 0.00527018215507
        median: 0.00510387308896
        min: 9.78378565653e-021
        var: 6.81485380483e-006
    spectral_energyband_high:
        dmean: 0.00018153541896
        dmean2: 0.000315355922794
        dvar: 7.64986793911e-008
        dvar2: 2.1274819062e-007
        max: 0.00367080862634
        mean: 0.000423984689405
        median: 0.000372888403945
        min: 7.05404116749e-021
        var: 1.01660823759e-007
    spectral_energyband_low:
        dmean: 0.000167586273164
        dmean2: 0.000289466261165
        dvar: 6.79604141851e-008
        dvar2: 1.91464252453e-007
        max: 0.00345887220465
        mean: 0.000353595998604
        median: 0.000285207788693
        min: 1.23040000117e-023
        var: 1.05022913033e-007
    spectral_energyband_middle_high:
        dmean: 0.000812468468212
        dmean2: 0.00133743928745
        dvar: 6.7899509304e-007
        dvar2: 1.79800997557e-006
        max: 0.0141696734354
        mean: 0.00353140803054
        median: 0.00337819918059
        min: 1.27518696375e-021
        var: 3.88746548197e-006
    spectral_energyband_middle_low:
        dmean: 0.000437812355813
        dmean2: 0.000734629109502
        dvar: 5.44791930679e-007
        dvar2: 1.5005584828e-006
        max: 0.00995308347046
        mean: 0.00105423259083
        median: 0.000848197611049
        min: 1.44103114823e-022
        var: 8.50257265483e-007
    spectral_flatness_db:
        dmean: 0.0143776824698
        dmean2: 0.0227829515934
        dvar: 0.00016350360238
        dvar2: 0.000389875669498
        max: 0.562733411789
        mean: 0.163823544979
        median: 0.147101759911
        min: 0.0585624836385
        var: 0.0048545897007
    spectral_flux:
        dmean: 0.00643977057189
        dmean2: 0.0101620592177
        dvar: 4.11409964727e-005
        dvar2: 8.85176559677e-005
        max: 0.100759997964
        mean: 0.0433683134615
        median: 0.0448283441365
        min: 6.30145519098e-011
        var: 0.000270408025244
    spectral_kurtosis:
        dmean: 2.95923471451
        dmean2: 5.16416883469
        dvar: 75.565032959
        dvar2: 228.550003052
        max: 146.128952026
        mean: 7.45517873764
        median: 3.50356125832
        min: -1.26191830635
        var: 241.206497192
    spectral_rms:
        dmean: 0.000217757988139
        dmean2: 0.000356004340574
        dvar: 4.98818444328e-008
        dvar2: 1.30257348019e-007
        max: 0.00413928646594
        mean: 0.00215098820627
        median: 0.00223145447671
        min: 3.0895236456e-012
        var: 5.14891041803e-007
    spectral_rolloff:
        dmean: 251.432052612
        dmean2: 426.247131348
        dvar: 77845.453125
        dvar2: 188426.734375
        max: 19659.8144531
        mean: 3311.92431641
        median: 3359.1796875
        min: 581.396484375
        var: 1185793.125
    spectral_skewness:
        dmean: 0.274901270866
        dmean2: 0.47217220068
        dvar: 0.286609023809
        dvar2: 0.884502828121
        max: 8.96463680267
        mean: 1.51870703697
        median: 1.29162073135
        min: -0.0951844975352
        var: 0.988836169243
    spectral_spread:
        dmean: 366420.34375
        dmean2: 536717.25
        dvar: 225023557632
        dvar2: 414900289536
        max: 42947904
        mean: 3900756.75
        median: 3720800.5
        min: 460919.34375
        var: 5.87883557683e+012
    spectral_strongpeak:
        dmean: 0.795577645302
        dmean2: 1.38657879829
        dvar: 0.817344307899
        dvar2: 2.19349312782
        max: 7.80199146271
        mean: 1.13641345501
        median: 0.765520572662
        min: 8.69675928494e-011
        var: 1.28162789345
    zerocrossingrate:
        dmean: 0.00558054586872
        dmean2: 0.00715457741171
        dvar: 3.01853488054e-005
        dvar2: 4.28087769251e-005
        max: 0.529296875
        mean: 0.107444941998
        median: 0.11083984375
        min: 0.02734375
        var: 0.00095654866891
    barkbands:
        dmean: [2.4094660489e-007, 6.91810055287e-005, 9.8373144283e-005, 7.93199578766e-005, 0.000171474239323, 8.05231466074e-005, 8.27442272566e-005, 8.99214937817e-005, 0.000168107028003, 0.000137345108669, 8.27166804811e-005, 8.62986053107e-005, 8.57165432535e-005, 0.000172513100551, 0.000111651708721, 0.000182250165381, 0.000304298446281, 0.000288821349386, 0.000295318488497, 0.000158169845236, 9.68243475654e-005, 2.66975239356e-005, 5.10746895088e-006, 2.02967157747e-006, 9.80290224106e-007, 5.07205051292e-008, 2.232711932e-010]
        dmean2: [3.79376700721e-007, 0.000123339646962, 0.000170340281329, 0.000138595351018, 0.00030376308132, 0.000132366680191, 0.000139094132464, 0.000149420113303, 0.000270536023891, 0.000221333437366, 0.000135476511787, 0.000141614058521, 0.000139367388329, 0.00028429782833, 0.000183417054359, 0.000306892878143, 0.00051022390835, 0.00048601711751, 0.000500756432302, 0.000275713508017, 0.000168420927366, 4.55539193354e-005, 8.24738708616e-006, 3.05533035316e-006, 1.45353169501e-006, 7.52808801963e-008, 4.1377251625e-010]
        dvar: [2.35931635556e-013, 1.56559867293e-008, 2.61303121363e-008, 1.4212814925e-008, 1.56017549102e-007, 3.0401668738e-008, 2.87837735868e-008, 3.86041882905e-008, 9.73213616362e-008, 5.69591414035e-008, 3.60330965066e-008, 4.1915381388e-008, 2.99866762532e-008, 7.30548777028e-008, 4.97416401402e-008, 5.61874635707e-008, 1.18272467375e-007, 1.01235805516e-007, 9.70605640305e-008, 5.05550517005e-008, 1.74278049769e-008, 1.83107262686e-009, 1.86991408468e-010, 2.94268498457e-011, 6.74329559205e-012, 3.12511111824e-014, 9.66884180183e-020]
        dvar2: [5.28776295753e-013, 4.42508003573e-008, 7.48661435068e-008, 4.05467552866e-008, 4.55277842093e-007, 7.43883106225e-008, 7.63184431207e-008, 1.01578493172e-007, 2.48848124329e-007, 1.46253540834e-007, 9.4121354266e-008, 1.06887235063e-007, 7.58209495189e-008, 1.90583449466e-007, 1.29665622239e-007, 1.5005345233e-007, 3.18272213917e-007, 2.7820723858e-007, 2.70955894166e-007, 1.41686228972e-007, 4.94002954099e-008, 4.6169694734e-009, 3.91287030554e-010, 5.9390027618e-011, 1.30837181367e-011, 6.19484661051e-014, 3.06939841949e-019]
        max: [4.04688989875e-006, 0.00132637028582, 0.00254323682748, 0.00227521639317, 0.00559419766068, 0.00745874224231, 0.00523862568662, 0.00393779762089, 0.00594690348953, 0.00554986577481, 0.00427927076817, 0.00511909089983, 0.00407519144937, 0.00601817341521, 0.00434020254761, 0.0054207383655, 0.00556067377329, 0.00572168966755, 0.00488606514409, 0.0026241960004, 0.00180864974391, 0.00158614269458, 0.00060522230342, 0.000173919834197, 0.000109837594209, 8.33842659631e-006, 4.25203694476e-009]
        mean: [2.23211458206e-007, 0.000120926793898, 0.000170023122337, 0.000131943932502, 0.000245405884925, 0.000117014453281, 0.000117109302664, 0.000124490528833, 0.000272822042461, 0.00023183329904, 0.000132492466946, 0.000145881305798, 0.000147747123265, 0.000302674161503, 0.000210386235267, 0.0003421510919, 0.000606142973993, 0.000628418812994, 0.000652309739962, 0.000296733545838, 0.000207627032069, 5.00586575072e-005, 9.32708098844e-006, 4.41576867161e-006, 1.93332493836e-006, 9.06197570316e-008, 1.76781575489e-010]
        median: [1.21395045127e-008, 8.00754205557e-005, 0.000109997366962, 8.49698772072e-005, 0.000159513874678, 6.50911752018e-005, 6.59216457279e-005, 5.58765277674e-005, 0.000130319400341, 0.000104077029391, 4.62705356767e-005, 5.72181052121e-005, 6.49323919788e-005, 0.000167604768649, 8.2659367763e-005, 0.000248220487265, 0.000510997604579, 0.000562099914532, 0.000598850368988, 0.000250730838161, 0.000182674877578, 3.58317265636e-005, 5.23844937561e-006, 2.19767707677e-006, 9.43837108025e-007, 2.48586751184e-008, 6.61227739229e-011]
        min: [7.53091486588e-025, 1.70603516427e-024, 1.13893814647e-024, 1.12003427817e-024, 4.98275983845e-024, 7.90461109567e-024, 7.0574383812e-024, 6.76255428622e-024, 1.86605236457e-023, 2.15008930656e-023, 1.74295535347e-023, 2.0943897313e-023, 2.41503644573e-023, 4.95630767569e-023, 5.14161741321e-023, 4.73765625869e-023, 7.92727964487e-023, 9.92940736015e-023, 9.0204060945e-023, 1.64519478761e-022, 2.61400534138e-022, 3.43426947395e-022, 3.78703671117e-022, 5.51820244375e-022, 9.44204757829e-022, 1.23669691295e-021, 1.87692430672e-021]
        var: [2.57357150998e-013, 1.75351804188e-008, 4.00498016973e-008, 2.49639278138e-008, 1.34171358468e-007, 3.97990334022e-008, 3.82698424062e-008, 5.12126128172e-008, 1.91781296621e-007, 1.29949228267e-007, 7.07055463067e-008, 9.39821376278e-008, 6.54775647035e-008, 1.5681673915e-007, 1.32043069812e-007, 1.33028905225e-007, 2.26596213793e-007, 1.9877950308e-007, 1.9006360219e-007, 5.82125139204e-008, 2.38932020835e-008, 3.40797723375e-009, 3.74961034444e-010, 7.49016196289e-011, 1.72118170411e-011, 7.71546184147e-014, 7.83566997768e-020]
    frequency_bands:
        dmean: [2.4094660489e-007, 6.91810055287e-005, 9.8373144283e-005, 7.93199578766e-005, 0.000171474239323, 8.05231466074e-005, 8.27442272566e-005, 8.99214937817e-005, 0.000168107028003, 0.000137345108669, 8.27166804811e-005, 8.62986053107e-005, 8.57165432535e-005, 0.000172513100551, 0.000111651708721, 0.000182250165381, 0.000304298446281, 0.000288821349386, 0.000295318488497, 0.000158169845236, 9.68243475654e-005, 2.66975239356e-005, 5.10746895088e-006, 2.02967157747e-006, 9.80290224106e-007, 5.07205051292e-008, 2.232711932e-010, 6.34173477621e-011]
        dmean2: [3.79376700721e-007, 0.000123339646962, 0.000170340281329, 0.000138595351018, 0.00030376308132, 0.000132366680191, 0.000139094132464, 0.000149420113303, 0.000270536023891, 0.000221333437366, 0.000135476511787, 0.000141614058521, 0.000139367388329, 0.00028429782833, 0.000183417054359, 0.000306892878143, 0.00051022390835, 0.00048601711751, 0.000500756432302, 0.000275713508017, 0.000168420927366, 4.55539193354e-005, 8.24738708616e-006, 3.05533035316e-006, 1.45353169501e-006, 7.52808801963e-008, 4.1377251625e-010, 1.17574699976e-010]
        dvar: [2.35931635556e-013, 1.56559867293e-008, 2.61303121363e-008, 1.4212814925e-008, 1.56017549102e-007, 3.0401668738e-008, 2.87837735868e-008, 3.86041882905e-008, 9.73213616362e-008, 5.69591414035e-008, 3.60330965066e-008, 4.1915381388e-008, 2.99866762532e-008, 7.30548777028e-008, 4.97416401402e-008, 5.61874635707e-008, 1.18272467375e-007, 1.01235805516e-007, 9.70605640305e-008, 5.05550517005e-008, 1.74278049769e-008, 1.83107262686e-009, 1.86991408468e-010, 2.94268498457e-011, 6.74329559205e-012, 3.12511111824e-014, 9.66884180183e-020, 7.81745778704e-021]
        dvar2: [5.28776295753e-013, 4.42508003573e-008, 7.48661435068e-008, 4.05467552866e-008, 4.55277842093e-007, 7.43883106225e-008, 7.63184431207e-008, 1.01578493172e-007, 2.48848124329e-007, 1.46253540834e-007, 9.4121354266e-008, 1.06887235063e-007, 7.58209495189e-008, 1.90583449466e-007, 1.29665622239e-007, 1.5005345233e-007, 3.18272213917e-007, 2.7820723858e-007, 2.70955894166e-007, 1.41686228972e-007, 4.94002954099e-008, 4.6169694734e-009, 3.91287030554e-010, 5.9390027618e-011, 1.30837181367e-011, 6.19484661051e-014, 3.06939841949e-019, 2.48278244702e-020]
        max: [4.04688989875e-006, 0.00132637028582, 0.00254323682748, 0.00227521639317, 0.00559419766068, 0.00745874224231, 0.00523862568662, 0.00393779762089, 0.00594690348953, 0.00554986577481, 0.00427927076817, 0.00511909089983, 0.00407519144937, 0.00601817341521, 0.00434020254761, 0.0054207383655, 0.00556067377329, 0.00572168966755, 0.00488606514409, 0.0026241960004, 0.00180864974391, 0.00158614269458, 0.00060522230342, 0.000173919834197, 0.000109837594209, 8.33842659631e-006, 4.25203694476e-009, 1.2010480388e-009]
        mean: [2.23211458206e-007, 0.000120926793898, 0.000170023122337, 0.000131943932502, 0.000245405884925, 0.000117014453281, 0.000117109302664, 0.000124490528833, 0.000272822042461, 0.00023183329904, 0.000132492466946, 0.000145881305798, 0.000147747123265, 0.000302674161503, 0.000210386235267, 0.0003421510919, 0.000606142973993, 0.000628418812994, 0.000652309739962, 0.000296733545838, 0.000207627032069, 5.00586575072e-005, 9.32708098844e-006, 4.41576867161e-006, 1.93332493836e-006, 9.06197570316e-008, 1.76781575489e-010, 4.93539237256e-011]
        median: [1.21395045127e-008, 8.00754205557e-005, 0.000109997366962, 8.49698772072e-005, 0.000159513874678, 6.50911752018e-005, 6.59216457279e-005, 5.58765277674e-005, 0.000130319400341, 0.000104077029391, 4.62705356767e-005, 5.72181052121e-005, 6.49323919788e-005, 0.000167604768649, 8.2659367763e-005, 0.000248220487265, 0.000510997604579, 0.000562099914532, 0.000598850368988, 0.000250730838161, 0.000182674877578, 3.58317265636e-005, 5.23844937561e-006, 2.19767707677e-006, 9.43837108025e-007, 2.48586751184e-008, 6.61227739229e-011, 1.78005422902e-011]
        min: [7.53091486588e-025, 1.70603516427e-024, 1.13893814647e-024, 1.12003427817e-024, 4.98275983845e-024, 7.90461109567e-024, 7.0574383812e-024, 6.76255428622e-024, 1.86605236457e-023, 2.15008930656e-023, 1.74295535347e-023, 2.0943897313e-023, 2.41503644573e-023, 4.95630767569e-023, 5.14161741321e-023, 4.73765625869e-023, 7.92727964487e-023, 9.92940736015e-023, 9.0204060945e-023, 1.64519478761e-022, 2.61400534138e-022, 3.43426947395e-022, 3.78703671117e-022, 5.51820244375e-022, 9.44204757829e-022, 1.23669691295e-021, 1.87692430672e-021, 5.41155703217e-022]
        var: [2.57357150998e-013, 1.75351804188e-008, 4.00498016973e-008, 2.49639278138e-008, 1.34171358468e-007, 3.97990334022e-008, 3.82698424062e-008, 5.12126128172e-008, 1.91781296621e-007, 1.29949228267e-007, 7.07055463067e-008, 9.39821376278e-008, 6.54775647035e-008, 1.5681673915e-007, 1.32043069812e-007, 1.33028905225e-007, 2.26596213793e-007, 1.9877950308e-007, 1.9006360219e-007, 5.82125139204e-008, 2.38932020835e-008, 3.40797723375e-009, 3.74961034444e-010, 7.49016196289e-011, 1.72118170411e-011, 7.71546184147e-014, 7.83566997768e-020, 6.29209634781e-021]
    mfcc:
        mean: [-706.177734375, 95.1944122314, -63.730178833, 46.0795249939, -10.6726636887, -4.89829111099, 1.24398934841, 2.86881041527, 2.60134482384, -1.78429305553, 1.44320368767, -1.37569987774, -9.85154819489]
        cov: [[10226.5849609, 742.275024414, -521.023864746, 2449.22875977, 173.456970215, 388.452575684, 151.773956299, 267.290802002, 599.311950684, -7.29586839676, -298.096252441, -105.144004822, -333.096923828], [742.275024414, 467.165222168, -248.097518921, 90.4660873413, -48.6067619324, -40.7916297913, 4.20532989502, 11.8961963654, 8.69230079651, 0.19036963582, 5.59242630005, 7.8680768013, -30.90858078], [-521.023864746, -248.097518921, 371.383178711, -16.2363681793, 46.6751174927, 20.6506080627, 6.42794704437, 5.51363754272, -5.07201385498, -17.1489086151, -3.71695899963, 8.78404903412, 33.5907363892], [2449.22875977, 90.4660873413, -16.2363681793, 1138.27966309, 151.594009399, 167.443237305, 45.9673805237, 109.901496887, 255.384124756, 2.64205527306, -124.568740845, -7.90284633636, -105.254135132], [173.456970215, -48.6067619324, 46.6751174927, 151.594009399, 137.843231201, 55.7428817749, -2.23453044891, -7.91944265366, 42.3759231567, 13.9354925156, -13.1394462585, -5.99351167679, -4.13491535187], [388.452575684, -40.7916297913, 20.6506080627, 167.443237305, 55.7428817749, 127.41318512, 47.0703239441, 22.105014801, 50.8271064758, 2.37428188324, -27.6975059509, -8.03488826752, -21.311416626], [151.773956299, 4.20532989502, 6.42794704437, 45.9673805237, -2.23453044891, 47.0703239441, 96.2118606567, 51.2528190613, 20.3036174774, -14.6877508163, -11.5630836487, 0.630276918411, -8.68561935425], [267.290802002, 11.8961963654, 5.51363754272, 109.901496887, -7.91944265366, 22.105014801, 51.2528190613, 90.238494873, 51.7815589905, -5.69685506821, -15.4301948547, 4.87209224701, -8.89018249512], [599.311950684, 8.69230079651, -5.07201385498, 255.384124756, 42.3759231567, 50.8271064758, 20.3036174774, 51.7815589905, 133.323348999, 28.879442215, -32.8013381958, -6.76114940643, -28.9468917847], [-7.29586839676, 0.19036963582, -17.1489086151, 2.64205527306, 13.9354925156, 2.37428188324, -14.6877508163, -5.69685506821, 28.879442215, 63.5068092346, 24.9956359863, -0.365446805954, -2.3845641613], [-298.096252441, 5.59242630005, -3.71695899963, -124.568740845, -13.1394462585, -27.6975059509, -11.5630836487, -15.4301948547, -32.8013381958, 24.9956359863, 73.1641235352, 28.770866394, 18.7248706818], [-105.144004822, 7.8680768013, 8.78404903412, -7.90284633636, -5.99351167679, -8.03488826752, 0.630276918411, 4.87209224701, -6.76114940643, -0.365446805954, 28.770866394, 59.182220459, 28.0735664368], [-333.096923828, -30.90858078, 33.5907363892, -105.254135132, -4.13491535187, -21.311416626, -8.68561935425, -8.89018249512, -28.9468917847, -2.3845641613, 18.7248706818, 28.0735664368, 69.7169952393]]
        icov: [[0.000263618072495, -0.000228621749557, 0.000171338615473, -0.000497326429468, 0.000254053447861, -0.00027495608083, 8.47344472277e-006, 5.78526742174e-005, -0.000288149138214, 0.000270247779554, -0.000193084575585, 0.000439426512457, 2.87485581794e-005], [-0.000228621749557, 0.00390758598223, 0.00217048893683, -0.000130351298139, 0.000127462350065, 0.00178284104913, -0.000831666577142, 6.50743386359e-005, 0.000390490371501, 0.000275635393336, -0.00042186115752, -0.0010155987693, 0.000548572512344], [0.000171338615473, 0.00217048893683, 0.00462774885818, -0.000487931480166, -0.000855850172229, 0.000334269629093, -0.000233525643125, -0.000534975493792, -0.000153301327373, 0.00162715511397, -0.000615259807091, 8.67810595082e-005, -0.00110905221663], [-0.000497326429468, -0.000130351298139, -0.000487931480166, 0.00326769729145, -0.0018615553854, -0.000596126541495, 0.00107686081901, -0.00106128619518, -0.00210698321462, 0.000293717195746, 0.00250693620183, -0.00301214493811, 0.00211551878601], [0.000254053447861, 0.000127462350065, -0.000855850172229, -0.0018615553854, 0.011697081849, -0.00398305058479, 0.000750974926632, 0.00361248431727, -0.00211079488508, -0.000434868328739, -0.00185345485806, 0.00249162409455, -0.00249414565042], [-0.00027495608083, 0.00178284104913, 0.000334269629093, -0.000596126541495, -0.00398305058479, 0.0153675060719, -0.00813830457628, 0.00287274061702, -0.000895792734809, -0.00177138019353, 0.00250957766548, -0.00146788242273, 0.00171399291139], [8.47344472277e-006, -0.000831666577142, -0.000233525643125, 0.00107686081901, 0.000750974926632, -0.00813830457628, 0.0201012063771, -0.0111627960578, 0.00116342573892, 0.0037044507917, -0.00131180055905, 0.000364204926882, 0.000863111927174], [5.78526742174e-005, 6.50743386359e-005, -0.000534975493792, -0.00106128619518, 0.00361248431727, 0.00287274061702, -0.0111627960578, 0.0233406145126, -0.0091864997521, 0.00311901466921, -0.00122337962966, -0.000772497965954, -0.00142914010212], [-0.000288149138214, 0.000390490371501, -0.000153301327373, -0.00210698321462, -0.00211079488508, -0.000895792734809, 0.00116342573892, -0.0091864997521, 0.0222696308047, -0.0131570743397, 0.00773851620033, -0.00269319978543, 0.00206625740975], [0.000270247779554, 0.000275635393336, 0.00162715511397, 0.000293717195746, -0.000434868328739, -0.00177138019353, 0.0037044507917, 0.00311901466921, -0.0131570743397, 0.0298901498318, -0.0163152143359, 0.00698868650943, -0.00150791590568], [-0.000193084575585, -0.00042186115752, -0.000615259807091, 0.00250693620183, -0.00185345485806, 0.00250957766548, -0.00131180055905, -0.00122337962966, 0.00773851620033, -0.0163152143359, 0.0316565744579, -0.0160639360547, 0.00393066741526], [0.000439426512457, -0.0010155987693, 8.67810595082e-005, -0.00301214493811, 0.00249162409455, -0.00146788242273, 0.000364204926882, -0.000772497965954, -0.00269319978543, 0.00698868650943, -0.0160639360547, 0.0308882724494, -0.0122968982905], [2.87485581794e-005, 0.000548572512344, -0.00110905221663, 0.00211551878601, -0.00249414565042, 0.00171399291139, 0.000863111927174, -0.00142914010212, 0.00206625740975, -0.00150791590568, 0.00393066741526, -0.0122968982905, 0.0234561320394]]
    sccoeffs:
        dmean: [0.048422537744, 0.0476402491331, 0.0393815673888, 0.0310051590204, 0.0240958295763, 0.0226312112063]
        dmean2: [0.0819683670998, 0.0789916068316, 0.0646223723888, 0.0509367547929, 0.0395105816424, 0.0366267338395]
        dvar: [0.00146128959022, 0.00139734416734, 0.000945631356444, 0.000576383608859, 0.000369607034372, 0.000367086991901]
        dvar2: [0.00426377682015, 0.00375289050862, 0.00253128493205, 0.00153863767628, 0.000970848253928, 0.000969628337771]
        max: [-0.36992508173, -0.479567795992, -0.494981169701, -0.453134268522, -0.563519716263, -0.544434428215]
        mean: [-0.65506786108, -0.762653291225, -0.769455969334, -0.77006649971, -0.764030754566, -0.742146968842]
        median: [-0.649941802025, -0.770042538643, -0.773290336132, -0.77601647377, -0.766959071159, -0.736740112305]
        min: [-0.972509086132, -0.974588096142, -0.978158593178, -0.969209849834, -0.967293322086, -0.96428245306]
        var: [0.00486468710005, 0.00418513920158, 0.00327141373418, 0.00261628068984, 0.00166471721604, 0.00308199296705]
    scvalleys:
        dmean: [0.42452827096, 0.380165785551, 0.316978365183, 0.249124854803, 0.222043514252, 0.297099709511]
        dmean2: [0.695314049721, 0.629406690598, 0.516181409359, 0.399567395449, 0.351853132248, 0.446370244026]
        dvar: [0.116085521877, 0.100997887552, 0.0761377736926, 0.0504491142929, 0.0582505017519, 0.108088992536]
        dvar2: [0.299089044333, 0.261499136686, 0.183574348688, 0.110110200942, 0.120474986732, 0.269864946604]
        max: [-5.37871837616, -4.52198171616, -4.8827419281, -5.3053855896, -5.46066331863, -7.45630502701]
        mean: [-7.52881574631, -6.90271759033, -7.02728748322, -7.14106941223, -7.15908813477, -10.0946826935]
        median: [-7.03855705261, -6.58473396301, -6.77190828323, -6.80171966553, -6.5786075592, -9.47098922729]
        min: [-27.9624576569, -28.2995071411, -27.75664711, -27.5634555817, -27.5278453827, -27.3748607635]
        var: [4.17040348053, 2.85520339012, 2.78468728065, 3.03405189514, 4.65996313095, 4.86865997314]

rhythm:
    beats_loudness:
        dmean: 0.00198546890169
        dmean2: 0.00357646704651
        dvar: 2.77822937278e-006
        dvar2: 8.41983273858e-006
        max: 0.0125993480906
        mean: 0.0058122058399
        median: 0.00575825385749
        min: 0
        var: 6.94202435625e-006
    bpm: 94.4048614502
    bpm_confidence: 0
    first_peak_bpm: 94
    first_peak_spread: 0.362989336252
    first_peak_weight: 0.463730573654
    onset_rate: 2.24460697174
    second_peak_bpm: 112
    second_peak_spread: 0.44919782877
    second_peak_weight: 0.133419692516
    beats_loudness_band_ratio:
        dmean: [0.0746211782098, 0.0762085616589, 0.0687412172556, 0.0872685015202, 0.126632764935, 0.0651473477483]
        dmean2: [0.126338690519, 0.143528237939, 0.122076712549, 0.144398495555, 0.219616636634, 0.11036837846]
        dvar: [0.00445349374786, 0.00502796238288, 0.00427646981552, 0.00943899247795, 0.00945524778217, 0.00300174066797]
        dvar2: [0.0127932699397, 0.0162866525352, 0.0115260519087, 0.0249339751899, 0.029598351568, 0.00829059258103]
        max: [0.522185862064, 0.457408845425, 0.493507683277, 0.914744138718, 0.784274160862, 0.525611341]
        mean: [0.134027436376, 0.0806118622422, 0.103045299649, 0.167901739478, 0.356329351664, 0.193404525518]
        median: [0.119824044406, 0.057623796165, 0.0794427022338, 0.105333358049, 0.354104876518, 0.19689886272]
        min: [0, 0, 0, 0, 0, 0]
        var: [0.00782568287104, 0.00508642243221, 0.0064745740965, 0.027959946543, 0.0168141704053, 0.00784017890692]
