
metadata:
    version:
        essentia: "2.1-beta2"
    audio_properties:
        analysis_sample_rate: 44100
        bitrate: 320
        channels: 2
        equal_loudness: 1
        length: 299.833465576
        replay_gain: -10.1680831909
        downmix: "mix"
    tags:
        album: "Hail to the King"
        artist: "Avenged Sevenfold"
        comment: ""
        date: "2013"
        genre: "Metal"
        title: "Crimson Day"
        tracknumber: "6"

configuration:
    average_loudness:
        compute: 1
        frameSize: 88200
        hopSize: 44100
        silentFrames: "noise"
        windowType: "hann"
    general:
        analysisSampleRate: 44100
        endTime: 2000
        equalLoudness: 1
        nequalLoudness: 0
        shortSound: 0
        startTime: 0
    lowlevel:
        compute: 1
        frameSize: 2048
        hopSize: 1024
        zeroPadding: 0
        silentFrames: "noise"
        windowType: "blackmanharris62"
        mfccStats: ["mean", "cov", "icov"]
        stats: ["mean", "var", "median", "min", "max", "dmean", "dmean2", "dvar", "dvar2"]
    panning:
        compute: 0
        frameSize: 8192
        hopSize: 2048
        zeroPadding: 8192
        silentFrames: "noise"
        windowType: "hann"
        stats: ["copy"]
    rhythm:
        compute: 1
        maxTempo: 208
        minTempo: 40
        method: "degara"
        stats: ["mean", "var", "median", "min", "max", "dmean", "dmean2", "dvar", "dvar2"]
    segmentation:
        compute: 0
        cpw: 5
        inc1: 300
        inc2: 50
        minimumSegmentsLength: 10
        size1: 1000
        size2: 600
    sfx:
        compute: 1
        stats: ["mean", "var", "median", "min", "max", "dmean", "dmean2", "dvar", "dvar2"]
    svm:
        compute: 0
    tonal:
        compute: 1
        frameSize: 4096
        hopSize: 2048
        zeroPadding: 0
        silentFrames: "noise"
        windowType: "blackmanharris62"
        stats: ["mean", "var", "median", "min", "max", "dmean", "dmean2", "dvar", "dvar2"]

lowlevel:
    average_loudness: 0.750789999962
    barkbands_kurtosis:
        dmean: 0.558068573475
        dmean2: 0.867086470127
        dvar: 1.20340645313
        dvar2: 2.52551078796
        max: 69.6157836914
        mean: -0.251713603735
        median: -1.08154368401
        min: -1.88804876804
        var: 10.1896924973
    barkbands_skewness:
        dmean: 0.301135122776
        dmean2: 0.471293896437
        dvar: 0.0999641492963
        dvar2: 0.239625424147
        max: 7.35184621811
        mean: 0.156988352537
        median: 0.0898048877716
        min: -2.81686806679
        var: 0.852397024632
    barkbands_spread:
        dmean: 4.03692770004
        dmean2: 6.33602952957
        dvar: 23.3822383881
        dvar2: 55.2311134338
        max: 80.2300491333
        mean: 31.3226604462
        median: 30.4424343109
        min: 1.83671736717
        var: 130.248016357
    dissonance:
        dmean: 0.0148106962442
        dmean2: 0.0248283427209
        dvar: 0.000264756119577
        dvar2: 0.00071345717879
        max: 0.500000059605
        mean: 0.465138792992
        median: 0.47321999073
        min: 0.264075607061
        var: 0.000811825913843
    hfc:
        dmean: 2.42869734764
        dmean2: 4.19518899918
        dvar: 34.7016792297
        dvar2: 96.1216506958
        max: 143.201171875
        mean: 7.83037042618
        median: 6.10691356659
        min: 1.0931745675e-016
        var: 56.5700111389
    pitch:
        dmean: 533.984436035
        dmean2: 1035.39587402
        dvar: 1327237.125
        dvar2: 3383908.25
        max: 5172.19042969
        mean: 1205.28771973
        median: 329.620452881
        min: 65.3244171143
        var: 2332543.5
    pitch_instantaneous_confidence:
        dmean: 0.0717050284147
        dmean2: 0.116147331893
        dvar: 0.00470557855442
        dvar2: 0.0115412874147
        max: 0.943288087845
        mean: 0.4784540236
        median: 0.449832826853
        min: 0.0875158905983
        var: 0.0260472949594
    pitch_salience:
        dmean: 0.0469536669552
        dmean2: 0.0762524679303
        dvar: 0.00196605082601
        dvar2: 0.0050777150318
        max: 0.995236933231
        mean: 0.595472455025
        median: 0.607853651047
        min: 0.133401483297
        var: 0.0112808970734
    silence_rate_20dB:
        dmean: 0
        dmean2: 0
        dvar: 0
        dvar2: 0
        max: 1
        mean: 1
        median: 1
        min: 1
        var: 0
    silence_rate_30dB:
        dmean: 0
        dmean2: 0
        dvar: 0
        dvar2: 0
        max: 1
        mean: 1
        median: 1
        min: 1
        var: 0
    silence_rate_60dB:
        dmean: 0.0670641958714
        dmean2: 0.134138792753
        dvar: 0.0625741630793
        dvar2: 0.134247943759
        max: 1
        mean: 0.409787833691
        median: 0
        min: 0
        var: 0.241889759898
    spectral_centroid:
        dmean: 220.662780762
        dmean2: 351.252746582
        dvar: 92861.5703125
        dvar2: 203058.671875
        max: 11683.6933594
        mean: 1793.59790039
        median: 1713.57885742
        min: 121.621566772
        var: 1230612.875
    spectral_complexity:
        dmean: 2.94540381432
        dmean2: 4.86911392212
        dvar: 15.2656478882
        dvar2: 37.4531288147
        max: 60
        mean: 13.2733469009
        median: 13
        min: 0
        var: 66.8837966919
    spectral_crest:
        dmean: 1.58088231087
        dmean2: 2.52664661407
        dvar: 2.50248098373
        dvar2: 6.30803632736
        max: 23.3696670532
        mean: 7.59014368057
        median: 6.73409461975
        min: 2.47816872597
        var: 10.1871099472
    spectral_decrease:
        dmean: 2.14451234548e-010
        dmean2: 3.54789253532e-010
        dvar: 1.69737009331e-019
        dvar2: 4.63389319188e-019
        max: 2.41114969754e-028
        mean: -9.0081225812e-010
        median: -8.26936852327e-010
        min: -6.76396938459e-009
        var: 3.79740136906e-019
    spectral_energy:
        dmean: 0.00100765423849
        dmean2: 0.00168603542261
        dvar: 4.22378025178e-006
        dvar2: 1.15861976155e-005
        max: 0.0385175533593
        mean: 0.00411011278629
        median: 0.0036934716627
        min: 9.81336301798e-021
        var: 8.70573603606e-006
    spectral_energyband_high:
        dmean: 0.000239171611611
        dmean2: 0.000418011361035
        dvar: 4.09697719306e-007
        dvar2: 1.14436636522e-006
        max: 0.0132817057893
        mean: 0.000467838632176
        median: 0.000309954455588
        min: 6.97364712832e-021
        var: 4.3336416411e-007
    spectral_energyband_low:
        dmean: 0.00012942054309
        dmean2: 0.00022234809876
        dvar: 1.38249944825e-007
        dvar2: 4.0185443595e-007
        max: 0.0056325988844
        mean: 0.000288379611447
        median: 0.000182619143743
        min: 1.66052254432e-023
        var: 1.4645998192e-007
    spectral_energyband_middle_high:
        dmean: 0.000554366852157
        dmean2: 0.000922899285797
        dvar: 1.00944328096e-006
        dvar2: 2.70784607892e-006
        max: 0.0229638721794
        mean: 0.00202170200646
        median: 0.00158683466725
        min: 1.20825248197e-021
        var: 3.33139314534e-006
    spectral_energyband_middle_low:
        dmean: 0.000430311949458
        dmean2: 0.00067670334829
        dvar: 5.30552313194e-007
        dvar2: 1.39397582188e-006
        max: 0.0137273762375
        mean: 0.00146133778617
        median: 0.00121622579172
        min: 9.78463939335e-023
        var: 1.31258195779e-006
    spectral_flatness_db:
        dmean: 0.0116605740041
        dmean2: 0.0181428343058
        dvar: 0.000128458283143
        dvar2: 0.000289456394967
        max: 0.445180475712
        mean: 0.152222320437
        median: 0.139132529497
        min: 0.0528021864593
        var: 0.00244928710163
    spectral_flux:
        dmean: 0.00706997327507
        dmean2: 0.0112141873688
        dvar: 0.000119639887998
        dvar2: 0.000230812045629
        max: 0.148383140564
        mean: 0.0315629579127
        median: 0.0292399264872
        min: 6.41949271518e-011
        var: 0.000352653529262
    spectral_kurtosis:
        dmean: 1.31450784206
        dmean2: 2.24941587448
        dvar: 7.49727725983
        dvar2: 23.4376564026
        max: 72.6543121338
        mean: 4.23242378235
        median: 3.46519970894
        min: -1.25433778763
        var: 21.0222702026
    spectral_rms:
        dmean: 0.000211734441109
        dmean2: 0.000342955696397
        dvar: 1.19816078836e-007
        dvar2: 3.1761584296e-007
        max: 0.00613009789959
        mean: 0.00185716990381
        median: 0.00189825892448
        min: 3.09419005175e-012
        var: 5.60780165415e-007
    spectral_rolloff:
        dmean: 335.712646484
        dmean2: 546.117248535
        dvar: 297994.9375
        dvar2: 582622.625
        max: 19745.9472656
        mean: 3381.00488281
        median: 3552.97851563
        min: 107.666015625
        var: 3538761.25
    spectral_skewness:
        dmean: 0.179926156998
        dmean2: 0.297114431858
        dvar: 0.0639773309231
        dvar2: 0.177804857492
        max: 6.94897890091
        mean: 1.40015697479
        median: 1.38650667667
        min: -0.211730614305
        var: 0.283459454775
    spectral_spread:
        dmean: 431995.25
        dmean2: 636624.1875
        dvar: 644457234432
        dvar2: 1.12209297408e+012
        max: 42488328
        mean: 5340813
        median: 5009749
        min: 1110268.625
        var: 1.45982897521e+013
    spectral_strongpeak:
        dmean: 0.390488505363
        dmean2: 0.663922071457
        dvar: 0.560155272484
        dvar2: 1.42976498604
        max: 12.7803096771
        mean: 0.840831398964
        median: 0.499276846647
        min: 0
        var: 1.17908072472
    zerocrossingrate:
        dmean: 0.00736486772075
        dmean2: 0.00878910068423
        dvar: 9.01568782865e-005
        dvar2: 9.63940910879e-005
        max: 0.52490234375
        mean: 0.101523667574
        median: 0.1005859375
        min: 0.00439453125
        var: 0.00247721886262
    barkbands:
        dmean: [1.36814620078e-007, 3.32450326823e-005, 8.35924583953e-005, 6.29735732218e-005, 0.00015545921633, 0.000102840625914, 8.01215501269e-005, 7.99596818979e-005, 0.000133755747811, 9.50501707848e-005, 5.31386867806e-005, 5.06631258759e-005, 4.41301708634e-005, 4.81367933389e-005, 7.17069924576e-005, 7.08772131475e-005, 0.000110189568659, 0.000110576285806, 0.000241343805101, 0.000195732311113, 0.000100901001133, 4.53135253338e-005, 7.9256715253e-006, 4.14196711063e-006, 1.99954570235e-006, 7.78207365215e-008, 1.81745529737e-009]
        dmean2: [2.18186670509e-007, 5.7266530348e-005, 0.000143409706652, 0.00010703355656, 0.000265434675384, 0.000160141280503, 0.000119720942166, 0.000117892770504, 0.000199805144803, 0.000142608914757, 8.17951731733e-005, 7.84951917012e-005, 6.98036237736e-005, 7.70483675296e-005, 0.000115144095616, 0.000115627299238, 0.000182568532182, 0.000188524471014, 0.000415102549596, 0.000334092357662, 0.00017811950238, 8.12358703115e-005, 1.34345827973e-005, 6.42493751002e-006, 2.95297718367e-006, 1.14303709609e-007, 2.87193380188e-009]
        dvar: [1.7043902097e-013, 8.31099278287e-009, 6.30030640991e-008, 1.6595155472e-008, 2.05445843449e-007, 4.03543118921e-008, 2.82281309438e-008, 4.11677980594e-008, 1.21916087892e-007, 7.85046196938e-008, 2.48993146101e-008, 1.80424208907e-008, 1.08036726232e-008, 1.37343088014e-008, 2.435433899e-008, 1.69730398625e-008, 4.17255137108e-008, 6.2755212582e-008, 2.25571028523e-007, 1.58041842724e-007, 5.99469558438e-008, 2.26484164756e-008, 5.78002257168e-010, 2.78410017263e-010, 1.09792272496e-010, 2.54866115192e-013, 5.0982823098e-016]
        dvar2: [4.16981390822e-013, 2.40494788528e-008, 1.82150543537e-007, 4.69271981274e-008, 5.78714434596e-007, 1.03315983324e-007, 6.57376730828e-008, 9.17121738553e-008, 2.89476531634e-007, 1.9332935608e-007, 5.42364091416e-008, 4.25929478354e-008, 2.69261786201e-008, 3.47280746382e-008, 6.03500609486e-008, 4.20635402065e-008, 1.07056976617e-007, 1.71451176811e-007, 6.10087965924e-007, 4.26918290941e-007, 1.69487435642e-007, 6.20050428779e-008, 1.46147238755e-009, 5.73879221921e-010, 2.13101050694e-010, 5.12044670987e-013, 9.87843069131e-016]
        max: [1.07883188321e-005, 0.00143410009332, 0.00489851459861, 0.00289046438411, 0.00676747364923, 0.00341169955209, 0.0046684993431, 0.00439768051729, 0.0124213919044, 0.00794003158808, 0.00586357759312, 0.00380663387477, 0.00267870235257, 0.00365611235611, 0.0040150959976, 0.00378586770967, 0.00638881931081, 0.00477132108063, 0.0102426530793, 0.00827269256115, 0.00355424452573, 0.00466229021549, 0.000738735485356, 0.000723293749616, 0.000706991297193, 4.53716202173e-005, 2.06715799322e-006]
        mean: [2.22477055445e-007, 7.16895010555e-005, 0.000157021189807, 0.000107316875074, 0.000254979531746, 0.000247669988312, 0.000199686837732, 0.00017876768834, 0.00034358369885, 0.000267906056251, 0.000109577311378, 9.47951702983e-005, 7.92541759438e-005, 8.79288709257e-005, 0.000146516482346, 0.000148534527398, 0.000234529463341, 0.000194150357856, 0.000502088863868, 0.000414181122323, 0.000191915285541, 5.5276814237e-005, 1.0883860341e-005, 7.55110249884e-006, 3.94398466597e-006, 1.41670838616e-007, 2.1399122474e-009]
        median: [5.01769790162e-008, 4.38946153736e-005, 7.03862315277e-005, 5.96875652263e-005, 0.000140739590279, 0.000137771567097, 5.93260119786e-005, 5.98498954787e-005, 8.38463383843e-005, 4.92002945975e-005, 2.62438334175e-005, 3.38484896929e-005, 2.89397594315e-005, 4.63044634671e-005, 5.84883600823e-005, 8.86415655259e-005, 0.00012860953575, 0.000113387824968, 0.000332508323481, 0.000263751717284, 0.0001357797737, 2.3665763365e-005, 3.00990041069e-006, 2.63450874627e-006, 1.59278442879e-006, 5.63231381534e-008, 5.59628454688e-010]
        min: [1.45883381601e-025, 2.54374805599e-024, 6.92342540872e-025, 6.98977008996e-025, 1.09171572967e-023, 6.99735715694e-024, 7.75451216465e-024, 7.94483905753e-024, 7.53676683329e-024, 1.24756545669e-023, 1.48940567666e-023, 2.25370634423e-023, 3.1646045048e-023, 1.91936673998e-023, 4.60362437327e-023, 5.45065588164e-023, 6.03107954086e-023, 7.76627060976e-023, 1.02685127887e-022, 1.05426589926e-022, 2.76740104834e-022, 2.70059551061e-022, 3.63604267546e-022, 5.6836274591e-022, 9.53694413731e-022, 1.21232689175e-021, 1.87076185155e-021]
        var: [2.64559749975e-013, 1.0186077759e-008, 6.82711061017e-008, 2.1528546057e-008, 1.85940052688e-007, 1.05036278342e-007, 1.24657177025e-007, 1.14169402821e-007, 4.37890605554e-007, 4.64291673552e-007, 7.46817789832e-008, 4.27120916413e-008, 2.37233432898e-008, 2.31079813062e-008, 8.01021684538e-008, 5.06464985506e-008, 1.2558716378e-007, 8.10464584333e-008, 4.1385007421e-007, 2.99131357906e-007, 6.10035755244e-008, 1.75543082293e-008, 6.63686827718e-010, 5.22231480282e-010, 1.80111120462e-010, 2.92723283763e-013, 5.52292216087e-016]
    frequency_bands:
        dmean: [1.36814620078e-007, 3.32450326823e-005, 8.35924583953e-005, 6.29735732218e-005, 0.00015545921633, 0.000102840625914, 8.01215501269e-005, 7.99596818979e-005, 0.000133755747811, 9.50501707848e-005, 5.31386867806e-005, 5.06631258759e-005, 4.41301708634e-005, 4.81367933389e-005, 7.17069924576e-005, 7.08772131475e-005, 0.000110189568659, 0.000110576285806, 0.000241343805101, 0.000195732311113, 0.000100901001133, 4.53135253338e-005, 7.9256715253e-006, 4.14196711063e-006, 1.99954570235e-006, 7.78207365215e-008, 1.81745529737e-009, 5.14071146762e-011]
        dmean2: [2.18186670509e-007, 5.7266530348e-005, 0.000143409706652, 0.00010703355656, 0.000265434675384, 0.000160141280503, 0.000119720942166, 0.000117892770504, 0.000199805144803, 0.000142608914757, 8.17951731733e-005, 7.84951917012e-005, 6.98036237736e-005, 7.70483675296e-005, 0.000115144095616, 0.000115627299238, 0.000182568532182, 0.000188524471014, 0.000415102549596, 0.000334092357662, 0.00017811950238, 8.12358703115e-005, 1.34345827973e-005, 6.42493751002e-006, 2.95297718367e-006, 1.14303709609e-007, 2.87193380188e-009, 9.53881626464e-011]
        dvar: [1.7043902097e-013, 8.31099278287e-009, 6.30030640991e-008, 1.6595155472e-008, 2.05445843449e-007, 4.03543118921e-008, 2.82281309438e-008, 4.11677980594e-008, 1.21916087892e-007, 7.85046196938e-008, 2.48993146101e-008, 1.80424208907e-008, 1.08036726232e-008, 1.37343088014e-008, 2.435433899e-008, 1.69730398625e-008, 4.17255137108e-008, 6.2755212582e-008, 2.25571028523e-007, 1.58041842724e-007, 5.99469558438e-008, 2.26484164756e-008, 5.78002257168e-010, 2.78410017263e-010, 1.09792272496e-010, 2.54866115192e-013, 5.0982823098e-016, 6.7757937653e-020]
        dvar2: [4.16981390822e-013, 2.40494788528e-008, 1.82150543537e-007, 4.69271981274e-008, 5.78714434596e-007, 1.03315983324e-007, 6.57376730828e-008, 9.17121738553e-008, 2.89476531634e-007, 1.9332935608e-007, 5.42364091416e-008, 4.25929478354e-008, 2.69261786201e-008, 3.47280746382e-008, 6.03500609486e-008, 4.20635402065e-008, 1.07056976617e-007, 1.71451176811e-007, 6.10087965924e-007, 4.26918290941e-007, 1.69487435642e-007, 6.20050428779e-008, 1.46147238755e-009, 5.73879221921e-010, 2.13101050694e-010, 5.12044670987e-013, 9.87843069131e-016, 1.36886229238e-019]
        max: [1.07883188321e-005, 0.00143410009332, 0.00489851459861, 0.00289046438411, 0.00676747364923, 0.00341169955209, 0.0046684993431, 0.00439768051729, 0.0124213919044, 0.00794003158808, 0.00586357759312, 0.00380663387477, 0.00267870235257, 0.00365611235611, 0.0040150959976, 0.00378586770967, 0.00638881931081, 0.00477132108063, 0.0102426530793, 0.00827269256115, 0.00355424452573, 0.00466229021549, 0.000738735485356, 0.000723293749616, 0.000706991297193, 4.53716202173e-005, 2.06715799322e-006, 2.093497109e-008]
        mean: [2.22477055445e-007, 7.16895010555e-005, 0.000157021189807, 0.000107316875074, 0.000254979531746, 0.000247669988312, 0.000199686837732, 0.00017876768834, 0.00034358369885, 0.000267906056251, 0.000109577311378, 9.47951702983e-005, 7.92541759438e-005, 8.79288709257e-005, 0.000146516482346, 0.000148534527398, 0.000234529463341, 0.000194150357856, 0.000502088863868, 0.000414181122323, 0.000191915285541, 5.5276814237e-005, 1.0883860341e-005, 7.55110249884e-006, 3.94398466597e-006, 1.41670838616e-007, 2.1399122474e-009, 4.10034818599e-011]
        median: [5.01769790162e-008, 4.38946153736e-005, 7.03862315277e-005, 5.96875652263e-005, 0.000140739590279, 0.000137771567097, 5.93260119786e-005, 5.98498954787e-005, 8.38463383843e-005, 4.92002945975e-005, 2.62438334175e-005, 3.38484896929e-005, 2.89397594315e-005, 4.63044634671e-005, 5.84883600823e-005, 8.86415655259e-005, 0.00012860953575, 0.000113387824968, 0.000332508323481, 0.000263751717284, 0.0001357797737, 2.3665763365e-005, 3.00990041069e-006, 2.63450874627e-006, 1.59278442879e-006, 5.63231381534e-008, 5.59628454688e-010, 1.22960417889e-011]
        min: [1.45883381601e-025, 2.54374805599e-024, 6.92342540872e-025, 6.98977008996e-025, 1.09171572967e-023, 6.99735715694e-024, 7.75451216465e-024, 7.94483905753e-024, 7.53676683329e-024, 1.24756545669e-023, 1.48940567666e-023, 2.25370634423e-023, 3.1646045048e-023, 1.91936673998e-023, 4.60362437327e-023, 5.45065588164e-023, 6.03107954086e-023, 7.76627060976e-023, 1.02685127887e-022, 1.05426589926e-022, 2.76740104834e-022, 2.70059551061e-022, 3.63604267546e-022, 5.6836274591e-022, 9.53694413731e-022, 1.21232689175e-021, 1.87076185155e-021, 4.71156604109e-022]
        var: [2.64559749975e-013, 1.0186077759e-008, 6.82711061017e-008, 2.1528546057e-008, 1.85940052688e-007, 1.05036278342e-007, 1.24657177025e-007, 1.14169402821e-007, 4.37890605554e-007, 4.64291673552e-007, 7.46817789832e-008, 4.27120916413e-008, 2.37233432898e-008, 2.31079813062e-008, 8.01021684538e-008, 5.06464985506e-008, 1.2558716378e-007, 8.10464584333e-008, 4.1385007421e-007, 2.99131357906e-007, 6.10035755244e-008, 1.75543082293e-008, 6.63686827718e-010, 5.22231480282e-010, 1.80111120462e-010, 2.92723283763e-013, 5.52292216087e-016, 7.21117704954e-020]
    mfcc:
        mean: [-725.155639648, 99.9255905151, -44.0890007019, 48.6880073547, -13.1601524353, -8.90651226044, 2.15205025673, -10.3690643311, 1.24109566212, -2.43642735481, -4.65414428711, -4.41659593582, -3.63565301895]
        cov: [[7863.45751953, -365.979675293, -549.862060547, 615.477050781, -901.644775391, 1.73218488693, 81.8615951538, 127.39994812, 330.945526123, 181.584838867, 101.40460968, 49.6556625366, -58.3437576294], [-365.979675293, 856.498474121, -235.939208984, 64.028427124, 70.2800140381, -61.5444908142, 10.7693433762, -104.916809082, -37.5857048035, -68.1628189087, -20.153137207, -21.3923835754, 9.29586601257], [-549.862060547, -235.939208984, 576.809265137, -115.40297699, 110.94707489, 97.0757446289, -13.3260231018, 54.2612228394, -57.4345664978, 3.93729710579, 18.0832538605, 44.7935218811, 19.4538192749], [615.477050781, 64.028427124, -115.40297699, 421.890777588, -5.1840262413, 31.7826843262, 30.8374118805, 23.8876819611, 47.3922996521, 54.6043891907, 16.9665718079, 19.6082267761, 36.353187561], [-901.644775391, 70.2800140381, 110.94707489, -5.1840262413, 348.451477051, 17.5754470825, -38.5398864746, -23.9545936584, -95.4352722168, 4.37174606323, -32.0300140381, -13.9473009109, 27.710319519], [1.73218488693, -61.5444908142, 97.0757446289, 31.7826843262, 17.5754470825, 129.315933228, 47.4802627563, 36.6935272217, 1.20911836624, 3.98763537407, 13.0400533676, 21.06798172, 11.2289419174], [81.8615951538, 10.7693433762, -13.3260231018, 30.8374118805, -38.5398864746, 47.4802627563, 174.940383911, 80.6854248047, 35.0169067383, 3.05180335045, -1.02720272541, 12.7963171005, -7.67802429199], [127.39994812, -104.916809082, 54.2612228394, 23.8876819611, -23.9545936584, 36.6935272217, 80.6854248047, 144.821777344, 56.8211212158, 35.7780609131, 6.85499477386, 6.79621601105, 3.57701063156], [330.945526123, -37.5857048035, -57.4345664978, 47.3922996521, -95.4352722168, 1.20911836624, 35.0169067383, 56.8211212158, 151.279403687, 60.7943611145, 13.0189714432, -12.0076618195, -22.2913818359], [181.584838867, -68.1628189087, 3.93729710579, 54.6043891907, 4.37174606323, 3.98763537407, 3.05180335045, 35.7780609131, 60.7943611145, 110.912780762, 33.4439277649, 0.226731151342, -0.7354824543], [101.40460968, -20.153137207, 18.0832538605, 16.9665718079, -32.0300140381, 13.0400533676, -1.02720272541, 6.85499477386, 13.0189714432, 33.4439277649, 79.443977356, 34.9936103821, 10.5522899628], [49.6556625366, -21.3923835754, 44.7935218811, 19.6082267761, -13.9473009109, 21.06798172, 12.7963171005, 6.79621601105, -12.0076618195, 0.226731151342, 34.9936103821, 87.7765350342, 39.4359512329], [-58.3437576294, 9.29586601257, 19.4538192749, 36.353187561, 27.710319519, 11.2289419174, -7.67802429199, 3.57701063156, -22.2913818359, -0.7354824543, 10.5522899628, 39.4359512329, 86.864944458]]
        icov: [[0.000231553625781, 6.27872286714e-005, 0.000116597271699, -0.000295671838103, 0.000607840134762, -9.88368774415e-005, 0.000142722245073, -9.61533660302e-005, 0.000166124125826, -0.000334317825036, 0.00017284254136, -0.00011651427485, 0.000153580622282], [6.27872286714e-005, 0.00165921158623, 0.000518140615895, -0.000315497105476, -0.000531852885615, 0.000525180716068, -0.000794077990577, 0.00113886781037, -0.000435222580563, 0.00113422540016, -0.000623288389761, 0.000314465083648, -0.000303836917737], [0.000116597271699, 0.000518140615895, 0.00289665488526, 0.000643771258183, -0.000478268077131, -0.00183033489157, 0.000951974943746, -0.00126947590616, 0.000802817405201, -0.000223204566282, -0.000118299147289, -0.00127304147463, 0.000426772807259], [-0.000295671838103, -0.000315497105476, 0.000643771258183, 0.00344324181788, -0.0008527089376, -0.0010842649499, -0.000193203362869, -5.38740141565e-006, -0.000547842180822, -0.00110020069405, 0.000146254678839, -0.000377431482775, -0.00135100376792], [0.000607840134762, -0.000531852885615, -0.000478268077131, -0.0008527089376, 0.00626770313829, -0.0010361954337, 0.00102282874286, -0.000575456826482, 0.00387832196429, -0.00394941866398, 0.00292173819616, 0.00072085816646, -0.00054259801982], [-9.88368774415e-005, 0.000525180716068, -0.00183033489157, -0.0010842649499, -0.0010361954337, 0.0111098187044, -0.00310598732904, 1.49804145622e-005, -0.000655241427012, 0.00172309856862, -0.00186238694005, -0.000146082398714, -0.00050066516269], [0.000142722245073, -0.000794077990577, 0.000951974943746, -0.000193203362869, 0.00102282874286, -0.00310598732904, 0.00971012562513, -0.00572155788541, 0.000344339379808, 0.000367532571545, 0.00150018453132, -0.00231102318503, 0.00217602658086], [-9.61533660302e-005, 0.00113886781037, -0.00126947590616, -5.38740141565e-006, -0.000575456826482, 1.49804145622e-005, -0.00572155788541, 0.0131326764822, -0.0037495768629, -0.00116148754023, 0.000157703718287, 0.00115493487101, -0.00228032609448], [0.000166124125826, -0.000435222580563, 0.000802817405201, -0.000547842180822, 0.00387832196429, -0.000655241427012, 0.000344339379808, -0.0037495768629, 0.0134782819077, -0.00715012988076, 0.00181466166396, 0.000727164035197, 0.00208767480217], [-0.000334317825036, 0.00113422540016, -0.000223204566282, -0.00110020069405, -0.00394941866398, 0.00172309856862, 0.000367532571545, -0.00116148754023, -0.00715012988076, 0.0175520721823, -0.00786511227489, 0.00211667688563, -0.000409815227613], [0.00017284254136, -0.000623288389761, -0.000118299147289, 0.000146254678839, 0.00292173819616, -0.00186238694005, 0.00150018453132, 0.000157703718287, 0.00181466166396, -0.00786511227489, 0.0199613217264, -0.0077050360851, 0.00105510849971], [-0.00011651427485, 0.000314465083648, -0.00127304147463, -0.000377431482775, 0.00072085816646, -0.000146082398714, -0.00231102318503, 0.00115493487101, 0.000727164035197, 0.00211667688563, -0.0077050360851, 0.019319197163, -0.00776197854429], [0.000153580622282, -0.000303836917737, 0.000426772807259, -0.00135100376792, -0.00054259801982, -0.00050066516269, 0.00217602658086, -0.00228032609448, 0.00208767480217, -0.000409815227613, 0.00105510849971, -0.00776197854429, 0.0165696367621]]
    sccoeffs:
        dmean: [0.0409487001598, 0.039470013231, 0.034750893712, 0.0285651404411, 0.0203260667622, 0.0170341189951]
        dmean2: [0.0687735378742, 0.063645966351, 0.0552980080247, 0.0467594340444, 0.0337097011507, 0.0278658680618]
        dvar: [0.0014378214255, 0.00116819271352, 0.000950656307396, 0.000579127226956, 0.000305091874907, 0.000294124125503]
        dvar2: [0.00404567690566, 0.00302672362886, 0.00231118150987, 0.00149443931878, 0.000780372647569, 0.000718349241652]
        max: [-0.341206640005, -0.368374049664, -0.432330936193, -0.547170221806, -0.53198993206, -0.559535682201]
        mean: [-0.662231862545, -0.693431735039, -0.722984433174, -0.757791638374, -0.774049818516, -0.750800967216]
        median: [-0.670216798782, -0.695882320404, -0.734403967857, -0.763629794121, -0.781556725502, -0.75327783823]
        min: [-0.991238594055, -0.997712910175, -0.997811675072, -0.989171802998, -0.988282322884, -0.964423120022]
        var: [0.00627953652292, 0.00684354454279, 0.00755418231711, 0.00397655088454, 0.00263603613712, 0.00255533028394]
    scvalleys:
        dmean: [0.312096267939, 0.313926666975, 0.279833972454, 0.240900173783, 0.219691187143, 0.226564332843]
        dmean2: [0.520843327045, 0.513603925705, 0.454064905643, 0.390108317137, 0.349423646927, 0.332021683455]
        dvar: [0.0955621227622, 0.0970453098416, 0.0836269333959, 0.0722468346357, 0.102249577641, 0.132472246885]
        dvar2: [0.218519985676, 0.211713850498, 0.175459608436, 0.141508504748, 0.204973295331, 0.239652857184]
        max: [-5.27335309982, -4.87844848633, -5.17712306976, -5.45493078232, -5.00392627716, -6.41880846024]
        mean: [-7.44448137283, -7.26355314255, -7.74040842056, -7.84192323685, -7.58405065536, -10.1396141052]
        median: [-6.90661048889, -6.86987257004, -7.25563812256, -7.35483407974, -6.90250205994, -9.50563240051]
        min: [-28.3464069366, -27.923871994, -27.7882194519, -27.8584823608, -27.5170402527, -27.4191303253]
        var: [5.10777139664, 4.97434425354, 4.96267080307, 4.85701322556, 5.52260971069, 5.81620359421]

rhythm:
    beats_loudness:
        dmean: 0.00165421084967
        dmean2: 0.00283664604649
        dvar: 3.71054989046e-006
        dvar2: 1.07944752017e-005
        max: 0.0264266412705
        mean: 0.00446946779266
        median: 0.00419169198722
        min: 0
        var: 6.93478477842e-006
    bpm: 134.992584229
    bpm_confidence: 0
    first_peak_bpm: 136
    first_peak_spread: 0.317683875561
    first_peak_weight: 0.651718974113
    onset_rate: 2.35464048386
    second_peak_bpm: 112
    second_peak_spread: 0.153846129775
    second_peak_weight: 0.0164424516261
    beats_loudness_band_ratio:
        dmean: [0.108183711767, 0.101641692221, 0.115114882588, 0.0829018726945, 0.0756369531155, 0.0953326001763]
        dmean2: [0.189514264464, 0.171864852309, 0.199460908771, 0.142137438059, 0.128570377827, 0.169526070356]
        dvar: [0.011282434687, 0.00899994745851, 0.0145840607584, 0.00970932841301, 0.00582379801199, 0.00641631241888]
        dvar2: [0.0286756996065, 0.026369035244, 0.0406709238887, 0.026066577062, 0.015367757529, 0.0195632912219]
        max: [0.912520468235, 0.780144631863, 0.783829450607, 0.77021586895, 0.708426237106, 0.665906190872]
        mean: [0.161532238126, 0.159289568663, 0.184169217944, 0.115999601781, 0.186119958758, 0.238293796778]
        median: [0.12214178592, 0.12669685483, 0.136783570051, 0.0670593902469, 0.167016044259, 0.246495842934]
        min: [0, 0, 0, 0, 0, 0]
        var: [0.0204539354891, 0.0171455424279, 0.023145372048, 0.013535653241, 0.0109353978187, 0.016251757741]
    beats_position: [0.441179126501, 0.893968224525, 1.33514738083, 1.77632653713, 2.21750569344, 2.65868473053, 3.11147379875, 3.55265307426, 3.99383211136, 4.43501138687, 4.87619018555, 5.31736946106, 5.7701587677, 6.2229475975, 6.66412687302, 7.10530614853, 7.5464849472, 7.98766422272, 8.42884349823, 8.88163280487, 9.33442115784, 9.77560043335, 10.2167797089, 10.6579589844, 11.0991382599, 11.5403175354, 11.9814968109, 12.4226751328, 12.8754644394, 13.3166437149, 13.7694330215, 14.2106122971, 14.6517915726, 15.0929698944, 15.5341491699, 15.9753284454, 16.4281177521, 16.8809070587, 17.3336963654, 17.786485672, 18.2276649475, 18.6688423157, 19.1100215912, 19.5512008667, 19.9923801422, 20.4451694489, 20.8979587555, 21.3507480621, 21.7919273376, 22.2331066132, 22.6742858887, 23.1038551331, 23.5450344086, 23.9862117767, 24.4273910522, 24.8801803589, 25.3329696655, 25.7857589722, 26.2385482788, 26.6797275543, 27.1209068298, 27.5504760742, 27.9916553497, 28.4444446564, 28.8856239319, 29.3268013, 29.7679805756, 30.2091598511, 30.6619491577, 31.1147384644, 31.5559177399, 31.9970970154, 32.4382743835, 32.8794555664, 33.332244873, 33.7734222412, 34.2146034241, 34.6557807922, 35.1085700989, 35.5497512817, 36.0025405884, 36.4437179565, 36.8965072632, 37.3376846313, 37.7788658142, 38.2200431824, 38.6612243652, 39.1024017334, 39.5435829163, 39.9847602844, 40.4259414673, 40.8671188354, 41.3083000183, 41.761089325, 42.2138786316, 42.6666641235, 43.1194534302, 43.560634613, 44.0018119812, 44.4429931641, 44.8841705322, 45.3253517151, 45.7665290833, 46.2193183899, 46.6721076965, 47.1365089417, 47.5892944336, 48.0420837402, 48.4948730469, 48.9476623535, 49.4585037231, 49.9577331543, 50.445350647, 50.8981399536, 51.3393173218, 51.7804985046, 52.2332878113, 52.6860771179, 53.1388664246, 53.5800437927, 54.0328330994, 54.485622406, 54.9384117126, 55.3795890808, 55.8323783875, 56.2851676941, 56.7495689392, 57.2255783081, 57.701587677, 58.1659851074, 58.6303825378, 59.0831718445, 59.5359611511, 59.9887504578, 60.4299316406, 60.8827209473, 61.3238983154, 61.7650794983, 62.2062568665, 62.6474380493, 63.0886154175, 63.5414047241, 63.9941940308, 64.4353713989, 64.8765487671, 65.3177337646, 65.7589111328, 66.2117004395, 66.6644897461, 67.1056671143, 67.5468444824, 67.98802948, 68.4292068481, 68.8703842163, 69.3115615845, 69.7643508911, 70.2055282593, 70.6467132568, 71.087890625, 71.5290679932, 71.9818572998, 72.423034668, 72.8758239746, 73.3286132813, 73.7697982788, 74.210975647, 74.6521530151, 75.0933303833, 75.5345077515, 75.9872970581, 76.4400863647, 76.8812713623, 77.3224487305, 77.7636260986, 78.2048034668, 78.6459884644, 79.0871658325, 79.5399551392, 79.9811325073, 80.4223098755, 80.8750991821, 81.3278884888, 81.7690658569, 82.2218551636, 82.6630401611, 83.1042175293, 83.5453948975, 83.9865722656, 84.4277572632, 84.8689346313, 85.321723938, 85.7745132446, 86.2156906128, 86.656867981, 87.0980453491, 87.5508346558, 87.9920196533, 88.44480896, 88.8859863281, 89.3271636963, 89.7683410645, 90.2095184326, 90.6507034302, 91.0918807983, 91.544670105, 91.9858474731, 92.4386367798, 92.8798141479, 93.3209991455, 93.7621765137, 94.2033538818, 94.64453125, 95.0973205566, 95.5501098633, 95.9912872314, 96.432472229, 96.8736495972, 97.3148269653, 97.7560043335, 98.2087936401, 98.6499786377, 99.1027679443, 99.5439453125, 99.9851226807, 100.426300049, 100.867477417, 101.320266724, 101.77305603, 102.214241028, 102.655418396, 103.096595764, 103.549385071, 103.990562439, 104.443351746, 104.884536743, 105.325714111, 105.766891479, 106.208068848, 106.649246216, 107.078819275, 107.531608582, 107.984397888, 108.437187195, 108.878364563, 109.319541931, 109.772331238, 110.213516235, 110.666305542, 111.10748291, 111.548660278, 111.989837646, 112.431015015, 112.872200012, 113.324989319, 113.777778625, 114.218955994, 114.660133362, 115.10131073, 115.542495728, 115.983673096, 116.436462402, 116.889251709, 117.330429077, 117.771606445, 118.212783813, 118.653968811, 119.095146179, 119.536323547, 119.989112854, 120.441902161, 120.883079529, 121.324264526, 121.765441895, 122.206619263, 122.647796631, 123.100585938, 123.553375244, 123.994552612, 124.43573761, 124.876914978, 125.318092346, 125.770881653, 126.212059021, 126.653244019, 127.106025696, 127.547210693, 127.988388062, 128.42956543, 128.870742798, 129.311920166, 129.753097534, 130.205886841, 130.658676147, 131.099868774, 131.541046143, 131.982223511, 132.423400879, 132.876190186, 133.328979492, 133.77015686, 134.211334229, 134.652511597, 135.093688965, 135.546478271, 135.999267578, 136.440444946, 136.881637573, 137.322814941, 137.76399231, 138.216781616, 138.657958984, 139.110748291, 139.551925659, 139.993103027, 140.434280396, 140.875457764, 141.316635132, 141.769424438, 142.210617065, 142.651794434, 143.10458374, 143.545761108, 143.986938477, 144.428115845, 144.869293213, 145.32208252, 145.763259888, 146.216049194, 146.657226563, 147.098403931, 147.539596558, 147.980773926, 148.433563232, 148.886352539, 149.327529907, 149.768707275, 150.209884644, 150.651062012, 151.09223938, 151.533416748, 151.986206055, 152.438995361, 152.880172729, 153.321365356, 153.762542725, 154.203720093, 154.656509399, 155.109298706, 155.550476074, 155.991653442, 156.432830811, 156.874008179, 157.315185547, 157.767974854, 158.22076416, 158.661941528, 159.103118896, 159.544311523, 159.985488892, 160.438278198, 160.879455566, 161.332244873, 161.773422241, 162.214599609, 162.655776978, 163.096954346, 163.538131714, 163.979324341, 164.420501709, 164.861679077, 165.302856445, 165.744033813, 166.19682312, 166.649612427, 167.102401733, 167.55519104, 167.996368408, 168.437545776, 168.878723145, 169.319900513, 169.761077881, 170.213867188, 170.666656494, 171.107849121, 171.549026489, 171.990203857, 172.431381226, 172.872558594, 173.313735962, 173.75491333, 174.207702637, 174.648880005, 175.101669312, 175.54284668, 175.984039307, 176.425216675, 176.878005981, 177.31918335, 177.771972656, 178.213150024, 178.654327393, 179.095504761, 179.536682129, 179.977859497, 180.419036865, 180.871826172, 181.324615479, 181.765808105, 182.206985474, 182.648162842, 183.08934021, 183.530517578, 183.983306885, 184.436096191, 184.87727356, 185.318450928, 185.759628296, 186.200805664, 186.653594971, 187.106384277, 187.547576904, 187.988754272, 188.429931641, 188.882720947, 189.323898315, 189.776687622, 190.21786499, 190.659042358, 191.100219727, 191.553009033, 191.982574463, 192.42376709, 192.864944458, 193.317733765, 193.758911133, 194.200088501, 194.641265869, 195.082443237, 195.523620605, 195.964797974, 196.41758728, 196.858764648, 197.311553955, 197.764343262, 198.205535889, 198.646713257, 199.099502563, 199.55229187, 199.993469238, 200.434646606, 200.875823975, 201.317001343, 201.758178711, 202.199356079, 202.652145386, 203.093322754, 203.546112061, 203.987304688, 204.428482056, 204.869659424, 205.32244873, 205.775238037, 206.216415405, 206.657592773, 207.098770142, 207.53994751, 207.981124878, 208.433914185, 208.886703491, 209.327880859, 209.769073486, 210.210250854, 210.651428223, 211.092605591, 211.533782959, 211.974960327, 212.427749634, 212.868927002, 213.321716309, 213.762893677, 214.204071045, 214.645263672, 215.08644104, 215.527618408, 215.980407715, 216.433197021, 216.87437439, 217.315551758, 217.756729126, 218.197906494, 218.650695801, 219.103485107, 219.544662476, 219.985839844, 220.427032471, 220.879821777, 221.332611084, 221.773788452, 222.21496582, 222.656143188, 223.097320557, 223.550109863, 223.991287231, 224.444076538, 224.885253906, 225.326431274, 225.767608643, 226.20880127, 226.649978638, 227.091156006, 227.532333374, 227.985122681, 228.437911987, 228.879089355, 229.320266724, 229.761444092, 230.20262146, 230.655410767, 231.108200073, 231.549377441, 231.990570068, 232.431747437, 232.872924805, 233.314102173, 233.755279541, 234.196456909, 234.649246216, 235.102035522, 235.543212891, 235.984390259, 236.425567627, 236.878356934, 237.319549561, 237.772338867, 238.213516235, 238.654693604, 239.095870972, 239.53704834, 239.978225708, 240.431015015, 240.883804321, 241.324981689, 241.766159058, 242.207336426, 242.648529053, 243.101318359, 243.542495728, 243.995285034, 244.436462402, 244.877639771, 245.318817139, 245.771606445, 246.224395752, 246.66557312, 247.106750488, 247.547927856, 247.989105225, 248.430297852, 248.87147522, 249.324264526, 249.777053833, 250.218231201, 250.659408569, 251.100585938, 251.541763306, 251.982940674, 252.424118042, 252.876907349, 253.329696655, 253.770874023, 254.212051392, 254.653244019, 255.094421387, 255.547210693, 256, 256.441162109, 256.882354736, 257.323547363, 257.764709473, 258.217498779, 258.658691406, 259.111480713, 259.552642822, 259.993835449, 260.434997559, 260.876190186, 261.328979492, 261.781768799, 262.222930908, 262.664123535, 263.105316162, 263.546478271, 263.987670898, 264.428833008, 264.870025635, 265.322814941, 265.775604248, 266.216766357, 266.657958984, 267.099121094, 267.540313721, 267.981506348, 268.434295654, 268.875457764, 269.32824707, 269.769439697, 270.210601807, 270.651794434, 271.092956543, 271.54574585, 271.998535156, 272.439727783, 272.880889893, 273.32208252, 273.763275146, 274.204437256, 274.645629883, 275.098419189, 275.551208496, 275.992370605, 276.433563232, 276.874725342, 277.315917969, 277.757080078, 278.209869385, 278.662658691, 279.103851318, 279.545043945, 279.986206055, 280.427398682, 280.868560791, 281.321350098, 281.762542725, 282.215332031, 282.656494141, 283.097686768, 283.538848877, 283.980041504, 284.432830811, 284.874023438, 285.326782227, 285.767974854, 286.20916748, 286.661956787, 287.126342773, 287.59072876, 288.055145264, 288.484710693, 288.914276123, 289.343841553, 289.761810303, 290.179779053, 290.609344482, 291.038909912, 291.456878662, 291.874816895, 292.292785645, 292.826843262, 293.360900879, 293.894958496, 294.429016113, 294.96307373, 295.497131348, 296.031188965, 296.553649902, 297.08770752, 297.610168457, 298.144226074, 298.678283691, 299.212341309]
