
metadata:
    version:
        essentia: "2.1-beta2"
    audio_properties:
        analysis_sample_rate: 44100
        bitrate: 320
        channels: 2
        equal_loudness: 1
        length: 193.332244873
        replay_gain: -15.2411308289
        downmix: "mix"
    tags:
        album: "Feeding Fiction"
        artist: "Heartist"
        comment: "israbox.com"
        date: "2014"
        genre: "Rock"
        title: "What Kind Of World"
        tracknumber: "01/11"

configuration:
    average_loudness:
        compute: 1
        frameSize: 88200
        hopSize: 44100
        silentFrames: "noise"
        windowType: "hann"
    general:
        analysisSampleRate: 44100
        endTime: 2000
        equalLoudness: 1
        nequalLoudness: 0
        shortSound: 0
        startTime: 0
    lowlevel:
        compute: 1
        frameSize: 2048
        hopSize: 1024
        zeroPadding: 0
        silentFrames: "noise"
        windowType: "blackmanharris62"
        mfccStats: ["mean", "cov", "icov"]
        stats: ["mean", "var", "median", "min", "max", "dmean", "dmean2", "dvar", "dvar2"]
    panning:
        compute: 0
        frameSize: 8192
        hopSize: 2048
        zeroPadding: 8192
        silentFrames: "noise"
        windowType: "hann"
        stats: ["copy"]
    rhythm:
        compute: 1
        maxTempo: 208
        minTempo: 40
        method: "degara"
        stats: ["mean", "var", "median", "min", "max", "dmean", "dmean2", "dvar", "dvar2"]
    segmentation:
        compute: 0
        cpw: 5
        inc1: 300
        inc2: 50
        minimumSegmentsLength: 10
        size1: 1000
        size2: 600
    sfx:
        compute: 1
        stats: ["mean", "var", "median", "min", "max", "dmean", "dmean2", "dvar", "dvar2"]
    svm:
        compute: 0
    tonal:
        compute: 1
        frameSize: 4096
        hopSize: 2048
        zeroPadding: 0
        silentFrames: "noise"
        windowType: "blackmanharris62"
        stats: ["mean", "var", "median", "min", "max", "dmean", "dmean2", "dvar", "dvar2"]

lowlevel:
    average_loudness: 0.930466532707
    barkbands_kurtosis:
        dmean: 0.683738648891
        dmean2: 1.11499679089
        dvar: 1.25385868549
        dvar2: 2.97890543938
        max: 35.3212089539
        mean: -0.558406412601
        median: -1.02717888355
        min: -1.95550203323
        var: 2.6991417408
    barkbands_skewness:
        dmean: 0.38406136632
        dmean2: 0.607582330704
        dvar: 0.139031231403
        dvar2: 0.329122871161
        max: 5.38091802597
        mean: -0.338035136461
        median: -0.463432431221
        min: -4.18704843521
        var: 0.674380302429
    barkbands_spread:
        dmean: 6.54408454895
        dmean2: 10.6841201782
        dvar: 41.5785865784
        dvar2: 106.633468628
        max: 100.571907043
        mean: 37.8929100037
        median: 37.9064559937
        min: 4.55271196365
        var: 135.825881958
    dissonance:
        dmean: 0.00984077248722
        dmean2: 0.0166837610304
        dvar: 0.000102190890175
        dvar2: 0.000271303695627
        max: 0.500000059605
        mean: 0.480814933777
        median: 0.485884130001
        min: 0.324330121279
        var: 0.000317399099004
    hfc:
        dmean: 2.46278262138
        dmean2: 4.10152292252
        dvar: 9.51035022736
        dvar2: 25.2500534058
        max: 35.7198410034
        mean: 10.7547388077
        median: 10.9182338715
        min: 1.07544894724e-016
        var: 43.8987007141
    pitch:
        dmean: 992.072143555
        dmean2: 1896.9005127
        dvar: 1958229.125
        dvar2: 4840391.5
        max: 5644.59472656
        mean: 1382.86364746
        median: 441.345275879
        min: 65.7849273682
        var: 2400451.75
    pitch_instantaneous_confidence:
        dmean: 0.0750463083386
        dmean2: 0.122940815985
        dvar: 0.00515731982887
        dvar2: 0.0123313451186
        max: 0.952493190765
        mean: 0.392737954855
        median: 0.344836324453
        min: 0.0959367156029
        var: 0.0274254884571
    pitch_salience:
        dmean: 0.0579208619893
        dmean2: 0.098427452147
        dvar: 0.00286667887121
        dvar2: 0.0082948114723
        max: 0.964148938656
        mean: 0.636894285679
        median: 0.648390889168
        min: 0.234109640121
        var: 0.00784066691995
    silence_rate_20dB:
        dmean: 0
        dmean2: 0
        dvar: 0
        dvar2: 0
        max: 1
        mean: 1
        median: 1
        min: 1
        var: 0
    silence_rate_30dB:
        dmean: 0
        dmean2: 0
        dvar: 0
        dvar2: 0
        max: 1
        mean: 1
        median: 1
        min: 1
        var: 0
    silence_rate_60dB:
        dmean: 0.0384292043746
        dmean2: 0.0768676400185
        dvar: 0.0369520895183
        dvar2: 0.0868222415447
        max: 1
        mean: 0.251080691814
        median: 0
        min: 0
        var: 0.188029333949
    spectral_centroid:
        dmean: 288.501495361
        dmean2: 466.991027832
        dvar: 96514.09375
        dvar2: 223718.640625
        max: 11839.375
        mean: 2143.72363281
        median: 2181.45141602
        min: 155.769515991
        var: 919846.5
    spectral_complexity:
        dmean: 3.65293622017
        dmean2: 6.00288248062
        dvar: 14.2852144241
        dvar2: 36.9350547791
        max: 48
        mean: 18.1470947266
        median: 20
        min: 0
        var: 98.6089553833
    spectral_crest:
        dmean: 1.68952202797
        dmean2: 2.86395430565
        dvar: 2.93652915955
        dvar2: 8.03843593597
        max: 22.2602024078
        mean: 6.34636735916
        median: 5.5764503479
        min: 2.4112610817
        var: 7.19310665131
    spectral_decrease:
        dmean: 2.45717668435e-010
        dmean2: 3.97390814699e-010
        dvar: 1.2663160656e-019
        dvar2: 3.07400762495e-019
        max: 2.06710903525e-028
        mean: -1.05410991047e-009
        median: -1.05435205011e-009
        min: -4.0528318479e-009
        var: 3.51160374658e-019
    spectral_energy:
        dmean: 0.00110477616545
        dmean2: 0.00178513105493
        dvar: 2.38893744609e-006
        dvar2: 5.88079456065e-006
        max: 0.0174688510597
        mean: 0.00495393201709
        median: 0.00501580163836
        min: 1.0174221368e-020
        var: 7.68698919273e-006
    spectral_energyband_high:
        dmean: 0.000232742924709
        dmean2: 0.000397311436245
        dvar: 9.74203757664e-008
        dvar2: 2.62048132527e-007
        max: 0.00468350993469
        mean: 0.000719239877071
        median: 0.000675138609949
        min: 6.98298441416e-021
        var: 2.99828371908e-007
    spectral_energyband_low:
        dmean: 0.000323295098497
        dmean2: 0.000553159508854
        dvar: 1.90973324266e-007
        dvar2: 5.32652279617e-007
        max: 0.00491564627737
        mean: 0.0005818408099
        median: 0.000495405052789
        min: 1.06700111194e-023
        var: 2.32397937339e-007
    spectral_energyband_middle_high:
        dmean: 0.000580177293159
        dmean2: 0.000937600561883
        dvar: 4.42036565573e-007
        dvar2: 1.1139934486e-006
        max: 0.00948245357722
        mean: 0.00258047599345
        median: 0.0024795383215
        min: 1.3007878604e-021
        var: 2.83618578578e-006
    spectral_energyband_middle_low:
        dmean: 0.000592304044403
        dmean2: 0.000959949509706
        dvar: 1.25920439586e-006
        dvar2: 2.9370885386e-006
        max: 0.0106681799516
        mean: 0.00120290683117
        median: 0.00087888399139
        min: 2.07032568716e-022
        var: 1.63180197887e-006
    spectral_flatness_db:
        dmean: 0.0129771484062
        dmean2: 0.0210013799369
        dvar: 0.000161620846484
        dvar2: 0.00039296320756
        max: 0.353066384792
        mean: 0.137993991375
        median: 0.132190644741
        min: 0.0539865456522
        var: 0.00115965947043
    spectral_flux:
        dmean: 0.0070461188443
        dmean2: 0.0108614172786
        dvar: 6.69604341965e-005
        dvar2: 0.000133858324261
        max: 0.10116237402
        mean: 0.0401292182505
        median: 0.041157387197
        min: 6.38749261817e-011
        var: 0.000308218528517
    spectral_kurtosis:
        dmean: 0.733970224857
        dmean2: 1.2424094677
        dvar: 0.583863437176
        dvar2: 1.67146444321
        max: 16.1584796906
        mean: 2.42626667023
        median: 2.28822851181
        min: -1.25715303421
        var: 1.47740364075
    spectral_rms:
        dmean: 0.000227428579819
        dmean2: 0.000362075661542
        dvar: 7.6186950082e-008
        dvar2: 1.80703153774e-007
        max: 0.0041282903403
        mean: 0.0020721340552
        median: 0.00221211789176
        min: 3.15056661315e-012
        var: 5.39367533747e-007
    spectral_rolloff:
        dmean: 316.973510742
        dmean2: 532.064880371
        dvar: 194325.546875
        dvar2: 431308.84375
        max: 19466.015625
        mean: 3866.14233398
        median: 3875.9765625
        min: 129.19921875
        var: 2257491
    spectral_skewness:
        dmean: 0.131080001593
        dmean2: 0.215667441487
        dvar: 0.015541607514
        dvar2: 0.0393155366182
        max: 2.76072740555
        mean: 1.02881741524
        median: 1.02068042755
        min: -0.258721917868
        var: 0.0926467999816
    spectral_spread:
        dmean: 481301.4375
        dmean2: 716505.4375
        dvar: 579603464192
        dvar2: 1.02123831296e+012
        max: 42653540
        mean: 5058260.5
        median: 4560545
        min: 2254068.75
        var: 1.03521315717e+013
    spectral_strongpeak:
        dmean: 0.59916728735
        dmean2: 1.04484045506
        dvar: 0.935101687908
        dvar2: 2.3825917244
        max: 9.68029594421
        mean: 0.857885718346
        median: 0.34947091341
        min: 1.43949019371e-011
        var: 1.66406047344
    zerocrossingrate:
        dmean: 0.00810322910547
        dmean2: 0.0103473868221
        dvar: 8.96419369383e-005
        dvar2: 0.000127680425067
        max: 0.5302734375
        mean: 0.117828339338
        median: 0.11962890625
        min: 0.01171875
        var: 0.00171029905323
    barkbands:
        dmean: [4.00940251666e-007, 0.000103894730273, 0.000207445176784, 0.000163373173564, 0.000330431241309, 0.000123411198729, 0.000118756710435, 7.93003055151e-005, 5.81292406423e-005, 6.31039001746e-005, 6.29140267847e-005, 3.89960150642e-005, 4.88755831611e-005, 4.02468358516e-005, 7.02604884282e-005, 0.000107730040327, 0.000183199561434, 0.000151277476107, 0.000280259933788, 0.000175174456672, 0.00014203893079, 5.62586355954e-005, 9.40068275668e-006, 4.02613795814e-006, 2.6241514206e-006, 7.68272556684e-008, 7.00457969405e-010]
        dmean2: [6.08718323747e-007, 0.00017911188479, 0.000355202675564, 0.00027839789982, 0.000568635878153, 0.000213592022192, 0.000191998202354, 0.000130120082758, 9.54120405368e-005, 9.83003847068e-005, 9.70188557403e-005, 6.44944884698e-005, 7.87438402767e-005, 6.48018758511e-005, 0.000113568887173, 0.00017552357167, 0.00030615387368, 0.000253717007581, 0.000469290651381, 0.000292907847324, 0.000241003188421, 9.74751019385e-005, 1.62993674167e-005, 6.54212090012e-006, 4.20031346948e-006, 1.27938605488e-007, 1.19229948137e-009]
        dvar: [4.60605783115e-013, 2.14657909225e-008, 8.90988687274e-008, 8.65476010858e-008, 6.46068372134e-007, 9.35031749805e-008, 4.89721969643e-008, 2.93401392071e-008, 1.64770792566e-008, 1.50246926012e-008, 1.63425806221e-008, 5.85285553356e-009, 7.00288316224e-009, 4.28731050661e-009, 1.21156693567e-008, 2.59168952965e-008, 5.01250490004e-008, 4.09563547521e-008, 1.25353381009e-007, 5.55523413936e-008, 3.36839960369e-008, 7.6255108894e-009, 3.41885769695e-010, 1.0447680221e-010, 7.49395198674e-011, 5.40037307407e-014, 3.32850468136e-018]
        dvar2: [9.88690032622e-013, 6.09784009953e-008, 2.51516809158e-007, 2.36324311231e-007, 1.69190730048e-006, 2.55106783698e-007, 1.20968110195e-007, 7.20114314845e-008, 3.96960082583e-008, 3.29163754031e-008, 3.60792107301e-008, 1.48448373594e-008, 1.67633764647e-008, 1.0051974364e-008, 2.91434147925e-008, 6.56896901319e-008, 1.28779888087e-007, 1.09250350988e-007, 3.18111659681e-007, 1.45064163348e-007, 9.41616349337e-008, 2.05813108778e-008, 9.43070621595e-010, 2.37787289858e-010, 1.66255412215e-010, 1.30600391612e-013, 8.44906100463e-018]
        max: [7.67647907196e-006, 0.00125640595797, 0.00392555259168, 0.00495665380731, 0.00724418880418, 0.00392527412623, 0.00328542198986, 0.00295514706522, 0.00231047929265, 0.00259458180517, 0.00251882523298, 0.00139287498314, 0.00182926887646, 0.00112423347309, 0.00195968826301, 0.00253840698861, 0.00431938702241, 0.00543835666031, 0.0058197369799, 0.00407293159515, 0.00401363149285, 0.00108962063678, 0.000358410412446, 0.000194269639906, 0.000185044918908, 5.18669821759e-006, 5.63533113507e-008]
        mean: [5.37093740149e-007, 0.000166398880538, 0.000312404852593, 0.000201102360734, 0.000367905711755, 0.000149640327436, 0.000239756569499, 0.000119227428513, 9.49769892031e-005, 0.000138803370646, 0.000120576863992, 6.22717707301e-005, 8.71708398336e-005, 7.37056252547e-005, 0.000137647497468, 0.00023531531042, 0.000416499766288, 0.000344742526067, 0.000698738906067, 0.000437893846538, 0.000403080135584, 0.000118476855278, 1.66267836903e-005, 6.530468454e-006, 3.81127892979e-006, 9.61071862093e-008, 7.70924379889e-010]
        median: [2.22332147359e-007, 0.00013290005154, 0.000235671555856, 0.000106206469354, 0.000157976959599, 6.73489557812e-005, 9.09159643925e-005, 4.8128546041e-005, 4.28642597399e-005, 4.7221481509e-005, 3.84872109862e-005, 2.55050290434e-005, 4.86476528749e-005, 4.2067738832e-005, 8.63245804794e-005, 0.000151855041622, 0.000353548966814, 0.000277926417766, 0.000582180451602, 0.000366402266081, 0.000367063825252, 9.5891780802e-005, 9.59077078733e-006, 2.85777241515e-006, 1.22230790112e-006, 3.0873401613e-008, 2.94832797065e-010]
        min: [6.34412293778e-026, 3.03891190467e-024, 6.52989228539e-025, 9.33987251524e-025, 8.62647246649e-024, 1.06670876009e-023, 1.40676460823e-023, 5.14675692089e-024, 2.26016127747e-023, 1.29507681352e-023, 1.42092560811e-023, 3.49161227802e-023, 2.56714302775e-023, 2.6664754463e-023, 4.37696065383e-023, 5.07086447862e-023, 9.1571478749e-023, 1.21349248738e-022, 1.23136807549e-022, 1.85277589864e-022, 2.73613716538e-022, 3.61491710663e-022, 4.06662416211e-022, 6.54687655929e-022, 9.35241884307e-022, 1.27930065249e-021, 2.00932571131e-021]
        var: [6.65500694916e-013, 2.44158631091e-008, 1.01696393529e-007, 9.13843081207e-008, 5.39304323866e-007, 8.54855031207e-008, 1.33150621195e-007, 4.21545323093e-008, 3.65395713686e-008, 8.13713612047e-008, 6.07148393783e-008, 1.02253929768e-008, 1.41825822197e-008, 9.95292115391e-009, 2.96512041587e-008, 7.52404787363e-008, 1.40324402764e-007, 9.65320978707e-008, 3.68399554418e-007, 1.54009640596e-007, 1.17202127115e-007, 1.18694911677e-008, 4.67146876737e-010, 1.74191480684e-010, 1.14393217121e-010, 6.44098015483e-014, 3.56504049303e-018]
    frequency_bands:
        dmean: [4.00940251666e-007, 0.000103894730273, 0.000207445176784, 0.000163373173564, 0.000330431241309, 0.000123411198729, 0.000118756710435, 7.93003055151e-005, 5.81292406423e-005, 6.31039001746e-005, 6.29140267847e-005, 3.89960150642e-005, 4.88755831611e-005, 4.02468358516e-005, 7.02604884282e-005, 0.000107730040327, 0.000183199561434, 0.000151277476107, 0.000280259933788, 0.000175174456672, 0.00014203893079, 5.62586355954e-005, 9.40068275668e-006, 4.02613795814e-006, 2.6241514206e-006, 7.68272556684e-008, 7.00457969405e-010, 5.454017446e-011]
        dmean2: [6.08718323747e-007, 0.00017911188479, 0.000355202675564, 0.00027839789982, 0.000568635878153, 0.000213592022192, 0.000191998202354, 0.000130120082758, 9.54120405368e-005, 9.83003847068e-005, 9.70188557403e-005, 6.44944884698e-005, 7.87438402767e-005, 6.48018758511e-005, 0.000113568887173, 0.00017552357167, 0.00030615387368, 0.000253717007581, 0.000469290651381, 0.000292907847324, 0.000241003188421, 9.74751019385e-005, 1.62993674167e-005, 6.54212090012e-006, 4.20031346948e-006, 1.27938605488e-007, 1.19229948137e-009, 1.01221739324e-010]
        dvar: [4.60605783115e-013, 2.14657909225e-008, 8.90988687274e-008, 8.65476010858e-008, 6.46068372134e-007, 9.35031749805e-008, 4.89721969643e-008, 2.93401392071e-008, 1.64770792566e-008, 1.50246926012e-008, 1.63425806221e-008, 5.85285553356e-009, 7.00288316224e-009, 4.28731050661e-009, 1.21156693567e-008, 2.59168952965e-008, 5.01250490004e-008, 4.09563547521e-008, 1.25353381009e-007, 5.55523413936e-008, 3.36839960369e-008, 7.6255108894e-009, 3.41885769695e-010, 1.0447680221e-010, 7.49395198674e-011, 5.40037307407e-014, 3.32850468136e-018, 5.77032753874e-021]
        dvar2: [9.88690032622e-013, 6.09784009953e-008, 2.51516809158e-007, 2.36324311231e-007, 1.69190730048e-006, 2.55106783698e-007, 1.20968110195e-007, 7.20114314845e-008, 3.96960082583e-008, 3.29163754031e-008, 3.60792107301e-008, 1.48448373594e-008, 1.67633764647e-008, 1.0051974364e-008, 2.91434147925e-008, 6.56896901319e-008, 1.28779888087e-007, 1.09250350988e-007, 3.18111659681e-007, 1.45064163348e-007, 9.41616349337e-008, 2.05813108778e-008, 9.43070621595e-010, 2.37787289858e-010, 1.66255412215e-010, 1.30600391612e-013, 8.44906100463e-018, 1.80232848861e-020]
        max: [7.67647907196e-006, 0.00125640595797, 0.00392555259168, 0.00495665380731, 0.00724418880418, 0.00392527412623, 0.00328542198986, 0.00295514706522, 0.00231047929265, 0.00259458180517, 0.00251882523298, 0.00139287498314, 0.00182926887646, 0.00112423347309, 0.00195968826301, 0.00253840698861, 0.00431938702241, 0.00543835666031, 0.0058197369799, 0.00407293159515, 0.00401363149285, 0.00108962063678, 0.000358410412446, 0.000194269639906, 0.000185044918908, 5.18669821759e-006, 5.63533113507e-008, 8.92150353593e-010]
        mean: [5.37093740149e-007, 0.000166398880538, 0.000312404852593, 0.000201102360734, 0.000367905711755, 0.000149640327436, 0.000239756569499, 0.000119227428513, 9.49769892031e-005, 0.000138803370646, 0.000120576863992, 6.22717707301e-005, 8.71708398336e-005, 7.37056252547e-005, 0.000137647497468, 0.00023531531042, 0.000416499766288, 0.000344742526067, 0.000698738906067, 0.000437893846538, 0.000403080135584, 0.000118476855278, 1.66267836903e-005, 6.530468454e-006, 3.81127892979e-006, 9.61071862093e-008, 7.70924379889e-010, 4.26586127533e-011]
        median: [2.22332147359e-007, 0.00013290005154, 0.000235671555856, 0.000106206469354, 0.000157976959599, 6.73489557812e-005, 9.09159643925e-005, 4.8128546041e-005, 4.28642597399e-005, 4.7221481509e-005, 3.84872109862e-005, 2.55050290434e-005, 4.86476528749e-005, 4.2067738832e-005, 8.63245804794e-005, 0.000151855041622, 0.000353548966814, 0.000277926417766, 0.000582180451602, 0.000366402266081, 0.000367063825252, 9.5891780802e-005, 9.59077078733e-006, 2.85777241515e-006, 1.22230790112e-006, 3.0873401613e-008, 2.94832797065e-010, 1.52177784263e-011]
        min: [6.34412293778e-026, 3.03891190467e-024, 6.52989228539e-025, 9.33987251524e-025, 8.62647246649e-024, 1.06670876009e-023, 1.40676460823e-023, 5.14675692089e-024, 2.26016127747e-023, 1.29507681352e-023, 1.42092560811e-023, 3.49161227802e-023, 2.56714302775e-023, 2.6664754463e-023, 4.37696065383e-023, 5.07086447862e-023, 9.1571478749e-023, 1.21349248738e-022, 1.23136807549e-022, 1.85277589864e-022, 2.73613716538e-022, 3.61491710663e-022, 4.06662416211e-022, 6.54687655929e-022, 9.35241884307e-022, 1.27930065249e-021, 2.00932571131e-021, 4.4430004285e-022]
        var: [6.65500694916e-013, 2.44158631091e-008, 1.01696393529e-007, 9.13843081207e-008, 5.39304323866e-007, 8.54855031207e-008, 1.33150621195e-007, 4.21545323093e-008, 3.65395713686e-008, 8.13713612047e-008, 6.07148393783e-008, 1.02253929768e-008, 1.41825822197e-008, 9.95292115391e-009, 2.96512041587e-008, 7.52404787363e-008, 1.40324402764e-007, 9.65320978707e-008, 3.68399554418e-007, 1.54009640596e-007, 1.17202127115e-007, 1.18694911677e-008, 4.67146876737e-010, 1.74191480684e-010, 1.14393217121e-010, 6.44098015483e-014, 3.56504049303e-018, 4.81969506653e-021]
    mfcc:
        mean: [-703.519592285, 83.1547393799, -44.5456390381, 63.2393188477, -13.2281274796, 3.38399720192, 0.61626213789, -0.34896877408, 3.78934264183, -4.78528356552, 0.122481562197, -1.01888144016, -0.636087715626]
        cov: [[7949.61914063, 704.172729492, -375.828186035, 955.329956055, -188.790863037, 153.552383423, -7.33737134933, 110.171974182, 57.6734809875, -122.933258057, -90.0255126953, -45.3839111328, 29.4807758331], [704.172729492, 646.31060791, -72.4956130981, 119.479721069, -23.4764881134, -9.96621227264, 9.08773517609, 40.803817749, 36.6103858948, 53.3062477112, 33.871257782, 15.4304533005, 26.5840988159], [-375.828186035, -72.4956130981, 532.833068848, -47.9511489868, 127.718925476, -3.22037386894, -6.9182009697, 12.4900560379, -25.6479759216, 29.3402328491, 11.0454616547, 16.2283325195, -30.8495845795], [955.329956055, 119.479721069, -47.9511489868, 362.252075195, 31.3780765533, 72.4940795898, -30.1945018768, 35.4077339172, 41.9730682373, -15.021531105, -8.6373090744, 10.7085962296, 17.2858085632], [-188.790863037, -23.4764881134, 127.718925476, 31.3780765533, 163.259933472, 20.4057598114, 2.66446614265, 17.0421676636, 9.90396404266, 25.6834831238, 5.64287042618, 9.65537166595, -1.00149738789], [153.552383423, -9.96621227264, -3.22037386894, 72.4940795898, 20.4057598114, 131.824707031, 47.7618789673, 31.1814041138, 10.4309654236, -10.5368585587, 3.10723996162, -3.13950204849, -2.83336544037], [-7.33737134933, 9.08773517609, -6.9182009697, -30.1945018768, 2.66446614265, 47.7618789673, 127.328269958, 42.6468429565, 0.117396146059, 2.10275411606, 10.3289260864, -9.76865291595, -5.19096231461], [110.171974182, 40.803817749, 12.4900560379, 35.4077339172, 17.0421676636, 31.1814041138, 42.6468429565, 92.3848114014, 34.0428695679, 17.9202709198, 3.77797722816, -4.53152132034, 5.44217824936], [57.6734809875, 36.6103858948, -25.6479759216, 41.9730682373, 9.90396404266, 10.4309654236, 0.117396146059, 34.0428695679, 96.7688446045, 37.0498657227, 13.1348257065, 4.40086174011, 8.64395713806], [-122.933258057, 53.3062477112, 29.3402328491, -15.021531105, 25.6834831238, -10.5368585587, 2.10275411606, 17.9202709198, 37.0498657227, 100.344696045, 41.3356018066, 5.82780790329, 3.69329047203], [-90.0255126953, 33.871257782, 11.0454616547, -8.6373090744, 5.64287042618, 3.10723996162, 10.3289260864, 3.77797722816, 13.1348257065, 41.3356018066, 81.0020294189, 29.2986164093, 8.31491184235], [-45.3839111328, 15.4304533005, 16.2283325195, 10.7085962296, 9.65537166595, -3.13950204849, -9.76865291595, -4.53152132034, 4.40086174011, 5.82780790329, 29.2986164093, 71.0506744385, 27.3885192871], [29.4807758331, 26.5840988159, -30.8495845795, 17.2858085632, -1.00149738789, -2.83336544037, -5.19096231461, 5.44217824936, 8.64395713806, 3.69329047203, 8.31491184235, 27.3885192871, 66.3277587891]]
        icov: [[0.00021741213277, -0.000134866975714, 2.89190097646e-006, -0.000584746652748, 0.000308174494421, 7.21303586033e-005, -0.000134247122332, -4.88829682581e-005, 9.16721255635e-005, 9.9267657788e-005, 0.000117953502922, 0.000121328601381, 3.00359752146e-005], [-0.000134866975714, 0.00197031209245, 0.000143319455674, -0.000457102956716, 0.000266655173618, 0.000645217194688, -0.000309317285428, -0.000498097331729, 0.000163846169016, -0.00110824115109, -0.000378967699362, -0.000197031811695, -0.000326495443005], [2.89190097646e-006, 0.000143319455674, 0.00262424838729, 0.000397102208808, -0.00193784269504, 4.87031938974e-005, 0.000542275316548, -0.000919825804885, 0.00110364158172, -0.000550543190911, 5.34665632586e-005, -0.00100986333564, 0.00144619820639], [-0.000584746652748, -0.000457102956716, 0.000397102208808, 0.00581423705444, -0.00180793507025, -0.00282656936906, 0.00279044616036, -0.0011060021352, -0.00140387320425, 0.00118093052879, -6.3678213337e-005, -0.000665117229801, -0.00032653787639], [0.000308174494421, 0.000266655173618, -0.00193784269504, -0.00180793507025, 0.00885684415698, -0.000744013872463, -0.0004447530373, -0.000351022288669, 1.91462659132e-005, -0.00217634928413, 0.00115929951426, -0.000634614611045, -0.000342636107234], [7.21303586033e-005, 0.000645217194688, 4.87031938974e-005, -0.00282656936906, -0.000744013872463, 0.0112792681903, -0.00443987175822, -0.00106784375384, -0.000301865133224, 0.00152572756633, -0.00119672878645, 0.000388565997127, 0.000623316445854], [-0.000134247122332, -0.000309317285428, 0.000542275316548, 0.00279044616036, -0.0004447530373, -0.00443987175822, 0.0123537238687, -0.00555772241205, 0.00144593091682, 0.000867308932357, -0.00205158814788, 0.00114439125173, 0.000483009207528], [-4.88829682581e-005, -0.000498097331729, -0.000919825804885, -0.0011060021352, -0.000351022288669, -0.00106784375384, -0.00555772241205, 0.0168129950762, -0.00486175576225, -0.00137165887281, 0.00135013414547, 0.00130638992414, -0.00178232311737], [9.16721255635e-005, 0.000163846169016, 0.00110364158172, -0.00140387320425, 1.91462659132e-005, -0.000301865133224, 0.00144593091682, -0.00486175576225, 0.0148827144876, -0.00530060799792, 0.000354679039447, -0.000734334636945, -0.000113402857096], [9.9267657788e-005, -0.00110824115109, -0.000550543190911, 0.00118093052879, -0.00217634928413, 0.00152572756633, 0.000867308932357, -0.00137165887281, -0.00530060799792, 0.01709590666, -0.00811706669629, 0.00310356356204, -0.000476168468595], [0.000117953502922, -0.000378967699362, 5.34665632586e-005, -6.3678213337e-005, 0.00115929951426, -0.00119672878645, -0.00205158814788, 0.00135013414547, 0.000354679039447, -0.00811706669629, 0.0197092052549, -0.0081772217527, 0.00114755437244], [0.000121328601381, -0.000197031811695, -0.00100986333564, -0.000665117229801, -0.000634614611045, 0.000388565997127, 0.00114439125173, 0.00130638992414, -0.000734334636945, 0.00310356356204, -0.0081772217527, 0.0211409721524, -0.00806361250579], [3.00359752146e-005, -0.000326495443005, 0.00144619820639, -0.00032653787639, -0.000342636107234, 0.000623316445854, 0.000483009207528, -0.00178232311737, -0.000113402857096, -0.000476168468595, 0.00114755437244, -0.00806361250579, 0.0193845015019]]
    sccoeffs:
        dmean: [0.0546229220927, 0.0469989702106, 0.0373296141624, 0.0296353362501, 0.0203770771623, 0.0185647718608]
        dmean2: [0.0916494727135, 0.0777156352997, 0.0605293475091, 0.0487363897264, 0.0337295755744, 0.0294361002743]
        dvar: [0.00213357200846, 0.00149105454329, 0.000929197121877, 0.000563269015402, 0.000286018301267, 0.000292605342111]
        dvar2: [0.00574057688937, 0.00385683448985, 0.00238229939714, 0.00146245176438, 0.000736849324312, 0.000641910533886]
        max: [-0.318893283606, -0.3930298388, -0.546769022942, -0.607614576817, -0.598717689514, -0.562739014626]
        mean: [-0.67094129324, -0.746734797955, -0.776475548744, -0.783320724964, -0.791985869408, -0.71517676115]
        median: [-0.670973062515, -0.757505774498, -0.780645430088, -0.784504413605, -0.793937921524, -0.710342884064]
        min: [-0.987105071545, -0.978612244129, -0.978577375412, -0.971103906631, -0.964542925358, -0.964386045933]
        var: [0.00590629177168, 0.00662988657132, 0.00379610713571, 0.00221777288243, 0.00139326392673, 0.00319733354263]
    scvalleys:
        dmean: [0.383116066456, 0.383413821459, 0.320863604546, 0.250803589821, 0.203483194113, 0.265726923943]
        dmean2: [0.641121208668, 0.634765088558, 0.526760160923, 0.409757733345, 0.329337388277, 0.402228593826]
        dvar: [0.126810953021, 0.136190503836, 0.102438531816, 0.0721260458231, 0.0651153326035, 0.123956777155]
        dvar2: [0.295936763287, 0.313320487738, 0.222646832466, 0.142014503479, 0.121664732695, 0.243841543794]
        max: [-5.23891353607, -4.66822767258, -5.2988743782, -5.84799528122, -5.55757141113, -7.30899858475]
        mean: [-7.01827144623, -7.06788825989, -7.42668533325, -7.47591018677, -6.98698043823, -9.67794704437]
        median: [-6.56945610046, -6.68275260925, -7.06010580063, -7.0503745079, -6.45173025131, -9.34850025177]
        min: [-28.0160198212, -27.8840427399, -27.7504444122, -27.7897930145, -27.4906215668, -27.3640651703]
        var: [4.50539970398, 4.21274614334, 3.97242927551, 3.97614789009, 4.33904457092, 3.85910105705]

rhythm:
    beats_loudness:
        dmean: 0.0019589511212
        dmean2: 0.00351269217208
        dvar: 3.66428184861e-006
        dvar2: 1.10988967208e-005
        max: 0.0125963129103
        mean: 0.00671403110027
        median: 0.0077265505679
        min: 0
        var: 1.16034925668e-005
    bpm: 98.3738021851
    bpm_confidence: 0
    first_peak_bpm: 99
    first_peak_spread: 0.0463320538402
    first_peak_weight: 0.767080783844
    onset_rate: 2.6120839119
    second_peak_bpm: 94
    second_peak_spread: 0.359999984503
    second_peak_weight: 0.0496894419193
    beats_loudness_band_ratio:
        dmean: [0.142500907183, 0.111947149038, 0.0745249837637, 0.0460359193385, 0.0848336219788, 0.0994329974055]
        dmean2: [0.25771945715, 0.208533525467, 0.127419129014, 0.0816920846701, 0.150810942054, 0.173605203629]
        dvar: [0.0152533687651, 0.0128698348999, 0.0113497646526, 0.00544551759958, 0.0068783913739, 0.0117934504524]
        dvar2: [0.0447457432747, 0.043520450592, 0.0274131037295, 0.0152653306723, 0.0184833407402, 0.0331092216074]
        max: [0.783412873745, 0.589839339256, 0.766946017742, 0.60878354311, 0.649221122265, 0.958385705948]
        mean: [0.337605446577, 0.178561717272, 0.110677734017, 0.0605416595936, 0.170616924763, 0.244832992554]
        median: [0.374883085489, 0.185045495629, 0.0597604289651, 0.0372034311295, 0.146815598011, 0.224978938699]
        min: [0, 0, 0, 0, 0, 0]
        var: [0.0306004807353, 0.0157298129052, 0.0174986999482, 0.00522209890187, 0.0101813860238, 0.0155798848718]
    beats_position: [0.580498874187, 1.18421769142, 1.78793644905, 2.39165520668, 2.99537420273, 3.59909296036, 4.21442174911, 4.82975053787, 5.4334692955, 6.03718805313, 6.64090681076, 7.25623559952, 7.87156438828, 8.47528362274, 9.07900238037, 9.682721138, 10.2980499268, 10.9133787155, 11.5170974731, 12.1208162308, 12.7361450195, 13.3514738083, 13.9551925659, 14.5589113235, 15.1626300812, 15.7779588699, 16.3816776276, 16.99700737, 17.600725174, 18.088344574, 18.575963974, 19.0635814667, 19.5512008667, 20.0388202667, 20.5264396667, 21.0140590668, 21.5132884979, 22.0009059906, 22.4769153595, 22.9645347595, 23.4521541595, 23.9165534973, 24.3809528351, 24.8453502655, 25.3097496033, 25.7857589722, 26.2617683411, 26.73777771, 27.1905670166, 27.6549663544, 28.1193637848, 28.5721530914, 29.0249423981, 29.4777317047, 29.9537410736, 30.4181404114, 30.8825397491, 31.3469390869, 31.8113365173, 32.2757377625, 32.7401351929, 33.1813163757, 33.6341018677, 34.0868911743, 34.5861206055, 35.0853500366, 35.5845794678, 36.1882972717, 36.8036270142, 37.4073448181, 38.0110664368, 38.6147842407, 39.2301139832, 39.8454399109, 40.4491615295, 41.0528793335, 41.6682090759, 42.2835350037, 42.8872566223, 43.4909744263, 44.0946922302, 44.7100219727, 45.3253517151, 45.929069519, 46.5443992615, 47.1597251892, 47.7634468079, 48.3671646118, 48.9708824158, 49.5862121582, 50.2015419006, 50.8052597046, 51.420589447, 52.024307251, 52.6396369934, 53.2433547974, 53.8470726013, 54.45079422, 55.0661201477, 55.6814498901, 56.2851676941, 56.8888893127, 57.5042152405, 58.1195449829, 58.7232627869, 59.3269844055, 59.9423103333, 60.5460319519, 61.1613578796, 61.7650794983, 62.3687973022, 62.9841270447, 63.5994529724, 64.2031707764, 64.8185043335, 65.4338302612, 66.0375518799, 66.6412658691, 67.2449874878, 67.8603134155, 68.4756469727, 69.0793609619, 69.6830825806, 70.2984085083, 70.9137420654, 71.5174560547, 72.1211776733, 72.724899292, 73.3402252197, 73.9555511475, 74.5592727661, 75.1745986938, 75.789932251, 76.3936462402, 76.9973678589, 77.6010894775, 78.2164154053, 78.831741333, 79.4354629517, 80.0391845703, 80.654510498, 81.2698364258, 81.8735580444, 82.4772796631, 83.0809936523, 83.7079315186, 84.3116531372, 84.9153747559, 85.5190887451, 86.1344223022, 86.74974823, 87.3650741577, 87.9687957764, 88.5841217041, 89.1994552612, 89.8031692505, 90.4068908691, 91.0106124878, 91.6259384155, 92.2296600342, 92.8333740234, 93.4370956421, 94.0408172607, 94.6561431885, 95.2714691162, 95.8751907349, 96.4905166626, 97.1058502197, 97.709564209, 98.3132858276, 98.9286117554, 99.5439453125, 100.147659302, 100.75138092, 101.366706848, 101.982040405, 102.585754395, 103.189476013, 103.793197632, 104.40852356, 105.023849487, 105.627571106, 106.231292725, 106.846618652, 107.46194458, 108.065666199, 108.669387817, 109.284713745, 109.900039673, 110.503761292, 111.10748291, 111.711196899, 112.326530457, 112.941856384, 113.545578003, 114.149291992, 114.753013611, 115.368339539, 115.983673096, 116.587387085, 117.202720642, 117.81804657, 118.421768188, 119.025482178, 119.652427673, 120.27936554, 120.917915344, 121.55645752, 122.206619263, 122.845169067, 123.483718872, 124.133872986, 124.784034729, 125.410972595, 126.026298523, 126.64163208, 127.256958008, 127.860679626, 128.464401245, 129.079727173, 129.695053101, 130.310379028, 130.914108276, 131.517822266, 132.121536255, 132.725265503, 133.340591431, 133.955917358, 134.559631348, 135.163360596, 135.778686523, 136.394012451, 136.99772644, 137.601455688, 138.205169678, 138.820495605, 139.435821533, 140.039550781, 140.654876709, 141.270202637, 141.873916626, 142.477645874, 143.092971802, 143.708297729, 144.312011719, 144.915740967, 145.519454956, 146.134780884, 146.750106812, 147.35383606, 147.957550049, 148.561264038, 149.176589966, 149.780319214, 150.395645142, 151.010971069, 151.626296997, 152.230026245, 152.833740234, 153.437454224, 154.052780151, 154.668121338, 155.295059204, 155.933609009, 156.583755493, 157.222305298, 157.860855103, 158.499404907, 159.137954712, 159.776504517, 160.403442383, 161.018768311, 161.645706177, 162.261047363, 162.876373291, 163.48008728, 164.095413208, 164.722351074, 165.326080322, 165.929794312, 166.533508301, 167.148834229, 167.764175415, 168.367889404, 168.971603394, 169.575332642, 170.190658569, 170.805984497, 171.409698486, 172.025024414, 172.640365601, 173.24407959, 173.847793579, 174.451522827, 175.066848755, 175.682174683, 176.285888672, 176.88961792, 177.504943848, 178.120269775, 178.770431519, 179.420593262, 180.070739746, 180.709289551, 181.336227417, 181.974777222, 182.613327026, 183.251876831, 183.878814697, 184.494140625, 185.109481812, 185.724807739, 186.340133667, 186.943847656, 187.559173584, 188.174514771, 188.789840698, 189.416778564, 190.043716431, 190.682266235, 191.32081604, 191.970977783, 192.621124268]
    bpm_estimates: [99.3840179443, 99.3840255737, 99.3840255737, 99.3839874268, 99.3840255737, 97.5088424683, 97.5088424683, 99.3840255737, 99.3840255737, 99.3840255737, 97.5088424683, 97.5088424683, 99.3839492798, 99.3840255737, 99.3840255737, 97.5088424683, 97.5088424683, 99.3840255737, 99.3840255737, 97.5088424683, 97.5088424683, 99.3840255737, 99.3840255737, 99.3840255737, 97.5088424683, 99.3840255737, 97.5086975098, 99.3841781616, 99.3841781616, 97.5086975098, 99.3841781616, 99.3835525513, 99.3841781616, 97.5086975098, 97.5093002319, 99.3835525513, 99.3841781616, 97.5086975098, 97.5093002319, 99.3835525513, 99.3841781616, 99.3841781616, 97.5086975098, 97.5086975098, 99.3841781616, 97.5086975098, 97.5093002319, 99.3835525513, 99.3841781616, 99.3841781616, 97.5086975098, 97.5086975098, 99.3841781616, 97.5086975098, 99.3841781616, 97.5086975098, 99.3841781616, 99.3841781616, 99.3835525513, 97.5093002319, 97.5086975098, 99.3841781616, 99.3835525513, 97.5093002319, 97.5086975098, 99.3841781616, 99.3835525513, 97.5093002319, 99.3835525513, 97.5093002319, 99.3835525513, 99.3841781616, 97.5086975098, 97.5093002319, 99.3841781616, 97.5080871582, 97.5093002319, 99.3835525513, 99.3848114014, 99.3835525513, 97.5093002319, 97.5080871582, 99.3848114014, 99.3835525513, 97.5093002319, 97.5080871582, 99.3848114014, 99.3835525513, 99.3835525513, 97.5093002319, 97.5093002319, 99.3835525513, 97.5093002319, 97.5080871582, 99.3848114014, 99.3835525513, 99.3835525513, 97.5093002319, 97.5093002319, 99.3835525513, 99.3835525513, 97.5093002319, 97.5093002319, 99.3835525513, 99.3835525513, 99.3848114014, 95.7032623291, 99.3835525513, 99.3835525513, 99.3848114014, 97.5080871582, 97.5093002319, 97.5093002319, 99.3835525513, 97.5093002319, 97.5080871582, 99.3848114014, 99.3835525513, 99.3835525513, 97.5093002319, 99.3835525513, 99.3848114014, 99.3835525513, 99.3835525513, 97.5093002319, 97.5093002319, 99.3835525513, 97.5093002319, 97.5080871582, 99.3848114014, 99.3835525513, 97.5093002319, 97.5080871582, 99.3848114014, 99.3835525513, 97.5093002319, 97.5080871582, 99.3848114014, 99.3835525513, 99.3835525513, 97.5093002319, 97.5093002319, 99.3835525513, 99.3835525513, 97.5093002319, 97.5093002319, 99.3835525513, 99.3835525513, 97.5093002319, 97.5093002319, 99.3835525513, 99.3835525513, 99.3848114014, 97.5080871582, 97.5093002319, 99.3835525513, 99.3848114014, 99.3835525513, 97.5093002319, 97.5080871582, 99.3848114014, 97.5080871582, 97.5093002319, 99.3835525513, 99.3848114014, 95.7021026611, 95.7032623291, 95.7032623291, 97.5093002319, 97.5080871582, 97.5093002319, 99.3835525513, 99.3835525513, 97.5093002319, 97.5093002319, 97.5093002319, 99.3823013306, 99.3848114014, 99.3848114014, 99.3823013306, 97.5093002319, 97.5093002319, 99.3848114014, 99.3823013306, 97.5093002319, 97.5093002319, 99.3848114014, 99.3823013306, 99.3848114014, 97.5093002319, 97.5093002319, 99.3823013306, 97.5093002319, 97.5093002319, 99.3848114014, 99.3823013306, 97.5093002319, 97.5093002319, 99.3848114014, 99.3823013306, 99.3848114014, 97.5093002319, 97.5093002319, 99.3823013306, 99.3848114014, 99.3848114014, 97.5093002319, 99.3823013306, 97.5093002319, 97.5093002319, 97.5093002319, 99.3823013306, 99.3848114014, 99.3848114014, 97.5093002319, 97.5068817139, 95.7032623291, 95.7032623291, 97.5093002319, 95.7032623291, 97.5068817139, 97.5093002319, 99.3848114014, 97.5093002319, 95.7032623291, 99.3823013306, 99.3848114014, 99.3848114014, 97.5093002319, 97.5068817139, 99.3848114014, 99.3848114014, 99.3823013306, 97.5093002319, 97.5093002319, 99.3848114014, 97.5093002319, 97.5068817139, 99.3848114014, 99.3848114014, 99.3823013306, 97.5093002319, 97.5093002319, 99.3848114014, 99.3823013306, 97.5093002319, 97.5093002319, 95.7032623291, 95.7032623291, 97.5093002319, 97.5068817139, 97.5093002319, 97.5093002319, 99.3848114014, 97.5093002319, 97.5068817139, 97.5093002319, 95.7032623291, 95.7032623291]
