
metadata:
    version:
        essentia: "2.1-beta2"
    audio_properties:
        analysis_sample_rate: 44100
        bitrate: 320
        channels: 2
        equal_loudness: 1
        length: 214.021224976
        replay_gain: -13.9838294983
        downmix: "mix"
    tags:
        album: "Feeding Fiction"
        artist: "Heartist"
        comment: "israbox.com"
        date: "2014"
        genre: "Rock"
        title: "Skeletons"
        tracknumber: "03/11"

configuration:
    average_loudness:
        compute: 1
        frameSize: 88200
        hopSize: 44100
        silentFrames: "noise"
        windowType: "hann"
    general:
        analysisSampleRate: 44100
        endTime: 2000
        equalLoudness: 1
        nequalLoudness: 0
        shortSound: 0
        startTime: 0
    lowlevel:
        compute: 1
        frameSize: 2048
        hopSize: 1024
        zeroPadding: 0
        silentFrames: "noise"
        windowType: "blackmanharris62"
        mfccStats: ["mean", "cov", "icov"]
        stats: ["mean", "var", "median", "min", "max", "dmean", "dmean2", "dvar", "dvar2"]
    panning:
        compute: 0
        frameSize: 8192
        hopSize: 2048
        zeroPadding: 8192
        silentFrames: "noise"
        windowType: "hann"
        stats: ["copy"]
    rhythm:
        compute: 1
        maxTempo: 208
        minTempo: 40
        method: "degara"
        stats: ["mean", "var", "median", "min", "max", "dmean", "dmean2", "dvar", "dvar2"]
    segmentation:
        compute: 0
        cpw: 5
        inc1: 300
        inc2: 50
        minimumSegmentsLength: 10
        size1: 1000
        size2: 600
    sfx:
        compute: 1
        stats: ["mean", "var", "median", "min", "max", "dmean", "dmean2", "dvar", "dvar2"]
    svm:
        compute: 0
    tonal:
        compute: 1
        frameSize: 4096
        hopSize: 2048
        zeroPadding: 0
        silentFrames: "noise"
        windowType: "blackmanharris62"
        stats: ["mean", "var", "median", "min", "max", "dmean", "dmean2", "dvar", "dvar2"]

lowlevel:
    average_loudness: 0.919359505177
    barkbands_kurtosis:
        dmean: 0.764082968235
        dmean2: 1.19093441963
        dvar: 2.12785601616
        dvar2: 3.64937329292
        max: 84.6334457397
        mean: -0.211160078645
        median: -0.791919887066
        min: -1.86114323139
        var: 6.9964056015
    barkbands_skewness:
        dmean: 0.341685026884
        dmean2: 0.523871719837
        dvar: 0.119413979352
        dvar2: 0.248653560877
        max: 8.87399196625
        mean: -0.554753661156
        median: -0.676797091961
        min: -4.17296552658
        var: 0.80328130722
    barkbands_spread:
        dmean: 5.91818094254
        dmean2: 9.39004039764
        dvar: 35.2190551758
        dvar2: 86.2606124878
        max: 88.2011566162
        mean: 37.0884056091
        median: 37.5175514221
        min: 1.02044808865
        var: 147.13394165
    dissonance:
        dmean: 0.00953230634332
        dmean2: 0.0161360017955
        dvar: 0.000124216719996
        dvar2: 0.000343193503795
        max: 0.500000119209
        mean: 0.482762694359
        median: 0.48804974556
        min: 0.257262825966
        var: 0.000337158096954
    hfc:
        dmean: 2.65627169609
        dmean2: 4.26300859451
        dvar: 10.1794528961
        dvar2: 25.6177692413
        max: 47.263256073
        mean: 12.3880395889
        median: 12.2673282623
        min: 1.06407580939e-016
        var: 53.1593399048
    pitch:
        dmean: 953.20513916
        dmean2: 1822.5098877
        dvar: 1812812.875
        dvar2: 4403415
        max: 5445.46142578
        mean: 1400.48657227
        median: 436.97833252
        min: 73.401550293
        var: 2267706.5
    pitch_instantaneous_confidence:
        dmean: 0.074666544795
        dmean2: 0.120761975646
        dvar: 0.00423282338306
        dvar2: 0.00999510847032
        max: 0.966087639332
        mean: 0.406670182943
        median: 0.371821582317
        min: 0.0906808376312
        var: 0.0236178655177
    pitch_salience:
        dmean: 0.050712287426
        dmean2: 0.0833946764469
        dvar: 0.00212199171074
        dvar2: 0.00543700251728
        max: 0.910572230816
        mean: 0.630044698715
        median: 0.643556237221
        min: 0.095276452601
        var: 0.00799100100994
    silence_rate_20dB:
        dmean: 0
        dmean2: 0
        dvar: 0
        dvar2: 0
        max: 1
        mean: 1
        median: 1
        min: 1
        var: 0
    silence_rate_30dB:
        dmean: 0
        dmean2: 0
        dvar: 0
        dvar2: 0
        max: 1
        mean: 1
        median: 1
        min: 1
        var: 0
    silence_rate_60dB:
        dmean: 0.0384031236172
        dmean2: 0.076814584434
        dvar: 0.03692407161
        dvar2: 0.0837259218097
        max: 1
        mean: 0.191777855158
        median: 0
        min: 0
        var: 0.155002579093
    spectral_centroid:
        dmean: 234.456497192
        dmean2: 369.488037109
        dvar: 75980.3671875
        dvar2: 159859.296875
        max: 11733.4521484
        mean: 2287.90649414
        median: 2348.30151367
        min: 286.081085205
        var: 830276.125
    spectral_complexity:
        dmean: 3.62226080894
        dmean2: 5.89215564728
        dvar: 13.1040773392
        dvar2: 32.1589279175
        max: 48
        mean: 18.8915290833
        median: 20
        min: 0
        var: 93.3174209595
    spectral_crest:
        dmean: 1.53566336632
        dmean2: 2.49901938438
        dvar: 2.2958676815
        dvar2: 5.68411254883
        max: 26.4059619904
        mean: 6.62795639038
        median: 5.8399014473
        min: 2.64771080017
        var: 8.96036720276
    spectral_decrease:
        dmean: 2.14014819755e-010
        dmean2: 3.42387007635e-010
        dvar: 8.65350474178e-020
        dvar2: 2.16038133926e-019
        max: 1.53376125576e-028
        mean: -1.10665054898e-009
        median: -1.13094600351e-009
        min: -4.04409083998e-009
        var: 3.04893603908e-019
    spectral_energy:
        dmean: 0.00101774849463
        dmean2: 0.00162682437804
        dvar: 1.8138168798e-006
        dvar2: 4.53057054983e-006
        max: 0.0192199982703
        mean: 0.0053003760986
        median: 0.00538472970948
        min: 9.82290144442e-021
        var: 7.24099754734e-006
    spectral_energyband_high:
        dmean: 0.000250560813583
        dmean2: 0.00042066333117
        dvar: 1.08421673417e-007
        dvar2: 2.8959252063e-007
        max: 0.00458943890408
        mean: 0.000797671382315
        median: 0.000772475905251
        min: 6.91906451701e-021
        var: 2.89605509352e-007
    spectral_energyband_low:
        dmean: 0.00023611819779
        dmean2: 0.000399251061026
        dvar: 1.54151109655e-007
        dvar2: 4.26145703614e-007
        max: 0.00389103102498
        mean: 0.000643268751446
        median: 0.000604327418841
        min: 2.56346819811e-023
        var: 2.15058960862e-007
    spectral_energyband_middle_high:
        dmean: 0.000655999756418
        dmean2: 0.00102118414361
        dvar: 5.45421698916e-007
        dvar2: 1.209475613e-006
        max: 0.0112835103646
        mean: 0.00296553247608
        median: 0.00275980937295
        min: 1.29392050436e-021
        var: 3.68373252968e-006
    spectral_energyband_middle_low:
        dmean: 0.000414472306147
        dmean2: 0.000667479005642
        dvar: 6.58312785617e-007
        dvar2: 1.63127594988e-006
        max: 0.0108726499602
        mean: 0.00102418847382
        median: 0.000762473035138
        min: 1.37483940739e-022
        var: 9.73083842837e-007
    spectral_flatness_db:
        dmean: 0.0115054631606
        dmean2: 0.017991265282
        dvar: 0.000123245394207
        dvar2: 0.000272908102488
        max: 0.425833821297
        mean: 0.139096453786
        median: 0.12558555603
        min: 0.0639770776033
        var: 0.00276572396979
    spectral_flux:
        dmean: 0.00671185739338
        dmean2: 0.0101697593927
        dvar: 5.73341458221e-005
        dvar2: 0.000117924704682
        max: 0.111632093787
        mean: 0.0402633212507
        median: 0.0409235134721
        min: 6.58507207096e-011
        var: 0.000283306755591
    spectral_kurtosis:
        dmean: 0.849550902843
        dmean2: 1.40844595432
        dvar: 1.43159973621
        dvar2: 4.29521989822
        max: 24.7393016815
        mean: 2.84720849991
        median: 2.61246275902
        min: -1.27717590332
        var: 3.54635071754
    spectral_rms:
        dmean: 0.000206833632546
        dmean2: 0.000325904635247
        dvar: 5.9964833099e-008
        dvar2: 1.43900663829e-007
        max: 0.00433026766405
        mean: 0.0021553277038
        median: 0.00229202839546
        min: 3.09569340648e-012
        var: 5.25645702965e-007
    spectral_rolloff:
        dmean: 316.562988281
        dmean2: 518.320373535
        dvar: 208046.078125
        dvar2: 434780.53125
        max: 19487.5488281
        mean: 3941.11376953
        median: 3940.57617188
        min: 150.732421875
        var: 2126647
    spectral_skewness:
        dmean: 0.135053485632
        dmean2: 0.218501403928
        dvar: 0.0197355765849
        dvar2: 0.0533186718822
        max: 3.56566691399
        mean: 1.12620544434
        median: 1.11849212646
        min: -0.0779327079654
        var: 0.0886470079422
    spectral_spread:
        dmean: 490763.4375
        dmean2: 713048.6875
        dvar: 597169733632
        dvar2: 986002292736
        max: 43061860
        mean: 5442914
        median: 5035725.5
        min: 1781510.5
        var: 1.09917587374e+013
    spectral_strongpeak:
        dmean: 0.70378279686
        dmean2: 1.20835137367
        dvar: 1.02085626125
        dvar2: 2.52200937271
        max: 10.3265094757
        mean: 1.10436570644
        median: 0.4316585958
        min: 0
        var: 2.01032996178
    zerocrossingrate:
        dmean: 0.00744027690962
        dmean2: 0.00904758647084
        dvar: 7.71162231104e-005
        dvar2: 9.12814939511e-005
        max: 0.52099609375
        mean: 0.124024070799
        median: 0.12646484375
        min: 0.02978515625
        var: 0.0016066879034
    barkbands:
        dmean: [4.08003785424e-007, 0.000117035328003, 0.000153321903781, 0.000103311831481, 0.000152766922838, 0.000107980646135, 7.84070653026e-005, 7.65322402003e-005, 6.40148791717e-005, 5.69042713323e-005, 3.58091056114e-005, 3.22588493873e-005, 3.28663409164e-005, 4.45854238933e-005, 8.4638260887e-005, 0.000129463078338, 0.000230714023928, 0.000224201896344, 0.000305257213768, 0.00018883314624, 0.000155025350978, 6.0185961047e-005, 1.02885169326e-005, 6.33032641417e-006, 4.50394190921e-006, 1.16563498409e-007, 1.07750264267e-009]
        dmean2: [6.2643698584e-007, 0.00019623922708, 0.000257777690422, 0.000181291034096, 0.000253261037869, 0.000179948052391, 0.000125781691168, 0.000123802121379, 9.94482761598e-005, 8.62548913574e-005, 5.63099638384e-005, 5.31747391506e-005, 5.34770442755e-005, 7.14048510417e-005, 0.00013708397455, 0.000214635510929, 0.000376849027816, 0.000346459069988, 0.000501707952935, 0.00031252996996, 0.000259388732957, 0.000103493512142, 1.71997453435e-005, 9.60233046499e-006, 6.70087092658e-006, 1.84297704209e-007, 1.71874847688e-009]
        dvar: [4.54347632651e-013, 2.56154901734e-008, 7.67831878079e-008, 4.48114079177e-008, 1.53420671722e-007, 6.02446874609e-008, 2.33321824084e-008, 4.35912070884e-008, 1.54974060251e-008, 1.54458632551e-008, 5.35492006293e-009, 4.00267285983e-009, 3.68403640927e-009, 8.42260661216e-009, 1.81464496762e-008, 4.08744220692e-008, 8.70872725045e-008, 1.20059453934e-007, 1.35813905899e-007, 6.7007619009e-008, 3.49859696769e-008, 8.62107718547e-009, 3.56791735046e-010, 2.61215382658e-010, 1.91171925512e-010, 6.07213050999e-014, 3.37166572495e-018]
        dvar2: [1.01152864296e-012, 7.18934316524e-008, 2.13274660155e-007, 1.29186346953e-007, 3.91214967976e-007, 1.54948693876e-007, 5.56446941857e-008, 1.0734307665e-007, 3.3984520087e-008, 3.16847668103e-008, 1.15021832059e-008, 1.03459214529e-008, 9.27470011902e-009, 1.95263769598e-008, 4.51523725076e-008, 1.06639134856e-007, 2.27120139584e-007, 2.38996449298e-007, 3.46082828173e-007, 1.69054573007e-007, 9.39223099294e-008, 2.33135661887e-008, 9.54798795583e-010, 5.24168097815e-010, 3.72452180208e-010, 1.40670312313e-013, 7.83306787427e-018]
        max: [7.63812204241e-006, 0.00156941730529, 0.00298542366363, 0.0029976842925, 0.0060040676035, 0.00600738590583, 0.00257738865912, 0.00308217061684, 0.00247131451033, 0.0037457596045, 0.00176557758823, 0.00144569622353, 0.00127153960057, 0.00270507158712, 0.00283180456609, 0.00405080243945, 0.00510548846796, 0.00614482117817, 0.00615643057972, 0.00753831351176, 0.00404008757323, 0.00121632835362, 0.000330171606038, 0.000415313523263, 0.000221209964366, 4.04065804105e-006, 2.41805295786e-008]
        mean: [5.77969785809e-007, 0.000272956036497, 0.000288238778012, 0.000165052260854, 0.000217839420657, 0.000188305915799, 0.000136952774483, 0.000113258894999, 0.000130021682708, 0.000133928042487, 6.78374490235e-005, 5.58322499273e-005, 5.77085920668e-005, 8.1988517195e-005, 0.000169138191268, 0.00026689961669, 0.000589539704379, 0.000519867404364, 0.000761895498727, 0.000480455521028, 0.000436290370999, 0.000124559854157, 2.05442593142e-005, 1.24050538943e-005, 8.06235311757e-006, 2.26361549949e-007, 1.81262693744e-009]
        median: [2.66926406312e-007, 0.000240487075644, 0.000215617852518, 8.64877147251e-005, 0.000103395279439, 7.35202556825e-005, 5.99389168201e-005, 3.29849463014e-005, 6.30174617982e-005, 4.45934965683e-005, 2.9046277632e-005, 3.28572896251e-005, 3.3904783777e-005, 4.79177251691e-005, 9.94987494778e-005, 0.000179790949915, 0.000414264795836, 0.000327986810589, 0.000651053094771, 0.0004171548062, 0.000416314433096, 0.000102256970422, 1.44137429743e-005, 5.83535893384e-006, 2.62775870397e-006, 1.35498325449e-007, 9.31175192509e-010]
        min: [1.0971674685e-024, 6.62764566079e-024, 1.19662813612e-024, 9.71738288751e-025, 5.11714347694e-024, 1.54566060999e-023, 7.15417402742e-024, 8.04329757598e-024, 1.45249597931e-023, 1.53313192109e-023, 8.4582691777e-024, 2.29687328628e-023, 2.82092336749e-023, 3.77763809613e-023, 2.33896090884e-023, 6.26553278843e-023, 6.86615570444e-023, 1.12325487776e-022, 1.22711643076e-022, 1.92399262033e-022, 2.65247196617e-022, 3.27181385727e-022, 3.69251148476e-022, 5.16851466707e-022, 7.88520016336e-022, 1.2751362747e-021, 1.96833099558e-021]
        var: [6.67816550757e-013, 4.821898969e-008, 9.10233168838e-008, 5.31238946166e-008, 1.51152207195e-007, 1.41673936582e-007, 5.47100000858e-008, 6.63171277893e-008, 4.68375738194e-008, 8.26962249789e-008, 1.96279614784e-008, 7.12563519301e-009, 7.4728063737e-009, 1.70851741643e-008, 4.85829900754e-008, 9.27202918888e-008, 3.71574799374e-007, 4.03374485813e-007, 3.85122746138e-007, 1.77976986038e-007, 1.00610392906e-007, 1.23574777078e-008, 5.20581744379e-010, 5.35912703103e-010, 3.88854781708e-010, 1.08991747648e-013, 5.89270605724e-018]
    frequency_bands:
        dmean: [4.08003785424e-007, 0.000117035328003, 0.000153321903781, 0.000103311831481, 0.000152766922838, 0.000107980646135, 7.84070653026e-005, 7.65322402003e-005, 6.40148791717e-005, 5.69042713323e-005, 3.58091056114e-005, 3.22588493873e-005, 3.28663409164e-005, 4.45854238933e-005, 8.4638260887e-005, 0.000129463078338, 0.000230714023928, 0.000224201896344, 0.000305257213768, 0.00018883314624, 0.000155025350978, 6.0185961047e-005, 1.02885169326e-005, 6.33032641417e-006, 4.50394190921e-006, 1.16563498409e-007, 1.07750264267e-009, 6.31921251437e-011]
        dmean2: [6.2643698584e-007, 0.00019623922708, 0.000257777690422, 0.000181291034096, 0.000253261037869, 0.000179948052391, 0.000125781691168, 0.000123802121379, 9.94482761598e-005, 8.62548913574e-005, 5.63099638384e-005, 5.31747391506e-005, 5.34770442755e-005, 7.14048510417e-005, 0.00013708397455, 0.000214635510929, 0.000376849027816, 0.000346459069988, 0.000501707952935, 0.00031252996996, 0.000259388732957, 0.000103493512142, 1.71997453435e-005, 9.60233046499e-006, 6.70087092658e-006, 1.84297704209e-007, 1.71874847688e-009, 1.17430787316e-010]
        dvar: [4.54347632651e-013, 2.56154901734e-008, 7.67831878079e-008, 4.48114079177e-008, 1.53420671722e-007, 6.02446874609e-008, 2.33321824084e-008, 4.35912070884e-008, 1.54974060251e-008, 1.54458632551e-008, 5.35492006293e-009, 4.00267285983e-009, 3.68403640927e-009, 8.42260661216e-009, 1.81464496762e-008, 4.08744220692e-008, 8.70872725045e-008, 1.20059453934e-007, 1.35813905899e-007, 6.7007619009e-008, 3.49859696769e-008, 8.62107718547e-009, 3.56791735046e-010, 2.61215382658e-010, 1.91171925512e-010, 6.07213050999e-014, 3.37166572495e-018, 8.13579711487e-021]
        dvar2: [1.01152864296e-012, 7.18934316524e-008, 2.13274660155e-007, 1.29186346953e-007, 3.91214967976e-007, 1.54948693876e-007, 5.56446941857e-008, 1.0734307665e-007, 3.3984520087e-008, 3.16847668103e-008, 1.15021832059e-008, 1.03459214529e-008, 9.27470011902e-009, 1.95263769598e-008, 4.51523725076e-008, 1.06639134856e-007, 2.27120139584e-007, 2.38996449298e-007, 3.46082828173e-007, 1.69054573007e-007, 9.39223099294e-008, 2.33135661887e-008, 9.54798795583e-010, 5.24168097815e-010, 3.72452180208e-010, 1.40670312313e-013, 7.83306787427e-018, 2.56652333649e-020]
        max: [7.63812204241e-006, 0.00156941730529, 0.00298542366363, 0.0029976842925, 0.0060040676035, 0.00600738590583, 0.00257738865912, 0.00308217061684, 0.00247131451033, 0.0037457596045, 0.00176557758823, 0.00144569622353, 0.00127153960057, 0.00270507158712, 0.00283180456609, 0.00405080243945, 0.00510548846796, 0.00614482117817, 0.00615643057972, 0.00753831351176, 0.00404008757323, 0.00121632835362, 0.000330171606038, 0.000415313523263, 0.000221209964366, 4.04065804105e-006, 2.41805295786e-008, 1.57973356618e-009]
        mean: [5.77969785809e-007, 0.000272956036497, 0.000288238778012, 0.000165052260854, 0.000217839420657, 0.000188305915799, 0.000136952774483, 0.000113258894999, 0.000130021682708, 0.000133928042487, 6.78374490235e-005, 5.58322499273e-005, 5.77085920668e-005, 8.1988517195e-005, 0.000169138191268, 0.00026689961669, 0.000589539704379, 0.000519867404364, 0.000761895498727, 0.000480455521028, 0.000436290370999, 0.000124559854157, 2.05442593142e-005, 1.24050538943e-005, 8.06235311757e-006, 2.26361549949e-007, 1.81262693744e-009, 4.96890376067e-011]
        median: [2.66926406312e-007, 0.000240487075644, 0.000215617852518, 8.64877147251e-005, 0.000103395279439, 7.35202556825e-005, 5.99389168201e-005, 3.29849463014e-005, 6.30174617982e-005, 4.45934965683e-005, 2.9046277632e-005, 3.28572896251e-005, 3.3904783777e-005, 4.79177251691e-005, 9.94987494778e-005, 0.000179790949915, 0.000414264795836, 0.000327986810589, 0.000651053094771, 0.0004171548062, 0.000416314433096, 0.000102256970422, 1.44137429743e-005, 5.83535893384e-006, 2.62775870397e-006, 1.35498325449e-007, 9.31175192509e-010, 1.79329554678e-011]
        min: [1.0971674685e-024, 6.62764566079e-024, 1.19662813612e-024, 9.71738288751e-025, 5.11714347694e-024, 1.54566060999e-023, 7.15417402742e-024, 8.04329757598e-024, 1.45249597931e-023, 1.53313192109e-023, 8.4582691777e-024, 2.29687328628e-023, 2.82092336749e-023, 3.77763809613e-023, 2.33896090884e-023, 6.26553278843e-023, 6.86615570444e-023, 1.12325487776e-022, 1.22711643076e-022, 1.92399262033e-022, 2.65247196617e-022, 3.27181385727e-022, 3.69251148476e-022, 5.16851466707e-022, 7.88520016336e-022, 1.2751362747e-021, 1.96833099558e-021, 5.36764335439e-022]
        var: [6.67816550757e-013, 4.821898969e-008, 9.10233168838e-008, 5.31238946166e-008, 1.51152207195e-007, 1.41673936582e-007, 5.47100000858e-008, 6.63171277893e-008, 4.68375738194e-008, 8.26962249789e-008, 1.96279614784e-008, 7.12563519301e-009, 7.4728063737e-009, 1.70851741643e-008, 4.85829900754e-008, 9.27202918888e-008, 3.71574799374e-007, 4.03374485813e-007, 3.85122746138e-007, 1.77976986038e-007, 1.00610392906e-007, 1.23574777078e-008, 5.20581744379e-010, 5.35912703103e-010, 3.88854781708e-010, 1.08991747648e-013, 5.89270605724e-018, 6.54616842725e-021]
    mfcc:
        mean: [-699.69543457, 71.9050292969, -43.5218467712, 59.8172912598, -10.7267551422, -2.63655567169, 0.435731559992, 2.0226893425, 8.64865970612, -0.350187808275, 0.824505388737, 0.38323956728, -1.81666433811]
        cov: [[9679.4921875, 827.559875488, 166.447494507, 1653.31384277, 502.035095215, 923.159362793, 277.84954834, 385.710327148, 138.55632019, -219.712722778, -13.5395727158, 104.45791626, 6.59107542038], [827.559875488, 521.036499023, -115.282424927, 175.369827271, -103.944511414, 67.8545227051, 11.7842617035, -0.59529709816, 15.4539318085, -2.24038171768, 23.1664943695, 12.5180978775, -5.27260637283], [166.447494507, -115.282424927, 611.424499512, 55.3374900818, 211.538665771, 214.558364868, 55.2762107849, 76.9671630859, 16.2665157318, -25.575717926, 16.8019714355, 28.2721614838, 6.99294614792], [1653.31384277, 175.369827271, 55.3374900818, 490.278106689, 159.497833252, 227.297164917, 20.3439731598, 96.7613067627, 50.2994232178, -51.0274276733, -1.66992712021, 38.9248657227, 11.2971057892], [502.035095215, -103.944511414, 211.538665771, 159.497833252, 256.659759521, 152.580169678, 26.9445228577, 67.1665649414, 34.0590438843, -29.6709938049, 5.70184469223, 27.78515625, 9.49616146088], [923.159362793, 67.8545227051, 214.558364868, 227.297164917, 152.580169678, 352.386077881, 130.272369385, 103.938064575, 25.5069389343, -20.2550468445, 13.7826786041, 23.3113193512, 6.14877796173], [277.84954834, 11.7842617035, 55.2762107849, 20.3439731598, 26.9445228577, 130.272369385, 164.659667969, 69.5634231567, 13.3288793564, 9.42917156219, 10.6233129501, -11.2026367188, -14.4957351685], [385.710327148, -0.59529709816, 76.9671630859, 96.7613067627, 67.1665649414, 103.938064575, 69.5634231567, 139.305892944, 52.3193817139, -1.27757179737, 2.70166349411, 0.409020930529, -7.8093752861], [138.55632019, 15.4539318085, 16.2665157318, 50.2994232178, 34.0590438843, 25.5069389343, 13.3288793564, 52.3193817139, 93.8948822021, 32.9673309326, 3.80767965317, -8.11322402954, -3.53537225723], [-219.712722778, -2.24038171768, -25.575717926, -51.0274276733, -29.6709938049, -20.2550468445, 9.42917156219, -1.27757179737, 32.9673309326, 88.7853240967, 28.958694458, -14.2385025024, -10.9593496323], [-13.5395727158, 23.1664943695, 16.8019714355, -1.66992712021, 5.70184469223, 13.7826786041, 10.6233129501, 2.70166349411, 3.80767965317, 28.958694458, 72.8613052368, 33.1358299255, 1.80863523483], [104.45791626, 12.5180978775, 28.2721614838, 38.9248657227, 27.78515625, 23.3113193512, -11.2026367188, 0.409020930529, -8.11322402954, -14.2385025024, 33.1358299255, 75.0969390869, 32.7483978271], [6.59107542038, -5.27260637283, 6.99294614792, 11.2971057892, 9.49616146088, 6.14877796173, -14.4957351685, -7.8093752861, -3.53537225723, -10.9593496323, 1.80863523483, 32.7483978271, 63.5953903198]]
        icov: [[0.000274494785117, -0.000158916125656, 3.65141022485e-005, -0.000812241167296, -6.24727181275e-005, -2.85100559267e-005, -0.000333250558469, -2.26781394304e-005, 7.33173947083e-005, 0.000205016403925, 2.46955842158e-005, 5.07831282448e-005, 4.45405457867e-005], [-0.000158916125656, 0.00343050248921, 7.08652951289e-005, -0.00122350896709, 0.00297781196423, -0.000959273660555, 0.000195153217646, 0.000998994102702, -0.00130039569922, 0.00081546313595, -0.00153582240455, -2.92105414701e-005, 0.000452651700471], [3.65141022485e-005, 7.08652951289e-005, 0.00287997117266, 0.00115577294491, -0.00186379579827, -0.00190164358355, 0.000896608573385, -0.000613161129877, 4.2914020014e-005, 0.00055367546156, -0.000417626550188, -0.00014698994346, 0.000256709638052], [-0.000812241167296, -0.00122350896709, 0.00115577294491, 0.00770578021184, -0.00253660045564, -0.00278855394572, 0.00338940508664, -0.00163444853388, -0.00127699738368, 0.000972477078903, 0.000653385533951, -0.00119285087567, 0.0003993139253], [-6.24727181275e-005, 0.00297781196423, -0.00186379579827, -0.00253660045564, 0.0100754201412, -0.00193836994004, 0.000745473604184, 0.000390813773265, -0.00296862283722, 0.00230161449872, -0.00151595333591, -0.000854112266097, 0.000524297065567], [-2.85100559267e-005, -0.000959273660555, -0.00190164358355, -0.00278855394572, -0.00193836994004, 0.00899470038712, -0.00566063588485, -0.000669514527544, 0.00182594929356, -0.00131942424923, 0.000563689449336, -0.000279644882539, -0.00132271216717], [-0.000333250558469, 0.000195153217646, 0.000896608573385, 0.00338940508664, 0.000745473604184, -0.00566063588485, 0.0124757215381, -0.00456279283389, 0.000943909573834, -0.00036622225889, -0.00175305700395, 0.00205100351013, 0.00105245294981], [-2.26781394304e-005, 0.000998994102702, -0.000613161129877, -0.00163444853388, 0.000390813773265, -0.000669514527544, -0.00456279283389, 0.0140957459807, -0.00712456088513, 0.00235825241543, -0.000324234279105, -0.000562819594052, 0.00144959113095], [7.33173947083e-005, -0.00130039569922, 4.2914020014e-005, -0.00127699738368, -0.00296862283722, 0.00182594929356, 0.000943909573834, -0.00712456088513, 0.0190397687256, -0.00920075271279, 0.00246965000406, 0.00139254936948, -0.00160071393475], [0.000205016403925, 0.00081546313595, 0.00055367546156, 0.000972477078903, 0.00230161449872, -0.00131942424923, -0.00036622225889, 0.00235825241543, -0.00920075271279, 0.0210478976369, -0.0109879970551, 0.00618102727458, 4.79943337268e-005], [2.46955842158e-005, -0.00153582240455, -0.000417626550188, 0.000653385533951, -0.00151595333591, 0.000563689449336, -0.00175305700395, -0.000324234279105, 0.00246965000406, -0.0109879970551, 0.0255540013313, -0.0150094376877, 0.00477851228788], [5.07831282448e-005, -2.92105414701e-005, -0.00014698994346, -0.00119285087567, -0.000854112266097, -0.000279644882539, 0.00205100351013, -0.000562819594052, 0.00139254936948, 0.00618102727458, -0.0150094376877, 0.0278027057648, -0.0119741940871], [4.45405457867e-005, 0.000452651700471, 0.000256709638052, 0.0003993139253, 0.000524297065567, -0.00132271216717, 0.00105245294981, 0.00144959113095, -0.00160071393475, 4.79943337268e-005, 0.00477851228788, -0.0119741940871, 0.0220751464367]]
    sccoeffs:
        dmean: [0.0458081662655, 0.0440579988062, 0.035111002624, 0.0297849345952, 0.0202262755483, 0.017311424017]
        dmean2: [0.0773192048073, 0.0721606239676, 0.0570448338985, 0.049329329282, 0.0330415256321, 0.0275768227875]
        dvar: [0.00154626648873, 0.00130045507103, 0.000798044726253, 0.000553716148715, 0.000268055417109, 0.000235981322476]
        dvar2: [0.00442891707644, 0.00340302055702, 0.00203910074197, 0.00149492605124, 0.000688488013111, 0.000518969376571]
        max: [-0.399615317583, -0.429621070623, -0.448608905077, -0.584289491177, -0.566409409046, -0.560793638229]
        mean: [-0.663875877857, -0.75978153944, -0.772622585297, -0.779753148556, -0.783538997173, -0.72765058279]
        median: [-0.659191787243, -0.765214025974, -0.781672179699, -0.782750308514, -0.786068856716, -0.721927165985]
        min: [-0.97569668293, -0.980427205563, -0.973703444004, -0.971832334995, -0.96844369173, -0.96373128891]
        var: [0.00542574981228, 0.00463577546179, 0.00407139118761, 0.00232041603886, 0.0017145529855, 0.00270473235287]
    scvalleys:
        dmean: [0.3604619205, 0.344004750252, 0.289672613144, 0.227741539478, 0.184787228703, 0.224625259638]
        dmean2: [0.606881260872, 0.567262649536, 0.482520788908, 0.372416496277, 0.299526035786, 0.33396717906]
        dvar: [0.102265194058, 0.0979529768229, 0.0710619390011, 0.0478252656758, 0.0445565283298, 0.085777901113]
        dvar2: [0.265214025974, 0.240173399448, 0.17504581809, 0.108271762729, 0.0932943150401, 0.160536676645]
        max: [-5.2320098877, -4.76192092896, -5.58736419678, -5.98031711578, -5.52483844757, -7.162753582]
        mean: [-7.34656429291, -7.0582780838, -7.42093372345, -7.53614234924, -6.95816850662, -9.50469875336]
        median: [-6.66299533844, -6.72142601013, -7.04268884659, -7.07704591751, -6.40493774414, -8.97313404083]
        min: [-28.0545787811, -28.0125751495, -27.9785518646, -27.647195816, -27.4887123108, -27.3675765991]
        var: [6.18158149719, 4.05344676971, 4.0477309227, 4.25906944275, 4.71309947968, 4.94005632401]

rhythm:
    beats_loudness:
        dmean: 0.00191356148571
        dmean2: 0.00344590144232
        dvar: 2.61504010268e-006
        dvar2: 7.22895629224e-006
        max: 0.0131262186915
        mean: 0.00594513770193
        median: 0.00611010752618
        min: 0
        var: 7.05095044395e-006
    bpm: 172.265487671
    bpm_confidence: 0
    first_peak_bpm: 172
    first_peak_spread: 0
    first_peak_weight: 0.496753245592
    onset_rate: 2.40630340576
    second_peak_bpm: 178
    second_peak_spread: 0
    second_peak_weight: 0.412337660789
    beats_loudness_band_ratio:
        dmean: [0.103699043393, 0.0718747004867, 0.0746943205595, 0.0441444814205, 0.104810170829, 0.0902185961604]
        dmean2: [0.174777835608, 0.125230133533, 0.126455873251, 0.0762157067657, 0.18231318891, 0.153200358152]
        dvar: [0.00783341005445, 0.00415942305699, 0.00659017264843, 0.00516520254314, 0.00988435838372, 0.00598006742075]
        dvar2: [0.0220277849585, 0.0110083436593, 0.0179765373468, 0.0156299676746, 0.0269227102399, 0.0172876436263]
        max: [0.753824949265, 0.473871529102, 0.974905908108, 0.694662630558, 0.834803521633, 0.710865974426]
        mean: [0.194382041693, 0.0909076631069, 0.1236057356, 0.064231492579, 0.265462189913, 0.304871231318]
        median: [0.185882136226, 0.0657786801457, 0.0870067179203, 0.0391077548265, 0.246406972408, 0.305270493031]
        min: [0, 0, 0, 0, 0, 0]
        var: [0.0156082864851, 0.00657791970298, 0.0167163573205, 0.00514928903431, 0.0191164724529, 0.0131785869598]
    beats_position: [0.383129239082, 0.777868449688, 1.17260766029, 1.5673469305, 1.9620860815, 2.35682535172, 2.73995471001, 3.11147379875, 3.49460315704, 3.87773227692, 4.26086139679, 4.66721057892, 5.06195020676, 5.45668935776, 5.85142850876, 6.29260778427, 6.73378658295, 7.17496585846, 7.53487491608, 7.89478445053, 8.25469398499, 8.60299301147, 8.96290206909, 9.32281208038, 9.682721138, 10.0426301956, 10.4025392532, 10.7508392334, 11.0875282288, 11.4358272552, 11.7725172043, 12.1208162308, 12.4575052261, 12.7941951752, 13.1424942017, 13.4907932281, 13.8274831772, 14.1641721725, 14.512471199, 14.8607711792, 15.1974601746, 15.545759201, 15.8824491501, 16.2307472229, 16.5790481567, 16.9273471832, 17.2640361786, 17.600725174, 17.9490242004, 18.2973232269, 18.6340141296, 18.9823131561, 19.3190021515, 19.667301178, 20.0156002045, 20.3522891998, 20.7005901337, 21.037279129, 21.3855781555, 21.7222671509, 22.0589561462, 22.4072551727, 22.7555541992, 23.0922451019, 23.4289340973, 23.7772331238, 24.1255321503, 24.4622211456, 24.7989120483, 25.1472110748, 25.4955101013, 25.8438091278, 26.1804981232, 26.5171871185, 26.8538761139, 27.2021770477, 27.5388660431, 27.8871650696, 28.2354640961, 28.5837631226, 28.932062149, 29.2687530518, 29.6054420471, 29.9537410736, 30.290430069, 30.6271190643, 30.9754180908, 31.3237190247, 31.6720180511, 32.0087051392, 32.3453979492, 32.6936950684, 33.0419960022, 33.3786849976, 33.7153739929, 34.0636711121, 34.4003639221, 34.7486610413, 35.0853500366, 35.4336509705, 35.7819480896, 36.118637085, 36.455329895, 36.8036270142, 37.151927948, 37.5002250671, 37.848526001, 38.1852149963, 38.5219039917, 38.8585929871, 39.1952819824, 39.5435829163, 39.8918800354, 40.2401809692, 40.5768699646, 40.91355896, 41.2618598938, 41.6101570129, 41.9584579468, 42.2951469421, 42.6318359375, 42.9801368713, 43.3168258667, 43.6535148621, 44.0018119812, 44.350112915, 44.6984100342, 45.046710968, 45.3833999634, 45.7200889587, 46.0683898926, 46.4166870117, 46.7533760071, 47.1016769409, 47.4383659363, 47.7750549316, 48.111743927, 48.4600448608, 48.7967338562, 49.14503479, 49.4817237854, 49.8300209045, 50.1783218384, 50.5266189575, 50.8749198914, 51.2116088867, 51.5482978821, 51.8965988159, 52.2448959351, 52.5815849304, 52.9182739258, 53.2665748596, 53.6148757935, 53.9515647888, 54.2882537842, 54.6365509033, 54.9848518372, 55.3215408325, 55.6582298279, 56.0065307617, 56.3548278809, 56.6915168762, 57.0282058716, 57.3765068054, 57.7248077393, 58.0614967346, 58.39818573, 58.7464828491, 59.094783783, 59.4314727783, 59.7681617737, 60.1164627075, 60.4647598267, 60.8130607605, 61.1613578796, 61.498046875, 61.8347396851, 62.1714286804, 62.5081176758, 62.8564147949, 63.2047157288, 63.5414047241, 63.889705658, 64.2380065918, 64.5863037109, 64.9229888916, 65.2712936401, 65.6195907593, 65.9562835693, 66.29296875, 66.6296615601, 66.9779586792, 67.3262557983, 67.6629486084, 68.0112457275, 68.3595428467, 68.7078475952, 69.0329208374, 69.3812255859, 69.7179107666, 70.0546035767, 70.4029006958, 70.7511978149, 71.0995025635, 71.4477996826, 71.7728805542, 72.1211776733, 72.4694747925, 72.8061676025, 73.1428527832, 73.4911575317, 73.8394546509, 74.1761474609, 74.5128326416, 74.8611297607, 75.1978225708, 75.5461196899, 75.8828125, 76.2311096191, 76.5794067383, 76.9277114868, 77.2643966675, 77.6010894775, 77.9493865967, 78.2976837158, 78.6343765259, 78.9710617065, 79.3193664551, 79.6676635742, 80.0043487549, 80.3410415649, 80.6893386841, 81.0260314941, 81.3627166748, 81.7110214233, 82.047706604, 82.3843994141, 82.7326965332, 83.0809936523, 83.4292984009, 83.77759552, 84.1142807007, 84.4625854492, 84.7992706299, 85.1475753784, 85.4842605591, 85.8325576782, 86.1692504883, 86.5175476074, 86.865852356, 87.2025375366, 87.5508346558, 87.8875274658, 88.2242126465, 88.5609054565, 88.9092025757, 89.2575073242, 89.6058044434, 89.942489624, 90.2791824341, 90.6274795532, 90.9641723633, 91.3008575439, 91.6491622925, 91.9974594116, 92.3457565308, 92.6940536499, 93.03074646, 93.3790435791, 93.7157363892, 94.0640335083, 94.4123306274, 94.7490234375, 95.0857162476, 95.4340133667, 95.7823104858, 96.1190032959, 96.4556884766, 96.8039855957, 97.1522903442, 97.4889755249, 97.825668335, 98.1739654541, 98.5222625732, 98.8589553833, 99.1956481934, 99.5439453125, 99.8922424316, 100.228935242, 100.577232361, 100.913917542, 101.26222229, 101.610519409, 101.947212219, 102.2838974, 102.632194519, 102.980499268, 103.317184448, 103.653877258, 104.002174377, 104.350471497, 104.698776245, 105.047073364, 105.395370483, 105.732063293, 106.068748474, 106.405441284, 106.742126465, 107.090431213, 107.438728333, 107.775421143, 108.112106323, 108.448799133, 108.797096252, 109.145393372, 109.493690491, 109.830383301, 110.17868042, 110.526985168, 110.875282288, 111.211967468, 111.548660278, 111.896957397, 112.245262146, 112.581947327, 112.918640137, 113.266937256, 113.615234375, 113.951927185, 114.288612366, 114.636917114, 114.985214233, 115.333511353, 115.670204163, 116.006889343, 116.355194092, 116.703491211, 117.040176392, 117.376869202, 117.725166321, 118.07346344, 118.41015625, 118.74684906, 119.095146179, 119.43183136, 119.76852417, 120.10521698, 120.453514099, 120.79019928, 121.138504028, 121.486801147, 121.835098267, 122.183395386, 122.520088196, 122.856781006, 123.205078125, 123.541763306, 123.878456116, 124.226753235, 124.575057983, 124.923355103, 125.248435974, 125.596733093, 125.945030212, 126.293327332, 126.64163208, 126.989929199, 127.338226318, 127.686531067, 128.011611938, 128.348297119, 128.696594238, 129.044891357, 129.381591797, 129.729888916, 130.066574097, 130.403259277, 130.739959717, 131.099868774, 131.448165894, 131.796463013, 132.133148193, 132.469833374, 132.806533813, 133.154830933, 133.491516113, 133.839813232, 134.188110352, 134.524810791, 134.861495972, 135.209793091, 135.546478271, 135.883178711, 136.23147583, 136.579772949, 136.91645813, 137.253143311, 137.601455688, 137.949752808, 138.298049927, 138.634735107, 138.971420288, 139.319732666, 139.668029785, 140.004714966, 140.341400146, 140.689697266, 141.037994385, 141.374694824, 141.711380005, 142.059677124, 142.407974243, 142.756271362, 143.092971802, 143.429656982, 143.766342163, 144.114639282, 144.451339722, 144.799636841, 145.14793396, 145.496231079, 145.83291626, 146.169616699, 146.517913818, 146.854598999, 147.202896118, 147.539596558, 147.887893677, 148.236190796, 148.572875977, 148.909561157, 149.257858276, 149.606170654, 149.954467773, 150.291152954, 150.627838135, 150.976135254, 151.312835693, 151.649520874, 151.997817993, 152.346115112, 152.694412231, 153.031112671, 153.367797852, 153.716094971, 154.06439209, 154.412689209, 154.749389648, 155.086074829, 155.434371948, 155.782669067, 156.119369507, 156.456054688, 156.792739868, 157.141036987, 157.477722168, 157.826034546, 158.174331665, 158.522628784, 158.870925903, 159.207611084, 159.544311523, 159.892608643, 160.240905762, 160.589202881, 160.925888062, 161.262588501, 161.61088562, 161.947570801, 162.284255981, 162.632553101, 162.980865479, 163.329162598, 163.665847778, 164.002532959, 164.350830078, 164.699142456, 165.035827637, 165.372512817, 165.720809937, 166.069107056, 166.405807495, 166.742492676, 167.090789795, 167.439086914, 167.775772095, 168.112472534, 168.460769653, 168.809066772, 169.145751953, 169.482452393, 169.830749512, 170.179046631, 170.52734375, 170.864028931, 171.20072937, 171.549026489, 171.88571167, 172.222396851, 172.57069397, 172.907394409, 173.255691528, 173.592376709, 173.940673828, 174.288970947, 174.625671387, 174.973968506, 175.322265625, 175.658950806, 175.995635986, 176.343948364, 176.692245483, 177.040542603, 177.377227783, 177.725524902, 178.073822021, 178.422134399, 178.75881958, 179.095504761, 179.432189941, 179.768890381, 180.1171875, 180.465484619, 180.813781738, 181.162078857, 181.487167358, 181.835464478, 182.183761597, 182.520446777, 182.857131958, 183.205444336, 183.542129517, 183.878814697, 184.227111816, 184.575408936, 184.923721313, 185.260406494, 185.597091675, 185.945388794, 186.293685913, 186.641998291, 186.978683472, 187.315368652, 187.663665771, 188.011962891, 188.34866333, 188.685348511, 189.03364563, 189.381942749, 189.718643188, 190.055328369, 190.39201355, 190.72869873, 191.07699585, 191.425308228, 191.773605347, 192.110290527, 192.446975708, 192.795272827, 193.143585205, 193.491882324, 193.840179443, 194.176864624, 194.525161743, 194.873458862, 195.210159302, 195.558456421, 195.895141602, 196.231826782, 196.58013916, 196.916824341, 197.26512146, 197.601806641, 197.95010376, 198.298416138, 198.646713257, 198.983398438, 199.320083618, 199.668380737, 200.005081177, 200.353378296, 200.690063477, 201.038360596, 201.386657715, 201.723358154, 202.060043335, 202.396728516, 202.756637573, 203.116546631, 203.488067627, 203.847976685, 204.207885742, 204.5677948, 204.927703857, 205.287612915, 205.635910034, 205.995819092, 206.344116211, 206.692428589, 207.040725708, 207.400634766, 207.748931885, 208.108840942, 208.46875, 208.828659058, 209.188568115, 209.560089111, 209.931610107, 210.303131104, 210.6746521, 211.069381714, 211.464126587, 211.858856201, 212.265213013, 212.671554565, 213.089523315, 213.507476807]
