
metadata:
    version:
        essentia: "2.1-beta2"
    audio_properties:
        analysis_sample_rate: 44100
        bitrate: 320
        channels: 2
        equal_loudness: 1
        length: 185.600006104
        replay_gain: -15.2484264374
        downmix: "mix"
    tags:
        album: "Feeding Fiction"
        artist: "Heartist"
        comment: "israbox.com"
        date: "2014"
        genre: "Rock"
        title: "Ignite"
        tracknumber: "05/11"

configuration:
    average_loudness:
        compute: 1
        frameSize: 88200
        hopSize: 44100
        silentFrames: "noise"
        windowType: "hann"
    general:
        analysisSampleRate: 44100
        endTime: 2000
        equalLoudness: 1
        nequalLoudness: 0
        shortSound: 0
        startTime: 0
    lowlevel:
        compute: 1
        frameSize: 2048
        hopSize: 1024
        zeroPadding: 0
        silentFrames: "noise"
        windowType: "blackmanharris62"
        mfccStats: ["mean", "cov", "icov"]
        stats: ["mean", "var", "median", "min", "max", "dmean", "dmean2", "dvar", "dvar2"]
    panning:
        compute: 0
        frameSize: 8192
        hopSize: 2048
        zeroPadding: 8192
        silentFrames: "noise"
        windowType: "hann"
        stats: ["copy"]
    rhythm:
        compute: 1
        maxTempo: 208
        minTempo: 40
        method: "degara"
        stats: ["mean", "var", "median", "min", "max", "dmean", "dmean2", "dvar", "dvar2"]
    segmentation:
        compute: 0
        cpw: 5
        inc1: 300
        inc2: 50
        minimumSegmentsLength: 10
        size1: 1000
        size2: 600
    sfx:
        compute: 1
        stats: ["mean", "var", "median", "min", "max", "dmean", "dmean2", "dvar", "dvar2"]
    svm:
        compute: 0
    tonal:
        compute: 1
        frameSize: 4096
        hopSize: 2048
        zeroPadding: 0
        silentFrames: "noise"
        windowType: "blackmanharris62"
        stats: ["mean", "var", "median", "min", "max", "dmean", "dmean2", "dvar", "dvar2"]

lowlevel:
    average_loudness: 0.920026361942
    barkbands_kurtosis:
        dmean: 0.688129603863
        dmean2: 1.1141910553
        dvar: 1.03978681564
        dvar2: 2.44086480141
        max: 25.9384346008
        mean: -0.362866729498
        median: -0.754070699215
        min: -1.90691673756
        var: 2.63029336929
    barkbands_skewness:
        dmean: 0.374756246805
        dmean2: 0.579741895199
        dvar: 0.147301211953
        dvar2: 0.343117892742
        max: 4.07000827789
        mean: -0.307415008545
        median: -0.449046939611
        min: -3.91555309296
        var: 0.712247550488
    barkbands_spread:
        dmean: 5.38193511963
        dmean2: 8.62238693237
        dvar: 32.4336395264
        dvar2: 83.11302948
        max: 88.266960144
        mean: 31.5577144623
        median: 30.1567173004
        min: 2.85857868195
        var: 120.375778198
    dissonance:
        dmean: 0.0119440034032
        dmean2: 0.0201498419046
        dvar: 0.000157196336659
        dvar2: 0.000427923339885
        max: 0.499976754189
        mean: 0.47756794095
        median: 0.483782976866
        min: 0.301026284695
        var: 0.000486474193167
    hfc:
        dmean: 2.26957011223
        dmean2: 3.74402213097
        dvar: 8.86754322052
        dvar2: 23.5561084747
        max: 50.0932044983
        mean: 10.6805944443
        median: 11.0965852737
        min: 1.09639276331e-016
        var: 50.4515151978
    pitch:
        dmean: 860.436157227
        dmean2: 1647.92590332
        dvar: 1813017.75
        dvar2: 4523894.5
        max: 5695.83056641
        mean: 1168.71386719
        median: 307.930175781
        min: 68.7950515747
        var: 2176089.25
    pitch_instantaneous_confidence:
        dmean: 0.0798425674438
        dmean2: 0.130507320166
        dvar: 0.00501357298344
        dvar2: 0.0124669056386
        max: 0.951424479485
        mean: 0.401148021221
        median: 0.374584436417
        min: 0.10207259655
        var: 0.0211708005518
    pitch_salience:
        dmean: 0.0590293370187
        dmean2: 0.0994432866573
        dvar: 0.00406883331016
        dvar2: 0.012207005173
        max: 0.998855888844
        mean: 0.637463748455
        median: 0.653637290001
        min: 0.122846826911
        var: 0.00886600743979
    silence_rate_20dB:
        dmean: 0
        dmean2: 0
        dvar: 0
        dvar2: 0
        max: 1
        mean: 1
        median: 1
        min: 1
        var: 0
    silence_rate_30dB:
        dmean: 0
        dmean2: 0
        dvar: 0
        dvar2: 0
        max: 1
        mean: 1
        median: 1
        min: 1
        var: 0
    silence_rate_60dB:
        dmean: 0.040530398488
        dmean2: 0.0810709372163
        dvar: 0.0388917587698
        dvar2: 0.0880182608962
        max: 1
        mean: 0.276172608137
        median: 0
        min: 0
        var: 0.19991619885
    spectral_centroid:
        dmean: 269.560882568
        dmean2: 419.133728027
        dvar: 100369.265625
        dvar2: 220976.75
        max: 11670.3945313
        mean: 2099.19189453
        median: 2198.43774414
        min: 238.386276245
        var: 869003.5625
    spectral_complexity:
        dmean: 3.2842130661
        dmean2: 5.46428108215
        dvar: 12.1796541214
        dvar2: 32.8688049316
        max: 48
        mean: 17.9535961151
        median: 20
        min: 0
        var: 118.144546509
    spectral_crest:
        dmean: 1.82180333138
        dmean2: 3.02714037895
        dvar: 3.600897789
        dvar2: 9.70188236237
        max: 24.3044586182
        mean: 6.89104413986
        median: 5.99250078201
        min: 2.17143011093
        var: 9.71726989746
    spectral_decrease:
        dmean: 2.42024872366e-010
        dmean2: 3.88301557575e-010
        dvar: 1.74343177497e-019
        dvar2: 4.31234534031e-019
        max: 1.45765765252e-028
        mean: -1.0385596827e-009
        median: -1.06890840623e-009
        min: -4.70009542397e-009
        var: 4.28071059327e-019
    spectral_energy:
        dmean: 0.00107074249536
        dmean2: 0.00171773892362
        dvar: 2.96472944683e-006
        dvar2: 7.3656647146e-006
        max: 0.0201166365296
        mean: 0.00488850707188
        median: 0.00508519727737
        min: 9.82972083771e-021
        var: 9.0789189926e-006
    spectral_energyband_high:
        dmean: 0.000200167894945
        dmean2: 0.000339333695592
        dvar: 8.12449840737e-008
        dvar2: 2.21277474566e-007
        max: 0.00670812744647
        mean: 0.000671090616379
        median: 0.000673097965773
        min: 7.13461211344e-021
        var: 2.80963604382e-007
    spectral_energyband_low:
        dmean: 0.000154736597324
        dmean2: 0.000263890484348
        dvar: 1.05059861255e-007
        dvar2: 2.94011329061e-007
        max: 0.00500450376421
        mean: 0.000288626586553
        median: 0.000226671050768
        min: 2.53974951727e-023
        var: 1.12156023135e-007
    spectral_energyband_middle_high:
        dmean: 0.000596907630097
        dmean2: 0.00095015327679
        dvar: 5.05934792727e-007
        dvar2: 1.30123771669e-006
        max: 0.0132826101035
        mean: 0.00272966572084
        median: 0.00265013496391
        min: 1.33403038321e-021
        var: 3.65334835806e-006
    spectral_energyband_middle_low:
        dmean: 0.000662448059302
        dmean2: 0.001076334971
        dvar: 2.30221667152e-006
        dvar2: 5.67033202969e-006
        max: 0.014243514277
        mean: 0.00129084952641
        median: 0.000844517082442
        min: 1.57586098223e-022
        var: 2.68409348791e-006
    spectral_flatness_db:
        dmean: 0.0131853669882
        dmean2: 0.0211133453995
        dvar: 0.000180174523848
        dvar2: 0.000451595493359
        max: 0.33568829298
        mean: 0.137576624751
        median: 0.126160562038
        min: 0.0471079200506
        var: 0.00186614471022
    spectral_flux:
        dmean: 0.00705631356686
        dmean2: 0.0107931373641
        dvar: 8.76137346495e-005
        dvar2: 0.000176384593942
        max: 0.120014436543
        mean: 0.0393413417041
        median: 0.0411732979119
        min: 6.56559390189e-011
        var: 0.000380591867724
    spectral_kurtosis:
        dmean: 1.21185994148
        dmean2: 2.05862140656
        dvar: 5.45807170868
        dvar2: 16.8176612854
        max: 41.9604911804
        mean: 3.49040079117
        median: 2.89471483231
        min: -1.25128746033
        var: 10.9771690369
    spectral_rms:
        dmean: 0.000217970213271
        dmean2: 0.000342260813341
        dvar: 8.68742162652e-008
        dvar2: 2.03912463803e-007
        max: 0.00443012267351
        mean: 0.00202201260254
        median: 0.00222736806609
        min: 3.09676785083e-012
        var: 6.8075883064e-007
    spectral_rolloff:
        dmean: 346.489227295
        dmean2: 567.864013672
        dvar: 246631.296875
        dvar2: 554518.625
        max: 19616.7480469
        mean: 3686.18530273
        median: 3811.37695313
        min: 107.666015625
        var: 2122206.75
    spectral_skewness:
        dmean: 0.1612662673
        dmean2: 0.263900458813
        dvar: 0.0401041731238
        dvar2: 0.112414106727
        max: 4.02213382721
        mean: 1.23756253719
        median: 1.20469725132
        min: -0.135374397039
        var: 0.131034851074
    spectral_spread:
        dmean: 480933.25
        dmean2: 695882.9375
        dvar: 581841649664
        dvar2: 1.0720713769e+012
        max: 42690400
        mean: 5103529
        median: 4790903.5
        min: 1086104.5
        var: 9.48014311014e+012
    spectral_strongpeak:
        dmean: 0.60283178091
        dmean2: 1.0323830843
        dvar: 0.74046254158
        dvar2: 1.93021059036
        max: 8.77500152588
        mean: 0.985533118248
        median: 0.68101388216
        min: 0
        var: 1.09961616993
    zerocrossingrate:
        dmean: 0.00850741844624
        dmean2: 0.0101930005476
        dvar: 9.31935719564e-005
        dvar2: 0.000116388226161
        max: 0.5263671875
        mean: 0.114619001746
        median: 0.12060546875
        min: 0.02197265625
        var: 0.00175479915924
    barkbands:
        dmean: [2.6540357112e-007, 6.96476490702e-005, 8.76299454831e-005, 0.000138612871524, 0.000341536448104, 0.000129723790451, 0.00012581217743, 9.09040900297e-005, 8.68474817253e-005, 9.52799746301e-005, 9.51440670178e-005, 4.29616047768e-005, 4.40429175796e-005, 7.8399105405e-005, 6.20596110821e-005, 8.06719253887e-005, 0.000181602677912, 0.000156155379955, 0.000280534091871, 0.000193487663637, 0.000125554259284, 4.27506893175e-005, 8.57059603732e-006, 5.29237195224e-006, 3.22364212479e-006, 9.89807986684e-008, 1.51894241629e-009]
        dmean2: [4.11079980722e-007, 0.000117566305562, 0.000150377658429, 0.000237745261984, 0.000592445605434, 0.000225664378377, 0.000202206982067, 0.000144177058246, 0.000132284665597, 0.000144097881275, 0.000140636009746, 6.96518400218e-005, 7.00959499227e-005, 0.00012613357103, 0.000100449324236, 0.000132902583573, 0.000304717686959, 0.000256539118709, 0.000467085919809, 0.000325142464135, 0.000215567270061, 7.21373871784e-005, 1.4455928067e-005, 7.86057353253e-006, 4.75841579828e-006, 1.57960826641e-007, 2.44419484652e-009]
        dvar: [2.16952012453e-013, 1.63831206379e-008, 4.32124380723e-008, 1.35139686108e-007, 1.08034839741e-006, 1.07820035566e-007, 7.02629421312e-008, 3.75489364046e-008, 2.81300227556e-008, 3.42023405153e-008, 3.03584570815e-008, 4.82124429269e-009, 5.93876725574e-009, 1.35388038558e-008, 1.05608055634e-008, 1.78565233711e-008, 6.3020536345e-008, 5.43690532595e-008, 1.51385791014e-007, 8.60335802599e-008, 2.75922662496e-008, 6.17024875638e-009, 3.34668237567e-010, 2.08691244841e-010, 9.20312437369e-011, 3.28602162841e-014, 9.35705385431e-018]
        dvar2: [4.95772747942e-013, 4.79318700286e-008, 1.20598286912e-007, 3.59736844757e-007, 2.85501255348e-006, 3.0112326499e-007, 1.69227519109e-007, 8.11962266312e-008, 5.72973632984e-008, 7.16046884008e-008, 6.32511927279e-008, 1.16823049012e-008, 1.34901227966e-008, 3.36768302134e-008, 2.64035939779e-008, 4.55374653541e-008, 1.68266495848e-007, 1.3215793615e-007, 3.95865953351e-007, 2.35026021755e-007, 7.83071882893e-008, 1.57525814615e-008, 8.74165240194e-010, 4.08923811479e-010, 1.74947181741e-010, 7.48727794174e-014, 2.2840263275e-017]
        max: [6.55401845506e-006, 0.0012118103914, 0.00314854551107, 0.00409388914704, 0.00905396044254, 0.00408744998276, 0.00824488513172, 0.00538428639993, 0.00383001216687, 0.00377488369122, 0.00357257202268, 0.00129936565645, 0.00188304111362, 0.0021401734557, 0.00195761304349, 0.00306343333796, 0.00452371593565, 0.00487409345806, 0.00635808799416, 0.00596512435004, 0.0041033080779, 0.0028206424322, 0.000443341123173, 0.000337762612617, 0.000283100525849, 3.21588959196e-006, 4.08577633948e-008]
        mean: [4.03711226227e-007, 0.000137863389682, 0.000115659335279, 0.000135556038003, 0.000340649712598, 0.000166170822922, 0.000199145666556, 0.000166339159478, 0.000190050937817, 0.0002125257015, 0.000242851267103, 7.80194022809e-005, 8.07535689091e-005, 0.000149683153722, 0.000112576410174, 0.000163176489878, 0.000382773665478, 0.000336890807375, 0.000706425809767, 0.000486025819555, 0.000355485535692, 9.64106147876e-005, 1.65747023857e-005, 1.03287839011e-005, 5.98283122599e-006, 1.91120108184e-007, 2.423862e-009]
        median: [1.78665374051e-007, 9.64484352153e-005, 6.55242984067e-005, 3.27471716446e-005, 0.000100708552054, 8.17842737888e-005, 8.32419391372e-005, 6.05045061093e-005, 7.8059383668e-005, 7.73651117925e-005, 6.19767306489e-005, 4.42744967586e-005, 4.50959305454e-005, 8.91300151125e-005, 7.01869576005e-005, 0.000119991629617, 0.000300303829135, 0.000260858389083, 0.000566662056372, 0.000399679818656, 0.000343062885804, 8.28121774248e-005, 1.07659307105e-005, 4.63595461042e-006, 2.33158789342e-006, 9.834769088e-008, 1.00997543662e-009]
        min: [4.61632428443e-025, 5.83194612038e-024, 2.836047251e-024, 6.4667346022e-025, 1.22231330914e-023, 6.22730979544e-024, 6.46594534687e-024, 7.42066070754e-024, 2.52547507919e-023, 2.23926908526e-023, 2.30332395967e-023, 3.06010441623e-023, 4.97526305661e-023, 3.13225426571e-023, 4.44551077323e-023, 4.99754743055e-023, 7.83142988944e-023, 1.07408082302e-022, 1.55374674981e-022, 1.80033192079e-022, 2.60898137026e-022, 3.42269328727e-022, 3.52438843889e-022, 6.09825578011e-022, 8.5008044946e-022, 1.32137629698e-021, 1.96105035217e-021]
        var: [3.58816844509e-013, 2.26392433689e-008, 3.79714570897e-008, 1.21052778468e-007, 8.40360087295e-007, 9.01926284769e-008, 1.47344351831e-007, 1.19794037801e-007, 1.49429041585e-007, 1.41671634424e-007, 1.7518244988e-007, 1.06062492122e-008, 1.30929338482e-008, 3.28216742673e-008, 2.06161399063e-008, 3.8717555384e-008, 1.41365447348e-007, 1.31840565132e-007, 4.38723787966e-007, 2.22762750468e-007, 8.59667608211e-008, 1.09146673921e-008, 4.98333374566e-010, 4.54200177469e-010, 2.07522138362e-010, 7.26369851311e-014, 1.48530370587e-017]
    frequency_bands:
        dmean: [2.6540357112e-007, 6.96476490702e-005, 8.76299454831e-005, 0.000138612871524, 0.000341536448104, 0.000129723790451, 0.00012581217743, 9.09040900297e-005, 8.68474817253e-005, 9.52799746301e-005, 9.51440670178e-005, 4.29616047768e-005, 4.40429175796e-005, 7.8399105405e-005, 6.20596110821e-005, 8.06719253887e-005, 0.000181602677912, 0.000156155379955, 0.000280534091871, 0.000193487663637, 0.000125554259284, 4.27506893175e-005, 8.57059603732e-006, 5.29237195224e-006, 3.22364212479e-006, 9.89807986684e-008, 1.51894241629e-009, 6.16208542525e-011]
        dmean2: [4.11079980722e-007, 0.000117566305562, 0.000150377658429, 0.000237745261984, 0.000592445605434, 0.000225664378377, 0.000202206982067, 0.000144177058246, 0.000132284665597, 0.000144097881275, 0.000140636009746, 6.96518400218e-005, 7.00959499227e-005, 0.00012613357103, 0.000100449324236, 0.000132902583573, 0.000304717686959, 0.000256539118709, 0.000467085919809, 0.000325142464135, 0.000215567270061, 7.21373871784e-005, 1.4455928067e-005, 7.86057353253e-006, 4.75841579828e-006, 1.57960826641e-007, 2.44419484652e-009, 1.1443293535e-010]
        dvar: [2.16952012453e-013, 1.63831206379e-008, 4.32124380723e-008, 1.35139686108e-007, 1.08034839741e-006, 1.07820035566e-007, 7.02629421312e-008, 3.75489364046e-008, 2.81300227556e-008, 3.42023405153e-008, 3.03584570815e-008, 4.82124429269e-009, 5.93876725574e-009, 1.35388038558e-008, 1.05608055634e-008, 1.78565233711e-008, 6.3020536345e-008, 5.43690532595e-008, 1.51385791014e-007, 8.60335802599e-008, 2.75922662496e-008, 6.17024875638e-009, 3.34668237567e-010, 2.08691244841e-010, 9.20312437369e-011, 3.28602162841e-014, 9.35705385431e-018, 9.30479557528e-021]
        dvar2: [4.95772747942e-013, 4.79318700286e-008, 1.20598286912e-007, 3.59736844757e-007, 2.85501255348e-006, 3.0112326499e-007, 1.69227519109e-007, 8.11962266312e-008, 5.72973632984e-008, 7.16046884008e-008, 6.32511927279e-008, 1.16823049012e-008, 1.34901227966e-008, 3.36768302134e-008, 2.64035939779e-008, 4.55374653541e-008, 1.68266495848e-007, 1.3215793615e-007, 3.95865953351e-007, 2.35026021755e-007, 7.83071882893e-008, 1.57525814615e-008, 8.74165240194e-010, 4.08923811479e-010, 1.74947181741e-010, 7.48727794174e-014, 2.2840263275e-017, 2.98276708307e-020]
        max: [6.55401845506e-006, 0.0012118103914, 0.00314854551107, 0.00409388914704, 0.00905396044254, 0.00408744998276, 0.00824488513172, 0.00538428639993, 0.00383001216687, 0.00377488369122, 0.00357257202268, 0.00129936565645, 0.00188304111362, 0.0021401734557, 0.00195761304349, 0.00306343333796, 0.00452371593565, 0.00487409345806, 0.00635808799416, 0.00596512435004, 0.0041033080779, 0.0028206424322, 0.000443341123173, 0.000337762612617, 0.000283100525849, 3.21588959196e-006, 4.08577633948e-008, 1.60412572114e-009]
        mean: [4.03711226227e-007, 0.000137863389682, 0.000115659335279, 0.000135556038003, 0.000340649712598, 0.000166170822922, 0.000199145666556, 0.000166339159478, 0.000190050937817, 0.0002125257015, 0.000242851267103, 7.80194022809e-005, 8.07535689091e-005, 0.000149683153722, 0.000112576410174, 0.000163176489878, 0.000382773665478, 0.000336890807375, 0.000706425809767, 0.000486025819555, 0.000355485535692, 9.64106147876e-005, 1.65747023857e-005, 1.03287839011e-005, 5.98283122599e-006, 1.91120108184e-007, 2.423862e-009, 4.71553247838e-011]
        median: [1.78665374051e-007, 9.64484352153e-005, 6.55242984067e-005, 3.27471716446e-005, 0.000100708552054, 8.17842737888e-005, 8.32419391372e-005, 6.05045061093e-005, 7.8059383668e-005, 7.73651117925e-005, 6.19767306489e-005, 4.42744967586e-005, 4.50959305454e-005, 8.91300151125e-005, 7.01869576005e-005, 0.000119991629617, 0.000300303829135, 0.000260858389083, 0.000566662056372, 0.000399679818656, 0.000343062885804, 8.28121774248e-005, 1.07659307105e-005, 4.63595461042e-006, 2.33158789342e-006, 9.834769088e-008, 1.00997543662e-009, 1.49177423886e-011]
        min: [4.61632428443e-025, 5.83194612038e-024, 2.836047251e-024, 6.4667346022e-025, 1.22231330914e-023, 6.22730979544e-024, 6.46594534687e-024, 7.42066070754e-024, 2.52547507919e-023, 2.23926908526e-023, 2.30332395967e-023, 3.06010441623e-023, 4.97526305661e-023, 3.13225426571e-023, 4.44551077323e-023, 4.99754743055e-023, 7.83142988944e-023, 1.07408082302e-022, 1.55374674981e-022, 1.80033192079e-022, 2.60898137026e-022, 3.42269328727e-022, 3.52438843889e-022, 6.09825578011e-022, 8.5008044946e-022, 1.32137629698e-021, 1.96105035217e-021, 4.88342008349e-022]
        var: [3.58816844509e-013, 2.26392433689e-008, 3.79714570897e-008, 1.21052778468e-007, 8.40360087295e-007, 9.01926284769e-008, 1.47344351831e-007, 1.19794037801e-007, 1.49429041585e-007, 1.41671634424e-007, 1.7518244988e-007, 1.06062492122e-008, 1.30929338482e-008, 3.28216742673e-008, 2.06161399063e-008, 3.8717555384e-008, 1.41365447348e-007, 1.31840565132e-007, 4.38723787966e-007, 2.22762750468e-007, 8.59667608211e-008, 1.09146673921e-008, 4.98333374566e-010, 4.54200177469e-010, 2.07522138362e-010, 7.26369851311e-014, 1.48530370587e-017, 7.26286226689e-021]
    mfcc:
        mean: [-709.882629395, 85.4324798584, -46.3441085815, 47.3663024902, -17.1554546356, -4.47821044922, 1.32825982571, -2.48461961746, 3.25531888008, -2.46316194534, -0.00251728412695, -2.45755982399, -2.71899461746]
        cov: [[10585.7431641, -361.768829346, -546.589782715, 1328.56628418, -563.795532227, 272.431304932, 254.225250244, 193.870697021, 175.394897461, -255.682876587, 25.779624939, -50.0564842224, -125.817245483], [-361.768829346, 874.353881836, -267.644378662, -101.933807373, -34.1646728516, -72.4929580688, -60.6363296509, -58.9984512329, -8.21569442749, 77.7044296265, 34.8996582031, 15.018453598, 22.7683200836], [-546.589782715, -267.644378662, 558.307250977, -35.2711143494, 200.865371704, 52.1035041809, 19.207567215, 20.9515991211, -10.4824886322, 12.5780954361, 3.15931463242, 2.41612386703, 1.0610243082], [1328.56628418, -101.933807373, -35.2711143494, 381.373413086, -20.2706565857, 78.4712905884, 39.1696853638, 44.5686264038, 44.0289955139, -35.8972511292, 5.04881858826, -1.43091416359, 7.50736427307], [-563.795532227, -34.1646728516, 200.865371704, -20.2706565857, 267.661346436, 38.7122497559, 19.8802585602, 18.6746120453, 17.7080421448, 51.620677948, 6.69740629196, 18.832983017, 27.062669754], [272.431304932, -72.4929580688, 52.1035041809, 78.4712905884, 38.7122497559, 133.773345947, 93.6672897339, 56.2304534912, 24.3743038177, 12.4391860962, 20.1888656616, 4.4599943161, 8.07070922852], [254.225250244, -60.6363296509, 19.207567215, 39.1696853638, 19.8802585602, 93.6672897339, 202.898574829, 97.5842819214, 23.2097949982, 14.4779567719, 11.3905582428, 3.93269538879, 14.9081525803], [193.870697021, -58.9984512329, 20.9515991211, 44.5686264038, 18.6746120453, 56.2304534912, 97.5842819214, 116.870864868, 46.1827850342, 13.9842214584, 7.03882551193, 9.45747280121, 14.3848581314], [175.394897461, -8.21569442749, -10.4824886322, 44.0289955139, 17.7080421448, 24.3743038177, 23.2097949982, 46.1827850342, 103.505302429, 49.4977912903, 24.1968784332, 11.6346521378, 2.86188840866], [-255.682876587, 77.7044296265, 12.5780954361, -35.8972511292, 51.620677948, 12.4391860962, 14.4779567719, 13.9842214584, 49.4977912903, 114.085540771, 46.7498893738, 12.5973768234, 4.01623773575], [25.779624939, 34.8996582031, 3.15931463242, 5.04881858826, 6.69740629196, 20.1888656616, 11.3905582428, 7.03882551193, 24.1968784332, 46.7498893738, 77.6347122192, 27.5895690918, 2.92270088196], [-50.0564842224, 15.018453598, 2.41612386703, -1.43091416359, 18.832983017, 4.4599943161, 3.93269538879, 9.45747280121, 11.6346521378, 12.5973768234, 27.5895690918, 69.2012786865, 38.898727417], [-125.817245483, 22.7683200836, 1.0610243082, 7.50736427307, 27.062669754, 8.07070922852, 14.9081525803, 14.3848581314, 2.86188840866, 4.01623773575, 2.92270088196, 38.898727417, 85.4301605225]]
        icov: [[0.000216875501792, -4.2046794988e-006, 5.34828468517e-005, -0.000667394371703, 0.000315284531098, -3.19041464536e-005, -0.000194009160623, 2.72923825833e-005, -0.000203211835469, 0.000285704532871, -0.000104045313492, -0.000112538466055, 0.000359084137017], [-4.2046794988e-006, 0.00162815360818, 0.00088592217071, 0.000229500888963, -0.000290010328172, 0.000343937019352, 0.000156397698447, 0.000321566476487, 0.000577957369387, -0.00119534309488, -0.00041202979628, 0.000207959194086, -0.00053710892098], [5.34828468517e-005, 0.00088592217071, 0.00312913558446, 0.000285583140794, -0.00214840681292, -0.000615011667833, 0.000438605668023, -0.000403137295507, 0.000799033266958, 0.000204999581911, -0.000746445090044, 0.00032747280784, 0.00034873871482], [-0.000667394371703, 0.000229500888963, 0.000285583140794, 0.00565287983045, -0.00099853228312, -0.00210357503965, 0.0011798767373, -0.000295393168926, -0.00130759004969, 0.00138255045749, -0.000516724132467, 0.00107185274828, -0.00167704897467], [0.000315284531098, -0.000290010328172, -0.00214840681292, -0.00099853228312, 0.00672052474692, -0.00129228888545, -6.62686725263e-005, 0.000217671185965, -0.000341339386068, -0.00264082290232, 0.00212349835783, -0.00133965129498, -0.000702963909134], [-3.19041464536e-005, 0.000343937019352, -0.000615011667833, -0.00210357503965, -0.00129228888545, 0.01399418246, -0.0050583886914, -0.00105706346221, 1.43756515172e-005, 8.40258653625e-005, -0.00310774799436, 0.00109200412408, -0.000193450730876], [-0.000194009160623, 0.000156397698447, 0.000438605668023, 0.0011798767373, -6.62686725263e-005, -0.0050583886914, 0.0107258055359, -0.00743641285226, 0.00251657189801, -0.00123996892944, -2.42194837483e-005, 0.000974759692326, -0.00102626543958], [2.72923825833e-005, 0.000321566476487, -0.000403137295507, -0.000295393168926, 0.000217671185965, -0.00105706346221, -0.00743641285226, 0.0182870179415, -0.00691992929205, 0.0010485490784, 0.00153553462587, -0.0011159281712, -0.00112702220213], [-0.000203211835469, 0.000577957369387, 0.000799033266958, -0.00130759004969, -0.000341339386068, 1.43756515172e-005, 0.00251657189801, -0.00691992929205, 0.0172325372696, -0.00805880781263, 9.74658178166e-005, -0.00142557150684, 0.000931812915951], [0.000285704532871, -0.00119534309488, 0.000204999581911, 0.00138255045749, -0.00264082290232, 8.40258653625e-005, -0.00123996892944, 0.0010485490784, -0.00805880781263, 0.018786540255, -0.00913610588759, 0.00274223927408, -6.55229960103e-005], [-0.000104045313492, -0.00041202979628, -0.000746445090044, -0.000516724132467, 0.00212349835783, -0.00310774799436, -2.42194837483e-005, 0.00153553462587, 9.74658178166e-005, -0.00913610588759, 0.0224962495267, -0.00985947158188, 0.00352373812348], [-0.000112538466055, 0.000207959194086, 0.00032747280784, 0.00107185274828, -0.00133965129498, 0.00109200412408, 0.000974759692326, -0.0011159281712, -0.00142557150684, 0.00274223927408, -0.00985947158188, 0.0245175603777, -0.0108877914026], [0.000359084137017, -0.00053710892098, 0.00034873871482, -0.00167704897467, -0.000702963909134, -0.000193450730876, -0.00102626543958, -0.00112702220213, 0.000931812915951, -6.55229960103e-005, 0.00352373812348, -0.0108877914026, 0.0179391466081]]
    sccoeffs:
        dmean: [0.0518420897424, 0.0436407029629, 0.0365912728012, 0.0287530235946, 0.0206837300211, 0.0174947939813]
        dmean2: [0.085769534111, 0.0707823932171, 0.0587394237518, 0.0469765625894, 0.034286364913, 0.02723791264]
        dvar: [0.00232958816923, 0.00127917982172, 0.000872051168699, 0.000535219442099, 0.000278827821603, 0.000235564919421]
        dvar2: [0.00599989900365, 0.00321822450496, 0.00218648742884, 0.00140020472463, 0.000732671411242, 0.000502734270412]
        max: [-0.277107775211, -0.410840809345, -0.517743229866, -0.556677997112, -0.599666595459, -0.556134998798]
        mean: [-0.690009474754, -0.753610372543, -0.756067216396, -0.785974979401, -0.792282402515, -0.731872141361]
        median: [-0.700874447823, -0.761638402939, -0.760189533234, -0.786583244801, -0.791591823101, -0.725767970085]
        min: [-0.988748669624, -0.996700406075, -0.998724222183, -0.988544523716, -0.989246487617, -0.963293910027]
        var: [0.00803299248219, 0.00547872344032, 0.00450363662094, 0.00216935365461, 0.00129598448984, 0.00228857807815]
    scvalleys:
        dmean: [0.367249041796, 0.351808637381, 0.288024097681, 0.230511292815, 0.182256355882, 0.226022973657]
        dmean2: [0.617893755436, 0.580928087234, 0.472390592098, 0.375557720661, 0.292025387287, 0.327891975641]
        dvar: [0.106434546411, 0.113885737956, 0.0703612267971, 0.0514412820339, 0.0453233420849, 0.0853860527277]
        dvar2: [0.265206158161, 0.272933632135, 0.164756968617, 0.109875842929, 0.0910662189126, 0.15256395936]
        max: [-5.26244878769, -4.49856472015, -5.49368572235, -5.88716077805, -5.62024068832, -7.07181024551]
        mean: [-7.31458902359, -6.92348527908, -7.30765724182, -7.42707538605, -7.10971307755, -9.80546951294]
        median: [-6.79904413223, -6.58813667297, -6.91814374924, -7.00131845474, -6.50061178207, -9.08560276031]
        min: [-28.0442066193, -27.9593372345, -27.5522708893, -27.6080322266, -27.4925708771, -27.3711242676]
        var: [4.21188735962, 3.61369466782, 3.58525776863, 3.46564507484, 3.97788000107, 4.92950582504]

rhythm:
    beats_loudness:
        dmean: 0.00262001273222
        dmean2: 0.00476344674826
        dvar: 4.07151173931e-006
        dvar2: 1.09235270429e-005
        max: 0.0129662724212
        mean: 0.00605419417843
        median: 0.00614141300321
        min: 3.22298646795e-044
        var: 1.00218339867e-005
    bpm: 166.250396729
    bpm_confidence: 0
    first_peak_bpm: 167
    first_peak_spread: 0
    first_peak_weight: 0.609311759472
    onset_rate: 2.20905160904
    second_peak_bpm: 172
    second_peak_spread: 0
    second_peak_weight: 0.232793524861
    beats_loudness_band_ratio:
        dmean: [0.229115486145, 0.13111910224, 0.0968516245484, 0.0869884565473, 0.123777553439, 0.130372226238]
        dmean2: [0.417584598064, 0.233871668577, 0.166677802801, 0.149892762303, 0.216672703624, 0.225478813052]
        dvar: [0.0378816314042, 0.012254320085, 0.0155503414571, 0.00763313751668, 0.0128450701013, 0.0114817395806]
        dvar2: [0.0912426635623, 0.0307379774749, 0.0459191054106, 0.0196424908936, 0.0385012365878, 0.0337749831378]
        max: [0.907454669476, 0.533372163773, 0.878301382065, 0.538817644119, 0.684616029263, 0.908208549023]
        mean: [0.235942453146, 0.137290194631, 0.142974600196, 0.108339503407, 0.202812314034, 0.250723481178]
        median: [0.12424235791, 0.078266993165, 0.080000333488, 0.0734546780586, 0.188735216856, 0.243018299341]
        min: [0, 0, 0, 0, 0, 0]
        var: [0.0508111380041, 0.0149237466976, 0.0259081721306, 0.00933747086674, 0.0148120447993, 0.0197617001832]
    beats_position: [0.719818592072, 1.43963718414, 2.17106580734, 2.90249419212, 3.63392281532, 4.3653512001, 5.0967798233, 5.8282084465, 6.5596370697, 7.2910656929, 8.01088428497, 8.74231243134, 9.38086128235, 10.0194101334, 10.623128891, 11.2384576797, 11.8421764374, 12.3994560242, 12.9567346573, 13.4327430725, 13.9087524414, 14.3731517792, 14.8259410858, 15.1858501434, 15.545759201, 15.9056682587, 16.2655773163, 16.6138763428, 16.9621772766, 17.3220863342, 17.6819953918, 18.0535144806, 18.4366436005, 18.8081626892, 19.179681778, 19.5860309601, 19.9923801422, 20.3987293243, 20.7934684753, 21.1765975952, 21.5597267151, 21.942855835, 22.3027667999, 22.6626758575, 23.010974884, 23.3824939728, 23.7540130615, 24.1139221191, 24.4622211456, 24.8221302032, 25.1820411682, 25.5419502258, 25.9018592834, 26.2617683411, 26.6100673676, 26.9699764252, 27.3182754517, 27.6781845093, 28.0380954742, 28.3980045319, 28.7463035583, 29.106212616, 29.4661216736, 29.8260307312, 30.1859397888, 30.5342407227, 30.8941497803, 31.2540588379, 31.6023578644, 31.962266922, 32.322177887, 32.6936950684, 33.0419960022, 33.4019050598, 33.7618141174, 34.1101112366, 34.4584121704, 34.818321228, 35.1782302856, 35.5381393433, 35.8980484009, 36.2463493347, 36.6178665161, 36.96616745, 37.3144645691, 37.6743774414, 38.034286499, 38.3941955566, 38.7541046143, 39.1140136719, 39.4739227295, 39.8338317871, 40.1937408447, 40.5420417786, 40.9019508362, 41.2618598938, 41.6217689514, 41.981678009, 42.3299751282, 42.678276062, 43.0497932434, 43.4097061157, 43.7696151733, 44.129524231, 44.4894332886, 44.8377304077, 45.1860313416, 45.5459403992, 45.9058494568, 46.2541503906, 46.6024475098, 46.9623565674, 47.322265625, 47.6821746826, 48.0420837402, 48.3903846741, 48.7502937317, 49.1102027893, 49.4585037231, 49.8184127808, 50.1783218384, 50.538230896, 50.8981399536, 51.2580490112, 51.6179580688, 51.9778671265, 52.3377761841, 52.6860771179, 53.0343742371, 53.3942832947, 53.7541923523, 54.1141014099, 54.4740142822, 54.8223114014, 55.182220459, 55.5421295166, 55.8904304504, 56.2503395081, 56.6102485657, 56.9585494995, 57.3184585571, 57.6783676147, 58.0382766724, 58.39818573, 58.7580947876, 59.1180038452, 59.4663009644, 59.8262138367, 60.1861228943, 60.5344200134, 60.894329071, 61.2542381287, 61.6141471863, 61.9624481201, 62.3223571777, 62.6822662354, 63.042175293, 63.4020843506, 63.7619934082, 64.1219024658, 64.4818115234, 64.8301086426, 65.1784133911, 65.5383224487, 65.8982315063, 66.258140564, 66.6180496216, 66.9663467407, 67.3262557983, 67.686164856, 68.0344696045, 68.3943786621, 68.7542877197, 69.1141967773, 69.474105835, 69.8340148926, 70.1939239502, 70.5422210693, 70.902130127, 71.2620391846, 71.6103363037, 71.9702453613, 72.3301544189, 72.6900634766, 73.0499725342, 73.3982772827, 73.7581863403, 74.1180953979, 74.4780044556, 74.8379135132, 75.1862106323, 75.5461196899, 75.8944168091, 76.2427215576, 76.6026306152, 76.9625396729, 77.3224487305, 77.6823577881, 78.0422668457, 78.3905639648, 78.7504730225, 79.1103820801, 79.4702911377, 79.8302001953, 80.1785049438, 80.5384140015, 80.8983230591, 81.2698364258, 81.6181411743, 81.9780502319, 82.3379592896, 82.6978683472, 83.0577774048, 83.4060745239, 83.7543716431, 84.1026763916, 84.4625854492, 84.8224945068, 85.1824035645, 85.5423126221, 85.8906097412, 86.2505187988, 86.598815918, 86.9587249756, 87.3186416626, 87.6785507202, 88.0384597778, 88.3983688354, 88.7466659546, 89.1065750122, 89.4664840698, 89.8263931274, 90.1863021851, 90.5345993042, 90.8829040527, 91.2544174194, 91.6143264771, 91.9742355347, 92.3225402832, 92.6940536499, 93.0539703369, 93.4022674561, 93.7621765137, 94.1104736328, 94.4703826904, 94.830291748, 95.1785888672, 95.5384979248, 95.8984146118, 96.246711731, 96.6066207886, 96.9549179077, 97.3148269653, 97.6747360229, 98.0346450806, 98.3945541382, 98.7544631958, 99.1143722534, 99.474281311, 99.8225860596, 100.182495117, 100.542404175, 100.890701294, 101.250610352, 101.610519409, 101.958816528, 102.318725586, 102.678634644, 103.038543701, 103.398452759, 103.758361816, 104.118278503, 104.466575623, 104.82648468, 105.186393738, 105.546302795, 105.906211853, 106.254508972, 106.602806091, 106.95111084, 107.299407959, 107.670928955, 108.042449951, 108.39074707, 108.750656128, 109.110565186, 109.458862305, 109.818771362, 110.17868042, 110.538589478, 110.898498535, 111.258407593, 111.61831665, 111.978225708, 112.338134766, 112.698051453, 113.05796051, 113.406257629, 113.754554749, 114.102851868, 114.462760925, 114.822669983, 115.18258667, 115.542495728, 115.902404785, 116.262313843, 116.610610962, 116.958908081, 117.318817139, 117.678726196, 118.038635254, 118.398544312, 118.74684906, 119.106758118, 119.466667175, 119.826576233, 120.186485291, 120.546394348, 120.906303406, 121.266212463, 121.626121521, 121.97441864, 122.322715759, 122.682624817, 123.042533875, 123.402442932, 123.762359619, 124.122268677, 124.482177734, 124.830474854, 125.178771973, 125.53868103, 125.886978149, 126.246894836, 126.606803894, 126.966712952, 127.326622009, 127.698135376, 128.069656372, 128.441177368, 128.812698364, 129.18421936, 129.61378479, 130.04335022, 130.472915649, 130.914108276, 131.355285645, 131.796463013, 132.249252319, 132.632385254, 133.003890991, 133.375411987, 133.746932983, 134.106842041, 134.466751099, 134.826660156, 135.186569214, 135.55809021, 135.906387329, 136.254684448, 136.614593506, 136.974502563, 137.334411621, 137.694335938, 138.042633057, 138.402542114, 138.762451172, 139.110748291, 139.470657349, 139.830566406, 140.178863525, 140.538772583, 140.898681641, 141.270202637, 141.618499756, 141.966796875, 142.326705933, 142.68661499, 143.034912109, 143.394821167, 143.754730225, 144.126251221, 144.47454834, 144.822860718, 145.182769775, 145.542678833, 145.902587891, 146.262496948, 146.610794067, 146.970703125, 147.319000244, 147.678909302, 148.038818359, 148.398727417, 148.747024536, 149.106933594, 149.466842651, 149.826751709, 150.186660767, 150.534957886, 150.883255005, 151.243179321, 151.603088379, 151.962997437, 152.322906494, 152.682815552, 153.042724609, 153.391021729, 153.750930786, 154.110839844, 154.459136963, 154.819046021, 155.178955078, 155.538864136, 155.898773193, 156.258682251, 156.618591309, 156.978500366, 157.338409424, 157.686706543, 158.035003662, 158.39491272, 158.754821777, 159.114730835, 159.474639893, 159.822952271, 160.182861328, 160.542770386, 160.891067505, 161.250976563, 161.61088562, 161.970794678, 162.330703735, 162.690612793, 163.050521851, 163.410430908, 163.758728027, 164.118637085, 164.466934204, 164.826843262, 165.186752319, 165.535049438, 165.883346558, 166.243255615, 166.603164673, 166.974685669, 167.322982788, 167.671295166, 168.031204224, 168.391113281, 168.751022339, 169.110931396, 169.470840454, 169.830749512, 170.190658569, 170.550567627, 170.898864746, 171.247161865, 171.607070923, 171.96697998, 172.326889038, 172.686798096, 173.046707153, 173.406616211, 173.75491333, 174.103210449, 174.463119507, 174.823028564, 175.194549561, 175.554458618, 175.902755737, 176.262680054, 176.610977173, 176.97088623, 177.330795288, 177.679092407, 178.039001465, 178.398910522, 178.75881958, 179.118728638, 179.467025757, 179.838546753, 180.210067749, 180.593200684, 180.976318359, 181.347839355, 181.73097229, 182.114105225, 182.4972229, 182.880355835, 183.26348877, 183.646621704, 184.029754639, 184.412872314, 184.796005249]
