
metadata:
    version:
        essentia: "2.1-beta2"
    audio_properties:
        analysis_sample_rate: 44100
        bitrate: 320
        channels: 2
        equal_loudness: 1
        length: 204.721633911
        replay_gain: -14.0665512085
        downmix: "mix"
    tags:
        album: "Feeding Fiction"
        artist: "Heartist"
        comment: "israbox.com"
        date: "2014"
        genre: "Rock"
        title: "Ready To Change"
        tracknumber: "09/11"

configuration:
    average_loudness:
        compute: 1
        frameSize: 88200
        hopSize: 44100
        silentFrames: "noise"
        windowType: "hann"
    general:
        analysisSampleRate: 44100
        endTime: 2000
        equalLoudness: 1
        nequalLoudness: 0
        shortSound: 0
        startTime: 0
    lowlevel:
        compute: 1
        frameSize: 2048
        hopSize: 1024
        zeroPadding: 0
        silentFrames: "noise"
        windowType: "blackmanharris62"
        mfccStats: ["mean", "cov", "icov"]
        stats: ["mean", "var", "median", "min", "max", "dmean", "dmean2", "dvar", "dvar2"]
    panning:
        compute: 0
        frameSize: 8192
        hopSize: 2048
        zeroPadding: 8192
        silentFrames: "noise"
        windowType: "hann"
        stats: ["copy"]
    rhythm:
        compute: 1
        maxTempo: 208
        minTempo: 40
        method: "degara"
        stats: ["mean", "var", "median", "min", "max", "dmean", "dmean2", "dvar", "dvar2"]
    segmentation:
        compute: 0
        cpw: 5
        inc1: 300
        inc2: 50
        minimumSegmentsLength: 10
        size1: 1000
        size2: 600
    sfx:
        compute: 1
        stats: ["mean", "var", "median", "min", "max", "dmean", "dmean2", "dvar", "dvar2"]
    svm:
        compute: 0
    tonal:
        compute: 1
        frameSize: 4096
        hopSize: 2048
        zeroPadding: 0
        silentFrames: "noise"
        windowType: "blackmanharris62"
        stats: ["mean", "var", "median", "min", "max", "dmean", "dmean2", "dvar", "dvar2"]

lowlevel:
    average_loudness: 0.853388428688
    barkbands_kurtosis:
        dmean: 0.621057093143
        dmean2: 0.969928145409
        dvar: 1.19038403034
        dvar2: 2.44146704674
        max: 43.9523887634
        mean: -0.232233598828
        median: -0.828136563301
        min: -1.84408807755
        var: 4.31129741669
    barkbands_skewness:
        dmean: 0.30725812912
        dmean2: 0.470762550831
        dvar: 0.101920165122
        dvar2: 0.222464382648
        max: 5.58647680283
        mean: 0.0243300944567
        median: -0.0464090965688
        min: -3.79479622841
        var: 0.927372038364
    barkbands_spread:
        dmean: 4.9481844902
        dmean2: 7.76704311371
        dvar: 27.5452613831
        dvar2: 67.1542053223
        max: 77.7279434204
        mean: 32.5950088501
        median: 32.3671875
        min: 0.526180684566
        var: 120.715156555
    dissonance:
        dmean: 0.0128718800843
        dmean2: 0.0216925572604
        dvar: 0.000178149508429
        dvar2: 0.00047342167818
        max: 0.499999910593
        mean: 0.471296459436
        median: 0.478393107653
        min: 0.13211171329
        var: 0.00060690700775
    hfc:
        dmean: 2.0117585659
        dmean2: 3.18895697594
        dvar: 10.2182226181
        dvar2: 25.7149791718
        max: 60.492149353
        mean: 9.02375030518
        median: 7.11545181274
        min: 1.11307064351e-016
        var: 56.6169929504
    pitch:
        dmean: 618.934143066
        dmean2: 1185.8651123
        dvar: 1398794
        dvar2: 3506462.5
        max: 5367.09228516
        mean: 985.413146973
        median: 248.293762207
        min: 73.896987915
        var: 1873877.5
    pitch_instantaneous_confidence:
        dmean: 0.0749559402466
        dmean2: 0.120634406805
        dvar: 0.00486289616674
        dvar2: 0.0116295842454
        max: 0.901922881603
        mean: 0.443625092506
        median: 0.414980262518
        min: 0.0975180268288
        var: 0.0239107050002
    pitch_salience:
        dmean: 0.049138456583
        dmean2: 0.080038972199
        dvar: 0.0022923075594
        dvar2: 0.00611750781536
        max: 0.996306300163
        mean: 0.61886715889
        median: 0.630200386047
        min: 0.156029269099
        var: 0.00851246062666
    silence_rate_20dB:
        dmean: 0
        dmean2: 0
        dvar: 0
        dvar2: 0
        max: 1
        mean: 1
        median: 1
        min: 1
        var: 0
    silence_rate_30dB:
        dmean: 0
        dmean2: 0
        dvar: 0
        dvar2: 0
        max: 1
        mean: 1
        median: 1
        min: 1
        var: 0
    silence_rate_60dB:
        dmean: 0.0573891364038
        dmean2: 0.114791288972
        dvar: 0.0540976822376
        dvar2: 0.116364300251
        max: 1
        mean: 0.332615107298
        median: 0
        min: 0
        var: 0.221972465515
    spectral_centroid:
        dmean: 224.353973389
        dmean2: 347.203582764
        dvar: 81511.125
        dvar2: 167125.4375
        max: 11605.5302734
        mean: 1844.14501953
        median: 1869.43774414
        min: 178.073486328
        var: 628679.25
    spectral_complexity:
        dmean: 2.90892601013
        dmean2: 4.68489122391
        dvar: 10.9122171402
        dvar2: 26.4531288147
        max: 47
        mean: 15.5798368454
        median: 14
        min: 0
        var: 102.358009338
    spectral_crest:
        dmean: 1.61689388752
        dmean2: 2.59692883492
        dvar: 2.7558836937
        dvar2: 6.7497549057
        max: 24.4723091125
        mean: 7.2121090889
        median: 6.24006462097
        min: 2.23468446732
        var: 11.3563938141
    spectral_decrease:
        dmean: 1.98209892943e-010
        dmean2: 3.08881198396e-010
        dvar: 9.90944990121e-020
        dvar2: 2.30256476852e-019
        max: 1.44658981461e-028
        mean: -9.67028568333e-010
        median: -9.54055723312e-010
        min: -4.29445634609e-009
        var: 3.72388595062e-019
    spectral_energy:
        dmean: 0.000900662387721
        dmean2: 0.00140079448465
        dvar: 1.99915143639e-006
        dvar2: 4.70922532259e-006
        max: 0.0199064705521
        mean: 0.00446825986728
        median: 0.0043264888227
        min: 1.03824107728e-020
        var: 8.45562499308e-006
    spectral_energyband_high:
        dmean: 0.000172241358086
        dmean2: 0.000280839070911
        dvar: 9.04491415099e-008
        dvar2: 2.36432541101e-007
        max: 0.00441527925432
        mean: 0.000524561794009
        median: 0.000375695875846
        min: 7.13487464635e-021
        var: 2.9388911571e-007
    spectral_energyband_low:
        dmean: 0.000187399607967
        dmean2: 0.000320004095556
        dvar: 1.11457033825e-007
        dvar2: 3.16682218227e-007
        max: 0.00351370614953
        mean: 0.000346365646692
        median: 0.000274105666904
        min: 2.80405815243e-023
        var: 1.3054982162e-007
    spectral_energyband_middle_high:
        dmean: 0.000509862264153
        dmean2: 0.000808065466117
        dvar: 5.35998765372e-007
        dvar2: 1.29704301344e-006
        max: 0.0162327624857
        mean: 0.00230132672004
        median: 0.00173008779529
        min: 1.29291257994e-021
        var: 4.0115091906e-006
    spectral_energyband_middle_low:
        dmean: 0.000466264522402
        dmean2: 0.000730934436433
        dvar: 7.89791727129e-007
        dvar2: 1.7955670728e-006
        max: 0.0111795812845
        mean: 0.00140550755896
        median: 0.00103156175464
        min: 1.57564578097e-022
        var: 1.62649610047e-006
    spectral_flatness_db:
        dmean: 0.0123119419441
        dmean2: 0.0187904890627
        dvar: 0.000157604226843
        dvar2: 0.000319130282151
        max: 0.543884336948
        mean: 0.141505688429
        median: 0.135515525937
        min: 0.0556397251785
        var: 0.00152571254876
    spectral_flux:
        dmean: 0.00658186525106
        dmean2: 0.0100874472409
        dvar: 6.60180885461e-005
        dvar2: 0.000132147324621
        max: 0.107699215412
        mean: 0.0343030653894
        median: 0.0341664850712
        min: 6.72103900312e-011
        var: 0.000351008580765
    spectral_kurtosis:
        dmean: 0.926474571228
        dmean2: 1.52030467987
        dvar: 4.96687173843
        dvar2: 11.4628696442
        max: 184.039871216
        mean: 2.97972249985
        median: 2.67969322205
        min: -1.23625516891
        var: 16.213136673
    spectral_rms:
        dmean: 0.000196655877517
        dmean2: 0.000298183178529
        dvar: 6.72050219919e-008
        dvar2: 1.47258575112e-007
        max: 0.00440692016855
        mean: 0.00194511096925
        median: 0.00205449853092
        min: 3.18263753026e-012
        var: 5.75809906422e-007
    spectral_rolloff:
        dmean: 360.008911133
        dmean2: 582.251281738
        dvar: 255377.78125
        dvar2: 523723.96875
        max: 19358.3496094
        mean: 3390.81958008
        median: 3596.04492188
        min: 172.265625
        var: 1603066.5
    spectral_skewness:
        dmean: 0.144714489579
        dmean2: 0.228700727224
        dvar: 0.0321580506861
        dvar2: 0.071643806994
        max: 11.1311235428
        mean: 1.23518979549
        median: 1.24257612228
        min: -0.0751630067825
        var: 0.186394631863
    spectral_spread:
        dmean: 488595.3125
        dmean2: 689812.9375
        dvar: 613361909760
        dvar2: 1.09943219814e+012
        max: 41991008
        mean: 5132969.5
        median: 4811014
        min: 569698.3125
        var: 4.39954125619e+012
    spectral_strongpeak:
        dmean: 0.489948898554
        dmean2: 0.831941902637
        dvar: 0.624802589417
        dvar2: 1.56563365459
        max: 9.19270133972
        mean: 0.925713777542
        median: 0.59422147274
        min: 1.82691403672e-010
        var: 1.27561676502
    zerocrossingrate:
        dmean: 0.00799613818526
        dmean2: 0.00930968951434
        dvar: 8.92271491466e-005
        dvar2: 9.24876076169e-005
        max: 0.5234375
        mean: 0.10458432883
        median: 0.10888671875
        min: 0.00732421875
        var: 0.00133898120839
    barkbands:
        dmean: [1.93433990603e-007, 7.29311213945e-005, 0.000111512716103, 0.000103608559584, 0.000176317858859, 0.00011375748727, 0.000164833720191, 7.82799979788e-005, 8.39200001792e-005, 7.64223659644e-005, 6.62081001792e-005, 4.38228635176e-005, 3.46466658812e-005, 4.42245000158e-005, 6.46807675366e-005, 9.08851143322e-005, 0.000137039765832, 0.000144686593558, 0.000226391886827, 0.000145847487147, 0.000102091318695, 4.31780099461e-005, 8.35913215269e-006, 4.26089218308e-006, 2.35015590988e-006, 7.75573454348e-008, 9.49766709724e-010]
        dmean2: [2.98756020811e-007, 0.00012583064381, 0.000191488419659, 0.000175748020411, 0.000298285420286, 0.000189933300135, 0.000253917038208, 0.000118794290756, 0.000127312086988, 0.000116030016216, 9.88706524367e-005, 7.14915586286e-005, 5.47849558643e-005, 7.17560105841e-005, 0.000104412029032, 0.000147418351844, 0.000224112343858, 0.0002339110506, 0.000368514971342, 0.000241746602114, 0.000167988066096, 7.08594598109e-005, 1.34717720357e-005, 6.3643969952e-006, 3.51611924998e-006, 1.20917391655e-007, 1.46544221202e-009]
        dvar: [2.1985373049e-013, 1.29508386237e-008, 4.84875819495e-008, 7.51906839014e-008, 2.97732356103e-007, 7.90916203641e-008, 1.18296874518e-007, 4.31088693631e-008, 2.77573466434e-008, 2.4607476945e-008, 2.12501767294e-008, 6.45922737519e-009, 5.25837995369e-009, 1.12685034637e-008, 1.76923471429e-008, 2.93627024917e-008, 4.72670791396e-008, 6.97877098332e-008, 1.25582971577e-007, 7.17659958127e-008, 2.64550052975e-008, 7.18052195481e-009, 4.0901909637e-010, 1.40091743761e-010, 5.12039369238e-011, 3.35353150956e-014, 5.62331401125e-018]
        dvar2: [4.85709617058e-013, 3.97101516114e-008, 1.35643134058e-007, 2.07410053576e-007, 7.83260247772e-007, 2.05427667765e-007, 2.64799496108e-007, 9.4877158574e-008, 6.31508854099e-008, 5.24689625081e-008, 4.67860807873e-008, 1.62786069069e-008, 1.2381587311e-008, 2.90123232105e-008, 4.50969857013e-008, 7.57923004358e-008, 1.21883928728e-007, 1.69050579757e-007, 3.15605575452e-007, 1.81533962973e-007, 6.9150281945e-008, 1.80661565707e-008, 1.02329877905e-009, 2.86872664512e-010, 1.06135544797e-010, 8.11683755148e-014, 1.14308204654e-017]
        max: [6.51011623631e-006, 0.00138020678423, 0.00271261949092, 0.00467680720612, 0.00823372229934, 0.00496405735612, 0.00733066117391, 0.00611119251698, 0.00303435651585, 0.00321014411747, 0.00328039657325, 0.00169084174559, 0.00166597217321, 0.00249998876825, 0.00312988786027, 0.00317247421481, 0.00451071467251, 0.00506867282093, 0.00988231506199, 0.00597484968603, 0.00295110116713, 0.0014958572574, 0.000419499730924, 0.000365634157788, 0.000216619140701, 3.43623582921e-006, 1.19379933494e-007]
        mean: [2.61485126885e-007, 0.000136201022542, 0.000143731609569, 0.000136873757583, 0.000243499831413, 0.000207235701964, 0.000385099760024, 0.000155150628416, 0.000204548370675, 0.000188197809621, 0.000153581757331, 8.47471819725e-005, 6.45997934043e-005, 8.04294686532e-005, 0.000124166122987, 0.00018893062952, 0.000327675894368, 0.000334101088811, 0.00057054363424, 0.000338367186487, 0.000274988240562, 9.59229437285e-005, 1.61093721545e-005, 8.77877664607e-006, 4.3842183004e-006, 1.39692872381e-007, 1.46573608806e-009]
        median: [8.09039875094e-008, 0.000106147279439, 8.08346958365e-005, 6.54253526591e-005, 0.000131912864163, 9.0092078608e-005, 0.000125264457893, 4.97971850564e-005, 8.89587245183e-005, 5.84602021263e-005, 3.83735678042e-005, 4.72291576443e-005, 3.30274524458e-005, 3.58377728844e-005, 6.02547006565e-005, 0.000102986537968, 0.000206737488043, 0.000174815126229, 0.000361545622582, 0.000203567309654, 0.000169473933056, 6.66845589876e-005, 7.53253971197e-006, 2.96023608826e-006, 1.1320065596e-006, 2.84507475357e-008, 3.99021427011e-010]
        min: [3.93312478936e-024, 3.26801939687e-024, 1.80433926319e-024, 2.0372328933e-024, 2.20657001188e-023, 6.65653374714e-024, 1.44498507686e-023, 1.39357800934e-023, 2.69792038862e-023, 2.73874520264e-023, 2.43697577191e-023, 4.62799765089e-023, 4.60805366948e-023, 8.62129233247e-023, 4.00159633821e-023, 9.34341812947e-023, 7.30218121487e-023, 1.22376206797e-022, 1.92404676775e-022, 1.80222367235e-022, 3.16337186231e-022, 3.60978585044e-022, 4.81314254803e-022, 6.26535343301e-022, 1.10667314775e-021, 1.42233746718e-021, 1.907484551e-021]
        var: [3.06948206002e-013, 1.93033411477e-008, 4.68507899143e-008, 7.14149948067e-008, 2.506067176e-007, 1.38190813459e-007, 4.68195224812e-007, 1.20488593325e-007, 1.17400311694e-007, 1.28914052766e-007, 1.03633105653e-007, 1.40401397175e-008, 1.05487361068e-008, 1.91794775617e-008, 3.69261492494e-008, 7.9654988383e-008, 1.60522233728e-007, 2.2687632395e-007, 4.54958723139e-007, 1.80738041422e-007, 9.26077561303e-008, 1.41479450377e-008, 7.34970806437e-010, 3.5175473645e-010, 1.11874697006e-010, 5.63604305099e-014, 1.11916436728e-017]
    frequency_bands:
        dmean: [1.93433990603e-007, 7.29311213945e-005, 0.000111512716103, 0.000103608559584, 0.000176317858859, 0.00011375748727, 0.000164833720191, 7.82799979788e-005, 8.39200001792e-005, 7.64223659644e-005, 6.62081001792e-005, 4.38228635176e-005, 3.46466658812e-005, 4.42245000158e-005, 6.46807675366e-005, 9.08851143322e-005, 0.000137039765832, 0.000144686593558, 0.000226391886827, 0.000145847487147, 0.000102091318695, 4.31780099461e-005, 8.35913215269e-006, 4.26089218308e-006, 2.35015590988e-006, 7.75573454348e-008, 9.49766709724e-010, 5.28884575024e-011]
        dmean2: [2.98756020811e-007, 0.00012583064381, 0.000191488419659, 0.000175748020411, 0.000298285420286, 0.000189933300135, 0.000253917038208, 0.000118794290756, 0.000127312086988, 0.000116030016216, 9.88706524367e-005, 7.14915586286e-005, 5.47849558643e-005, 7.17560105841e-005, 0.000104412029032, 0.000147418351844, 0.000224112343858, 0.0002339110506, 0.000368514971342, 0.000241746602114, 0.000167988066096, 7.08594598109e-005, 1.34717720357e-005, 6.3643969952e-006, 3.51611924998e-006, 1.20917391655e-007, 1.46544221202e-009, 9.84573950147e-011]
        dvar: [2.1985373049e-013, 1.29508386237e-008, 4.84875819495e-008, 7.51906839014e-008, 2.97732356103e-007, 7.90916203641e-008, 1.18296874518e-007, 4.31088693631e-008, 2.77573466434e-008, 2.4607476945e-008, 2.12501767294e-008, 6.45922737519e-009, 5.25837995369e-009, 1.12685034637e-008, 1.76923471429e-008, 2.93627024917e-008, 4.72670791396e-008, 6.97877098332e-008, 1.25582971577e-007, 7.17659958127e-008, 2.64550052975e-008, 7.18052195481e-009, 4.0901909637e-010, 1.40091743761e-010, 5.12039369238e-011, 3.35353150956e-014, 5.62331401125e-018, 6.75899618275e-021]
        dvar2: [4.85709617058e-013, 3.97101516114e-008, 1.35643134058e-007, 2.07410053576e-007, 7.83260247772e-007, 2.05427667765e-007, 2.64799496108e-007, 9.4877158574e-008, 6.31508854099e-008, 5.24689625081e-008, 4.67860807873e-008, 1.62786069069e-008, 1.2381587311e-008, 2.90123232105e-008, 4.50969857013e-008, 7.57923004358e-008, 1.21883928728e-007, 1.69050579757e-007, 3.15605575452e-007, 1.81533962973e-007, 6.9150281945e-008, 1.80661565707e-008, 1.02329877905e-009, 2.86872664512e-010, 1.06135544797e-010, 8.11683755148e-014, 1.14308204654e-017, 2.15233897882e-020]
        max: [6.51011623631e-006, 0.00138020678423, 0.00271261949092, 0.00467680720612, 0.00823372229934, 0.00496405735612, 0.00733066117391, 0.00611119251698, 0.00303435651585, 0.00321014411747, 0.00328039657325, 0.00169084174559, 0.00166597217321, 0.00249998876825, 0.00312988786027, 0.00317247421481, 0.00451071467251, 0.00506867282093, 0.00988231506199, 0.00597484968603, 0.00295110116713, 0.0014958572574, 0.000419499730924, 0.000365634157788, 0.000216619140701, 3.43623582921e-006, 1.19379933494e-007, 1.29303623364e-009]
        mean: [2.61485126885e-007, 0.000136201022542, 0.000143731609569, 0.000136873757583, 0.000243499831413, 0.000207235701964, 0.000385099760024, 0.000155150628416, 0.000204548370675, 0.000188197809621, 0.000153581757331, 8.47471819725e-005, 6.45997934043e-005, 8.04294686532e-005, 0.000124166122987, 0.00018893062952, 0.000327675894368, 0.000334101088811, 0.00057054363424, 0.000338367186487, 0.000274988240562, 9.59229437285e-005, 1.61093721545e-005, 8.77877664607e-006, 4.3842183004e-006, 1.39692872381e-007, 1.46573608806e-009, 4.11411703316e-011]
        median: [8.09039875094e-008, 0.000106147279439, 8.08346958365e-005, 6.54253526591e-005, 0.000131912864163, 9.0092078608e-005, 0.000125264457893, 4.97971850564e-005, 8.89587245183e-005, 5.84602021263e-005, 3.83735678042e-005, 4.72291576443e-005, 3.30274524458e-005, 3.58377728844e-005, 6.02547006565e-005, 0.000102986537968, 0.000206737488043, 0.000174815126229, 0.000361545622582, 0.000203567309654, 0.000169473933056, 6.66845589876e-005, 7.53253971197e-006, 2.96023608826e-006, 1.1320065596e-006, 2.84507475357e-008, 3.99021427011e-010, 1.3632631482e-011]
        min: [3.93312478936e-024, 3.26801939687e-024, 1.80433926319e-024, 2.0372328933e-024, 2.20657001188e-023, 6.65653374714e-024, 1.44498507686e-023, 1.39357800934e-023, 2.69792038862e-023, 2.73874520264e-023, 2.43697577191e-023, 4.62799765089e-023, 4.60805366948e-023, 8.62129233247e-023, 4.00159633821e-023, 9.34341812947e-023, 7.30218121487e-023, 1.22376206797e-022, 1.92404676775e-022, 1.80222367235e-022, 3.16337186231e-022, 3.60978585044e-022, 4.81314254803e-022, 6.26535343301e-022, 1.10667314775e-021, 1.42233746718e-021, 1.907484551e-021, 6.56042527689e-022]
        var: [3.06948206002e-013, 1.93033411477e-008, 4.68507899143e-008, 7.14149948067e-008, 2.506067176e-007, 1.38190813459e-007, 4.68195224812e-007, 1.20488593325e-007, 1.17400311694e-007, 1.28914052766e-007, 1.03633105653e-007, 1.40401397175e-008, 1.05487361068e-008, 1.91794775617e-008, 3.69261492494e-008, 7.9654988383e-008, 1.60522233728e-007, 2.2687632395e-007, 4.54958723139e-007, 1.80738041422e-007, 9.26077561303e-008, 1.41479450377e-008, 7.34970806437e-010, 3.5175473645e-010, 1.11874697006e-010, 5.63604305099e-014, 1.11916436728e-017, 5.35760480276e-021]
    mfcc:
        mean: [-711.455627441, 93.2836990356, -40.6772270203, 51.8625297546, -19.4965572357, -5.30575227737, -3.53159713745, 0.440534055233, 1.19504261017, -5.68003368378, -0.467254757881, -2.77649855614, -0.49355211854]
        cov: [[7233.41015625, -140.608657837, -661.981445313, 571.784118652, -173.805130005, 213.903884888, 208.019104004, 244.566574097, 271.358184814, 118.587867737, -2.16880083084, -21.3685855865, -48.3438110352], [-140.608657837, 902.850341797, -207.420700073, 29.190820694, -125.851264954, -23.5479888916, -20.9340209961, 8.58536052704, -23.2785129547, 14.0051879883, 74.5249557495, 11.8288068771, 26.6390972137], [-661.981445313, -207.420700073, 466.583312988, -106.756919861, 120.632484436, -5.10550832748, -2.64051318169, -23.9900131226, -45.1928215027, -16.123254776, -2.38360071182, 36.5313110352, 9.83884334564], [571.784118652, 29.190820694, -106.756919861, 370.204193115, 43.8380775452, 68.4170303345, 4.99270439148, 40.2400627136, 57.6459922791, -23.3918457031, -13.2848320007, 13.2484006882, 28.8366928101], [-173.805130005, -125.851264954, 120.632484436, 43.8380775452, 203.511016846, 35.9598846436, 25.3795318604, 5.80025959015, 14.5594062805, 5.80817985535, -5.26365613937, 28.1418704987, 21.3441734314], [213.903884888, -23.5479888916, -5.10550832748, 68.4170303345, 35.9598846436, 164.379226685, 76.2119216919, 43.8996963501, 43.2404747009, 8.6624288559, 21.1109352112, 13.5522279739, -4.07511234283], [208.019104004, -20.9340209961, -2.64051318169, 4.99270439148, 25.3795318604, 76.2119216919, 169.821578979, 68.9538269043, 40.7146835327, 25.4605331421, 11.3903675079, 7.02848482132, -8.2601146698], [244.566574097, 8.58536052704, -23.9900131226, 40.2400627136, 5.80025959015, 43.8996963501, 68.9538269043, 121.700363159, 53.742477417, 24.8019294739, 7.97859334946, 3.92905449867, 11.1189699173], [271.358184814, -23.2785129547, -45.1928215027, 57.6459922791, 14.5594062805, 43.2404747009, 40.7146835327, 53.742477417, 115.121528625, 34.479763031, 10.3100690842, 5.90790224075, 0.769191682339], [118.587867737, 14.0051879883, -16.123254776, -23.3918457031, 5.80817985535, 8.6624288559, 25.4605331421, 24.8019294739, 34.479763031, 101.877746582, 34.7479858398, 4.98435115814, -8.01640510559], [-2.16880083084, 74.5249557495, -2.38360071182, -13.2848320007, -5.26365613937, 21.1109352112, 11.3903675079, 7.97859334946, 10.3100690842, 34.7479858398, 84.6681671143, 33.2966651917, 5.44795322418], [-21.3685855865, 11.8288068771, 36.5313110352, 13.2484006882, 28.1418704987, 13.5522279739, 7.02848482132, 3.92905449867, 5.90790224075, 4.98435115814, 33.2966651917, 82.4699859619, 33.2553710938], [-48.3438110352, 26.6390972137, 9.83884334564, 28.8366928101, 21.3441734314, -4.07511234283, -8.2601146698, 11.1189699173, 0.769191682339, -8.01640510559, 5.44795322418, 33.2553710938, 80.8481140137]]
        icov: [[0.000201502451091, 0.000107803243736, 0.000199035202968, -0.000265645125182, 0.000221002366743, -4.67899226351e-005, -0.000118304087664, -0.00014694800484, -8.26540635899e-005, -0.000198333451408, 5.84979970881e-005, -0.000116758870718, 0.000128121784655], [0.000107803243736, 0.00152138457634, 0.000629281392321, -0.00029469767469, 0.000673993374221, 0.000186671677511, -6.22175648459e-005, -0.000283423025394, 0.000583309156355, -4.05367172789e-005, -0.00137616996653, 4.63231663161e-005, -0.000480091344798], [0.000199035202968, 0.000629281392321, 0.00347855663858, 0.000795112340711, -0.00159403670114, -0.000130354179419, 0.000125776525238, -0.000468104437459, 0.00100916973315, 0.000398613978177, -0.000172874395503, -0.00126024114434, 0.000256184139289], [-0.000265645125182, -0.00029469767469, 0.000795112340711, 0.00423946790397, -0.00147786515299, -0.00138356396928, 0.00122009497136, -0.000549293705262, -0.0012301702518, 0.00157623901032, 0.000788492849097, -0.00037648921716, -0.000880281266291], [0.000221002366743, 0.000673993374221, -0.00159403670114, -0.00147786515299, 0.00745272450149, -0.000893934862688, -0.000947368855122, 0.000794586143456, -0.00048973353114, -0.00150693580508, 0.00113078008872, -0.00125927524641, -0.0012904695468], [-4.67899226351e-005, 0.000186671677511, -0.000130354179419, -0.00138356396928, -0.000893934862688, 0.00929452851415, -0.00335150910541, -0.000521766254678, -0.0013393019326, 0.00139734207187, -0.00273015350103, -4.36250229541e-005, 0.00120690173935], [-0.000118304087664, -6.22175648459e-005, 0.000125776525238, 0.00122009497136, -0.000947368855122, -0.00335150910541, 0.00953967589885, -0.00423609698191, -0.000165393590578, -0.000574518402573, 0.000604369619396, -0.00075295008719, 0.00135128363036], [-0.00014694800484, -0.000283423025394, -0.000468104437459, -0.000549293705262, 0.000794586143456, -0.000521766254678, -0.00423609698191, 0.013379781507, -0.00397274829447, -0.00124405359384, 0.000336172175594, 0.00121271342505, -0.00285760848783], [-8.26540635899e-005, 0.000583309156355, 0.00100916973315, -0.0012301702518, -0.00048973353114, -0.0013393019326, -0.000165393590578, -0.00397274829447, 0.0135653959587, -0.00349423545413, 6.5357045969e-005, -0.000750205828808, 0.000494246545713], [-0.000198333451408, -4.05367172789e-005, 0.000398613978177, 0.00157623901032, -0.00150693580508, 0.00139734207187, -0.000574518402573, -0.00124405359384, -0.00349423545413, 0.0141125377268, -0.00587526755407, 0.00120386772323, 0.00119798153173], [5.84979970881e-005, -0.00137616996653, -0.000172874395503, 0.000788492849097, 0.00113078008872, -0.00273015350103, 0.000604369619396, 0.000336172175594, 6.5357045969e-005, -0.00587526755407, 0.0191220361739, -0.00764856254682, 0.00108197145164], [-0.000116758870718, 4.63231663161e-005, -0.00126024114434, -0.00037648921716, -0.00125927524641, -4.36250229541e-005, -0.00075295008719, 0.00121271342505, -0.000750205828808, 0.00120386772323, -0.00764856254682, 0.0189949534833, -0.00688220420852], [0.000128121784655, -0.000480091344798, 0.000256184139289, -0.000880281266291, -0.0012904695468, 0.00120690173935, 0.00135128363036, -0.00285760848783, 0.000494246545713, 0.00119798153173, 0.00108197145164, -0.00688220420852, 0.016691096127]]
    sccoeffs:
        dmean: [0.0460020266473, 0.0423643328249, 0.0332558453083, 0.0279430784285, 0.0199841093272, 0.017227942124]
        dmean2: [0.0773720219731, 0.0690190270543, 0.0534839890897, 0.0454261749983, 0.0325762070715, 0.0269949454814]
        dvar: [0.00154030299746, 0.00129371543881, 0.000783559051342, 0.00054568448104, 0.000278271356365, 0.000276901206234]
        dvar2: [0.00427224999294, 0.00325323687866, 0.00195690663531, 0.00138926994987, 0.000700954638887, 0.000614555028733]
        max: [-0.279759526253, -0.409818917513, -0.483271688223, -0.587116062641, -0.60339653492, -0.529668927193]
        mean: [-0.664557993412, -0.726304113865, -0.7471986413, -0.770269274712, -0.778735280037, -0.729953229427]
        median: [-0.67124080658, -0.735656023026, -0.749484717846, -0.772974014282, -0.780152082443, -0.73223811388]
        min: [-0.974233686924, -0.97896027565, -0.970206797123, -0.972220361233, -0.971496343613, -0.962018549442]
        var: [0.00578451016918, 0.00610986491665, 0.00406151590869, 0.0025460710749, 0.00144825817551, 0.00301200314425]
    scvalleys:
        dmean: [0.362469285727, 0.314138621092, 0.270472764969, 0.240755140781, 0.205232828856, 0.256894230843]
        dmean2: [0.604100942612, 0.520733654499, 0.438089281321, 0.384279459715, 0.316455751657, 0.347203820944]
        dvar: [0.109917975962, 0.0904644429684, 0.0703260526061, 0.0591983087361, 0.061009246856, 0.121416002512]
        dvar2: [0.275362163782, 0.214523002505, 0.156502395868, 0.123533561826, 0.114207185805, 0.206577882171]
        max: [-5.08529138565, -4.52202558517, -5.23607778549, -5.80670547485, -5.41020679474, -7.10807132721]
        mean: [-7.24213409424, -6.84698390961, -7.33737230301, -7.67733097076, -7.27253770828, -9.80122184753]
        median: [-6.80419158936, -6.59140396118, -7.04071569443, -7.33683109283, -6.97714328766, -9.47214317322]
        min: [-27.8356456757, -27.6949577332, -27.9777088165, -27.5026702881, -27.3810806274, -27.3768482208]
        var: [2.45404744148, 2.11604428291, 2.30898523331, 2.24028015137, 2.44478368759, 2.96129512787]

rhythm:
    beats_loudness:
        dmean: 0.00348686473444
        dmean2: 0.00671669468284
        dvar: 7.97065513325e-006
        dvar2: 2.87161965389e-005
        max: 0.0161688141525
        mean: 0.00616995664313
        median: 0.00541585311294
        min: 1.69972681763e-011
        var: 1.59385272127e-005
    bpm: 92.0074234009
    bpm_confidence: 0
    first_peak_bpm: 92
    first_peak_spread: 0.0338983237743
    first_peak_weight: 0.88785046339
    onset_rate: 2.62307405472
    second_peak_bpm: 178
    second_peak_spread: 0
    second_peak_weight: 0.0186915881932
    beats_loudness_band_ratio:
        dmean: [0.21032974124, 0.139098256826, 0.109008692205, 0.0670744255185, 0.107354648411, 0.121960550547]
        dmean2: [0.402863353491, 0.264130294323, 0.187561422586, 0.118277147412, 0.200975507498, 0.224919557571]
        dvar: [0.0236724223942, 0.0112251024693, 0.0180005598813, 0.00574722420424, 0.00837906450033, 0.0102249821648]
        dvar2: [0.0894409716129, 0.0369612500072, 0.0466264262795, 0.016440520063, 0.0270599778742, 0.0300069805235]
        max: [0.65968888998, 0.596346139908, 0.911573886871, 0.562552213669, 0.57145512104, 0.593273639679]
        mean: [0.229310289025, 0.156294584274, 0.170702055097, 0.08447894454, 0.175109356642, 0.243263050914]
        median: [0.174704372883, 0.124444946647, 0.0986434221268, 0.0568062216043, 0.149914473295, 0.224276840687]
        min: [0, 0, 0, 0, 0, 0]
        var: [0.0304678715765, 0.0159756038338, 0.0312517210841, 0.00661501148716, 0.010809157975, 0.0165137052536]
    beats_position: [0.626938760281, 1.27709746361, 1.92725622654, 2.57741498947, 3.22757363319, 3.87773227692, 4.52789115906, 5.17804956436, 5.8282084465, 6.47836732864, 7.12852573395, 7.77868461609, 8.42884349823, 9.07900238037, 9.74077033997, 10.4025392532, 11.0526981354, 11.7028570175, 12.3530158997, 13.0147848129, 13.6765527725, 14.3383216858, 14.9884805679, 15.6270294189, 16.2771873474, 16.9273471832, 17.5658950806, 18.2276649475, 18.877822876, 19.5279808044, 20.1781406403, 20.8282985687, 21.4784584045, 22.1402263641, 22.7903842926, 23.4405441284, 24.102312088, 24.7524719238, 25.4026298523, 26.0527877808, 26.7029476166, 27.353105545, 28.0032653809, 28.6534233093, 29.3035831451, 29.9537410736, 30.6155090332, 31.2772789001, 31.9274368286, 32.5892066956, 33.2277526855, 33.8779144287, 34.5280723572, 35.1782302856, 35.8283882141, 36.4901580811, 37.151927948, 37.8020858765, 38.4522438049, 39.1024017334, 39.7525634766, 40.402721405, 41.0644874573, 41.7146492004, 42.3531951904, 43.0033569336, 43.6535148621, 44.3036727905, 44.953830719, 45.6039886475, 46.2657585144, 46.9275283813, 47.5776863098, 48.2278442383, 48.8780021667, 49.5281639099, 50.1783218384, 50.8284797668, 51.4786376953, 52.1287956238, 52.7789573669, 53.4291152954, 54.0908851624, 54.7410430908, 55.4028091431, 56.0529708862, 56.7031288147, 57.3532867432, 58.0034446716, 58.6536026001, 59.3037643433, 59.9539222717, 60.6273002625, 61.2774581909, 61.9276161194, 62.5777778625, 63.227935791, 63.8780937195, 64.5282516479, 65.1784133911, 65.8285675049, 66.478729248, 67.1288909912, 67.779045105, 68.4292068481, 69.0793609619, 69.7411346436, 70.4029006958, 71.053062439, 71.7032165527, 72.3533782959, 73.0035324097, 73.6536941528, 74.303855896, 74.9540100098, 75.6041717529, 76.2543258667, 76.9044876099, 77.5662536621, 78.2280273438, 78.8781814575, 79.5283432007, 80.1785049438, 80.8286590576, 81.4788208008, 82.1289749146, 82.7791366577, 83.4292984009, 84.0910644531, 84.7528305054, 85.4029922485, 86.0531539917, 86.7033081055, 87.3534698486, 88.0036239624, 88.6537857056, 89.3039474487, 89.9541015625, 90.6042633057, 91.2544174194, 91.9045791626, 92.5663452148, 93.2281188965, 93.8782730103, 94.5284347534, 95.1785888672, 95.8287506104, 96.4789123535, 97.1290664673, 97.7792282104, 98.4293823242, 99.0795440674, 99.7413101196, 100.403083801, 101.053237915, 101.703399658, 102.353561401, 103.003715515, 103.653877258, 104.304031372, 104.954193115, 105.604354858, 106.266120911, 106.927886963, 107.578048706, 108.22820282, 108.878364563, 109.528526306, 110.17868042, 110.828842163, 111.479003906, 112.12915802, 112.779319763, 113.429473877, 114.091247559, 114.741401672, 115.403175354, 116.053329468, 116.703491211, 117.353645325, 118.003807068, 118.653968811, 119.304122925, 119.954284668, 120.604438782, 121.254600525, 121.916366577, 122.578140259, 123.228294373, 123.878456116, 124.528617859, 125.178771973, 125.828933716, 126.47908783, 127.129249573, 127.779411316, 128.441177368, 129.10295105, 129.753097534, 130.403259277, 131.053421021, 131.703582764, 132.353744507, 133.003890991, 133.654052734, 134.292602539, 134.931152344, 135.592926025, 136.254684448, 136.904846191, 137.555007935, 138.216781616, 138.878540039, 139.528701782, 140.178863525, 140.829025269, 141.479187012, 142.129333496, 142.779495239, 143.429656982, 144.091430664, 144.753189087, 145.40335083, 146.053512573, 146.703674316, 147.35383606, 148.003982544, 148.654144287, 149.30430603, 149.954467773, 150.604629517, 151.254776001, 151.904937744, 152.566711426, 153.228485107, 153.878631592, 154.528793335, 155.178955078, 155.829116821, 156.479278564, 157.129425049, 157.779586792, 158.418136597, 159.079910278, 159.741668701, 160.403442383, 161.053604126, 161.703765869, 162.353912354, 163.004074097, 163.65423584, 164.304397583, 164.954559326, 165.616317749, 166.266479492, 166.928253174, 167.590026855, 168.228561401, 168.878723145, 169.528884888, 170.179046631, 170.829208374, 171.479354858, 172.117904663, 172.779678345, 173.429840088, 174.080001831, 174.741760254, 175.391921997, 176.053695679, 176.703857422, 177.354003906, 178.004165649, 178.654327393, 179.304489136, 179.954650879, 180.604797363, 181.254959106, 181.90512085, 182.566894531, 183.217056274, 183.878814697, 184.52897644, 185.179138184, 185.829299927, 186.479446411, 187.129608154, 187.779769897, 188.429931641, 189.080093384, 189.741851807, 190.39201355, 191.042175293, 191.692337036, 192.354095459, 193.015869141, 193.538314819, 194.049163818, 194.559997559, 195.047622681, 195.523620605, 196.011245728, 196.452423096, 196.893600464, 197.334777832, 197.845626831, 198.356460571, 198.867294312, 199.285263062, 199.703216553, 200.121170044, 200.539138794, 200.875823975, 201.212509155, 201.549209595, 201.885894775, 202.222579956, 202.559265137, 202.907577515, 203.255874634, 203.604171753, 203.952468872]
    bpm_estimates: [92.28515625, 92.2851486206, 92.2851486206, 92.2851715088, 92.2851715088, 92.2851333618, 92.2852020264, 92.2851333618, 92.2851333618, 92.2852020264, 92.2851333618, 92.2851333618, 92.2851333618, 90.6662216187, 90.6660919189, 92.2851333618, 92.2851333618, 92.2851333618, 90.6660919189, 90.6662216187, 90.6660919189, 92.2851333618, 93.9630508423, 92.2852706909, 92.2849960327, 93.9631958008, 90.6659622192, 92.2852706909, 92.2852706909, 92.2849960327, 92.2852706909, 92.2849960327, 90.6662216187, 92.2852706909, 92.2849960327, 90.6662216187, 92.2849960327, 92.2852706909, 92.2852706909, 92.2849960327, 92.2852706909, 92.2849960327, 92.2852706909, 92.2849960327, 92.2852706909, 90.6662216187, 90.6659622192, 92.2852706909, 90.6659622192, 93.9634780884, 92.2847290039, 92.2852706909, 92.2852706909, 92.2852706909, 90.6659622192, 90.6659622192, 92.2852706909, 92.2852706909, 92.2852706909, 92.2847290039, 92.2852706909, 90.6664810181, 92.2847290039, 93.9634780884, 92.2847290039, 92.2852706909, 92.2852706909, 92.2852706909, 92.2852706909, 90.6659622192, 90.6659622192, 92.2852706909, 92.2852706909, 92.2852706909, 92.2847290039, 92.2852706909, 92.2852706909, 92.2852706909, 92.2852706909, 92.2847290039, 92.2852706909, 90.6659622192, 92.2852706909, 90.6664810181, 92.2847290039, 92.2852706909, 92.2852706909, 92.2852706909, 92.2852706909, 92.2847290039, 92.2852706909, 89.1030044556, 92.2852706909, 92.2852706909, 92.2847290039, 92.2852706909, 92.2852706909, 92.2852706909, 92.2847290039, 92.2858123779, 92.2847290039, 92.2847290039, 92.2858123779, 92.2847290039, 92.2858123779, 90.665435791, 90.6664810181, 92.2847290039, 92.2858123779, 92.2847290039, 92.2858123779, 92.2847290039, 92.2847290039, 92.2858123779, 92.2847290039, 92.2858123779, 92.2847290039, 90.6664810181, 90.665435791, 92.2858123779, 92.2847290039, 92.2847290039, 92.2858123779, 92.2847290039, 92.2858123779, 92.2847290039, 92.2847290039, 90.6664810181, 90.6664810181, 92.2847290039, 92.2847290039, 92.2858123779, 92.2847290039, 92.2858123779, 92.2847290039, 92.2847290039, 92.2858123779, 92.2847290039, 92.2858123779, 92.2847290039, 90.6664810181, 90.665435791, 92.2858123779, 92.2847290039, 92.2858123779, 92.2847290039, 92.2847290039, 92.2858123779, 92.2847290039, 92.2858123779, 92.2847290039, 90.6664810181, 90.665435791, 92.2858123779, 92.2847290039, 92.2847290039, 92.2858123779, 92.2847290039, 92.2858123779, 92.2847290039, 92.2847290039, 90.6664810181, 90.6664810181, 92.2847290039, 92.2858123779, 92.2847290039, 92.2847290039, 92.2858123779, 92.2847290039, 92.2847290039, 92.2858123779, 92.2847290039, 92.2858123779, 90.665435791, 92.2858123779, 90.665435791, 92.2858123779, 92.2847290039, 92.2858123779, 92.2847290039, 92.2847290039, 92.2858123779, 92.2847290039, 92.2858123779, 92.2847290039, 90.6664810181, 90.665435791, 92.2858123779, 92.2847290039, 92.2847290039, 92.2858123779, 92.2847290039, 92.2858123779, 92.2847290039, 92.2847290039, 90.6664810181, 90.665435791, 92.286895752, 92.2847290039, 92.2847290039, 92.2847290039, 92.2847290039, 92.286895752, 92.2847290039, 93.9629135132, 93.9629135132, 90.665435791, 90.6675262451, 92.2847290039, 92.2847290039, 90.665435791, 90.6675262451, 92.2847290039, 92.2847290039, 92.2847290039, 92.2847290039, 92.286895752, 92.2847290039, 92.2847290039, 90.665435791, 90.6675262451, 92.2847290039, 92.2847290039, 92.2847290039, 92.2847290039, 92.286895752, 92.2847290039, 92.2847290039, 92.2847290039, 92.2847290039, 92.286895752, 92.2847290039, 90.665435791, 90.665435791, 92.286895752, 92.2847290039, 92.2847290039, 92.2847290039, 92.2847290039, 92.286895752, 92.2847290039, 93.9629135132, 90.665435791, 90.6675262451, 90.665435791, 92.2847290039, 92.2847290039, 92.286895752, 92.2847290039, 92.2847290039, 92.2847290039, 92.2847290039, 90.6675262451, 92.2847290039, 90.665435791, 90.665435791, 93.9651565552, 92.2847290039, 92.2847290039, 92.2847290039, 92.2847290039, 92.286895752, 93.9629135132, 90.665435791, 92.2847290039, 92.2847290039, 90.6675262451, 92.2847290039, 90.665435791, 92.2847290039, 92.286895752, 92.2847290039, 92.2847290039, 92.2847290039, 92.2847290039, 92.286895752, 92.2847290039, 92.2847290039, 90.665435791, 92.2847290039, 90.6675262451, 92.2847290039, 92.2847290039, 92.2847290039, 92.286895752, 92.2847290039, 92.2847290039, 92.2847290039, 92.2847290039, 90.6675262451, 92.2847290039, 92.2847290039, 92.2847290039, 90.6675262451, 90.665435791]
