
metadata:
    version:
        essentia: "2.1-beta2"
    audio_properties:
        analysis_sample_rate: 44100
        bitrate: 128
        channels: 2
        equal_loudness: 1
        length: 126.850608826
        replay_gain: -9.38512229919
        downmix: "mix"
    tags:
        album: "Hilium"
        artist: "Hypnosis"
        comment: ""
        date: "2013"
        genre: "Métal"
        title: "Intro"
        tracknumber: "01"

configuration:
    average_loudness:
        compute: 1
        frameSize: 88200
        hopSize: 44100
        silentFrames: "noise"
        windowType: "hann"
    general:
        analysisSampleRate: 44100
        endTime: 2000
        equalLoudness: 1
        nequalLoudness: 0
        shortSound: 0
        startTime: 0
    lowlevel:
        compute: 1
        frameSize: 2048
        hopSize: 1024
        zeroPadding: 0
        silentFrames: "noise"
        windowType: "blackmanharris62"
        mfccStats: ["mean", "cov", "icov"]
        stats: ["mean", "var", "median", "min", "max", "dmean", "dmean2", "dvar", "dvar2"]
    panning:
        compute: 0
        frameSize: 8192
        hopSize: 2048
        zeroPadding: 8192
        silentFrames: "noise"
        windowType: "hann"
        stats: ["copy"]
    rhythm:
        compute: 1
        maxTempo: 208
        minTempo: 40
        method: "degara"
        stats: ["mean", "var", "median", "min", "max", "dmean", "dmean2", "dvar", "dvar2"]
    segmentation:
        compute: 0
        cpw: 5
        inc1: 300
        inc2: 50
        minimumSegmentsLength: 10
        size1: 1000
        size2: 600
    sfx:
        compute: 1
        stats: ["mean", "var", "median", "min", "max", "dmean", "dmean2", "dvar", "dvar2"]
    svm:
        compute: 0
    tonal:
        compute: 1
        frameSize: 4096
        hopSize: 2048
        zeroPadding: 0
        silentFrames: "noise"
        windowType: "blackmanharris62"
        stats: ["mean", "var", "median", "min", "max", "dmean", "dmean2", "dvar", "dvar2"]

lowlevel:
    average_loudness: 0.888358354568
    barkbands_kurtosis:
        dmean: 1.30318784714
        dmean2: 2.00206112862
        dvar: 3.53455448151
        dvar2: 8.58222293854
        max: 46.2577857971
        mean: 3.05639815331
        median: 1.31497645378
        min: -1.87959110737
        var: 30.249414444
    barkbands_skewness:
        dmean: 0.287295639515
        dmean2: 0.438691884279
        dvar: 0.0851528719068
        dvar2: 0.199496507645
        max: 5.9128370285
        mean: 1.36401259899
        median: 1.40761303902
        min: -2.28526759148
        var: 1.24323153496
    barkbands_spread:
        dmean: 2.21628499031
        dmean2: 3.35069179535
        dvar: 7.38167619705
        dvar2: 16.0305957794
        max: 44.6436233521
        mean: 16.2305679321
        median: 15.1088962555
        min: 0.854416429996
        var: 87.4495010376
    dissonance:
        dmean: 0.0220665168017
        dmean2: 0.0368156246841
        dvar: 0.000493635365274
        dvar2: 0.00132341263816
        max: 0.499503940344
        mean: 0.437274098396
        median: 0.449228137732
        min: 0.187272712588
        var: 0.00191448756959
    hfc:
        dmean: 0.594012320042
        dmean2: 0.806999564171
        dvar: 1.62681925297
        dvar2: 3.04793953896
        max: 23.4714279175
        mean: 2.92752122879
        median: 2.03143405914
        min: 1.17340824142e-016
        var: 8.30378341675
    pitch:
        dmean: 68.7723388672
        dmean2: 133.415603638
        dvar: 95748.6015625
        dvar2: 253056.34375
        max: 4104.31982422
        mean: 203.090255737
        median: 142.10446167
        min: 58.2235717773
        var: 80808.140625
    pitch_instantaneous_confidence:
        dmean: 0.0492466054857
        dmean2: 0.0778049752116
        dvar: 0.00297244684771
        dvar2: 0.00701737497002
        max: 0.878396391869
        mean: 0.52783536911
        median: 0.529324889183
        min: 0.139014899731
        var: 0.0213980600238
    pitch_salience:
        dmean: 0.0421187914908
        dmean2: 0.0662145093083
        dvar: 0.00165140221361
        dvar2: 0.00426312303171
        max: 0.854656457901
        mean: 0.54716438055
        median: 0.555159687996
        min: 0.169540271163
        var: 0.00933515373617
    silence_rate_20dB:
        dmean: 0
        dmean2: 0
        dvar: 0
        dvar2: 0
        max: 1
        mean: 1
        median: 1
        min: 1
        var: 0
    silence_rate_30dB:
        dmean: 0
        dmean2: 0
        dvar: 0
        dvar2: 0
        max: 1
        mean: 1
        median: 1
        min: 1
        var: 0
    silence_rate_60dB:
        dmean: 0.0556470789015
        dmean2: 0.111314535141
        dvar: 0.0525488294661
        dvar2: 0.111006245017
        max: 1
        mean: 0.486090779305
        median: 0
        min: 0
        var: 0.249815195799
    spectral_centroid:
        dmean: 86.7532806396
        dmean2: 131.267486572
        dvar: 31053.1523438
        dvar2: 45358.796875
        max: 11261.6650391
        mean: 784.912536621
        median: 617.292114258
        min: 159.841552734
        var: 267042.4375
    spectral_complexity:
        dmean: 1.44426143169
        dmean2: 2.34090065956
        dvar: 3.04531550407
        dvar2: 6.08868360519
        max: 29
        mean: 8.80911445618
        median: 8
        min: 0
        var: 20.5438671112
    spectral_crest:
        dmean: 1.50387692451
        dmean2: 2.37037920952
        dvar: 2.09690451622
        dvar2: 5.455473423
        max: 24.748878479
        mean: 9.70728206635
        median: 8.88665390015
        min: 2.39395451546
        var: 16.9901332855
    spectral_decrease:
        dmean: 1.82554860118e-010
        dmean2: 2.70918454337e-010
        dvar: 8.29734403447e-020
        dvar2: 1.73103660274e-019
        max: -6.08991025292e-029
        mean: -9.53024437145e-010
        median: -8.02244493059e-010
        min: -5.59303492409e-009
        var: 4.76479814273e-019
    spectral_energy:
        dmean: 0.000734067114536
        dmean2: 0.00107813207433
        dvar: 1.3664649714e-006
        dvar2: 2.80876633951e-006
        max: 0.0220281481743
        mean: 0.0038624717854
        median: 0.00325854960829
        min: 1.08730056165e-020
        var: 7.68100017012e-006
    spectral_energyband_high:
        dmean: 2.01295915758e-005
        dmean2: 3.05769935949e-005
        dvar: 3.65829411209e-009
        dvar2: 8.08894373705e-009
        max: 0.001694131759
        mean: 4.43104945589e-005
        median: 8.6480868049e-006
        min: 7.56109157387e-021
        var: 1.03060218137e-008
    spectral_energyband_low:
        dmean: 0.000280781008769
        dmean2: 0.000482528819703
        dvar: 3.15522612482e-007
        dvar2: 9.57393012868e-007
        max: 0.00888174958527
        mean: 0.000736513058655
        median: 0.000234638719121
        min: 3.93920059605e-023
        var: 1.3476053482e-006
    spectral_energyband_middle_high:
        dmean: 0.000222741538892
        dmean2: 0.000301724678138
        dvar: 2.29363990911e-007
        dvar2: 4.31407272572e-007
        max: 0.00896643474698
        mean: 0.000939618330449
        median: 0.00056986627169
        min: 1.90094122116e-021
        var: 1.21527568808e-006
    spectral_energyband_middle_low:
        dmean: 0.000505190051626
        dmean2: 0.000743628304917
        dvar: 6.27024576261e-007
        dvar2: 1.23418431031e-006
        max: 0.015848044306
        mean: 0.00239501986653
        median: 0.00198729685508
        min: 2.96394934008e-022
        var: 3.93734444515e-006
    spectral_flatness_db:
        dmean: 0.0198558364064
        dmean2: 0.0333641245961
        dvar: 0.000338728539646
        dvar2: 0.000866758287884
        max: 0.494701594114
        mean: 0.281096488237
        median: 0.272841870785
        min: 0.0761810168624
        var: 0.00382084376179
    spectral_flux:
        dmean: 0.00510817114264
        dmean2: 0.0078890491277
        dvar: 6.22092629783e-005
        dvar2: 0.000128831103211
        max: 0.105450592935
        mean: 0.0191219784319
        median: 0.0158253870904
        min: 1.04273707724e-010
        var: 0.000171944688191
    spectral_kurtosis:
        dmean: 13.3766527176
        dmean2: 23.2939891815
        dvar: 327.887664795
        dvar2: 918.143005371
        max: 225.195770264
        mean: 29.0942993164
        median: 13.3470640182
        min: -1.23952257633
        var: 1427.01965332
    spectral_rms:
        dmean: 0.000168279366335
        dmean2: 0.000244970695348
        dvar: 5.63114035401e-008
        dvar2: 1.10708171519e-007
        max: 0.00463582528755
        mean: 0.00180346344132
        median: 0.00178299541585
        min: 3.25696327547e-012
        var: 5.15777003329e-007
    spectral_rolloff:
        dmean: 205.455764771
        dmean2: 340.214233398
        dvar: 145382.96875
        dvar2: 263484.25
        max: 18733.8867188
        mean: 1421.44836426
        median: 1055.12695313
        min: 150.732421875
        var: 1054488.5
    spectral_skewness:
        dmean: 0.882074296474
        dmean2: 1.5522005558
        dvar: 0.993875265121
        dvar2: 2.8804564476
        max: 11.9942674637
        mean: 2.9783346653
        median: 2.15764474869
        min: -0.0230146516114
        var: 4.81513214111
    spectral_spread:
        dmean: 234609.96875
        dmean2: 395878.9375
        dvar: 283680112640
        dvar2: 318977802240
        max: 41631044
        mean: 1816862.5
        median: 1818523.875
        min: 366572.40625
        var: 696791400448
    spectral_strongpeak:
        dmean: 0.171976134181
        dmean2: 0.298137456179
        dvar: 0.160108223557
        dvar2: 0.436347723007
        max: 5.05587768555
        mean: 0.558650076389
        median: 0.30828589201
        min: 2.54606447037e-009
        var: 0.631008446217
    zerocrossingrate:
        dmean: 0.00435967324302
        dmean2: 0.00529626943171
        dvar: 4.25006401201e-005
        dvar2: 4.05447426601e-005
        max: 0.49462890625
        mean: 0.0481209047139
        median: 0.0419921875
        min: 0.00634765625
        var: 0.000748528749682
    barkbands:
        dmean: [3.28941247574e-008, 3.00818828691e-005, 0.000197716450202, 0.000172593849129, 0.0002135913237, 0.000250621931627, 0.000120802949823, 4.63849428343e-005, 4.88025543746e-005, 4.54041582998e-005, 2.8130651117e-005, 3.52834285877e-005, 2.61901132035e-005, 2.6637204428e-005, 2.32072015933e-005, 5.85920206504e-005, 5.06462929479e-005, 3.96838804591e-005, 2.48140986514e-005, 1.72382679011e-005, 7.03676232661e-006, 3.53838368028e-006, 7.31322700176e-008, 2.61038319849e-008, 2.36196795456e-009, 1.73279030014e-010, 1.59602636662e-010]
        dmean2: [5.55479751085e-008, 5.32170452061e-005, 0.000344011263223, 0.000277947430732, 0.000310644885758, 0.000345802807715, 0.000191052051377, 7.1006215876e-005, 7.43944983697e-005, 6.20714199613e-005, 4.33502245869e-005, 5.03908122482e-005, 4.19037569372e-005, 4.1674284148e-005, 3.45997395925e-005, 8.8153858087e-005, 7.60564871598e-005, 5.40734945389e-005, 3.58071920346e-005, 2.69223164651e-005, 9.3600810942e-006, 5.48714342585e-006, 1.04188785599e-007, 3.90288832364e-008, 3.796379211e-009, 3.22195436997e-010, 2.97640911917e-010]
        dvar: [8.22337871084e-015, 5.38983568887e-009, 1.70783309272e-007, 1.0217917179e-007, 1.15888973085e-007, 2.02920659831e-007, 7.64456302704e-008, 8.70522232077e-009, 5.58763302294e-009, 1.02111208378e-008, 3.40517702924e-009, 1.07314024334e-008, 1.80963155572e-009, 4.12752898526e-009, 2.39882225195e-009, 2.08972856797e-008, 1.37362778929e-008, 8.64867644168e-009, 3.2522025073e-009, 2.71062905455e-009, 4.36307268092e-010, 2.65107102937e-010, 1.14183388764e-013, 1.99763166078e-014, 1.35653954394e-016, 2.25068503448e-019, 5.50990951382e-020]
        dvar2: [2.22758060777e-014, 1.59590189952e-008, 5.58097156045e-007, 2.4749741101e-007, 2.48197949304e-007, 3.9020812892e-007, 1.88142593061e-007, 2.1134729522e-008, 1.28777140063e-008, 1.76693948362e-008, 7.87557397075e-009, 2.13858530884e-008, 4.40131930901e-009, 9.73955760486e-009, 5.24174303962e-009, 4.67348861832e-008, 3.10725667418e-008, 1.75055703266e-008, 6.42530650907e-009, 6.5746430522e-009, 7.890952336e-010, 6.40127562068e-010, 2.42624930563e-013, 4.56547370438e-014, 3.4134744854e-016, 6.71096180458e-019, 1.80291148939e-019]
        max: [2.13698717744e-006, 0.000984891317785, 0.0052294395864, 0.00798819772899, 0.00808264315128, 0.0112023204565, 0.00501617137343, 0.00212362455204, 0.00141322915442, 0.00246308022179, 0.00112696562428, 0.00217092363164, 0.000807683798485, 0.0010550301522, 0.00102983484976, 0.00326956762001, 0.0027170330286, 0.00200436590239, 0.00224383058958, 0.00129357993137, 0.000762639625464, 0.000344806496287, 1.06488778329e-005, 3.89583874494e-006, 2.81461439045e-007, 1.72298335599e-008, 2.50855736184e-009]
        mean: [6.08617511944e-008, 4.98353074363e-005, 0.000438257469796, 0.000415003800299, 0.000715186120942, 0.000767329358496, 0.000259818858467, 9.67263622442e-005, 0.000132103261421, 9.94690053631e-005, 6.85251143295e-005, 8.39568529045e-005, 5.73032375542e-005, 5.75855374336e-005, 7.10454114596e-005, 0.000127884602989, 0.000190288046724, 0.000107245410618, 6.84163605911e-005, 3.20131439366e-005, 1.88727699424e-005, 5.36806510354e-006, 1.38841869557e-007, 3.26152651553e-008, 2.71970668209e-009, 1.39422487444e-010, 1.24659005341e-010]
        median: [5.29762278489e-009, 1.72094769368e-005, 8.7052496383e-005, 0.000180101051228, 0.000493315339554, 0.000329221424181, 0.000122994271806, 3.89128108509e-005, 8.45259055495e-005, 3.42333987646e-005, 3.13468117383e-005, 3.17429730785e-005, 3.52854913217e-005, 1.7995655071e-005, 4.08098785556e-005, 4.93502811878e-005, 5.58242609259e-005, 3.4897664591e-005, 3.02268381347e-005, 7.0604528446e-006, 3.55833503818e-006, 6.3191788513e-007, 5.74988634483e-009, 9.1589802409e-010, 2.05647859852e-010, 4.89204302068e-011, 4.30796509576e-011]
        min: [2.2362176135e-023, 8.17223610207e-024, 7.4143900522e-024, 9.87205859229e-024, 2.60014770585e-023, 5.25069100176e-023, 3.7965818019e-023, 3.27466511612e-023, 7.52169722342e-023, 2.00125012329e-022, 7.63374765748e-023, 4.77739528456e-023, 4.78708344311e-023, 1.19414557902e-022, 2.38770348821e-022, 1.46321505284e-022, 1.69836855646e-022, 2.77303061219e-022, 4.05075278557e-022, 3.65400699465e-022, 4.11401690581e-022, 4.96474217649e-022, 7.27896320827e-022, 8.91023668349e-022, 1.37328894862e-021, 1.45485630794e-021, 2.28656147323e-021]
        var: [2.20817982633e-014, 6.9602013042e-009, 5.11292682859e-007, 4.07708114381e-007, 5.59891077501e-007, 1.47378966631e-006, 1.4627691769e-007, 2.31496848357e-008, 2.32534898004e-008, 3.94432717599e-008, 1.00587920215e-008, 3.07460759075e-008, 4.85276840934e-009, 1.0672948747e-008, 9.43648448271e-009, 5.40638502855e-008, 1.49658816895e-007, 4.24284642975e-008, 1.87621118641e-008, 5.92290172463e-009, 1.95555949212e-009, 3.20202753201e-010, 2.42423187644e-013, 2.25529908334e-014, 1.3511526791e-016, 1.38620387542e-019, 4.45739617824e-020]
    frequency_bands:
        dmean: [3.28941247574e-008, 3.00818828691e-005, 0.000197716450202, 0.000172593849129, 0.0002135913237, 0.000250621931627, 0.000120802949823, 4.63849428343e-005, 4.88025543746e-005, 4.54041582998e-005, 2.8130651117e-005, 3.52834285877e-005, 2.61901132035e-005, 2.6637204428e-005, 2.32072015933e-005, 5.85920206504e-005, 5.06462929479e-005, 3.96838804591e-005, 2.48140986514e-005, 1.72382679011e-005, 7.03676232661e-006, 3.53838368028e-006, 7.31322700176e-008, 2.61038319849e-008, 2.36196795456e-009, 1.73279030014e-010, 1.59602636662e-010, 4.56408522087e-011]
        dmean2: [5.55479751085e-008, 5.32170452061e-005, 0.000344011263223, 0.000277947430732, 0.000310644885758, 0.000345802807715, 0.000191052051377, 7.1006215876e-005, 7.43944983697e-005, 6.20714199613e-005, 4.33502245869e-005, 5.03908122482e-005, 4.19037569372e-005, 4.1674284148e-005, 3.45997395925e-005, 8.8153858087e-005, 7.60564871598e-005, 5.40734945389e-005, 3.58071920346e-005, 2.69223164651e-005, 9.3600810942e-006, 5.48714342585e-006, 1.04188785599e-007, 3.90288832364e-008, 3.796379211e-009, 3.22195436997e-010, 2.97640911917e-010, 8.5121909521e-011]
        dvar: [8.22337871084e-015, 5.38983568887e-009, 1.70783309272e-007, 1.0217917179e-007, 1.15888973085e-007, 2.02920659831e-007, 7.64456302704e-008, 8.70522232077e-009, 5.58763302294e-009, 1.02111208378e-008, 3.40517702924e-009, 1.07314024334e-008, 1.80963155572e-009, 4.12752898526e-009, 2.39882225195e-009, 2.08972856797e-008, 1.37362778929e-008, 8.64867644168e-009, 3.2522025073e-009, 2.71062905455e-009, 4.36307268092e-010, 2.65107102937e-010, 1.14183388764e-013, 1.99763166078e-014, 1.35653954394e-016, 2.25068503448e-019, 5.50990951382e-020, 4.50947810301e-021]
        dvar2: [2.22758060777e-014, 1.59590189952e-008, 5.58097156045e-007, 2.4749741101e-007, 2.48197949304e-007, 3.9020812892e-007, 1.88142593061e-007, 2.1134729522e-008, 1.28777140063e-008, 1.76693948362e-008, 7.87557397075e-009, 2.13858530884e-008, 4.40131930901e-009, 9.73955760486e-009, 5.24174303962e-009, 4.67348861832e-008, 3.10725667418e-008, 1.75055703266e-008, 6.42530650907e-009, 6.5746430522e-009, 7.890952336e-010, 6.40127562068e-010, 2.42624930563e-013, 4.56547370438e-014, 3.4134744854e-016, 6.71096180458e-019, 1.80291148939e-019, 1.47575532096e-020]
        max: [2.13698717744e-006, 0.000984891317785, 0.0052294395864, 0.00798819772899, 0.00808264315128, 0.0112023204565, 0.00501617137343, 0.00212362455204, 0.00141322915442, 0.00246308022179, 0.00112696562428, 0.00217092363164, 0.000807683798485, 0.0010550301522, 0.00102983484976, 0.00326956762001, 0.0027170330286, 0.00200436590239, 0.00224383058958, 0.00129357993137, 0.000762639625464, 0.000344806496287, 1.06488778329e-005, 3.89583874494e-006, 2.81461439045e-007, 1.72298335599e-008, 2.50855736184e-009, 7.18150816592e-010]
        mean: [6.08617511944e-008, 4.98353074363e-005, 0.000438257469796, 0.000415003800299, 0.000715186120942, 0.000767329358496, 0.000259818858467, 9.67263622442e-005, 0.000132103261421, 9.94690053631e-005, 6.85251143295e-005, 8.39568529045e-005, 5.73032375542e-005, 5.75855374336e-005, 7.10454114596e-005, 0.000127884602989, 0.000190288046724, 0.000107245410618, 6.84163605911e-005, 3.20131439366e-005, 1.88727699424e-005, 5.36806510354e-006, 1.38841869557e-007, 3.26152651553e-008, 2.71970668209e-009, 1.39422487444e-010, 1.24659005341e-010, 3.56080200048e-011]
        median: [5.29762278489e-009, 1.72094769368e-005, 8.7052496383e-005, 0.000180101051228, 0.000493315339554, 0.000329221424181, 0.000122994271806, 3.89128108509e-005, 8.45259055495e-005, 3.42333987646e-005, 3.13468117383e-005, 3.17429730785e-005, 3.52854913217e-005, 1.7995655071e-005, 4.08098785556e-005, 4.93502811878e-005, 5.58242609259e-005, 3.4897664591e-005, 3.02268381347e-005, 7.0604528446e-006, 3.55833503818e-006, 6.3191788513e-007, 5.74988634483e-009, 9.1589802409e-010, 2.05647859852e-010, 4.89204302068e-011, 4.30796509576e-011, 1.23312419303e-011]
        min: [2.2362176135e-023, 8.17223610207e-024, 7.4143900522e-024, 9.87205859229e-024, 2.60014770585e-023, 5.25069100176e-023, 3.7965818019e-023, 3.27466511612e-023, 7.52169722342e-023, 2.00125012329e-022, 7.63374765748e-023, 4.77739528456e-023, 4.78708344311e-023, 1.19414557902e-022, 2.38770348821e-022, 1.46321505284e-022, 1.69836855646e-022, 2.77303061219e-022, 4.05075278557e-022, 3.65400699465e-022, 4.11401690581e-022, 4.96474217649e-022, 7.27896320827e-022, 8.91023668349e-022, 1.37328894862e-021, 1.45485630794e-021, 2.28656147323e-021, 8.65016552513e-022]
        var: [2.20817982633e-014, 6.9602013042e-009, 5.11292682859e-007, 4.07708114381e-007, 5.59891077501e-007, 1.47378966631e-006, 1.4627691769e-007, 2.31496848357e-008, 2.32534898004e-008, 3.94432717599e-008, 1.00587920215e-008, 3.07460759075e-008, 4.85276840934e-009, 1.0672948747e-008, 9.43648448271e-009, 5.40638502855e-008, 1.49658816895e-007, 4.24284642975e-008, 1.87621118641e-008, 5.92290172463e-009, 1.95555949212e-009, 3.20202753201e-010, 2.42423187644e-013, 2.25529908334e-014, 1.3511526791e-016, 1.38620387542e-019, 4.45739617824e-020, 3.64658897583e-021]
    mfcc:
        mean: [-800.911499023, 179.562789917, -46.6466026306, 33.5752296448, -1.40963578224, -18.8559989929, -6.94780445099, -9.76530647278, -6.26492881775, -18.401216507, -11.134718895, -7.40348243713, -6.76014328003]
        cov: [[5449.57910156, 164.400161743, -2327.19262695, 1332.92419434, -411.743682861, 91.4891281128, -95.3824615479, -318.977600098, 339.234893799, -71.8675079346, 9.81167602539, -10.8753852844, 167.853057861], [164.400161743, 1235.83093262, 511.579589844, -217.22416687, 535.700317383, -10.7887811661, 153.405410767, 273.856048584, -30.958814621, 116.08215332, 130.137420654, 107.310638428, -16.062040329], [-2327.19262695, 511.579589844, 1586.78308105, -628.955749512, 336.595153809, 129.854171753, 107.009963989, 268.821838379, -148.591049194, 67.5939712524, 52.118347168, 25.9347019196, -63.5476455688], [1332.92419434, -217.22416687, -628.955749512, 592.888000488, -120.945358276, 34.7051887512, 23.7912540436, -115.792442322, 107.683631897, -11.1078300476, -14.1944942474, -19.8427906036, 52.7150268555], [-411.743682861, 535.700317383, 336.595153809, -120.945358276, 527.125366211, -39.4442329407, 134.023162842, 277.284912109, -55.0690498352, 103.005432129, 118.524864197, 118.8489151, -20.4546031952], [91.4891281128, -10.7887811661, 129.854171753, 34.7051887512, -39.4442329407, 230.666275024, 22.353105545, -34.7257347107, 41.366153717, -4.15932846069, 4.46190595627, -14.1541051865, 4.38656902313], [-95.3824615479, 153.405410767, 107.009963989, 23.7912540436, 134.023162842, 22.353105545, 161.145050049, 96.3380813599, 1.49916648865, 88.6924819946, 32.3039321899, 33.0329360962, -7.24717617035], [-318.977600098, 273.856048584, 268.821838379, -115.792442322, 277.284912109, -34.7257347107, 96.3380813599, 337.65447998, -8.32819461823, 43.6101264954, 117.449432373, 96.5250015259, -14.8660202026], [339.234893799, -30.958814621, -148.591049194, 107.683631897, -55.0690498352, 41.366153717, 1.49916648865, -8.32819461823, 115.410453796, 19.5328350067, 1.06052434444, 14.2226953506, 1.98893511295], [-71.8675079346, 116.08215332, 67.5939712524, -11.1078300476, 103.005432129, -4.15932846069, 88.6924819946, 43.6101264954, 19.5328350067, 153.310699463, 39.2739257813, 34.0211830139, 20.2610588074], [9.81167602539, 130.137420654, 52.118347168, -14.1944942474, 118.524864197, 4.46190595627, 32.3039321899, 117.449432373, 1.06052434444, 39.2739257813, 115.099617004, 73.9496994019, -7.68969106674], [-10.8753852844, 107.310638428, 25.9347019196, -19.8427906036, 118.8489151, -14.1541051865, 33.0329360962, 96.5250015259, 14.2226953506, 34.0211830139, 73.9496994019, 124.590560913, 15.0982589722], [167.853057861, -16.062040329, -63.5476455688, 52.7150268555, -20.4546031952, 4.38656902313, -7.24717617035, -14.8660202026, 1.98893511295, 20.2610588074, -7.68969106674, 15.0982589722, 97.9314041138]]
        icov: [[0.0186121482402, -0.0265597142279, 0.0263948980719, -0.0267553366721, 0.0262820925564, -0.0259769037366, 0.0262957010418, -0.0220343451947, 0.0209963843226, -0.0170953609049, 0.0151914069429, -0.0107086682692, 0.00648094015196], [-0.0265597142279, 0.039604999125, -0.0379136800766, 0.0387845039368, -0.0394847691059, 0.0375741496682, -0.0386462695897, 0.0324713923037, -0.0317118689418, 0.0254834163934, -0.0232648067176, 0.0163804925978, -0.0103018237278], [0.0263948980719, -0.0379136800766, 0.039138674736, -0.0366603583097, 0.0372549109161, -0.0384980924428, 0.037313438952, -0.0323855131865, 0.0313160642982, -0.0250039864331, 0.0226825494319, -0.0151232210919, 0.00967255607247], [-0.0267553366721, 0.0387845039368, -0.0366603583097, 0.0429495535791, -0.0392638444901, 0.0373434722424, -0.0414740107954, 0.033698681742, -0.033789306879, 0.0274737179279, -0.0247955080122, 0.0178686231375, -0.0122154895216], [0.0262820925564, -0.0394847691059, 0.0372549109161, -0.0392638444901, 0.0442320853472, -0.0374548882246, 0.0384288914502, -0.0353596508503, 0.0348956845701, -0.0279640816152, 0.0242148656398, -0.0191360022873, 0.0121076023206], [-0.0259769037366, 0.0375741496682, -0.0384980924428, 0.0373434722424, -0.0374548882246, 0.0437249802053, -0.0404405370355, 0.034410495311, -0.0349459573627, 0.0278818402439, -0.026371575892, 0.0175461154431, -0.0117815192789], [0.0262957010418, -0.0386462695897, 0.037313438952, -0.0414740107954, 0.0384288914502, -0.0404405370355, 0.0535974949598, -0.0374821275473, 0.0362750664353, -0.0350661687553, 0.0295940749347, -0.0191682465374, 0.015040137805], [-0.0220343451947, 0.0324713923037, -0.0323855131865, 0.033698681742, -0.0353596508503, 0.034410495311, -0.0374821275473, 0.036856610328, -0.031701233238, 0.0269285663962, -0.0274759978056, 0.0152194267139, -0.0115991318598], [0.0209963843226, -0.0317118689418, 0.0313160642982, -0.033789306879, 0.0348956845701, -0.0349459573627, 0.0362750664353, -0.031701233238, 0.0434439145029, -0.0285290386528, 0.0260542184114, -0.0194115769118, 0.0141052184626], [-0.0170953609049, 0.0254834163934, -0.0250039864331, 0.0274737179279, -0.0279640816152, 0.0278818402439, -0.0350661687553, 0.0269285663962, -0.0285290386528, 0.0326507166028, -0.0235683936626, 0.0143667981029, -0.0133711034432], [0.0151914069429, -0.0232648067176, 0.0226825494319, -0.0247955080122, 0.0242148656398, -0.026371575892, 0.0295940749347, -0.0274759978056, 0.0260542184114, -0.0235683936626, 0.0381825901568, -0.0207394212484, 0.0130127510056], [-0.0107086682692, 0.0163804925978, -0.0151232210919, 0.0178686231375, -0.0191360022873, 0.0175461154431, -0.0191682465374, 0.0152194267139, -0.0194115769118, 0.0143667981029, -0.0207394212484, 0.0243592783809, -0.0102438414469], [0.00648094015196, -0.0103018237278, 0.00967255607247, -0.0122154895216, 0.0121076023206, -0.0117815192789, 0.015040137805, -0.0115991318598, 0.0141052184626, -0.0133711034432, 0.0130127510056, -0.0102438414469, 0.0177551116794]]
    sccoeffs:
        dmean: [0.0421581380069, 0.0392172150314, 0.0319518633187, 0.0258490704, 0.0217970497906, 0.032662242651]
        dmean2: [0.0707171559334, 0.0639132484794, 0.0510969087481, 0.0422884598374, 0.0348228849471, 0.0554211102426]
        dvar: [0.00126383034512, 0.00108560663648, 0.000751885934733, 0.000508975645062, 0.000423929799581, 0.000881922955159]
        dvar2: [0.00347949913703, 0.00287141720764, 0.00187844852917, 0.00127242587041, 0.00102283642627, 0.00238868501037]
        max: [-0.27613645792, -0.383317232132, -0.480949580669, -0.514636039734, -0.463006705046, -0.501216948032]
        mean: [-0.570961117744, -0.683178067207, -0.727453351021, -0.718993365765, -0.693040549755, -0.695280969143]
        median: [-0.578053355217, -0.695238828659, -0.732511043549, -0.718474328518, -0.689565956593, -0.655106186867]
        min: [-0.965328216553, -0.962178826332, -0.956101953983, -0.961583554745, -0.962342739105, -0.958300769329]
        var: [0.00658899452537, 0.00721205305308, 0.00394936511293, 0.00320495618507, 0.00525167351589, 0.0141492374241]
    scvalleys:
        dmean: [0.374762624502, 0.307852804661, 0.271367907524, 0.261377096176, 0.29562163353, 0.536036610603]
        dmean2: [0.61687040329, 0.504415154457, 0.443670213223, 0.410881966352, 0.432939112186, 0.919955730438]
        dvar: [0.164711102843, 0.121171534061, 0.105655707419, 0.116001367569, 0.1692828089, 0.276999026537]
        dvar2: [0.312863498926, 0.207982957363, 0.171342149377, 0.177163809538, 0.272627383471, 0.718748569489]
        max: [-5.03652095795, -4.73835515976, -5.82011032104, -6.04641056061, -6.6673951149, -9.71558570862]
        mean: [-7.48235988617, -6.82785844803, -7.64568710327, -8.4346113205, -9.46446800232, -13.8089580536]
        median: [-7.24351215363, -6.71520900726, -7.54155635834, -8.34554958344, -9.30292129517, -13.8385725021]
        min: [-27.120388031, -27.2762947083, -27.2348670959, -27.2484817505, -27.0796413422, -27.3273410797]
        var: [1.6732352972, 0.774236381054, 0.793651044369, 1.25871860981, 1.43619334698, 0.810149729252]

rhythm:
    beats_loudness:
        dmean: 0.00261185551062
        dmean2: 0.0045024738647
        dvar: 4.7977396207e-006
        dvar2: 1.47540522448e-005
        max: 0.0190134681761
        mean: 0.00655490951613
        median: 0.00638644769788
        min: 1.52748611981e-006
        var: 1.20629993035e-005
    bpm: 87.0253982544
    bpm_confidence: 0
    first_peak_bpm: 86
    first_peak_spread: 0.494444489479
    first_peak_weight: 0.5
    onset_rate: 1.97870576382
    second_peak_bpm: 91
    second_peak_spread: 0
    second_peak_weight: 0.0109890112653
    beats_loudness_band_ratio:
        dmean: [0.154207065701, 0.137421920896, 0.0799727886915, 0.0614359676838, 0.0754555612803, 0.0306203309447]
        dmean2: [0.274201273918, 0.224708303809, 0.138543903828, 0.101289413869, 0.128978610039, 0.0553680285811]
        dvar: [0.0240265596658, 0.0151100605726, 0.00668307254091, 0.00317366560921, 0.00755284773186, 0.00228844187222]
        dvar2: [0.062348857522, 0.0322237685323, 0.0169904287905, 0.00863814912736, 0.019846085459, 0.00625360617414]
        max: [0.853656291962, 0.942294478416, 0.619175970554, 0.432363986969, 0.715958714485, 0.327792048454]
        mean: [0.227313533425, 0.354386806488, 0.124961800873, 0.112876556814, 0.167202815413, 0.044721186161]
        median: [0.160044908524, 0.302058309317, 0.107884310186, 0.0772058665752, 0.124537542462, 0.026424208656]
        min: [0.00391949573532, 0.0314596816897, 0.0127651784569, 0.00713272998109, 0.000592803582549, 6.84743790771e-005]
        var: [0.0462245419621, 0.0513404160738, 0.00835158210248, 0.00831082556397, 0.0232609324157, 0.003023740137]
    beats_position: [0.696598649025, 1.39319729805, 2.08979582787, 2.7863945961, 3.48299312592, 4.1679816246, 4.85297060013, 5.52634906769, 6.23455762863, 6.91954612732, 7.60453510284, 8.31274318695, 9.0093421936, 9.682721138, 10.379319191, 11.0759181976, 11.7609071732, 12.445895195, 13.1308841705, 13.8158731461, 14.512471199, 15.1974601746, 15.8824491501, 16.5790481567, 17.2756462097, 17.9722442627, 18.6456241608, 19.3190021515, 20.0156002045, 20.7238082886, 21.4087982178, 22.1053962708, 22.7903842926, 23.4753742218, 24.1603622437, 24.8453502655, 25.5187301636, 26.2153282166, 26.9119262695, 27.5969161987, 28.3051242828, 29.0017223358, 29.686712265, 30.3717002869, 31.0682983398, 31.7648983002, 32.449886322, 33.1348762512, 33.8314743042, 34.5280723572, 35.2246704102, 35.9096603394, 36.5830383301, 37.2680282593, 37.9646263123, 38.638004303, 39.334602356, 40.0312004089, 40.7277984619, 41.4011802673, 42.0977783203, 42.7943763733, 43.4909744263, 44.164352417, 44.8493423462, 45.5343284607, 46.2309303284, 46.9159164429, 47.6009063721, 48.297504425, 48.994102478, 49.6674804688, 50.3640823364, 51.0606803894, 51.7572784424, 52.4538764954, 53.1504745483, 53.8238525391, 54.5204544067, 55.1938323975, 55.878818512, 56.5754165649, 57.2720184326, 57.9686164856, 58.6536026001, 59.3269844055, 60.0235824585, 60.6969604492, 61.3935585022, 62.0901565552, 62.7867546082, 63.4833564758, 64.1799545288, 64.8765487671, 65.5731506348, 66.2465286255, 66.9315185547, 67.6165084839, 68.3014984131, 68.9864807129, 69.6714706421, 70.3564605713, 71.0414505005, 71.7496566772, 72.4346466064, 73.1196365356, 73.8162307739, 74.5128326416, 75.2094345093, 75.9060287476, 76.5794067383, 77.276008606, 77.9609985352, 78.6459884644, 79.3309707642, 80.0159606934, 80.677734375, 81.3395004272, 82.0360946655, 82.7326965332, 83.44090271, 84.1375045776, 84.8341064453, 85.5307006836, 86.2156906128, 86.9122848511, 87.6088867188, 88.3054885864, 89.0020828247, 89.6986846924, 90.3836746216, 91.0686569214, 91.7420425415, 92.4270248413, 93.1120147705, 93.8086166382, 94.4936065674, 95.1785888672, 95.8751907349, 96.5717926025, 97.2567749023, 97.9417648315, 98.6499786377, 99.3349609375, 100.008346558, 100.681724548, 101.366706848, 102.051696777, 102.748298645, 103.444892883, 104.141494751, 104.838096619, 105.534690857, 106.231292725, 106.927886963, 107.612876892, 108.297866821, 108.98285675, 109.66784668, 110.352828979, 111.037818909, 111.734420776, 112.431015015, 113.127616882, 113.812606812, 114.497596741, 115.194190979, 115.890792847, 116.587387085, 117.283988953, 117.98059082, 118.66557312, 119.350563049, 120.047164917, 120.755371094, 121.451972961, 122.136962891, 122.810340881, 123.483718872, 124.157096863, 124.830474854, 125.515464783, 126.200454712]
    bpm_estimates: [86.1328125, 86.1328277588, 86.1327972412, 86.1328277588, 87.5927124023, 87.5926513672, 89.102935791, 84.7208023071, 87.5927124023, 87.5926513672, 84.7208633423, 86.1327667236, 89.1028747559, 86.1328887939, 86.1327667236, 87.5926513672, 87.5927734375, 87.5926513672, 87.5926513672, 86.1328887939, 87.5926513672, 87.5926513672, 86.1327667236, 86.1328887939, 86.1328887939, 89.1027526855, 89.1030044556, 86.1328887939, 84.7208633423, 87.5925292969, 86.1328887939, 87.5927734375, 87.5925292969, 87.5927734375, 87.5927734375, 89.1027526855, 86.1328887939, 86.1328887939, 87.5925292969, 84.7208633423, 86.1328887939, 87.5925292969, 87.5927734375, 86.1328887939, 86.1326522827, 87.5927734375, 87.5925292969, 86.1328887939, 86.1328887939, 86.1328887939, 87.5925292969, 89.1030044556, 87.5925292969, 86.1328887939, 89.1030044556, 86.1328887939, 86.1328887939, 86.1328887939, 89.1024932861, 86.1328887939, 86.1328887939, 86.1328887939, 89.1030044556, 87.5925292969, 87.5930175781, 86.1324157715, 87.5930175781, 87.5925292969, 86.1328887939, 86.1328887939, 89.1030044556, 86.1324157715, 86.1328887939, 86.1328887939, 86.1328887939, 86.1328887939, 89.1030044556, 86.1324157715, 89.1030044556, 87.5930175781, 86.1328887939, 86.1324157715, 86.1328887939, 87.5930175781, 89.1024932861, 86.1328887939, 89.1030044556, 86.1328887939, 86.1328887939, 86.1328887939, 86.1324157715, 86.1328887939, 86.133354187, 86.1324157715, 89.1030044556, 87.5925292969, 87.5925292969, 87.5925292969, 87.5935058594, 87.5925292969, 87.5925292969, 87.5925292969, 84.7210922241, 87.5925292969, 87.5925292969, 86.133354187, 86.1324157715, 86.1324157715, 86.133354187, 89.1030044556, 86.1324157715, 87.5925292969, 87.5925292969, 87.5935058594, 87.5925292969, 90.665435791, 90.6664810181, 86.133354187, 86.1324157715, 84.7210922241, 86.1324157715, 86.1324157715, 86.133354187, 87.5925292969, 86.133354187, 86.1324157715, 86.1324157715, 86.133354187, 86.1324157715, 87.5925292969, 87.5935058594, 89.1019897461, 87.5935058594, 87.5925292969, 86.1324157715, 87.5925292969, 87.5935058594, 86.1324157715, 86.1324157715, 87.5935058594, 87.5925292969, 84.7201766968, 87.5935058594, 89.1019897461, 89.1030044556, 87.5935058594, 87.5925292969, 86.1324157715, 86.133354187, 86.1324157715, 86.1324157715, 86.133354187, 86.1324157715, 86.133354187, 87.5925292969, 87.5925292969, 87.5925292969, 87.5925292969, 87.5935058594, 87.5925292969, 86.1324157715, 86.133354187, 86.1324157715, 87.5925292969, 87.5925292969, 86.133354187, 86.1324157715, 86.133354187, 86.1324157715, 86.1324157715, 87.5935058594, 87.5925292969, 86.1324157715, 84.7210922241, 86.1324157715, 87.5925292969, 89.1030044556, 89.1030044556, 89.1030044556, 89.1030044556, 87.5925292969, 87.5925292969]
    bpm_intervals: [0.696598649025, 0.696598529816, 0.696598768234, 0.696598529816, 0.684988498688, 0.684988975525, 0.67337846756, 0.708208560944, 0.684988498688, 0.684988975525, 0.708208084106, 0.696599006653, 0.673378944397, 0.696598052979, 0.696599006653, 0.684988975525, 0.684988021851, 0.684988975525, 0.684988975525, 0.696598052979, 0.684988975525, 0.684988975525, 0.696599006653, 0.696598052979, 0.696598052979, 0.673379898071, 0.673377990723, 0.696598052979, 0.708208084106, 0.684989929199, 0.696598052979, 0.684988021851, 0.684989929199, 0.684988021851, 0.684988021851, 0.673379898071, 0.696598052979, 0.696598052979, 0.684989929199, 0.708208084106, 0.696598052979, 0.684989929199, 0.684988021851, 0.696598052979, 0.696599960327, 0.684988021851, 0.684989929199, 0.696598052979, 0.696598052979, 0.696598052979, 0.684989929199, 0.673377990723, 0.684989929199, 0.696598052979, 0.673377990723, 0.696598052979, 0.696598052979, 0.696598052979, 0.67338180542, 0.696598052979, 0.696598052979, 0.696598052979, 0.673377990723, 0.684989929199, 0.684986114502, 0.696601867676, 0.684986114502, 0.684989929199, 0.696598052979, 0.696598052979, 0.673377990723, 0.696601867676, 0.696598052979, 0.696598052979, 0.696598052979, 0.696598052979, 0.673377990723, 0.696601867676, 0.673377990723, 0.684986114502, 0.696598052979, 0.696601867676, 0.696598052979, 0.684986114502, 0.67338180542, 0.696598052979, 0.673377990723, 0.696598052979, 0.696598052979, 0.696598052979, 0.696601867676, 0.696598052979, 0.696594238281, 0.696601867676, 0.673377990723, 0.684989929199, 0.684989929199, 0.684989929199, 0.684982299805, 0.684989929199, 0.684989929199, 0.684989929199, 0.708206176758, 0.684989929199, 0.684989929199, 0.696594238281, 0.696601867676, 0.696601867676, 0.696594238281, 0.673377990723, 0.696601867676, 0.684989929199, 0.684989929199, 0.684982299805, 0.684989929199, 0.661773681641, 0.661766052246, 0.696594238281, 0.696601867676, 0.708206176758, 0.696601867676, 0.696601867676, 0.696594238281, 0.684989929199, 0.696594238281, 0.696601867676, 0.696601867676, 0.696594238281, 0.696601867676, 0.684989929199, 0.684982299805, 0.673385620117, 0.684982299805, 0.684989929199, 0.696601867676, 0.684989929199, 0.684982299805, 0.696601867676, 0.696601867676, 0.684982299805, 0.684989929199, 0.708213806152, 0.684982299805, 0.673385620117, 0.673377990723, 0.684982299805, 0.684989929199, 0.696601867676, 0.696594238281, 0.696601867676, 0.696601867676, 0.696594238281, 0.696601867676, 0.696594238281, 0.684989929199, 0.684989929199, 0.684989929199, 0.684989929199, 0.684982299805, 0.684989929199, 0.696601867676, 0.696594238281, 0.696601867676, 0.684989929199, 0.684989929199, 0.696594238281, 0.696601867676, 0.696594238281, 0.696601867676, 0.696601867676, 0.684982299805, 0.684989929199, 0.696601867676, 0.708206176758, 0.696601867676, 0.684989929199, 0.673377990723, 0.673377990723, 0.673377990723, 0.673377990723, 0.684989929199, 0.684989929199]
