
metadata:
    version:
        essentia: "2.1-beta2"
    audio_properties:
        analysis_sample_rate: 44100
        bitrate: 128
        channels: 2
        equal_loudness: 1
        length: 244.297149658
        replay_gain: -9.72144508362
        downmix: "mix"
    tags:
        album: "Hilium"
        artist: "Hypnosis"
        comment: ""
        date: "2013"
        genre: "Métal"
        title: "Mind Stability"
        tracknumber: "03"

configuration:
    average_loudness:
        compute: 1
        frameSize: 88200
        hopSize: 44100
        silentFrames: "noise"
        windowType: "hann"
    general:
        analysisSampleRate: 44100
        endTime: 2000
        equalLoudness: 1
        nequalLoudness: 0
        shortSound: 0
        startTime: 0
    lowlevel:
        compute: 1
        frameSize: 2048
        hopSize: 1024
        zeroPadding: 0
        silentFrames: "noise"
        windowType: "blackmanharris62"
        mfccStats: ["mean", "cov", "icov"]
        stats: ["mean", "var", "median", "min", "max", "dmean", "dmean2", "dvar", "dvar2"]
    panning:
        compute: 0
        frameSize: 8192
        hopSize: 2048
        zeroPadding: 8192
        silentFrames: "noise"
        windowType: "hann"
        stats: ["copy"]
    rhythm:
        compute: 1
        maxTempo: 208
        minTempo: 40
        method: "degara"
        stats: ["mean", "var", "median", "min", "max", "dmean", "dmean2", "dvar", "dvar2"]
    segmentation:
        compute: 0
        cpw: 5
        inc1: 300
        inc2: 50
        minimumSegmentsLength: 10
        size1: 1000
        size2: 600
    sfx:
        compute: 1
        stats: ["mean", "var", "median", "min", "max", "dmean", "dmean2", "dvar", "dvar2"]
    svm:
        compute: 0
    tonal:
        compute: 1
        frameSize: 4096
        hopSize: 2048
        zeroPadding: 0
        silentFrames: "noise"
        windowType: "blackmanharris62"
        stats: ["mean", "var", "median", "min", "max", "dmean", "dmean2", "dvar", "dvar2"]

lowlevel:
    average_loudness: 0.8619145751
    barkbands_kurtosis:
        dmean: 3.4766535759
        dmean2: 5.71231508255
        dvar: 284.648071289
        dvar2: 826.98638916
        max: 515.961791992
        mean: 4.91860342026
        median: -0.976939797401
        min: -1.9261046648
        var: 707.316345215
    barkbands_skewness:
        dmean: 0.533262133598
        dmean2: 0.839420557022
        dvar: 0.578092813492
        dvar2: 1.56275236607
        max: 19.9494953156
        mean: 0.773137271404
        median: 0.312962651253
        min: -3.72686553001
        var: 3.8662712574
    barkbands_spread:
        dmean: 5.88175725937
        dmean2: 9.42377281189
        dvar: 37.7960014343
        dvar2: 88.8092498779
        max: 78.8963851929
        mean: 31.5437393188
        median: 34.0097427368
        min: 0.236162215471
        var: 186.68397522
    dissonance:
        dmean: 0.0126078659669
        dmean2: 0.0211252104491
        dvar: 0.000220731686568
        dvar2: 0.000577551370952
        max: 0.500000059605
        mean: 0.476617872715
        median: 0.483428418636
        min: 0.238918766379
        var: 0.00054446113063
    hfc:
        dmean: 2.07509469986
        dmean2: 3.35697364807
        dvar: 16.0328559875
        dvar2: 41.520942688
        max: 57.6263427734
        mean: 5.7891960144
        median: 4.7643327713
        min: 1.09749006802e-016
        var: 28.6296062469
    pitch:
        dmean: 854.602111816
        dmean2: 1629.9498291
        dvar: 1694029.25
        dvar2: 4295823.5
        max: 5154.76660156
        mean: 1112.46179199
        median: 313.057495117
        min: 43.0243911743
        var: 2092336.625
    pitch_instantaneous_confidence:
        dmean: 0.0792744010687
        dmean2: 0.128992542624
        dvar: 0.00522747077048
        dvar2: 0.0125423865393
        max: 0.948667764664
        mean: 0.337940871716
        median: 0.293155372143
        min: 0.0681243538857
        var: 0.0211645103991
    pitch_salience:
        dmean: 0.0633591338992
        dmean2: 0.104778625071
        dvar: 0.00332288816571
        dvar2: 0.00871965102851
        max: 0.923598408699
        mean: 0.638309001923
        median: 0.66296684742
        min: 0.0592544935644
        var: 0.0146255316213
    silence_rate_20dB:
        dmean: 0
        dmean2: 0
        dvar: 0
        dvar2: 0
        max: 1
        mean: 1
        median: 1
        min: 1
        var: 0
    silence_rate_30dB:
        dmean: 0
        dmean2: 0
        dvar: 0
        dvar2: 0
        max: 1
        mean: 1
        median: 1
        min: 1
        var: 0
    silence_rate_60dB:
        dmean: 0.121471345425
        dmean2: 0.242965772748
        dvar: 0.106724828482
        dvar2: 0.215317457914
        max: 1
        mean: 0.421973019838
        median: 0
        min: 0
        var: 0.243916809559
    spectral_centroid:
        dmean: 260.418884277
        dmean2: 411.314453125
        dvar: 90645.6953125
        dvar2: 194313.1875
        max: 11606.7646484
        mean: 1453.65258789
        median: 1375.6550293
        min: 79.3395385742
        var: 1368080.375
    spectral_complexity:
        dmean: 3.52780151367
        dmean2: 5.49315595627
        dvar: 21.7956695557
        dvar2: 50.0868759155
        max: 52
        mean: 12.5076026917
        median: 11
        min: 0
        var: 88.0159759521
    spectral_crest:
        dmean: 2.21483016014
        dmean2: 3.62071466446
        dvar: 4.43012142181
        dvar2: 11.2268457413
        max: 25.7221736908
        mean: 7.85487174988
        median: 6.65289020538
        min: 2.18760538101
        var: 17.6772232056
    spectral_decrease:
        dmean: 3.30052901676e-010
        dmean2: 5.37157041069e-010
        dvar: 3.08431713882e-019
        dvar2: 7.95057828946e-019
        max: 1.84698631671e-028
        mean: -9.47181333366e-010
        median: -8.0658135726e-010
        min: -1.07303668173e-008
        var: 5.56484206131e-019
    spectral_energy:
        dmean: 0.00140131195076
        dmean2: 0.00227663945407
        dvar: 5.66033077121e-006
        dvar2: 1.4649739569e-005
        max: 0.0421409979463
        mean: 0.00409997208044
        median: 0.00348580884747
        min: 1.01896381082e-020
        var: 1.02524290924e-005
    spectral_energyband_high:
        dmean: 0.000143269149703
        dmean2: 0.000242848152993
        dvar: 9.95276963067e-008
        dvar2: 2.72173281246e-007
        max: 0.0032441758085
        mean: 0.000275167723885
        median: 0.000197874862351
        min: 7.1186573827e-021
        var: 1.11795323221e-007
    spectral_energyband_low:
        dmean: 0.000422601035098
        dmean2: 0.000728956132662
        dvar: 6.84088547587e-007
        dvar2: 1.90944138012e-006
        max: 0.0106396293268
        mean: 0.000677615171298
        median: 0.00047780899331
        min: 1.06640631082e-023
        var: 6.67030690238e-007
    spectral_energyband_middle_high:
        dmean: 0.000570491072722
        dmean2: 0.000905094027985
        dvar: 8.90410319698e-007
        dvar2: 2.22123094318e-006
        max: 0.0174533613026
        mean: 0.00160997989587
        median: 0.00127136544324
        min: 1.12888524941e-021
        var: 2.49587469625e-006
    spectral_energyband_middle_low:
        dmean: 0.00078054604819
        dmean2: 0.00128266145475
        dvar: 2.2542624265e-006
        dvar2: 5.63521371078e-006
        max: 0.0385941751301
        mean: 0.00166293478105
        median: 0.00128552084789
        min: 1.52462528685e-022
        var: 3.55392194251e-006
    spectral_flatness_db:
        dmean: 0.0187513716519
        dmean2: 0.0295098796487
        dvar: 0.000438324612333
        dvar2: 0.00104909890797
        max: 0.608646333218
        mean: 0.1534678936
        median: 0.138587653637
        min: 0.053860142827
        var: 0.00361902662553
    spectral_flux:
        dmean: 0.00810311082751
        dmean2: 0.0126695409417
        dvar: 0.000126668513985
        dvar2: 0.00024643263896
        max: 0.157768622041
        mean: 0.0363677702844
        median: 0.0348154269159
        min: 6.26218590871e-011
        var: 0.000383267120924
    spectral_kurtosis:
        dmean: 1.46168446541
        dmean2: 2.38040351868
        dvar: 13.4012670517
        dvar2: 34.8082542419
        max: 200.845794678
        mean: 3.99295186996
        median: 2.99515676498
        min: -1.25352799892
        var: 26.6608829498
    spectral_rms:
        dmean: 0.000300009560306
        dmean2: 0.000471429666504
        dvar: 1.63916325846e-007
        dvar2: 4.09849576499e-007
        max: 0.00641195522621
        mean: 0.00184176268522
        median: 0.00184412288945
        min: 3.15295272529e-012
        var: 6.07884487636e-007
    spectral_rolloff:
        dmean: 478.550506592
        dmean2: 791.31060791
        dvar: 434338.4375
        dvar2: 978462.875
        max: 19595.2148438
        mean: 2796.22558594
        median: 2906.98242188
        min: 86.1328125
        var: 3927967.75
    spectral_skewness:
        dmean: 0.206247866154
        dmean2: 0.326146572828
        dvar: 0.0825284048915
        dvar2: 0.195469990373
        max: 11.1440658569
        mean: 1.45844590664
        median: 1.35571503639
        min: -0.0953582525253
        var: 0.402617394924
    spectral_spread:
        dmean: 595460.0625
        dmean2: 888045.4375
        dvar: 649799139328
        dvar2: 1.31144574566e+012
        max: 42698116
        mean: 5352493.5
        median: 4861210.5
        min: 613693.8125
        var: 1.31683865068e+013
    spectral_strongpeak:
        dmean: 0.273468375206
        dmean2: 0.475739330053
        dvar: 0.245617553592
        dvar2: 0.667244613171
        max: 7.26713132858
        mean: 0.369028449059
        median: 0.178019657731
        min: 1.4427806172e-010
        var: 0.278251945972
    zerocrossingrate:
        dmean: 0.00869990885258
        dmean2: 0.0104747004807
        dvar: 8.16546089482e-005
        dvar2: 0.000102181897091
        max: 0.53076171875
        mean: 0.0865779444575
        median: 0.08544921875
        min: 0.00341796875
        var: 0.00282583408989
    barkbands:
        dmean: [6.88914383318e-007, 0.00018346181605, 0.000239970482653, 0.000215063890209, 0.000451277126558, 0.000196394437808, 9.59756216616e-005, 6.7203080107e-005, 9.86249579e-005, 4.42551245214e-005, 4.19714633608e-005, 5.8194356825e-005, 4.51544037787e-005, 5.36590669071e-005, 0.000104289581941, 0.000130056883791, 0.000130786691443, 0.000113073292596, 0.00015692699526, 0.000118097290397, 7.23608391127e-005, 2.80521853711e-005, 6.15953058514e-006, 2.25134363063e-006, 1.16923376936e-006, 6.70317632512e-008, 3.69827724001e-010]
        dmean2: [1.14640567972e-006, 0.000312778400257, 0.000422234181315, 0.000374704686692, 0.000740034796763, 0.000324721710058, 0.000158042923431, 0.000109719694592, 0.000156946291099, 7.40535397199e-005, 6.93836918799e-005, 9.72440029727e-005, 7.39922179491e-005, 8.90184237505e-005, 0.000169812687091, 0.000213334977161, 0.000214712810703, 0.000187254670891, 0.000260093918769, 0.000197973902686, 0.000124034413602, 4.79315676785e-005, 1.04398750409e-005, 3.84304121326e-006, 1.94602330339e-006, 1.11203178221e-007, 6.49727327495e-010]
        dvar: [1.11428509648e-012, 9.15475482088e-008, 2.95527115668e-007, 1.61273334243e-007, 1.31652336677e-006, 1.10972393941e-007, 2.50444429639e-008, 1.62285314076e-008, 3.17261807936e-008, 1.44258107682e-008, 1.31432633665e-008, 2.62058925671e-008, 1.00002166548e-008, 1.11866294006e-008, 3.75309880951e-008, 6.113160822e-008, 6.29523455586e-008, 6.01146794565e-008, 9.89455912759e-008, 5.43992442203e-008, 2.69269655462e-008, 3.29613092376e-009, 1.39608907768e-010, 1.76181205042e-011, 4.27355546784e-012, 1.56260316237e-014, 4.21252118399e-019]
        dvar2: [2.94467011538e-012, 2.5380214197e-007, 8.46126226861e-007, 4.41068095824e-007, 3.09715460389e-006, 3.01348904941e-007, 6.59586163465e-008, 4.03547169014e-008, 7.6383457781e-008, 3.7812728948e-008, 3.42895809524e-008, 7.13378085493e-008, 2.69112856444e-008, 2.9161506987e-008, 9.75149845317e-008, 1.59939915534e-007, 1.67802866713e-007, 1.51016678274e-007, 2.47547745857e-007, 1.44637695598e-007, 7.38822834023e-008, 8.95850416072e-009, 3.75583147916e-010, 4.56017411332e-011, 1.09589871899e-011, 4.00906961979e-014, 1.16795565707e-018]
        max: [1.67167127074e-005, 0.00398329459131, 0.00760156475008, 0.00715357018635, 0.0347541160882, 0.00492167938501, 0.00271777831949, 0.0041072643362, 0.00608995882794, 0.00414453260601, 0.0039400565438, 0.00369987636805, 0.00179838610347, 0.00318559072912, 0.00388909131289, 0.0043469616212, 0.00657282862812, 0.00626935763285, 0.00864592287689, 0.00458462769166, 0.00232062116265, 0.000786384509411, 0.000302303320495, 0.000102063786471, 4.784066914e-005, 1.63211188919e-006, 1.00866337505e-008]
        mean: [1.38191342103e-006, 0.000282166787656, 0.00028578506317, 0.00025940980413, 0.000610407150816, 0.000321191764669, 0.000151978834765, 0.000114564987598, 0.000184087723028, 6.27329573035e-005, 5.97650032432e-005, 9.15989876376e-005, 7.22399490769e-005, 8.75340629136e-005, 0.000184376243851, 0.000231676604017, 0.000250994431553, 0.000191971295862, 0.000269804208074, 0.000202245137189, 0.0001162331464, 4.94376690767e-005, 1.15291959446e-005, 4.39729774371e-006, 2.36689334088e-006, 1.07954775785e-007, 3.79880349399e-010]
        median: [9.46409500102e-007, 0.000194657375687, 0.000127733917907, 0.000125326710986, 0.000268896837952, 0.000170135914232, 8.38828273118e-005, 5.2556002629e-005, 9.25751737668e-005, 2.09354730032e-005, 1.39189960464e-005, 2.13458843064e-005, 2.55742652371e-005, 4.55180706922e-005, 9.90933476714e-005, 0.00012953436817, 0.000162531330716, 0.000114274422231, 0.000173288368387, 0.000137834809721, 6.87340216246e-005, 2.67005088972e-005, 6.35207788946e-006, 2.01223133445e-006, 1.12717884804e-006, 3.11248484763e-008, 1.32570510125e-010]
        min: [8.28304739343e-025, 7.26129699962e-025, 1.92783287411e-024, 1.44739173371e-024, 1.0981287744e-023, 6.02813819409e-024, 5.30430348772e-024, 7.70222883044e-024, 1.81146318993e-023, 1.66192103693e-023, 1.5083082039e-023, 1.85584340005e-023, 1.72714263663e-023, 3.647356771e-023, 4.40377592926e-023, 3.94765118961e-023, 7.03123336856e-023, 6.31404647192e-023, 1.13379456432e-022, 1.60681386467e-022, 2.51935541183e-022, 3.60542729927e-022, 3.48195832448e-022, 6.06564515381e-022, 8.73269577438e-022, 1.22427991413e-021, 1.99373307404e-021]
        var: [2.64067652293e-012, 1.07310874853e-007, 2.53312578025e-007, 1.86727390883e-007, 1.99277201318e-006, 1.9124756534e-007, 4.53392914324e-008, 4.4772939134e-008, 8.10974825072e-008, 2.44327562626e-008, 2.38847377432e-008, 5.97102314259e-008, 2.19867981599e-008, 2.24190959131e-008, 7.37792760219e-008, 1.14782288563e-007, 1.06679394207e-007, 8.88082496431e-008, 1.4353754807e-007, 6.5069343691e-008, 2.88085377775e-008, 4.51566029014e-009, 2.29615423897e-010, 3.65976242367e-011, 1.0622065727e-011, 2.95917871912e-014, 4.48479957333e-019]
    frequency_bands:
        dmean: [6.88914383318e-007, 0.00018346181605, 0.000239970482653, 0.000215063890209, 0.000451277126558, 0.000196394437808, 9.59756216616e-005, 6.7203080107e-005, 9.86249579e-005, 4.42551245214e-005, 4.19714633608e-005, 5.8194356825e-005, 4.51544037787e-005, 5.36590669071e-005, 0.000104289581941, 0.000130056883791, 0.000130786691443, 0.000113073292596, 0.00015692699526, 0.000118097290397, 7.23608391127e-005, 2.80521853711e-005, 6.15953058514e-006, 2.25134363063e-006, 1.16923376936e-006, 6.70317632512e-008, 3.69827724001e-010, 4.82476801567e-011]
        dmean2: [1.14640567972e-006, 0.000312778400257, 0.000422234181315, 0.000374704686692, 0.000740034796763, 0.000324721710058, 0.000158042923431, 0.000109719694592, 0.000156946291099, 7.40535397199e-005, 6.93836918799e-005, 9.72440029727e-005, 7.39922179491e-005, 8.90184237505e-005, 0.000169812687091, 0.000213334977161, 0.000214712810703, 0.000187254670891, 0.000260093918769, 0.000197973902686, 0.000124034413602, 4.79315676785e-005, 1.04398750409e-005, 3.84304121326e-006, 1.94602330339e-006, 1.11203178221e-007, 6.49727327495e-010, 8.99562160872e-011]
        dvar: [1.11428509648e-012, 9.15475482088e-008, 2.95527115668e-007, 1.61273334243e-007, 1.31652336677e-006, 1.10972393941e-007, 2.50444429639e-008, 1.62285314076e-008, 3.17261807936e-008, 1.44258107682e-008, 1.31432633665e-008, 2.62058925671e-008, 1.00002166548e-008, 1.11866294006e-008, 3.75309880951e-008, 6.113160822e-008, 6.29523455586e-008, 6.01146794565e-008, 9.89455912759e-008, 5.43992442203e-008, 2.69269655462e-008, 3.29613092376e-009, 1.39608907768e-010, 1.76181205042e-011, 4.27355546784e-012, 1.56260316237e-014, 4.21252118399e-019, 7.18973756204e-021]
        dvar2: [2.94467011538e-012, 2.5380214197e-007, 8.46126226861e-007, 4.41068095824e-007, 3.09715460389e-006, 3.01348904941e-007, 6.59586163465e-008, 4.03547169014e-008, 7.6383457781e-008, 3.7812728948e-008, 3.42895809524e-008, 7.13378085493e-008, 2.69112856444e-008, 2.9161506987e-008, 9.75149845317e-008, 1.59939915534e-007, 1.67802866713e-007, 1.51016678274e-007, 2.47547745857e-007, 1.44637695598e-007, 7.38822834023e-008, 8.95850416072e-009, 3.75583147916e-010, 4.56017411332e-011, 1.09589871899e-011, 4.00906961979e-014, 1.16795565707e-018, 2.36567596738e-020]
        max: [1.67167127074e-005, 0.00398329459131, 0.00760156475008, 0.00715357018635, 0.0347541160882, 0.00492167938501, 0.00271777831949, 0.0041072643362, 0.00608995882794, 0.00414453260601, 0.0039400565438, 0.00369987636805, 0.00179838610347, 0.00318559072912, 0.00388909131289, 0.0043469616212, 0.00657282862812, 0.00626935763285, 0.00864592287689, 0.00458462769166, 0.00232062116265, 0.000786384509411, 0.000302303320495, 0.000102063786471, 4.784066914e-005, 1.63211188919e-006, 1.00866337505e-008, 1.63502722472e-009]
        mean: [1.38191342103e-006, 0.000282166787656, 0.00028578506317, 0.00025940980413, 0.000610407150816, 0.000321191764669, 0.000151978834765, 0.000114564987598, 0.000184087723028, 6.27329573035e-005, 5.97650032432e-005, 9.15989876376e-005, 7.22399490769e-005, 8.75340629136e-005, 0.000184376243851, 0.000231676604017, 0.000250994431553, 0.000191971295862, 0.000269804208074, 0.000202245137189, 0.0001162331464, 4.94376690767e-005, 1.15291959446e-005, 4.39729774371e-006, 2.36689334088e-006, 1.07954775785e-007, 3.79880349399e-010, 3.67992754324e-011]
        median: [9.46409500102e-007, 0.000194657375687, 0.000127733917907, 0.000125326710986, 0.000268896837952, 0.000170135914232, 8.38828273118e-005, 5.2556002629e-005, 9.25751737668e-005, 2.09354730032e-005, 1.39189960464e-005, 2.13458843064e-005, 2.55742652371e-005, 4.55180706922e-005, 9.90933476714e-005, 0.00012953436817, 0.000162531330716, 0.000114274422231, 0.000173288368387, 0.000137834809721, 6.87340216246e-005, 2.67005088972e-005, 6.35207788946e-006, 2.01223133445e-006, 1.12717884804e-006, 3.11248484763e-008, 1.32570510125e-010, 1.17080303785e-011]
        min: [8.28304739343e-025, 7.26129699962e-025, 1.92783287411e-024, 1.44739173371e-024, 1.0981287744e-023, 6.02813819409e-024, 5.30430348772e-024, 7.70222883044e-024, 1.81146318993e-023, 1.66192103693e-023, 1.5083082039e-023, 1.85584340005e-023, 1.72714263663e-023, 3.647356771e-023, 4.40377592926e-023, 3.94765118961e-023, 7.03123336856e-023, 6.31404647192e-023, 1.13379456432e-022, 1.60681386467e-022, 2.51935541183e-022, 3.60542729927e-022, 3.48195832448e-022, 6.06564515381e-022, 8.73269577438e-022, 1.22427991413e-021, 1.99373307404e-021, 5.04725980396e-022]
        var: [2.64067652293e-012, 1.07310874853e-007, 2.53312578025e-007, 1.86727390883e-007, 1.99277201318e-006, 1.9124756534e-007, 4.53392914324e-008, 4.4772939134e-008, 8.10974825072e-008, 2.44327562626e-008, 2.38847377432e-008, 5.97102314259e-008, 2.19867981599e-008, 2.24190959131e-008, 7.37792760219e-008, 1.14782288563e-007, 1.06679394207e-007, 8.88082496431e-008, 1.4353754807e-007, 6.5069343691e-008, 2.88085377775e-008, 4.51566029014e-009, 2.29615423897e-010, 3.65976242367e-011, 1.0622065727e-011, 2.95917871912e-014, 4.48479957333e-019, 5.20538660638e-021]
    mfcc:
        mean: [-737.653625488, 104.376365662, -28.1123561859, 55.8044281006, -2.52767014503, 2.20563483238, -5.7721414566, -4.82023620605, 2.53138375282, 0.861814618111, -2.14738345146, -4.18477678299, -0.968870818615]
        cov: [[11624.7441406, 901.495788574, -1932.59057617, 612.186889648, -413.429321289, -243.804870605, -567.127380371, -141.010650635, 7.80515289307, 49.3853912354, -52.6982574463, -131.378494263, -36.8400726318], [901.495788574, 1510.43652344, -224.268432617, 357.879821777, 128.751586914, -54.9809684753, 20.8986167908, -55.4019050598, -27.2595844269, 95.477432251, 71.7873153687, 48.2768936157, 55.412979126], [-1932.59057617, -224.268432617, 917.041992188, -63.53647995, 66.5267181396, 167.47869873, 105.413566589, -19.9170761108, -16.1190853119, -106.120033264, -50.4701309204, 6.2366566658, -8.15119457245], [612.186889648, 357.879821777, -63.53647995, 450.649475098, 151.277267456, -1.23271369934, 1.70706427097, -17.0375461578, 41.8158378601, 115.923614502, 63.1671104431, -7.98093700409, 4.70910024643], [-413.429321289, 128.751586914, 66.5267181396, 151.277267456, 292.233947754, 50.0149993896, 33.123046875, 9.79438591003, 10.6140003204, 73.3065490723, 41.512096405, 6.78860664368, 5.92697429657], [-243.804870605, -54.9809684753, 167.47869873, -1.23271369934, 50.0149993896, 170.036087036, 73.1619415283, -5.74019384384, -22.3761711121, -38.0631523132, -19.701833725, 5.47050666809, 8.42924690247], [-567.127380371, 20.8986167908, 105.413566589, 1.70706427097, 33.123046875, 73.1619415283, 174.904434204, 69.4262924194, 2.37259364128, -4.72307300568, -1.01379525661, 14.981089592, 15.6826181412], [-141.010650635, -55.4019050598, -19.9170761108, -17.0375461578, 9.79438591003, -5.74019384384, 69.4262924194, 156.145629883, 65.6534042358, 26.2204303741, 1.25795400143, 6.64014387131, 17.3539009094], [7.80515289307, -27.2595844269, -16.1190853119, 41.8158378601, 10.6140003204, -22.3761711121, 2.37259364128, 65.6534042358, 114.521957397, 69.7527084351, 30.6414279938, 6.71431779861, 6.04463005066], [49.3853912354, 95.477432251, -106.120033264, 115.923614502, 73.3065490723, -38.0631523132, -4.72307300568, 26.2204303741, 69.7527084351, 162.928390503, 84.5397567749, 20.2233066559, 10.7675209045], [-52.6982574463, 71.7873153687, -50.4701309204, 63.1671104431, 41.512096405, -19.701833725, -1.01379525661, 1.25795400143, 30.6414279938, 84.5397567749, 101.895622253, 37.4277381897, 10.0276165009], [-131.378494263, 48.2768936157, 6.2366566658, -7.98093700409, 6.78860664368, 5.47050666809, 14.981089592, 6.64014387131, 6.71431779861, 20.2233066559, 37.4277381897, 71.7208023071, 32.6433944702], [-36.8400726318, 55.412979126, -8.15119457245, 4.70910024643, 5.92697429657, 8.42924690247, 15.6826181412, 17.3539009094, 6.04463005066, 10.7675209045, 10.0276165009, 32.6433944702, 69.1059494019]]
        icov: [[0.000217082255404, -6.46008702461e-005, 0.000430740066804, -0.000395357463276, 0.000373518618289, -0.000472994724987, 0.00064515764825, -0.000166683283169, -5.96103855059e-005, 0.000212173879845, 0.000198570909561, 4.23809251515e-005, 8.97022837307e-005], [-6.46008702461e-005, 0.000971800589468, 5.6912729633e-005, -0.00061688903952, -0.000264836096903, 0.000652735237963, -0.000672407099046, 0.000482033879962, 0.000401848141337, 8.58350995259e-006, 5.84273075219e-005, -0.000592780648731, -0.000555245729629], [0.000430740066804, 5.6912729633e-005, 0.00242912769318, -0.000731542997528, 0.000194273743546, -0.00173843686935, 0.00045564037282, 0.000573333585635, -0.00124552217312, 0.00164060294628, 0.000539379834663, -0.000400290184189, 0.000432505068602], [-0.000395357463276, -0.00061688903952, -0.000731542997528, 0.00454984977841, -0.00186002615374, 0.00045035185758, -0.00131097913254, 0.00126074894797, -0.00106823386159, -0.00176086218562, -0.000997008639388, 0.00185422843788, -0.000390336965211], [0.000373518618289, -0.000264836096903, 0.000194273743546, -0.00186002615374, 0.00575469480827, -0.00244642840698, 0.00151011638809, -0.0014738237951, 0.00171052967198, -0.00216546398588, -5.96017525822e-005, 0.000400807504775, 0.000400503340643], [-0.000472994724987, 0.000652735237963, -0.00173843686935, 0.00045035185758, -0.00244642840698, 0.010672445409, -0.00534951733425, 0.00255414377898, -6.42851518933e-005, 0.00129391031805, 0.000502059876453, -0.000774344196543, -0.00143370870501], [0.00064515764825, -0.000672407099046, 0.00045564037282, -0.00131097913254, 0.00151011638809, -0.00534951733425, 0.0121813621372, -0.00666091963649, 0.00288647669367, -0.00020581370336, -0.000128541039885, -0.000605417881161, 0.00054170191288], [-0.000166683283169, 0.000482033879962, 0.000573333585635, 0.00126074894797, -0.0014738237951, 0.00255414377898, -0.00666091963649, 0.0132048372179, -0.00787683948874, 0.000708207604475, 0.0018890183419, 0.000149876010255, -0.00224947393872], [-5.96103855059e-005, 0.000401848141337, -0.00124552217312, -0.00106823386159, 0.00171052967198, -6.42851518933e-005, 0.00288647669367, -0.00787683948874, 0.0177646353841, -0.00721463328227, -0.00019938989135, -0.000136672329972, 0.00041976373177], [0.000212173879845, 8.58350995259e-006, 0.00164060294628, -0.00176086218562, -0.00216546398588, 0.00129391031805, -0.00020581370336, 0.000708207604475, -0.00721463328227, 0.0175446346402, -0.0096570821479, 0.0013643396087, -0.00102929305285], [0.000198570909561, 5.84273075219e-005, 0.000539379834663, -0.000997008639388, -5.96017525822e-005, 0.000502059876453, -0.000128541039885, 0.0018890183419, -0.00019938989135, -0.0096570821479, 0.022417165339, -0.0102441916242, 0.00279754702933], [4.23809251515e-005, -0.000592780648731, -0.000400290184189, 0.00185422843788, 0.000400807504775, -0.000774344196543, -0.000605417881161, 0.000149876010255, -0.000136672329972, 0.0013643396087, -0.0102441916242, 0.0241564139724, -0.00964066479355], [8.97022837307e-005, -0.000555245729629, 0.000432505068602, -0.000390336965211, 0.000400503340643, -0.00143370870501, 0.00054170191288, -0.00224947393872, 0.00041976373177, -0.00102929305285, 0.00279754702933, -0.00964066479355, 0.0198953356594]]
    sccoeffs:
        dmean: [0.0548179708421, 0.0463356971741, 0.0383496880531, 0.0284809637815, 0.0205851383507, 0.0193918943405]
        dmean2: [0.0923803150654, 0.0762828290462, 0.0643015876412, 0.047681979835, 0.0342389531434, 0.0310959406197]
        dvar: [0.00201288727112, 0.0014272572007, 0.000949451641645, 0.000537029758561, 0.000284833804471, 0.000269375945209]
        dvar2: [0.00549346767366, 0.00385727966204, 0.00257672742009, 0.00148769433144, 0.00076073006494, 0.000668098859023]
        max: [-0.215560540557, -0.425370037556, -0.445660382509, -0.533651411533, -0.598793268204, -0.556601583958]
        mean: [-0.677210569382, -0.756533324718, -0.791428983212, -0.804366469383, -0.805515468121, -0.750385165215]
        median: [-0.685876965523, -0.765457689762, -0.793415665627, -0.80714058876, -0.803905129433, -0.746527552605]
        min: [-0.979132294655, -0.98147559166, -0.976999998093, -0.970481276512, -0.968082487583, -0.964610517025]
        var: [0.00666612014174, 0.0059249154292, 0.00376265542582, 0.00250081229024, 0.00164460670203, 0.00239265221171]
    scvalleys:
        dmean: [0.396200805902, 0.38311418891, 0.35342246294, 0.286283373833, 0.284473747015, 0.349359512329]
        dmean2: [0.658314704895, 0.623824417591, 0.563021600246, 0.443822234869, 0.422912269831, 0.527630984783]
        dvar: [0.13421484828, 0.149833902717, 0.130730986595, 0.0990700274706, 0.130482628942, 0.224922925234]
        dvar2: [0.314846247435, 0.326103597879, 0.27771243453, 0.181254819036, 0.246558919549, 0.458717346191]
        max: [-4.85930585861, -4.58243608475, -5.06795024872, -5.29209899902, -5.30507707596, -7.62356758118]
        mean: [-6.85785293579, -6.97716522217, -7.64625072479, -7.57917404175, -7.62917709351, -10.2141618729]
        median: [-6.29331159592, -6.49241399765, -7.28693628311, -7.02500247955, -7.01948928833, -9.70128631592]
        min: [-28.4627075195, -27.9643058777, -28.1588153839, -27.7036590576, -27.4770298004, -27.4423904419]
        var: [5.44174718857, 5.29003238678, 4.97647762299, 5.28705835342, 5.18347787857, 4.31153535843]

rhythm:
    beats_loudness:
        dmean: 0.00249273562804
        dmean2: 0.00445832591504
        dvar: 4.28867633673e-006
        dvar2: 1.25376036522e-005
        max: 0.0175106003881
        mean: 0.00524067087099
        median: 0.0050529637374
        min: 0
        var: 8.99256883713e-006
    bpm: 106.983810425
    bpm_confidence: 0
    first_peak_bpm: 108
    first_peak_spread: 0.318181812763
    first_peak_weight: 0.608108103275
    onset_rate: 3.26651382446
    second_peak_bpm: 152
    second_peak_spread: 0
    second_peak_weight: 0.0202702693641
    beats_loudness_band_ratio:
        dmean: [0.184220418334, 0.119591169059, 0.0594447627664, 0.0616103224456, 0.108293287456, 0.0796047449112]
        dmean2: [0.333384186029, 0.212809056044, 0.103146135807, 0.115174941719, 0.188586458564, 0.139566481113]
        dvar: [0.0239953137934, 0.0128077240661, 0.00499275000766, 0.00402009766549, 0.00851263757795, 0.00492941541597]
        dvar2: [0.069178827107, 0.037954762578, 0.0124874375761, 0.0109715200961, 0.0272342469543, 0.0163450893015]
        max: [0.998601973057, 0.79480522871, 0.719197273254, 0.767756462097, 0.608762979507, 0.525298535824]
        mean: [0.303412795067, 0.184922501445, 0.102881193161, 0.0783115625381, 0.219155699015, 0.144409745932]
        median: [0.235509335995, 0.15924654901, 0.0868866145611, 0.0570827722549, 0.235387027264, 0.136693805456]
        min: [0, 0, 0, 0, 0, 0]
        var: [0.0543649867177, 0.0185684468597, 0.00703744776547, 0.00723222410306, 0.0169150084257, 0.00704207271338]
    beats_position: [0.371519267559, 0.766258478165, 1.14938771725, 1.50929701328, 1.89242625237, 2.27555561066, 2.6470746994, 3.04181408882, 3.43655323982, 3.83129239082, 4.22603178024, 4.62077093124, 5.01551008224, 5.41024923325, 5.80498838425, 6.18811798096, 6.57124710083, 6.9543762207, 7.33750534058, 7.72063493729, 8.10376358032, 8.47528362274, 8.84680271149, 9.21832180023, 9.58984088898, 9.96135997772, 10.4025392532, 10.8437185287, 11.2848978043, 11.7376871109, 12.3181858063, 12.8986845016, 13.4907932281, 14.0596818924, 14.6285715103, 15.1858501434, 15.7431287766, 16.3004074097, 16.8576869965, 17.4149665833, 17.9838542938, 18.5527439117, 19.1100215912, 19.667301178, 20.2245807648, 20.7818584442, 21.339138031, 21.8964176178, 22.4536952972, 23.0225849152, 23.5798625946, 24.1487522125, 24.7060317993, 25.2633094788, 25.8321990967, 26.4010887146, 26.958366394, 27.5156459808, 28.0729255676, 28.6302032471, 29.1874828339, 29.7563705444, 30.3252601624, 30.8825397491, 31.4398174286, 31.9970970154, 32.5543746948, 33.111656189, 33.6805419922, 34.2494316101, 34.8067131042, 35.3639907837, 35.9212684631, 36.4785499573, 37.0358276367, 37.5931053162, 38.1619949341, 38.730884552, 39.2881622314, 39.8454399109, 40.402721405, 40.9716110229, 41.5288887024, 42.0861663818, 42.6434440613, 43.2123336792, 43.7696151733, 44.3268928528, 44.8957824707, 45.4646720886, 46.0219497681, 46.5792274475, 47.1365089417, 47.6937866211, 48.262676239, 48.8315620422, 49.3888435364, 49.9461212158, 50.5033988953, 51.0606803894, 51.6179580688, 52.1868476868, 52.7557373047, 53.3130149841, 53.8702926636, 54.4275741577, 54.9964599609, 55.5537414551, 56.1110191345, 56.6799087524, 57.2371864319, 57.794467926, 58.3517456055, 58.9090232849, 59.4779129028, 60.0468025208, 60.6040802002, 61.1613578796, 61.7186393738, 62.2759170532, 62.8448066711, 63.4136962891, 63.9709739685, 64.5282516479, 65.0855331421, 65.6428070068, 66.2117004395, 66.7689819336, 67.3262557983, 67.895149231, 68.4524230957, 69.0097045898, 69.566986084, 70.1242599487, 70.6931533813, 71.2620391846, 71.8193206787, 72.3765945435, 72.9338760376, 73.4911575317, 74.0484313965, 74.6173248291, 75.1862106323, 75.7434921265, 76.3007659912, 76.8580474854, 77.426940918, 77.9958267212, 78.5531082153, 79.1103820801, 79.6676635742, 80.2249450684, 80.7822189331, 81.3511123657, 81.9199981689, 82.4772796631, 83.0345535278, 83.591835022, 84.1491165161, 84.7063903809, 85.263671875, 85.8325576782, 86.4014511108, 86.9587249756, 87.5160064697, 88.0732879639, 88.6305618286, 89.1878433228, 89.7451248169, 90.3023986816, 90.8712921143, 91.4401779175, 91.9974594116, 92.5547409058, 93.1120147705, 93.6809082031, 94.2381820679, 94.8070755005, 95.3643493652, 95.9216308594, 96.4789123535, 97.0361862183, 97.61668396, 98.1739654541, 98.7312469482, 99.288520813, 99.8341903687, 100.403083801, 100.960357666, 101.529251099, 102.086524963, 102.655418396, 103.21269989, 103.769973755, 104.327255249, 104.884536743, 105.441810608, 106.010704041, 106.567977905, 107.136871338, 107.694145203, 108.251426697, 108.808708191, 109.377593994, 109.92326355, 110.480545044, 111.049430847, 111.61831665, 112.187210083, 112.756095886, 113.31337738, 113.870658875, 114.427932739, 114.985214233, 115.542495728, 116.111381531, 116.668663025, 117.237548828, 117.794830322, 118.352104187, 118.909385681, 119.466667175, 120.035552979, 120.592834473, 121.138504028, 121.695777893, 122.264671326, 122.82194519, 123.379226685, 123.948112488, 124.51700592, 125.074279785, 125.643173218, 126.200454712, 126.757728577, 127.326622009, 127.883895874, 128.452789307, 129.010070801, 129.567337036, 130.12461853, 130.693511963, 131.250793457, 131.81968689, 132.376953125, 132.934234619, 133.491516113, 134.048797607, 134.61769104, 135.186569214, 135.743850708, 136.301132202, 136.858413696, 137.41569519, 137.972961426, 138.541854858, 139.099136353, 139.668029785, 140.225296021, 140.782577515, 141.339859009, 141.897140503, 142.466033936, 143.034912109, 143.592193604, 144.149475098, 144.706756592, 145.264038086, 145.83291626, 146.401809692, 146.959091187, 147.516372681, 148.073654175, 148.63092041, 149.199813843, 149.768707275, 150.32598877, 150.883255005, 151.440536499, 151.997817993, 152.555099487, 153.112380981, 153.669662476, 154.238540649, 154.795822144, 155.364715576, 155.92199707, 156.479278564, 157.0365448, 157.605438232, 158.162719727, 158.731613159, 159.288879395, 159.846160889, 160.415054321, 160.983947754, 161.541213989, 162.098495483, 162.655776978, 163.213058472, 163.770339966, 164.32762146, 164.884887695, 165.453781128, 166.011062622, 166.579956055, 167.137237549, 167.694503784, 168.263397217, 168.832290649, 169.389572144, 169.946838379, 170.504119873, 171.061401367, 171.618682861, 172.187576294, 172.756454468, 173.313735962, 173.871017456, 174.42829895, 174.985580444, 175.54284668, 176.111740112, 176.680633545, 177.237915039, 177.795196533, 178.352462769, 178.909744263, 179.478637695, 180.035919189, 180.593200684, 181.162078857, 181.719360352, 182.276641846, 182.83392334, 183.391204834, 183.948471069, 184.517364502, 185.074645996, 185.643539429, 186.200805664, 186.758087158, 187.326980591, 187.895874023, 188.453155518, 189.010421753, 189.567703247, 190.124984741, 190.693878174, 191.262756348, 191.820037842, 192.377319336, 192.93460083, 193.491882324, 194.060760498, 194.629653931, 195.186935425, 195.744216919, 196.301498413, 196.858764648, 197.416046143, 197.973327637, 198.542221069, 199.111114502, 199.668380737, 200.225662231, 200.782943726, 201.34022522, 201.897506714, 202.477996826, 203.03527832, 203.592559814, 204.149841309, 204.707122803, 205.264389038, 205.821670532, 206.378952026, 206.936233521, 207.505126953, 208.074005127, 208.631286621, 209.200180054, 209.769073486, 210.326339722, 210.883621216, 211.44090271, 211.998184204, 212.555465698, 213.112747192, 213.681625366, 214.23890686, 214.807800293, 215.365081787, 215.922348022, 216.479629517, 217.036911011, 217.605804443, 218.174682617, 218.731964111, 219.289245605, 219.8465271, 220.403808594, 220.972686768, 221.5415802, 222.098861694, 222.656143188, 223.213424683, 223.770706177, 224.339584351, 224.908477783, 225.465759277, 226.023040771, 226.580307007, 227.137588501, 227.694869995, 228.263763428, 228.821044922, 229.389923096, 229.94720459, 230.504486084, 231.061767578, 231.619049072, 232.187927246, 232.756820679, 233.314102173, 233.882995605, 234.451873779, 235.020767212, 235.589660645, 236.170150757, 236.692596436, 237.203445435, 237.725891113, 238.25994873, 238.805618286, 239.304855347, 239.804077148, 240.30329895, 240.802536011, 241.301757813, 241.789382935, 242.25378418, 242.718185425, 243.18258667, 243.646972656]
