
metadata:
    version:
        essentia: "2.1-beta2"
    audio_properties:
        analysis_sample_rate: 44100
        bitrate: 128
        channels: 2
        equal_loudness: 1
        length: 220.160003662
        replay_gain: -9.25313186646
        downmix: "mix"
    tags:
        album: "Hilium"
        artist: "Hypnosis"
        comment: ""
        date: "2013"
        genre: "Métal"
        title: "Waltz"
        tracknumber: "04"

configuration:
    average_loudness:
        compute: 1
        frameSize: 88200
        hopSize: 44100
        silentFrames: "noise"
        windowType: "hann"
    general:
        analysisSampleRate: 44100
        endTime: 2000
        equalLoudness: 1
        nequalLoudness: 0
        shortSound: 0
        startTime: 0
    lowlevel:
        compute: 1
        frameSize: 2048
        hopSize: 1024
        zeroPadding: 0
        silentFrames: "noise"
        windowType: "blackmanharris62"
        mfccStats: ["mean", "cov", "icov"]
        stats: ["mean", "var", "median", "min", "max", "dmean", "dmean2", "dvar", "dvar2"]
    panning:
        compute: 0
        frameSize: 8192
        hopSize: 2048
        zeroPadding: 8192
        silentFrames: "noise"
        windowType: "hann"
        stats: ["copy"]
    rhythm:
        compute: 1
        maxTempo: 208
        minTempo: 40
        method: "degara"
        stats: ["mean", "var", "median", "min", "max", "dmean", "dmean2", "dvar", "dvar2"]
    segmentation:
        compute: 0
        cpw: 5
        inc1: 300
        inc2: 50
        minimumSegmentsLength: 10
        size1: 1000
        size2: 600
    sfx:
        compute: 1
        stats: ["mean", "var", "median", "min", "max", "dmean", "dmean2", "dvar", "dvar2"]
    svm:
        compute: 0
    tonal:
        compute: 1
        frameSize: 4096
        hopSize: 2048
        zeroPadding: 0
        silentFrames: "noise"
        windowType: "blackmanharris62"
        stats: ["mean", "var", "median", "min", "max", "dmean", "dmean2", "dvar", "dvar2"]

lowlevel:
    average_loudness: 0.783825099468
    barkbands_kurtosis:
        dmean: 2.096616745
        dmean2: 3.44301509857
        dvar: 51.1099357605
        dvar2: 139.632080078
        max: 286.620452881
        mean: 2.29082918167
        median: -0.376496732235
        min: -1.91652011871
        var: 107.751426697
    barkbands_skewness:
        dmean: 0.490048319101
        dmean2: 0.77049267292
        dvar: 0.286340177059
        dvar2: 0.689944028854
        max: 15.3760108948
        mean: 0.89745670557
        median: 0.844980061054
        min: -5.8087387085
        var: 1.96346235275
    barkbands_spread:
        dmean: 5.49425077438
        dmean2: 8.82686042786
        dvar: 30.426240921
        dvar2: 73.0743560791
        max: 76.0143508911
        mean: 29.7510223389
        median: 31.2513179779
        min: 0.176220610738
        var: 190.391372681
    dissonance:
        dmean: 0.0148902963847
        dmean2: 0.0251547768712
        dvar: 0.000434318935731
        dvar2: 0.00121605047025
        max: 0.500000119209
        mean: 0.472127497196
        median: 0.483020424843
        min: 0.183651611209
        var: 0.00102626904845
    hfc:
        dmean: 1.19890654087
        dmean2: 1.95765149593
        dvar: 6.9118270874
        dvar2: 18.550409317
        max: 36.0177307129
        mean: 3.99072027206
        median: 2.9831097126
        min: 1.06838800119e-016
        var: 15.5907154083
    pitch:
        dmean: 570.173339844
        dmean2: 1081.85290527
        dvar: 1115520.75
        dvar2: 3045639
        max: 5218.24658203
        mean: 707.649719238
        median: 223.284378052
        min: 57.6402893066
        var: 1202142.625
    pitch_instantaneous_confidence:
        dmean: 0.0728083699942
        dmean2: 0.119953013957
        dvar: 0.0046599577181
        dvar2: 0.0114499367774
        max: 0.982201874256
        mean: 0.333390980959
        median: 0.277319312096
        min: 0.0931106805801
        var: 0.0307785179466
    pitch_salience:
        dmean: 0.065262183547
        dmean2: 0.10862890631
        dvar: 0.00353844999336
        dvar2: 0.0095256511122
        max: 0.899498462677
        mean: 0.638338148594
        median: 0.653421342373
        min: 0.0896956026554
        var: 0.0101028010249
    silence_rate_20dB:
        dmean: 0
        dmean2: 0
        dvar: 0
        dvar2: 0
        max: 1
        mean: 1
        median: 1
        min: 1
        var: 0
    silence_rate_30dB:
        dmean: 0
        dmean2: 0
        dvar: 0
        dvar2: 0
        max: 1
        mean: 1
        median: 1
        min: 1
        var: 0
    silence_rate_60dB:
        dmean: 0.063488714397
        dmean2: 0.126990824938
        dvar: 0.0594559721649
        dvar2: 0.139964878559
        max: 1
        mean: 0.430454492569
        median: 0
        min: 0
        var: 0.24516788125
    spectral_centroid:
        dmean: 230.689987183
        dmean2: 366.017608643
        dvar: 71233.9296875
        dvar2: 163982.75
        max: 11560.4257813
        mean: 1217.69348145
        median: 986.812194824
        min: 105.171302795
        var: 1349929.875
    spectral_complexity:
        dmean: 2.54439997673
        dmean2: 4.15905475616
        dvar: 12.6888198853
        dvar2: 31.4876232147
        max: 50
        mean: 9.34324550629
        median: 8
        min: 0
        var: 53.1365699768
    spectral_crest:
        dmean: 2.18248057365
        dmean2: 3.6335542202
        dvar: 4.03986930847
        dvar2: 10.8690309525
        max: 26.6199913025
        mean: 7.89026641846
        median: 7.01185560226
        min: 2.2650642395
        var: 14.6368236542
    spectral_decrease:
        dmean: 2.89037294099e-010
        dmean2: 4.72636652038e-010
        dvar: 2.11519724454e-019
        dvar2: 5.41619718825e-019
        max: 2.2060879919e-028
        mean: -9.47015021957e-010
        median: -8.64339488871e-010
        min: -9.27837273679e-009
        var: 5.84562852025e-019
    spectral_energy:
        dmean: 0.00116475264076
        dmean2: 0.00190289062448
        dvar: 3.48601770384e-006
        dvar2: 8.89133480086e-006
        max: 0.0361717157066
        mean: 0.00393621763214
        median: 0.00355065520853
        min: 1.01004059996e-020
        var: 1.00097895483e-005
    spectral_energyband_high:
        dmean: 9.36007563723e-005
        dmean2: 0.000158369046403
        dvar: 5.18408533878e-008
        dvar2: 1.44048414086e-007
        max: 0.00308636226691
        mean: 0.000212505401578
        median: 0.00011224445916
        min: 6.96480340435e-021
        var: 8.80126052039e-008
    spectral_energyband_low:
        dmean: 0.000534165767021
        dmean2: 0.000888510548975
        dvar: 8.01567523467e-007
        dvar2: 2.17130605051e-006
        max: 0.0155442720279
        mean: 0.00105210673064
        median: 0.000792885315605
        min: 6.80190030159e-024
        var: 1.30536705001e-006
    spectral_energyband_middle_high:
        dmean: 0.0003251361195
        dmean2: 0.000524321978446
        dvar: 3.38162408298e-007
        dvar2: 8.78253388237e-007
        max: 0.00813749711961
        mean: 0.00101133680437
        median: 0.000781894719694
        min: 1.08829493533e-021
        var: 1.01088164683e-006
    spectral_energyband_middle_low:
        dmean: 0.000807412434369
        dmean2: 0.00132502790075
        dvar: 1.92565175894e-006
        dvar2: 4.99982661495e-006
        max: 0.0327729098499
        mean: 0.00187608262058
        median: 0.00156028615311
        min: 1.62104264348e-022
        var: 3.53398377229e-006
    spectral_flatness_db:
        dmean: 0.0189711954445
        dmean2: 0.0305236000568
        dvar: 0.000321967410855
        dvar2: 0.000783062714618
        max: 0.518522322178
        mean: 0.170325815678
        median: 0.158409491181
        min: 0.0553882233799
        var: 0.00317434011959
    spectral_flux:
        dmean: 0.00655953772366
        dmean2: 0.0104665495455
        dvar: 6.62880192976e-005
        dvar2: 0.000139887313708
        max: 0.139045849442
        mean: 0.0324821732938
        median: 0.0316732004285
        min: 6.42405295626e-011
        var: 0.00035844737431
    spectral_kurtosis:
        dmean: 1.72249162197
        dmean2: 2.93883657455
        dvar: 6.55104875565
        dvar2: 17.5304679871
        max: 51.6534042358
        mean: 4.34074783325
        median: 3.18302226067
        min: -1.24420511723
        var: 17.8053016663
    spectral_rms:
        dmean: 0.000249123288086
        dmean2: 0.000400415447075
        dvar: 9.62688631034e-008
        dvar2: 2.40464459011e-007
        max: 0.00594049459323
        mean: 0.001762206899
        median: 0.00186119694263
        min: 3.13911678769e-012
        var: 7.34841137273e-007
    spectral_rolloff:
        dmean: 493.959442139
        dmean2: 827.513671875
        dvar: 374824.78125
        dvar2: 887115.375
        max: 19530.6152344
        mean: 2431.95581055
        median: 2368.65234375
        min: 86.1328125
        var: 3964784.25
    spectral_skewness:
        dmean: 0.219978526235
        dmean2: 0.360698491335
        dvar: 0.0744780525565
        dvar2: 0.179460451007
        max: 6.10232114792
        mean: 1.46100914478
        median: 1.3310778141
        min: -0.0613335445523
        var: 0.419573247433
    spectral_spread:
        dmean: 492913.21875
        dmean2: 765302.875
        dvar: 621243269120
        dvar2: 1.2799475712e+012
        max: 42172408
        mean: 4698259
        median: 4344378.5
        min: 1227385.75
        var: 1.45485736182e+013
    spectral_strongpeak:
        dmean: 0.159613594413
        dmean2: 0.277435779572
        dvar: 0.110367618501
        dvar2: 0.299833804369
        max: 6.33842802048
        mean: 0.245067089796
        median: 0.114628054202
        min: 0
        var: 0.151818275452
    zerocrossingrate:
        dmean: 0.00776811083779
        dmean2: 0.00974641554058
        dvar: 6.06432950008e-005
        dvar2: 7.86254386185e-005
        max: 0.53271484375
        mean: 0.0757421404123
        median: 0.06982421875
        min: 0.0078125
        var: 0.00265754084103
    barkbands:
        dmean: [9.49889226831e-007, 0.000225293595577, 0.000317379453918, 0.000342714367434, 0.000439963449026, 0.00019989964494, 0.000102296064142, 8.35097380332e-005, 6.24909298494e-005, 1.40658175951e-005, 2.78338793578e-005, 6.08359114267e-005, 3.39603611792e-005, 3.25542896462e-005, 6.01867286605e-005, 9.67781888903e-005, 6.93522451911e-005, 6.17908663116e-005, 8.49431016832e-005, 6.97741488693e-005, 5.03007104271e-005, 1.97769022634e-005, 3.37628421221e-006, 1.26981694848e-006, 6.01791612098e-007, 3.07336698313e-008, 2.0773055498e-010]
        dmean2: [1.54513213602e-006, 0.000372476468328, 0.000534975202754, 0.0005718289176, 0.000739099574275, 0.000335907447152, 0.000170660016011, 0.000141061347676, 0.000102712278021, 2.36511878029e-005, 4.70573577331e-005, 0.00010144526459, 5.66255112062e-005, 5.40079818165e-005, 9.9882890936e-005, 0.000161601230502, 0.000117072049761, 0.000103585021861, 0.000144284989801, 0.000118624520837, 8.52164448588e-005, 3.35753175023e-005, 5.62705099583e-006, 2.18417108044e-006, 9.97621782517e-007, 5.24377306022e-008, 3.79547254736e-010]
        dvar: [2.83411315249e-012, 1.43136702491e-007, 3.17629513802e-007, 4.3300420316e-007, 9.22295271266e-007, 1.0971833575e-007, 3.8246579237e-008, 2.7185150131e-008, 1.33225084298e-008, 5.40167410801e-010, 3.68345087765e-009, 1.29698403128e-008, 4.20658796685e-009, 3.21621906885e-009, 1.65035380917e-008, 3.06890086677e-008, 2.18662172813e-008, 2.08745287722e-008, 3.59037883868e-008, 2.37337030029e-008, 1.46851295568e-008, 2.47728348945e-009, 4.72581973554e-011, 7.68465759776e-012, 1.76778210126e-012, 6.07787940731e-015, 1.58524485655e-019]
        dvar2: [6.77082391889e-012, 3.95131536379e-007, 8.83642826466e-007, 1.15165198622e-006, 2.45929913945e-006, 2.97578765185e-007, 1.03248773087e-007, 7.86574574363e-008, 3.65153418613e-008, 1.48681666978e-009, 1.03234496507e-008, 3.61605039245e-008, 1.16150671303e-008, 8.61243432126e-009, 4.27075548259e-008, 8.43984651056e-008, 5.98416676212e-008, 5.59188073623e-008, 9.67938902363e-008, 6.56206111671e-008, 4.06835667377e-008, 6.86084655754e-009, 1.24382698585e-010, 2.16561751171e-011, 4.76731458129e-012, 1.61690458115e-014, 4.65214441511e-019]
        max: [3.80164128728e-005, 0.00487818522379, 0.0101618487388, 0.0109167182818, 0.0317491814494, 0.00600548973307, 0.00357561698183, 0.00309496675618, 0.00248438655399, 0.000511410355102, 0.00115043413825, 0.00196370133199, 0.00144990999252, 0.00141973490827, 0.00484690163285, 0.0034751992207, 0.00289879459888, 0.00337113067508, 0.00363191938959, 0.00292319897562, 0.00177276716568, 0.00088450423209, 0.000152120715939, 3.6042460124e-005, 1.72613636096e-005, 9.82163328445e-007, 5.69178437715e-009]
        mean: [2.15232330447e-006, 0.000395987648517, 0.000446064630523, 0.000436091329902, 0.000687855295837, 0.00034072107519, 0.000161573800142, 0.000129801439471, 0.000111606103019, 2.33368391491e-005, 4.31682092312e-005, 0.000104810373159, 5.62786335649e-005, 5.46936134924e-005, 0.000102417099697, 0.000179104885319, 0.000118973548524, 0.000104182116047, 0.000153842396685, 0.000140246629599, 9.63401325862e-005, 3.64743937098e-005, 7.04077365299e-006, 2.40258191297e-006, 1.01969362731e-006, 3.53190365843e-008, 1.70900280039e-010]
        median: [1.12774546324e-006, 0.00028742098948, 0.000227985816309, 0.000206546406844, 0.000414892449044, 0.000198859052034, 8.59595747897e-005, 6.00842540734e-005, 6.42051018076e-005, 1.41863984027e-005, 1.66188056028e-005, 4.56936177216e-005, 3.22339765262e-005, 3.60023041139e-005, 5.86352798564e-005, 0.000100271805422, 7.80067639425e-005, 5.65178706893e-005, 0.000100382210803, 0.000102027843241, 4.03683261538e-005, 1.47161508721e-005, 2.52752852248e-006, 1.00232125533e-006, 3.41397310422e-007, 7.788170997e-009, 5.15198300688e-011]
        min: [9.18226205068e-025, 1.94822492851e-024, 3.7743382811e-025, 2.34920953334e-025, 5.1013942634e-024, 1.21213605683e-023, 3.12452697872e-024, 7.77289893463e-024, 1.30681624708e-023, 1.63570229811e-023, 2.1505053518e-023, 3.1158674159e-023, 1.83944945049e-023, 2.05770801476e-023, 4.7827352418e-023, 4.79978978348e-023, 8.13915632442e-023, 9.22949209971e-023, 1.29678635399e-022, 1.37865295034e-022, 2.85399046026e-022, 3.56218863399e-022, 4.02936771306e-022, 6.09631758042e-022, 8.92809598951e-022, 1.29201088037e-021, 1.99135089081e-021]
        var: [9.12921387791e-012, 2.06397189118e-007, 3.97151524112e-007, 5.08822608936e-007, 1.15515729249e-006, 2.05975538847e-007, 5.63552831068e-008, 4.52325537026e-008, 2.62891344249e-008, 9.5177099535e-010, 5.91213078494e-009, 2.49314773271e-008, 6.80309319989e-009, 4.67084593225e-009, 3.03227132292e-008, 6.27247089824e-008, 2.73802065465e-008, 3.16003898604e-008, 4.8432273303e-008, 3.33609868619e-008, 2.53999310473e-008, 3.39008954242e-009, 1.0770417197e-010, 1.21066203937e-011, 2.77300057916e-012, 5.54277396618e-015, 1.21295890944e-019]
    frequency_bands:
        dmean: [9.49889226831e-007, 0.000225293595577, 0.000317379453918, 0.000342714367434, 0.000439963449026, 0.00019989964494, 0.000102296064142, 8.35097380332e-005, 6.24909298494e-005, 1.40658175951e-005, 2.78338793578e-005, 6.08359114267e-005, 3.39603611792e-005, 3.25542896462e-005, 6.01867286605e-005, 9.67781888903e-005, 6.93522451911e-005, 6.17908663116e-005, 8.49431016832e-005, 6.97741488693e-005, 5.03007104271e-005, 1.97769022634e-005, 3.37628421221e-006, 1.26981694848e-006, 6.01791612098e-007, 3.07336698313e-008, 2.0773055498e-010, 4.51098811083e-011]
        dmean2: [1.54513213602e-006, 0.000372476468328, 0.000534975202754, 0.0005718289176, 0.000739099574275, 0.000335907447152, 0.000170660016011, 0.000141061347676, 0.000102712278021, 2.36511878029e-005, 4.70573577331e-005, 0.00010144526459, 5.66255112062e-005, 5.40079818165e-005, 9.9882890936e-005, 0.000161601230502, 0.000117072049761, 0.000103585021861, 0.000144284989801, 0.000118624520837, 8.52164448588e-005, 3.35753175023e-005, 5.62705099583e-006, 2.18417108044e-006, 9.97621782517e-007, 5.24377306022e-008, 3.79547254736e-010, 8.36350155797e-011]
        dvar: [2.83411315249e-012, 1.43136702491e-007, 3.17629513802e-007, 4.3300420316e-007, 9.22295271266e-007, 1.0971833575e-007, 3.8246579237e-008, 2.7185150131e-008, 1.33225084298e-008, 5.40167410801e-010, 3.68345087765e-009, 1.29698403128e-008, 4.20658796685e-009, 3.21621906885e-009, 1.65035380917e-008, 3.06890086677e-008, 2.18662172813e-008, 2.08745287722e-008, 3.59037883868e-008, 2.37337030029e-008, 1.46851295568e-008, 2.47728348945e-009, 4.72581973554e-011, 7.68465759776e-012, 1.76778210126e-012, 6.07787940731e-015, 1.58524485655e-019, 5.85678851149e-021]
        dvar2: [6.77082391889e-012, 3.95131536379e-007, 8.83642826466e-007, 1.15165198622e-006, 2.45929913945e-006, 2.97578765185e-007, 1.03248773087e-007, 7.86574574363e-008, 3.65153418613e-008, 1.48681666978e-009, 1.03234496507e-008, 3.61605039245e-008, 1.16150671303e-008, 8.61243432126e-009, 4.27075548259e-008, 8.43984651056e-008, 5.98416676212e-008, 5.59188073623e-008, 9.67938902363e-008, 6.56206111671e-008, 4.06835667377e-008, 6.86084655754e-009, 1.24382698585e-010, 2.16561751171e-011, 4.76731458129e-012, 1.61690458115e-014, 4.65214441511e-019, 1.85911266052e-020]
        max: [3.80164128728e-005, 0.00487818522379, 0.0101618487388, 0.0109167182818, 0.0317491814494, 0.00600548973307, 0.00357561698183, 0.00309496675618, 0.00248438655399, 0.000511410355102, 0.00115043413825, 0.00196370133199, 0.00144990999252, 0.00141973490827, 0.00484690163285, 0.0034751992207, 0.00289879459888, 0.00337113067508, 0.00363191938959, 0.00292319897562, 0.00177276716568, 0.00088450423209, 0.000152120715939, 3.6042460124e-005, 1.72613636096e-005, 9.82163328445e-007, 5.69178437715e-009, 1.0127336747e-009]
        mean: [2.15232330447e-006, 0.000395987648517, 0.000446064630523, 0.000436091329902, 0.000687855295837, 0.00034072107519, 0.000161573800142, 0.000129801439471, 0.000111606103019, 2.33368391491e-005, 4.31682092312e-005, 0.000104810373159, 5.62786335649e-005, 5.46936134924e-005, 0.000102417099697, 0.000179104885319, 0.000118973548524, 0.000104182116047, 0.000153842396685, 0.000140246629599, 9.63401325862e-005, 3.64743937098e-005, 7.04077365299e-006, 2.40258191297e-006, 1.01969362731e-006, 3.53190365843e-008, 1.70900280039e-010, 3.49460356486e-011]
        median: [1.12774546324e-006, 0.00028742098948, 0.000227985816309, 0.000206546406844, 0.000414892449044, 0.000198859052034, 8.59595747897e-005, 6.00842540734e-005, 6.42051018076e-005, 1.41863984027e-005, 1.66188056028e-005, 4.56936177216e-005, 3.22339765262e-005, 3.60023041139e-005, 5.86352798564e-005, 0.000100271805422, 7.80067639425e-005, 5.65178706893e-005, 0.000100382210803, 0.000102027843241, 4.03683261538e-005, 1.47161508721e-005, 2.52752852248e-006, 1.00232125533e-006, 3.41397310422e-007, 7.788170997e-009, 5.15198300688e-011, 9.45184642359e-012]
        min: [9.18226205068e-025, 1.94822492851e-024, 3.7743382811e-025, 2.34920953334e-025, 5.1013942634e-024, 1.21213605683e-023, 3.12452697872e-024, 7.77289893463e-024, 1.30681624708e-023, 1.63570229811e-023, 2.1505053518e-023, 3.1158674159e-023, 1.83944945049e-023, 2.05770801476e-023, 4.7827352418e-023, 4.79978978348e-023, 8.13915632442e-023, 9.22949209971e-023, 1.29678635399e-022, 1.37865295034e-022, 2.85399046026e-022, 3.56218863399e-022, 4.02936771306e-022, 6.09631758042e-022, 8.92809598951e-022, 1.29201088037e-021, 1.99135089081e-021, 4.70640373532e-022]
        var: [9.12921387791e-012, 2.06397189118e-007, 3.97151524112e-007, 5.08822608936e-007, 1.15515729249e-006, 2.05975538847e-007, 5.63552831068e-008, 4.52325537026e-008, 2.62891344249e-008, 9.5177099535e-010, 5.91213078494e-009, 2.49314773271e-008, 6.80309319989e-009, 4.67084593225e-009, 3.03227132292e-008, 6.27247089824e-008, 2.73802065465e-008, 3.16003898604e-008, 4.8432273303e-008, 3.33609868619e-008, 2.53999310473e-008, 3.39008954242e-009, 1.0770417197e-010, 1.21066203937e-011, 2.77300057916e-012, 5.54277396618e-015, 1.21295890944e-019, 4.49876595252e-021]
    mfcc:
        mean: [-756.832214355, 116.442619324, -31.1526145935, 54.8195266724, -1.5513420105, 2.60055303574, -4.00479650497, -8.88675880432, -1.54693853855, -0.929341256618, -3.84640288353, -1.0898963213, 0.744977772236]
        cov: [[12272.9326172, 1792.82092285, -189.262985229, 1214.75512695, -99.7607803345, 1019.8046875, -115.911056519, 74.1882476807, -43.8930969238, -234.93711853, -102.958267212, 259.88848877, 184.3934021], [1792.82092285, 1469.09191895, 102.860527039, 260.647796631, 191.184448242, 135.210723877, 32.0206718445, -16.812746048, 3.02768039703, -21.6938762665, 18.1946315765, 57.1680107117, 44.0604286194], [-189.262985229, 102.860527039, 967.865112305, -41.3159294128, 1.83067071438, 134.313903809, 12.7008571625, 149.469345093, 79.7385559082, 52.7508583069, 113.057975769, 42.6184577942, 20.083732605], [1214.75512695, 260.647796631, -41.3159294128, 434.582641602, 113.228225708, 128.893280029, 45.0184135437, -50.125328064, -16.0122528076, 2.23255419731, 20.9194469452, 24.5416374207, 22.6102600098], [-99.7607803345, 191.184448242, 1.83067071438, 113.228225708, 271.652038574, 14.9187717438, 33.1243247986, -41.7032814026, -27.6070766449, 23.781671524, 4.265625, 10.8625087738, 10.2149324417], [1019.8046875, 135.210723877, 134.313903809, 128.893280029, 14.9187717438, 243.301315308, 29.5630264282, 54.4988746643, 34.9264335632, 2.87887167931, 23.9960079193, 48.945980072, 38.1454048157], [-115.911056519, 32.0206718445, 12.7008571625, 45.0184135437, 33.1243247986, 29.5630264282, 129.277313232, 35.8047103882, 30.4605636597, 25.5695667267, 23.6551532745, 30.2142810822, 14.1999921799], [74.1882476807, -16.812746048, 149.469345093, -50.125328064, -41.7032814026, 54.4988746643, 35.8047103882, 156.058105469, 59.3394126892, 19.2744941711, 14.2335395813, 31.0065917969, 29.8939399719], [-43.8930969238, 3.02768039703, 79.7385559082, -16.0122528076, -27.6070766449, 34.9264335632, 30.4605636597, 59.3394126892, 111.078926086, 43.8932266235, 29.7012042999, 18.5443382263, 8.31333065033], [-234.93711853, -21.6938762665, 52.7508583069, 2.23255419731, 23.781671524, 2.87887167931, 25.5695667267, 19.2744941711, 43.8932266235, 88.6336898804, 41.7960891724, 21.3218326569, 5.95962762833], [-102.958267212, 18.1946315765, 113.057975769, 20.9194469452, 4.265625, 23.9960079193, 23.6551532745, 14.2335395813, 29.7012042999, 41.7960891724, 95.2622528076, 33.1132736206, 9.72739505768], [259.88848877, 57.1680107117, 42.6184577942, 24.5416374207, 10.8625087738, 48.945980072, 30.2142810822, 31.0065917969, 18.5443382263, 21.3218326569, 33.1132736206, 91.8050079346, 44.9829864502], [184.3934021, 44.0604286194, 20.083732605, 22.6102600098, 10.2149324417, 38.1454048157, 14.1999921799, 29.8939399719, 8.31333065033, 5.95962762833, 9.72739505768, 44.9829864502, 75.0343780518]]
        icov: [[0.000261799112195, -0.000213659339352, 0.000141082025948, -0.000544846931007, 0.000408549589338, -0.000780058384407, 0.000568680465221, -0.000245439587161, 0.000129783162265, 0.000261829147348, 0.000378238590201, -0.000590779469348, 0.000209586884012], [-0.000213659339352, 0.00102674448863, -0.000207172372029, 0.000102556870843, -0.000857496750541, 0.000527083873749, -0.000357582728611, 0.000296327954857, -0.000473840569612, 0.000427133258199, -0.000303390406771, 0.00010584598931, -0.000260456610704], [0.000141082025948, -0.000207172372029, 0.00161225476768, 2.23236529564e-005, -9.52709888224e-005, -0.00109184847679, 0.000867301714607, -0.00148774194531, 0.000105677630927, 0.000157098096679, -0.00161811895669, 8.09741322882e-005, 0.000470350991236], [-0.000544846931007, 0.000102556870843, 2.23236529564e-005, 0.00482910918072, -0.00162070279475, -0.000512846745551, -0.00217421702109, 0.00202014343813, 0.000175276887603, -0.000636463053524, -0.00156615045853, 0.00181880756281, -0.000950647227], [0.000408549589338, -0.000857496750541, -9.52709888224e-005, -0.00162070279475, 0.00576745625585, -0.00104160420597, -0.000462906959001, 0.00085704337107, 0.00201123906299, -0.00218595121987, 0.00169637950603, -0.000771387421992, -0.000302765751258], [-0.000780058384407, 0.000527083873749, -0.00109184847679, -0.000512846745551, -0.00104160420597, 0.00897207017988, -0.00148043606896, -0.000785421754699, -0.0017983992584, 0.000725273857825, -0.000804113806225, -0.000213925741264, -0.00139789842069], [0.000568680465221, -0.000357582728611, 0.000867301714607, -0.00217421702109, -0.000462906959001, -0.00148043606896, 0.0113131068647, -0.00313907535747, -0.0012360404944, 7.82170100138e-005, -0.000460662791738, -0.00327369803563, 0.00131380045786], [-0.000245439587161, 0.000296327954857, -0.00148774194531, 0.00202014343813, 0.00085704337107, -0.000785421754699, -0.00313907535747, 0.0118620647117, -0.00385813857429, -0.000349994981661, 0.00193539098836, -0.000217547960347, -0.00329581438564], [0.000129783162265, -0.000473840569612, 0.000105677630927, 0.000175276887603, 0.00201123906299, -0.0017983992584, -0.0012360404944, -0.00385813857429, 0.0150720020756, -0.00637189066038, -0.000882637395989, 0.000578364008106, 0.000893570482731], [0.000261829147348, 0.000427133258199, 0.000157098096679, -0.000636463053524, -0.00218595121987, 0.000725273857825, 7.82170100138e-005, -0.000349994981661, -0.00637189066038, 0.0188655611128, -0.00541735580191, -0.00241167331114, 0.000664664723445], [0.000378238590201, -0.000303390406771, -0.00161811895669, -0.00156615045853, 0.00169637950603, -0.000804113806225, -0.000460662791738, 0.00193539098836, -0.000882637395989, -0.00541735580191, 0.0176171846688, -0.00548096187413, 0.00117766461335], [-0.000590779469348, 0.00010584598931, 8.09741322882e-005, 0.00181880756281, -0.000771387421992, -0.000213925741264, -0.00327369803563, -0.000217547960347, 0.000578364008106, -0.00241167331114, -0.00548096187413, 0.0205147732049, -0.0097206607461], [0.000209586884012, -0.000260456610704, 0.000470350991236, -0.000950647227, -0.000302765751258, -0.00139789842069, 0.00131380045786, -0.00329581438564, 0.000893570482731, 0.000664664723445, 0.00117766461335, -0.0097206607461, 0.0204650387168]]
    sccoeffs:
        dmean: [0.0538644716144, 0.0473196096718, 0.0379050560296, 0.0284423250705, 0.0209473818541, 0.0225586742163]
        dmean2: [0.0889713838696, 0.0789053142071, 0.0632401630282, 0.047851357609, 0.0346069261432, 0.0362150333822]
        dvar: [0.0018909368664, 0.00143584271427, 0.000907224195544, 0.000523387803696, 0.000329453963786, 0.000439058203483]
        dvar2: [0.00519262440503, 0.00391450012103, 0.00246448791586, 0.00142580701504, 0.000822088506538, 0.00100789277349]
        max: [-0.271979033947, -0.473384529352, -0.553473472595, -0.574523091316, -0.577719330788, -0.512341022491]
        mean: [-0.673384964466, -0.760503351688, -0.791516721249, -0.805153608322, -0.809161663055, -0.726998150349]
        median: [-0.679792106152, -0.765698730946, -0.795399010181, -0.808134973049, -0.814757108688, -0.72460436821]
        min: [-0.980708777905, -0.976971566677, -0.976699590683, -0.9723752141, -0.966761529446, -0.964690506458]
        var: [0.00767068238929, 0.00497800298035, 0.0031935190782, 0.00197698897682, 0.00160452106502, 0.00379027286544]
    scvalleys:
        dmean: [0.389922589064, 0.346944600344, 0.306285232306, 0.26943641901, 0.261678367853, 0.35077637434]
        dmean2: [0.64534676075, 0.569497287273, 0.498746573925, 0.424267441034, 0.398553788662, 0.540037930012]
        dvar: [0.133165121078, 0.110778577626, 0.0936599224806, 0.0932604074478, 0.119422540069, 0.197218254209]
        dvar2: [0.310396492481, 0.242077827454, 0.190928831697, 0.169384777546, 0.222388625145, 0.406295984983]
        max: [-4.63136386871, -4.36812257767, -5.5178604126, -5.58494138718, -5.35519886017, -7.99741744995]
        mean: [-6.94559574127, -7.00799942017, -7.80413532257, -7.68763780594, -7.87967348099, -11.0474853516]
        median: [-6.03518724442, -6.41062259674, -7.28313302994, -7.13617563248, -7.26093673706, -10.3195199966]
        min: [-28.2317771912, -27.8455028534, -27.6959533691, -27.5441513062, -27.5435333252, -27.4268054962]
        var: [7.41816616058, 5.68624591827, 5.17848682404, 5.20899152756, 5.18200492859, 5.61008262634]

rhythm:
    beats_loudness:
        dmean: 0.00317415967584
        dmean2: 0.00588294677436
        dvar: 1.0175926036e-005
        dvar2: 3.24075008393e-005
        max: 0.0204454250634
        mean: 0.00544314598665
        median: 0.00472039915621
        min: 0
        var: 1.75815584953e-005
    bpm: 109.829307556
    bpm_confidence: 0
    first_peak_bpm: 110
    first_peak_spread: 0.170329660177
    first_peak_weight: 0.758793950081
    onset_rate: 2.81613373756
    second_peak_bpm: 96
    second_peak_spread: 0.285714268684
    second_peak_weight: 0.0251256283373
    beats_loudness_band_ratio:
        dmean: [0.142840728164, 0.154768392444, 0.0609170719981, 0.0369231440127, 0.0764836370945, 0.0556660667062]
        dmean2: [0.242128804326, 0.276833474636, 0.10459972918, 0.066118195653, 0.138602823019, 0.096474647522]
        dvar: [0.0174795873463, 0.0152749307454, 0.00471942080185, 0.001361810253, 0.00451197661459, 0.00510800257325]
        dvar2: [0.0484579056501, 0.0461326576769, 0.0116528291255, 0.00402694381773, 0.0129114398733, 0.0124811632559]
        max: [0.885124742985, 0.713400840759, 0.979318737984, 0.261814624071, 0.478428602219, 0.989568889141]
        mean: [0.352850139141, 0.244110167027, 0.120278455317, 0.0554563030601, 0.139349371195, 0.131125748158]
        median: [0.366590321064, 0.222070530057, 0.0925921350718, 0.0422850176692, 0.120650358498, 0.0930457413197]
        min: [0, 0, 0, 0, 0, 0]
        var: [0.0411625429988, 0.0261594224721, 0.0184627491981, 0.0018288946012, 0.00952476169914, 0.0250856969506]
    beats_position: [0.49922901392, 1.01006805897, 1.52090704441, 2.03174591064, 2.54258489609, 3.09986400604, 3.65714287758, 4.22603178024, 4.78331041336, 5.34058952332, 5.89786815643, 6.45514726639, 7.01242637634, 7.55809497833, 8.11537361145, 8.67265319824, 9.24154186249, 9.81043052673, 10.379319191, 10.9365987778, 11.4938774109, 12.0395460129, 12.5852155685, 13.1308841705, 13.6765527725, 14.2222223282, 14.7678909302, 15.3135595322, 15.8592290878, 16.4048976898, 16.9505672455, 17.4962348938, 18.0419044495, 18.5875740051, 19.1332416534, 19.6789112091, 20.2245807648, 20.7702484131, 21.3159179688, 21.8499774933, 22.4072551727, 22.9529247284, 23.4985942841, 24.0442619324, 24.589931488, 25.1356010437, 25.681268692, 26.2153282166, 26.7726078033, 27.3182754517, 27.8639450073, 28.3980045319, 28.9436721802, 29.4893417358, 30.0350112915, 30.5806789398, 31.1263484955, 31.6720180511, 32.2176856995, 32.7633552551, 33.3090248108, 33.8546943665, 34.4003639221, 34.9460296631, 35.4916992188, 36.0373687744, 36.5830383301, 37.1287078857, 37.6743774414, 38.2200431824, 38.765712738, 39.3113822937, 39.8570518494, 40.402721405, 40.9483909607, 41.4940567017, 42.0397262573, 42.585395813, 43.1310653687, 43.6767349243, 44.22240448, 44.7680702209, 45.3021316528, 45.8478012085, 46.3934669495, 46.9391365051, 47.4848060608, 48.0304756165, 48.5761451721, 49.1218147278, 49.6674804688, 50.2131500244, 50.7588195801, 51.3160972595, 51.8617668152, 52.4074363708, 52.9531059265, 53.4987754822, 54.0444450378, 54.5901107788, 55.1241722107, 55.6814498901, 56.2271194458, 56.7727890015, 57.3184585571, 57.8641242981, 58.4097938538, 58.9554634094, 59.4895210266, 60.0468025208, 60.5924720764, 61.1381378174, 61.683807373, 62.2178688049, 62.7635345459, 63.3092041016, 63.8548736572, 64.4005432129, 64.9462127686, 65.4918823242, 66.0375518799, 66.5832214355, 67.1288909912, 67.6745529175, 68.2202224731, 68.7658920288, 69.3115615845, 69.8572311401, 70.4029006958, 70.9485702515, 71.4942398071, 72.0399093628, 72.5855789185, 73.1196365356, 73.6536941528, 74.18775177, 74.7334213257, 75.3023147583, 75.8479766846, 76.4052581787, 76.9509277344, 77.49659729, 78.0422668457, 78.5763244629, 79.1219940186, 79.6792755127, 80.2249450684, 80.7706069946, 81.3162765503, 81.861946106, 82.4076156616, 82.9532852173, 83.4989547729, 84.0446243286, 84.5902938843, 85.1359634399, 85.6816329956, 86.2273025513, 86.7729721069, 87.3186416626, 87.8643035889, 88.4099731445, 88.9556427002, 89.5013122559, 90.0469818115, 90.5810394287, 91.1267089844, 91.67237854, 92.2180480957, 92.7637176514, 93.309387207, 93.8550567627, 94.4007263184, 94.9580001831, 95.5036697388, 96.0493392944, 96.5950088501, 97.1406784058, 97.6863479614, 98.2204055786, 98.7660751343, 99.3117446899, 99.8574142456, 100.403083801, 100.948753357, 101.494422913, 102.040092468, 102.585754395, 103.143035889, 103.688705444, 104.222763062, 104.756820679, 105.302490234, 105.84815979, 106.393829346, 106.939498901, 107.485168457, 108.030838013, 108.576507568, 109.122177124, 109.66784668, 110.213516235, 110.759178162, 111.304847717, 111.850517273, 112.396186829, 112.941856384, 113.48752594, 114.033195496, 114.578865051, 115.124534607, 115.670204163, 116.215873718, 116.761543274, 117.3072052, 117.852874756, 118.398544312, 118.944213867, 119.489883423, 120.035552979, 120.581222534, 121.115280151, 121.660949707, 122.218231201, 122.763900757, 123.309570313, 123.855232239, 124.412513733, 124.958183289, 125.503852844, 126.0495224, 126.595191956, 127.129249573, 127.674919128, 128.220581055, 128.76625061, 129.311920166, 129.857589722, 130.403259277, 130.948928833, 131.494598389, 132.028656006, 132.574325562, 133.119995117, 133.665664673, 134.211334229, 134.768615723, 135.314285278, 135.859954834, 136.40562439, 136.951293945, 137.496963501, 138.042633057, 138.588302612, 139.133972168, 139.679641724, 140.225296021, 140.770965576, 141.316635132, 141.862304688, 142.407974243, 142.953643799, 143.499313354, 144.04498291, 144.590652466, 145.136322021, 145.681991577, 146.227661133, 146.773330688, 147.319000244, 147.8646698, 148.410339355, 148.956008911, 149.501678467, 150.047348022, 150.58140564, 151.127075195, 151.672744751, 152.218414307, 152.764083862, 153.321365356, 153.867019653, 154.412689209, 154.958358765, 155.515640259, 156.09614563, 156.688247681, 157.28036499, 157.872467041, 158.464584351, 159.056686401, 159.648788452, 160.240905762, 160.821395874, 161.390289307, 161.970794678, 162.528076172, 163.085342407, 163.642623901, 164.199905396, 164.745574951, 165.291244507, 165.836914063, 166.394195557, 166.939865112, 167.485534668, 168.031204224, 168.576873779, 169.122543335, 169.668212891, 170.213867188, 170.759536743, 171.305206299, 171.850875854, 172.39654541, 172.942214966, 173.487884521, 174.045166016, 174.60244751, 175.148117065, 175.682174683, 176.2162323, 176.750289917, 177.307571411, 177.853240967, 178.398910522, 178.944580078, 179.490249634, 180.035919189, 180.581588745, 181.127258301, 181.672927856, 182.218597412, 182.764266968, 183.309921265, 183.85559082, 184.401260376, 184.946929932, 185.492599487, 186.038269043, 186.583938599, 187.129608154, 187.67527771, 188.220947266, 188.766616821, 189.312286377, 189.857955933, 190.403625488, 190.949295044, 191.4949646, 192.040634155, 192.586303711, 193.131973267, 193.677642822, 194.223312378, 194.768981934, 195.314651489, 195.860321045, 196.405975342, 196.951644897, 197.497314453, 198.042984009, 198.577041626, 199.111114502, 199.656768799, 200.202438354, 200.74810791, 201.293777466, 201.839447021, 202.385116577, 202.942398071, 203.499679565, 204.045349121, 204.591018677, 205.136688232, 205.682357788, 206.228027344, 206.773696899, 207.307754517, 207.841812134, 208.387481689, 208.933151245, 209.478820801, 210.024490356, 210.581771851, 211.208709717, 211.835647583, 212.462585449, 213.089523315, 213.716461182, 214.343399048, 214.970336914, 215.59727478, 216.224212646, 216.851150513, 217.489700317, 218.128250122, 218.778411865, 219.428573608]
