
metadata:
    version:
        essentia: "2.1-beta2"
    audio_properties:
        analysis_sample_rate: 44100
        bitrate: 128
        channels: 2
        equal_loudness: 1
        length: 252.969802856
        replay_gain: -10.0470504761
        downmix: "mix"
    tags:
        album: "Hilium"
        artist: "Hypnosis"
        comment: ""
        date: "2013"
        genre: "Métal"
        title: "Rise"
        tracknumber: "06"

configuration:
    average_loudness:
        compute: 1
        frameSize: 88200
        hopSize: 44100
        silentFrames: "noise"
        windowType: "hann"
    general:
        analysisSampleRate: 44100
        endTime: 2000
        equalLoudness: 1
        nequalLoudness: 0
        shortSound: 0
        startTime: 0
    lowlevel:
        compute: 1
        frameSize: 2048
        hopSize: 1024
        zeroPadding: 0
        silentFrames: "noise"
        windowType: "blackmanharris62"
        mfccStats: ["mean", "cov", "icov"]
        stats: ["mean", "var", "median", "min", "max", "dmean", "dmean2", "dvar", "dvar2"]
    panning:
        compute: 0
        frameSize: 8192
        hopSize: 2048
        zeroPadding: 8192
        silentFrames: "noise"
        windowType: "hann"
        stats: ["copy"]
    rhythm:
        compute: 1
        maxTempo: 208
        minTempo: 40
        method: "degara"
        stats: ["mean", "var", "median", "min", "max", "dmean", "dmean2", "dvar", "dvar2"]
    segmentation:
        compute: 0
        cpw: 5
        inc1: 300
        inc2: 50
        minimumSegmentsLength: 10
        size1: 1000
        size2: 600
    sfx:
        compute: 1
        stats: ["mean", "var", "median", "min", "max", "dmean", "dmean2", "dvar", "dvar2"]
    svm:
        compute: 0
    tonal:
        compute: 1
        frameSize: 4096
        hopSize: 2048
        zeroPadding: 0
        silentFrames: "noise"
        windowType: "blackmanharris62"
        stats: ["mean", "var", "median", "min", "max", "dmean", "dmean2", "dvar", "dvar2"]

lowlevel:
    average_loudness: 0.864021897316
    barkbands_kurtosis:
        dmean: 1.57678389549
        dmean2: 2.49714303017
        dvar: 22.4261264801
        dvar2: 51.4625587463
        max: 154.129669189
        mean: 0.816200733185
        median: -1.23068737984
        min: -1.94633674622
        var: 37.0815429688
    barkbands_skewness:
        dmean: 0.512434184551
        dmean2: 0.794996917248
        dvar: 0.361783951521
        dvar2: 0.813650906086
        max: 11.6792078018
        mean: 0.447562158108
        median: 0.183583632112
        min: -4.99751758575
        var: 1.68939304352
    barkbands_spread:
        dmean: 6.62997341156
        dmean2: 10.614238739
        dvar: 51.9251594543
        dvar2: 123.567619324
        max: 79.0690612793
        mean: 35.4498901367
        median: 38.2785110474
        min: 1.49533474445
        var: 233.406036377
    dissonance:
        dmean: 0.0107228280976
        dmean2: 0.0178730022162
        dvar: 0.000159625851666
        dvar2: 0.000430486863479
        max: 0.500000178814
        mean: 0.476390868425
        median: 0.484539479017
        min: 0.253395348787
        var: 0.000592037162278
    hfc:
        dmean: 3.21105408669
        dmean2: 5.62749290466
        dvar: 49.319934845
        dvar2: 138.871047974
        max: 76.4794540405
        mean: 6.1210770607
        median: 4.96666526794
        min: 1.08954906797e-016
        var: 46.457775116
    pitch:
        dmean: 831.986572266
        dmean2: 1562.4822998
        dvar: 1540294.125
        dvar2: 3858353.75
        max: 4639.58447266
        mean: 1293.44042969
        median: 403.15335083
        min: 61.4524993896
        var: 2220064.75
    pitch_instantaneous_confidence:
        dmean: 0.0876287892461
        dmean2: 0.143551319838
        dvar: 0.00609708530828
        dvar2: 0.0152370175347
        max: 0.972248136997
        mean: 0.385432451963
        median: 0.34627828002
        min: 0.0959521532059
        var: 0.0266642272472
    pitch_salience:
        dmean: 0.0735472142696
        dmean2: 0.121366791427
        dvar: 0.00517847761512
        dvar2: 0.0133300675079
        max: 0.924808382988
        mean: 0.597680151463
        median: 0.618182778358
        min: 0.0591810420156
        var: 0.0143517553806
    silence_rate_20dB:
        dmean: 0
        dmean2: 0
        dvar: 0
        dvar2: 0
        max: 1
        mean: 1
        median: 1
        min: 1
        var: 0
    silence_rate_30dB:
        dmean: 0
        dmean2: 0
        dvar: 0
        dvar2: 0
        max: 1
        mean: 1
        median: 1
        min: 1
        var: 0
    silence_rate_60dB:
        dmean: 0.100413031876
        dmean2: 0.200844496489
        dvar: 0.0903249531984
        dvar2: 0.194085538387
        max: 1
        mean: 0.424743026495
        median: 0
        min: 0
        var: 0.24433965981
    spectral_centroid:
        dmean: 293.613037109
        dmean2: 467.005004883
        dvar: 110824.09375
        dvar2: 247174.953125
        max: 11822.9716797
        mean: 1485.05859375
        median: 1474.76477051
        min: 132.700820923
        var: 1221801.875
    spectral_complexity:
        dmean: 4.04056930542
        dmean2: 6.67817163467
        dvar: 28.4606208801
        dvar2: 71.4417419434
        max: 53
        mean: 11.3504037857
        median: 10
        min: 0
        var: 69.695022583
    spectral_crest:
        dmean: 2.16675567627
        dmean2: 3.5700469017
        dvar: 4.24561452866
        dvar2: 10.6613645554
        max: 24.5804328918
        mean: 7.5863442421
        median: 6.71611309052
        min: 2.44891881943
        var: 11.6324014664
    spectral_decrease:
        dmean: 3.59618668178e-010
        dmean2: 6.12568940017e-010
        dvar: 3.62788983107e-019
        dvar2: 9.65040497995e-019
        max: 2.33029915848e-028
        mean: -9.091473685e-010
        median: -7.96565258199e-010
        min: -1.02352473164e-008
        var: 5.30493467502e-019
    spectral_energy:
        dmean: 0.00161988986656
        dmean2: 0.00277514499612
        dvar: 8.0606314441e-006
        dvar2: 2.18276782107e-005
        max: 0.0401545576751
        mean: 0.00398653373122
        median: 0.00348425796255
        min: 1.02225427714e-020
        var: 1.07059613583e-005
    spectral_energyband_high:
        dmean: 0.000254097802099
        dmean2: 0.000459205039078
        dvar: 4.48875596248e-007
        dvar2: 1.28749718442e-006
        max: 0.00636109663174
        mean: 0.000343292456819
        median: 0.000243945833063
        min: 7.05052726547e-021
        var: 3.15524630423e-007
    spectral_energyband_low:
        dmean: 0.000488926132675
        dmean2: 0.00083491805708
        dvar: 5.07572451625e-007
        dvar2: 1.38654229431e-006
        max: 0.00905160326511
        mean: 0.000869327457622
        median: 0.000602090673055
        min: 1.53595714754e-023
        var: 8.21593346245e-007
    spectral_energyband_middle_high:
        dmean: 0.000730302534066
        dmean2: 0.00124013330787
        dvar: 1.72452939751e-006
        dvar2: 4.7294365686e-006
        max: 0.0173848401755
        mean: 0.0016109761782
        median: 0.00127980369143
        min: 1.04413942435e-021
        var: 2.55220879808e-006
    spectral_energyband_middle_low:
        dmean: 0.000639233912807
        dmean2: 0.00105850840919
        dvar: 1.68676422163e-006
        dvar2: 4.07856805396e-006
        max: 0.0357356257737
        mean: 0.0012731772149
        median: 0.000903361826204
        min: 1.85220261764e-022
        var: 2.5261169867e-006
    spectral_flatness_db:
        dmean: 0.0197679698467
        dmean2: 0.0309713352472
        dvar: 0.000445420882897
        dvar2: 0.00099730247166
        max: 0.434718698263
        mean: 0.172028243542
        median: 0.145430326462
        min: 0.054566193372
        var: 0.00440236041322
    spectral_flux:
        dmean: 0.00952855031937
        dmean2: 0.0151954218745
        dvar: 0.000172321524587
        dvar2: 0.000314047094434
        max: 0.151654303074
        mean: 0.0360143072903
        median: 0.0344707891345
        min: 6.35192662357e-011
        var: 0.000425128324423
    spectral_kurtosis:
        dmean: 2.88409733772
        dmean2: 4.96879243851
        dvar: 39.6785125732
        dvar2: 118.367149353
        max: 124.141685486
        mean: 6.08271217346
        median: 2.75838208199
        min: -1.28483355045
        var: 106.850723267
    spectral_rms:
        dmean: 0.000343715888448
        dmean2: 0.000570731644984
        dvar: 2.20955470809e-007
        dvar2: 5.83346320582e-007
        max: 0.00625900784507
        mean: 0.00182329013478
        median: 0.00184371252544
        min: 3.15803936821e-012
        var: 5.6489778899e-007
    spectral_rolloff:
        dmean: 471.635101318
        dmean2: 789.971557617
        dvar: 432450.34375
        dvar2: 972480.8125
        max: 19616.7480469
        mean: 2908.47558594
        median: 3143.84765625
        min: 107.666015625
        var: 3612304.25
    spectral_skewness:
        dmean: 0.2955506742
        dmean2: 0.496421486139
        dvar: 0.202452898026
        dvar2: 0.586443960667
        max: 9.2508354187
        mean: 1.45547473431
        median: 1.1935762167
        min: -0.0740928947926
        var: 0.772016584873
    spectral_spread:
        dmean: 533942.75
        dmean2: 853296.8125
        dvar: 551267598336
        dvar2: 1.07049418752e+012
        max: 43100888
        mean: 4412148
        median: 4348832
        min: 661019.5625
        var: 1.2450714878e+013
    spectral_strongpeak:
        dmean: 0.319618999958
        dmean2: 0.55978679657
        dvar: 0.408430039883
        dvar2: 1.04290175438
        max: 7.85717439651
        mean: 0.417021363974
        median: 0.138448923826
        min: 8.5283065332e-011
        var: 0.560762405396
    zerocrossingrate:
        dmean: 0.00861288700253
        dmean2: 0.0102500068024
        dvar: 8.94503027666e-005
        dvar2: 0.000109266627987
        max: 0.52197265625
        mean: 0.0860385522246
        median: 0.09033203125
        min: 0.0068359375
        var: 0.00247016292997
    barkbands:
        dmean: [4.87902525492e-007, 0.000261369685177, 0.000273932411801, 0.000170909450389, 0.000389072694816, 0.000164331999258, 8.445509593e-005, 4.24420904892e-005, 2.92116710625e-005, 1.33067160277e-005, 2.26177562581e-005, 4.30440159107e-005, 3.34607684636e-005, 4.27265804319e-005, 0.000100804667454, 0.000164015771588, 0.00017203274183, 0.000163578268257, 0.000219628869672, 0.000188668069313, 0.000114674556244, 4.70181730634e-005, 8.15704424895e-006, 3.3408971376e-006, 1.27931480165e-006, 6.78888127936e-008, 5.01523600427e-010]
        dmean2: [7.30815486349e-007, 0.000439289229689, 0.000477150606457, 0.000297095481073, 0.000638900790364, 0.000281058426481, 0.000140386502608, 7.12957771611e-005, 4.54229229945e-005, 2.15302497963e-005, 3.79491939384e-005, 7.14993293514e-005, 5.48462739971e-005, 7.13221306796e-005, 0.000168500118889, 0.000278169638477, 0.000285935093416, 0.000284189911326, 0.000387549342122, 0.000333325093379, 0.000208439974813, 8.6030595412e-005, 1.46622114698e-005, 6.16268152953e-006, 2.36398136622e-006, 1.2674868799e-007, 8.92876661496e-010]
        dvar: [1.58603121955e-012, 1.38107921543e-007, 1.91757862922e-007, 1.10338888248e-007, 1.09374707336e-006, 7.64174856727e-008, 2.03646290942e-008, 5.72559244461e-009, 1.85243675954e-009, 5.76813152797e-010, 3.62054053404e-009, 6.15427397932e-009, 4.25542712179e-009, 5.86959947313e-009, 3.99498105708e-008, 8.1251556594e-008, 1.25726927536e-007, 1.06404428379e-007, 2.25855259828e-007, 1.70154251578e-007, 1.14723434308e-007, 1.48866989846e-008, 3.64432178879e-010, 6.2449469207e-011, 8.64275578188e-012, 2.68439597943e-014, 1.6386178067e-018]
        dvar2: [3.4720754917e-012, 3.75258707663e-007, 5.32881301751e-007, 2.95922887972e-007, 2.52592394645e-006, 2.06284056503e-007, 5.64528441771e-008, 1.52502543926e-008, 4.37862457403e-009, 1.49095613633e-009, 1.00909458567e-008, 1.69001257433e-008, 1.15135128098e-008, 1.56985304756e-008, 1.08415910915e-007, 2.23652904197e-007, 3.34170238148e-007, 2.83878733853e-007, 6.32087051144e-007, 4.81160782329e-007, 3.30991241526e-007, 4.2817813295e-008, 1.0423664154e-009, 1.78565662257e-010, 2.46742955928e-011, 7.6300375523e-014, 4.53780944289e-018]
        max: [8.00897469162e-005, 0.00488494150341, 0.00707809254527, 0.00604944489896, 0.0339242406189, 0.00578919518739, 0.00227936706506, 0.00142919050995, 0.00134412327316, 0.000688377534971, 0.00152527156752, 0.00120408379007, 0.0014514005743, 0.00114843435585, 0.00416792742908, 0.00567672820762, 0.00593099882826, 0.00502284197137, 0.00577192893252, 0.00657796906307, 0.00362084945664, 0.00160718685947, 0.00025188116706, 8.55516773299e-005, 3.09399729304e-005, 1.65161907262e-006, 2.11613979673e-008]
        mean: [9.98852328848e-007, 0.000424297031714, 0.000347507564584, 0.00020191007934, 0.000550428929273, 0.000251327670412, 0.000133112247568, 6.37182456558e-005, 6.32251685602e-005, 2.28261396842e-005, 3.31716510118e-005, 7.08724764991e-005, 5.44328686374e-005, 6.96479037288e-005, 0.000164411452715, 0.000284188805381, 0.000288267474389, 0.00021201162599, 0.000275405182038, 0.000267946277745, 0.000135773327202, 5.55514998268e-005, 1.0738538549e-005, 3.49692209056e-006, 1.21266180031e-006, 5.59919506316e-008, 4.55455506643e-010]
        median: [1.84471701914e-007, 0.000237120126258, 0.000191588507732, 9.63815618888e-005, 0.000259676249698, 0.000141428172356, 7.34484856366e-005, 3.05243993353e-005, 3.3662567148e-005, 1.26842460304e-005, 1.05858543975e-005, 3.21330226143e-005, 2.71954777418e-005, 3.79260127374e-005, 8.08567929198e-005, 0.000156456051627, 0.000146437669173, 0.000107820960693, 0.000168169819517, 0.000195867236471, 8.69703071658e-005, 3.14122808049e-005, 5.5477407841e-006, 1.55740474383e-006, 3.76544846858e-007, 1.24259695866e-008, 1.1231794661e-010]
        min: [3.15289461408e-025, 2.24725961514e-024, 1.10565975336e-024, 1.62893613952e-024, 1.144872964e-023, 6.43432385748e-024, 5.38471839068e-024, 8.00224367675e-024, 1.66709754219e-023, 1.04500246342e-023, 1.5854742621e-023, 2.27951156216e-023, 2.62352970085e-023, 3.74775856939e-023, 4.88867295048e-023, 6.79380201331e-023, 5.96931614961e-023, 9.26977827951e-023, 1.17970879336e-022, 2.0400504678e-022, 2.16772211484e-022, 2.8544665536e-022, 4.28006392221e-022, 5.15948454473e-022, 9.16668690719e-022, 1.34603904238e-021, 2.01307831633e-021]
        var: [1.01020450685e-011, 2.3778657976e-007, 2.27116203178e-007, 1.0800115291e-007, 1.59171554515e-006, 1.10621755312e-007, 3.06517335957e-008, 9.02010732773e-009, 6.58594556668e-009, 1.06882402928e-009, 5.547440729e-009, 1.13469216245e-008, 6.71925448614e-009, 8.67572502727e-009, 7.238536881e-008, 1.47938848727e-007, 1.82660102155e-007, 1.15422231772e-007, 1.85060144986e-007, 1.42448939755e-007, 7.4123960303e-008, 1.04115311927e-008, 3.07803976751e-010, 4.3306573605e-011, 6.0539368657e-012, 1.73056217251e-014, 1.40839234912e-018]
    frequency_bands:
        dmean: [4.87902525492e-007, 0.000261369685177, 0.000273932411801, 0.000170909450389, 0.000389072694816, 0.000164331999258, 8.445509593e-005, 4.24420904892e-005, 2.92116710625e-005, 1.33067160277e-005, 2.26177562581e-005, 4.30440159107e-005, 3.34607684636e-005, 4.27265804319e-005, 0.000100804667454, 0.000164015771588, 0.00017203274183, 0.000163578268257, 0.000219628869672, 0.000188668069313, 0.000114674556244, 4.70181730634e-005, 8.15704424895e-006, 3.3408971376e-006, 1.27931480165e-006, 6.78888127936e-008, 5.01523600427e-010, 5.06479858053e-011]
        dmean2: [7.30815486349e-007, 0.000439289229689, 0.000477150606457, 0.000297095481073, 0.000638900790364, 0.000281058426481, 0.000140386502608, 7.12957771611e-005, 4.54229229945e-005, 2.15302497963e-005, 3.79491939384e-005, 7.14993293514e-005, 5.48462739971e-005, 7.13221306796e-005, 0.000168500118889, 0.000278169638477, 0.000285935093416, 0.000284189911326, 0.000387549342122, 0.000333325093379, 0.000208439974813, 8.6030595412e-005, 1.46622114698e-005, 6.16268152953e-006, 2.36398136622e-006, 1.2674868799e-007, 8.92876661496e-010, 9.52843567936e-011]
        dvar: [1.58603121955e-012, 1.38107921543e-007, 1.91757862922e-007, 1.10338888248e-007, 1.09374707336e-006, 7.64174856727e-008, 2.03646290942e-008, 5.72559244461e-009, 1.85243675954e-009, 5.76813152797e-010, 3.62054053404e-009, 6.15427397932e-009, 4.25542712179e-009, 5.86959947313e-009, 3.99498105708e-008, 8.1251556594e-008, 1.25726927536e-007, 1.06404428379e-007, 2.25855259828e-007, 1.70154251578e-007, 1.14723434308e-007, 1.48866989846e-008, 3.64432178879e-010, 6.2449469207e-011, 8.64275578188e-012, 2.68439597943e-014, 1.6386178067e-018, 1.33708317646e-020]
        dvar2: [3.4720754917e-012, 3.75258707663e-007, 5.32881301751e-007, 2.95922887972e-007, 2.52592394645e-006, 2.06284056503e-007, 5.64528441771e-008, 1.52502543926e-008, 4.37862457403e-009, 1.49095613633e-009, 1.00909458567e-008, 1.69001257433e-008, 1.15135128098e-008, 1.56985304756e-008, 1.08415910915e-007, 2.23652904197e-007, 3.34170238148e-007, 2.83878733853e-007, 6.32087051144e-007, 4.81160782329e-007, 3.30991241526e-007, 4.2817813295e-008, 1.0423664154e-009, 1.78565662257e-010, 2.46742955928e-011, 7.6300375523e-014, 4.53780944289e-018, 4.50084707109e-020]
        max: [8.00897469162e-005, 0.00488494150341, 0.00707809254527, 0.00604944489896, 0.0339242406189, 0.00578919518739, 0.00227936706506, 0.00142919050995, 0.00134412327316, 0.000688377534971, 0.00152527156752, 0.00120408379007, 0.0014514005743, 0.00114843435585, 0.00416792742908, 0.00567672820762, 0.00593099882826, 0.00502284197137, 0.00577192893252, 0.00657796906307, 0.00362084945664, 0.00160718685947, 0.00025188116706, 8.55516773299e-005, 3.09399729304e-005, 1.65161907262e-006, 2.11613979673e-008, 4.12642986447e-009]
        mean: [9.98852328848e-007, 0.000424297031714, 0.000347507564584, 0.00020191007934, 0.000550428929273, 0.000251327670412, 0.000133112247568, 6.37182456558e-005, 6.32251685602e-005, 2.28261396842e-005, 3.31716510118e-005, 7.08724764991e-005, 5.44328686374e-005, 6.96479037288e-005, 0.000164411452715, 0.000284188805381, 0.000288267474389, 0.00021201162599, 0.000275405182038, 0.000267946277745, 0.000135773327202, 5.55514998268e-005, 1.0738538549e-005, 3.49692209056e-006, 1.21266180031e-006, 5.59919506316e-008, 4.55455506643e-010, 3.76295279658e-011]
        median: [1.84471701914e-007, 0.000237120126258, 0.000191588507732, 9.63815618888e-005, 0.000259676249698, 0.000141428172356, 7.34484856366e-005, 3.05243993353e-005, 3.3662567148e-005, 1.26842460304e-005, 1.05858543975e-005, 3.21330226143e-005, 2.71954777418e-005, 3.79260127374e-005, 8.08567929198e-005, 0.000156456051627, 0.000146437669173, 0.000107820960693, 0.000168169819517, 0.000195867236471, 8.69703071658e-005, 3.14122808049e-005, 5.5477407841e-006, 1.55740474383e-006, 3.76544846858e-007, 1.24259695866e-008, 1.1231794661e-010, 1.20386400501e-011]
        min: [3.15289461408e-025, 2.24725961514e-024, 1.10565975336e-024, 1.62893613952e-024, 1.144872964e-023, 6.43432385748e-024, 5.38471839068e-024, 8.00224367675e-024, 1.66709754219e-023, 1.04500246342e-023, 1.5854742621e-023, 2.27951156216e-023, 2.62352970085e-023, 3.74775856939e-023, 4.88867295048e-023, 6.79380201331e-023, 5.96931614961e-023, 9.26977827951e-023, 1.17970879336e-022, 2.0400504678e-022, 2.16772211484e-022, 2.8544665536e-022, 4.28006392221e-022, 5.15948454473e-022, 9.16668690719e-022, 1.34603904238e-021, 2.01307831633e-021, 5.44957482666e-022]
        var: [1.01020450685e-011, 2.3778657976e-007, 2.27116203178e-007, 1.0800115291e-007, 1.59171554515e-006, 1.10621755312e-007, 3.06517335957e-008, 9.02010732773e-009, 6.58594556668e-009, 1.06882402928e-009, 5.547440729e-009, 1.13469216245e-008, 6.71925448614e-009, 8.67572502727e-009, 7.238536881e-008, 1.47938848727e-007, 1.82660102155e-007, 1.15422231772e-007, 1.85060144986e-007, 1.42448939755e-007, 7.4123960303e-008, 1.04115311927e-008, 3.07803976751e-010, 4.3306573605e-011, 6.0539368657e-012, 1.73056217251e-014, 1.40839234912e-018, 8.23006420075e-021]
    mfcc:
        mean: [-742.700622559, 111.812225342, -37.068561554, 63.8766136169, 5.55866575241, 4.72227954865, -6.90927886963, -6.53551054001, -2.01019668579, -1.64504086971, -1.75384545326, 0.404555261135, 1.6004627943]
        cov: [[8891.76660156, -934.042297363, -782.75982666, 953.010253906, -719.465209961, 672.296569824, 50.3289527893, 227.557174683, 300.813354492, 119.344787598, -292.233001709, 80.9675674438, 257.69631958], [-934.042297363, 1756.82995605, 44.2066955566, -216.28565979, 405.659393311, -134.803237915, -23.8508892059, -35.0582046509, -89.2440719604, -31.7661018372, 171.404006958, 6.85099601746, -76.1560897827], [-782.75982666, 44.2066955566, 546.889404297, -45.3151626587, 109.592132568, 47.4336395264, 82.4511489868, 109.270019531, -7.71786785126, 29.7529792786, 103.878433228, 7.05175590515, -52.9088668823], [953.010253906, -216.28565979, -45.3151626587, 491.765014648, -56.8488464355, 137.880325317, 70.216217041, 9.39533138275, 121.266784668, 34.9340744019, -20.6767692566, 11.6305685043, 38.6543312073], [-719.465209961, 405.659393311, 109.592132568, -56.8488464355, 319.357452393, -65.8113555908, -25.9566173553, -37.3857917786, -67.6046600342, -9.97906112671, 79.0102005005, 1.03390133381, -33.3276748657], [672.296569824, -134.803237915, 47.4336395264, 137.880325317, -65.8113555908, 238.44152832, 106.813224792, 93.3013839722, 84.4625549316, 48.7517738342, 3.57404208183, 25.8049793243, 38.103729248], [50.3289527893, -23.8508892059, 82.4511489868, 70.216217041, -25.9566173553, 106.813224792, 194.630905151, 110.939857483, 83.4283447266, 41.9369392395, 44.9462966919, 19.2156715393, -1.10650908947], [227.557174683, -35.0582046509, 109.270019531, 9.39533138275, -37.3857917786, 93.3013839722, 110.939857483, 209.383087158, 86.2803955078, 38.0257415771, 41.2086448669, 33.4476852417, 15.6139717102], [300.813354492, -89.2440719604, -7.71786785126, 121.266784668, -67.6046600342, 84.4625549316, 83.4283447266, 86.2803955078, 155.802688599, 50.3531608582, 7.45004320145, 21.9070777893, 27.742893219], [119.344787598, -31.7661018372, 29.7529792786, 34.9340744019, -9.97906112671, 48.7517738342, 41.9369392395, 38.0257415771, 50.3531608582, 91.5272827148, 38.099105835, 17.466085434, 6.89538145065], [-292.233001709, 171.404006958, 103.878433228, -20.6767692566, 79.0102005005, 3.57404208183, 44.9462966919, 41.2086448669, 7.45004320145, 38.099105835, 127.822891235, 30.4250259399, -23.4261951447], [80.9675674438, 6.85099601746, 7.05175590515, 11.6305685043, 1.03390133381, 25.8049793243, 19.2156715393, 33.4476852417, 21.9070777893, 17.466085434, 30.4250259399, 68.2761230469, 33.5534896851], [257.69631958, -76.1560897827, -52.9088668823, 38.6543312073, -33.3276748657, 38.103729248, -1.10650908947, 15.6139717102, 27.742893219, 6.89538145065, -23.4261951447, 33.5534896851, 87.9471893311]]
        icov: [[0.000261668144958, -5.36847437616e-005, 0.00034587061964, -0.00042165684863, 0.000347594788764, -0.00058135855943, 0.000428271101555, -0.000512637372594, 0.000404963386245, -0.000245149480179, 0.000225469673751, -0.000119644515507, 5.73722427362e-005], [-5.36847437616e-005, 0.000944009108935, 0.000268330128165, 0.000389401422581, -0.00111586309504, 9.54420102062e-005, -0.000128865634906, 8.10233686934e-005, -0.000358033226803, 0.000573665020056, -0.000976154580712, 0.000137275070301, 0.000240388370003], [0.00034587061964, 0.000268330128165, 0.00323361507617, -0.000404980499297, -0.000550684519112, -0.00133545848075, 0.000300967454677, -0.00206375587732, 0.00130408606492, -0.000270693388302, -0.00114967569243, 0.000269938551355, 0.00128296785988], [-0.00042165684863, 0.000389401422581, -0.000404980499297, 0.00381647213362, -0.00110313144978, -0.000534837425221, -0.000997254857793, 0.00233177491464, -0.00316629954614, 0.000903617299628, -0.000462665950181, 0.000341798382578, -0.000286857073661], [0.000347594788764, -0.00111586309504, -0.000550684519112, -0.00110313144978, 0.00616346718743, -0.000114238595415, 0.00082385604037, 6.18421399849e-005, 0.00204788800329, -0.000300788611639, -0.00170894234907, 8.77371567185e-005, -0.000557768740691], [-0.00058135855943, 9.54420102062e-005, -0.00133545848075, -0.000534837425221, -0.000114238595415, 0.00892709009349, -0.00347805651836, -0.000288866634946, -0.000494707142934, -0.00149512442295, 0.000772072002292, -7.54955253797e-005, -0.00217799236998], [0.000428271101555, -0.000128865634906, 0.000300967454677, -0.000997254857793, 0.00082385604037, -0.00347805651836, 0.0104414569214, -0.00351468077861, -0.00171832297929, -0.000203934905585, -0.00175799138378, 0.000213923092815, 0.00183549523354], [-0.000512637372594, 8.10233686934e-005, -0.00206375587732, 0.00233177491464, 6.18421399849e-005, -0.000288866634946, -0.00351468077861, 0.0105735724792, -0.0046739927493, 0.0013470177073, -0.00138173019513, -0.00144652754534, -0.000914370291866], [0.000404963386245, -0.000358033226803, 0.00130408606492, -0.00316629954614, 0.00204788800329, -0.000494707142934, -0.00171832297929, -0.0046739927493, 0.0144326975569, -0.00491827353835, 0.00119654356968, -0.000421914010076, -0.0012093570549], [-0.000245149480179, 0.000573665020056, -0.000270693388302, 0.000903617299628, -0.000300788611639, -0.00149512442295, -0.000203934905585, 0.0013470177073, -0.00491827353835, 0.0166424456984, -0.0059286179021, 0.000278534309473, -0.000491669459734], [0.000225469673751, -0.000976154580712, -0.00114967569243, -0.000462665950181, -0.00170894234907, 0.000772072002292, -0.00175799138378, -0.00138173019513, 0.00119654356968, -0.0059286179021, 0.0171079877764, -0.00798327103257, 0.00493699125946], [-0.000119644515507, 0.000137275070301, 0.000269938551355, 0.000341798382578, 8.77371567185e-005, -7.54955253797e-005, 0.000213923092815, -0.00144652754534, -0.000421914010076, 0.000278534309473, -0.00798327103257, 0.0240974929184, -0.0104017900303], [5.73722427362e-005, 0.000240388370003, 0.00128296785988, -0.000286857073661, -0.000557768740691, -0.00217799236998, 0.00183549523354, -0.000914370291866, -0.0012093570549, -0.000491669459734, 0.00493699125946, -0.0104017900303, 0.0189296789467]]
    sccoeffs:
        dmean: [0.0549627654254, 0.0484193712473, 0.0345205701888, 0.0312103144825, 0.0228952355683, 0.0244981646538]
        dmean2: [0.0917679518461, 0.0803538709879, 0.0572607517242, 0.0517284311354, 0.0378038771451, 0.0391568504274]
        dvar: [0.00197581760585, 0.00150579481851, 0.000766064622439, 0.000675637507811, 0.000442632212071, 0.0004907202092]
        dvar2: [0.00541028147563, 0.00403850711882, 0.00213648122735, 0.00180988793727, 0.00108467065729, 0.00120588392019]
        max: [-0.305696696043, -0.414573967457, -0.565916419029, -0.537337064743, -0.458681941032, -0.498055577278]
        mean: [-0.648086369038, -0.740160942078, -0.801134824753, -0.780944705009, -0.794401705265, -0.730390846729]
        median: [-0.652057409286, -0.745188236237, -0.804997205734, -0.785353302956, -0.803492963314, -0.728982806206]
        min: [-0.984931766987, -0.978095829487, -0.977303504944, -0.969665527344, -0.967393100262, -0.96384871006]
        var: [0.00676664337516, 0.0058298446238, 0.00297647714615, 0.00289910729043, 0.00224420567974, 0.00224660243839]
    scvalleys:
        dmean: [0.430913776159, 0.389629155397, 0.342075109482, 0.312673538923, 0.365982204676, 0.526619493961]
        dmean2: [0.709185600281, 0.638317883015, 0.546973586082, 0.490923643112, 0.572295308113, 0.832093834877]
        dvar: [0.159891054034, 0.164149433374, 0.135528028011, 0.129667043686, 0.211832568049, 0.424629718065]
        dvar2: [0.361366659403, 0.359816014767, 0.267617613077, 0.254723459482, 0.446590125561, 0.96919721365]
        max: [-4.62564086914, -4.69989967346, -5.30892467499, -5.40640974045, -5.06276416779, -7.58380126953]
        mean: [-6.89845561981, -7.08751583099, -7.81817960739, -7.56081867218, -7.60070419312, -10.6627140045]
        median: [-6.47932720184, -6.8167963028, -7.38314008713, -7.08553981781, -6.89524173737, -9.92372894287]
        min: [-28.7026023865, -27.9840679169, -27.8107719421, -27.6032161713, -27.5075111389, -27.3996181488]
        var: [4.81653690338, 3.99882054329, 4.04582262039, 4.1069521904, 4.83403921127, 5.2505903244]

rhythm:
    beats_loudness:
        dmean: 0.00167356175371
        dmean2: 0.00290532479994
        dvar: 4.27442091677e-006
        dvar2: 1.22637247841e-005
        max: 0.0205462761223
        mean: 0.00430695666
        median: 0.00424259714782
        min: 0
        var: 6.68949951432e-006
    bpm: 104.96131134
    bpm_confidence: 0
    first_peak_bpm: 105
    first_peak_spread: 0.278538793325
    first_peak_weight: 0.718181788921
    onset_rate: 4.83456945419
    second_peak_bpm: 92
    second_peak_spread: 0
    second_peak_weight: 0.00454545440152
    beats_loudness_band_ratio:
        dmean: [0.153415814042, 0.129525706172, 0.0490287467837, 0.0349829234183, 0.109497211874, 0.0836425796151]
        dmean2: [0.265679806471, 0.232186645269, 0.085172764957, 0.0612646490335, 0.186322003603, 0.146597623825]
        dvar: [0.0156306121498, 0.0126857161522, 0.00324435997754, 0.00133774313144, 0.00864837504923, 0.00647921906784]
        dvar2: [0.046853877604, 0.0373802110553, 0.00931972824037, 0.00375952688046, 0.0232205931097, 0.0191098805517]
        max: [0.797078251839, 0.756848573685, 0.601186871529, 0.274059712887, 0.756657421589, 0.683581411839]
        mean: [0.30424028635, 0.205632343888, 0.082669198513, 0.0582557953894, 0.239334985614, 0.169963553548]
        median: [0.274323165417, 0.176841646433, 0.0659931898117, 0.0489312075078, 0.233114153147, 0.171768158674]
        min: [0, 0, 0, 0, 0, 0]
        var: [0.037203039974, 0.0185801777989, 0.00489200092852, 0.00168076111004, 0.0171698872, 0.0129301119596]
    beats_position: [0.592108845711, 1.16099774837, 1.72988653183, 2.29877543449, 2.87927436829, 3.45977306366, 4.05188179016, 4.62077093124, 5.18965959549, 5.74693870544, 6.31582736969, 6.87310647964, 7.45360517502, 8.03410434723, 8.6146030426, 9.18349170685, 9.75238037109, 10.321269989, 10.8901586533, 11.4590473175, 12.0279359818, 12.6084346771, 13.177324295, 13.7462129593, 14.3151016235, 14.8956003189, 15.4644899368, 16.0333786011, 16.602268219, 17.1827659607, 17.7516555786, 18.3205432892, 18.9010429382, 19.4699325562, 20.0388202667, 20.6077098846, 21.1765975952, 21.7454872131, 22.3143768311, 22.8948745728, 23.4753742218, 24.0442619324, 24.6131515503, 25.1820411682, 25.7509288788, 26.3198184967, 26.8887062073, 27.4575958252, 28.0264854431, 28.6069831848, 29.1874828339, 29.7563705444, 30.3252601624, 30.8941497803, 31.4630374908, 32.0319252014, 32.6008148193, 33.1813163757, 33.7618141174, 34.3307037354, 34.8995895386, 35.4684791565, 36.0373687744, 36.6062583923, 37.1751480103, 37.755645752, 38.3245353699, 38.8934249878, 39.4739227295, 40.0428123474, 40.6116981506, 41.1805877686, 41.7494773865, 42.3183670044, 42.8872566223, 43.4561424255, 44.0250320435, 44.6055335999, 45.1860313416, 45.7549209595, 46.3238105774, 46.8926963806, 47.4615859985, 48.0304756165, 48.5993652344, 49.1798629761, 49.7603607178, 50.3292503357, 50.8981399536, 51.4670295715, 52.0359191895, 52.6048049927, 53.1736946106, 53.7541923523, 54.3346939087, 54.9035835266, 55.4724693298, 56.0413589478, 56.6102485657, 57.1791381836, 57.7480278015, 58.3169136047, 58.8858032227, 59.4546928406, 60.0235824585, 60.5924720764, 61.1613578796, 61.741859436, 62.310749054, 62.8796348572, 63.4485244751, 64.0058059692, 64.5746917725, 65.1435852051, 65.7240829468, 66.29296875, 66.8618545532, 67.4307479858, 68.0112457275, 68.5917434692, 69.1722412109, 69.7527389526, 70.3216323853, 70.8905181885, 71.4477996826, 72.0166854858, 72.5855789185, 73.1544647217, 73.7349624634, 74.3154602051, 74.8843536377, 75.4532394409, 76.0221328735, 76.6026306152, 77.1715164185, 77.7404098511, 78.2976837158, 78.8781814575, 79.4470748901, 80.0159606934, 80.5964584351, 81.1653518677, 81.7342376709, 82.3147354126, 82.8952331543, 83.4641265869, 84.0214080811, 84.5786819458, 85.1475753784, 85.7164611816, 86.2853469849, 86.865852356, 87.4347381592, 88.0152359009, 88.5957336426, 89.1762313843, 89.7451248169, 90.3140106201, 90.8829040527, 91.4634017944, 92.0438995361, 92.6127853394, 93.181678772, 93.7505645752, 94.3194503784, 94.8999557495, 95.4688415527, 96.037727356, 96.6066207886, 97.1755065918, 97.7444000244, 98.3132858276, 98.8937835693, 99.462677002, 100.031562805, 100.600448608, 101.169342041, 101.738227844, 102.307121277, 102.887619019, 103.46811676, 104.037002563, 104.605895996, 105.174781799, 105.743675232, 106.324172974, 106.893058777, 107.473556519, 108.042449951, 108.611335754, 109.180221558, 109.74911499, 110.318000793, 110.898498535, 111.467391968, 112.036277771, 112.616775513, 113.185668945, 113.754554749, 114.323448181, 114.892333984, 115.461219788, 116.03011322, 116.610610962, 117.191108704, 117.759994507, 118.328887939, 118.897773743, 119.466667175, 120.035552979, 120.604438782, 121.184944153, 121.753829956, 122.322715759, 122.891609192, 123.460494995, 124.040992737, 124.609886169, 125.178771973, 125.747665405, 126.316551208, 126.89704895, 127.477546692, 128.046432495, 128.615325928, 129.18421936, 129.753097534, 130.321990967, 130.890884399, 131.471374512, 132.040267944, 132.609161377, 133.189651489, 133.758544922, 134.327438354, 134.896316528, 135.465209961, 136.034103394, 136.602996826, 137.183486938, 137.752380371, 138.321273804, 138.901763916, 139.470657349, 140.039550781, 140.620040894, 141.188934326, 141.757827759, 142.315093994, 142.895599365, 143.464492798, 144.033370972, 144.613876343, 145.182769775, 145.751647949, 146.320541382, 146.889434814, 147.469924927, 148.038818359, 148.607711792, 149.176589966, 149.745483398, 150.32598877, 150.894866943, 151.463760376, 152.032653809, 152.601531982, 153.182037354, 153.762542725, 154.331420898, 154.900314331, 155.469207764, 156.038085938, 156.60697937, 157.175872803, 157.756362915, 158.325256348, 158.89414978, 159.463043213, 160.031921387, 160.612426758, 161.181304932, 161.750198364, 162.319091797, 162.887985229, 163.468475342, 164.037368774, 164.606262207, 165.175140381, 165.744033813, 166.324539185, 166.893417358, 167.462310791, 168.031204224, 168.600082397, 169.180587769, 169.749481201, 170.318359375, 170.887252808, 171.45614624, 172.036636353, 172.605529785, 173.174423218, 173.75491333, 174.323806763, 174.892700195, 175.473190308, 176.030471802, 176.599365234, 177.168243408, 177.748748779, 178.317642212, 178.886520386, 179.467025757, 180.035919189, 180.604797363, 181.173690796, 181.742584229, 182.323074341, 182.891967773, 183.460861206, 184.041351318, 184.610244751, 185.179138184, 185.759628296, 186.328521729, 186.897415161, 187.466293335, 188.035186768, 188.6040802, 189.172973633, 189.753463745, 190.322357178, 190.89125061, 191.460128784, 192.029022217, 192.609527588, 193.178405762, 193.747299194, 194.316192627, 194.885070801, 195.465576172, 196.034469604, 196.603347778, 197.172241211, 197.752746582, 198.321624756, 198.902130127, 199.459411621, 200.039901733, 200.608795166, 201.177688599, 201.746566772, 202.315460205, 202.895965576, 203.46484375, 204.033737183, 204.602630615, 205.171508789, 205.75201416, 206.332519531, 206.901397705, 207.470291138, 208.03918457, 208.608062744, 209.176956177, 209.745849609, 210.326339722, 210.895233154, 211.464126587, 212.044616699, 212.613510132, 213.182403564, 213.751281738, 214.320175171, 214.889068604, 215.457962036, 216.038452148, 216.61895752, 217.187835693, 217.756729126, 218.325622559, 218.894515991, 219.463394165, 220.032287598, 220.61277771, 221.181671143, 221.750564575, 222.331054688, 222.89994812, 223.468841553, 224.037734985, 224.606613159, 225.175506592, 225.744400024, 226.324890137, 226.905395508, 227.47428894, 228.043167114, 228.612060547, 229.180953979, 229.749832153, 230.318725586, 230.887619019, 231.468109131, 232.037002563, 232.605895996, 233.17477417, 233.755279541, 234.324172974, 234.893051147, 235.46194458, 236.030838013, 236.611328125, 237.180221558, 237.74911499, 238.317993164, 238.898498535, 239.467391968, 240.036270142, 240.605163574, 241.174057007, 241.742950439, 242.323440552, 242.892333984, 243.461227417, 244.030105591, 244.598999023, 245.179489136, 245.748382568, 246.317276001, 246.897766113, 247.489883423, 248.081985474, 248.662490845, 249.242996216, 249.823486328, 250.415603638, 250.99609375, 251.646255493, 252.296417236]
