
metadata:
    version:
        essentia: "2.1-beta2"
    audio_properties:
        analysis_sample_rate: 44100
        bitrate: 56
        channels: 2
        equal_loudness: 1
        length: 255.712646484
        replay_gain: -15.025680542
        downmix: "mix"
    tags:
        album: "Anachromie"
        artist: "Kells"
        comment: ""
        date: "2012"
        genre: "Other"
        title: "Bleu"
        tracknumber: "1"

configuration:
    average_loudness:
        compute: 1
        frameSize: 88200
        hopSize: 44100
        silentFrames: "noise"
        windowType: "hann"
    general:
        analysisSampleRate: 44100
        endTime: 2000
        equalLoudness: 1
        nequalLoudness: 0
        shortSound: 0
        startTime: 0
    lowlevel:
        compute: 1
        frameSize: 2048
        hopSize: 1024
        zeroPadding: 0
        silentFrames: "noise"
        windowType: "blackmanharris62"
        mfccStats: ["mean", "cov", "icov"]
        stats: ["mean", "var", "median", "min", "max", "dmean", "dmean2", "dvar", "dvar2"]
    panning:
        compute: 0
        frameSize: 8192
        hopSize: 2048
        zeroPadding: 8192
        silentFrames: "noise"
        windowType: "hann"
        stats: ["copy"]
    rhythm:
        compute: 1
        maxTempo: 208
        minTempo: 40
        method: "degara"
        stats: ["mean", "var", "median", "min", "max", "dmean", "dmean2", "dvar", "dvar2"]
    segmentation:
        compute: 0
        cpw: 5
        inc1: 300
        inc2: 50
        minimumSegmentsLength: 10
        size1: 1000
        size2: 600
    sfx:
        compute: 1
        stats: ["mean", "var", "median", "min", "max", "dmean", "dmean2", "dvar", "dvar2"]
    svm:
        compute: 0
    tonal:
        compute: 1
        frameSize: 4096
        hopSize: 2048
        zeroPadding: 0
        silentFrames: "noise"
        windowType: "blackmanharris62"
        stats: ["mean", "var", "median", "min", "max", "dmean", "dmean2", "dvar", "dvar2"]

lowlevel:
    average_loudness: 0.899163007736
    barkbands_kurtosis:
        dmean: 6.84255743027
        dmean2: 10.2773294449
        dvar: 4258.64013672
        dvar2: 9284.32128906
        max: 3898.55957031
        mean: 16.4017181396
        median: -0.915414750576
        min: -1.94493412971
        var: 25942.703125
    barkbands_skewness:
        dmean: 0.541414141655
        dmean2: 0.819553315639
        dvar: 0.80605083704
        dvar2: 1.75636768341
        max: 46.5182876587
        mean: 0.829069197178
        median: 0.326587855816
        min: -6.07517194748
        var: 7.16742134094
    barkbands_spread:
        dmean: 5.00220155716
        dmean2: 7.76444149017
        dvar: 29.5793457031
        dvar2: 67.3988571167
        max: 83.4526748657
        mean: 27.5680675507
        median: 30.3236026764
        min: 0.00963091477752
        var: 191.352478027
    dissonance:
        dmean: 0.0201392173767
        dmean2: 0.0345438048244
        dvar: 0.00092717417283
        dvar2: 0.00271934596822
        max: 0.500000059605
        mean: 0.465240895748
        median: 0.478531420231
        min: 0.0401143580675
        var: 0.00226782052778
    hfc:
        dmean: 1.78261804581
        dmean2: 2.82731962204
        dvar: 5.90690279007
        dvar2: 14.6628446579
        max: 39.5069770813
        mean: 6.64700841904
        median: 6.15010738373
        min: 1.08359561749e-016
        var: 30.189863205
    pitch:
        dmean: 589.474243164
        dmean2: 1134.18591309
        dvar: 1275953.875
        dvar2: 3246067.25
        max: 11435.6201172
        mean: 1031.40795898
        median: 346.399780273
        min: 47.378528595
        var: 1727704.625
    pitch_instantaneous_confidence:
        dmean: 0.0823375359178
        dmean2: 0.130326092243
        dvar: 0.00643432838842
        dvar2: 0.0149287227541
        max: 0.993172168732
        mean: 0.452164709568
        median: 0.397021174431
        min: 0.0982604026794
        var: 0.0446902364492
    pitch_salience:
        dmean: 0.062651924789
        dmean2: 0.100837551057
        dvar: 0.00370720331557
        dvar2: 0.00915359146893
        max: 0.902493357658
        mean: 0.60893446207
        median: 0.632832050323
        min: 0.0387428551912
        var: 0.016649607569
    silence_rate_20dB:
        dmean: 0
        dmean2: 0
        dvar: 0
        dvar2: 0
        max: 1
        mean: 1
        median: 1
        min: 1
        var: 0
    silence_rate_30dB:
        dmean: 0
        dmean2: 0
        dvar: 0
        dvar2: 0
        max: 1
        mean: 1
        median: 1
        min: 1
        var: 0
    silence_rate_60dB:
        dmean: 0.0866248980165
        dmean2: 0.173265531659
        dvar: 0.079123057425
        dvar2: 0.173760592937
        max: 1
        mean: 0.298347562551
        median: 0
        min: 0
        var: 0.209342986345
    spectral_centroid:
        dmean: 229.255950928
        dmean2: 357.780853271
        dvar: 73809.0234375
        dvar2: 150526.984375
        max: 11725.2548828
        mean: 1398.94384766
        median: 1395.75634766
        min: 193.946884155
        var: 599183.875
    spectral_complexity:
        dmean: 3.38581681252
        dmean2: 5.49564123154
        dvar: 16.5665016174
        dvar2: 40.3103103638
        max: 42
        mean: 12.7741966248
        median: 13
        min: 0
        var: 69.484085083
    spectral_crest:
        dmean: 2.12014079094
        dmean2: 3.44529414177
        dvar: 4.37906265259
        dvar2: 10.7896099091
        max: 26.8996734619
        mean: 8.652135849
        median: 7.23006677628
        min: 2.44963479042
        var: 22.201215744
    spectral_decrease:
        dmean: 2.80430900723e-010
        dmean2: 4.57234916595e-010
        dvar: 1.67390440105e-019
        dvar2: 4.41644291848e-019
        max: 1.69806944118e-028
        mean: -1.04135144952e-009
        median: -9.90420190305e-010
        min: -5.26016341595e-009
        var: 4.44346432415e-019
    spectral_energy:
        dmean: 0.00118556199595
        dmean2: 0.00192622619215
        dvar: 2.91723108603e-006
        dvar2: 7.63135903981e-006
        max: 0.0216295290738
        mean: 0.0045332047157
        median: 0.00427811406553
        min: 1.02254249788e-020
        var: 8.65800211614e-006
    spectral_energyband_high:
        dmean: 0.000135668553412
        dmean2: 0.000229708850384
        dvar: 4.9516124534e-008
        dvar2: 1.33491752763e-007
        max: 0.00332179618999
        mean: 0.000284507317701
        median: 0.000235779370996
        min: 7.40368330383e-021
        var: 8.60401669911e-008
    spectral_energyband_low:
        dmean: 0.000233621933148
        dmean2: 0.000404565158533
        dvar: 1.22465252161e-007
        dvar2: 3.47053031646e-007
        max: 0.00405298173428
        mean: 0.000411573710153
        median: 0.000355205032974
        min: 1.5087420774e-023
        var: 1.47954139607e-007
    spectral_energyband_middle_high:
        dmean: 0.000559804146178
        dmean2: 0.00085682538338
        dvar: 5.24496556409e-007
        dvar2: 1.1755870446e-006
        max: 0.0120283123106
        mean: 0.0020354827866
        median: 0.00158823863603
        min: 1.20951425552e-021
        var: 3.82475627703e-006
    spectral_energyband_middle_low:
        dmean: 0.000799929955974
        dmean2: 0.00133662985172
        dvar: 1.61334855875e-006
        dvar2: 4.38808774561e-006
        max: 0.0168928373605
        mean: 0.00197384785861
        median: 0.00172237074003
        min: 2.32422101127e-022
        var: 2.43471345129e-006
    spectral_flatness_db:
        dmean: 0.0199405625463
        dmean2: 0.030362457037
        dvar: 0.000567502574995
        dvar2: 0.00122238567565
        max: 0.696097433567
        mean: 0.183730840683
        median: 0.149062588811
        min: 0.0615277141333
        var: 0.00973697938025
    spectral_flux:
        dmean: 0.00827765651047
        dmean2: 0.0126811247319
        dvar: 9.5844072348e-005
        dvar2: 0.000199481422896
        max: 0.128839954734
        mean: 0.036393634975
        median: 0.0366090759635
        min: 6.37570690687e-011
        var: 0.000389074062696
    spectral_kurtosis:
        dmean: 2.42273306847
        dmean2: 3.98023748398
        dvar: 25.8321418762
        dvar2: 65.4184951782
        max: 190.875442505
        mean: 7.43290090561
        median: 3.63386964798
        min: -1.38939523697
        var: 182.135437012
    spectral_rms:
        dmean: 0.000257570296526
        dmean2: 0.000408597901696
        dvar: 1.00439592643e-007
        dvar2: 2.53537251638e-007
        max: 0.00459368899465
        mean: 0.00193096394651
        median: 0.00204298039898
        min: 3.15848454162e-012
        var: 6.94014772762e-007
    spectral_rolloff:
        dmean: 404.519104004
        dmean2: 661.578613281
        dvar: 383925.75
        dvar2: 793587
        max: 19573.6816406
        mean: 2702.00415039
        median: 3143.84765625
        min: 193.798828125
        var: 2105540
    spectral_skewness:
        dmean: 0.267719209194
        dmean2: 0.423058331013
        dvar: 0.158753633499
        dvar2: 0.383215725422
        max: 11.9817361832
        mean: 1.79316365719
        median: 1.35974478722
        min: -0.810833513737
        var: 1.64812350273
    spectral_spread:
        dmean: 546577.25
        dmean2: 821577.4375
        dvar: 777692512256
        dvar2: 1.5379571671e+012
        max: 42881200
        mean: 4299728
        median: 3987330.5
        min: 559793.75
        var: 6.29276462285e+012
    spectral_strongpeak:
        dmean: 0.395679652691
        dmean2: 0.673089206219
        dvar: 0.538823306561
        dvar2: 1.36725449562
        max: 10.0449542999
        mean: 0.739519119263
        median: 0.284474998713
        min: 1.50933446297e-010
        var: 1.13910329342
    zerocrossingrate:
        dmean: 0.00774178281426
        dmean2: 0.00934957526624
        dvar: 8.21542489575e-005
        dvar2: 9.79579199338e-005
        max: 0.521484375
        mean: 0.0805927813053
        median: 0.08251953125
        min: 0.0078125
        var: 0.001340450719
    barkbands:
        dmean: [7.82648783115e-007, 8.28179254313e-005, 0.000104542617919, 0.000257091131061, 0.00043862714665, 0.000190174963791, 0.000144171048305, 7.29040111764e-005, 0.000132178945933, 7.54231150495e-005, 0.000125623831991, 7.4257804954e-005, 3.76059942937e-005, 4.33913628513e-005, 6.36365439277e-005, 0.000109169093776, 9.63969650911e-005, 0.000135907335789, 0.000173358625034, 0.000130272106617, 5.75579579163e-005, 1.30541366161e-005, 4.04404681831e-006, 1.74269405306e-006, 9.14821953302e-007, 3.84720983959e-008, 2.93562590903e-010]
        dmean2: [1.28767146634e-006, 0.000147108119563, 0.000180258080945, 0.000431606837083, 0.000749434810132, 0.000310243689455, 0.000232542661252, 0.000117603449326, 0.000205562188057, 0.000117639159726, 0.000182979856618, 0.000113675705506, 5.90101262787e-005, 6.97783834767e-005, 0.000100847304566, 0.000178194284672, 0.000156102643814, 0.000222912640311, 0.00028260066756, 0.000215808904613, 9.88334650174e-005, 2.23860133701e-005, 6.89467924531e-006, 2.78700463241e-006, 1.41340399296e-006, 6.19611455477e-008, 5.02446806383e-010]
        dvar: [1.63199792222e-012, 1.81893238249e-008, 2.89005157583e-008, 1.13259943646e-007, 8.63965681219e-007, 1.10774742268e-007, 9.98529401386e-008, 2.74951528212e-008, 5.68256126598e-008, 2.94880422302e-008, 1.31393349534e-007, 4.31819806579e-008, 7.47429584891e-009, 1.61236233254e-008, 3.01490210575e-008, 4.70844057077e-008, 4.07859133134e-008, 4.31924505051e-008, 6.71707027777e-008, 4.70889496285e-008, 8.51856363226e-009, 7.10228098555e-010, 1.31815544591e-010, 3.4816351191e-011, 1.29294682599e-011, 3.24332642449e-014, 3.74084599661e-019]
        dvar2: [4.09358050929e-012, 5.17395051247e-008, 8.34616784573e-008, 3.2034208175e-007, 2.39448741013e-006, 2.75993016885e-007, 2.43057513671e-007, 7.07061502681e-008, 1.32376499096e-007, 6.45430944246e-008, 2.57570889062e-007, 8.67013199013e-008, 1.65254459006e-008, 3.51042821478e-008, 7.02607962921e-008, 1.13637369736e-007, 9.44702165384e-008, 1.07899488455e-007, 1.69860385313e-007, 1.16553259488e-007, 2.3592317433e-008, 1.8355869047e-009, 3.22667809138e-010, 7.78682396341e-011, 2.63541289486e-011, 8.16715876244e-014, 9.11891041711e-019]
        max: [1.22479732454e-005, 0.0012483500177, 0.00187293312047, 0.00431532785296, 0.0136181581765, 0.00887849275023, 0.00602945731953, 0.00369215989485, 0.00452367775142, 0.00573322596028, 0.00833139009774, 0.00582192325965, 0.00242439215071, 0.00542935216799, 0.00449703773484, 0.00528402207419, 0.00756561383605, 0.00530749605969, 0.00627840263769, 0.00494649261236, 0.00103683688212, 0.000738677626941, 0.000260413304204, 0.000167977166711, 0.000113692593004, 9.35526168178e-006, 1.78749104407e-008]
        mean: [9.37675338264e-007, 0.00010444867803, 0.000155417801579, 0.000361244747182, 0.000627076951787, 0.000328660215018, 0.000232381134992, 0.000121122560813, 0.000273255427601, 0.000138356830576, 0.000290517724352, 0.00013943472004, 6.743567792e-005, 7.09903470124e-005, 0.000112536457891, 0.000198040899704, 0.00018454916426, 0.000289658841211, 0.000415003101807, 0.000280508713331, 0.000108623265987, 2.26115425903e-005, 5.97268535785e-006, 2.96757116303e-006, 1.41227314998e-006, 5.11781017565e-008, 3.2887342849e-010]
        median: [3.98934048462e-007, 6.1729355366e-005, 0.000118477240903, 0.000258352200035, 0.000415513641201, 0.000174760469235, 9.46683285292e-005, 5.53923637199e-005, 0.000128124534967, 5.60779844818e-005, 4.45705991297e-005, 4.99150301039e-005, 2.86504400719e-005, 3.13993004966e-005, 4.82192444906e-005, 0.000115588140034, 0.000135112481075, 0.000211859092815, 0.000345705717336, 0.000196023931494, 8.74704273883e-005, 1.65590136021e-005, 2.85143005385e-006, 1.45527917539e-006, 4.58838854911e-007, 1.24790311418e-008, 1.11289491511e-010]
        min: [1.57311900428e-024, 7.04242320273e-024, 4.67727167796e-025, 1.89372864224e-024, 4.07538717614e-024, 5.95843838881e-024, 1.15619832447e-023, 1.14858565896e-023, 2.06904284156e-023, 1.79202045074e-023, 3.51957960592e-023, 2.04586090168e-023, 2.51540700523e-023, 3.05310438011e-023, 3.89223686646e-023, 6.96832455127e-023, 8.05422882154e-023, 1.02074795671e-022, 1.49211979993e-022, 1.93715763599e-022, 2.98734859536e-022, 3.50694792335e-022, 4.51112065026e-022, 6.63681579016e-022, 9.17302707695e-022, 1.33911503982e-021, 2.11125976789e-021]
        var: [2.01407271937e-012, 1.8322033668e-008, 3.00696214595e-008, 1.47699935837e-007, 7.91811203271e-007, 2.8472396707e-007, 1.81333717819e-007, 4.26928927766e-008, 1.8508332289e-007, 1.29067004195e-007, 6.73070587709e-007, 1.52837827727e-007, 2.11540136519e-008, 3.3085896689e-008, 5.49964305208e-008, 1.14819592056e-007, 8.28126331953e-008, 1.2160531071e-007, 2.34444385683e-007, 1.54554655296e-007, 1.37227891273e-008, 1.02384578593e-009, 2.17640599987e-010, 6.30888952191e-011, 2.77484060035e-011, 4.18027767892e-014, 6.40909568171e-019]
    frequency_bands:
        dmean: [7.82648783115e-007, 8.28179254313e-005, 0.000104542617919, 0.000257091131061, 0.00043862714665, 0.000190174963791, 0.000144171048305, 7.29040111764e-005, 0.000132178945933, 7.54231150495e-005, 0.000125623831991, 7.4257804954e-005, 3.76059942937e-005, 4.33913628513e-005, 6.36365439277e-005, 0.000109169093776, 9.63969650911e-005, 0.000135907335789, 0.000173358625034, 0.000130272106617, 5.75579579163e-005, 1.30541366161e-005, 4.04404681831e-006, 1.74269405306e-006, 9.14821953302e-007, 3.84720983959e-008, 2.93562590903e-010, 5.39934902344e-011]
        dmean2: [1.28767146634e-006, 0.000147108119563, 0.000180258080945, 0.000431606837083, 0.000749434810132, 0.000310243689455, 0.000232542661252, 0.000117603449326, 0.000205562188057, 0.000117639159726, 0.000182979856618, 0.000113675705506, 5.90101262787e-005, 6.97783834767e-005, 0.000100847304566, 0.000178194284672, 0.000156102643814, 0.000222912640311, 0.00028260066756, 0.000215808904613, 9.88334650174e-005, 2.23860133701e-005, 6.89467924531e-006, 2.78700463241e-006, 1.41340399296e-006, 6.19611455477e-008, 5.02446806383e-010, 1.00574569506e-010]
        dvar: [1.63199792222e-012, 1.81893238249e-008, 2.89005157583e-008, 1.13259943646e-007, 8.63965681219e-007, 1.10774742268e-007, 9.98529401386e-008, 2.74951528212e-008, 5.68256126598e-008, 2.94880422302e-008, 1.31393349534e-007, 4.31819806579e-008, 7.47429584891e-009, 1.61236233254e-008, 3.01490210575e-008, 4.70844057077e-008, 4.07859133134e-008, 4.31924505051e-008, 6.71707027777e-008, 4.70889496285e-008, 8.51856363226e-009, 7.10228098555e-010, 1.31815544591e-010, 3.4816351191e-011, 1.29294682599e-011, 3.24332642449e-014, 3.74084599661e-019, 7.08604998758e-021]
        dvar2: [4.09358050929e-012, 5.17395051247e-008, 8.34616784573e-008, 3.2034208175e-007, 2.39448741013e-006, 2.75993016885e-007, 2.43057513671e-007, 7.07061502681e-008, 1.32376499096e-007, 6.45430944246e-008, 2.57570889062e-007, 8.67013199013e-008, 1.65254459006e-008, 3.51042821478e-008, 7.02607962921e-008, 1.13637369736e-007, 9.44702165384e-008, 1.07899488455e-007, 1.69860385313e-007, 1.16553259488e-007, 2.3592317433e-008, 1.8355869047e-009, 3.22667809138e-010, 7.78682396341e-011, 2.63541289486e-011, 8.16715876244e-014, 9.11891041711e-019, 2.25487302407e-020]
        max: [1.22479732454e-005, 0.0012483500177, 0.00187293312047, 0.00431532785296, 0.0136181581765, 0.00887849275023, 0.00602945731953, 0.00369215989485, 0.00452367775142, 0.00573322596028, 0.00833139009774, 0.00582192325965, 0.00242439215071, 0.00542935216799, 0.00449703773484, 0.00528402207419, 0.00756561383605, 0.00530749605969, 0.00627840263769, 0.00494649261236, 0.00103683688212, 0.000738677626941, 0.000260413304204, 0.000167977166711, 0.000113692593004, 9.35526168178e-006, 1.78749104407e-008, 1.25473742507e-009]
        mean: [9.37675338264e-007, 0.00010444867803, 0.000155417801579, 0.000361244747182, 0.000627076951787, 0.000328660215018, 0.000232381134992, 0.000121122560813, 0.000273255427601, 0.000138356830576, 0.000290517724352, 0.00013943472004, 6.743567792e-005, 7.09903470124e-005, 0.000112536457891, 0.000198040899704, 0.00018454916426, 0.000289658841211, 0.000415003101807, 0.000280508713331, 0.000108623265987, 2.26115425903e-005, 5.97268535785e-006, 2.96757116303e-006, 1.41227314998e-006, 5.11781017565e-008, 3.2887342849e-010, 4.18336476571e-011]
        median: [3.98934048462e-007, 6.1729355366e-005, 0.000118477240903, 0.000258352200035, 0.000415513641201, 0.000174760469235, 9.46683285292e-005, 5.53923637199e-005, 0.000128124534967, 5.60779844818e-005, 4.45705991297e-005, 4.99150301039e-005, 2.86504400719e-005, 3.13993004966e-005, 4.82192444906e-005, 0.000115588140034, 0.000135112481075, 0.000211859092815, 0.000345705717336, 0.000196023931494, 8.74704273883e-005, 1.65590136021e-005, 2.85143005385e-006, 1.45527917539e-006, 4.58838854911e-007, 1.24790311418e-008, 1.11289491511e-010, 1.40481263775e-011]
        min: [1.57311900428e-024, 7.04242320273e-024, 4.67727167796e-025, 1.89372864224e-024, 4.07538717614e-024, 5.95843838881e-024, 1.15619832447e-023, 1.14858565896e-023, 2.06904284156e-023, 1.79202045074e-023, 3.51957960592e-023, 2.04586090168e-023, 2.51540700523e-023, 3.05310438011e-023, 3.89223686646e-023, 6.96832455127e-023, 8.05422882154e-023, 1.02074795671e-022, 1.49211979993e-022, 1.93715763599e-022, 2.98734859536e-022, 3.50694792335e-022, 4.51112065026e-022, 6.63681579016e-022, 9.17302707695e-022, 1.33911503982e-021, 2.11125976789e-021, 5.44792642291e-022]
        var: [2.01407271937e-012, 1.8322033668e-008, 3.00696214595e-008, 1.47699935837e-007, 7.91811203271e-007, 2.8472396707e-007, 1.81333717819e-007, 4.26928927766e-008, 1.8508332289e-007, 1.29067004195e-007, 6.73070587709e-007, 1.52837827727e-007, 2.11540136519e-008, 3.3085896689e-008, 5.49964305208e-008, 1.14819592056e-007, 8.28126331953e-008, 1.2160531071e-007, 2.34444385683e-007, 1.54554655296e-007, 1.37227891273e-008, 1.02384578593e-009, 2.17640599987e-010, 6.30888952191e-011, 2.77484060035e-011, 4.18027767892e-014, 6.40909568171e-019, 5.45243936362e-021]
    mfcc:
        mean: [-751.92578125, 110.348068237, -43.1318473816, 45.6901397705, -13.615190506, -10.2884893417, 2.35018229485, -3.13247656822, -2.84873557091, -6.83204984665, -10.1570663452, -4.85550117493, -4.99815130234]
        cov: [[17033.75, 2866.27661133, -1082.99841309, 3469.73461914, -306.075012207, -488.636077881, -204.0390625, 180.296813965, 343.41619873, 285.533203125, -125.277511597, -246.188201904, -244.651138306], [2866.27661133, 1531.94787598, -167.287490845, 747.917053223, 14.3223876953, -245.44543457, -37.8138618469, -45.2719650269, 44.8015174866, -56.1402549744, -106.625442505, -69.5406570435, -101.678184509], [-1082.99841309, -167.287490845, 602.290039063, -109.663024902, 81.5068969727, 34.9235572815, 1.15752089024, 30.2362995148, -33.8767814636, -52.2715148926, -16.6864910126, 2.37359619141, 1.9236344099], [3469.73461914, 747.917053223, -109.663024902, 1091.47412109, 65.8653335571, -110.152000427, -82.8630981445, 46.8055915833, 111.907073975, 59.8355865479, -12.0058240891, -44.0819892883, -86.3204650879], [-306.075012207, 14.3223876953, 81.5068969727, 65.8653335571, 271.848815918, 71.3998260498, 6.40158939362, -40.7213020325, -3.28172636032, 8.81607151031, -1.71417033672, 6.68391418457, 3.36097931862], [-488.636077881, -245.44543457, 34.9235572815, -110.152000427, 71.3998260498, 251.083267212, 100.111709595, 48.5480575562, -5.82410860062, 18.314043045, 45.2903060913, 30.2065315247, 38.2012252808], [-204.0390625, -37.8138618469, 1.15752089024, -82.8630981445, 6.40158939362, 100.111709595, 184.996826172, 85.9767456055, 9.1276473999, -5.99600028992, 6.10637569427, 24.5102214813, 33.7050743103], [180.296813965, -45.2719650269, 30.2362995148, 46.8055915833, -40.7213020325, 48.5480575562, 85.9767456055, 173.733505249, 67.7772903442, 9.57260704041, -4.65228509903, 10.376955986, 25.644323349], [343.41619873, 44.8015174866, -33.8767814636, 111.907073975, -3.28172636032, -5.82410860062, 9.1276473999, 67.7772903442, 133.842681885, 56.2152328491, 10.9250640869, -11.980846405, -2.17299556732], [285.533203125, -56.1402549744, -52.2715148926, 59.8355865479, 8.81607151031, 18.314043045, -5.99600028992, 9.57260704041, 56.2152328491, 133.221862793, 59.6659011841, 5.15109205246, -2.87038445473], [-125.277511597, -106.625442505, -16.6864910126, -12.0058240891, -1.71417033672, 45.2903060913, 6.10637569427, -4.65228509903, 10.9250640869, 59.6659011841, 129.613327026, 61.7344322205, 3.27031755447], [-246.188201904, -69.5406570435, 2.37359619141, -44.0819892883, 6.68391418457, 30.2065315247, 24.5102214813, 10.376955986, -11.980846405, 5.15109205246, 61.7344322205, 104.14490509, 38.6199607849], [-244.651138306, -101.678184509, 1.9236344099, -86.3204650879, 3.36097931862, 38.2012252808, 33.7050743103, 25.644323349, -2.17299556732, -2.87038445473, 3.27031755447, 38.6199607849, 103.286003113]]
        icov: [[0.000254435668467, -0.000109837892524, 0.000220312125748, -0.000758682494052, 0.000438795454102, -6.23098239885e-005, -7.66628363635e-005, -3.05765352095e-005, 0.000272907840554, -0.000409709784435, 0.000214757077629, 0.000208804747672, -0.000192761362996], [-0.000109837892524, 0.0014208809007, 8.01252826932e-005, -0.000590238603763, -0.000214714527829, 0.0010142714018, -0.00108503224328, 0.000916424556635, -0.000457686110167, 0.000890890485607, 0.00047541668755, -0.000239863904426, 0.000491968705319], [0.000220312125748, 8.01252826932e-005, 0.00219919160008, -0.000479346781503, -0.000546014576685, 0.000130952088512, 0.000448136415798, -0.00123858801089, 0.000810835859738, 0.000437979848357, -5.25406721863e-005, 0.000371667440049, 0.000181697192602], [-0.000758682494052, -0.000590238603763, -0.000479346781503, 0.00412604119629, -0.00198354502209, 4.18125709984e-005, 0.00156751775648, -0.00144876388367, -0.00103325478267, 0.000576951017138, -0.00102388323285, -0.000524784845766, 0.00119931064546], [0.000438795454102, -0.000214714527829, -0.000546014576685, -0.00198354502209, 0.00596605008468, -0.00226886360906, -0.00069652160164, 0.00300616584718, -0.000663048587739, -0.00131939223502, 0.00209341105074, -0.000864983536303, -0.000487111625262], [-6.23098239885e-005, 0.0010142714018, 0.000130952088512, 4.18125709984e-005, -0.00226886360906, 0.00745351938531, -0.00322934379801, -0.00119915022515, 0.00111978128552, 0.000271381024504, -0.00257895095274, 0.00136576127261, -0.000845886417665], [-7.66628363635e-005, -0.00108503224328, 0.000448136415798, 0.00156751775648, -0.00069652160164, -0.00322934379801, 0.0101779364049, -0.00532432412729, 0.00108998618089, 8.84833571035e-005, -3.15981524182e-005, -0.000853479490615, -0.00038484678953], [-3.05765352095e-005, 0.000916424556635, -0.00123858801089, -0.00144876388367, 0.00300616584718, -0.00119915022515, -0.00532432412729, 0.0130723994225, -0.00637322897092, 0.00096179015236, 0.00264291325584, -0.00191869784612, -0.000994110945612], [0.000272907840554, -0.000457686110167, 0.000810835859738, -0.00103325478267, -0.000663048587739, 0.00111978128552, 0.00108998618089, -0.00637322897092, 0.0135979419574, -0.00511933583766, -0.000725066056475, 0.00244886404835, -0.000597561476752], [-0.000409709784435, 0.000890890485607, 0.000437979848357, 0.000576951017138, -0.00131939223502, 0.000271381024504, 8.84833571035e-005, 0.00096179015236, -0.00511933583766, 0.0137485573068, -0.00679754372686, 0.00267980969511, -0.00045694259461], [0.000214757077629, 0.00047541668755, -5.25406721863e-005, -0.00102388323285, 0.00209341105074, -0.00257895095274, -3.15981524182e-005, 0.00264291325584, -0.000725066056475, -0.00679754372686, 0.0174077264965, -0.0106455348432, 0.00358698889613], [0.000208804747672, -0.000239863904426, 0.000371667440049, -0.000524784845766, -0.000864983536303, 0.00136576127261, -0.000853479490615, -0.00191869784612, 0.00244886404835, 0.00267980969511, -0.0106455348432, 0.0185877624899, -0.0063962819986], [-0.000192761362996, 0.000491968705319, 0.000181697192602, 0.00119931064546, -0.000487111625262, -0.000845886417665, -0.00038484678953, -0.000994110945612, -0.000597561476752, -0.00045694259461, 0.00358698889613, -0.0063962819986, 0.0136624304578]]
    sccoeffs:
        dmean: [0.0555845350027, 0.0467859059572, 0.0372320562601, 0.0288486350328, 0.0197458099574, 0.0180954504758]
        dmean2: [0.0928262397647, 0.0768160447478, 0.0607443749905, 0.0475269556046, 0.0321232415736, 0.028724450618]
        dvar: [0.0020886012353, 0.00144507386722, 0.000968798121903, 0.000615053693764, 0.000301921390928, 0.000309379625833]
        dvar2: [0.00571217574179, 0.00382914417423, 0.0024363102857, 0.00154753017705, 0.000721392978448, 0.000689186970703]
        max: [-0.257102459669, -0.333265542984, -0.381406784058, -0.488431423903, -0.548465013504, -0.582415163517]
        mean: [-0.671494960785, -0.760266602039, -0.769454300404, -0.788121044636, -0.807395458221, -0.770017743111]
        median: [-0.681479215622, -0.766353130341, -0.789952456951, -0.802929997444, -0.808871209621, -0.759535551071]
        min: [-0.982346892357, -0.980050504208, -0.970415771008, -0.97228717804, -0.967476427555, -0.964658617973]
        var: [0.00989099126309, 0.00664480868727, 0.00691384496167, 0.00394637975842, 0.00195082137361, 0.00252968794666]
    scvalleys:
        dmean: [0.410767734051, 0.375331103802, 0.342332392931, 0.322421789169, 0.288573861122, 0.322213232517]
        dmean2: [0.684199929237, 0.611479520798, 0.540623605251, 0.501583397388, 0.424704045057, 0.485335677862]
        dvar: [0.144374221563, 0.142835825682, 0.140516534448, 0.140867307782, 0.152670606971, 0.211966976523]
        dvar2: [0.327708899975, 0.29969355464, 0.273358851671, 0.278027206659, 0.288886606693, 0.458777755499]
        max: [-5.01797103882, -4.62343645096, -5.20990848541, -5.41738939285, -5.5959277153, -7.52958154678]
        mean: [-7.43013858795, -7.00649118423, -7.33779525757, -7.81680202484, -7.66268062592, -10.4810018539]
        median: [-6.39205265045, -6.36710166931, -6.72745800018, -7.16097640991, -6.74296665192, -9.80505180359]
        min: [-28.0148849487, -28.1062774658, -27.79296875, -27.7754993439, -27.4551410675, -27.4172439575]
        var: [7.49106550217, 4.37725400925, 3.76827740669, 3.86286211014, 5.12109041214, 4.0644493103]

rhythm:
    beats_loudness:
        dmean: 0.00177457160316
        dmean2: 0.00303846597672
        dvar: 2.69585098067e-006
        dvar2: 7.63532443671e-006
        max: 0.013604817912
        mean: 0.00530463177711
        median: 0.00534354383126
        min: 0
        var: 8.15728162706e-006
    bpm: 156.376907349
    bpm_confidence: 0
    first_peak_bpm: 157
    first_peak_spread: 0.279109597206
    first_peak_weight: 0.630239546299
    onset_rate: 3.19890332222
    second_peak_bpm: 162
    second_peak_spread: 0
    second_peak_weight: 0.0464071854949
    beats_loudness_band_ratio:
        dmean: [0.0947304591537, 0.128236696124, 0.0844092741609, 0.0846898183227, 0.0889250338078, 0.0623523741961]
        dmean2: [0.161987379193, 0.219764947891, 0.14176133275, 0.146160826087, 0.151361316442, 0.109188050032]
        dvar: [0.00825225934386, 0.0145837515593, 0.00887571834028, 0.0161397438496, 0.00971299782395, 0.00402784580365]
        dvar2: [0.0235311612487, 0.0406276509166, 0.0235637370497, 0.0381763651967, 0.0237491186708, 0.0115305054933]
        max: [0.674585700035, 0.982899129391, 0.95692640543, 0.999750375748, 0.987065076828, 0.492426455021]
        mean: [0.168998539448, 0.211125671864, 0.143556460738, 0.196489915252, 0.194309026003, 0.146898761392]
        median: [0.151073887944, 0.16543713212, 0.116745002568, 0.0820512324572, 0.178806960583, 0.141292065382]
        min: [0, 0, 0, 0, 0, 0]
        var: [0.0172681137919, 0.0325482524931, 0.0157001577318, 0.0684271976352, 0.0174798760563, 0.00897077284753]
    beats_position: [0.383129239082, 0.777868449688, 1.18421769142, 1.59056687355, 1.99691605568, 2.40326523781, 2.80961441994, 3.21596360207, 3.61070299149, 3.99383211136, 4.37696123123, 4.76009082794, 5.14321994781, 5.52634906769, 5.89786815643, 6.28099775314, 6.66412687302, 7.03564596176, 7.41877555847, 7.80190467834, 8.17342376709, 8.55655288696, 8.93968200684, 9.32281208038, 9.70594120026, 10.0890703201, 10.47219944, 10.8437185287, 11.2152376175, 11.5983667374, 11.9814968109, 12.3646259308, 12.7477550507, 13.1192741394, 13.5024032593, 13.8855323792, 14.2570514679, 14.6285715103, 15.0117006302, 15.3948297501, 15.7779588699, 16.1610889435, 16.5326080322, 16.9157371521, 17.298866272, 17.6819953918, 18.0651245117, 18.4366436005, 18.8197727203, 19.2029018402, 19.5860309601, 19.9807701111, 20.3871192932, 20.8050785065, 21.2114276886, 21.6177768707, 22.035736084, 22.4420852661, 22.8484344482, 23.2547836304, 23.6611328125, 24.0674819946, 24.4738311768, 24.8685703278, 25.2633094788, 25.6464385986, 26.0295696259, 26.4126987457, 26.7958278656, 27.1789569855, 27.5620861053, 27.9452152252, 28.3283443451, 28.711473465, 29.0946025848, 29.4661216736, 29.8376407623, 30.2207698822, 30.6038990021, 30.9754180908, 31.358549118, 31.7416782379, 32.1248054504, 32.5079345703, 32.8794555664, 33.2625846863, 33.6457138062, 34.028842926, 34.4003639221, 34.783493042, 35.1550102234, 35.5265312195, 35.9096603394, 36.2927894592, 36.6643066406, 37.0358276367, 37.4189567566, 37.8020858765, 38.1852149963, 38.5683441162, 38.9398651123, 39.3113822937, 39.6945114136, 40.0776405334, 40.4607696533, 40.8438987732, 41.2270278931, 41.6101570129, 41.981678009, 42.3531951904, 42.7479362488, 43.1310653687, 43.5141944885, 43.8973236084, 44.2804527283, 44.6519737244, 45.0234909058, 45.3950119019, 45.7781410217, 46.1612701416, 46.532787323, 46.9159164429, 47.2990455627, 47.6705665588, 48.0653038025, 48.4368247986, 48.7967338562, 49.1798629761, 49.5629920959, 49.9461212158, 50.3292503357, 50.7007713318, 51.0839004517, 51.4670295715, 51.8501586914, 52.2216758728, 52.6048049927, 52.9879341125, 53.3710632324, 53.7541923523, 54.1257133484, 54.4972343445, 54.8803634644, 55.2634925842, 55.6466217041, 56.029750824, 56.4012680054, 56.7727890015, 57.1559181213, 57.5390472412, 57.9221763611, 58.305305481, 58.6768226624, 59.0599517822, 59.4430847168, 59.8262138367, 60.2093429565, 60.5924720764, 60.9988212585, 61.4051704407, 61.8231277466, 62.2410888672, 62.7170982361, 63.1814956665, 63.6458930969, 64.0290222168, 64.4121551514, 64.772064209, 65.1435852051, 65.5383224487, 65.9214477539, 66.3045806885, 66.6877059937, 67.0592269897, 67.4307479858, 67.8022689819, 68.1737823486, 68.5685272217, 68.9516525269, 69.3347854614, 69.7179107666, 70.1010437012, 70.4725646973, 70.844078064, 71.2155990601, 71.6103363037, 71.9934692383, 72.3765945435, 72.7481155396, 73.1196365356, 73.5027618408, 73.8858947754, 74.2574157715, 74.6405410767, 75.0236740112, 75.3951950073, 75.766708374, 76.1498413086, 76.5329666138, 76.9160995483, 77.2992248535, 77.6823577881, 78.0654830933, 78.4486160278, 78.831741333, 79.2032623291, 79.5863952637, 79.9695205688, 80.3410415649, 80.7241744995, 81.1072998047, 81.4904327393, 81.861946106, 82.2450790405, 82.6166000366, 82.9881134033, 83.3596343994, 83.7543716431, 84.1375045776, 84.5206298828, 84.8921508789, 85.263671875, 85.6468048096, 86.0299301147, 86.4014511108, 86.784576416, 87.1677093506, 87.5508346558, 87.9339675903, 88.3170928955, 88.7002258301, 89.0717468262, 89.4432601929, 89.8263931274, 90.2095184326, 90.5810394287, 90.9641723633, 91.3472976685, 91.7188186646, 92.1019515991, 92.4850769043, 92.8682098389, 93.2397232056, 93.6228561401, 93.9943771362, 94.3775024414, 94.760635376, 95.1437606812, 95.5268936157, 95.9100189209, 96.2931518555, 96.6646728516, 97.0361862183, 97.4193191528, 97.802444458, 98.1855773926, 98.5570983887, 98.9402236938, 99.3233566284, 99.7064819336, 100.07800293, 100.461128235, 100.844261169, 101.215782166, 101.587303162, 101.970428467, 102.353561401, 102.736686707, 103.119819641, 103.502944946, 103.886077881, 104.257591248, 104.629112244, 105.012245178, 105.395370483, 105.778503418, 106.161628723, 106.533149719, 106.916282654, 107.299407959, 107.670928955, 108.05405426, 108.437187195, 108.8203125, 109.203445435, 109.58657074, 109.958091736, 110.34122467, 110.712738037, 111.095870972, 111.479003906, 111.850517273, 112.222038269, 112.605171204, 112.988296509, 113.371429443, 113.754554749, 114.126075745, 114.50920105, 114.892333984, 115.27545929, 115.658592224, 116.041717529, 116.424850464, 116.79637146, 117.179496765, 117.551017761, 117.934150696, 118.305664063, 118.700408936, 119.083534241, 119.466667175, 119.84979248, 120.232925415, 120.61605072, 120.999183655, 121.370697021, 121.742218018, 122.125350952, 122.496871948, 122.868385315, 123.25151825, 123.634643555, 124.017776489, 124.389297485, 124.772422791, 125.155555725, 125.527069092, 125.898590088, 126.281723022, 126.664848328, 127.047981262, 127.431106567, 127.802627563, 128.185760498, 128.568893433, 128.94039917, 129.323532104, 129.706665039, 130.089797974, 130.472915649, 130.856048584, 131.22756958, 131.610702515, 131.982223511, 132.376953125, 132.76008606, 133.131607056, 133.51473999, 133.886260986, 134.257781982, 134.640899658, 135.012420654, 135.395553589, 135.778686523, 136.161804199, 136.533325195, 136.928070068, 137.311203003, 137.694335938, 138.065841675, 138.437362671, 138.820495605, 139.20362854, 139.575149536, 139.946670532, 140.329788208, 140.712921143, 141.096054077, 141.479187012, 141.850692749, 142.222213745, 142.60534668, 142.988479614, 143.36000061, 143.743133545, 144.126251221, 144.509384155, 144.89251709, 145.264038086, 145.647155762, 146.030288696, 146.401809692, 146.784942627, 147.168075562, 147.539596558, 147.922714233, 148.305847168, 148.677368164, 149.060501099, 149.443618774, 149.815139771, 150.198272705, 150.58140564, 150.964538574, 151.34765625, 151.719177246, 152.090698242, 152.473831177, 152.856964111, 153.228485107, 153.611602783, 153.994735718, 154.377868652, 154.761001587, 155.144119263, 155.527252197, 155.898773193, 156.270294189, 156.653427124, 157.0365448, 157.419677734, 157.802810669, 158.174331665, 158.5574646, 158.940582275, 159.312103271, 159.683624268, 160.066757202, 160.449890137, 160.833007813, 161.216140747, 161.587661743, 161.970794678, 162.353912354, 162.737045288, 163.120178223, 163.491699219, 163.863220215, 164.246353149, 164.629470825, 165.01260376, 165.395736694, 165.778869629, 166.150375366, 166.533508301, 166.916641235, 167.29977417, 167.671295166, 168.054412842, 168.437545776, 168.809066772, 169.192199707, 169.575332642, 169.946838379, 170.329971313, 170.713104248, 171.084625244, 171.467758179, 171.850875854, 172.222396851, 172.605529785, 172.98866272, 173.371795654, 173.75491333, 174.126434326, 174.509567261, 174.892700195, 175.264221191, 175.647338867, 176.030471802, 176.401992798, 176.785125732, 177.168243408, 177.539764404, 177.922897339, 178.306030273, 178.67755127, 179.060684204, 179.44380188, 179.826934814, 180.210067749, 180.581588745, 180.964706421, 181.347839355, 181.719360352, 182.102493286, 182.485626221, 182.857131958, 183.240264893, 183.623397827, 184.006530762, 184.389663696, 184.761169434, 185.13269043, 185.515823364, 185.898956299, 186.282089233, 186.665206909, 187.036727905, 187.41986084, 187.802993774, 188.174514771, 188.546035767, 188.917541504, 189.300674438, 189.683807373, 190.066940308, 190.450057983, 190.833190918, 191.216323853, 191.599456787, 191.982574463, 192.354095459, 192.737228394, 193.120361328, 193.503494263, 193.886611938, 194.258132935, 194.641265869, 195.024398804, 195.407531738, 195.779037476, 196.16217041, 196.556915283, 196.940048218, 197.311553955, 197.683074951, 198.066207886, 198.437728882, 198.809249878, 199.203994751, 199.587112427, 199.970245361, 200.353378296, 200.73651123, 201.108016968, 201.479537964, 201.85105896, 202.234191895, 202.617324829, 203.000442505, 203.383575439, 203.755096436, 204.13822937, 204.521362305, 204.892883301, 205.276000977, 205.659133911, 206.030654907, 206.402175903, 206.796905518, 207.180038452, 207.563171387, 207.934692383, 208.329421997, 208.712554932, 209.084075928, 209.467208862, 209.850341797, 210.221862793, 210.604980469, 210.976501465, 211.359634399, 211.742767334, 212.11428833, 212.485794067, 212.88053894, 213.252059937, 213.623580933, 213.995101929, 214.378234863, 214.761352539, 215.144485474, 215.527618408, 215.899139404, 216.2706604, 216.653778076, 217.036911011, 217.420043945, 217.80317688, 218.186294556, 218.56942749, 218.952560425, 219.335693359, 219.707214355, 220.078720093, 220.461853027, 220.844985962, 221.216506958, 221.599639893, 221.982757568, 222.365890503, 222.737411499, 223.120544434, 223.503662109, 223.875183105, 224.25831604, 224.641448975, 225.012969971, 225.396102905, 225.779220581, 226.162353516, 226.533874512, 226.905395508, 227.288528442, 227.671646118, 228.054779053, 228.437911987, 228.809432983, 229.192550659, 229.575683594, 229.94720459, 230.330337524, 230.713470459, 231.096588135, 231.479721069, 231.851242065, 232.222763062, 232.605895996, 232.989013672, 233.360534668, 233.743667603, 234.126800537, 234.498321533, 234.881454468, 235.264572144, 235.647705078, 236.030838013, 236.425567627, 236.808700562, 237.191833496, 237.574966431, 237.946487427, 238.317993164, 238.701126099, 239.072647095, 239.444168091, 239.827301025, 240.21043396, 240.581939697, 240.965072632, 241.336593628, 241.719726563, 242.091247559, 242.462768555, 242.84588623, 243.229019165, 243.6121521, 243.995285034, 244.366790771, 244.749923706, 245.133056641, 245.504577637, 245.887710571, 246.270828247, 246.653961182, 247.037094116, 247.420227051, 247.791748047, 248.174865723, 248.557998657, 248.941131592, 249.312652588, 249.684173584, 250.06729126, 250.450424194, 250.833557129, 251.216690063, 251.58821106, 251.971328735, 252.35446167, 252.749206543, 253.143936157, 253.550292969, 253.956634521, 254.362991333, 254.769332886, 255.175689697]
