
metadata:
    version:
        essentia: "2.1-beta2"
    audio_properties:
        analysis_sample_rate: 44100
        bitrate: 56
        channels: 2
        equal_loudness: 1
        length: 232.333068848
        replay_gain: -15.8545207977
        downmix: "mix"
    tags:
        album: "Anachromie"
        artist: "Kells"
        comment: ""
        date: "2012"
        genre: "Other"
        title: "L'heure Que Le Temps Va Figer"
        tracknumber: "4"

configuration:
    average_loudness:
        compute: 1
        frameSize: 88200
        hopSize: 44100
        silentFrames: "noise"
        windowType: "hann"
    general:
        analysisSampleRate: 44100
        endTime: 2000
        equalLoudness: 1
        nequalLoudness: 0
        shortSound: 0
        startTime: 0
    lowlevel:
        compute: 1
        frameSize: 2048
        hopSize: 1024
        zeroPadding: 0
        silentFrames: "noise"
        windowType: "blackmanharris62"
        mfccStats: ["mean", "cov", "icov"]
        stats: ["mean", "var", "median", "min", "max", "dmean", "dmean2", "dvar", "dvar2"]
    panning:
        compute: 0
        frameSize: 8192
        hopSize: 2048
        zeroPadding: 8192
        silentFrames: "noise"
        windowType: "hann"
        stats: ["copy"]
    rhythm:
        compute: 1
        maxTempo: 208
        minTempo: 40
        method: "degara"
        stats: ["mean", "var", "median", "min", "max", "dmean", "dmean2", "dvar", "dvar2"]
    segmentation:
        compute: 0
        cpw: 5
        inc1: 300
        inc2: 50
        minimumSegmentsLength: 10
        size1: 1000
        size2: 600
    sfx:
        compute: 1
        stats: ["mean", "var", "median", "min", "max", "dmean", "dmean2", "dvar", "dvar2"]
    svm:
        compute: 0
    tonal:
        compute: 1
        frameSize: 4096
        hopSize: 2048
        zeroPadding: 0
        silentFrames: "noise"
        windowType: "blackmanharris62"
        stats: ["mean", "var", "median", "min", "max", "dmean", "dmean2", "dvar", "dvar2"]

lowlevel:
    average_loudness: 0.811689019203
    barkbands_kurtosis:
        dmean: 0.881217360497
        dmean2: 1.43637406826
        dvar: 2.99631953239
        dvar2: 7.33095312119
        max: 42.2438545227
        mean: -0.158973500133
        median: -0.893773674965
        min: -1.89986205101
        var: 5.78359603882
    barkbands_skewness:
        dmean: 0.395485520363
        dmean2: 0.626917719841
        dvar: 0.158877328038
        dvar2: 0.382274419069
        max: 6.4144692421
        mean: 0.178768619895
        median: 0.0187644436955
        min: -3.15593719482
        var: 0.88507437706
    barkbands_spread:
        dmean: 4.86757564545
        dmean2: 7.78548383713
        dvar: 23.583108902
        dvar2: 56.8035812378
        max: 70.2267227173
        mean: 28.8209037781
        median: 29.6273021698
        min: 1.98452579975
        var: 115.892997742
    dissonance:
        dmean: 0.0158673208207
        dmean2: 0.0268906783313
        dvar: 0.000362987659173
        dvar2: 0.000978591619059
        max: 0.500000119209
        mean: 0.471860140562
        median: 0.481331110001
        min: 0.264504790306
        var: 0.000825592607725
    hfc:
        dmean: 1.67284941673
        dmean2: 2.65790843964
        dvar: 4.4199962616
        dvar2: 10.9795131683
        max: 35.4796943665
        mean: 7.29367113113
        median: 6.54167985916
        min: 1.08619309696e-016
        var: 37.1562538147
    pitch:
        dmean: 574.044433594
        dmean2: 1106.53051758
        dvar: 1205789
        dvar2: 3104442.5
        max: 4746.30126953
        mean: 1318.78112793
        median: 415.122009277
        min: 59.9073791504
        var: 2134147.25
    pitch_instantaneous_confidence:
        dmean: 0.0854672938585
        dmean2: 0.137474283576
        dvar: 0.00617743236944
        dvar2: 0.014732026495
        max: 0.96585136652
        mean: 0.468097269535
        median: 0.440309107304
        min: 0.0877909064293
        var: 0.034924544394
    pitch_salience:
        dmean: 0.057834751904
        dmean2: 0.0941897258162
        dvar: 0.00289135589264
        dvar2: 0.00754976877943
        max: 0.890235960484
        mean: 0.613373458385
        median: 0.636402487755
        min: 0.104554019868
        var: 0.0153247816488
    silence_rate_20dB:
        dmean: 0
        dmean2: 0
        dvar: 0
        dvar2: 0
        max: 1
        mean: 1
        median: 1
        min: 1
        var: 0
    silence_rate_30dB:
        dmean: 0
        dmean2: 0
        dvar: 0
        dvar2: 0
        max: 1
        mean: 1
        median: 1
        min: 1
        var: 0
    silence_rate_60dB:
        dmean: 0.0833499878645
        dmean2: 0.166716635227
        dvar: 0.076411344111
        dvar2: 0.171717554331
        max: 1
        mean: 0.390126913786
        median: 0
        min: 0
        var: 0.237923100591
    spectral_centroid:
        dmean: 244.861236572
        dmean2: 390.925598145
        dvar: 70853.484375
        dvar2: 160359.515625
        max: 11788.4638672
        mean: 1627.58947754
        median: 1627.64855957
        min: 210.381164551
        var: 741492.625
    spectral_complexity:
        dmean: 3.00259852409
        dmean2: 4.8633685112
        dvar: 12.1820411682
        dvar2: 29.7208404541
        max: 41
        mean: 12.8537025452
        median: 14
        min: 0
        var: 75.2549057007
    spectral_crest:
        dmean: 2.14756560326
        dmean2: 3.53221750259
        dvar: 4.36688613892
        dvar2: 11.3561754227
        max: 25.6991539001
        mean: 8.28763961792
        median: 7.18956804276
        min: 2.37356925011
        var: 15.6679935455
    spectral_decrease:
        dmean: 2.47440623546e-010
        dmean2: 4.06174011092e-010
        dvar: 1.59728964025e-019
        dvar2: 4.23727327135e-019
        max: 2.22660131248e-028
        mean: -9.5388008603e-010
        median: -8.71642258371e-010
        min: -4.39680869491e-009
        var: 4.5843062991e-019
    spectral_energy:
        dmean: 0.00105726707261
        dmean2: 0.00172236247454
        dvar: 2.68310009233e-006
        dvar2: 7.06449372956e-006
        max: 0.0183961037546
        mean: 0.00426172139123
        median: 0.0038984993007
        min: 1.00858196712e-020
        var: 9.25961467146e-006
    spectral_energyband_high:
        dmean: 0.000105274957605
        dmean2: 0.000172078071046
        dvar: 2.55373553415e-008
        dvar2: 6.36350705463e-008
        max: 0.00288446201012
        mean: 0.000257753534243
        median: 0.000220049259951
        min: 7.05183912222e-021
        var: 6.8937978881e-008
    spectral_energyband_low:
        dmean: 0.000157607646543
        dmean2: 0.000272047618637
        dvar: 6.75617215506e-008
        dvar2: 1.91669599303e-007
        max: 0.0036670784466
        mean: 0.00027726838016
        median: 0.000230719713727
        min: 1.77320091167e-023
        var: 7.43176329365e-008
    spectral_energyband_middle_high:
        dmean: 0.00054651114624
        dmean2: 0.000852895667776
        dvar: 4.40349936071e-007
        dvar2: 1.04697278402e-006
        max: 0.0110924066976
        mean: 0.00244795903563
        median: 0.00198337505572
        min: 1.09974783252e-021
        var: 4.76914965475e-006
    spectral_energyband_middle_low:
        dmean: 0.000676939787809
        dmean2: 0.00114810361993
        dvar: 1.73865339548e-006
        dvar2: 4.73895215691e-006
        max: 0.0149567313492
        mean: 0.00140969594941
        median: 0.00113208044786
        min: 2.03111362037e-022
        var: 1.9027295366e-006
    spectral_flatness_db:
        dmean: 0.0164964329451
        dmean2: 0.0258936751634
        dvar: 0.000285459478619
        dvar2: 0.000628746289294
        max: 0.418290734291
        mean: 0.159241393209
        median: 0.146858423948
        min: 0.060988355428
        var: 0.00244540651329
    spectral_flux:
        dmean: 0.00794280972332
        dmean2: 0.0123520959169
        dvar: 0.000103519421828
        dvar2: 0.000218048953684
        max: 0.118970543146
        mean: 0.0354771539569
        median: 0.0351711884141
        min: 6.30098612175e-011
        var: 0.000401020253776
    spectral_kurtosis:
        dmean: 1.51519417763
        dmean2: 2.54161286354
        dvar: 5.35342121124
        dvar2: 14.1632204056
        max: 40.6923446655
        mean: 4.71446037292
        median: 3.70008707047
        min: -1.59933590889
        var: 16.7005176544
    spectral_rms:
        dmean: 0.000238045613514
        dmean2: 0.000379795092158
        dvar: 9.86050423535e-008
        dvar2: 2.50784268019e-007
        max: 0.00423643924296
        mean: 0.0018561265897
        median: 0.00195023429114
        min: 3.13684950411e-012
        var: 7.12572330031e-007
    spectral_rolloff:
        dmean: 362.797302246
        dmean2: 603.784423828
        dvar: 299497.65625
        dvar2: 659690.9375
        max: 19832.0800781
        mean: 2987.16088867
        median: 3316.11328125
        min: 172.265625
        var: 2151575.5
    spectral_skewness:
        dmean: 0.198704093695
        dmean2: 0.321675896645
        dvar: 0.06665237993
        dvar2: 0.161406859756
        max: 4.87334012985
        mean: 1.48998558521
        median: 1.35514545441
        min: -0.0835962370038
        var: 0.292255163193
    spectral_spread:
        dmean: 488786.75
        dmean2: 723840
        dvar: 601725534208
        dvar2: 1.13718617702e+012
        max: 42558388
        mean: 4476590.5
        median: 4085805.25
        min: 1295827.875
        var: 7.42029472563e+012
    spectral_strongpeak:
        dmean: 0.505852222443
        dmean2: 0.865497112274
        dvar: 0.744396746159
        dvar2: 1.98553049564
        max: 10.7565746307
        mean: 0.959701538086
        median: 0.348199158907
        min: 2.12969017421e-010
        var: 1.59295046329
    zerocrossingrate:
        dmean: 0.00758963543922
        dmean2: 0.00935596693307
        dvar: 6.60143196001e-005
        dvar2: 8.43509697006e-005
        max: 0.52978515625
        mean: 0.0915001556277
        median: 0.09375
        min: 0.01806640625
        var: 0.00149499322288
    barkbands:
        dmean: [6.96146798873e-007, 4.83060284751e-005, 7.48846141505e-005, 0.000153934452101, 0.000382171623642, 0.000146720150951, 0.0001095322732, 6.65284896968e-005, 7.92286882643e-005, 8.69851428433e-005, 0.000128103376483, 7.64684591559e-005, 5.69918520341e-005, 4.79965092381e-005, 6.08196896792e-005, 9.41126127145e-005, 9.70827095443e-005, 0.000121272089018, 0.000238702457864, 0.000117867639347, 4.44127072114e-005, 1.00329698398e-005, 3.31221690431e-006, 1.63862841873e-006, 7.89203284057e-007, 2.59993271357e-008, 3.40115519082e-010]
        dmean2: [1.14076556201e-006, 8.5486601165e-005, 0.000130088345031, 0.000266072427621, 0.000677873846143, 0.000240493711317, 0.000181030191015, 0.000111437810119, 0.000125151578686, 0.00013300604769, 0.000189080572454, 0.000121849327115, 9.4125571195e-005, 7.79800102464e-005, 9.78546013357e-005, 0.000151994245243, 0.000157100890647, 0.000198208304937, 0.000394059839891, 0.000192622901523, 7.4900322943e-005, 1.66099307535e-005, 5.46919545741e-006, 2.64108803094e-006, 1.24266307466e-006, 4.19495229664e-008, 5.73059766307e-010]
        dvar: [9.76211082457e-013, 7.71751462736e-009, 1.75165713046e-008, 5.08991746528e-008, 1.02163903648e-006, 6.19773459221e-008, 6.4140891709e-008, 3.19525277348e-008, 2.38649597861e-008, 5.77994292428e-008, 1.14404123508e-007, 4.32969429198e-008, 1.92993745429e-008, 1.42015394999e-008, 2.2409926359e-008, 3.94354984223e-008, 2.50924259149e-008, 4.00586230853e-008, 1.23721008549e-007, 3.0231330328e-008, 4.20380796839e-009, 6.75881073331e-010, 1.71134023619e-010, 3.25399707179e-011, 1.0278535835e-011, 1.25067650328e-014, 8.81258682472e-019]
        dvar2: [2.41711013184e-012, 2.16411102372e-008, 5.04984178917e-008, 1.45842449228e-007, 2.86113004222e-006, 1.50296315837e-007, 1.55168621063e-007, 8.04974433777e-008, 5.01198726965e-008, 1.08883511984e-007, 2.33495924817e-007, 9.1871051211e-008, 5.09894988454e-008, 3.19074331401e-008, 5.30406722987e-008, 8.53403108181e-008, 6.11444832543e-008, 1.00521631907e-007, 3.36063550321e-007, 7.73555086653e-008, 1.09777822388e-008, 1.57047763683e-009, 3.17186055199e-010, 8.2120220346e-011, 2.23441178754e-011, 3.1434405724e-014, 2.23060067561e-018]
        max: [1.15183011076e-005, 0.00082219595788, 0.00215457356535, 0.00247442396358, 0.0117103932425, 0.0062225270085, 0.00514031294733, 0.00414387928322, 0.00624626781791, 0.00742570916191, 0.0097146993503, 0.00655671488494, 0.00261262408458, 0.00341485859826, 0.00398305617273, 0.00724299857393, 0.00476378342137, 0.00444052182138, 0.00854327064008, 0.00297723454423, 0.00101779599208, 0.00132604176179, 0.000566345173866, 0.000202305032872, 0.000117429597594, 5.87672639085e-006, 5.02652603984e-008]
        mean: [9.62760736911e-007, 6.23857267783e-005, 0.000111954388558, 0.000210418947972, 0.000420606549596, 0.000292322045425, 0.000188978257938, 9.41809266806e-005, 0.000167204430909, 0.000188025689567, 0.000334950600518, 0.000164934594068, 0.000103116224636, 8.44875612529e-005, 0.000121919852972, 0.000195069194888, 0.000224354094826, 0.000273600337096, 0.000601864012424, 0.000293916411465, 9.59920726018e-005, 1.97522404051e-005, 5.86086480325e-006, 3.41309964824e-006, 1.41316138524e-006, 3.98325887829e-008, 4.05888378463e-010]
        median: [5.48124660327e-007, 4.22635603172e-005, 8.32671285025e-005, 0.000141781638376, 0.000220328482101, 0.00016007310478, 6.9312947744e-005, 3.79365883418e-005, 8.69457726367e-005, 5.42623602087e-005, 4.87359902763e-005, 4.45067562396e-005, 2.93700431939e-005, 2.97607057291e-005, 4.37172675447e-005, 9.01501771295e-005, 0.00015202666691, 0.000200726179173, 0.000383346894523, 0.000200294074602, 8.27070325613e-005, 1.4959922737e-005, 2.9329642075e-006, 1.71179351582e-006, 5.77585979045e-007, 1.37524311938e-008, 1.35256417177e-010]
        min: [6.32491318866e-025, 4.57756064562e-024, 2.96504198343e-024, 8.45098404724e-025, 5.81851931334e-024, 7.15281718667e-024, 9.48515939474e-024, 1.67614293688e-023, 1.84185263635e-023, 3.09611086785e-023, 1.62497110768e-023, 1.92858016204e-023, 3.46114299888e-023, 2.92436764463e-023, 3.51387456386e-023, 4.06187004453e-023, 7.64037787562e-023, 1.04408492353e-022, 8.84511173503e-023, 1.46605810755e-022, 2.78553525661e-022, 3.47323995998e-022, 3.9033539361e-022, 6.18673946795e-022, 8.98917730008e-022, 1.36475238815e-021, 2.02866489515e-021]
        var: [1.45986261274e-012, 6.73425848419e-009, 1.67417280039e-008, 5.94210192162e-008, 7.06834441644e-007, 1.75621806875e-007, 1.31935351533e-007, 5.23067740232e-008, 1.41127969755e-007, 3.06647820025e-007, 7.6206185895e-007, 2.29320733069e-007, 5.12320355028e-008, 3.33820189269e-008, 8.96660665717e-008, 1.76039563371e-007, 9.87397967833e-008, 1.15647516452e-007, 5.20378819147e-007, 1.27378015691e-007, 8.57333315452e-009, 1.55106461008e-009, 4.9029691418e-010, 5.45306369504e-011, 2.23790309201e-011, 2.19219495936e-014, 1.31515678977e-018]
    frequency_bands:
        dmean: [6.96146798873e-007, 4.83060284751e-005, 7.48846141505e-005, 0.000153934452101, 0.000382171623642, 0.000146720150951, 0.0001095322732, 6.65284896968e-005, 7.92286882643e-005, 8.69851428433e-005, 0.000128103376483, 7.64684591559e-005, 5.69918520341e-005, 4.79965092381e-005, 6.08196896792e-005, 9.41126127145e-005, 9.70827095443e-005, 0.000121272089018, 0.000238702457864, 0.000117867639347, 4.44127072114e-005, 1.00329698398e-005, 3.31221690431e-006, 1.63862841873e-006, 7.89203284057e-007, 2.59993271357e-008, 3.40115519082e-010, 5.25880693159e-011]
        dmean2: [1.14076556201e-006, 8.5486601165e-005, 0.000130088345031, 0.000266072427621, 0.000677873846143, 0.000240493711317, 0.000181030191015, 0.000111437810119, 0.000125151578686, 0.00013300604769, 0.000189080572454, 0.000121849327115, 9.4125571195e-005, 7.79800102464e-005, 9.78546013357e-005, 0.000151994245243, 0.000157100890647, 0.000198208304937, 0.000394059839891, 0.000192622901523, 7.4900322943e-005, 1.66099307535e-005, 5.46919545741e-006, 2.64108803094e-006, 1.24266307466e-006, 4.19495229664e-008, 5.73059766307e-010, 9.8169736229e-011]
        dvar: [9.76211082457e-013, 7.71751462736e-009, 1.75165713046e-008, 5.08991746528e-008, 1.02163903648e-006, 6.19773459221e-008, 6.4140891709e-008, 3.19525277348e-008, 2.38649597861e-008, 5.77994292428e-008, 1.14404123508e-007, 4.32969429198e-008, 1.92993745429e-008, 1.42015394999e-008, 2.2409926359e-008, 3.94354984223e-008, 2.50924259149e-008, 4.00586230853e-008, 1.23721008549e-007, 3.0231330328e-008, 4.20380796839e-009, 6.75881073331e-010, 1.71134023619e-010, 3.25399707179e-011, 1.0278535835e-011, 1.25067650328e-014, 8.81258682472e-019, 7.12267454011e-021]
        dvar2: [2.41711013184e-012, 2.16411102372e-008, 5.04984178917e-008, 1.45842449228e-007, 2.86113004222e-006, 1.50296315837e-007, 1.55168621063e-007, 8.04974433777e-008, 5.01198726965e-008, 1.08883511984e-007, 2.33495924817e-007, 9.1871051211e-008, 5.09894988454e-008, 3.19074331401e-008, 5.30406722987e-008, 8.53403108181e-008, 6.11444832543e-008, 1.00521631907e-007, 3.36063550321e-007, 7.73555086653e-008, 1.09777822388e-008, 1.57047763683e-009, 3.17186055199e-010, 8.2120220346e-011, 2.23441178754e-011, 3.1434405724e-014, 2.23060067561e-018, 2.3012048319e-020]
        max: [1.15183011076e-005, 0.00082219595788, 0.00215457356535, 0.00247442396358, 0.0117103932425, 0.0062225270085, 0.00514031294733, 0.00414387928322, 0.00624626781791, 0.00742570916191, 0.0097146993503, 0.00655671488494, 0.00261262408458, 0.00341485859826, 0.00398305617273, 0.00724299857393, 0.00476378342137, 0.00444052182138, 0.00854327064008, 0.00297723454423, 0.00101779599208, 0.00132604176179, 0.000566345173866, 0.000202305032872, 0.000117429597594, 5.87672639085e-006, 5.02652603984e-008, 1.01024788535e-009]
        mean: [9.62760736911e-007, 6.23857267783e-005, 0.000111954388558, 0.000210418947972, 0.000420606549596, 0.000292322045425, 0.000188978257938, 9.41809266806e-005, 0.000167204430909, 0.000188025689567, 0.000334950600518, 0.000164934594068, 0.000103116224636, 8.44875612529e-005, 0.000121919852972, 0.000195069194888, 0.000224354094826, 0.000273600337096, 0.000601864012424, 0.000293916411465, 9.59920726018e-005, 1.97522404051e-005, 5.86086480325e-006, 3.41309964824e-006, 1.41316138524e-006, 3.98325887829e-008, 4.05888378463e-010, 4.01178569531e-011]
        median: [5.48124660327e-007, 4.22635603172e-005, 8.32671285025e-005, 0.000141781638376, 0.000220328482101, 0.00016007310478, 6.9312947744e-005, 3.79365883418e-005, 8.69457726367e-005, 5.42623602087e-005, 4.87359902763e-005, 4.45067562396e-005, 2.93700431939e-005, 2.97607057291e-005, 4.37172675447e-005, 9.01501771295e-005, 0.00015202666691, 0.000200726179173, 0.000383346894523, 0.000200294074602, 8.27070325613e-005, 1.4959922737e-005, 2.9329642075e-006, 1.71179351582e-006, 5.77585979045e-007, 1.37524311938e-008, 1.35256417177e-010, 1.11390965896e-011]
        min: [6.32491318866e-025, 4.57756064562e-024, 2.96504198343e-024, 8.45098404724e-025, 5.81851931334e-024, 7.15281718667e-024, 9.48515939474e-024, 1.67614293688e-023, 1.84185263635e-023, 3.09611086785e-023, 1.62497110768e-023, 1.92858016204e-023, 3.46114299888e-023, 2.92436764463e-023, 3.51387456386e-023, 4.06187004453e-023, 7.64037787562e-023, 1.04408492353e-022, 8.84511173503e-023, 1.46605810755e-022, 2.78553525661e-022, 3.47323995998e-022, 3.9033539361e-022, 6.18673946795e-022, 8.98917730008e-022, 1.36475238815e-021, 2.02866489515e-021, 6.37817644589e-022]
        var: [1.45986261274e-012, 6.73425848419e-009, 1.67417280039e-008, 5.94210192162e-008, 7.06834441644e-007, 1.75621806875e-007, 1.31935351533e-007, 5.23067740232e-008, 1.41127969755e-007, 3.06647820025e-007, 7.6206185895e-007, 2.29320733069e-007, 5.12320355028e-008, 3.33820189269e-008, 8.96660665717e-008, 1.76039563371e-007, 9.87397967833e-008, 1.15647516452e-007, 5.20378819147e-007, 1.27378015691e-007, 8.57333315452e-009, 1.55106461008e-009, 4.9029691418e-010, 5.45306369504e-011, 2.23790309201e-011, 2.19219495936e-014, 1.31515678977e-018, 5.48070567611e-021]
    mfcc:
        mean: [-742.816772461, 105.536575317, -48.2497024536, 47.2049369812, -12.82858181, -14.9209270477, 3.12279558182, -3.71098518372, -6.03788614273, -7.13184213638, -10.8583316803, -5.83676624298, -4.66705036163]
        cov: [[11517.9677734, 1268.97631836, -732.106628418, 1726.57629395, -195.253738403, 462.720367432, 517.440185547, 199.42767334, 153.400238037, 169.99407959, -29.3703556061, -15.6527547836, -61.6245384216], [1268.97631836, 897.043945313, -83.0392227173, 260.66897583, 53.9699172974, -4.16988420486, 101.980392456, 20.1893310547, 13.1562452316, -10.5604696274, -34.9056892395, -12.25086689, -10.6091442108], [-732.106628418, -83.0392227173, 516.406982422, 43.9616088867, 107.844055176, 104.774414063, 1.89730072021, 49.0746688843, 61.7609863281, 7.97053956985, 2.63294196129, 10.9709100723, -2.48506712914], [1726.57629395, 260.66897583, 43.9616088867, 594.742126465, 33.0271224976, 108.609161377, 83.5984802246, 68.4564590454, 103.385627747, 52.6374282837, 9.89144611359, 12.9176874161, -18.6905860901], [-195.253738403, 53.9699172974, 107.844055176, 33.0271224976, 202.061157227, 39.3268241882, 17.604265213, 8.43410396576, 6.89678621292, 22.4931354523, -3.21532821655, 15.9794406891, 6.71208000183], [462.720367432, -4.16988420486, 104.774414063, 108.609161377, 39.3268241882, 287.863311768, 124.330574036, 62.3754577637, 41.9672584534, 20.7640895844, 24.7822322845, -0.713035643101, -5.54763650894], [517.440185547, 101.980392456, 1.89730072021, 83.5984802246, 17.604265213, 124.330574036, 179.707244873, 70.0518722534, 36.2555580139, 13.4323625565, 2.99605917931, 0.419917732477, 1.2397274971], [199.42767334, 20.1893310547, 49.0746688843, 68.4564590454, 8.43410396576, 62.3754577637, 70.0518722534, 117.236991882, 53.4722862244, 19.225851059, -9.25341033936, -4.52129602432, 0.915766537189], [153.400238037, 13.1562452316, 61.7609863281, 103.385627747, 6.89678621292, 41.9672584534, 36.2555580139, 53.4722862244, 113.255874634, 30.7967071533, 1.7589713335, -15.4368047714, -8.19317150116], [169.99407959, -10.5604696274, 7.97053956985, 52.6374282837, 22.4931354523, 20.7640895844, 13.4323625565, 19.225851059, 30.7967071533, 89.9063949585, 24.5169239044, 3.19955039024, -6.0796713829], [-29.3703556061, -34.9056892395, 2.63294196129, 9.89144611359, -3.21532821655, 24.7822322845, 2.99605917931, -9.25341033936, 1.7589713335, 24.5169239044, 88.2496566772, 27.0467071533, -4.743891716], [-15.6527547836, -12.25086689, 10.9709100723, 12.9176874161, 15.9794406891, -0.713035643101, 0.419917732477, -4.52129602432, -15.4368047714, 3.19955039024, 27.0467071533, 67.8980102539, 20.8080596924], [-61.6245384216, -10.6091442108, -2.48506712914, -18.6905860901, 6.71208000183, -5.54763650894, 1.2397274971, 0.915766537189, -8.19317150116, -6.0796713829, -4.743891716, 20.8080596924, 66.6819458008]]
        icov: [[0.0002482838172, -0.000113043577585, 0.00034549672273, -0.000668002234306, 0.000289682706352, -0.000261008914094, -0.000252460682532, 3.45288790413e-005, 0.000318629987305, -0.000285654241452, 0.000268011441221, 1.4658830878e-005, 1.80501101568e-005], [-0.000113043577585, 0.00158221425954, 5.82776592637e-005, -0.000458099064417, -0.000669808825478, 0.000737689319067, -0.000993054243736, 0.000233661950915, 0.000226549251238, 0.000630917318631, 0.000154129229486, 0.000447284925031, 0.000121827761177], [0.00034549672273, 5.82776592637e-005, 0.00318234134465, -0.000837945262901, -0.000977723742835, -0.00138734909706, 0.000827701354865, -0.000737843976822, -0.000968802778516, 0.00040003246977, 0.000512579688802, -0.000653205031995, 0.000347765279002], [-0.000668002234306, -0.000458099064417, -0.000837945262901, 0.00438722129911, -0.000657460419461, -9.645895625e-005, 0.000967061088886, -0.000267080846243, -0.00284667103551, -1.18458592624e-005, -0.000373335002223, -0.00150098395534, 0.000643078703433], [0.000289682706352, -0.000669808825478, -0.000977723742835, -0.000657460419461, 0.00660169450566, -0.000808099342976, -0.000540982699022, 0.000726312573534, 0.00095529545797, -0.00242341030389, 0.00158866075799, -0.00148536288179, -0.00031828484498], [-0.000261008914094, 0.000737689319067, -0.00138734909706, -9.645895625e-005, -0.000808099342976, 0.00642175320536, -0.00387559668161, -0.00042766192928, 0.000299844919937, 0.000565446272958, -0.00209866627119, 0.00145326205529, -2.3453587346e-005], [-0.000252460682532, -0.000993054243736, 0.000827701354865, 0.000967061088886, -0.000540982699022, -0.00387559668161, 0.0110590485856, -0.00443386193365, -0.00113960343879, 0.000513139180839, -0.000236406282056, -0.000921781349462, -0.000324506981997], [3.45288790413e-005, 0.000233661950915, -0.000737843976822, -0.000267080846243, 0.000726312573534, -0.00042766192928, -0.00443386193365, 0.0141303818673, -0.00434548221529, -0.00149912713096, 0.00266256462783, -0.000817879568785, -0.000479555863421], [0.000318629987305, 0.000226549251238, -0.000968802778516, -0.00284667103551, 0.00095529545797, 0.000299844919937, -0.00113960343879, -0.00434548221529, 0.0151943769306, -0.00323115615174, -0.000651590642519, 0.00426646601409, -0.000299228035146], [-0.000285654241452, 0.000630917318631, 0.00040003246977, -1.18458592624e-005, -0.00242341030389, 0.000565446272958, 0.000513139180839, -0.00149912713096, -0.00323115615174, 0.0147735346109, -0.00448071816936, 0.000634199823253, 0.000583289947826], [0.000268011441221, 0.000154129229486, 0.000512579688802, -0.000373335002223, 0.00158866075799, -0.00209866627119, -0.000236406282056, 0.00266256462783, -0.000651590642519, -0.00448071816936, 0.0160975530744, -0.00733635062352, 0.00276591395959], [1.4658830878e-005, 0.000447284925031, -0.000653205031995, -0.00150098395534, -0.00148536288179, 0.00145326205529, -0.000921781349462, -0.000817879568785, 0.00426646601409, 0.000634199823253, -0.00733635062352, 0.0214317031205, -0.00668919412419], [1.80501101568e-005, 0.000121827761177, 0.000347765279002, 0.000643078703433, -0.00031828484498, -2.3453587346e-005, -0.000324506981997, -0.000479555863421, -0.000299228035146, 0.000583289947826, 0.00276591395959, -0.00668919412419, 0.017569091171]]
    sccoeffs:
        dmean: [0.0564871393144, 0.048243496567, 0.0377846956253, 0.0292916074395, 0.0203348174691, 0.0168228987604]
        dmean2: [0.0946621745825, 0.0789498612285, 0.0612192638218, 0.0483368337154, 0.0330889560282, 0.0270767267793]
        dvar: [0.00244364864193, 0.00155018840451, 0.00098017428536, 0.000605694600381, 0.000285064103082, 0.000235324856476]
        dvar2: [0.00664846925065, 0.00405221153051, 0.002406347543, 0.00154153839685, 0.000698545016348, 0.000574560312089]
        max: [-0.324506759644, -0.358913332224, -0.401289910078, -0.548723757267, -0.564891397953, -0.549074172974]
        mean: [-0.679863572121, -0.735146105289, -0.75895601511, -0.788178086281, -0.793499410152, -0.770937025547]
        median: [-0.68609046936, -0.74564909935, -0.779262065887, -0.797298789024, -0.797890007496, -0.765811860561]
        min: [-0.970258176327, -0.97584849596, -0.975587248802, -0.977696597576, -0.96724408865, -0.966008126736]
        var: [0.00614182837307, 0.00750255212188, 0.00764177693054, 0.00304832588881, 0.00183926394675, 0.00168596103322]
    scvalleys:
        dmean: [0.39220353961, 0.389798432589, 0.31964302063, 0.292285263538, 0.246909230947, 0.276640444994]
        dmean2: [0.64910531044, 0.640969336033, 0.518237173557, 0.467604964972, 0.377122610807, 0.412442356348]
        dvar: [0.129434198141, 0.140710264444, 0.0970799997449, 0.105334490538, 0.101270467043, 0.152466416359]
        dvar2: [0.310339748859, 0.338383853436, 0.213717743754, 0.227606162429, 0.202078208327, 0.317839682102]
        max: [-5.20023393631, -4.59745597839, -5.26758003235, -5.49914360046, -5.72668552399, -7.50083494186]
        mean: [-7.38800239563, -7.07949829102, -7.38599872589, -7.72578811646, -7.44103050232, -10.2919368744]
        median: [-6.59105300903, -6.58339977264, -6.85202550888, -7.21910619736, -6.75366306305, -9.70279026031]
        min: [-28.0624198914, -27.8664226532, -27.6082077026, -27.7393188477, -27.4725036621, -27.3175144196]
        var: [5.89697933197, 3.79427671432, 3.5884950161, 3.50425338745, 3.79271769524, 3.7537548542]

rhythm:
    beats_loudness:
        dmean: 0.00158181099687
        dmean2: 0.00277399364859
        dvar: 2.06624918064e-006
        dvar2: 5.83508335694e-006
        max: 0.0136484187096
        mean: 0.00478122243658
        median: 0.00464235432446
        min: 0
        var: 8.75766363606e-006
    bpm: 150.062896729
    bpm_confidence: 0
    first_peak_bpm: 152
    first_peak_spread: 0.451376140118
    first_peak_weight: 0.519999980927
    onset_rate: 3.16786599159
    second_peak_bpm: 115
    second_peak_spread: 0.333333313465
    second_peak_weight: 0.0104347830638
    beats_loudness_band_ratio:
        dmean: [0.0934150591493, 0.143220365047, 0.0831200107932, 0.0970758795738, 0.0911164358258, 0.0847576335073]
        dmean2: [0.160525634885, 0.257975697517, 0.14403244853, 0.158699661493, 0.15389098227, 0.14390219748]
        dvar: [0.013520302251, 0.019511539489, 0.0105716828257, 0.0161021333188, 0.00755928875878, 0.00603185407817]
        dvar2: [0.0392434373498, 0.0583615973592, 0.0286370050162, 0.0360136628151, 0.0193454138935, 0.0162610225379]
        max: [0.804863870144, 0.886028945446, 0.777982711792, 0.861273944378, 0.725145637989, 0.694698870182]
        mean: [0.135586291552, 0.200676038861, 0.12317918241, 0.168780744076, 0.218002974987, 0.200809568167]
        median: [0.0948008149862, 0.157295882702, 0.0926849618554, 0.0931612923741, 0.204173147678, 0.19419080019]
        min: [0, 0, 0, 0, 0, 0]
        var: [0.0172977522016, 0.026298455894, 0.0119340149686, 0.030364824459, 0.0145805729553, 0.0138817681]
    beats_position: [0.452789098024, 0.917188167572, 1.38158726692, 1.79954648018, 2.20589566231, 2.60063481331, 2.99537420273, 3.39011335373, 3.78485250473, 4.17959165573, 4.58594083786, 4.99229001999, 5.38702917099, 5.79337835312, 6.19972801208, 6.59446716309, 6.98920631409, 7.38394546509, 7.79029464722, 8.19664382935, 8.59138298035, 8.98612213135, 9.39247131348, 9.79882049561, 10.1935596466, 10.5882987976, 10.9946479797, 11.3893871307, 11.7957363129, 12.1904764175, 12.5852155685, 12.9799547195, 13.3863039017, 13.7926530838, 14.1873922348, 14.5821313858, 14.9884805679, 15.3948297501, 15.7895689011, 16.1959171295, 16.602268219, 16.99700737, 17.391746521, 17.7980957031, 18.2044448853, 18.5991840363, 18.9939231873, 19.3886623383, 19.7834014893, 20.1781406403, 20.5844898224, 20.9792289734, 21.3855781555, 21.7919273376, 22.1982765198, 22.5930156708, 22.9877548218, 23.3824939728, 23.7888431549, 24.195192337, 24.589931488, 24.984670639, 25.3910198212, 25.7973690033, 26.1921081543, 26.5868473053, 26.9931964874, 27.3879356384, 27.7942848206, 28.1890239716, 28.5953731537, 28.9901123047, 29.3964614868, 29.7912006378, 30.1859397888, 30.5922889709, 30.9986381531, 31.3933773041, 31.7881164551, 32.1828575134, 32.5892066956, 32.9955558777, 33.3902931213, 33.7850341797, 34.1913833618, 34.5977325439, 34.9924697876, 35.3988189697, 35.8051681519, 36.1999092102, 36.5946464539, 37.000995636, 37.4073448181, 37.8020858765, 38.1968231201, 38.5915641785, 38.9863014221, 39.3926506042, 39.7989997864, 40.2053489685, 40.6116981506, 41.006439209, 41.4011802673, 41.795917511, 42.1906585693, 42.585395813, 42.9917449951, 43.3980941772, 43.7928352356, 44.1875724792, 44.5939216614, 45.0002708435, 45.3950119019, 45.7897491455, 46.1960983276, 46.6024475098, 46.9971885681, 47.3919258118, 47.7866668701, 48.1930160522, 48.5877532959, 48.994102478, 49.3888435364, 49.7951927185, 50.2015419006, 50.5962791443, 50.9910202026, 51.3973693848, 51.8037185669, 52.1984558105, 52.5931968689, 52.9879341125, 53.3826751709, 53.789024353, 54.1953735352, 54.5901107788, 54.9848518372, 55.3795890808, 55.7859382629, 56.1922874451, 56.5870285034, 56.9933776855, 57.3997268677, 57.794467926, 58.1892051697, 58.583946228, 58.9902954102, 59.3966445923, 59.7913818359, 60.1861228943, 60.5924720764, 60.9988212585, 61.3935585022, 61.7882995605, 62.1946487427, 62.6009979248, 62.9957351685, 63.3904762268, 63.7968254089, 64.2031707764, 64.5979156494, 64.9926528931, 65.3873901367, 65.7821273804, 66.1884765625, 66.5948257446, 66.9895706177, 67.3843078613, 67.7906570435, 68.1970062256, 68.5917434692, 68.9864807129, 69.392829895, 69.7875747681, 70.1823120117, 70.5886611938, 70.9833984375, 71.3897476196, 71.7960968018, 72.1908340454, 72.5971832275, 73.0035324097, 73.3982772827, 73.7930145264, 74.18775177, 74.5824966431, 74.9888458252, 75.3951950073, 75.789932251, 76.1962814331, 76.6026306152, 76.9973678589, 77.3921051025, 77.7868499756, 78.1931991577, 78.5995483398, 78.9942855835, 79.3890228271, 79.7837600708, 80.1901092529, 80.5964584351, 80.9912033081, 81.3859405518, 81.7806777954, 82.1754150391, 82.5817642212, 82.9881134033, 83.3828582764, 83.7892074585, 84.1955566406, 84.5902938843, 84.9850311279, 85.3913803101, 85.7977294922, 86.1924667358, 86.5872116089, 86.9819488525, 87.3766860962, 87.7714233398, 88.177772522, 88.5841217041, 88.9904708862, 89.3968200684, 89.7915649414, 90.1863021851, 90.5810394287, 90.9873886108, 91.393737793, 91.788482666, 92.1832199097, 92.5779571533, 92.9959182739, 93.3906555176, 93.7853927612, 94.1917419434, 94.5864868164, 94.9928359985, 95.3875732422, 95.7939224243, 96.188659668, 96.5950088501, 96.9897460938, 97.3960952759, 97.7908401489, 98.1971893311, 98.5919265747, 98.9866638184, 99.381401062, 99.7877502441, 100.194099426, 100.635284424, 101.169342041, 101.69178772, 102.202629089, 102.736686707, 103.282356262, 103.828025818, 104.373695374, 104.896141052, 105.41859436, 105.941040039, 106.463493347, 106.985939026, 107.392288208, 107.79863739, 108.204986572, 108.611335754, 109.006072998, 109.400817871, 109.795555115, 110.201904297, 110.596641541, 110.991378784, 111.386123657, 111.792472839, 112.198822021, 112.593559265, 112.988296509, 113.394645691, 113.800994873, 114.195732117, 114.59047699, 114.985214233, 115.391563416, 115.797912598, 116.192649841, 116.587387085, 116.993736267, 117.38848114, 117.783218384, 118.189567566, 118.595916748, 119.00226593, 119.408615112, 119.814964294, 120.209701538, 120.604438782, 120.999183655, 121.38230896, 121.765441895, 122.160179138, 122.554916382, 122.949661255, 123.356010437, 123.773963928, 124.18031311, 124.575057983, 124.969795227, 125.376144409, 125.770881653, 126.177230835, 126.583580017, 126.989929199, 127.384666443, 127.779411316, 128.185760498, 128.592102051, 128.986846924, 129.381591797, 129.776321411, 130.182678223, 130.589019775, 130.995376587, 131.390106201, 131.784851074, 132.191192627, 132.597549438, 132.992294312, 133.398635864, 133.793380737, 134.188110352, 134.582855225, 134.989196777, 135.38394165, 135.790298462, 136.185028076, 136.591384888, 136.99772644, 137.392471313, 137.787200928, 138.181945801, 138.588302612, 138.994644165, 139.389389038, 139.784118652, 140.178863525, 140.585220337, 140.99156189, 141.386306763, 141.792648315, 142.199005127, 142.593734741, 142.988479614, 143.383224487, 143.777954102, 144.184310913, 144.590652466, 144.985397339, 145.380126953, 145.786483765, 146.192825317, 146.58757019, 146.982315063, 147.388656616, 147.795013428, 148.189743042, 148.596099854, 148.990829468, 149.397186279, 149.791931152, 150.186660767, 150.58140564, 150.976135254, 151.370880127, 151.777236938, 152.183578491, 152.589935303, 152.984664917, 153.391021729, 153.785751343, 154.180496216, 154.586837769, 154.99319458, 155.387939453, 155.782669067, 156.17741394, 156.572158813, 156.990112305, 157.384857178, 157.79119873, 158.197555542, 158.592285156, 158.998641968, 159.393371582, 159.799728394, 160.194458008, 160.600814819, 160.995559692, 161.401901245, 161.796646118, 162.191375732, 162.586120605, 162.992462158, 163.39881897, 163.793563843, 164.188293457, 164.594650269, 164.989379883, 165.395736694, 165.790466309, 166.185211182, 166.591567993, 166.997909546, 167.392654419, 167.798995972, 168.193740845, 168.600082397, 168.994827271, 169.389572144, 169.795913696, 170.202270508, 170.597000122, 171.003356934, 171.398086548, 171.792831421, 172.199172974, 172.593917847, 173.000274658, 173.406616211, 173.801361084, 174.196090698, 174.590835571, 174.985580444, 175.380310059, 175.78666687, 176.193008423, 176.587753296, 176.982498169, 177.388839722, 177.783584595, 178.189926147, 178.584671021, 178.991012573, 179.397369385, 179.792098999, 180.186843872, 180.593200684, 180.999542236, 181.394287109, 181.789016724, 182.183761597, 182.590103149, 182.996459961, 183.391204834, 183.785934448, 184.19229126, 184.598632813, 184.993377686, 185.3881073, 185.782852173, 186.189208984, 186.595550537, 186.99029541, 187.396636963, 187.802993774, 188.197723389, 188.592468262, 188.987213135, 189.381942749, 189.776687622, 190.183029175, 190.589385986, 190.995727539, 191.402084351, 191.796829224, 192.191558838, 192.586303711, 192.992645264, 193.399002075, 193.793731689, 194.188476563, 194.583221436, 194.97795105, 195.372695923, 195.779037476, 196.185394287, 196.59173584, 196.998092651, 197.392837524, 197.787567139, 198.19392395, 198.600265503, 198.995010376, 199.38973999, 199.796096802, 200.202438354, 200.597183228, 200.991928101, 201.398269653, 201.804626465, 202.199356079, 202.594100952, 203.000442505, 203.406799316, 203.801544189, 204.196273804, 204.591018677, 204.985748291, 205.392105103, 205.798446655, 206.193191528, 206.59954834, 207.005889893, 207.400634766, 207.79536438, 208.190109253, 208.596466064, 209.002807617, 209.39755249, 209.792282104, 210.187026978, 210.581771851, 210.988113403, 211.394470215, 211.789199829, 212.195556641, 212.601898193, 212.996643066, 213.391372681, 213.786117554, 214.180862427, 214.587203979, 214.993560791, 215.388290405, 215.794647217, 216.20098877, 216.607345581, 217.002075195, 217.408432007, 217.80317688, 218.197906494, 218.604263306, 218.99899292, 219.393737793, 219.788482666, 220.194824219, 220.589569092, 220.984298706, 221.379043579, 221.785385132, 222.180130005, 222.586486816, 222.992828369, 223.387573242, 223.793914795, 224.188659668, 224.583404541, 224.989746094, 225.396102905, 225.79083252, 226.185577393, 226.580307007, 226.97505188, 227.381408691, 227.787750244, 228.194107056, 228.600448608, 228.937133789, 229.273834229, 229.610519409, 229.958816528, 230.307113647, 230.655410767, 231.003707886, 231.352020264, 231.700317383]
