
metadata:
    version:
        essentia: "2.1-beta2"
    audio_properties:
        analysis_sample_rate: 44100
        bitrate: 56
        channels: 2
        equal_loudness: 1
        length: 208.63999939
        replay_gain: -15.1022014618
        downmix: "mix"
    tags:
        album: "Anachromie"
        artist: "Kells"
        comment: ""
        date: "2012"
        genre: "Other"
        title: "Quelque Part"
        tracknumber: "7"

configuration:
    average_loudness:
        compute: 1
        frameSize: 88200
        hopSize: 44100
        silentFrames: "noise"
        windowType: "hann"
    general:
        analysisSampleRate: 44100
        endTime: 2000
        equalLoudness: 1
        nequalLoudness: 0
        shortSound: 0
        startTime: 0
    lowlevel:
        compute: 1
        frameSize: 2048
        hopSize: 1024
        zeroPadding: 0
        silentFrames: "noise"
        windowType: "blackmanharris62"
        mfccStats: ["mean", "cov", "icov"]
        stats: ["mean", "var", "median", "min", "max", "dmean", "dmean2", "dvar", "dvar2"]
    panning:
        compute: 0
        frameSize: 8192
        hopSize: 2048
        zeroPadding: 8192
        silentFrames: "noise"
        windowType: "hann"
        stats: ["copy"]
    rhythm:
        compute: 1
        maxTempo: 208
        minTempo: 40
        method: "degara"
        stats: ["mean", "var", "median", "min", "max", "dmean", "dmean2", "dvar", "dvar2"]
    segmentation:
        compute: 0
        cpw: 5
        inc1: 300
        inc2: 50
        minimumSegmentsLength: 10
        size1: 1000
        size2: 600
    sfx:
        compute: 1
        stats: ["mean", "var", "median", "min", "max", "dmean", "dmean2", "dvar", "dvar2"]
    svm:
        compute: 0
    tonal:
        compute: 1
        frameSize: 4096
        hopSize: 2048
        zeroPadding: 0
        silentFrames: "noise"
        windowType: "blackmanharris62"
        stats: ["mean", "var", "median", "min", "max", "dmean", "dmean2", "dvar", "dvar2"]

lowlevel:
    average_loudness: 0.898918032646
    barkbands_kurtosis:
        dmean: 0.595333635807
        dmean2: 0.972274422646
        dvar: 14.3500061035
        dvar2: 31.3018360138
        max: 282.930389404
        mean: -0.29443743825
        median: -1.14540791512
        min: -1.89348173141
        var: 76.754699707
    barkbands_skewness:
        dmean: 0.321286410093
        dmean2: 0.507813513279
        dvar: 0.121007733047
        dvar2: 0.297334969044
        max: 15.2113924026
        mean: 0.127962142229
        median: 0.0686072707176
        min: -3.53581953049
        var: 0.699166834354
    barkbands_spread:
        dmean: 4.30553770065
        dmean2: 6.84123849869
        dvar: 14.9938774109
        dvar2: 37.7372512817
        max: 56.0456924438
        mean: 29.7800540924
        median: 30.655418396
        min: 0.740549385548
        var: 73.9548873901
    dissonance:
        dmean: 0.0156714562327
        dmean2: 0.0267500896007
        dvar: 0.000282338354737
        dvar2: 0.000808996846899
        max: 0.500000178814
        mean: 0.473916053772
        median: 0.479419946671
        min: 0.1198008582
        var: 0.000474742468214
    hfc:
        dmean: 1.67906486988
        dmean2: 2.67917180061
        dvar: 3.91575908661
        dvar2: 9.23383235931
        max: 46.3654747009
        mean: 8.15270233154
        median: 7.6885008812
        min: 1.14543577243e-016
        var: 20.3257083893
    pitch:
        dmean: 576.528869629
        dmean2: 1113.12890625
        dvar: 1159369
        dvar2: 2987822.5
        max: 4387.4453125
        mean: 842.342712402
        median: 313.472198486
        min: 57.6487464905
        var: 1357987.875
    pitch_instantaneous_confidence:
        dmean: 0.0804525092244
        dmean2: 0.127422004938
        dvar: 0.00517154904082
        dvar2: 0.0118942931294
        max: 0.992386519909
        mean: 0.41897970438
        median: 0.384595990181
        min: 0.037000477314
        var: 0.0250812936574
    pitch_salience:
        dmean: 0.0563393011689
        dmean2: 0.0906837806106
        dvar: 0.00253023277037
        dvar2: 0.0065363724716
        max: 0.9988514781
        mean: 0.608357548714
        median: 0.617609739304
        min: 0.0856641978025
        var: 0.00970274861902
    silence_rate_20dB:
        dmean: 0
        dmean2: 0
        dvar: 0
        dvar2: 0
        max: 1
        mean: 1
        median: 1
        min: 1
        var: 0
    silence_rate_30dB:
        dmean: 0
        dmean2: 0
        dvar: 0
        dvar2: 0
        max: 1
        mean: 1
        median: 1
        min: 1
        var: 0
    silence_rate_60dB:
        dmean: 0.0563098154962
        dmean2: 0.112632162869
        dvar: 0.0531418211758
        dvar2: 0.114865921438
        max: 1
        mean: 0.176143318415
        median: 0
        min: 0
        var: 0.14509961009
    spectral_centroid:
        dmean: 211.342895508
        dmean2: 336.512145996
        dvar: 48453.8828125
        dvar2: 111949.226563
        max: 11507.0654297
        mean: 1558.63183594
        median: 1562.34997559
        min: 66.2120132446
        var: 253025.109375
    spectral_complexity:
        dmean: 3.34542632103
        dmean2: 5.44017791748
        dvar: 10.2807531357
        dvar2: 25.3136005402
        max: 42
        mean: 16.6549453735
        median: 17
        min: 0
        var: 51.6421775818
    spectral_crest:
        dmean: 2.05368614197
        dmean2: 3.3229765892
        dvar: 3.93031048775
        dvar2: 10.0658159256
        max: 25.7361946106
        mean: 7.64096736908
        median: 6.59934711456
        min: 2.30013823509
        var: 13.586643219
    spectral_decrease:
        dmean: 2.85151291468e-010
        dmean2: 4.6883807947e-010
        dvar: 1.63448885712e-019
        dvar2: 4.30612028922e-019
        max: 2.02131619897e-028
        mean: -1.18217902134e-009
        median: -1.10817910404e-009
        min: -5.51000889359e-009
        var: 3.4581640016e-019
    spectral_energy:
        dmean: 0.00119687372353
        dmean2: 0.00195970735513
        dvar: 2.74600347439e-006
        dvar2: 7.15033820597e-006
        max: 0.0234946217388
        mean: 0.00520127359778
        median: 0.00489686941728
        min: 1.0447308908e-020
        var: 6.57808595861e-006
    spectral_energyband_high:
        dmean: 0.000104637263576
        dmean2: 0.000175120148924
        dvar: 1.75417564918e-008
        dvar2: 4.58858551156e-008
        max: 0.00313398707658
        mean: 0.000278619496385
        median: 0.000252312747762
        min: 7.40855753021e-021
        var: 3.76014597236e-008
    spectral_energyband_low:
        dmean: 0.000216010172153
        dmean2: 0.000370435387595
        dvar: 1.20460427411e-007
        dvar2: 3.41409446492e-007
        max: 0.00451523857191
        mean: 0.00036451604683
        median: 0.000303920329316
        min: 2.98906054974e-023
        var: 1.11256476032e-007
    spectral_energyband_middle_high:
        dmean: 0.000607506139204
        dmean2: 0.000941258505918
        dvar: 4.42465221795e-007
        dvar2: 9.95912046164e-007
        max: 0.0148622589186
        mean: 0.00289511727169
        median: 0.00241991644725
        min: 1.44173774041e-021
        var: 3.5972675505e-006
    spectral_energyband_middle_low:
        dmean: 0.000792026927229
        dmean2: 0.00133117742371
        dvar: 1.67381119809e-006
        dvar2: 4.57615760752e-006
        max: 0.0142545895651
        mean: 0.00181639543734
        median: 0.00154352816753
        min: 1.75010748198e-022
        var: 1.79918629328e-006
    spectral_flatness_db:
        dmean: 0.014449711889
        dmean2: 0.0228275265545
        dvar: 0.000208829180337
        dvar2: 0.000459936272819
        max: 0.527711391449
        mean: 0.154070436954
        median: 0.143184050918
        min: 0.0597387105227
        var: 0.00282565783709
    spectral_flux:
        dmean: 0.00823339633644
        dmean2: 0.0126685639843
        dvar: 9.32871043915e-005
        dvar2: 0.000183953365195
        max: 0.11449495703
        mean: 0.0401587635279
        median: 0.0385397747159
        min: 6.6142390176e-011
        var: 0.000259209773503
    spectral_kurtosis:
        dmean: 1.4893682003
        dmean2: 2.60571694374
        dvar: 5.07570123672
        dvar2: 16.0474014282
        max: 48.2772254944
        mean: 4.55803012848
        median: 3.7678027153
        min: -1.38770437241
        var: 13.0125102997
    spectral_rms:
        dmean: 0.000247769290581
        dmean2: 0.000397485564463
        dvar: 9.10548862976e-008
        dvar2: 2.29367032034e-007
        max: 0.004787649028
        mean: 0.0021724360995
        median: 0.00218573422171
        min: 3.19256882216e-012
        var: 3.54933064273e-007
    spectral_rolloff:
        dmean: 281.831481934
        dmean2: 464.417572021
        dvar: 150651.0625
        dvar2: 327694.96875
        max: 19358.3496094
        mean: 3056.13623047
        median: 3251.51367188
        min: 64.599609375
        var: 679924.875
    spectral_skewness:
        dmean: 0.17929585278
        dmean2: 0.304051727057
        dvar: 0.0439804010093
        dvar2: 0.132303327322
        max: 5.75547361374
        mean: 1.41761422157
        median: 1.33061492443
        min: -0.0521038323641
        var: 0.189330816269
    spectral_spread:
        dmean: 384849.25
        dmean2: 601976.0625
        dvar: 455312506880
        dvar2: 960113147904
        max: 42068296
        mean: 3894107.25
        median: 3792735.75
        min: 1446558.625
        var: 2.14507257856e+012
    spectral_strongpeak:
        dmean: 0.480199068785
        dmean2: 0.799515366554
        dvar: 0.473196923733
        dvar2: 1.13495993614
        max: 8.84136962891
        mean: 1.05710673332
        median: 0.679008960724
        min: 3.78631931364e-010
        var: 1.1319154501
    zerocrossingrate:
        dmean: 0.00655729230493
        dmean2: 0.00820388551801
        dvar: 4.64831609861e-005
        dvar2: 5.89534720348e-005
        max: 0.53076171875
        mean: 0.0889391750097
        median: 0.08984375
        min: 0.00244140625
        var: 0.000562054628972
    barkbands:
        dmean: [7.95112953256e-007, 6.82964018779e-005, 0.000105974824692, 0.000200113136088, 0.000437776849139, 0.00016979695647, 0.000127191189677, 0.000108672800707, 0.00014141338761, 0.000122271972941, 0.000173431675648, 0.000130862259539, 4.03844678658e-005, 6.19281127001e-005, 6.51078808005e-005, 0.00013985253463, 0.000134351779707, 0.00015418966359, 0.000205477743293, 0.000109129359771, 4.85068412672e-005, 1.02197527667e-005, 2.64693721874e-006, 9.1250336709e-007, 4.6111117058e-007, 2.24173888341e-008, 3.15712372911e-010]
        dmean2: [1.31948183935e-006, 0.000121033772302, 0.000184741802514, 0.000344224041328, 0.000762774667237, 0.000279269414023, 0.000213123523281, 0.000176739864401, 0.000222446105909, 0.000186829085578, 0.000255540566286, 0.000200692898943, 6.57622222207e-005, 9.87440798781e-005, 0.000105411425466, 0.000224825460464, 0.000217953172978, 0.000257861946011, 0.000337334698997, 0.000181462848559, 8.21414287202e-005, 1.74806500581e-005, 4.58265458292e-006, 1.52393693043e-006, 7.42660802189e-007, 3.63563863459e-008, 5.43827483046e-010]
        dvar: [1.32876197025e-012, 1.17000817923e-008, 3.02999758617e-008, 8.07028541772e-008, 9.65322556112e-007, 7.08760268253e-008, 6.26993994501e-008, 6.2951237112e-008, 5.1097281073e-008, 1.01738301339e-007, 1.3428993384e-007, 7.93531640397e-008, 3.95135435483e-009, 1.78763173153e-008, 1.52849004564e-008, 4.92457168377e-008, 3.72425823514e-008, 4.01840125619e-008, 7.94743684196e-008, 2.14148467848e-008, 3.61132923565e-009, 3.0513236382e-010, 4.57326052028e-011, 9.8466157103e-012, 4.20010857691e-012, 8.61693986428e-015, 3.55543010188e-019]
        dvar2: [3.36930201621e-012, 3.3587756576e-008, 8.69072849241e-008, 2.26723983587e-007, 2.67202403847e-006, 1.73986961727e-007, 1.64883758202e-007, 1.59008408218e-007, 1.1990343296e-007, 2.38615939452e-007, 2.65142546141e-007, 1.58891168667e-007, 9.56646051264e-009, 3.78311213467e-008, 3.43789778867e-008, 1.04507080323e-007, 8.46534362609e-008, 1.06567867419e-007, 1.98626764814e-007, 5.37950519686e-008, 9.66728741503e-009, 7.64835750289e-010, 1.09918484037e-010, 2.60580879791e-011, 9.9666525033e-012, 2.09883702079e-014, 8.03512907276e-019]
        max: [1.17561785373e-005, 0.00101051921956, 0.0022446794901, 0.0033849212341, 0.00995234027505, 0.00655659055337, 0.00621700892225, 0.00596607476473, 0.00703539373353, 0.00727308588102, 0.00661971885711, 0.00610159663484, 0.00128793658223, 0.00421576900408, 0.00324422563426, 0.00518555706367, 0.0041833515279, 0.00460786977783, 0.010412061587, 0.00369808543473, 0.00124128721654, 0.000549423624761, 0.000275148777291, 0.000191778803128, 9.48408487602e-005, 4.88563046019e-006, 3.36563630299e-008]
        mean: [9.70458359006e-007, 8.86749185156e-005, 0.000148440143676, 0.000268561620032, 0.000525577750523, 0.000291579548502, 0.000207589313504, 0.000196077075088, 0.000289146584691, 0.000280163803836, 0.000427714723628, 0.000292010314297, 7.14474808774e-005, 0.000119847718452, 0.000116063551104, 0.000287890579784, 0.000293423043331, 0.000346204149537, 0.000540842011105, 0.000268566043815, 0.000111383167678, 2.21519876504e-005, 4.29408464697e-006, 1.84035229722e-006, 7.91281706825e-007, 3.36079502006e-008, 3.52238849199e-010]
        median: [5.11748055487e-007, 6.0394013417e-005, 0.000112077759695, 0.000191002109204, 0.000280137523077, 0.000193448067876, 9.42018887145e-005, 7.56306908443e-005, 0.000176001514774, 6.85401901137e-005, 8.09833363746e-005, 9.29441521293e-005, 4.55754961877e-005, 5.93017757637e-005, 7.565956912e-005, 0.000168157130247, 0.000214331856114, 0.000286558497464, 0.000453152548289, 0.000234691295191, 9.99752301141e-005, 1.85737935681e-005, 2.89692616207e-006, 1.29249724523e-006, 4.46829176326e-007, 1.25948673713e-008, 1.38996980592e-010]
        min: [1.53251554462e-024, 1.02672889499e-023, 6.60691281848e-024, 6.25169427488e-024, 9.26225412419e-024, 2.12602778677e-023, 1.67648293593e-023, 1.31974725504e-023, 2.39341929034e-023, 1.50448901271e-023, 4.45474864997e-023, 4.82608630399e-023, 3.97126621412e-023, 5.71792700504e-023, 5.17880904945e-023, 8.15259094118e-023, 7.08447453769e-023, 1.28710154021e-022, 1.84001907117e-022, 1.39330809269e-022, 3.39935991765e-022, 3.38754871352e-022, 5.31288302848e-022, 6.70006400697e-022, 9.00470006321e-022, 1.15322104035e-021, 2.22666620557e-021]
        var: [1.61045655978e-012, 1.05641007053e-008, 2.68600981457e-008, 8.1919139916e-008, 7.27449901206e-007, 1.29710088004e-007, 1.18128546944e-007, 1.33040529704e-007, 1.47620767166e-007, 5.20933554071e-007, 7.92664195615e-007, 3.8145648773e-007, 7.47249551125e-009, 4.25221529099e-008, 2.44601743304e-008, 1.77869793561e-007, 1.00996643937e-007, 8.03765445312e-008, 2.61796060386e-007, 4.66963783197e-008, 6.37601482723e-009, 4.83095230486e-010, 6.33036678632e-011, 8.92108002054e-012, 5.43689225585e-012, 1.89273205128e-014, 6.31450654469e-019]
    frequency_bands:
        dmean: [7.95112953256e-007, 6.82964018779e-005, 0.000105974824692, 0.000200113136088, 0.000437776849139, 0.00016979695647, 0.000127191189677, 0.000108672800707, 0.00014141338761, 0.000122271972941, 0.000173431675648, 0.000130862259539, 4.03844678658e-005, 6.19281127001e-005, 6.51078808005e-005, 0.00013985253463, 0.000134351779707, 0.00015418966359, 0.000205477743293, 0.000109129359771, 4.85068412672e-005, 1.02197527667e-005, 2.64693721874e-006, 9.1250336709e-007, 4.6111117058e-007, 2.24173888341e-008, 3.15712372911e-010, 6.02748614908e-011]
        dmean2: [1.31948183935e-006, 0.000121033772302, 0.000184741802514, 0.000344224041328, 0.000762774667237, 0.000279269414023, 0.000213123523281, 0.000176739864401, 0.000222446105909, 0.000186829085578, 0.000255540566286, 0.000200692898943, 6.57622222207e-005, 9.87440798781e-005, 0.000105411425466, 0.000224825460464, 0.000217953172978, 0.000257861946011, 0.000337334698997, 0.000181462848559, 8.21414287202e-005, 1.74806500581e-005, 4.58265458292e-006, 1.52393693043e-006, 7.42660802189e-007, 3.63563863459e-008, 5.43827483046e-010, 1.11767817224e-010]
        dvar: [1.32876197025e-012, 1.17000817923e-008, 3.02999758617e-008, 8.07028541772e-008, 9.65322556112e-007, 7.08760268253e-008, 6.26993994501e-008, 6.2951237112e-008, 5.1097281073e-008, 1.01738301339e-007, 1.3428993384e-007, 7.93531640397e-008, 3.95135435483e-009, 1.78763173153e-008, 1.52849004564e-008, 4.92457168377e-008, 3.72425823514e-008, 4.01840125619e-008, 7.94743684196e-008, 2.14148467848e-008, 3.61132923565e-009, 3.0513236382e-010, 4.57326052028e-011, 9.8466157103e-012, 4.20010857691e-012, 8.61693986428e-015, 3.55543010188e-019, 7.04090644409e-021]
        dvar2: [3.36930201621e-012, 3.3587756576e-008, 8.69072849241e-008, 2.26723983587e-007, 2.67202403847e-006, 1.73986961727e-007, 1.64883758202e-007, 1.59008408218e-007, 1.1990343296e-007, 2.38615939452e-007, 2.65142546141e-007, 1.58891168667e-007, 9.56646051264e-009, 3.78311213467e-008, 3.43789778867e-008, 1.04507080323e-007, 8.46534362609e-008, 1.06567867419e-007, 1.98626764814e-007, 5.37950519686e-008, 9.66728741503e-009, 7.64835750289e-010, 1.09918484037e-010, 2.60580879791e-011, 9.9666525033e-012, 2.09883702079e-014, 8.03512907276e-019, 2.2220329844e-020]
        max: [1.17561785373e-005, 0.00101051921956, 0.0022446794901, 0.0033849212341, 0.00995234027505, 0.00655659055337, 0.00621700892225, 0.00596607476473, 0.00703539373353, 0.00727308588102, 0.00661971885711, 0.00610159663484, 0.00128793658223, 0.00421576900408, 0.00324422563426, 0.00518555706367, 0.0041833515279, 0.00460786977783, 0.010412061587, 0.00369808543473, 0.00124128721654, 0.000549423624761, 0.000275148777291, 0.000191778803128, 9.48408487602e-005, 4.88563046019e-006, 3.36563630299e-008, 1.30101107665e-009]
        mean: [9.70458359006e-007, 8.86749185156e-005, 0.000148440143676, 0.000268561620032, 0.000525577750523, 0.000291579548502, 0.000207589313504, 0.000196077075088, 0.000289146584691, 0.000280163803836, 0.000427714723628, 0.000292010314297, 7.14474808774e-005, 0.000119847718452, 0.000116063551104, 0.000287890579784, 0.000293423043331, 0.000346204149537, 0.000540842011105, 0.000268566043815, 0.000111383167678, 2.21519876504e-005, 4.29408464697e-006, 1.84035229722e-006, 7.91281706825e-007, 3.36079502006e-008, 3.52238849199e-010, 4.68581735913e-011]
        median: [5.11748055487e-007, 6.0394013417e-005, 0.000112077759695, 0.000191002109204, 0.000280137523077, 0.000193448067876, 9.42018887145e-005, 7.56306908443e-005, 0.000176001514774, 6.85401901137e-005, 8.09833363746e-005, 9.29441521293e-005, 4.55754961877e-005, 5.93017757637e-005, 7.565956912e-005, 0.000168157130247, 0.000214331856114, 0.000286558497464, 0.000453152548289, 0.000234691295191, 9.99752301141e-005, 1.85737935681e-005, 2.89692616207e-006, 1.29249724523e-006, 4.46829176326e-007, 1.25948673713e-008, 1.38996980592e-010, 1.80753675916e-011]
        min: [1.53251554462e-024, 1.02672889499e-023, 6.60691281848e-024, 6.25169427488e-024, 9.26225412419e-024, 2.12602778677e-023, 1.67648293593e-023, 1.31974725504e-023, 2.39341929034e-023, 1.50448901271e-023, 4.45474864997e-023, 4.82608630399e-023, 3.97126621412e-023, 5.71792700504e-023, 5.17880904945e-023, 8.15259094118e-023, 7.08447453769e-023, 1.28710154021e-022, 1.84001907117e-022, 1.39330809269e-022, 3.39935991765e-022, 3.38754871352e-022, 5.31288302848e-022, 6.70006400697e-022, 9.00470006321e-022, 1.15322104035e-021, 2.22666620557e-021, 6.06647819093e-022]
        var: [1.61045655978e-012, 1.05641007053e-008, 2.68600981457e-008, 8.1919139916e-008, 7.27449901206e-007, 1.29710088004e-007, 1.18128546944e-007, 1.33040529704e-007, 1.47620767166e-007, 5.20933554071e-007, 7.92664195615e-007, 3.8145648773e-007, 7.47249551125e-009, 4.25221529099e-008, 2.44601743304e-008, 1.77869793561e-007, 1.00996643937e-007, 8.03765445312e-008, 2.61796060386e-007, 4.66963783197e-008, 6.37601482723e-009, 4.83095230486e-010, 6.33036678632e-011, 8.92108002054e-012, 5.43689225585e-012, 1.89273205128e-014, 6.31450654469e-019, 5.66626999483e-021]
    mfcc:
        mean: [-705.50177002, 117.149978638, -59.46276474, 53.7174339294, -16.381816864, -10.7368621826, 2.46474909782, -0.846745848656, -0.883974134922, -6.11428928375, -8.62718868256, -4.80673742294, -3.73592925072]
        cov: [[4386.05029297, 628.788879395, -135.49609375, 484.940734863, -199.903625488, 107.819900513, 72.7866210938, 93.1767501831, -111.341453552, -95.080909729, -184.843353271, -172.018814087, 4.63462591171], [628.788879395, 515.91784668, -11.0236310959, 185.521713257, -5.58544874191, 7.03842973709, 31.4697628021, -28.2295246124, -33.616859436, -55.3027992249, -53.6499519348, -53.3748054504, 14.2896184921], [-135.49609375, -11.0236310959, 464.409088135, 104.926513672, 120.892623901, 104.802383423, 18.3840866089, 34.1385917664, -17.8981895447, -3.47519111633, -33.28723526, -34.1877365112, 4.23509407043], [484.940734863, 185.521713257, 104.926513672, 252.595016479, 34.013671875, 60.0109481812, 4.04497814178, 12.0067415237, -3.85764670372, -9.89672660828, -8.33358573914, -21.0078754425, 4.41751241684], [-199.903625488, -5.58544874191, 120.892623901, 34.013671875, 158.493331909, 52.00440979, 12.375459671, -15.4150342941, 9.80264663696, 7.69916820526, -12.1216640472, -13.2270374298, -0.874699056149], [107.819900513, 7.03842973709, 104.802383423, 60.0109481812, 52.00440979, 123.960144043, 53.7045402527, 42.3236083984, 4.94991016388, -4.21243953705, -21.4552593231, -30.6680355072, -4.95190000534], [72.7866210938, 31.4697628021, 18.3840866089, 4.04497814178, 12.375459671, 53.7045402527, 132.35194397, 67.7673797607, 15.728348732, -12.1797733307, -27.4056930542, -29.1241474152, 0.910246431828], [93.1767501831, -28.2295246124, 34.1385917664, 12.0067415237, -15.4150342941, 42.3236083984, 67.7673797607, 108.253311157, 31.1885719299, 8.28666782379, -13.0821762085, -13.5048265457, -0.718244612217], [-111.341453552, -33.616859436, -17.8981895447, -3.85764670372, 9.80264663696, 4.94991016388, 15.728348732, 31.1885719299, 81.2422561646, 37.2092933655, 21.6320037842, 3.35839128494, -13.3661851883], [-95.080909729, -55.3027992249, -3.47519111633, -9.89672660828, 7.69916820526, -4.21243953705, -12.1797733307, 8.28666782379, 37.2092933655, 85.3575744629, 45.7992095947, 19.9740352631, -15.2251014709], [-184.843353271, -53.6499519348, -33.28723526, -8.33358573914, -12.1216640472, -21.4552593231, -27.4056930542, -13.0821762085, 21.6320037842, 45.7992095947, 103.575500488, 64.7459106445, 7.15034103394], [-172.018814087, -53.3748054504, -34.1877365112, -21.0078754425, -13.2270374298, -30.6680355072, -29.1241474152, -13.5048265457, 3.35839128494, 19.9740352631, 64.7459106445, 101.582305908, 39.2173461914], [4.63462591171, 14.2896184921, 4.23509407043, 4.41751241684, -0.874699056149, -4.95190000534, 0.910246431828, -0.718244612217, -13.3661851883, -15.2251014709, 7.15034103394, 39.2173461914, 73.6064453125]]
        icov: [[0.000431041640695, -0.00014219332661, 0.000329175090883, -0.000812406942714, 0.000571486831177, -0.000283485540422, 8.51378208608e-005, -0.0003145027149, 0.000601954525337, -0.000404929451179, 0.00058815209195, 0.000328704074491, -0.000192836960196], [-0.00014219332661, 0.0036576515995, 0.000362724764273, -0.00283405487426, 0.000323074375046, 0.00135593314189, -0.00200433959253, 0.0022185088601, 1.29321424538e-005, 0.000633717805613, 0.000580921943765, 0.00128687918186, -0.00101906468626], [0.000329175090883, 0.000362724764273, 0.00374242523685, -0.0016623531701, -0.00182048545685, -0.00150269200094, 0.00103547249455, -0.00188690295909, 0.00215336843394, -0.000643339473754, 0.000678270473145, 0.000890253402758, -0.000642906175926], [-0.000812406942714, -0.00283405487426, -0.0016623531701, 0.00900909490883, -0.00147646479309, -0.00261586275883, 0.00254516676068, -0.00134117994457, -0.00153351272456, 0.00110604066867, -0.00279856775887, -0.000540077802725, 0.000428138038842], [0.000571486831177, 0.000323074375046, -0.00182048545685, -0.00147646479309, 0.0110662644729, -0.00357188587077, -0.00192008481827, 0.00568282417953, -0.00248534348793, -0.00195499742404, 0.00279024988413, -0.000144679739606, -0.000984607380815], [-0.000283485540422, 0.00135593314189, -0.00150269200094, -0.00261586275883, -0.00357188587077, 0.0153737803921, -0.00418263208121, -0.00273032276891, 0.00103084521834, 0.000593324541114, -0.00108136970084, 0.0022488408722, 0.000231766418437], [8.51378208608e-005, -0.00200433959253, 0.00103547249455, 0.00254516676068, -0.00192008481827, -0.00418263208121, 0.0147449206561, -0.0089896870777, -0.00022663884738, 0.00185129069723, -0.000536441395525, 0.00185603986029, -0.000997849740088], [-0.0003145027149, 0.0022185088601, -0.00188690295909, -0.00134117994457, 0.00568282417953, -0.00273032276891, -0.0089896870777, 0.0207153875381, -0.00695530883968, -0.00177850702312, 0.00327880564146, -0.00117722037248, -0.00134685414378], [0.000601954525337, 1.29321424538e-005, 0.00215336843394, -0.00153351272456, -0.00248534348793, 0.00103084521834, -0.00022663884738, -0.00695530883968, 0.0200850069523, -0.00634355423972, -0.00186229927931, 0.00159669073764, 0.00156777212396], [-0.000404929451179, 0.000633717805613, -0.000643339473754, 0.00110604066867, -0.00195499742404, 0.000593324541114, 0.00185129069723, -0.00177850702312, -0.00634355423972, 0.0202667191625, -0.00815395172685, -0.000152589986101, 0.00376307684928], [0.00058815209195, 0.000580921943765, 0.000678270473145, -0.00279856775887, 0.00279024988413, -0.00108136970084, -0.000536441395525, 0.00327880564146, -0.00186229927931, -0.00815395172685, 0.0232245661318, -0.012850294821, 0.00254388805479], [0.000328704074491, 0.00128687918186, 0.000890253402758, -0.000540077802725, -0.000144679739606, 0.0022488408722, 0.00185603986029, -0.00117722037248, 0.00159669073764, -0.000152589986101, -0.012850294821, 0.0251211989671, -0.012052025646], [-0.000192836960196, -0.00101906468626, -0.000642906175926, 0.000428138038842, -0.000984607380815, 0.000231766418437, -0.000997849740088, -0.00134685414378, 0.00156777212396, 0.00376307684928, 0.00254388805479, -0.012052025646, 0.0210473649204]]
    sccoeffs:
        dmean: [0.0579613111913, 0.0474568791687, 0.0391431748867, 0.0298537202179, 0.0201495718211, 0.0166271328926]
        dmean2: [0.0969417467713, 0.0784420222044, 0.0640693604946, 0.0485295578837, 0.0334400720894, 0.027059962973]
        dvar: [0.00242946995422, 0.00142503448296, 0.00103538518306, 0.000595516932663, 0.000288698938675, 0.000231400030316]
        dvar2: [0.00669404957443, 0.0037327692844, 0.00260738399811, 0.00148281385191, 0.000708772393409, 0.00057436717907]
        max: [-0.28726246953, -0.372525393963, -0.433049917221, -0.436857014894, -0.512182176113, -0.610334098339]
        mean: [-0.678556263447, -0.741858303547, -0.740567266941, -0.77730178833, -0.79028660059, -0.746225237846]
        median: [-0.683285415173, -0.749213278294, -0.749653339386, -0.783033907413, -0.795250356197, -0.743612170219]
        min: [-0.977523684502, -0.996563732624, -0.998767375946, -0.988605380058, -0.989254355431, -0.962232351303]
        var: [0.00522846868262, 0.00515530351549, 0.00595010444522, 0.00303968344815, 0.00162330770399, 0.00125028402545]
    scvalleys:
        dmean: [0.39967751503, 0.365673393011, 0.30552649498, 0.271508127451, 0.209205031395, 0.269874244928]
        dmean2: [0.66377466917, 0.607004702091, 0.499340981245, 0.432721018791, 0.319132953882, 0.416092187166]
        dvar: [0.13552339375, 0.119900919497, 0.092000156641, 0.0841931551695, 0.0666615515947, 0.130537956953]
        dvar2: [0.31413051486, 0.279572486877, 0.199781477451, 0.167081877589, 0.119896061718, 0.288687646389]
        max: [-5.10759782791, -4.52317523956, -5.4425702095, -5.50743961334, -5.74679803848, -8.01840686798]
        mean: [-6.7472743988, -6.53235530853, -6.86859178543, -7.22083568573, -6.91264772415, -10.0674781799]
        median: [-6.49525260925, -6.36030340195, -6.68018102646, -7.04331254959, -6.64012145996, -9.81983661652]
        min: [-27.6190547943, -27.7391052246, -27.4564552307, -27.4815196991, -27.3809337616, -27.3335475922]
        var: [1.54095983505, 1.33726894855, 1.29019677639, 1.26178765297, 1.42888724804, 1.41421341896]

rhythm:
    beats_loudness:
        dmean: 0.00162879331037
        dmean2: 0.00281815230846
        dvar: 2.32829620472e-006
        dvar2: 6.77339767208e-006
        max: 0.0157000347972
        mean: 0.00594213511795
        median: 0.00578774139285
        min: 1.9038448329e-007
        var: 5.40797054782e-006
    bpm: 94.8011016846
    bpm_confidence: 0
    first_peak_bpm: 96
    first_peak_spread: 0.458904117346
    first_peak_weight: 0.477341383696
    onset_rate: 3.15375804901
    second_peak_bpm: 91
    second_peak_spread: 0.0499999858439
    second_peak_weight: 0.0574018135667
    beats_loudness_band_ratio:
        dmean: [0.0781883597374, 0.121171914041, 0.0767374634743, 0.0888156071305, 0.0929247885942, 0.0574929229915]
        dmean2: [0.13439257443, 0.215662777424, 0.13210773468, 0.149315059185, 0.161805510521, 0.098164588213]
        dvar: [0.00496887601912, 0.0101467715576, 0.00735941948369, 0.00992897339165, 0.00731482170522, 0.00256805028766]
        dvar2: [0.01332706213, 0.029634302482, 0.022283827886, 0.0253314506263, 0.021182294935, 0.00675995275378]
        max: [0.933213114738, 0.651363313198, 0.780656814575, 0.620267570019, 0.810210824013, 0.42305380106]
        mean: [0.17262481153, 0.195214942098, 0.129717230797, 0.165422618389, 0.248647168279, 0.169654920697]
        median: [0.142850607634, 0.162342250347, 0.106258369982, 0.108597286046, 0.230467230082, 0.163730934262]
        min: [3.03592651107e-006, 7.99375447968e-006, 0.00320215988904, 0.000284009118332, 0.000446261081379, 0.000627075729426]
        var: [0.0141486320645, 0.0185852311552, 0.00823215022683, 0.0206535700709, 0.0143970390782, 0.00506577175111]
    beats_position: [0.66176867485, 1.33514738083, 1.98530614376, 2.62385487556, 3.26240348816, 3.90095233917, 4.53950119019, 5.17804956436, 5.80498838425, 6.43192720413, 7.05886602402, 7.69741487503, 8.33596324921, 8.96290206909, 9.58984088898, 10.22838974, 10.866938591, 11.505487442, 12.1672563553, 12.8290243149, 13.4907932281, 14.1409521103, 14.7911109924, 15.4296598434, 16.0798187256, 16.7415866852, 17.4033565521, 18.0651245117, 18.7152824402, 19.3538322449, 19.9923801422, 20.6309299469, 21.2694778442, 21.8964176178, 22.523355484, 23.1619052887, 23.7888431549, 24.4273910522, 25.0543308258, 25.6928787231, 26.3314285278, 26.958366394, 27.5853061676, 28.2238540649, 28.8624038696, 29.4893417358, 30.1162815094, 30.7432193756, 31.3817672729, 32.0203170776, 32.6472549438, 33.2741928101, 33.901134491, 34.539680481, 35.1782302856, 35.8051681519, 36.4321098328, 37.059047699, 37.6859855652, 38.3245353699, 38.9630813599, 39.5900230408, 40.216960907, 40.8555107117, 41.4940567017, 42.1209983826, 42.7479362488, 43.374874115, 44.0134239197, 44.6519737244, 45.2905197144, 45.9522895813, 46.6140594482, 47.2758255005, 47.9259872437, 48.5761451721, 49.2263031006, 49.8764610291, 50.538230896, 51.2000007629, 51.8617668152, 52.5119247437, 53.1504745483, 53.789024353, 54.4159622192, 55.0545120239, 55.6930618286, 56.3316078186, 56.9585494995, 57.5970954895, 58.2240333557, 58.8625831604, 59.4895210266, 60.1164627075, 60.7550086975, 61.3819503784, 62.0204963684, 62.6474380493, 63.2743759155, 63.9013137817, 64.5398635864, 65.1784133911, 65.8053512573, 66.4322891235, 67.0592269897, 67.7093887329, 68.3363265991, 68.9632644653, 69.5902023315, 70.2171401978, 70.844078064, 71.4826278687, 72.1211776733, 72.7481155396, 73.3866653442, 74.0252151489, 74.6521530151, 75.2790908813, 75.9060287476, 76.5329666138, 77.1831283569, 77.8216781616, 78.4486160278, 79.075553894, 79.7141036987, 80.3410415649, 80.9679794312, 81.5949172974, 82.2218551636, 82.8604049683, 83.4989547729, 84.1258926392, 84.7528305054, 85.3797683716, 86.0067138672, 86.6452560425, 87.2838058472, 87.9107437134, 88.537689209, 89.1646270752, 89.7915649414, 90.4301147461, 91.0686569214, 91.695602417, 92.3225402832, 92.9610900879, 93.5996322632, 94.2265777588, 94.853515625, 95.4804534912, 96.1073913574, 96.7459411621, 97.3728790283, 98.011428833, 98.6383666992, 99.2653045654, 99.8922424316, 100.530792236, 101.169342041, 101.796279907, 102.434829712, 103.073379517, 103.700317383, 104.327255249, 104.954193115, 105.59274292, 106.231292725, 106.858230591, 107.485168457, 108.112106323, 108.750656128, 109.389205933, 110.016143799, 110.643081665, 111.270019531, 111.896957397, 112.523895264, 113.162445068, 113.800994873, 114.427932739, 115.054870605, 115.69342041, 116.331970215, 116.958908081, 117.597457886, 118.23600769, 118.862945557, 119.489883423, 120.116821289, 120.743759155, 121.370697021, 121.997642517, 122.624580383, 123.263130188, 123.901672363, 124.540222168, 125.167160034, 125.805709839, 126.432647705, 127.059593201, 127.686531067, 128.336685181, 128.963623047, 129.590560913, 130.217498779, 130.844436646, 131.48298645, 132.121536255, 132.748474121, 133.387023926, 134.013961792, 134.652511597, 135.279449463, 135.917999268, 136.544937134, 137.171875, 137.798812866, 138.425750732, 139.064300537, 139.691238403, 140.329788208, 140.968338013, 141.595275879, 142.222213745, 142.849151611, 143.487701416, 144.114639282, 144.741577148, 145.380126953, 146.007064819, 146.634017944, 147.260955811, 147.887893677, 148.514831543, 149.153381348, 149.791931152, 150.430480957, 151.069015503, 151.695953369, 152.322906494, 152.96144104, 153.599990845, 154.226928711, 154.853881836, 155.480819702, 156.107757568, 156.734695435, 157.361633301, 158.000183105, 158.650344849, 159.300491333, 159.950653076, 160.612426758, 161.274185181, 161.935958862, 162.586120605, 163.236282349, 163.898040771, 164.559814453, 165.221588135, 165.883346558, 166.521896362, 167.160446167, 167.787384033, 168.425933838, 169.052871704, 169.691421509, 170.329971313, 170.968521118, 171.595458984, 172.222396851, 172.849334717, 173.487884521, 174.126434326, 174.753372192, 175.380310059, 176.007247925, 176.634185791, 177.261123657, 177.899673462, 178.538223267, 179.176773071, 179.803710938, 180.442260742, 181.069198608, 181.707748413, 182.334686279, 182.961624146, 183.588562012, 184.215499878, 184.854049683, 185.480987549, 186.107940674, 186.74647522, 187.385025024, 188.011962891, 188.638900757, 189.265853882, 189.904388428, 190.542938232, 191.169876099, 191.796829224, 192.42376709, 193.062316895, 193.70085144, 194.327789307, 194.954742432, 195.593276978, 196.220230103, 196.858764648, 197.485717773, 198.11265564, 198.739593506, 199.215591431, 199.691604614, 200.167617798, 200.643630981, 201.119628906, 201.59564209, 202.060043335, 202.536056519, 203.000442505, 203.476455688, 203.964080811, 204.451690674, 204.939315796, 205.438537598, 205.937774658, 206.43699646, 206.947845459, 207.458679199, 207.969512939]
    bpm_estimates: [92.2851486206, 93.9630737305, 93.9630889893, 93.9630508423, 93.9630508423, 93.9631271362, 95.7031173706, 95.7031173706, 95.7031173706, 93.9630508423, 93.9631271362, 95.7031173706, 95.7031173706, 93.9630508423, 93.9630508423, 93.9630508423, 92.2851333618, 92.2851333618, 93.9630508423, 92.2851333618, 92.2852706909, 93.9629135132, 93.9631958008, 93.9629135132, 93.9631958008, 95.7029724121, 95.7032623291, 93.9629135132, 95.7032623291, 93.9631958008, 95.7029724121, 93.9631958008, 93.9629135132, 95.7032623291, 95.7029724121, 93.9631958008, 93.9629135132, 95.7032623291, 95.7029724121, 95.7032623291, 93.9631958008, 93.9629135132, 95.7032623291, 95.7032623291, 95.7026824951, 93.9634780884, 93.9629135132, 95.7032623291, 95.7026824951, 95.7032623291, 95.7032623291, 93.9629135132, 93.9634780884, 95.7026824951, 95.7032623291, 93.9629135132, 93.9634780884, 95.7026824951, 95.7032623291, 95.7032623291, 93.9629135132, 93.9629135132, 93.9634780884, 92.2847290039, 92.2852706909, 92.2852706909, 92.2852706909, 92.2852706909, 93.9629135132, 93.9629135132, 95.7032623291, 93.9629135132, 93.9629135132, 93.9634780884, 95.7026824951, 93.9634780884, 95.7032623291, 93.9629135132, 95.7032623291, 95.7026824951, 93.9634780884, 95.7026824951, 93.9634780884, 95.7026824951, 95.7032623291, 95.7032623291, 93.9629135132, 93.9629135132, 95.7032623291, 95.7032623291, 95.7032623291, 92.2847290039, 95.7032623291, 95.7032623291, 95.7032623291, 95.7032623291, 95.7032623291, 93.9629135132, 93.9629135132, 95.7032623291, 93.9629135132, 93.9629135132, 95.7032623291, 95.7032623291, 95.7032623291, 95.7032623291, 92.2847290039, 93.9629135132, 95.7032623291, 95.7032623291, 93.9629135132, 95.7032623291, 95.7032623291, 95.7032623291, 95.7032623291, 93.9629135132, 93.9629135132, 95.7032623291, 95.7032623291, 95.7032623291, 95.7021026611, 93.9640350342, 93.9629135132, 95.7032623291, 95.7021026611, 95.7032623291, 95.7032623291, 93.9629135132, 93.9640350342, 95.7021026611, 95.7032623291, 93.9629135132, 93.9640350342, 95.7021026611, 95.7032623291, 95.7032623291, 95.7032623291, 93.9629135132, 95.7032623291, 93.9629135132, 95.7032623291, 95.7032623291, 95.7032623291, 93.9629135132, 93.9629135132, 95.7032623291, 93.9629135132, 93.9629135132, 95.7032623291, 95.7032623291, 95.7032623291, 93.9629135132, 93.9629135132, 95.7032623291, 95.7032623291, 95.7032623291, 93.9629135132, 93.9629135132, 95.7032623291, 95.7032623291, 95.7032623291, 95.7032623291, 95.7032623291, 93.9629135132, 93.9629135132, 95.7032623291, 95.7032623291, 93.9629135132, 93.9629135132, 95.7032623291, 93.9629135132, 93.9629135132, 95.7032623291, 95.7032623291, 95.7032623291, 95.7032623291, 95.7032623291, 95.7021026611, 95.7032623291, 93.9629135132, 93.9640350342, 93.9629135132, 95.7032623291, 93.9629135132, 95.7032623291, 95.7021026611, 95.7032623291, 92.2858123779, 95.7032623291, 95.7032623291, 95.7032623291, 95.7032623291, 93.9629135132, 93.9629135132, 95.7032623291, 93.9629135132, 95.7032623291, 93.9629135132, 95.7032623291, 93.9629135132, 95.7032623291, 95.7032623291, 95.7032623291, 95.7032623291, 93.9629135132, 95.7032623291, 93.9629135132, 93.9629135132, 95.7032623291, 95.7032623291, 95.7032623291, 93.9629135132, 95.7032623291, 95.7032623291, 93.9629135132, 95.7032623291, 95.7009353638, 95.7032623291, 95.7032623291, 95.7032623291, 93.9629135132, 93.9629135132, 93.9629135132, 93.9651565552, 95.7032623291, 95.7009353638, 93.9651565552, 93.9629135132, 95.7032623291, 95.7009353638, 95.7032623291, 95.7032623291, 95.7032623291, 95.7032623291, 93.9629135132, 92.2847290039, 92.286895752, 92.2847290039, 92.2847290039, 92.2847290039, 93.9629135132, 93.9629135132, 95.7032623291, 93.9629135132, 95.7032623291, 93.9629135132, 93.9629135132, 93.9629135132, 95.7032623291, 95.7032623291, 95.7032623291, 93.9629135132, 93.9629135132, 95.7032623291, 95.7032623291, 95.7032623291, 95.7032623291, 95.7032623291, 93.9629135132, 93.9629135132, 93.9629135132, 95.7032623291, 93.9629135132, 95.7032623291, 93.9629135132, 95.7032623291, 95.7032623291, 95.7032623291, 95.7032623291, 93.9629135132, 95.7032623291, 95.7009353638, 93.9651565552, 93.9629135132, 95.7032623291, 95.7032623291, 95.7009353638, 93.9651565552, 93.9629135132, 95.7032623291, 95.7009353638, 95.7032623291, 93.9629135132, 93.9651565552, 95.7032623291, 95.7009353638, 93.9651565552, 95.7009353638, 93.9651565552, 95.7009353638, 95.7032623291, 95.7032623291]
