
metadata:
    version:
        essentia: "2.1-beta2"
    audio_properties:
        analysis_sample_rate: 44100
        bitrate: 320
        channels: 2
        equal_loudness: 1
        length: 358.530609131
        replay_gain: -10.4982376099
        downmix: "mix"
    tags:
        album: "Hail to the King"
        artist: "Avenged Sevenfold"
        comment: ""
        date: "2013"
        genre: "Metal"
        title: "Planets"
        tracknumber: "9"

configuration:
    average_loudness:
        compute: 1
        frameSize: 88200
        hopSize: 44100
        silentFrames: "noise"
        windowType: "hann"
    general:
        analysisSampleRate: 44100
        endTime: 2000
        equalLoudness: 1
        nequalLoudness: 0
        shortSound: 0
        startTime: 0
    lowlevel:
        compute: 1
        frameSize: 2048
        hopSize: 1024
        zeroPadding: 0
        silentFrames: "noise"
        windowType: "blackmanharris62"
        mfccStats: ["mean", "cov", "icov"]
        stats: ["mean", "var", "median", "min", "max", "dmean", "dmean2", "dvar", "dvar2"]
    panning:
        compute: 0
        frameSize: 8192
        hopSize: 2048
        zeroPadding: 8192
        silentFrames: "noise"
        windowType: "hann"
        stats: ["copy"]
    rhythm:
        compute: 1
        maxTempo: 208
        minTempo: 40
        method: "degara"
        stats: ["mean", "var", "median", "min", "max", "dmean", "dmean2", "dvar", "dvar2"]
    segmentation:
        compute: 0
        cpw: 5
        inc1: 300
        inc2: 50
        minimumSegmentsLength: 10
        size1: 1000
        size2: 600
    sfx:
        compute: 1
        stats: ["mean", "var", "median", "min", "max", "dmean", "dmean2", "dvar", "dvar2"]
    svm:
        compute: 0
    tonal:
        compute: 1
        frameSize: 4096
        hopSize: 2048
        zeroPadding: 0
        silentFrames: "noise"
        windowType: "blackmanharris62"
        stats: ["mean", "var", "median", "min", "max", "dmean", "dmean2", "dvar", "dvar2"]

lowlevel:
    average_loudness: 0.877750575542
    barkbands_kurtosis:
        dmean: 0.719512283802
        dmean2: 1.14201533794
        dvar: 1.00502765179
        dvar2: 2.2870182991
        max: 29.2908172607
        mean: 0.0261151138693
        median: -0.848361432552
        min: -1.89945840836
        var: 7.95980978012
    barkbands_skewness:
        dmean: 0.342555910349
        dmean2: 0.53843075037
        dvar: 0.103626377881
        dvar2: 0.257057458162
        max: 4.8317232132
        mean: -0.575521171093
        median: -0.599748373032
        min: -4.17754220963
        var: 0.782537639141
    barkbands_spread:
        dmean: 5.28402519226
        dmean2: 8.44283294678
        dvar: 31.9956626892
        dvar2: 83.0155792236
        max: 82.4575042725
        mean: 31.8296642303
        median: 31.1429023743
        min: 2.3030974865
        var: 105.016990662
    dissonance:
        dmean: 0.0112312138081
        dmean2: 0.0191042385995
        dvar: 0.000155567351612
        dvar2: 0.000413691537688
        max: 0.500000119209
        mean: 0.478028178215
        median: 0.484373986721
        min: 0.148405343294
        var: 0.00056875043083
    hfc:
        dmean: 4.48533725739
        dmean2: 7.80593824387
        dvar: 64.8913421631
        dvar2: 181.67250061
        max: 94.0009231567
        mean: 11.9808864594
        median: 10.4768104553
        min: 1.1135591433e-016
        var: 75.7834625244
    pitch:
        dmean: 829.683349609
        dmean2: 1593.9576416
        dvar: 1818898.5
        dvar2: 4325610
        max: 5003.25585938
        mean: 2097.82373047
        median: 3429.52636719
        min: 73.4654312134
        var: 2951619
    pitch_instantaneous_confidence:
        dmean: 0.0726033598185
        dmean2: 0.118544831872
        dvar: 0.00377368973568
        dvar2: 0.00951150525361
        max: 0.917497098446
        mean: 0.448953419924
        median: 0.437254488468
        min: 0.0668808221817
        var: 0.0150805227458
    pitch_salience:
        dmean: 0.0503627844155
        dmean2: 0.0812045782804
        dvar: 0.00201543583535
        dvar2: 0.00520474789664
        max: 0.984096169472
        mean: 0.651768863201
        median: 0.666351795197
        min: 0.183154538274
        var: 0.00882499292493
    silence_rate_20dB:
        dmean: 0
        dmean2: 0
        dvar: 0
        dvar2: 0
        max: 1
        mean: 1
        median: 1
        min: 1
        var: 0
    silence_rate_30dB:
        dmean: 0
        dmean2: 0
        dvar: 0
        dvar2: 0
        max: 1
        mean: 1
        median: 1
        min: 1
        var: 0
    silence_rate_60dB:
        dmean: 0.0844504907727
        dmean2: 0.168911918998
        dvar: 0.0773030519485
        dvar2: 0.161250889301
        max: 1
        mean: 0.25171610713
        median: 0
        min: 0
        var: 0.188389733434
    spectral_centroid:
        dmean: 268.211639404
        dmean2: 429.790649414
        dvar: 91676.296875
        dvar2: 220882.25
        max: 11865.9003906
        mean: 2359.70947266
        median: 2390.38623047
        min: 240.910629272
        var: 607169.625
    spectral_complexity:
        dmean: 4.42717456818
        dmean2: 7.08613967896
        dvar: 23.6021194458
        dvar2: 55.7931480408
        max: 50
        mean: 17.7939376831
        median: 18
        min: 0
        var: 80.2036361694
    spectral_crest:
        dmean: 1.64312791824
        dmean2: 2.66763520241
        dvar: 2.20927238464
        dvar2: 5.53409147263
        max: 23.6969108582
        mean: 7.5111079216
        median: 6.83950185776
        min: 2.45516967773
        var: 7.97203159332
    spectral_decrease:
        dmean: 2.93904706128e-010
        dmean2: 4.92587970413e-010
        dvar: 2.3294664915e-019
        dvar2: 6.34204235331e-019
        max: 1.41116076847e-028
        mean: -1.00361519095e-009
        median: -9.64806456949e-010
        min: -5.83844972368e-009
        var: 3.41404115375e-019
    spectral_energy:
        dmean: 0.00149347353727
        dmean2: 0.00253154523671
        dvar: 6.39792415313e-006
        dvar2: 1.75695186044e-005
        max: 0.0305618010461
        mean: 0.0048745740205
        median: 0.00463212281466
        min: 1.00527243688e-020
        var: 8.65303445607e-006
    spectral_energyband_high:
        dmean: 0.000495840795338
        dmean2: 0.000883010623511
        dvar: 8.99285225842e-007
        dvar2: 2.53318125942e-006
        max: 0.0107003338635
        mean: 0.000843450659886
        median: 0.00062205165159
        min: 7.20044971253e-021
        var: 7.46105968119e-007
    spectral_energyband_low:
        dmean: 0.000154576919158
        dmean2: 0.000265205948381
        dvar: 9.12623363547e-008
        dvar2: 2.57263394587e-007
        max: 0.00361064518802
        mean: 0.000272657547612
        median: 0.000204416690394
        min: 2.1218886336e-023
        var: 8.08353490811e-008
    spectral_energyband_middle_high:
        dmean: 0.000819847162347
        dmean2: 0.00137300009374
        dvar: 1.45473347857e-006
        dvar2: 3.97494295612e-006
        max: 0.0166262350976
        mean: 0.00279193674214
        median: 0.00253670942038
        min: 1.08735496654e-021
        var: 3.4008980947e-006
    spectral_energyband_middle_low:
        dmean: 0.000398517586291
        dmean2: 0.000636809796561
        dvar: 4.22367691044e-007
        dvar2: 1.08030883439e-006
        max: 0.00805493909866
        mean: 0.00105771131348
        median: 0.000739002192859
        min: 1.9024117841e-022
        var: 9.56378130468e-007
    spectral_flatness_db:
        dmean: 0.0113858059049
        dmean2: 0.0174798555672
        dvar: 0.000104880971776
        dvar2: 0.000227780619753
        max: 0.365535914898
        mean: 0.139506191015
        median: 0.132190227509
        min: 0.0434549339116
        var: 0.00149455841165
    spectral_flux:
        dmean: 0.00861266348511
        dmean2: 0.0135737312958
        dvar: 0.000141299373354
        dvar2: 0.000254814862274
        max: 0.155020445585
        mean: 0.0400867387652
        median: 0.0382299050689
        min: 6.40369215987e-011
        var: 0.000339303602232
    spectral_kurtosis:
        dmean: 0.862082600594
        dmean2: 1.45382940769
        dvar: 2.05988383293
        dvar2: 6.2107462883
        max: 42.8046836853
        mean: 3.02650380135
        median: 2.73502254486
        min: -1.2669172287
        var: 5.42397975922
    spectral_rms:
        dmean: 0.000299444509437
        dmean2: 0.000490253150929
        dvar: 1.84209355325e-007
        dvar2: 4.87348302158e-007
        max: 0.00546043878421
        mean: 0.0020601854194
        median: 0.00212582782842
        min: 3.13169867643e-012
        var: 5.11343216658e-007
    spectral_rolloff:
        dmean: 283.641693115
        dmean2: 468.314239502
        dvar: 161064.1875
        dvar2: 345903.96875
        max: 19444.4824219
        mean: 3930.23291016
        median: 3983.64257813
        min: 236.865234375
        var: 1201851.375
    spectral_skewness:
        dmean: 0.149536788464
        dmean2: 0.246825844049
        dvar: 0.0277154445648
        dvar2: 0.0746264010668
        max: 4.87325048447
        mean: 1.15851068497
        median: 1.15417814255
        min: -0.0592780523002
        var: 0.13127233088
    spectral_spread:
        dmean: 452749.90625
        dmean2: 671546.5625
        dvar: 459908841472
        dvar2: 793773998080
        max: 42828876
        mean: 5166043.5
        median: 5063040
        min: 1468046.125
        var: 5.40040023245e+012
    spectral_strongpeak:
        dmean: 0.639426469803
        dmean2: 1.08929181099
        dvar: 0.842989325523
        dvar2: 2.13488698006
        max: 13.7817745209
        mean: 1.18906128407
        median: 0.876020252705
        min: 4.47556464112e-010
        var: 1.85612463951
    zerocrossingrate:
        dmean: 0.00717521412298
        dmean2: 0.00860883481801
        dvar: 6.34168463876e-005
        dvar2: 7.6520103903e-005
        max: 0.5263671875
        mean: 0.124697141349
        median: 0.12744140625
        min: 0.0048828125
        var: 0.00115610589273
    barkbands:
        dmean: [6.49145590614e-007, 4.83005751448e-005, 9.42890401348e-005, 6.99260199326e-005, 0.000162838026881, 9.07269131858e-005, 6.6741820774e-005, 4.62073076051e-005, 0.000127172097564, 0.000110680382932, 3.581826968e-005, 4.52877575299e-005, 4.74046210002e-005, 4.70445520477e-005, 5.36964071216e-005, 9.54097122303e-005, 0.000129120060592, 0.000184649208677, 0.000415815447923, 0.00034398821299, 0.000209591977182, 0.000111070934508, 1.79139642569e-005, 6.71940233588e-006, 3.41096369993e-006, 1.14712818799e-007, 1.35362343556e-009]
        dmean2: [1.01615887615e-006, 8.20474451757e-005, 0.000162997763255, 0.000117296098324, 0.000279416359263, 0.000141252079629, 0.000106324070657, 7.26792568457e-005, 0.000191893821466, 0.000168912156369, 5.6469849369e-005, 7.30372630642e-005, 7.73382707848e-005, 7.65137010603e-005, 8.75898695085e-005, 0.000157326212502, 0.000214593441342, 0.000314804929076, 0.000704203965142, 0.00058745930437, 0.000372761074686, 0.000204643845791, 3.17906378768e-005, 1.13274099931e-005, 5.43786609342e-006, 1.84103015499e-007, 2.3017803219e-009]
        dvar: [2.25900309743e-012, 9.3347818364e-009, 3.44018964427e-008, 1.40261411374e-008, 1.86380049172e-007, 4.19696597476e-008, 2.95896747105e-008, 1.35270026291e-008, 6.59714913809e-008, 4.58327882313e-008, 7.61118634784e-009, 9.17895448538e-009, 1.1422326196e-008, 7.63452234764e-009, 1.21359295946e-008, 3.00211411286e-008, 4.59431568345e-008, 8.83247111005e-008, 3.2117972637e-007, 2.83359668174e-007, 1.52101009121e-007, 6.23362339525e-008, 1.47195899913e-009, 4.28586027779e-010, 1.9883066027e-010, 1.31306966168e-013, 7.12764659352e-018]
        dvar2: [5.39224524407e-012, 2.58908272599e-008, 9.79826921821e-008, 3.86330043511e-008, 5.06725200466e-007, 9.83991341741e-008, 6.95087933877e-008, 3.41770132195e-008, 1.42418116411e-007, 1.02306799477e-007, 1.82772925683e-008, 2.21096865261e-008, 2.77680438643e-008, 1.90912743392e-008, 2.91680866127e-008, 7.6151302153e-008, 1.18736309673e-007, 2.3683206507e-007, 8.70747157933e-007, 7.78199762408e-007, 4.32344620549e-007, 1.7464458324e-007, 4.00624555752e-009, 1.00768904332e-009, 4.70839867095e-010, 3.15910058529e-013, 1.86902650546e-017]
        max: [1.77291130967e-005, 0.000923155690543, 0.00233915029094, 0.00189097435214, 0.00510685192421, 0.00549953989685, 0.00642938353121, 0.00342683959752, 0.00476993061602, 0.00375433126464, 0.00274110981263, 0.00250302231871, 0.00417457567528, 0.00246600760147, 0.00273892981932, 0.00394789129496, 0.00460325181484, 0.00850985292345, 0.0108034331352, 0.00920651759952, 0.0054311864078, 0.00294597586617, 0.00059119501384, 0.00103918311652, 0.000802294292953, 1.68421756825e-005, 8.1463177537e-008]
        mean: [7.115153835e-007, 7.01481185388e-005, 0.000145420766785, 0.000105509468995, 0.000196792272618, 0.000178290123586, 0.000117183386465, 8.74155957717e-005, 0.000328364229063, 0.000303377717501, 6.58791905153e-005, 8.24998423923e-005, 9.34018171392e-005, 8.73067619978e-005, 0.000103950362245, 0.000184918637387, 0.000247870950261, 0.0003524843778, 0.000904719170649, 0.00071314960951, 0.000353415700374, 0.000112712717964, 2.19099201786e-005, 1.03110669443e-005, 6.61693002257e-006, 2.26239251333e-007, 1.8628396603e-009]
        median: [4.02856059623e-008, 4.56155103166e-005, 9.66849765973e-005, 6.67180065648e-005, 9.11382812774e-005, 7.07533399691e-005, 4.35506008216e-005, 2.83175249933e-005, 7.11781904101e-005, 7.59507820476e-005, 2.99427429127e-005, 4.15364702349e-005, 4.19704665546e-005, 5.14423154527e-005, 5.64882502658e-005, 0.000120977201732, 0.000168585102074, 0.000265013426542, 0.000738270173315, 0.000533551094122, 0.000271533441264, 5.32299527549e-005, 9.80015829555e-006, 5.34220816917e-006, 3.76423986381e-006, 1.13710903804e-007, 7.53369477913e-010]
        min: [3.73909715275e-025, 4.17028438203e-024, 1.57153240778e-024, 5.22662800286e-025, 1.17868480458e-023, 5.84822150415e-024, 7.36339256126e-024, 3.21028878089e-024, 2.67501407674e-023, 1.36545906237e-023, 1.76529447436e-023, 3.16289804089e-023, 1.16082759692e-023, 2.19507378413e-023, 5.75075687156e-023, 6.10574995871e-023, 7.61606960014e-023, 6.9039257335e-023, 1.56013084334e-022, 1.48725423209e-022, 2.71126141492e-022, 2.98904521429e-022, 3.92258598632e-022, 6.22238184448e-022, 8.85540567565e-022, 1.32957671435e-021, 2.04181314909e-021]
        var: [2.62895369536e-012, 8.19127610185e-009, 3.0427489861e-008, 1.6042156048e-008, 1.50322762238e-007, 1.02041731509e-007, 7.37258929462e-008, 3.33056675572e-008, 3.95087283778e-007, 3.08347011924e-007, 1.64217421883e-008, 1.96915799222e-008, 2.15399147407e-008, 1.35764075537e-008, 2.98154780864e-008, 5.64278828108e-008, 8.49731378594e-008, 1.28679644718e-007, 6.5297342644e-007, 4.45981271469e-007, 1.26427607938e-007, 4.14841636598e-008, 1.26456656258e-009, 5.11576669915e-010, 2.43721154369e-010, 1.95872398162e-013, 8.18809792908e-018]
    frequency_bands:
        dmean: [6.49145590614e-007, 4.83005751448e-005, 9.42890401348e-005, 6.99260199326e-005, 0.000162838026881, 9.07269131858e-005, 6.6741820774e-005, 4.62073076051e-005, 0.000127172097564, 0.000110680382932, 3.581826968e-005, 4.52877575299e-005, 4.74046210002e-005, 4.70445520477e-005, 5.36964071216e-005, 9.54097122303e-005, 0.000129120060592, 0.000184649208677, 0.000415815447923, 0.00034398821299, 0.000209591977182, 0.000111070934508, 1.79139642569e-005, 6.71940233588e-006, 3.41096369993e-006, 1.14712818799e-007, 1.35362343556e-009, 5.7454489083e-011]
        dmean2: [1.01615887615e-006, 8.20474451757e-005, 0.000162997763255, 0.000117296098324, 0.000279416359263, 0.000141252079629, 0.000106324070657, 7.26792568457e-005, 0.000191893821466, 0.000168912156369, 5.6469849369e-005, 7.30372630642e-005, 7.73382707848e-005, 7.65137010603e-005, 8.75898695085e-005, 0.000157326212502, 0.000214593441342, 0.000314804929076, 0.000704203965142, 0.00058745930437, 0.000372761074686, 0.000204643845791, 3.17906378768e-005, 1.13274099931e-005, 5.43786609342e-006, 1.84103015499e-007, 2.3017803219e-009, 1.0719120036e-010]
        dvar: [2.25900309743e-012, 9.3347818364e-009, 3.44018964427e-008, 1.40261411374e-008, 1.86380049172e-007, 4.19696597476e-008, 2.95896747105e-008, 1.35270026291e-008, 6.59714913809e-008, 4.58327882313e-008, 7.61118634784e-009, 9.17895448538e-009, 1.1422326196e-008, 7.63452234764e-009, 1.21359295946e-008, 3.00211411286e-008, 4.59431568345e-008, 8.83247111005e-008, 3.2117972637e-007, 2.83359668174e-007, 1.52101009121e-007, 6.23362339525e-008, 1.47195899913e-009, 4.28586027779e-010, 1.9883066027e-010, 1.31306966168e-013, 7.12764659352e-018, 7.59201229603e-021]
        dvar2: [5.39224524407e-012, 2.58908272599e-008, 9.79826921821e-008, 3.86330043511e-008, 5.06725200466e-007, 9.83991341741e-008, 6.95087933877e-008, 3.41770132195e-008, 1.42418116411e-007, 1.02306799477e-007, 1.82772925683e-008, 2.21096865261e-008, 2.77680438643e-008, 1.90912743392e-008, 2.91680866127e-008, 7.6151302153e-008, 1.18736309673e-007, 2.3683206507e-007, 8.70747157933e-007, 7.78199762408e-007, 4.32344620549e-007, 1.7464458324e-007, 4.00624555752e-009, 1.00768904332e-009, 4.70839867095e-010, 3.15910058529e-013, 1.86902650546e-017, 2.44285531127e-020]
        max: [1.77291130967e-005, 0.000923155690543, 0.00233915029094, 0.00189097435214, 0.00510685192421, 0.00549953989685, 0.00642938353121, 0.00342683959752, 0.00476993061602, 0.00375433126464, 0.00274110981263, 0.00250302231871, 0.00417457567528, 0.00246600760147, 0.00273892981932, 0.00394789129496, 0.00460325181484, 0.00850985292345, 0.0108034331352, 0.00920651759952, 0.0054311864078, 0.00294597586617, 0.00059119501384, 0.00103918311652, 0.000802294292953, 1.68421756825e-005, 8.1463177537e-008, 1.47390122329e-009]
        mean: [7.115153835e-007, 7.01481185388e-005, 0.000145420766785, 0.000105509468995, 0.000196792272618, 0.000178290123586, 0.000117183386465, 8.74155957717e-005, 0.000328364229063, 0.000303377717501, 6.58791905153e-005, 8.24998423923e-005, 9.34018171392e-005, 8.73067619978e-005, 0.000103950362245, 0.000184918637387, 0.000247870950261, 0.0003524843778, 0.000904719170649, 0.00071314960951, 0.000353415700374, 0.000112712717964, 2.19099201786e-005, 1.03110669443e-005, 6.61693002257e-006, 2.26239251333e-007, 1.8628396603e-009, 4.4022296225e-011]
        median: [4.02856059623e-008, 4.56155103166e-005, 9.66849765973e-005, 6.67180065648e-005, 9.11382812774e-005, 7.07533399691e-005, 4.35506008216e-005, 2.83175249933e-005, 7.11781904101e-005, 7.59507820476e-005, 2.99427429127e-005, 4.15364702349e-005, 4.19704665546e-005, 5.14423154527e-005, 5.64882502658e-005, 0.000120977201732, 0.000168585102074, 0.000265013426542, 0.000738270173315, 0.000533551094122, 0.000271533441264, 5.32299527549e-005, 9.80015829555e-006, 5.34220816917e-006, 3.76423986381e-006, 1.13710903804e-007, 7.53369477913e-010, 1.61291986711e-011]
        min: [3.73909715275e-025, 4.17028438203e-024, 1.57153240778e-024, 5.22662800286e-025, 1.17868480458e-023, 5.84822150415e-024, 7.36339256126e-024, 3.21028878089e-024, 2.67501407674e-023, 1.36545906237e-023, 1.76529447436e-023, 3.16289804089e-023, 1.16082759692e-023, 2.19507378413e-023, 5.75075687156e-023, 6.10574995871e-023, 7.61606960014e-023, 6.9039257335e-023, 1.56013084334e-022, 1.48725423209e-022, 2.71126141492e-022, 2.98904521429e-022, 3.92258598632e-022, 6.22238184448e-022, 8.85540567565e-022, 1.32957671435e-021, 2.04181314909e-021, 5.41449033256e-022]
        var: [2.62895369536e-012, 8.19127610185e-009, 3.0427489861e-008, 1.6042156048e-008, 1.50322762238e-007, 1.02041731509e-007, 7.37258929462e-008, 3.33056675572e-008, 3.95087283778e-007, 3.08347011924e-007, 1.64217421883e-008, 1.96915799222e-008, 2.15399147407e-008, 1.35764075537e-008, 2.98154780864e-008, 5.64278828108e-008, 8.49731378594e-008, 1.28679644718e-007, 6.5297342644e-007, 4.45981271469e-007, 1.26427607938e-007, 4.14841636598e-008, 1.26456656258e-009, 5.11576669915e-010, 2.43721154369e-010, 1.95872398162e-013, 8.18809792908e-018, 5.76431351564e-021]
    mfcc:
        mean: [-703.221130371, 74.9194641113, -45.2738838196, 54.9929924011, -18.0214576721, -5.60921573639, 8.95737838745, -2.46609997749, 2.58730435371, -1.14050877094, -3.21390724182, -6.44934082031, -3.84365320206]
        cov: [[8428.09375, 206.196365356, -842.343383789, 598.424621582, -376.988769531, 65.4209289551, 170.246490479, 148.681854248, 110.551689148, 43.5554618835, -35.7524642944, -148.709487915, -156.784912109], [206.196365356, 802.63873291, -275.520355225, 191.075042725, -87.5942153931, -62.6060600281, 16.1226730347, -94.7039642334, 23.6760883331, -16.3401184082, 7.46825742722, 3.80544471741, 25.6517276764], [-842.343383789, -275.520355225, 517.867919922, -135.491134644, 118.889465332, 37.7824249268, -90.7257003784, 19.5392150879, -58.9555473328, 10.7666397095, 8.2937669754, 23.8469638824, 16.0357818604], [598.424621582, 191.075042725, -135.491134644, 373.91027832, -5.05239963531, 15.7816085815, -25.9673156738, -35.2329597473, 8.36245250702, 10.9453344345, -36.2312889099, 10.2373542786, 11.6822748184], [-376.988769531, -87.5942153931, 118.889465332, -5.05239963531, 140.022003174, 29.4892349243, -20.8572998047, -6.12096691132, -12.0616893768, 9.95789527893, -1.20613622665, 11.9705610275, 19.2792949677], [65.4209289551, -62.6060600281, 37.7824249268, 15.7816085815, 29.4892349243, 96.1800308228, 33.2089881897, 33.3319740295, -5.82135915756, 2.43082976341, 5.87685585022, 2.75116157532, -3.87385106087], [170.246490479, 16.1226730347, -90.7257003784, -25.9673156738, -20.8572998047, 33.2089881897, 161.634231567, 62.6531562805, 28.0437450409, -19.8175792694, 8.17985439301, -9.12884235382, -18.0000019073], [148.681854248, -94.7039642334, 19.5392150879, -35.2329597473, -6.12096691132, 33.3319740295, 62.6531562805, 99.2883987427, 31.6774406433, 6.69207048416, 1.89239680767, -12.0679540634, -17.4557495117], [110.551689148, 23.6760883331, -58.9555473328, 8.36245250702, -12.0616893768, -5.82135915756, 28.0437450409, 31.6774406433, 84.6248626709, 34.5959014893, 5.91148900986, -27.1901531219, -18.9892253876], [43.5554618835, -16.3401184082, 10.7666397095, 10.9453344345, 9.95789527893, 2.43082976341, -19.8175792694, 6.69207048416, 34.5959014893, 78.8699417114, 18.1311531067, -9.98069381714, -11.6103897095], [-35.7524642944, 7.46825742722, 8.2937669754, -36.2312889099, -1.20613622665, 5.87685585022, 8.17985439301, 1.89239680767, 5.91148900986, 18.1311531067, 58.4330673218, 12.9285669327, -0.13215573132], [-148.709487915, 3.80544471741, 23.8469638824, 10.2373542786, 11.9705610275, 2.75116157532, -9.12884235382, -12.0679540634, -27.1901531219, -9.98069381714, 12.9285669327, 72.8478240967, 39.3285942078], [-156.784912109, 25.6517276764, 16.0357818604, 11.6822748184, 19.2792949677, -3.87385106087, -18.0000019073, -17.4557495117, -18.9892253876, -11.6103897095, -0.13215573132, 39.3285942078, 66.3005981445]]
        icov: [[0.000186618242878, 7.82261195127e-005, 0.000235965620959, -0.000303782202536, 0.00034135550959, -9.71287008724e-005, 6.64137405693e-005, -0.000363687431673, 0.000249813281698, -8.98687867448e-005, -0.000159246425028, 0.00028806613409, 0.000109455824713], [7.82261195127e-005, 0.00206448510289, 0.000435004301835, -0.00100389274303, 0.000921671162359, 0.000576935475692, -0.000772775441874, 0.00187239586376, -0.000683770049363, 0.000466661585961, -0.00110785011202, 0.000625280546956, -0.000980456592515], [0.000235965620959, 0.000435004301835, 0.00408047763631, 0.000733205350116, -0.00189815904014, -0.000811098318081, 0.00266069499776, -0.00266845617443, 0.00241910899058, -0.000461276329588, -0.000359331694199, -9.32654293138e-005, 0.000464636919787], [-0.000303782202536, -0.00100389274303, 0.000733205350116, 0.00462053949013, -0.00105956592597, -0.00206073210575, 0.00125788513105, 0.000856098893564, -0.000723559060134, -0.00106452021282, 0.00355719192885, -0.0021156873554, 0.000301588122966], [0.00034135550959, 0.000921671162359, -0.00189815904014, -0.00105956592597, 0.0111395120621, -0.00292527955025, -0.000971727829892, 0.00265594990924, -0.00105523609091, -0.00137081858702, 0.000596066412982, 0.000935421092436, -0.00297423987649], [-9.71287008724e-005, 0.000576935475692, -0.000811098318081, -0.00206073210575, -0.00292527955025, 0.0153157617897, -0.00321561959572, -0.00407957984135, 0.00366402720101, -0.000874283141457, -0.00254965294152, 0.000618946214672, 0.000428879749961], [6.64137405693e-005, -0.000772775441874, 0.00266069499776, 0.00125788513105, -0.000971727829892, -0.00321561959572, 0.0122387157753, -0.00719718076289, -0.00137554353569, 0.00432477938011, -0.00161200936418, -0.000999793759547, 0.0020665852353], [-0.000363687431673, 0.00187239586376, -0.00266845617443, 0.000856098893564, 0.00265594990924, -0.00407957984135, -0.00719718076289, 0.0217186193913, -0.00810478441417, -0.000152252687258, 0.00233364431188, -0.00112762139179, -1.08506692413e-005], [0.000249813281698, -0.000683770049363, 0.00241910899058, -0.000723559060134, -0.00105523609091, 0.00366402720101, -0.00137554353569, -0.00810478441417, 0.0226967278868, -0.00908770505339, -0.00127794290893, 0.00593945244327, -0.000205233693123], [-8.98687867448e-005, 0.000466661585961, -0.000461276329588, -0.00106452021282, -0.00137081858702, -0.000874283141457, 0.00432477938011, -0.000152252687258, -0.00908770505339, 0.0202013477683, -0.00665181968361, 0.000260999775492, 0.00215435982682], [-0.000159246425028, -0.00110785011202, -0.000359331694199, 0.00355719192885, 0.000596066412982, -0.00254965294152, -0.00161200936418, 0.00233364431188, -0.00127794290893, -0.00665181968361, 0.0236279834062, -0.00721619743854, 0.00216341414489], [0.00028806613409, 0.000625280546956, -9.32654293138e-005, -0.0021156873554, 0.000935421092436, 0.000618946214672, -0.000999793759547, -0.00112762139179, 0.00593945244327, 0.000260999775492, -0.00721619743854, 0.0245719160885, -0.0128128025681], [0.000109455824713, -0.000980456592515, 0.000464636919787, 0.000301588122966, -0.00297423987649, 0.000428879749961, 0.0020665852353, -1.08506692413e-005, -0.000205233693123, 0.00215435982682, 0.00216341414489, -0.0128128025681, 0.0249267779291]]
    sccoeffs:
        dmean: [0.0484470203519, 0.0426616705954, 0.0354744791985, 0.0270856302232, 0.0197480451316, 0.0188188254833]
        dmean2: [0.0794739425182, 0.0698125511408, 0.0576094314456, 0.044696226716, 0.0328013114631, 0.0309615582228]
        dvar: [0.00178283220157, 0.00126566179097, 0.000872547156177, 0.000487179757329, 0.000259830936557, 0.000310574600007]
        dvar2: [0.00473605142906, 0.00332328025252, 0.0022191926837, 0.00126245524734, 0.000676729308907, 0.000787143595517]
        max: [-0.393154621124, -0.435932636261, -0.511700093746, -0.591184914112, -0.596913695335, -0.56352186203]
        mean: [-0.688383579254, -0.756705760956, -0.75438785553, -0.795406401157, -0.791440188885, -0.741800963879]
        median: [-0.689580321312, -0.764530897141, -0.766481518745, -0.797579467297, -0.791131317616, -0.744600892067]
        min: [-0.994166910648, -0.991431772709, -0.978842735291, -0.98857074976, -0.967010855675, -0.963519513607]
        var: [0.00468100327998, 0.00524407438934, 0.00596889154986, 0.00197871099226, 0.00126887683291, 0.00191934953909]
    scvalleys:
        dmean: [0.350421845913, 0.34568464756, 0.286311358213, 0.252642899752, 0.244654759765, 0.29643663764]
        dmean2: [0.570647120476, 0.565687417984, 0.462124049664, 0.398815184832, 0.385098040104, 0.449213683605]
        dvar: [0.118564173579, 0.121726334095, 0.0870141461492, 0.0812878385186, 0.10564853251, 0.199439585209]
        dvar2: [0.256585270166, 0.269076555967, 0.17319214344, 0.150294139981, 0.205256670713, 0.414286822081]
        max: [-5.35266113281, -4.9380531311, -5.303378582, -5.7556476593, -5.01093530655, -6.90409946442]
        mean: [-7.22023200989, -7.07056999207, -7.26216650009, -7.35725259781, -6.81365919113, -9.43719959259]
        median: [-6.92975854874, -6.84078502655, -6.97503662109, -7.05571651459, -6.50253868103, -8.99081611633]
        min: [-28.1365966797, -28.1443462372, -27.9335689545, -27.5514411926, -27.4035987854, -27.3650054932]
        var: [2.55859136581, 2.44529891014, 2.50315189362, 2.53165197372, 2.61740875244, 3.34009408951]

rhythm:
    beats_loudness:
        dmean: 0.00152427505236
        dmean2: 0.00273745134473
        dvar: 1.51166341311e-006
        dvar2: 4.61063382318e-006
        max: 0.0113973831758
        mean: 0.00509895477444
        median: 0.00516148842871
        min: 0
        var: 4.29748024544e-006
    bpm: 140.016021729
    bpm_confidence: 0
    first_peak_bpm: 140
    first_peak_spread: 0.117496781051
    first_peak_weight: 0.826555013657
    onset_rate: 3.57570624352
    second_peak_bpm: 185
    second_peak_spread: 0
    second_peak_weight: 0.0167464111
    beats_loudness_band_ratio:
        dmean: [0.0689443945885, 0.0926794037223, 0.0745231062174, 0.0596366077662, 0.0643308162689, 0.0993240326643]
        dmean2: [0.124201118946, 0.170151919127, 0.127615183592, 0.10472715646, 0.109696656466, 0.171262741089]
        dvar: [0.00301913777366, 0.00424426002428, 0.0072702858597, 0.00650715921074, 0.00380816450343, 0.00669929059222]
        dvar2: [0.0089056622237, 0.013226037845, 0.0198656506836, 0.0188156645745, 0.0107380533591, 0.0193043742329]
        max: [0.622060239315, 0.585488796234, 0.885452449322, 0.628843069077, 0.827878415585, 0.844606757164]
        mean: [0.135156497359, 0.110330879688, 0.127260327339, 0.0995815545321, 0.199601903558, 0.385234981775]
        median: [0.123941443861, 0.0889248922467, 0.0768978670239, 0.057981479913, 0.193824350834, 0.387638807297]
        min: [0, 0, 0, 0, 0, 0]
        var: [0.00755393784493, 0.00902798771858, 0.0193534456193, 0.0105028692633, 0.00626765796915, 0.016573658213]
