
metadata:
    version:
        essentia: "2.1-beta2"
    audio_properties:
        analysis_sample_rate: 44100
        bitrate: 56
        channels: 2
        equal_loudness: 1
        length: 218.279190063
        replay_gain: -15.1985549927
        downmix: "mix"
    tags:
        album: "Anachromie"
        artist: "Kells"
        comment: ""
        date: "2012"
        genre: "Other"
        title: "Nuances"
        tracknumber: "12"

configuration:
    average_loudness:
        compute: 1
        frameSize: 88200
        hopSize: 44100
        silentFrames: "noise"
        windowType: "hann"
    general:
        analysisSampleRate: 44100
        endTime: 2000
        equalLoudness: 1
        nequalLoudness: 0
        shortSound: 0
        startTime: 0
    lowlevel:
        compute: 1
        frameSize: 2048
        hopSize: 1024
        zeroPadding: 0
        silentFrames: "noise"
        windowType: "blackmanharris62"
        mfccStats: ["mean", "cov", "icov"]
        stats: ["mean", "var", "median", "min", "max", "dmean", "dmean2", "dvar", "dvar2"]
    panning:
        compute: 0
        frameSize: 8192
        hopSize: 2048
        zeroPadding: 8192
        silentFrames: "noise"
        windowType: "hann"
        stats: ["copy"]
    rhythm:
        compute: 1
        maxTempo: 208
        minTempo: 40
        method: "degara"
        stats: ["mean", "var", "median", "min", "max", "dmean", "dmean2", "dvar", "dvar2"]
    segmentation:
        compute: 0
        cpw: 5
        inc1: 300
        inc2: 50
        minimumSegmentsLength: 10
        size1: 1000
        size2: 600
    sfx:
        compute: 1
        stats: ["mean", "var", "median", "min", "max", "dmean", "dmean2", "dvar", "dvar2"]
    svm:
        compute: 0
    tonal:
        compute: 1
        frameSize: 4096
        hopSize: 2048
        zeroPadding: 0
        silentFrames: "noise"
        windowType: "blackmanharris62"
        stats: ["mean", "var", "median", "min", "max", "dmean", "dmean2", "dvar", "dvar2"]

lowlevel:
    average_loudness: 0.944614589214
    barkbands_kurtosis:
        dmean: 1.78088831902
        dmean2: 2.67669773102
        dvar: 23.1657810211
        dvar2: 47.3024139404
        max: 107.009788513
        mean: 3.01100516319
        median: -1.07391953468
        min: -1.92266535759
        var: 172.627731323
    barkbands_skewness:
        dmean: 0.422990232706
        dmean2: 0.644398093224
        dvar: 0.220898255706
        dvar2: 0.454426318407
        max: 8.48427009583
        mean: 0.61956256628
        median: 0.267220556736
        min: -2.2008972168
        var: 1.42474639416
    barkbands_spread:
        dmean: 4.93784379959
        dmean2: 7.74877977371
        dvar: 27.1836299896
        dvar2: 61.5238685608
        max: 71.2664260864
        mean: 28.5939598083
        median: 30.6508369446
        min: 0.262185037136
        var: 137.427230835
    dissonance:
        dmean: 0.0157532058656
        dmean2: 0.0264539364725
        dvar: 0.000256611441728
        dvar2: 0.000679612276144
        max: 0.500000119209
        mean: 0.464912712574
        median: 0.478249877691
        min: 0.127999424934
        var: 0.0021106840577
    hfc:
        dmean: 1.68500959873
        dmean2: 2.67916488647
        dvar: 4.72441864014
        dvar2: 12.0076627731
        max: 37.4476242065
        mean: 6.98439264297
        median: 6.9650144577
        min: 1.07299784565e-016
        var: 19.4731025696
    pitch:
        dmean: 618.39453125
        dmean2: 1185.09143066
        dvar: 1279365.75
        dvar2: 3336403.25
        max: 5231.6875
        mean: 976.176879883
        median: 295.265991211
        min: 48.031452179
        var: 1679266.875
    pitch_instantaneous_confidence:
        dmean: 0.0813192278147
        dmean2: 0.127757325768
        dvar: 0.00618874048814
        dvar2: 0.0137182436883
        max: 0.958884656429
        mean: 0.421883583069
        median: 0.360551327467
        min: 0.0857459306717
        var: 0.0408855862916
    pitch_salience:
        dmean: 0.0578320920467
        dmean2: 0.093092225492
        dvar: 0.00281817605719
        dvar2: 0.00713116815314
        max: 0.894364535809
        mean: 0.61785620451
        median: 0.653357565403
        min: 0.108659908175
        var: 0.0181571766734
    silence_rate_20dB:
        dmean: 0
        dmean2: 0
        dvar: 0
        dvar2: 0
        max: 1
        mean: 1
        median: 1
        min: 1
        var: 0
    silence_rate_30dB:
        dmean: 0
        dmean2: 0
        dvar: 0
        dvar2: 0
        max: 1
        mean: 1
        median: 1
        min: 1
        var: 0
    silence_rate_60dB:
        dmean: 0.0742474198341
        dmean2: 0.148510634899
        dvar: 0.0687320157886
        dvar2: 0.150502622128
        max: 1
        mean: 0.222824931145
        median: 0
        min: 0
        var: 0.173174053431
    spectral_centroid:
        dmean: 225.582565308
        dmean2: 351.87979126
        dvar: 63138.2421875
        dvar2: 134715.3125
        max: 11960.9521484
        mean: 1353.25585938
        median: 1417.65490723
        min: 158.667724609
        var: 554702.875
    spectral_complexity:
        dmean: 3.3630464077
        dmean2: 5.45212745667
        dvar: 12.1901092529
        dvar2: 29.3757209778
        max: 40
        mean: 15.2213354111
        median: 16
        min: 0
        var: 67.9017791748
    spectral_crest:
        dmean: 2.1216647625
        dmean2: 3.45338082314
        dvar: 4.78652048111
        dvar2: 11.9917898178
        max: 24.6423854828
        mean: 8.19476318359
        median: 6.44817066193
        min: 2.42831897736
        var: 23.881526947
    spectral_decrease:
        dmean: 3.14276021873e-010
        dmean2: 5.16321374544e-010
        dvar: 2.23977167876e-019
        dvar2: 5.9624450343e-019
        max: 1.26843720216e-028
        mean: -1.15823739488e-009
        median: -1.10065345726e-009
        min: -5.39590638837e-009
        var: 4.01486637662e-019
    spectral_energy:
        dmean: 0.00130357791204
        dmean2: 0.00213414919563
        dvar: 3.74807041226e-006
        dvar2: 9.92366221908e-006
        max: 0.0220995452255
        mean: 0.00500495638698
        median: 0.00480983546004
        min: 1.02874909898e-020
        var: 7.36355968911e-006
    spectral_energyband_high:
        dmean: 0.000109521104605
        dmean2: 0.000181744544534
        dvar: 3.03813258995e-008
        dvar2: 7.62351390904e-008
        max: 0.00432099355385
        mean: 0.000262922578258
        median: 0.000224132134463
        min: 7.05979346548e-021
        var: 6.17476487719e-008
    spectral_energyband_low:
        dmean: 0.000235629981034
        dmean2: 0.000387073814636
        dvar: 1.14286955011e-007
        dvar2: 3.14017739811e-007
        max: 0.00402560923249
        mean: 0.000430696556577
        median: 0.000361535843695
        min: 2.07040457325e-023
        var: 1.30574889567e-007
    spectral_energyband_middle_high:
        dmean: 0.00057268148521
        dmean2: 0.000891181989573
        dvar: 4.63731964828e-007
        dvar2: 1.07945004402e-006
        max: 0.010723721236
        mean: 0.00230395025574
        median: 0.00208757072687
        min: 1.30866001065e-021
        var: 2.98285272038e-006
    spectral_energyband_middle_low:
        dmean: 0.000952479196712
        dmean2: 0.00158320064656
        dvar: 2.4279841e-006
        dvar2: 6.58694989397e-006
        max: 0.01684769243
        mean: 0.00226600072347
        median: 0.00181127572432
        min: 2.13754976293e-022
        var: 3.16474711326e-006
    spectral_flatness_db:
        dmean: 0.0167063307017
        dmean2: 0.0252727493644
        dvar: 0.000300660496578
        dvar2: 0.000584405381233
        max: 0.61159992218
        mean: 0.165102273226
        median: 0.140702307224
        min: 0.0577511973679
        var: 0.00725618377328
    spectral_flux:
        dmean: 0.00857340358198
        dmean2: 0.0134211238474
        dvar: 0.000108875021397
        dvar2: 0.000208242883673
        max: 0.117185786366
        mean: 0.0397476442158
        median: 0.039888702333
        min: 6.41157543724e-011
        var: 0.000317297992297
    spectral_kurtosis:
        dmean: 2.21509408951
        dmean2: 3.7357749939
        dvar: 34.7280006409
        dvar2: 92.7415847778
        max: 188.027954102
        mean: 6.89737176895
        median: 3.77437877655
        min: -1.31690490246
        var: 270.057220459
    spectral_rms:
        dmean: 0.000272752600722
        dmean2: 0.000435011577792
        dvar: 1.20483747423e-007
        dvar2: 3.05533234268e-007
        max: 0.00464333221316
        mean: 0.00210768310353
        median: 0.0021662232466
        min: 3.16805566156e-012
        var: 4.40548660663e-007
    spectral_rolloff:
        dmean: 370.637115479
        dmean2: 609.300476074
        dvar: 315971.4375
        dvar2: 665269.4375
        max: 19444.4824219
        mean: 2729.70288086
        median: 3143.84765625
        min: 172.265625
        var: 2001473
    spectral_skewness:
        dmean: 0.229756191373
        dmean2: 0.374441355467
        dvar: 0.116280578077
        dvar2: 0.293422490358
        max: 11.1739292145
        mean: 1.65343952179
        median: 1.41095089912
        min: -0.0879955813289
        var: 1.18336570263
    spectral_spread:
        dmean: 468659.84375
        dmean2: 679867.9375
        dvar: 619681939456
        dvar2: 1.0212975575e+012
        max: 42245252
        mean: 4237567.5
        median: 3992318.75
        min: 415711.0625
        var: 5.71620091494e+012
    spectral_strongpeak:
        dmean: 0.301311016083
        dmean2: 0.508218467236
        dvar: 0.205861628056
        dvar2: 0.518043577671
        max: 7.37895679474
        mean: 0.59269040823
        median: 0.328670442104
        min: 7.38445901649e-011
        var: 0.523543536663
    zerocrossingrate:
        dmean: 0.00746840238571
        dmean2: 0.00909803062677
        dvar: 7.18681039871e-005
        dvar2: 8.94541735761e-005
        max: 0.521484375
        mean: 0.0798114463687
        median: 0.0849609375
        min: 0.0087890625
        var: 0.00127691193484
    barkbands:
        dmean: [6.97397126714e-007, 7.05709826434e-005, 0.000126727594761, 0.000210717596929, 0.000532808247954, 0.000198393594474, 0.000180480608833, 9.47386142798e-005, 0.000133419933263, 0.000203794770641, 9.61138212006e-005, 0.000108437976451, 7.18000519555e-005, 5.96908030275e-005, 4.90022721351e-005, 8.13114311313e-005, 0.000101450947113, 0.000155162299052, 0.000178450573003, 0.000100786506664, 5.1141512813e-005, 1.2777863958e-005, 3.94788503399e-006, 1.95207326215e-006, 1.09699294626e-006, 3.10149310678e-008, 3.23332638441e-010]
        dmean2: [1.13095040888e-006, 0.000123413876281, 0.000205147938686, 0.00035712798126, 0.0009223097004, 0.000318293547025, 0.000297425314784, 0.000155523070134, 0.000213187478948, 0.000317325815558, 0.000152221036842, 0.000176310888492, 0.000119570810057, 9.50712856138e-005, 7.96560270828e-005, 0.00013455246517, 0.000164850760484, 0.000259987835307, 0.000294075813144, 0.000165770761669, 8.64898829604e-005, 2.09261688724e-005, 6.30266049484e-006, 3.03189767692e-006, 1.66558561432e-006, 4.80813575621e-008, 5.49485457135e-010]
        dvar: [1.31594431532e-012, 1.5287207944e-008, 3.12006527281e-008, 8.18244956236e-008, 1.37509209708e-006, 1.01303434974e-007, 1.38389054882e-007, 4.63641107729e-008, 5.16232212533e-008, 2.03381304686e-007, 4.77408832467e-008, 4.92209650815e-008, 2.28967458327e-008, 1.1694201163e-008, 8.72394423368e-009, 1.50501868745e-008, 2.47297542444e-008, 5.43023190858e-008, 4.61363711679e-008, 1.90914750675e-008, 7.93409071775e-009, 8.52488024616e-010, 1.36274463935e-010, 4.05871829201e-011, 2.23886395534e-011, 1.42365435304e-014, 3.6472246609e-019]
        dvar2: [3.24314641982e-012, 4.35320757219e-008, 8.38093541233e-008, 2.288774823e-007, 3.89815113522e-006, 2.4336242177e-007, 3.26174813381e-007, 1.13079998698e-007, 1.18453385767e-007, 4.37830095734e-007, 9.88385835399e-008, 1.20119608482e-007, 5.84692187999e-008, 2.77588920738e-008, 2.08142747482e-008, 3.6568515327e-008, 5.70834899349e-008, 1.47514938931e-007, 1.20505944778e-007, 4.83415760755e-008, 2.04380778968e-008, 1.85527049279e-009, 2.89683221855e-010, 9.0021434751e-011, 5.29820770589e-011, 3.03657144189e-014, 8.98731011756e-019]
        max: [1.10293995021e-005, 0.00127067044377, 0.00206514657475, 0.00299885543063, 0.0123177245259, 0.00540347769856, 0.00547260092571, 0.00438376609236, 0.00459634885192, 0.00981160067022, 0.0076408199966, 0.00567502574995, 0.00268828961998, 0.00197338499129, 0.00258716498502, 0.00270296493545, 0.00582490023226, 0.00534360250458, 0.00427787750959, 0.00242847949266, 0.00263556069694, 0.000804615556262, 0.000385470222682, 0.000187854282558, 0.000133029607241, 5.16427235198e-006, 2.39553248349e-008]
        mean: [9.47222019931e-007, 0.000100682264019, 0.000194428939722, 0.000296090787742, 0.000749134225771, 0.000362147926353, 0.000258685584413, 0.000135441921884, 0.00023940524261, 0.000446345395176, 0.000184769902262, 0.000210183323361, 0.000132989240228, 0.000110732144094, 8.89311049832e-005, 0.000142233839142, 0.000210854879697, 0.000321328872815, 0.00044163185521, 0.000238883498241, 0.000101580779301, 2.53296548181e-005, 6.6834527388e-006, 3.68569931197e-006, 1.78208802026e-006, 5.02461752205e-008, 4.08985401101e-010]
        median: [4.57764201656e-007, 7.25197241991e-005, 0.000143487181049, 0.000223229289986, 0.000360620120773, 0.000198204856133, 0.000112124689622, 6.36827753624e-005, 0.000134211499244, 0.000110156972369, 6.73070317134e-005, 8.18999251351e-005, 3.43767860613e-005, 4.97008586535e-005, 5.31301302544e-005, 0.000111421890324, 0.00016682659043, 0.000263202004135, 0.000394586648326, 0.000196913591935, 8.33729282022e-005, 1.74246579263e-005, 3.36069888363e-006, 1.63350250659e-006, 5.91319235355e-007, 1.54368056116e-008, 1.54653234663e-010]
        min: [1.85334525012e-025, 7.87650398162e-024, 3.33187433449e-024, 2.84981050721e-024, 1.513570695e-023, 1.3943092834e-023, 1.15065618218e-023, 1.04992692763e-023, 1.55761311488e-023, 9.05118255609e-024, 2.86490394068e-023, 4.29396996224e-023, 2.82790383987e-023, 4.64707577856e-023, 3.81153134715e-023, 6.61654433681e-023, 6.10870156067e-023, 1.35739800832e-022, 1.36885719116e-022, 1.91536134607e-022, 2.94629046784e-022, 3.33104860223e-022, 4.09806601209e-022, 6.42803851356e-022, 9.57186909217e-022, 1.36655851359e-021, 1.98138271819e-021]
        var: [1.77225410996e-012, 1.34025892606e-008, 3.78427778003e-008, 8.85189805899e-008, 1.38477071232e-006, 2.55182612818e-007, 2.31539928564e-007, 6.54952785339e-008, 1.21771648764e-007, 9.57002839641e-007, 2.08058551721e-007, 1.7926656426e-007, 6.33746637391e-008, 3.01970324301e-008, 1.79648296239e-008, 2.62834554121e-008, 8.04274975508e-008, 9.95647866375e-008, 1.50843490587e-007, 5.13604518915e-008, 1.23619718906e-008, 1.78224512926e-009, 2.89273743848e-010, 8.86522175114e-011, 3.69042400805e-011, 3.14680702015e-014, 5.99712044558e-019]
    frequency_bands:
        dmean: [6.97397126714e-007, 7.05709826434e-005, 0.000126727594761, 0.000210717596929, 0.000532808247954, 0.000198393594474, 0.000180480608833, 9.47386142798e-005, 0.000133419933263, 0.000203794770641, 9.61138212006e-005, 0.000108437976451, 7.18000519555e-005, 5.96908030275e-005, 4.90022721351e-005, 8.13114311313e-005, 0.000101450947113, 0.000155162299052, 0.000178450573003, 0.000100786506664, 5.1141512813e-005, 1.2777863958e-005, 3.94788503399e-006, 1.95207326215e-006, 1.09699294626e-006, 3.10149310678e-008, 3.23332638441e-010, 5.67949368091e-011]
        dmean2: [1.13095040888e-006, 0.000123413876281, 0.000205147938686, 0.00035712798126, 0.0009223097004, 0.000318293547025, 0.000297425314784, 0.000155523070134, 0.000213187478948, 0.000317325815558, 0.000152221036842, 0.000176310888492, 0.000119570810057, 9.50712856138e-005, 7.96560270828e-005, 0.00013455246517, 0.000164850760484, 0.000259987835307, 0.000294075813144, 0.000165770761669, 8.64898829604e-005, 2.09261688724e-005, 6.30266049484e-006, 3.03189767692e-006, 1.66558561432e-006, 4.80813575621e-008, 5.49485457135e-010, 1.0576841486e-010]
        dvar: [1.31594431532e-012, 1.5287207944e-008, 3.12006527281e-008, 8.18244956236e-008, 1.37509209708e-006, 1.01303434974e-007, 1.38389054882e-007, 4.63641107729e-008, 5.16232212533e-008, 2.03381304686e-007, 4.77408832467e-008, 4.92209650815e-008, 2.28967458327e-008, 1.1694201163e-008, 8.72394423368e-009, 1.50501868745e-008, 2.47297542444e-008, 5.43023190858e-008, 4.61363711679e-008, 1.90914750675e-008, 7.93409071775e-009, 8.52488024616e-010, 1.36274463935e-010, 4.05871829201e-011, 2.23886395534e-011, 1.42365435304e-014, 3.6472246609e-019, 7.60998247172e-021]
        dvar2: [3.24314641982e-012, 4.35320757219e-008, 8.38093541233e-008, 2.288774823e-007, 3.89815113522e-006, 2.4336242177e-007, 3.26174813381e-007, 1.13079998698e-007, 1.18453385767e-007, 4.37830095734e-007, 9.88385835399e-008, 1.20119608482e-007, 5.84692187999e-008, 2.77588920738e-008, 2.08142747482e-008, 3.6568515327e-008, 5.70834899349e-008, 1.47514938931e-007, 1.20505944778e-007, 4.83415760755e-008, 2.04380778968e-008, 1.85527049279e-009, 2.89683221855e-010, 9.0021434751e-011, 5.29820770589e-011, 3.03657144189e-014, 8.98731011756e-019, 2.4526763039e-020]
        max: [1.10293995021e-005, 0.00127067044377, 0.00206514657475, 0.00299885543063, 0.0123177245259, 0.00540347769856, 0.00547260092571, 0.00438376609236, 0.00459634885192, 0.00981160067022, 0.0076408199966, 0.00567502574995, 0.00268828961998, 0.00197338499129, 0.00258716498502, 0.00270296493545, 0.00582490023226, 0.00534360250458, 0.00427787750959, 0.00242847949266, 0.00263556069694, 0.000804615556262, 0.000385470222682, 0.000187854282558, 0.000133029607241, 5.16427235198e-006, 2.39553248349e-008, 1.67979685717e-009]
        mean: [9.47222019931e-007, 0.000100682264019, 0.000194428939722, 0.000296090787742, 0.000749134225771, 0.000362147926353, 0.000258685584413, 0.000135441921884, 0.00023940524261, 0.000446345395176, 0.000184769902262, 0.000210183323361, 0.000132989240228, 0.000110732144094, 8.89311049832e-005, 0.000142233839142, 0.000210854879697, 0.000321328872815, 0.00044163185521, 0.000238883498241, 0.000101580779301, 2.53296548181e-005, 6.6834527388e-006, 3.68569931197e-006, 1.78208802026e-006, 5.02461752205e-008, 4.08985401101e-010, 4.3817591916e-011]
        median: [4.57764201656e-007, 7.25197241991e-005, 0.000143487181049, 0.000223229289986, 0.000360620120773, 0.000198204856133, 0.000112124689622, 6.36827753624e-005, 0.000134211499244, 0.000110156972369, 6.73070317134e-005, 8.18999251351e-005, 3.43767860613e-005, 4.97008586535e-005, 5.31301302544e-005, 0.000111421890324, 0.00016682659043, 0.000263202004135, 0.000394586648326, 0.000196913591935, 8.33729282022e-005, 1.74246579263e-005, 3.36069888363e-006, 1.63350250659e-006, 5.91319235355e-007, 1.54368056116e-008, 1.54653234663e-010, 1.55679236863e-011]
        min: [1.85334525012e-025, 7.87650398162e-024, 3.33187433449e-024, 2.84981050721e-024, 1.513570695e-023, 1.3943092834e-023, 1.15065618218e-023, 1.04992692763e-023, 1.55761311488e-023, 9.05118255609e-024, 2.86490394068e-023, 4.29396996224e-023, 2.82790383987e-023, 4.64707577856e-023, 3.81153134715e-023, 6.61654433681e-023, 6.10870156067e-023, 1.35739800832e-022, 1.36885719116e-022, 1.91536134607e-022, 2.94629046784e-022, 3.33104860223e-022, 4.09806601209e-022, 6.42803851356e-022, 9.57186909217e-022, 1.36655851359e-021, 1.98138271819e-021, 4.89103303299e-022]
        var: [1.77225410996e-012, 1.34025892606e-008, 3.78427778003e-008, 8.85189805899e-008, 1.38477071232e-006, 2.55182612818e-007, 2.31539928564e-007, 6.54952785339e-008, 1.21771648764e-007, 9.57002839641e-007, 2.08058551721e-007, 1.7926656426e-007, 6.33746637391e-008, 3.01970324301e-008, 1.79648296239e-008, 2.62834554121e-008, 8.04274975508e-008, 9.95647866375e-008, 1.50843490587e-007, 5.13604518915e-008, 1.23619718906e-008, 1.78224512926e-009, 2.89273743848e-010, 8.86522175114e-011, 3.69042400805e-011, 3.14680702015e-014, 5.99712044558e-019, 5.77111271409e-021]
    mfcc:
        mean: [-720.854309082, 120.4168396, -42.0736503601, 52.1609840393, -12.2568178177, -8.59494113922, 5.87101888657, -0.46883225441, -4.32531881332, -7.34654760361, -8.45498752594, -6.35915851593, -6.3558216095]
        cov: [[8878.26269531, 15.2346305847, -2201.08300781, 94.0602340698, -1000.71398926, -294.03112793, 28.7623558044, 163.253356934, 115.555290222, 195.825210571, 257.367980957, 234.87097168, 81.3220672607], [15.2346305847, 823.938598633, -99.8231735229, 115.543678284, 34.6009101868, -85.424659729, 39.4593696594, -18.8981361389, -0.435078084469, -14.9498672485, -43.0189743042, -41.5120735168, -29.8733005524], [-2201.08300781, -99.8231735229, 984.219970703, 2.17441701889, 331.894683838, 112.022514343, -37.2403182983, -40.671710968, -45.9398155212, -69.6464767456, -90.1705474854, -74.6484985352, -30.7225990295], [94.0602340698, 115.543678284, 2.17441701889, 222.686248779, 19.1386547089, 0.874265670776, -28.6104240417, -8.10621261597, 33.0915527344, -5.81383943558, -8.96587562561, -4.88296365738, 4.48441553116], [-1000.71398926, 34.6009101868, 331.894683838, 19.1386547089, 257.974853516, 56.4707489014, 10.0625572205, -30.1071796417, -13.80555439, -23.1721076965, -40.8294792175, -32.0206069946, -7.83111095428], [-294.03112793, -85.424659729, 112.022514343, 0.874265670776, 56.4707489014, 151.125579834, 31.545042038, 12.5326738358, -12.5688772202, -10.2340707779, 13.9779558182, -0.669448196888, 5.80517625809], [28.7623558044, 39.4593696594, -37.2403182983, -28.6104240417, 10.0625572205, 31.545042038, 112.93560791, 40.3272438049, 5.43166685104, -3.49486684799, -1.10850679874, 12.0398674011, 3.71235990524], [163.253356934, -18.8981361389, -40.671710968, -8.10621261597, -30.1071796417, 12.5326738358, 40.3272438049, 100.164932251, 29.5799980164, 14.1137533188, 2.23712086678, 7.5704703331, 6.0289683342], [115.555290222, -0.435078084469, -45.9398155212, 33.0915527344, -13.80555439, -12.5688772202, 5.43166685104, 29.5799980164, 104.607948303, 39.5841636658, 1.61906504631, -9.74279880524, 5.8059296608], [195.825210571, -14.9498672485, -69.6464767456, -5.81383943558, -23.1721076965, -10.2340707779, -3.49486684799, 14.1137533188, 39.5841636658, 87.7490921021, 24.0734081268, 2.91096305847, -4.25567865372], [257.367980957, -43.0189743042, -90.1705474854, -8.96587562561, -40.8294792175, 13.9779558182, -1.10850679874, 2.23712086678, 1.61906504631, 24.0734081268, 86.2078094482, 40.4090538025, 11.956823349], [234.87097168, -41.5120735168, -74.6484985352, -4.88296365738, -32.0206069946, -0.669448196888, 12.0398674011, 7.5704703331, -9.74279880524, 2.91096305847, 40.4090538025, 87.2994766235, 33.5277252197], [81.3220672607, -29.8733005524, -30.7225990295, 4.48441553116, -7.83111095428, 5.80517625809, 3.71235990524, 6.0289683342, 5.8059296608, -4.25567865372, 11.956823349, 33.5277252197, 61.6583061218]]
        icov: [[0.0003034065885, 6.02339241595e-005, 0.000475089909742, -0.000245104718488, 0.000494438514579, 0.000110106098873, -1.34987094498e-005, -0.000172385611222, 0.000127620252897, -0.000167014251929, -7.10917811375e-005, -0.000154001492774, 2.76484752249e-005], [6.02339241595e-005, 0.00168541877065, 0.000389465363696, -0.00109706597868, -0.0004467064864, 0.00123043113854, -0.00127025227994, 0.000251499470323, 0.000579309591558, 3.43900901498e-005, 7.67641759012e-005, 0.000785956450272, 0.000395855371607], [0.000475089909742, 0.000389465363696, 0.00297288317233, -0.000160823081387, -0.00178122578654, -0.000632212962955, 0.00126355560496, -0.000733263150323, 0.000386317784432, 0.000596175377723, 0.000885135959834, 1.17947110994e-005, 0.000710718974005], [-0.000245104718488, -0.00109706597868, -0.000160823081387, 0.00605605635792, -0.000856960949022, -0.001455913065, 0.00264205737039, 0.000179074821062, -0.00284164212644, 0.00145140103996, 0.000629200832918, -0.000986743252724, -9.48985034483e-005], [0.000494438514579, -0.0004467064864, -0.00178122578654, -0.000856960949022, 0.00883493386209, -0.00117261568084, -0.00199918425642, 0.00212623784319, -3.81939462386e-005, -0.00119330279995, 0.00105364457704, 9.67227460933e-005, -0.000884466629941], [0.000110106098873, 0.00123043113854, -0.000632212962955, -0.001455913065, -0.00117261568084, 0.00985454302281, -0.00362933357246, -0.00103683455382, 0.00179522635881, 0.000305757217575, -0.00371825927868, 0.00226464029402, -0.00117337878328], [-1.34987094498e-005, -0.00127025227994, 0.00126355560496, 0.00264205737039, -0.00199918425642, -0.00362933357246, 0.0137435598299, -0.00489860959351, -0.0012825349113, 0.0016194046475, 0.00178134022281, -0.00301820761524, 0.0011074062204], [-0.000172385611222, 0.000251499470323, -0.000733263150323, 0.000179074821062, 0.00212623784319, -0.00103683455382, -0.00489860959351, 0.0139528764412, -0.00341146113351, -0.000961689976975, 0.00130968587473, -0.000594794400968, -0.000406574283261], [0.000127620252897, 0.000579309591558, 0.000386317784432, -0.00284164212644, -3.81939462386e-005, 0.00179522635881, -0.0012825349113, -0.00341146113351, 0.0145776811987, -0.00620502000675, -1.86375746125e-005, 0.00356594496407, -0.00298793939874], [-0.000167014251929, 3.43900901498e-005, 0.000596175377723, 0.00145140103996, -0.00119330279995, 0.000305757217575, 0.0016194046475, -0.000961689976975, -0.00620502000675, 0.0163518358022, -0.00416670693085, 0.000139277050039, 0.00268979137763], [-7.10917811375e-005, 7.67641759012e-005, 0.000885135959834, 0.000629200832918, 0.00105364457704, -0.00371825927868, 0.00178134022281, 0.00130968587473, -1.86375746125e-005, -0.00416670693085, 0.0186504200101, -0.00793295912445, 0.00118596013635], [-0.000154001492774, 0.000785956450272, 1.17947110994e-005, -0.000986743252724, 9.67227460933e-005, 0.00226464029402, -0.00301820761524, -0.000594794400968, 0.00356594496407, 0.000139277050039, -0.00793295912445, 0.0202855393291, -0.00911789946258], [2.76484752249e-005, 0.000395855371607, 0.000710718974005, -9.48985034483e-005, -0.000884466629941, -0.00117337878328, 0.0011074062204, -0.000406574283261, -0.00298793939874, 0.00268979137763, 0.00118596013635, -0.00911789946258, 0.0219010226429]]
    sccoeffs:
        dmean: [0.0562117807567, 0.0481470115483, 0.0394548550248, 0.0308989677578, 0.0206900164485, 0.0180818811059]
        dmean2: [0.0934468209743, 0.0795852988958, 0.0642666444182, 0.0502370931208, 0.0334885045886, 0.0291035920382]
        dvar: [0.00238208775409, 0.00154273363296, 0.00106131681241, 0.000665238709189, 0.000303461943986, 0.000285625079414]
        dvar2: [0.00662494264543, 0.00409981189296, 0.0026744925417, 0.00168566033244, 0.000743940938264, 0.000701621756889]
        max: [-0.342117697001, -0.474304705858, -0.404187440872, -0.542761683464, -0.536206364632, -0.546040534973]
        mean: [-0.655319690704, -0.743045091629, -0.766967236996, -0.790704667568, -0.800970733166, -0.761138677597]
        median: [-0.66099780798, -0.754174947739, -0.782370567322, -0.797151207924, -0.803567409515, -0.757583796978]
        min: [-0.981517910957, -0.969475030899, -0.971547067165, -0.966745495796, -0.968324422836, -0.9632999897]
        var: [0.00565664609894, 0.00537323299795, 0.00664260750636, 0.00319511676207, 0.00170613976661, 0.00150349864271]
    scvalleys:
        dmean: [0.386951714754, 0.372311025858, 0.322635382414, 0.297168850899, 0.25575658679, 0.292333006859]
        dmean2: [0.635236740112, 0.605845332146, 0.510947942734, 0.447798460722, 0.367678105831, 0.421906262636]
        dvar: [0.128467559814, 0.133437037468, 0.108716212213, 0.11419634521, 0.117102257907, 0.171679288149]
        dvar2: [0.266783595085, 0.272727072239, 0.195375755429, 0.184606060386, 0.17035369575, 0.327894449234]
        max: [-4.87805747986, -4.68305540085, -5.18458747864, -5.66073179245, -5.57317209244, -7.69744491577]
        mean: [-6.71699142456, -6.68421077728, -6.97479104996, -7.4604640007, -7.22247743607, -10.2044973373]
        median: [-6.49858045578, -6.36075782776, -6.63236808777, -7.08015441895, -6.71969556808, -9.688331604]
        min: [-28.075345993, -27.8239097595, -27.7594718933, -27.7452411652, -27.4012451172, -27.3525295258]
        var: [1.98509836197, 2.76271057129, 2.82214975357, 2.68565750122, 2.63726902008, 3.25291228294]

rhythm:
    beats_loudness:
        dmean: 0.00200887629762
        dmean2: 0.00357142207213
        dvar: 2.30030764214e-006
        dvar2: 7.5386296885e-006
        max: 0.0141318552196
        mean: 0.00575706502423
        median: 0.00573300849646
        min: 6.22395148753e-008
        var: 5.6147819123e-006
    bpm: 98.0391616821
    bpm_confidence: 0
    first_peak_bpm: 98
    first_peak_spread: 0.0898550599813
    first_peak_weight: 0.887005627155
    onset_rate: 3.07862591743
    second_peak_bpm: 92
    second_peak_spread: 0.333333343267
    second_peak_weight: 0.0112994350493
    beats_loudness_band_ratio:
        dmean: [0.102950632572, 0.131558150053, 0.103110693395, 0.102992959321, 0.0686005279422, 0.0584487207234]
        dmean2: [0.179489955306, 0.238539770246, 0.180049717426, 0.185502573848, 0.117602698505, 0.100598923862]
        dvar: [0.00942894350737, 0.0100577725098, 0.0105201723054, 0.0188827645034, 0.00455861678347, 0.00325211603194]
        dvar2: [0.0306962076575, 0.0323097221553, 0.0299206450582, 0.056940741837, 0.0118226427585, 0.00932951271534]
        max: [0.740400612354, 0.961264073849, 0.742288470268, 0.885030210018, 0.526905596256, 0.517883360386]
        mean: [0.191987067461, 0.251710176468, 0.18141849339, 0.141742259264, 0.178571268916, 0.153351098299]
        median: [0.157397851348, 0.199453994632, 0.148859128356, 0.0959123969078, 0.178054735065, 0.153935939074]
        min: [0.000681665085722, 0.00678021833301, 8.53990131873e-005, 1.47125183503e-005, 4.17017654399e-005, 3.01697109535e-005]
        var: [0.0160793829709, 0.0441874340177, 0.0183246955276, 0.0196267180145, 0.00749211525545, 0.00591414095834]
    beats_position: [0.638548731804, 1.28870749474, 1.92725622654, 2.55419492722, 3.16952371597, 3.78485250473, 4.40018129349, 5.01551008224, 5.61922883987, 6.2229475975, 6.82666635513, 7.45360517502, 8.06893444061, 8.68426322937, 9.29959201813, 9.91492080688, 10.5186395645, 11.1223583221, 11.7376871109, 12.3530158997, 12.9683446884, 13.5836734772, 14.1873922348, 14.7911109924, 15.4064397812, 16.0217685699, 16.637096405, 17.2524261475, 17.8677539825, 18.483083725, 19.0984115601, 19.7137413025, 20.3290691376, 20.9327888489, 21.548116684, 22.1518363953, 22.7787742615, 23.3824939728, 23.9862117767, 24.6015415192, 25.2168693542, 25.8205890656, 26.435918808, 27.0512466431, 27.6665763855, 28.2819042206, 28.897233963, 29.5125617981, 30.1162815094, 30.7199993134, 31.3353290558, 31.9506568909, 32.5659866333, 33.1813163757, 33.7850341797, 34.3887519836, 35.0040817261, 35.6194114685, 36.2347373962, 36.8500671387, 37.4653968811, 38.0807266235, 38.6844444275, 39.2881622314, 39.9034919739, 40.5188217163, 41.134147644, 41.7494773865, 42.3648071289, 42.9801368713, 43.5838546753, 44.1875724792, 44.8029022217, 45.4182319641, 46.0219497681, 46.6372795105, 47.2526054382, 47.8679351807, 48.4832649231, 49.0869827271, 49.7023124695, 50.3176422119, 50.9329681396, 51.5482978821, 52.152015686, 52.7673454285, 53.3826751709, 53.9863929749, 54.6017227173, 55.2170524597, 55.8207702637, 56.4361000061, 57.0514259338, 57.6667556763, 58.2820854187, 58.8858032227, 59.5011329651, 60.1164627075, 60.7201805115, 61.3355102539, 61.9508361816, 62.5661659241, 63.1814956665, 63.7852134705, 64.4005432129, 65.0158691406, 65.6195907593, 66.234916687, 66.8502502441, 67.4655761719, 68.0809020996, 68.6846237183, 69.299949646, 69.9152832031, 70.5189971924, 71.1343307495, 71.7496566772, 72.3533782959, 72.9687042236, 73.5840377808, 74.1993637085, 74.8146896362, 75.4184112549, 76.0337371826, 76.6490707397, 77.2643966675, 77.8797302246, 78.4834442139, 79.0871658325, 79.7024917603, 80.3178253174, 80.9215393066, 81.5368728638, 82.1521987915, 82.7559204102, 83.3712463379, 83.9865722656, 84.6019058228, 85.2172317505, 85.8209533691, 86.4362792969, 87.0516052246, 87.6669387817, 88.2822647095, 88.8859863281, 89.5013122559, 90.116645813, 90.7203598022, 91.3356933594, 91.9510192871, 92.5663452148, 93.181678772, 93.7853927612, 94.4007263184, 95.0160522461, 95.6197738647, 96.246711731, 96.8620376587, 97.4657592773, 98.0810852051, 98.6848068237, 99.3001327515, 99.9154663086, 100.530792236, 101.146118164, 101.749839783, 102.353561401, 102.957275391, 103.572608948, 104.187934875, 104.803260803, 105.430198669, 106.045532227, 106.649246216, 107.252967834, 107.856689453, 108.472015381, 109.087341309, 109.702674866, 110.318000793, 110.933334351, 111.548660278, 112.152381897, 112.756095886, 113.371429443, 113.986755371, 114.602081299, 115.217414856, 115.832740784, 116.448066711, 117.05178833, 117.655509949, 118.270835876, 118.886169434, 119.501495361, 120.116821289, 120.732154846, 121.347480774, 121.951202393, 122.554916382, 123.170249939, 123.785575867, 124.400901794, 125.016235352, 125.631561279, 126.246894836, 126.850608826, 127.465942383, 128.081268311, 128.696594238, 129.300308228, 129.915649414, 130.519363403, 131.134689331, 131.73840332, 132.353744507, 132.969070435, 133.584396362, 134.19972229, 134.815048218, 135.430389404, 136.045715332, 136.649429321, 137.253143311, 137.868484497, 138.483810425, 139.087524414, 139.702850342, 140.31817627, 140.921905518, 141.537231445, 142.152557373, 142.767883301, 143.383224487, 143.986938477, 144.602264404, 145.217590332, 145.83291626, 146.448257446, 147.051971436, 147.667297363, 148.282623291, 148.897949219, 149.501678467, 150.117004395, 150.720718384, 151.336044312, 151.951385498, 152.566711426, 153.182037354, 153.797363281, 154.401092529, 155.016418457, 155.620132446, 156.235458374, 156.850784302, 157.45451355, 158.058227539, 158.673553467, 159.288879395, 159.904220581, 160.50793457, 161.123260498, 161.738586426, 162.353912354, 162.957641602, 163.572967529, 164.188293457, 164.803619385, 165.418960571, 166.022674561, 166.638000488, 167.241714478, 167.857055664, 168.472381592, 169.08770752, 169.703033447, 170.318359375, 170.933700562, 171.549026489, 172.152740479, 172.768066406, 173.383392334, 173.987121582, 174.60244751, 175.217773438, 175.821487427, 176.436828613, 177.052154541, 177.667480469, 178.282806396, 178.898132324, 179.513473511, 180.1171875, 180.744125366, 181.382675171, 182.021224976, 182.65977478, 183.298324585, 183.925262451, 184.540588379, 185.167526245, 185.782852173, 186.433013916, 187.083175659, 187.733337402, 188.360275269, 188.987213135, 189.602539063, 190.21786499, 190.833190918, 191.448516846, 192.052246094, 192.655960083, 193.271286011, 193.886611938, 194.501953125, 195.117279053, 195.720993042, 196.33631897, 196.940048218, 197.555374146, 198.170700073, 198.786026001, 199.401351929, 200.016693115, 200.620407104, 201.235733032, 201.85105896, 202.477996826, 203.104934692, 203.789932251, 204.474914551, 205.07862854, 205.67074585, 206.2628479, 206.85496521, 207.458679199, 208.050796509, 208.64289856, 209.246612549, 209.838729858, 210.430831909, 211.034561157, 211.626663208, 212.218765259, 212.810882568, 213.391372681, 213.971878052, 214.552383423, 215.144485474, 215.748199463, 216.340316772, 216.932418823, 217.524536133]
