
metadata:
    version:
        essentia: "2.1-beta2"
    audio_properties:
        analysis_sample_rate: 44100
        bitrate: 228
        channels: 2
        equal_loudness: 1
        length: 215.039993286
        replay_gain: -15.4564418793
        downmix: "mix"
    tags:
        album: "Anachromie"
        artist: "Kells"
        comment: ""
        date: "2012"
        genre: "Gothic Metal"
        title: "Furytale (English version of \"Se Taire\")"
        tracknumber: "14"

configuration:
    average_loudness:
        compute: 1
        frameSize: 88200
        hopSize: 44100
        silentFrames: "noise"
        windowType: "hann"
    general:
        analysisSampleRate: 44100
        endTime: 2000
        equalLoudness: 1
        nequalLoudness: 0
        shortSound: 0
        startTime: 0
    lowlevel:
        compute: 1
        frameSize: 2048
        hopSize: 1024
        zeroPadding: 0
        silentFrames: "noise"
        windowType: "blackmanharris62"
        mfccStats: ["mean", "cov", "icov"]
        stats: ["mean", "var", "median", "min", "max", "dmean", "dmean2", "dvar", "dvar2"]
    panning:
        compute: 0
        frameSize: 8192
        hopSize: 2048
        zeroPadding: 8192
        silentFrames: "noise"
        windowType: "hann"
        stats: ["copy"]
    rhythm:
        compute: 1
        maxTempo: 208
        minTempo: 40
        method: "degara"
        stats: ["mean", "var", "median", "min", "max", "dmean", "dmean2", "dvar", "dvar2"]
    segmentation:
        compute: 0
        cpw: 5
        inc1: 300
        inc2: 50
        minimumSegmentsLength: 10
        size1: 1000
        size2: 600
    sfx:
        compute: 1
        stats: ["mean", "var", "median", "min", "max", "dmean", "dmean2", "dvar", "dvar2"]
    svm:
        compute: 0
    tonal:
        compute: 1
        frameSize: 4096
        hopSize: 2048
        zeroPadding: 0
        silentFrames: "noise"
        windowType: "blackmanharris62"
        stats: ["mean", "var", "median", "min", "max", "dmean", "dmean2", "dvar", "dvar2"]

lowlevel:
    average_loudness: 0.90505284071
    barkbands_kurtosis:
        dmean: 1.03066039085
        dmean2: 1.52788174152
        dvar: 125.654098511
        dvar2: 170.803894043
        max: 1162.82836914
        mean: 0.2111017555
        median: -1.02043533325
        min: -1.80881655216
        var: 333.339996338
    barkbands_skewness:
        dmean: 0.35390534997
        dmean2: 0.553002536297
        dvar: 0.226989597082
        dvar2: 0.462780535221
        max: 31.5130119324
        mean: 0.20986327529
        median: 0.0562041774392
        min: -2.53072929382
        var: 1.14649236202
    barkbands_spread:
        dmean: 4.80207633972
        dmean2: 7.64402246475
        dvar: 22.8897514343
        dvar2: 57.2207221985
        max: 111.901252747
        mean: 30.5034713745
        median: 31.4482097626
        min: 0.152592182159
        var: 97.034614563
    dissonance:
        dmean: 0.0155183849856
        dmean2: 0.0262864399701
        dvar: 0.000273511832347
        dvar2: 0.000728323298972
        max: 0.500000059605
        mean: 0.474455267191
        median: 0.481659293175
        min: 0.226592108607
        var: 0.000579864368774
    hfc:
        dmean: 1.89713525772
        dmean2: 2.98932623863
        dvar: 5.86085510254
        dvar2: 13.9247846603
        max: 37.4416885376
        mean: 7.79152393341
        median: 7.03095340729
        min: 1.0704974441e-016
        var: 25.1926517487
    pitch:
        dmean: 721.331420898
        dmean2: 1386.52355957
        dvar: 1440843.625
        dvar2: 3579433.25
        max: 5287.27197266
        mean: 1294.06628418
        median: 416.445983887
        min: 58.89295578
        var: 2079417.125
    pitch_instantaneous_confidence:
        dmean: 0.0831350162625
        dmean2: 0.133302927017
        dvar: 0.00592466024682
        dvar2: 0.0137028424069
        max: 0.968899250031
        mean: 0.403412491083
        median: 0.358018130064
        min: 0.0941199064255
        var: 0.0294346027076
    pitch_salience:
        dmean: 0.0584885179996
        dmean2: 0.0948239266872
        dvar: 0.00290592527017
        dvar2: 0.00748970499262
        max: 0.866508305073
        mean: 0.634080588818
        median: 0.664885520935
        min: 0.0375372543931
        var: 0.0142741966993
    silence_rate_20dB:
        dmean: 0
        dmean2: 0
        dvar: 0
        dvar2: 0
        max: 1
        mean: 1
        median: 1
        min: 1
        var: 0
    silence_rate_30dB:
        dmean: 0
        dmean2: 0
        dvar: 0
        dvar2: 0
        max: 1
        mean: 1
        median: 1
        min: 1
        var: 0
    silence_rate_60dB:
        dmean: 0.0956700146198
        dmean2: 0.19136069715
        dvar: 0.0865191966295
        dvar2: 0.189085260034
        max: 1
        mean: 0.257179886103
        median: 0
        min: 0
        var: 0.191046267748
    spectral_centroid:
        dmean: 232.719711304
        dmean2: 365.355072021
        dvar: 68361.0390625
        dvar2: 142709.3125
        max: 11565.9726563
        mean: 1613.95178223
        median: 1564.6171875
        min: 76.7578430176
        var: 961324.9375
    spectral_complexity:
        dmean: 3.82442498207
        dmean2: 6.21598291397
        dvar: 16.0087833405
        dvar2: 40.0936851501
        max: 44
        mean: 15.1104516983
        median: 15
        min: 0
        var: 60.3015213013
    spectral_crest:
        dmean: 2.06062936783
        dmean2: 3.39450478554
        dvar: 4.18478393555
        dvar2: 10.8541021347
        max: 26.9109706879
        mean: 7.84823465347
        median: 6.53965377808
        min: 2.4730784893
        var: 16.4670734406
    spectral_decrease:
        dmean: 2.76420053513e-010
        dmean2: 4.49238618527e-010
        dvar: 1.49938842036e-019
        dvar2: 3.96708118661e-019
        max: 1.88359114308e-028
        mean: -1.1113538978e-009
        median: -1.02630393073e-009
        min: -4.63305083187e-009
        var: 3.60256543812e-019
    spectral_energy:
        dmean: 0.00118308432866
        dmean2: 0.00191412842833
        dvar: 2.66991810349e-006
        dvar2: 6.98810708855e-006
        max: 0.0199036765844
        mean: 0.00490121776238
        median: 0.00451928563416
        min: 9.81956041023e-021
        var: 7.06515811544e-006
    spectral_energyband_high:
        dmean: 0.000132175628096
        dmean2: 0.000221535243327
        dvar: 3.49014150913e-008
        dvar2: 8.89592257636e-008
        max: 0.00372025556862
        mean: 0.000311163021252
        median: 0.000255946186371
        min: 7.20136575043e-021
        var: 7.16315895488e-008
    spectral_energyband_low:
        dmean: 0.000190672464669
        dmean2: 0.000326321431203
        dvar: 6.38674677589e-008
        dvar2: 1.81886704809e-007
        max: 0.00294405268505
        mean: 0.000344159721863
        median: 0.000294215744361
        min: 1.826329747e-023
        var: 6.73846258792e-008
    spectral_energyband_middle_high:
        dmean: 0.000649798545055
        dmean2: 0.000985856517218
        dvar: 6.20546700247e-007
        dvar2: 1.36145979468e-006
        max: 0.0123588135466
        mean: 0.00276134442538
        median: 0.00213402230293
        min: 1.16567974151e-021
        var: 4.21834420195e-006
    spectral_energyband_middle_low:
        dmean: 0.000734154309612
        dmean2: 0.00123166572303
        dvar: 1.35146740377e-006
        dvar2: 3.67223424291e-006
        max: 0.0122924251482
        mean: 0.00168876559474
        median: 0.00133858376648
        min: 1.74724019347e-022
        var: 1.73136140802e-006
    spectral_flatness_db:
        dmean: 0.0143072111532
        dmean2: 0.0224387887865
        dvar: 0.000203705945751
        dvar2: 0.000460514507722
        max: 0.47333547473
        mean: 0.142777517438
        median: 0.137081325054
        min: 0.0409424826503
        var: 0.00135323940776
    spectral_flux:
        dmean: 0.00860609859228
        dmean2: 0.0133764185011
        dvar: 0.000100703291537
        dvar2: 0.000208196070162
        max: 0.123994864523
        mean: 0.0403633527458
        median: 0.0377027764916
        min: 6.35589775255e-011
        var: 0.000309919472784
    spectral_kurtosis:
        dmean: 1.13379430771
        dmean2: 1.9578871727
        dvar: 1.73205816746
        dvar2: 5.03145074844
        max: 38.5736961365
        mean: 3.9733247757
        median: 3.60249710083
        min: -1.27969014645
        var: 5.51107263565
    spectral_rms:
        dmean: 0.000252832804108
        dmean2: 0.000400990829803
        dvar: 9.48657969957e-008
        dvar2: 2.38465162283e-007
        max: 0.00440661096945
        mean: 0.00208527804352
        median: 0.00209977594204
        min: 3.0951669179e-012
        var: 4.33300641589e-007
    spectral_rolloff:
        dmean: 376.172943115
        dmean2: 616.963562012
        dvar: 283859.65625
        dvar2: 610898.4375
        max: 19638.28125
        mean: 3153.30834961
        median: 3294.58007813
        min: 86.1328125
        var: 2773691.5
    spectral_skewness:
        dmean: 0.157991498709
        dmean2: 0.261482059956
        dvar: 0.0244368314743
        dvar2: 0.0630320608616
        max: 5.05433654785
        mean: 1.40630495548
        median: 1.35679042339
        min: -0.387509137392
        var: 0.150451809168
    spectral_spread:
        dmean: 441609.9375
        dmean2: 658133.0625
        dvar: 592738058240
        dvar2: 1.07507823411e+012
        max: 46920264
        mean: 4600184
        median: 4116192
        min: 1673469.25
        var: 1.21122387395e+013
    spectral_strongpeak:
        dmean: 0.386302888393
        dmean2: 0.648090779781
        dvar: 0.411227315664
        dvar2: 1.04838132858
        max: 9.95212459564
        mean: 0.856995820999
        median: 0.376791894436
        min: 0
        var: 1.05621564388
    zerocrossingrate:
        dmean: 0.00757861416787
        dmean2: 0.00922087021172
        dvar: 7.61501214583e-005
        dvar2: 9.7567703051e-005
        max: 0.5283203125
        mean: 0.0911046788096
        median: 0.08935546875
        min: 0.00244140625
        var: 0.00190140132327
    barkbands:
        dmean: [8.02338661288e-007, 5.72618118895e-005, 9.51985857682e-005, 0.000200545066036, 0.000408814667026, 0.000145261685248, 0.000113812267955, 6.96830975357e-005, 0.000117892195703, 0.00018264465325, 0.000124341560877, 0.000133953712066, 5.89587652939e-005, 9.13005787879e-005, 7.38593298593e-005, 0.00011783438822, 0.000121260680316, 0.000150158361066, 0.000197347821086, 0.000138267874718, 5.49141950614e-005, 1.06804727693e-005, 2.75847537523e-006, 1.47985269905e-006, 8.33038768633e-007, 3.32369864964e-008, 3.31733196468e-010]
        dmean2: [1.30224418626e-006, 0.00010117070633, 0.00016121599765, 0.000338760990417, 0.000720505078789, 0.000235507657635, 0.000189684913494, 0.000114547496196, 0.000187388475752, 0.000280013075098, 0.000195259286556, 0.000205719159567, 9.65529834502e-005, 0.00014619412832, 0.000120792981761, 0.000190131278941, 0.000197797329747, 0.000249429285759, 0.000321945233736, 0.000218929126277, 9.46731306612e-005, 1.83980610018e-005, 4.70888016935e-006, 2.38095049099e-006, 1.31316528496e-006, 5.34649942097e-008, 5.67425328946e-010]
        dvar: [1.22375286987e-012, 7.64697549727e-009, 1.66057301243e-008, 6.86838461661e-008, 8.02357590146e-007, 4.54303865638e-008, 4.94009881891e-008, 2.9541400437e-008, 4.65827447726e-008, 1.44055391615e-007, 1.0342664325e-007, 1.10365760975e-007, 2.25053735647e-008, 4.09801437229e-008, 3.23164854876e-008, 4.8767379468e-008, 4.2291571134e-008, 4.67264129611e-008, 6.38276418385e-008, 4.10055349676e-008, 5.9876468228e-009, 2.42705494591e-010, 5.98314175981e-011, 3.28244827152e-011, 1.85247771983e-011, 1.82678748701e-014, 4.07463508726e-019]
        dvar2: [3.09529030011e-012, 2.15674251791e-008, 4.74000749762e-008, 1.87077077385e-007, 2.2714982606e-006, 1.07441536557e-007, 1.19059279768e-007, 7.32103302425e-008, 1.00344571763e-007, 3.13989886536e-007, 2.09948780139e-007, 2.25211593374e-007, 5.49735261757e-008, 9.33281398829e-008, 7.95822714394e-008, 1.07549141148e-007, 9.97758320409e-008, 1.22014000681e-007, 1.5753767002e-007, 8.43706970954e-008, 1.61887427907e-008, 6.50180909112e-010, 1.45280704134e-010, 7.44247580231e-011, 4.49665790714e-011, 4.06574493311e-014, 9.78359450026e-019]
        max: [1.16048340715e-005, 0.000742092321161, 0.00173298968002, 0.00305104395375, 0.00920719280839, 0.00765553675592, 0.00440752506256, 0.0041400580667, 0.00475255446509, 0.00799177680165, 0.00624406896532, 0.00743478536606, 0.00287431804463, 0.00401160679758, 0.00513620395213, 0.0053330687806, 0.00471756001934, 0.00435399869457, 0.00603010132909, 0.00596912531182, 0.0013675809605, 0.000234372448176, 0.000323988992022, 0.000264010101091, 0.00015028922644, 3.9600627133e-006, 2.28553957982e-008]
        mean: [1.06570712433e-006, 7.90335107013e-005, 0.000148987644934, 0.000276770297205, 0.000496344349813, 0.00026716987486, 0.00017806867254, 0.00010208968888, 0.000208166951779, 0.000416381313698, 0.000293865043204, 0.000346794695361, 9.48720844463e-005, 0.000157083035447, 0.000121678785945, 0.000214873303776, 0.00024674841552, 0.00030894606607, 0.00046925470815, 0.000330064271111, 0.000112860077934, 2.11657588807e-005, 4.73825821246e-006, 2.87426519208e-006, 1.2847731341e-006, 4.92266387653e-008, 4.33773156283e-010]
        median: [6.24288929885e-007, 6.05847308179e-005, 0.000121846722323, 0.000188884674571, 0.000296477461234, 0.000163869233802, 8.74666584423e-005, 5.38201929885e-005, 0.000115902636026, 9.7342999652e-005, 5.44355207239e-005, 6.84381011524e-005, 3.11220792355e-005, 5.28547607246e-005, 5.84868939768e-005, 0.000126463768538, 0.00017059390666, 0.000238822962274, 0.000406544044381, 0.000235825020354, 9.49960376602e-005, 1.78255595529e-005, 3.35170375365e-006, 1.88055548733e-006, 6.24500444246e-007, 1.79048669224e-008, 1.80924497606e-010]
        min: [2.64783061034e-025, 3.29008561133e-024, 9.35930413149e-025, 1.03880201671e-024, 5.92453906356e-024, 9.10077981892e-024, 3.63009767768e-024, 6.74762588245e-024, 1.67103490474e-023, 1.88446737577e-023, 1.67366433591e-023, 1.79814232691e-023, 3.10394962089e-023, 3.47005618047e-023, 4.6595293679e-023, 5.50720900439e-023, 5.92508061657e-023, 1.06415720527e-022, 1.61912615324e-022, 1.72196572116e-022, 2.7045822243e-022, 2.80503009217e-022, 4.12173057707e-022, 5.42893469128e-022, 7.75209294914e-022, 1.30492719658e-021, 1.78429098333e-021]
        var: [1.5884913827e-012, 6.61184529349e-009, 1.69825806751e-008, 8.69012382054e-008, 5.68555549307e-007, 1.3120823894e-007, 1.0233345904e-007, 3.63107695023e-008, 1.16094447833e-007, 7.46183673073e-007, 5.89031287745e-007, 7.98884627784e-007, 4.97399561539e-008, 8.90777656082e-008, 4.88306248769e-008, 1.29450071995e-007, 9.97304852035e-008, 8.82066615304e-008, 1.60700935226e-007, 1.46170975768e-007, 8.45764436264e-009, 3.3145119982e-010, 7.5722206283e-011, 3.60295751567e-011, 1.86195728974e-011, 2.49861065269e-014, 6.51408764891e-019]
    frequency_bands:
        dmean: [8.02338661288e-007, 5.72618118895e-005, 9.51985857682e-005, 0.000200545066036, 0.000408814667026, 0.000145261685248, 0.000113812267955, 6.96830975357e-005, 0.000117892195703, 0.00018264465325, 0.000124341560877, 0.000133953712066, 5.89587652939e-005, 9.13005787879e-005, 7.38593298593e-005, 0.00011783438822, 0.000121260680316, 0.000150158361066, 0.000197347821086, 0.000138267874718, 5.49141950614e-005, 1.06804727693e-005, 2.75847537523e-006, 1.47985269905e-006, 8.33038768633e-007, 3.32369864964e-008, 3.31733196468e-010, 5.92617413475e-011]
        dmean2: [1.30224418626e-006, 0.00010117070633, 0.00016121599765, 0.000338760990417, 0.000720505078789, 0.000235507657635, 0.000189684913494, 0.000114547496196, 0.000187388475752, 0.000280013075098, 0.000195259286556, 0.000205719159567, 9.65529834502e-005, 0.00014619412832, 0.000120792981761, 0.000190131278941, 0.000197797329747, 0.000249429285759, 0.000321945233736, 0.000218929126277, 9.46731306612e-005, 1.83980610018e-005, 4.70888016935e-006, 2.38095049099e-006, 1.31316528496e-006, 5.34649942097e-008, 5.67425328946e-010, 1.10860910729e-010]
        dvar: [1.22375286987e-012, 7.64697549727e-009, 1.66057301243e-008, 6.86838461661e-008, 8.02357590146e-007, 4.54303865638e-008, 4.94009881891e-008, 2.9541400437e-008, 4.65827447726e-008, 1.44055391615e-007, 1.0342664325e-007, 1.10365760975e-007, 2.25053735647e-008, 4.09801437229e-008, 3.23164854876e-008, 4.8767379468e-008, 4.2291571134e-008, 4.67264129611e-008, 6.38276418385e-008, 4.10055349676e-008, 5.9876468228e-009, 2.42705494591e-010, 5.98314175981e-011, 3.28244827152e-011, 1.85247771983e-011, 1.82678748701e-014, 4.07463508726e-019, 7.08059011086e-021]
        dvar2: [3.09529030011e-012, 2.15674251791e-008, 4.74000749762e-008, 1.87077077385e-007, 2.2714982606e-006, 1.07441536557e-007, 1.19059279768e-007, 7.32103302425e-008, 1.00344571763e-007, 3.13989886536e-007, 2.09948780139e-007, 2.25211593374e-007, 5.49735261757e-008, 9.33281398829e-008, 7.95822714394e-008, 1.07549141148e-007, 9.97758320409e-008, 1.22014000681e-007, 1.5753767002e-007, 8.43706970954e-008, 1.61887427907e-008, 6.50180909112e-010, 1.45280704134e-010, 7.44247580231e-011, 4.49665790714e-011, 4.06574493311e-014, 9.78359450026e-019, 2.29313610507e-020]
        max: [1.16048340715e-005, 0.000742092321161, 0.00173298968002, 0.00305104395375, 0.00920719280839, 0.00765553675592, 0.00440752506256, 0.0041400580667, 0.00475255446509, 0.00799177680165, 0.00624406896532, 0.00743478536606, 0.00287431804463, 0.00401160679758, 0.00513620395213, 0.0053330687806, 0.00471756001934, 0.00435399869457, 0.00603010132909, 0.00596912531182, 0.0013675809605, 0.000234372448176, 0.000323988992022, 0.000264010101091, 0.00015028922644, 3.9600627133e-006, 2.28553957982e-008, 9.17163012204e-010]
        mean: [1.06570712433e-006, 7.90335107013e-005, 0.000148987644934, 0.000276770297205, 0.000496344349813, 0.00026716987486, 0.00017806867254, 0.00010208968888, 0.000208166951779, 0.000416381313698, 0.000293865043204, 0.000346794695361, 9.48720844463e-005, 0.000157083035447, 0.000121678785945, 0.000214873303776, 0.00024674841552, 0.00030894606607, 0.00046925470815, 0.000330064271111, 0.000112860077934, 2.11657588807e-005, 4.73825821246e-006, 2.87426519208e-006, 1.2847731341e-006, 4.92266387653e-008, 4.33773156283e-010, 4.48725778757e-011]
        median: [6.24288929885e-007, 6.05847308179e-005, 0.000121846722323, 0.000188884674571, 0.000296477461234, 0.000163869233802, 8.74666584423e-005, 5.38201929885e-005, 0.000115902636026, 9.7342999652e-005, 5.44355207239e-005, 6.84381011524e-005, 3.11220792355e-005, 5.28547607246e-005, 5.84868939768e-005, 0.000126463768538, 0.00017059390666, 0.000238822962274, 0.000406544044381, 0.000235825020354, 9.49960376602e-005, 1.78255595529e-005, 3.35170375365e-006, 1.88055548733e-006, 6.24500444246e-007, 1.79048669224e-008, 1.80924497606e-010, 1.62459039277e-011]
        min: [2.64783061034e-025, 3.29008561133e-024, 9.35930413149e-025, 1.03880201671e-024, 5.92453906356e-024, 9.10077981892e-024, 3.63009767768e-024, 6.74762588245e-024, 1.67103490474e-023, 1.88446737577e-023, 1.67366433591e-023, 1.79814232691e-023, 3.10394962089e-023, 3.47005618047e-023, 4.6595293679e-023, 5.50720900439e-023, 5.92508061657e-023, 1.06415720527e-022, 1.61912615324e-022, 1.72196572116e-022, 2.7045822243e-022, 2.80503009217e-022, 4.12173057707e-022, 5.42893469128e-022, 7.75209294914e-022, 1.30492719658e-021, 1.78429098333e-021, 5.00591945356e-022]
        var: [1.5884913827e-012, 6.61184529349e-009, 1.69825806751e-008, 8.69012382054e-008, 5.68555549307e-007, 1.3120823894e-007, 1.0233345904e-007, 3.63107695023e-008, 1.16094447833e-007, 7.46183673073e-007, 5.89031287745e-007, 7.98884627784e-007, 4.97399561539e-008, 8.90777656082e-008, 4.88306248769e-008, 1.29450071995e-007, 9.97304852035e-008, 8.82066615304e-008, 1.60700935226e-007, 1.46170975768e-007, 8.45764436264e-009, 3.3145119982e-010, 7.5722206283e-011, 3.60295751567e-011, 1.86195728974e-011, 2.49861065269e-014, 6.51408764891e-019, 5.55691736408e-021]
    mfcc:
        mean: [-709.655639648, 112.314651489, -49.7715606689, 52.6794662476, -13.7062492371, -9.24045085907, 5.97404527664, -1.26769053936, -1.5871309042, -5.16215515137, -10.8393507004, -6.37572288513, -5.97490310669]
        cov: [[5681.25048828, 635.843444824, -852.364746094, 462.332092285, -220.209732056, 32.385433197, 108.444458008, 30.8375244141, -57.785949707, -51.5261688232, -121.707778931, -70.3331680298, -67.422088623], [635.843444824, 535.55279541, -168.16595459, 134.909805298, -24.689289093, -48.5030479431, 22.0773906708, -21.0931282043, -2.3318002224, -16.4685707092, -15.4198265076, -24.022726059, -14.1976127625], [-852.364746094, -168.16595459, 399.754119873, -44.182056427, 61.0411949158, 15.7296409607, -37.6071777344, 17.9438400269, 10.342420578, 3.56407833099, 26.8638114929, 9.35381793976, -5.83509588242], [462.332092285, 134.909805298, -44.182056427, 249.171310425, -17.9602413177, -36.3950958252, -35.5427207947, 23.3347911835, 30.3722190857, -6.34231901169, 0.882328987122, 6.66989946365, 8.17353153229], [-220.209732056, -24.689289093, 61.0411949158, -17.9602413177, 124.988121033, 36.8597335815, 29.4008979797, -6.18940210342, -7.47595071793, 0.989993751049, 6.46171426773, 22.4209518433, 20.9586658478], [32.385433197, -48.5030479431, 15.7296409607, -36.3950958252, 36.8597335815, 156.076431274, 76.2074661255, 24.9339599609, -20.3895149231, -5.83480644226, 6.03903770447, 2.01116991043, 2.11663484573], [108.444458008, 22.0773906708, -37.6071777344, -35.5427207947, 29.4008979797, 76.2074661255, 120.506126404, 32.3665618896, -9.42530441284, -2.67113184929, -4.86014413834, 4.84216690063, 6.34015989304], [30.8375244141, -21.0931282043, 17.9438400269, 23.3347911835, -6.18940210342, 24.9339599609, 32.3665618896, 92.3774261475, 32.6037521362, 2.858751297, -4.04625749588, -2.74860095978, 5.84665584564], [-57.785949707, -2.3318002224, 10.342420578, 30.3722190857, -7.47595071793, -20.3895149231, -9.42530441284, 32.6037521362, 77.5135574341, 31.2093448639, 6.33030176163, -13.5578937531, -4.40865468979], [-51.5261688232, -16.4685707092, 3.56407833099, -6.34231901169, 0.989993751049, -5.83480644226, -2.67113184929, 2.858751297, 31.2093448639, 82.6161956787, 28.6965770721, -10.2361402512, -14.1509723663], [-121.707778931, -15.4198265076, 26.8638114929, 0.882328987122, 6.46171426773, 6.03903770447, -4.86014413834, -4.04625749588, 6.33030176163, 28.6965770721, 69.6563720703, 21.1695747375, -0.415324926376], [-70.3331680298, -24.022726059, 9.35381793976, 6.66989946365, 22.4209518433, 2.01116991043, 4.84216690063, -2.74860095978, -13.5578937531, -10.2361402512, 21.1695747375, 72.3801193237, 38.6464614868], [-67.422088623, -14.1976127625, -5.83509588242, 8.17353153229, 20.9586658478, 2.11663484573, 6.34015989304, 5.84665584564, -4.40865468979, -14.1509723663, -0.415324926376, 38.6464614868, 66.2409210205]]
        icov: [[0.000354299787432, -6.81964957039e-005, 0.000585975707509, -0.000615726225078, 0.000278238818282, -0.000225842741202, -0.000169640523382, -0.000124724581838, 0.000456899200799, -0.000122941215523, 0.000392191257561, -6.52781163808e-005, 0.000464709679363], [-6.81964957039e-005, 0.00283338362351, 0.000641801045276, -0.00153262889944, -0.000235463987337, 0.00129439402372, -0.00183239416219, 0.00111960736103, 0.000170279367012, 0.000716367387213, -0.000566200178582, 0.0012643650407, 0.000316388468491], [0.000585975707509, 0.000641801045276, 0.00455931248143, -0.000524332048371, -0.00174401677214, -0.00060633989051, 0.00184256688226, -0.00177992251702, 0.000575845479034, 0.000699586060364, -0.000664189166855, -3.60284429917e-005, 0.00195686519146], [-0.000615726225078, -0.00153262889944, -0.000524332048371, 0.00692275585607, -0.000749995408114, -4.14607275161e-005, 0.00340164755471, -0.00218717730604, -0.00250709871762, 0.00099291477818, -0.000903966196347, -0.00131612014957, -0.000942061829846], [0.000278238818282, -0.000235463987337, -0.00174401677214, -0.000749995408114, 0.0113205024973, -0.00183027994353, -0.0032112991903, 0.00310779735446, -0.00043197334162, -0.00130277441349, 0.00134415656794, -0.00197998294607, -0.00246208813041], [-0.000225842741202, 0.00129439402372, -0.00060633989051, -4.14607275161e-005, -0.00183027994353, 0.0111774252728, -0.00642240513116, -0.0014503384009, 0.00281413132325, 0.000897679652553, -0.00254294858314, 0.00234217522666, -3.94259950554e-005], [-0.000169640523382, -0.00183239416219, 0.00184256688226, 0.00340164755471, -0.0032112991903, -0.00642240513116, 0.0170820709318, -0.00638142228127, 0.000922203878872, -0.00084372056881, 0.00109751394484, -0.00201132893562, 0.000388175132684], [-0.000124724581838, 0.00111960736103, -0.00177992251702, -0.00218717730604, 0.00310779735446, -0.0014503384009, -0.00638142228127, 0.0178512483835, -0.00805510114878, 0.00138756108936, 0.00122795801144, 0.000306752161123, -0.0020866333507], [0.000456899200799, 0.000170279367012, 0.000575845479034, -0.00250709871762, -0.00043197334162, 0.00281413132325, 0.000922203878872, -0.00805510114878, 0.0219318605959, -0.0072770784609, -0.000155368703417, 0.00392644759268, -0.000855594524182], [-0.000122941215523, 0.000716367387213, 0.000699586060364, 0.00099291477818, -0.00130277441349, 0.000897679652553, -0.00084372056881, 0.00138756108936, -0.0072770784609, 0.0185061097145, -0.00813766662031, 0.00300380447879, 0.00197491981089], [0.000392191257561, -0.000566200178582, -0.000664189166855, -0.000903966196347, 0.00134415656794, -0.00254294858314, 0.00109751394484, 0.00122795801144, -0.000155368703417, -0.00813766662031, 0.0217110794038, -0.0095253540203, 0.00371805019677], [-6.52781163808e-005, 0.0012643650407, -3.60284429917e-005, -0.00131612014957, -0.00197998294607, 0.00234217522666, -0.00201132893562, 0.000306752161123, 0.00392644759268, 0.00300380447879, -0.0095253540203, 0.0260155629367, -0.0132539318874], [0.000464709679363, 0.000316388468491, 0.00195686519146, -0.000942061829846, -0.00246208813041, -3.94259950554e-005, 0.000388175132684, -0.0020866333507, -0.000855594524182, 0.00197491981089, 0.00371805019677, -0.0132539318874, 0.0249740369618]]
    sccoeffs:
        dmean: [0.0569196082652, 0.0471927374601, 0.0395922698081, 0.0297854393721, 0.0192557610571, 0.0169812943786]
        dmean2: [0.095129609108, 0.0784418657422, 0.0642647072673, 0.0491557605565, 0.0318961292505, 0.0276333782822]
        dvar: [0.0023551566992, 0.00145415007137, 0.00107648898847, 0.000640726124402, 0.000262462388491, 0.000231312340475]
        dvar2: [0.0063465796411, 0.00395849300548, 0.00263586640358, 0.00159295985941, 0.000651851994917, 0.000578661623877]
        max: [-0.287717938423, -0.377617686987, -0.437639027834, -0.517130672932, -0.558044850826, -0.547048985958]
        mean: [-0.683107376099, -0.763989984989, -0.753251850605, -0.794632315636, -0.804185569286, -0.762707173824]
        median: [-0.684937357903, -0.771108984947, -0.771175026894, -0.802753686905, -0.807064771652, -0.758922696114]
        min: [-0.983280181885, -0.975712478161, -0.976612746716, -0.970346570015, -0.966294109821, -0.965678036213]
        var: [0.00519898161292, 0.0048888605088, 0.00728846155107, 0.00290254340507, 0.0013088301057, 0.00170111830812]
    scvalleys:
        dmean: [0.37940376997, 0.364487826824, 0.30512791872, 0.283389806747, 0.225970029831, 0.248103260994]
        dmean2: [0.627663254738, 0.601460874081, 0.494788467884, 0.449610680342, 0.353109866381, 0.388055771589]
        dvar: [0.120944075286, 0.12775939703, 0.096544355154, 0.10067243129, 0.0875402018428, 0.118298947811]
        dvar2: [0.266787141562, 0.266498714685, 0.177871823311, 0.189566925168, 0.147416219115, 0.236094683409]
        max: [-4.92235040665, -4.82495307922, -4.99605941772, -5.30352640152, -5.72290468216, -7.58711862564]
        mean: [-6.77579498291, -6.69070625305, -6.95235300064, -7.33827495575, -7.05245876312, -9.9646024704]
        median: [-6.47659063339, -6.41696166992, -6.66061925888, -7.07517242432, -6.66003131866, -9.65663337708]
        min: [-27.9671096802, -27.8484973907, -27.8077468872, -27.6233863831, -27.5332279205, -27.4216079712]
        var: [4.14332532883, 4.15668964386, 4.10879707336, 4.11350822449, 4.27222537994, 3.35920786858]

rhythm:
    beats_loudness:
        dmean: 0.00170088990126
        dmean2: 0.0029296844732
        dvar: 1.89353136193e-006
        dvar2: 5.53404788661e-006
        max: 0.0123008098453
        mean: 0.00540529191494
        median: 0.0053308387287
        min: 0
        var: 5.10344398208e-006
    bpm: 156.204315186
    bpm_confidence: 0
    first_peak_bpm: 157
    first_peak_spread: 0.303191542625
    first_peak_weight: 0.521912336349
    onset_rate: 3.05059552193
    second_peak_bpm: 80
    second_peak_spread: 0.472727268934
    second_peak_weight: 0.0577689260244
    beats_loudness_band_ratio:
        dmean: [0.0861779227853, 0.124412834644, 0.093001306057, 0.139122754335, 0.0924307405949, 0.0863969624043]
        dmean2: [0.148224562407, 0.224095717072, 0.165147945285, 0.246872574091, 0.164835855365, 0.14902639389]
        dvar: [0.00602759094909, 0.012373236008, 0.00957419350743, 0.021980535239, 0.00630386546254, 0.0048717064783]
        dvar2: [0.015538463369, 0.0400577299297, 0.0270918160677, 0.0602645501494, 0.0179922636598, 0.0152622433379]
        max: [0.982736229897, 0.778747022152, 0.633941709995, 0.721493780613, 0.562006831169, 0.570801615715]
        mean: [0.160948291421, 0.160402700305, 0.146394476295, 0.199423134327, 0.215900361538, 0.183431506157]
        median: [0.128203809261, 0.124740540981, 0.117161668837, 0.108714058995, 0.203275173903, 0.17251457274]
        min: [0, 0, 0, 0, 0, 0]
        var: [0.0155474534258, 0.0149429598823, 0.0134391468018, 0.0310591142625, 0.00907517131418, 0.00746607687324]
    beats_position: [0.383129239082, 0.777868449688, 1.16099774837, 1.53251695633, 1.91564619541, 2.29877543449, 2.68190479279, 3.06503391266, 3.43655323982, 3.8196823597, 4.20281171799, 4.58594083786, 4.95746040344, 5.34058952332, 5.72371864319, 6.10684776306, 6.48997735977, 6.87310647964, 7.24462556839, 7.6277551651, 8.01088428497, 8.39401340485, 8.76553249359, 9.14866161346, 9.52018165588, 9.89170074463, 10.2748298645, 10.6463489532, 11.0294780731, 11.4009971619, 11.7841272354, 12.1672563553, 12.5503854752, 12.933514595, 13.3166437149, 13.6997728348, 14.0829019547, 14.4544210434, 14.8375511169, 15.2090702057, 15.5921993256, 15.9753284454, 16.3468475342, 16.7299766541, 17.1131057739, 17.4846248627, 17.8677539825, 18.2508831024, 18.6340141296, 19.0171432495, 19.3886623383, 19.760181427, 20.1433105469, 20.5264396667, 20.9095687866, 21.2926979065, 21.6642169952, 22.035736084, 22.4188652039, 22.8019943237, 23.1851234436, 23.5682544708, 23.9513835907, 24.3345127106, 24.7060317993, 25.0775508881, 25.4722900391, 25.8438091278, 26.2269382477, 26.6100673676, 26.9815864563, 27.353105545, 27.7362346649, 28.1193637848, 28.5141029358, 28.8856239319, 29.2571430206, 29.6286621094, 30.0117912292, 30.3949203491, 30.778049469, 31.1611785889, 31.5326976776, 31.9158267975, 32.2989578247, 32.6704750061, 33.053604126, 33.4367332458, 33.8082542419, 34.1913833618, 34.5745124817, 34.9460296631, 35.329158783, 35.7122879028, 36.0954170227, 36.4785499573, 36.8616790771, 37.244808197, 37.6163253784, 37.9994544983, 38.3825836182, 38.7541046143, 39.1372337341, 39.520362854, 39.8918800354, 40.2634010315, 40.6465301514, 41.0296592712, 41.4127883911, 41.795917511, 42.1674385071, 42.550567627, 42.9336967468, 43.3052139282, 43.6883430481, 44.071472168, 44.4546012878, 44.8261222839, 45.2092514038, 45.5923805237, 45.9755096436, 46.347026825, 46.718547821, 47.1016769409, 47.4848060608, 47.8679351807, 48.2394561768, 48.6225852966, 49.0057144165, 49.3888435364, 49.7719726563, 50.1551017761, 50.538230896, 50.9213600159, 51.2928771973, 51.6643981934, 52.0475273132, 52.4306564331, 52.8021774292, 53.1853065491, 53.5684356689, 53.9399528503, 54.3230819702, 54.7062110901, 55.08934021, 55.4724693298, 55.8439903259, 56.2155075073, 56.5986366272, 56.9817695618, 57.3648986816, 57.7480278015, 58.1195449829, 58.5026741028, 58.8858032227, 59.2573242188, 59.6404533386, 60.0235824585, 60.3950996399, 60.7782287598, 61.1613578796, 61.5444869995, 61.9276161194, 62.2991371155, 62.6822662354, 63.0653953552, 63.4369163513, 63.8200454712, 64.2031707764, 64.5746917725, 64.9462127686, 65.3293380737, 65.7124710083, 66.0955963135, 66.478729248, 66.8502502441, 67.2333755493, 67.6165084839, 67.9996337891, 68.3827667236, 68.7542877197, 69.1258010864, 69.5205459595, 69.8920593262, 70.2751922607, 70.6583175659, 71.0414505005, 71.4245758057, 71.7960968018, 72.1792297363, 72.5623550415, 72.9338760376, 73.3170089722, 73.7001342773, 74.0832672119, 74.4663925171, 74.8379135132, 75.2210388184, 75.6041717529, 75.975692749, 76.3472061157, 76.7303390503, 77.1134643555, 77.49659729, 77.8681182861, 78.2512435913, 78.6343765259, 79.0175018311, 79.3890228271, 79.7721557617, 80.1552810669, 80.526802063, 80.9099273682, 81.2930603027, 81.6645812988, 82.047706604, 82.4308395386, 82.8139648438, 83.1970977783, 83.5686187744, 83.9401321411, 84.3348770142, 84.7180023193, 85.1011352539, 85.4726486206, 85.8441696167, 86.2273025513, 86.6104278564, 86.9819488525, 87.3650741577, 87.7482070923, 88.1313400269, 88.514465332, 88.8859863281, 89.2575073242, 89.6290206909, 90.0121536255, 90.3952789307, 90.7784118652, 91.1615371704, 91.5330581665, 91.9161911011, 92.2993164063, 92.6708374023, 93.0539703369, 93.4370956421, 93.8202285767, 94.2033538818, 94.5748748779, 94.9580001831, 95.3411331177, 95.7126541138, 96.0957794189, 96.4789123535, 96.8620376587, 97.2451705933, 97.61668396, 97.9882049561, 98.3713378906, 98.7544631958, 99.1375961304, 99.5207214355, 99.8922424316, 100.263763428, 100.646888733, 101.030021667, 101.413146973, 101.796279907, 102.167800903, 102.550926208, 102.922447205, 103.305580139, 103.688705444, 104.071838379, 104.443351746, 104.82648468, 105.209609985, 105.59274292, 105.975868225, 106.347389221, 106.730522156, 107.102035522, 107.485168457, 107.868293762, 108.251426697, 108.622947693, 109.006072998, 109.389205933, 109.772331238, 110.155464172, 110.526985168, 110.910110474, 111.293243408, 111.664756775, 112.047889709, 112.431015015, 112.802536011, 113.174057007, 113.557182312, 113.940315247, 114.323448181, 114.706573486, 115.078094482, 115.461219788, 115.844352722, 116.227478027, 116.610610962, 116.982131958, 117.353645325, 117.922538757, 118.491424561, 119.060317993, 119.629203796, 120.395462036, 121.161720276, 121.927978516, 122.694236755, 123.448883057, 124.203536987, 124.969795227, 125.724441528, 126.47908783, 127.245346069, 127.988388062, 128.754638672, 129.520904541, 130.275558472, 131.030197144, 131.773239136, 132.551101685, 133.317367554, 134.072021484, 134.838272095, 135.592926025, 136.347564697, 137.113830566, 137.880081177, 138.646347046, 139.401000977, 140.155639648, 140.910293579, 141.66494751, 142.43119812, 143.185852051, 143.940490723, 144.695144653, 145.461410522, 146.216049194, 146.982315063, 147.748565674, 148.503219604, 149.257858276, 150.024124146, 150.790390015, 151.545028687, 152.299682617, 153.065933228, 153.820587158, 154.586837769, 155.341491699, 156.107757568, 156.86239624, 157.617050171, 158.383300781, 159.137954712, 159.892608643, 160.670471191, 161.448348999, 162.098495483, 162.748657227, 163.39881897, 163.990921021, 164.58303833, 164.989379883, 165.395736694, 165.790466309, 166.185211182, 166.579956055, 166.974685669, 167.38104248, 167.787384033, 168.205352783, 168.611694336, 169.006439209, 169.389572144, 169.784301758, 170.155822754, 170.52734375, 170.922088623, 171.305206299, 171.688339233, 172.059860229, 172.431381226, 172.802902222, 173.186035156, 173.569152832, 173.952285767, 174.335418701, 174.706939697, 175.078460693, 175.461578369, 175.833099365, 176.2162323, 176.599365234, 176.982498169, 177.365615845, 177.748748779, 178.120269775, 178.491790771, 178.886520386, 179.258041382, 179.641174316, 180.012695313, 180.395828247, 180.778961182, 181.162078857, 181.533599854, 181.928344727, 182.299865723, 182.671386719, 183.054504395, 183.437637329, 183.809158325, 184.19229126, 184.575408936, 184.95854187, 185.341674805, 185.713195801, 186.084716797, 186.467849731, 186.850967407, 187.222488403, 187.605621338, 187.988754272, 188.371871948, 188.755004883, 189.126525879, 189.509658813, 189.892791748, 190.275909424, 190.659042358, 191.042175293, 191.413696289, 191.796829224, 192.168334961, 192.551467896, 192.93460083, 193.306121826, 193.689254761, 194.072372437, 194.443893433, 194.827026367, 195.210159302, 195.593276978, 195.976409912, 196.347930908, 196.719451904, 197.114196777, 197.497314453, 197.880447388, 198.251968384, 198.62348938, 199.006622314, 199.38973999, 199.772872925, 200.156005859, 200.527526855, 200.91065979, 201.293777466, 201.665298462, 202.048431396, 202.431564331, 202.803085327, 203.197814941, 203.592559814, 203.987304688, 204.382034302, 204.776779175, 205.171508789, 205.566253662, 205.960998535, 206.355728149, 206.762084961, 207.168426514, 207.574783325, 207.981124878, 208.375869751, 208.782211304, 209.188568115, 209.548477173, 209.90838623, 210.245071411, 210.604980469, 210.976501465, 211.324798584, 211.673095703, 212.033004761, 212.392913818, 212.741226196, 213.089523315, 213.449432373, 213.809341431, 214.169250488]
