
metadata:
    version:
        essentia: "2.1-beta2"
    audio_properties:
        analysis_sample_rate: 44100
        bitrate: 56
        channels: 2
        equal_loudness: 1
        length: 230.974700928
        replay_gain: -15.3829421997
        downmix: "mix"
    tags:
        album: "Anachromie"
        artist: "Kells"
        comment: ""
        date: "2012"
        genre: "Other"
        title: "On My Fate (English version of"
        tracknumber: "15"

configuration:
    average_loudness:
        compute: 1
        frameSize: 88200
        hopSize: 44100
        silentFrames: "noise"
        windowType: "hann"
    general:
        analysisSampleRate: 44100
        endTime: 2000
        equalLoudness: 1
        nequalLoudness: 0
        shortSound: 0
        startTime: 0
    lowlevel:
        compute: 1
        frameSize: 2048
        hopSize: 1024
        zeroPadding: 0
        silentFrames: "noise"
        windowType: "blackmanharris62"
        mfccStats: ["mean", "cov", "icov"]
        stats: ["mean", "var", "median", "min", "max", "dmean", "dmean2", "dvar", "dvar2"]
    panning:
        compute: 0
        frameSize: 8192
        hopSize: 2048
        zeroPadding: 8192
        silentFrames: "noise"
        windowType: "hann"
        stats: ["copy"]
    rhythm:
        compute: 1
        maxTempo: 208
        minTempo: 40
        method: "degara"
        stats: ["mean", "var", "median", "min", "max", "dmean", "dmean2", "dvar", "dvar2"]
    segmentation:
        compute: 0
        cpw: 5
        inc1: 300
        inc2: 50
        minimumSegmentsLength: 10
        size1: 1000
        size2: 600
    sfx:
        compute: 1
        stats: ["mean", "var", "median", "min", "max", "dmean", "dmean2", "dvar", "dvar2"]
    svm:
        compute: 0
    tonal:
        compute: 1
        frameSize: 4096
        hopSize: 2048
        zeroPadding: 0
        silentFrames: "noise"
        windowType: "blackmanharris62"
        stats: ["mean", "var", "median", "min", "max", "dmean", "dmean2", "dvar", "dvar2"]

lowlevel:
    average_loudness: 0.8963098526
    barkbands_kurtosis:
        dmean: 0.904354035854
        dmean2: 1.4564255476
        dvar: 3.98255348206
        dvar2: 9.84021186829
        max: 79.0673370361
        mean: -0.0694465264678
        median: -0.923905789852
        min: -1.83054590225
        var: 8.27314853668
    barkbands_skewness:
        dmean: 0.388405174017
        dmean2: 0.613614022732
        dvar: 0.162602439523
        dvar2: 0.387683153152
        max: 7.4757809639
        mean: 0.295376092196
        median: 0.0937017947435
        min: -3.55558657646
        var: 0.86915075779
    barkbands_spread:
        dmean: 4.83116340637
        dmean2: 7.76707649231
        dvar: 23.5396900177
        dvar2: 58.0882568359
        max: 82.9066390991
        mean: 28.3625087738
        median: 28.79337883
        min: 1.33843505383
        var: 113.220062256
    dissonance:
        dmean: 0.0170356929302
        dmean2: 0.0288859792054
        dvar: 0.000373770890292
        dvar2: 0.00100013555493
        max: 0.500000059605
        mean: 0.469689309597
        median: 0.479792058468
        min: 0.253394216299
        var: 0.000916598655749
    hfc:
        dmean: 1.68083071709
        dmean2: 2.69324326515
        dvar: 4.54639959335
        dvar2: 11.4656352997
        max: 29.9220619202
        mean: 7.10973215103
        median: 7.09299707413
        min: 1.10636670861e-016
        var: 28.4393501282
    pitch:
        dmean: 577.519775391
        dmean2: 1113.35266113
        dvar: 1220399
        dvar2: 3166281
        max: 5608.48632813
        mean: 1324.17980957
        median: 404.906555176
        min: 55.7391281128
        var: 2129260.75
    pitch_instantaneous_confidence:
        dmean: 0.0856072381139
        dmean2: 0.137859895825
        dvar: 0.00617374060676
        dvar2: 0.0148445283994
        max: 0.960289955139
        mean: 0.451540440321
        median: 0.420346140862
        min: 0.100928604603
        var: 0.0323598086834
    pitch_salience:
        dmean: 0.0586007386446
        dmean2: 0.0956827402115
        dvar: 0.00311459531076
        dvar2: 0.00813164096326
        max: 0.974982917309
        mean: 0.608241856098
        median: 0.631083130836
        min: 0.0853319615126
        var: 0.0158976837993
    silence_rate_20dB:
        dmean: 0
        dmean2: 0
        dvar: 0
        dvar2: 0
        max: 1
        mean: 1
        median: 1
        min: 1
        var: 0
    silence_rate_30dB:
        dmean: 0
        dmean2: 0
        dvar: 0
        dvar2: 0
        max: 1
        mean: 1
        median: 1
        min: 1
        var: 0
    silence_rate_60dB:
        dmean: 0.0778045803308
        dmean2: 0.155624806881
        dvar: 0.0717425346375
        dvar2: 0.162349849939
        max: 1
        mean: 0.345059812069
        median: 0
        min: 0
        var: 0.225985661149
    spectral_centroid:
        dmean: 236.356399536
        dmean2: 377.495697021
        dvar: 66788.3515625
        dvar2: 149813.09375
        max: 11397.3994141
        mean: 1524.45678711
        median: 1579.8269043
        min: 205.911987305
        var: 426094.375
    spectral_complexity:
        dmean: 3.19481301308
        dmean2: 5.1595454216
        dvar: 12.935049057
        dvar2: 31.2306537628
        max: 40
        mean: 13.8064126968
        median: 15
        min: 0
        var: 83.6221847534
    spectral_crest:
        dmean: 2.2055516243
        dmean2: 3.66105723381
        dvar: 4.66667509079
        dvar2: 12.3649425507
        max: 26.028055191
        mean: 8.38959884644
        median: 7.35492038727
        min: 2.46108627319
        var: 15.4175596237
    spectral_decrease:
        dmean: 2.70283129211e-010
        dmean2: 4.51234188903e-010
        dvar: 2.02352172198e-019
        dvar2: 5.42597653104e-019
        max: 1.07764916519e-028
        mean: -9.9769570383e-010
        median: -9.52731893378e-010
        min: -5.01785812901e-009
        var: 4.67721160658e-019
    spectral_energy:
        dmean: 0.00114540883806
        dmean2: 0.00189871143084
        dvar: 3.37917458637e-006
        dvar2: 9.00235409063e-006
        max: 0.0198462475091
        mean: 0.00441040750593
        median: 0.00427341880277
        min: 1.04449129923e-020
        var: 9.02490592125e-006
    spectral_energyband_high:
        dmean: 0.000105408558738
        dmean2: 0.000175885739736
        dvar: 2.35855548425e-008
        dvar2: 6.3702586317e-008
        max: 0.00356327788904
        mean: 0.00026025227271
        median: 0.000239984336076
        min: 7.55737814685e-021
        var: 5.16643936521e-008
    spectral_energyband_low:
        dmean: 0.000180690345587
        dmean2: 0.000312743679387
        dvar: 8.7473146948e-008
        dvar2: 2.50185649975e-007
        max: 0.00324573367834
        mean: 0.000314366712701
        median: 0.000261928245891
        min: 1.71090361935e-023
        var: 9.38254842708e-008
    spectral_energyband_middle_high:
        dmean: 0.000566228292882
        dmean2: 0.000890900264494
        dvar: 4.76944137517e-007
        dvar2: 1.15065620321e-006
        max: 0.0114149516448
        mean: 0.00251351855695
        median: 0.00215920433402
        min: 1.28827311856e-021
        var: 4.57214582639e-006
    spectral_energyband_middle_low:
        dmean: 0.000728537328541
        dmean2: 0.00125477998517
        dvar: 2.16621310756e-006
        dvar2: 5.95389337832e-006
        max: 0.0177051033825
        mean: 0.00147119397298
        median: 0.00119447673205
        min: 2.15963786828e-022
        var: 2.14960823541e-006
    spectral_flatness_db:
        dmean: 0.0165106598288
        dmean2: 0.0259721148759
        dvar: 0.00027190084802
        dvar2: 0.000610089104157
        max: 0.413210272789
        mean: 0.16088411212
        median: 0.14748428762
        min: 0.066241428256
        var: 0.00243346625939
    spectral_flux:
        dmean: 0.00773890316486
        dmean2: 0.0120217939839
        dvar: 0.000107288746221
        dvar2: 0.000214121377212
        max: 0.13084872067
        mean: 0.035743534565
        median: 0.0364613048732
        min: 6.65689864343e-011
        var: 0.00036914285738
    spectral_kurtosis:
        dmean: 1.59046804905
        dmean2: 2.66501569748
        dvar: 5.79667377472
        dvar2: 15.1539955139
        max: 43.9881744385
        mean: 4.80343914032
        median: 3.65357756615
        min: -1.60775887966
        var: 18.0580387115
    spectral_rms:
        dmean: 0.00024944805773
        dmean2: 0.000403139187256
        dvar: 1.1091825769e-007
        dvar2: 2.84814660745e-007
        max: 0.00440024910495
        mean: 0.00190376921091
        median: 0.00204185931943
        min: 3.1922027955e-012
        var: 6.78511810293e-007
    spectral_rolloff:
        dmean: 358.166870117
        dmean2: 596.644897461
        dvar: 295514.5
        dvar2: 646673.625
        max: 19573.6816406
        mean: 2864.73266602
        median: 3316.11328125
        min: 193.798828125
        var: 1367989
    spectral_skewness:
        dmean: 0.205022126436
        dmean2: 0.333040237427
        dvar: 0.0668132156134
        dvar2: 0.160484746099
        max: 4.97362327576
        mean: 1.49437212944
        median: 1.34346306324
        min: -0.122001111507
        var: 0.304533392191
    spectral_spread:
        dmean: 458233.5625
        dmean2: 678163.25
        dvar: 586989699072
        dvar2: 937411608576
        max: 42107940
        mean: 4261769.5
        median: 3975091.75
        min: 1304061.75
        var: 3.32831024742e+012
    spectral_strongpeak:
        dmean: 0.443341463804
        dmean2: 0.753665268421
        dvar: 0.516955018044
        dvar2: 1.3475317955
        max: 7.22281551361
        mean: 0.862534463406
        median: 0.348182111979
        min: 6.60039078948e-010
        var: 1.03886938095
    zerocrossingrate:
        dmean: 0.00750656332821
        dmean2: 0.00930723827332
        dvar: 6.10339702689e-005
        dvar2: 7.5060648669e-005
        max: 0.525390625
        mean: 0.0870857909322
        median: 0.0908203125
        min: 0.013671875
        var: 0.00090761075262
    barkbands:
        dmean: [7.72676457927e-007, 5.45411676285e-005, 8.63877212396e-005, 0.000174895816599, 0.000435906287748, 0.000149552739458, 8.6641884991e-005, 6.16631659796e-005, 9.62150734267e-005, 0.000119121970783, 0.000163184537087, 8.23495647637e-005, 6.12338553765e-005, 6.48845671094e-005, 5.87153517699e-005, 7.64040742069e-005, 9.52414338826e-005, 0.000110176202725, 0.000229551791563, 0.000110317690996, 4.93545667268e-005, 8.95888297237e-006, 2.22266271521e-006, 9.50567539348e-007, 5.03524063333e-007, 1.87718569578e-008, 2.73193551115e-010]
        dmean2: [1.26961901969e-006, 9.66030856944e-005, 0.000150118110469, 0.000303494976833, 0.000772413855884, 0.000247077696258, 0.000146554637467, 0.000104668310087, 0.000151906526298, 0.000180251576239, 0.000244183494942, 0.000130990680191, 0.000105054772575, 0.000107865889731, 9.65171129792e-005, 0.000126754122903, 0.000156765949214, 0.000184768257895, 0.000372133596102, 0.000183088792255, 8.40888897073e-005, 1.52977645484e-005, 3.90541072193e-006, 1.55786688083e-006, 8.05889158073e-007, 3.02549487685e-008, 4.7149878446e-010]
        dvar: [1.23934402237e-012, 9.73063585263e-009, 2.1055633681e-008, 6.83642653598e-008, 1.35679067625e-006, 4.87075375588e-008, 3.49920199483e-008, 2.06270875935e-008, 3.91820442758e-008, 9.05042867316e-008, 1.71533102389e-007, 5.24102183874e-008, 2.505188057e-008, 2.88262143044e-008, 1.46990304373e-008, 1.51906256463e-008, 1.72891478911e-008, 2.36147492672e-008, 9.21792064901e-008, 2.49650824458e-008, 4.86271289901e-009, 1.87068457946e-010, 2.05904165246e-011, 5.2465939579e-012, 2.40703615893e-012, 4.62534665178e-015, 1.74910830193e-019]
        dvar2: [3.06089441987e-012, 2.73778368864e-008, 6.04378413982e-008, 1.97149361725e-007, 3.80719689019e-006, 1.27865462218e-007, 9.0447862533e-008, 5.32131139153e-008, 8.91406912729e-008, 2.03151799383e-007, 3.64525760688e-007, 1.15194865202e-007, 7.34221856646e-008, 7.32988922891e-008, 3.80296469871e-008, 3.43583472784e-008, 4.58508857548e-008, 6.29329264257e-008, 2.39834605509e-007, 6.38171115952e-008, 1.32331186009e-008, 5.14372600069e-010, 5.51235168622e-011, 1.27466969271e-011, 5.10179095151e-012, 1.13207029132e-014, 4.67674941942e-019]
        max: [1.27690818772e-005, 0.000847769901156, 0.00163629837334, 0.00382614089176, 0.0134545695037, 0.00540860462934, 0.00503525231034, 0.0035848217085, 0.00707422848791, 0.00751287490129, 0.00936751253903, 0.00785836577415, 0.00392404431477, 0.00367689994164, 0.00277164159343, 0.00399026833475, 0.00242913863622, 0.00276520522311, 0.00440703192726, 0.00384104857221, 0.00138017709833, 0.000312043004669, 6.96460556355e-005, 7.02196266502e-005, 6.0694415879e-005, 3.18613933814e-006, 7.5266273214e-009]
        mean: [1.06735603822e-006, 7.01904573361e-005, 0.000127777529997, 0.000238359119976, 0.000477620254969, 0.000286674505332, 0.000132175788167, 8.63060486154e-005, 0.000208271318115, 0.000272716628388, 0.000435596855823, 0.000168432219652, 0.000102663281723, 0.000118347648822, 0.000112073699711, 0.000144575591548, 0.000211191581911, 0.000240475026658, 0.000585910514928, 0.000257209438132, 0.000107416271931, 1.85265616892e-005, 3.80277128897e-006, 2.03749368666e-006, 9.59190970207e-007, 2.80904757233e-008, 3.00076991033e-010]
        median: [6.00067096457e-007, 4.84021002194e-005, 9.62423582678e-005, 0.000162976357387, 0.000253360747593, 0.000172132902662, 6.59837023704e-005, 4.25047983299e-005, 9.81462144409e-005, 5.92889446125e-005, 5.9007845266e-005, 5.06467549712e-005, 3.34073592967e-005, 3.32970703312e-005, 4.97899527545e-005, 0.000101106314105, 0.00016181000683, 0.000207972392673, 0.000417772476794, 0.000217074470129, 9.51556648943e-005, 1.59505307238e-005, 2.74471472039e-006, 1.42258033975e-006, 5.60967009733e-007, 1.21349135185e-008, 1.17153550749e-010]
        min: [1.74744306483e-024, 7.38079719941e-024, 1.37914944756e-024, 1.59610345283e-024, 1.38123170508e-023, 2.40420207228e-023, 1.62779633412e-023, 9.0486984331e-024, 2.02390579828e-023, 3.0934104392e-023, 7.89332170726e-024, 4.31239238874e-023, 4.74824087877e-023, 4.08291811566e-023, 6.54731705922e-023, 8.53036759345e-023, 8.82392293112e-023, 1.17820099618e-022, 1.7808197934e-022, 2.0413073441e-022, 3.4118299784e-022, 3.42910742062e-022, 5.11110174904e-022, 6.27834628767e-022, 1.02064484943e-021, 1.33667499837e-021, 1.96798445214e-021]
        var: [1.81803064356e-012, 8.40587244255e-009, 2.05870200887e-008, 7.52318101149e-008, 9.27542828322e-007, 1.36370275072e-007, 5.39722329052e-008, 2.60783359352e-008, 1.88864760275e-007, 4.51746529961e-007, 9.43097347772e-007, 2.36082428273e-007, 5.41986757696e-008, 7.02827662735e-008, 3.37399228556e-008, 4.78305679508e-008, 4.74194905564e-008, 5.654521118e-008, 3.68848475318e-007, 6.90321471097e-008, 9.66082147613e-009, 2.94857666061e-010, 2.26205373877e-011, 8.82330233182e-012, 4.42328118577e-012, 6.22848694753e-015, 2.68491168758e-019]
    frequency_bands:
        dmean: [7.72676457927e-007, 5.45411676285e-005, 8.63877212396e-005, 0.000174895816599, 0.000435906287748, 0.000149552739458, 8.6641884991e-005, 6.16631659796e-005, 9.62150734267e-005, 0.000119121970783, 0.000163184537087, 8.23495647637e-005, 6.12338553765e-005, 6.48845671094e-005, 5.87153517699e-005, 7.64040742069e-005, 9.52414338826e-005, 0.000110176202725, 0.000229551791563, 0.000110317690996, 4.93545667268e-005, 8.95888297237e-006, 2.22266271521e-006, 9.50567539348e-007, 5.03524063333e-007, 1.87718569578e-008, 2.73193551115e-010, 5.53030538031e-011]
        dmean2: [1.26961901969e-006, 9.66030856944e-005, 0.000150118110469, 0.000303494976833, 0.000772413855884, 0.000247077696258, 0.000146554637467, 0.000104668310087, 0.000151906526298, 0.000180251576239, 0.000244183494942, 0.000130990680191, 0.000105054772575, 0.000107865889731, 9.65171129792e-005, 0.000126754122903, 0.000156765949214, 0.000184768257895, 0.000372133596102, 0.000183088792255, 8.40888897073e-005, 1.52977645484e-005, 3.90541072193e-006, 1.55786688083e-006, 8.05889158073e-007, 3.02549487685e-008, 4.7149878446e-010, 1.03542958929e-010]
        dvar: [1.23934402237e-012, 9.73063585263e-009, 2.1055633681e-008, 6.83642653598e-008, 1.35679067625e-006, 4.87075375588e-008, 3.49920199483e-008, 2.06270875935e-008, 3.91820442758e-008, 9.05042867316e-008, 1.71533102389e-007, 5.24102183874e-008, 2.505188057e-008, 2.88262143044e-008, 1.46990304373e-008, 1.51906256463e-008, 1.72891478911e-008, 2.36147492672e-008, 9.21792064901e-008, 2.49650824458e-008, 4.86271289901e-009, 1.87068457946e-010, 2.05904165246e-011, 5.2465939579e-012, 2.40703615893e-012, 4.62534665178e-015, 1.74910830193e-019, 7.88684321547e-021]
        dvar2: [3.06089441987e-012, 2.73778368864e-008, 6.04378413982e-008, 1.97149361725e-007, 3.80719689019e-006, 1.27865462218e-007, 9.0447862533e-008, 5.32131139153e-008, 8.91406912729e-008, 2.03151799383e-007, 3.64525760688e-007, 1.15194865202e-007, 7.34221856646e-008, 7.32988922891e-008, 3.80296469871e-008, 3.43583472784e-008, 4.58508857548e-008, 6.29329264257e-008, 2.39834605509e-007, 6.38171115952e-008, 1.32331186009e-008, 5.14372600069e-010, 5.51235168622e-011, 1.27466969271e-011, 5.10179095151e-012, 1.13207029132e-014, 4.67674941942e-019, 2.56916255963e-020]
        max: [1.27690818772e-005, 0.000847769901156, 0.00163629837334, 0.00382614089176, 0.0134545695037, 0.00540860462934, 0.00503525231034, 0.0035848217085, 0.00707422848791, 0.00751287490129, 0.00936751253903, 0.00785836577415, 0.00392404431477, 0.00367689994164, 0.00277164159343, 0.00399026833475, 0.00242913863622, 0.00276520522311, 0.00440703192726, 0.00384104857221, 0.00138017709833, 0.000312043004669, 6.96460556355e-005, 7.02196266502e-005, 6.0694415879e-005, 3.18613933814e-006, 7.5266273214e-009, 8.52535042561e-010]
        mean: [1.06735603822e-006, 7.01904573361e-005, 0.000127777529997, 0.000238359119976, 0.000477620254969, 0.000286674505332, 0.000132175788167, 8.63060486154e-005, 0.000208271318115, 0.000272716628388, 0.000435596855823, 0.000168432219652, 0.000102663281723, 0.000118347648822, 0.000112073699711, 0.000144575591548, 0.000211191581911, 0.000240475026658, 0.000585910514928, 0.000257209438132, 0.000107416271931, 1.85265616892e-005, 3.80277128897e-006, 2.03749368666e-006, 9.59190970207e-007, 2.80904757233e-008, 3.00076991033e-010, 4.15308863688e-011]
        median: [6.00067096457e-007, 4.84021002194e-005, 9.62423582678e-005, 0.000162976357387, 0.000253360747593, 0.000172132902662, 6.59837023704e-005, 4.25047983299e-005, 9.81462144409e-005, 5.92889446125e-005, 5.9007845266e-005, 5.06467549712e-005, 3.34073592967e-005, 3.32970703312e-005, 4.97899527545e-005, 0.000101106314105, 0.00016181000683, 0.000207972392673, 0.000417772476794, 0.000217074470129, 9.51556648943e-005, 1.59505307238e-005, 2.74471472039e-006, 1.42258033975e-006, 5.60967009733e-007, 1.21349135185e-008, 1.17153550749e-010, 1.19866564591e-011]
        min: [1.74744306483e-024, 7.38079719941e-024, 1.37914944756e-024, 1.59610345283e-024, 1.38123170508e-023, 2.40420207228e-023, 1.62779633412e-023, 9.0486984331e-024, 2.02390579828e-023, 3.0934104392e-023, 7.89332170726e-024, 4.31239238874e-023, 4.74824087877e-023, 4.08291811566e-023, 6.54731705922e-023, 8.53036759345e-023, 8.82392293112e-023, 1.17820099618e-022, 1.7808197934e-022, 2.0413073441e-022, 3.4118299784e-022, 3.42910742062e-022, 5.11110174904e-022, 6.27834628767e-022, 1.02064484943e-021, 1.33667499837e-021, 1.96798445214e-021, 4.76922735564e-022]
        var: [1.81803064356e-012, 8.40587244255e-009, 2.05870200887e-008, 7.52318101149e-008, 9.27542828322e-007, 1.36370275072e-007, 5.39722329052e-008, 2.60783359352e-008, 1.88864760275e-007, 4.51746529961e-007, 9.43097347772e-007, 2.36082428273e-007, 5.41986757696e-008, 7.02827662735e-008, 3.37399228556e-008, 4.78305679508e-008, 4.74194905564e-008, 5.654521118e-008, 3.68848475318e-007, 6.90321471097e-008, 9.66082147613e-009, 2.94857666061e-010, 2.26205373877e-011, 8.82330233182e-012, 4.42328118577e-012, 6.22848694753e-015, 2.68491168758e-019, 5.86316806118e-021]
    mfcc:
        mean: [-738.989135742, 110.286727905, -50.3571662903, 47.5232200623, -14.6910305023, -12.9922180176, 4.41660261154, -3.73383045197, -4.76109647751, -7.66429948807, -11.0102558136, -7.36086702347, -5.42046070099]
        cov: [[10534.9277344, 1062.57055664, -775.157226563, 1675.65136719, -250.394821167, 624.091003418, 594.469116211, 296.762145996, 269.95022583, 125.729446411, -9.14353561401, -91.7126846313, -103.326026917], [1062.57055664, 828.300231934, -29.527141571, 257.437011719, 78.1144943237, -2.78876233101, 98.7030563354, 29.4371604919, 32.6501464844, 10.638507843, -32.4875411987, -19.2557144165, -10.8430261612], [-775.157226563, -29.527141571, 514.52947998, 46.5461769104, 124.750038147, 83.1691665649, -12.3204813004, 34.7226028442, 47.9271774292, 19.044095993, 6.67971658707, 18.0059299469, 4.48157167435], [1675.65136719, 257.437011719, 46.5461769104, 598.844909668, 3.56281328201, 138.935821533, 111.330635071, 105.476463318, 121.091026306, 41.8774604797, 16.2593250275, 3.79048776627, -18.6905536652], [-250.394821167, 78.1144943237, 124.750038147, 3.56281328201, 188.092147827, 64.5327529907, 32.3321762085, 7.29022789001, 1.51996541023, 21.8477993011, 6.88699197769, 20.1498031616, 8.70867538452], [624.091003418, -2.78876233101, 83.1691665649, 138.935821533, 64.5327529907, 267.75970459, 122.294883728, 54.4531440735, 43.9570999146, 34.9075050354, 16.2942333221, 1.68196809292, -5.2875919342], [594.469116211, 98.7030563354, -12.3204813004, 111.330635071, 32.3321762085, 122.294883728, 168.123535156, 69.2231750488, 44.0047264099, 25.028169632, -1.58649003506, -4.32194042206, 0.0338447503746], [296.762145996, 29.4371604919, 34.7226028442, 105.476463318, 7.29022789001, 54.4531440735, 69.2231750488, 129.817825317, 67.1544876099, 21.7005786896, -14.8406333923, -14.0977334976, 8.16759109497], [269.95022583, 32.6501464844, 47.9271774292, 121.091026306, 1.51996541023, 43.9570999146, 44.0047264099, 67.1544876099, 104.177383423, 35.6586036682, -6.23706388474, -13.4562864304, -7.69346952438], [125.729446411, 10.638507843, 19.044095993, 41.8774604797, 21.8477993011, 34.9075050354, 25.028169632, 21.7005786896, 35.6586036682, 81.0952606201, 29.0820770264, -0.283479750156, -14.4028367996], [-9.14353561401, -32.4875411987, 6.67971658707, 16.2593250275, 6.88699197769, 16.2942333221, -1.58649003506, -14.8406333923, -6.23706388474, 29.0820770264, 82.8010940552, 33.9449882507, -8.50554561615], [-91.7126846313, -19.2557144165, 18.0059299469, 3.79048776627, 20.1498031616, 1.68196809292, -4.32194042206, -14.0977334976, -13.4562864304, -0.283479750156, 33.9449882507, 66.0447769165, 24.1812572479], [-103.326026917, -10.8430261612, 4.48157167435, -18.6905536652, 8.70867538452, -5.2875919342, 0.0338447503746, 8.16759109497, -7.69346952438, -14.4028367996, -8.50554561615, 24.1812572479, 71.0847854614]]
        icov: [[0.00031466485234, -0.000169437145814, 0.00048958446132, -0.000726997561287, 0.000397805939429, -0.00053517712513, -0.000229812809266, 3.25726396113e-005, 0.00024712504819, -0.000182595147635, 0.000201936301892, 8.87555579538e-005, 0.000101063218608], [-0.000169437145814, 0.00187841139268, -0.000126866318169, -0.000597412290517, -0.00129810499493, 0.00142340594903, -0.00118998985272, 0.000584988680203, 0.000252963684034, -3.90282002627e-006, 0.000543866306543, 0.000563972920645, -1.07653922896e-005], [0.00048958446132, -0.000126866318169, 0.00351023534313, -0.0011247129878, -0.00122728105634, -0.00168979843147, 0.00126541277859, -0.00051219004672, -0.00109597726259, 0.000242492184043, 0.00033638215973, -0.00038563660928, 0.000360117584933], [-0.000726997561287, -0.000597412290517, -0.0011247129878, 0.00471339188516, -4.37550552306e-005, -9.58192322287e-005, 0.000833036669064, -0.00102223770227, -0.00310922251083, 0.000992908026092, -0.00121826457325, -0.00148187961895, 0.000500641122926], [0.000397805939429, -0.00129810499493, -0.00122728105634, -4.37550552306e-005, 0.00861684419215, -0.00225338106975, -0.000899437232874, 0.000108474741864, 0.00175445037894, -0.00253078341484, 0.0013633944327, -0.00240208068863, -0.000131843073177], [-0.00053517712513, 0.00142340594903, -0.00168979843147, -9.58192322287e-005, -0.00225338106975, 0.008251382038, -0.0048197968863, 0.000631299393717, 0.000146109232446, -0.000218318411498, -0.00116279628128, 0.00113999389578, -0.000215205625864], [-0.000229812809266, -0.00118998985272, 0.00126541277859, 0.000833036669064, -0.000899437232874, -0.0048197968863, 0.0128213167191, -0.00448502553627, -0.00111587112769, -0.000209694859223, 0.000182728312211, -0.00115164078306, 0.000134952308144], [3.25726396113e-005, 0.000584988680203, -0.00051219004672, -0.00102223770227, 0.000108474741864, 0.000631299393717, -0.00448502553627, 0.0145040936768, -0.00622687349096, -0.000549180840608, 0.00126255152281, 0.00241393758915, -0.00318591156974], [0.00024712504819, 0.000252963684034, -0.00109597726259, -0.00310922251083, 0.00175445037894, 0.000146109232446, -0.00111587112769, -0.00622687349096, 0.0201446823776, -0.00687414221466, 0.00309612066485, 0.00108919467311, 0.00094868906308], [-0.000182595147635, -3.90282002627e-006, 0.000242492184043, 0.000992908026092, -0.00253078341484, -0.000218318411498, -0.000209694859223, -0.000549180840608, -0.00687414221466, 0.0193295162171, -0.00830067042261, 0.00262312684208, 0.00162371899933], [0.000201936301892, 0.000543866306543, 0.00033638215973, -0.00121826457325, 0.0013633944327, -0.00116279628128, 0.000182728312211, 0.00126255152281, 0.00309612066485, -0.00830067042261, 0.0213896799833, -0.0118761146441, 0.00488883676007], [8.87555579538e-005, 0.000563972920645, -0.00038563660928, -0.00148187961895, -0.00240208068863, 0.00113999389578, -0.00115164078306, 0.00241393758915, 0.00108919467311, 0.00262312684208, -0.0118761146441, 0.0267292000353, -0.0099122710526], [0.000101063218608, -1.07653922896e-005, 0.000360117584933, 0.000500641122926, -0.000131843073177, -0.000215205625864, 0.000134952308144, -0.00318591156974, 0.00094868906308, 0.00162371899933, 0.00488883676007, -0.0099122710526, 0.0190765745938]]
    sccoeffs:
        dmean: [0.0573019757867, 0.0478391572833, 0.0381400212646, 0.0289571788162, 0.0200579278171, 0.0169413350523]
        dmean2: [0.0962760969996, 0.0792146101594, 0.0617152303457, 0.0478775091469, 0.0329308770597, 0.0274958033115]
        dvar: [0.00249802274629, 0.00156253471505, 0.000998785719275, 0.000585662608501, 0.000270219548838, 0.000249217962846]
        dvar2: [0.00685346731916, 0.00408910820261, 0.00243353634141, 0.00151108647697, 0.000682696874719, 0.000615529017523]
        max: [-0.351452857256, -0.354645133018, -0.437738090754, -0.574838399887, -0.572095513344, -0.572732686996]
        mean: [-0.67522829771, -0.738290011883, -0.745984971523, -0.790973186493, -0.799130320549, -0.766862034798]
        median: [-0.683484137058, -0.751340925694, -0.76453268528, -0.798600673676, -0.800470232964, -0.760478198528]
        min: [-0.972590327263, -0.978348493576, -0.979448795319, -0.975064218044, -0.973742485046, -0.963054001331]
        var: [0.00607033167034, 0.00739852106199, 0.00797451566905, 0.00268313195556, 0.00134175817948, 0.00180932483636]
    scvalleys:
        dmean: [0.40071105957, 0.394911706448, 0.315186291933, 0.289171516895, 0.245006725192, 0.270060330629]
        dmean2: [0.663449406624, 0.647509813309, 0.5086632967, 0.45775064826, 0.369943112135, 0.400861263275]
        dvar: [0.129774719477, 0.135739311576, 0.0958311483264, 0.10171546042, 0.0943756848574, 0.14330637455]
        dvar2: [0.308051228523, 0.322363168001, 0.205319464207, 0.214208468795, 0.177347838879, 0.286038279533]
        max: [-5.08485555649, -4.49926757813, -5.38053750992, -5.35733938217, -5.68192005157, -7.9471411705]
        mean: [-7.26059007645, -6.98456096649, -7.26667737961, -7.60224628448, -7.33251619339, -10.2609424591]
        median: [-6.54016065598, -6.55682897568, -6.78022527695, -7.16129302979, -6.69259881973, -9.73174667358]
        min: [-28.0790748596, -27.5448093414, -27.5345439911, -27.499162674, -27.4677391052, -27.3939685822]
        var: [4.67491292953, 2.49844956398, 2.38577365875, 2.39804005623, 2.6411678791, 2.66278910637]

rhythm:
    beats_loudness:
        dmean: 0.00169662781991
        dmean2: 0.002959119156
        dvar: 2.28913586398e-006
        dvar2: 7.23375842426e-006
        max: 0.0122821861878
        mean: 0.00495073525235
        median: 0.00504576368257
        min: 6.13759477269e-012
        var: 8.23698701424e-006
    bpm: 150.058181763
    bpm_confidence: 0
    first_peak_bpm: 152
    first_peak_spread: 0.446927368641
    first_peak_weight: 0.519230782986
    onset_rate: 3.25576782227
    second_peak_bpm: 144
    second_peak_spread: 0.125
    second_peak_weight: 0.012237762101
    beats_loudness_band_ratio:
        dmean: [0.0958470329642, 0.147460132837, 0.0801671147346, 0.0985223427415, 0.0782633200288, 0.0796121060848]
        dmean2: [0.163041487336, 0.26124599576, 0.139516815543, 0.160275220871, 0.130008846521, 0.134720653296]
        dvar: [0.0135473776609, 0.0177566595376, 0.00924754422158, 0.0135005731136, 0.00581769924611, 0.0052947094664]
        dvar2: [0.0397885516286, 0.0513232164085, 0.0252094566822, 0.0322914384305, 0.0159785393625, 0.0144260711968]
        max: [0.818864047527, 0.906120538712, 0.754156172276, 0.854662001133, 0.70037740469, 0.569788098335]
        mean: [0.139467298985, 0.21038351953, 0.119928993285, 0.190333917737, 0.198227629066, 0.192005455494]
        median: [0.102319806814, 0.164682880044, 0.0894356817007, 0.11350722611, 0.190645590425, 0.191328838468]
        min: [0, 0, 0, 0, 0, 0]
        var: [0.0168889071792, 0.0267507024109, 0.01130624488, 0.0301104132086, 0.0100112902001, 0.012047466822]
    beats_position: [0.429569154978, 0.882358253002, 1.33514738083, 1.74149656296, 2.14784574509, 2.55419492722, 2.94893407822, 3.35528349876, 3.76163268089, 4.15637159348, 4.55111122131, 4.94585037231, 5.35219955444, 5.75854873657, 6.15328788757, 6.5596370697, 6.96598625183, 7.36072540283, 7.75546455383, 8.15020370483, 8.55655288696, 8.95129203796, 9.34603118896, 9.74077033997, 10.1471195221, 10.5534696579, 10.95981884, 11.354557991, 11.749297142, 12.144036293, 12.538775444, 12.933514595, 13.3398637772, 13.7462129593, 14.1525621414, 14.5589113235, 14.9536504745, 15.3483896255, 15.7547388077, 16.1494789124, 16.5558280945, 16.9505672455, 17.3569164276, 17.7516555786, 18.1580047607, 18.5527439117, 18.9590930939, 19.3538322449, 19.760181427, 20.154920578, 20.549659729, 20.9560089111, 21.3623580933, 21.7570972443, 22.1518363953, 22.5581855774, 22.9645347595, 23.3592739105, 23.7656230927, 24.1719722748, 24.5667114258, 24.9614505768, 25.3561897278, 25.7625389099, 26.168888092, 26.563627243, 26.958366394, 27.353105545, 27.7594547272, 28.1658039093, 28.5605430603, 28.9668922424, 29.3732414246, 29.7679805756, 30.1627197266, 30.5574588776, 30.9521980286, 31.3469390869, 31.753288269, 32.1480255127, 32.5543746948, 32.960723877, 33.3670730591, 33.7618141174, 34.1565513611, 34.5512924194, 34.9460296631, 35.3523788452, 35.7587280273, 36.1534690857, 36.5598182678, 36.96616745, 37.3609046936, 37.755645752, 38.1503829956, 38.545124054, 38.9514732361, 39.3578224182, 39.7525634766, 40.1473007202, 40.5536499023, 40.9599990845, 41.3547401428, 41.7494773865, 42.1558265686, 42.5621757507, 42.9569168091, 43.3516540527, 43.7580032349, 44.164352417, 44.5590934753, 44.953830719, 45.3601799011, 45.7665290833, 46.1612701416, 46.5676193237, 46.9623565674, 47.3687057495, 47.7634468079, 48.1581840515, 48.5529251099, 48.9476623535, 49.3540115356, 49.7603607178, 50.1551017761, 50.5498390198, 50.9561882019, 51.362537384, 51.7572784424, 52.152015686, 52.5583648682, 52.9647140503, 53.3594551086, 53.7541923523, 54.1605415344, 54.5668907166, 54.9616317749, 55.3563690186, 55.7627182007, 56.1690673828, 56.5638084412, 56.9585494995, 57.3648986816, 57.7712478638, 58.1659851074, 58.5607261658, 58.9670753479, 59.37342453, 59.7681617737, 60.162902832, 60.5692520142, 60.9756011963, 61.3703384399, 61.7650794983, 62.1714286804, 62.5777778625, 62.9725151062, 63.3672561646, 63.7619934082, 64.1567306519, 64.563079834, 64.9694290161, 65.3641738892, 65.7589111328, 66.1536483765, 66.5483856201, 66.9547348022, 67.3610839844, 67.7674331665, 68.1621780396, 68.5569152832, 68.9632644653, 69.358001709, 69.7527389526, 70.1474838257, 70.5422210693, 70.9485702515, 71.3549194336, 71.7496566772, 72.1560058594, 72.5623550415, 72.9570999146, 73.3518371582, 73.7465744019, 74.152923584, 74.5592727661, 74.9540100098, 75.3603591919, 75.766708374, 76.1614532471, 76.5561904907, 76.9509277344, 77.345664978, 77.7520141602, 78.1583633423, 78.5531082153, 78.947845459, 79.3425827026, 79.7489318848, 80.1552810669, 80.5500183105, 80.9447631836, 81.3511123657, 81.7574615479, 82.1521987915, 82.5469360352, 82.9532852173, 83.3596343994, 83.7543716431, 84.1491165161, 84.5670700073, 84.9618148804, 85.356552124, 85.7629013062, 86.1576385498, 86.5523757935, 86.9587249756, 87.3650741577, 87.7598190308, 88.1661682129, 88.5609054565, 88.9556427002, 89.3619918823, 89.7683410645, 90.1630859375, 90.5578231812, 90.9525604248, 91.3589096069, 91.7652587891, 92.1599960327, 92.5547409058, 92.9610900879, 93.36743927, 93.7621765137, 94.1569137573, 94.551651001, 94.9580001831, 95.3643493652, 95.7590942383, 96.1538314819, 96.5601806641, 96.9665298462, 97.3612670898, 97.7560043335, 98.1623535156, 98.5687026978, 98.9982757568, 99.5671615601, 100.089614868, 100.623672485, 101.146118164, 101.656959534, 102.202629089, 102.748298645, 103.259140015, 103.793197632, 104.315643311, 104.838096619, 105.372154236, 105.778503418, 106.1848526, 106.579589844, 106.974327087, 107.36907196, 107.763809204, 108.158546448, 108.56489563, 108.971244812, 109.365982056, 109.760726929, 110.167076111, 110.573425293, 110.968162537, 111.36289978, 111.769248962, 112.175598145, 112.570335388, 112.965080261, 113.359817505, 113.754554749, 114.160903931, 114.567253113, 114.973602295, 115.379951477, 115.774688721, 116.169433594, 116.564170837, 116.958908081, 117.353645325, 117.748390198, 118.143127441, 118.537864685, 118.932601929, 119.327346802, 119.733695984, 120.128433228, 120.523170471, 120.929519653, 121.335868835, 121.730613708, 122.136962891, 122.543312073, 122.949661255, 123.344398499, 123.750747681, 124.157096863, 124.551834106, 124.94657135, 125.352920532, 125.747665405, 126.154014587, 126.548751831, 126.943489075, 127.349838257, 127.756187439, 128.162536621, 128.557281494, 128.963623047, 129.35836792, 129.753097534, 130.159454346, 130.565795898, 130.960540771, 131.355285645, 131.761627197, 132.167984009, 132.562713623, 132.957458496, 133.363800049, 133.77015686, 134.164901733, 134.559631348, 134.954376221, 135.349105835, 135.755462646, 136.161804199, 136.556549072, 136.962905884, 137.369247437, 137.76399231, 138.158721924, 138.553466797, 138.94821167, 139.366165161, 139.760910034, 140.155639648, 140.550384521, 140.945129395, 141.339859009, 141.74621582, 142.152557373, 142.547302246, 142.953643799, 143.36000061, 143.754730225, 144.149475098, 144.555831909, 144.962173462, 145.356918335, 145.751647949, 146.158004761, 146.564346313, 146.959091187, 147.35383606, 147.760177612, 148.166534424, 148.561264038, 148.956008911, 149.350738525, 149.745483398, 150.140228271, 150.546569824, 150.952926636, 151.34765625, 151.754013062, 152.160354614, 152.555099487, 152.96144104, 153.367797852, 153.762542725, 154.157272339, 154.552017212, 154.958358765, 155.364715576, 155.759460449, 156.154190063, 156.560546875, 156.966888428, 157.361633301, 157.756362915, 158.162719727, 158.569061279, 158.963806152, 159.358551025, 159.776504517, 160.17124939, 160.565979004, 160.960723877, 161.35546875, 161.761810303, 162.168167114, 162.562896729, 162.957641602, 163.363983154, 163.770339966, 164.16506958, 164.559814453, 164.966171265, 165.360900879, 165.755645752, 166.161987305, 166.556732178, 166.96307373, 167.369430542, 167.764175415, 168.158905029, 168.553649902, 168.959991455, 169.366348267, 169.761077881, 170.155822754, 170.550567627, 170.95690918, 171.363265991, 171.769607544, 172.164352417, 172.57069397, 172.965438843, 173.360183716, 173.75491333, 174.161270142, 174.567611694, 174.962356567, 175.35710144, 175.775054932, 176.169799805, 176.564529419, 176.959274292, 177.365615845, 177.771972656, 178.166702271, 178.561447144, 178.967803955, 179.374145508, 179.768890381, 180.163619995, 180.558364868, 180.953109741, 181.347839355, 181.754196167, 182.16053772, 182.555282593, 182.961624146, 183.367980957, 183.762710571, 184.157455444, 184.552200317, 184.95854187, 185.364898682, 185.759628296, 186.165985107, 186.57232666, 186.967071533, 187.361816406, 187.756546021, 188.151290894, 188.557632446, 188.952377319, 189.347122192, 189.753463745, 190.159820557, 190.554550171, 190.960906982, 191.355636597, 191.75038147, 192.145126343, 192.551467896, 192.957824707, 193.352554321, 193.747299194, 194.153640747, 194.559997559, 194.954742432, 195.361083984, 195.767440796, 196.16217041, 196.556915283, 196.963256836, 197.369613647, 197.764343262, 198.159088135, 198.553833008, 198.960174561, 199.366531372, 199.772872925, 200.179229736, 200.573959351, 200.968704224, 201.363449097, 201.758178711, 202.164535522, 202.570877075, 202.965621948, 203.360351563, 203.766708374, 204.173049927, 204.5677948, 204.962539673, 205.368881226, 205.775238037, 206.169967651, 206.564712524, 206.959457397, 207.354187012, 207.748931885, 208.143676758, 208.550018311, 208.956375122, 209.362716675, 209.769073486, 210.163803101, 210.558547974, 210.953277588, 211.348022461, 211.742767334, 212.149108887, 212.54385376, 212.950195313, 213.356552124, 213.751281738, 214.15763855, 214.563980103, 214.958724976, 215.365081787, 215.759811401, 216.154556274, 216.549285889, 216.9556427, 217.361984253, 217.756729126, 218.163085938, 218.56942749, 218.964172363, 219.358901978, 219.753646851, 220.159988403, 220.554733276, 220.961090088, 221.355819702, 221.762176514, 222.168518066, 222.563262939, 222.958007813, 223.352737427, 223.759094238, 224.165435791, 224.571792603, 224.989746094, 225.407699585, 225.825668335, 226.197189331, 226.557098389, 226.928619385, 227.300125122, 227.636825562, 227.973510742, 228.310195923, 228.646896362, 228.995193481, 229.343490601, 229.680175781, 230.016860962, 230.353561401]
