
metadata:
    version:
        essentia: "2.1-beta2"
    audio_properties:
        analysis_sample_rate: 44100
        bitrate: 178
        channels: 2
        equal_loudness: 1
        length: 216.215515137
        replay_gain: -14.4606876373
        downmix: "mix"
    tags:
        album: "Lueurs"
        artist: "Kells"
        comment: " "
        date: "2009"
        genre: "Alternative"
        title: "Délivre-Moi"
        tracknumber: "4"

configuration:
    average_loudness:
        compute: 1
        frameSize: 88200
        hopSize: 44100
        silentFrames: "noise"
        windowType: "hann"
    general:
        analysisSampleRate: 44100
        endTime: 2000
        equalLoudness: 1
        nequalLoudness: 0
        shortSound: 0
        startTime: 0
    lowlevel:
        compute: 1
        frameSize: 2048
        hopSize: 1024
        zeroPadding: 0
        silentFrames: "noise"
        windowType: "blackmanharris62"
        mfccStats: ["mean", "cov", "icov"]
        stats: ["mean", "var", "median", "min", "max", "dmean", "dmean2", "dvar", "dvar2"]
    panning:
        compute: 0
        frameSize: 8192
        hopSize: 2048
        zeroPadding: 8192
        silentFrames: "noise"
        windowType: "hann"
        stats: ["copy"]
    rhythm:
        compute: 1
        maxTempo: 208
        minTempo: 40
        method: "degara"
        stats: ["mean", "var", "median", "min", "max", "dmean", "dmean2", "dvar", "dvar2"]
    segmentation:
        compute: 0
        cpw: 5
        inc1: 300
        inc2: 50
        minimumSegmentsLength: 10
        size1: 1000
        size2: 600
    sfx:
        compute: 1
        stats: ["mean", "var", "median", "min", "max", "dmean", "dmean2", "dvar", "dvar2"]
    svm:
        compute: 0
    tonal:
        compute: 1
        frameSize: 4096
        hopSize: 2048
        zeroPadding: 0
        silentFrames: "noise"
        windowType: "blackmanharris62"
        stats: ["mean", "var", "median", "min", "max", "dmean", "dmean2", "dvar", "dvar2"]

lowlevel:
    average_loudness: 0.888390660286
    barkbands_kurtosis:
        dmean: 0.828430652618
        dmean2: 1.34816837311
        dvar: 1.84817898273
        dvar2: 4.53781795502
        max: 39.0572242737
        mean: -0.173865526915
        median: -0.808343112469
        min: -1.87906050682
        var: 5.07246923447
    barkbands_skewness:
        dmean: 0.366329163313
        dmean2: 0.579241156578
        dvar: 0.126779928803
        dvar2: 0.29866078496
        max: 4.84792327881
        mean: -0.508336424828
        median: -0.562852263451
        min: -5.04350280762
        var: 0.7579433918
    barkbands_spread:
        dmean: 6.01645421982
        dmean2: 9.89705467224
        dvar: 36.6672058105
        dvar2: 98.1227416992
        max: 68.1961593628
        mean: 30.9390640259
        median: 31.1229572296
        min: 0.786377549171
        var: 137.716064453
    dissonance:
        dmean: 0.0119180614129
        dmean2: 0.0204672701657
        dvar: 0.000307230075123
        dvar2: 0.000886679103132
        max: 0.500000059605
        mean: 0.480789214373
        median: 0.487969100475
        min: 0.165887504816
        var: 0.00052339839749
    hfc:
        dmean: 2.40203022957
        dmean2: 3.65409111977
        dvar: 9.50640869141
        dvar2: 20.8749408722
        max: 51.820098877
        mean: 10.6604089737
        median: 10.1403884888
        min: 1.21507088042e-016
        var: 47.6126899719
    pitch:
        dmean: 747.446350098
        dmean2: 1431.07458496
        dvar: 1516038.25
        dvar2: 3718318
        max: 4533.64208984
        mean: 1875.89111328
        median: 847.297363281
        min: 64.4921340942
        var: 2536376.75
    pitch_instantaneous_confidence:
        dmean: 0.077411621809
        dmean2: 0.124678969383
        dvar: 0.00464415038005
        dvar2: 0.0112057672814
        max: 0.971587181091
        mean: 0.434384524822
        median: 0.392593324184
        min: 0.115774214268
        var: 0.0305089764297
    pitch_salience:
        dmean: 0.049861304462
        dmean2: 0.0800950154662
        dvar: 0.00209478987381
        dvar2: 0.00514945620671
        max: 0.953268110752
        mean: 0.655799984932
        median: 0.688665926456
        min: 0.113394156098
        var: 0.0130170090124
    silence_rate_20dB:
        dmean: 0
        dmean2: 0
        dvar: 0
        dvar2: 0
        max: 1
        mean: 1
        median: 1
        min: 1
        var: 0
    silence_rate_30dB:
        dmean: 0
        dmean2: 0
        dvar: 0
        dvar2: 0
        max: 1
        mean: 1
        median: 1
        min: 1
        var: 0
    silence_rate_60dB:
        dmean: 0.06980240345
        dmean2: 0.139619797468
        dvar: 0.0649363845587
        dvar2: 0.14311774075
        max: 1
        mean: 0.270911633968
        median: 0
        min: 0
        var: 0.197505354881
    spectral_centroid:
        dmean: 236.938171387
        dmean2: 378.093353271
        dvar: 63076.7421875
        dvar2: 134567.046875
        max: 11196.8251953
        mean: 2164.3515625
        median: 2190.71508789
        min: 164.376693726
        var: 307995.0625
    spectral_complexity:
        dmean: 3.70425248146
        dmean2: 5.7800450325
        dvar: 16.2697067261
        dvar2: 33.9342498779
        max: 49
        mean: 17.5779018402
        median: 18
        min: 0
        var: 91.990776062
    spectral_crest:
        dmean: 1.59373915195
        dmean2: 2.5887260437
        dvar: 2.27920103073
        dvar2: 5.47023010254
        max: 25.3259544373
        mean: 7.16563606262
        median: 6.09473800659
        min: 2.38881373405
        var: 11.9753465652
    spectral_decrease:
        dmean: 2.25251789443e-010
        dmean2: 3.49066830996e-010
        dvar: 9.41123190969e-020
        dvar2: 2.10802520089e-019
        max: 7.77142524289e-029
        mean: -9.9827768274e-010
        median: -1.00125929769e-009
        min: -3.65128483004e-009
        var: 3.35485819038e-019
    spectral_energy:
        dmean: 0.00103664700873
        dmean2: 0.00159504381008
        dvar: 1.97153030967e-006
        dvar2: 4.35358651885e-006
        max: 0.0179285258055
        mean: 0.00473465817049
        median: 0.00473084487021
        min: 1.12832096521e-020
        var: 7.63961907069e-006
    spectral_energyband_high:
        dmean: 0.00021021028806
        dmean2: 0.000332062860252
        dvar: 1.01009959508e-007
        dvar2: 2.3592475884e-007
        max: 0.00616145785898
        mean: 0.00057236617431
        median: 0.000466294528451
        min: 7.79225462775e-021
        var: 2.8053875667e-007
    spectral_energyband_low:
        dmean: 0.000229187106015
        dmean2: 0.000404246908147
        dvar: 1.20448532925e-007
        dvar2: 3.45553360148e-007
        max: 0.00316592515446
        mean: 0.000314651057124
        median: 0.000224594623432
        min: 6.05922546687e-023
        var: 1.23096455695e-007
    spectral_energyband_middle_high:
        dmean: 0.000691060966346
        dmean2: 0.00105015968438
        dvar: 6.57089913148e-007
        dvar2: 1.45522062667e-006
        max: 0.0162260718644
        mean: 0.00300529180095
        median: 0.00286333193071
        min: 1.57741404109e-021
        var: 3.7325755784e-006
    spectral_energyband_middle_low:
        dmean: 0.000408769119531
        dmean2: 0.000661248748656
        dvar: 4.54882865597e-007
        dvar2: 1.08836854906e-006
        max: 0.00861303415149
        mean: 0.000951706024352
        median: 0.000763350108173
        min: 2.32115745417e-022
        var: 7.84708845458e-007
    spectral_flatness_db:
        dmean: 0.0128450850025
        dmean2: 0.0201621260494
        dvar: 0.00015883622109
        dvar2: 0.000342938874383
        max: 0.516559541225
        mean: 0.154356479645
        median: 0.13782697916
        min: 0.0547937341034
        var: 0.00403689267114
    spectral_flux:
        dmean: 0.00752349570394
        dmean2: 0.0115079870448
        dvar: 7.94013321865e-005
        dvar2: 0.000180942282896
        max: 0.112888626754
        mean: 0.0414662957191
        median: 0.0416696630418
        min: 7.02755700854e-011
        var: 0.000331669347361
    spectral_kurtosis:
        dmean: 1.51960551739
        dmean2: 2.65540647507
        dvar: 13.766579628
        dvar2: 42.2932243347
        max: 77.8193664551
        mean: 4.26154232025
        median: 2.93650197983
        min: -1.59618604183
        var: 38.7882919312
    spectral_rms:
        dmean: 0.000226371907047
        dmean2: 0.000341694394592
        dvar: 7.65555654425e-008
        dvar2: 1.59282876666e-007
        max: 0.00418225349858
        mean: 0.00201442907564
        median: 0.00214836164378
        min: 3.31783212015e-012
        var: 5.6125344372e-007
    spectral_rolloff:
        dmean: 217.921936035
        dmean2: 359.605560303
        dvar: 137995.140625
        dvar2: 272966.59375
        max: 19659.8144531
        mean: 3650.37207031
        median: 3789.84375
        min: 150.732421875
        var: 549364.125
    spectral_skewness:
        dmean: 0.173270136118
        dmean2: 0.294834405184
        dvar: 0.0831466913223
        dvar2: 0.254722505808
        max: 6.2563996315
        mean: 1.2455496788
        median: 1.15256619453
        min: -0.0330598317087
        var: 0.288003206253
    spectral_spread:
        dmean: 422247.28125
        dmean2: 649746.875
        dvar: 421939478528
        dvar2: 673469169664
        max: 40838740
        mean: 4223333.5
        median: 4078348.25
        min: 927600.875
        var: 2.07194423296e+012
    spectral_strongpeak:
        dmean: 0.638813912868
        dmean2: 1.07578921318
        dvar: 0.871624469757
        dvar2: 2.2594935894
        max: 10.9979124069
        mean: 1.07406365871
        median: 0.623184084892
        min: 2.60734389634e-009
        var: 1.87832200527
    zerocrossingrate:
        dmean: 0.00675948616117
        dmean2: 0.00831688102335
        dvar: 5.0470156566e-005
        dvar2: 5.91173557041e-005
        max: 0.50146484375
        mean: 0.115259803832
        median: 0.1181640625
        min: 0.01318359375
        var: 0.000638764235191
    barkbands:
        dmean: [1.14389547434e-006, 6.1352897319e-005, 0.000135290989419, 0.000131425666041, 0.000187649042346, 8.15257662907e-005, 0.000100561490399, 4.29935425927e-005, 6.43237726763e-005, 7.27823498892e-005, 0.000118517855299, 3.99153796025e-005, 4.07285733672e-005, 7.23054254195e-005, 9.99523035716e-005, 0.00011282152991, 0.000170790095581, 0.000171537321876, 0.00026620173594, 0.000276507984381, 7.71299164626e-005, 2.39506080106e-005, 4.95486619911e-006, 2.5391636882e-006, 9.2809347052e-007, 3.52715758822e-008, 3.19616555444e-010]
        dmean2: [1.43304873745e-006, 0.000107209016278, 0.000240263165324, 0.000225814786972, 0.000305644527543, 0.000139077019412, 0.000164839875652, 7.29019084247e-005, 0.000104607075627, 0.00010971318261, 0.000175305875018, 6.52190647088e-005, 6.54344912618e-005, 0.000116960560263, 0.000163969933055, 0.00018759915838, 0.000284007430309, 0.000281336717308, 0.000434033776401, 0.000443749711849, 0.000126166880364, 4.00613098464e-005, 7.92860828369e-006, 3.91694538848e-006, 1.38395955673e-006, 5.32870281233e-008, 5.32104638129e-010]
        dvar: [3.16242344811e-012, 8.7644007607e-009, 4.44442882497e-008, 3.48416726581e-008, 9.91310074028e-008, 2.56174299551e-008, 5.25241574678e-008, 9.83078063399e-009, 1.23689547493e-008, 3.57477674129e-008, 7.83936897619e-008, 1.22417311843e-008, 1.03291135645e-008, 2.93311046562e-008, 3.05886054264e-008, 4.14706882168e-008, 5.22333749586e-008, 4.82016488945e-008, 1.07861360732e-007, 1.36210246637e-007, 1.52177399571e-008, 1.31155297733e-009, 6.76034991876e-011, 4.98000009286e-011, 4.67045456129e-012, 2.7671311084e-014, 3.10360621522e-019]
        dvar2: [5.58921875796e-012, 2.47036489043e-008, 1.27798301719e-007, 9.89552830788e-008, 2.34550199707e-007, 6.97416098205e-008, 1.2792467885e-007, 2.56657415321e-008, 2.86770696079e-008, 7.18354584706e-008, 1.56637653959e-007, 2.67758046846e-008, 2.32538184264e-008, 6.22530009764e-008, 7.63633494216e-008, 1.01564339161e-007, 1.33716341111e-007, 1.1807053113e-007, 2.76441397773e-007, 3.27819606127e-007, 3.8149522652e-008, 3.38056960203e-009, 1.57477864082e-010, 1.32612615333e-010, 9.12478512888e-012, 6.17173887408e-014, 6.76243880506e-019]
        max: [1.75353379746e-005, 0.000867485417984, 0.0022289683111, 0.00253316387534, 0.00536341499537, 0.00261433562264, 0.00337620149367, 0.0022625378333, 0.00251580402255, 0.00425887061283, 0.00506152352318, 0.00308289774694, 0.00391912087798, 0.00421625934541, 0.00417457008734, 0.00749361142516, 0.00747826788574, 0.0047617754899, 0.00852622464299, 0.00785404164344, 0.00280543416739, 0.000496450345963, 0.000188251302461, 0.000371495785657, 6.78475335008e-005, 6.45254522169e-006, 1.26076402651e-008]
        mean: [1.64320408658e-006, 8.42381850816e-005, 0.000149117026012, 0.000175918292371, 0.000310995004838, 0.000123552876175, 0.000135969166877, 5.99279883318e-005, 0.000123748308397, 0.000125504564494, 0.000314685254125, 7.10062231519e-005, 6.96765928296e-005, 0.000122523735627, 0.00018168486713, 0.000220667207032, 0.000382675323635, 0.000390150322346, 0.000674037903082, 0.000768113532104, 0.000180437389645, 4.99886300531e-005, 1.05109611468e-005, 5.92542210143e-006, 1.89914726434e-006, 5.74534659847e-008, 4.08551831255e-010]
        median: [1.79252523935e-007, 6.16969191469e-005, 8.3447805082e-005, 0.000112177753181, 0.000202316485229, 6.78098731441e-005, 5.85936140851e-005, 3.14801072818e-005, 5.85991729167e-005, 3.47414679709e-005, 3.96933501179e-005, 3.32832678396e-005, 3.71855239791e-005, 6.21788640274e-005, 0.000123231293401, 0.000176839719643, 0.000313593220199, 0.000313161028316, 0.000575776793994, 0.000551889475901, 0.000149030878674, 3.91528046748e-005, 7.81542348705e-006, 4.02124624088e-006, 9.47033640841e-007, 1.45568055387e-008, 2.0388087052e-010]
        min: [2.45903307224e-024, 1.85008929083e-023, 1.10117709071e-023, 1.31664766277e-023, 5.78154074844e-023, 5.69312269382e-023, 1.55754448398e-023, 1.18328410031e-023, 3.55975155866e-023, 3.40801984334e-023, 2.08179477809e-023, 1.27540658263e-022, 6.06768773558e-023, 6.52677890778e-023, 1.07641774457e-022, 1.2408980201e-022, 1.44675815218e-022, 1.79374663617e-022, 2.80821103178e-022, 3.05011869935e-022, 4.96241926511e-022, 4.3128537777e-022, 5.61258100514e-022, 9.73342578608e-022, 1.04881796274e-021, 1.61333874147e-021, 2.60509547931e-021]
        var: [6.8441693285e-012, 9.17409348489e-009, 3.95232220285e-008, 4.42030128056e-008, 1.57413609259e-007, 3.55081084535e-008, 6.62029364662e-008, 1.06928057519e-008, 4.36212985733e-008, 9.61696997592e-008, 4.79309335333e-007, 3.33363594507e-008, 2.52535130585e-008, 6.53648370985e-008, 4.66875533789e-008, 6.45823803325e-008, 1.269069827e-007, 1.21414473142e-007, 2.85522020249e-007, 6.65455729632e-007, 2.59100882971e-008, 2.05926031782e-009, 1.23953000641e-010, 7.73379138508e-011, 1.43828777013e-011, 5.3153753507e-014, 5.21768056208e-019]
    frequency_bands:
        dmean: [1.14389547434e-006, 6.1352897319e-005, 0.000135290989419, 0.000131425666041, 0.000187649042346, 8.15257662907e-005, 0.000100561490399, 4.29935425927e-005, 6.43237726763e-005, 7.27823498892e-005, 0.000118517855299, 3.99153796025e-005, 4.07285733672e-005, 7.23054254195e-005, 9.99523035716e-005, 0.00011282152991, 0.000170790095581, 0.000171537321876, 0.00026620173594, 0.000276507984381, 7.71299164626e-005, 2.39506080106e-005, 4.95486619911e-006, 2.5391636882e-006, 9.2809347052e-007, 3.52715758822e-008, 3.19616555444e-010, 5.60425872376e-011]
        dmean2: [1.43304873745e-006, 0.000107209016278, 0.000240263165324, 0.000225814786972, 0.000305644527543, 0.000139077019412, 0.000164839875652, 7.29019084247e-005, 0.000104607075627, 0.00010971318261, 0.000175305875018, 6.52190647088e-005, 6.54344912618e-005, 0.000116960560263, 0.000163969933055, 0.00018759915838, 0.000284007430309, 0.000281336717308, 0.000434033776401, 0.000443749711849, 0.000126166880364, 4.00613098464e-005, 7.92860828369e-006, 3.91694538848e-006, 1.38395955673e-006, 5.32870281233e-008, 5.32104638129e-010, 1.04140258916e-010]
        dvar: [3.16242344811e-012, 8.7644007607e-009, 4.44442882497e-008, 3.48416726581e-008, 9.91310074028e-008, 2.56174299551e-008, 5.25241574678e-008, 9.83078063399e-009, 1.23689547493e-008, 3.57477674129e-008, 7.83936897619e-008, 1.22417311843e-008, 1.03291135645e-008, 2.93311046562e-008, 3.05886054264e-008, 4.14706882168e-008, 5.22333749586e-008, 4.82016488945e-008, 1.07861360732e-007, 1.36210246637e-007, 1.52177399571e-008, 1.31155297733e-009, 6.76034991876e-011, 4.98000009286e-011, 4.67045456129e-012, 2.7671311084e-014, 3.10360621522e-019, 7.00836044128e-021]
        dvar2: [5.58921875796e-012, 2.47036489043e-008, 1.27798301719e-007, 9.89552830788e-008, 2.34550199707e-007, 6.97416098205e-008, 1.2792467885e-007, 2.56657415321e-008, 2.86770696079e-008, 7.18354584706e-008, 1.56637653959e-007, 2.67758046846e-008, 2.32538184264e-008, 6.22530009764e-008, 7.63633494216e-008, 1.01564339161e-007, 1.33716341111e-007, 1.1807053113e-007, 2.76441397773e-007, 3.27819606127e-007, 3.8149522652e-008, 3.38056960203e-009, 1.57477864082e-010, 1.32612615333e-010, 9.12478512888e-012, 6.17173887408e-014, 6.76243880506e-019, 2.24473069116e-020]
        max: [1.75353379746e-005, 0.000867485417984, 0.0022289683111, 0.00253316387534, 0.00536341499537, 0.00261433562264, 0.00337620149367, 0.0022625378333, 0.00251580402255, 0.00425887061283, 0.00506152352318, 0.00308289774694, 0.00391912087798, 0.00421625934541, 0.00417457008734, 0.00749361142516, 0.00747826788574, 0.0047617754899, 0.00852622464299, 0.00785404164344, 0.00280543416739, 0.000496450345963, 0.000188251302461, 0.000371495785657, 6.78475335008e-005, 6.45254522169e-006, 1.26076402651e-008, 1.0950030882e-009]
        mean: [1.64320408658e-006, 8.42381850816e-005, 0.000149117026012, 0.000175918292371, 0.000310995004838, 0.000123552876175, 0.000135969166877, 5.99279883318e-005, 0.000123748308397, 0.000125504564494, 0.000314685254125, 7.10062231519e-005, 6.96765928296e-005, 0.000122523735627, 0.00018168486713, 0.000220667207032, 0.000382675323635, 0.000390150322346, 0.000674037903082, 0.000768113532104, 0.000180437389645, 4.99886300531e-005, 1.05109611468e-005, 5.92542210143e-006, 1.89914726434e-006, 5.74534659847e-008, 4.08551831255e-010, 4.39380060113e-011]
        median: [1.79252523935e-007, 6.16969191469e-005, 8.3447805082e-005, 0.000112177753181, 0.000202316485229, 6.78098731441e-005, 5.85936140851e-005, 3.14801072818e-005, 5.85991729167e-005, 3.47414679709e-005, 3.96933501179e-005, 3.32832678396e-005, 3.71855239791e-005, 6.21788640274e-005, 0.000123231293401, 0.000176839719643, 0.000313593220199, 0.000313161028316, 0.000575776793994, 0.000551889475901, 0.000149030878674, 3.91528046748e-005, 7.81542348705e-006, 4.02124624088e-006, 9.47033640841e-007, 1.45568055387e-008, 2.0388087052e-010, 1.55149695175e-011]
        min: [2.45903307224e-024, 1.85008929083e-023, 1.10117709071e-023, 1.31664766277e-023, 5.78154074844e-023, 5.69312269382e-023, 1.55754448398e-023, 1.18328410031e-023, 3.55975155866e-023, 3.40801984334e-023, 2.08179477809e-023, 1.27540658263e-022, 6.06768773558e-023, 6.52677890778e-023, 1.07641774457e-022, 1.2408980201e-022, 1.44675815218e-022, 1.79374663617e-022, 2.80821103178e-022, 3.05011869935e-022, 4.96241926511e-022, 4.3128537777e-022, 5.61258100514e-022, 9.73342578608e-022, 1.04881796274e-021, 1.61333874147e-021, 2.60509547931e-021, 6.35243256979e-022]
        var: [6.8441693285e-012, 9.17409348489e-009, 3.95232220285e-008, 4.42030128056e-008, 1.57413609259e-007, 3.55081084535e-008, 6.62029364662e-008, 1.06928057519e-008, 4.36212985733e-008, 9.61696997592e-008, 4.79309335333e-007, 3.33363594507e-008, 2.52535130585e-008, 6.53648370985e-008, 4.66875533789e-008, 6.45823803325e-008, 1.269069827e-007, 1.21414473142e-007, 2.85522020249e-007, 6.65455729632e-007, 2.59100882971e-008, 2.05926031782e-009, 1.23953000641e-010, 7.73379138508e-011, 1.43828777013e-011, 5.3153753507e-014, 5.21768056208e-019, 5.51542181634e-021]
    mfcc:
        mean: [-714.602844238, 80.6659011841, -55.1678581238, 53.9597091675, -10.0218086243, -6.68684911728, 2.56035232544, -0.875714182854, -0.534011423588, 0.210983589292, -10.4965658188, -6.83576488495, -5.0454659462]
        cov: [[10112.9677734, 1220.90344238, -235.624267578, 2042.76501465, 3.64582324028, 276.313964844, -138.806411743, -394.933959961, -241.279373169, -123.335868835, -181.166091919, 28.7141361237, 148.374603271], [1220.90344238, 577.928344727, -50.6159744263, 345.565307617, 69.6895370483, 74.672706604, 48.8633880615, 1.47834527493, 19.2680873871, -11.9857406616, -23.3408088684, -26.5139541626, 8.35802650452], [-235.624267578, -50.6159744263, 466.18850708, 116.36730957, 94.7660827637, 92.7704086304, -3.34647488594, -9.63552284241, -20.717590332, -26.764673233, 29.5141716003, 42.2833595276, 14.8889923096], [2042.76501465, 345.565307617, 116.36730957, 722.860046387, 96.146736145, 160.936828613, -39.9512710571, -96.201423645, -70.2672729492, -32.0831375122, -1.24628639221, 56.5623474121, 55.4430580139], [3.64582324028, 69.6895370483, 94.7660827637, 96.146736145, 146.391220093, 49.6187820435, 37.8701782227, 9.19943809509, 7.83706188202, 1.67607033253, 19.9706573486, 26.29047966, 12.4582996368], [276.313964844, 74.672706604, 92.7704086304, 160.936828613, 49.6187820435, 168.026245117, 34.1460037231, 18.6080245972, -5.09990549088, -15.3620376587, 22.3986682892, 18.8435935974, 18.0074386597], [-138.806411743, 48.8633880615, -3.34647488594, -39.9512710571, 37.8701782227, 34.1460037231, 140.217071533, 64.8282089233, 41.5765380859, 18.0151920319, -20.6465988159, -10.3816108704, 10.8884420395], [-394.933959961, 1.47834527493, -9.63552284241, -96.201423645, 9.19943809509, 18.6080245972, 64.8282089233, 135.496154785, 74.0047607422, 30.1477661133, -1.50931358337, -22.6098709106, -8.15312862396], [-241.279373169, 19.2680873871, -20.717590332, -70.2672729492, 7.83706188202, -5.09990549088, 41.5765380859, 74.0047607422, 102.914764404, 31.2311096191, 0.0110125858337, -31.7312641144, -11.943655014], [-123.335868835, -11.9857406616, -26.764673233, -32.0831375122, 1.67607033253, -15.3620376587, 18.0151920319, 30.1477661133, 31.2311096191, 84.7098464966, 13.8409166336, -7.39370727539, -15.0562896729], [-181.166091919, -23.3408088684, 29.5141716003, -1.24628639221, 19.9706573486, 22.3986682892, -20.6465988159, -1.50931358337, 0.0110125858337, 13.8409166336, 95.1155776978, 38.2735900879, -4.46604633331], [28.7141361237, -26.5139541626, 42.2833595276, 56.5623474121, 26.29047966, 18.8435935974, -10.3816108704, -22.6098709106, -31.7312641144, -7.39370727539, 38.2735900879, 88.5777206421, 32.0055541992], [148.374603271, 8.35802650452, 14.8889923096, 55.4430580139, 12.4582996368, 18.0074386597, 10.8884420395, -8.15312862396, -11.943655014, -15.0562896729, -4.46604633331, 32.0055541992, 64.6425476074]]
        icov: [[0.000328221562086, -0.000134238813189, 0.000258392188698, -0.000955360883381, 0.00042901665438, 0.000116171366244, -0.000142788223457, 0.000326713838149, 1.8548569642e-005, 5.53105783183e-005, 0.000273862708127, 0.000175743291038, -7.76964516263e-005], [-0.000134238813189, 0.00326939392835, 0.000683035701513, -0.00157591281459, -0.000950440124143, 0.000402522826334, -0.00129349750932, -0.000418612704379, -0.000722438388038, 0.00100718729664, -0.000582980574109, 0.00148600665852, 0.000640927115455], [0.000258392188698, 0.000683035701513, 0.00315812858753, -0.00108785845805, -0.00142022792716, -0.00105780560989, 0.000255841587204, 0.000158629365615, -4.10885550082e-005, 0.000809755176306, 0.000225689014769, -0.000141239972436, 0.000336068798788], [-0.000955360883381, -0.00157591281459, -0.00108785845805, 0.00648116366938, -0.00206802785397, -0.00325840851292, 0.00254887738265, 0.000924110587221, 0.000305415771436, -0.00157219450921, 0.000933403149247, -0.00192810804583, -0.00120879604947], [0.00042901665438, -0.000950440124143, -0.00142022792716, -0.00206802785397, 0.0108047025278, 0.000149469196913, -0.00319523131475, 0.000783316907473, -0.00112590787467, -7.50101935409e-006, -0.00122540188022, -0.00184726144653, 0.000372193055227], [0.000116171366244, 0.000402522826334, -0.00105780560989, -0.00325840851292, 0.000149469196913, 0.0109570212662, -0.00346281263046, -0.0031891122926, 0.00167360028718, 0.00261478964239, -0.00389521825127, 0.00171087123454, -0.000378352822736], [-0.000142788223457, -0.00129349750932, 0.000255841587204, 0.00254887738265, -0.00319523131475, -0.00346281263046, 0.0126931229606, -0.00317774922587, -0.00102879176848, -0.0023555951193, 0.00426897406578, -0.00121765141375, -0.00254940381274], [0.000326713838149, -0.000418612704379, 0.000158629365615, 0.000924110587221, 0.000783316907473, -0.0031891122926, -0.00317774922587, 0.0158450081944, -0.00838087219745, -0.00185377465095, 0.00107047869824, -0.000415003305534, 4.54107248515e-005], [1.8548569642e-005, -0.000722438388038, -4.10885550082e-005, 0.000305415771436, -0.00112590787467, 0.00167360028718, -0.00102879176848, -0.00838087219745, 0.019108556211, -0.00284272967838, -0.00250708451495, 0.00550514319912, -0.00136506115086], [5.53105783183e-005, 0.00100718729664, 0.000809755176306, -0.00157219450921, -7.50101935409e-006, 0.00261478964239, -0.0023555951193, -0.00185377465095, -0.00284272967838, 0.0154676055536, -0.00323339155875, 0.000137801238452, 0.00312657584436], [0.000273862708127, -0.000582980574109, 0.000225689014769, 0.000933403149247, -0.00122540188022, -0.00389521825127, 0.00426897406578, 0.00107047869824, -0.00250708451495, -0.00323339155875, 0.0172004401684, -0.00895089004189, 0.00373517791741], [0.000175743291038, 0.00148600665852, -0.000141239972436, -0.00192810804583, -0.00184726144653, 0.00171087123454, -0.00121765141375, -0.000415003305534, 0.00550514319912, 0.000137801238452, -0.00895089004189, 0.022167140618, -0.0094215516001], [-7.76964516263e-005, 0.000640927115455, 0.000336068798788, -0.00120879604947, 0.000372193055227, -0.000378352822736, -0.00254940381274, 4.54107248515e-005, -0.00136506115086, 0.00312657584436, 0.00373517791741, -0.0094215516001, 0.0223921667784]]
    sccoeffs:
        dmean: [0.0529812984169, 0.0451947636902, 0.0370650626719, 0.0297865234315, 0.0195091348141, 0.0167831275612]
        dmean2: [0.0864214897156, 0.0760689303279, 0.0606008581817, 0.0491882413626, 0.0325910262764, 0.0275610890239]
        dvar: [0.00180588918738, 0.001332825399, 0.000952704052906, 0.000569718016777, 0.000249054777669, 0.000227132608416]
        dvar2: [0.00477302027866, 0.00360140926205, 0.00232211872935, 0.00148998876102, 0.000641805585474, 0.000574338017032]
        max: [-0.327891021967, -0.502378046513, -0.462705224752, -0.569345295429, -0.555826306343, -0.602182626724]
        mean: [-0.70368206501, -0.785790205002, -0.766565561295, -0.788737416267, -0.790821135044, -0.745440602303]
        median: [-0.70667630434, -0.792291462421, -0.790753185749, -0.794246256351, -0.794583380222, -0.740345954895]
        min: [-0.967492580414, -0.960872113705, -0.963044583797, -0.964477717876, -0.963124632835, -0.962907314301]
        var: [0.00590148894116, 0.00413460191339, 0.007316196803, 0.00199770578183, 0.00144398096018, 0.00142505567055]
    scvalleys:
        dmean: [0.406284213066, 0.371337532997, 0.315310657024, 0.260411709547, 0.203251108527, 0.240504413843]
        dmean2: [0.661831855774, 0.616311013699, 0.516177713871, 0.411471605301, 0.308981001377, 0.362804889679]
        dvar: [0.150114819407, 0.129173666239, 0.0996344611049, 0.0790443569422, 0.0724035650492, 0.0945281609893]
        dvar2: [0.326675713062, 0.286898881197, 0.212706908584, 0.149993851781, 0.121693603694, 0.177332878113]
        max: [-5.17132949829, -4.79233884811, -5.47081279755, -5.81135559082, -5.48461198807, -7.68203258514]
        mean: [-7.16352319717, -7.02131557465, -7.28165769577, -7.24851179123, -6.85835695267, -9.8285484314]
        median: [-6.50912189484, -6.6501994133, -6.96855068207, -6.90360307693, -6.44562339783, -9.42137050629]
        min: [-27.507484436, -27.8798675537, -27.2987918854, -27.3355388641, -27.2731056213, -27.3057022095]
        var: [3.3771750927, 2.29147076607, 1.61114501953, 1.67793405056, 2.07946968079, 2.73087406158]

rhythm:
    beats_loudness:
        dmean: 0.00376620213501
        dmean2: 0.00723798619583
        dvar: 5.70983957005e-006
        dvar2: 1.84344808076e-005
        max: 0.0138325979933
        mean: 0.00675276247784
        median: 0.00661800522357
        min: 1.98668370643e-009
        var: 1.12658544822e-005
    bpm: 104.034408569
    bpm_confidence: 0
    first_peak_bpm: 103
    first_peak_spread: 0.31506845355
    first_peak_weight: 0.670241296291
    onset_rate: 2.30788254738
    second_peak_bpm: 108
    second_peak_spread: 0.375000029802
    second_peak_weight: 0.0134048257023
    beats_loudness_band_ratio:
        dmean: [0.0866810083389, 0.093802921474, 0.0929481089115, 0.0996705666184, 0.102308750153, 0.0982738435268]
        dmean2: [0.148522123694, 0.180366531014, 0.171998858452, 0.175638958812, 0.185009330511, 0.162874132395]
        dvar: [0.00780274253339, 0.00540822325274, 0.0147788506001, 0.0174136832356, 0.00699478574097, 0.00736309448257]
        dvar2: [0.0244898851961, 0.0172053556889, 0.0437719374895, 0.053693536669, 0.022562449798, 0.0208921954036]
        max: [0.712548315525, 0.506455421448, 0.879300951958, 0.929132223129, 0.593651175499, 0.711240589619]
        mean: [0.124029055238, 0.1004512012, 0.109781317413, 0.127357184887, 0.265180289745, 0.326973557472]
        median: [0.103523686528, 0.0854018032551, 0.0842526704073, 0.0581462644041, 0.254432380199, 0.328060269356]
        min: [1.57035410666e-005, 2.82304026769e-005, 0.0128746237606, 0.0104365758598, 0.0233650431037, 0.00375961628743]
        var: [0.0098987063393, 0.00626192241907, 0.0134962787852, 0.0228229742497, 0.010370916687, 0.0154830515385]
    beats_position: [0.510838985443, 1.04489791393, 1.57895684242, 2.12462592125, 2.68190479279, 3.25079369545, 3.83129239082, 4.41179132462, 4.98067998886, 5.54956912994, 6.13006782532, 6.71056699753, 7.2910656929, 7.87156438828, 8.44045352936, 9.0093421936, 9.58984088898, 10.1703395844, 10.7508392334, 11.3313379288, 11.9118366241, 12.4923353195, 13.0612239838, 13.6301136017, 14.2106122971, 14.7911109924, 15.3599996567, 15.9404983521, 16.50938797, 17.0898857117, 17.6703853607, 18.2508831024, 18.8313827515, 19.4118824005, 19.9807701111, 20.549659729, 21.1301574707, 21.7106571198, 22.2911567688, 22.8716545105, 23.4521541595, 24.0326519012, 24.6015415192, 25.1820411682, 25.7625389099, 26.3314285278, 26.9119262695, 27.4924259186, 28.0729255676, 28.6534233093, 29.2223129272, 29.7912006378, 30.3717002869, 30.9521980286, 31.5210876465, 32.0899772644, 32.6704750061, 33.2509727478, 33.8314743042, 34.4119720459, 34.9808616638, 35.5613594055, 36.1418571472, 36.7107467651, 37.2912483215, 37.8717460632, 38.4522438049, 39.0095214844, 39.5900230408, 40.1705207825, 40.7510185242, 41.3315200806, 41.9120178223, 42.492515564, 43.0730133057, 43.6302947998, 44.2107925415, 44.7912902832, 45.3717918396, 45.9522895813, 46.5211791992, 47.0900688171, 47.6705665588, 48.2510643005, 48.8199539185, 49.3888435364, 49.9693412781, 50.5498390198, 51.1303405762, 51.7108383179, 52.2913360596, 52.871837616, 53.4407234192, 54.0096130371, 54.5901107788, 55.1706123352, 55.7511100769, 56.3316078186, 56.912109375, 57.4926071167, 58.0614967346, 58.6303825378, 59.2108840942, 59.7913818359, 60.3602714539, 60.9407691956, 61.5096588135, 62.0901565552, 62.6706581116, 63.2511558533, 63.8200454712, 64.3889312744, 64.9694290161, 65.5499343872, 66.1304321289, 66.7109298706, 67.2914276123, 67.871925354, 68.4408187866, 69.0097045898, 69.5902023315, 70.1707000732, 70.7511978149, 71.3316955566, 71.9005889893, 72.481086731, 73.0499725342, 73.6304779053, 74.210975647, 74.7914733887, 75.3719711304, 75.9408569336, 76.5097503662, 77.0902481079, 77.6707458496, 78.2512435913, 78.831741333, 79.4122467041, 79.9811325073, 80.5500183105, 81.1305236816, 81.7110214233, 82.291519165, 82.8604049683, 83.4292984009, 84.0097961426, 84.5902938843, 85.170791626, 85.7512893677, 86.3317871094, 86.900680542, 87.4695663452, 88.0500640869, 88.6305618286, 89.2110671997, 89.7915649414, 90.3720626831, 90.9525604248, 91.521446228, 92.0903396606, 92.6708374023, 93.251335144, 93.8318328857, 94.4007263184, 94.9696121216, 95.5501098633, 96.130607605, 96.7111129761, 97.2916107178, 97.8721084595, 98.4409942627, 99.0098876953, 99.590385437, 100.170883179, 100.75138092, 101.331878662, 101.912376404, 102.481269836, 103.05015564, 103.630653381, 104.211151123, 104.791656494, 105.372154236, 105.952651978, 106.521537781, 107.090431213, 107.670928955, 108.251426697, 108.8203125, 109.400817871, 109.981315613, 110.550201416, 111.130699158, 111.711196899, 112.291702271, 112.872200012, 113.452697754, 114.021583557, 114.59047699, 115.170974731, 115.751472473, 116.331970215, 116.900856018, 117.469749451, 118.050247192, 118.630744934, 119.211242676, 119.791740417, 120.36063385, 120.929519653, 121.510017395, 122.090522766, 122.671020508, 123.25151825, 123.832015991, 124.412513733, 124.981407166, 125.550292969, 126.13079071, 126.711288452, 127.291786194, 127.872291565, 128.441177368, 129.010070801, 129.590560913, 130.171066284, 130.751556396, 131.332061768, 131.9009552, 132.469833374, 133.050338745, 133.630844116, 134.211334229, 134.7918396, 135.372329712, 135.941223145, 136.510116577, 137.090606689, 137.671112061, 138.251602173, 138.820495605, 139.401000977, 139.96987915, 140.550384521, 141.130874634, 141.711380005, 142.291885376, 142.872375488, 143.452880859, 144.033370972, 144.602264404, 145.171157837, 145.751647949, 146.33215332, 146.912643433, 147.481536865, 148.050430298, 148.63092041, 149.211425781, 149.791931152, 150.372421265, 150.952926636, 151.52180481, 152.090698242, 152.671203613, 153.251693726, 153.832199097, 154.412689209, 154.981582642, 155.550476074, 156.130966187, 156.711471558, 157.291976929, 157.872467041, 158.452972412, 159.021850586, 159.590744019, 160.17124939, 160.751739502, 161.332244873, 161.912734985, 162.493240356, 163.062133789, 163.631011963, 164.211517334, 164.792022705, 165.360900879, 165.94140625, 166.510284424, 167.090789795, 167.659683228, 168.24017334, 168.820678711, 169.401168823, 169.970062256, 170.550567627, 171.131057739, 171.71156311, 172.280456543, 172.849334717, 173.429840088, 174.0103302, 174.590835571, 175.171340942, 175.751831055, 176.332336426, 176.9012146, 177.470108032, 178.050613403, 178.631103516, 179.211608887, 179.792098999, 180.360992432, 180.929885864, 181.510375977, 182.090881348, 182.671386719, 183.251876831, 183.832382202, 184.412872314, 184.981765747, 185.55065918, 186.131149292, 186.711654663, 187.292144775, 187.872650146, 188.453155518, 189.022033691, 189.590927124, 190.171432495, 190.751922607, 191.332427979, 191.901306152, 192.470199585, 193.050704956, 193.631195068, 194.211700439, 194.792190552, 195.372695923, 195.953201294, 196.522079468, 197.0909729, 197.671463013, 198.251968384, 198.832473755, 199.401351929, 199.970245361, 200.550750732, 201.131240845, 201.711746216, 202.292236328, 202.872741699, 203.453231812, 204.033737183, 204.602630615, 205.171508789, 205.75201416, 206.332519531, 206.901397705, 207.470291138, 208.050796509, 208.631286621, 209.200180054, 209.780670166, 210.361175537, 210.953277588, 211.545394897, 212.149108887, 212.718002319, 213.286895752, 213.855773926, 214.41305542, 214.981948853, 215.539230347]
