
metadata:
    version:
        essentia: "2.1-beta2"
    audio_properties:
        analysis_sample_rate: 44100
        bitrate: 320
        channels: 2
        equal_loudness: 1
        length: 404.009796143
        replay_gain: -9.29381752014
        downmix: "mix"
    tags:
        album: "Hail to the King"
        artist: "Avenged Sevenfold"
        comment: ""
        date: "2013"
        genre: "Metal"
        title: "Acid Rain"
        tracknumber: "10"

configuration:
    average_loudness:
        compute: 1
        frameSize: 88200
        hopSize: 44100
        silentFrames: "noise"
        windowType: "hann"
    general:
        analysisSampleRate: 44100
        endTime: 2000
        equalLoudness: 1
        nequalLoudness: 0
        shortSound: 0
        startTime: 0
    lowlevel:
        compute: 1
        frameSize: 2048
        hopSize: 1024
        zeroPadding: 0
        silentFrames: "noise"
        windowType: "blackmanharris62"
        mfccStats: ["mean", "cov", "icov"]
        stats: ["mean", "var", "median", "min", "max", "dmean", "dmean2", "dvar", "dvar2"]
    panning:
        compute: 0
        frameSize: 8192
        hopSize: 2048
        zeroPadding: 8192
        silentFrames: "noise"
        windowType: "hann"
        stats: ["copy"]
    rhythm:
        compute: 1
        maxTempo: 208
        minTempo: 40
        method: "degara"
        stats: ["mean", "var", "median", "min", "max", "dmean", "dmean2", "dvar", "dvar2"]
    segmentation:
        compute: 0
        cpw: 5
        inc1: 300
        inc2: 50
        minimumSegmentsLength: 10
        size1: 1000
        size2: 600
    sfx:
        compute: 1
        stats: ["mean", "var", "median", "min", "max", "dmean", "dmean2", "dvar", "dvar2"]
    svm:
        compute: 0
    tonal:
        compute: 1
        frameSize: 4096
        hopSize: 2048
        zeroPadding: 0
        silentFrames: "noise"
        windowType: "blackmanharris62"
        stats: ["mean", "var", "median", "min", "max", "dmean", "dmean2", "dvar", "dvar2"]

lowlevel:
    average_loudness: 0.617545425892
    barkbands_kurtosis:
        dmean: 1.82096111774
        dmean2: 3.06186699867
        dvar: 18.1236934662
        dvar2: 51.9525260925
        max: 85.2365264893
        mean: 3.18312072754
        median: -0.644847989082
        min: -1.88652181625
        var: 75.2286834717
    barkbands_skewness:
        dmean: 0.369521439075
        dmean2: 0.596717596054
        dvar: 0.163663446903
        dvar2: 0.441940784454
        max: 8.04095554352
        mean: 0.940050244331
        median: 0.542621612549
        min: -2.91413521767
        var: 1.94029307365
    barkbands_spread:
        dmean: 3.31859970093
        dmean2: 5.28570270538
        dvar: 17.0194625854
        dvar2: 41.0949440002
        max: 91.3673019409
        mean: 24.4793491364
        median: 25.9449615479
        min: 0.659959077835
        var: 183.53817749
    dissonance:
        dmean: 0.0186076872051
        dmean2: 0.031489379704
        dvar: 0.000345373875462
        dvar2: 0.000982337049209
        max: 0.500000119209
        mean: 0.459682196379
        median: 0.465729534626
        min: 0.265573471785
        var: 0.000765858159866
    hfc:
        dmean: 1.68421089649
        dmean2: 2.8398039341
        dvar: 18.3878936768
        dvar2: 52.4500770569
        max: 75.3334579468
        mean: 6.46041440964
        median: 5.60606145859
        min: 1.14017530078e-016
        var: 42.11120224
    pitch:
        dmean: 305.679656982
        dmean2: 592.294921875
        dvar: 774586.625
        dvar2: 2101870.5
        max: 5527.53369141
        mean: 521.679992676
        median: 232.457702637
        min: 43.0243911743
        var: 904930.1875
    pitch_instantaneous_confidence:
        dmean: 0.0773153454065
        dmean2: 0.125816240907
        dvar: 0.00556106260046
        dvar2: 0.0135489851236
        max: 0.940320551395
        mean: 0.465976536274
        median: 0.43978112936
        min: 0.103578984737
        var: 0.0312187336385
    pitch_salience:
        dmean: 0.0602085515857
        dmean2: 0.099086932838
        dvar: 0.00345179159194
        dvar2: 0.00974206905812
        max: 0.97155970335
        mean: 0.594380676746
        median: 0.603713452816
        min: 0.194991484284
        var: 0.00902456231415
    silence_rate_20dB:
        dmean: 0
        dmean2: 0
        dvar: 0
        dvar2: 0
        max: 1
        mean: 1
        median: 1
        min: 1
        var: 0
    silence_rate_30dB:
        dmean: 0
        dmean2: 0
        dvar: 0
        dvar2: 0
        max: 1
        mean: 1
        median: 1
        min: 1
        var: 0
    silence_rate_60dB:
        dmean: 0.0393103435636
        dmean2: 0.0786252096295
        dvar: 0.0377581007779
        dvar2: 0.0832654833794
        max: 1
        mean: 0.424630761147
        median: 0
        min: 0
        var: 0.244349732995
    spectral_centroid:
        dmean: 165.65435791
        dmean2: 261.380950928
        dvar: 58141.1289063
        dvar2: 126326.546875
        max: 11046.5976563
        mean: 1248.19262695
        median: 1332.60925293
        min: 91.8406448364
        var: 566597.125
    spectral_complexity:
        dmean: 2.24344825745
        dmean2: 3.72400712967
        dvar: 11.1920118332
        dvar2: 29.1665649414
        max: 46
        mean: 11.5694503784
        median: 12
        min: 0
        var: 80.3817443848
    spectral_crest:
        dmean: 2.02896571159
        dmean2: 3.32893705368
        dvar: 4.21567726135
        dvar2: 11.3713827133
        max: 24.1639556885
        mean: 8.65616893768
        median: 7.76854848862
        min: 2.36236834526
        var: 15.1997375488
    spectral_decrease:
        dmean: 1.98916771943e-010
        dmean2: 3.25704629933e-010
        dvar: 1.83383137144e-019
        dvar2: 4.9571879455e-019
        max: -2.76897869415e-029
        mean: -8.827200082e-010
        median: -8.72448557843e-010
        min: -7.1443619909e-009
        var: 5.57636106833e-019
    spectral_energy:
        dmean: 0.000880043953657
        dmean2: 0.00145056075417
        dvar: 3.84620807381e-006
        dvar2: 1.05289009298e-005
        max: 0.0331511236727
        mean: 0.00391757115722
        median: 0.00389393535443
        min: 1.04462369659e-020
        var: 1.1248552255e-005
    spectral_energyband_high:
        dmean: 0.000168975981069
        dmean2: 0.000287619535811
        dvar: 2.22859284804e-007
        dvar2: 6.36686195321e-007
        max: 0.00921460893005
        mean: 0.000381814868888
        median: 0.00021743994148
        min: 7.28986034349e-021
        var: 2.95063983913e-007
    spectral_energyband_low:
        dmean: 0.000148314342368
        dmean2: 0.00025343085872
        dvar: 1.9905466786e-007
        dvar2: 5.54490895865e-007
        max: 0.00616614799947
        mean: 0.000266711838776
        median: 0.000159967356012
        min: 6.37199619402e-023
        var: 1.76484292069e-007
    spectral_energyband_middle_high:
        dmean: 0.000444299192168
        dmean2: 0.00071825023042
        dvar: 7.12889402621e-007
        dvar2: 1.89528179817e-006
        max: 0.0229916535318
        mean: 0.00186719733756
        median: 0.00140399858356
        min: 1.59400066835e-021
        var: 3.84658778785e-006
    spectral_energyband_middle_low:
        dmean: 0.000479329988593
        dmean2: 0.000762877461966
        dvar: 9.31387774017e-007
        dvar2: 2.37215954257e-006
        max: 0.014167596586
        mean: 0.00152469566092
        median: 0.00122012360953
        min: 2.28333832641e-022
        var: 2.34925164477e-006
    spectral_flatness_db:
        dmean: 0.0151794385165
        dmean2: 0.0244511887431
        dvar: 0.000255406077486
        dvar2: 0.00068552227458
        max: 0.509254574776
        mean: 0.173231899738
        median: 0.150963440537
        min: 0.0578068159521
        var: 0.00473331147805
    spectral_flux:
        dmean: 0.00627317233011
        dmean2: 0.00988243799657
        dvar: 0.000102189413155
        dvar2: 0.000210856771446
        max: 0.154180258512
        mean: 0.0275740455836
        median: 0.0261116102338
        min: 1.02206833275e-010
        var: 0.000438553135609
    spectral_kurtosis:
        dmean: 3.20540976524
        dmean2: 5.57201862335
        dvar: 77.4041976929
        dvar2: 230.137573242
        max: 297.615661621
        mean: 10.2220878601
        median: 3.91002750397
        min: -1.24674141407
        var: 486.510498047
    spectral_rms:
        dmean: 0.00018208057736
        dmean2: 0.000293208257062
        dvar: 9.98899594151e-008
        dvar2: 2.60814772446e-007
        max: 0.00568705191836
        mean: 0.00167217536364
        median: 0.00194909248967
        min: 3.19240510763e-012
        var: 1.02585761397e-006
    spectral_rolloff:
        dmean: 285.946075439
        dmean2: 470.142608643
        dvar: 200367.4375
        dvar2: 421461.09375
        max: 19250.6835938
        mean: 2430.98583984
        median: 2885.44921875
        min: 64.599609375
        var: 2252240
    spectral_skewness:
        dmean: 0.266307592392
        dmean2: 0.451552867889
        dvar: 0.210131898522
        dvar2: 0.621720910072
        max: 13.9169378281
        mean: 2.00386595726
        median: 1.55377554893
        min: -0.0684089362621
        var: 1.96600842476
    spectral_spread:
        dmean: 417100.125
        dmean2: 629424.4375
        dvar: 416660029440
        dvar2: 670345134080
        max: 41965312
        mean: 4598284.5
        median: 4677101
        min: 386935.5625
        var: 3.42670416282e+012
    spectral_strongpeak:
        dmean: 0.350372880697
        dmean2: 0.595172226429
        dvar: 0.518989622593
        dvar2: 1.29933547974
        max: 9.87438964844
        mean: 0.766347467899
        median: 0.33323225379
        min: 9.5336416539e-010
        var: 1.15029549599
    zerocrossingrate:
        dmean: 0.00616455078125
        dmean2: 0.00747054303065
        dvar: 5.67814604437e-005
        dvar2: 5.96805039095e-005
        max: 0.49755859375
        mean: 0.0741260349751
        median: 0.08154296875
        min: 0.00439453125
        var: 0.00154602865223
    barkbands:
        dmean: [2.89655076813e-007, 3.84443665098e-005, 7.03573023202e-005, 0.000123046251247, 0.000160766867339, 0.000138686460559, 0.000123979771161, 8.82294916664e-005, 9.21055325307e-005, 0.000130780230393, 4.33225213783e-005, 4.55282970506e-005, 5.11325379193e-005, 4.60667506559e-005, 6.59272845951e-005, 6.94567934261e-005, 9.6754374681e-005, 9.60073448368e-005, 0.000140055068186, 0.000145550162415, 7.23308767192e-005, 2.65265825874e-005, 5.03913361172e-006, 2.80929793917e-006, 1.74869057901e-006, 6.35657784187e-008, 5.36495292636e-010]
        dmean2: [5.05596062794e-007, 6.82290337863e-005, 0.000119893717056, 0.000208041761653, 0.000265208509518, 0.000224130999413, 0.000199343499844, 0.000127153791254, 0.000136909089633, 0.000189344427781, 6.58337012283e-005, 7.13807312422e-005, 8.1433194282e-005, 7.38460075809e-005, 0.000107031315565, 0.000114103931992, 0.000161748946994, 0.000163157470524, 0.000230947640375, 0.000241200148594, 0.000125713879243, 4.65308185085e-005, 8.73479439178e-006, 4.54294468e-006, 2.65047970061e-006, 9.60831840757e-008, 8.75843342296e-010]
        dvar: [8.22534152334e-013, 1.94531750708e-008, 4.66528859988e-008, 2.03841338475e-007, 1.23192165802e-007, 9.57319770123e-008, 8.80541506376e-008, 6.62500738713e-008, 6.50392095736e-008, 1.25063834844e-007, 2.10330277639e-008, 1.50112704489e-008, 2.45093989548e-008, 2.42203430645e-008, 2.89186896651e-008, 2.39852120387e-008, 4.27967634664e-008, 4.14468388499e-008, 8.287032216e-008, 1.11166691852e-007, 4.81937689756e-008, 7.95566457157e-009, 3.32544713988e-010, 1.57477975105e-010, 9.1540268421e-011, 6.68935189901e-014, 1.41985562484e-018]
        dvar2: [2.36189518464e-012, 5.76453089707e-008, 1.33953662385e-007, 5.27338897882e-007, 3.35117675831e-007, 2.51337894497e-007, 2.28395791169e-007, 1.40337476751e-007, 1.34665924634e-007, 2.61531567958e-007, 4.78287311978e-008, 3.51208413463e-008, 6.01713452397e-008, 5.9296567656e-008, 6.97321453913e-008, 5.83408699129e-008, 1.13016305647e-007, 1.15616266783e-007, 2.14397545051e-007, 3.09359990069e-007, 1.40718682928e-007, 2.23337881522e-008, 9.14327002999e-010, 3.53608253789e-010, 1.83806164733e-010, 1.40244220859e-013, 3.48717136453e-018]
        max: [1.48131803144e-005, 0.00222608982585, 0.00382344145328, 0.00743683055043, 0.00866186898202, 0.00588661152869, 0.00928452424705, 0.00947404932231, 0.0108053330332, 0.00900982320309, 0.00545531418175, 0.00387385929935, 0.00511567154899, 0.00471051502973, 0.00788095314056, 0.00674908747897, 0.0111545398831, 0.00447273161262, 0.00598633289337, 0.00767307030037, 0.00449362536892, 0.00180382991675, 0.000594144454226, 0.000509603414685, 0.000426001555752, 1.18869138532e-005, 2.13227870915e-008]
        mean: [3.34810692948e-007, 6.43703315291e-005, 0.000131430118927, 0.000138612958835, 0.000321961473674, 0.000295330188237, 0.000230055855354, 0.000224875358981, 0.000231423531659, 0.000403794285376, 9.86870945781e-005, 8.79519211594e-005, 0.000102520090877, 8.59327337821e-005, 0.000141890515806, 0.000133366222144, 0.000193079016753, 0.000195816901396, 0.000301574415062, 0.00033118511783, 0.000142635297379, 4.30524887634e-005, 8.36201252241e-006, 5.56319400857e-006, 3.58524494004e-006, 1.31449453988e-007, 9.60893697943e-010]
        median: [9.07700581365e-008, 3.01400468743e-005, 7.11464308552e-005, 4.03089798056e-005, 0.000171984065673, 0.000138791248901, 8.40974971652e-005, 5.30367105966e-005, 5.38132044312e-005, 6.00677558396e-005, 2.40800691245e-005, 2.65803391812e-005, 3.53446521331e-005, 3.34310352628e-005, 4.37111957581e-005, 6.84737315169e-005, 0.000105689592601, 0.000115084621939, 0.000153405228048, 0.000148747916683, 7.38910093787e-005, 2.05339310924e-005, 2.45542469202e-006, 1.56671922014e-006, 1.03439606391e-006, 3.74837085815e-008, 2.81734663377e-010]
        min: [2.94725001458e-024, 3.29447152019e-023, 1.99219295881e-023, 1.26837079532e-023, 2.06465377725e-023, 4.5943599908e-023, 4.94525352559e-023, 2.43610660496e-023, 5.65568651071e-023, 5.47336245394e-023, 3.31815344011e-023, 7.42582348662e-023, 6.71010450235e-023, 8.33908270788e-023, 1.13925057878e-022, 8.09541177841e-023, 1.90234312165e-022, 1.74217179371e-022, 3.00506300341e-022, 3.53911426318e-022, 4.40580153474e-022, 5.01691907759e-022, 5.04139724215e-022, 7.14743876457e-022, 1.1130767293e-021, 1.74155668415e-021, 2.11884757481e-021]
        var: [8.25326352399e-013, 1.53146686444e-008, 4.40475922403e-008, 1.66783493682e-007, 2.11154187468e-007, 1.94328592329e-007, 1.76982794642e-007, 3.25426924519e-007, 3.75150534637e-007, 9.3067836815e-007, 9.18752505186e-008, 3.57658684891e-008, 6.12649415643e-008, 4.0155658354e-008, 1.13601899443e-007, 6.13930737359e-008, 9.35263884116e-008, 6.91324331115e-008, 1.8462377227e-007, 2.20329184231e-007, 5.03055588297e-008, 7.43670280912e-009, 3.68893054992e-010, 2.91274171449e-010, 1.87894907966e-010, 1.23623103399e-013, 2.68493355617e-018]
    frequency_bands:
        dmean: [2.89655076813e-007, 3.84443665098e-005, 7.03573023202e-005, 0.000123046251247, 0.000160766867339, 0.000138686460559, 0.000123979771161, 8.82294916664e-005, 9.21055325307e-005, 0.000130780230393, 4.33225213783e-005, 4.55282970506e-005, 5.11325379193e-005, 4.60667506559e-005, 6.59272845951e-005, 6.94567934261e-005, 9.6754374681e-005, 9.60073448368e-005, 0.000140055068186, 0.000145550162415, 7.23308767192e-005, 2.65265825874e-005, 5.03913361172e-006, 2.80929793917e-006, 1.74869057901e-006, 6.35657784187e-008, 5.36495292636e-010, 4.5733507259e-011]
        dmean2: [5.05596062794e-007, 6.82290337863e-005, 0.000119893717056, 0.000208041761653, 0.000265208509518, 0.000224130999413, 0.000199343499844, 0.000127153791254, 0.000136909089633, 0.000189344427781, 6.58337012283e-005, 7.13807312422e-005, 8.1433194282e-005, 7.38460075809e-005, 0.000107031315565, 0.000114103931992, 0.000161748946994, 0.000163157470524, 0.000230947640375, 0.000241200148594, 0.000125713879243, 4.65308185085e-005, 8.73479439178e-006, 4.54294468e-006, 2.65047970061e-006, 9.60831840757e-008, 8.75843342296e-010, 8.50542344888e-011]
        dvar: [8.22534152334e-013, 1.94531750708e-008, 4.66528859988e-008, 2.03841338475e-007, 1.23192165802e-007, 9.57319770123e-008, 8.80541506376e-008, 6.62500738713e-008, 6.50392095736e-008, 1.25063834844e-007, 2.10330277639e-008, 1.50112704489e-008, 2.45093989548e-008, 2.42203430645e-008, 2.89186896651e-008, 2.39852120387e-008, 4.27967634664e-008, 4.14468388499e-008, 8.287032216e-008, 1.11166691852e-007, 4.81937689756e-008, 7.95566457157e-009, 3.32544713988e-010, 1.57477975105e-010, 9.1540268421e-011, 6.68935189901e-014, 1.41985562484e-018, 6.61259450395e-021]
        dvar2: [2.36189518464e-012, 5.76453089707e-008, 1.33953662385e-007, 5.27338897882e-007, 3.35117675831e-007, 2.51337894497e-007, 2.28395791169e-007, 1.40337476751e-007, 1.34665924634e-007, 2.61531567958e-007, 4.78287311978e-008, 3.51208413463e-008, 6.01713452397e-008, 5.9296567656e-008, 6.97321453913e-008, 5.83408699129e-008, 1.13016305647e-007, 1.15616266783e-007, 2.14397545051e-007, 3.09359990069e-007, 1.40718682928e-007, 2.23337881522e-008, 9.14327002999e-010, 3.53608253789e-010, 1.83806164733e-010, 1.40244220859e-013, 3.48717136453e-018, 2.11656034771e-020]
        max: [1.48131803144e-005, 0.00222608982585, 0.00382344145328, 0.00743683055043, 0.00866186898202, 0.00588661152869, 0.00928452424705, 0.00947404932231, 0.0108053330332, 0.00900982320309, 0.00545531418175, 0.00387385929935, 0.00511567154899, 0.00471051502973, 0.00788095314056, 0.00674908747897, 0.0111545398831, 0.00447273161262, 0.00598633289337, 0.00767307030037, 0.00449362536892, 0.00180382991675, 0.000594144454226, 0.000509603414685, 0.000426001555752, 1.18869138532e-005, 2.13227870915e-008, 1.58390656146e-009]
        mean: [3.34810692948e-007, 6.43703315291e-005, 0.000131430118927, 0.000138612958835, 0.000321961473674, 0.000295330188237, 0.000230055855354, 0.000224875358981, 0.000231423531659, 0.000403794285376, 9.86870945781e-005, 8.79519211594e-005, 0.000102520090877, 8.59327337821e-005, 0.000141890515806, 0.000133366222144, 0.000193079016753, 0.000195816901396, 0.000301574415062, 0.00033118511783, 0.000142635297379, 4.30524887634e-005, 8.36201252241e-006, 5.56319400857e-006, 3.58524494004e-006, 1.31449453988e-007, 9.60893697943e-010, 3.55676738062e-011]
        median: [9.07700581365e-008, 3.01400468743e-005, 7.11464308552e-005, 4.03089798056e-005, 0.000171984065673, 0.000138791248901, 8.40974971652e-005, 5.30367105966e-005, 5.38132044312e-005, 6.00677558396e-005, 2.40800691245e-005, 2.65803391812e-005, 3.53446521331e-005, 3.34310352628e-005, 4.37111957581e-005, 6.84737315169e-005, 0.000105689592601, 0.000115084621939, 0.000153405228048, 0.000148747916683, 7.38910093787e-005, 2.05339310924e-005, 2.45542469202e-006, 1.56671922014e-006, 1.03439606391e-006, 3.74837085815e-008, 2.81734663377e-010, 7.19834782059e-012]
        min: [2.94725001458e-024, 3.29447152019e-023, 1.99219295881e-023, 1.26837079532e-023, 2.06465377725e-023, 4.5943599908e-023, 4.94525352559e-023, 2.43610660496e-023, 5.65568651071e-023, 5.47336245394e-023, 3.31815344011e-023, 7.42582348662e-023, 6.71010450235e-023, 8.33908270788e-023, 1.13925057878e-022, 8.09541177841e-023, 1.90234312165e-022, 1.74217179371e-022, 3.00506300341e-022, 3.53911426318e-022, 4.40580153474e-022, 5.01691907759e-022, 5.04139724215e-022, 7.14743876457e-022, 1.1130767293e-021, 1.74155668415e-021, 2.11884757481e-021, 7.75174155894e-022]
        var: [8.25326352399e-013, 1.53146686444e-008, 4.40475922403e-008, 1.66783493682e-007, 2.11154187468e-007, 1.94328592329e-007, 1.76982794642e-007, 3.25426924519e-007, 3.75150534637e-007, 9.3067836815e-007, 9.18752505186e-008, 3.57658684891e-008, 6.12649415643e-008, 4.0155658354e-008, 1.13601899443e-007, 6.13930737359e-008, 9.35263884116e-008, 6.91324331115e-008, 1.8462377227e-007, 2.20329184231e-007, 5.03055588297e-008, 7.43670280912e-009, 3.68893054992e-010, 2.91274171449e-010, 1.87894907966e-010, 1.23623103399e-013, 2.68493355617e-018, 5.10528644315e-021]
    mfcc:
        mean: [-780.476379395, 107.530006409, -20.4495735168, 42.1221809387, -8.61498355865, -6.59737110138, 0.453876554966, -6.72574949265, 0.984401404858, -3.49198627472, -3.0580098629, -3.84633016586, -2.96525502205]
        cov: [[24749.1601563, 102.719055176, -6051.63916016, 1232.81115723, -2245.37109375, -779.540710449, -78.010925293, -698.651428223, 118.935028076, -240.417694092, -254.806091309, -218.945510864, -149.581741333], [102.719055176, 1127.48339844, -143.473419189, 13.8094072342, 51.4082450867, -96.108253479, 13.3751430511, -4.42622518539, 14.300198555, -8.3012752533, 15.0778074265, -22.2357082367, -13.878695488], [-6051.63916016, -143.473419189, 1999.64624023, -346.202484131, 631.385009766, 218.999603271, -9.41843795776, 200.51902771, -50.6060714722, 76.3925857544, 65.0487976074, 72.7011413574, 21.0405406952], [1232.81115723, 13.8094072342, -346.202484131, 384.08605957, -84.2984313965, -12.3884897232, -11.3630180359, -47.594997406, -2.01502132416, -20.6081695557, -16.1471996307, -8.98840141296, 26.1188488007], [-2245.37109375, 51.4082450867, 631.385009766, -84.2984313965, 355.568145752, 80.049079895, -18.5307731628, 65.059135437, -25.0172080994, 35.7854156494, 17.3210849762, 17.8211727142, 11.4064559937], [-779.540710449, -96.108253479, 218.999603271, -12.3884897232, 80.049079895, 136.399581909, 40.3534698486, 36.8143539429, 1.60037124157, 4.84829854965, 9.66757106781, 8.21416759491, 2.64184999466], [-78.010925293, 13.3751430511, -9.41843795776, -11.3630180359, -18.5307731628, 40.3534698486, 110.229751587, 36.1776161194, 6.78572702408, -3.66196513176, -1.35148406029, -4.40278053284, -9.37571525574], [-698.651428223, -4.42622518539, 200.51902771, -47.594997406, 65.059135437, 36.8143539429, 36.1776161194, 96.33618927, 17.4714546204, 19.4776420593, 3.24803614616, -3.42159557343, -2.5381603241], [118.935028076, 14.300198555, -50.6060714722, -2.01502132416, -25.0172080994, 1.60037124157, 6.78572702408, 17.4714546204, 80.8617782593, 19.0785942078, -0.222076013684, -11.0355482101, -6.27670621872], [-240.417694092, -8.3012752533, 76.3925857544, -20.6081695557, 35.7854156494, 4.84829854965, -3.66196513176, 19.4776420593, 19.0785942078, 79.0731430054, 20.5088577271, -1.92473578453, -4.03949546814], [-254.806091309, 15.0778074265, 65.0487976074, -16.1471996307, 17.3210849762, 9.66757106781, -1.35148406029, 3.24803614616, -0.222076013684, 20.5088577271, 65.3264770508, 29.6673812866, 8.4094209671], [-218.945510864, -22.2357082367, 72.7011413574, -8.98840141296, 17.8211727142, 8.21416759491, -4.40278053284, -3.42159557343, -11.0355482101, -1.92473578453, 29.6673812866, 73.7010345459, 31.2094326019], [-149.581741333, -13.878695488, 21.0405406952, 26.1188488007, 11.4064559937, 2.64184999466, -9.37571525574, -2.5381603241, -6.27670621872, -4.03949546814, 8.4094209671, 31.2094326019, 63.3645248413]]
        icov: [[0.000200237132958, 1.9814737243e-005, 0.000413471716456, -0.000180840754183, 0.00045511755161, 0.000124326164951, 0.00017936216318, 8.56757251313e-005, 9.81782941381e-005, -0.000138451723615, 0.000267324445304, -0.000216590909986, 0.000429238280049], [1.9814737243e-005, 0.00108886882663, 0.000237784348428, -5.61030574318e-005, -0.000832681485917, 0.00117319123819, -0.000624718319159, 2.77833023574e-005, -0.000365204410627, 0.000495222921018, -0.000736779184081, 0.00037231866736, 0.000148889710545], [0.000413471716456, 0.000237784348428, 0.00246982998215, 0.000371873145923, -0.00119272840675, -0.000573248486035, 0.000964798557106, -0.00139116961509, 0.00074756750837, -0.000237536572968, 0.000134203350171, -0.00110223190859, 0.000964366074186], [-0.000180840754183, -5.61030574318e-005, 0.000371873145923, 0.00355738634244, -0.000732010579668, -0.00112095661461, 0.000281718210317, 0.000385492254281, 0.000181321316632, 0.000188758218428, 2.63229012489e-005, 0.000782408984378, -0.00215225922875], [0.00045511755161, -0.000832681485917, -0.00119272840675, -0.000732010579668, 0.008679125458, -0.00184250192251, 0.00244816578925, -0.000652096874546, 0.00188751146197, -0.00218756496906, 0.0017820042558, -0.000236927546212, 0.000368074077414], [0.000124326164951, 0.00117319123819, -0.000573248486035, -0.00112095661461, -0.00184250192251, 0.01225395035, -0.00487342569977, 4.11838736909e-005, -0.00146147678606, 0.00137369846925, -0.00149967649486, 0.000220448680921, 0.000337443721946], [0.00017936216318, -0.000624718319159, 0.000964798557106, 0.000281718210317, 0.00244816578925, -0.00487342569977, 0.0135588096455, -0.00582078332081, 0.00134571047965, 0.000460268842289, 0.000633424846455, -0.000939515477512, 0.00192696624435], [8.56757251313e-005, 2.77833023574e-005, -0.00139116961509, 0.000385492254281, -0.000652096874546, 4.11838736909e-005, -0.00582078332081, 0.0178120937198, -0.00393280433491, -0.00195330870338, 0.000910624512471, 0.00173608097248, -0.00101076497231], [9.81782941381e-005, -0.000365204410627, 0.00074756750837, 0.000181321316632, 0.00188751146197, -0.00146147678606, 0.00134571047965, -0.00393280433491, 0.015180115588, -0.00391343096271, 0.000544631446246, 0.00087747653015, 0.000341284729075], [-0.000138451723615, 0.000495222921018, -0.000237536572968, 0.000188758218428, -0.00218756496906, 0.00137369846925, 0.000460268842289, -0.00195330870338, -0.00391343096271, 0.0166302565485, -0.00632631126791, 0.00254792673513, 0.000366252294043], [0.000267324445304, -0.000736779184081, 0.000134203350171, 2.63229012489e-005, 0.0017820042558, -0.00149967649486, 0.000633424846455, 0.000910624512471, 0.000544631446246, -0.00632631126791, 0.0221780408174, -0.00944993365556, 0.00164795294404], [-0.000216590909986, 0.00037231866736, -0.00110223190859, 0.000782408984378, -0.000236927546212, 0.000220448680921, -0.000939515477512, 0.00173608097248, 0.00087747653015, 0.00254792673513, -0.00944993365556, 0.0225176438689, -0.0100095644593], [0.000429238280049, 0.000148889710545, 0.000964366074186, -0.00215225922875, 0.000368074077414, 0.000337443721946, 0.00192696624435, -0.00101076497231, 0.000341284729075, 0.000366252294043, 0.00164795294404, -0.0100095644593, 0.0223273783922]]
    sccoeffs:
        dmean: [0.0428032316267, 0.0393085069954, 0.0325267352164, 0.0258835013956, 0.0186470840126, 0.0160039253533]
        dmean2: [0.0713568776846, 0.0650985389948, 0.0525749698281, 0.042807534337, 0.0304773338139, 0.0259440708905]
        dvar: [0.00133376289159, 0.0010542467935, 0.000780082249548, 0.000518883694895, 0.000283526867861, 0.000288425973849]
        dvar2: [0.00358993955888, 0.00282730231993, 0.00194608187303, 0.00131856370717, 0.000695062277373, 0.000685803242959]
        max: [-0.340864986181, -0.428612977266, -0.478428691626, -0.542081475258, -0.575231969357, -0.532114565372]
        mean: [-0.696143746376, -0.725879609585, -0.752460360527, -0.778560638428, -0.791163861752, -0.781462490559]
        median: [-0.69341391325, -0.723074376583, -0.752542674541, -0.767643213272, -0.783100128174, -0.778878688812]
        min: [-0.954915761948, -0.984912157059, -0.969885826111, -0.966706752777, -0.958708167076, -0.962005019188]
        var: [0.00643922621384, 0.00709449313581, 0.00898596644402, 0.00584545498714, 0.00408168463036, 0.00277050142176]
    scvalleys:
        dmean: [0.338227838278, 0.308843642473, 0.268680512905, 0.229075700045, 0.197304919362, 0.221771940589]
        dmean2: [0.57246786356, 0.513638138771, 0.443222105503, 0.378755033016, 0.317144036293, 0.333608269691]
        dvar: [0.0984359234571, 0.0862964391708, 0.0664864778519, 0.0582350641489, 0.0754527673125, 0.123123906553]
        dvar2: [0.243773415685, 0.205284580588, 0.149524495006, 0.123882740736, 0.153498679399, 0.249146074057]
        max: [-4.81593322754, -4.75581455231, -5.31529808044, -5.51975107193, -5.00951051712, -6.81730031967]
        mean: [-7.20158004761, -7.27291107178, -7.94227361679, -8.31826877594, -8.30191040039, -10.8068332672]
        median: [-6.94067668915, -6.75716018677, -7.33781671524, -7.61187601089, -7.38985061646, -9.69442272186]
        min: [-27.3569469452, -27.2685508728, -27.700094223, -27.2845916748, -27.2450714111, -27.2880935669]
        var: [1.28230047226, 2.24318099022, 2.79650616646, 3.13620662689, 4.34869098663, 5.94519758224]

rhythm:
    beats_loudness:
        dmean: 0.00184990710113
        dmean2: 0.00315384124406
        dvar: 3.7292959405e-006
        dvar2: 1.11253812065e-005
        max: 0.0125225502998
        mean: 0.00423830095679
        median: 0.00443808687851
        min: 1.72958580791e-009
        var: 1.0262100659e-005
    bpm: 92.0309448242
    bpm_confidence: 0
    first_peak_bpm: 92
    first_peak_spread: 0.288629740477
    first_peak_weight: 0.355167388916
    onset_rate: 1.77223432064
    second_peak_bpm: 123
    second_peak_spread: 0.214592248201
    second_peak_weight: 0.266375541687
    beats_loudness_band_ratio:
        dmean: [0.17037203908, 0.1353957057, 0.105160556734, 0.0875596553087, 0.0593513660133, 0.0667141154408]
        dmean2: [0.303968012333, 0.232168659568, 0.184391632676, 0.150166317821, 0.104074202478, 0.11660310626]
        dvar: [0.0173287857324, 0.0150252096355, 0.0144412070513, 0.0133812623098, 0.0057459124364, 0.00688007520512]
        dvar2: [0.045241098851, 0.0445302389562, 0.0417865812778, 0.0377059914172, 0.0155632840469, 0.0198335777968]
        max: [0.95775604248, 0.807032644749, 0.817743003368, 0.758751928806, 0.662218809128, 0.759607195854]
        mean: [0.293103605509, 0.214142084122, 0.16022464633, 0.113393940032, 0.129212751985, 0.140019327402]
        median: [0.221699863672, 0.171706289053, 0.118245050311, 0.064835652709, 0.125186726451, 0.128219842911]
        min: [0.00543116452172, 0.0112937316298, 0.00557625107467, 0.00053314876277, 0.000279821659205, 1.49336756294e-005]
        var: [0.0638332441449, 0.0256606284529, 0.0205121282488, 0.018272889778, 0.0108167110011, 0.0142613966018]
