
metadata:
    version:
        essentia: "2.1-beta2"
    audio_properties:
        analysis_sample_rate: 44100
        bitrate: 180
        channels: 2
        equal_loudness: 1
        length: 81.6848983765
        replay_gain: -9.67618751526
        downmix: "mix"
    tags:
        album: "Lueurs"
        artist: "Kells"
        comment: " "
        date: "2009"
        genre: "Alternative"
        title: "Merveilles"
        tracknumber: "6"

configuration:
    average_loudness:
        compute: 1
        frameSize: 88200
        hopSize: 44100
        silentFrames: "noise"
        windowType: "hann"
    general:
        analysisSampleRate: 44100
        endTime: 2000
        equalLoudness: 1
        nequalLoudness: 0
        shortSound: 0
        startTime: 0
    lowlevel:
        compute: 1
        frameSize: 2048
        hopSize: 1024
        zeroPadding: 0
        silentFrames: "noise"
        windowType: "blackmanharris62"
        mfccStats: ["mean", "cov", "icov"]
        stats: ["mean", "var", "median", "min", "max", "dmean", "dmean2", "dvar", "dvar2"]
    panning:
        compute: 0
        frameSize: 8192
        hopSize: 2048
        zeroPadding: 8192
        silentFrames: "noise"
        windowType: "hann"
        stats: ["copy"]
    rhythm:
        compute: 1
        maxTempo: 208
        minTempo: 40
        method: "degara"
        stats: ["mean", "var", "median", "min", "max", "dmean", "dmean2", "dvar", "dvar2"]
    segmentation:
        compute: 0
        cpw: 5
        inc1: 300
        inc2: 50
        minimumSegmentsLength: 10
        size1: 1000
        size2: 600
    sfx:
        compute: 1
        stats: ["mean", "var", "median", "min", "max", "dmean", "dmean2", "dvar", "dvar2"]
    svm:
        compute: 0
    tonal:
        compute: 1
        frameSize: 4096
        hopSize: 2048
        zeroPadding: 0
        silentFrames: "noise"
        windowType: "blackmanharris62"
        stats: ["mean", "var", "median", "min", "max", "dmean", "dmean2", "dvar", "dvar2"]

lowlevel:
    average_loudness: 0.635537624359
    barkbands_kurtosis:
        dmean: 3.12300753593
        dmean2: 5.01622676849
        dvar: 66.1176071167
        dvar2: 144.034896851
        max: 205.505264282
        mean: 17.9751567841
        median: 0.820782244205
        min: -1.94595646858
        var: 1177.66394043
    barkbands_skewness:
        dmean: 0.40070271492
        dmean2: 0.596260488033
        dvar: 0.303607821465
        dvar2: 0.595175981522
        max: 11.6503105164
        mean: 1.75350987911
        median: 1.22736263275
        min: -5.16959476471
        var: 5.00117874146
    barkbands_spread:
        dmean: 2.96183609962
        dmean2: 4.4560303688
        dvar: 21.8949546814
        dvar2: 47.0608825684
        max: 86.4592895508
        mean: 20.5622329712
        median: 21.5713386536
        min: 0.242453724146
        var: 259.383789063
    dissonance:
        dmean: 0.0199572071433
        dmean2: 0.0343925207853
        dvar: 0.000559203326702
        dvar2: 0.00166110496502
        max: 0.500000298023
        mean: 0.446082741022
        median: 0.46016472578
        min: 0.277184307575
        var: 0.00205238093622
    hfc:
        dmean: 1.15649652481
        dmean2: 1.63129174709
        dvar: 9.48192882538
        dvar2: 20.1716880798
        max: 75.2966537476
        mean: 4.13537025452
        median: 1.44617891312
        min: 1.09275866109e-016
        var: 39.779384613
    pitch:
        dmean: 212.362442017
        dmean2: 411.461425781
        dvar: 501446.1875
        dvar2: 1359919.5
        max: 4391.59667969
        mean: 403.430297852
        median: 232.317565918
        min: 58.1708564758
        var: 519991.09375
    pitch_instantaneous_confidence:
        dmean: 0.0492716394365
        dmean2: 0.0775514990091
        dvar: 0.00423894589767
        dvar2: 0.00995665602386
        max: 0.96435213089
        mean: 0.594408392906
        median: 0.609932601452
        min: 0.097871363163
        var: 0.0258355308324
    pitch_salience:
        dmean: 0.0380485989153
        dmean2: 0.0591256693006
        dvar: 0.00154884532094
        dvar2: 0.00379042932764
        max: 0.996152341366
        mean: 0.530209898949
        median: 0.529753625393
        min: 0.224399954081
        var: 0.0107303205878
    silence_rate_20dB:
        dmean: 0
        dmean2: 0
        dvar: 0
        dvar2: 0
        max: 1
        mean: 1
        median: 1
        min: 1
        var: 0
    silence_rate_30dB:
        dmean: 0
        dmean2: 0
        dvar: 0
        dvar2: 0
        max: 1
        mean: 1
        median: 1
        min: 1
        var: 0
    silence_rate_60dB:
        dmean: 0.0528709478676
        dmean2: 0.105771966279
        dvar: 0.0500739589334
        dvar2: 0.110511213541
        max: 1
        mean: 0.692242085934
        median: 1
        min: 0
        var: 0.213044539094
    spectral_centroid:
        dmean: 145.286941528
        dmean2: 207.022994995
        dvar: 94914.015625
        dvar2: 153473.96875
        max: 11124.8447266
        mean: 970.702026367
        median: 835.547790527
        min: 173.482757568
        var: 602193.9375
    spectral_complexity:
        dmean: 1.40193295479
        dmean2: 2.20358252525
        dvar: 7.44328117371
        dvar2: 15.6032075882
        max: 45
        mean: 6.87581682205
        median: 6
        min: 0
        var: 33.6836166382
    spectral_crest:
        dmean: 1.28266346455
        dmean2: 2.00996112823
        dvar: 2.31117272377
        dvar2: 5.19111013412
        max: 24.979265213
        mean: 11.9575033188
        median: 11.7946662903
        min: 3.25969839096
        var: 20.6397418976
    spectral_decrease:
        dmean: 1.28660290755e-010
        dmean2: 1.87318285882e-010
        dvar: 5.92047737969e-020
        dvar2: 1.30571325646e-019
        max: -1.67981746328e-029
        mean: -6.79675149495e-010
        median: -4.61871069168e-010
        min: -5.43529798946e-009
        var: 4.61810076302e-019
    spectral_energy:
        dmean: 0.000578706210945
        dmean2: 0.000837406667415
        dvar: 1.36946789553e-006
        dvar2: 2.98179838865e-006
        max: 0.0254089478403
        mean: 0.00294034136459
        median: 0.00187436805572
        min: 9.97684508785e-021
        var: 9.51941183303e-006
    spectral_energyband_high:
        dmean: 4.0446579078e-005
        dmean2: 6.61970552756e-005
        dvar: 2.76937797139e-008
        dvar2: 7.4676805184e-008
        max: 0.00463078822941
        mean: 7.20100433682e-005
        median: 5.53323070562e-006
        min: 7.35128819749e-021
        var: 3.26059961253e-008
    spectral_energyband_low:
        dmean: 3.65445484931e-005
        dmean2: 5.72931203351e-005
        dvar: 3.50011841732e-009
        dvar2: 9.93562210283e-009
        max: 0.000818247150164
        mean: 0.000133272653329
        median: 7.57828674978e-005
        min: 4.77474660518e-023
        var: 1.79703398828e-008
    spectral_energyband_middle_high:
        dmean: 0.000404872436775
        dmean2: 0.000567840295844
        dvar: 1.06226093521e-006
        dvar2: 2.21493792196e-006
        max: 0.0244009848684
        mean: 0.00137810315937
        median: 0.000374529801775
        min: 1.43577551706e-021
        var: 5.93743197896e-006
    spectral_energyband_middle_low:
        dmean: 0.000255305203609
        dmean2: 0.000384995568311
        dvar: 1.21189245306e-007
        dvar2: 3.4323417708e-007
        max: 0.0110675087199
        mean: 0.00142487324774
        median: 0.00129420368467
        min: 3.71835835454e-022
        var: 1.14907834359e-006
    spectral_flatness_db:
        dmean: 0.0139109883457
        dmean2: 0.0217890627682
        dvar: 0.000241663030465
        dvar2: 0.000435212568846
        max: 0.566985666752
        mean: 0.292848020792
        median: 0.26443707943
        min: 0.0409707836807
        var: 0.0125103201717
    spectral_flux:
        dmean: 0.00437597045675
        dmean2: 0.00679859658703
        dvar: 5.83761975577e-005
        dvar2: 0.000123139499919
        max: 0.154245942831
        mean: 0.0159156788141
        median: 0.0121494503692
        min: 8.12113154502e-011
        var: 0.000223300550715
    spectral_kurtosis:
        dmean: 7.81151771545
        dmean2: 13.8089723587
        dvar: 125.994613647
        dvar2: 362.157409668
        max: 158.127410889
        mean: 26.1592464447
        median: 8.32328128815
        min: -1.2326117754
        var: 1215.87426758
    spectral_rms:
        dmean: 0.000142811739352
        dmean2: 0.000200658396352
        dvar: 4.89623808164e-008
        dvar2: 1.01919106044e-007
        max: 0.00497887702659
        mean: 0.00150652555749
        median: 0.00135227653664
        min: 3.1198570203e-012
        var: 5.98998155965e-007
    spectral_rolloff:
        dmean: 253.516616821
        dmean2: 422.80960083
        dvar: 394976.96875
        dvar2: 727417.3125
        max: 19164.5507813
        mean: 1812.34338379
        median: 1981.0546875
        min: 193.798828125
        var: 2254932.75
    spectral_skewness:
        dmean: 0.570104837418
        dmean2: 0.991318106651
        dvar: 0.449996590614
        dvar2: 1.25877380371
        max: 10.860285759
        mean: 3.11379575729
        median: 1.94538617134
        min: -0.135651379824
        var: 5.89429140091
    spectral_spread:
        dmean: 377711.46875
        dmean2: 593732.3125
        dvar: 889149521920
        dvar2: 1.48866596864e+012
        max: 43286152
        mean: 3208614.75
        median: 2406518.25
        min: 579697.9375
        var: 5.44693498675e+012
    spectral_strongpeak:
        dmean: 0.39907464385
        dmean2: 0.646904826164
        dvar: 0.923497140408
        dvar2: 1.82700252533
        max: 17.3483753204
        mean: 1.02051532269
        median: 0.242573395371
        min: 0
        var: 3.17720365524
    zerocrossingrate:
        dmean: 0.00606728997082
        dmean2: 0.00673764245585
        dvar: 0.000121302633488
        dvar2: 0.000142603108543
        max: 0.52001953125
        mean: 0.056948941201
        median: 0.0576171875
        min: 0.00732421875
        var: 0.00169675471261
    barkbands:
        dmean: [1.67956282215e-009, 1.72946772636e-006, 2.23690822168e-005, 4.93585721415e-005, 0.000134892732603, 0.000102686899481, 3.53468130925e-005, 2.86072681774e-005, 2.37184503931e-005, 4.17731353082e-005, 7.52066407586e-005, 1.05369636003e-005, 1.12412317321e-005, 1.51684753291e-005, 2.97835813399e-005, 3.88893386116e-005, 7.31740947231e-005, 0.000103597456473, 0.00013529570424, 7.85082520451e-005, 1.88346020877e-005, 1.60656759363e-006, 8.77898742146e-007, 1.23409836306e-006, 9.46970885707e-007, 1.96303933109e-008, 1.79512044118e-010]
        dmean2: [3.02253577722e-009, 2.23736674343e-006, 4.01119468734e-005, 5.48670504941e-005, 0.000201406975975, 0.000178882823093, 4.99466550536e-005, 3.84265949833e-005, 3.22420346492e-005, 5.59777799936e-005, 0.000106112216599, 1.705376053e-005, 1.87901823665e-005, 2.49495733442e-005, 4.86366225232e-005, 6.15377357462e-005, 0.000111817294965, 0.000159198403708, 0.000186125427717, 0.000119323078252, 3.12046722684e-005, 2.57925671576e-006, 1.40609392929e-006, 1.9386193344e-006, 1.41572513712e-006, 2.98187039505e-008, 3.16003806455e-010]
        dvar: [4.78322450077e-017, 6.10977587967e-012, 1.75394765378e-009, 3.43061179464e-009, 3.12208747744e-008, 6.36120986997e-008, 7.40445571523e-009, 2.51522136452e-009, 9.24056475782e-009, 4.05554594352e-008, 1.30235164875e-007, 8.62488469533e-010, 1.79624126684e-009, 2.09805195439e-009, 1.03771409243e-008, 1.58559139152e-008, 5.6920644198e-008, 2.23018531642e-007, 9.87808306263e-008, 6.35570600593e-008, 7.55114371032e-009, 6.50709486294e-011, 3.17001591643e-010, 1.49070172872e-010, 2.68280137689e-011, 4.15714656438e-014, 7.56513693943e-019]
        dvar2: [1.316629072e-016, 1.20623658631e-011, 6.51048237543e-009, 5.61644597497e-009, 8.6331858995e-008, 2.02333950483e-007, 1.34707658361e-008, 4.7659534097e-009, 1.05426725128e-008, 6.48596412134e-008, 2.70266951929e-007, 2.08572048521e-009, 4.75894124108e-009, 5.50944045941e-009, 2.71340425684e-008, 3.99359869618e-008, 1.33700950755e-007, 4.64285534463e-007, 1.75624336407e-007, 1.60866974852e-007, 2.0703621928e-008, 1.71839778518e-010, 8.28967394728e-010, 3.36822292279e-010, 4.56764903678e-011, 8.83295444166e-014, 1.88347391797e-018]
        max: [2.19625690079e-007, 5.62113600608e-005, 0.000421615579398, 0.00125027156901, 0.00226651318371, 0.00658405711874, 0.00323754991405, 0.00112939928658, 0.00855966936797, 0.00804014038295, 0.0127058969811, 0.000455598550616, 0.000707983097527, 0.000883270578925, 0.0021291715093, 0.00245175883174, 0.00519772944972, 0.0235073231161, 0.00785452499986, 0.0065218321979, 0.00273308786564, 0.000234559774981, 0.00090619380353, 0.00057993340306, 0.000300563115161, 9.51790116233e-006, 4.11129015276e-008]
        mean: [1.59108615172e-009, 1.01777077361e-005, 6.25149186817e-005, 0.000258009997196, 0.000648971181363, 0.000238242049818, 9.76870578597e-005, 0.000101969308162, 7.27245496819e-005, 9.49695167947e-005, 0.000221854934352, 1.75704080903e-005, 1.83451629709e-005, 2.78451407212e-005, 5.41580484423e-005, 7.74955551606e-005, 0.00013769097859, 0.000223829731112, 0.000383658014471, 0.000155271351105, 2.93253833661e-005, 2.21620371121e-006, 9.51385857206e-007, 2.58443037637e-006, 2.24136078941e-006, 3.57773259907e-008, 2.12224168794e-010]
        median: [6.46791564751e-010, 3.1335789572e-006, 2.44704915531e-005, 0.000216649204958, 0.000667771091685, 9.78440075414e-005, 2.64625869022e-005, 2.74903177342e-005, 6.94826258041e-006, 5.96456720814e-006, 9.39784786169e-006, 3.80490155294e-006, 3.18384149978e-006, 5.87574868405e-006, 1.15953798741e-005, 2.26194333663e-005, 2.18890872929e-005, 3.83591359423e-005, 5.65878290217e-005, 2.52694790106e-005, 2.32738398154e-006, 1.53621400045e-007, 5.12875208969e-009, 3.27582605486e-009, 1.83760184846e-009, 1.33963090621e-010, 4.62566408788e-011]
        min: [7.93619462113e-025, 2.30472261006e-023, 1.90199649617e-023, 3.32590975718e-024, 1.404547278e-023, 8.64143226693e-023, 3.83192245491e-023, 1.44932065639e-023, 1.2134933709e-022, 2.87098258727e-023, 3.13430530407e-023, 6.34365715486e-023, 9.73965412692e-023, 6.11399071527e-023, 7.13110189698e-023, 1.50847345448e-022, 7.18808479116e-023, 2.08266990883e-022, 1.46461417654e-022, 2.98810716401e-022, 3.91583586132e-022, 3.21189602187e-022, 4.45986917766e-022, 8.18410498771e-022, 1.01956503138e-021, 1.46562126793e-021, 2.0806752898e-021]
        var: [3.6561035659e-017, 1.43983353018e-010, 5.73169955942e-009, 3.60211949157e-008, 1.42380784496e-007, 2.59995630358e-007, 4.43980461284e-008, 2.73351883351e-008, 1.44632153365e-007, 2.06387511525e-007, 1.00537499748e-006, 1.47340906143e-009, 2.63992427918e-009, 3.64882613013e-009, 1.94386995389e-008, 2.61787356237e-008, 1.20168110129e-007, 5.2718689858e-007, 5.71940972804e-007, 1.15716076721e-007, 7.18288095669e-009, 6.21117254851e-011, 2.88404855553e-010, 2.63800814526e-010, 8.27913571033e-011, 7.66255074257e-014, 1.0755959786e-018]
    frequency_bands:
        dmean: [1.67956282215e-009, 1.72946772636e-006, 2.23690822168e-005, 4.93585721415e-005, 0.000134892732603, 0.000102686899481, 3.53468130925e-005, 2.86072681774e-005, 2.37184503931e-005, 4.17731353082e-005, 7.52066407586e-005, 1.05369636003e-005, 1.12412317321e-005, 1.51684753291e-005, 2.97835813399e-005, 3.88893386116e-005, 7.31740947231e-005, 0.000103597456473, 0.00013529570424, 7.85082520451e-005, 1.88346020877e-005, 1.60656759363e-006, 8.77898742146e-007, 1.23409836306e-006, 9.46970885707e-007, 1.96303933109e-008, 1.79512044118e-010, 3.44256637086e-011]
        dmean2: [3.02253577722e-009, 2.23736674343e-006, 4.01119468734e-005, 5.48670504941e-005, 0.000201406975975, 0.000178882823093, 4.99466550536e-005, 3.84265949833e-005, 3.22420346492e-005, 5.59777799936e-005, 0.000106112216599, 1.705376053e-005, 1.87901823665e-005, 2.49495733442e-005, 4.86366225232e-005, 6.15377357462e-005, 0.000111817294965, 0.000159198403708, 0.000186125427717, 0.000119323078252, 3.12046722684e-005, 2.57925671576e-006, 1.40609392929e-006, 1.9386193344e-006, 1.41572513712e-006, 2.98187039505e-008, 3.16003806455e-010, 6.39521491319e-011]
        dvar: [4.78322450077e-017, 6.10977587967e-012, 1.75394765378e-009, 3.43061179464e-009, 3.12208747744e-008, 6.36120986997e-008, 7.40445571523e-009, 2.51522136452e-009, 9.24056475782e-009, 4.05554594352e-008, 1.30235164875e-007, 8.62488469533e-010, 1.79624126684e-009, 2.09805195439e-009, 1.03771409243e-008, 1.58559139152e-008, 5.6920644198e-008, 2.23018531642e-007, 9.87808306263e-008, 6.35570600593e-008, 7.55114371032e-009, 6.50709486294e-011, 3.17001591643e-010, 1.49070172872e-010, 2.68280137689e-011, 4.15714656438e-014, 7.56513693943e-019, 4.33195900433e-021]
        dvar2: [1.316629072e-016, 1.20623658631e-011, 6.51048237543e-009, 5.61644597497e-009, 8.6331858995e-008, 2.02333950483e-007, 1.34707658361e-008, 4.7659534097e-009, 1.05426725128e-008, 6.48596412134e-008, 2.70266951929e-007, 2.08572048521e-009, 4.75894124108e-009, 5.50944045941e-009, 2.71340425684e-008, 3.99359869618e-008, 1.33700950755e-007, 4.64285534463e-007, 1.75624336407e-007, 1.60866974852e-007, 2.0703621928e-008, 1.71839778518e-010, 8.28967394728e-010, 3.36822292279e-010, 4.56764903678e-011, 8.83295444166e-014, 1.88347391797e-018, 1.38097205498e-020]
        max: [2.19625690079e-007, 5.62113600608e-005, 0.000421615579398, 0.00125027156901, 0.00226651318371, 0.00658405711874, 0.00323754991405, 0.00112939928658, 0.00855966936797, 0.00804014038295, 0.0127058969811, 0.000455598550616, 0.000707983097527, 0.000883270578925, 0.0021291715093, 0.00245175883174, 0.00519772944972, 0.0235073231161, 0.00785452499986, 0.0065218321979, 0.00273308786564, 0.000234559774981, 0.00090619380353, 0.00057993340306, 0.000300563115161, 9.51790116233e-006, 4.11129015276e-008, 1.37005418122e-009]
        mean: [1.59108615172e-009, 1.01777077361e-005, 6.25149186817e-005, 0.000258009997196, 0.000648971181363, 0.000238242049818, 9.76870578597e-005, 0.000101969308162, 7.27245496819e-005, 9.49695167947e-005, 0.000221854934352, 1.75704080903e-005, 1.83451629709e-005, 2.78451407212e-005, 5.41580484423e-005, 7.74955551606e-005, 0.00013769097859, 0.000223829731112, 0.000383658014471, 0.000155271351105, 2.93253833661e-005, 2.21620371121e-006, 9.51385857206e-007, 2.58443037637e-006, 2.24136078941e-006, 3.57773259907e-008, 2.12224168794e-010, 2.69567857619e-011]
        median: [6.46791564751e-010, 3.1335789572e-006, 2.44704915531e-005, 0.000216649204958, 0.000667771091685, 9.78440075414e-005, 2.64625869022e-005, 2.74903177342e-005, 6.94826258041e-006, 5.96456720814e-006, 9.39784786169e-006, 3.80490155294e-006, 3.18384149978e-006, 5.87574868405e-006, 1.15953798741e-005, 2.26194333663e-005, 2.18890872929e-005, 3.83591359423e-005, 5.65878290217e-005, 2.52694790106e-005, 2.32738398154e-006, 1.53621400045e-007, 5.12875208969e-009, 3.27582605486e-009, 1.83760184846e-009, 1.33963090621e-010, 4.62566408788e-011, 8.05615209959e-012]
        min: [7.93619462113e-025, 2.30472261006e-023, 1.90199649617e-023, 3.32590975718e-024, 1.404547278e-023, 8.64143226693e-023, 3.83192245491e-023, 1.44932065639e-023, 1.2134933709e-022, 2.87098258727e-023, 3.13430530407e-023, 6.34365715486e-023, 9.73965412692e-023, 6.11399071527e-023, 7.13110189698e-023, 1.50847345448e-022, 7.18808479116e-023, 2.08266990883e-022, 1.46461417654e-022, 2.98810716401e-022, 3.91583586132e-022, 3.21189602187e-022, 4.45986917766e-022, 8.18410498771e-022, 1.01956503138e-021, 1.46562126793e-021, 2.0806752898e-021, 6.18480480236e-022]
        var: [3.6561035659e-017, 1.43983353018e-010, 5.73169955942e-009, 3.60211949157e-008, 1.42380784496e-007, 2.59995630358e-007, 4.43980461284e-008, 2.73351883351e-008, 1.44632153365e-007, 2.06387511525e-007, 1.00537499748e-006, 1.47340906143e-009, 2.63992427918e-009, 3.64882613013e-009, 1.94386995389e-008, 2.61787356237e-008, 1.20168110129e-007, 5.2718689858e-007, 5.71940972804e-007, 1.15716076721e-007, 7.18288095669e-009, 6.21117254851e-011, 2.88404855553e-010, 2.63800814526e-010, 8.27913571033e-011, 7.66255074257e-014, 1.0755959786e-018, 3.43744072003e-021]
    mfcc:
        mean: [-839.63067627, 140.77381897, -17.5166530609, 52.1352844238, 15.4498157501, -28.9065628052, -1.13455486298, -18.913942337, -11.3864603043, -13.7835922241, -19.084104538, -14.2635240555, -11.641368866]
        cov: [[13667.0595703, -196.46572876, -5519.88720703, 545.835144043, -1323.39038086, -2163.18676758, 1130.98840332, -171.273330688, 764.015869141, 305.353973389, 74.986328125, 289.387145996, -22.8388805389], [-196.46572876, 1097.8112793, -104.952133179, -99.4677886963, 152.505981445, 17.2160358429, -182.565002441, 62.6126365662, -56.1186408997, 75.3697509766, 28.0336151123, 7.65153312683, 53.3462181091], [-5519.88720703, -104.952133179, 3012.77001953, -457.545013428, 545.711547852, 972.449035645, -452.218811035, -59.9116325378, -252.913925171, -91.4840087891, -96.9493789673, -99.2704925537, -23.3903999329], [545.835144043, -99.4677886963, -457.545013428, 431.698822021, -83.079208374, -177.712234497, 61.2810401917, 36.3509483337, -2.41078543663, -30.4335575104, 62.0999412537, -7.93889760971, -19.8079872131], [-1323.39038086, 152.505981445, 545.711547852, -83.079208374, 341.011901855, 242.673400879, -113.180297852, 70.7233352661, -77.0244979858, -2.40801858902, -11.6453533173, -8.06706523895, 42.1645469666], [-2163.18676758, 17.2160358429, 972.449035645, -177.712234497, 242.673400879, 595.215576172, -192.231872559, -9.53162956238, -90.2522659302, -56.1436767578, 12.8571367264, -14.8259057999, 24.866727829], [1130.98840332, -182.565002441, -452.218811035, 61.2810401917, -113.180297852, -192.231872559, 232.778640747, -14.10800457, 81.8711013794, 40.0629692078, 8.13314247131, 29.4588375092, 0.383825808764], [-171.273330688, 62.6126365662, -59.9116325378, 36.3509483337, 70.7233352661, -9.53162956238, -14.10800457, 138.287124634, -24.5684356689, 7.48756933212, 37.1353645325, -15.7617025375, 30.4902248383], [764.015869141, -56.1186408997, -252.913925171, -2.41078543663, -77.0244979858, -90.2522659302, 81.8711013794, -24.5684356689, 153.533493042, 25.5837306976, -10.9981498718, 43.0829200745, 10.4119224548], [305.353973389, 75.3697509766, -91.4840087891, -30.4335575104, -2.40801858902, -56.1436767578, 40.0629692078, 7.48756933212, 25.5837306976, 122.488525391, 31.0523605347, 28.873550415, 19.9062595367], [74.986328125, 28.0336151123, -96.9493789673, 62.0999412537, -11.6453533173, 12.8571367264, 8.13314247131, 37.1353645325, -10.9981498718, 31.0523605347, 140.433624268, 20.2182102203, -2.5804104805], [289.387145996, 7.65153312683, -99.2704925537, -7.93889760971, -8.06706523895, -14.8259057999, 29.4588375092, -15.7617025375, 43.0829200745, 28.873550415, 20.2182102203, 80.2360458374, 9.36701107025], [-22.8388805389, 53.3462181091, -23.3903999329, -19.8079872131, 42.1645469666, 24.866727829, 0.383825808764, 30.4902248383, 10.4119224548, 19.9062595367, -2.5804104805, 9.36701107025, 89.9306259155]]
        icov: [[0.000563173554838, 3.52567585651e-005, 0.000716940325219, 0.000371035333956, 0.000177339461516, 0.00066020176746, -0.000429190025898, 0.000709063606337, -0.000718177005183, -0.000158013266628, -0.000179053851753, -0.000188710531802, 1.86791803571e-005], [3.52567585651e-005, 0.00149408134166, 0.000500757363625, 0.00046505741193, -0.000829866330605, 0.000286269321805, 0.00180311710574, 0.000315158918966, 0.000172411542735, -0.000966103631072, -0.000254523532931, 0.000116581781185, -0.000274823076325], [0.000716940325219, 0.000500757363625, 0.00206073373556, 0.000932459428441, -0.000710725027602, -0.00019425721257, 0.000509692472406, 0.0015296182828, -0.000500944734085, -0.00084305612836, 0.000144702760736, 0.000469382212032, 0.000692429428454], [0.000371035333956, 0.00046505741193, 0.000932459428441, 0.00373155483976, -0.000387317850254, 0.00128388928715, 6.97346695233e-005, 0.000410827080486, 4.16704824602e-005, 0.00130195252132, -0.00189242966007, 0.000358066346962, 0.000185187353054], [0.000177339461516, -0.000829866330605, -0.000710725027602, -0.000387317850254, 0.00684771966189, -0.00136264378671, -0.000877682759892, -0.00361400004476, 0.00107825186569, -0.000579168670811, 0.00195623538457, -0.00216979091056, -0.00105213175993], [0.00066020176746, 0.000286269321805, -0.00019425721257, 0.00128388928715, -0.00136264378671, 0.00574792316183, 0.000734492845368, 0.00222916901112, -0.00104733661283, 0.00196846108884, -0.00283999927342, -0.000647750799544, -0.00180775963236], [-0.000429190025898, 0.00180311710574, 0.000509692472406, 6.97346695233e-005, -0.000877682759892, 0.000734492845368, 0.00975483376533, 0.000430180254625, -0.00115553534124, -0.00218629767187, -0.000254990358371, 8.30933058751e-005, -0.00040798378177], [0.000709063606337, 0.000315158918966, 0.0015296182828, 0.000410827080486, -0.00361400004476, 0.00222916901112, 0.000430180254625, 0.012615907006, -0.000664814433549, 0.000207667340874, -0.00407646596432, 0.00339283933863, -0.00315899401903], [-0.000718177005183, 0.000172411542735, -0.000500944734085, 4.16704824602e-005, 0.00107825186569, -0.00104733661283, -0.00115553534124, -0.000664814433549, 0.0111796082929, -0.00041146154399, 0.00194144877605, -0.00404692115262, -0.00111743155867], [-0.000158013266628, -0.000966103631072, -0.00084305612836, 0.00130195252132, -0.000579168670811, 0.00196846108884, -0.00218629767187, 0.000207667340874, -0.00041146154399, 0.0122967576608, -0.00352021958679, -0.00215362710878, -0.00228433427401], [-0.000179053851753, -0.000254523532931, 0.000144702760736, -0.00189242966007, 0.00195623538457, -0.00283999927342, -0.000254990358371, -0.00407646596432, 0.00194144877605, -0.00352021958679, 0.0111523186788, -0.00321459933184, 0.00218685017899], [-0.000188710531802, 0.000116581781185, 0.000469382212032, 0.000358066346962, -0.00216979091056, -0.000647750799544, 8.30933058751e-005, 0.00339283933863, -0.00404692115262, -0.00215362710878, -0.00321459933184, 0.0179081074893, -0.000882632448338], [1.86791803571e-005, -0.000274823076325, 0.000692429428454, 0.000185187353054, -0.00105213175993, -0.00180775963236, -0.00040798378177, -0.00315899401903, -0.00111743155867, -0.00228433427401, 0.00218685017899, -0.000882632448338, 0.0143639640883]]
    sccoeffs:
        dmean: [0.0270123556256, 0.0315448865294, 0.029215419665, 0.0226142536849, 0.0195234436542, 0.0189237017184]
        dmean2: [0.0455908626318, 0.0518765822053, 0.0477197356522, 0.0377379544079, 0.031251758337, 0.0296522155404]
        dvar: [0.00119361409452, 0.000795617990661, 0.000613250827882, 0.000326514506014, 0.000403811747674, 0.000474720727652]
        dvar2: [0.00353857968003, 0.00223075645044, 0.00154316355474, 0.000885223562364, 0.000907676003408, 0.000975495029707]
        max: [-0.312305659056, -0.473390698433, -0.420897394419, -0.591047346592, -0.532698512077, -0.49426934123]
        mean: [-0.508339107037, -0.6988530159, -0.78801625967, -0.806806385517, -0.764800488949, -0.781622886658]
        median: [-0.502911031246, -0.706332206726, -0.801044642925, -0.813131630421, -0.766944587231, -0.790266573429]
        min: [-0.966484725475, -0.994245529175, -0.993410289288, -0.990529417992, -0.985931396484, -0.962416470051]
        var: [0.00388088705949, 0.00368405901827, 0.00732667371631, 0.00367511925288, 0.00658233091235, 0.00314597948454]
    scvalleys:
        dmean: [0.264283508062, 0.271629661322, 0.281032800674, 0.25524443388, 0.241769760847, 0.193529054523]
        dmean2: [0.436299324036, 0.435137689114, 0.455952942371, 0.400962471962, 0.362459689379, 0.289896041155]
        dvar: [0.166609421372, 0.141293868423, 0.145803287625, 0.144945785403, 0.171314686537, 0.103939376771]
        dvar2: [0.397710084915, 0.261511951685, 0.263763964176, 0.247786328197, 0.299070298672, 0.163101181388]
        max: [-6.53029966354, -5.43652772903, -5.95863866806, -5.49551105499, -5.62906980515, -7.31702375412]
        mean: [-8.12837600708, -7.63309669495, -8.50185871124, -8.73412895203, -9.05679988861, -12.2702131271]
        median: [-8.06191825867, -7.30027198792, -8.07685184479, -8.39391613007, -8.70526123047, -12.7972126007]
        min: [-27.1245803833, -27.3328857422, -27.4071311951, -27.3023719788, -27.3346233368, -27.3864498138]
        var: [0.897219359875, 1.89525032043, 2.75252461433, 2.77440261841, 3.18736052513, 3.67404794693]

rhythm:
    beats_loudness:
        dmean: 0.00275058764964
        dmean2: 0.00493025174364
        dvar: 1.00316301541e-005
        dvar2: 2.6183843147e-005
        max: 0.0223245806992
        mean: 0.00449806265533
        median: 0.00320746074431
        min: 2.61825371126e-005
        var: 1.66762038134e-005
    bpm: 123.783485413
    bpm_confidence: 0
    first_peak_bpm: 123
    first_peak_spread: 0.398692816496
    first_peak_weight: 0.554216861725
    onset_rate: 1.7139030695
    second_peak_bpm: 117
    second_peak_spread: 0
    second_peak_weight: 0.0602409653366
    beats_loudness_band_ratio:
        dmean: [0.139866054058, 0.120742730796, 0.0368395522237, 0.0708755850792, 0.0876491442323, 0.121043480933]
        dmean2: [0.24323117733, 0.18661737442, 0.0592101290822, 0.125255927444, 0.158668652177, 0.204276695848]
        dvar: [0.0222540982068, 0.0130946692079, 0.00195150170475, 0.0132048474625, 0.0169449970126, 0.0181952565908]
        dvar2: [0.0480588525534, 0.0250203385949, 0.00488707283512, 0.0353343859315, 0.0505152083933, 0.0358076281846]
        max: [0.90281867981, 0.806160449982, 0.345947802067, 0.766321361065, 0.926929473877, 0.637990176678]
        mean: [0.250859439373, 0.330581247807, 0.0600607357919, 0.0609607249498, 0.174118116498, 0.178914800286]
        median: [0.184406757355, 0.287173330784, 0.045496866107, 0.0216026064008, 0.132883265615, 0.141068324447]
        min: [0.0112902261317, 0.0118315182626, 0.000498442270327, 1.04076561911e-005, 1.79028356797e-005, 3.13075688609e-005]
        var: [0.0584365986288, 0.0457842871547, 0.00340397818945, 0.0147369578481, 0.0268616899848, 0.0311991069466]
    beats_position: [0.510838985443, 1.02167797089, 1.53251695633, 2.04335594177, 2.53097510338, 3.04181408882, 3.55265307426, 4.06349182129, 4.55111122131, 5.05034017563, 5.53795909882, 6.025578022, 6.5015873909, 6.97759628296, 7.46521520615, 7.94122457504, 8.4172334671, 8.893242836, 9.38086128235, 9.8800907135, 10.3677091599, 10.8437185287, 11.3313379288, 11.8189563751, 12.3065757751, 12.7941951752, 13.2702035904, 13.7462129593, 14.2338323593, 14.7214508057, 15.2206802368, 15.7199087143, 16.2075271606, 16.6835365295, 17.1595458984, 17.6355552673, 18.1231746674, 18.5991840363, 19.0868015289, 19.574420929, 20.062040329, 20.549659729, 21.037279129, 21.5132884979, 22.0009059906, 22.4769153595, 22.9645347595, 23.4521541595, 23.9281635284, 24.40417099, 24.8801803589, 25.3677997589, 25.8554191589, 26.3314285278, 26.8190479279, 27.3066654205, 27.7942848206, 28.2819042206, 28.7695236206, 29.2455329895, 29.7447605133, 30.2323799133, 30.7199993134, 31.2076187134, 31.6952381134, 32.171245575, 32.6472549438, 33.1348762512, 33.6224937439, 34.0985031128, 34.5745124817, 35.0621299744, 35.5497512817, 36.0257606506, 36.5133781433, 36.9893875122, 37.4770050049, 37.9530143738, 38.4290237427, 38.9282531738, 39.4158706665, 39.8918800354, 40.3795013428, 40.8671188354, 41.3547401428, 41.830745697, 42.3067550659, 42.7943763733, 43.281993866, 43.7696151733, 44.257232666, 44.7448501587, 45.2208595276, 45.6968688965, 46.1844902039, 46.6721076965, 47.1365089417, 47.6241264343, 48.1001358032, 48.5877532959, 49.0637626648, 49.5513839722, 50.0390014648, 50.5266189575, 51.0142402649, 51.4902496338, 51.9662590027, 52.4538764954, 52.941493988, 53.4291152954, 53.9167327881, 54.4043540955, 54.8919715881, 55.367980957, 55.8439903259, 56.3316078186, 56.819229126, 57.3068466187, 57.7828559875, 58.2588653564, 58.7464828491, 59.2341041565, 59.7217216492, 60.2325630188, 60.708568573, 61.2077980042, 61.6721992493, 62.1598167419, 62.6474380493, 63.135055542, 63.6226730347, 64.1102905273, 64.5979156494, 65.0855331421, 65.5731506348, 66.0607681274, 66.5483856201, 67.0243988037, 67.4888000488, 67.964805603, 68.4408187866, 68.9168243408, 69.4044418335, 69.8920593262, 70.3796844482, 70.8673019409, 71.3549194336, 71.8425369263, 72.3185501099, 72.7945556641, 73.2821731567, 73.7697982788, 74.2574157715, 74.7450332642, 75.2326507568, 75.7202682495, 76.2078933716, 76.6838989258, 77.15990448, 77.6707458496, 78.1815872192, 78.6808166504, 79.1800460815, 79.6792755127, 80.1785049438, 80.6893386841, 81.1885681152]
    bpm_estimates: [123.046844482, 123.046783447, 120.185333252, 123.046905518, 123.046905518, 126.047935486, 126.048065186, 123.046905518, 126.047935486, 126.048065186, 126.047935486, 123.047027588, 120.185218811, 123.047027588, 126.047935486, 123.046783447, 123.047027588, 123.046783447, 123.046783447, 126.048194885, 126.047935486, 123.046783447, 123.047027588, 120.185218811, 120.185455322, 123.047027588, 126.047935486, 126.047935486, 126.047935486, 123.046783447, 126.047935486, 123.047264099, 123.046783447, 123.046783447, 123.046783447, 123.046783447, 126.047935486, 123.047264099, 126.047935486, 123.046783447, 123.046783447, 126.047935486, 126.048446655, 126.047935486, 123.046783447, 123.046783447, 126.047935486, 123.046783447, 123.047264099, 123.046783447, 123.046783447, 123.046783447, 126.047935486, 120.185684204, 123.046783447, 123.046783447, 123.046783447, 123.046783447, 126.048446655, 126.047935486, 123.046302795, 123.047264099, 126.047935486, 126.047935486, 123.047264099, 123.046302795, 126.047935486, 123.047264099, 126.047935486, 123.047264099, 126.047935486, 126.047935486, 120.185218811, 123.047264099, 126.047935486, 123.046302795, 123.047264099, 123.046302795, 126.048950195, 126.047935486, 123.046302795, 123.047264099, 123.046302795, 123.047264099, 123.047264099, 126.047935486, 126.047935486, 123.046302795, 123.047264099, 123.047264099, 126.047935486, 123.047264099, 126.047935486, 123.046302795, 123.047264099, 123.047264099, 123.046302795, 126.047935486, 126.047935486, 123.047264099, 123.047264099, 123.046302795, 123.047264099, 123.046302795, 123.047264099, 126.047935486, 126.047935486, 123.047264099, 123.046302795, 123.047264099, 126.047935486, 126.047935486, 123.047264099, 123.046302795, 123.047264099, 126.048950195, 120.185218811, 123.047264099, 123.046302795, 123.047264099, 123.047264099, 123.047264099, 123.045341492, 123.047264099, 123.047264099, 123.047264099, 123.047264099, 126.046928406, 126.048950195, 126.046928406, 126.048950195, 123.047264099, 123.047264099, 123.045341492, 123.047264099, 123.047264099, 123.047264099, 126.046928406, 126.048950195, 123.047264099, 123.045341492, 123.047264099, 123.047264099, 123.047264099, 123.047264099, 123.045341492, 126.048950195, 126.048950195, 120.185218811, 120.185218811, 120.185218811, 120.185218811, 120.185218811]
    bpm_intervals: [0.510838985443, 0.510838985443, 0.510838985443, 0.487619161606, 0.510838985443, 0.510838985443, 0.510838747025, 0.487619400024, 0.499228954315, 0.487618923187, 0.487618923187, 0.476009368896, 0.476008892059, 0.487618923187, 0.476009368896, 0.476008892059, 0.476009368896, 0.48761844635, 0.499229431152, 0.48761844635, 0.476009368896, 0.487619400024, 0.48761844635, 0.487619400024, 0.487619400024, 0.476008415222, 0.476009368896, 0.487619400024, 0.48761844635, 0.499229431152, 0.499228477478, 0.48761844635, 0.476009368896, 0.476009368896, 0.476009368896, 0.487619400024, 0.476009368896, 0.487617492676, 0.487619400024, 0.487619400024, 0.487619400024, 0.487619400024, 0.476009368896, 0.487617492676, 0.476009368896, 0.487619400024, 0.487619400024, 0.476009368896, 0.476007461548, 0.476009368896, 0.487619400024, 0.487619400024, 0.476009368896, 0.487619400024, 0.487617492676, 0.487619400024, 0.487619400024, 0.487619400024, 0.476009368896, 0.499227523804, 0.487619400024, 0.487619400024, 0.487619400024, 0.487619400024, 0.476007461548, 0.476009368896, 0.487621307373, 0.487617492676, 0.476009368896, 0.476009368896, 0.487617492676, 0.487621307373, 0.476009368896, 0.487617492676, 0.476009368896, 0.487617492676, 0.476009368896, 0.476009368896, 0.499229431152, 0.487617492676, 0.476009368896, 0.487621307373, 0.487617492676, 0.487621307373, 0.476005554199, 0.476009368896, 0.487621307373, 0.487617492676, 0.487621307373, 0.487617492676, 0.487617492676, 0.476009368896, 0.476009368896, 0.487621307373, 0.487617492676, 0.464401245117, 0.487617492676, 0.476009368896, 0.487617492676, 0.476009368896, 0.487621307373, 0.487617492676, 0.487617492676, 0.487621307373, 0.476009368896, 0.476009368896, 0.487617492676, 0.487617492676, 0.487621307373, 0.487617492676, 0.487621307373, 0.487617492676, 0.476009368896, 0.476009368896, 0.487617492676, 0.487621307373, 0.487617492676, 0.476009368896, 0.476009368896, 0.487617492676, 0.487621307373, 0.487617492676, 0.510841369629, 0.476005554199, 0.499229431152, 0.464401245117, 0.487617492676, 0.487621307373, 0.487617492676, 0.487617492676, 0.487617492676, 0.48762512207, 0.487617492676, 0.487617492676, 0.487617492676, 0.487617492676, 0.476013183594, 0.464401245117, 0.476005554199, 0.476013183594, 0.476005554199, 0.487617492676, 0.487617492676, 0.48762512207, 0.487617492676, 0.487617492676, 0.487617492676, 0.476013183594, 0.476005554199, 0.487617492676, 0.48762512207, 0.487617492676, 0.487617492676, 0.487617492676, 0.487617492676, 0.48762512207, 0.476005554199, 0.476005554199, 0.510841369629, 0.510841369629, 0.499229431152, 0.499229431152, 0.499229431152, 0.499229431152, 0.510833740234, 0.499229431152]
    onset_times: [0.255419492722, 2.12462592125, 3.30884361267, 3.77324271202, 3.80807256699, 4.00544214249, 4.08671188354, 6.00235843658, 7.7670750618, 7.90639448166, 8.40562343597, 8.88163280487, 9.38086128235, 9.85687065125, 10.4025392532, 10.8437185287, 11.3429479599, 11.7841272354, 12.3181858063, 12.7941951752, 13.2818136215, 13.7113828659, 14.2454423904, 14.7098417282, 15.2090702057, 15.6386394501, 16.6835365295, 17.600725174, 17.7052154541, 18.5875740051, 19.0751934052, 19.4118824005, 20.5264396667, 21.3855781555, 21.5016784668, 21.5945587158, 22.035736084, 22.4769153595, 22.9529247284, 23.3941040039, 24.4273929596, 24.7756919861, 25.0543308258, 25.3677997589, 25.8670291901, 26.343038559, 26.830657959, 27.22539711, 27.3066673279, 27.7826747894, 28.2702941895, 28.7811336517, 29.1526527405, 29.2339229584, 29.7447624207, 30.2207717896, 30.7199993134, 31.079908371, 31.2076187134, 31.7068481445, 32.171245575, 32.5659866333, 32.7633552551, 33.1348762512, 33.6224937439, 34.086894989, 34.5048522949, 34.96925354, 35.0621299744, 35.5497512817, 36.0025405884, 36.5249900818, 36.9893875122, 37.4653968811, 37.94140625, 38.3709754944, 38.91664505, 39.4390945435, 39.8802719116, 40.3911094666, 40.8090705872, 41.3431282043, 41.8075294495, 42.3067588806, 42.771156311, 43.2936058044, 43.7347831726, 44.2804527283, 44.6171417236, 44.7216339111, 45.2324714661, 45.6852607727, 46.1960983276, 46.6140594482, 46.6953277588, 47.1365089417, 47.6009063721, 48.5645370483, 49.0753746033, 49.5513839722, 50.0506134033, 50.4801826477, 51.0026321411, 51.4786376953, 51.9662590027, 52.2913360596, 52.4422683716, 52.964717865, 53.4058952332, 53.9167327881, 54.3346939087, 54.4043540955, 54.9035835266, 55.3563728333, 56.3316116333, 56.8308372498, 57.2952384949, 57.794467926, 58.2008171082, 58.7580947876, 59.2224960327, 59.7217216492, 60.1977310181, 60.6853523254, 61.1613616943, 61.6605911255, 62.1017684937, 63.135055542, 64.0986862183, 65.9911117554, 67.929977417, 69.8107910156, 69.9152832031, 71.8077087402, 73.5143737793, 73.7233581543, 74.489616394, 74.7102050781, 75.6854400635, 77.2295684814]
    perceptual_tempo: "unknown"

sfx:
    inharmonicity:
        dmean: 0.0253778267652
        dmean2: 0.0463421344757
        dvar: 0.00155364326201
        dvar2: 0.00444416934624
        max: 0.41491189599
        mean: 0.0275447051972
        median: 0.0163647960871
