
metadata:
    version:
        essentia: "2.1-beta2"
    audio_properties:
        analysis_sample_rate: 44100
        bitrate: 189
        channels: 2
        equal_loudness: 1
        length: 225.645721436
        replay_gain: -15.2688922882
        downmix: "mix"
    tags:
        album: "Lueurs"
        artist: "Kells"
        comment: " "
        date: "2009"
        genre: "Alternative"
        title: "Mes Rêves"
        tracknumber: "7"

configuration:
    average_loudness:
        compute: 1
        frameSize: 88200
        hopSize: 44100
        silentFrames: "noise"
        windowType: "hann"
    general:
        analysisSampleRate: 44100
        endTime: 2000
        equalLoudness: 1
        nequalLoudness: 0
        shortSound: 0
        startTime: 0
    lowlevel:
        compute: 1
        frameSize: 2048
        hopSize: 1024
        zeroPadding: 0
        silentFrames: "noise"
        windowType: "blackmanharris62"
        mfccStats: ["mean", "cov", "icov"]
        stats: ["mean", "var", "median", "min", "max", "dmean", "dmean2", "dvar", "dvar2"]
    panning:
        compute: 0
        frameSize: 8192
        hopSize: 2048
        zeroPadding: 8192
        silentFrames: "noise"
        windowType: "hann"
        stats: ["copy"]
    rhythm:
        compute: 1
        maxTempo: 208
        minTempo: 40
        method: "degara"
        stats: ["mean", "var", "median", "min", "max", "dmean", "dmean2", "dvar", "dvar2"]
    segmentation:
        compute: 0
        cpw: 5
        inc1: 300
        inc2: 50
        minimumSegmentsLength: 10
        size1: 1000
        size2: 600
    sfx:
        compute: 1
        stats: ["mean", "var", "median", "min", "max", "dmean", "dmean2", "dvar", "dvar2"]
    svm:
        compute: 0
    tonal:
        compute: 1
        frameSize: 4096
        hopSize: 2048
        zeroPadding: 0
        silentFrames: "noise"
        windowType: "blackmanharris62"
        stats: ["mean", "var", "median", "min", "max", "dmean", "dmean2", "dvar", "dvar2"]

lowlevel:
    average_loudness: 0.896141588688
    barkbands_kurtosis:
        dmean: 0.936220765114
        dmean2: 1.47381949425
        dvar: 7.64854049683
        dvar2: 15.7726373672
        max: 145.152297974
        mean: -0.0649882331491
        median: -0.922027528286
        min: -1.89579880238
        var: 13.197760582
    barkbands_skewness:
        dmean: 0.389788210392
        dmean2: 0.604764580727
        dvar: 0.145182237029
        dvar2: 0.317743271589
        max: 10.688533783
        mean: -0.519664943218
        median: -0.543569803238
        min: -5.30868625641
        var: 0.884214282036
    barkbands_spread:
        dmean: 6.10679912567
        dmean2: 9.80155181885
        dvar: 35.3136253357
        dvar2: 86.4876403809
        max: 82.7905578613
        mean: 33.4316253662
        median: 34.0066490173
        min: 0.522104382515
        var: 146.901260376
    dissonance:
        dmean: 0.00957231596112
        dmean2: 0.0164270363748
        dvar: 0.000119321419334
        dvar2: 0.000328836555127
        max: 0.500000119209
        mean: 0.484423577785
        median: 0.488500207663
        min: 0.328806728125
        var: 0.00020320751355
    hfc:
        dmean: 2.20203256607
        dmean2: 3.39134263992
        dvar: 8.18583869934
        dvar2: 18.0904960632
        max: 63.345035553
        mean: 10.3976240158
        median: 9.59539318085
        min: 1.22027497144e-016
        var: 57.5948791504
    pitch:
        dmean: 822.569152832
        dmean2: 1576.22253418
        dvar: 1678624.625
        dvar2: 4130568
        max: 4613.43603516
        mean: 2252.81005859
        median: 3364.02148438
        min: 59.931350708
        var: 2605866.25
    pitch_instantaneous_confidence:
        dmean: 0.0792114213109
        dmean2: 0.129965469241
        dvar: 0.00442743906751
        dvar2: 0.0109506854787
        max: 0.985202014446
        mean: 0.404262691736
        median: 0.380498528481
        min: 0.117205142975
        var: 0.0192437060177
    pitch_salience:
        dmean: 0.0515690743923
        dmean2: 0.0843318328261
        dvar: 0.002035894664
        dvar2: 0.00513910921291
        max: 0.960295438766
        mean: 0.668273031712
        median: 0.682954251766
        min: 0.151558026671
        var: 0.00697077810764
    silence_rate_20dB:
        dmean: 0
        dmean2: 0
        dvar: 0
        dvar2: 0
        max: 1
        mean: 1
        median: 1
        min: 1
        var: 0
    silence_rate_30dB:
        dmean: 0
        dmean2: 0
        dvar: 0
        dvar2: 0
        max: 1
        mean: 1
        median: 1
        min: 1
        var: 0
    silence_rate_60dB:
        dmean: 0.0613294914365
        dmean2: 0.122671604156
        dvar: 0.0575726404786
        dvar2: 0.126147553325
        max: 1
        mean: 0.291490882635
        median: 0
        min: 0
        var: 0.206517830491
    spectral_centroid:
        dmean: 259.041137695
        dmean2: 407.310180664
        dvar: 66396.828125
        dvar2: 136880.546875
        max: 11266.3378906
        mean: 2162.59326172
        median: 2203.07910156
        min: 175.253692627
        var: 394210.9375
    spectral_complexity:
        dmean: 3.36118531227
        dmean2: 5.35226917267
        dvar: 12.4475002289
        dvar2: 27.4243793488
        max: 46
        mean: 16.4489135742
        median: 18
        min: 0
        var: 81.8554611206
    spectral_crest:
        dmean: 1.62634181976
        dmean2: 2.67451143265
        dvar: 2.32171583176
        dvar2: 5.85491847992
        max: 24.5970592499
        mean: 6.84494113922
        median: 6.14575576782
        min: 2.69785809517
        var: 7.37040948868
    spectral_decrease:
        dmean: 1.99502733778e-010
        dmean2: 3.10949599402e-010
        dvar: 6.27973290571e-020
        dvar2: 1.40479269174e-019
        max: 4.16361648833e-029
        mean: -9.36079214142e-010
        median: -9.09880226718e-010
        min: -3.38309935621e-009
        var: 2.96153587707e-019
    spectral_energy:
        dmean: 0.000916507618967
        dmean2: 0.00142197287641
        dvar: 1.34504921334e-006
        dvar2: 2.97522592518e-006
        max: 0.0185141824186
        mean: 0.00447607412934
        median: 0.00431180838495
        min: 1.09927690907e-020
        var: 7.22684853827e-006
    spectral_energyband_high:
        dmean: 0.000200753289391
        dmean2: 0.000314775126753
        dvar: 9.73154996586e-008
        dvar2: 2.26219711408e-007
        max: 0.00681232381612
        mean: 0.000594186189119
        median: 0.000459116068669
        min: 8.19135554082e-021
        var: 3.41507728763e-007
    spectral_energyband_low:
        dmean: 0.000228369957767
        dmean2: 0.000384368293453
        dvar: 9.28492056573e-008
        dvar2: 2.51535396956e-007
        max: 0.00330480164848
        mean: 0.000325885863276
        median: 0.000225248950301
        min: 1.72501744535e-023
        var: 1.23598880464e-007
    spectral_energyband_middle_high:
        dmean: 0.000608939037193
        dmean2: 0.000952157075517
        dvar: 5.71062400923e-007
        dvar2: 1.30317800995e-006
        max: 0.0176855307072
        mean: 0.0026954181958
        median: 0.00248597888276
        min: 1.56793680502e-021
        var: 3.85431621908e-006
    spectral_energyband_middle_low:
        dmean: 0.00040164263919
        dmean2: 0.000641278922558
        dvar: 3.86477267966e-007
        dvar2: 8.84310793481e-007
        max: 0.00804415717721
        mean: 0.000980432727374
        median: 0.000758447800763
        min: 2.58395592556e-022
        var: 8.20206196295e-007
    spectral_flatness_db:
        dmean: 0.0129858376458
        dmean2: 0.0201871730387
        dvar: 0.000161629664944
        dvar2: 0.000341912964359
        max: 0.412306368351
        mean: 0.146437749267
        median: 0.139423474669
        min: 0.0640192404389
        var: 0.00129155849572
    spectral_flux:
        dmean: 0.00657524447888
        dmean2: 0.0104066235945
        dvar: 6.71813468216e-005
        dvar2: 0.000166054829606
        max: 0.126207828522
        mean: 0.0399659499526
        median: 0.0401001498103
        min: 1.04846409332e-010
        var: 0.000324877823004
    spectral_kurtosis:
        dmean: 0.908001720905
        dmean2: 1.55176115036
        dvar: 1.26533448696
        dvar2: 3.61771440506
        max: 30.8612575531
        mean: 3.04945445061
        median: 2.71862030029
        min: -1.36130201817
        var: 3.15409326553
    spectral_rms:
        dmean: 0.000206141005037
        dmean2: 0.000317256868584
        dvar: 5.25309111765e-008
        dvar2: 1.11593678298e-007
        max: 0.00425001373515
        mean: 0.0019561171066
        median: 0.00205101002939
        min: 3.27485152711e-012
        var: 5.40508608537e-007
    spectral_rolloff:
        dmean: 235.678405762
        dmean2: 383.205963135
        dvar: 153733.515625
        dvar2: 295165.65625
        max: 18604.6875
        mean: 3697.51489258
        median: 3832.91015625
        min: 150.732421875
        var: 483287.4375
    spectral_skewness:
        dmean: 0.132231980562
        dmean2: 0.218649595976
        dvar: 0.0193910691887
        dvar2: 0.0489430688322
        max: 3.87701106071
        mean: 1.1305706501
        median: 1.09387695789
        min: -0.011039157398
        var: 0.0864928290248
    spectral_spread:
        dmean: 393954.34375
        dmean2: 583931.625
        dvar: 411176009728
        dvar2: 588825690112
        max: 41099644
        mean: 4405195
        median: 4194788.5
        min: 1748007.625
        var: 1.84079941632e+012
    spectral_strongpeak:
        dmean: 0.636468350887
        dmean2: 1.08109879494
        dvar: 0.932477176189
        dvar2: 2.35855555534
        max: 13.3807897568
        mean: 0.982585966587
        median: 0.386435270309
        min: 2.7256963353e-009
        var: 2.02463555336
    zerocrossingrate:
        dmean: 0.00715217972174
        dmean2: 0.00875107292086
        dvar: 5.49295073142e-005
        dvar2: 6.55122930766e-005
        max: 0.5048828125
        mean: 0.116688415408
        median: 0.11962890625
        min: 0.01123046875
        var: 0.000700294098351
    barkbands:
        dmean: [8.72185239587e-007, 5.57224630029e-005, 0.000138443734613, 0.000133579364046, 0.000195269385586, 8.16765605123e-005, 7.38811868359e-005, 4.66814235551e-005, 7.13016852387e-005, 6.88077852828e-005, 7.05217244104e-005, 5.58759675187e-005, 2.92397180601e-005, 4.19211937697e-005, 6.59942379571e-005, 0.000105350838567, 0.000173664142494, 0.000173320106114, 0.000244098424446, 0.000284062640276, 8.02015420049e-005, 2.10304533539e-005, 4.76932473248e-006, 2.51460414802e-006, 1.04740490769e-006, 3.2738569189e-008, 4.28771240735e-010]
        dmean2: [1.19073035876e-006, 9.4398004876e-005, 0.000234152830672, 0.000224210671149, 0.00031185138505, 0.000135118927574, 0.000122432044009, 7.79546535341e-005, 0.000116920404253, 0.00010837631271, 0.000108334388642, 9.15646378417e-005, 4.86451535835e-005, 6.95626004017e-005, 0.00010704594024, 0.000172687316081, 0.000284408015432, 0.000286063645035, 0.000399824726628, 0.00045614055125, 0.000130536951474, 3.43310530297e-005, 7.49663604438e-006, 3.75323907065e-006, 1.51459721565e-006, 4.84013611413e-008, 6.90482060417e-010]
        dvar: [1.85460414387e-012, 6.42272235396e-009, 3.6774093104e-008, 3.09511065666e-008, 1.32689251586e-007, 2.24031637686e-008, 2.68464717124e-008, 7.92390153492e-009, 1.89464284261e-008, 2.62462229728e-008, 3.54864155838e-008, 1.59480606499e-008, 7.93232235452e-009, 1.19069509807e-008, 2.52192684513e-008, 4.85897047042e-008, 6.61619665721e-008, 8.06591984315e-008, 1.15987852212e-007, 1.72903583007e-007, 1.33421922399e-008, 8.83263129303e-010, 7.04154720643e-011, 2.90040994694e-011, 8.19083863235e-012, 1.98486382495e-014, 7.49141136541e-019]
        dvar2: [3.4180371207e-012, 1.76446306455e-008, 9.98088296456e-008, 8.26176034252e-008, 2.91374107064e-007, 5.76543186526e-008, 6.75014604212e-008, 2.02159533558e-008, 4.91572578198e-008, 5.81449022263e-008, 7.15656724992e-008, 3.81593281418e-008, 1.8367174448e-008, 2.93439388344e-008, 6.23879401473e-008, 1.15176135296e-007, 1.52287299215e-007, 1.93306675556e-007, 2.7967951155e-007, 4.15782665186e-007, 3.23337552288e-008, 2.14013429201e-009, 1.542128647e-010, 6.38082781057e-011, 1.59578166653e-011, 4.08429292177e-014, 1.51540997824e-018]
        max: [1.29150148496e-005, 0.000927319284528, 0.00296606309712, 0.00240962509997, 0.00532138906419, 0.00260844663717, 0.00373594020493, 0.00158698495943, 0.00299655506387, 0.00367028056644, 0.00474742520601, 0.00270902249031, 0.00319048669189, 0.00472027529031, 0.00475622434169, 0.00596661493182, 0.00651953928173, 0.00814163964242, 0.00833702087402, 0.0108168004081, 0.00200703670271, 0.000457379472209, 0.000237596759689, 0.000265000591753, 0.000107116553409, 6.08331311014e-006, 4.16428669325e-008]
        mean: [1.26730651573e-006, 7.66624798416e-005, 0.000167032165336, 0.000167012534803, 0.000317888363497, 0.000153890490765, 0.000108840213215, 6.82828322169e-005, 0.000119083088066, 0.000118269439554, 0.000156549882377, 9.19344820431e-005, 4.94366177008e-005, 7.25547142792e-005, 0.000113161760964, 0.000196713255718, 0.000402236706577, 0.000397331459681, 0.000643434759695, 0.000778320303652, 0.000202331619221, 5.30182478542e-005, 1.15912462206e-005, 6.873617167e-006, 2.29970760302e-006, 5.99506861931e-008, 6.42488728886e-010]
        median: [1.86866742524e-007, 5.09701858391e-005, 8.95765697351e-005, 0.000105106533738, 0.000159096220159, 6.29323621979e-005, 4.20096475864e-005, 3.13147429551e-005, 4.98877598147e-005, 3.10962350341e-005, 3.54751464329e-005, 3.79682278435e-005, 2.46612707997e-005, 4.21832992288e-005, 6.55814146739e-005, 0.00014613084204, 0.000310273375362, 0.000298356870189, 0.000533512036782, 0.000535525672603, 0.000165499062859, 4.39078903582e-005, 8.13225778984e-006, 4.57745909443e-006, 9.25880272007e-007, 1.51815982008e-008, 2.58911253548e-010]
        min: [1.94360713398e-024, 5.27990835866e-024, 3.40665243185e-024, 5.62748520666e-024, 3.79013775494e-023, 3.08968480691e-023, 2.74787831866e-023, 3.68715196377e-023, 5.28943385409e-023, 1.94685333605e-023, 1.04360504366e-022, 1.12758881646e-022, 8.88528810539e-023, 6.3996681724e-023, 1.20237573329e-022, 1.86553146393e-022, 1.24494355126e-022, 2.52339968081e-022, 2.7724964587e-022, 2.51994787793e-022, 3.62541867544e-022, 4.51701855304e-022, 6.37941741876e-022, 8.52263208652e-022, 1.16713770792e-021, 1.87237037049e-021, 2.2109166544e-021]
        var: [3.90412962376e-012, 7.72108332825e-009, 4.5184020081e-008, 3.78023017333e-008, 2.30255679412e-007, 6.98905324725e-008, 4.84813185153e-008, 1.11405711323e-008, 3.94915531388e-008, 7.52445501462e-008, 1.70643701836e-007, 2.90029902317e-008, 1.53338639564e-008, 2.12381490172e-008, 3.80586975268e-008, 7.50969917362e-008, 2.03179439495e-007, 2.30579814797e-007, 3.95973358991e-007, 7.01956480498e-007, 3.10803720538e-008, 2.11864592536e-009, 1.77875936203e-010, 9.07639310932e-011, 2.8886414094e-011, 5.54857809004e-014, 1.93297716211e-018]
    frequency_bands:
        dmean: [8.72185239587e-007, 5.57224630029e-005, 0.000138443734613, 0.000133579364046, 0.000195269385586, 8.16765605123e-005, 7.38811868359e-005, 4.66814235551e-005, 7.13016852387e-005, 6.88077852828e-005, 7.05217244104e-005, 5.58759675187e-005, 2.92397180601e-005, 4.19211937697e-005, 6.59942379571e-005, 0.000105350838567, 0.000173664142494, 0.000173320106114, 0.000244098424446, 0.000284062640276, 8.02015420049e-005, 2.10304533539e-005, 4.76932473248e-006, 2.51460414802e-006, 1.04740490769e-006, 3.2738569189e-008, 4.28771240735e-010, 5.31583353724e-011]
        dmean2: [1.19073035876e-006, 9.4398004876e-005, 0.000234152830672, 0.000224210671149, 0.00031185138505, 0.000135118927574, 0.000122432044009, 7.79546535341e-005, 0.000116920404253, 0.00010837631271, 0.000108334388642, 9.15646378417e-005, 4.86451535835e-005, 6.95626004017e-005, 0.00010704594024, 0.000172687316081, 0.000284408015432, 0.000286063645035, 0.000399824726628, 0.00045614055125, 0.000130536951474, 3.43310530297e-005, 7.49663604438e-006, 3.75323907065e-006, 1.51459721565e-006, 4.84013611413e-008, 6.90482060417e-010, 9.85726639202e-011]
        dvar: [1.85460414387e-012, 6.42272235396e-009, 3.6774093104e-008, 3.09511065666e-008, 1.32689251586e-007, 2.24031637686e-008, 2.68464717124e-008, 7.92390153492e-009, 1.89464284261e-008, 2.62462229728e-008, 3.54864155838e-008, 1.59480606499e-008, 7.93232235452e-009, 1.19069509807e-008, 2.52192684513e-008, 4.85897047042e-008, 6.61619665721e-008, 8.06591984315e-008, 1.15987852212e-007, 1.72903583007e-007, 1.33421922399e-008, 8.83263129303e-010, 7.04154720643e-011, 2.90040994694e-011, 8.19083863235e-012, 1.98486382495e-014, 7.49141136541e-019, 6.14349625883e-021]
        dvar2: [3.4180371207e-012, 1.76446306455e-008, 9.98088296456e-008, 8.26176034252e-008, 2.91374107064e-007, 5.76543186526e-008, 6.75014604212e-008, 2.02159533558e-008, 4.91572578198e-008, 5.81449022263e-008, 7.15656724992e-008, 3.81593281418e-008, 1.8367174448e-008, 2.93439388344e-008, 6.23879401473e-008, 1.15176135296e-007, 1.52287299215e-007, 1.93306675556e-007, 2.7967951155e-007, 4.15782665186e-007, 3.23337552288e-008, 2.14013429201e-009, 1.542128647e-010, 6.38082781057e-011, 1.59578166653e-011, 4.08429292177e-014, 1.51540997824e-018, 1.94950718404e-020]
        max: [1.29150148496e-005, 0.000927319284528, 0.00296606309712, 0.00240962509997, 0.00532138906419, 0.00260844663717, 0.00373594020493, 0.00158698495943, 0.00299655506387, 0.00367028056644, 0.00474742520601, 0.00270902249031, 0.00319048669189, 0.00472027529031, 0.00475622434169, 0.00596661493182, 0.00651953928173, 0.00814163964242, 0.00833702087402, 0.0108168004081, 0.00200703670271, 0.000457379472209, 0.000237596759689, 0.000265000591753, 0.000107116553409, 6.08331311014e-006, 4.16428669325e-008, 1.10734377223e-009]
        mean: [1.26730651573e-006, 7.66624798416e-005, 0.000167032165336, 0.000167012534803, 0.000317888363497, 0.000153890490765, 0.000108840213215, 6.82828322169e-005, 0.000119083088066, 0.000118269439554, 0.000156549882377, 9.19344820431e-005, 4.94366177008e-005, 7.25547142792e-005, 0.000113161760964, 0.000196713255718, 0.000402236706577, 0.000397331459681, 0.000643434759695, 0.000778320303652, 0.000202331619221, 5.30182478542e-005, 1.15912462206e-005, 6.873617167e-006, 2.29970760302e-006, 5.99506861931e-008, 6.42488728886e-010, 4.12300055208e-011]
        median: [1.86866742524e-007, 5.09701858391e-005, 8.95765697351e-005, 0.000105106533738, 0.000159096220159, 6.29323621979e-005, 4.20096475864e-005, 3.13147429551e-005, 4.98877598147e-005, 3.10962350341e-005, 3.54751464329e-005, 3.79682278435e-005, 2.46612707997e-005, 4.21832992288e-005, 6.55814146739e-005, 0.00014613084204, 0.000310273375362, 0.000298356870189, 0.000533512036782, 0.000535525672603, 0.000165499062859, 4.39078903582e-005, 8.13225778984e-006, 4.57745909443e-006, 9.25880272007e-007, 1.51815982008e-008, 2.58911253548e-010, 1.36063391457e-011]
        min: [1.94360713398e-024, 5.27990835866e-024, 3.40665243185e-024, 5.62748520666e-024, 3.79013775494e-023, 3.08968480691e-023, 2.74787831866e-023, 3.68715196377e-023, 5.28943385409e-023, 1.94685333605e-023, 1.04360504366e-022, 1.12758881646e-022, 8.88528810539e-023, 6.3996681724e-023, 1.20237573329e-022, 1.86553146393e-022, 1.24494355126e-022, 2.52339968081e-022, 2.7724964587e-022, 2.51994787793e-022, 3.62541867544e-022, 4.51701855304e-022, 6.37941741876e-022, 8.52263208652e-022, 1.16713770792e-021, 1.87237037049e-021, 2.2109166544e-021, 7.26308653058e-022]
        var: [3.90412962376e-012, 7.72108332825e-009, 4.5184020081e-008, 3.78023017333e-008, 2.30255679412e-007, 6.98905324725e-008, 4.84813185153e-008, 1.11405711323e-008, 3.94915531388e-008, 7.52445501462e-008, 1.70643701836e-007, 2.90029902317e-008, 1.53338639564e-008, 2.12381490172e-008, 3.80586975268e-008, 7.50969917362e-008, 2.03179439495e-007, 2.30579814797e-007, 3.95973358991e-007, 7.01956480498e-007, 3.10803720538e-008, 2.11864592536e-009, 1.77875936203e-010, 9.07639310932e-011, 2.8886414094e-011, 5.54857809004e-014, 1.93297716211e-018, 4.94200632167e-021]
    mfcc:
        mean: [-715.920593262, 80.8708267212, -49.8198242188, 58.7061691284, -11.5043001175, -7.37852096558, 3.31400799751, -1.32481849194, -2.32875728607, -3.71639466286, -11.6809177399, -3.84896683693, -4.25907564163]
        cov: [[8442.32226563, 326.809936523, -618.657470703, 951.002807617, -356.420837402, 130.156234741, -103.719978333, 235.251724243, 45.5019874573, 100.933677673, 18.6223430634, -39.4663772583, 23.0939617157], [326.809936523, 860.001159668, -6.74285697937, 172.554718018, 31.5616836548, 57.2161331177, 76.0286712646, 55.1575050354, 48.5021400452, -24.9543590546, 7.00436544418, -21.4554004669, -42.9253730774], [-618.657470703, -6.74285697937, 426.545837402, -10.0662183762, 120.115432739, 55.0758056641, -2.58172273636, -10.4999465942, 1.99512600899, 3.66074109077, 36.3971061707, 12.1216001511, -1.15475869179], [951.002807617, 172.554718018, -10.0662183762, 334.443634033, 58.960735321, 81.6391220093, -2.93170261383, 70.8043289185, 29.4956970215, 27.1998767853, 40.2001075745, 23.607755661, 41.1034851074], [-356.420837402, 31.5616836548, 120.115432739, 58.960735321, 217.410186768, 33.704372406, 47.3214302063, -3.313133955, 30.2069797516, 19.5355987549, 17.4993209839, 17.7941379547, 41.3829956055], [130.156234741, 57.2161331177, 55.0758056641, 81.6391220093, 33.704372406, 144.672485352, 50.2715835571, 81.6723175049, 33.9952163696, 26.5464439392, 43.5857124329, 7.20944690704, 17.6925830841], [-103.719978333, 76.0286712646, -2.58172273636, -2.93170261383, 47.3214302063, 50.2715835571, 153.729476929, 65.5244445801, 43.2200050354, 15.8651323318, 5.04275465012, 18.6825351715, 12.245973587], [235.251724243, 55.1575050354, -10.4999465942, 70.8043289185, -3.313133955, 81.6723175049, 65.5244445801, 176.718231201, 53.5190811157, 35.4346885681, 62.8984413147, 27.0014286041, 15.4551706314], [45.5019874573, 48.5021400452, 1.99512600899, 29.4956970215, 30.2069797516, 33.9952163696, 43.2200050354, 53.5190811157, 85.1256027222, 30.9257049561, 27.13671875, -0.880019366741, 10.3422431946], [100.933677673, -24.9543590546, 3.66074109077, 27.1998767853, 19.5355987549, 26.5464439392, 15.8651323318, 35.4346885681, 30.9257049561, 75.902053833, 33.2718505859, 8.73526668549, 10.3396053314], [18.6223430634, 7.00436544418, 36.3971061707, 40.2001075745, 17.4993209839, 43.5857124329, 5.04275465012, 62.8984413147, 27.13671875, 33.2718505859, 122.208297729, 39.3249168396, 11.6033067703], [-39.4663772583, -21.4554004669, 12.1216001511, 23.607755661, 17.7941379547, 7.20944690704, 18.6825351715, 27.0014286041, -0.880019366741, 8.73526668549, 39.3249168396, 82.0211486816, 27.076587677], [23.0939617157, -42.9253730774, -1.15475869179, 41.1034851074, 41.3829956055, 17.6925830841, 12.245973587, 15.4551706314, 10.3422431946, 10.3396053314, 11.6033067703, 27.076587677, 75.5738525391]]
        icov: [[0.000249566248385, 6.51110894978e-005, 0.000174269895069, -0.000861888809595, 0.000516659987625, 8.07322649052e-005, -6.53376773698e-005, -2.86304457404e-005, 4.54894825452e-006, -0.000219976165681, 8.4728904767e-005, 0.000219482419197, 8.46070615808e-005], [6.51110894978e-005, 0.00163258193061, 5.11039688718e-005, -0.00131938804407, 8.58725761645e-005, 8.53256424307e-005, -0.000985742313787, 0.000104772589111, -0.000662798876874, 0.00112191773951, -0.000190778911929, 0.000465216027806, 0.00149690150283], [0.000174269895069, 5.11039688718e-005, 0.00341609027237, 0.000170819155755, -0.00183685659431, -0.00175950187258, 0.00102930131834, 0.000275537953712, 0.000300494895782, 0.000285808171611, -0.000525586074218, -0.000427689024946, 0.0012833805522], [-0.000861888809595, -0.00131938804407, 0.000170819155755, 0.00795791856945, -0.00320815085433, -0.00257566175424, 0.00293147540651, -0.00119242223445, 8.4280523879e-005, -0.000111018161988, 0.000206651326152, -0.00183700362686, -0.00205296161585], [0.000516659987625, 8.58725761645e-005, -0.00183685659431, -0.00320815085433, 0.00882843323052, 0.000683844729792, -0.00301093421876, 0.0024756595958, -0.00162826001178, -0.00128587172367, -0.00035084944102, 0.000707365106791, -0.00320591311902], [8.07322649052e-005, 8.53256424307e-005, -0.00175950187258, -0.00257566175424, 0.000683844729792, 0.0124732032418, -0.0031914266292, -0.00339253805578, 0.000565500638913, -0.000831092998851, -0.00212351721711, 0.00326753454283, -0.00149420066737], [-6.53376773698e-005, -0.000985742313787, 0.00102930131834, 0.00293147540651, -0.00301093421876, -0.0031914266292, 0.0115915639326, -0.00335832848214, -0.00297537143342, -0.000239038883592, 0.00349210225977, -0.0036670495756, 0.000303342181724], [-2.86304457404e-005, 0.000104772589111, 0.000275537953712, -0.00119242223445, 0.0024756595958, -0.00339253805578, -0.00335832848214, 0.0115711390972, -0.00344898551702, -0.000655947253108, -0.00327018345706, -0.00132542091887, -0.000123860212625], [4.54894825452e-006, -0.000662798876874, 0.000300494895782, 8.4280523879e-005, -0.00162826001178, 0.000565500638913, -0.00297537143342, -0.00344898551702, 0.0187853761017, -0.00476665887982, -0.00221546948887, 0.0041566407308, -0.00154012942221], [-0.000219976165681, 0.00112191773951, 0.000285808171611, -0.000111018161988, -0.00128587172367, -0.000831092998851, -0.000239038883592, -0.000655947253108, -0.00476665887982, 0.0181177221239, -0.0032406989485, 0.000231169557082, 0.000429063336924], [8.4728904767e-005, -0.000190778911929, -0.000525586074218, 0.000206651326152, -0.00035084944102, -0.00212351721711, 0.00349210225977, -0.00327018345706, -0.00221546948887, -0.0032406989485, 0.0138633241877, -0.00623057410121, 0.00138781475835], [0.000219482419197, 0.000465216027806, -0.000427689024946, -0.00183700362686, 0.000707365106791, 0.00326753454283, -0.0036670495756, -0.00132542091887, 0.0041566407308, 0.000231169557082, -0.00623057410121, 0.0186382196844, -0.00541883055121], [8.46070615808e-005, 0.00149690150283, 0.0012833805522, -0.00205296161585, -0.00320591311902, -0.00149420066737, 0.000303342181724, -0.000123860212625, -0.00154012942221, 0.000429063336924, 0.00138781475835, -0.00541883055121, 0.01915458031]]
    sccoeffs:
        dmean: [0.0550686195493, 0.0453883185983, 0.0380689948797, 0.0287837851793, 0.019715866074, 0.01619050093]
        dmean2: [0.0897543430328, 0.0758665725589, 0.0629919022322, 0.0483250133693, 0.032816529274, 0.0262080766261]
        dvar: [0.00195692293346, 0.0012449992355, 0.000918717531022, 0.000552587676793, 0.000262596440734, 0.000192437422811]
        dvar2: [0.0050810999237, 0.00338075170293, 0.00239564618096, 0.00147378747351, 0.000662815349642, 0.000468252663268]
        max: [-0.329026281834, -0.482405602932, -0.369112491608, -0.532158851624, -0.570888280869, -0.624442517757]
        mean: [-0.683824360371, -0.777060925961, -0.783601045609, -0.80063188076, -0.793514966965, -0.741233289242]
        median: [-0.693256020546, -0.782859921455, -0.795879900455, -0.805473744869, -0.797085285187, -0.736074566841]
        min: [-0.977899193764, -0.971537232399, -0.967283010483, -0.986778378487, -0.96599394083, -0.962583959103]
        var: [0.00733625516295, 0.00393272051588, 0.00531306257471, 0.00195034476928, 0.00145527755376, 0.00161573966034]
    scvalleys:
        dmean: [0.406819015741, 0.368285566568, 0.298856586218, 0.248080208898, 0.191209107637, 0.217996269464]
        dmean2: [0.671546757221, 0.60672545433, 0.492162615061, 0.396382302046, 0.292061716318, 0.319004774094]
        dvar: [0.145414426923, 0.112762153149, 0.0770987421274, 0.067094117403, 0.0594867914915, 0.082837074995]
        dvar2: [0.330996006727, 0.253513634205, 0.165394932032, 0.124333396554, 0.0878131166101, 0.143150806427]
        max: [-5.23140954971, -4.88392114639, -5.5313205719, -5.63133144379, -5.50329446793, -7.51268339157]
        mean: [-7.13371372223, -6.97564840317, -7.24578237534, -7.35525226593, -6.8349070549, -9.7581987381]
        median: [-6.6142039299, -6.7484536171, -7.00241756439, -7.06979608536, -6.44346046448, -9.36504936218]
        min: [-27.3244895935, -27.208864212, -27.431842804, -27.3974628448, -27.2181091309, -27.2848052979]
        var: [2.44203925133, 1.53977715969, 1.58096253872, 1.42638540268, 1.79783582687, 2.16002583504]

rhythm:
    beats_loudness:
        dmean: 0.00319758336991
        dmean2: 0.00604631565511
        dvar: 4.86575845571e-006
        dvar2: 1.61969292094e-005
        max: 0.0141860600561
        mean: 0.00590559700504
        median: 0.00586068350822
        min: 1.33255351198e-010
        var: 1.11548379209e-005
    bpm: 104.947113037
    bpm_confidence: 0
    first_peak_bpm: 105
    first_peak_spread: 0.336111098528
    first_peak_weight: 0.590123474598
    onset_rate: 2.06075263023
    second_peak_bpm: 140
    second_peak_spread: 0.285714268684
    second_peak_weight: 0.0493827164173
    beats_loudness_band_ratio:
        dmean: [0.127910301089, 0.140018984675, 0.0557633377612, 0.0686025246978, 0.105445109308, 0.111439749599]
        dmean2: [0.233794316649, 0.266069024801, 0.101077497005, 0.122326932847, 0.194737121463, 0.194549053907]
        dvar: [0.00991189759225, 0.0096015734598, 0.00264848256484, 0.00893679633737, 0.00619479268789, 0.0090151829645]
        dvar2: [0.032417204231, 0.0327168256044, 0.00754165882245, 0.0242063179612, 0.0195289831609, 0.0258219223469]
        max: [0.538391947746, 0.872461974621, 0.465875089169, 0.764072418213, 0.665257871151, 0.746189236641]
        mean: [0.165587663651, 0.153482303023, 0.0857895836234, 0.0925520658493, 0.253609538078, 0.324367195368]
        median: [0.152156144381, 0.129065036774, 0.0753513425589, 0.0578648410738, 0.23374864459, 0.314334273338]
        min: [0.000252620171523, 0.000141043186886, 0.000655191310216, 0.00757482368499, 0.0311212670058, 0.0274436045438]
        var: [0.0128117324784, 0.01472779084, 0.00386398052797, 0.0093934321776, 0.010636491701, 0.0151029136032]
    beats_position: [0.580498874187, 1.16099774837, 1.75310659409, 2.33360528946, 2.92571425438, 3.51782298088, 4.12154197693, 4.72526073456, 5.31736946106, 5.89786815643, 6.47836732864, 7.04725599289, 7.61614513397, 8.19664382935, 8.76553249359, 9.33442115784, 9.91492080688, 10.4838094711, 11.0526981354, 11.6215867996, 12.1904764175, 12.7593650818, 13.328253746, 13.9087524414, 14.4892511368, 15.0581407547, 15.6270294189, 16.1959171295, 16.7648067474, 17.3336963654, 17.9025840759, 18.483083725, 19.0519733429, 19.6324710846, 20.2013607025, 20.7702484131, 21.339138031, 21.9080276489, 22.4769153595, 23.0574150085, 23.6263027191, 24.2068023682, 24.7756919861, 25.3445796967, 25.9134693146, 26.4939670563, 27.0628566742, 27.6317462921, 28.2006340027, 28.7695236206, 29.3268013, 29.9073009491, 30.4878005981, 31.0566883087, 31.6255779266, 32.1944656372, 32.7633552551, 33.3438529968, 33.9127426147, 34.4932403564, 35.0621299744, 35.6310195923, 36.1999092102, 36.7687988281, 37.3376846313, 37.9065742493, 38.4754638672, 39.0443534851, 39.613243103, 40.1937408447, 40.7742385864, 41.3431282043, 41.9120178223, 42.4809074402, 43.0497932434, 43.6302947998, 44.2107925415, 44.7912902832, 45.3601799011, 45.9174575806, 46.4863471985, 47.0552368164, 47.6241264343, 48.1930160522, 48.7619056702, 49.3307914734, 49.8996810913, 50.4685707092, 51.0490684509, 51.6295700073, 52.1984558105, 52.7673454285, 53.3362350464, 53.9051246643, 54.4740142822, 55.0545120239, 55.6234016418, 56.1922874451, 56.761177063, 57.3300666809, 57.9105644226, 58.4794540405, 59.0483436584, 59.6172332764, 60.1977310181, 60.766620636, 61.3471183777, 61.9160079956, 62.4848976135, 63.0537872314, 63.6226730347, 64.1799545288, 64.748840332, 65.3177337646, 65.8866195679, 66.4555053711, 67.0360107422, 67.6165084839, 68.1853942871, 68.7658920288, 69.3347854614, 69.9152832031, 70.4841690063, 71.053062439, 71.6335601807, 72.2024459839, 72.7713394165, 73.3402252197, 73.9091110229, 74.4780044556, 75.0468902588, 75.6273880005, 76.2078933716, 76.7767791748, 77.345664978, 77.9145584106, 78.4834442139, 79.0523376465, 79.6212234497, 80.2017211914, 80.7706069946, 81.3395004272, 81.9199981689, 82.4888839722, 83.0577774048, 83.626663208, 84.1955566406, 84.7644424438, 85.3333282471, 85.9138336182, 86.4827194214, 87.0516052246, 87.6204986572, 88.1893844604, 88.7582778931, 89.3387756348, 89.907661438, 90.4649429321, 91.0454406738, 91.6259384155, 92.1948318481, 92.7637176514, 93.3326034546, 93.9014968872, 94.4819946289, 95.0508804321, 95.6197738647, 96.188659668, 96.7575454712, 97.3380508423, 97.918548584, 98.4758224487, 99.0447158813, 99.6136016846, 100.194099426, 100.762992859, 101.331878662, 101.900772095, 102.469657898, 103.05015564, 103.630653381, 104.199546814, 104.768432617, 105.348930359, 105.929428101, 106.498321533, 107.067207336, 107.624488831, 108.193374634, 108.762268066, 109.33115387, 109.900039673, 110.480545044, 111.061042786, 111.61831665, 112.198822021, 112.767707825, 113.336593628, 113.893875122, 114.474372864, 115.054870605, 115.623764038, 116.192649841, 116.761543274, 117.330429077, 117.910926819, 118.479812622, 119.048706055, 119.617591858, 120.186485291, 120.766983032, 121.335868835, 121.904762268, 122.48526001, 123.054145813, 123.623039246, 124.191925049, 124.760810852, 125.341316223, 125.921813965, 126.502311707, 127.082809448, 127.651695251, 128.220581055, 128.789474487, 129.35836792, 129.915649414, 130.484527588, 131.053421021, 131.633926392, 132.202804565, 132.771697998, 133.352203369, 133.921081543, 134.489974976, 135.058868408, 135.616149902, 136.185028076, 136.753921509, 137.322814941, 137.903305054, 138.483810425, 139.052688599, 139.63319397, 140.202087402, 140.770965576, 141.339859009, 141.908752441, 142.466033936, 143.046524048, 143.61541748, 144.195922852, 144.764801025, 145.333694458, 145.914199829, 146.494689941, 147.063583374, 147.632461548, 148.212966919, 148.770248413, 149.339141846, 149.90802002, 150.476913452, 151.045806885, 151.614685059, 152.183578491, 152.752471924, 153.321365356, 153.901855469, 154.48236084, 155.062850952, 155.643356323, 156.200637817, 156.769515991, 157.338409424, 157.907302856, 158.47618103, 159.056686401, 159.637191772, 160.229293823, 160.798187256, 161.35546875, 161.924346924, 162.493240356, 163.050521851, 163.619400024, 164.188293457, 164.768798828, 165.34928894, 165.918182373, 166.487075806, 167.055953979, 167.624847412, 168.193740845, 168.762634277, 169.34312439, 169.912017822, 170.480911255, 171.049789429, 171.618682861, 172.187576294, 172.768066406, 173.336959839, 173.905853271, 174.474731445, 175.043624878, 175.624130249, 176.204620361, 176.773513794, 177.342407227, 177.9112854, 178.491790771, 179.060684204, 179.641174316, 180.210067749, 180.790557861, 181.359451294, 181.916732788, 182.485626221, 183.054504395, 183.623397827, 184.180679321, 184.761169434, 185.341674805, 185.898956299, 186.467849731, 187.048339844, 187.617233276, 188.197723389, 188.766616821, 189.335510254, 189.916000366, 190.484893799, 191.06539917, 191.634277344, 192.203170776, 192.772064209, 193.340942383, 193.909835815, 194.478729248, 195.047622681, 195.616500854, 196.185394287, 196.765899658, 197.346389771, 197.915283203, 198.484161377, 199.05305481, 199.621948242, 200.190841675, 200.759719849, 201.34022522, 201.909118652, 202.489608765, 203.058502197, 203.62739563, 204.196273804, 204.765167236, 205.345672607, 205.92616272, 206.495056152, 207.063934326, 207.632827759, 208.050796509, 208.480361938, 208.89831543, 209.327880859, 209.757461548, 210.187026978, 210.616592407, 211.046157837, 211.475738525, 211.905303955, 212.334869385, 212.764434814, 213.182403564, 213.611968994, 214.041534424, 214.482711792, 214.91229248, 215.34185791, 215.77142334, 216.20098877, 216.642166138, 217.083358765, 217.524536133, 217.954101563, 218.395278931, 218.82484436, 219.254425049, 219.683990479, 220.043899536, 220.403808594, 220.763717651, 221.135238647, 221.483535767, 221.831832886, 222.180130005, 222.528427124, 222.876724243, 223.225036621, 223.57333374, 223.921630859, 224.269927979, 224.618225098, 224.966522217]
