
metadata:
    version:
        essentia: "2.1-beta2"
    audio_properties:
        analysis_sample_rate: 44100
        bitrate: 176
        channels: 2
        equal_loudness: 1
        length: 170.736328125
        replay_gain: -14.1545581818
        downmix: "mix"
    tags:
        album: "Lueurs"
        artist: "Kells"
        comment: " "
        date: "2009"
        genre: "Alternative"
        title: "Le Ciel"
        tracknumber: "9"

configuration:
    average_loudness:
        compute: 1
        frameSize: 88200
        hopSize: 44100
        silentFrames: "noise"
        windowType: "hann"
    general:
        analysisSampleRate: 44100
        endTime: 2000
        equalLoudness: 1
        nequalLoudness: 0
        shortSound: 0
        startTime: 0
    lowlevel:
        compute: 1
        frameSize: 2048
        hopSize: 1024
        zeroPadding: 0
        silentFrames: "noise"
        windowType: "blackmanharris62"
        mfccStats: ["mean", "cov", "icov"]
        stats: ["mean", "var", "median", "min", "max", "dmean", "dmean2", "dvar", "dvar2"]
    panning:
        compute: 0
        frameSize: 8192
        hopSize: 2048
        zeroPadding: 8192
        silentFrames: "noise"
        windowType: "hann"
        stats: ["copy"]
    rhythm:
        compute: 1
        maxTempo: 208
        minTempo: 40
        method: "degara"
        stats: ["mean", "var", "median", "min", "max", "dmean", "dmean2", "dvar", "dvar2"]
    segmentation:
        compute: 0
        cpw: 5
        inc1: 300
        inc2: 50
        minimumSegmentsLength: 10
        size1: 1000
        size2: 600
    sfx:
        compute: 1
        stats: ["mean", "var", "median", "min", "max", "dmean", "dmean2", "dvar", "dvar2"]
    svm:
        compute: 0
    tonal:
        compute: 1
        frameSize: 4096
        hopSize: 2048
        zeroPadding: 0
        silentFrames: "noise"
        windowType: "blackmanharris62"
        stats: ["mean", "var", "median", "min", "max", "dmean", "dmean2", "dvar", "dvar2"]

lowlevel:
    average_loudness: 0.485062927008
    barkbands_kurtosis:
        dmean: 0.999251782894
        dmean2: 1.57562971115
        dvar: 3.74192452431
        dvar2: 9.05770492554
        max: 48.6366844177
        mean: 0.297821730375
        median: -0.815002202988
        min: -1.88831019402
        var: 10.8710222244
    barkbands_skewness:
        dmean: 0.367950260639
        dmean2: 0.565053105354
        dvar: 0.146197766066
        dvar2: 0.322419285774
        max: 5.63121891022
        mean: 0.371543765068
        median: 0.172665312886
        min: -3.14557671547
        var: 1.1261767149
    barkbands_spread:
        dmean: 5.07894182205
        dmean2: 8.04143619537
        dvar: 26.3871536255
        dvar2: 63.924369812
        max: 74.2530517578
        mean: 30.639831543
        median: 31.5623321533
        min: 1.32946562767
        var: 192.332443237
    dissonance:
        dmean: 0.0175784807652
        dmean2: 0.0298876482993
        dvar: 0.000415511982283
        dvar2: 0.00114506529644
        max: 0.500000119209
        mean: 0.466634213924
        median: 0.478784501553
        min: 0.202571883798
        var: 0.0011450672755
    hfc:
        dmean: 1.45681273937
        dmean2: 2.27571702003
        dvar: 8.80140972137
        dvar2: 20.4731998444
        max: 44.4133224487
        mean: 6.21959638596
        median: 2.61030101776
        min: 1.1461234573e-016
        var: 53.9712257385
    pitch:
        dmean: 562.234924316
        dmean2: 1075.27514648
        dvar: 1162296.25
        dvar2: 3006540.5
        max: 4664.84130859
        mean: 1174.49609375
        median: 345.084350586
        min: 54.7081565857
        var: 2108274
    pitch_instantaneous_confidence:
        dmean: 0.0747142061591
        dmean2: 0.12017249316
        dvar: 0.00390827469528
        dvar2: 0.00980432704091
        max: 0.936057209969
        mean: 0.433449745178
        median: 0.411763876677
        min: 0.114301502705
        var: 0.0204910710454
    pitch_salience:
        dmean: 0.0525356791914
        dmean2: 0.0841373801231
        dvar: 0.00217335042544
        dvar2: 0.0053598866798
        max: 0.948443472385
        mean: 0.585170447826
        median: 0.585904717445
        min: 0.185391172767
        var: 0.0106045138091
    silence_rate_20dB:
        dmean: 0
        dmean2: 0
        dvar: 0
        dvar2: 0
        max: 1
        mean: 1
        median: 1
        min: 1
        var: 0
    silence_rate_30dB:
        dmean: 0
        dmean2: 0
        dvar: 0
        dvar2: 0
        max: 1
        mean: 1
        median: 1
        min: 1
        var: 0
    silence_rate_60dB:
        dmean: 0.0258397925645
        dmean2: 0.0516866147518
        dvar: 0.0251742079854
        dvar2: 0.0558217130601
        max: 1
        mean: 0.544873535633
        median: 1
        min: 0
        var: 0.247985586524
    spectral_centroid:
        dmean: 210.389328003
        dmean2: 327.521209717
        dvar: 64806.09375
        dvar2: 126338.046875
        max: 11347.9550781
        mean: 1436.15197754
        median: 1474.66088867
        min: 180.850021362
        var: 526657.5
    spectral_complexity:
        dmean: 2.45994830132
        dmean2: 3.93171930313
        dvar: 14.5216684341
        dvar2: 31.8317394257
        max: 49
        mean: 10.7111778259
        median: 6
        min: 0
        var: 105.245849609
    spectral_crest:
        dmean: 1.93621480465
        dmean2: 3.12666916847
        dvar: 3.37311339378
        dvar2: 8.52375221252
        max: 24.0925273895
        mean: 8.38448524475
        median: 7.43918848038
        min: 2.70614600182
        var: 14.8803796768
    spectral_decrease:
        dmean: 1.61445662394e-010
        dmean2: 2.51662080064e-010
        dvar: 8.55920485948e-020
        dvar2: 1.96229794894e-019
        max: 2.10286242004e-029
        mean: -7.57257367923e-010
        median: -5.35979371996e-010
        min: -4.04369782103e-009
        var: 5.38792415491e-019
    spectral_energy:
        dmean: 0.000714721973054
        dmean2: 0.00110727862921
        dvar: 1.79121570909e-006
        dvar2: 4.09045105698e-006
        max: 0.0191563796252
        mean: 0.00342219672166
        median: 0.00225756084546
        min: 1.05168510484e-020
        var: 1.15877119242e-005
    spectral_energyband_high:
        dmean: 0.000136803282658
        dmean2: 0.000219024892431
        dvar: 8.93406806313e-008
        dvar2: 2.1498709657e-007
        max: 0.00574343651533
        mean: 0.00035785487853
        median: 0.000106665043859
        min: 7.69753517747e-021
        var: 3.08749719125e-007
    spectral_energyband_low:
        dmean: 0.000221684822463
        dmean2: 0.000360468809959
        dvar: 1.22392364688e-007
        dvar2: 3.30539961624e-007
        max: 0.00370197091252
        mean: 0.000499083253089
        median: 0.000291552220006
        min: 4.98337759542e-023
        var: 2.97501770774e-007
    spectral_energyband_middle_high:
        dmean: 0.000416374386987
        dmean2: 0.000660803518258
        dvar: 5.06181493165e-007
        dvar2: 1.23327276924e-006
        max: 0.0130976904184
        mean: 0.00182486814447
        median: 0.000823700684123
        min: 1.48559002588e-021
        var: 4.3654986257e-006
    spectral_energyband_middle_low:
        dmean: 0.000352559378371
        dmean2: 0.000566675444134
        dvar: 4.79809159515e-007
        dvar2: 1.11386873414e-006
        max: 0.00907480251044
        mean: 0.000891246658284
        median: 0.000660889199935
        min: 2.48280351024e-022
        var: 1.0563738897e-006
    spectral_flatness_db:
        dmean: 0.014826211147
        dmean2: 0.0232542362064
        dvar: 0.000227589058341
        dvar2: 0.000504684692714
        max: 0.43639844656
        mean: 0.17626555264
        median: 0.157162576914
        min: 0.0666452348232
        var: 0.00352777610533
    spectral_flux:
        dmean: 0.00547593506053
        dmean2: 0.00851013232023
        dvar: 6.41673395876e-005
        dvar2: 0.000141836659168
        max: 0.110421083868
        mean: 0.0278257075697
        median: 0.024338375777
        min: 6.64992436117e-011
        var: 0.000464831507998
    spectral_kurtosis:
        dmean: 2.82194590569
        dmean2: 4.81302261353
        dvar: 43.5019683838
        dvar2: 125.35761261
        max: 148.536575317
        mean: 7.61582374573
        median: 3.21414852142
        min: -1.56925237179
        var: 226.145629883
    spectral_rms:
        dmean: 0.000167159945704
        dmean2: 0.000254132261034
        dvar: 6.42879172119e-008
        dvar2: 1.39184791692e-007
        max: 0.00432309508324
        mean: 0.00153336848598
        median: 0.00148408161476
        min: 3.20317687305e-012
        var: 9.87495923255e-007
    spectral_rolloff:
        dmean: 322.526824951
        dmean2: 529.938232422
        dvar: 303181.78125
        dvar2: 626833
        max: 18970.7519531
        mean: 2765.93237305
        median: 3316.11328125
        min: 150.732421875
        var: 1790057.625
    spectral_skewness:
        dmean: 0.26463124156
        dmean2: 0.439380764961
        dvar: 0.188861832023
        dvar2: 0.516198217869
        max: 9.7612657547
        mean: 1.65662956238
        median: 1.28768098354
        min: -0.176964044571
        var: 1.23990654945
    spectral_spread:
        dmean: 445294.34375
        dmean2: 649338.0625
        dvar: 610571452416
        dvar2: 989222273024
        max: 40855316
        mean: 4421420
        median: 4254653.5
        min: 598707.0625
        var: 4.46679744512e+012
    spectral_strongpeak:
        dmean: 0.291436284781
        dmean2: 0.495259523392
        dvar: 0.391596108675
        dvar2: 0.986701905727
        max: 10.993270874
        mean: 0.642167985439
        median: 0.156275093555
        min: 7.86185616608e-010
        var: 1.13642573357
    zerocrossingrate:
        dmean: 0.00691263610497
        dmean2: 0.0083878505975
        dvar: 6.17199839326e-005
        dvar2: 6.62264064886e-005
        max: 0.50341796875
        mean: 0.0838010534644
        median: 0.08935546875
        min: 0.00732421875
        var: 0.00123180449009
    barkbands:
        dmean: [4.02886001893e-007, 5.22407572134e-005, 0.000136601913255, 0.000142389908433, 0.000192173276446, 5.91769057792e-005, 5.2014074754e-005, 3.05672001559e-005, 3.06541369355e-005, 3.61781749234e-005, 0.000124319150927, 7.97247048467e-005, 1.20072809295e-005, 2.59532771452e-005, 4.54867695225e-005, 8.79483050085e-005, 9.42888873396e-005, 9.03123509488e-005, 0.000154774519615, 0.000142977936775, 5.45398324903e-005, 1.56293717737e-005, 3.75406443709e-006, 1.44368095789e-006, 7.94494667389e-007, 2.53901095704e-008, 2.12325976245e-010]
        dmean2: [5.34069101832e-007, 8.54695972521e-005, 0.000222083908739, 0.000229028883041, 0.000318792648613, 9.82347919489e-005, 8.6666594143e-005, 4.84118500026e-005, 4.96984030178e-005, 5.46171868336e-005, 0.000195765373064, 0.00012231960136, 1.97059453058e-005, 4.35406764154e-005, 7.31956606614e-005, 0.000146240432514, 0.000156895650434, 0.000145993501064, 0.000252915720921, 0.000233181897784, 8.83264365257e-005, 2.55511949945e-005, 6.0143806877e-006, 2.21619870899e-006, 1.16840396913e-006, 3.81089293455e-008, 3.58567647796e-010]
        dvar: [9.27712984558e-013, 8.55143511558e-009, 5.02810202363e-008, 5.43621716531e-008, 1.65201541336e-007, 1.78006231977e-008, 2.75510867453e-008, 4.42665459843e-009, 4.15364675987e-009, 1.15370433207e-008, 1.04567874359e-007, 5.07224697799e-008, 7.68401731133e-010, 6.60527410545e-009, 1.49841667962e-008, 4.5633839818e-008, 2.23281997336e-008, 4.30981330624e-008, 8.58214690425e-008, 7.04706693e-008, 1.71137983784e-008, 1.98043781374e-009, 9.24544329983e-011, 9.24854463846e-012, 7.9097917452e-012, 1.47884092125e-014, 1.93060116335e-019]
        dvar2: [1.6161996871e-012, 2.35165327211e-008, 1.37064944283e-007, 1.41251121022e-007, 3.99718032895e-007, 4.5890601541e-008, 7.31746254701e-008, 1.02928519041e-008, 9.67025926002e-009, 2.15365183465e-008, 2.48168674943e-007, 1.11228978028e-007, 1.89810656082e-009, 1.79310415405e-008, 3.48844970688e-008, 1.13623485731e-007, 6.00448828436e-008, 1.05094144942e-007, 2.17977614625e-007, 1.81261796683e-007, 4.1291375652e-008, 5.05418285002e-009, 2.14871453963e-010, 2.08128566465e-011, 1.75797622987e-011, 3.11448830864e-014, 5.08139480134e-019]
        max: [1.12198449642e-005, 0.00104938982986, 0.00307931285352, 0.00306228222325, 0.00620030704886, 0.00209802296013, 0.00221891514957, 0.00151755171828, 0.00223460211419, 0.00210272474214, 0.00489418767393, 0.0037742885761, 0.000737984781154, 0.00351775367744, 0.00317195989192, 0.00618085777387, 0.00222134031355, 0.00651868805289, 0.00572328828275, 0.00571109447628, 0.00239187525585, 0.00134001567494, 0.000175942972419, 6.38778001303e-005, 0.000112589237688, 4.29245346822e-006, 1.38026319263e-008]
        mean: [6.27878137038e-007, 0.000113349924504, 0.000246318086283, 0.000265681621386, 0.000331480434397, 0.000104887265479, 6.75341725582e-005, 4.913738303e-005, 6.46515400149e-005, 5.88398215768e-005, 0.000296411802992, 0.000164522629348, 2.11464594031e-005, 4.28176535934e-005, 8.56401529745e-005, 0.000175074106664, 0.00020698197477, 0.000202174836886, 0.00037293380592, 0.000398530013626, 0.000111697852844, 3.00277079077e-005, 6.65105426378e-006, 3.45734633811e-006, 1.57826343639e-006, 4.05459985586e-008, 2.53438908748e-010]
        median: [8.51686507986e-008, 5.81385211262e-005, 0.000119442687719, 0.000151617976371, 0.000183352356544, 5.03619085066e-005, 2.26807860599e-005, 2.02183946385e-005, 2.49062704825e-005, 1.90637765627e-005, 1.54565568664e-005, 2.43538670475e-005, 1.03110915006e-005, 2.16186508624e-005, 3.39353500749e-005, 6.07267866144e-005, 0.000112366949907, 6.13266893197e-005, 0.000154233595822, 8.98662547115e-005, 4.06847248087e-005, 8.63366767589e-006, 1.59064848049e-006, 1.4706085949e-006, 5.55450128559e-007, 5.47109380022e-009, 7.60585136539e-011]
        min: [5.80744765054e-024, 6.25376976793e-024, 6.62029111057e-024, 9.65161377891e-024, 7.72857678467e-024, 4.59106160558e-023, 4.27288875896e-023, 3.14127126141e-023, 5.09256004678e-023, 7.32900501e-023, 5.27875993495e-023, 4.40678369812e-023, 4.24745998545e-023, 4.26793218812e-023, 9.88709854099e-023, 9.01447827812e-023, 1.29532664577e-022, 1.54991225472e-022, 2.16305609725e-022, 2.23469274537e-022, 3.47068506038e-022, 4.11675961741e-022, 5.22905475595e-022, 5.73169824453e-022, 1.21564409603e-021, 1.39681785476e-021, 2.40010311947e-021]
        var: [2.04874095119e-012, 1.78063537248e-008, 8.69566392225e-008, 1.12151965936e-007, 2.47148989274e-007, 2.79490617316e-008, 2.69555275878e-008, 7.7152408906e-009, 2.27364775895e-008, 2.50948541947e-008, 4.71356401022e-007, 2.08327406881e-007, 1.42680089965e-009, 6.93821267106e-009, 3.37299610464e-008, 9.22880261101e-008, 6.07229750926e-008, 1.32892424176e-007, 2.65186315573e-007, 3.51781608288e-007, 3.15964889808e-008, 2.76485434547e-009, 1.66922350942e-010, 2.7984311049e-011, 1.7529460522e-011, 3.13644543551e-014, 2.63886978071e-019]
    frequency_bands:
        dmean: [4.02886001893e-007, 5.22407572134e-005, 0.000136601913255, 0.000142389908433, 0.000192173276446, 5.91769057792e-005, 5.2014074754e-005, 3.05672001559e-005, 3.06541369355e-005, 3.61781749234e-005, 0.000124319150927, 7.97247048467e-005, 1.20072809295e-005, 2.59532771452e-005, 4.54867695225e-005, 8.79483050085e-005, 9.42888873396e-005, 9.03123509488e-005, 0.000154774519615, 0.000142977936775, 5.45398324903e-005, 1.56293717737e-005, 3.75406443709e-006, 1.44368095789e-006, 7.94494667389e-007, 2.53901095704e-008, 2.12325976245e-010, 3.6614215132e-011]
        dmean2: [5.34069101832e-007, 8.54695972521e-005, 0.000222083908739, 0.000229028883041, 0.000318792648613, 9.82347919489e-005, 8.6666594143e-005, 4.84118500026e-005, 4.96984030178e-005, 5.46171868336e-005, 0.000195765373064, 0.00012231960136, 1.97059453058e-005, 4.35406764154e-005, 7.31956606614e-005, 0.000146240432514, 0.000156895650434, 0.000145993501064, 0.000252915720921, 0.000233181897784, 8.83264365257e-005, 2.55511949945e-005, 6.0143806877e-006, 2.21619870899e-006, 1.16840396913e-006, 3.81089293455e-008, 3.58567647796e-010, 6.79631559364e-011]
        dvar: [9.27712984558e-013, 8.55143511558e-009, 5.02810202363e-008, 5.43621716531e-008, 1.65201541336e-007, 1.78006231977e-008, 2.75510867453e-008, 4.42665459843e-009, 4.15364675987e-009, 1.15370433207e-008, 1.04567874359e-007, 5.07224697799e-008, 7.68401731133e-010, 6.60527410545e-009, 1.49841667962e-008, 4.5633839818e-008, 2.23281997336e-008, 4.30981330624e-008, 8.58214690425e-008, 7.04706693e-008, 1.71137983784e-008, 1.98043781374e-009, 9.24544329983e-011, 9.24854463846e-012, 7.9097917452e-012, 1.47884092125e-014, 1.93060116335e-019, 4.60617987871e-021]
        dvar2: [1.6161996871e-012, 2.35165327211e-008, 1.37064944283e-007, 1.41251121022e-007, 3.99718032895e-007, 4.5890601541e-008, 7.31746254701e-008, 1.02928519041e-008, 9.67025926002e-009, 2.15365183465e-008, 2.48168674943e-007, 1.11228978028e-007, 1.89810656082e-009, 1.79310415405e-008, 3.48844970688e-008, 1.13623485731e-007, 6.00448828436e-008, 1.05094144942e-007, 2.17977614625e-007, 1.81261796683e-007, 4.1291375652e-008, 5.05418285002e-009, 2.14871453963e-010, 2.08128566465e-011, 1.75797622987e-011, 3.11448830864e-014, 5.08139480134e-019, 1.46538018194e-020]
        max: [1.12198449642e-005, 0.00104938982986, 0.00307931285352, 0.00306228222325, 0.00620030704886, 0.00209802296013, 0.00221891514957, 0.00151755171828, 0.00223460211419, 0.00210272474214, 0.00489418767393, 0.0037742885761, 0.000737984781154, 0.00351775367744, 0.00317195989192, 0.00618085777387, 0.00222134031355, 0.00651868805289, 0.00572328828275, 0.00571109447628, 0.00239187525585, 0.00134001567494, 0.000175942972419, 6.38778001303e-005, 0.000112589237688, 4.29245346822e-006, 1.38026319263e-008, 8.67238614255e-010]
        mean: [6.27878137038e-007, 0.000113349924504, 0.000246318086283, 0.000265681621386, 0.000331480434397, 0.000104887265479, 6.75341725582e-005, 4.913738303e-005, 6.46515400149e-005, 5.88398215768e-005, 0.000296411802992, 0.000164522629348, 2.11464594031e-005, 4.28176535934e-005, 8.56401529745e-005, 0.000175074106664, 0.00020698197477, 0.000202174836886, 0.00037293380592, 0.000398530013626, 0.000111697852844, 3.00277079077e-005, 6.65105426378e-006, 3.45734633811e-006, 1.57826343639e-006, 4.05459985586e-008, 2.53438908748e-010, 2.92092322551e-011]
        median: [8.51686507986e-008, 5.81385211262e-005, 0.000119442687719, 0.000151617976371, 0.000183352356544, 5.03619085066e-005, 2.26807860599e-005, 2.02183946385e-005, 2.49062704825e-005, 1.90637765627e-005, 1.54565568664e-005, 2.43538670475e-005, 1.03110915006e-005, 2.16186508624e-005, 3.39353500749e-005, 6.07267866144e-005, 0.000112366949907, 6.13266893197e-005, 0.000154233595822, 8.98662547115e-005, 4.06847248087e-005, 8.63366767589e-006, 1.59064848049e-006, 1.4706085949e-006, 5.55450128559e-007, 5.47109380022e-009, 7.60585136539e-011, 4.96254599913e-012]
        min: [5.80744765054e-024, 6.25376976793e-024, 6.62029111057e-024, 9.65161377891e-024, 7.72857678467e-024, 4.59106160558e-023, 4.27288875896e-023, 3.14127126141e-023, 5.09256004678e-023, 7.32900501e-023, 5.27875993495e-023, 4.40678369812e-023, 4.24745998545e-023, 4.26793218812e-023, 9.88709854099e-023, 9.01447827812e-023, 1.29532664577e-022, 1.54991225472e-022, 2.16305609725e-022, 2.23469274537e-022, 3.47068506038e-022, 4.11675961741e-022, 5.22905475595e-022, 5.73169824453e-022, 1.21564409603e-021, 1.39681785476e-021, 2.40010311947e-021, 6.2303527475e-022]
        var: [2.04874095119e-012, 1.78063537248e-008, 8.69566392225e-008, 1.12151965936e-007, 2.47148989274e-007, 2.79490617316e-008, 2.69555275878e-008, 7.7152408906e-009, 2.27364775895e-008, 2.50948541947e-008, 4.71356401022e-007, 2.08327406881e-007, 1.42680089965e-009, 6.93821267106e-009, 3.37299610464e-008, 9.22880261101e-008, 6.07229750926e-008, 1.32892424176e-007, 2.65186315573e-007, 3.51781608288e-007, 3.15964889808e-008, 2.76485434547e-009, 1.66922350942e-010, 2.7984311049e-011, 1.7529460522e-011, 3.13644543551e-014, 2.63886978071e-019, 3.77024601506e-021]
    mfcc:
        mean: [-779.793640137, 108.210388184, -34.9097709656, 46.2217826843, 1.03618550301, -8.43517589569, 8.19651603699, -2.54379677773, -1.88908684254, -5.62472200394, -16.4011459351, -6.39235639572, -2.20959806442]
        cov: [[14292.9492188, -998.620483398, -1525.27697754, 2726.43725586, -662.05291748, 777.702575684, 239.997253418, 503.939819336, 509.00378418, 321.315338135, 161.192977905, 139.68359375, 278.389984131], [-998.620483398, 1166.25939941, 250.527709961, -279.763519287, 160.171524048, -142.506530762, -1.53137719631, -7.67331981659, -18.0154399872, -0.801430761814, -27.3165740967, -11.0456666946, -0.04973757267], [-1525.27697754, 250.527709961, 696.355957031, -311.967651367, 79.9856185913, 14.4850959778, -78.0988998413, -45.2490272522, -59.8205986023, -23.6996974945, 44.3095283508, 24.0729446411, -36.2261924744], [2726.43725586, -279.763519287, -311.967651367, 836.177001953, -79.9897689819, 247.743362427, 14.1786928177, 110.397827148, 114.420501709, 89.0105209351, 87.3218307495, 41.3839683533, 30.9317855835], [-662.05291748, 160.171524048, 79.9856185913, -79.9897689819, 219.327606201, -48.932094574, -27.6232948303, -3.69089412689, -30.8084335327, -20.9719753265, 19.4027614594, -7.17567873001, -29.7868041992], [777.702575684, -142.506530762, 14.4850959778, 247.743362427, -48.932094574, 274.739593506, 7.09461593628, 105.125312805, 42.744720459, 3.31683421135, 65.3071365356, 21.5718078613, 35.8421783447], [239.997253418, -1.53137719631, -78.0988998413, 14.1786928177, -27.6232948303, 7.09461593628, 200.994430542, 11.8226442337, 50.2977485657, 36.6422462463, -39.5857925415, 20.4537982941, 47.6692276001], [503.939819336, -7.67331981659, -45.2490272522, 110.397827148, -3.69089412689, 105.125312805, 11.8226442337, 182.182891846, 59.6497764587, 4.14760923386, 26.9177246094, -12.3377513885, 33.5927391052], [509.00378418, -18.0154399872, -59.8205986023, 114.420501709, -30.8084335327, 42.744720459, 50.2977485657, 59.6497764587, 123.138389587, 56.1686782837, 6.98327445984, -0.705815315247, 18.276386261], [321.315338135, -0.801430761814, -23.6996974945, 89.0105209351, -20.9719753265, 3.31683421135, 36.6422462463, 4.14760923386, 56.1686782837, 151.048370361, 15.4474143982, 20.9785690308, 4.41010570526], [161.192977905, -27.3165740967, 44.3095283508, 87.3218307495, 19.4027614594, 65.3071365356, -39.5857925415, 26.9177246094, 6.98327445984, 15.4474143982, 107.785812378, 36.0473403931, 7.91630315781], [139.68359375, -11.0456666946, 24.0729446411, 41.3839683533, -7.17567873001, 21.5718078613, 20.4537982941, -12.3377513885, -0.705815315247, 20.9785690308, 36.0473403931, 97.2131958008, 33.0801467896], [278.389984131, -0.04973757267, -36.2261924744, 30.9317855835, -29.7868041992, 35.8421783447, 47.6692276001, 33.5927391052, 18.276386261, 4.41010570526, 7.91630315781, 33.0801467896, 97.9957275391]]
        icov: [[0.000248805677984, -3.91639732698e-005, 0.000148569219164, -0.00071617460344, 0.000430627551395, 0.000100626173662, -2.88630581053e-005, -0.000214188796235, -9.55411596806e-005, 2.94830333587e-005, 8.29289492685e-005, -7.17694929335e-005, -0.000210285681533], [-3.91639732698e-005, 0.00112581811845, -0.000423839665018, 0.000170691899257, -0.000721908465493, 0.000554980942979, -8.88728573045e-006, -0.000291421631118, -0.000148313556565, -0.000151990432641, 0.000279390980722, 8.0062658526e-005, -0.000432020053267], [0.000148569219164, -0.000423839665018, 0.00252722855657, 0.000849044765346, -4.54765977338e-005, -0.00160597299691, 0.00064406049205, 0.000522680522408, -0.00012265634723, -0.000347558758222, -0.000667189189699, -0.000887561182026, 0.000717090268154], [-0.00071617460344, 0.000170691899257, 0.000849044765346, 0.00468862894922, -0.00132039608434, -0.00249849585816, 0.000673035450745, 0.000896842742804, -0.00081606087042, -0.000974702183157, -0.000960645382293, -0.000581842730753, 0.00121628132183], [0.000430627551395, -0.000721908465493, -4.54765977338e-005, -0.00132039608434, 0.00672859698534, 0.00147863256279, -0.000605639070272, -0.00139397475868, 0.00100137805566, 0.000714851892553, -0.00203291210346, 0.000138510527904, 0.0013516638428], [0.000100626173662, 0.000554980942979, -0.00160597299691, -0.00249849585816, 0.00147863256279, 0.00813177321106, -0.00109412684105, -0.00333999306895, 0.000453360553365, 0.00144040107261, -0.00238691875711, 0.000421175471274, -0.00103695539292], [-2.88630581053e-005, -8.88728573045e-006, 0.00064406049205, 0.000673035450745, -0.000605639070272, -0.00109412684105, 0.00761751132086, 0.000650876085274, -0.00267537799664, -0.00120259425603, 0.00385007378645, -0.0020006261766, -0.00268745259382], [-0.000214188796235, -0.000291421631118, 0.000522680522408, 0.000896842742804, -0.00139397475868, -0.00333999306895, 0.000650876085274, 0.00944761652499, -0.0036466724705, 0.000657608208712, -0.00105755077675, 0.00248433533125, -0.00234155729413], [-9.55411596806e-005, -0.000148313556565, -0.00012265634723, -0.00081606087042, 0.00100137805566, 0.000453360553365, -0.00267537799664, -0.0036466724705, 0.0138818472624, -0.00379004632123, -0.000632859941106, 0.00163882097695, 0.00025311805075], [2.94830333587e-005, -0.000151990432641, -0.000347558758222, -0.000974702183157, 0.000714851892553, 0.00144040107261, -0.00120259425603, 0.000657608208712, -0.00379004632123, 0.0091260150075, -0.00146436796058, -0.00128050299827, 0.000992067740299], [8.29289492685e-005, 0.000279390980722, -0.000667189189699, -0.000960645382293, -0.00203291210346, -0.00238691875711, 0.00385007378645, -0.00105755077675, -0.000632859941106, -0.00146436796058, 0.015880998224, -0.00541539676487, -0.000704988022335], [-7.17694929335e-005, 8.0062658526e-005, -0.000887561182026, -0.000581842730753, 0.000138510527904, 0.000421175471274, -0.0020006261766, 0.00248433533125, 0.00163882097695, -0.00128050299827, -0.00541539676487, 0.0155092123896, -0.00497685652226], [-0.000210285681533, -0.000432020053267, 0.000717090268154, 0.00121628132183, 0.0013516638428, -0.00103695539292, -0.00268745259382, -0.00234155729413, 0.00025311805075, 0.000992067740299, -0.000704988022335, -0.00497685652226, 0.0152280833572]]
    sccoeffs:
        dmean: [0.0461983680725, 0.0391026996076, 0.0349793806672, 0.026866575703, 0.0192010644823, 0.0169212277979]
        dmean2: [0.0759316459298, 0.0641167834401, 0.0571335814893, 0.0451224520802, 0.0318737141788, 0.026838356629]
        dvar: [0.00149973109365, 0.00102697033435, 0.000796058680862, 0.00046245608246, 0.000239100540057, 0.000274755613646]
        dvar2: [0.00412108609453, 0.00280546979047, 0.00208028452471, 0.00125867105089, 0.000623028667178, 0.000630304159131]
        max: [-0.337714344263, -0.486701756716, -0.525825738907, -0.599958598614, -0.664746642113, -0.535449326038]
        mean: [-0.644971549511, -0.764433085918, -0.756412267685, -0.799280643463, -0.799342811108, -0.776251971722]
        median: [-0.648433327675, -0.771380782127, -0.766637325287, -0.802605867386, -0.801849722862, -0.775114893913]
        min: [-0.972477316856, -0.966898441315, -0.974641501904, -0.968858778477, -0.964816868305, -0.962141036987]
        var: [0.00720741646364, 0.00385418417864, 0.00584139348939, 0.00158831151202, 0.00114606879652, 0.00277650845237]
    scvalleys:
        dmean: [0.358162909746, 0.336616307497, 0.296657621861, 0.253148168325, 0.227605253458, 0.248499080539]
        dmean2: [0.587489664555, 0.549318194389, 0.486939430237, 0.397673308849, 0.331129401922, 0.346124470234]
        dvar: [0.124745845795, 0.111041225493, 0.0900177657604, 0.0792068690062, 0.0999736264348, 0.138756766915]
        dvar2: [0.269285917282, 0.228350862861, 0.183938980103, 0.133327767253, 0.155343055725, 0.23646210134]
        max: [-5.15757322311, -4.76357078552, -5.70923852921, -5.53270053864, -5.53941106796, -7.79999256134]
        mean: [-7.46135187149, -7.44983673096, -7.74844408035, -7.97011709213, -7.85173225403, -10.7670612335]
        median: [-6.81553602219, -7.05513381958, -7.44221782684, -7.48831176758, -7.29330730438, -10.0070571899]
        min: [-27.7372913361, -27.678358078, -27.1699485779, -27.7192440033, -27.329668045, -27.3273506165]
        var: [2.89650392532, 1.86126065254, 1.62074816227, 1.76096057892, 3.19533896446, 4.08089637756]

rhythm:
    beats_loudness:
        dmean: 0.00376818305813
        dmean2: 0.00731763988733
        dvar: 1.16593182611e-005
        dvar2: 4.33084824181e-005
        max: 0.0146760540083
        mean: 0.00516326958314
        median: 0.00519555667415
        min: 1.01129195684e-007
        var: 2.03776216949e-005
    bpm: 92.5809631348
    bpm_confidence: 0
    first_peak_bpm: 92
    first_peak_spread: 0.392996072769
    first_peak_weight: 0.595419883728
    onset_rate: 2.14365625381
    second_peak_bpm: 110
    second_peak_spread: 0.399999976158
    second_peak_weight: 0.0114503819495
    beats_loudness_band_ratio:
        dmean: [0.145166561007, 0.134793445468, 0.0598109029233, 0.114992268384, 0.10032261163, 0.104126036167]
        dmean2: [0.267262667418, 0.245259016752, 0.109341338277, 0.210615262389, 0.174262315035, 0.192312419415]
        dvar: [0.0185150243342, 0.0131112700328, 0.00617559999228, 0.0172027349472, 0.00950783491135, 0.00756995892152]
        dvar2: [0.0625938773155, 0.0371439196169, 0.0183007828891, 0.0477631390095, 0.0252843312919, 0.0244783200324]
        max: [0.735895693302, 0.771623969078, 0.630458295345, 0.81919080019, 0.791289150715, 0.694733440876]
        mean: [0.243503347039, 0.202338591218, 0.0775189250708, 0.144698828459, 0.197100058198, 0.204770132899]
        median: [0.215394616127, 0.165374085307, 0.053523298353, 0.0696786120534, 0.183320060372, 0.22056928277]
        min: [0.000324170599924, 0.010961365886, 0.00311273965053, 0.00855390541255, 0.00123527552933, 6.58559147269e-005]
        var: [0.0245786979795, 0.024720761925, 0.00616557244211, 0.0238155964762, 0.0153869697824, 0.0189629178494]
    beats_position: [0.615328788757, 1.25387752056, 1.89242625237, 2.53097510338, 3.16952371597, 3.80807256699, 4.45823097229, 5.10838985443, 5.75854873657, 6.40870714188, 7.04725599289, 7.69741487503, 8.34757328033, 8.98612213135, 9.62467098236, 10.2632198334, 10.9133787155, 11.5635375977, 12.2136955261, 12.8638544083, 13.5256233215, 14.1990022659, 14.8607711792, 15.5225391388, 16.1843090057, 16.8460769653, 17.5194549561, 18.1928348541, 18.8662128448, 19.5395908356, 20.2129707336, 20.8747386932, 21.5248966217, 22.1750564575, 22.825214386, 23.4753742218, 24.1255321503, 24.7756919861, 25.4258499146, 26.0643978119, 26.7029476166, 27.353105545, 27.9916553497, 28.6302032471, 29.291973114, 29.9305210114, 30.5806789398, 31.2192287445, 31.8577766418, 32.5079345703, 33.1580963135, 33.8082542419, 34.4468002319, 35.0853500366, 35.7355079651, 36.3856697083, 37.0242156982, 37.6627655029, 38.3129234314, 38.9630813599, 39.613243103, 40.2634010315, 40.91355896, 41.5637168884, 42.1906585693, 42.8292045593, 43.467754364, 44.1179122925, 44.7680702209, 45.4066200256, 46.0451698303, 46.6953277588, 47.3454856873, 47.9956436157, 48.6458053589, 49.2843513489, 49.9229011536, 50.573059082, 51.2232208252, 51.8617668152, 52.5003166199, 53.1504745483, 53.8006324768, 54.45079422, 55.08934021, 55.7395019531, 56.3780479431, 57.0282058716, 57.6783676147, 58.305305481, 58.9554634094, 59.6056213379, 60.2557830811, 60.894329071, 61.5328788757, 62.1714286804, 62.8099746704, 63.4601364136, 64.1102905273, 64.7604522705, 65.4106140137, 66.0607681274, 66.6993179321, 67.3378677368, 67.98802948, 68.6381835938, 69.2883453369, 69.9268951416, 70.5654373169, 71.2155990601, 71.8657608032, 72.5043106079, 73.1544647217, 73.7930145264, 74.4431762695, 75.0933303833, 75.731880188, 76.3704299927, 77.0205917358, 77.6707458496, 78.3209075928, 78.9594573975, 79.5979995728, 80.2481613159, 80.8983230591, 81.5368728638, 82.1754150391, 82.8255767822, 83.4757385254, 84.1258926392, 84.7644424438, 85.4029922485, 86.0531539917, 86.7033081055, 87.3534698486, 87.9920196533, 88.6305618286, 89.2807235718, 89.9308853149, 90.5810394287, 91.2195892334, 91.8581390381, 92.5083007813, 93.1468429565, 93.7970046997, 94.4355545044, 95.0857162476, 95.7358703613, 96.3860321045, 97.0245819092, 97.6631240845, 98.3132858276, 98.9634475708, 99.6136016846, 100.263763428, 100.902313232, 101.540863037, 102.179405212, 102.817955017, 103.456504822, 104.118278503, 104.768432617, 105.406982422, 106.057144165, 106.69568634, 107.345848083, 107.996009827, 108.64616394, 109.296325684, 109.934875488, 110.573425293, 111.223579407, 111.87374115, 112.512290955, 113.15083313, 113.800994873, 114.451156616, 115.10131073, 115.751472473, 116.390022278, 117.028572083, 117.667114258, 118.305664063, 118.955825806, 119.605987549, 120.256141663, 120.906303406, 121.54485321, 122.183395386, 122.833557129, 123.495323181, 124.157096863, 124.818862915, 125.376144409, 125.933418274, 126.47908783, 127.024757385, 127.570426941, 128.232192993, 128.893966675, 129.555740356, 130.217498779, 130.867660522, 131.517822266, 132.167984009, 132.818145752, 133.468292236, 134.118453979, 134.768615723, 135.418777466, 136.057327271, 136.695877075, 137.34602356, 137.996185303, 138.646347046, 139.296508789, 139.958267212, 140.620040894, 141.293426514, 141.966796875, 142.628570557, 143.290344238, 143.9637146, 144.648712158, 145.333694458, 145.99546814, 146.657226563, 147.330612183, 147.980773926, 148.63092041, 149.281082153, 149.931243896, 150.58140564, 151.219955444, 151.858505249, 152.508651733, 153.158813477, 153.80897522, 154.447525024, 155.086074829, 155.736236572, 156.386398315, 157.0365448, 157.675094604, 158.313644409, 158.963806152, 159.613967896, 160.2525177, 160.891067505, 161.541213989, 162.191375732, 162.829925537, 163.48008728, 164.118637085, 164.768798828, 165.418960571, 166.069107056, 166.70765686, 167.346206665, 167.996368408, 168.646530151, 169.296691895, 169.958450317]
    bpm_estimates: [93.9630737305, 93.9630737305, 93.9630508423, 93.9630889893, 93.9630508423, 92.2852020264, 92.2851333618, 92.2851333618, 92.2852020264, 93.9630508423, 92.2851333618, 92.2852020264, 93.9630508423, 93.9630508423, 93.9630508423, 92.2851333618, 92.2851333618, 92.2852706909, 92.2851333618, 90.6660919189, 89.1028747559, 90.6660919189, 90.6662216187, 90.6659622192, 90.6662216187, 89.1030044556, 89.1027526855, 89.1030044556, 89.1030044556, 89.1027526855, 90.6662216187, 92.2852706909, 92.2849960327, 92.2852706909, 92.2849960327, 92.2852706909, 92.2849960327, 92.2852706909, 93.9631958008, 93.9629135132, 92.2852706909, 93.9629135132, 93.9631958008, 90.6659622192, 93.9631958008, 92.2852706909, 93.9629135132, 93.9631958008, 92.2852706909, 92.2847290039, 92.2852706909, 93.9634780884, 93.9629135132, 92.2852706909, 92.2847290039, 93.9634780884, 93.9629135132, 92.2852706909, 92.2852706909, 92.2847290039, 92.2852706909, 92.2852706909, 92.2852706909, 95.7026824951, 93.9634780884, 93.9629135132, 92.2852706909, 92.2852706909, 93.9629135132, 93.9629135132, 92.2852706909, 92.2852706909, 92.2852706909, 92.2847290039, 93.9634780884, 93.9629135132, 92.2852706909, 92.2847290039, 93.9634780884, 93.9629135132, 92.2852706909, 92.2852706909, 92.2847290039, 93.9634780884, 92.2847290039, 93.9634780884, 92.2852706909, 92.2847290039, 95.7032623291, 92.2852706909, 92.2852706909, 92.2847290039, 93.9634780884, 93.9629135132, 93.9629135132, 93.9634780884, 92.2847290039, 92.2858123779, 92.2847290039, 92.2847290039, 92.2858123779, 93.9629135132, 93.9629135132, 92.2847290039, 92.2858123779, 92.2847290039, 93.9629135132, 93.9640350342, 92.2847290039, 92.2847290039, 93.9629135132, 92.2858123779, 93.9629135132, 92.2847290039, 92.2858123779, 93.9629135132, 93.9629135132, 92.2847290039, 92.2858123779, 92.2847290039, 93.9629135132, 93.9640350342, 92.2847290039, 92.2847290039, 93.9629135132, 93.9640350342, 92.2847290039, 92.2847290039, 92.2858123779, 93.9629135132, 93.9629135132, 92.2847290039, 92.2858123779, 92.2847290039, 93.9629135132, 93.9640350342, 92.2847290039, 92.2847290039, 92.2858123779, 93.9629135132, 93.9629135132, 92.2847290039, 93.9640350342, 92.2847290039, 93.9629135132, 92.2847290039, 92.2858123779, 92.2847290039, 93.9629135132, 93.9640350342, 92.2847290039, 92.2847290039, 92.2858123779, 92.2847290039, 93.9629135132, 93.9629135132, 93.9640350342, 93.9629135132, 93.9629135132, 90.665435791, 92.2858123779, 93.9629135132, 92.2847290039, 93.9640350342, 92.2847290039, 92.2847290039, 92.2858123779, 92.2847290039, 93.9629135132, 93.9629135132, 92.2858123779, 92.2847290039, 93.9629135132, 93.9640350342, 92.2847290039, 92.2847290039, 92.2858123779, 92.2847290039, 93.9629135132, 93.9629135132, 93.9640350342, 93.9629135132, 92.2847290039, 92.2847290039, 92.2858123779, 92.2847290039, 93.9629135132, 93.9640350342, 92.2847290039, 90.6664810181, 90.665435791, 90.6664810181, 90.6664810181, 90.665435791, 90.665435791, 90.6675262451, 92.2847290039, 92.2847290039, 92.2847290039, 92.2847290039, 92.286895752, 92.2847290039, 92.2847290039, 92.2847290039, 93.9629135132, 93.9629135132, 92.286895752, 92.2847290039, 92.2847290039, 92.2847290039, 90.6675262451, 90.665435791, 89.1019897461, 89.1040115356, 90.665435791, 90.665435791, 89.1040115356, 87.5915527344, 87.5935058594, 90.665435791, 90.6675262451, 89.1019897461, 92.2847290039, 92.286895752, 92.2847290039, 92.2847290039, 92.2847290039, 93.9629135132, 93.9629135132, 92.286895752, 92.2847290039, 92.2847290039, 93.9629135132, 93.9629135132, 92.2847290039, 92.2847290039, 92.286895752, 93.9629135132, 93.9629135132, 92.2847290039, 92.2847290039, 93.9629135132, 93.9629135132, 92.286895752, 92.2847290039, 93.9629135132, 92.2847290039, 93.9629135132, 92.2847290039, 92.2847290039, 92.286895752, 93.9629135132, 93.9629135132, 92.2847290039, 92.2847290039, 92.2847290039, 90.6675262451]
