
metadata:
    version:
        essentia: "2.1-beta2"
    audio_properties:
        analysis_sample_rate: 44100
        bitrate: 128
        channels: 2
        equal_loudness: 1
        length: 330.031005859
        replay_gain: -11.2607536316
        downmix: "mix"
    tags:
        album: "Saison 1"
        artist: "La IIIème Légion"
        comment: "BO par Bertrand"
        date: "2006"
        genre: "Other"
        title: "Episode 1 : première partie"
        tracknumber: ""

configuration:
    average_loudness:
        compute: 1
        frameSize: 88200
        hopSize: 44100
        silentFrames: "noise"
        windowType: "hann"
    general:
        analysisSampleRate: 44100
        endTime: 2000
        equalLoudness: 1
        nequalLoudness: 0
        shortSound: 0
        startTime: 0
    lowlevel:
        compute: 1
        frameSize: 2048
        hopSize: 1024
        zeroPadding: 0
        silentFrames: "noise"
        windowType: "blackmanharris62"
        mfccStats: ["mean", "cov", "icov"]
        stats: ["mean", "var", "median", "min", "max", "dmean", "dmean2", "dvar", "dvar2"]
    panning:
        compute: 0
        frameSize: 8192
        hopSize: 2048
        zeroPadding: 8192
        silentFrames: "noise"
        windowType: "hann"
        stats: ["copy"]
    rhythm:
        compute: 1
        maxTempo: 208
        minTempo: 40
        method: "degara"
        stats: ["mean", "var", "median", "min", "max", "dmean", "dmean2", "dvar", "dvar2"]
    segmentation:
        compute: 0
        cpw: 5
        inc1: 300
        inc2: 50
        minimumSegmentsLength: 10
        size1: 1000
        size2: 600
    sfx:
        compute: 1
        stats: ["mean", "var", "median", "min", "max", "dmean", "dmean2", "dvar", "dvar2"]
    svm:
        compute: 0
    tonal:
        compute: 1
        frameSize: 4096
        hopSize: 2048
        zeroPadding: 0
        silentFrames: "noise"
        windowType: "blackmanharris62"
        stats: ["mean", "var", "median", "min", "max", "dmean", "dmean2", "dvar", "dvar2"]

lowlevel:
    average_loudness: 0.42502707243
    barkbands_kurtosis:
        dmean: 5.55773067474
        dmean2: 8.94606685638
        dvar: 463.789245605
        dvar2: 1120.58959961
        max: 991.779724121
        mean: 5.1612496376
        median: 0.135068699718
        min: -1.98566889763
        var: 560.830383301
    barkbands_skewness:
        dmean: 0.926939606667
        dmean2: 1.36546981335
        dvar: 1.45047581196
        dvar2: 2.98326730728
        max: 18.7345123291
        mean: 0.652903079987
        median: 0.632903397083
        min: -29.5019760132
        var: 4.35220479965
    barkbands_spread:
        dmean: 7.28524541855
        dmean2: 11.4811477661
        dvar: 65.938949585
        dvar2: 149.98286438
        max: 80.8786773682
        mean: 22.7284317017
        median: 22.0861434937
        min: 0.0469454936683
        var: 179.95451355
    dissonance:
        dmean: 0.0313454940915
        dmean2: 0.0513888858259
        dvar: 0.00131503166631
        dvar2: 0.00325233885087
        max: 0.500000119209
        mean: 0.443961262703
        median: 0.462942481041
        min: 0.146626472473
        var: 0.00303322612308
    hfc:
        dmean: 2.06184625626
        dmean2: 3.05166697502
        dvar: 20.2013263702
        dvar2: 47.2895050049
        max: 127.184745789
        mean: 4.08386850357
        median: 1.98430252075
        min: 1.13687968087e-016
        var: 37.7164802551
    pitch:
        dmean: 678.197509766
        dmean2: 1287.43029785
        dvar: 1642641.375
        dvar2: 3841256.25
        max: 7011.36035156
        mean: 1154.86682129
        median: 324.713012695
        min: 43.0243911743
        var: 2352401.75
    pitch_instantaneous_confidence:
        dmean: 0.122725948691
        dmean2: 0.191474705935
        dvar: 0.0135996537283
        dvar2: 0.029076743871
        max: 0.996872842312
        mean: 0.600213766098
        median: 0.610232949257
        min: 0.118733346462
        var: 0.0454186908901
    pitch_salience:
        dmean: 0.0839051604271
        dmean2: 0.132253170013
        dvar: 0.00684183835983
        dvar2: 0.0149927502498
        max: 0.990513622761
        mean: 0.597773730755
        median: 0.620064795017
        min: 0.0498336851597
        var: 0.0221421383321
    silence_rate_20dB:
        dmean: 0
        dmean2: 0
        dvar: 0
        dvar2: 0
        max: 1
        mean: 1
        median: 1
        min: 1
        var: 0
    silence_rate_30dB:
        dmean: 0
        dmean2: 0
        dvar: 0
        dvar2: 0
        max: 1
        mean: 1
        median: 1
        min: 1
        var: 0
    silence_rate_60dB:
        dmean: 0.116223439574
        dmean2: 0.232463240623
        dvar: 0.102720044553
        dvar2: 0.205572247505
        max: 1
        mean: 0.668659865856
        median: 1
        min: 0
        var: 0.221542954445
    spectral_centroid:
        dmean: 415.346801758
        dmean2: 615.96472168
        dvar: 296095.6875
        dvar2: 558172.8125
        max: 10917.6523438
        mean: 1563.2442627
        median: 1299.20727539
        min: 192.360427856
        var: 992904.8125
    spectral_complexity:
        dmean: 2.02180957794
        dmean2: 3.00738763809
        dvar: 6.31701517105
        dvar2: 12.4084882736
        max: 36
        mean: 5.59556818008
        median: 4
        min: 0
        var: 34.1119232178
    spectral_crest:
        dmean: 3.23861002922
        dmean2: 5.2002363205
        dvar: 9.47224521637
        dvar2: 22.3496608734
        max: 26.7906417847
        mean: 10.9654741287
        median: 9.87791252136
        min: 2.24875617027
        var: 27.8248615265
    spectral_decrease:
        dmean: 2.67382560537e-010
        dmean2: 3.78714032356e-010
        dvar: 1.57465591074e-019
        dvar2: 2.9742444732e-019
        max: -4.53201318292e-029
        mean: -6.65163146785e-010
        median: -4.03253180847e-010
        min: -6.04179728469e-009
        var: 5.78125318907e-019
    spectral_energy:
        dmean: 0.00117458542809
        dmean2: 0.00167298270389
        dvar: 3.12475958708e-006
        dvar2: 6.15986527919e-006
        max: 0.0303876865655
        mean: 0.00288089457899
        median: 0.00174443330616
        min: 1.04828881757e-020
        var: 1.07580426629e-005
    spectral_energyband_high:
        dmean: 0.000185606404557
        dmean2: 0.000293653021799
        dvar: 5.11751352406e-007
        dvar2: 1.20910715395e-006
        max: 0.0284480117261
        mean: 0.000248109601671
        median: 4.66005221824e-005
        min: 7.49122793165e-021
        var: 7.03040200278e-007
    spectral_energyband_low:
        dmean: 4.91907594551e-005
        dmean2: 7.82518691267e-005
        dvar: 3.71361359441e-008
        dvar2: 8.7124789161e-008
        max: 0.00370664754882
        mean: 7.83893556218e-005
        median: 3.90830837205e-006
        min: 1.1671405352e-022
        var: 5.19025249446e-008
    spectral_energyband_middle_high:
        dmean: 0.000504761876073
        dmean2: 0.000733185384888
        dvar: 1.01537557384e-006
        dvar2: 2.26922588809e-006
        max: 0.0227639526129
        mean: 0.00096810417017
        median: 0.000341872888384
        min: 1.64030339561e-021
        var: 2.23885353989e-006
    spectral_energyband_middle_low:
        dmean: 0.00075092446059
        dmean2: 0.00107984617352
        dvar: 1.6527939124e-006
        dvar2: 3.15675993079e-006
        max: 0.0181801263243
        mean: 0.00164451508317
        median: 0.000735162990168
        min: 2.99595740286e-022
        var: 5.33253387403e-006
    spectral_flatness_db:
        dmean: 0.0333686880767
        dmean2: 0.0489429943264
        dvar: 0.00127745396458
        dvar2: 0.0024538487196
        max: 0.619420468807
        mean: 0.226123660803
        median: 0.219310224056
        min: 0.0543511845171
        var: 0.00624332437292
    spectral_flux:
        dmean: 0.0118498271331
        dmean2: 0.0193310398608
        dvar: 0.000167040445376
        dvar2: 0.000412112101912
        max: 0.185801297426
        mean: 0.0305636152625
        median: 0.0265725050122
        min: 1.02385974698e-010
        var: 0.000457470974652
    spectral_kurtosis:
        dmean: 3.00230979919
        dmean2: 4.94644117355
        dvar: 19.1780548096
        dvar2: 48.1988334656
        max: 129.437316895
        mean: 5.41325616837
        median: 3.48287940025
        min: -1.46230685711
        var: 41.7212600708
    spectral_rms:
        dmean: 0.000344807194779
        dmean2: 0.000471390754683
        dvar: 1.61345909078e-007
        dvar2: 2.77236381407e-007
        max: 0.00544486194849
        mean: 0.00140288646799
        median: 0.00130456360057
        min: 3.19800067504e-012
        var: 8.42547649427e-007
    spectral_rolloff:
        dmean: 716.184753418
        dmean2: 1193.9486084
        dvar: 1062705
        dvar2: 2117740.25
        max: 18518.5546875
        mean: 2647.77758789
        median: 2842.3828125
        min: 172.265625
        var: 2592634.5
    spectral_skewness:
        dmean: 0.406343460083
        dmean2: 0.630585491657
        dvar: 0.187377035618
        dvar2: 0.432207554579
        max: 6.34444570541
        mean: 1.4094427824
        median: 1.30577850342
        min: -1.97218608856
        var: 0.647914290428
    spectral_spread:
        dmean: 691767.875
        dmean2: 985331.75
        dvar: 900288151552
        dvar2: 1.41770896179e+012
        max: 39906824
        mean: 4056706.75
        median: 3756390.25
        min: 486071.46875
        var: 3.74636465357e+012
    spectral_strongpeak:
        dmean: 0.421782523394
        dmean2: 0.687042593956
        dvar: 0.567855894566
        dvar2: 1.41883444786
        max: 22.0287971497
        mean: 0.701974928379
        median: 0.378418058157
        min: 6.71848932043e-009
        var: 0.954102754593
    zerocrossingrate:
        dmean: 0.0156259275973
        dmean2: 0.0170611925423
        dvar: 0.000292607262963
        dvar2: 0.000335535441991
        max: 0.4951171875
        mean: 0.086155757308
        median: 0.080078125
        min: 0.0107421875
        var: 0.00209900038317
    barkbands:
        dmean: [5.55798713719e-008, 1.56596743182e-005, 2.19766898226e-005, 4.89173980895e-005, 0.000161985532031, 0.000149545769091, 0.000238767112023, 0.000194287335034, 0.000212525119423, 0.000127318286104, 5.34506725671e-005, 3.11065632559e-005, 2.86765334749e-005, 2.39296205109e-005, 3.35301992891e-005, 5.1517978136e-005, 7.78441681177e-005, 8.9240304078e-005, 0.000153240151121, 0.000167375139426, 9.34619092732e-005, 1.35578948175e-005, 2.31436979448e-006, 6.8527373287e-007, 3.0782504723e-007, 1.23045236222e-008, 1.39927749943e-010]
        dmean2: [8.91891858146e-008, 2.60011693172e-005, 3.54916992364e-005, 7.89484038251e-005, 0.000241991714574, 0.000219394118176, 0.000355116702849, 0.000291131000267, 0.000311251584208, 0.000190041668247, 7.90386256995e-005, 4.76819695905e-005, 4.37299022451e-005, 3.75165509467e-005, 5.25317227584e-005, 7.9702680523e-005, 0.000121059056255, 0.000139623021823, 0.000247957359534, 0.00027487843181, 0.000149508894538, 2.21611499001e-005, 3.49725269189e-006, 9.86906911749e-007, 4.36562515915e-007, 1.75837140404e-008, 2.50808013247e-010]
        dvar: [6.26547628341e-014, 6.7066086018e-009, 7.51028128576e-009, 3.73080872862e-008, 1.56400901119e-007, 1.98618934633e-007, 5.03797707552e-007, 3.95152056853e-007, 3.95477684378e-007, 1.62296387884e-007, 4.14062490961e-008, 1.18639134072e-008, 1.22259020685e-008, 8.54547366202e-009, 9.13925557455e-009, 2.2865689786e-008, 5.97992553253e-008, 8.58596251874e-008, 3.47011649637e-007, 5.28120438048e-007, 2.03028648116e-007, 4.90783058638e-009, 7.29970459079e-011, 5.7439383111e-012, 2.43739360292e-012, 3.7587692663e-015, 7.58109157324e-020]
        dvar2: [1.58731277363e-013, 1.73534147052e-008, 1.69996230426e-008, 9.49399421302e-008, 3.42538299947e-007, 3.70747613943e-007, 9.69630036707e-007, 7.96719689333e-007, 7.45166062188e-007, 3.22117045926e-007, 8.14557523654e-008, 2.42638051873e-008, 2.48461464736e-008, 1.98060217116e-008, 2.07319139633e-008, 5.11111686308e-008, 1.39635574214e-007, 2.0558370295e-007, 9.07890182589e-007, 1.35041636895e-006, 4.71475544828e-007, 1.29941764015e-008, 1.63850016888e-010, 1.15594018732e-011, 4.54201216568e-012, 6.34055491216e-015, 2.1392559219e-019]
        max: [7.03075647834e-006, 0.00139874499291, 0.00270779361017, 0.00484086805955, 0.0107475789264, 0.0166708938777, 0.017996493727, 0.0168807469308, 0.0170457698405, 0.00987997464836, 0.00673044426367, 0.00376778282225, 0.00503898132592, 0.00326453428715, 0.00272869877517, 0.00421837251633, 0.0116969626397, 0.00777305988595, 0.0189820639789, 0.026525169611, 0.0180960167199, 0.00232217041776, 0.000349763926351, 0.000101693993201, 9.15586279007e-005, 4.06201343139e-006, 8.81556783128e-009]
        mean: [8.36210318766e-008, 2.17067899939e-005, 3.33584248438e-005, 6.3193605456e-005, 0.000302061060211, 0.000261221110122, 0.000383569393307, 0.000279540923657, 0.000295268546324, 0.000171590101672, 6.88271247782e-005, 4.26057958975e-005, 3.79347256967e-005, 3.14439021167e-005, 4.83640251332e-005, 7.43711716495e-005, 0.000121517870866, 0.000134102447191, 0.000176900852239, 0.000198791341973, 0.000113562738989, 1.59945775522e-005, 3.43778833667e-006, 1.03939407836e-006, 4.00024219971e-007, 1.53496628741e-008, 1.2213725864e-010]
        median: [1.33629629584e-009, 4.57178487068e-007, 1.13289888759e-006, 5.38556787433e-006, 5.30145771336e-005, 4.76132481708e-005, 4.57345813629e-005, 2.20630827243e-005, 2.00375870918e-005, 1.39954445331e-005, 5.79590596317e-006, 5.79743391427e-006, 4.19617663283e-006, 3.41182885677e-006, 5.13737541041e-006, 7.81042126619e-006, 1.1198086213e-005, 1.3351042071e-005, 2.79775067611e-005, 3.24245993397e-005, 1.48712742885e-005, 1.86181387107e-006, 5.43980490875e-007, 8.13243588027e-008, 1.15719149818e-008, 5.56212520486e-010, 3.13086674641e-011]
        min: [2.84986982955e-023, 4.5613638324e-023, 3.44084024353e-023, 3.36104065208e-023, 6.56869455866e-023, 3.59061495272e-023, 4.02416501762e-023, 6.28214619909e-023, 4.37329560606e-023, 7.60047792212e-023, 6.52119314148e-023, 1.61425843969e-022, 1.51607062676e-022, 8.69147760275e-023, 7.87785151382e-023, 1.49065491679e-022, 2.75297637959e-022, 1.40468662239e-022, 3.49523996534e-022, 3.55524186175e-022, 3.81007447883e-022, 5.40456709346e-022, 5.23488500601e-022, 8.58602267694e-022, 1.19293833153e-021, 1.58464874125e-021, 2.48815908061e-021]
        var: [1.02814566756e-013, 7.06056813016e-009, 1.17788196974e-008, 4.17526884178e-008, 4.32418772789e-007, 5.45119632989e-007, 1.20059110031e-006, 8.36857623199e-007, 8.3085882352e-007, 2.90881104092e-007, 7.01504561107e-008, 2.04142871496e-008, 2.66942699056e-008, 1.26117551957e-008, 1.5732950942e-008, 4.40417089465e-008, 1.85312899248e-007, 1.40383804137e-007, 3.17829091045e-007, 5.30965564849e-007, 2.44852117248e-007, 4.41825287467e-009, 1.19164483836e-010, 1.11501068795e-011, 4.28526181553e-012, 7.03041327276e-015, 7.32283996989e-020]
    frequency_bands:
        dmean: [5.55798713719e-008, 1.56596743182e-005, 2.19766898226e-005, 4.89173980895e-005, 0.000161985532031, 0.000149545769091, 0.000238767112023, 0.000194287335034, 0.000212525119423, 0.000127318286104, 5.34506725671e-005, 3.11065632559e-005, 2.86765334749e-005, 2.39296205109e-005, 3.35301992891e-005, 5.1517978136e-005, 7.78441681177e-005, 8.9240304078e-005, 0.000153240151121, 0.000167375139426, 9.34619092732e-005, 1.35578948175e-005, 2.31436979448e-006, 6.8527373287e-007, 3.0782504723e-007, 1.23045236222e-008, 1.39927749943e-010, 3.28287778906e-011]
        dmean2: [8.91891858146e-008, 2.60011693172e-005, 3.54916992364e-005, 7.89484038251e-005, 0.000241991714574, 0.000219394118176, 0.000355116702849, 0.000291131000267, 0.000311251584208, 0.000190041668247, 7.90386256995e-005, 4.76819695905e-005, 4.37299022451e-005, 3.75165509467e-005, 5.25317227584e-005, 7.9702680523e-005, 0.000121059056255, 0.000139623021823, 0.000247957359534, 0.00027487843181, 0.000149508894538, 2.21611499001e-005, 3.49725269189e-006, 9.86906911749e-007, 4.36562515915e-007, 1.75837140404e-008, 2.50808013247e-010, 6.09142944419e-011]
        dvar: [6.26547628341e-014, 6.7066086018e-009, 7.51028128576e-009, 3.73080872862e-008, 1.56400901119e-007, 1.98618934633e-007, 5.03797707552e-007, 3.95152056853e-007, 3.95477684378e-007, 1.62296387884e-007, 4.14062490961e-008, 1.18639134072e-008, 1.22259020685e-008, 8.54547366202e-009, 9.13925557455e-009, 2.2865689786e-008, 5.97992553253e-008, 8.58596251874e-008, 3.47011649637e-007, 5.28120438048e-007, 2.03028648116e-007, 4.90783058638e-009, 7.29970459079e-011, 5.7439383111e-012, 2.43739360292e-012, 3.7587692663e-015, 7.58109157324e-020, 3.66889942636e-021]
        dvar2: [1.58731277363e-013, 1.73534147052e-008, 1.69996230426e-008, 9.49399421302e-008, 3.42538299947e-007, 3.70747613943e-007, 9.69630036707e-007, 7.96719689333e-007, 7.45166062188e-007, 3.22117045926e-007, 8.14557523654e-008, 2.42638051873e-008, 2.48461464736e-008, 1.98060217116e-008, 2.07319139633e-008, 5.11111686308e-008, 1.39635574214e-007, 2.0558370295e-007, 9.07890182589e-007, 1.35041636895e-006, 4.71475544828e-007, 1.29941764015e-008, 1.63850016888e-010, 1.15594018732e-011, 4.54201216568e-012, 6.34055491216e-015, 2.1392559219e-019, 1.16186742036e-020]
        max: [7.03075647834e-006, 0.00139874499291, 0.00270779361017, 0.00484086805955, 0.0107475789264, 0.0166708938777, 0.017996493727, 0.0168807469308, 0.0170457698405, 0.00987997464836, 0.00673044426367, 0.00376778282225, 0.00503898132592, 0.00326453428715, 0.00272869877517, 0.00421837251633, 0.0116969626397, 0.00777305988595, 0.0189820639789, 0.026525169611, 0.0180960167199, 0.00232217041776, 0.000349763926351, 0.000101693993201, 9.15586279007e-005, 4.06201343139e-006, 8.81556783128e-009, 8.98231988788e-010]
        mean: [8.36210318766e-008, 2.17067899939e-005, 3.33584248438e-005, 6.3193605456e-005, 0.000302061060211, 0.000261221110122, 0.000383569393307, 0.000279540923657, 0.000295268546324, 0.000171590101672, 6.88271247782e-005, 4.26057958975e-005, 3.79347256967e-005, 3.14439021167e-005, 4.83640251332e-005, 7.43711716495e-005, 0.000121517870866, 0.000134102447191, 0.000176900852239, 0.000198791341973, 0.000113562738989, 1.59945775522e-005, 3.43778833667e-006, 1.03939407836e-006, 4.00024219971e-007, 1.53496628741e-008, 1.2213725864e-010, 2.53388508092e-011]
        median: [1.33629629584e-009, 4.57178487068e-007, 1.13289888759e-006, 5.38556787433e-006, 5.30145771336e-005, 4.76132481708e-005, 4.57345813629e-005, 2.20630827243e-005, 2.00375870918e-005, 1.39954445331e-005, 5.79590596317e-006, 5.79743391427e-006, 4.19617663283e-006, 3.41182885677e-006, 5.13737541041e-006, 7.81042126619e-006, 1.1198086213e-005, 1.3351042071e-005, 2.79775067611e-005, 3.24245993397e-005, 1.48712742885e-005, 1.86181387107e-006, 5.43980490875e-007, 8.13243588027e-008, 1.15719149818e-008, 5.56212520486e-010, 3.13086674641e-011, 5.48977703574e-012]
        min: [2.84986982955e-023, 4.5613638324e-023, 3.44084024353e-023, 3.36104065208e-023, 6.56869455866e-023, 3.59061495272e-023, 4.02416501762e-023, 6.28214619909e-023, 4.37329560606e-023, 7.60047792212e-023, 6.52119314148e-023, 1.61425843969e-022, 1.51607062676e-022, 8.69147760275e-023, 7.87785151382e-023, 1.49065491679e-022, 2.75297637959e-022, 1.40468662239e-022, 3.49523996534e-022, 3.55524186175e-022, 3.81007447883e-022, 5.40456709346e-022, 5.23488500601e-022, 8.58602267694e-022, 1.19293833153e-021, 1.58464874125e-021, 2.48815908061e-021, 6.33237657013e-022]
        var: [1.02814566756e-013, 7.06056813016e-009, 1.17788196974e-008, 4.17526884178e-008, 4.32418772789e-007, 5.45119632989e-007, 1.20059110031e-006, 8.36857623199e-007, 8.3085882352e-007, 2.90881104092e-007, 7.01504561107e-008, 2.04142871496e-008, 2.66942699056e-008, 1.26117551957e-008, 1.5732950942e-008, 4.40417089465e-008, 1.85312899248e-007, 1.40383804137e-007, 3.17829091045e-007, 5.30965564849e-007, 2.44852117248e-007, 4.41825287467e-009, 1.19164483836e-010, 1.11501068795e-011, 4.28526181553e-012, 7.03041327276e-015, 7.32283996989e-020, 2.88826105186e-021]
    mfcc:
        mean: [-822.793884277, 106.856384277, -41.8150100708, 39.4645767212, -34.3233375549, -25.9284267426, -10.2115535736, -14.5520515442, -8.75432395935, -5.68436002731, -11.9739322662, -5.36800003052, -4.55882644653]
        cov: [[8177.98632813, 1235.00952148, -1341.98962402, 672.800109863, -183.101226807, 105.806282043, -143.991104126, 117.917152405, 71.1519775391, 147.239837646, -66.4584274292, -1.25113070011, -92.8408813477], [1235.00952148, 1923.16650391, -438.04864502, -278.296600342, 18.2876415253, -379.246032715, 140.422012329, -21.5736694336, -53.2144622803, 13.8944692612, -29.5376834869, -136.960510254, -101.902954102], [-1341.98962402, -438.04864502, 1032.74206543, 110.520629883, -9.41728591919, 242.158554077, -20.1104545593, -31.631778717, -41.1483650208, -32.0273094177, 50.3280715942, 64.4558105469, 24.721414566], [672.800109863, -278.296600342, 110.520629883, 837.27142334, 47.6983184814, 5.94017124176, -35.6074790955, -62.0693778992, 41.4866104126, 13.1536235809, -37.1475639343, 79.8034667969, 37.2797203064], [-183.101226807, 18.2876415253, -9.41728591919, 47.6983184814, 587.228759766, 96.4363555908, 16.9423561096, 204.851531982, 56.6365318298, 40.8642463684, 76.5189743042, 5.24583530426, 34.1856956482], [105.806282043, -379.246032715, 242.158554077, 5.94017124176, 96.4363555908, 560.979553223, 49.1925468445, 55.3121757507, 83.412322998, 31.5022373199, 62.474937439, 46.8291358948, 15.1414823532], [-143.991104126, 140.422012329, -20.1104545593, -35.6074790955, 16.9423561096, 49.1925468445, 312.14743042, 44.5789833069, -6.97323656082, 56.5756835938, 26.8627567291, -17.5512733459, -25.2506313324], [117.917152405, -21.5736694336, -31.631778717, -62.0693778992, 204.851531982, 55.3121757507, 44.5789833069, 315.430786133, 52.2383422852, 15.5984783173, 82.3568954468, 0.887132763863, 28.6718654633], [71.1519775391, -53.2144622803, -41.1483650208, 41.4866104126, 56.6365318298, 83.412322998, -6.97323656082, 52.2383422852, 240.618850708, 55.618057251, 0.813873529434, 48.8760643005, 14.7312383652], [147.239837646, 13.8944692612, -32.0273094177, 13.1536235809, 40.8642463684, 31.5022373199, 56.5756835938, 15.5984783173, 55.618057251, 210.512191772, 46.9069519043, -17.2619228363, 26.6543445587], [-66.4584274292, -29.5376834869, 50.3280715942, -37.1475639343, 76.5189743042, 62.474937439, 26.8627567291, 82.3568954468, 0.813873529434, 46.9069519043, 193.805084229, 40.0354232788, 9.77362632751], [-1.25113070011, -136.960510254, 64.4558105469, 79.8034667969, 5.24583530426, 46.8291358948, -17.5512733459, 0.887132763863, 48.8760643005, -17.2619228363, 40.0354232788, 192.629470825, 60.122959137], [-92.8408813477, -101.902954102, 24.721414566, 37.2797203064, 34.1856956482, 15.1414823532, -25.2506313324, 28.6718654633, 14.7312383652, 26.6543445587, 9.77362632751, 60.122959137, 163.589126587]]
        icov: [[0.000318367121508, -0.000303439970594, 0.000461993244244, -0.000442072370788, 0.000356146076228, -0.000547993811779, 0.00046534879948, -0.000484472169774, 0.000336019904353, -0.000359720143024, 0.000159659030032, -0.000250871147728, 0.000266640301561], [-0.000303439970594, 0.00101721775718, -0.000279156200122, 0.000617931131274, -0.000507951481268, 0.000978193827905, -0.000802033115178, 0.000656575663015, -0.000401964847697, 0.000381236284738, -0.000222971008043, 0.000453512358945, -3.97364819946e-005], [0.000461993244244, -0.000279156200122, 0.00187411322258, -0.00074845465133, 0.000543829868548, -0.00125086400658, 0.00070106156636, -0.000530381395947, 0.000853526522405, -0.000344251544448, -3.07390801026e-005, -0.000505908741616, 0.000345951673808], [-0.000442072370788, 0.000617931131274, -0.00074845465133, 0.00200526951812, -0.000798266555648, 0.000978344818577, -0.000684205559082, 0.0010544975521, -0.000624161388259, 0.000309861759888, 0.000146331847645, -0.000156022390001, -0.000369681656593], [0.000356146076228, -0.000507951481268, 0.000543829868548, -0.000798266555648, 0.00276197167113, -0.000973361602519, 0.000752488500439, -0.00199725828134, 0.000311445997795, -0.000601870706305, -0.000120018543385, -0.000103893515188, 7.99325644039e-005], [-0.000547993811779, 0.000978193827905, -0.00125086400658, 0.000978344818577, -0.000973361602519, 0.00350300478749, -0.00139366544317, 0.000980092794634, -0.00145950180013, 0.000657849712297, -0.00072016811464, 0.000432048400398, -0.000334826676408], [0.00046534879948, -0.000802033115178, 0.00070106156636, -0.000684205559082, 0.000752488500439, -0.00139366544317, 0.00450106197968, -0.00147842918523, 0.00114857021254, -0.00174825266004, 0.000379089877242, -0.000667073472869, 0.00114403339103], [-0.000484472169774, 0.000656575663015, -0.000530381395947, 0.0010544975521, -0.00199725828134, 0.000980092794634, -0.00147842918523, 0.00574126513675, -0.00166628009174, 0.00153797934763, -0.00204769638367, 0.00127658864949, -0.00138129107654], [0.000336019904353, -0.000401964847697, 0.000853526522405, -0.000624161388259, 0.000311445997795, -0.00145950180013, 0.00114857021254, -0.00166628009174, 0.00596281560138, -0.00230293581262, 0.00154726905748, -0.00222231564112, 0.00105548580177], [-0.000359720143024, 0.000381236284738, -0.000344251544448, 0.000309861759888, -0.000601870706305, 0.000657849712297, -0.00174825266004, 0.00153797934763, -0.00230293581262, 0.00685114553198, -0.00231536012143, 0.00226947106421, -0.00206444668584], [0.000159659030032, -0.000222971008043, -3.07390801026e-005, 0.000146331847645, -0.000120018543385, -0.00072016811464, 0.000379089877242, -0.00204769638367, 0.00154726905748, -0.00231536012143, 0.00731884455308, -0.00246177334338, 0.00113757990766], [-0.000250871147728, 0.000453512358945, -0.000505908741616, -0.000156022390001, -0.000103893515188, 0.000432048400398, -0.000667073472869, 0.00127658864949, -0.00222231564112, 0.00226947106421, -0.00246177334338, 0.00778514659032, -0.00297666108236], [0.000266640301561, -3.97364819946e-005, 0.000345951673808, -0.000369681656593, 7.99325644039e-005, -0.000334826676408, 0.00114403339103, -0.00138129107654, 0.00105548580177, -0.00206444668584, 0.00113757990766, -0.00297666108236, 0.00797173567116]]
    sccoeffs:
        dmean: [0.0574376918375, 0.0598665773869, 0.0501265451312, 0.0389833040535, 0.0400198213756, 0.0316581353545]
        dmean2: [0.0888296440244, 0.0915489122272, 0.0741974413395, 0.0592023357749, 0.0596099533141, 0.0468450523913]
        dvar: [0.00283149257302, 0.00300489016809, 0.00217077066191, 0.00125686184037, 0.00156544905622, 0.00101544032805]
        dvar2: [0.00552610307932, 0.00575712556019, 0.00391805032268, 0.0026454476174, 0.00314524839632, 0.00213464233093]
        max: [-0.250268101692, -0.309965759516, -0.397472709417, -0.492764294147, -0.305083334446, -0.36748149991]
        mean: [-0.632577121258, -0.705353796482, -0.764782130718, -0.792577385902, -0.767298877239, -0.733266711235]
        median: [-0.65155172348, -0.712635815144, -0.784087061882, -0.803340852261, -0.778018593788, -0.740165293217]
        min: [-0.958910107613, -0.98681050539, -0.979967176914, -0.980271220207, -0.978828132153, -0.978983104229]
        var: [0.0169730838388, 0.0132955387235, 0.00940226018429, 0.00485457153991, 0.00574278924614, 0.00486120115966]
    scvalleys:
        dmean: [0.487422972918, 0.444649636745, 0.397580474615, 0.371656805277, 0.364624738693, 0.363943904638]
        dmean2: [0.789556503296, 0.721948981285, 0.618677318096, 0.557907700539, 0.522848725319, 0.479966789484]
        dvar: [0.215150520205, 0.172464743257, 0.145812824368, 0.133766457438, 0.135727882385, 0.15892380476]
        dvar2: [0.471160203218, 0.386968851089, 0.291273355484, 0.255613982677, 0.242327928543, 0.252327293158]
        max: [-5.03779602051, -4.44632053375, -5.0284075737, -5.76287794113, -5.77958679199, -7.98086023331]
        mean: [-8.79238319397, -7.39864873886, -8.00607395172, -8.60750675201, -8.41794681549, -11.3854217529]
        median: [-8.82113170624, -7.28144311905, -7.87918663025, -8.55863189697, -8.36756420135, -11.6142616272]
        min: [-27.2064609528, -27.336101532, -27.8107433319, -27.0451202393, -27.2312984467, -27.2201366425]
        var: [2.34002757072, 1.53651869297, 1.55265641212, 1.52378857136, 1.43225181103, 1.42138898373]

rhythm:
    beats_loudness:
        dmean: 0.00288821943104
        dmean2: 0.00512193655595
        dvar: 7.51568904889e-006
        dvar2: 2.16131047637e-005
        max: 0.0156111130491
        mean: 0.00376565917395
        median: 0.00302401534282
        min: 3.03178211702e-011
        var: 1.06832403617e-005
    bpm: 92.1571426392
    bpm_confidence: 0
    first_peak_bpm: 92
    first_peak_spread: 0.384146302938
    first_peak_weight: 0.164763465524
    onset_rate: 4.86014986038
    second_peak_bpm: 126
    second_peak_spread: 0.579831957817
    second_peak_weight: 0.0815660655499
    beats_loudness_band_ratio:
        dmean: [0.0737365558743, 0.195219218731, 0.231798112392, 0.13926538825, 0.128095507622, 0.167542561889]
        dmean2: [0.135409742594, 0.343730092049, 0.40529564023, 0.249557241797, 0.225330501795, 0.300075083971]
        dvar: [0.00984362978488, 0.0384931862354, 0.0410864725709, 0.0290817059577, 0.0238204728812, 0.0383733138442]
        dvar2: [0.0300103910267, 0.105152033269, 0.11173851788, 0.08032143116, 0.0654008612037, 0.106798484921]
        max: [0.577285051346, 0.941965162754, 0.987173140049, 0.910974979401, 0.996491968632, 0.99872893095]
        mean: [0.0671167746186, 0.212104767561, 0.309455960989, 0.120668768883, 0.151949077845, 0.188476264477]
        median: [0.0234588012099, 0.131602838635, 0.24367672205, 0.0562150850892, 0.0871240496635, 0.119273886085]
        min: [0, 0, 0, 0, 0, 0]
        var: [0.0104955760762, 0.047803234309, 0.0623923577368, 0.0273089427501, 0.0282157100737, 0.0458509139717]
    beats_position: [0.476009070873, 0.975238084793, 1.46285712719, 1.95047616959, 2.43809509277, 2.92571425438, 3.41333317757, 3.88934230804, 4.3653512001, 4.841360569, 5.31736946106, 5.80498838425, 6.28099775314, 6.7570066452, 7.24462556839, 7.72063493729, 8.19664382935, 8.68426322937, 9.17188167572, 9.64789104462, 10.1239004135, 10.6115188599, 11.0875282288, 11.5635375977, 12.051156044, 12.5271654129, 13.0031747818, 13.479183197, 13.9551925659, 14.4428119659, 14.9188203812, 15.3948297501, 15.8824491501, 16.3584575653, 16.8344669342, 17.3104763031, 17.786485672, 18.2741031647, 18.7617225647, 19.2493419647, 19.7253513336, 20.2013607025, 20.6773700714, 21.153377533, 21.6293869019, 22.1053962708, 22.5930156708, 23.0690250397, 23.5566444397, 24.0442619324, 24.5202713013, 24.984670639, 25.4374599457, 25.9018592834, 26.3546485901, 26.7493877411, 27.1209068298, 27.5040359497, 27.8871650696, 28.2586841583, 28.6302032471, 29.0017223358, 29.3732414246, 29.7447605133, 30.1162815094, 30.4878005981, 30.8593196869, 31.2308387756, 31.6139678955, 31.9854869843, 32.3686180115, 32.7169151306, 33.0652160645, 33.4135131836, 33.7734222412, 34.1333312988, 34.5164604187, 34.9112014771, 35.2943305969, 35.7819480896, 36.269569397, 36.7455787659, 37.2215881348, 37.6859855652, 38.1503829956, 38.6147842407, 39.0907936096, 39.5784111023, 40.0544204712, 40.5420417786, 41.0296592712, 41.5288887024, 42.0281181335, 42.5157356262, 43.0265769958, 43.4909744263, 43.9669837952, 44.4429931641, 44.9306106567, 45.4182319641, 45.929069519, 46.4515190125, 46.9623565674, 47.4615859985, 47.9724235535, 48.4832649231, 48.994102478, 49.4817237854, 49.9809532166, 50.4685707092, 50.9445800781, 51.4321975708, 51.9198188782, 52.3726081848, 52.8253974915, 53.2897949219, 53.7541923523, 54.2302017212, 54.6946029663, 55.1241722107, 55.5421295166, 55.971698761, 56.4012680054, 56.761177063, 57.1326980591, 57.5042152405, 57.8641242981, 58.2936935425, 58.7232627869, 59.1644439697, 59.6288414001, 60.0932426453, 60.5344200134, 61.0452613831, 61.556098938, 62.0669364929, 62.5893859863, 63.0886154175, 63.5878448486, 64.0870742798, 64.5979156494, 65.1087493896, 65.5615386963, 66.0259399414, 66.4671173096, 66.9199066162, 67.3726959229, 67.813873291, 68.2666625977, 68.7078475952, 69.1606369019, 69.6134262085, 70.0778198242, 70.5422210693, 70.995010376, 71.4826278687, 71.9586410522, 72.4462585449, 72.9222640991, 73.3982772827, 73.8858947754, 74.3851242065, 74.8843536377, 75.3951950073, 75.8828125, 76.3588180542, 76.8464355469, 77.345664978, 77.8332901001, 78.3209075928, 78.8085250854, 79.2961425781, 79.7837600708, 80.3178253174, 80.8518829346, 81.3743286133, 81.8967819214, 82.4076156616, 82.9184570313, 83.44090271, 83.9633560181, 84.4858016968, 85.0082550049, 85.5423126221, 86.0531539917, 86.5523757935, 87.0516052246, 87.5508346558, 87.9687957764, 88.3751449585, 88.7698822021, 89.1878433228, 89.6058044434, 90.023765564, 90.4301147461, 90.8248519897, 91.2312011719, 91.6259384155, 92.0438995361, 92.4734649658, 92.8798141479, 93.2977752686, 93.6692962646, 94.0175933838, 94.3775024414, 94.737411499, 95.0973205566, 95.4572296143, 95.8171386719, 96.1770477295, 96.5369567871, 96.8736495972, 97.2103347778, 97.5702438354, 97.918548584, 98.3016738892, 98.6731948853, 99.0447158813, 99.4162368774, 99.8109741211, 100.217323303, 100.612060547, 101.006797791, 101.413146973, 101.831108093, 102.237457275, 102.643806458, 103.038543701, 103.456504822, 103.862854004, 104.304031372, 104.721992493, 105.139953613, 105.557914734, 105.975868225, 106.393829346, 106.811790466, 107.194915771, 107.554824829, 107.903129578, 108.239814758, 108.576507568, 108.90158844, 109.238273621, 109.563354492, 109.900039673, 110.248344421, 110.573425293, 110.898498535, 111.223579407, 111.548660278, 111.862129211, 112.187210083, 112.523895264, 112.988296509, 113.429473877, 113.893875122, 114.358276367, 114.799453735, 115.252243042, 115.69342041, 116.239089966, 116.784759521, 117.400085449, 118.015419006, 118.630744934, 119.211242676, 119.780136108, 120.36063385, 120.929519653, 121.486801147, 122.020858765, 122.554916382, 123.112197876, 123.66947937, 124.238365173, 124.807250977, 125.28326416, 125.747665405, 126.212059021, 126.699676514, 127.187301636, 127.66330719, 128.139312744, 128.615325928, 129.079727173, 129.61378479, 130.159454346, 130.705123901, 131.239181519, 131.773239136, 132.295684814, 132.818145752, 133.352203369, 133.874649048, 134.397094727, 134.907928467, 135.395553589, 135.883178711, 136.359176636, 136.823577881, 137.287979126, 137.76399231, 138.239990234, 138.716003418, 139.180404663, 139.644805908, 140.225296021, 140.794189453, 141.363082886, 141.92036438, 142.489242554, 143.046524048, 143.592193604, 144.149475098, 144.695144653, 145.240814209, 145.774871826, 146.308929443, 146.831375122, 147.35383606, 147.887893677, 148.421951294, 149.025665283, 149.629379272, 150.279541016, 150.91809082, 151.568252563, 152.206802368, 152.833740234, 153.483901978, 154.122451782, 154.795822144, 155.469207764, 156.154190063, 156.827575684, 157.500946045, 158.151107788, 158.81288147, 159.521087646, 160.217681885, 160.972335815, 161.726974487, 162.446792603, 163.166610718, 163.886444092, 164.606262207, 165.302856445, 165.999450684, 166.696044922, 167.38104248, 168.077636719, 168.762634277, 169.447616577, 170.144210815, 170.829208374, 171.514190674, 172.199172974, 172.837722778, 173.476272583, 174.126434326, 174.776596069, 175.449981689, 176.111740112, 176.843170166, 177.586212158, 178.32925415, 179.072280884, 179.815322876, 180.558364868, 181.289794922, 181.928344727, 182.566894531, 183.135772705, 183.727890015, 184.308380127, 184.87727356, 185.457778931, 186.026657104, 186.595550537, 187.152832031, 187.710113525, 188.26739502, 188.801452637, 189.358734131, 189.916000366, 190.450057983, 190.984130859, 191.518188477, 192.052246094, 192.586303711, 193.131973267, 193.666030884, 194.200088501, 194.72253418, 195.244979858, 195.767440796, 196.278274536, 196.800720215, 197.323165894, 197.834014893, 198.333236694, 198.832473755, 199.331695557, 199.842529297, 200.353378296, 200.875823975, 201.398269653, 201.909118652, 202.419952393, 202.919174194, 203.430023193, 203.929244995, 204.428482056, 204.927703857, 205.426940918, 205.937774658, 206.43699646, 206.959457397, 207.470291138, 207.981124878, 208.503585815, 209.026031494, 209.536865234, 210.047698975, 210.558547974, 211.057769775, 211.557006836, 212.056228638, 212.62512207, 213.194015503, 213.762893677, 214.343399048, 214.92388916, 215.51600647, 216.096496582, 216.665390015, 217.245895386, 217.826385498, 218.464935303, 219.126708984, 219.788482666, 220.43862915, 221.077178955, 221.71572876, 222.354278564, 222.946395874, 223.561721802, 224.165435791, 224.76914978, 225.372879028, 225.976593018, 226.580307007, 227.172424316, 227.764526367, 228.356643677, 228.995193481, 229.622131348, 230.249069214, 230.945663452, 231.64225769, 232.315643311, 232.989013672, 233.662399292, 234.347381592, 235.03237915, 235.705749512, 236.379135132, 237.064117432, 237.760726929, 238.422485352, 239.072647095, 239.722808838, 240.372970581, 240.999908447, 241.615234375, 242.242172241, 242.869110107, 243.496047974, 244.111373901, 244.726715088, 245.365249634, 245.9921875, 246.630737305, 247.269287109, 247.896224976, 248.523162842, 249.150115967, 249.765441895, 250.392379761, 251.019317627, 251.657867432, 252.284805298, 252.807250977, 253.329696655, 253.840545654, 254.374603271, 254.908660889, 255.442718506, 255.976776123, 256.499237061, 257.02166748, 257.602172852, 258.182678223, 258.751556396, 259.332061768, 259.912567139, 260.516265869, 261.131591797, 261.746948242, 262.36227417, 262.977600098, 263.639373779, 264.289520264, 264.939666748, 265.58984375, 266.239990234, 266.878540039, 267.517089844, 268.167236328, 268.81741333, 269.467559814, 270.117736816, 270.767883301, 271.418029785, 272.079803467, 272.741577148, 273.39175415, 274.030303955, 274.668823242, 275.319000244, 275.969146729, 276.61932373, 277.269470215, 277.919647217, 278.569793701, 279.219940186, 279.85848999, 280.497039795, 281.147216797, 281.797363281, 282.447509766, 283.097686768, 283.747833252, 284.398010254, 285.048156738, 285.698303223, 286.348480225, 286.998626709, 287.648803711, 288.298950195, 288.94909668, 289.599273682, 290.237823486, 290.876373291, 291.526519775, 292.176696777, 292.826843262, 293.476989746, 294.127166748, 294.777313232, 295.427490234, 296.077636719, 296.727783203, 297.377960205, 298.028106689, 298.678283691, 299.328430176, 299.97857666, 300.628753662, 301.278900146, 301.929077148, 302.579223633, 303.229370117, 303.879547119, 304.529693604, 305.179870605, 305.83001709, 306.468566895, 307.118713379, 307.768890381, 308.419036865, 309.069213867, 309.719360352, 310.357910156, 311.008056641, 311.658233643, 312.308380127, 312.958557129, 313.608703613, 314.258850098, 314.9090271, 315.559173584, 316.220947266, 316.882720947, 317.532867432, 318.124969482, 318.72869873, 319.320800781, 319.99420166, 320.679168701, 321.35256958, 322.014312744, 322.664489746, 323.326263428, 323.988006592, 324.638183594, 325.288330078, 325.93850708, 326.588653564, 327.238800049, 327.888977051, 328.539123535, 329.200897217]
