
metadata:
    version:
        essentia: "2.1-beta2"
    audio_properties:
        analysis_sample_rate: 44100
        bitrate: 128
        channels: 2
        equal_loudness: 1
        length: 354.037536621
        replay_gain: -9.73526573181
        downmix: "mix"
    tags:
        album: "Saison 1"
        artist: "La IIIème Légion"
        comment: "BO par Bertrand"
        date: "2006"
        genre: "Other"
        title: "Episode 1 : seconde partie"
        tracknumber: ""

configuration:
    average_loudness:
        compute: 1
        frameSize: 88200
        hopSize: 44100
        silentFrames: "noise"
        windowType: "hann"
    general:
        analysisSampleRate: 44100
        endTime: 2000
        equalLoudness: 1
        nequalLoudness: 0
        shortSound: 0
        startTime: 0
    lowlevel:
        compute: 1
        frameSize: 2048
        hopSize: 1024
        zeroPadding: 0
        silentFrames: "noise"
        windowType: "blackmanharris62"
        mfccStats: ["mean", "cov", "icov"]
        stats: ["mean", "var", "median", "min", "max", "dmean", "dmean2", "dvar", "dvar2"]
    panning:
        compute: 0
        frameSize: 8192
        hopSize: 2048
        zeroPadding: 8192
        silentFrames: "noise"
        windowType: "hann"
        stats: ["copy"]
    rhythm:
        compute: 1
        maxTempo: 208
        minTempo: 40
        method: "degara"
        stats: ["mean", "var", "median", "min", "max", "dmean", "dmean2", "dvar", "dvar2"]
    segmentation:
        compute: 0
        cpw: 5
        inc1: 300
        inc2: 50
        minimumSegmentsLength: 10
        size1: 1000
        size2: 600
    sfx:
        compute: 1
        stats: ["mean", "var", "median", "min", "max", "dmean", "dmean2", "dvar", "dvar2"]
    svm:
        compute: 0
    tonal:
        compute: 1
        frameSize: 4096
        hopSize: 2048
        zeroPadding: 0
        silentFrames: "noise"
        windowType: "blackmanharris62"
        stats: ["mean", "var", "median", "min", "max", "dmean", "dmean2", "dvar", "dvar2"]

lowlevel:
    average_loudness: 0.264215439558
    barkbands_kurtosis:
        dmean: 6.85893440247
        dmean2: 10.7655143738
        dvar: 308.717010498
        dvar2: 688.215820313
        max: 454.354949951
        mean: 8.39032268524
        median: 1.60748422146
        min: -1.96145164967
        var: 558.450439453
    barkbands_skewness:
        dmean: 0.999046266079
        dmean2: 1.45961534977
        dvar: 1.52502155304
        dvar2: 2.93984413147
        max: 19.151134491
        mean: 1.32784748077
        median: 1.09403574467
        min: -15.2616643906
        var: 5.45829534531
    barkbands_spread:
        dmean: 6.5426940918
        dmean2: 10.2775764465
        dvar: 56.6649856567
        dvar2: 126.758049011
        max: 71.1385116577
        mean: 16.6061210632
        median: 14.1688213348
        min: 0.249941840768
        var: 139.152160645
    dissonance:
        dmean: 0.0412093326449
        dmean2: 0.0678382366896
        dvar: 0.00202603684738
        dvar2: 0.00495191570371
        max: 0.500000119209
        mean: 0.424993634224
        median: 0.446577131748
        min: 0.112200222909
        var: 0.00491956435144
    hfc:
        dmean: 1.49550378323
        dmean2: 2.21346402168
        dvar: 15.5155754089
        dvar2: 37.9305534363
        max: 108.51751709
        mean: 2.59351968765
        median: 0.936309874058
        min: 1.20057880844e-016
        var: 26.9843425751
    pitch:
        dmean: 518.297241211
        dmean2: 978.263366699
        dvar: 1210991.125
        dvar2: 2850903
        max: 6274.83007813
        mean: 868.401489258
        median: 301.765350342
        min: 43.0243911743
        var: 1593806.75
    pitch_instantaneous_confidence:
        dmean: 0.128340288997
        dmean2: 0.19911852479
        dvar: 0.0164964869618
        dvar2: 0.0328865014017
        max: 0.990750551224
        mean: 0.619175612926
        median: 0.658429741859
        min: 0.0687174201012
        var: 0.0561252012849
    pitch_salience:
        dmean: 0.0884961560369
        dmean2: 0.13778270781
        dvar: 0.0081079043448
        dvar2: 0.0163561478257
        max: 0.94742244482
        mean: 0.599128723145
        median: 0.643031537533
        min: 0.054251678288
        var: 0.0301257260144
    silence_rate_20dB:
        dmean: 0
        dmean2: 0
        dvar: 0
        dvar2: 0
        max: 1
        mean: 1
        median: 1
        min: 1
        var: 0
    silence_rate_30dB:
        dmean: 0
        dmean2: 0
        dvar: 0
        dvar2: 0
        max: 1
        mean: 1
        median: 1
        min: 1
        var: 0
    silence_rate_60dB:
        dmean: 0.118310600519
        dmean2: 0.236636713147
        dvar: 0.10432484746
        dvar2: 0.204492360353
        max: 1
        mean: 0.735654771328
        median: 1
        min: 0
        var: 0.194438800216
    spectral_centroid:
        dmean: 349.176879883
        dmean2: 518.922973633
        dvar: 251653.484375
        dvar2: 459990.40625
        max: 10440.6347656
        mean: 1223.42553711
        median: 942.118713379
        min: 180.47013855
        var: 799337.625
    spectral_complexity:
        dmean: 1.5804040432
        dmean2: 2.38171434402
        dvar: 6.07640838623
        dvar2: 12.2029438019
        max: 55
        mean: 3.56403708458
        median: 2
        min: 0
        var: 21.5234146118
    spectral_crest:
        dmean: 3.39642715454
        dmean2: 5.42940664291
        dvar: 10.3960008621
        dvar2: 23.1559486389
        max: 26.7529735565
        mean: 11.8433084488
        median: 10.8259181976
        min: 2.18827962875
        var: 32.1951408386
    spectral_decrease:
        dmean: 2.82765338921e-010
        dmean2: 3.97571531252e-010
        dvar: 2.20998568039e-019
        dvar2: 4.11220304575e-019
        max: -8.93208466693e-030
        mean: -5.9932575569e-010
        median: -2.66378002989e-010
        min: -9.45402689467e-009
        var: 7.02047211028e-019
    spectral_energy:
        dmean: 0.0011927272426
        dmean2: 0.00168498861603
        dvar: 4.1183088797e-006
        dvar2: 8.03837428975e-006
        max: 0.0455245710909
        mean: 0.00249723251909
        median: 0.00111676193774
        min: 1.09233149998e-020
        var: 1.24127573145e-005
    spectral_energyband_high:
        dmean: 5.14161256433e-005
        dmean2: 8.03630173323e-005
        dvar: 3.94044121776e-008
        dvar2: 9.61533146437e-008
        max: 0.0053079649806
        mean: 6.13784359302e-005
        median: 7.3852256719e-006
        min: 7.83713483054e-021
        var: 5.31419175331e-008
    spectral_energyband_low:
        dmean: 2.80009862763e-005
        dmean2: 4.48652535852e-005
        dvar: 5.46024523373e-008
        dvar2: 1.19307415503e-007
        max: 0.0107307191938
        mean: 3.52254573954e-005
        median: 2.15049999497e-006
        min: 5.04582950448e-023
        var: 8.17209908632e-008
    spectral_energyband_middle_high:
        dmean: 0.000478501518955
        dmean2: 0.000716668379027
        dvar: 1.61761852269e-006
        dvar2: 3.87623958886e-006
        max: 0.0332302227616
        mean: 0.000770539103542
        median: 0.000136677088449
        min: 1.77124309774e-021
        var: 3.33182697432e-006
    spectral_energyband_middle_low:
        dmean: 0.000834652397316
        dmean2: 0.00116789864842
        dvar: 2.17232582145e-006
        dvar2: 3.85640942113e-006
        max: 0.0245549697429
        mean: 0.00167735957075
        median: 0.000601282983553
        min: 2.92384617601e-022
        var: 6.43573093839e-006
    spectral_flatness_db:
        dmean: 0.0375273115933
        dmean2: 0.054361294955
        dvar: 0.00155393360183
        dvar2: 0.00266742007807
        max: 0.51542788744
        mean: 0.247409373522
        median: 0.252727299929
        min: 0.0372497178614
        var: 0.00687931431457
    spectral_flux:
        dmean: 0.0130531033501
        dmean2: 0.0219151675701
        dvar: 0.000214201383642
        dvar2: 0.000530047458597
        max: 0.206302598119
        mean: 0.0275464579463
        median: 0.0218995511532
        min: 1.04514660815e-010
        var: 0.000497641856782
    spectral_kurtosis:
        dmean: 4.51463890076
        dmean2: 7.39175128937
        dvar: 34.6359901428
        dvar2: 87.7071304321
        max: 178.284408569
        mean: 8.78766345978
        median: 5.80389881134
        min: -1.36430060863
        var: 137.826187134
    spectral_rms:
        dmean: 0.000368972541764
        dmean2: 0.000496442895383
        dvar: 2.08264566481e-007
        dvar2: 3.43998891594e-007
        max: 0.00666439905763
        mean: 0.00123254163191
        median: 0.0010438025929
        min: 3.26448959011e-012
        var: 9.17162992664e-007
    spectral_rolloff:
        dmean: 677.066711426
        dmean2: 1131.63879395
        dvar: 991493.3125
        dvar2: 1930956.625
        max: 18497.0214844
        mean: 2004.55627441
        median: 1485.79101563
        min: 172.265625
        var: 2376640.25
    spectral_skewness:
        dmean: 0.50958275795
        dmean2: 0.793020009995
        dvar: 0.246456563473
        dvar2: 0.559018850327
        max: 11.1908931732
        mean: 1.89587521553
        median: 1.73522913456
        min: -0.646381318569
        var: 1.15137243271
    spectral_spread:
        dmean: 695630.6875
        dmean2: 1017035.3125
        dvar: 896990904320
        dvar2: 1.42866671206e+012
        max: 40076860
        mean: 3625314
        median: 3242229.5
        min: 519656.21875
        var: 3.6856266752e+012
    spectral_strongpeak:
        dmean: 0.310589164495
        dmean2: 0.490836948156
        dvar: 0.298826396465
        dvar2: 0.73462665081
        max: 12.3373804092
        mean: 0.525576651096
        median: 0.292128652334
        min: 2.25348606442e-009
        var: 0.582623898983
    zerocrossingrate:
        dmean: 0.0142997112125
        dmean2: 0.01544425264
        dvar: 0.000272000412224
        dvar2: 0.000283222907456
        max: 0.5
        mean: 0.0667529031634
        median: 0.056640625
        min: 0.00732421875
        var: 0.00185645674355
    barkbands:
        dmean: [5.38872981792e-008, 4.34111689174e-006, 1.32126006065e-005, 3.71995010937e-005, 0.000170995263034, 0.000208064026083, 0.000227145996178, 0.000178049827809, 0.000237639818806, 0.000144809266203, 6.92395842634e-005, 4.16801813117e-005, 2.77599629044e-005, 2.31327685469e-005, 3.43195461028e-005, 4.73394902656e-005, 8.06086318335e-005, 5.34094178875e-005, 0.0001104920957, 6.74738112139e-005, 2.07565681194e-005, 4.84684733237e-006, 1.2973024468e-006, 3.41729219144e-007, 1.18629600365e-007, 5.45078204794e-009, 1.09783127034e-010]
        dmean2: [8.82747812625e-008, 7.56752524467e-006, 2.15289528569e-005, 5.91459502175e-005, 0.000241673405981, 0.00030364326085, 0.000334653712343, 0.000270422751782, 0.000353106152033, 0.000222549511818, 0.000105385159259, 6.25209941063e-005, 4.16106704506e-005, 3.69305125787e-005, 5.42935995327e-005, 7.55678556743e-005, 0.000128650761326, 8.37377883727e-005, 0.000179822251084, 0.000108658306999, 3.19810860674e-005, 7.53849280954e-006, 2.03861850423e-006, 5.1797320566e-007, 1.73228215772e-007, 7.76962671978e-009, 1.99089134068e-010]
        dvar: [9.87543163564e-013, 4.58242288559e-009, 1.90279365597e-008, 5.13042621719e-008, 2.63955513446e-007, 4.39558476728e-007, 5.75479191411e-007, 3.42743504689e-007, 4.50566005838e-007, 2.34471229987e-007, 5.75828735805e-008, 2.96105167052e-008, 1.09170095186e-008, 9.46875022834e-009, 2.63867114825e-008, 2.65153818901e-008, 2.01195589966e-007, 8.63195239731e-008, 4.27639406553e-007, 1.08026625867e-007, 7.26017113095e-009, 4.99642105467e-010, 4.67035576879e-011, 2.80360261916e-012, 8.98101309033e-013, 3.68879756859e-015, 6.65080548227e-020]
        dvar2: [2.71541296393e-012, 1.29932615778e-008, 4.57660149777e-008, 1.26948066281e-007, 4.66332409133e-007, 8.21202263523e-007, 1.08626818474e-006, 6.62512547933e-007, 8.71112661116e-007, 4.98532699567e-007, 1.19189699888e-007, 6.36864854187e-008, 2.30849064309e-008, 2.40614728142e-008, 6.901070293e-008, 6.32666683487e-008, 5.12590588642e-007, 2.05503170037e-007, 1.12436066502e-006, 2.67551314437e-007, 1.60180686493e-008, 1.06835240654e-009, 1.09607219134e-010, 5.99431225143e-012, 1.82110858511e-012, 7.66739475459e-015, 1.89183340524e-019]
        max: [4.27434897574e-005, 0.00345113081858, 0.00728129083291, 0.00712118530646, 0.0170035660267, 0.0191509556025, 0.0188477504998, 0.0164808221161, 0.0181019734591, 0.0113317891955, 0.00795380957425, 0.0063174944371, 0.00342488428578, 0.00312035880052, 0.00594274653122, 0.00681088678539, 0.0232588909566, 0.0113754421473, 0.0180998463184, 0.014112402685, 0.00287351943552, 0.000771394523326, 0.000317422411172, 6.32887604297e-005, 5.10606369062e-005, 5.38404947292e-006, 1.16615277435e-008]
        mean: [5.09402049431e-008, 4.15349450122e-006, 1.35885557029e-005, 5.11939360877e-005, 0.000330860842951, 0.000339955848176, 0.000345040520187, 0.000237392130657, 0.00031083781505, 0.000169271734194, 8.61034350237e-005, 5.68915529584e-005, 3.50366135535e-005, 2.70978507615e-005, 3.97013500333e-005, 5.48842035641e-005, 0.000105271501525, 7.20774332876e-005, 0.000113841066195, 7.13919071131e-005, 2.47085499723e-005, 5.77169294047e-006, 1.52635197992e-006, 4.26508592e-007, 1.54922645379e-007, 6.37436015083e-009, 8.96148363849e-011]
        median: [1.09291387052e-009, 3.73128955289e-007, 6.368185268e-007, 1.5847982695e-006, 2.06196855288e-005, 1.87978585018e-005, 2.09806385101e-005, 1.75128043338e-005, 1.74275992322e-005, 8.10914843896e-006, 5.03746286995e-006, 3.6117644413e-006, 2.38633788285e-006, 1.72856186964e-006, 2.22721655518e-006, 2.74728017757e-006, 3.58103329745e-006, 4.38724691776e-006, 8.00966608949e-006, 5.93758932155e-006, 2.31945273299e-006, 4.46856716962e-007, 1.03980404731e-007, 3.32265024383e-008, 5.54145307419e-009, 1.71212724553e-010, 1.6936148664e-011]
        min: [1.92297246541e-023, 2.59672278734e-023, 3.13532451236e-024, 1.91263270775e-023, 6.84651117464e-023, 3.81133760291e-023, 1.25319271707e-023, 4.35474033539e-023, 3.71297990089e-023, 1.50089256429e-022, 1.05212341615e-022, 1.40794493347e-022, 1.03591232455e-022, 1.43112696801e-022, 6.88376434203e-023, 1.28250494238e-022, 1.94757779435e-022, 3.44627025713e-022, 2.77984207901e-022, 2.37000725552e-022, 3.79905238804e-022, 2.72155245253e-022, 8.23557607918e-022, 1.13496157359e-021, 1.18955246479e-021, 1.85816754205e-021, 2.36351108062e-021]
        var: [9.87955051969e-013, 3.74033071182e-009, 2.09992503386e-008, 7.09071272809e-008, 8.57535042087e-007, 1.12546456421e-006, 1.31105900891e-006, 6.59235354306e-007, 8.93827518667e-007, 3.37551000484e-007, 9.16023594755e-008, 6.52804388324e-008, 1.94587261859e-008, 1.21128929109e-008, 2.91174977463e-008, 4.45692052153e-008, 5.41289637113e-007, 1.76571191446e-007, 3.50182745024e-007, 1.13943400493e-007, 1.15049871852e-008, 8.29930957291e-010, 6.45394432341e-011, 5.03045868849e-012, 1.63301750594e-012, 5.74054133628e-015, 6.10454833044e-020]
    frequency_bands:
        dmean: [5.38872981792e-008, 4.34111689174e-006, 1.32126006065e-005, 3.71995010937e-005, 0.000170995263034, 0.000208064026083, 0.000227145996178, 0.000178049827809, 0.000237639818806, 0.000144809266203, 6.92395842634e-005, 4.16801813117e-005, 2.77599629044e-005, 2.31327685469e-005, 3.43195461028e-005, 4.73394902656e-005, 8.06086318335e-005, 5.34094178875e-005, 0.0001104920957, 6.74738112139e-005, 2.07565681194e-005, 4.84684733237e-006, 1.2973024468e-006, 3.41729219144e-007, 1.18629600365e-007, 5.45078204794e-009, 1.09783127034e-010, 2.84846625453e-011]
        dmean2: [8.82747812625e-008, 7.56752524467e-006, 2.15289528569e-005, 5.91459502175e-005, 0.000241673405981, 0.00030364326085, 0.000334653712343, 0.000270422751782, 0.000353106152033, 0.000222549511818, 0.000105385159259, 6.25209941063e-005, 4.16106704506e-005, 3.69305125787e-005, 5.42935995327e-005, 7.55678556743e-005, 0.000128650761326, 8.37377883727e-005, 0.000179822251084, 0.000108658306999, 3.19810860674e-005, 7.53849280954e-006, 2.03861850423e-006, 5.1797320566e-007, 1.73228215772e-007, 7.76962671978e-009, 1.99089134068e-010, 5.27133614536e-011]
        dvar: [9.87543163564e-013, 4.58242288559e-009, 1.90279365597e-008, 5.13042621719e-008, 2.63955513446e-007, 4.39558476728e-007, 5.75479191411e-007, 3.42743504689e-007, 4.50566005838e-007, 2.34471229987e-007, 5.75828735805e-008, 2.96105167052e-008, 1.09170095186e-008, 9.46875022834e-009, 2.63867114825e-008, 2.65153818901e-008, 2.01195589966e-007, 8.63195239731e-008, 4.27639406553e-007, 1.08026625867e-007, 7.26017113095e-009, 4.99642105467e-010, 4.67035576879e-011, 2.80360261916e-012, 8.98101309033e-013, 3.68879756859e-015, 6.65080548227e-020, 3.66174601043e-021]
        dvar2: [2.71541296393e-012, 1.29932615778e-008, 4.57660149777e-008, 1.26948066281e-007, 4.66332409133e-007, 8.21202263523e-007, 1.08626818474e-006, 6.62512547933e-007, 8.71112661116e-007, 4.98532699567e-007, 1.19189699888e-007, 6.36864854187e-008, 2.30849064309e-008, 2.40614728142e-008, 6.901070293e-008, 6.32666683487e-008, 5.12590588642e-007, 2.05503170037e-007, 1.12436066502e-006, 2.67551314437e-007, 1.60180686493e-008, 1.06835240654e-009, 1.09607219134e-010, 5.99431225143e-012, 1.82110858511e-012, 7.66739475459e-015, 1.89183340524e-019, 1.1609472627e-020]
        max: [4.27434897574e-005, 0.00345113081858, 0.00728129083291, 0.00712118530646, 0.0170035660267, 0.0191509556025, 0.0188477504998, 0.0164808221161, 0.0181019734591, 0.0113317891955, 0.00795380957425, 0.0063174944371, 0.00342488428578, 0.00312035880052, 0.00594274653122, 0.00681088678539, 0.0232588909566, 0.0113754421473, 0.0180998463184, 0.014112402685, 0.00287351943552, 0.000771394523326, 0.000317422411172, 6.32887604297e-005, 5.10606369062e-005, 5.38404947292e-006, 1.16615277435e-008, 1.19759246964e-009]
        mean: [5.09402049431e-008, 4.15349450122e-006, 1.35885557029e-005, 5.11939360877e-005, 0.000330860842951, 0.000339955848176, 0.000345040520187, 0.000237392130657, 0.00031083781505, 0.000169271734194, 8.61034350237e-005, 5.68915529584e-005, 3.50366135535e-005, 2.70978507615e-005, 3.97013500333e-005, 5.48842035641e-005, 0.000105271501525, 7.20774332876e-005, 0.000113841066195, 7.13919071131e-005, 2.47085499723e-005, 5.77169294047e-006, 1.52635197992e-006, 4.26508592e-007, 1.54922645379e-007, 6.37436015083e-009, 8.96148363849e-011, 2.19280097552e-011]
        median: [1.09291387052e-009, 3.73128955289e-007, 6.368185268e-007, 1.5847982695e-006, 2.06196855288e-005, 1.87978585018e-005, 2.09806385101e-005, 1.75128043338e-005, 1.74275992322e-005, 8.10914843896e-006, 5.03746286995e-006, 3.6117644413e-006, 2.38633788285e-006, 1.72856186964e-006, 2.22721655518e-006, 2.74728017757e-006, 3.58103329745e-006, 4.38724691776e-006, 8.00966608949e-006, 5.93758932155e-006, 2.31945273299e-006, 4.46856716962e-007, 1.03980404731e-007, 3.32265024383e-008, 5.54145307419e-009, 1.71212724553e-010, 1.6936148664e-011, 3.59807105985e-012]
        min: [1.92297246541e-023, 2.59672278734e-023, 3.13532451236e-024, 1.91263270775e-023, 6.84651117464e-023, 3.81133760291e-023, 1.25319271707e-023, 4.35474033539e-023, 3.71297990089e-023, 1.50089256429e-022, 1.05212341615e-022, 1.40794493347e-022, 1.03591232455e-022, 1.43112696801e-022, 6.88376434203e-023, 1.28250494238e-022, 1.94757779435e-022, 3.44627025713e-022, 2.77984207901e-022, 2.37000725552e-022, 3.79905238804e-022, 2.72155245253e-022, 8.23557607918e-022, 1.13496157359e-021, 1.18955246479e-021, 1.85816754205e-021, 2.36351108062e-021, 7.40001511324e-022]
        var: [9.87955051969e-013, 3.74033071182e-009, 2.09992503386e-008, 7.09071272809e-008, 8.57535042087e-007, 1.12546456421e-006, 1.31105900891e-006, 6.59235354306e-007, 8.93827518667e-007, 3.37551000484e-007, 9.16023594755e-008, 6.52804388324e-008, 1.94587261859e-008, 1.21128929109e-008, 2.91174977463e-008, 4.45692052153e-008, 5.41289637113e-007, 1.76571191446e-007, 3.50182745024e-007, 1.13943400493e-007, 1.15049871852e-008, 8.29930957291e-010, 6.45394432341e-011, 5.03045868849e-012, 1.63301750594e-012, 5.74054133628e-015, 6.10454833044e-020, 2.85306972706e-021]
    mfcc:
        mean: [-860.966186523, 121.685714722, -39.6202430725, 23.0429534912, -33.5529251099, -30.9316120148, -9.96955299377, -14.4794788361, -9.24977874756, -6.93670701981, -9.81378173828, -7.77633523941, -4.55630350113]
        cov: [[6152.38769531, 1364.45446777, -1682.84204102, 426.010742188, -524.746887207, -180.124328613, -132.824325562, -111.928604126, -20.6259365082, 39.3408584595, -222.447265625, -167.535552979, -49.9669876099], [1364.45446777, 1636.93945313, -434.657806396, -261.326293945, -81.4429092407, -339.259765625, 67.3155517578, -185.021530151, -128.146148682, -52.9213829041, -115.062240601, -163.934768677, -127.523086548], [-1682.84204102, -434.657806396, 1162.30456543, 47.6806221008, 17.6726551056, 201.058334351, -52.2522964478, -40.6215705872, -70.9083099365, -68.5605926514, 64.6315689087, 58.4227142334, -18.7863559723], [426.010742188, -261.326293945, 47.6806221008, 734.36541748, 107.290931702, -139.131896973, -88.9673843384, 24.4809894562, 12.878663063, -6.49764633179, -6.66915845871, 33.809299469, 79.6330947876], [-524.746887207, -81.4429092407, 17.6726551056, 107.290931702, 535.458740234, -54.1751174927, -76.3398284912, 173.972305298, 7.65819454193, -26.7060928345, 33.7019729614, -2.12392759323, 25.2379894257], [-180.124328613, -339.259765625, 201.058334351, -139.131896973, -54.1751174927, 510.077911377, 44.5513191223, -22.6893119812, 65.4220733643, -16.6617164612, 37.3958892822, 38.8596992493, -31.711643219], [-132.824325562, 67.3155517578, -52.2522964478, -88.9673843384, -76.3398284912, 44.5513191223, 309.379425049, 22.4465999603, -39.8799285889, 58.3610191345, 11.6207313538, -21.6339092255, -20.4558734894], [-111.928604126, -185.021530151, -40.6215705872, 24.4809894562, 173.972305298, -22.6893119812, 22.4465999603, 324.34942627, 54.8724937439, -10.4726438522, 73.5865478516, 15.9448251724, 45.8286209106], [-20.6259365082, -128.146148682, -70.9083099365, 12.878663063, 7.65819454193, 65.4220733643, -39.8799285889, 54.8724937439, 231.025009155, 31.8278408051, -2.93016338348, 60.074432373, 17.04621315], [39.3408584595, -52.9213829041, -68.5605926514, -6.49764633179, -26.7060928345, -16.6617164612, 58.3610191345, -10.4726438522, 31.8278408051, 189.428039551, 35.111289978, -18.9127254486, 31.0740661621], [-222.447265625, -115.062240601, 64.6315689087, -6.66915845871, 33.7019729614, 37.3958892822, 11.6207313538, 73.5865478516, -2.93016338348, 35.111289978, 198.760879517, 65.59349823, 19.424571991], [-167.535552979, -163.934768677, 58.4227142334, 33.809299469, -2.12392759323, 38.8596992493, -21.6339092255, 15.9448251724, 60.074432373, -18.9127254486, 65.59349823, 202.192398071, 70.3423995972], [-49.9669876099, -127.523086548, -18.7863559723, 79.6330947876, 25.2379894257, -31.711643219, -20.4558734894, 45.8286209106, 17.04621315, 31.0740661621, 19.424571991, 70.3423995972, 178.295516968]]
        icov: [[0.000858142448124, -0.000878235150594, 0.00117665866856, -0.00115697842557, 0.00122077786364, -0.00124428828713, 0.00126127293333, -0.001203353866, 0.00103702326305, -0.000852219178341, 0.000695238355547, -0.00043907595682, 0.000459843693534], [-0.000878235150594, 0.00199524033815, -0.000912010436878, 0.00161071505863, -0.00136207381729, 0.00207007280551, -0.00163060682826, 0.00200669909827, -0.00110177195165, 0.0015504907351, -0.000872759381309, 0.000975204631686, -0.000230997015024], [0.00117665866856, -0.000912010436878, 0.00272425333969, -0.0016140465159, 0.00160418578889, -0.00197410513647, 0.00186437030789, -0.00137320149224, 0.00193517189473, -0.000834512058645, 0.000688103202265, -0.000751820625737, 0.000856139347889], [-0.00115697842557, 0.00161071505863, -0.0016140465159, 0.0033089092467, -0.00193486781791, 0.00242279074155, -0.00161278387532, 0.00203850516118, -0.00160026864614, 0.00147011759691, -0.000935100426432, 0.000747226935346, -0.00112049852032], [0.00122077786364, -0.00136207381729, 0.00160418578889, -0.00193486781791, 0.00422737188637, -0.00181350763887, 0.00253377156332, -0.00325220800005, 0.00183150102384, -0.00133528886363, 0.00105455494486, -0.000596528640017, 0.000784897885751], [-0.00124428828713, 0.00207007280551, -0.00197410513647, 0.00242279074155, -0.00181350763887, 0.00494630821049, -0.00265962956473, 0.00276110041887, -0.00274980976246, 0.00231427047402, -0.00172548904084, 0.00107808620669, -0.000414411420934], [0.00126127293333, -0.00163060682826, 0.00186437030789, -0.00161278387532, 0.00253377156332, -0.00265962956473, 0.00617461744696, -0.00325021357276, 0.00309042795561, -0.00325168180279, 0.0016444795765, -0.00134812062606, 0.00144007417839], [-0.001203353866, 0.00200669909827, -0.00137320149224, 0.00203850516118, -0.00325220800005, 0.00276110041887, -0.00325021357276, 0.00727973273024, -0.00345519115217, 0.00334712979384, -0.0033581040334, 0.00234574102797, -0.00206237169914], [0.00103702326305, -0.00110177195165, 0.00193517189473, -0.00160026864614, 0.00183150102384, -0.00274980976246, 0.00309042795561, -0.00345519115217, 0.00781875569373, -0.00346674560569, 0.0028050285764, -0.00335488701239, 0.00179025495891], [-0.000852219178341, 0.0015504907351, -0.000834512058645, 0.00147011759691, -0.00133528886363, 0.00231427047402, -0.00325168180279, 0.00334712979384, -0.00346674560569, 0.00884110573679, -0.00346269411966, 0.00338674383238, -0.00267551583238], [0.000695238355547, -0.000872759381309, 0.000688103202265, -0.000935100426432, 0.00105455494486, -0.00172548904084, 0.0016444795765, -0.0033581040334, 0.0028050285764, -0.00346269411966, 0.00806619785726, -0.00371362851001, 0.00157808489166], [-0.00043907595682, 0.000975204631686, -0.000751820625737, 0.000747226935346, -0.000596528640017, 0.00107808620669, -0.00134812062606, 0.00234574102797, -0.00335488701239, 0.00338674383238, -0.00371362851001, 0.00869883783162, -0.00361677864566], [0.000459843693534, -0.000230997015024, 0.000856139347889, -0.00112049852032, 0.000784897885751, -0.000414411420934, 0.00144007417839, -0.00206237169914, 0.00179025495891, -0.00267551583238, 0.00157808489166, -0.00361677864566, 0.00822362862527]]
    sccoeffs:
        dmean: [0.0598559081554, 0.0658494755626, 0.0538522973657, 0.0411256551743, 0.0391980037093, 0.0285265836865]
        dmean2: [0.0908838957548, 0.0981515347958, 0.0785124748945, 0.0616521425545, 0.0575188435614, 0.0425545461476]
        dvar: [0.00320271658711, 0.00369055080228, 0.00257887854241, 0.00153773126658, 0.00161647843197, 0.00077810138464]
        dvar2: [0.00579990865663, 0.00667452579364, 0.00450623081997, 0.00296148145571, 0.00307328323834, 0.00150878413115]
        max: [-0.214353710413, -0.323719441891, -0.394053757191, -0.491516113281, -0.310053318739, -0.447460621595]
        mean: [-0.641618132591, -0.714472770691, -0.769883990288, -0.798159480095, -0.786753773689, -0.763415575027]
        median: [-0.664195358753, -0.729593932629, -0.800652742386, -0.819256722927, -0.807214915752, -0.773324966431]
        min: [-0.971958816051, -0.965813696384, -0.975138664246, -0.960457026958, -0.960446536541, -0.959904074669]
        var: [0.0204939171672, 0.0162292011082, 0.0110012190416, 0.0059260497801, 0.00604526139796, 0.00343044707552]
    scvalleys:
        dmean: [0.471484959126, 0.45756649971, 0.407126456499, 0.375347912312, 0.342263102531, 0.293037444353]
        dmean2: [0.787888526917, 0.756865441799, 0.640628695488, 0.571263492107, 0.513071775436, 0.419355303049]
        dvar: [0.155369445682, 0.17813000083, 0.158587217331, 0.133076071739, 0.119796365499, 0.127469360828]
        dvar2: [0.400539785624, 0.430239379406, 0.329287797213, 0.269359350204, 0.232174694538, 0.210676401854]
        max: [-4.63830375671, -4.30935668945, -4.75627231598, -5.07638072968, -5.10262346268, -7.86487865448]
        mean: [-9.06726837158, -7.46143531799, -8.02807426453, -8.83449459076, -8.94393825531, -11.8472728729]
        median: [-8.92499542236, -7.309882164, -7.9286904335, -8.77726554871, -8.85491657257, -11.8271179199]
        min: [-26.9084014893, -27.0735301971, -27.5799331665, -27.2961921692, -27.1444664001, -27.2025508881]
        var: [1.22377812862, 1.28868889809, 1.35681426525, 1.36497950554, 1.26151227951, 1.04369080067]

rhythm:
    beats_loudness:
        dmean: 0.00334970117547
        dmean2: 0.00586217828095
        dvar: 1.61545740411e-005
        dvar2: 4.59913062514e-005
        max: 0.0320875421166
        mean: 0.0036488014739
        median: 0.00236441986635
        min: 5.03413560837e-011
        var: 1.66190711752e-005
    bpm: 110.206703186
    bpm_confidence: 0
    first_peak_bpm: 110
    first_peak_spread: 0.637036979198
    first_peak_weight: 0.0752688199282
    onset_rate: 4.87518930435
    second_peak_bpm: 115
    second_peak_spread: 0.424242436886
    second_peak_weight: 0.0583717375994
    beats_loudness_band_ratio:
        dmean: [0.0708705857396, 0.248716831207, 0.267708182335, 0.153915867209, 0.120256453753, 0.130126699805]
        dmean2: [0.125483751297, 0.434867560863, 0.463518053293, 0.276690095663, 0.215166062117, 0.236195847392]
        dvar: [0.0120951812714, 0.0532691255212, 0.0456560477614, 0.0316743738949, 0.026996107772, 0.0346122793853]
        dvar2: [0.0301008056849, 0.144921258092, 0.120800688863, 0.0853504315019, 0.0738725364208, 0.0944866538048]
        max: [0.915435612202, 0.989729762077, 0.98982667923, 0.927763998508, 0.988751828671, 0.972478449345]
        mean: [0.0609107278287, 0.270197689533, 0.373874932528, 0.136132076383, 0.113850235939, 0.105612315238]
        median: [0.0101866526529, 0.182694524527, 0.318592369556, 0.056888718158, 0.0526448264718, 0.035230550915]
        min: [0, 0, 0, 0, 0, 0]
        var: [0.0133461747319, 0.0675541460514, 0.0703516304493, 0.0322628617287, 0.0262873098254, 0.0304424017668]
    beats_position: [0.580498874187, 1.17260766029, 1.764716506, 2.36843538284, 2.97215414047, 3.56426286697, 4.15637159348, 4.74848079681, 5.34058952332, 5.92108821869, 6.5015873909, 7.07047605515, 7.65097475052, 8.24308395386, 8.83519268036, 9.32281208038, 9.81043052673, 10.2980499268, 10.7856683731, 11.261677742, 11.7376871109, 12.2485256195, 12.7709751129, 13.3746938705, 13.9319725037, 14.5008611679, 15.0929698944, 15.696688652, 16.3004074097, 16.9157371521, 17.5426750183, 18.0999546051, 18.6572322845, 19.2029018402, 19.7485713959, 20.2942390442, 20.851518631, 21.3971881866, 21.942855835, 22.4885253906, 23.0341949463, 23.5798625946, 24.1255321503, 24.6712017059, 25.2168693542, 25.7509288788, 26.2849884033, 26.8190479279, 27.3647155762, 27.9103851318, 28.4560546875, 28.9901123047, 29.5357818604, 30.0582313538, 30.5806789398, 31.1031284332, 31.6023578644, 32.1131973267, 32.6240348816, 33.1580963135, 33.6921539307, 34.2262115479, 34.7602729797, 35.2827186584, 35.7819480896, 36.269569397, 36.7687988281, 37.2564163208, 37.7324256897, 38.2200431824, 38.7076644897, 39.1836738586, 39.6712913513, 40.1705207825, 40.6581382751, 41.1225395203, 41.5869369507, 42.0397262573, 42.5041275024, 42.9685249329, 43.432926178, 43.8857116699, 44.350112915, 44.8145103455, 45.2789115906, 45.743309021, 46.1960983276, 46.6488876343, 47.0900688171, 47.5544662476, 48.018863678, 48.4832649231, 49.0405426025, 49.5746040344, 50.1202697754, 50.6543312073, 51.2116088867, 51.7572784424, 52.3145561218, 52.8602256775, 53.4291152954, 53.9399528503, 54.45079422, 54.9616317749, 55.4028091431, 55.8439903259, 56.2851676941, 56.726348877, 57.1675262451, 57.608707428, 57.9802246094, 58.3517456055, 58.7116546631, 59.0715637207, 59.4314727783, 59.7913818359, 60.162902832, 60.5460319519, 60.9291610718, 61.3238983154, 61.6954193115, 62.0669364929, 62.473285675, 62.8796348572, 63.2743759155, 63.6691131592, 64.0406341553, 64.4237594604, 64.806892395, 65.1784133911, 65.5731506348, 65.9678878784, 66.3626327515, 66.7805862427, 67.1753311157, 67.5700683594, 67.964805603, 68.4292068481, 68.8819961548, 69.3347854614, 69.7991790771, 70.2868041992, 70.7744216919, 71.2620391846, 71.7612686157, 72.2488861084, 72.817779541, 73.3750534058, 73.9439468384, 74.489616394, 75.0236740112, 75.5577316284, 76.1034011841, 76.6490707397, 77.1947402954, 77.7520141602, 78.3209075928, 78.889793396, 79.4470748901, 80.0043487549, 80.5732421875, 81.1305236816, 81.6877975464, 82.3031311035, 82.9184570313, 83.4757385254, 84.0330123901, 84.5902938843, 85.1475753784, 85.6932373047, 86.2389068604, 86.784576416, 87.3186416626, 87.8526992798, 88.3751449585, 88.8975982666, 89.3736038208, 89.8612213135, 90.3604507446, 90.8596801758, 91.3705215454, 91.8697509766, 92.3689804077, 92.8682098389, 93.36743927, 93.8782730103, 94.3891143799, 94.8999557495, 95.4107894897, 95.8984146118, 96.3860321045, 96.8852615356, 97.3844909668, 97.8837203979, 98.3481140137, 98.8125152588, 99.288520813, 99.7761459351, 100.240539551, 100.716552734, 101.192558289, 101.69178772, 102.191017151, 102.667030334, 103.143035889, 103.619049072, 104.048614502, 104.48979187, 104.930976868, 105.372154236, 105.743675232, 106.115188599, 106.486709595, 106.869842529, 107.322631836, 107.763809204, 108.204986572, 108.64616394, 109.098953247, 109.551742554, 110.00453186, 110.445709229, 110.875282288, 111.304847717, 111.734420776, 112.175598145, 112.616775513, 113.05796051, 113.510749817, 113.975143433, 114.451156616, 114.92716217, 115.403175354, 115.86756897, 116.320358276, 116.773147583, 117.237548828, 117.713554382, 118.189567566, 118.66557312, 119.269294739, 119.873016357, 120.465126038, 121.068840027, 121.672561646, 122.183395386, 122.682624817, 123.181854248, 123.681083679, 124.191925049, 124.69115448, 125.178771973, 125.654785156, 126.13079071, 126.664848328, 127.198905945, 127.756187439, 128.336685181, 128.917190552, 129.520904541, 130.113006592, 130.705123901, 131.239181519, 131.773239136, 132.284072876, 132.794921875, 133.305755615, 133.863037109, 134.408706665, 134.954376221, 135.511657715, 136.068939209, 136.719085693, 137.369247437, 138.007797241, 138.657958984, 139.296508789, 139.946670532, 140.596817017, 141.258590698, 141.908752441, 142.547302246, 143.197463989, 143.847610474, 144.486160278, 145.113098145, 145.705215454, 146.285705566, 146.866210938, 147.43510437, 148.003982544, 148.572875977, 149.141769409, 149.722259521, 150.337600708, 150.952926636, 151.568252563, 152.171966553, 152.764083862, 153.332962036, 153.901855469, 154.470748901, 155.051239014, 155.631744385, 156.212234497, 156.792739868, 157.384857178, 157.976959229, 158.569061279, 159.14956665, 159.718460083, 160.287338257, 160.809799194, 161.332244873, 161.854690552, 162.37713623, 162.899581909, 163.433654785, 163.967712402, 164.50177002, 165.047439575, 165.593109131, 166.138778687, 166.719268799, 167.29977417, 167.880264282, 168.460769653, 169.041259766, 169.59854126, 170.155822754, 170.713104248, 171.247161865, 171.781219482, 172.408157349, 173.035095215, 173.650421143, 174.265762329, 174.869476318, 175.473190308, 176.076919556, 176.680633545, 177.261123657, 177.841629028, 178.387298584, 178.944580078, 179.501861572, 180.093963623, 180.686080933, 181.289794922, 181.835464478, 182.392745972, 182.926803589, 183.484085083, 184.029754639, 184.552200317, 185.063034058, 185.585479736, 186.107940674, 186.630386353, 187.152832031, 187.67527771, 188.18611145, 188.708572388, 189.149749756, 189.590927124, 190.032104492, 190.496505737, 190.960906982, 191.425308228, 191.889694214, 192.354095459, 192.830108643, 193.306121826, 193.78213501, 194.258132935, 194.757369995, 195.244979858, 195.73260498, 196.220230103, 196.696228027, 197.183853149, 197.729522705, 198.275192261, 198.820861816, 199.354919434, 199.900588989, 200.434646606, 200.968704224, 201.514373779, 202.048431396, 202.582489014, 203.104934692, 203.615783691, 204.115005493, 204.637451172, 205.171508789, 205.705581665, 206.239639282, 206.738861084, 207.226486206, 207.714096069, 208.143676758, 208.573242188, 209.002807617, 209.432373047, 209.873550415, 210.314727783, 210.76751709, 211.208709717, 211.649887085, 212.091064453, 212.555465698, 213.031463623, 213.507476807, 213.971878052, 214.598815918, 215.225753784, 215.875915527, 216.526077271, 217.12979126, 217.745117188, 218.360443115, 218.975784302, 219.591110229, 220.194824219, 220.798538208, 221.402267456, 222.029205322, 222.679367065, 223.31791687, 223.956451416, 224.595001221, 225.233551025, 225.87210083, 226.533874512, 227.184036255, 227.857406616, 228.530792236, 229.169342041, 229.807891846, 230.44644165, 231.096588135, 231.758361816, 232.315643311, 232.872924805, 233.430206299, 233.975875854, 234.521530151, 235.009155273, 235.508392334, 236.030838013, 236.530059814, 237.040908813, 237.528518677, 238.00453186, 238.492156982, 238.968154907, 239.444168091, 239.931793213, 240.419403076, 240.883804321, 241.371429443, 241.835830688, 242.416320801, 242.996826172, 243.577316284, 244.169433594, 244.784759521, 245.411697388, 246.015411377, 246.619140625, 247.234466553, 247.861404419, 248.407073975, 248.95274353, 249.498413086, 250.044082642, 250.578140259, 251.100585938, 251.623031616, 252.157089233, 252.691146851, 253.213607788, 253.747665405, 254.246887207, 254.746124268, 255.245346069, 255.75617981, 256.278625488, 256.801086426, 257.323547363, 257.834381104, 258.345214844, 258.867645264, 259.390106201, 259.912567139, 260.434997559, 260.969055176, 261.584381104, 262.199737549, 262.826660156, 263.441986084, 264.057312012, 264.66104126, 265.264770508, 265.868469238, 266.460571289, 267.075927734, 267.668029785, 268.260131836, 268.852233887, 269.455963135, 270.071289063, 270.558898926, 271.058135986, 271.568969727, 272.103027344, 272.625488281, 273.136322021, 273.705200195, 274.274108887, 274.819763184, 275.377044678, 275.945922852, 276.526428223, 277.095336914, 277.675811768, 278.267944336, 278.848419189, 279.428924561, 280.009429932, 280.589935303, 281.147216797, 281.716094971, 282.284973145, 282.795837402, 283.32989502, 283.887145996, 284.44442749, 285.013336182, 285.651885986, 286.290435791, 286.882537842, 287.49786377, 288.101593018, 288.740142822, 289.378692627, 290.040435791, 290.690612793, 291.363983154, 292.048980713, 292.745574951, 293.418945313, 294.092315674, 294.742492676, 295.404266357, 296.054412842, 296.704589844, 297.343109131, 298.004882813, 298.655059814, 299.305206299, 299.943756104, 300.570709229, 301.186035156, 301.812957764, 302.439910889, 303.066833496, 303.693786621, 304.320709229, 304.97088623, 305.644256592, 306.317626953, 306.991027832, 307.664398193, 308.326171875, 308.976318359, 309.638092041, 310.299865723, 311.031280518, 311.76272583, 312.494140625, 313.225585938, 313.957000732, 314.688415527, 315.41986084, 316.139678955, 316.847900391, 317.556091309, 318.275909424, 318.995727539, 319.692321777, 320.377319336, 321.004241943, 321.642791748, 322.258148193, 322.873474121, 323.477172852, 324.138946533, 324.812316895, 325.485717773, 326.147491455, 326.797637939, 327.471008301, 328.144378662, 328.841003418, 329.537597656, 330.118103027, 330.686981201, 331.232635498, 331.789916992, 332.347198486, 332.90447998, 333.473358154, 334.042266846, 334.622772217, 335.20324707, 335.783752441, 336.341033936, 336.921539307, 337.49041748, 338.047698975, 338.604980469, 339.162261963, 339.719543457, 340.288421631, 340.845703125, 341.402984619, 341.878997803, 342.378234863, 342.865844727, 343.283813477, 343.701751709, 344.108123779, 344.526062012, 345.025299072, 345.54776001, 346.07019043, 346.58102417, 347.08026123, 347.579498291, 348.078735352, 348.577941895, 349.088806152, 349.611236572, 350.13369751, 350.65612793, 351.201812744, 351.747467041, 352.293151855, 352.827209473, 353.36126709]
