
metadata:
    version:
        essentia: "2.1-beta2"
    audio_properties:
        analysis_sample_rate: 44100
        bitrate: 128
        channels: 2
        equal_loudness: 1
        length: 394.031005859
        replay_gain: -9.91033554077
        downmix: "mix"
    tags:
        album: "Saison 1"
        artist: "La IIIème Légion"
        comment: "BO par Bertrand"
        date: "2006"
        genre: "Other;other"
        title: "Episode 10"
        tracknumber: ""

configuration:
    average_loudness:
        compute: 1
        frameSize: 88200
        hopSize: 44100
        silentFrames: "noise"
        windowType: "hann"
    general:
        analysisSampleRate: 44100
        endTime: 2000
        equalLoudness: 1
        nequalLoudness: 0
        shortSound: 0
        startTime: 0
    lowlevel:
        compute: 1
        frameSize: 2048
        hopSize: 1024
        zeroPadding: 0
        silentFrames: "noise"
        windowType: "blackmanharris62"
        mfccStats: ["mean", "cov", "icov"]
        stats: ["mean", "var", "median", "min", "max", "dmean", "dmean2", "dvar", "dvar2"]
    panning:
        compute: 0
        frameSize: 8192
        hopSize: 2048
        zeroPadding: 8192
        silentFrames: "noise"
        windowType: "hann"
        stats: ["copy"]
    rhythm:
        compute: 1
        maxTempo: 208
        minTempo: 40
        method: "degara"
        stats: ["mean", "var", "median", "min", "max", "dmean", "dmean2", "dvar", "dvar2"]
    segmentation:
        compute: 0
        cpw: 5
        inc1: 300
        inc2: 50
        minimumSegmentsLength: 10
        size1: 1000
        size2: 600
    sfx:
        compute: 1
        stats: ["mean", "var", "median", "min", "max", "dmean", "dmean2", "dvar", "dvar2"]
    svm:
        compute: 0
    tonal:
        compute: 1
        frameSize: 4096
        hopSize: 2048
        zeroPadding: 0
        silentFrames: "noise"
        windowType: "blackmanharris62"
        stats: ["mean", "var", "median", "min", "max", "dmean", "dmean2", "dvar", "dvar2"]

lowlevel:
    average_loudness: 0.20216114819
    barkbands_kurtosis:
        dmean: 5.47004413605
        dmean2: 8.72629547119
        dvar: 300.800506592
        dvar2: 648.238891602
        max: 864.408508301
        mean: 5.89392995834
        median: 0.999906241894
        min: -1.97094130516
        var: 524.900817871
    barkbands_skewness:
        dmean: 0.868370354176
        dmean2: 1.30556344986
        dvar: 1.19283556938
        dvar2: 2.45157217979
        max: 25.4922733307
        mean: 1.00834584236
        median: 0.958208858967
        min: -18.0779476166
        var: 4.31740856171
    barkbands_spread:
        dmean: 6.58440160751
        dmean2: 10.4367723465
        dvar: 56.28074646
        dvar2: 133.285003662
        max: 76.7799835205
        mean: 20.1608867645
        median: 18.3316822052
        min: 0.123781703413
        var: 154.742126465
    dissonance:
        dmean: 0.0288065802306
        dmean2: 0.0479014851153
        dvar: 0.0010894308798
        dvar2: 0.00271666562185
        max: 0.500000178814
        mean: 0.445887088776
        median: 0.464010447264
        min: 0.105103127658
        var: 0.00299177831039
    hfc:
        dmean: 1.54823219776
        dmean2: 2.30942440033
        dvar: 9.17685222626
        dvar2: 20.8289070129
        max: 86.9872970581
        mean: 3.76300859451
        median: 1.84575414658
        min: 1.20246292735e-016
        var: 42.2943267822
    pitch:
        dmean: 575.109985352
        dmean2: 1090.69299316
        dvar: 1385234.375
        dvar2: 3322905
        max: 6711.33789063
        mean: 1002.01989746
        median: 255.738525391
        min: 43.0941429138
        var: 2083214.125
    pitch_instantaneous_confidence:
        dmean: 0.118105903268
        dmean2: 0.186674639583
        dvar: 0.0120110316202
        dvar2: 0.0274094156921
        max: 0.984132349491
        mean: 0.526725530624
        median: 0.513137757778
        min: 0.101841926575
        var: 0.0461073890328
    pitch_salience:
        dmean: 0.0789256319404
        dmean2: 0.12661075592
        dvar: 0.00558618921787
        dvar2: 0.0131242526695
        max: 0.990669250488
        mean: 0.639761865139
        median: 0.667389154434
        min: 0.0297570377588
        var: 0.0175647716969
    silence_rate_20dB:
        dmean: 0
        dmean2: 0
        dvar: 0
        dvar2: 0
        max: 1
        mean: 1
        median: 1
        min: 1
        var: 0
    silence_rate_30dB:
        dmean: 0
        dmean2: 0
        dvar: 0
        dvar2: 0
        max: 1
        mean: 1
        median: 1
        min: 1
        var: 0
    silence_rate_60dB:
        dmean: 0.121744252741
        dmean2: 0.243502855301
        dvar: 0.106911972165
        dvar2: 0.213211536407
        max: 1
        mean: 0.633197784424
        median: 1
        min: 0
        var: 0.232228800654
    spectral_centroid:
        dmean: 343.104522705
        dmean2: 518.57421875
        dvar: 254458.96875
        dvar2: 479705.375
        max: 11012.1025391
        mean: 1340.23986816
        median: 1037.01428223
        min: 178.472351074
        var: 998696.5625
    spectral_complexity:
        dmean: 2.20141434669
        dmean2: 3.35765218735
        dvar: 8.83327198029
        dvar2: 19.0521526337
        max: 59
        mean: 6.36827516556
        median: 5
        min: 0
        var: 47.6882286072
    spectral_crest:
        dmean: 3.06763267517
        dmean2: 4.9881067276
        dvar: 8.05628871918
        dvar2: 19.4457378387
        max: 26.917924881
        mean: 10.2708568573
        median: 9.26654720306
        min: 2.48277688026
        var: 22.4707107544
    spectral_decrease:
        dmean: 3.03687658354e-010
        dmean2: 4.57766824447e-010
        dvar: 2.05677360712e-019
        dvar2: 4.83943206446e-019
        max: -3.18246411708e-029
        mean: -7.28214044621e-010
        median: -4.85287587892e-010
        min: -6.77248213066e-009
        var: 6.83510817284e-019
    spectral_energy:
        dmean: 0.00126579508651
        dmean2: 0.00190346082672
        dvar: 3.43066903952e-006
        dvar2: 8.00351517682e-006
        max: 0.030903544277
        mean: 0.00308975321241
        median: 0.00205402565189
        min: 1.10268006259e-020
        var: 1.2560716641e-005
    spectral_energyband_high:
        dmean: 8.433185576e-005
        dmean2: 0.000127467938
        dvar: 7.63745831023e-008
        dvar2: 1.769475233e-007
        max: 0.016823137179
        mean: 0.000142055665492
        median: 2.83180361293e-005
        min: 8.07197738411e-021
        var: 1.61247115216e-007
    spectral_energyband_low:
        dmean: 0.000178516012966
        dmean2: 0.000305075402139
        dvar: 2.76578504099e-007
        dvar2: 7.60932437061e-007
        max: 0.00882024690509
        mean: 0.000217234934098
        median: 1.83727497642e-005
        min: 1.37609981779e-022
        var: 2.95380061743e-007
    spectral_energyband_middle_high:
        dmean: 0.000445268233307
        dmean2: 0.000667444081046
        dvar: 7.94782295088e-007
        dvar2: 1.8367084067e-006
        max: 0.0266990214586
        mean: 0.00102236075327
        median: 0.000334315758664
        min: 1.62499631336e-021
        var: 4.29549027103e-006
    spectral_energyband_middle_low:
        dmean: 0.000939464604016
        dmean2: 0.00145107530989
        dvar: 2.56044199887e-006
        dvar2: 6.27862073088e-006
        max: 0.0211435966194
        mean: 0.00182188034523
        median: 0.000977356918156
        min: 3.01412367044e-022
        var: 5.48447542315e-006
    spectral_flatness_db:
        dmean: 0.0309392604977
        dmean2: 0.0471473783255
        dvar: 0.00106095871888
        dvar2: 0.00217222888023
        max: 0.537297844887
        mean: 0.219484865665
        median: 0.21870842576
        min: 0.0554377958179
        var: 0.00591128412634
    spectral_flux:
        dmean: 0.0110237682238
        dmean2: 0.0179287511855
        dvar: 0.000141863652971
        dvar2: 0.000344356463756
        max: 0.147401362658
        mean: 0.031937636435
        median: 0.0289965867996
        min: 1.05008571283e-010
        var: 0.000449877756182
    spectral_kurtosis:
        dmean: 3.65186905861
        dmean2: 6.07392883301
        dvar: 24.8146057129
        dvar2: 67.7617721558
        max: 172.104248047
        mean: 7.42892742157
        median: 4.9185757637
        min: -1.21331822872
        var: 102.573783875
    spectral_rms:
        dmean: 0.000352539471351
        dmean2: 0.00050522130914
        dvar: 1.58989607257e-007
        dvar2: 3.26414436813e-007
        max: 0.00549088325351
        mean: 0.00146659917664
        median: 0.00141560146585
        min: 3.27991670282e-012
        var: 8.63475690949e-007
    spectral_rolloff:
        dmean: 627.711181641
        dmean2: 1051.74243164
        dvar: 879031.9375
        dvar2: 1794177.375
        max: 18992.2851563
        mean: 2251.49414063
        median: 2239.453125
        min: 172.265625
        var: 2572853.75
    spectral_skewness:
        dmean: 0.426886379719
        dmean2: 0.673998355865
        dvar: 0.201616436243
        dvar2: 0.481585741043
        max: 10.5792694092
        mean: 1.70090663433
        median: 1.60753762722
        min: -0.663725376129
        var: 0.968198180199
    spectral_spread:
        dmean: 654820.4375
        dmean2: 969648.625
        dvar: 812270092288
        dvar2: 1.41676196659e+012
        max: 39775792
        mean: 3929047.75
        median: 3326305.5
        min: 614919.125
        var: 4.85140778189e+012
    spectral_strongpeak:
        dmean: 0.338892757893
        dmean2: 0.554708719254
        dvar: 0.363694876432
        dvar2: 0.930903911591
        max: 11.0200414658
        mean: 0.583968281746
        median: 0.277338445187
        min: 3.20690629607e-009
        var: 0.846795797348
    zerocrossingrate:
        dmean: 0.01273576729
        dmean2: 0.0141719542444
        dvar: 0.000242566980887
        dvar2: 0.00026058399817
        max: 0.49609375
        mean: 0.0738836750388
        median: 0.06396484375
        min: 0.009765625
        var: 0.0020707459189
    barkbands:
        dmean: [9.404286061e-008, 2.30734949582e-005, 9.6958661743e-005, 0.000194789929083, 0.000408759893617, 0.000213853025343, 0.000193500032765, 0.000138745148433, 0.000148471124703, 0.000100172277598, 5.04427698615e-005, 3.32145173161e-005, 2.68105413852e-005, 3.20911749441e-005, 4.31492626376e-005, 6.34130628896e-005, 8.03737348178e-005, 7.92632054072e-005, 0.000128984655021, 8.84266628418e-005, 3.96865543735e-005, 1.02108451756e-005, 2.50131370194e-006, 6.95646065196e-007, 3.50658240222e-007, 2.41057396266e-008, 1.16830778385e-009]
        dmean2: [1.49057512999e-007, 3.93997106585e-005, 0.00016963906819, 0.000339916907251, 0.000668121443596, 0.000338599522365, 0.000296391372103, 0.000215058520553, 0.000228441873332, 0.000155998175615, 7.60281982366e-005, 5.23471062479e-005, 4.30689651694e-005, 5.24372990185e-005, 6.94080954418e-005, 0.00010350800585, 0.000128421597765, 0.000127141334815, 0.000206036711461, 0.000138337476528, 6.10171991866e-005, 1.58493458002e-005, 3.74339833797e-006, 1.01969999378e-006, 5.11929727054e-007, 3.52194966524e-008, 1.85866544378e-009]
        dvar: [1.02619640758e-013, 5.23078247383e-009, 8.5307156894e-008, 4.54404613492e-007, 9.18788430226e-007, 2.34621538198e-007, 2.68082374077e-007, 1.48452230064e-007, 1.56774532911e-007, 1.00209753384e-007, 2.90510318024e-008, 9.80918635207e-009, 1.22511867318e-008, 2.20095177639e-008, 2.38464377134e-008, 5.33738706565e-008, 6.60525572016e-008, 6.27426288702e-008, 1.55013239578e-007, 9.16325504363e-008, 2.13167208329e-008, 3.47673134726e-009, 1.4789494629e-010, 1.1382238034e-011, 3.59820680196e-012, 9.14771357892e-015, 2.74459040097e-017]
        dvar2: [2.37331259246e-013, 1.45386795936e-008, 2.4298034873e-007, 1.26449492655e-006, 2.43451108872e-006, 5.27801091721e-007, 5.53265067538e-007, 2.97018743822e-007, 3.59320608823e-007, 2.43801395072e-007, 5.84169477236e-008, 2.21197442585e-008, 2.96669000477e-008, 5.99038187943e-008, 5.71012037653e-008, 1.37256961352e-007, 1.63908723039e-007, 1.64771137179e-007, 3.95469754721e-007, 2.26441329687e-007, 5.03775368088e-008, 8.74471872692e-009, 3.25226290343e-010, 2.32976572062e-011, 8.25445094221e-012, 1.93582112552e-014, 6.39953111636e-017]
        max: [8.81643700268e-006, 0.00119191186968, 0.00514552975073, 0.0122535154223, 0.0139238880947, 0.0127597628161, 0.015312098898, 0.00980870611966, 0.00943135749549, 0.00983370095491, 0.00625496963039, 0.00335222133435, 0.00550799630582, 0.00927796121687, 0.00910625979304, 0.00910827890038, 0.0094845155254, 0.010839516297, 0.0129248378798, 0.0167063307017, 0.00601171329618, 0.00438911980018, 0.00046900389134, 0.000146178383147, 9.13133699214e-005, 2.90011871584e-006, 1.60024356433e-007]
        mean: [1.28379568309e-007, 2.91546948574e-005, 0.000105844061181, 0.000188298086869, 0.000551459845155, 0.000316636171192, 0.000311403680826, 0.000186859208043, 0.000206817217986, 0.000141922195326, 7.06536447979e-005, 4.49016042694e-005, 3.68584114767e-005, 4.50240368082e-005, 6.05438362982e-005, 8.84567270987e-005, 0.000136239585117, 0.000134392015752, 0.00021410138288, 0.000139594209031, 6.07867405051e-005, 1.42549970406e-005, 3.53046698365e-006, 1.19056812764e-006, 6.52009077839e-007, 5.26683656688e-008, 2.35962827055e-009]
        median: [2.47419995603e-009, 6.35464857623e-007, 5.94583798375e-006, 1.8188940885e-005, 0.000141800977872, 8.92805401236e-005, 6.57185519231e-005, 3.57175886165e-005, 3.24591856042e-005, 2.02444425668e-005, 9.79623018793e-006, 9.06698096514e-006, 6.76001991451e-006, 6.30253089184e-006, 7.93509389041e-006, 1.16131795949e-005, 1.41250184242e-005, 1.79108701559e-005, 2.96761409118e-005, 2.15090840356e-005, 8.51095774124e-006, 1.0746659882e-006, 2.10007470969e-007, 4.18037018335e-008, 8.97146978929e-009, 3.92078869371e-010, 3.99642506588e-011]
        min: [4.06811056538e-023, 5.48471637117e-023, 5.7806528066e-023, 1.04872809571e-023, 3.28397335926e-023, 5.78126243831e-023, 1.23770090884e-023, 2.43036290871e-023, 1.38755016539e-022, 9.41416948633e-023, 1.18548805146e-022, 1.72131910765e-022, 4.64174150112e-023, 5.105414693e-023, 1.91297267525e-022, 1.14964498872e-022, 8.82265002516e-023, 3.22407805374e-022, 3.25945814979e-022, 3.23328033708e-022, 4.70422471218e-022, 5.38565008274e-022, 6.72005538314e-022, 9.2702490717e-022, 1.31025005132e-021, 1.35563199488e-021, 2.78407809799e-021]
        var: [1.91029727844e-013, 6.3157621355e-009, 8.46547720812e-008, 3.68060284472e-007, 1.17305080494e-006, 5.01974113831e-007, 7.34352283871e-007, 2.73006918405e-007, 3.10960501793e-007, 2.03330699833e-007, 5.87667798868e-008, 1.64527573787e-008, 2.06454355833e-008, 5.25159720155e-008, 4.26911590523e-008, 1.03594238965e-007, 1.90733075556e-007, 1.45486822589e-007, 4.72046309596e-007, 1.86096343668e-007, 3.64707339884e-008, 3.92813293004e-009, 2.42375092219e-010, 2.43906041197e-011, 6.55182288631e-012, 3.24675555267e-014, 1.02685837283e-016]
    frequency_bands:
        dmean: [9.404286061e-008, 2.30734949582e-005, 9.6958661743e-005, 0.000194789929083, 0.000408759893617, 0.000213853025343, 0.000193500032765, 0.000138745148433, 0.000148471124703, 0.000100172277598, 5.04427698615e-005, 3.32145173161e-005, 2.68105413852e-005, 3.20911749441e-005, 4.31492626376e-005, 6.34130628896e-005, 8.03737348178e-005, 7.92632054072e-005, 0.000128984655021, 8.84266628418e-005, 3.96865543735e-005, 1.02108451756e-005, 2.50131370194e-006, 6.95646065196e-007, 3.50658240222e-007, 2.41057396266e-008, 1.16830778385e-009, 3.65477335895e-011]
        dmean2: [1.49057512999e-007, 3.93997106585e-005, 0.00016963906819, 0.000339916907251, 0.000668121443596, 0.000338599522365, 0.000296391372103, 0.000215058520553, 0.000228441873332, 0.000155998175615, 7.60281982366e-005, 5.23471062479e-005, 4.30689651694e-005, 5.24372990185e-005, 6.94080954418e-005, 0.00010350800585, 0.000128421597765, 0.000127141334815, 0.000206036711461, 0.000138337476528, 6.10171991866e-005, 1.58493458002e-005, 3.74339833797e-006, 1.01969999378e-006, 5.11929727054e-007, 3.52194966524e-008, 1.85866544378e-009, 6.80479006476e-011]
        dvar: [1.02619640758e-013, 5.23078247383e-009, 8.5307156894e-008, 4.54404613492e-007, 9.18788430226e-007, 2.34621538198e-007, 2.68082374077e-007, 1.48452230064e-007, 1.56774532911e-007, 1.00209753384e-007, 2.90510318024e-008, 9.80918635207e-009, 1.22511867318e-008, 2.20095177639e-008, 2.38464377134e-008, 5.33738706565e-008, 6.60525572016e-008, 6.27426288702e-008, 1.55013239578e-007, 9.16325504363e-008, 2.13167208329e-008, 3.47673134726e-009, 1.4789494629e-010, 1.1382238034e-011, 3.59820680196e-012, 9.14771357892e-015, 2.74459040097e-017, 5.24303342167e-021]
        dvar2: [2.37331259246e-013, 1.45386795936e-008, 2.4298034873e-007, 1.26449492655e-006, 2.43451108872e-006, 5.27801091721e-007, 5.53265067538e-007, 2.97018743822e-007, 3.59320608823e-007, 2.43801395072e-007, 5.84169477236e-008, 2.21197442585e-008, 2.96669000477e-008, 5.99038187943e-008, 5.71012037653e-008, 1.37256961352e-007, 1.63908723039e-007, 1.64771137179e-007, 3.95469754721e-007, 2.26441329687e-007, 5.03775368088e-008, 8.74471872692e-009, 3.25226290343e-010, 2.32976572062e-011, 8.25445094221e-012, 1.93582112552e-014, 6.39953111636e-017, 1.69719011691e-020]
        max: [8.81643700268e-006, 0.00119191186968, 0.00514552975073, 0.0122535154223, 0.0139238880947, 0.0127597628161, 0.015312098898, 0.00980870611966, 0.00943135749549, 0.00983370095491, 0.00625496963039, 0.00335222133435, 0.00550799630582, 0.00927796121687, 0.00910625979304, 0.00910827890038, 0.0094845155254, 0.010839516297, 0.0129248378798, 0.0167063307017, 0.00601171329618, 0.00438911980018, 0.00046900389134, 0.000146178383147, 9.13133699214e-005, 2.90011871584e-006, 1.60024356433e-007, 1.4852457042e-009]
        mean: [1.28379568309e-007, 2.91546948574e-005, 0.000105844061181, 0.000188298086869, 0.000551459845155, 0.000316636171192, 0.000311403680826, 0.000186859208043, 0.000206817217986, 0.000141922195326, 7.06536447979e-005, 4.49016042694e-005, 3.68584114767e-005, 4.50240368082e-005, 6.05438362982e-005, 8.84567270987e-005, 0.000136239585117, 0.000134392015752, 0.00021410138288, 0.000139594209031, 6.07867405051e-005, 1.42549970406e-005, 3.53046698365e-006, 1.19056812764e-006, 6.52009077839e-007, 5.26683656688e-008, 2.35962827055e-009, 2.76014072709e-011]
        median: [2.47419995603e-009, 6.35464857623e-007, 5.94583798375e-006, 1.8188940885e-005, 0.000141800977872, 8.92805401236e-005, 6.57185519231e-005, 3.57175886165e-005, 3.24591856042e-005, 2.02444425668e-005, 9.79623018793e-006, 9.06698096514e-006, 6.76001991451e-006, 6.30253089184e-006, 7.93509389041e-006, 1.16131795949e-005, 1.41250184242e-005, 1.79108701559e-005, 2.96761409118e-005, 2.15090840356e-005, 8.51095774124e-006, 1.0746659882e-006, 2.10007470969e-007, 4.18037018335e-008, 8.97146978929e-009, 3.92078869371e-010, 3.99642506588e-011, 5.78870805457e-012]
        min: [4.06811056538e-023, 5.48471637117e-023, 5.7806528066e-023, 1.04872809571e-023, 3.28397335926e-023, 5.78126243831e-023, 1.23770090884e-023, 2.43036290871e-023, 1.38755016539e-022, 9.41416948633e-023, 1.18548805146e-022, 1.72131910765e-022, 4.64174150112e-023, 5.105414693e-023, 1.91297267525e-022, 1.14964498872e-022, 8.82265002516e-023, 3.22407805374e-022, 3.25945814979e-022, 3.23328033708e-022, 4.70422471218e-022, 5.38565008274e-022, 6.72005538314e-022, 9.2702490717e-022, 1.31025005132e-021, 1.35563199488e-021, 2.78407809799e-021, 6.9045211026e-022]
        var: [1.91029727844e-013, 6.3157621355e-009, 8.46547720812e-008, 3.68060284472e-007, 1.17305080494e-006, 5.01974113831e-007, 7.34352283871e-007, 2.73006918405e-007, 3.10960501793e-007, 2.03330699833e-007, 5.87667798868e-008, 1.64527573787e-008, 2.06454355833e-008, 5.25159720155e-008, 4.26911590523e-008, 1.03594238965e-007, 1.90733075556e-007, 1.45486822589e-007, 4.72046309596e-007, 1.86096343668e-007, 3.64707339884e-008, 3.92813293004e-009, 2.42375092219e-010, 2.43906041197e-011, 6.55182288631e-012, 3.24675555267e-014, 1.02685837283e-016, 3.8617435807e-021]
    mfcc:
        mean: [-817.251953125, 123.068687439, -38.8625640869, 40.7128982544, -24.0833244324, -25.5998287201, -6.85618972778, -13.9239797592, -8.51226234436, -7.52923154831, -10.4909095764, -8.25192928314, -5.48668766022]
        cov: [[8773.94140625, 1209.30029297, -1387.01196289, 817.08392334, -166.352813721, 262.231872559, -50.0474090576, -26.6831855774, 135.471450806, 2.08447265625, -41.1809272766, -86.0979995728, -24.2984905243], [1209.30029297, 2210.15600586, -169.461425781, -45.8833618164, 152.674133301, -243.155075073, 187.622711182, -119.287078857, -64.0320053101, -35.2261238098, -102.694412231, -102.123466492, -118.261795044], [-1387.01196289, -169.461425781, 1326.22497559, 20.2939224243, 109.677017212, 275.146331787, -20.6798839569, 14.6221408844, -23.9959030151, -50.4827156067, 58.6733703613, 86.0019607544, 44.6592407227], [817.08392334, -45.8833618164, 20.2939224243, 743.233703613, 14.8724546432, -41.8473243713, -50.7807655334, -91.9338226318, 30.2087364197, -20.3278827667, -45.1410522461, 47.4823226929, 47.4588432312], [-166.352813721, 152.674133301, 109.677017212, 14.8724546432, 529.144226074, 89.80834198, -11.0447444916, 139.443206787, 39.8038406372, -10.6370944977, 44.9403343201, 18.8697128296, 33.2159843445], [262.231872559, -243.155075073, 275.146331787, -41.8473243713, 89.80834198, 540.493469238, 49.1998405457, 72.4286956787, 78.8955230713, -17.1097221375, 88.1689910889, 34.9115982056, 14.2589960098], [-50.0474090576, 187.622711182, -20.6798839569, -50.7807655334, -11.0447444916, 49.1998405457, 246.502212524, 13.2146158218, -3.57774972916, 34.4029312134, -0.298058271408, 1.78969860077, -23.5663547516], [-26.6831855774, -119.287078857, 14.6221408844, -91.9338226318, 139.443206787, 72.4286956787, 13.2146158218, 249.073303223, 49.1182785034, -5.19704151154, 56.8485679626, 1.40967190266, 26.6157798767], [135.471450806, -64.0320053101, -23.9959030151, 30.2087364197, 39.8038406372, 78.8955230713, -3.57774972916, 49.1182785034, 200.598480225, 37.534576416, 0.175291672349, 41.9112205505, 11.2456073761], [2.08447265625, -35.2261238098, -50.4827156067, -20.3278827667, -10.6370944977, -17.1097221375, 34.4029312134, -5.19704151154, 37.534576416, 157.380355835, 29.1549854279, -16.4640808105, 17.3028297424], [-41.1809272766, -102.694412231, 58.6733703613, -45.1410522461, 44.9403343201, 88.1689910889, -0.298058271408, 56.8485679626, 0.175291672349, 29.1549854279, 152.380874634, 28.7899360657, 5.64213991165], [-86.0979995728, -102.123466492, 86.0019607544, 47.4823226929, 18.8697128296, 34.9115982056, 1.78969860077, 1.40967190266, 41.9112205505, -16.4640808105, 28.7899360657, 141.523376465, 44.7103996277], [-24.2984905243, -118.261795044, 44.6592407227, 47.4588432312, 33.2159843445, 14.2589960098, -23.5663547516, 26.6157798767, 11.2456073761, 17.3028297424, 5.64213991165, 44.7103996277, 123.052085876]]
        icov: [[0.000241191213718, -0.000221967478865, 0.000310583680402, -0.000329230009811, 0.000226529955398, -0.000449501239927, 0.000308992195642, -0.000257281702943, 9.11786337383e-005, -0.00013582262909, 2.52537374763e-005, -5.52711935597e-005, -1.59865940077e-005], [-0.000221967478865, 0.000835368118715, -0.000284545065369, 0.000363180035492, -0.000603553955443, 0.000756164663471, -0.000897037156392, 0.00072136183735, -0.000244967261096, 0.000486108096084, -3.84525208119e-007, 0.000465690070996, 0.000254533224506], [0.000310583680402, -0.000284545065369, 0.00131415331271, -0.000429402687587, 0.00015931132657, -0.00107783626299, 0.000558338768315, -0.000255401129834, 0.000539138913155, -0.000131066030008, 7.13724293746e-005, -0.00058874086244, -9.96027083602e-005], [-0.000329230009811, 0.000363180035492, -0.000429402687587, 0.00200188113376, -0.000534477003384, 0.000754865759518, -0.000337920530001, 0.00114592944738, -0.000535978877451, 0.000518333457876, 0.000148384511704, -9.7962009022e-005, -0.000583102344535], [0.000226529955398, -0.000603553955443, 0.00015931132657, -0.000534477003384, 0.00276902178302, -0.000764459138736, 0.00078768003732, -0.00179069605656, 9.15941927815e-005, -0.000269569165539, -0.000148001199705, -0.000302080617985, -0.00036162318429], [-0.000449501239927, 0.000756164663471, -0.00107783626299, 0.000754865759518, -0.000764459138736, 0.003702362068, -0.00171015679371, 0.00089548638789, -0.00173770147376, 0.00155964947771, -0.00170556234661, 0.0010330923833, -0.000363539060345], [0.000308992195642, -0.000897037156392, 0.000558338768315, -0.000337920530001, 0.00078768003732, -0.00171015679371, 0.00573729211465, -0.00154175679199, 0.00136543158442, -0.00240089278668, 0.00125364190899, -0.00179093005136, 0.00135045207571], [-0.000257281702943, 0.00072136183735, -0.000255401129834, 0.00114592944738, -0.00179069605656, 0.00089548638789, -0.00154175679199, 0.00681888638064, -0.00223167682998, 0.00217305589467, -0.00242307363078, 0.00209496519528, -0.00184906984214], [9.11786337383e-005, -0.000244967261096, 0.000539138913155, -0.000535978877451, 9.15941927815e-005, -0.00173770147376, 0.00136543158442, -0.00223167682998, 0.00747736683115, -0.00330345821567, 0.00252688676119, -0.00347983185202, 0.00164414488245], [-0.00013582262909, 0.000486108096084, -0.000131066030008, 0.000518333457876, -0.000269569165539, 0.00155964947771, -0.00240089278668, 0.00217305589467, -0.00330345821567, 0.00935687217861, -0.00348835694604, 0.00352106848732, -0.00288299797103], [2.52537374763e-005, -3.84525208119e-007, 7.13724293746e-005, 0.000148384511704, -0.000148001199705, -0.00170556234661, 0.00125364190899, -0.00242307363078, 0.00252688676119, -0.00348835694604, 0.00975450221449, -0.0033892407082, 0.0019670536276], [-5.52711935597e-005, 0.000465690070996, -0.00058874086244, -9.7962009022e-005, -0.000302080617985, 0.0010330923833, -0.00179093005136, 0.00209496519528, -0.00347983185202, 0.00352106848732, -0.0033892407082, 0.0109904808924, -0.00416122470051], [-1.59865940077e-005, 0.000254533224506, -9.96027083602e-005, -0.000583102344535, -0.00036162318429, -0.000363539060345, 0.00135045207571, -0.00184906984214, 0.00164414488245, -0.00288299797103, 0.0019670536276, -0.00416122470051, 0.0111043704674]]
    sccoeffs:
        dmean: [0.0637354701757, 0.0584568493068, 0.0461546778679, 0.034921284765, 0.0333029404283, 0.0280978307128]
        dmean2: [0.10056231916, 0.0910589471459, 0.0703303292394, 0.0537971295416, 0.0505085922778, 0.0422220081091]
        dvar: [0.00312982406467, 0.00260596256703, 0.00177448429167, 0.00100138550624, 0.00109960290138, 0.000772268453147]
        dvar2: [0.00703040556982, 0.00546780554578, 0.00348039600067, 0.00209070788696, 0.00221349787898, 0.00159421202261]
        max: [-0.244226664305, -0.328662633896, -0.437864780426, -0.516351163387, -0.429691046476, -0.419749110937]
        mean: [-0.618188381195, -0.729299068451, -0.78423500061, -0.805550575256, -0.786153137684, -0.745221614838]
        median: [-0.62037551403, -0.742272436619, -0.804886102676, -0.818607389927, -0.797540009022, -0.757559835911]
        min: [-0.968028664589, -0.983215153217, -0.967366695404, -0.960168480873, -0.963667929173, -0.957105338573]
        var: [0.0138585660607, 0.0110351406038, 0.00764871807769, 0.0041684107855, 0.00445320177823, 0.00475726183504]
    scvalleys:
        dmean: [0.468518972397, 0.444586634636, 0.395749121904, 0.364327013493, 0.35739839077, 0.339300483465]
        dmean2: [0.781039357185, 0.724681258202, 0.626824259758, 0.556956410408, 0.521184027195, 0.471611261368]
        dvar: [0.158126309514, 0.158741131425, 0.130127519369, 0.118233688176, 0.12777364254, 0.148057669401]
        dvar2: [0.405365258455, 0.382807910442, 0.287654787302, 0.247730612755, 0.248026385903, 0.250976830721]
        max: [-5.01687669754, -4.49796867371, -4.52344703674, -5.10531711578, -5.17428588867, -7.43222045898]
        mean: [-8.37265491486, -7.18292379379, -7.83243465424, -8.42320251465, -8.39186286926, -11.5500221252]
        median: [-8.57210445404, -7.0445318222, -7.652156353, -8.22452449799, -8.2498292923, -11.8182954788]
        min: [-27.1756458282, -27.3156166077, -27.4377403259, -27.5772190094, -27.070810318, -27.3220214844]
        var: [2.97191786766, 2.1405134201, 2.04267239571, 2.15825271606, 1.96846437454, 1.96982192993]

rhythm:
    beats_loudness:
        dmean: 0.00269228802063
        dmean2: 0.00461640721187
        dvar: 7.56611507313e-006
        dvar2: 1.96813052753e-005
        max: 0.0289935134351
        mean: 0.00451343040913
        median: 0.00370821869001
        min: 3.66189786827e-011
        var: 1.49763154695e-005
    bpm: 149.010818481
    bpm_confidence: 0
    first_peak_bpm: 148
    first_peak_spread: 0.561497330666
    first_peak_weight: 0.0975029692054
    onset_rate: 4.64684247971
    second_peak_bpm: 123
    second_peak_spread: 0.549019634724
    second_peak_weight: 0.0820451825857
    beats_loudness_band_ratio:
        dmean: [0.136434793472, 0.197480171919, 0.18450294435, 0.0958620607853, 0.102950848639, 0.144473522902]
        dmean2: [0.246269315481, 0.352329611778, 0.326221346855, 0.173184841871, 0.181612759829, 0.259665966034]
        dvar: [0.0279409065843, 0.032190464437, 0.0332316942513, 0.0182923488319, 0.0156832318753, 0.0382271260023]
        dvar2: [0.0806528478861, 0.0878043696284, 0.0933473482728, 0.0529211051762, 0.0408546999097, 0.108438834548]
        max: [0.912586987019, 0.992031812668, 0.997636437416, 0.797572374344, 0.961648225784, 0.989066541195]
        mean: [0.186899796128, 0.26899689436, 0.248652696609, 0.0845761448145, 0.119845040143, 0.147740289569]
        median: [0.075990870595, 0.200687587261, 0.176525324583, 0.0336271002889, 0.0586487911642, 0.050232231617]
        min: [0, 0, 0, 0, 0, 0]
        var: [0.0574523322284, 0.0519696101546, 0.0487996451557, 0.0161694698036, 0.0213387683034, 0.0417355298996]
