
metadata:
    version:
        essentia: "2.1-beta2"
    audio_properties:
        analysis_sample_rate: 44100
        bitrate: 192
        channels: 2
        equal_loudness: 1
        length: 397.139587402
        replay_gain: -12.1655063629
        downmix: "mix"
    tags:
        album: "Saison 1"
        artist: "La IIIème Légion"
        comment: "BO par Bertrand"
        date: "2006"
        genre: ""
        title: "Episode 14"
        tracknumber: ""

configuration:
    average_loudness:
        compute: 1
        frameSize: 88200
        hopSize: 44100
        silentFrames: "noise"
        windowType: "hann"
    general:
        analysisSampleRate: 44100
        endTime: 2000
        equalLoudness: 1
        nequalLoudness: 0
        shortSound: 0
        startTime: 0
    lowlevel:
        compute: 1
        frameSize: 2048
        hopSize: 1024
        zeroPadding: 0
        silentFrames: "noise"
        windowType: "blackmanharris62"
        mfccStats: ["mean", "cov", "icov"]
        stats: ["mean", "var", "median", "min", "max", "dmean", "dmean2", "dvar", "dvar2"]
    panning:
        compute: 0
        frameSize: 8192
        hopSize: 2048
        zeroPadding: 8192
        silentFrames: "noise"
        windowType: "hann"
        stats: ["copy"]
    rhythm:
        compute: 1
        maxTempo: 208
        minTempo: 40
        method: "degara"
        stats: ["mean", "var", "median", "min", "max", "dmean", "dmean2", "dvar", "dvar2"]
    segmentation:
        compute: 0
        cpw: 5
        inc1: 300
        inc2: 50
        minimumSegmentsLength: 10
        size1: 1000
        size2: 600
    sfx:
        compute: 1
        stats: ["mean", "var", "median", "min", "max", "dmean", "dmean2", "dvar", "dvar2"]
    svm:
        compute: 0
    tonal:
        compute: 1
        frameSize: 4096
        hopSize: 2048
        zeroPadding: 0
        silentFrames: "noise"
        windowType: "blackmanharris62"
        stats: ["mean", "var", "median", "min", "max", "dmean", "dmean2", "dvar", "dvar2"]

lowlevel:
    average_loudness: 0.283000230789
    barkbands_kurtosis:
        dmean: 4.44626760483
        dmean2: 7.00996685028
        dvar: 346.322906494
        dvar2: 734.268737793
        max: 1049.23535156
        mean: 4.28993797302
        median: -0.256194084883
        min: -1.95032131672
        var: 620.815979004
    barkbands_skewness:
        dmean: 0.807126164436
        dmean2: 1.18553578854
        dvar: 1.2193467617
        dvar2: 2.40730571747
        max: 30.0724124908
        mean: 0.272811472416
        median: 0.116253778338
        min: -17.6595878601
        var: 4.28080177307
    barkbands_spread:
        dmean: 6.94789838791
        dmean2: 11.0654230118
        dvar: 67.6003952026
        dvar2: 167.428085327
        max: 81.5579833984
        mean: 24.1895160675
        median: 24.1448307037
        min: 0.0510130301118
        var: 167.035461426
    dissonance:
        dmean: 0.0248094499111
        dmean2: 0.0396261550486
        dvar: 0.00107310293242
        dvar2: 0.00249802973121
        max: 0.500000178814
        mean: 0.446821928024
        median: 0.470060914755
        min: 0.0795083642006
        var: 0.0038091186434
    hfc:
        dmean: 2.09272837639
        dmean2: 2.92064142227
        dvar: 26.4939651489
        dvar2: 49.2559547424
        max: 177.339065552
        mean: 4.67462873459
        median: 1.86143159866
        min: 1.18967789145e-016
        var: 76.0077362061
    pitch:
        dmean: 767.803161621
        dmean2: 1468.04724121
        dvar: 1905746.625
        dvar2: 4484631
        max: 6305.55517578
        mean: 1292.75073242
        median: 314.412597656
        min: 43.1467437744
        var: 2683204.75
    pitch_instantaneous_confidence:
        dmean: 0.105932846665
        dmean2: 0.166812345386
        dvar: 0.0111495601013
        dvar2: 0.0245908852667
        max: 0.996991336346
        mean: 0.586752593517
        median: 0.597755968571
        min: 0.122044801712
        var: 0.0457357130945
    pitch_salience:
        dmean: 0.074343778193
        dmean2: 0.11677223444
        dvar: 0.00556093268096
        dvar2: 0.0122461346909
        max: 0.988221764565
        mean: 0.629310250282
        median: 0.658423602581
        min: 0.0208609700203
        var: 0.0201500374824
    silence_rate_20dB:
        dmean: 0
        dmean2: 0
        dvar: 0
        dvar2: 0
        max: 1
        mean: 1
        median: 1
        min: 1
        var: 0
    silence_rate_30dB:
        dmean: 0
        dmean2: 0
        dvar: 0
        dvar2: 0
        max: 1
        mean: 1
        median: 1
        min: 1
        var: 0
    silence_rate_60dB:
        dmean: 0.092025257647
        dmean2: 0.184061273932
        dvar: 0.0835561007261
        dvar2: 0.166580110788
        max: 1
        mean: 0.738439023495
        median: 1
        min: 0
        var: 0.193140476942
    spectral_centroid:
        dmean: 412.390045166
        dmean2: 613.226135254
        dvar: 338071.9375
        dvar2: 626015.125
        max: 11122.59375
        mean: 1860.12451172
        median: 1736.50390625
        min: 144.885864258
        var: 1214879.375
    spectral_complexity:
        dmean: 1.81314313412
        dmean2: 2.67239665985
        dvar: 6.21124505997
        dvar2: 11.1439857483
        max: 35
        mean: 4.96083021164
        median: 3
        min: 0
        var: 27.2510223389
    spectral_crest:
        dmean: 2.73975729942
        dmean2: 4.3834733963
        dvar: 7.15490865707
        dvar2: 16.7394504547
        max: 26.9043540955
        mean: 10.0064973831
        median: 8.87497901917
        min: 2.42406463623
        var: 23.0403652191
    spectral_decrease:
        dmean: 2.16677606413e-010
        dmean2: 2.93994634193e-010
        dvar: 1.43084009224e-019
        dvar2: 2.38572769785e-019
        max: 2.3291637024e-029
        mean: -5.61295288026e-010
        median: -2.51167364684e-010
        min: -1.0547024587e-008
        var: 5.58070376655e-019
    spectral_energy:
        dmean: 0.000989246182144
        dmean2: 0.001344757271
        dvar: 3.2292882679e-006
        dvar2: 5.49072274225e-006
        max: 0.0523136407137
        mean: 0.00254245009273
        median: 0.00115699670278
        min: 1.07028196678e-020
        var: 1.19800051834e-005
    spectral_energyband_high:
        dmean: 0.00019890848489
        dmean2: 0.00028745981399
        dvar: 3.93594149273e-007
        dvar2: 7.72895930368e-007
        max: 0.0151293519884
        mean: 0.000331654853653
        median: 5.32918311364e-005
        min: 7.42359299187e-021
        var: 9.1071137831e-007
    spectral_energyband_low:
        dmean: 3.51172784576e-005
        dmean2: 6.07743349974e-005
        dvar: 1.25638992543e-008
        dvar2: 3.4946001648e-008
        max: 0.00268888473511
        mean: 4.29127176176e-005
        median: 5.85375209994e-006
        min: 1.04210153789e-022
        var: 1.29596742227e-008
    spectral_energyband_middle_high:
        dmean: 0.000460526294773
        dmean2: 0.000639807840344
        dvar: 1.40366319101e-006
        dvar2: 2.52427844316e-006
        max: 0.0517157055438
        mean: 0.00103328342084
        median: 0.000402283185394
        min: 1.65256297565e-021
        var: 4.44479474027e-006
    spectral_energyband_middle_low:
        dmean: 0.000534811755642
        dmean2: 0.000745580007788
        dvar: 9.79552055469e-007
        dvar2: 1.74044669166e-006
        max: 0.0174052603543
        mean: 0.00118287350051
        median: 0.000369080837118
        min: 3.59499489779e-022
        var: 3.62913488061e-006
    spectral_flatness_db:
        dmean: 0.0278164744377
        dmean2: 0.0409949943423
        dvar: 0.000926762004383
        dvar2: 0.00181695423089
        max: 0.598165810108
        mean: 0.215605929494
        median: 0.205520674586
        min: 0.0515426546335
        var: 0.00521265668795
    spectral_flux:
        dmean: 0.00986027810723
        dmean2: 0.015388394706
        dvar: 0.000162036332767
        dvar2: 0.000366511027096
        max: 0.271780401468
        mean: 0.0280213728547
        median: 0.0218581408262
        min: 1.03454432521e-010
        var: 0.000518562213983
    spectral_kurtosis:
        dmean: 2.52102613449
        dmean2: 4.16511106491
        dvar: 14.2814331055
        dvar2: 36.6381645203
        max: 135.590515137
        mean: 5.28136777878
        median: 3.33306884766
        min: -1.21527051926
        var: 68.1896591187
    spectral_rms:
        dmean: 0.000291570962872
        dmean2: 0.000387060194043
        dvar: 1.56183418198e-007
        dvar2: 2.41463055772e-007
        max: 0.00714406743646
        mean: 0.00127324124333
        median: 0.00106243928894
        min: 3.23137371895e-012
        var: 8.59296392264e-007
    spectral_rolloff:
        dmean: 587.810668945
        dmean2: 962.44152832
        dvar: 897155.5625
        dvar2: 1777188.375
        max: 19422.9492188
        mean: 3083.98217773
        median: 3466.84570313
        min: 172.265625
        var: 2577038
    spectral_skewness:
        dmean: 0.344166636467
        dmean2: 0.534832894802
        dvar: 0.149679303169
        dvar2: 0.338068783283
        max: 9.80310344696
        mean: 1.31262481213
        median: 1.14765131474
        min: -0.624871611595
        var: 0.815062761307
    spectral_spread:
        dmean: 650807.625
        dmean2: 949281.4375
        dvar: 909367967744
        dvar2: 1.60819511296e+012
        max: 41566140
        mean: 4076619.75
        median: 3558263.25
        min: 722653.1875
        var: 3.85705521971e+012
    spectral_strongpeak:
        dmean: 0.500008881092
        dmean2: 0.818437457085
        dvar: 0.850503861904
        dvar2: 2.03354549408
        max: 15.5203018188
        mean: 0.863949239254
        median: 0.396893829107
        min: 0
        var: 1.71988010406
    zerocrossingrate:
        dmean: 0.0145373577252
        dmean2: 0.0158505979925
        dvar: 0.000310446164804
        dvar2: 0.000323717162246
        max: 0.4990234375
        mean: 0.0974229425192
        median: 0.09765625
        min: 0.009765625
        var: 0.00235015852377
    barkbands:
        dmean: [4.23167882957e-008, 3.7316867747e-006, 1.62907599588e-005, 4.66572528239e-005, 0.000102968682768, 0.000121230092191, 0.000159706134582, 0.000141913827974, 0.000155601985171, 8.63031746121e-005, 3.98034135287e-005, 2.74277590506e-005, 2.3725662686e-005, 2.82249256998e-005, 3.3098142012e-005, 4.42482451035e-005, 5.22184600413e-005, 6.77091811667e-005, 0.000190768769244, 0.000175206019776, 9.96947637759e-005, 1.62594496942e-005, 4.22770199293e-006, 1.0956788401e-006, 8.62786009748e-007, 4.68511345275e-008, 3.96562865879e-010]
        dmean2: [7.13360464033e-008, 6.46242415314e-006, 2.85754922515e-005, 8.05595045676e-005, 0.000158074573847, 0.000170753963175, 0.000227091572015, 0.000209391684621, 0.000226041389396, 0.000124256199342, 5.91536954744e-005, 4.18720082962e-005, 3.56996279152e-005, 4.34204885096e-005, 5.0923168601e-005, 6.77521820762e-005, 8.05460076663e-005, 0.000103466780274, 0.000287284783553, 0.000254297803622, 0.000148141451064, 2.48962387559e-005, 6.25226357442e-006, 1.62063486187e-006, 1.27590271859e-006, 6.855380974e-008, 6.00847260834e-010]
        dvar: [3.80456096857e-014, 1.45362055726e-010, 2.48303155814e-009, 2.88952719529e-008, 5.97935709834e-008, 1.51324556441e-007, 3.07460567228e-007, 2.22249298076e-007, 2.39040161887e-007, 8.76356125445e-008, 3.07136573952e-008, 2.03094163709e-008, 2.30631922449e-008, 2.87688575185e-008, 1.83341075655e-008, 8.5896196822e-008, 2.87875195681e-007, 6.95290225394e-008, 5.78305730414e-007, 3.61047284514e-007, 1.2832154539e-007, 5.70416025525e-009, 4.60182669748e-010, 4.023876371e-011, 5.06414528367e-011, 1.01679495173e-013, 6.13162642383e-018]
        dvar2: [8.80927546621e-014, 4.04756395067e-010, 6.9824630522e-009, 8.07143010206e-008, 1.31314266127e-007, 2.50483651598e-007, 5.515785233e-007, 4.28685410725e-007, 4.5854488917e-007, 1.61245097274e-007, 6.30447090089e-008, 4.54862103538e-008, 3.88077232572e-008, 5.10977464785e-008, 3.68234296388e-008, 1.6174033135e-007, 4.40757702336e-007, 1.6415664561e-007, 1.33747187192e-006, 7.46869147861e-007, 2.64665743543e-007, 1.22019470084e-008, 9.00294783168e-010, 7.76698635963e-011, 1.05134359552e-010, 1.94411300209e-013, 1.15964989518e-017]
        max: [1.18264078992e-005, 0.000507301068865, 0.00144422007725, 0.00541851902381, 0.00742112612352, 0.0168601367623, 0.0150498636067, 0.015366487205, 0.0157002676278, 0.00851817056537, 0.00588709488511, 0.00807837210596, 0.0144091490656, 0.014122591354, 0.00950336456299, 0.0240807160735, 0.0516556948423, 0.0137374084443, 0.0468137674034, 0.0221382342279, 0.0100174006075, 0.00242566410452, 0.000695223803632, 0.000319687387673, 0.000515646941494, 1.73825137608e-005, 1.33237278988e-007]
        mean: [5.11403008829e-008, 5.0525777624e-006, 1.83320607903e-005, 4.87289544253e-005, 0.000174100568984, 0.000234720850131, 0.000276386010228, 0.000186300603673, 0.00021977580036, 0.000126325583551, 5.49205724383e-005, 3.86423016607e-005, 4.06733197451e-005, 4.13887137256e-005, 4.53783468402e-005, 6.30367867416e-005, 8.52092416608e-005, 0.000112101944978, 0.000315192184644, 0.000278309104033, 0.000149838102516, 2.02791743504e-005, 5.26962821823e-006, 1.35350569508e-006, 1.03876936919e-006, 5.42287139638e-008, 4.2382325427e-010]
        median: [3.63852081797e-009, 2.91512321837e-007, 1.7244767605e-006, 4.91415812576e-006, 3.02339831251e-005, 2.98335617117e-005, 2.02673036256e-005, 1.44888626892e-005, 1.84145446838e-005, 1.17884164865e-005, 5.17952003065e-006, 5.58671399631e-006, 4.80206881548e-006, 5.73952911509e-006, 7.08670950189e-006, 1.02793219412e-005, 1.70717557921e-005, 2.72082852462e-005, 5.63066605537e-005, 4.8256420996e-005, 1.98665002245e-005, 3.15395323014e-006, 4.83425480979e-007, 1.08854720793e-007, 2.07517967254e-008, 1.05866293509e-009, 3.42348129012e-011]
        min: [2.37831702163e-023, 3.99249004346e-023, 4.26351835358e-023, 3.3563690178e-023, 5.42536373884e-023, 2.88084997502e-023, 6.68920473707e-023, 4.48766434456e-023, 9.25256217911e-023, 1.02337082455e-022, 3.54455210228e-023, 6.48537317658e-023, 1.80454065149e-022, 7.84665490492e-023, 8.93953018123e-023, 1.31451767522e-022, 2.36071131861e-022, 3.30647173539e-022, 1.88522610218e-022, 3.55375072531e-022, 3.68010453287e-022, 6.15099056364e-022, 5.92743924757e-022, 9.23295122323e-022, 9.732807824e-022, 1.64977346252e-021, 2.58622118067e-021]
        var: [6.90280013596e-014, 2.03930081155e-010, 2.69092215177e-009, 2.39770052701e-008, 1.49849668674e-007, 6.38244557649e-007, 1.01758803339e-006, 4.12299129948e-007, 4.74786332916e-007, 2.02442620889e-007, 5.90591220373e-008, 3.76006532576e-008, 1.41587918279e-007, 8.69707079687e-008, 3.00359985772e-008, 2.4379087904e-007, 6.24530116511e-007, 1.24933862367e-007, 1.15314446703e-006, 7.22341781056e-007, 2.63046246118e-007, 7.90845788856e-009, 7.25230653309e-010, 6.66161986684e-011, 9.67703348009e-011, 1.62299847498e-013, 9.30176262063e-018]
    frequency_bands:
        dmean: [4.23167882957e-008, 3.7316867747e-006, 1.62907599588e-005, 4.66572528239e-005, 0.000102968682768, 0.000121230092191, 0.000159706134582, 0.000141913827974, 0.000155601985171, 8.63031746121e-005, 3.98034135287e-005, 2.74277590506e-005, 2.3725662686e-005, 2.82249256998e-005, 3.3098142012e-005, 4.42482451035e-005, 5.22184600413e-005, 6.77091811667e-005, 0.000190768769244, 0.000175206019776, 9.96947637759e-005, 1.62594496942e-005, 4.22770199293e-006, 1.0956788401e-006, 8.62786009748e-007, 4.68511345275e-008, 3.96562865879e-010, 3.0332521217e-011]
        dmean2: [7.13360464033e-008, 6.46242415314e-006, 2.85754922515e-005, 8.05595045676e-005, 0.000158074573847, 0.000170753963175, 0.000227091572015, 0.000209391684621, 0.000226041389396, 0.000124256199342, 5.91536954744e-005, 4.18720082962e-005, 3.56996279152e-005, 4.34204885096e-005, 5.0923168601e-005, 6.77521820762e-005, 8.05460076663e-005, 0.000103466780274, 0.000287284783553, 0.000254297803622, 0.000148141451064, 2.48962387559e-005, 6.25226357442e-006, 1.62063486187e-006, 1.27590271859e-006, 6.855380974e-008, 6.00847260834e-010, 5.62833252227e-011]
        dvar: [3.80456096857e-014, 1.45362055726e-010, 2.48303155814e-009, 2.88952719529e-008, 5.97935709834e-008, 1.51324556441e-007, 3.07460567228e-007, 2.22249298076e-007, 2.39040161887e-007, 8.76356125445e-008, 3.07136573952e-008, 2.03094163709e-008, 2.30631922449e-008, 2.87688575185e-008, 1.83341075655e-008, 8.5896196822e-008, 2.87875195681e-007, 6.95290225394e-008, 5.78305730414e-007, 3.61047284514e-007, 1.2832154539e-007, 5.70416025525e-009, 4.60182669748e-010, 4.023876371e-011, 5.06414528367e-011, 1.01679495173e-013, 6.13162642383e-018, 4.71681003498e-021]
        dvar2: [8.80927546621e-014, 4.04756395067e-010, 6.9824630522e-009, 8.07143010206e-008, 1.31314266127e-007, 2.50483651598e-007, 5.515785233e-007, 4.28685410725e-007, 4.5854488917e-007, 1.61245097274e-007, 6.30447090089e-008, 4.54862103538e-008, 3.88077232572e-008, 5.10977464785e-008, 3.68234296388e-008, 1.6174033135e-007, 4.40757702336e-007, 1.6415664561e-007, 1.33747187192e-006, 7.46869147861e-007, 2.64665743543e-007, 1.22019470084e-008, 9.00294783168e-010, 7.76698635963e-011, 1.05134359552e-010, 1.94411300209e-013, 1.15964989518e-017, 1.51399497595e-020]
        max: [1.18264078992e-005, 0.000507301068865, 0.00144422007725, 0.00541851902381, 0.00742112612352, 0.0168601367623, 0.0150498636067, 0.015366487205, 0.0157002676278, 0.00851817056537, 0.00588709488511, 0.00807837210596, 0.0144091490656, 0.014122591354, 0.00950336456299, 0.0240807160735, 0.0516556948423, 0.0137374084443, 0.0468137674034, 0.0221382342279, 0.0100174006075, 0.00242566410452, 0.000695223803632, 0.000319687387673, 0.000515646941494, 1.73825137608e-005, 1.33237278988e-007, 1.25048615907e-009]
        mean: [5.11403008829e-008, 5.0525777624e-006, 1.83320607903e-005, 4.87289544253e-005, 0.000174100568984, 0.000234720850131, 0.000276386010228, 0.000186300603673, 0.00021977580036, 0.000126325583551, 5.49205724383e-005, 3.86423016607e-005, 4.06733197451e-005, 4.13887137256e-005, 4.53783468402e-005, 6.30367867416e-005, 8.52092416608e-005, 0.000112101944978, 0.000315192184644, 0.000278309104033, 0.000149838102516, 2.02791743504e-005, 5.26962821823e-006, 1.35350569508e-006, 1.03876936919e-006, 5.42287139638e-008, 4.2382325427e-010, 2.31142605056e-011]
        median: [3.63852081797e-009, 2.91512321837e-007, 1.7244767605e-006, 4.91415812576e-006, 3.02339831251e-005, 2.98335617117e-005, 2.02673036256e-005, 1.44888626892e-005, 1.84145446838e-005, 1.17884164865e-005, 5.17952003065e-006, 5.58671399631e-006, 4.80206881548e-006, 5.73952911509e-006, 7.08670950189e-006, 1.02793219412e-005, 1.70717557921e-005, 2.72082852462e-005, 5.63066605537e-005, 4.8256420996e-005, 1.98665002245e-005, 3.15395323014e-006, 4.83425480979e-007, 1.08854720793e-007, 2.07517967254e-008, 1.05866293509e-009, 3.42348129012e-011, 3.83244824764e-012]
        min: [2.37831702163e-023, 3.99249004346e-023, 4.26351835358e-023, 3.3563690178e-023, 5.42536373884e-023, 2.88084997502e-023, 6.68920473707e-023, 4.48766434456e-023, 9.25256217911e-023, 1.02337082455e-022, 3.54455210228e-023, 6.48537317658e-023, 1.80454065149e-022, 7.84665490492e-023, 8.93953018123e-023, 1.31451767522e-022, 2.36071131861e-022, 3.30647173539e-022, 1.88522610218e-022, 3.55375072531e-022, 3.68010453287e-022, 6.15099056364e-022, 5.92743924757e-022, 9.23295122323e-022, 9.732807824e-022, 1.64977346252e-021, 2.58622118067e-021, 7.74115845347e-022]
        var: [6.90280013596e-014, 2.03930081155e-010, 2.69092215177e-009, 2.39770052701e-008, 1.49849668674e-007, 6.38244557649e-007, 1.01758803339e-006, 4.12299129948e-007, 4.74786332916e-007, 2.02442620889e-007, 5.90591220373e-008, 3.76006532576e-008, 1.41587918279e-007, 8.69707079687e-008, 3.00359985772e-008, 2.4379087904e-007, 6.24530116511e-007, 1.24933862367e-007, 1.15314446703e-006, 7.22341781056e-007, 2.63046246118e-007, 7.90845788856e-009, 7.25230653309e-010, 6.66161986684e-011, 9.67703348009e-011, 1.62299847498e-013, 9.30176262063e-018, 3.48435696651e-021]
    mfcc:
        mean: [-830.259765625, 96.4654312134, -48.12159729, 45.4175453186, -34.4371948242, -24.003780365, -8.06641674042, -15.6816606522, -9.51588058472, -5.26161956787, -9.8165140152, -8.95401859283, -6.57355833054]
        cov: [[8546.5859375, 1182.36083984, -2180.62963867, 926.300598145, -953.613708496, -79.5651626587, -66.5641174316, -82.3806228638, 31.6762008667, 127.282028198, -73.2076797485, -70.7569274902, -78.7420272827], [1182.36083984, 1981.84069824, -431.197723389, -100.018051147, 51.3941841125, -239.324478149, 185.993347168, -77.1273117065, -39.7737884521, 43.9862861633, -37.1601524353, -71.6735916138, -92.1387176514], [-2180.62963867, -431.197723389, 1490.74523926, -32.3840179443, 263.443115234, 191.971496582, -8.19570446014, -4.20837497711, -6.43798685074, -70.757774353, 13.3856220245, 68.2425231934, 21.8205280304], [926.300598145, -100.018051147, -32.3840179443, 911.423339844, 20.4441642761, -78.3426437378, -10.701830864, -74.493850708, 89.1103439331, -9.52489089966, -17.6091403961, 101.429756165, 41.0632667542], [-953.613708496, 51.3941841125, 263.443115234, 20.4441642761, 660.05859375, 140.685409546, 26.3681278229, 179.870803833, 59.9245529175, -4.5166478157, 76.7503128052, 10.9379634857, 21.8095035553], [-79.5651626587, -239.324478149, 191.971496582, -78.3426437378, 140.685409546, 554.339599609, 92.4016189575, 118.863769531, 93.0041275024, -4.56288337708, 98.0262069702, 6.18984794617, -3.16061758995], [-66.5641174316, 185.993347168, -8.19570446014, -10.701830864, 26.3681278229, 92.4016189575, 261.457305908, 28.7390060425, 16.1971111298, 34.2234573364, 17.1590690613, 6.36802864075, -30.0733165741], [-82.3806228638, -77.1273117065, -4.20837497711, -74.493850708, 179.870803833, 118.863769531, 28.7390060425, 269.228668213, 40.1446990967, -1.22876155376, 67.6505355835, 1.01294386387, 27.5685634613], [31.6762008667, -39.7737884521, -6.43798685074, 89.1103439331, 59.9245529175, 93.0041275024, 16.1971111298, 40.1446990967, 203.955886841, 46.9614219666, 8.32036209106, 38.2502555847, 11.2429513931], [127.282028198, 43.9862861633, -70.757774353, -9.52489089966, -4.5166478157, -4.56288337708, 34.2234573364, -1.22876155376, 46.9614219666, 161.097427368, 26.3050918579, -11.1513214111, 13.6230792999], [-73.2076797485, -37.1601524353, 13.3856220245, -17.6091403961, 76.7503128052, 98.0262069702, 17.1590690613, 67.6505355835, 8.32036209106, 26.3050918579, 152.35067749, 32.9998397827, 12.9642248154], [-70.7569274902, -71.6735916138, 68.2425231934, 101.429756165, 10.9379634857, 6.18984794617, 6.36802864075, 1.01294386387, 38.2502555847, -11.1513214111, 32.9998397827, 162.767974854, 55.8588027954], [-78.7420272827, -92.1387176514, 21.8205280304, 41.0632667542, 21.8095035553, -3.16061758995, -30.0733165741, 27.5685634613, 11.2429513931, 13.6230792999, 12.9642248154, 55.8588027954, 138.720748901]]
        icov: [[0.000388209911762, -0.000281193613773, 0.000423915771535, -0.000530886172783, 0.000576302059926, -0.000516984262504, 0.000500572496094, -0.000442597345682, 0.000310357892886, -0.000335862685461, 0.000236452178797, -6.00112834945e-005, 0.000228049175348], [-0.000281193613773, 0.000885349523742, -0.000115018192446, 0.000504403666127, -0.000687149295118, 0.000739707611501, -0.000953370006755, 0.00063872494502, -0.000287801696686, 0.000300460465951, -0.000234150109463, 0.000177328882273, 3.27841589751e-005], [0.000423915771535, -0.000115018192446, 0.0013312662486, -0.000472708896268, 0.000161785428645, -0.000795746571384, 0.000481270748423, -4.73661857541e-005, 0.0005334073212, -0.000155230940436, 0.000474315398606, -0.000456045672763, 0.000276258593658], [-0.000530886172783, 0.000504403666127, -0.000472708896268, 0.00205479050055, -0.00101098767482, 0.000995937967673, -0.000860295782331, 0.0011749836849, -0.00109721650369, 0.000770352722611, -0.000335025979439, -0.000484808697365, -0.000498783949297], [0.000576302059926, -0.000687149295118, 0.000161785428645, -0.00101098767482, 0.00308022741228, -0.000894191558473, 0.000905716849957, -0.00204678089358, 0.000102651123598, -0.00040200658259, -0.000195097498363, 0.000234361956245, 0.000198032459593], [-0.000516984262504, 0.000739707611501, -0.000795746571384, 0.000995937967673, -0.000894191558473, 0.00359768117778, -0.00185497605707, 0.000347754743416, -0.00191197288223, 0.00136243074667, -0.00198264396749, 0.000878501217812, -0.000367774948245], [0.000500572496094, -0.000953370006755, 0.000481270748423, -0.000860295782331, 0.000905716849957, -0.00185497605707, 0.0056546558626, -0.00130121700931, 0.00104560353793, -0.00189022440463, 0.000933995237574, -0.00119314307813, 0.00162371993065], [-0.000442597345682, 0.00063872494502, -4.73661857541e-005, 0.0011749836849, -0.00204678089358, 0.000347754743416, -0.00130121700931, 0.00629943190143, -0.00133321585599, 0.00140513828956, -0.00198344816454, 0.000860535481479, -0.00156272412278], [0.000310357892886, -0.000287801696686, 0.0005334073212, -0.00109721650369, 0.000102651123598, -0.00191197288223, 0.00104560353793, -0.00133321585599, 0.00726996688172, -0.00297665107064, 0.00205966387875, -0.00218872656114, 0.00104978808668], [-0.000335862685461, 0.000300460465951, -0.000155230940436, 0.000770352722611, -0.00040200658259, 0.00136243074667, -0.00189022440463, 0.00140513828956, -0.00297665107064, 0.00842056144029, -0.0026494001504, 0.00210284744389, -0.00197432958521], [0.000236452178797, -0.000234150109463, 0.000474315398606, -0.000335025979439, -0.000195097498363, -0.00198264396749, 0.000933995237574, -0.00198344816454, 0.00205966387875, -0.0026494001504, 0.00957289710641, -0.00285252230242, 0.000932659371756], [-6.00112834945e-005, 0.000177328882273, -0.000456045672763, -0.000484808697365, 0.000234361956245, 0.000878501217812, -0.00119314307813, 0.000860535481479, -0.00218872656114, 0.00210284744389, -0.00285252230242, 0.00915174465626, -0.00359522295184], [0.000228049175348, 3.27841589751e-005, 0.000276258593658, -0.000498783949297, 0.000198032459593, -0.000367774948245, 0.00162371993065, -0.00156272412278, 0.00104978808668, -0.00197432958521, 0.000932659371756, -0.00359522295184, 0.00955653749406]]
    sccoeffs:
        dmean: [0.0557942129672, 0.0591715238988, 0.0466302782297, 0.0355648510158, 0.0329010337591, 0.0282686203718]
        dmean2: [0.0875554606318, 0.0891186967492, 0.0688026845455, 0.0533999986947, 0.0490721650422, 0.0413532182574]
        dvar: [0.00251291575842, 0.00314633361995, 0.00202731066383, 0.00118560646661, 0.00114416785073, 0.00078502431279]
        dvar2: [0.00555387372151, 0.00581478187814, 0.00356419989839, 0.00228158384562, 0.00220336136408, 0.00151199079119]
        max: [-0.239710018039, -0.264984250069, -0.327479064465, -0.366254776716, -0.459654390812, -0.443397402763]
        mean: [-0.647816002369, -0.708039045334, -0.771675884724, -0.79563754797, -0.774225890636, -0.730507671833]
        median: [-0.662815630436, -0.737145066261, -0.798145651817, -0.81165099144, -0.785730183125, -0.731516122818]
        min: [-0.967599987984, -0.99003636837, -0.996642053127, -0.982023715973, -0.989351451397, -0.957461535931]
        var: [0.0148133132607, 0.0176088698208, 0.0106702037156, 0.00577850127593, 0.00544897746295, 0.0053538880311]
    scvalleys:
        dmean: [0.449857652187, 0.469381809235, 0.388892561197, 0.336469531059, 0.349515736103, 0.396669566631]
        dmean2: [0.747909009457, 0.761493682861, 0.613975822926, 0.517458438873, 0.511072814465, 0.539209365845]
        dvar: [0.147554844618, 0.198618903756, 0.141076430678, 0.115280896425, 0.13993383944, 0.196207389235]
        dvar2: [0.37274029851, 0.490156382322, 0.307729959488, 0.240715175867, 0.260643869638, 0.319071441889]
        max: [-5.50375366211, -5.02647686005, -5.2319278717, -6.02157211304, -5.61541986465, -7.18651723862]
        mean: [-8.94253253937, -7.78356218338, -8.2519159317, -8.67784976959, -8.35265350342, -11.4057197571]
        median: [-8.86747646332, -7.56517314911, -8.00995349884, -8.41478061676, -8.05300045013, -11.3959503174]
        min: [-26.9833049774, -26.7412185669, -27.1018848419, -27.1476840973, -27.2021217346, -27.2588806152]
        var: [2.44232535362, 1.8544946909, 1.92290854454, 1.98754179478, 2.00745034218, 1.67706918716]

rhythm:
    beats_loudness:
        dmean: 0.00289655569941
        dmean2: 0.00502631161362
        dvar: 1.25911701616e-005
        dvar2: 3.5689350625e-005
        max: 0.0352689623833
        mean: 0.00373027264141
        median: 0.00212439801544
        min: 1.83352777405e-011
        var: 1.69570994331e-005
    bpm: 143.533233643
    bpm_confidence: 0
    first_peak_bpm: 144
    first_peak_spread: 0.504854381084
    first_peak_weight: 0.0668414160609
    onset_rate: 4.24032306671
    second_peak_bpm: 115
    second_peak_spread: 0.617886185646
    second_peak_weight: 0.0615989528596
    beats_loudness_band_ratio:
        dmean: [0.0755009353161, 0.16012814641, 0.199478656054, 0.112665049732, 0.113916449249, 0.214504763484]
        dmean2: [0.138796806335, 0.283836632967, 0.341195493937, 0.205518782139, 0.200736984611, 0.37882900238]
        dvar: [0.0131307533011, 0.0271926149726, 0.0322230197489, 0.0238235518336, 0.0182998012751, 0.0478840358555]
        dvar2: [0.038175586611, 0.0774482190609, 0.0869921594858, 0.0648589730263, 0.0503521598876, 0.133304357529]
        max: [0.682924628258, 0.991306126118, 0.993852257729, 0.98345553875, 0.993360340595, 0.99507522583]
        mean: [0.076602615416, 0.176294699311, 0.263004928827, 0.0996009036899, 0.150901868939, 0.273693919182]
        median: [0.0218077320606, 0.118460804224, 0.195902481675, 0.0443674400449, 0.109893508255, 0.207749187946]
        min: [0, 0, 0, 0, 0, 0]
        var: [0.0151262618601, 0.0327207259834, 0.0473879463971, 0.0211818236858, 0.0214763004333, 0.0604566372931]
