
metadata:
    version:
        essentia: "2.1-beta2"
    audio_properties:
        analysis_sample_rate: 44100
        bitrate: 128
        channels: 2
        equal_loudness: 1
        length: 411.167358398
        replay_gain: -8.47364807129
        downmix: "mix"
    tags:
        album: "Saison 1"
        artist: "La IIIème Légion"
        comment: "B.O. par Bertrand"
        date: "2006"
        genre: "Other;other"
        title: "Episode 15"
        tracknumber: ""

configuration:
    average_loudness:
        compute: 1
        frameSize: 88200
        hopSize: 44100
        silentFrames: "noise"
        windowType: "hann"
    general:
        analysisSampleRate: 44100
        endTime: 2000
        equalLoudness: 1
        nequalLoudness: 0
        shortSound: 0
        startTime: 0
    lowlevel:
        compute: 1
        frameSize: 2048
        hopSize: 1024
        zeroPadding: 0
        silentFrames: "noise"
        windowType: "blackmanharris62"
        mfccStats: ["mean", "cov", "icov"]
        stats: ["mean", "var", "median", "min", "max", "dmean", "dmean2", "dvar", "dvar2"]
    panning:
        compute: 0
        frameSize: 8192
        hopSize: 2048
        zeroPadding: 8192
        silentFrames: "noise"
        windowType: "hann"
        stats: ["copy"]
    rhythm:
        compute: 1
        maxTempo: 208
        minTempo: 40
        method: "degara"
        stats: ["mean", "var", "median", "min", "max", "dmean", "dmean2", "dvar", "dvar2"]
    segmentation:
        compute: 0
        cpw: 5
        inc1: 300
        inc2: 50
        minimumSegmentsLength: 10
        size1: 1000
        size2: 600
    sfx:
        compute: 1
        stats: ["mean", "var", "median", "min", "max", "dmean", "dmean2", "dvar", "dvar2"]
    svm:
        compute: 0
    tonal:
        compute: 1
        frameSize: 4096
        hopSize: 2048
        zeroPadding: 0
        silentFrames: "noise"
        windowType: "blackmanharris62"
        stats: ["mean", "var", "median", "min", "max", "dmean", "dmean2", "dvar", "dvar2"]

lowlevel:
    average_loudness: 0.2471755445
    barkbands_kurtosis:
        dmean: 5.07106256485
        dmean2: 8.18837547302
        dvar: 310.136505127
        dvar2: 724.345581055
        max: 943.745666504
        mean: 4.91397428513
        median: 0.65228921175
        min: -1.96158862114
        var: 358.98550415
    barkbands_skewness:
        dmean: 0.941619992256
        dmean2: 1.40183115005
        dvar: 1.37285339832
        dvar2: 2.82286095619
        max: 26.4111480713
        mean: 0.667122781277
        median: 0.681997954845
        min: -16.4490394592
        var: 4.0059299469
    barkbands_spread:
        dmean: 7.91100692749
        dmean2: 12.7557115555
        dvar: 89.209274292
        dvar2: 222.824615479
        max: 81.809425354
        mean: 21.6588001251
        median: 20.2169113159
        min: 0.0895668417215
        var: 177.849990845
    dissonance:
        dmean: 0.0331156551838
        dmean2: 0.0525654442608
        dvar: 0.00157943263184
        dvar2: 0.00351736764424
        max: 0.500000119209
        mean: 0.431510269642
        median: 0.455528587103
        min: 0.0561341904104
        var: 0.00468463124707
    hfc:
        dmean: 2.34121775627
        dmean2: 3.25791120529
        dvar: 25.9350814819
        dvar2: 48.1322631836
        max: 138.328369141
        mean: 4.41085672379
        median: 1.18476712704
        min: 1.25757552311e-016
        var: 76.4519958496
    pitch:
        dmean: 769.125549316
        dmean2: 1461.5279541
        dvar: 2014002.125
        dvar2: 4555832.5
        max: 6741.82714844
        mean: 1289.09863281
        median: 246.577209473
        min: 43.0243911743
        var: 2966087.75
    pitch_instantaneous_confidence:
        dmean: 0.116775996983
        dmean2: 0.183733791113
        dvar: 0.0128630334511
        dvar2: 0.0279244482517
        max: 0.994658231735
        mean: 0.583737373352
        median: 0.613965511322
        min: 0.0953539609909
        var: 0.0452087856829
    pitch_salience:
        dmean: 0.0761765390635
        dmean2: 0.120698317885
        dvar: 0.00567083572969
        dvar2: 0.0132255153731
        max: 0.991291224957
        mean: 0.675796985626
        median: 0.703955829144
        min: 0.0364811941981
        var: 0.0165560990572
    silence_rate_20dB:
        dmean: 0
        dmean2: 0
        dvar: 0
        dvar2: 0
        max: 1
        mean: 1
        median: 1
        min: 1
        var: 0
    silence_rate_30dB:
        dmean: 0
        dmean2: 0
        dvar: 0
        dvar2: 0
        max: 1
        mean: 1
        median: 1
        min: 1
        var: 0
    silence_rate_60dB:
        dmean: 0.11960695684
        dmean2: 0.239227429032
        dvar: 0.105289742351
        dvar2: 0.203661009669
        max: 1
        mean: 0.701790034771
        median: 1
        min: 0
        var: 0.209264934063
    spectral_centroid:
        dmean: 490.869049072
        dmean2: 737.679260254
        dvar: 523314.9375
        dvar2: 980241.625
        max: 10716.4423828
        mean: 1636.13232422
        median: 1267.49194336
        min: 112.05846405
        var: 1487378.5
    spectral_complexity:
        dmean: 2.22927498817
        dmean2: 3.19647598267
        dvar: 10.3438472748
        dvar2: 18.5461788177
        max: 40
        mean: 5.02518510818
        median: 3
        min: 0
        var: 35.7165794373
    spectral_crest:
        dmean: 3.00662779808
        dmean2: 4.86829614639
        dvar: 7.78392696381
        dvar2: 18.9529953003
        max: 26.8187217712
        mean: 10.2800722122
        median: 9.3923330307
        min: 2.19809937477
        var: 19.9744377136
    spectral_decrease:
        dmean: 2.77066147802e-010
        dmean2: 3.73773123563e-010
        dvar: 2.09047901988e-019
        dvar2: 3.62250669474e-019
        max: 1.60254897336e-028
        mean: -5.85803905384e-010
        median: -2.38271902209e-010
        min: -8.53962323077e-009
        var: 6.64784327095e-019
    spectral_energy:
        dmean: 0.00124170270283
        dmean2: 0.00168225134257
        dvar: 4.25947109761e-006
        dvar2: 7.45062106944e-006
        max: 0.0447773225605
        mean: 0.00261101592332
        median: 0.00105833355337
        min: 1.08017291433e-020
        var: 1.37114839163e-005
    spectral_energyband_high:
        dmean: 0.000205834148801
        dmean2: 0.000298646104056
        dvar: 4.24080184303e-007
        dvar2: 8.77855200088e-007
        max: 0.0197375398129
        mean: 0.000313985132379
        median: 2.1009496777e-005
        min: 7.78602734714e-021
        var: 9.03626414583e-007
    spectral_energyband_low:
        dmean: 2.44948532782e-005
        dmean2: 3.72501999664e-005
        dvar: 6.81135592373e-009
        dvar2: 1.6030622163e-008
        max: 0.00289207883179
        mean: 5.09417368448e-005
        median: 5.93208960709e-006
        min: 4.47713936236e-023
        var: 1.97747898056e-008
    spectral_energyband_middle_high:
        dmean: 0.000508578203153
        dmean2: 0.000717742310371
        dvar: 1.21570019473e-006
        dvar2: 2.32240222431e-006
        max: 0.0411302819848
        mean: 0.000922702893149
        median: 0.000154345078045
        min: 1.22246924485e-021
        var: 3.66793869944e-006
    spectral_energyband_middle_low:
        dmean: 0.000718484516256
        dmean2: 0.000977508956566
        dvar: 1.7888982029e-006
        dvar2: 3.1157696867e-006
        max: 0.0261650159955
        mean: 0.00138176558539
        median: 0.000483701733174
        min: 3.48641608279e-022
        var: 4.88902060169e-006
    spectral_flatness_db:
        dmean: 0.0353129580617
        dmean2: 0.0519526191056
        dvar: 0.00128690397833
        dvar2: 0.00246845372021
        max: 0.552419245243
        mean: 0.230322346091
        median: 0.234532698989
        min: 0.0532567724586
        var: 0.00538669433445
    spectral_flux:
        dmean: 0.0116177564487
        dmean2: 0.0180861856788
        dvar: 0.000186703473446
        dvar2: 0.000406960811233
        max: 0.166868567467
        mean: 0.0288170427084
        median: 0.0232141874731
        min: 1.03931370454e-010
        var: 0.000586405396461
    spectral_kurtosis:
        dmean: 3.28532361984
        dmean2: 5.42049121857
        dvar: 20.4310646057
        dvar2: 52.4750785828
        max: 125.011695862
        mean: 6.00835609436
        median: 4.02102613449
        min: -1.35507702827
        var: 48.3177909851
    spectral_rms:
        dmean: 0.000381070858566
        dmean2: 0.000493536470458
        dvar: 2.26487884447e-007
        dvar2: 3.52574318185e-007
        max: 0.00660947756842
        mean: 0.00122926174663
        median: 0.00101613020524
        min: 3.24627043996e-012
        var: 1.0362929288e-006
    spectral_rolloff:
        dmean: 765.549865723
        dmean2: 1265.14147949
        dvar: 1323275.25
        dvar2: 2638364.75
        max: 19552.1484375
        mean: 2683.3828125
        median: 2863.91601563
        min: 107.666015625
        var: 3292563.5
    spectral_skewness:
        dmean: 0.466154396534
        dmean2: 0.723177969456
        dvar: 0.238628655672
        dvar2: 0.54412484169
        max: 8.9940662384
        mean: 1.48053991795
        median: 1.395008564
        min: -0.942303538322
        var: 0.874993622303
    spectral_spread:
        dmean: 869582
        dmean2: 1297285.375
        dvar: 1.39279912141e+012
        dvar2: 2.5952148521e+012
        max: 39783652
        mean: 4231557
        median: 3684765.5
        min: 703648.6875
        var: 4.708171776e+012
    spectral_strongpeak:
        dmean: 0.4081582129
        dmean2: 0.649309098721
        dvar: 0.667218148708
        dvar2: 1.62789261341
        max: 18.0158996582
        mean: 0.648561954498
        median: 0.264935910702
        min: 2.94300472881e-009
        var: 1.25762951374
    zerocrossingrate:
        dmean: 0.0171843394637
        dmean2: 0.0186476446688
        dvar: 0.000459233124275
        dvar2: 0.000462200230686
        max: 0.50927734375
        mean: 0.0835707336664
        median: 0.07373046875
        min: 0.00537109375
        var: 0.00271416525356
    barkbands:
        dmean: [1.48854608639e-008, 2.51162350651e-006, 1.07245487015e-005, 3.75571398763e-005, 0.000124827187392, 0.000176962144906, 0.000160571129527, 0.000181255119969, 0.000238544656895, 0.00011736205488, 3.94193230022e-005, 3.14389544656e-005, 2.02291921596e-005, 2.2273083232e-005, 3.18298116326e-005, 3.84568120353e-005, 4.59424154542e-005, 6.54888572171e-005, 0.00018755767087, 0.000193002255401, 9.16649732972e-005, 1.79780690814e-005, 4.10614757129e-006, 1.15313730475e-006, 1.05676269868e-006, 4.98866477017e-008, 2.21729953842e-010]
        dmean2: [2.19581846039e-008, 4.25452208219e-006, 1.69356153492e-005, 5.50328950339e-005, 0.000175013570697, 0.000247924501309, 0.000238201289903, 0.000272162258625, 0.000350700720446, 0.00017532928905, 6.16922407062e-005, 4.97251894558e-005, 3.16746700264e-005, 3.51162052539e-005, 4.92568869959e-005, 5.89658193348e-005, 7.1194175689e-005, 0.000100107339676, 0.000270252960036, 0.000276985403616, 0.000136015427415, 2.73838650173e-005, 6.11835775999e-006, 1.7084588535e-006, 1.54380029471e-006, 7.41019832162e-008, 3.79285630681e-010]
        dvar: [9.87569672307e-014, 3.28609722766e-010, 1.93232030377e-009, 2.68592845742e-008, 1.14139979246e-007, 2.86284489448e-007, 2.61286828618e-007, 2.80259058627e-007, 4.50818816944e-007, 2.27530208008e-007, 2.89788815167e-008, 2.52864484906e-008, 9.44460687435e-009, 9.23547194276e-009, 1.30634854045e-008, 1.90139601841e-008, 4.10538802953e-008, 5.27431787134e-008, 3.53003827058e-007, 3.68865215705e-007, 1.225826054e-007, 1.69063252287e-008, 5.51657053371e-010, 4.84049536564e-011, 7.9847115031e-011, 1.53853655076e-013, 1.29190102044e-018]
        dvar2: [1.39659456417e-013, 8.48290937494e-010, 4.75158490332e-009, 5.96522937713e-008, 2.230800078e-007, 5.14066186952e-007, 5.2778079862e-007, 5.64475612919e-007, 8.98183941445e-007, 5.34045909717e-007, 6.84836649611e-008, 6.47317364155e-008, 2.10703365866e-008, 2.15471320786e-008, 2.90397164093e-008, 4.01804030048e-008, 9.84051311548e-008, 1.13230839816e-007, 6.62702632326e-007, 7.27808128431e-007, 2.71305879096e-007, 3.73652859764e-008, 1.18411125349e-009, 9.89679727059e-011, 1.69413830187e-010, 3.33152369624e-013, 2.84399108218e-018]
        max: [4.26237784268e-005, 0.000979426084086, 0.00193650834262, 0.00555568467826, 0.0103216907009, 0.0220888350159, 0.0162824485451, 0.0173773597926, 0.0176727995276, 0.0201482176781, 0.00568686285987, 0.00834123231471, 0.00383814121597, 0.00320484349504, 0.00476747518405, 0.00431816745549, 0.00794688984752, 0.00970972888172, 0.0322343744338, 0.0183910969645, 0.0159731749445, 0.01096650213, 0.00098050001543, 0.000335620163241, 0.000682985584717, 2.44458624366e-005, 7.87969440808e-008]
        mean: [2.32467947114e-008, 7.49033279135e-006, 2.11085116462e-005, 5.84079934924e-005, 0.000219908892177, 0.000301007356029, 0.000221077469178, 0.000220075948164, 0.000305937166559, 0.000146926904563, 4.46890298917e-005, 3.47756467818e-005, 2.28132794291e-005, 2.55056056631e-005, 4.17502415075e-005, 5.14257699251e-005, 7.27536971681e-005, 9.25521526369e-005, 0.000279673200566, 0.000288554845611, 0.0001273896778, 1.97664085135e-005, 4.69756378152e-006, 1.4221246829e-006, 1.24617304209e-006, 5.39977662584e-008, 1.96319557833e-010]
        median: [4.70855632262e-010, 4.46769590212e-008, 1.40967256357e-006, 6.15039562035e-006, 4.16511393269e-005, 4.56871384813e-005, 2.28063418035e-005, 1.41688906297e-005, 1.32079057948e-005, 5.88568082094e-006, 2.97737346955e-006, 2.48523065238e-006, 1.53281132498e-006, 1.43252975704e-006, 1.81475218142e-006, 2.47719913204e-006, 3.11695225719e-006, 5.23030985278e-006, 1.7101468984e-005, 1.6577227143e-005, 5.61317801839e-006, 7.42574400192e-007, 1.62929623571e-007, 3.82514855346e-008, 2.33591901377e-008, 8.57738102766e-010, 2.16633291167e-011]
        min: [3.57306579525e-024, 1.82199274752e-023, 2.02601584343e-023, 1.07656739148e-023, 7.37943909648e-023, 5.33686932249e-023, 1.5745409655e-023, 1.01309505929e-022, 8.24588857381e-023, 8.70618007676e-023, 2.70402554094e-023, 8.41778073396e-023, 1.01657311547e-022, 5.34937939427e-023, 1.44333588425e-022, 9.69327667875e-023, 1.44468515194e-022, 1.18266026911e-022, 1.92353811023e-022, 3.53498517588e-022, 5.67068812077e-022, 6.77485963282e-022, 4.70458064622e-022, 5.69427619779e-022, 1.24753709872e-021, 2.00800375714e-021, 2.53780970831e-021]
        var: [2.23600136887e-013, 1.89398030592e-009, 5.4947189021e-009, 3.87882188591e-008, 2.50931748269e-007, 7.28703184905e-007, 5.34896969384e-007, 4.72631711546e-007, 7.99011274921e-007, 3.17373519465e-007, 3.86770686589e-008, 2.54845051728e-008, 1.25573969001e-008, 1.16945866324e-008, 2.63837804937e-008, 4.24806252397e-008, 1.25133723827e-007, 1.1539724909e-007, 9.93854996523e-007, 8.11671498013e-007, 2.25867154313e-007, 1.86863449159e-008, 7.56789630962e-010, 8.30139290642e-011, 1.14094851622e-010, 2.08514168388e-013, 1.50602881952e-018]
    frequency_bands:
        dmean: [1.48854608639e-008, 2.51162350651e-006, 1.07245487015e-005, 3.75571398763e-005, 0.000124827187392, 0.000176962144906, 0.000160571129527, 0.000181255119969, 0.000238544656895, 0.00011736205488, 3.94193230022e-005, 3.14389544656e-005, 2.02291921596e-005, 2.2273083232e-005, 3.18298116326e-005, 3.84568120353e-005, 4.59424154542e-005, 6.54888572171e-005, 0.00018755767087, 0.000193002255401, 9.16649732972e-005, 1.79780690814e-005, 4.10614757129e-006, 1.15313730475e-006, 1.05676269868e-006, 4.98866477017e-008, 2.21729953842e-010, 3.24845012001e-011]
        dmean2: [2.19581846039e-008, 4.25452208219e-006, 1.69356153492e-005, 5.50328950339e-005, 0.000175013570697, 0.000247924501309, 0.000238201289903, 0.000272162258625, 0.000350700720446, 0.00017532928905, 6.16922407062e-005, 4.97251894558e-005, 3.16746700264e-005, 3.51162052539e-005, 4.92568869959e-005, 5.89658193348e-005, 7.1194175689e-005, 0.000100107339676, 0.000270252960036, 0.000276985403616, 0.000136015427415, 2.73838650173e-005, 6.11835775999e-006, 1.7084588535e-006, 1.54380029471e-006, 7.41019832162e-008, 3.79285630681e-010, 6.1188124012e-011]
        dvar: [9.87569672307e-014, 3.28609722766e-010, 1.93232030377e-009, 2.68592845742e-008, 1.14139979246e-007, 2.86284489448e-007, 2.61286828618e-007, 2.80259058627e-007, 4.50818816944e-007, 2.27530208008e-007, 2.89788815167e-008, 2.52864484906e-008, 9.44460687435e-009, 9.23547194276e-009, 1.30634854045e-008, 1.90139601841e-008, 4.10538802953e-008, 5.27431787134e-008, 3.53003827058e-007, 3.68865215705e-007, 1.225826054e-007, 1.69063252287e-008, 5.51657053371e-010, 4.84049536564e-011, 7.9847115031e-011, 1.53853655076e-013, 1.29190102044e-018, 5.49724969226e-021]
        dvar2: [1.39659456417e-013, 8.48290937494e-010, 4.75158490332e-009, 5.96522937713e-008, 2.230800078e-007, 5.14066186952e-007, 5.2778079862e-007, 5.64475612919e-007, 8.98183941445e-007, 5.34045909717e-007, 6.84836649611e-008, 6.47317364155e-008, 2.10703365866e-008, 2.15471320786e-008, 2.90397164093e-008, 4.01804030048e-008, 9.84051311548e-008, 1.13230839816e-007, 6.62702632326e-007, 7.27808128431e-007, 2.71305879096e-007, 3.73652859764e-008, 1.18411125349e-009, 9.89679727059e-011, 1.69413830187e-010, 3.33152369624e-013, 2.84399108218e-018, 1.80362596664e-020]
        max: [4.26237784268e-005, 0.000979426084086, 0.00193650834262, 0.00555568467826, 0.0103216907009, 0.0220888350159, 0.0162824485451, 0.0173773597926, 0.0176727995276, 0.0201482176781, 0.00568686285987, 0.00834123231471, 0.00383814121597, 0.00320484349504, 0.00476747518405, 0.00431816745549, 0.00794688984752, 0.00970972888172, 0.0322343744338, 0.0183910969645, 0.0159731749445, 0.01096650213, 0.00098050001543, 0.000335620163241, 0.000682985584717, 2.44458624366e-005, 7.87969440808e-008, 1.17782361642e-009]
        mean: [2.32467947114e-008, 7.49033279135e-006, 2.11085116462e-005, 5.84079934924e-005, 0.000219908892177, 0.000301007356029, 0.000221077469178, 0.000220075948164, 0.000305937166559, 0.000146926904563, 4.46890298917e-005, 3.47756467818e-005, 2.28132794291e-005, 2.55056056631e-005, 4.17502415075e-005, 5.14257699251e-005, 7.27536971681e-005, 9.25521526369e-005, 0.000279673200566, 0.000288554845611, 0.0001273896778, 1.97664085135e-005, 4.69756378152e-006, 1.4221246829e-006, 1.24617304209e-006, 5.39977662584e-008, 1.96319557833e-010, 2.33189179771e-011]
        median: [4.70855632262e-010, 4.46769590212e-008, 1.40967256357e-006, 6.15039562035e-006, 4.16511393269e-005, 4.56871384813e-005, 2.28063418035e-005, 1.41688906297e-005, 1.32079057948e-005, 5.88568082094e-006, 2.97737346955e-006, 2.48523065238e-006, 1.53281132498e-006, 1.43252975704e-006, 1.81475218142e-006, 2.47719913204e-006, 3.11695225719e-006, 5.23030985278e-006, 1.7101468984e-005, 1.6577227143e-005, 5.61317801839e-006, 7.42574400192e-007, 1.62929623571e-007, 3.82514855346e-008, 2.33591901377e-008, 8.57738102766e-010, 2.16633291167e-011, 2.71829390594e-012]
        min: [3.57306579525e-024, 1.82199274752e-023, 2.02601584343e-023, 1.07656739148e-023, 7.37943909648e-023, 5.33686932249e-023, 1.5745409655e-023, 1.01309505929e-022, 8.24588857381e-023, 8.70618007676e-023, 2.70402554094e-023, 8.41778073396e-023, 1.01657311547e-022, 5.34937939427e-023, 1.44333588425e-022, 9.69327667875e-023, 1.44468515194e-022, 1.18266026911e-022, 1.92353811023e-022, 3.53498517588e-022, 5.67068812077e-022, 6.77485963282e-022, 4.70458064622e-022, 5.69427619779e-022, 1.24753709872e-021, 2.00800375714e-021, 2.53780970831e-021, 9.41166949146e-022]
        var: [2.23600136887e-013, 1.89398030592e-009, 5.4947189021e-009, 3.87882188591e-008, 2.50931748269e-007, 7.28703184905e-007, 5.34896969384e-007, 4.72631711546e-007, 7.99011274921e-007, 3.17373519465e-007, 3.86770686589e-008, 2.54845051728e-008, 1.25573969001e-008, 1.16945866324e-008, 2.63837804937e-008, 4.24806252397e-008, 1.25133723827e-007, 1.1539724909e-007, 9.93854996523e-007, 8.11671498013e-007, 2.25867154313e-007, 1.86863449159e-008, 7.56789630962e-010, 8.30139290642e-011, 1.14094851622e-010, 2.08514168388e-013, 1.50602881952e-018, 3.8371438432e-021]
    mfcc:
        mean: [-862.559570313, 100.755302429, -33.1619377136, 36.774646759, -35.1325874329, -31.7258205414, -9.03154182434, -21.5076541901, -12.8713760376, -7.93756532669, -15.1519212723, -12.8568220139, -8.19360923767]
        cov: [[10967.1572266, 2099.89990234, -2463.4753418, 1213.32373047, -1463.32910156, -813.554382324, -41.7352180481, -450.286987305, 43.2270317078, 308.983154297, -237.156005859, -153.459991455, -49.3892669678], [2099.89990234, 2622.14379883, -779.12902832, -244.412841797, -309.056182861, -664.276489258, 98.4041366577, -197.90663147, -200.577178955, 79.9267120361, -130.991607666, -132.96105957, -122.775352478], [-2463.4753418, -779.12902832, 1598.92895508, -68.8245544434, 219.053527832, 432.525360107, -68.8523635864, 63.3706741333, -36.9847412109, -160.403335571, 51.1009178162, 75.1723556519, 52.0314292908], [1213.32373047, -244.412841797, -68.8245544434, 1245.68237305, -82.5704727173, -251.036224365, -55.795135498, -248.270751953, 100.420349121, 14.755191803, -119.190322876, 103.411582947, 70.0853652954], [-1463.32910156, -309.056182861, 219.053527832, -82.5704727173, 780.461669922, 142.484741211, -97.1511993408, 228.426864624, 16.6255569458, -27.2111110687, 99.1603546143, 39.2823524475, 50.8543815613], [-813.554382324, -664.276489258, 432.525360107, -251.036224365, 142.484741211, 706.285461426, 73.7856521606, 118.497779846, 119.434890747, -39.8603782654, 124.315086365, 44.8059692383, 7.26670885086], [-41.7352180481, 98.4041366577, -68.8523635864, -55.795135498, -97.1511993408, 73.7856521606, 283.968688965, -3.93663930893, 8.82200241089, 53.3675689697, 1.91023719311, 29.19024086, -24.5583286285], [-450.286987305, -197.90663147, 63.3706741333, -248.270751953, 228.426864624, 118.497779846, -3.93663930893, 338.063964844, 4.4081697464, -32.9068984985, 94.6075820923, -7.84147167206, 42.2148551941], [43.2270317078, -200.577178955, -36.9847412109, 100.420349121, 16.6255569458, 119.434890747, 8.82200241089, 4.4081697464, 244.131469727, 56.4545593262, 2.88024544716, 47.0473594666, -0.796918690205], [308.983154297, 79.9267120361, -160.403335571, 14.755191803, -27.2111110687, -39.8603782654, 53.3675689697, -32.9068984985, 56.4545593262, 225.315597534, 28.6279907227, -35.8714637756, -5.2569231987], [-237.156005859, -130.991607666, 51.1009178162, -119.190322876, 99.1603546143, 124.315086365, 1.91023719311, 94.6075820923, 2.88024544716, 28.6279907227, 179.121459961, 21.0933609009, -4.45562887192], [-153.459991455, -132.96105957, 75.1723556519, 103.411582947, 39.2823524475, 44.8059692383, 29.19024086, -7.84147167206, 47.0473594666, -35.8714637756, 21.0933609009, 169.585632324, 39.908782959], [-49.3892669678, -122.775352478, 52.0314292908, 70.0853652954, 50.8543815613, 7.26670885086, -24.5583286285, 42.2148551941, -0.796918690205, -5.2569231987, -4.45562887192, 39.908782959, 123.029632568]]
        icov: [[0.000310352421366, -0.000232490841881, 0.000395886134356, -0.000433585606515, 0.000565993424971, -0.000420103751821, 0.000490360020194, -0.000401193683501, 0.000229902318097, -0.000292382872431, 7.6450414781e-005, -7.41071489756e-005, 1.43545885294e-005], [-0.000232490841881, 0.000829042808618, -0.000145281621371, 0.00059772329405, -0.000441301410319, 0.000873831857461, -0.000660929072183, 0.000637502933387, -2.74244794127e-005, 0.000274318008451, -1.37411525429e-005, 0.000177058740519, 0.000188675156096], [0.000395886134356, -0.000145281621371, 0.00141059840098, -0.000545077258721, 0.00059241137933, -0.00105018890463, 0.000834135978948, -0.000337877281709, 0.000778324727435, -9.36001088121e-005, 0.000262221845333, -0.00032234392711, -5.74165023863e-005], [-0.000433585606515, 0.00059772329405, -0.000545077258721, 0.00193285662681, -0.00092532223789, 0.00130624580197, -0.000788618577644, 0.0016221589176, -0.000994174391963, 0.000613814801909, -1.69767026819e-005, -0.000190427381312, -0.000775876455009], [0.000565993424971, -0.000441301410319, 0.00059241137933, -0.00092532223789, 0.00284926779568, -0.000978434225544, 0.00163554085884, -0.00198840699159, 0.000614656950347, -0.000906383269466, -2.1472978915e-006, -0.000703340338077, 0.000145527897985], [-0.000420103751821, 0.000873831857461, -0.00105018890463, 0.00130624580197, -0.000978434225544, 0.00377220055088, -0.00199471763335, 0.00116458116099, -0.0021213828586, 0.00149873388, -0.0017352392897, 0.000839614483994, -0.000497638364322], [0.000490360020194, -0.000660929072183, 0.000834135978948, -0.000788618577644, 0.00163554085884, -0.00199471763335, 0.00569763639942, -0.00170053029433, 0.00151391897816, -0.00244009122252, 0.00139839132316, -0.00234031537548, 0.0015116983559], [-0.000401193683501, 0.000637502933387, -0.000337877281709, 0.0016221589176, -0.00198840699159, 0.00116458116099, -0.00170053029433, 0.00626603746787, -0.00144122936763, 0.00216726632789, -0.00249156681821, 0.00182227813639, -0.0026405157987], [0.000229902318097, -2.74244794127e-005, 0.000778324727435, -0.000994174391963, 0.000614656950347, -0.0021213828586, 0.00151391897816, -0.00144122936763, 0.00666545238346, -0.00284647475928, 0.00197445088997, -0.00258194771595, 0.00180065073073], [-0.000292382872431, 0.000274318008451, -9.36001088121e-005, 0.000613814801909, -0.000906383269466, 0.00149873388, -0.00244009122252, 0.00216726632789, -0.00284647475928, 0.00721632968634, -0.00292661692947, 0.00308250077069, -0.00191429129336], [7.6450414781e-005, -1.37411525429e-005, 0.000262221845333, -1.69767026819e-005, -2.1472978915e-006, -0.0017352392897, 0.00139839132316, -0.00249156681821, 0.00197445088997, -0.00292661692947, 0.00891042873263, -0.00275039230473, 0.00225581112318], [-7.41071489756e-005, 0.000177058740519, -0.00032234392711, -0.000190427381312, -0.000703340338077, 0.000839614483994, -0.00234031537548, 0.00182227813639, -0.00258194771595, 0.00308250077069, -0.00275039230473, 0.00917068496346, -0.00341898878105], [1.43545885294e-005, 0.000188675156096, -5.74165023863e-005, -0.000775876455009, 0.000145527897985, -0.000497638364322, 0.0015116983559, -0.0026405157987, 0.00180065073073, -0.00191429129336, 0.00225581112318, -0.00341898878105, 0.0110860960558]]
    sccoeffs:
        dmean: [0.0622434839606, 0.0662212371826, 0.0532725341618, 0.039878282696, 0.0403424091637, 0.0367126241326]
        dmean2: [0.0912478342652, 0.0981941521168, 0.0767958387733, 0.0594730377197, 0.0585588514805, 0.0542242005467]
        dvar: [0.00343605922535, 0.0037715442013, 0.00249782670289, 0.00134142593015, 0.00155397923663, 0.0013311583316]
        dvar2: [0.00602463167161, 0.00696813128889, 0.00447961641476, 0.00264416285791, 0.00291988207027, 0.0027390406467]
        max: [-0.233577728271, -0.281385302544, -0.368616551161, -0.492373764515, -0.408399403095, -0.389281749725]
        mean: [-0.579402208328, -0.705828666687, -0.773029029369, -0.799854934216, -0.777479588985, -0.743743777275]
        median: [-0.568191349506, -0.717328369617, -0.797829926014, -0.814692914486, -0.790943741798, -0.754553556442]
        min: [-0.977267563343, -0.989462375641, -0.9620834589, -0.984042167664, -0.972575604916, -0.961414277554]
        var: [0.0184768680483, 0.0170650053769, 0.011278427206, 0.0056703495793, 0.00717678619549, 0.00639203283936]
    scvalleys:
        dmean: [0.534820497036, 0.602865934372, 0.549753725529, 0.480201005936, 0.516510665417, 0.537066817284]
        dmean2: [0.876475930214, 0.949022948742, 0.828665196896, 0.70981746912, 0.731851637363, 0.7517182827]
        dvar: [0.233883440495, 0.337769269943, 0.285748749971, 0.226873725653, 0.279193162918, 0.314158797264]
        dvar2: [0.566070914268, 0.742480874062, 0.571713924408, 0.456747829914, 0.521739900112, 0.590255975723]
        max: [-5.23084354401, -4.38775634766, -5.03455924988, -6.03311538696, -5.6572265625, -7.08519506454]
        mean: [-9.67606830597, -7.86002063751, -8.47222423553, -9.06509017944, -8.79850196838, -11.7544403076]
        median: [-9.69314956665, -7.62333297729, -8.32844257355, -8.95069789886, -8.67252063751, -11.8238620758]
        min: [-27.6773796082, -27.8500366211, -27.0844459534, -27.1755447388, -27.214723587, -27.1376895905]
        var: [1.73246097565, 1.97741901875, 1.98381757736, 1.72500216961, 1.98920571804, 2.02575683594]

rhythm:
    beats_loudness:
        dmean: 0.00401099212468
        dmean2: 0.00719021027908
        dvar: 1.98402176466e-005
        dvar2: 5.38522945135e-005
        max: 0.0451017543674
        mean: 0.00416151015088
        median: 0.00287088332698
        min: 4.86023686574e-011
        var: 2.1070944058e-005
    bpm: 126.035095215
    bpm_confidence: 0
    first_peak_bpm: 126
    first_peak_spread: 0.633986949921
    first_peak_weight: 0.0670658648014
    onset_rate: 4.83015012741
    second_peak_bpm: 108
    second_peak_spread: 0.710344851017
    second_peak_weight: 0.0502994023263
    beats_loudness_band_ratio:
        dmean: [0.0878786444664, 0.204607129097, 0.230206042528, 0.117465622723, 0.0970074310899, 0.217998355627]
        dmean2: [0.157136186957, 0.360391706228, 0.408572226763, 0.215181231499, 0.170545324683, 0.383987277746]
        dvar: [0.0148876821622, 0.0348438881338, 0.0328540951014, 0.0244792532176, 0.0154044535011, 0.0538834668696]
        dvar2: [0.044548753649, 0.0910928323865, 0.0922496244311, 0.067864343524, 0.0403139591217, 0.142784774303]
        max: [0.821452498436, 0.965373814106, 0.939665973186, 0.957251369953, 0.922655582428, 0.997330546379]
        mean: [0.0829363018274, 0.24433490634, 0.296941846609, 0.0927041321993, 0.102830559015, 0.232315555215]
        median: [0.0340296030045, 0.168490856886, 0.252290606499, 0.0311730243266, 0.0551851689816, 0.112770020962]
        min: [0, 0, 0, 0, 0, 0]
        var: [0.0142216896638, 0.0498956181109, 0.0481252670288, 0.0213068258017, 0.0178001821041, 0.0684866607189]
