
metadata:
    version:
        essentia: "2.1-beta2"
    audio_properties:
        analysis_sample_rate: 44100
        bitrate: 128
        channels: 2
        equal_loudness: 1
        length: 446.64163208
        replay_gain: -5.94588088989
        downmix: "mix"
    tags:
        album: "Saison 1"
        artist: "La IIIème Légion"
        comment: "Bertrand
Guillaume"
        date: "2007"
        genre: "Other;other"
        title: "Episode 16"
        tracknumber: ""

configuration:
    average_loudness:
        compute: 1
        frameSize: 88200
        hopSize: 44100
        silentFrames: "noise"
        windowType: "hann"
    general:
        analysisSampleRate: 44100
        endTime: 2000
        equalLoudness: 1
        nequalLoudness: 0
        shortSound: 0
        startTime: 0
    lowlevel:
        compute: 1
        frameSize: 2048
        hopSize: 1024
        zeroPadding: 0
        silentFrames: "noise"
        windowType: "blackmanharris62"
        mfccStats: ["mean", "cov", "icov"]
        stats: ["mean", "var", "median", "min", "max", "dmean", "dmean2", "dvar", "dvar2"]
    panning:
        compute: 0
        frameSize: 8192
        hopSize: 2048
        zeroPadding: 8192
        silentFrames: "noise"
        windowType: "hann"
        stats: ["copy"]
    rhythm:
        compute: 1
        maxTempo: 208
        minTempo: 40
        method: "degara"
        stats: ["mean", "var", "median", "min", "max", "dmean", "dmean2", "dvar", "dvar2"]
    segmentation:
        compute: 0
        cpw: 5
        inc1: 300
        inc2: 50
        minimumSegmentsLength: 10
        size1: 1000
        size2: 600
    sfx:
        compute: 1
        stats: ["mean", "var", "median", "min", "max", "dmean", "dmean2", "dvar", "dvar2"]
    svm:
        compute: 0
    tonal:
        compute: 1
        frameSize: 4096
        hopSize: 2048
        zeroPadding: 0
        silentFrames: "noise"
        windowType: "blackmanharris62"
        stats: ["mean", "var", "median", "min", "max", "dmean", "dmean2", "dvar", "dvar2"]

lowlevel:
    average_loudness: 0.00545234140009
    barkbands_kurtosis:
        dmean: 4.26416158676
        dmean2: 6.78078746796
        dvar: 109.097198486
        dvar2: 256.961334229
        max: 315.694824219
        mean: 4.41688871384
        median: 0.865732252598
        min: -1.98275089264
        var: 165.113296509
    barkbands_skewness:
        dmean: 0.865930914879
        dmean2: 1.27576434612
        dvar: 1.16463768482
        dvar2: 2.31177735329
        max: 15.8150177002
        mean: 0.552214801311
        median: 0.657521903515
        min: -17.1109447479
        var: 3.98251223564
    barkbands_spread:
        dmean: 6.92407035828
        dmean2: 10.9320821762
        dvar: 66.7556762695
        dvar2: 159.647781372
        max: 87.0452575684
        mean: 19.9562282562
        median: 17.9423313141
        min: 0.323412001133
        var: 149.195022583
    dissonance:
        dmean: 0.0315502248704
        dmean2: 0.0498684309423
        dvar: 0.00136723427568
        dvar2: 0.00310311396606
        max: 0.500000059605
        mean: 0.434638887644
        median: 0.455121427774
        min: 0.0958134159446
        var: 0.00406402722001
    hfc:
        dmean: 1.77614867687
        dmean2: 2.48225021362
        dvar: 30.8342628479
        dvar2: 58.6294517517
        max: 255.55279541
        mean: 3.64536809921
        median: 0.903943121433
        min: 1.24708806408e-016
        var: 103.743598938
    pitch:
        dmean: 650.692565918
        dmean2: 1221.83093262
        dvar: 1578887.125
        dvar2: 3691433.25
        max: 7088.49462891
        mean: 1075.70092773
        median: 298.282104492
        min: 43.2150993347
        var: 2231077
    pitch_instantaneous_confidence:
        dmean: 0.114131323993
        dmean2: 0.178459197283
        dvar: 0.0123543152586
        dvar2: 0.0268763825297
        max: 0.99669867754
        mean: 0.611011862755
        median: 0.629903435707
        min: 0.110032498837
        var: 0.0452197380364
    pitch_salience:
        dmean: 0.078952498734
        dmean2: 0.124136246741
        dvar: 0.00612740544602
        dvar2: 0.0136322742328
        max: 0.978952229023
        mean: 0.616800248623
        median: 0.647002220154
        min: 0.045619122684
        var: 0.0239961910993
    silence_rate_20dB:
        dmean: 0
        dmean2: 0
        dvar: 0
        dvar2: 0
        max: 1
        mean: 1
        median: 1
        min: 1
        var: 0
    silence_rate_30dB:
        dmean: 0
        dmean2: 0
        dvar: 0
        dvar2: 0
        max: 1
        mean: 1
        median: 1
        min: 1
        var: 0
    silence_rate_60dB:
        dmean: 0.0739238932729
        dmean2: 0.147855475545
        dvar: 0.0684768334031
        dvar2: 0.141718432307
        max: 1
        mean: 0.7703384161
        median: 1
        min: 0
        var: 0.176915094256
    spectral_centroid:
        dmean: 428.841430664
        dmean2: 639.546142578
        dvar: 421624.03125
        dvar2: 762401.625
        max: 10950.8339844
        mean: 1630.63989258
        median: 1253.98852539
        min: 178.979492188
        var: 1363629
    spectral_complexity:
        dmean: 1.70440840721
        dmean2: 2.54639983177
        dvar: 6.95749521255
        dvar2: 13.9820766449
        max: 59
        mean: 4.66153764725
        median: 3
        min: 0
        var: 39.8668823242
    spectral_crest:
        dmean: 3.09000611305
        dmean2: 4.97220611572
        dvar: 8.36488342285
        dvar2: 19.8823413849
        max: 26.7705669403
        mean: 10.9843893051
        median: 9.98404788971
        min: 2.14827775955
        var: 24.7361621857
    spectral_decrease:
        dmean: 2.3976889918e-010
        dmean2: 3.27627813768e-010
        dvar: 2.91650571548e-019
        dvar2: 5.4945591096e-019
        max: 1.30423999908e-028
        mean: -5.56011348074e-010
        median: -1.82811030203e-010
        min: -2.0168334558e-008
        var: 1.19041112916e-018
    spectral_energy:
        dmean: 0.00105473736767
        dmean2: 0.00144295324571
        dvar: 5.99918030275e-006
        dvar2: 1.12944981083e-005
        max: 0.0992993190885
        mean: 0.00242914981209
        median: 0.000792447652202
        min: 1.08192089883e-020
        var: 2.43420035986e-005
    spectral_energyband_high:
        dmean: 0.000101002027804
        dmean2: 0.000148622115375
        dvar: 1.65797246154e-007
        dvar2: 3.31553650312e-007
        max: 0.0165715496987
        mean: 0.000152738008182
        median: 1.61924472195e-005
        min: 7.70761967236e-021
        var: 3.93527813003e-007
    spectral_energyband_low:
        dmean: 5.14250605193e-005
        dmean2: 7.77267923695e-005
        dvar: 1.48674473621e-007
        dvar2: 3.19563184803e-007
        max: 0.0114416908473
        mean: 7.86197924754e-005
        median: 1.38732502819e-006
        min: 4.93626019573e-023
        var: 1.88622664155e-007
    spectral_energyband_middle_high:
        dmean: 0.00053365889471
        dmean2: 0.000747311045416
        dvar: 3.34529636348e-006
        dvar2: 6.2526196416e-006
        max: 0.0889573171735
        mean: 0.00107889680658
        median: 0.00016826778301
        min: 1.68858370249e-021
        var: 1.23769250422e-005
    spectral_energyband_middle_low:
        dmean: 0.000572251272388
        dmean2: 0.000816242361907
        dvar: 1.69513350556e-006
        dvar2: 3.38597851623e-006
        max: 0.0510726869106
        mean: 0.00117193593178
        median: 0.000389862194424
        min: 3.07304716244e-022
        var: 4.80164089822e-006
    spectral_flatness_db:
        dmean: 0.0331078507006
        dmean2: 0.0479753874242
        dvar: 0.0011445536511
        dvar2: 0.00212961342186
        max: 0.544472336769
        mean: 0.229937389493
        median: 0.224258959293
        min: 0.0558540001512
        var: 0.0055386046879
    spectral_flux:
        dmean: 0.0095583871007
        dmean2: 0.0147329159081
        dvar: 0.000151887536049
        dvar2: 0.000319496000884
        max: 0.318660229445
        mean: 0.0251966137439
        median: 0.0182769503444
        min: 1.04015428215e-010
        var: 0.000568815565202
    spectral_kurtosis:
        dmean: 3.00911974907
        dmean2: 4.94300127029
        dvar: 16.0964431763
        dvar2: 42.9514350891
        max: 126.705024719
        mean: 6.25714683533
        median: 4.48669099808
        min: -1.30876493454
        var: 54.6849021912
    spectral_rms:
        dmean: 0.000309287162963
        dmean2: 0.000407311657909
        dvar: 1.72190880221e-007
        dvar2: 2.83377119104e-007
        max: 0.00984263047576
        mean: 0.00115066685248
        median: 0.000879272236489
        min: 3.24889616078e-012
        var: 1.04587513761e-006
    spectral_rolloff:
        dmean: 682.796691895
        dmean2: 1117.63952637
        dvar: 1048620.875
        dvar2: 2010204
        max: 18841.5527344
        mean: 2608.82104492
        median: 2713.18359375
        min: 150.732421875
        var: 2953206
    spectral_skewness:
        dmean: 0.39816853404
        dmean2: 0.617421209812
        dvar: 0.166963368654
        dvar2: 0.393150538206
        max: 9.35424900055
        mean: 1.56364512444
        median: 1.47259140015
        min: -1.09433460236
        var: 0.780846953392
    spectral_spread:
        dmean: 790505.8125
        dmean2: 1128242.125
        dvar: 1.12527107686e+012
        dvar2: 1.92475850342e+012
        max: 39891312
        mean: 4120749.25
        median: 3654313
        min: 705647.3125
        var: 3.97571889562e+012
    spectral_strongpeak:
        dmean: 0.356626003981
        dmean2: 0.564152657986
        dvar: 0.496243655682
        dvar2: 1.19490921497
        max: 14.465385437
        mean: 0.630101680756
        median: 0.30044811964
        min: 5.48565814995e-009
        var: 1.05654120445
    zerocrossingrate:
        dmean: 0.0158938392997
        dmean2: 0.0171270575374
        dvar: 0.000378782307962
        dvar2: 0.000380645768018
        max: 0.5068359375
        mean: 0.085957929492
        median: 0.07666015625
        min: 0.009765625
        var: 0.00262361136265
    barkbands:
        dmean: [6.50549338843e-008, 9.08305992198e-006, 3.27175876009e-005, 4.78354559164e-005, 9.82758210739e-005, 0.000109940127004, 0.000140690273838, 0.000168589671375, 0.000169239530805, 0.000121194847452, 7.95424566604e-005, 4.11741020798e-005, 3.03789438476e-005, 3.47083296219e-005, 4.95645945193e-005, 6.26053515589e-005, 6.51564405416e-005, 9.32466355152e-005, 0.000145009267726, 0.000103676167782, 4.24801910412e-005, 1.06787429104e-005, 2.68344592769e-006, 7.91557908997e-007, 5.36333232048e-007, 5.82042005703e-008, 5.88021187298e-010]
        dmean2: [9.99537874691e-008, 1.37339593493e-005, 5.19069690199e-005, 8.09755511e-005, 0.000151284126332, 0.000162923999596, 0.000207145596505, 0.000247136835242, 0.000253745063674, 0.00018317202921, 0.000117403651529, 6.3494699134e-005, 4.74134976685e-005, 5.50784898223e-005, 7.61736300774e-005, 9.626361134e-005, 0.000101397919934, 0.000139451149153, 0.000218650224269, 0.000155572110089, 6.37048578938e-005, 1.67621456058e-005, 4.0109771362e-006, 1.11925749025e-006, 7.73634440066e-007, 8.34944415828e-008, 8.37015123878e-010]
        dvar: [1.98227149755e-013, 4.12952294582e-009, 7.98054031748e-008, 1.26526842337e-007, 1.16805772166e-007, 1.01382447326e-007, 2.74591855032e-007, 4.06329064617e-007, 4.65733279498e-007, 3.2666045513e-007, 2.15953377847e-007, 3.84296470202e-008, 3.2472065925e-008, 4.12004972361e-008, 9.32475074933e-008, 1.93465595544e-007, 1.2624624901e-007, 2.83136017742e-007, 6.3158586272e-007, 2.01675248945e-007, 4.98313141861e-008, 4.42338876638e-009, 2.80379081063e-010, 2.74380726473e-011, 3.90681063889e-011, 1.59503784963e-013, 1.60434293695e-017]
        dvar2: [4.58304238744e-013, 8.52630144266e-009, 1.89599091982e-007, 3.48560405428e-007, 2.95304033671e-007, 2.2253816212e-007, 5.21857316471e-007, 7.51951859002e-007, 9.94346009975e-007, 7.16908175491e-007, 4.7113292112e-007, 8.94346285918e-008, 7.63374643498e-008, 1.06018482882e-007, 2.33420522022e-007, 4.87577324293e-007, 3.06469672751e-007, 5.60561886687e-007, 1.24403527479e-006, 4.2095237518e-007, 1.04883447705e-007, 1.05899022884e-008, 5.50948842104e-010, 5.0046376765e-011, 8.44519454368e-011, 2.78592687114e-013, 2.60428634158e-017]
        max: [1.90888331417e-005, 0.00206952355802, 0.00923197157681, 0.0111786779016, 0.00803590379655, 0.0109105650336, 0.0256802719086, 0.0341209918261, 0.0249000228941, 0.0224054902792, 0.0199928171933, 0.00690601579845, 0.0124333864078, 0.00928575638682, 0.0210391394794, 0.0304590314627, 0.0219475310296, 0.0522608049214, 0.0537390559912, 0.0153363524005, 0.0138163371012, 0.00424169329926, 0.000970079039689, 0.000333679286996, 0.000739794806577, 2.79937121377e-005, 1.22311547557e-007]
        mean: [8.82219097775e-008, 1.54344088514e-005, 4.13534799009e-005, 5.55276819796e-005, 0.000173480642843, 0.000207189819776, 0.000211548438529, 0.000246541603701, 0.000222425733227, 0.000166855781572, 0.000106221035821, 5.57794483029e-005, 4.13576344727e-005, 4.6855853725e-005, 7.37746522645e-005, 8.18370244815e-005, 0.000107782216219, 0.000142739285366, 0.000202257797355, 0.000151791842654, 6.07873807894e-005, 1.25768501675e-005, 3.25599080497e-006, 1.00003501302e-006, 6.23744142558e-007, 6.40334647528e-008, 6.16805939657e-010]
        median: [3.69932223743e-010, 2.96725026772e-008, 2.91687229037e-007, 2.35595666709e-006, 2.23322094826e-005, 2.86395661533e-005, 2.09893605643e-005, 1.38924888233e-005, 9.25772565097e-006, 6.04949218541e-006, 3.07437380798e-006, 3.0617138691e-006, 2.06368304134e-006, 1.93971322915e-006, 3.19544915328e-006, 4.11642440667e-006, 5.4845681916e-006, 9.09626396606e-006, 1.56406786118e-005, 1.34062502184e-005, 4.28556268162e-006, 8.84767189291e-007, 1.79516035814e-007, 4.51221673359e-008, 1.3092360085e-008, 6.00193450495e-010, 1.81961234275e-011]
        min: [6.13640698675e-024, 8.07402134165e-024, 3.05267334651e-023, 1.7911007967e-023, 6.04793024089e-023, 2.80218886763e-023, 6.09327270354e-023, 5.72965831333e-023, 6.16679580209e-023, 1.76268129372e-022, 4.55029863825e-023, 1.04087975012e-022, 1.02631251842e-022, 2.07666080821e-022, 1.7468896868e-022, 9.03157636492e-023, 1.9046964515e-022, 2.21992224e-022, 2.70360580383e-022, 1.98012493312e-022, 2.68436062696e-022, 3.56234817322e-022, 5.93327101225e-022, 8.94113579717e-022, 1.09454422832e-021, 1.76373728186e-021, 2.81578419744e-021]
        var: [3.28461460504e-013, 7.31952276567e-009, 7.70704531305e-008, 9.15823221703e-008, 2.07154755572e-007, 2.63710745685e-007, 6.10622862496e-007, 9.06521734123e-007, 7.69151256463e-007, 5.94307493884e-007, 4.00749229357e-007, 6.41575397253e-008, 5.82611470179e-008, 7.6813016392e-008, 1.89085355373e-007, 3.06902165903e-007, 2.90160357963e-007, 6.23697189894e-007, 1.11230110633e-006, 4.38535636249e-007, 1.11016611015e-007, 4.90787321894e-009, 4.34916602732e-010, 5.33764213384e-011, 6.14025705281e-011, 2.81993449858e-013, 2.40119662671e-017]
    frequency_bands:
        dmean: [6.50549338843e-008, 9.08305992198e-006, 3.27175876009e-005, 4.78354559164e-005, 9.82758210739e-005, 0.000109940127004, 0.000140690273838, 0.000168589671375, 0.000169239530805, 0.000121194847452, 7.95424566604e-005, 4.11741020798e-005, 3.03789438476e-005, 3.47083296219e-005, 4.95645945193e-005, 6.26053515589e-005, 6.51564405416e-005, 9.32466355152e-005, 0.000145009267726, 0.000103676167782, 4.24801910412e-005, 1.06787429104e-005, 2.68344592769e-006, 7.91557908997e-007, 5.36333232048e-007, 5.82042005703e-008, 5.88021187298e-010, 2.97464344823e-011]
        dmean2: [9.99537874691e-008, 1.37339593493e-005, 5.19069690199e-005, 8.09755511e-005, 0.000151284126332, 0.000162923999596, 0.000207145596505, 0.000247136835242, 0.000253745063674, 0.00018317202921, 0.000117403651529, 6.3494699134e-005, 4.74134976685e-005, 5.50784898223e-005, 7.61736300774e-005, 9.626361134e-005, 0.000101397919934, 0.000139451149153, 0.000218650224269, 0.000155572110089, 6.37048578938e-005, 1.67621456058e-005, 4.0109771362e-006, 1.11925749025e-006, 7.73634440066e-007, 8.34944415828e-008, 8.37015123878e-010, 5.55132155522e-011]
        dvar: [1.98227149755e-013, 4.12952294582e-009, 7.98054031748e-008, 1.26526842337e-007, 1.16805772166e-007, 1.01382447326e-007, 2.74591855032e-007, 4.06329064617e-007, 4.65733279498e-007, 3.2666045513e-007, 2.15953377847e-007, 3.84296470202e-008, 3.2472065925e-008, 4.12004972361e-008, 9.32475074933e-008, 1.93465595544e-007, 1.2624624901e-007, 2.83136017742e-007, 6.3158586272e-007, 2.01675248945e-007, 4.98313141861e-008, 4.42338876638e-009, 2.80379081063e-010, 2.74380726473e-011, 3.90681063889e-011, 1.59503784963e-013, 1.60434293695e-017, 1.1313137596e-020]
        dvar2: [4.58304238744e-013, 8.52630144266e-009, 1.89599091982e-007, 3.48560405428e-007, 2.95304033671e-007, 2.2253816212e-007, 5.21857316471e-007, 7.51951859002e-007, 9.94346009975e-007, 7.16908175491e-007, 4.7113292112e-007, 8.94346285918e-008, 7.63374643498e-008, 1.06018482882e-007, 2.33420522022e-007, 4.87577324293e-007, 3.06469672751e-007, 5.60561886687e-007, 1.24403527479e-006, 4.2095237518e-007, 1.04883447705e-007, 1.05899022884e-008, 5.50948842104e-010, 5.0046376765e-011, 8.44519454368e-011, 2.78592687114e-013, 2.60428634158e-017, 3.75063399895e-020]
        max: [1.90888331417e-005, 0.00206952355802, 0.00923197157681, 0.0111786779016, 0.00803590379655, 0.0109105650336, 0.0256802719086, 0.0341209918261, 0.0249000228941, 0.0224054902792, 0.0199928171933, 0.00690601579845, 0.0124333864078, 0.00928575638682, 0.0210391394794, 0.0304590314627, 0.0219475310296, 0.0522608049214, 0.0537390559912, 0.0153363524005, 0.0138163371012, 0.00424169329926, 0.000970079039689, 0.000333679286996, 0.000739794806577, 2.79937121377e-005, 1.22311547557e-007, 3.69293351454e-009]
        mean: [8.82219097775e-008, 1.54344088514e-005, 4.13534799009e-005, 5.55276819796e-005, 0.000173480642843, 0.000207189819776, 0.000211548438529, 0.000246541603701, 0.000222425733227, 0.000166855781572, 0.000106221035821, 5.57794483029e-005, 4.13576344727e-005, 4.6855853725e-005, 7.37746522645e-005, 8.18370244815e-005, 0.000107782216219, 0.000142739285366, 0.000202257797355, 0.000151791842654, 6.07873807894e-005, 1.25768501675e-005, 3.25599080497e-006, 1.00003501302e-006, 6.23744142558e-007, 6.40334647528e-008, 6.16805939657e-010, 2.20429455938e-011]
        median: [3.69932223743e-010, 2.96725026772e-008, 2.91687229037e-007, 2.35595666709e-006, 2.23322094826e-005, 2.86395661533e-005, 2.09893605643e-005, 1.38924888233e-005, 9.25772565097e-006, 6.04949218541e-006, 3.07437380798e-006, 3.0617138691e-006, 2.06368304134e-006, 1.93971322915e-006, 3.19544915328e-006, 4.11642440667e-006, 5.4845681916e-006, 9.09626396606e-006, 1.56406786118e-005, 1.34062502184e-005, 4.28556268162e-006, 8.84767189291e-007, 1.79516035814e-007, 4.51221673359e-008, 1.3092360085e-008, 6.00193450495e-010, 1.81961234275e-011, 2.43582909919e-012]
        min: [6.13640698675e-024, 8.07402134165e-024, 3.05267334651e-023, 1.7911007967e-023, 6.04793024089e-023, 2.80218886763e-023, 6.09327270354e-023, 5.72965831333e-023, 6.16679580209e-023, 1.76268129372e-022, 4.55029863825e-023, 1.04087975012e-022, 1.02631251842e-022, 2.07666080821e-022, 1.7468896868e-022, 9.03157636492e-023, 1.9046964515e-022, 2.21992224e-022, 2.70360580383e-022, 1.98012493312e-022, 2.68436062696e-022, 3.56234817322e-022, 5.93327101225e-022, 8.94113579717e-022, 1.09454422832e-021, 1.76373728186e-021, 2.81578419744e-021, 9.19984077466e-022]
        var: [3.28461460504e-013, 7.31952276567e-009, 7.70704531305e-008, 9.15823221703e-008, 2.07154755572e-007, 2.63710745685e-007, 6.10622862496e-007, 9.06521734123e-007, 7.69151256463e-007, 5.94307493884e-007, 4.00749229357e-007, 6.41575397253e-008, 5.82611470179e-008, 7.6813016392e-008, 1.89085355373e-007, 3.06902165903e-007, 2.90160357963e-007, 6.23697189894e-007, 1.11230110633e-006, 4.38535636249e-007, 1.11016611015e-007, 4.90787321894e-009, 4.34916602732e-010, 5.33764213384e-011, 6.14025705281e-011, 2.81993449858e-013, 2.40119662671e-017, 7.59882280359e-021]
    mfcc:
        mean: [-859.762695313, 97.0713348389, -47.1664848328, 31.5365772247, -30.4436626434, -30.0096073151, -11.9992275238, -18.2640972137, -12.7131481171, -9.29461956024, -11.203212738, -9.21391868591, -5.31980657578]
        cov: [[9803.25488281, 2351.71240234, -1984.52258301, 619.070922852, -667.206176758, -254.237991333, -95.1017227173, 117.813919067, 11.6640720367, 109.441879272, -84.0022583008, -136.984542847, -71.5486221313], [2351.71240234, 2442.47973633, -567.044677734, -162.331832886, -61.0020980835, -382.34072876, 94.8952255249, -39.5689964294, -103.778678894, -12.9047460556, -66.2454376221, -76.4296264648, -70.9136352539], [-1984.52258301, -567.044677734, 1414.36437988, 118.500244141, 189.683624268, 331.354217529, -48.3352088928, 7.89561653137, 17.7042922974, -94.8779754639, 48.9328689575, 96.0525970459, 50.8816070557], [619.070922852, -162.331832886, 118.500244141, 856.619628906, 123.357971191, -17.4504451752, -11.827832222, -65.1302566528, 76.3647155762, 23.7714290619, -55.5884132385, 41.7020149231, 43.4654159546], [-667.206176758, -61.0020980835, 189.683624268, 123.357971191, 613.716552734, 165.833847046, 4.60164499283, 145.124511719, 51.7837524414, 10.2994756699, 49.8819961548, 19.921628952, 15.2781305313], [-254.237991333, -382.34072876, 331.354217529, -17.4504451752, 165.833847046, 610.209228516, 99.3204193115, 119.170021057, 128.796646118, -9.06362628937, 113.267379761, 53.2465286255, 8.58691978455], [-95.1017227173, 94.8952255249, -48.3352088928, -11.827832222, 4.60164499283, 99.3204193115, 305.557006836, 49.9412574768, 31.4346828461, 59.5914230347, 2.83874964714, 21.4671707153, -21.5489711761], [117.813919067, -39.5689964294, 7.89561653137, -65.1302566528, 145.124511719, 119.170021057, 49.9412574768, 281.190185547, 58.2099304199, -12.9083566666, 68.06980896, 14.6401052475, 12.8681211472], [11.6640720367, -103.778678894, 17.7042922974, 76.3647155762, 51.7837524414, 128.796646118, 31.4346828461, 58.2099304199, 231.213668823, 56.7729263306, 6.28596401215, 49.1539840698, 15.7836513519], [109.441879272, -12.9047460556, -94.8779754639, 23.7714290619, 10.2994756699, -9.06362628937, 59.5914230347, -12.9083566666, 56.7729263306, 211.101119995, 26.3500518799, -27.1255207062, 12.8209562302], [-84.0022583008, -66.2454376221, 48.9328689575, -55.5884132385, 49.8819961548, 113.267379761, 2.83874964714, 68.06980896, 6.28596401215, 26.3500518799, 170.995223999, 37.9246025085, -2.81262350082], [-136.984542847, -76.4296264648, 96.0525970459, 41.7020149231, 19.921628952, 53.2465286255, 21.4671707153, 14.6401052475, 49.1539840698, -27.1255207062, 37.9246025085, 169.321640015, 57.4066123962], [-71.5486221313, -70.9136352539, 50.8816070557, 43.4654159546, 15.2781305313, 8.58691978455, -21.5489711761, 12.8681211472, 15.7836513519, 12.8209562302, -2.81262350082, 57.4066123962, 157.921539307]]
        icov: [[0.000362009246601, -0.000373299320927, 0.000456609443063, -0.000536293489859, 0.000593631179072, -0.000605862529483, 0.00064342020778, -0.000671617512126, 0.000363018014468, -0.000397536467062, 0.000310537609039, -0.000209288147744, 0.000192512452486], [-0.000373299320927, 0.000895084522199, -0.000336761440849, 0.000639701960608, -0.000726811820641, 0.000949788023718, -0.000960736942943, 0.000783047813457, -0.000403029203881, 0.000631579139736, -0.000404853315558, 0.000336696975864, -0.000151591011672], [0.000456609443063, -0.000336761440849, 0.00152734667063, -0.000747768790461, 0.000538871914614, -0.00124061969109, 0.000971014203969, -0.000619321072008, 0.000705867190845, -0.000208610639675, 0.000448719772976, -0.000593202654272, 0.000137665134389], [-0.000536293489859, 0.000639701960608, -0.000747768790461, 0.00217424263246, -0.00127722893376, 0.00112048152369, -0.00104110583197, 0.00150378374383, -0.00105840584729, 0.00058487575734, -0.000138651128509, 0.000149660394527, -0.000513750186656], [0.000593631179072, -0.000726811820641, 0.000538871914614, -0.00127722893376, 0.00311318831518, -0.00144568854012, 0.00143179297447, -0.00228214194067, 0.000832606398035, -0.00111141358502, 0.000622936058789, -0.000450410996564, 0.000461093324702], [-0.000605862529483, 0.000949788023718, -0.00124061969109, 0.00112048152369, -0.00144568854012, 0.00410300912336, -0.00236427364871, 0.00123231299222, -0.00235014175996, 0.0018011983484, -0.00241901981644, 0.00116989307571, -0.000642634637188], [0.00064342020778, -0.000960736942943, 0.000971014203969, -0.00104110583197, 0.00143179297447, -0.00236427364871, 0.00565349915996, -0.00237568095326, 0.00160441827029, -0.0028318928089, 0.00220352015458, -0.00212281662971, 0.00166931969579], [-0.000671617512126, 0.000783047813457, -0.000619321072008, 0.00150378374383, -0.00228214194067, 0.00123231299222, -0.00237568095326, 0.00665427837521, -0.00236288993619, 0.00247072172351, -0.00279507064261, 0.00160676229279, -0.00147790974006], [0.000363018014468, -0.000403029203881, 0.000705867190845, -0.00105840584729, 0.000832606398035, -0.00235014175996, 0.00160441827029, -0.00236288993619, 0.00719578796998, -0.00323154567741, 0.00261738430709, -0.00297845900059, 0.00117856974248], [-0.000397536467062, 0.000631579139736, -0.000208610639675, 0.00058487575734, -0.00111141358502, 0.0018011983484, -0.0028318928089, 0.00247072172351, -0.00323154567741, 0.00774466479197, -0.00334770441987, 0.00329939206131, -0.00213320204057], [0.000310537609039, -0.000404853315558, 0.000448719772976, -0.000138651128509, 0.000622936058789, -0.00241901981644, 0.00220352015458, -0.00279507064261, 0.00261738430709, -0.00334770441987, 0.00940733589232, -0.00355737726204, 0.00192307238467], [-0.000209288147744, 0.000336696975864, -0.000593202654272, 0.000149660394527, -0.000450410996564, 0.00116989307571, -0.00212281662971, 0.00160676229279, -0.00297845900059, 0.00329939206131, -0.00355737726204, 0.00944887846708, -0.00370265333913], [0.000192512452486, -0.000151591011672, 0.000137665134389, -0.000513750186656, 0.000461093324702, -0.000642634637188, 0.00166931969579, -0.00147790974006, 0.00117856974248, -0.00213320204057, 0.00192307238467, -0.00370265333913, 0.00822260696441]]
    sccoeffs:
        dmean: [0.0585922449827, 0.0637239962816, 0.0517885610461, 0.0392563343048, 0.035533644259, 0.0291291084141]
        dmean2: [0.0884199663997, 0.0945285782218, 0.0746020227671, 0.0598816201091, 0.053008120507, 0.0436654873192]
        dvar: [0.00288674863987, 0.00360477832146, 0.00243663717993, 0.00129608192947, 0.00115716992877, 0.000792655686382]
        dvar2: [0.00537327863276, 0.00646771118045, 0.00407887995243, 0.00264322268777, 0.00223961146548, 0.00166130834259]
        max: [-0.214388474822, -0.24866065383, -0.379313886166, -0.473406553268, -0.450109392405, -0.421077311039]
        mean: [-0.619281470776, -0.697464942932, -0.767330884933, -0.790061712265, -0.780261516571, -0.757062077522]
        median: [-0.624690055847, -0.701431870461, -0.789011657238, -0.801100194454, -0.791909515858, -0.765340745449]
        min: [-0.970558941364, -0.961119055748, -0.959247410297, -0.96491086483, -0.974340438843, -0.961297273636]
        var: [0.0172338075936, 0.016513062641, 0.0116946101189, 0.00556910224259, 0.00537060946226, 0.00395718356594]
    scvalleys:
        dmean: [0.506112754345, 0.53010481596, 0.459529459476, 0.398425251245, 0.401370465755, 0.419284045696]
        dmean2: [0.833764612675, 0.848965167999, 0.706280231476, 0.594035208225, 0.574417114258, 0.57513064146]
        dvar: [0.212370589375, 0.270054847002, 0.220675885677, 0.17667581141, 0.184427812696, 0.226031139493]
        dvar2: [0.50537866354, 0.63123601675, 0.448074042797, 0.350357174873, 0.338534116745, 0.397558152676]
        max: [-5.16749715805, -3.91684436798, -4.10868644714, -4.49994564056, -4.83376693726, -6.94118642807]
        mean: [-9.62256908417, -7.9695892334, -8.48435020447, -8.9009809494, -8.74890708923, -11.6032924652]
        median: [-9.95357704163, -7.93343114853, -8.45986175537, -8.88340759277, -8.70952892303, -11.7286405563]
        min: [-27.0302352905, -27.9019546509, -27.1389732361, -27.4730205536, -27.3336181641, -27.1623687744]
        var: [2.3499455452, 1.83985495567, 1.82075965405, 1.75213897228, 1.58929228783, 1.50640916824]

rhythm:
    beats_loudness:
        dmean: 0.00360772875138
        dmean2: 0.00639976095408
        dvar: 4.12315566791e-005
        dvar2: 0.000105159066152
        max: 0.084507830441
        mean: 0.00395039469004
        median: 0.00172543316148
        min: 8.13803260891e-011
        var: 4.78265537822e-005
    bpm: 165.324371338
    bpm_confidence: 0
    first_peak_bpm: 167
    first_peak_spread: 0
    first_peak_weight: 0.104999996722
    onset_rate: 4.72190666199
    second_peak_bpm: 172
    second_peak_spread: 0
    second_peak_weight: 0.0939999967813
    beats_loudness_band_ratio:
        dmean: [0.0881279632449, 0.189675495028, 0.212954461575, 0.139548182487, 0.136687800288, 0.173625901341]
        dmean2: [0.165368646383, 0.331433236599, 0.371171981096, 0.249756574631, 0.244686618447, 0.311047762632]
        dvar: [0.0197662953287, 0.0348311588168, 0.0363212674856, 0.0287993904203, 0.0230016391724, 0.0444545224309]
        dvar2: [0.0672633647919, 0.0970771238208, 0.0947223678231, 0.0771228000522, 0.0627173930407, 0.125760942698]
        max: [0.892565011978, 0.967001974583, 0.991981625557, 0.862980365753, 0.967792868614, 0.982290565968]
        mean: [0.0777971297503, 0.218470484018, 0.304758608341, 0.124050825834, 0.148207396269, 0.179920628667]
        median: [0.0192657224834, 0.137169212103, 0.236126363277, 0.0475455038249, 0.0857503041625, 0.0910351201892]
        min: [0, 0, 0, 0, 0, 0]
        var: [0.0178062301129, 0.0494484044611, 0.0601812712848, 0.0294069517404, 0.0269166659564, 0.0508049279451]
