
metadata:
    version:
        essentia: "2.1-beta2"
    audio_properties:
        analysis_sample_rate: 44100
        bitrate: 128
        channels: 2
        equal_loudness: 1
        length: 676.048950195
        replay_gain: -8.9228553772
        downmix: "mix"
    tags:
        album: "Saison 1"
        artist: "La IIIème Légion"
        comment: "BO par Bertrand"
        date: "2007"
        genre: "Other;other"
        title: "Episode 17"
        tracknumber: ""

configuration:
    average_loudness:
        compute: 1
        frameSize: 88200
        hopSize: 44100
        silentFrames: "noise"
        windowType: "hann"
    general:
        analysisSampleRate: 44100
        endTime: 2000
        equalLoudness: 1
        nequalLoudness: 0
        shortSound: 0
        startTime: 0
    lowlevel:
        compute: 1
        frameSize: 2048
        hopSize: 1024
        zeroPadding: 0
        silentFrames: "noise"
        windowType: "blackmanharris62"
        mfccStats: ["mean", "cov", "icov"]
        stats: ["mean", "var", "median", "min", "max", "dmean", "dmean2", "dvar", "dvar2"]
    panning:
        compute: 0
        frameSize: 8192
        hopSize: 2048
        zeroPadding: 8192
        silentFrames: "noise"
        windowType: "hann"
        stats: ["copy"]
    rhythm:
        compute: 1
        maxTempo: 208
        minTempo: 40
        method: "degara"
        stats: ["mean", "var", "median", "min", "max", "dmean", "dmean2", "dvar", "dvar2"]
    segmentation:
        compute: 0
        cpw: 5
        inc1: 300
        inc2: 50
        minimumSegmentsLength: 10
        size1: 1000
        size2: 600
    sfx:
        compute: 1
        stats: ["mean", "var", "median", "min", "max", "dmean", "dmean2", "dvar", "dvar2"]
    svm:
        compute: 0
    tonal:
        compute: 1
        frameSize: 4096
        hopSize: 2048
        zeroPadding: 0
        silentFrames: "noise"
        windowType: "blackmanharris62"
        stats: ["mean", "var", "median", "min", "max", "dmean", "dmean2", "dvar", "dvar2"]

lowlevel:
    average_loudness: 0.590049982071
    barkbands_kurtosis:
        dmean: 5.86196994781
        dmean2: 9.46154689789
        dvar: 296.574005127
        dvar2: 686.481018066
        max: 993.974731445
        mean: 6.45274591446
        median: 1.15728199482
        min: -1.97848033905
        var: 409.236236572
    barkbands_skewness:
        dmean: 1.00726413727
        dmean2: 1.48096191883
        dvar: 1.67602944374
        dvar2: 3.34379315376
        max: 29.4250164032
        mean: 0.709002137184
        median: 0.717017531395
        min: -18.0903816223
        var: 5.43310022354
    barkbands_spread:
        dmean: 7.58019924164
        dmean2: 12.1726789474
        dvar: 84.1130599976
        dvar2: 209.932830811
        max: 77.5670547485
        mean: 19.6364688873
        median: 17.1609039307
        min: 0.111208043993
        var: 174.033660889
    dissonance:
        dmean: 0.0352879799902
        dmean2: 0.055199354887
        dvar: 0.00173464149702
        dvar2: 0.00376214389689
        max: 0.500000178814
        mean: 0.42590379715
        median: 0.451335310936
        min: 0.0515913777053
        var: 0.00538313994184
    hfc:
        dmean: 1.99278771877
        dmean2: 2.78415107727
        dvar: 18.5563621521
        dvar2: 35.4398918152
        max: 100.006790161
        mean: 3.51304602623
        median: 1.0208337307
        min: 1.16746736409e-016
        var: 43.032081604
    pitch:
        dmean: 713.139221191
        dmean2: 1342.3614502
        dvar: 1838432.625
        dvar2: 4110475.5
        max: 7141.47265625
        mean: 1195.54650879
        median: 282.065490723
        min: 47.2947731018
        var: 2669459.25
    pitch_instantaneous_confidence:
        dmean: 0.118784755468
        dmean2: 0.186295449734
        dvar: 0.0141706541181
        dvar2: 0.0302028506994
        max: 0.993765950203
        mean: 0.62326335907
        median: 0.658492922783
        min: 0.109815657139
        var: 0.0519634261727
    pitch_salience:
        dmean: 0.0805582329631
        dmean2: 0.126274719834
        dvar: 0.00686064595357
        dvar2: 0.0151284439489
        max: 0.987942993641
        mean: 0.631634831429
        median: 0.679475545883
        min: 0.0262866299599
        var: 0.0276483241469
    silence_rate_20dB:
        dmean: 0
        dmean2: 0
        dvar: 0
        dvar2: 0
        max: 1
        mean: 1
        median: 1
        min: 1
        var: 0
    silence_rate_30dB:
        dmean: 0
        dmean2: 0
        dvar: 0
        dvar2: 0
        max: 1
        mean: 1
        median: 1
        min: 1
        var: 0
    silence_rate_60dB:
        dmean: 0.117121756077
        dmean2: 0.234251558781
        dvar: 0.103379189968
        dvar2: 0.203061670065
        max: 1
        mean: 0.728534162045
        median: 1
        min: 0
        var: 0.197792321444
    spectral_centroid:
        dmean: 482.623535156
        dmean2: 717.575622559
        dvar: 547333.125
        dvar2: 975034.125
        max: 11006.3613281
        mean: 1649.11206055
        median: 1237.4675293
        min: 166.009368896
        var: 1618187.125
    spectral_complexity:
        dmean: 1.82469522953
        dmean2: 2.6718416214
        dvar: 7.43529987335
        dvar2: 13.5426645279
        max: 54
        mean: 4.08098649979
        median: 2
        min: 0
        var: 23.7028999329
    spectral_crest:
        dmean: 3.13292598724
        dmean2: 5.04426908493
        dvar: 8.82765388489
        dvar2: 21.1521778107
        max: 26.8826408386
        mean: 11.3141174316
        median: 10.144367218
        min: 2.4511115551
        var: 27.712310791
    spectral_decrease:
        dmean: 2.73843447918e-010
        dmean2: 3.74257347335e-010
        dvar: 2.02309378526e-019
        dvar2: 3.41210865305e-019
        max: 8.91882749806e-029
        mean: -5.71534819471e-010
        median: -2.04483027733e-010
        min: -6.27799678909e-009
        var: 6.30755977851e-019
    spectral_energy:
        dmean: 0.00119997176807
        dmean2: 0.0016429257812
        dvar: 3.95913048123e-006
        dvar2: 6.79682170812e-006
        max: 0.0308292396367
        mean: 0.00247574690729
        median: 0.000909872469492
        min: 1.02526532766e-020
        var: 1.19421601994e-005
    spectral_energyband_high:
        dmean: 0.00011646416533
        dmean2: 0.000173481064849
        dvar: 1.72408093135e-007
        dvar2: 3.55805696017e-007
        max: 0.0201195888221
        mean: 0.000152633874677
        median: 1.41836499097e-005
        min: 7.12066071075e-021
        var: 2.77293707995e-007
    spectral_energyband_low:
        dmean: 1.16491373774e-005
        dmean2: 1.7462134565e-005
        dvar: 2.30350694075e-009
        dvar2: 4.91527840651e-009
        max: 0.00377486809157
        mean: 2.17458928091e-005
        median: 1.94064205061e-006
        min: 8.07165255013e-023
        var: 4.9245021394e-009
    spectral_energyband_middle_high:
        dmean: 0.000514946354087
        dmean2: 0.000712287554052
        dvar: 1.38410530326e-006
        dvar2: 2.51048504651e-006
        max: 0.0277093779296
        mean: 0.0008842581301
        median: 0.000135898211738
        min: 1.51606696644e-021
        var: 3.55540737473e-006
    spectral_energyband_middle_low:
        dmean: 0.000750176375732
        dmean2: 0.00103813235182
        dvar: 1.75757566012e-006
        dvar2: 3.09329629999e-006
        max: 0.0234315339476
        mean: 0.0014596976107
        median: 0.000421732140239
        min: 3.64978627326e-022
        var: 5.25582390765e-006
    spectral_flatness_db:
        dmean: 0.036310877651
        dmean2: 0.053235180676
        dvar: 0.00141089246608
        dvar2: 0.00264134490862
        max: 0.56877976656
        mean: 0.244288042188
        median: 0.244265019894
        min: 0.0710063651204
        var: 0.00648545566946
    spectral_flux:
        dmean: 0.0117980530486
        dmean2: 0.0185285508633
        dvar: 0.000197152316105
        dvar2: 0.00044467826956
        max: 0.166637539864
        mean: 0.0280443355441
        median: 0.0209531392902
        min: 1.0125538602e-010
        var: 0.000571548938751
    spectral_kurtosis:
        dmean: 3.30999422073
        dmean2: 5.44397735596
        dvar: 17.2069206238
        dvar2: 46.261554718
        max: 114.883102417
        mean: 6.36040973663
        median: 4.32660961151
        min: -1.30032742023
        var: 58.7802238464
    spectral_rms:
        dmean: 0.000371345435269
        dmean2: 0.00048970192438
        dvar: 2.28309914974e-007
        dvar2: 3.54034085603e-007
        max: 0.00548427831382
        mean: 0.00120540172793
        median: 0.000942167942412
        min: 3.16268690924e-012
        var: 9.62383069236e-007
    spectral_rolloff:
        dmean: 758.00567627
        dmean2: 1235.34277344
        dvar: 1342411.625
        dvar2: 2534357
        max: 18992.2851563
        mean: 2621.11816406
        median: 2691.65039063
        min: 129.19921875
        var: 3495634.75
    spectral_skewness:
        dmean: 0.450129836798
        dmean2: 0.695255637169
        dvar: 0.198575049639
        dvar2: 0.453539311886
        max: 9.00125598907
        mean: 1.547336936
        median: 1.44198334217
        min: -1.15053224564
        var: 0.857124745846
    spectral_spread:
        dmean: 805435.875
        dmean2: 1199070.75
        dvar: 1.09631222579e+012
        dvar2: 2.05729798554e+012
        max: 40176480
        mean: 4122771.5
        median: 3637150.5
        min: 788672.3125
        var: 4.00789497446e+012
    spectral_strongpeak:
        dmean: 0.372529566288
        dmean2: 0.592630267143
        dvar: 0.50819593668
        dvar2: 1.23642373085
        max: 16.8609104156
        mean: 0.615493416786
        median: 0.308057308197
        min: 4.43643455306e-010
        var: 0.841681182384
    zerocrossingrate:
        dmean: 0.0181578900665
        dmean2: 0.0193664878607
        dvar: 0.000500892230775
        dvar2: 0.000488434394356
        max: 0.5078125
        mean: 0.0857667475939
        median: 0.07373046875
        min: 0.00830078125
        var: 0.00314556830563
    barkbands:
        dmean: [3.46713457944e-009, 7.90992373823e-007, 4.80256312585e-006, 1.83054889931e-005, 0.000113577923912, 0.000139357303851, 0.000217403954593, 0.000228229953791, 0.000227235723287, 0.000109059648821, 5.51855919184e-005, 2.76720420516e-005, 2.79716605291e-005, 2.75227484963e-005, 4.66666351713e-005, 4.51005216746e-005, 4.36103655375e-005, 9.39387682592e-005, 0.000169087579707, 0.000125663427752, 4.48677456006e-005, 1.74854449142e-005, 5.14079374625e-006, 1.43209285852e-006, 9.84723669717e-007, 5.40274669447e-008, 1.04431636949e-010]
        dmean2: [5.91913007497e-009, 1.33190280849e-006, 7.44996941648e-006, 2.68848561973e-005, 0.000160031806445, 0.000195747139514, 0.000315292156301, 0.000338341895258, 0.000334922020556, 0.000160887706443, 8.07640390121e-005, 4.15464237449e-005, 4.30677973782e-005, 4.21408840339e-005, 7.04363628756e-005, 6.9098896347e-005, 6.58549688524e-005, 0.000140161064337, 0.000251193356235, 0.000186208548257, 6.87432548148e-005, 2.72782017419e-005, 7.74268028181e-006, 2.10688585867e-006, 1.40023303175e-006, 7.78600508511e-008, 1.95167743078e-010]
        dvar: [1.04006826192e-015, 4.9659394652e-011, 8.29618096443e-010, 5.09981745722e-009, 1.00220852062e-007, 1.7055781143e-007, 5.16272336881e-007, 4.68556464739e-007, 4.55669493249e-007, 1.56662665063e-007, 5.74770595563e-008, 1.43265364017e-008, 1.79200423389e-008, 1.32040360867e-008, 2.79469904996e-008, 3.26108491322e-008, 2.83655037236e-008, 1.31172768647e-007, 4.23469771249e-007, 1.98859325451e-007, 4.02122921628e-008, 1.25798118589e-008, 6.97164825869e-010, 5.70470719274e-011, 4.24794158183e-011, 1.63855908009e-013, 5.59575793671e-020]
        dvar2: [2.86939356553e-015, 1.29667401816e-010, 2.01847649706e-009, 1.04200887918e-008, 1.71400330373e-007, 2.9627832987e-007, 9.89460772871e-007, 9.11963923045e-007, 9.18626028579e-007, 3.20370418194e-007, 1.19784246522e-007, 3.0207122137e-008, 3.97750490322e-008, 2.80087757432e-008, 5.76681138398e-008, 6.80033238609e-008, 6.26819627314e-008, 2.78620177596e-007, 8.79367803464e-007, 4.1138005713e-007, 8.72814993613e-008, 2.76790945719e-008, 1.45640710603e-009, 1.10046055601e-010, 7.61839133445e-011, 3.14390223924e-013, 1.7969335585e-019]
        max: [2.63150195678e-006, 0.000461796764284, 0.00295689678751, 0.00261832680553, 0.0116635579616, 0.0179218687117, 0.0234265103936, 0.0184846147895, 0.0167415421456, 0.0103393057361, 0.00601168582216, 0.00488529028371, 0.00634735031053, 0.00429848348722, 0.00602846918628, 0.00747830793262, 0.0101362774149, 0.0152680808678, 0.0252694096416, 0.0176761373878, 0.0114017929882, 0.00695984018967, 0.00119988468941, 0.000328177207848, 0.0004822134797, 2.09247573366e-005, 4.92343499303e-009]
        mean: [4.95124963251e-009, 2.20598508349e-006, 8.5144311015e-006, 2.83800236502e-005, 0.000236833031522, 0.000242119698669, 0.000312730495352, 0.000291618256597, 0.000291921227472, 0.000139612384373, 6.92139728926e-005, 3.39851794706e-005, 3.15589531965e-005, 3.31838928105e-005, 5.91754906054e-005, 5.52339406568e-005, 6.2476581661e-005, 0.000121882228996, 0.000215004882193, 0.000157676709932, 5.37484411325e-005, 1.92473107745e-005, 6.1091795942e-006, 1.89660931937e-006, 1.33500236643e-006, 6.57125625025e-008, 7.73555386413e-011]
        median: [5.00426478034e-010, 2.70122022528e-008, 4.08310881994e-007, 2.53223106483e-006, 2.23691022256e-005, 2.31243539019e-005, 2.009214586e-005, 1.5498681023e-005, 1.23080171761e-005, 5.73054649067e-006, 3.22048072121e-006, 2.89904392048e-006, 2.40935719376e-006, 2.43082604356e-006, 2.70723376161e-006, 3.1140621104e-006, 4.8236679504e-006, 7.95405503595e-006, 1.38559253173e-005, 1.1939308024e-005, 3.37393271366e-006, 9.32960062983e-007, 2.06280788007e-007, 4.11165643754e-008, 1.55196318019e-008, 6.19952755798e-010, 1.06238542269e-011]
        min: [6.19504301784e-025, 1.84693116508e-023, 2.94414754296e-023, 7.31814397306e-023, 6.32563767852e-023, 7.09933730823e-023, 4.0047786031e-023, 5.670988519e-023, 5.21774028175e-023, 3.12895619604e-023, 6.09936144755e-023, 6.53991943719e-023, 2.02104422113e-022, 3.70907440832e-023, 2.53761028427e-022, 6.82047245388e-023, 1.84738703202e-022, 2.07376045065e-022, 2.68650228966e-022, 3.45619071944e-022, 3.18270160506e-022, 5.18586152905e-022, 4.70866606218e-022, 6.56840981143e-022, 9.95360002017e-022, 1.80244836518e-021, 2.45917544743e-021]
        var: [1.22925741174e-015, 2.53672416406e-010, 1.38248512638e-009, 8.3458555622e-009, 4.63903944592e-007, 5.79666050271e-007, 1.08333767912e-006, 8.82477309005e-007, 8.22949630219e-007, 2.7524839652e-007, 9.50468432848e-008, 2.18151097187e-008, 2.44431568319e-008, 1.84554522775e-008, 4.78910635593e-008, 5.08268058752e-008, 5.2261338368e-008, 2.21107839593e-007, 6.95404082762e-007, 3.31899656203e-007, 5.72706682078e-008, 1.507893721e-008, 1.19458720693e-009, 1.36313918486e-010, 1.1211537948e-010, 2.90089268795e-013, 4.08996384261e-020]
    frequency_bands:
        dmean: [3.46713457944e-009, 7.90992373823e-007, 4.80256312585e-006, 1.83054889931e-005, 0.000113577923912, 0.000139357303851, 0.000217403954593, 0.000228229953791, 0.000227235723287, 0.000109059648821, 5.51855919184e-005, 2.76720420516e-005, 2.79716605291e-005, 2.75227484963e-005, 4.66666351713e-005, 4.51005216746e-005, 4.36103655375e-005, 9.39387682592e-005, 0.000169087579707, 0.000125663427752, 4.48677456006e-005, 1.74854449142e-005, 5.14079374625e-006, 1.43209285852e-006, 9.84723669717e-007, 5.40274669447e-008, 1.04431636949e-010, 2.97314152464e-011]
        dmean2: [5.91913007497e-009, 1.33190280849e-006, 7.44996941648e-006, 2.68848561973e-005, 0.000160031806445, 0.000195747139514, 0.000315292156301, 0.000338341895258, 0.000334922020556, 0.000160887706443, 8.07640390121e-005, 4.15464237449e-005, 4.30677973782e-005, 4.21408840339e-005, 7.04363628756e-005, 6.9098896347e-005, 6.58549688524e-005, 0.000140161064337, 0.000251193356235, 0.000186208548257, 6.87432548148e-005, 2.72782017419e-005, 7.74268028181e-006, 2.10688585867e-006, 1.40023303175e-006, 7.78600508511e-008, 1.95167743078e-010, 5.55614373954e-011]
        dvar: [1.04006826192e-015, 4.9659394652e-011, 8.29618096443e-010, 5.09981745722e-009, 1.00220852062e-007, 1.7055781143e-007, 5.16272336881e-007, 4.68556464739e-007, 4.55669493249e-007, 1.56662665063e-007, 5.74770595563e-008, 1.43265364017e-008, 1.79200423389e-008, 1.32040360867e-008, 2.79469904996e-008, 3.26108491322e-008, 2.83655037236e-008, 1.31172768647e-007, 4.23469771249e-007, 1.98859325451e-007, 4.02122921628e-008, 1.25798118589e-008, 6.97164825869e-010, 5.70470719274e-011, 4.24794158183e-011, 1.63855908009e-013, 5.59575793671e-020, 4.53355035131e-021]
        dvar2: [2.86939356553e-015, 1.29667401816e-010, 2.01847649706e-009, 1.04200887918e-008, 1.71400330373e-007, 2.9627832987e-007, 9.89460772871e-007, 9.11963923045e-007, 9.18626028579e-007, 3.20370418194e-007, 1.19784246522e-007, 3.0207122137e-008, 3.97750490322e-008, 2.80087757432e-008, 5.76681138398e-008, 6.80033238609e-008, 6.26819627314e-008, 2.78620177596e-007, 8.79367803464e-007, 4.1138005713e-007, 8.72814993613e-008, 2.76790945719e-008, 1.45640710603e-009, 1.10046055601e-010, 7.61839133445e-011, 3.14390223924e-013, 1.7969335585e-019, 1.45560878784e-020]
        max: [2.63150195678e-006, 0.000461796764284, 0.00295689678751, 0.00261832680553, 0.0116635579616, 0.0179218687117, 0.0234265103936, 0.0184846147895, 0.0167415421456, 0.0103393057361, 0.00601168582216, 0.00488529028371, 0.00634735031053, 0.00429848348722, 0.00602846918628, 0.00747830793262, 0.0101362774149, 0.0152680808678, 0.0252694096416, 0.0176761373878, 0.0114017929882, 0.00695984018967, 0.00119988468941, 0.000328177207848, 0.0004822134797, 2.09247573366e-005, 4.92343499303e-009, 1.39447298153e-009]
        mean: [4.95124963251e-009, 2.20598508349e-006, 8.5144311015e-006, 2.83800236502e-005, 0.000236833031522, 0.000242119698669, 0.000312730495352, 0.000291618256597, 0.000291921227472, 0.000139612384373, 6.92139728926e-005, 3.39851794706e-005, 3.15589531965e-005, 3.31838928105e-005, 5.91754906054e-005, 5.52339406568e-005, 6.2476581661e-005, 0.000121882228996, 0.000215004882193, 0.000157676709932, 5.37484411325e-005, 1.92473107745e-005, 6.1091795942e-006, 1.89660931937e-006, 1.33500236643e-006, 6.57125625025e-008, 7.73555386413e-011, 2.19865358558e-011]
        median: [5.00426478034e-010, 2.70122022528e-008, 4.08310881994e-007, 2.53223106483e-006, 2.23691022256e-005, 2.31243539019e-005, 2.009214586e-005, 1.5498681023e-005, 1.23080171761e-005, 5.73054649067e-006, 3.22048072121e-006, 2.89904392048e-006, 2.40935719376e-006, 2.43082604356e-006, 2.70723376161e-006, 3.1140621104e-006, 4.8236679504e-006, 7.95405503595e-006, 1.38559253173e-005, 1.1939308024e-005, 3.37393271366e-006, 9.32960062983e-007, 2.06280788007e-007, 4.11165643754e-008, 1.55196318019e-008, 6.19952755798e-010, 1.06238542269e-011, 2.95863073624e-012]
        min: [6.19504301784e-025, 1.84693116508e-023, 2.94414754296e-023, 7.31814397306e-023, 6.32563767852e-023, 7.09933730823e-023, 4.0047786031e-023, 5.670988519e-023, 5.21774028175e-023, 3.12895619604e-023, 6.09936144755e-023, 6.53991943719e-023, 2.02104422113e-022, 3.70907440832e-023, 2.53761028427e-022, 6.82047245388e-023, 1.84738703202e-022, 2.07376045065e-022, 2.68650228966e-022, 3.45619071944e-022, 3.18270160506e-022, 5.18586152905e-022, 4.70866606218e-022, 6.56840981143e-022, 9.95360002017e-022, 1.80244836518e-021, 2.45917544743e-021, 9.00987499075e-022]
        var: [1.22925741174e-015, 2.53672416406e-010, 1.38248512638e-009, 8.3458555622e-009, 4.63903944592e-007, 5.79666050271e-007, 1.08333767912e-006, 8.82477309005e-007, 8.22949630219e-007, 2.7524839652e-007, 9.50468432848e-008, 2.18151097187e-008, 2.44431568319e-008, 1.84554522775e-008, 4.78910635593e-008, 5.08268058752e-008, 5.2261338368e-008, 2.21107839593e-007, 6.95404082762e-007, 3.31899656203e-007, 5.72706682078e-008, 1.507893721e-008, 1.19458720693e-009, 1.36313918486e-010, 1.1211537948e-010, 2.90089268795e-013, 4.08996384261e-020, 3.31292661183e-021]
    mfcc:
        mean: [-864.102600098, 94.7736968994, -43.6679763794, 31.2799358368, -33.926940918, -33.2688484192, -14.6896677017, -19.121339798, -14.8413715363, -8.56556224823, -10.9974346161, -13.09856987, -7.83407068253]
        cov: [[8476.81933594, 1861.21984863, -2269.98144531, 214.393554688, -1108.37866211, -619.311401367, -403.630096436, -257.723724365, -188.443084717, 122.285148621, -132.102142334, -357.436462402, -116.437042236], [1861.21984863, 2768.54321289, -890.87689209, -388.042358398, -245.515441895, -639.546081543, 8.10952091217, -211.878128052, -222.172927856, 22.9053077698, -85.0093536377, -169.867141724, -138.232055664], [-2269.98144531, -890.87689209, 1706.25378418, 162.269332886, 153.319564819, 420.018432617, 45.9783248901, 23.1776847839, 27.0238265991, -129.172805786, 16.713136673, 156.476028442, 32.7543869019], [214.393554688, -388.042358398, 162.269332886, 914.27746582, 87.1830596924, -130.40045166, -46.7483558655, -102.523788452, 35.4766731262, 14.7089500427, -63.489025116, 31.3952445984, 64.0801773071], [-1108.37866211, -245.515441895, 153.319564819, 87.1830596924, 668.854125977, 122.461029053, 4.95198774338, 128.99067688, 66.0600738525, 16.158454895, 37.4991760254, 23.7392654419, 5.89054489136], [-619.311401367, -639.546081543, 420.018432617, -130.40045166, 122.461029053, 650.635009766, 116.276695251, 71.3891830444, 145.287857056, -28.0086727142, 66.2072753906, 72.0855712891, -27.0179920197], [-403.630096436, 8.10952091217, 45.9783248901, -46.7483558655, 4.95198774338, 116.276695251, 314.025115967, 40.35389328, 29.0130386353, 44.2036094666, -3.76297259331, 42.1217536926, -37.4126014709], [-257.723724365, -211.878128052, 23.1776847839, -102.523788452, 128.99067688, 71.3891830444, 40.35389328, 266.718017578, 51.6161956787, -3.427287817, 49.0103607178, -5.27006864548, 9.348528862], [-188.443084717, -222.172927856, 27.0238265991, 35.4766731262, 66.0600738525, 145.287857056, 29.0130386353, 51.6161956787, 239.194351196, 48.3980522156, 2.74024343491, 55.0811386108, 1.36171877384], [122.285148621, 22.9053077698, -129.172805786, 14.7089500427, 16.158454895, -28.0086727142, 44.2036094666, -3.427287817, 48.3980522156, 187.285110474, 34.2873039246, -22.0838394165, 18.9568519592], [-132.102142334, -85.0093536377, 16.713136673, -63.489025116, 37.4991760254, 66.2072753906, -3.76297259331, 49.0103607178, 2.74024343491, 34.2873039246, 165.980484009, 34.9900627136, 3.81771373749], [-357.436462402, -169.867141724, 156.476028442, 31.3952445984, 23.7392654419, 72.0855712891, 42.1217536926, -5.27006864548, 55.0811386108, -22.0838394165, 34.9900627136, 190.446792603, 56.3729782104], [-116.437042236, -138.232055664, 32.7543869019, 64.0801773071, 5.89054489136, -27.0179920197, -37.4126014709, 9.348528862, 1.36171877384, 18.9568519592, 3.81771373749, 56.3729782104, 162.504898071]]
        icov: [[0.000377573567675, -0.000213362189243, 0.000458263093606, -0.000410306791309, 0.000622779480182, -0.00051602802705, 0.000665195344482, -0.000399161945097, 0.00034594340832, -0.00034855294507, 0.000268532370683, -0.000108213011117, 0.000295201403787], [-0.000213362189243, 0.000798557884991, -0.000102297271951, 0.000605737557635, -0.000428714818554, 0.000936455093324, -0.000686211104039, 0.00080153264571, -0.00017608293274, 0.000369457207853, -0.000177456691745, 0.00025065621594, 0.000150897743879], [0.000458263093606, -0.000102297271951, 0.00141553103458, -0.000632187293377, 0.000667946937028, -0.0010776030831, 0.000811230798718, -0.000436839851318, 0.000819153909106, -9.41195394262e-005, 0.000480732909637, -0.000617613317445, 0.000420903234044], [-0.000410306791309, 0.000605737557635, -0.000632187293377, 0.00201998651028, -0.00101821823046, 0.00139447371475, -0.000937370525207, 0.00140533363447, -0.000916192075238, 0.000498262466863, -8.49452699185e-005, 0.000329284084728, -0.000638421392068], [0.000622779480182, -0.000428714818554, 0.000667946937028, -0.00101821823046, 0.00283446302637, -0.00120785075705, 0.00141076778527, -0.00169456051663, 0.00059781112941, -0.000963441911153, 0.000456306501292, -0.000428923696745, 0.000712601467967], [-0.00051602802705, 0.000936455093324, -0.0010776030831, 0.00139447371475, -0.00120785075705, 0.00403448333964, -0.00216793827713, 0.00149370299187, -0.00231168605387, 0.00163143756799, -0.00159546500072, 0.000881253334228, -0.0002154953836], [0.000665195344482, -0.000686211104039, 0.000811230798718, -0.000937370525207, 0.00141076778527, -0.00216793827713, 0.00573496846482, -0.00219540158287, 0.00175992492586, -0.00291653349996, 0.00210279924795, -0.00246401363984, 0.00226491945796], [-0.000399161945097, 0.00080153264571, -0.000436839851318, 0.00140533363447, -0.00169456051663, 0.00149370299187, -0.00219540158287, 0.00628646556288, -0.0021486103069, 0.00213299202733, -0.00226565194316, 0.00214166170917, -0.00154815486167], [0.00034594340832, -0.00017608293274, 0.000819153909106, -0.000916192075238, 0.00059781112941, -0.00231168605387, 0.00175992492586, -0.0021486103069, 0.00714862858877, -0.00324031990021, 0.00237280270085, -0.00307397963479, 0.00174574984703], [-0.00034855294507, 0.000369457207853, -9.41195394262e-005, 0.000498262466863, -0.000963441911153, 0.00163143756799, -0.00291653349996, 0.00213299202733, -0.00324031990021, 0.00856177601963, -0.00334532978013, 0.003191789845, -0.00260123074986], [0.000268532370683, -0.000177456691745, 0.000480732909637, -8.49452699185e-005, 0.000456306501292, -0.00159546500072, 0.00210279924795, -0.00226565194316, 0.00237280270085, -0.00334532978013, 0.00859294552356, -0.00313245970756, 0.00156584917568], [-0.000108213011117, 0.00025065621594, -0.000617613317445, 0.000329284084728, -0.000428923696745, 0.000881253334228, -0.00246401363984, 0.00214166170917, -0.00307397963479, 0.003191789845, -0.00313245970756, 0.00900676939636, -0.00379553204402], [0.000295201403787, 0.000150897743879, 0.000420903234044, -0.000638421392068, 0.000712601467967, -0.0002154953836, 0.00226491945796, -0.00154815486167, 0.00174574984703, -0.00260123074986, 0.00156584917568, -0.00379553204402, 0.00877798814327]]
    sccoeffs:
        dmean: [0.0581286028028, 0.070377252996, 0.0543475449085, 0.0427363924682, 0.038700979203, 0.030880888924]
        dmean2: [0.0862596854568, 0.101219914854, 0.0780810341239, 0.0632570460439, 0.0573025606573, 0.0455759428442]
        dvar: [0.00310222152621, 0.00464567728341, 0.00278051197529, 0.00165876257233, 0.00139365717769, 0.000880184350535]
        dvar2: [0.00550945522264, 0.00776939094067, 0.00469643995166, 0.00304664811119, 0.00263525685295, 0.00183316657785]
        max: [-0.22717705369, -0.234407663345, -0.320286124945, -0.432268470526, -0.448184072971, -0.391365081072]
        mean: [-0.59069943428, -0.688296735287, -0.763833761215, -0.789091408253, -0.779345393181, -0.760451316833]
        median: [-0.587806820869, -0.713137388229, -0.793808698654, -0.811834335327, -0.796371757984, -0.767566382885]
        min: [-0.942386686802, -0.985467612743, -0.968896567822, -0.970129847527, -0.962479412556, -0.959746003151]
        var: [0.0195589661598, 0.0233792737126, 0.0134145244956, 0.00768031133339, 0.00631785485893, 0.00397697556764]
    scvalleys:
        dmean: [0.459814727306, 0.567382216454, 0.476611346006, 0.423783123493, 0.422012209892, 0.467325031757]
        dmean2: [0.763768553734, 0.913348257542, 0.740576386452, 0.645346462727, 0.614471435547, 0.647824764252]
        dvar: [0.162442326546, 0.296730369329, 0.210779681802, 0.172336503863, 0.179466113448, 0.269487112761]
        dvar2: [0.414509981871, 0.719480097294, 0.450691103935, 0.36011749506, 0.348591029644, 0.456720948219]
        max: [-5.82657623291, -4.83371210098, -4.73407554626, -5.45993900299, -5.28311061859, -6.96046686172]
        mean: [-9.81922626495, -8.02504253387, -8.5715970993, -9.01793479919, -8.78010654449, -11.5539970398]
        median: [-9.89230728149, -7.79691171646, -8.37101745605, -8.86510848999, -8.66715240479, -11.7268486023]
        min: [-27.9317569733, -27.2394657135, -27.0986862183, -26.9582614899, -27.1307735443, -27.2775154114]
        var: [1.07229566574, 1.78125429153, 1.72277784348, 1.6212438345, 1.51643788815, 1.68859779835]

rhythm:
    beats_loudness:
        dmean: 0.00336753996089
        dmean2: 0.00598009582609
        dvar: 1.16580295071e-005
        dvar2: 3.14750723192e-005
        max: 0.0265321526676
        mean: 0.00376441027038
        median: 0.00256125256419
        min: 3.8098024735e-011
        var: 1.47601513163e-005
    bpm: 123.16053009
    bpm_confidence: 0
    first_peak_bpm: 123
    first_peak_spread: 0.651162803173
    first_peak_weight: 0.0683890581131
    onset_rate: 4.88574075699
    second_peak_bpm: 117
    second_peak_spread: 0.336448609829
    second_peak_weight: 0.0539513677359
    beats_loudness_band_ratio:
        dmean: [0.0598597414792, 0.207409456372, 0.246668756008, 0.128392457962, 0.133744254708, 0.212477430701]
        dmean2: [0.109283342957, 0.371208369732, 0.428330510855, 0.235268414021, 0.240763828158, 0.384901046753]
        dvar: [0.0103655960411, 0.0434238277376, 0.0417443811893, 0.0270579066128, 0.0245168078691, 0.0637050494552]
        dvar2: [0.0307244565338, 0.121244460344, 0.109394110739, 0.0755854398012, 0.0699438154697, 0.173958644271]
        max: [0.863678812981, 0.990109920502, 0.992201805115, 0.830133378506, 0.971648335457, 0.995614886284]
        mean: [0.0540192574263, 0.227548822761, 0.34330958128, 0.100674770772, 0.133979588747, 0.186044499278]
        median: [0.0163071118295, 0.134068712592, 0.303805977106, 0.0322996526957, 0.0742290988564, 0.0779212340713]
        min: [0, 0, 0, 0, 0, 0]
        var: [0.00991273950785, 0.0576993264258, 0.0665738806129, 0.0229053162038, 0.026520723477, 0.0603085458279]
