
metadata:
    version:
        essentia: "2.1-beta2"
    audio_properties:
        analysis_sample_rate: 44100
        bitrate: 128
        channels: 2
        equal_loudness: 1
        length: 364.042449951
        replay_gain: -3.95038604736
        downmix: "mix"
    tags:
        album: "Saison 1"
        artist: "La IIIème Légion"
        comment: "BO par Bertrand."
        date: "2005"
        genre: "Other"
        title: "Episode 2"
        tracknumber: "2"

configuration:
    average_loudness:
        compute: 1
        frameSize: 88200
        hopSize: 44100
        silentFrames: "noise"
        windowType: "hann"
    general:
        analysisSampleRate: 44100
        endTime: 2000
        equalLoudness: 1
        nequalLoudness: 0
        shortSound: 0
        startTime: 0
    lowlevel:
        compute: 1
        frameSize: 2048
        hopSize: 1024
        zeroPadding: 0
        silentFrames: "noise"
        windowType: "blackmanharris62"
        mfccStats: ["mean", "cov", "icov"]
        stats: ["mean", "var", "median", "min", "max", "dmean", "dmean2", "dvar", "dvar2"]
    panning:
        compute: 0
        frameSize: 8192
        hopSize: 2048
        zeroPadding: 8192
        silentFrames: "noise"
        windowType: "hann"
        stats: ["copy"]
    rhythm:
        compute: 1
        maxTempo: 208
        minTempo: 40
        method: "degara"
        stats: ["mean", "var", "median", "min", "max", "dmean", "dmean2", "dvar", "dvar2"]
    segmentation:
        compute: 0
        cpw: 5
        inc1: 300
        inc2: 50
        minimumSegmentsLength: 10
        size1: 1000
        size2: 600
    sfx:
        compute: 1
        stats: ["mean", "var", "median", "min", "max", "dmean", "dmean2", "dvar", "dvar2"]
    svm:
        compute: 0
    tonal:
        compute: 1
        frameSize: 4096
        hopSize: 2048
        zeroPadding: 0
        silentFrames: "noise"
        windowType: "blackmanharris62"
        stats: ["mean", "var", "median", "min", "max", "dmean", "dmean2", "dvar", "dvar2"]

lowlevel:
    average_loudness: 0.0168974455446
    barkbands_kurtosis:
        dmean: 3.17870163918
        dmean2: 5.06815671921
        dvar: 97.2595443726
        dvar2: 224.747543335
        max: 513.584838867
        mean: 2.7368016243
        median: 0.404999822378
        min: -1.95756995678
        var: 119.349868774
    barkbands_skewness:
        dmean: 0.734085559845
        dmean2: 1.10080933571
        dvar: 0.75416880846
        dvar2: 1.52223432064
        max: 15.1263780594
        mean: 0.687993884087
        median: 0.751181542873
        min: -20.8034286499
        var: 2.57371330261
    barkbands_spread:
        dmean: 6.04238367081
        dmean2: 9.4387512207
        dvar: 43.1183776855
        dvar2: 97.7631759644
        max: 68.9309005737
        mean: 19.4636192322
        median: 17.1240615845
        min: 0.328069478273
        var: 130.234054565
    dissonance:
        dmean: 0.0290727745742
        dmean2: 0.0488163903356
        dvar: 0.00108275201637
        dvar2: 0.00273279100657
        max: 0.500000119209
        mean: 0.452561944723
        median: 0.469294101
        min: 0.0804151669145
        var: 0.00254241935909
    hfc:
        dmean: 1.29120635986
        dmean2: 1.83944058418
        dvar: 10.8049840927
        dvar2: 22.1074829102
        max: 83.2941207886
        mean: 2.80510449409
        median: 0.650996744633
        min: 1.24187166461e-016
        var: 38.8311576843
    pitch:
        dmean: 542.035705566
        dmean2: 1028.37036133
        dvar: 1223183.5
        dvar2: 2956962
        max: 6162.68994141
        mean: 914.77734375
        median: 353.184020996
        min: 44.4722671509
        var: 1606582.625
    pitch_instantaneous_confidence:
        dmean: 0.119540549815
        dmean2: 0.189436659217
        dvar: 0.011275566183
        dvar2: 0.0255195330828
        max: 0.990707337856
        mean: 0.555352389812
        median: 0.548157453537
        min: 0.0414756536484
        var: 0.0373785980046
    pitch_salience:
        dmean: 0.0788729339838
        dmean2: 0.125927999616
        dvar: 0.00522629218176
        dvar2: 0.0120850140229
        max: 0.961826086044
        mean: 0.621108472347
        median: 0.641501247883
        min: 0.0408492423594
        var: 0.0161865279078
    silence_rate_20dB:
        dmean: 0
        dmean2: 0
        dvar: 0
        dvar2: 0
        max: 1
        mean: 1
        median: 1
        min: 1
        var: 0
    silence_rate_30dB:
        dmean: 0
        dmean2: 0
        dvar: 0
        dvar2: 0
        max: 1
        mean: 1
        median: 1
        min: 1
        var: 0
    silence_rate_60dB:
        dmean: 0.0455415248871
        dmean2: 0.0910888537765
        dvar: 0.0434686541557
        dvar2: 0.0931295230985
        max: 1
        mean: 0.873525083065
        median: 1
        min: 0
        var: 0.110475964844
    spectral_centroid:
        dmean: 344.206604004
        dmean2: 519.690856934
        dvar: 205455.78125
        dvar2: 399207.09375
        max: 11092.03125
        mean: 1491.1739502
        median: 1235.7878418
        min: 194.103866577
        var: 753823.8125
    spectral_complexity:
        dmean: 1.59280514717
        dmean2: 2.41959547997
        dvar: 5.77085828781
        dvar2: 10.6833677292
        max: 49
        mean: 4.01345729828
        median: 2
        min: 0
        var: 33.7939147949
    spectral_crest:
        dmean: 3.15839791298
        dmean2: 5.14786195755
        dvar: 8.04997348785
        dvar2: 19.4901790619
        max: 26.6397686005
        mean: 10.5276241302
        median: 9.64279079437
        min: 2.55189800262
        var: 21.0758342743
    spectral_decrease:
        dmean: 1.61292507128e-010
        dmean2: 2.27818236498e-010
        dvar: 1.45429376453e-019
        dvar2: 2.91852041726e-019
        max: 1.4179255974e-029
        mean: -3.85457610275e-010
        median: -1.34932273688e-010
        min: -9.40136679617e-009
        var: 5.57509341404e-019
    spectral_energy:
        dmean: 0.000718767114449
        dmean2: 0.0010150806047
        dvar: 2.76004107036e-006
        dvar2: 5.51526136405e-006
        max: 0.0382396951318
        mean: 0.00170923315454
        median: 0.000576073478442
        min: 1.12106310157e-020
        var: 1.10469045467e-005
    spectral_energyband_high:
        dmean: 6.06556677667e-005
        dmean2: 9.02744068298e-005
        dvar: 5.97379568035e-008
        dvar2: 1.37839734293e-007
        max: 0.0131051391363
        mean: 9.52808695729e-005
        median: 8.31273518997e-006
        min: 8.15341670815e-021
        var: 9.85611663396e-008
    spectral_energyband_low:
        dmean: 2.64707232418e-005
        dmean2: 4.36869013356e-005
        dvar: 2.13609290256e-008
        dvar2: 5.35308330996e-008
        max: 0.00481644971296
        mean: 7.6024349255e-005
        median: 5.71092073187e-007
        min: 1.12202013689e-023
        var: 1.16040197895e-007
    spectral_energyband_middle_high:
        dmean: 0.000434577814303
        dmean2: 0.000626980210654
        dvar: 1.24259850054e-006
        dvar2: 2.53753592006e-006
        max: 0.0259813051671
        mean: 0.000895067641977
        median: 0.00014221399033
        min: 1.77017014593e-021
        var: 4.39213090431e-006
    spectral_energyband_middle_low:
        dmean: 0.000330474955263
        dmean2: 0.000488000106998
        dvar: 1.1888470226e-006
        dvar2: 2.52442441706e-006
        max: 0.0319336913526
        mean: 0.000677610805724
        median: 0.000288839743007
        min: 3.43667265981e-022
        var: 2.30493014897e-006
    spectral_flatness_db:
        dmean: 0.0321650877595
        dmean2: 0.0484760217369
        dvar: 0.000950368354097
        dvar2: 0.00185315369163
        max: 0.496558755636
        mean: 0.241570100188
        median: 0.239664569497
        min: 0.0723444223404
        var: 0.00508767738938
    spectral_flux:
        dmean: 0.00784161500633
        dmean2: 0.0126619031653
        dvar: 0.000111649904284
        dvar2: 0.000262725021457
        max: 0.164508372545
        mean: 0.02089314349
        median: 0.0162190422416
        min: 1.05880269829e-010
        var: 0.000341725128237
    spectral_kurtosis:
        dmean: 4.30705404282
        dmean2: 7.36211633682
        dvar: 31.5893211365
        dvar2: 90.9152374268
        max: 146.288391113
        mean: 7.09838581085
        median: 4.28185653687
        min: -1.3190048933
        var: 106.613479614
    spectral_rms:
        dmean: 0.000246950279688
        dmean2: 0.000335263524903
        dvar: 1.10094227068e-007
        dvar2: 1.87574585198e-007
        max: 0.00610794732347
        mean: 0.000959998054896
        median: 0.000749681901652
        min: 3.3071438383e-012
        var: 7.45943737002e-007
    spectral_rolloff:
        dmean: 653.669433594
        dmean2: 1085.10510254
        dvar: 783763.3125
        dvar2: 1588292.25
        max: 18367.8222656
        mean: 2482.78637695
        median: 2454.78515625
        min: 172.265625
        var: 2117541.5
    spectral_skewness:
        dmean: 0.479763567448
        dmean2: 0.776677787304
        dvar: 0.227606385946
        dvar2: 0.597139239311
        max: 9.81901168823
        mean: 1.47390317917
        median: 1.38176643848
        min: -1.13746273518
        var: 0.925809979439
    spectral_spread:
        dmean: 535979.375
        dmean2: 797879.8125
        dvar: 469397766144
        dvar2: 891788525568
        max: 39415008
        mean: 3251492.75
        median: 2966680
        min: 617074.375
        var: 2.67351228416e+012
    spectral_strongpeak:
        dmean: 0.352939903736
        dmean2: 0.573165595531
        dvar: 0.565433859825
        dvar2: 1.35671031475
        max: 12.5196342468
        mean: 0.587770879269
        median: 0.212868243456
        min: 4.20707868543e-009
        var: 1.44974291325
    zerocrossingrate:
        dmean: 0.0127063374966
        dmean2: 0.0142565853894
        dvar: 0.00019061898638
        dvar2: 0.000216415981413
        max: 0.505859375
        mean: 0.0798952877522
        median: 0.072265625
        min: 0.00537109375
        var: 0.00154443981592
    barkbands:
        dmean: [2.39942714586e-008, 7.16256272426e-006, 1.46932534335e-005, 3.7563542719e-005, 6.62576712784e-005, 5.52699821128e-005, 5.92368342041e-005, 6.88807485858e-005, 0.000128106898046, 8.56358601595e-005, 5.86212809139e-005, 3.41782906617e-005, 2.08931451198e-005, 2.31120720855e-005, 4.61002746306e-005, 4.89327358082e-005, 9.08720030566e-005, 7.6583797636e-005, 9.73849382717e-005, 7.30344181648e-005, 2.8047386877e-005, 4.79849859403e-006, 1.0437512401e-006, 3.40276272937e-007, 1.67722603805e-007, 4.20566825809e-009, 7.47203895979e-011]
        dmean2: [4.09235632048e-008, 1.16907276606e-005, 2.49074400926e-005, 5.84430199524e-005, 9.95930240606e-005, 8.4347811935e-005, 9.08174479264e-005, 0.000106943836727, 0.000204132273211, 0.000131330903969, 9.02635947568e-005, 5.1912269555e-005, 3.31486335199e-005, 3.68946894014e-005, 7.16815629858e-005, 7.79477777542e-005, 0.000141854645335, 0.00011681948672, 0.000146077552927, 0.000113015928946, 4.14997230109e-005, 7.2739544521e-006, 1.64395760294e-006, 5.16250338478e-007, 2.65520981202e-007, 6.39167119232e-009, 1.37828262692e-010]
        dvar: [9.35425781973e-014, 2.52522003308e-009, 7.73320163461e-009, 1.33864517693e-007, 2.47188978619e-007, 3.3086244855e-008, 4.9335845631e-008, 5.45837508525e-008, 1.24552300917e-007, 1.13846830629e-007, 1.17314826298e-007, 3.99345125857e-008, 1.00286001725e-008, 1.13451701367e-008, 3.88867071877e-008, 9.42586524388e-008, 3.04049905253e-007, 1.02201305197e-007, 1.43165650002e-007, 8.7844298946e-008, 9.03474273173e-009, 8.95675755785e-010, 5.05216944668e-011, 5.47725493433e-012, 2.90623406417e-012, 1.01971586015e-015, 5.35578443995e-020]
        dvar2: [2.9987787969e-013, 6.45485354056e-009, 1.94968805545e-008, 3.03997069295e-007, 5.5232487739e-007, 7.48972937004e-008, 1.10369995809e-007, 1.23196670643e-007, 2.81124101775e-007, 2.25395368147e-007, 2.37131033032e-007, 7.81542510708e-008, 2.04688461736e-008, 2.61782169275e-008, 9.06852193339e-008, 2.25730531156e-007, 7.70881456447e-007, 2.44691733542e-007, 2.99084604194e-007, 1.9365889159e-007, 1.86654265377e-008, 1.97134886193e-009, 1.31975416706e-010, 1.35778107507e-011, 7.35838213278e-012, 2.56969912099e-015, 1.71012353815e-019]
        max: [2.43712493102e-005, 0.0030070936773, 0.00308543816209, 0.0135208247229, 0.0158044788986, 0.00704878382385, 0.00864301342517, 0.0119249010459, 0.0166375506669, 0.0122967706993, 0.0137201016769, 0.0129262711853, 0.00550018716604, 0.00539864646271, 0.00751821044832, 0.0164849795401, 0.024663573131, 0.017562482506, 0.0162906441838, 0.0114728305489, 0.00374253885821, 0.00191774463747, 0.000347276945831, 0.000119783835544, 8.46825059853e-005, 9.11044480745e-007, 4.90624962879e-009]
        mean: [4.08241156435e-008, 3.21499792335e-005, 3.21300612995e-005, 3.94906492147e-005, 0.000100419361843, 9.57030279096e-005, 9.35740172281e-005, 0.0001037047914, 0.000199251589947, 0.000116556264402, 7.06295541022e-005, 4.3893342081e-005, 2.82500150206e-005, 3.19476639561e-005, 6.94017726346e-005, 7.16915092198e-005, 0.000151963584358, 0.00013076797768, 0.000140878270031, 0.000105449973489, 4.21621662099e-005, 7.12368137101e-006, 1.39522092013e-006, 4.61592406964e-007, 1.92785819308e-007, 4.57604620863e-009, 6.25907520257e-011]
        median: [6.143440201e-010, 1.20068818887e-007, 1.71583749875e-007, 6.32568003311e-007, 6.81685196469e-006, 9.81194898486e-006, 8.21304274723e-006, 1.52728171088e-005, 5.17229018442e-005, 1.54000044859e-005, 4.88221621708e-006, 3.98476186092e-006, 5.14493876835e-006, 4.06876142733e-006, 4.03657031711e-006, 4.39869518232e-006, 7.22515369489e-006, 9.90460193862e-006, 1.26339828057e-005, 8.2455953816e-006, 2.82186874756e-006, 2.94234524745e-007, 3.27458629101e-008, 7.42931671738e-009, 5.44193579088e-010, 2.48183886636e-011, 7.20453037506e-012]
        min: [6.35155696574e-024, 3.00969683548e-024, 2.46485545736e-024, 1.16490111686e-023, 4.2295051957e-023, 4.21725986564e-023, 9.27034247283e-023, 3.98174291803e-023, 7.21124069862e-023, 1.00801378532e-022, 4.49723480506e-023, 1.05941482595e-022, 1.51944417464e-022, 1.20360749226e-022, 1.33989501499e-022, 3.03802931132e-022, 2.62983809529e-022, 1.59379513538e-022, 2.2304379452e-022, 4.0238121128e-022, 3.98715595535e-022, 6.93440340613e-022, 4.28455121547e-022, 7.09120118618e-022, 1.39133051306e-021, 1.8526929231e-021, 2.61365809112e-021]
        var: [1.25789366445e-013, 4.033727663e-008, 2.91424822052e-008, 1.405915242e-007, 3.3508572983e-007, 9.0208025938e-008, 1.10684872823e-007, 1.08740401572e-007, 2.1979197129e-007, 2.10767808539e-007, 1.73061167175e-007, 6.62264554308e-008, 1.49221808243e-008, 1.53716008811e-008, 7.8525488334e-008, 1.76992429601e-007, 7.81604740041e-007, 2.97380637448e-007, 2.45352651973e-007, 1.41043273061e-007, 1.8184167061e-008, 1.33935584845e-009, 5.25695736942e-011, 6.56841855212e-012, 2.51134443102e-012, 1.05679430389e-015, 4.39591436362e-020]
    frequency_bands:
        dmean: [2.39942714586e-008, 7.16256272426e-006, 1.46932534335e-005, 3.7563542719e-005, 6.62576712784e-005, 5.52699821128e-005, 5.92368342041e-005, 6.88807485858e-005, 0.000128106898046, 8.56358601595e-005, 5.86212809139e-005, 3.41782906617e-005, 2.08931451198e-005, 2.31120720855e-005, 4.61002746306e-005, 4.89327358082e-005, 9.08720030566e-005, 7.6583797636e-005, 9.73849382717e-005, 7.30344181648e-005, 2.8047386877e-005, 4.79849859403e-006, 1.0437512401e-006, 3.40276272937e-007, 1.67722603805e-007, 4.20566825809e-009, 7.47203895979e-011, 2.05721932545e-011]
        dmean2: [4.09235632048e-008, 1.16907276606e-005, 2.49074400926e-005, 5.84430199524e-005, 9.95930240606e-005, 8.4347811935e-005, 9.08174479264e-005, 0.000106943836727, 0.000204132273211, 0.000131330903969, 9.02635947568e-005, 5.1912269555e-005, 3.31486335199e-005, 3.68946894014e-005, 7.16815629858e-005, 7.79477777542e-005, 0.000141854645335, 0.00011681948672, 0.000146077552927, 0.000113015928946, 4.14997230109e-005, 7.2739544521e-006, 1.64395760294e-006, 5.16250338478e-007, 2.65520981202e-007, 6.39167119232e-009, 1.37828262692e-010, 3.83305505391e-011]
        dvar: [9.35425781973e-014, 2.52522003308e-009, 7.73320163461e-009, 1.33864517693e-007, 2.47188978619e-007, 3.3086244855e-008, 4.9335845631e-008, 5.45837508525e-008, 1.24552300917e-007, 1.13846830629e-007, 1.17314826298e-007, 3.99345125857e-008, 1.00286001725e-008, 1.13451701367e-008, 3.88867071877e-008, 9.42586524388e-008, 3.04049905253e-007, 1.02201305197e-007, 1.43165650002e-007, 8.7844298946e-008, 9.03474273173e-009, 8.95675755785e-010, 5.05216944668e-011, 5.47725493433e-012, 2.90623406417e-012, 1.01971586015e-015, 5.35578443995e-020, 4.20197411419e-021]
        dvar2: [2.9987787969e-013, 6.45485354056e-009, 1.94968805545e-008, 3.03997069295e-007, 5.5232487739e-007, 7.48972937004e-008, 1.10369995809e-007, 1.23196670643e-007, 2.81124101775e-007, 2.25395368147e-007, 2.37131033032e-007, 7.81542510708e-008, 2.04688461736e-008, 2.61782169275e-008, 9.06852193339e-008, 2.25730531156e-007, 7.70881456447e-007, 2.44691733542e-007, 2.99084604194e-007, 1.9365889159e-007, 1.86654265377e-008, 1.97134886193e-009, 1.31975416706e-010, 1.35778107507e-011, 7.35838213278e-012, 2.56969912099e-015, 1.71012353815e-019, 1.36397155469e-020]
        max: [2.43712493102e-005, 0.0030070936773, 0.00308543816209, 0.0135208247229, 0.0158044788986, 0.00704878382385, 0.00864301342517, 0.0119249010459, 0.0166375506669, 0.0122967706993, 0.0137201016769, 0.0129262711853, 0.00550018716604, 0.00539864646271, 0.00751821044832, 0.0164849795401, 0.024663573131, 0.017562482506, 0.0162906441838, 0.0114728305489, 0.00374253885821, 0.00191774463747, 0.000347276945831, 0.000119783835544, 8.46825059853e-005, 9.11044480745e-007, 4.90624962879e-009, 1.33839406224e-009]
        mean: [4.08241156435e-008, 3.21499792335e-005, 3.21300612995e-005, 3.94906492147e-005, 0.000100419361843, 9.57030279096e-005, 9.35740172281e-005, 0.0001037047914, 0.000199251589947, 0.000116556264402, 7.06295541022e-005, 4.3893342081e-005, 2.82500150206e-005, 3.19476639561e-005, 6.94017726346e-005, 7.16915092198e-005, 0.000151963584358, 0.00013076797768, 0.000140878270031, 0.000105449973489, 4.21621662099e-005, 7.12368137101e-006, 1.39522092013e-006, 4.61592406964e-007, 1.92785819308e-007, 4.57604620863e-009, 6.25907520257e-011, 1.57293848085e-011]
        median: [6.143440201e-010, 1.20068818887e-007, 1.71583749875e-007, 6.32568003311e-007, 6.81685196469e-006, 9.81194898486e-006, 8.21304274723e-006, 1.52728171088e-005, 5.17229018442e-005, 1.54000044859e-005, 4.88221621708e-006, 3.98476186092e-006, 5.14493876835e-006, 4.06876142733e-006, 4.03657031711e-006, 4.39869518232e-006, 7.22515369489e-006, 9.90460193862e-006, 1.26339828057e-005, 8.2455953816e-006, 2.82186874756e-006, 2.94234524745e-007, 3.27458629101e-008, 7.42931671738e-009, 5.44193579088e-010, 2.48183886636e-011, 7.20453037506e-012, 1.88913858515e-012]
        min: [6.35155696574e-024, 3.00969683548e-024, 2.46485545736e-024, 1.16490111686e-023, 4.2295051957e-023, 4.21725986564e-023, 9.27034247283e-023, 3.98174291803e-023, 7.21124069862e-023, 1.00801378532e-022, 4.49723480506e-023, 1.05941482595e-022, 1.51944417464e-022, 1.20360749226e-022, 1.33989501499e-022, 3.03802931132e-022, 2.62983809529e-022, 1.59379513538e-022, 2.2304379452e-022, 4.0238121128e-022, 3.98715595535e-022, 6.93440340613e-022, 4.28455121547e-022, 7.09120118618e-022, 1.39133051306e-021, 1.8526929231e-021, 2.61365809112e-021, 8.01039251523e-022]
        var: [1.25789366445e-013, 4.033727663e-008, 2.91424822052e-008, 1.405915242e-007, 3.3508572983e-007, 9.0208025938e-008, 1.10684872823e-007, 1.08740401572e-007, 2.1979197129e-007, 2.10767808539e-007, 1.73061167175e-007, 6.62264554308e-008, 1.49221808243e-008, 1.53716008811e-008, 7.8525488334e-008, 1.76992429601e-007, 7.81604740041e-007, 2.97380637448e-007, 2.45352651973e-007, 1.41043273061e-007, 1.8184167061e-008, 1.33935584845e-009, 5.25695736942e-011, 6.56841855212e-012, 2.51134443102e-012, 1.05679430389e-015, 4.39591436362e-020, 3.02117782874e-021]
    mfcc:
        mean: [-870.605163574, 106.436355591, -53.0996818542, 23.4438266754, -30.3201751709, -32.7507667542, -4.87519884109, -12.7780342102, -3.32506227493, -2.06083297729, -6.63325071335, -5.41296386719, -8.41984653473]
        cov: [[9219.875, 1400.44360352, -2515.17236328, 565.524108887, -616.656860352, -85.3002471924, 96.5472793579, -34.0751495361, 235.57069397, 165.580383301, -40.6851425171, -164.285339355, -184.615066528], [1400.44360352, 1313.34729004, -476.721679688, -232.36177063, -12.8799705505, -261.042266846, 122.652938843, -75.3424377441, -19.4219474792, 66.3472213745, -33.0611991882, -95.7072906494, -104.91683197], [-2515.17236328, -476.721679688, 1738.14953613, 256.34387207, 234.607406616, 386.285705566, -104.240264893, -50.4208831787, -120.515106201, -162.127624512, 12.857916832, 83.8008956909, 66.0287246704], [565.524108887, -232.36177063, 256.34387207, 889.43145752, 69.9467773438, -54.6428031921, -70.4700393677, -97.6108093262, 24.2678089142, -79.2135696411, -104.197807312, 59.6890602112, 31.828742981], [-616.656860352, -12.8799705505, 234.607406616, 69.9467773438, 574.770812988, 37.7293243408, -57.7521896362, 152.190994263, -50.2517814636, 2.74378466606, -4.20073509216, -22.0216312408, 78.6075134277], [-85.3002471924, -261.042266846, 386.285705566, -54.6428031921, 37.7293243408, 599.812805176, 27.1955184937, 28.1027183533, 27.0820674896, -66.7919158936, 76.4269790649, -10.3680858612, 0.569590687752], [96.5472793579, 122.652938843, -104.240264893, -70.4700393677, -57.7521896362, 27.1955184937, 233.48588562, 37.4203948975, -16.1058483124, 26.1148262024, 3.88340997696, -13.1712770462, -30.7417964935], [-34.0751495361, -75.3424377441, -50.4208831787, -97.6108093262, 152.190994263, 28.1027183533, 37.4203948975, 286.703552246, 24.5579910278, 21.5948524475, 66.3224639893, -20.2634563446, 33.5625152588], [235.57069397, -19.4219474792, -120.515106201, 24.2678089142, -50.2517814636, 27.0820674896, -16.1058483124, 24.5579910278, 223.875259399, 79.5792999268, 4.00804281235, 38.0746231079, -11.2692756653], [165.580383301, 66.3472213745, -162.127624512, -79.2135696411, 2.74378466606, -66.7919158936, 26.1148262024, 21.5948524475, 79.5792999268, 226.805892944, 60.9364051819, -12.175242424, 10.0676269531], [-40.6851425171, -33.0611991882, 12.857916832, -104.197807312, -4.20073509216, 76.4269790649, 3.88340997696, 66.3224639893, 4.00804281235, 60.9364051819, 183.577529907, 34.9536247253, -12.2147169113], [-164.285339355, -95.7072906494, 83.8008956909, 59.6890602112, -22.0216312408, -10.3680858612, -13.1712770462, -20.2634563446, 38.0746231079, -12.175242424, 34.9536247253, 156.611831665, 41.3954696655], [-184.615066528, -104.91683197, 66.0287246704, 31.828742981, 78.6075134277, 0.569590687752, -30.7417964935, 33.5625152588, -11.2692756653, 10.0676269531, -12.2147169113, 41.3954696655, 142.48085022]]
        icov: [[0.000523461785633, -0.000687334453687, 0.000867376453243, -0.00091195810819, 0.000681848672684, -0.00105324201286, 0.000777108303737, -0.000778725021519, 0.000633841671515, -0.000562338042073, 0.000378590048058, -0.000323823041981, 0.000169436039869], [-0.000687334453687, 0.00202612788416, -0.000990186468698, 0.00148873706348, -0.0013328702189, 0.00191633484792, -0.00171404809225, 0.00178895343561, -0.00114804913756, 0.000993251800537, -0.0007974577602, 0.00100276642479, 0.000143444267451], [0.000867376453243, -0.000990186468698, 0.00233471393585, -0.00166231091134, 0.000804796116427, -0.00231548701413, 0.00153346825391, -0.00108302780427, 0.00163079763297, -0.000867500144523, 0.000736725865863, -0.00109840929508, 0.000407920277212], [-0.00091195810819, 0.00148873706348, -0.00166231091134, 0.00306139444001, -0.00156180979684, 0.00222247000784, -0.00148410059046, 0.00200324202888, -0.00168652588036, 0.00146868557204, -0.000283093220787, 0.000409336586017, -0.000318611680996], [0.000681848672684, -0.0013328702189, 0.000804796116427, -0.00156180979684, 0.00367742287926, -0.00180946022738, 0.00214501237497, -0.00310162967071, 0.00197890563868, -0.0017213303363, 0.00150114041753, -0.000611553085037, -0.000365737068933], [-0.00105324201286, 0.00191633484792, -0.00231548701413, 0.00222247000784, -0.00180946022738, 0.00510740512982, -0.00293617346324, 0.00266452389769, -0.00331654073671, 0.00313181150705, -0.00309244706295, 0.0026947108563, -0.00119194097351], [0.000777108303737, -0.00171404809225, 0.00153346825391, -0.00148410059046, 0.00214501237497, -0.00293617346324, 0.00716715259477, -0.0034837522544, 0.00327499397099, -0.00299053336494, 0.00280189397745, -0.00240256986581, 0.00196956074797], [-0.000778725021519, 0.00178895343561, -0.00108302780427, 0.00200324202888, -0.00310162967071, 0.00266452389769, -0.0034837522544, 0.00777588551864, -0.00367621495388, 0.00318122142926, -0.00430857436731, 0.00327100185677, -0.00235535111278], [0.000633841671515, -0.00114804913756, 0.00163079763297, -0.00168652588036, 0.00197890563868, -0.00331654073671, 0.00327499397099, -0.00367621495388, 0.00897154491395, -0.00522657576948, 0.00417151581496, -0.00469045061618, 0.00289022224024], [-0.000562338042073, 0.000993251800537, -0.000867500144523, 0.00146868557204, -0.0017213303363, 0.00313181150705, -0.00299053336494, 0.00318122142926, -0.00522657576948, 0.00902345404029, -0.00532975886017, 0.0040162326768, -0.00305551290512], [0.000378590048058, -0.0007974577602, 0.000736725865863, -0.000283093220787, 0.00150114041753, -0.00309244706295, 0.00280189397745, -0.00430857436731, 0.00417151581496, -0.00532975886017, 0.0109734060243, -0.00554409762844, 0.00368681154214], [-0.000323823041981, 0.00100276642479, -0.00109840929508, 0.000409336586017, -0.000611553085037, 0.0026947108563, -0.00240256986581, 0.00327100185677, -0.00469045061618, 0.0040162326768, -0.00554409762844, 0.0113213444129, -0.00464515807107], [0.000169436039869, 0.000143444267451, 0.000407920277212, -0.000318611680996, -0.000365737068933, -0.00119194097351, 0.00196956074797, -0.00235535111278, 0.00289022224024, -0.00305551290512, 0.00368681154214, -0.00464515807107, 0.0105222491547]]
    sccoeffs:
        dmean: [0.053265850991, 0.0557624772191, 0.0483695231378, 0.0355150736868, 0.0325117148459, 0.0329832807183]
        dmean2: [0.0831775963306, 0.0872195214033, 0.0743293687701, 0.0544682815671, 0.0483632571995, 0.0481491982937]
        dvar: [0.0022357259877, 0.00224550720304, 0.00186304165982, 0.00102631456684, 0.00106335955206, 0.00105877232272]
        dvar2: [0.00466565508395, 0.0049025574699, 0.00379545241594, 0.00216613290831, 0.00200281105936, 0.00202165707015]
        max: [-0.274352222681, -0.337861865759, -0.423922479153, -0.398867666721, -0.39532995224, -0.391185075045]
        mean: [-0.686513662338, -0.733755171299, -0.759372055531, -0.799820959568, -0.791026294231, -0.724492490292]
        median: [-0.691564083099, -0.741714835167, -0.763950824738, -0.810785472393, -0.807417154312, -0.733721971512]
        min: [-0.966739952564, -0.970244050026, -0.964381456375, -0.977014005184, -0.961235523224, -0.9569658041]
        var: [0.0116707189009, 0.0102809974924, 0.0083090858534, 0.00451018335298, 0.00497892824933, 0.00652214000002]
    scvalleys:
        dmean: [0.429437279701, 0.423434615135, 0.387021392584, 0.360689520836, 0.359528392553, 0.361803084612]
        dmean2: [0.71921402216, 0.689042806625, 0.604772090912, 0.54013133049, 0.516656398773, 0.523608326912]
        dvar: [0.137287408113, 0.143927529454, 0.139327123761, 0.127561986446, 0.134808719158, 0.149542242289]
        dvar2: [0.344712823629, 0.338411986828, 0.283257752657, 0.24458090961, 0.242349267006, 0.301462620497]
        max: [-5.14098072052, -4.45329809189, -5.01771974564, -5.56354427338, -5.46561861038, -7.40162038803]
        mean: [-9.38715839386, -7.87791347504, -8.26243972778, -8.84110927582, -8.84279346466, -12.5815820694]
        median: [-9.49662017822, -7.71405172348, -7.9079785347, -8.55982112885, -8.61478042603, -12.8567619324]
        min: [-27.6019001007, -27.3300056458, -27.2210292816, -27.1376533508, -27.3677577972, -27.2530651093]
        var: [1.89736449718, 1.75383782387, 2.14401721954, 2.20370936394, 1.90286946297, 2.1805741787]

rhythm:
    beats_loudness:
        dmean: 0.00259574106894
        dmean2: 0.00485166767612
        dvar: 1.49929664985e-005
        dvar2: 4.89399462822e-005
        max: 0.0348921008408
        mean: 0.00261997920461
        median: 0.000948862405494
        min: 1.26948535017e-010
        var: 2.01997791009e-005
    bpm: 126.069541931
    bpm_confidence: 0
    first_peak_bpm: 126
    first_peak_spread: 0.654708504677
    first_peak_weight: 0.108757063746
    onset_rate: 4.44453668594
    second_peak_bpm: 120
    second_peak_spread: 0.32835817337
    second_peak_weight: 0.0635593235493
    beats_loudness_band_ratio:
        dmean: [0.0643196180463, 0.160175591707, 0.208292990923, 0.148218289018, 0.145295843482, 0.156714394689]
        dmean2: [0.118098691106, 0.27814334631, 0.357845723629, 0.265477448702, 0.256846904755, 0.275636583567]
        dvar: [0.0106814848259, 0.0332380943, 0.0313292890787, 0.0308377966285, 0.0206639077514, 0.0295060742646]
        dvar2: [0.0326259434223, 0.0901896134019, 0.0875936895609, 0.0830260291696, 0.0574082806706, 0.0779428780079]
        max: [0.762614607811, 0.978577613831, 0.945694923401, 0.957059025764, 0.896001696587, 0.962535083294]
        mean: [0.0610984563828, 0.167625769973, 0.31968280673, 0.146803438663, 0.172998264432, 0.177560165524]
        median: [0.0109544629231, 0.0802397429943, 0.280888527632, 0.0754388943315, 0.122683659196, 0.101284138858]
        min: [6.52145081403e-006, 0.000114720904094, 0.00285607203841, 0.000275436614174, 0.000101528756204, 3.22807209159e-005]
        var: [0.0126920370385, 0.0417930521071, 0.054963760078, 0.0318285934627, 0.0275478791445, 0.0370516516268]
