
metadata:
    version:
        essentia: "2.1-beta2"
    audio_properties:
        analysis_sample_rate: 44100
        bitrate: 128
        channels: 2
        equal_loudness: 1
        length: 487.314300537
        replay_gain: -11.0448856354
        downmix: "mix"
    tags:
        album: ""
        artist: ""
        comment: ""
        date: ""
        genre: "Blues"
        title: ""
        tracknumber: ""

configuration:
    average_loudness:
        compute: 1
        frameSize: 88200
        hopSize: 44100
        silentFrames: "noise"
        windowType: "hann"
    general:
        analysisSampleRate: 44100
        endTime: 2000
        equalLoudness: 1
        nequalLoudness: 0
        shortSound: 0
        startTime: 0
    lowlevel:
        compute: 1
        frameSize: 2048
        hopSize: 1024
        zeroPadding: 0
        silentFrames: "noise"
        windowType: "blackmanharris62"
        mfccStats: ["mean", "cov", "icov"]
        stats: ["mean", "var", "median", "min", "max", "dmean", "dmean2", "dvar", "dvar2"]
    panning:
        compute: 0
        frameSize: 8192
        hopSize: 2048
        zeroPadding: 8192
        silentFrames: "noise"
        windowType: "hann"
        stats: ["copy"]
    rhythm:
        compute: 1
        maxTempo: 208
        minTempo: 40
        method: "degara"
        stats: ["mean", "var", "median", "min", "max", "dmean", "dmean2", "dvar", "dvar2"]
    segmentation:
        compute: 0
        cpw: 5
        inc1: 300
        inc2: 50
        minimumSegmentsLength: 10
        size1: 1000
        size2: 600
    sfx:
        compute: 1
        stats: ["mean", "var", "median", "min", "max", "dmean", "dmean2", "dvar", "dvar2"]
    svm:
        compute: 0
    tonal:
        compute: 1
        frameSize: 4096
        hopSize: 2048
        zeroPadding: 0
        silentFrames: "noise"
        windowType: "blackmanharris62"
        stats: ["mean", "var", "median", "min", "max", "dmean", "dmean2", "dvar", "dvar2"]

lowlevel:
    average_loudness: 0.639851391315
    barkbands_kurtosis:
        dmean: 4.45264816284
        dmean2: 7.08574533463
        dvar: 125.747558594
        dvar2: 283.042694092
        max: 613.205505371
        mean: 4.76168489456
        median: 0.120921179652
        min: -1.97814500332
        var: 214.552978516
    barkbands_skewness:
        dmean: 0.849476754665
        dmean2: 1.26643562317
        dvar: 1.18624985218
        dvar2: 2.31238555908
        max: 21.5833206177
        mean: 0.810849785805
        median: 0.586878478527
        min: -11.5494918823
        var: 3.93919897079
    barkbands_spread:
        dmean: 6.88151884079
        dmean2: 11.1930608749
        dvar: 73.6250686646
        dvar2: 182.17199707
        max: 79.0012741089
        mean: 22.246465683
        median: 22.1452388763
        min: 0.280684739351
        var: 172.560791016
    dissonance:
        dmean: 0.0302304625511
        dmean2: 0.0480253882706
        dvar: 0.00137437402736
        dvar2: 0.00320107117295
        max: 0.500000119209
        mean: 0.439481914043
        median: 0.465182930231
        min: 0.0808599293232
        var: 0.00403280369937
    hfc:
        dmean: 1.77448868752
        dmean2: 2.55546665192
        dvar: 10.3640375137
        dvar2: 19.8610076904
        max: 73.5208511353
        mean: 4.41186714172
        median: 3.11675906181
        min: 1.2432181823e-016
        var: 29.1190052032
    pitch:
        dmean: 673.47479248
        dmean2: 1275.86120605
        dvar: 1686058.125
        dvar2: 4062407.25
        max: 6548.50537109
        mean: 1021.17889404
        median: 278.403442383
        min: 43.9453659058
        var: 2213637
    pitch_instantaneous_confidence:
        dmean: 0.112736523151
        dmean2: 0.176786333323
        dvar: 0.0127991521731
        dvar2: 0.0270074103028
        max: 0.995800197124
        mean: 0.550329625607
        median: 0.542492389679
        min: 0.0984054803848
        var: 0.0530106388032
    pitch_salience:
        dmean: 0.078339651227
        dmean2: 0.124510519207
        dvar: 0.00678623188287
        dvar2: 0.0148461153731
        max: 0.954254567623
        mean: 0.626468002796
        median: 0.665278077126
        min: 0.0253893397748
        var: 0.0243319738656
    silence_rate_20dB:
        dmean: 0
        dmean2: 0
        dvar: 0
        dvar2: 0
        max: 1
        mean: 1
        median: 1
        min: 1
        var: 0
    silence_rate_30dB:
        dmean: 0
        dmean2: 0
        dvar: 0
        dvar2: 0
        max: 1
        mean: 1
        median: 1
        min: 1
        var: 0
    silence_rate_60dB:
        dmean: 0.139419645071
        dmean2: 0.278852581978
        dvar: 0.119983747602
        dvar2: 0.236291944981
        max: 1
        mean: 0.511768639088
        median: 1
        min: 0
        var: 0.249819397926
    spectral_centroid:
        dmean: 423.657897949
        dmean2: 640.102661133
        dvar: 430190.8125
        dvar2: 765246.9375
        max: 11379.0546875
        mean: 1599.0703125
        median: 1345.53833008
        min: 195.750534058
        var: 1269327.5
    spectral_complexity:
        dmean: 2.16705584526
        dmean2: 3.25845813751
        dvar: 7.2814540863
        dvar2: 14.4511327744
        max: 45
        mean: 6.81136846542
        median: 5
        min: 0
        var: 42.6430206299
    spectral_crest:
        dmean: 3.00299882889
        dmean2: 4.85071611404
        dvar: 8.79173564911
        dvar2: 20.7719097137
        max: 26.8159046173
        mean: 10.1917276382
        median: 8.84239959717
        min: 2.41088294983
        var: 28.4000797272
    spectral_decrease:
        dmean: 3.00363400818e-010
        dmean2: 4.30346674962e-010
        dvar: 2.09054855475e-019
        dvar2: 3.64251283334e-019
        max: 2.55218037143e-029
        mean: -8.12137079809e-010
        median: -6.88823387218e-010
        min: -6.15697270945e-009
        var: 6.64394828424e-019
    spectral_energy:
        dmean: 0.00126722105779
        dmean2: 0.00181431137025
        dvar: 3.5929558635e-006
        dvar2: 6.31530974715e-006
        max: 0.0241691507399
        mean: 0.0034653688781
        median: 0.00299482070841
        min: 1.11800358344e-020
        var: 1.14582035167e-005
    spectral_energyband_high:
        dmean: 0.000135159658385
        dmean2: 0.000202620212804
        dvar: 1.45315397049e-007
        dvar2: 2.82597170553e-007
        max: 0.0119641339406
        mean: 0.000239061089815
        median: 7.09098749212e-005
        min: 8.04650442177e-021
        var: 3.10268319481e-007
    spectral_energyband_low:
        dmean: 5.09872552357e-005
        dmean2: 8.34547900013e-005
        dvar: 1.58205608614e-008
        dvar2: 4.18913614908e-008
        max: 0.00396177917719
        mean: 8.48472336656e-005
        median: 2.10460730159e-005
        min: 1.21762460391e-022
        var: 2.91033366295e-008
    spectral_energyband_middle_high:
        dmean: 0.000469713791972
        dmean2: 0.000697661191225
        dvar: 1.01940167951e-006
        dvar2: 2.18263244278e-006
        max: 0.0164953060448
        mean: 0.00101721240208
        median: 0.000465318735223
        min: 1.50602498169e-021
        var: 2.31066997003e-006
    spectral_energyband_middle_low:
        dmean: 0.000956427305937
        dmean2: 0.00138318398967
        dvar: 2.59007947534e-006
        dvar2: 4.47233378509e-006
        max: 0.0239825863391
        mean: 0.00218154606409
        median: 0.0013331156224
        min: 3.61653446082e-022
        var: 8.0422805695e-006
    spectral_flatness_db:
        dmean: 0.0317159630358
        dmean2: 0.0470444783568
        dvar: 0.00126973271836
        dvar2: 0.00234578410164
        max: 0.539256811142
        mean: 0.210953488946
        median: 0.189770072699
        min: 0.0541387908161
        var: 0.00632533058524
    spectral_flux:
        dmean: 0.0117312520742
        dmean2: 0.0187541823834
        dvar: 0.000196319742827
        dvar2: 0.000481123570353
        max: 0.142870292068
        mean: 0.033660210669
        median: 0.0322392843664
        min: 1.05735691036e-010
        var: 0.000476200162666
    spectral_kurtosis:
        dmean: 2.50616288185
        dmean2: 4.116355896
        dvar: 14.9745435715
        dvar2: 39.0490074158
        max: 164.582000732
        mean: 5.25959205627
        median: 3.34537315369
        min: -1.32113933563
        var: 72.7210769653
    spectral_rms:
        dmean: 0.000349704845576
        dmean2: 0.000486977311084
        dvar: 2.05642237461e-007
        dvar2: 3.32659624291e-007
        max: 0.00485588936135
        mean: 0.00157788931392
        median: 0.00170932046603
        min: 3.30262791941e-012
        var: 8.91101024081e-007
    spectral_rolloff:
        dmean: 696.609313965
        dmean2: 1150.36572266
        dvar: 1258478.25
        dvar2: 2393577.5
        max: 18906.1523438
        mean: 2725.99267578
        median: 2928.515625
        min: 129.19921875
        var: 3225792.25
    spectral_skewness:
        dmean: 0.358992218971
        dmean2: 0.553193211555
        dvar: 0.146117702127
        dvar2: 0.322455108166
        max: 11.1383094788
        mean: 1.4756718874
        median: 1.31589150429
        min: -0.781675755978
        var: 0.786205232143
    spectral_spread:
        dmean: 718044.1875
        dmean2: 1055730.25
        dvar: 953987104768
        dvar2: 1.71110105088e+012
        max: 41327688
        mean: 4335190
        median: 3890784.5
        min: 583325.4375
        var: 3.47379597312e+012
    spectral_strongpeak:
        dmean: 0.436478763819
        dmean2: 0.714859962463
        dvar: 0.58585780859
        dvar2: 1.40877079964
        max: 10.4595317841
        mean: 0.717354595661
        median: 0.373260170221
        min: 1.53149257165e-010
        var: 1.02424633503
    zerocrossingrate:
        dmean: 0.0164521485567
        dmean2: 0.0178312472999
        dvar: 0.000447093392722
        dvar2: 0.000439899071353
        max: 0.50732421875
        mean: 0.0888653993607
        median: 0.08447265625
        min: 0.00830078125
        var: 0.00269031361677
    barkbands:
        dmean: [1.15294533032e-007, 8.08087224868e-006, 3.05125704472e-005, 5.32254525751e-005, 0.000264007685473, 0.000270819466095, 0.000345722335624, 0.000287864007987, 0.00020693539409, 0.0001092568491, 5.43378810107e-005, 4.07737716159e-005, 2.44793154707e-005, 2.50283010246e-005, 4.89510020998e-005, 8.19808847154e-005, 6.76163544995e-005, 7.35588109819e-005, 0.000115618109703, 0.000123729332699, 6.3011822931e-005, 1.64880384546e-005, 4.84428619529e-006, 1.72820739408e-006, 1.17482466067e-006, 7.09090315354e-008, 1.41031200607e-010]
        dmean2: [1.74976150902e-007, 1.38095992952e-005, 5.12444457854e-005, 8.53562887642e-005, 0.000399679789552, 0.000408944382798, 0.000527731201146, 0.000435595778981, 0.000313843745971, 0.000168496757396, 8.76794219948e-005, 6.80982484482e-005, 3.99716082029e-005, 3.99076525355e-005, 7.93589060777e-005, 0.000130824890221, 0.000107764797576, 0.000117334129754, 0.000178165675607, 0.000189777332707, 9.59239769145e-005, 2.53906819125e-005, 7.34610648578e-006, 2.57848410001e-006, 1.65965343513e-006, 1.07106053804e-007, 2.61550531233e-010]
        dvar: [1.69718121393e-013, 6.37508268397e-010, 6.56198961835e-009, 2.22329425981e-008, 3.2536974004e-007, 4.58224945987e-007, 9.4853680821e-007, 7.4856785659e-007, 4.80823700855e-007, 2.10649460541e-007, 3.38558798774e-008, 2.22226201885e-008, 9.90543203017e-009, 6.84783696414e-009, 3.51570470514e-008, 1.68091261799e-007, 4.22173549453e-008, 3.51223405914e-008, 9.66154445337e-008, 1.23881662262e-007, 4.55112179054e-008, 3.99675315066e-009, 5.23755427917e-010, 9.51588668974e-011, 5.92582580228e-011, 3.15180878358e-013, 5.60637751406e-020]
        dvar2: [3.66338632606e-013, 1.7714251177e-009, 1.81182624459e-008, 5.39083266915e-008, 6.3571303599e-007, 9.16338706247e-007, 1.85068711289e-006, 1.51413792082e-006, 9.53182507146e-007, 4.88329021664e-007, 7.47699075987e-008, 5.83145443045e-008, 2.48579805628e-008, 1.65214046888e-008, 7.99435042609e-008, 3.66851850231e-007, 1.03275979768e-007, 8.26209429761e-008, 2.05407815201e-007, 2.5640102308e-007, 9.60519130899e-008, 8.13598166616e-009, 1.09151232497e-009, 2.0239973586e-010, 1.09355365041e-010, 6.24877970548e-013, 1.77202689176e-019]
        max: [1.27486728161e-005, 0.00068807892967, 0.00218890421093, 0.00662099011242, 0.0132537055761, 0.0180037971586, 0.0223280526698, 0.0206072535366, 0.0201711729169, 0.0168415587395, 0.0070267226547, 0.00638358760625, 0.00696414336562, 0.00568267982453, 0.00506970286369, 0.00976007338613, 0.0053654438816, 0.00577533198521, 0.0102650253102, 0.0116119012237, 0.0084184659645, 0.00290710432455, 0.000989996129647, 0.000386740983231, 0.000287725299131, 2.96837024507e-005, 2.81785395018e-009]
        mean: [1.62058455544e-007, 1.24937305372e-005, 4.43526841991e-005, 7.29116145521e-005, 0.000456791865872, 0.000440218485892, 0.000513159029651, 0.000373241578927, 0.00027775001945, 0.000142006931128, 6.67726490065e-005, 5.05923489982e-005, 3.37359233527e-005, 3.5023491364e-005, 7.16169888619e-005, 0.000116908646305, 0.000114050119009, 0.000119047232147, 0.000179921538802, 0.000215083913645, 9.61767364061e-005, 2.34762028413e-005, 6.04676370131e-006, 2.19294793169e-006, 1.54298993493e-006, 8.76126335925e-008, 1.09354823807e-010]
        median: [3.75642716932e-009, 4.08707364841e-007, 5.24823144588e-006, 1.38974210131e-005, 0.000124308236991, 0.00010069617565, 7.96303429524e-005, 5.28709642822e-005, 4.40605217591e-005, 2.52029385592e-005, 1.44045952766e-005, 1.26770519273e-005, 9.0622161224e-006, 8.67557355377e-006, 1.13962078103e-005, 1.42684857565e-005, 1.30239268401e-005, 2.67841023742e-005, 4.14117967011e-005, 4.26411133958e-005, 2.20448491746e-005, 5.10236350237e-006, 6.97719372056e-007, 1.53986405849e-007, 5.25546717256e-008, 1.68272040746e-009, 2.58385968871e-011]
        min: [8.73534331779e-023, 4.6823675222e-023, 3.04411483677e-023, 1.57827969287e-023, 3.55335768325e-023, 4.9469180221e-023, 2.60679748773e-023, 1.61453195355e-023, 2.07373482845e-022, 4.46438253489e-023, 2.77905851925e-023, 1.59104320989e-022, 9.79904020695e-023, 8.56669495368e-023, 1.58755164841e-022, 1.54827849223e-022, 1.92575323166e-022, 1.74295282912e-022, 2.44227751672e-022, 4.15307397721e-022, 3.91672771591e-022, 4.20564795934e-022, 7.55008447776e-022, 7.47376111232e-022, 1.30294285168e-021, 2.00464010473e-021, 2.49610837516e-021]
        var: [3.27535226588e-013, 1.31503785639e-009, 1.09073550192e-008, 3.38368408848e-008, 8.36238768898e-007, 1.10573319034e-006, 2.09127438211e-006, 1.31350873289e-006, 8.97980555692e-007, 2.82161636278e-007, 4.43696634989e-008, 2.19938218748e-008, 1.12823164145e-008, 8.9530267644e-009, 5.70028504399e-008, 2.82325174794e-007, 9.54004732989e-008, 6.97041713238e-008, 1.94245515672e-007, 2.52199441775e-007, 7.64813847809e-008, 6.34352481654e-009, 7.93792642728e-010, 1.56042956334e-010, 1.17442153225e-010, 6.08450410281e-013, 4.53246863494e-020]
    frequency_bands:
        dmean: [1.15294533032e-007, 8.08087224868e-006, 3.05125704472e-005, 5.32254525751e-005, 0.000264007685473, 0.000270819466095, 0.000345722335624, 0.000287864007987, 0.00020693539409, 0.0001092568491, 5.43378810107e-005, 4.07737716159e-005, 2.44793154707e-005, 2.50283010246e-005, 4.89510020998e-005, 8.19808847154e-005, 6.76163544995e-005, 7.35588109819e-005, 0.000115618109703, 0.000123729332699, 6.3011822931e-005, 1.64880384546e-005, 4.84428619529e-006, 1.72820739408e-006, 1.17482466067e-006, 7.09090315354e-008, 1.41031200607e-010, 4.0203902707e-011]
        dmean2: [1.74976150902e-007, 1.38095992952e-005, 5.12444457854e-005, 8.53562887642e-005, 0.000399679789552, 0.000408944382798, 0.000527731201146, 0.000435595778981, 0.000313843745971, 0.000168496757396, 8.76794219948e-005, 6.80982484482e-005, 3.99716082029e-005, 3.99076525355e-005, 7.93589060777e-005, 0.000130824890221, 0.000107764797576, 0.000117334129754, 0.000178165675607, 0.000189777332707, 9.59239769145e-005, 2.53906819125e-005, 7.34610648578e-006, 2.57848410001e-006, 1.65965343513e-006, 1.07106053804e-007, 2.61550531233e-010, 7.45603578878e-011]
        dvar: [1.69718121393e-013, 6.37508268397e-010, 6.56198961835e-009, 2.22329425981e-008, 3.2536974004e-007, 4.58224945987e-007, 9.4853680821e-007, 7.4856785659e-007, 4.80823700855e-007, 2.10649460541e-007, 3.38558798774e-008, 2.22226201885e-008, 9.90543203017e-009, 6.84783696414e-009, 3.51570470514e-008, 1.68091261799e-007, 4.22173549453e-008, 3.51223405914e-008, 9.66154445337e-008, 1.23881662262e-007, 4.55112179054e-008, 3.99675315066e-009, 5.23755427917e-010, 9.51588668974e-011, 5.92582580228e-011, 3.15180878358e-013, 5.60637751406e-020, 4.55231216469e-021]
        dvar2: [3.66338632606e-013, 1.7714251177e-009, 1.81182624459e-008, 5.39083266915e-008, 6.3571303599e-007, 9.16338706247e-007, 1.85068711289e-006, 1.51413792082e-006, 9.53182507146e-007, 4.88329021664e-007, 7.47699075987e-008, 5.83145443045e-008, 2.48579805628e-008, 1.65214046888e-008, 7.99435042609e-008, 3.66851850231e-007, 1.03275979768e-007, 8.26209429761e-008, 2.05407815201e-007, 2.5640102308e-007, 9.60519130899e-008, 8.13598166616e-009, 1.09151232497e-009, 2.0239973586e-010, 1.09355365041e-010, 6.24877970548e-013, 1.77202689176e-019, 1.43869149028e-020]
        max: [1.27486728161e-005, 0.00068807892967, 0.00218890421093, 0.00662099011242, 0.0132537055761, 0.0180037971586, 0.0223280526698, 0.0206072535366, 0.0201711729169, 0.0168415587395, 0.0070267226547, 0.00638358760625, 0.00696414336562, 0.00568267982453, 0.00506970286369, 0.00976007338613, 0.0053654438816, 0.00577533198521, 0.0102650253102, 0.0116119012237, 0.0084184659645, 0.00290710432455, 0.000989996129647, 0.000386740983231, 0.000287725299131, 2.96837024507e-005, 2.81785395018e-009, 8.08292988097e-010]
        mean: [1.62058455544e-007, 1.24937305372e-005, 4.43526841991e-005, 7.29116145521e-005, 0.000456791865872, 0.000440218485892, 0.000513159029651, 0.000373241578927, 0.00027775001945, 0.000142006931128, 6.67726490065e-005, 5.05923489982e-005, 3.37359233527e-005, 3.5023491364e-005, 7.16169888619e-005, 0.000116908646305, 0.000114050119009, 0.000119047232147, 0.000179921538802, 0.000215083913645, 9.61767364061e-005, 2.34762028413e-005, 6.04676370131e-006, 2.19294793169e-006, 1.54298993493e-006, 8.76126335925e-008, 1.09354823807e-010, 3.11080952664e-011]
        median: [3.75642716932e-009, 4.08707364841e-007, 5.24823144588e-006, 1.38974210131e-005, 0.000124308236991, 0.00010069617565, 7.96303429524e-005, 5.28709642822e-005, 4.40605217591e-005, 2.52029385592e-005, 1.44045952766e-005, 1.26770519273e-005, 9.0622161224e-006, 8.67557355377e-006, 1.13962078103e-005, 1.42684857565e-005, 1.30239268401e-005, 2.67841023742e-005, 4.14117967011e-005, 4.26411133958e-005, 2.20448491746e-005, 5.10236350237e-006, 6.97719372056e-007, 1.53986405849e-007, 5.25546717256e-008, 1.68272040746e-009, 2.58385968871e-011, 7.26575917487e-012]
        min: [8.73534331779e-023, 4.6823675222e-023, 3.04411483677e-023, 1.57827969287e-023, 3.55335768325e-023, 4.9469180221e-023, 2.60679748773e-023, 1.61453195355e-023, 2.07373482845e-022, 4.46438253489e-023, 2.77905851925e-023, 1.59104320989e-022, 9.79904020695e-023, 8.56669495368e-023, 1.58755164841e-022, 1.54827849223e-022, 1.92575323166e-022, 1.74295282912e-022, 2.44227751672e-022, 4.15307397721e-022, 3.91672771591e-022, 4.20564795934e-022, 7.55008447776e-022, 7.47376111232e-022, 1.30294285168e-021, 2.00464010473e-021, 2.49610837516e-021, 7.91538589434e-022]
        var: [3.27535226588e-013, 1.31503785639e-009, 1.09073550192e-008, 3.38368408848e-008, 8.36238768898e-007, 1.10573319034e-006, 2.09127438211e-006, 1.31350873289e-006, 8.97980555692e-007, 2.82161636278e-007, 4.43696634989e-008, 2.19938218748e-008, 1.12823164145e-008, 8.9530267644e-009, 5.70028504399e-008, 2.82325174794e-007, 9.54004732989e-008, 6.97041713238e-008, 1.94245515672e-007, 2.52199441775e-007, 7.64813847809e-008, 6.34352481654e-009, 7.93792642728e-010, 1.56042956334e-010, 1.17442153225e-010, 6.08450410281e-013, 4.53246863494e-020, 3.67981029407e-021]
    mfcc:
        mean: [-803.242248535, 107.005744934, -43.8491516113, 40.6395530701, -35.2718391418, -19.9995574951, -11.7482452393, -16.3054180145, -8.26771068573, -9.12043571472, -9.90095329285, -8.61441898346, -4.48982477188]
        cov: [[9339.37890625, 1887.11169434, -1385.05603027, 1082.12536621, -527.689025879, -220.861373901, -90.5647125244, -12.900015831, 136.258605957, 8.94051170349, -47.0469055176, -19.7638397217, 30.5772075653], [1887.11169434, 2166.44995117, -364.403503418, 157.713027954, -168.152526855, -345.061828613, -52.0244445801, -155.037979126, -39.3278617859, -29.837184906, -26.4894866943, -71.628288269, -51.3589782715], [-1385.05603027, -364.403503418, 1025.58093262, -30.8266181946, 125.7758255, 103.080810547, -53.733127594, -11.6356897354, -87.9902648926, -44.0905609131, 3.38200068474, 22.0861434937, -32.489238739], [1082.12536621, 157.713027954, -30.8266181946, 757.658447266, -29.4263896942, -72.4775314331, -30.0103492737, -98.0554885864, 34.7336616516, -45.4387969971, -41.1260375977, 29.2131118774, 30.2703552246], [-527.689025879, -168.152526855, 125.7758255, -29.4263896942, 458.928771973, 129.576980591, 16.9802970886, 136.43006897, 64.0079269409, 34.0501213074, 25.2993812561, 16.6405239105, 20.9781246185], [-220.861373901, -345.061828613, 103.080810547, -72.4775314331, 129.576980591, 410.452148438, 118.21938324, 113.134666443, 98.8619232178, -1.52412331104, 61.6259765625, 37.4362106323, 2.00424027443], [-90.5647125244, -52.0244445801, -53.733127594, -30.0103492737, 16.9802970886, 118.21938324, 251.537445068, 51.8089294434, 52.2038002014, 34.1299209595, 20.5507450104, 43.878364563, -7.43924236298], [-12.900015831, -155.037979126, -11.6356897354, -98.0554885864, 136.43006897, 113.134666443, 51.8089294434, 241.343215942, 75.8144989014, 29.9449920654, 38.4085540771, 12.7666378021, 27.2933540344], [136.258605957, -39.3278617859, -87.9902648926, 34.7336616516, 64.0079269409, 98.8619232178, 52.2038002014, 75.8144989014, 233.275482178, 39.8584365845, 22.9083042145, 43.9377593994, 12.7726316452], [8.94051170349, -29.837184906, -44.0905609131, -45.4387969971, 34.0501213074, -1.52412331104, 34.1299209595, 29.9449920654, 39.8584365845, 168.463500977, 33.0714073181, 1.61876475811, 12.273973465], [-47.0469055176, -26.4894866943, 3.38200068474, -41.1260375977, 25.2993812561, 61.6259765625, 20.5507450104, 38.4085540771, 22.9083042145, 33.0714073181, 152.773117065, 52.0966262817, 4.90270996094], [-19.7638397217, -71.628288269, 22.0861434937, 29.2131118774, 16.6405239105, 37.4362106323, 43.878364563, 12.7666378021, 43.9377593994, 1.61876475811, 52.0966262817, 167.0703125, 41.0140190125], [30.5772075653, -51.3589782715, -32.489238739, 30.2703552246, 20.9781246185, 2.00424027443, -7.43924236298, 27.2933540344, 12.7726316452, 12.273973465, 4.90270996094, 41.0140190125, 133.21647644]]
        icov: [[0.000223798575462, -0.000164899625815, 0.0002387319837, -0.000329362403136, 0.00025689532049, -0.00021834805375, 0.000228475721087, -0.000339512713253, 9.33336850721e-005, -0.000154983761604, 9.94363581412e-005, -0.000106994331873, 9.78813041002e-005], [-0.000164899625815, 0.000708010978997, -2.1369465685e-005, 0.00018147060473, -0.000208844459848, 0.000640414597001, -0.000300521292957, 0.000449068116723, -0.000195102998987, 0.000305855995975, -0.000318015110679, 0.000303011096548, 8.77682177816e-005], [0.0002387319837, -2.1369465685e-005, 0.0014629419893, -0.000361043552402, -7.53867207095e-005, -0.000583771907259, 0.000616125238594, -0.000176729590748, 0.000704650825355, -5.82163993386e-005, 0.000212147235288, -0.000507948105223, 0.000553439429495], [-0.000329362403136, 0.00018147060473, -0.000361043552402, 0.00200903532095, -0.000501364469528, 0.000501369417179, -0.000329890812282, 0.00120381475426, -0.000683140242472, 0.000639978505205, 0.000100513883808, -4.929496572e-005, -0.000574637379032], [0.00025689532049, -0.000208844459848, -7.53867207095e-005, -0.000501364469528, 0.00318246823736, -0.00080237473594, 0.000630421622191, -0.00180533039384, -0.000102123565739, -0.00069624587195, 0.000304987042909, -0.000185853117728, -8.01124224381e-006], [-0.00021834805375, 0.000640414597001, -0.000583771907259, 0.000501369417179, -0.00080237473594, 0.00445213494822, -0.00190414814278, -0.000144801451825, -0.00146411580499, 0.00136212003417, -0.00148804485798, 0.000697432493325, -0.000121656325064], [0.000228475721087, -0.000300521292957, 0.000616125238594, -0.000329890812282, 0.000630421622191, -0.00190414814278, 0.00555281946436, -0.00102275772952, 0.000235697603785, -0.00138054753188, 0.000913933443371, -0.00174933939707, 0.00111546495464], [-0.000339512713253, 0.000449068116723, -0.000176729590748, 0.00120381475426, -0.00180533039384, -0.000144801451825, -0.00102275772952, 0.00690644653514, -0.00149910454638, 0.000381297577405, -0.00109204289038, 0.000995291979052, -0.00140885077417], [9.33336850721e-005, -0.000195102998987, 0.000704650825355, -0.000683140242472, -0.000102123565739, -0.00146411580499, 0.000235697603785, -0.00149910454638, 0.00609451206401, -0.00141467223875, 0.000666905660182, -0.00160050357226, 0.000603065243922], [-0.000154983761604, 0.000305855995975, -5.82163993386e-005, 0.000639978505205, -0.00069624587195, 0.00136212003417, -0.00138054753188, 0.000381297577405, -0.00141467223875, 0.00728761451319, -0.00192151207011, 0.00123176572379, -0.000916519551538], [9.94363581412e-005, -0.000318015110679, 0.000212147235288, 0.000100513883808, 0.000304987042909, -0.00148804485798, 0.000913933443371, -0.00109204289038, 0.000666905660182, -0.00192151207011, 0.00857987906784, -0.00307080894709, 0.000875367142726], [-0.000106994331873, 0.000303011096548, -0.000507948105223, -4.929496572e-005, -0.000185853117728, 0.000697432493325, -0.00174933939707, 0.000995291979052, -0.00160050357226, 0.00123176572379, -0.00307080894709, 0.00845449976623, -0.00270408042707], [9.78813041002e-005, 8.77682177816e-005, 0.000553439429495, -0.000574637379032, -8.01124224381e-006, -0.000121656325064, 0.00111546495464, -0.00140885077417, 0.000603065243922, -0.000916519551538, 0.000875367142726, -0.00270408042707, 0.0089644510299]]
    sccoeffs:
        dmean: [0.064150467515, 0.0668243765831, 0.0479678437114, 0.0359276458621, 0.0314594767988, 0.0293934606016]
        dmean2: [0.097515642643, 0.0990928262472, 0.073095485568, 0.0558623671532, 0.0480482019484, 0.0432832017541]
        dvar: [0.0036064540036, 0.004113052506, 0.00206664763391, 0.00116971577518, 0.001014131587, 0.000808122567832]
        dvar2: [0.00676504056901, 0.00728207407519, 0.00408985232934, 0.00246786419302, 0.00202593323775, 0.00162373192143]
        max: [-0.189444735646, -0.257078379393, -0.39663630724, -0.392627298832, -0.504123151302, -0.431711047888]
        mean: [-0.617023706436, -0.705256819725, -0.780103027821, -0.796979904175, -0.794531464577, -0.740352153778]
        median: [-0.633537650108, -0.734789133072, -0.795272469521, -0.80764311552, -0.805275797844, -0.743937432766]
        min: [-0.960464596748, -0.971931219101, -0.962037324905, -0.954646110535, -0.959548473358, -0.960107386112]
        var: [0.019361153245, 0.0191637184471, 0.00758554972708, 0.00440430501476, 0.00403833063319, 0.00423579709604]
    scvalleys:
        dmean: [0.506140053272, 0.531140089035, 0.432982474566, 0.353721171618, 0.324477314949, 0.382225573063]
        dmean2: [0.842366337776, 0.868952691555, 0.690876722336, 0.557719349861, 0.490671157837, 0.5181209445]
        dvar: [0.2313079983, 0.262003421783, 0.182145580649, 0.12865871191, 0.109855785966, 0.171813309193]
        dvar2: [0.5841345191, 0.665121078491, 0.430267363787, 0.306012809277, 0.227926567197, 0.282477855682]
        max: [-5.2207274437, -4.52620124817, -5.05505752563, -5.45822668076, -5.32925415039, -7.02501249313]
        mean: [-8.67404174805, -7.30984163284, -7.78840494156, -8.31426620483, -8.15977096558, -10.9757585526]
        median: [-8.71943759918, -7.08063602448, -7.55731773376, -8.12822532654, -8.03856277466, -11.0438308716]
        min: [-27.4740943909, -26.7788734436, -27.2334423065, -27.4659233093, -27.2947864532, -27.2470035553]
        var: [2.86802005768, 2.49358963966, 2.25068044662, 2.04835176468, 2.12326622009, 1.84583353996]

rhythm:
    beats_loudness:
        dmean: 0.00308435573243
        dmean2: 0.00543128279969
        dvar: 1.08767171696e-005
        dvar2: 3.11900439556e-005
        max: 0.0236492399126
        mean: 0.00466613285244
        median: 0.00434482609853
        min: 2.40402541624e-011
        var: 1.40738229675e-005
    bpm: 92.2408294678
    bpm_confidence: 0
    first_peak_bpm: 92
    first_peak_spread: 0.324909776449
    first_peak_weight: 0.215686276555
    onset_rate: 4.4180932045
    second_peak_bpm: 123
    second_peak_spread: 0.634615421295
    second_peak_weight: 0.065743945539
    beats_loudness_band_ratio:
        dmean: [0.0871991664171, 0.197325453162, 0.21220330894, 0.102144747972, 0.100534573197, 0.156835898757]
        dmean2: [0.159871816635, 0.338574379683, 0.367479354143, 0.187410011888, 0.175283014774, 0.276545107365]
        dvar: [0.0157961547375, 0.0353247560561, 0.0414809770882, 0.0196392517537, 0.0152240078896, 0.0405361130834]
        dvar2: [0.046030793339, 0.0909976139665, 0.117225646973, 0.0555306896567, 0.0409570224583, 0.109334260225]
        max: [0.791807055473, 0.979502975941, 0.988264977932, 0.785599470139, 0.911499023438, 0.985889494419]
        mean: [0.0836976319551, 0.242777600884, 0.284576445818, 0.0987835004926, 0.139666691422, 0.189777359366]
        median: [0.0347666814923, 0.156420320272, 0.202368736267, 0.0518306866288, 0.0868849903345, 0.111019365489]
        min: [0, 0, 0, 0, 0, 0]
        var: [0.0152534935623, 0.0548431202769, 0.0583838745952, 0.0172314923257, 0.0234158784151, 0.0465682297945]
