
metadata:
    version:
        essentia: "2.1-beta2"
    audio_properties:
        analysis_sample_rate: 44100
        bitrate: 128
        channels: 2
        equal_loudness: 1
        length: 339.356719971
        replay_gain: -7.95687866211
        downmix: "mix"
    tags:
        album: "Saison 1"
        artist: "La IIIeme Légion"
        comment: "BO par Bertrand."
        date: "2005"
        genre: "Other;other"
        title: "Episode 3"
        tracknumber: ""

configuration:
    average_loudness:
        compute: 1
        frameSize: 88200
        hopSize: 44100
        silentFrames: "noise"
        windowType: "hann"
    general:
        analysisSampleRate: 44100
        endTime: 2000
        equalLoudness: 1
        nequalLoudness: 0
        shortSound: 0
        startTime: 0
    lowlevel:
        compute: 1
        frameSize: 2048
        hopSize: 1024
        zeroPadding: 0
        silentFrames: "noise"
        windowType: "blackmanharris62"
        mfccStats: ["mean", "cov", "icov"]
        stats: ["mean", "var", "median", "min", "max", "dmean", "dmean2", "dvar", "dvar2"]
    panning:
        compute: 0
        frameSize: 8192
        hopSize: 2048
        zeroPadding: 8192
        silentFrames: "noise"
        windowType: "hann"
        stats: ["copy"]
    rhythm:
        compute: 1
        maxTempo: 208
        minTempo: 40
        method: "degara"
        stats: ["mean", "var", "median", "min", "max", "dmean", "dmean2", "dvar", "dvar2"]
    segmentation:
        compute: 0
        cpw: 5
        inc1: 300
        inc2: 50
        minimumSegmentsLength: 10
        size1: 1000
        size2: 600
    sfx:
        compute: 1
        stats: ["mean", "var", "median", "min", "max", "dmean", "dmean2", "dvar", "dvar2"]
    svm:
        compute: 0
    tonal:
        compute: 1
        frameSize: 4096
        hopSize: 2048
        zeroPadding: 0
        silentFrames: "noise"
        windowType: "blackmanharris62"
        stats: ["mean", "var", "median", "min", "max", "dmean", "dmean2", "dvar", "dvar2"]

lowlevel:
    average_loudness: 0.773053467274
    barkbands_kurtosis:
        dmean: 4.00853824615
        dmean2: 6.3783416748
        dvar: 232.586898804
        dvar2: 515.322875977
        max: 545.185974121
        mean: 3.80639743805
        median: -0.200109899044
        min: -1.96454381943
        var: 345.201324463
    barkbands_skewness:
        dmean: 0.747416973114
        dmean2: 1.11235690117
        dvar: 0.993069350719
        dvar2: 2.00838279724
        max: 19.972618103
        mean: 0.760523080826
        median: 0.585635185242
        min: -13.3090820313
        var: 3.35423398018
    barkbands_spread:
        dmean: 6.24812316895
        dmean2: 9.71020126343
        dvar: 43.4745254517
        dvar2: 99.1114654541
        max: 70.3553924561
        mean: 22.534734726
        median: 22.430431366
        min: 0.208054557443
        var: 147.998886108
    dissonance:
        dmean: 0.0281847715378
        dmean2: 0.0469930954278
        dvar: 0.00111437099986
        dvar2: 0.00282813096419
        max: 0.500000178814
        mean: 0.450002729893
        median: 0.469024658203
        min: 0.100348725915
        var: 0.00299938861281
    hfc:
        dmean: 2.03273677826
        dmean2: 2.8867790699
        dvar: 11.7590923309
        dvar2: 22.2416419983
        max: 93.8029937744
        mean: 5.52770519257
        median: 3.78430318832
        min: 1.13686194612e-016
        var: 40.2369613647
    pitch:
        dmean: 612.367004395
        dmean2: 1169.30517578
        dvar: 1406925.75
        dvar2: 3493423.25
        max: 6438.62548828
        mean: 942.84967041
        median: 338.544555664
        min: 47.628200531
        var: 1749319.5
    pitch_instantaneous_confidence:
        dmean: 0.111065268517
        dmean2: 0.173342600465
        dvar: 0.0112732080743
        dvar2: 0.024028994143
        max: 0.990565896034
        mean: 0.537170886993
        median: 0.520958602428
        min: 0.0888969302177
        var: 0.0493277609348
    pitch_salience:
        dmean: 0.081225939095
        dmean2: 0.129227072001
        dvar: 0.0060526332818
        dvar2: 0.0137227289379
        max: 0.929896354675
        mean: 0.601328969002
        median: 0.628085017204
        min: 0.0313758067787
        var: 0.0202761441469
    silence_rate_20dB:
        dmean: 0
        dmean2: 0
        dvar: 0
        dvar2: 0
        max: 1
        mean: 1
        median: 1
        min: 1
        var: 0
    silence_rate_30dB:
        dmean: 0
        dmean2: 0
        dvar: 0
        dvar2: 0
        max: 1
        mean: 1
        median: 1
        min: 1
        var: 0
    silence_rate_60dB:
        dmean: 0.133150875568
        dmean2: 0.266319960356
        dvar: 0.115406133235
        dvar2: 0.226500555873
        max: 1
        mean: 0.462780505419
        median: 0
        min: 0
        var: 0.248586937785
    spectral_centroid:
        dmean: 342.662078857
        dmean2: 514.06842041
        dvar: 204883.84375
        dvar2: 393403.40625
        max: 10892.765625
        mean: 1497.69641113
        median: 1309.16906738
        min: 173.944717407
        var: 760820.0625
    spectral_complexity:
        dmean: 2.44474864006
        dmean2: 3.73272204399
        dvar: 7.84463691711
        dvar2: 16.3947124481
        max: 48
        mean: 7.84462213516
        median: 7
        min: 0
        var: 41.2620315552
    spectral_crest:
        dmean: 3.00851559639
        dmean2: 4.83996295929
        dvar: 7.99207830429
        dvar2: 18.4312286377
        max: 26.8686084747
        mean: 10.2383308411
        median: 8.96079826355
        min: 2.36364579201
        var: 26.2121562958
    spectral_decrease:
        dmean: 2.90514973189e-010
        dmean2: 4.17354539817e-010
        dvar: 1.37448802527e-019
        dvar2: 2.53324165992e-019
        max: -7.61450468399e-029
        mean: -8.81064887714e-010
        median: -7.76309239114e-010
        min: -5.33336264041e-009
        var: 5.25870768649e-019
    spectral_energy:
        dmean: 0.00124869437423
        dmean2: 0.00178507214878
        dvar: 2.48937794822e-006
        dvar2: 4.54998416899e-006
        max: 0.0286375638098
        mean: 0.00382672226988
        median: 0.00337092066184
        min: 1.05990545451e-020
        var: 9.72645830188e-006
    spectral_energyband_high:
        dmean: 0.000149923755089
        dmean2: 0.000218877292355
        dvar: 1.70147075096e-007
        dvar2: 3.25822497871e-007
        max: 0.0145005341619
        mean: 0.000283612840576
        median: 8.96290875971e-005
        min: 7.66657406564e-021
        var: 4.80063761188e-007
    spectral_energyband_low:
        dmean: 7.93587460066e-005
        dmean2: 0.000132395769469
        dvar: 4.36941078874e-008
        dvar2: 1.15564901648e-007
        max: 0.00317473802716
        mean: 0.000124255471746
        median: 1.54678673425e-005
        min: 4.30088227704e-023
        var: 6.96448623216e-008
    spectral_energyband_middle_high:
        dmean: 0.00060119346017
        dmean2: 0.000868225703016
        dvar: 8.96116716831e-007
        dvar2: 1.72183877112e-006
        max: 0.0264798514545
        mean: 0.00145599944517
        median: 0.000865049776621
        min: 1.5185437625e-021
        var: 3.06212064061e-006
    spectral_energyband_middle_low:
        dmean: 0.000892418320291
        dmean2: 0.00132508913521
        dvar: 1.68825692981e-006
        dvar2: 3.35272716256e-006
        max: 0.017783196643
        mean: 0.00206716009416
        median: 0.00130140059628
        min: 5.11763881848e-022
        var: 5.51517359781e-006
    spectral_flatness_db:
        dmean: 0.029224621132
        dmean2: 0.0426562987268
        dvar: 0.000968098058365
        dvar2: 0.00172147899866
        max: 0.56577527523
        mean: 0.223613426089
        median: 0.211950987577
        min: 0.0575928874314
        var: 0.00675584748387
    spectral_flux:
        dmean: 0.0123457862064
        dmean2: 0.0207343809307
        dvar: 0.000172615298652
        dvar2: 0.000470277533168
        max: 0.161156386137
        mean: 0.0366252437234
        median: 0.0355859100819
        min: 1.02951709657e-010
        var: 0.0004162506375
    spectral_kurtosis:
        dmean: 3.1613278389
        dmean2: 5.27913045883
        dvar: 23.2830982208
        dvar2: 61.9189834595
        max: 148.707717896
        mean: 5.93696546555
        median: 3.45743441582
        min: -1.21008956432
        var: 96.8431243896
    spectral_rms:
        dmean: 0.000326533539919
        dmean2: 0.00045398529619
        dvar: 1.38129379934e-007
        dvar2: 2.25340613724e-007
        max: 0.00528574362397
        mean: 0.00172535830643
        median: 0.00181347806938
        min: 3.21567121889e-012
        var: 7.56531562729e-007
    spectral_rolloff:
        dmean: 607.242980957
        dmean2: 1003.33447266
        dvar: 733238.3125
        dvar2: 1450966.625
        max: 18475.4882813
        mean: 2622.43286133
        median: 2885.44921875
        min: 193.798828125
        var: 2168035.25
    spectral_skewness:
        dmean: 0.382357805967
        dmean2: 0.599305689335
        dvar: 0.180716246367
        dvar2: 0.414734601974
        max: 10.6451911926
        mean: 1.41446137428
        median: 1.29638338089
        min: -1.08743882179
        var: 0.935689985752
    spectral_spread:
        dmean: 512506.1875
        dmean2: 742488.75
        dvar: 447581814784
        dvar2: 740587208704
        max: 39980024
        mean: 3643151
        median: 3460650.5
        min: 671861.9375
        var: 2.44058370867e+012
    spectral_strongpeak:
        dmean: 0.498155802488
        dmean2: 0.823412537575
        dvar: 0.780250668526
        dvar2: 1.95378863811
        max: 14.9002380371
        mean: 0.844876110554
        median: 0.443817734718
        min: 1.78312187238e-009
        var: 1.51002001762
    zerocrossingrate:
        dmean: 0.0126516129822
        dmean2: 0.0141682755202
        dvar: 0.000194253734662
        dvar2: 0.000218960383791
        max: 0.48193359375
        mean: 0.0821275264025
        median: 0.07861328125
        min: 0.00927734375
        var: 0.00159798515961
    barkbands:
        dmean: [1.2743669231e-007, 1.77425699803e-005, 3.68988876289e-005, 0.000108227301098, 0.000211033271626, 0.000297812774079, 0.000229676108574, 0.000164307843079, 0.000279578933259, 0.00019939300546, 8.40493084979e-005, 5.16592917847e-005, 3.53127761628e-005, 3.88588705391e-005, 5.89126975683e-005, 6.63218888803e-005, 9.98440009425e-005, 9.40984900808e-005, 0.000173976266524, 0.000145969475852, 8.7446111138e-005, 1.84184827958e-005, 3.78719414584e-006, 9.21600701531e-007, 3.22921607676e-007, 9.35784072453e-009, 1.60223737056e-010]
        dmean2: [2.1588193988e-007, 3.00644551317e-005, 6.30768408882e-005, 0.000179445021786, 0.000330187933287, 0.000445826473879, 0.000348523200955, 0.000254863349255, 0.000434101442806, 0.000307545793476, 0.000128295941977, 8.00215857453e-005, 5.59513391636e-005, 6.18130943622e-005, 9.22885519685e-005, 0.000101371348137, 0.00015748286387, 0.000147488637595, 0.000264689035248, 0.000219566354644, 0.000130981192342, 2.7832809792e-005, 5.59514865017e-006, 1.37421159252e-006, 4.65312979259e-007, 1.36156668162e-008, 2.90955870508e-010]
        dvar: [3.25592715766e-013, 3.88213683422e-009, 1.05935029637e-008, 1.2269998706e-007, 2.35487362943e-007, 6.71483462611e-007, 3.8803389657e-007, 2.35395432924e-007, 3.63184625485e-007, 2.43034492087e-007, 7.73066375359e-008, 2.7545036474e-008, 1.07634257063e-008, 1.53686254833e-008, 3.80041704773e-008, 4.17454160129e-008, 8.90333069492e-008, 4.92930496421e-008, 1.90531096678e-007, 2.33527217119e-007, 7.0137176067e-008, 4.72864503109e-009, 2.52998372252e-010, 2.27407519898e-011, 6.33705067588e-012, 2.87050889616e-015, 7.17921233498e-020]
        dvar2: [8.84107999484e-013, 1.04513908639e-008, 2.84998549205e-008, 3.14083422381e-007, 5.37414280188e-007, 1.24860457618e-006, 7.48053651023e-007, 5.02470470565e-007, 7.68577820054e-007, 4.99011548527e-007, 1.59612227435e-007, 5.59590027649e-008, 2.42009683404e-008, 3.56710607718e-008, 8.74854180211e-008, 8.62358149334e-008, 2.0670498202e-007, 1.13346246167e-007, 4.21509071202e-007, 4.70777962391e-007, 1.40660503689e-007, 1.00003587633e-008, 5.33294797211e-010, 5.14021984699e-011, 1.53000511566e-011, 5.68420771606e-015, 2.09393818581e-019]
        max: [1.4931948499e-005, 0.00115075148642, 0.00181680882815, 0.00631990190595, 0.0128231560811, 0.0150653393939, 0.0135390525684, 0.0143219018355, 0.012853664346, 0.00863931607455, 0.00847380980849, 0.00774795655161, 0.00233078375459, 0.00431907642633, 0.00833838246763, 0.0104308789596, 0.00734144868329, 0.00656058872119, 0.0125954346731, 0.0193537697196, 0.00879236031324, 0.00304107507691, 0.000600633036811, 0.000212097322219, 0.000160399329616, 3.05412731905e-006, 1.0998969735e-008]
        mean: [1.54862775048e-007, 2.50222747127e-005, 5.1790222642e-005, 0.00013179857342, 0.000328322319547, 0.000504909432493, 0.000350484566297, 0.000228107761359, 0.000419009797042, 0.000278780411463, 0.000111941575597, 7.44538992876e-005, 4.90265156259e-005, 5.9954381868e-005, 9.05850392883e-005, 9.65672006714e-005, 0.000157827555086, 0.000159904258908, 0.000289155606879, 0.000235180588788, 0.000147392929648, 2.87454804493e-005, 5.58067449674e-006, 1.51454253228e-006, 5.05692355546e-007, 1.13896660991e-008, 1.37932984479e-010]
        median: [5.56360379989e-009, 5.93333766119e-007, 3.13902273774e-006, 1.43725201269e-005, 6.84115002514e-005, 8.02920549177e-005, 5.94075572735e-005, 4.78384099551e-005, 0.000110688146378, 6.00382627454e-005, 1.99514724954e-005, 1.9049824914e-005, 1.48493181769e-005, 1.2602269635e-005, 1.40744286909e-005, 2.19615449168e-005, 3.90010682167e-005, 5.29095559614e-005, 0.000100344113889, 6.88290892867e-005, 3.50161426468e-005, 5.51097991774e-006, 6.0835492377e-007, 1.13534113666e-007, 1.1870911365e-008, 4.071843418e-010, 4.88249440878e-011]
        min: [7.39887868022e-024, 8.64506749575e-024, 1.3274509551e-023, 4.79781479132e-023, 8.82943990875e-023, 6.30841842268e-023, 7.0309064646e-023, 9.39791705842e-023, 1.36083933514e-022, 5.82259180777e-023, 1.0450577468e-022, 7.15116231426e-023, 2.13200198818e-022, 7.86441815923e-023, 1.40896186984e-022, 1.82547752479e-022, 1.21500520705e-022, 2.92425461664e-022, 1.63487042851e-022, 2.78009754373e-022, 4.55764299639e-022, 6.72298464456e-022, 5.3973327972e-022, 8.42703931042e-022, 1.07210665128e-021, 1.80656811237e-021, 2.28683430551e-021]
        var: [4.76116162555e-013, 4.9670956237e-009, 1.55066359753e-008, 1.63433199418e-007, 5.0399387419e-007, 1.93842652152e-006, 1.01174055089e-006, 4.61716240352e-007, 7.03637397237e-007, 4.21186769017e-007, 1.36063391665e-007, 5.25573611299e-008, 1.59231685615e-008, 4.29666684454e-008, 9.02817163251e-008, 8.29668991287e-008, 2.04009282356e-007, 1.06308100101e-007, 4.17823258658e-007, 4.09083497743e-007, 1.71163364371e-007, 1.16538076966e-008, 5.7247118157e-010, 5.74473038584e-011, 1.17869368779e-011, 5.12119931558e-015, 6.69349381799e-020]
    frequency_bands:
        dmean: [1.2743669231e-007, 1.77425699803e-005, 3.68988876289e-005, 0.000108227301098, 0.000211033271626, 0.000297812774079, 0.000229676108574, 0.000164307843079, 0.000279578933259, 0.00019939300546, 8.40493084979e-005, 5.16592917847e-005, 3.53127761628e-005, 3.88588705391e-005, 5.89126975683e-005, 6.63218888803e-005, 9.98440009425e-005, 9.40984900808e-005, 0.000173976266524, 0.000145969475852, 8.7446111138e-005, 1.84184827958e-005, 3.78719414584e-006, 9.21600701531e-007, 3.22921607676e-007, 9.35784072453e-009, 1.60223737056e-010, 4.26914961715e-011]
        dmean2: [2.1588193988e-007, 3.00644551317e-005, 6.30768408882e-005, 0.000179445021786, 0.000330187933287, 0.000445826473879, 0.000348523200955, 0.000254863349255, 0.000434101442806, 0.000307545793476, 0.000128295941977, 8.00215857453e-005, 5.59513391636e-005, 6.18130943622e-005, 9.22885519685e-005, 0.000101371348137, 0.00015748286387, 0.000147488637595, 0.000264689035248, 0.000219566354644, 0.000130981192342, 2.7832809792e-005, 5.59514865017e-006, 1.37421159252e-006, 4.65312979259e-007, 1.36156668162e-008, 2.90955870508e-010, 7.86139972564e-011]
        dvar: [3.25592715766e-013, 3.88213683422e-009, 1.05935029637e-008, 1.2269998706e-007, 2.35487362943e-007, 6.71483462611e-007, 3.8803389657e-007, 2.35395432924e-007, 3.63184625485e-007, 2.43034492087e-007, 7.73066375359e-008, 2.7545036474e-008, 1.07634257063e-008, 1.53686254833e-008, 3.80041704773e-008, 4.17454160129e-008, 8.90333069492e-008, 4.92930496421e-008, 1.90531096678e-007, 2.33527217119e-007, 7.0137176067e-008, 4.72864503109e-009, 2.52998372252e-010, 2.27407519898e-011, 6.33705067588e-012, 2.87050889616e-015, 7.17921233498e-020, 4.53490340553e-021]
        dvar2: [8.84107999484e-013, 1.04513908639e-008, 2.84998549205e-008, 3.14083422381e-007, 5.37414280188e-007, 1.24860457618e-006, 7.48053651023e-007, 5.02470470565e-007, 7.68577820054e-007, 4.99011548527e-007, 1.59612227435e-007, 5.59590027649e-008, 2.42009683404e-008, 3.56710607718e-008, 8.74854180211e-008, 8.62358149334e-008, 2.0670498202e-007, 1.13346246167e-007, 4.21509071202e-007, 4.70777962391e-007, 1.40660503689e-007, 1.00003587633e-008, 5.33294797211e-010, 5.14021984699e-011, 1.53000511566e-011, 5.68420771606e-015, 2.09393818581e-019, 1.412061606e-020]
        max: [1.4931948499e-005, 0.00115075148642, 0.00181680882815, 0.00631990190595, 0.0128231560811, 0.0150653393939, 0.0135390525684, 0.0143219018355, 0.012853664346, 0.00863931607455, 0.00847380980849, 0.00774795655161, 0.00233078375459, 0.00431907642633, 0.00833838246763, 0.0104308789596, 0.00734144868329, 0.00656058872119, 0.0125954346731, 0.0193537697196, 0.00879236031324, 0.00304107507691, 0.000600633036811, 0.000212097322219, 0.000160399329616, 3.05412731905e-006, 1.0998969735e-008, 9.32354304872e-010]
        mean: [1.54862775048e-007, 2.50222747127e-005, 5.1790222642e-005, 0.00013179857342, 0.000328322319547, 0.000504909432493, 0.000350484566297, 0.000228107761359, 0.000419009797042, 0.000278780411463, 0.000111941575597, 7.44538992876e-005, 4.90265156259e-005, 5.9954381868e-005, 9.05850392883e-005, 9.65672006714e-005, 0.000157827555086, 0.000159904258908, 0.000289155606879, 0.000235180588788, 0.000147392929648, 2.87454804493e-005, 5.58067449674e-006, 1.51454253228e-006, 5.05692355546e-007, 1.13896660991e-008, 1.37932984479e-010, 3.37379429949e-011]
        median: [5.56360379989e-009, 5.93333766119e-007, 3.13902273774e-006, 1.43725201269e-005, 6.84115002514e-005, 8.02920549177e-005, 5.94075572735e-005, 4.78384099551e-005, 0.000110688146378, 6.00382627454e-005, 1.99514724954e-005, 1.9049824914e-005, 1.48493181769e-005, 1.2602269635e-005, 1.40744286909e-005, 2.19615449168e-005, 3.90010682167e-005, 5.29095559614e-005, 0.000100344113889, 6.88290892867e-005, 3.50161426468e-005, 5.51097991774e-006, 6.0835492377e-007, 1.13534113666e-007, 1.1870911365e-008, 4.071843418e-010, 4.88249440878e-011, 9.87375632644e-012]
        min: [7.39887868022e-024, 8.64506749575e-024, 1.3274509551e-023, 4.79781479132e-023, 8.82943990875e-023, 6.30841842268e-023, 7.0309064646e-023, 9.39791705842e-023, 1.36083933514e-022, 5.82259180777e-023, 1.0450577468e-022, 7.15116231426e-023, 2.13200198818e-022, 7.86441815923e-023, 1.40896186984e-022, 1.82547752479e-022, 1.21500520705e-022, 2.92425461664e-022, 1.63487042851e-022, 2.78009754373e-022, 4.55764299639e-022, 6.72298464456e-022, 5.3973327972e-022, 8.42703931042e-022, 1.07210665128e-021, 1.80656811237e-021, 2.28683430551e-021, 6.89046650428e-022]
        var: [4.76116162555e-013, 4.9670956237e-009, 1.55066359753e-008, 1.63433199418e-007, 5.0399387419e-007, 1.93842652152e-006, 1.01174055089e-006, 4.61716240352e-007, 7.03637397237e-007, 4.21186769017e-007, 1.36063391665e-007, 5.25573611299e-008, 1.59231685615e-008, 4.29666684454e-008, 9.02817163251e-008, 8.29668991287e-008, 2.04009282356e-007, 1.06308100101e-007, 4.17823258658e-007, 4.09083497743e-007, 1.71163364371e-007, 1.16538076966e-008, 5.7247118157e-010, 5.74473038584e-011, 1.17869368779e-011, 5.12119931558e-015, 6.69349381799e-020, 3.74797151135e-021]
    mfcc:
        mean: [-787.662109375, 114.097946167, -53.2850646973, 41.5742759705, -38.1813240051, -23.8978939056, -6.91674995422, -11.1448688507, -5.20713615417, -5.99808931351, -8.55156707764, -7.75198745728, -7.85369825363]
        cov: [[7370.65527344, 397.310455322, -1167.48181152, 756.69152832, -392.050048828, 419.858795166, 9.38664245605, 330.067932129, 183.987991333, 53.753528595, -23.0063343048, -82.1857223511, -188.342254639], [397.310455322, 1421.50219727, -217.273406982, -143.721740723, 20.5304832458, -218.065551758, 139.964797974, -92.3465957642, -17.9587745667, -71.3676605225, -62.8160018921, -108.211143494, -80.4180450439], [-1167.48181152, -217.273406982, 1099.17614746, 143.144042969, 192.591583252, 204.669342041, -41.9654502869, 78.6231079102, -51.132976532, -24.9692993164, 84.6989212036, 117.729736328, 42.3484344482], [756.69152832, -143.721740723, 143.144042969, 896.187194824, 33.4393157959, -83.8160247803, -59.3533782959, -44.4250183105, 61.6303634644, -59.9284858704, -46.6724853516, 75.6056365967, -18.0284442902], [-392.050048828, 20.5304832458, 192.591583252, 33.4393157959, 620.306335449, 105.097068787, 18.1722602844, 146.191452026, 34.843547821, 73.3880081177, 27.3249206543, 6.67429542542, 63.3341674805], [419.858795166, -218.065551758, 204.669342041, -83.8160247803, 105.097068787, 527.212463379, 64.9905853271, 139.400680542, 69.2481384277, 57.6826324463, 91.372833252, 7.11846065521, 3.68994808197], [9.38664245605, 139.964797974, -41.9654502869, -59.3533782959, 18.1722602844, 64.9905853271, 280.237884521, 58.0614814758, 20.4995727539, 28.7684192657, 11.0109539032, -10.6737756729, -43.1541862488], [330.067932129, -92.3465957642, 78.6231079102, -44.4250183105, 146.191452026, 139.400680542, 58.0614814758, 350.9737854, 70.0568008423, 48.6166152954, 65.8914489746, 22.5923728943, 14.7802820206], [183.987991333, -17.9587745667, -51.132976532, 61.6303634644, 34.843547821, 69.2481384277, 20.4995727539, 70.0568008423, 227.370529175, 68.9572906494, 6.27952003479, 7.80469560623, -7.21586275101], [53.753528595, -71.3676605225, -24.9692993164, -59.9284858704, 73.3880081177, 57.6826324463, 28.7684192657, 48.6166152954, 68.9572906494, 182.666915894, 49.0022201538, -9.42833042145, 24.3288421631], [-23.0063343048, -62.8160018921, 84.6989212036, -46.6724853516, 27.3249206543, 91.372833252, 11.0109539032, 65.8914489746, 6.27952003479, 49.0022201538, 173.945083618, 65.2129135132, 2.43936681747], [-82.1857223511, -108.211143494, 117.729736328, 75.6056365967, 6.67429542542, 7.11846065521, -10.6737756729, 22.5923728943, 7.80469560623, -9.42833042145, 65.2129135132, 180.809875488, 63.1040725708], [-188.342254639, -80.4180450439, 42.3484344482, -18.0284442902, 63.3341674805, 3.68994808197, -43.1541862488, 14.7802820206, -7.21586275101, 24.3288421631, 2.43936681747, 63.1040725708, 177.306854248]]
        icov: [[0.00038665800821, -0.000285592046566, 0.000569547410123, -0.000566922710277, 0.000358068646165, -0.000744455726817, 0.000411287735915, -0.000628193549346, 0.000409830710851, -0.000412134162616, 0.000252156547504, -0.000238744993112, 0.00028230441967], [-0.000285592046566, 0.00113847723696, -0.000379547913326, 0.000593906326685, -0.000492652412504, 0.00099971529562, -0.000863389868755, 0.00071398873115, -0.000577879312914, 0.000879385625012, -0.00041560511454, 0.000651877140626, -0.000120920842164], [0.000569547410123, -0.000379547913326, 0.00203873682767, -0.00101379165426, 0.000201100730919, -0.00157250708435, 0.000813238031697, -0.000975142931566, 0.00108780909795, -0.00041473004967, 0.00022419753077, -0.000982099561952, 0.000530568009708], [-0.000566922710277, 0.000593906326685, -0.00101379165426, 0.00222079036757, -0.000732938817237, 0.0013881061459, -0.000489378697239, 0.00113868410699, -0.00124631612562, 0.00104095519055, 8.41916407808e-005, -0.000316981459036, 7.20973475836e-005], [0.000358068646165, -0.000492652412504, 0.000201100730919, -0.000732938817237, 0.00241911970079, -0.000872657983564, 0.000430570798926, -0.00134130066726, 0.000503014249261, -0.00114782527089, 0.000401932891691, 0.000116999981401, -0.000464192853542], [-0.000744455726817, 0.00099971529562, -0.00157250708435, 0.0013881061459, -0.000872657983564, 0.0042444053106, -0.00150614243466, 0.000859261373989, -0.00170176848769, 0.00112793850712, -0.00167858065106, 0.00136153015774, -0.000720966723748], [0.000411287735915, -0.000863389868755, 0.000813238031697, -0.000489378697239, 0.000430570798926, -0.00150614243466, 0.00486489292234, -0.00137260765769, 0.000789881858509, -0.00142920319922, 0.000937113363761, -0.00115943874698, 0.0016053202562], [-0.000628193549346, 0.00071398873115, -0.000975142931566, 0.00113868410699, -0.00134130066726, 0.000859261373989, -0.00137260765769, 0.00490452861413, -0.00171891925856, 0.0010376147693, -0.00146756065078, 0.000506457698066, -0.000648846616969], [0.000409830710851, -0.000577879312914, 0.00108780909795, -0.00124631612562, 0.000503014249261, -0.00170176848769, 0.000789881858509, -0.00171891925856, 0.00645914906636, -0.00301212933846, 0.00153006671462, -0.0014222181635, 0.00113926758058], [-0.000412134162616, 0.000879385625012, -0.00041473004967, 0.00104095519055, -0.00114782527089, 0.00112793850712, -0.00142920319922, 0.0010376147693, -0.00301212933846, 0.00865111779422, -0.00316111417487, 0.00237453146838, -0.00199309783056], [0.000252156547504, -0.00041560511454, 0.00022419753077, 8.41916407808e-005, 0.000401932891691, -0.00167858065106, 0.000937113363761, -0.00146756065078, 0.00153006671462, -0.00316111417487, 0.00930829811841, -0.00438265223056, 0.00220389664173], [-0.000238744993112, 0.000651877140626, -0.000982099561952, -0.000316981459036, 0.000116999981401, 0.00136153015774, -0.00115943874698, 0.000506457698066, -0.0014222181635, 0.00237453146838, -0.00438265223056, 0.00950668379664, -0.00385700492188], [0.00028230441967, -0.000120920842164, 0.000530568009708, 7.20973475836e-005, -0.000464192853542, -0.000720966723748, 0.0016053202562, -0.000648846616969, 0.00113926758058, -0.00199309783056, 0.00220389664173, -0.00385700492188, 0.00805343873799]]
    sccoeffs:
        dmean: [0.0588078163564, 0.0577092505991, 0.0509199909866, 0.0370239168406, 0.0305159799755, 0.0311832744628]
        dmean2: [0.0929161310196, 0.0903823822737, 0.0780124664307, 0.0575053021312, 0.0462306886911, 0.0454178154469]
        dvar: [0.00279733096249, 0.0026042109821, 0.00202672649175, 0.00108059274498, 0.000855864665937, 0.000932411465328]
        dvar2: [0.00606755726039, 0.00538337044418, 0.00410256674513, 0.00234060781077, 0.00169436680153, 0.0017056587385]
        max: [-0.247367426753, -0.266913682222, -0.351307928562, -0.473481923342, -0.472986936569, -0.347030818462]
        mean: [-0.644107162952, -0.709269583225, -0.746718227863, -0.78769505024, -0.777552604675, -0.700555205345]
        median: [-0.655819892883, -0.730269014835, -0.761114358902, -0.800378322601, -0.789200484753, -0.713202238083]
        min: [-0.964264035225, -0.968718349934, -0.953532576561, -0.971275746822, -0.962101876736, -0.960573971272]
        var: [0.0151436021551, 0.013429556042, 0.0085406396538, 0.00458037666976, 0.00386150483973, 0.00710323546082]
    scvalleys:
        dmean: [0.458512485027, 0.447197794914, 0.379542857409, 0.344457954168, 0.320472508669, 0.341472893953]
        dmean2: [0.752804398537, 0.727440714836, 0.597382187843, 0.529621779919, 0.468443006277, 0.467609405518]
        dvar: [0.164144188166, 0.167640060186, 0.126674160361, 0.108529366553, 0.108947083354, 0.126492649317]
        dvar2: [0.391774892807, 0.396623015404, 0.269512861967, 0.220590755343, 0.198195800185, 0.211580991745]
        max: [-5.0648932457, -4.72862386703, -4.86038923264, -5.48429584503, -5.72991991043, -6.93236923218]
        mean: [-8.33777236938, -7.05576229095, -7.47460651398, -8.13112831116, -7.94213962555, -11.3903961182]
        median: [-8.58220386505, -6.90755748749, -7.28804016113, -7.91199111938, -7.66632223129, -11.5100536346]
        min: [-27.059671402, -27.60871315, -27.5720863342, -27.2778453827, -27.1738815308, -27.1705265045]
        var: [1.90766775608, 1.26219856739, 1.5333750248, 1.48529553413, 1.48845684528, 1.91788434982]

rhythm:
    beats_loudness:
        dmean: 0.003160598455
        dmean2: 0.00552235404029
        dvar: 7.47193735151e-006
        dvar2: 2.24160576181e-005
        max: 0.0270715299994
        mean: 0.00494352867827
        median: 0.00466708187014
        min: 7.93050347614e-011
        var: 1.01886635093e-005
    bpm: 144.119674683
    bpm_confidence: 0
    first_peak_bpm: 144
    first_peak_spread: 0.451612919569
    first_peak_weight: 0.162125334144
    onset_rate: 4.06357049942
    second_peak_bpm: 126
    second_peak_spread: 0.531914889812
    second_peak_weight: 0.0599455051124
    beats_loudness_band_ratio:
        dmean: [0.0998761430383, 0.197547510266, 0.205244779587, 0.140437752008, 0.120087906718, 0.157837718725]
        dmean2: [0.179053798318, 0.351739525795, 0.356385082006, 0.253638416529, 0.215302631259, 0.273243397474]
        dvar: [0.0166886094958, 0.0414269305766, 0.0334052853286, 0.0305451694876, 0.0162748545408, 0.0268088448793]
        dvar2: [0.0502716377378, 0.113371387124, 0.0938508361578, 0.0850306376815, 0.0470261313021, 0.0740220248699]
        max: [0.843395233154, 0.992577910423, 0.994488298893, 0.957808077335, 0.818890094757, 0.924417197704]
        mean: [0.112592510879, 0.217068433762, 0.27891600132, 0.126933321357, 0.142979055643, 0.184828445315]
        median: [0.0427561812103, 0.134580075741, 0.22450992465, 0.0667552351952, 0.108700528741, 0.129251584411]
        min: [0, 0, 0, 0, 0, 0]
        var: [0.0230679046363, 0.0509322807193, 0.0445566140115, 0.0269742775708, 0.0187896955758, 0.0346820876002]
