
metadata:
    version:
        essentia: "2.1-beta2"
    audio_properties:
        analysis_sample_rate: 44100
        bitrate: 128
        channels: 2
        equal_loudness: 1
        length: 348.447357178
        replay_gain: -5.92775917053
        downmix: "mix"
    tags:
        album: "Saison 1"
        artist: "La IIIème Légion"
        comment: "BO par Bertrand"
        date: "2006"
        genre: "Other;other"
        title: "Episode 5"
        tracknumber: ""

configuration:
    average_loudness:
        compute: 1
        frameSize: 88200
        hopSize: 44100
        silentFrames: "noise"
        windowType: "hann"
    general:
        analysisSampleRate: 44100
        endTime: 2000
        equalLoudness: 1
        nequalLoudness: 0
        shortSound: 0
        startTime: 0
    lowlevel:
        compute: 1
        frameSize: 2048
        hopSize: 1024
        zeroPadding: 0
        silentFrames: "noise"
        windowType: "blackmanharris62"
        mfccStats: ["mean", "cov", "icov"]
        stats: ["mean", "var", "median", "min", "max", "dmean", "dmean2", "dvar", "dvar2"]
    panning:
        compute: 0
        frameSize: 8192
        hopSize: 2048
        zeroPadding: 8192
        silentFrames: "noise"
        windowType: "hann"
        stats: ["copy"]
    rhythm:
        compute: 1
        maxTempo: 208
        minTempo: 40
        method: "degara"
        stats: ["mean", "var", "median", "min", "max", "dmean", "dmean2", "dvar", "dvar2"]
    segmentation:
        compute: 0
        cpw: 5
        inc1: 300
        inc2: 50
        minimumSegmentsLength: 10
        size1: 1000
        size2: 600
    sfx:
        compute: 1
        stats: ["mean", "var", "median", "min", "max", "dmean", "dmean2", "dvar", "dvar2"]
    svm:
        compute: 0
    tonal:
        compute: 1
        frameSize: 4096
        hopSize: 2048
        zeroPadding: 0
        silentFrames: "noise"
        windowType: "blackmanharris62"
        stats: ["mean", "var", "median", "min", "max", "dmean", "dmean2", "dvar", "dvar2"]

lowlevel:
    average_loudness: 0.431662797928
    barkbands_kurtosis:
        dmean: 8.87720298767
        dmean2: 14.1194067001
        dvar: 783.922241211
        dvar2: 1769.18322754
        max: 788.075256348
        mean: 10.5539236069
        median: 1.87458109856
        min: -1.9597132206
        var: 1150.2532959
    barkbands_skewness:
        dmean: 1.07116317749
        dmean2: 1.58229923248
        dvar: 2.14431738853
        dvar2: 4.21511983871
        max: 26.0111293793
        mean: 1.42859733105
        median: 1.07290434837
        min: -19.5809879303
        var: 6.76193761826
    barkbands_spread:
        dmean: 6.27301836014
        dmean2: 9.91771030426
        dvar: 60.8253631592
        dvar2: 139.614761353
        max: 75.6882324219
        mean: 16.4081382751
        median: 13.2475166321
        min: 0.102249540389
        var: 160.662796021
    dissonance:
        dmean: 0.0443054586649
        dmean2: 0.0737835988402
        dvar: 0.00262768892571
        dvar2: 0.00645451527089
        max: 0.500000119209
        mean: 0.416121631861
        median: 0.44654327631
        min: 0.0604880861938
        var: 0.0067387339659
    hfc:
        dmean: 1.19190037251
        dmean2: 1.68148601055
        dvar: 6.94053697586
        dvar2: 13.6685400009
        max: 90.1120223999
        mean: 2.41928601265
        median: 0.603129386902
        min: 1.22417396997e-016
        var: 21.2023220062
    pitch:
        dmean: 501.919616699
        dmean2: 944.983459473
        dvar: 1164753.25
        dvar2: 2802746.75
        max: 8558.07128906
        mean: 819.01751709
        median: 314.078186035
        min: 43.2087135315
        var: 1473149.125
    pitch_instantaneous_confidence:
        dmean: 0.119619227946
        dmean2: 0.186461627483
        dvar: 0.0160358715802
        dvar2: 0.0319742821157
        max: 0.991462111473
        mean: 0.624078512192
        median: 0.659756422043
        min: 0.0420985817909
        var: 0.0602063201368
    pitch_salience:
        dmean: 0.0884119644761
        dmean2: 0.13723474741
        dvar: 0.0085021564737
        dvar2: 0.0171921998262
        max: 0.991386950016
        mean: 0.585891246796
        median: 0.62398147583
        min: 0.0311240423471
        var: 0.0337525308132
    silence_rate_20dB:
        dmean: 0
        dmean2: 0
        dvar: 0
        dvar2: 0
        max: 1
        mean: 1
        median: 1
        min: 1
        var: 0
    silence_rate_30dB:
        dmean: 0
        dmean2: 0
        dvar: 0
        dvar2: 0
        max: 1
        mean: 1
        median: 1
        min: 1
        var: 0
    silence_rate_60dB:
        dmean: 0.0875591412187
        dmean2: 0.175129950047
        dvar: 0.0799011513591
        dvar2: 0.158593535423
        max: 1
        mean: 0.765591681004
        median: 1
        min: 0
        var: 0.179457128048
    spectral_centroid:
        dmean: 344.363830566
        dmean2: 518.440307617
        dvar: 315266.6875
        dvar2: 574322.25
        max: 10824.1513672
        mean: 1271.99609375
        median: 926.077880859
        min: 163.20703125
        var: 963631.375
    spectral_complexity:
        dmean: 1.31511962414
        dmean2: 1.99173665047
        dvar: 5.087890625
        dvar2: 10.1623239517
        max: 45
        mean: 3.18743348122
        median: 2
        min: 0
        var: 20.6981315613
    spectral_crest:
        dmean: 3.28244137764
        dmean2: 5.20964431763
        dvar: 10.2850484848
        dvar2: 22.1324672699
        max: 26.8946609497
        mean: 11.9745874405
        median: 10.8350334167
        min: 2.39194512367
        var: 35.3607368469
    spectral_decrease:
        dmean: 2.76028755408e-010
        dmean2: 3.77683523345e-010
        dvar: 3.83506988169e-019
        dvar2: 6.88285045285e-019
        max: 8.35000589455e-029
        mean: -5.58849744259e-010
        median: -1.59584234716e-010
        min: -1.74026286714e-008
        var: 9.79774859451e-019
    spectral_energy:
        dmean: 0.00114226748701
        dmean2: 0.00156656478066
        dvar: 6.31455259281e-006
        dvar2: 1.13544119813e-005
        max: 0.070514023304
        mean: 0.00232865707949
        median: 0.000685321632773
        min: 1.07884579028e-020
        var: 1.64575885719e-005
    spectral_energyband_high:
        dmean: 3.62573700841e-005
        dmean2: 5.40246801393e-005
        dvar: 2.09290842434e-008
        dvar2: 4.19235384186e-008
        max: 0.00709290150553
        mean: 6.00278290221e-005
        median: 4.38307324657e-006
        min: 7.88977065936e-021
        var: 4.86860152193e-008
    spectral_energyband_low:
        dmean: 2.36757605308e-005
        dmean2: 3.9091322833e-005
        dvar: 2.05742036741e-008
        dvar2: 5.16176612564e-008
        max: 0.00689206412062
        mean: 4.54479304608e-005
        median: 5.20596415754e-007
        min: 5.70196866447e-023
        var: 4.34670255345e-008
    spectral_energyband_middle_high:
        dmean: 0.00040491548134
        dmean2: 0.000574958452489
        dvar: 1.22434721561e-006
        dvar2: 2.2688673198e-006
        max: 0.0357509665191
        mean: 0.000737151247449
        median: 8.12521175249e-005
        min: 1.57857251804e-021
        var: 3.53271866516e-006
    spectral_energyband_middle_low:
        dmean: 0.000830815581139
        dmean2: 0.00114726822358
        dvar: 4.74074340673e-006
        dvar2: 8.7812941274e-006
        max: 0.0676273554564
        mean: 0.00153243262321
        median: 0.000355259689968
        min: 4.05841495998e-022
        var: 1.0544225006e-005
    spectral_flatness_db:
        dmean: 0.0397900938988
        dmean2: 0.0578125007451
        dvar: 0.00196680356748
        dvar2: 0.00326150958426
        max: 0.603682696819
        mean: 0.257172584534
        median: 0.259135365486
        min: 0.0494462102652
        var: 0.00938811898232
    spectral_flux:
        dmean: 0.0122323781252
        dmean2: 0.0205879583955
        dvar: 0.000252923346125
        dvar2: 0.000651521026157
        max: 0.229670956731
        mean: 0.0237894225866
        median: 0.0175328049809
        min: 1.03867504875e-010
        var: 0.000520159141161
    spectral_kurtosis:
        dmean: 5.17695093155
        dmean2: 8.4093542099
        dvar: 46.059803009
        dvar2: 112.734947205
        max: 109.542320251
        mean: 9.76466274261
        median: 5.60602474213
        min: -1.44393146038
        var: 135.784210205
    spectral_rms:
        dmean: 0.000342857616488
        dmean2: 0.000450093182735
        dvar: 2.3245864611e-007
        dvar2: 3.49161922486e-007
        max: 0.0082942256704
        mean: 0.00110443169251
        median: 0.000817683583591
        min: 3.2442757248e-012
        var: 1.0520932392e-006
    spectral_rolloff:
        dmean: 626.276489258
        dmean2: 1046.46813965
        dvar: 1113157.125
        dvar2: 2150795.25
        max: 19186.0839844
        mean: 2048.12036133
        median: 1378.125
        min: 172.265625
        var: 2816378
    spectral_skewness:
        dmean: 0.554197132587
        dmean2: 0.857207357883
        dvar: 0.326856195927
        dvar2: 0.715067386627
        max: 8.73017883301
        mean: 1.99180543423
        median: 1.70232796669
        min: -0.966546475887
        var: 1.44141662121
    spectral_spread:
        dmean: 782404.3125
        dmean2: 1155067.625
        dvar: 1.35062709862e+012
        dvar2: 2.18242311782e+012
        max: 40912512
        mean: 3763188.5
        median: 3319271
        min: 611493.6875
        var: 4.78766537114e+012
    spectral_strongpeak:
        dmean: 0.31301048398
        dmean2: 0.486129760742
        dvar: 0.328533530235
        dvar2: 0.757344067097
        max: 13.14041996
        mean: 0.575382590294
        median: 0.232997789979
        min: 4.96411312056e-009
        var: 0.927026867867
    zerocrossingrate:
        dmean: 0.0138055691496
        dmean2: 0.0147179085761
        dvar: 0.000330695154844
        dvar2: 0.000314884353429
        max: 0.537109375
        mean: 0.0689571648836
        median: 0.056640625
        min: 0.00927734375
        var: 0.00223963148892
    barkbands:
        dmean: [5.48135545841e-008, 5.03362616655e-006, 1.2198006516e-005, 3.33420612151e-005, 0.000121282100736, 0.000183874202776, 0.000256610830547, 0.000217230932321, 0.000173516091309, 0.000151605549036, 7.49352257117e-005, 3.53668983735e-005, 1.75408422365e-005, 2.04736352316e-005, 3.04987097479e-005, 3.72716713173e-005, 5.63039357075e-005, 4.27792365372e-005, 7.16296344763e-005, 4.04715356126e-005, 1.70880448422e-005, 4.21938830186e-006, 1.06988159132e-006, 4.41304649712e-007, 1.99029841497e-007, 8.87912410263e-009, 1.0793396038e-010]
        dmean2: [8.07032094485e-008, 8.44165970193e-006, 2.08839574043e-005, 5.25717623532e-005, 0.000172287313035, 0.000255494145676, 0.000376232143026, 0.00032207291224, 0.000258319982095, 0.000219094014028, 0.000106227606011, 5.42547095392e-005, 2.75387319562e-005, 3.1969135307e-005, 4.80103190057e-005, 5.8960293245e-005, 8.99154692888e-005, 6.83454127284e-005, 0.000108493579319, 6.29666174063e-005, 2.57196606981e-005, 6.3747979766e-006, 1.63041784162e-006, 6.80230130001e-007, 2.89787777774e-007, 1.279737738e-008, 1.96137689423e-010]
        dvar: [5.26434798531e-013, 1.9856172262e-009, 6.46284536998e-009, 5.43626121896e-008, 2.1987976595e-007, 6.65497566388e-007, 1.14408260288e-006, 1.10410792331e-006, 7.79588219757e-007, 5.1724214245e-007, 1.74697774469e-007, 5.0605372337e-008, 1.08791367026e-008, 1.91628597435e-008, 1.53777985901e-008, 3.13694243914e-008, 8.17391949681e-008, 2.77890510603e-008, 8.70879475201e-008, 1.9672951268e-008, 6.6707941393e-009, 3.09079206673e-010, 1.7936003377e-011, 3.97956147202e-012, 1.63594929704e-012, 3.23017539095e-015, 9.37964911992e-020]
        dvar2: [1.14873399421e-012, 5.25459675771e-009, 1.74996213076e-008, 1.24005779867e-007, 4.34106112834e-007, 1.15903992537e-006, 2.25960707212e-006, 2.35207539845e-006, 1.50447476699e-006, 9.72530415311e-007, 3.14424113412e-007, 1.1349045792e-007, 2.39017712289e-008, 3.40317996006e-008, 3.51138922383e-008, 6.85421284174e-008, 1.94720726654e-007, 6.90365027367e-008, 1.73315982011e-007, 4.67325733666e-008, 1.36279281193e-008, 5.82528802973e-010, 4.12913522818e-011, 9.54357166211e-012, 3.73517839922e-012, 6.09222602785e-015, 2.62207620482e-019]
        max: [4.0356109821e-005, 0.00276730931364, 0.00442579900846, 0.0080670369789, 0.0116606038064, 0.0290517751127, 0.039032638073, 0.0350810214877, 0.0601284243166, 0.0396553725004, 0.0158774927258, 0.0128939365968, 0.00578576698899, 0.0107562644407, 0.00579453725368, 0.0060770935379, 0.012541658245, 0.0049869348295, 0.0148649327457, 0.00462926179171, 0.00482103787363, 0.000927919521928, 0.000139007897815, 0.000107065796328, 7.41120020393e-005, 3.15813508678e-006, 1.61171094248e-008]
        mean: [6.88156518436e-008, 1.27363500724e-005, 2.08936617128e-005, 3.93711816287e-005, 0.000194889318664, 0.000318655162118, 0.000408928608522, 0.000282722961856, 0.000219504916458, 0.000193335814402, 9.76580995484e-005, 3.96166906285e-005, 2.0093162675e-005, 2.38873544731e-005, 4.33338427683e-005, 5.03380724695e-005, 9.62251797318e-005, 7.13610425009e-005, 0.000100821322121, 5.90007075516e-005, 2.66410734184e-005, 6.22847846898e-006, 1.45408398566e-006, 6.08640675637e-007, 2.7698968097e-007, 1.05916546644e-008, 9.2079309455e-011]
        median: [4.22273604972e-010, 9.45326377177e-008, 1.81378396746e-007, 4.97920495945e-007, 8.80121933733e-006, 9.93120920612e-006, 1.1494631508e-005, 7.60821421864e-006, 6.1928312789e-006, 4.20602509621e-006, 2.18132322516e-006, 1.34948254527e-006, 8.33887781937e-007, 7.58764940656e-007, 9.28001156808e-007, 1.45758644976e-006, 1.65601113622e-006, 2.08251935874e-006, 3.8387515815e-006, 3.23015683534e-006, 1.22922619994e-006, 1.85904099226e-007, 4.69749785736e-008, 1.37023707936e-008, 2.09958939124e-009, 1.20625121003e-010, 1.17864138588e-011]
        min: [3.80700565213e-024, 1.55478773066e-023, 1.76417918281e-023, 4.00100153709e-023, 4.74801810445e-023, 7.55772923412e-023, 8.98013253648e-023, 5.32870240332e-023, 6.38978090535e-023, 1.08072366293e-022, 3.01136448743e-023, 7.68456986353e-023, 5.62622413362e-023, 9.08214550439e-023, 1.57343911614e-022, 2.14480703083e-022, 1.35043268207e-022, 1.40963574638e-022, 3.53062712958e-022, 3.28329664282e-022, 3.45961803608e-022, 4.37717888431e-022, 7.15334474529e-022, 9.10511082306e-022, 9.00898439834e-022, 2.18206630715e-021, 2.48922799345e-021]
        var: [7.65292939697e-013, 4.99026420187e-009, 1.23835306454e-008, 6.65436488134e-008, 4.16499375433e-007, 1.62347066635e-006, 2.62458775069e-006, 1.720968271e-006, 1.09689142391e-006, 1.0234224419e-006, 3.39892892498e-007, 5.86996229401e-008, 1.22968151217e-008, 2.86964443319e-008, 2.93731954315e-008, 6.71117277307e-008, 2.60842796251e-007, 8.08304392308e-008, 1.89713645682e-007, 3.48425537311e-008, 1.52597703362e-008, 7.12670422676e-010, 2.70989654327e-011, 6.68572098725e-012, 2.591342722e-012, 5.47778705737e-015, 1.10816921375e-019]
    frequency_bands:
        dmean: [5.48135545841e-008, 5.03362616655e-006, 1.2198006516e-005, 3.33420612151e-005, 0.000121282100736, 0.000183874202776, 0.000256610830547, 0.000217230932321, 0.000173516091309, 0.000151605549036, 7.49352257117e-005, 3.53668983735e-005, 1.75408422365e-005, 2.04736352316e-005, 3.04987097479e-005, 3.72716713173e-005, 5.63039357075e-005, 4.27792365372e-005, 7.16296344763e-005, 4.04715356126e-005, 1.70880448422e-005, 4.21938830186e-006, 1.06988159132e-006, 4.41304649712e-007, 1.99029841497e-007, 8.87912410263e-009, 1.0793396038e-010, 2.72611586083e-011]
        dmean2: [8.07032094485e-008, 8.44165970193e-006, 2.08839574043e-005, 5.25717623532e-005, 0.000172287313035, 0.000255494145676, 0.000376232143026, 0.00032207291224, 0.000258319982095, 0.000219094014028, 0.000106227606011, 5.42547095392e-005, 2.75387319562e-005, 3.1969135307e-005, 4.80103190057e-005, 5.8960293245e-005, 8.99154692888e-005, 6.83454127284e-005, 0.000108493579319, 6.29666174063e-005, 2.57196606981e-005, 6.3747979766e-006, 1.63041784162e-006, 6.80230130001e-007, 2.89787777774e-007, 1.279737738e-008, 1.96137689423e-010, 5.06913747089e-011]
        dvar: [5.26434798531e-013, 1.9856172262e-009, 6.46284536998e-009, 5.43626121896e-008, 2.1987976595e-007, 6.65497566388e-007, 1.14408260288e-006, 1.10410792331e-006, 7.79588219757e-007, 5.1724214245e-007, 1.74697774469e-007, 5.0605372337e-008, 1.08791367026e-008, 1.91628597435e-008, 1.53777985901e-008, 3.13694243914e-008, 8.17391949681e-008, 2.77890510603e-008, 8.70879475201e-008, 1.9672951268e-008, 6.6707941393e-009, 3.09079206673e-010, 1.7936003377e-011, 3.97956147202e-012, 1.63594929704e-012, 3.23017539095e-015, 9.37964911992e-020, 4.45972852061e-021]
        dvar2: [1.14873399421e-012, 5.25459675771e-009, 1.74996213076e-008, 1.24005779867e-007, 4.34106112834e-007, 1.15903992537e-006, 2.25960707212e-006, 2.35207539845e-006, 1.50447476699e-006, 9.72530415311e-007, 3.14424113412e-007, 1.1349045792e-007, 2.39017712289e-008, 3.40317996006e-008, 3.51138922383e-008, 6.85421284174e-008, 1.94720726654e-007, 6.90365027367e-008, 1.73315982011e-007, 4.67325733666e-008, 1.36279281193e-008, 5.82528802973e-010, 4.12913522818e-011, 9.54357166211e-012, 3.73517839922e-012, 6.09222602785e-015, 2.62207620482e-019, 1.43092972502e-020]
        max: [4.0356109821e-005, 0.00276730931364, 0.00442579900846, 0.0080670369789, 0.0116606038064, 0.0290517751127, 0.039032638073, 0.0350810214877, 0.0601284243166, 0.0396553725004, 0.0158774927258, 0.0128939365968, 0.00578576698899, 0.0107562644407, 0.00579453725368, 0.0060770935379, 0.012541658245, 0.0049869348295, 0.0148649327457, 0.00462926179171, 0.00482103787363, 0.000927919521928, 0.000139007897815, 0.000107065796328, 7.41120020393e-005, 3.15813508678e-006, 1.61171094248e-008, 1.28931521015e-009]
        mean: [6.88156518436e-008, 1.27363500724e-005, 2.08936617128e-005, 3.93711816287e-005, 0.000194889318664, 0.000318655162118, 0.000408928608522, 0.000282722961856, 0.000219504916458, 0.000193335814402, 9.76580995484e-005, 3.96166906285e-005, 2.0093162675e-005, 2.38873544731e-005, 4.33338427683e-005, 5.03380724695e-005, 9.62251797318e-005, 7.13610425009e-005, 0.000100821322121, 5.90007075516e-005, 2.66410734184e-005, 6.22847846898e-006, 1.45408398566e-006, 6.08640675637e-007, 2.7698968097e-007, 1.05916546644e-008, 9.2079309455e-011, 2.08645323241e-011]
        median: [4.22273604972e-010, 9.45326377177e-008, 1.81378396746e-007, 4.97920495945e-007, 8.80121933733e-006, 9.93120920612e-006, 1.1494631508e-005, 7.60821421864e-006, 6.1928312789e-006, 4.20602509621e-006, 2.18132322516e-006, 1.34948254527e-006, 8.33887781937e-007, 7.58764940656e-007, 9.28001156808e-007, 1.45758644976e-006, 1.65601113622e-006, 2.08251935874e-006, 3.8387515815e-006, 3.23015683534e-006, 1.22922619994e-006, 1.85904099226e-007, 4.69749785736e-008, 1.37023707936e-008, 2.09958939124e-009, 1.20625121003e-010, 1.17864138588e-011, 2.27933752601e-012]
        min: [3.80700565213e-024, 1.55478773066e-023, 1.76417918281e-023, 4.00100153709e-023, 4.74801810445e-023, 7.55772923412e-023, 8.98013253648e-023, 5.32870240332e-023, 6.38978090535e-023, 1.08072366293e-022, 3.01136448743e-023, 7.68456986353e-023, 5.62622413362e-023, 9.08214550439e-023, 1.57343911614e-022, 2.14480703083e-022, 1.35043268207e-022, 1.40963574638e-022, 3.53062712958e-022, 3.28329664282e-022, 3.45961803608e-022, 4.37717888431e-022, 7.15334474529e-022, 9.10511082306e-022, 9.00898439834e-022, 2.18206630715e-021, 2.48922799345e-021, 7.08360388768e-022]
        var: [7.65292939697e-013, 4.99026420187e-009, 1.23835306454e-008, 6.65436488134e-008, 4.16499375433e-007, 1.62347066635e-006, 2.62458775069e-006, 1.720968271e-006, 1.09689142391e-006, 1.0234224419e-006, 3.39892892498e-007, 5.86996229401e-008, 1.22968151217e-008, 2.86964443319e-008, 2.93731954315e-008, 6.71117277307e-008, 2.60842796251e-007, 8.08304392308e-008, 1.89713645682e-007, 3.48425537311e-008, 1.52597703362e-008, 7.12670422676e-010, 2.70989654327e-011, 6.68572098725e-012, 2.591342722e-012, 5.47778705737e-015, 1.10816921375e-019, 3.42242383762e-021]
    mfcc:
        mean: [-890.485534668, 106.522109985, -32.9771461487, 18.9473190308, -30.1820526123, -34.1039657593, -10.7888288498, -13.5251283646, -9.55634880066, -5.59238243103, -10.260682106, -6.46388053894, -3.01743650436]
        cov: [[9270.34179688, 1314.57543945, -2225.19628906, 944.124267578, -607.994018555, -137.178771973, -119.129135132, -223.426956177, 56.3968238831, 71.3977203369, -279.933959961, -224.219848633, -174.34147644], [1314.57543945, 1843.30444336, -362.370452881, -299.900543213, -206.358612061, -457.006835938, 18.0428638458, -240.215667725, -140.390716553, -52.8221359253, -183.466430664, -145.798187256, -111.712409973], [-2225.19628906, -362.370452881, 1434.00524902, 42.0295295715, 95.1383972168, 229.98828125, -27.517250061, -0.32713419199, -50.2711219788, -92.6466674805, 96.9212188721, 89.2436523438, -24.5373859406], [944.124267578, -299.900543213, 42.0295295715, 924.51373291, 79.3112564087, -63.4215202332, -65.825302124, -16.6156005859, 56.2151107788, -28.3219184875, -30.6278495789, 32.5091667175, -20.1016921997], [-607.994018555, -206.358612061, 95.1383972168, 79.3112564087, 637.08203125, 117.985321045, -36.7291488647, 199.177597046, 18.3942680359, -0.367594003677, 45.7070541382, -13.514377594, -1.07562029362], [-137.178771973, -457.006835938, 229.98828125, -63.4215202332, 117.985321045, 632.866516113, 98.3006515503, 73.662437439, 91.4901809692, 12.89772892, 97.4923171997, 24.6901760101, -12.1854314804], [-119.129135132, 18.0428638458, -27.517250061, -65.825302124, -36.7291488647, 98.3006515503, 280.930053711, 53.5620613098, -13.6521625519, 41.059135437, 11.2713890076, -11.7836523056, -21.9555053711], [-223.426956177, -240.215667725, -0.32713419199, -16.6156005859, 199.177597046, 73.662437439, 53.5620613098, 315.626464844, 71.187828064, -2.24939227104, 53.3687705994, -0.545308709145, 14.402882576], [56.3968238831, -140.390716553, -50.2711219788, 56.2151107788, 18.3942680359, 91.4901809692, -13.6521625519, 71.187828064, 249.166519165, 55.5432662964, 4.01430654526, 42.7359275818, 14.1118268967], [71.3977203369, -52.8221359253, -92.6466674805, -28.3219184875, -0.367594003677, 12.89772892, 41.059135437, -2.24939227104, 55.5432662964, 191.835128784, 63.5738372803, -9.97049236298, 30.1824073792], [-279.933959961, -183.466430664, 96.9212188721, -30.6278495789, 45.7070541382, 97.4923171997, 11.2713890076, 53.3687705994, 4.01430654526, 63.5738372803, 205.26159668, 80.9501571655, 24.6879577637], [-224.219848633, -145.798187256, 89.2436523438, 32.5091667175, -13.514377594, 24.6901760101, -11.7836523056, -0.545308709145, 42.7359275818, -9.97049236298, 80.9501571655, 210.598770142, 94.3917007446], [-174.34147644, -111.712409973, -24.5373859406, -20.1016921997, -1.07562029362, -12.1854314804, -21.9555053711, 14.402882576, 14.1118268967, 30.1824073792, 24.6879577637, 94.3917007446, 189.362060547]]
        icov: [[0.000435046677012, -0.000442167831352, 0.000671345216688, -0.000701211742125, 0.000569176045246, -0.000783134892117, 0.000665828411002, -0.000545696355402, 0.000512707047164, -0.000485472817672, 0.000330261944328, -0.000267232826445, 0.000353105104296], [-0.000442167831352, 0.00136913731694, -0.000562646135222, 0.00106806121767, -0.000702602497768, 0.00144120247569, -0.00104593159631, 0.00126463279594, -0.000662031350657, 0.000866409216542, -0.000224507413805, 0.000553271151148, -2.28999560932e-005], [0.000671345216688, -0.000562646135222, 0.00188084470574, -0.001074336702, 0.000789003854152, -0.0014289112296, 0.00110837526154, -0.000673605012707, 0.00102154794149, -0.000345795793692, 0.000251494697295, -0.000710141204763, 0.000808297772892], [-0.000701211742125, 0.00106806121767, -0.001074336702, 0.00244137365371, -0.00119934557006, 0.00168937083799, -0.00110705336556, 0.00134639360476, -0.00124346627854, 0.00104324531276, -0.000328955415171, 0.000245509290835, -0.00017751888663], [0.000569176045246, -0.000702602497768, 0.000789003854152, -0.00119934557006, 0.00298346276395, -0.00157990155276, 0.00174444448203, -0.00246509583667, 0.00136804650538, -0.00123167736456, 0.000679849588778, -0.000432822125731, 0.000610971357673], [-0.000783134892117, 0.00144120247569, -0.0014289112296, 0.00168937083799, -0.00157990155276, 0.00412821630016, -0.00253548240289, 0.0020087568555, -0.00241990410723, 0.00204223091714, -0.00190403929446, 0.00140357308555, -0.000663275364786], [0.000665828411002, -0.00104593159631, 0.00110837526154, -0.00110705336556, 0.00174444448203, -0.00253548240289, 0.00597226759419, -0.00289358431473, 0.00252831052057, -0.00301044527441, 0.00187980872579, -0.00170910963789, 0.00167965015862], [-0.000545696355402, 0.00126463279594, -0.000673605012707, 0.00134639360476, -0.00246509583667, 0.0020087568555, -0.00289358431473, 0.00668109068647, -0.00321596814319, 0.00319247762673, -0.00276024127379, 0.00238255714066, -0.00152606831398], [0.000512707047164, -0.000662031350657, 0.00102154794149, -0.00124346627854, 0.00136804650538, -0.00241990410723, 0.00252831052057, -0.00321596814319, 0.00718725239858, -0.00408679805696, 0.00321074738167, -0.0033615953289, 0.00184449215885], [-0.000485472817672, 0.000866409216542, -0.000345795793692, 0.00104324531276, -0.00123167736456, 0.00204223091714, -0.00301044527441, 0.00319247762673, -0.00408679805696, 0.00975234713405, -0.00517152296379, 0.00422088149935, -0.00301696313545], [0.000330261944328, -0.000224507413805, 0.000251494697295, -0.000328955415171, 0.000679849588778, -0.00190403929446, 0.00187980872579, -0.00276024127379, 0.00321074738167, -0.00517152296379, 0.00960460491478, -0.00514867156744, 0.00237781065516], [-0.000267232826445, 0.000553271151148, -0.000710141204763, 0.000245509290835, -0.000432822125731, 0.00140357308555, -0.00170910963789, 0.00238255714066, -0.0033615953289, 0.00422088149935, -0.00514867156744, 0.00991751626134, -0.00497171375901], [0.000353105104296, -2.28999560932e-005, 0.000808297772892, -0.00017751888663, 0.000610971357673, -0.000663275364786, 0.00167965015862, -0.00152606831398, 0.00184449215885, -0.00301696313545, 0.00237781065516, -0.00497171375901, 0.00846164859831]]
    sccoeffs:
        dmean: [0.0582307577133, 0.0649397149682, 0.0525883287191, 0.0398238189518, 0.035108383745, 0.0290024075657]
        dmean2: [0.0885513275862, 0.0953320413828, 0.0760686472058, 0.0595745146275, 0.0516415946186, 0.0432608425617]
        dvar: [0.00305578368716, 0.004129845649, 0.00267274840735, 0.0014181175502, 0.00124304322526, 0.00079241336789]
        dvar2: [0.0055689830333, 0.0067979414016, 0.00443286495283, 0.00270761898719, 0.0023346755188, 0.00159378384706]
        max: [-0.238563880324, -0.248057216406, -0.314850866795, -0.433596372604, -0.403357237577, -0.424776911736]
        mean: [-0.657986164093, -0.700630307198, -0.768382668495, -0.802163302898, -0.795261144638, -0.76717799902]
        median: [-0.680840015411, -0.717885732651, -0.795256614685, -0.819807648659, -0.812402546406, -0.775019466877]
        min: [-0.952759027481, -0.992340683937, -0.9990452528, -0.986539065838, -0.966083705425, -0.960309267044]
        var: [0.0194049309939, 0.0210377480835, 0.0121253579855, 0.00603717798367, 0.00565696833655, 0.0042125522159]
    scvalleys:
        dmean: [0.491764307022, 0.499407500029, 0.439702391624, 0.413199394941, 0.388664394617, 0.361838281155]
        dmean2: [0.818786084652, 0.811311781406, 0.685944736004, 0.623472750187, 0.566563010216, 0.502683341503]
        dvar: [0.182160004973, 0.215064078569, 0.175791338086, 0.158750072122, 0.153174683452, 0.16851118207]
        dvar2: [0.454490929842, 0.497236847878, 0.366432011127, 0.323411613703, 0.288037389517, 0.273296535015]
        max: [-5.0911397934, -4.31805372238, -4.5957660675, -5.05174732208, -5.37258481979, -7.61198949814]
        mean: [-9.5361032486, -7.95283079147, -8.50126934052, -9.26784133911, -9.28474712372, -12.1680660248]
        median: [-9.58400917053, -7.9219455719, -8.51226615906, -9.33736991882, -9.34106731415, -12.4666404724]
        min: [-26.9881896973, -27.256401062, -27.3836421967, -26.8054656982, -27.1613845825, -27.2700843811]
        var: [1.64213085175, 1.50242352486, 1.61326849461, 1.83877599239, 1.91146624088, 1.8863414526]

rhythm:
    beats_loudness:
        dmean: 0.00438934378326
        dmean2: 0.00781991705298
        dvar: 2.83026656689e-005
        dvar2: 7.9985926277e-005
        max: 0.0338878929615
        mean: 0.00400036945939
        median: 0.00191966211423
        min: 1.97876479091e-010
        var: 2.76326263702e-005
    bpm: 123.810157776
    bpm_confidence: 0
    first_peak_bpm: 123
    first_peak_spread: 0.548387110233
    first_peak_weight: 0.0612244904041
    onset_rate: 4.64632606506
    second_peak_bpm: 108
    second_peak_spread: 0.697674453259
    second_peak_weight: 0.0568513125181
    beats_loudness_band_ratio:
        dmean: [0.0730781629682, 0.240621492267, 0.292869567871, 0.187991216779, 0.121409647167, 0.140700265765]
        dmean2: [0.133285805583, 0.430616259575, 0.518298923969, 0.341038376093, 0.218240424991, 0.257599800825]
        dvar: [0.0144006088376, 0.0585765242577, 0.0539592206478, 0.0438882783055, 0.0239289291203, 0.0404932610691]
        dvar2: [0.0432091467083, 0.15884564817, 0.155229881406, 0.116414472461, 0.0654893293977, 0.117676317692]
        max: [0.8573974967, 0.977961838245, 0.996034920216, 0.937045693398, 0.98711258173, 0.974286735058]
        mean: [0.0635412111878, 0.240787237883, 0.380214631557, 0.15407730639, 0.116592220962, 0.113101929426]
        median: [0.00868949107826, 0.148111730814, 0.336867660284, 0.0628024563193, 0.0504151880741, 0.0356038883328]
        min: [5.53799793579e-007, 5.67917413719e-005, 9.63653510553e-005, 0.000133600959089, 0.000101606237877, 8.45983740874e-005]
        var: [0.0142877269536, 0.0665509477258, 0.080744817853, 0.0417595282197, 0.0248425714672, 0.0315410532057]
