
metadata:
    version:
        essentia: "2.1-beta2"
    audio_properties:
        analysis_sample_rate: 44100
        bitrate: 128
        channels: 2
        equal_loudness: 1
        length: 330.031005859
        replay_gain: -11.4211368561
        downmix: "mix"
    tags:
        album: "Saison 1"
        artist: "La IIIème Légion"
        comment: "B.O. par Bertrand."
        date: "2006"
        genre: "Other"
        title: "Episode 6"
        tracknumber: ""

configuration:
    average_loudness:
        compute: 1
        frameSize: 88200
        hopSize: 44100
        silentFrames: "noise"
        windowType: "hann"
    general:
        analysisSampleRate: 44100
        endTime: 2000
        equalLoudness: 1
        nequalLoudness: 0
        shortSound: 0
        startTime: 0
    lowlevel:
        compute: 1
        frameSize: 2048
        hopSize: 1024
        zeroPadding: 0
        silentFrames: "noise"
        windowType: "blackmanharris62"
        mfccStats: ["mean", "cov", "icov"]
        stats: ["mean", "var", "median", "min", "max", "dmean", "dmean2", "dvar", "dvar2"]
    panning:
        compute: 0
        frameSize: 8192
        hopSize: 2048
        zeroPadding: 8192
        silentFrames: "noise"
        windowType: "hann"
        stats: ["copy"]
    rhythm:
        compute: 1
        maxTempo: 208
        minTempo: 40
        method: "degara"
        stats: ["mean", "var", "median", "min", "max", "dmean", "dmean2", "dvar", "dvar2"]
    segmentation:
        compute: 0
        cpw: 5
        inc1: 300
        inc2: 50
        minimumSegmentsLength: 10
        size1: 1000
        size2: 600
    sfx:
        compute: 1
        stats: ["mean", "var", "median", "min", "max", "dmean", "dmean2", "dvar", "dvar2"]
    svm:
        compute: 0
    tonal:
        compute: 1
        frameSize: 4096
        hopSize: 2048
        zeroPadding: 0
        silentFrames: "noise"
        windowType: "blackmanharris62"
        stats: ["mean", "var", "median", "min", "max", "dmean", "dmean2", "dvar", "dvar2"]

lowlevel:
    average_loudness: 0.654467403889
    barkbands_kurtosis:
        dmean: 5.5187959671
        dmean2: 8.59407901764
        dvar: 258.060760498
        dvar2: 582.398010254
        max: 491.222167969
        mean: 7.13711738586
        median: 0.734397649765
        min: -1.98148214817
        var: 561.884460449
    barkbands_skewness:
        dmean: 0.836976885796
        dmean2: 1.22123241425
        dvar: 1.23545134068
        dvar2: 2.35675883293
        max: 19.9059944153
        mean: 1.10362768173
        median: 0.910641491413
        min: -20.7276077271
        var: 5.42396640778
    barkbands_spread:
        dmean: 5.95835542679
        dmean2: 9.34348201752
        dvar: 50.20703125
        dvar2: 113.989700317
        max: 72.930557251
        mean: 19.5531520844
        median: 18.2188873291
        min: 0.192790657282
        var: 156.724395752
    dissonance:
        dmean: 0.0327082574368
        dmean2: 0.054175555706
        dvar: 0.00151258625556
        dvar2: 0.00362324132584
        max: 0.500000059605
        mean: 0.436233431101
        median: 0.461652904749
        min: 0.108768723905
        var: 0.00444904947653
    hfc:
        dmean: 1.42651200294
        dmean2: 2.06363916397
        dvar: 10.7717313766
        dvar2: 24.5422420502
        max: 127.975868225
        mean: 3.65172219276
        median: 1.81072664261
        min: 1.10915649103e-016
        var: 30.004234314
    pitch:
        dmean: 511.628326416
        dmean2: 969.475830078
        dvar: 1244665
        dvar2: 2980634
        max: 7995.01464844
        mean: 887.835998535
        median: 315.66418457
        min: 44.864780426
        var: 1751152.625
    pitch_instantaneous_confidence:
        dmean: 0.110088527203
        dmean2: 0.171233490109
        dvar: 0.0130921071395
        dvar2: 0.0266906693578
        max: 0.99431604147
        mean: 0.570594370365
        median: 0.568764328957
        min: 0.043011367321
        var: 0.0555227510631
    pitch_salience:
        dmean: 0.0779173821211
        dmean2: 0.122018739581
        dvar: 0.00636684615165
        dvar2: 0.0131397908553
        max: 0.99150621891
        mean: 0.607485532761
        median: 0.648621141911
        min: 0.0386190488935
        var: 0.0284270308912
    silence_rate_20dB:
        dmean: 0
        dmean2: 0
        dvar: 0
        dvar2: 0
        max: 1
        mean: 1
        median: 1
        min: 1
        var: 0
    silence_rate_30dB:
        dmean: 0
        dmean2: 0
        dvar: 0
        dvar2: 0
        max: 1
        mean: 1
        median: 1
        min: 1
        var: 0
    silence_rate_60dB:
        dmean: 0.0949767827988
        dmean2: 0.189966931939
        dvar: 0.0859660059214
        dvar2: 0.173880979419
        max: 1
        mean: 0.650932133198
        median: 1
        min: 0
        var: 0.22722132504
    spectral_centroid:
        dmean: 330.999816895
        dmean2: 492.121826172
        dvar: 257718.46875
        dvar2: 472606.46875
        max: 10974.4248047
        mean: 1398.86584473
        median: 1083.03356934
        min: 183.662780762
        var: 945810.1875
    spectral_complexity:
        dmean: 1.69973266125
        dmean2: 2.59058618546
        dvar: 5.668009758
        dvar2: 11.4957733154
        max: 49
        mean: 5.32325029373
        median: 4
        min: 0
        var: 34.286151886
    spectral_crest:
        dmean: 2.95777893066
        dmean2: 4.74215221405
        dvar: 8.31799983978
        dvar2: 18.4460697174
        max: 26.8704719543
        mean: 11.0316953659
        median: 9.61517238617
        min: 2.46209263802
        var: 31.4519958496
    spectral_decrease:
        dmean: 2.39589709183e-010
        dmean2: 3.38407940559e-010
        dvar: 1.68552783962e-019
        dvar2: 2.84967727681e-019
        max: -2.32758070836e-028
        mean: -6.73431144183e-010
        median: -3.97490318438e-010
        min: -6.38857322599e-009
        var: 6.45202687249e-019
    spectral_energy:
        dmean: 0.00101671891753
        dmean2: 0.00143730593845
        dvar: 2.97187875731e-006
        dvar2: 5.21490255778e-006
        max: 0.0357196815312
        mean: 0.002872901503
        median: 0.00172042613849
        min: 1.09388626026e-020
        var: 1.12438801807e-005
    spectral_energyband_high:
        dmean: 9.14742267923e-005
        dmean2: 0.000137183465995
        dvar: 1.06745389417e-007
        dvar2: 2.52581571658e-007
        max: 0.0126172183082
        mean: 0.000162518248544
        median: 2.04968109756e-005
        min: 7.89352932283e-021
        var: 2.20961879904e-007
    spectral_energyband_low:
        dmean: 4.63645883428e-005
        dmean2: 7.71932900534e-005
        dvar: 2.75463243327e-008
        dvar2: 7.2229411785e-008
        max: 0.0035297931172
        mean: 7.18252413208e-005
        median: 3.95568758904e-006
        min: 1.0370357887e-022
        var: 4.72994763356e-008
    spectral_energyband_middle_high:
        dmean: 0.000394229253288
        dmean2: 0.000573134224396
        dvar: 7.42158988487e-007
        dvar2: 1.62523042491e-006
        max: 0.0332618616521
        mean: 0.000949652574491
        median: 0.000317450496368
        min: 2.06388671415e-021
        var: 2.34112553699e-006
    spectral_energyband_middle_low:
        dmean: 0.000744044082239
        dmean2: 0.00106104172301
        dvar: 2.12631016439e-006
        dvar2: 3.55633210347e-006
        max: 0.0215185750276
        mean: 0.00173781742342
        median: 0.000715102476534
        min: 1.77785203556e-022
        var: 7.50084291212e-006
    spectral_flatness_db:
        dmean: 0.0307311117649
        dmean2: 0.0454890653491
        dvar: 0.0012492534006
        dvar2: 0.00212160963565
        max: 0.534226179123
        mean: 0.231305167079
        median: 0.218179896474
        min: 0.0548198632896
        var: 0.00702865188941
    spectral_flux:
        dmean: 0.0108783328906
        dmean2: 0.0181657224894
        dvar: 0.000180224902579
        dvar2: 0.000474591157399
        max: 0.154627993703
        mean: 0.0278956089169
        median: 0.0246934238821
        min: 1.04589018002e-010
        var: 0.00042241634219
    spectral_kurtosis:
        dmean: 3.57137346268
        dmean2: 5.89620685577
        dvar: 26.8193588257
        dvar2: 69.7537384033
        max: 150.360351563
        mean: 7.42018222809
        median: 4.63448667526
        min: -1.31732869148
        var: 101.466308594
    spectral_rms:
        dmean: 0.000299271545373
        dmean2: 0.000410303851822
        dvar: 1.60477583222e-007
        dvar2: 2.47623404448e-007
        max: 0.00590325891972
        mean: 0.00137483014259
        median: 0.00129555573221
        min: 3.266812168e-012
        var: 9.12686857646e-007
    spectral_rolloff:
        dmean: 607.038085938
        dmean2: 1007.40307617
        dvar: 905667.4375
        dvar2: 1780922
        max: 17420.3613281
        mean: 2330.15234375
        median: 2239.453125
        min: 172.265625
        var: 2646839
    spectral_skewness:
        dmean: 0.414897084236
        dmean2: 0.646441102028
        dvar: 0.204751521349
        dvar2: 0.472090095282
        max: 10.0535488129
        mean: 1.72015166283
        median: 1.5455429554
        min: -0.536022663116
        var: 0.988098561764
    spectral_spread:
        dmean: 666366.0625
        dmean2: 964275.5625
        dvar: 971893833728
        dvar2: 1.56787644826e+012
        max: 40531724
        mean: 3932809.75
        median: 3476404.25
        min: 449308.625
        var: 4.35253883699e+012
    spectral_strongpeak:
        dmean: 0.397515326738
        dmean2: 0.637741208076
        dvar: 0.554823815823
        dvar2: 1.33687758446
        max: 20.543176651
        mean: 0.742049992085
        median: 0.319055378437
        min: 2.02598648968e-009
        var: 1.30234050751
    zerocrossingrate:
        dmean: 0.0127441268414
        dmean2: 0.0138701004907
        dvar: 0.000275244849036
        dvar2: 0.000277562823612
        max: 0.48291015625
        mean: 0.0769031494856
        median: 0.0673828125
        min: 0.01025390625
        var: 0.00209558173083
    barkbands:
        dmean: [1.9087609715e-008, 6.89841954227e-006, 2.80020285572e-005, 4.51958876511e-005, 0.00013096164912, 0.000214238782064, 0.00031660599052, 0.00016872555716, 0.000140393676702, 9.12592367968e-005, 5.30460674781e-005, 3.3661883208e-005, 2.28954031627e-005, 3.1937201129e-005, 4.29732244811e-005, 5.18774140801e-005, 7.75510852691e-005, 6.33202871541e-005, 0.000123187797726, 7.39794122637e-005, 4.5869317546e-005, 1.3795900486e-005, 3.18472598337e-006, 9.56720555223e-007, 6.11385871707e-007, 2.03730294857e-008, 1.58718593823e-010]
        dmean2: [3.16920392152e-008, 1.1641652236e-005, 4.80633243569e-005, 7.57331872592e-005, 0.000208777186344, 0.000320149352774, 0.00045387269347, 0.000249740260188, 0.000206089214771, 0.000133712441311, 7.70142069086e-005, 5.17540211149e-005, 3.66441636288e-005, 5.01512295159e-005, 6.79369695717e-005, 8.49862772156e-005, 0.000123255842482, 9.99789044727e-005, 0.00019401453028, 0.000111343826575, 7.07150393282e-005, 2.2453488782e-005, 4.8839642659e-006, 1.47924424709e-006, 9.64023342931e-007, 3.0288941133e-008, 2.79574252637e-010]
        dvar: [3.58866141827e-014, 9.41819622291e-010, 1.26328201233e-008, 2.70153677207e-008, 1.00785051416e-007, 4.53294916269e-007, 1.18214893519e-006, 4.09061385653e-007, 2.09993586964e-007, 9.56318046974e-008, 5.2407543194e-008, 1.61628470607e-008, 6.15268458404e-009, 1.13762590459e-008, 1.94892812999e-008, 3.18145971789e-008, 7.98981076855e-008, 3.78423941072e-008, 3.58342191475e-007, 5.08631750051e-008, 3.83825593531e-008, 5.9031148858e-009, 2.24586516051e-010, 2.68996422359e-011, 2.44165260926e-011, 1.99746936927e-014, 2.10469037055e-019]
        dvar2: [7.32063403495e-014, 2.47268383546e-009, 3.5415290256e-008, 7.09212173433e-008, 2.4428152301e-007, 8.09898494936e-007, 2.00645035875e-006, 7.15695193776e-007, 3.86657603713e-007, 1.78906702786e-007, 9.36789774642e-008, 3.37407719542e-008, 1.43326621682e-008, 2.70423079485e-008, 4.56935218551e-008, 8.2683008884e-008, 1.96793166651e-007, 9.14818372166e-008, 8.98030521057e-007, 1.12854351642e-007, 9.53951584393e-008, 1.59831277102e-008, 5.03897645832e-010, 6.66704330632e-011, 6.71207742164e-011, 4.22722431061e-014, 5.13250318947e-019]
        max: [1.0930213648e-005, 0.0013427392114, 0.00225866772234, 0.00327926361933, 0.00659295683727, 0.0190591774881, 0.0215039905161, 0.0172630157322, 0.0124013042077, 0.00822898559272, 0.00861430633813, 0.00516365654767, 0.00269532133825, 0.00379783008248, 0.00591639894992, 0.00740350596607, 0.00960075482726, 0.00521179381758, 0.0315140299499, 0.00654059508815, 0.00833090208471, 0.00287016481161, 0.000607886409853, 0.000242715701461, 0.000333078729454, 7.73351257521e-006, 2.85453101156e-008]
        mean: [2.84978742826e-008, 1.21656667034e-005, 3.66679014405e-005, 5.1858547522e-005, 0.000221740745474, 0.000362565799151, 0.0005834097974, 0.000264437665464, 0.000205362113775, 0.000138916875585, 8.12657453935e-005, 5.45229631825e-005, 3.25523542415e-005, 4.82926225231e-005, 6.53058814351e-005, 7.55730943638e-005, 0.000133919005748, 0.000110909648356, 0.000173431588337, 0.000120473057905, 7.31191394152e-005, 1.93736268557e-005, 4.68313237434e-006, 1.45307353705e-006, 8.54133759276e-007, 2.47354030591e-008, 1.42166931005e-010]
        median: [8.4185447502e-010, 3.12405887826e-007, 1.39573114666e-006, 4.25136886406e-006, 3.96403120249e-005, 6.08452173765e-005, 5.43807182112e-005, 2.61408349616e-005, 2.10815396713e-005, 1.33417124744e-005, 6.72697797199e-006, 5.14306339028e-006, 4.6056688916e-006, 4.00529097533e-006, 5.4007809922e-006, 7.55826249588e-006, 9.24810228753e-006, 1.13235419121e-005, 1.95180873561e-005, 1.38296072691e-005, 6.04531578574e-006, 8.12513178516e-007, 1.60002741723e-007, 4.39829968002e-008, 1.3187356096e-008, 4.98135588334e-010, 2.81555247866e-011]
        min: [4.86695056105e-023, 4.78113227644e-023, 1.33853019096e-023, 2.40649907747e-023, 2.1846709176e-023, 4.01062059142e-023, 1.85071911738e-023, 2.24275853259e-023, 3.37757202121e-023, 9.25062852326e-023, 8.41538512117e-023, 7.45465414389e-023, 2.28372430028e-022, 2.05913194024e-022, 1.72049553687e-022, 2.61965333303e-022, 1.17121004773e-022, 4.69183568322e-022, 2.76444427145e-022, 2.26802028846e-022, 5.19738924812e-022, 5.28387314201e-022, 7.53913130186e-022, 8.83623370508e-022, 1.57266199349e-021, 1.64780739395e-021, 2.01178544272e-021]
        var: [6.15636488728e-014, 2.14234030516e-009, 1.68833445002e-008, 3.1260597666e-008, 2.35923153014e-007, 1.28661224608e-006, 3.73454076907e-006, 1.03779257188e-006, 4.34967631691e-007, 2.16630255068e-007, 1.33945789571e-007, 3.7347572146e-008, 9.65373647688e-009, 1.9178772348e-008, 4.30666133866e-008, 5.51878329702e-008, 2.50974068194e-007, 9.86174129025e-008, 4.16367953449e-007, 1.06090482177e-007, 6.4444705572e-008, 6.70806432623e-009, 4.4017070544e-010, 4.77495022688e-011, 3.66230205884e-011, 3.38787801795e-014, 2.59338363581e-019]
    frequency_bands:
        dmean: [1.9087609715e-008, 6.89841954227e-006, 2.80020285572e-005, 4.51958876511e-005, 0.00013096164912, 0.000214238782064, 0.00031660599052, 0.00016872555716, 0.000140393676702, 9.12592367968e-005, 5.30460674781e-005, 3.3661883208e-005, 2.28954031627e-005, 3.1937201129e-005, 4.29732244811e-005, 5.18774140801e-005, 7.75510852691e-005, 6.33202871541e-005, 0.000123187797726, 7.39794122637e-005, 4.5869317546e-005, 1.3795900486e-005, 3.18472598337e-006, 9.56720555223e-007, 6.11385871707e-007, 2.03730294857e-008, 1.58718593823e-010, 3.28073852807e-011]
        dmean2: [3.16920392152e-008, 1.1641652236e-005, 4.80633243569e-005, 7.57331872592e-005, 0.000208777186344, 0.000320149352774, 0.00045387269347, 0.000249740260188, 0.000206089214771, 0.000133712441311, 7.70142069086e-005, 5.17540211149e-005, 3.66441636288e-005, 5.01512295159e-005, 6.79369695717e-005, 8.49862772156e-005, 0.000123255842482, 9.99789044727e-005, 0.00019401453028, 0.000111343826575, 7.07150393282e-005, 2.2453488782e-005, 4.8839642659e-006, 1.47924424709e-006, 9.64023342931e-007, 3.0288941133e-008, 2.79574252637e-010, 6.06393546487e-011]
        dvar: [3.58866141827e-014, 9.41819622291e-010, 1.26328201233e-008, 2.70153677207e-008, 1.00785051416e-007, 4.53294916269e-007, 1.18214893519e-006, 4.09061385653e-007, 2.09993586964e-007, 9.56318046974e-008, 5.2407543194e-008, 1.61628470607e-008, 6.15268458404e-009, 1.13762590459e-008, 1.94892812999e-008, 3.18145971789e-008, 7.98981076855e-008, 3.78423941072e-008, 3.58342191475e-007, 5.08631750051e-008, 3.83825593531e-008, 5.9031148858e-009, 2.24586516051e-010, 2.68996422359e-011, 2.44165260926e-011, 1.99746936927e-014, 2.10469037055e-019, 3.81215232583e-021]
        dvar2: [7.32063403495e-014, 2.47268383546e-009, 3.5415290256e-008, 7.09212173433e-008, 2.4428152301e-007, 8.09898494936e-007, 2.00645035875e-006, 7.15695193776e-007, 3.86657603713e-007, 1.78906702786e-007, 9.36789774642e-008, 3.37407719542e-008, 1.43326621682e-008, 2.70423079485e-008, 4.56935218551e-008, 8.2683008884e-008, 1.96793166651e-007, 9.14818372166e-008, 8.98030521057e-007, 1.12854351642e-007, 9.53951584393e-008, 1.59831277102e-008, 5.03897645832e-010, 6.66704330632e-011, 6.71207742164e-011, 4.22722431061e-014, 5.13250318947e-019, 1.21578247107e-020]
        max: [1.0930213648e-005, 0.0013427392114, 0.00225866772234, 0.00327926361933, 0.00659295683727, 0.0190591774881, 0.0215039905161, 0.0172630157322, 0.0124013042077, 0.00822898559272, 0.00861430633813, 0.00516365654767, 0.00269532133825, 0.00379783008248, 0.00591639894992, 0.00740350596607, 0.00960075482726, 0.00521179381758, 0.0315140299499, 0.00654059508815, 0.00833090208471, 0.00287016481161, 0.000607886409853, 0.000242715701461, 0.000333078729454, 7.73351257521e-006, 2.85453101156e-008, 1.01402020114e-009]
        mean: [2.84978742826e-008, 1.21656667034e-005, 3.66679014405e-005, 5.1858547522e-005, 0.000221740745474, 0.000362565799151, 0.0005834097974, 0.000264437665464, 0.000205362113775, 0.000138916875585, 8.12657453935e-005, 5.45229631825e-005, 3.25523542415e-005, 4.82926225231e-005, 6.53058814351e-005, 7.55730943638e-005, 0.000133919005748, 0.000110909648356, 0.000173431588337, 0.000120473057905, 7.31191394152e-005, 1.93736268557e-005, 4.68313237434e-006, 1.45307353705e-006, 8.54133759276e-007, 2.47354030591e-008, 1.42166931005e-010, 2.51530306999e-011]
        median: [8.4185447502e-010, 3.12405887826e-007, 1.39573114666e-006, 4.25136886406e-006, 3.96403120249e-005, 6.08452173765e-005, 5.43807182112e-005, 2.61408349616e-005, 2.10815396713e-005, 1.33417124744e-005, 6.72697797199e-006, 5.14306339028e-006, 4.6056688916e-006, 4.00529097533e-006, 5.4007809922e-006, 7.55826249588e-006, 9.24810228753e-006, 1.13235419121e-005, 1.95180873561e-005, 1.38296072691e-005, 6.04531578574e-006, 8.12513178516e-007, 1.60002741723e-007, 4.39829968002e-008, 1.3187356096e-008, 4.98135588334e-010, 2.81555247866e-011, 4.54830877822e-012]
        min: [4.86695056105e-023, 4.78113227644e-023, 1.33853019096e-023, 2.40649907747e-023, 2.1846709176e-023, 4.01062059142e-023, 1.85071911738e-023, 2.24275853259e-023, 3.37757202121e-023, 9.25062852326e-023, 8.41538512117e-023, 7.45465414389e-023, 2.28372430028e-022, 2.05913194024e-022, 1.72049553687e-022, 2.61965333303e-022, 1.17121004773e-022, 4.69183568322e-022, 2.76444427145e-022, 2.26802028846e-022, 5.19738924812e-022, 5.28387314201e-022, 7.53913130186e-022, 8.83623370508e-022, 1.57266199349e-021, 1.64780739395e-021, 2.01178544272e-021, 5.41293987378e-022]
        var: [6.15636488728e-014, 2.14234030516e-009, 1.68833445002e-008, 3.1260597666e-008, 2.35923153014e-007, 1.28661224608e-006, 3.73454076907e-006, 1.03779257188e-006, 4.34967631691e-007, 2.16630255068e-007, 1.33945789571e-007, 3.7347572146e-008, 9.65373647688e-009, 1.9178772348e-008, 4.30666133866e-008, 5.51878329702e-008, 2.50974068194e-007, 9.86174129025e-008, 4.16367953449e-007, 1.06090482177e-007, 6.4444705572e-008, 6.70806432623e-009, 4.4017070544e-010, 4.77495022688e-011, 3.66230205884e-011, 3.38787801795e-014, 2.59338363581e-019, 2.95514514751e-021]
    mfcc:
        mean: [-836.918823242, 112.294189453, -41.244140625, 31.6295986176, -30.090461731, -28.9315776825, -11.5684728622, -16.5858650208, -9.90957355499, -6.0400056839, -8.98547840118, -5.51958322525, -3.82909178734]
        cov: [[10544.7910156, 1248.35180664, -2114.4777832, 1014.77484131, -298.2472229, 385.43862915, -165.149902344, -34.7806625366, 22.8548221588, 31.2538471222, -153.632507324, -175.185440063, -132.845596313], [1248.35180664, 1974.78271484, -524.46081543, -133.520095825, 16.8138885498, -285.725128174, 98.1848678589, -157.803649902, -95.9152984619, -3.93626284599, -67.608215332, -54.3983840942, -106.679862976], [-2114.4777832, -524.46081543, 1279.01159668, -62.9684677124, -30.9051685333, 114.860496521, -60.8878250122, -34.5473899841, -87.85912323, -72.5013122559, 36.9778709412, 21.8880367279, -6.7618470192], [1014.77484131, -133.520095825, -62.9684677124, 786.397644043, -3.47510647774, -80.4447937012, -50.2173881531, -55.8175697327, 36.9902839661, -36.1335372925, -58.6393318176, 13.0158185959, 8.06944942474], [-298.2472229, 16.8138885498, -30.9051685333, -3.47510647774, 537.793945313, 88.2488479614, -24.1301803589, 144.85307312, 7.87380123138, -19.6134376526, 31.9193134308, -5.64152812958, -13.544260025], [385.43862915, -285.725128174, 114.860496521, -80.4447937012, 88.2488479614, 536.897094727, 40.9344482422, 84.0409164429, 50.0073204041, -23.0620651245, 66.6257629395, -24.675245285, -27.4083786011], [-165.149902344, 98.1848678589, -60.8878250122, -50.2173881531, -24.1301803589, 40.9344482422, 275.55557251, 40.5927696228, 18.0835056305, 38.7591934204, 9.29650688171, -7.89925098419, -31.2324752808], [-34.7806625366, -157.803649902, -34.5473899841, -55.8175697327, 144.85307312, 84.0409164429, 40.5927696228, 297.11038208, 75.0840454102, -7.97925853729, 54.0606079102, -2.24301028252, 28.8176460266], [22.8548221588, -95.9152984619, -87.85912323, 36.9902839661, 7.87380123138, 50.0073204041, 18.0835056305, 75.0840454102, 221.743759155, 42.1093101501, 7.95917367935, 34.1829681396, 21.3238048553], [31.2538471222, -3.93626284599, -72.5013122559, -36.1335372925, -19.6134376526, -23.0620651245, 38.7591934204, -7.97925853729, 42.1093101501, 177.153274536, 34.6613273621, -14.6535959244, 12.476817131], [-153.632507324, -67.608215332, 36.9778709412, -58.6393318176, 31.9193134308, 66.6257629395, 9.29650688171, 54.0606079102, 7.95917367935, 34.6613273621, 160.638381958, 44.7559700012, 21.4899101257], [-175.185440063, -54.3983840942, 21.8880367279, 13.0158185959, -5.64152812958, -24.675245285, -7.89925098419, -2.24301028252, 34.1829681396, -14.6535959244, 44.7559700012, 175.952758789, 82.5480194092], [-132.845596313, -106.679862976, -6.7618470192, 8.06944942474, -13.544260025, -27.4083786011, -31.2324752808, 28.8176460266, 21.3238048553, 12.476817131, 21.4899101257, 82.5480194092, 182.995117188]]
        icov: [[0.000304458430037, -0.000205799908144, 0.000481970782857, -0.000459205795778, 0.000393536582123, -0.000617484096438, 0.000482724775793, -0.000357453827746, 0.000393540743971, -0.000275557220448, 0.00023639286519, -9.86243394436e-005, 0.000204086711165], [-0.000205799908144, 0.000860870233737, -3.56128621206e-005, 0.000502641720232, -0.000443451310275, 0.000779243768193, -0.000626963330433, 0.000687230145559, -0.000162307347637, 0.000450945080956, -0.000226937074331, 0.00016655921354, 0.00013732087973], [0.000481970782857, -3.56128621206e-005, 0.0017398276832, -0.000602230022196, 0.000647128385026, -0.00104890880175, 0.000828908174299, -0.000341203121934, 0.000990807195194, -8.67875787662e-005, 0.000178648435394, -0.000276275124634, 0.000500079069752], [-0.000459205795778, 0.000502641720232, -0.000602230022196, 0.00212626741268, -0.000735852867365, 0.00119596847799, -0.000664349005092, 0.000976926647127, -0.0010012841085, 0.000834732200019, -9.08135843929e-005, 0.000173669875949, -0.00030683260411], [0.000393536582123, -0.000443451310275, 0.000647128385026, -0.000735852867365, 0.0028229043819, -0.00116854044609, 0.00116030103527, -0.00183858384844, 0.000926401873585, -0.000515241292305, 0.000346008106135, -0.000453556916909, 0.000696159433573], [-0.000617484096438, 0.000779243768193, -0.00104890880175, 0.00119596847799, -0.00116854044609, 0.00373199116439, -0.00149455154315, 0.000918149540666, -0.00156057032291, 0.00145305006299, -0.0016186980065, 0.00103061192203, -0.000204715208383], [0.000482724775793, -0.000626963330433, 0.000828908174299, -0.000664349005092, 0.00116030103527, -0.00149455154315, 0.00505574094132, -0.00168942776509, 0.000869646319188, -0.00167811510619, 0.000814261089545, -0.000884345383383, 0.00135220063385], [-0.000357453827746, 0.000687230145559, -0.000341203121934, 0.000976926647127, -0.00183858384844, 0.000918149540666, -0.00168942776509, 0.00589947309345, -0.00238102977164, 0.00192259950563, -0.00210648938082, 0.00177590013482, -0.00153784570284], [0.000393540743971, -0.000162307347637, 0.000990807195194, -0.0010012841085, 0.000926401873585, -0.00156057032291, 0.000869646319188, -0.00238102977164, 0.00666969455779, -0.00240811472759, 0.00161546387244, -0.00217436533421, 0.00080817489652], [-0.000275557220448, 0.000450945080956, -8.67875787662e-005, 0.000834732200019, -0.000515241292305, 0.00145305006299, -0.00167811510619, 0.00192259950563, -0.00240811472759, 0.00786327756941, -0.00287502771243, 0.00247029052116, -0.00141907483339], [0.00023639286519, -0.000226937074331, 0.000178648435394, -9.08135843929e-005, 0.000346008106135, -0.0016186980065, 0.000814261089545, -0.00210648938082, 0.00161546387244, -0.00287502771243, 0.00888343527913, -0.00320427655242, 0.000713771791197], [-9.86243394436e-005, 0.00016655921354, -0.000276275124634, 0.000173669875949, -0.000453556916909, 0.00103061192203, -0.000884345383383, 0.00177590013482, -0.00217436533421, 0.00247029052116, -0.00320427655242, 0.00905624218285, -0.0039261537604], [0.000204086711165, 0.00013732087973, 0.000500079069752, -0.00030683260411, 0.000696159433573, -0.000204715208383, 0.00135220063385, -0.00153784570284, 0.00080817489652, -0.00141907483339, 0.000713771791197, -0.0039261537604, 0.00790849514306]]
    sccoeffs:
        dmean: [0.0548454411328, 0.0592708364129, 0.0454641655087, 0.0366187132895, 0.033208578825, 0.027339393273]
        dmean2: [0.0886769741774, 0.0904045775533, 0.0682857111096, 0.0563237257302, 0.0499465465546, 0.0408428646624]
        dvar: [0.00229604891501, 0.00308466493152, 0.00183879164979, 0.00115628319327, 0.0011182515882, 0.000693738751579]
        dvar2: [0.00529880728573, 0.00571168540046, 0.00338762905449, 0.00235663284548, 0.00216655037366, 0.00138532207347]
        max: [-0.292055875063, -0.275521844625, -0.39544481039, -0.459422707558, -0.35680180788, -0.414418041706]
        mean: [-0.639826714993, -0.71357190609, -0.775243937969, -0.795887649059, -0.781070172787, -0.750477671623]
        median: [-0.645803451538, -0.73750770092, -0.79739433527, -0.807228326797, -0.792734324932, -0.755540966988]
        min: [-0.960626125336, -0.985095798969, -0.969056665897, -0.987524986267, -0.973659098148, -0.957698941231]
        var: [0.0151365902275, 0.0164488535374, 0.00927999895066, 0.00510422606021, 0.00524477707222, 0.00458603305742]
    scvalleys:
        dmean: [0.480653971434, 0.441639304161, 0.369837641716, 0.338757246733, 0.329861819744, 0.358840584755]
        dmean2: [0.798587143421, 0.719416797161, 0.583331286907, 0.519962787628, 0.482934623957, 0.49728256464]
        dvar: [0.189245954156, 0.189560070634, 0.137243285775, 0.124060340226, 0.129324555397, 0.166746169329]
        dvar2: [0.44271582365, 0.421807259321, 0.276996552944, 0.241703525186, 0.234957501292, 0.278331816196]
        max: [-5.0396566391, -4.76906681061, -5.10691738129, -5.11695480347, -5.49496555328, -7.53448677063]
        mean: [-9.04016399384, -7.33856058121, -8.05335426331, -8.6587972641, -8.65931034088, -11.5964851379]
        median: [-8.99464511871, -7.21692800522, -7.91081953049, -8.60637760162, -8.57886314392, -11.8411130905]
        min: [-27.1456413269, -27.4260921478, -27.0070152283, -27.4078102112, -27.4344882965, -27.3087120056]
        var: [2.57512426376, 1.92016232014, 1.95440244675, 2.24509739876, 1.94815778732, 1.8148431778]

rhythm:
    beats_loudness:
        dmean: 0.0031024646014
        dmean2: 0.00544982030988
        dvar: 1.00811530501e-005
        dvar2: 2.84745110548e-005
        max: 0.0191775523126
        mean: 0.00400169147179
        median: 0.00317708565854
        min: 4.82844077221e-011
        var: 1.36847329486e-005
    bpm: 110.187217712
    bpm_confidence: 0
    first_peak_bpm: 110
    first_peak_spread: 0.576388895512
    first_peak_weight: 0.104095563293
    onset_rate: 3.9965941906
    second_peak_bpm: 126
    second_peak_spread: 0.482758671045
    second_peak_weight: 0.0767918080091
    beats_loudness_band_ratio:
        dmean: [0.065581984818, 0.214425772429, 0.227534323931, 0.125199601054, 0.113939069211, 0.16796413064]
        dmean2: [0.120366729796, 0.385519206524, 0.397523015738, 0.225160837173, 0.199773222208, 0.304311156273]
        dvar: [0.0109316268936, 0.0453687347472, 0.0422001220286, 0.0282508935779, 0.0174895823002, 0.0417334847152]
        dvar2: [0.0334872640669, 0.128008127213, 0.111026756465, 0.0793147906661, 0.0441204793751, 0.112867973745]
        max: [0.925331115723, 0.961978852749, 0.993693888187, 0.967048048973, 0.941521644592, 0.99352067709]
        mean: [0.0722246021032, 0.245946615934, 0.327167093754, 0.114255137742, 0.136816725135, 0.159329622984]
        median: [0.0225492510945, 0.176997452974, 0.247996091843, 0.0514886267483, 0.0834724232554, 0.0658723264933]
        min: [0, 0, 0, 0, 0, 0]
        var: [0.013686706312, 0.0550926327705, 0.0696493238211, 0.0253944229335, 0.0232090149075, 0.0432528927922]
    beats_position: [0.476009070873, 0.975238084793, 1.46285712719, 1.95047616959, 2.43809509277, 2.92571425438, 3.41333317757, 3.88934230804, 4.3653512001, 4.841360569, 5.31736946106, 5.80498838425, 6.28099775314, 6.7570066452, 7.24462556839, 7.72063493729, 8.19664382935, 8.67265319824, 9.16027164459, 9.63628101349, 10.1239004135, 10.6115188599, 11.0875282288, 11.5635375977, 12.051156044, 12.5271654129, 13.0031747818, 13.4907932281, 13.966802597, 14.4428119659, 14.9188203812, 15.3948297501, 15.8824491501, 16.3584575653, 16.8344669342, 17.3104763031, 17.786485672, 18.2741031647, 18.7617225647, 19.2493419647, 19.7253513336, 20.2013607025, 20.6773700714, 21.153377533, 21.640996933, 22.1170063019, 22.6046257019, 23.0806350708, 23.5682544708, 24.0558719635, 24.5551013947, 25.0543308258, 25.553560257, 26.0527877808, 26.563627243, 27.0048065186, 27.4343757629, 27.8755550385, 28.3051242828, 28.7346935272, 29.1642627716, 29.6054420471, 30.0930614471, 30.5806789398, 31.0566883087, 31.5791378021, 32.0899772644, 32.5892066956, 33.0884361267, 33.5992736816, 34.1101112366, 34.6209526062, 35.1317901611, 35.6426315308, 36.1534690857, 36.6643066406, 37.1983680725, 37.7440338135, 38.2780952454, 38.8469848633, 39.4042625427, 39.9615402222, 40.4956016541, 41.0296592712, 41.5637168884, 42.1442184448, 42.7247161865, 43.3284339905, 43.9321517944, 44.5126533508, 45.0699310303, 45.6272087097, 46.1844902039, 46.7417678833, 47.2990455627, 47.8679351807, 48.4252128601, 48.9708824158, 49.5165519714, 50.0622215271, 50.5266189575, 50.9561882019, 51.3857574463, 51.8385467529, 52.2216758728, 52.5931968689, 52.9879341125, 53.3710632324, 53.789024353, 54.1953735352, 54.5901107788, 54.9964599609, 55.3795890808, 55.7743301392, 56.1690673828, 56.5638084412, 56.9817695618, 57.3997268677, 57.8176841736, 58.247253418, 58.6536026001, 59.0831718445, 59.5591812134, 60.0468025208, 60.5344200134, 61.0104293823, 61.4864387512, 61.9624481201, 62.438457489, 62.8912467957, 63.3556442261, 63.8200454712, 64.2844467163, 64.748840332, 65.2248535156, 65.6892471313, 66.1652603149, 66.6412658691, 67.1404953003, 67.6397247314, 68.1505661011, 68.7426757813, 69.3231735229, 69.8920593262, 70.4493408203, 71.0066223145, 71.5522918701, 72.0979614258, 72.632019043, 73.1892929077, 73.7465744019, 74.303855896, 74.8611297607, 75.4184112549, 75.9640808105, 76.5445785522, 77.1134643555, 77.7404098511, 78.3673477173, 78.9710617065, 79.5631713867, 80.1668930054, 80.7590026855, 81.3511123657, 81.8503417969, 82.349571228, 82.8255767822, 83.3015823364, 83.77759552, 84.2536010742, 84.7063903809, 85.170791626, 85.6351928711, 86.0879821777, 86.6452560425, 87.2257614136, 87.8526992798, 88.456413269, 89.1646270752, 89.872833252, 90.6042633057, 91.3008575439, 91.9742355347, 92.6011810303, 93.2281188965, 93.8434448242, 94.458770752, 95.0624923706, 95.5965499878, 96.130607605, 96.6878890991, 97.2451705933, 97.802444458, 98.3481140137, 98.8937835693, 99.439453125, 99.9851226807, 100.542404175, 101.076461792, 101.610519409, 102.144577026, 102.678634644, 103.21269989, 103.72353363, 104.269203186, 104.803260803, 105.511474609, 106.1848526, 106.869842529, 107.54322052, 108.22820282, 108.90158844, 109.574966431, 110.201904297, 110.817230225, 111.444168091, 112.071105957, 112.709655762, 113.31337738, 113.917098999, 114.50920105, 115.10131073, 115.705032349, 116.262313843, 116.819587708, 117.365257263, 117.910926819, 118.456596375, 119.013877869, 119.582763672, 120.140045166, 120.755371094, 121.370697021, 121.997642517, 122.647796631, 123.286346436, 123.971336365, 124.644714355, 125.294876099, 125.945030212, 126.595191956, 127.222129822, 127.849067688, 128.476013184, 129.10295105, 129.776321411, 130.449707031, 131.134689331, 131.81968689, 132.504669189, 133.189651489, 133.886260986, 134.571243286, 135.256240845, 135.941223145, 136.649429321, 137.322814941, 137.996185303, 138.599899292, 139.180404663, 139.760910034, 140.31817627, 140.875457764, 141.432739258, 141.990020752, 142.675003052, 143.371612549, 144.056594849, 144.729980469, 145.40335083, 146.07673645, 146.750106812, 147.411880493, 148.073654175, 148.735412598, 149.397186279, 150.047348022, 150.732330322, 151.417327881, 152.206802368, 152.996276855, 153.785751343, 154.552017212, 155.318267822, 156.061309814, 156.815963745, 157.570602417, 158.313644409, 159.021850586, 159.718460083, 160.42666626, 161.123260498, 161.819854736, 162.516464233, 163.22467041, 163.874832153, 164.513381958, 165.09387207, 165.68598938, 166.278091431, 166.846984863, 167.415863037, 167.98475647, 168.565261841, 169.145751953, 169.726257324, 170.295150757, 170.933700562, 171.572235107, 172.210784912, 172.849334717, 173.476272583, 174.068389893, 174.660491943, 175.252609253, 175.879547119, 176.494873047, 177.214691162, 177.946121216, 178.67755127, 179.397369385, 180.128799438, 180.848617554, 181.591659546, 182.311477661, 183.019683838, 183.739501953, 184.459320068, 185.167526245, 185.875732422, 186.595550537, 187.326980591, 188.058410645, 188.731781006, 189.405166626, 190.066940308, 190.740310669, 191.413696289, 192.052246094, 192.67918396, 193.306121826, 193.921447754, 194.559997559, 195.152099609, 195.73260498, 196.231826782, 196.731063843, 197.230285645, 197.741134644, 198.251968384, 198.762802124, 199.273651123, 199.796096802, 200.31854248, 200.864212036, 201.409881592, 201.967163086, 202.536056519, 203.093322754, 203.650604248, 204.196273804, 204.741943359, 205.287612915, 205.844894409, 206.390563965, 206.936233521, 207.481903076, 208.120452881, 208.770614624, 209.420761108, 210.059310913, 210.697860718, 211.220306396, 211.754379272, 212.265213013, 212.706390381, 213.159179688, 213.623580933, 214.087982178, 214.563980103, 215.028381348, 215.51600647, 216.003631592, 216.479629517, 216.9556427, 217.420043945, 217.88444519, 218.348846436, 218.801635742, 219.254425049, 219.695602417, 220.136779785, 220.589569092, 221.042358398, 221.553192139, 222.075637817, 222.586486816, 223.108932495, 223.642990112, 224.188659668, 224.711105347, 225.221939087, 225.721176147, 226.20880127, 226.696411133, 227.172424316, 227.694869995, 228.228927612, 228.751373291, 229.331878662, 229.923980713, 230.516098022, 231.108200073, 231.700317383, 232.292419434, 232.884536743, 233.406982422, 233.941040039, 234.475097656, 235.009155273, 235.543212891, 236.077270508, 236.599716187, 237.122177124, 237.644622803, 238.225112915, 238.794006348, 239.351287842, 239.920181274, 240.477462769, 240.999908447, 241.522354126, 242.044799805, 242.567245483, 243.089706421, 243.623764038, 244.146209717, 244.668655396, 245.191101074, 245.713562012, 246.23600769, 246.758453369, 247.280899048, 247.803344727, 248.360626221, 248.906295776, 249.451965332, 249.997634888, 250.543304443, 251.077362061, 251.634643555, 252.191925049, 252.737594604, 253.28326416, 253.828933716, 254.39781189, 254.955093384, 255.628479004, 256.301849365, 256.975219727, 257.660217285, 258.345214844, 259.041809082, 259.73840332, 260.434997559, 261.131591797, 261.863037109, 262.606079102, 263.349121094, 264.092163086, 264.777130127, 265.473724365, 266.10067749, 266.716003418, 267.331329346, 267.981506348, 268.631652832, 269.270202637, 269.908752441, 270.524078369, 271.162628174, 271.789550781, 272.416503906, 273.031829834, 273.681976318, 274.34375, 274.993927002, 275.644073486, 276.305847168, 276.897949219, 277.49005127, 278.082183838, 278.651062012, 279.231567383, 279.823669434, 280.427398682, 281.019500732, 281.600006104, 282.192108154, 282.737762451, 283.295043945, 283.84072876, 284.386383057, 284.932067871, 285.489349365, 286.046630859, 286.580688477, 287.126342773, 287.672027588, 288.217681885, 288.763336182, 289.297424316, 289.843078613, 290.38873291, 290.934417725, 291.468475342, 292.014129639, 292.548217773, 293.09387207, 293.662750244, 294.231658936, 294.777313232, 295.334594727, 295.880279541, 296.425933838, 296.959991455, 297.494049072, 298.01651001, 298.53894043, 299.072998047, 299.618682861, 300.164337158, 300.721618652, 301.278900146, 301.824584961, 302.370239258, 302.915924072, 303.461578369, 304.007263184, 304.564544678, 305.063751221, 305.562988281, 306.062225342, 306.573059082, 307.072296143, 307.583129883, 308.12878418, 308.674468994, 309.231750488, 309.789031982, 310.334686279, 310.891967773, 311.43762207, 311.983306885, 312.528961182, 313.074645996, 313.63192749, 314.189208984, 314.746490479, 315.326965332, 315.907470703, 316.511199951, 317.022033691, 317.532867432, 318.055328369, 318.577758789, 319.088623047, 319.622680664, 320.133514404, 320.655944824, 321.178405762, 321.689239502, 322.200073242, 322.7109375, 323.210144043, 323.720977783, 324.220214844, 324.719451904, 325.230285645, 325.729522705, 326.228759766, 326.727966309, 327.227203369, 327.72644043, 328.22567749, 328.724884033, 329.224121094]
