
metadata:
    version:
        essentia: "2.1-beta2"
    audio_properties:
        analysis_sample_rate: 44100
        bitrate: 128
        channels: 2
        equal_loudness: 1
        length: 410.044067383
        replay_gain: -9.17293739319
        downmix: "mix"
    tags:
        album: "Saison 1"
        artist: "La IIIème Légion"
        comment: "BO par Bertrand"
        date: "2006"
        genre: "Other;other"
        title: "Episode 7"
        tracknumber: ""

configuration:
    average_loudness:
        compute: 1
        frameSize: 88200
        hopSize: 44100
        silentFrames: "noise"
        windowType: "hann"
    general:
        analysisSampleRate: 44100
        endTime: 2000
        equalLoudness: 1
        nequalLoudness: 0
        shortSound: 0
        startTime: 0
    lowlevel:
        compute: 1
        frameSize: 2048
        hopSize: 1024
        zeroPadding: 0
        silentFrames: "noise"
        windowType: "blackmanharris62"
        mfccStats: ["mean", "cov", "icov"]
        stats: ["mean", "var", "median", "min", "max", "dmean", "dmean2", "dvar", "dvar2"]
    panning:
        compute: 0
        frameSize: 8192
        hopSize: 2048
        zeroPadding: 8192
        silentFrames: "noise"
        windowType: "hann"
        stats: ["copy"]
    rhythm:
        compute: 1
        maxTempo: 208
        minTempo: 40
        method: "degara"
        stats: ["mean", "var", "median", "min", "max", "dmean", "dmean2", "dvar", "dvar2"]
    segmentation:
        compute: 0
        cpw: 5
        inc1: 300
        inc2: 50
        minimumSegmentsLength: 10
        size1: 1000
        size2: 600
    sfx:
        compute: 1
        stats: ["mean", "var", "median", "min", "max", "dmean", "dmean2", "dvar", "dvar2"]
    svm:
        compute: 0
    tonal:
        compute: 1
        frameSize: 4096
        hopSize: 2048
        zeroPadding: 0
        silentFrames: "noise"
        windowType: "blackmanharris62"
        stats: ["mean", "var", "median", "min", "max", "dmean", "dmean2", "dvar", "dvar2"]

lowlevel:
    average_loudness: 0.419954329729
    barkbands_kurtosis:
        dmean: 5.8967757225
        dmean2: 9.25144958496
        dvar: 547.885925293
        dvar2: 1096.53125
        max: 1828.48083496
        mean: 7.19887828827
        median: 0.950365304947
        min: -1.99130260944
        var: 1133.09143066
    barkbands_skewness:
        dmean: 0.901056289673
        dmean2: 1.32270908356
        dvar: 1.42159295082
        dvar2: 2.76287961006
        max: 38.5457191467
        mean: 0.975503265858
        median: 0.840084433556
        min: -17.5943698883
        var: 5.5157699585
    barkbands_spread:
        dmean: 6.57322120667
        dmean2: 10.4385900497
        dvar: 64.437789917
        dvar2: 155.421661377
        max: 72.6390304565
        mean: 18.5851726532
        median: 16.5473232269
        min: 0.0763134136796
        var: 150.972106934
    dissonance:
        dmean: 0.0348241440952
        dmean2: 0.0572798624635
        dvar: 0.0017452443717
        dvar2: 0.00429987348616
        max: 0.500000119209
        mean: 0.43571922183
        median: 0.461648315191
        min: 0.101055420935
        var: 0.0045929835178
    hfc:
        dmean: 1.38473653793
        dmean2: 1.92255365849
        dvar: 8.09728813171
        dvar2: 15.9169473648
        max: 104.691162109
        mean: 3.05135917664
        median: 0.999113976955
        min: 1.18280435143e-016
        var: 28.1283855438
    pitch:
        dmean: 584.922912598
        dmean2: 1106.15979004
        dvar: 1410286.75
        dvar2: 3284935.75
        max: 6578.29541016
        mean: 1014.51831055
        median: 308.141784668
        min: 45.4630012512
        var: 2015811.125
    pitch_instantaneous_confidence:
        dmean: 0.119869492948
        dmean2: 0.187568753958
        dvar: 0.0136018572375
        dvar2: 0.0286724828184
        max: 0.99081081152
        mean: 0.582702159882
        median: 0.596633076668
        min: 0.0542975664139
        var: 0.051588345319
    pitch_salience:
        dmean: 0.078395858407
        dmean2: 0.122334510088
        dvar: 0.0062753255479
        dvar2: 0.0132632702589
        max: 0.990359663963
        mean: 0.622326850891
        median: 0.661886751652
        min: 0.0287340506911
        var: 0.0255422983319
    silence_rate_20dB:
        dmean: 0
        dmean2: 0
        dvar: 0
        dvar2: 0
        max: 1
        mean: 1
        median: 1
        min: 1
        var: 0
    silence_rate_30dB:
        dmean: 0
        dmean2: 0
        dvar: 0
        dvar2: 0
        max: 1
        mean: 1
        median: 1
        min: 1
        var: 0
    silence_rate_60dB:
        dmean: 0.105549260974
        dmean2: 0.21111048758
        dvar: 0.0944030061364
        dvar2: 0.18684720993
        max: 1
        mean: 0.746220469475
        median: 1
        min: 0
        var: 0.189404860139
    spectral_centroid:
        dmean: 377.454284668
        dmean2: 566.88848877
        dvar: 342864.84375
        dvar2: 632634.1875
        max: 11070.6591797
        mean: 1469.85668945
        median: 1129.65270996
        min: 217.320892334
        var: 1103299
    spectral_complexity:
        dmean: 1.61483573914
        dmean2: 2.39662504196
        dvar: 5.76411247253
        dvar2: 10.7631721497
        max: 56
        mean: 4.13289165497
        median: 2
        min: 0
        var: 27.5717926025
    spectral_crest:
        dmean: 3.1071331501
        dmean2: 4.97767686844
        dvar: 8.79318904877
        dvar2: 19.8226528168
        max: 26.9083652496
        mean: 11.0884656906
        median: 9.86454486847
        min: 2.37096190453
        var: 29.0266513824
    spectral_decrease:
        dmean: 2.63805532974e-010
        dmean2: 3.57420870678e-010
        dvar: 2.41831473657e-019
        dvar2: 4.17353564473e-019
        max: -3.18391337936e-029
        mean: -5.73689151739e-010
        median: -2.23877305583e-010
        min: -9.37366895215e-009
        var: 7.38009922134e-019
    spectral_energy:
        dmean: 0.00111201941036
        dmean2: 0.00150777597446
        dvar: 4.16152761318e-006
        dvar2: 7.24505798644e-006
        max: 0.0448742359877
        mean: 0.00244200392626
        median: 0.000955514668021
        min: 1.08485359337e-020
        var: 1.2956405044e-005
    spectral_energyband_high:
        dmean: 7.37140144338e-005
        dmean2: 0.00010845594079
        dvar: 7.24392279494e-008
        dvar2: 1.37768196851e-007
        max: 0.0117931971326
        mean: 0.0001351282408
        median: 1.27997727759e-005
        min: 7.5756286269e-021
        var: 2.37966887084e-007
    spectral_energyband_low:
        dmean: 1.88586072909e-005
        dmean2: 2.99133807857e-005
        dvar: 1.89755375857e-008
        dvar2: 4.28024620192e-008
        max: 0.00855442136526
        mean: 3.17558296956e-005
        median: 1.00557338101e-006
        min: 4.79732001776e-023
        var: 3.11554977372e-008
    spectral_energyband_middle_high:
        dmean: 0.000398421980208
        dmean2: 0.000554921862204
        dvar: 8.36940387217e-007
        dvar2: 1.57563317771e-006
        max: 0.0279318764806
        mean: 0.000801057496574
        median: 0.000171825085999
        min: 1.69507947349e-021
        var: 2.63195283878e-006
    spectral_energyband_middle_low:
        dmean: 0.00079855916556
        dmean2: 0.00109982315917
        dvar: 2.86636395685e-006
        dvar2: 5.04864055983e-006
        max: 0.0351141244173
        mean: 0.00151555007324
        median: 0.000443169265054
        min: 3.63692518993e-022
        var: 7.74375530455e-006
    spectral_flatness_db:
        dmean: 0.0335353575647
        dmean2: 0.0489547178149
        dvar: 0.00131745100953
        dvar2: 0.00226408452727
        max: 0.556877851486
        mean: 0.23856574297
        median: 0.237407192588
        min: 0.0136846955866
        var: 0.0067701805383
    spectral_flux:
        dmean: 0.0119410092011
        dmean2: 0.019922349602
        dvar: 0.000209078381886
        dvar2: 0.000548873969819
        max: 0.189133882523
        mean: 0.0262856222689
        median: 0.020574875176
        min: 1.04156308578e-010
        var: 0.000487129233079
    spectral_kurtosis:
        dmean: 3.78912830353
        dmean2: 6.27250242233
        dvar: 27.870054245
        dvar2: 74.0667114258
        max: 146.611022949
        mean: 7.65081977844
        median: 4.66626691818
        min: -1.22755110264
        var: 105.148765564
    spectral_rms:
        dmean: 0.000337224744726
        dmean2: 0.000436886359239
        dvar: 1.94784050223e-007
        dvar2: 2.89194105108e-007
        max: 0.0066166264005
        mean: 0.0011965414742
        median: 0.00096550991293
        min: 3.25329650372e-012
        var: 9.50711466885e-007
    spectral_rolloff:
        dmean: 649.801391602
        dmean2: 1075.85900879
        dvar: 1011032.6875
        dvar2: 1987420.5
        max: 18798.4863281
        mean: 2388.77954102
        median: 2347.11914063
        min: 172.265625
        var: 2721489.5
    spectral_skewness:
        dmean: 0.441197156906
        dmean2: 0.692816734314
        dvar: 0.215884581208
        dvar2: 0.498634338379
        max: 10.0935268402
        mean: 1.69472968578
        median: 1.51466619968
        min: -0.849675059319
        var: 1.05384933949
    spectral_spread:
        dmean: 662919.625
        dmean2: 985409.625
        dvar: 833517780992
        dvar2: 1.45603847782e+012
        max: 41963820
        mean: 3765322.25
        median: 3417605.5
        min: 677431.6875
        var: 3.62364403712e+012
    spectral_strongpeak:
        dmean: 0.35134062171
        dmean2: 0.560432314873
        dvar: 0.40094357729
        dvar2: 1.01324403286
        max: 12.8092708588
        mean: 0.614568889141
        median: 0.276227205992
        min: 0
        var: 0.838230311871
    zerocrossingrate:
        dmean: 0.0142384301871
        dmean2: 0.0154746361077
        dvar: 0.00032368930988
        dvar2: 0.00032849892159
        max: 0.4951171875
        mean: 0.078386515379
        median: 0.06787109375
        min: 0.00830078125
        var: 0.00229670177214
    barkbands:
        dmean: [3.05987661875e-008, 3.17598073707e-006, 9.5512768894e-006, 2.43476279138e-005, 0.000128831714392, 0.000118345153169, 0.000253858161159, 0.000213643113966, 0.000247949879849, 0.000130605170853, 5.96485406277e-005, 3.50757691194e-005, 2.56529729086e-005, 2.28049138968e-005, 3.96195027861e-005, 4.31079315604e-005, 5.41013978363e-005, 5.13671293447e-005, 9.36616124818e-005, 7.59530448704e-005, 3.37563360517e-005, 7.8815037341e-006, 1.86562942872e-006, 4.41995894107e-007, 1.47225890146e-007, 7.29232141339e-009, 1.33792490975e-010]
        dmean2: [4.81564548238e-008, 5.3528456192e-006, 1.63900785992e-005, 3.79212069674e-005, 0.000182169664185, 0.000169162784005, 0.000368221575627, 0.000315592536936, 0.000363423401723, 0.000188754696865, 8.90514347702e-005, 5.27777192474e-005, 3.93876325688e-005, 3.56686687155e-005, 6.09592243563e-005, 6.69617147651e-005, 8.37042316562e-005, 7.78050380177e-005, 0.000143323311931, 0.00011489183089, 5.05922580487e-005, 1.1864901353e-005, 2.7837493235e-006, 6.29602197932e-007, 2.15181856333e-007, 1.04811688217e-008, 2.38387559692e-010]
        dvar: [3.29924753966e-013, 1.5731611569e-009, 7.08182534837e-009, 1.90855242721e-008, 1.88364452924e-007, 1.9511321625e-007, 7.50582444198e-007, 7.50594381316e-007, 8.58071473431e-007, 2.58232716988e-007, 9.41569027191e-008, 3.29494440621e-008, 1.40250850933e-008, 1.08002486954e-008, 3.74491690991e-008, 2.40648034833e-008, 3.72387489733e-008, 2.55180925279e-008, 1.17019268941e-007, 6.91868962122e-008, 1.88307254234e-008, 1.06712338965e-009, 1.09174717877e-010, 5.63769040132e-012, 6.61622178485e-013, 2.25914126714e-015, 1.34887890125e-019]
        dvar2: [7.42696594329e-013, 3.4466483001e-009, 1.90371363118e-008, 4.49395649582e-008, 3.34194510287e-007, 3.38839100777e-007, 1.47172977449e-006, 1.41833425005e-006, 1.57569081694e-006, 5.00090095557e-007, 2.03133481591e-007, 7.02615139403e-008, 3.01180840268e-008, 2.43670097433e-008, 8.14253908743e-008, 5.11724138619e-008, 8.71368470712e-008, 5.28694066304e-008, 2.61628315457e-007, 1.50648389763e-007, 3.71186565928e-008, 2.2254362797e-009, 2.03981026514e-010, 1.03991129943e-011, 1.42652556434e-012, 4.05506181476e-015, 3.55216739135e-019]
        max: [3.41005616065e-005, 0.00260724988766, 0.00527144549415, 0.00827738828957, 0.0205787830055, 0.0249817874283, 0.030127113685, 0.0350529775023, 0.0317182205617, 0.0164629481733, 0.012896428816, 0.0101253958419, 0.00682037416846, 0.00393399503082, 0.0142361102626, 0.00629278225824, 0.00989922881126, 0.00565099343657, 0.0120134521276, 0.0116875404492, 0.00749817816541, 0.00132811302319, 0.000848074269015, 0.00018209053087, 4.27183003922e-005, 2.69513020612e-006, 1.45094336546e-008]
        mean: [3.70201824751e-008, 5.7118472796e-006, 1.38367058753e-005, 3.38217396347e-005, 0.000237561049289, 0.000195159373106, 0.000380765151931, 0.000283118890366, 0.000323198473779, 0.000169923936483, 7.56459485274e-005, 4.52380190836e-005, 3.22604864778e-005, 2.90056741505e-005, 5.38830281585e-005, 6.13418596913e-005, 8.78263163031e-005, 8.59941865201e-005, 0.00012720641098, 0.000130099157104, 5.43877649761e-005, 1.26769273265e-005, 2.46929903369e-006, 6.21007757218e-007, 2.00790523763e-007, 9.13296815952e-009, 1.22936757996e-010]
        median: [4.60058074969e-010, 1.09076722765e-007, 2.9883048569e-007, 1.44819205161e-006, 2.018466148e-005, 2.07419816434e-005, 2.44848743023e-005, 1.36766102514e-005, 1.3420733012e-005, 7.50075741962e-006, 3.38154927704e-006, 3.02728881252e-006, 2.43384261012e-006, 1.98865905077e-006, 2.91502988148e-006, 4.87159377371e-006, 6.34544676359e-006, 8.56198948895e-006, 1.36528051371e-005, 8.79326489667e-006, 3.59458840649e-006, 5.95760127453e-007, 1.55929697598e-007, 3.22179118939e-008, 7.04751590419e-009, 4.04215938499e-010, 2.24746436739e-011]
        min: [3.225229412e-023, 1.37753005417e-023, 2.11539378399e-023, 8.50187267537e-024, 8.3903933766e-023, 2.32518171764e-023, 6.42691984568e-023, 7.15205593589e-023, 9.32602469314e-023, 2.2660146885e-022, 4.55371693033e-023, 1.13092033384e-022, 9.85003659348e-023, 8.35968775473e-023, 1.99235429664e-022, 1.24293441719e-022, 2.50396315785e-022, 2.2058073096e-022, 1.57596826731e-022, 4.07594408039e-022, 4.5942042381e-022, 2.98110788519e-022, 7.34098862756e-022, 8.22500408087e-022, 1.38391850222e-021, 1.77777511847e-021, 2.27251131777e-021]
        var: [4.36889727954e-013, 2.08886685726e-009, 7.9595690039e-009, 2.38982647005e-008, 5.1408460422e-007, 4.9165589644e-007, 1.56496128056e-006, 1.44836167237e-006, 1.64066932484e-006, 4.92114281769e-007, 1.5142828147e-007, 5.35036477345e-008, 2.28448886475e-008, 1.64852203e-008, 5.95231703926e-008, 5.79362300357e-008, 9.68044346905e-008, 7.02804996422e-008, 1.76997644985e-007, 1.9956094377e-007, 5.10550002275e-008, 2.75618439183e-009, 2.2142150613e-010, 1.14886052061e-011, 1.16350451409e-012, 4.48457612869e-015, 1.66744011381e-019]
    frequency_bands:
        dmean: [3.05987661875e-008, 3.17598073707e-006, 9.5512768894e-006, 2.43476279138e-005, 0.000128831714392, 0.000118345153169, 0.000253858161159, 0.000213643113966, 0.000247949879849, 0.000130605170853, 5.96485406277e-005, 3.50757691194e-005, 2.56529729086e-005, 2.28049138968e-005, 3.96195027861e-005, 4.31079315604e-005, 5.41013978363e-005, 5.13671293447e-005, 9.36616124818e-005, 7.59530448704e-005, 3.37563360517e-005, 7.8815037341e-006, 1.86562942872e-006, 4.41995894107e-007, 1.47225890146e-007, 7.29232141339e-009, 1.33792490975e-010, 2.93014189301e-011]
        dmean2: [4.81564548238e-008, 5.3528456192e-006, 1.63900785992e-005, 3.79212069674e-005, 0.000182169664185, 0.000169162784005, 0.000368221575627, 0.000315592536936, 0.000363423401723, 0.000188754696865, 8.90514347702e-005, 5.27777192474e-005, 3.93876325688e-005, 3.56686687155e-005, 6.09592243563e-005, 6.69617147651e-005, 8.37042316562e-005, 7.78050380177e-005, 0.000143323311931, 0.00011489183089, 5.05922580487e-005, 1.1864901353e-005, 2.7837493235e-006, 6.29602197932e-007, 2.15181856333e-007, 1.04811688217e-008, 2.38387559692e-010, 5.43879594139e-011]
        dvar: [3.29924753966e-013, 1.5731611569e-009, 7.08182534837e-009, 1.90855242721e-008, 1.88364452924e-007, 1.9511321625e-007, 7.50582444198e-007, 7.50594381316e-007, 8.58071473431e-007, 2.58232716988e-007, 9.41569027191e-008, 3.29494440621e-008, 1.40250850933e-008, 1.08002486954e-008, 3.74491690991e-008, 2.40648034833e-008, 3.72387489733e-008, 2.55180925279e-008, 1.17019268941e-007, 6.91868962122e-008, 1.88307254234e-008, 1.06712338965e-009, 1.09174717877e-010, 5.63769040132e-012, 6.61622178485e-013, 2.25914126714e-015, 1.34887890125e-019, 4.33633361039e-021]
        dvar2: [7.42696594329e-013, 3.4466483001e-009, 1.90371363118e-008, 4.49395649582e-008, 3.34194510287e-007, 3.38839100777e-007, 1.47172977449e-006, 1.41833425005e-006, 1.57569081694e-006, 5.00090095557e-007, 2.03133481591e-007, 7.02615139403e-008, 3.01180840268e-008, 2.43670097433e-008, 8.14253908743e-008, 5.11724138619e-008, 8.71368470712e-008, 5.28694066304e-008, 2.61628315457e-007, 1.50648389763e-007, 3.71186565928e-008, 2.2254362797e-009, 2.03981026514e-010, 1.03991129943e-011, 1.42652556434e-012, 4.05506181476e-015, 3.55216739135e-019, 1.38748464828e-020]
        max: [3.41005616065e-005, 0.00260724988766, 0.00527144549415, 0.00827738828957, 0.0205787830055, 0.0249817874283, 0.030127113685, 0.0350529775023, 0.0317182205617, 0.0164629481733, 0.012896428816, 0.0101253958419, 0.00682037416846, 0.00393399503082, 0.0142361102626, 0.00629278225824, 0.00989922881126, 0.00565099343657, 0.0120134521276, 0.0116875404492, 0.00749817816541, 0.00132811302319, 0.000848074269015, 0.00018209053087, 4.27183003922e-005, 2.69513020612e-006, 1.45094336546e-008, 1.16590992416e-009]
        mean: [3.70201824751e-008, 5.7118472796e-006, 1.38367058753e-005, 3.38217396347e-005, 0.000237561049289, 0.000195159373106, 0.000380765151931, 0.000283118890366, 0.000323198473779, 0.000169923936483, 7.56459485274e-005, 4.52380190836e-005, 3.22604864778e-005, 2.90056741505e-005, 5.38830281585e-005, 6.13418596913e-005, 8.78263163031e-005, 8.59941865201e-005, 0.00012720641098, 0.000130099157104, 5.43877649761e-005, 1.26769273265e-005, 2.46929903369e-006, 6.21007757218e-007, 2.00790523763e-007, 9.13296815952e-009, 1.22936757996e-010, 2.24536014781e-011]
        median: [4.60058074969e-010, 1.09076722765e-007, 2.9883048569e-007, 1.44819205161e-006, 2.018466148e-005, 2.07419816434e-005, 2.44848743023e-005, 1.36766102514e-005, 1.3420733012e-005, 7.50075741962e-006, 3.38154927704e-006, 3.02728881252e-006, 2.43384261012e-006, 1.98865905077e-006, 2.91502988148e-006, 4.87159377371e-006, 6.34544676359e-006, 8.56198948895e-006, 1.36528051371e-005, 8.79326489667e-006, 3.59458840649e-006, 5.95760127453e-007, 1.55929697598e-007, 3.22179118939e-008, 7.04751590419e-009, 4.04215938499e-010, 2.24746436739e-011, 3.14412818697e-012]
        min: [3.225229412e-023, 1.37753005417e-023, 2.11539378399e-023, 8.50187267537e-024, 8.3903933766e-023, 2.32518171764e-023, 6.42691984568e-023, 7.15205593589e-023, 9.32602469314e-023, 2.2660146885e-022, 4.55371693033e-023, 1.13092033384e-022, 9.85003659348e-023, 8.35968775473e-023, 1.99235429664e-022, 1.24293441719e-022, 2.50396315785e-022, 2.2058073096e-022, 1.57596826731e-022, 4.07594408039e-022, 4.5942042381e-022, 2.98110788519e-022, 7.34098862756e-022, 8.22500408087e-022, 1.38391850222e-021, 1.77777511847e-021, 2.27251131777e-021, 7.61302623788e-022]
        var: [4.36889727954e-013, 2.08886685726e-009, 7.9595690039e-009, 2.38982647005e-008, 5.1408460422e-007, 4.9165589644e-007, 1.56496128056e-006, 1.44836167237e-006, 1.64066932484e-006, 4.92114281769e-007, 1.5142828147e-007, 5.35036477345e-008, 2.28448886475e-008, 1.64852203e-008, 5.95231703926e-008, 5.79362300357e-008, 9.68044346905e-008, 7.02804996422e-008, 1.76997644985e-007, 1.9956094377e-007, 5.10550002275e-008, 2.75618439183e-009, 2.2142150613e-010, 1.14886052061e-011, 1.16350451409e-012, 4.48457612869e-015, 1.66744011381e-019, 3.39756681788e-021]
    mfcc:
        mean: [-861.079772949, 106.124786377, -43.5776481628, 28.0775756836, -33.0322647095, -32.6950683594, -12.88418293, -14.8921880722, -10.2895517349, -6.59140253067, -9.85058498383, -7.93515634537, -5.31370210648]
        cov: [[8425.56347656, 1293.33618164, -2365.22094727, 778.473754883, -827.348999023, -234.932983398, -271.461456299, -292.142578125, -15.9109973907, 19.0717582703, -274.939422607, -266.292510986, -183.698471069], [1293.33618164, 2067.45532227, -438.792999268, -319.779296875, -75.5135116577, -529.768371582, 70.9206848145, -235.846679688, -199.634246826, -18.0010356903, -110.078216553, -143.760681152, -156.344451904], [-2365.22094727, -438.792999268, 1550.5333252, 56.4078178406, 138.623153687, 255.921829224, 6.85109615326, 14.6812458038, -67.5587692261, -69.1844711304, 83.9688415527, 93.6140060425, 25.0604248047], [778.473754883, -319.779296875, 56.4078178406, 920.180053711, 5.37646389008, -73.3679962158, -88.7550201416, -95.9759292603, 44.7364768982, -44.5575065613, -74.5583953857, 27.7523059845, 40.7463035583], [-827.348999023, -75.5135116577, 138.623153687, 5.37646389008, 641.160644531, 55.5044631958, -3.10002303123, 153.342987061, 24.7306442261, 20.0883979797, 42.6347961426, 19.316236496, 15.0169963837], [-234.932983398, -529.768371582, 255.921829224, -73.3679962158, 55.5044631958, 600.652404785, 68.5205688477, 79.6677398682, 101.49760437, -8.18505954742, 83.5894012451, 28.2089576721, 0.524452030659], [-271.461456299, 70.9206848145, 6.85109615326, -88.7550201416, -3.10002303123, 68.5205688477, 318.623443604, 45.1671867371, -13.4952478409, 45.1970176697, 6.98705863953, 8.58608055115, -21.3495826721], [-292.142578125, -235.846679688, 14.6812458038, -95.9759292603, 153.342987061, 79.6677398682, 45.1671867371, 294.872161865, 78.0378646851, 3.10142230988, 54.1587867737, 1.4690362215, 24.2066459656], [-15.9109973907, -199.634246826, -67.5587692261, 44.7364768982, 24.7306442261, 101.49760437, -13.4952478409, 78.0378646851, 239.153427124, 46.8796386719, 9.32594585419, 42.8234863281, 23.9963474274], [19.0717582703, -18.0010356903, -69.1844711304, -44.5575065613, 20.0883979797, -8.18505954742, 45.1970176697, 3.10142230988, 46.8796386719, 191.765136719, 42.6970939636, -13.3238248825, 20.0176792145], [-274.939422607, -110.078216553, 83.9688415527, -74.5583953857, 42.6347961426, 83.5894012451, 6.98705863953, 54.1587867737, 9.32594585419, 42.6970939636, 174.827819824, 53.8131065369, 9.16079998016], [-266.292510986, -143.760681152, 93.6140060425, 27.7523059845, 19.316236496, 28.2089576721, 8.58608055115, 1.4690362215, 42.8234863281, -13.3238248825, 53.8131065369, 182.34211731, 70.6163635254], [-183.698471069, -156.344451904, 25.0604248047, 40.7463035583, 15.0169963837, 0.524452030659, -21.3495826721, 24.2066459656, 23.9963474274, 20.0176792145, 9.16079998016, 70.6163635254, 159.403335571]]
        icov: [[0.000602006854024, -0.000572280376218, 0.00088322267402, -0.000884394103196, 0.000765285629313, -0.00101707363501, 0.000884637585841, -0.000792704697233, 0.000785871176049, -0.000718815659638, 0.000539799104445, -0.000451855012216, 0.000530902121682], [-0.000572280376218, 0.00147061026655, -0.000721327261999, 0.00124780589249, -0.000942035985645, 0.00175434770063, -0.00127057253849, 0.00158934120554, -0.000820060900878, 0.00108769175131, -0.000634159194306, 0.000885247252882, -0.000120088123367], [0.00088322267402, -0.000721327261999, 0.00208894046955, -0.00133318104781, 0.000958368706051, -0.00176410854328, 0.0012928924989, -0.00105251534842, 0.00159733917098, -0.000860620697495, 0.000628853973467, -0.000976510636974, 0.000835313170683], [-0.000884394103196, 0.00124780589249, -0.00133318104781, 0.00273474422283, -0.00135247956496, 0.0020057738293, -0.00134722841904, 0.00205239001662, -0.00171112164389, 0.00156662880909, -0.000522057060152, 0.000880718813278, -0.0009553830605], [0.000765285629313, -0.000942035985645, 0.000958368706051, -0.00135247956496, 0.00289696734399, -0.00155141600408, 0.00149735703599, -0.0023651139345, 0.00136550655589, -0.00149964250159, 0.000849466130603, -0.00103482522536, 0.000837287574541], [-0.00101707363501, 0.00175434770063, -0.00176410854328, 0.0020057738293, -0.00155141600408, 0.00467084441334, -0.00251161167398, 0.00224327319302, -0.00280497549102, 0.00239912932739, -0.00220016553067, 0.00183234259021, -0.000797353801318], [0.000884637585841, -0.00127057253849, 0.0012928924989, -0.00134722841904, 0.00149735703599, -0.00251161167398, 0.00535953929648, -0.00268162600696, 0.00242021656595, -0.00292339269072, 0.00202927226201, -0.00224191462621, 0.00178598228376], [-0.000792704697233, 0.00158934120554, -0.00105251534842, 0.00205239001662, -0.0023651139345, 0.00224327319302, -0.00268162600696, 0.00717064645141, -0.00342093338259, 0.00305678229779, -0.00283321016468, 0.00291031994857, -0.00194183376152], [0.000785871176049, -0.000820060900878, 0.00159733917098, -0.00171112164389, 0.00136550655589, -0.00280497549102, 0.00242021656595, -0.00342093338259, 0.00765839777887, -0.00360666145571, 0.0026017355267, -0.00331763387658, 0.00163206830621], [-0.000718815659638, 0.00108769175131, -0.000860620697495, 0.00156662880909, -0.00149964250159, 0.00239912932739, -0.00292339269072, 0.00305678229779, -0.00360666145571, 0.00859688967466, -0.00383388996124, 0.00353823322803, -0.00263283122331], [0.000539799104445, -0.000634159194306, 0.000628853973467, -0.000522057060152, 0.000849466130603, -0.00220016553067, 0.00202927226201, -0.00283321016468, 0.0026017355267, -0.00383388996124, 0.00927119981498, -0.00421304767951, 0.00208729365841], [-0.000451855012216, 0.000885247252882, -0.000976510636974, 0.000880718813278, -0.00103482522536, 0.00183234259021, -0.00224191462621, 0.00291031994857, -0.00331763387658, 0.00353823322803, -0.00421304767951, 0.00978823471814, -0.00441383896396], [0.000530902121682, -0.000120088123367, 0.000835313170683, -0.0009553830605, 0.000837287574541, -0.000797353801318, 0.00178598228376, -0.00194183376152, 0.00163206830621, -0.00263283122331, 0.00208729365841, -0.00441383896396, 0.00925848353654]]
    sccoeffs:
        dmean: [0.0600950196385, 0.0623748041689, 0.0496628060937, 0.0384597815573, 0.0348982959986, 0.0271192062646]
        dmean2: [0.089826002717, 0.0932658687234, 0.0731998234987, 0.0582147650421, 0.0519758351147, 0.040794916451]
        dvar: [0.00315559795126, 0.00352840311825, 0.00221548345871, 0.00132236618083, 0.0011559589766, 0.000673729053233]
        dvar2: [0.00566118117422, 0.00624715024605, 0.0039109615609, 0.00265255337581, 0.00222539412789, 0.00140594912227]
        max: [-0.189687281847, -0.254195958376, -0.353344619274, -0.383539587259, -0.423557907343, -0.453073620796]
        mean: [-0.62854719162, -0.71562063694, -0.772464394569, -0.800900638103, -0.787673890591, -0.75455981493]
        median: [-0.638272881508, -0.736126840115, -0.793340265751, -0.817590534687, -0.800161719322, -0.761097252369]
        min: [-0.992392122746, -0.98605209589, -0.991341590881, -0.994793057442, -0.992510378361, -0.96072101593]
        var: [0.0201771911234, 0.0173123050481, 0.0103660644963, 0.00556070450693, 0.00512700388208, 0.00420543178916]
    scvalleys:
        dmean: [0.483206123114, 0.471981793642, 0.407982856035, 0.380999594927, 0.378002792597, 0.369960337877]
        dmean2: [0.801529943943, 0.761183321476, 0.634030997753, 0.575759589672, 0.542413234711, 0.509996235371]
        dvar: [0.164130941033, 0.190902337432, 0.146463021636, 0.139411076903, 0.145526587963, 0.166519343853]
        dvar2: [0.415701836348, 0.440986335278, 0.298810571432, 0.280603468418, 0.262465119362, 0.289686471224]
        max: [-4.67167186737, -4.45525503159, -4.9662861824, -5.15813541412, -5.25744438171, -7.86894750595]
        mean: [-9.44772338867, -7.6857843399, -8.24337291718, -8.86948108673, -8.79406452179, -11.8049039841]
        median: [-9.4525384903, -7.59145450592, -8.19774532318, -8.82164955139, -8.66762447357, -11.9225025177]
        min: [-27.2925014496, -27.2227058411, -27.2224807739, -27.4177150726, -27.273765564, -27.3482933044]
        var: [1.48699748516, 1.64376378059, 1.70476186275, 1.88698303699, 1.81877624989, 1.5159008503]

rhythm:
    beats_loudness:
        dmean: 0.00390603113919
        dmean2: 0.00689638592303
        dvar: 2.07540397241e-005
        dvar2: 6.06757785135e-005
        max: 0.0306444130838
        mean: 0.00388367893174
        median: 0.00243929284625
        min: 3.77627963621e-011
        var: 2.04064272111e-005
    bpm: 123.228721619
    bpm_confidence: 0
    first_peak_bpm: 123
    first_peak_spread: 0.646666646004
    first_peak_weight: 0.0659203976393
    onset_rate: 4.514149189
    second_peak_bpm: 110
    second_peak_spread: 0.505747139454
    second_peak_weight: 0.0534825883806
    beats_loudness_band_ratio:
        dmean: [0.0796330794692, 0.187721714377, 0.248569443822, 0.133408471942, 0.136841624975, 0.158759623766]
        dmean2: [0.147931694984, 0.331352651119, 0.432586401701, 0.2388009727, 0.240059539676, 0.289116948843]
        dvar: [0.0146788135171, 0.0374146290123, 0.0440464131534, 0.0281261559576, 0.0285761170089, 0.0415998324752]
        dvar2: [0.0433044210076, 0.0999865680933, 0.116261646152, 0.0732487887144, 0.0770854949951, 0.114719964564]
        max: [0.746078133583, 0.968945026398, 0.996739447117, 0.891843616962, 0.982210040092, 0.9824026227]
        mean: [0.0678013190627, 0.20625667274, 0.366150081158, 0.117636524141, 0.145140856504, 0.145881921053]
        median: [0.0166444592178, 0.119943514466, 0.322930842638, 0.0479982607067, 0.0748873278499, 0.060531206429]
        min: [0, 0, 0, 0, 0, 0]
        var: [0.0138170169666, 0.0492211468518, 0.073160238564, 0.0268732514232, 0.0320719741285, 0.0389674305916]
