
metadata:
    version:
        essentia: "2.1-beta2"
    audio_properties:
        analysis_sample_rate: 44100
        bitrate: 128
        channels: 2
        equal_loudness: 1
        length: 380.029388428
        replay_gain: -9.38253974915
        downmix: "mix"
    tags:
        album: "Saison 1"
        artist: "La IIIème Légion"
        comment: "BO par Bertrand"
        date: "2006"
        genre: "Other"
        title: "Episode 8"
        tracknumber: "8"

configuration:
    average_loudness:
        compute: 1
        frameSize: 88200
        hopSize: 44100
        silentFrames: "noise"
        windowType: "hann"
    general:
        analysisSampleRate: 44100
        endTime: 2000
        equalLoudness: 1
        nequalLoudness: 0
        shortSound: 0
        startTime: 0
    lowlevel:
        compute: 1
        frameSize: 2048
        hopSize: 1024
        zeroPadding: 0
        silentFrames: "noise"
        windowType: "blackmanharris62"
        mfccStats: ["mean", "cov", "icov"]
        stats: ["mean", "var", "median", "min", "max", "dmean", "dmean2", "dvar", "dvar2"]
    panning:
        compute: 0
        frameSize: 8192
        hopSize: 2048
        zeroPadding: 8192
        silentFrames: "noise"
        windowType: "hann"
        stats: ["copy"]
    rhythm:
        compute: 1
        maxTempo: 208
        minTempo: 40
        method: "degara"
        stats: ["mean", "var", "median", "min", "max", "dmean", "dmean2", "dvar", "dvar2"]
    segmentation:
        compute: 0
        cpw: 5
        inc1: 300
        inc2: 50
        minimumSegmentsLength: 10
        size1: 1000
        size2: 600
    sfx:
        compute: 1
        stats: ["mean", "var", "median", "min", "max", "dmean", "dmean2", "dvar", "dvar2"]
    svm:
        compute: 0
    tonal:
        compute: 1
        frameSize: 4096
        hopSize: 2048
        zeroPadding: 0
        silentFrames: "noise"
        windowType: "blackmanharris62"
        stats: ["mean", "var", "median", "min", "max", "dmean", "dmean2", "dvar", "dvar2"]

lowlevel:
    average_loudness: 0.203864127398
    barkbands_kurtosis:
        dmean: 4.5158662796
        dmean2: 7.13814067841
        dvar: 168.582763672
        dvar2: 372.576416016
        max: 537.109313965
        mean: 4.54314994812
        median: 0.358391165733
        min: -1.97807693481
        var: 250.999053955
    barkbands_skewness:
        dmean: 0.831885993481
        dmean2: 1.22050201893
        dvar: 1.08318328857
        dvar2: 2.18450641632
        max: 21.4963207245
        mean: 0.921606361866
        median: 0.802646517754
        min: -10.8980960846
        var: 3.73228168488
    barkbands_spread:
        dmean: 6.33858203888
        dmean2: 9.93440151215
        dvar: 49.4610366821
        dvar2: 111.691459656
        max: 65.5704956055
        mean: 20.6282787323
        median: 19.6843070984
        min: 0.192216515541
        var: 146.356811523
    dissonance:
        dmean: 0.0315496176481
        dmean2: 0.051885984838
        dvar: 0.00130535906646
        dvar2: 0.0032417292241
        max: 0.500000119209
        mean: 0.441092818975
        median: 0.461410731077
        min: 0.106582708657
        var: 0.00341698271222
    hfc:
        dmean: 1.48306369781
        dmean2: 2.05562567711
        dvar: 9.45931148529
        dvar2: 16.7170696259
        max: 121.397239685
        mean: 3.38202881813
        median: 1.05447721481
        min: 1.19759089971e-016
        var: 38.6485328674
    pitch:
        dmean: 580.073425293
        dmean2: 1102.89904785
        dvar: 1366299.875
        dvar2: 3249925.5
        max: 6609.61962891
        mean: 952.753601074
        median: 302.993713379
        min: 43.0243911743
        var: 1833618
    pitch_instantaneous_confidence:
        dmean: 0.117608673871
        dmean2: 0.184282720089
        dvar: 0.0135852713138
        dvar2: 0.0283858794719
        max: 0.991321563721
        mean: 0.578314781189
        median: 0.578053414822
        min: 0.116824746132
        var: 0.0491655245423
    pitch_salience:
        dmean: 0.0821139886975
        dmean2: 0.129147902131
        dvar: 0.00692992145196
        dvar2: 0.0150432493538
        max: 0.989486932755
        mean: 0.605354726315
        median: 0.633286654949
        min: 0.0392228402197
        var: 0.0239289961755
    silence_rate_20dB:
        dmean: 0
        dmean2: 0
        dvar: 0
        dvar2: 0
        max: 1
        mean: 1
        median: 1
        min: 1
        var: 0
    silence_rate_30dB:
        dmean: 0
        dmean2: 0
        dvar: 0
        dvar2: 0
        max: 1
        mean: 1
        median: 1
        min: 1
        var: 0
    silence_rate_60dB:
        dmean: 0.0813832730055
        dmean2: 0.162776485085
        dvar: 0.0747652053833
        dvar2: 0.154136955738
        max: 1
        mean: 0.756109476089
        median: 1
        min: 0
        var: 0.184427902102
    spectral_centroid:
        dmean: 349.641998291
        dmean2: 519.660888672
        dvar: 229675.046875
        dvar2: 435136.5625
        max: 10904.8632813
        mean: 1431.24658203
        median: 1180.96069336
        min: 198.369903564
        var: 828747.6875
    spectral_complexity:
        dmean: 1.70391643047
        dmean2: 2.52914571762
        dvar: 6.1195898056
        dvar2: 11.2564220428
        max: 45
        mean: 4.90634155273
        median: 3
        min: 0
        var: 39.911315918
    spectral_crest:
        dmean: 3.16476845741
        dmean2: 5.06766414642
        dvar: 9.3398809433
        dvar2: 21.2808761597
        max: 26.8598823547
        mean: 10.8906593323
        median: 9.62273693085
        min: 2.49899625778
        var: 28.5807552338
    spectral_decrease:
        dmean: 2.24513602154e-010
        dmean2: 3.12167180994e-010
        dvar: 1.80873148048e-019
        dvar2: 3.23585507608e-019
        max: 7.70959266017e-029
        mean: -5.52156709244e-010
        median: -2.4404184229e-010
        min: -9.47931333428e-009
        var: 6.54576814938e-019
    spectral_energy:
        dmean: 0.000969618384261
        dmean2: 0.00134388811421
        dvar: 3.27270413436e-006
        dvar2: 5.80316736887e-006
        max: 0.0378708541393
        mean: 0.0023907283321
        median: 0.0010396996513
        min: 1.05715095923e-020
        var: 1.23721629279e-005
    spectral_energyband_high:
        dmean: 8.44257010613e-005
        dmean2: 0.000122351630125
        dvar: 6.87806789301e-008
        dvar2: 1.30694260747e-007
        max: 0.0101713696495
        mean: 0.000142921606312
        median: 1.80541792361e-005
        min: 7.69774843497e-021
        var: 1.8583783401e-007
    spectral_energyband_low:
        dmean: 2.28568515013e-005
        dmean2: 3.72162212443e-005
        dvar: 9.74860370206e-009
        dvar2: 2.395493226e-008
        max: 0.00558191118762
        mean: 4.48711907666e-005
        median: 1.92604193217e-006
        min: 5.69354615436e-023
        var: 1.90402094091e-008
    spectral_energyband_middle_high:
        dmean: 0.000438469141955
        dmean2: 0.000618371414021
        dvar: 1.04712353277e-006
        dvar2: 1.88536967016e-006
        max: 0.0303007178009
        mean: 0.000935848453082
        median: 0.000201350150746
        min: 1.66739790256e-021
        var: 3.90010745832e-006
    spectral_energyband_middle_low:
        dmean: 0.000626205059234
        dmean2: 0.000897665333468
        dvar: 1.85278145182e-006
        dvar2: 3.60303670277e-006
        max: 0.0368718914688
        mean: 0.00131077249534
        median: 0.000489167985506
        min: 1.94421030492e-022
        var: 4.93364450449e-006
    spectral_flatness_db:
        dmean: 0.0316098406911
        dmean2: 0.0466298647225
        dvar: 0.00118587922771
        dvar2: 0.00215626484714
        max: 0.520373225212
        mean: 0.228284224868
        median: 0.223073899746
        min: 0.0544338040054
        var: 0.005717293825
    spectral_flux:
        dmean: 0.0101972455159
        dmean2: 0.0166320223361
        dvar: 0.000158712195116
        dvar2: 0.000399357551942
        max: 0.165239557624
        mean: 0.0257559921592
        median: 0.0199219901115
        min: 1.02817844516e-010
        var: 0.000464283570182
    spectral_kurtosis:
        dmean: 3.05893468857
        dmean2: 5.08602571487
        dvar: 16.8778572083
        dvar2: 43.3844871521
        max: 145.566009521
        mean: 6.47067689896
        median: 4.51121139526
        min: -1.19712984562
        var: 78.0529327393
    spectral_rms:
        dmean: 0.000299061182886
        dmean2: 0.000401582074119
        dvar: 1.53147553306e-007
        dvar2: 2.43507940922e-007
        max: 0.00607841880992
        mean: 0.00119887653273
        median: 0.00100714503787
        min: 3.21148988479e-012
        var: 8.95120365385e-007
    spectral_rolloff:
        dmean: 641.523742676
        dmean2: 1063.82788086
        dvar: 874692.8125
        dvar2: 1723455.25
        max: 18906.1523438
        mean: 2427.21728516
        median: 2519.38476563
        min: 193.798828125
        var: 2407756.25
    spectral_skewness:
        dmean: 0.386923998594
        dmean2: 0.600629508495
        dvar: 0.155443221331
        dvar2: 0.349413216114
        max: 10.0096387863
        mean: 1.58484125137
        median: 1.48417854309
        min: -0.396475732327
        var: 0.807550251484
    spectral_spread:
        dmean: 599795.4375
        dmean2: 876196.625
        dvar: 673150992384
        dvar2: 1.10234789478e+012
        max: 39068448
        mean: 3845352
        median: 3446661.5
        min: 595332.0625
        var: 3.44149721088e+012
    spectral_strongpeak:
        dmean: 0.341647654772
        dmean2: 0.547411441803
        dvar: 0.367281228304
        dvar2: 0.891267716885
        max: 15.1045398712
        mean: 0.600058794022
        median: 0.291513621807
        min: 9.24394616408e-010
        var: 0.794150829315
    zerocrossingrate:
        dmean: 0.0131744649261
        dmean2: 0.0145066613331
        dvar: 0.000231568614254
        dvar2: 0.00025170473964
        max: 0.49267578125
        mean: 0.0774710923433
        median: 0.07080078125
        min: 0.01025390625
        var: 0.00178554200102
    barkbands:
        dmean: [2.08838848437e-008, 3.93289928979e-006, 1.13893265734e-005, 2.55947179539e-005, 8.19999258965e-005, 0.00013835846039, 0.000169529143022, 0.000215484469663, 0.000199462534511, 9.81582488748e-005, 5.45308030269e-005, 4.45496916655e-005, 2.72436191153e-005, 3.12931551889e-005, 3.95971292164e-005, 5.19024761161e-005, 6.38831843389e-005, 7.42790070944e-005, 0.000114645859867, 8.58681814861e-005, 3.98321826651e-005, 4.45372188551e-006, 1.44301361615e-006, 3.64371089745e-007, 1.34718547429e-007, 4.43647962811e-009, 1.13046107197e-010]
        dmean2: [3.05365368547e-008, 6.47135175313e-006, 1.8931546947e-005, 4.11694454669e-005, 0.00012456632976, 0.000201757895411, 0.000256265862845, 0.000321372092003, 0.000301733874949, 0.000143793353345, 8.14487939351e-005, 6.71488960506e-005, 4.24419995397e-005, 4.82886098325e-005, 6.1776219809e-005, 8.07730684755e-005, 0.000100028846646, 0.00011123540753, 0.000174891305505, 0.000125875943922, 5.94292541791e-005, 6.82139125274e-006, 2.26045949603e-006, 5.55451777018e-007, 2.09931570794e-007, 6.83653800237e-009, 2.05280931143e-010]
        dvar: [5.50919071918e-014, 7.05020319902e-010, 2.92682922343e-009, 9.56337053992e-009, 3.83409037852e-008, 1.4508064794e-007, 3.12249795797e-007, 9.08126651211e-007, 4.52994896705e-007, 2.31563660691e-007, 9.63689501532e-008, 1.10035088596e-007, 2.59271430991e-008, 2.82801320139e-008, 2.39727970808e-008, 3.39544570238e-008, 4.48016557186e-008, 6.31057588407e-008, 1.36934218631e-007, 7.76365354227e-008, 2.10996855543e-008, 2.92018770276e-010, 1.03860614553e-010, 2.91068861721e-012, 4.67604579189e-013, 4.80159737332e-016, 7.85651816029e-020]
        dvar2: [1.20780948719e-013, 1.78289383257e-009, 7.67014185499e-009, 2.34015189449e-008, 8.14949814298e-008, 2.73326918432e-007, 6.28915131529e-007, 1.80190136234e-006, 9.75620764621e-007, 4.23075363187e-007, 1.75985277906e-007, 2.02469664146e-007, 5.86067088193e-008, 6.36403925114e-008, 5.00169470286e-008, 7.68807808527e-008, 1.02412094805e-007, 1.29556624984e-007, 3.16023573532e-007, 1.51295395767e-007, 4.10656006977e-008, 5.85138049125e-010, 2.4641491625e-010, 6.34582620826e-012, 1.09910539871e-012, 1.08086941548e-015, 2.34268664714e-019]
        max: [1.28191804833e-005, 0.00156600517221, 0.00320611754432, 0.0033449633047, 0.00584317045286, 0.0161290708929, 0.0175904463977, 0.0351038463414, 0.0182589702308, 0.0240144636482, 0.0183355472982, 0.027916058898, 0.00934832915664, 0.00853678677231, 0.00636682193726, 0.0103619406, 0.0083136651665, 0.00870502088219, 0.0126847708598, 0.0148075483739, 0.00582144921646, 0.000762666983064, 0.000815732346382, 7.43770870031e-005, 3.14694189001e-005, 1.11318172458e-006, 1.01971560085e-008]
        mean: [3.81954770035e-008, 7.34904779165e-006, 2.06261465792e-005, 3.75274321414e-005, 0.00015297360369, 0.000248634634772, 0.000274524383713, 0.000284538109554, 0.000260099943262, 0.000143312237924, 7.01529934304e-005, 5.95949131821e-005, 3.50146183337e-005, 4.08743107982e-005, 5.71290656808e-005, 7.12257824489e-005, 0.000104661012301, 0.00013818264415, 0.000178572314326, 0.000133356559672, 6.32761148154e-005, 6.23493724561e-006, 2.07879202208e-006, 5.39020220458e-007, 2.07976484035e-007, 6.24047746811e-009, 1.06492384355e-010]
        median: [6.97894630974e-010, 2.42741634793e-007, 6.49572200473e-007, 2.0309496449e-006, 2.71847166005e-005, 3.17230369546e-005, 2.56334751612e-005, 1.99025580514e-005, 1.59350129252e-005, 7.49496257413e-006, 4.07729567087e-006, 3.36506832355e-006, 2.20409265239e-006, 2.11671385841e-006, 2.83317672256e-006, 5.41631561646e-006, 6.99869224263e-006, 8.59430110722e-006, 1.77542151505e-005, 1.49514944496e-005, 5.03797400597e-006, 7.79594017786e-007, 1.65280184206e-007, 3.79207456547e-008, 7.91874299466e-009, 3.78339359841e-010, 1.98587257749e-011]
        min: [1.21908749913e-024, 1.40915170133e-023, 2.80771846703e-023, 1.82888975841e-023, 8.95203930638e-024, 2.96666605082e-023, 1.75385394019e-023, 4.56135121062e-023, 6.57006654555e-023, 3.38493209345e-023, 5.88985576834e-023, 8.10898081707e-023, 1.26403840278e-022, 1.75717062698e-022, 1.61389846668e-022, 1.7304759526e-022, 1.80115019043e-022, 3.1873658556e-022, 2.44573689268e-022, 4.39579398219e-022, 3.68775156116e-022, 3.87897624086e-022, 5.58227864896e-022, 7.38148180446e-022, 1.26717122818e-021, 1.57861755253e-021, 2.71948510684e-021]
        var: [9.69573000446e-014, 1.0461252975e-009, 5.39024158641e-009, 1.34615047997e-008, 1.11449836027e-007, 4.05392455605e-007, 6.74520038046e-007, 1.60900913215e-006, 7.17874797829e-007, 7.45819590975e-007, 1.87581491673e-007, 2.28695981264e-007, 3.40559331846e-008, 4.01012520967e-008, 4.73188315198e-008, 5.94153597433e-008, 1.22961296256e-007, 2.08979201943e-007, 2.80518378304e-007, 1.66919562616e-007, 5.67340023849e-008, 5.9115889961e-010, 2.70267780378e-010, 5.68473306622e-012, 8.15631470783e-013, 7.62303394508e-016, 7.90368167238e-020]
    frequency_bands:
        dmean: [2.08838848437e-008, 3.93289928979e-006, 1.13893265734e-005, 2.55947179539e-005, 8.19999258965e-005, 0.00013835846039, 0.000169529143022, 0.000215484469663, 0.000199462534511, 9.81582488748e-005, 5.45308030269e-005, 4.45496916655e-005, 2.72436191153e-005, 3.12931551889e-005, 3.95971292164e-005, 5.19024761161e-005, 6.38831843389e-005, 7.42790070944e-005, 0.000114645859867, 8.58681814861e-005, 3.98321826651e-005, 4.45372188551e-006, 1.44301361615e-006, 3.64371089745e-007, 1.34718547429e-007, 4.43647962811e-009, 1.13046107197e-010, 2.69049348772e-011]
        dmean2: [3.05365368547e-008, 6.47135175313e-006, 1.8931546947e-005, 4.11694454669e-005, 0.00012456632976, 0.000201757895411, 0.000256265862845, 0.000321372092003, 0.000301733874949, 0.000143793353345, 8.14487939351e-005, 6.71488960506e-005, 4.24419995397e-005, 4.82886098325e-005, 6.1776219809e-005, 8.07730684755e-005, 0.000100028846646, 0.00011123540753, 0.000174891305505, 0.000125875943922, 5.94292541791e-005, 6.82139125274e-006, 2.26045949603e-006, 5.55451777018e-007, 2.09931570794e-007, 6.83653800237e-009, 2.05280931143e-010, 4.99438788937e-011]
        dvar: [5.50919071918e-014, 7.05020319902e-010, 2.92682922343e-009, 9.56337053992e-009, 3.83409037852e-008, 1.4508064794e-007, 3.12249795797e-007, 9.08126651211e-007, 4.52994896705e-007, 2.31563660691e-007, 9.63689501532e-008, 1.10035088596e-007, 2.59271430991e-008, 2.82801320139e-008, 2.39727970808e-008, 3.39544570238e-008, 4.48016557186e-008, 6.31057588407e-008, 1.36934218631e-007, 7.76365354227e-008, 2.10996855543e-008, 2.92018770276e-010, 1.03860614553e-010, 2.91068861721e-012, 4.67604579189e-013, 4.80159737332e-016, 7.85651816029e-020, 3.79090331605e-021]
        dvar2: [1.20780948719e-013, 1.78289383257e-009, 7.67014185499e-009, 2.34015189449e-008, 8.14949814298e-008, 2.73326918432e-007, 6.28915131529e-007, 1.80190136234e-006, 9.75620764621e-007, 4.23075363187e-007, 1.75985277906e-007, 2.02469664146e-007, 5.86067088193e-008, 6.36403925114e-008, 5.00169470286e-008, 7.68807808527e-008, 1.02412094805e-007, 1.29556624984e-007, 3.16023573532e-007, 1.51295395767e-007, 4.10656006977e-008, 5.85138049125e-010, 2.4641491625e-010, 6.34582620826e-012, 1.09910539871e-012, 1.08086941548e-015, 2.34268664714e-019, 1.21535579451e-020]
        max: [1.28191804833e-005, 0.00156600517221, 0.00320611754432, 0.0033449633047, 0.00584317045286, 0.0161290708929, 0.0175904463977, 0.0351038463414, 0.0182589702308, 0.0240144636482, 0.0183355472982, 0.027916058898, 0.00934832915664, 0.00853678677231, 0.00636682193726, 0.0103619406, 0.0083136651665, 0.00870502088219, 0.0126847708598, 0.0148075483739, 0.00582144921646, 0.000762666983064, 0.000815732346382, 7.43770870031e-005, 3.14694189001e-005, 1.11318172458e-006, 1.01971560085e-008, 9.57592227735e-010]
        mean: [3.81954770035e-008, 7.34904779165e-006, 2.06261465792e-005, 3.75274321414e-005, 0.00015297360369, 0.000248634634772, 0.000274524383713, 0.000284538109554, 0.000260099943262, 0.000143312237924, 7.01529934304e-005, 5.95949131821e-005, 3.50146183337e-005, 4.08743107982e-005, 5.71290656808e-005, 7.12257824489e-005, 0.000104661012301, 0.00013818264415, 0.000178572314326, 0.000133356559672, 6.32761148154e-005, 6.23493724561e-006, 2.07879202208e-006, 5.39020220458e-007, 2.07976484035e-007, 6.24047746811e-009, 1.06492384355e-010, 2.08400779272e-011]
        median: [6.97894630974e-010, 2.42741634793e-007, 6.49572200473e-007, 2.0309496449e-006, 2.71847166005e-005, 3.17230369546e-005, 2.56334751612e-005, 1.99025580514e-005, 1.59350129252e-005, 7.49496257413e-006, 4.07729567087e-006, 3.36506832355e-006, 2.20409265239e-006, 2.11671385841e-006, 2.83317672256e-006, 5.41631561646e-006, 6.99869224263e-006, 8.59430110722e-006, 1.77542151505e-005, 1.49514944496e-005, 5.03797400597e-006, 7.79594017786e-007, 1.65280184206e-007, 3.79207456547e-008, 7.91874299466e-009, 3.78339359841e-010, 1.98587257749e-011, 3.11841698297e-012]
        min: [1.21908749913e-024, 1.40915170133e-023, 2.80771846703e-023, 1.82888975841e-023, 8.95203930638e-024, 2.96666605082e-023, 1.75385394019e-023, 4.56135121062e-023, 6.57006654555e-023, 3.38493209345e-023, 5.88985576834e-023, 8.10898081707e-023, 1.26403840278e-022, 1.75717062698e-022, 1.61389846668e-022, 1.7304759526e-022, 1.80115019043e-022, 3.1873658556e-022, 2.44573689268e-022, 4.39579398219e-022, 3.68775156116e-022, 3.87897624086e-022, 5.58227864896e-022, 7.38148180446e-022, 1.26717122818e-021, 1.57861755253e-021, 2.71948510684e-021, 7.30645545258e-022]
        var: [9.69573000446e-014, 1.0461252975e-009, 5.39024158641e-009, 1.34615047997e-008, 1.11449836027e-007, 4.05392455605e-007, 6.74520038046e-007, 1.60900913215e-006, 7.17874797829e-007, 7.45819590975e-007, 1.87581491673e-007, 2.28695981264e-007, 3.40559331846e-008, 4.01012520967e-008, 4.73188315198e-008, 5.94153597433e-008, 1.22961296256e-007, 2.08979201943e-007, 2.80518378304e-007, 1.66919562616e-007, 5.67340023849e-008, 5.9115889961e-010, 2.70267780378e-010, 5.68473306622e-012, 8.15631470783e-013, 7.62303394508e-016, 7.90368167238e-020, 2.97453502039e-021]
    mfcc:
        mean: [-850.053527832, 109.470726013, -42.9550209045, 34.3907928467, -31.0608501434, -32.0863609314, -9.66824436188, -15.0085601807, -8.48671245575, -4.92381048203, -9.51138782501, -5.74712896347, -3.83715128899]
        cov: [[9187.53613281, 1422.24584961, -2118.3840332, 936.922241211, -517.129516602, -108.080497742, -109.995101929, -153.459350586, 96.1858139038, 164.076690674, -129.85017395, -113.266563416, -183.933074951], [1422.24584961, 1469.06555176, -339.180969238, -82.5804824829, -4.92253684998, -305.063995361, 67.7018127441, -122.474731445, -96.114944458, -14.8183107376, -57.1665115356, -78.6069412231, -85.9562988281], [-2118.3840332, -339.180969238, 1189.41992188, -78.0201187134, 96.8943634033, 159.420776367, -12.8323001862, 19.331035614, -89.634513855, -83.5426101685, 43.2699279785, 31.3394985199, 10.714641571], [936.922241211, -82.5804824829, -78.0201187134, 780.612976074, 37.1510925293, -145.020736694, -56.7798957825, -119.850868225, 30.0236301422, -25.9546222687, -77.4650421143, 38.8716888428, -7.96696996689], [-517.129516602, -4.92253684998, 96.8943634033, 37.1510925293, 563.170471191, 66.9393539429, -41.0017814636, 122.183921814, 9.31818008423, -17.21367836, 38.2153396606, 21.4716701508, 17.3523597717], [-108.080497742, -305.063995361, 159.420776367, -145.020736694, 66.9393539429, 518.768920898, 60.3144073486, 72.8854141235, 67.6120376587, 6.45082998276, 71.49974823, 4.07393884659, -12.2190189362], [-109.995101929, 67.7018127441, -12.8323001862, -56.7798957825, -41.0017814636, 60.3144073486, 259.32434082, 25.14220047, 3.7077960968, 30.773399353, 15.7275133133, 3.18472719193, -20.9192695618], [-153.459350586, -122.474731445, 19.331035614, -119.850868225, 122.183921814, 72.8854141235, 25.14220047, 278.623016357, 60.6711654663, -1.21804797649, 61.4952354431, 12.0403699875, 28.1141643524], [96.1858139038, -96.114944458, -89.634513855, 30.0236301422, 9.31818008423, 67.6120376587, 3.7077960968, 60.6711654663, 247.573242188, 54.1775932312, 5.99147891998, 41.2267799377, 6.53570604324], [164.076690674, -14.8183107376, -83.5426101685, -25.9546222687, -17.21367836, 6.45082998276, 30.773399353, -1.21804797649, 54.1775932312, 190.141311646, 51.0966491699, -22.1393432617, 14.7236242294], [-129.85017395, -57.1665115356, 43.2699279785, -77.4650421143, 38.2153396606, 71.49974823, 15.7275133133, 61.4952354431, 5.99147891998, 51.0966491699, 180.851135254, 41.2667121887, 2.15071845055], [-113.266563416, -78.6069412231, 31.3394985199, 38.8716888428, 21.4716701508, 4.07393884659, 3.18472719193, 12.0403699875, 41.2267799377, -22.1393432617, 41.2667121887, 172.194076538, 56.1772842407], [-183.933074951, -85.9562988281, 10.714641571, -7.96696996689, 17.3523597717, -12.2190189362, -20.9192695618, 28.1141643524, 6.53570604324, 14.7236242294, 2.15071845055, 56.1772842407, 148.366516113]]
        icov: [[0.000449128536275, -0.000514705490787, 0.000667038431857, -0.000740290270187, 0.0005692615523, -0.000739327282645, 0.00058855547104, -0.000610144285019, 0.000408218969824, -0.000478654430481, 0.000182520758244, -0.00023527230951, 0.000357765093213], [-0.000514705490787, 0.00156332121696, -0.000523945491295, 0.00113528163638, -0.000919945770875, 0.00144432659727, -0.00108044478111, 0.00118517898954, -0.000404741993407, 0.000791727856267, -0.000275022583082, 0.000507104268763, -3.27192356053e-005], [0.000667038431857, -0.000523945491295, 0.00200737034902, -0.000985881779343, 0.00066710554529, -0.00126466795336, 0.000841884699184, -0.00074151129229, 0.000998542993329, -0.000312676420435, 9.88080646493e-005, -0.000444699195214, 0.000556513899937], [-0.000740290270187, 0.00113528163638, -0.000985881779343, 0.00286995619535, -0.00131725380197, 0.00174550653901, -0.000952108297497, 0.00183992111124, -0.00105075107422, 0.000970078341197, 9.77864765446e-005, 1.83869542525e-005, -0.000278158171568], [0.0005692615523, -0.000919945770875, 0.00066710554529, -0.00131725380197, 0.0029055417981, -0.00134553038515, 0.0012921782909, -0.00196749670431, 0.00077580276411, -0.000720215321053, 0.000163361080922, -0.000532662088517, 0.000394842383685], [-0.000739327282645, 0.00144432659727, -0.00126466795336, 0.00174550653901, -0.00134553038515, 0.00402823882177, -0.00176243879832, 0.00137682491913, -0.00161239726003, 0.00139310071245, -0.00120751163922, 0.000982326921076, -0.000336663943017], [0.00058855547104, -0.00108044478111, 0.000841884699184, -0.000952108297497, 0.0012921782909, -0.00176243879832, 0.00527792051435, -0.00169710151386, 0.00109351053834, -0.00180871901102, 0.000760431634262, -0.00126296165399, 0.00135975028388], [-0.000610144285019, 0.00118517898954, -0.00074151129229, 0.00183992111124, -0.00196749670431, 0.00137682491913, -0.00169710151386, 0.00633771391585, -0.00225258222781, 0.00214610039257, -0.00209339358844, 0.0015234882012, -0.00167440262157], [0.000408218969824, -0.000404741993407, 0.000998542993329, -0.00105075107422, 0.00077580276411, -0.00161239726003, 0.00109351053834, -0.00225258222781, 0.00609606597573, -0.00275977910496, 0.00174688850529, -0.00247797020711, 0.00141882372554], [-0.000478654430481, 0.000791727856267, -0.000312676420435, 0.000970078341197, -0.000720215321053, 0.00139310071245, -0.00180871901102, 0.00214610039257, -0.00275977910496, 0.00819465797395, -0.00348705449142, 0.00314267748035, -0.00235380674712], [0.000182520758244, -0.000275022583082, 9.88080646493e-005, 9.77864765446e-005, 0.000163361080922, -0.00120751163922, 0.000760431634262, -0.00209339358844, 0.00174688850529, -0.00348705449142, 0.00835849530995, -0.00338853010908, 0.00188136124052], [-0.00023527230951, 0.000507104268763, -0.000444699195214, 1.83869542525e-005, -0.000532662088517, 0.000982326921076, -0.00126296165399, 0.0015234882012, -0.00247797020711, 0.00314267748035, -0.00338853010908, 0.00898433942348, -0.00384375429712], [0.000357765093213, -3.27192356053e-005, 0.000556513899937, -0.000278158171568, 0.000394842383685, -0.000336663943017, 0.00135975028388, -0.00167440262157, 0.00141882372554, -0.00235380674712, 0.00188136124052, -0.00384375429712, 0.00914382003248]]
    sccoeffs:
        dmean: [0.0555902570486, 0.0595406889915, 0.0486056059599, 0.0381021313369, 0.0351397953928, 0.027365822345]
        dmean2: [0.0868434309959, 0.0906058624387, 0.0723034814, 0.0583204329014, 0.0521210283041, 0.0410197079182]
        dvar: [0.00247761979699, 0.00313555193134, 0.00217692204751, 0.00134452071507, 0.00121551332995, 0.000699277152307]
        dvar2: [0.00506646512076, 0.00589684769511, 0.00410299841315, 0.00276058469899, 0.00236499495804, 0.00142181874253]
        max: [-0.271398425102, -0.284836947918, -0.33059695363, -0.467447966337, -0.356324911118, -0.475766777992]
        mean: [-0.648769915104, -0.714525103569, -0.774207651615, -0.795501410961, -0.781234800816, -0.755463302135]
        median: [-0.652177453041, -0.725711166859, -0.793124914169, -0.807723939419, -0.787739157677, -0.763187766075]
        min: [-0.963836014271, -0.986600458622, -0.967435002327, -0.961210250854, -0.955655932426, -0.963131904602]
        var: [0.0145309772342, 0.014129018411, 0.00950793176889, 0.0055519300513, 0.00495194876567, 0.00389753631316]
    scvalleys:
        dmean: [0.4723752141, 0.437965810299, 0.385723978281, 0.365964591503, 0.365715414286, 0.328333973885]
        dmean2: [0.790444791317, 0.715128302574, 0.608795940876, 0.562902748585, 0.532717227936, 0.466933995485]
        dvar: [0.162137657404, 0.157168135047, 0.134748801589, 0.126227244735, 0.136227041483, 0.129501327872]
        dvar2: [0.410292446613, 0.378986477852, 0.295958042145, 0.27086392045, 0.255415230989, 0.230032324791]
        max: [-5.24425029755, -4.62304973602, -5.15079307556, -5.64182424545, -5.38351011276, -8.0780954361]
        mean: [-9.1148557663, -7.54783153534, -8.2129278183, -8.86097621918, -8.69640827179, -11.7036361694]
        median: [-9.12909317017, -7.48385953903, -8.12744617462, -8.82450294495, -8.67700386047, -11.8416118622]
        min: [-27.8109455109, -26.9561271667, -27.7267055511, -27.2342987061, -27.3580913544, -27.064414978]
        var: [2.01525640488, 1.95822191238, 1.90275871754, 1.98003029823, 1.98206818104, 1.56186556816]

rhythm:
    beats_loudness:
        dmean: 0.00299355736934
        dmean2: 0.0053062075749
        dvar: 1.38132008942e-005
        dvar2: 4.01400830015e-005
        max: 0.0263432711363
        mean: 0.00350236077793
        median: 0.00213603838347
        min: 3.99787078442e-011
        var: 1.67078978848e-005
    bpm: 126.245979309
    bpm_confidence: 0
    first_peak_bpm: 126
    first_peak_spread: 0.550925970078
    first_peak_weight: 0.128989368677
    onset_rate: 4.55227947235
    second_peak_bpm: 172
    second_peak_spread: 0
    second_peak_weight: 0.0545212775469
    beats_loudness_band_ratio:
        dmean: [0.0637940391898, 0.187967643142, 0.250349968672, 0.133748799562, 0.122859872878, 0.150616690516]
        dmean2: [0.115600273013, 0.336702287197, 0.431491494179, 0.237723454833, 0.213999643922, 0.272240132093]
        dvar: [0.00941438414156, 0.0407856218517, 0.0435809902847, 0.0313433930278, 0.0208982117474, 0.0262131672353]
        dvar2: [0.0279653072357, 0.112142235041, 0.12134488672, 0.0844403803349, 0.0554518736899, 0.0705738663673]
        max: [0.679284453392, 0.990498125553, 0.992364048958, 0.934618532658, 0.975276231766, 0.985746979713]
        mean: [0.0600052177906, 0.213030099869, 0.3401222229, 0.117915719748, 0.149821564555, 0.158593252301]
        median: [0.020137777552, 0.118786901236, 0.293373256922, 0.0457613803446, 0.0913477838039, 0.0909605398774]
        min: [0, 0, 0, 0, 0, 0]
        var: [0.0102479606867, 0.0524327009916, 0.0640992969275, 0.0286951437593, 0.0279689598829, 0.0307009145617]
