
metadata:
    version:
        essentia: "2.1-beta2"
    audio_properties:
        analysis_sample_rate: 44100
        bitrate: 320
        channels: 2
        equal_loudness: 1
        length: 284.86529541
        replay_gain: -14.6916542053
        downmix: "mix"
    tags:
        album: "Vultures"
        artist: "Axewound"
        comment: ""
        date: "2012"
        genre: "Metalcore"
        title: "Post Apocalyptic Party"
        tracknumber: "2"

configuration:
    average_loudness:
        compute: 1
        frameSize: 88200
        hopSize: 44100
        silentFrames: "noise"
        windowType: "hann"
    general:
        analysisSampleRate: 44100
        endTime: 2000
        equalLoudness: 1
        nequalLoudness: 0
        shortSound: 0
        startTime: 0
    lowlevel:
        compute: 1
        frameSize: 2048
        hopSize: 1024
        zeroPadding: 0
        silentFrames: "noise"
        windowType: "blackmanharris62"
        mfccStats: ["mean", "cov", "icov"]
        stats: ["mean", "var", "median", "min", "max", "dmean", "dmean2", "dvar", "dvar2"]
    panning:
        compute: 0
        frameSize: 8192
        hopSize: 2048
        zeroPadding: 8192
        silentFrames: "noise"
        windowType: "hann"
        stats: ["copy"]
    rhythm:
        compute: 1
        maxTempo: 208
        minTempo: 40
        method: "degara"
        stats: ["mean", "var", "median", "min", "max", "dmean", "dmean2", "dvar", "dvar2"]
    segmentation:
        compute: 0
        cpw: 5
        inc1: 300
        inc2: 50
        minimumSegmentsLength: 10
        size1: 1000
        size2: 600
    sfx:
        compute: 1
        stats: ["mean", "var", "median", "min", "max", "dmean", "dmean2", "dvar", "dvar2"]
    svm:
        compute: 0
    tonal:
        compute: 1
        frameSize: 4096
        hopSize: 2048
        zeroPadding: 0
        silentFrames: "noise"
        windowType: "blackmanharris62"
        stats: ["mean", "var", "median", "min", "max", "dmean", "dmean2", "dvar", "dvar2"]

lowlevel:
    average_loudness: 0.81188762188
    barkbands_kurtosis:
        dmean: 1.0645557642
        dmean2: 1.74973428249
        dvar: 6.84219455719
        dvar2: 17.0037384033
        max: 94.5028991699
        mean: -0.0372372195125
        median: -0.911973237991
        min: -1.89694952965
        var: 15.9598169327
    barkbands_skewness:
        dmean: 0.492362648249
        dmean2: 0.76404440403
        dvar: 0.257312208414
        dvar2: 0.570488989353
        max: 7.98180675507
        mean: -0.154206261039
        median: -0.302019715309
        min: -4.65437221527
        var: 1.06747996807
    barkbands_spread:
        dmean: 7.68062400818
        dmean2: 12.5730648041
        dvar: 60.3363609314
        dvar2: 156.812011719
        max: 76.2771072388
        mean: 33.9101791382
        median: 33.9761962891
        min: 0.904901921749
        var: 165.210510254
    dissonance:
        dmean: 0.00944856088609
        dmean2: 0.0160879250616
        dvar: 0.000124755126308
        dvar2: 0.000329787348164
        max: 0.500000119209
        mean: 0.483567416668
        median: 0.489505887032
        min: 0.281392067671
        var: 0.00033531957888
    hfc:
        dmean: 3.40763616562
        dmean2: 5.71441411972
        dvar: 23.9519920349
        dvar2: 64.26197052
        max: 43.8867721558
        mean: 8.29913425446
        median: 7.18345308304
        min: 1.16381678443e-016
        var: 46.0063705444
    pitch:
        dmean: 886.575927734
        dmean2: 1676.01940918
        dvar: 1656361.25
        dvar2: 4030743
        max: 5283.99755859
        mean: 2268.3137207
        median: 3346.68066406
        min: 56.1381988525
        var: 2748519
    pitch_instantaneous_confidence:
        dmean: 0.0791236013174
        dmean2: 0.131505906582
        dvar: 0.00454420410097
        dvar2: 0.0120828133076
        max: 0.865062057972
        mean: 0.349138736725
        median: 0.328188836575
        min: 0.117333352566
        var: 0.0126357357949
    pitch_salience:
        dmean: 0.0666355118155
        dmean2: 0.111684605479
        dvar: 0.00431511644274
        dvar2: 0.0115425549448
        max: 0.95481723547
        mean: 0.68873667717
        median: 0.707853496075
        min: 0.0724689140916
        var: 0.00801253132522
    silence_rate_20dB:
        dmean: 0
        dmean2: 0
        dvar: 0
        dvar2: 0
        max: 1
        mean: 1
        median: 1
        min: 1
        var: 0
    silence_rate_30dB:
        dmean: 0
        dmean2: 0
        dvar: 0
        dvar2: 0
        max: 1
        mean: 1
        median: 1
        min: 1
        var: 0
    silence_rate_60dB:
        dmean: 0.112478606403
        dmean2: 0.224975541234
        dvar: 0.0998309403658
        dvar2: 0.212509632111
        max: 1
        mean: 0.447269767523
        median: 0
        min: 0
        var: 0.247205123305
    spectral_centroid:
        dmean: 330.880889893
        dmean2: 521.713684082
        dvar: 107808.351563
        dvar2: 240896.375
        max: 10962.7636719
        mean: 1978.74536133
        median: 2033.8848877
        min: 158.094299316
        var: 554835.6875
    spectral_complexity:
        dmean: 4.70812606812
        dmean2: 7.55820035934
        dvar: 27.8470401764
        dvar2: 66.9216156006
        max: 48
        mean: 15.0128765106
        median: 14
        min: 0
        var: 116.55355835
    spectral_crest:
        dmean: 2.11595892906
        dmean2: 3.55188512802
        dvar: 4.68088960648
        dvar2: 12.1646823883
        max: 26.429058075
        mean: 6.91817617416
        median: 5.9660358429
        min: 2.53698635101
        var: 9.59196567535
    spectral_decrease:
        dmean: 3.41669942339e-010
        dmean2: 5.57485724251e-010
        dvar: 2.19564495351e-019
        dvar2: 5.54067546273e-019
        max: -1.45207666865e-028
        mean: -8.93088880627e-010
        median: -7.02880087466e-010
        min: -4.27743396259e-009
        var: 4.89085581519e-019
    spectral_energy:
        dmean: 0.00156190746929
        dmean2: 0.00256080646068
        dvar: 4.61331865154e-006
        dvar2: 1.1785850802e-005
        max: 0.0189211852849
        mean: 0.00412347353995
        median: 0.00333687732928
        min: 1.11042187535e-020
        var: 1.02240974229e-005
    spectral_energyband_high:
        dmean: 0.000301743362797
        dmean2: 0.000534934399184
        dvar: 2.57872102338e-007
        dvar2: 7.23585117157e-007
        max: 0.0045512788929
        mean: 0.00052540411707
        median: 0.000423133955337
        min: 7.88077668579e-021
        var: 2.72880441798e-007
    spectral_energyband_low:
        dmean: 0.000320885475958
        dmean2: 0.000574183708522
        dvar: 2.83578231119e-007
        dvar2: 7.9538585851e-007
        max: 0.00472224224359
        mean: 0.000377382064471
        median: 0.000181694485946
        min: 8.17509114746e-023
        var: 2.9891162967e-007
    spectral_energyband_middle_high:
        dmean: 0.00079619360622
        dmean2: 0.00128453981597
        dvar: 1.10171299639e-006
        dvar2: 2.71535918728e-006
        max: 0.0123409340158
        mean: 0.00216617574915
        median: 0.00162186915986
        min: 1.95486426903e-021
        var: 3.6394280869e-006
    spectral_energyband_middle_low:
        dmean: 0.00070159137249
        dmean2: 0.00112037407234
        dvar: 1.58142245255e-006
        dvar2: 3.80935171052e-006
        max: 0.0130122918636
        mean: 0.00116516277194
        median: 0.000662743346766
        min: 3.39235003654e-022
        var: 2.1590826691e-006
    spectral_flatness_db:
        dmean: 0.0152794467285
        dmean2: 0.0243162587285
        dvar: 0.000227343567531
        dvar2: 0.000537769985385
        max: 0.426929265261
        mean: 0.143828213215
        median: 0.133433267474
        min: 0.0477151013911
        var: 0.00157968164422
    spectral_flux:
        dmean: 0.0090074390173
        dmean2: 0.0137507207692
        dvar: 0.000119275631732
        dvar2: 0.00022851547692
        max: 0.122092820704
        mean: 0.0407685339451
        median: 0.0396776348352
        min: 1.05376554704e-010
        var: 0.000485373398988
    spectral_kurtosis:
        dmean: 1.15663933754
        dmean2: 1.96292328835
        dvar: 2.20867919922
        dvar2: 6.36384153366
        max: 55.645198822
        mean: 3.22628164291
        median: 2.60237312317
        min: -1.24695384502
        var: 7.13271713257
    spectral_rms:
        dmean: 0.00033768711728
        dmean2: 0.000538008171134
        dvar: 1.6514940171e-007
        dvar2: 4.08044229516e-007
        max: 0.00429647462443
        mean: 0.0018223375082
        median: 0.00180429767352
        min: 3.29141076373e-012
        var: 7.01970520822e-007
    spectral_rolloff:
        dmean: 382.74899292
        dmean2: 627.974975586
        dvar: 249743.640625
        dvar2: 555260.8125
        max: 18044.8242188
        mean: 3561.18603516
        median: 3789.84375
        min: 107.666015625
        var: 1078271.875
    spectral_skewness:
        dmean: 0.181512251496
        dmean2: 0.300757527351
        dvar: 0.0345928110182
        dvar2: 0.0900055244565
        max: 5.2980298996
        mean: 1.15488064289
        median: 1.10586500168
        min: 0.0266678910702
        var: 0.17378360033
    spectral_spread:
        dmean: 468271.5625
        dmean2: 693034.875
        dvar: 343338319872
        dvar2: 618069819392
        max: 39985800
        mean: 4593283.5
        median: 4350650
        min: 960341.8125
        var: 4.58898643354e+012
    spectral_strongpeak:
        dmean: 0.390832275152
        dmean2: 0.685451567173
        dvar: 0.327488422394
        dvar2: 0.8833989501
        max: 5.88500404358
        mean: 0.461860060692
        median: 0.200428962708
        min: 5.72951419642e-009
        var: 0.377737611532
    zerocrossingrate:
        dmean: 0.00948851183057
        dmean2: 0.0112727377564
        dvar: 9.03240434127e-005
        dvar2: 0.000114482179924
        max: 0.50048828125
        mean: 0.108102202415
        median: 0.111328125
        min: 0.01171875
        var: 0.00113310292363
    barkbands:
        dmean: [1.25929898331e-006, 0.000126751561766, 0.000162786018336, 0.000130965636345, 0.000285282643745, 0.000122551791719, 0.000148158447701, 0.0002147963678, 9.91158740362e-005, 0.000102276237158, 0.000102255129605, 7.18609662727e-005, 6.00597268203e-005, 7.51680418034e-005, 7.53657586756e-005, 0.000105141902168, 0.000135129710543, 0.000239172717556, 0.000250620156294, 0.000232124613831, 0.000145500642247, 5.22794289282e-005, 5.73620854993e-006, 2.25526423492e-006, 1.11965744054e-006, 2.59271129011e-008, 3.2778707526e-010]
        dmean2: [1.97734334506e-006, 0.000228837830946, 0.000294338009553, 0.000221011374379, 0.000460433308035, 0.000213718551095, 0.000260179047473, 0.000351813825546, 0.000166926023667, 0.000167412654264, 0.000164850338479, 0.000115354428999, 9.80732656899e-005, 0.000123620600789, 0.000123404694023, 0.000174436805537, 0.000225509560551, 0.000396979419747, 0.000418682931922, 0.000400867924327, 0.000260568631347, 9.55304931267e-005, 9.81952416623e-006, 3.6565722894e-006, 1.76537037078e-006, 3.98389445877e-008, 5.00210983745e-010]
        dvar: [4.49590451673e-012, 5.42777875978e-008, 7.81698688002e-008, 6.2896702957e-008, 4.11823947388e-007, 1.04201248519e-007, 2.20927987016e-007, 5.1286207281e-007, 8.10634261939e-008, 5.95838223205e-008, 6.56295924273e-008, 3.84162923694e-008, 2.21954490343e-008, 2.52407215129e-008, 2.73837965636e-008, 4.08153795206e-008, 5.66428255411e-008, 1.53808770165e-007, 1.36433840225e-007, 1.17098402086e-007, 6.86335468458e-008, 1.05219468693e-008, 1.21525525754e-010, 2.85823066604e-011, 4.22536051287e-012, 3.93735726938e-015, 3.78851822477e-019]
        dvar2: [1.03677092952e-011, 1.51490937128e-007, 2.22313559561e-007, 1.6618373877e-007, 1.03108845906e-006, 2.834721613e-007, 5.9235497929e-007, 1.22517508316e-006, 2.10346144058e-007, 1.49552391804e-007, 1.67052434108e-007, 9.48530143319e-008, 5.7766371242e-008, 6.39497272914e-008, 6.83890846176e-008, 1.0709493381e-007, 1.45626358972e-007, 3.77414721697e-007, 3.68400037587e-007, 3.23526023749e-007, 1.93468295606e-007, 2.97343625277e-008, 3.27804672295e-010, 6.71335140257e-011, 1.01059247776e-011, 8.71608422373e-015, 6.81216631855e-019]
        max: [2.32098027482e-005, 0.00188705394976, 0.00295654684305, 0.00614131940529, 0.00873889680952, 0.00617599254474, 0.00787649955601, 0.00953743141145, 0.00818577595055, 0.00437102792785, 0.00468197558075, 0.00491062086076, 0.00306915072724, 0.00373126193881, 0.00321512878872, 0.00648798933253, 0.0046607144177, 0.00766916759312, 0.00472795683891, 0.00373255531304, 0.00317173590884, 0.00133653450757, 0.000209793885006, 0.000179653914529, 5.10941026732e-005, 2.10016423807e-006, 2.0718939453e-008]
        mean: [1.57440058501e-006, 0.00012797790987, 0.000167904057889, 0.000164684533956, 0.000350369256921, 0.000143341632793, 0.000149936386151, 0.000205425196327, 0.000115051101602, 0.000137039809488, 0.000143830606248, 0.000108078435005, 9.23817497096e-005, 0.000117379015137, 0.000117322371807, 0.000179811177077, 0.000223981813178, 0.000361190002877, 0.000474063679576, 0.000438700808445, 0.000221800830332, 6.46955886623e-005, 9.99977783067e-006, 4.40635221821e-006, 2.47548882726e-006, 5.24870955587e-008, 5.85449133617e-010]
        median: [4.89887042932e-007, 5.08500161231e-005, 6.69186483719e-005, 7.04148260411e-005, 0.00014383996313, 7.45051729609e-005, 5.09923120262e-005, 3.49114052369e-005, 4.33649183833e-005, 3.06632500724e-005, 2.829749792e-005, 2.86617141683e-005, 2.69638876489e-005, 5.41645858902e-005, 5.47491945326e-005, 0.000132840737933, 0.000163499149494, 0.000188029807759, 0.000380352255888, 0.000364863488358, 0.000165316305356, 3.35673248628e-005, 5.06733158545e-006, 2.64685445472e-006, 1.49010963924e-006, 2.19596572038e-008, 1.8233703436e-010]
        min: [2.87175535541e-023, 3.72529275744e-023, 1.71129426327e-023, 6.34476250676e-024, 1.76018123574e-023, 2.11735189453e-023, 6.3048294211e-023, 1.5187389961e-022, 7.58582593521e-023, 1.94019124793e-023, 1.87855625168e-022, 1.15936350264e-022, 1.34004773847e-022, 1.04669636867e-022, 8.95204845717e-023, 1.23205924386e-022, 2.24426989542e-022, 3.69168677801e-022, 4.56930450627e-022, 3.30064552428e-022, 3.98475504141e-022, 7.02138459793e-022, 6.35726569967e-022, 1.09227846833e-021, 1.07943505549e-021, 1.52728176648e-021, 2.39939751178e-021]
        var: [6.50848472339e-012, 4.53614710239e-008, 7.43879482457e-008, 9.603454032e-008, 4.31183309502e-007, 7.99778661076e-008, 1.89068202872e-007, 4.91277091896e-007, 7.26671061102e-008, 8.97050256299e-008, 1.09712530616e-007, 6.33949284179e-008, 4.18656647128e-008, 4.29907878186e-008, 4.09235809684e-008, 5.69059253053e-008, 7.34151228698e-008, 2.47279615451e-007, 2.13612537436e-007, 1.62217631328e-007, 6.19516882239e-008, 8.57339621518e-009, 1.77720366201e-010, 4.71226391241e-011, 1.01940452607e-011, 8.02516961305e-015, 1.58033827965e-018]
    frequency_bands:
        dmean: [1.25929898331e-006, 0.000126751561766, 0.000162786018336, 0.000130965636345, 0.000285282643745, 0.000122551791719, 0.000148158447701, 0.0002147963678, 9.91158740362e-005, 0.000102276237158, 0.000102255129605, 7.18609662727e-005, 6.00597268203e-005, 7.51680418034e-005, 7.53657586756e-005, 0.000105141902168, 0.000135129710543, 0.000239172717556, 0.000250620156294, 0.000232124613831, 0.000145500642247, 5.22794289282e-005, 5.73620854993e-006, 2.25526423492e-006, 1.11965744054e-006, 2.59271129011e-008, 3.2778707526e-010, 4.57704152357e-011]
        dmean2: [1.97734334506e-006, 0.000228837830946, 0.000294338009553, 0.000221011374379, 0.000460433308035, 0.000213718551095, 0.000260179047473, 0.000351813825546, 0.000166926023667, 0.000167412654264, 0.000164850338479, 0.000115354428999, 9.80732656899e-005, 0.000123620600789, 0.000123404694023, 0.000174436805537, 0.000225509560551, 0.000396979419747, 0.000418682931922, 0.000400867924327, 0.000260568631347, 9.55304931267e-005, 9.81952416623e-006, 3.6565722894e-006, 1.76537037078e-006, 3.98389445877e-008, 5.00210983745e-010, 8.4790126309e-011]
        dvar: [4.49590451673e-012, 5.42777875978e-008, 7.81698688002e-008, 6.2896702957e-008, 4.11823947388e-007, 1.04201248519e-007, 2.20927987016e-007, 5.1286207281e-007, 8.10634261939e-008, 5.95838223205e-008, 6.56295924273e-008, 3.84162923694e-008, 2.21954490343e-008, 2.52407215129e-008, 2.73837965636e-008, 4.08153795206e-008, 5.66428255411e-008, 1.53808770165e-007, 1.36433840225e-007, 1.17098402086e-007, 6.86335468458e-008, 1.05219468693e-008, 1.21525525754e-010, 2.85823066604e-011, 4.22536051287e-012, 3.93735726938e-015, 3.78851822477e-019, 5.34686680287e-021]
        dvar2: [1.03677092952e-011, 1.51490937128e-007, 2.22313559561e-007, 1.6618373877e-007, 1.03108845906e-006, 2.834721613e-007, 5.9235497929e-007, 1.22517508316e-006, 2.10346144058e-007, 1.49552391804e-007, 1.67052434108e-007, 9.48530143319e-008, 5.7766371242e-008, 6.39497272914e-008, 6.83890846176e-008, 1.0709493381e-007, 1.45626358972e-007, 3.77414721697e-007, 3.68400037587e-007, 3.23526023749e-007, 1.93468295606e-007, 2.97343625277e-008, 3.27804672295e-010, 6.71335140257e-011, 1.01059247776e-011, 8.71608422373e-015, 6.81216631855e-019, 1.69804411627e-020]
        max: [2.32098027482e-005, 0.00188705394976, 0.00295654684305, 0.00614131940529, 0.00873889680952, 0.00617599254474, 0.00787649955601, 0.00953743141145, 0.00818577595055, 0.00437102792785, 0.00468197558075, 0.00491062086076, 0.00306915072724, 0.00373126193881, 0.00321512878872, 0.00648798933253, 0.0046607144177, 0.00766916759312, 0.00472795683891, 0.00373255531304, 0.00317173590884, 0.00133653450757, 0.000209793885006, 0.000179653914529, 5.10941026732e-005, 2.10016423807e-006, 2.0718939453e-008, 8.25633894586e-010]
        mean: [1.57440058501e-006, 0.00012797790987, 0.000167904057889, 0.000164684533956, 0.000350369256921, 0.000143341632793, 0.000149936386151, 0.000205425196327, 0.000115051101602, 0.000137039809488, 0.000143830606248, 0.000108078435005, 9.23817497096e-005, 0.000117379015137, 0.000117322371807, 0.000179811177077, 0.000223981813178, 0.000361190002877, 0.000474063679576, 0.000438700808445, 0.000221800830332, 6.46955886623e-005, 9.99977783067e-006, 4.40635221821e-006, 2.47548882726e-006, 5.24870955587e-008, 5.85449133617e-010, 3.56550795833e-011]
        median: [4.89887042932e-007, 5.08500161231e-005, 6.69186483719e-005, 7.04148260411e-005, 0.00014383996313, 7.45051729609e-005, 5.09923120262e-005, 3.49114052369e-005, 4.33649183833e-005, 3.06632500724e-005, 2.829749792e-005, 2.86617141683e-005, 2.69638876489e-005, 5.41645858902e-005, 5.47491945326e-005, 0.000132840737933, 0.000163499149494, 0.000188029807759, 0.000380352255888, 0.000364863488358, 0.000165316305356, 3.35673248628e-005, 5.06733158545e-006, 2.64685445472e-006, 1.49010963924e-006, 2.19596572038e-008, 1.8233703436e-010, 1.03883499025e-011]
        min: [2.87175535541e-023, 3.72529275744e-023, 1.71129426327e-023, 6.34476250676e-024, 1.76018123574e-023, 2.11735189453e-023, 6.3048294211e-023, 1.5187389961e-022, 7.58582593521e-023, 1.94019124793e-023, 1.87855625168e-022, 1.15936350264e-022, 1.34004773847e-022, 1.04669636867e-022, 8.95204845717e-023, 1.23205924386e-022, 2.24426989542e-022, 3.69168677801e-022, 4.56930450627e-022, 3.30064552428e-022, 3.98475504141e-022, 7.02138459793e-022, 6.35726569967e-022, 1.09227846833e-021, 1.07943505549e-021, 1.52728176648e-021, 2.39939751178e-021, 6.95304677678e-022]
        var: [6.50848472339e-012, 4.53614710239e-008, 7.43879482457e-008, 9.603454032e-008, 4.31183309502e-007, 7.99778661076e-008, 1.89068202872e-007, 4.91277091896e-007, 7.26671061102e-008, 8.97050256299e-008, 1.09712530616e-007, 6.33949284179e-008, 4.18656647128e-008, 4.29907878186e-008, 4.09235809684e-008, 5.69059253053e-008, 7.34151228698e-008, 2.47279615451e-007, 2.13612537436e-007, 1.62217631328e-007, 6.19516882239e-008, 8.57339621518e-009, 1.77720366201e-010, 4.71226391241e-011, 1.01940452607e-011, 8.02516961305e-015, 1.58033827965e-018, 4.2911403876e-021]
    mfcc:
        mean: [-728.205444336, 90.6135864258, -48.0796966553, 57.8140296936, -12.744386673, -3.79980540276, 3.7218310833, -7.63734674454, 1.16550922394, -4.04818105698, -3.76046514511, -4.00237941742, -4.33736419678]
        cov: [[9937.46875, 358.931060791, -893.190795898, 808.9453125, -359.31741333, 310.617279053, 221.250305176, 268.384063721, 173.037857056, -37.8955001831, 56.1909980774, -28.7491588593, 41.3710365295], [358.931060791, 1250.421875, -350.29586792, 176.86781311, -38.8960151672, -97.161567688, 52.3149757385, -121.556259155, -21.393743515, -57.9633712769, -44.2886123657, -9.66683673859, -61.3015441895], [-893.190795898, -350.29586792, 600.948303223, -80.2761306763, 139.07144165, 31.878578186, -80.9200820923, 9.5090379715, -37.3149642944, 32.1663665771, -8.89793682098, -1.38623225689, 19.9639530182], [808.9453125, 176.86781311, -80.2761306763, 493.513641357, 79.2343826294, 86.4191436768, -2.34487295151, -41.4788131714, 99.2012176514, 0.090282432735, -6.52345085144, 14.828414917, 26.8446464539], [-359.31741333, -38.8960151672, 139.07144165, 79.2343826294, 190.191192627, 54.5527687073, -4.75195884705, -3.3916285038, 23.3301105499, 30.3981571198, -1.98593604565, 9.7718038559, 7.28279018402], [310.617279053, -97.161567688, 31.878578186, 86.4191436768, 54.5527687073, 188.397262573, 93.0005493164, 72.7384796143, 34.7562294006, -14.9004411697, 5.21274900436, -0.234522715211, 20.51030159], [221.250305176, 52.3149757385, -80.9200820923, -2.34487295151, -4.75195884705, 93.0005493164, 161.302383423, 79.8202514648, 17.8972434998, -21.1442279816, 5.46593618393, 3.97109174728, 4.64131116867], [268.384063721, -121.556259155, 9.5090379715, -41.4788131714, -3.3916285038, 72.7384796143, 79.8202514648, 146.351333618, 43.999835968, 14.9133872986, 22.0928249359, 0.832759797573, 9.99709033966], [173.037857056, -21.393743515, -37.3149642944, 99.2012176514, 23.3301105499, 34.7562294006, 17.8972434998, 43.999835968, 122.29057312, 53.1585845947, 32.4380760193, 21.1670703888, 19.4234867096], [-37.8955001831, -57.9633712769, 32.1663665771, 0.090282432735, 30.3981571198, -14.9004411697, -21.1442279816, 14.9133872986, 53.1585845947, 99.321723938, 52.6622314453, 27.8773212433, 8.53895187378], [56.1909980774, -44.2886123657, -8.89793682098, -6.52345085144, -1.98593604565, 5.21274900436, 5.46593618393, 22.0928249359, 32.4380760193, 52.6622314453, 85.4616851807, 47.1928901672, 15.5924129486], [-28.7491588593, -9.66683673859, -1.38623225689, 14.828414917, 9.7718038559, -0.234522715211, 3.97109174728, 0.832759797573, 21.1670703888, 27.8773212433, 47.1928901672, 80.4131317139, 41.5006790161], [41.3710365295, -61.3015441895, 19.9639530182, 26.8446464539, 7.28279018402, 20.51030159, 4.64131116867, 9.99709033966, 19.4234867096, 8.53895187378, 15.5924129486, 41.5006790161, 64.3728790283]]
        icov: [[0.000175775916432, -1.34773672471e-005, 0.00019204201817, -0.000395917071728, 0.000411361106671, -0.000242905545747, 0.000175184002728, -0.000504228868522, 0.00039376548375, -0.000279894535197, -2.610264346e-005, 0.000137342110975, -8.76302583492e-005], [-1.34773672471e-005, 0.00129381881561, 0.000446183781605, -0.000509220233653, -0.000253915815847, 0.00105182419065, -0.00124720297754, 0.000877205689903, 0.000116852432257, 0.000239507673541, 0.000410648586694, -0.000639336532913, 0.0012076998828], [0.00019204201817, 0.000446183781605, 0.0031316911336, 3.47394488927e-005, -0.00155704305507, -0.00103050644975, 0.00199403543957, -0.001289132284, 0.00189125863835, -0.00108727219049, 0.000665629690047, 0.000189345373656, -0.000833050871734], [-0.000395917071728, -0.000509220233653, 3.47394488927e-005, 0.00473196897656, -0.00194887991529, -0.0018783233827, 0.00105391989928, 0.00312109058723, -0.00450840033591, 0.00198519648984, 0.000292694661766, -0.000181269424502, -0.000813336926512], [0.000411361106671, -0.000253915815847, -0.00155704305507, -0.00194887991529, 0.00953629426658, -0.00321107776836, 4.83058320242e-005, 5.58007304789e-005, 0.000783297058661, -0.0044338577427, 0.00288597308099, -0.00191530550364, 0.00160903926007], [-0.000242905545747, 0.00105182419065, -0.00103050644975, -0.0018783233827, -0.00321107776836, 0.0128676053137, -0.0065413438715, -0.00163723190781, -0.000899366743397, 0.00401398260146, -0.00280750682577, 0.00269700423814, -0.00206980574876], [0.000175184002728, -0.00124720297754, 0.00199403543957, 0.00105391989928, 4.83058320242e-005, -0.0065413438715, 0.0144195156172, -0.00629018759355, 0.000754130131099, 0.00163798208814, 0.000475909764646, -0.00224662083201, 0.000546014576685], [-0.000504228868522, 0.000877205689903, -0.001289132284, 0.00312109058723, 5.58007304789e-005, -0.00163723190781, -0.00629018759355, 0.0158667899668, -0.00650317873806, 0.000564895337448, -0.00171770213638, 0.00215235096402, -0.000321832107147], [0.00039376548375, 0.000116852432257, 0.00189125863835, -0.00450840033591, 0.000783297058661, -0.000899366743397, 0.000754130131099, -0.00650317873806, 0.0186350122094, -0.00979378726333, 0.000574197096284, 0.000326060137013, -0.00236771279015], [-0.000279894535197, 0.000239507673541, -0.00108727219049, 0.00198519648984, -0.0044338577427, 0.00401398260146, 0.00163798208814, 0.000564895337448, -0.00979378726333, 0.0239122472703, -0.011834949255, 0.000635519216303, 0.00117431685794], [-2.610264346e-005, 0.000410648586694, 0.000665629690047, 0.000292694661766, 0.00288597308099, -0.00280750682577, 0.000475909764646, -0.00171770213638, 0.000574197096284, -0.011834949255, 0.0271218176931, -0.0151615571231, 0.00548151507974], [0.000137342110975, -0.000639336532913, 0.000189345373656, -0.000181269424502, -0.00191530550364, 0.00269700423814, -0.00224662083201, 0.00215235096402, 0.000326060137013, 0.000635519216303, -0.0151615571231, 0.030476687476, -0.0176534559578], [-8.76302583492e-005, 0.0012076998828, -0.000833050871734, -0.000813336926512, 0.00160903926007, -0.00206980574876, 0.000546014576685, -0.000321832107147, -0.00236771279015, 0.00117431685794, 0.00548151507974, -0.0176534559578, 0.0284384246916]]
    sccoeffs:
        dmean: [0.0597829669714, 0.0500193089247, 0.0367963649333, 0.0290618948638, 0.0194041468203, 0.0229718219489]
        dmean2: [0.0986049994826, 0.082463145256, 0.0613008588552, 0.0487404428422, 0.032254319638, 0.0372822210193]
        dvar: [0.00279508484527, 0.00193669938017, 0.00095827766927, 0.000594822340645, 0.000263351277681, 0.000551492907107]
        dvar2: [0.00729826511815, 0.00473484350368, 0.00257546105422, 0.00160670315381, 0.000697505311109, 0.00136799341999]
        max: [-0.245070412755, -0.434968233109, -0.554723024368, -0.594107210636, -0.672985374928, -0.552430152893]
        mean: [-0.693647265434, -0.774023294449, -0.810043632984, -0.807637631893, -0.812316834927, -0.732733607292]
        median: [-0.704771757126, -0.782712817192, -0.819831848145, -0.811541557312, -0.812033653259, -0.736661851406]
        min: [-0.996398627758, -0.976088225842, -0.983368039131, -0.964770793915, -0.958810806274, -0.959343671799]
        var: [0.00772377662361, 0.00479348935187, 0.00306798284873, 0.00189610768575, 0.00099257088732, 0.00291062449105]
    scvalleys:
        dmean: [0.396623402834, 0.397140949965, 0.328104138374, 0.26687836647, 0.252177476883, 0.269886910915]
        dmean2: [0.656358480453, 0.651865184307, 0.519455373287, 0.423699885607, 0.390507638454, 0.402120411396]
        dvar: [0.134005755186, 0.153054177761, 0.0913489609957, 0.0736556649208, 0.0857099443674, 0.153888061643]
        dvar2: [0.319895625114, 0.364978641272, 0.198535785079, 0.152548611164, 0.178277418017, 0.305467158556]
        max: [-5.03024482727, -4.39179325104, -5.02917194366, -5.6125664711, -5.33504295349, -7.66017007828]
        mean: [-7.11294174194, -6.97487592697, -7.24946260452, -7.33662128448, -7.02923774719, -10.0392246246]
        median: [-6.62450313568, -6.6791100502, -6.99090480804, -6.99413108826, -6.57252311707, -9.41182899475]
        min: [-27.4493770599, -27.3748035431, -27.0329246521, -27.5908432007, -27.2787017822, -27.2391662598]
        var: [3.10548186302, 2.41272497177, 2.42669534683, 2.24717926979, 2.41739249229, 3.26389789581]

rhythm:
    beats_loudness:
        dmean: 0.00222795270383
        dmean2: 0.00388172268867
        dvar: 4.00662202082e-006
        dvar2: 1.18278530863e-005
        max: 0.0157746858895
        mean: 0.0045851659961
        median: 0.00462268758565
        min: 5.42124114697e-012
        var: 8.5354431576e-006
    bpm: 110.099090576
    bpm_confidence: 0
    first_peak_bpm: 110
    first_peak_spread: 0.44904461503
    first_peak_weight: 0.333333343267
    onset_rate: 3.60170245171
    second_peak_bpm: 105
    second_peak_spread: 0.388888895512
    second_peak_weight: 0.0635838136077
    beats_loudness_band_ratio:
        dmean: [0.126416504383, 0.129444256425, 0.128931328654, 0.102819263935, 0.122884191573, 0.113846853375]
        dmean2: [0.221825242043, 0.22516861558, 0.233980968595, 0.184930697083, 0.212944731116, 0.19613045454]
        dvar: [0.0154852066189, 0.0149159990251, 0.0296874362975, 0.0178959909827, 0.0101123098284, 0.0110049769282]
        dvar2: [0.0402968414128, 0.0387661643326, 0.0844634398818, 0.0526763051748, 0.0290717016906, 0.0306632295251]
        max: [0.884832382202, 0.722207903862, 0.869922935963, 0.730080842972, 0.660967111588, 0.930451333523]
        mean: [0.171997562051, 0.152999654412, 0.143170312047, 0.107023105025, 0.228767484426, 0.255339801311]
        median: [0.127126246691, 0.0966874286532, 0.0613286718726, 0.0509489700198, 0.205938965082, 0.251704066992]
        min: [0, 0, 0, 0, 0, 0]
        var: [0.0215197168291, 0.0205010846257, 0.0318061485887, 0.0161014329642, 0.0155776338652, 0.0188808888197]
    beats_position: [0.650158703327, 1.30031740665, 1.95047616959, 2.61224484444, 3.27401351929, 3.93578219414, 4.59755086899, 5.24770975113, 5.88625860214, 6.52480697632, 7.1517457962, 7.80190467834, 8.42884349823, 9.05578231812, 9.70594120026, 10.3560991287, 10.9946479797, 11.6331968307, 12.2601356506, 12.8870744705, 13.5256233215, 14.1525621414, 14.7911109924, 15.4296598434, 16.0682086945, 16.6951465607, 17.3220863342, 17.9490242004, 18.5875740051, 19.2261219025, 19.7950115204, 20.363899231, 20.9327888489, 21.5132884979, 22.0821762085, 22.6394557953, 23.1851234436, 23.7307929993, 24.2764625549, 24.8221302032, 25.3561897278, 25.8902492523, 26.4243087769, 26.958366394, 27.5040359497, 28.0380954742, 28.5837631226, 29.1294326782, 29.6751022339, 30.2207698822, 30.7664394379, 31.3004989624, 31.8461666107, 32.391834259, 32.9375038147, 33.4831733704, 34.0172348022, 34.5512924194, 35.0969619751, 35.6426315308, 36.1766891479, 36.7107467651, 37.2564163208, 37.8020858765, 38.3361434937, 38.8934249878, 39.4390907288, 39.9847602844, 40.5304298401, 41.0644874573, 41.5985488892, 42.1442184448, 42.6898841858, 43.2239456177, 43.7580032349, 44.3036727905, 44.8493423462, 45.3950119019, 45.9406776428, 46.4863471985, 47.0320167542, 47.5776863098, 48.111743927, 48.6690254211, 49.2030830383, 49.7371406555, 50.2712020874, 50.8284797668, 51.3741493225, 51.9198188782, 52.4538764954, 52.9879341125, 53.5336036682, 54.0792732239, 54.6133308411, 55.1473922729, 55.6930618286, 56.2387275696, 56.7843971252, 57.3300666809, 57.8757362366, 58.4214057922, 58.9670753479, 59.5127410889, 60.0468025208, 60.6040802002, 61.1497497559, 61.6954193115, 62.2294769287, 62.7635345459, 63.3092041016, 63.8548736572, 64.3889312744, 64.9229888916, 65.4570541382, 65.9911117554, 66.5251693726, 67.0708389282, 67.6165084839, 68.1621780396, 68.7078475952, 69.2535171509, 69.7991790771, 70.3564605713, 70.9137420654, 71.4710159302, 72.0282974243, 72.5855789185, 73.1428527832, 73.7001342773, 74.2690200806, 74.8379135132, 75.3951950073, 75.9408569336, 76.4865264893, 77.0205917358, 77.5662536621, 78.1119232178, 78.6575927734, 79.2032623291, 79.7373199463, 80.2713851929, 80.8054428101, 81.3511123657, 81.8967819214, 82.4424438477, 82.9765090942, 83.5221786499, 84.0562362671, 84.6019058228, 85.1475753784, 85.6816329956, 86.2273025513, 86.7729721069, 87.3186416626, 87.8643035889, 88.3983688354, 88.9556427002, 89.4897003174, 90.023765564, 90.5810394287, 91.1267089844, 91.67237854, 92.2180480957, 92.7637176514, 93.2977752686, 93.8318328857, 94.3775024414, 94.9231719971, 95.4688415527, 96.0028991699, 96.5369567871, 97.0826263428, 97.6282958984, 98.1739654541, 98.7080230713, 99.2653045654, 99.7993621826, 100.3334198, 100.879089355, 101.424758911, 101.970428467, 102.516098022, 103.061767578, 103.607437134, 104.141494751, 104.675552368, 105.221221924, 105.766891479, 106.300949097, 106.846618652, 107.392288208, 107.937957764, 108.483627319, 109.040908813, 109.574966431, 110.109024048, 110.654693604, 111.200363159, 111.734420776, 112.280090332, 112.814147949, 113.359817505, 113.893875122, 114.427932739, 114.973602295, 115.519271851, 116.053329468, 116.587387085, 117.133056641, 117.667114258, 118.212783813, 118.758453369, 119.304122925, 119.861404419, 120.395462036, 120.941131592, 121.486801147, 122.032470703, 122.578140259, 123.112197876, 123.646255493, 124.18031311, 124.725982666, 125.260040283, 125.79410553, 126.339767456, 126.89704895, 127.454330444, 127.988388062, 128.534057617, 129.079727173, 129.61378479, 130.147842407, 130.693511963, 131.239181519, 131.784851074, 132.33052063, 132.876190186, 133.410247803, 133.955917358, 134.501586914, 135.035644531, 135.581314087, 136.126983643, 136.672653198, 137.218322754, 137.775604248, 138.344482422, 138.913375854, 139.482269287, 139.993103027, 140.503936768, 141.014785767, 141.572067261, 142.140945435, 142.709838867, 143.290344238, 143.870834351, 144.428115845, 144.985397339, 145.542678833, 146.192825317, 146.842987061, 147.493148804, 148.131698608, 148.758636475, 149.385574341, 150.000900269, 150.569793701, 151.138687134, 151.707565308, 152.27645874, 152.845352173, 153.414230347, 153.983123779, 154.610061646, 155.236999512, 155.863937378, 156.514099121, 157.152648926, 157.79119873, 158.429748535, 159.010253906, 159.57913208, 160.136413574, 160.670471191, 161.216140747, 161.761810303, 162.307479858, 162.864761353, 163.410430908, 163.956100464, 164.490158081, 165.024215698, 165.558273315, 166.103942871, 166.649612427, 167.195281982, 167.740951538, 168.286621094, 168.832290649, 169.377960205, 169.923629761, 170.457687378, 170.991744995, 171.537414551, 172.083084106, 172.617141724, 173.139587402, 173.685256958, 174.230926514, 174.776596069, 175.322265625, 175.867935181, 176.413604736, 176.959274292, 177.504943848, 178.050613403, 178.596282959, 179.141952515, 179.676010132, 180.210067749, 180.744125366, 181.278182983, 181.823852539, 182.369522095, 182.91519165, 183.449249268, 183.994918823, 184.540588379, 185.086257935, 185.643539429, 186.189208984, 186.73487854, 187.268936157, 187.814605713, 188.360275269, 188.894332886, 189.440002441, 189.985671997, 190.519729614, 191.06539917, 191.599456787, 192.145126343, 192.690795898, 193.236465454, 193.78213501, 194.327789307, 194.861862183, 195.3959198, 195.929977417, 196.475646973, 197.021316528, 197.566986084, 198.182312012, 198.786026001, 199.38973999, 199.993469238, 200.597183228, 201.189300537, 201.793014526, 202.385116577, 202.977233887, 203.580947876, 204.033737183, 204.474914551, 204.927703857, 205.368881226, 205.810058594, 206.2628479, 206.715637207, 207.168426514, 207.62121582, 208.108840942, 208.596466064, 209.084075928, 209.583312988, 210.070922852, 210.558547974, 211.046157837, 211.533782959, 212.009796143, 212.497406006, 212.996643066, 213.507476807, 214.029922485, 214.552383423, 215.063217163, 215.574050903, 216.084899902, 216.595733643, 217.106567383, 217.617416382, 218.139862061, 218.662307739, 219.173141479, 219.683990479, 220.194824219, 220.717269897, 221.239730835, 221.750564575, 222.261398315, 222.772247314, 223.283081055, 223.770706177, 224.246704102, 224.722717285, 225.210342407, 225.721176147, 226.278457642, 226.835739136, 227.393005371, 227.950286865, 228.519180298, 229.076461792, 229.622131348, 230.156188965, 230.701858521, 231.235916138, 231.769973755, 232.315643311, 232.861312866, 233.430206299, 233.987472534, 234.544754028, 235.113647461, 235.694152832, 236.263031006, 236.8203125, 237.377593994, 237.934875488, 238.492156982, 239.037811279, 239.583480835, 240.117553711, 240.663208008, 241.185668945, 241.696502686, 242.230560303, 242.76461792, 243.298675537, 243.879180908, 244.459671021, 245.028564453, 245.585845947, 246.143127441, 246.723617554, 247.292510986, 247.873016357, 248.45350647, 249.034011841, 249.602905273, 250.171783447, 250.752288818, 251.332778931, 251.901672363, 252.470565796, 253.051055908, 253.631561279, 254.22366333, 254.827392578, 255.442718506, 256.034820557, 256.638549805, 257.242248535, 257.85760498, 258.472930908, 259.076629639, 259.680358887, 260.272460938, 260.876190186, 261.479919434, 261.94430542, 262.408691406, 262.88470459, 263.279449463, 263.674194336, 264.068939209, 264.544952393, 265.020935059, 265.496948242, 265.984588623, 266.472198486, 266.95980835, 267.447418213, 267.87701416, 268.31817627, 268.747741699, 269.258575439, 269.769439697, 270.280273438, 270.802703857, 271.325164795, 271.859222412, 272.38168335, 272.90411377, 273.426574707, 273.890960693, 274.355377197, 274.924255371, 275.481536865, 276.038818359, 276.607696533, 277.176605225, 277.745483398, 278.244720459, 278.743927002, 279.243164063, 279.730773926, 280.218414307, 280.70602417, 281.1355896, 281.565155029, 281.994720459, 282.424316406, 282.853881836, 283.283447266, 283.713012695, 284.142578125]
