
metadata:
    version:
        essentia: "2.1-beta2"
    audio_properties:
        analysis_sample_rate: 44100
        bitrate: 128
        channels: 2
        equal_loudness: 1
        length: 506.044067383
        replay_gain: -12.0334815979
        downmix: "mix"
    tags:
        album: "Saison 1"
        artist: "La IIIème Légion"
        comment: "BO par Bertrand."
        date: "2006"
        genre: "Other;other"
        title: "Episode 9"
        tracknumber: ""

configuration:
    average_loudness:
        compute: 1
        frameSize: 88200
        hopSize: 44100
        silentFrames: "noise"
        windowType: "hann"
    general:
        analysisSampleRate: 44100
        endTime: 2000
        equalLoudness: 1
        nequalLoudness: 0
        shortSound: 0
        startTime: 0
    lowlevel:
        compute: 1
        frameSize: 2048
        hopSize: 1024
        zeroPadding: 0
        silentFrames: "noise"
        windowType: "blackmanharris62"
        mfccStats: ["mean", "cov", "icov"]
        stats: ["mean", "var", "median", "min", "max", "dmean", "dmean2", "dvar", "dvar2"]
    panning:
        compute: 0
        frameSize: 8192
        hopSize: 2048
        zeroPadding: 8192
        silentFrames: "noise"
        windowType: "hann"
        stats: ["copy"]
    rhythm:
        compute: 1
        maxTempo: 208
        minTempo: 40
        method: "degara"
        stats: ["mean", "var", "median", "min", "max", "dmean", "dmean2", "dvar", "dvar2"]
    segmentation:
        compute: 0
        cpw: 5
        inc1: 300
        inc2: 50
        minimumSegmentsLength: 10
        size1: 1000
        size2: 600
    sfx:
        compute: 1
        stats: ["mean", "var", "median", "min", "max", "dmean", "dmean2", "dvar", "dvar2"]
    svm:
        compute: 0
    tonal:
        compute: 1
        frameSize: 4096
        hopSize: 2048
        zeroPadding: 0
        silentFrames: "noise"
        windowType: "blackmanharris62"
        stats: ["mean", "var", "median", "min", "max", "dmean", "dmean2", "dvar", "dvar2"]

lowlevel:
    average_loudness: 0.359324991703
    barkbands_kurtosis:
        dmean: 2.58823060989
        dmean2: 4.11388921738
        dvar: 58.9939994812
        dvar2: 130.426559448
        max: 500.941986084
        mean: 2.49191737175
        median: 0.00207868847065
        min: -1.94466972351
        var: 101.700035095
    barkbands_skewness:
        dmean: 0.614617586136
        dmean2: 0.924675524235
        dvar: 0.494923740625
        dvar2: 1.03892529011
        max: 20.0141277313
        mean: 0.0931829512119
        median: 0.0698611661792
        min: -11.2715053558
        var: 2.67900776863
    barkbands_spread:
        dmean: 5.75543022156
        dmean2: 9.09717464447
        dvar: 42.8904533386
        dvar2: 101.454536438
        max: 71.7162628174
        mean: 21.3825492859
        median: 20.0792312622
        min: 0.126747146249
        var: 141.385879517
    dissonance:
        dmean: 0.0218723136932
        dmean2: 0.0366089269519
        dvar: 0.000770418555476
        dvar2: 0.00199722265825
        max: 0.500000178814
        mean: 0.462544441223
        median: 0.479418128729
        min: 0.0787284821272
        var: 0.00212249625474
    hfc:
        dmean: 2.13839912415
        dmean2: 3.04194760323
        dvar: 27.4274482727
        dvar2: 51.278175354
        max: 181.416244507
        mean: 5.95929527283
        median: 3.17104554176
        min: 1.17963684526e-016
        var: 93.3130722046
    pitch:
        dmean: 624.831542969
        dmean2: 1187.07116699
        dvar: 1362107.625
        dvar2: 3268376.75
        max: 6041.11962891
        mean: 1315.44067383
        median: 394.932861328
        min: 55.9599876404
        var: 2294196.25
    pitch_instantaneous_confidence:
        dmean: 0.103566393256
        dmean2: 0.1650313586
        dvar: 0.00881109386683
        dvar2: 0.0194620601833
        max: 0.982047975063
        mean: 0.514889121056
        median: 0.503118753433
        min: 0.0809966921806
        var: 0.0348858870566
    pitch_salience:
        dmean: 0.0701053440571
        dmean2: 0.112971305847
        dvar: 0.00426935125142
        dvar2: 0.0103033445776
        max: 0.923344194889
        mean: 0.64479714632
        median: 0.666662812233
        min: 0.0394408963621
        var: 0.0130705982447
    silence_rate_20dB:
        dmean: 0
        dmean2: 0
        dvar: 0
        dvar2: 0
        max: 1
        mean: 1
        median: 1
        min: 1
        var: 0
    silence_rate_30dB:
        dmean: 0
        dmean2: 0
        dvar: 0
        dvar2: 0
        max: 1
        mean: 1
        median: 1
        min: 1
        var: 0
    silence_rate_60dB:
        dmean: 0.0981921628118
        dmean2: 0.196393340826
        dvar: 0.0885502696037
        dvar2: 0.181040391326
        max: 1
        mean: 0.646019756794
        median: 1
        min: 0
        var: 0.228668034077
    spectral_centroid:
        dmean: 317.430755615
        dmean2: 473.225250244
        dvar: 171284.046875
        dvar2: 324846.875
        max: 10914.5742188
        mean: 1842.72045898
        median: 1763.86328125
        min: 204.839889526
        var: 953211.25
    spectral_complexity:
        dmean: 2.31247138977
        dmean2: 3.57894730568
        dvar: 7.02282381058
        dvar2: 15.0413007736
        max: 46
        mean: 7.61991262436
        median: 6
        min: 0
        var: 47.4637527466
    spectral_crest:
        dmean: 2.66985487938
        dmean2: 4.34256029129
        dvar: 6.08251333237
        dvar2: 14.8280973434
        max: 26.832950592
        mean: 9.30639076233
        median: 8.36297035217
        min: 2.33590388298
        var: 17.2980213165
    spectral_decrease:
        dmean: 2.40279379726e-010
        dmean2: 3.40682482225e-010
        dvar: 1.50611262325e-019
        dvar2: 2.68468731484e-019
        max: -5.85248826738e-031
        mean: -6.71751265724e-010
        median: -4.13274386935e-010
        min: -9.79460423878e-009
        var: 5.7497562193e-019
    spectral_energy:
        dmean: 0.00108029413968
        dmean2: 0.00152855017222
        dvar: 3.43049737239e-006
        dvar2: 6.13444717601e-006
        max: 0.053422074765
        mean: 0.00307586975396
        median: 0.00188447337132
        min: 1.0701868087e-020
        var: 1.29068012029e-005
    spectral_energyband_high:
        dmean: 0.000134898116812
        dmean2: 0.000200501963263
        dvar: 1.56535804763e-007
        dvar2: 3.30082684741e-007
        max: 0.014219282195
        mean: 0.000274834834272
        median: 8.68127463036e-005
        min: 7.79938421377e-021
        var: 3.95492094185e-007
    spectral_energyband_low:
        dmean: 5.27804950252e-005
        dmean2: 9.21200480661e-005
        dvar: 2.36135058174e-008
        dvar2: 6.88677559424e-008
        max: 0.00298844114877
        mean: 6.40116559225e-005
        median: 6.98296798873e-006
        min: 1.03570539056e-022
        var: 2.9577023497e-008
    spectral_energyband_middle_high:
        dmean: 0.000620425038505
        dmean2: 0.00088629568927
        dvar: 2.1403793653e-006
        dvar2: 3.84229224437e-006
        max: 0.0488046370447
        mean: 0.00160080695059
        median: 0.000833094469272
        min: 1.44760484606e-021
        var: 7.00750160831e-006
    spectral_energyband_middle_low:
        dmean: 0.000596549827605
        dmean2: 0.000874943449162
        dvar: 1.08645701857e-006
        dvar2: 2.15353361455e-006
        max: 0.0254191532731
        mean: 0.00120785227045
        median: 0.000477307796245
        min: 2.36322128468e-022
        var: 3.38738936989e-006
    spectral_flatness_db:
        dmean: 0.0247815642506
        dmean2: 0.0374702773988
        dvar: 0.000621726096142
        dvar2: 0.00121029943693
        max: 0.557971179485
        mean: 0.212193161249
        median: 0.203382998705
        min: 0.054055057466
        var: 0.00362744438462
    spectral_flux:
        dmean: 0.00957223214209
        dmean2: 0.0157683305442
        dvar: 0.000134080895805
        dvar2: 0.000341563834809
        max: 0.204669132829
        mean: 0.0327945426106
        median: 0.029752003029
        min: 1.03449832034e-010
        var: 0.000457967224065
    spectral_kurtosis:
        dmean: 2.66973805428
        dmean2: 4.53913164139
        dvar: 19.8364982605
        dvar2: 58.18932724
        max: 138.272232056
        mean: 5.63182973862
        median: 3.45564317703
        min: -1.37819468975
        var: 74.5649032593
    spectral_rms:
        dmean: 0.000287134200335
        dmean2: 0.000398695381591
        dvar: 1.25337834334e-007
        dvar2: 2.06088827781e-007
        max: 0.00721935555339
        mean: 0.00148264563177
        median: 0.00135591684375
        min: 3.23122995374e-012
        var: 8.02630097496e-007
    spectral_rolloff:
        dmean: 464.667419434
        dmean2: 760.387390137
        dvar: 561114.5
        dvar2: 1149703.375
        max: 18884.6191406
        mean: 2991.00756836
        median: 3466.84570313
        min: 193.798828125
        var: 2083475.75
    spectral_skewness:
        dmean: 0.310232877731
        dmean2: 0.499395310879
        dvar: 0.122637398541
        dvar2: 0.316477060318
        max: 9.84255981445
        mean: 1.35093677044
        median: 1.13647186756
        min: -0.692297101021
        var: 0.7616776824
    spectral_spread:
        dmean: 485695.1875
        dmean2: 699441.875
        dvar: 550463078400
        dvar2: 881208524800
        max: 41011884
        mean: 3583843
        median: 3247143
        min: 691923.1875
        var: 2.78305964032e+012
    spectral_strongpeak:
        dmean: 0.571919798851
        dmean2: 0.94293063879
        dvar: 0.931306958199
        dvar2: 2.33065915108
        max: 20.1917190552
        mean: 0.920600235462
        median: 0.448504209518
        min: 9.82961712026e-010
        var: 1.81727445126
    zerocrossingrate:
        dmean: 0.0110495537519
        dmean2: 0.0123192379251
        dvar: 0.000163303760928
        dvar2: 0.000174441520358
        max: 0.4931640625
        mean: 0.0981163457036
        median: 0.1005859375
        min: 0.01171875
        var: 0.00193996564485
    barkbands:
        dmean: [8.09590900985e-008, 7.33916385798e-006, 2.54362512351e-005, 6.59988218104e-005, 0.00012165937369, 0.000106939754914, 0.000116454742965, 0.000138604300446, 0.000246996671194, 0.00014425937843, 5.60844273423e-005, 3.97711337428e-005, 3.76270108973e-005, 3.50488444383e-005, 4.86282224301e-005, 6.17033801973e-005, 8.20125569589e-005, 0.000146525359014, 0.000266788527369, 0.000156009467901, 7.34513741918e-005, 1.41013724715e-005, 3.21929655911e-006, 8.71128634117e-007, 3.64480825965e-007, 1.9375304916e-008, 1.79899359298e-010]
        dmean2: [1.38107978387e-007, 1.2901718037e-005, 4.46429912699e-005, 0.000115968745376, 0.000197272820515, 0.000161578660482, 0.000174175569555, 0.000211335660424, 0.000379445787985, 0.000217315580812, 8.57990453369e-005, 6.21680155746e-005, 6.07346046309e-005, 5.58450919925e-005, 7.64219439588e-005, 9.66809602687e-005, 0.000129868698423, 0.000216524509597, 0.000406055740314, 0.000238859211095, 0.000110362751002, 2.18182976823e-005, 4.80074186271e-006, 1.26660847855e-006, 5.09351309574e-007, 2.71287223796e-008, 3.14182402317e-010]
        dvar: [1.54665573426e-013, 8.97878660311e-010, 6.36799546427e-009, 4.89206151144e-008, 8.32100468529e-008, 9.03679477915e-008, 1.52081227611e-007, 2.64792078042e-007, 4.61262658291e-007, 2.20965148401e-007, 3.77591362621e-008, 1.87796764806e-008, 1.48528185306e-008, 1.10676525722e-008, 2.92309216832e-008, 2.84174674903e-008, 5.05279551533e-008, 4.51819516911e-007, 9.45141493958e-007, 2.74365930863e-007, 5.97291176518e-008, 4.05923472613e-009, 3.78360148767e-010, 3.1182355309e-011, 6.20063375645e-012, 3.10257089388e-014, 5.39600053962e-019]
        dvar2: [4.37807884564e-013, 2.61633603671e-009, 1.83385182595e-008, 1.425536027e-007, 1.99370063569e-007, 1.73911516299e-007, 2.78680545307e-007, 5.14692942488e-007, 1.01501916561e-006, 4.41867996415e-007, 7.7776817875e-008, 3.81424776208e-008, 3.51953914901e-008, 2.44972202523e-008, 6.0293288584e-008, 6.4500603969e-008, 1.16943247974e-007, 8.88564045454e-007, 1.93850883079e-006, 5.92840876834e-007, 1.32593527269e-007, 8.91838336514e-009, 7.71406771793e-010, 6.13410919281e-011, 1.06221195034e-011, 6.11706933479e-014, 1.19802139759e-018]
        max: [1.56955684361e-005, 0.00121054658666, 0.00176667957567, 0.00404391717166, 0.012484674342, 0.0122653916478, 0.0179353170097, 0.0216326732188, 0.0177318938076, 0.0136750824749, 0.00890116859227, 0.00624031201005, 0.00437339115888, 0.00411461293697, 0.00708727398887, 0.00491234241053, 0.0072852736339, 0.0322821363807, 0.0438989475369, 0.0281652901322, 0.00802422594279, 0.00358686759137, 0.00182688003406, 0.000420633994509, 0.000151161293616, 1.70262374013e-005, 4.52497594949e-008]
        mean: [9.36706570087e-008, 9.12204268388e-006, 2.79440610029e-005, 6.47209235467e-005, 0.000183390511665, 0.000170021157828, 0.000163702105056, 0.000184297576197, 0.000359303929145, 0.000192996580154, 7.85974552855e-005, 6.00924358878e-005, 5.79757252126e-005, 5.30475117557e-005, 7.42331758374e-005, 9.06030836632e-005, 0.000139767114888, 0.000244881084654, 0.000479311711388, 0.000283862202195, 0.000128656291054, 2.2956113753e-005, 4.57605256088e-006, 1.22852566165e-006, 4.69834617434e-007, 2.18956195397e-008, 1.62064875409e-010]
        median: [2.51145015895e-009, 3.30357636358e-007, 2.13084831557e-006, 6.37111088508e-006, 3.81714708055e-005, 3.61405473086e-005, 2.44177317654e-005, 2.39006531046e-005, 5.02314760524e-005, 3.25841319864e-005, 1.61146544997e-005, 1.63996828633e-005, 1.62631131388e-005, 1.5840807464e-005, 1.87026653293e-005, 2.54929636867e-005, 4.2956591642e-005, 6.66090563755e-005, 0.000120819138829, 8.57292834553e-005, 3.05726716761e-005, 5.6032113207e-006, 8.71044051109e-007, 2.12890896023e-007, 2.69105147055e-008, 6.6885119665e-010, 3.19606945076e-011]
        min: [3.43749137121e-024, 6.93928500363e-023, 2.12257052497e-023, 2.2119151756e-023, 1.85383085811e-023, 4.51255511493e-023, 9.39152476073e-024, 5.07783990229e-023, 6.75782238296e-023, 1.50026980594e-022, 8.23966477681e-023, 8.23165815416e-023, 8.07636804507e-023, 1.14192361818e-022, 9.88678110336e-023, 2.05432354904e-022, 1.27706912276e-022, 1.17310987723e-022, 2.59184882602e-022, 4.53695287879e-022, 4.83817859503e-022, 6.11271881905e-022, 6.22958079977e-022, 7.22075663306e-022, 1.28703285251e-021, 1.76920220729e-021, 2.19070384182e-021]
        var: [2.03070673883e-013, 1.14956943964e-009, 7.04843960975e-009, 4.60751827802e-008, 1.79132328526e-007, 2.26161034789e-007, 3.16579559012e-007, 5.42549685179e-007, 9.37356446684e-007, 3.90503402059e-007, 7.45380006606e-008, 3.78293449899e-008, 2.40736763857e-008, 2.14687680966e-008, 5.8212084042e-008, 4.77762078788e-008, 9.60438129027e-008, 9.37355537189e-007, 1.84995451491e-006, 5.34849505129e-007, 1.19309746083e-007, 6.4454641624e-009, 6.95834834197e-010, 5.71166100527e-011, 1.17116897777e-011, 4.29279109818e-014, 7.25561370903e-019]
    frequency_bands:
        dmean: [8.09590900985e-008, 7.33916385798e-006, 2.54362512351e-005, 6.59988218104e-005, 0.00012165937369, 0.000106939754914, 0.000116454742965, 0.000138604300446, 0.000246996671194, 0.00014425937843, 5.60844273423e-005, 3.97711337428e-005, 3.76270108973e-005, 3.50488444383e-005, 4.86282224301e-005, 6.17033801973e-005, 8.20125569589e-005, 0.000146525359014, 0.000266788527369, 0.000156009467901, 7.34513741918e-005, 1.41013724715e-005, 3.21929655911e-006, 8.71128634117e-007, 3.64480825965e-007, 1.9375304916e-008, 1.79899359298e-010, 3.52004154991e-011]
        dmean2: [1.38107978387e-007, 1.2901718037e-005, 4.46429912699e-005, 0.000115968745376, 0.000197272820515, 0.000161578660482, 0.000174175569555, 0.000211335660424, 0.000379445787985, 0.000217315580812, 8.57990453369e-005, 6.21680155746e-005, 6.07346046309e-005, 5.58450919925e-005, 7.64219439588e-005, 9.66809602687e-005, 0.000129868698423, 0.000216524509597, 0.000406055740314, 0.000238859211095, 0.000110362751002, 2.18182976823e-005, 4.80074186271e-006, 1.26660847855e-006, 5.09351309574e-007, 2.71287223796e-008, 3.14182402317e-010, 6.52756945718e-011]
        dvar: [1.54665573426e-013, 8.97878660311e-010, 6.36799546427e-009, 4.89206151144e-008, 8.32100468529e-008, 9.03679477915e-008, 1.52081227611e-007, 2.64792078042e-007, 4.61262658291e-007, 2.20965148401e-007, 3.77591362621e-008, 1.87796764806e-008, 1.48528185306e-008, 1.10676525722e-008, 2.92309216832e-008, 2.84174674903e-008, 5.05279551533e-008, 4.51819516911e-007, 9.45141493958e-007, 2.74365930863e-007, 5.97291176518e-008, 4.05923472613e-009, 3.78360148767e-010, 3.1182355309e-011, 6.20063375645e-012, 3.10257089388e-014, 5.39600053962e-019, 5.06352190015e-021]
        dvar2: [4.37807884564e-013, 2.61633603671e-009, 1.83385182595e-008, 1.425536027e-007, 1.99370063569e-007, 1.73911516299e-007, 2.78680545307e-007, 5.14692942488e-007, 1.01501916561e-006, 4.41867996415e-007, 7.7776817875e-008, 3.81424776208e-008, 3.51953914901e-008, 2.44972202523e-008, 6.0293288584e-008, 6.4500603969e-008, 1.16943247974e-007, 8.88564045454e-007, 1.93850883079e-006, 5.92840876834e-007, 1.32593527269e-007, 8.91838336514e-009, 7.71406771793e-010, 6.13410919281e-011, 1.06221195034e-011, 6.11706933479e-014, 1.19802139759e-018, 1.60818952197e-020]
        max: [1.56955684361e-005, 0.00121054658666, 0.00176667957567, 0.00404391717166, 0.012484674342, 0.0122653916478, 0.0179353170097, 0.0216326732188, 0.0177318938076, 0.0136750824749, 0.00890116859227, 0.00624031201005, 0.00437339115888, 0.00411461293697, 0.00708727398887, 0.00491234241053, 0.0072852736339, 0.0322821363807, 0.0438989475369, 0.0281652901322, 0.00802422594279, 0.00358686759137, 0.00182688003406, 0.000420633994509, 0.000151161293616, 1.70262374013e-005, 4.52497594949e-008, 2.40897102266e-009]
        mean: [9.36706570087e-008, 9.12204268388e-006, 2.79440610029e-005, 6.47209235467e-005, 0.000183390511665, 0.000170021157828, 0.000163702105056, 0.000184297576197, 0.000359303929145, 0.000192996580154, 7.85974552855e-005, 6.00924358878e-005, 5.79757252126e-005, 5.30475117557e-005, 7.42331758374e-005, 9.06030836632e-005, 0.000139767114888, 0.000244881084654, 0.000479311711388, 0.000283862202195, 0.000128656291054, 2.2956113753e-005, 4.57605256088e-006, 1.22852566165e-006, 4.69834617434e-007, 2.18956195397e-008, 1.62064875409e-010, 2.72497701487e-011]
        median: [2.51145015895e-009, 3.30357636358e-007, 2.13084831557e-006, 6.37111088508e-006, 3.81714708055e-005, 3.61405473086e-005, 2.44177317654e-005, 2.39006531046e-005, 5.02314760524e-005, 3.25841319864e-005, 1.61146544997e-005, 1.63996828633e-005, 1.62631131388e-005, 1.5840807464e-005, 1.87026653293e-005, 2.54929636867e-005, 4.2956591642e-005, 6.66090563755e-005, 0.000120819138829, 8.57292834553e-005, 3.05726716761e-005, 5.6032113207e-006, 8.71044051109e-007, 2.12890896023e-007, 2.69105147055e-008, 6.6885119665e-010, 3.19606945076e-011, 6.20368513504e-012]
        min: [3.43749137121e-024, 6.93928500363e-023, 2.12257052497e-023, 2.2119151756e-023, 1.85383085811e-023, 4.51255511493e-023, 9.39152476073e-024, 5.07783990229e-023, 6.75782238296e-023, 1.50026980594e-022, 8.23966477681e-023, 8.23165815416e-023, 8.07636804507e-023, 1.14192361818e-022, 9.88678110336e-023, 2.05432354904e-022, 1.27706912276e-022, 1.17310987723e-022, 2.59184882602e-022, 4.53695287879e-022, 4.83817859503e-022, 6.11271881905e-022, 6.22958079977e-022, 7.22075663306e-022, 1.28703285251e-021, 1.76920220729e-021, 2.19070384182e-021, 9.35321250025e-022]
        var: [2.03070673883e-013, 1.14956943964e-009, 7.04843960975e-009, 4.60751827802e-008, 1.79132328526e-007, 2.26161034789e-007, 3.16579559012e-007, 5.42549685179e-007, 9.37356446684e-007, 3.90503402059e-007, 7.45380006606e-008, 3.78293449899e-008, 2.40736763857e-008, 2.14687680966e-008, 5.8212084042e-008, 4.77762078788e-008, 9.60438129027e-008, 9.37355537189e-007, 1.84995451491e-006, 5.34849505129e-007, 1.19309746083e-007, 6.4454641624e-009, 6.95834834197e-010, 5.71166100527e-011, 1.17116897777e-011, 4.29279109818e-014, 7.25561370903e-019, 3.92708155946e-021]
    mfcc:
        mean: [-795.123291016, 99.4739303589, -64.8757324219, 39.8714485168, -37.2820549011, -20.1581020355, -8.7405834198, -11.2842445374, -9.80825519562, -5.25516176224, -9.33736801147, -9.96851634979, -8.96792411804]
        cov: [[7385.68212891, 481.452056885, -1876.84204102, 1145.20092773, -546.153808594, 175.179153442, 21.0145759583, 182.014862061, 28.1160812378, 94.3294677734, -85.5924987793, -91.5154571533, -157.769439697], [481.452056885, 1747.3704834, 81.7428131104, -159.569061279, 28.9013538361, -167.957778931, 140.93611145, -73.6630630493, 41.1780471802, 9.60854721069, 1.5214099884, -50.5672874451, -37.6481170654], [-1876.84204102, 81.7428131104, 1271.18884277, -105.970245361, 298.4140625, 61.8951301575, -12.4628591537, -27.2456645966, 6.24514913559, -18.6852092743, 34.8334617615, 45.7939414978, 61.8940582275], [1145.20092773, -159.569061279, -105.970245361, 1094.49523926, 260.038116455, 32.5142173767, 57.2145614624, 26.7246437073, 92.5720977783, 33.0192756653, 0.213442891836, 32.1085243225, 66.3545532227], [-546.153808594, 28.9013538361, 298.4140625, 260.038116455, 591.414367676, 130.322753906, 73.5978393555, 101.078048706, 68.1554260254, 34.883972168, 62.5438652039, 26.904417038, 81.9068984985], [175.179153442, -167.957778931, 61.8951301575, 32.5142173767, 130.322753906, 406.401519775, 92.484413147, 103.85369873, 47.849811554, 15.5206985474, 45.3081130981, 28.2879314423, -5.55541801453], [21.0145759583, 140.93611145, -12.4628591537, 57.2145614624, 73.5978393555, 92.484413147, 236.98828125, 56.9469642639, 41.9381408691, 15.7511253357, 27.8119411469, 17.9998378754, -1.53589904308], [182.014862061, -73.6630630493, -27.2456645966, 26.7246437073, 101.078048706, 103.85369873, 56.9469642639, 224.491882324, 49.5988502502, 19.9398403168, 37.3287887573, 8.91602420807, 16.8400917053], [28.1160812378, 41.1780471802, 6.24514913559, 92.5720977783, 68.1554260254, 47.849811554, 41.9381408691, 49.5988502502, 173.809387207, 54.2843780518, 17.8320446014, 17.8149337769, 18.2922897339], [94.3294677734, 9.60854721069, -18.6852092743, 33.0192756653, 34.883972168, 15.5206985474, 15.7511253357, 19.9398403168, 54.2843780518, 135.513504028, 40.0860443115, 2.26839828491, 13.0158948898], [-85.5924987793, 1.5214099884, 34.8334617615, 0.213442891836, 62.5438652039, 45.3081130981, 27.8119411469, 37.3287887573, 17.8320446014, 40.0860443115, 128.652160645, 41.5137367249, 10.9457845688], [-91.5154571533, -50.5672874451, 45.7939414978, 32.1085243225, 26.904417038, 28.2879314423, 17.9998378754, 8.91602420807, 17.8149337769, 2.26839828491, 41.5137367249, 120.46231842, 42.4791488647], [-157.769439697, -37.6481170654, 61.8940582275, 66.3545532227, 81.9068984985, -5.55541801453, -1.53589904308, 16.8400917053, 18.2922897339, 13.0158948898, 10.9457845688, 42.4791488647, 122.354812622]]
        icov: [[0.000470539060188, -0.000341694511008, 0.000527739292011, -0.000652598857414, 0.00055503344629, -0.00056051753927, 0.000464258278953, -0.000567801180296, 0.000390020431951, -0.000365841347957, 0.000221341091674, -4.86910175823e-005, 0.000253233942203], [-0.000341694511008, 0.000959839147981, -0.000415846385295, 0.000625991786364, -0.000549225718714, 0.000833229336422, -0.00094841083046, 0.000703484984115, -0.000581558910199, 0.000324054475641, -0.000279079831671, 0.000332834926667, -1.57289887284e-005], [0.000527739292011, -0.000415846385295, 0.00159078766592, -0.000486031203764, -1.8399061446e-005, -0.000732038693968, 0.000694651156664, -0.000239703556872, 0.000380587764084, -0.000173623731826, 0.000207439079531, -0.00031294580549, 8.38568521431e-005], [-0.000652598857414, 0.000625991786364, -0.000486031203764, 0.0020754034631, -0.0014086040901, 0.000922280130908, -0.000871932599694, 0.00108612945769, -0.00101678853389, 0.000503001734614, -1.26988879856e-005, -0.000108323722088, -0.000566888833418], [0.00055503344629, -0.000549225718714, -1.8399061446e-005, -0.0014086040901, 0.0034934990108, -0.00119198998436, 0.000328614143655, -0.0014549291227, 0.000333152158419, -0.000470062776003, -0.000566583301406, 0.0006551638362, -0.00104504800402], [-0.00056051753927, 0.000833229336422, -0.000732038693968, 0.000922280130908, -0.00119198998436, 0.00407919846475, -0.0016556631308, -0.000179532828042, -0.000918459147215, 0.00055793201318, -0.000616933160927, -0.000366299849702, 0.000651173992082], [0.000464258278953, -0.00094841083046, 0.000694651156664, -0.000871932599694, 0.000328614143655, -0.0016556631308, 0.00595684396103, -0.00137749908026, -1.53478526954e-006, -0.000381505786208, -1.87791301869e-005, -0.000787499593571, 0.000713384593837], [-0.000567801180296, 0.000703484984115, -0.000239703556872, 0.00108612945769, -0.0014549291227, -0.000179532828042, -0.00137749908026, 0.00664081750438, -0.00167135556694, 0.000774623535108, -0.00136284634937, 0.00077693403, -0.000929281755816], [0.000390020431951, -0.000581558910199, 0.000380587764084, -0.00101678853389, 0.000333152158419, -0.000918459147215, -1.53478526954e-006, -0.00167135556694, 0.00792889576405, -0.0031313772779, 0.00101999856997, -0.00104522076435, 6.7509325163e-005], [-0.000365841347957, 0.000324054475641, -0.000173623731826, 0.000503001734614, -0.000470062776003, 0.00055793201318, -0.000381505786208, 0.000774623535108, -0.0031313772779, 0.00977972056717, -0.00334326270968, 0.00160313455854, -0.0011580697028], [0.000221341091674, -0.000279079831671, 0.000207439079531, -1.26988879856e-005, -0.000566583301406, -0.000616933160927, -1.87791301869e-005, -0.00136284634937, 0.00101999856997, -0.00334326270968, 0.0108127547428, -0.00389690604061, 0.00122888013721], [-4.86910175823e-005, 0.000332834926667, -0.00031294580549, -0.000108323722088, 0.0006551638362, -0.000366299849702, -0.000787499593571, 0.00077693403, -0.00104522076435, 0.00160313455854, -0.00389690604061, 0.011409221217, -0.00394206540659], [0.000253233942203, -1.57289887284e-005, 8.38568521431e-005, -0.000566888833418, -0.00104504800402, 0.000651173992082, 0.000713384593837, -0.000929281755816, 6.7509325163e-005, -0.0011580697028, 0.00122888013721, -0.00394206540659, 0.0109974248335]]
    sccoeffs:
        dmean: [0.0589777566493, 0.0558272264898, 0.0456789880991, 0.0333180017769, 0.0273446962237, 0.0251358114183]
        dmean2: [0.0956785678864, 0.0881730765104, 0.0714799761772, 0.0526556186378, 0.0419853366911, 0.0372375883162]
        dvar: [0.00250856159255, 0.00235133711249, 0.00164634082466, 0.000846620474476, 0.000658972305246, 0.000581684173085]
        dvar2: [0.00606206338853, 0.00506883580238, 0.00346667179838, 0.0018968769582, 0.00133072002791, 0.00113462901209]
        max: [-0.216621115804, -0.287015974522, -0.378952682018, -0.490647643805, -0.489426344633, -0.384974390268]
        mean: [-0.639473617077, -0.744518697262, -0.768956124783, -0.790245473385, -0.786122083664, -0.717200696468]
        median: [-0.65087133646, -0.763454079628, -0.783518314362, -0.796614468098, -0.792804539204, -0.71927523613]
        min: [-0.982436060905, -0.974141597748, -0.965341329575, -0.9804007411, -0.962834000587, -0.960599601269]
        var: [0.0122469579801, 0.00952776893973, 0.00687800627202, 0.00348273268901, 0.00331312953494, 0.00462536653504]
    scvalleys:
        dmean: [0.489634513855, 0.434750437737, 0.343766093254, 0.289925217628, 0.253127127886, 0.295437991619]
        dmean2: [0.807396769524, 0.711571276188, 0.548666059971, 0.455961078405, 0.383170306683, 0.41461828351]
        dvar: [0.180774524808, 0.150240004063, 0.10470534116, 0.0786476805806, 0.0713884085417, 0.113814540207]
        dvar2: [0.440689086914, 0.361897796392, 0.226990103722, 0.167058840394, 0.139818668365, 0.191395163536]
        max: [-5.13605260849, -4.90015220642, -5.09685134888, -5.604159832, -5.34114122391, -7.16595077515]
        mean: [-8.89189720154, -7.31781864166, -7.60566854477, -8.065533638, -7.86155033112, -11.2263174057]
        median: [-8.82106971741, -7.12286138535, -7.33277797699, -7.77773141861, -7.5025935173, -10.931180954]
        min: [-26.4220561981, -26.9191074371, -27.430185318, -27.2023849487, -27.3567771912, -27.1918563843]
        var: [2.89295935631, 1.80060636997, 1.94096899033, 1.94489705563, 2.20940518379, 1.746961236]

rhythm:
    beats_loudness:
        dmean: 0.00300478911959
        dmean2: 0.00532833114266
        dvar: 1.86204597412e-005
        dvar2: 5.57739003852e-005
        max: 0.0551469177008
        mean: 0.00404195347801
        median: 0.00286679971032
        min: 1.55436635785e-011
        var: 1.97061635845e-005
    bpm: 125.96736145
    bpm_confidence: 0
    first_peak_bpm: 126
    first_peak_spread: 0.583815038204
    first_peak_weight: 0.0753138065338
    onset_rate: 3.59257268906
    second_peak_bpm: 117
    second_peak_spread: 0.609929084778
    second_peak_weight: 0.0575313791633
    beats_loudness_band_ratio:
        dmean: [0.0631320402026, 0.136606425047, 0.185858309269, 0.124750562012, 0.115099437535, 0.166033998132]
        dmean2: [0.1135654971, 0.243590369821, 0.327177345753, 0.222603932023, 0.197440236807, 0.290703743696]
        dvar: [0.0123323909938, 0.0256052333862, 0.0341296009719, 0.0207018647343, 0.013406150043, 0.0254742149264]
        dvar2: [0.0344242453575, 0.0666856467724, 0.0980123579502, 0.056425884366, 0.0368018075824, 0.0718411281705]
        max: [0.826601147652, 0.892949938774, 0.929560780525, 0.819514393806, 0.935615122318, 0.968265891075]
        mean: [0.0697314888239, 0.153949379921, 0.256240427494, 0.132130905986, 0.18328744173, 0.244949966669]
        median: [0.0120880240574, 0.0881004482508, 0.176226049662, 0.0712233781815, 0.14466021955, 0.190694004297]
        min: [0, 0, 0, 0, 0, 0]
        var: [0.0160680264235, 0.0333585068583, 0.0517117008567, 0.0234464872628, 0.0241606328636, 0.046392545104]
