
metadata:
    version:
        essentia: "2.1-beta2"
    audio_properties:
        analysis_sample_rate: 44100
        bitrate: 320
        channels: 2
        equal_loudness: 1
        length: 211.879180908
        replay_gain: -16.0077514648
        downmix: "mix"
    tags:
        album: "The Arockalypse"
        artist: "Lordi"
        comment: ""
        date: "2006"
        genre: "Hard Rock"
        title: "Bringing Back The Balls To Rock"
        tracknumber: "02"

configuration:
    average_loudness:
        compute: 1
        frameSize: 88200
        hopSize: 44100
        silentFrames: "noise"
        windowType: "hann"
    general:
        analysisSampleRate: 44100
        endTime: 2000
        equalLoudness: 1
        nequalLoudness: 0
        shortSound: 0
        startTime: 0
    lowlevel:
        compute: 1
        frameSize: 2048
        hopSize: 1024
        zeroPadding: 0
        silentFrames: "noise"
        windowType: "blackmanharris62"
        mfccStats: ["mean", "cov", "icov"]
        stats: ["mean", "var", "median", "min", "max", "dmean", "dmean2", "dvar", "dvar2"]
    panning:
        compute: 0
        frameSize: 8192
        hopSize: 2048
        zeroPadding: 8192
        silentFrames: "noise"
        windowType: "hann"
        stats: ["copy"]
    rhythm:
        compute: 1
        maxTempo: 208
        minTempo: 40
        method: "degara"
        stats: ["mean", "var", "median", "min", "max", "dmean", "dmean2", "dvar", "dvar2"]
    segmentation:
        compute: 0
        cpw: 5
        inc1: 300
        inc2: 50
        minimumSegmentsLength: 10
        size1: 1000
        size2: 600
    sfx:
        compute: 1
        stats: ["mean", "var", "median", "min", "max", "dmean", "dmean2", "dvar", "dvar2"]
    svm:
        compute: 0
    tonal:
        compute: 1
        frameSize: 4096
        hopSize: 2048
        zeroPadding: 0
        silentFrames: "noise"
        windowType: "blackmanharris62"
        stats: ["mean", "var", "median", "min", "max", "dmean", "dmean2", "dvar", "dvar2"]

lowlevel:
    average_loudness: 0.914494693279
    barkbands_kurtosis:
        dmean: 0.802830159664
        dmean2: 1.29295814037
        dvar: 1.08765935898
        dvar2: 2.68021869659
        max: 33.4141082764
        mean: -0.357848972082
        median: -0.834301531315
        min: -1.93741834164
        var: 2.51359987259
    barkbands_skewness:
        dmean: 0.413823902607
        dmean2: 0.643068552017
        dvar: 0.142544746399
        dvar2: 0.35422039032
        max: 4.18724250793
        mean: -0.495983093977
        median: -0.546144843102
        min: -5.48694229126
        var: 0.634746551514
    barkbands_spread:
        dmean: 6.71621370316
        dmean2: 10.5184202194
        dvar: 37.6724777222
        dvar2: 91.1872634888
        max: 80.6032714844
        mean: 33.89270401
        median: 33.2254333496
        min: 5.25182628632
        var: 131.571228027
    dissonance:
        dmean: 0.0077016199939
        dmean2: 0.0132588781416
        dvar: 6.65478801238e-005
        dvar2: 0.000182566873264
        max: 0.500000059605
        mean: 0.487945556641
        median: 0.49026376009
        min: 0.352727174759
        var: 9.7483251011e-005
    hfc:
        dmean: 2.84716749191
        dmean2: 4.55333995819
        dvar: 8.64107513428
        dvar2: 21.8687515259
        max: 47.7256202698
        mean: 11.6399364471
        median: 10.8315019608
        min: 1.10381634534e-016
        var: 45.5020866394
    pitch:
        dmean: 891.976989746
        dmean2: 1676.73547363
        dvar: 1534955.75
        dvar2: 3751279.25
        max: 5075.05029297
        mean: 1817.50598145
        median: 1206.50268555
        min: 68.0890426636
        var: 2470750
    pitch_instantaneous_confidence:
        dmean: 0.0774724930525
        dmean2: 0.125983133912
        dvar: 0.00413797795773
        dvar2: 0.0104631287977
        max: 0.871792435646
        mean: 0.355579137802
        median: 0.333189308643
        min: 0.118560135365
        var: 0.0156086329371
    pitch_salience:
        dmean: 0.0580791160464
        dmean2: 0.0972285941243
        dvar: 0.00272374367341
        dvar2: 0.00757501227781
        max: 0.851177930832
        mean: 0.672570049763
        median: 0.68608891964
        min: 0.179338276386
        var: 0.00583406258374
    silence_rate_20dB:
        dmean: 0
        dmean2: 0
        dvar: 0
        dvar2: 0
        max: 1
        mean: 1
        median: 1
        min: 1
        var: 0
    silence_rate_30dB:
        dmean: 0
        dmean2: 0
        dvar: 0
        dvar2: 0
        max: 1
        mean: 1
        median: 1
        min: 1
        var: 0
    silence_rate_60dB:
        dmean: 0.0911780819297
        dmean2: 0.182376146317
        dvar: 0.0828549712896
        dvar2: 0.178459107876
        max: 1
        mean: 0.165023013949
        median: 0
        min: 0
        var: 0.13778282702
    spectral_centroid:
        dmean: 296.123474121
        dmean2: 461.974304199
        dvar: 85790.1328125
        dvar2: 198073.03125
        max: 10716.6679688
        mean: 2092.73413086
        median: 2179.86523438
        min: 170.370620728
        var: 358752.3125
    spectral_complexity:
        dmean: 4.1398358345
        dmean2: 6.67010068893
        dvar: 13.7098941803
        dvar2: 33.5146446228
        max: 44
        mean: 19.8366203308
        median: 20
        min: 0
        var: 88.2594680786
    spectral_crest:
        dmean: 1.94387590885
        dmean2: 3.27117848396
        dvar: 3.45796298981
        dvar2: 9.45739555359
        max: 20.9041690826
        mean: 6.55669116974
        median: 5.92830276489
        min: 2.41529870033
        var: 6.13382291794
    spectral_decrease:
        dmean: 2.66889621514e-010
        dmean2: 4.31256252931e-010
        dvar: 9.85030261e-020
        dvar2: 2.61685824612e-019
        max: -1.22545273284e-028
        mean: -1.13904297105e-009
        median: -1.09112474611e-009
        min: -3.90428089858e-009
        var: 2.45581496965e-019
    spectral_energy:
        dmean: 0.00122155132703
        dmean2: 0.0019664503634
        dvar: 1.9140452423e-006
        dvar2: 5.05864727529e-006
        max: 0.0164259951562
        mean: 0.00535478489473
        median: 0.00508521962911
        min: 1.04744556186e-020
        var: 5.82720167586e-006
    spectral_energyband_high:
        dmean: 0.000241023444687
        dmean2: 0.000407793733757
        dvar: 8.51376213973e-008
        dvar2: 2.28515418144e-007
        max: 0.00688048359007
        mean: 0.000623939209618
        median: 0.000575644196942
        min: 7.7778201645e-021
        var: 1.92581580905e-007
    spectral_energyband_low:
        dmean: 0.000269857817329
        dmean2: 0.000450740888482
        dvar: 1.52132201947e-007
        dvar2: 4.07271727454e-007
        max: 0.00453300913796
        mean: 0.000454140885267
        median: 0.000328908208758
        min: 1.1986600091e-022
        var: 2.01128415256e-007
    spectral_energyband_middle_high:
        dmean: 0.000790879537817
        dmean2: 0.00123672268819
        dvar: 6.0523797174e-007
        dvar2: 1.45841590893e-006
        max: 0.012252882123
        mean: 0.00324865896255
        median: 0.00292200176045
        min: 1.48640852271e-021
        var: 4.1156140469e-006
    spectral_energyband_middle_low:
        dmean: 0.000610183691606
        dmean2: 0.00101247604471
        dvar: 9.55386553869e-007
        dvar2: 2.55501049651e-006
        max: 0.0117349233478
        mean: 0.0011695548892
        median: 0.000935835123528
        min: 3.01898911207e-022
        var: 9.69059215095e-007
    spectral_flatness_db:
        dmean: 0.0131691796705
        dmean2: 0.0211616829038
        dvar: 0.000139365147334
        dvar2: 0.000351676309947
        max: 0.267016887665
        mean: 0.138338670135
        median: 0.13711155951
        min: 0.0616440735757
        var: 0.000606716377661
    spectral_flux:
        dmean: 0.00728271575645
        dmean2: 0.0111734075472
        dvar: 5.8666759287e-005
        dvar2: 0.00012102634355
        max: 0.115239210427
        mean: 0.0447981469333
        median: 0.0444860868156
        min: 1.02344785424e-010
        var: 0.00017388976994
    spectral_kurtosis:
        dmean: 0.858171880245
        dmean2: 1.40666127205
        dvar: 0.864978313446
        dvar2: 2.28057575226
        max: 13.9615135193
        mean: 3.02274703979
        median: 2.74089050293
        min: -1.23002839088
        var: 2.60361409187
    spectral_rms:
        dmean: 0.00025861809263
        dmean2: 0.000408294436056
        dvar: 7.41904173651e-008
        dvar2: 1.90037653169e-007
        max: 0.00400316901505
        mean: 0.00221502780914
        median: 0.00222737295553
        min: 3.19671416074e-012
        var: 3.17830682661e-007
    spectral_rolloff:
        dmean: 342.405151367
        dmean2: 559.202209473
        dvar: 222072.21875
        dvar2: 508750.28125
        max: 17872.5585938
        mean: 3629.02783203
        median: 3768.31054688
        min: 107.666015625
        var: 505978.65625
    spectral_skewness:
        dmean: 0.157591000199
        dmean2: 0.251718729734
        dvar: 0.0273241586983
        dvar2: 0.0652888417244
        max: 2.82464075089
        mean: 1.26669740677
        median: 1.22031950951
        min: 0.046526171267
        var: 0.0926787480712
    spectral_spread:
        dmean: 501264.4375
        dmean2: 717616.4375
        dvar: 442539802624
        dvar2: 666015236096
        max: 41416536
        mean: 5204006.5
        median: 4833405
        min: 2250574.25
        var: 4.32553433498e+012
    spectral_strongpeak:
        dmean: 0.659672677517
        dmean2: 1.13983142376
        dvar: 0.81274831295
        dvar2: 2.10633349419
        max: 10.3364620209
        mean: 0.937997817993
        median: 0.301757752895
        min: 1.62620195088e-009
        var: 1.56851887703
    zerocrossingrate:
        dmean: 0.00842524599284
        dmean2: 0.0102868722752
        dvar: 7.67153323977e-005
        dvar2: 9.45890278672e-005
        max: 0.47412109375
        mean: 0.114576108754
        median: 0.1181640625
        min: 0.0224609375
        var: 0.000620601815172
    barkbands:
        dmean: [1.28730519577e-007, 6.65045736241e-005, 0.000186644567293, 0.000158069917234, 0.000400533201173, 7.19435411156e-005, 4.44656907348e-005, 7.1695430961e-005, 9.70258333837e-005, 8.07119722595e-005, 6.6113898356e-005, 8.31758152344e-005, 7.57164525567e-005, 0.000116081129818, 0.000123366175103, 0.000177989364602, 0.000202231341973, 0.000172291998751, 0.000313736003591, 0.000250000390224, 0.000109658460133, 3.79998673452e-005, 8.81289452082e-006, 4.06421168009e-006, 2.84443717646e-006, 1.00930314773e-007, 3.34548583281e-010]
        dmean2: [1.68654125332e-007, 0.000113938731374, 0.000317184691085, 0.00026930574677, 0.000674105191138, 0.000117025971122, 7.35594367143e-005, 0.00011721401097, 0.000160367795615, 0.000132807224873, 0.000107909087092, 0.00013572521857, 0.000123421734315, 0.000187149111298, 0.000203252289793, 0.000287162576569, 0.000329871370923, 0.000283936504275, 0.000503276882228, 0.000414869631641, 0.000186622186447, 6.51745504001e-005, 1.47423361341e-005, 6.34066191196e-006, 4.12637018599e-006, 1.48697836266e-007, 5.625660493e-010]
        dvar: [5.82935799241e-014, 1.06247304288e-008, 8.5869046984e-008, 4.45324204179e-008, 6.83507096255e-007, 1.77015575531e-008, 8.27531820846e-009, 1.63441260526e-008, 4.08424405407e-008, 2.36506405571e-008, 1.89671887085e-008, 2.78074043791e-008, 1.81491710549e-008, 3.57665328465e-008, 3.91405805544e-008, 8.39956513232e-008, 7.18233863495e-008, 4.74603361056e-008, 1.60152794138e-007, 8.63186855327e-008, 1.61986513092e-008, 2.45188136461e-009, 1.4470709353e-010, 6.30311150496e-011, 4.46522298303e-011, 5.86456881321e-014, 3.36124221525e-019]
        dvar2: [9.66371554718e-014, 2.87135755173e-008, 2.32166215142e-007, 1.19049495595e-007, 1.86020270121e-006, 4.24815631561e-008, 2.03845189617e-008, 4.30075779434e-008, 1.11897833222e-007, 6.18185254098e-008, 4.75513921572e-008, 7.41716164043e-008, 4.65655354276e-008, 8.87671021133e-008, 9.98868614488e-008, 2.1073655887e-007, 1.84879112908e-007, 1.28747544181e-007, 4.02418805834e-007, 2.18959868903e-007, 4.47563479611e-008, 6.79865097553e-009, 3.56343371477e-010, 1.2924135373e-010, 8.74175454246e-011, 1.19714852723e-013, 7.21785446503e-019]
        max: [4.96710981679e-006, 0.00104253785685, 0.00306723662652, 0.00192475761287, 0.00938523095101, 0.00336749851704, 0.00266313948669, 0.00198741140775, 0.00455435132608, 0.00297564407811, 0.00334451859817, 0.00337418704294, 0.00246788212098, 0.00464541744441, 0.00340690277517, 0.00530039565638, 0.0072040213272, 0.00468496466056, 0.00784876011312, 0.00744898896664, 0.00166176923085, 0.00061754102353, 0.000208490848308, 0.000200132009923, 0.000176748624654, 6.03164335189e-006, 1.29803838789e-008]
        mean: [1.58712765597e-007, 8.54397731018e-005, 0.000266562681645, 0.000215373409446, 0.000492844555993, 0.000104219318018, 6.50221263641e-005, 0.000108380976599, 0.000147894883412, 0.000128152983962, 0.000102290476207, 0.000138677787618, 0.000126267026644, 0.000218094719457, 0.000234437233303, 0.000364210893167, 0.000442961609224, 0.0003971393744, 0.000764180498663, 0.000597552221734, 0.000242924652412, 7.89859332144e-005, 1.82476760529e-005, 8.81430241861e-006, 5.76890352022e-006, 1.82828344464e-007, 4.76805206429e-010]
        median: [1.43584149015e-008, 4.53569446108e-005, 0.000160184179549, 0.00014426605776, 0.000258686603047, 5.18008018844e-005, 3.27696834574e-005, 4.65620396426e-005, 6.46641419735e-005, 5.87708818784e-005, 4.39762297901e-005, 5.49675205548e-005, 5.96926838625e-005, 0.000105630970211, 0.000127693405375, 0.000182401679922, 0.000297096965369, 0.000313804979669, 0.000573034398258, 0.000493252533488, 0.000217032153159, 6.55900439597e-005, 1.42454809975e-005, 5.78457911615e-006, 3.16593423122e-006, 8.03616870826e-008, 2.47736081649e-010]
        min: [4.32383244958e-023, 6.00847899147e-023, 2.76388304425e-023, 3.24139731347e-024, 3.52193703785e-023, 6.00788198154e-023, 3.976841883e-023, 5.47951683118e-023, 7.97528340868e-023, 5.16977596099e-023, 6.60358556095e-023, 8.50301683923e-023, 5.5670273802e-023, 1.47339792184e-022, 1.44193322645e-022, 1.09687524287e-022, 2.59275759378e-022, 1.02732888681e-022, 3.16313936922e-022, 3.53902389128e-022, 5.24456792653e-022, 5.43635377032e-022, 9.05739243758e-022, 8.30769386935e-022, 1.13685918166e-021, 1.74161100827e-021, 2.07427291994e-021]
        var: [1.10324394748e-013, 1.2232047375e-008, 1.1106889275e-007, 5.01195991376e-008, 5.79638083309e-007, 2.79560694594e-008, 1.67974061327e-008, 2.93282234054e-008, 7.18524972854e-008, 4.19378807237e-008, 3.53105953366e-008, 5.3652986054e-008, 3.43086412613e-008, 8.76545200867e-008, 9.19360019225e-008, 2.29136631447e-007, 2.19795168732e-007, 1.24138125557e-007, 5.08320113113e-007, 2.57287155137e-007, 2.99210292098e-008, 4.09433775772e-009, 3.16675602408e-010, 1.57314036797e-010, 1.03484699976e-010, 1.14049733741e-013, 7.29936484259e-019]
    frequency_bands:
        dmean: [1.28730519577e-007, 6.65045736241e-005, 0.000186644567293, 0.000158069917234, 0.000400533201173, 7.19435411156e-005, 4.44656907348e-005, 7.1695430961e-005, 9.70258333837e-005, 8.07119722595e-005, 6.6113898356e-005, 8.31758152344e-005, 7.57164525567e-005, 0.000116081129818, 0.000123366175103, 0.000177989364602, 0.000202231341973, 0.000172291998751, 0.000313736003591, 0.000250000390224, 0.000109658460133, 3.79998673452e-005, 8.81289452082e-006, 4.06421168009e-006, 2.84443717646e-006, 1.00930314773e-007, 3.34548583281e-010, 5.98680757746e-011]
        dmean2: [1.68654125332e-007, 0.000113938731374, 0.000317184691085, 0.00026930574677, 0.000674105191138, 0.000117025971122, 7.35594367143e-005, 0.00011721401097, 0.000160367795615, 0.000132807224873, 0.000107909087092, 0.00013572521857, 0.000123421734315, 0.000187149111298, 0.000203252289793, 0.000287162576569, 0.000329871370923, 0.000283936504275, 0.000503276882228, 0.000414869631641, 0.000186622186447, 6.51745504001e-005, 1.47423361341e-005, 6.34066191196e-006, 4.12637018599e-006, 1.48697836266e-007, 5.625660493e-010, 1.1093110458e-010]
        dvar: [5.82935799241e-014, 1.06247304288e-008, 8.5869046984e-008, 4.45324204179e-008, 6.83507096255e-007, 1.77015575531e-008, 8.27531820846e-009, 1.63441260526e-008, 4.08424405407e-008, 2.36506405571e-008, 1.89671887085e-008, 2.78074043791e-008, 1.81491710549e-008, 3.57665328465e-008, 3.91405805544e-008, 8.39956513232e-008, 7.18233863495e-008, 4.74603361056e-008, 1.60152794138e-007, 8.63186855327e-008, 1.61986513092e-008, 2.45188136461e-009, 1.4470709353e-010, 6.30311150496e-011, 4.46522298303e-011, 5.86456881321e-014, 3.36124221525e-019, 6.15411995592e-021]
        dvar2: [9.66371554718e-014, 2.87135755173e-008, 2.32166215142e-007, 1.19049495595e-007, 1.86020270121e-006, 4.24815631561e-008, 2.03845189617e-008, 4.30075779434e-008, 1.11897833222e-007, 6.18185254098e-008, 4.75513921572e-008, 7.41716164043e-008, 4.65655354276e-008, 8.87671021133e-008, 9.98868614488e-008, 2.1073655887e-007, 1.84879112908e-007, 1.28747544181e-007, 4.02418805834e-007, 2.18959868903e-007, 4.47563479611e-008, 6.79865097553e-009, 3.56343371477e-010, 1.2924135373e-010, 8.74175454246e-011, 1.19714852723e-013, 7.21785446503e-019, 1.90812537364e-020]
        max: [4.96710981679e-006, 0.00104253785685, 0.00306723662652, 0.00192475761287, 0.00938523095101, 0.00336749851704, 0.00266313948669, 0.00198741140775, 0.00455435132608, 0.00297564407811, 0.00334451859817, 0.00337418704294, 0.00246788212098, 0.00464541744441, 0.00340690277517, 0.00530039565638, 0.0072040213272, 0.00468496466056, 0.00784876011312, 0.00744898896664, 0.00166176923085, 0.00061754102353, 0.000208490848308, 0.000200132009923, 0.000176748624654, 6.03164335189e-006, 1.29803838789e-008, 8.15482958938e-010]
        mean: [1.58712765597e-007, 8.54397731018e-005, 0.000266562681645, 0.000215373409446, 0.000492844555993, 0.000104219318018, 6.50221263641e-005, 0.000108380976599, 0.000147894883412, 0.000128152983962, 0.000102290476207, 0.000138677787618, 0.000126267026644, 0.000218094719457, 0.000234437233303, 0.000364210893167, 0.000442961609224, 0.0003971393744, 0.000764180498663, 0.000597552221734, 0.000242924652412, 7.89859332144e-005, 1.82476760529e-005, 8.81430241861e-006, 5.76890352022e-006, 1.82828344464e-007, 4.76805206429e-010, 4.68111625851e-011]
        median: [1.43584149015e-008, 4.53569446108e-005, 0.000160184179549, 0.00014426605776, 0.000258686603047, 5.18008018844e-005, 3.27696834574e-005, 4.65620396426e-005, 6.46641419735e-005, 5.87708818784e-005, 4.39762297901e-005, 5.49675205548e-005, 5.96926838625e-005, 0.000105630970211, 0.000127693405375, 0.000182401679922, 0.000297096965369, 0.000313804979669, 0.000573034398258, 0.000493252533488, 0.000217032153159, 6.55900439597e-005, 1.42454809975e-005, 5.78457911615e-006, 3.16593423122e-006, 8.03616870826e-008, 2.47736081649e-010, 1.88288759584e-011]
        min: [4.32383244958e-023, 6.00847899147e-023, 2.76388304425e-023, 3.24139731347e-024, 3.52193703785e-023, 6.00788198154e-023, 3.976841883e-023, 5.47951683118e-023, 7.97528340868e-023, 5.16977596099e-023, 6.60358556095e-023, 8.50301683923e-023, 5.5670273802e-023, 1.47339792184e-022, 1.44193322645e-022, 1.09687524287e-022, 2.59275759378e-022, 1.02732888681e-022, 3.16313936922e-022, 3.53902389128e-022, 5.24456792653e-022, 5.43635377032e-022, 9.05739243758e-022, 8.30769386935e-022, 1.13685918166e-021, 1.74161100827e-021, 2.07427291994e-021, 6.21414184522e-022]
        var: [1.10324394748e-013, 1.2232047375e-008, 1.1106889275e-007, 5.01195991376e-008, 5.79638083309e-007, 2.79560694594e-008, 1.67974061327e-008, 2.93282234054e-008, 7.18524972854e-008, 4.19378807237e-008, 3.53105953366e-008, 5.3652986054e-008, 3.43086412613e-008, 8.76545200867e-008, 9.19360019225e-008, 2.29136631447e-007, 2.19795168732e-007, 1.24138125557e-007, 5.08320113113e-007, 2.57287155137e-007, 2.99210292098e-008, 4.09433775772e-009, 3.16675602408e-010, 1.57314036797e-010, 1.03484699976e-010, 1.14049733741e-013, 7.29936484259e-019, 5.21941798064e-021]
    mfcc:
        mean: [-684.208618164, 79.6046295166, -50.3948516846, 52.7811431885, -5.30467939377, 1.96172189713, 5.45695209503, -2.4945640564, 1.56922459602, -3.02249693871, -5.30880403519, -9.0910320282, -7.9591999054]
        cov: [[3100.9074707, 77.2540054321, -412.601196289, 106.045166016, -215.545883179, -33.681892395, -71.9982452393, -82.2847900391, -53.8840408325, 0.885633587837, -53.8714637756, -79.5264282227, -50.499584198], [77.2540054321, 660.915405273, -176.131546021, 64.7624130249, 42.4311943054, 7.47330713272, 38.4795532227, 15.6087656021, 61.1006088257, -26.0595283508, 9.18084812164, 9.10211372375, 8.69225692749], [-412.601196289, -176.131546021, 515.358215332, -4.00430631638, 96.7227706909, 46.8290634155, -3.73744225502, 27.8950881958, -19.2233047485, -28.6656303406, -24.4478569031, 4.97883081436, 1.58283770084], [106.045166016, 64.7624130249, -4.00430631638, 291.349914551, 85.472618103, 25.8037662506, -38.8353919983, -5.0895986557, 25.0390853882, 11.174238205, -0.418304920197, -10.7683420181, 6.08934259415], [-215.545883179, 42.4311943054, 96.7227706909, 85.472618103, 240.299911499, 29.4193019867, -29.3705272675, -15.2910356522, 41.6882476807, 12.1929035187, -10.759478569, -1.04738128185, 6.99723625183], [-33.681892395, 7.47330713272, 46.8290634155, 25.8037662506, 29.4193019867, 130.258483887, 57.8783149719, 30.5412731171, 2.21479916573, 7.04001426697, 8.71603965759, 2.79632759094, 5.68064165115], [-71.9982452393, 38.4795532227, -3.73744225502, -38.8353919983, -29.3705272675, 57.8783149719, 154.50617981, 68.9308929443, 12.1560087204, -0.751006662846, 15.1831302643, 14.7101039886, 2.23806381226], [-82.2847900391, 15.6087656021, 27.8950881958, -5.0895986557, -15.2910356522, 30.5412731171, 68.9308929443, 120.875640869, 39.2423248291, -2.63115859032, 6.8572678566, 15.2137298584, 8.8856048584], [-53.8840408325, 61.1006088257, -19.2233047485, 25.0390853882, 41.6882476807, 2.21479916573, 12.1560087204, 39.2423248291, 96.3626403809, 40.7462272644, 14.1005983353, 3.86340236664, 4.37350177765], [0.885633587837, -26.0595283508, -28.6656303406, 11.174238205, 12.1929035187, 7.04001426697, -0.751006662846, -2.63115859032, 40.7462272644, 100.601409912, 39.3581848145, 0.530289590359, 0.47046071291], [-53.8714637756, 9.18084812164, -24.4478569031, -0.418304920197, -10.759478569, 8.71603965759, 15.1831302643, 6.8572678566, 14.1005983353, 39.3581848145, 69.5508651733, 25.4439697266, 7.33871078491], [-79.5264282227, 9.10211372375, 4.97883081436, -10.7683420181, -1.04738128185, 2.79632759094, 14.7101039886, 15.2137298584, 3.86340236664, 0.530289590359, 25.4439697266, 63.6139984131, 30.040184021], [-50.499584198, 8.69225692749, 1.58283770084, 6.08934259415, 6.99723625183, 5.68064165115, 2.23806381226, 8.8856048584, 4.37350177765, 0.47046071291, 7.33871078491, 30.040184021, 62.6874809265]]
        icov: [[0.000416346534621, -1.5778488887e-005, 0.000276779697742, -0.000222142873099, 0.000398512696847, -0.00017297991144, 0.000167593883816, 0.000116708768473, 0.000105415580038, -0.00015759030066, 0.000453003391158, 0.000142942648381, 0.000173140477273], [-1.5778488887e-005, 0.00202671182342, 0.000741058785934, -0.000303462671582, -0.000428886734881, -8.09745833976e-005, -0.000637699966319, 0.000487883895403, -0.00163968966808, 0.00174579943996, -0.00062760169385, -1.14016474981e-005, -9.39161109272e-005], [0.000276779697742, 0.000741058785934, 0.00285478238948, 0.000124998288811, -0.0011133303633, -0.000859376450535, 0.000522267946508, -0.00102558278013, 0.000712012173608, 0.000636319746263, 0.000603952794336, -0.000286476541078, 0.000376985874027], [-0.000222142873099, -0.000303462671582, 0.000124998288811, 0.00435341754928, -0.00143904285505, -0.00108487321995, 0.00151341664605, -0.000675610208418, -0.000251597957686, 8.20405839477e-005, -0.00067144993227, 0.000892259995453, -0.000594277807977], [0.000398512696847, -0.000428886734881, -0.0011133303633, -0.00143904285505, 0.00672063603997, -0.00170582707506, 0.000908431422431, 0.00238977372646, -0.00345668010414, -0.000229167955695, 0.00187950616237, -0.000705695536453, -5.73312572669e-005], [-0.00017297991144, -8.09745833976e-005, -0.000859376450535, -0.00108487321995, -0.00170582707506, 0.0109150568023, -0.00441966159269, -0.00120160367806, 0.00229353830218, -0.00126896670554, -0.00109141343273, 0.00132053834386, -0.00112715607975], [0.000167593883816, -0.000637699966319, 0.000522267946508, 0.00151341664605, 0.000908431422431, -0.00441966159269, 0.0113782687113, -0.00528722489253, 0.000749840168282, -4.30327454524e-005, -0.00077039829921, -0.000942975806538, 0.00119562493637], [0.000116708768473, 0.000487883895403, -0.00102558278013, -0.000675610208418, 0.00238977372646, -0.00120160367806, -0.00528722489253, 0.0150288650766, -0.00803559180349, 0.00319664762355, 0.000321651663398, -0.00155703141354, -0.00073635566514], [0.000105415580038, -0.00163968966808, 0.000712012173608, -0.000251597957686, -0.00345668010414, 0.00229353830218, 0.000749840168282, -0.00803559180349, 0.0197560042143, -0.00857237167656, 0.00109422346577, 0.000276446371572, 3.44217187376e-005], [-0.00015759030066, 0.00174579943996, 0.000636319746263, 8.20405839477e-005, -0.000229167955695, -0.00126896670554, -4.30327454524e-005, 0.00319664762355, -0.00857237167656, 0.0181672368199, -0.0100824646652, 0.00358493882231, -0.000779921538197], [0.000453003391158, -0.00062760169385, 0.000603952794336, -0.00067144993227, 0.00187950616237, -0.00109141343273, -0.00077039829921, 0.000321651663398, 0.00109422346577, -0.0100824646652, 0.0245725363493, -0.0102788610384, 0.00242129946128], [0.000142942648381, -1.14016474981e-005, -0.000286476541078, 0.000892259995453, -0.000705695536453, 0.00132053834386, -0.000942975806538, -0.00155703141354, 0.000276446371572, 0.00358493882231, -0.0102788610384, 0.0258419904858, -0.0109757212922], [0.000173140477273, -9.39161109272e-005, 0.000376985874027, -0.000594277807977, -5.73312572669e-005, -0.00112715607975, 0.00119562493637, -0.00073635566514, 3.44217187376e-005, -0.000779921538197, 0.00242129946128, -0.0109757212922, 0.0213027056307]]
    sccoeffs:
        dmean: [0.0601883754134, 0.0454303659499, 0.0374544523656, 0.0308924745768, 0.021139042452, 0.0193652249873]
        dmean2: [0.0987748131156, 0.0752142369747, 0.0619969815016, 0.0512718707323, 0.0347540713847, 0.0305317156017]
        dvar: [0.00250436621718, 0.00123367342167, 0.000848094176035, 0.000609505514149, 0.000302669417579, 0.000306174712023]
        dvar2: [0.00654302816838, 0.00338330911472, 0.00230863131583, 0.00159173307475, 0.000757894129492, 0.000731183274183]
        max: [-0.275762438774, -0.458659857512, -0.521824538708, -0.56613022089, -0.605653107166, -0.627458155155]
        mean: [-0.633969545364, -0.780321061611, -0.797123610973, -0.782822549343, -0.789027631283, -0.754358768463]
        median: [-0.637326776981, -0.786219656467, -0.802184581757, -0.787949800491, -0.793702960014, -0.750190138817]
        min: [-0.951584517956, -0.967870414257, -0.968327701092, -0.956804871559, -0.957858979702, -0.965338408947]
        var: [0.00596062839031, 0.00351610034704, 0.00264285923913, 0.00224873307161, 0.00138506677467, 0.00147792510688]
    scvalleys:
        dmean: [0.397175580263, 0.35682657361, 0.293387532234, 0.243785426021, 0.218539744616, 0.244605973363]
        dmean2: [0.667879343033, 0.583468735218, 0.480880022049, 0.389982253313, 0.337965548038, 0.367315560579]
        dvar: [0.11459390074, 0.0992743372917, 0.0693752020597, 0.0567325875163, 0.0618222802877, 0.0904222205281]
        dvar2: [0.292566508055, 0.220675930381, 0.151199832559, 0.108988635242, 0.116468459368, 0.174824088812]
        max: [-5.33410787582, -5.25247526169, -5.20598649979, -5.53084421158, -5.63816928864, -7.47243213654]
        mean: [-6.99287557602, -6.85171604156, -6.88275003433, -6.87151956558, -6.64093446732, -9.12354946136]
        median: [-6.82750797272, -6.74641180038, -6.78743028641, -6.77016639709, -6.46810817719, -8.94828605652]
        min: [-27.2653274536, -26.8904438019, -27.133228302, -27.3314208984, -27.2982883453, -27.1050128937]
        var: [1.32954573631, 0.970505058765, 1.01587235928, 0.952647745609, 0.91368752718, 0.951000750065]

rhythm:
    beats_loudness:
        dmean: 0.00155172147788
        dmean2: 0.00251913908869
        dvar: 1.4333212448e-006
        dvar2: 3.85374642065e-006
        max: 0.0132117178291
        mean: 0.00538705289364
        median: 0.00517637841403
        min: 2.79152330591e-012
        var: 3.95809911424e-006
    bpm: 138.953140259
    bpm_confidence: 0
    first_peak_bpm: 140
    first_peak_spread: 0.315450668335
    first_peak_weight: 0.648373961449
    onset_rate: 2.8695602417
    second_peak_bpm: 185
    second_peak_spread: 0
    second_peak_weight: 0.026422765106
    beats_loudness_band_ratio:
        dmean: [0.126431614161, 0.101619362831, 0.0508092157543, 0.0816314592957, 0.109199501574, 0.0999006479979]
        dmean2: [0.217611700296, 0.191792428493, 0.0948273018003, 0.146122694016, 0.18532666564, 0.179360359907]
        dvar: [0.0119061302394, 0.00389131414704, 0.00373461307026, 0.00842723157257, 0.00779072474688, 0.00611470406875]
        dvar2: [0.0331478305161, 0.0127271302044, 0.0109097659588, 0.0254817828536, 0.0231308136135, 0.0192801933736]
        max: [0.908789873123, 0.380961567163, 0.369156301022, 0.544157385826, 0.636113584042, 0.838273525238]
        mean: [0.223373427987, 0.110824711621, 0.0606849603355, 0.106984935701, 0.275852888823, 0.282750606537]
        median: [0.214614793658, 0.104791872203, 0.041231546551, 0.0712227299809, 0.25907728076, 0.28042653203]
        min: [0, 0, 0, 0, 0, 0]
        var: [0.0184666216373, 0.00612734537572, 0.00310402549803, 0.00862035341561, 0.0126714315265, 0.0106124980375]
    beats_position: [0.452789098024, 0.9287981987, 1.38158726692, 1.8111563921, 2.2523355484, 2.68190479279, 3.11147379875, 3.52943301201, 3.97061228752, 4.41179132462, 4.85297060013, 5.30575942993, 5.7701587677, 6.2229475975, 6.66412687302, 7.0936961174, 7.53487491608, 7.96444416046, 8.39401340485, 8.82358264923, 9.25315189362, 9.682721138, 10.1122903824, 10.5418596268, 10.9830379486, 11.4009971619, 11.8305664063, 12.2601356506, 12.7013149261, 13.1424942017, 13.572063446, 14.0016326904, 14.4195919037, 14.8491611481, 15.2903394699, 15.7199087143, 16.1610889435, 16.5906581879, 17.0202255249, 17.4497947693, 17.8909740448, 18.3321533203, 18.7617225647, 19.1912918091, 19.6208610535, 20.062040329, 20.4916095734, 20.9211788177, 21.3623580933, 21.7919273376, 22.221496582, 22.6510658264, 23.0806350708, 23.5102043152, 23.9397735596, 24.369342804, 24.7989120483, 25.2400894165, 25.681268692, 26.0992279053, 26.5404071808, 26.9699764252, 27.3995456696, 27.8291149139, 28.2586841583, 28.6882534027, 29.1178226471, 29.5473918915, 29.9769611359, 30.4181404114, 30.8593196869, 31.2888889313, 31.7184581757, 32.1480255127, 32.5775947571, 33.0071640015, 33.4367332458, 33.8779144287, 34.3074836731, 34.7370529175, 35.1782302856, 35.60779953, 36.0373687744, 36.4669380188, 36.8965072632, 37.3260765076, 37.755645752, 38.1852149963, 38.6147842407, 39.0559616089, 39.4855308533, 39.9151000977, 40.3562812805, 40.7858505249, 41.2154197693, 41.6449890137, 42.0745582581, 42.5041275024, 42.9336967468, 43.3632659912, 43.7928352356, 44.22240448, 44.6635818481, 45.0931510925, 45.5343284607, 45.9755096436, 46.3934669495, 46.8230361938, 47.2526054382, 47.6821746826, 48.111743927, 48.5413131714, 48.9708824158, 49.4004516602, 49.841632843, 50.2712020874, 50.7123794556, 51.1419487, 51.5715179443, 52.0010871887, 52.4306564331, 52.8602256775, 53.2897949219, 53.7193641663, 54.1489334106, 54.578502655, 55.0080718994, 55.4492492676, 55.878818512, 56.3083877563, 56.7379570007, 57.1675262451, 57.5970954895, 58.0266647339, 58.4678459167, 58.8974151611, 59.3269844055, 59.7681617737, 60.1977310181, 60.6273002625, 61.0568695068, 61.4864387512, 61.9276161194, 62.34557724, 62.7635345459, 63.2047157288, 63.6458930969, 64.0754623413, 64.5166397095, 64.9462127686, 65.3757781982, 65.8053512573, 66.2233123779, 66.6644897461, 67.0940551758, 67.5236282349, 67.964805603, 68.3827667236, 68.8239440918, 69.26512146, 69.7062988281, 70.1242599487, 70.5538330078, 70.9833984375, 71.4245758057, 71.8541488647, 72.2837142944, 72.7132873535, 73.1428527832, 73.5724258423, 74.001991272, 74.4315643311, 74.8611297607, 75.2907028198, 75.7202682495, 76.1498413086, 76.5910186768, 77.0321960449, 77.461769104, 77.8913345337, 78.3325119019, 78.7620849609, 79.1916503906, 79.6212234497, 80.0624008179, 80.491973877, 80.9215393066, 81.3511123657, 81.7806777954, 82.2218551636, 82.6630401611, 83.0926055908, 83.5221786499, 83.9517440796, 84.3813171387, 84.8108825684, 85.2404556274, 85.6700210571, 86.0995864868, 86.5291595459, 86.9587249756, 87.3999099731, 87.8294754028, 88.2590484619, 88.6886138916, 89.1181869507, 89.5477523804, 89.9773254395, 90.4185028076, 90.8480682373, 91.2776412964, 91.7072067261, 92.1367797852, 92.5779571533, 93.0075302124, 93.4370956421, 93.8782730103, 94.3194503784, 94.737411499, 95.1669845581, 95.5965499878, 96.0261230469, 96.4556884766, 96.8968658447, 97.3264389038, 97.7560043335, 98.1855773926, 98.6151428223, 99.0447158813, 99.474281311, 99.9154663086, 100.345031738, 100.774604797, 101.204170227, 101.633743286, 102.063308716, 102.492874146, 102.934059143, 103.363624573, 103.793197632, 104.234375, 104.66394043, 105.093513489, 105.523078918, 105.952651978, 106.382217407, 106.811790466, 107.241355896, 107.670928955, 108.100494385, 108.541679382, 108.971244812, 109.41242218, 109.841995239, 110.271560669, 110.701133728, 111.130699158, 111.560272217, 111.989837646, 112.431015015, 112.872200012, 113.290153503, 113.719726563, 114.137687683, 114.567253113, 114.996826172, 115.426391602, 115.86756897, 116.297142029, 116.726707458, 117.167892456, 117.597457886, 118.027030945, 118.468208313, 118.909385681, 119.338951111, 119.76852417, 120.1980896, 120.627662659, 121.057228088, 121.486801147, 121.904762268, 122.345939636, 122.775505066, 123.205078125, 123.634643555, 124.064216614, 124.493782043, 124.923355103, 125.364532471, 125.805709839, 126.235282898, 126.664848328, 127.106025696, 127.535598755, 127.965164185, 128.394729614, 128.824310303, 129.265487671, 129.695053101, 130.12461853, 130.54258728, 130.97215271, 131.413330078, 131.842895508, 132.272476196, 132.702041626, 133.143218994, 133.584396362, 134.02557373, 134.489974976, 134.954376221, 135.30267334, 135.627746582, 135.952835083, 136.277908325, 136.602996826, 136.928070068, 137.253143311, 137.578231812, 137.903305054, 138.228393555, 138.553466797, 138.878540039, 139.20362854, 139.528701782, 139.876998901, 140.213699341, 140.550384521, 140.898681641, 141.339859009, 141.769424438, 142.199005127, 142.628570557, 143.058135986, 143.487701416, 143.917282104, 144.358459473, 144.799636841, 145.240814209, 145.670379639, 146.099945068, 146.541137695, 146.959091187, 147.388656616, 147.818222046, 148.259414673, 148.688980103, 149.118545532, 149.548110962, 149.98928833, 150.418869019, 150.83682251, 151.266387939, 151.695953369, 152.125534058, 152.555099487, 152.996276855, 153.425842285, 153.855422974, 154.284988403, 154.726165771, 155.155731201, 155.585296631, 156.014877319, 156.456054688, 156.885620117, 157.315185547, 157.756362915, 158.185943604, 158.615509033, 159.056686401, 159.49786377, 159.927429199, 160.357009888, 160.774963379, 161.204528809, 161.634094238, 162.063674927, 162.493240356, 162.922805786, 163.352371216, 163.793563843, 164.234741211, 164.675918579, 165.105484009, 165.535049438, 165.953018188, 166.394195557, 166.823760986, 167.253326416, 167.671295166, 168.112472534, 168.553649902, 168.983215332, 169.412780762, 169.84236145, 170.283538818, 170.713104248, 171.131057739, 171.572235107, 172.013427734, 172.442993164, 172.872558594, 173.313735962, 173.75491333, 174.184494019, 174.614059448, 175.043624878, 175.461578369, 175.891159058, 176.320724487, 176.750289917, 177.179855347, 177.609436035, 178.039001465, 178.468566895, 178.898132324, 179.327713013, 179.757278442, 180.186843872, 180.616409302, 181.04598999, 181.487167358, 181.928344727, 182.346298218, 182.775863647, 183.205444336, 183.646621704, 184.076187134, 184.505752563, 184.935317993, 185.364898682, 185.794464111, 186.235641479, 186.665206909, 187.106384277, 187.535964966, 187.965530396, 188.395095825, 188.813064575, 189.242630005, 189.683807373, 190.113372803, 190.542938232, 190.972518921, 191.402084351, 191.843261719, 192.284439087, 192.714004517, 193.143585205, 193.573150635, 194.002716064, 194.432281494, 194.861862183, 195.303039551, 195.73260498, 196.16217041, 196.59173584, 197.021316528, 197.462493896, 197.880447388, 198.321624756, 198.751205444, 199.180770874, 199.598724365, 200.039901733, 200.481079102, 200.92225647, 201.351837158, 201.769790649, 202.199356079, 202.628936768, 203.058502197, 203.499679565, 203.929244995, 204.358810425, 204.788391113, 205.217956543, 205.647521973, 206.077087402, 206.518280029, 206.947845459, 207.377410889, 207.818588257, 208.248153687, 208.677734375, 209.118911743, 209.560089111, 210.001266479, 210.442443848, 210.883621216, 211.336410522]
