
metadata:
    version:
        essentia: "2.1-beta2"
    audio_properties:
        analysis_sample_rate: 44100
        bitrate: 320
        channels: 2
        equal_loudness: 1
        length: 247.693054199
        replay_gain: -16.3809432983
        downmix: "mix"
    tags:
        album: "The Arockalypse"
        artist: "Lordi"
        comment: ""
        date: "2006"
        genre: "Hard Rock"
        title: "The Kids Who Wanna Play With The Dead"
        tracknumber: "04"

configuration:
    average_loudness:
        compute: 1
        frameSize: 88200
        hopSize: 44100
        silentFrames: "noise"
        windowType: "hann"
    general:
        analysisSampleRate: 44100
        endTime: 2000
        equalLoudness: 1
        nequalLoudness: 0
        shortSound: 0
        startTime: 0
    lowlevel:
        compute: 1
        frameSize: 2048
        hopSize: 1024
        zeroPadding: 0
        silentFrames: "noise"
        windowType: "blackmanharris62"
        mfccStats: ["mean", "cov", "icov"]
        stats: ["mean", "var", "median", "min", "max", "dmean", "dmean2", "dvar", "dvar2"]
    panning:
        compute: 0
        frameSize: 8192
        hopSize: 2048
        zeroPadding: 8192
        silentFrames: "noise"
        windowType: "hann"
        stats: ["copy"]
    rhythm:
        compute: 1
        maxTempo: 208
        minTempo: 40
        method: "degara"
        stats: ["mean", "var", "median", "min", "max", "dmean", "dmean2", "dvar", "dvar2"]
    segmentation:
        compute: 0
        cpw: 5
        inc1: 300
        inc2: 50
        minimumSegmentsLength: 10
        size1: 1000
        size2: 600
    sfx:
        compute: 1
        stats: ["mean", "var", "median", "min", "max", "dmean", "dmean2", "dvar", "dvar2"]
    svm:
        compute: 0
    tonal:
        compute: 1
        frameSize: 4096
        hopSize: 2048
        zeroPadding: 0
        silentFrames: "noise"
        windowType: "blackmanharris62"
        stats: ["mean", "var", "median", "min", "max", "dmean", "dmean2", "dvar", "dvar2"]

lowlevel:
    average_loudness: 0.910972714424
    barkbands_kurtosis:
        dmean: 1.52905762196
        dmean2: 2.43934249878
        dvar: 60.31665802
        dvar2: 159.038909912
        max: 280.312133789
        mean: 0.822803080082
        median: -0.77114713192
        min: -1.89096474648
        var: 130.592605591
    barkbands_skewness:
        dmean: 0.450276017189
        dmean2: 0.686901509762
        dvar: 0.295526176691
        dvar2: 0.637251377106
        max: 13.7697143555
        mean: -0.409716010094
        median: -0.581894278526
        min: -3.56185650826
        var: 1.73522734642
    barkbands_spread:
        dmean: 6.75258350372
        dmean2: 10.5451498032
        dvar: 46.7513542175
        dvar2: 104.450164795
        max: 91.7965545654
        mean: 35.8974151611
        median: 35.2875404358
        min: 0.675929009914
        var: 172.963668823
    dissonance:
        dmean: 0.00861437898129
        dmean2: 0.0144998244941
        dvar: 9.04917178559e-005
        dvar2: 0.000239366549067
        max: 0.500000119209
        mean: 0.485817521811
        median: 0.488820880651
        min: 0.31520730257
        var: 0.00014653877588
    hfc:
        dmean: 3.24889922142
        dmean2: 5.2312130928
        dvar: 16.736410141
        dvar2: 42.7091331482
        max: 48.0035247803
        mean: 11.5539054871
        median: 10.2305526733
        min: 1.14768993886e-016
        var: 62.6623001099
    pitch:
        dmean: 1113.70593262
        dmean2: 2098.65209961
        dvar: 1998295.125
        dvar2: 4677656
        max: 5770.61083984
        mean: 2121.92016602
        median: 2308.22241211
        min: 50.881855011
        var: 2831904
    pitch_instantaneous_confidence:
        dmean: 0.0829624384642
        dmean2: 0.138401418924
        dvar: 0.00478916522115
        dvar2: 0.0124518768862
        max: 0.91077452898
        mean: 0.362674325705
        median: 0.34464353323
        min: 0.125787615776
        var: 0.0135288862512
    pitch_salience:
        dmean: 0.0559569038451
        dmean2: 0.0917307958007
        dvar: 0.00286118802615
        dvar2: 0.00744354492053
        max: 0.929683983326
        mean: 0.664393186569
        median: 0.681230187416
        min: 0.0449924096465
        var: 0.00863417237997
    silence_rate_20dB:
        dmean: 0
        dmean2: 0
        dvar: 0
        dvar2: 0
        max: 1
        mean: 1
        median: 1
        min: 1
        var: 0
    silence_rate_30dB:
        dmean: 0
        dmean2: 0
        dvar: 0
        dvar2: 0
        max: 1
        mean: 1
        median: 1
        min: 1
        var: 0
    silence_rate_60dB:
        dmean: 0.0943007096648
        dmean2: 0.188619107008
        dvar: 0.0854159221053
        dvar2: 0.175140410662
        max: 1
        mean: 0.307245284319
        median: 0
        min: 0
        var: 0.212836802006
    spectral_centroid:
        dmean: 319.10546875
        dmean2: 497.139312744
        dvar: 116505.726563
        dvar2: 258976.9375
        max: 10934.4384766
        mean: 2241.6887207
        median: 2302.29443359
        min: 91.8650054932
        var: 520827.71875
    spectral_complexity:
        dmean: 4.12035989761
        dmean2: 6.52610874176
        dvar: 16.8753070831
        dvar2: 38.0164833069
        max: 47
        mean: 18.2780952454
        median: 19
        min: 0
        var: 105.621589661
    spectral_crest:
        dmean: 1.8573230505
        dmean2: 3.12397575378
        dvar: 3.31834363937
        dvar2: 8.82081508636
        max: 25.2764816284
        mean: 6.60881853104
        median: 5.90452194214
        min: 2.45921182632
        var: 7.62961483002
    spectral_decrease:
        dmean: 2.57029064699e-010
        dmean2: 4.09529993251e-010
        dvar: 1.19295186611e-019
        dvar2: 2.97576493457e-019
        max: -6.82449544304e-029
        mean: -9.88687576253e-010
        median: -9.27343868362e-010
        min: -3.68429997621e-009
        var: 3.00947254453e-019
    spectral_energy:
        dmean: 0.00122286600526
        dmean2: 0.00194473483134
        dvar: 2.58999784819e-006
        dvar2: 6.45255568088e-006
        max: 0.0180270243436
        mean: 0.00477951159701
        median: 0.00443836580962
        min: 1.06674617356e-020
        var: 7.4608929026e-006
    spectral_energyband_high:
        dmean: 0.000367898523109
        dmean2: 0.000605965149589
        dvar: 2.66877862032e-007
        dvar2: 7.05207185092e-007
        max: 0.00733761396259
        mean: 0.000893814489245
        median: 0.000679849414155
        min: 7.91906852424e-021
        var: 6.43464659333e-007
    spectral_energyband_low:
        dmean: 0.000210311452975
        dmean2: 0.000343559979228
        dvar: 1.18568216578e-007
        dvar2: 3.17945961115e-007
        max: 0.0040286956355
        mean: 0.000436158501543
        median: 0.000351467839209
        min: 1.22127822897e-022
        var: 1.51803348558e-007
    spectral_energyband_middle_high:
        dmean: 0.000724223500583
        dmean2: 0.00114570790902
        dvar: 6.49706692002e-007
        dvar2: 1.55722648287e-006
        max: 0.012598220259
        mean: 0.00265852548182
        median: 0.00234857806936
        min: 1.58799139103e-021
        var: 3.49816491507e-006
    spectral_energyband_middle_low:
        dmean: 0.000493820814881
        dmean2: 0.000818719272502
        dvar: 8.14241957414e-007
        dvar2: 2.11098085856e-006
        max: 0.00850140769035
        mean: 0.00094923080178
        median: 0.000728932616767
        min: 2.65393785906e-022
        var: 8.01092198799e-007
    spectral_flatness_db:
        dmean: 0.0137742999941
        dmean2: 0.0218141060323
        dvar: 0.000203490970307
        dvar2: 0.000467977777589
        max: 0.484453976154
        mean: 0.135099455714
        median: 0.129322424531
        min: 0.0651107728481
        var: 0.00114927394316
    spectral_flux:
        dmean: 0.00742697436363
        dmean2: 0.0109789036214
        dvar: 7.70794067648e-005
        dvar2: 0.000145449317642
        max: 0.104695253074
        mean: 0.0418402440846
        median: 0.0415186733007
        min: 1.03283402664e-010
        var: 0.000265730457613
    spectral_kurtosis:
        dmean: 0.68948584795
        dmean2: 1.12395727634
        dvar: 0.644513785839
        dvar2: 1.56798624992
        max: 30.4379825592
        mean: 2.19777822495
        median: 2.10133981705
        min: -1.24970805645
        var: 1.80385124683
    spectral_rms:
        dmean: 0.000266471906798
        dmean2: 0.000411607907154
        dvar: 9.76468115255e-008
        dvar2: 2.28945793879e-007
        max: 0.00419372646138
        mean: 0.00205550086685
        median: 0.00208089244552
        min: 3.22603142117e-012
        var: 4.37862979652e-007
    spectral_rolloff:
        dmean: 384.860107422
        dmean2: 618.471252441
        dvar: 319782.59375
        dvar2: 633775.375
        max: 18690.8203125
        mean: 3871.39306641
        median: 4026.70898438
        min: 86.1328125
        var: 1047317.4375
    spectral_skewness:
        dmean: 0.149337083101
        dmean2: 0.236183866858
        dvar: 0.023970335722
        dvar2: 0.05459799245
        max: 3.97104883194
        mean: 1.07444119453
        median: 1.06216084957
        min: -0.163562595844
        var: 0.0931599885225
    spectral_spread:
        dmean: 567766.6875
        dmean2: 808440.75
        dvar: 527521415168
        dvar2: 951492411392
        max: 40919176
        mean: 5612607
        median: 5280951
        min: 2246767.5
        var: 4.7764078592e+012
    spectral_strongpeak:
        dmean: 0.640339553356
        dmean2: 1.11151027679
        dvar: 0.827030718327
        dvar2: 2.16585898399
        max: 12.3901405334
        mean: 0.884350717068
        median: 0.281517416239
        min: 3.52924955926e-009
        var: 1.3970297575
    zerocrossingrate:
        dmean: 0.00935973133892
        dmean2: 0.0108829457313
        dvar: 0.000103112048237
        dvar2: 0.000115415125038
        max: 0.501953125
        mean: 0.122272096574
        median: 0.125
        min: 0.00537109375
        var: 0.000974477734417
    barkbands:
        dmean: [1.21338317172e-007, 6.36183904135e-005, 0.000120831289678, 0.000138144154334, 0.000324729480781, 5.52390083612e-005, 3.9463131543e-005, 3.62817445421e-005, 7.12642431608e-005, 7.74595464463e-005, 6.32161463727e-005, 6.35658652755e-005, 6.85890918248e-005, 8.83671746124e-005, 8.45133472467e-005, 0.000127920196974, 0.000177042529685, 0.000187125391676, 0.000279587518889, 0.000327382265823, 0.000168437298271, 6.43736930215e-005, 1.40936926982e-005, 7.54585607865e-006, 4.10447910326e-006, 1.140175101e-007, 3.06303232778e-010]
        dmean2: [1.9253677408e-007, 0.000103272381239, 0.00020193583623, 0.000230147939874, 0.00055178621551, 9.11440292839e-005, 6.38105702819e-005, 5.86576024943e-005, 0.000114660899271, 0.000123294186778, 0.000101968566014, 0.000104334758362, 0.000112089066533, 0.000141578100738, 0.000139218740514, 0.00020569897606, 0.000291105418, 0.000309521419695, 0.000467832869617, 0.000548626005184, 0.000277636398096, 0.000107731335447, 2.26480751735e-005, 1.10558912638e-005, 5.78178378419e-006, 1.72639744278e-007, 5.28907695418e-010]
        dvar: [3.03412080616e-014, 9.24844911765e-009, 4.30053113121e-008, 5.46976863802e-008, 6.68170116569e-007, 8.84665762868e-009, 5.3174562531e-009, 6.42048370025e-009, 2.06224335386e-008, 2.65393538257e-008, 1.7507842287e-008, 1.47042538146e-008, 1.6113999024e-008, 2.49870275582e-008, 2.67481858884e-008, 4.757109906e-008, 6.35243608826e-008, 6.61618031472e-008, 1.39423406154e-007, 2.09963999964e-007, 4.99666725773e-008, 1.26323334015e-008, 6.70658195645e-010, 3.87575471716e-010, 1.62131322257e-010, 1.03794543219e-013, 1.82880948039e-019]
        dvar2: [7.65763659622e-014, 2.3016170303e-008, 1.19238904972e-007, 1.45768140669e-007, 1.76059165824e-006, 2.25635492512e-008, 1.3275760935e-008, 1.58828861174e-008, 5.1107306831e-008, 6.39395807411e-008, 4.34756444179e-008, 3.82778821972e-008, 4.21479739998e-008, 6.00515548399e-008, 6.57036167695e-008, 1.17574707303e-007, 1.63322525282e-007, 1.70954308487e-007, 3.6988882357e-007, 5.48244372567e-007, 1.29876426058e-007, 3.34531939927e-008, 1.57484647545e-009, 6.89276358212e-010, 3.13736481239e-010, 2.32161322502e-013, 5.13716590318e-019]
        max: [2.16866010305e-006, 0.00110452831723, 0.00262069609016, 0.00369767099619, 0.00774274254218, 0.00217856303789, 0.00132356502581, 0.00209784298204, 0.00257618306205, 0.00383884296753, 0.00293892296031, 0.00310359010473, 0.00210149423219, 0.00421037804335, 0.00422269431874, 0.00552397593856, 0.00556809548289, 0.00396320270374, 0.00580329168588, 0.00724952714518, 0.00400441512465, 0.00166373793036, 0.000652849033941, 0.000398555013817, 0.000252298515989, 9.34519448492e-006, 8.64929461386e-009]
        mean: [2.05526973218e-007, 0.00010995624325, 0.000202935480047, 0.00021056974947, 0.000362898339517, 9.0463378001e-005, 6.41317965346e-005, 5.76790989726e-005, 0.00013015283912, 0.000120481541671, 9.42260303418e-005, 0.000107528765511, 0.000109675180283, 0.000147765196743, 0.000147753264173, 0.000238242355408, 0.00034890830284, 0.000385569001082, 0.000614824821241, 0.000690729939379, 0.000374548311811, 0.000118535725051, 2.87889452011e-005, 1.52486200022e-005, 7.49302216718e-006, 1.98837128096e-007, 4.27841095885e-010]
        median: [1.06249871124e-007, 7.78710891609e-005, 0.000149743093061, 0.000132565517561, 0.000171218343894, 5.01911636093e-005, 3.21483712469e-005, 2.32054098888e-005, 4.46640005975e-005, 5.10729551024e-005, 3.32136514771e-005, 4.14312889916e-005, 5.22591362824e-005, 7.29177045287e-005, 7.27511069272e-005, 0.000132742614369, 0.000239910441451, 0.000286400521873, 0.000446176534751, 0.000450046616606, 0.000300951331155, 7.71821869421e-005, 1.73999324034e-005, 7.60896182328e-006, 3.33467983182e-006, 9.80730803235e-008, 2.80772433081e-010]
        min: [2.23008816427e-023, 5.69738632925e-023, 3.15261445013e-023, 2.62673421162e-023, 7.73697105356e-023, 4.32240461134e-023, 4.08919807955e-023, 4.94376226294e-023, 2.62368147769e-023, 1.24839447062e-022, 1.95982217778e-022, 1.12085459491e-022, 1.26966544228e-022, 1.2455861258e-022, 4.78012474329e-023, 1.03368792612e-022, 1.43540448738e-022, 2.73732714628e-022, 2.02305916121e-022, 4.70621693306e-022, 5.11982490982e-022, 3.99077739488e-022, 6.95422009694e-022, 8.22379844898e-022, 1.0454301775e-021, 1.84985554819e-021, 2.47679907968e-021]
        var: [6.48665826998e-014, 1.32317756751e-008, 4.6055244951e-008, 6.78904470419e-008, 5.23529138263e-007, 1.50218451012e-008, 1.01149995047e-008, 1.36896645131e-008, 6.47737223858e-008, 4.8768161065e-008, 3.13942720709e-008, 3.062827858e-008, 2.93597466339e-008, 5.20342489096e-008, 5.27646975002e-008, 1.18149323214e-007, 1.40030593343e-007, 1.43359940807e-007, 3.74068918063e-007, 5.67118831896e-007, 1.06877493522e-007, 1.78383530169e-008, 1.39378264485e-009, 1.05650477256e-009, 3.43254619173e-010, 1.60765593004e-013, 2.48272987581e-019]
    frequency_bands:
        dmean: [1.21338317172e-007, 6.36183904135e-005, 0.000120831289678, 0.000138144154334, 0.000324729480781, 5.52390083612e-005, 3.9463131543e-005, 3.62817445421e-005, 7.12642431608e-005, 7.74595464463e-005, 6.32161463727e-005, 6.35658652755e-005, 6.85890918248e-005, 8.83671746124e-005, 8.45133472467e-005, 0.000127920196974, 0.000177042529685, 0.000187125391676, 0.000279587518889, 0.000327382265823, 0.000168437298271, 6.43736930215e-005, 1.40936926982e-005, 7.54585607865e-006, 4.10447910326e-006, 1.140175101e-007, 3.06303232778e-010, 5.63804385123e-011]
        dmean2: [1.9253677408e-007, 0.000103272381239, 0.00020193583623, 0.000230147939874, 0.00055178621551, 9.11440292839e-005, 6.38105702819e-005, 5.86576024943e-005, 0.000114660899271, 0.000123294186778, 0.000101968566014, 0.000104334758362, 0.000112089066533, 0.000141578100738, 0.000139218740514, 0.00020569897606, 0.000291105418, 0.000309521419695, 0.000467832869617, 0.000548626005184, 0.000277636398096, 0.000107731335447, 2.26480751735e-005, 1.10558912638e-005, 5.78178378419e-006, 1.72639744278e-007, 5.28907695418e-010, 1.04789947553e-010]
        dvar: [3.03412080616e-014, 9.24844911765e-009, 4.30053113121e-008, 5.46976863802e-008, 6.68170116569e-007, 8.84665762868e-009, 5.3174562531e-009, 6.42048370025e-009, 2.06224335386e-008, 2.65393538257e-008, 1.7507842287e-008, 1.47042538146e-008, 1.6113999024e-008, 2.49870275582e-008, 2.67481858884e-008, 4.757109906e-008, 6.35243608826e-008, 6.61618031472e-008, 1.39423406154e-007, 2.09963999964e-007, 4.99666725773e-008, 1.26323334015e-008, 6.70658195645e-010, 3.87575471716e-010, 1.62131322257e-010, 1.03794543219e-013, 1.82880948039e-019, 7.24585255775e-021]
        dvar2: [7.65763659622e-014, 2.3016170303e-008, 1.19238904972e-007, 1.45768140669e-007, 1.76059165824e-006, 2.25635492512e-008, 1.3275760935e-008, 1.58828861174e-008, 5.1107306831e-008, 6.39395807411e-008, 4.34756444179e-008, 3.82778821972e-008, 4.21479739998e-008, 6.00515548399e-008, 6.57036167695e-008, 1.17574707303e-007, 1.63322525282e-007, 1.70954308487e-007, 3.6988882357e-007, 5.48244372567e-007, 1.29876426058e-007, 3.34531939927e-008, 1.57484647545e-009, 6.89276358212e-010, 3.13736481239e-010, 2.32161322502e-013, 5.13716590318e-019, 2.31864654903e-020]
        max: [2.16866010305e-006, 0.00110452831723, 0.00262069609016, 0.00369767099619, 0.00774274254218, 0.00217856303789, 0.00132356502581, 0.00209784298204, 0.00257618306205, 0.00383884296753, 0.00293892296031, 0.00310359010473, 0.00210149423219, 0.00421037804335, 0.00422269431874, 0.00552397593856, 0.00556809548289, 0.00396320270374, 0.00580329168588, 0.00724952714518, 0.00400441512465, 0.00166373793036, 0.000652849033941, 0.000398555013817, 0.000252298515989, 9.34519448492e-006, 8.64929461386e-009, 1.09907083434e-009]
        mean: [2.05526973218e-007, 0.00010995624325, 0.000202935480047, 0.00021056974947, 0.000362898339517, 9.0463378001e-005, 6.41317965346e-005, 5.76790989726e-005, 0.00013015283912, 0.000120481541671, 9.42260303418e-005, 0.000107528765511, 0.000109675180283, 0.000147765196743, 0.000147753264173, 0.000238242355408, 0.00034890830284, 0.000385569001082, 0.000614824821241, 0.000690729939379, 0.000374548311811, 0.000118535725051, 2.87889452011e-005, 1.52486200022e-005, 7.49302216718e-006, 1.98837128096e-007, 4.27841095885e-010, 4.38205582931e-011]
        median: [1.06249871124e-007, 7.78710891609e-005, 0.000149743093061, 0.000132565517561, 0.000171218343894, 5.01911636093e-005, 3.21483712469e-005, 2.32054098888e-005, 4.46640005975e-005, 5.10729551024e-005, 3.32136514771e-005, 4.14312889916e-005, 5.22591362824e-005, 7.29177045287e-005, 7.27511069272e-005, 0.000132742614369, 0.000239910441451, 0.000286400521873, 0.000446176534751, 0.000450046616606, 0.000300951331155, 7.71821869421e-005, 1.73999324034e-005, 7.60896182328e-006, 3.33467983182e-006, 9.80730803235e-008, 2.80772433081e-010, 1.60693836709e-011]
        min: [2.23008816427e-023, 5.69738632925e-023, 3.15261445013e-023, 2.62673421162e-023, 7.73697105356e-023, 4.32240461134e-023, 4.08919807955e-023, 4.94376226294e-023, 2.62368147769e-023, 1.24839447062e-022, 1.95982217778e-022, 1.12085459491e-022, 1.26966544228e-022, 1.2455861258e-022, 4.78012474329e-023, 1.03368792612e-022, 1.43540448738e-022, 2.73732714628e-022, 2.02305916121e-022, 4.70621693306e-022, 5.11982490982e-022, 3.99077739488e-022, 6.95422009694e-022, 8.22379844898e-022, 1.0454301775e-021, 1.84985554819e-021, 2.47679907968e-021, 5.66479072286e-022]
        var: [6.48665826998e-014, 1.32317756751e-008, 4.6055244951e-008, 6.78904470419e-008, 5.23529138263e-007, 1.50218451012e-008, 1.01149995047e-008, 1.36896645131e-008, 6.47737223858e-008, 4.8768161065e-008, 3.13942720709e-008, 3.062827858e-008, 2.93597466339e-008, 5.20342489096e-008, 5.27646975002e-008, 1.18149323214e-007, 1.40030593343e-007, 1.43359940807e-007, 3.74068918063e-007, 5.67118831896e-007, 1.06877493522e-007, 1.78383530169e-008, 1.39378264485e-009, 1.05650477256e-009, 3.43254619173e-010, 1.60765593004e-013, 2.48272987581e-019, 5.68110108472e-021]
    mfcc:
        mean: [-693.38848877, 71.7461471558, -39.4010620117, 56.6430244446, -7.76558017731, 6.48543405533, 6.626973629, 0.303999692202, 1.78355097771, -4.20970678329, -3.98525047302, -4.7035484314, -6.62225103378]
        cov: [[4865.27490234, -141.461502075, -788.092407227, 156.540267944, -307.858703613, 73.9120178223, 78.2464752197, -55.3570556641, -69.9519042969, -6.45488548279, -96.3119125366, -93.7789230347, -29.9369602203], [-141.461502075, 636.518005371, -155.994781494, 118.412788391, -23.0888557434, -11.3490858078, 5.88515615463, 4.22917842865, 34.3304023743, -19.1365585327, 34.1655464172, 34.8602027893, -9.24694538116], [-788.092407227, -155.994781494, 670.111938477, -42.2766723633, 121.343963623, 16.3068237305, -17.5883693695, 18.7665424347, -15.5340871811, -9.44898509979, 6.05429697037, 12.1658029556, 24.060585022], [156.540267944, 118.412788391, -42.2766723633, 336.698577881, 37.4878883362, 22.787771225, -37.0190505981, -44.1175537109, 6.75964260101, -18.1540126801, 16.7154273987, -1.90936243534, 1.80307376385], [-307.858703613, -23.0888557434, 121.343963623, 37.4878883362, 207.819015503, 10.827960968, -51.3428993225, -10.9837770462, 15.5076704025, 9.20875549316, 6.7977514267, 7.27668094635, 7.5792632103], [73.9120178223, -11.3490858078, 16.3068237305, 22.787771225, 10.827960968, 119.668731689, 54.9266281128, 5.01389932632, -9.83822059631, 10.8187675476, 1.67707490921, -9.81465244293, 8.92921257019], [78.2464752197, 5.88515615463, -17.5883693695, -37.0190505981, -51.3428993225, 54.9266281128, 179.975952148, 52.6644210815, 2.08605384827, 9.89015865326, -3.18468976021, -2.44323754311, 0.233602002263], [-55.3570556641, 4.22917842865, 18.7665424347, -44.1175537109, -10.9837770462, 5.01389932632, 52.6644210815, 117.634933472, 30.9874801636, 12.9545812607, 7.27629947662, 7.87455177307, 5.15249061584], [-69.9519042969, 34.3304023743, -15.5340871811, 6.75964260101, 15.5076704025, -9.83822059631, 2.08605384827, 30.9874801636, 88.3418197632, 29.6920375824, 12.0992288589, 5.37560462952, -0.500987768173], [-6.45488548279, -19.1365585327, -9.44898509979, -18.1540126801, 9.20875549316, 10.8187675476, 9.89015865326, 12.9545812607, 29.6920375824, 88.6218948364, 27.3952026367, 0.0794810727239, 3.81140732765], [-96.3119125366, 34.1655464172, 6.05429697037, 16.7154273987, 6.7977514267, 1.67707490921, -3.18468976021, 7.27629947662, 12.0992288589, 27.3952026367, 77.7772979736, 30.6846008301, 2.23783683777], [-93.7789230347, 34.8602027893, 12.1658029556, -1.90936243534, 7.27668094635, -9.81465244293, -2.44323754311, 7.87455177307, 5.37560462952, 0.0794810727239, 30.6846008301, 75.0144195557, 20.9783382416], [-29.9369602203, -9.24694538116, 24.060585022, 1.80307376385, 7.5792632103, 8.92921257019, 0.233602002263, 5.15249061584, -0.500987768173, 3.81140732765, 2.23783683777, 20.9783382416, 73.0432357788]]
        icov: [[0.000300240179058, 0.000161014861078, 0.000327588029904, -0.000199733636691, 0.00029871170409, -0.000184962598723, 1.13386440717e-005, -1.73462194653e-005, 0.00017304578796, -0.000103042992123, 0.000284225825453, 5.87853901379e-005, 1.42353228512e-005], [0.000161014861078, 0.00201349379495, 0.000566950300708, -0.000703945173882, 0.000251714809565, 2.2643011107e-005, -0.000183391937753, -9.42132683122e-005, -0.000636267708614, 0.000718413561117, -0.000484111864353, -0.000704275502358, 0.000305111258058], [0.000327588029904, 0.000566950300708, 0.00220687966794, -1.30143928345e-006, -0.000779321300797, -0.000343071675161, 4.07922307204e-005, -0.000464787211968, 0.000557331310119, 0.000432446133345, -0.000114713337098, -1.96512810362e-005, -0.000375005969545], [-0.000199733636691, -0.000703945173882, -1.30143928345e-006, 0.0038519911468, -0.00077379954746, -0.000992142246105, 0.000542007153854, 0.00125005841255, -0.000911027018446, 0.0013298453996, -0.00138226547278, 0.000749211991206, -0.000402439094614], [0.00029871170409, 0.000251714809565, -0.000779321300797, -0.00077379954746, 0.00656801555306, -0.00151820178144, 0.00197996781208, 0.000140750256833, -0.00116572389379, -0.0007382411859, 0.000712316483259, -0.000662648468278, 0.000116931914818], [-0.000184962598723, 2.2643011107e-005, -0.000343071675161, -0.000992142246105, -0.00151820178144, 0.011260648258, -0.00410561868921, 0.000494607375003, 0.00174403958954, -0.00134286971297, -0.000819445529487, 0.00188563962001, -0.00161065580323], [1.13386440717e-005, -0.000183391937753, 4.07922307204e-005, 0.000542007153854, 0.00197996781208, -0.00410561868921, 0.00848487392068, -0.00329372333363, 0.000275227241218, -0.000480699003674, 0.000870876305271, -0.000547651783563, 0.000613840238657], [-1.73462194653e-005, -9.42132683122e-005, -0.000464787211968, 0.00125005841255, 0.000140750256833, 0.000494607375003, -0.00329372333363, 0.0116549180821, -0.00415890477598, 0.000455189147033, -0.000830461038277, -0.000311553740175, -0.000720822426956], [0.00017304578796, -0.000636267708614, 0.000557331310119, -0.000911027018446, -0.00116572389379, 0.00174403958954, 0.000275227241218, -0.00415890477598, 0.0153835266829, -0.00513610243797, 0.000632367155049, -0.000301928725094, 0.000470382772619], [-0.000103042992123, 0.000718413561117, 0.000432446133345, 0.0013298453996, -0.0007382411859, -0.00134286971297, -0.000480699003674, 0.000455189147033, -0.00513610243797, 0.015772646293, -0.0065280883573, 0.0027355866041, -0.00136028637644], [0.000284225825453, -0.000484111864353, -0.000114713337098, -0.00138226547278, 0.000712316483259, -0.000819445529487, 0.000870876305271, -0.000830461038277, 0.000632367155049, -0.0065280883573, 0.0190771762282, -0.00797067210078, 0.00225888448767], [5.87853901379e-005, -0.000704275502358, -1.96512810362e-005, 0.000749211991206, -0.000662648468278, 0.00188563962001, -0.000547651783563, -0.000311553740175, -0.000301928725094, 0.0027355866041, -0.00797067210078, 0.0189099907875, -0.00554675702006], [1.42353228512e-005, 0.000305111258058, -0.000375005969545, -0.000402439094614, 0.000116931914818, -0.00161065580323, 0.000613840238657, -0.000720822426956, 0.000470382772619, -0.00136028637644, 0.00225888448767, -0.00554675702006, 0.0157001428306]]
    sccoeffs:
        dmean: [0.0523098185658, 0.0447210893035, 0.037304174155, 0.0307672917843, 0.0222236420959, 0.0213520061225]
        dmean2: [0.0857362374663, 0.0741848051548, 0.0611188001931, 0.0502561815083, 0.0362830869853, 0.0334400348365]
        dvar: [0.002039746847, 0.00126646121498, 0.000861620879732, 0.000644056359306, 0.000359453697456, 0.000393830356188]
        dvar2: [0.00539910653606, 0.00341437361203, 0.0022637611255, 0.00157631770708, 0.000883837114088, 0.000911277078558]
        max: [-0.27171087265, -0.501014471054, -0.538491010666, -0.5834030509, -0.582224071026, -0.59925866127]
        mean: [-0.666414558887, -0.770167768002, -0.782030761242, -0.786451816559, -0.791752815247, -0.740212380886]
        median: [-0.674407958984, -0.774751603603, -0.785790383816, -0.790408611298, -0.796693086624, -0.740658760071]
        min: [-0.976728081703, -0.969949483871, -0.969216763973, -0.953529775143, -0.955642104149, -0.964877486229]
        var: [0.00469000684097, 0.00349711207673, 0.00350300548598, 0.00258054980077, 0.00156292621978, 0.00229175877757]
    scvalleys:
        dmean: [0.359738141298, 0.358780264854, 0.304506480694, 0.277621030807, 0.237488120794, 0.2403729707]
        dmean2: [0.599964439869, 0.584085285664, 0.475201487541, 0.41742181778, 0.347633987665, 0.337510019541]
        dvar: [0.0960444509983, 0.0948560535908, 0.0736976265907, 0.0779001191258, 0.0773195251822, 0.0994474589825]
        dvar2: [0.241575345397, 0.228547275066, 0.152497038245, 0.141151949763, 0.133153378963, 0.170285314322]
        max: [-5.35385513306, -5.30268907547, -5.43575143814, -5.72861289978, -5.45011854172, -7.05647134781]
        mean: [-6.87203121185, -7.11171102524, -7.20625972748, -7.18901157379, -6.77782583237, -9.10573196411]
        median: [-6.64575338364, -6.97810697556, -7.06059789658, -6.97087240219, -6.51662445068, -8.8926115036]
        min: [-27.2174816132, -27.5023765564, -26.9066886902, -27.4362621307, -27.368844986, -27.1155319214]
        var: [1.62711548805, 1.20824635029, 1.34938764572, 1.34870636463, 1.32320058346, 1.29433727264]

rhythm:
    beats_loudness:
        dmean: 0.00288665760309
        dmean2: 0.00544553995132
        dvar: 3.34140008817e-006
        dvar2: 1.17858990052e-005
        max: 0.0128403706476
        mean: 0.00572997145355
        median: 0.00577822420746
        min: 2.61918481695e-012
        var: 6.00741668677e-006
    bpm: 143.086029053
    bpm_confidence: 0
    first_peak_bpm: 144
    first_peak_spread: 0.254385948181
    first_peak_weight: 0.722789108753
    onset_rate: 2.9996805191
    second_peak_bpm: 136
    second_peak_spread: 0
    second_peak_weight: 0.023809524253
    beats_loudness_band_ratio:
        dmean: [0.122838713229, 0.187679201365, 0.0416815951467, 0.0597843304276, 0.101380132139, 0.098008684814]
        dmean2: [0.215763628483, 0.368436098099, 0.0746157616377, 0.109797134995, 0.179164364934, 0.168123528361]
        dvar: [0.0108500262722, 0.0113315116614, 0.00214781030081, 0.00474154110998, 0.00863374397159, 0.00627195090055]
        dvar2: [0.0274415649474, 0.0389200113714, 0.00653254752979, 0.0142251327634, 0.0247643422335, 0.0177867840976]
        max: [0.994638323784, 0.465020805597, 0.329037547112, 0.551628828049, 0.89242452383, 0.669339060783]
        mean: [0.259824424982, 0.141610398889, 0.0511984415352, 0.0864047780633, 0.222522050142, 0.327786266804]
        median: [0.247827038169, 0.0857447236776, 0.0338872745633, 0.0578536018729, 0.197353288531, 0.313460618258]
        min: [0, 0, 0, 0, 0, 0]
        var: [0.022159313783, 0.0160700157285, 0.00239993212745, 0.00567657127976, 0.011835033074, 0.0126122506335]
    beats_position: [0.359909296036, 0.754648506641, 1.14938771725, 1.55573689938, 1.97369611263, 2.39165520668, 2.79800438881, 3.22757363319, 3.65714287758, 4.07510185242, 4.49306106567, 4.91102027893, 5.32897949219, 5.73532867432, 6.15328788757, 6.57124710083, 7.00081634521, 7.41877555847, 7.83673477173, 8.26630401611, 8.68426322937, 9.10222244263, 9.52018165588, 9.93814086914, 10.3560991287, 10.774058342, 11.1920175552, 11.6099767685, 12.0279359818, 12.445895195, 12.8638544083, 13.2818136215, 13.6997728348, 14.1293420792, 14.5356912613, 14.9536504745, 15.3716096878, 15.7895689011, 16.2075271606, 16.637096405, 17.0550556183, 17.4846248627, 17.9025840759, 18.3205432892, 18.7385025024, 19.1564617157, 19.574420929, 19.9923801422, 20.4103393555, 20.8282985687, 21.246257782, 21.6642169952, 22.0821762085, 22.5001354218, 22.918094635, 23.3592739105, 23.7772331238, 24.195192337, 24.6131515503, 25.0311107635, 25.4490699768, 25.8670291901, 26.2849884033, 26.7029476166, 27.1209068298, 27.5504760742, 27.9684352875, 28.3980045319, 28.8159637451, 29.2339229584, 29.6518821716, 30.0698413849, 30.4878005981, 30.9057598114, 31.3237190247, 31.7416782379, 32.1596374512, 32.5775947571, 32.9955558777, 33.4135131836, 33.8314743042, 34.2610435486, 34.690612793, 35.1085700989, 35.5265312195, 35.9444885254, 36.362449646, 36.7804069519, 37.1983680725, 37.6163253784, 38.034286499, 38.4754638672, 38.8934249878, 39.3113822937, 39.7293434143, 40.1473007202, 40.5652618408, 40.9832191467, 41.3895683289, 41.8191375732, 42.2370948792, 42.6550559998, 43.0730133057, 43.4909744263, 43.9089317322, 44.3268928528, 44.7448501587, 45.1628112793, 45.5923805237, 46.0219497681, 46.439907074, 46.8578681946, 47.2758255005, 47.6937866211, 48.111743927, 48.5297050476, 48.9476623535, 49.3656234741, 49.78358078, 50.2015419006, 50.6194992065, 51.0606803894, 51.4786376953, 51.8965988159, 52.3145561218, 52.7441253662, 53.1736946106, 53.5916557312, 54.0096130371, 54.4159622192, 54.8223114014, 55.240272522, 55.6582298279, 56.0877990723, 56.5173683167, 56.9353294373, 57.3532867432, 57.7712478638, 58.1892051697, 58.6071662903, 59.0251235962, 59.4430847168, 59.8610420227, 60.2789993286, 60.6969604492, 61.1149177551, 61.5328788757, 61.9508361816, 62.3687973022, 62.7867546082, 63.2047157288, 63.6226730347, 64.0522460938, 64.4818115234, 64.899772644, 65.3177337646, 65.7356872559, 66.1536483765, 66.5716094971, 67.0011749268, 67.4075241089, 67.8254852295, 68.2434463501, 68.6730117798, 69.0909729004, 69.5205459595, 69.9384994507, 70.3564605713, 70.7744216919, 71.1923828125, 71.6103363037, 72.0282974243, 72.4462585449, 72.8642196655, 73.2821731567, 73.7001342773, 74.1180953979, 74.5360565186, 74.9656219482, 75.3951950073, 75.789932251, 76.2078933716, 76.6258468628, 77.0554199219, 77.4733810425, 77.8913345337, 78.3092956543, 78.7272567749, 79.1452102661, 79.5747833252, 79.9927444458, 80.410697937, 80.8286590576, 81.2582321167, 81.6761856079, 82.0941467285, 82.5121078491, 82.9416732788, 83.3596343994, 83.77759552, 84.1955566406, 84.6135101318, 85.0314712524, 85.449432373, 85.8557815552, 86.2853469849, 86.7033081055, 87.1212692261, 87.5392303467, 87.9804077148, 88.3983688354, 88.8163223267, 89.2342834473, 89.6522445679, 90.0702056885, 90.4881591797, 90.9061203003, 91.3240814209, 91.7420425415, 92.1832199097, 92.6011810303, 93.0191345215, 93.4370956421, 93.8550567627, 94.2614059448, 94.6793670654, 95.0973205566, 95.5152816772, 95.9448471069, 96.3628082275, 96.7807693481, 97.2103347778, 97.6282958984, 98.046257019, 98.4642181396, 98.8937835693, 99.3117446899, 99.7297058105, 100.147659302, 100.565620422, 100.983581543, 101.413146973, 101.831108093, 102.237457275, 102.667030334, 103.084983826, 103.502944946, 103.909294128, 104.327255249, 104.74521637, 105.174781799, 105.604354858, 106.02230835, 106.44026947, 106.858230591, 107.276191711, 107.694145203, 108.112106323, 108.530067444, 108.948028564, 109.365982056, 109.783943176, 110.201904297, 110.631469727, 111.037818909, 111.455780029, 111.87374115, 112.314918518, 112.732879639, 113.15083313, 113.56879425, 113.986755371, 114.393104553, 114.822669983, 115.240631104, 115.670204163, 116.076553345, 116.494506836, 116.912467957, 117.330429077, 117.748390198, 118.166343689, 118.595916748, 119.025482178, 119.443443298, 119.861404419, 120.27936554, 120.697319031, 121.115280151, 121.533241272, 121.951202393, 122.369155884, 122.787117004, 123.216690063, 123.646255493, 124.064216614, 124.482177734, 124.900131226, 125.318092346, 125.736053467, 126.154014587, 126.583580017, 127.013153076, 127.431106567, 127.849067688, 128.267028809, 128.673370361, 129.079727173, 129.497680664, 129.915649414, 130.345214844, 130.774780273, 131.192733765, 131.610702515, 132.040267944, 132.446624756, 132.864578247, 133.282531738, 133.700500488, 134.118453979, 134.536407471, 134.954376221, 135.372329712, 135.790298462, 136.208251953, 136.626205444, 137.044174194, 137.485351563, 137.903305054, 138.321273804, 138.739227295, 139.157180786, 139.586761475, 140.016326904, 140.434280396, 140.852249146, 141.258590698, 141.688156128, 142.106124878, 142.524078369, 142.94203186, 143.36000061, 143.754730225, 144.184310913, 144.602264404, 145.031829834, 145.449798584, 145.879364014, 146.297317505, 146.715286255, 147.133239746, 147.562805176, 147.980773926, 148.398727417, 148.816680908, 149.234649658, 149.652603149, 150.082168579, 150.488525391, 150.906478882, 151.324447632, 151.742401123, 152.160354614, 152.578323364, 152.996276855, 153.414230347, 153.832199097, 154.250152588, 154.656509399, 155.086074829, 155.50402832, 155.92199707, 156.3515625, 156.78112793, 157.19909668, 157.617050171, 158.035003662, 158.452972412, 158.870925903, 159.288879395, 159.706848145, 160.124801636, 160.542770386, 160.972335815, 161.390289307, 161.819854736, 162.237823486, 162.655776978, 163.073745728, 163.491699219, 163.90965271, 164.32762146, 164.745574951, 165.163528442, 165.581497192, 165.999450684, 166.417419434, 166.835372925, 167.264938354, 167.694503784, 168.112472534, 168.530426025, 168.948379517, 169.366348267, 169.784301758, 170.202270508, 170.620223999, 171.03817749, 171.45614624, 171.874099731, 172.292053223, 172.710021973, 173.139587402, 173.569152832, 173.987121582, 174.405075073, 174.823028564, 175.240997314, 175.670562744, 176.100128174, 176.518096924, 176.936050415, 177.354003906, 177.771972656, 178.189926147, 178.607894897, 179.025848389, 179.44380188, 179.86177063, 180.279724121, 180.697677612, 181.115646362, 181.533599854, 181.951568604, 182.369522095, 182.799087524, 183.217056274, 183.646621704, 184.064575195, 184.482528687, 184.900497437, 185.318450928, 185.736419678, 186.154373169, 186.57232666, 186.99029541, 187.408248901, 187.826202393, 188.244171143, 188.662124634, 189.080093384, 189.498046875, 189.916000366, 190.333969116, 190.751922607, 191.181488037, 191.611068726, 192.029022217, 192.43536377, 192.841720581, 193.259674072, 193.689254761, 194.107208252, 194.536773682, 194.966339111, 195.3959198, 195.813873291, 196.231826782, 196.649795532, 197.067749023, 197.485717773, 197.903671265, 198.321624756, 198.751205444, 199.169158936, 199.587112427, 199.993469238, 200.411422729, 200.829391479, 201.258956909, 201.6769104, 202.09487915, 202.52444458, 202.942398071, 203.360351563, 203.778320313, 204.196273804, 204.614242554, 205.032196045, 205.450149536, 205.879730225, 206.309295654, 206.727249146, 207.145217896, 207.563171387, 207.981124878, 208.399093628, 208.817047119, 209.223403931, 209.629745483, 210.059310913, 210.488891602, 210.906845093, 211.336410522, 211.754379272, 212.183944702, 212.590286255, 213.008255005, 213.414596558, 213.832565308, 214.250518799, 214.680084229, 215.098052979, 215.527618408, 215.945571899, 216.363540649, 216.781494141, 217.199447632, 217.617416382, 218.035369873, 218.441726685, 218.871292114, 219.289245605, 219.707214355, 220.136779785, 220.566345215, 220.995910645, 221.425476074, 221.831832886, 222.261398315, 222.690963745, 223.097320557, 223.515274048, 223.933242798, 224.351196289, 224.76914978, 225.175506592, 225.581848145, 225.999816895, 226.417770386, 226.835739136, 227.253692627, 227.683258057, 228.101226807, 228.530792236, 228.948745728, 229.366714478, 229.784667969, 230.20262146, 230.62059021, 231.05015564, 231.468109131, 231.874465942, 232.292419434, 232.710388184, 233.128341675, 233.557907104, 233.987472534, 234.405441284, 234.823394775, 235.241363525, 235.659317017, 236.088882446, 236.518447876, 236.936416626, 237.342758179, 237.760726929, 238.17868042, 238.596633911, 239.014602661, 239.432556152, 239.862121582, 240.280090332, 240.686431885, 241.104400635, 241.510742188, 241.940307617, 242.369888306, 242.799453735, 243.229019165, 243.658584595, 244.088165283, 244.529342651, 244.97052002, 245.411697388, 245.852874756, 246.294052124, 246.735229492, 247.17640686]
