
metadata:
    version:
        essentia: "2.1-beta2"
    audio_properties:
        analysis_sample_rate: 44100
        bitrate: 320
        channels: 2
        equal_loudness: 1
        length: 247.588577271
        replay_gain: -15.5086345673
        downmix: "mix"
    tags:
        album: "The Arockalypse"
        artist: "Lordi"
        comment: ""
        date: "2006"
        genre: "Hard Rock"
        title: "Hard Rock Hallelujah"
        tracknumber: "07"

configuration:
    average_loudness:
        compute: 1
        frameSize: 88200
        hopSize: 44100
        silentFrames: "noise"
        windowType: "hann"
    general:
        analysisSampleRate: 44100
        endTime: 2000
        equalLoudness: 1
        nequalLoudness: 0
        shortSound: 0
        startTime: 0
    lowlevel:
        compute: 1
        frameSize: 2048
        hopSize: 1024
        zeroPadding: 0
        silentFrames: "noise"
        windowType: "blackmanharris62"
        mfccStats: ["mean", "cov", "icov"]
        stats: ["mean", "var", "median", "min", "max", "dmean", "dmean2", "dvar", "dvar2"]
    panning:
        compute: 0
        frameSize: 8192
        hopSize: 2048
        zeroPadding: 8192
        silentFrames: "noise"
        windowType: "hann"
        stats: ["copy"]
    rhythm:
        compute: 1
        maxTempo: 208
        minTempo: 40
        method: "degara"
        stats: ["mean", "var", "median", "min", "max", "dmean", "dmean2", "dvar", "dvar2"]
    segmentation:
        compute: 0
        cpw: 5
        inc1: 300
        inc2: 50
        minimumSegmentsLength: 10
        size1: 1000
        size2: 600
    sfx:
        compute: 1
        stats: ["mean", "var", "median", "min", "max", "dmean", "dmean2", "dvar", "dvar2"]
    svm:
        compute: 0
    tonal:
        compute: 1
        frameSize: 4096
        hopSize: 2048
        zeroPadding: 0
        silentFrames: "noise"
        windowType: "blackmanharris62"
        stats: ["mean", "var", "median", "min", "max", "dmean", "dmean2", "dvar", "dvar2"]

lowlevel:
    average_loudness: 0.883954405785
    barkbands_kurtosis:
        dmean: 0.859042704105
        dmean2: 1.38363158703
        dvar: 2.48829913139
        dvar2: 5.86786222458
        max: 66.3877410889
        mean: -0.122997239232
        median: -0.650406599045
        min: -1.92257702351
        var: 5.11126899719
    barkbands_skewness:
        dmean: 0.383740454912
        dmean2: 0.605679392815
        dvar: 0.14202195406
        dvar2: 0.339281916618
        max: 7.74031686783
        mean: -0.658291339874
        median: -0.709825098515
        min: -4.88381195068
        var: 0.621062636375
    barkbands_spread:
        dmean: 6.34810876846
        dmean2: 10.094543457
        dvar: 36.5961151123
        dvar2: 86.7789001465
        max: 74.0402069092
        mean: 34.2701950073
        median: 33.4198150635
        min: 2.73432588577
        var: 145.520324707
    dissonance:
        dmean: 0.00777755491436
        dmean2: 0.013429065235
        dvar: 7.03218393028e-005
        dvar2: 0.000196013192181
        max: 0.500000119209
        mean: 0.487718164921
        median: 0.490533828735
        min: 0.388222843409
        var: 0.000107741601823
    hfc:
        dmean: 3.38276195526
        dmean2: 5.6277794838
        dvar: 23.485622406
        dvar2: 62.4649047852
        max: 53.2512741089
        mean: 12.022936821
        median: 11.1390028
        min: 1.14651084253e-016
        var: 67.9865875244
    pitch:
        dmean: 948.248596191
        dmean2: 1786.87341309
        dvar: 1858315.375
        dvar2: 4697414
        max: 5500.96435547
        mean: 2246.30786133
        median: 2236.015625
        min: 59.8416862488
        var: 3039048.5
    pitch_instantaneous_confidence:
        dmean: 0.0768632218242
        dmean2: 0.128377735615
        dvar: 0.00393140921369
        dvar2: 0.0104830777273
        max: 0.968632638454
        mean: 0.375038087368
        median: 0.350537210703
        min: 0.108064889908
        var: 0.0162627957761
    pitch_salience:
        dmean: 0.0532591193914
        dmean2: 0.0896590352058
        dvar: 0.00253509590402
        dvar2: 0.00700054969639
        max: 0.860612273216
        mean: 0.671347558498
        median: 0.692160129547
        min: 0.192533448339
        var: 0.00887198839337
    silence_rate_20dB:
        dmean: 0
        dmean2: 0
        dvar: 0
        dvar2: 0
        max: 1
        mean: 1
        median: 1
        min: 1
        var: 0
    silence_rate_30dB:
        dmean: 0
        dmean2: 0
        dvar: 0
        dvar2: 0
        max: 1
        mean: 1
        median: 1
        min: 1
        var: 0
    silence_rate_60dB:
        dmean: 0.0722123235464
        dmean2: 0.144438192248
        dvar: 0.0669890940189
        dvar2: 0.137463584542
        max: 1
        mean: 0.315172553062
        median: 0
        min: 0
        var: 0.21585431695
    spectral_centroid:
        dmean: 304.360931396
        dmean2: 488.870910645
        dvar: 104398.578125
        dvar2: 250008.15625
        max: 11267.6611328
        mean: 2414.46704102
        median: 2448.84448242
        min: 151.637359619
        var: 423082.78125
    spectral_complexity:
        dmean: 4.06752300262
        dmean2: 6.46726703644
        dvar: 17.8980770111
        dvar2: 41.9151992798
        max: 52
        mean: 19.0130348206
        median: 20
        min: 0
        var: 125.841789246
    spectral_crest:
        dmean: 1.65972685814
        dmean2: 2.80864787102
        dvar: 2.58191633224
        dvar2: 6.89367389679
        max: 21.508644104
        mean: 6.32453727722
        median: 5.82208585739
        min: 2.35638689995
        var: 5.16244792938
    spectral_decrease:
        dmean: 2.33280672557e-010
        dmean2: 3.64413332843e-010
        dvar: 9.19492999562e-020
        dvar2: 2.24655481828e-019
        max: 2.33335786625e-029
        mean: -9.64519464297e-010
        median: -9.48423117819e-010
        min: -3.61078256184e-009
        var: 3.32566672807e-019
    spectral_energy:
        dmean: 0.00115246034693
        dmean2: 0.00181898532901
        dvar: 2.33394803217e-006
        dvar2: 5.82446818953e-006
        max: 0.018457993865
        mean: 0.00473082484677
        median: 0.00463094562292
        min: 1.03111205672e-020
        var: 8.26554969535e-006
    spectral_energyband_high:
        dmean: 0.000460526847746
        dmean2: 0.000798706605565
        dvar: 5.9569140376e-007
        dvar2: 1.65203925917e-006
        max: 0.00671086413786
        mean: 0.00105156691279
        median: 0.000834425620269
        min: 7.91898047474e-021
        var: 8.87572582542e-007
    spectral_energyband_low:
        dmean: 0.000168537095306
        dmean2: 0.000282631575828
        dvar: 9.39233615327e-008
        dvar2: 2.57354855648e-007
        max: 0.00323480996303
        mean: 0.000300187850371
        median: 0.000221774942474
        min: 6.7149430596e-023
        var: 1.09741080223e-007
    spectral_energyband_middle_high:
        dmean: 0.000634335563518
        dmean2: 0.00100698904134
        dvar: 4.7514569701e-007
        dvar2: 1.16630155844e-006
        max: 0.0110716689378
        mean: 0.00265736528672
        median: 0.00247611082159
        min: 1.30503715748e-021
        var: 3.38808399647e-006
    spectral_energyband_middle_low:
        dmean: 0.000399383920012
        dmean2: 0.000637312361505
        dvar: 4.35995929138e-007
        dvar2: 1.06877803319e-006
        max: 0.00744213256985
        mean: 0.000838070351165
        median: 0.000652742222883
        min: 2.52139281867e-022
        var: 6.05244792951e-007
    spectral_flatness_db:
        dmean: 0.0124869169667
        dmean2: 0.0198251996189
        dvar: 0.000134111236548
        dvar2: 0.000318163365591
        max: 0.298814177513
        mean: 0.137754291296
        median: 0.134668499231
        min: 0.0562461018562
        var: 0.000679372693412
    spectral_flux:
        dmean: 0.0066802049987
        dmean2: 0.0100185768679
        dvar: 6.55705443933e-005
        dvar2: 0.000124345169752
        max: 0.103157676756
        mean: 0.0415071286261
        median: 0.0428822636604
        min: 1.01543690123e-010
        var: 0.000306511152303
    spectral_kurtosis:
        dmean: 0.683560490608
        dmean2: 1.14179706573
        dvar: 0.526956439018
        dvar2: 1.43988382816
        max: 15.4854898453
        mean: 2.22441673279
        median: 2.0476975441
        min: -1.23733115196
        var: 1.47957849503
    spectral_rms:
        dmean: 0.000248424999882
        dmean2: 0.000382069498301
        dvar: 8.66066969252e-008
        dvar2: 2.03715458724e-007
        max: 0.0042435596697
        mean: 0.00201065163128
        median: 0.00212555797771
        min: 3.17169207564e-012
        var: 5.72716999159e-007
    spectral_rolloff:
        dmean: 331.943908691
        dmean2: 539.727111816
        dvar: 187720.390625
        dvar2: 395261
        max: 18690.8203125
        mean: 4098.88720703
        median: 4198.97460938
        min: 129.19921875
        var: 610889.5
    spectral_skewness:
        dmean: 0.143929600716
        dmean2: 0.23277848959
        dvar: 0.0206626579165
        dvar2: 0.0510731637478
        max: 3.27661848068
        mean: 1.02939331532
        median: 0.99965929985
        min: -0.0511910803616
        var: 0.0904541611671
    spectral_spread:
        dmean: 442059.96875
        dmean2: 644894.6875
        dvar: 311817011200
        dvar2: 565799616512
        max: 40699500
        mean: 5033857
        median: 4749648
        min: 2111314.5
        var: 2.54747292467e+012
    spectral_strongpeak:
        dmean: 0.6136957407
        dmean2: 1.07102930546
        dvar: 0.660310089588
        dvar2: 1.76893520355
        max: 8.01091098785
        mean: 0.819615125656
        median: 0.395210057497
        min: 1.66946423352e-009
        var: 0.996076703072
    zerocrossingrate:
        dmean: 0.00818712543696
        dmean2: 0.00988634396344
        dvar: 7.46465884731e-005
        dvar2: 9.26955399336e-005
        max: 0.51611328125
        mean: 0.128946587443
        median: 0.13037109375
        min: 0.01318359375
        var: 0.000705917133018
    barkbands:
        dmean: [6.25798435294e-008, 5.82691172895e-005, 0.000110790046165, 7.61739793234e-005, 0.000271411496215, 5.93925615249e-005, 3.48067405866e-005, 3.82333964808e-005, 7.12418550393e-005, 8.7802647613e-005, 7.00685777701e-005, 8.61084481585e-005, 8.71087031555e-005, 0.000103750178823, 8.99107908481e-005, 0.000113585345389, 0.000139506111736, 0.000190478691366, 0.00021707599808, 0.000309765368002, 0.000256231491221, 8.38297637529e-005, 1.2927480384e-005, 4.49637809652e-006, 1.99168630388e-006, 8.36331821574e-008, 6.9076910858e-010]
        dmean2: [1.0270041173e-007, 9.48394881561e-005, 0.00019289420743, 0.00012747758592, 0.000441050768131, 9.98394316412e-005, 5.68406940147e-005, 6.22414518148e-005, 0.000118325318908, 0.000146203892655, 0.000114650225441, 0.000140056406963, 0.000142058372148, 0.00017114279035, 0.000147748243762, 0.000187819678104, 0.000229088880587, 0.000319055689033, 0.000358930177754, 0.000525849522091, 0.000443981145509, 0.000145749785588, 2.14715109905e-005, 6.95696189723e-006, 3.08155335915e-006, 1.3071159799e-007, 1.12086562254e-009]
        dvar: [7.80693665639e-015, 1.1028643776e-008, 5.11250668467e-008, 1.19235403773e-008, 3.88150851904e-007, 1.1760916685e-008, 5.8469273867e-009, 7.09154202028e-009, 2.38735307079e-008, 2.77996559106e-008, 1.71702065899e-008, 2.37335751052e-008, 3.04069232016e-008, 3.65597898622e-008, 2.87435604207e-008, 4.48399859465e-008, 5.04754744668e-008, 7.22483477489e-008, 7.04697740161e-008, 1.57544164381e-007, 1.64848401596e-007, 2.28452528006e-008, 4.04721506309e-010, 6.81819323223e-011, 1.44811645314e-011, 4.23711460612e-014, 5.7092961272e-018]
        dvar2: [2.13868178945e-014, 2.76326943549e-008, 1.46245810129e-007, 3.22549809084e-008, 9.67259438767e-007, 3.10387875402e-008, 1.40768880996e-008, 1.75436944971e-008, 6.68183091079e-008, 7.49140980361e-008, 4.5598291365e-008, 6.0211817754e-008, 8.00577666382e-008, 9.75571126105e-008, 7.28048377141e-008, 1.15906239273e-007, 1.289146212e-007, 1.98607992274e-007, 1.83091160011e-007, 4.27610956422e-007, 4.55443682768e-007, 6.27447604984e-008, 1.01812203113e-009, 1.36341077317e-010, 3.26851080923e-011, 1.00044287904e-013, 1.3727390656e-017]
        max: [1.34278093356e-006, 0.00143912003841, 0.00239307619631, 0.00140791153535, 0.00680523132905, 0.00194559828378, 0.00190079119056, 0.0016064910451, 0.00270083965734, 0.0025830087252, 0.00215324922465, 0.00259568472393, 0.00427402975038, 0.00478788278997, 0.00491164065897, 0.00433529587463, 0.00502931093797, 0.00685491459444, 0.00446967501193, 0.00516071775928, 0.00400155549869, 0.00145512644667, 0.000316826277412, 0.000172452084371, 0.000111390996608, 7.43209830034e-006, 7.4983994125e-008]
        mean: [1.07307243979e-007, 8.65329711814e-005, 0.000148060295032, 0.000121967568703, 0.000341474253219, 8.92673560884e-005, 5.55667247681e-005, 5.75556623517e-005, 0.00011439852824, 0.000144159450429, 0.000114761634904, 0.00014884279517, 0.000149564875755, 0.000186064149602, 0.000158242153702, 0.000206710028579, 0.000261980807409, 0.000394799717469, 0.000528971082531, 0.000726100581232, 0.00051258050371, 0.000140008734888, 2.84823981929e-005, 1.03669235614e-005, 4.12426970797e-006, 1.41007745924e-007, 8.98316532272e-010]
        median: [6.01912830689e-008, 4.82475807075e-005, 9.3783804914e-005, 8.34808161017e-005, 0.000162784854183, 4.97363434988e-005, 2.43422946369e-005, 1.8283359168e-005, 4.10713328165e-005, 4.98601839354e-005, 4.10054781241e-005, 5.96830650466e-005, 6.01308020123e-005, 7.95339292381e-005, 7.59281683713e-005, 0.000122700235806, 0.000156578753376, 0.000300926010823, 0.00044310031808, 0.000579900399316, 0.000393946829718, 9.09323862288e-005, 1.91637209355e-005, 6.33908621239e-006, 2.39764699472e-006, 4.66584779701e-008, 1.96428776023e-010]
        min: [4.67853444706e-024, 1.19448387413e-023, 1.9117318286e-023, 5.34330768966e-023, 2.41894209607e-023, 3.6349290563e-023, 4.83951082333e-023, 3.46751257737e-023, 4.64702245156e-023, 3.47071251274e-023, 7.61049582453e-023, 6.61296417048e-023, 2.22398695626e-022, 1.44935470363e-022, 6.98296265423e-023, 1.0294662581e-022, 1.21814335884e-022, 1.58022445589e-022, 1.98099482582e-022, 2.10094598584e-022, 4.7414660151e-022, 5.1463225583e-022, 7.51111853557e-022, 9.04589652538e-022, 1.36938498328e-021, 1.57097824877e-021, 2.420629154e-021]
        var: [1.79346944603e-014, 1.43040699285e-008, 4.3256626725e-008, 1.85444974932e-008, 3.74966930394e-007, 1.62954858496e-008, 1.41047600266e-008, 1.51612749022e-008, 4.70882248749e-008, 5.76662557705e-008, 3.28991767162e-008, 5.45181570999e-008, 5.99251634981e-008, 1.07073844902e-007, 5.86479416143e-008, 8.48260484076e-008, 1.07625069745e-007, 1.7555456111e-007, 2.16217088678e-007, 4.03232490953e-007, 2.3510024505e-007, 2.53230911795e-008, 9.35653443612e-010, 2.02712846509e-010, 3.44722861367e-011, 8.25724512095e-014, 7.49586852474e-018]
    frequency_bands:
        dmean: [6.25798435294e-008, 5.82691172895e-005, 0.000110790046165, 7.61739793234e-005, 0.000271411496215, 5.93925615249e-005, 3.48067405866e-005, 3.82333964808e-005, 7.12418550393e-005, 8.7802647613e-005, 7.00685777701e-005, 8.61084481585e-005, 8.71087031555e-005, 0.000103750178823, 8.99107908481e-005, 0.000113585345389, 0.000139506111736, 0.000190478691366, 0.00021707599808, 0.000309765368002, 0.000256231491221, 8.38297637529e-005, 1.2927480384e-005, 4.49637809652e-006, 1.99168630388e-006, 8.36331821574e-008, 6.9076910858e-010, 5.33377786383e-011]
        dmean2: [1.0270041173e-007, 9.48394881561e-005, 0.00019289420743, 0.00012747758592, 0.000441050768131, 9.98394316412e-005, 5.68406940147e-005, 6.22414518148e-005, 0.000118325318908, 0.000146203892655, 0.000114650225441, 0.000140056406963, 0.000142058372148, 0.00017114279035, 0.000147748243762, 0.000187819678104, 0.000229088880587, 0.000319055689033, 0.000358930177754, 0.000525849522091, 0.000443981145509, 0.000145749785588, 2.14715109905e-005, 6.95696189723e-006, 3.08155335915e-006, 1.3071159799e-007, 1.12086562254e-009, 9.90505594212e-011]
        dvar: [7.80693665639e-015, 1.1028643776e-008, 5.11250668467e-008, 1.19235403773e-008, 3.88150851904e-007, 1.1760916685e-008, 5.8469273867e-009, 7.09154202028e-009, 2.38735307079e-008, 2.77996559106e-008, 1.71702065899e-008, 2.37335751052e-008, 3.04069232016e-008, 3.65597898622e-008, 2.87435604207e-008, 4.48399859465e-008, 5.04754744668e-008, 7.22483477489e-008, 7.04697740161e-008, 1.57544164381e-007, 1.64848401596e-007, 2.28452528006e-008, 4.04721506309e-010, 6.81819323223e-011, 1.44811645314e-011, 4.23711460612e-014, 5.7092961272e-018, 6.25211016235e-021]
        dvar2: [2.13868178945e-014, 2.76326943549e-008, 1.46245810129e-007, 3.22549809084e-008, 9.67259438767e-007, 3.10387875402e-008, 1.40768880996e-008, 1.75436944971e-008, 6.68183091079e-008, 7.49140980361e-008, 4.5598291365e-008, 6.0211817754e-008, 8.00577666382e-008, 9.75571126105e-008, 7.28048377141e-008, 1.15906239273e-007, 1.289146212e-007, 1.98607992274e-007, 1.83091160011e-007, 4.27610956422e-007, 4.55443682768e-007, 6.27447604984e-008, 1.01812203113e-009, 1.36341077317e-010, 3.26851080923e-011, 1.00044287904e-013, 1.3727390656e-017, 1.99304370301e-020]
        max: [1.34278093356e-006, 0.00143912003841, 0.00239307619631, 0.00140791153535, 0.00680523132905, 0.00194559828378, 0.00190079119056, 0.0016064910451, 0.00270083965734, 0.0025830087252, 0.00215324922465, 0.00259568472393, 0.00427402975038, 0.00478788278997, 0.00491164065897, 0.00433529587463, 0.00502931093797, 0.00685491459444, 0.00446967501193, 0.00516071775928, 0.00400155549869, 0.00145512644667, 0.000316826277412, 0.000172452084371, 0.000111390996608, 7.43209830034e-006, 7.4983994125e-008, 1.10172981849e-009]
        mean: [1.07307243979e-007, 8.65329711814e-005, 0.000148060295032, 0.000121967568703, 0.000341474253219, 8.92673560884e-005, 5.55667247681e-005, 5.75556623517e-005, 0.00011439852824, 0.000144159450429, 0.000114761634904, 0.00014884279517, 0.000149564875755, 0.000186064149602, 0.000158242153702, 0.000206710028579, 0.000261980807409, 0.000394799717469, 0.000528971082531, 0.000726100581232, 0.00051258050371, 0.000140008734888, 2.84823981929e-005, 1.03669235614e-005, 4.12426970797e-006, 1.41007745924e-007, 8.98316532272e-010, 4.20685500324e-011]
        median: [6.01912830689e-008, 4.82475807075e-005, 9.3783804914e-005, 8.34808161017e-005, 0.000162784854183, 4.97363434988e-005, 2.43422946369e-005, 1.8283359168e-005, 4.10713328165e-005, 4.98601839354e-005, 4.10054781241e-005, 5.96830650466e-005, 6.01308020123e-005, 7.95339292381e-005, 7.59281683713e-005, 0.000122700235806, 0.000156578753376, 0.000300926010823, 0.00044310031808, 0.000579900399316, 0.000393946829718, 9.09323862288e-005, 1.91637209355e-005, 6.33908621239e-006, 2.39764699472e-006, 4.66584779701e-008, 1.96428776023e-010, 1.46243399335e-011]
        min: [4.67853444706e-024, 1.19448387413e-023, 1.9117318286e-023, 5.34330768966e-023, 2.41894209607e-023, 3.6349290563e-023, 4.83951082333e-023, 3.46751257737e-023, 4.64702245156e-023, 3.47071251274e-023, 7.61049582453e-023, 6.61296417048e-023, 2.22398695626e-022, 1.44935470363e-022, 6.98296265423e-023, 1.0294662581e-022, 1.21814335884e-022, 1.58022445589e-022, 1.98099482582e-022, 2.10094598584e-022, 4.7414660151e-022, 5.1463225583e-022, 7.51111853557e-022, 9.04589652538e-022, 1.36938498328e-021, 1.57097824877e-021, 2.420629154e-021, 6.21313210326e-022]
        var: [1.79346944603e-014, 1.43040699285e-008, 4.3256626725e-008, 1.85444974932e-008, 3.74966930394e-007, 1.62954858496e-008, 1.41047600266e-008, 1.51612749022e-008, 4.70882248749e-008, 5.76662557705e-008, 3.28991767162e-008, 5.45181570999e-008, 5.99251634981e-008, 1.07073844902e-007, 5.86479416143e-008, 8.48260484076e-008, 1.07625069745e-007, 1.7555456111e-007, 2.16217088678e-007, 4.03232490953e-007, 2.3510024505e-007, 2.53230911795e-008, 9.35653443612e-010, 2.02712846509e-010, 3.44722861367e-011, 8.25724512095e-014, 7.49586852474e-018, 5.0471543869e-021]
    mfcc:
        mean: [-699.441833496, 69.0281143188, -46.2479705811, 53.3667297363, -14.372797966, 9.12043190002, 7.25575828552, -2.08838295937, -0.771791398525, -5.54532957077, -6.40476083755, -5.51683139801, -7.53035497665]
        cov: [[5827.00830078, -380.411621094, -462.025970459, 163.107727051, -371.283905029, 283.281555176, 50.1958351135, -57.1768493652, -55.6189880371, 30.5630302429, -60.9101104736, -134.516220093, -96.1552734375], [-380.411621094, 641.142333984, -77.8597412109, 51.6694335938, 13.764175415, 26.2539234161, 103.194190979, 79.0179672241, 45.9833145142, 27.4039649963, 48.6313209534, 48.6052894592, 27.9508399963], [-462.025970459, -77.8597412109, 394.277832031, 85.6787719727, 93.6371307373, 43.326461792, 31.4362602234, 4.00249910355, 4.94717884064, -15.5113887787, 2.95945668221, 10.7552061081, 15.4109992981], [163.107727051, 51.6694335938, 85.6787719727, 362.994293213, 110.916999817, 97.2977676392, 37.5678367615, -35.1064186096, 29.1830310822, 4.95909023285, 8.41358661652, -1.13079440594, -2.52026820183], [-371.283905029, 13.764175415, 93.6371307373, 110.916999817, 230.438858032, 59.1044044495, -8.03943538666, -33.2001266479, 12.3064498901, 12.8417835236, 4.08792257309, 11.040977478, 0.626858115196], [283.281555176, 26.2539234161, 43.326461792, 97.2977676392, 59.1044044495, 183.993179321, 84.7191619873, 0.790695607662, 9.58485507965, 36.1471138, 16.3272037506, -4.81502246857, -9.38260269165], [50.1958351135, 103.194190979, 31.4362602234, 37.5678367615, -8.03943538666, 84.7191619873, 217.992126465, 109.300468445, 38.4619140625, 28.1607608795, 36.2389831543, 19.3748245239, 5.24303674698], [-57.1768493652, 79.0179672241, 4.00249910355, -35.1064186096, -33.2001266479, 0.790695607662, 109.300468445, 169.59425354, 51.0525665283, 15.9924449921, 21.6714744568, 18.071352005, 13.1823320389], [-55.6189880371, 45.9833145142, 4.94717884064, 29.1830310822, 12.3064498901, 9.58485507965, 38.4619140625, 51.0525665283, 96.9606704712, 35.6049499512, 20.6993160248, 8.45867919922, 2.78309583664], [30.5630302429, 27.4039649963, -15.5113887787, 4.95909023285, 12.8417835236, 36.1471138, 28.1607608795, 15.9924449921, 35.6049499512, 96.658706665, 38.4336166382, 8.08333683014, 3.90420484543], [-60.9101104736, 48.6313209534, 2.95945668221, 8.41358661652, 4.08792257309, 16.3272037506, 36.2389831543, 21.6714744568, 20.6993160248, 38.4336166382, 85.4261398315, 30.1032066345, 1.9332638979], [-134.516220093, 48.6052894592, 10.7552061081, -1.13079440594, 11.040977478, -4.81502246857, 19.3748245239, 18.071352005, 8.45867919922, 8.08333683014, 30.1032066345, 68.8116073608, 30.086763382], [-96.1552734375, 27.9508399963, 15.4109992981, -2.52026820183, 0.626858115196, -9.38260269165, 5.24303674698, 13.1823320389, 2.78309583664, 3.90420484543, 1.9332638979, 30.086763382, 69.1603546143]]
        icov: [[0.000300630927086, 0.000227589538554, 0.00037180801155, -0.000287198345177, 0.000612947507761, -0.000673429807648, 9.21829923755e-005, -6.88526270096e-005, 9.11894894671e-005, -2.7435242373e-005, 0.000128256288008, 0.000107569074316, 8.93967517186e-005], [0.000227589538554, 0.00210323184729, 0.000888383248821, -0.000530283432454, 0.0001960277732, -0.000410591310356, -0.000548828742467, -0.000449605286121, -0.000190690538147, 0.000158458686201, -0.000393799913581, -0.000623920175713, -0.000399886601372], [0.00037180801155, 0.000888383248821, 0.00363141158596, -0.000752325868234, -0.000420731696067, -0.00104601040948, -0.000404307764256, -0.000367370113963, 5.44691683899e-005, 0.000992710352875, -0.000273567507975, 6.8655674113e-005, -0.00079657707829], [-0.000287198345177, -0.000530283432454, -0.000752325868234, 0.00424173986539, -0.00173275952693, -0.00080620101653, -0.000649914902169, 0.00159973790869, -0.00180239370093, 0.00116817757953, -0.00041393149877, 0.000413838773966, -0.000373965274775], [0.000612947507761, 0.0001960277732, -0.000420731696067, -0.00173275952693, 0.00728437211365, -0.00284500932321, 0.00138077815063, 0.000500432157423, -0.000485423981445, -0.000712888024282, 0.000902705069166, -0.00138786830939, 0.00078983430285], [-0.000673429807648, -0.000410591310356, -0.00104601040948, -0.00080620101653, -0.00284500932321, 0.0107875987887, -0.0045564151369, 0.00191418197937, 0.00118337932508, -0.00302234524861, 8.54240788613e-005, 0.00103720650077, 0.000572597840801], [9.21829923755e-005, -0.000548828742467, -0.000404307764256, -0.000649914902169, 0.00138077815063, -0.0045564151369, 0.00996561348438, -0.00582380173728, 0.000195499611436, 0.000177232403075, -0.00130731111858, -0.000912497926038, 0.00055591086857], [-6.88526270096e-005, -0.000449605286121, -0.000367370113963, 0.00159973790869, 0.000500432157423, 0.00191418197937, -0.00582380173728, 0.0116811832413, -0.00461417064071, 0.000725000456441, 5.82937936997e-005, -0.000177373221959, -0.00108342256863], [9.11894894671e-005, -0.000190690538147, 5.44691683899e-005, -0.00180239370093, -0.000485423981445, 0.00118337932508, 0.000195499611436, -0.00461417064071, 0.0151766939089, -0.00509894965217, -0.000185556011274, 4.99223388033e-005, 0.000816222513095], [-2.7435242373e-005, 0.000158458686201, 0.000992710352875, 0.00116817757953, -0.000712888024282, -0.00302234524861, 0.000177232403075, 0.000725000456441, -0.00509894965217, 0.0158147215843, -0.00639730878174, 0.00187298073433, -0.00215956009924], [0.000128256288008, -0.000393799913581, -0.000273567507975, -0.00041393149877, 0.000902705069166, 8.54240788613e-005, -0.00130731111858, 5.82937936997e-005, -0.000185556011274, -0.00639730878174, 0.0182495620102, -0.00812101084739, 0.00386609183624], [0.000107569074316, -0.000623920175713, 6.8655674113e-005, 0.000413838773966, -0.00138786830939, 0.00103720650077, -0.000912497926038, -0.000177373221959, 4.99223388033e-005, 0.00187298073433, -0.00812101084739, 0.023172756657, -0.00930378586054], [8.93967517186e-005, -0.000399886601372, -0.00079657707829, -0.000373965274775, 0.00078983430285, 0.000572597840801, 0.00055591086857, -0.00108342256863, 0.000816222513095, -0.00215956009924, 0.00386609183624, -0.00930378586054, 0.0191722232848]]
    sccoeffs:
        dmean: [0.0527455359697, 0.0438165813684, 0.0361556820571, 0.029173720628, 0.0207674689591, 0.0202944818884]
        dmean2: [0.0872088223696, 0.0731053426862, 0.0603900291026, 0.0481080263853, 0.0347379036248, 0.0322714708745]
        dvar: [0.00200442620553, 0.00124549632892, 0.000812839425635, 0.000530999444891, 0.000295737321721, 0.000332683790475]
        dvar2: [0.00517111457884, 0.00346991256811, 0.00225162087008, 0.0014106699964, 0.000785363838077, 0.000794502673671]
        max: [-0.309507280588, -0.517883121967, -0.560314714909, -0.567124068737, -0.585002839565, -0.572368741035]
        mean: [-0.672110140324, -0.772757351398, -0.791641831398, -0.784691035748, -0.787278711796, -0.719806373119]
        median: [-0.679714918137, -0.776916801929, -0.795199990273, -0.790174126625, -0.793567121029, -0.7163169384]
        min: [-0.964867353439, -0.96549731493, -0.962776124477, -0.958926141262, -0.966450512409, -0.958848059177]
        var: [0.0053043095395, 0.00323002412915, 0.00258649326861, 0.00213830592111, 0.00155355082825, 0.0016399663873]
    scvalleys:
        dmean: [0.362279653549, 0.343335181475, 0.285833895206, 0.246222451329, 0.211188286543, 0.245335638523]
        dmean2: [0.603901445866, 0.566513478756, 0.45548287034, 0.389476388693, 0.327531814575, 0.35593059659]
        dvar: [0.0954715013504, 0.0879058986902, 0.062800578773, 0.0572871677577, 0.0606140904129, 0.103884741664]
        dvar2: [0.236383795738, 0.216019555926, 0.139709025621, 0.115461945534, 0.11698756367, 0.206370219588]
        max: [-5.46748065948, -5.28205394745, -5.20617008209, -5.66614437103, -5.29769086838, -7.42934894562]
        mean: [-7.10590314865, -7.17597913742, -7.08264350891, -7.14652490616, -6.86715984344, -9.31042861938]
        median: [-6.81548547745, -7.03588962555, -6.92544364929, -6.88044691086, -6.46641540527, -8.97067642212]
        min: [-27.2545623779, -27.1917152405, -26.9385623932, -27.3655128479, -27.0378360748, -27.3363208771]
        var: [1.43430566788, 0.908252596855, 1.14767146111, 1.29464793205, 1.67255115509, 1.68774724007]

rhythm:
    beats_loudness:
        dmean: 0.00232298951596
        dmean2: 0.00442178174853
        dvar: 2.40840563492e-006
        dvar2: 7.68916925153e-006
        max: 0.0128173194826
        mean: 0.00596115924418
        median: 0.00611830689013
        min: 1.60287090267e-008
        var: 7.38280323276e-006
    bpm: 122.991409302
    bpm_confidence: 0
    first_peak_bpm: 123
    first_peak_spread: 0.122000008821
    first_peak_weight: 0.869306921959
    onset_rate: 2.8515048027
    second_peak_bpm: 112
    second_peak_spread: 0
    second_peak_weight: 0.00396039616317
    beats_loudness_band_ratio:
        dmean: [0.102884203196, 0.198961853981, 0.0408115722239, 0.0730659514666, 0.101447962224, 0.101955972612]
        dmean2: [0.179510220885, 0.387297987938, 0.0732749477029, 0.131577000022, 0.177569836378, 0.173471778631]
        dvar: [0.00859108101577, 0.015537279658, 0.00245636096224, 0.00647115008906, 0.0124480873346, 0.00710992142558]
        dvar2: [0.0255041960627, 0.0582678951323, 0.00681801931933, 0.0197083167732, 0.0360143594444, 0.0199766773731]
        max: [0.709315001965, 0.672197401524, 0.40300449729, 0.50955581665, 0.925037741661, 0.848652839661]
        mean: [0.228473097086, 0.154895678163, 0.0527318306267, 0.11232946068, 0.222777217627, 0.313634842634]
        median: [0.208367019892, 0.100136145949, 0.0350817851722, 0.0878804624081, 0.191297143698, 0.303662717342]
        min: [0.000103181948361, 0.00318800797686, 0.000573694880586, 0.00209127785638, 0.0584502778947, 0.0267302189022]
        var: [0.0143677508458, 0.0188343785703, 0.00248898449354, 0.00759182637557, 0.0139825735241, 0.0130448257551]
    beats_position: [0.49922901392, 0.99845802784, 1.48607707024, 1.97369611263, 2.46131515503, 2.94893407822, 3.43655323982, 3.92417216301, 4.41179132462, 4.8994102478, 5.38702917099, 5.87464857101, 6.3622674942, 6.84988641739, 7.33750534058, 7.8251247406, 8.31274318695, 8.80036258698, 9.287981987, 9.77560043335, 10.2632198334, 10.7508392334, 11.2268476486, 11.7028570175, 12.202085495, 12.7013149261, 13.1889343262, 13.6765527725, 14.1641721725, 14.6517915726, 15.1394100189, 15.6386394501, 16.1378688812, 16.6138763428, 17.1014957428, 17.5775051117, 18.0651245117, 18.5527439117, 19.0403633118, 19.5279808044, 20.0156002045, 20.5032196045, 20.9908390045, 21.4784584045, 21.9660758972, 22.4536952972, 22.9413146973, 23.4289340973, 23.9165534973, 24.40417099, 24.89179039, 25.37940979, 25.8670291901, 26.3546485901, 26.8422679901, 27.3298854828, 27.8175048828, 28.3051242828, 28.7927436829, 29.2803630829, 29.7679805756, 30.2555999756, 30.7432193756, 31.2308387756, 31.7184581757, 32.2060775757, 32.6936950684, 33.1813163757, 33.6689338684, 34.1565513611, 34.6441726685, 35.1317901611, 35.6194114685, 36.1070289612, 36.5946464539, 37.0822677612, 37.5698852539, 38.0575065613, 38.545124054, 39.0327415466, 39.520362854, 40.0079803467, 40.4956016541, 40.9832191467, 41.4708366394, 41.9584579468, 42.4460754395, 42.9336967468, 43.4213142395, 43.9089317322, 44.3965530396, 44.8841705322, 45.3717918396, 45.8594093323, 46.347026825, 46.8346481323, 47.322265625, 47.8214950562, 48.3207244873, 48.80834198, 49.2959632874, 49.78358078, 50.2712020874, 50.7588195801, 51.2464370728, 51.7340583801, 52.2216758728, 52.7092971802, 53.1853065491, 53.661315918, 54.1489334106, 54.6365509033, 55.1241722107, 55.6117897034, 56.0994110107, 56.5986366272, 57.0862579346, 57.5854873657, 58.0731048584, 58.5607261658, 59.0483436584, 59.5359611511, 60.0235824585, 60.5111999512, 60.9988212585, 61.4864387512, 61.9740562439, 62.4616775513, 62.9492950439, 63.4369163513, 63.924533844, 64.4121551514, 64.899772644, 65.3873901367, 65.8750076294, 66.3626327515, 66.8502502441, 67.3378677368, 67.8254852295, 68.3131027222, 68.8007278442, 69.2883453369, 69.7643508911, 70.2635803223, 70.7511978149, 71.238822937, 71.7264404297, 72.2140579224, 72.701675415, 73.1892929077, 73.6769180298, 74.1645355225, 74.6521530151, 75.1397705078, 75.6273880005, 76.1150131226, 76.5910186768, 77.0670318604, 77.554649353, 78.0422668457, 78.5414962769, 79.040725708, 79.5283432007, 80.0159606934, 80.503578186, 80.9912033081, 81.4788208008, 81.9664382935, 82.4540557861, 82.9416732788, 83.4292984009, 83.9169158936, 84.4045333862, 84.8921508789, 85.3797683716, 85.8673934937, 86.3550109863, 86.842628479, 87.3302459717, 87.8178634644, 88.3054885864, 88.7931060791, 89.2807235718, 89.7683410645, 90.2559585571, 90.7435836792, 91.2312011719, 91.730430603, 92.2064361572, 92.6940536499, 93.181678772, 93.6692962646, 94.1569137573, 94.64453125, 95.1321487427, 95.6197738647, 96.1073913574, 96.5950088501, 97.0826263428, 97.5702438354, 98.0578689575, 98.5454864502, 99.0331039429, 99.5207214355, 100.008346558, 100.49596405, 100.983581543, 101.471199036, 101.958816528, 102.44644165, 102.945663452, 103.444892883, 103.932518005, 104.420135498, 104.907752991, 105.395370483, 105.882987976, 106.370613098, 106.858230591, 107.345848083, 107.833465576, 108.321083069, 108.808708191, 109.296325684, 109.772331238, 110.25995636, 110.747573853, 111.246803284, 111.734420776, 112.222038269, 112.709655762, 113.197273254, 113.684898376, 114.172515869, 114.660133362, 115.147750854, 115.635368347, 116.122993469, 116.610610962, 117.098228455, 117.585845947, 118.07346344, 118.561088562, 119.048706055, 119.536323547, 120.02394104, 120.511566162, 120.999183655, 121.486801147, 121.97441864, 122.462036133, 122.949661255, 123.437278748, 123.92489624, 124.412513733, 124.900131226, 125.387756348, 125.87537384, 126.362991333, 126.850608826, 127.338226318, 127.82585144, 128.313461304, 128.801086426, 129.288711548, 129.776321411, 130.263946533, 130.751556396, 131.239181519, 131.726806641, 132.214416504, 132.702041626, 133.189651489, 133.677276611, 134.164901733, 134.652511597, 135.140136719, 135.627746582, 136.115371704, 136.602996826, 137.090606689, 137.578231812, 138.065841675, 138.553466797, 139.041091919, 139.528701782, 140.016326904, 140.503936768, 140.99156189, 141.479187012, 141.966796875, 142.454421997, 142.94203186, 143.429656982, 143.917282104, 144.404891968, 144.89251709, 145.368530273, 145.867752075, 146.355377197, 146.842987061, 147.330612183, 147.818222046, 148.305847168, 148.79347229, 149.281082153, 149.768707275, 150.256317139, 150.743942261, 151.231567383, 151.719177246, 152.206802368, 152.694412231, 153.182037354, 153.669662476, 154.157272339, 154.644897461, 155.132507324, 155.620132446, 156.107757568, 156.595367432, 157.082992554, 157.570602417, 158.058227539, 158.545852661, 159.033462524, 159.521087646, 160.00869751, 160.496322632, 160.983947754, 161.471557617, 161.959182739, 162.446792603, 162.934417725, 163.422042847, 163.90965271, 164.397277832, 164.884887695, 165.372512817, 165.860137939, 166.359359741, 166.858596802, 167.334594727, 167.81060791, 168.309844971, 168.809066772, 169.296691895, 169.784301758, 170.27192688, 170.759536743, 171.247161865, 171.723175049, 172.199172974, 172.686798096, 173.174423218, 173.662033081, 174.149658203, 174.637283325, 175.124893188, 175.612518311, 176.100128174, 176.587753296, 177.075378418, 177.562988281, 178.050613403, 178.538223267, 179.025848389, 179.513473511, 180.001083374, 180.488708496, 180.976318359, 181.47555542, 181.974777222, 182.462402344, 182.950012207, 183.437637329, 183.925262451, 184.412872314, 184.900497437, 185.3881073, 185.875732422, 186.340133667, 186.827758789, 187.326980591, 187.814605713, 188.302215576, 188.789840698, 189.265853882, 189.753463745, 190.252700806, 190.751922607, 191.239547729, 191.727157593, 192.214782715, 192.702392578, 193.1900177, 193.677642822, 194.165252686, 194.652877808, 195.140487671, 195.628112793, 196.104125977, 196.59173584, 197.079360962, 197.566986084, 198.066207886, 198.553833008, 199.041442871, 199.529067993, 200.016693115, 200.504302979, 200.991928101, 201.479537964, 201.967163086, 202.454788208, 202.942398071, 203.430023193, 203.917633057, 204.416870117, 204.892883301, 205.380493164, 205.868118286, 206.355728149, 206.843353271, 207.330978394, 207.818588257, 208.306213379, 208.793823242, 209.281448364, 209.769073486, 210.25668335, 210.744308472, 211.231918335, 211.719543457, 212.207168579, 212.694778442, 213.182403564, 213.670013428, 214.15763855, 214.645263672, 215.132873535, 215.620498657, 216.108108521, 216.595733643, 217.083358765, 217.570968628, 218.05859375, 218.546203613, 219.033828735, 219.521453857, 220.009063721, 220.496688843, 220.984298706, 221.471923828, 221.95954895, 222.447158813, 222.934783936, 223.434005737, 223.921630859, 224.420852661, 224.896865845, 225.372879028, 225.860488892, 226.348114014, 226.835739136, 227.323348999, 227.810974121, 228.298583984, 228.774597168, 229.273834229, 229.77305603, 230.272293091, 230.759902954, 231.247528076, 231.735137939, 232.222763062, 232.710388184, 233.197998047, 233.67401123, 234.173233032, 234.660858154, 235.148483276, 235.63609314, 236.123718262, 236.611328125, 237.098953247, 237.586578369, 238.074188232, 238.550201416, 239.0262146, 239.513824463, 240.001449585, 240.489059448, 240.97668457, 241.464309692, 241.951919556, 242.439544678, 242.927154541, 243.43800354, 243.972061157, 244.506118774, 245.016952515, 245.516189575, 246.003799438, 246.491424561, 246.990646362]
