
metadata:
    version:
        essentia: "2.1-beta2"
    audio_properties:
        analysis_sample_rate: 44100
        bitrate: 320
        channels: 2
        equal_loudness: 1
        length: 229.302856445
        replay_gain: -16.1015110016
        downmix: "mix"
    tags:
        album: "The Arockalypse"
        artist: "Lordi"
        comment: ""
        date: "2006"
        genre: "Hard Rock"
        title: "They Only Come Out At Night"
        tracknumber: "08"

configuration:
    average_loudness:
        compute: 1
        frameSize: 88200
        hopSize: 44100
        silentFrames: "noise"
        windowType: "hann"
    general:
        analysisSampleRate: 44100
        endTime: 2000
        equalLoudness: 1
        nequalLoudness: 0
        shortSound: 0
        startTime: 0
    lowlevel:
        compute: 1
        frameSize: 2048
        hopSize: 1024
        zeroPadding: 0
        silentFrames: "noise"
        windowType: "blackmanharris62"
        mfccStats: ["mean", "cov", "icov"]
        stats: ["mean", "var", "median", "min", "max", "dmean", "dmean2", "dvar", "dvar2"]
    panning:
        compute: 0
        frameSize: 8192
        hopSize: 2048
        zeroPadding: 8192
        silentFrames: "noise"
        windowType: "hann"
        stats: ["copy"]
    rhythm:
        compute: 1
        maxTempo: 208
        minTempo: 40
        method: "degara"
        stats: ["mean", "var", "median", "min", "max", "dmean", "dmean2", "dvar", "dvar2"]
    segmentation:
        compute: 0
        cpw: 5
        inc1: 300
        inc2: 50
        minimumSegmentsLength: 10
        size1: 1000
        size2: 600
    sfx:
        compute: 1
        stats: ["mean", "var", "median", "min", "max", "dmean", "dmean2", "dvar", "dvar2"]
    svm:
        compute: 0
    tonal:
        compute: 1
        frameSize: 4096
        hopSize: 2048
        zeroPadding: 0
        silentFrames: "noise"
        windowType: "blackmanharris62"
        stats: ["mean", "var", "median", "min", "max", "dmean", "dmean2", "dvar", "dvar2"]

lowlevel:
    average_loudness: 0.898801863194
    barkbands_kurtosis:
        dmean: 1.10314357281
        dmean2: 1.76392149925
        dvar: 3.68576550484
        dvar2: 8.49290847778
        max: 48.1925392151
        mean: 0.446324169636
        median: -0.0598374605179
        min: -1.94715511799
        var: 6.61546707153
    barkbands_skewness:
        dmean: 0.398589730263
        dmean2: 0.615198850632
        dvar: 0.199708074331
        dvar2: 0.433293372393
        max: 5.77123594284
        mean: -0.639311015606
        median: -0.850812733173
        min: -3.98771810532
        var: 0.970359325409
    barkbands_spread:
        dmean: 6.18174886703
        dmean2: 9.69263839722
        dvar: 37.3331756592
        dvar2: 87.0057830811
        max: 93.5311737061
        mean: 30.5964355469
        median: 28.8921394348
        min: 1.33844316006
        var: 162.284835815
    dissonance:
        dmean: 0.00776793574914
        dmean2: 0.0133692407981
        dvar: 0.000166550991707
        dvar2: 0.000472504878417
        max: 0.500000059605
        mean: 0.48816382885
        median: 0.491376519203
        min: 0.200500056148
        var: 0.000232250327826
    hfc:
        dmean: 3.06434321404
        dmean2: 5.06071853638
        dvar: 19.6763839722
        dvar2: 52.7365570068
        max: 50.2476997375
        mean: 10.6530723572
        median: 10.4825696945
        min: 1.21677182846e-016
        var: 61.111656189
    pitch:
        dmean: 964.617126465
        dmean2: 1793.28100586
        dvar: 1478025.125
        dvar2: 3596146.5
        max: 5247.33642578
        mean: 1586.32128906
        median: 781.120361328
        min: 55.6358757019
        var: 2225853.5
    pitch_instantaneous_confidence:
        dmean: 0.0782286077738
        dmean2: 0.128073215485
        dvar: 0.0046795536764
        dvar2: 0.0115299634635
        max: 0.945499777794
        mean: 0.343830347061
        median: 0.31252270937
        min: 0.106475174427
        var: 0.0169996805489
    pitch_salience:
        dmean: 0.0522275045514
        dmean2: 0.0859169512987
        dvar: 0.00245479191653
        dvar2: 0.00635399390012
        max: 0.938032984734
        mean: 0.676732957363
        median: 0.697059392929
        min: 0.128226354718
        var: 0.00806731637567
    silence_rate_20dB:
        dmean: 0
        dmean2: 0
        dvar: 0
        dvar2: 0
        max: 1
        mean: 1
        median: 1
        min: 1
        var: 0
    silence_rate_30dB:
        dmean: 0
        dmean2: 0
        dvar: 0
        dvar2: 0
        max: 1
        mean: 1
        median: 1
        min: 1
        var: 0
    silence_rate_60dB:
        dmean: 0.067841231823
        dmean2: 0.135696202517
        dvar: 0.0632310956717
        dvar2: 0.136737674475
        max: 1
        mean: 0.322972565889
        median: 0
        min: 0
        var: 0.21867968142
    spectral_centroid:
        dmean: 263.466552734
        dmean2: 421.223571777
        dvar: 89908.5859375
        dvar2: 208878.953125
        max: 10898.7460938
        mean: 2204.18530273
        median: 2305.49169922
        min: 137.89755249
        var: 496555.4375
    spectral_complexity:
        dmean: 3.95929527283
        dmean2: 6.24344301224
        dvar: 18.4598503113
        dvar2: 41.3308334351
        max: 52
        mean: 18.3014068604
        median: 20
        min: 0
        var: 144.687255859
    spectral_crest:
        dmean: 1.70752584934
        dmean2: 2.82991743088
        dvar: 2.72604465485
        dvar2: 6.97526264191
        max: 23.4817314148
        mean: 6.4394826889
        median: 5.69984769821
        min: 2.41126966476
        var: 7.38197660446
    spectral_decrease:
        dmean: 2.26494462074e-010
        dmean2: 3.60537155686e-010
        dvar: 9.01754822184e-020
        dvar2: 2.27701212542e-019
        max: -9.69032479066e-030
        mean: -9.67535496166e-010
        median: -9.64817226112e-010
        min: -3.66997632284e-009
        var: 3.59806583409e-019
    spectral_energy:
        dmean: 0.00111079530325
        dmean2: 0.00178063940257
        dvar: 2.27235068451e-006
        dvar2: 5.80710229769e-006
        max: 0.0184089541435
        mean: 0.00461797881871
        median: 0.004576085601
        min: 1.10730435764e-020
        var: 8.68181268743e-006
    spectral_energyband_high:
        dmean: 0.000273281737464
        dmean2: 0.000472980405902
        dvar: 2.16297848965e-007
        dvar2: 6.10763777331e-007
        max: 0.00448788655922
        mean: 0.000579048704822
        median: 0.000473491207231
        min: 8.1469309336e-021
        var: 2.9867453577e-007
    spectral_energyband_low:
        dmean: 0.000173732274561
        dmean2: 0.00027922357549
        dvar: 6.70142767945e-008
        dvar2: 1.73920724933e-007
        max: 0.00378567818552
        mean: 0.000412752415286
        median: 0.000330043025315
        min: 3.04050974244e-023
        var: 1.40666074344e-007
    spectral_energyband_middle_high:
        dmean: 0.000783180585131
        dmean2: 0.00124350748956
        dvar: 8.94325808076e-007
        dvar2: 2.18153695641e-006
        max: 0.0129514168948
        mean: 0.00304209603928
        median: 0.0028523511719
        min: 1.43053576409e-021
        var: 5.23990684087e-006
    spectral_energyband_middle_low:
        dmean: 0.00030224211514
        dmean2: 0.000501105270814
        dvar: 3.14615931529e-007
        dvar2: 8.3704469489e-007
        max: 0.00627094041556
        mean: 0.000672030204441
        median: 0.000565663911402
        min: 3.97257704851e-022
        var: 3.8911844058e-007
    spectral_flatness_db:
        dmean: 0.0137405646965
        dmean2: 0.0212794803083
        dvar: 0.000198374807951
        dvar2: 0.000448155304184
        max: 0.410129547119
        mean: 0.140580356121
        median: 0.133213058114
        min: 0.049315046519
        var: 0.00121083401609
    spectral_flux:
        dmean: 0.00666627148166
        dmean2: 0.0099519379437
        dvar: 6.37445409666e-005
        dvar2: 0.000126264552819
        max: 0.105033703148
        mean: 0.0396237894893
        median: 0.0421439632773
        min: 1.05228527281e-010
        var: 0.000357764947694
    spectral_kurtosis:
        dmean: 1.05116665363
        dmean2: 1.74705839157
        dvar: 7.50241279602
        dvar2: 21.0028324127
        max: 90.5472106934
        mean: 3.65156579018
        median: 3.05916213989
        min: -1.20343053341
        var: 18.1089878082
    spectral_rms:
        dmean: 0.000239311513724
        dmean2: 0.000373957009288
        dvar: 7.78910873578e-008
        dvar2: 1.87366808291e-007
        max: 0.00423791864887
        mean: 0.00195511663333
        median: 0.00211293017492
        min: 3.28678707515e-012
        var: 6.82875565872e-007
    spectral_rolloff:
        dmean: 379.291564941
        dmean2: 617.468383789
        dvar: 265883.4375
        dvar2: 557322.625
        max: 18798.4863281
        mean: 3626.58544922
        median: 3746.77734375
        min: 86.1328125
        var: 945627.75
    spectral_skewness:
        dmean: 0.179028362036
        dmean2: 0.294589132071
        dvar: 0.0652882605791
        dvar2: 0.179077222943
        max: 7.85276603699
        mean: 1.38413417339
        median: 1.35517334938
        min: -0.0829653963447
        var: 0.218463912606
    spectral_spread:
        dmean: 524199.96875
        dmean2: 765741.375
        dvar: 519458258944
        dvar2: 968978464768
        max: 40597760
        mean: 5406261
        median: 4949321
        min: 980732.5
        var: 5.53190896435e+012
    spectral_strongpeak:
        dmean: 0.620898127556
        dmean2: 1.05775558949
        dvar: 0.708332121372
        dvar2: 1.79887855053
        max: 13.2778282166
        mean: 0.940421998501
        median: 0.299523413181
        min: 5.22487964005e-009
        var: 1.49303281307
    zerocrossingrate:
        dmean: 0.00739131029695
        dmean2: 0.00879835803062
        dvar: 6.69092914904e-005
        dvar2: 7.98679757281e-005
        max: 0.5068359375
        mean: 0.117226600647
        median: 0.12060546875
        min: 0.01220703125
        var: 0.000898727157619
    barkbands:
        dmean: [1.05816859275e-007, 5.96961399424e-005, 0.000119666474347, 6.86812345521e-005, 0.000196762688574, 5.42617781321e-005, 3.85767125408e-005, 3.11648145725e-005, 5.48190073459e-005, 3.90569948649e-005, 4.86477765662e-005, 5.1124017773e-005, 9.60185134318e-005, 0.000125391146867, 0.000127586114104, 0.000176665838808, 0.000264917238383, 0.000211369493627, 0.000294099154416, 0.000212773462408, 0.000149606537889, 4.0325379814e-005, 1.20788454296e-005, 3.45318721884e-006, 2.20040124077e-006, 1.19879544513e-007, 5.30104793395e-010]
        dmean2: [1.39217902984e-007, 9.85460428637e-005, 0.000195192085812, 0.000113626927487, 0.000337998790201, 8.59614592628e-005, 6.20053979219e-005, 5.0846600061e-005, 8.89236107469e-005, 6.27693298156e-005, 7.83586801845e-005, 8.27661642688e-005, 0.000155139059643, 0.000206753073144, 0.000208897865377, 0.000288557319436, 0.000430577492807, 0.000347174966009, 0.000494343403261, 0.000365426385542, 0.000260071479715, 6.93584152032e-005, 2.1272302547e-005, 5.45177863387e-006, 3.39793359672e-006, 1.85366374694e-007, 8.57178161784e-010]
        dvar: [6.53512549523e-014, 9.57824752845e-009, 3.80150240176e-008, 9.96429250222e-009, 2.3392992432e-007, 9.64468949149e-009, 6.42436859266e-009, 4.18970547145e-009, 9.98953986198e-009, 4.03891808887e-009, 8.31790902822e-009, 8.54818527074e-009, 3.33316698686e-008, 5.00330799014e-008, 4.67909160307e-008, 7.64550094345e-008, 1.62001938975e-007, 8.52306030197e-008, 1.84571760542e-007, 8.75934773603e-008, 6.66554953455e-008, 5.90002935397e-009, 7.86291420862e-010, 7.93985571734e-011, 4.63642214898e-011, 1.58978150197e-013, 1.72992158912e-018]
        dvar2: [1.02539436902e-013, 2.53788297044e-008, 9.84069075116e-008, 2.65764512619e-008, 6.40433540866e-007, 2.41768631781e-008, 1.582542275e-008, 1.03334905077e-008, 2.57852281749e-008, 1.03407238328e-008, 2.0476987217e-008, 2.18124149853e-008, 8.67872600452e-008, 1.32157140342e-007, 1.23412121411e-007, 1.9329826273e-007, 4.06470007874e-007, 2.18971948129e-007, 4.95109816256e-007, 2.45375957775e-007, 1.88712789395e-007, 1.66655009792e-008, 2.2733204208e-009, 1.77830403181e-010, 9.47000255991e-011, 3.36054805945e-013, 4.27343838321e-018]
        max: [3.66983613276e-006, 0.00109954748768, 0.00294581847265, 0.00237748003565, 0.00501109519973, 0.00148283399176, 0.00184024334885, 0.00168949272484, 0.00192888919264, 0.00121952034533, 0.00259104720317, 0.0020168859046, 0.00350542110391, 0.00444206735119, 0.00398319633678, 0.0049857236445, 0.00849041156471, 0.00496143009514, 0.00966163165867, 0.00303916377015, 0.00245719240047, 0.000979135860689, 0.000404484570026, 0.000314859760692, 0.000252032768913, 1.86351426237e-005, 7.03586593431e-008]
        mean: [1.29079666067e-007, 0.00011519814143, 0.000234042920056, 0.000125959326397, 0.000240686611505, 8.55943071656e-005, 5.92140422668e-005, 4.71449020552e-005, 9.30342721404e-005, 6.73137474223e-005, 7.77173190727e-005, 9.03537948034e-005, 0.000180303060915, 0.000229634417337, 0.000243033355218, 0.000338576937793, 0.000518909655511, 0.00044249711209, 0.000612232834101, 0.000436623377027, 0.000278144289041, 6.94962946e-005, 1.95075608644e-005, 7.48551110519e-006, 4.90752972837e-006, 2.37472150388e-007, 7.87202414365e-010]
        median: [1.63191806735e-008, 7.92068822193e-005, 0.000151091750013, 8.72420132509e-005, 0.000124892729218, 4.34299763583e-005, 2.67597788479e-005, 2.01487018785e-005, 3.93486116081e-005, 3.56297168764e-005, 3.06394904328e-005, 4.03589365305e-005, 5.59191212233e-005, 9.92248023977e-005, 0.000106227555079, 0.000208660290809, 0.000331013085088, 0.000346526852809, 0.000462325057015, 0.000346298853401, 0.000219223395106, 4.44255201728e-005, 1.12681282189e-005, 4.94790037919e-006, 3.48731146005e-006, 1.49417303419e-007, 4.25018242822e-010]
        min: [6.20963221142e-023, 1.4588712376e-024, 7.51821045822e-024, 6.33552573442e-024, 6.97218555208e-023, 5.52409188994e-023, 8.02735643258e-023, 1.26005762133e-022, 4.90187911313e-023, 5.63437906211e-023, 4.64676338964e-023, 1.01801496388e-022, 6.95643420862e-023, 6.92950060405e-023, 1.18208055101e-022, 9.93746194553e-023, 2.05643946331e-022, 2.67565059283e-022, 2.81011338563e-022, 2.5777444979e-022, 4.7144710687e-022, 7.19363344944e-022, 5.8286728525e-022, 9.63235364524e-022, 1.40381778992e-021, 1.64367179381e-021, 2.61417790628e-021]
        var: [1.07759063988e-013, 1.63861919589e-008, 7.41278398664e-008, 1.90496063368e-008, 1.88032927895e-007, 1.46861696138e-008, 1.0520093241e-008, 9.15472408991e-009, 2.10815063184e-008, 8.98897134505e-009, 1.806421146e-008, 2.08065653595e-008, 9.21257168329e-008, 1.21211513715e-007, 1.10851537727e-007, 1.71618054878e-007, 3.87088618936e-007, 1.94407490994e-007, 4.16303976181e-007, 1.71526565396e-007, 8.00896629016e-008, 7.29841698188e-009, 7.5719308601e-010, 1.71916245129e-010, 9.57156021109e-011, 3.01642527145e-013, 1.69793358426e-018]
    frequency_bands:
        dmean: [1.05816859275e-007, 5.96961399424e-005, 0.000119666474347, 6.86812345521e-005, 0.000196762688574, 5.42617781321e-005, 3.85767125408e-005, 3.11648145725e-005, 5.48190073459e-005, 3.90569948649e-005, 4.86477765662e-005, 5.1124017773e-005, 9.60185134318e-005, 0.000125391146867, 0.000127586114104, 0.000176665838808, 0.000264917238383, 0.000211369493627, 0.000294099154416, 0.000212773462408, 0.000149606537889, 4.0325379814e-005, 1.20788454296e-005, 3.45318721884e-006, 2.20040124077e-006, 1.19879544513e-007, 5.30104793395e-010, 5.63254790031e-011]
        dmean2: [1.39217902984e-007, 9.85460428637e-005, 0.000195192085812, 0.000113626927487, 0.000337998790201, 8.59614592628e-005, 6.20053979219e-005, 5.0846600061e-005, 8.89236107469e-005, 6.27693298156e-005, 7.83586801845e-005, 8.27661642688e-005, 0.000155139059643, 0.000206753073144, 0.000208897865377, 0.000288557319436, 0.000430577492807, 0.000347174966009, 0.000494343403261, 0.000365426385542, 0.000260071479715, 6.93584152032e-005, 2.1272302547e-005, 5.45177863387e-006, 3.39793359672e-006, 1.85366374694e-007, 8.57178161784e-010, 1.03226129033e-010]
        dvar: [6.53512549523e-014, 9.57824752845e-009, 3.80150240176e-008, 9.96429250222e-009, 2.3392992432e-007, 9.64468949149e-009, 6.42436859266e-009, 4.18970547145e-009, 9.98953986198e-009, 4.03891808887e-009, 8.31790902822e-009, 8.54818527074e-009, 3.33316698686e-008, 5.00330799014e-008, 4.67909160307e-008, 7.64550094345e-008, 1.62001938975e-007, 8.52306030197e-008, 1.84571760542e-007, 8.75934773603e-008, 6.66554953455e-008, 5.90002935397e-009, 7.86291420862e-010, 7.93985571734e-011, 4.63642214898e-011, 1.58978150197e-013, 1.72992158912e-018, 8.30095777977e-020]
        dvar2: [1.02539436902e-013, 2.53788297044e-008, 9.84069075116e-008, 2.65764512619e-008, 6.40433540866e-007, 2.41768631781e-008, 1.582542275e-008, 1.03334905077e-008, 2.57852281749e-008, 1.03407238328e-008, 2.0476987217e-008, 2.18124149853e-008, 8.67872600452e-008, 1.32157140342e-007, 1.23412121411e-007, 1.9329826273e-007, 4.06470007874e-007, 2.18971948129e-007, 4.95109816256e-007, 2.45375957775e-007, 1.88712789395e-007, 1.66655009792e-008, 2.2733204208e-009, 1.77830403181e-010, 9.47000255991e-011, 3.36054805945e-013, 4.27343838321e-018, 2.12195375918e-019]
        max: [3.66983613276e-006, 0.00109954748768, 0.00294581847265, 0.00237748003565, 0.00501109519973, 0.00148283399176, 0.00184024334885, 0.00168949272484, 0.00192888919264, 0.00121952034533, 0.00259104720317, 0.0020168859046, 0.00350542110391, 0.00444206735119, 0.00398319633678, 0.0049857236445, 0.00849041156471, 0.00496143009514, 0.00966163165867, 0.00303916377015, 0.00245719240047, 0.000979135860689, 0.000404484570026, 0.000314859760692, 0.000252032768913, 1.86351426237e-005, 7.03586593431e-008, 1.96797795837e-008]
        mean: [1.29079666067e-007, 0.00011519814143, 0.000234042920056, 0.000125959326397, 0.000240686611505, 8.55943071656e-005, 5.92140422668e-005, 4.71449020552e-005, 9.30342721404e-005, 6.73137474223e-005, 7.77173190727e-005, 9.03537948034e-005, 0.000180303060915, 0.000229634417337, 0.000243033355218, 0.000338576937793, 0.000518909655511, 0.00044249711209, 0.000612232834101, 0.000436623377027, 0.000278144289041, 6.94962946e-005, 1.95075608644e-005, 7.48551110519e-006, 4.90752972837e-006, 2.37472150388e-007, 7.87202414365e-010, 4.27427537808e-011]
        median: [1.63191806735e-008, 7.92068822193e-005, 0.000151091750013, 8.72420132509e-005, 0.000124892729218, 4.34299763583e-005, 2.67597788479e-005, 2.01487018785e-005, 3.93486116081e-005, 3.56297168764e-005, 3.06394904328e-005, 4.03589365305e-005, 5.59191212233e-005, 9.92248023977e-005, 0.000106227555079, 0.000208660290809, 0.000331013085088, 0.000346526852809, 0.000462325057015, 0.000346298853401, 0.000219223395106, 4.44255201728e-005, 1.12681282189e-005, 4.94790037919e-006, 3.48731146005e-006, 1.49417303419e-007, 4.25018242822e-010, 1.27957219473e-011]
        min: [6.20963221142e-023, 1.4588712376e-024, 7.51821045822e-024, 6.33552573442e-024, 6.97218555208e-023, 5.52409188994e-023, 8.02735643258e-023, 1.26005762133e-022, 4.90187911313e-023, 5.63437906211e-023, 4.64676338964e-023, 1.01801496388e-022, 6.95643420862e-023, 6.92950060405e-023, 1.18208055101e-022, 9.93746194553e-023, 2.05643946331e-022, 2.67565059283e-022, 2.81011338563e-022, 2.5777444979e-022, 4.7144710687e-022, 7.19363344944e-022, 5.8286728525e-022, 9.63235364524e-022, 1.40381778992e-021, 1.64367179381e-021, 2.61417790628e-021, 6.43745789142e-022]
        var: [1.07759063988e-013, 1.63861919589e-008, 7.41278398664e-008, 1.90496063368e-008, 1.88032927895e-007, 1.46861696138e-008, 1.0520093241e-008, 9.15472408991e-009, 2.10815063184e-008, 8.98897134505e-009, 1.806421146e-008, 2.08065653595e-008, 9.21257168329e-008, 1.21211513715e-007, 1.10851537727e-007, 1.71618054878e-007, 3.87088618936e-007, 1.94407490994e-007, 4.16303976181e-007, 1.71526565396e-007, 8.00896629016e-008, 7.29841698188e-009, 7.5719308601e-010, 1.71916245129e-010, 9.57156021109e-011, 3.01642527145e-013, 1.69793358426e-018, 4.39485776964e-020]
    mfcc:
        mean: [-718.684875488, 72.1357803345, -49.5632019043, 52.0814170837, 1.05898809433, 5.10625219345, 4.94934368134, -2.23362541199, 2.11066818237, -3.81703424454, -2.59141039848, -3.85079407692, -5.65247249603]
        cov: [[12429.9814453, 1090.22180176, -1245.35522461, 1005.22967529, -76.8004989624, 290.606414795, 1.78574573994, -2.10259032249, 22.9110946655, -22.6691493988, 33.9173088074, 48.129611969, 36.2241592407], [1090.22180176, 658.603759766, -171.102706909, 124.156555176, 75.2358856201, 64.8718719482, 52.3541717529, -8.72981643677, 34.9791755676, -17.9231681824, -7.18681430817, -7.77197265625, -16.0800094604], [-1245.35522461, -171.102706909, 608.277160645, 42.6523094177, 93.8458175659, -9.71288013458, -36.2079277039, 20.7565097809, 14.7897005081, -11.7292318344, -0.307074993849, 1.09792220592, -9.24320316315], [1005.22967529, 124.156555176, 42.6523094177, 528.654052734, 152.73777771, 58.5749473572, 40.2991714478, 37.1732940674, 52.2649230957, -19.5529079437, 10.8950376511, 23.9821090698, 3.44589114189], [-76.8004989624, 75.2358856201, 93.8458175659, 152.73777771, 227.538345337, 72.4491043091, 48.5005187988, 16.1694030762, 39.8590011597, -1.34043359756, 16.8757476807, 13.325671196, 1.24696111679], [290.606414795, 64.8718719482, -9.71288013458, 58.5749473572, 72.4491043091, 170.794967651, 74.7541656494, -0.387254089117, -3.35250782967, 5.51393651962, 19.4568786621, -4.13335752487, 3.29450201988], [1.78574573994, 52.3541717529, -36.2079277039, 40.2991714478, 48.5005187988, 74.7541656494, 160.778671265, 42.4515190125, 17.5561618805, 7.3263258934, 26.8803596497, 11.5618114471, -0.664712250233], [-2.10259032249, -8.72981643677, 20.7565097809, 37.1732940674, 16.1694030762, -0.387254089117, 42.4515190125, 93.7470474243, 36.344871521, 6.8258600235, 12.8754711151, 13.327088356, 2.46698045731], [22.9110946655, 34.9791755676, 14.7897005081, 52.2649230957, 39.8590011597, -3.35250782967, 17.5561618805, 36.344871521, 99.563369751, 36.5270614624, 14.0989284515, 9.79585361481, -4.49418973923], [-22.6691493988, -17.9231681824, -11.7292318344, -19.5529079437, -1.34043359756, 5.51393651962, 7.3263258934, 6.8258600235, 36.5270614624, 85.8975372314, 34.2169761658, 4.68243980408, 1.39292109013], [33.9173088074, -7.18681430817, -0.307074993849, 10.8950376511, 16.8757476807, 19.4568786621, 26.8803596497, 12.8754711151, 14.0989284515, 34.2169761658, 68.5743865967, 25.1829242706, 5.18202257156], [48.129611969, -7.77197265625, 1.09792220592, 23.9821090698, 13.325671196, -4.13335752487, 11.5618114471, 13.327088356, 9.79585361481, 4.68243980408, 25.1829242706, 58.7362670898, 20.4346313477], [36.2241592407, -16.0800094604, -9.24320316315, 3.44589114189, 1.24696111679, 3.29450201988, -0.664712250233, 2.46698045731, -4.49418973923, 1.39292109013, 5.18202257156, 20.4346313477, 59.7364501953]]
        icov: [[0.00016051287821, -0.000157603572006, 0.000283544126432, -0.000347839406459, 0.000269810843747, -0.000322931300616, 0.000317396596074, -0.000120711963973, 5.22130576428e-005, -6.12800931776e-006, -8.48913696245e-005, -0.000103641032183, -8.23695063445e-006], [-0.000157603572006, 0.00208618445322, 0.000359036697773, 9.41970356507e-005, -0.000731449166778, -6.15043609287e-005, -0.00053870328702, 0.000678589392919, -0.000977126532234, 0.00074147322448, 0.000246926996624, 0.000306489673676, 0.000474831555039], [0.000283544126432, 0.000359036697773, 0.00259076268412, -0.00058379053371, -0.000720475334674, -0.000534184917342, 0.00131249171682, -0.000752008461859, -6.84058177285e-005, 0.000482747826027, -0.000298092403682, -1.77922083822e-005, 0.000464961165562], [-0.000347839406459, 9.41970356507e-005, -0.00058379053371, 0.00330175599083, -0.00192146538757, 0.000301935011521, -0.000388374173781, -0.000322180625517, -0.000977306859568, 0.00100700126495, 9.81843622867e-005, -0.000398931268137, 1.8875587557e-005], [0.000269810843747, -0.000731449166778, -0.000720475334674, -0.00192146538757, 0.00768960081041, -0.00269578024745, -0.000311607785989, 0.000682058627717, -0.00221702014096, 0.000925700936932, -0.000712355831638, -0.000864228582941, -0.000235573999817], [-0.000322931300616, -6.15043609287e-005, -0.000534184917342, 0.000301935011521, -0.00269578024745, 0.00969482772052, -0.00443725287914, 0.00171608047094, 0.00176824384835, -0.000840489345137, -0.0014175149845, 0.0027080734726, -0.00117023277562], [0.000317396596074, -0.00053870328702, 0.00131249171682, -0.000388374173781, -0.000311607785989, -0.00443725287914, 0.0105478549376, -0.00461164815351, 0.000127477338538, 0.000648118671961, -0.00215133046731, -0.000951061723754, 0.00095349404728], [-0.000120711963973, 0.000678589392919, -0.000752008461859, -0.000322180625517, 0.000682058627717, 0.00171608047094, -0.00461164815351, 0.0152056459337, -0.00532655278221, 0.00170570728369, -0.00091246177908, -0.000855305406731, -0.000698838673998], [5.22130576428e-005, -0.000977126532234, -6.84058177285e-005, -0.000977306859568, -0.00221702014096, 0.00176824384835, 0.000127477338538, -0.00532655278221, 0.0166413802654, -0.00798506941646, 0.00202957750298, -0.00156820099801, 0.00171982939355], [-6.12800931776e-006, 0.00074147322448, 0.000482747826027, 0.00100700126495, 0.000925700936932, -0.000840489345137, 0.000648118671961, 0.00170570728369, -0.00798506941646, 0.0190257709473, -0.00958897452801, 0.00321848713793, -0.00112982245628], [-8.48913696245e-005, 0.000246926996624, -0.000298092403682, 9.81843622867e-005, -0.000712355831638, -0.0014175149845, -0.00215133046731, -0.00091246177908, 0.00202957750298, -0.00958897452801, 0.0240358803421, -0.00974464789033, 0.0017976150848], [-0.000103641032183, 0.000306489673676, -1.77922083822e-005, -0.000398931268137, -0.000864228582941, 0.0027080734726, -0.000951061723754, -0.000855305406731, -0.00156820099801, 0.00321848713793, -0.00974464789033, 0.0249916147441, -0.00783778913319], [-8.23695063445e-006, 0.000474831555039, 0.000464961165562, 1.8875587557e-005, -0.000235573999817, -0.00117023277562, 0.00095349404728, -0.000698838673998, 0.00171982939355, -0.00112982245628, 0.0017976150848, -0.00783778913319, 0.0197337362915]]
    sccoeffs:
        dmean: [0.0503302626312, 0.0427396222949, 0.0348405651748, 0.0298458300531, 0.0214317068458, 0.0203808564693]
        dmean2: [0.0829960629344, 0.0709651112556, 0.0570316836238, 0.04952063784, 0.0350831858814, 0.0328778848052]
        dvar: [0.00170527189039, 0.00118889193982, 0.000771182822064, 0.000561018881854, 0.000325812899973, 0.000372396636521]
        dvar2: [0.00468366080895, 0.00323947891593, 0.00202770694159, 0.00150991627015, 0.000821969355457, 0.000894367345609]
        max: [-0.352299690247, -0.536919891834, -0.542125999928, -0.559309482574, -0.608632028103, -0.626217365265]
        mean: [-0.650618135929, -0.783972501755, -0.803074002266, -0.788455367088, -0.796952545643, -0.759775042534]
        median: [-0.64785194397, -0.78525865078, -0.805808782578, -0.788137316704, -0.79882401228, -0.755394816399]
        min: [-0.977206110954, -0.963958203793, -0.965009272099, -0.960060060024, -0.958401501179, -0.958843708038]
        var: [0.00588894542307, 0.00344614544883, 0.00281987013295, 0.00223314738832, 0.00165154167917, 0.00167494430207]
    scvalleys:
        dmean: [0.395285844803, 0.355583548546, 0.311105549335, 0.272390127182, 0.260354965925, 0.226750105619]
        dmean2: [0.655268669128, 0.571540176868, 0.490788161755, 0.420394718647, 0.39277780056, 0.338709980249]
        dvar: [0.112926036119, 0.100617006421, 0.0905914828181, 0.0866789892316, 0.104121625423, 0.0885816588998]
        dvar2: [0.295655041933, 0.225938215852, 0.19406427443, 0.171249195933, 0.213803082705, 0.178015530109]
        max: [-5.57186794281, -5.3101234436, -5.57982826233, -5.3165345192, -5.27456331253, -7.1839556694]
        mean: [-7.49251317978, -7.34813690186, -7.40569257736, -7.15920829773, -6.98753023148, -9.40880584717]
        median: [-6.99852228165, -6.99178647995, -7.05429458618, -6.78498363495, -6.49003314972, -9.0050611496]
        min: [-27.1205997467, -27.3370800018, -27.1879081726, -27.2680110931, -27.2393836975, -27.2352733612]
        var: [3.28326392174, 2.15140247345, 2.03825354576, 2.17693758011, 2.20065307617, 2.07058191299]

rhythm:
    beats_loudness:
        dmean: 0.00188841705676
        dmean2: 0.00358375418
        dvar: 2.45130991061e-006
        dvar2: 8.27792518976e-006
        max: 0.0127375777811
        mean: 0.00524546066299
        median: 0.00562120508403
        min: 2.31900176145e-012
        var: 7.69095095166e-006
    bpm: 144.882202148
    bpm_confidence: 0
    first_peak_bpm: 144
    first_peak_spread: 0.34622824192
    first_peak_weight: 0.607913672924
    onset_rate: 3.03964829445
    second_peak_bpm: 167
    second_peak_spread: 0
    second_peak_weight: 0.0161870494485
    beats_loudness_band_ratio:
        dmean: [0.0812565237284, 0.126261174679, 0.0368991903961, 0.0725869834423, 0.101099990308, 0.0834769532084]
        dmean2: [0.149017423391, 0.248413801193, 0.0630720928311, 0.131756067276, 0.173644319177, 0.143072038889]
        dvar: [0.00910478178412, 0.0096980901435, 0.00382085633464, 0.0066474666819, 0.0077925096266, 0.00654409918934]
        dvar2: [0.029422800988, 0.0362714007497, 0.0105170570314, 0.0200039651245, 0.0210796426982, 0.0174513272941]
        max: [0.810368180275, 0.433296948671, 0.885743677616, 0.739356994629, 0.736087083817, 0.921206593513]
        mean: [0.136815831065, 0.117613866925, 0.0589203946292, 0.111104644835, 0.332435339689, 0.274327218533]
        median: [0.0934852361679, 0.0882967337966, 0.0357495434582, 0.074452906847, 0.323244959116, 0.258328139782]
        min: [0, 0, 0, 0, 0, 0]
        var: [0.0182715132833, 0.0103311566636, 0.00730626657605, 0.00961066037416, 0.0161999948323, 0.0143239395693]
    beats_position: [0.452789098024, 0.905578196049, 1.35836732388, 1.77632653713, 2.22911548615, 2.68190479279, 3.12308382988, 3.55265307426, 3.98222208023, 4.41179132462, 4.85297060013, 5.2941493988, 5.71210861206, 6.13006782532, 6.54802703857, 6.96598625183, 7.37233543396, 7.77868461609, 8.19664382935, 8.6146030426, 9.03256225586, 9.45052146912, 9.86848068237, 10.2748298645, 10.6811790466, 11.0991382599, 11.5170974731, 11.9350566864, 12.3530158997, 12.7593650818, 13.1657142639, 13.5836734772, 14.0016326904, 14.4195919037, 14.8375511169, 15.2439002991, 15.6502494812, 16.0682086945, 16.4861679077, 16.904127121, 17.3104763031, 17.7168254852, 18.1347846985, 18.5527439117, 18.970703125, 19.3886623383, 19.8066215515, 20.2129707336, 20.6193199158, 21.037279129, 21.4552383423, 21.8615875244, 22.2795467377, 22.6858959198, 23.1038551331, 23.5102043152, 23.9281635284, 24.3461227417, 24.764081955, 25.1704311371, 25.5883903503, 26.0063495636, 26.4243087769, 26.8422679901, 27.2486171722, 27.6549663544, 28.0729255676, 28.4908847809, 28.897233963, 29.3035831451, 29.7215423584, 30.1394996643, 30.5574588776, 30.9754180908, 31.3933773041, 31.7997264862, 32.2060775757, 32.6240348816, 33.0419960022, 33.4483451843, 33.8663024902, 34.2726516724, 34.690612793, 35.1085700989, 35.5265312195, 35.9444885254, 36.362449646, 36.7687988281, 37.186756134, 37.5931053162, 38.0110664368, 38.4174156189, 38.8353729248, 39.2417221069, 39.6596832275, 40.0776405334, 40.4956016541, 40.91355896, 41.3315200806, 41.7378692627, 42.1442184448, 42.550567627, 42.9685249329, 43.374874115, 43.7928352356, 44.2107925415, 44.6287536621, 45.0351028442, 45.4414520264, 45.8594093323, 46.2773704529, 46.6953277588, 47.1132888794, 47.5312461853, 47.9492073059, 48.3671646118, 48.7851219177, 49.1914749146, 49.5978240967, 50.0157814026, 50.4337387085, 50.8516998291, 51.269657135, 51.6760063171, 52.0823554993, 52.5003166199, 52.9182739258, 53.3362350464, 53.7541923523, 54.1605415344, 54.5668907166, 54.9848518372, 55.4028091431, 55.8207702637, 56.2387275696, 56.6450767517, 57.0514259338, 57.4693870544, 57.8873443604, 58.305305481, 58.7232627869, 59.1412239075, 59.5591812134, 59.9655303955, 60.3718795776, 60.7898406982, 61.2077980042, 61.6141471863, 62.0204963684, 62.438457489, 62.8564147949, 63.2743759155, 63.6923332214, 64.0986862183, 64.5050354004, 64.9229888916, 65.3409500122, 65.7589111328, 66.1768722534, 66.5832214355, 66.9895706177, 67.4075241089, 67.8254852295, 68.2318344116, 68.6497955322, 69.0561447144, 69.474105835, 69.8804550171, 70.2868041992, 70.7047576904, 71.122718811, 71.5406799316, 71.9586410522, 72.3765945435, 72.7945556641, 73.2009048462, 73.6072540283, 74.0252151489, 74.4431762695, 74.8495254517, 75.2674789429, 75.6854400635, 76.0917892456, 76.5097503662, 76.9277114868, 77.3340606689, 77.7520141602, 78.1583633423, 78.5763244629, 78.9942855835, 79.4122467041, 79.8302001953, 80.2481613159, 80.6661224365, 81.0724716187, 81.4788208008, 81.8967819214, 82.3147354126, 82.7326965332, 83.1390457153, 83.5453948975, 83.9633560181, 84.3813171387, 84.7992706299, 85.2172317505, 85.6351928711, 86.0531539917, 86.4595031738, 86.865852356, 87.2838058472, 87.7017669678, 88.1081161499, 88.514465332, 88.9208145142, 89.3503875732, 89.7683410645, 90.1863021851, 90.5926513672, 90.9990005493, 91.4169616699, 91.8349151611, 92.2528762817, 92.6708374023, 93.0771865845, 93.4951477051, 93.9014968872, 94.3194503784, 94.737411499, 95.1437606812, 95.5501098633, 95.9680709839, 96.3860321045, 96.8039855957, 97.2219467163, 97.6282958984, 98.0346450806, 98.4409942627, 98.8473434448, 99.2653045654, 99.683265686, 100.101219177, 100.519180298, 100.937141418, 101.355102539, 101.77305603, 102.191017151, 102.608978271, 103.015327454, 103.433288574, 103.839637756, 104.257591248, 104.66394043, 105.070289612, 105.488250732, 105.906211853, 106.324172974, 106.742126465, 107.160087585, 107.578048706, 107.984397888, 108.39074707, 108.808708191, 109.226661682, 109.644622803, 110.062583923, 110.468933105, 110.886894226, 111.293243408, 111.711196899, 112.12915802, 112.547119141, 112.953468323, 113.359817505, 113.777778625, 114.195732117, 114.613693237, 115.031654358, 115.43800354, 115.844352722, 116.262313843, 116.680267334, 117.098228455, 117.516189575, 117.922538757, 118.328887939, 118.74684906, 119.164802551, 119.571151733, 119.977500916, 120.395462036, 120.813423157, 121.231384277, 121.649337769, 122.055686951, 122.462036133, 122.868385315, 123.286346436, 123.692695618, 124.110656738, 124.51700592, 124.923355103, 125.341316223, 125.747665405, 126.154014587, 126.571968079, 126.989929199, 127.40789032, 127.82585144, 128.243804932, 128.661773682, 129.068115234, 129.474472046, 129.892425537, 130.310379028, 130.728347778, 131.14630127, 131.552658081, 131.958999634, 132.376953125, 132.794921875, 133.201263428, 133.607620239, 134.02557373, 134.44354248, 134.861495972, 135.279449463, 135.685806274, 136.092147827, 136.510116577, 136.928070068, 137.34602356, 137.76399231, 138.181945801, 138.588302612, 138.994644165, 139.412597656, 139.830566406, 140.248519897, 140.654876709, 141.061218262, 141.479187012, 141.897140503, 142.315093994, 142.721450806, 143.139404297, 143.545761108, 143.9637146, 144.381668091, 144.799636841, 145.217590332, 145.623947144, 146.030288696, 146.448257446, 146.866210938, 147.284164429, 147.702133179, 148.12008667, 148.538040161, 148.944396973, 149.350738525, 149.768707275, 150.186660767, 150.593017578, 150.999359131, 151.417327881, 151.835281372, 152.253234863, 152.671203613, 153.077545166, 153.495513916, 153.913467407, 154.331420898, 154.73777771, 155.144119263, 155.562088013, 155.968429565, 156.386398315, 156.804351807, 157.222305298, 157.628662109, 158.035003662, 158.452972412, 158.870925903, 159.288879395, 159.706848145, 160.124801636, 160.542770386, 160.949111938, 161.35546875, 161.773422241, 162.191375732, 162.597732544, 163.015686035, 163.422042847, 163.839996338, 164.257949829, 164.675918579, 165.09387207, 165.51184082, 165.918182373, 166.324539185, 166.742492676, 167.160446167, 167.578414917, 167.98475647, 168.391113281, 168.809066772, 169.227020264, 169.644989014, 170.051330566, 170.457687378, 170.875640869, 171.293609619, 171.71156311, 172.129516602, 172.535873413, 172.953826904, 173.371795654, 173.778137207, 174.196090698, 174.614059448, 175.032012939, 175.449981689, 175.856323242, 176.262680054, 176.680633545, 177.098587036, 177.516555786, 177.934509277, 178.34085083, 178.747207642, 179.165161133, 179.583129883, 180.001083374, 180.419036865, 180.825393677, 181.231735229, 181.649703979, 182.067657471, 182.485626221, 182.891967773, 183.298324585, 183.716278076, 184.134231567, 184.552200317, 184.970153809, 185.3881073, 185.80607605, 186.212417603, 186.618774414, 187.036727905, 187.454696655, 187.872650146, 188.290603638, 188.696960449, 189.103302002, 189.521270752, 189.939224243, 190.345581055, 190.751922607, 191.169876099, 191.587844849, 192.00579834, 192.412155151, 192.830108643, 193.236465454, 193.654418945, 194.072372437, 194.490341187, 194.908294678, 195.326248169, 195.73260498, 196.138946533, 196.556915283, 196.974868774, 197.392837524, 197.810791016, 198.217132568, 198.62348938, 199.018234253, 199.436187744, 199.854141235, 200.272109985, 200.690063477, 201.108016968, 201.525985718, 201.943939209, 202.350296021, 202.756637573, 203.174606323, 203.592559814, 204.010513306, 204.428482056, 204.846435547, 205.264389038, 205.67074585, 206.077087402, 206.495056152, 206.913009644, 207.330978394, 207.737319946, 208.143676758, 208.561630249, 208.97958374, 209.39755249, 209.815505981, 210.221862793, 210.628204346, 211.046157837, 211.464126587, 211.882080078, 212.28843689, 212.694778442, 213.112747192, 213.530700684, 213.948654175, 214.366622925, 214.772964478, 215.190933228, 215.59727478, 216.015228271, 216.433197021, 216.851150513, 217.269119263, 217.698684692, 218.128250122, 218.476547241, 218.813232422, 219.149932861, 219.49822998, 219.834915161, 220.171600342, 220.508300781, 220.844985962, 221.181671143, 221.518356323, 221.843444824, 222.168518066, 222.505218506, 222.830291748, 223.190200806, 223.550109863, 223.910018921, 224.25831604, 224.618225098, 224.966522217, 225.326431274, 225.697952271, 226.057861328, 226.417770386, 226.777679443, 227.125976563, 227.47428894, 227.834197998, 228.182495117, 228.530792236, 228.879089355]
