
metadata:
    version:
        essentia: "2.1-beta2"
    audio_properties:
        analysis_sample_rate: 44100
        bitrate: 320
        channels: 2
        equal_loudness: 1
        length: 159.529800415
        replay_gain: -14.9882507324
        downmix: "mix"
    tags:
        album: "Vultures"
        artist: "Axewound"
        comment: ""
        date: "2012"
        genre: "Metalcore"
        title: "Victim Of The System"
        tracknumber: "3"

configuration:
    average_loudness:
        compute: 1
        frameSize: 88200
        hopSize: 44100
        silentFrames: "noise"
        windowType: "hann"
    general:
        analysisSampleRate: 44100
        endTime: 2000
        equalLoudness: 1
        nequalLoudness: 0
        shortSound: 0
        startTime: 0
    lowlevel:
        compute: 1
        frameSize: 2048
        hopSize: 1024
        zeroPadding: 0
        silentFrames: "noise"
        windowType: "blackmanharris62"
        mfccStats: ["mean", "cov", "icov"]
        stats: ["mean", "var", "median", "min", "max", "dmean", "dmean2", "dvar", "dvar2"]
    panning:
        compute: 0
        frameSize: 8192
        hopSize: 2048
        zeroPadding: 8192
        silentFrames: "noise"
        windowType: "hann"
        stats: ["copy"]
    rhythm:
        compute: 1
        maxTempo: 208
        minTempo: 40
        method: "degara"
        stats: ["mean", "var", "median", "min", "max", "dmean", "dmean2", "dvar", "dvar2"]
    segmentation:
        compute: 0
        cpw: 5
        inc1: 300
        inc2: 50
        minimumSegmentsLength: 10
        size1: 1000
        size2: 600
    sfx:
        compute: 1
        stats: ["mean", "var", "median", "min", "max", "dmean", "dmean2", "dvar", "dvar2"]
    svm:
        compute: 0
    tonal:
        compute: 1
        frameSize: 4096
        hopSize: 2048
        zeroPadding: 0
        silentFrames: "noise"
        windowType: "blackmanharris62"
        stats: ["mean", "var", "median", "min", "max", "dmean", "dmean2", "dvar", "dvar2"]

lowlevel:
    average_loudness: 0.949061870575
    barkbands_kurtosis:
        dmean: 0.869663536549
        dmean2: 1.45849776268
        dvar: 1.90198171139
        dvar2: 4.53864908218
        max: 37.3559265137
        mean: -0.460085988045
        median: -1.0126273632
        min: -1.96126246452
        var: 5.83992624283
    barkbands_skewness:
        dmean: 0.480532646179
        dmean2: 0.786815106869
        dvar: 0.193251162767
        dvar2: 0.489997953176
        max: 4.4358792305
        mean: -0.502604365349
        median: -0.53398668766
        min: -4.88698387146
        var: 0.58598947525
    barkbands_spread:
        dmean: 8.43373394012
        dmean2: 14.0386943817
        dvar: 62.4879379272
        dvar2: 166.755935669
        max: 78.0845184326
        mean: 35.4221153259
        median: 34.6882476807
        min: 2.9285428524
        var: 136.187866211
    dissonance:
        dmean: 0.00836827140301
        dmean2: 0.0142754614353
        dvar: 7.70861879573e-005
        dvar2: 0.000212722094147
        max: 0.500000059605
        mean: 0.487567186356
        median: 0.490055084229
        min: 0.286881953478
        var: 0.000100411831227
    hfc:
        dmean: 4.49490976334
        dmean2: 7.76107978821
        dvar: 28.5280227661
        dvar2: 77.6529541016
        max: 45.8946304321
        mean: 11.3239126205
        median: 10.1690292358
        min: 1.1883571818e-016
        var: 43.0765151978
    pitch:
        dmean: 919.802490234
        dmean2: 1741.33117676
        dvar: 1716481.125
        dvar2: 4266344.5
        max: 4688.46533203
        mean: 2630.0402832
        median: 3629.07617188
        min: 80.5947875977
        var: 2464608.5
    pitch_instantaneous_confidence:
        dmean: 0.081563256681
        dmean2: 0.136475846171
        dvar: 0.00445665745065
        dvar2: 0.0120466127992
        max: 0.786928534508
        mean: 0.346038430929
        median: 0.333271354437
        min: 0.113337159157
        var: 0.0109521746635
    pitch_salience:
        dmean: 0.0640322342515
        dmean2: 0.109449982643
        dvar: 0.00356419896707
        dvar2: 0.00968553964049
        max: 0.957761585712
        mean: 0.706152796745
        median: 0.724657297134
        min: 0.197819083929
        var: 0.00691401166841
    silence_rate_20dB:
        dmean: 0
        dmean2: 0
        dvar: 0
        dvar2: 0
        max: 1
        mean: 1
        median: 1
        min: 1
        var: 0
    silence_rate_30dB:
        dmean: 0
        dmean2: 0
        dvar: 0
        dvar2: 0
        max: 1
        mean: 1
        median: 1
        min: 1
        var: 0
    silence_rate_60dB:
        dmean: 0.134187161922
        dmean2: 0.26841339469
        dvar: 0.116180486977
        dvar2: 0.260986685753
        max: 1
        mean: 0.223079159856
        median: 0
        min: 0
        var: 0.173310354352
    spectral_centroid:
        dmean: 361.291442871
        dmean2: 594.071777344
        dvar: 113376.8125
        dvar2: 285218.65625
        max: 10922.8623047
        mean: 2279.68237305
        median: 2303.29736328
        min: 279.237487793
        var: 362316.625
    spectral_complexity:
        dmean: 6.22092866898
        dmean2: 10.1743812561
        dvar: 33.4953346252
        dvar2: 85.7116241455
        max: 49
        mean: 20.1022987366
        median: 20
        min: 0
        var: 103.819564819
    spectral_crest:
        dmean: 1.99367272854
        dmean2: 3.40501499176
        dvar: 4.16747999191
        dvar2: 11.0766906738
        max: 23.4843940735
        mean: 6.41506767273
        median: 5.69823074341
        min: 2.49347782135
        var: 6.69162511826
    spectral_decrease:
        dmean: 4.22660961785e-010
        dmean2: 7.23727300311e-010
        dvar: 2.30530713075e-019
        dvar2: 6.19057627736e-019
        max: 8.94143611005e-029
        mean: -1.09521891556e-009
        median: -9.76214220572e-010
        min: -3.97714927658e-009
        var: 3.86121395892e-019
    spectral_energy:
        dmean: 0.00195744656958
        dmean2: 0.00335765606724
        dvar: 5.00632995681e-006
        dvar2: 1.34914007504e-005
        max: 0.0180844869465
        mean: 0.0051607103087
        median: 0.00464269984514
        min: 1.04412811524e-020
        var: 8.23067239253e-006
    spectral_energyband_high:
        dmean: 0.000420620955992
        dmean2: 0.000747208832763
        dvar: 3.00555683452e-007
        dvar2: 8.32729824651e-007
        max: 0.00481276540086
        mean: 0.000783678726293
        median: 0.000666334759444
        min: 7.62509305818e-021
        var: 3.02297820554e-007
    spectral_energyband_low:
        dmean: 0.000342715648003
        dmean2: 0.000616282806732
        dvar: 2.54290085877e-007
        dvar2: 7.03026785231e-007
        max: 0.00349765620194
        mean: 0.000351758761099
        median: 0.000172453874256
        min: 8.61659135256e-023
        var: 2.26920448654e-007
    spectral_energyband_middle_high:
        dmean: 0.000977657968178
        dmean2: 0.0016465857625
        dvar: 1.23107565742e-006
        dvar2: 3.20367462336e-006
        max: 0.0120626362041
        mean: 0.00271355570294
        median: 0.00231566466391
        min: 1.49839062566e-021
        var: 3.01559089166e-006
    spectral_energyband_middle_low:
        dmean: 0.000875662779436
        dmean2: 0.00148976547644
        dvar: 1.37445852033e-006
        dvar2: 3.62509717888e-006
        max: 0.0101682664827
        mean: 0.00143078726251
        median: 0.000943935010582
        min: 3.24764315913e-022
        var: 1.88921524114e-006
    spectral_flatness_db:
        dmean: 0.0138284862041
        dmean2: 0.0221233759075
        dvar: 0.00015260836517
        dvar2: 0.000382458150852
        max: 0.282691687346
        mean: 0.126781091094
        median: 0.122006878257
        min: 0.0543787069619
        var: 0.000684842583723
    spectral_flux:
        dmean: 0.00993153918535
        dmean2: 0.0160380974412
        dvar: 0.000119018026453
        dvar2: 0.000245548173552
        max: 0.110235854983
        mean: 0.0483990721405
        median: 0.0482747033238
        min: 1.02182588779e-010
        var: 0.000305650435621
    spectral_kurtosis:
        dmean: 0.717417061329
        dmean2: 1.19940650463
        dvar: 0.479434460402
        dvar2: 1.40261876583
        max: 18.2362785339
        mean: 2.56759548187
        median: 2.35512161255
        min: -1.19530630112
        var: 1.8734087944
    spectral_rms:
        dmean: 0.000408364256145
        dmean2: 0.000687497959007
        dvar: 1.90799923416e-007
        dvar2: 5.13163229243e-007
        max: 0.00420040497556
        mean: 0.00213678134605
        median: 0.00212825345807
        min: 3.19164790083e-012
        var: 4.69009421522e-007
    spectral_rolloff:
        dmean: 341.72479248
        dmean2: 569.974731445
        dvar: 178214.140625
        dvar2: 421242.8125
        max: 19056.8847656
        mean: 3984.32592773
        median: 4048.2421875
        min: 172.265625
        var: 382379.78125
    spectral_skewness:
        dmean: 0.150310352445
        dmean2: 0.250242054462
        dvar: 0.0199517868459
        dvar2: 0.054132334888
        max: 3.09026789665
        mean: 1.12010931969
        median: 1.10041189194
        min: 0.0248979181051
        var: 0.0682097747922
    spectral_spread:
        dmean: 513536.65625
        dmean2: 780082.75
        dvar: 339150962688
        dvar2: 660245905408
        max: 40929380
        mean: 5220025
        median: 5061877
        min: 2316378.5
        var: 3.23464934195e+012
    spectral_strongpeak:
        dmean: 0.541819155216
        dmean2: 0.959790349007
        dvar: 0.509735643864
        dvar2: 1.34175610542
        max: 7.44597053528
        mean: 0.601950585842
        median: 0.259448468685
        min: 3.54952645054e-009
        var: 0.591238379478
    zerocrossingrate:
        dmean: 0.00919988378882
        dmean2: 0.0117992777377
        dvar: 8.37789630168e-005
        dvar2: 0.000126395709231
        max: 0.51171875
        mean: 0.123223938048
        median: 0.12353515625
        min: 0.025390625
        var: 0.000608308357187
    barkbands:
        dmean: [1.45944716223e-006, 0.000139370851684, 0.000171493375092, 0.000140084215673, 0.000401433411753, 0.000200401438633, 0.000164462238899, 0.000195221495233, 0.000133909517899, 0.000113089685328, 7.45045472286e-005, 7.62799027143e-005, 6.21460712864e-005, 8.58171479194e-005, 8.96047858987e-005, 0.000131300388603, 0.000160762720043, 0.000264472648269, 0.000357221229933, 0.000315092824167, 0.000199551897822, 8.24186572572e-005, 1.04424816527e-005, 4.43869294031e-006, 1.90771265807e-006, 7.11957781618e-008, 7.16877390783e-010]
        dmean2: [2.30844898397e-006, 0.000253901060205, 0.000313777389238, 0.000241588932113, 0.000692790781613, 0.000348727859091, 0.00029043093673, 0.000325846252963, 0.000230315490626, 0.000192321051145, 0.000122770565213, 0.000128239465994, 0.000104848098999, 0.000142639619298, 0.000148265637108, 0.000223775554332, 0.000271743279882, 0.000448128354037, 0.000610143120866, 0.000548131414689, 0.000354756892193, 0.000149371408042, 1.74192409759e-005, 7.09065307092e-006, 2.9680093121e-006, 1.16813055229e-007, 1.19873677651e-009]
        dvar: [5.06768628797e-012, 5.5097888918e-008, 7.22902413486e-008, 5.74824028376e-008, 4.39576666622e-007, 1.55999899221e-007, 1.246289969e-007, 3.25536433365e-007, 7.8728845665e-008, 5.09092750178e-008, 2.63684558632e-008, 2.7916039258e-008, 1.69627565327e-008, 1.82578521191e-008, 2.37301200912e-008, 4.19196517498e-008, 5.52547874122e-008, 1.35057788953e-007, 1.9639544746e-007, 1.35259611511e-007, 7.02114064666e-008, 1.96612521819e-008, 2.11187720089e-010, 8.66816132761e-011, 9.63223424633e-012, 4.46045347738e-014, 4.0508684822e-018]
        dvar2: [1.22494080851e-011, 1.52744149773e-007, 2.03039320468e-007, 1.49695665641e-007, 1.1973237406e-006, 4.04165660939e-007, 3.36773439358e-007, 7.55563689836e-007, 2.13411553318e-007, 1.38697828334e-007, 6.68955806304e-008, 7.42796544273e-008, 4.35911395869e-008, 4.72564067877e-008, 6.02223906299e-008, 1.12113212936e-007, 1.45657509165e-007, 3.4506024349e-007, 5.15735337103e-007, 3.79824626862e-007, 1.95179268303e-007, 5.53848487073e-008, 5.25829768616e-010, 1.97781152567e-010, 2.17957023957e-011, 1.22021004954e-013, 1.06289739135e-017]
        max: [1.68116785062e-005, 0.00132686528377, 0.00228916085325, 0.00474989973009, 0.00916925817728, 0.00677389279008, 0.00770740024745, 0.0093709109351, 0.00474690552801, 0.00368205248378, 0.00270111160353, 0.00525560136884, 0.0027595825959, 0.0023026233539, 0.00271145952865, 0.00626147072762, 0.00487270811573, 0.00534459389746, 0.00695986254141, 0.00360353942961, 0.00291254022159, 0.00186916964594, 0.00021501466108, 0.000168036363903, 7.77301102062e-005, 4.41978181698e-006, 4.92148153342e-008]
        mean: [1.65750145698e-006, 0.000115513706987, 0.000155282119522, 0.000163617558428, 0.000452792650321, 0.000217091219383, 0.000180671413545, 0.000198220659513, 0.000167635895195, 0.000159105780767, 0.00011268419621, 0.000123765377793, 9.49972163653e-005, 0.000149077823153, 0.000146056569065, 0.000226759919315, 0.000281184969936, 0.000422046578024, 0.000722767261323, 0.000592025055084, 0.000336996774422, 0.000106402992969, 2.03569925361e-005, 9.40672271099e-006, 4.47513957624e-006, 1.26041669546e-007, 1.0686678209e-009]
        median: [3.83213432542e-007, 3.46811357304e-005, 6.81210149196e-005, 7.70118713262e-005, 0.000229866825975, 0.000104299077066, 7.10088206688e-005, 4.93736370117e-005, 6.69313085382e-005, 5.32363701495e-005, 3.80444980692e-005, 4.36393529526e-005, 3.98364718421e-005, 8.03736329544e-005, 8.24452581583e-005, 0.000172187385033, 0.00022355967667, 0.000288184615783, 0.000594176584855, 0.000514829938766, 0.000274144025752, 7.12912587915e-005, 1.55825964612e-005, 6.91940567776e-006, 3.401018148e-006, 8.1789337969e-008, 5.10586906088e-010]
        min: [9.47829985474e-025, 3.69494638283e-024, 4.47047727424e-023, 6.75766839732e-023, 4.0898897528e-023, 2.64943384194e-023, 6.44128153178e-023, 4.71668013167e-023, 7.46125280759e-023, 9.06779517789e-024, 4.96095690632e-023, 8.9607215095e-023, 2.11914393407e-022, 2.21618669963e-022, 1.32074058869e-022, 1.24257621123e-022, 7.15464971055e-023, 1.26601699215e-022, 2.82429773579e-022, 3.12435139406e-022, 3.25530407137e-022, 5.223114444e-022, 6.02198643587e-022, 8.93161594998e-022, 1.01591430933e-021, 1.56422448871e-021, 2.85219973339e-021]
        var: [6.72799012683e-012, 4.1146051899e-008, 5.71641081137e-008, 7.83634277468e-008, 4.21519956717e-007, 1.47088059066e-007, 1.3063394988e-007, 3.38680450795e-007, 9.42766007483e-008, 8.51450536743e-008, 5.07098576463e-008, 5.83286769995e-008, 3.07667704647e-008, 3.94503985035e-008, 4.12184597565e-008, 5.60239676872e-008, 6.70662387847e-008, 1.96017637677e-007, 3.30196883169e-007, 1.61271088928e-007, 6.707364264e-008, 1.51633070544e-008, 3.84630799433e-010, 1.47880999113e-010, 2.28888141079e-011, 3.95445191891e-014, 4.01243188068e-018]
    frequency_bands:
        dmean: [1.45944716223e-006, 0.000139370851684, 0.000171493375092, 0.000140084215673, 0.000401433411753, 0.000200401438633, 0.000164462238899, 0.000195221495233, 0.000133909517899, 0.000113089685328, 7.45045472286e-005, 7.62799027143e-005, 6.21460712864e-005, 8.58171479194e-005, 8.96047858987e-005, 0.000131300388603, 0.000160762720043, 0.000264472648269, 0.000357221229933, 0.000315092824167, 0.000199551897822, 8.24186572572e-005, 1.04424816527e-005, 4.43869294031e-006, 1.90771265807e-006, 7.11957781618e-008, 7.16877390783e-010, 6.06814806736e-011]
        dmean2: [2.30844898397e-006, 0.000253901060205, 0.000313777389238, 0.000241588932113, 0.000692790781613, 0.000348727859091, 0.00029043093673, 0.000325846252963, 0.000230315490626, 0.000192321051145, 0.000122770565213, 0.000128239465994, 0.000104848098999, 0.000142639619298, 0.000148265637108, 0.000223775554332, 0.000271743279882, 0.000448128354037, 0.000610143120866, 0.000548131414689, 0.000354756892193, 0.000149371408042, 1.74192409759e-005, 7.09065307092e-006, 2.9680093121e-006, 1.16813055229e-007, 1.19873677651e-009, 1.13279628733e-010]
        dvar: [5.06768628797e-012, 5.5097888918e-008, 7.22902413486e-008, 5.74824028376e-008, 4.39576666622e-007, 1.55999899221e-007, 1.246289969e-007, 3.25536433365e-007, 7.8728845665e-008, 5.09092750178e-008, 2.63684558632e-008, 2.7916039258e-008, 1.69627565327e-008, 1.82578521191e-008, 2.37301200912e-008, 4.19196517498e-008, 5.52547874122e-008, 1.35057788953e-007, 1.9639544746e-007, 1.35259611511e-007, 7.02114064666e-008, 1.96612521819e-008, 2.11187720089e-010, 8.66816132761e-011, 9.63223424633e-012, 4.46045347738e-014, 4.0508684822e-018, 9.3512913652e-021]
        dvar2: [1.22494080851e-011, 1.52744149773e-007, 2.03039320468e-007, 1.49695665641e-007, 1.1973237406e-006, 4.04165660939e-007, 3.36773439358e-007, 7.55563689836e-007, 2.13411553318e-007, 1.38697828334e-007, 6.68955806304e-008, 7.42796544273e-008, 4.35911395869e-008, 4.72564067877e-008, 6.02223906299e-008, 1.12113212936e-007, 1.45657509165e-007, 3.4506024349e-007, 5.15735337103e-007, 3.79824626862e-007, 1.95179268303e-007, 5.53848487073e-008, 5.25829768616e-010, 1.97781152567e-010, 2.17957023957e-011, 1.22021004954e-013, 1.06289739135e-017, 3.03544879457e-020]
        max: [1.68116785062e-005, 0.00132686528377, 0.00228916085325, 0.00474989973009, 0.00916925817728, 0.00677389279008, 0.00770740024745, 0.0093709109351, 0.00474690552801, 0.00368205248378, 0.00270111160353, 0.00525560136884, 0.0027595825959, 0.0023026233539, 0.00271145952865, 0.00626147072762, 0.00487270811573, 0.00534459389746, 0.00695986254141, 0.00360353942961, 0.00291254022159, 0.00186916964594, 0.00021501466108, 0.000168036363903, 7.77301102062e-005, 4.41978181698e-006, 4.92148153342e-008, 1.22476173647e-009]
        mean: [1.65750145698e-006, 0.000115513706987, 0.000155282119522, 0.000163617558428, 0.000452792650321, 0.000217091219383, 0.000180671413545, 0.000198220659513, 0.000167635895195, 0.000159105780767, 0.00011268419621, 0.000123765377793, 9.49972163653e-005, 0.000149077823153, 0.000146056569065, 0.000226759919315, 0.000281184969936, 0.000422046578024, 0.000722767261323, 0.000592025055084, 0.000336996774422, 0.000106402992969, 2.03569925361e-005, 9.40672271099e-006, 4.47513957624e-006, 1.26041669546e-007, 1.0686678209e-009, 4.59940557862e-011]
        median: [3.83213432542e-007, 3.46811357304e-005, 6.81210149196e-005, 7.70118713262e-005, 0.000229866825975, 0.000104299077066, 7.10088206688e-005, 4.93736370117e-005, 6.69313085382e-005, 5.32363701495e-005, 3.80444980692e-005, 4.36393529526e-005, 3.98364718421e-005, 8.03736329544e-005, 8.24452581583e-005, 0.000172187385033, 0.00022355967667, 0.000288184615783, 0.000594176584855, 0.000514829938766, 0.000274144025752, 7.12912587915e-005, 1.55825964612e-005, 6.91940567776e-006, 3.401018148e-006, 8.1789337969e-008, 5.10586906088e-010, 1.71044671482e-011]
        min: [9.47829985474e-025, 3.69494638283e-024, 4.47047727424e-023, 6.75766839732e-023, 4.0898897528e-023, 2.64943384194e-023, 6.44128153178e-023, 4.71668013167e-023, 7.46125280759e-023, 9.06779517789e-024, 4.96095690632e-023, 8.9607215095e-023, 2.11914393407e-022, 2.21618669963e-022, 1.32074058869e-022, 1.24257621123e-022, 7.15464971055e-023, 1.26601699215e-022, 2.82429773579e-022, 3.12435139406e-022, 3.25530407137e-022, 5.223114444e-022, 6.02198643587e-022, 8.93161594998e-022, 1.01591430933e-021, 1.56422448871e-021, 2.85219973339e-021, 6.64067653854e-022]
        var: [6.72799012683e-012, 4.1146051899e-008, 5.71641081137e-008, 7.83634277468e-008, 4.21519956717e-007, 1.47088059066e-007, 1.3063394988e-007, 3.38680450795e-007, 9.42766007483e-008, 8.51450536743e-008, 5.07098576463e-008, 5.83286769995e-008, 3.07667704647e-008, 3.94503985035e-008, 4.12184597565e-008, 5.60239676872e-008, 6.70662387847e-008, 1.96017637677e-007, 3.30196883169e-007, 1.61271088928e-007, 6.707364264e-008, 1.51633070544e-008, 3.84630799433e-010, 1.47880999113e-010, 2.28888141079e-011, 3.95445191891e-014, 4.01243188068e-018, 6.71783990831e-021]
    mfcc:
        mean: [-688.935119629, 73.604309082, -44.5102958679, 54.5213012695, -15.3855171204, -3.80655384064, 0.754535794258, -6.99508047104, -1.20059490204, -4.06393194199, -5.16568040848, -6.05477142334, -5.76793956757]
        cov: [[6666.95019531, 922.515625, -593.079589844, 358.102264404, -318.863616943, -100.534126282, -123.015014648, -70.6234130859, -87.0744781494, -111.858879089, -68.5436401367, -115.43523407, -82.1713790894], [922.515625, 649.289428711, -212.400619507, 169.197463989, -26.9937171936, 5.15782260895, 34.1637115479, -25.0619697571, 9.02425861359, -31.497926712, -7.54511213303, 12.4705848694, -7.85893726349], [-593.079589844, -212.400619507, 382.202941895, 24.6815280914, 99.7384719849, 19.1988887787, -6.29168653488, 36.6787414551, 1.77696895599, 13.9970846176, 1.85541760921, 13.5873613358, 23.0346603394], [358.102264404, 169.197463989, 24.6815280914, 364.107177734, 124.622550964, 72.7686843872, 36.5099067688, 2.7205529213, 66.5509719849, 15.3148651123, 6.34664011002, 32.1843147278, 26.99766922], [-318.863616943, -26.9937171936, 99.7384719849, 124.622550964, 170.750823975, 70.3261032104, 52.6808547974, 27.2145500183, 44.3041687012, 24.7945327759, 9.94142532349, 37.5885772705, 33.949306488], [-100.534126282, 5.15782260895, 19.1988887787, 72.7686843872, 70.3261032104, 142.951324463, 92.7834014893, 40.5141487122, 29.2981987, 2.73926591873, 9.72502040863, 19.2605934143, 24.7388095856], [-123.015014648, 34.1637115479, -6.29168653488, 36.5099067688, 52.6808547974, 92.7834014893, 171.325332642, 85.3762435913, 39.9410820007, 7.43356084824, 17.3365001678, 38.0277862549, 33.6223373413], [-70.6234130859, -25.0619697571, 36.6787414551, 2.7205529213, 27.2145500183, 40.5141487122, 85.3762435913, 107.948677063, 48.3124046326, 18.6982860565, 21.1767044067, 22.7649669647, 19.67943573], [-87.0744781494, 9.02425861359, 1.77696895599, 66.5509719849, 44.3041687012, 29.2981987, 39.9410820007, 48.3124046326, 94.3526229858, 49.5713386536, 28.4678707123, 26.6417884827, 19.6994934082], [-111.858879089, -31.497926712, 13.9970846176, 15.3148651123, 24.7945327759, 2.73926591873, 7.43356084824, 18.6982860565, 49.5713386536, 81.1165847778, 48.9141921997, 20.8114204407, 5.7127571106], [-68.5436401367, -7.54511213303, 1.85541760921, 6.34664011002, 9.94142532349, 9.72502040863, 17.3365001678, 21.1767044067, 28.4678707123, 48.9141921997, 81.4470901489, 43.5979614258, 15.7853021622], [-115.43523407, 12.4705848694, 13.5873613358, 32.1843147278, 37.5885772705, 19.2605934143, 38.0277862549, 22.7649669647, 26.6417884827, 20.8114204407, 43.5979614258, 89.3314361572, 60.7304191589], [-82.1713790894, -7.85893726349, 23.0346603394, 26.99766922, 33.949306488, 24.7388095856, 33.6223373413, 19.67943573, 19.6994934082, 5.7127571106, 15.7853021622, 60.7304191589, 84.9400863647]]
        icov: [[0.000257216219325, -0.000197113724425, 0.000256810337305, -0.000480360118672, 0.000498926732689, -1.06910811155e-005, 0.000333485309966, -0.000585281988606, 0.000538125284947, -0.000126244282001, 2.22962971748e-005, 0.000294156983728, -0.000209845762583], [-0.000197113724425, 0.00262305280194, 0.00098393659573, -0.00116524926852, 0.000265734910499, 0.000619231839664, -0.00108483573422, 0.000755615299568, -0.000290066294838, 0.00103920185938, -5.37670421181e-005, -0.00106048083398, 0.000888924812898], [0.000256810337305, 0.00098393659573, 0.00455155642703, -0.00101798097603, -0.00204558856785, 0.000229666635278, 0.00198731874116, -0.00344147160649, 0.0028620287776, -0.000585723726545, 0.000276288687019, 0.0003685290867, -0.000749108905438], [-0.000480360118672, -0.00116524926852, -0.00101798097603, 0.00621521519497, -0.00393352285028, -0.00131804018747, 6.21169892838e-005, 0.00293500279076, -0.00463460199535, 0.00150884501636, -0.000213584731682, -0.000462268741103, 0.00032313799602], [0.000498926732689, 0.000265734910499, -0.00204558856785, -0.00393352285028, 0.0134750828147, -0.00314507749863, -0.00104675337207, 0.000526201329194, -0.000439779803855, -0.00305387191474, 0.00327977095731, -0.00316999410279, 9.92268251139e-005], [-1.06910811155e-005, 0.000619231839664, 0.000229666635278, -0.00131804018747, -0.00314507749863, 0.0133660836145, -0.00685061234981, 0.00130033318419, -0.000748749065679, 0.0026570642367, -0.0028796675615, 0.0036858045496, -0.00192695274018], [0.000333485309966, -0.00108483573422, 0.00198731874116, 6.21169892838e-005, -0.00104675337207, -0.00685061234981, 0.0159491784871, -0.0111869368702, 0.00256471359171, -0.000380433164537, 0.00156588084064, -0.00292111909948, -0.00041591443005], [-0.000585281988606, 0.000755615299568, -0.00344147160649, 0.00293500279076, 0.000526201329194, 0.00130033318419, -0.0111869368702, 0.0234235674143, -0.0119539638981, 0.00395266572013, -0.0032153010834, 0.000807897595223, 0.000442809192464], [0.000538125284947, -0.000290066294838, 0.0028620287776, -0.00463460199535, -0.000439779803855, -0.000748749065679, 0.00256471359171, -0.0119539638981, 0.0270899813622, -0.0146811967716, 0.00354458787479, -0.000660853344016, -0.00214270851575], [-0.000126244282001, 0.00103920185938, -0.000585723726545, 0.00150884501636, -0.00305387191474, 0.0026570642367, -0.000380433164537, 0.00395266572013, -0.0146811967716, 0.0299610570073, -0.0159584674984, 0.00346770463511, 0.00121103029232], [2.22962971748e-005, -5.37670421181e-005, 0.000276288687019, -0.000213584731682, 0.00327977095731, -0.0028796675615, 0.00156588084064, -0.0032153010834, 0.00354458787479, -0.0159584674984, 0.0283658318222, -0.0157138966024, 0.00587732484564], [0.000294156983728, -0.00106048083398, 0.0003685290867, -0.000462268741103, -0.00316999410279, 0.0036858045496, -0.00292111909948, 0.000807897595223, -0.000660853344016, 0.00346770463511, -0.0157138966024, 0.0342223681509, -0.0202319193631], [-0.000209845762583, 0.000888924812898, -0.000749108905438, 0.00032313799602, 9.92268251139e-005, -0.00192695274018, -0.00041591443005, 0.000442809192464, -0.00214270851575, 0.00121103029232, 0.00587732484564, -0.0202319193631, 0.0261249486357]]
    sccoeffs:
        dmean: [0.0687143132091, 0.0532962270081, 0.0379812158644, 0.0298075638711, 0.0201069172472, 0.0243299752474]
        dmean2: [0.114687509835, 0.0896300971508, 0.0642306804657, 0.0501949340105, 0.0341776870191, 0.0409106612206]
        dvar: [0.00312311341986, 0.00195894297212, 0.000942830112763, 0.000571165059227, 0.000269892945653, 0.000547342991922]
        dvar2: [0.00832802150398, 0.00518761947751, 0.00262203579769, 0.00159093132243, 0.000730528088752, 0.00148658058606]
        max: [-0.315314680338, -0.446923941374, -0.565289318562, -0.632506430149, -0.678293168545, -0.604506790638]
        mean: [-0.679972231388, -0.77796715498, -0.806770443916, -0.804618179798, -0.806216835976, -0.741843402386]
        median: [-0.688957095146, -0.784846842289, -0.812336504459, -0.807802438736, -0.807008743286, -0.744004130363]
        min: [-0.965491592884, -0.957385241985, -0.963159918785, -0.959357023239, -0.955918192863, -0.963084697723]
        var: [0.00828102696687, 0.00427098665386, 0.00270987045951, 0.00163361616433, 0.000735589361284, 0.00152112590149]
    scvalleys:
        dmean: [0.440272569656, 0.452509790659, 0.354848206043, 0.291927009821, 0.266823470592, 0.251528859138]
        dmean2: [0.725517690182, 0.762131989002, 0.584595918655, 0.475418478251, 0.435796678066, 0.390075027943]
        dvar: [0.171451121569, 0.203437581658, 0.120293825865, 0.0920509770513, 0.0923881158233, 0.108301147819]
        dvar2: [0.403102815151, 0.520248711109, 0.278782129288, 0.205775737762, 0.208812385798, 0.227415308356]
        max: [-5.05983686447, -4.41959571838, -5.0873093605, -5.34279918671, -5.54109764099, -7.47773313522]
        mean: [-6.99911165237, -6.72103643417, -6.97219371796, -7.04692602158, -6.62686824799, -9.16507053375]
        median: [-6.60567951202, -6.50865745544, -6.79361152649, -6.82745790482, -6.38866424561, -8.87076473236]
        min: [-27.4712810516, -27.2395095825, -27.2168216705, -27.1233329773, -27.353061676, -27.1546630859]
        var: [2.92760252953, 2.4685986042, 2.27567672729, 2.03992319107, 1.79011404514, 1.7394118309]

rhythm:
    beats_loudness:
        dmean: 0.00186094734818
        dmean2: 0.00328025245108
        dvar: 2.82644055005e-006
        dvar2: 8.11980316939e-006
        max: 0.0140060512349
        mean: 0.00506632449105
        median: 0.00483102258295
        min: 7.72449552239e-012
        var: 6.13988004261e-006
    bpm: 128.389602661
    bpm_confidence: 0
    first_peak_bpm: 129
    first_peak_spread: 0.401408463717
    first_peak_weight: 0.505952358246
    onset_rate: 3.54792666435
    second_peak_bpm: 123
    second_peak_spread: 0.302325576544
    second_peak_weight: 0.0892857164145
    beats_loudness_band_ratio:
        dmean: [0.0825267955661, 0.112819686532, 0.0776101723313, 0.0616457797587, 0.0962732732296, 0.101235069335]
        dmean2: [0.144339337945, 0.206629395485, 0.138309046626, 0.108186192811, 0.167662963271, 0.174151480198]
        dvar: [0.00846893433481, 0.0136186238378, 0.00994780566543, 0.00560424523428, 0.00643719499931, 0.00818378198892]
        dvar2: [0.0245631486177, 0.0378656983376, 0.0293184369802, 0.0143622886389, 0.0175106395036, 0.0215668324381]
        max: [0.681232750416, 0.832599103451, 0.599709451199, 0.462683945894, 0.557434380054, 0.768308639526]
        mean: [0.111254356802, 0.14692120254, 0.102733626962, 0.0909846276045, 0.245544478297, 0.335806459188]
        median: [0.0869331583381, 0.107297830284, 0.0637752190232, 0.059588406235, 0.234407961369, 0.330998748541]
        min: [0, 0, 0, 0, 0, 0]
        var: [0.00975885149091, 0.0168527439237, 0.00993117690086, 0.00713417865336, 0.00914595089853, 0.0144594954327]
    beats_position: [0.476009070873, 0.96362811327, 1.43963718414, 1.92725622654, 2.41487526894, 2.87927436829, 3.34367346764, 3.83129239082, 4.33052158356, 4.82975053787, 5.31736946106, 5.79337835312, 6.25777769089, 6.72217655182, 7.19818592072, 7.67419481277, 8.15020370483, 8.62621307373, 9.12544155121, 9.6014509201, 10.077460289, 10.5418596268, 11.017868042, 11.4822673798, 11.9466667175, 12.4226751328, 12.8870744705, 13.3514738083, 13.8274831772, 14.3034915924, 14.7678909302, 15.2322902679, 15.696688652, 16.1610889435, 16.637096405, 17.1131057739, 17.5891151428, 18.0535144806, 18.5295238495, 18.9939231873, 19.458322525, 19.9227199554, 20.3871192932, 20.851518631, 21.3159179688, 21.7919273376, 22.2679367065, 22.7323360443, 23.1967334747, 23.6727428436, 24.1487522125, 24.6131515503, 25.0775508881, 25.5419502258, 26.0295696259, 26.5055770874, 26.9931964874, 27.4924259186, 27.9916553497, 28.4908847809, 28.9785022736, 29.4661216736, 29.9305210114, 30.3949203491, 30.8593196869, 31.3237190247, 31.7997264862, 32.264125824, 32.7401351929, 33.204536438, 33.6805419922, 34.1449432373, 34.6209526062, 35.0853500366, 35.5497512817, 36.0141487122, 36.4785499573, 36.9545555115, 37.4305648804, 37.9181861877, 38.4058036804, 38.8818130493, 39.3578224182, 39.8454399109, 40.3330612183, 40.8090705872, 41.2850799561, 41.761089325, 42.2370948792, 42.713104248, 43.1891136169, 43.6535148621, 44.129524231, 44.6055335999, 45.0815429688, 45.5459403992, 46.0103378296, 46.4863471985, 46.9507484436, 47.415145874, 47.8795471191, 48.3439445496, 48.8199539185, 49.2959632874, 49.7719726563, 50.2479820251, 50.7123794556, 51.1767807007, 51.6411781311, 52.1055755615, 52.5815849304, 53.0575942993, 53.5219955444, 53.9863929749, 54.45079422, 54.9151916504, 55.4028091431, 55.8672103882, 56.3316078186, 56.7960090637, 57.2604064941, 57.7248077393, 58.1892051697, 58.6536026001, 59.1412239075, 59.6056213379, 60.070022583, 60.5576400757, 61.0220413208, 61.4864387512, 61.9508361816, 62.4152374268, 62.8796348572, 63.3440361023, 63.8084335327, 64.2844467163, 64.7604522705, 65.2248535156, 65.6892471313, 66.1652603149, 66.6412658691, 67.1056671143, 67.5700683594, 68.0344696045, 68.4988632202, 68.9632644653, 69.4392700195, 69.9152832031, 70.3796844482, 70.844078064, 71.3200912476, 71.7960968018, 72.2604980469, 72.724899292, 73.1892929077, 73.6536941528, 74.1180953979, 74.6057128906, 75.0817184448, 75.5577316284, 76.0221328735, 76.4865264893, 76.9509277344, 77.426940918, 77.9145584106, 78.4137878418, 78.9014053345, 79.3890228271, 79.8766403198, 80.3526535034, 80.8286590576, 81.3162765503, 81.7922897339, 82.2682952881, 82.7559204102, 83.2203140259, 83.684715271, 84.1375045776, 84.6135101318, 85.077911377, 85.5423126221, 86.0067138672, 86.4711074829, 86.935508728, 87.3999099731, 87.8759155273, 88.3519287109, 88.8163223267, 89.2807235718, 89.7451248169, 90.2095184326, 90.6739196777, 91.1383209229, 91.6143264771, 92.0903396606, 92.5663452148, 93.0423583984, 93.5183639526, 93.9827651978, 94.4355545044, 94.8999557495, 95.3875732422, 95.8519744873, 96.316368103, 96.7807693481, 97.2451705933, 97.7211761475, 98.1971893311, 98.6615829468, 99.1259841919, 99.6019973755, 100.07800293, 100.554008484, 101.030021667, 101.494422913, 101.958816528, 102.423217773, 102.887619019, 103.352012634, 103.816413879, 104.280815125, 104.74521637, 105.209609985, 105.67401123, 106.138412476, 106.602806091, 107.067207336, 107.54322052, 108.019226074, 108.495239258, 108.971244812, 109.435646057, 109.911651611, 110.387664795, 110.852058411, 111.328071594, 111.792472839, 112.268478394, 112.732879639, 113.208885193, 113.673286438, 114.149291992, 114.613693237, 115.078094482, 115.542495728, 116.006889343, 116.471290588, 116.935691833, 117.400085449, 117.864486694, 118.328887939, 118.793289185, 119.269294739, 119.745300293, 120.209701538, 120.685714722, 121.161720276, 121.626121521, 122.090522766, 122.554916382, 123.019317627, 123.483718872, 123.959724426, 124.424125671, 124.900131226, 125.364532471, 125.828933716, 126.30493927, 126.780952454, 127.256958008, 127.732971191, 128.220581055, 128.719818115, 129.219039917, 129.706665039, 130.205886841, 130.705123901, 131.192733765, 131.703582764, 132.202804565, 132.702041626, 133.189651489, 133.677276611, 134.141677856, 134.606079102, 135.070480347, 135.534866333, 135.999267578, 136.463668823, 136.91645813, 137.369247437, 137.822036743, 138.27482605, 138.739227295, 139.20362854, 139.656417847, 140.109207153, 140.573608398, 141.037994385, 141.490783691, 141.943572998, 142.396362305, 142.849151611, 143.313552856, 143.777954102, 144.242355347, 144.706756592, 145.171157837, 145.623947144, 146.07673645, 146.541137695, 147.005523682, 147.469924927, 147.922714233, 148.37550354, 148.828292847, 149.281082153, 149.745483398, 150.209884644, 150.674285889, 151.138687134, 151.603088379, 152.067474365, 152.53187561, 152.996276855, 153.460678101, 153.913467407, 154.366256714, 154.853881836, 155.364715576, 155.875549316, 156.386398315, 156.897232056, 157.408065796, 157.918914795, 158.429748535, 158.940582275]
    bpm_estimates: [126.048019409, 129.19921875, 129.19921875, 126.048065186, 129.199157715, 129.199279785, 126.047935486, 126.048065186, 126.048065186, 126.047935486, 126.047935486, 126.047935486, 129.199157715, 126.048194885, 129.199157715, 129.199157715, 126.048194885, 129.199157715, 129.199157715, 126.047935486, 126.048194885, 129.199157715, 129.199157715, 129.199417114, 129.198883057, 126.048446655, 126.047935486, 126.047935486, 129.199157715, 126.047935486, 129.199157715, 129.199157715, 129.199676514, 129.199157715, 129.199157715, 129.199157715, 126.047935486, 126.047935486, 129.199157715, 129.199676514, 126.047935486, 126.047935486, 129.199157715, 129.199157715, 129.199157715, 126.048446655, 129.199157715, 129.199157715, 129.199157715, 129.199157715, 126.048446655, 129.199157715, 126.047935486, 129.198623657, 126.048950195, 129.198623657, 126.047935486, 129.199676514, 129.198623657, 129.199676514, 129.198623657, 126.048950195, 126.047935486, 126.047935486, 126.047935486, 126.047935486, 126.047935486, 126.047935486, 126.048950195, 126.047935486, 126.047935486, 129.198623657, 126.047935486, 126.047935486, 126.047935486, 129.199676514, 129.199676514, 126.047935486, 129.198623657, 129.199676514, 129.198623657, 129.199676514, 126.047935486, 126.047935486, 126.047935486, 126.047935486, 129.199676514, 129.198623657, 129.199676514, 129.199676514, 126.047935486, 126.047935486, 129.198623657, 129.199676514, 129.198623657, 129.199676514, 129.198623657, 129.199676514, 129.198623657, 129.199676514, 129.198623657, 129.199676514, 129.199676514, 129.199676514, 129.198623657, 129.198623657, 129.199676514, 129.199676514, 129.198623657, 129.199676514, 129.198623657, 129.199676514, 126.046928406, 126.048950195, 129.198623657, 129.200744629, 126.046928406, 126.048950195, 129.198623657, 129.198623657, 129.198623657, 129.200744629, 129.198623657, 126.048950195, 126.046928406, 129.198623657, 129.200744629, 126.046928406, 126.048950195, 129.198623657, 129.198623657, 129.200744629, 129.198623657, 129.198623657, 126.048950195, 126.046928406, 129.198623657, 129.200744629, 129.198623657, 126.046928406, 126.046928406, 126.048950195, 126.046928406, 126.048950195, 129.200744629, 129.198623657, 132.511962891, 126.048950195, 129.198623657, 129.198623657, 129.198623657, 129.200744629, 129.198623657, 129.198623657, 126.048950195, 126.046928406, 129.200744629, 129.198623657, 129.198623657, 129.200744629, 129.198623657, 129.198623657, 126.048950195, 126.046928406, 126.048950195, 126.046928406, 126.048950195, 129.198623657, 132.511962891, 129.198623657, 129.198623657, 129.200744629, 129.198623657, 129.198623657, 126.048950195, 126.046928406, 129.200744629, 129.198623657, 126.046928406, 126.048950195, 126.048950195, 126.046928406, 129.198623657, 129.200744629, 129.198623657, 129.198623657, 129.200744629, 129.198623657, 129.198623657, 129.198623657, 129.200744629, 129.198623657, 129.198623657, 129.200744629, 129.198623657, 126.046928406, 126.048950195, 126.046928406, 126.048950195, 129.198623657, 126.048950195, 126.046928406, 129.200744629, 126.046928406, 129.198623657, 126.048950195, 129.198623657, 126.048950195, 129.198623657, 126.048950195, 129.198623657, 129.198623657, 129.198623657, 129.200744629, 129.198623657, 129.198623657, 129.200744629, 129.198623657, 129.198623657, 129.198623657, 126.048950195, 126.048950195, 129.198623657, 126.046928406, 126.048950195, 129.198623657, 129.198623657, 129.200744629, 129.198623657, 129.198623657, 126.048950195, 129.198623657, 126.048950195, 129.198623657, 129.198623657, 126.048950195, 126.046928406, 126.048950195, 126.046928406, 129.198623657, 129.198623657, 129.198623657, 129.202865601, 129.198623657, 129.198623657, 132.511962891, 132.511962891, 132.511962891, 132.511962891, 129.198623657, 129.198623657, 132.511962891, 132.511962891, 129.198623657, 129.202865601, 132.511962891, 132.511962891, 132.511962891, 132.511962891, 129.198623657, 129.198623657, 129.198623657, 129.198623657, 129.198623657, 132.511962891, 132.511962891, 129.198623657, 129.202865601, 129.198623657, 132.511962891, 132.511962891, 132.511962891, 132.511962891, 129.198623657, 129.198623657, 129.198623657, 129.198623657, 129.198623657, 129.202865601, 129.198623657, 129.198623657, 129.198623657, 132.511962891, 132.511962891]
