
metadata:
    version:
        essentia: "2.1-beta2"
    audio_properties:
        analysis_sample_rate: 44100
        bitrate: 320
        channels: 2
        equal_loudness: 1
        length: 206.863677979
        replay_gain: -13.9051017761
        downmix: "mix"
    tags:
        album: "Between Here & Lost"
        artist: "Love And Death"
        comment: "USA;USA"
        date: "2012"
        genre: "Metal"
        title: "The Abandoning"
        tracknumber: "1"

configuration:
    average_loudness:
        compute: 1
        frameSize: 88200
        hopSize: 44100
        silentFrames: "noise"
        windowType: "hann"
    general:
        analysisSampleRate: 44100
        endTime: 2000
        equalLoudness: 1
        nequalLoudness: 0
        shortSound: 0
        startTime: 0
    lowlevel:
        compute: 1
        frameSize: 2048
        hopSize: 1024
        zeroPadding: 0
        silentFrames: "noise"
        windowType: "blackmanharris62"
        mfccStats: ["mean", "cov", "icov"]
        stats: ["mean", "var", "median", "min", "max", "dmean", "dmean2", "dvar", "dvar2"]
    panning:
        compute: 0
        frameSize: 8192
        hopSize: 2048
        zeroPadding: 8192
        silentFrames: "noise"
        windowType: "hann"
        stats: ["copy"]
    rhythm:
        compute: 1
        maxTempo: 208
        minTempo: 40
        method: "degara"
        stats: ["mean", "var", "median", "min", "max", "dmean", "dmean2", "dvar", "dvar2"]
    segmentation:
        compute: 0
        cpw: 5
        inc1: 300
        inc2: 50
        minimumSegmentsLength: 10
        size1: 1000
        size2: 600
    sfx:
        compute: 1
        stats: ["mean", "var", "median", "min", "max", "dmean", "dmean2", "dvar", "dvar2"]
    svm:
        compute: 0
    tonal:
        compute: 1
        frameSize: 4096
        hopSize: 2048
        zeroPadding: 0
        silentFrames: "noise"
        windowType: "blackmanharris62"
        stats: ["mean", "var", "median", "min", "max", "dmean", "dmean2", "dvar", "dvar2"]

lowlevel:
    average_loudness: 0.963153541088
    barkbands_kurtosis:
        dmean: 0.683641552925
        dmean2: 1.13170313835
        dvar: 3.91892552376
        dvar2: 10.955321312
        max: 88.6313247681
        mean: -0.489065468311
        median: -0.998256444931
        min: -1.91435730457
        var: 6.19654607773
    barkbands_skewness:
        dmean: 0.329239457846
        dmean2: 0.536525785923
        dvar: 0.12802413106
        dvar2: 0.312272548676
        max: 8.38893795013
        mean: -0.557742118835
        median: -0.553233444691
        min: -4.32464981079
        var: 0.413335233927
    barkbands_spread:
        dmean: 5.71162652969
        dmean2: 9.52658653259
        dvar: 30.5250167847
        dvar2: 83.3708572388
        max: 66.3212280273
        mean: 32.8989601135
        median: 33.0189476013
        min: 1.26479458809
        var: 88.6698150635
    dissonance:
        dmean: 0.00872485898435
        dmean2: 0.0149365682155
        dvar: 8.11881182017e-005
        dvar2: 0.000226868447498
        max: 0.500000059605
        mean: 0.485583305359
        median: 0.488405704498
        min: 0.275424808264
        var: 0.000172503147041
    hfc:
        dmean: 2.80546522141
        dmean2: 4.74171543121
        dvar: 12.0372209549
        dvar2: 32.6135826111
        max: 72.0605316162
        mean: 12.7235584259
        median: 12.7582969666
        min: 1.10171305666e-016
        var: 27.4529628754
    pitch:
        dmean: 995.538330078
        dmean2: 1904.68725586
        dvar: 1794202.5
        dvar2: 4384010
        max: 4592.13574219
        mean: 1752.60839844
        median: 765.194458008
        min: 62.6906776428
        var: 2497810
    pitch_instantaneous_confidence:
        dmean: 0.0690474808216
        dmean2: 0.114792771637
        dvar: 0.00345039926469
        dvar2: 0.00897854007781
        max: 0.936441302299
        mean: 0.318773001432
        median: 0.297997683287
        min: 0.0941685438156
        var: 0.011397216469
    pitch_salience:
        dmean: 0.0451794862747
        dmean2: 0.0767607912421
        dvar: 0.00166571326554
        dvar2: 0.00464253686368
        max: 0.951761484146
        mean: 0.707289874554
        median: 0.714155375957
        min: 0.13447804749
        var: 0.00336069543846
    silence_rate_20dB:
        dmean: 0
        dmean2: 0
        dvar: 0
        dvar2: 0
        max: 1
        mean: 1
        median: 1
        min: 1
        var: 0
    silence_rate_30dB:
        dmean: 0
        dmean2: 0
        dvar: 0
        dvar2: 0
        max: 1
        mean: 1
        median: 1
        min: 1
        var: 0
    silence_rate_60dB:
        dmean: 0.0579189583659
        dmean2: 0.115850917995
        dvar: 0.0545662567019
        dvar2: 0.121070370078
        max: 1
        mean: 0.115488216281
        median: 0
        min: 0
        var: 0.102162010968
    spectral_centroid:
        dmean: 243.056625366
        dmean2: 398.824707031
        dvar: 71265.8046875
        dvar2: 179835.09375
        max: 11364.9248047
        mean: 2203.45776367
        median: 2176.6796875
        min: 120.673919678
        var: 361310.46875
    spectral_complexity:
        dmean: 4.32012557983
        dmean2: 7.11046266556
        dvar: 16.2784252167
        dvar2: 41.6785545349
        max: 50
        mean: 24.6323223114
        median: 26
        min: 0
        var: 71.7772064209
    spectral_crest:
        dmean: 1.38948237896
        dmean2: 2.34974956512
        dvar: 1.8606017828
        dvar2: 5.02351570129
        max: 24.7134590149
        mean: 5.44876480103
        median: 4.927298069
        min: 2.08227300644
        var: 4.25323343277
    spectral_decrease:
        dmean: 2.72018907399e-010
        dmean2: 4.56486348721e-010
        dvar: 1.10755722934e-019
        dvar2: 2.95858671969e-019
        max: 6.12544606781e-029
        mean: -1.25008070562e-009
        median: -1.24523569234e-009
        min: -4.21838164399e-009
        var: 2.77899546895e-019
    spectral_energy:
        dmean: 0.00124307663646
        dmean2: 0.00209214328788
        dvar: 2.32548381973e-006
        dvar2: 6.21823346592e-006
        max: 0.0224572345614
        mean: 0.00587215879932
        median: 0.00590999424458
        min: 1.01889458291e-020
        var: 5.8029563661e-006
    spectral_energyband_high:
        dmean: 0.00023820772185
        dmean2: 0.000414247042499
        dvar: 1.00002132797e-007
        dvar2: 2.73432192444e-007
        max: 0.00387382064946
        mean: 0.000688904488925
        median: 0.00063624791801
        min: 7.38197950627e-021
        var: 1.52975331957e-007
    spectral_energyband_low:
        dmean: 0.000263477908447
        dmean2: 0.000466098805191
        dvar: 1.30099522266e-007
        dvar2: 3.69815751355e-007
        max: 0.00348033872433
        mean: 0.000391634617699
        median: 0.000310662842821
        min: 1.73699440493e-023
        var: 1.28282934497e-007
    spectral_energyband_middle_high:
        dmean: 0.000740480027162
        dmean2: 0.00122408638708
        dvar: 6.31362809145e-007
        dvar2: 1.6291103293e-006
        max: 0.0212189890444
        mean: 0.00343479937874
        median: 0.00335347093642
        min: 1.22858191975e-021
        var: 2.38849156631e-006
    spectral_energyband_middle_low:
        dmean: 0.000574753503315
        dmean2: 0.000953015929554
        dvar: 6.81424523918e-007
        dvar2: 1.83527208719e-006
        max: 0.0118071809411
        mean: 0.0014745653607
        median: 0.00123779766727
        min: 1.71941220996e-022
        var: 1.12184704903e-006
    spectral_flatness_db:
        dmean: 0.0105457194149
        dmean2: 0.0168384611607
        dvar: 0.000127747640363
        dvar2: 0.000288580195047
        max: 0.428680449724
        mean: 0.123591244221
        median: 0.115232072771
        min: 0.062986575067
        var: 0.00108263792936
    spectral_flux:
        dmean: 0.00626687705517
        dmean2: 0.00985800195485
        dvar: 5.29562203155e-005
        dvar2: 9.99925541691e-005
        max: 0.116817727685
        mean: 0.0467114262283
        median: 0.0465001501143
        min: 6.38905595096e-011
        var: 0.000142414079164
    spectral_kurtosis:
        dmean: 0.759340107441
        dmean2: 1.28633975983
        dvar: 1.84086203575
        dvar2: 5.36562919617
        max: 67.2926025391
        mean: 2.95840072632
        median: 2.75793361664
        min: -1.24350380898
        var: 2.68124461174
    spectral_rms:
        dmean: 0.000251065706834
        dmean2: 0.000415779271862
        dvar: 8.31316029348e-008
        dvar2: 2.14728885339e-007
        max: 0.00468075787649
        mean: 0.00232840538956
        median: 0.00240121805109
        min: 3.15284538928e-012
        var: 3.07485436224e-007
    spectral_rolloff:
        dmean: 250.139022827
        dmean2: 420.987945557
        dvar: 130807.742188
        dvar2: 332650.71875
        max: 19143.0175781
        mean: 3786.42871094
        median: 3768.31054688
        min: 107.666015625
        var: 750038.8125
    spectral_skewness:
        dmean: 0.122980833054
        dmean2: 0.204813271761
        dvar: 0.0246079452336
        dvar2: 0.0664672553539
        max: 6.06986570358
        mean: 1.20863127708
        median: 1.21382558346
        min: -0.238844811916
        var: 0.0597975961864
    spectral_spread:
        dmean: 387698.4375
        dmean2: 597256.5625
        dvar: 486342721536
        dvar2: 1.09527826432e+012
        max: 41709156
        mean: 4883353
        median: 4839241.5
        min: 1145065.875
        var: 3.91889210573e+012
    spectral_strongpeak:
        dmean: 0.584071874619
        dmean2: 1.01107728481
        dvar: 0.533446788788
        dvar2: 1.36993002892
        max: 7.63353633881
        mean: 0.816882908344
        median: 0.500974655151
        min: 1.64713770401e-010
        var: 0.80721449852
    zerocrossingrate:
        dmean: 0.00664071273059
        dmean2: 0.00839314237237
        dvar: 5.23266098753e-005
        dvar2: 6.97474897606e-005
        max: 0.5068359375
        mean: 0.119350403547
        median: 0.1181640625
        min: 0.005859375
        var: 0.000672076828778
    barkbands:
        dmean: [4.64286841861e-007, 0.000106553343358, 0.000148726059706, 0.000132835833938, 0.00024336228671, 0.000133084482513, 0.000111747467599, 0.000131016728119, 0.000157329865033, 0.000104573780845, 6.86118073645e-005, 6.50618458167e-005, 6.31687944406e-005, 7.68967074691e-005, 9.76782248472e-005, 0.000186899924302, 0.000240459339693, 0.000220330912271, 0.000296011276077, 0.000242088717641, 0.000126639584778, 4.43742537755e-005, 1.16690916911e-005, 4.73014415547e-006, 2.0369673166e-006, 8.15248597519e-008, 6.52447984528e-010]
        dmean2: [7.25819802483e-007, 0.000188679157873, 0.000263428810285, 0.000233586208196, 0.00041966768913, 0.000227608485147, 0.000186902427231, 0.000211347665754, 0.000252744037425, 0.0001647505851, 0.000112153044029, 0.000106151092041, 0.000103646380012, 0.000128376821522, 0.000163444172358, 0.000312501389999, 0.000402340927394, 0.000372011243599, 0.000498454843182, 0.000418908632128, 0.000223106428166, 7.58513633627e-005, 1.88159647223e-005, 7.39327833799e-006, 3.23146332448e-006, 1.30950652988e-007, 1.09543163429e-009]
        dvar: [7.32568628155e-013, 3.43208661491e-008, 3.93915229324e-008, 3.63846517359e-008, 2.3137943117e-007, 4.49729995466e-008, 3.15703374554e-008, 5.93172266861e-008, 5.98988521006e-008, 4.05478743915e-008, 2.3252178849e-008, 1.1762151253e-008, 8.63335891665e-009, 1.3054607173e-008, 2.06504076061e-008, 4.08159195331e-008, 7.06180003363e-008, 5.34301278776e-008, 1.24331151596e-007, 6.89034038714e-008, 3.31882823446e-008, 4.75288874924e-009, 4.46878561933e-010, 1.06242098452e-010, 2.80862694213e-011, 2.8795298394e-014, 1.06105559099e-018]
        dvar2: [1.68221795001e-012, 9.56895362947e-008, 1.14196396339e-007, 1.01033322153e-007, 6.42410896035e-007, 1.19980953173e-007, 8.11120628441e-008, 1.46805916756e-007, 1.41416663269e-007, 9.37878184004e-008, 5.8484566523e-008, 2.8997526158e-008, 2.11683435225e-008, 3.48267619188e-008, 5.31892077049e-008, 1.05406499529e-007, 1.80328697752e-007, 1.41689724842e-007, 3.32430460048e-007, 1.93217331912e-007, 9.22908469647e-008, 1.23987824452e-008, 9.2017554687e-010, 1.95726101992e-010, 6.88702497809e-011, 6.31055402161e-014, 2.52967216878e-018]
        max: [6.66078994982e-006, 0.00174364331178, 0.00185439689085, 0.00249333470128, 0.00832588505, 0.0037501049228, 0.00391911622137, 0.00562504585832, 0.00505891302601, 0.00336743728258, 0.00310526974499, 0.00231294636615, 0.00238166633062, 0.00194741331507, 0.00371729908511, 0.00452084932476, 0.00562269985676, 0.00424516201019, 0.0112329991534, 0.00361875165254, 0.00207095686346, 0.00163637322839, 0.000621164625045, 0.000348619476426, 0.000179399081389, 4.66703204438e-006, 2.143272404e-008]
        mean: [6.12743122019e-007, 0.000125254038721, 0.000187883546459, 0.00016310949286, 0.000350791611709, 0.000199432397494, 0.000187985293451, 0.000221234891796, 0.000312141724862, 0.000192179912119, 0.000128477448015, 0.000112672409159, 0.000115622562589, 0.000138861360028, 0.000186007237062, 0.000406450912124, 0.000544272304978, 0.000534101331141, 0.000736274989322, 0.0006038902211, 0.000282099703327, 9.96746312012e-005, 2.6929536034e-005, 1.14229997052e-005, 4.6053769438e-006, 1.72442241819e-007, 1.05690012298e-009]
        median: [2.29465143775e-007, 7.74167929194e-005, 0.000127197738038, 0.000100612647657, 0.00019150073058, 0.000123236328363, 0.000115644288599, 0.000109719199827, 0.000163346005138, 7.5009156717e-005, 4.90886486659e-005, 6.45736872684e-005, 7.10139793227e-005, 9.18337827898e-005, 0.000128457540995, 0.000335104792612, 0.000452171778306, 0.000468924845336, 0.00066142808646, 0.000549705582671, 0.000245285744313, 8.36500257719e-005, 1.92189509107e-005, 7.12993096386e-006, 3.07339701067e-006, 1.14125157324e-007, 6.85888790208e-010]
        min: [2.16307361193e-025, 3.19665430622e-024, 1.51061410349e-024, 3.2624683799e-024, 1.03689108005e-023, 9.76272404854e-024, 9.17295191428e-024, 1.15635388784e-023, 2.73931633794e-023, 1.68025763536e-023, 2.64631500146e-023, 3.13025308337e-023, 2.73255800879e-023, 4.17759152171e-023, 8.40953808414e-023, 5.74964994194e-023, 9.18867264994e-023, 7.13756172116e-023, 1.73876227377e-022, 2.21237492373e-022, 3.39055345316e-022, 3.47031625213e-022, 5.06429263619e-022, 5.84867735531e-022, 1.05658156574e-021, 1.4272855057e-021, 2.03735958121e-021]
        var: [9.49226157745e-013, 2.77077845112e-008, 4.03604119015e-008, 4.22737223005e-008, 2.59324423268e-007, 6.64379768978e-008, 6.42700896947e-008, 1.37927997912e-007, 1.94730006342e-007, 1.14963008002e-007, 7.55890212645e-008, 2.58646100093e-008, 1.97881053765e-008, 2.32878196726e-008, 4.13238865349e-008, 9.36301631782e-008, 1.70057774085e-007, 1.17495922325e-007, 2.09345884628e-007, 1.13265429036e-007, 3.7463625091e-008, 6.85440104675e-009, 1.17159459911e-009, 3.41087241784e-010, 6.13313150266e-011, 6.43406430022e-014, 1.79702403138e-018]
    frequency_bands:
        dmean: [4.64286841861e-007, 0.000106553343358, 0.000148726059706, 0.000132835833938, 0.00024336228671, 0.000133084482513, 0.000111747467599, 0.000131016728119, 0.000157329865033, 0.000104573780845, 6.86118073645e-005, 6.50618458167e-005, 6.31687944406e-005, 7.68967074691e-005, 9.76782248472e-005, 0.000186899924302, 0.000240459339693, 0.000220330912271, 0.000296011276077, 0.000242088717641, 0.000126639584778, 4.43742537755e-005, 1.16690916911e-005, 4.73014415547e-006, 2.0369673166e-006, 8.15248597519e-008, 6.52447984528e-010, 6.89996670911e-011]
        dmean2: [7.25819802483e-007, 0.000188679157873, 0.000263428810285, 0.000233586208196, 0.00041966768913, 0.000227608485147, 0.000186902427231, 0.000211347665754, 0.000252744037425, 0.0001647505851, 0.000112153044029, 0.000106151092041, 0.000103646380012, 0.000128376821522, 0.000163444172358, 0.000312501389999, 0.000402340927394, 0.000372011243599, 0.000498454843182, 0.000418908632128, 0.000223106428166, 7.58513633627e-005, 1.88159647223e-005, 7.39327833799e-006, 3.23146332448e-006, 1.30950652988e-007, 1.09543163429e-009, 1.28616770012e-010]
        dvar: [7.32568628155e-013, 3.43208661491e-008, 3.93915229324e-008, 3.63846517359e-008, 2.3137943117e-007, 4.49729995466e-008, 3.15703374554e-008, 5.93172266861e-008, 5.98988521006e-008, 4.05478743915e-008, 2.3252178849e-008, 1.1762151253e-008, 8.63335891665e-009, 1.3054607173e-008, 2.06504076061e-008, 4.08159195331e-008, 7.06180003363e-008, 5.34301278776e-008, 1.24331151596e-007, 6.89034038714e-008, 3.31882823446e-008, 4.75288874924e-009, 4.46878561933e-010, 1.06242098452e-010, 2.80862694213e-011, 2.8795298394e-014, 1.06105559099e-018, 8.46430979488e-021]
        dvar2: [1.68221795001e-012, 9.56895362947e-008, 1.14196396339e-007, 1.01033322153e-007, 6.42410896035e-007, 1.19980953173e-007, 8.11120628441e-008, 1.46805916756e-007, 1.41416663269e-007, 9.37878184004e-008, 5.8484566523e-008, 2.8997526158e-008, 2.11683435225e-008, 3.48267619188e-008, 5.31892077049e-008, 1.05406499529e-007, 1.80328697752e-007, 1.41689724842e-007, 3.32430460048e-007, 1.93217331912e-007, 9.22908469647e-008, 1.23987824452e-008, 9.2017554687e-010, 1.95726101992e-010, 6.88702497809e-011, 6.31055402161e-014, 2.52967216878e-018, 2.6833837622e-020]
        max: [6.66078994982e-006, 0.00174364331178, 0.00185439689085, 0.00249333470128, 0.00832588505, 0.0037501049228, 0.00391911622137, 0.00562504585832, 0.00505891302601, 0.00336743728258, 0.00310526974499, 0.00231294636615, 0.00238166633062, 0.00194741331507, 0.00371729908511, 0.00452084932476, 0.00562269985676, 0.00424516201019, 0.0112329991534, 0.00361875165254, 0.00207095686346, 0.00163637322839, 0.000621164625045, 0.000348619476426, 0.000179399081389, 4.66703204438e-006, 2.143272404e-008, 1.21176280121e-009]
        mean: [6.12743122019e-007, 0.000125254038721, 0.000187883546459, 0.00016310949286, 0.000350791611709, 0.000199432397494, 0.000187985293451, 0.000221234891796, 0.000312141724862, 0.000192179912119, 0.000128477448015, 0.000112672409159, 0.000115622562589, 0.000138861360028, 0.000186007237062, 0.000406450912124, 0.000544272304978, 0.000534101331141, 0.000736274989322, 0.0006038902211, 0.000282099703327, 9.96746312012e-005, 2.6929536034e-005, 1.14229997052e-005, 4.6053769438e-006, 1.72442241819e-007, 1.05690012298e-009, 5.3151268109e-011]
        median: [2.29465143775e-007, 7.74167929194e-005, 0.000127197738038, 0.000100612647657, 0.00019150073058, 0.000123236328363, 0.000115644288599, 0.000109719199827, 0.000163346005138, 7.5009156717e-005, 4.90886486659e-005, 6.45736872684e-005, 7.10139793227e-005, 9.18337827898e-005, 0.000128457540995, 0.000335104792612, 0.000452171778306, 0.000468924845336, 0.00066142808646, 0.000549705582671, 0.000245285744313, 8.36500257719e-005, 1.92189509107e-005, 7.12993096386e-006, 3.07339701067e-006, 1.14125157324e-007, 6.85888790208e-010, 2.18230988835e-011]
        min: [2.16307361193e-025, 3.19665430622e-024, 1.51061410349e-024, 3.2624683799e-024, 1.03689108005e-023, 9.76272404854e-024, 9.17295191428e-024, 1.15635388784e-023, 2.73931633794e-023, 1.68025763536e-023, 2.64631500146e-023, 3.13025308337e-023, 2.73255800879e-023, 4.17759152171e-023, 8.40953808414e-023, 5.74964994194e-023, 9.18867264994e-023, 7.13756172116e-023, 1.73876227377e-022, 2.21237492373e-022, 3.39055345316e-022, 3.47031625213e-022, 5.06429263619e-022, 5.84867735531e-022, 1.05658156574e-021, 1.4272855057e-021, 2.03735958121e-021, 5.4539702334e-022]
        var: [9.49226157745e-013, 2.77077845112e-008, 4.03604119015e-008, 4.22737223005e-008, 2.59324423268e-007, 6.64379768978e-008, 6.42700896947e-008, 1.37927997912e-007, 1.94730006342e-007, 1.14963008002e-007, 7.55890212645e-008, 2.58646100093e-008, 1.97881053765e-008, 2.32878196726e-008, 4.13238865349e-008, 9.36301631782e-008, 1.70057774085e-007, 1.17495922325e-007, 2.09345884628e-007, 1.13265429036e-007, 3.7463625091e-008, 6.85440104675e-009, 1.17159459911e-009, 3.41087241784e-010, 6.13313150266e-011, 6.43406430022e-014, 1.79702403138e-018, 6.69314808234e-021]
    mfcc:
        mean: [-670.00012207, 81.9161529541, -50.8106384277, 53.8619003296, -13.5162477493, -7.2003493309, -4.61781740189, -0.136691600084, 2.39023303986, -0.63540494442, -3.10994195938, -2.08646607399, -3.14946460724]
        cov: [[3825.33300781, 193.618286133, 3.37766575813, 34.8773994446, -74.9550704956, 87.9639358521, -16.482093811, 137.322280884, 45.2542495728, 96.8821487427, 10.3443937302, 10.9460277557, -53.8500862122], [193.618286133, 487.573974609, -121.288246155, 112.369216919, 4.17362880707, 19.3160820007, 37.8137016296, 7.34564876556, 33.1760292053, -18.3398361206, 3.14213562012, -6.83220100403, -2.86279368401], [3.37766575813, -121.288246155, 429.785400391, -23.844871521, 120.294296265, 53.1452255249, 1.92642867565, 24.0005588531, -32.4483947754, 33.6925621033, -7.1968832016, 11.8625488281, -3.7388381958], [34.8773994446, 112.369216919, -23.844871521, 217.298492432, 59.7681503296, 14.8082666397, -9.89776039124, -36.697807312, 6.54275894165, -17.0577411652, -4.56157636642, -8.55272197723, 11.8962144852], [-74.9550704956, 4.17362880707, 120.294296265, 59.7681503296, 131.674407959, 38.3032455444, 3.68175888062, -7.68246364594, -2.09874343872, 13.2857198715, -8.48886489868, -0.237034678459, 0.680871784687], [87.9639358521, 19.3160820007, 53.1452255249, 14.8082666397, 38.3032455444, 93.4543914795, 32.7684783936, 23.9874629974, 9.22674655914, 12.0929031372, 12.2451257706, 6.71229410172, 4.82928752899], [-16.482093811, 37.8137016296, 1.92642867565, -9.89776039124, 3.68175888062, 32.7684783936, 106.071434021, 54.430480957, 27.6623363495, 0.734888315201, -1.92747879028, 5.79944181442, -2.31776595116], [137.322280884, 7.34564876556, 24.0005588531, -36.697807312, -7.68246364594, 23.9874629974, 54.430480957, 100.888427734, 40.4542617798, 19.577665329, 2.71278548241, 4.89928770065, -1.80099499226], [45.2542495728, 33.1760292053, -32.4483947754, 6.54275894165, -2.09874343872, 9.22674655914, 27.6623363495, 40.4542617798, 79.4488601685, 31.7773704529, 11.8947038651, 6.32634305954, 3.07381176949], [96.8821487427, -18.3398361206, 33.6925621033, -17.0577411652, 13.2857198715, 12.0929031372, 0.734888315201, 19.577665329, 31.7773704529, 68.6436080933, 29.687461853, 15.9039859772, -0.213705256581], [10.3443937302, 3.14213562012, -7.1968832016, -4.56157636642, -8.48886489868, 12.2451257706, -1.92747879028, 2.71278548241, 11.8947038651, 29.687461853, 61.9454498291, 26.2351036072, 7.38290548325], [10.9460277557, -6.83220100403, 11.8625488281, -8.55272197723, -0.237034678459, 6.71229410172, 5.79944181442, 4.89928770065, 6.32634305954, 15.9039859772, 26.2351036072, 49.1508331299, 22.4868831635], [-53.8500862122, -2.86279368401, -3.7388381958, 11.8962144852, 0.680871784687, 4.82928752899, -2.31776595116, -1.80099499226, 3.07381176949, -0.213705256581, 7.38290548325, 22.4868831635, 52.0284461975]]
        icov: [[0.000338449055562, -0.000141465876368, -8.74663237482e-006, -0.0002778210619, 0.000522195128724, -0.000471055711387, 0.000499374757055, -0.000646226282697, 0.000322924315697, -0.00069873832399, 0.000517215405125, -0.000397814699681, 0.000518771354109], [-0.000141465876368, 0.00271720602177, 0.000689507403877, -0.0011830982985, -0.000316245132126, -0.000205255535548, -0.000878286256921, 5.10559766553e-006, -0.000667239248287, 0.000929531699512, -0.0005405388074, 5.56869417778e-005, 0.000403268379159], [-8.74663237482e-006, 0.000689507403877, 0.00422588689253, 0.000632219831459, -0.00375152076595, -0.000902883417439, 0.000478878995636, -0.00189870991744, 0.00283234636299, -0.00178372347727, 0.000985443824902, -0.00108462886419, 0.000430801650509], [-0.0002778210619, -0.0011830982985, 0.000632219831459, 0.00749600073323, -0.00433211307973, -3.64467086911e-005, 0.000136211936479, 0.00293453736231, -0.00236640567891, 0.00290582957678, -0.00145828805398, 0.00193364568986, -0.00233049201779], [0.000522195128724, -0.000316245132126, -0.00375152076595, -0.00433211307973, 0.0153745748103, -0.00435974588618, 6.28463894827e-005, 0.00168448069599, -0.000212495346204, -0.00433171447366, 0.00449224421754, -0.00109618226998, 0.00133967958391], [-0.000471055711387, -0.000205255535548, -0.000902883417439, -3.64467086911e-005, -0.00435974588618, 0.0158460475504, -0.00452512223274, -0.0012047351338, 0.000537683139555, 0.0008833440952, -0.0050023435615, 0.00220912601799, -0.00248554861173], [0.000499374757055, -0.000878286256921, 0.000478878995636, 0.000136211936479, 6.28463894827e-005, -0.00452512223274, 0.0160131361336, -0.00775859085843, -0.00198373571038, 0.00254417560063, 0.00223404914141, -0.003873817157, 0.00282069831155], [-0.000646226282697, 5.10559766553e-006, -0.00189870991744, 0.00293453736231, 0.00168448069599, -0.0012047351338, -0.00775859085843, 0.0200562309474, -0.00812755338848, -5.49283470264e-007, 0.000499490415677, 0.00158249936067, -0.00131225562654], [0.000322924315697, -0.000667239248287, 0.00283234636299, -0.00236640567891, -0.000212495346204, 0.000537683139555, -0.00198373571038, -0.00812755338848, 0.0233273915946, -0.0118429316208, 0.00152203324251, 0.000239788423642, -0.00112114066724], [-0.00069873832399, 0.000929531699512, -0.00178372347727, 0.00290582957678, -0.00433171447366, 0.0008833440952, 0.00254417560063, -5.49283470264e-007, -0.0118429316208, 0.0290118362755, -0.011766904965, -0.00163512851577, 0.00181865051854], [0.000517215405125, -0.0005405388074, 0.000985443824902, -0.00145828805398, 0.00449224421754, -0.0050023435615, 0.00223404914141, 0.000499490415677, 0.00152203324251, -0.011766904965, 0.0283025577664, -0.0131383901462, 0.00295621179976], [-0.000397814699681, 5.56869417778e-005, -0.00108462886419, 0.00193364568986, -0.00109618226998, 0.00220912601799, -0.003873817157, 0.00158249936067, 0.000239788423642, -0.00163512851577, -0.0131383901462, 0.0352330543101, -0.0146216265857], [0.000518771354109, 0.000403268379159, 0.000430801650509, -0.00233049201779, 0.00133967958391, -0.00248554861173, 0.00282069831155, -0.00131225562654, -0.00112114066724, 0.00181865051854, 0.00295621179976, -0.0146216265857, 0.0266103446484]]
    sccoeffs:
        dmean: [0.0550102740526, 0.0467003136873, 0.0367962643504, 0.0292302910239, 0.0193272978067, 0.0170563813299]
        dmean2: [0.0929681733251, 0.0781654343009, 0.0622857585549, 0.0491625629365, 0.0325053595006, 0.0277821198106]
        dvar: [0.00195397413336, 0.00137604575139, 0.000832396384794, 0.000532954640221, 0.000238904787693, 0.000262565794401]
        dvar2: [0.00542883900926, 0.00381410843693, 0.00232789595611, 0.0014647890348, 0.000645437452476, 0.000633393763565]
        max: [-0.341729134321, -0.478790193796, -0.5458740592, -0.561199903488, -0.612537920475, -0.512457191944]
        mean: [-0.688205480576, -0.766912698746, -0.787669897079, -0.789321303368, -0.793233931065, -0.736920535564]
        median: [-0.691662549973, -0.770651578903, -0.793548285961, -0.791767716408, -0.794249653816, -0.739459872246]
        min: [-0.970975041389, -0.994329929352, -0.976000607014, -0.967706382275, -0.964426219463, -0.964257359505]
        var: [0.00456499774009, 0.00328489183448, 0.0030736788176, 0.0016074469313, 0.000766270386521, 0.00146257400047]
    scvalleys:
        dmean: [0.409502625465, 0.362132251263, 0.296079397202, 0.239021211863, 0.183515250683, 0.222107738256]
        dmean2: [0.682036578655, 0.604710519314, 0.49022269249, 0.39218249917, 0.302886039019, 0.346016317606]
        dvar: [0.131634324789, 0.123941749334, 0.0861082598567, 0.0693759843707, 0.0636121109128, 0.0980761945248]
        dvar2: [0.324553698301, 0.303262144327, 0.19011759758, 0.146468117833, 0.130818590522, 0.218028917909]
        max: [-5.07462930679, -4.27051591873, -5.29942893982, -5.6748008728, -5.58361291885, -7.25596857071]
        mean: [-6.79784965515, -6.37980031967, -6.81334638596, -6.82584524155, -6.46863412857, -9.14423274994]
        median: [-6.55411148071, -6.21885681152, -6.69391822815, -6.66244077682, -6.31073856354, -8.8965883255]
        min: [-28.0703964233, -27.9648456573, -27.7545547485, -27.6394958496, -27.377702713, -27.3862953186]
        var: [1.94656133652, 1.67632651329, 1.61566591263, 1.56616377831, 1.54666042328, 1.73095560074]

rhythm:
    beats_loudness:
        dmean: 0.00205924059264
        dmean2: 0.0037750673946
        dvar: 2.15873456e-006
        dvar2: 6.02873024036e-006
        max: 0.0126296924427
        mean: 0.00570540083572
        median: 0.00554300379008
        min: 2.79157275074e-009
        var: 4.86506996822e-006
    bpm: 114.952056885
    bpm_confidence: 0
    first_peak_bpm: 115
    first_peak_spread: 0.27835047245
    first_peak_weight: 0.710659921169
    onset_rate: 1.89980196953
    second_peak_bpm: 108
    second_peak_spread: 0.40000000596
    second_peak_weight: 0.00761421304196
    beats_loudness_band_ratio:
        dmean: [0.0849248021841, 0.0869764462113, 0.0827446430922, 0.0610729791224, 0.0873093008995, 0.0836350396276]
        dmean2: [0.146360754967, 0.154628425837, 0.148319989443, 0.103502318263, 0.151269495487, 0.142280295491]
        dvar: [0.00598593521863, 0.00624454161152, 0.00804276019335, 0.00545988371596, 0.00678891083226, 0.00467306189239]
        dvar2: [0.0173688735813, 0.0173320285976, 0.0240370668471, 0.0146881863475, 0.0190659947693, 0.0135353123769]
        max: [0.594148337841, 0.489470720291, 0.726612567902, 0.496304422617, 0.68653768301, 0.648577570915]
        mean: [0.135718658566, 0.113009370863, 0.136304944754, 0.0951898023486, 0.300119847059, 0.262958198786]
        median: [0.126717180014, 0.090946123004, 0.113281361759, 0.0719279795885, 0.283943414688, 0.24922567606]
        min: [0.000286486989353, 0.00122441723943, 0.00592532753944, 0.00279973493889, 0.0104986773804, 0.00698505295441]
        var: [0.00744718313217, 0.00778402853757, 0.00922659039497, 0.00590119184926, 0.00826008990407, 0.00668683554977]
    beats_position: [0.522448956966, 1.04489791393, 1.57895684242, 2.11301589012, 2.65868473053, 3.20435357094, 3.76163268089, 4.31891155243, 4.87619018555, 5.41024923325, 5.93269824982, 6.45514726639, 6.97759628296, 7.50004529953, 8.0224943161, 8.54494285583, 9.06739234924, 9.58984088898, 10.1122903824, 10.6347389221, 11.1571884155, 11.6796369553, 12.202085495, 12.7245349884, 13.2469835281, 13.7694330215, 14.2802715302, 14.8027210236, 15.3251695633, 15.8592290878, 16.3816776276, 16.904127121, 17.4149665833, 17.9490242004, 18.4714736938, 18.9939231873, 19.5047607422, 20.0272102356, 20.549659729, 21.0721092224, 21.5945568085, 22.1170063019, 22.6394557953, 23.1502952576, 23.6727428436, 24.195192337, 24.7176418304, 25.2400894165, 25.7625389099, 26.2849884033, 26.8074378967, 27.3298854828, 27.8523349762, 28.3747844696, 28.897233963, 29.4196815491, 29.9421310425, 30.4645805359, 30.9754180908, 31.4978675842, 32.0203170776, 32.542766571, 33.0652160645, 33.5876655579, 34.1101112366, 34.6441726685, 35.1666221619, 35.6890678406, 36.1999092102, 36.7223587036, 37.244808197, 37.7672538757, 38.2897033691, 38.8121528625, 39.334602356, 39.8570518494, 40.3795013428, 40.9019508362, 41.4243965149, 41.9468460083, 42.4692955017, 42.9917449951, 43.5141944885, 44.0366439819, 44.5590934753, 45.0815429688, 45.5923805237, 46.1032180786, 46.625667572, 47.1597251892, 47.6821746826, 48.204624176, 48.7154655457, 49.2379112244, 49.7603607178, 50.2828102112, 50.7936515808, 51.327709198, 51.8501586914, 52.3842163086, 52.906665802, 53.4291152954, 53.9399528503, 54.4624023438, 54.9848518372, 55.5073013306, 56.029750824, 56.5522003174, 57.0746459961, 57.5970954895, 58.1195449829, 58.6419944763, 59.1644439697, 59.6868934631, 60.2093429565, 60.7201805115, 61.2426300049, 61.7650794983, 62.2875289917, 62.8099746704, 63.3324241638, 63.8548736572, 64.3773193359, 64.899772644, 65.4222183228, 65.9446716309, 66.4671173096, 66.9779586792, 67.5004043579, 68.0344696045, 68.5569152832, 69.0793609619, 69.5902023315, 70.1126480103, 70.6351013184, 71.1575469971, 71.6800003052, 72.2024459839, 72.724899292, 73.2357330322, 73.7465744019, 74.280632019, 74.8030853271, 75.3255310059, 75.859588623, 76.3820419312, 76.9044876099, 77.426940918, 77.9377746582, 78.4602279663, 78.982673645, 79.5051269531, 80.0159606934, 80.5384140015, 81.0608596802, 81.5833053589, 82.105758667, 82.6282043457, 83.1506576538, 83.6731033325, 84.1955566406, 84.7180023193, 85.2404556274, 85.7745132446, 86.2853469849, 86.807800293, 87.3302459717, 87.8410873413, 88.36353302, 88.8975982666, 89.4200439453, 89.9541015625, 90.4649429321, 90.9873886108, 91.5098419189, 92.0322875977, 92.5431289673, 93.0771865845, 93.5996322632, 94.1220855713, 94.64453125, 95.1669845581, 95.6778182983, 96.2002716064, 96.7227172852, 97.2451705933, 97.767616272, 98.2900695801, 98.8241271973, 99.346572876, 99.8690261841, 100.403083801, 100.913917542, 101.424758911, 101.935600281, 102.458045959, 102.980499268, 103.514556885, 104.025398254, 104.547843933, 105.070289612, 105.604354858, 106.115188599, 106.649246216, 107.160087585, 107.670928955, 108.193374634, 108.727432251, 109.249885559, 109.783943176, 110.294784546, 110.805618286, 111.328071594, 111.862129211, 112.38457489, 112.907028198, 113.417869568, 113.940315247, 114.451156616, 114.973602295, 115.496055603, 116.018501282, 116.54094696, 117.075012207, 117.597457886, 118.119903564, 118.630744934, 119.153198242, 119.675643921, 120.1980896, 120.720542908, 121.242988586, 121.765441895, 122.299499512, 122.82194519, 123.344398499, 123.866844177, 124.389297485, 124.900131226, 125.422584534, 125.945030212, 126.455871582, 126.978317261, 127.500770569, 128.034820557, 128.545669556, 129.068115234, 129.602172852, 130.12461853, 130.635467529, 131.157913208, 131.680358887, 132.202804565, 132.725265503, 133.236099243, 133.758544922, 134.280990601, 134.803451538, 135.337509155, 135.859954834, 136.382400513, 136.904846191, 137.41569519, 137.938140869, 138.460586548, 138.983032227, 139.505477905, 140.027938843, 140.550384521, 141.0728302, 141.58366394, 142.117736816, 142.640182495, 143.162628174, 143.685073853, 144.207519531, 144.729980469, 145.252426147, 145.774871826, 146.297317505, 146.819763184, 147.342224121, 147.8646698, 148.37550354, 148.897949219, 149.420410156, 149.942855835, 150.465301514, 150.976135254, 151.486984253, 152.02104187, 152.555099487, 153.077545166, 153.599990845, 154.110839844, 154.633285522, 155.155731201, 155.67817688, 156.189025879, 156.723083496, 157.245529175, 157.779586792, 158.290420532, 158.824493408, 159.335327148, 159.869384766, 160.380218506, 160.902679443, 161.425125122, 161.935958862, 162.458404541, 162.992462158, 163.514923096, 164.037368774, 164.559814453, 165.070648193, 165.593109131, 166.11555481, 166.62638855, 167.148834229, 167.671295166, 168.182128906, 168.704574585, 169.227020264, 169.761077881, 170.283538818, 170.794372559, 171.316818237, 171.839263916, 172.361724854, 172.872558594, 173.406616211, 173.92906189, 174.451522827, 174.973968506, 175.496414185, 176.030471802, 176.541305542, 177.052154541, 177.57460022, 178.097045898, 178.619491577, 179.141952515, 179.652786255, 180.186843872, 180.720901489, 181.243347168, 181.765808105, 182.288253784, 182.810699463, 183.333145142, 183.85559082, 184.378051758, 184.900497437, 185.422943115, 185.945388794, 186.479446411, 187.001907349, 187.524353027, 188.058410645, 188.546035767, 189.068481445, 189.590927124, 190.113372803, 190.635818481, 191.158279419, 191.669113159, 192.191558838, 192.714004517, 193.236465454, 193.758911133, 194.281356812, 194.80380249, 195.326248169, 195.860321045, 196.382766724, 196.905212402, 197.427658081, 197.95010376, 198.472564697, 198.995010376, 199.517456055, 200.039901733, 200.562347412, 201.073196411, 201.59564209, 202.118087769, 202.640533447, 203.162994385, 203.685440063, 204.196273804, 204.718719482, 205.229568481, 205.75201416, 206.274459839]
