
metadata:
    version:
        essentia: "2.1-beta2"
    audio_properties:
        analysis_sample_rate: 44100
        bitrate: 320
        channels: 2
        equal_loudness: 1
        length: 230.608978271
        replay_gain: -14.2491455078
        downmix: "mix"
    tags:
        album: "Between Here & Lost"
        artist: "Love And Death"
        comment: ""
        date: "2012"
        genre: "Metal"
        title: "By The Way"
        tracknumber: "4"

configuration:
    average_loudness:
        compute: 1
        frameSize: 88200
        hopSize: 44100
        silentFrames: "noise"
        windowType: "hann"
    general:
        analysisSampleRate: 44100
        endTime: 2000
        equalLoudness: 1
        nequalLoudness: 0
        shortSound: 0
        startTime: 0
    lowlevel:
        compute: 1
        frameSize: 2048
        hopSize: 1024
        zeroPadding: 0
        silentFrames: "noise"
        windowType: "blackmanharris62"
        mfccStats: ["mean", "cov", "icov"]
        stats: ["mean", "var", "median", "min", "max", "dmean", "dmean2", "dvar", "dvar2"]
    panning:
        compute: 0
        frameSize: 8192
        hopSize: 2048
        zeroPadding: 8192
        silentFrames: "noise"
        windowType: "hann"
        stats: ["copy"]
    rhythm:
        compute: 1
        maxTempo: 208
        minTempo: 40
        method: "degara"
        stats: ["mean", "var", "median", "min", "max", "dmean", "dmean2", "dvar", "dvar2"]
    segmentation:
        compute: 0
        cpw: 5
        inc1: 300
        inc2: 50
        minimumSegmentsLength: 10
        size1: 1000
        size2: 600
    sfx:
        compute: 1
        stats: ["mean", "var", "median", "min", "max", "dmean", "dmean2", "dvar", "dvar2"]
    svm:
        compute: 0
    tonal:
        compute: 1
        frameSize: 4096
        hopSize: 2048
        zeroPadding: 0
        silentFrames: "noise"
        windowType: "blackmanharris62"
        stats: ["mean", "var", "median", "min", "max", "dmean", "dmean2", "dvar", "dvar2"]

lowlevel:
    average_loudness: 0.922554075718
    barkbands_kurtosis:
        dmean: 0.53300511837
        dmean2: 0.88082331419
        dvar: 0.665406405926
        dvar2: 1.67414617538
        max: 61.1600456238
        mean: -0.552668452263
        median: -1.00837278366
        min: -1.8442363739
        var: 7.53037214279
    barkbands_skewness:
        dmean: 0.288080602884
        dmean2: 0.468738555908
        dvar: 0.0630683749914
        dvar2: 0.166257843375
        max: 6.76829051971
        mean: -0.542106211185
        median: -0.565200448036
        min: -3.38437056541
        var: 0.416915595531
    barkbands_spread:
        dmean: 4.83703184128
        dmean2: 7.96139526367
        dvar: 23.3739109039
        dvar2: 63.2315788269
        max: 100.777252197
        mean: 31.1495075226
        median: 30.6478328705
        min: 1.78492248058
        var: 76.4116516113
    dissonance:
        dmean: 0.00818290840834
        dmean2: 0.0138419819996
        dvar: 6.38570563751e-005
        dvar2: 0.000175996901817
        max: 0.500000119209
        mean: 0.484632581472
        median: 0.487338483334
        min: 0.338612467051
        var: 0.000151131738676
    hfc:
        dmean: 2.37482309341
        dmean2: 3.99273610115
        dvar: 8.88316059113
        dvar2: 23.6357688904
        max: 49.2915878296
        mean: 11.0125722885
        median: 10.6282920837
        min: 1.11851097732e-016
        var: 30.8571338654
    pitch:
        dmean: 912.609863281
        dmean2: 1745.38598633
        dvar: 1607028.625
        dvar2: 3889365.75
        max: 4526.37109375
        mean: 1634.06689453
        median: 662.886779785
        min: 69.0151824951
        var: 2333585.5
    pitch_instantaneous_confidence:
        dmean: 0.0696293413639
        dmean2: 0.116782523692
        dvar: 0.00314108841121
        dvar2: 0.00840170029551
        max: 0.846527457237
        mean: 0.327150017023
        median: 0.311607003212
        min: 0.100827932358
        var: 0.00933203287423
    pitch_salience:
        dmean: 0.0433477684855
        dmean2: 0.0729299932718
        dvar: 0.00132376432884
        dvar2: 0.00358542124741
        max: 0.869593858719
        mean: 0.714684128761
        median: 0.722807466984
        min: 0.245298370719
        var: 0.00369791220874
    silence_rate_20dB:
        dmean: 0
        dmean2: 0
        dvar: 0
        dvar2: 0
        max: 1
        mean: 1
        median: 1
        min: 1
        var: 0
    silence_rate_30dB:
        dmean: 0
        dmean2: 0
        dvar: 0
        dvar2: 0
        max: 1
        mean: 1
        median: 1
        min: 1
        var: 0
    silence_rate_60dB:
        dmean: 0.0616190098226
        dmean2: 0.123250424862
        dvar: 0.0578124001622
        dvar2: 0.128577619791
        max: 1
        mean: 0.248666062951
        median: 0
        min: 0
        var: 0.18685375154
    spectral_centroid:
        dmean: 194.890533447
        dmean2: 314.721038818
        dvar: 44115.890625
        dvar2: 95127.3828125
        max: 11389.1181641
        mean: 2108.13964844
        median: 2103.06713867
        min: 416.041534424
        var: 179123.140625
    spectral_complexity:
        dmean: 3.79561018944
        dmean2: 6.28013277054
        dvar: 12.5357999802
        dvar2: 31.2857913971
        max: 48
        mean: 21.8093223572
        median: 23
        min: 0
        var: 79.0214538574
    spectral_crest:
        dmean: 1.36103284359
        dmean2: 2.28653717041
        dvar: 1.59444963932
        dvar2: 4.22228813171
        max: 21.7482147217
        mean: 5.437312603
        median: 4.99968576431
        min: 2.4334127903
        var: 3.3943259716
    spectral_decrease:
        dmean: 2.31553096142e-010
        dmean2: 3.93191895709e-010
        dvar: 8.69949921502e-020
        dvar2: 2.41201885814e-019
        max: 7.84797614336e-029
        mean: -1.12809095398e-009
        median: -1.10308284729e-009
        min: -3.97258625995e-009
        var: 3.05624934967e-019
    spectral_energy:
        dmean: 0.00106189365033
        dmean2: 0.00180475704838
        dvar: 1.82837379725e-006
        dvar2: 5.03535602547e-006
        max: 0.0180643573403
        mean: 0.00525654572994
        median: 0.0051475991495
        min: 1.0156064592e-020
        var: 6.48641344014e-006
    spectral_energyband_high:
        dmean: 0.000163849806995
        dmean2: 0.000277346523944
        dvar: 6.2469553086e-008
        dvar2: 1.57713202498e-007
        max: 0.00561696104705
        mean: 0.000477527180919
        median: 0.000415679794969
        min: 7.39083777053e-021
        var: 1.20230936318e-007
    spectral_energyband_low:
        dmean: 0.00016919618065
        dmean2: 0.000297631660942
        dvar: 7.85578464502e-008
        dvar2: 2.2306737435e-007
        max: 0.00254557351582
        mean: 0.000277073588222
        median: 0.000210676138522
        min: 2.08989101533e-023
        var: 8.0132032565e-008
    spectral_energyband_middle_high:
        dmean: 0.000695812923368
        dmean2: 0.00114706647582
        dvar: 5.52159804101e-007
        dvar2: 1.46541867707e-006
        max: 0.0113266669214
        mean: 0.00322639849037
        median: 0.00303876353428
        min: 1.39161616906e-021
        var: 2.94113851851e-006
    spectral_energyband_middle_low:
        dmean: 0.000483276904561
        dmean2: 0.00080726435408
        dvar: 5.0668569429e-007
        dvar2: 1.39776136621e-006
        max: 0.00879342947155
        mean: 0.00136917177588
        median: 0.00114457495511
        min: 2.46371484338e-022
        var: 9.79486799224e-007
    spectral_flatness_db:
        dmean: 0.0105795580894
        dmean2: 0.0166390743107
        dvar: 9.94378715404e-005
        dvar2: 0.000219258348807
        max: 0.339297652245
        mean: 0.131659477949
        median: 0.124965466559
        min: 0.0398578606546
        var: 0.00101295718923
    spectral_flux:
        dmean: 0.00576880993322
        dmean2: 0.00921034067869
        dvar: 4.58691210952e-005
        dvar2: 8.82146487129e-005
        max: 0.0943069607019
        mean: 0.0428300090134
        median: 0.0427616871893
        min: 6.42791236904e-011
        var: 0.000171406689333
    spectral_kurtosis:
        dmean: 0.892141163349
        dmean2: 1.53982234001
        dvar: 1.07415616512
        dvar2: 3.31754684448
        max: 18.7742710114
        mean: 3.37479543686
        median: 3.14972019196
        min: -1.27702057362
        var: 1.89980089664
    spectral_rms:
        dmean: 0.000222571994527
        dmean2: 0.0003726426512
        dvar: 6.90981565299e-008
        dvar2: 1.84374712831e-007
        max: 0.00419806642458
        mean: 0.00218606274575
        median: 0.00224099261686
        min: 3.14775397588e-012
        var: 3.49461544147e-007
    spectral_rolloff:
        dmean: 216.58265686
        dmean2: 353.721038818
        dvar: 82468.625
        dvar2: 157464.84375
        max: 18755.4199219
        mean: 3583.33959961
        median: 3552.97851563
        min: 409.130859375
        var: 291363.65625
    spectral_skewness:
        dmean: 0.131089732051
        dmean2: 0.217996761203
        dvar: 0.0164825133979
        dvar2: 0.0450560562313
        max: 3.09165477753
        mean: 1.22999823093
        median: 1.23634803295
        min: -0.0392567254603
        var: 0.0582277290523
    spectral_spread:
        dmean: 345687.28125
        dmean2: 526154.5
        dvar: 384608174080
        dvar2: 694214524928
        max: 47124592
        mean: 4267231.5
        median: 4211193
        min: 1509693.625
        var: 1.43824021094e+012
    spectral_strongpeak:
        dmean: 0.568564653397
        dmean2: 0.981598138809
        dvar: 0.507444560528
        dvar2: 1.33164727688
        max: 8.28279685974
        mean: 0.820647239685
        median: 0.510422766209
        min: 0
        var: 0.792950153351
    zerocrossingrate:
        dmean: 0.00587712274864
        dmean2: 0.00728400005028
        dvar: 4.62641910417e-005
        dvar2: 5.18054257554e-005
        max: 0.51953125
        mean: 0.112612903118
        median: 0.1123046875
        min: 0.01806640625
        var: 0.000337681296514
    barkbands:
        dmean: [3.84785352026e-007, 6.35165997664e-005, 9.50569592533e-005, 0.000107047999336, 0.00018657464534, 0.000101350939076, 0.000141998389154, 0.000132108994876, 0.000127154547954, 9.83327481663e-005, 5.12137849e-005, 7.01177341398e-005, 5.96495046921e-005, 7.52359337639e-005, 9.88874817267e-005, 0.000174648390384, 0.000266205926891, 0.000205372591154, 0.000250429089647, 0.000184234319022, 8.44867026899e-005, 3.56720447598e-005, 7.68197787693e-006, 2.43151384893e-006, 9.8492739653e-007, 4.72763019843e-008, 4.41875591672e-010]
        dmean2: [5.80139101203e-007, 0.000108710926725, 0.000169530801941, 0.000189789454453, 0.000312427640893, 0.000172815693077, 0.000238533815718, 0.000211097067222, 0.000196188586415, 0.00015511244419, 8.29402779345e-005, 0.000113185698865, 9.81616176432e-005, 0.000122485216707, 0.00015891691146, 0.000290865311399, 0.000446650054073, 0.000351868598955, 0.000425436446676, 0.000315148354275, 0.000143743745866, 5.9306887124e-005, 1.24254202092e-005, 3.8728421714e-006, 1.57721456162e-006, 7.32121563374e-008, 7.28510696213e-010]
        dvar: [3.91799575639e-013, 1.43209817338e-008, 2.49152343201e-008, 2.28336443087e-008, 9.06185064764e-008, 2.67371458307e-008, 7.90148106944e-008, 7.95270693743e-008, 5.42711013907e-008, 4.69489407351e-008, 1.36995845779e-008, 2.17996003471e-008, 9.8870662768e-009, 1.35764119946e-008, 2.66559467832e-008, 6.32205896522e-008, 1.02386422896e-007, 5.7103491713e-008, 7.90130201267e-008, 6.101281258e-008, 1.49149403939e-008, 3.31965921418e-009, 2.56440896296e-010, 5.06830376279e-011, 7.1113644487e-012, 9.44523136055e-015, 5.62117719693e-019]
        dvar2: [8.49753861026e-013, 3.8868673613e-008, 7.25621447373e-008, 6.69186235314e-008, 2.43301315095e-007, 7.25434290416e-008, 2.12770373764e-007, 1.76226023996e-007, 1.26712748738e-007, 1.0784487614e-007, 3.38335262029e-008, 5.35050972417e-008, 2.44852191855e-008, 3.41572956586e-008, 6.51417622066e-008, 1.68369993503e-007, 2.70695835525e-007, 1.58739908329e-007, 2.15324249098e-007, 1.63207758419e-007, 3.90476202483e-008, 7.99936117346e-009, 5.21538312537e-010, 1.11426617933e-010, 1.63482734294e-011, 2.17472795414e-014, 1.27393548472e-018]
        max: [5.51174753127e-006, 0.0009918079013, 0.00172343919985, 0.00209677405655, 0.00594315771013, 0.00376874441281, 0.0034772392828, 0.00552485417575, 0.00432123895735, 0.00402032304555, 0.00337746064179, 0.00429742550477, 0.00194255064707, 0.00193482998293, 0.00320706469938, 0.00608166866004, 0.00587509619072, 0.00443222746253, 0.0048708259128, 0.00404158979654, 0.00269695487805, 0.00164155941457, 0.000645214982796, 0.000279988104012, 8.38154228404e-005, 2.507076033e-006, 1.75042966788e-008]
        mean: [7.41733174436e-007, 8.63714667503e-005, 0.000125379039673, 0.000142179371323, 0.000325824774336, 0.000171159379533, 0.000214652929571, 0.000221577676712, 0.000259959400864, 0.000172773943632, 8.82392560015e-005, 0.000119833275676, 0.000106991377834, 0.000144626610563, 0.000198504756554, 0.000376688520191, 0.000620843435172, 0.000492082443088, 0.000650353438687, 0.000431409309385, 0.000202304101549, 7.92732025729e-005, 1.71812607732e-005, 5.4995884966e-006, 2.01506372832e-006, 8.33050606275e-008, 5.93542159866e-010]
        median: [5.24019185377e-007, 5.39625252713e-005, 6.72885289532e-005, 8.9322180429e-005, 0.000200175447389, 0.00012206890824, 0.000103289014078, 8.96392812137e-005, 0.000135298163514, 6.90751185175e-005, 4.84844276798e-005, 5.7555771491e-005, 5.9146030253e-005, 8.9047869551e-005, 0.000118569165352, 0.000276913749985, 0.000469420745503, 0.000410552078392, 0.000558365893085, 0.000359116966138, 0.000169075283338, 6.03778353252e-005, 1.19549304145e-005, 3.4460392726e-006, 1.32297475375e-006, 4.89960712002e-008, 3.14660741907e-010]
        min: [3.52752091088e-024, 9.61395671473e-024, 2.17994157815e-024, 1.11676640215e-023, 3.1241340471e-023, 7.45865777076e-024, 4.26143102762e-023, 2.86067059752e-023, 2.85092027673e-023, 2.61388619183e-023, 2.00384569655e-023, 3.23417541021e-023, 7.66962315819e-023, 6.61351889747e-023, 5.83108184437e-023, 1.52616539577e-022, 1.76367248167e-022, 1.69643174516e-022, 1.90097151342e-022, 2.55694734765e-022, 3.57449158245e-022, 5.20202446858e-022, 5.71348855804e-022, 6.05903992679e-022, 9.92081369877e-022, 1.56993892137e-021, 2.20504702439e-021]
        var: [6.74909564e-013, 1.31227286815e-008, 2.72914402188e-008, 2.73438907072e-008, 1.57977083859e-007, 3.49193669535e-008, 1.09488851763e-007, 1.85310895517e-007, 1.36832142061e-007, 1.29046327402e-007, 2.16309210543e-008, 4.20796339995e-008, 2.1776044079e-008, 2.78053366998e-008, 5.9973096711e-008, 1.34372768912e-007, 2.71794732498e-007, 1.2466340138e-007, 1.75945217507e-007, 9.97816300696e-008, 2.57674699355e-008, 7.09369007978e-009, 7.2288386388e-010, 1.28642985153e-010, 1.09000482251e-011, 1.47074040636e-014, 8.54425046798e-019]
    frequency_bands:
        dmean: [3.84785352026e-007, 6.35165997664e-005, 9.50569592533e-005, 0.000107047999336, 0.00018657464534, 0.000101350939076, 0.000141998389154, 0.000132108994876, 0.000127154547954, 9.83327481663e-005, 5.12137849e-005, 7.01177341398e-005, 5.96495046921e-005, 7.52359337639e-005, 9.88874817267e-005, 0.000174648390384, 0.000266205926891, 0.000205372591154, 0.000250429089647, 0.000184234319022, 8.44867026899e-005, 3.56720447598e-005, 7.68197787693e-006, 2.43151384893e-006, 9.8492739653e-007, 4.72763019843e-008, 4.41875591672e-010, 6.05752531468e-011]
        dmean2: [5.80139101203e-007, 0.000108710926725, 0.000169530801941, 0.000189789454453, 0.000312427640893, 0.000172815693077, 0.000238533815718, 0.000211097067222, 0.000196188586415, 0.00015511244419, 8.29402779345e-005, 0.000113185698865, 9.81616176432e-005, 0.000122485216707, 0.00015891691146, 0.000290865311399, 0.000446650054073, 0.000351868598955, 0.000425436446676, 0.000315148354275, 0.000143743745866, 5.9306887124e-005, 1.24254202092e-005, 3.8728421714e-006, 1.57721456162e-006, 7.32121563374e-008, 7.28510696213e-010, 1.12477159531e-010]
        dvar: [3.91799575639e-013, 1.43209817338e-008, 2.49152343201e-008, 2.28336443087e-008, 9.06185064764e-008, 2.67371458307e-008, 7.90148106944e-008, 7.95270693743e-008, 5.42711013907e-008, 4.69489407351e-008, 1.36995845779e-008, 2.17996003471e-008, 9.8870662768e-009, 1.35764119946e-008, 2.66559467832e-008, 6.32205896522e-008, 1.02386422896e-007, 5.7103491713e-008, 7.90130201267e-008, 6.101281258e-008, 1.49149403939e-008, 3.31965921418e-009, 2.56440896296e-010, 5.06830376279e-011, 7.1113644487e-012, 9.44523136055e-015, 5.62117719693e-019, 7.42447994921e-021]
        dvar2: [8.49753861026e-013, 3.8868673613e-008, 7.25621447373e-008, 6.69186235314e-008, 2.43301315095e-007, 7.25434290416e-008, 2.12770373764e-007, 1.76226023996e-007, 1.26712748738e-007, 1.0784487614e-007, 3.38335262029e-008, 5.35050972417e-008, 2.44852191855e-008, 3.41572956586e-008, 6.51417622066e-008, 1.68369993503e-007, 2.70695835525e-007, 1.58739908329e-007, 2.15324249098e-007, 1.63207758419e-007, 3.90476202483e-008, 7.99936117346e-009, 5.21538312537e-010, 1.11426617933e-010, 1.63482734294e-011, 2.17472795414e-014, 1.27393548472e-018, 2.36322867599e-020]
        max: [5.51174753127e-006, 0.0009918079013, 0.00172343919985, 0.00209677405655, 0.00594315771013, 0.00376874441281, 0.0034772392828, 0.00552485417575, 0.00432123895735, 0.00402032304555, 0.00337746064179, 0.00429742550477, 0.00194255064707, 0.00193482998293, 0.00320706469938, 0.00608166866004, 0.00587509619072, 0.00443222746253, 0.0048708259128, 0.00404158979654, 0.00269695487805, 0.00164155941457, 0.000645214982796, 0.000279988104012, 8.38154228404e-005, 2.507076033e-006, 1.75042966788e-008, 1.26356647367e-009]
        mean: [7.41733174436e-007, 8.63714667503e-005, 0.000125379039673, 0.000142179371323, 0.000325824774336, 0.000171159379533, 0.000214652929571, 0.000221577676712, 0.000259959400864, 0.000172773943632, 8.82392560015e-005, 0.000119833275676, 0.000106991377834, 0.000144626610563, 0.000198504756554, 0.000376688520191, 0.000620843435172, 0.000492082443088, 0.000650353438687, 0.000431409309385, 0.000202304101549, 7.92732025729e-005, 1.71812607732e-005, 5.4995884966e-006, 2.01506372832e-006, 8.33050606275e-008, 5.93542159866e-010, 4.75908999709e-011]
        median: [5.24019185377e-007, 5.39625252713e-005, 6.72885289532e-005, 8.9322180429e-005, 0.000200175447389, 0.00012206890824, 0.000103289014078, 8.96392812137e-005, 0.000135298163514, 6.90751185175e-005, 4.84844276798e-005, 5.7555771491e-005, 5.9146030253e-005, 8.9047869551e-005, 0.000118569165352, 0.000276913749985, 0.000469420745503, 0.000410552078392, 0.000558365893085, 0.000359116966138, 0.000169075283338, 6.03778353252e-005, 1.19549304145e-005, 3.4460392726e-006, 1.32297475375e-006, 4.89960712002e-008, 3.14660741907e-010, 1.83591336578e-011]
        min: [3.52752091088e-024, 9.61395671473e-024, 2.17994157815e-024, 1.11676640215e-023, 3.1241340471e-023, 7.45865777076e-024, 4.26143102762e-023, 2.86067059752e-023, 2.85092027673e-023, 2.61388619183e-023, 2.00384569655e-023, 3.23417541021e-023, 7.66962315819e-023, 6.61351889747e-023, 5.83108184437e-023, 1.52616539577e-022, 1.76367248167e-022, 1.69643174516e-022, 1.90097151342e-022, 2.55694734765e-022, 3.57449158245e-022, 5.20202446858e-022, 5.71348855804e-022, 6.05903992679e-022, 9.92081369877e-022, 1.56993892137e-021, 2.20504702439e-021, 6.64998938862e-022]
        var: [6.74909564e-013, 1.31227286815e-008, 2.72914402188e-008, 2.73438907072e-008, 1.57977083859e-007, 3.49193669535e-008, 1.09488851763e-007, 1.85310895517e-007, 1.36832142061e-007, 1.29046327402e-007, 2.16309210543e-008, 4.20796339995e-008, 2.1776044079e-008, 2.78053366998e-008, 5.9973096711e-008, 1.34372768912e-007, 2.71794732498e-007, 1.2466340138e-007, 1.75945217507e-007, 9.97816300696e-008, 2.57674699355e-008, 7.09369007978e-009, 7.2288386388e-010, 1.28642985153e-010, 1.09000482251e-011, 1.47074040636e-014, 8.54425046798e-019, 5.97439961977e-021]
    mfcc:
        mean: [-682.522277832, 91.0468826294, -60.2086791992, 54.6175765991, -15.153585434, -7.54859924316, -7.90081834793, -0.942966282368, 0.133346617222, -3.27873420715, -3.26599264145, -3.6144952774, -4.20089387894]
        cov: [[3053.38183594, 83.4044189453, 202.312820435, 64.8349533081, 30.1050682068, 201.877914429, -13.7883987427, 269.844482422, 73.4386520386, 140.710494995, 73.682434082, 8.11770629883, -21.264175415], [83.4044189453, 425.780090332, -153.124603271, 100.22127533, -17.3770866394, -10.7707624435, 56.6376304626, 8.88922977448, 26.7116603851, -14.0819129944, 17.70520401, 8.37357139587, -8.97198677063], [202.312820435, -153.124603271, 434.182250977, 15.7905254364, 108.84274292, 122.669807434, -4.25364255905, 73.7388839722, -16.8710727692, 39.9347953796, 10.3827295303, -2.42268133163, 9.80441570282], [64.8349533081, 100.22127533, 15.7905254364, 186.234603882, 66.6888656616, 29.9682617188, 16.5610103607, -8.30945396423, 13.9119005203, -3.9661090374, -3.04942631721, 0.648900747299, 19.3923091888], [30.1050682068, -17.3770866394, 108.84274292, 66.6888656616, 135.579849243, 69.5721435547, 5.09930515289, 20.7132472992, 11.556807518, 27.6857624054, 3.78578281403, 3.37903475761, 5.36906337738], [201.877914429, -10.7707624435, 122.669807434, 29.9682617188, 69.5721435547, 131.441848755, 38.0999717712, 56.4030914307, -0.144906491041, 25.4073581696, 19.6817569733, 8.78146457672, 4.91051864624], [-13.7883987427, 56.6376304626, -4.25364255905, 16.5610103607, 5.09930515289, 38.0999717712, 124.563529968, 55.0601577759, 19.1232681274, -0.859577953815, 6.46009588242, 17.5857486725, 6.60376882553], [269.844482422, 8.88922977448, 73.7388839722, -8.30945396423, 20.7132472992, 56.4030914307, 55.0601577759, 131.347808838, 39.0575065613, 36.589263916, 12.8910703659, 14.0855789185, 6.76066684723], [73.4386520386, 26.7116603851, -16.8710727692, 13.9119005203, 11.556807518, -0.144906491041, 19.1232681274, 39.0575065613, 73.8794937134, 37.0256004333, 13.8932580948, 1.98676466942, 1.46891093254], [140.710494995, -14.0819129944, 39.9347953796, -3.9661090374, 27.6857624054, 25.4073581696, -0.859577953815, 36.589263916, 37.0256004333, 81.195022583, 33.6311759949, 11.050318718, -4.08402442932], [73.682434082, 17.70520401, 10.3827295303, -3.04942631721, 3.78578281403, 19.6817569733, 6.46009588242, 12.8910703659, 13.8932580948, 33.6311759949, 67.3353881836, 29.2957572937, 5.40111303329], [8.11770629883, 8.37357139587, -2.42268133163, 0.648900747299, 3.37903475761, 8.78146457672, 17.5857486725, 14.0855789185, 1.98676466942, 11.050318718, 29.2957572937, 54.9590911865, 25.851360321], [-21.264175415, -8.97198677063, 9.80441570282, 19.3923091888, 5.36906337738, 4.91051864624, 6.60376882553, 6.76066684723, 1.46891093254, -4.08402442932, 5.40111303329, 25.851360321, 58.1434936523]]
        icov: [[0.000500756199472, -6.92793619237e-005, 3.98171323468e-005, -0.000423090881668, 0.000623138330411, -0.000711589993443, 0.00080348708434, -0.00114044116344, 0.000118737239973, -0.000382908183383, -0.000117449490062, 4.19375101046e-005, 0.000313115364406], [-6.92793619237e-005, 0.0037056999281, 0.00131600326858, -0.00239693257026, 0.000532411097083, 9.91911292658e-005, -0.000965578714386, -0.000873531796969, -9.85957449302e-005, 0.000943049963098, -0.00155905808788, -5.08876255481e-005, 0.0015138866147], [3.98171323468e-005, 0.00131600326858, 0.00442362157628, -0.000451758824056, -0.00184763688594, -0.00203275401145, 0.000899930484593, -0.00248226639815, 0.0023814830929, -0.00063567631878, -0.000787630968262, 0.00149956857786, -0.000547298404854], [-0.000423090881668, -0.00239693257026, -0.000451758824056, 0.00951290596277, -0.00493063265458, -0.000180247618118, -0.0011852736352, 0.00347180012614, -0.00220635067672, 0.00144210795406, 0.000860440370161, 0.00129012728576, -0.00391625380144], [0.000623138330411, 0.000532411097083, -0.00184763688594, -0.00493063265458, 0.0153193166479, -0.00672240788117, 0.00204758555628, 0.000575662706979, -0.00237925420515, -0.00350187951699, 0.00330334715545, -0.002696439391, 0.00182588223834], [-0.000711589993443, 9.91911292658e-005, -0.00203275401145, -0.000180247618118, -0.00672240788117, 0.017572529614, -0.00480624334887, -0.00310541782528, 0.00527855940163, -0.000530726392753, -0.00455082720146, 0.00261755706742, -0.000710111111403], [0.00080348708434, -0.000965578714386, 0.000899930484593, -0.0011852736352, 0.00204758555628, -0.00480624334887, 0.0135430656374, -0.00599885405973, -0.00219766586088, 0.00282626459375, 0.000884183798917, -0.00379601120949, 0.00162425613962], [-0.00114044116344, -0.000873531796969, -0.00248226639815, 0.00347180012614, 0.000575662706979, -0.00310541782528, -0.00599885405973, 0.0182185433805, -0.00747103011236, -0.00222419970669, 0.00396982207894, -0.00277359574102, -0.00162223761436], [0.000118737239973, -9.85957449302e-005, 0.0023814830929, -0.00220635067672, -0.00237925420515, 0.00527855940163, -0.00219766586088, -0.00747103011236, 0.0247628539801, -0.0100607117638, -0.0027370241005, 0.00575682939962, -0.00238286610693], [-0.000382908183383, 0.000943049963098, -0.00063567631878, 0.00144210795406, -0.00350187951699, -0.000530726392753, 0.00282626459375, -0.00222419970669, -0.0100607117638, 0.0246075224131, -0.00895125325769, -0.00160992483143, 0.00346742081456], [-0.000117449490062, -0.00155905808788, -0.000787630968262, 0.000860440370161, 0.00330334715545, -0.00455082720146, 0.000884183798917, 0.00396982207894, -0.0027370241005, -0.00895125325769, 0.0268029626459, -0.0140194799751, 0.00226344447583], [4.19375101046e-005, -5.08876255481e-005, 0.00149956857786, 0.00129012728576, -0.002696439391, 0.00261755706742, -0.00379601120949, -0.00277359574102, 0.00575682939962, -0.00160992483143, -0.0140194799751, 0.0341001972556, -0.0140117071569], [0.000313115364406, 0.0015138866147, -0.000547298404854, -0.00391625380144, 0.00182588223834, -0.000710111111403, 0.00162425613962, -0.00162223761436, -0.00238286610693, 0.00346742081456, 0.00226344447583, -0.0140117071569, 0.0251642018557]]
    sccoeffs:
        dmean: [0.0502042397857, 0.0453845113516, 0.0350811295211, 0.0280562583357, 0.019209202379, 0.016171945259]
        dmean2: [0.0847115516663, 0.0756755173206, 0.0584351718426, 0.0467882417142, 0.032410800457, 0.0260525345802]
        dvar: [0.00166720396373, 0.00131462235004, 0.000777835259214, 0.000474021508126, 0.000227427037316, 0.00021295863553]
        dvar2: [0.0046697226353, 0.00347689655609, 0.00211468269117, 0.00129441195168, 0.000633959134575, 0.000496807391755]
        max: [-0.315374195576, -0.470689386129, -0.566654205322, -0.616060972214, -0.67519146204, -0.567456245422]
        mean: [-0.692755937576, -0.759521603584, -0.788033127785, -0.789312303066, -0.790290176868, -0.724445700645]
        median: [-0.701980233192, -0.764139473438, -0.794123709202, -0.79294282198, -0.791817307472, -0.726523458958]
        min: [-0.965831577778, -0.967582404613, -0.965381085873, -0.964390814304, -0.963722646236, -0.960970938206]
        var: [0.00523685431108, 0.00365117797628, 0.00296088284813, 0.00150630960707, 0.000771879334934, 0.00125856825616]
    scvalleys:
        dmean: [0.368870168924, 0.334460496902, 0.273249268532, 0.218433022499, 0.168978601694, 0.23322275281]
        dmean2: [0.619695782661, 0.563879489899, 0.451281577349, 0.35876095295, 0.27917277813, 0.34509447217]
        dvar: [0.117024824023, 0.106896676123, 0.076256044209, 0.05556249246, 0.0519567131996, 0.124829739332]
        dvar2: [0.265165925026, 0.241185933352, 0.155985251069, 0.101142317057, 0.0854688510299, 0.237433254719]
        max: [-5.14437675476, -4.48517036438, -5.32733535767, -5.74389314651, -5.43479442596, -7.27007913589]
        mean: [-6.89792871475, -6.44704151154, -6.79769468307, -6.82428741455, -6.52358818054, -9.51467514038]
        median: [-6.54417467117, -6.36161994934, -6.70282936096, -6.72496938705, -6.43945932388, -9.27096843719]
        min: [-27.4871616364, -27.4309005737, -27.5077075958, -27.3577651978, -27.3809242249, -27.2996959686]
        var: [1.54269647598, 0.66898047924, 0.745631158352, 0.689024627209, 0.661977946758, 1.08241534233]

rhythm:
    beats_loudness:
        dmean: 0.00181342381984
        dmean2: 0.00317540648393
        dvar: 2.31983722188e-006
        dvar2: 6.34153457213e-006
        max: 0.0125319818035
        mean: 0.00540565419942
        median: 0.00529349502176
        min: 8.48931769326e-009
        var: 5.14791918249e-006
    bpm: 129.012893677
    bpm_confidence: 0
    first_peak_bpm: 129
    first_peak_spread: 0.164948493242
    first_peak_weight: 0.821501016617
    onset_rate: 2.10746383667
    second_peak_bpm: 123
    second_peak_spread: 0.166666641831
    second_peak_weight: 0.0101419882849
    beats_loudness_band_ratio:
        dmean: [0.0638499557972, 0.0716015100479, 0.0828809887171, 0.0627103447914, 0.0994496792555, 0.0912415757775]
        dmean2: [0.111519768834, 0.128863319755, 0.149643838406, 0.107588320971, 0.175693303347, 0.159021377563]
        dvar: [0.0034092029091, 0.00487343547866, 0.00769136240706, 0.00528788520023, 0.00615297583863, 0.00878661219031]
        dvar2: [0.00921981409192, 0.0137270176783, 0.0234276819974, 0.0144593603909, 0.0173005126417, 0.0286570712924]
        max: [0.401158750057, 0.753872394562, 0.640368282795, 0.510971903801, 0.743022143841, 0.843444883823]
        mean: [0.104005873203, 0.0951484888792, 0.117803476751, 0.0985826775432, 0.332420259714, 0.287942439318]
        median: [0.0918862223625, 0.0768359005451, 0.0918992906809, 0.0782032757998, 0.326049745083, 0.279435753822]
        min: [9.59659373621e-005, 0.00286369095556, 0.0108022987843, 0.00675772130489, 0.00688023492694, 0.00521843321621]
        var: [0.0049698590301, 0.0064136958681, 0.00813554041088, 0.00546831963584, 0.00998920761049, 0.0105539327487]
    beats_position: [0.49922901392, 0.99845802784, 1.48607707024, 1.9620860815, 2.42648530006, 2.90249419212, 3.36689329147, 3.83129239082, 4.29569149017, 4.76009082794, 5.22448968887, 5.6888885498, 6.15328788757, 6.6176867485, 7.08208608627, 7.5464849472, 8.01088428497, 8.47528362274, 8.93968200684, 9.4040813446, 9.86848068237, 10.3328800201, 10.7972784042, 11.261677742, 11.7260770798, 12.1904764175, 12.6548748016, 13.1192741394, 13.5836734772, 14.0480718613, 14.512471199, 14.9768705368, 15.4528799057, 15.9288883209, 16.3932876587, 16.8576869965, 17.3220863342, 17.786485672, 18.2508831024, 18.7152824402, 19.179681778, 19.6440811157, 20.1084804535, 20.5728797913, 21.037279129, 21.5016784668, 21.9660758972, 22.430475235, 22.8948745728, 23.3592739105, 23.8236732483, 24.2880725861, 24.7524719238, 25.2168693542, 25.681268692, 26.1456680298, 26.6100673676, 27.0744667053, 27.5388660431, 28.0032653809, 28.4676647186, 28.932062149, 29.3964614868, 29.8608608246, 30.3252601624, 30.7896595001, 31.2540588379, 31.7184581757, 32.1828575134, 32.6356468201, 33.111656189, 33.5876655579, 34.0636711121, 34.5280723572, 34.9924697876, 35.4568710327, 35.9212684631, 36.3856697083, 36.8500671387, 37.3144645691, 37.7788658142, 38.2432632446, 38.7076644897, 39.1720619202, 39.6364631653, 40.1008605957, 40.5652618408, 41.0296592712, 41.4940567017, 41.9584579468, 42.4112472534, 42.8640365601, 43.3516540527, 43.8160552979, 44.2804527283, 44.7448501587, 45.2092514038, 45.6736488342, 46.1380500793, 46.6140594482, 47.0900688171, 47.5544662476, 48.018863678, 48.4832649231, 48.9476623535, 49.4120635986, 49.8764610291, 50.3408622742, 50.8052597046, 51.269657135, 51.7340583801, 52.1984558105, 52.6628570557, 53.1272544861, 53.5916557312, 54.0560531616, 54.5204544067, 54.9848518372, 55.4492492676, 55.9252586365, 56.3896598816, 56.8424491882, 57.3068466187, 57.7712478638, 58.2356452942, 58.7000427246, 59.1760520935, 59.6404533386, 60.104850769, 60.5576400757, 61.0220413208, 61.498046875, 61.9508361816, 62.4152374268, 62.8912467957, 63.3672561646, 63.831653595, 64.2960510254, 64.7604522705, 65.2248535156, 65.6892471313, 66.1536483765, 66.6180496216, 67.0824508667, 67.5468444824, 68.0112457275, 68.4756469727, 68.9400405884, 69.4044418335, 69.8688430786, 70.3332443237, 70.7976379395, 71.2620391846, 71.7264404297, 72.1908340454, 72.6552352905, 73.1196365356, 73.5840377808, 74.0484313965, 74.5128326416, 74.9772338867, 75.4416275024, 75.9060287476, 76.3820419312, 76.8464355469, 77.310836792, 77.7868499756, 78.2512435913, 78.7156448364, 79.1800460815, 79.6444396973, 80.1088409424, 80.5732421875, 81.0376434326, 81.5020370483, 81.9664382935, 82.4308395386, 82.8952331543, 83.3596343994, 83.8240356445, 84.2884368896, 84.7528305054, 85.2172317505, 85.6816329956, 86.1460266113, 86.6104278564, 87.0748291016, 87.5392303467, 88.0036239624, 88.4680252075, 88.9324264526, 89.4084320068, 89.872833252, 90.3372344971, 90.8016281128, 91.2776412964, 91.7420425415, 92.2064361572, 92.6708374023, 93.1352386475, 93.5996322632, 94.0640335083, 94.5284347534, 94.9928359985, 95.4572296143, 95.9216308594, 96.3860321045, 96.8504257202, 97.3148269653, 97.7792282104, 98.2436294556, 98.7080230713, 99.1724243164, 99.6368255615, 100.101219177, 100.565620422, 101.030021667, 101.494422913, 101.958816528, 102.423217773, 102.887619019, 103.352012634, 103.816413879, 104.280815125, 104.74521637, 105.209609985, 105.67401123, 106.150024414, 106.626029968, 107.090431213, 107.554824829, 108.019226074, 108.483627319, 108.948028564, 109.41242218, 109.865211487, 110.318000793, 110.782402039, 111.246803284, 111.734420776, 112.198822021, 112.663215637, 113.127616882, 113.592018127, 114.056411743, 114.520812988, 114.985214233, 115.449615479, 115.914009094, 116.378410339, 116.842811584, 117.318817139, 117.783218384, 118.23600769, 118.700408936, 119.164802551, 119.629203796, 120.093605042, 120.557998657, 121.034011841, 121.498413086, 121.97441864, 122.438819885, 122.90322113, 123.367614746, 123.832015991, 124.296417236, 124.760810852, 125.225212097, 125.689613342, 126.154014587, 126.606803894, 127.059593201, 127.523986816, 127.988388062, 128.452789307, 128.917190552, 129.381591797, 129.845977783, 130.310379028, 130.774780273, 131.239181519, 131.703582764, 132.167984009, 132.632385254, 133.09677124, 133.561172485, 134.02557373, 134.489974976, 134.954376221, 135.418777466, 135.883178711, 136.347564697, 136.823577881, 137.299591064, 137.76399231, 138.228393555, 138.692779541, 139.157180786, 139.621582031, 140.085983276, 140.550384521, 141.014785767, 141.479187012, 141.943572998, 142.407974243, 142.872375488, 143.348388672, 143.801177979, 144.265579224, 144.729980469, 145.194366455, 145.6587677, 146.123168945, 146.58757019, 147.051971436, 147.516372681, 147.980773926, 148.445159912, 148.909561157, 149.385574341, 149.861587524, 150.32598877, 150.790390015, 151.254776001, 151.719177246, 152.171966553, 152.624755859, 153.089157104, 153.565170288, 154.041183472, 154.505569458, 154.969970703, 155.434371948, 155.898773193, 156.363174438, 156.827575684, 157.291976929, 157.756362915, 158.232376099, 158.685165405, 159.14956665, 159.613967896, 160.078369141, 160.542770386, 161.007156372, 161.471557617, 161.935958862, 162.400360107, 162.864761353, 163.340774536, 163.816772461, 164.281173706, 164.745574951, 165.198364258, 165.662765503, 166.11555481, 166.579956055, 167.055953979, 167.520355225, 167.98475647, 168.449157715, 168.91355896, 169.377960205, 169.85395813, 170.318359375, 170.78276062, 171.247161865, 171.71156311, 172.175964355, 172.640365601, 173.104751587, 173.569152832, 174.033554077, 174.497955322, 174.962356567, 175.426757813, 175.891159058, 176.355545044, 176.808334351, 177.284347534, 177.748748779, 178.224761963, 178.67755127, 179.141952515, 179.606338501, 180.070739746, 180.535140991, 180.999542236, 181.463943481, 181.928344727, 182.392745972, 182.857131958, 183.321533203, 183.797546387, 184.27355957, 184.737960815, 185.202362061, 185.666748047, 186.131149292, 186.595550537, 187.059951782, 187.524353027, 187.988754272, 188.453155518, 188.917541504, 189.381942749, 189.846343994, 190.310745239, 190.775146484, 191.239547729, 191.703948975, 192.168334961, 192.632736206, 193.097137451, 193.561538696, 194.025939941, 194.490341187, 194.954742432, 195.419128418, 195.883529663, 196.347930908, 196.812332153, 197.288345337, 197.752746582, 198.205535889, 198.669921875, 199.122711182, 199.598724365, 200.074737549, 200.550750732, 201.015136719, 201.479537964, 201.943939209, 202.408340454, 202.872741699, 203.337142944, 203.801544189, 204.265930176, 204.730331421, 205.183120728, 205.647521973, 206.123535156, 206.587936401, 207.052337646, 207.516723633, 207.981124878, 208.445526123, 208.909927368, 209.374328613, 209.838729858, 210.303131104, 210.76751709, 211.231918335, 211.69631958, 212.160720825, 212.636734009, 213.112747192, 213.577133179, 214.029922485, 214.49432373, 214.958724976, 215.423126221, 215.887527466, 216.351928711, 216.827926636, 217.292327881, 217.745117188, 218.209518433, 218.673919678, 219.149932861, 219.614334106, 220.078720093, 220.543121338, 221.007522583, 221.483535767, 221.95954895, 222.423934937, 222.89994812, 223.352737427, 223.817138672, 224.281539917, 224.745941162, 225.210342407, 225.674728394, 226.139129639, 226.615142822, 227.091156006, 227.578765869, 228.054779053, 228.530792236, 229.0184021, 229.529251099, 230.040084839]
