
metadata:
    version:
        essentia: "2.1-beta2"
    audio_properties:
        analysis_sample_rate: 44100
        bitrate: 320
        channels: 2
        equal_loudness: 1
        length: 252.316741943
        replay_gain: -14.1445865631
        downmix: "mix"
    tags:
        album: "Between Here & Lost"
        artist: "Love And Death"
        comment: ""
        date: "2012"
        genre: "Metal"
        title: "My Disaster"
        tracknumber: "6"

configuration:
    average_loudness:
        compute: 1
        frameSize: 88200
        hopSize: 44100
        silentFrames: "noise"
        windowType: "hann"
    general:
        analysisSampleRate: 44100
        endTime: 2000
        equalLoudness: 1
        nequalLoudness: 0
        shortSound: 0
        startTime: 0
    lowlevel:
        compute: 1
        frameSize: 2048
        hopSize: 1024
        zeroPadding: 0
        silentFrames: "noise"
        windowType: "blackmanharris62"
        mfccStats: ["mean", "cov", "icov"]
        stats: ["mean", "var", "median", "min", "max", "dmean", "dmean2", "dvar", "dvar2"]
    panning:
        compute: 0
        frameSize: 8192
        hopSize: 2048
        zeroPadding: 8192
        silentFrames: "noise"
        windowType: "hann"
        stats: ["copy"]
    rhythm:
        compute: 1
        maxTempo: 208
        minTempo: 40
        method: "degara"
        stats: ["mean", "var", "median", "min", "max", "dmean", "dmean2", "dvar", "dvar2"]
    segmentation:
        compute: 0
        cpw: 5
        inc1: 300
        inc2: 50
        minimumSegmentsLength: 10
        size1: 1000
        size2: 600
    sfx:
        compute: 1
        stats: ["mean", "var", "median", "min", "max", "dmean", "dmean2", "dvar", "dvar2"]
    svm:
        compute: 0
    tonal:
        compute: 1
        frameSize: 4096
        hopSize: 2048
        zeroPadding: 0
        silentFrames: "noise"
        windowType: "blackmanharris62"
        stats: ["mean", "var", "median", "min", "max", "dmean", "dmean2", "dvar", "dvar2"]

lowlevel:
    average_loudness: 0.892810046673
    barkbands_kurtosis:
        dmean: 0.673025131226
        dmean2: 1.08439290524
        dvar: 4.04549360275
        dvar2: 8.45052623749
        max: 197.833328247
        mean: -0.298475593328
        median: -0.89739882946
        min: -1.92269682884
        var: 16.4370174408
    barkbands_skewness:
        dmean: 0.307453334332
        dmean2: 0.502235531807
        dvar: 0.0900549665093
        dvar2: 0.224161282182
        max: 12.4417324066
        mean: -0.586465299129
        median: -0.614412903786
        min: -3.41427397728
        var: 0.476573497057
    barkbands_spread:
        dmean: 4.6668639183
        dmean2: 7.68809890747
        dvar: 21.7494049072
        dvar2: 56.6745109558
        max: 86.3507156372
        mean: 27.5466918945
        median: 27.9835987091
        min: 0.667281210423
        var: 85.2178726196
    dissonance:
        dmean: 0.00964943971485
        dmean2: 0.0165120903403
        dvar: 0.000115582668514
        dvar2: 0.000329612492351
        max: 0.500000178814
        mean: 0.483930081129
        median: 0.487520337105
        min: 0.214833557606
        var: 0.000209143923712
    hfc:
        dmean: 1.89456057549
        dmean2: 3.1349709034
        dvar: 5.77152967453
        dvar2: 14.5803089142
        max: 34.8263168335
        mean: 9.35427761078
        median: 9.34502029419
        min: 1.17025436718e-016
        var: 33.932094574
    pitch:
        dmean: 936.184387207
        dmean2: 1791.984375
        dvar: 1530211.25
        dvar2: 3663068.75
        max: 5356.86669922
        mean: 1589.06896973
        median: 779.899902344
        min: 55.3614807129
        var: 2123407.5
    pitch_instantaneous_confidence:
        dmean: 0.0697103515267
        dmean2: 0.115864641964
        dvar: 0.00344091560692
        dvar2: 0.00882808119059
        max: 0.839658141136
        mean: 0.338118135929
        median: 0.309973597527
        min: 0.113358318806
        var: 0.0151113597676
    pitch_salience:
        dmean: 0.0459552332759
        dmean2: 0.0789018049836
        dvar: 0.00174627406523
        dvar2: 0.00496940780431
        max: 0.890337407589
        mean: 0.711330652237
        median: 0.729062080383
        min: 0.0900830626488
        var: 0.00594944646582
    silence_rate_20dB:
        dmean: 0
        dmean2: 0
        dvar: 0
        dvar2: 0
        max: 1
        mean: 1
        median: 1
        min: 1
        var: 0
    silence_rate_30dB:
        dmean: 0
        dmean2: 0
        dvar: 0
        dvar2: 0
        max: 1
        mean: 1
        median: 1
        min: 1
        var: 0
    silence_rate_60dB:
        dmean: 0.0403055138886
        dmean2: 0.0806184411049
        dvar: 0.0386760383844
        dvar2: 0.0884572118521
        max: 1
        mean: 0.28910562396
        median: 0
        min: 0
        var: 0.205538794398
    spectral_centroid:
        dmean: 195.392272949
        dmean2: 319.725189209
        dvar: 45112.234375
        dvar2: 105686.523438
        max: 11232.1191406
        mean: 2028.51916504
        median: 2068.33691406
        min: 84.0173568726
        var: 214542.5625
    spectral_complexity:
        dmean: 3.36320972443
        dmean2: 5.6392416954
        dvar: 10.9054794312
        dvar2: 29.2594680786
        max: 46
        mean: 19.3856277466
        median: 22
        min: 0
        var: 104.251586914
    spectral_crest:
        dmean: 1.46903240681
        dmean2: 2.49998354912
        dvar: 2.46121907234
        dvar2: 6.86717367172
        max: 25.3165683746
        mean: 5.80825185776
        median: 5.12147426605
        min: 2.44838929176
        var: 5.83170366287
    spectral_decrease:
        dmean: 2.19131726653e-010
        dmean2: 3.69224845143e-010
        dvar: 1.19880055003e-019
        dvar2: 3.19817518972e-019
        max: 1.3533301478e-028
        mean: -9.73411129479e-010
        median: -9.36767552417e-010
        min: -5.02304997596e-009
        var: 3.92640638945e-019
    spectral_energy:
        dmean: 0.000973557704128
        dmean2: 0.00163365423214
        dvar: 2.15727027353e-006
        dvar2: 5.70219299334e-006
        max: 0.022116985172
        mean: 0.00452234316617
        median: 0.00440383609384
        min: 1.06011394603e-020
        var: 8.16132160253e-006
    spectral_energyband_high:
        dmean: 0.000110813467472
        dmean2: 0.000188006364624
        dvar: 2.41403963486e-008
        dvar2: 6.25031972845e-008
        max: 0.00293337856419
        mean: 0.000341357401339
        median: 0.000325374217937
        min: 7.45950749386e-021
        var: 7.22871007497e-008
    spectral_energyband_low:
        dmean: 0.000153495377162
        dmean2: 0.000272308912827
        dvar: 7.62549419164e-008
        dvar2: 2.18466112756e-007
        max: 0.00294410227798
        mean: 0.000203844159842
        median: 0.000122072073282
        min: 2.05171551178e-023
        var: 7.49743733763e-008
    spectral_energyband_middle_high:
        dmean: 0.000581758562475
        dmean2: 0.000945603358559
        dvar: 5.0041137456e-007
        dvar2: 1.16581782095e-006
        max: 0.0115233222023
        mean: 0.00289650936611
        median: 0.00274254055694
        min: 1.36235324126e-021
        var: 3.5783432395e-006
    spectral_energyband_middle_low:
        dmean: 0.000513762992341
        dmean2: 0.000883469823748
        dvar: 1.13368514576e-006
        dvar2: 3.14602311846e-006
        max: 0.0110958954319
        mean: 0.00116301886737
        median: 0.000984019017778
        min: 2.70318903283e-022
        var: 1.32552543164e-006
    spectral_flatness_db:
        dmean: 0.0133489398286
        dmean2: 0.0209760777652
        dvar: 0.000205226810067
        dvar2: 0.000408894964494
        max: 0.493305385113
        mean: 0.156978443265
        median: 0.141839325428
        min: 0.058921135962
        var: 0.00309704989195
    spectral_flux:
        dmean: 0.00558805465698
        dmean2: 0.00870025902987
        dvar: 4.87524412165e-005
        dvar2: 9.26808570512e-005
        max: 0.114228136837
        mean: 0.0394918844104
        median: 0.0411107838154
        min: 6.57801590975e-011
        var: 0.000328126101522
    spectral_kurtosis:
        dmean: 2.1768746376
        dmean2: 3.80035495758
        dvar: 23.7591609955
        dvar2: 71.0547637939
        max: 166.39932251
        mean: 5.28522825241
        median: 3.5220644474
        min: -1.21607339382
        var: 48.8386306763
    spectral_rms:
        dmean: 0.000205092946999
        dmean2: 0.000339506543241
        dvar: 6.89876813453e-008
        dvar2: 1.77106912247e-007
        max: 0.00464516365901
        mean: 0.0019478254253
        median: 0.00207278202288
        min: 3.21598737224e-012
        var: 6.18021942955e-007
    spectral_rolloff:
        dmean: 200.573440552
        dmean2: 331.427581787
        dvar: 82862.7109375
        dvar2: 168937.921875
        max: 19358.3496094
        mean: 3357.62670898
        median: 3423.77929688
        min: 64.599609375
        var: 451460.0625
    spectral_skewness:
        dmean: 0.212234720588
        dmean2: 0.360121428967
        dvar: 0.113887242973
        dvar2: 0.343746334314
        max: 8.87382793427
        mean: 1.32856655121
        median: 1.25827503204
        min: -0.0293867904693
        var: 0.219844996929
    spectral_spread:
        dmean: 364697.75
        dmean2: 553164.4375
        dvar: 384313917440
        dvar2: 680977825792
        max: 40924296
        mean: 3655103.25
        median: 3734386.5
        min: 578944.25
        var: 2.23405591757e+012
    spectral_strongpeak:
        dmean: 0.502131521702
        dmean2: 0.872038602829
        dvar: 0.419484376907
        dvar2: 1.11719024181
        max: 7.2673573494
        mean: 0.710973620415
        median: 0.395419836044
        min: 3.95967286737e-010
        var: 0.654154896736
    zerocrossingrate:
        dmean: 0.00553833227605
        dmean2: 0.00704911677167
        dvar: 3.78046788683e-005
        dvar2: 4.63612013846e-005
        max: 0.51171875
        mean: 0.107669338584
        median: 0.10888671875
        min: 0.005859375
        var: 0.000434132816736
    barkbands:
        dmean: [2.45518180009e-007, 6.43654930172e-005, 8.18330299808e-005, 7.18556257198e-005, 0.000284464593278, 0.000105006896774, 0.000129179898067, 9.99514668365e-005, 0.000102627069282, 8.54210011312e-005, 4.60309165646e-005, 4.36942755186e-005, 5.04582239955e-005, 8.18580010673e-005, 9.76756709861e-005, 0.000175974273589, 0.000234635954257, 0.000192769744899, 0.000211577920709, 0.000122138095321, 5.72665048821e-005, 2.21154823521e-005, 5.32779404239e-006, 1.97439521799e-006, 6.83799044054e-007, 3.09328385129e-008, 3.42595479763e-010]
        dmean2: [3.71437437252e-007, 0.000112582194561, 0.000148500563228, 0.000126689090393, 0.000504493596964, 0.000179076581844, 0.000224642368266, 0.000172236381331, 0.000169103353983, 0.000141184907989, 7.57238813094e-005, 7.11690445314e-005, 8.32305449876e-005, 0.000133745386847, 0.000157663162099, 0.00029304419877, 0.00039392960025, 0.000326388922986, 0.000354580610292, 0.000211034261156, 9.73050482571e-005, 3.70771922462e-005, 8.65654419613e-006, 3.16470163853e-006, 1.10079133719e-006, 5.07271025185e-008, 6.11791950433e-010]
        dvar: [3.06090276823e-013, 1.70929492782e-008, 2.20365503623e-008, 1.16554064178e-008, 5.5000316479e-007, 3.9463941448e-008, 4.69637519984e-008, 4.98806720373e-008, 3.00299802802e-008, 3.35083889524e-008, 1.42202853937e-008, 7.78612196939e-009, 9.95127269476e-009, 1.63552673627e-008, 2.72729305806e-008, 6.51872369417e-008, 1.12420188714e-007, 6.39802166802e-008, 7.19113870673e-008, 3.0586438271e-008, 6.28676621872e-009, 1.14923004446e-009, 9.98782515027e-011, 2.36098935541e-011, 4.18921971765e-012, 6.71063250067e-015, 3.77661018437e-019]
        dvar2: [6.71065687827e-013, 4.79102553186e-008, 6.42546069685e-008, 3.34561178761e-008, 1.56568432885e-006, 1.09810024185e-007, 1.35209361929e-007, 1.4000293902e-007, 7.84412321764e-008, 9.01070791315e-008, 3.54502915911e-008, 1.94394829123e-008, 2.53752325818e-008, 4.10199980649e-008, 6.38316635104e-008, 1.69231242353e-007, 2.95575489417e-007, 1.70382023157e-007, 1.87069645108e-007, 8.45040943886e-008, 1.64504871947e-008, 2.91123414264e-009, 2.3194468568e-010, 5.28130802979e-011, 9.23387061258e-012, 1.5002447662e-014, 1.05608992238e-018]
        max: [4.38891629528e-006, 0.0011269695824, 0.00170102203265, 0.00126447947696, 0.00717503158376, 0.00304401107132, 0.00344962347299, 0.00380069087259, 0.00422568200156, 0.0039752596058, 0.00354098295793, 0.00238955789246, 0.00254530040547, 0.00260250549763, 0.00316064851359, 0.00516024790704, 0.00663091568276, 0.0044359350577, 0.00564200524241, 0.00421747518703, 0.00160056364257, 0.00103233195841, 0.000316994206514, 0.000146146616316, 5.488869283e-005, 2.44309717345e-006, 8.45300984764e-009]
        mean: [2.9384156619e-007, 7.54981883802e-005, 8.43581656227e-005, 8.36881445139e-005, 0.000328315538354, 0.000153600340127, 0.00021132575057, 0.000145833007991, 0.000183107011253, 0.000141576267197, 7.73491919972e-005, 7.95892774477e-005, 9.04701300897e-005, 0.000157160291565, 0.000197474670131, 0.000390311790397, 0.000561946246307, 0.000470805360237, 0.000567570794374, 0.000307479785988, 0.000147318874951, 5.00191054016e-005, 1.18841344374e-005, 4.08318283007e-006, 1.2381472061e-006, 4.16399998926e-008, 3.35887623271e-010]
        median: [4.09885529962e-008, 2.96928919852e-005, 3.52115675923e-005, 4.19851421611e-005, 0.000174231347046, 9.15814889595e-005, 0.000132219909574, 7.60227776482e-005, 0.000113654168672, 7.46504520066e-005, 3.81177123927e-005, 4.77871326439e-005, 5.02307557326e-005, 0.00010232115892, 0.00012221490033, 0.000294530007523, 0.000430206826422, 0.000394127971958, 0.00052086962387, 0.000276793027297, 0.000131394801429, 3.66996973753e-005, 8.11444442661e-006, 2.44785996983e-006, 7.35613753022e-007, 1.52654067165e-008, 1.4949438909e-010]
        min: [3.08624277013e-024, 8.14624234639e-024, 5.99749725881e-024, 1.67560347435e-024, 4.03166487602e-023, 1.74627488016e-023, 1.17902330479e-023, 1.359671821e-023, 6.97494025436e-023, 3.25444755776e-023, 5.47871724176e-023, 3.50364493118e-023, 1.15064337108e-022, 6.99191590996e-023, 6.99016779419e-023, 1.25675235725e-022, 8.76625088806e-023, 8.08731491008e-023, 1.69667547163e-022, 2.5376602665e-022, 3.34338159051e-022, 3.51010538645e-022, 4.16640736734e-022, 8.20474057925e-022, 9.87859335825e-022, 1.36954967219e-021, 2.3895070893e-021]
        var: [4.05089210873e-013, 1.55610138108e-008, 1.87918409722e-008, 1.27423129825e-008, 4.06267702147e-007, 4.39381118156e-008, 6.91792081398e-008, 6.13991062437e-008, 5.1988930494e-008, 5.91152016227e-008, 2.87923427322e-008, 1.65286611065e-008, 1.96244460682e-008, 3.53311975232e-008, 7.5018711243e-008, 1.77668724177e-007, 3.11285617727e-007, 1.70425295209e-007, 2.02417282935e-007, 6.55654659454e-008, 1.57736383954e-008, 3.19100257329e-009, 2.62877997148e-010, 5.0466814755e-011, 6.92839926056e-012, 9.84256011654e-015, 3.16120021634e-019]
    frequency_bands:
        dmean: [2.45518180009e-007, 6.43654930172e-005, 8.18330299808e-005, 7.18556257198e-005, 0.000284464593278, 0.000105006896774, 0.000129179898067, 9.99514668365e-005, 0.000102627069282, 8.54210011312e-005, 4.60309165646e-005, 4.36942755186e-005, 5.04582239955e-005, 8.18580010673e-005, 9.76756709861e-005, 0.000175974273589, 0.000234635954257, 0.000192769744899, 0.000211577920709, 0.000122138095321, 5.72665048821e-005, 2.21154823521e-005, 5.32779404239e-006, 1.97439521799e-006, 6.83799044054e-007, 3.09328385129e-008, 3.42595479763e-010, 5.19793860732e-011]
        dmean2: [3.71437437252e-007, 0.000112582194561, 0.000148500563228, 0.000126689090393, 0.000504493596964, 0.000179076581844, 0.000224642368266, 0.000172236381331, 0.000169103353983, 0.000141184907989, 7.57238813094e-005, 7.11690445314e-005, 8.32305449876e-005, 0.000133745386847, 0.000157663162099, 0.00029304419877, 0.00039392960025, 0.000326388922986, 0.000354580610292, 0.000211034261156, 9.73050482571e-005, 3.70771922462e-005, 8.65654419613e-006, 3.16470163853e-006, 1.10079133719e-006, 5.07271025185e-008, 6.11791950433e-010, 9.60348814361e-011]
        dvar: [3.06090276823e-013, 1.70929492782e-008, 2.20365503623e-008, 1.16554064178e-008, 5.5000316479e-007, 3.9463941448e-008, 4.69637519984e-008, 4.98806720373e-008, 3.00299802802e-008, 3.35083889524e-008, 1.42202853937e-008, 7.78612196939e-009, 9.95127269476e-009, 1.63552673627e-008, 2.72729305806e-008, 6.51872369417e-008, 1.12420188714e-007, 6.39802166802e-008, 7.19113870673e-008, 3.0586438271e-008, 6.28676621872e-009, 1.14923004446e-009, 9.98782515027e-011, 2.36098935541e-011, 4.18921971765e-012, 6.71063250067e-015, 3.77661018437e-019, 6.26701153028e-021]
        dvar2: [6.71065687827e-013, 4.79102553186e-008, 6.42546069685e-008, 3.34561178761e-008, 1.56568432885e-006, 1.09810024185e-007, 1.35209361929e-007, 1.4000293902e-007, 7.84412321764e-008, 9.01070791315e-008, 3.54502915911e-008, 1.94394829123e-008, 2.53752325818e-008, 4.10199980649e-008, 6.38316635104e-008, 1.69231242353e-007, 2.95575489417e-007, 1.70382023157e-007, 1.87069645108e-007, 8.45040943886e-008, 1.64504871947e-008, 2.91123414264e-009, 2.3194468568e-010, 5.28130802979e-011, 9.23387061258e-012, 1.5002447662e-014, 1.05608992238e-018, 1.97915870095e-020]
        max: [4.38891629528e-006, 0.0011269695824, 0.00170102203265, 0.00126447947696, 0.00717503158376, 0.00304401107132, 0.00344962347299, 0.00380069087259, 0.00422568200156, 0.0039752596058, 0.00354098295793, 0.00238955789246, 0.00254530040547, 0.00260250549763, 0.00316064851359, 0.00516024790704, 0.00663091568276, 0.0044359350577, 0.00564200524241, 0.00421747518703, 0.00160056364257, 0.00103233195841, 0.000316994206514, 0.000146146616316, 5.488869283e-005, 2.44309717345e-006, 8.45300984764e-009, 1.1987905113e-009]
        mean: [2.9384156619e-007, 7.54981883802e-005, 8.43581656227e-005, 8.36881445139e-005, 0.000328315538354, 0.000153600340127, 0.00021132575057, 0.000145833007991, 0.000183107011253, 0.000141576267197, 7.73491919972e-005, 7.95892774477e-005, 9.04701300897e-005, 0.000157160291565, 0.000197474670131, 0.000390311790397, 0.000561946246307, 0.000470805360237, 0.000567570794374, 0.000307479785988, 0.000147318874951, 5.00191054016e-005, 1.18841344374e-005, 4.08318283007e-006, 1.2381472061e-006, 4.16399998926e-008, 3.35887623271e-010, 4.06358280358e-011]
        median: [4.09885529962e-008, 2.96928919852e-005, 3.52115675923e-005, 4.19851421611e-005, 0.000174231347046, 9.15814889595e-005, 0.000132219909574, 7.60227776482e-005, 0.000113654168672, 7.46504520066e-005, 3.81177123927e-005, 4.77871326439e-005, 5.02307557326e-005, 0.00010232115892, 0.00012221490033, 0.000294530007523, 0.000430206826422, 0.000394127971958, 0.00052086962387, 0.000276793027297, 0.000131394801429, 3.66996973753e-005, 8.11444442661e-006, 2.44785996983e-006, 7.35613753022e-007, 1.52654067165e-008, 1.4949438909e-010, 1.29221850234e-011]
        min: [3.08624277013e-024, 8.14624234639e-024, 5.99749725881e-024, 1.67560347435e-024, 4.03166487602e-023, 1.74627488016e-023, 1.17902330479e-023, 1.359671821e-023, 6.97494025436e-023, 3.25444755776e-023, 5.47871724176e-023, 3.50364493118e-023, 1.15064337108e-022, 6.99191590996e-023, 6.99016779419e-023, 1.25675235725e-022, 8.76625088806e-023, 8.08731491008e-023, 1.69667547163e-022, 2.5376602665e-022, 3.34338159051e-022, 3.51010538645e-022, 4.16640736734e-022, 8.20474057925e-022, 9.87859335825e-022, 1.36954967219e-021, 2.3895070893e-021, 7.14299034637e-022]
        var: [4.05089210873e-013, 1.55610138108e-008, 1.87918409722e-008, 1.27423129825e-008, 4.06267702147e-007, 4.39381118156e-008, 6.91792081398e-008, 6.13991062437e-008, 5.1988930494e-008, 5.91152016227e-008, 2.87923427322e-008, 1.65286611065e-008, 1.96244460682e-008, 3.53311975232e-008, 7.5018711243e-008, 1.77668724177e-007, 3.11285617727e-007, 1.70425295209e-007, 2.02417282935e-007, 6.55654659454e-008, 1.57736383954e-008, 3.19100257329e-009, 2.62877997148e-010, 5.0466814755e-011, 6.92839926056e-012, 9.84256011654e-015, 3.16120021634e-019, 5.04501050277e-021]
    mfcc:
        mean: [-718.327819824, 96.871055603, -67.8420562744, 47.7491531372, -11.1752576828, -12.4204502106, -11.2118997574, -4.03334617615, -2.42269468307, -2.03568220139, -4.12873506546, -4.63437223434, -6.86942434311]
        cov: [[10021.4101563, 258.622283936, -23.5070915222, 1400.46154785, -631.802429199, 513.100646973, -121.417625427, 255.870132446, 156.380905151, 19.1563396454, 3.10397958755, 216.97277832, 117.117843628], [258.622283936, 699.650390625, -263.006958008, 139.154556274, 0.157743737102, -63.8832359314, 50.7534103394, -54.4855651855, 12.3912401199, -30.1342601776, 22.1565933228, -21.1517944336, -20.9660549164], [-23.5070915222, -263.006958008, 746.641052246, 94.5715026855, 31.9181575775, 150.80480957, 37.4187469482, 111.020172119, 34.7435874939, 72.4588241577, 58.8219833374, 69.3078384399, 35.7194900513], [1400.46154785, 139.154556274, 94.5715026855, 444.00189209, -79.8024673462, 142.038101196, 27.2308540344, 26.6612644196, 62.5837287903, -1.9655213356, 17.2616443634, 55.8860664368, 48.588104248], [-631.802429199, 0.157743737102, 31.9181575775, -79.8024673462, 206.160949707, -7.36558914185, 19.3931808472, 11.2718219757, 17.1538505554, 42.9187316895, 13.8592510223, -4.64832162857, 7.99455356598], [513.100646973, -63.8832359314, 150.80480957, 142.038101196, -7.36558914185, 180.873077393, 43.71144104, 54.7657661438, 33.989025116, 16.5418567657, 24.1903762817, 40.7336578369, 37.4461517334], [-121.417625427, 50.7534103394, 37.4187469482, 27.2308540344, 19.3931808472, 43.71144104, 118.25617981, 36.3917770386, 26.7430667877, 5.35380983353, 17.2318344116, 20.884595871, 14.8462743759], [255.870132446, -54.4855651855, 111.020172119, 26.6612644196, 11.2718219757, 54.7657661438, 36.3917770386, 116.357910156, 41.7638015747, 29.3143177032, 16.4769039154, 24.8993549347, 25.0325202942], [156.380905151, 12.3912401199, 34.7435874939, 62.5837287903, 17.1538505554, 33.989025116, 26.7430667877, 41.7638015747, 88.5751495361, 39.6057434082, 21.6871891022, 17.8240242004, 11.8627128601], [19.1563396454, -30.1342601776, 72.4588241577, -1.9655213356, 42.9187316895, 16.5418567657, 5.35380983353, 29.3143177032, 39.6057434082, 82.068649292, 36.2317962646, 16.3918399811, 4.43844985962], [3.10397958755, 22.1565933228, 58.8219833374, 17.2616443634, 13.8592510223, 24.1903762817, 17.2318344116, 16.4769039154, 21.6871891022, 36.2317962646, 62.9349365234, 29.1526641846, 8.88534736633], [216.97277832, -21.1517944336, 69.3078384399, 55.8860664368, -4.64832162857, 40.7336578369, 20.884595871, 24.8993549347, 17.8240242004, 16.3918399811, 29.1526641846, 63.3204421997, 35.9729537964], [117.117843628, -20.9660549164, 35.7194900513, 48.588104248, 7.99455356598, 37.4461517334, 14.8462743759, 25.0325202942, 11.8627128601, 4.43844985962, 8.88534736633, 35.9729537964, 67.5878829956]]
        icov: [[0.000309859140543, -5.31575133209e-005, 0.000294825120363, -0.00082667049719, 0.000579905579798, -0.000395079667214, 0.00069095112849, -0.000902279571164, 0.000419527757913, -0.000627072236966, 0.000506640702952, -0.000724484038074, 0.000504289579112], [-5.31575133209e-005, 0.00251413113438, 0.000737369875424, -0.00150878482964, -0.000697197800037, 0.00167555501685, -0.00165066181216, 0.000383677019272, 0.000170929022715, 0.00103565526661, -0.00271194893867, 0.00152172218077, 0.00039018059033], [0.000294825120363, 0.000737369875424, 0.00245330366306, -0.00139047414996, 0.000149086874444, -0.00102284294553, 0.00042251177365, -0.00206782063469, 0.00149025896098, -0.00137908500619, -0.000668826105539, -0.00136455439497, 0.00128620944452], [-0.00082667049719, -0.00150878482964, -0.00139047414996, 0.00718066003174, 0.00018096830172, -0.0025244015269, -0.000501396425534, 0.0036285109818, -0.00418019620702, 0.00206291861832, 0.000800439505838, -0.000331711169565, -0.00264980667271], [0.000579905579798, -0.000697197800037, 0.000149086874444, 0.00018096830172, 0.00756229925901, -0.00124331307597, 0.000385770807043, -0.000862317392603, 9.40569506724e-008, -0.00468189967796, 0.00173884502146, 0.000267326977337, -0.00146448903251], [-0.000395079667214, 0.00167555501685, -0.00102284294553, -0.0025244015269, -0.00124331307597, 0.0115156630054, -0.00363722303882, -0.000776468135882, -3.98936281272e-005, 0.00164249679074, -0.00321319000795, 0.00150651461445, -0.00206708326004], [0.00069095112849, -0.00165066181216, 0.00042251177365, -0.000501396425534, 0.000385770807043, -0.00363722303882, 0.0132199842483, -0.00431341817603, -0.00149978918489, 0.0012554776622, 0.000684006197844, -0.00428291223943, 0.00146141787991], [-0.000902279571164, 0.000383677019272, -0.00206782063469, 0.0036285109818, -0.000862317392603, -0.000776468135882, -0.00431341817603, 0.0163716040552, -0.00597969209775, 4.7503697715e-005, 2.98043396469e-005, 0.00182928924914, -0.00434817187488], [0.000419527757913, 0.000170929022715, 0.00149025896098, -0.00418019620702, 9.40569506724e-008, -3.98936281272e-005, -0.00149978918489, -0.00597969209775, 0.0200682096183, -0.0088039310649, -0.000102757643617, -0.000634993775748, 0.00151713925879], [-0.000627072236966, 0.00103565526661, -0.00137908500619, 0.00206291861832, -0.00468189967796, 0.00164249679074, 0.0012554776622, 4.7503697715e-005, -0.0088039310649, 0.0251095090061, -0.0116887735203, 0.00128082896117, 0.000755355518777], [0.000506640702952, -0.00271194893867, -0.000668826105539, 0.000800439505838, 0.00173884502146, -0.00321319000795, 0.000684006197844, 2.98043396469e-005, -0.000102757643617, -0.0116887735203, 0.0304597038776, -0.0136165786535, 0.00350069487467], [-0.000724484038074, 0.00152172218077, -0.00136455439497, -0.000331711169565, 0.000267326977337, 0.00150651461445, -0.00428291223943, 0.00182928924914, -0.000634993775748, 0.00128082896117, -0.0136165786535, 0.0347081162035, -0.014571567066], [0.000504289579112, 0.00039018059033, 0.00128620944452, -0.00264980667271, -0.00146448903251, -0.00206708326004, 0.00146141787991, -0.00434817187488, 0.00151713925879, 0.000755355518777, 0.00350069487467, -0.014571567066, 0.0248552598059]]
    sccoeffs:
        dmean: [0.056817587465, 0.0449959672987, 0.0360526405275, 0.0284994561225, 0.0200113430619, 0.0174294132739]
        dmean2: [0.0953572914004, 0.0758987590671, 0.0603070780635, 0.0471073910594, 0.03314114362, 0.0274457708001]
        dvar: [0.00228904536925, 0.00129043729976, 0.000822127214633, 0.000525412615389, 0.000267736468231, 0.000307030015392]
        dvar2: [0.00627774745226, 0.00361308711581, 0.00222919695079, 0.00138314033393, 0.000673524918966, 0.000671343819704]
        max: [-0.351810127497, -0.528312206268, -0.544670522213, -0.603192806244, -0.638425946236, -0.576532125473]
        mean: [-0.673605442047, -0.770956993103, -0.79484808445, -0.786655068398, -0.781980335712, -0.7290391922]
        median: [-0.684992730618, -0.775682449341, -0.797921776772, -0.791507422924, -0.787807762623, -0.728724122047]
        min: [-0.968250572681, -0.973964095116, -0.978997528553, -0.964921057224, -0.963489294052, -0.961511015892]
        var: [0.00660079857334, 0.00377065315843, 0.00261159543879, 0.00206752168015, 0.0015122568002, 0.00192459882237]
    scvalleys:
        dmean: [0.423521280289, 0.359393566847, 0.298592835665, 0.231132268906, 0.177509322762, 0.264970570803]
        dmean2: [0.715016484261, 0.600782513618, 0.48722666502, 0.377891808748, 0.287952423096, 0.394275546074]
        dvar: [0.140258476138, 0.115846410394, 0.0835758969188, 0.0695273131132, 0.0554047785699, 0.151387155056]
        dvar2: [0.35389071703, 0.28157928586, 0.172020956874, 0.12803196907, 0.0930734872818, 0.321095705032]
        max: [-5.30093479156, -4.30704641342, -5.03314876556, -5.61524963379, -5.64189863205, -7.46624422073]
        mean: [-7.53725099564, -6.69307565689, -7.12126255035, -7.04230880737, -6.99598073959, -10.3136806488]
        median: [-6.92476844788, -6.34878063202, -6.79677820206, -6.69797229767, -6.47893857956, -9.49113464355]
        min: [-27.7134799957, -27.5682525635, -27.5409164429, -27.7414169312, -27.3027076721, -27.3233280182]
        var: [3.10809731483, 1.95977246761, 1.82785904408, 1.84833610058, 2.39429521561, 3.71316123009]

rhythm:
    beats_loudness:
        dmean: 0.00233910675161
        dmean2: 0.00447368714958
        dvar: 3.29930480802e-006
        dvar2: 9.86992654362e-006
        max: 0.0128648336977
        mean: 0.00492950435728
        median: 0.00474157370627
        min: 4.03129618576e-009
        var: 9.0406729214e-006
    bpm: 89.0509872437
    bpm_confidence: 0
    first_peak_bpm: 89
    first_peak_spread: 0.0481586456299
    first_peak_weight: 0.888888895512
    onset_rate: 2.14809370041
    second_peak_bpm: 117
    second_peak_spread: 0.272727310658
    second_peak_weight: 0.0423280410469
    beats_loudness_band_ratio:
        dmean: [0.0432120598853, 0.126359716058, 0.0697864666581, 0.0604585520923, 0.134009152651, 0.0570215061307]
        dmean2: [0.0762549936771, 0.245754227042, 0.123651199043, 0.10920124501, 0.245738968253, 0.10133793205]
        dvar: [0.00185572216287, 0.00613808492199, 0.00478489184752, 0.00297898612916, 0.0100148823112, 0.00235848431475]
        dvar2: [0.00516235735267, 0.0207570772618, 0.0136972842738, 0.00927575770766, 0.0307603180408, 0.00654832134023]
        max: [0.409526288509, 0.502885639668, 0.652893364429, 0.317001342773, 0.876041471958, 0.447520643473]
        mean: [0.0970783606172, 0.145265057683, 0.128656953573, 0.0982008352876, 0.387463659048, 0.183939486742]
        median: [0.0964065119624, 0.125786334276, 0.110626630485, 0.0813017711043, 0.361784696579, 0.190400987864]
        min: [4.86471390104e-006, 0.00057060981635, 0.00511554721743, 0.0128574874252, 0.078360632062, 0.00512581923977]
        var: [0.00342317437753, 0.0100613888353, 0.00698194792494, 0.00331552932039, 0.0243834964931, 0.00613576266915]
    beats_position: [0.638548731804, 1.27709746361, 1.93886613846, 2.60063481331, 3.26240348816, 3.93578219414, 4.59755086899, 5.27092981339, 5.94430828094, 6.6176867485, 7.27945566177, 7.95283412933, 8.6146030426, 9.287981987, 9.96135997772, 10.6463489532, 11.3313379288, 12.0047159195, 12.6780948639, 13.3514738083, 14.0248527527, 14.6866207123, 15.3716096878, 16.0449886322, 16.7183666229, 17.391746521, 18.0651245117, 18.7385025024, 19.4118824005, 20.0852603912, 20.758638382, 21.43201828, 22.1053962708, 22.7787742615, 23.4521541595, 24.1255321503, 24.7989120483, 25.4722900391, 26.1456680298, 26.8190479279, 27.4924259186, 28.1658039093, 28.8391838074, 29.5125617981, 30.1859397888, 30.8593196869, 31.5326976776, 32.2060775757, 32.8794555664, 33.5528335571, 34.2262115479, 34.8995895386, 35.572971344, 36.2463493347, 36.908115387, 37.5931053162, 38.2664833069, 38.9514732361, 39.6364631653, 40.309841156, 40.9832191467, 41.6565971375, 42.3299751282, 43.0033569336, 43.6767349243, 44.350112915, 45.0234909058, 45.6968688965, 46.3702468872, 47.0436286926, 47.7170066833, 48.3903846741, 49.0637626648, 49.7371406555, 50.4105224609, 51.0839004517, 51.7572784424, 52.4306564331, 53.1040344238, 53.7774124146, 54.45079422, 55.1241722107, 55.7975502014, 56.4709281921, 57.1443061829, 57.8176841736, 58.491065979, 59.1644439697, 59.8378219604, 60.5111999512, 61.1961898804, 61.8811798096, 62.5545578003, 63.227935791, 63.9013137817, 64.5746917725, 65.2480697632, 65.9214477539, 66.5948257446, 67.2682037354, 67.9415893555, 68.6149673462, 69.2883453369, 69.9617233276, 70.6351013184, 71.3084793091, 71.9818572998, 72.6552352905, 73.3286132813, 74.001991272, 74.6753692627, 75.3487548828, 76.0221328735, 76.6955108643, 77.368888855, 78.0422668457, 78.7040328979, 79.3774108887, 80.0624008179, 80.7357788086, 81.4091567993, 82.0941467285, 82.7791366577, 83.4525146484, 84.1258926392, 84.7992706299, 85.4726486206, 86.1460266113, 86.8194122314, 87.4927902222, 88.1661682129, 88.8395462036, 89.5129241943, 90.1863021851, 90.8596801758, 91.5330581665, 92.2064361572, 92.8798141479, 93.5531921387, 94.2265777588, 94.8999557495, 95.5733337402, 96.246711731, 96.9200897217, 97.5934677124, 98.2668457031, 98.9402236938, 99.6136016846, 100.286979675, 100.960357666, 101.633743286, 102.307121277, 102.980499268, 103.665489197, 104.350471497, 105.023849487, 105.697235107, 106.370613098, 107.043991089, 107.71736908, 108.39074707, 109.064125061, 109.737503052, 110.410881042, 111.084259033, 111.757637024, 112.431015015, 113.104400635, 113.777778625, 114.451156616, 115.124534607, 115.797912598, 116.471290588, 117.144668579, 117.81804657, 118.491424561, 119.164802551, 119.838180542, 120.511566162, 121.184944153, 121.846710205, 122.531700134, 123.216690063, 123.890068054, 124.563446045, 125.248435974, 125.921813965, 126.595191956, 127.268569946, 127.941947937, 128.615325928, 129.288711548, 129.950469971, 130.612243652, 131.285614014, 131.958999634, 132.632385254, 133.305755615, 133.990753174, 134.675735474, 135.349105835, 136.022491455, 136.695877075, 137.369247437, 138.042633057, 138.716003418, 139.389389038, 140.062759399, 140.73614502, 141.409515381, 142.094512939, 142.779495239, 143.452880859, 144.126251221, 144.799636841, 145.461410522, 146.134780884, 146.819763184, 147.493148804, 148.166534424, 148.839904785, 149.513290405, 150.186660767, 150.860046387, 151.533416748, 152.206802368, 152.880172729, 153.55355835, 154.226928711, 154.900314331, 155.573699951, 156.247070313, 156.920455933, 157.593826294, 158.267211914, 158.940582275, 159.613967896, 160.287338257, 160.960723877, 161.634094238, 162.307479858, 162.992462158, 163.677459717, 164.350830078, 165.024215698, 165.69758606, 166.37097168, 167.0443573, 167.717727661, 168.391113281, 169.064483643, 169.737869263, 170.411239624, 171.084625244, 171.757995605, 172.431381226, 173.104751587, 173.778137207, 174.451522827, 175.124893188, 175.798278809, 176.460037231, 177.133422852, 177.806793213, 178.480178833, 179.165161133, 179.838546753, 180.511917114, 181.196914673, 181.881896973, 182.555282593, 183.228652954, 183.902038574, 184.575408936, 185.248794556, 185.922180176, 186.595550537, 187.268936157, 187.942306519, 188.615692139, 189.2890625, 189.96244812, 190.635818481, 191.309204102, 191.982574463, 192.655960083, 193.329345703, 194.002716064, 194.676101685, 195.349472046, 196.022857666, 196.696228027, 197.346389771, 198.03137207, 198.716369629, 199.38973999, 200.06312561, 200.73651123, 201.409881592, 202.083267212, 202.756637573, 203.441635132, 204.115005493, 204.800003052, 205.473373413, 206.146759033, 206.820129395, 207.493515015, 208.166885376, 208.840270996, 209.513641357, 210.175415039, 210.848800659, 211.533782959, 212.207168579, 212.88053894, 213.553924561, 214.227294922, 214.91229248, 215.585662842, 216.247436523, 216.920806885, 217.594192505, 218.267562866, 218.940948486, 219.614334106, 220.287704468, 220.972686768, 221.646072388, 222.331054688, 223.004440308, 223.677825928, 224.351196289, 225.024581909, 225.697952271, 226.371337891, 227.044708252, 227.718093872, 228.391464233, 229.064849854, 229.738220215, 230.411605835, 231.084991455, 231.758361816, 232.431747437, 233.105117798, 233.778503418, 234.451873779, 235.125259399, 235.798629761, 236.472015381, 237.145385742, 237.818771362, 238.492156982, 239.165527344, 239.676361084, 240.187210083, 240.698043823, 241.208877563, 241.719726563, 242.230560303, 242.741394043, 243.26385498, 243.786300659, 244.308746338, 244.842803955, 245.376861572, 245.89932251, 246.41015625, 246.92098999, 247.431838989, 247.942672729, 248.45350647, 248.964355469, 249.475189209, 249.986022949, 250.496871948, 251.019317627, 251.541763306]
