
metadata:
    version:
        essentia: "2.1-beta2"
    audio_properties:
        analysis_sample_rate: 44100
        bitrate: 320
        channels: 2
        equal_loudness: 1
        length: 247.066116333
        replay_gain: -15.7051210403
        downmix: "mix"
    tags:
        album: "Vultures"
        artist: "Axewound"
        comment: ""
        date: "2012"
        genre: "Metalcore"
        title: "Cold"
        tracknumber: "4"

configuration:
    average_loudness:
        compute: 1
        frameSize: 88200
        hopSize: 44100
        silentFrames: "noise"
        windowType: "hann"
    general:
        analysisSampleRate: 44100
        endTime: 2000
        equalLoudness: 1
        nequalLoudness: 0
        shortSound: 0
        startTime: 0
    lowlevel:
        compute: 1
        frameSize: 2048
        hopSize: 1024
        zeroPadding: 0
        silentFrames: "noise"
        windowType: "blackmanharris62"
        mfccStats: ["mean", "cov", "icov"]
        stats: ["mean", "var", "median", "min", "max", "dmean", "dmean2", "dvar", "dvar2"]
    panning:
        compute: 0
        frameSize: 8192
        hopSize: 2048
        zeroPadding: 8192
        silentFrames: "noise"
        windowType: "hann"
        stats: ["copy"]
    rhythm:
        compute: 1
        maxTempo: 208
        minTempo: 40
        method: "degara"
        stats: ["mean", "var", "median", "min", "max", "dmean", "dmean2", "dvar", "dvar2"]
    segmentation:
        compute: 0
        cpw: 5
        inc1: 300
        inc2: 50
        minimumSegmentsLength: 10
        size1: 1000
        size2: 600
    sfx:
        compute: 1
        stats: ["mean", "var", "median", "min", "max", "dmean", "dmean2", "dvar", "dvar2"]
    svm:
        compute: 0
    tonal:
        compute: 1
        frameSize: 4096
        hopSize: 2048
        zeroPadding: 0
        silentFrames: "noise"
        windowType: "blackmanharris62"
        stats: ["mean", "var", "median", "min", "max", "dmean", "dmean2", "dvar", "dvar2"]

lowlevel:
    average_loudness: 0.899820387363
    barkbands_kurtosis:
        dmean: 0.822712123394
        dmean2: 1.34388828278
        dvar: 2.04769611359
        dvar2: 4.59850549698
        max: 55.0508842468
        mean: -0.311634421349
        median: -0.895044922829
        min: -1.89051675797
        var: 5.12384080887
    barkbands_skewness:
        dmean: 0.390016168356
        dmean2: 0.618863046169
        dvar: 0.143174007535
        dvar2: 0.330299288034
        max: 4.90666055679
        mean: -0.562110066414
        median: -0.574404716492
        min: -5.20653963089
        var: 0.519004464149
    barkbands_spread:
        dmean: 7.00055122375
        dmean2: 11.6274700165
        dvar: 50.2910919189
        dvar2: 132.286682129
        max: 73.5115509033
        mean: 31.943523407
        median: 30.3768920898
        min: 1.72340583801
        var: 132.611907959
    dissonance:
        dmean: 0.0094324182719
        dmean2: 0.0160911176354
        dvar: 9.96309026959e-005
        dvar2: 0.000264870817773
        max: 0.500000119209
        mean: 0.485038042068
        median: 0.489291131496
        min: 0.300133436918
        var: 0.000236548134126
    hfc:
        dmean: 3.60284543037
        dmean2: 6.15572500229
        dvar: 19.1081676483
        dvar2: 50.8839302063
        max: 48.4858665466
        mean: 11.53424263
        median: 11.503944397
        min: 1.06864224342e-016
        var: 46.6224021912
    pitch:
        dmean: 1031.51062012
        dmean2: 1962.50219727
        dvar: 1963053.125
        dvar2: 4692528.5
        max: 4717.38818359
        mean: 2142.98583984
        median: 3250.21972656
        min: 72.9607620239
        var: 2821850.25
    pitch_instantaneous_confidence:
        dmean: 0.0753472745419
        dmean2: 0.125392407179
        dvar: 0.00393837410957
        dvar2: 0.0104645323008
        max: 0.937617182732
        mean: 0.339708209038
        median: 0.320906847715
        min: 0.0937019586563
        var: 0.0120089370757
    pitch_salience:
        dmean: 0.0511149801314
        dmean2: 0.0857205539942
        dvar: 0.002142412588
        dvar2: 0.00565569102764
        max: 0.911627650261
        mean: 0.709144532681
        median: 0.722489714622
        min: 0.172697499394
        var: 0.00499824853614
    silence_rate_20dB:
        dmean: 0
        dmean2: 0
        dvar: 0
        dvar2: 0
        max: 1
        mean: 1
        median: 1
        min: 1
        var: 0
    silence_rate_30dB:
        dmean: 0
        dmean2: 0
        dvar: 0
        dvar2: 0
        max: 1
        mean: 1
        median: 1
        min: 1
        var: 0
    silence_rate_60dB:
        dmean: 0.098486982286
        dmean2: 0.196992486715
        dvar: 0.088791064918
        dvar2: 0.179806485772
        max: 1
        mean: 0.235763952136
        median: 0
        min: 0
        var: 0.180178254843
    spectral_centroid:
        dmean: 284.432373047
        dmean2: 455.353912354
        dvar: 83365.734375
        dvar2: 185614.390625
        max: 11680.3730469
        mean: 2359.28149414
        median: 2305.93652344
        min: 579.082885742
        var: 764044.1875
    spectral_complexity:
        dmean: 5.06456136703
        dmean2: 8.22500038147
        dvar: 24.3658733368
        dvar2: 61.21717453
        max: 49
        mean: 21.1844577789
        median: 24
        min: 0
        var: 124.860458374
    spectral_crest:
        dmean: 1.61407852173
        dmean2: 2.716755867
        dvar: 2.51353120804
        dvar2: 6.51047182083
        max: 24.7679786682
        mean: 6.08783483505
        median: 5.49261045456
        min: 2.57294416428
        var: 5.69212913513
    spectral_decrease:
        dmean: 3.19153981021e-010
        dmean2: 5.41269529197e-010
        dvar: 1.59511997135e-019
        dvar2: 4.27154207166e-019
        max: 1.96896641381e-028
        mean: -1.07868569632e-009
        median: -1.06643183173e-009
        min: -3.81839182495e-009
        var: 3.62855467749e-019
    spectral_energy:
        dmean: 0.00149819254875
        dmean2: 0.00255085621029
        dvar: 3.46808838003e-006
        dvar2: 9.26145366975e-006
        max: 0.0176758542657
        mean: 0.00511738378555
        median: 0.00511381682009
        min: 9.98591418623e-021
        var: 8.07439027994e-006
    spectral_energyband_high:
        dmean: 0.000358886172762
        dmean2: 0.000636301760096
        dvar: 2.45283644063e-007
        dvar2: 6.83547852987e-007
        max: 0.00429557776079
        mean: 0.000742549193092
        median: 0.000678338226862
        min: 7.1779760877e-021
        var: 2.79005462289e-007
    spectral_energyband_low:
        dmean: 0.000274972466286
        dmean2: 0.000492023769766
        dvar: 1.90075311934e-007
        dvar2: 5.28186092197e-007
        max: 0.00348113360815
        mean: 0.000297973951092
        median: 0.000155550718773
        min: 2.35710581406e-023
        var: 1.66082514852e-007
    spectral_energyband_middle_high:
        dmean: 0.000795794185251
        dmean2: 0.0012965729693
        dvar: 7.29102339392e-007
        dvar2: 1.8179378003e-006
        max: 0.0130299981683
        mean: 0.00292349862866
        median: 0.00291812140495
        min: 1.15075585634e-021
        var: 3.3310109302e-006
    spectral_energyband_middle_low:
        dmean: 0.000620598031674
        dmean2: 0.00104001979344
        dvar: 8.8125284492e-007
        dvar2: 2.35766492551e-006
        max: 0.00796737335622
        mean: 0.00125221081544
        median: 0.000925218337215
        min: 1.81763536387e-022
        var: 1.26570921566e-006
    spectral_flatness_db:
        dmean: 0.0132400719449
        dmean2: 0.0206235591322
        dvar: 0.00016612627951
        dvar2: 0.000349145149812
        max: 0.370815932751
        mean: 0.131062522531
        median: 0.125171899796
        min: 0.0543806925416
        var: 0.00109833909664
    spectral_flux:
        dmean: 0.00854010786861
        dmean2: 0.0133261261508
        dvar: 8.2073995145e-005
        dvar2: 0.000144267673022
        max: 0.102681621909
        mean: 0.0455163046718
        median: 0.0463919341564
        min: 6.51741369206e-011
        var: 0.000297648599371
    spectral_kurtosis:
        dmean: 0.751778006554
        dmean2: 1.28592598438
        dvar: 0.594457268715
        dvar2: 1.79144740105
        max: 13.8309812546
        mean: 2.66987299919
        median: 2.54616594315
        min: -1.25563895702
        var: 1.25417757034
    spectral_rms:
        dmean: 0.000314337434247
        dmean2: 0.000519860070199
        dvar: 1.28584048298e-007
        dvar2: 3.32596897579e-007
        max: 0.0041526784189
        mean: 0.00211212737486
        median: 0.00223362678662
        min: 3.12127472306e-012
        var: 5.31510806923e-007
    spectral_rolloff:
        dmean: 275.192230225
        dmean2: 453.936828613
        dvar: 128431.25
        dvar2: 284835.8125
        max: 19595.2148438
        mean: 4035.29931641
        median: 3962.109375
        min: 452.197265625
        var: 1646570
    spectral_skewness:
        dmean: 0.139695435762
        dmean2: 0.236951068044
        dvar: 0.0173099264503
        dvar2: 0.0484943538904
        max: 2.3759086132
        mean: 1.10884094238
        median: 1.09942555428
        min: -0.0700029060245
        var: 0.052061278373
    spectral_spread:
        dmean: 427509.03125
        dmean2: 623160.0625
        dvar: 330371956736
        dvar2: 581307596800
        max: 42777420
        mean: 4946607
        median: 4538300
        min: 2179007.25
        var: 9.2452683776e+012
    spectral_strongpeak:
        dmean: 0.547109007835
        dmean2: 0.947965860367
        dvar: 0.539544284344
        dvar2: 1.41905450821
        max: 9.17081642151
        mean: 0.785142481327
        median: 0.415652930737
        min: 0
        var: 0.97360098362
    zerocrossingrate:
        dmean: 0.00790147483349
        dmean2: 0.00976209156215
        dvar: 7.13331173756e-005
        dvar2: 9.24912965274e-005
        max: 0.52685546875
        mean: 0.12543822825
        median: 0.12353515625
        min: 0.02783203125
        var: 0.00136772403494
    barkbands:
        dmean: [1.43009242493e-006, 0.000107102721813, 0.000143263838254, 0.000115481641842, 0.000255216320511, 0.000140688454849, 0.000134828078444, 0.000141316078953, 0.000136624410516, 9.60436154855e-005, 6.54848918202e-005, 8.67035560077e-005, 6.49262146908e-005, 7.90655249148e-005, 8.36761464598e-005, 0.000137711831485, 0.000168847385794, 0.000220487621846, 0.000314617180265, 0.000296458572848, 0.000170923536643, 5.29014832864e-005, 6.91544755682e-006, 3.13874738822e-006, 1.1611376749e-006, 3.38381838105e-008, 4.3906239755e-010]
        dmean2: [2.13495172829e-006, 0.000195999862626, 0.000256944564171, 0.000200005219085, 0.000441784563009, 0.000240506225964, 0.000234598483075, 0.000229478871915, 0.000224062197958, 0.000155318863108, 0.000108117368654, 0.000138607036206, 0.000105637605884, 0.000131222361233, 0.000136164162541, 0.000227655036724, 0.000279920350295, 0.000371862959582, 0.000531983852852, 0.000506117066834, 0.000304209097521, 9.50640169322e-005, 1.13220585263e-005, 4.71631801702e-006, 1.72810371168e-006, 5.00948686977e-008, 7.09029501778e-010]
        dvar: [4.19150868528e-012, 3.63196406283e-008, 5.34816990694e-008, 2.88115344915e-008, 2.29090261428e-007, 6.84510865767e-008, 8.58987618813e-008, 1.20438230056e-007, 5.92174309588e-008, 2.81987073691e-008, 1.3200642357e-008, 2.47062139636e-008, 1.59751980533e-008, 1.77443073568e-008, 2.23898979357e-008, 3.89527201605e-008, 4.55190480864e-008, 7.78792497158e-008, 1.33242423317e-007, 1.49774948e-007, 5.91103983538e-008, 7.242101141e-009, 1.29638147439e-010, 6.83993139905e-011, 4.24411417468e-012, 8.61823497766e-015, 6.93830205618e-019]
        dvar2: [8.61246750999e-012, 1.01587247059e-007, 1.49690421836e-007, 7.94216674649e-008, 6.32231660802e-007, 1.82439507057e-007, 2.30229062481e-007, 2.65626084683e-007, 1.45680388641e-007, 7.03024198856e-008, 3.27463638428e-008, 5.77092507115e-008, 3.77502793469e-008, 4.59623379356e-008, 5.15032105852e-008, 9.59602104444e-008, 1.16229124103e-007, 1.97519511858e-007, 3.43921328749e-007, 3.97209163339e-007, 1.6536937153e-007, 2.03498515816e-008, 2.81596967966e-010, 1.17769724528e-010, 8.50475072312e-012, 1.50095000583e-014, 1.25195357353e-018]
        max: [2.01143120648e-005, 0.00128976965789, 0.00193176686298, 0.00290830247104, 0.00391423515975, 0.00421514501795, 0.0039158128202, 0.00537618994713, 0.00451955059543, 0.00304409861565, 0.00209625670686, 0.00421913061291, 0.00292573263869, 0.00225959927775, 0.0035572568886, 0.00481343921274, 0.00492398813367, 0.00459242798388, 0.00639867316931, 0.00725814513862, 0.00274470984004, 0.00101469329093, 0.000229810902965, 0.000179394104634, 5.52591882297e-005, 2.83928443423e-006, 3.0031571896e-008]
        mean: [1.81638426966e-006, 9.54385104706e-005, 0.000138983479701, 0.000136701986776, 0.000295654579531, 0.000177120688022, 0.000157944057719, 0.000180304850801, 0.000257220875937, 0.000165433710208, 0.000105664898001, 0.00016793521354, 0.000119574389828, 0.00013865706569, 0.000153892367962, 0.000284200388705, 0.000347385415807, 0.000400292599807, 0.000720242736861, 0.000644099840429, 0.000317662284942, 8.67117269081e-005, 1.43479210237e-005, 7.19356057743e-006, 2.84216548607e-006, 7.49892024032e-008, 7.0393241236e-010]
        median: [5.34365653948e-007, 3.94716007577e-005, 6.50362853776e-005, 7.24685960449e-005, 0.000153318833327, 9.44385683397e-005, 7.24775673007e-005, 5.76004604227e-005, 9.56031435635e-005, 7.00899545336e-005, 4.85740274598e-005, 6.92421090207e-005, 5.61763008591e-005, 8.7039094069e-005, 0.000100642791949, 0.000211840029806, 0.000275968282949, 0.000315910438076, 0.00064508873038, 0.000532173144165, 0.000280763633782, 6.56954216538e-005, 9.51727724896e-006, 4.56508223579e-006, 1.9075309865e-006, 4.27686117632e-008, 3.25406757096e-010]
        min: [1.15674618837e-024, 1.85546040808e-024, 1.27621128386e-024, 2.40617643336e-024, 8.27869445895e-024, 6.69181791771e-024, 7.5083315531e-024, 1.26544285918e-023, 9.94893072092e-024, 1.80758262536e-023, 2.14749821403e-023, 1.40117442431e-023, 2.95754082341e-023, 4.5618283137e-023, 5.24711967067e-023, 4.98536931144e-023, 6.37256669823e-023, 1.20859157857e-022, 1.20802410359e-022, 1.83048268946e-022, 2.80348543941e-022, 3.23075017616e-022, 4.25623350711e-022, 5.91238096574e-022, 8.52844517097e-022, 1.32780189091e-021, 1.87045892896e-021]
        var: [6.80041656667e-012, 2.61009756031e-008, 4.42106227183e-008, 3.68551376084e-008, 1.9900512882e-007, 7.1992801054e-008, 8.33644477893e-008, 1.54877255909e-007, 2.11247055404e-007, 6.87891130724e-008, 3.01173415096e-008, 7.73002142296e-008, 4.45760157675e-008, 3.31786047525e-008, 4.28284181453e-008, 9.56017913722e-008, 1.08875639171e-007, 1.29311189312e-007, 2.96128888522e-007, 3.25593248363e-007, 5.95605058606e-008, 6.68409727567e-009, 3.06673353379e-010, 1.79694856217e-010, 1.23422140563e-011, 2.29763480648e-014, 2.19625034632e-018]
    frequency_bands:
        dmean: [1.43009242493e-006, 0.000107102721813, 0.000143263838254, 0.000115481641842, 0.000255216320511, 0.000140688454849, 0.000134828078444, 0.000141316078953, 0.000136624410516, 9.60436154855e-005, 6.54848918202e-005, 8.67035560077e-005, 6.49262146908e-005, 7.90655249148e-005, 8.36761464598e-005, 0.000137711831485, 0.000168847385794, 0.000220487621846, 0.000314617180265, 0.000296458572848, 0.000170923536643, 5.29014832864e-005, 6.91544755682e-006, 3.13874738822e-006, 1.1611376749e-006, 3.38381838105e-008, 4.3906239755e-010, 6.33947755402e-011]
        dmean2: [2.13495172829e-006, 0.000195999862626, 0.000256944564171, 0.000200005219085, 0.000441784563009, 0.000240506225964, 0.000234598483075, 0.000229478871915, 0.000224062197958, 0.000155318863108, 0.000108117368654, 0.000138607036206, 0.000105637605884, 0.000131222361233, 0.000136164162541, 0.000227655036724, 0.000279920350295, 0.000371862959582, 0.000531983852852, 0.000506117066834, 0.000304209097521, 9.50640169322e-005, 1.13220585263e-005, 4.71631801702e-006, 1.72810371168e-006, 5.00948686977e-008, 7.09029501778e-010, 1.18044449215e-010]
        dvar: [4.19150868528e-012, 3.63196406283e-008, 5.34816990694e-008, 2.88115344915e-008, 2.29090261428e-007, 6.84510865767e-008, 8.58987618813e-008, 1.20438230056e-007, 5.92174309588e-008, 2.81987073691e-008, 1.3200642357e-008, 2.47062139636e-008, 1.59751980533e-008, 1.77443073568e-008, 2.23898979357e-008, 3.89527201605e-008, 4.55190480864e-008, 7.78792497158e-008, 1.33242423317e-007, 1.49774948e-007, 5.91103983538e-008, 7.242101141e-009, 1.29638147439e-010, 6.83993139905e-011, 4.24411417468e-012, 8.61823497766e-015, 6.93830205618e-019, 8.8857429689e-021]
        dvar2: [8.61246750999e-012, 1.01587247059e-007, 1.49690421836e-007, 7.94216674649e-008, 6.32231660802e-007, 1.82439507057e-007, 2.30229062481e-007, 2.65626084683e-007, 1.45680388641e-007, 7.03024198856e-008, 3.27463638428e-008, 5.77092507115e-008, 3.77502793469e-008, 4.59623379356e-008, 5.15032105852e-008, 9.59602104444e-008, 1.16229124103e-007, 1.97519511858e-007, 3.43921328749e-007, 3.97209163339e-007, 1.6536937153e-007, 2.03498515816e-008, 2.81596967966e-010, 1.17769724528e-010, 8.50475072312e-012, 1.50095000583e-014, 1.25195357353e-018, 2.86610521302e-020]
        max: [2.01143120648e-005, 0.00128976965789, 0.00193176686298, 0.00290830247104, 0.00391423515975, 0.00421514501795, 0.0039158128202, 0.00537618994713, 0.00451955059543, 0.00304409861565, 0.00209625670686, 0.00421913061291, 0.00292573263869, 0.00225959927775, 0.0035572568886, 0.00481343921274, 0.00492398813367, 0.00459242798388, 0.00639867316931, 0.00725814513862, 0.00274470984004, 0.00101469329093, 0.000229810902965, 0.000179394104634, 5.52591882297e-005, 2.83928443423e-006, 3.0031571896e-008, 1.13692499859e-009]
        mean: [1.81638426966e-006, 9.54385104706e-005, 0.000138983479701, 0.000136701986776, 0.000295654579531, 0.000177120688022, 0.000157944057719, 0.000180304850801, 0.000257220875937, 0.000165433710208, 0.000105664898001, 0.00016793521354, 0.000119574389828, 0.00013865706569, 0.000153892367962, 0.000284200388705, 0.000347385415807, 0.000400292599807, 0.000720242736861, 0.000644099840429, 0.000317662284942, 8.67117269081e-005, 1.43479210237e-005, 7.19356057743e-006, 2.84216548607e-006, 7.49892024032e-008, 7.0393241236e-010, 4.77564029988e-011]
        median: [5.34365653948e-007, 3.94716007577e-005, 6.50362853776e-005, 7.24685960449e-005, 0.000153318833327, 9.44385683397e-005, 7.24775673007e-005, 5.76004604227e-005, 9.56031435635e-005, 7.00899545336e-005, 4.85740274598e-005, 6.92421090207e-005, 5.61763008591e-005, 8.7039094069e-005, 0.000100642791949, 0.000211840029806, 0.000275968282949, 0.000315910438076, 0.00064508873038, 0.000532173144165, 0.000280763633782, 6.56954216538e-005, 9.51727724896e-006, 4.56508223579e-006, 1.9075309865e-006, 4.27686117632e-008, 3.25406757096e-010, 1.59569059355e-011]
        min: [1.15674618837e-024, 1.85546040808e-024, 1.27621128386e-024, 2.40617643336e-024, 8.27869445895e-024, 6.69181791771e-024, 7.5083315531e-024, 1.26544285918e-023, 9.94893072092e-024, 1.80758262536e-023, 2.14749821403e-023, 1.40117442431e-023, 2.95754082341e-023, 4.5618283137e-023, 5.24711967067e-023, 4.98536931144e-023, 6.37256669823e-023, 1.20859157857e-022, 1.20802410359e-022, 1.83048268946e-022, 2.80348543941e-022, 3.23075017616e-022, 4.25623350711e-022, 5.91238096574e-022, 8.52844517097e-022, 1.32780189091e-021, 1.87045892896e-021, 5.28125286163e-022]
        var: [6.80041656667e-012, 2.61009756031e-008, 4.42106227183e-008, 3.68551376084e-008, 1.9900512882e-007, 7.1992801054e-008, 8.33644477893e-008, 1.54877255909e-007, 2.11247055404e-007, 6.87891130724e-008, 3.01173415096e-008, 7.73002142296e-008, 4.45760157675e-008, 3.31786047525e-008, 4.28284181453e-008, 9.56017913722e-008, 1.08875639171e-007, 1.29311189312e-007, 2.96128888522e-007, 3.25593248363e-007, 5.95605058606e-008, 6.68409727567e-009, 3.06673353379e-010, 1.79694856217e-010, 1.23422140563e-011, 2.29763480648e-014, 2.19625034632e-018, 6.73592075171e-021]
    mfcc:
        mean: [-693.202331543, 75.2051620483, -54.6457672119, 51.1936607361, -19.5743713379, -4.48494005203, 1.83426058292, -5.39667129517, 0.992230713367, -3.75016307831, -4.34574222565, -4.1413602829, -3.98566913605]
        cov: [[6085.42431641, 1524.4362793, -168.49899292, 671.082519531, -9.2106628418, 155.182754517, 76.1271743774, 67.3580551147, 112.104866028, 44.5921630859, 26.5624351501, -8.51977729797, -45.3407592773], [1524.4362793, 951.760559082, -114.217636108, 263.173675537, 20.7408981323, 81.347618103, 69.6855239868, 2.82661747932, 61.7666282654, 13.9553127289, 18.4134922028, 9.15737438202, -28.4316883087], [-168.49899292, -114.217636108, 411.848266602, 129.038619995, 145.52142334, 51.1663894653, -18.4510860443, 5.51871013641, -31.8291988373, -19.1203193665, -14.9772911072, -3.22969532013, 15.312087059], [671.082519531, 263.173675537, 129.038619995, 487.859405518, 242.507675171, 121.120300293, 30.9144172668, -1.33766651154, 69.4847793579, 13.9778690338, 2.07693791389, 7.68033742905, 19.2378768921], [-9.2106628418, 20.7408981323, 145.52142334, 242.507675171, 260.965698242, 108.772155762, 28.1085624695, -0.558259487152, 39.1969223022, 16.4415683746, -10.0680904388, 2.24456691742, 10.6304235458], [155.182754517, 81.347618103, 51.1663894653, 121.120300293, 108.772155762, 158.004669189, 84.2765274048, 39.0217590332, 32.6666259766, 4.48668289185, 6.72666358948, -0.226778537035, -5.66905975342], [76.1271743774, 69.6855239868, -18.4510860443, 30.9144172668, 28.1085624695, 84.2765274048, 134.785446167, 67.7404403687, 35.8454399109, 7.55759048462, 14.4969882965, 9.31433677673, -7.69599962234], [67.3580551147, 2.82661747932, 5.51871013641, -1.33766651154, -0.558259487152, 39.0217590332, 67.7404403687, 96.5380249023, 37.0778198242, 13.9164505005, 14.6910505295, 8.59367656708, -0.458825737238], [112.104866028, 61.7666282654, -31.8291988373, 69.4847793579, 39.1969223022, 32.6666259766, 35.8454399109, 37.0778198242, 94.6200027466, 48.6472702026, 15.7438182831, 12.45632267, 7.39232969284], [44.5921630859, 13.9553127289, -19.1203193665, 13.9778690338, 16.4415683746, 4.48668289185, 7.55759048462, 13.9164505005, 48.6472702026, 77.220413208, 34.9325904846, 20.3227748871, 7.86948490143], [26.5624351501, 18.4134922028, -14.9772911072, 2.07693791389, -10.0680904388, 6.72666358948, 14.4969882965, 14.6910505295, 15.7438182831, 34.9325904846, 71.3697814941, 35.3175888062, 7.231112957], [-8.51977729797, 9.15737438202, -3.22969532013, 7.68033742905, 2.24456691742, -0.226778537035, 9.31433677673, 8.59367656708, 12.45632267, 20.3227748871, 35.3175888062, 61.1445579529, 29.1937484741], [-45.3407592773, -28.4316883087, 15.312087059, 19.2378768921, 10.6304235458, -5.66905975342, -7.69599962234, -0.458825737238, 7.39232969284, 7.86948490143, 7.231112957, 29.1937484741, 57.4265594482]]
        icov: [[0.000331167422701, -0.000413838220993, 6.23109881417e-005, -0.000523771974258, 0.000525689683855, -0.000218125467654, 0.000332117808284, -0.000491522834636, 0.000362827617209, -0.000401591154514, 0.000211977239815, 7.39346505725e-005, 8.12152284198e-005], [-0.000413838220993, 0.002126816893, 0.000342311745044, -0.000796097505372, 0.000611525843851, -0.000238748383708, -0.000974858237896, 0.00125478336122, -0.000646600907203, 0.000338861340424, 2.46192412305e-005, -0.000829440483358, 0.00109962373972], [6.23109881417e-005, 0.000342311745044, 0.00382038205862, -0.000736811198294, -0.00181433535181, -0.00052897707792, 0.0015250898432, -0.00225082039833, 0.00286743114702, -0.000177707304829, 0.000161154108355, -4.96984239362e-006, -0.000445641693659], [-0.000523771974258, -0.000796097505372, -0.000736811198294, 0.00649093650281, -0.00523913186044, -8.6765823653e-005, 0.000374224036932, 0.00140545202885, -0.0035553725902, 0.00301448907703, -0.00199424871244, 0.000930063775741, -0.00194015703164], [0.000525689683855, 0.000611525843851, -0.00181433535181, -0.00523913186044, 0.0122265815735, -0.00509140035138, 7.00989039615e-005, 0.00203444832005, -0.000540909473784, -0.00365695846267, 0.00378851313144, -0.00162569130771, 0.00113659037743], [-0.000218125467654, -0.000238748383708, -0.00052897707792, -8.6765823653e-005, -0.00509140035138, 0.0147324483842, -0.00762567669153, -0.000341952050803, -0.000546476570889, 0.00190749869216, -0.00235865288414, 0.00215374003164, 0.000262915913481], [0.000332117808284, -0.000974858237896, 0.0015250898432, 0.000374224036932, 7.00989039615e-005, -0.00762567669153, 0.017660394311, -0.00937314797193, -0.000515410967637, 0.00150095764548, -0.000116759067168, -0.00239573372528, 0.00186692771968], [-0.000491522834636, 0.00125478336122, -0.00225082039833, 0.00140545202885, 0.00203444832005, -0.000341952050803, -0.00937314797193, 0.0205847881734, -0.00790886301547, 0.00185922440141, -0.00183646997903, 3.98034462705e-005, -0.000165229823324], [0.000362827617209, -0.000646600907203, 0.00286743114702, -0.0035553725902, -0.000540909473784, -0.000546476570889, -0.000515410967637, -0.00790886301547, 0.0246653258801, -0.0144097106531, 0.0042260014452, -5.58012980036e-005, -0.00139746814966], [-0.000401591154514, 0.000338861340424, -0.000177707304829, 0.00301448907703, -0.00365695846267, 0.00190749869216, 0.00150095764548, 0.00185922440141, -0.0144097106531, 0.0270198769867, -0.0113908229396, -0.000128231433337, -0.000378770375391], [0.000211977239815, 2.46192412305e-005, 0.000161154108355, -0.00199424871244, 0.00378851313144, -0.00235865288414, -0.000116759067168, -0.00183646997903, 0.0042260014452, -0.0113908229396, 0.0263316817582, -0.0141263091937, 0.00472281640396], [7.39346505725e-005, -0.000829440483358, -4.96984239362e-006, 0.000930063775741, -0.00162569130771, 0.00215374003164, -0.00239573372528, 3.98034462705e-005, -5.58012980036e-005, -0.000128231433337, -0.0141263091937, 0.0321886613965, -0.0150298308581], [8.12152284198e-005, 0.00109962373972, -0.000445641693659, -0.00194015703164, 0.00113659037743, 0.000262915913481, 0.00186692771968, -0.000165229823324, -0.00139746814966, -0.000378770375391, 0.00472281640396, -0.0150298308581, 0.0261330641806]]
    sccoeffs:
        dmean: [0.0633876100183, 0.0494259037077, 0.0362221822143, 0.0291834287345, 0.0190870370716, 0.0211226902902]
        dmean2: [0.104207262397, 0.0823727324605, 0.0603518784046, 0.0489408969879, 0.0319865494967, 0.0343879461288]
        dvar: [0.00275609269738, 0.00163253862411, 0.000849563570227, 0.000553624588065, 0.000230812758673, 0.000408514024457]
        dvar2: [0.00724967569113, 0.00421762606129, 0.0022860863246, 0.00149280379992, 0.0006365935551, 0.00103384198155]
        max: [-0.336251139641, -0.367554068565, -0.417215585709, -0.588254749775, -0.632682621479, -0.579505980015]
        mean: [-0.704646646976, -0.773523747921, -0.793529331684, -0.798953592777, -0.804270088673, -0.733612596989]
        median: [-0.710640490055, -0.781400561333, -0.801900625229, -0.801443040371, -0.805017828941, -0.730278551579]
        min: [-0.98055511713, -0.976234853268, -0.974406599998, -0.970850288868, -0.967698395252, -0.963421404362]
        var: [0.00638880580664, 0.00447324197739, 0.00392473256215, 0.00170831708238, 0.000848103954922, 0.00186228775419]
    scvalleys:
        dmean: [0.418559163809, 0.42215642333, 0.324703603983, 0.257284611464, 0.23136793077, 0.226552054286]
        dmean2: [0.671601235867, 0.700717806816, 0.521734833717, 0.414338618517, 0.371402055025, 0.341427326202]
        dvar: [0.175756558776, 0.17004686594, 0.100284636021, 0.0705291628838, 0.0682777389884, 0.0892283543944]
        dvar2: [0.356208205223, 0.40855383873, 0.216224819422, 0.139534249902, 0.142110049725, 0.182495683432]
        max: [-5.18483924866, -4.50271368027, -5.13493776321, -5.65622711182, -5.39676475525, -7.5441069603]
        mean: [-7.19412708282, -6.8209862709, -6.9542760849, -7.05710554123, -6.6686501503, -9.35289001465]
        median: [-6.62235927582, -6.47645425797, -6.64948987961, -6.724360466, -6.34205436707, -9.15464401245]
        min: [-28.0071163177, -27.8776035309, -27.7486152649, -27.6669616699, -27.468624115, -27.4035739899]
        var: [4.80169010162, 3.82560658455, 3.50781130791, 3.31665372849, 3.33212184906, 2.60148882866]

rhythm:
    beats_loudness:
        dmean: 0.00143137620762
        dmean2: 0.00251019373536
        dvar: 1.48318304127e-006
        dvar2: 4.59889906779e-006
        max: 0.0107936440036
        mean: 0.00491123413667
        median: 0.00487155281007
        min: 0
        var: 4.7793369049e-006
    bpm: 141.002578735
    bpm_confidence: 0
    first_peak_bpm: 140
    first_peak_spread: 0.401801794767
    first_peak_weight: 0.577391326427
    onset_rate: 3.40394759178
    second_peak_bpm: 110
    second_peak_spread: 0.285714298487
    second_peak_weight: 0.00869565177709
    beats_loudness_band_ratio:
        dmean: [0.0829897299409, 0.106183700264, 0.084133066237, 0.0778637602925, 0.0986521691084, 0.102086603642]
        dmean2: [0.152758225799, 0.200279042125, 0.145206868649, 0.141661331058, 0.177623450756, 0.180734291673]
        dvar: [0.00621929531917, 0.00636267662048, 0.0119507918134, 0.00873269420117, 0.00703701330349, 0.00665472261608]
        dvar2: [0.0182778779417, 0.0203190725297, 0.0310548953712, 0.0264106933028, 0.0206485111266, 0.0181495659053]
        max: [0.704255521297, 0.663344979286, 0.880883574486, 0.593177258968, 0.754267394543, 0.753819286823]
        mean: [0.123007215559, 0.113265000284, 0.126993477345, 0.111200109124, 0.247818812728, 0.32584849]
        median: [0.102194160223, 0.0967772454023, 0.0827108100057, 0.0748558193445, 0.236665129662, 0.315356552601]
        min: [0, 0, 0, 0, 0, 0]
        var: [0.0093583567068, 0.00786727014929, 0.0158127788454, 0.00936268642545, 0.00946993660182, 0.0124941579998]
    beats_position: [0.394739210606, 0.801088392735, 1.20743763447, 1.6137868166, 2.04335594177, 2.46131515503, 2.87927436829, 3.29723358154, 3.72680258751, 4.15637159348, 4.58594083786, 5.00390005112, 5.42185926437, 5.83981847763, 6.24616765976, 6.66412687302, 7.08208608627, 7.52326536179, 7.95283412933, 8.38240337372, 8.8119726181, 9.24154186249, 9.65950107574, 10.077460289, 10.5070295334, 10.9365987778, 11.3661680222, 11.7957363129, 12.2253055573, 12.6548748016, 13.0728340149, 13.4907932281, 13.9087524414, 14.3383216858, 14.7678909302, 15.1974601746, 15.6270294189, 16.0565986633, 16.4861679077, 16.904127121, 17.3220863342, 17.7516555786, 18.181224823, 18.5991840363, 19.0287532806, 19.458322525, 19.8762817383, 20.3058490753, 20.7354183197, 21.153377533, 21.5713367462, 22.0009059906, 22.430475235, 22.8600444794, 23.2896137238, 23.707572937, 24.1255321503, 24.5434913635, 24.9730606079, 25.4026298523, 25.8321990967, 26.2617683411, 26.6797275543, 27.0976867676, 27.5156459808, 27.9452152252, 28.3747844696, 28.804353714, 29.2339229584, 29.6634922028, 30.0930614471, 30.5110206604, 30.9405899048, 31.3701572418, 31.7997264862, 32.2292976379, 32.6472549438, 33.0652160645, 33.4947853088, 33.9243545532, 34.3423118591, 34.7602729797, 35.1898422241, 35.6194114685, 36.0373687744, 36.4669380188, 36.8965072632, 37.3144645691, 37.7324256897, 38.1503829956, 38.57995224, 39.0095214844, 39.4390907288, 39.8686599731, 40.2982292175, 40.7277984619, 41.1573677063, 41.5869369507, 42.0048980713, 42.4344673157, 42.8524246216, 43.281993866, 43.6999549866, 44.129524231, 44.5590934753, 44.9770507813, 45.4066200256, 45.83618927, 46.2541503906, 46.683719635, 47.1132888794, 47.5428581238, 47.9608154297, 48.3903846741, 48.8199539185, 49.2495231628, 49.6674804688, 50.0970497131, 50.5150108337, 50.9445800781, 51.362537384, 51.7921066284, 52.2216758728, 52.6396369934, 53.0575942993, 53.4871635437, 53.9167327881, 54.3463020325, 54.7758712769, 55.2054405212, 55.6350097656, 56.0529708862, 56.4709281921, 56.8888893127, 57.3068466187, 57.736415863, 58.1659851074, 58.5955543518, 59.0251235962, 59.4430847168, 59.8610420227, 60.3022193909, 60.7317886353, 61.1613578796, 61.5793190002, 62.0088882446, 62.438457489, 62.8564147949, 63.2743759155, 63.7039451599, 64.1335144043, 64.563079834, 64.9926528931, 65.4222183228, 65.8517913818, 66.2697525024, 66.6877059937, 67.1172790527, 67.5468444824, 67.964805603, 68.3827667236, 68.8007278442, 69.2186813354, 69.6366424561, 70.0546035767, 70.4841690063, 70.9137420654, 71.3433074951, 71.7728805542, 72.2024459839, 72.632019043, 73.0615844727, 73.4911575317, 73.9091110229, 74.338684082, 74.7682495117, 75.1978225708, 75.6273880005, 76.0453491211, 76.4749221802, 76.9044876099, 77.3340606689, 77.7636260986, 78.1815872192, 78.5995483398, 79.0175018311, 79.4470748901, 79.8650360107, 80.282989502, 80.712562561, 81.1305236816, 81.5600891113, 81.9896621704, 82.4308395386, 82.8487930298, 83.2783660889, 83.7079315186, 84.1375045776, 84.5670700073, 84.9850311279, 85.414604187, 85.8441696167, 86.2737426758, 86.7033081055, 87.1212692261, 87.5392303467, 87.9571838379, 88.386756897, 88.8047180176, 89.2342834473, 89.6522445679, 90.093421936, 90.5113830566, 90.9293441772, 91.3589096069, 91.788482666, 92.2180480957, 92.6476211548, 93.0771865845, 93.5067520142, 93.9247131348, 94.3426742554, 94.760635376, 95.1902008057, 95.6197738647, 96.0493392944, 96.4789123535, 96.8968658447, 97.3148269653, 97.7327880859, 98.1623535156, 98.5919265747, 99.0331039429, 99.462677002, 99.8922424316, 100.310203552, 100.728164673, 101.157730103, 101.575691223, 102.005256653, 102.423217773, 102.852790833, 103.282356262, 103.700317383, 104.129882813, 104.559455872, 104.977409363, 105.41859436, 105.84815979, 106.277732849, 106.69568634, 107.113647461, 107.54322052, 107.961174011, 108.39074707, 108.808708191, 109.226661682, 109.656234741, 110.074195862, 110.503761292, 110.921722412, 111.339683533, 111.769248962, 112.198822021, 112.628387451, 113.05796051, 113.48752594, 113.917098999, 114.33505249, 114.753013611, 115.18258667, 115.6121521, 116.041717529, 116.471290588, 116.900856018, 117.330429077, 117.748390198, 118.166343689, 118.595916748, 119.025482178, 119.443443298, 119.873016357, 120.302581787, 120.720542908, 121.161720276, 121.602897644, 122.020858765, 122.438819885, 122.856781006, 123.286346436, 123.715919495, 124.145484924, 124.575057983, 124.993011475, 125.410972595, 125.840545654, 126.270111084, 126.688072205, 127.117637634, 127.547210693, 127.965164185, 128.394729614, 128.824310303, 129.242263794, 129.660217285, 130.078186035, 130.507751465, 130.948928833, 131.378494263, 131.796463013, 132.214416504, 132.632385254, 133.050338745, 133.479904175, 133.909469604, 134.339050293, 134.768615723, 135.198181152, 135.627746582, 136.045715332, 136.475280762, 136.904846191, 137.322814941, 137.752380371, 138.170333862, 138.599899292, 139.02947998, 139.45904541, 139.88861084, 140.31817627, 140.73614502, 141.165710449, 141.58366394, 142.013244629, 142.43119812, 142.849151611, 143.2787323, 143.708297729, 144.137863159, 144.567428589, 144.985397339, 145.414962769, 145.83291626, 146.262496948, 146.692062378, 147.121627808, 147.551193237, 147.980773926, 148.398727417, 148.816680908, 149.234649658, 149.652603149, 150.070556641, 150.500137329, 150.929702759, 151.359268188, 151.788833618, 152.218414307, 152.647979736, 153.077545166, 153.507110596, 153.936691284, 154.366256714, 154.784210205, 155.213790894, 155.643356323, 156.061309814, 156.479278564, 156.908843994, 157.338409424, 157.767974854, 158.197555542, 158.615509033, 159.033462524, 159.463043213, 159.892608643, 160.310562134, 160.740127563, 161.158096313, 161.587661743, 162.005615234, 162.435195923, 162.864761353, 163.282714844, 163.700683594, 164.130249023, 164.559814453, 164.977767944, 165.395736694, 165.813690186, 166.254867554, 166.684448242, 167.114013672, 167.543579102, 167.973144531, 168.391113281, 168.820678711, 169.238632202, 169.668212891, 170.086166382, 170.515731812, 170.945297241, 171.363265991, 171.792831421, 172.222396851, 172.65196228, 173.06993103, 173.49949646, 173.92906189, 174.358642578, 174.776596069, 175.194549561, 175.624130249, 176.053695679, 176.483261108, 176.9012146, 177.31918335, 177.748748779, 178.166702271, 178.584671021, 179.01423645, 179.44380188, 179.873382568, 180.302947998, 180.720901489, 181.150466919, 181.568435669, 181.998001099, 182.427566528, 182.857131958, 183.286712646, 183.704666138, 184.134231567, 184.563812256, 184.993377686, 185.411331177, 185.840896606, 186.270477295, 186.688430786, 187.106384277, 187.535964966, 187.953918457, 188.383483887, 188.813064575, 189.242630005, 189.672195435, 190.101760864, 190.519729614, 190.937683105, 191.367248535, 191.796829224, 192.214782715, 192.644348145, 193.073913574, 193.503494263, 193.933059692, 194.351013184, 194.780578613, 195.210159302, 195.628112793, 196.046066284, 196.475646973, 196.893600464, 197.323165894, 197.741134644, 198.159088135, 198.588653564, 199.018234253, 199.447799683, 199.865753174, 200.295318604, 200.724899292, 201.154464722, 201.584030151, 202.013595581, 202.431564331, 202.849517822, 203.267486572, 203.685440063, 204.115005493, 204.544570923, 204.974151611, 205.403717041, 205.821670532, 206.251235962, 206.68081665, 207.11038208, 207.53994751, 207.969512939, 208.399093628, 208.828659058, 209.258224487, 209.676193237, 210.094146729, 210.51210022, 210.93006897, 211.359634399, 211.789199829, 212.218765259, 212.648345947, 213.066299438, 213.48425293, 213.90222168, 214.320175171, 214.749740601, 215.190933228, 215.620498657, 216.050064087, 216.479629517, 216.897598267, 217.327163696, 217.756729126, 218.174682617, 218.604263306, 219.033828735, 219.451782227, 219.869750977, 220.287704468, 220.705657959, 221.146850586, 221.588027954, 222.029205322, 222.481994629, 222.934783936, 223.375961304, 223.805526733, 224.235092163, 224.664672852, 225.082626343, 225.512191772, 225.930160522, 226.348114014, 226.766067505, 227.195648193, 227.625213623, 228.043167114, 228.472732544, 228.902313232, 229.331878662, 229.761444092, 230.179412842, 230.597366333, 231.015319824, 231.444900513, 231.874465942, 232.292419434, 232.710388184, 233.139953613, 233.569519043, 233.999084473, 234.428665161, 234.869842529, 235.299407959, 235.728973389, 236.14692688, 236.576507568, 237.006072998, 237.435638428, 237.853607178, 238.283172607, 238.701126099, 239.142303467, 239.595092773, 240.04788208, 240.500671387, 241.034729004, 241.58039856, 242.126068115, 242.671737671, 243.252243042, 243.786300659, 244.308746338, 244.831192017, 245.353652954, 245.89932251, 246.444976807]
