
metadata:
    version:
        essentia: "2.1-beta2"
    audio_properties:
        analysis_sample_rate: 44100
        bitrate: 320
        channels: 2
        equal_loudness: 1
        length: 262.922454834
        replay_gain: -13.2364673615
        downmix: "mix"
    tags:
        album: "Between Here & Lost"
        artist: "Love And Death"
        comment: ""
        date: "2012"
        genre: "Metal"
        title: "Bruises"
        tracknumber: "11"

configuration:
    average_loudness:
        compute: 1
        frameSize: 88200
        hopSize: 44100
        silentFrames: "noise"
        windowType: "hann"
    general:
        analysisSampleRate: 44100
        endTime: 2000
        equalLoudness: 1
        nequalLoudness: 0
        shortSound: 0
        startTime: 0
    lowlevel:
        compute: 1
        frameSize: 2048
        hopSize: 1024
        zeroPadding: 0
        silentFrames: "noise"
        windowType: "blackmanharris62"
        mfccStats: ["mean", "cov", "icov"]
        stats: ["mean", "var", "median", "min", "max", "dmean", "dmean2", "dvar", "dvar2"]
    panning:
        compute: 0
        frameSize: 8192
        hopSize: 2048
        zeroPadding: 8192
        silentFrames: "noise"
        windowType: "hann"
        stats: ["copy"]
    rhythm:
        compute: 1
        maxTempo: 208
        minTempo: 40
        method: "degara"
        stats: ["mean", "var", "median", "min", "max", "dmean", "dmean2", "dvar", "dvar2"]
    segmentation:
        compute: 0
        cpw: 5
        inc1: 300
        inc2: 50
        minimumSegmentsLength: 10
        size1: 1000
        size2: 600
    sfx:
        compute: 1
        stats: ["mean", "var", "median", "min", "max", "dmean", "dmean2", "dvar", "dvar2"]
    svm:
        compute: 0
    tonal:
        compute: 1
        frameSize: 4096
        hopSize: 2048
        zeroPadding: 0
        silentFrames: "noise"
        windowType: "blackmanharris62"
        stats: ["mean", "var", "median", "min", "max", "dmean", "dmean2", "dvar", "dvar2"]

lowlevel:
    average_loudness: 0.117249697447
    barkbands_kurtosis:
        dmean: 7.98857355118
        dmean2: 13.3918418884
        dvar: 613.381958008
        dvar2: 1698.77502441
        max: 1267.31689453
        mean: 17.1948986053
        median: 3.40432691574
        min: -1.89524555206
        var: 2072.28320313
    barkbands_skewness:
        dmean: 0.641077637672
        dmean2: 1.06114637852
        dvar: 0.873428463936
        dvar2: 2.49188876152
        max: 30.4365539551
        mean: 1.92533266544
        median: 1.41958963871
        min: -2.74948310852
        var: 8.34245872498
    barkbands_spread:
        dmean: 3.08863186836
        dmean2: 4.98012113571
        dvar: 19.0658302307
        dvar2: 44.5965805054
        max: 67.5560302734
        mean: 18.8016452789
        median: 12.5794057846
        min: 0.0548077486455
        var: 302.257537842
    dissonance:
        dmean: 0.0317819193006
        dmean2: 0.0551536306739
        dvar: 0.00234621553682
        dvar2: 0.00652921339497
        max: 0.500000178814
        mean: 0.437287181616
        median: 0.465402454138
        min: 0.110669247806
        var: 0.0051929843612
    hfc:
        dmean: 0.761874914169
        dmean2: 1.27882754803
        dvar: 3.48941659927
        dvar2: 9.48002433777
        max: 36.9258079529
        mean: 3.89426159859
        median: 0.185767591
        min: 1.05363017262e-016
        var: 41.1743888855
    pitch:
        dmean: 373.745025635
        dmean2: 714.869140625
        dvar: 811666.9375
        dvar2: 2155243.25
        max: 4808.30859375
        mean: 916.585266113
        median: 255.984634399
        min: 47.2332725525
        var: 1624339.625
    pitch_instantaneous_confidence:
        dmean: 0.0715847909451
        dmean2: 0.120997153223
        dvar: 0.00459023425356
        dvar2: 0.0126602081582
        max: 0.978401303291
        mean: 0.477947980165
        median: 0.420593321323
        min: 0.087029337883
        var: 0.0493310540915
    pitch_salience:
        dmean: 0.0582331381738
        dmean2: 0.0990015491843
        dvar: 0.0029951275792
        dvar2: 0.00878348108381
        max: 0.857575058937
        mean: 0.561838388443
        median: 0.595654368401
        min: 0.0712489113212
        var: 0.0237497836351
    silence_rate_20dB:
        dmean: 0
        dmean2: 0
        dvar: 0
        dvar2: 0
        max: 1
        mean: 1
        median: 1
        min: 1
        var: 0
    silence_rate_30dB:
        dmean: 0
        dmean2: 0
        dvar: 0
        dvar2: 0
        max: 1
        mean: 1
        median: 1
        min: 1
        var: 0
    silence_rate_60dB:
        dmean: 0.00618156138808
        dmean2: 0.0123642142862
        dvar: 0.00614330871031
        dvar2: 0.0150372665375
        max: 1
        mean: 0.728653430939
        median: 1
        min: 0
        var: 0.197726383805
    spectral_centroid:
        dmean: 124.515518188
        dmean2: 201.567962646
        dvar: 42837.6054688
        dvar2: 97883.3515625
        max: 11976.5644531
        mean: 1169.3828125
        median: 509.093902588
        min: 149.617950439
        var: 2968959.25
    spectral_complexity:
        dmean: 1.42864716053
        dmean2: 2.43363070488
        dvar: 5.93730115891
        dvar2: 15.6824111938
        max: 45
        mean: 8.56618118286
        median: 2
        min: 0
        var: 141.94241333
    spectral_crest:
        dmean: 1.95942091942
        dmean2: 3.3495619297
        dvar: 3.91457104683
        dvar2: 11.0587100983
        max: 26.8281574249
        mean: 11.5952720642
        median: 9.57595920563
        min: 2.42324995995
        var: 45.2943954468
    spectral_decrease:
        dmean: 1.0184551813e-010
        dmean2: 1.70980271608e-010
        dvar: 5.66645926086e-020
        dvar2: 1.55518278665e-019
        max: 1.83370534455e-028
        mean: -4.9847825867e-010
        median: -9.998359779e-011
        min: -4.58162885408e-009
        var: 5.05517110797e-019
    spectral_energy:
        dmean: 0.00043965052464
        dmean2: 0.00073799258098
        dvar: 1.05456138044e-006
        dvar2: 2.89292324851e-006
        max: 0.0197459608316
        mean: 0.00223458511755
        median: 0.00039760407526
        min: 9.9234224681e-021
        var: 1.05265271486e-005
    spectral_energyband_high:
        dmean: 5.70954034629e-005
        dmean2: 9.59593744483e-005
        dvar: 2.21018474633e-008
        dvar2: 5.92679576528e-008
        max: 0.00304139428772
        mean: 0.000190821490833
        median: 5.5125946119e-007
        min: 6.80758981256e-021
        var: 1.23337372315e-007
    spectral_energyband_low:
        dmean: 0.000132588727865
        dmean2: 0.000223164533963
        dvar: 9.39647719633e-008
        dvar2: 2.75416539353e-007
        max: 0.00459257373586
        mean: 0.000356975040631
        median: 4.38505630882e-005
        min: 8.08485082416e-024
        var: 2.73314128663e-007
    spectral_energyband_middle_high:
        dmean: 0.000222206785111
        dmean2: 0.00037056877045
        dvar: 2.65459391358e-007
        dvar2: 7.16427450698e-007
        max: 0.0110219055787
        mean: 0.00106558133848
        median: 3.43715364579e-005
        min: 1.06601336343e-021
        var: 3.19183664033e-006
    spectral_energyband_middle_low:
        dmean: 0.00025549903512
        dmean2: 0.00042373733595
        dvar: 4.29507281297e-007
        dvar2: 1.1631086636e-006
        max: 0.0115227401257
        mean: 0.000718518858775
        median: 0.000278810213786
        min: 1.39255103866e-022
        var: 1.1007567764e-006
    spectral_flatness_db:
        dmean: 0.0195454545319
        dmean2: 0.0328396968544
        dvar: 0.000439057301264
        dvar2: 0.00123113172594
        max: 0.622908830643
        mean: 0.265661478043
        median: 0.247158676386
        min: 0.0577906928957
        var: 0.0167534369975
    spectral_flux:
        dmean: 0.00308831175789
        dmean2: 0.00490450346842
        dvar: 2.42562564381e-005
        dvar2: 5.32571248186e-005
        max: 0.0993818715215
        mean: 0.0189484339207
        median: 0.00881366059184
        min: 6.26562968176e-011
        var: 0.000415155227529
    spectral_kurtosis:
        dmean: 9.51653385162
        dmean2: 16.3074645996
        dvar: 219.593780518
        dvar2: 617.922424316
        max: 248.139007568
        mean: 31.2521915436
        median: 10.4838151932
        min: -1.27101528645
        var: 1720.92346191
    spectral_rms:
        dmean: 0.000116716211778
        dmean2: 0.000194819673197
        dvar: 3.30961427153e-008
        dvar2: 8.77625510043e-008
        max: 0.00438911747187
        mean: 0.00109406118281
        median: 0.00062282133149
        min: 3.11149283422e-012
        var: 9.83114773589e-007
    spectral_rolloff:
        dmean: 208.48828125
        dmean2: 356.65057373
        dvar: 182768.765625
        dvar2: 408585.625
        max: 19616.7480469
        mean: 2038.84838867
        median: 624.462890625
        min: 172.265625
        var: 9023486
    spectral_skewness:
        dmean: 0.593367993832
        dmean2: 1.00462400913
        dvar: 0.578517019749
        dvar2: 1.59613120556
        max: 13.2554693222
        mean: 3.35135149956
        median: 2.20025753975
        min: -0.0959373190999
        var: 7.48327255249
    spectral_spread:
        dmean: 336005.875
        dmean2: 554901.25
        dvar: 300739559424
        dvar2: 669411770368
        max: 42712424
        mean: 3624953.25
        median: 2372348
        min: 401248.1875
        var: 3.64793676431e+013
    spectral_strongpeak:
        dmean: 0.146068990231
        dmean2: 0.258202135563
        dvar: 0.207748606801
        dvar2: 0.591162383556
        max: 7.48924541473
        mean: 0.201974034309
        median: 0.0820384472609
        min: 0
        var: 0.230670213699
    zerocrossingrate:
        dmean: 0.00470072031021
        dmean2: 0.00595795409754
        dvar: 4.92826366099e-005
        dvar2: 6.70827212161e-005
        max: 0.53515625
        mean: 0.0639818310738
        median: 0.0341796875
        min: 0.0068359375
        var: 0.0063999206759
    barkbands:
        dmean: [1.31778563173e-007, 5.0630493206e-005, 8.38816704345e-005, 7.59485410526e-005, 0.000129339663545, 5.01327049278e-005, 7.17088478268e-005, 3.96532013838e-005, 4.19431380578e-005, 3.22510495607e-005, 2.38328520936e-005, 2.39702330873e-005, 2.16943208216e-005, 3.22808191413e-005, 2.91435480904e-005, 4.57910246041e-005, 7.16879003448e-005, 7.16258291504e-005, 8.64879184519e-005, 6.78489886923e-005, 2.97615752061e-005, 1.02799585875e-005, 2.66276151706e-006, 7.39604843147e-007, 2.5404290227e-007, 9.2639096394e-009, 1.25164587028e-010]
        dmean2: [1.94767466155e-007, 8.34223756101e-005, 0.000139241717989, 0.000127777777379, 0.000224509421969, 8.59826759552e-005, 0.000117654039059, 6.57984201098e-005, 6.80538796587e-005, 5.19433597219e-005, 3.92230613215e-005, 3.89600354538e-005, 3.66954482161e-005, 5.43573369214e-005, 4.86847820866e-005, 7.73171559558e-005, 0.000121334822325, 0.000122138721053, 0.000148436942254, 0.000116951072414, 4.96892062074e-005, 1.73101689143e-005, 4.3129543883e-006, 1.12514430839e-006, 4.00973277692e-007, 1.4848549057e-008, 2.2487446627e-010]
        dvar: [2.82905778881e-013, 1.60039359542e-008, 3.94490839994e-008, 2.64616097922e-008, 1.99336724904e-007, 2.20445794952e-008, 3.43155406313e-008, 2.56762326956e-008, 3.06999048405e-008, 2.67219348871e-008, 9.99703519966e-009, 7.32741867182e-009, 6.7630470113e-009, 9.07954511575e-009, 7.75145991838e-009, 1.16522880234e-008, 2.86017360906e-008, 2.89183557101e-008, 3.89829004632e-008, 3.40347874328e-008, 5.37947819623e-009, 9.89275994456e-010, 8.4895424024e-011, 8.65074765294e-012, 8.09538525624e-013, 8.78846393022e-016, 9.25567994926e-020]
        dvar2: [5.60956283594e-013, 4.56200766052e-008, 1.14918108807e-007, 7.46431467746e-008, 5.6657023606e-007, 5.96452665036e-008, 7.72583845787e-008, 6.36403711951e-008, 7.44818464682e-008, 6.36435402157e-008, 2.35204478116e-008, 1.77788148648e-008, 1.88961912784e-008, 2.41738007389e-008, 1.99266256828e-008, 3.16276000945e-008, 8.0244959122e-008, 8.12859113353e-008, 1.12826299414e-007, 9.64771373901e-008, 1.41197533665e-008, 2.66697952611e-009, 2.12138112632e-010, 1.68343273349e-011, 1.7477191569e-012, 2.14817190423e-015, 2.84884259987e-019]
        max: [7.22579488865e-006, 0.00174972997047, 0.00306400796399, 0.00361978914589, 0.00870541110635, 0.00373627245426, 0.00487054232508, 0.00472390512004, 0.00516192242503, 0.00646823970601, 0.00583175430074, 0.00245302752592, 0.00443862518296, 0.00248790020123, 0.00266515882686, 0.00211709435098, 0.00376654486172, 0.00415932619944, 0.00317264557816, 0.00474175345153, 0.00171529850923, 0.000890674709808, 0.000329508155119, 0.000130094515043, 3.62057362508e-005, 7.37897494218e-007, 5.33243982304e-009]
        mean: [1.48531739796e-007, 0.000111415676656, 0.0001630269835, 0.000143827637658, 0.000206303375307, 8.64878238644e-005, 0.000124214580865, 6.07451074757e-005, 7.74789150455e-005, 5.59361033083e-005, 3.96182804252e-005, 4.21521144744e-005, 3.70197849406e-005, 5.93387958361e-005, 5.57412640774e-005, 0.000102514568425, 0.000169478618773, 0.000172001629835, 0.000242854453973, 0.000167066100403, 8.35249084048e-005, 2.42822716245e-005, 6.66755204293e-006, 2.02348951461e-006, 6.90911974743e-007, 2.31633396908e-008, 1.71513650504e-010]
        median: [6.40428510224e-009, 5.09687470185e-006, 1.36050502988e-005, 3.42889397871e-005, 0.000106052706542, 2.81001448457e-005, 3.97577969125e-005, 7.24357414583e-006, 3.91833464164e-006, 3.19028595186e-006, 1.8294962274e-006, 1.92846050595e-006, 2.67166751655e-006, 2.21456321015e-006, 1.76487981207e-006, 2.03620561479e-006, 2.79982123175e-006, 1.87577666111e-006, 1.40467852816e-006, 5.58578108212e-007, 2.33917191395e-007, 3.85669594039e-008, 7.43330508257e-009, 1.35412914215e-009, 3.14918507938e-010, 1.98990043193e-011, 9.93551855372e-012]
        min: [1.70023597659e-025, 1.70308679664e-024, 5.57105305573e-025, 1.38960146012e-024, 5.72496159328e-024, 7.91284995897e-024, 5.64482515822e-024, 1.05862340913e-023, 8.07258245936e-024, 1.06758218689e-023, 1.53125506323e-023, 8.3928292213e-024, 2.46717699612e-023, 2.35767868485e-023, 3.84390777642e-023, 4.48615825132e-023, 5.04514982192e-023, 7.09989834611e-023, 9.79317613052e-023, 1.38101044537e-022, 2.36060504327e-022, 2.59446405769e-022, 3.67863990216e-022, 5.88430862468e-022, 7.32177677219e-022, 1.22204232595e-021, 1.84730069909e-021]
        var: [3.64364435975e-013, 3.26515028348e-008, 8.33865243521e-008, 6.73896565218e-008, 1.88508451515e-007, 3.1565974723e-008, 8.26100858831e-008, 3.79607776324e-008, 6.79324045905e-008, 5.66581341843e-008, 1.89882687351e-008, 1.66945941515e-008, 1.11785238843e-008, 1.99235206111e-008, 1.88907005594e-008, 3.8160404614e-008, 9.97388625024e-008, 1.02030057292e-007, 1.81648914577e-007, 1.15875813833e-007, 2.50748666275e-008, 2.98315283587e-009, 2.7739707753e-010, 3.52114622182e-011, 3.2546151104e-012, 3.41133329199e-015, 1.41587665345e-019]
    frequency_bands:
        dmean: [1.31778563173e-007, 5.0630493206e-005, 8.38816704345e-005, 7.59485410526e-005, 0.000129339663545, 5.01327049278e-005, 7.17088478268e-005, 3.96532013838e-005, 4.19431380578e-005, 3.22510495607e-005, 2.38328520936e-005, 2.39702330873e-005, 2.16943208216e-005, 3.22808191413e-005, 2.91435480904e-005, 4.57910246041e-005, 7.16879003448e-005, 7.16258291504e-005, 8.64879184519e-005, 6.78489886923e-005, 2.97615752061e-005, 1.02799585875e-005, 2.66276151706e-006, 7.39604843147e-007, 2.5404290227e-007, 9.2639096394e-009, 1.25164587028e-010, 2.8348370526e-011]
        dmean2: [1.94767466155e-007, 8.34223756101e-005, 0.000139241717989, 0.000127777777379, 0.000224509421969, 8.59826759552e-005, 0.000117654039059, 6.57984201098e-005, 6.80538796587e-005, 5.19433597219e-005, 3.92230613215e-005, 3.89600354538e-005, 3.66954482161e-005, 5.43573369214e-005, 4.86847820866e-005, 7.73171559558e-005, 0.000121334822325, 0.000122138721053, 0.000148436942254, 0.000116951072414, 4.96892062074e-005, 1.73101689143e-005, 4.3129543883e-006, 1.12514430839e-006, 4.00973277692e-007, 1.4848549057e-008, 2.2487446627e-010, 5.26643971488e-011]
        dvar: [2.82905778881e-013, 1.60039359542e-008, 3.94490839994e-008, 2.64616097922e-008, 1.99336724904e-007, 2.20445794952e-008, 3.43155406313e-008, 2.56762326956e-008, 3.06999048405e-008, 2.67219348871e-008, 9.99703519966e-009, 7.32741867182e-009, 6.7630470113e-009, 9.07954511575e-009, 7.75145991838e-009, 1.16522880234e-008, 2.86017360906e-008, 2.89183557101e-008, 3.89829004632e-008, 3.40347874328e-008, 5.37947819623e-009, 9.89275994456e-010, 8.4895424024e-011, 8.65074765294e-012, 8.09538525624e-013, 8.78846393022e-016, 9.25567994926e-020, 5.39153213257e-021]
        dvar2: [5.60956283594e-013, 4.56200766052e-008, 1.14918108807e-007, 7.46431467746e-008, 5.6657023606e-007, 5.96452665036e-008, 7.72583845787e-008, 6.36403711951e-008, 7.44818464682e-008, 6.36435402157e-008, 2.35204478116e-008, 1.77788148648e-008, 1.88961912784e-008, 2.41738007389e-008, 1.99266256828e-008, 3.16276000945e-008, 8.0244959122e-008, 8.12859113353e-008, 1.12826299414e-007, 9.64771373901e-008, 1.41197533665e-008, 2.66697952611e-009, 2.12138112632e-010, 1.68343273349e-011, 1.7477191569e-012, 2.14817190423e-015, 2.84884259987e-019, 1.73738770195e-020]
        max: [7.22579488865e-006, 0.00174972997047, 0.00306400796399, 0.00361978914589, 0.00870541110635, 0.00373627245426, 0.00487054232508, 0.00472390512004, 0.00516192242503, 0.00646823970601, 0.00583175430074, 0.00245302752592, 0.00443862518296, 0.00248790020123, 0.00266515882686, 0.00211709435098, 0.00376654486172, 0.00415932619944, 0.00317264557816, 0.00474175345153, 0.00171529850923, 0.000890674709808, 0.000329508155119, 0.000130094515043, 3.62057362508e-005, 7.37897494218e-007, 5.33243982304e-009, 1.12688602893e-009]
        mean: [1.48531739796e-007, 0.000111415676656, 0.0001630269835, 0.000143827637658, 0.000206303375307, 8.64878238644e-005, 0.000124214580865, 6.07451074757e-005, 7.74789150455e-005, 5.59361033083e-005, 3.96182804252e-005, 4.21521144744e-005, 3.70197849406e-005, 5.93387958361e-005, 5.57412640774e-005, 0.000102514568425, 0.000169478618773, 0.000172001629835, 0.000242854453973, 0.000167066100403, 8.35249084048e-005, 2.42822716245e-005, 6.66755204293e-006, 2.02348951461e-006, 6.90911974743e-007, 2.31633396908e-008, 1.71513650504e-010, 2.18225749971e-011]
        median: [6.40428510224e-009, 5.09687470185e-006, 1.36050502988e-005, 3.42889397871e-005, 0.000106052706542, 2.81001448457e-005, 3.97577969125e-005, 7.24357414583e-006, 3.91833464164e-006, 3.19028595186e-006, 1.8294962274e-006, 1.92846050595e-006, 2.67166751655e-006, 2.21456321015e-006, 1.76487981207e-006, 2.03620561479e-006, 2.79982123175e-006, 1.87577666111e-006, 1.40467852816e-006, 5.58578108212e-007, 2.33917191395e-007, 3.85669594039e-008, 7.43330508257e-009, 1.35412914215e-009, 3.14918507938e-010, 1.98990043193e-011, 9.93551855372e-012, 1.95358920013e-012]
        min: [1.70023597659e-025, 1.70308679664e-024, 5.57105305573e-025, 1.38960146012e-024, 5.72496159328e-024, 7.91284995897e-024, 5.64482515822e-024, 1.05862340913e-023, 8.07258245936e-024, 1.06758218689e-023, 1.53125506323e-023, 8.3928292213e-024, 2.46717699612e-023, 2.35767868485e-023, 3.84390777642e-023, 4.48615825132e-023, 5.04514982192e-023, 7.09989834611e-023, 9.79317613052e-023, 1.38101044537e-022, 2.36060504327e-022, 2.59446405769e-022, 3.67863990216e-022, 5.88430862468e-022, 7.32177677219e-022, 1.22204232595e-021, 1.84730069909e-021, 4.23026874995e-022]
        var: [3.64364435975e-013, 3.26515028348e-008, 8.33865243521e-008, 6.73896565218e-008, 1.88508451515e-007, 3.1565974723e-008, 8.26100858831e-008, 3.79607776324e-008, 6.79324045905e-008, 5.66581341843e-008, 1.89882687351e-008, 1.66945941515e-008, 1.11785238843e-008, 1.99235206111e-008, 1.88907005594e-008, 3.8160404614e-008, 9.97388625024e-008, 1.02030057292e-007, 1.81648914577e-007, 1.15875813833e-007, 2.50748666275e-008, 2.98315283587e-009, 2.7739707753e-010, 3.52114622182e-011, 3.2546151104e-012, 3.41133329199e-015, 1.41587665345e-019, 3.9835451181e-021]
    mfcc:
        mean: [-873.610229492, 118.138961792, -7.89621019363, 31.2862739563, -3.13770771027, -13.2871713638, -10.88347435, -12.0838727951, -11.6004514694, -7.34834718704, -3.11939048767, -1.46415996552, -4.72775602341]
        cov: [[25079.203125, 495.598327637, -4955.42333984, 4043.70532227, 224.553070068, 1670.4276123, 1576.35693359, 1621.13012695, 1509.48937988, 829.903991699, 90.1745529175, -108.792251587, -3.50084066391], [495.598327637, 1897.44934082, 222.947433472, -58.6637458801, 290.351257324, 93.6899414063, 142.269515991, -23.7294483185, -87.5569915771, -151.633682251, -141.919662476, -162.33605957, -183.303695679], [-4955.42333984, 222.947433472, 1707.73547363, -840.33770752, -144.371109009, -270.357788086, -353.836914063, -337.716583252, -357.271942139, -227.905487061, -60.580783844, -42.4230804443, -62.0622558594], [4043.70532227, -58.6637458801, -840.33770752, 958.837341309, 95.6660842896, 248.205291748, 272.42956543, 269.323486328, 277.402404785, 142.632156372, -17.8336753845, -32.4344558716, 21.4227638245], [224.553070068, 290.351257324, -144.371109009, 95.6660842896, 259.969848633, 68.5214691162, 61.9016342163, 44.2080688477, 35.849395752, 5.02084302902, -36.3187026978, -36.1797790527, -20.7699432373], [1670.4276123, 93.6899414063, -270.357788086, 248.205291748, 68.5214691162, 350.278442383, 242.687316895, 168.134994507, 167.089782715, 116.499900818, 76.1718521118, 37.3071365356, 36.4516220093], [1576.35693359, 142.269515991, -353.836914063, 272.42956543, 61.9016342163, 242.687316895, 290.325897217, 187.8800354, 139.631774902, 77.947265625, 33.6170082092, 16.6157817841, 19.6963043213], [1621.13012695, -23.7294483185, -337.716583252, 269.323486328, 44.2080688477, 168.134994507, 187.8800354, 228.785476685, 160.638504028, 64.3897247314, 19.9032440186, 5.16434240341, 19.2158927917], [1509.48937988, -87.5569915771, -357.271942139, 277.402404785, 35.849395752, 167.089782715, 139.631774902, 160.638504028, 220.508987427, 141.933441162, 55.1927642822, 44.3464279175, 51.0062026978], [829.903991699, -151.633682251, -227.905487061, 142.632156372, 5.02084302902, 116.499900818, 77.947265625, 64.3897247314, 141.933441162, 169.617050171, 116.412666321, 88.772277832, 75.9666824341], [90.1745529175, -141.919662476, -60.580783844, -17.8336753845, -36.3187026978, 76.1718521118, 33.6170082092, 19.9032440186, 55.1927642822, 116.412666321, 181.901641846, 152.307647705, 98.181427002], [-108.792251587, -162.33605957, -42.4230804443, -32.4344558716, -36.1797790527, 37.3071365356, 16.6157817841, 5.16434240341, 44.3464279175, 88.772277832, 152.307647705, 184.599563599, 130.489089966], [-3.50084066391, -183.303695679, -62.0622558594, 21.4227638245, -20.7699432373, 36.4516220093, 19.6963043213, 19.2158927917, 51.0062026978, 75.9666824341, 98.181427002, 130.489089966, 139.568191528]]
        icov: [[0.000474953791127, -0.0005049117608, 0.000822787114885, -0.00113576988224, 0.00134151452221, -0.00150728679728, 0.00167251308449, -0.00212231604382, 0.00150719995145, -0.00176704826299, 0.00134051474743, -0.000946873798966, 0.000891716859769], [-0.0005049117608, 0.00145954010077, -0.00108737277333, 0.00120449461974, -0.00240933033638, 0.00171957479324, -0.00305058364756, 0.00339421420358, -0.00247855321504, 0.00324743147939, -0.00206261966377, 0.00103213638067, 1.55901561811e-005], [0.000822787114885, -0.00108737277333, 0.00275682052597, -0.00122235831805, 0.00289130373858, -0.00344922649674, 0.00401472998783, -0.00358448806219, 0.00330470013432, -0.00271297362633, 0.00251062377356, -0.00131462793797, 0.000996008282527], [-0.00113576988224, 0.00120449461974, -0.00122235831805, 0.00513932667673, -0.00308710057288, 0.00330763636157, -0.00432937825099, 0.00461431359872, -0.00466756662354, 0.00377581361681, -0.00218102079816, 0.00313419592567, -0.00287196948193], [0.00134151452221, -0.00240933033638, 0.00289130373858, -0.00308710057288, 0.00930771976709, -0.0055131833069, 0.00613376824185, -0.00727795250714, 0.00571346981451, -0.00714492797852, 0.006440020632, -0.00312899937853, 0.00178637634963], [-0.00150728679728, 0.00171957479324, -0.00344922649674, 0.00330763636157, -0.0055131833069, 0.0142702264711, -0.012545581907, 0.00864060875028, -0.00995288789272, 0.0077222767286, -0.010440393351, 0.0074091446586, -0.0039360774681], [0.00167251308449, -0.00305058364756, 0.00401472998783, -0.00432937825099, 0.00613376824185, -0.012545581907, 0.0211564414203, -0.0170927811414, 0.0127935642377, -0.0123575525358, 0.0107836825773, -0.00820538215339, 0.00417862553149], [-0.00212231604382, 0.00339421420358, -0.00358448806219, 0.00461431359872, -0.00727795250714, 0.00864060875028, -0.0170927811414, 0.0303428974003, -0.0245337169617, 0.0239837057889, -0.0166991539299, 0.0120460055768, -0.00660619838163], [0.00150719995145, -0.00247855321504, 0.00330470013432, -0.00466756662354, 0.00571346981451, -0.00995288789272, 0.0127935642377, -0.0245337169617, 0.038604836911, -0.033995307982, 0.0224072616547, -0.0144052514806, 0.00609116163105], [-0.00176704826299, 0.00324743147939, -0.00271297362633, 0.00377581361681, -0.00714492797852, 0.0077222767286, -0.0123575525358, 0.0239837057889, -0.033995307982, 0.0475493818521, -0.0320506766438, 0.0183185338974, -0.0102410558611], [0.00134051474743, -0.00206261966377, 0.00251062377356, -0.00218102079816, 0.006440020632, -0.010440393351, 0.0107836825773, -0.0166991539299, 0.0224072616547, -0.0320506766438, 0.0439603924751, -0.0329513214529, 0.0123776951805], [-0.000946873798966, 0.00103213638067, -0.00131462793797, 0.00313419592567, -0.00312899937853, 0.0074091446586, -0.00820538215339, 0.0120460055768, -0.0144052514806, 0.0183185338974, -0.0329513214529, 0.044082634151, -0.0253762118518], [0.000891716859769, 1.55901561811e-005, 0.000996008282527, -0.00287196948193, 0.00178637634963, -0.0039360774681, 0.00417862553149, -0.00660619838163, 0.00609116163105, -0.0102410558611, 0.0123776951805, -0.0253762118518, 0.0280715133995]]
    sccoeffs:
        dmean: [0.0400349609554, 0.0417186804116, 0.0294154230505, 0.0241242665797, 0.0167608782649, 0.0133906528354]
        dmean2: [0.0687025412917, 0.0709563270211, 0.0494367666543, 0.0404182225466, 0.0278803445399, 0.0220063365996]
        dvar: [0.00117045862135, 0.00119271583389, 0.000612209900282, 0.000394824921386, 0.00021627053502, 0.00015417583927]
        dvar2: [0.00340400775895, 0.00341871473938, 0.00168313167524, 0.00108147133142, 0.000564933579881, 0.000392184971133]
        max: [-0.293776273727, -0.470096945763, -0.548023700714, -0.646097540855, -0.637467682362, -0.629826486111]
        mean: [-0.625481903553, -0.728402256966, -0.820665895939, -0.811207413673, -0.827342271805, -0.791116416454]
        median: [-0.634259581566, -0.729130685329, -0.822818934917, -0.809485852718, -0.81956166029, -0.773711442947]
        min: [-0.979754030704, -0.978697240353, -0.981554150581, -0.975525259972, -0.969919025898, -0.965189993382]
        var: [0.0145953018218, 0.0063583641313, 0.00314585003071, 0.00205259420909, 0.00256038224325, 0.00460396520793]
    scvalleys:
        dmean: [0.363074332476, 0.32204285264, 0.280303955078, 0.237624064088, 0.195512786508, 0.202181622386]
        dmean2: [0.624297857285, 0.547226727009, 0.466831833124, 0.389873236418, 0.308088600636, 0.301972359419]
        dvar: [0.0998777672648, 0.0759105160832, 0.0669629201293, 0.0621881261468, 0.0736710205674, 0.0896015837789]
        dvar2: [0.273609369993, 0.20256575942, 0.159113660455, 0.136451557279, 0.143977373838, 0.176461994648]
        max: [-5.09258890152, -4.51292562485, -5.07528066635, -5.72935819626, -5.56553077698, -7.64161348343]
        mean: [-9.05922985077, -8.20052814484, -9.07854270935, -9.40246486664, -9.80251121521, -12.9199323654]
        median: [-7.77763319016, -7.7095746994, -8.47794914246, -8.80443191528, -9.6066160202, -13.2965974808]
        min: [-29.3042755127, -28.1124515533, -27.9838180542, -27.7477111816, -27.5383262634, -27.457529068]
        var: [14.1489648819, 11.1758880615, 11.3384571075, 12.0963945389, 13.7392511368, 11.3302850723]

rhythm:
    beats_loudness:
        dmean: 0.000970782246441
        dmean2: 0.00169544992968
        dvar: 2.26614611165e-006
        dvar2: 6.40279813524e-006
        max: 0.0127707803622
        mean: 0.00244800955988
        median: 0.00051886838628
        min: 0
        var: 1.15015727715e-005
    bpm: 108.684837341
    bpm_confidence: 0
    first_peak_bpm: 110
    first_peak_spread: 0.473821997643
    first_peak_weight: 0.423157900572
    onset_rate: 1.40345561504
    second_peak_bpm: 105
    second_peak_spread: 0.254237264395
    second_peak_weight: 0.0926315784454
    beats_loudness_band_ratio:
        dmean: [0.118620835245, 0.117394201458, 0.084140971303, 0.045522313565, 0.0620060265064, 0.0505289360881]
        dmean2: [0.19171898067, 0.197670549154, 0.142771810293, 0.0797710195184, 0.108583949506, 0.0875779390335]
        dvar: [0.0145001420751, 0.015587290749, 0.0114411478862, 0.00462756399065, 0.00654777418822, 0.00646095955744]
        dvar2: [0.0364581085742, 0.0386545695364, 0.0258741676807, 0.0122740007937, 0.0186656583101, 0.0172933172435]
        max: [0.861594259739, 0.97110581398, 0.997156500816, 0.461644589901, 0.540232360363, 0.501697361469]
        mean: [0.234230935574, 0.297223836184, 0.235460400581, 0.055278737098, 0.121495097876, 0.0932342633605]
        median: [0.184630945325, 0.192964226007, 0.112124986947, 0.0335450768471, 0.054641187191, 0.0104101942852]
        min: [0, 0, 0, 0, 0, 0]
        var: [0.0394911617041, 0.0802901685238, 0.0844257771969, 0.00491253798828, 0.0185117628425, 0.0156582966447]
    beats_position: [0.615328788757, 1.24226760864, 1.86920630932, 2.48453521729, 3.11147379875, 3.73841261864, 4.3653512001, 5.01551008224, 5.66566896439, 6.31582736969, 6.9543762207, 7.59292507172, 8.24308395386, 8.893242836, 9.43891143799, 9.97297000885, 10.5418596268, 11.110748291, 11.6796369553, 12.2601356506, 12.840634346, 13.4095239639, 13.966802597, 14.512471199, 15.0697498322, 15.6270294189, 16.1726989746, 16.7183666229, 17.2640361786, 17.7980957031, 18.3437633514, 18.9010429382, 19.458322525, 20.0156002045, 20.5728797913, 21.1301574707, 21.6758270264, 22.2331066132, 22.7787742615, 23.312833786, 23.8817234039, 24.4506111145, 24.9962806702, 25.5303401947, 26.076007843, 26.6332874298, 27.1905670166, 27.7362346649, 28.2819042206, 28.8391838074, 29.3848514557, 29.9305210114, 30.476190567, 31.0218582153, 31.5791378021, 32.1364173889, 32.6936950684, 33.239364624, 33.7966423035, 34.3423118591, 34.8879814148, 35.4336509705, 35.9793205261, 36.5249862671, 37.0706558228, 37.6163253784, 38.1619949341, 38.7192726135, 39.2765541077, 39.8222198486, 40.3795013428, 40.9367790222, 41.4824485779, 42.0397262573, 42.5970077515, 43.1426734924, 43.6883430481, 44.2456245422, 44.7912902832, 45.3369598389, 45.8826293945, 46.439907074, 46.9855766296, 47.5312461853, 48.0885238647, 48.6341934204, 49.1798629761, 49.7371406555, 50.2944221497, 50.8516998291, 51.4089775085, 51.9662590027, 52.5119247437, 53.0575942993, 53.603263855, 54.1489334106, 54.6946029663, 55.240272522, 55.7859382629, 56.3316078186, 56.8888893127, 57.4345550537, 57.9802246094, 58.5375061035, 59.094783783, 59.6636734009, 60.2325630188, 60.801448822, 61.3471183777, 61.8927879333, 62.4268455505, 62.9725151062, 63.5065765381, 64.0522460938, 64.5979156494, 65.1435852051, 65.7008590698, 66.258140564, 66.8038101196, 67.3494796753, 67.90675354, 68.4524230957, 69.0097045898, 69.5553741455, 70.1126480103, 70.6699295044, 71.2272109985, 71.7728805542, 72.3185501099, 72.8642196655, 73.4098815918, 73.9555511475, 74.5012207031, 75.0468902588, 75.6041717529, 76.1614532471, 76.7187271118, 77.2643966675, 77.8332901001, 78.3905639648, 78.9362335205, 79.4819030762, 80.0391845703, 80.584854126, 81.1305236816, 81.6877975464, 82.2334671021, 82.7791366577, 83.3131942749, 83.8588638306, 84.4045333862, 84.9618148804, 85.5190887451, 86.0763702393, 86.6220397949, 87.1793212891, 87.7249908447, 88.2822647095, 88.8395462036, 89.3852157593, 89.942489624, 90.4881591797, 91.0454406738, 91.5911102295, 92.1367797852, 92.6824493408, 93.2281188965, 93.7853927612, 94.3426742554, 94.888343811, 95.4456253052, 95.9912872314, 96.5485687256, 97.0942382813, 97.6399078369, 98.1971893311, 98.7428588867, 99.288520813, 99.8341903687, 100.379859924, 100.937141418, 101.494422913, 102.040092468, 102.597366333, 103.154647827, 103.700317383, 104.245986938, 104.791656494, 105.348930359, 105.894599915, 106.44026947, 106.997550964, 107.554824829, 108.100494385, 108.64616394, 109.203445435, 109.74911499, 110.294784546, 110.852058411, 111.397727966, 111.943397522, 112.500679016, 113.046348572, 113.592018127, 114.149291992, 114.706573486, 115.252243042, 115.797912598, 116.343582153, 116.889251709, 117.446525574, 118.003807068, 118.549476624, 119.095146179, 119.640815735, 120.1980896, 120.755371094, 121.312652588, 121.869926453, 122.415596008, 122.961265564, 123.518547058, 124.075828552, 124.621498108, 125.167160034, 125.71282959, 126.258499146, 126.804168701, 127.361450195, 127.907119751, 128.452789307, 129.010070801, 129.567337036, 130.113006592, 130.670288086, 131.215957642, 131.761627197, 132.318908691, 132.876190186, 133.421859741, 133.979141235, 134.536407471, 135.082077026, 135.627746582, 136.173416138, 136.707473755, 137.264755249, 137.822036743, 138.379318237, 138.924987793, 139.470657349, 140.016326904, 140.573608398, 141.130874634, 141.688156128, 142.245437622, 142.791107178, 143.348388672, 143.894058228, 144.439727783, 144.985397339, 145.542678833, 146.088348389, 146.634017944, 147.19128418, 147.736953735, 148.282623291, 148.839904785, 149.385574341, 149.931243896, 150.488525391, 151.045806885, 151.59147644, 152.137145996, 152.682815552, 153.228485107, 153.785751343, 154.331420898, 154.888702393, 155.434371948, 155.991653442, 156.537322998, 157.082992554, 157.640274048, 158.185943604, 158.731613159, 159.288879395, 159.846160889, 160.403442383, 160.949111938, 161.494781494, 162.052062988, 162.597732544, 163.155014038, 163.700683594, 164.246353149, 164.803619385, 165.34928894, 165.894958496, 166.440628052, 166.997909546, 167.543579102, 168.089248657, 168.646530151, 169.192199707, 169.737869263, 170.295150757, 170.852416992, 171.409698486, 171.955368042, 172.512649536, 173.058319092, 173.603988647, 174.138046265, 174.68371582, 175.240997314, 175.78666687, 176.332336426, 176.88961792, 177.446884155, 178.004165649, 178.549835205, 179.107116699, 179.652786255, 180.198455811, 180.744125366, 181.289794922, 181.800628662, 182.311477661, 182.880355835, 183.449249268, 184.0181427, 184.587020874, 185.155914307, 185.713195801, 186.270477295, 186.816146851, 187.361816406, 187.919082642, 188.464752197, 189.022033691, 189.567703247, 190.124984741, 190.659042358, 191.216323853, 191.773605347, 192.330886841, 192.864944458, 193.422225952, 193.967880249, 194.525161743, 195.070831299, 195.628112793, 196.173782349, 196.731063843, 197.276733398, 197.822402954, 198.379684448, 198.925354004, 199.482620239, 200.039901733, 200.573959351, 201.131240845, 201.6769104, 202.234191895, 202.77986145, 203.337142944, 203.871200562, 204.416870117, 204.962539673, 205.519821167, 206.077087402, 206.634368896, 207.180038452, 207.725708008, 208.282989502, 208.840270996, 209.39755249, 209.954818726, 210.500488281, 211.046157837, 211.580215454, 212.137496948, 212.683166504, 213.240447998, 213.786117554, 214.343399048, 214.889068604, 215.434738159, 215.980407715, 216.526077271, 217.083358765, 217.640625, 218.197906494, 218.755187988, 219.289245605, 219.8465271, 220.392196655, 220.937866211, 221.495147705, 222.052429199, 222.598098755, 223.143753052, 223.689422607, 224.235092163, 224.792373657, 225.36126709, 225.941757202, 226.510650635, 227.091156006, 227.671646118, 228.252151489, 228.832641602, 229.424758911, 230.016860962, 230.585754395, 231.166259766, 231.735137939, 232.304031372, 232.884536743, 233.453414917, 234.02230835, 234.591201782, 235.160079956, 235.728973389, 236.30947876, 236.889968872, 237.458862305, 238.027755737, 238.596633911, 239.165527344, 239.734420776, 240.30329895, 240.872192383, 241.441085815, 241.99836731, 242.555648804, 243.124526978, 243.69342041, 244.262313843, 244.831192017, 245.400085449, 245.968978882, 246.537857056, 247.106750488, 247.664031982, 248.221313477, 248.790206909, 249.347473145, 249.904754639, 250.473648071, 251.042541504, 251.634643555, 252.226745605, 252.7840271, 253.341308594, 253.898590088, 254.38621521, 254.873825073, 255.373062134, 255.802627563, 256.232208252, 256.650146484, 257.079711914, 257.462860107, 257.85760498, 258.252319336, 258.681884766, 259.111480713, 259.552642822, 259.993835449, 260.434997559, 260.876190186, 261.317352295, 261.758544922, 262.199737549]
