
metadata:
    version:
        essentia: "2.1-beta2"
    audio_properties:
        analysis_sample_rate: 44100
        bitrate: 192
        channels: 2
        equal_loudness: 1
        length: 260.336334229
        replay_gain: -14.8047904968
        downmix: "mix"
    tags:
        album: "Matrix Reloaded"
        artist: "Marylin Manson"
        comment: ""
        date: "2003"
        genre: "Soundtrack"
        title: "This Is The New Shit"
        tracknumber: "2"

configuration:
    average_loudness:
        compute: 1
        frameSize: 88200
        hopSize: 44100
        silentFrames: "noise"
        windowType: "hann"
    general:
        analysisSampleRate: 44100
        endTime: 2000
        equalLoudness: 1
        nequalLoudness: 0
        shortSound: 0
        startTime: 0
    lowlevel:
        compute: 1
        frameSize: 2048
        hopSize: 1024
        zeroPadding: 0
        silentFrames: "noise"
        windowType: "blackmanharris62"
        mfccStats: ["mean", "cov", "icov"]
        stats: ["mean", "var", "median", "min", "max", "dmean", "dmean2", "dvar", "dvar2"]
    panning:
        compute: 0
        frameSize: 8192
        hopSize: 2048
        zeroPadding: 8192
        silentFrames: "noise"
        windowType: "hann"
        stats: ["copy"]
    rhythm:
        compute: 1
        maxTempo: 208
        minTempo: 40
        method: "degara"
        stats: ["mean", "var", "median", "min", "max", "dmean", "dmean2", "dvar", "dvar2"]
    segmentation:
        compute: 0
        cpw: 5
        inc1: 300
        inc2: 50
        minimumSegmentsLength: 10
        size1: 1000
        size2: 600
    sfx:
        compute: 1
        stats: ["mean", "var", "median", "min", "max", "dmean", "dmean2", "dvar", "dvar2"]
    svm:
        compute: 0
    tonal:
        compute: 1
        frameSize: 4096
        hopSize: 2048
        zeroPadding: 0
        silentFrames: "noise"
        windowType: "blackmanharris62"
        stats: ["mean", "var", "median", "min", "max", "dmean", "dmean2", "dvar", "dvar2"]

lowlevel:
    average_loudness: 0.623457074165
    barkbands_kurtosis:
        dmean: 6.31930017471
        dmean2: 10.9363937378
        dvar: 8676.39746094
        dvar2: 23954.0996094
        max: 5049.84912109
        mean: 6.28491258621
        median: -0.544052779675
        min: -1.93537652493
        var: 11957.7763672
    barkbands_skewness:
        dmean: 0.604359567165
        dmean2: 0.915844917297
        dvar: 1.45250999928
        dvar2: 3.72164678574
        max: 49.2597846985
        mean: -0.0526356063783
        median: -0.387877494097
        min: -7.39464855194
        var: 3.05620288849
    barkbands_spread:
        dmean: 6.88222455978
        dmean2: 10.83452034
        dvar: 58.4066886902
        dvar2: 133.287445068
        max: 93.656578064
        mean: 29.4232616425
        median: 28.9436073303
        min: 0.00882049463689
        var: 194.421783447
    dissonance:
        dmean: 0.0130792595446
        dmean2: 0.0221506394446
        dvar: 0.000517671869602
        dvar2: 0.00140492175706
        max: 0.500000238419
        mean: 0.47793751955
        median: 0.489132761955
        min: 0.0635347962379
        var: 0.00165529199876
    hfc:
        dmean: 2.16801261902
        dmean2: 3.39765000343
        dvar: 12.633687973
        dvar2: 32.3524055481
        max: 52.3376960754
        mean: 7.00402498245
        median: 3.33459281921
        min: 1.0846509676e-016
        var: 61.9421653748
    pitch:
        dmean: 898.614624023
        dmean2: 1684.32861328
        dvar: 1600291
        dvar2: 3673949
        max: 5983.63525391
        mean: 1813.1862793
        median: 1036.3581543
        min: 43.0467262268
        var: 2484227.25
    pitch_instantaneous_confidence:
        dmean: 0.0850359424949
        dmean2: 0.13981038332
        dvar: 0.00612552277744
        dvar2: 0.0150463609025
        max: 0.981425881386
        mean: 0.357746392488
        median: 0.316742420197
        min: 0.0214347839355
        var: 0.0254279654473
    pitch_salience:
        dmean: 0.0591050758958
        dmean2: 0.0963886752725
        dvar: 0.00356223853305
        dvar2: 0.00874244421721
        max: 0.946151554585
        mean: 0.683375716209
        median: 0.719882547855
        min: 0.035770341754
        var: 0.0151156578213
    silence_rate_20dB:
        dmean: 0
        dmean2: 0
        dvar: 0
        dvar2: 0
        max: 1
        mean: 1
        median: 1
        min: 1
        var: 0
    silence_rate_30dB:
        dmean: 0
        dmean2: 0
        dvar: 0
        dvar2: 0
        max: 1
        mean: 1
        median: 1
        min: 1
        var: 0
    silence_rate_60dB:
        dmean: 0.0360328219831
        dmean2: 0.0720720738173
        dvar: 0.0347362346947
        dvar2: 0.0815031081438
        max: 1
        mean: 0.621154010296
        median: 1
        min: 0
        var: 0.235333576798
    spectral_centroid:
        dmean: 339.761627197
        dmean2: 509.043884277
        dvar: 200797.6875
        dvar2: 371762.71875
        max: 11352.6601563
        mean: 1883.69799805
        median: 2025.35327148
        min: 97.0247955322
        var: 883769.1875
    spectral_complexity:
        dmean: 3.21994280815
        dmean2: 5.05949497223
        dvar: 15.9707870483
        dvar2: 36.677192688
        max: 54
        mean: 12.9690542221
        median: 6
        min: 0
        var: 175.855484009
    spectral_crest:
        dmean: 1.91895520687
        dmean2: 3.14294934273
        dvar: 3.74243378639
        dvar2: 9.18818473816
        max: 26.935754776
        mean: 6.90992450714
        median: 5.7850522995
        min: 2.40843200684
        var: 13.2416143417
    spectral_decrease:
        dmean: 1.90860827143e-010
        dmean2: 2.99422847627e-010
        dvar: 9.55665543125e-020
        dvar2: 2.50715987972e-019
        max: 1.15480059468e-028
        mean: -6.67101762719e-010
        median: -3.91659593646e-010
        min: -4.42149161728e-009
        var: 4.553079197e-019
    spectral_energy:
        dmean: 0.000901403254829
        dmean2: 0.00141006405465
        dvar: 2.11775068237e-006
        dvar2: 5.5266259551e-006
        max: 0.0213650725782
        mean: 0.00315309199505
        median: 0.0017835223116
        min: 1.0102200917e-020
        var: 1.04879691207e-005
    spectral_energyband_high:
        dmean: 0.000171490901266
        dmean2: 0.000282024120679
        dvar: 1.00814787629e-007
        dvar2: 2.63150553792e-007
        max: 0.00537648750469
        mean: 0.000353245937731
        median: 0.000192832987523
        min: 7.02708267278e-021
        var: 2.0460522876e-007
    spectral_energyband_low:
        dmean: 0.000135982132633
        dmean2: 0.000224188217544
        dvar: 5.62210509258e-008
        dvar2: 1.50575260704e-007
        max: 0.00264853215776
        mean: 0.000249151897151
        median: 0.000144465942867
        min: 2.15698963067e-023
        var: 1.03311656119e-007
    spectral_energyband_middle_high:
        dmean: 0.000573733064812
        dmean2: 0.000889095303137
        dvar: 7.71909810737e-007
        dvar2: 1.92330935533e-006
        max: 0.015302487649
        mean: 0.0019988657441
        median: 0.000890878669452
        min: 1.2539464358e-021
        var: 5.58861847821e-006
    spectral_energyband_middle_low:
        dmean: 0.000302504195133
        dmean2: 0.000496572814882
        dvar: 3.84015606869e-007
        dvar2: 1.03500315163e-006
        max: 0.00980506557971
        mean: 0.000648121873382
        median: 0.000434129033238
        min: 2.2088274478e-022
        var: 5.93503159507e-007
    spectral_flatness_db:
        dmean: 0.020209480077
        dmean2: 0.0301308613271
        dvar: 0.000656932475977
        dvar2: 0.00130854686722
        max: 0.690305173397
        mean: 0.148752167821
        median: 0.129331186414
        min: 0.0529315620661
        var: 0.00493198633194
    spectral_flux:
        dmean: 0.00601562019438
        dmean2: 0.00893440749496
        dvar: 5.05976568093e-005
        dvar2: 0.000100677309092
        max: 0.109597183764
        mean: 0.0320364050567
        median: 0.0292696226388
        min: 6.43470138284e-011
        var: 0.000394445611164
    spectral_kurtosis:
        dmean: 2.39671516418
        dmean2: 3.87860369682
        dvar: 65.7149658203
        dvar2: 166.637252808
        max: 377.45993042
        mean: 6.47517967224
        median: 3.89874982834
        min: -1.25411128998
        var: 310.217163086
    spectral_rms:
        dmean: 0.000241526184254
        dmean2: 0.000358240300557
        dvar: 7.86787097695e-008
        dvar2: 1.90262639421e-007
        max: 0.00456551974639
        mean: 0.0014984094305
        median: 0.00131909886841
        min: 3.13939564449e-012
        var: 8.30939484331e-007
    spectral_rolloff:
        dmean: 490.364837646
        dmean2: 777.25201416
        dvar: 655428
        dvar2: 1287195.5
        max: 19315.2832031
        mean: 3239.70849609
        median: 3509.91210938
        min: 64.599609375
        var: 2205468.25
    spectral_skewness:
        dmean: 0.272751927376
        dmean2: 0.418359726667
        dvar: 0.20179477334
        dvar2: 0.43019336462
        max: 16.741563797
        mean: 1.61355578899
        median: 1.43748641014
        min: -0.257273554802
        var: 1.37604749203
    spectral_spread:
        dmean: 713072.8125
        dmean2: 1039066.5
        dvar: 1.2724296745e+012
        dvar2: 2.40667643085e+012
        max: 42307760
        mean: 4915501.5
        median: 4650424
        min: 359134.34375
        var: 5.70994458624e+012
    spectral_strongpeak:
        dmean: 0.349614679813
        dmean2: 0.610231459141
        dvar: 0.329604685307
        dvar2: 0.896627128124
        max: 6.09755659103
        mean: 0.441507488489
        median: 0.151728540659
        min: 0
        var: 0.436843544245
    zerocrossingrate:
        dmean: 0.0116279488429
        dmean2: 0.0130003197119
        dvar: 0.000223642477067
        dvar2: 0.00026257080026
        max: 0.52294921875
        mean: 0.101361140609
        median: 0.10888671875
        min: 0.00341796875
        var: 0.0018350557657
    barkbands:
        dmean: [7.46448563405e-007, 4.09749663959e-005, 8.11438949313e-005, 8.13500882941e-005, 0.000133393361466, 6.46260086796e-005, 7.27872975403e-005, 5.39979337191e-005, 4.5633969421e-005, 5.5737717048e-005, 4.47982965852e-005, 3.3662228816e-005, 3.64313782484e-005, 5.02703842358e-005, 8.84071559994e-005, 0.000126507409732, 0.000143700075569, 0.00020162720466, 0.000164593395311, 0.000138608884299, 7.99011395429e-005, 2.49451932177e-005, 9.30373698793e-006, 2.86120666715e-006, 1.55467876084e-006, 5.87866892943e-008, 1.05789310645e-009]
        dmean2: [1.19713411095e-006, 7.18350202078e-005, 0.000135070149554, 0.000130685861222, 0.000227199343499, 0.000108791762614, 0.000124298952869, 9.02680039871e-005, 7.65643853811e-005, 9.26118082134e-005, 7.41339827073e-005, 5.59853106097e-005, 6.01010215178e-005, 8.24338640086e-005, 0.000144498539157, 0.000208983445191, 0.000238974840613, 0.000328048685333, 0.000269650743576, 0.000226991804084, 0.000131434935611, 4.11014480051e-005, 1.47589671542e-005, 4.42463169747e-006, 2.29663487517e-006, 8.78668302562e-008, 1.63173485834e-009]
        dvar: [2.35215362812e-012, 8.09049804928e-009, 2.13426556428e-008, 2.01800798294e-008, 1.33699089133e-007, 1.55240957866e-008, 3.71183084269e-008, 2.75067737476e-008, 9.57360946074e-009, 1.57613939678e-008, 1.04011510516e-008, 4.7538657455e-009, 5.15687137437e-009, 8.51758930054e-009, 3.19908401991e-008, 5.87490518456e-008, 6.59870238451e-008, 1.38724999488e-007, 7.53123714503e-008, 6.06083645494e-008, 2.02404208949e-008, 2.75883293988e-009, 2.49225889926e-010, 2.68090532413e-011, 8.4547681356e-012, 1.60024141019e-014, 6.68806958112e-018]
        dvar2: [6.77083215883e-012, 2.29458816392e-008, 5.85144270815e-008, 5.02515966616e-008, 3.6725086261e-007, 4.18697609916e-008, 1.02811362979e-007, 7.88977629895e-008, 2.53095908676e-008, 4.35908340535e-008, 2.84057417588e-008, 1.27553683171e-008, 1.3623864703e-008, 2.14511466368e-008, 8.44679348688e-008, 1.60376771419e-007, 1.75935838342e-007, 3.73076716187e-007, 1.98291601805e-007, 1.57774834975e-007, 5.3082334972e-008, 7.08308256492e-009, 5.86194315311e-010, 5.83269335608e-011, 1.68531699013e-011, 3.41943812675e-014, 1.55399576179e-017]
        max: [1.6049198166e-005, 0.00109425454866, 0.00205243891105, 0.00411271862686, 0.0059874150902, 0.00234889890999, 0.00401590485126, 0.00795617792755, 0.00199612020515, 0.00231652893126, 0.00191545160487, 0.00167577411048, 0.00223785405979, 0.00242490880191, 0.00342414528131, 0.00404390413314, 0.00611575134099, 0.00777603313327, 0.00427114451304, 0.00420219963416, 0.00216432404704, 0.0010289370548, 0.000255043560173, 9.8037889984e-005, 9.17835059226e-005, 3.22322966895e-006, 4.30187334644e-008]
        mean: [9.44211421938e-007, 5.10302234034e-005, 0.000119494186947, 0.000129840613226, 0.000176116838702, 0.000100886369182, 8.432463801e-005, 7.58422684157e-005, 6.46607732051e-005, 7.90664853412e-005, 6.38238125248e-005, 5.16317086294e-005, 5.87988361076e-005, 8.5949061031e-005, 0.00016031031555, 0.000252683676081, 0.000295581558021, 0.000431238935562, 0.000371905247448, 0.000283774017589, 0.000152150445501, 4.15176000388e-005, 1.34747651828e-005, 5.05543266627e-006, 2.8708618629e-006, 1.12856135104e-007, 1.68554081803e-009]
        median: [3.12220294063e-007, 2.34148828895e-005, 5.44332142454e-005, 4.76533423353e-005, 8.01063142717e-005, 4.71025705338e-005, 3.07607988361e-005, 2.42421338044e-005, 2.68431613222e-005, 1.99244004762e-005, 1.74399719981e-005, 1.98888374143e-005, 2.5557979825e-005, 3.90806162613e-005, 5.33245765837e-005, 7.70051192376e-005, 9.67249216046e-005, 0.000136947943247, 0.000122254321468, 0.00012653649901, 7.66836310504e-005, 1.51887161337e-005, 4.96122402183e-006, 1.95965753846e-006, 9.63360776041e-007, 2.94162436631e-008, 3.38246847198e-010]
        min: [5.72860583484e-025, 2.86055617324e-024, 2.58741505696e-024, 3.10114080275e-024, 1.45534439827e-023, 2.54121096099e-023, 1.54651794402e-023, 1.4423998219e-023, 1.63592759679e-023, 1.36953621107e-023, 2.21750614838e-023, 4.02829044461e-023, 4.35181429252e-023, 5.24378909993e-023, 8.50196102779e-023, 6.06010331129e-023, 7.62365970423e-023, 1.23784998778e-022, 1.18766871544e-022, 1.76628152868e-022, 3.12319271516e-022, 3.40377678141e-022, 4.34195252147e-022, 5.51924399258e-022, 9.15448821458e-022, 1.3211015462e-021, 1.93870355093e-021]
        var: [2.86634041155e-012, 7.46492645476e-009, 3.42243104967e-008, 4.37180140977e-008, 1.19050227454e-007, 2.37158399585e-008, 3.28513038994e-008, 5.12590858648e-008, 1.44572034344e-008, 2.70976716621e-008, 1.71916472169e-008, 7.85535814174e-009, 9.4820702401e-009, 1.79532122502e-008, 7.19175687891e-008, 1.66741614294e-007, 1.84516053992e-007, 4.12088269286e-007, 2.35300362306e-007, 1.40415082228e-007, 4.08786604567e-008, 4.65600935584e-009, 4.63205418466e-010, 6.24956891793e-011, 2.17881129805e-011, 4.09812259811e-014, 1.16445250582e-017]
    frequency_bands:
        dmean: [7.46448563405e-007, 4.09749663959e-005, 8.11438949313e-005, 8.13500882941e-005, 0.000133393361466, 6.46260086796e-005, 7.27872975403e-005, 5.39979337191e-005, 4.5633969421e-005, 5.5737717048e-005, 4.47982965852e-005, 3.3662228816e-005, 3.64313782484e-005, 5.02703842358e-005, 8.84071559994e-005, 0.000126507409732, 0.000143700075569, 0.00020162720466, 0.000164593395311, 0.000138608884299, 7.99011395429e-005, 2.49451932177e-005, 9.30373698793e-006, 2.86120666715e-006, 1.55467876084e-006, 5.87866892943e-008, 1.05789310645e-009, 3.68767863468e-011]
        dmean2: [1.19713411095e-006, 7.18350202078e-005, 0.000135070149554, 0.000130685861222, 0.000227199343499, 0.000108791762614, 0.000124298952869, 9.02680039871e-005, 7.65643853811e-005, 9.26118082134e-005, 7.41339827073e-005, 5.59853106097e-005, 6.01010215178e-005, 8.24338640086e-005, 0.000144498539157, 0.000208983445191, 0.000238974840613, 0.000328048685333, 0.000269650743576, 0.000226991804084, 0.000131434935611, 4.11014480051e-005, 1.47589671542e-005, 4.42463169747e-006, 2.29663487517e-006, 8.78668302562e-008, 1.63173485834e-009, 6.85932491362e-011]
        dvar: [2.35215362812e-012, 8.09049804928e-009, 2.13426556428e-008, 2.01800798294e-008, 1.33699089133e-007, 1.55240957866e-008, 3.71183084269e-008, 2.75067737476e-008, 9.57360946074e-009, 1.57613939678e-008, 1.04011510516e-008, 4.7538657455e-009, 5.15687137437e-009, 8.51758930054e-009, 3.19908401991e-008, 5.87490518456e-008, 6.59870238451e-008, 1.38724999488e-007, 7.53123714503e-008, 6.06083645494e-008, 2.02404208949e-008, 2.75883293988e-009, 2.49225889926e-010, 2.68090532413e-011, 8.4547681356e-012, 1.60024141019e-014, 6.68806958112e-018, 4.6968292611e-021]
        dvar2: [6.77083215883e-012, 2.29458816392e-008, 5.85144270815e-008, 5.02515966616e-008, 3.6725086261e-007, 4.18697609916e-008, 1.02811362979e-007, 7.88977629895e-008, 2.53095908676e-008, 4.35908340535e-008, 2.84057417588e-008, 1.27553683171e-008, 1.3623864703e-008, 2.14511466368e-008, 8.44679348688e-008, 1.60376771419e-007, 1.75935838342e-007, 3.73076716187e-007, 1.98291601805e-007, 1.57774834975e-007, 5.3082334972e-008, 7.08308256492e-009, 5.86194315311e-010, 5.83269335608e-011, 1.68531699013e-011, 3.41943812675e-014, 1.55399576179e-017, 1.51381338395e-020]
        max: [1.6049198166e-005, 0.00109425454866, 0.00205243891105, 0.00411271862686, 0.0059874150902, 0.00234889890999, 0.00401590485126, 0.00795617792755, 0.00199612020515, 0.00231652893126, 0.00191545160487, 0.00167577411048, 0.00223785405979, 0.00242490880191, 0.00342414528131, 0.00404390413314, 0.00611575134099, 0.00777603313327, 0.00427114451304, 0.00420219963416, 0.00216432404704, 0.0010289370548, 0.000255043560173, 9.8037889984e-005, 9.17835059226e-005, 3.22322966895e-006, 4.30187334644e-008, 9.53597090181e-010]
        mean: [9.44211421938e-007, 5.10302234034e-005, 0.000119494186947, 0.000129840613226, 0.000176116838702, 0.000100886369182, 8.432463801e-005, 7.58422684157e-005, 6.46607732051e-005, 7.90664853412e-005, 6.38238125248e-005, 5.16317086294e-005, 5.87988361076e-005, 8.5949061031e-005, 0.00016031031555, 0.000252683676081, 0.000295581558021, 0.000431238935562, 0.000371905247448, 0.000283774017589, 0.000152150445501, 4.15176000388e-005, 1.34747651828e-005, 5.05543266627e-006, 2.8708618629e-006, 1.12856135104e-007, 1.68554081803e-009, 2.80291033439e-011]
        median: [3.12220294063e-007, 2.34148828895e-005, 5.44332142454e-005, 4.76533423353e-005, 8.01063142717e-005, 4.71025705338e-005, 3.07607988361e-005, 2.42421338044e-005, 2.68431613222e-005, 1.99244004762e-005, 1.74399719981e-005, 1.98888374143e-005, 2.5557979825e-005, 3.90806162613e-005, 5.33245765837e-005, 7.70051192376e-005, 9.67249216046e-005, 0.000136947943247, 0.000122254321468, 0.00012653649901, 7.66836310504e-005, 1.51887161337e-005, 4.96122402183e-006, 1.95965753846e-006, 9.63360776041e-007, 2.94162436631e-008, 3.38246847198e-010, 5.54276416431e-012]
        min: [5.72860583484e-025, 2.86055617324e-024, 2.58741505696e-024, 3.10114080275e-024, 1.45534439827e-023, 2.54121096099e-023, 1.54651794402e-023, 1.4423998219e-023, 1.63592759679e-023, 1.36953621107e-023, 2.21750614838e-023, 4.02829044461e-023, 4.35181429252e-023, 5.24378909993e-023, 8.50196102779e-023, 6.06010331129e-023, 7.62365970423e-023, 1.23784998778e-022, 1.18766871544e-022, 1.76628152868e-022, 3.12319271516e-022, 3.40377678141e-022, 4.34195252147e-022, 5.51924399258e-022, 9.15448821458e-022, 1.3211015462e-021, 1.93870355093e-021, 4.62623527251e-022]
        var: [2.86634041155e-012, 7.46492645476e-009, 3.42243104967e-008, 4.37180140977e-008, 1.19050227454e-007, 2.37158399585e-008, 3.28513038994e-008, 5.12590858648e-008, 1.44572034344e-008, 2.70976716621e-008, 1.71916472169e-008, 7.85535814174e-009, 9.4820702401e-009, 1.79532122502e-008, 7.19175687891e-008, 1.66741614294e-007, 1.84516053992e-007, 4.12088269286e-007, 2.35300362306e-007, 1.40415082228e-007, 4.08786604567e-008, 4.65600935584e-009, 4.63205418466e-010, 6.24956891793e-011, 2.17881129805e-011, 4.09812259811e-014, 1.16445250582e-017, 3.67616189442e-021]
    mfcc:
        mean: [-762.196044922, 87.3875198364, -42.9387931824, 48.7361602783, -3.52925562859, -5.62432479858, -1.73617887497, -5.13518190384, -1.75946199894, -3.34803318977, -5.73796987534, -3.78337955475, -3.57566618919]
        cov: [[12932.5761719, -573.752685547, -2173.62548828, 855.100891113, -466.654083252, 137.95413208, 49.4166564941, 258.698364258, 291.251739502, 107.011825562, 78.7299575806, -79.2129592896, -74.1656341553], [-573.752685547, 1299.80419922, -85.7071914673, 10.4239635468, 170.728713989, -28.4232578278, 139.141723633, 14.485701561, 3.84062552452, 2.5123128891, 40.8439445496, 12.5474557877, -23.7346038818], [-2173.62548828, -85.7071914673, 1151.17443848, 21.0444488525, 163.971618652, 92.6540908813, -47.7994842529, -18.1184520721, -89.9103546143, -19.7289581299, -2.53983592987, 8.42516326904, 24.6400165558], [855.100891113, 10.4239635468, 21.0444488525, 473.135314941, 91.8186416626, 78.7958908081, 32.5917472839, 18.430688858, 55.2238883972, 24.4864349365, 8.52266311646, -2.93982768059, -2.28326630592], [-466.654083252, 170.728713989, 163.971618652, 91.8186416626, 323.451293945, 81.8805999756, 25.1026687622, 37.3125305176, 16.8544025421, 23.8050727844, 2.60179376602, -0.279273241758, 19.9239006042], [137.95413208, -28.4232578278, 92.6540908813, 78.7958908081, 81.8805999756, 235.597259521, 102.557113647, 64.022857666, 12.2025957108, 7.28537511826, 22.6103992462, -20.1384887695, -1.41378855705], [49.4166564941, 139.141723633, -47.7994842529, 32.5917472839, 25.1026687622, 102.557113647, 194.13243103, 85.4429550171, 27.8084621429, 9.23835086823, 19.951177597, -4.68880081177, -15.1301469803], [258.698364258, 14.485701561, -18.1184520721, 18.430688858, 37.3125305176, 64.022857666, 85.4429550171, 146.903991699, 65.4127349854, 29.8352928162, 22.3489952087, -4.25255060196, 4.18688201904], [291.251739502, 3.84062552452, -89.9103546143, 55.2238883972, 16.8544025421, 12.2025957108, 27.8084621429, 65.4127349854, 124.564064026, 60.732006073, 30.0863666534, 17.0911102295, -2.31765007973], [107.011825562, 2.5123128891, -19.7289581299, 24.4864349365, 23.8050727844, 7.28537511826, 9.23835086823, 29.8352928162, 60.732006073, 114.681556702, 58.4795074463, 40.4590072632, -4.44664812088], [78.7299575806, 40.8439445496, -2.53983592987, 8.52266311646, 2.60179376602, 22.6103992462, 19.951177597, 22.3489952087, 30.0863666534, 58.4795074463, 101.398933411, 44.9867897034, 6.96847963333], [-79.2129592896, 12.5474557877, 8.42516326904, -2.93982768059, -0.279273241758, -20.1384887695, -4.68880081177, -4.25255060196, 17.0911102295, 40.4590072632, 44.9867897034, 90.8030319214, 28.1020050049], [-74.1656341553, -23.7346038818, 24.6400165558, -2.28326630592, 19.9239006042, -1.41378855705, -15.1301469803, 4.18688201904, -2.31765007973, -4.44664812088, 6.96847963333, 28.1020050049, 71.2640762329]]
        icov: [[0.00017905938148, 4.10424545407e-005, 0.000351152993971, -0.000373380229576, 0.000232760110521, -0.000215499327169, 0.000356243224815, -0.000462481402792, 0.000187546858797, -3.08271592075e-005, -0.000112993438961, 6.178633339e-005, 9.09589871299e-005], [4.10424545407e-005, 0.00106333557051, 0.000169675957295, -3.61151287507e-005, -0.000783094321378, 0.000774839078076, -0.00109615037218, 0.000329135888023, 8.52060184116e-005, 0.000450801831903, -0.000799341709353, 5.32589947397e-005, 0.000407341838581], [0.000351152993971, 0.000169675957295, 0.00177297135815, -0.000745475990698, -9.11142560653e-005, -0.000860230822582, 0.00119392573833, -0.00119604263455, 0.00138167606201, -5.51412522327e-005, -0.000287140981527, -0.000275895145023, 0.000295588339213], [-0.000373380229576, -3.61151287507e-005, -0.000745475990698, 0.0032629200723, -0.00105227902532, -0.000254104292253, -0.000930116570089, 0.00182070175651, -0.00185793358833, 0.000170146115124, 0.000351891008904, -2.96916277875e-005, -0.000126112994622], [0.000232760110521, -0.000783094321378, -9.11142560653e-005, -0.00105227902532, 0.00488853547722, -0.00185263366438, 0.0014237879077, -0.00139132561162, 0.000199286427232, -0.00160924624652, 0.00134788523428, 0.000343628635164, -0.00140147667844], [-0.000215499327169, 0.000774839078076, -0.000860230822582, -0.000254104292253, -0.00185263366438, 0.00783650577068, -0.0043991887942, -7.28421082385e-006, 0.000462936121039, 0.000446336227469, -0.0023770199623, 0.002355779754, -0.000590698095039], [0.000356243224815, -0.00109615037218, 0.00119392573833, -0.000930116570089, 0.0014237879077, -0.0043991887942, 0.010969270952, -0.00595489423722, 0.00130278279539, 0.000676333671436, 0.000220173300477, -0.00180094246753, 0.0025297049433], [-0.000462481402792, 0.000329135888023, -0.00119604263455, 0.00182070175651, -0.00139132561162, -7.28421082385e-006, -0.00595489423722, 0.0143659412861, -0.00674628745764, -0.000236457344727, -0.000791037862655, 0.00273034488782, -0.00285277049989], [0.000187546858797, 8.52060184116e-005, 0.00138167606201, -0.00185793358833, 0.000199286427232, 0.000462936121039, 0.00130278279539, -0.00674628745764, 0.015595571138, -0.00607354054227, 0.000308025773847, -0.000786946329754, 0.000721159973182], [-3.08271592075e-005, 0.000450801831903, -5.51412522327e-005, 0.000170146115124, -0.00160924624652, 0.000446336227469, 0.000676333671436, -0.000236457344727, -0.00607354054227, 0.0174615345895, -0.00688812183216, -0.00444732839242, 0.00407813489437], [-0.000112993438961, -0.000799341709353, -0.000287140981527, 0.000351891008904, 0.00134788523428, -0.0023770199623, 0.000220173300477, -0.000791037862655, 0.000308025773847, -0.00688812183216, 0.0174360591918, -0.00601567374542, -0.000356584438123], [6.178633339e-005, 5.32589947397e-005, -0.000275895145023, -2.96916277875e-005, 0.000343628635164, 0.002355779754, -0.00180094246753, 0.00273034488782, -0.000786946329754, -0.00444732839242, -0.00601567374542, 0.019127169624, -0.00767301768064], [9.09589871299e-005, 0.000407341838581, 0.000295588339213, -0.000126112994622, -0.00140147667844, -0.000590698095039, 0.0025297049433, -0.00285277049989, 0.000721159973182, 0.00407813489437, -0.000356584438123, -0.00767301768064, 0.0185797270387]]
    sccoeffs:
        dmean: [0.0515035204589, 0.0472423657775, 0.0369143113494, 0.0304937288165, 0.0217782817781, 0.0196214914322]
        dmean2: [0.0846860855818, 0.0786288380623, 0.0615805536509, 0.0503498986363, 0.0352497808635, 0.0305765010417]
        dvar: [0.00173525919672, 0.00142176402733, 0.000893459655344, 0.000634142546915, 0.000342195155099, 0.00035477054189]
        dvar2: [0.00454642577097, 0.00390217336826, 0.00242989766411, 0.00160923600197, 0.000856365484651, 0.000763867748901]
        max: [-0.315381705761, -0.384337514639, -0.529463469982, -0.58320081234, -0.624737501144, -0.548148155212]
        mean: [-0.704279959202, -0.778313457966, -0.817915380001, -0.805664122105, -0.810277760029, -0.777917861938]
        median: [-0.708466887474, -0.790719509125, -0.825019538403, -0.809624731541, -0.809016406536, -0.775967121124]
        min: [-0.979308545589, -0.982813775539, -0.974646508694, -0.970293581486, -0.965720534325, -0.964278519154]
        var: [0.00570138962939, 0.00538960052654, 0.00282378215343, 0.00261630071327, 0.0014900524402, 0.00201470311731]
    scvalleys:
        dmean: [0.436047703028, 0.461958795786, 0.418544471264, 0.366484314203, 0.357753783464, 0.457627564669]
        dmean2: [0.715423464775, 0.727124154568, 0.640614211559, 0.544083535671, 0.501232326031, 0.595808327198]
        dvar: [0.22533467412, 0.256550431252, 0.24939365685, 0.2393925488, 0.27485409379, 0.412771582603]
        dvar2: [0.453281611204, 0.500534176826, 0.457211703062, 0.395643264055, 0.438262373209, 0.698933422565]
        max: [-5.25020170212, -4.84437179565, -5.20620775223, -5.52976465225, -5.21946144104, -7.4449429512]
        mean: [-7.42458248138, -7.24822807312, -7.61426591873, -7.63751220703, -7.50578165054, -10.0567884445]
        median: [-6.94929218292, -6.92894220352, -7.22907543182, -7.22863435745, -7.0976228714, -9.49548530579]
        min: [-28.4350605011, -27.9476356506, -27.6536407471, -27.5828933716, -27.5066165924, -27.3764457703]
        var: [2.60132241249, 2.38530540466, 2.7413122654, 3.04477667809, 3.38725447655, 3.37799501419]

rhythm:
    beats_loudness:
        dmean: 0.00131573155522
        dmean2: 0.00220708316192
        dvar: 1.83857423508e-006
        dvar2: 5.26052463101e-006
        max: 0.0118378382176
        mean: 0.00343763804995
        median: 0.00217138626613
        min: 3.32206234743e-010
        var: 9.16621957003e-006
    bpm: 118.526153564
    bpm_confidence: 0
    first_peak_bpm: 117
    first_peak_spread: 0.469854444265
    first_peak_weight: 0.499021530151
    onset_rate: 4.24835062027
    second_peak_bpm: 112
    second_peak_spread: 0.272727280855
    second_peak_weight: 0.0313111543655
    beats_loudness_band_ratio:
        dmean: [0.133525758982, 0.0946153327823, 0.074198924005, 0.0757574141026, 0.134818404913, 0.124765053391]
        dmean2: [0.227377712727, 0.159491330385, 0.128637999296, 0.132318019867, 0.223822653294, 0.210640251637]
        dvar: [0.0219882149249, 0.011309013702, 0.0118554178625, 0.0066532897763, 0.0155180059373, 0.0130821466446]
        dvar2: [0.0493775941432, 0.0263638682663, 0.0326290875673, 0.0180710237473, 0.0409651659429, 0.0349996089935]
        max: [0.950033187866, 0.998483300209, 0.998519122601, 0.629798591137, 0.955264389515, 0.825944304466]
        mean: [0.17342312634, 0.129144579172, 0.095082603395, 0.091900460422, 0.306732535362, 0.241164401174]
        median: [0.119307085872, 0.0774032026529, 0.06034373492, 0.066095739603, 0.2911875844, 0.228090852499]
        min: [0.000150254229084, 0.000500014284626, 0.000106288505776, 0.000146803751704, 1.08404847197e-005, 6.51832715448e-006]
        var: [0.0320548564196, 0.0241022016853, 0.0131574226543, 0.00753414211795, 0.0318101346493, 0.0220515318215]
    beats_position: [0.510838985443, 1.02167797089, 1.53251695633, 2.04335594177, 2.55419492722, 3.06503391266, 3.5758728981, 4.08671188354, 4.60916090012, 5.14321994781, 5.67727899551, 6.2229475975, 6.7570066452, 7.26784563065, 7.77868461609, 8.3011341095, 8.83519268036, 9.38086128235, 9.92653083801, 10.4373693466, 10.9482088089, 11.4706573486, 11.9814968109, 12.4923353195, 12.9915647507, 13.5024032593, 14.0016326904, 14.512471199, 15.0233106613, 15.5225391388, 16.0333786011, 16.5326080322, 17.0434455872, 17.5426750183, 18.0419044495, 18.5527439117, 19.0635814667, 19.574420929, 20.0852603912, 20.5844898224, 21.0837192535, 21.5945568085, 22.0937862396, 22.5930156708, 23.1038551331, 23.614692688, 24.1139221191, 24.6131515503, 25.1239910126, 25.6348285675, 26.1340579987, 26.6332874298, 27.1441268921, 27.6549663544, 28.1658039093, 28.6650333405, 29.1642627716, 29.6751022339, 30.1859397888, 30.7083892822, 31.2424488068, 31.7881164551, 32.322177887, 32.8562355042, 33.3670730591, 33.8779144287, 34.3887519836, 34.8995895386, 35.4104309082, 35.9096603394, 36.4088897705, 36.9197273254, 37.4189567566, 37.9181861877, 38.4290237427, 38.9398651123, 39.4390907288, 39.9383201599, 40.4491615295, 40.9599990845, 41.4708366394, 41.981678009, 42.492515564, 42.9917449951, 43.4909744263, 44.0018119812, 44.5010414124, 45.0002708435, 45.5111083984, 46.0219497681, 46.5211791992, 47.0204086304, 47.5312461853, 48.0420837402, 48.5413131714, 49.0405426025, 49.5513839722, 50.0622215271, 50.573059082, 51.0722885132, 51.5715179443, 52.0823554993, 52.5931968689, 53.0924263, 53.5916557312, 54.1024932861, 54.6133308411, 55.1125602722, 55.6117897034, 56.1110191345, 56.6102485657, 57.1210861206, 57.6203155518, 58.1311569214, 58.6303825378, 59.1412239075, 59.6520614624, 60.162902832, 60.673740387, 61.1729698181, 61.6721992493, 62.1830368042, 62.6822662354, 63.1931037903, 63.6923332214, 64.2031707764, 64.7024002075, 65.2016296387, 65.7008590698, 66.200088501, 66.7109298706, 67.2217712402, 67.7326049805, 68.2434463501, 68.7542877197, 69.26512146, 69.7759628296, 70.2868041992, 70.7860336304, 71.2852630615, 71.7844848633, 72.2837142944, 72.7829437256, 73.2821731567, 73.7930145264, 74.303855896, 74.8146896362, 75.3255310059, 75.8363723755, 76.3472061157, 76.8464355469, 77.345664978, 77.8565063477, 78.3673477173, 78.8665771484, 79.3658065796, 79.8766403198, 80.3874816895, 80.8867111206, 81.3859405518, 81.8967819214, 82.3960113525, 82.8952331543, 83.4060745239, 83.9169158936, 84.4161453247, 84.9153747559, 85.414604187, 85.9138336182, 86.4130630493, 86.935508728, 87.4579544067, 87.9804077148, 88.4912490845, 89.0136947632, 89.5593643188, 90.1050338745, 90.6390914917, 91.1615371704, 91.67237854, 92.1716079712, 92.6708374023, 93.181678772, 93.6925125122, 94.2033538818, 94.702583313, 95.2018127441, 95.7126541138, 96.223487854, 96.7227172852, 97.2219467163, 97.7327880859, 98.2436294556, 98.7544631958, 99.253692627, 99.7529220581, 100.263763428, 100.774604797, 101.273826599, 101.77305603, 102.2838974, 102.79473877, 103.293968201, 103.793197632, 104.304031372, 104.814872742, 105.325714111, 105.836547852, 106.335777283, 106.835006714, 107.334236145, 107.833465576, 108.332695007, 108.831924438, 109.342765808, 109.853607178, 110.364440918, 110.875282288, 111.386123657, 111.885353088, 112.38457489, 112.883804321, 113.394645691, 113.893875122, 114.404716492, 114.903945923, 115.403175354, 115.902404785, 116.413238525, 116.912467957, 117.423309326, 117.934150696, 118.444984436, 118.955825806, 119.466667175, 119.965896606, 120.465126038, 120.964347839, 121.475189209, 121.986030579, 122.48526001, 122.984489441, 123.483718872, 123.994552612, 124.505393982, 125.004623413, 125.503852844, 126.014694214, 126.525527954, 127.036369324, 127.547210693, 128.058044434, 128.557281494, 129.056503296, 129.567337036, 130.066574097, 130.565795898, 131.076644897, 131.587478638, 132.086715698, 132.5859375, 133.09677124, 133.607620239, 134.106842041, 134.61769104, 135.116912842, 135.627746582, 136.138595581, 136.649429321, 137.148666382, 137.647888184, 138.158721924, 138.669570923, 139.168792725, 139.668029785, 140.167251587, 140.666488647, 141.177322388, 141.688156128, 142.199005127, 142.709838867, 143.220672607, 143.731521606, 144.230743408, 144.729980469, 145.229202271, 145.728439331, 146.239273071, 146.750106812, 147.249343872, 147.748565674, 148.247802734, 148.747024536, 149.257858276, 149.768707275, 150.279541016, 150.778778076, 151.301223755, 151.800445557, 152.311294556, 152.810516357, 153.321365356, 153.832199097, 154.331420898, 154.842269897, 155.353103638, 155.852325439, 156.363174438, 156.86239624, 157.361633301, 157.860855103, 158.360092163, 158.870925903, 159.381759644, 159.892608643, 160.403442383, 160.914276123, 161.425125122, 161.935958862, 162.458404541, 162.96925354, 163.48008728, 163.990921021, 164.513381958, 165.047439575, 165.581497192, 166.11555481, 166.638000488, 167.160446167, 167.671295166, 168.182128906, 168.692962646, 169.203811646, 169.714645386, 170.213867188, 170.713104248, 171.21232605, 171.71156311, 172.222396851, 172.73324585, 173.232467651, 173.731704712, 174.242538452, 174.741760254, 175.240997314, 175.740219116, 176.239456177, 176.750289917, 177.261123657, 177.771972656, 178.282806396, 178.793640137, 179.292877197, 179.792098999, 180.302947998, 180.8021698, 181.30140686, 181.812240601, 182.323074341, 182.83392334, 183.333145142, 183.832382202, 184.331604004, 184.830841064, 185.341674805, 185.852508545, 186.363357544, 186.874191284, 187.385025024, 187.895874023, 188.406707764, 188.905944824, 189.405166626, 189.916000366, 190.415237427, 190.914459229, 191.413696289, 191.912918091, 192.412155151, 192.922988892, 193.44543457, 193.956283569, 194.46711731, 194.966339111, 195.465576172, 195.976409912, 196.487258911, 196.998092651, 197.497314453, 197.996551514, 198.495773315, 198.995010376, 199.505844116, 200.016693115, 200.527526855, 201.038360596, 201.537597656, 202.048431396, 202.547653198, 203.058502197, 203.557723999, 204.05696106, 204.5677948, 205.07862854, 205.589477539, 206.100311279, 206.611160278, 207.121994019, 207.644439697, 208.166885376, 208.700942993, 209.223403931, 209.757461548, 210.279907227, 210.790740967, 211.301589966, 211.812423706, 212.323257446, 212.834106445, 213.333328247, 213.832565308, 214.343399048, 214.84262085, 215.34185791, 215.85269165, 216.363540649, 216.87437439, 217.38520813, 217.88444519, 218.383666992, 218.882904053, 219.382125854, 219.892959595, 220.403808594, 220.914642334, 221.413879395, 221.913101196, 222.423934937, 222.934783936, 223.445617676, 223.944854736, 224.444076538, 224.954910278, 225.465759277, 225.964981079, 226.46421814, 226.97505188, 227.47428894, 227.973510742, 228.484344482, 228.995193481, 229.506027222, 230.016860962, 230.516098022, 231.026931763, 231.526168823, 232.037002563, 232.547836304, 233.058685303, 233.557907104, 234.057144165, 234.556365967, 235.055603027, 235.566436768, 236.065658569, 236.576507568, 237.087341309, 237.586578369, 238.097412109, 238.60824585, 239.10748291, 239.606704712, 240.117553711, 240.628387451, 241.139221191, 241.65007019, 242.149291992, 242.648529053, 243.147750854, 243.646972656, 244.146209717, 244.657043457, 245.167892456, 245.678726196, 246.177947998, 246.688796997, 247.199630737, 247.698867798, 248.1980896, 248.70892334, 249.219772339, 249.753829956, 250.287887573, 250.82194519, 251.321166992, 251.832015991, 252.331237793, 252.842086792, 253.352920532, 253.863754272, 254.362991333, 254.862213135, 255.361450195, 255.860671997, 256.348297119, 256.824310303, 257.311920166, 257.799530029, 258.28717041, 258.763183594, 259.250793457, 259.73840332]
