
metadata:
    version:
        essentia: "2.1-beta2"
    audio_properties:
        analysis_sample_rate: 44100
        bitrate: 112
        channels: 2
        equal_loudness: 1
        length: 285.492248535
        replay_gain: -12.247882843
        downmix: "mix"
    tags:
        album: "Lest We Forget: The Best Of"
        artist: "Marilyn Manson"
        comment: " 00000AAA 00000AAA 00002966 00002966 000382B5 000382B5 0000629B 0000629B 0002712E 0002712E"
        date: "2004"
        genre: "Metal"
        title: "Sweet Dreams (Are Made of This)"
        tracknumber: "9"

configuration:
    average_loudness:
        compute: 1
        frameSize: 88200
        hopSize: 44100
        silentFrames: "noise"
        windowType: "hann"
    general:
        analysisSampleRate: 44100
        endTime: 2000
        equalLoudness: 1
        nequalLoudness: 0
        shortSound: 0
        startTime: 0
    lowlevel:
        compute: 1
        frameSize: 2048
        hopSize: 1024
        zeroPadding: 0
        silentFrames: "noise"
        windowType: "blackmanharris62"
        mfccStats: ["mean", "cov", "icov"]
        stats: ["mean", "var", "median", "min", "max", "dmean", "dmean2", "dvar", "dvar2"]
    panning:
        compute: 0
        frameSize: 8192
        hopSize: 2048
        zeroPadding: 8192
        silentFrames: "noise"
        windowType: "hann"
        stats: ["copy"]
    rhythm:
        compute: 1
        maxTempo: 208
        minTempo: 40
        method: "degara"
        stats: ["mean", "var", "median", "min", "max", "dmean", "dmean2", "dvar", "dvar2"]
    segmentation:
        compute: 0
        cpw: 5
        inc1: 300
        inc2: 50
        minimumSegmentsLength: 10
        size1: 1000
        size2: 600
    sfx:
        compute: 1
        stats: ["mean", "var", "median", "min", "max", "dmean", "dmean2", "dvar", "dvar2"]
    svm:
        compute: 0
    tonal:
        compute: 1
        frameSize: 4096
        hopSize: 2048
        zeroPadding: 0
        silentFrames: "noise"
        windowType: "blackmanharris62"
        stats: ["mean", "var", "median", "min", "max", "dmean", "dmean2", "dvar", "dvar2"]

lowlevel:
    average_loudness: 0.805256545544
    barkbands_kurtosis:
        dmean: 1.16502046585
        dmean2: 1.92976498604
        dvar: 101.702064514
        dvar2: 259.445556641
        max: 805.08380127
        mean: 0.323163360357
        median: -0.789793610573
        min: -1.8629001379
        var: 138.938766479
    barkbands_skewness:
        dmean: 0.347607851028
        dmean2: 0.553976237774
        dvar: 0.263331860304
        dvar2: 0.624747753143
        max: 22.7652740479
        mean: 0.477251768112
        median: 0.429319858551
        min: -5.26255273819
        var: 0.82844132185
    barkbands_spread:
        dmean: 3.83641719818
        dmean2: 6.16326713562
        dvar: 17.3943424225
        dvar2: 42.7825393677
        max: 78.6429290771
        mean: 27.1358013153
        median: 27.9966278076
        min: 0.145832046866
        var: 160.065475464
    dissonance:
        dmean: 0.0214875824749
        dmean2: 0.0367411375046
        dvar: 0.00077581172809
        dvar2: 0.00214348523878
        max: 0.500000119209
        mean: 0.461671501398
        median: 0.475354552269
        min: 0.0908207446337
        var: 0.00167348491959
    hfc:
        dmean: 1.188549757
        dmean2: 1.93875288963
        dvar: 3.29459857941
        dvar2: 8.6477766037
        max: 51.5790519714
        mean: 5.8729801178
        median: 4.80379867554
        min: 1.16047907757e-016
        var: 25.8497085571
    pitch:
        dmean: 430.433929443
        dmean2: 823.652770996
        dvar: 906242.1875
        dvar2: 2464656.25
        max: 5343.87548828
        mean: 727.025695801
        median: 226.162353516
        min: 48.6057891846
        var: 1238321.875
    pitch_instantaneous_confidence:
        dmean: 0.0774283856153
        dmean2: 0.127191200852
        dvar: 0.00578668154776
        dvar2: 0.0141073046252
        max: 0.977229177952
        mean: 0.441056162119
        median: 0.3938382864
        min: 0.114134550095
        var: 0.036013726145
    pitch_salience:
        dmean: 0.0558559149504
        dmean2: 0.0930159091949
        dvar: 0.00266046030447
        dvar2: 0.00700922543183
        max: 0.960568368435
        mean: 0.600886821747
        median: 0.617329180241
        min: 0.120627515018
        var: 0.0116875376552
    silence_rate_20dB:
        dmean: 0
        dmean2: 0
        dvar: 0
        dvar2: 0
        max: 1
        mean: 1
        median: 1
        min: 1
        var: 0
    silence_rate_30dB:
        dmean: 0
        dmean2: 0
        dvar: 0
        dvar2: 0
        max: 1
        mean: 1
        median: 1
        min: 1
        var: 0
    silence_rate_60dB:
        dmean: 0.0431034490466
        dmean2: 0.0862139090896
        dvar: 0.0412482991815
        dvar2: 0.0903392061591
        max: 1
        mean: 0.361876875162
        median: 0
        min: 0
        var: 0.230919271708
    spectral_centroid:
        dmean: 173.814041138
        dmean2: 274.042541504
        dvar: 46786.0664063
        dvar2: 98802.953125
        max: 10720.2832031
        mean: 1210.80273438
        median: 1157.6730957
        min: 188.976257324
        var: 268914.34375
    spectral_complexity:
        dmean: 2.50715684891
        dmean2: 4.1511182785
        dvar: 7.90300750732
        dvar2: 20.8107891083
        max: 45
        mean: 13.0365133286
        median: 12
        min: 0
        var: 82.4491577148
    spectral_crest:
        dmean: 1.82882797718
        dmean2: 3.03766298294
        dvar: 3.5464515686
        dvar2: 9.60244655609
        max: 26.6094169617
        mean: 7.92099952698
        median: 6.82539129257
        min: 2.31328296661
        var: 16.075170517
    spectral_decrease:
        dmean: 1.96503743832e-010
        dmean2: 3.26865173816e-010
        dvar: 6.20194303145e-020
        dvar2: 1.70762157529e-019
        max: 6.36739222078e-030
        mean: -1.02902564247e-009
        median: -1.05126796157e-009
        min: -4.31198143858e-009
        var: 4.44848737842e-019
    spectral_energy:
        dmean: 0.000819993962068
        dmean2: 0.0013615693897
        dvar: 1.08602978344e-006
        dvar2: 2.97631186186e-006
        max: 0.0181230343878
        mean: 0.00441647320986
        median: 0.00446250848472
        min: 1.05018624388e-020
        var: 8.52025368658e-006
    spectral_energyband_high:
        dmean: 7.92334103608e-005
        dmean2: 0.000133568726596
        dvar: 3.7497301264e-008
        dvar2: 9.75400311631e-008
        max: 0.00897236913443
        mean: 0.000188097226783
        median: 7.34673158149e-005
        min: 7.62224720145e-021
        var: 9.28014642909e-008
    spectral_energyband_low:
        dmean: 0.000304384302581
        dmean2: 0.000500602589455
        dvar: 2.33481401324e-007
        dvar2: 6.23802577593e-007
        max: 0.00611973274499
        mean: 0.000789413636085
        median: 0.00065060320776
        min: 4.59654986867e-023
        var: 5.89311298427e-007
    spectral_energyband_middle_high:
        dmean: 0.000438433897216
        dmean2: 0.000709391490091
        dvar: 3.51040171154e-007
        dvar2: 8.99913914054e-007
        max: 0.0117559293285
        mean: 0.00212736823596
        median: 0.00168467208277
        min: 1.5638453306e-021
        var: 3.53685982191e-006
    spectral_energyband_middle_low:
        dmean: 0.000541681074537
        dmean2: 0.000911370734684
        dvar: 6.06009393778e-007
        dvar2: 1.73627006461e-006
        max: 0.0123647842556
        mean: 0.00156352424528
        median: 0.00131133699324
        min: 2.65592326418e-022
        var: 1.64200253039e-006
    spectral_flatness_db:
        dmean: 0.0158958565444
        dmean2: 0.0257963165641
        dvar: 0.000276845123153
        dvar2: 0.00070784019772
        max: 0.616074025631
        mean: 0.195814996958
        median: 0.177768647671
        min: 0.0575772486627
        var: 0.00489041535184
    spectral_flux:
        dmean: 0.00601164530963
        dmean2: 0.0095992423594
        dvar: 4.56536618003e-005
        dvar2: 0.000103856837086
        max: 0.0909909084439
        mean: 0.0314822159708
        median: 0.031903848052
        min: 1.02478595054e-010
        var: 0.000273603043752
    spectral_kurtosis:
        dmean: 3.91763734818
        dmean2: 6.71910858154
        dvar: 56.563457489
        dvar2: 156.709884644
        max: 250.825195313
        mean: 9.62096214294
        median: 5.23783969879
        min: -1.17677843571
        var: 272.888702393
    spectral_rms:
        dmean: 0.000186037897947
        dmean2: 0.000303303502733
        dvar: 4.49350849863e-008
        dvar2: 1.15966969361e-007
        max: 0.00420487951487
        mean: 0.00191407592501
        median: 0.00208654417656
        min: 3.20089354328e-012
        var: 6.450572414e-007
    spectral_rolloff:
        dmean: 336.304199219
        dmean2: 563.393554688
        dvar: 227648.953125
        dvar2: 507086.34375
        max: 18475.4882813
        mean: 2425.88330078
        median: 2648.58398438
        min: 150.732421875
        var: 1145729.25
    spectral_skewness:
        dmean: 0.341848194599
        dmean2: 0.575098633766
        dvar: 0.207240089774
        dvar2: 0.568687856197
        max: 13.3316802979
        mean: 1.82582163811
        median: 1.53929162025
        min: -0.147782072425
        var: 1.36122047901
    spectral_spread:
        dmean: 330220.25
        dmean2: 498519.5625
        dvar: 289607614464
        dvar2: 469525037056
        max: 40904368
        mean: 3178297.25
        median: 2901740.75
        min: 344473.96875
        var: 1.95008554598e+012
    spectral_strongpeak:
        dmean: 0.261914163828
        dmean2: 0.457315832376
        dvar: 0.205110475421
        dvar2: 0.546264231205
        max: 6.5923037529
        mean: 0.542928278446
        median: 0.201904818416
        min: 3.30071414645e-009
        var: 0.543654799461
    zerocrossingrate:
        dmean: 0.00608735345304
        dmean2: 0.007242011372
        dvar: 4.76715722471e-005
        dvar2: 5.01992108184e-005
        max: 0.5009765625
        mean: 0.0699365884066
        median: 0.06787109375
        min: 0.00439453125
        var: 0.000714154739399
    barkbands:
        dmean: [2.39717024897e-007, 6.74920229358e-005, 0.000197985980776, 0.000187032608665, 0.000294288503937, 8.8152999524e-005, 6.39716163278e-005, 6.56596603221e-005, 9.88799438346e-005, 0.00012020333088, 8.68499846547e-005, 0.000107043379103, 7.16820795787e-005, 8.26942923595e-005, 5.22449736309e-005, 5.38019994565e-005, 9.6210562333e-005, 0.000111073495646, 0.000105496255856, 8.37159459479e-005, 4.21948279836e-005, 8.52581069921e-006, 1.73609191734e-006, 6.65267521072e-007, 3.29837661184e-007, 1.28615322836e-008, 1.6701620642e-010]
        dmean2: [3.62345957683e-007, 0.000116840848932, 0.000323714601109, 0.000319044833304, 0.000501531700138, 0.000144777528476, 0.000107927226054, 0.000108506603283, 0.000163893462741, 0.000193702595425, 0.000139880532515, 0.000173557898961, 0.000116862502182, 0.000137796188938, 8.71077354532e-005, 8.97350910236e-005, 0.00016154658806, 0.000185587545275, 0.000177457026439, 0.000140875723446, 7.17461298336e-005, 1.43514444062e-005, 2.62828552877e-006, 9.90597754935e-007, 4.74888622648e-007, 1.94350651128e-008, 3.04916619731e-010]
        dvar: [3.7455515035e-013, 1.37254918542e-008, 1.0874102685e-007, 9.70738938122e-008, 3.45471505625e-007, 2.18700471066e-008, 1.74456644686e-008, 2.09298640641e-008, 5.76269947317e-008, 6.71662050422e-008, 3.65965036053e-008, 6.94651944855e-008, 2.5773848833e-008, 5.46636265142e-008, 1.30344748328e-008, 1.28376074215e-008, 2.65831108237e-008, 3.27392726263e-008, 3.30858469511e-008, 2.63176431758e-008, 1.01339718839e-008, 6.20363427295e-010, 6.59807902759e-011, 1.49398202143e-011, 1.84434780816e-012, 2.48901986803e-015, 6.47415653881e-020]
        dvar2: [7.8457845689e-013, 3.85925496005e-008, 2.9202163887e-007, 2.62285198005e-007, 1.02877697827e-006, 5.63118156549e-008, 4.72240664351e-008, 5.47493179681e-008, 1.62074456966e-007, 1.61179599445e-007, 9.43371034623e-008, 1.72300786971e-007, 6.52071960872e-008, 1.56549148755e-007, 3.56680871505e-008, 3.56238771815e-008, 7.48942525775e-008, 9.07998511934e-008, 9.26323693307e-008, 7.01205777887e-008, 2.71332183388e-008, 1.67382607774e-009, 1.3086608186e-010, 3.09253803121e-011, 3.41518913843e-012, 5.55925722733e-015, 1.98361749525e-019]
        max: [1.58475177159e-005, 0.0014520001132, 0.0046550584957, 0.00536983413622, 0.0113208414987, 0.00397641863674, 0.00287590036169, 0.00361096975394, 0.00491769146174, 0.00536109926179, 0.00542282219976, 0.00641926797107, 0.00480648409575, 0.00655262637883, 0.00239735445939, 0.00309689948335, 0.0048333350569, 0.00598902674392, 0.00415763538331, 0.00703060999513, 0.00403515202925, 0.000657338183373, 0.000422280078055, 0.000200397451408, 6.63459431962e-005, 2.79631126432e-006, 4.66523086828e-009]
        mean: [3.50869953536e-007, 0.000120236261864, 0.000462612661067, 0.000323376123561, 0.000563258712646, 0.000169636492501, 0.000105871004052, 0.000115133334475, 0.000183434822247, 0.000245119241299, 0.000198200403247, 0.000299866544083, 0.000169724022271, 0.000147907994688, 0.000103859994852, 0.000115776980238, 0.00022091701976, 0.000279475178104, 0.000280017964542, 0.000202868133783, 8.68288698257e-005, 1.56934493134e-005, 3.88216494684e-006, 1.58930924954e-006, 8.09656398815e-007, 2.68488378197e-008, 1.62016455807e-010]
        median: [9.2300645349e-008, 6.47651395411e-005, 0.000327127170749, 0.000186155550182, 0.000324227294186, 9.79546457529e-005, 5.50917939108e-005, 4.72349056508e-005, 6.39179197606e-005, 9.76281589828e-005, 6.83510079398e-005, 6.30522772553e-005, 6.98112708051e-005, 6.09090893704e-005, 5.41888948646e-005, 5.31716250407e-005, 0.000126936341985, 0.000187775789527, 0.000137658265885, 0.000105304279714, 2.70106156677e-005, 3.67021448255e-006, 4.85580244458e-007, 1.24368909837e-007, 5.35807522795e-008, 1.57007296053e-009, 5.88482804154e-011]
        min: [3.16583607445e-024, 3.09830579443e-023, 2.56207743633e-024, 1.41742148797e-023, 2.79899682086e-023, 5.08305876938e-024, 5.06430115589e-023, 9.47387174182e-023, 2.8594712134e-023, 1.26899484741e-022, 7.12316090757e-023, 7.40297933698e-023, 5.4416698093e-023, 1.00215267501e-022, 9.199107702e-023, 1.92789603031e-022, 1.45840704029e-022, 2.19497479787e-022, 3.40272564003e-022, 3.41895396036e-022, 4.51876338714e-022, 5.00101715635e-022, 6.9705546926e-022, 7.71281095772e-022, 1.20811566194e-021, 1.85746981035e-021, 2.20064091438e-021]
        var: [7.49467707947e-013, 2.36747226268e-008, 2.58851940771e-007, 1.7655979434e-007, 6.09465587331e-007, 5.64884636844e-008, 3.25988480654e-008, 4.54497488533e-008, 1.20722049246e-007, 2.18401808638e-007, 1.68976924897e-007, 5.18036017638e-007, 1.65055851653e-007, 1.11600826358e-007, 3.07985779102e-008, 3.61274814509e-008, 7.68106644955e-008, 1.13677465663e-007, 1.26976289039e-007, 7.66689041143e-008, 2.29173497956e-008, 1.34676325647e-009, 2.97326940846e-010, 6.32670305034e-011, 8.94619881647e-012, 8.10741143003e-015, 6.7346021095e-020]
    frequency_bands:
        dmean: [2.39717024897e-007, 6.74920229358e-005, 0.000197985980776, 0.000187032608665, 0.000294288503937, 8.8152999524e-005, 6.39716163278e-005, 6.56596603221e-005, 9.88799438346e-005, 0.00012020333088, 8.68499846547e-005, 0.000107043379103, 7.16820795787e-005, 8.26942923595e-005, 5.22449736309e-005, 5.38019994565e-005, 9.6210562333e-005, 0.000111073495646, 0.000105496255856, 8.37159459479e-005, 4.21948279836e-005, 8.52581069921e-006, 1.73609191734e-006, 6.65267521072e-007, 3.29837661184e-007, 1.28615322836e-008, 1.6701620642e-010, 4.57371120144e-011]
        dmean2: [3.62345957683e-007, 0.000116840848932, 0.000323714601109, 0.000319044833304, 0.000501531700138, 0.000144777528476, 0.000107927226054, 0.000108506603283, 0.000163893462741, 0.000193702595425, 0.000139880532515, 0.000173557898961, 0.000116862502182, 0.000137796188938, 8.71077354532e-005, 8.97350910236e-005, 0.00016154658806, 0.000185587545275, 0.000177457026439, 0.000140875723446, 7.17461298336e-005, 1.43514444062e-005, 2.62828552877e-006, 9.90597754935e-007, 4.74888622648e-007, 1.94350651128e-008, 3.04916619731e-010, 8.43638076065e-011]
        dvar: [3.7455515035e-013, 1.37254918542e-008, 1.0874102685e-007, 9.70738938122e-008, 3.45471505625e-007, 2.18700471066e-008, 1.74456644686e-008, 2.09298640641e-008, 5.76269947317e-008, 6.71662050422e-008, 3.65965036053e-008, 6.94651944855e-008, 2.5773848833e-008, 5.46636265142e-008, 1.30344748328e-008, 1.28376074215e-008, 2.65831108237e-008, 3.27392726263e-008, 3.30858469511e-008, 2.63176431758e-008, 1.01339718839e-008, 6.20363427295e-010, 6.59807902759e-011, 1.49398202143e-011, 1.84434780816e-012, 2.48901986803e-015, 6.47415653881e-020, 5.02621597375e-021]
        dvar2: [7.8457845689e-013, 3.85925496005e-008, 2.9202163887e-007, 2.62285198005e-007, 1.02877697827e-006, 5.63118156549e-008, 4.72240664351e-008, 5.47493179681e-008, 1.62074456966e-007, 1.61179599445e-007, 9.43371034623e-008, 1.72300786971e-007, 6.52071960872e-008, 1.56549148755e-007, 3.56680871505e-008, 3.56238771815e-008, 7.48942525775e-008, 9.07998511934e-008, 9.26323693307e-008, 7.01205777887e-008, 2.71332183388e-008, 1.67382607774e-009, 1.3086608186e-010, 3.09253803121e-011, 3.41518913843e-012, 5.55925722733e-015, 1.98361749525e-019, 1.56614564395e-020]
        max: [1.58475177159e-005, 0.0014520001132, 0.0046550584957, 0.00536983413622, 0.0113208414987, 0.00397641863674, 0.00287590036169, 0.00361096975394, 0.00491769146174, 0.00536109926179, 0.00542282219976, 0.00641926797107, 0.00480648409575, 0.00655262637883, 0.00239735445939, 0.00309689948335, 0.0048333350569, 0.00598902674392, 0.00415763538331, 0.00703060999513, 0.00403515202925, 0.000657338183373, 0.000422280078055, 0.000200397451408, 6.63459431962e-005, 2.79631126432e-006, 4.66523086828e-009, 1.305219266e-009]
        mean: [3.50869953536e-007, 0.000120236261864, 0.000462612661067, 0.000323376123561, 0.000563258712646, 0.000169636492501, 0.000105871004052, 0.000115133334475, 0.000183434822247, 0.000245119241299, 0.000198200403247, 0.000299866544083, 0.000169724022271, 0.000147907994688, 0.000103859994852, 0.000115776980238, 0.00022091701976, 0.000279475178104, 0.000280017964542, 0.000202868133783, 8.68288698257e-005, 1.56934493134e-005, 3.88216494684e-006, 1.58930924954e-006, 8.09656398815e-007, 2.68488378197e-008, 1.62016455807e-010, 3.61536772742e-011]
        median: [9.2300645349e-008, 6.47651395411e-005, 0.000327127170749, 0.000186155550182, 0.000324227294186, 9.79546457529e-005, 5.50917939108e-005, 4.72349056508e-005, 6.39179197606e-005, 9.76281589828e-005, 6.83510079398e-005, 6.30522772553e-005, 6.98112708051e-005, 6.09090893704e-005, 5.41888948646e-005, 5.31716250407e-005, 0.000126936341985, 0.000187775789527, 0.000137658265885, 0.000105304279714, 2.70106156677e-005, 3.67021448255e-006, 4.85580244458e-007, 1.24368909837e-007, 5.35807522795e-008, 1.57007296053e-009, 5.88482804154e-011, 1.07117275119e-011]
        min: [3.16583607445e-024, 3.09830579443e-023, 2.56207743633e-024, 1.41742148797e-023, 2.79899682086e-023, 5.08305876938e-024, 5.06430115589e-023, 9.47387174182e-023, 2.8594712134e-023, 1.26899484741e-022, 7.12316090757e-023, 7.40297933698e-023, 5.4416698093e-023, 1.00215267501e-022, 9.199107702e-023, 1.92789603031e-022, 1.45840704029e-022, 2.19497479787e-022, 3.40272564003e-022, 3.41895396036e-022, 4.51876338714e-022, 5.00101715635e-022, 6.9705546926e-022, 7.71281095772e-022, 1.20811566194e-021, 1.85746981035e-021, 2.20064091438e-021, 7.98301891561e-022]
        var: [7.49467707947e-013, 2.36747226268e-008, 2.58851940771e-007, 1.7655979434e-007, 6.09465587331e-007, 5.64884636844e-008, 3.25988480654e-008, 4.54497488533e-008, 1.20722049246e-007, 2.18401808638e-007, 1.68976924897e-007, 5.18036017638e-007, 1.65055851653e-007, 1.11600826358e-007, 3.07985779102e-008, 3.61274814509e-008, 7.68106644955e-008, 1.13677465663e-007, 1.26976289039e-007, 7.66689041143e-008, 2.29173497956e-008, 1.34676325647e-009, 2.97326940846e-010, 6.32670305034e-011, 8.94619881647e-012, 8.10741143003e-015, 6.7346021095e-020, 4.09213074886e-021]
    mfcc:
        mean: [-754.525512695, 140.247375488, -58.8368339539, 43.5853157043, -11.3365688324, -7.23992061615, 10.6090650558, -2.61211824417, -5.45777702332, -7.69518089294, -7.46951341629, -6.37030553818, -8.02142429352]
        cov: [[8570.00976563, 73.1551132202, -962.678649902, 2025.54309082, 84.9061355591, 872.292297363, 509.101928711, 353.222503662, 506.847229004, 168.428863525, 196.605621338, 118.06552124, -112.284889221], [73.1551132202, 1326.6776123, -220.957931519, 56.661693573, 122.965606689, -132.028274536, 61.1211166382, -5.51497173309, 41.3478736877, 45.1475257874, -17.3072967529, 19.9066410065, -13.5962953568], [-962.678649902, -220.957931519, 790.424865723, -167.582977295, 51.5788917542, 43.998916626, -128.728225708, -12.1602134705, 4.4554028511, 18.0454101563, -36.6180534363, -20.7231502533, -15.1834373474], [2025.54309082, 56.661693573, -167.582977295, 970.503723145, 153.641036987, 318.334289551, 182.28062439, 118.30443573, 211.207244873, 64.5475769043, 81.2816696167, 80.7839508057, 5.91914606094], [84.9061355591, 122.965606689, 51.5788917542, 153.641036987, 251.026535034, 48.8319206238, -10.2066831589, 9.46229839325, 60.2762908936, 37.4258995056, -15.1122531891, 13.5200777054, 3.5200958252], [872.292297363, -132.028274536, 43.998916626, 318.334289551, 48.8319206238, 329.620574951, 116.964477539, 77.4555206299, 77.6805801392, 26.3838672638, 57.7330093384, 19.0906143188, -11.6417036057], [509.101928711, 61.1211166382, -128.728225708, 182.28062439, -10.2066831589, 116.964477539, 220.115539551, 84.2075881958, 27.84948349, 8.68581676483, 54.6820526123, 40.751449585, 12.2380094528], [353.222503662, -5.51497173309, -12.1602134705, 118.30443573, 9.46229839325, 77.4555206299, 84.2075881958, 149.572631836, 67.1268997192, 15.8210411072, 33.4918708801, 0.94371598959, -9.34826469421], [506.847229004, 41.3478736877, 4.4554028511, 211.207244873, 60.2762908936, 77.6805801392, 27.84948349, 67.1268997192, 162.079772949, 70.3078918457, 18.0994243622, 12.5542316437, -16.5456428528], [168.428863525, 45.1475257874, 18.0454101563, 64.5475769043, 37.4258995056, 26.3838672638, 8.68581676483, 15.8210411072, 70.3078918457, 124.809768677, 51.8588218689, 14.4389562607, -5.24406099319], [196.605621338, -17.3072967529, -36.6180534363, 81.2816696167, -15.1122531891, 57.7330093384, 54.6820526123, 33.4918708801, 18.0994243622, 51.8588218689, 120.477218628, 46.4069671631, -1.5388020277], [118.06552124, 19.9066410065, -20.7231502533, 80.7839508057, 13.5200777054, 19.0906143188, 40.751449585, 0.94371598959, 12.5542316437, 14.4389562607, 46.4069671631, 93.0509719849, 35.6210365295], [-112.284889221, -13.5962953568, -15.1834373474, 5.91914606094, 3.5200958252, -11.6417036057, 12.2380094528, -9.34826469421, -16.5456428528, -5.24406099319, -1.5388020277, 35.6210365295, 91.642791748]]
        icov: [[0.000333129893988, 1.11449969609e-006, 0.000353615323547, -0.000513177539688, 0.00032850264688, -0.000490641512442, 0.000151579995872, -0.000207795077586, -5.85787092859e-005, -0.000306874309899, 0.000412152614444, -0.000233523271163, 0.000453232845757], [1.11449969609e-006, 0.000959565513767, 0.000189751692233, -2.40145109274e-005, -0.000557427934837, 0.000676401483361, -0.000616036937572, 0.000159785966389, -0.000138851100928, -0.000317350466503, 0.000274139078101, -0.000156983747729, 0.000405013212003], [0.000353615323547, 0.000189751692233, 0.00209057261236, -2.81648863165e-005, -1.86697543541e-005, -0.00145639362745, 0.00132012797985, -0.000746853533201, 8.28966221889e-006, -0.000863064429723, 0.001174297533, -0.00100220821332, 0.000734215544071], [-0.000513177539688, -2.40145109274e-005, -2.81648863165e-005, 0.00316689070314, -0.00130733370315, -0.000808858021628, -0.000701935903635, 0.000672995171044, -0.00232164957561, 0.00133876490872, -0.00100580055732, -0.000491187325679, -0.000900214537978], [0.00032850264688, -0.000557427934837, -1.86697543541e-005, -0.00130733370315, 0.00576768862084, -0.00118136382662, 0.0012680159416, -0.000510411569849, -0.000106429281004, -0.00185894127935, 0.00244323164225, -0.00131860945839, 0.000236100866459], [-0.000490641512442, 0.000676401483361, -0.00145639362745, -0.000808858021628, -0.00118136382662, 0.0070462054573, -0.00292535102926, 0.000466298981337, -0.000593900447711, 0.00120547041297, -0.00257374648936, 0.00211737235077, -0.000215629217564], [0.000151579995872, -0.000616036937572, 0.00132012797985, -0.000701935903635, 0.0012680159416, -0.00292535102926, 0.00930618587881, -0.00449756346643, 0.00222458201461, -0.000659394194372, 0.00022560506477, -0.00299249240197, -0.000232619218878], [-0.000207795077586, 0.000159785966389, -0.000746853533201, 0.000672995171044, -0.000510411569849, 0.000466298981337, -0.00449756346643, 0.0119960792363, -0.00585922319442, 0.00327922566794, -0.00395602313802, 0.0039267311804, -0.000957893964369], [-5.85787092859e-005, -0.000138851100928, 8.28966221889e-006, -0.00232164957561, -0.000106429281004, -0.000593900447711, 0.00222458201461, -0.00585922319442, 0.0152328386903, -0.0080885803327, 0.00486647663638, -0.00286980788223, 0.00257739261724], [-0.000306874309899, -0.000317350466503, -0.000863064429723, 0.00133876490872, -0.00185894127935, 0.00120547041297, -0.000659394194372, 0.00327922566794, -0.0080885803327, 0.0157296583056, -0.00897285714746, 0.00326690054499, -0.00198618951254], [0.000412152614444, 0.000274139078101, 0.001174297533, -0.00100580055732, 0.00244323164225, -0.00257374648936, 0.00022560506477, -0.00395602313802, 0.00486647663638, -0.00897285714746, 0.0179464947432, -0.00914401002228, 0.00417144689709], [-0.000233523271163, -0.000156983747729, -0.00100220821332, -0.000491187325679, -0.00131860945839, 0.00211737235077, -0.00299249240197, 0.0039267311804, -0.00286980788223, 0.00326690054499, -0.00914401002228, 0.0195901505649, -0.00742324255407], [0.000453232845757, 0.000405013212003, 0.000734215544071, -0.000900214537978, 0.000236100866459, -0.000215629217564, -0.000232619218878, -0.000957893964369, 0.00257739261724, -0.00198618951254, 0.00417144689709, -0.00742324255407, 0.0149111188948]]
    sccoeffs:
        dmean: [0.0477356016636, 0.0447632260621, 0.0381589010358, 0.0304376855493, 0.0210756193846, 0.0188671965152]
        dmean2: [0.0803940966725, 0.0744445025921, 0.0624231770635, 0.0503920391202, 0.0350115038455, 0.0303511321545]
        dvar: [0.00150044320617, 0.00134171254467, 0.00101250316948, 0.00064417644171, 0.00035054111504, 0.000336828990839]
        dvar2: [0.00413357838988, 0.003677720204, 0.00262626470067, 0.00169024022762, 0.000909579277504, 0.000835741171613]
        max: [-0.332453817129, -0.429690480232, -0.418380528688, -0.492322266102, -0.548146903515, -0.597739338875]
        mean: [-0.61222910881, -0.743067085743, -0.746855020523, -0.774272203445, -0.7867603302, -0.752004206181]
        median: [-0.614867150784, -0.75072157383, -0.758066892624, -0.781025767326, -0.791280567646, -0.750178277493]
        min: [-0.95834249258, -0.968326091766, -0.980000913143, -0.951716005802, -0.964200794697, -0.963445305824]
        var: [0.00693085417151, 0.00519316317514, 0.00614862935618, 0.00274958251975, 0.00175337155815, 0.00320712965913]
    scvalleys:
        dmean: [0.39053979516, 0.35743278265, 0.309863358736, 0.262481302023, 0.2275673002, 0.269397467375]
        dmean2: [0.645669221878, 0.591375231743, 0.50880330801, 0.427810400724, 0.361666053534, 0.392215073109]
        dvar: [0.129918724298, 0.113466724753, 0.0941706448793, 0.0781869217753, 0.0803270488977, 0.117319062352]
        dvar2: [0.297142744064, 0.274154603481, 0.216846615076, 0.171600952744, 0.170209467411, 0.266292661428]
        max: [-4.89531373978, -5.08018684387, -5.00436306, -5.46122550964, -5.60024404526, -7.33761787415]
        mean: [-7.36178207397, -6.95373725891, -7.07174968719, -7.49733972549, -7.65855979919, -11.1111021042]
        median: [-6.64512062073, -6.71639442444, -6.83904695511, -7.12670469284, -7.21839332581, -10.9042816162]
        min: [-27.2467956543, -27.0511188507, -27.3990631104, -27.3128147125, -27.0769958496, -27.1471862793]
        var: [3.21729373932, 1.06009638309, 1.1216186285, 1.52846252918, 2.18720149994, 2.59015607834]

rhythm:
    beats_loudness:
        dmean: 0.0019042736385
        dmean2: 0.00351930502802
        dvar: 3.85952989745e-006
        dvar2: 1.25734122776e-005
        max: 0.0164051689208
        mean: 0.00468599842861
        median: 0.00461039086804
        min: 2.95120543115e-007
        var: 9.75428974925e-006
    bpm: 92.5875015259
    bpm_confidence: 0
    first_peak_bpm: 92
    first_peak_spread: 0.320916950703
    first_peak_weight: 0.502118647099
    onset_rate: 2.23823952675
    second_peak_bpm: 185
    second_peak_spread: 0
    second_peak_weight: 0.0635593235493
    beats_loudness_band_ratio:
        dmean: [0.141311854124, 0.130047187209, 0.0927729085088, 0.102338694036, 0.0890899598598, 0.0603746697307]
        dmean2: [0.249433785677, 0.229136705399, 0.157139703631, 0.178917482495, 0.158514216542, 0.108341380954]
        dvar: [0.0157754123211, 0.0149649614468, 0.0122263748199, 0.00997931044549, 0.00779600301757, 0.00585439614952]
        dvar2: [0.0465006791055, 0.0442226789892, 0.0324465632439, 0.0270007327199, 0.0208315420896, 0.0181148722768]
        max: [0.849525630474, 0.953772544861, 0.785441994667, 0.906434237957, 0.668556928635, 0.602058053017]
        mean: [0.283491164446, 0.19606103003, 0.146273240447, 0.192191749811, 0.152740061283, 0.0981466397643]
        median: [0.257616102695, 0.154165357351, 0.0947530940175, 0.137132316828, 0.132365420461, 0.0709846094251]
        min: [6.743360359e-007, 0.000462843105197, 0.00349393975921, 0.000278693070868, 5.75520280108e-005, 2.70358054877e-006]
        var: [0.0431660078466, 0.0235849712044, 0.019431784749, 0.029059028253, 0.0109242014587, 0.00824415218085]
    beats_position: [0.359909296036, 0.719818592072, 1.06811785698, 1.40480720997, 1.72988653183, 2.07818579674, 2.41487526894, 2.75156450272, 3.09986400604, 3.45977306366, 3.80807256699, 4.13315200806, 4.45823097229, 4.78331041336, 5.11999988556, 5.45668935776, 5.78176879883, 6.10684776306, 6.43192720413, 6.7570066452, 7.08208608627, 7.40716552734, 7.73224496841, 8.05732440948, 8.38240337372, 8.71909236908, 9.05578231812, 9.39247131348, 9.71755123138, 10.0542402267, 10.379319191, 10.71600914, 11.0526981354, 11.3777770996, 11.7028570175, 12.0279359818, 12.3530158997, 12.6780948639, 13.0031747818, 13.3398637772, 13.6997728348, 14.0596818924, 14.4195919037, 14.7911109924, 15.1626300812, 15.5341491699, 15.9056682587, 16.2771873474, 16.6254863739, 16.9737873077, 17.3104763031, 17.6471652985, 17.9838542938, 18.3089332581, 18.6340141296, 18.9590930939, 19.2841720581, 19.6208610535, 19.9459400177, 20.2710208893, 20.6077098846, 20.9327888489, 21.2694778442, 21.6061668396, 21.942855835, 22.2679367065, 22.5930156708, 22.9297046661, 23.2663936615, 23.6030826569, 24.0674819946, 24.5434913635, 25.0078907013, 25.6232185364, 26.2385482788, 26.8887062073, 27.5388660431, 28.1890239716, 28.8507938385, 29.5125617981, 30.1859397888, 30.8477096558, 31.5094776154, 32.171245575, 32.8330154419, 33.4831733704, 34.1333312988, 34.7951011658, 35.4452590942, 36.1070289612, 36.7571868896, 37.4189567566, 38.0807266235, 38.7424926758, 39.4042625427, 40.0776405334, 40.7394104004, 41.4011802673, 42.0629463196, 42.7247161865, 43.374874115, 44.0250320435, 44.6751937866, 45.3253517151, 45.9871177673, 46.6488876343, 47.3106575012, 47.9724235535, 48.6341934204, 49.2959632874, 49.9577331543, 50.6194992065, 51.2812690735, 51.9430389404, 52.6048049927, 53.2665748596, 53.9283447266, 54.5901107788, 55.240272522, 55.8904304504, 56.5405883789, 57.2023582458, 57.8409042358, 58.491065979, 59.1528320313, 59.8146018982, 60.4763717651, 61.1381378174, 61.7999076843, 62.4616775513, 63.1118354797, 63.7619934082, 64.4121551514, 65.0623092651, 65.7008590698, 66.3394088745, 66.9895706177, 67.6397247314, 68.2782745361, 68.9400405884, 69.60181427, 70.2519683838, 70.902130127, 71.5522918701, 72.1908340454, 72.8409957886, 73.4911575317, 74.1413116455, 74.7914733887, 75.4416275024, 76.0917892456, 76.7419509888, 77.403717041, 78.0654830933, 78.7156448364, 79.3658065796, 80.0159606934, 80.6661224365, 81.3278884888, 81.9896621704, 82.6398162842, 83.2899780273, 83.9401321411, 84.5902938843, 85.228843689, 85.8789978027, 86.5407714844, 87.1909255981, 87.8410873413, 88.4912490845, 89.1414031982, 89.7915649414, 90.4417190552, 91.0918807983, 91.7420425415, 92.3921966553, 93.0423583984, 93.7041244507, 94.3658905029, 95.0160522461, 95.6662139893, 96.316368103, 96.9665298462, 97.61668396, 98.2668457031, 98.9286117554, 99.590385437, 100.240539551, 100.890701294, 101.540863037, 102.191017151, 102.841178894, 103.491333008, 104.141494751, 104.791656494, 105.441810608, 106.091972351, 106.742126465, 107.392288208, 108.042449951, 108.704216003, 109.365982056, 110.016143799, 110.666305542, 111.316459656, 111.966621399, 112.616775513, 113.266937256, 113.928703308, 114.578865051, 115.240631104, 115.890792847, 116.54094696, 117.179496765, 117.829658508, 118.491424561, 119.141586304, 119.791740417, 120.441902161, 121.092063904, 121.742218018, 122.392379761, 123.042533875, 123.704307556, 124.366073608, 125.016235352, 125.666389465, 126.316551208, 126.966712952, 127.616867065, 128.267028809, 128.917190552, 129.567337036, 130.217498779, 130.879272461, 131.541046143, 132.191192627, 132.84135437, 133.503128052, 134.164901733, 134.815048218, 135.465209961, 136.115371704, 136.753921509, 137.404083252, 138.054244995, 138.704391479, 139.342941284, 139.993103027, 140.643264771, 141.293426514, 141.943572998, 142.593734741, 143.243896484, 143.894058228, 144.532608032, 145.182769775, 145.83291626, 146.483078003, 147.121627808, 147.760177612, 148.398727417, 149.025665283, 149.652603149, 150.279541016, 150.894866943, 151.51020813, 152.125534058, 152.740859985, 153.344573975, 153.959899902, 154.575241089, 155.178955078, 155.794281006, 156.409606934, 157.024932861, 157.640274048, 158.255599976, 158.870925903, 159.474639893, 160.089981079, 160.705307007, 161.320632935, 161.935958862, 162.539672852, 163.1434021, 163.758728027, 164.362442017, 164.977767944, 165.593109131, 166.19682312, 166.812149048, 167.427474976, 168.06602478, 168.704574585, 169.34312439, 169.970062256, 170.620223999, 171.258773804, 171.897323608, 172.535873413, 173.186035156, 173.836181641, 174.486343384, 175.124893188, 175.775054932, 176.413604736, 177.052154541, 177.679092407, 178.32925415, 178.979400635, 179.629562378, 180.279724121, 180.929885864, 181.55682373, 182.206985474, 182.845535278, 183.495681763, 184.134231567, 184.784393311, 185.434555054, 186.084716797, 186.723266602, 187.385025024, 188.011962891, 188.662124634, 189.300674438, 189.950836182, 190.589385986, 191.227935791, 191.866485596, 192.5050354, 193.155181885, 193.805343628, 194.443893433, 195.094055176, 195.744216919, 196.394378662, 197.032928467, 197.683074951, 198.321624756, 198.971786499, 199.610336304, 200.248886108, 200.887435913, 201.537597656, 202.176147461, 202.826293945, 203.476455688, 204.126617432, 204.776779175, 205.426940918, 206.065490723, 206.704025269, 207.354187012, 208.004348755, 208.654510498, 209.304672241, 209.943222046, 210.581771851, 211.220306396, 211.87046814, 212.509017944, 213.159179688, 213.797729492, 214.436279297, 215.08644104, 215.736587524, 216.386749268, 217.036911011, 217.687072754, 218.325622559, 218.964172363, 219.602722168, 220.241271973, 220.891418457, 221.5415802, 222.191741943, 222.841903687, 223.480453491, 224.119003296, 224.757553101, 225.396102905, 226.057861328, 226.71963501, 227.369796753, 228.008346558, 228.646896362, 229.285430908, 229.923980713, 230.574142456, 231.224304199, 231.874465942, 232.524627686, 233.16317749, 233.801712036, 234.428665161, 235.055603027, 235.694152832, 236.332687378, 236.959625244, 237.586578369, 238.213516235, 238.840454102, 239.467391968, 240.105941772, 240.732879639, 241.371429443, 242.009979248, 242.648529053, 243.287063599, 243.925613403, 244.564163208, 245.214324951, 245.852874756, 246.479812622, 247.106750488, 247.733688354, 248.360626221, 248.999176025, 249.626113892, 250.241439819, 250.868392944, 251.50692749, 252.145477295, 252.795639038, 253.445800781, 254.095962524, 254.746124268, 255.396270752, 256.116088867, 256.84753418, 257.578948975, 258.310394287, 259.030212402, 259.761627197, 260.527893066, 261.282531738, 262.048797607, 262.815063477, 263.488433838, 264.15020752, 264.800354004, 265.450531006, 266.10067749, 266.739227295, 267.3777771, 268.016326904, 268.654876709, 269.293426514, 269.931976318, 270.558898926, 271.185852051, 271.812774658, 272.428100586, 273.043426514, 273.681976318, 274.320526123, 274.947479248, 275.574401855, 276.20135498, 276.851501465, 277.513275146, 278.186676025, 278.871643066, 279.614685059, 280.357727051, 281.1355896, 281.913452148, 282.668121338, 283.434356689, 284.189025879, 284.943664551]
