
metadata:
    version:
        essentia: "2.1-beta2"
    audio_properties:
        analysis_sample_rate: 44100
        bitrate: 128
        channels: 2
        equal_loudness: 1
        length: 198.922454834
        replay_gain: -4.08419036865
        downmix: "mix"
    tags:
        album: "Golden Age of Grotesque [Japan Bonus Tracks]"
        artist: "Marilyn Manson"
        comment: ""
        date: "2003"
        genre: "Other"
        title: "Tainted Love [*]"
        tracknumber: "16"

configuration:
    average_loudness:
        compute: 1
        frameSize: 88200
        hopSize: 44100
        silentFrames: "noise"
        windowType: "hann"
    general:
        analysisSampleRate: 44100
        endTime: 2000
        equalLoudness: 1
        nequalLoudness: 0
        shortSound: 0
        startTime: 0
    lowlevel:
        compute: 1
        frameSize: 2048
        hopSize: 1024
        zeroPadding: 0
        silentFrames: "noise"
        windowType: "blackmanharris62"
        mfccStats: ["mean", "cov", "icov"]
        stats: ["mean", "var", "median", "min", "max", "dmean", "dmean2", "dvar", "dvar2"]
    panning:
        compute: 0
        frameSize: 8192
        hopSize: 2048
        zeroPadding: 8192
        silentFrames: "noise"
        windowType: "hann"
        stats: ["copy"]
    rhythm:
        compute: 1
        maxTempo: 208
        minTempo: 40
        method: "degara"
        stats: ["mean", "var", "median", "min", "max", "dmean", "dmean2", "dvar", "dvar2"]
    segmentation:
        compute: 0
        cpw: 5
        inc1: 300
        inc2: 50
        minimumSegmentsLength: 10
        size1: 1000
        size2: 600
    sfx:
        compute: 1
        stats: ["mean", "var", "median", "min", "max", "dmean", "dmean2", "dvar", "dvar2"]
    svm:
        compute: 0
    tonal:
        compute: 1
        frameSize: 4096
        hopSize: 2048
        zeroPadding: 0
        silentFrames: "noise"
        windowType: "blackmanharris62"
        stats: ["mean", "var", "median", "min", "max", "dmean", "dmean2", "dvar", "dvar2"]

lowlevel:
    average_loudness: 0.953872561455
    barkbands_kurtosis:
        dmean: 1.19783890247
        dmean2: 1.95874249935
        dvar: 5.37616157532
        dvar2: 15.4205541611
        max: 91.9054870605
        mean: 0.13242700696
        median: -0.677402019501
        min: -1.90860033035
        var: 11.3058576584
    barkbands_skewness:
        dmean: 0.495925098658
        dmean2: 0.772089481354
        dvar: 0.258215606213
        dvar2: 0.603067517281
        max: 6.55169868469
        mean: -0.598475515842
        median: -0.732152938843
        min: -4.75122499466
        var: 0.957828998566
    barkbands_spread:
        dmean: 7.83551979065
        dmean2: 12.5198135376
        dvar: 53.5804710388
        dvar2: 126.802444458
        max: 84.0233840942
        mean: 38.1358528137
        median: 38.8934707642
        min: 1.00641477108
        var: 194.177719116
    dissonance:
        dmean: 0.00662785302848
        dmean2: 0.0113643985242
        dvar: 6.32440060144e-005
        dvar2: 0.000168736209162
        max: 0.500000178814
        mean: 0.489503204823
        median: 0.492306232452
        min: 0.350407749414
        var: 0.000115176044346
    hfc:
        dmean: 3.18627142906
        dmean2: 4.71990585327
        dvar: 14.2930049896
        dvar2: 29.6468544006
        max: 46.8698806763
        mean: 11.5781421661
        median: 10.8513374329
        min: 6.30259455647e-006
        var: 50.0476455688
    pitch:
        dmean: 1032.12219238
        dmean2: 1943.6151123
        dvar: 1669642.125
        dvar2: 3921871
        max: 4968.56152344
        mean: 2034.30322266
        median: 2822.3815918
        min: 47.0093994141
        var: 2337478
    pitch_instantaneous_confidence:
        dmean: 0.0850694924593
        dmean2: 0.139986678958
        dvar: 0.00516984239221
        dvar2: 0.0128373941407
        max: 0.918480753899
        mean: 0.370761841536
        median: 0.345630228519
        min: 0.0927798748016
        var: 0.0171221643686
    pitch_salience:
        dmean: 0.0603091828525
        dmean2: 0.100467585027
        dvar: 0.00324832741171
        dvar2: 0.00882832240313
        max: 0.866185843945
        mean: 0.656641066074
        median: 0.670278310776
        min: 0.146654352546
        var: 0.00705715455115
    silence_rate_20dB:
        dmean: 0
        dmean2: 0
        dvar: 0
        dvar2: 0
        max: 1
        mean: 1
        median: 1
        min: 1
        var: 0
    silence_rate_30dB:
        dmean: 0
        dmean2: 0
        dvar: 0
        dvar2: 0
        max: 1
        mean: 1
        median: 1
        min: 1
        var: 0
    silence_rate_60dB:
        dmean: 0.0831096097827
        dmean2: 0.166238620877
        dvar: 0.0761959478259
        dvar2: 0.156340539455
        max: 1
        mean: 0.200746968389
        median: 0
        min: 0
        var: 0.160435810685
    spectral_centroid:
        dmean: 331.724365234
        dmean2: 519.477355957
        dvar: 111908.820313
        dvar2: 255080.328125
        max: 4398.27783203
        mean: 2133.61669922
        median: 2242.86230469
        min: 143.06427002
        var: 397731.65625
    spectral_complexity:
        dmean: 4.48161554337
        dmean2: 6.81274795532
        dvar: 20.8083152771
        dvar2: 41.5574455261
        max: 50
        mean: 18.4300880432
        median: 19
        min: 0
        var: 90.6058273315
    spectral_crest:
        dmean: 1.81709063053
        dmean2: 3.06434583664
        dvar: 3.24196171761
        dvar2: 8.67758655548
        max: 25.0539493561
        mean: 6.52452611923
        median: 5.78017377853
        min: 2.14890861511
        var: 6.92393875122
    spectral_decrease:
        dmean: 2.86692003471e-010
        dmean2: 4.36888997202e-010
        dvar: 1.36415912436e-019
        dvar2: 3.17184060245e-019
        max: -5.39271149166e-016
        mean: -1.09315245744e-009
        median: -1.05766451153e-009
        min: -4.28561186538e-009
        var: 2.88157956508e-019
    spectral_energy:
        dmean: 0.00131336553022
        dmean2: 0.00197582715191
        dvar: 2.64420259555e-006
        dvar2: 5.8799028011e-006
        max: 0.0168369207531
        mean: 0.00517597049475
        median: 0.00499960407615
        min: 2.60699617449e-009
        var: 6.6213115133e-006
    spectral_energyband_high:
        dmean: 0.000239026529016
        dmean2: 0.000368939043256
        dvar: 8.93767335697e-008
        dvar2: 2.00112040716e-007
        max: 0.00545389484614
        mean: 0.000647411274258
        median: 0.000538784195669
        min: 4.06970762645e-010
        var: 2.70548383696e-007
    spectral_energyband_low:
        dmean: 0.000485704425955
        dmean2: 0.000810383062344
        dvar: 8.21309072307e-007
        dvar2: 2.18496984417e-006
        max: 0.0121459849179
        mean: 0.000832961522974
        median: 0.000571599346586
        min: 5.34867428126e-011
        var: 8.6018900447e-007
    spectral_energyband_middle_high:
        dmean: 0.000899647769984
        dmean2: 0.00135460891761
        dvar: 1.1553713648e-006
        dvar2: 2.44527655013e-006
        max: 0.0136164426804
        mean: 0.00310743856244
        median: 0.00289792567492
        min: 1.51177215191e-009
        var: 4.00750968765e-006
    spectral_energyband_middle_low:
        dmean: 0.000417357659899
        dmean2: 0.000716536364052
        dvar: 5.60438763841e-007
        dvar2: 1.58082548296e-006
        max: 0.0101701784879
        mean: 0.000727917824406
        median: 0.000530925695784
        min: 6.46820819128e-010
        var: 5.68344262319e-007
    spectral_flatness_db:
        dmean: 0.0155775509775
        dmean2: 0.0253890845925
        dvar: 0.000231765268836
        dvar2: 0.000610915885773
        max: 0.396717935801
        mean: 0.13218639791
        median: 0.127366408706
        min: 0.0661914795637
        var: 0.000787866243627
    spectral_flux:
        dmean: 0.00801766477525
        dmean2: 0.0120389536023
        dvar: 9.09278605832e-005
        dvar2: 0.00017872544413
        max: 0.116945542395
        mean: 0.0460374131799
        median: 0.0457604974508
        min: 0.00015132848057
        var: 0.000238012085902
    spectral_kurtosis:
        dmean: 0.779830515385
        dmean2: 1.24811577797
        dvar: 1.75505638123
        dvar2: 4.77548933029
        max: 35.7518577576
        mean: 3.10113334656
        median: 2.93533802032
        min: -0.826941549778
        var: 3.3715736866
    spectral_rms:
        dmean: 0.00028369112988
        dmean2: 0.000417098286562
        dvar: 1.05804161876e-007
        dvar2: 2.21256229338e-007
        max: 0.00405293283984
        mean: 0.002167141065
        median: 0.00220854301006
        min: 1.59480748607e-006
        var: 3.53234355543e-007
    spectral_rolloff:
        dmean: 369.490539551
        dmean2: 602.285400391
        dvar: 253825.1875
        dvar2: 595480.125
        max: 7149.0234375
        mean: 3654.92700195
        median: 3746.77734375
        min: 86.1328125
        var: 617441.4375
    spectral_skewness:
        dmean: 0.134211346507
        dmean2: 0.211146369576
        dvar: 0.027493564412
        dvar2: 0.0688417032361
        max: 4.60427045822
        mean: 1.31986308098
        median: 1.30785703659
        min: 0.158529579639
        var: 0.09768088907
    spectral_spread:
        dmean: 548164.1875
        dmean2: 795137.5
        dvar: 340853915648
        dvar2: 653061193728
        max: 13737783
        mean: 5473225
        median: 5319393
        min: 1119325.75
        var: 1.47072470221e+012
    spectral_strongpeak:
        dmean: 0.616946160793
        dmean2: 1.06799042225
        dvar: 0.828547716141
        dvar2: 2.06546354294
        max: 9.96934604645
        mean: 0.811733663082
        median: 0.167326807976
        min: 6.47312626825e-005
        var: 1.38080024719
    zerocrossingrate:
        dmean: 0.00960028078407
        dmean2: 0.0112713966519
        dvar: 8.76324629644e-005
        dvar2: 0.000108829008241
        max: 0.22216796875
        mean: 0.11681547761
        median: 0.12109375
        min: 0.00830078125
        var: 0.000678306969348
    barkbands:
        dmean: [3.19826108353e-006, 0.000223607741646, 0.000266322080279, 0.000196659937501, 0.000206679935218, 6.32709197816e-005, 4.69911792607e-005, 2.87969323836e-005, 2.8171154554e-005, 3.14164899464e-005, 3.70028428733e-005, 5.25095965713e-005, 8.87367641553e-005, 0.000117382580356, 0.000146106060129, 0.000150671534357, 0.000211837061215, 0.000339613849064, 0.000309129740344, 0.000252407364314, 0.000129771578941, 3.12446354656e-005, 9.98590076051e-006, 4.86405087941e-006, 2.48974242822e-006, 1.44286218529e-007, 2.36831304568e-010]
        dmean2: [4.68791768071e-006, 0.000375424366212, 0.000453437532997, 0.000350698275724, 0.000350926478859, 0.000107601314085, 7.94401566964e-005, 4.80394664919e-005, 4.59852053609e-005, 5.19256391271e-005, 6.04283595749e-005, 8.61947264639e-005, 0.000144238641951, 0.000187280165846, 0.000239068569499, 0.000245140836341, 0.000339696242008, 0.0005438462249, 0.000488728983328, 0.000415227084886, 0.000204665077035, 4.88251971547e-005, 1.52727334353e-005, 7.20888556316e-006, 3.76367006538e-006, 2.25873293402e-007, 4.28857171997e-010]
        dvar: [1.04051775876e-011, 1.28031160784e-007, 3.43974619454e-007, 1.95699584538e-007, 1.40211483313e-007, 1.68420744018e-008, 1.00194164077e-008, 3.96579968864e-009, 3.51151330236e-009, 5.33926947099e-009, 5.49205569911e-009, 8.65209681677e-009, 2.7319288165e-008, 4.04756299588e-008, 5.60627597679e-008, 5.61106645591e-008, 9.9671453313e-008, 1.92262859855e-007, 1.48511645648e-007, 1.12389585638e-007, 3.32550591509e-008, 2.64013277906e-009, 2.27984395251e-010, 4.82782251676e-011, 1.12695954999e-011, 3.99632312919e-014, 8.33121708056e-020]
        dvar2: [2.33574288383e-011, 3.43945004033e-007, 9.4867664302e-007, 5.69172641463e-007, 3.83340193366e-007, 4.67280294458e-008, 2.67205120252e-008, 1.01229078453e-008, 8.94947849162e-009, 1.39155744705e-008, 1.33420945403e-008, 2.17102051892e-008, 6.40541770736e-008, 9.34616863901e-008, 1.47549926055e-007, 1.35019490699e-007, 2.40463407408e-007, 4.84062240957e-007, 3.60004378308e-007, 2.80992594526e-007, 7.9941344211e-008, 5.9166840316e-009, 4.75180395032e-010, 9.59975987591e-011, 2.5218969274e-011, 9.16631747176e-014, 2.56438733643e-019]
        max: [4.26637889177e-005, 0.00346112460829, 0.00774819077924, 0.00671927910298, 0.00705196987838, 0.00322322989814, 0.00183122069575, 0.0011183655588, 0.00132529414259, 0.00234415126033, 0.00168202957138, 0.00292859086767, 0.00289700133726, 0.00409657740965, 0.00519822072238, 0.00396074634045, 0.0061160470359, 0.00791497528553, 0.00792787130922, 0.00503923324868, 0.00424602814019, 0.00132238795049, 0.000362422084436, 0.000119655785966, 5.72017161176e-005, 3.51514790964e-006, 2.51007303831e-009]
        mean: [9.13739313546e-006, 0.000369281275198, 0.000337852339726, 0.000208184908843, 0.000279533705907, 8.87274436536e-005, 6.03355947533e-005, 3.51714843418e-005, 3.99022028432e-005, 4.54546861874e-005, 5.63720968785e-005, 8.34050224512e-005, 0.00014095743245, 0.000190758335521, 0.000245375034865, 0.000265162263531, 0.00040179406642, 0.000704810314346, 0.000674096285366, 0.000529889308382, 0.000299339910271, 6.89634252922e-005, 2.34277940763e-005, 1.20653567137e-005, 5.68080622543e-006, 2.89350282401e-007, 2.12067266525e-010]
        median: [7.08377046976e-006, 0.000250810466241, 0.000155695888679, 8.80029256223e-005, 0.000157587521244, 4.73372128909e-005, 2.48324849963e-005, 1.42657718243e-005, 1.54755725816e-005, 2.04417083296e-005, 2.47654788836e-005, 4.29661595263e-005, 6.96393981343e-005, 0.000102514066384, 0.000147255399497, 0.000171691615833, 0.000282343127765, 0.000524463364854, 0.000551661360078, 0.000411979388446, 0.000226422504056, 5.14748098794e-005, 1.77300134965e-005, 8.58808834892e-006, 4.63097694592e-006, 2.18123147988e-007, 1.05216876878e-010]
        min: [1.13612834147e-013, 1.21346997121e-012, 1.82852101516e-011, 1.42780474943e-011, 8.01816529838e-011, 3.71056352311e-010, 9.58309195886e-011, 1.87511135091e-011, 2.48572551431e-011, 8.0595113916e-011, 6.65453456228e-011, 2.26012663446e-011, 5.79978357007e-011, 4.77057907067e-011, 1.92305858737e-011, 9.80699410569e-011, 2.31336297341e-010, 4.09817707547e-010, 3.73621272809e-010, 2.5125734826e-010, 1.06823841439e-010, 1.10265470366e-010, 2.00365540132e-011, 5.03011044276e-012, 1.24806137647e-011, 8.0803419511e-013, 1.07702331415e-014]
        var: [6.53350359925e-011, 1.52012020749e-007, 2.99102850931e-007, 1.56315365984e-007, 1.53211459519e-007, 1.98695904174e-008, 1.1554597279e-008, 4.92751572878e-009, 6.02477223666e-009, 7.93340770855e-009, 1.04572546178e-008, 1.66759299702e-008, 4.9931710322e-008, 7.54316502594e-008, 9.99434064397e-008, 1.06964684221e-007, 2.02557103535e-007, 4.84856286675e-007, 3.27579982695e-007, 2.43522890742e-007, 8.61990017142e-008, 5.38555156027e-009, 5.26039434234e-010, 1.63721730617e-010, 2.54935118155e-011, 8.3640586861e-014, 7.93646581273e-020]
    frequency_bands:
        dmean: [3.19826108353e-006, 0.000223607741646, 0.000266322080279, 0.000196659937501, 0.000206679935218, 6.32709197816e-005, 4.69911792607e-005, 2.87969323836e-005, 2.8171154554e-005, 3.14164899464e-005, 3.70028428733e-005, 5.25095965713e-005, 8.87367641553e-005, 0.000117382580356, 0.000146106060129, 0.000150671534357, 0.000211837061215, 0.000339613849064, 0.000309129740344, 0.000252407364314, 0.000129771578941, 3.12446354656e-005, 9.98590076051e-006, 4.86405087941e-006, 2.48974242822e-006, 1.44286218529e-007, 2.36831304568e-010, 6.03327596216e-011]
        dmean2: [4.68791768071e-006, 0.000375424366212, 0.000453437532997, 0.000350698275724, 0.000350926478859, 0.000107601314085, 7.94401566964e-005, 4.80394664919e-005, 4.59852053609e-005, 5.19256391271e-005, 6.04283595749e-005, 8.61947264639e-005, 0.000144238641951, 0.000187280165846, 0.000239068569499, 0.000245140836341, 0.000339696242008, 0.0005438462249, 0.000488728983328, 0.000415227084886, 0.000204665077035, 4.88251971547e-005, 1.52727334353e-005, 7.20888556316e-006, 3.76367006538e-006, 2.25873293402e-007, 4.28857171997e-010, 1.11626645427e-010]
        dvar: [1.04051775876e-011, 1.28031160784e-007, 3.43974619454e-007, 1.95699584538e-007, 1.40211483313e-007, 1.68420744018e-008, 1.00194164077e-008, 3.96579968864e-009, 3.51151330236e-009, 5.33926947099e-009, 5.49205569911e-009, 8.65209681677e-009, 2.7319288165e-008, 4.04756299588e-008, 5.60627597679e-008, 5.61106645591e-008, 9.9671453313e-008, 1.92262859855e-007, 1.48511645648e-007, 1.12389585638e-007, 3.32550591509e-008, 2.64013277906e-009, 2.27984395251e-010, 4.82782251676e-011, 1.12695954999e-011, 3.99632312919e-014, 8.33121708056e-020, 6.26885774248e-021]
        dvar2: [2.33574288383e-011, 3.43945004033e-007, 9.4867664302e-007, 5.69172641463e-007, 3.83340193366e-007, 4.67280294458e-008, 2.67205120252e-008, 1.01229078453e-008, 8.94947849162e-009, 1.39155744705e-008, 1.33420945403e-008, 2.17102051892e-008, 6.40541770736e-008, 9.34616863901e-008, 1.47549926055e-007, 1.35019490699e-007, 2.40463407408e-007, 4.84062240957e-007, 3.60004378308e-007, 2.80992594526e-007, 7.9941344211e-008, 5.9166840316e-009, 4.75180395032e-010, 9.59975987591e-011, 2.5218969274e-011, 9.16631747176e-014, 2.56438733643e-019, 1.97619829908e-020]
        max: [4.26637889177e-005, 0.00346112460829, 0.00774819077924, 0.00671927910298, 0.00705196987838, 0.00322322989814, 0.00183122069575, 0.0011183655588, 0.00132529414259, 0.00234415126033, 0.00168202957138, 0.00292859086767, 0.00289700133726, 0.00409657740965, 0.00519822072238, 0.00396074634045, 0.0061160470359, 0.00791497528553, 0.00792787130922, 0.00503923324868, 0.00424602814019, 0.00132238795049, 0.000362422084436, 0.000119655785966, 5.72017161176e-005, 3.51514790964e-006, 2.51007303831e-009, 7.10973169227e-010]
        mean: [9.13739313546e-006, 0.000369281275198, 0.000337852339726, 0.000208184908843, 0.000279533705907, 8.87274436536e-005, 6.03355947533e-005, 3.51714843418e-005, 3.99022028432e-005, 4.54546861874e-005, 5.63720968785e-005, 8.34050224512e-005, 0.00014095743245, 0.000190758335521, 0.000245375034865, 0.000265162263531, 0.00040179406642, 0.000704810314346, 0.000674096285366, 0.000529889308382, 0.000299339910271, 6.89634252922e-005, 2.34277940763e-005, 1.20653567137e-005, 5.68080622543e-006, 2.89350282401e-007, 2.12067266525e-010, 4.74343411772e-011]
        median: [7.08377046976e-006, 0.000250810466241, 0.000155695888679, 8.80029256223e-005, 0.000157587521244, 4.73372128909e-005, 2.48324849963e-005, 1.42657718243e-005, 1.54755725816e-005, 2.04417083296e-005, 2.47654788836e-005, 4.29661595263e-005, 6.96393981343e-005, 0.000102514066384, 0.000147255399497, 0.000171691615833, 0.000282343127765, 0.000524463364854, 0.000551661360078, 0.000411979388446, 0.000226422504056, 5.14748098794e-005, 1.77300134965e-005, 8.58808834892e-006, 4.63097694592e-006, 2.18123147988e-007, 1.05216876878e-010, 1.90157195545e-011]
        min: [1.13612834147e-013, 1.21346997121e-012, 1.82852101516e-011, 1.42780474943e-011, 8.01816529838e-011, 3.71056352311e-010, 9.58309195886e-011, 1.87511135091e-011, 2.48572551431e-011, 8.0595113916e-011, 6.65453456228e-011, 2.26012663446e-011, 5.79978357007e-011, 4.77057907067e-011, 1.92305858737e-011, 9.80699410569e-011, 2.31336297341e-010, 4.09817707547e-010, 3.73621272809e-010, 2.5125734826e-010, 1.06823841439e-010, 1.10265470366e-010, 2.00365540132e-011, 5.03011044276e-012, 1.24806137647e-011, 8.0803419511e-013, 1.07702331415e-014, 6.17541413945e-017]
        var: [6.53350359925e-011, 1.52012020749e-007, 2.99102850931e-007, 1.56315365984e-007, 1.53211459519e-007, 1.98695904174e-008, 1.1554597279e-008, 4.92751572878e-009, 6.02477223666e-009, 7.93340770855e-009, 1.04572546178e-008, 1.66759299702e-008, 4.9931710322e-008, 7.54316502594e-008, 9.99434064397e-008, 1.06964684221e-007, 2.02557103535e-007, 4.84856286675e-007, 3.27579982695e-007, 2.43522890742e-007, 8.61990017142e-008, 5.38555156027e-009, 5.26039434234e-010, 1.63721730617e-010, 2.54935118155e-011, 8.3640586861e-014, 7.93646581273e-020, 5.2227384161e-021]
    mfcc:
        mean: [-689.323425293, 69.8201065063, -45.4553718567, 62.1120796204, 10.7960224152, 11.042383194, 10.5492420197, 0.126310408115, -2.43692088127, -0.319226145744, 0.486270010471, 0.207532018423, -3.49064779282]
        cov: [[2192.38671875, -477.662414551, -223.875015259, -26.5829944611, -68.3460617065, 15.1592550278, -25.4429397583, -8.74341869354, 28.3025112152, 3.93210053444, -24.6734771729, 10.0364465714, -20.3181476593], [-477.662414551, 637.314941406, 3.09450340271, -4.65177965164, -7.75203084946, -47.5786590576, -16.5561523438, -37.8003005981, -22.9543247223, -23.6357002258, 3.8732790947, -26.2145519257, 1.84444117546], [-223.875015259, 3.09450340271, 422.905792236, 85.2243881226, 62.6681594849, 9.03946495056, -10.8184595108, 4.12840127945, -19.0065345764, -19.1189994812, -29.0487346649, 7.94882965088, -19.4088802338], [-26.5829944611, -4.65177965164, 85.2243881226, 274.367919922, 142.495498657, 34.2757835388, -24.9287700653, -7.98670387268, 25.9055767059, -8.84470462799, -13.3407716751, 3.43555784225, 24.106212616], [-68.3460617065, -7.75203084946, 62.6681594849, 142.495498657, 215.660827637, 46.7018356323, -15.5219135284, -3.75351166725, 25.2094173431, 9.39274501801, -12.488861084, -3.57396459579, 15.0137815475], [15.1592550278, -47.5786590576, 9.03946495056, 34.2757835388, 46.7018356323, 145.93170166, 57.1896247864, 24.0620708466, 15.5405349731, 6.34280109406, 9.57320022583, -13.108379364, -0.56226503849], [-25.4429397583, -16.5561523438, -10.8184595108, -24.9287700653, -15.5219135284, 57.1896247864, 134.004959106, 54.665348053, 3.70221328735, 5.41893720627, 13.3926362991, -1.43210995197, -12.4376831055], [-8.74341869354, -37.8003005981, 4.12840127945, -7.98670387268, -3.75351166725, 24.0620708466, 54.665348053, 99.0990753174, 23.6929092407, 4.17279529572, 7.29161405563, 0.449804365635, 2.42815685272], [28.3025112152, -22.9543247223, -19.0065345764, 25.9055767059, 25.2094173431, 15.5405349731, 3.70221328735, 23.6929092407, 98.2458648682, 30.6950721741, 4.78971672058, 1.73187708855, 5.00460958481], [3.93210053444, -23.6357002258, -19.1189994812, -8.84470462799, 9.39274501801, 6.34280109406, 5.41893720627, 4.17279529572, 30.6950721741, 73.1413955688, 24.7949943542, 8.38681983948, -2.93693494797], [-24.6734771729, 3.8732790947, -29.0487346649, -13.3407716751, -12.488861084, 9.57320022583, 13.3926362991, 7.29161405563, 4.78971672058, 24.7949943542, 66.3319778442, 23.1219005585, 5.08693552017], [10.0364465714, -26.2145519257, 7.94882965088, 3.43555784225, -3.57396459579, -13.108379364, -1.43210995197, 0.449804365635, 1.73187708855, 8.38681983948, 23.1219005585, 67.1569137573, 21.8409900665], [-20.3181476593, 1.84444117546, -19.4088802338, 24.106212616, 15.0137815475, -0.56226503849, -12.4376831055, 2.42815685272, 5.00460958481, -2.93693494797, 5.08693552017, 21.8409900665, 75.8134384155]]
        icov: [[0.000608516682405, 0.000449583487352, 0.000357147364412, -0.00012251836597, 0.000229592667893, -0.000110004541057, 0.000192251522094, 0.000119367919979, -0.000110894834506, 0.000112934038043, 0.000346746994182, -0.000187705823919, 0.000306474248646], [0.000449583487352, 0.00207054149359, 0.000158966693562, -7.2586335591e-005, 3.39665239153e-005, 0.000705684127752, -0.000262479268713, 0.000834880280308, -0.000112841327791, 0.000724708021153, -0.000646259228233, 0.0010407040827, -0.000158330236445], [0.000357147364412, 0.000158966693562, 0.00302799674682, -0.000809519959148, -0.000285759335384, -0.000288945826469, 0.000485295517137, -0.000651299196761, 0.000813986000139, 0.000161326359375, 0.00150846259203, -0.0014271348482, 0.00154180894606], [-0.00012251836597, -7.2586335591e-005, -0.000809519959148, 0.00611442513764, -0.00354524888098, -0.000479619542602, 0.000525076349732, 0.000476428656839, -0.00130698515568, 0.00154843938071, -0.000250789191341, -0.000185457654879, -0.0011965718586], [0.000229592667893, 3.39665239153e-005, -0.000285759335384, -0.00354524888098, 0.00791260506958, -0.00207947730087, 0.00102830177639, 7.41066396586e-005, -0.000430605578003, -0.00178571336437, 0.00152120378334, 9.44013008848e-005, -0.00047127113794], [-0.000110004541057, 0.000705684127752, -0.000288945826469, -0.000479619542602, -0.00207947730087, 0.0101333092898, -0.00468042166904, 0.000647320353892, -0.000854538753629, 0.000595679855905, -0.00249978387728, 0.00323222810403, -0.000953692069743], [0.000192251522094, -0.000262479268713, 0.000485295517137, 0.000525076349732, 0.00102830177639, -0.00468042166904, 0.0123926531523, -0.0060687949881, 0.00137209473178, -0.000465313671157, -0.000159749921295, -0.00144731067121, 0.00232337764464], [0.000119367919979, 0.000834880280308, -0.000651299196761, 0.000476428656839, 7.41066396586e-005, 0.000647320353892, -0.0060687949881, 0.0146672930568, -0.00387463369407, 0.00153843662702, -0.00122516951524, 0.0011510590557, -0.00171584251802], [-0.000110894834506, -0.000112841327791, 0.000813986000139, -0.00130698515568, -0.000430605578003, -0.000854538753629, 0.00137209473178, -0.00387463369407, 0.0136075774208, -0.0059527810663, 0.00161156081595, -0.000314375560265, -0.000121307864902], [0.000112934038043, 0.000724708021153, 0.000161326359375, 0.00154843938071, -0.00178571336437, 0.000595679855905, -0.000465313671157, 0.00153843662702, -0.0059527810663, 0.0191695224494, -0.0069050793536, -0.000162581069162, 0.00143974402454], [0.000346746994182, -0.000646259228233, 0.00150846259203, -0.000250789191341, 0.00152120378334, -0.00249978387728, -0.000159749921295, -0.00122516951524, 0.00161156081595, -0.0069050793536, 0.0217888671905, -0.00777117814869, 0.000670731591526], [-0.000187705823919, 0.0010407040827, -0.0014271348482, -0.000185457654879, 9.44013008848e-005, 0.00323222810403, -0.00144731067121, 0.0011510590557, -0.000314375560265, -0.000162581069162, -0.00777117814869, 0.0207898654044, -0.00610448233783], [0.000306474248646, -0.000158330236445, 0.00154180894606, -0.0011965718586, -0.00047127113794, -0.000953692069743, 0.00232337764464, -0.00171584251802, -0.000121307864902, 0.00143974402454, 0.000670731591526, -0.00610448233783, 0.0163512341678]]
    sccoeffs:
        dmean: [0.0541454069316, 0.0495768263936, 0.0368471741676, 0.0316677577794, 0.0216384604573, 0.0177561491728]
        dmean2: [0.0895643308759, 0.0831979140639, 0.0619256161153, 0.052045121789, 0.0356233529747, 0.0278667826205]
        dvar: [0.0018942853203, 0.00154091417789, 0.000833420839626, 0.000659733894281, 0.000301357853459, 0.000229405472055]
        dvar2: [0.00511418888345, 0.00421477667987, 0.00230015208945, 0.001702997135, 0.000793370651081, 0.000532455858774]
        max: [-0.371820509434, -0.443711072206, -0.516882419586, -0.579203546047, -0.62941712141, -0.545323371887]
        mean: [-0.69677489996, -0.776523828506, -0.809331715107, -0.783424079418, -0.787370741367, -0.766770541668]
        median: [-0.703170776367, -0.783331274986, -0.816318809986, -0.789853155613, -0.791446745396, -0.767541468143]
        min: [-0.955393016338, -0.915988683701, -0.939375698566, -0.921306908131, -0.916213393211, -0.885061860085]
        var: [0.0046243397519, 0.00375756504945, 0.00251170573756, 0.00223291199654, 0.00110397604294, 0.000976843060926]
    scvalleys:
        dmean: [0.386064648628, 0.410979419947, 0.333501309156, 0.285790324211, 0.242269665003, 0.255116403103]
        dmean2: [0.634929776192, 0.673923552036, 0.542266011238, 0.448893219233, 0.356383264065, 0.347891747952]
        dvar: [0.11017652601, 0.132841125131, 0.0929048284888, 0.0827325060964, 0.0821834132075, 0.110382474959]
        dvar2: [0.270727396011, 0.343370199203, 0.224120885134, 0.175991356373, 0.157145410776, 0.20500908792]
        max: [-4.71392440796, -5.23448038101, -5.11144018173, -5.50130367279, -5.37086963654, -7.61650466919]
        mean: [-6.3723897934, -7.15021133423, -7.27618074417, -6.85177326202, -6.60660505295, -8.92318344116]
        median: [-6.2652130127, -7.12576723099, -7.22302818298, -6.7552485466, -6.4574136734, -8.76782512665]
        min: [-14.6558465958, -13.6022291183, -13.6865224838, -13.9435091019, -13.3609046936, -15.4686174393]
        var: [0.402731776237, 0.346598654985, 0.344500124454, 0.339538812637, 0.351432591677, 0.456322461367]

rhythm:
    beats_loudness:
        dmean: 0.002602762077
        dmean2: 0.00486882217228
        dvar: 4.76529339721e-006
        dvar2: 1.57432714332e-005
        max: 0.0155147621408
        mean: 0.00651630945504
        median: 0.00635888706893
        min: 1.32406539706e-005
        var: 5.09604888066e-006
    bpm: 141.935073853
    bpm_confidence: 0
    first_peak_bpm: 144
    first_peak_spread: 0.435448557138
    first_peak_weight: 0.552462518215
    onset_rate: 2.83527588844
    second_peak_bpm: 136
    second_peak_spread: 0
    second_peak_weight: 0.010706637986
    beats_loudness_band_ratio:
        dmean: [0.16299495101, 0.058898370713, 0.0219346769154, 0.06121186167, 0.148403048515, 0.107069216669]
        dmean2: [0.298633664846, 0.110278762877, 0.0372451543808, 0.10798741132, 0.272752761841, 0.186844557524]
        dvar: [0.0215099751949, 0.00511037930846, 0.000831890210975, 0.00485992245376, 0.0137282693759, 0.00745032122359]
        dvar2: [0.0611216463149, 0.0156822558492, 0.00225887144916, 0.0124564580619, 0.0421406887472, 0.0207049828023]
        max: [0.87028491497, 0.625145673752, 0.317914664745, 0.609430968761, 0.759907960892, 0.786972463131]
        mean: [0.176477015018, 0.0584777891636, 0.0282611772418, 0.0796861052513, 0.368875622749, 0.318477034569]
        median: [0.12947255373, 0.0386985391378, 0.018820790574, 0.0558082647622, 0.384726822376, 0.315412551165]
        min: [0.00119652191643, 0.000799579080194, 0.00119296007324, 8.74235702213e-005, 0.000339831545716, 0.000548042589799]
        var: [0.0247062854469, 0.00403538625687, 0.000893797609024, 0.0052137626335, 0.0193105544895, 0.0111360680312]
    beats_position: [0.476009070873, 0.96362811327, 1.45124709606, 1.95047616959, 2.43809509277, 2.92571425438, 3.36689329147, 3.80807256699, 4.23764181137, 4.67882061005, 5.10838985443, 5.54956912994, 5.99074840546, 6.40870714188, 6.82666635513, 7.24462556839, 7.67419481277, 8.10376358032, 8.52172279358, 8.93968200684, 9.35764122009, 9.78721046448, 10.2051696777, 10.6347389221, 11.0643081665, 11.4822673798, 11.9118366241, 12.3297958374, 12.7477550507, 13.177324295, 13.6068935394, 14.0248527527, 14.4428119659, 14.8607711792, 15.2787294388, 15.7082986832, 16.1378688812, 16.5558280945, 16.9853973389, 17.4033565521, 17.8329238892, 18.2508831024, 18.6688423157, 19.0868015289, 19.5047607422, 19.9343299866, 20.3522891998, 20.7818584442, 21.1998176575, 21.6293869019, 22.0589561462, 22.4769153595, 22.8948745728, 23.312833786, 23.7307929993, 24.1603622437, 24.589931488, 25.0078907013, 25.4258499146, 25.8554191589, 26.2849884033, 26.7029476166, 27.1209068298, 27.5388660431, 27.9684352875, 28.3980045319, 28.8159637451, 29.2339229584, 29.6518821716, 30.081451416, 30.5110206604, 30.9289798737, 31.3469390869, 31.776506424, 32.2060775757, 32.6240348816, 33.0419960022, 33.4599533081, 33.8779144287, 34.3074836731, 34.7370529175, 35.1550102234, 35.572971344, 35.9909286499, 36.4088897705, 36.8384590149, 37.2680282593, 37.6859855652, 38.1039466858, 38.5219039917, 38.9398651123, 39.369430542, 39.7989997864, 40.2285690308, 40.6581382751, 41.0760993958, 41.4940567017, 41.9120178223, 42.3299751282, 42.7595443726, 43.1891136169, 43.6070747375, 44.0250320435, 44.4429931641, 44.8725624084, 45.2905197144, 45.708480835, 46.1380500793, 46.5560073853, 46.9855766296, 47.4035377502, 47.8331069946, 48.2510643005, 48.6806335449, 49.0985946655, 49.5281639099, 49.9461212158, 50.3640823364, 50.7936515808, 51.2232208252, 51.6411781311, 52.0591392517, 52.4887046814, 52.9182739258, 53.3362350464, 53.7541923523, 54.1721534729, 54.6017227173, 55.0312919617, 55.4492492676, 55.8672103882, 56.2851676941, 56.7147369385, 57.1443061829, 57.5622673035, 57.9802246094, 58.4097938538, 58.8393630981, 59.2573242188, 59.6752815247, 60.0932426453, 60.5111999512, 60.9291610718, 61.3587303162, 61.7882995605, 62.2178688049, 62.6358261108, 63.0537872314, 63.4717445374, 63.889705658, 64.3192749023, 64.7372360229, 65.1551895142, 65.5847625732, 66.0143280029, 66.4322891235, 66.8618545532, 67.2914276123, 67.7093887329, 68.1273422241, 68.5453033447, 68.9748764038, 69.392829895, 69.8107910156, 70.2403640747, 70.6583175659, 71.087890625, 71.5058517456, 71.9354171753, 72.3649902344, 72.7829437256, 73.2009048462, 73.6304779053, 74.060043335, 74.489616394, 74.9075698853, 75.3255310059, 75.7434921265, 76.1614532471, 76.5794067383, 77.0089797974, 77.4385452271, 77.8565063477, 78.2744674683, 78.6924285889, 79.1219940186, 79.5515594482, 79.9695205688, 80.3874816895, 80.8170471191, 81.2466201782, 81.6645812988, 82.08253479, 82.5004959106, 82.9184570313, 83.3480224609, 83.77759552, 84.1955566406, 84.6135101318, 85.0314712524, 85.4610443115, 85.8906097412, 86.3085708618, 86.7265319824, 87.1444854736, 87.5740585327, 88.0036239624, 88.421585083, 88.8395462036, 89.2575073242, 89.6754608154, 90.1050338745, 90.5345993042, 90.9641723633, 91.393737793, 91.8116989136, 92.2296600342, 92.6476211548, 93.0771865845, 93.4951477051, 93.9247131348, 94.3426742554, 94.760635376, 95.1785888672, 95.5965499878, 96.0145111084, 96.4440765381, 96.8736495972, 97.2916107178, 97.7211761475, 98.1507492065, 98.5687026978, 98.9866638184, 99.404624939, 99.8341903687, 100.263763428, 100.681724548, 101.111289978, 101.529251099, 101.947212219, 102.36516571, 102.783126831, 103.21269989, 103.64226532, 104.071838379, 104.48979187, 104.919364929, 105.33732605, 105.766891479, 106.1848526, 106.602806091, 107.020767212, 107.438728333, 107.868293762, 108.297866821, 108.715827942, 109.133781433, 109.563354492, 109.992919922, 110.410881042, 110.828842163, 111.246803284, 111.664756775, 112.094329834, 112.523895264, 112.953468323, 113.383033752, 113.800994873, 114.218955994, 114.648521423, 115.066482544, 115.484443665, 115.914009094, 116.331970215, 116.749931335, 117.167892456, 117.585845947, 118.015419006, 118.444984436, 118.862945557, 119.280906677, 119.710472107, 120.128433228, 120.546394348, 120.975959778, 121.393920898, 121.823486328, 122.22983551, 122.647796631, 123.065757751, 123.495323181, 123.92489624, 124.35446167, 124.784034729, 125.213600159, 125.631561279, 126.061134338, 126.47908783, 126.89704895, 127.315010071, 127.7445755, 128.17414856, 128.592102051, 129.010070801, 129.428024292, 129.845977783, 130.263946533, 130.693511963, 131.123077393, 131.541046143, 131.970611572, 132.400177002, 132.818145752, 133.236099243, 133.665664673, 134.095230103, 134.513198853, 134.931152344, 135.360717773, 135.767074585, 136.196640015, 136.626205444, 137.044174194, 137.462127686, 137.880081177, 138.309661865, 138.739227295, 139.157180786, 139.575149536, 139.993103027, 140.422668457, 140.852249146, 141.270202637, 141.688156128, 142.106124878, 142.535690308, 142.965255737, 143.383224487, 143.812789917, 144.230743408, 144.660308838, 145.078277588, 145.496231079, 145.914199829, 146.343765259, 146.773330688, 147.19128418, 147.60925293, 148.027206421, 148.445159912, 148.874740601, 149.30430603, 149.73387146, 150.15184021, 150.58140564, 150.999359131, 151.417327881, 151.835281372, 152.253234863, 152.682815552, 153.112380981, 153.530334473, 153.948303223, 154.366256714, 154.795822144, 155.225387573, 155.643356323, 156.072921753, 156.502487183, 156.920455933, 157.338409424, 157.756362915, 158.174331665, 158.603897095, 159.033462524, 159.451431274, 159.869384766, 160.298950195, 160.716918945, 161.134872437, 161.564437866, 161.982406616, 162.411972046, 162.841537476, 163.259490967, 163.677459717, 164.107025146, 164.524978638, 164.942947388, 165.372512817, 165.790466309, 166.208435059, 166.638000488, 167.067565918, 167.485534668, 167.903488159, 168.32144165, 168.7394104, 169.16897583, 169.586929321, 170.01651001, 170.446075439, 170.875640869, 171.293609619, 171.71156311, 172.129516602, 172.547485352, 172.977050781, 173.406616211, 173.836181641, 174.265762329, 174.695327759, 175.124893188, 175.53125, 175.949203491, 176.355545044, 176.773513794, 177.203079224, 177.632644653, 178.050613403, 178.468566895, 178.886520386, 179.316101074, 179.734054565, 180.163619995, 180.593200684, 181.011154175, 181.429107666, 181.858688354, 182.276641846, 182.694595337, 183.112564087, 183.530517578, 183.960083008, 184.389663696, 184.819229126, 185.237182617, 185.655151367, 186.073104858, 186.502670288, 186.932235718, 187.350204468, 187.768157959, 188.197723389, 188.615692139, 189.045257568, 189.474822998, 189.892791748, 190.322357178, 190.751922607, 191.169876099, 191.587844849, 192.00579834, 192.42376709, 192.841720581, 193.259674072, 193.689254761, 194.11882019, 194.536773682, 194.954742432, 195.384307861, 195.813873291, 196.231826782, 196.649795532, 197.067749023, 197.497314453, 197.926895142, 198.356460571]
