
metadata:
    version:
        essentia: "2.1-beta2"
    audio_properties:
        analysis_sample_rate: 44100
        bitrate: 281
        channels: 2
        equal_loudness: 1
        length: 216.215515137
        replay_gain: -15.2820205688
        downmix: "mix"
    tags:
        album: "L'Armée des Ombres"
        artist: "Mass Hysteria"
        comment: "You Like It? Buy It!"
        date: "2012"
        genre: "Metal"
        title: "L'homme s'entête"
        tracknumber: "2"

configuration:
    average_loudness:
        compute: 1
        frameSize: 88200
        hopSize: 44100
        silentFrames: "noise"
        windowType: "hann"
    general:
        analysisSampleRate: 44100
        endTime: 2000
        equalLoudness: 1
        nequalLoudness: 0
        shortSound: 0
        startTime: 0
    lowlevel:
        compute: 1
        frameSize: 2048
        hopSize: 1024
        zeroPadding: 0
        silentFrames: "noise"
        windowType: "blackmanharris62"
        mfccStats: ["mean", "cov", "icov"]
        stats: ["mean", "var", "median", "min", "max", "dmean", "dmean2", "dvar", "dvar2"]
    panning:
        compute: 0
        frameSize: 8192
        hopSize: 2048
        zeroPadding: 8192
        silentFrames: "noise"
        windowType: "hann"
        stats: ["copy"]
    rhythm:
        compute: 1
        maxTempo: 208
        minTempo: 40
        method: "degara"
        stats: ["mean", "var", "median", "min", "max", "dmean", "dmean2", "dvar", "dvar2"]
    segmentation:
        compute: 0
        cpw: 5
        inc1: 300
        inc2: 50
        minimumSegmentsLength: 10
        size1: 1000
        size2: 600
    sfx:
        compute: 1
        stats: ["mean", "var", "median", "min", "max", "dmean", "dmean2", "dvar", "dvar2"]
    svm:
        compute: 0
    tonal:
        compute: 1
        frameSize: 4096
        hopSize: 2048
        zeroPadding: 0
        silentFrames: "noise"
        windowType: "blackmanharris62"
        stats: ["mean", "var", "median", "min", "max", "dmean", "dmean2", "dvar", "dvar2"]

lowlevel:
    average_loudness: 0.866164684296
    barkbands_kurtosis:
        dmean: 0.738085865974
        dmean2: 1.09145331383
        dvar: 28.4453468323
        dvar2: 41.7927017212
        max: 777.072631836
        mean: -0.159918904305
        median: -1.26457846165
        min: -1.85316693783
        var: 268.014190674
    barkbands_skewness:
        dmean: 0.394376158714
        dmean2: 0.601148605347
        dvar: 0.126115038991
        dvar2: 0.280619889498
        max: 20.9081687927
        mean: -0.0918350145221
        median: -0.165268808603
        min: -3.58635663986
        var: 0.827073395252
    barkbands_spread:
        dmean: 5.32737874985
        dmean2: 8.55577945709
        dvar: 23.2291069031
        dvar2: 59.7139892578
        max: 64.6184310913
        mean: 35.1616783142
        median: 36.863697052
        min: 0.0803365632892
        var: 109.252868652
    dissonance:
        dmean: 0.0113100288436
        dmean2: 0.0191767588258
        dvar: 0.00022826998611
        dvar2: 0.000605456531048
        max: 0.500000059605
        mean: 0.481142997742
        median: 0.486253410578
        min: 0.157938033342
        var: 0.000518789631315
    hfc:
        dmean: 2.46677589417
        dmean2: 3.80773830414
        dvar: 12.1617069244
        dvar2: 29.6996765137
        max: 53.6704826355
        mean: 7.67266607285
        median: 6.8536491394
        min: 1.0770089437e-016
        var: 36.0070953369
    pitch:
        dmean: 1014.56176758
        dmean2: 1946.14587402
        dvar: 1926715.125
        dvar2: 4513765
        max: 4965.04248047
        mean: 1727.29553223
        median: 613.75390625
        min: 68.2345123291
        var: 2650185.75
    pitch_instantaneous_confidence:
        dmean: 0.0728119984269
        dmean2: 0.119629010558
        dvar: 0.00357058644295
        dvar2: 0.00924571044743
        max: 0.806540846825
        mean: 0.327617585659
        median: 0.31529211998
        min: 0.0995223522186
        var: 0.00948572997004
    pitch_salience:
        dmean: 0.0574675872922
        dmean2: 0.0930467322469
        dvar: 0.00261414027773
        dvar2: 0.00655010947958
        max: 0.998920619488
        mean: 0.670247375965
        median: 0.685011208057
        min: 0.0435079149902
        var: 0.00769159616902
    silence_rate_20dB:
        dmean: 0
        dmean2: 0
        dvar: 0
        dvar2: 0
        max: 1
        mean: 1
        median: 1
        min: 1
        var: 0
    silence_rate_30dB:
        dmean: 0
        dmean2: 0
        dvar: 0
        dvar2: 0
        max: 1
        mean: 1
        median: 1
        min: 1
        var: 0
    silence_rate_60dB:
        dmean: 0.0640034377575
        dmean2: 0.128020614386
        dvar: 0.0599018447101
        dvar2: 0.137194260955
        max: 1
        mean: 0.390636742115
        median: 0
        min: 0
        var: 0.238038554788
    spectral_centroid:
        dmean: 291.833496094
        dmean2: 453.692504883
        dvar: 81894.78125
        dvar2: 187604.703125
        max: 11466.7773438
        mean: 1827.78356934
        median: 1847.3157959
        min: 71.1898651123
        var: 775318.5
    spectral_complexity:
        dmean: 4.020403862
        dmean2: 6.1003112793
        dvar: 17.4656410217
        dvar2: 36.7004318237
        max: 47
        mean: 15.1865139008
        median: 15
        min: 0
        var: 99.7239151001
    spectral_crest:
        dmean: 1.57703208923
        dmean2: 2.60519719124
        dvar: 2.02305150032
        dvar2: 5.31396484375
        max: 26.5840606689
        mean: 5.96386384964
        median: 5.26306724548
        min: 2.42126059532
        var: 7.81631851196
    spectral_decrease:
        dmean: 2.68717326168e-010
        dmean2: 4.32257785121e-010
        dvar: 1.76208133736e-019
        dvar2: 4.52784863735e-019
        max: 2.19444141205e-028
        mean: -8.94522955708e-010
        median: -8.19268486385e-010
        min: -4.84769557829e-009
        var: 4.23168230589e-019
    spectral_energy:
        dmean: 0.00119713007007
        dmean2: 0.00190847471822
        dvar: 3.35526010531e-006
        dvar2: 8.52460925671e-006
        max: 0.0213746037334
        mean: 0.00407207105309
        median: 0.00374625134282
        min: 1.01637491322e-020
        var: 8.70684925758e-006
    spectral_energyband_high:
        dmean: 0.000191532992176
        dmean2: 0.000313554221066
        dvar: 9.33293335947e-008
        dvar2: 2.41717089011e-007
        max: 0.00468691671267
        mean: 0.000417416042183
        median: 0.000350238813553
        min: 6.91045666876e-021
        var: 1.55647256861e-007
    spectral_energyband_low:
        dmean: 0.000356263102731
        dmean2: 0.000580487248953
        dvar: 2.86574106667e-007
        dvar2: 7.28434201847e-007
        max: 0.00750535074621
        mean: 0.000545907707419
        median: 0.000342472863849
        min: 1.86198610214e-023
        var: 4.42150167146e-007
    spectral_energyband_middle_high:
        dmean: 0.000641272286884
        dmean2: 0.000964797392953
        dvar: 7.33730132652e-007
        dvar2: 1.65014841969e-006
        max: 0.0207287687808
        mean: 0.00211352854967
        median: 0.00182610622142
        min: 1.20312511328e-021
        var: 2.9057653137e-006
    spectral_energyband_middle_low:
        dmean: 0.000592348747887
        dmean2: 0.000996712013148
        dvar: 1.2477354403e-006
        dvar2: 3.41207555721e-006
        max: 0.0122987274081
        mean: 0.00121985503938
        median: 0.000972202222329
        min: 1.80961384753e-022
        var: 1.440861638e-006
    spectral_flatness_db:
        dmean: 0.0121745113283
        dmean2: 0.0190236922354
        dvar: 0.000125351318275
        dvar2: 0.000281572865788
        max: 0.594495117664
        mean: 0.143082365394
        median: 0.131475001574
        min: 0.04951030761
        var: 0.00258260942064
    spectral_flux:
        dmean: 0.00683156540617
        dmean2: 0.0102576361969
        dvar: 7.35484863981e-005
        dvar2: 0.000132249871967
        max: 0.133474290371
        mean: 0.036999527365
        median: 0.0360576994717
        min: 6.39570549299e-011
        var: 0.000347066961695
    spectral_kurtosis:
        dmean: 1.31949341297
        dmean2: 2.22635221481
        dvar: 8.92444419861
        dvar2: 19.5764007568
        max: 174.247406006
        mean: 4.96830034256
        median: 3.0280828476
        min: -1.27816605568
        var: 146.656387329
    spectral_rms:
        dmean: 0.000259137363173
        dmean2: 0.000402781006414
        dvar: 1.02309428485e-007
        dvar2: 2.48634194122e-007
        max: 0.00456653814763
        mean: 0.00183342304081
        median: 0.00191177381203
        min: 3.1489446467e-012
        var: 6.11310497334e-007
    spectral_rolloff:
        dmean: 311.491851807
        dmean2: 501.56072998
        dvar: 152514.28125
        dvar2: 340745.625
        max: 19250.6835938
        mean: 3473.79516602
        median: 3574.51171875
        min: 86.1328125
        var: 1941388.375
    spectral_skewness:
        dmean: 0.162594079971
        dmean2: 0.270104289055
        dvar: 0.0378825068474
        dvar2: 0.0886539965868
        max: 11.8442764282
        mean: 1.32030367851
        median: 1.15702259541
        min: -0.0788077414036
        var: 0.975575685501
    spectral_spread:
        dmean: 385777.875
        dmean2: 584805
        dvar: 470134882304
        dvar2: 930735259648
        max: 42948840
        mean: 4290797.5
        median: 4072024.75
        min: 673476.625
        var: 8.91181282099e+012
    spectral_strongpeak:
        dmean: 0.324229091406
        dmean2: 0.566081166267
        dvar: 0.290290057659
        dvar2: 0.761753559113
        max: 9.26417446136
        mean: 0.407869130373
        median: 0.174899175763
        min: 5.08619812933e-011
        var: 0.342079877853
    zerocrossingrate:
        dmean: 0.00826952978969
        dmean2: 0.00997953303158
        dvar: 6.3939129177e-005
        dvar2: 8.20450077299e-005
        max: 0.52783203125
        mean: 0.103114485741
        median: 0.10595703125
        min: 0.0029296875
        var: 0.0015700107906
    barkbands:
        dmean: [2.97766462154e-007, 4.83975745738e-005, 0.000194910026039, 0.000290793803288, 0.000190299513633, 0.000122465062304, 0.000101420620922, 9.20734746614e-005, 7.69043617765e-005, 9.89562540781e-005, 3.83654369216e-005, 7.03634141246e-005, 5.33395941602e-005, 5.12782426085e-005, 6.41092265141e-005, 0.000101675846963, 0.000134411500767, 0.000179915179615, 0.000245999865001, 0.000146989317727, 9.16456483537e-005, 3.31705632561e-005, 4.68969665235e-006, 2.07413859243e-006, 1.2211497733e-006, 3.37608412337e-008, 4.66186589332e-010]
        dmean2: [4.33604668615e-007, 8.19612614578e-005, 0.000313093158184, 0.000503944931552, 0.000328087364323, 0.000205535601708, 0.000169530016137, 0.000146053862409, 0.000123761084978, 0.000158979077241, 6.30883223494e-005, 0.000110593806312, 8.75321857166e-005, 8.36180479382e-005, 0.000104202401417, 0.000163127493579, 0.000218237604713, 0.000287811708404, 0.00040819257265, 0.000238462089328, 0.000152201668243, 5.62190107303e-005, 7.91719867266e-006, 3.3424389585e-006, 1.89980039522e-006, 5.56601378321e-008, 7.79023456854e-010]
        dvar: [3.39697074723e-013, 7.15147718822e-009, 8.51398596069e-008, 3.9373276195e-007, 1.37669772471e-007, 7.39732399779e-008, 6.19413427216e-008, 2.96898772234e-008, 3.39502541635e-008, 4.55914523911e-008, 7.13050507528e-009, 1.8943445923e-008, 2.22951861417e-008, 8.80786199531e-009, 1.96771789973e-008, 3.1003885681e-008, 6.29112832939e-008, 9.71006670625e-008, 1.08854003145e-007, 4.16083700827e-008, 1.975202224e-008, 6.26046325891e-009, 8.58760423883e-011, 5.43149726584e-011, 3.19090101564e-011, 1.18024486668e-014, 7.67812515822e-019]
        dvar2: [7.66704787766e-013, 2.00752161561e-008, 2.07891076798e-007, 1.12778184302e-006, 3.95092058625e-007, 1.85051092672e-007, 1.61819230016e-007, 6.94381938615e-008, 8.67322285103e-008, 1.12102576111e-007, 1.69129208416e-008, 4.65146214879e-008, 5.91505475711e-008, 2.29460344059e-008, 5.07644735137e-008, 7.12211161158e-008, 1.59478204864e-007, 2.33312988485e-007, 2.88516758928e-007, 1.06013075651e-007, 5.16032905296e-008, 1.64758606758e-008, 2.21110282861e-010, 1.15540819967e-010, 7.07058370186e-011, 2.85789526267e-014, 1.95000612259e-018]
        max: [7.25045083527e-006, 0.00123442604672, 0.00424549821764, 0.00593373319134, 0.00512193981558, 0.00603411253542, 0.00471174716949, 0.00281822285615, 0.00380387972109, 0.00596557697281, 0.00208703684621, 0.00360115268268, 0.0041180672124, 0.00205496652052, 0.00363186863251, 0.00393777340651, 0.00746442424133, 0.00815327651799, 0.00479199783877, 0.00321704009548, 0.00261905579828, 0.00207279669121, 0.000209092409932, 0.000214474232052, 0.00013763748575, 2.35423999584e-006, 1.78897412439e-008]
        mean: [4.17936149688e-007, 6.53889874229e-005, 0.000284201087197, 0.00031819511787, 0.000270511838607, 0.000174037195393, 0.000145829631947, 0.0001433094003, 0.000128218642203, 0.000172875516, 5.90611052758e-005, 0.000143058743561, 8.21069334052e-005, 8.49329662742e-005, 0.000108387932414, 0.00019101970247, 0.000257103994954, 0.000346954504494, 0.000531037105247, 0.000315679499181, 0.00018398030079, 5.27596930624e-005, 8.01084206614e-006, 3.21549077853e-006, 1.73317221197e-006, 4.35154028366e-008, 5.35122168799e-010]
        median: [6.89319179514e-008, 4.30658510595e-005, 0.000166805170011, 0.000151132961037, 0.000180732007721, 8.68509887368e-005, 6.49909998174e-005, 5.6069715356e-005, 6.82240934111e-005, 8.86605048436e-005, 3.5119781387e-005, 5.85382658755e-005, 4.33652603533e-005, 5.54119360459e-005, 7.29778766981e-005, 0.000129847088829, 0.000174233631697, 0.000216060725506, 0.000453626184026, 0.000256935250945, 0.000150580701302, 3.55225711246e-005, 5.9967433117e-006, 1.7943077637e-006, 5.68011273572e-007, 1.64461759766e-008, 2.18592435819e-010]
        min: [2.03744706904e-024, 3.96353182738e-024, 6.53338102274e-025, 1.43735436616e-024, 5.10717898042e-024, 1.69793727042e-023, 1.17928504884e-023, 4.67864409872e-024, 2.17113169789e-023, 1.19276407847e-023, 1.72294542329e-023, 1.68136740488e-023, 2.72169192314e-023, 2.61428914198e-023, 3.64117715021e-023, 6.70614631387e-023, 6.10081295162e-023, 7.64159209033e-023, 9.49779315991e-023, 1.57130830817e-022, 2.67651846604e-022, 3.20201468707e-022, 4.14872123206e-022, 6.3021151085e-022, 9.09213059018e-022, 1.24898638135e-021, 1.90525281932e-021]
        var: [5.82056321544e-013, 6.80679157483e-009, 1.3844122293e-007, 3.03506368482e-007, 1.24210316699e-007, 9.7086875428e-008, 7.09466974058e-008, 5.89739030943e-008, 5.16045055576e-008, 8.73889263175e-008, 1.04441815196e-008, 5.48095080433e-008, 2.70026365712e-008, 1.19732117554e-008, 2.80191265745e-008, 6.29004190955e-008, 1.03297843168e-007, 2.06187451113e-007, 2.09409790841e-007, 8.16446572571e-008, 3.2313316467e-008, 7.17162063069e-009, 1.15110886101e-010, 8.90288745503e-011, 5.00923469371e-011, 1.56085014298e-014, 9.30556579029e-019]
    frequency_bands:
        dmean: [2.97766462154e-007, 4.83975745738e-005, 0.000194910026039, 0.000290793803288, 0.000190299513633, 0.000122465062304, 0.000101420620922, 9.20734746614e-005, 7.69043617765e-005, 9.89562540781e-005, 3.83654369216e-005, 7.03634141246e-005, 5.33395941602e-005, 5.12782426085e-005, 6.41092265141e-005, 0.000101675846963, 0.000134411500767, 0.000179915179615, 0.000245999865001, 0.000146989317727, 9.16456483537e-005, 3.31705632561e-005, 4.68969665235e-006, 2.07413859243e-006, 1.2211497733e-006, 3.37608412337e-008, 4.66186589332e-010, 5.04317976269e-011]
        dmean2: [4.33604668615e-007, 8.19612614578e-005, 0.000313093158184, 0.000503944931552, 0.000328087364323, 0.000205535601708, 0.000169530016137, 0.000146053862409, 0.000123761084978, 0.000158979077241, 6.30883223494e-005, 0.000110593806312, 8.75321857166e-005, 8.36180479382e-005, 0.000104202401417, 0.000163127493579, 0.000218237604713, 0.000287811708404, 0.00040819257265, 0.000238462089328, 0.000152201668243, 5.62190107303e-005, 7.91719867266e-006, 3.3424389585e-006, 1.89980039522e-006, 5.56601378321e-008, 7.79023456854e-010, 9.40765798596e-011]
        dvar: [3.39697074723e-013, 7.15147718822e-009, 8.51398596069e-008, 3.9373276195e-007, 1.37669772471e-007, 7.39732399779e-008, 6.19413427216e-008, 2.96898772234e-008, 3.39502541635e-008, 4.55914523911e-008, 7.13050507528e-009, 1.8943445923e-008, 2.22951861417e-008, 8.80786199531e-009, 1.96771789973e-008, 3.1003885681e-008, 6.29112832939e-008, 9.71006670625e-008, 1.08854003145e-007, 4.16083700827e-008, 1.975202224e-008, 6.26046325891e-009, 8.58760423883e-011, 5.43149726584e-011, 3.19090101564e-011, 1.18024486668e-014, 7.67812515822e-019, 6.45087261626e-021]
        dvar2: [7.66704787766e-013, 2.00752161561e-008, 2.07891076798e-007, 1.12778184302e-006, 3.95092058625e-007, 1.85051092672e-007, 1.61819230016e-007, 6.94381938615e-008, 8.67322285103e-008, 1.12102576111e-007, 1.69129208416e-008, 4.65146214879e-008, 5.91505475711e-008, 2.29460344059e-008, 5.07644735137e-008, 7.12211161158e-008, 1.59478204864e-007, 2.33312988485e-007, 2.88516758928e-007, 1.06013075651e-007, 5.16032905296e-008, 1.64758606758e-008, 2.21110282861e-010, 1.15540819967e-010, 7.07058370186e-011, 2.85789526267e-014, 1.95000612259e-018, 2.08271347414e-020]
        max: [7.25045083527e-006, 0.00123442604672, 0.00424549821764, 0.00593373319134, 0.00512193981558, 0.00603411253542, 0.00471174716949, 0.00281822285615, 0.00380387972109, 0.00596557697281, 0.00208703684621, 0.00360115268268, 0.0041180672124, 0.00205496652052, 0.00363186863251, 0.00393777340651, 0.00746442424133, 0.00815327651799, 0.00479199783877, 0.00321704009548, 0.00261905579828, 0.00207279669121, 0.000209092409932, 0.000214474232052, 0.00013763748575, 2.35423999584e-006, 1.78897412439e-008, 9.45466704927e-010]
        mean: [4.17936149688e-007, 6.53889874229e-005, 0.000284201087197, 0.00031819511787, 0.000270511838607, 0.000174037195393, 0.000145829631947, 0.0001433094003, 0.000128218642203, 0.000172875516, 5.90611052758e-005, 0.000143058743561, 8.21069334052e-005, 8.49329662742e-005, 0.000108387932414, 0.00019101970247, 0.000257103994954, 0.000346954504494, 0.000531037105247, 0.000315679499181, 0.00018398030079, 5.27596930624e-005, 8.01084206614e-006, 3.21549077853e-006, 1.73317221197e-006, 4.35154028366e-008, 5.35122168799e-010, 3.88105242388e-011]
        median: [6.89319179514e-008, 4.30658510595e-005, 0.000166805170011, 0.000151132961037, 0.000180732007721, 8.68509887368e-005, 6.49909998174e-005, 5.6069715356e-005, 6.82240934111e-005, 8.86605048436e-005, 3.5119781387e-005, 5.85382658755e-005, 4.33652603533e-005, 5.54119360459e-005, 7.29778766981e-005, 0.000129847088829, 0.000174233631697, 0.000216060725506, 0.000453626184026, 0.000256935250945, 0.000150580701302, 3.55225711246e-005, 5.9967433117e-006, 1.7943077637e-006, 5.68011273572e-007, 1.64461759766e-008, 2.18592435819e-010, 1.16366569158e-011]
        min: [2.03744706904e-024, 3.96353182738e-024, 6.53338102274e-025, 1.43735436616e-024, 5.10717898042e-024, 1.69793727042e-023, 1.17928504884e-023, 4.67864409872e-024, 2.17113169789e-023, 1.19276407847e-023, 1.72294542329e-023, 1.68136740488e-023, 2.72169192314e-023, 2.61428914198e-023, 3.64117715021e-023, 6.70614631387e-023, 6.10081295162e-023, 7.64159209033e-023, 9.49779315991e-023, 1.57130830817e-022, 2.67651846604e-022, 3.20201468707e-022, 4.14872123206e-022, 6.3021151085e-022, 9.09213059018e-022, 1.24898638135e-021, 1.90525281932e-021, 5.63261680996e-022]
        var: [5.82056321544e-013, 6.80679157483e-009, 1.3844122293e-007, 3.03506368482e-007, 1.24210316699e-007, 9.7086875428e-008, 7.09466974058e-008, 5.89739030943e-008, 5.16045055576e-008, 8.73889263175e-008, 1.04441815196e-008, 5.48095080433e-008, 2.70026365712e-008, 1.19732117554e-008, 2.80191265745e-008, 6.29004190955e-008, 1.03297843168e-007, 2.06187451113e-007, 2.09409790841e-007, 8.16446572571e-008, 3.2313316467e-008, 7.17162063069e-009, 1.15110886101e-010, 8.90288745503e-011, 5.00923469371e-011, 1.56085014298e-014, 9.30556579029e-019, 4.94008296519e-021]
    mfcc:
        mean: [-722.62890625, 104.050750732, -51.2047157288, 57.442440033, -16.4653701782, -2.66242003441, 1.95266544819, -1.44582557678, 0.850589215755, -4.3218960762, -4.05876731873, -4.7667555809, -4.53375291824]
        cov: [[9596.43945313, 156.662490845, -1408.55407715, 960.701904297, -472.409301758, 168.01109314, 62.3658905029, 113.244522095, -74.8291778564, -167.320922852, -216.140228271, -200.368850708, -115.80368042], [156.662490845, 641.033569336, -187.541824341, 88.4389877319, -47.0109710693, -48.0518455505, 5.75874328613, -59.4484863281, -9.93596172333, -28.8212184906, 0.0358713008463, 1.59257566929, -3.38145399094], [-1408.55407715, -187.541824341, 732.269958496, -174.597229004, 104.706214905, -48.809387207, -31.6517963409, 49.1547241211, 26.4684562683, 90.8472290039, 49.1409339905, 40.507106781, 29.5060501099], [960.701904297, 88.4389877319, -174.597229004, 319.35043335, -22.023273468, 49.920715332, 5.18332147598, -31.9519538879, -3.87387537956, -35.1427230835, -34.0395202637, -35.3953399658, -21.7050018311], [-472.409301758, -47.0109710693, 104.706214905, -22.023273468, 130.420944214, 35.551399231, 11.1761617661, -3.34148859978, 4.10630273819, 7.88906955719, 8.42871189117, 14.0345554352, 8.92008781433], [168.01109314, -48.0518455505, -48.809387207, 49.920715332, 35.551399231, 110.568328857, 49.7738990784, 16.1344547272, -9.6350851059, -18.741147995, -11.7905626297, -4.4070315361, 3.44998931885], [62.3658905029, 5.75874328613, -31.6517963409, 5.18332147598, 11.1761617661, 49.7738990784, 93.0280914307, 32.9291801453, 3.18598461151, -12.5202255249, -9.22486972809, -0.605813741684, 1.095028162], [113.244522095, -59.4484863281, 49.1547241211, -31.9519538879, -3.34148859978, 16.1344547272, 32.9291801453, 95.415222168, 24.6217594147, 21.1282329559, -3.20291852951, 0.619967520237, 4.76536512375], [-74.8291778564, -9.93596172333, 26.4684562683, -3.87387537956, 4.10630273819, -9.6350851059, 3.18598461151, 24.6217594147, 57.5331230164, 33.4228782654, 11.8838739395, 0.249064832926, -1.42376959324], [-167.320922852, -28.8212184906, 90.8472290039, -35.1427230835, 7.88906955719, -18.741147995, -12.5202255249, 21.1282329559, 33.4228782654, 74.5790481567, 31.4767780304, 12.8227558136, 2.57032322884], [-216.140228271, 0.0358713008463, 49.1409339905, -34.0395202637, 8.42871189117, -11.7905626297, -9.22486972809, -3.20291852951, 11.8838739395, 31.4767780304, 58.2389602661, 29.8648223877, 9.37351131439], [-200.368850708, 1.59257566929, 40.507106781, -35.3953399658, 14.0345554352, -4.4070315361, -0.605813741684, 0.619967520237, 0.249064832926, 12.8227558136, 29.8648223877, 49.2910079956, 25.0325183868], [-115.80368042, -3.38145399094, 29.5060501099, -21.7050018311, 8.92008781433, 3.44998931885, 1.095028162, 4.76536512375, -1.42376959324, 2.57032322884, 9.37351131439, 25.0325183868, 44.4244232178]]
        icov: [[0.000256577157415, 8.77448546817e-005, 0.000336631608661, -0.000638951081783, 0.000529837270733, -1.88351223187e-005, 0.000146679973113, -0.000745556026231, 0.000536193314474, -0.000255655584624, 0.000165125326021, 0.000100958583062, 5.14283492521e-005], [8.77448546817e-005, 0.00201720092446, 0.000515419582371, -0.000772516650613, 0.000226012038183, 0.00166269147303, -0.00114795996342, 0.000689247972332, 0.000208812038181, 7.72700150264e-005, -0.000270544609521, -0.000321395287756, -0.000317236030241], [0.000336631608661, 0.000515419582371, 0.00267341919243, -0.000424529513111, -0.00116578862071, 0.00134800223168, 0.000437850190792, -0.00192660943139, 0.00161590974312, -0.00214916747063, -4.09982712881e-005, 0.000266508897766, -0.000706432969309], [-0.000638951081783, -0.000772516650613, -0.000424529513111, 0.00607707584277, -0.000574278295971, -0.00293104141019, 0.000784610805567, 0.0032780948095, -0.00298451585695, 0.000980771030299, 0.000824531365652, 0.000945937761571, 0.000639289850369], [0.000529837270733, 0.000226012038183, -0.00116578862071, -0.000574278295971, 0.0121570462361, -0.0053294217214, 0.000228696138947, 0.00159575417638, -0.00137731991708, -0.000202673792955, 0.00142152258195, -0.00243400922045, 0.000727277598344], [-1.88351223187e-005, 0.00166269147303, 0.00134800223168, -0.00293104141019, -0.0053294217214, 0.0176393110305, -0.00765134161338, -0.00224693748169, 0.00411220593378, 0.000507456425112, -0.0015393155627, 0.00185689283535, -0.00273915473372], [0.000146679973113, -0.00114795996342, 0.000437850190792, 0.000784610805567, 0.000228696138947, -0.00765134161338, 0.0174916982651, -0.00583931896836, -0.00183958851267, 0.00307669769973, 0.000870205811225, -0.00182531320024, 0.00173897005152], [-0.000745556026231, 0.000689247972332, -0.00192660943139, 0.0032780948095, 0.00159575417638, -0.00224693748169, -0.00583931896836, 0.0190447084606, -0.00727358460426, -0.00281231757253, 0.00395239796489, -0.000999877229333, -0.00139559840318], [0.000536193314474, 0.000208812038181, 0.00161590974312, -0.00298451585695, -0.00137731991708, 0.00411220593378, -0.00183958851267, -0.00727358460426, 0.028337424621, -0.011566885747, -0.00231282808818, 0.00408904906362, -0.000573729979806], [-0.000255655584624, 7.72700150264e-005, -0.00214916747063, 0.000980771030299, -0.000202673792955, 0.000507456425112, 0.00307669769973, -0.00281231757253, -0.011566885747, 0.0270262453705, -0.0107798958197, 0.00034070838592, 0.00162136554718], [0.000165125326021, -0.000270544609521, -4.09982712881e-005, 0.000824531365652, 0.00142152258195, -0.0015393155627, 0.000870205811225, 0.00395239796489, -0.00231282808818, -0.0107798958197, 0.0334528125823, -0.018966358155, 0.00440696114674], [0.000100958583062, -0.000321395287756, 0.000266508897766, 0.000945937761571, -0.00243400922045, 0.00185689283535, -0.00182531320024, -0.000999877229333, 0.00408904906362, 0.00034070838592, -0.018966358155, 0.0431373417377, -0.0191734023392], [5.14283492521e-005, -0.000317236030241, -0.000706432969309, 0.000639289850369, 0.000727277598344, -0.00273915473372, 0.00173897005152, -0.00139559840318, -0.000573729979806, 0.00162136554718, 0.00440696114674, -0.0191734023392, 0.0333370044827]]
    sccoeffs:
        dmean: [0.0541290007532, 0.0461870953441, 0.0353400930762, 0.0269562508911, 0.0181543957442, 0.0179367512465]
        dmean2: [0.0892272591591, 0.0764185488224, 0.058583047241, 0.0450510233641, 0.0303562823683, 0.0286571849138]
        dvar: [0.00203003920615, 0.00136347813532, 0.000784684380051, 0.000454938795883, 0.000224579882342, 0.000314430566505]
        dvar2: [0.00543366651982, 0.00368560361676, 0.00213795294985, 0.00124949053861, 0.000600732455496, 0.00075801985804]
        max: [-0.402949988842, -0.509945213795, -0.56622338295, -0.632260262966, -0.586199164391, -0.567574858665]
        mean: [-0.668291091919, -0.770241320133, -0.797498047352, -0.813863098621, -0.813408076763, -0.729112446308]
        median: [-0.67170381546, -0.773628771305, -0.801748514175, -0.815670967102, -0.812718093395, -0.721210300922]
        min: [-0.972556352615, -0.996900618076, -0.998840034008, -0.988112747669, -0.988832235336, -0.963251769543]
        var: [0.00549416895956, 0.00354931503534, 0.00252188253216, 0.00161731243134, 0.0010584538104, 0.00269109709188]
    scvalleys:
        dmean: [0.380320847034, 0.335369169712, 0.281041026115, 0.250754237175, 0.204096913338, 0.285098701715]
        dmean2: [0.62890791893, 0.551659286022, 0.455349832773, 0.386415094137, 0.308531463146, 0.419635087252]
        dvar: [0.105879016221, 0.0885683521628, 0.0619514621794, 0.0527379214764, 0.0451182536781, 0.132121816278]
        dvar2: [0.255356520414, 0.207873612642, 0.140949130058, 0.109034501016, 0.0907619521022, 0.278811305761]
        max: [-5.20290517807, -4.76237344742, -5.2890586853, -5.73789358139, -5.47944259644, -7.32213068008]
        mean: [-7.10132408142, -6.83476543427, -7.11686372757, -7.35349941254, -7.08176660538, -10.2276172638]
        median: [-6.70243549347, -6.51148462296, -6.72885417938, -6.94247341156, -6.57370185852, -9.66376018524]
        min: [-28.0219249725, -27.750005722, -27.6943778992, -27.6278533936, -27.5562477112, -27.4269752502]
        var: [3.52953481674, 3.4884262085, 3.80469465256, 3.97591781616, 4.34774160385, 3.68158221245]

rhythm:
    beats_loudness:
        dmean: 0.00169003766496
        dmean2: 0.00293747149408
        dvar: 3.35311437993e-006
        dvar2: 9.97131337499e-006
        max: 0.0156798008829
        mean: 0.00448741950095
        median: 0.00446927919984
        min: 0
        var: 8.21841877041e-006
    bpm: 121.218521118
    bpm_confidence: 0
    first_peak_bpm: 120
    first_peak_spread: 0.415816366673
    first_peak_weight: 0.521640062332
    onset_rate: 3.8988878727
    second_peak_bpm: 178
    second_peak_spread: 0
    second_peak_weight: 0.0250569470227
    beats_loudness_band_ratio:
        dmean: [0.0959707126021, 0.0674055814743, 0.0774249732494, 0.0720473527908, 0.0938054099679, 0.0780365094543]
        dmean2: [0.162922948599, 0.121331974864, 0.13274730742, 0.129091769457, 0.15711170435, 0.133510753512]
        dvar: [0.00746648851782, 0.00611665053293, 0.00588936544955, 0.00717648444697, 0.00903684552759, 0.00554940337315]
        dvar2: [0.0205869451165, 0.0182430893183, 0.0162288211286, 0.0206488687545, 0.0276297982782, 0.0162219367921]
        max: [0.998233258724, 0.647465527058, 0.900661528111, 0.503005564213, 0.81571495533, 0.677940487862]
        mean: [0.177915260196, 0.108532689512, 0.13183285296, 0.117405675352, 0.255472034216, 0.239244788885]
        median: [0.149707093835, 0.0840361118317, 0.0929515585303, 0.0909080803394, 0.245089799166, 0.245601922274]
        min: [0, 0, 0, 0, 0, 0]
        var: [0.0178610347211, 0.00729125086218, 0.0154561642557, 0.00774650555104, 0.0138186356053, 0.0104971136898]
    beats_position: [0.53405892849, 1.09133780003, 1.64861679077, 2.20589566231, 2.77478456497, 3.33206343651, 3.87773227692, 4.43501138687, 5.01551008224, 5.59600877762, 6.18811798096, 6.78022670746, 7.37233543396, 7.96444416046, 8.55655288696, 9.14866161346, 9.74077033997, 10.321269989, 10.9133787155, 11.4938774109, 12.0047159195, 12.5155553818, 13.0263938904, 13.5372333527, 14.0480718613, 14.5473012924, 15.0465307236, 15.545759201, 16.0449886322, 16.5326080322, 17.0202255249, 17.5078449249, 17.995464325, 18.4946937561, 18.9939231873, 19.4931507111, 19.9807701111, 20.4799995422, 20.9676189423, 21.4668483734, 21.9660758972, 22.4536952972, 22.9413146973, 23.4405441284, 23.9397735596, 24.4390010834, 24.9266204834, 25.4258499146, 25.9134693146, 26.4126987457, 26.9119262695, 27.3995456696, 27.8987751007, 28.3980045319, 28.8856239319, 29.3848514557, 29.8840808868, 30.3717002869, 30.8593196869, 31.358549118, 31.8577766418, 32.3453979492, 32.8330154419, 33.332244873, 33.8314743042, 34.3190917969, 34.818321228, 35.3059387207, 35.8051681519, 36.2927894592, 36.7804069519, 37.2796363831, 37.7788658142, 38.2780952454, 38.7773246765, 39.2649421692, 39.7525634766, 40.251789093, 40.7510185242, 41.2386398315, 41.7378692627, 42.2370948792, 42.7247161865, 43.2239456177, 43.7231750488, 44.2107925415, 44.7100219727, 45.2092514038, 45.6968688965, 46.1844902039, 46.6721076965, 47.1713371277, 47.6705665588, 48.16979599, 48.6690254211, 49.1566429138, 49.655872345, 50.1551017761, 50.6543312073, 51.1419487, 51.6411781311, 52.1287956238, 52.6164169312, 53.1156463623, 53.6148757935, 54.1024932861, 54.5901107788, 55.0777320862, 55.5769615173, 56.0761909485, 56.5754165649, 57.0630378723, 57.5622673035, 58.0614967346, 58.5607261658, 59.0599517822, 59.5475730896, 60.0468025208, 60.5344200134, 61.0336494446, 61.5212669373, 62.0204963684, 62.5081176758, 62.9957351685, 63.4949645996, 63.9941940308, 64.4934234619, 64.9926528931, 65.4802703857, 65.9678878784, 66.4671173096, 66.9547348022, 67.4423599243, 67.929977417, 68.4292068481, 68.9284362793, 69.4276657104, 69.9268951416, 70.4261245728, 70.9253463745, 71.4129714966, 71.9005889893, 72.3998184204, 72.8874359131, 73.3866653442, 73.8858947754, 74.3735122681, 74.8727416992, 75.3719711304, 75.859588623, 76.3588180542, 76.8464355469, 77.345664978, 77.8332901001, 78.3325119019, 78.831741333, 79.3193664551, 79.8185958862, 80.3178253174, 80.8054428101, 81.3046722412, 81.8039016724, 82.291519165, 82.7791366577, 83.2667541504, 83.7659835815, 84.2652130127, 84.7644424438, 85.263671875, 85.7512893677, 86.2389068604, 86.7265319824, 87.2257614136, 87.7249908447, 88.2242126465, 88.7234420776, 89.2110671997, 89.7102966309, 90.2095184326, 90.6971435547, 91.1847610474, 91.67237854, 92.1599960327, 92.6476211548, 93.1468429565, 93.6460723877, 94.1453018188, 94.64453125, 95.1437606812, 95.6429901123, 96.1422195435, 96.6414489746, 97.1290664673, 97.61668396, 98.104309082, 98.6035385132, 99.1027679443, 99.6019973755, 100.101219177, 100.600448608, 101.09967804, 101.587303162, 102.074920654, 102.574150085, 103.073379517, 103.560997009, 104.06022644, 104.559455872, 105.047073364, 105.534690857, 106.033920288, 106.533149719, 107.020767212, 107.519996643, 108.019226074, 108.506843567, 109.006072998, 109.505302429, 109.992919922, 110.480545044, 110.979774475, 111.467391968, 111.966621399, 112.46585083, 112.953468323, 113.452697754, 113.940315247, 114.427932739, 114.92716217, 115.426391602, 115.914009094, 116.401634216, 116.900856018, 117.400085449, 117.89931488, 118.398544312, 118.886169434, 119.373786926, 119.873016357, 120.372245789, 120.859863281, 121.359092712, 121.858322144, 122.345939636, 122.845169067, 123.344398499, 123.832015991, 124.319633484, 124.807250977, 125.306480408, 125.805709839, 126.293327332, 126.792556763, 127.291786194, 127.779411316, 128.267028809, 128.76625061, 129.265487671, 129.764709473, 130.263946533, 130.751556396, 131.239181519, 131.73840332, 132.237640381, 132.736862183, 133.236099243, 133.723709106, 134.211334229, 134.710571289, 135.209793091, 135.697418213, 136.185028076, 136.684265137, 137.183486938, 137.682723999, 138.170333862, 138.669570923, 139.168792725, 139.668029785, 140.155639648, 140.643264771, 141.142486572, 141.641723633, 142.129333496, 142.616958618, 143.11618042, 143.603805542, 144.103042603, 144.602264404, 145.101501465, 145.600723267, 146.099945068, 146.58757019, 147.075195313, 147.562805176, 148.050430298, 148.5496521, 149.04888916, 149.548110962, 150.035736084, 150.534957886, 151.022583008, 151.52180481, 152.009429932, 152.508651733, 153.007888794, 153.507110596, 154.006347656, 154.505569458, 154.99319458, 155.492416382, 155.991653442, 156.479278564, 156.966888428, 157.466125488, 157.96534729, 158.452972412, 158.940582275, 159.439819336, 159.939041138, 160.42666626, 160.914276123, 161.413513184, 161.912734985, 162.411972046, 162.911193848, 163.39881897, 163.898040771, 164.397277832, 164.896499634, 165.395736694, 165.894958496, 166.405807495, 166.905029297, 167.415863037, 167.926712036, 168.449157715, 168.959991455, 169.470840454, 169.970062256, 170.480911255, 170.980133057, 171.479354858, 171.978591919, 172.477813721, 172.965438843, 173.464660645, 173.940673828, 174.439910889, 174.93913269, 175.426757813, 175.925979614, 176.413604736, 176.912826538, 177.40045166, 177.899673462, 178.398910522, 178.886520386, 179.374145508, 179.873382568, 180.37260437, 180.871826172, 181.359451294, 181.847076416, 182.346298218, 182.845535278, 183.34475708, 183.832382202, 184.331604004, 184.830841064, 185.318450928, 185.817687988, 186.31690979, 186.804534912, 187.292144775, 187.779769897, 188.26739502, 188.766616821, 189.265853882, 189.765075684, 190.264297485, 190.751922607, 191.251159668, 191.75038147, 192.24961853, 192.748840332, 193.236465454, 193.724075317, 194.223312378, 194.72253418, 195.210159302, 195.709381104, 196.208618164, 196.696228027, 197.195465088, 197.69468689, 198.182312012, 198.669921875, 199.157546997, 199.645172119, 200.144393921, 200.643630981, 201.131240845, 201.618865967, 202.118087769, 202.617324829, 203.104934692, 203.604171753, 204.091781616, 204.591018677, 205.07862854, 205.577865601, 206.065490723, 206.553100586, 206.901397705, 207.249694824, 207.609603882, 207.95791626, 208.29460144, 208.631286621, 208.967971802, 209.304672241, 209.641357422, 209.978042603, 210.314727783, 210.651428223, 210.999725342, 211.348022461, 211.684707642, 212.021408081, 212.346481323, 212.683166504, 213.031463623, 213.379776001, 213.72807312, 214.076370239, 214.436279297, 214.784576416, 215.144485474, 215.539230347]
