
metadata:
    version:
        essentia: "2.1-beta2"
    audio_properties:
        analysis_sample_rate: 44100
        bitrate: 276
        channels: 2
        equal_loudness: 1
        length: 217.495513916
        replay_gain: -14.8130950928
        downmix: "mix"
    tags:
        album: "L'Armée des Ombres"
        artist: "Mass Hysteria"
        comment: "You Like It? Buy It!"
        date: "2012"
        genre: "Metal"
        title: "Commedia dell'inferno"
        tracknumber: "3"

configuration:
    average_loudness:
        compute: 1
        frameSize: 88200
        hopSize: 44100
        silentFrames: "noise"
        windowType: "hann"
    general:
        analysisSampleRate: 44100
        endTime: 2000
        equalLoudness: 1
        nequalLoudness: 0
        shortSound: 0
        startTime: 0
    lowlevel:
        compute: 1
        frameSize: 2048
        hopSize: 1024
        zeroPadding: 0
        silentFrames: "noise"
        windowType: "blackmanharris62"
        mfccStats: ["mean", "cov", "icov"]
        stats: ["mean", "var", "median", "min", "max", "dmean", "dmean2", "dvar", "dvar2"]
    panning:
        compute: 0
        frameSize: 8192
        hopSize: 2048
        zeroPadding: 8192
        silentFrames: "noise"
        windowType: "hann"
        stats: ["copy"]
    rhythm:
        compute: 1
        maxTempo: 208
        minTempo: 40
        method: "degara"
        stats: ["mean", "var", "median", "min", "max", "dmean", "dmean2", "dvar", "dvar2"]
    segmentation:
        compute: 0
        cpw: 5
        inc1: 300
        inc2: 50
        minimumSegmentsLength: 10
        size1: 1000
        size2: 600
    sfx:
        compute: 1
        stats: ["mean", "var", "median", "min", "max", "dmean", "dmean2", "dvar", "dvar2"]
    svm:
        compute: 0
    tonal:
        compute: 1
        frameSize: 4096
        hopSize: 2048
        zeroPadding: 0
        silentFrames: "noise"
        windowType: "blackmanharris62"
        stats: ["mean", "var", "median", "min", "max", "dmean", "dmean2", "dvar", "dvar2"]

lowlevel:
    average_loudness: 0.880779802799
    barkbands_kurtosis:
        dmean: 0.934955835342
        dmean2: 1.48890984058
        dvar: 16.7818908691
        dvar2: 39.9737854004
        max: 250.987945557
        mean: 0.566366255283
        median: -1.16755199432
        min: -1.84768807888
        var: 181.483825684
    barkbands_skewness:
        dmean: 0.378929585218
        dmean2: 0.588379502296
        dvar: 0.13175624609
        dvar2: 0.293642699718
        max: 12.7936525345
        mean: -0.0837935879827
        median: -0.328350067139
        min: -3.34725499153
        var: 1.58289766312
    barkbands_spread:
        dmean: 5.46231460571
        dmean2: 8.88150405884
        dvar: 26.2792892456
        dvar2: 68.5703353882
        max: 65.1050186157
        mean: 34.9228210449
        median: 36.5852775574
        min: 0.658997654915
        var: 117.799171448
    dissonance:
        dmean: 0.00918067153543
        dmean2: 0.0156245846301
        dvar: 9.26106367842e-005
        dvar2: 0.000253646197962
        max: 0.500000119209
        mean: 0.484467685223
        median: 0.487192392349
        min: 0.270859092474
        var: 0.000149666841025
    hfc:
        dmean: 2.67723417282
        dmean2: 4.22360944748
        dvar: 15.323636055
        dvar2: 40.1106529236
        max: 70.0544815063
        mean: 8.35990333557
        median: 7.25783205032
        min: 1.08493081934e-016
        var: 41.32371521
    pitch:
        dmean: 900.762695313
        dmean2: 1718.99829102
        dvar: 1695443.375
        dvar2: 4055460.25
        max: 5656.23583984
        mean: 1680.16235352
        median: 544.169555664
        min: 43.2299346924
        var: 2542806.5
    pitch_instantaneous_confidence:
        dmean: 0.0798511207104
        dmean2: 0.13030436635
        dvar: 0.00457183457911
        dvar2: 0.0112544111907
        max: 0.861107885838
        mean: 0.334024101496
        median: 0.318530261517
        min: 0.0924361348152
        var: 0.0116223460063
    pitch_salience:
        dmean: 0.0548716410995
        dmean2: 0.0889826864004
        dvar: 0.00244954647496
        dvar2: 0.00637920154259
        max: 0.978665709496
        mean: 0.672838747501
        median: 0.686255216599
        min: 0.0337806604803
        var: 0.00811521150172
    silence_rate_20dB:
        dmean: 0
        dmean2: 0
        dvar: 0
        dvar2: 0
        max: 1
        mean: 1
        median: 1
        min: 1
        var: 0
    silence_rate_30dB:
        dmean: 0
        dmean2: 0
        dvar: 0
        dvar2: 0
        max: 1
        mean: 1
        median: 1
        min: 1
        var: 0
    silence_rate_60dB:
        dmean: 0.0830575451255
        dmean2: 0.166132822633
        dvar: 0.0761574804783
        dvar2: 0.158810198307
        max: 1
        mean: 0.355785667896
        median: 0
        min: 0
        var: 0.229209005833
    spectral_centroid:
        dmean: 263.506896973
        dmean2: 415.417907715
        dvar: 77121.265625
        dvar2: 174366.40625
        max: 11984.0859375
        mean: 1858.68835449
        median: 1906.09033203
        min: 105.808906555
        var: 1038463.4375
    spectral_complexity:
        dmean: 4.26561355591
        dmean2: 6.45184707642
        dvar: 18.7242259979
        dvar2: 40.5767326355
        max: 45
        mean: 16.0423774719
        median: 16
        min: 0
        var: 95.4782180786
    spectral_crest:
        dmean: 1.53529560566
        dmean2: 2.50271916389
        dvar: 2.12780833244
        dvar2: 5.33388328552
        max: 20.3873405457
        mean: 6.07391023636
        median: 5.38272762299
        min: 2.51418066025
        var: 6.16574048996
    spectral_decrease:
        dmean: 2.6308324963e-010
        dmean2: 4.2098149966e-010
        dvar: 1.36046059304e-019
        dvar2: 3.54642468995e-019
        max: 1.56485768175e-028
        mean: -9.27595555922e-010
        median: -8.54593673605e-010
        min: -4.44071757144e-009
        var: 3.69969918951e-019
    spectral_energy:
        dmean: 0.00120319344569
        dmean2: 0.00191521528177
        dvar: 2.86598447019e-006
        dvar2: 7.4596991908e-006
        max: 0.020119888708
        mean: 0.00425924127921
        median: 0.0039281072095
        min: 1.02244782448e-020
        var: 8.06533716968e-006
    spectral_energyband_high:
        dmean: 0.000182567295269
        dmean2: 0.00030259983032
        dvar: 1.04995571348e-007
        dvar2: 2.82613655145e-007
        max: 0.00841400586069
        mean: 0.000394934293581
        median: 0.000336304365192
        min: 7.02975566169e-021
        var: 1.38298204888e-007
    spectral_energyband_low:
        dmean: 0.000338349957019
        dmean2: 0.000572518154513
        dvar: 2.32341690776e-007
        dvar2: 6.45715999781e-007
        max: 0.00581044051796
        mean: 0.000539684668183
        median: 0.000405871483963
        min: 1.06699062009e-023
        var: 2.79587538898e-007
    spectral_energyband_middle_high:
        dmean: 0.000695366761647
        dmean2: 0.0010681002168
        dvar: 8.68020094913e-007
        dvar2: 2.08245614886e-006
        max: 0.0129640260711
        mean: 0.00239089131355
        median: 0.00200307182968
        min: 1.24351559942e-021
        var: 3.54626081389e-006
    spectral_energyband_middle_low:
        dmean: 0.000497796980198
        dmean2: 0.000829989672638
        dvar: 7.12944654424e-007
        dvar2: 1.95654479285e-006
        max: 0.0108373146504
        mean: 0.00112906249706
        median: 0.000897293677554
        min: 1.48253305734e-022
        var: 9.15983889627e-007
    spectral_flatness_db:
        dmean: 0.0115020237863
        dmean2: 0.0182007495314
        dvar: 0.000123153513414
        dvar2: 0.000282295804936
        max: 0.443583220243
        mean: 0.135948047042
        median: 0.126406416297
        min: 0.0595896728337
        var: 0.00145282910671
    spectral_flux:
        dmean: 0.00704900268465
        dmean2: 0.0103623578325
        dvar: 6.54642644804e-005
        dvar2: 0.000111129455036
        max: 0.111363224685
        mean: 0.0375571325421
        median: 0.0364718586206
        min: 6.43586295368e-011
        var: 0.000315545970807
    spectral_kurtosis:
        dmean: 1.16489923
        dmean2: 1.99498748779
        dvar: 2.83541154861
        dvar2: 7.8620891571
        max: 60.6478042603
        mean: 3.9384124279
        median: 3.50259041786
        min: -1.26813912392
        var: 6.13762331009
    spectral_rms:
        dmean: 0.00026074051857
        dmean2: 0.000403994723456
        dvar: 9.26939804913e-008
        dvar2: 2.29135110885e-007
        max: 0.00443048076704
        mean: 0.00190156465396
        median: 0.001957626082
        min: 3.15833817432e-012
        var: 5.39409029443e-007
    spectral_rolloff:
        dmean: 289.596160889
        dmean2: 463.252075195
        dvar: 154865.390625
        dvar2: 306393.71875
        max: 19422.9492188
        mean: 3379.51831055
        median: 3552.97851563
        min: 107.666015625
        var: 2803117.5
    spectral_skewness:
        dmean: 0.165231078863
        dmean2: 0.275174885988
        dvar: 0.0320917256176
        dvar2: 0.082523688674
        max: 5.84994268417
        mean: 1.32412970066
        median: 1.27327990532
        min: -0.227550327778
        var: 0.147025853395
    spectral_spread:
        dmean: 370531.9375
        dmean2: 544853.5625
        dvar: 388337008640
        dvar2: 681674145792
        max: 43244168
        mean: 4522095
        median: 4176489
        min: 1257659.375
        var: 1.19326952653e+013
    spectral_strongpeak:
        dmean: 0.532339930534
        dmean2: 0.931954443455
        dvar: 0.63501727581
        dvar2: 1.59561800957
        max: 7.38245487213
        mean: 0.61907941103
        median: 0.158829182386
        min: 0
        var: 0.867587506771
    zerocrossingrate:
        dmean: 0.00750765670091
        dmean2: 0.00910931825638
        dvar: 6.37595949229e-005
        dvar2: 8.23170339572e-005
        max: 0.53076171875
        mean: 0.10305095464
        median: 0.107421875
        min: 0.00439453125
        var: 0.00214419630356
    barkbands:
        dmean: [6.15207852661e-007, 8.07323885965e-005, 0.000190808568732, 0.000269274547463, 0.000161999065313, 9.83746285783e-005, 8.82275926415e-005, 5.29358621861e-005, 7.71042032284e-005, 7.01639874023e-005, 4.78996917082e-005, 4.60432565887e-005, 6.88935979269e-005, 5.73266370338e-005, 6.90826491336e-005, 0.000129361389554, 0.000170069586602, 0.000180657560122, 0.000302211701637, 0.000158650189405, 9.3006863608e-005, 3.06467009068e-005, 3.9501505853e-006, 1.53475662046e-006, 8.08187849088e-007, 3.167653162e-008, 4.08767325544e-010]
        dmean2: [8.83824725406e-007, 0.000137835813803, 0.000328956841258, 0.000453311600722, 0.000275538128335, 0.000164683035109, 0.000147809041664, 8.73946992215e-005, 0.000123585268739, 0.000115687878861, 7.64326978242e-005, 7.24524652469e-005, 0.000110188811959, 9.08902584342e-005, 0.000113692469313, 0.000204344381928, 0.000268706586212, 0.00028958360781, 0.000504381721839, 0.000266427465249, 0.000156700189109, 5.19676541444e-005, 6.65309289616e-006, 2.50177049566e-006, 1.21274376852e-006, 5.24886232256e-008, 6.83459344675e-010]
        dvar: [8.05228984619e-013, 1.93847053964e-008, 8.93865603757e-008, 2.4700094059e-007, 8.05697268902e-008, 2.44156108664e-008, 4.7319758778e-008, 2.32980319481e-008, 1.16857235e-008, 1.84636839151e-008, 8.78524542003e-009, 7.34910399203e-009, 3.61658116788e-008, 9.44582634332e-009, 1.36769333636e-008, 3.88523382355e-008, 8.24588894943e-008, 9.52801570975e-008, 2.08526543588e-007, 6.55988259268e-008, 3.21293924799e-008, 5.72565062029e-009, 7.54419790527e-011, 1.14801926646e-011, 6.06194434927e-012, 3.64073480158e-015, 3.34827641765e-019]
        dvar2: [1.76174374568e-012, 5.23245908823e-008, 2.51057343803e-007, 6.8479306492e-007, 2.17594660512e-007, 6.61362236087e-008, 1.21013030707e-007, 6.14210904359e-008, 2.79990164387e-008, 4.66138381228e-008, 2.08114965261e-008, 1.77280146119e-008, 8.77580603742e-008, 2.33945200989e-008, 3.55013796138e-008, 9.81652590326e-008, 1.93150270889e-007, 2.31863353406e-007, 5.72440399083e-007, 1.81108475772e-007, 8.85428050879e-008, 1.48379486475e-008, 1.88906917886e-010, 2.47943904991e-011, 1.17856696624e-011, 9.50460244092e-015, 8.75360781307e-019]
        max: [7.22625327398e-006, 0.00172703142744, 0.00393146788701, 0.00703589431942, 0.00390313751996, 0.00279565062374, 0.00538582028821, 0.00472455890849, 0.00239710556343, 0.00248327990994, 0.00208678748459, 0.00204638135619, 0.00604254659265, 0.00201286026277, 0.00302955368534, 0.00428130291402, 0.00680901436135, 0.00909089669585, 0.00877786614001, 0.00363274640404, 0.00563536817208, 0.0018168304814, 0.000201775488677, 8.24151284178e-005, 9.57428128459e-005, 9.69300799625e-007, 1.04445936344e-008]
        mean: [7.75504929607e-007, 0.000102730904473, 0.000265876413323, 0.000351904105628, 0.000242711408646, 0.000174039494595, 0.000111568457214, 7.30923857191e-005, 0.000140267045936, 0.000122386991279, 7.73426581873e-005, 9.04112821445e-005, 0.000110720844532, 9.80138065643e-005, 0.00012746178254, 0.000276087637758, 0.000359267898602, 0.000366432330338, 0.000605316075962, 0.00031843277975, 0.000183041818673, 4.95175772812e-005, 7.12989049134e-006, 2.93282118946e-006, 1.72109741925e-006, 5.12528615104e-008, 5.74082115179e-010]
        median: [1.5476886972e-007, 6.61702360958e-005, 0.000184822478332, 0.000169973296579, 0.000154517620103, 0.000103462210973, 4.68021607958e-005, 3.57292701665e-005, 9.323037375e-005, 7.4089744885e-005, 4.27838458563e-005, 3.52539063897e-005, 4.88194054924e-005, 5.96189929638e-005, 8.82713648025e-005, 0.000182928182767, 0.000252341968007, 0.000233158381889, 0.000478242116515, 0.00025896099396, 0.000155226705829, 3.47501118085e-005, 5.50060030946e-006, 1.89498064174e-006, 8.32002172046e-007, 2.7876010833e-008, 3.606492327e-010]
        min: [5.26460130165e-025, 3.95311782805e-025, 1.11380277006e-024, 3.21993004166e-025, 9.17467399763e-024, 4.56589852043e-024, 9.47085024678e-024, 6.2587249977e-024, 1.55368995183e-023, 1.57568481381e-023, 2.36809669751e-023, 1.75762501087e-023, 2.95758720844e-023, 3.94004183732e-023, 3.77144648465e-023, 6.28350177767e-023, 8.96493528891e-023, 1.05781861324e-022, 1.35685413606e-022, 1.50430132692e-022, 2.63856554748e-022, 3.27259060127e-022, 4.02636675996e-022, 5.12606713461e-022, 7.70288317478e-022, 1.30814120524e-021, 1.96312254461e-021]
        var: [1.43250558984e-012, 1.79329138206e-008, 9.12557496235e-008, 2.76250091247e-007, 9.0275413811e-008, 4.15571008716e-008, 5.37511830601e-008, 2.66709676566e-008, 2.4454193337e-008, 3.55704266042e-008, 1.96227460947e-008, 2.26340333143e-008, 5.25123127204e-008, 1.66305103022e-008, 2.46522198211e-008, 9.36644326544e-008, 1.84189133279e-007, 2.27538919262e-007, 3.55797823204e-007, 9.17843649972e-008, 3.5712613311e-008, 5.67899682835e-009, 8.67136987215e-011, 2.46956309569e-011, 1.85820716453e-011, 4.89724211026e-015, 4.27103077064e-019]
    frequency_bands:
        dmean: [6.15207852661e-007, 8.07323885965e-005, 0.000190808568732, 0.000269274547463, 0.000161999065313, 9.83746285783e-005, 8.82275926415e-005, 5.29358621861e-005, 7.71042032284e-005, 7.01639874023e-005, 4.78996917082e-005, 4.60432565887e-005, 6.88935979269e-005, 5.73266370338e-005, 6.90826491336e-005, 0.000129361389554, 0.000170069586602, 0.000180657560122, 0.000302211701637, 0.000158650189405, 9.3006863608e-005, 3.06467009068e-005, 3.9501505853e-006, 1.53475662046e-006, 8.08187849088e-007, 3.167653162e-008, 4.08767325544e-010, 5.01897447214e-011]
        dmean2: [8.83824725406e-007, 0.000137835813803, 0.000328956841258, 0.000453311600722, 0.000275538128335, 0.000164683035109, 0.000147809041664, 8.73946992215e-005, 0.000123585268739, 0.000115687878861, 7.64326978242e-005, 7.24524652469e-005, 0.000110188811959, 9.08902584342e-005, 0.000113692469313, 0.000204344381928, 0.000268706586212, 0.00028958360781, 0.000504381721839, 0.000266427465249, 0.000156700189109, 5.19676541444e-005, 6.65309289616e-006, 2.50177049566e-006, 1.21274376852e-006, 5.24886232256e-008, 6.83459344675e-010, 9.28245674769e-011]
        dvar: [8.05228984619e-013, 1.93847053964e-008, 8.93865603757e-008, 2.4700094059e-007, 8.05697268902e-008, 2.44156108664e-008, 4.7319758778e-008, 2.32980319481e-008, 1.16857235e-008, 1.84636839151e-008, 8.78524542003e-009, 7.34910399203e-009, 3.61658116788e-008, 9.44582634332e-009, 1.36769333636e-008, 3.88523382355e-008, 8.24588894943e-008, 9.52801570975e-008, 2.08526543588e-007, 6.55988259268e-008, 3.21293924799e-008, 5.72565062029e-009, 7.54419790527e-011, 1.14801926646e-011, 6.06194434927e-012, 3.64073480158e-015, 3.34827641765e-019, 5.84629729254e-021]
        dvar2: [1.76174374568e-012, 5.23245908823e-008, 2.51057343803e-007, 6.8479306492e-007, 2.17594660512e-007, 6.61362236087e-008, 1.21013030707e-007, 6.14210904359e-008, 2.79990164387e-008, 4.66138381228e-008, 2.08114965261e-008, 1.77280146119e-008, 8.77580603742e-008, 2.33945200989e-008, 3.55013796138e-008, 9.81652590326e-008, 1.93150270889e-007, 2.31863353406e-007, 5.72440399083e-007, 1.81108475772e-007, 8.85428050879e-008, 1.48379486475e-008, 1.88906917886e-010, 2.47943904991e-011, 1.17856696624e-011, 9.50460244092e-015, 8.75360781307e-019, 1.84578972122e-020]
        max: [7.22625327398e-006, 0.00172703142744, 0.00393146788701, 0.00703589431942, 0.00390313751996, 0.00279565062374, 0.00538582028821, 0.00472455890849, 0.00239710556343, 0.00248327990994, 0.00208678748459, 0.00204638135619, 0.00604254659265, 0.00201286026277, 0.00302955368534, 0.00428130291402, 0.00680901436135, 0.00909089669585, 0.00877786614001, 0.00363274640404, 0.00563536817208, 0.0018168304814, 0.000201775488677, 8.24151284178e-005, 9.57428128459e-005, 9.69300799625e-007, 1.04445936344e-008, 8.07284072923e-010]
        mean: [7.75504929607e-007, 0.000102730904473, 0.000265876413323, 0.000351904105628, 0.000242711408646, 0.000174039494595, 0.000111568457214, 7.30923857191e-005, 0.000140267045936, 0.000122386991279, 7.73426581873e-005, 9.04112821445e-005, 0.000110720844532, 9.80138065643e-005, 0.00012746178254, 0.000276087637758, 0.000359267898602, 0.000366432330338, 0.000605316075962, 0.00031843277975, 0.000183041818673, 4.95175772812e-005, 7.12989049134e-006, 2.93282118946e-006, 1.72109741925e-006, 5.12528615104e-008, 5.74082115179e-010, 3.91761241503e-011]
        median: [1.5476886972e-007, 6.61702360958e-005, 0.000184822478332, 0.000169973296579, 0.000154517620103, 0.000103462210973, 4.68021607958e-005, 3.57292701665e-005, 9.323037375e-005, 7.4089744885e-005, 4.27838458563e-005, 3.52539063897e-005, 4.88194054924e-005, 5.96189929638e-005, 8.82713648025e-005, 0.000182928182767, 0.000252341968007, 0.000233158381889, 0.000478242116515, 0.00025896099396, 0.000155226705829, 3.47501118085e-005, 5.50060030946e-006, 1.89498064174e-006, 8.32002172046e-007, 2.7876010833e-008, 3.606492327e-010, 1.26682735482e-011]
        min: [5.26460130165e-025, 3.95311782805e-025, 1.11380277006e-024, 3.21993004166e-025, 9.17467399763e-024, 4.56589852043e-024, 9.47085024678e-024, 6.2587249977e-024, 1.55368995183e-023, 1.57568481381e-023, 2.36809669751e-023, 1.75762501087e-023, 2.95758720844e-023, 3.94004183732e-023, 3.77144648465e-023, 6.28350177767e-023, 8.96493528891e-023, 1.05781861324e-022, 1.35685413606e-022, 1.50430132692e-022, 2.63856554748e-022, 3.27259060127e-022, 4.02636675996e-022, 5.12606713461e-022, 7.70288317478e-022, 1.30814120524e-021, 1.96312254461e-021, 5.26898399196e-022]
        var: [1.43250558984e-012, 1.79329138206e-008, 9.12557496235e-008, 2.76250091247e-007, 9.0275413811e-008, 4.15571008716e-008, 5.37511830601e-008, 2.66709676566e-008, 2.4454193337e-008, 3.55704266042e-008, 1.96227460947e-008, 2.26340333143e-008, 5.25123127204e-008, 1.66305103022e-008, 2.46522198211e-008, 9.36644326544e-008, 1.84189133279e-007, 2.27538919262e-007, 3.55797823204e-007, 9.17843649972e-008, 3.5712613311e-008, 5.67899682835e-009, 8.67136987215e-011, 2.46956309569e-011, 1.85820716453e-011, 4.89724211026e-015, 4.27103077064e-019, 4.65021149435e-021]
    mfcc:
        mean: [-713.294311523, 103.995567322, -50.9001464844, 57.3302268982, -9.93822193146, -1.39401805401, 2.63032698631, -0.658523321152, 2.44682002068, -4.69868278503, -4.77138805389, -6.16786956787, -6.69765806198]
        cov: [[6990.19091797, -295.807434082, -904.841552734, 897.230712891, -258.504638672, 81.1758270264, 25.1117191315, 186.167602539, 113.47077179, 133.289916992, 16.4934902191, 44.983707428, 45.1037025452], [-295.807434082, 691.057739258, -70.8389129639, -19.9091873169, -7.51842975616, -40.361366272, -12.9822702408, -82.8302383423, -42.2598800659, -70.3633651733, -24.4701042175, -33.7036819458, -34.3198928833], [-904.841552734, -70.8389129639, 400.407531738, -114.976142883, 58.8127861023, -19.4831466675, 16.6527690887, -8.6619386673, -2.4746658802, 7.50748157501, -15.0533485413, -8.93967056274, -8.97007083893], [897.230712891, -19.9091873169, -114.976142883, 235.630584717, -39.1390304565, 18.699262619, -10.6493473053, 23.8535480499, 24.9322395325, 32.5239219666, 8.67036437988, 3.20657134056, 13.3133010864], [-258.504638672, -7.51842975616, 58.8127861023, -39.1390304565, 115.587364197, 15.7337408066, 5.87645626068, 0.200441718102, 13.0897789001, 1.16147279739, -15.7517318726, -5.55240058899, -2.44724535942], [81.1758270264, -40.361366272, -19.4831466675, 18.699262619, 15.7337408066, 72.6391296387, 36.9281234741, 17.0028629303, 4.13132667542, 9.42071914673, 5.99039649963, 9.79480361938, 10.7305393219], [25.1117191315, -12.9822702408, 16.6527690887, -10.6493473053, 5.87645626068, 36.9281234741, 98.1719284058, 32.7856712341, 6.50799703598, 5.68945074081, -2.41451740265, 10.0484085083, 5.46310949326], [186.167602539, -82.8302383423, -8.6619386673, 23.8535480499, 0.200441718102, 17.0028629303, 32.7856712341, 81.2624511719, 31.024471283, 20.8110275269, 4.80683135986, 11.5014257431, 2.44217276573], [113.47077179, -42.2598800659, -2.4746658802, 24.9322395325, 13.0897789001, 4.13132667542, 6.50799703598, 31.024471283, 64.7228240967, 30.8663234711, -2.97575616837, -2.68213605881, 3.83242154121], [133.289916992, -70.3633651733, 7.50748157501, 32.5239219666, 1.16147279739, 9.42071914673, 5.68945074081, 20.8110275269, 30.8663234711, 67.6468887329, 18.8676567078, 8.43567371368, 7.2422041893], [16.4934902191, -24.4701042175, -15.0533485413, 8.67036437988, -15.7517318726, 5.99039649963, -2.41451740265, 4.80683135986, -2.97575616837, 18.8676567078, 55.1525497437, 24.2280635834, 5.73140668869], [44.983707428, -33.7036819458, -8.93967056274, 3.20657134056, -5.55240058899, 9.79480361938, 10.0484085083, 11.5014257431, -2.68213605881, 8.43567371368, 24.2280635834, 48.1811027527, 23.4627590179], [45.1037025452, -34.3198928833, -8.97007083893, 13.3133010864, -2.44724535942, 10.7305393219, 5.46310949326, 2.44217276573, 3.83242154121, 7.2422041893, 5.73140668869, 23.4627590179, 45.8847465515]]
        icov: [[0.000392833288061, 0.000185608980246, 0.000593637989368, -0.00118047115393, 0.000231605808949, 0.00025424172054, -0.000310808449285, -0.000186981094885, 5.44711765542e-005, -0.000206748460187, 0.000557558727451, -0.000382768019335, 0.00036525883479], [0.000185608980246, 0.00203832634725, 0.000732254295144, -0.000766558630858, -0.000121317738376, 0.00113519479055, -0.00116140430328, 0.00186539348215, -0.000177316818736, 0.00129827298224, 0.000190065155039, 5.97019279667e-005, 0.00123037595768], [0.000593637989368, 0.000732254295144, 0.00423353072256, -0.000482477451442, -0.000985414488241, 0.00189177389257, -0.00150566140655, 0.000278699561022, 0.000651824346278, -0.00159129081294, 0.00140336842742, -0.000225136609515, 0.000737786584068], [-0.00118047115393, -0.000766558630858, -0.000482477451442, 0.00951815210283, 0.00105572084431, -0.00257588154636, 0.0025370111689, -0.000704463804141, -0.000961008539889, -0.00195954437368, -0.000888130336534, 0.00204097060487, -0.00241797044873], [0.000231605808949, -0.000121317738376, -0.000985414488241, 0.00105572084431, 0.0113121615723, -0.0041462588124, 0.00131772551686, 0.000430717249401, -0.00305131007917, -0.000396703311708, 0.00351733691059, -0.00116575614084, 0.00105001532938], [0.00025424172054, 0.00113519479055, 0.00189177389257, -0.00257588154636, -0.0041462588124, 0.0207501910627, -0.00813756417483, -3.93889858969e-005, 0.00205274508335, -0.000558846571948, -0.00214338931255, 0.000601524661761, -0.0025095094461], [-0.000310808449285, -0.00116140430328, -0.00150566140655, 0.0025370111689, 0.00131772551686, -0.00813756417483, 0.0159155484289, -0.00605341000482, 0.000716777285561, -0.000727497041225, 0.00239725224674, -0.00183318916243, -0.000500132795423], [-0.000186981094885, 0.00186539348215, 0.000278699561022, -0.000704463804141, 0.000430717249401, -3.93889858969e-005, -0.00605341000482, 0.0209554843605, -0.0084663098678, 0.000625719258096, 0.000159619739861, -0.00502050668001, 0.00463111605495], [5.44711765542e-005, -0.000177316818736, 0.000651824346278, -0.000961008539889, -0.00305131007917, 0.00205274508335, 0.000716777285561, -0.0084663098678, 0.025563178584, -0.0103696603328, 0.00331277004443, 0.00420448090881, -0.00311956577934], [-0.000206748460187, 0.00129827298224, -0.00159129081294, -0.00195954437368, -0.000396703311708, -0.000558846571948, -0.000727497041225, 0.000625719258096, -0.0103696603328, 0.0248309448361, -0.00905650947243, 0.00105905509554, -0.00086878053844], [0.000557558727451, 0.000190065155039, 0.00140336842742, -0.000888130336534, 0.00351733691059, -0.00214338931255, 0.00239725224674, 0.000159619739861, 0.00331277004443, -0.00905650947243, 0.0294727068394, -0.0157629847527, 0.00605265982449], [-0.000382768019335, 5.97019279667e-005, -0.000225136609515, 0.00204097060487, -0.00116575614084, 0.000601524661761, -0.00183318916243, -0.00502050668001, 0.00420448090881, 0.00105905509554, -0.0157629847527, 0.0393301285803, -0.0185931622982], [0.00036525883479, 0.00123037595768, 0.000737786584068, -0.00241797044873, 0.00105001532938, -0.0025095094461, -0.000500132795423, 0.00463111605495, -0.00311956577934, -0.00086878053844, 0.00605265982449, -0.0185931622982, 0.0328057892621]]
    sccoeffs:
        dmean: [0.0545515716076, 0.0444783717394, 0.0349149778485, 0.0273544061929, 0.0193389169872, 0.0174695439637]
        dmean2: [0.087128482759, 0.0738703459501, 0.058457031846, 0.045501191169, 0.0317265316844, 0.0273514781147]
        dvar: [0.0020468684379, 0.0012528905645, 0.000749587255996, 0.000478052999824, 0.000282328721369, 0.000255689927144]
        dvar2: [0.00553134735674, 0.00345191452652, 0.00202742847614, 0.00126309436746, 0.00069360510679, 0.000566495989915]
        max: [-0.394107162952, -0.496025472879, -0.601988971233, -0.623096704483, -0.615682005882, -0.588960528374]
        mean: [-0.666988134384, -0.778438270092, -0.796319723129, -0.808625221252, -0.806152582169, -0.737786471844]
        median: [-0.667884349823, -0.782138586044, -0.797537744045, -0.810105085373, -0.805415570736, -0.733129382133]
        min: [-0.98286318779, -0.993479847908, -0.991161882877, -0.973496735096, -0.965989768505, -0.964004456997]
        var: [0.005024633836, 0.00336286309175, 0.00239707715809, 0.00162731483579, 0.00129748007748, 0.00177810841706]
    scvalleys:
        dmean: [0.376418113708, 0.343951433897, 0.267573654652, 0.244318321347, 0.217534229159, 0.242383912206]
        dmean2: [0.60618776083, 0.568562865257, 0.435985326767, 0.380302548409, 0.327106237411, 0.362924426794]
        dvar: [0.113332256675, 0.0944480001926, 0.0638751611114, 0.0598190352321, 0.0587305016816, 0.0887474864721]
        dvar2: [0.258909970522, 0.214999437332, 0.128936678171, 0.108768813312, 0.100764654577, 0.163783818483]
        max: [-5.2936425209, -4.9036450386, -5.14300537109, -5.86477470398, -5.38342380524, -7.72328281403]
        mean: [-6.95029115677, -6.84640216827, -7.07467985153, -7.24117183685, -7.02234506607, -10.0280838013]
        median: [-6.61966991425, -6.58592557907, -6.77665233612, -6.88767719269, -6.54300785065, -9.53227710724]
        min: [-28.1102676392, -27.9076251984, -27.5948848724, -27.6702537537, -27.547668457, -27.4466609955]
        var: [4.24120092392, 4.19522094727, 4.12607336044, 4.1978726387, 4.56237792969, 3.96730351448]

rhythm:
    beats_loudness:
        dmean: 0.00158244301565
        dmean2: 0.00287616881542
        dvar: 2.96316488857e-006
        dvar2: 8.6007767095e-006
        max: 0.0165201146156
        mean: 0.00502950837836
        median: 0.0051408931613
        min: 0
        var: 7.30620422473e-006
    bpm: 166.21333313
    bpm_confidence: 0
    first_peak_bpm: 167
    first_peak_spread: 0
    first_peak_weight: 0.533772647381
    onset_rate: 3.72881269455
    second_peak_bpm: 172
    second_peak_spread: 0
    second_peak_weight: 0.373970359564
    beats_loudness_band_ratio:
        dmean: [0.104688376188, 0.0568832568824, 0.0468602925539, 0.0541727058589, 0.0975081771612, 0.0661319792271]
        dmean2: [0.182831704617, 0.098839610815, 0.0829262807965, 0.093679971993, 0.173762232065, 0.115186356008]
        dvar: [0.00872511882335, 0.00455484632403, 0.00292753847316, 0.00331834051758, 0.00983209256083, 0.00397845590487]
        dvar2: [0.0244557857513, 0.0129826888442, 0.00826897285879, 0.00875004939735, 0.0291644055396, 0.0114340307191]
        max: [0.996579349041, 0.75607252121, 0.551177561283, 0.563201487064, 0.670851111412, 0.771564662457]
        mean: [0.227965250611, 0.110481165349, 0.087795458734, 0.0963666215539, 0.282184034586, 0.217383280396]
        median: [0.208192318678, 0.070831514895, 0.0701664537191, 0.0793418139219, 0.274678498507, 0.230917707086]
        min: [0, 0, 0, 0, 0, 0]
        var: [0.0163693502545, 0.0145021351054, 0.00370493228547, 0.00427784165367, 0.0157852098346, 0.00942762941122]
    beats_position: [0.348299324512, 0.708208620548, 1.06811785698, 1.42802715302, 1.78793644905, 2.15945577621, 2.54258489609, 2.92571425438, 3.32045340538, 3.70358276367, 4.07510185242, 4.43501138687, 4.79492044449, 5.15482997894, 5.51473903656, 5.87464857101, 6.2229475975, 6.57124710083, 6.93115615845, 7.2910656929, 7.63936471939, 7.98766422272, 8.34757328033, 8.70748329163, 9.05578231812, 9.41569137573, 9.77560043335, 10.1239004135, 10.4838094711, 10.8437185287, 11.1920175552, 11.5519275665, 11.9118366241, 12.2601356506, 12.6084346771, 12.9683446884, 13.328253746, 13.6765527725, 14.0364627838, 14.3963718414, 14.7446708679, 15.0929698944, 15.4528799057, 15.8127889633, 16.1610889435, 16.5209980011, 16.8809070587, 17.2292060852, 17.5775051117, 17.9374141693, 18.2973232269, 18.6456241608, 18.9939231873, 19.3538322449, 19.7137413025, 20.062040329, 20.4219493866, 20.7818584442, 21.1301574707, 21.4784584045, 21.8383674622, 22.1982765198, 22.5465755463, 22.9064846039, 23.2663936615, 23.614692688, 23.9629936218, 24.3229026794, 24.6828117371, 25.0311107635, 25.3910198212, 25.7509288788, 26.0992279053, 26.4475269318, 26.8074378967, 27.1673469543, 27.5156459808, 27.8639450073, 28.2238540649, 28.5837631226, 28.932062149, 29.291973114, 29.6518821716, 30.0001811981, 30.3484802246, 30.6967792511, 31.0566883087, 31.4165973663, 31.7648983002, 32.1248054504, 32.4847145081, 32.8330154419, 33.1929244995, 33.5528335571, 33.9127426147, 34.2726516724, 34.6209526062, 34.9808616638, 35.3407707214, 35.6890678406, 36.0373687744, 36.397277832, 36.7571868896, 37.1054878235, 37.4537849426, 37.8136940002, 38.1736030579, 38.5219039917, 38.8818130493, 39.2417221069, 39.5900230408, 39.9499320984, 40.309841156, 40.6581382751, 41.006439209, 41.3663482666, 41.7262573242, 42.0745582581, 42.4344673157, 42.7943763733, 43.1426734924, 43.4909744263, 43.8508834839, 44.2107925415, 44.5590934753, 44.9073905945, 45.2672996521, 45.6272087097, 45.9755096436, 46.3354187012, 46.6953277588, 47.0436286926, 47.3919258118, 47.7402267456, 48.1001358032, 48.4600448608, 48.8199539185, 49.1798629761, 49.5281639099, 49.8764610291, 50.2363700867, 50.5962791443, 50.9445800781, 51.2928771973, 51.6527900696, 52.024307251, 52.3842163086, 52.7325172424, 53.0808143616, 53.4407234192, 53.8006324768, 54.1489334106, 54.5088424683, 54.8687515259, 55.2286605835, 55.5885696411, 55.9484786987, 56.3199996948, 56.6915168762, 57.0630378723, 57.4345550537, 57.8060760498, 58.2008171082, 58.583946228, 58.9554634094, 59.3385925293, 59.6985015869, 60.070022583, 60.4299316406, 60.7898406982, 61.1497497559, 61.5212669373, 61.8927879333, 62.2643089294, 62.6474380493, 63.0189552307, 63.3672561646, 63.7271652222, 64.0870742798, 64.4353713989, 64.7836685181, 65.1435852051, 65.5034942627, 65.8634033203, 66.2233123779, 66.5716094971, 66.9199066162, 67.2798156738, 67.6397247314, 67.98802948, 68.3479385376, 68.7078475952, 69.0561447144, 69.4044418335, 69.7527389526, 70.1126480103, 70.4725646973, 70.8324737549, 71.1923828125, 71.5406799316, 71.9005889893, 72.2604980469, 72.608795166, 72.9570999146, 73.3170089722, 73.6769180298, 74.0252151489, 74.3851242065, 74.7450332642, 75.0933303833, 75.4416275024, 75.8015441895, 76.1614532471, 76.5097503662, 76.8696594238, 77.2295684814, 77.5778656006, 77.9261627197, 78.2860794067, 78.6459884644, 78.9942855835, 79.3541946411, 79.7141036987, 80.0624008179, 80.410697937, 80.7706069946, 81.1189117432, 81.4788208008, 81.8271179199, 82.1754150391, 82.5237197876, 82.8836288452, 83.2435379028, 83.6034469604, 83.9633560181, 84.3232650757, 84.6831741333, 85.0314712524, 85.3913803101, 85.7396774292, 86.0995864868, 86.4478912354, 86.807800293, 87.1677093506, 87.5160064697, 87.8643035889, 88.2242126465, 88.5841217041, 88.9440383911, 89.3039474487, 89.6522445679, 90.000541687, 90.3604507446, 90.7203598022, 91.0686569214, 91.4169616699, 91.7768707275, 92.1367797852, 92.4850769043, 92.8449859619, 93.2048950195, 93.5531921387, 93.9131011963, 94.2730178833, 94.6213150024, 94.9696121216, 95.3295211792, 95.6894302368, 96.037727356, 96.3860321045, 96.7459411621, 97.1058502197, 97.4657592773, 97.825668335, 98.1739654541, 98.5222625732, 98.8821716309, 99.2420806885, 99.590385437, 99.9386825562, 100.298591614, 100.658500671, 101.006797791, 101.355102539, 101.715011597, 102.074920654, 102.434829712, 102.79473877, 103.143035889, 103.491333008, 103.851242065, 104.211151123, 104.559455872, 104.907752991, 105.25605011, 105.615959167, 105.975868225, 106.335777283, 106.684082031, 107.043991089, 107.403900146, 107.763809204, 108.112106323, 108.460403442, 108.8203125, 109.180221558, 109.528526306, 109.876823425, 110.236732483, 110.596641541, 110.94493866, 111.304847717, 111.664756775, 112.013061523, 112.372970581, 112.732879639, 113.081176758, 113.429473877, 113.777778625, 114.102851868, 114.474372864, 114.84589386, 115.194190979, 115.554100037, 115.914009094, 116.262313843, 116.610610962, 116.958908081, 117.330429077, 117.701950073, 118.050247192, 118.398544312, 118.758453369, 119.118362427, 119.478271484, 119.826576233, 120.186485291, 120.53478241, 120.894691467, 121.254600525, 121.602897644, 121.951202393, 122.299499512, 122.659408569, 123.019317627, 123.367614746, 123.715919495, 124.075828552, 124.43573761, 124.784034729, 125.132331848, 125.480628967, 125.840545654, 126.200454712, 126.56036377, 126.920272827, 127.280181885, 127.640090942, 127.988388062, 128.336685181, 128.696594238, 129.056503296, 129.416412354, 129.764709473, 130.113006592, 130.472915649, 130.832824707, 131.192733765, 131.552658081, 131.912567139, 132.260864258, 132.609161377, 132.969070435, 133.328979492, 133.68888855, 134.048797607, 134.420318604, 134.7918396, 135.174957275, 135.55809021, 135.929611206, 136.301132202, 136.672653198, 137.044174194, 137.404083252, 137.76399231, 138.123901367, 138.472198486, 138.832107544, 139.192016602, 139.551925659, 139.923446655, 140.294967651, 140.666488647, 141.037994385, 141.421127319, 141.804260254, 142.17578125, 142.535690308, 142.895599365, 143.255508423, 143.61541748, 143.9637146, 144.312011719, 144.671920776, 145.031829834, 145.380126953, 145.740036011, 146.099945068, 146.448257446, 146.796554565, 147.156463623, 147.516372681, 147.876281738, 148.236190796, 148.584487915, 148.932785034, 149.292694092, 149.640991211, 150.000900269, 150.360809326, 150.720718384, 151.069015503, 151.428924561, 151.788833618, 152.137145996, 152.485443115, 152.833740234, 153.193649292, 153.55355835, 153.901855469, 154.261764526, 154.621673584, 154.981582642, 155.341491699, 155.689788818, 156.038085938, 156.397994995, 156.757904053, 157.106216431, 157.45451355, 157.814422607, 158.174331665, 158.522628784, 158.882537842, 159.242446899, 159.590744019, 159.939041138, 160.298950195, 160.658859253, 161.007156372, 161.36706543, 161.726974487, 162.075286865, 162.423583984, 162.783493042, 163.131790161, 163.491699219, 163.851608276, 164.211517334, 164.559814453, 164.908111572, 165.256408691, 165.616317749, 165.976226807, 166.336135864, 166.696044922, 167.0443573, 167.392654419, 167.752563477, 168.112472534, 168.460769653, 168.820678711, 169.180587769, 169.528884888, 169.877182007, 170.225479126, 170.585388184, 170.945297241, 171.305206299, 171.665115356, 172.013427734, 172.361724854, 172.721633911, 173.081542969, 173.441452026, 173.801361084, 174.149658203, 174.497955322, 174.85786438, 175.217773438, 175.566070557, 175.914367676, 176.274276733, 176.634185791, 176.982498169, 177.342407227, 177.702316284, 178.050613403, 178.410522461, 178.770431519, 179.118728638, 179.467025757, 179.826934814, 180.186843872, 180.535140991, 180.88343811, 181.243347168, 181.603256226, 181.951568604, 182.311477661, 182.671386719, 183.019683838, 183.367980957, 183.727890015, 184.087799072, 184.44770813, 184.807617188, 185.155914307, 185.504211426, 185.864120483, 186.224029541, 186.57232666, 186.920639038, 187.280548096, 187.640457153, 187.988754272, 188.337051392, 188.685348511, 189.045257568, 189.405166626, 189.765075684, 190.124984741, 190.47328186, 190.833190918, 191.193099976, 191.541397095, 191.889694214, 192.24961853, 192.609527588, 192.957824707, 193.306121826, 193.631195068, 194.002716064, 194.374237061, 194.72253418, 195.082443237, 195.442352295, 195.790649414, 196.138946533, 196.487258911, 196.858764648, 197.230285645, 197.578598022, 197.926895142, 198.286804199, 198.646713257, 199.006622314, 199.354919434, 199.714828491, 200.06312561, 200.411422729, 200.771331787, 201.131240845, 201.479537964, 201.827835083, 202.176147461, 202.536056519, 202.895965576, 203.244262695, 203.604171753, 203.964080811, 204.31237793, 204.660675049, 205.008972168, 205.368881226, 205.728790283, 206.088699341, 206.448608398, 206.808517456, 207.168426514, 207.516723633, 207.865036011, 208.224945068, 208.584854126, 208.933151245, 209.281448364, 209.629745483, 209.978042603, 210.33795166, 210.697860718, 211.057769775, 211.417678833, 211.765975952, 212.12588501, 212.485794067, 212.834106445, 213.194015503, 213.553924561, 213.925445557, 214.308563232, 214.691696167, 215.074829102, 215.457962036, 215.841079712, 216.235824585, 216.630569458, 217.025299072]
