
metadata:
    version:
        essentia: "2.1-beta2"
    audio_properties:
        analysis_sample_rate: 44100
        bitrate: 267
        channels: 2
        equal_loudness: 1
        length: 305.031829834
        replay_gain: -14.212436676
        downmix: "mix"
    tags:
        album: "L'Armée des Ombres"
        artist: "Mass Hysteria"
        comment: "You Like It? Buy It!"
        date: "2012"
        genre: "Metal"
        title: "Même si j'explose"
        tracknumber: "4"

configuration:
    average_loudness:
        compute: 1
        frameSize: 88200
        hopSize: 44100
        silentFrames: "noise"
        windowType: "hann"
    general:
        analysisSampleRate: 44100
        endTime: 2000
        equalLoudness: 1
        nequalLoudness: 0
        shortSound: 0
        startTime: 0
    lowlevel:
        compute: 1
        frameSize: 2048
        hopSize: 1024
        zeroPadding: 0
        silentFrames: "noise"
        windowType: "blackmanharris62"
        mfccStats: ["mean", "cov", "icov"]
        stats: ["mean", "var", "median", "min", "max", "dmean", "dmean2", "dvar", "dvar2"]
    panning:
        compute: 0
        frameSize: 8192
        hopSize: 2048
        zeroPadding: 8192
        silentFrames: "noise"
        windowType: "hann"
        stats: ["copy"]
    rhythm:
        compute: 1
        maxTempo: 208
        minTempo: 40
        method: "degara"
        stats: ["mean", "var", "median", "min", "max", "dmean", "dmean2", "dvar", "dvar2"]
    segmentation:
        compute: 0
        cpw: 5
        inc1: 300
        inc2: 50
        minimumSegmentsLength: 10
        size1: 1000
        size2: 600
    sfx:
        compute: 1
        stats: ["mean", "var", "median", "min", "max", "dmean", "dmean2", "dvar", "dvar2"]
    svm:
        compute: 0
    tonal:
        compute: 1
        frameSize: 4096
        hopSize: 2048
        zeroPadding: 0
        silentFrames: "noise"
        windowType: "blackmanharris62"
        stats: ["mean", "var", "median", "min", "max", "dmean", "dmean2", "dvar", "dvar2"]

lowlevel:
    average_loudness: 0.592907190323
    barkbands_kurtosis:
        dmean: 1.13692498207
        dmean2: 1.84448540211
        dvar: 14.8998680115
        dvar2: 34.6094474792
        max: 153.888153076
        mean: 0.674161970615
        median: -1.07409238815
        min: -1.87495326996
        var: 34.7869262695
    barkbands_skewness:
        dmean: 0.372771471739
        dmean2: 0.586913406849
        dvar: 0.127728521824
        dvar2: 0.320800423622
        max: 7.27722644806
        mean: 0.399396181107
        median: 0.29827773571
        min: -3.26742959023
        var: 0.764278113842
    barkbands_spread:
        dmean: 4.47467136383
        dmean2: 7.21061944962
        dvar: 24.5556182861
        dvar2: 63.0081520081
        max: 73.720199585
        mean: 29.1672286987
        median: 33.8237380981
        min: 0.092674292624
        var: 248.351348877
    dissonance:
        dmean: 0.0184141937643
        dmean2: 0.0313669368625
        dvar: 0.000683535181452
        dvar2: 0.0018915690016
        max: 0.500000178814
        mean: 0.463342219591
        median: 0.480166256428
        min: 0.134659036994
        var: 0.00208940543234
    hfc:
        dmean: 1.84555160999
        dmean2: 2.87789487839
        dvar: 13.0411682129
        dvar2: 30.5466156006
        max: 85.1315917969
        mean: 6.12139415741
        median: 5.43361520767
        min: 1.1071568977e-016
        var: 45.0970954895
    pitch:
        dmean: 801.30670166
        dmean2: 1549.9942627
        dvar: 1778006.5
        dvar2: 4402410
        max: 5452.92724609
        mean: 1364.71826172
        median: 376.360656738
        min: 54.2889137268
        var: 2489949.75
    pitch_instantaneous_confidence:
        dmean: 0.076432980597
        dmean2: 0.126001596451
        dvar: 0.00440969225019
        dvar2: 0.0113100009039
        max: 0.962340474129
        mean: 0.390146911144
        median: 0.351205229759
        min: 0.0988020300865
        var: 0.0235879626125
    pitch_salience:
        dmean: 0.0598258413374
        dmean2: 0.0975072458386
        dvar: 0.00304082990624
        dvar2: 0.00809617806226
        max: 0.992779254913
        mean: 0.6429733634
        median: 0.656389594078
        min: 0.119537808001
        var: 0.00834055058658
    silence_rate_20dB:
        dmean: 0
        dmean2: 0
        dvar: 0
        dvar2: 0
        max: 1
        mean: 1
        median: 1
        min: 1
        var: 0
    silence_rate_30dB:
        dmean: 0
        dmean2: 0
        dvar: 0
        dvar2: 0
        max: 1
        mean: 1
        median: 1
        min: 1
        var: 0
    silence_rate_60dB:
        dmean: 0.0496308133006
        dmean2: 0.0992691814899
        dvar: 0.0471623726189
        dvar2: 0.107692524791
        max: 1
        mean: 0.473511964083
        median: 0
        min: 0
        var: 0.249275445938
    spectral_centroid:
        dmean: 225.622711182
        dmean2: 352.661315918
        dvar: 72073.5546875
        dvar2: 166319.421875
        max: 11915.8837891
        mean: 1421.68383789
        median: 1473.24829102
        min: 239.135620117
        var: 769401.0625
    spectral_complexity:
        dmean: 2.92456412315
        dmean2: 4.55146169662
        dvar: 13.0093870163
        dvar2: 29.2646751404
        max: 49
        mean: 11.9116306305
        median: 12
        min: 0
        var: 93.7325439453
    spectral_crest:
        dmean: 1.96718466282
        dmean2: 3.25002408028
        dvar: 3.51405739784
        dvar2: 9.47487735748
        max: 26.4771614075
        mean: 7.7968916893
        median: 6.64685249329
        min: 2.403683424
        var: 15.9209356308
    spectral_decrease:
        dmean: 2.16482276549e-010
        dmean2: 3.48801737493e-010
        dvar: 1.4128733416e-019
        dvar2: 3.64724870084e-019
        max: 1.52850274478e-028
        mean: -7.95783716701e-010
        median: -7.37298000431e-010
        min: -5.15231102227e-009
        var: 5.07703349156e-019
    spectral_energy:
        dmean: 0.000948562286794
        dmean2: 0.00151994766202
        dvar: 2.75490879176e-006
        dvar2: 6.99567499396e-006
        max: 0.0237349551171
        mean: 0.0035587020684
        median: 0.00332420924678
        min: 1.01636594671e-020
        var: 1.03868405859e-005
    spectral_energyband_high:
        dmean: 0.000164666838828
        dmean2: 0.000270508404355
        dvar: 1.69641410253e-007
        dvar2: 3.91835953906e-007
        max: 0.0118162771687
        mean: 0.000348332949216
        median: 0.000262719811872
        min: 7.24904576572e-021
        var: 3.69408724055e-007
    spectral_energyband_low:
        dmean: 0.000322604348185
        dmean2: 0.000519454071764
        dvar: 3.26446496501e-007
        dvar2: 7.85313773122e-007
        max: 0.00907312612981
        mean: 0.000505839067046
        median: 0.000263974012341
        min: 2.26062986085e-023
        var: 6.77309287767e-007
    spectral_energyband_middle_high:
        dmean: 0.000469757476822
        dmean2: 0.0007048107218
        dvar: 7.1515324862e-007
        dvar2: 1.53071425757e-006
        max: 0.0193800441921
        mean: 0.00163035315927
        median: 0.00132553605363
        min: 1.2077217616e-021
        var: 3.34602123075e-006
    spectral_energyband_middle_low:
        dmean: 0.000499060784932
        dmean2: 0.000827998563182
        dvar: 9.67029450294e-007
        dvar2: 2.67983250524e-006
        max: 0.0135186407715
        mean: 0.00127735547721
        median: 0.0010252565844
        min: 1.7638995474e-022
        var: 1.62502306011e-006
    spectral_flatness_db:
        dmean: 0.0156852304935
        dmean2: 0.0251902155578
        dvar: 0.000249542586971
        dvar2: 0.000667752523441
        max: 0.636787354946
        mean: 0.188893213868
        median: 0.140626832843
        min: 0.0622133053839
        var: 0.0111132701859
    spectral_flux:
        dmean: 0.00571389636025
        dmean2: 0.00876516196877
        dvar: 6.25940447208e-005
        dvar2: 0.000118037249194
        max: 0.123243674636
        mean: 0.0308087933809
        median: 0.0320329591632
        min: 6.41349681696e-011
        var: 0.000436809961684
    spectral_kurtosis:
        dmean: 9.82756137848
        dmean2: 16.9473228455
        dvar: 634.058105469
        dvar2: 1873.68591309
        max: 805.677978516
        mean: 33.5004882813
        median: 3.37993311882
        min: -1.25350987911
        var: 4856.75585938
    spectral_rms:
        dmean: 0.000208443481824
        dmean2: 0.000328366295435
        dvar: 8.08926117202e-008
        dvar2: 1.98730731427e-007
        max: 0.00481207389385
        mean: 0.00161761813797
        median: 0.00180086959153
        min: 3.14893076891e-012
        var: 8.55219582263e-007
    spectral_rolloff:
        dmean: 314.323272705
        dmean2: 506.607879639
        dvar: 195680.90625
        dvar2: 431079.375
        max: 19616.7480469
        mean: 2763.87548828
        median: 3273.046875
        min: 172.265625
        var: 2582716.5
    spectral_skewness:
        dmean: 0.514669835567
        dmean2: 0.880089938641
        dvar: 0.905560433865
        dvar2: 2.6067070961
        max: 24.1049766541
        mean: 2.80207252502
        median: 1.27259719372
        min: -0.109661124647
        var: 11.4934549332
    spectral_spread:
        dmean: 378643.84375
        dmean2: 582654.0625
        dvar: 349081829376
        dvar2: 649607315456
        max: 42651748
        mean: 3726455.25
        median: 3992265.25
        min: 190040.9375
        var: 8.00443229798e+012
    spectral_strongpeak:
        dmean: 0.263096213341
        dmean2: 0.455004781485
        dvar: 0.31945335865
        dvar2: 0.842388570309
        max: 6.69859790802
        mean: 0.385182917118
        median: 0.180694848299
        min: 1.2896733681e-010
        var: 0.386808753014
    zerocrossingrate:
        dmean: 0.00693023391068
        dmean2: 0.00841240677983
        dvar: 6.31269504083e-005
        dvar2: 7.79693073127e-005
        max: 0.52587890625
        mean: 0.0823579356074
        median: 0.09130859375
        min: 0.00927734375
        var: 0.00193503045011
    barkbands:
        dmean: [4.51246705779e-007, 5.72728422412e-005, 0.000180980903679, 0.000211528371437, 0.000178926551598, 0.000147498154547, 0.000110232875159, 5.93857002968e-005, 6.54601171846e-005, 0.000104421218566, 2.94554793072e-005, 4.49831532023e-005, 4.10932443629e-005, 4.40404764959e-005, 4.81308088638e-005, 7.20009193174e-005, 0.000108639644168, 0.000140876509249, 0.000172670537722, 0.000101687612187, 7.82603310654e-005, 3.72177200916e-005, 4.96212987855e-006, 2.63619290308e-006, 1.27975010855e-006, 2.56060399551e-008, 3.24323484735e-010]
        dmean2: [5.97649489009e-007, 9.93060675683e-005, 0.000291220698273, 0.000354472460458, 0.00030499038985, 0.000239143089857, 0.000185585158761, 9.54318384174e-005, 0.000106069441244, 0.000165379795362, 4.81200659124e-005, 7.07504077582e-005, 6.62265811116e-005, 7.23310513422e-005, 7.66960947658e-005, 0.000114908973046, 0.000173443928361, 0.000225253781537, 0.000282278226223, 0.000168373459019, 0.000128895713715, 6.16227916908e-005, 8.16565807327e-006, 4.14401165472e-006, 1.97931944967e-006, 4.18033181404e-008, 5.54148615883e-010]
        dvar: [9.92610724518e-013, 1.71203637933e-008, 1.00086516852e-007, 3.06613344492e-007, 1.2292694862e-007, 9.01813947962e-008, 4.99480741212e-008, 2.51738700996e-008, 2.67163908774e-008, 7.30860918452e-008, 6.42344000212e-009, 1.42683891369e-008, 1.13429585724e-008, 1.56147734742e-008, 2.53087311108e-008, 4.5290470041e-008, 7.30633331614e-008, 1.11697978866e-007, 8.8546066479e-008, 3.98183068739e-008, 3.73361501715e-008, 2.51909053617e-008, 2.2432944391e-010, 1.26804469702e-010, 3.96224164589e-011, 9.89017353258e-015, 4.4341011566e-019]
        dvar2: [1.8460560771e-012, 4.82719144657e-008, 2.31673013218e-007, 8.5964398977e-007, 3.43037527273e-007, 2.29249195627e-007, 1.32624933258e-007, 5.89287694197e-008, 6.73473863344e-008, 1.68148687862e-007, 1.58056714383e-008, 3.01199349906e-008, 2.81685732517e-008, 4.04612734428e-008, 6.09647941019e-008, 1.11832036964e-007, 1.74316667767e-007, 2.48259965474e-007, 2.27333757152e-007, 1.06737935823e-007, 8.33357987062e-008, 5.6541452409e-008, 5.3602683403e-010, 2.77737888243e-010, 9.0873947256e-011, 2.35575549682e-014, 1.13922581324e-018]
        max: [1.41761765917e-005, 0.00142396299634, 0.0054622660391, 0.00715758139268, 0.00469529442489, 0.00701153604314, 0.00640439474955, 0.00538465101272, 0.00484224362299, 0.00659569445997, 0.00306065706536, 0.00558930449188, 0.00332445907407, 0.00408578664064, 0.00743246637285, 0.00894888676703, 0.0077839656733, 0.00936509761959, 0.0067469868809, 0.00636297184974, 0.00736030098051, 0.00517756585032, 0.000468654819997, 0.000386009254726, 0.000238228138187, 3.10498785439e-006, 1.56619499592e-008]
        mean: [6.92016385528e-007, 6.55124385958e-005, 0.000263179041212, 0.00026301536127, 0.000288640905637, 0.000302126514725, 0.000180015427759, 9.2815644166e-005, 0.000113526381028, 0.000174042244907, 4.84252886963e-005, 8.10795463622e-005, 7.37694936106e-005, 7.08174047759e-005, 8.31495417515e-005, 0.000140900476254, 0.000212367769564, 0.000277517741779, 0.000381884165108, 0.000215245090658, 0.000155624511535, 5.91906136833e-005, 8.66403479449e-006, 4.35362608187e-006, 2.11026485886e-006, 3.98286594816e-008, 4.01141536654e-010]
        median: [1.12511585826e-007, 3.18121419696e-005, 0.000125137157738, 0.000103986756585, 0.000166248821188, 0.000105270635686, 8.44110545586e-005, 3.70171692339e-005, 6.30948488833e-005, 5.73433862883e-005, 2.24829818762e-005, 3.33969219355e-005, 3.1974464946e-005, 3.6583878682e-005, 4.60588198621e-005, 8.34583042888e-005, 0.000118353644211, 0.000145450147102, 0.000291770964395, 0.000171940337168, 0.000114141577797, 2.37239801208e-005, 4.36481332144e-006, 1.45885132952e-006, 4.3677175654e-007, 1.13784626166e-008, 1.24167703897e-010]
        min: [6.97755359277e-025, 6.21488326403e-024, 1.29680252564e-024, 2.37395087373e-024, 1.46129083177e-023, 5.95038175239e-024, 1.08700820222e-023, 1.37882283942e-023, 2.15844287023e-023, 2.96376335823e-023, 1.83153701784e-023, 2.81140528735e-023, 3.01506235181e-023, 4.90968441847e-023, 4.23476121814e-023, 6.41621090112e-023, 7.82438883255e-023, 9.49412022353e-023, 1.07829157321e-022, 1.86230672677e-022, 2.42446289178e-022, 3.06492404082e-022, 3.53810729801e-022, 6.45173160375e-022, 8.84847985555e-022, 1.32772303007e-021, 1.99529433706e-021]
        var: [2.02502034238e-012, 1.3821576772e-008, 2.06696583405e-007, 3.01740954001e-007, 1.61451112035e-007, 2.41536497469e-007, 8.80399042558e-008, 3.86631029414e-008, 4.58124631564e-008, 1.55993348017e-007, 1.34093438575e-008, 3.52860070052e-008, 2.1875440126e-008, 2.24091838419e-008, 3.74331179387e-008, 8.49501446964e-008, 1.50387933218e-007, 2.6810619147e-007, 2.03177066282e-007, 6.46158540007e-008, 8.33099846886e-008, 4.87036970753e-008, 3.83981763052e-010, 2.27068197578e-010, 7.43521424984e-011, 1.53369240322e-014, 6.49698724071e-019]
    frequency_bands:
        dmean: [4.51246705779e-007, 5.72728422412e-005, 0.000180980903679, 0.000211528371437, 0.000178926551598, 0.000147498154547, 0.000110232875159, 5.93857002968e-005, 6.54601171846e-005, 0.000104421218566, 2.94554793072e-005, 4.49831532023e-005, 4.10932443629e-005, 4.40404764959e-005, 4.81308088638e-005, 7.20009193174e-005, 0.000108639644168, 0.000140876509249, 0.000172670537722, 0.000101687612187, 7.82603310654e-005, 3.72177200916e-005, 4.96212987855e-006, 2.63619290308e-006, 1.27975010855e-006, 2.56060399551e-008, 3.24323484735e-010, 4.21330123568e-011]
        dmean2: [5.97649489009e-007, 9.93060675683e-005, 0.000291220698273, 0.000354472460458, 0.00030499038985, 0.000239143089857, 0.000185585158761, 9.54318384174e-005, 0.000106069441244, 0.000165379795362, 4.81200659124e-005, 7.07504077582e-005, 6.62265811116e-005, 7.23310513422e-005, 7.66960947658e-005, 0.000114908973046, 0.000173443928361, 0.000225253781537, 0.000282278226223, 0.000168373459019, 0.000128895713715, 6.16227916908e-005, 8.16565807327e-006, 4.14401165472e-006, 1.97931944967e-006, 4.18033181404e-008, 5.54148615883e-010, 7.84486156591e-011]
        dvar: [9.92610724518e-013, 1.71203637933e-008, 1.00086516852e-007, 3.06613344492e-007, 1.2292694862e-007, 9.01813947962e-008, 4.99480741212e-008, 2.51738700996e-008, 2.67163908774e-008, 7.30860918452e-008, 6.42344000212e-009, 1.42683891369e-008, 1.13429585724e-008, 1.56147734742e-008, 2.53087311108e-008, 4.5290470041e-008, 7.30633331614e-008, 1.11697978866e-007, 8.8546066479e-008, 3.98183068739e-008, 3.73361501715e-008, 2.51909053617e-008, 2.2432944391e-010, 1.26804469702e-010, 3.96224164589e-011, 9.89017353258e-015, 4.4341011566e-019, 5.54801871015e-021]
        dvar2: [1.8460560771e-012, 4.82719144657e-008, 2.31673013218e-007, 8.5964398977e-007, 3.43037527273e-007, 2.29249195627e-007, 1.32624933258e-007, 5.89287694197e-008, 6.73473863344e-008, 1.68148687862e-007, 1.58056714383e-008, 3.01199349906e-008, 2.81685732517e-008, 4.04612734428e-008, 6.09647941019e-008, 1.11832036964e-007, 1.74316667767e-007, 2.48259965474e-007, 2.27333757152e-007, 1.06737935823e-007, 8.33357987062e-008, 5.6541452409e-008, 5.3602683403e-010, 2.77737888243e-010, 9.0873947256e-011, 2.35575549682e-014, 1.13922581324e-018, 1.78672094755e-020]
        max: [1.41761765917e-005, 0.00142396299634, 0.0054622660391, 0.00715758139268, 0.00469529442489, 0.00701153604314, 0.00640439474955, 0.00538465101272, 0.00484224362299, 0.00659569445997, 0.00306065706536, 0.00558930449188, 0.00332445907407, 0.00408578664064, 0.00743246637285, 0.00894888676703, 0.0077839656733, 0.00936509761959, 0.0067469868809, 0.00636297184974, 0.00736030098051, 0.00517756585032, 0.000468654819997, 0.000386009254726, 0.000238228138187, 3.10498785439e-006, 1.56619499592e-008, 9.06365538178e-010]
        mean: [6.92016385528e-007, 6.55124385958e-005, 0.000263179041212, 0.00026301536127, 0.000288640905637, 0.000302126514725, 0.000180015427759, 9.2815644166e-005, 0.000113526381028, 0.000174042244907, 4.84252886963e-005, 8.10795463622e-005, 7.37694936106e-005, 7.08174047759e-005, 8.31495417515e-005, 0.000140900476254, 0.000212367769564, 0.000277517741779, 0.000381884165108, 0.000215245090658, 0.000155624511535, 5.91906136833e-005, 8.66403479449e-006, 4.35362608187e-006, 2.11026485886e-006, 3.98286594816e-008, 4.01141536654e-010, 3.30132900184e-011]
        median: [1.12511585826e-007, 3.18121419696e-005, 0.000125137157738, 0.000103986756585, 0.000166248821188, 0.000105270635686, 8.44110545586e-005, 3.70171692339e-005, 6.30948488833e-005, 5.73433862883e-005, 2.24829818762e-005, 3.33969219355e-005, 3.1974464946e-005, 3.6583878682e-005, 4.60588198621e-005, 8.34583042888e-005, 0.000118353644211, 0.000145450147102, 0.000291770964395, 0.000171940337168, 0.000114141577797, 2.37239801208e-005, 4.36481332144e-006, 1.45885132952e-006, 4.3677175654e-007, 1.13784626166e-008, 1.24167703897e-010, 7.5827798901e-012]
        min: [6.97755359277e-025, 6.21488326403e-024, 1.29680252564e-024, 2.37395087373e-024, 1.46129083177e-023, 5.95038175239e-024, 1.08700820222e-023, 1.37882283942e-023, 2.15844287023e-023, 2.96376335823e-023, 1.83153701784e-023, 2.81140528735e-023, 3.01506235181e-023, 4.90968441847e-023, 4.23476121814e-023, 6.41621090112e-023, 7.82438883255e-023, 9.49412022353e-023, 1.07829157321e-022, 1.86230672677e-022, 2.42446289178e-022, 3.06492404082e-022, 3.53810729801e-022, 6.45173160375e-022, 8.84847985555e-022, 1.32772303007e-021, 1.99529433706e-021, 4.79866941167e-022]
        var: [2.02502034238e-012, 1.3821576772e-008, 2.06696583405e-007, 3.01740954001e-007, 1.61451112035e-007, 2.41536497469e-007, 8.80399042558e-008, 3.86631029414e-008, 4.58124631564e-008, 1.55993348017e-007, 1.34093438575e-008, 3.52860070052e-008, 2.1875440126e-008, 2.24091838419e-008, 3.74331179387e-008, 8.49501446964e-008, 1.50387933218e-007, 2.6810619147e-007, 2.03177066282e-007, 6.46158540007e-008, 8.33099846886e-008, 4.87036970753e-008, 3.83981763052e-010, 2.27068197578e-010, 7.43521424984e-011, 1.53369240322e-014, 6.49698724071e-019, 4.35046919002e-021]
    mfcc:
        mean: [-771.022155762, 114.730384827, -30.9299259186, 38.314163208, -15.803445816, -7.1264796257, -4.79380941391, -7.64233112335, -5.39677143097, -6.2844824791, -5.32961034775, -5.61362934113, -6.10557413101]
        cov: [[18788.0117188, -1397.34643555, -3619.78051758, 4356.03613281, -6.86780977249, 761.446289063, 1018.47399902, 1035.34814453, 704.013977051, 103.374320984, -88.4400253296, -43.1439552307, -159.732116699], [-1397.34643555, 1316.00134277, 176.62890625, -570.885620117, -20.3194580078, -159.729797363, -137.335845947, -198.187942505, -131.56539917, -61.6229095459, -31.4231491089, -24.1692199707, 19.0337028503], [-3619.78051758, 176.62890625, 1179.14233398, -932.527648926, -60.6989517212, -145.13848877, -270.314819336, -252.725997925, -200.960403442, -32.137172699, 40.7803726196, 41.4310340881, 40.5763969421], [4356.03613281, -570.885620117, -932.527648926, 1514.22009277, 32.4737205505, 202.553527832, 352.127838135, 309.236724854, 261.542388916, 48.2161483765, -12.6590929031, -8.55842590332, -34.7774581909], [-6.86780977249, -20.3194580078, -60.6989517212, 32.4737205505, 129.352111816, 31.8279495239, 16.5188179016, 12.1058387756, 29.5405464172, 13.4566774368, 6.73221826553, -8.47442531586, -8.51430416107], [761.446289063, -159.729797363, -145.13848877, 202.553527832, 31.8279495239, 137.791030884, 86.2434616089, 68.78125, 44.5778961182, 15.7062902451, 5.27019882202, -4.15648794174, -16.1314029694], [1018.47399902, -137.335845947, -270.314819336, 352.127838135, 16.5188179016, 86.2434616089, 203.803146362, 114.773727417, 84.8437805176, 16.1900997162, -5.93334913254, -9.46549510956, -17.9269771576], [1035.34814453, -198.187942505, -252.725997925, 309.236724854, 12.1058387756, 68.78125, 114.773727417, 147.550262451, 83.3150634766, 18.6944122314, -6.56087779999, -6.63857316971, -13.8761463165], [704.013977051, -131.56539917, -200.960403442, 261.542388916, 29.5405464172, 44.5778961182, 84.8437805176, 83.3150634766, 112.854316711, 33.7713470459, 5.16097736359, -7.5466132164, -11.6975078583], [103.374320984, -61.6229095459, -32.137172699, 48.2161483765, 13.4566774368, 15.7062902451, 16.1900997162, 18.6944122314, 33.7713470459, 58.8641624451, 20.3089160919, 1.98395943642, -1.22887790203], [-88.4400253296, -31.4231491089, 40.7803726196, -12.6590929031, 6.73221826553, 5.27019882202, -5.93334913254, -6.56087779999, 5.16097736359, 20.3089160919, 53.19140625, 22.4599761963, 0.131770789623], [-43.1439552307, -24.1692199707, 41.4310340881, -8.55842590332, -8.47442531586, -4.15648794174, -9.46549510956, -6.63857316971, -7.5466132164, 1.98395943642, 22.4599761963, 50.459903717, 21.8959026337], [-159.732116699, 19.0337028503, 40.5763969421, -34.7774581909, -8.51430416107, -16.1314029694, -17.9269771576, -13.8761463165, -11.6975078583, -1.22887790203, 0.131770789623, 21.8959026337, 48.800945282]]
        icov: [[0.000258042535279, -4.77451685583e-005, 0.000419234100264, -0.00051366671687, 0.000358964927727, -0.000521091045812, 0.000366650288925, -0.000345285690855, 0.000372279289877, -1.23474444536e-006, 4.52045496786e-005, -0.000283953908365, 0.000291965872748], [-4.77451685583e-005, 0.00118718843441, 0.000370166351786, 0.000510437006596, -9.44190469454e-005, 0.0008361361688, -0.000593649980146, 0.00147490215022, 5.29633070983e-005, 0.000523869413882, 7.22667682567e-005, 0.000539518077858, -0.000318498874549], [0.000419234100264, 0.000370166351786, 0.00279279472306, 0.000146746009705, 0.00107029976789, -0.000718447845429, 0.000734554312658, 0.00099723378662, 0.00111120357178, 0.000173899112269, -0.000851333024912, -0.00088378333021, 0.000182501215022], [-0.00051366671687, 0.000510437006596, 0.000146746009705, 0.00304047740065, -0.00016723589215, 0.000666328414809, -0.00178107130341, 0.000529084121808, -0.00253554875962, 0.000682800542563, -8.91140807653e-005, -0.00010310736252, -0.000692460918799], [0.000358964927727, -9.44190469454e-005, 0.00107029976789, -0.00016723589215, 0.00956163741648, -0.00302296155132, 0.000976554234512, 0.00090607086895, -0.00257688364945, -0.000102428522951, -0.00111493060831, 0.000932308845222, 0.000452452659374], [-0.000521091045812, 0.0008361361688, -0.000718447845429, 0.000666328414809, -0.00302296155132, 0.0129542509094, -0.00392324524, -0.00116940983571, 0.00133588165045, -0.000795928062871, -0.00125938805286, 0.000675680814311, 0.00102186936419], [0.000366650288925, -0.000593649980146, 0.000734554312658, -0.00178107130341, 0.000976554234512, -0.00392324524, 0.011739904061, -0.00481658009812, -0.00160690804478, 0.00055344827706, 0.000363319326425, -0.000400676974095, 0.00117579149082], [-0.000345285690855, 0.00147490215022, 0.00099723378662, 0.000529084121808, 0.00090607086895, -0.00116940983571, -0.00481658009812, 0.0197409614921, -0.00655925506726, 0.000409166968893, 0.00232731131837, -0.000687209831085, 0.0001979132212], [0.000372279289877, 5.29633070983e-005, 0.00111120357178, -0.00253554875962, -0.00257688364945, 0.00133588165045, -0.00160690804478, -0.00655925506726, 0.0233112499118, -0.00805331394076, -0.00151561771054, 0.00172288774047, 0.000619576079771], [-1.23474444536e-006, 0.000523869413882, 0.000173899112269, 0.000682800542563, -0.000102428522951, -0.000795928062871, 0.00055344827706, 0.000409166968893, -0.00805331394076, 0.0248036365956, -0.00966153759509, 0.0035999356769, -0.00272258161567], [4.52045496786e-005, 7.22667682567e-005, -0.000851333024912, -8.91140807653e-005, -0.00111493060831, -0.00125938805286, 0.000363319326425, 0.00232731131837, -0.00151561771054, -0.00966153759509, 0.0306521244347, -0.0158476084471, 0.00736964447424], [-0.000283953908365, 0.000539518077858, -0.00088378333021, -0.00010310736252, 0.000932308845222, 0.000675680814311, -0.000400676974095, -0.000687209831085, 0.00172288774047, 0.0035999356769, -0.0158476084471, 0.0344090498984, -0.0153272300959], [0.000291965872748, -0.000318498874549, 0.000182501215022, -0.000692460918799, 0.000452452659374, 0.00102186936419, 0.00117579149082, 0.0001979132212, 0.000619576079771, -0.00272258161567, 0.00736964447424, -0.0153272300959, 0.0287680216134]]
    sccoeffs:
        dmean: [0.0509239025414, 0.0442742668092, 0.0348530635238, 0.025616787374, 0.0175051297992, 0.0189435388893]
        dmean2: [0.0843844488263, 0.0734250694513, 0.0579183846712, 0.0427134335041, 0.0289400611073, 0.0306598134339]
        dvar: [0.0019510629354, 0.00128226459492, 0.000808941374999, 0.000464948650915, 0.000227088370593, 0.000325993896695]
        dvar2: [0.00534568773583, 0.00349628948607, 0.00216422392987, 0.00125301314984, 0.000581023457926, 0.000788349832874]
        max: [-0.347034931183, -0.469740271568, -0.542662322521, -0.608207046986, -0.635313570499, -0.557416975498]
        mean: [-0.659015059471, -0.750283658504, -0.783874928951, -0.794025361538, -0.805642068386, -0.765418946743]
        median: [-0.66150021553, -0.754006385803, -0.789173483849, -0.801001906395, -0.809844911098, -0.741778194904]
        min: [-0.973600447178, -0.994005858898, -0.974112033844, -0.975753724575, -0.966663777828, -0.966614663601]
        var: [0.00565510848537, 0.00428330618888, 0.00301690213382, 0.00241635297425, 0.00146661815234, 0.00505656888708]
    scvalleys:
        dmean: [0.358160942793, 0.314465880394, 0.264492899179, 0.228973135352, 0.206783547997, 0.30527099967]
        dmean2: [0.583724796772, 0.523245453835, 0.434573352337, 0.363103151321, 0.320841521025, 0.492367267609]
        dvar: [0.0896025523543, 0.068495772779, 0.0528248436749, 0.0457013584673, 0.0529958456755, 0.12847957015]
        dvar2: [0.228858590126, 0.171115383506, 0.122336365283, 0.0991368815303, 0.111281022429, 0.327340513468]
        max: [-5.1427154541, -4.81973934174, -5.26809930801, -5.67799520493, -5.20591402054, -7.08119630814]
        mean: [-7.57936382294, -6.92516565323, -7.53582715988, -8.00676059723, -8.30524730682, -11.2294988632]
        median: [-6.81647443771, -6.57841491699, -6.95917224884, -7.13497829437, -6.76710891724, -9.79106140137]
        min: [-27.9795398712, -28.2372837067, -27.8150901794, -27.4727916718, -27.479057312, -27.3390026093]
        var: [4.37097835541, 2.67422413826, 3.18151068687, 4.32948637009, 8.56018066406, 7.86128091812]

rhythm:
    beats_loudness:
        dmean: 0.00151334470138
        dmean2: 0.00260573555715
        dvar: 4.18402032665e-006
        dvar2: 1.19118831208e-005
        max: 0.0212910342962
        mean: 0.00399489374831
        median: 0.00380067760125
        min: 0
        var: 1.05234821604e-005
    bpm: 139.925338745
    bpm_confidence: 0
    first_peak_bpm: 140
    first_peak_spread: 0.20531758666
    first_peak_weight: 0.760961830616
    onset_rate: 2.76692461967
    second_peak_bpm: 133
    second_peak_spread: 0.250000059605
    second_peak_weight: 0.0254596881568
    beats_loudness_band_ratio:
        dmean: [0.0889138057828, 0.102424629033, 0.0937366709113, 0.0635843202472, 0.0850032866001, 0.065509416163]
        dmean2: [0.151589900255, 0.177999421954, 0.16092993319, 0.111241489649, 0.146982654929, 0.114406704903]
        dvar: [0.00766026275232, 0.00919207651168, 0.00869323685765, 0.00542259635404, 0.00967857707292, 0.0081860460341]
        dvar2: [0.0203446783125, 0.0236537121236, 0.0227153040469, 0.0147126745433, 0.0265649948269, 0.0228394195437]
        max: [0.691032111645, 0.829033315182, 0.94393569231, 0.60471534729, 0.806768476963, 0.846161723137]
        mean: [0.153775319457, 0.204989239573, 0.219623699784, 0.109867990017, 0.188473179936, 0.166164383292]
        median: [0.129025280476, 0.166793465614, 0.125586807728, 0.0885613337159, 0.177928686142, 0.175418436527]
        min: [0, 0, 0, 0, 0, 0]
        var: [0.0143547113985, 0.0216384399682, 0.0455034449697, 0.00713587086648, 0.0192505214363, 0.0173027589917]
