
metadata:
    version:
        essentia: "2.1-beta2"
    audio_properties:
        analysis_sample_rate: 44100
        bitrate: 320
        channels: 2
        equal_loudness: 1
        length: 225.854690552
        replay_gain: -15.5539255142
        downmix: "mix"
    tags:
        album: "Vultures"
        artist: "Axewound"
        comment: ""
        date: "2012"
        genre: "Metalcore"
        title: "Exochrist"
        tracknumber: "6"

configuration:
    average_loudness:
        compute: 1
        frameSize: 88200
        hopSize: 44100
        silentFrames: "noise"
        windowType: "hann"
    general:
        analysisSampleRate: 44100
        endTime: 2000
        equalLoudness: 1
        nequalLoudness: 0
        shortSound: 0
        startTime: 0
    lowlevel:
        compute: 1
        frameSize: 2048
        hopSize: 1024
        zeroPadding: 0
        silentFrames: "noise"
        windowType: "blackmanharris62"
        mfccStats: ["mean", "cov", "icov"]
        stats: ["mean", "var", "median", "min", "max", "dmean", "dmean2", "dvar", "dvar2"]
    panning:
        compute: 0
        frameSize: 8192
        hopSize: 2048
        zeroPadding: 8192
        silentFrames: "noise"
        windowType: "hann"
        stats: ["copy"]
    rhythm:
        compute: 1
        maxTempo: 208
        minTempo: 40
        method: "degara"
        stats: ["mean", "var", "median", "min", "max", "dmean", "dmean2", "dvar", "dvar2"]
    segmentation:
        compute: 0
        cpw: 5
        inc1: 300
        inc2: 50
        minimumSegmentsLength: 10
        size1: 1000
        size2: 600
    sfx:
        compute: 1
        stats: ["mean", "var", "median", "min", "max", "dmean", "dmean2", "dvar", "dvar2"]
    svm:
        compute: 0
    tonal:
        compute: 1
        frameSize: 4096
        hopSize: 2048
        zeroPadding: 0
        silentFrames: "noise"
        windowType: "blackmanharris62"
        stats: ["mean", "var", "median", "min", "max", "dmean", "dmean2", "dvar", "dvar2"]

lowlevel:
    average_loudness: 0.921237230301
    barkbands_kurtosis:
        dmean: 0.748892843723
        dmean2: 1.23031497002
        dvar: 4.64636087418
        dvar2: 11.7475423813
        max: 157.105270386
        mean: -0.536901652813
        median: -1.00540089607
        min: -1.87885010242
        var: 10.9569091797
    barkbands_skewness:
        dmean: 0.415091276169
        dmean2: 0.644312679768
        dvar: 0.160800844431
        dvar2: 0.353909105062
        max: 9.43560218811
        mean: -0.36100679636
        median: -0.419277012348
        min: -3.68063211441
        var: 0.61130219698
    barkbands_spread:
        dmean: 6.78594779968
        dmean2: 11.0499153137
        dvar: 48.5301513672
        dvar2: 130.210723877
        max: 73.7786941528
        mean: 33.1276741028
        median: 32.400932312
        min: 0.537688195705
        var: 132.563659668
    dissonance:
        dmean: 0.00957114901394
        dmean2: 0.0162281226367
        dvar: 9.83962454484e-005
        dvar2: 0.000264772941591
        max: 0.5
        mean: 0.484825283289
        median: 0.488020300865
        min: 0.365844160318
        var: 0.000151864413056
    hfc:
        dmean: 3.20226264
        dmean2: 5.35564136505
        dvar: 15.262049675
        dvar2: 40.7154769897
        max: 38.4644165039
        mean: 10.3397140503
        median: 9.44449615479
        min: 1.11002251604e-016
        var: 34.380355835
    pitch:
        dmean: 936.256530762
        dmean2: 1779.19641113
        dvar: 1788453.5
        dvar2: 4145066.5
        max: 4447.59423828
        mean: 1994.40893555
        median: 1198.19458008
        min: 55.6707992554
        var: 2739546.25
    pitch_instantaneous_confidence:
        dmean: 0.0800656229258
        dmean2: 0.131628230214
        dvar: 0.00450982246548
        dvar2: 0.0113560110331
        max: 0.88672465086
        mean: 0.362702459097
        median: 0.341835916042
        min: 0.126031756401
        var: 0.0133313061669
    pitch_salience:
        dmean: 0.0620941892266
        dmean2: 0.10263441503
        dvar: 0.00326337106526
        dvar2: 0.00856864266098
        max: 0.924830257893
        mean: 0.681274592876
        median: 0.698468565941
        min: 0.191277489066
        var: 0.00754587491974
    silence_rate_20dB:
        dmean: 0
        dmean2: 0
        dvar: 0
        dvar2: 0
        max: 1
        mean: 1
        median: 1
        min: 1
        var: 0
    silence_rate_30dB:
        dmean: 0
        dmean2: 0
        dvar: 0
        dvar2: 0
        max: 1
        mean: 1
        median: 1
        min: 1
        var: 0
    silence_rate_60dB:
        dmean: 0.122751101851
        dmean2: 0.24552744627
        dvar: 0.107687190175
        dvar2: 0.217948228121
        max: 1
        mean: 0.270970404148
        median: 0
        min: 0
        var: 0.197525426745
    spectral_centroid:
        dmean: 299.968444824
        dmean2: 470.791168213
        dvar: 92453.203125
        dvar2: 197116.3125
        max: 11495.4248047
        mean: 2121.24731445
        median: 2138.29150391
        min: 82.5839538574
        var: 331832.15625
    spectral_complexity:
        dmean: 4.80929374695
        dmean2: 7.75488376617
        dvar: 22.1653442383
        dvar2: 55.5340003967
        max: 47
        mean: 18.1696128845
        median: 19
        min: 0
        var: 83.0996322632
    spectral_crest:
        dmean: 1.93474066257
        dmean2: 3.20590472221
        dvar: 3.6317486763
        dvar2: 9.04929637909
        max: 23.555644989
        mean: 6.59586429596
        median: 5.85796356201
        min: 2.14929175377
        var: 7.15058279037
    spectral_decrease:
        dmean: 2.98993080294e-010
        dmean2: 4.93390717171e-010
        dvar: 1.28414413425e-019
        dvar2: 3.33810080364e-019
        max: -5.42503831011e-029
        mean: -1.07924658099e-009
        median: -1.00698582806e-009
        min: -3.70997499388e-009
        var: 3.4837634321e-019
    spectral_energy:
        dmean: 0.00137876474764
        dmean2: 0.00228676246479
        dvar: 2.75557431451e-006
        dvar2: 7.20986827218e-006
        max: 0.0165779329836
        mean: 0.00501116830856
        median: 0.00466108787805
        min: 1.02729943264e-020
        var: 7.26822736397e-006
    spectral_energyband_high:
        dmean: 0.000294802855933
        dmean2: 0.000518321641721
        dvar: 1.81843688551e-007
        dvar2: 5.00472367548e-007
        max: 0.00421114219353
        mean: 0.000606210087426
        median: 0.000518832472153
        min: 7.70450401257e-021
        var: 1.83919425467e-007
    spectral_energyband_low:
        dmean: 0.000258010724792
        dmean2: 0.00045885387226
        dvar: 2.11431938624e-007
        dvar2: 5.87524596085e-007
        max: 0.00454849004745
        mean: 0.000303164037177
        median: 0.000127697334392
        min: 2.59282613001e-023
        var: 2.00387205496e-007
    spectral_energyband_middle_high:
        dmean: 0.000797861604951
        dmean2: 0.00127362937201
        dvar: 7.536214639e-007
        dvar2: 1.82046039754e-006
        max: 0.0133573412895
        mean: 0.00277983769774
        median: 0.00230497471057
        min: 1.1810856775e-021
        var: 3.66281324204e-006
    spectral_energyband_middle_low:
        dmean: 0.000647886714432
        dmean2: 0.00102869304828
        dvar: 7.99860799816e-007
        dvar2: 2.00592830879e-006
        max: 0.00930496305227
        mean: 0.00144461879972
        median: 0.00104350154288
        min: 4.69221433645e-022
        var: 1.55426130277e-006
    spectral_flatness_db:
        dmean: 0.0142683070153
        dmean2: 0.0222955550998
        dvar: 0.000190945531358
        dvar2: 0.000434399145888
        max: 0.457968205214
        mean: 0.137654095888
        median: 0.133206248283
        min: 0.0551861003041
        var: 0.000960336998105
    spectral_flux:
        dmean: 0.00860930699855
        dmean2: 0.0133434357122
        dvar: 8.01587593742e-005
        dvar2: 0.000147691753227
        max: 0.104729443789
        mean: 0.0448666103184
        median: 0.0450904369354
        min: 1.01355777937e-010
        var: 0.000272214994766
    spectral_kurtosis:
        dmean: 0.935584545135
        dmean2: 1.59838652611
        dvar: 1.25851464272
        dvar2: 3.37004709244
        max: 60.3567657471
        mean: 3.0141851902
        median: 2.81608629227
        min: -1.22747170925
        var: 2.84155130386
    spectral_rms:
        dmean: 0.000294900120934
        dmean2: 0.00047904253006
        dvar: 1.09097143763e-007
        dvar2: 2.77524293324e-007
        max: 0.00402164086699
        mean: 0.00211183261126
        median: 0.00213246396743
        min: 3.16582263876e-012
        var: 4.2910099296e-007
    spectral_rolloff:
        dmean: 324.790710449
        dmean2: 520.00604248
        dvar: 179372.40625
        dvar2: 387056.25
        max: 18518.5546875
        mean: 3767.26489258
        median: 3789.84375
        min: 86.1328125
        var: 447797.0625
    spectral_skewness:
        dmean: 0.164329349995
        dmean2: 0.274232387543
        dvar: 0.02650061436
        dvar2: 0.0690782517195
        max: 6.34632873535
        mean: 1.15782797337
        median: 1.15620779991
        min: -0.0757997334003
        var: 0.0936310067773
    spectral_spread:
        dmean: 508069.1875
        dmean2: 734504.6875
        dvar: 413725130752
        dvar2: 759369564160
        max: 41026756
        mean: 4724774
        median: 4424641
        min: 1537359.25
        var: 3.20823833395e+012
    spectral_strongpeak:
        dmean: 0.539130687714
        dmean2: 0.931600749493
        dvar: 0.562190532684
        dvar2: 1.47373819351
        max: 8.36195755005
        mean: 0.77363795042
        median: 0.351446181536
        min: 1.59957203039e-009
        var: 0.976692795753
    zerocrossingrate:
        dmean: 0.00876436475664
        dmean2: 0.0103989951313
        dvar: 8.33327721921e-005
        dvar2: 0.000108143671241
        max: 0.494140625
        mean: 0.115061759949
        median: 0.115234375
        min: 0.00390625
        var: 0.00061481987359
    barkbands:
        dmean: [8.73613032581e-007, 9.72984125838e-005, 0.000128842308186, 0.000129377353005, 0.000273860176094, 0.000161950301845, 0.000139481970109, 0.000158819791977, 0.000144879013533, 0.000122841345728, 8.04287701612e-005, 9.47956214077e-005, 7.47186204535e-005, 9.25080676097e-005, 9.83889840427e-005, 0.00012558689923, 0.000165738543728, 0.00024085820769, 0.000272617966402, 0.000231094963965, 0.000143699187902, 5.39894535905e-005, 7.59330532674e-006, 3.75801141672e-006, 1.55616453412e-006, 8.27202626397e-008, 1.04216835162e-009]
        dmean2: [1.31534068259e-006, 0.000175679946551, 0.000231988087762, 0.000214661951759, 0.00042706480599, 0.000276106438832, 0.000237495987676, 0.000253767124377, 0.000236362116993, 0.00020289796521, 0.000131588371005, 0.000147995000589, 0.000123023579363, 0.000152115550009, 0.000159178947797, 0.000200083086384, 0.000272501027212, 0.000398571603, 0.000454763474409, 0.000392219924834, 0.00025534449378, 9.75505172391e-005, 1.24290299937e-005, 5.74247542318e-006, 2.30498790188e-006, 1.34100247351e-007, 1.68604930018e-009]
        dvar: [2.38172459185e-012, 3.76707447458e-008, 6.02750276357e-008, 4.96037806386e-008, 2.50513096489e-007, 9.41477367178e-008, 1.07531157312e-007, 1.80504869718e-007, 8.76935217775e-008, 6.20749602831e-008, 4.06177882439e-008, 5.03018604547e-008, 3.10870653664e-008, 2.84948011853e-008, 4.82367319421e-008, 6.13924484583e-008, 7.56250813083e-008, 1.22201683439e-007, 1.06213910556e-007, 7.40952259548e-008, 5.16107583337e-008, 9.68876179286e-009, 1.86027623861e-010, 1.12349574088e-010, 1.64465923519e-011, 1.69591554341e-013, 2.24657903399e-017]
        dvar2: [5.14329768012e-012, 1.0490315816e-007, 1.70351924567e-007, 1.31419270133e-007, 6.32836304248e-007, 2.50016626069e-007, 2.81276356873e-007, 3.88584709299e-007, 2.09109572324e-007, 1.69491784163e-007, 1.03427602482e-007, 1.07483131728e-007, 7.97493697746e-008, 7.27338687057e-008, 1.19376124985e-007, 1.23734636759e-007, 1.85637830441e-007, 3.18823026646e-007, 2.73769671821e-007, 1.99170813175e-007, 1.44338869745e-007, 2.71570606003e-008, 4.30165847387e-010, 2.14835885193e-010, 3.50083538547e-011, 4.72756653703e-013, 6.11358933698e-017]
        max: [1.21759721878e-005, 0.00151729793288, 0.00234496593475, 0.00400912947953, 0.00458732619882, 0.00338486721739, 0.00481837056577, 0.00696981232613, 0.00581424962729, 0.00378640601411, 0.0037888912484, 0.00530705135316, 0.00421271519735, 0.003311624052, 0.00432164780796, 0.00839088764042, 0.00626717833802, 0.00567724509165, 0.00725376978517, 0.00343204615638, 0.00253193546087, 0.00108583131805, 0.000269844458671, 0.000259094667854, 0.000142857737956, 9.19427111512e-006, 1.2333910604e-007]
        mean: [1.07564017071e-006, 9.44016355788e-005, 0.000128956395201, 0.000164761164342, 0.000383488251828, 0.000217644817894, 0.000173531632754, 0.00018699694192, 0.00024924884201, 0.00019168748986, 0.000121236727864, 0.00015828445612, 0.000118170544738, 0.000157391245011, 0.000171256484464, 0.000248968543019, 0.00033363289549, 0.000450195540907, 0.000612077652477, 0.000502720300574, 0.000248966505751, 7.23342818674e-005, 1.37789284054e-005, 7.13449389877e-006, 3.119709163e-006, 1.13236936272e-007, 1.36290279062e-009]
        median: [3.0626665648e-007, 3.13374184771e-005, 4.3154679588e-005, 7.15922797099e-005, 0.000184703210834, 0.000124690282973, 7.6613483543e-005, 4.39780051238e-005, 7.72392668296e-005, 6.25588727416e-005, 3.65465384675e-005, 4.62858188257e-005, 4.10384018323e-005, 7.24516357877e-005, 7.32893968234e-005, 0.000162754964549, 0.000218358152779, 0.00027310353471, 0.000512476544827, 0.000435765337897, 0.000199630725547, 4.64948861918e-005, 8.48046875035e-006, 3.4024587876e-006, 1.49372044689e-006, 3.74895847699e-008, 3.61491642176e-010]
        min: [4.31254637438e-024, 1.53723857319e-023, 4.98318464004e-024, 7.8719238552e-024, 2.06552979151e-022, 7.28919530219e-023, 4.15989011408e-023, 9.35801458057e-023, 3.40601802991e-023, 3.63546358844e-023, 7.89123943001e-023, 6.67055038547e-023, 6.39037854638e-023, 4.73932233292e-023, 7.94608167123e-023, 1.42179417552e-022, 7.73730300623e-023, 2.41875103396e-022, 1.86542228558e-022, 3.21146435719e-022, 5.4818820255e-022, 7.19635066505e-022, 5.53492326571e-022, 1.00150892665e-021, 1.23141030795e-021, 1.52127612424e-021, 2.19395521092e-021]
        var: [3.14198124983e-012, 2.85637788977e-008, 5.05003647788e-008, 6.97867861277e-008, 3.11766825689e-007, 9.86458417174e-008, 1.12086297577e-007, 2.32092347119e-007, 2.70023292614e-007, 1.07383918646e-007, 8.12526863569e-008, 1.33986873152e-007, 6.19407742875e-008, 5.60441648645e-008, 9.94084814465e-008, 1.504295426e-007, 1.89636651271e-007, 2.65567791757e-007, 2.05926212971e-007, 1.17642962039e-007, 4.42633911746e-008, 7.61366791835e-009, 3.82919446151e-010, 2.81318968121e-010, 3.67478755758e-011, 1.37465342928e-013, 2.01859052095e-017]
    frequency_bands:
        dmean: [8.73613032581e-007, 9.72984125838e-005, 0.000128842308186, 0.000129377353005, 0.000273860176094, 0.000161950301845, 0.000139481970109, 0.000158819791977, 0.000144879013533, 0.000122841345728, 8.04287701612e-005, 9.47956214077e-005, 7.47186204535e-005, 9.25080676097e-005, 9.83889840427e-005, 0.00012558689923, 0.000165738543728, 0.00024085820769, 0.000272617966402, 0.000231094963965, 0.000143699187902, 5.39894535905e-005, 7.59330532674e-006, 3.75801141672e-006, 1.55616453412e-006, 8.27202626397e-008, 1.04216835162e-009, 5.92980595182e-011]
        dmean2: [1.31534068259e-006, 0.000175679946551, 0.000231988087762, 0.000214661951759, 0.00042706480599, 0.000276106438832, 0.000237495987676, 0.000253767124377, 0.000236362116993, 0.00020289796521, 0.000131588371005, 0.000147995000589, 0.000123023579363, 0.000152115550009, 0.000159178947797, 0.000200083086384, 0.000272501027212, 0.000398571603, 0.000454763474409, 0.000392219924834, 0.00025534449378, 9.75505172391e-005, 1.24290299937e-005, 5.74247542318e-006, 2.30498790188e-006, 1.34100247351e-007, 1.68604930018e-009, 1.10510829654e-010]
        dvar: [2.38172459185e-012, 3.76707447458e-008, 6.02750276357e-008, 4.96037806386e-008, 2.50513096489e-007, 9.41477367178e-008, 1.07531157312e-007, 1.80504869718e-007, 8.76935217775e-008, 6.20749602831e-008, 4.06177882439e-008, 5.03018604547e-008, 3.10870653664e-008, 2.84948011853e-008, 4.82367319421e-008, 6.13924484583e-008, 7.56250813083e-008, 1.22201683439e-007, 1.06213910556e-007, 7.40952259548e-008, 5.16107583337e-008, 9.68876179286e-009, 1.86027623861e-010, 1.12349574088e-010, 1.64465923519e-011, 1.69591554341e-013, 2.24657903399e-017, 7.52524815772e-021]
        dvar2: [5.14329768012e-012, 1.0490315816e-007, 1.70351924567e-007, 1.31419270133e-007, 6.32836304248e-007, 2.50016626069e-007, 2.81276356873e-007, 3.88584709299e-007, 2.09109572324e-007, 1.69491784163e-007, 1.03427602482e-007, 1.07483131728e-007, 7.97493697746e-008, 7.27338687057e-008, 1.19376124985e-007, 1.23734636759e-007, 1.85637830441e-007, 3.18823026646e-007, 2.73769671821e-007, 1.99170813175e-007, 1.44338869745e-007, 2.71570606003e-008, 4.30165847387e-010, 2.14835885193e-010, 3.50083538547e-011, 4.72756653703e-013, 6.11358933698e-017, 2.42057313352e-020]
        max: [1.21759721878e-005, 0.00151729793288, 0.00234496593475, 0.00400912947953, 0.00458732619882, 0.00338486721739, 0.00481837056577, 0.00696981232613, 0.00581424962729, 0.00378640601411, 0.0037888912484, 0.00530705135316, 0.00421271519735, 0.003311624052, 0.00432164780796, 0.00839088764042, 0.00626717833802, 0.00567724509165, 0.00725376978517, 0.00343204615638, 0.00253193546087, 0.00108583131805, 0.000269844458671, 0.000259094667854, 0.000142857737956, 9.19427111512e-006, 1.2333910604e-007, 1.17270304578e-009]
        mean: [1.07564017071e-006, 9.44016355788e-005, 0.000128956395201, 0.000164761164342, 0.000383488251828, 0.000217644817894, 0.000173531632754, 0.00018699694192, 0.00024924884201, 0.00019168748986, 0.000121236727864, 0.00015828445612, 0.000118170544738, 0.000157391245011, 0.000171256484464, 0.000248968543019, 0.00033363289549, 0.000450195540907, 0.000612077652477, 0.000502720300574, 0.000248966505751, 7.23342818674e-005, 1.37789284054e-005, 7.13449389877e-006, 3.119709163e-006, 1.13236936272e-007, 1.36290279062e-009, 4.59018274779e-011]
        median: [3.0626665648e-007, 3.13374184771e-005, 4.3154679588e-005, 7.15922797099e-005, 0.000184703210834, 0.000124690282973, 7.6613483543e-005, 4.39780051238e-005, 7.72392668296e-005, 6.25588727416e-005, 3.65465384675e-005, 4.62858188257e-005, 4.10384018323e-005, 7.24516357877e-005, 7.32893968234e-005, 0.000162754964549, 0.000218358152779, 0.00027310353471, 0.000512476544827, 0.000435765337897, 0.000199630725547, 4.64948861918e-005, 8.48046875035e-006, 3.4024587876e-006, 1.49372044689e-006, 3.74895847699e-008, 3.61491642176e-010, 1.73375099e-011]
        min: [4.31254637438e-024, 1.53723857319e-023, 4.98318464004e-024, 7.8719238552e-024, 2.06552979151e-022, 7.28919530219e-023, 4.15989011408e-023, 9.35801458057e-023, 3.40601802991e-023, 3.63546358844e-023, 7.89123943001e-023, 6.67055038547e-023, 6.39037854638e-023, 4.73932233292e-023, 7.94608167123e-023, 1.42179417552e-022, 7.73730300623e-023, 2.41875103396e-022, 1.86542228558e-022, 3.21146435719e-022, 5.4818820255e-022, 7.19635066505e-022, 5.53492326571e-022, 1.00150892665e-021, 1.23141030795e-021, 1.52127612424e-021, 2.19395521092e-021, 6.80455967792e-022]
        var: [3.14198124983e-012, 2.85637788977e-008, 5.05003647788e-008, 6.97867861277e-008, 3.11766825689e-007, 9.86458417174e-008, 1.12086297577e-007, 2.32092347119e-007, 2.70023292614e-007, 1.07383918646e-007, 8.12526863569e-008, 1.33986873152e-007, 6.19407742875e-008, 5.60441648645e-008, 9.94084814465e-008, 1.504295426e-007, 1.89636651271e-007, 2.65567791757e-007, 2.05926212971e-007, 1.17642962039e-007, 4.42633911746e-008, 7.61366791835e-009, 3.82919446151e-010, 2.81318968121e-010, 3.67478755758e-011, 1.37465342928e-013, 2.01859052095e-017, 5.91101569364e-021]
    mfcc:
        mean: [-697.108215332, 85.7436141968, -53.6963195801, 55.0830574036, -18.4048709869, -5.3238825798, 0.187413021922, -6.33846664429, -0.929313182831, -4.87101984024, -5.50467395782, -5.52598810196, -6.18261146545]
        cov: [[5591.92041016, 656.184692383, -542.948791504, 265.005310059, -274.729736328, -47.3575439453, -94.3265914917, 5.03915643692, -38.4321899414, 0.45533272624, -6.36388301849, -43.0379180908, -45.4262275696], [656.184692383, 841.070495605, -286.643829346, 334.902587891, -66.051940918, 43.1976013184, 60.8364105225, -10.4634037018, 77.9020690918, -13.9277687073, -17.8118934631, 3.42386317253, -15.4042062759], [-542.948791504, -286.643829346, 482.17956543, -5.83245229721, 135.438949585, 56.8939476013, 14.7400016785, 8.32534694672, -24.7141971588, -11.2646551132, -14.7335109711, 9.55923175812, 40.4828529358], [265.005310059, 334.902587891, -5.83245229721, 484.147277832, 115.813781738, 95.306854248, 17.6096248627, -43.9559745789, 107.558677673, 13.1021175385, -16.8618450165, 26.8018703461, 36.6316452026], [-274.729736328, -66.051940918, 135.438949585, 115.813781738, 192.60824585, 66.4662322998, -0.61979830265, -12.7753076553, 25.8877487183, 13.8950490952, -8.87385368347, 13.1668787003, 16.6388454437], [-47.3575439453, 43.1976013184, 56.8939476013, 95.306854248, 66.4662322998, 149.09854126, 84.3620529175, 39.2882499695, 27.0384368896, -5.96518945694, 7.64835166931, 2.76394701004, 4.76829624176], [-94.3265914917, 60.8364105225, 14.7400016785, 17.6096248627, -0.61979830265, 84.3620529175, 157.164855957, 65.1127548218, 20.226436615, -24.9128780365, 7.19607877731, 2.26324009895, -8.02177429199], [5.03915643692, -10.4634037018, 8.32534694672, -43.9559745789, -12.7753076553, 39.2882499695, 65.1127548218, 119.173316956, 30.2129116058, 5.21849489212, 13.8049917221, -1.73016178608, -2.80065274239], [-38.4321899414, 77.9020690918, -24.7141971588, 107.558677673, 25.8877487183, 27.0384368896, 20.226436615, 30.2129116058, 112.24887085, 44.1516418457, 12.1107311249, 12.1563949585, 14.4924840927], [0.45533272624, -13.9277687073, -11.2646551132, 13.1021175385, 13.8950490952, -5.96518945694, -24.9128780365, 5.21849489212, 44.1516418457, 89.4270019531, 41.1293792725, 21.6110191345, 13.5395402908], [-6.36388301849, -17.8118934631, -14.7335109711, -16.8618450165, -8.87385368347, 7.64835166931, 7.19607877731, 13.8049917221, 12.1107311249, 41.1293792725, 77.1212463379, 34.0309906006, 9.57444095612], [-43.0379180908, 3.42386317253, 9.55923175812, 26.8018703461, 13.1668787003, 2.76394701004, 2.26324009895, -1.73016178608, 12.1563949585, 21.6110191345, 34.0309906006, 80.0018997192, 53.4435462952], [-45.4262275696, -15.4042062759, 40.4828529358, 36.6316452026, 16.6388454437, 4.76829624176, -8.02177429199, -2.80065274239, 14.4924840927, 13.5395402908, 9.57444095612, 53.4435462952, 84.9066162109]]
        icov: [[0.000241640853346, -4.56295711047e-005, 0.000171716121258, -0.000315029523335, 0.000351983151631, -0.00010268267215, 0.00028429744998, -0.000347072113072, 0.000499714398757, -0.000192040897673, 3.6346304114e-005, 0.00010659925465, 1.37810582146e-006], [-4.56295711047e-005, 0.00262428028509, 0.0011396734044, -0.00211281049997, 0.00126378564164, 1.94337044377e-005, -0.000867108115926, -0.000158371389261, 0.000224612624152, 1.69749018823e-005, 0.000738650851417, -0.000596923811827, 0.000735340872779], [0.000171716121258, 0.0011396734044, 0.00365730188787, -0.000678633747157, -0.00152528297622, -0.000391132372897, -0.000452630105428, -0.000673720147461, 0.00153749552555, -6.5454376454e-005, 0.000500672904309, 0.000815743871499, -0.00171838141978], [-0.000315029523335, -0.00211281049997, -0.000678633747157, 0.00633332040161, -0.00275534228422, -0.00226979306899, 0.000592524826061, 0.0035186521709, -0.00519439065829, 0.00163718522526, 0.000269362062681, -0.000477249734104, -0.00122566998471], [0.000351983151631, 0.00126378564164, -0.00152528297622, -0.00275534228422, 0.0105131175369, -0.00405893847346, 0.00194417766761, 0.000347878230968, 0.000138068528031, -0.00201174709946, 0.00268796132877, -0.00255247484893, 0.00229723309167], [-0.00010268267215, 1.94337044377e-005, -0.000391132372897, -0.00226979306899, -0.00405893847346, 0.0143519761041, -0.00662404298782, -0.00236950418912, 0.00140103895683, 0.000333153089741, -0.00295199267566, 0.00296461977996, -0.00142565183342], [0.00028429744998, -0.000867108115926, -0.000452630105428, 0.000592524826061, 0.00194417766761, -0.00662404298782, 0.0133828176185, -0.00437618466094, -0.00176931265742, 0.00456997938454, -0.000990678090602, -0.00269989506342, 0.00245038419962], [-0.000347072113072, -0.000158371389261, -0.000673720147461, 0.0035186521709, 0.000347878230968, -0.00236950418912, -0.00437618466094, 0.0146263269708, -0.00629561441019, 0.00053864356596, -0.000967247586232, 0.000912903458811, -0.000754226231948], [0.000499714398757, 0.000224612624152, 0.00153749552555, -0.00519439065829, 0.000138068528031, 0.00140103895683, -0.00176931265742, -0.00629561441019, 0.01956390962, -0.00981835089624, 0.00210879882798, 0.001540003228, -0.00164525746368], [-0.000192040897673, 1.69749018823e-005, -6.5454376454e-005, 0.00163718522526, -0.00201174709946, 0.000333153089741, 0.00456997938454, 0.00053864356596, -0.00981835089624, 0.0224205311388, -0.0107947709039, 1.14535014291e-005, -0.000639082805719], [3.6346304114e-005, 0.000738650851417, 0.000500672904309, 0.000269362062681, 0.00268796132877, -0.00295199267566, -0.000990678090602, -0.000967247586232, 0.00210879882798, -0.0107947709039, 0.0240920875221, -0.0117048071697, 0.0053242216818], [0.00010659925465, -0.000596923811827, 0.000815743871499, -0.000477249734104, -0.00255247484893, 0.00296461977996, -0.00269989506342, 0.000912903458811, 0.001540003228, 1.14535014291e-005, -0.0117048071697, 0.0296447649598, -0.0177299380302], [1.37810582146e-006, 0.000735340872779, -0.00171838141978, -0.00122566998471, 0.00229723309167, -0.00142565183342, 0.00245038419962, -0.000754226231948, -0.00164525746368, -0.000639082805719, 0.0053242216818, -0.0177299380302, 0.0240386798978]]
    sccoeffs:
        dmean: [0.0577844120562, 0.0511205196381, 0.0378683358431, 0.0301334373653, 0.0197631381452, 0.0230689495802]
        dmean2: [0.0937057733536, 0.0836831256747, 0.0632388368249, 0.0503188148141, 0.0330720543861, 0.0371169522405]
        dvar: [0.00262505654246, 0.00186996499542, 0.000941730220802, 0.000589918461628, 0.0002578398271, 0.000537394429557]
        dvar2: [0.0065277707763, 0.00468459166586, 0.00254112109542, 0.00158116105013, 0.000696609204169, 0.00135069119278]
        max: [-0.280434548855, -0.393139868975, -0.535323500633, -0.584045112133, -0.623769342899, -0.56310659647]
        mean: [-0.679886996746, -0.764266252518, -0.793007850647, -0.794723987579, -0.800834178925, -0.7319226861]
        median: [-0.68917787075, -0.771127820015, -0.801582455635, -0.800817072392, -0.803030431271, -0.734536588192]
        min: [-0.970635056496, -0.963524758816, -0.962289273739, -0.957181453705, -0.959426999092, -0.962863445282]
        var: [0.00793352071196, 0.00467144465074, 0.003607198596, 0.00216529588215, 0.000981320859864, 0.00226351618767]
    scvalleys:
        dmean: [0.383188545704, 0.382678359747, 0.311808288097, 0.249218612909, 0.228610426188, 0.289221942425]
        dmean2: [0.621841609478, 0.626200377941, 0.498585999012, 0.400207221508, 0.359206855297, 0.436297863722]
        dvar: [0.123667053878, 0.130353882909, 0.0800571069121, 0.0577575862408, 0.0633185058832, 0.161465004086]
        dvar2: [0.294168889523, 0.321887075901, 0.175062552094, 0.120693892241, 0.13183234632, 0.350586026907]
        max: [-5.2270321846, -4.56218624115, -5.0391330719, -5.69053459167, -5.4050078392, -7.32764911652]
        mean: [-7.10461902618, -6.70969581604, -6.90683317184, -7.05229759216, -6.68558979034, -9.52531242371]
        median: [-6.78105163574, -6.54104137421, -6.77403783798, -6.86051177979, -6.4682226181, -9.27361488342]
        min: [-27.1237621307, -27.3395404816, -27.1088809967, -27.287940979, -27.3182849884, -27.2124633789]
        var: [2.37874007225, 1.6824965477, 1.62302911282, 1.45572459698, 1.39222359657, 1.5932725668]

rhythm:
    beats_loudness:
        dmean: 0.00182922463864
        dmean2: 0.0030503089074
        dvar: 2.364983402e-006
        dvar2: 6.62340698909e-006
        max: 0.0133097833022
        mean: 0.00520063517615
        median: 0.00503941997886
        min: 5.94138670554e-012
        var: 5.29252974957e-006
    bpm: 129.622634888
    bpm_confidence: 0
    first_peak_bpm: 129
    first_peak_spread: 0.360433638096
    first_peak_weight: 0.492693096399
    onset_rate: 3.71035051346
    second_peak_bpm: 123
    second_peak_spread: 0.0689655095339
    second_peak_weight: 0.056367430836
    beats_loudness_band_ratio:
        dmean: [0.145617365837, 0.140324622393, 0.107590734959, 0.0952190160751, 0.122434325516, 0.123254679143]
        dmean2: [0.275289028883, 0.261439800262, 0.191382586956, 0.169787213206, 0.212593406439, 0.217705145478]
        dvar: [0.0128336632624, 0.0122865429148, 0.0165933892131, 0.0114679588005, 0.0124594932422, 0.0145103475079]
        dvar2: [0.0405664406717, 0.040501318872, 0.0485201254487, 0.030449019745, 0.0358990170062, 0.0385606177151]
        max: [0.714491963387, 0.648153245449, 0.769455909729, 0.572206020355, 0.698965132236, 0.846222341061]
        mean: [0.167358919978, 0.157582342625, 0.126277908683, 0.111557334661, 0.235324919224, 0.281541466713]
        median: [0.129534751177, 0.1232701689, 0.0801972150803, 0.0631873607635, 0.203593760729, 0.257902979851]
        min: [0, 0, 0, 0, 0, 0]
        var: [0.0193301700056, 0.0159797053784, 0.0158772747964, 0.0117277195677, 0.014811671339, 0.0157486237586]
    beats_position: [0.603718817234, 1.20743763447, 1.79954648018, 2.39165520668, 2.9837641716, 3.5758728981, 4.17959165573, 4.78331041336, 5.38702917099, 6.03718805313, 6.68734693527, 7.3491153717, 8.01088428497, 8.67265319824, 9.27637195587, 9.89170074463, 10.4954195023, 11.110748291, 11.7144670486, 12.3414058685, 12.9567346573, 13.572063446, 14.1873922348, 14.8027210236, 15.4064397812, 16.0217685699, 16.6487064362, 17.2872562408, 17.8793640137, 18.483083725, 19.0635814667, 19.6440811157, 20.2245807648, 20.8166885376, 21.4087982178, 21.9892959595, 22.5697956085, 23.1502952576, 23.7307929993, 24.2184123993, 24.6944217682, 25.1704311371, 25.6464385986, 26.1108379364, 26.563627243, 27.0280265808, 27.4924259186, 27.9568252563, 28.4212245941, 28.897233963, 29.3732414246, 29.8376407623, 30.3020401001, 30.7664394379, 31.2308387756, 31.6836280823, 32.1364173889, 32.6008148193, 33.0652160645, 33.5296134949, 33.9824028015, 34.4351921082, 34.8995895386, 35.3639907837, 35.8283882141, 36.2927894592, 36.7571868896, 37.2215881348, 37.6859855652, 38.1503829956, 38.6147842407, 39.0675735474, 39.520362854, 39.9847602844, 40.4491615295, 40.91355896, 41.3779602051, 41.8423576355, 42.2951469421, 42.7595443726, 43.2123336792, 43.6767349243, 44.1411323547, 44.5939216614, 45.0583229065, 45.5111083984, 45.9755096436, 46.4282989502, 46.8810882568, 47.3454856873, 47.8098869324, 48.2742843628, 48.7270736694, 49.2030830383, 49.6674804688, 50.1318817139, 50.5962791443, 51.0606803894, 51.5250778198, 51.9894790649, 52.4538764954, 52.9182739258, 53.3826751709, 53.8470726013, 54.299861908, 54.7642631531, 55.2170524597, 55.6814498901, 56.1458511353, 56.6102485657, 57.0630378723, 57.515827179, 57.9802246094, 58.4446258545, 58.8858032227, 59.3502044678, 59.8146018982, 60.2789993286, 60.7434005737, 61.1961898804, 61.648979187, 62.1133766174, 62.5777778625, 63.042175293, 63.5181846619, 63.9941940308, 64.4585952759, 64.9346008301, 65.4106140137, 65.8866195679, 66.3626327515, 66.8270263672, 67.2914276123, 67.7558288574, 68.2202224731, 68.6846237183, 69.1490249634, 69.6134262085, 70.0778198242, 70.5422210693, 71.0066223145, 71.4710159302, 71.9238052368, 72.3765945435, 72.817779541, 73.2589569092, 73.7001342773, 74.1413116455, 74.5941009521, 75.0468902588, 75.5112915039, 75.975692749, 76.4400863647, 76.8928756714, 77.3572769165, 77.8216781616, 78.2860794067, 78.738861084, 79.2032623291, 79.6560516357, 80.1088409424, 80.5732421875, 81.0376434326, 81.5020370483, 81.954826355, 82.4192276001, 82.8952331543, 83.3596343994, 83.8240356445, 84.2884368896, 84.7528305054, 85.205619812, 85.6584091187, 86.1111984253, 86.5755996704, 87.0400009155, 87.4927902222, 87.9571838379, 88.421585083, 88.8743743896, 89.3503875732, 89.814781189, 90.2791824341, 90.7435836792, 91.2079772949, 91.6607666016, 92.1251678467, 92.5779571533, 93.0423583984, 93.5067520142, 93.9595413208, 94.4239425659, 94.8767318726, 95.3411331177, 95.8055343628, 96.2699279785, 96.7343292236, 97.2219467163, 97.709564209, 98.1623535156, 98.6151428223, 99.0679321289, 99.5207214355, 99.9851226807, 100.449523926, 100.913917542, 101.378318787, 101.842720032, 102.307121277, 102.759910583, 103.21269989, 103.677093506, 104.141494751, 104.582672119, 105.047073364, 105.511474609, 105.975868225, 106.428657532, 106.893058777, 107.36907196, 107.833465576, 108.297866821, 108.762268066, 109.215057373, 109.66784668, 110.132240295, 110.596641541, 111.061042786, 111.525436401, 111.989837646, 112.454238892, 112.918640137, 113.383033752, 113.835823059, 114.288612366, 114.741401672, 115.194190979, 115.658592224, 116.122993469, 116.587387085, 117.05178833, 117.516189575, 117.98059082, 118.444984436, 118.886169434, 119.350563049, 119.814964294, 120.267753601, 120.720542908, 121.184944153, 121.649337769, 122.113739014, 122.578140259, 123.042533875, 123.50693512, 123.971336365, 124.43573761, 124.900131226, 125.364532471, 125.828933716, 126.270111084, 126.734512329, 127.198905945, 127.66330719, 128.127700806, 128.592102051, 129.056503296, 129.509292603, 129.962081909, 130.426483154, 130.890884399, 131.355285645, 131.81968689, 132.284072876, 132.748474121, 133.201263428, 133.654052734, 134.118453979, 134.582855225, 135.04725647, 135.511657715, 135.97605896, 136.440444946, 136.893234253, 137.34602356, 137.810424805, 138.27482605, 138.727615356, 139.192016602, 139.644805908, 140.004714966, 140.364624023, 140.724533081, 141.084442139, 141.455963135, 141.827484131, 142.199005127, 142.570526123, 142.94203186, 143.301940918, 143.661849976, 144.021759033, 144.381668091, 144.729980469, 145.078277588, 145.438186646, 145.798095703, 146.158004761, 146.517913818, 146.866210938, 147.226119995, 147.586029053, 147.934326172, 148.294235229, 148.654144287, 149.014053345, 149.373962402, 149.745483398, 150.093780518, 150.442077637, 150.801986694, 151.161895752, 151.533416748, 151.997817993, 152.462219238, 152.926620483, 153.402633667, 153.878631592, 154.354644775, 154.830657959, 155.318267822, 155.794281006, 156.270294189, 156.757904053, 157.233917236, 157.70993042, 158.185943604, 158.661941528, 159.14956665, 159.637191772, 160.113189697, 160.589202881, 161.076828003, 161.564437866, 162.052062988, 162.539672852, 163.027297974, 163.514923096, 163.990921021, 164.466934204, 164.966171265, 165.453781128, 165.94140625, 166.429016113, 166.916641235, 167.392654419, 167.868652344, 168.356277466, 168.832290649, 169.319900513, 169.807525635, 170.295150757, 170.78276062, 171.270385742, 171.746398926, 172.222396851, 172.686798096, 173.151199341, 173.615600586, 174.103210449, 174.567611694, 175.020401001, 175.473190308, 175.937591553, 176.401992798, 176.854782104, 177.31918335, 177.783584595, 178.24798584, 178.700775146, 179.165161133, 179.629562378, 180.093963623, 180.54675293, 180.999542236, 181.463943481, 181.928344727, 182.392745972, 182.857131958, 183.321533203, 183.785934448, 184.238723755, 184.703125, 185.155914307, 185.620315552, 186.084716797, 186.537506104, 186.99029541, 187.454696655, 187.919082642, 188.371871948, 188.824661255, 189.2890625, 189.753463745, 190.229476929, 190.682266235, 191.14666748, 191.611068726, 192.075454712, 192.539855957, 193.004257202, 193.468658447, 193.933059692, 194.397460938, 194.861862183, 195.314651489, 195.767440796, 196.231826782, 196.696228027, 197.160629272, 197.625030518, 198.089431763, 198.553833008, 199.006622314, 199.47102356, 199.923812866, 200.388198853, 200.852600098, 201.293777466, 201.746566772, 202.222579956, 202.733413696, 203.232650757, 203.70866394, 204.173049927, 204.637451172, 205.101852417, 205.566253662, 206.042266846, 206.518280029, 206.982666016, 207.447067261, 207.899856567, 208.352645874, 208.817047119, 209.269836426, 209.722625732, 210.187026978, 210.651428223, 211.115829468, 211.580215454, 212.044616699, 212.509017944, 212.961807251, 213.414596558, 213.878997803, 214.343399048, 214.807800293, 215.272201538, 215.736587524, 216.20098877, 216.653778076, 217.106567383, 217.570968628, 218.035369873, 218.48815918, 218.940948486, 219.405349731, 219.869750977, 220.334152222, 220.798538208, 221.262939453, 221.738952637, 222.21496582, 222.690963745, 223.166976929, 223.654602051, 224.142211914, 224.618225098, 225.10585022]
