
metadata:
    version:
        essentia: "2.1-beta2"
    audio_properties:
        analysis_sample_rate: 44100
        bitrate: 283
        channels: 2
        equal_loudness: 1
        length: 244.244903564
        replay_gain: -15.1066379547
        downmix: "mix"
    tags:
        album: "L'Armée des Ombres"
        artist: "Mass Hysteria"
        comment: "You Like It? Buy It!"
        date: "2012"
        genre: "Metal"
        title: "Sérum barbare"
        tracknumber: "7"

configuration:
    average_loudness:
        compute: 1
        frameSize: 88200
        hopSize: 44100
        silentFrames: "noise"
        windowType: "hann"
    general:
        analysisSampleRate: 44100
        endTime: 2000
        equalLoudness: 1
        nequalLoudness: 0
        shortSound: 0
        startTime: 0
    lowlevel:
        compute: 1
        frameSize: 2048
        hopSize: 1024
        zeroPadding: 0
        silentFrames: "noise"
        windowType: "blackmanharris62"
        mfccStats: ["mean", "cov", "icov"]
        stats: ["mean", "var", "median", "min", "max", "dmean", "dmean2", "dvar", "dvar2"]
    panning:
        compute: 0
        frameSize: 8192
        hopSize: 2048
        zeroPadding: 8192
        silentFrames: "noise"
        windowType: "hann"
        stats: ["copy"]
    rhythm:
        compute: 1
        maxTempo: 208
        minTempo: 40
        method: "degara"
        stats: ["mean", "var", "median", "min", "max", "dmean", "dmean2", "dvar", "dvar2"]
    segmentation:
        compute: 0
        cpw: 5
        inc1: 300
        inc2: 50
        minimumSegmentsLength: 10
        size1: 1000
        size2: 600
    sfx:
        compute: 1
        stats: ["mean", "var", "median", "min", "max", "dmean", "dmean2", "dvar", "dvar2"]
    svm:
        compute: 0
    tonal:
        compute: 1
        frameSize: 4096
        hopSize: 2048
        zeroPadding: 0
        silentFrames: "noise"
        windowType: "blackmanharris62"
        stats: ["mean", "var", "median", "min", "max", "dmean", "dmean2", "dvar", "dvar2"]

lowlevel:
    average_loudness: 0.829199492931
    barkbands_kurtosis:
        dmean: 0.559790968895
        dmean2: 0.908930182457
        dvar: 0.651126384735
        dvar2: 1.59624385834
        max: 15.2502069473
        mean: -0.742735207081
        median: -1.17805719376
        min: -1.86480128765
        var: 1.83882391453
    barkbands_skewness:
        dmean: 0.371648490429
        dmean2: 0.572073042393
        dvar: 0.112896770239
        dvar2: 0.275392770767
        max: 3.37165117264
        mean: 0.0544593036175
        median: -0.0220764353871
        min: -3.35897684097
        var: 0.58887809515
    barkbands_spread:
        dmean: 5.12013959885
        dmean2: 8.26638889313
        dvar: 24.2981700897
        dvar2: 63.1625595093
        max: 64.934753418
        mean: 32.5747299194
        median: 33.069190979
        min: 2.61784791946
        var: 94.9292221069
    dissonance:
        dmean: 0.0119354547933
        dmean2: 0.0205789264292
        dvar: 0.00022619671654
        dvar2: 0.000647262088023
        max: 0.500000059605
        mean: 0.480379879475
        median: 0.486309975386
        min: 0.192038342357
        var: 0.000539500440937
    hfc:
        dmean: 2.11184763908
        dmean2: 3.30382800102
        dvar: 12.6939601898
        dvar2: 31.4690971375
        max: 71.0023422241
        mean: 7.49953269958
        median: 6.55504131317
        min: 1.03466702399e-016
        var: 42.6144485474
    pitch:
        dmean: 903.225891113
        dmean2: 1733.76025391
        dvar: 1841157.25
        dvar2: 4344970
        max: 4881.62207031
        mean: 1641.84216309
        median: 421.405029297
        min: 56.9336967468
        var: 2653794
    pitch_instantaneous_confidence:
        dmean: 0.0713946521282
        dmean2: 0.118813864887
        dvar: 0.00357968127355
        dvar2: 0.00952349603176
        max: 0.952593684196
        mean: 0.339307069778
        median: 0.309010416269
        min: 0.0957539081573
        var: 0.0197697579861
    pitch_salience:
        dmean: 0.0569892264903
        dmean2: 0.0938345864415
        dvar: 0.00258652493358
        dvar2: 0.00677137542516
        max: 0.938605308533
        mean: 0.690680801868
        median: 0.703940749168
        min: 0.199462115765
        var: 0.0057714576833
    silence_rate_20dB:
        dmean: 0
        dmean2: 0
        dvar: 0
        dvar2: 0
        max: 1
        mean: 1
        median: 1
        min: 1
        var: 0
    silence_rate_30dB:
        dmean: 0
        dmean2: 0
        dvar: 0
        dvar2: 0
        max: 1
        mean: 1
        median: 1
        min: 1
        var: 0
    silence_rate_60dB:
        dmean: 0.0572297759354
        dmean2: 0.114470429718
        dvar: 0.0539563447237
        dvar2: 0.119235597551
        max: 1
        mean: 0.449904948473
        median: 0
        min: 0
        var: 0.247469171882
    spectral_centroid:
        dmean: 264.795623779
        dmean2: 411.797454834
        dvar: 80225.453125
        dvar2: 184041.625
        max: 11421.1259766
        mean: 1772.33435059
        median: 1805.7890625
        min: 248.732757568
        var: 584781.5625
    spectral_complexity:
        dmean: 3.33263611794
        dmean2: 5.16847324371
        dvar: 13.7617378235
        dvar2: 30.9821796417
        max: 46
        mean: 14.5884027481
        median: 14
        min: 0
        var: 125.099693298
    spectral_crest:
        dmean: 1.71291697025
        dmean2: 2.84774661064
        dvar: 2.44836330414
        dvar2: 6.21275138855
        max: 21.6908035278
        mean: 6.17673015594
        median: 5.57982730865
        min: 2.35952162743
        var: 5.70950746536
    spectral_decrease:
        dmean: 2.35796521197e-010
        dmean2: 3.82447157277e-010
        dvar: 1.43455788135e-019
        dvar2: 3.75264029967e-019
        max: 2.30980437497e-028
        mean: -8.77945327549e-010
        median: -7.66677832331e-010
        min: -4.62128646461e-009
        var: 5.06928901308e-019
    spectral_energy:
        dmean: 0.00104525568895
        dmean2: 0.00168580166064
        dvar: 2.82674886876e-006
        dvar2: 7.27444921722e-006
        max: 0.0224099177867
        mean: 0.00399380223826
        median: 0.00352669460699
        min: 1.00855296733e-020
        var: 1.04568134702e-005
    spectral_energyband_high:
        dmean: 0.000171374718775
        dmean2: 0.000285233632894
        dvar: 1.22545614545e-007
        dvar2: 3.17247440762e-007
        max: 0.0091668497771
        mean: 0.000405616301578
        median: 0.000351187773049
        min: 6.9505579648e-021
        var: 1.87998793422e-007
    spectral_energyband_low:
        dmean: 0.000242568770773
        dmean2: 0.000407361862017
        dvar: 1.96845306277e-007
        dvar2: 5.45399359453e-007
        max: 0.00460252491757
        mean: 0.000301065272652
        median: 0.000157076283358
        min: 2.15391165319e-023
        var: 1.9876553381e-007
    spectral_energyband_middle_high:
        dmean: 0.000563897425309
        dmean2: 0.000869636656716
        dvar: 7.5168247804e-007
        dvar2: 1.73491650912e-006
        max: 0.0136573230848
        mean: 0.00204600137658
        median: 0.00156284938566
        min: 1.14016043201e-021
        var: 3.70691600438e-006
    spectral_energyband_middle_low:
        dmean: 0.0005750383134
        dmean2: 0.000955298426561
        dvar: 1.0228144447e-006
        dvar2: 2.84335169454e-006
        max: 0.0107868406922
        mean: 0.00138787657488
        median: 0.000978893600404
        min: 1.64520728316e-022
        var: 1.95195866581e-006
    spectral_flatness_db:
        dmean: 0.0122234681621
        dmean2: 0.0191947128624
        dvar: 0.000117484625662
        dvar2: 0.00028719130205
        max: 0.493230223656
        mean: 0.143203303218
        median: 0.134004592896
        min: 0.0557283088565
        var: 0.00192517507821
    spectral_flux:
        dmean: 0.00618285639212
        dmean2: 0.00948028080165
        dvar: 6.72092064633e-005
        dvar2: 0.000122858851682
        max: 0.111578635871
        mean: 0.035806633532
        median: 0.0353773534298
        min: 6.3505777026e-011
        var: 0.000419503019657
    spectral_kurtosis:
        dmean: 1.22320747375
        dmean2: 2.07976388931
        dvar: 9.91397190094
        dvar2: 26.3721179962
        max: 115.135467529
        mean: 3.97464871407
        median: 2.81339693069
        min: -1.25904166698
        var: 52.1983604431
    spectral_rms:
        dmean: 0.000222103073611
        dmean2: 0.000350738031557
        dvar: 8.74411441032e-008
        dvar2: 2.1673619699e-007
        max: 0.00467582419515
        mean: 0.00176527397707
        median: 0.0018549063243
        min: 3.13680418446e-012
        var: 7.80197979111e-007
    spectral_rolloff:
        dmean: 337.322357178
        dmean2: 545.939941406
        dvar: 192619.09375
        dvar2: 415994.4375
        max: 19659.8144531
        mean: 3365.08398438
        median: 3531.4453125
        min: 172.265625
        var: 1511304.625
    spectral_skewness:
        dmean: 0.15716342628
        dmean2: 0.261586755514
        dvar: 0.0490699335933
        dvar2: 0.130870699883
        max: 7.96014070511
        mean: 1.24956095219
        median: 1.16276741028
        min: -0.0283491387963
        var: 0.359367996454
    spectral_spread:
        dmean: 346503.34375
        dmean2: 533114.6875
        dvar: 393065955328
        dvar2: 763557249024
        max: 42354928
        mean: 4327945.5
        median: 4136939
        min: 630524.5625
        var: 5.18891398758e+012
    spectral_strongpeak:
        dmean: 0.33042833209
        dmean2: 0.571664690971
        dvar: 0.303060084581
        dvar2: 0.822122275829
        max: 7.08111810684
        mean: 0.472830116749
        median: 0.244404524565
        min: 3.5284353217e-010
        var: 0.39149338007
    zerocrossingrate:
        dmean: 0.00794330891222
        dmean2: 0.00958192721009
        dvar: 6.64762919769e-005
        dvar2: 8.78442733665e-005
        max: 0.52587890625
        mean: 0.0993441641331
        median: 0.103515625
        min: 0.01171875
        var: 0.00127295241691
    barkbands:
        dmean: [5.54760788418e-007, 5.18325578014e-005, 0.000118886586279, 0.000192414488993, 0.000219008798013, 0.000139705676702, 0.000103865480924, 0.000114661139378, 0.000116687908303, 0.000132681452669, 5.18949527759e-005, 6.74053590046e-005, 4.37221751781e-005, 5.50601180294e-005, 5.69890507904e-005, 7.0369867899e-005, 0.000123992023873, 0.000184251635801, 0.00022056644957, 0.000121845776448, 8.49149873829e-005, 3.99312048103e-005, 5.43654414287e-006, 2.02108321901e-006, 8.12914834114e-007, 2.03787156039e-008, 2.97191798948e-010]
        dmean2: [7.09906032625e-007, 8.90633964445e-005, 0.000203825329663, 0.000330217852024, 0.000376096431864, 0.00022751330107, 0.000168318641954, 0.00017237663269, 0.000189916652744, 0.00021807338635, 8.41929504531e-005, 0.000109315187728, 7.12971086614e-005, 8.88780632522e-005, 9.31899776333e-005, 0.000113976777357, 0.000201520713745, 0.000296237092698, 0.000366356951417, 0.000203201852855, 0.00014095766528, 6.73294052831e-005, 9.2591271823e-006, 3.33278921971e-006, 1.31532874548e-006, 3.39840902086e-008, 5.1808213275e-010]
        dvar: [1.92754991656e-012, 1.88189250849e-008, 5.59370292308e-008, 1.9954299546e-007, 1.98468541157e-007, 8.23505388325e-008, 4.83109197091e-008, 6.34292689483e-008, 5.47458860467e-008, 1.13782903099e-007, 1.13583160655e-008, 2.03640730945e-008, 1.06125783716e-008, 1.51155621353e-008, 1.66162497095e-008, 1.7323525725e-008, 4.74152344054e-008, 1.38925173587e-007, 1.17743049088e-007, 4.46656756026e-008, 2.55336303212e-008, 1.44360337018e-008, 3.48043899256e-010, 6.54966428315e-011, 1.48605936584e-011, 4.56185814425e-015, 2.84456685158e-019]
        dvar2: [3.76627722065e-012, 5.23557588394e-008, 1.60544445293e-007, 5.52606934434e-007, 5.74313560264e-007, 2.07948048114e-007, 1.18166312291e-007, 1.239632752e-007, 1.39893401752e-007, 3.14138844715e-007, 2.69749840243e-008, 5.09255499992e-008, 2.74199667416e-008, 3.73672186527e-008, 4.24815098654e-008, 3.99779338522e-008, 1.15816035873e-007, 3.36387046218e-007, 3.06346180423e-007, 1.20662107861e-007, 6.5482609557e-008, 3.70282435824e-008, 9.2457019818e-010, 1.64679089809e-010, 3.44416856146e-011, 1.15095057101e-014, 7.77446274826e-019]
        max: [1.4029362319e-005, 0.00145586626604, 0.00302080763504, 0.00422258768231, 0.00568090192974, 0.00602813577279, 0.00552728120238, 0.00895605701953, 0.00516631035134, 0.00728338444605, 0.00199636607431, 0.00278326240368, 0.00215048342943, 0.00229322956875, 0.0025138144847, 0.00330795696937, 0.0037431740202, 0.0079384772107, 0.00826281309128, 0.00443926267326, 0.00455482909456, 0.00300194229931, 0.00071510131238, 0.000289630988846, 0.000151653381181, 1.94963490685e-006, 6.96358348762e-009]
        mean: [7.65540164593e-007, 5.3883970395e-005, 0.000135298672831, 0.00019070073904, 0.000328375492245, 0.000235352432355, 0.000158551352797, 0.000209653400816, 0.000212454848224, 0.000216530417674, 8.23211667011e-005, 0.000111146262498, 7.00232048985e-005, 9.415801469e-005, 0.000102361234894, 0.000140014206409, 0.000264656118816, 0.000362927326933, 0.000492049963214, 0.000272556353593, 0.000181422641617, 6.4283318352e-005, 9.48480465013e-006, 3.46667934537e-006, 1.33446701511e-006, 3.1142050716e-008, 3.46944972751e-010]
        median: [2.95550943719e-008, 2.35626339418e-005, 6.61136728013e-005, 7.02789329807e-005, 0.000171355393832, 0.000105391663965, 6.61182857584e-005, 6.8910761911e-005, 7.97713219072e-005, 7.96434469521e-005, 3.77972464776e-005, 4.23607998528e-005, 3.00086394418e-005, 4.01831930503e-005, 5.58637730137e-005, 9.44994681049e-005, 0.000157784495968, 0.000200679001864, 0.000424644502345, 0.000234623468714, 0.000151199958054, 3.93671434722e-005, 6.33306717646e-006, 1.93524510905e-006, 5.49470655642e-007, 1.5483740512e-008, 1.50700743551e-010]
        min: [8.88331630812e-025, 3.85709595303e-024, 4.83435705698e-025, 1.17789880329e-024, 1.40369862143e-023, 1.47908627161e-023, 1.31691011679e-023, 1.02884414662e-023, 2.67885078064e-023, 1.95655269642e-023, 1.96802557389e-023, 3.23102533085e-023, 4.07289232464e-023, 4.31636225235e-023, 3.88365437536e-023, 4.38519667722e-023, 7.96192136712e-023, 1.20954704689e-022, 1.28085325697e-022, 1.6537124659e-022, 3.04113477271e-022, 3.45113140735e-022, 4.26055267834e-022, 6.46599168456e-022, 1.0505938969e-021, 1.38032685007e-021, 1.79974346842e-021]
        var: [3.43761108988e-012, 1.38136542205e-008, 4.78640878043e-008, 1.59292127933e-007, 2.29336507118e-007, 1.63943269627e-007, 9.14162043841e-008, 2.03065084747e-007, 1.46131398537e-007, 2.00326951472e-007, 2.1010512441e-008, 3.95580492807e-008, 1.60033355456e-008, 2.87025869738e-008, 2.94759274766e-008, 4.19839558674e-008, 1.17177712866e-007, 2.71734847956e-007, 2.36537701426e-007, 7.10548633265e-008, 4.12007175044e-008, 1.51443497742e-008, 3.87471832397e-010, 8.26302984369e-011, 2.2383466608e-011, 5.9154282289e-015, 3.28113804473e-019]
    frequency_bands:
        dmean: [5.54760788418e-007, 5.18325578014e-005, 0.000118886586279, 0.000192414488993, 0.000219008798013, 0.000139705676702, 0.000103865480924, 0.000114661139378, 0.000116687908303, 0.000132681452669, 5.18949527759e-005, 6.74053590046e-005, 4.37221751781e-005, 5.50601180294e-005, 5.69890507904e-005, 7.0369867899e-005, 0.000123992023873, 0.000184251635801, 0.00022056644957, 0.000121845776448, 8.49149873829e-005, 3.99312048103e-005, 5.43654414287e-006, 2.02108321901e-006, 8.12914834114e-007, 2.03787156039e-008, 2.97191798948e-010, 4.60334687036e-011]
        dmean2: [7.09906032625e-007, 8.90633964445e-005, 0.000203825329663, 0.000330217852024, 0.000376096431864, 0.00022751330107, 0.000168318641954, 0.00017237663269, 0.000189916652744, 0.00021807338635, 8.41929504531e-005, 0.000109315187728, 7.12971086614e-005, 8.88780632522e-005, 9.31899776333e-005, 0.000113976777357, 0.000201520713745, 0.000296237092698, 0.000366356951417, 0.000203201852855, 0.00014095766528, 6.73294052831e-005, 9.2591271823e-006, 3.33278921971e-006, 1.31532874548e-006, 3.39840902086e-008, 5.1808213275e-010, 8.51371056987e-011]
        dvar: [1.92754991656e-012, 1.88189250849e-008, 5.59370292308e-008, 1.9954299546e-007, 1.98468541157e-007, 8.23505388325e-008, 4.83109197091e-008, 6.34292689483e-008, 5.47458860467e-008, 1.13782903099e-007, 1.13583160655e-008, 2.03640730945e-008, 1.06125783716e-008, 1.51155621353e-008, 1.66162497095e-008, 1.7323525725e-008, 4.74152344054e-008, 1.38925173587e-007, 1.17743049088e-007, 4.46656756026e-008, 2.55336303212e-008, 1.44360337018e-008, 3.48043899256e-010, 6.54966428315e-011, 1.48605936584e-011, 4.56185814425e-015, 2.84456685158e-019, 6.10228465052e-021]
        dvar2: [3.76627722065e-012, 5.23557588394e-008, 1.60544445293e-007, 5.52606934434e-007, 5.74313560264e-007, 2.07948048114e-007, 1.18166312291e-007, 1.239632752e-007, 1.39893401752e-007, 3.14138844715e-007, 2.69749840243e-008, 5.09255499992e-008, 2.74199667416e-008, 3.73672186527e-008, 4.24815098654e-008, 3.99779338522e-008, 1.15816035873e-007, 3.36387046218e-007, 3.06346180423e-007, 1.20662107861e-007, 6.5482609557e-008, 3.70282435824e-008, 9.2457019818e-010, 1.64679089809e-010, 3.44416856146e-011, 1.15095057101e-014, 7.77446274826e-019, 1.96355697599e-020]
        max: [1.4029362319e-005, 0.00145586626604, 0.00302080763504, 0.00422258768231, 0.00568090192974, 0.00602813577279, 0.00552728120238, 0.00895605701953, 0.00516631035134, 0.00728338444605, 0.00199636607431, 0.00278326240368, 0.00215048342943, 0.00229322956875, 0.0025138144847, 0.00330795696937, 0.0037431740202, 0.0079384772107, 0.00826281309128, 0.00443926267326, 0.00455482909456, 0.00300194229931, 0.00071510131238, 0.000289630988846, 0.000151653381181, 1.94963490685e-006, 6.96358348762e-009, 9.81995040839e-010]
        mean: [7.65540164593e-007, 5.3883970395e-005, 0.000135298672831, 0.00019070073904, 0.000328375492245, 0.000235352432355, 0.000158551352797, 0.000209653400816, 0.000212454848224, 0.000216530417674, 8.23211667011e-005, 0.000111146262498, 7.00232048985e-005, 9.415801469e-005, 0.000102361234894, 0.000140014206409, 0.000264656118816, 0.000362927326933, 0.000492049963214, 0.000272556353593, 0.000181422641617, 6.4283318352e-005, 9.48480465013e-006, 3.46667934537e-006, 1.33446701511e-006, 3.1142050716e-008, 3.46944972751e-010, 3.56367331478e-011]
        median: [2.95550943719e-008, 2.35626339418e-005, 6.61136728013e-005, 7.02789329807e-005, 0.000171355393832, 0.000105391663965, 6.61182857584e-005, 6.8910761911e-005, 7.97713219072e-005, 7.96434469521e-005, 3.77972464776e-005, 4.23607998528e-005, 3.00086394418e-005, 4.01831930503e-005, 5.58637730137e-005, 9.44994681049e-005, 0.000157784495968, 0.000200679001864, 0.000424644502345, 0.000234623468714, 0.000151199958054, 3.93671434722e-005, 6.33306717646e-006, 1.93524510905e-006, 5.49470655642e-007, 1.5483740512e-008, 1.50700743551e-010, 9.30494917228e-012]
        min: [8.88331630812e-025, 3.85709595303e-024, 4.83435705698e-025, 1.17789880329e-024, 1.40369862143e-023, 1.47908627161e-023, 1.31691011679e-023, 1.02884414662e-023, 2.67885078064e-023, 1.95655269642e-023, 1.96802557389e-023, 3.23102533085e-023, 4.07289232464e-023, 4.31636225235e-023, 3.88365437536e-023, 4.38519667722e-023, 7.96192136712e-023, 1.20954704689e-022, 1.28085325697e-022, 1.6537124659e-022, 3.04113477271e-022, 3.45113140735e-022, 4.26055267834e-022, 6.46599168456e-022, 1.0505938969e-021, 1.38032685007e-021, 1.79974346842e-021, 5.12008845247e-022]
        var: [3.43761108988e-012, 1.38136542205e-008, 4.78640878043e-008, 1.59292127933e-007, 2.29336507118e-007, 1.63943269627e-007, 9.14162043841e-008, 2.03065084747e-007, 1.46131398537e-007, 2.00326951472e-007, 2.1010512441e-008, 3.95580492807e-008, 1.60033355456e-008, 2.87025869738e-008, 2.94759274766e-008, 4.19839558674e-008, 1.17177712866e-007, 2.71734847956e-007, 2.36537701426e-007, 7.10548633265e-008, 4.12007175044e-008, 1.51443497742e-008, 3.87471832397e-010, 8.26302984369e-011, 2.2383466608e-011, 5.9154282289e-015, 3.28113804473e-019, 4.69011770825e-021]
    mfcc:
        mean: [-729.620483398, 101.522232056, -49.7549552917, 51.1020126343, -22.7539978027, -7.79204177856, -1.86639475822, -2.63792848587, -1.43785429001, -5.87579679489, -4.75521087646, -5.55424547195, -7.07439184189]
        cov: [[10385.4775391, 387.268066406, -772.453063965, 1250.0402832, -511.788635254, 117.689346313, -92.5373153687, 288.649597168, 68.6199111938, 50.5066299438, 8.94862747192, -109.115127563, -91.8112258911], [387.268066406, 715.666259766, -147.305526733, 132.9506073, -14.8392362595, -44.709651947, 64.3589019775, -44.9825172424, -1.33906292915, -27.4664745331, -9.71779441833, 5.51329946518, -14.9683952332], [-772.453063965, -147.305526733, 405.378875732, -20.8549938202, 68.9635009766, 28.581029892, 11.053276062, 12.9347190857, -1.40685868263, 34.9220619202, 0.822786748409, 14.3100509644, 35.3128395081], [1250.0402832, 132.9506073, -20.8549938202, 462.556884766, -23.5573101044, 59.6112976074, 44.6006393433, 30.9992160797, 47.1763114929, 16.4532356262, -4.54002475739, -12.896024704, 11.987657547], [-511.788635254, -14.8392362595, 68.9635009766, -23.5573101044, 119.390960693, 29.0807380676, 16.516740799, -1.43297338486, 5.46251344681, 7.3002781868, 4.79818916321, 5.12235355377, 4.0429444313], [117.689346313, -44.709651947, 28.581029892, 59.6112976074, 29.0807380676, 97.7114944458, 55.4278526306, 43.5289344788, 15.7767829895, 14.3422613144, 11.4839086533, 8.0868434906, 6.88174009323], [-92.5373153687, 64.3589019775, 11.053276062, 44.6006393433, 16.516740799, 55.4278526306, 134.048294067, 38.7894172668, 22.9885959625, 5.24130010605, 6.24802970886, 16.1732940674, 8.88877487183], [288.649597168, -44.9825172424, 12.9347190857, 30.9992160797, -1.43297338486, 43.5289344788, 38.7894172668, 97.7746963501, 31.5178775787, 23.7999420166, 12.5685052872, 4.67124176025, 0.336979568005], [68.6199111938, -1.33906292915, -1.40685868263, 47.1763114929, 5.46251344681, 15.7767829895, 22.9885959625, 31.5178775787, 60.5664215088, 29.7415657043, 12.9843330383, 3.43537282944, 4.47350788116], [50.5066299438, -27.4664745331, 34.9220619202, 16.4532356262, 7.3002781868, 14.3422613144, 5.24130010605, 23.7999420166, 29.7415657043, 63.7684707642, 24.9520149231, 8.3798866272, 3.10089087486], [8.94862747192, -9.71779441833, 0.822786748409, -4.54002475739, 4.79818916321, 11.4839086533, 6.24802970886, 12.5685052872, 12.9843330383, 24.9520149231, 49.1988143921, 23.7569656372, 6.52131557465], [-109.115127563, 5.51329946518, 14.3100509644, -12.896024704, 5.12235355377, 8.0868434906, 16.1732940674, 4.67124176025, 3.43537282944, 8.3798866272, 23.7569656372, 47.9747924805, 22.969171524], [-91.8112258911, -14.9683952332, 35.3128395081, 11.987657547, 4.0429444313, 6.88174009323, 8.88877487183, 0.336979568005, 4.47350788116, 3.10089087486, 6.52131557465, 22.969171524, 46.1573867798]]
        icov: [[0.000291894801194, -6.80888697389e-005, 0.000393967027776, -0.000722037046216, 0.000831395213027, -0.000307152833557, 0.00060891470639, -0.000939056975767, 0.000653880881146, -0.000308392598527, -0.000116267852718, 0.000182963078259, 0.00018993136473], [-6.80888697389e-005, 0.00203982577659, 0.000526155461557, -0.000637322256807, -0.000697329291143, 0.00202359561808, -0.00190204614773, 0.00102796440478, 0.000260036671534, 0.000112614470709, 0.000145178739331, -0.000948737491854, 0.00082604092313], [0.000393967027776, 0.000526155461557, 0.00395622616634, -0.00108471815474, -0.000725267454982, -2.64911759587e-005, 0.000322211213643, -0.00149609800428, 0.0025563526433, -0.00297882221639, 0.00131520035211, 0.000170885090483, -0.00209288764745], [-0.000722037046216, -0.000637322256807, -0.00108471815474, 0.0048338980414, -0.000838475127239, -0.00194825022481, -0.000986395985819, 0.00260508176871, -0.00381993083283, 0.000695476657711, 0.000776159635279, 0.00124758307356, -0.00194057391491], [0.000831395213027, -0.000697329291143, -0.000725267454982, -0.000838475127239, 0.0131547488272, -0.00540368119255, 0.00190223066602, -0.000271384546068, -0.000499603978824, -0.000313375086989, -0.000765587959904, 0.000689242850058, 0.00132394651882], [-0.000307152833557, 0.00202359561808, -2.64911759587e-005, -0.00194825022481, -0.00540368119255, 0.020323516801, -0.00736230099574, -0.00424587214366, 0.00290085328743, -0.000557344756089, -0.00224560662173, -0.000232555685216, -0.000347165099811], [0.00060891470639, -0.00190204614773, 0.000322211213643, -0.000986395985819, 0.00190223066602, -0.00736230099574, 0.0136996563524, -0.00426843902096, -0.00206399778835, 0.00143319682684, 0.00147424126044, -0.00287753692828, 0.000255448190728], [-0.000939056975767, 0.00102796440478, -0.00149609800428, 0.00260508176871, -0.000271384546068, -0.00424587214366, -0.00426843902096, 0.0191934909672, -0.00789555627853, -0.000757843896281, -5.81012172916e-005, -0.000775939202867, 0.00148265785538], [0.000653880881146, 0.000260036671534, 0.0025563526433, -0.00381993083283, -0.000499603978824, 0.00290085328743, -0.00206399778835, -0.00789555627853, 0.02898587659, -0.0114067895338, -0.00162467022892, 0.00269516045228, -0.00266691995785], [-0.000308392598527, 0.000112614470709, -0.00297882221639, 0.000695476657711, -0.000313375086989, -0.000557344756089, 0.00143319682684, -0.000757843896281, -0.0114067895338, 0.0271964278072, -0.0110076256096, 0.000716052891221, 0.00183883938007], [-0.000116267852718, 0.000145178739331, 0.00131520035211, 0.000776159635279, -0.000765587959904, -0.00224560662173, 0.00147424126044, -5.81012172916e-005, -0.00162467022892, -0.0110076256096, 0.0347529128194, -0.0172434877604, 0.00329416897148], [0.000182963078259, -0.000948737491854, 0.000170885090483, 0.00124758307356, 0.000689242850058, -0.000232555685216, -0.00287753692828, -0.000775939202867, 0.00269516045228, 0.000716052891221, -0.0172434877604, 0.0391240529716, -0.0172066502273], [0.00018993136473, 0.00082604092313, -0.00209288764745, -0.00194057391491, 0.00132394651882, -0.000347165099811, 0.000255448190728, 0.00148265785538, -0.00266691995785, 0.00183883938007, 0.00329416897148, -0.0172066502273, 0.0325236320496]]
    sccoeffs:
        dmean: [0.055064920336, 0.0438347347081, 0.0366313308477, 0.0264103971422, 0.0181432701647, 0.0162452869117]
        dmean2: [0.0903640016913, 0.0733524411917, 0.0612167641521, 0.0443070270121, 0.0305336900055, 0.026017839089]
        dvar: [0.00227273348719, 0.00123845541384, 0.000836094666738, 0.000442233635113, 0.000216728964006, 0.00022501181229]
        dvar2: [0.00613213796169, 0.00338204111904, 0.00228001689538, 0.00121576467063, 0.000586050213315, 0.000526443822309]
        max: [-0.299614101648, -0.4380684793, -0.576292276382, -0.518888533115, -0.543427884579, -0.543296217918]
        mean: [-0.675157427788, -0.770072519779, -0.797049999237, -0.815309941769, -0.814079761505, -0.730182230473]
        median: [-0.682059586048, -0.7778211236, -0.801489889622, -0.822348356247, -0.815023243427, -0.723233103752]
        min: [-0.983801603317, -0.980531454086, -0.979007601738, -0.968380391598, -0.965370297432, -0.96450895071]
        var: [0.00710831768811, 0.00425549549982, 0.00256665213965, 0.00223028846085, 0.00146013346966, 0.00333858863451]
    scvalleys:
        dmean: [0.371915102005, 0.335186034441, 0.270917415619, 0.235856249928, 0.188130199909, 0.222740218043]
        dmean2: [0.608669161797, 0.559075772762, 0.449647694826, 0.379831671715, 0.296642094851, 0.348150759935]
        dvar: [0.107738815248, 0.0931680724025, 0.0669568926096, 0.0571099109948, 0.0484465844929, 0.0884390249848]
        dvar2: [0.253016352654, 0.223184406757, 0.149765297771, 0.118219099939, 0.0917989313602, 0.185155019164]
        max: [-5.41708660126, -4.64295768738, -5.05464982986, -5.67772006989, -5.4010643959, -7.46583414078]
        mean: [-7.3845872879, -6.76617002487, -7.05134105682, -7.46553945541, -7.19311189651, -10.2632217407]
        median: [-6.91031360626, -6.43302488327, -6.74386310577, -7.03224372864, -6.60341596603, -9.6573381424]
        min: [-27.9610881805, -28.0751914978, -27.7315654755, -27.6721172333, -27.4752635956, -27.3901748657]
        var: [4.220058918, 3.15538477898, 3.09271645546, 3.33540439606, 3.8021466732, 3.53497290611]

rhythm:
    beats_loudness:
        dmean: 0.00152906728908
        dmean2: 0.00263245706446
        dvar: 2.38155394072e-006
        dvar2: 6.40555072096e-006
        max: 0.0128816524521
        mean: 0.00452764425427
        median: 0.00474589131773
        min: 0
        var: 1.04097971416e-005
    bpm: 163.95375061
    bpm_confidence: 0
    first_peak_bpm: 167
    first_peak_spread: 0
    first_peak_weight: 0.443267762661
    onset_rate: 3.19351601601
    second_peak_bpm: 161
    second_peak_spread: 0.0294984485954
    second_peak_weight: 0.497730731964
    beats_loudness_band_ratio:
        dmean: [0.0786490365863, 0.0944561809301, 0.0857365727425, 0.0662639960647, 0.0949778109789, 0.0809698030353]
        dmean2: [0.133501559496, 0.16555865109, 0.143273845315, 0.111594393849, 0.165568873286, 0.134612008929]
        dvar: [0.00533467018977, 0.00777034508064, 0.00595269957557, 0.00508336303756, 0.00901091471314, 0.00566073646769]
        dvar2: [0.0138738816604, 0.0201220288873, 0.0164215900004, 0.0134282112122, 0.0257589370012, 0.0154626686126]
        max: [0.665232896805, 0.638371348381, 0.756703555584, 0.80371183157, 0.678093612194, 0.73768556118]
        mean: [0.142521694303, 0.156022593379, 0.153278410435, 0.131101623178, 0.22609975934, 0.227753371]
        median: [0.122123263776, 0.117466107011, 0.125238507986, 0.0906372219324, 0.217062652111, 0.22400957346]
        min: [0, 0, 0, 0, 0, 0]
        var: [0.0113421529531, 0.0137184578925, 0.0105234514922, 0.0117640290409, 0.0121827516705, 0.0121460799128]
    beats_position: [0.371519267559, 0.743038535118, 1.11455774307, 1.49768710136, 1.89242625237, 2.27555561066, 2.65868473053, 3.04181408882, 3.42494320869, 3.8196823597, 4.20281171799, 4.57433080673, 4.94585037231, 5.31736946106, 5.6888885498, 6.06040811539, 6.43192720413, 6.79183673859, 7.1517457962, 7.52326536179, 7.8831744194, 8.24308395386, 8.6146030426, 8.98612213135, 9.34603118896, 9.71755123138, 10.077460289, 10.4373693466, 10.7972784042, 11.1687984467, 11.5403175354, 11.9118366241, 12.2833557129, 12.6432647705, 13.0031747818, 13.3746938705, 13.7462129593, 14.1061220169, 14.4660310745, 14.8375511169, 15.1974601746, 15.5689792633, 15.9288883209, 16.3004074097, 16.6719264984, 17.031835556, 17.391746521, 17.7632656097, 18.1231746674, 18.483083725, 18.8546028137, 19.2261219025, 19.5976409912, 19.9575500488, 20.3174591064, 20.6889801025, 21.0604991913, 21.4204082489, 21.7803173065, 22.1518363953, 22.5117454529, 22.8716545105, 23.2431735992, 23.614692688, 23.974603653, 24.3345127106, 24.7060317993, 25.0775508881, 25.4490699768, 25.8089790344, 26.168888092, 26.5404071808, 26.9003162384, 27.2602272034, 27.6317462921, 28.0032653809, 28.3631744385, 28.7230834961, 29.0946025848, 29.4661216736, 29.8260307312, 30.1859397888, 30.5574588776, 30.9289798737, 31.2888889313, 31.6487979889, 32.0203170776, 32.391834259, 32.7517471313, 33.111656189, 33.4831733704, 33.8546943665, 34.2262115479, 34.5861206055, 34.9460296631, 35.3175506592, 35.6890678406, 36.0489807129, 36.4088897705, 36.7804069519, 37.151927948, 37.5118370056, 37.8717460632, 38.2432632446, 38.6147842407, 38.9746932983, 39.334602356, 39.7061233521, 40.0776405334, 40.4375495911, 40.7974586487, 41.1689796448, 41.5404968262, 41.9120178223, 42.2719268799, 42.6318359375, 43.0033569336, 43.3632659912, 43.7231750488, 44.0830841064, 44.4546012878, 44.8145103455, 45.1860313416, 45.5575485229, 45.9058494568, 46.2773704529, 46.6488876343, 47.0204086304, 47.3919258118, 47.7634468079, 48.1233558655, 48.4832649231, 48.8431739807, 49.2146911621, 49.5862121582, 49.9461212158, 50.3176422119, 50.6775512695, 51.0490684509, 51.4089775085, 51.7804985046, 52.1404075623, 52.5119247437, 52.871837616, 53.2433547974, 53.6148757935, 53.9747848511, 54.3346939087, 54.7062110901, 55.0777320862, 55.4376411438, 55.7975502014, 56.1690673828, 56.5405883789, 56.9004974365, 57.2604064941, 57.6319274902, 58.0034446716, 58.3749656677, 58.7348747253, 59.094783783, 59.4546928406, 59.8146018982, 60.1861228943, 60.5576400757, 60.9291610718, 61.3006782532, 61.6605873108, 62.0204963684, 62.380405426, 62.7403144836, 63.100227356, 63.4717445374, 63.8432655334, 64.2031707764, 64.5746917725, 64.9229888916, 65.2945098877, 65.6660308838, 66.0375518799, 66.409072876, 66.7805862427, 67.1521072388, 67.5120162964, 67.871925354, 68.2434463501, 68.6033554077, 68.9632644653, 69.3347854614, 69.694694519, 70.0546035767, 70.4261245728, 70.7976379395, 71.1691589355, 71.5406799316, 71.9122009277, 72.2721099854, 72.632019043, 73.0035324097, 73.3750534058, 73.7349624634, 74.094871521, 74.4663925171, 74.8263015747, 75.1862106323, 75.5577316284, 75.9292526245, 76.3007659912, 76.6490707397, 77.0089797974, 77.3805007935, 77.7404098511, 78.1119232178, 78.4834442139, 78.85496521, 79.2148742676, 79.5863952637, 79.9463043213, 80.3178253174, 80.677734375, 81.0376434326, 81.4091567993, 81.7806777954, 82.1521987915, 82.5121078491, 82.8720169067, 83.2435379028, 83.6034469604, 83.9633560181, 84.3348770142, 84.7063903809, 85.077911377, 85.4378204346, 85.7977294922, 86.1692504883, 86.5291595459, 86.8890686035, 87.2605895996, 87.6321105957, 88.0036239624, 88.36353302, 88.7350540161, 89.0949630737, 89.4664840698, 89.8380050659, 90.2095184326, 90.5694351196, 90.9293441772, 91.2892532349, 91.6491622925, 92.0206756592, 92.3921966553, 92.7637176514, 93.1120147705, 93.4835357666, 93.8550567627, 94.2149658203, 94.5748748779, 94.9347839355, 95.3063049316, 95.6778182983, 96.0493392944, 96.4092483521, 96.7807693481, 97.1522903442, 97.5238113403, 97.8837203979, 98.2436294556, 98.6151428223, 98.9866638184, 99.346572876, 99.7064819336, 100.07800293, 100.437911987, 100.809432983, 101.180953979, 101.540863037, 101.900772095, 102.260681152, 102.632194519, 102.992103577, 103.363624573, 103.735145569, 104.095054626, 104.466575623, 104.82648468, 105.186393738, 105.557914734, 105.929428101, 106.300949097, 106.660858154, 107.020767212, 107.392288208, 107.763809204, 108.123718262, 108.495239258, 108.855148315, 109.226661682, 109.58657074, 109.958091736, 110.318000793, 110.68952179, 111.061042786, 111.420951843, 111.780860901, 112.152381897, 112.512290955, 112.872200012, 113.23210907, 113.603622437, 113.963539124, 114.33505249, 114.706573486, 115.078094482, 115.43800354, 115.797912598, 116.157821655, 116.517730713, 116.889251709, 117.260765076, 117.632286072, 118.003807068, 118.363716125, 118.723625183, 119.095146179, 119.466667175, 119.826576233, 120.186485291, 120.557998657, 120.917915344, 121.289428711, 121.649337769, 122.020858765, 122.392379761, 122.763900757, 123.135414124, 123.495323181, 123.855232239, 124.226753235, 124.586662292, 124.94657135, 125.318092346, 125.678001404, 126.037910461, 126.409431458, 126.780952454, 127.15246582, 127.512374878, 127.872291565, 128.243804932, 128.615325928, 128.986846924, 129.346755981, 129.706665039, 130.078186035, 130.438095093, 130.79800415, 131.169525146, 131.529434204, 131.889343262, 132.260864258, 132.632385254, 132.992294312, 133.352203369, 133.723709106, 134.095230103, 134.466751099, 134.838272095, 135.209793091, 135.569702148, 135.929611206, 136.301132202, 136.672653198, 137.032562256, 137.392471313, 137.76399231, 138.135513306, 138.495422363, 138.855331421, 139.226852417, 139.586761475, 139.946670532, 140.31817627, 140.689697266, 141.061218262, 141.421127319, 141.781036377, 142.152557373, 142.524078369, 142.895599365, 143.255508423, 143.61541748, 143.986938477, 144.358459473, 144.71836853, 145.078277588, 145.438186646, 145.798095703, 146.169616699, 146.541137695, 146.901046753, 147.27255249, 147.632461548, 147.992385864, 148.363891602, 148.735412598, 149.095321655, 149.455230713, 149.826751709, 150.198272705, 150.558181763, 150.929702759, 151.301223755, 151.672744751, 152.032653809, 152.392562866, 152.764083862, 153.135604858, 153.495513916, 153.855422974, 154.226928711, 154.598449707, 154.958358765, 155.318267822, 155.689788818, 156.061309814, 156.421218872, 156.78112793, 157.152648926, 157.524169922, 157.884078979, 158.255599976, 158.615509033, 158.975418091, 159.335327148, 159.706848145, 160.078369141, 160.438278198, 160.798187256, 161.169708252, 161.541213989, 161.901138306, 162.261047363, 162.632553101, 163.004074097, 163.363983154, 163.723892212, 164.095413208, 164.466934204, 164.826843262, 165.186752319, 165.546661377, 165.918182373, 166.289703369, 166.649612427, 167.021133423, 167.392654419, 167.764175415, 168.135681152, 168.49559021, 168.855514526, 169.215423584, 169.575332642, 169.946838379, 170.306747437, 170.666656494, 171.03817749, 171.409698486, 171.781219482, 172.14112854, 172.512649536, 172.872558594, 173.232467651, 173.592376709, 173.963897705, 174.335418701, 174.706939697, 175.078460693, 175.438369751, 175.798278809, 176.169799805, 176.529708862, 176.88961792, 177.261123657, 177.632644653, 177.992553711, 178.352462769, 178.723983765, 179.095504761, 179.455413818, 179.826934814, 180.186843872, 180.558364868, 180.929885864, 181.289794922, 181.649703979, 182.021224976, 182.392745972, 182.752655029, 183.112564087, 183.484085083, 183.85559082, 184.227111816, 184.587020874, 184.946929932, 185.318450928, 185.689971924, 186.049880981, 186.409790039, 186.781311035, 187.152832031, 187.512741089, 187.872650146, 188.244171143, 188.6040802, 188.963989258, 189.335510254, 189.70703125, 190.066940308, 190.438461304, 190.798370361, 191.169876099, 191.541397095, 191.912918091, 192.272827148, 192.632736206, 192.992645264, 193.352554321, 193.724075317, 194.083984375, 194.455505371, 194.827026367, 195.198547363, 195.558456421, 195.918365479, 196.289886475, 196.649795532, 197.021316528, 197.381225586, 197.752746582, 198.11265564, 198.484161377, 198.855682373, 199.227203369, 199.598724365, 199.958633423, 200.31854248, 200.678451538, 201.049972534, 201.409881592, 201.781402588, 202.152923584, 202.52444458, 202.884353638, 203.244262695, 203.615783691, 203.975692749, 204.335601807, 204.707122803, 205.07862854, 205.450149536, 205.810058594, 206.169967651, 206.529876709, 206.889785767, 207.261306763, 207.632827759, 208.004348755, 208.364257813, 208.72416687, 209.095687866, 209.455596924, 209.815505981, 210.187026978, 210.558547974, 210.93006897, 211.301589966, 211.661499023, 212.021408081, 212.392913818, 212.752838135, 213.112747192, 213.48425293, 213.855773926, 214.215682983, 214.575592041, 214.947113037, 215.318634033, 215.678543091, 216.038452148, 216.409973145, 216.781494141, 217.153015137, 217.524536133, 217.88444519, 218.244354248, 218.604263306, 218.964172363, 219.335693359, 219.707214355, 220.078720093, 220.450241089, 220.810150146, 221.170059204, 221.529968262, 221.889877319, 222.261398315, 222.632919312, 223.004440308, 223.375961304, 223.735870361, 224.095779419, 224.467300415, 224.827209473, 225.18711853, 225.558639526, 225.930160522, 226.30166626, 226.661590576, 227.021499634, 227.381408691, 227.741317749, 228.112823486, 228.484344482, 228.855865479, 229.204162598, 229.575683594, 229.94720459, 230.318725586, 230.643798828, 230.968887329, 231.293960571, 231.619049072, 232.002166748, 232.385299683, 232.768432617, 233.151565552, 233.523086548, 233.894592285, 234.266113281, 234.637634277, 235.090423584, 235.543212891, 235.996002197, 236.437179565, 236.866760254, 237.307937622, 237.74911499, 238.109024048, 238.468933105, 238.828842163, 239.304855347, 239.780853271, 240.256866455, 240.7212677, 241.139221191, 241.557189941, 241.986755371, 242.404708862, 242.834274292, 243.26385498, 243.69342041]
