
metadata:
    version:
        essentia: "2.1-beta2"
    audio_properties:
        analysis_sample_rate: 44100
        bitrate: 276
        channels: 2
        equal_loudness: 1
        length: 297.273468018
        replay_gain: -14.9358253479
        downmix: "mix"
    tags:
        album: "L'Armée des Ombres"
        artist: "Mass Hysteria"
        comment: "You Like It? Buy It!"
        date: "2012"
        genre: "Metal"
        title: "Raison close"
        tracknumber: "8"

configuration:
    average_loudness:
        compute: 1
        frameSize: 88200
        hopSize: 44100
        silentFrames: "noise"
        windowType: "hann"
    general:
        analysisSampleRate: 44100
        endTime: 2000
        equalLoudness: 1
        nequalLoudness: 0
        shortSound: 0
        startTime: 0
    lowlevel:
        compute: 1
        frameSize: 2048
        hopSize: 1024
        zeroPadding: 0
        silentFrames: "noise"
        windowType: "blackmanharris62"
        mfccStats: ["mean", "cov", "icov"]
        stats: ["mean", "var", "median", "min", "max", "dmean", "dmean2", "dvar", "dvar2"]
    panning:
        compute: 0
        frameSize: 8192
        hopSize: 2048
        zeroPadding: 8192
        silentFrames: "noise"
        windowType: "hann"
        stats: ["copy"]
    rhythm:
        compute: 1
        maxTempo: 208
        minTempo: 40
        method: "degara"
        stats: ["mean", "var", "median", "min", "max", "dmean", "dmean2", "dvar", "dvar2"]
    segmentation:
        compute: 0
        cpw: 5
        inc1: 300
        inc2: 50
        minimumSegmentsLength: 10
        size1: 1000
        size2: 600
    sfx:
        compute: 1
        stats: ["mean", "var", "median", "min", "max", "dmean", "dmean2", "dvar", "dvar2"]
    svm:
        compute: 0
    tonal:
        compute: 1
        frameSize: 4096
        hopSize: 2048
        zeroPadding: 0
        silentFrames: "noise"
        windowType: "blackmanharris62"
        stats: ["mean", "var", "median", "min", "max", "dmean", "dmean2", "dvar", "dvar2"]

lowlevel:
    average_loudness: 0.715070903301
    barkbands_kurtosis:
        dmean: 0.554157733917
        dmean2: 0.852793872356
        dvar: 0.961625754833
        dvar2: 2.08145642281
        max: 39.2685966492
        mean: -0.130625575781
        median: -1.19184887409
        min: -1.87847435474
        var: 15.5518798828
    barkbands_skewness:
        dmean: 0.323086440563
        dmean2: 0.482526868582
        dvar: 0.0923557281494
        dvar2: 0.203962594271
        max: 4.88235092163
        mean: 0.0865638777614
        median: -0.0598754435778
        min: -3.1885676384
        var: 0.764735400677
    barkbands_spread:
        dmean: 4.4117898941
        dmean2: 6.90026664734
        dvar: 19.9213104248
        dvar2: 50.0517120361
        max: 69.9814834595
        mean: 32.4599914551
        median: 33.5606079102
        min: 1.35617697239
        var: 125.158859253
    dissonance:
        dmean: 0.0134429847822
        dmean2: 0.0225561205298
        dvar: 0.000313211523462
        dvar2: 0.000817944062874
        max: 0.500000119209
        mean: 0.476678580046
        median: 0.484615147114
        min: 0.142861962318
        var: 0.000718007795513
    hfc:
        dmean: 1.78324663639
        dmean2: 2.76948642731
        dvar: 11.1709251404
        dvar2: 27.3915615082
        max: 86.2488861084
        mean: 6.95776033401
        median: 5.58343696594
        min: 1.09805433755e-016
        var: 40.5885314941
    pitch:
        dmean: 814.988342285
        dmean2: 1563.88220215
        dvar: 1634122
        dvar2: 4025894.25
        max: 5325.37060547
        mean: 1348.78051758
        median: 370.01965332
        min: 66.4113693237
        var: 2293064
    pitch_instantaneous_confidence:
        dmean: 0.0669185593724
        dmean2: 0.108450420201
        dvar: 0.00339124375023
        dvar2: 0.00865002907813
        max: 0.952686071396
        mean: 0.360403507948
        median: 0.324484795332
        min: 0.0956262350082
        var: 0.0207203719765
    pitch_salience:
        dmean: 0.0487506911159
        dmean2: 0.0762981846929
        dvar: 0.0019997684285
        dvar2: 0.00471126567572
        max: 0.976110994816
        mean: 0.637238502502
        median: 0.652704358101
        min: 0.21895840764
        var: 0.00860328506678
    silence_rate_20dB:
        dmean: 0
        dmean2: 0
        dvar: 0
        dvar2: 0
        max: 1
        mean: 1
        median: 1
        min: 1
        var: 0
    silence_rate_30dB:
        dmean: 0
        dmean2: 0
        dvar: 0
        dvar2: 0
        max: 1
        mean: 1
        median: 1
        min: 1
        var: 0
    silence_rate_60dB:
        dmean: 0.0518628433347
        dmean2: 0.103733792901
        dvar: 0.0491702519357
        dvar2: 0.107491798699
        max: 1
        mean: 0.489768832922
        median: 0
        min: 0
        var: 0.249909549952
    spectral_centroid:
        dmean: 232.024627686
        dmean2: 349.844726563
        dvar: 67249.28125
        dvar2: 138949.15625
        max: 11755.2890625
        mean: 1726.14697266
        median: 1761.66430664
        min: 170.27015686
        var: 825704.4375
    spectral_complexity:
        dmean: 2.97164726257
        dmean2: 4.62458992004
        dvar: 11.8206892014
        dvar2: 25.9283161163
        max: 46
        mean: 13.4251794815
        median: 12
        min: 0
        var: 101.635902405
    spectral_crest:
        dmean: 1.56062436104
        dmean2: 2.50287675858
        dvar: 2.12935233116
        dvar2: 5.27383852005
        max: 23.4494686127
        mean: 6.59372854233
        median: 5.80836486816
        min: 2.31827878952
        var: 8.34646892548
    spectral_decrease:
        dmean: 1.97901708909e-010
        dmean2: 3.05800690326e-010
        dvar: 9.70624522892e-020
        dvar2: 2.37434827756e-019
        max: 1.52184047162e-028
        mean: -8.34010194239e-010
        median: -7.16834369641e-010
        min: -5.04482322583e-009
        var: 4.34134629259e-019
    spectral_energy:
        dmean: 0.000876976293512
        dmean2: 0.00135441392194
        dvar: 1.98994416678e-006
        dvar2: 4.85654982185e-006
        max: 0.0247856844217
        mean: 0.00377883785404
        median: 0.00324669433758
        min: 1.0136452172e-020
        var: 9.09707523533e-006
    spectral_energyband_high:
        dmean: 0.00014747507521
        dmean2: 0.000241836460191
        dvar: 1.14785791538e-007
        dvar2: 2.82775943106e-007
        max: 0.00905445590615
        mean: 0.000361403537681
        median: 0.000278978841379
        min: 7.28466138409e-021
        var: 2.13863586396e-007
    spectral_energyband_low:
        dmean: 0.000278233434074
        dmean2: 0.000445135112386
        dvar: 2.6038304668e-007
        dvar2: 6.72162002502e-007
        max: 0.00815438386053
        mean: 0.000434733781731
        median: 0.00025868305238
        min: 1.57207482854e-023
        var: 3.70550139905e-007
    spectral_energyband_middle_high:
        dmean: 0.000494987529237
        dmean2: 0.000745220633689
        dvar: 6.11253994975e-007
        dvar2: 1.38700079333e-006
        max: 0.0154691608623
        mean: 0.00203891517594
        median: 0.00157034315635
        min: 1.19390960232e-021
        var: 3.5328564536e-006
    spectral_energyband_middle_low:
        dmean: 0.000411281303968
        dmean2: 0.000651929236483
        dvar: 5.21653419128e-007
        dvar2: 1.36792039029e-006
        max: 0.0143543351442
        mean: 0.00110114261042
        median: 0.000826202449389
        min: 1.70354828027e-022
        var: 1.1215554423e-006
    spectral_flatness_db:
        dmean: 0.0113822938874
        dmean2: 0.0176926050335
        dvar: 0.00012210936984
        dvar2: 0.000269769865554
        max: 0.47852987051
        mean: 0.156302899122
        median: 0.139744088054
        min: 0.0571532510221
        var: 0.00329533079639
    spectral_flux:
        dmean: 0.00525649916381
        dmean2: 0.00791862420738
        dvar: 4.87812612846e-005
        dvar2: 9.48509914451e-005
        max: 0.124349795282
        mean: 0.0319549702108
        median: 0.031306438148
        min: 6.4012052603e-011
        var: 0.000352138391463
    spectral_kurtosis:
        dmean: 1.68992269039
        dmean2: 2.93769407272
        dvar: 15.9203557968
        dvar2: 45.2964630127
        max: 141.288131714
        mean: 4.83625268936
        median: 3.096763134
        min: -1.25181424618
        var: 80.7222671509
    spectral_rms:
        dmean: 0.000191621875274
        dmean2: 0.000289434479782
        dvar: 6.24667748639e-008
        dvar2: 1.46461687223e-007
        max: 0.00491743395105
        mean: 0.00173433450982
        median: 0.00177974905819
        min: 3.14471322246e-012
        var: 6.78767719364e-007
    spectral_rolloff:
        dmean: 290.796020508
        dmean2: 461.235595703
        dvar: 167634.046875
        dvar2: 319380.21875
        max: 19379.8828125
        mean: 3311.40112305
        median: 3488.37890625
        min: 215.33203125
        var: 2258162
    spectral_skewness:
        dmean: 0.186889752746
        dmean2: 0.315871357918
        dvar: 0.0659194588661
        dvar2: 0.183614268899
        max: 8.97636508942
        mean: 1.29822897911
        median: 1.1619913578
        min: -0.0906306132674
        var: 0.676330447197
    spectral_spread:
        dmean: 314616.90625
        dmean2: 477638.71875
        dvar: 325667389440
        dvar2: 552993619968
        max: 42138220
        mean: 4130865.25
        median: 3803927
        min: 585718.4375
        var: 9.38266643661e+012
    spectral_strongpeak:
        dmean: 0.319371402264
        dmean2: 0.545446515083
        dvar: 0.325346678495
        dvar2: 0.847326099873
        max: 8.49966526031
        mean: 0.52430999279
        median: 0.265431463718
        min: 5.10534427234e-011
        var: 0.531202852726
    zerocrossingrate:
        dmean: 0.00701285991818
        dmean2: 0.00834246911108
        dvar: 6.01675237704e-005
        dvar2: 6.91737077432e-005
        max: 0.5244140625
        mean: 0.0978833064437
        median: 0.1015625
        min: 0.0068359375
        var: 0.0016756169498
    barkbands:
        dmean: [3.78317849936e-007, 4.69462756882e-005, 0.000162686104886, 0.000172389292857, 0.000137468552566, 0.000110963039333, 7.10241147317e-005, 5.55416954739e-005, 0.000107144442154, 0.000104546605144, 4.98242734466e-005, 3.92453184759e-005, 4.15042959503e-005, 5.38149397471e-005, 6.58813878545e-005, 8.89895891305e-005, 0.00012244284153, 0.000145759389852, 0.000193601270439, 0.000105103266833, 7.44416247471e-005, 2.97259721265e-005, 3.74750902665e-006, 1.50004666466e-006, 8.29377199807e-007, 2.4049290559e-008, 3.13586989709e-010]
        dmean2: [5.49029778085e-007, 7.9421675764e-005, 0.000261944544036, 0.000279726955341, 0.000223106966587, 0.000179476250196, 0.000113114438136, 8.951529162e-005, 0.000166498153703, 0.000158320894116, 7.89309342508e-005, 6.23237865511e-005, 6.61149388179e-005, 8.6620428192e-005, 0.000105014922156, 0.000145458543557, 0.000198192516109, 0.000235270999838, 0.000320204795571, 0.000174774351763, 0.000123164354591, 4.87813958898e-005, 6.12074518358e-006, 2.40280951402e-006, 1.26783379528e-006, 3.90216357005e-008, 5.33420696502e-010]
        dvar: [8.57492950344e-013, 1.3958034728e-008, 9.15832387705e-008, 1.37488925134e-007, 6.4107489095e-008, 8.04818043321e-008, 4.10428704356e-008, 1.64044831052e-008, 6.17371185285e-008, 3.56581075778e-008, 2.20529106087e-008, 1.12368940819e-008, 1.00601322828e-008, 1.37682585333e-008, 2.72557265646e-008, 5.81296575319e-008, 6.1582234423e-008, 1.02060965901e-007, 9.10014676947e-008, 4.09847764615e-008, 2.68832049954e-008, 1.00863006836e-008, 9.37022959224e-011, 2.53366425063e-011, 1.71500123131e-011, 1.00266508692e-014, 3.87425704622e-019]
        dvar2: [1.93366459997e-012, 3.89822147895e-008, 2.40424242293e-007, 3.75298441213e-007, 1.73425760863e-007, 1.99283192615e-007, 1.06607735972e-007, 4.2160838376e-008, 1.45148902675e-007, 8.1428261467e-008, 4.86447078174e-008, 2.74160925073e-008, 2.34835848545e-008, 3.31084599736e-008, 6.46313154107e-008, 1.60591028475e-007, 1.53955539872e-007, 2.49673860253e-007, 2.41919309474e-007, 1.0818762064e-007, 6.6955045952e-008, 2.19051816686e-008, 2.16563086908e-010, 5.42170822126e-011, 3.59053793642e-011, 2.45059032203e-014, 1.0177750198e-018]
        max: [1.07785836008e-005, 0.00154608371668, 0.00482597574592, 0.00766003318131, 0.00466910470277, 0.00753917871043, 0.005026740022, 0.0041890675202, 0.00609174882993, 0.00396056612954, 0.00435420172289, 0.00302638253197, 0.00296939304098, 0.00345085491426, 0.00339353783056, 0.00928678642958, 0.00578901357949, 0.00863162148744, 0.00568396877497, 0.00745635433123, 0.00495721539482, 0.00291652255692, 0.000292593758786, 0.000251924822805, 0.000167295816937, 3.13562532028e-006, 2.19325890782e-008]
        mean: [5.19265881849e-007, 6.04807792115e-005, 0.000234537073993, 0.000231735277339, 0.000256420782534, 0.000173288150108, 0.00011424699187, 9.49497698457e-005, 0.00020658991707, 0.000277081970125, 8.09767007013e-005, 6.76534764352e-005, 8.47278934089e-005, 9.88229294308e-005, 0.000123047575471, 0.00018347275909, 0.000257651350694, 0.000302537519019, 0.000455401954241, 0.000246239156695, 0.000164836092154, 5.21460497112e-005, 7.0843643698e-006, 2.89035301648e-006, 1.46177353599e-006, 3.75446589373e-008, 3.89835053127e-010]
        median: [9.79579866112e-008, 3.43802894349e-005, 0.000133488618303, 0.000117745599709, 0.000150379783008, 6.55579206068e-005, 4.44362158305e-005, 4.68053476652e-005, 7.1427115472e-005, 0.000100518867839, 3.13853925036e-005, 3.62532155123e-005, 3.47676468664e-005, 5.75557423872e-005, 6.53569877613e-005, 0.000104550636024, 0.000142599019455, 0.000156127629452, 0.000356398551958, 0.000186824880075, 0.000124777929159, 2.67549803539e-005, 3.79433299713e-006, 1.48399976752e-006, 4.03014098538e-007, 1.38654403514e-008, 1.56973309351e-010]
        min: [7.13449746986e-025, 1.43985377333e-024, 7.99195081687e-025, 1.08235463286e-024, 9.98398138866e-024, 1.08612041816e-023, 1.5792436809e-023, 7.0174936204e-024, 8.83843702514e-024, 1.30114843925e-023, 1.83624983066e-023, 1.0944083486e-023, 2.09011883836e-023, 4.14151722806e-023, 3.77983428489e-023, 4.18917673296e-023, 8.35475895179e-023, 1.00929483232e-022, 1.1554319461e-022, 1.69156377918e-022, 2.70528702419e-022, 3.12783374164e-022, 4.21193335059e-022, 5.44282369192e-022, 8.82362808647e-022, 1.26209424562e-021, 1.91851678969e-021]
        var: [1.26564297237e-012, 1.11468940744e-008, 1.20695332839e-007, 1.49290755758e-007, 1.19892561656e-007, 1.33727951379e-007, 5.51992407338e-008, 2.7274420944e-008, 1.54765672278e-007, 1.6438492878e-007, 4.89152576222e-008, 1.85850783652e-008, 3.05352152452e-008, 2.30223111686e-008, 4.83723248124e-008, 1.44854794826e-007, 1.45751712921e-007, 2.4650714181e-007, 1.91970997321e-007, 6.61451053929e-008, 4.66861855841e-008, 2.01081444828e-008, 1.86103868427e-010, 5.51640434721e-011, 3.62236074469e-011, 1.41430836091e-014, 5.29841028794e-019]
    frequency_bands:
        dmean: [3.78317849936e-007, 4.69462756882e-005, 0.000162686104886, 0.000172389292857, 0.000137468552566, 0.000110963039333, 7.10241147317e-005, 5.55416954739e-005, 0.000107144442154, 0.000104546605144, 4.98242734466e-005, 3.92453184759e-005, 4.15042959503e-005, 5.38149397471e-005, 6.58813878545e-005, 8.89895891305e-005, 0.00012244284153, 0.000145759389852, 0.000193601270439, 0.000105103266833, 7.44416247471e-005, 2.97259721265e-005, 3.74750902665e-006, 1.50004666466e-006, 8.29377199807e-007, 2.4049290559e-008, 3.13586989709e-010, 4.36260576275e-011]
        dmean2: [5.49029778085e-007, 7.9421675764e-005, 0.000261944544036, 0.000279726955341, 0.000223106966587, 0.000179476250196, 0.000113114438136, 8.951529162e-005, 0.000166498153703, 0.000158320894116, 7.89309342508e-005, 6.23237865511e-005, 6.61149388179e-005, 8.6620428192e-005, 0.000105014922156, 0.000145458543557, 0.000198192516109, 0.000235270999838, 0.000320204795571, 0.000174774351763, 0.000123164354591, 4.87813958898e-005, 6.12074518358e-006, 2.40280951402e-006, 1.26783379528e-006, 3.90216357005e-008, 5.33420696502e-010, 8.08230288252e-011]
        dvar: [8.57492950344e-013, 1.3958034728e-008, 9.15832387705e-008, 1.37488925134e-007, 6.4107489095e-008, 8.04818043321e-008, 4.10428704356e-008, 1.64044831052e-008, 6.17371185285e-008, 3.56581075778e-008, 2.20529106087e-008, 1.12368940819e-008, 1.00601322828e-008, 1.37682585333e-008, 2.72557265646e-008, 5.81296575319e-008, 6.1582234423e-008, 1.02060965901e-007, 9.10014676947e-008, 4.09847764615e-008, 2.68832049954e-008, 1.00863006836e-008, 9.37022959224e-011, 2.53366425063e-011, 1.71500123131e-011, 1.00266508692e-014, 3.87425704622e-019, 5.41677810492e-021]
        dvar2: [1.93366459997e-012, 3.89822147895e-008, 2.40424242293e-007, 3.75298441213e-007, 1.73425760863e-007, 1.99283192615e-007, 1.06607735972e-007, 4.2160838376e-008, 1.45148902675e-007, 8.1428261467e-008, 4.86447078174e-008, 2.74160925073e-008, 2.34835848545e-008, 3.31084599736e-008, 6.46313154107e-008, 1.60591028475e-007, 1.53955539872e-007, 2.49673860253e-007, 2.41919309474e-007, 1.0818762064e-007, 6.6955045952e-008, 2.19051816686e-008, 2.16563086908e-010, 5.42170822126e-011, 3.59053793642e-011, 2.45059032203e-014, 1.0177750198e-018, 1.72040949676e-020]
        max: [1.07785836008e-005, 0.00154608371668, 0.00482597574592, 0.00766003318131, 0.00466910470277, 0.00753917871043, 0.005026740022, 0.0041890675202, 0.00609174882993, 0.00396056612954, 0.00435420172289, 0.00302638253197, 0.00296939304098, 0.00345085491426, 0.00339353783056, 0.00928678642958, 0.00578901357949, 0.00863162148744, 0.00568396877497, 0.00745635433123, 0.00495721539482, 0.00291652255692, 0.000292593758786, 0.000251924822805, 0.000167295816937, 3.13562532028e-006, 2.19325890782e-008, 1.48162881963e-009]
        mean: [5.19265881849e-007, 6.04807792115e-005, 0.000234537073993, 0.000231735277339, 0.000256420782534, 0.000173288150108, 0.00011424699187, 9.49497698457e-005, 0.00020658991707, 0.000277081970125, 8.09767007013e-005, 6.76534764352e-005, 8.47278934089e-005, 9.88229294308e-005, 0.000123047575471, 0.00018347275909, 0.000257651350694, 0.000302537519019, 0.000455401954241, 0.000246239156695, 0.000164836092154, 5.21460497112e-005, 7.0843643698e-006, 2.89035301648e-006, 1.46177353599e-006, 3.75446589373e-008, 3.89835053127e-010, 3.45937271884e-011]
        median: [9.79579866112e-008, 3.43802894349e-005, 0.000133488618303, 0.000117745599709, 0.000150379783008, 6.55579206068e-005, 4.44362158305e-005, 4.68053476652e-005, 7.1427115472e-005, 0.000100518867839, 3.13853925036e-005, 3.62532155123e-005, 3.47676468664e-005, 5.75557423872e-005, 6.53569877613e-005, 0.000104550636024, 0.000142599019455, 0.000156127629452, 0.000356398551958, 0.000186824880075, 0.000124777929159, 2.67549803539e-005, 3.79433299713e-006, 1.48399976752e-006, 4.03014098538e-007, 1.38654403514e-008, 1.56973309351e-010, 9.51461132104e-012]
        min: [7.13449746986e-025, 1.43985377333e-024, 7.99195081687e-025, 1.08235463286e-024, 9.98398138866e-024, 1.08612041816e-023, 1.5792436809e-023, 7.0174936204e-024, 8.83843702514e-024, 1.30114843925e-023, 1.83624983066e-023, 1.0944083486e-023, 2.09011883836e-023, 4.14151722806e-023, 3.77983428489e-023, 4.18917673296e-023, 8.35475895179e-023, 1.00929483232e-022, 1.1554319461e-022, 1.69156377918e-022, 2.70528702419e-022, 3.12783374164e-022, 4.21193335059e-022, 5.44282369192e-022, 8.82362808647e-022, 1.26209424562e-021, 1.91851678969e-021, 4.90031155184e-022]
        var: [1.26564297237e-012, 1.11468940744e-008, 1.20695332839e-007, 1.49290755758e-007, 1.19892561656e-007, 1.33727951379e-007, 5.51992407338e-008, 2.7274420944e-008, 1.54765672278e-007, 1.6438492878e-007, 4.89152576222e-008, 1.85850783652e-008, 3.05352152452e-008, 2.30223111686e-008, 4.83723248124e-008, 1.44854794826e-007, 1.45751712921e-007, 2.4650714181e-007, 1.91970997321e-007, 6.61451053929e-008, 4.66861855841e-008, 2.01081444828e-008, 1.86103868427e-010, 5.51640434721e-011, 3.62236074469e-011, 1.41430836091e-014, 5.29841028794e-019, 4.4802093187e-021]
    mfcc:
        mean: [-738.620178223, 106.113838196, -52.786151886, 54.7476654053, -16.4465942383, -3.37988972664, 2.94797563553, -3.0430560112, 2.72922945023, -3.61842393875, -5.22621536255, -8.1327047348, -8.75385093689]
        cov: [[11096.6083984, 199.794113159, -1501.33312988, 1111.39941406, -645.902893066, 27.8966999054, -111.611557007, 377.859985352, 255.844711304, 178.640319824, 12.4430408478, -128.730331421, -236.722412109], [199.794113159, 590.363037109, -256.869384766, 170.946365356, -52.0181350708, -48.6647377014, 45.7749252319, -75.3079910278, 28.8529109955, -20.215675354, 7.72832775116, 13.1200771332, -0.464539647102], [-1501.33312988, -256.869384766, 810.628051758, -128.697479248, 273.603637695, 75.1481018066, -32.4758148193, 11.7569255829, -97.6925125122, -26.9220485687, -47.8591041565, 11.0689544678, 34.2327270508], [1111.39941406, 170.946365356, -128.697479248, 476.537017822, 27.0093955994, -1.51292157173, -1.02988064289, -16.4489440918, 47.9976806641, -11.7282934189, -13.0907335281, -12.179066658, -29.4319763184], [-645.902893066, -52.0181350708, 273.603637695, 27.0093955994, 232.121459961, 54.8340682983, -9.80355167389, -25.453496933, -43.1946563721, -23.7747745514, -22.7531528473, 12.060544014, 12.0231962204], [27.8966999054, -48.6647377014, 75.1481018066, -1.51292157173, 54.8340682983, 99.0066680908, 24.3000049591, 19.5871257782, -13.0566062927, 1.57281792164, 4.31420612335, 2.8009493351, -0.245034709573], [-111.611557007, 45.7749252319, -32.4758148193, -1.02988064289, -9.80355167389, 24.3000049591, 115.790664673, 23.7833194733, 18.8222007751, 8.18523311615, 6.9324259758, -0.419651299715, -9.84126472473], [377.859985352, -75.3079910278, 11.7569255829, -16.4489440918, -25.453496933, 19.5871257782, 23.7833194733, 120.979522705, 34.5338020325, 36.7203865051, -2.17962908745, -19.2983970642, -21.1004085541], [255.844711304, 28.8529109955, -97.6925125122, 47.9976806641, -43.1946563721, -13.0566062927, 18.8222007751, 34.5338020325, 83.3466873169, 37.7834968567, 10.4770565033, -16.3722057343, -15.6665782928], [178.640319824, -20.215675354, -26.9220485687, -11.7282934189, -23.7747745514, 1.57281792164, 8.18523311615, 36.7203865051, 37.7834968567, 72.1443099976, 15.6044740677, -11.8371391296, -15.1960163116], [12.4430408478, 7.72832775116, -47.8591041565, -13.0907335281, -22.7531528473, 4.31420612335, 6.9324259758, -2.17962908745, 10.4770565033, 15.6044740677, 53.2312011719, 17.8399219513, 2.81903600693], [-128.730331421, 13.1200771332, 11.0689544678, -12.179066658, 12.060544014, 2.8009493351, -0.419651299715, -19.2983970642, -16.3722057343, -11.8371391296, 17.8399219513, 56.5458488464, 29.6222763062], [-236.722412109, -0.464539647102, 34.2327270508, -29.4319763184, 12.0231962204, -0.245034709573, -9.84126472473, -21.1004085541, -15.6665782928, -15.1960163116, 2.81903600693, 29.6222763062, 57.2455177307]]
        icov: [[0.000277211685898, 7.30942992959e-005, 0.000394698814489, -0.000663423445076, 0.000553483201656, -0.000575032434426, 0.00063970813062, -0.000866806367412, 0.000535369385034, -0.000370523834135, 0.000336357508786, -0.00021737201314, 0.000385645806091], [7.30942992959e-005, 0.0025294108782, 0.000681024917867, -0.000850523472764, 3.34475225827e-005, 0.000701846962329, -0.00115703430492, 0.00122218159959, -9.11247771e-005, 3.14412609441e-005, 0.000344517000485, -0.000463195348857, -6.80631856085e-005], [0.000394698814489, 0.000681024917867, 0.00331402104348, -0.000470123806736, -0.0021348616574, -0.000677559175529, 0.00100525189191, -0.00215912447311, 0.00233223824762, -0.000956856703851, 0.00143824424595, 9.51120091486e-006, -0.000454817840364], [-0.000663423445076, -0.000850523472764, -0.000470123806736, 0.0044822441414, -0.00245480495505, 0.000808120705187, -0.000751838495489, 0.00218641571701, -0.00350231584162, 0.00205581774935, 6.74137627357e-005, 5.69548756175e-005, 0.000585447181948], [0.000553483201656, 3.34475225827e-005, -0.0021348616574, -0.00245480495505, 0.0102999098599, -0.00465305941179, 0.00145913893357, 0.000708991079591, 0.00108733086381, -0.000698592630215, 0.00256862933747, -0.00210964330472, 0.00170986086596], [-0.000575032434426, 0.000701846962329, -0.000677559175529, 0.000808120705187, -0.00465305941179, 0.0154480393976, -0.00470540719107, -0.000948902219534, 0.00206320593134, 0.000323581363773, -0.00394257763401, 0.00143069436308, -0.00156244216487], [0.00063970813062, -0.00115703430492, 0.00100525189191, -0.000751838495489, 0.00145913893357, -0.00470540719107, 0.0122315175831, -0.00380086130463, -0.00114393548574, 0.000206241806154, 0.000620069389697, -0.00179829448462, 0.00266512762755], [-0.000866806367412, 0.00122218159959, -0.00215912447311, 0.00218641571701, 0.000708991079591, -0.000948902219534, -0.00380086130463, 0.0160455014557, -0.00592466816306, -0.0023546279408, 0.00176914222538, 0.000504578347318, 0.0013539706124], [0.000535369385034, -9.11247771e-005, 0.00233223824762, -0.00350231584162, 0.00108733086381, 0.00206320593134, -0.00114393548574, -0.00592466816306, 0.0236557796597, -0.00924735236913, -0.00186540232971, 0.00396388955414, -0.00152228970546], [-0.000370523834135, 3.14412609441e-005, -0.000956856703851, 0.00205581774935, -0.000698592630215, 0.000323581363773, 0.000206241806154, -0.0023546279408, -0.00924735236913, 0.0227157361805, -0.00636668363586, 0.00206719664857, 0.0021559370216], [0.000336357508786, 0.000344517000485, 0.00143824424595, 6.74137627357e-005, 0.00256862933747, -0.00394257763401, 0.000620069389697, 0.00176914222538, -0.00186540232971, -0.00636668363586, 0.0272830333561, -0.0114594092593, 0.00315630692057], [-0.00021737201314, -0.000463195348857, 9.51120091486e-006, 5.69548756175e-005, -0.00210964330472, 0.00143069436308, -0.00179829448462, 0.000504578347318, 0.00396388955414, 0.00206719664857, -0.0114594092593, 0.0304283294827, -0.0141005786136], [0.000385645806091, -6.80631856085e-005, -0.000454817840364, 0.000585447181948, 0.00170986086596, -0.00156244216487, 0.00266512762755, 0.0013539706124, -0.00152228970546, 0.0021559370216, 0.00315630692057, -0.0141005786136, 0.0275239478797]]
    sccoeffs:
        dmean: [0.0479607135057, 0.0426599271595, 0.0337845869362, 0.0260847378522, 0.0174769442528, 0.0160031747073]
        dmean2: [0.0783759355545, 0.0698501244187, 0.0554261803627, 0.0434326976538, 0.0294827390462, 0.0254838056862]
        dvar: [0.00158758682664, 0.00127234100364, 0.000739970128052, 0.000465721182991, 0.000202340917895, 0.000222789967665]
        dvar2: [0.00422941055149, 0.0033874490764, 0.00197969330475, 0.00122978852596, 0.000541818153579, 0.000499611312989]
        max: [-0.375900566578, -0.46942165494, -0.426962792873, -0.533781826496, -0.636818885803, -0.556773245335]
        mean: [-0.667967915535, -0.763728141785, -0.773250639439, -0.797830998898, -0.813242137432, -0.713015794754]
        median: [-0.670469641685, -0.76921081543, -0.786574304104, -0.802917301655, -0.813726365566, -0.713450610638]
        min: [-0.978938400745, -0.97347921133, -0.978885114193, -0.974298655987, -0.968680024147, -0.965394854546]
        var: [0.00485088163987, 0.00410698540509, 0.00576145807281, 0.00260252249427, 0.00123653328046, 0.00408071326092]
    scvalleys:
        dmean: [0.361692011356, 0.312366753817, 0.263366699219, 0.221813574433, 0.178038984537, 0.206058353186]
        dmean2: [0.589256286621, 0.51709485054, 0.430923640728, 0.355407357216, 0.276162326336, 0.313924521208]
        dvar: [0.10017926991, 0.0793003737926, 0.05718800053, 0.0502524189651, 0.0455749444664, 0.0903663262725]
        dvar2: [0.239628389478, 0.186074003577, 0.127072989941, 0.102214053273, 0.082626119256, 0.176613733172]
        max: [-5.04058599472, -5.14079046249, -5.24294137955, -5.56555891037, -5.15894603729, -7.54319524765]
        mean: [-7.33368301392, -7.04984092712, -7.36764192581, -7.54442882538, -7.27420091629, -10.73990345]
        median: [-6.86357498169, -6.66400051117, -6.92751121521, -7.0740442276, -6.71940994263, -9.84655952454]
        min: [-28.130317688, -28.1665477753, -27.8720149994, -27.710943222, -27.543138504, -27.4455680847]
        var: [4.12702131271, 3.80244731903, 3.99155330658, 4.01928949356, 4.50709152222, 4.84701967239]

rhythm:
    beats_loudness:
        dmean: 0.00168588047381
        dmean2: 0.00296375993639
        dvar: 4.05442915508e-006
        dvar2: 1.20785052786e-005
        max: 0.0147943133488
        mean: 0.00443669967353
        median: 0.00403814343736
        min: 0
        var: 1.07574451249e-005
    bpm: 125.898696899
    bpm_confidence: 0
    first_peak_bpm: 126
    first_peak_spread: 0.118794351816
    first_peak_weight: 0.809446275234
    onset_rate: 2.58684396744
    second_peak_bpm: 112
    second_peak_spread: 0.185185208917
    second_peak_weight: 0.0358306206763
    beats_loudness_band_ratio:
        dmean: [0.0961900129914, 0.0692231059074, 0.0705725178123, 0.0836438387632, 0.0916758701205, 0.0683126300573]
        dmean2: [0.167097985744, 0.121685132384, 0.123000703752, 0.147749528289, 0.158551648259, 0.11845574528]
        dvar: [0.0075733428821, 0.00596615253016, 0.00662870891392, 0.00808216910809, 0.00892965495586, 0.00374646019191]
        dvar2: [0.0205539688468, 0.0176222883165, 0.018291214481, 0.0211906153709, 0.0256225913763, 0.0105542736128]
        max: [0.674997270107, 0.708567321301, 0.757138669491, 0.865952014923, 0.792792022228, 0.542799711227]
        mean: [0.173573210835, 0.128442361951, 0.115516416728, 0.158304512501, 0.238462865353, 0.214027568698]
        median: [0.144258588552, 0.0855134800076, 0.0882373377681, 0.108910903335, 0.2284373492, 0.217534512281]
        min: [0, 0, 0, 0, 0, 0]
        var: [0.0164395999163, 0.015402328223, 0.00829381216317, 0.019780497998, 0.0153250712901, 0.00787446089089]
    beats_position: [0.510838985443, 1.02167797089, 1.52090704441, 1.99691605568, 2.47292518616, 2.96054410934, 3.43655323982, 3.9125623703, 4.38857126236, 4.86458063126, 5.34058952332, 5.81659841537, 6.29260778427, 6.76861667633, 7.24462556839, 7.73224496841, 8.20825386047, 8.68426322937, 9.16027164459, 9.63628101349, 10.1122903824, 10.5882987976, 11.0526981354, 11.5287075043, 12.0047159195, 12.4807252884, 12.9567346573, 13.4327430725, 13.9087524414, 14.3847618103, 14.8607711792, 15.3367795944, 15.8127889633, 16.2887973785, 16.7648067474, 17.2408161163, 17.7168254852, 18.2044448853, 18.6804523468, 19.1680717468, 19.6440811157, 20.1200904846, 20.5960998535, 21.0721092224, 21.548116684, 22.0241260529, 22.4885253906, 22.9645347595, 23.4289340973, 23.9049434662, 24.3809528351, 24.8569602966, 25.3329696655, 25.8089790344, 26.2849884033, 26.7609977722, 27.2370071411, 27.7130146027, 28.1890239716, 28.6650333405, 29.1410427094, 29.6170520782, 30.0930614471, 30.5690689087, 31.0450782776, 31.5210876465, 31.9970970154, 32.4847145081, 32.960723877, 33.4367332458, 33.9127426147, 34.3887519836, 34.8647613525, 35.3407707214, 35.8167800903, 36.2927894592, 36.7687988281, 37.244808197, 37.7208137512, 38.1968231201, 38.672832489, 39.1488418579, 39.6248512268, 40.1008605957, 40.5768699646, 41.0528793335, 41.5288887024, 42.0048980713, 42.4809074402, 42.9569168091, 43.432926178, 43.9089317322, 44.3849411011, 44.86095047, 45.3369598389, 45.8129692078, 46.2889785767, 46.7649879456, 47.2409973145, 47.7170066833, 48.1930160522, 48.6690254211, 49.14503479, 49.6210403442, 50.0970497131, 50.573059082, 51.0490684509, 51.5250778198, 52.0126991272, 52.4887046814, 52.9647140503, 53.4407234192, 53.9167327881, 54.392742157, 54.8687515259, 55.3447608948, 55.8207702637, 56.2967796326, 56.7727890015, 57.2487983704, 57.7248077393, 58.2008171082, 58.6768226624, 59.1528320313, 59.6288414001, 60.104850769, 60.5808601379, 61.0568695068, 61.5328788757, 62.0088882446, 62.4848976135, 62.9609069824, 63.4369163513, 63.9129257202, 64.3889312744, 64.864944458, 65.3409500122, 65.8169631958, 66.29296875, 66.7689819336, 67.2333755493, 67.7093887329, 68.1970062256, 68.6730117798, 69.1490249634, 69.6250305176, 70.1010437012, 70.5770492554, 71.053062439, 71.5290679932, 72.0050811768, 72.481086731, 72.9570999146, 73.4331054688, 73.9091110229, 74.3851242065, 74.8611297607, 75.3371429443, 75.8131484985, 76.2891616821, 76.7651672363, 77.252784729, 77.7404098511, 78.2048034668, 78.6692047119, 79.1452102661, 79.6212234497, 80.0972290039, 80.5732421875, 81.0608596802, 81.5368728638, 82.012878418, 82.4888839722, 82.9532852173, 83.4292984009, 83.9053039551, 84.3813171387, 84.8573226929, 85.3333282471, 85.8093414307, 86.2853469849, 86.7613601685, 87.2373657227, 87.7133789063, 88.1893844604, 88.665397644, 89.1414031982, 89.6174163818, 90.093421936, 90.5694351196, 91.0454406738, 91.521446228, 91.9974594116, 92.4734649658, 92.9494781494, 93.4370956421, 93.9131011963, 94.3891143799, 94.8651199341, 95.3411331177, 95.8171386719, 96.2931518555, 96.7691574097, 97.2451705933, 97.7211761475, 98.1971893311, 98.6731948853, 99.1492080688, 99.6136016846, 100.089614868, 100.565620422, 101.053237915, 101.529251099, 102.005256653, 102.481269836, 102.957275391, 103.433288574, 103.909294128, 104.385307312, 104.861312866, 105.33732605, 105.813331604, 106.289337158, 106.765350342, 107.241355896, 107.71736908, 108.193374634, 108.669387817, 109.145393372, 109.621406555, 110.097412109, 110.573425293, 111.049430847, 111.525436401, 112.001449585, 112.489067078, 112.965080261, 113.441085815, 113.917098999, 114.393104553, 114.869110107, 115.345123291, 115.821128845, 116.297142029, 116.773147583, 117.249160767, 117.725166321, 118.201179504, 118.677185059, 119.153198242, 119.629203796, 120.10521698, 120.581222534, 121.057228088, 121.533241272, 122.009246826, 122.48526001, 122.961265564, 123.437278748, 123.913284302, 124.389297485, 124.86530304, 125.341316223, 125.817321777, 126.293327332, 126.769340515, 127.245346069, 127.732971191, 128.197372437, 128.673370361, 129.149383545, 129.625396729, 130.089797974, 130.554199219, 131.041809082, 131.529434204, 132.005432129, 132.481445313, 132.957458496, 133.43347168, 133.909469604, 134.385482788, 134.861495972, 135.337509155, 135.81350708, 136.289520264, 136.765533447, 137.241546631, 137.717544556, 138.193557739, 138.669570923, 139.145568848, 139.621582031, 140.097595215, 140.573608398, 141.049606323, 141.525619507, 142.00163269, 142.477645874, 142.94203186, 143.406433105, 143.882446289, 144.370071411, 144.846069336, 145.333694458, 145.809707642, 146.285705566, 146.76171875, 147.237731934, 147.713745117, 148.189743042, 148.665756226, 149.141769409, 149.629379272, 150.105392456, 150.58140564, 151.057418823, 151.533416748, 152.009429932, 152.485443115, 152.96144104, 153.437454224, 153.913467407, 154.389480591, 154.865478516, 155.341491699, 155.817504883, 156.293518066, 156.769515991, 157.245529175, 157.721542358, 158.197555542, 158.673553467, 159.14956665, 159.625579834, 160.101577759, 160.577590942, 161.053604126, 161.52961731, 162.005615234, 162.481628418, 162.957641602, 163.433654785, 163.90965271, 164.385665894, 164.861679077, 165.337677002, 165.813690186, 166.289703369, 166.765716553, 167.241714478, 167.717727661, 168.193740845, 168.669754028, 169.145751953, 169.621765137, 170.09777832, 170.573776245, 171.049789429, 171.525802612, 172.001815796, 172.477813721, 172.953826904, 173.429840088, 173.905853271, 174.381851196, 174.85786438, 175.333877563, 175.809890747, 176.285888672, 176.761901855, 177.237915039, 177.713912964, 178.189926147, 178.665939331, 179.141952515, 179.617950439, 180.093963623, 180.569976807, 181.04598999, 181.521987915, 181.998001099, 182.474014282, 182.950012207, 183.426025391, 183.902038574, 184.389663696, 184.865661621, 185.341674805, 185.817687988, 186.293685913, 186.769699097, 187.24571228, 187.721725464, 188.197723389, 188.673736572, 189.149749756, 189.625762939, 190.101760864, 190.577774048, 191.053787231, 191.529785156, 192.00579834, 192.481811523, 192.957824707, 193.433822632, 193.909835815, 194.385848999, 194.861862183, 195.337860107, 195.813873291, 196.289886475, 196.765899658, 197.241897583, 197.717910767, 198.19392395, 198.669921875, 199.145935059, 199.621948242, 200.097961426, 200.573959351, 201.049972534, 201.525985718, 202.001998901, 202.477996826, 202.95401001, 203.430023193, 203.906021118, 204.382034302, 204.858047485, 205.334060669, 205.810058594, 206.286071777, 206.762084961, 207.238098145, 207.714096069, 208.190109253, 208.666122437, 209.142120361, 209.618133545, 210.094146729, 210.570159912, 211.046157837, 211.522171021, 211.998184204, 212.474197388, 212.950195313, 213.426208496, 213.90222168, 214.378234863, 214.854232788, 215.330245972, 215.806259155, 216.28225708, 216.758270264, 217.234283447, 217.710296631, 218.174682617, 218.662307739, 219.138320923, 219.614334106, 220.10194397, 220.589569092, 221.065567017, 221.5415802, 222.029205322, 222.505218506, 222.969604492, 223.445617676, 223.921630859, 224.397644043, 224.873641968, 225.349655151, 225.825668335, 226.30166626, 226.777679443, 227.253692627, 227.741317749, 228.240539551, 228.739776611, 229.238998413, 229.738220215, 230.237457275, 230.725082397, 231.212692261, 231.700317383, 232.187927246, 232.675552368, 233.16317749, 233.650787354, 234.126800537, 234.6144104, 235.102035522, 235.578048706, 236.05406189, 236.530059814, 237.006072998, 237.482086182, 237.958084106, 238.43409729, 238.910110474, 239.386123657, 239.862121582, 240.338134766, 240.814147949, 241.290161133, 241.766159058, 242.242172241, 242.718185425, 243.19418335, 243.670196533, 244.146209717, 244.6222229, 245.098220825, 245.574234009, 246.050247192, 246.526260376, 247.002258301, 247.478271484, 247.954284668, 248.430297852, 248.917907715, 249.393920898, 249.869934082, 250.345932007, 250.82194519, 251.297958374, 251.773956299, 252.238357544, 252.714370728, 253.190383911, 253.677993774, 254.14239502, 254.618408203, 255.094421387, 255.58203125, 256.046447754, 256.52243042, 256.998443604, 257.462860107, 257.938873291, 258.414855957, 258.902496338, 259.378509521, 259.854522705, 260.330505371, 260.806518555, 261.294158936, 261.770141602, 262.246154785, 262.722167969, 263.198181152, 263.674194336, 264.15020752, 264.626220703, 265.102203369, 265.578216553, 266.054229736, 266.5418396, 267.02947998, 267.5519104, 268.074371338, 268.596832275, 269.072814941, 269.548828125, 270.024841309, 270.512481689, 271.000091553, 271.487701416, 271.975311279, 272.46295166, 272.950561523, 273.426574707, 273.902587891, 274.390197754, 274.982299805, 275.574401855, 276.178131104, 276.758636475, 277.339141846, 277.931243896, 278.523345947, 279.103851318, 279.684356689, 280.264862061, 280.845336914, 281.425842285, 282.006347656, 282.586853027, 283.167327881, 283.747833252, 284.281890869, 284.815948486, 285.350006104, 285.884063721, 286.418121338, 286.952209473, 287.48626709, 288.020324707, 288.554382324, 289.088439941, 289.622497559, 290.156555176, 290.690612793, 291.22467041, 291.758728027, 292.292785645, 292.826843262, 293.360900879, 293.894958496, 294.429016113, 294.96307373, 295.497131348, 296.042816162, 296.588470459]
