
metadata:
    version:
        essentia: "2.1-beta2"
    audio_properties:
        analysis_sample_rate: 44100
        bitrate: 284
        channels: 2
        equal_loudness: 1
        length: 257.985321045
        replay_gain: -14.549325943
        downmix: "mix"
    tags:
        album: "L'Armée des Ombres"
        artist: "Mass Hysteria"
        comment: ""
        date: "2012"
        genre: "Metal"
        title: "Soyez vous-même (Bonus)"
        tracknumber: "12/12"

configuration:
    average_loudness:
        compute: 1
        frameSize: 88200
        hopSize: 44100
        silentFrames: "noise"
        windowType: "hann"
    general:
        analysisSampleRate: 44100
        endTime: 2000
        equalLoudness: 1
        nequalLoudness: 0
        shortSound: 0
        startTime: 0
    lowlevel:
        compute: 1
        frameSize: 2048
        hopSize: 1024
        zeroPadding: 0
        silentFrames: "noise"
        windowType: "blackmanharris62"
        mfccStats: ["mean", "cov", "icov"]
        stats: ["mean", "var", "median", "min", "max", "dmean", "dmean2", "dvar", "dvar2"]
    panning:
        compute: 0
        frameSize: 8192
        hopSize: 2048
        zeroPadding: 8192
        silentFrames: "noise"
        windowType: "hann"
        stats: ["copy"]
    rhythm:
        compute: 1
        maxTempo: 208
        minTempo: 40
        method: "degara"
        stats: ["mean", "var", "median", "min", "max", "dmean", "dmean2", "dvar", "dvar2"]
    segmentation:
        compute: 0
        cpw: 5
        inc1: 300
        inc2: 50
        minimumSegmentsLength: 10
        size1: 1000
        size2: 600
    sfx:
        compute: 1
        stats: ["mean", "var", "median", "min", "max", "dmean", "dmean2", "dvar", "dvar2"]
    svm:
        compute: 0
    tonal:
        compute: 1
        frameSize: 4096
        hopSize: 2048
        zeroPadding: 0
        silentFrames: "noise"
        windowType: "blackmanharris62"
        stats: ["mean", "var", "median", "min", "max", "dmean", "dmean2", "dvar", "dvar2"]

lowlevel:
    average_loudness: 0.933936297894
    barkbands_kurtosis:
        dmean: 0.629103124142
        dmean2: 0.976854085922
        dvar: 1.50431442261
        dvar2: 3.2308139801
        max: 57.0494651794
        mean: -0.705783247948
        median: -1.31018733978
        min: -1.90620422363
        var: 6.59026765823
    barkbands_skewness:
        dmean: 0.407937288284
        dmean2: 0.605635166168
        dvar: 0.145620003343
        dvar2: 0.313160836697
        max: 7.32369089127
        mean: 0.0574093423784
        median: -0.0913960337639
        min: -2.63109087944
        var: 0.782258212566
    barkbands_spread:
        dmean: 5.2823472023
        dmean2: 8.40828609467
        dvar: 24.1205806732
        dvar2: 59.4303817749
        max: 68.2557220459
        mean: 37.7342185974
        median: 39.1295928955
        min: 2.44682240486
        var: 88.7690353394
    dissonance:
        dmean: 0.00976245384663
        dmean2: 0.0165944006294
        dvar: 9.19848753256e-005
        dvar2: 0.000249982171226
        max: 0.5
        mean: 0.481398820877
        median: 0.486096382141
        min: 0.280319601297
        var: 0.000347234861692
    hfc:
        dmean: 2.245834589
        dmean2: 3.37925004959
        dvar: 11.0118637085
        dvar2: 25.9670562744
        max: 54.5906677246
        mean: 7.77033472061
        median: 6.84967327118
        min: 1.08962973462e-016
        var: 34.5014724731
    pitch:
        dmean: 934.639526367
        dmean2: 1803.82702637
        dvar: 1960416.125
        dvar2: 4583880.5
        max: 5278.03710938
        mean: 2175.98535156
        median: 3464.6315918
        min: 67.7871398926
        var: 2782358.75
    pitch_instantaneous_confidence:
        dmean: 0.0733721926808
        dmean2: 0.122635036707
        dvar: 0.00366233289242
        dvar2: 0.00976419821382
        max: 0.950522303581
        mean: 0.35080203414
        median: 0.327086269855
        min: 0.10313397646
        var: 0.0178937930614
    pitch_salience:
        dmean: 0.0584833920002
        dmean2: 0.0912762880325
        dvar: 0.00320254848339
        dvar2: 0.00737774558365
        max: 0.931732177734
        mean: 0.64922362566
        median: 0.676251173019
        min: 0.0899024605751
        var: 0.0119676105678
    silence_rate_20dB:
        dmean: 0
        dmean2: 0
        dvar: 0
        dvar2: 0
        max: 1
        mean: 1
        median: 1
        min: 1
        var: 0
    silence_rate_30dB:
        dmean: 0
        dmean2: 0
        dvar: 0
        dvar2: 0
        max: 1
        mean: 1
        median: 1
        min: 1
        var: 0
    silence_rate_60dB:
        dmean: 0.0856808573008
        dmean2: 0.171377137303
        dvar: 0.0783366411924
        dvar2: 0.171728745103
        max: 1
        mean: 0.35007199645
        median: 0
        min: 0
        var: 0.227518469095
    spectral_centroid:
        dmean: 290.371795654
        dmean2: 438.632568359
        dvar: 85796.53125
        dvar2: 193264.796875
        max: 11366.6015625
        mean: 1767.7791748
        median: 1815.41650391
        min: 322.559631348
        var: 563556.1875
    spectral_complexity:
        dmean: 3.89487886429
        dmean2: 5.78541851044
        dvar: 15.8408069611
        dvar2: 31.7221508026
        max: 51
        mean: 15.3115549088
        median: 15
        min: 0
        var: 91.849319458
    spectral_crest:
        dmean: 1.64046871662
        dmean2: 2.6471247673
        dvar: 2.25800466537
        dvar2: 5.64121007919
        max: 23.1884880066
        mean: 6.43774414063
        median: 5.61468601227
        min: 2.44674897194
        var: 8.95217895508
    spectral_decrease:
        dmean: 2.76770523167e-010
        dmean2: 4.41475356272e-010
        dvar: 1.86785188832e-019
        dvar2: 4.87102519398e-019
        max: 1.6160000292e-028
        mean: -9.46339007157e-010
        median: -8.36036906371e-010
        min: -4.72601735524e-009
        var: 3.94639339949e-019
    spectral_energy:
        dmean: 0.00120665295981
        dmean2: 0.00191238743719
        dvar: 3.38120867127e-006
        dvar2: 8.64788944455e-006
        max: 0.0216465573758
        mean: 0.00427649309859
        median: 0.00381059106439
        min: 1.01734983928e-020
        var: 7.9734954852e-006
    spectral_energyband_high:
        dmean: 0.000176062356331
        dmean2: 0.000284626468783
        dvar: 1.06649189036e-007
        dvar2: 2.70405706715e-007
        max: 0.00732152024284
        mean: 0.000437050184701
        median: 0.000376477546524
        min: 7.05329557403e-021
        var: 1.78234984105e-007
    spectral_energyband_low:
        dmean: 0.000455790839624
        dmean2: 0.00071769830538
        dvar: 5.56763495752e-007
        dvar2: 1.40452539199e-006
        max: 0.00806049909443
        mean: 0.000734774628654
        median: 0.000433984969277
        min: 2.703691695e-023
        var: 9.02719250462e-007
    spectral_energyband_middle_high:
        dmean: 0.000586110400036
        dmean2: 0.000854822690599
        dvar: 6.82557129039e-007
        dvar2: 1.41830435041e-006
        max: 0.0178179275244
        mean: 0.00204151356593
        median: 0.00169343908783
        min: 1.31158907013e-021
        var: 2.85454757432e-006
    spectral_energyband_middle_low:
        dmean: 0.000602692947723
        dmean2: 0.00100620777812
        dvar: 1.33802188884e-006
        dvar2: 3.74318915419e-006
        max: 0.0122995534912
        mean: 0.00134471734054
        median: 0.00110324961133
        min: 1.94171573741e-022
        var: 1.42896442412e-006
    spectral_flatness_db:
        dmean: 0.0117098074406
        dmean2: 0.0180293601006
        dvar: 0.000125119811855
        dvar2: 0.000270138756605
        max: 0.456909537315
        mean: 0.141758531332
        median: 0.129886776209
        min: 0.0517183169723
        var: 0.00218508741818
    spectral_flux:
        dmean: 0.00698041403666
        dmean2: 0.0104207042605
        dvar: 7.83158830018e-005
        dvar2: 0.000137478215038
        max: 0.116114109755
        mean: 0.0372895784676
        median: 0.0353751406074
        min: 6.51119366757e-011
        var: 0.000318460020935
    spectral_kurtosis:
        dmean: 0.969104230404
        dmean2: 1.67343997955
        dvar: 1.59281361103
        dvar2: 4.77672624588
        max: 26.8079795837
        mean: 3.1932387352
        median: 2.85320544243
        min: -1.2513153553
        var: 3.64397025108
    spectral_rms:
        dmean: 0.000254694168689
        dmean2: 0.000392065907363
        dvar: 9.94884032934e-008
        dvar2: 2.44584214215e-007
        max: 0.00459549715742
        mean: 0.00191963312682
        median: 0.00192812085152
        min: 3.15045472349e-012
        var: 4.87195165988e-007
    spectral_rolloff:
        dmean: 338.568664551
        dmean2: 524.096191406
        dvar: 209253.046875
        dvar2: 410367.125
        max: 19724.4140625
        mean: 3451.59082031
        median: 3617.578125
        min: 150.732421875
        var: 1333257.125
    spectral_skewness:
        dmean: 0.140149340034
        dmean2: 0.233530730009
        dvar: 0.0195192974061
        dvar2: 0.0526380762458
        max: 3.02989959717
        mean: 1.15118503571
        median: 1.12050938606
        min: -0.0433137603104
        var: 0.0730954185128
    spectral_spread:
        dmean: 313045.03125
        dmean2: 468499.4375
        dvar: 305538007040
        dvar2: 598762848256
        max: 43027592
        mean: 4345894
        median: 4188598
        min: 1386799.625
        var: 4.83223299686e+012
    spectral_strongpeak:
        dmean: 0.306268572807
        dmean2: 0.535507082939
        dvar: 0.330908596516
        dvar2: 0.88780015707
        max: 7.11000108719
        mean: 0.411658793688
        median: 0.185296475887
        min: 1.5040502177e-010
        var: 0.391370296478
    zerocrossingrate:
        dmean: 0.00856269802898
        dmean2: 0.00963759981096
        dvar: 6.72402020427e-005
        dvar2: 7.1731825301e-005
        max: 0.521484375
        mean: 0.101956434548
        median: 0.10546875
        min: 0.01220703125
        var: 0.00107794452924
    barkbands:
        dmean: [4.81487575144e-007, 6.7651119025e-005, 0.00025292718783, 0.000325399800204, 0.000180650793482, 8.77651182236e-005, 0.000139373209095, 6.63969403831e-005, 6.54494506307e-005, 0.000109491797048, 3.27629495587e-005, 4.42250930064e-005, 4.01259858336e-005, 5.08145240019e-005, 7.08721345291e-005, 9.27382425289e-005, 0.000134053290822, 0.000150889987708, 0.000245105446083, 0.000140511023346, 8.33510130178e-005, 3.3535707189e-005, 4.55271492683e-006, 1.65593814927e-006, 7.46444698052e-007, 2.18391615903e-008, 3.31665445108e-010]
        dmean2: [7.42196959891e-007, 0.00011479906243, 0.000394139846321, 0.000557840394322, 0.000297740945825, 0.00014473767078, 0.000221999216592, 0.000107994957943, 0.000106696992589, 0.000175643712282, 5.39616194146e-005, 7.05401180312e-005, 6.39019563096e-005, 8.19884298835e-005, 0.000111411078251, 0.000145704339957, 0.000215309657506, 0.000238261229242, 0.000401520752348, 0.000225589727052, 0.000136682952871, 5.62287896173e-005, 7.58677788326e-006, 2.63970537162e-006, 1.11813494641e-006, 3.42186936564e-008, 5.71764136037e-010]
        dvar: [6.55391756491e-013, 1.77223142828e-008, 1.3932259435e-007, 6.43171233605e-007, 8.43987706389e-008, 3.86264744634e-008, 1.14426164544e-007, 1.35379174537e-008, 1.78746901724e-008, 6.09480892422e-008, 5.79786307853e-009, 1.17688037093e-008, 1.4848031249e-008, 1.2364179014e-008, 2.9149873626e-008, 2.94526625311e-008, 6.07077410564e-008, 8.6038802749e-008, 1.05627968594e-007, 4.19691552622e-008, 2.00891019375e-008, 1.17154757007e-008, 1.51092693912e-010, 3.33829942856e-011, 1.12115291009e-011, 7.01130124485e-015, 3.04176050576e-019]
        dvar2: [1.43911954836e-012, 4.93967462489e-008, 3.17673766403e-007, 1.86478621345e-006, 2.31860795452e-007, 9.51022229856e-008, 2.71072906344e-007, 3.22339737124e-008, 4.26077129134e-008, 1.45470664847e-007, 1.38456046628e-008, 2.84694898767e-008, 3.49853124249e-008, 3.01390947754e-008, 6.1632995596e-008, 6.50809539593e-008, 1.43636782468e-007, 1.94754434801e-007, 2.78660934327e-007, 1.06924275656e-007, 5.09885325073e-008, 2.76778582275e-008, 3.94571375573e-010, 7.24492410509e-011, 2.14016426109e-011, 1.53338679373e-014, 8.2216153909e-019]
        max: [8.63368586579e-006, 0.00164588808548, 0.00510363280773, 0.00849997159094, 0.00459635164589, 0.00663564680144, 0.00681944424286, 0.0024680797942, 0.00401651160792, 0.00535333389416, 0.00236594933085, 0.00283461902291, 0.00366269471124, 0.00386871211231, 0.00478283129632, 0.00488126743585, 0.00522040855139, 0.00898892618716, 0.00681371148676, 0.00361490459181, 0.00307254865766, 0.00379750598222, 0.000489077763632, 0.00022529134003, 0.000101456775155, 4.3246873247e-006, 7.59858043153e-009]
        mean: [6.9714832307e-007, 9.64267892414e-005, 0.00038864731323, 0.000370570487576, 0.000327585381456, 0.000136126938742, 0.000219007764827, 0.000143634038977, 0.000106971179775, 0.000172433035914, 5.23924863955e-005, 7.46114383219e-005, 6.17308396613e-005, 8.55492908158e-005, 0.000122877434478, 0.000184301490663, 0.000267148658168, 0.000310431816615, 0.000565793132409, 0.000325715256622, 0.000191934290342, 5.87698377785e-005, 8.43458565214e-006, 3.25098653775e-006, 1.41659222663e-006, 4.0380530919e-008, 4.31270213985e-010]
        median: [1.33419305826e-007, 6.36534387013e-005, 0.000219435751205, 0.000169534760062, 0.000222461720114, 7.82217175583e-005, 8.20282075438e-005, 5.07711083628e-005, 6.42134837108e-005, 8.13108854345e-005, 3.35905424436e-005, 4.14337482653e-005, 3.66152162314e-005, 5.02448019688e-005, 6.94065529387e-005, 0.000127093371702, 0.000175477238372, 0.000210029887967, 0.000498485635035, 0.000272533565294, 0.000164017634233, 3.69950357708e-005, 6.10845609117e-006, 2.14319970837e-006, 6.33777062831e-007, 2.03845793578e-008, 2.21850121607e-010]
        min: [1.19088946886e-024, 6.41930118483e-024, 8.18053393272e-025, 1.64575455541e-024, 6.35735430453e-024, 1.01856166026e-023, 1.55782642287e-023, 1.22707858121e-023, 2.53294527642e-023, 1.72017399716e-023, 1.2705583855e-023, 2.91024734997e-023, 3.04418204772e-023, 1.14937049668e-023, 5.52495332605e-023, 7.2389574843e-023, 4.81130178844e-023, 9.50031309718e-023, 1.18044161359e-022, 1.93681381885e-022, 3.05322643266e-022, 3.34069693908e-022, 4.55476523181e-022, 5.55699370058e-022, 8.53471263931e-022, 1.28338253436e-021, 1.87947834803e-021]
        var: [1.35413457791e-012, 1.5662541486e-008, 2.69746664117e-007, 4.84606175633e-007, 1.12473180991e-007, 5.21486676064e-008, 1.86187719464e-007, 5.67241400518e-008, 2.8245624506e-008, 1.05034132503e-007, 8.32573210374e-009, 1.9776051019e-008, 1.69255489624e-008, 1.82150579064e-008, 5.11254185653e-008, 6.31142995644e-008, 1.28677385192e-007, 1.79480593943e-007, 2.07764344395e-007, 7.99170578603e-008, 3.39329666588e-008, 1.8258454304e-008, 1.75077355391e-010, 5.91499696445e-011, 2.6592249236e-011, 1.17878034672e-014, 3.70200883287e-019]
    frequency_bands:
        dmean: [4.81487575144e-007, 6.7651119025e-005, 0.00025292718783, 0.000325399800204, 0.000180650793482, 8.77651182236e-005, 0.000139373209095, 6.63969403831e-005, 6.54494506307e-005, 0.000109491797048, 3.27629495587e-005, 4.42250930064e-005, 4.01259858336e-005, 5.08145240019e-005, 7.08721345291e-005, 9.27382425289e-005, 0.000134053290822, 0.000150889987708, 0.000245105446083, 0.000140511023346, 8.33510130178e-005, 3.3535707189e-005, 4.55271492683e-006, 1.65593814927e-006, 7.46444698052e-007, 2.18391615903e-008, 3.31665445108e-010, 5.02197658458e-011]
        dmean2: [7.42196959891e-007, 0.00011479906243, 0.000394139846321, 0.000557840394322, 0.000297740945825, 0.00014473767078, 0.000221999216592, 0.000107994957943, 0.000106696992589, 0.000175643712282, 5.39616194146e-005, 7.05401180312e-005, 6.39019563096e-005, 8.19884298835e-005, 0.000111411078251, 0.000145704339957, 0.000215309657506, 0.000238261229242, 0.000401520752348, 0.000225589727052, 0.000136682952871, 5.62287896173e-005, 7.58677788326e-006, 2.63970537162e-006, 1.11813494641e-006, 3.42186936564e-008, 5.71764136037e-010, 9.34626334659e-011]
        dvar: [6.55391756491e-013, 1.77223142828e-008, 1.3932259435e-007, 6.43171233605e-007, 8.43987706389e-008, 3.86264744634e-008, 1.14426164544e-007, 1.35379174537e-008, 1.78746901724e-008, 6.09480892422e-008, 5.79786307853e-009, 1.17688037093e-008, 1.4848031249e-008, 1.2364179014e-008, 2.9149873626e-008, 2.94526625311e-008, 6.07077410564e-008, 8.6038802749e-008, 1.05627968594e-007, 4.19691552622e-008, 2.00891019375e-008, 1.17154757007e-008, 1.51092693912e-010, 3.33829942856e-011, 1.12115291009e-011, 7.01130124485e-015, 3.04176050576e-019, 5.68321386879e-021]
        dvar2: [1.43911954836e-012, 4.93967462489e-008, 3.17673766403e-007, 1.86478621345e-006, 2.31860795452e-007, 9.51022229856e-008, 2.71072906344e-007, 3.22339737124e-008, 4.26077129134e-008, 1.45470664847e-007, 1.38456046628e-008, 2.84694898767e-008, 3.49853124249e-008, 3.01390947754e-008, 6.1632995596e-008, 6.50809539593e-008, 1.43636782468e-007, 1.94754434801e-007, 2.78660934327e-007, 1.06924275656e-007, 5.09885325073e-008, 2.76778582275e-008, 3.94571375573e-010, 7.24492410509e-011, 2.14016426109e-011, 1.53338679373e-014, 8.2216153909e-019, 1.84134459478e-020]
        max: [8.63368586579e-006, 0.00164588808548, 0.00510363280773, 0.00849997159094, 0.00459635164589, 0.00663564680144, 0.00681944424286, 0.0024680797942, 0.00401651160792, 0.00535333389416, 0.00236594933085, 0.00283461902291, 0.00366269471124, 0.00386871211231, 0.00478283129632, 0.00488126743585, 0.00522040855139, 0.00898892618716, 0.00681371148676, 0.00361490459181, 0.00307254865766, 0.00379750598222, 0.000489077763632, 0.00022529134003, 0.000101456775155, 4.3246873247e-006, 7.59858043153e-009, 1.27365518132e-009]
        mean: [6.9714832307e-007, 9.64267892414e-005, 0.00038864731323, 0.000370570487576, 0.000327585381456, 0.000136126938742, 0.000219007764827, 0.000143634038977, 0.000106971179775, 0.000172433035914, 5.23924863955e-005, 7.46114383219e-005, 6.17308396613e-005, 8.55492908158e-005, 0.000122877434478, 0.000184301490663, 0.000267148658168, 0.000310431816615, 0.000565793132409, 0.000325715256622, 0.000191934290342, 5.87698377785e-005, 8.43458565214e-006, 3.25098653775e-006, 1.41659222663e-006, 4.0380530919e-008, 4.31270213985e-010, 3.90428384067e-011]
        median: [1.33419305826e-007, 6.36534387013e-005, 0.000219435751205, 0.000169534760062, 0.000222461720114, 7.82217175583e-005, 8.20282075438e-005, 5.07711083628e-005, 6.42134837108e-005, 8.13108854345e-005, 3.35905424436e-005, 4.14337482653e-005, 3.66152162314e-005, 5.02448019688e-005, 6.94065529387e-005, 0.000127093371702, 0.000175477238372, 0.000210029887967, 0.000498485635035, 0.000272533565294, 0.000164017634233, 3.69950357708e-005, 6.10845609117e-006, 2.14319970837e-006, 6.33777062831e-007, 2.03845793578e-008, 2.21850121607e-010, 1.40600864285e-011]
        min: [1.19088946886e-024, 6.41930118483e-024, 8.18053393272e-025, 1.64575455541e-024, 6.35735430453e-024, 1.01856166026e-023, 1.55782642287e-023, 1.22707858121e-023, 2.53294527642e-023, 1.72017399716e-023, 1.2705583855e-023, 2.91024734997e-023, 3.04418204772e-023, 1.14937049668e-023, 5.52495332605e-023, 7.2389574843e-023, 4.81130178844e-023, 9.50031309718e-023, 1.18044161359e-022, 1.93681381885e-022, 3.05322643266e-022, 3.34069693908e-022, 4.55476523181e-022, 5.55699370058e-022, 8.53471263931e-022, 1.28338253436e-021, 1.87947834803e-021, 5.34927109945e-022]
        var: [1.35413457791e-012, 1.5662541486e-008, 2.69746664117e-007, 4.84606175633e-007, 1.12473180991e-007, 5.21486676064e-008, 1.86187719464e-007, 5.67241400518e-008, 2.8245624506e-008, 1.05034132503e-007, 8.32573210374e-009, 1.9776051019e-008, 1.69255489624e-008, 1.82150579064e-008, 5.11254185653e-008, 6.31142995644e-008, 1.28677385192e-007, 1.79480593943e-007, 2.07764344395e-007, 7.99170578603e-008, 3.39329666588e-008, 1.8258454304e-008, 1.75077355391e-010, 5.91499696445e-011, 2.6592249236e-011, 1.17878034672e-014, 3.70200883287e-019, 4.45993370017e-021]
    mfcc:
        mean: [-711.651855469, 101.595321655, -50.0761604309, 61.5555686951, -15.9230489731, -3.22093653679, 0.36767116189, -2.13611078262, 0.881711661816, -2.95190095901, -5.29980421066, -6.31001377106, -5.34411048889]
        cov: [[6426.41210938, 324.877563477, -173.018569946, 915.091552734, -45.6353645325, 359.815979004, 142.241119385, 315.380645752, 301.557952881, 248.718154907, 173.140563965, 145.884475708, 98.080406189], [324.877563477, 493.81539917, -155.027130127, 165.912017822, -11.151679039, 26.0728816986, 25.0637550354, -24.7354621887, 16.5505867004, -18.7237415314, 3.78554606438, -10.2583341599, -6.14738893509], [-173.018569946, -155.027130127, 333.321289063, 41.1530685425, 80.0104522705, 57.2794075012, 35.6986198425, 53.2391052246, 19.4337406158, 28.7624797821, 0.406362712383, 7.98513031006, 11.4627361298], [915.091552734, 165.912017822, 41.1530685425, 375.057434082, 58.304271698, 158.447662354, 69.5334854126, 63.095249176, 79.4670639038, 35.8987960815, 25.2997932434, 27.0758342743, 34.074962616], [-45.6353645325, -11.151679039, 80.0104522705, 58.304271698, 107.588943481, 62.5387001038, 30.8340911865, 23.8048152924, 20.2206878662, 13.1449460983, -2.32105278969, -4.21607208252, 0.625272035599], [359.815979004, 26.0728816986, 57.2794075012, 158.447662354, 62.5387001038, 156.752975464, 68.0292816162, 56.4381523132, 42.9221725464, 23.9872303009, 14.6947174072, 12.7708024979, 16.397687912], [142.241119385, 25.0637550354, 35.6986198425, 69.5334854126, 30.8340911865, 68.0292816162, 96.7164382935, 47.9051399231, 27.456697464, 11.830540657, 1.65327131748, 3.17797422409, -2.89049530029], [315.380645752, -24.7354621887, 53.2391052246, 63.095249176, 23.8048152924, 56.4381523132, 47.9051399231, 94.7255401611, 52.6515769958, 36.2395095825, 14.5348148346, 11.7168674469, 3.11694025993], [301.557952881, 16.5505867004, 19.4337406158, 79.4670639038, 20.2206878662, 42.9221725464, 27.456697464, 52.6515769958, 85.9870758057, 50.2077407837, 25.5541973114, 13.8649015427, 5.34951162338], [248.718154907, -18.7237415314, 28.7624797821, 35.8987960815, 13.1449460983, 23.9872303009, 11.830540657, 36.2395095825, 50.2077407837, 76.6686477661, 35.4076461792, 21.4754886627, 8.0108165741], [173.140563965, 3.78554606438, 0.406362712383, 25.2997932434, -2.32105278969, 14.6947174072, 1.65327131748, 14.5348148346, 25.5541973114, 35.4076461792, 60.8603134155, 37.062828064, 18.3023700714], [145.884475708, -10.2583341599, 7.98513031006, 27.0758342743, -4.21607208252, 12.7708024979, 3.17797422409, 11.7168674469, 13.8649015427, 21.4754886627, 37.062828064, 57.9164581299, 32.5767822266], [98.080406189, -6.14738893509, 11.4627361298, 34.074962616, 0.625272035599, 16.397687912, -2.89049530029, 3.11694025993, 5.34951162338, 8.0108165741, 18.3023700714, 32.5767822266, 53.0377426147]]
        icov: [[0.000343929161318, 0.000116815332149, 0.000368444074411, -0.000899141014088, 0.000514984945767, -8.01342866907e-006, 0.000249421223998, -0.000847127463203, 0.0002465225989, -0.000622334482614, -0.000113350179163, -9.07031790121e-005, 9.9307319033e-005], [0.000116815332149, 0.00342154642567, 0.00164559413679, -0.00248046219349, -5.87086033192e-005, 0.00115329097025, -0.00122111174278, 0.00108415342402, -0.000229447919992, 0.000640889222268, -0.00111167621799, 0.00101374078076, 0.000619686150458], [0.000368444074411, 0.00164559413679, 0.0051131718792, -0.00174697558396, -0.00230815564282, 0.000539357075468, -0.000340087688528, -0.00235169101506, 0.00154831679538, -0.00162030372303, 0.000358056189725, -2.94473684335e-005, -0.000510099693201], [-0.000899141014088, -0.00248046219349, -0.00174697558396, 0.00911342352629, -0.00104804546572, -0.00548783363774, -1.83570773515e-005, 0.00228336034343, -0.00414978386834, 0.00205010571517, 0.00149162299931, -0.000904702115804, -0.00237855943851], [0.000514984945767, -5.87086033192e-005, -0.00230815564282, -0.00104804546572, 0.0152447931468, -0.00521069811657, -9.9648401374e-005, 0.000539545726497, -0.00114831107203, -0.00180683797225, 0.00111683027353, 0.00149724120274, 0.000690861837938], [-8.01342866907e-006, 0.00115329097025, 0.000539357075468, -0.00548783363774, -0.00521069811657, 0.0171911790967, -0.00608467496932, -0.00293892156333, 0.00148918293417, 0.000452351960121, -0.0026246313937, 0.00196506083012, -0.00237457989715], [0.000249421223998, -0.00122111174278, -0.000340087688528, -1.83570773515e-005, -9.9648401374e-005, -0.00608467496932, 0.0182302221656, -0.00697419699281, 9.62993799476e-005, 0.000792743521743, 0.00208282284439, -0.0027102837339, 0.00358479353599], [-0.000847127463203, 0.00108415342402, -0.00235169101506, 0.00228336034343, 0.000539545726497, -0.00293892156333, -0.00697419699281, 0.0243523679674, -0.0101165529341, -0.00064045592444, 0.00155387294944, -0.00127898389474, 0.00119099940639], [0.0002465225989, -0.000229447919992, 0.00154831679538, -0.00414978386834, -0.00114831107203, 0.00148918293417, 9.62993799476e-005, -0.0101165529341, 0.0277580711991, -0.0125300092623, -0.00281343981624, 0.00203805044293, 0.000813743157778], [-0.000622334482614, 0.000640889222268, -0.00162030372303, 0.00205010571517, -0.00180683797225, 0.000452351960121, 0.000792743521743, -0.00064045592444, -0.0125300092623, 0.0282290074974, -0.0101701514795, -0.000869793642778, 0.0012643703958], [-0.000113350179163, -0.00111167621799, 0.000358056189725, 0.00149162299931, 0.00111683027353, -0.0026246313937, 0.00208282284439, 0.00155387294944, -0.00281343981624, -0.0101701514795, 0.0346661545336, -0.0189230963588, 0.00134567182977], [-9.07031790121e-005, 0.00101374078076, -2.94473684335e-005, -0.000904702115804, 0.00149724120274, 0.00196506083012, -0.0027102837339, -0.00127898389474, 0.00203805044293, -0.000869793642778, -0.0189230963588, 0.0403334908187, -0.0181426554918], [9.9307319033e-005, 0.000619686150458, -0.000510099693201, -0.00237855943851, 0.000690861837938, -0.00237457989715, 0.00358479353599, 0.00119099940639, 0.000813743157778, 0.0012643703958, 0.00134567182977, -0.0181426554918, 0.0316385924816]]
    sccoeffs:
        dmean: [0.0521635971963, 0.044981751591, 0.0359889231622, 0.0273988824338, 0.0180633142591, 0.0156567487866]
        dmean2: [0.0850019231439, 0.0747042968869, 0.0595626756549, 0.0458592288196, 0.0304749198258, 0.0248027984053]
        dvar: [0.00208364636637, 0.0013158560032, 0.000828730349895, 0.000492111139465, 0.000208126031794, 0.000190541933989]
        dvar2: [0.00578927714378, 0.00359425041825, 0.00222637993284, 0.00127792113926, 0.000573265191633, 0.000443148164777]
        max: [-0.231876939535, -0.442683517933, -0.525393784046, -0.607571125031, -0.606216490269, -0.581710219383]
        mean: [-0.648822247982, -0.758594572544, -0.796645462513, -0.807694673538, -0.808001220226, -0.721402168274]
        median: [-0.661390900612, -0.765334248543, -0.80421346426, -0.813377082348, -0.811311244965, -0.71806871891]
        min: [-0.977442681789, -0.970385432243, -0.970942258835, -0.970460832119, -0.966138780117, -0.963773131371]
        var: [0.00787002686411, 0.00424545817077, 0.00267323083244, 0.00163301057182, 0.000955319206696, 0.00139335100539]
    scvalleys:
        dmean: [0.363989979029, 0.331744581461, 0.271510660648, 0.236530557275, 0.187264755368, 0.214012786746]
        dmean2: [0.60841780901, 0.549607217312, 0.440522670746, 0.372646272182, 0.275927096605, 0.314680635929]
        dvar: [0.0923892781138, 0.0781031027436, 0.0573103353381, 0.0486319027841, 0.0429960303009, 0.0851438343525]
        dvar2: [0.239299193025, 0.197523236275, 0.131978079677, 0.0986296236515, 0.0790759623051, 0.1734008044]
        max: [-5.27417516708, -4.95906162262, -5.27515888214, -5.71784496307, -5.53277301788, -7.42937278748]
        mean: [-7.01831483841, -6.80753993988, -7.08235836029, -7.24420261383, -6.90450763702, -10.0571603775]
        median: [-6.56185436249, -6.55084705353, -6.80732154846, -6.97354793549, -6.55024433136, -9.65315914154]
        min: [-28.1457252502, -27.9528923035, -27.6319961548, -27.6499900818, -27.4367198944, -27.4215984344]
        var: [3.94326090813, 2.64896416664, 2.52002835274, 2.47166395187, 2.65999269485, 2.54080247879]

rhythm:
    beats_loudness:
        dmean: 0.00201205327176
        dmean2: 0.00359650049359
        dvar: 3.79347625312e-006
        dvar2: 1.11037734314e-005
        max: 0.0207980331033
        mean: 0.00550019694492
        median: 0.0055034654215
        min: 1.75846446779e-012
        var: 7.9979054135e-006
    bpm: 135.961242676
    bpm_confidence: 0
    first_peak_bpm: 136
    first_peak_spread: 0.144404307008
    first_peak_weight: 0.818652868271
    onset_rate: 3.19398021698
    second_peak_bpm: 129
    second_peak_spread: 0.307692289352
    second_peak_weight: 0.0155440410599
    beats_loudness_band_ratio:
        dmean: [0.128384321928, 0.0655356645584, 0.0708419010043, 0.0446728505194, 0.0931988060474, 0.0867069661617]
        dmean2: [0.22479377687, 0.1149013713, 0.126007258892, 0.0773608610034, 0.162584260106, 0.148990646005]
        dvar: [0.0115684829652, 0.00507647311315, 0.00571774039418, 0.00284757558256, 0.00683683808893, 0.00513947755098]
        dvar2: [0.035018324852, 0.011787975207, 0.0162046235055, 0.00772029953077, 0.0200898330659, 0.0143317235634]
        max: [0.717925131321, 0.962763726711, 0.600111663342, 0.412863969803, 0.734393298626, 0.642963588238]
        mean: [0.216108724475, 0.120765410364, 0.117501817644, 0.0839135944843, 0.235271692276, 0.261121600866]
        median: [0.200877815485, 0.0809272229671, 0.0949497073889, 0.0670969039202, 0.222802653909, 0.257509082556]
        min: [0, 0, 0, 0, 0, 0]
        var: [0.0176628027111, 0.019917562604, 0.00756678171456, 0.00350453192368, 0.00901797413826, 0.0107656829059]
    beats_position: [0.452789098024, 0.905578196049, 1.35836732388, 1.8111563921, 2.2523355484, 2.69351458549, 3.13469386101, 3.58748292923, 4.04027223587, 4.5046710968, 4.98067998886, 5.45668935776, 5.93269824982, 6.39709758759, 6.84988641739, 7.2910656929, 7.73224496841, 8.18503379822, 8.62621307373, 9.06739234924, 9.50857162476, 9.94974994659, 10.3909292221, 10.8321084976, 11.2732877731, 11.7144670486, 12.1556463242, 12.5968255997, 13.0380039215, 13.479183197, 13.9203624725, 14.361541748, 14.8027210236, 15.2439002991, 15.6850786209, 16.1378688812, 16.5790481567, 17.0202255249, 17.4614048004, 17.9025840759, 18.3437633514, 18.784942627, 19.2261219025, 19.667301178, 20.1084804535, 20.549659729, 20.9908390045, 21.43201828, 21.8731975555, 22.3143768311, 22.7555541992, 23.1967334747, 23.6379127502, 24.0790920258, 24.5202713013, 24.9614505768, 25.4026298523, 25.8321990967, 26.2617683411, 26.7029476166, 27.1441268921, 27.5853061676, 28.0264854431, 28.4676647186, 28.9088420868, 29.3500213623, 29.7912006378, 30.2323799133, 30.6735591888, 31.1147384644, 31.5559177399, 31.9970970154, 32.4382743835, 32.8794555664, 33.3206329346, 33.7618141174, 34.2029914856, 34.6441726685, 35.0853500366, 35.5265312195, 35.9793205261, 36.4321098328, 36.8732872009, 37.3144645691, 37.755645752, 38.1852149963, 38.6263923645, 39.0791816711, 39.520362854, 39.9615402222, 40.3911094666, 40.8206787109, 41.2618598938, 41.703037262, 42.1442184448, 42.585395813, 43.0381851196, 43.4909744263, 43.9321517944, 44.3733329773, 44.8145103455, 45.2556915283, 45.6968688965, 46.1380500793, 46.5792274475, 47.0204086304, 47.4499778748, 47.8795471191, 48.3323364258, 48.7851219177, 49.2263031006, 49.6674804688, 50.1086616516, 50.5498390198, 50.9910202026, 51.4321975708, 51.8733787537, 52.3145561218, 52.7557373047, 53.1969146729, 53.6264839172, 54.0560531616, 54.4972343445, 54.9384117126, 55.3795890808, 55.8207702637, 56.2619476318, 56.7147369385, 57.1675262451, 57.608707428, 58.0498847961, 58.491065979, 58.9322433472, 59.37342453, 59.8146018982, 60.2557830811, 60.6969604492, 61.1381378174, 61.5677070618, 61.9972763062, 62.438457489, 62.8796348572, 63.32081604, 63.7736053467, 64.2263946533, 64.6675720215, 65.1087493896, 65.5499343872, 65.9911117554, 66.4322891235, 66.8734664917, 67.3146438599, 67.7558288574, 68.1970062256, 68.6381835938, 69.0793609619, 69.508934021, 69.9501113892, 70.3912887573, 70.8324737549, 71.273651123, 71.7032165527, 72.1444015503, 72.5855789185, 73.0267562866, 73.4679336548, 73.9207229614, 74.3619003296, 74.8030853271, 75.2442626953, 75.6854400635, 76.1266174316, 76.5561904907, 76.9973678589, 77.4385452271, 77.8797302246, 78.3209075928, 78.7620849609, 79.2148742676, 79.6676635742, 80.1088409424, 80.5500183105, 80.9912033081, 81.4323806763, 81.8735580444, 82.3147354126, 82.7559204102, 83.1970977783, 83.6382751465, 84.0794525146, 84.5206298828, 84.9618148804, 85.4029922485, 85.8441696167, 86.2853469849, 86.7265319824, 87.1677093506, 87.5972747803, 88.0384597778, 88.479637146, 88.9324264526, 89.3736038208, 89.814781189, 90.2559585571, 90.6971435547, 91.1383209229, 91.579498291, 92.0206756592, 92.4618606567, 92.9030380249, 93.3442153931, 93.7853927612, 94.2265777588, 94.667755127, 95.0973205566, 95.5384979248, 95.9680709839, 96.4092483521, 96.8504257202, 97.2916107178, 97.7327880859, 98.1739654541, 98.6151428223, 99.0679321289, 99.5207214355, 99.9619064331, 100.403083801, 100.844261169, 101.285438538, 101.726615906, 102.167800903, 102.608978271, 103.05015564, 103.479728699, 103.909294128, 104.350471497, 104.791656494, 105.232833862, 105.67401123, 106.115188599, 106.556373596, 106.997550964, 107.438728333, 107.879905701, 108.321083069, 108.762268066, 109.203445435, 109.644622803, 110.097412109, 110.538589478, 110.979774475, 111.432563782, 111.87374115, 112.314918518, 112.756095886, 113.197273254, 113.638458252, 114.07963562, 114.50920105, 114.950386047, 115.391563416, 115.821128845, 116.262313843, 116.703491211, 117.144668579, 117.585845947, 118.027030945, 118.468208313, 118.909385681, 119.350563049, 119.791740417, 120.244529724, 120.697319031, 121.138504028, 121.579681396, 122.020858765, 122.462036133, 122.90322113, 123.344398499, 123.785575867, 124.226753235, 124.667930603, 125.109115601, 125.550292969, 125.991470337, 126.432647705, 126.862220764, 127.303398132, 127.7445755, 128.185760498, 128.626937866, 129.068115234, 129.509292603, 129.962081909, 130.403259277, 130.844436646, 131.285614014, 131.726806641, 132.167984009, 132.609161377, 133.050338745, 133.491516113, 133.932693481, 134.37387085, 134.815048218, 135.256240845, 135.697418213, 136.138595581, 136.579772949, 137.020950317, 137.462127686, 137.903305054, 138.344482422, 138.78565979, 139.226852417, 139.668029785, 140.109207153, 140.550384521, 140.99156189, 141.432739258, 141.873916626, 142.315093994, 142.756271362, 143.197463989, 143.638641357, 144.079818726, 144.520996094, 144.962173462, 145.40335083, 145.844528198, 146.274108887, 146.703674316, 147.144851685, 147.586029053, 148.027206421, 148.479995728, 148.932785034, 149.373962402, 149.815139771, 150.256317139, 150.697509766, 151.138687134, 151.579864502, 152.02104187, 152.4506073, 152.891784668, 153.332962036, 153.785751343, 154.226928711, 154.668121338, 155.109298706, 155.550476074, 155.991653442, 156.432830811, 156.874008179, 157.315185547, 157.756362915, 158.197555542, 158.63873291, 159.079910278, 159.521087646, 159.962265015, 160.403442383, 160.844619751, 161.285797119, 161.726974487, 162.168167114, 162.609344482, 163.050521851, 163.491699219, 163.932876587, 164.374053955, 164.815231323, 165.256408691, 165.69758606, 166.138778687, 166.579956055, 167.009521484, 167.439086914, 167.880264282, 168.32144165, 168.762634277, 169.203811646, 169.644989014, 170.086166382, 170.52734375, 170.968521118, 171.409698486, 171.850875854, 172.292053223, 172.73324585, 173.174423218, 173.615600586, 174.056777954, 174.497955322, 174.93913269, 175.380310059, 175.821487427, 176.262680054, 176.703857422, 177.156646729, 177.597824097, 178.039001465, 178.468566895, 178.909744263, 179.350921631, 179.792098999, 180.244888306, 180.697677612, 181.150466919, 181.591659546, 182.021224976, 182.462402344, 182.903579712, 183.34475708, 183.785934448, 184.227111816, 184.668289185, 185.097869873, 185.539047241, 185.980224609, 186.433013916, 186.874191284, 187.315368652, 187.756546021, 188.197723389, 188.638900757, 189.068481445, 189.509658813, 189.950836182, 190.39201355, 190.844802856, 191.285980225, 191.727157593, 192.168334961, 192.609527588, 193.050704956, 193.491882324, 193.933059692, 194.374237061, 194.815414429, 195.256591797, 195.697769165, 196.138946533, 196.58013916, 197.021316528, 197.462493896, 197.903671265, 198.344848633, 198.786026001, 199.227203369, 199.668380737, 200.109558105, 200.550750732, 200.991928101, 201.433105469, 201.874282837, 202.315460205, 202.745025635, 203.174606323, 203.615783691, 204.05696106, 204.498138428, 204.939315796, 205.380493164, 205.821670532, 206.2628479, 206.715637207, 207.168426514, 207.609603882, 208.050796509, 208.491973877, 208.933151245, 209.362716675, 209.803894043, 210.25668335, 210.697860718, 211.139038086, 211.580215454, 212.021408081, 212.462585449, 212.903762817, 213.344940186, 213.786117554, 214.227294922, 214.66847229, 215.109649658, 215.550842285, 215.992019653, 216.433197021, 216.862762451, 217.292327881, 217.733505249, 218.174682617, 218.615875244, 219.068664551, 219.521453857, 219.962631226, 220.403808594, 220.844985962, 221.28616333, 221.727340698, 222.168518066, 222.609695435, 223.050872803, 223.49206543, 223.933242798, 224.374420166, 224.815597534, 225.256774902, 225.697952271, 226.139129639, 226.580307007, 227.021499634, 227.462677002, 227.90385437, 228.345031738, 228.786209106, 229.227386475, 229.668563843, 230.109741211, 230.550918579, 230.992111206, 231.433288574, 231.874465942, 232.315643311, 232.756820679, 233.197998047, 233.639175415, 234.080352783, 234.521530151, 234.962722778, 235.403900146, 235.845077515, 236.286254883, 236.727432251, 237.168609619, 237.609786987, 238.050964355, 238.492156982, 238.933334351, 239.374511719, 239.815689087, 240.256866455, 240.698043823, 241.139221191, 241.58039856, 242.021575928, 242.462768555, 242.903945923, 243.345123291, 243.786300659, 244.227478027, 244.668655396, 245.109832764, 245.551010132, 245.9921875, 246.433380127, 246.874557495, 247.315734863, 247.780136108, 248.244537354, 248.70892334, 249.173324585, 249.649337769, 250.113739014, 250.578140259, 251.042541504, 251.564987183, 252.087432861, 252.60987854, 253.143936157, 253.677993774, 254.200454712, 254.722900391, 255.245346069, 255.779403687, 256.301849365, 256.835906982, 257.3699646]
