
metadata:
    version:
        essentia: "2.1-beta2"
    audio_properties:
        analysis_sample_rate: 44100
        bitrate: 128
        channels: 2
        equal_loudness: 1
        length: 249.495513916
        replay_gain: -16.4043083191
        downmix: "mix"
    tags:
        album: "Contraddiction"
        artist: "Mass Hysteria"
        comment: ""
        date: "1999"
        genre: "Metal"
        title: "Contradiction"
        tracknumber: "1"

configuration:
    average_loudness:
        compute: 1
        frameSize: 88200
        hopSize: 44100
        silentFrames: "noise"
        windowType: "hann"
    general:
        analysisSampleRate: 44100
        endTime: 2000
        equalLoudness: 1
        nequalLoudness: 0
        shortSound: 0
        startTime: 0
    lowlevel:
        compute: 1
        frameSize: 2048
        hopSize: 1024
        zeroPadding: 0
        silentFrames: "noise"
        windowType: "blackmanharris62"
        mfccStats: ["mean", "cov", "icov"]
        stats: ["mean", "var", "median", "min", "max", "dmean", "dmean2", "dvar", "dvar2"]
    panning:
        compute: 0
        frameSize: 8192
        hopSize: 2048
        zeroPadding: 8192
        silentFrames: "noise"
        windowType: "hann"
        stats: ["copy"]
    rhythm:
        compute: 1
        maxTempo: 208
        minTempo: 40
        method: "degara"
        stats: ["mean", "var", "median", "min", "max", "dmean", "dmean2", "dvar", "dvar2"]
    segmentation:
        compute: 0
        cpw: 5
        inc1: 300
        inc2: 50
        minimumSegmentsLength: 10
        size1: 1000
        size2: 600
    sfx:
        compute: 1
        stats: ["mean", "var", "median", "min", "max", "dmean", "dmean2", "dvar", "dvar2"]
    svm:
        compute: 0
    tonal:
        compute: 1
        frameSize: 4096
        hopSize: 2048
        zeroPadding: 0
        silentFrames: "noise"
        windowType: "blackmanharris62"
        stats: ["mean", "var", "median", "min", "max", "dmean", "dmean2", "dvar", "dvar2"]

lowlevel:
    average_loudness: 0.752522706985
    barkbands_kurtosis:
        dmean: 1.83379602432
        dmean2: 2.95456504822
        dvar: 25.2602291107
        dvar2: 60.6859283447
        max: 172.910934448
        mean: 0.757670760155
        median: -0.73755300045
        min: -1.92666184902
        var: 49.125202179
    barkbands_skewness:
        dmean: 0.56521499157
        dmean2: 0.859449744225
        dvar: 0.348705351353
        dvar2: 0.758991599083
        max: 11.009552002
        mean: -0.385586023331
        median: -0.621334969997
        min: -5.82541465759
        var: 1.6889282465
    barkbands_spread:
        dmean: 8.28366184235
        dmean2: 13.372387886
        dvar: 58.9328422546
        dvar2: 144.375534058
        max: 87.5408248901
        mean: 37.590965271
        median: 40.3611450195
        min: 0.369107067585
        var: 240.213317871
    dissonance:
        dmean: 0.0151011701673
        dmean2: 0.0244646817446
        dvar: 0.000878572114743
        dvar2: 0.0021773504559
        max: 0.5
        mean: 0.473164081573
        median: 0.488729894161
        min: 0.115888334811
        var: 0.00243101478554
    hfc:
        dmean: 3.01506376266
        dmean2: 4.84512329102
        dvar: 18.1446361542
        dvar2: 46.0938148499
        max: 52.1132087708
        mean: 10.7218742371
        median: 9.9506483078
        min: 1.16071121754e-016
        var: 69.3114624023
    pitch:
        dmean: 569.033874512
        dmean2: 1071.73632813
        dvar: 1259718
        dvar2: 3165335.75
        max: 5632.92236328
        mean: 2845.36206055
        median: 3710.32373047
        min: 43.0243911743
        var: 2471108.5
    pitch_instantaneous_confidence:
        dmean: 0.0836562588811
        dmean2: 0.134853437543
        dvar: 0.00652551464736
        dvar2: 0.0148374224082
        max: 0.940687954426
        mean: 0.462019115686
        median: 0.441909998655
        min: 0.0937340259552
        var: 0.0196928810328
    pitch_salience:
        dmean: 0.0656567662954
        dmean2: 0.104791685939
        dvar: 0.00451096752658
        dvar2: 0.0107302963734
        max: 0.914130210876
        mean: 0.652888357639
        median: 0.686914086342
        min: 0.078176856041
        var: 0.0143098346889
    silence_rate_20dB:
        dmean: 0
        dmean2: 0
        dvar: 0
        dvar2: 0
        max: 1
        mean: 1
        median: 1
        min: 1
        var: 0
    silence_rate_30dB:
        dmean: 0
        dmean2: 0
        dvar: 0
        dvar2: 0
        max: 1
        mean: 1
        median: 1
        min: 1
        var: 0
    silence_rate_60dB:
        dmean: 0.0930665433407
        dmean2: 0.186150416732
        dvar: 0.084408827126
        dvar2: 0.18426862359
        max: 1
        mean: 0.348501771688
        median: 0
        min: 0
        var: 0.227021470666
    spectral_centroid:
        dmean: 345.668884277
        dmean2: 539.098632813
        dvar: 129563.9375
        dvar2: 285139.28125
        max: 11552.0966797
        mean: 2226.86303711
        median: 2459.17529297
        min: 148.970428467
        var: 774743
    spectral_complexity:
        dmean: 3.56779909134
        dmean2: 5.70215940475
        dvar: 12.9639568329
        dvar2: 30.3383369446
        max: 47
        mean: 16.136516571
        median: 18
        min: 0
        var: 104.126678467
    spectral_crest:
        dmean: 1.97323715687
        dmean2: 3.17702531815
        dvar: 4.57202720642
        dvar2: 10.8268976212
        max: 24.6567821503
        mean: 7.34772157669
        median: 6.21957015991
        min: 2.86054825783
        var: 11.8196544647
    spectral_decrease:
        dmean: 2.67662725317e-010
        dmean2: 4.19581897004e-010
        dvar: 1.36931000388e-019
        dvar2: 3.43971296256e-019
        max: 1.01179933335e-029
        mean: -8.75810923784e-010
        median: -8.24162849078e-010
        min: -4.59892390836e-009
        var: 3.49326489391e-019
    spectral_energy:
        dmean: 0.00124072493054
        dmean2: 0.00195177656133
        dvar: 2.96048460768e-006
        dvar2: 7.45930628909e-006
        max: 0.02164908126
        mean: 0.00427800277248
        median: 0.00405864417553
        min: 1.04898020808e-020
        var: 8.50036485645e-006
    spectral_energyband_high:
        dmean: 0.000332897092449
        dmean2: 0.000555171689484
        dvar: 2.64342958189e-007
        dvar2: 6.80662253671e-007
        max: 0.00881395116448
        mean: 0.000881951476913
        median: 0.000766014156397
        min: 7.69388879731e-021
        var: 6.37944367554e-007
    spectral_energyband_low:
        dmean: 0.000319001672324
        dmean2: 0.000523537630215
        dvar: 1.99874762075e-007
        dvar2: 5.12641690875e-007
        max: 0.00806266069412
        mean: 0.000548183277715
        median: 0.000403144047596
        min: 9.99805592938e-023
        var: 3.8775806388e-007
    spectral_energyband_middle_high:
        dmean: 0.000568077492062
        dmean2: 0.000891463656444
        dvar: 5.24115705502e-007
        dvar2: 1.23367340166e-006
        max: 0.0145796984434
        mean: 0.00205479119904
        median: 0.00187363044824
        min: 1.35237810142e-021
        var: 2.66904976343e-006
    spectral_energyband_middle_low:
        dmean: 0.000589211646002
        dmean2: 0.000951741996687
        dvar: 1.00774639122e-006
        dvar2: 2.61261857304e-006
        max: 0.0115883853287
        mean: 0.000965792161878
        median: 0.000666827312671
        min: 3.12006958328e-022
        var: 1.13662201784e-006
    spectral_flatness_db:
        dmean: 0.0194993112236
        dmean2: 0.0293396823108
        dvar: 0.000591404561419
        dvar2: 0.00128179590683
        max: 0.452888816595
        mean: 0.155161395669
        median: 0.135954767466
        min: 0.0628730356693
        var: 0.00337112206034
    spectral_flux:
        dmean: 0.00763575732708
        dmean2: 0.0114105306566
        dvar: 7.76503584348e-005
        dvar2: 0.00014230661327
        max: 0.111986920238
        mean: 0.0406796745956
        median: 0.0416472963989
        min: 1.02419732417e-010
        var: 0.000343301013345
    spectral_kurtosis:
        dmean: 1.88227105141
        dmean2: 2.82527446747
        dvar: 22.5730285645
        dvar2: 51.1111946106
        max: 77.6052856445
        mean: 3.57437825203
        median: 1.8230471611
        min: -1.18750560284
        var: 43.3824272156
    spectral_rms:
        dmean: 0.000291721284157
        dmean2: 0.000440044765128
        dvar: 1.05690205032e-007
        dvar2: 2.57117505953e-007
        max: 0.00459576491266
        mean: 0.00189058063552
        median: 0.00198988756165
        min: 3.19905495323e-012
        var: 5.99392933509e-007
    spectral_rolloff:
        dmean: 383.859771729
        dmean2: 639.985778809
        dvar: 379991.1875
        dvar2: 857416.625
        max: 18776.953125
        mean: 3706.765625
        median: 4155.90820313
        min: 150.732421875
        var: 1700223.5
    spectral_skewness:
        dmean: 0.256906062365
        dmean2: 0.380963951349
        dvar: 0.204012423754
        dvar2: 0.432061970234
        max: 6.98772239685
        mean: 1.2054527998
        median: 1.0200855732
        min: -0.468628555536
        var: 0.641550838947
    spectral_spread:
        dmean: 659234
        dmean2: 900794.0625
        dvar: 594001920000
        dvar2: 992312623104
        max: 40212716
        mean: 5533109.5
        median: 5495351
        min: 958451.375
        var: 3.1977397289e+012
    spectral_strongpeak:
        dmean: 0.513950824738
        dmean2: 0.904041945934
        dvar: 0.645210266113
        dvar2: 1.66591763496
        max: 9.57613754272
        mean: 0.55897539854
        median: 0.165104269981
        min: 2.45223374939e-009
        var: 0.794643342495
    zerocrossingrate:
        dmean: 0.00995480269194
        dmean2: 0.0120970951393
        dvar: 0.00010376892169
        dvar2: 0.000125775535707
        max: 0.49609375
        mean: 0.120183482766
        median: 0.13330078125
        min: 0.00634765625
        var: 0.00169695680961
    barkbands:
        dmean: [8.9484677801e-007, 0.000103886697616, 0.000189992671949, 0.000180756716873, 0.000294291879982, 0.000133585490403, 7.6335738413e-005, 7.69648395362e-005, 5.8635010646e-005, 3.4446027712e-005, 1.97701592697e-005, 4.50701227237e-005, 1.98515426746e-005, 2.81602879113e-005, 3.84205050068e-005, 5.630420128e-005, 9.07842913875e-005, 0.000193356740056, 0.000268899137154, 0.000276415492408, 0.000154900320922, 8.7373671704e-005, 1.58912171173e-005, 7.05242928234e-006, 4.52078074886e-006, 2.70706948413e-007, 1.86511611711e-010]
        dmean2: [1.27464375055e-006, 0.000177405847353, 0.000323420972563, 0.00030405833968, 0.00051273254212, 0.000220893343794, 0.00013562735694, 0.000128062791191, 9.25232525333e-005, 5.50151926291e-005, 3.12279262289e-005, 6.75253613736e-005, 3.22187916026e-005, 4.63281867269e-005, 6.26962355454e-005, 9.36627548072e-005, 0.000150723673869, 0.000318107835483, 0.000443331402494, 0.000466221943498, 0.000258165528066, 0.000146270016558, 2.61739642156e-005, 1.09855263872e-005, 6.78172364132e-006, 3.9105574956e-007, 3.43114148205e-010]
        dvar: [2.75840526635e-012, 2.28709460259e-008, 8.12947433815e-008, 1.03860465117e-007, 4.84009660795e-007, 4.64693563629e-008, 5.11670528169e-008, 3.06630454361e-008, 1.68842007042e-008, 6.23809270905e-009, 2.23608398464e-009, 7.1517782807e-009, 3.08056047338e-009, 3.64904995109e-009, 6.82662770757e-009, 7.00965641087e-009, 1.84688815352e-008, 8.88304327873e-008, 1.33235431576e-007, 1.38596988108e-007, 5.69969209607e-008, 2.751113648e-008, 7.64647012375e-010, 2.32537586409e-010, 6.0621681286e-011, 3.00646172454e-013, 8.37469446903e-020]
        dvar2: [5.35703426063e-012, 6.50079314823e-008, 2.21617497687e-007, 2.74543651813e-007, 1.36222945457e-006, 1.21491282812e-007, 1.4394240111e-007, 7.73773223273e-008, 4.01053092958e-008, 1.51692542971e-008, 4.72693528764e-009, 1.48171839243e-008, 7.48554995766e-009, 9.29619758949e-009, 1.71159388884e-008, 1.80409962525e-008, 4.69501131306e-008, 2.20214559477e-007, 3.42909260098e-007, 3.78226928888e-007, 1.46754672414e-007, 6.61117951495e-008, 1.93986871011e-009, 5.07472563971e-010, 1.3796992715e-010, 6.13869306949e-013, 2.6152377476e-019]
        max: [1.13644537123e-005, 0.00138581648935, 0.00346777960658, 0.00705583998933, 0.00972673390061, 0.00547488033772, 0.00334731326438, 0.00297471508384, 0.00342278042808, 0.00159650389105, 0.00144786771853, 0.00351233012043, 0.00276846135966, 0.00160754390527, 0.00141412822995, 0.00149731046986, 0.00357351871207, 0.00873353518546, 0.00885699689388, 0.00593086984009, 0.00533086061478, 0.00367893674411, 0.000845918082632, 0.000506822136231, 0.000244877563091, 1.59756400535e-005, 3.68588559674e-009]
        mean: [9.05076262825e-007, 0.000137659531902, 0.000259759981418, 0.000229675832088, 0.000327977642883, 0.000176273169927, 6.91625682521e-005, 8.37206462165e-005, 6.72067690175e-005, 4.976668788e-005, 2.72832749033e-005, 5.81681269978e-005, 2.86038030026e-005, 4.44816068921e-005, 6.2639315729e-005, 0.00011871055176, 0.000187355559319, 0.00041864864761, 0.000661128258798, 0.000682230864186, 0.000386659987271, 0.000143364217365, 3.1039948226e-005, 1.5035290744e-005, 1.00653132904e-005, 4.88427019718e-007, 1.57684892921e-010]
        median: [1.20868151043e-007, 9.04856133275e-005, 0.000169688704773, 0.000101393903606, 0.000171042731381, 9.90614062175e-005, 2.26011725317e-005, 2.48598626058e-005, 2.31045414694e-005, 1.83998236025e-005, 1.19767973956e-005, 2.23732931772e-005, 1.11595745693e-005, 1.80333645403e-005, 3.07922673528e-005, 9.7284806543e-005, 0.000146725986269, 0.000327316665789, 0.000563463545404, 0.000622738385573, 0.000340309517924, 7.59062386351e-005, 1.62723299582e-005, 7.98645851319e-006, 6.5450249167e-006, 2.55884089029e-007, 5.78650599659e-011]
        min: [7.08323886596e-024, 3.67673994645e-023, 2.60989203129e-023, 4.78020867809e-023, 5.84123984848e-023, 9.93840479209e-023, 3.93366026814e-023, 3.07817785066e-023, 2.40910894489e-023, 3.84808463714e-023, 4.80757331626e-023, 5.53292334555e-023, 1.15450979926e-022, 4.48291066874e-023, 1.38454555197e-022, 1.06180273946e-022, 1.42905194828e-022, 2.69747111656e-022, 2.42793514194e-022, 3.01225665756e-022, 3.87018037866e-022, 6.67816825746e-022, 5.35036565973e-022, 1.06103159953e-021, 1.21265283645e-021, 1.72278356166e-021, 2.08663660438e-021]
        var: [3.6523757109e-012, 2.48800677838e-008, 1.00272508519e-007, 1.85939640573e-007, 3.54304916073e-007, 5.66468436602e-008, 3.46583703958e-008, 3.6037160811e-008, 1.93527913694e-008, 1.1096155994e-008, 3.88087650904e-009, 1.18284591011e-008, 5.45377831784e-009, 6.99663882386e-009, 1.18613181499e-008, 1.58081014945e-008, 4.16841849926e-008, 2.01787187848e-007, 3.9236607563e-007, 3.5935198639e-007, 1.34713474154e-007, 4.69287257943e-008, 1.73474157261e-009, 5.94374438556e-010, 1.55383331202e-010, 5.69536334327e-013, 6.9241382684e-020]
    frequency_bands:
        dmean: [8.9484677801e-007, 0.000103886697616, 0.000189992671949, 0.000180756716873, 0.000294291879982, 0.000133585490403, 7.6335738413e-005, 7.69648395362e-005, 5.8635010646e-005, 3.4446027712e-005, 1.97701592697e-005, 4.50701227237e-005, 1.98515426746e-005, 2.81602879113e-005, 3.84205050068e-005, 5.630420128e-005, 9.07842913875e-005, 0.000193356740056, 0.000268899137154, 0.000276415492408, 0.000154900320922, 8.7373671704e-005, 1.58912171173e-005, 7.05242928234e-006, 4.52078074886e-006, 2.70706948413e-007, 1.86511611711e-010, 4.95750593354e-011]
        dmean2: [1.27464375055e-006, 0.000177405847353, 0.000323420972563, 0.00030405833968, 0.00051273254212, 0.000220893343794, 0.00013562735694, 0.000128062791191, 9.25232525333e-005, 5.50151926291e-005, 3.12279262289e-005, 6.75253613736e-005, 3.22187916026e-005, 4.63281867269e-005, 6.26962355454e-005, 9.36627548072e-005, 0.000150723673869, 0.000318107835483, 0.000443331402494, 0.000466221943498, 0.000258165528066, 0.000146270016558, 2.61739642156e-005, 1.09855263872e-005, 6.78172364132e-006, 3.9105574956e-007, 3.43114148205e-010, 9.22668122461e-011]
        dvar: [2.75840526635e-012, 2.28709460259e-008, 8.12947433815e-008, 1.03860465117e-007, 4.84009660795e-007, 4.64693563629e-008, 5.11670528169e-008, 3.06630454361e-008, 1.68842007042e-008, 6.23809270905e-009, 2.23608398464e-009, 7.1517782807e-009, 3.08056047338e-009, 3.64904995109e-009, 6.82662770757e-009, 7.00965641087e-009, 1.84688815352e-008, 8.88304327873e-008, 1.33235431576e-007, 1.38596988108e-007, 5.69969209607e-008, 2.751113648e-008, 7.64647012375e-010, 2.32537586409e-010, 6.0621681286e-011, 3.00646172454e-013, 8.37469446903e-020, 6.15763991639e-021]
        dvar2: [5.35703426063e-012, 6.50079314823e-008, 2.21617497687e-007, 2.74543651813e-007, 1.36222945457e-006, 1.21491282812e-007, 1.4394240111e-007, 7.73773223273e-008, 4.01053092958e-008, 1.51692542971e-008, 4.72693528764e-009, 1.48171839243e-008, 7.48554995766e-009, 9.29619758949e-009, 1.71159388884e-008, 1.80409962525e-008, 4.69501131306e-008, 2.20214559477e-007, 3.42909260098e-007, 3.78226928888e-007, 1.46754672414e-007, 6.61117951495e-008, 1.93986871011e-009, 5.07472563971e-010, 1.3796992715e-010, 6.13869306949e-013, 2.6152377476e-019, 1.9605051319e-020]
        max: [1.13644537123e-005, 0.00138581648935, 0.00346777960658, 0.00705583998933, 0.00972673390061, 0.00547488033772, 0.00334731326438, 0.00297471508384, 0.00342278042808, 0.00159650389105, 0.00144786771853, 0.00351233012043, 0.00276846135966, 0.00160754390527, 0.00141412822995, 0.00149731046986, 0.00357351871207, 0.00873353518546, 0.00885699689388, 0.00593086984009, 0.00533086061478, 0.00367893674411, 0.000845918082632, 0.000506822136231, 0.000244877563091, 1.59756400535e-005, 3.68588559674e-009, 9.67163238386e-010]
        mean: [9.05076262825e-007, 0.000137659531902, 0.000259759981418, 0.000229675832088, 0.000327977642883, 0.000176273169927, 6.91625682521e-005, 8.37206462165e-005, 6.72067690175e-005, 4.976668788e-005, 2.72832749033e-005, 5.81681269978e-005, 2.86038030026e-005, 4.44816068921e-005, 6.2639315729e-005, 0.00011871055176, 0.000187355559319, 0.00041864864761, 0.000661128258798, 0.000682230864186, 0.000386659987271, 0.000143364217365, 3.1039948226e-005, 1.5035290744e-005, 1.00653132904e-005, 4.88427019718e-007, 1.57684892921e-010, 3.80166106928e-011]
        median: [1.20868151043e-007, 9.04856133275e-005, 0.000169688704773, 0.000101393903606, 0.000171042731381, 9.90614062175e-005, 2.26011725317e-005, 2.48598626058e-005, 2.31045414694e-005, 1.83998236025e-005, 1.19767973956e-005, 2.23732931772e-005, 1.11595745693e-005, 1.80333645403e-005, 3.07922673528e-005, 9.7284806543e-005, 0.000146725986269, 0.000327316665789, 0.000563463545404, 0.000622738385573, 0.000340309517924, 7.59062386351e-005, 1.62723299582e-005, 7.98645851319e-006, 6.5450249167e-006, 2.55884089029e-007, 5.78650599659e-011, 1.13232591706e-011]
        min: [7.08323886596e-024, 3.67673994645e-023, 2.60989203129e-023, 4.78020867809e-023, 5.84123984848e-023, 9.93840479209e-023, 3.93366026814e-023, 3.07817785066e-023, 2.40910894489e-023, 3.84808463714e-023, 4.80757331626e-023, 5.53292334555e-023, 1.15450979926e-022, 4.48291066874e-023, 1.38454555197e-022, 1.06180273946e-022, 1.42905194828e-022, 2.69747111656e-022, 2.42793514194e-022, 3.01225665756e-022, 3.87018037866e-022, 6.67816825746e-022, 5.35036565973e-022, 1.06103159953e-021, 1.21265283645e-021, 1.72278356166e-021, 2.08663660438e-021, 9.43596085376e-022]
        var: [3.6523757109e-012, 2.48800677838e-008, 1.00272508519e-007, 1.85939640573e-007, 3.54304916073e-007, 5.66468436602e-008, 3.46583703958e-008, 3.6037160811e-008, 1.93527913694e-008, 1.1096155994e-008, 3.88087650904e-009, 1.18284591011e-008, 5.45377831784e-009, 6.99663882386e-009, 1.18613181499e-008, 1.58081014945e-008, 4.16841849926e-008, 2.01787187848e-007, 3.9236607563e-007, 3.5935198639e-007, 1.34713474154e-007, 4.69287257943e-008, 1.73474157261e-009, 5.94374438556e-010, 1.55383331202e-010, 5.69536334327e-013, 6.9241382684e-020, 4.73195293318e-021]
    mfcc:
        mean: [-721.898071289, 69.5129089355, -24.213596344, 61.8153495789, -7.60437107086, -5.02247953415, 6.09293079376, -1.97570729256, -2.20441699028, -7.44627809525, -4.7594461441, -6.95434570313, -4.15742397308]
        cov: [[9303.51660156, -2048.96630859, -229.655075073, 2151.55615234, 377.496276855, 490.624237061, 59.2107620239, 38.4406776428, 445.829071045, 348.999389648, 229.265396118, 121.398269653, 242.238204956], [-2048.96630859, 1156.84033203, -36.0132293701, -593.407043457, -121.991378784, -156.943511963, -6.10436105728, -32.3075370789, -102.269378662, -100.302055359, -64.166633606, -36.6990089417, -75.1892776489], [-229.655075073, -36.0132293701, 438.917175293, -52.9768333435, 37.6897125244, 51.4228134155, -9.73920059204, 24.0638256073, 39.5047721863, 35.1345443726, 0.339928925037, 4.7585515976, 1.3086540699], [2151.55615234, -593.407043457, -52.9768333435, 919.365478516, 218.923828125, 187.011611938, 57.4928741455, 19.9888134003, 173.270736694, 129.017456055, 88.6888427734, 45.221244812, 91.6238098145], [377.496276855, -121.991378784, 37.6897125244, 218.923828125, 257.038757324, 124.292732239, 41.5295143127, 11.8255805969, 62.4363136292, 40.8841018677, 8.1931438446, 14.5735330582, 20.2787685394], [490.624237061, -156.943511963, 51.4228134155, 187.011611938, 124.292732239, 207.183441162, 54.3724632263, 30.1820011139, 60.7865333557, 41.7521209717, 33.5756759644, 19.6194877625, 22.1895389557], [59.2107620239, -6.10436105728, -9.73920059204, 57.4928741455, 41.5295143127, 54.3724632263, 145.207809448, 47.6574058533, 29.9126853943, 5.8197426796, 10.8008918762, 18.6685504913, 15.037399292], [38.4406776428, -32.3075370789, 24.0638256073, 19.9888134003, 11.8255805969, 30.1820011139, 47.6574058533, 88.4737167358, 39.3325576782, 23.7374725342, 15.2420883179, 6.7181763649, 7.68708705902], [445.829071045, -102.269378662, 39.5047721863, 173.270736694, 62.4363136292, 60.7865333557, 29.9126853943, 39.3325576782, 134.172317505, 74.1191177368, 33.6244659424, 13.9606542587, 16.9916210175], [348.999389648, -100.302055359, 35.1345443726, 129.017456055, 40.8841018677, 41.7521209717, 5.8197426796, 23.7374725342, 74.1191177368, 102.231040955, 48.456161499, 8.0940618515, 4.30046796799], [229.265396118, -64.166633606, 0.339928925037, 88.6888427734, 8.1931438446, 33.5756759644, 10.8008918762, 15.2420883179, 33.6244659424, 48.456161499, 81.5831298828, 30.5950012207, 16.6579914093], [121.398269653, -36.6990089417, 4.7585515976, 45.221244812, 14.5735330582, 19.6194877625, 18.6685504913, 6.7181763649, 13.9606542587, 8.0940618515, 30.5950012207, 63.7188987732, 36.8055686951], [242.238204956, -75.1892776489, 1.3086540699, 91.6238098145, 20.2787685394, 22.1895389557, 15.037399292, 7.68708705902, 16.9916210175, 4.30046796799, 16.6579914093, 36.8055686951, 66.2237548828]]
        icov: [[0.00029200525023, 0.000243238944677, 0.000148002916831, -0.00047677315888, 0.000234724691836, -0.000214974192204, 0.000119745469419, 0.000136599701364, -0.000226001575356, -0.000142507386045, 0.000134368179715, -5.77803548367e-005, -0.00011257173901], [0.000243238944677, 0.00159721600357, 0.000286689173663, 0.000522316782735, -9.34143390623e-005, 0.000291044270853, -0.000400669872761, 0.00063964468427, -0.000749399536289, 0.000382143014576, -0.000180437331437, 6.29089772701e-005, 0.00032110203756], [0.000148002916831, 0.000286689173663, 0.00273927254602, 0.00045295705786, -0.000153522007167, -0.000868428498507, 0.000650128291454, -0.000281945976894, -0.00079285929678, -0.00105925730895, 0.000815017090645, -0.00034454400884, -0.000414899375755], [-0.00047677315888, 0.000522316782735, 0.00045295705786, 0.00356643111445, -0.00150409690104, -6.88411746523e-005, -0.000592105207033, 0.00111016118899, -0.00154736707918, -0.000412763591157, -0.00124079256784, 0.00125321233645, -0.00207761698402], [0.000234724691836, -9.34143390623e-005, -0.000153522007167, -0.00150409690104, 0.00668687233701, -0.00320067023858, -0.000431936758105, 0.000861171400174, -0.000571697717533, -0.0013450543629, 0.00286109070294, -0.00119231280405, 0.000319315615343], [-0.000214974192204, 0.000291044270853, -0.000868428498507, -6.88411746523e-005, -0.00320067023858, 0.00863497611135, -0.00184263882693, -0.000734061177354, -0.000475378037663, 0.000918836449273, -0.00249934615567, 0.000403591315262, 0.000286284281174], [0.000119745469419, -0.000400669872761, 0.000650128291454, -0.000592105207033, -0.000431936758105, -0.00184263882693, 0.0098277721554, -0.00492704892531, -0.000668412947562, 0.00165085121989, 0.000486461096443, -0.00216303090565, 0.000147533442941], [0.000136599701364, 0.00063964468427, -0.000281945976894, 0.00111016118899, 0.000861171400174, -0.000734061177354, -0.00492704892531, 0.0164639241993, -0.00407753698528, -0.00130698736757, -0.00110850424971, 0.00158524466679, -0.00158498832025], [-0.000226001575356, -0.000749399536289, -0.00079285929678, -0.00154736707918, -0.000571697717533, -0.000475378037663, -0.000668412947562, -0.00407753698528, 0.0163326542825, -0.00898064207286, 0.00191953813192, -0.00106539425906, -0.000406357634347], [-0.000142507386045, 0.000382143014576, -0.00105925730895, -0.000412763591157, -0.0013450543629, 0.000918836449273, 0.00165085121989, -0.00130698736757, -0.00898064207286, 0.0232136845589, -0.0109069664031, 0.0028404139448, 0.00338971917517], [0.000134368179715, -0.000180437331437, 0.000815017090645, -0.00124079256784, 0.00286109070294, -0.00249934615567, 0.000486461096443, -0.00110850424971, 0.00191953813192, -0.0109069664031, 0.0232940968126, -0.0102786244825, 0.00105273805093], [-5.77803548367e-005, 6.29089772701e-005, -0.00034454400884, 0.00125321233645, -0.00119231280405, 0.000403591315262, -0.00216303090565, 0.00158524466679, -0.00106539425906, 0.0028404139448, -0.0102786244825, 0.0285414736718, -0.0140955345705], [-0.00011257173901, 0.00032110203756, -0.000414899375755, -0.00207761698402, 0.000319315615343, 0.000286284281174, 0.000147533442941, -0.00158498832025, -0.000406357634347, 0.00338971917517, 0.00105273805093, -0.0140955345705, 0.0261694211513]]
    sccoeffs:
        dmean: [0.0581979602575, 0.0542006343603, 0.0443917550147, 0.0312724523246, 0.0211744029075, 0.0215622913092]
        dmean2: [0.0938272625208, 0.0879852250218, 0.0707050785422, 0.0508230030537, 0.0346136726439, 0.0338111743331]
        dvar: [0.00209968048148, 0.00182546209544, 0.0014166852925, 0.000621108629275, 0.000315625715302, 0.000481468479848]
        dvar2: [0.00553913228214, 0.00486078998074, 0.00347424764186, 0.00160144537222, 0.000759476330131, 0.00104381889105]
        max: [-0.32504555583, -0.425806105137, -0.506992697716, -0.614579081535, -0.567334473133, -0.365207433701]
        mean: [-0.655201733112, -0.754166722298, -0.786334991455, -0.80118227005, -0.802138388157, -0.755801558495]
        median: [-0.668850421906, -0.761199235916, -0.801601111889, -0.804308891296, -0.802008807659, -0.752731800079]
        min: [-0.963931322098, -0.968939304352, -0.96495449543, -0.954167485237, -0.95591878891, -0.960650086403]
        var: [0.00709390779957, 0.00445543415844, 0.00510058319196, 0.00164027849678, 0.00120688555762, 0.00188737700228]
    scvalleys:
        dmean: [0.438828617334, 0.456019371748, 0.401012271643, 0.353466659784, 0.296130418777, 0.31056329608]
        dmean2: [0.711702466011, 0.722533106804, 0.629153072834, 0.548295557499, 0.441474914551, 0.454351514578]
        dvar: [0.154846921563, 0.190795704722, 0.143214926124, 0.151070326567, 0.170264586806, 0.173270255327]
        dvar2: [0.356733620167, 0.423566520214, 0.311642587185, 0.311258494854, 0.346229225397, 0.364754259586]
        max: [-4.97684574127, -4.49037599564, -5.87373781204, -6.16247749329, -5.50963258743, -7.04877710342]
        mean: [-7.12096309662, -7.14433145523, -7.58871984482, -7.72209739685, -6.96924209595, -9.31548118591]
        median: [-6.57877635956, -6.97093772888, -7.40319538116, -7.42878484726, -6.39366865158, -8.77469825745]
        min: [-27.2348690033, -27.1591091156, -26.9995918274, -27.5368614197, -27.3623714447, -27.2742977142]
        var: [2.75571417809, 1.08137500286, 0.881432652473, 1.19525837898, 1.94482338428, 2.44039273262]

rhythm:
    beats_loudness:
        dmean: 0.00218449789099
        dmean2: 0.00403668358922
        dvar: 2.91255173579e-006
        dvar2: 9.58772761805e-006
        max: 0.0142127117142
        mean: 0.00581618538126
        median: 0.00609149504453
        min: 3.09634415316e-005
        var: 9.30170335778e-006
    bpm: 123.79460144
    bpm_confidence: 0
    first_peak_bpm: 123
    first_peak_spread: 0.292338699102
    first_peak_weight: 0.685546875
    onset_rate: 3.8317322731
    second_peak_bpm: 117
    second_peak_spread: 0.375
    second_peak_weight: 0.009765625
    beats_loudness_band_ratio:
        dmean: [0.136822044849, 0.0874863862991, 0.111143112183, 0.0871710702777, 0.0698483362794, 0.0983798280358]
        dmean2: [0.249162793159, 0.155261144042, 0.212869018316, 0.167689159513, 0.120946653187, 0.172735869884]
        dvar: [0.0241154488176, 0.00603071646765, 0.0280472002923, 0.0230451095849, 0.00442857295275, 0.0102086961269]
        dvar2: [0.0814911946654, 0.017812602222, 0.10947611928, 0.0893884375691, 0.0131207024679, 0.0313452370465]
        max: [0.982833325863, 0.775464892387, 0.791338682175, 0.72674959898, 0.581743955612, 0.891855299473]
        mean: [0.261603266001, 0.135676905513, 0.105361223221, 0.0781661644578, 0.1608389467, 0.294766783714]
        median: [0.25847697258, 0.119807235897, 0.0542252287269, 0.0327310971916, 0.150984555483, 0.312234967947]
        min: [0.000231820959016, 0.000428069382906, 0.000536821200512, 0.00287290220149, 0.00284928525798, 0.000375396746676]
        var: [0.0289922766387, 0.00725230807438, 0.0267956070602, 0.0188785493374, 0.00817687250674, 0.0223234053701]
    beats_position: [0.545668900013, 0.986848056316, 1.45124709606, 1.92725622654, 2.40326523781, 2.87927436829, 3.36689329147, 3.85451245308, 4.34213161469, 4.81814050674, 5.2941493988, 5.78176879883, 6.26938772202, 6.7570066452, 7.24462556839, 7.73224496841, 8.20825386047, 8.68426322937, 9.17188167572, 9.65950107574, 10.1471195221, 10.6347389221, 11.1223583221, 11.5983667374, 12.0743761063, 12.5619955063, 13.0496139526, 13.5372333527, 14.0248527527, 14.512471199, 14.9884805679, 15.4644899368, 15.9521083832, 16.4397277832, 16.9273471832, 17.4149665833, 17.9025840759, 18.3785934448, 18.8546028137, 19.3422222137, 19.8298416138, 20.3174591064, 20.8050785065, 21.2926979065, 21.7687072754, 22.2447166443, 22.7323360443, 23.219953537, 23.707572937, 24.195192337, 24.6712017059, 25.1472110748, 25.6348285675, 26.1224479675, 26.6100673676, 27.0976867676, 27.5853061676, 28.0729255676, 28.5605430603, 29.0481624603, 29.5473918915, 30.0466213226, 30.5574588776, 31.0566883087, 31.5559177399, 32.0435371399, 32.5311546326, 33.0187759399, 33.4947853088, 33.9707946777, 34.4584121704, 34.9460296631, 35.4336509705, 35.9212684631, 36.4088897705, 36.8965072632, 37.3841247559, 37.8601341248, 38.3361434937, 38.823764801, 39.3113822937, 39.7989997864, 40.2750091553, 40.7626304626, 41.2386398315, 41.7262573242, 42.2138786316, 42.7014961243, 43.1891136169, 43.6767349243, 44.164352417, 44.6519737244, 45.1279792786, 45.6039886475, 46.0916099548, 46.5792274475, 47.0668487549, 47.5544662476, 48.0304756165, 48.5064849854, 48.994102478, 49.4817237854, 49.9693412781, 50.4569587708, 50.9445800781, 51.4321975708, 51.8965988159, 52.3842163086, 52.871837616, 53.3594551086, 53.8470726013, 54.3346939087, 54.8107032776, 55.2867126465, 55.7743301392, 56.2619476318, 56.7379570007, 57.2139663696, 57.701587677, 58.1892051697, 58.6768226624, 59.1644439697, 59.6520614624, 60.1396827698, 60.6273002625, 61.1149177551, 61.5793190002, 62.0669364929, 62.5545578003, 63.042175293, 63.5297966003, 64.0174102783, 64.4934234619, 64.9694290161, 65.4570541382, 65.9446716309, 66.4322891235, 66.9199066162, 67.4075241089, 67.895149231, 68.3711547852, 68.8471679688, 69.3347854614, 69.8224029541, 70.3100204468, 70.7976379395, 71.273651123, 71.7496566772, 72.2372741699, 72.724899292, 73.2125167847, 73.7001342773, 74.1761474609, 74.6521530151, 75.1397705078, 75.6273880005, 76.1034011841, 76.5794067383, 77.0670318604, 77.554649353, 78.0422668457, 78.5298843384, 79.0175018311, 79.5051269531, 79.9927444458, 80.4803619385, 80.9679794312, 81.4555969238, 81.9316101074, 82.4076156616, 82.8952331543, 83.3828582764, 83.8588638306, 84.3348770142, 84.8224945068, 85.3101119995, 85.7977294922, 86.2853469849, 86.7729721069, 87.2605895996, 87.7365951538, 88.2242126465, 88.7002258301, 89.1878433228, 89.6754608154, 90.1630859375, 90.6507034302, 91.1383209229, 91.6143264771, 92.0903396606, 92.5779571533, 93.065574646, 93.5531921387, 94.0408172607, 94.5284347534, 95.0044403076, 95.4804534912, 95.9680709839, 96.4556884766, 96.9433059692, 97.4193191528, 97.9069366455, 98.3829498291, 98.8705673218, 99.3581848145, 99.8458023071, 100.3334198, 100.821044922, 101.297050476, 101.77305603, 102.260681152, 102.748298645, 103.235916138, 103.711929321, 104.187934875, 104.675552368, 105.163169861, 105.650794983, 106.138412476, 106.626029968, 107.102035522, 107.578048706, 108.065666199, 108.553283691, 109.040908813, 109.528526306, 110.016143799, 110.503761292, 110.979774475, 111.455780029, 111.943397522, 112.431015015, 112.907028198, 113.406257629, 113.893875122, 114.381492615, 114.857505798, 115.333511353, 115.821128845, 116.297142029, 116.784759521, 117.260765076, 117.748390198, 118.23600769, 118.723625183, 119.211242676, 119.698867798, 120.186485291, 120.674102783, 121.161720276, 121.626121521, 122.113739014, 122.601356506, 123.088973999, 123.576599121, 124.064216614, 124.540222168, 125.016235352, 125.503852844, 125.991470337, 126.47908783, 126.966712952, 127.454330444, 127.941947937, 128.42956543, 128.905578613, 129.381591797, 129.86920166, 130.345214844, 130.821228027, 131.308837891, 131.796463013, 132.284072876, 132.771697998, 133.25932312, 133.746932983, 134.234558105, 134.722167969, 135.198181152, 135.685806274, 136.161804199, 136.649429321, 137.137054443, 137.624664307, 138.112289429, 138.588302612, 139.064300537, 139.551925659, 140.039550781, 140.527160645, 141.003173828, 141.490783691, 141.978408813, 142.466033936, 142.94203186, 143.429656982, 143.917282104, 144.404891968, 144.880905151, 145.368530273, 145.844528198, 146.33215332, 146.819763184, 147.307388306, 147.795013428, 148.282623291, 148.758636475, 149.234649658, 149.722259521, 150.209884644, 150.697509766, 151.185119629, 151.661132813, 152.137145996, 152.624755859, 153.112380981, 153.599990845, 154.087615967, 154.586837769, 155.097686768, 155.620132446, 156.154190063, 156.688247681, 157.222305298, 157.70993042, 158.197555542, 158.685165405, 159.172790527, 159.660400391, 160.148025513, 160.635650635, 161.11164856, 161.587661743, 162.075286865, 162.562896729, 163.050521851, 163.538131714, 164.025756836, 164.513381958, 164.989379883, 165.465393066, 165.953018188, 166.440628052, 166.928253174, 167.415863037, 167.891876221, 168.379501343, 168.855514526, 169.34312439, 169.830749512, 170.318359375, 170.805984497, 171.281997681, 171.757995605, 172.245620728, 172.73324585, 173.220855713, 173.708480835, 174.196090698, 174.68371582, 175.159729004, 175.635726929, 176.123352051, 176.610977173, 177.098587036, 177.597824097, 178.108657837, 178.631103516, 179.141952515, 179.641174316, 180.140411377, 180.639633179, 181.150466919, 181.672927856, 182.172149658, 182.65977478, 183.147384644, 183.635009766, 184.111022949, 184.598632813, 185.086257935, 185.562271118, 186.038269043, 186.525894165, 187.013504028, 187.50112915, 187.988754272, 188.476364136, 188.952377319, 189.428390503, 189.916000366, 190.403625488, 190.89125061, 191.378860474, 191.866485596, 192.342483521, 192.818496704, 193.306121826, 193.793731689, 194.281356812, 194.768981934, 195.244979858, 195.73260498, 196.208618164, 196.696228027, 197.183853149, 197.671463013, 198.159088135, 198.646713257, 199.122711182, 199.598724365, 200.086349487, 200.573959351, 201.061584473, 201.549209595, 202.036819458, 202.52444458, 203.012054443, 203.499679565, 203.975692749, 204.451690674, 204.939315796, 205.426940918, 205.914550781, 206.402175903, 206.878189087, 207.354187012, 207.841812134, 208.329421997, 208.805435181, 209.281448364, 209.769073486, 210.25668335, 210.744308472, 211.231918335, 211.719543457, 212.207168579, 212.683166504, 213.159179688, 213.64680481, 214.134414673, 214.622039795, 215.109649658, 215.59727478, 216.084899902, 216.572509766, 217.060134888, 217.536148071, 218.012145996, 218.48815918, 218.975784302, 219.451782227, 219.939407349, 220.427032471, 220.914642334, 221.390655518, 221.878265381, 222.354278564, 222.841903687, 223.32951355, 223.817138672, 224.293151855, 224.780761719, 225.268386841, 225.756011963, 226.232009888, 226.71963501, 227.207244873, 227.694869995, 228.170883179, 228.646896362, 229.134506226, 229.622131348, 230.109741211, 230.597366333, 231.084991455, 231.572601318, 232.06022644, 232.547836304, 233.035461426, 233.511474609, 233.987472534, 234.475097656, 234.962722778, 235.450332642, 235.937957764, 236.425567627, 236.901580811, 237.377593994, 237.865203857, 238.352828979, 238.828842163, 239.304855347, 239.79246521, 240.280090332, 240.767700195, 241.255325317, 241.742950439, 242.230560303, 242.718185425, 243.19418335, 243.670196533, 244.157821655, 244.645431519, 245.133056641, 245.620681763, 246.108291626, 246.595916748, 247.083526611, 247.559539795, 248.035552979, 248.511566162, 248.999176025]
