
metadata:
    version:
        essentia: "2.1-beta2"
    audio_properties:
        analysis_sample_rate: 44100
        bitrate: 128
        channels: 2
        equal_loudness: 1
        length: 321.985321045
        replay_gain: -15.6641254425
        downmix: "mix"
    tags:
        album: "Contraddiction"
        artist: "Mass Hysteria"
        comment: ""
        date: "1999"
        genre: "Metal"
        title: "Corazones Olvidados"
        tracknumber: "12"

configuration:
    average_loudness:
        compute: 1
        frameSize: 88200
        hopSize: 44100
        silentFrames: "noise"
        windowType: "hann"
    general:
        analysisSampleRate: 44100
        endTime: 2000
        equalLoudness: 1
        nequalLoudness: 0
        shortSound: 0
        startTime: 0
    lowlevel:
        compute: 1
        frameSize: 2048
        hopSize: 1024
        zeroPadding: 0
        silentFrames: "noise"
        windowType: "blackmanharris62"
        mfccStats: ["mean", "cov", "icov"]
        stats: ["mean", "var", "median", "min", "max", "dmean", "dmean2", "dvar", "dvar2"]
    panning:
        compute: 0
        frameSize: 8192
        hopSize: 2048
        zeroPadding: 8192
        silentFrames: "noise"
        windowType: "hann"
        stats: ["copy"]
    rhythm:
        compute: 1
        maxTempo: 208
        minTempo: 40
        method: "degara"
        stats: ["mean", "var", "median", "min", "max", "dmean", "dmean2", "dvar", "dvar2"]
    segmentation:
        compute: 0
        cpw: 5
        inc1: 300
        inc2: 50
        minimumSegmentsLength: 10
        size1: 1000
        size2: 600
    sfx:
        compute: 1
        stats: ["mean", "var", "median", "min", "max", "dmean", "dmean2", "dvar", "dvar2"]
    svm:
        compute: 0
    tonal:
        compute: 1
        frameSize: 4096
        hopSize: 2048
        zeroPadding: 0
        silentFrames: "noise"
        windowType: "blackmanharris62"
        stats: ["mean", "var", "median", "min", "max", "dmean", "dmean2", "dvar", "dvar2"]

lowlevel:
    average_loudness: 0.870604395866
    barkbands_kurtosis:
        dmean: 1.80348157883
        dmean2: 2.71636223793
        dvar: 20.7751750946
        dvar2: 43.7010993958
        max: 126.780715942
        mean: 1.33532059193
        median: -0.950838565826
        min: -1.95013070107
        var: 64.3430480957
    barkbands_skewness:
        dmean: 0.525140702724
        dmean2: 0.760073244572
        dvar: 0.304108649492
        dvar2: 0.599230825901
        max: 9.09571456909
        mean: 0.652643322945
        median: 0.462457716465
        min: -5.93872070313
        var: 1.99842321873
    barkbands_spread:
        dmean: 8.11585044861
        dmean2: 12.1513977051
        dvar: 73.4108657837
        dvar2: 151.67124939
        max: 99.5428695679
        mean: 41.92395401
        median: 44.1370315552
        min: 0.548451542854
        var: 303.124786377
    dissonance:
        dmean: 0.0141072710976
        dmean2: 0.0235724207014
        dvar: 0.00019906401576
        dvar2: 0.000528823526111
        max: 0.500000059605
        mean: 0.472317576408
        median: 0.478430092335
        min: 0.290222525597
        var: 0.000516993517522
    hfc:
        dmean: 3.31872606277
        dmean2: 4.56804561615
        dvar: 29.0114860535
        dvar2: 49.4468421936
        max: 81.8752670288
        mean: 8.17901992798
        median: 5.17958402634
        min: 1.07619790966e-016
        var: 95.7811889648
    pitch:
        dmean: 1023.046875
        dmean2: 1953.42175293
        dvar: 2473701.25
        dvar2: 5590548
        max: 6634.38232422
        mean: 1800.13110352
        median: 464.003051758
        min: 52.2729721069
        var: 3588690.25
    pitch_instantaneous_confidence:
        dmean: 0.0884969383478
        dmean2: 0.142564043403
        dvar: 0.00581343984231
        dvar2: 0.0143245747313
        max: 0.991918683052
        mean: 0.427761167288
        median: 0.406269103289
        min: 0.0939671397209
        var: 0.0210138857365
    pitch_salience:
        dmean: 0.061216622591
        dmean2: 0.0998802855611
        dvar: 0.00325315422378
        dvar2: 0.00867292191833
        max: 0.995127975941
        mean: 0.551920473576
        median: 0.552165389061
        min: 0.159247323871
        var: 0.00982880219817
    silence_rate_20dB:
        dmean: 0
        dmean2: 0
        dvar: 0
        dvar2: 0
        max: 1
        mean: 1
        median: 1
        min: 1
        var: 0
    silence_rate_30dB:
        dmean: 0
        dmean2: 0
        dvar: 0
        dvar2: 0
        max: 1
        mean: 1
        median: 1
        min: 1
        var: 0
    silence_rate_60dB:
        dmean: 0.12374702841
        dmean2: 0.247511893511
        dvar: 0.108416974545
        dvar2: 0.214240595698
        max: 1
        mean: 0.405537933111
        median: 0
        min: 0
        var: 0.241074740887
    spectral_centroid:
        dmean: 375.295349121
        dmean2: 557.020690918
        dvar: 189653.203125
        dvar2: 364536.84375
        max: 11693.1113281
        mean: 1663.94812012
        median: 1542.64599609
        min: 139.926071167
        var: 1167874.125
    spectral_complexity:
        dmean: 3.0984351635
        dmean2: 4.45507001877
        dvar: 15.112780571
        dvar2: 24.4464931488
        max: 54
        mean: 10.8914766312
        median: 9
        min: 0
        var: 75.547996521
    spectral_crest:
        dmean: 1.84025979042
        dmean2: 3.01197814941
        dvar: 3.06518936157
        dvar2: 8.00203227997
        max: 26.1336555481
        mean: 7.72570180893
        median: 6.97658920288
        min: 2.48909664154
        var: 10.0712051392
    spectral_decrease:
        dmean: 2.45400477716e-010
        dmean2: 3.58859608696e-010
        dvar: 1.05961435802e-019
        dvar2: 2.03807932528e-019
        max: 2.37186770817e-028
        mean: -9.3381957722e-010
        median: -8.21963330733e-010
        min: -4.8024597632e-009
        var: 3.74467222393e-019
    spectral_energy:
        dmean: 0.00117959349882
        dmean2: 0.0016818594886
        dvar: 2.66309098151e-006
        dvar2: 4.77306730318e-006
        max: 0.0255519207567
        mean: 0.00426632165909
        median: 0.00359272351488
        min: 1.00224264555e-020
        var: 9.58418695518e-006
    spectral_energyband_high:
        dmean: 0.000436617468949
        dmean2: 0.000639969308395
        dvar: 5.4055038845e-007
        dvar2: 1.06810841771e-006
        max: 0.0123024424538
        mean: 0.000817503489088
        median: 0.000406315433793
        min: 7.14639943717e-021
        var: 1.36333494538e-006
    spectral_energyband_low:
        dmean: 0.000363676721463
        dmean2: 0.000622121908236
        dvar: 3.69688820001e-007
        dvar2: 1.01454281776e-006
        max: 0.00647279573604
        mean: 0.00107577932067
        median: 0.00105217704549
        min: 1.84413102442e-023
        var: 5.09739777499e-007
    spectral_energyband_middle_high:
        dmean: 0.000489774625748
        dmean2: 0.000689120322932
        dvar: 6.97764903634e-007
        dvar2: 1.22853066387e-006
        max: 0.0152663988993
        mean: 0.00131304457318
        median: 0.000778255518526
        min: 1.17081852029e-021
        var: 2.61432592197e-006
    spectral_energyband_middle_low:
        dmean: 0.000488881138153
        dmean2: 0.000812346755993
        dvar: 4.58654312752e-007
        dvar2: 1.23412496578e-006
        max: 0.00909764505923
        mean: 0.00123528973199
        median: 0.00103729986586
        min: 1.34939302651e-022
        var: 9.3056598871e-007
    spectral_flatness_db:
        dmean: 0.0168913435191
        dmean2: 0.0257189422846
        dvar: 0.000273611658486
        dvar2: 0.000585246947594
        max: 0.527956962585
        mean: 0.157382175326
        median: 0.144864737988
        min: 0.0582792684436
        var: 0.00265254639089
    spectral_flux:
        dmean: 0.00816037040204
        dmean2: 0.0117154028267
        dvar: 8.9322347776e-005
        dvar2: 0.000163123680977
        max: 0.121226713061
        mean: 0.0352371633053
        median: 0.0331516005099
        min: 6.32630128838e-011
        var: 0.000340202124789
    spectral_kurtosis:
        dmean: 0.950679183006
        dmean2: 1.50913608074
        dvar: 2.38672661781
        dvar2: 6.00822401047
        max: 37.8722076416
        mean: 1.54761922359
        median: 1.12544250488
        min: -1.53155708313
        var: 5.76036882401
    spectral_rms:
        dmean: 0.000263230263954
        dmean2: 0.000373525632313
        dvar: 9.25361476334e-008
        dvar2: 1.68596088201e-007
        max: 0.00499286549166
        mean: 0.00190966145601
        median: 0.0018721902743
        min: 3.12697567492e-012
        var: 5.15450778948e-007
    spectral_rolloff:
        dmean: 725.736083984
        dmean2: 1171.6270752
        dvar: 1062401.375
        dvar2: 2121782.25
        max: 19724.4140625
        mean: 3387.44555664
        median: 3682.17773438
        min: 129.19921875
        var: 3985346.25
    spectral_skewness:
        dmean: 0.227311879396
        dmean2: 0.326458275318
        dvar: 0.0641574561596
        dvar2: 0.127070263028
        max: 4.91119194031
        mean: 0.975104510784
        median: 0.959690332413
        min: -0.596111118793
        var: 0.275705069304
    spectral_spread:
        dmean: 744825.875
        dmean2: 1043605.1875
        dvar: 1.00246926131e+012
        dvar2: 1.62813575168e+012
        max: 42269192
        mean: 6616849
        median: 6177578.5
        min: 1495716
        var: 9.91567649178e+012
    spectral_strongpeak:
        dmean: 0.392303586006
        dmean2: 0.702398240566
        dvar: 0.827355146408
        dvar2: 2.18438458443
        max: 9.33386611938
        mean: 0.448754936457
        median: 0.134377747774
        min: 0
        var: 0.882036209106
    zerocrossingrate:
        dmean: 0.0140852257609
        dmean2: 0.0152698643506
        dvar: 0.000194488253328
        dvar2: 0.000216941203689
        max: 0.52392578125
        mean: 0.102325238287
        median: 0.10107421875
        min: 0.00537109375
        var: 0.00240885652602
    barkbands:
        dmean: [6.59985062157e-007, 0.000121889192087, 0.000232264996157, 0.00019642279949, 0.000180924864253, 0.000169010352693, 7.24881174392e-005, 4.23214951297e-005, 8.15724779386e-005, 3.68387081835e-005, 4.68827856821e-005, 3.31139635819e-005, 3.20005929098e-005, 2.8495425795e-005, 4.22523189627e-005, 5.69590956729e-005, 6.71432571835e-005, 0.00011713305139, 0.000229544966714, 0.000200721668079, 0.000244292721618, 0.000107848616608, 2.75196798611e-005, 1.55205816554e-005, 8.18196895125e-006, 1.89988583088e-007, 2.16599196912e-010]
        dmean2: [9.33086084842e-007, 0.000215114181628, 0.000393069145503, 0.000346119399182, 0.000311155949021, 0.000278304127278, 0.000118139476399, 6.78433498251e-005, 0.000129484033096, 5.88376096857e-005, 7.53800777602e-005, 5.37374071428e-005, 5.20562134625e-005, 4.68982761959e-005, 6.71182933729e-005, 9.23968473217e-005, 0.000108316395199, 0.000182084913831, 0.000344983913237, 0.000295896577882, 0.000375994073693, 0.000165408797329, 4.32911692769e-005, 2.26234078582e-005, 1.2404428162e-005, 2.88338867449e-007, 3.89815235646e-010]
        dvar: [1.39246047418e-012, 6.15341591015e-008, 1.71812629901e-007, 1.27657045823e-007, 8.16554148741e-008, 9.43719058455e-008, 2.77282143912e-008, 9.42251787706e-009, 3.5414508659e-008, 8.45921110937e-009, 8.71889582754e-009, 6.24093399182e-009, 5.12748377091e-009, 3.32498117928e-009, 7.58101936782e-009, 2.22797602589e-008, 2.29492549408e-008, 5.38090354496e-008, 2.33648478343e-007, 1.27035988839e-007, 2.12748616946e-007, 4.27332658148e-008, 2.76106004726e-009, 1.71792990944e-009, 5.69244984483e-010, 3.27568782646e-013, 1.39193740029e-019]
        dvar2: [2.70356566995e-012, 1.78191854161e-007, 4.72094342285e-007, 3.70436026742e-007, 2.21838121206e-007, 2.49449271905e-007, 6.93089887704e-008, 2.2816442069e-008, 8.42860856665e-008, 1.8845558003e-008, 2.10531858613e-008, 1.59407065325e-008, 1.27275052719e-008, 8.56334825272e-009, 1.87261619544e-008, 5.97295510829e-008, 5.98166778332e-008, 1.2499261004e-007, 4.84788017729e-007, 2.75490378954e-007, 4.70216946269e-007, 9.37670918688e-008, 6.23756157836e-009, 3.199274623e-009, 1.17976106662e-009, 6.84416607589e-013, 3.88597561056e-019]
        max: [1.76931407623e-005, 0.00241379416548, 0.00533696636558, 0.00553613388911, 0.00500347977504, 0.00579971447587, 0.00463377824053, 0.00195476738736, 0.00421883398667, 0.00213845749386, 0.00188884418458, 0.0020877297502, 0.00269535114057, 0.00144704338163, 0.00176603149157, 0.0039864750579, 0.00358458957635, 0.00466084294021, 0.00766432052478, 0.0063385120593, 0.0090875197202, 0.00499392161146, 0.00117266795132, 0.00108270987403, 0.000957748503424, 2.0998675609e-005, 1.13915739064e-008]
        mean: [3.06390120386e-006, 0.000244662049226, 0.000670216919389, 0.000357211742084, 0.000299134699162, 0.000269048323389, 0.000113139663881, 5.78757244512e-005, 0.000121414101159, 5.11654761794e-005, 7.2701361205e-005, 4.9032158131e-005, 4.87056822749e-005, 4.4818239985e-005, 6.9296482252e-005, 8.66550035425e-005, 0.000112376423203, 0.000218402710743, 0.000409668922657, 0.000345887558069, 0.000388873944758, 0.000151607906446, 4.04571401305e-005, 2.71244134638e-005, 1.34770161822e-005, 2.98976004842e-007, 1.96554314491e-010]
        median: [6.84470307988e-007, 0.0001987151918, 0.000566849834286, 0.000273791025393, 0.000215216627112, 0.000112657799036, 4.10439279221e-005, 2.31703234022e-005, 3.3308773709e-005, 1.71313567989e-005, 2.27907712542e-005, 1.65575620485e-005, 1.31250144477e-005, 1.43397410284e-005, 2.11844635487e-005, 2.71364278888e-005, 3.74441369786e-005, 8.59306746861e-005, 0.000181447991054, 0.000155899295351, 0.000153447806952, 4.35587608081e-005, 1.42745593621e-005, 6.89829948897e-006, 2.63238780462e-006, 4.4720824377e-008, 7.39779626446e-011]
        min: [7.12737602804e-025, 3.31688006083e-024, 3.16303975976e-024, 2.2642861917e-024, 7.45465509053e-024, 6.48105124434e-024, 1.19186390929e-023, 6.82222845825e-024, 2.169208455e-023, 1.38049238464e-023, 2.03269008001e-023, 2.91396414701e-023, 3.13402478513e-023, 5.05755008426e-023, 4.86512671464e-023, 6.95132933193e-023, 5.93222138549e-023, 1.21444366431e-022, 1.22953766576e-022, 1.90524676087e-022, 2.98769872338e-022, 2.86327529001e-022, 4.32781411456e-022, 5.93925625771e-022, 8.16227335682e-022, 1.34198785666e-021, 1.95405526377e-021]
        var: [1.63515780777e-011, 6.82934668816e-008, 2.83776302012e-007, 1.35659348643e-007, 1.07989585274e-007, 1.77157133407e-007, 4.72578207678e-008, 1.35919906441e-008, 6.83066332385e-008, 1.4044144514e-008, 1.90029538771e-008, 1.14478400093e-008, 1.04626982633e-008, 6.6016832001e-009, 1.69675047346e-008, 2.94416775404e-008, 4.74556927088e-008, 1.39412307476e-007, 5.02871671415e-007, 2.73876679557e-007, 4.3462296162e-007, 7.30303000296e-008, 4.8629975602e-009, 4.8378585582e-009, 1.35649314004e-009, 7.3424285315e-013, 1.44371489998e-019]
    frequency_bands:
        dmean: [6.59985062157e-007, 0.000121889192087, 0.000232264996157, 0.00019642279949, 0.000180924864253, 0.000169010352693, 7.24881174392e-005, 4.23214951297e-005, 8.15724779386e-005, 3.68387081835e-005, 4.68827856821e-005, 3.31139635819e-005, 3.20005929098e-005, 2.8495425795e-005, 4.22523189627e-005, 5.69590956729e-005, 6.71432571835e-005, 0.00011713305139, 0.000229544966714, 0.000200721668079, 0.000244292721618, 0.000107848616608, 2.75196798611e-005, 1.55205816554e-005, 8.18196895125e-006, 1.89988583088e-007, 2.16599196912e-010, 4.93882504338e-011]
        dmean2: [9.33086084842e-007, 0.000215114181628, 0.000393069145503, 0.000346119399182, 0.000311155949021, 0.000278304127278, 0.000118139476399, 6.78433498251e-005, 0.000129484033096, 5.88376096857e-005, 7.53800777602e-005, 5.37374071428e-005, 5.20562134625e-005, 4.68982761959e-005, 6.71182933729e-005, 9.23968473217e-005, 0.000108316395199, 0.000182084913831, 0.000344983913237, 0.000295896577882, 0.000375994073693, 0.000165408797329, 4.32911692769e-005, 2.26234078582e-005, 1.2404428162e-005, 2.88338867449e-007, 3.89815235646e-010, 9.15179529382e-011]
        dvar: [1.39246047418e-012, 6.15341591015e-008, 1.71812629901e-007, 1.27657045823e-007, 8.16554148741e-008, 9.43719058455e-008, 2.77282143912e-008, 9.42251787706e-009, 3.5414508659e-008, 8.45921110937e-009, 8.71889582754e-009, 6.24093399182e-009, 5.12748377091e-009, 3.32498117928e-009, 7.58101936782e-009, 2.22797602589e-008, 2.29492549408e-008, 5.38090354496e-008, 2.33648478343e-007, 1.27035988839e-007, 2.12748616946e-007, 4.27332658148e-008, 2.76106004726e-009, 1.71792990944e-009, 5.69244984483e-010, 3.27568782646e-013, 1.39193740029e-019, 5.56428201803e-021]
        dvar2: [2.70356566995e-012, 1.78191854161e-007, 4.72094342285e-007, 3.70436026742e-007, 2.21838121206e-007, 2.49449271905e-007, 6.93089887704e-008, 2.2816442069e-008, 8.42860856665e-008, 1.8845558003e-008, 2.10531858613e-008, 1.59407065325e-008, 1.27275052719e-008, 8.56334825272e-009, 1.87261619544e-008, 5.97295510829e-008, 5.98166778332e-008, 1.2499261004e-007, 4.84788017729e-007, 2.75490378954e-007, 4.70216946269e-007, 9.37670918688e-008, 6.23756157836e-009, 3.199274623e-009, 1.17976106662e-009, 6.84416607589e-013, 3.88597561056e-019, 1.77087623829e-020]
        max: [1.76931407623e-005, 0.00241379416548, 0.00533696636558, 0.00553613388911, 0.00500347977504, 0.00579971447587, 0.00463377824053, 0.00195476738736, 0.00421883398667, 0.00213845749386, 0.00188884418458, 0.0020877297502, 0.00269535114057, 0.00144704338163, 0.00176603149157, 0.0039864750579, 0.00358458957635, 0.00466084294021, 0.00766432052478, 0.0063385120593, 0.0090875197202, 0.00499392161146, 0.00117266795132, 0.00108270987403, 0.000957748503424, 2.0998675609e-005, 1.13915739064e-008, 1.33852651185e-009]
        mean: [3.06390120386e-006, 0.000244662049226, 0.000670216919389, 0.000357211742084, 0.000299134699162, 0.000269048323389, 0.000113139663881, 5.78757244512e-005, 0.000121414101159, 5.11654761794e-005, 7.2701361205e-005, 4.9032158131e-005, 4.87056822749e-005, 4.4818239985e-005, 6.9296482252e-005, 8.66550035425e-005, 0.000112376423203, 0.000218402710743, 0.000409668922657, 0.000345887558069, 0.000388873944758, 0.000151607906446, 4.04571401305e-005, 2.71244134638e-005, 1.34770161822e-005, 2.98976004842e-007, 1.96554314491e-010, 3.91271216815e-011]
        median: [6.84470307988e-007, 0.0001987151918, 0.000566849834286, 0.000273791025393, 0.000215216627112, 0.000112657799036, 4.10439279221e-005, 2.31703234022e-005, 3.3308773709e-005, 1.71313567989e-005, 2.27907712542e-005, 1.65575620485e-005, 1.31250144477e-005, 1.43397410284e-005, 2.11844635487e-005, 2.71364278888e-005, 3.74441369786e-005, 8.59306746861e-005, 0.000181447991054, 0.000155899295351, 0.000153447806952, 4.35587608081e-005, 1.42745593621e-005, 6.89829948897e-006, 2.63238780462e-006, 4.4720824377e-008, 7.39779626446e-011, 1.43030916971e-011]
        min: [7.12737602804e-025, 3.31688006083e-024, 3.16303975976e-024, 2.2642861917e-024, 7.45465509053e-024, 6.48105124434e-024, 1.19186390929e-023, 6.82222845825e-024, 2.169208455e-023, 1.38049238464e-023, 2.03269008001e-023, 2.91396414701e-023, 3.13402478513e-023, 5.05755008426e-023, 4.86512671464e-023, 6.95132933193e-023, 5.93222138549e-023, 1.21444366431e-022, 1.22953766576e-022, 1.90524676087e-022, 2.98769872338e-022, 2.86327529001e-022, 4.32781411456e-022, 5.93925625771e-022, 8.16227335682e-022, 1.34198785666e-021, 1.95405526377e-021, 4.70676522295e-022]
        var: [1.63515780777e-011, 6.82934668816e-008, 2.83776302012e-007, 1.35659348643e-007, 1.07989585274e-007, 1.77157133407e-007, 4.72578207678e-008, 1.35919906441e-008, 6.83066332385e-008, 1.4044144514e-008, 1.90029538771e-008, 1.14478400093e-008, 1.04626982633e-008, 6.6016832001e-009, 1.69675047346e-008, 2.94416775404e-008, 4.74556927088e-008, 1.39412307476e-007, 5.02871671415e-007, 2.73876679557e-007, 4.3462296162e-007, 7.30303000296e-008, 4.8629975602e-009, 4.8378585582e-009, 1.35649314004e-009, 7.3424285315e-013, 1.44371489998e-019, 4.49725335907e-021]
    mfcc:
        mean: [-726.324768066, 81.114982605, -6.63949537277, 62.0102920532, -8.86620521545, 4.70872449875, 5.3303194046, 0.315405219793, -0.95363265276, -2.0713763237, -5.12484121323, -3.50957989693, -6.00706720352]
        cov: [[7729.80957031, -383.628540039, -432.284423828, 310.151123047, -170.556732178, 226.147201538, 191.031112671, 118.721427917, 28.9658813477, 77.3756027222, 41.0510177612, 58.4168739319, -23.8558254242], [-383.628540039, 1077.68164063, -104.72328186, 70.5098724365, -36.3472633362, -15.064950943, 105.343429565, 6.10430002213, 28.4305057526, 25.3965682983, 4.5696387291, -24.274438858, -31.1036224365], [-432.284423828, -104.72328186, 870.676147461, -9.33903980255, 87.7643890381, -33.0243415833, -20.0695514679, 6.23747301102, 0.277550578117, -31.8775157928, -14.1180839539, 17.4775390625, 12.8335514069], [310.151123047, 70.5098724365, -9.33903980255, 558.864196777, 14.9468297958, 194.96156311, 14.1117095947, 57.924041748, 48.2189064026, 1.1958220005, 2.97117471695, 8.77123832703, -28.9904117584], [-170.556732178, -36.3472633362, 87.7643890381, 14.9468297958, 299.585845947, 6.99171257019, 47.3959083557, 2.32511377335, 22.1107006073, 22.3389129639, -0.931207358837, 7.96901082993, 21.9643955231], [226.147201538, -15.064950943, -33.0243415833, 194.96156311, 6.99171257019, 350.127990723, 73.1422348022, 79.4912033081, 41.3184165955, 23.140542984, 54.5404472351, 9.13601875305, -26.3747386932], [191.031112671, 105.343429565, -20.0695514679, 14.1117095947, 47.3959083557, 73.1422348022, 230.857574463, 26.4969482422, 25.8323307037, 62.8120689392, -7.11780786514, 5.50528001785, -3.16109037399], [118.721427917, 6.10430002213, 6.23747301102, 57.924041748, 2.32511377335, 79.4912033081, 26.4969482422, 161.120010376, 55.618434906, 16.4081325531, 19.2634906769, 16.0601177216, 6.25491094589], [28.9658813477, 28.4305057526, 0.277550578117, 48.2189064026, 22.1107006073, 41.3184165955, 25.8323307037, 55.618434906, 119.10521698, 40.5823440552, 12.7381820679, 4.6752409935, -4.33181095123], [77.3756027222, 25.3965682983, -31.8775157928, 1.1958220005, 22.3389129639, 23.140542984, 62.8120689392, 16.4081325531, 40.5823440552, 141.871749878, 18.0703811646, -1.54493069649, -2.08892035484], [41.0510177612, 4.5696387291, -14.1180839539, 2.97117471695, -0.931207358837, 54.5404472351, -7.11780786514, 19.2634906769, 12.7381820679, 18.0703811646, 112.135932922, 29.8617420197, -9.28800106049], [58.4168739319, -24.274438858, 17.4775390625, 8.77123832703, 7.96901082993, 9.13601875305, 5.50528001785, 16.0601177216, 4.6752409935, -1.54493069649, 29.8617420197, 96.2289047241, 26.0245838165], [-23.8558254242, -31.1036224365, 12.8335514069, -28.9904117584, 21.9643955231, -26.3747386932, -3.16109037399, 6.25491094589, -4.33181095123, -2.08892035484, -9.28800106049, 26.0245838165, 92.8555679321]]
        icov: [[0.000148887804244, 8.53297387948e-005, 6.93647234584e-005, -9.14513730095e-005, 0.000104807470052, 1.93278410734e-005, -0.000167472826433, -6.71093293931e-005, 3.71068417735e-005, -2.40800654865e-005, -3.70667185052e-005, -5.95990095462e-005, 2.2398218789e-005], [8.53297387948e-005, 0.00109087768942, 0.000134371730383, -0.000280678068521, 0.000245370756602, 0.000389418768464, -0.000736426271033, -2.61720961134e-005, -0.000185010765563, 0.000119357879157, -0.000336943310685, 0.000277008221019, 0.000193105850485], [6.93647234584e-005, 0.000134371730383, 0.00125232664868, -4.505634206e-005, -0.000323881366057, 0.000130745873321, -2.37304047914e-005, -0.000153213215526, -3.46326996805e-005, 0.000271166674793, 0.000118545736768, -0.000243568661972, 8.35492974147e-005], [-9.14513730095e-005, -0.000280678068521, -4.505634206e-005, 0.00247142859735, -0.000256573490333, -0.00148760026786, 0.000666823470965, -8.81472442416e-005, -0.000550527067389, 0.000102006575617, 0.000981869408861, -0.000517569831572, 0.000546992698219], [0.000104807470052, 0.000245370756602, -0.000323881366057, -0.000256573490333, 0.00380974612199, 0.000161226955242, -0.000980262178928, 0.000338447018294, -0.00062976044137, -0.000203565781703, -0.000249677075772, 0.000104513892438, -0.00092599412892], [1.93278410734e-005, 0.000389418768464, 0.000130745873321, -0.00148760026786, 0.000161226955242, 0.00472359079868, -0.00163465330843, -0.00139747106005, -4.05510108976e-005, 0.000371110159904, -0.00229856185615, 0.000623091182206, 0.000596842495725], [-0.000167472826433, -0.000736426271033, -2.37304047914e-005, 0.000666823470965, -0.000980262178928, -0.00163465330843, 0.00623393896967, -0.00023679775768, 0.000107822830614, -0.00238406844437, 0.00194902264047, -0.000959669006988, 0.000332820753101], [-6.71093293931e-005, -2.61720961134e-005, -0.000153213215526, -8.81472442416e-005, 0.000338447018294, -0.00139747106005, -0.00023679775768, 0.00831862445921, -0.00344395940192, 0.000330293289153, -0.0003377442481, -0.000628273701295, -0.00108869827818], [3.71068417735e-005, -0.000185010765563, -3.46326996805e-005, -0.000550527067389, -0.00062976044137, -4.05510108976e-005, 0.000107822830614, -0.00344395940192, 0.0113514494151, -0.00275419326499, -0.000146145030158, -0.000110932458483, 0.000637646880932], [-2.40800654865e-005, 0.000119357879157, 0.000271166674793, 0.000102006575617, -0.000203565781703, 0.000371110159904, -0.00238406844437, 0.000330293289153, -0.00275419326499, 0.00911150500178, -0.0017916689394, 0.000964893901255, -0.000294837518595], [-3.70667185052e-005, -0.000336943310685, 0.000118545736768, 0.000981869408861, -0.000249677075772, -0.00229856185615, 0.00194902264047, -0.0003377442481, -0.000146145030158, -0.0017916689394, 0.0118236746639, -0.00421608891338, 0.00198024953716], [-5.95990095462e-005, 0.000277008221019, -0.000243568661972, -0.000517569831572, 0.000104513892438, 0.000623091182206, -0.000959669006988, -0.000628273701295, -0.000110932458483, 0.000964893901255, -0.00421608891338, 0.013081504032, -0.00396007206291], [2.2398218789e-005, 0.000193105850485, 8.35492974147e-005, 0.000546992698219, -0.00092599412892, 0.000596842495725, 0.000332820753101, -0.00108869827818, 0.000637646880932, -0.000294837518595, 0.00198024953716, -0.00396007206291, 0.0128033924848]]
    sccoeffs:
        dmean: [0.0464127287269, 0.0494439899921, 0.0416880138218, 0.0320487171412, 0.024423673749, 0.027867147699]
        dmean2: [0.077843375504, 0.081257134676, 0.0685924142599, 0.0526467822492, 0.0388987772167, 0.0408012904227]
        dvar: [0.00160701293498, 0.00157042825595, 0.00111222441774, 0.000671897490975, 0.000405394210247, 0.000700032280292]
        dvar2: [0.00436271168292, 0.00416449317709, 0.00294423219748, 0.00177049997728, 0.000970889639575, 0.00136733811814]
        max: [-0.351101785898, -0.432439208031, -0.518194437027, -0.526139497757, -0.523535728455, -0.485896885395]
        mean: [-0.622230648994, -0.728393316269, -0.769189655781, -0.785237908363, -0.781430065632, -0.744266629219]
        median: [-0.629281044006, -0.732897043228, -0.774369478226, -0.790079116821, -0.785339534283, -0.751949131489]
        min: [-0.996879041195, -0.995006501675, -0.994602143764, -0.994914591312, -0.990403532982, -0.965261161327]
        var: [0.00786831881851, 0.00552662787959, 0.00382629153319, 0.00284897279926, 0.00189630547538, 0.00472469022498]
    scvalleys:
        dmean: [0.370279103518, 0.394247889519, 0.341749548912, 0.321694850922, 0.316462129354, 0.362157315016]
        dmean2: [0.61590129137, 0.634132802486, 0.532717883587, 0.483461916447, 0.414312958717, 0.464023470879]
        dvar: [0.137009128928, 0.152953833342, 0.110382921994, 0.114468201995, 0.125459805131, 0.159454494715]
        dvar2: [0.298937290907, 0.307519078255, 0.202590942383, 0.190336629748, 0.179448202252, 0.250649273396]
        max: [-5.14275884628, -5.13875246048, -5.62643718719, -5.55233716965, -5.33358383179, -6.78526067734]
        mean: [-6.90553617477, -7.23912000656, -7.74713802338, -8.05903720856, -7.60319900513, -9.48022460938]
        median: [-6.52756690979, -6.97573947906, -7.49337863922, -7.84240818024, -7.3395690918, -9.1089553833]
        min: [-27.9243755341, -28.2358074188, -27.6388015747, -27.5913963318, -27.5275878906, -27.3898391724]
        var: [3.42321181297, 2.56282782555, 2.70539426804, 2.71789050102, 2.99584960938, 3.70083665848]

rhythm:
    beats_loudness:
        dmean: 0.0065535241738
        dmean2: 0.0130005925894
        dvar: 2.42342412093e-005
        dvar2: 8.59210631461e-005
        max: 0.0253029130399
        mean: 0.00773106142879
        median: 0.00644031679258
        min: 0
        var: 2.82560431515e-005
    bpm: 83.0741043091
    bpm_confidence: 0
    first_peak_bpm: 83
    first_peak_spread: 0.060046132654
    first_peak_weight: 0.912556052208
    onset_rate: 4.17720937729
    second_peak_bpm: 105
    second_peak_spread: 0.5
    second_peak_weight: 0.00896861031651
    beats_loudness_band_ratio:
        dmean: [0.281456381083, 0.0731757134199, 0.0608344972134, 0.03405399248, 0.0827482789755, 0.304454356432]
        dmean2: [0.554774224758, 0.130790248513, 0.112085819244, 0.0588938184083, 0.149590983987, 0.604096233845]
        dvar: [0.0351946651936, 0.00736553128809, 0.00887289177626, 0.00136307964567, 0.00439510680735, 0.0246856659651]
        dvar2: [0.120356909931, 0.0202010422945, 0.0305583104491, 0.00354686309583, 0.0136222923175, 0.0859061405063]
        max: [0.857173383236, 0.889513194561, 0.622797071934, 0.285398304462, 0.618314266205, 0.803787767887]
        mean: [0.268462747335, 0.102872267365, 0.0692999586463, 0.0463233105838, 0.141562357545, 0.392136693001]
        median: [0.211996227503, 0.0746950432658, 0.042473860085, 0.034809872508, 0.125774890184, 0.383265167475]
        min: [0, 0, 0, 0, 0, 0]
        var: [0.0427230075002, 0.0117731951177, 0.00752894254401, 0.0016931805294, 0.00788208097219, 0.0416219942272]
    beats_position: [0.66176867485, 1.33514738083, 2.02013611794, 2.71673464775, 3.42494320869, 4.14476203918, 4.85297060013, 5.5727891922, 6.29260778427, 7.02403593063, 7.75546455383, 8.47528362274, 9.19510173798, 9.91492080688, 10.6347389221, 11.354557991, 12.0743761063, 12.8058052063, 13.5256233215, 14.2570514679, 14.9768705368, 15.696688652, 16.4165077209, 17.1363258362, 17.8561439514, 18.5875740051, 19.3073921204, 20.0388202667, 20.758638382, 21.4784584045, 22.1982765198, 22.918094635, 23.6379127502, 24.369342804, 25.0891609192, 25.8205890656, 26.5404071808, 27.2602272034, 27.9800453186, 28.6998634338, 29.4196815491, 30.1394996643, 30.8593196869, 31.5907478333, 32.3105659485, 33.0419960022, 33.7618141174, 34.4816322327, 35.2014503479, 35.9212684631, 36.6410865784, 37.3725166321, 38.0923347473, 38.823764801, 39.5435829163, 40.2634010315, 40.9832191467, 41.7146492004, 42.4344673157, 43.1658935547, 43.8857116699, 44.6055335999, 45.3253517151, 46.0451698303, 46.7533760071, 47.473197937, 48.204624176, 48.9244422913, 49.6442604065, 50.3756904602, 51.1071205139, 51.8269386292, 52.5467567444, 53.2665748596, 53.9863929749, 54.7062110901, 55.4260292053, 56.157459259, 56.8888893127, 57.608707428, 58.3285255432, 59.0483436584, 59.7681617737, 60.4879798889, 61.2194099426, 61.9508361816, 62.6706581116, 63.3904762268, 64.1102905273, 64.8417205811, 65.5615386963, 66.2813568115, 67.0011749268, 67.7326049805, 68.4524230957, 69.1722412109, 69.8920593262, 70.6118774414, 71.3316955566, 72.0631256104, 72.7829437256, 73.5143737793, 74.2341918945, 74.9540100098, 75.673828125, 76.3936462402, 77.1134643555, 77.8448944092, 78.5763244629, 79.2961425781, 80.0159606934, 80.7357788086, 81.4555969238, 82.1754150391, 82.8952331543, 83.6150588989, 84.3348770142, 85.0662994385, 85.7977294922, 86.5175476074, 87.2373657227, 87.9571838379, 88.6770019531, 89.3968200684, 90.116645813, 90.8480682373, 91.579498291, 92.2993164063, 93.0191345215, 93.7389526367, 94.458770752, 95.1785888672, 95.8984146118, 96.6298370361, 97.3496551514, 98.0810852051, 98.8009033203, 99.5207214355, 100.240539551, 100.960357666, 101.680175781, 102.400001526, 103.13142395, 103.862854004, 104.582672119, 105.302490234, 106.02230835, 106.742126465, 107.46194458, 108.193374634, 108.924804688, 109.644622803, 110.364440918, 111.084259033, 111.804077148, 112.535507202, 113.255325317, 113.986755371, 114.706573486, 115.426391602, 116.134597778, 116.854415894, 117.585845947, 118.305664063, 119.025482178, 119.756912231, 120.476730347, 121.2081604, 121.927978516, 122.647796631, 123.367614746, 124.087432861, 124.807250977, 125.53868103, 126.258499146, 126.989929199, 127.721359253, 128.452789307, 129.172607422, 129.892425537, 130.612243652, 131.332061768, 132.051879883, 132.771697998, 133.491516113, 134.222946167, 134.954376221, 135.674194336, 136.394012451, 137.113830566, 137.833648682, 138.553466797, 139.273284912, 140.004714966, 140.724533081, 141.455963135, 142.17578125, 142.895599365, 143.61541748, 144.335235596, 145.055053711, 145.774871826, 146.50630188, 147.237731934, 147.957550049, 148.677368164, 149.385574341, 150.117004395, 150.83682251, 151.556640625, 152.27645874, 152.996276855, 153.727706909, 154.459136963, 155.16734314, 155.875549316, 156.60697937, 157.338409424, 158.058227539, 158.778045654, 159.509475708, 160.240905762, 160.960723877, 161.680541992, 162.400360107, 163.120178223, 163.839996338, 164.559814453, 165.279632568, 165.999450684, 166.719268799, 167.439086914, 168.170516968, 168.901947021, 169.621765137, 170.341583252, 171.061401367, 171.781219482, 172.501037598, 173.220855713, 173.952285767, 174.68371582, 175.403533936, 176.123352051, 176.843170166, 177.57460022, 178.294418335, 179.025848389, 179.745666504, 180.465484619, 181.185302734, 181.90512085, 182.624938965, 183.356369019, 184.076187134, 184.807617188, 185.515823364, 186.235641479, 186.955459595, 187.686889648, 188.406707764, 189.138137817, 189.857955933, 190.589385986, 191.297592163, 192.029022217, 192.748840332, 193.468658447, 194.188476563, 194.908294678, 195.628112793, 196.347930908, 197.067749023, 197.799179077, 198.530609131, 199.250427246, 199.970245361, 200.690063477, 201.409881592, 202.129699707, 202.849517822, 203.580947876, 204.300765991, 205.032196045, 205.75201416, 206.483444214, 207.191650391, 207.911468506, 208.631286621, 209.362716675, 210.08253479, 210.802352905, 211.522171021, 212.253601074, 212.973419189, 213.693237305, 214.41305542, 215.144485474, 215.864303589, 216.595733643, 217.327163696, 218.05859375, 218.766799927, 219.475006104, 220.194824219, 220.914642334, 221.634460449, 222.354278564, 223.085708618, 223.817138672, 224.536956787, 225.256774902, 225.976593018, 226.696411133, 227.416229248, 228.136047363, 228.867477417, 229.598907471, 230.318725586, 231.038543701, 231.758361816, 232.48979187, 233.209609985, 233.929428101, 234.660858154, 235.403900146, 236.112106323, 236.8203125, 237.540130615, 238.25994873, 238.979766846, 239.699584961, 240.431015015, 241.15083313, 241.870651245, 242.602081299, 243.333511353, 244.064941406, 244.784759521, 245.504577637, 246.224395752, 246.944213867, 247.664031982, 248.395462036, 249.12689209, 249.846710205, 250.56652832, 251.286346436, 252.006164551, 252.737594604, 253.45741272, 254.188842773, 254.908660889, 255.628479004, 256.348297119, 257.068115234, 257.78793335, 258.507751465, 259.22756958, 259.947387695, 260.667205811, 261.398620605, 262.118438721, 262.849884033, 263.569702148, 264.289520264, 265.009338379, 265.740753174, 266.460571289, 267.168792725, 267.88861084, 268.608428955, 269.33984375, 270.071289063, 270.791107178, 271.510925293, 272.230743408, 272.962158203, 273.681976318, 274.413421631, 275.133239746, 275.864654541, 276.572875977, 277.292694092, 278.012512207, 278.720733643, 279.452148438, 280.183563232, 280.903381348, 281.63482666, 282.354644775, 283.074462891, 283.782684326, 284.502502441, 285.222320557, 285.953735352, 286.673553467, 287.416595459, 288.136413574, 288.856231689, 289.576049805, 290.29586792, 291.015686035, 291.73550415, 292.466918945, 293.198364258, 293.918182373, 294.638000488, 295.357818604, 296.077636719, 296.797454834, 297.517272949, 298.237091064, 298.980133057, 299.699951172, 300.419769287, 301.127990723, 301.859405518, 302.579223633, 303.310638428, 304.030456543, 304.761901855, 305.481719971, 306.201538086, 306.932952881, 307.641174316, 308.360992432, 309.080810547, 309.800628662, 310.520446777, 311.240264893, 311.960083008, 312.679901123, 313.399719238, 314.107940674, 314.816131592, 315.466308594, 316.104858398, 316.650512695, 317.207794189, 317.765075684, 318.333953857, 318.902862549, 319.460144043, 320.029022217, 320.597900391, 321.155181885]
