
metadata:
    version:
        essentia: "2.1-beta2"
    audio_properties:
        analysis_sample_rate: 44100
        bitrate: 128
        channels: 2
        equal_loudness: 1
        length: 248.790206909
        replay_gain: -16.5980014801
        downmix: "mix"
    tags:
        album: "Contraddiction"
        artist: "Mass Hysteria"
        comment: ""
        date: "1999"
        genre: "Metal"
        title: "Finistere Amer"
        tracknumber: "5"

configuration:
    average_loudness:
        compute: 1
        frameSize: 88200
        hopSize: 44100
        silentFrames: "noise"
        windowType: "hann"
    general:
        analysisSampleRate: 44100
        endTime: 2000
        equalLoudness: 1
        nequalLoudness: 0
        shortSound: 0
        startTime: 0
    lowlevel:
        compute: 1
        frameSize: 2048
        hopSize: 1024
        zeroPadding: 0
        silentFrames: "noise"
        windowType: "blackmanharris62"
        mfccStats: ["mean", "cov", "icov"]
        stats: ["mean", "var", "median", "min", "max", "dmean", "dmean2", "dvar", "dvar2"]
    panning:
        compute: 0
        frameSize: 8192
        hopSize: 2048
        zeroPadding: 8192
        silentFrames: "noise"
        windowType: "hann"
        stats: ["copy"]
    rhythm:
        compute: 1
        maxTempo: 208
        minTempo: 40
        method: "degara"
        stats: ["mean", "var", "median", "min", "max", "dmean", "dmean2", "dvar", "dvar2"]
    segmentation:
        compute: 0
        cpw: 5
        inc1: 300
        inc2: 50
        minimumSegmentsLength: 10
        size1: 1000
        size2: 600
    sfx:
        compute: 1
        stats: ["mean", "var", "median", "min", "max", "dmean", "dmean2", "dvar", "dvar2"]
    svm:
        compute: 0
    tonal:
        compute: 1
        frameSize: 4096
        hopSize: 2048
        zeroPadding: 0
        silentFrames: "noise"
        windowType: "blackmanharris62"
        stats: ["mean", "var", "median", "min", "max", "dmean", "dmean2", "dvar", "dvar2"]

lowlevel:
    average_loudness: 0.832561671734
    barkbands_kurtosis:
        dmean: 1.07212674618
        dmean2: 1.68610465527
        dvar: 4.48610925674
        dvar2: 9.28047847748
        max: 49.2947731018
        mean: 0.0681465491652
        median: -1.00883364677
        min: -1.94247186184
        var: 13.3417186737
    barkbands_skewness:
        dmean: 0.417807102203
        dmean2: 0.657807350159
        dvar: 0.191013157368
        dvar2: 0.438093006611
        max: 6.6028342247
        mean: -0.236073702574
        median: -0.524691224098
        min: -4.46370363235
        var: 1.45195090771
    barkbands_spread:
        dmean: 6.57242822647
        dmean2: 10.4882659912
        dvar: 45.9211730957
        dvar2: 107.285491943
        max: 78.9552459717
        mean: 41.2371406555
        median: 42.9356536865
        min: 2.34986400604
        var: 173.97038269
    dissonance:
        dmean: 0.00889780931175
        dmean2: 0.0150521118194
        dvar: 0.000126683939015
        dvar2: 0.000342297367752
        max: 0.499999970198
        mean: 0.481961160898
        median: 0.487847566605
        min: 0.268416285515
        var: 0.000329394591972
    hfc:
        dmean: 2.49148440361
        dmean2: 4.16107273102
        dvar: 13.9959573746
        dvar2: 37.1102218628
        max: 51.8953285217
        mean: 10.798210144
        median: 10.5624628067
        min: 1.0811913674e-016
        var: 81.2058029175
    pitch:
        dmean: 450.512542725
        dmean2: 854.184875488
        dvar: 1012641.875
        dvar2: 2650613.75
        max: 5381.50927734
        mean: 2773.14306641
        median: 3720.63867188
        min: 72.7734298706
        var: 2575063.75
    pitch_instantaneous_confidence:
        dmean: 0.0694396793842
        dmean2: 0.115568250418
        dvar: 0.00379159697331
        dvar2: 0.00986639969051
        max: 0.923419892788
        mean: 0.471642315388
        median: 0.461366325617
        min: 0.124996125698
        var: 0.01764119789
    pitch_salience:
        dmean: 0.0534712336957
        dmean2: 0.0871940031648
        dvar: 0.00261056493036
        dvar2: 0.00645104423165
        max: 0.998808383942
        mean: 0.628641009331
        median: 0.668472528458
        min: 0.158114030957
        var: 0.0145213818178
    silence_rate_20dB:
        dmean: 0
        dmean2: 0
        dvar: 0
        dvar2: 0
        max: 1
        mean: 1
        median: 1
        min: 1
        var: 0
    silence_rate_30dB:
        dmean: 0
        dmean2: 0
        dvar: 0
        dvar2: 0
        max: 1
        mean: 1
        median: 1
        min: 1
        var: 0
    silence_rate_60dB:
        dmean: 0.0278114788234
        dmean2: 0.0556281507015
        dvar: 0.0270376224071
        dvar2: 0.06803060323
        max: 1
        mean: 0.355636417866
        median: 0
        min: 0
        var: 0.229152545333
    spectral_centroid:
        dmean: 271.956420898
        dmean2: 435.685211182
        dvar: 87054.8046875
        dvar2: 211682.078125
        max: 10713.9453125
        mean: 2132.24633789
        median: 2331.76318359
        min: 122.14655304
        var: 691485.5
    spectral_complexity:
        dmean: 2.87746143341
        dmean2: 4.74836683273
        dvar: 9.24371051788
        dvar2: 23.4463043213
        max: 46
        mean: 16.5096111298
        median: 19
        min: 0
        var: 128.76701355
    spectral_crest:
        dmean: 1.58840405941
        dmean2: 2.62814903259
        dvar: 2.44940257072
        dvar2: 6.37669324875
        max: 22.5439853668
        mean: 6.98356866837
        median: 6.25356054306
        min: 2.73405981064
        var: 6.5095038414
    spectral_decrease:
        dmean: 2.00700553399e-010
        dmean2: 3.32437410933e-010
        dvar: 9.17253472677e-020
        dvar2: 2.40524243946e-019
        max: -2.43930221924e-029
        mean: -8.98078666989e-010
        median: -9.17473874651e-010
        min: -3.7613299142e-009
        var: 3.67190488695e-019
    spectral_energy:
        dmean: 0.0009496503626
        dmean2: 0.00157718057744
        dvar: 2.04278785532e-006
        dvar2: 5.36120887773e-006
        max: 0.0173621121794
        mean: 0.00436900183558
        median: 0.00446441117674
        min: 1.01970633467e-020
        var: 9.3247363111e-006
    spectral_energyband_high:
        dmean: 0.00029701157473
        dmean2: 0.000505343312398
        dvar: 2.19826844727e-007
        dvar2: 5.8413388615e-007
        max: 0.00758898723871
        mean: 0.000911100534722
        median: 0.000841140106786
        min: 7.47368184758e-021
        var: 7.31131081011e-007
    spectral_energyband_low:
        dmean: 0.000268156436505
        dmean2: 0.000436699396232
        dvar: 1.11862696883e-007
        dvar2: 2.99459401276e-007
        max: 0.00606890022755
        mean: 0.00066712743137
        median: 0.000623727100901
        min: 5.3561724333e-023
        var: 2.45834513635e-007
    spectral_energyband_middle_high:
        dmean: 0.000468655489385
        dmean2: 0.000777000561357
        dvar: 3.63513663615e-007
        dvar2: 9.38487175972e-007
        max: 0.010610547848
        mean: 0.00200268230401
        median: 0.00195056502707
        min: 1.52761750568e-021
        var: 2.75752472589e-006
    spectral_energyband_middle_low:
        dmean: 0.0004142607213
        dmean2: 0.000675232382491
        dvar: 6.80066818859e-007
        dvar2: 1.78025209152e-006
        max: 0.0108884004876
        mean: 0.000940782600082
        median: 0.000749895931222
        min: 1.78875396706e-022
        var: 9.33619844545e-007
    spectral_flatness_db:
        dmean: 0.0147455492988
        dmean2: 0.0224824622273
        dvar: 0.000230307559832
        dvar2: 0.000471302046208
        max: 0.345847427845
        mean: 0.162895813584
        median: 0.1461597085
        min: 0.0656767338514
        var: 0.00224429275841
    spectral_flux:
        dmean: 0.00556439440697
        dmean2: 0.00865505635738
        dvar: 4.83928306494e-005
        dvar2: 9.23094339669e-005
        max: 0.0994829535484
        mean: 0.0364328175783
        median: 0.0392668023705
        min: 6.89578047441e-011
        var: 0.00037630830775
    spectral_kurtosis:
        dmean: 1.31700408459
        dmean2: 2.1886279583
        dvar: 5.97796440125
        dvar2: 15.8387374878
        max: 65.9470672607
        mean: 2.88460040092
        median: 1.88723862171
        min: -1.38510489464
        var: 11.6701774597
    spectral_rms:
        dmean: 0.000206237207749
        dmean2: 0.000338298414135
        dvar: 6.65870061312e-008
        dvar2: 1.72363570528e-007
        max: 0.00411565881222
        mean: 0.00188121723477
        median: 0.00208698888309
        min: 3.15410132908e-012
        var: 7.23466143882e-007
    spectral_rolloff:
        dmean: 323.659332275
        dmean2: 541.460327148
        dvar: 340270.84375
        dvar2: 740485.4375
        max: 18497.0214844
        mean: 3671.73388672
        median: 4134.375
        min: 107.666015625
        var: 1480563
    spectral_skewness:
        dmean: 0.188648536801
        dmean2: 0.303292572498
        dvar: 0.0704759955406
        dvar2: 0.165722280741
        max: 6.22598600388
        mean: 1.03874576092
        median: 0.968457043171
        min: 0.00995327532291
        var: 0.206406846642
    spectral_spread:
        dmean: 531745.5625
        dmean2: 744506.75
        dvar: 605642489856
        dvar2: 1.10106365133e+012
        max: 41624108
        mean: 5241176.5
        median: 5163828
        min: 1437231.25
        var: 4.29711399322e+012
    spectral_strongpeak:
        dmean: 0.448630541563
        dmean2: 0.807104229927
        dvar: 0.702934622765
        dvar2: 1.92923212051
        max: 10.0638179779
        mean: 0.491676986217
        median: 0.116595894098
        min: 8.02386102006e-010
        var: 0.774663031101
    zerocrossingrate:
        dmean: 0.00822809711099
        dmean2: 0.0101642617956
        dvar: 7.73354695411e-005
        dvar2: 9.93219800876e-005
        max: 0.4970703125
        mean: 0.117463126779
        median: 0.12841796875
        min: 0.0048828125
        var: 0.00142674916424
    barkbands:
        dmean: [1.05097160485e-006, 0.000106465100544, 0.000164693628903, 0.000119496202387, 0.000242573180003, 8.22027068352e-005, 6.44612373435e-005, 5.58661449759e-005, 3.47665663867e-005, 2.66854131041e-005, 1.33492376335e-005, 1.46410238813e-005, 1.02840604086e-005, 1.76988123712e-005, 2.96753951261e-005, 6.02386135142e-005, 9.44056446315e-005, 0.000166280166013, 0.000243454560405, 0.000275436788797, 0.000137056355015, 7.03375335434e-005, 1.30113185151e-005, 5.63736011827e-006, 3.7164340938e-006, 2.32094777175e-007, 1.93184163111e-010]
        dmean2: [1.41541977428e-006, 0.000173403284862, 0.00026925286511, 0.000196960143512, 0.000406316452427, 0.000134913105285, 0.00011086192535, 9.12662799237e-005, 5.6239659898e-005, 4.25477155659e-005, 2.19975117943e-005, 2.34618855757e-005, 1.69103550434e-005, 2.91902852041e-005, 4.87829420308e-005, 9.99725307338e-005, 0.000156817244715, 0.000277311395621, 0.000412474502809, 0.000475041917525, 0.000231150188483, 0.000119104923215, 2.12448230741e-005, 8.80705920281e-006, 5.58270630791e-006, 3.51427786427e-007, 3.53327311853e-010]
        dvar: [5.28996594792e-012, 1.92082598716e-008, 4.55988562464e-008, 2.63527084599e-008, 3.78957508929e-007, 2.21267004719e-008, 3.28101208424e-008, 1.77433445714e-008, 6.30076479879e-009, 3.43281048032e-009, 8.72784566841e-010, 1.10152686972e-009, 7.13700043509e-010, 1.97664595802e-009, 4.98374364e-009, 8.11459432981e-009, 1.90729405602e-008, 5.12776523465e-008, 1.00401074121e-007, 1.38040405773e-007, 4.18459613627e-008, 2.34979822267e-008, 6.65254906718e-010, 1.411915862e-010, 4.92401570906e-011, 2.27794020626e-013, 9.72418535469e-020]
        dvar2: [9.6328899718e-012, 5.23638803429e-008, 1.22011215353e-007, 6.66038530994e-008, 1.01587988866e-006, 6.0082996356e-008, 9.0011418763e-008, 4.36924452174e-008, 1.56418291652e-008, 7.70126540317e-009, 2.01372807318e-009, 2.46409537219e-009, 1.67264380124e-009, 5.01043073697e-009, 1.21648566775e-008, 2.16206572645e-008, 4.92600165103e-008, 1.35177032234e-007, 2.73540962326e-007, 3.89112415178e-007, 1.14164855347e-007, 5.84345549726e-008, 1.67023384012e-009, 3.06367181624e-010, 1.09996428632e-010, 5.10120916862e-013, 3.07407896928e-019]
        max: [1.88596677617e-005, 0.00152492837515, 0.00260635325685, 0.00522084906697, 0.00994065683335, 0.00423960899934, 0.00266514602117, 0.00230417679995, 0.00157210184261, 0.00191638525575, 0.00141771917697, 0.00169416668359, 0.00114867696539, 0.00170999846887, 0.00197660014965, 0.0021897284314, 0.00273203314282, 0.00505291391164, 0.0055697443895, 0.0056907562539, 0.00348845799454, 0.00371174770407, 0.000522536283825, 0.00031109014526, 0.000157554793986, 1.2570684703e-005, 4.17927159546e-009]
        mean: [1.13564067306e-006, 0.000225683412282, 0.000317740894388, 0.000195170330699, 0.000357588782208, 0.000149021550897, 7.79037000029e-005, 8.2109363575e-005, 5.61439082958e-005, 4.75500055472e-005, 2.16436892515e-005, 2.57664050878e-005, 1.56570840772e-005, 2.77716699202e-005, 5.12574188178e-005, 0.000132143337396, 0.00021135386487, 0.000401501747547, 0.00065078062471, 0.000737845723052, 0.000398107018555, 0.000136649003252, 2.70893815468e-005, 1.24962898553e-005, 8.4595512817e-006, 4.28674923114e-007, 1.71011024785e-010]
        median: [7.90632341818e-008, 0.000196339155082, 0.000252448342508, 0.000122179248137, 0.000202220689971, 8.24459275464e-005, 3.23863714584e-005, 3.02407097479e-005, 2.02372411877e-005, 1.79178441613e-005, 1.17455529107e-005, 1.19583819469e-005, 7.84422809375e-006, 1.47992377606e-005, 2.65513808699e-005, 0.000103267724626, 0.000164980374393, 0.000336083234288, 0.000612617004663, 0.000713012879714, 0.00038247089833, 6.98125368217e-005, 1.36297803692e-005, 6.41513997834e-006, 4.09509311794e-006, 1.44301182559e-007, 6.02717736831e-011]
        min: [3.29697177538e-024, 9.95634522457e-024, 1.66749007938e-023, 2.14888077165e-023, 6.02113673801e-023, 1.96199536335e-023, 1.92617192747e-023, 3.98025331199e-024, 4.22958502843e-023, 3.81098324659e-023, 5.96280142071e-023, 6.07285319678e-023, 1.22702492289e-022, 1.01744048381e-022, 1.34544771224e-022, 1.41119138008e-022, 1.35367508972e-022, 2.13195276326e-022, 2.63454071603e-022, 2.43214980488e-022, 3.33223000032e-022, 4.42968799051e-022, 7.51362723947e-022, 7.79003248862e-022, 1.11055883675e-021, 1.29842445837e-021, 1.90685204864e-021]
        var: [7.68197744999e-012, 3.62095313733e-008, 8.58524131786e-008, 6.49755946824e-008, 3.5514383967e-007, 3.97654709161e-008, 2.9599140916e-008, 3.304430507e-008, 1.37598119565e-008, 9.08596398119e-009, 2.01209604533e-009, 3.99629618286e-009, 1.27483146262e-009, 2.94617086283e-009, 9.07892250268e-009, 2.19056097706e-008, 5.13323179518e-008, 1.64894586874e-007, 3.67109350918e-007, 4.46011114263e-007, 1.39546060041e-007, 5.00212813392e-008, 1.53236090483e-009, 4.45183556685e-010, 1.36331931855e-010, 5.03975550528e-013, 8.50159496099e-020]
    frequency_bands:
        dmean: [1.05097160485e-006, 0.000106465100544, 0.000164693628903, 0.000119496202387, 0.000242573180003, 8.22027068352e-005, 6.44612373435e-005, 5.58661449759e-005, 3.47665663867e-005, 2.66854131041e-005, 1.33492376335e-005, 1.46410238813e-005, 1.02840604086e-005, 1.76988123712e-005, 2.96753951261e-005, 6.02386135142e-005, 9.44056446315e-005, 0.000166280166013, 0.000243454560405, 0.000275436788797, 0.000137056355015, 7.03375335434e-005, 1.30113185151e-005, 5.63736011827e-006, 3.7164340938e-006, 2.32094777175e-007, 1.93184163111e-010, 5.10480269167e-011]
        dmean2: [1.41541977428e-006, 0.000173403284862, 0.00026925286511, 0.000196960143512, 0.000406316452427, 0.000134913105285, 0.00011086192535, 9.12662799237e-005, 5.6239659898e-005, 4.25477155659e-005, 2.19975117943e-005, 2.34618855757e-005, 1.69103550434e-005, 2.91902852041e-005, 4.87829420308e-005, 9.99725307338e-005, 0.000156817244715, 0.000277311395621, 0.000412474502809, 0.000475041917525, 0.000231150188483, 0.000119104923215, 2.12448230741e-005, 8.80705920281e-006, 5.58270630791e-006, 3.51427786427e-007, 3.53327311853e-010, 9.4415010532e-011]
        dvar: [5.28996594792e-012, 1.92082598716e-008, 4.55988562464e-008, 2.63527084599e-008, 3.78957508929e-007, 2.21267004719e-008, 3.28101208424e-008, 1.77433445714e-008, 6.30076479879e-009, 3.43281048032e-009, 8.72784566841e-010, 1.10152686972e-009, 7.13700043509e-010, 1.97664595802e-009, 4.98374364e-009, 8.11459432981e-009, 1.90729405602e-008, 5.12776523465e-008, 1.00401074121e-007, 1.38040405773e-007, 4.18459613627e-008, 2.34979822267e-008, 6.65254906718e-010, 1.411915862e-010, 4.92401570906e-011, 2.27794020626e-013, 9.72418535469e-020, 7.19600927129e-021]
        dvar2: [9.6328899718e-012, 5.23638803429e-008, 1.22011215353e-007, 6.66038530994e-008, 1.01587988866e-006, 6.0082996356e-008, 9.0011418763e-008, 4.36924452174e-008, 1.56418291652e-008, 7.70126540317e-009, 2.01372807318e-009, 2.46409537219e-009, 1.67264380124e-009, 5.01043073697e-009, 1.21648566775e-008, 2.16206572645e-008, 4.92600165103e-008, 1.35177032234e-007, 2.73540962326e-007, 3.89112415178e-007, 1.14164855347e-007, 5.84345549726e-008, 1.67023384012e-009, 3.06367181624e-010, 1.09996428632e-010, 5.10120916862e-013, 3.07407896928e-019, 2.32403647083e-020]
        max: [1.88596677617e-005, 0.00152492837515, 0.00260635325685, 0.00522084906697, 0.00994065683335, 0.00423960899934, 0.00266514602117, 0.00230417679995, 0.00157210184261, 0.00191638525575, 0.00141771917697, 0.00169416668359, 0.00114867696539, 0.00170999846887, 0.00197660014965, 0.0021897284314, 0.00273203314282, 0.00505291391164, 0.0055697443895, 0.0056907562539, 0.00348845799454, 0.00371174770407, 0.000522536283825, 0.00031109014526, 0.000157554793986, 1.2570684703e-005, 4.17927159546e-009, 1.18506993108e-009]
        mean: [1.13564067306e-006, 0.000225683412282, 0.000317740894388, 0.000195170330699, 0.000357588782208, 0.000149021550897, 7.79037000029e-005, 8.2109363575e-005, 5.61439082958e-005, 4.75500055472e-005, 2.16436892515e-005, 2.57664050878e-005, 1.56570840772e-005, 2.77716699202e-005, 5.12574188178e-005, 0.000132143337396, 0.00021135386487, 0.000401501747547, 0.00065078062471, 0.000737845723052, 0.000398107018555, 0.000136649003252, 2.70893815468e-005, 1.24962898553e-005, 8.4595512817e-006, 4.28674923114e-007, 1.71011024785e-010, 3.99818581021e-011]
        median: [7.90632341818e-008, 0.000196339155082, 0.000252448342508, 0.000122179248137, 0.000202220689971, 8.24459275464e-005, 3.23863714584e-005, 3.02407097479e-005, 2.02372411877e-005, 1.79178441613e-005, 1.17455529107e-005, 1.19583819469e-005, 7.84422809375e-006, 1.47992377606e-005, 2.65513808699e-005, 0.000103267724626, 0.000164980374393, 0.000336083234288, 0.000612617004663, 0.000713012879714, 0.00038247089833, 6.98125368217e-005, 1.36297803692e-005, 6.41513997834e-006, 4.09509311794e-006, 1.44301182559e-007, 6.02717736831e-011, 1.11958099042e-011]
        min: [3.29697177538e-024, 9.95634522457e-024, 1.66749007938e-023, 2.14888077165e-023, 6.02113673801e-023, 1.96199536335e-023, 1.92617192747e-023, 3.98025331199e-024, 4.22958502843e-023, 3.81098324659e-023, 5.96280142071e-023, 6.07285319678e-023, 1.22702492289e-022, 1.01744048381e-022, 1.34544771224e-022, 1.41119138008e-022, 1.35367508972e-022, 2.13195276326e-022, 2.63454071603e-022, 2.43214980488e-022, 3.33223000032e-022, 4.42968799051e-022, 7.51362723947e-022, 7.79003248862e-022, 1.11055883675e-021, 1.29842445837e-021, 1.90685204864e-021, 6.71994683588e-022]
        var: [7.68197744999e-012, 3.62095313733e-008, 8.58524131786e-008, 6.49755946824e-008, 3.5514383967e-007, 3.97654709161e-008, 2.9599140916e-008, 3.304430507e-008, 1.37598119565e-008, 9.08596398119e-009, 2.01209604533e-009, 3.99629618286e-009, 1.27483146262e-009, 2.94617086283e-009, 9.07892250268e-009, 2.19056097706e-008, 5.13323179518e-008, 1.64894586874e-007, 3.67109350918e-007, 4.46011114263e-007, 1.39546060041e-007, 5.00212813392e-008, 1.53236090483e-009, 4.45183556685e-010, 1.36331931855e-010, 5.03975550528e-013, 8.50159496099e-020, 5.53086682934e-021]
    mfcc:
        mean: [-734.788330078, 75.2897491455, -23.8245296478, 72.0594024658, -3.11117720604, -8.29601097107, 3.93016648293, -0.946849524975, 2.11153411865, -3.09248399734, -2.98847603798, -3.89721822739, -2.23938035965]
        cov: [[12349.3369141, -1075.02575684, 244.363861084, 1858.43432617, -481.671905518, 650.536621094, 147.754638672, 177.25378418, 481.576721191, 20.4639835358, -166.938491821, -257.719390869, -97.5585098267], [-1075.02575684, 1379.65026855, -259.479064941, -101.652122498, 216.36567688, -34.9630432129, 143.510070801, 68.6223068237, 9.13059711456, -14.8235197067, 28.7939987183, 58.0806388855, -28.2982120514], [244.363861084, -259.479064941, 721.361206055, -48.6482124329, -149.763702393, 120.770179749, 9.72164058685, 111.090446472, 71.7696838379, 14.8478822708, 36.0329475403, -17.6254634857, 49.0342407227], [1858.43432617, -101.652122498, -48.6482124329, 510.193054199, -31.2435874939, 93.3204193115, 16.0792427063, 7.26485300064, 74.051574707, -2.51969599724, -35.0299682617, -37.8128852844, -18.0943717957], [-481.671905518, 216.36567688, -149.763702393, -31.2435874939, 267.145629883, -9.83123683929, 51.8563117981, -16.4726486206, -9.90950870514, -2.10371756554, -21.7698421478, 15.3078279495, -30.6886978149], [650.536621094, -34.9630432129, 120.770179749, 93.3204193115, -9.83123683929, 174.334197998, 52.1364021301, 53.8532905579, 47.7218017578, 8.07476043701, 2.53721356392, -17.1168041229, -0.721101880074], [147.754638672, 143.510070801, 9.72164058685, 16.0792427063, 51.8563117981, 52.1364021301, 147.183959961, 56.2696800232, 32.7790222168, -2.6831908226, -10.7118005753, 2.71784996986, -3.018876791], [177.25378418, 68.6223068237, 111.090446472, 7.26485300064, -16.4726486206, 53.8532905579, 56.2696800232, 115.684509277, 59.2016639709, 11.12844944, 11.868062973, -2.85687232018, 7.00357866287], [481.576721191, 9.13059711456, 71.7696838379, 74.051574707, -9.90950870514, 47.7218017578, 32.7790222168, 59.2016639709, 116.406448364, 33.3964958191, 2.86979746819, -11.8055839539, 4.14329195023], [20.4639835358, -14.8235197067, 14.8478822708, -2.51969599724, -2.10371756554, 8.07476043701, -2.6831908226, 11.12844944, 33.3964958191, 72.6405639648, 27.2638626099, -3.89305043221, -0.294758319855], [-166.938491821, 28.7939987183, 36.0329475403, -35.0299682617, -21.7698421478, 2.53721356392, -10.7118005753, 11.868062973, 2.86979746819, 27.2638626099, 75.4741287231, 21.2089080811, 5.11262273788], [-257.719390869, 58.0806388855, -17.6254634857, -37.8128852844, 15.3078279495, -17.1168041229, 2.71784996986, -2.85687232018, -11.8055839539, -3.89305043221, 21.2089080811, 65.4318847656, 21.7090892792], [-97.5585098267, -28.2982120514, 49.0342407227, -18.0943717957, -30.6886978149, -0.721101880074, -3.018876791, 7.00357866287, 4.14329195023, -0.294758319855, 5.11262273788, 21.7090892792, 58.2575263977]]
        icov: [[0.000263129477389, 0.000111679546535, 6.06602006883e-005, -0.000718582770787, 0.000398299598601, -0.000424426310929, -0.000175266104634, 5.42607340321e-005, -0.000492551189382, 0.000108475833258, 0.000208032186492, 5.96645149926e-005, 0.000404688325943], [0.000111679546535, 0.0010983813554, 0.000401212018915, -0.000157391375978, -0.00037542253267, 9.71420740825e-005, -0.000739334209356, -0.000772731378675, -0.000364855717635, 0.000567356531974, -0.000647476117592, -0.000367524975445, 0.000414592097513], [6.06602006883e-005, 0.000401212018915, 0.00232806429267, 0.000455847504782, 0.000706048158463, -0.00131167145446, 0.00023122598941, -0.00150475918781, -0.000775351247285, 0.000676008989103, -0.000737039081287, 0.000697011768352, -0.00110935047269], [-0.000718582770787, -0.000157391375978, 0.000455847504782, 0.00472246203572, -0.000544494076166, -0.000391080713598, 0.000579893297981, 0.000673903035931, -0.00080235284986, 0.000534163613338, 8.5803490947e-005, 0.000242499096203, -0.000577472557779], [0.000398299598601, -0.00037542253267, 0.000706048158463, -0.000544494076166, 0.00612520938739, -0.00119831890333, -0.00178949697874, 0.00137656286824, -0.00101699086372, -0.000859377381857, 0.00244514527731, -0.00194036588073, 0.00325127481483], [-0.000424426310929, 9.71420740825e-005, -0.00131167145446, -0.000391080713598, -0.00119831890333, 0.00956582929939, -0.00207794364542, -0.00175264151767, 0.000456861685961, -0.00010105115507, -0.00149490730837, 0.00115682429168, -0.000423732359195], [-0.000175266104634, -0.000739334209356, 0.00023122598941, 0.000579893297981, -0.00178949697874, -0.00207794364542, 0.0107944328338, -0.00425340328366, -0.000140831994941, 0.000381727295462, 0.0019553147722, -0.000903488253243, -0.00038779899478], [5.42607340321e-005, -0.000772731378675, -0.00150475918781, 0.000673903035931, 0.00137656286824, -0.00175264151767, -0.00425340328366, 0.0168913621455, -0.0065142614767, 0.00131044816226, -0.00171466625761, 0.000442924763774, 9.91040797089e-005], [-0.000492551189382, -0.000364855717635, -0.000775351247285, -0.00080235284986, -0.00101699086372, 0.000456861685961, -0.000140831994941, -0.0065142614767, 0.0168897621334, -0.00728843687102, 0.00172877358273, 0.000481189112179, -0.0019220111426], [0.000108475833258, 0.000567356531974, 0.000676008989103, 0.000534163613338, -0.000859377381857, -0.00010105115507, 0.000381727295462, 0.00131044816226, -0.00728843687102, 0.0202123802155, -0.00839331094176, 0.00338513660245, -0.000441767973825], [0.000208032186492, -0.000647476117592, -0.000737039081287, 8.5803490947e-005, 0.00244514527731, -0.00149490730837, 0.0019553147722, -0.00171466625761, 0.00172877358273, -0.00839331094176, 0.0205915104598, -0.00779429078102, 0.00318982172757], [5.96645149926e-005, -0.000367524975445, 0.000697011768352, 0.000242499096203, -0.00194036588073, 0.00115682429168, -0.000903488253243, 0.000442924763774, 0.000481189112179, 0.00338513660245, -0.00779429078102, 0.0229839459062, -0.00959565211087], [0.000404688325943, 0.000414592097513, -0.00110935047269, -0.000577472557779, 0.00325127481483, -0.000423732359195, -0.00038779899478, 9.91040797089e-005, -0.0019220111426, -0.000441767973825, 0.00318982172757, -0.00959565211087, 0.0239042919129]]
    sccoeffs:
        dmean: [0.0491756983101, 0.0423894785345, 0.0348411425948, 0.0284031648189, 0.0201603900641, 0.0184950716794]
        dmean2: [0.0807240232825, 0.0701010525227, 0.0578813962638, 0.0473298430443, 0.0338059663773, 0.0292864721268]
        dvar: [0.00158799439669, 0.00118941022083, 0.000767097168136, 0.000498653855175, 0.000279845611658, 0.000286891037831]
        dvar2: [0.00422453600913, 0.00323569751345, 0.00210789823905, 0.00136172166094, 0.000757674686611, 0.000656463089399]
        max: [-0.331734776497, -0.521799981594, -0.549848675728, -0.610565364361, -0.607053697109, -0.57448297739]
        mean: [-0.653533697128, -0.767347812653, -0.795558512211, -0.794761836529, -0.785759627819, -0.73655974865]
        median: [-0.656042575836, -0.771515488625, -0.801638484001, -0.79804956913, -0.790358483791, -0.73528701067]
        min: [-0.969362556934, -0.996219277382, -0.998588740826, -0.988619327545, -0.989326417446, -0.961958110332]
        var: [0.00588889280334, 0.00323785631917, 0.00242917682044, 0.00177170219831, 0.00113352225162, 0.00193031667732]
    scvalleys:
        dmean: [0.37350165844, 0.338391244411, 0.291971236467, 0.25674110651, 0.218144059181, 0.26940625906]
        dmean2: [0.613938033581, 0.554587185383, 0.481346189976, 0.418191164732, 0.335978388786, 0.38617965579]
        dvar: [0.098484531045, 0.0922782495618, 0.0611285306513, 0.0643523782492, 0.0903332903981, 0.135885834694]
        dvar2: [0.238259941339, 0.220859780908, 0.153560176492, 0.145538374782, 0.178843930364, 0.262323975563]
        max: [-5.04183101654, -4.62841463089, -6.02332115173, -6.21066665649, -5.44345331192, -7.06266593933]
        mean: [-7.11441802979, -7.11844348907, -7.83775377274, -7.9874458313, -7.18398523331, -9.86426448822]
        median: [-6.53014755249, -6.84231281281, -7.49780464172, -7.56228113174, -6.35091781616, -8.93400382996]
        min: [-26.9846878052, -27.2388553619, -27.0751667023, -27.2755622864, -27.2494487762, -27.2785568237]
        var: [3.43681550026, 1.38017582893, 1.55102527142, 1.8556252718, 2.91454768181, 4.45095682144]

rhythm:
    beats_loudness:
        dmean: 0.00189231103286
        dmean2: 0.00345309544355
        dvar: 3.11990015689e-006
        dvar2: 9.85691440292e-006
        max: 0.0173725206405
        mean: 0.00434684706852
        median: 0.00386981712654
        min: 5.80177221821e-008
        var: 9.06178411242e-006
    bpm: 151.800598145
    bpm_confidence: 0
    first_peak_bpm: 152
    first_peak_spread: 0.120437972248
    first_peak_weight: 0.776167452335
    onset_rate: 2.19863963127
    second_peak_bpm: 157
    second_peak_spread: 0
    second_peak_weight: 0.0595813207328
    beats_loudness_band_ratio:
        dmean: [0.128943547606, 0.125198736787, 0.0549024008214, 0.0264498610049, 0.0817860737443, 0.0861022695899]
        dmean2: [0.225556477904, 0.228691324592, 0.0993020236492, 0.0476285889745, 0.141892716289, 0.14410699904]
        dvar: [0.0135115375742, 0.0112919975072, 0.00330404564738, 0.0016805534251, 0.00623542908579, 0.0048726098612]
        dvar2: [0.0400239527225, 0.0350070856512, 0.00987560302019, 0.0051560564898, 0.0197073370218, 0.0131398458034]
        max: [0.930203676224, 0.619252562523, 0.496286183596, 0.4054723382, 0.81401103735, 0.722878694534]
        mean: [0.22606742382, 0.146363571286, 0.0781833902001, 0.0341233499348, 0.206304743886, 0.343329340219]
        median: [0.172075927258, 0.113213047385, 0.0508698560297, 0.0225306600332, 0.188427135348, 0.376046538353]
        min: [3.71513233404e-005, 0.000523702125065, 0.00635277107358, 0.0024612727575, 0.0099475607276, 0.00795167684555]
        var: [0.0329082719982, 0.012576919049, 0.00650733616203, 0.00148758792784, 0.0127307195216, 0.0244153179228]
    beats_position: [0.452789098024, 0.905578196049, 1.35836732388, 1.8111563921, 2.2523355484, 2.69351458549, 3.13469386101, 3.5758728981, 4.01705217361, 4.5046710968, 4.99229001999, 5.46829938889, 6.00235795975, 6.53641700745, 7.08208608627, 7.63936471939, 8.18503379822, 8.73070240021, 9.22993183136, 9.71755123138, 10.2167797089, 10.6347389221, 11.0526981354, 11.4590473175, 11.8653964996, 12.2601356506, 12.6548748016, 13.0496139526, 13.4443531036, 13.8390922546, 14.2338323593, 14.6285715103, 15.0233106613, 15.4180498123, 15.8127889633, 16.2075271606, 16.602268219, 16.99700737, 17.391746521, 17.786485672, 18.181224823, 18.575963974, 18.970703125, 19.365442276, 19.760181427, 20.154920578, 20.549659729, 20.94439888, 21.339138031, 21.733877182, 22.128616333, 22.523355484, 22.918094635, 23.312833786, 23.7307929993, 24.1255321503, 24.5202713013, 24.9150104523, 25.3097496033, 25.7160987854, 26.1108379364, 26.4939670563, 26.8887062073, 27.2834453583, 27.6781845093, 28.0729255676, 28.4676647186, 28.8624038696, 29.2571430206, 29.6518821716, 30.0466213226, 30.4413604736, 30.8360996246, 31.2308387756, 31.6255779266, 32.0203170776, 32.4150543213, 32.8097953796, 33.204536438, 33.5992736816, 33.99401474, 34.3887519836, 34.783493042, 35.1782302856, 35.572971344, 35.9677085876, 36.362449646, 36.7687988281, 37.1751480103, 37.5698852539, 37.9646263123, 38.3593635559, 38.7424926758, 39.1256217957, 39.520362854, 39.9151000977, 40.309841156, 40.7045783997, 41.099319458, 41.4940567017, 41.88879776, 42.2835350037, 42.678276062, 43.0730133057, 43.467754364, 43.8624954224, 44.257232666, 44.6519737244, 45.046710968, 45.4414520264, 45.83618927, 46.2309303284, 46.625667572, 47.0204086304, 47.415145874, 47.8098869324, 48.204624176, 48.5993652344, 48.994102478, 49.3888435364, 49.78358078, 50.1783218384, 50.573059082, 50.9678001404, 51.3741493225, 51.7804985046, 52.1752357483, 52.5699768066, 52.9647140503, 53.3594551086, 53.7541923523, 54.1489334106, 54.5436706543, 54.9384117126, 55.333152771, 55.7278900146, 56.122631073, 56.5173683167, 56.912109375, 57.3068466187, 57.701587677, 58.0963249207, 58.491065979, 58.8858032227, 59.280544281, 59.6752815247, 60.070022583, 60.4647598267, 60.8711090088, 61.2774581909, 61.6605873108, 62.0553283691, 62.438457489, 62.8331947327, 63.227935791, 63.6342849731, 64.0406341553, 64.4353713989, 64.8301086426, 65.2248535156, 65.6195907593, 66.0143280029, 66.409072876, 66.8038101196, 67.1985473633, 67.5932846069, 67.98802948, 68.3827667236, 68.7775039673, 69.1722412109, 69.566986084, 69.9617233276, 70.3564605713, 70.7511978149, 71.145942688, 71.5406799316, 71.9354171753, 72.3301544189, 72.724899292, 73.1196365356, 73.5143737793, 73.9207229614, 74.3270721436, 74.7218093872, 75.1165542603, 75.5112915039, 75.9060287476, 76.3007659912, 76.6955108643, 77.0902481079, 77.4849853516, 77.8797302246, 78.2744674683, 78.6692047119, 79.0639419556, 79.4586868286, 79.8534240723, 80.2481613159, 80.6428985596, 81.0376434326, 81.4323806763, 81.8271179199, 82.2218551636, 82.6166000366, 83.0113372803, 83.4060745239, 83.8008117676, 84.1955566406, 84.5902938843, 84.9850311279, 85.3797683716, 85.7745132446, 86.1808624268, 86.5872116089, 86.9819488525, 87.3882980347, 87.7714233398, 88.1545562744, 88.5492935181, 88.9556427002, 89.3503875732, 89.7451248169, 90.1398620605, 90.5345993042, 90.9293441772, 91.3124694824, 91.695602417, 92.0903396606, 92.4850769043, 92.8798141479, 93.274559021, 93.6809082031, 94.0756454468, 94.4703826904, 94.8651199341, 95.2714691162, 95.6662139893, 96.0609512329, 96.4556884766, 96.8504257202, 97.2451705933, 97.6399078369, 98.0346450806, 98.4293823242, 98.8241271973, 99.2188644409, 99.6136016846, 100.008346558, 100.403083801, 100.797821045, 101.192558289, 101.587303162, 101.982040405, 102.376777649, 102.771514893, 103.166259766, 103.560997009, 103.955734253, 104.350471497, 104.74521637, 105.139953613, 105.534690857, 105.929428101, 106.324172974, 106.718910217, 107.113647461, 107.508384705, 107.903129578, 108.297866821, 108.692604065, 109.087341309, 109.482086182, 109.876823425, 110.271560669, 110.666305542, 111.061042786, 111.455780029, 111.850517273, 112.245262146, 112.63999939, 113.034736633, 113.429473877, 113.82421875, 114.218955994, 114.625305176, 115.031654358, 115.43800354, 115.832740784, 116.215873718, 116.610610962, 116.993736267, 117.376869202, 117.771606445, 118.177955627, 118.58430481, 118.979042053, 119.373786926, 119.76852417, 120.163261414, 120.546394348, 120.941131592, 121.347480774, 121.742218018, 122.136962891, 122.531700134, 122.926437378, 123.309570313, 123.704307556, 124.0990448, 124.505393982, 124.900131226, 125.294876099, 125.689613342, 126.084350586, 126.47908783, 126.873832703, 127.268569946, 127.66330719, 128.058044434, 128.452789307, 128.847518921, 129.242263794, 129.637008667, 130.031738281, 130.426483154, 130.821228027, 131.215957642, 131.610702515, 132.005432129, 132.400177002, 132.794921875, 133.189651489, 133.584396362, 133.990753174, 134.37387085, 134.768615723, 135.163360596, 135.55809021, 135.952835083, 136.347564697, 136.74230957, 137.148666382, 137.543395996, 137.949752808, 138.332870483, 138.716003418, 139.110748291, 139.505477905, 139.911834717, 140.31817627, 140.712921143, 141.107666016, 141.50239563, 141.897140503, 142.291885376, 142.68661499, 143.081359863, 143.476104736, 143.870834351, 144.265579224, 144.660308838, 145.055053711, 145.449798584, 145.844528198, 146.239273071, 146.634017944, 147.028747559, 147.423492432, 147.818222046, 148.212966919, 148.607711792, 149.002441406, 149.397186279, 149.803527832, 150.198272705, 150.593017578, 150.976135254, 151.370880127, 151.765625, 152.160354614, 152.566711426, 152.973052979, 153.367797852, 153.750930786, 154.1456604, 154.540405273, 154.935150146, 155.329879761, 155.736236572, 156.130966187, 156.52571106, 156.920455933, 157.315185547, 157.70993042, 158.093063354, 158.47618103, 158.882537842, 159.288879395, 159.683624268, 160.078369141, 160.473098755, 160.867843628, 161.262588501, 161.657318115, 162.052062988, 162.446792603, 162.841537476, 163.236282349, 163.631011963, 164.025756836, 164.420501709, 164.815231323, 165.209976196, 165.604721069, 165.999450684, 166.394195557, 166.788925171, 167.183670044, 167.578414917, 167.973144531, 168.367889404, 168.762634277, 169.16897583, 169.563720703, 169.946838379, 170.341583252, 170.736328125, 171.131057739, 171.525802612, 171.920547485, 172.3152771, 172.710021973, 173.104751587, 173.49949646, 173.894241333, 174.300582886, 174.706939697, 175.101669312, 175.496414185, 175.891159058, 176.285888672, 176.703857422, 177.098587036, 177.493331909, 177.888076782, 178.282806396, 178.67755127, 179.060684204, 179.44380188, 179.838546753, 180.233291626, 180.616409302, 181.011154175, 181.417495728, 181.812240601, 182.206985474, 182.601715088, 182.996459961, 183.391204834, 183.785934448, 184.180679321, 184.575408936, 184.970153809, 185.364898682, 185.759628296, 186.154373169, 186.549118042, 186.943847656, 187.338592529, 187.733337402, 188.128067017, 188.52281189, 188.917541504, 189.312286377, 189.70703125, 190.101760864, 190.508117676, 190.914459229, 191.309204102, 191.703948975, 192.098678589, 192.493423462, 192.888153076, 193.282897949, 193.677642822, 194.072372437, 194.46711731, 194.861862183, 195.256591797, 195.65133667, 196.034469604, 196.41758728, 196.823944092, 197.230285645, 197.625030518, 198.019775391, 198.414505005, 198.809249878, 199.203994751, 199.598724365, 199.993469238, 200.388198853, 200.794555664, 201.189300537, 201.572418213, 201.967163086, 202.361907959, 202.756637573, 203.151382446, 203.546112061, 203.940856934, 204.335601807, 204.730331421, 205.125076294, 205.519821167, 205.914550781, 206.309295654, 206.715637207, 207.121994019, 207.528335571, 207.934692383, 208.329421997, 208.72416687, 209.118911743, 209.502029419, 209.885162354, 210.279907227, 210.6746521, 211.069381714, 211.464126587, 211.858856201, 212.265213013, 212.659957886, 213.043075562, 213.437820435, 213.832565308, 214.215682983, 214.598815918, 214.993560791, 215.388290405, 215.783035278, 216.177780151, 216.572509766, 216.978866577, 217.38520813, 217.779953003, 218.174682617, 218.56942749, 218.964172363, 219.358901978, 219.753646851, 220.148391724, 220.543121338, 220.937866211, 221.332611084, 221.727340698, 222.122085571, 222.516815186, 222.911560059, 223.306304932, 223.701034546, 224.095779419, 224.490524292, 224.885253906, 225.279998779, 225.674728394, 226.069473267, 226.46421814, 226.858947754, 227.253692627, 227.6484375, 228.043167114, 228.449523926, 228.855865479, 229.273834229, 229.680175781, 230.086532593, 230.469650269, 230.852783203, 231.235916138, 231.619049072, 232.013778687, 232.420135498, 232.814865112, 233.209609985, 233.615966797, 234.02230835, 234.428665161, 234.846618652, 235.264572144, 235.682540894, 236.100494385, 236.518447876, 236.936416626, 237.354370117, 237.760726929, 238.167068481, 238.573425293, 238.979766846, 239.397735596, 239.827301025, 240.256866455, 240.686431885, 241.092788696, 241.487518311, 241.882263184, 242.277008057, 242.671737671, 243.066482544, 243.461227417, 243.855957031, 244.250701904, 244.645431519, 245.040176392, 245.434921265, 245.829650879, 246.224395752, 246.619140625, 247.013870239, 247.408615112, 247.803344727, 248.1980896]
