
metadata:
    version:
        essentia: "2.1-beta2"
    audio_properties:
        analysis_sample_rate: 44100
        bitrate: 128
        channels: 2
        equal_loudness: 1
        length: 255.582046509
        replay_gain: -16.2954444885
        downmix: "mix"
    tags:
        album: "Contraddiction"
        artist: "Mass Hysteria"
        comment: ""
        date: "1999"
        genre: "Metal"
        title: "Aimable À Souhait"
        tracknumber: "3"

configuration:
    average_loudness:
        compute: 1
        frameSize: 88200
        hopSize: 44100
        silentFrames: "noise"
        windowType: "hann"
    general:
        analysisSampleRate: 44100
        endTime: 2000
        equalLoudness: 1
        nequalLoudness: 0
        shortSound: 0
        startTime: 0
    lowlevel:
        compute: 1
        frameSize: 2048
        hopSize: 1024
        zeroPadding: 0
        silentFrames: "noise"
        windowType: "blackmanharris62"
        mfccStats: ["mean", "cov", "icov"]
        stats: ["mean", "var", "median", "min", "max", "dmean", "dmean2", "dvar", "dvar2"]
    panning:
        compute: 0
        frameSize: 8192
        hopSize: 2048
        zeroPadding: 8192
        silentFrames: "noise"
        windowType: "hann"
        stats: ["copy"]
    rhythm:
        compute: 1
        maxTempo: 208
        minTempo: 40
        method: "degara"
        stats: ["mean", "var", "median", "min", "max", "dmean", "dmean2", "dvar", "dvar2"]
    segmentation:
        compute: 0
        cpw: 5
        inc1: 300
        inc2: 50
        minimumSegmentsLength: 10
        size1: 1000
        size2: 600
    sfx:
        compute: 1
        stats: ["mean", "var", "median", "min", "max", "dmean", "dmean2", "dvar", "dvar2"]
    svm:
        compute: 0
    tonal:
        compute: 1
        frameSize: 4096
        hopSize: 2048
        zeroPadding: 0
        silentFrames: "noise"
        windowType: "blackmanharris62"
        stats: ["mean", "var", "median", "min", "max", "dmean", "dmean2", "dvar", "dvar2"]

lowlevel:
    average_loudness: 0.858793735504
    barkbands_kurtosis:
        dmean: 22.8412265778
        dmean2: 39.9431343079
        dvar: 31917.59375
        dvar2: 85709.0546875
        max: 3489.11694336
        mean: 17.7548351288
        median: -0.5277967453
        min: -1.91663622856
        var: 23610.6855469
    barkbands_skewness:
        dmean: 1.01080167294
        dmean2: 1.62977898121
        dvar: 9.36430835724
        dvar2: 23.935546875
        max: 53.4081420898
        mean: 0.405178517103
        median: -0.345526814461
        min: -4.79138565063
        var: 11.4601554871
    barkbands_spread:
        dmean: 8.290184021
        dmean2: 13.3037500381
        dvar: 58.0225143433
        dvar2: 139.931793213
        max: 74.1567382813
        mean: 36.9273757935
        median: 40.2082977295
        min: 0.0360541939735
        var: 279.362030029
    dissonance:
        dmean: 0.0141687318683
        dmean2: 0.024583498016
        dvar: 0.000954153714702
        dvar2: 0.00280706351623
        max: 0.500000238419
        mean: 0.475658297539
        median: 0.489552408457
        min: 0.0635917931795
        var: 0.00216956064105
    hfc:
        dmean: 3.15465116501
        dmean2: 5.0756688118
        dvar: 24.4244632721
        dvar2: 62.2902412415
        max: 63.8740158081
        mean: 10.1820440292
        median: 9.93756389618
        min: 1.17205219461e-016
        var: 82.9943618774
    pitch:
        dmean: 590.655700684
        dmean2: 1113.93884277
        dvar: 1298429.625
        dvar2: 3294948.5
        max: 5000.17285156
        mean: 2763.17138672
        median: 3684.56982422
        min: 68.2082061768
        var: 2502643
    pitch_instantaneous_confidence:
        dmean: 0.0784820616245
        dmean2: 0.128833323717
        dvar: 0.00448419386521
        dvar2: 0.0119018806145
        max: 0.985046744347
        mean: 0.456430524588
        median: 0.430955559015
        min: 0.129456758499
        var: 0.0257147531956
    pitch_salience:
        dmean: 0.06882699579
        dmean2: 0.116732023656
        dvar: 0.00440261606127
        dvar2: 0.0122174583375
        max: 0.873509645462
        mean: 0.632904410362
        median: 0.667668282986
        min: 0.0682823583484
        var: 0.0153498798609
    silence_rate_20dB:
        dmean: 0
        dmean2: 0
        dvar: 0
        dvar2: 0
        max: 1
        mean: 1
        median: 1
        min: 1
        var: 0
    silence_rate_30dB:
        dmean: 0
        dmean2: 0
        dvar: 0
        dvar2: 0
        max: 1
        mean: 1
        median: 1
        min: 1
        var: 0
    silence_rate_60dB:
        dmean: 0.0794040188193
        dmean2: 0.158822461963
        dvar: 0.0730937570333
        dvar2: 0.149597033858
        max: 1
        mean: 0.385265260935
        median: 0
        min: 0
        var: 0.236847653985
    spectral_centroid:
        dmean: 347.299346924
        dmean2: 550.691589355
        dvar: 140120.96875
        dvar2: 316470.34375
        max: 11253.4902344
        mean: 1952.86499023
        median: 2239.36474609
        min: 135.930236816
        var: 1017143.4375
    spectral_complexity:
        dmean: 3.44726085663
        dmean2: 5.44103193283
        dvar: 15.2384634018
        dvar2: 33.9064941406
        max: 48
        mean: 15.1561594009
        median: 16
        min: 0
        var: 126.755905151
    spectral_crest:
        dmean: 2.09516501427
        dmean2: 3.47587823868
        dvar: 4.26984119415
        dvar2: 11.6114444733
        max: 26.78540802
        mean: 8.20550441742
        median: 6.65213489532
        min: 2.24054598808
        var: 20.866235733
    spectral_decrease:
        dmean: 2.87729839954e-010
        dmean2: 4.57392873576e-010
        dvar: 1.57921897504e-019
        dvar2: 3.72621084513e-019
        max: 1.27967030893e-029
        mean: -8.92574458788e-010
        median: -8.65575000564e-010
        min: -4.66759830786e-009
        var: 3.95957788297e-019
    spectral_energy:
        dmean: 0.00132067489903
        dmean2: 0.0020999207627
        dvar: 3.41728082276e-006
        dvar2: 8.08374079497e-006
        max: 0.0216939728707
        mean: 0.00429233675823
        median: 0.00421012565494
        min: 1.05825569771e-020
        var: 9.68628501141e-006
    spectral_energyband_high:
        dmean: 0.000364880077541
        dmean2: 0.000600196246523
        dvar: 3.60677688604e-007
        dvar2: 9.37727691053e-007
        max: 0.00932815112174
        mean: 0.000879501167219
        median: 0.000733091437723
        min: 7.94140967092e-021
        var: 9.00739962617e-007
    spectral_energyband_low:
        dmean: 0.000450676918263
        dmean2: 0.000757517409511
        dvar: 4.01836757646e-007
        dvar2: 1.06971208425e-006
        max: 0.00780703360215
        mean: 0.000705202168319
        median: 0.000538360443898
        min: 7.90858742795e-023
        var: 5.07805964389e-007
    spectral_energyband_middle_high:
        dmean: 0.000553704740014
        dmean2: 0.000882729480509
        dvar: 5.55350482045e-007
        dvar2: 1.36313838084e-006
        max: 0.010864074342
        mean: 0.00189399265219
        median: 0.00180344469845
        min: 1.42457576218e-021
        var: 2.66111828751e-006
    spectral_energyband_middle_low:
        dmean: 0.000656596734188
        dmean2: 0.00109165930189
        dvar: 1.14957276764e-006
        dvar2: 2.94960477731e-006
        max: 0.0132033238187
        mean: 0.00106123962905
        median: 0.000755676883273
        min: 2.7593695608e-022
        var: 1.28411170408e-006
    spectral_flatness_db:
        dmean: 0.0215446911752
        dmean2: 0.0341034121811
        dvar: 0.000789351994172
        dvar2: 0.00181708787568
        max: 0.684463739395
        mean: 0.181821361184
        median: 0.147343382239
        min: 0.0517419613898
        var: 0.0122776534408
    spectral_flux:
        dmean: 0.00798192434013
        dmean2: 0.0120650855824
        dvar: 8.57025734149e-005
        dvar2: 0.000151725180331
        max: 0.112708337605
        mean: 0.0400266237557
        median: 0.0419211164117
        min: 1.02871558494e-010
        var: 0.000374434399419
    spectral_kurtosis:
        dmean: 2.56527447701
        dmean2: 3.92188096046
        dvar: 80.9891738892
        dvar2: 157.419128418
        max: 178.347732544
        mean: 6.23617601395
        median: 1.77616584301
        min: -1.18865597248
        var: 355.064086914
    spectral_rms:
        dmean: 0.000305059918901
        dmean2: 0.000472228624858
        dvar: 1.21047349921e-007
        dvar2: 2.67737760851e-007
        max: 0.00460052723065
        mean: 0.00187486549839
        median: 0.00202668178827
        min: 3.21316757923e-012
        var: 6.72530234169e-007
    spectral_rolloff:
        dmean: 458.480407715
        dmean2: 761.922180176
        dvar: 540498.1875
        dvar2: 1174853.5
        max: 18820.0195313
        mean: 3378.63964844
        median: 4048.2421875
        min: 150.732421875
        var: 2438225
    spectral_skewness:
        dmean: 0.270732134581
        dmean2: 0.406676888466
        dvar: 0.342803061008
        dvar2: 0.64731836319
        max: 11.8856306076
        mean: 1.39606273174
        median: 0.962195336819
        min: -0.0029378363397
        var: 2.61002802849
    spectral_spread:
        dmean: 715140.25
        dmean2: 1067084.625
        dvar: 1.05400067686e+012
        dvar2: 2.12073067315e+012
        max: 40313928
        mean: 5454590
        median: 5328000
        min: 615241.125
        var: 3.79512763187e+012
    spectral_strongpeak:
        dmean: 0.488965302706
        dmean2: 0.871749639511
        dvar: 0.736257493496
        dvar2: 1.93152844906
        max: 13.7023172379
        mean: 0.521971642971
        median: 0.13405045867
        min: 3.02111735628e-009
        var: 0.912175893784
    zerocrossingrate:
        dmean: 0.0101769845933
        dmean2: 0.0124573381618
        dvar: 0.000123026329675
        dvar2: 0.000154736961122
        max: 0.49609375
        mean: 0.108904860914
        median: 0.125
        min: 0.0068359375
        var: 0.00215770676732
    barkbands:
        dmean: [6.49439073186e-007, 0.000133975772769, 0.000249479780905, 0.000330191687681, 0.000351639755536, 8.88607246452e-005, 6.87086576363e-005, 3.07344162138e-005, 3.03810302285e-005, 3.13418095175e-005, 1.75523855432e-005, 1.69594695762e-005, 1.81166960829e-005, 2.57003812294e-005, 4.02894911531e-005, 5.8194007579e-005, 0.000103716520243, 0.000163654025528, 0.000258161133388, 0.000293180026347, 0.000171513151145, 8.30190838315e-005, 1.60819527082e-005, 6.42529539618e-006, 4.1167377276e-006, 2.22305516218e-007, 1.89414997576e-010]
        dmean2: [9.18025193641e-007, 0.000228437100304, 0.000430250598583, 0.000575798447244, 0.000613830401562, 0.000146886508446, 0.000116303250252, 5.28220152773e-005, 4.9531856348e-005, 5.09344827151e-005, 2.82279870589e-005, 2.74702433671e-005, 2.9191838621e-005, 4.16030125052e-005, 6.51089067105e-005, 9.59007302299e-005, 0.000168100144947, 0.000270382530289, 0.000427808030508, 0.000490241218358, 0.000283930858131, 0.000138508185046, 2.67446957878e-005, 1.02165031421e-005, 6.30588692729e-006, 3.28321362986e-007, 3.46705858467e-010]
        dvar: [2.39398214794e-012, 3.17896713398e-008, 1.41648982321e-007, 3.44211883885e-007, 5.23371852523e-007, 1.61277320387e-008, 2.38502924077e-008, 6.38810426778e-009, 3.75030584365e-009, 5.52885381921e-009, 1.58112023474e-009, 1.38447919795e-009, 1.5558102584e-009, 3.58540508394e-009, 7.2772246007e-009, 9.37401978263e-009, 2.5579462104e-008, 4.86011551004e-008, 1.28814605205e-007, 1.85560622867e-007, 8.24937202992e-008, 3.24409938912e-008, 1.04593000927e-009, 2.96790592103e-010, 5.79440141701e-011, 4.10083479761e-013, 8.53530580213e-020]
        dvar2: [4.50701065011e-012, 8.85618334223e-008, 3.9116181938e-007, 9.60407191997e-007, 1.44481623465e-006, 4.24149178002e-008, 6.55366676483e-008, 1.75149441617e-008, 8.90355256189e-009, 1.42365754741e-008, 3.64499630479e-009, 3.36584249361e-009, 3.69979247239e-009, 8.75689298852e-009, 1.77827832459e-008, 2.36557848865e-008, 6.31251424466e-008, 1.28318689008e-007, 3.4271792515e-007, 4.92675667374e-007, 2.18615369363e-007, 8.39010638742e-008, 2.75370926062e-009, 6.3069216516e-010, 1.22538923453e-010, 7.63389405942e-013, 2.5987215357e-019]
        max: [1.45427702591e-005, 0.00189080450218, 0.00372740696184, 0.00700246402994, 0.0107123274356, 0.00221793120727, 0.00262242532335, 0.00175723771099, 0.0013082328951, 0.00129625294358, 0.000756620604079, 0.00109322031494, 0.000999206211418, 0.00154020881746, 0.00205156067386, 0.002265045885, 0.00285663409159, 0.00304098892957, 0.00571423536167, 0.00620542606339, 0.0066733835265, 0.0035199734848, 0.000713248911779, 0.000866729184054, 0.000149613377289, 1.59501323651e-005, 3.63256180691e-009]
        mean: [7.09905179974e-007, 0.00017634719552, 0.000304285233142, 0.000360308418749, 0.000395374547224, 0.000132298722747, 8.40028369566e-005, 3.56011078111e-005, 4.35792753706e-005, 4.99544803461e-005, 2.46841100306e-005, 2.71978169621e-005, 3.13762939186e-005, 4.11113869632e-005, 6.92929315846e-005, 0.000121931210742, 0.000210123194847, 0.000345586187905, 0.000592283380684, 0.000670885085128, 0.000390529603465, 0.000135471927933, 2.76766386378e-005, 1.27677931232e-005, 8.55993494042e-006, 3.94750486521e-007, 1.63968671973e-010]
        median: [9.931277134e-008, 0.000115518516395, 0.00018428916519, 0.00018898351118, 0.000204718584428, 7.9353194451e-005, 3.39886246365e-005, 1.68372607732e-005, 1.9180286472e-005, 1.61360094353e-005, 1.00487832242e-005, 1.19883525258e-005, 1.42408862303e-005, 1.68589031091e-005, 3.23067615682e-005, 7.65991862863e-005, 0.000138427887578, 0.000282820430584, 0.000528311706148, 0.000593702949118, 0.000311514479108, 6.30666982033e-005, 1.33374451252e-005, 5.27054271515e-006, 3.63806702808e-006, 1.04689085845e-007, 5.82671272342e-011]
        min: [8.13698664138e-024, 6.96459418582e-023, 3.29204159194e-024, 3.89745802125e-024, 1.65795653757e-023, 8.02451464005e-023, 3.99793160599e-023, 2.09564796445e-023, 8.66495420585e-023, 4.61206392278e-023, 2.65725113797e-023, 8.86811996774e-023, 8.19838778771e-023, 9.08532240503e-023, 8.29553695483e-023, 1.35581574267e-022, 1.55982426044e-022, 2.79635565144e-022, 2.0610528481e-022, 3.98906815418e-022, 5.00615977215e-022, 5.48188707421e-022, 7.41583423564e-022, 9.36392788191e-022, 1.08798817573e-021, 1.75030044367e-021, 2.40944989688e-021]
        var: [3.28181058717e-012, 3.77405022789e-008, 1.47344564994e-007, 3.05205531959e-007, 4.11184799987e-007, 2.60655976803e-008, 2.29319496725e-008, 5.20150855721e-009, 6.60064980451e-009, 1.2160901619e-008, 2.82303114219e-009, 2.65412247735e-009, 3.96717947382e-009, 7.2573498322e-009, 1.58630086844e-008, 2.95588655774e-008, 6.74207711882e-008, 1.22019628179e-007, 3.33406688924e-007, 4.65112464099e-007, 1.93642549107e-007, 5.10448465718e-008, 1.63529034758e-009, 6.83246570432e-010, 1.64679506143e-010, 8.783967477e-013, 7.5662966725e-020]
    frequency_bands:
        dmean: [6.49439073186e-007, 0.000133975772769, 0.000249479780905, 0.000330191687681, 0.000351639755536, 8.88607246452e-005, 6.87086576363e-005, 3.07344162138e-005, 3.03810302285e-005, 3.13418095175e-005, 1.75523855432e-005, 1.69594695762e-005, 1.81166960829e-005, 2.57003812294e-005, 4.02894911531e-005, 5.8194007579e-005, 0.000103716520243, 0.000163654025528, 0.000258161133388, 0.000293180026347, 0.000171513151145, 8.30190838315e-005, 1.60819527082e-005, 6.42529539618e-006, 4.1167377276e-006, 2.22305516218e-007, 1.89414997576e-010, 4.87669592208e-011]
        dmean2: [9.18025193641e-007, 0.000228437100304, 0.000430250598583, 0.000575798447244, 0.000613830401562, 0.000146886508446, 0.000116303250252, 5.28220152773e-005, 4.9531856348e-005, 5.09344827151e-005, 2.82279870589e-005, 2.74702433671e-005, 2.9191838621e-005, 4.16030125052e-005, 6.51089067105e-005, 9.59007302299e-005, 0.000168100144947, 0.000270382530289, 0.000427808030508, 0.000490241218358, 0.000283930858131, 0.000138508185046, 2.67446957878e-005, 1.02165031421e-005, 6.30588692729e-006, 3.28321362986e-007, 3.46705858467e-010, 9.03680186237e-011]
        dvar: [2.39398214794e-012, 3.17896713398e-008, 1.41648982321e-007, 3.44211883885e-007, 5.23371852523e-007, 1.61277320387e-008, 2.38502924077e-008, 6.38810426778e-009, 3.75030584365e-009, 5.52885381921e-009, 1.58112023474e-009, 1.38447919795e-009, 1.5558102584e-009, 3.58540508394e-009, 7.2772246007e-009, 9.37401978263e-009, 2.5579462104e-008, 4.86011551004e-008, 1.28814605205e-007, 1.85560622867e-007, 8.24937202992e-008, 3.24409938912e-008, 1.04593000927e-009, 2.96790592103e-010, 5.79440141701e-011, 4.10083479761e-013, 8.53530580213e-020, 5.44014918839e-021]
        dvar2: [4.50701065011e-012, 8.85618334223e-008, 3.9116181938e-007, 9.60407191997e-007, 1.44481623465e-006, 4.24149178002e-008, 6.55366676483e-008, 1.75149441617e-008, 8.90355256189e-009, 1.42365754741e-008, 3.64499630479e-009, 3.36584249361e-009, 3.69979247239e-009, 8.75689298852e-009, 1.77827832459e-008, 2.36557848865e-008, 6.31251424466e-008, 1.28318689008e-007, 3.4271792515e-007, 4.92675667374e-007, 2.18615369363e-007, 8.39010638742e-008, 2.75370926062e-009, 6.3069216516e-010, 1.22538923453e-010, 7.63389405942e-013, 2.5987215357e-019, 1.72109466726e-020]
        max: [1.45427702591e-005, 0.00189080450218, 0.00372740696184, 0.00700246402994, 0.0107123274356, 0.00221793120727, 0.00262242532335, 0.00175723771099, 0.0013082328951, 0.00129625294358, 0.000756620604079, 0.00109322031494, 0.000999206211418, 0.00154020881746, 0.00205156067386, 0.002265045885, 0.00285663409159, 0.00304098892957, 0.00571423536167, 0.00620542606339, 0.0066733835265, 0.0035199734848, 0.000713248911779, 0.000866729184054, 0.000149613377289, 1.59501323651e-005, 3.63256180691e-009, 7.40465633253e-010]
        mean: [7.09905179974e-007, 0.00017634719552, 0.000304285233142, 0.000360308418749, 0.000395374547224, 0.000132298722747, 8.40028369566e-005, 3.56011078111e-005, 4.35792753706e-005, 4.99544803461e-005, 2.46841100306e-005, 2.71978169621e-005, 3.13762939186e-005, 4.11113869632e-005, 6.92929315846e-005, 0.000121931210742, 0.000210123194847, 0.000345586187905, 0.000592283380684, 0.000670885085128, 0.000390529603465, 0.000135471927933, 2.76766386378e-005, 1.27677931232e-005, 8.55993494042e-006, 3.94750486521e-007, 1.63968671973e-010, 3.80274839396e-011]
        median: [9.931277134e-008, 0.000115518516395, 0.00018428916519, 0.00018898351118, 0.000204718584428, 7.9353194451e-005, 3.39886246365e-005, 1.68372607732e-005, 1.9180286472e-005, 1.61360094353e-005, 1.00487832242e-005, 1.19883525258e-005, 1.42408862303e-005, 1.68589031091e-005, 3.23067615682e-005, 7.65991862863e-005, 0.000138427887578, 0.000282820430584, 0.000528311706148, 0.000593702949118, 0.000311514479108, 6.30666982033e-005, 1.33374451252e-005, 5.27054271515e-006, 3.63806702808e-006, 1.04689085845e-007, 5.82671272342e-011, 1.15526442579e-011]
        min: [8.13698664138e-024, 6.96459418582e-023, 3.29204159194e-024, 3.89745802125e-024, 1.65795653757e-023, 8.02451464005e-023, 3.99793160599e-023, 2.09564796445e-023, 8.66495420585e-023, 4.61206392278e-023, 2.65725113797e-023, 8.86811996774e-023, 8.19838778771e-023, 9.08532240503e-023, 8.29553695483e-023, 1.35581574267e-022, 1.55982426044e-022, 2.79635565144e-022, 2.0610528481e-022, 3.98906815418e-022, 5.00615977215e-022, 5.48188707421e-022, 7.41583423564e-022, 9.36392788191e-022, 1.08798817573e-021, 1.75030044367e-021, 2.40944989688e-021, 6.85279050744e-022]
        var: [3.28181058717e-012, 3.77405022789e-008, 1.47344564994e-007, 3.05205531959e-007, 4.11184799987e-007, 2.60655976803e-008, 2.29319496725e-008, 5.20150855721e-009, 6.60064980451e-009, 1.2160901619e-008, 2.82303114219e-009, 2.65412247735e-009, 3.96717947382e-009, 7.2573498322e-009, 1.58630086844e-008, 2.95588655774e-008, 6.74207711882e-008, 1.22019628179e-007, 3.33406688924e-007, 4.65112464099e-007, 1.93642549107e-007, 5.10448465718e-008, 1.63529034758e-009, 6.83246570432e-010, 1.64679506143e-010, 8.783967477e-013, 7.5662966725e-020, 4.40185738168e-021]
    mfcc:
        mean: [-739.507080078, 73.1229095459, -17.2813854218, 70.0336837769, -2.44307994843, -0.217910394073, 2.01919579506, -5.5896062851, -4.07589530945, -5.39710569382, -6.06296777725, -7.93474435806, -3.11584544182]
        cov: [[14266.8632813, -1155.6036377, -1977.21862793, 1782.00732422, -293.306732178, 434.605651855, 911.73815918, 1109.42248535, 1183.12939453, 536.090820313, 722.141906738, 419.835601807, -119.489021301], [-1155.6036377, 1059.50744629, 21.1327571869, 13.1575975418, 39.0259475708, 51.9497833252, 62.3979759216, 35.3879585266, -69.8489761353, 4.47289705276, 63.1682510376, 31.9118862152, 7.13040161133], [-1977.21862793, 21.1327571869, 739.101867676, -300.989379883, 77.2437744141, -95.3523635864, -216.900741577, -215.988006592, -209.019607544, -116.592819214, -99.4680328369, -42.2295341492, 12.974105835], [1782.00732422, 13.1575975418, -300.989379883, 587.384399414, -13.2309236526, 97.9827346802, 125.766944885, 174.145904541, 202.986038208, 88.5941467285, 127.628089905, 92.3206558228, -10.7425794601], [-293.306732178, 39.0259475708, 77.2437744141, -13.2309236526, 175.904785156, 59.1775856018, 18.1061420441, -6.45331954956, 9.96757507324, 27.7217388153, -3.81120347977, -18.2598171234, -2.95835375786], [434.605651855, 51.9497833252, -95.3523635864, 97.9827346802, 59.1775856018, 168.619186401, 127.167358398, 81.530380249, 61.2267532349, 46.7331085205, 39.724571228, 6.57535552979, -19.9012203217], [911.73815918, 62.3979759216, -216.900741577, 125.766944885, 18.1061420441, 127.167358398, 265.775268555, 201.605133057, 124.078483582, 49.4943389893, 61.8111495972, 20.3179111481, -31.194940567], [1109.42248535, 35.3879585266, -215.988006592, 174.145904541, -6.45331954956, 81.530380249, 201.605133057, 274.979431152, 170.756286621, 42.4369621277, 88.8702926636, 46.2304840088, -36.1612739563], [1183.12939453, -69.8489761353, -209.019607544, 202.986038208, 9.96757507324, 61.2267532349, 124.078483582, 170.756286621, 221.959411621, 91.6693572998, 91.1491699219, 52.1484794617, -14.7677087784], [536.090820313, 4.47289705276, -116.592819214, 88.5941467285, 27.7217388153, 46.7331085205, 49.4943389893, 42.4369621277, 91.6693572998, 162.784667969, 62.0710868835, 9.28464031219, 26.9875679016], [722.141906738, 63.1682510376, -99.4680328369, 127.628089905, -3.81120347977, 39.724571228, 61.8111495972, 88.8702926636, 91.1491699219, 62.0710868835, 166.419509888, 105.408760071, 2.24656867981], [419.835601807, 31.9118862152, -42.2295341492, 92.3206558228, -18.2598171234, 6.57535552979, 20.3179111481, 46.2304840088, 52.1484794617, 9.28464031219, 105.408760071, 121.350868225, 20.3627529144], [-119.489021301, 7.13040161133, 12.974105835, -10.7425794601, -2.95835375786, -19.9012203217, -31.194940567, -36.1612739563, -14.7677087784, 26.9875679016, 2.24656867981, 20.3627529144, 67.8664855957]]
        icov: [[0.000245732750045, 0.000287141039735, 0.000227898795856, -0.000343012652593, 0.000271331868134, -1.6473022697e-005, -0.000214840722037, -0.000140873205964, -0.000223552982789, -0.000133951078169, -0.000453925953479, 2.12120103242e-005, 0.00015108435764], [0.000287141039735, 0.00145222526044, 0.00025182456011, -0.000528235628735, 2.82841465378e-005, -6.71254165354e-005, -0.000504822819494, -0.000657386612147, 0.00106127478648, -0.000335048418492, -0.00116725277621, 3.85652820114e-005, 1.16867795441e-005], [0.000227898795856, 0.00025182456011, 0.00269910972565, 0.000285440182779, -0.00117784226313, 6.3035338826e-005, 0.00112623604946, -0.000188357531442, 0.000758416252211, 0.000553924415726, -0.000280799868051, -0.000626641791314, 0.000430510466686], [-0.000343012652593, -0.000528235628735, 0.000285440182779, 0.00341554614715, -0.000104068501969, -0.00119315669872, 0.00118556525558, -0.000116010727652, -0.00148254039232, 0.000150999985635, 0.000706002116203, -0.00127365661319, 4.25004072895e-005], [0.000271331868134, 2.82841465378e-005, -0.00117784226313, -0.000104068501969, 0.00819119252264, -0.00328564993106, -0.000267497176537, 0.000758781796321, -0.00205319141969, -0.00099138612859, -0.000429811421782, 0.00122911727522, -4.87352881464e-005], [-1.6473022697e-005, -6.71254165354e-005, 6.3035338826e-005, -0.00119315669872, -0.00328564993106, 0.0119214104488, -0.00580701651052, 0.00151258381084, 0.00117184408009, -0.00146592047531, -0.000758893729653, 0.000179453068995, 0.00207570265047], [-0.000214840722037, -0.000504822819494, 0.00112623604946, 0.00118556525558, -0.000267497176537, -0.00580701651052, 0.0128419194371, -0.00740796932951, 0.000734863046091, -0.000239466040512, 0.00112785329111, 1.84313503269e-005, 0.000100514662336], [-0.000140873205964, -0.000657386612147, -0.000188357531442, -0.000116010727652, 0.000758781796321, 0.00151258381084, -0.00740796932951, 0.0137204807252, -0.00691274460405, 0.00293245865032, -0.00208131736144, 0.0010644774884, 0.00130009499844], [-0.000223552982789, 0.00106127478648, 0.000758416252211, -0.00148254039232, -0.00205319141969, 0.00117184408009, 0.000734863046091, -0.00691274460405, 0.0158894434571, -0.00606068503112, 0.00126949790865, -0.00395238166675, 0.00303529878147], [-0.000133951078169, -0.000335048418492, 0.000553924415726, 0.000150999985635, -0.00099138612859, -0.00146592047531, -0.000239466040512, 0.00293245865032, -0.00606068503112, 0.0142738800496, -0.00819767918438, 0.00961089879274, -0.00891049206257], [-0.000453925953479, -0.00116725277621, -0.000280799868051, 0.000706002116203, -0.000429811421782, -0.000758893729653, 0.00112785329111, -0.00208131736144, 0.00126949790865, -0.00819767918438, 0.023130889982, -0.0194038376212, 0.00724938698113], [2.12120103242e-005, 3.85652820114e-005, -0.000626641791314, -0.00127365661319, 0.00122911727522, 0.000179453068995, 1.84313503269e-005, 0.0010644774884, -0.00395238166675, 0.00961089879274, -0.0194038376212, 0.0284987892956, -0.0119570279494], [0.00015108435764, 1.16867795441e-005, 0.000430510466686, 4.25004072895e-005, -4.87352881464e-005, 0.00207570265047, 0.000100514662336, 0.00130009499844, 0.00303529878147, -0.00891049206257, 0.00724938698113, -0.0119570279494, 0.0238209310919]]
    sccoeffs:
        dmean: [0.0596077851951, 0.0500985942781, 0.0353240855038, 0.0286858770996, 0.0199331901968, 0.0191494561732]
        dmean2: [0.0988202914596, 0.0823844000697, 0.0585160665214, 0.0479269661009, 0.0333869494498, 0.0307266563177]
        dvar: [0.00233519636095, 0.0017022456741, 0.000828519987408, 0.000525872863363, 0.000286548805889, 0.0003065954661]
        dvar2: [0.00637682154775, 0.00438117748126, 0.0022154438775, 0.00142854929436, 0.000762034673244, 0.00076909235213]
        max: [-0.285405308008, -0.431499898434, -0.44816750288, -0.427152007818, -0.479368239641, -0.517592132092]
        mean: [-0.653708338737, -0.757936239243, -0.810577332973, -0.801102757454, -0.802972376347, -0.757728219032]
        median: [-0.664824128151, -0.771897792816, -0.822255015373, -0.806915283203, -0.800919413567, -0.746271848679]
        min: [-0.94548791647, -0.973541796207, -0.962343990803, -0.963248848915, -0.963602662086, -0.961814284325]
        var: [0.00673466036096, 0.0065425154753, 0.00442381156608, 0.00298524694517, 0.0020309612155, 0.00335868424736]
    scvalleys:
        dmean: [0.418810546398, 0.445877879858, 0.384558290243, 0.298711001873, 0.275233954191, 0.342704206705]
        dmean2: [0.690826416016, 0.70064163208, 0.606356918812, 0.463768064976, 0.40430688858, 0.476631492376]
        dvar: [0.123742200434, 0.202017068863, 0.174455821514, 0.0801411569118, 0.0998666658998, 0.173981696367]
        dvar2: [0.311444699764, 0.43106263876, 0.390433967113, 0.167110651731, 0.185541510582, 0.333741158247]
        max: [-5.0145201683, -4.76170158386, -5.76875686646, -5.90237855911, -5.37610626221, -7.14650011063]
        mean: [-6.95664072037, -7.27602863312, -7.90676259995, -7.99948596954, -7.31975412369, -9.56523609161]
        median: [-6.45422267914, -6.93906593323, -7.5077381134, -7.48682403564, -6.46308517456, -8.97129440308]
        min: [-27.5520839691, -27.4157333374, -27.1613674164, -27.238910675, -27.2747097015, -27.1453056335]
        var: [3.15031456947, 1.93478167057, 2.1002202034, 2.84269809723, 3.86270856857, 2.93214392662]

rhythm:
    beats_loudness:
        dmean: 0.00239242776297
        dmean2: 0.00404014438391
        dvar: 3.86151759812e-006
        dvar2: 1.20364238683e-005
        max: 0.0172115508467
        mean: 0.00673640659079
        median: 0.00711543159559
        min: 2.0921712713e-012
        var: 1.14032127385e-005
    bpm: 114.926361084
    bpm_confidence: 0
    first_peak_bpm: 115
    first_peak_spread: 0.157349899411
    first_peak_weight: 0.834016382694
    onset_rate: 3.47051000595
    second_peak_bpm: 120
    second_peak_spread: 0
    second_peak_weight: 0.00819672085345
    beats_loudness_band_ratio:
        dmean: [0.135491102934, 0.0800035372376, 0.035510648042, 0.0233102235943, 0.0568915009499, 0.0895671620965]
        dmean2: [0.236893802881, 0.13924343884, 0.0583827644587, 0.0399436019361, 0.0982830226421, 0.155044898391]
        dvar: [0.0159164518118, 0.00714763998985, 0.00433442601934, 0.00125879736152, 0.00275366660208, 0.00648419139907]
        dvar2: [0.0459793657064, 0.01739166677, 0.0071313562803, 0.00284341326915, 0.00784866791219, 0.0168187264353]
        max: [0.949667096138, 0.987869858742, 0.892163574696, 0.726522088051, 0.490729510784, 0.678602993488]
        mean: [0.375114291906, 0.166145458817, 0.0986116454005, 0.0317765623331, 0.137372508645, 0.258520781994]
        median: [0.33015614748, 0.118406832218, 0.040086466819, 0.0179280396551, 0.139682918787, 0.28005322814]
        min: [0, 0, 0, 0, 0, 0]
        var: [0.0606027655303, 0.0243282392621, 0.0391572080553, 0.0035484333057, 0.00740256765857, 0.0262767709792]
    beats_position: [0.476009070873, 0.952018141747, 1.45124709606, 1.95047616959, 2.4497051239, 2.94893407822, 3.45977306366, 3.97061228752, 4.49306106567, 5.01551008224, 5.53795909882, 6.06040811539, 6.58285713196, 7.10530614853, 7.6277551651, 8.15020370483, 8.67265319824, 9.19510173798, 9.71755123138, 10.2399997711, 10.7624483109, 11.2848978043, 11.807346344, 12.3297958374, 12.8522443771, 13.3746938705, 13.8971424103, 14.4195919037, 14.9304304123, 15.4412698746, 15.9637184143, 16.4861679077, 17.0086174011, 17.5310649872, 18.0535144806, 18.575963974, 19.0984115601, 19.6208610535, 20.1433105469, 20.6657600403, 21.1765975952, 21.7106571198, 22.2331066132, 22.7555541992, 23.2780036926, 23.800453186, 24.3229026794, 24.8453502655, 25.3677997589, 25.8902492523, 26.4126987457, 26.9351463318, 27.4575958252, 27.9800453186, 28.5024929047, 29.0249423981, 29.5473918915, 30.0698413849, 30.5922889709, 31.1147384644, 31.6371879578, 32.1596374512, 32.6820869446, 33.204536438, 33.7269821167, 34.2494316101, 34.7718811035, 35.2943305969, 35.8167800903, 36.3392295837, 36.8500671387, 37.3725166321, 37.8949661255, 38.4290237427, 38.9514732361, 39.4739227295, 39.9963722229, 40.5072097778, 41.0296592712, 41.5521087646, 42.0745582581, 42.5970077515, 43.1194534302, 43.6419029236, 44.164352417, 44.6751937866, 45.1976394653, 45.7200889587, 46.2541503906, 46.7882080078, 47.2990455627, 47.8214950562, 48.3439445496, 48.8547821045, 49.3888435364, 49.9112930298, 50.4337387085, 50.9561882019, 51.4670295715, 51.9894790649, 52.5119247437, 53.0343742371, 53.5568237305, 54.0908851624, 54.6133308411, 55.1357803345, 55.6582298279, 56.1690673828, 56.6799087524, 57.2139663696, 57.736415863, 58.2588653564, 58.7813148499, 59.3037643433, 59.8262138367, 60.3486595154, 60.8711090088, 61.3935585022, 61.9160079956, 62.438457489, 62.9609069824, 63.4833564758, 64.0058059692, 64.5282516479, 65.0623092651, 65.5731506348, 66.0955963135, 66.6180496216, 67.1404953003, 67.6629486084, 68.1853942871, 68.7078475952, 69.2302932739, 69.7527389526, 70.2751922607, 70.7976379395, 71.3200912476, 71.8425369263, 72.3649902344, 72.8874359131, 73.4098815918, 73.9323348999, 74.4431762695, 74.9656219482, 75.488067627, 76.0221328735, 76.5445785522, 77.0670318604, 77.5894775391, 78.1119232178, 78.6343765259, 79.1568222046, 79.6792755127, 80.2017211914, 80.7241744995, 81.2466201782, 81.7690658569, 82.2799072266, 82.7907485962, 83.3131942749, 83.835647583, 84.3580932617, 84.8805389404, 85.4029922485, 85.9254379272, 86.4478912354, 86.9703369141, 87.4927902222, 88.0152359009, 88.537689209, 89.0717468262, 89.5941925049, 90.116645813, 90.6274795532, 91.1615371704, 91.6839904785, 92.2064361572, 92.7288894653, 93.251335144, 93.7737884521, 94.2962341309, 94.8186798096, 95.3411331177, 95.8635787964, 96.3860321045, 96.9084777832, 97.4309310913, 97.95337677, 98.4758224487, 98.9982757568, 99.5207214355, 100.043174744, 100.565620422, 101.08807373, 101.610519409, 102.132965088, 102.655418396, 103.177864075, 103.700317383, 104.222763062, 104.733604431, 105.25605011, 105.778503418, 106.300949097, 106.823402405, 107.345848083, 107.868293762, 108.39074707, 108.913192749, 109.435646057, 109.958091736, 110.480545044, 111.002990723, 111.525436401, 112.047889709, 112.570335388, 113.092788696, 113.615234375, 114.137687683, 114.660133362, 115.18258667, 115.705032349, 116.227478027, 116.749931335, 117.272377014, 117.794830322, 118.317276001, 118.839729309, 119.362174988, 119.884620667, 120.407073975, 120.929519653, 121.451972961, 121.97441864, 122.496871948, 123.019317627, 123.530158997, 124.052604675, 124.575057983, 125.097503662, 125.619949341, 126.154014587, 126.676460266, 127.198905945, 127.709747314, 128.232192993, 128.754638672, 129.277099609, 129.799545288, 130.321990967, 130.844436646, 131.366897583, 131.889343262, 132.41178894, 132.934234619, 133.456680298, 133.979141235, 134.501586914, 135.024032593, 135.546478271, 136.068939209, 136.591384888, 137.113830566, 137.636276245, 138.158721924, 138.681182861, 139.20362854, 139.726074219, 140.248519897, 140.759368896, 141.293426514, 141.815872192, 142.338317871, 142.86076355, 143.383224487, 143.905670166, 144.428115845, 144.950561523, 145.473007202, 145.99546814, 146.517913818, 147.040359497, 147.562805176, 148.073654175, 148.596099854, 149.118545532, 149.652603149, 150.175048828, 150.697509766, 151.219955444, 151.742401123, 152.264846802, 152.78729248, 153.298141479, 153.820587158, 154.343032837, 154.865478516, 155.387939453, 155.910385132, 156.432830811, 156.955276489, 157.477722168, 158.000183105, 158.522628784, 159.033462524, 159.567520142, 160.089981079, 160.612426758, 161.134872437, 161.657318115, 162.179763794, 162.702224731, 163.213058472, 163.747116089, 164.269561768, 164.792022705, 165.302856445, 165.825302124, 166.347747803, 166.870193481, 167.392654419, 167.915100098, 168.437545776, 168.959991455, 169.482452393, 170.004898071, 170.52734375, 171.049789429, 171.572235107, 172.094696045, 172.617141724, 173.127975464, 173.638824463, 174.17288208, 174.695327759, 175.217773438, 175.751831055, 176.274276733, 176.796737671, 177.307571411, 177.841629028, 178.364074707, 178.886520386, 179.408981323, 179.931427002, 180.453872681, 180.976318359, 181.498779297, 182.021224976, 182.543670654, 183.066116333, 183.588562012, 184.111022949, 184.633468628, 185.155914307, 185.678359985, 186.200805664, 186.711654663, 187.234100342, 187.756546021, 188.290603638, 188.813064575, 189.335510254, 189.846343994, 190.368789673, 190.89125061, 191.413696289, 191.936141968, 192.458587646, 192.981033325, 193.503494263, 194.025939941, 194.54838562, 195.070831299, 195.593276978, 196.115737915, 196.638183594, 197.160629272, 197.683074951, 198.205535889, 198.727981567, 199.250427246, 199.772872925, 200.295318604, 200.817779541, 201.34022522, 201.862670898, 202.385116577, 202.907577515, 203.430023193, 203.952468872, 204.474914551, 204.997360229, 205.519821167, 206.042266846, 206.564712524, 207.075546265, 207.598007202, 208.120452881, 208.654510498, 209.176956177, 209.711013794, 210.245071411, 210.779129028, 211.289978027, 211.812423706, 212.323257446, 212.834106445, 213.344940186, 213.878997803, 214.401443481, 214.92388916, 215.446350098, 215.968795776, 216.479629517, 216.990478516, 217.512924194, 218.035369873, 218.557815552, 219.091873169, 219.614334106, 220.136779785, 220.659225464, 221.193283081, 221.71572876, 222.238174438, 222.749023438, 223.259857178, 223.782302856, 224.304763794, 224.827209473, 225.349655151, 225.87210083, 226.394546509, 226.917007446, 227.439453125, 227.961898804, 228.484344482, 229.00680542, 229.529251099, 230.051696777, 230.574142456, 231.096588135, 231.619049072, 232.141494751, 232.66394043, 233.186386108, 233.708831787, 234.231292725, 234.753738403, 235.276184082, 235.798629761, 236.321090698, 236.843536377, 237.354370117, 237.876815796, 238.399276733, 238.933334351, 239.455780029, 239.978225708, 240.489059448, 241.011520386, 241.533966064, 242.044799805, 242.578857422, 243.101318359, 243.623764038, 244.146209717, 244.668655396, 245.191101074, 245.713562012, 246.247619629, 246.758453369, 247.280899048, 247.814956665, 248.337417603, 248.859863281, 249.38230896, 249.904754639, 250.427200317, 250.949661255, 251.472106934, 251.994552612, 252.516998291, 253.03944397, 253.561904907, 254.084350586, 254.606796265, 255.129241943]
