
metadata:
    version:
        essentia: "2.1-beta2"
    audio_properties:
        analysis_sample_rate: 44100
        bitrate: 128
        channels: 2
        equal_loudness: 1
        length: 226.011428833
        replay_gain: -16.4512233734
        downmix: "mix"
    tags:
        album: "Contraddiction"
        artist: "Mass Hysteria"
        comment: ""
        date: "1999"
        genre: "Metal"
        title: "Furia"
        tracknumber: "8"

configuration:
    average_loudness:
        compute: 1
        frameSize: 88200
        hopSize: 44100
        silentFrames: "noise"
        windowType: "hann"
    general:
        analysisSampleRate: 44100
        endTime: 2000
        equalLoudness: 1
        nequalLoudness: 0
        shortSound: 0
        startTime: 0
    lowlevel:
        compute: 1
        frameSize: 2048
        hopSize: 1024
        zeroPadding: 0
        silentFrames: "noise"
        windowType: "blackmanharris62"
        mfccStats: ["mean", "cov", "icov"]
        stats: ["mean", "var", "median", "min", "max", "dmean", "dmean2", "dvar", "dvar2"]
    panning:
        compute: 0
        frameSize: 8192
        hopSize: 2048
        zeroPadding: 8192
        silentFrames: "noise"
        windowType: "hann"
        stats: ["copy"]
    rhythm:
        compute: 1
        maxTempo: 208
        minTempo: 40
        method: "degara"
        stats: ["mean", "var", "median", "min", "max", "dmean", "dmean2", "dvar", "dvar2"]
    segmentation:
        compute: 0
        cpw: 5
        inc1: 300
        inc2: 50
        minimumSegmentsLength: 10
        size1: 1000
        size2: 600
    sfx:
        compute: 1
        stats: ["mean", "var", "median", "min", "max", "dmean", "dmean2", "dvar", "dvar2"]
    svm:
        compute: 0
    tonal:
        compute: 1
        frameSize: 4096
        hopSize: 2048
        zeroPadding: 0
        silentFrames: "noise"
        windowType: "blackmanharris62"
        stats: ["mean", "var", "median", "min", "max", "dmean", "dmean2", "dvar", "dvar2"]

lowlevel:
    average_loudness: 0.912068486214
    barkbands_kurtosis:
        dmean: 1.85513842106
        dmean2: 2.87416410446
        dvar: 63.4897918701
        dvar2: 130.973739624
        max: 429.452423096
        mean: 1.72768044472
        median: -0.479726582766
        min: -1.93723297119
        var: 321.176513672
    barkbands_skewness:
        dmean: 0.488438010216
        dmean2: 0.748082816601
        dvar: 0.278802961111
        dvar2: 0.580728948116
        max: 9.831615448
        mean: -0.900894105434
        median: -0.958404362202
        min: -16.5436611176
        var: 1.43845975399
    barkbands_spread:
        dmean: 7.98310375214
        dmean2: 12.5493898392
        dvar: 51.0910644531
        dvar2: 122.552940369
        max: 101.577133179
        mean: 39.1573486328
        median: 39.4578285217
        min: 0.0989557430148
        var: 183.896728516
    dissonance:
        dmean: 0.00674061616883
        dmean2: 0.0115080429241
        dvar: 4.98059780512e-005
        dvar2: 0.000127200095449
        max: 0.500000059605
        mean: 0.489317893982
        median: 0.491635233164
        min: 0.315509110689
        var: 7.68420650274e-005
    hfc:
        dmean: 3.279337883
        dmean2: 5.21179151535
        dvar: 16.4843902588
        dvar2: 42.1001739502
        max: 56.9504508972
        mean: 12.6806249619
        median: 12.8188409805
        min: 1.20206746884e-016
        var: 69.6885299683
    pitch:
        dmean: 436.703674316
        dmean2: 814.951599121
        dvar: 912639.125
        dvar2: 2427379.75
        max: 5422.33154297
        mean: 3543.10498047
        median: 3779.7265625
        min: 78.0995941162
        var: 844541.25
    pitch_instantaneous_confidence:
        dmean: 0.0738101154566
        dmean2: 0.119882538915
        dvar: 0.00380211160518
        dvar2: 0.00947519019246
        max: 0.986100614071
        mean: 0.478315383196
        median: 0.464509963989
        min: 0.121069848537
        var: 0.0179914403707
    pitch_salience:
        dmean: 0.0531393066049
        dmean2: 0.0869323834777
        dvar: 0.00262441136874
        dvar2: 0.00635566236451
        max: 0.951698362827
        mean: 0.700238585472
        median: 0.714630544186
        min: 0.200700268149
        var: 0.00542565016076
    silence_rate_20dB:
        dmean: 0
        dmean2: 0
        dvar: 0
        dvar2: 0
        max: 1
        mean: 1
        median: 1
        min: 1
        var: 0
    silence_rate_30dB:
        dmean: 0
        dmean2: 0
        dvar: 0
        dvar2: 0
        max: 1
        mean: 1
        median: 1
        min: 1
        var: 0
    silence_rate_60dB:
        dmean: 0.0501335524023
        dmean2: 0.100277408957
        dvar: 0.0476160272956
        dvar2: 0.104617007077
        max: 1
        mean: 0.26769387722
        median: 0
        min: 0
        var: 0.196028023958
    spectral_centroid:
        dmean: 317.603790283
        dmean2: 489.058166504
        dvar: 107173.953125
        dvar2: 223515.515625
        max: 11339.8085938
        mean: 2725.2722168
        median: 2808.375
        min: 110.090423584
        var: 386191.28125
    spectral_complexity:
        dmean: 3.48551464081
        dmean2: 5.57299900055
        dvar: 11.7067518234
        dvar2: 27.7596702576
        max: 46
        mean: 17.2914218903
        median: 20
        min: 0
        var: 107.277526855
    spectral_crest:
        dmean: 1.7468432188
        dmean2: 2.91599059105
        dvar: 2.71385788918
        dvar2: 7.02128887177
        max: 24.6189899445
        mean: 7.2862238884
        median: 6.5829577446
        min: 2.79293727875
        var: 8.31522655487
    spectral_decrease:
        dmean: 2.80283712906e-010
        dmean2: 4.32272689865e-010
        dvar: 1.46102236183e-019
        dvar2: 3.47831567229e-019
        max: -4.13263309035e-029
        mean: -9.32273702681e-010
        median: -9.2847640687e-010
        min: -4.6438946022e-009
        var: 3.79681975769e-019
    spectral_energy:
        dmean: 0.00131910596974
        dmean2: 0.00203899783082
        dvar: 3.01086652144e-006
        dvar2: 7.2675688898e-006
        max: 0.0197732131928
        mean: 0.00466879410669
        median: 0.0047006951645
        min: 1.10590744023e-020
        var: 9.06957302504e-006
    spectral_energyband_high:
        dmean: 0.000353809999069
        dmean2: 0.000583467364777
        dvar: 2.47269952069e-007
        dvar2: 6.37474556697e-007
        max: 0.00904288794845
        mean: 0.00102929607965
        median: 0.000964171136729
        min: 8.06876559689e-021
        var: 6.54128541555e-007
    spectral_energyband_low:
        dmean: 0.000303817534586
        dmean2: 0.000495818618219
        dvar: 2.36742266679e-007
        dvar2: 6.06352784871e-007
        max: 0.00520733650774
        mean: 0.000491243496072
        median: 0.000364173523849
        min: 4.93749176538e-023
        var: 2.95407033946e-007
    spectral_energyband_middle_high:
        dmean: 0.000619159836788
        dmean2: 0.000973711838014
        dvar: 4.72162639653e-007
        dvar2: 1.14654028494e-006
        max: 0.012269529514
        mean: 0.002383365063
        median: 0.00231773289852
        min: 1.77377209745e-021
        var: 2.62637013293e-006
    spectral_energyband_middle_low:
        dmean: 0.000618194113486
        dmean2: 0.00101532577537
        dvar: 1.30476485083e-006
        dvar2: 3.26319468513e-006
        max: 0.0144495256245
        mean: 0.000916612800211
        median: 0.000583410379477
        min: 4.16223410382e-022
        var: 1.36326457323e-006
    spectral_flatness_db:
        dmean: 0.0142133440822
        dmean2: 0.0228939708322
        dvar: 0.000198826033738
        dvar2: 0.000456012057839
        max: 0.853746712208
        mean: 0.147896885872
        median: 0.131020411849
        min: 0.0708385631442
        var: 0.00862072966993
    spectral_flux:
        dmean: 0.0075110164471
        dmean2: 0.0110480478033
        dvar: 7.82199131208e-005
        dvar2: 0.000133099616505
        max: 0.117501504719
        mean: 0.0428448244929
        median: 0.044422082603
        min: 1.05162135944e-010
        var: 0.000355527183274
    spectral_kurtosis:
        dmean: 0.600425720215
        dmean2: 0.94168639183
        dvar: 1.35103142262
        dvar2: 3.19946575165
        max: 40.4680480957
        mean: 1.91344475746
        median: 1.40308499336
        min: -1.35612046719
        var: 8.44059658051
    spectral_rms:
        dmean: 0.000290469295578
        dmean2: 0.000431414751802
        dvar: 1.05204776446e-007
        dvar2: 2.38207590542e-007
        max: 0.00439214520156
        mean: 0.00197026086971
        median: 0.00214150524698
        min: 3.28471321323e-012
        var: 6.72989017403e-007
    spectral_rolloff:
        dmean: 305.786560059
        dmean2: 501.076904297
        dvar: 233246.6875
        dvar2: 485765.8125
        max: 18798.4863281
        mean: 4272.05566406
        median: 4306.640625
        min: 86.1328125
        var: 455188.03125
    spectral_skewness:
        dmean: 0.116697639227
        dmean2: 0.182460740209
        dvar: 0.0172376204282
        dvar2: 0.0383048914373
        max: 5.65377521515
        mean: 1.01178383827
        median: 0.956235826015
        min: -0.205046758056
        var: 0.233460962772
    spectral_spread:
        dmean: 570057.25
        dmean2: 821003.875
        dvar: 465264377856
        dvar2: 749070516224
        max: 41229572
        mean: 6176729
        median: 6079047
        min: 1207417.75
        var: 1.9130768425e+012
    spectral_strongpeak:
        dmean: 0.710229098797
        dmean2: 1.24506342411
        dvar: 0.902457296848
        dvar2: 2.36199402809
        max: 9.05639362335
        mean: 0.837964057922
        median: 0.220006361604
        min: 3.46621686909e-009
        var: 1.25558710098
    zerocrossingrate:
        dmean: 0.00899131782353
        dmean2: 0.0108689107001
        dvar: 9.62410122156e-005
        dvar2: 0.000118622847367
        max: 0.50341796875
        mean: 0.144480094314
        median: 0.14697265625
        min: 0.0126953125
        var: 0.000545824994333
    barkbands:
        dmean: [6.61026490434e-007, 9.82355049928e-005, 0.000187818761333, 0.000206137279747, 0.000338903540978, 8.88158829184e-005, 7.57671441534e-005, 7.28282757336e-005, 5.97317521169e-005, 4.01778161176e-005, 2.39605615207e-005, 2.72631459666e-005, 2.83995923382e-005, 2.82757973764e-005, 3.20561848639e-005, 5.13664672326e-005, 8.26352406875e-005, 0.000152130436618, 0.000355482829036, 0.000318084319588, 0.000162507829373, 0.000103876533103, 1.87404384633e-005, 1.00633933471e-005, 6.5352501224e-006, 3.27225734509e-007, 2.20311421884e-010]
        dmean2: [9.77531271928e-007, 0.000166483630892, 0.000321729778079, 0.000359491357813, 0.000600749684963, 0.000146660910104, 0.000137698807521, 0.000123266785522, 9.73517453531e-005, 6.53618335491e-005, 3.80880264856e-005, 4.29861975135e-005, 4.55918343505e-005, 4.43234821432e-005, 5.2652649174e-005, 8.43520538183e-005, 0.00013815452985, 0.00025372262462, 0.000580963853281, 0.000532635021955, 0.000270917371381, 0.000171010615304, 3.09852948703e-005, 1.5847326722e-005, 1.01992573036e-005, 4.91102866818e-007, 4.00700250758e-010]
        dvar: [1.54375698422e-012, 2.16608810888e-008, 1.07489029233e-007, 1.81886335326e-007, 6.52036874271e-007, 2.68179753959e-008, 4.43611973822e-008, 3.17418731299e-008, 2.26729426345e-008, 9.79267777979e-009, 3.63873864373e-009, 4.05948252791e-009, 4.58360949196e-009, 3.69127550748e-009, 3.98347799191e-009, 4.78614392563e-009, 1.88582820471e-008, 3.36299414982e-008, 1.90196587369e-007, 1.2818721018e-007, 5.11583344576e-008, 3.11166665767e-008, 1.0311718146e-009, 3.21253579294e-010, 1.04051357808e-010, 2.58070041032e-013, 9.82135775091e-020]
        dvar2: [3.1633044708e-012, 6.21822309199e-008, 2.92515323963e-007, 4.96798065797e-007, 1.81806888122e-006, 6.8619833371e-008, 1.27076390299e-007, 8.35735747273e-008, 5.35516875289e-008, 2.46111078184e-008, 8.65240767922e-009, 9.13559627946e-009, 1.11029123673e-008, 8.26419821465e-009, 9.64048219032e-009, 1.19541514465e-008, 5.19099003782e-008, 9.19940674748e-008, 4.85829900754e-007, 3.42777013884e-007, 1.32606658099e-007, 7.63006582361e-008, 2.78093770234e-009, 7.59306673093e-010, 2.6503538253e-010, 5.25147254241e-013, 2.96298680356e-019]
        max: [1.28542496896e-005, 0.00134002394043, 0.00319601921365, 0.00397964287549, 0.0119735635817, 0.0048916884698, 0.00228180666454, 0.00274623674341, 0.0033786688, 0.00269346102141, 0.00112115580123, 0.00175548251718, 0.00171071058139, 0.00115310039837, 0.00150114612188, 0.00152702862397, 0.00559175433591, 0.00369456689805, 0.00899436976761, 0.00427964748815, 0.00445554452017, 0.00389086501673, 0.000644533429295, 0.000415875692852, 0.000190879160073, 9.20342881727e-006, 3.45121753398e-009]
        mean: [7.86647206041e-007, 0.000135331865749, 0.000236642692471, 0.00020824240346, 0.000337236589985, 0.000129926935188, 6.80820157868e-005, 7.63575808378e-005, 7.55298970034e-005, 6.87163264956e-005, 3.34858159476e-005, 3.97186850023e-005, 4.32682463725e-005, 4.190294203e-005, 5.04865602124e-005, 0.000113911948574, 0.000180752380402, 0.000356337986887, 0.000920720165595, 0.000853323494084, 0.000439969153376, 0.000185334327398, 3.71606838598e-005, 2.0926237994e-005, 1.39678586493e-005, 6.67919152875e-007, 1.91350796319e-010]
        median: [1.8622955622e-007, 9.18633231777e-005, 0.000148930674186, 9.33930059546e-005, 0.000153434142703, 7.54430220695e-005, 2.35945863096e-005, 2.06293734664e-005, 2.55445611401e-005, 1.59243318194e-005, 1.19067617561e-005, 1.24213111121e-005, 1.10185101221e-005, 1.77451383934e-005, 2.88437986455e-005, 9.74819267867e-005, 0.000156547117513, 0.000321417115629, 0.000793032231741, 0.000835520564578, 0.000423388177296, 0.000108641586849, 2.43677168328e-005, 1.25196938825e-005, 1.02232570498e-005, 4.21848938004e-007, 7.48497722136e-011]
        min: [1.28157648465e-023, 8.3649027564e-024, 2.15376066521e-023, 1.11490405932e-023, 2.8651380746e-023, 8.13985493964e-023, 5.57528580725e-023, 9.31558774782e-023, 1.37226090508e-022, 9.39638351282e-023, 1.87629099026e-023, 3.51077875812e-023, 1.52115669701e-022, 1.27593694959e-022, 1.14511907283e-022, 2.00884477122e-022, 2.16874372126e-022, 1.00630713208e-022, 4.94436911786e-022, 3.63990443358e-022, 4.08001737945e-022, 6.1313031198e-022, 6.41903464451e-022, 7.8033015077e-022, 1.41260698782e-021, 1.43161851039e-021, 2.84475551177e-021]
        var: [2.1512533508e-012, 2.40837341181e-008, 1.02121795464e-007, 1.41470039239e-007, 4.55026224699e-007, 3.27030456049e-008, 2.96634858898e-008, 3.47855966254e-008, 3.10073779985e-008, 3.1245001253e-008, 5.81057957305e-009, 7.76684672132e-009, 9.57565848836e-009, 6.32526298006e-009, 6.97539359606e-009, 1.30817205957e-008, 3.61311585095e-008, 8.85749500412e-008, 5.78663673423e-007, 3.62934713394e-007, 1.28335869931e-007, 5.88063429063e-008, 1.62199054188e-009, 7.47511774701e-010, 2.01706845671e-010, 6.05717624495e-013, 9.03292861135e-020]
    frequency_bands:
        dmean: [6.61026490434e-007, 9.82355049928e-005, 0.000187818761333, 0.000206137279747, 0.000338903540978, 8.88158829184e-005, 7.57671441534e-005, 7.28282757336e-005, 5.97317521169e-005, 4.01778161176e-005, 2.39605615207e-005, 2.72631459666e-005, 2.83995923382e-005, 2.82757973764e-005, 3.20561848639e-005, 5.13664672326e-005, 8.26352406875e-005, 0.000152130436618, 0.000355482829036, 0.000318084319588, 0.000162507829373, 0.000103876533103, 1.87404384633e-005, 1.00633933471e-005, 6.5352501224e-006, 3.27225734509e-007, 2.20311421884e-010, 5.59513789467e-011]
        dmean2: [9.77531271928e-007, 0.000166483630892, 0.000321729778079, 0.000359491357813, 0.000600749684963, 0.000146660910104, 0.000137698807521, 0.000123266785522, 9.73517453531e-005, 6.53618335491e-005, 3.80880264856e-005, 4.29861975135e-005, 4.55918343505e-005, 4.43234821432e-005, 5.2652649174e-005, 8.43520538183e-005, 0.00013815452985, 0.00025372262462, 0.000580963853281, 0.000532635021955, 0.000270917371381, 0.000171010615304, 3.09852948703e-005, 1.5847326722e-005, 1.01992573036e-005, 4.91102866818e-007, 4.00700250758e-010, 1.03900318904e-010]
        dvar: [1.54375698422e-012, 2.16608810888e-008, 1.07489029233e-007, 1.81886335326e-007, 6.52036874271e-007, 2.68179753959e-008, 4.43611973822e-008, 3.17418731299e-008, 2.26729426345e-008, 9.79267777979e-009, 3.63873864373e-009, 4.05948252791e-009, 4.58360949196e-009, 3.69127550748e-009, 3.98347799191e-009, 4.78614392563e-009, 1.88582820471e-008, 3.36299414982e-008, 1.90196587369e-007, 1.2818721018e-007, 5.11583344576e-008, 3.11166665767e-008, 1.0311718146e-009, 3.21253579294e-010, 1.04051357808e-010, 2.58070041032e-013, 9.82135775091e-020, 6.82745991872e-021]
        dvar2: [3.1633044708e-012, 6.21822309199e-008, 2.92515323963e-007, 4.96798065797e-007, 1.81806888122e-006, 6.8619833371e-008, 1.27076390299e-007, 8.35735747273e-008, 5.35516875289e-008, 2.46111078184e-008, 8.65240767922e-009, 9.13559627946e-009, 1.11029123673e-008, 8.26419821465e-009, 9.64048219032e-009, 1.19541514465e-008, 5.19099003782e-008, 9.19940674748e-008, 4.85829900754e-007, 3.42777013884e-007, 1.32606658099e-007, 7.63006582361e-008, 2.78093770234e-009, 7.59306673093e-010, 2.6503538253e-010, 5.25147254241e-013, 2.96298680356e-019, 2.1426905309e-020]
        max: [1.28542496896e-005, 0.00134002394043, 0.00319601921365, 0.00397964287549, 0.0119735635817, 0.0048916884698, 0.00228180666454, 0.00274623674341, 0.0033786688, 0.00269346102141, 0.00112115580123, 0.00175548251718, 0.00171071058139, 0.00115310039837, 0.00150114612188, 0.00152702862397, 0.00559175433591, 0.00369456689805, 0.00899436976761, 0.00427964748815, 0.00445554452017, 0.00389086501673, 0.000644533429295, 0.000415875692852, 0.000190879160073, 9.20342881727e-006, 3.45121753398e-009, 9.79533787415e-010]
        mean: [7.86647206041e-007, 0.000135331865749, 0.000236642692471, 0.00020824240346, 0.000337236589985, 0.000129926935188, 6.80820157868e-005, 7.63575808378e-005, 7.55298970034e-005, 6.87163264956e-005, 3.34858159476e-005, 3.97186850023e-005, 4.32682463725e-005, 4.190294203e-005, 5.04865602124e-005, 0.000113911948574, 0.000180752380402, 0.000356337986887, 0.000920720165595, 0.000853323494084, 0.000439969153376, 0.000185334327398, 3.71606838598e-005, 2.0926237994e-005, 1.39678586493e-005, 6.67919152875e-007, 1.91350796319e-010, 4.39330793967e-011]
        median: [1.8622955622e-007, 9.18633231777e-005, 0.000148930674186, 9.33930059546e-005, 0.000153434142703, 7.54430220695e-005, 2.35945863096e-005, 2.06293734664e-005, 2.55445611401e-005, 1.59243318194e-005, 1.19067617561e-005, 1.24213111121e-005, 1.10185101221e-005, 1.77451383934e-005, 2.88437986455e-005, 9.74819267867e-005, 0.000156547117513, 0.000321417115629, 0.000793032231741, 0.000835520564578, 0.000423388177296, 0.000108641586849, 2.43677168328e-005, 1.25196938825e-005, 1.02232570498e-005, 4.21848938004e-007, 7.48497722136e-011, 1.37068871878e-011]
        min: [1.28157648465e-023, 8.3649027564e-024, 2.15376066521e-023, 1.11490405932e-023, 2.8651380746e-023, 8.13985493964e-023, 5.57528580725e-023, 9.31558774782e-023, 1.37226090508e-022, 9.39638351282e-023, 1.87629099026e-023, 3.51077875812e-023, 1.52115669701e-022, 1.27593694959e-022, 1.14511907283e-022, 2.00884477122e-022, 2.16874372126e-022, 1.00630713208e-022, 4.94436911786e-022, 3.63990443358e-022, 4.08001737945e-022, 6.1313031198e-022, 6.41903464451e-022, 7.8033015077e-022, 1.41260698782e-021, 1.43161851039e-021, 2.84475551177e-021, 5.57810841467e-022]
        var: [2.1512533508e-012, 2.40837341181e-008, 1.02121795464e-007, 1.41470039239e-007, 4.55026224699e-007, 3.27030456049e-008, 2.96634858898e-008, 3.47855966254e-008, 3.10073779985e-008, 3.1245001253e-008, 5.81057957305e-009, 7.76684672132e-009, 9.57565848836e-009, 6.32526298006e-009, 6.97539359606e-009, 1.30817205957e-008, 3.61311585095e-008, 8.85749500412e-008, 5.78663673423e-007, 3.62934713394e-007, 1.28335869931e-007, 5.88063429063e-008, 1.62199054188e-009, 7.47511774701e-010, 2.01706845671e-010, 6.05717624495e-013, 9.03292861135e-020, 5.68998964123e-021]
    mfcc:
        mean: [-715.624633789, 46.8976783752, -19.0498447418, 69.1622543335, -6.80876207352, -6.11890602112, 9.00207233429, -1.64909791946, -0.0859109759331, -1.25908815861, -2.07559347153, -8.244099617, -1.62305665016]
        cov: [[11676.84375, 1099.4161377, -440.197357178, 517.04699707, -322.54776001, 434.061889648, -564.392578125, -151.736297607, 489.656677246, -648.262023926, -138.896881104, 252.655334473, -357.246154785], [1099.4161377, 529.462524414, -30.223443985, 48.964553833, -24.4714813232, 85.4178085327, -89.8507156372, -45.0519790649, 129.432815552, -119.847763062, -10.3973636627, 33.676990509, -55.642490387], [-440.197357178, -30.223443985, 331.126068115, 89.7410202026, 87.6723098755, 3.30428409576, -3.3165333271, 14.9596967697, -9.96889972687, 24.9474201202, -0.727989315987, 3.91595697403, 19.7133750916], [517.04699707, 48.964553833, 89.7410202026, 372.615447998, 99.2077865601, -16.1012020111, 52.4821968079, 9.76909828186, -14.520157814, 30.9195861816, -9.10170173645, -14.7145986557, 25.3053073883], [-322.54776001, -24.4714813232, 87.6723098755, 99.2077865601, 155.134796143, 32.8203735352, 54.0837402344, 6.0543179512, -5.11691379547, 28.0688247681, -2.25730514526, -2.98621273041, 13.7495536804], [434.061889648, 85.4178085327, 3.30428409576, -16.1012020111, 32.8203735352, 140.012985229, -15.9425468445, -1.59917259216, 58.1193504333, -61.7228393555, -1.95128405094, 36.5486984253, -32.2176132202], [-564.392578125, -89.8507156372, -3.3165333271, 52.4821968079, 54.0837402344, -15.9425468445, 219.310531616, 75.9465560913, -80.8250961304, 83.9673995972, 14.1658878326, -30.1186523438, 48.4390449524], [-151.736297607, -45.0519790649, 14.9596967697, 9.76909828186, 6.0543179512, -1.59917259216, 75.9465560913, 85.0041275024, -3.62458276749, 34.9101791382, -1.36198925972, -5.04755544662, 19.7470397949], [489.656677246, 129.432815552, -9.96889972687, -14.520157814, -5.11691379547, 58.1193504333, -80.8250961304, -3.62458276749, 176.51524353, -59.498085022, -11.4819965363, 31.72108078, -40.4592819214], [-648.262023926, -119.847763062, 24.9474201202, 30.9195861816, 28.0688247681, -61.7228393555, 83.9673995972, 34.9101791382, -59.498085022, 145.876190186, 37.917755127, -41.8784141541, 35.0901603699], [-138.896881104, -10.3973636627, -0.727989315987, -9.10170173645, -2.25730514526, -1.95128405094, 14.1658878326, -1.36198925972, -11.4819965363, 37.917755127, 61.4546051025, 14.5709657669, 7.24262332916], [252.655334473, 33.676990509, 3.91595697403, -14.7145986557, -2.98621273041, 36.5486984253, -30.1186523438, -5.04755544662, 31.72108078, -41.8784141541, 14.5709657669, 79.0523529053, -0.118469938636], [-357.246154785, -55.642490387, 19.7133750916, 25.3053073883, 13.7495536804, -32.2176132202, 48.4390449524, 19.7470397949, -40.4592819214, 35.0901603699, 7.24262332916, -0.118469938636, 67.7837142944]]
        icov: [[0.000223207782255, -0.000105870545667, 0.000266444461886, -0.00065261288546, 0.000613471493125, -0.000473007414257, 0.000287077738903, -0.000215169871808, 3.33210737153e-005, 0.000281362561509, 0.000174955857801, -0.000361094978871, 0.000618813908659], [-0.000105870545667, 0.00298550538719, -0.000124030280858, -0.000545294140466, 0.00056208204478, -0.000515509571414, -0.000600262603257, 0.0011874625925, -0.00164113333449, 0.00173724105116, -0.00124957005028, 0.000887189467903, 0.000112557172542], [0.000266444461886, -0.000124030280858, 0.00430253474042, -0.00121519435197, -0.00173452112358, -0.00046371560893, 0.00229763379321, -0.00217464752495, 0.000746833800804, 2.79834366665e-005, 6.62532329443e-005, -0.000649639812764, 5.09360725118e-005], [-0.00065261288546, -0.000545294140466, -0.00121519435197, 0.00559053989127, -0.00404555164278, 0.00254597142339, -0.00120332103688, 0.000584521447308, 2.78985426121e-005, -0.00108859722968, 0.000173560358235, 0.00104445789475, -0.00233699777164], [0.000613471493125, 0.00056208204478, -0.00173452112358, -0.00404555164278, 0.0137800928205, -0.00592058664188, -0.00283729936928, 0.00428469665349, -0.00148539792281, -0.00241885706782, 0.00345303770155, -0.00173734151758, 0.000873026088811], [-0.000473007414257, -0.000515509571414, -0.00046371560893, 0.00254597142339, -0.00592058664188, 0.0142249008641, -0.00207566469908, -0.00168780144304, -0.00154480605852, 0.00472922995687, -0.00327944126911, -0.00173622311559, 0.00318240816705], [0.000287077738903, -0.000600262603257, 0.00229763379321, -0.00120332103688, -0.00283729936928, -0.00207566469908, 0.0120196593925, -0.00936669949442, 0.00428534206003, -0.00129637960345, -0.00129865400959, 0.00166414328851, -0.00209975405596], [-0.000215169871808, 0.0011874625925, -0.00217464752495, 0.000584521447308, 0.00428469665349, -0.00168780144304, -0.00936669949442, 0.0226097628474, -0.00486157741398, -0.00482372101396, 0.00544664636254, -0.00239647063427, -0.00230042403564], [3.33210737153e-005, -0.00164113333449, 0.000746833800804, 2.78985426121e-005, -0.00148539792281, -0.00154480605852, 0.00428534206003, -0.00486157741398, 0.0100125838071, -0.000208538214792, 0.000719963514712, -0.00171587918885, 0.00252623879351], [0.000281362561509, 0.00173724105116, 2.79834366665e-005, -0.00108859722968, -0.00241885706782, 0.00472922995687, -0.00129637960345, -0.00482372101396, -0.000208538214792, 0.0199816860259, -0.0132063888013, 0.00817917566746, -0.000665822706651], [0.000174955857801, -0.00124957005028, 6.62532329443e-005, 0.000173560358235, 0.00345303770155, -0.00327944126911, -0.00129865400959, 0.00544664636254, 0.000719963514712, -0.0132063888013, 0.027647446841, -0.0108774490654, 0.00118770112749], [-0.000361094978871, 0.000887189467903, -0.000649639812764, 0.00104445789475, -0.00173734151758, -0.00173622311559, 0.00166414328851, -0.00239647063427, -0.00171587918885, 0.00817917566746, -0.0108774490654, 0.0218875072896, -0.00639757281169], [0.000618813908659, 0.000112557172542, 5.09360725118e-005, -0.00233699777164, 0.000873026088811, 0.00318240816705, -0.00209975405596, -0.00230042403564, 0.00252623879351, -0.000665822706651, 0.00118770112749, -0.00639757281169, 0.0241848994046]]
    sccoeffs:
        dmean: [0.0560743771493, 0.048359207809, 0.0381691083312, 0.0295880232006, 0.0203419588506, 0.0193708334118]
        dmean2: [0.0923763439059, 0.0804920867085, 0.0635406896472, 0.0494168400764, 0.0339363887906, 0.0307627562433]
        dvar: [0.00210223533213, 0.00150287500583, 0.000983566162176, 0.000530347402673, 0.000274577498203, 0.000312266434776]
        dvar2: [0.0054927081801, 0.00412326492369, 0.00258133816533, 0.00146198493894, 0.000703950412571, 0.000723131699488]
        max: [-0.384561389685, -0.51991379261, -0.495574742556, -0.610748231411, -0.283063054085, -0.560109376907]
        mean: [-0.697682082653, -0.784176468849, -0.811632335186, -0.809772849083, -0.786132991314, -0.759335696697]
        median: [-0.69781512022, -0.787442207336, -0.818580985069, -0.810807049274, -0.795893490314, -0.75651705265]
        min: [-0.965228199959, -0.983046531677, -0.971378803253, -0.953270375729, -0.973045349121, -0.960667133331]
        var: [0.00581165216863, 0.00368418754078, 0.00320167443715, 0.00172645319253, 0.00490650348365, 0.00159921566956]
    scvalleys:
        dmean: [0.422803550959, 0.428400546312, 0.358086079359, 0.306789934635, 0.213417559862, 0.264018028975]
        dmean2: [0.697246134281, 0.687864005566, 0.560119688511, 0.468820482492, 0.325977325439, 0.387611955404]
        dvar: [0.146844163537, 0.170192480087, 0.10867510736, 0.0904173627496, 0.0680265650153, 0.0858610272408]
        dvar2: [0.335435450077, 0.366298943758, 0.22272016108, 0.171972289681, 0.116976395249, 0.176133275032]
        max: [-5.00164222717, -4.51545190811, -5.87124061584, -5.86578941345, -5.36162424088, -7.30678367615]
        mean: [-6.96585130692, -7.25250387192, -7.75131368637, -7.81096076965, -6.82802248001, -8.87680339813]
        median: [-6.5721912384, -6.92490816116, -7.40884876251, -7.41886758804, -6.32141113281, -8.52070999146]
        min: [-27.2108955383, -27.6256809235, -26.7830123901, -27.4718589783, -27.2417736053, -27.2138824463]
        var: [2.28983473778, 2.30687451363, 2.31203055382, 2.21966814995, 2.02186250687, 1.81739032269]

rhythm:
    beats_loudness:
        dmean: 0.00215969397686
        dmean2: 0.00390063575469
        dvar: 2.71141266239e-006
        dvar2: 8.86028647074e-006
        max: 0.0146689070389
        mean: 0.00661522056907
        median: 0.00695203337818
        min: 2.0221520014e-009
        var: 8.47854062158e-006
    bpm: 126.849456787
    bpm_confidence: 0
    first_peak_bpm: 126
    first_peak_spread: 0.321199148893
    first_peak_weight: 0.667368412018
    onset_rate: 3.50867199898
    second_peak_bpm: 117
    second_peak_spread: 0.571428537369
    second_peak_weight: 0.00631578965113
    beats_loudness_band_ratio:
        dmean: [0.118525542319, 0.0718178004026, 0.0324454940856, 0.0204714648426, 0.0450574308634, 0.103364095092]
        dmean2: [0.206118106842, 0.12971739471, 0.0588723681867, 0.0359973423183, 0.0757764652371, 0.185210853815]
        dvar: [0.011365942657, 0.00457576336339, 0.00241001090035, 0.000587360118516, 0.0016293983208, 0.00826283078641]
        dvar2: [0.0313200168312, 0.0126019436866, 0.00724385865033, 0.00154389627278, 0.00451504439116, 0.0235206279904]
        max: [0.974643051624, 0.471690773964, 0.553241491318, 0.160985842347, 0.363716959953, 0.999061644077]
        mean: [0.353888601065, 0.106616571546, 0.0408479496837, 0.0271893404424, 0.130972996354, 0.378445655107]
        median: [0.32906383276, 0.0840678662062, 0.0281149893999, 0.0177278108895, 0.127242326736, 0.364603787661]
        min: [1.14268182472e-007, 3.6964074468e-008, 3.86014988862e-008, 8.86294060365e-008, 0.00112542882562, 0.00910362787545]
        var: [0.0392665788531, 0.00686409091577, 0.00189266738016, 0.000710682710633, 0.00408990355209, 0.028937317431]
    beats_position: [0.49922901392, 0.99845802784, 1.49768710136, 2.00852608681, 2.50775504112, 2.99537420273, 3.47138309479, 3.94739222527, 4.42340135574, 4.8994102478, 5.36380958557, 5.83981847763, 6.31582736969, 6.79183673859, 7.25623559952, 7.73224496841, 8.19664382935, 8.67265319824, 9.14866161346, 9.61306095123, 10.0890703201, 10.5650787354, 11.0294780731, 11.505487442, 11.9814968109, 12.445895195, 12.9219045639, 13.3979139328, 13.873922348, 14.3499317169, 14.8259410858, 15.301949501, 15.7663488388, 16.242357254, 16.7183666229, 17.1827659607, 17.6587753296, 18.1347846985, 18.5991840363, 19.0751914978, 19.5512008667, 20.0156002045, 20.4916095734, 20.9676189423, 21.4436283112, 21.9196376801, 22.3956451416, 22.8716545105, 23.3360538483, 23.8120632172, 24.2880725861, 24.7524719238, 25.2284793854, 25.7044887543, 26.168888092, 26.6448974609, 27.1209068298, 27.5853061676, 28.0613155365, 28.537322998, 29.0017223358, 29.4777317047, 29.9537410736, 30.4181404114, 30.870929718, 31.358549118, 31.8461666107, 32.3337860107, 32.7981834412, 33.2741928101, 33.750202179, 34.2262115479, 34.690612793, 35.1666221619, 35.6310195923, 36.1070289612, 36.5714263916, 37.059047699, 37.5350570679, 38.0110664368, 38.4754638672, 38.9398651123, 39.4042625427, 39.8802719116, 40.3562812805, 40.8206787109, 41.2966880798, 41.7726974487, 42.2487068176, 42.713104248, 43.1891136169, 43.6651229858, 44.1411323547, 44.6171417236, 45.0931510925, 45.5691604614, 46.0451698303, 46.5095672607, 46.9855766296, 47.4615859985, 47.9259872437, 48.3903846741, 48.866394043, 49.3424034119, 49.8184127808, 50.2944221497, 50.7704315186, 51.2464370728, 51.7108383179, 52.1868476868, 52.6628570557, 53.1388664246, 53.6148757935, 54.0908851624, 54.5668907166, 55.0312919617, 55.5073013306, 55.9833106995, 56.4477081299, 56.912109375, 57.3881187439, 57.8641242981, 58.3517456055, 58.8161430359, 59.280544281, 59.7565536499, 60.2325630188, 60.708568573, 61.1845779419, 61.6605873108, 62.1249885559, 62.6009979248, 63.0653953552, 63.5414047241, 64.0174102783, 64.4818115234, 64.9694290161, 65.4338302612, 65.9098434448, 66.385848999, 66.8502502441, 67.3146438599, 67.779045105, 68.2550582886, 68.7310638428, 69.2070770264, 69.6830825806, 70.1474838257, 70.6234893799, 71.0995025635, 71.5755081177, 72.0515213013, 72.515914917, 72.9919281006, 73.4679336548, 73.9439468384, 74.4199523926, 74.8843536377, 75.3603591919, 75.8363723755, 76.3123779297, 76.7883911133, 77.252784729, 77.7287979126, 78.2048034668, 78.6692047119, 79.133605957, 79.6096115112, 80.0856246948, 80.561630249, 81.0376434326, 81.5020370483, 81.9780502319, 82.4540557861, 82.9416732788, 83.4060745239, 83.870475769, 84.3464813232, 84.8224945068, 85.2868881226, 85.7629013062, 86.2389068604, 86.7149200439, 87.1909255981, 87.6669387817, 88.1313400269, 88.6073455811, 89.0717468262, 89.5477523804, 90.023765564, 90.4881591797, 90.9641723633, 91.4401779175, 91.9161911011, 92.3921966553, 92.8565979004, 93.3326034546, 93.8086166382, 94.2730178833, 94.7490234375, 95.2250289917, 95.6894302368, 96.1538314819, 96.6298370361, 97.1058502197, 97.5818557739, 98.0578689575, 98.5338745117, 99.0098876953, 99.4858932495, 99.9619064331, 100.437911987, 100.913917542, 101.389930725, 101.865936279, 102.330337524, 102.79473877, 103.259140015, 103.72353363, 104.199546814, 104.675552368, 105.151565552, 105.627571106, 106.10358429, 106.579589844, 107.055595398, 107.531608582, 107.996009827, 108.460403442, 108.936416626, 109.41242218, 109.876823425, 110.352828979, 110.828842163, 111.293243408, 111.769248962, 112.245262146, 112.709655762, 113.185668945, 113.650062561, 114.126075745, 114.602081299, 115.078094482, 115.554100037, 116.03011322, 116.506118774, 116.982131958, 117.458137512, 117.934150696, 118.398544312, 118.874557495, 119.350563049, 119.814964294, 120.27936554, 120.743759155, 121.231384277, 121.707389832, 122.183395386, 122.659408569, 123.135414124, 123.599815369, 124.075828552, 124.551834106, 125.016235352, 125.492240906, 125.968254089, 126.432647705, 126.908660889, 127.384666443, 127.849067688, 128.313461304, 128.801086426, 129.265487671, 129.741500854, 130.217498779, 130.693511963, 131.169525146, 131.645523071, 132.121536255, 132.597549438, 133.073562622, 133.537963867, 134.013961792, 134.489974976, 134.954376221, 135.430389404, 135.906387329, 136.370788574, 136.846801758, 137.322814941, 137.787200928, 138.263214111, 138.739227295, 139.215240479, 139.691238403, 140.155639648, 140.620040894, 141.096054077, 141.572067261, 142.036453247, 142.512466431, 142.988479614, 143.452880859, 143.928878784, 144.404891968, 144.880905151, 145.356918335, 145.82131958, 146.285705566, 146.773330688, 147.260955811, 147.725341797, 148.189743042, 148.665756226, 149.141769409, 149.606170654, 150.070556641, 150.558181763, 151.022583008, 151.498596191, 151.974594116, 152.438995361, 152.903396606, 153.37940979, 153.855422974, 154.331420898, 154.807434082, 155.283447266, 155.759460449, 156.235458374, 156.711471558, 157.175872803, 157.640274048, 158.116271973, 158.592285156, 159.06829834, 159.544311523, 160.00869751, 160.484710693, 160.960723877, 161.436737061, 161.912734985, 162.37713623, 162.853149414, 163.329162598, 163.793563843, 164.269561768, 164.745574951, 165.209976196, 165.674377441, 166.150375366, 166.62638855, 167.102401733, 167.578414917, 168.042816162, 168.518814087, 168.994827271, 169.459228516, 169.935241699, 170.411239624, 170.875640869, 171.351654053, 171.827667236, 172.303665161, 172.779678345, 173.255691528, 173.731704712, 174.196090698, 174.672103882, 175.148117065, 175.612518311, 176.088516235, 176.564529419, 177.040542603, 177.516555786, 177.980941772, 178.456954956, 178.93296814, 179.397369385, 179.873382568, 180.349380493, 180.825393677, 181.30140686, 181.777404785, 182.253417969, 182.717819214, 183.205444336, 183.669830322, 184.134231567, 184.610244751, 185.086257935, 185.55065918, 186.026657104, 186.502670288, 186.967071533, 187.443084717, 187.919082642, 188.383483887, 188.847885132, 189.323898315, 189.799911499, 190.275909424, 190.751922607, 191.227935791, 191.692337036, 192.168334961, 192.644348145, 193.120361328, 193.584762573, 194.049163818, 194.525161743, 195.001174927, 195.465576172, 195.941589355, 196.41758728, 196.893600464, 197.369613647, 197.834014893, 198.298416138, 198.774414063, 199.250427246, 199.72644043, 200.202438354, 200.678451538, 201.154464722, 201.618865967, 202.09487915, 202.570877075, 203.03527832, 203.511291504, 203.987304688, 204.451690674, 204.916091919, 205.392105103, 205.868118286, 206.344116211, 206.820129395, 207.296142578, 207.772155762, 208.248153687, 208.72416687, 209.200180054, 209.676193237, 210.152191162, 210.628204346, 211.092605591, 211.568618774, 212.044616699, 212.509017944, 212.985031128, 213.461044312, 213.937042236, 214.41305542, 214.889068604, 215.353469849, 215.817871094, 216.293869019, 216.769882202, 217.245895386, 217.721893311, 218.197906494, 218.673919678, 219.138320923, 219.602722168, 220.078720093, 220.554733276, 221.03074646, 221.495147705, 221.97114563, 222.447158813, 222.911560059, 223.399185181, 223.886795044, 224.397644043, 224.920089722, 225.430923462]
