
metadata:
    version:
        essentia: "2.1-beta2"
    audio_properties:
        analysis_sample_rate: 44100
        bitrate: 128
        channels: 2
        equal_loudness: 1
        length: 232.22857666
        replay_gain: -16.5482254028
        downmix: "mix"
    tags:
        album: "Contraddiction"
        artist: "Mass Hysteria"
        comment: ""
        date: "1999"
        genre: "Metal"
        title: "Atracteurs Etranges"
        tracknumber: "4"

configuration:
    average_loudness:
        compute: 1
        frameSize: 88200
        hopSize: 44100
        silentFrames: "noise"
        windowType: "hann"
    general:
        analysisSampleRate: 44100
        endTime: 2000
        equalLoudness: 1
        nequalLoudness: 0
        shortSound: 0
        startTime: 0
    lowlevel:
        compute: 1
        frameSize: 2048
        hopSize: 1024
        zeroPadding: 0
        silentFrames: "noise"
        windowType: "blackmanharris62"
        mfccStats: ["mean", "cov", "icov"]
        stats: ["mean", "var", "median", "min", "max", "dmean", "dmean2", "dvar", "dvar2"]
    panning:
        compute: 0
        frameSize: 8192
        hopSize: 2048
        zeroPadding: 8192
        silentFrames: "noise"
        windowType: "hann"
        stats: ["copy"]
    rhythm:
        compute: 1
        maxTempo: 208
        minTempo: 40
        method: "degara"
        stats: ["mean", "var", "median", "min", "max", "dmean", "dmean2", "dvar", "dvar2"]
    segmentation:
        compute: 0
        cpw: 5
        inc1: 300
        inc2: 50
        minimumSegmentsLength: 10
        size1: 1000
        size2: 600
    sfx:
        compute: 1
        stats: ["mean", "var", "median", "min", "max", "dmean", "dmean2", "dvar", "dvar2"]
    svm:
        compute: 0
    tonal:
        compute: 1
        frameSize: 4096
        hopSize: 2048
        zeroPadding: 0
        silentFrames: "noise"
        windowType: "blackmanharris62"
        stats: ["mean", "var", "median", "min", "max", "dmean", "dmean2", "dvar", "dvar2"]

lowlevel:
    average_loudness: 0.960140407085
    barkbands_kurtosis:
        dmean: 0.908733308315
        dmean2: 1.4762891531
        dvar: 2.10830283165
        dvar2: 4.85673522949
        max: 43.2519111633
        mean: 0.084181651473
        median: -0.845140039921
        min: -1.9059702158
        var: 10.6745653152
    barkbands_skewness:
        dmean: 0.354870587587
        dmean2: 0.568835198879
        dvar: 0.111270397902
        dvar2: 0.267696589231
        max: 5.97637653351
        mean: -0.934943854809
        median: -0.894122362137
        min: -4.23775577545
        var: 0.622731745243
    barkbands_spread:
        dmean: 6.37484312057
        dmean2: 10.3837556839
        dvar: 36.154209137
        dvar2: 94.7679290771
        max: 102.195823669
        mean: 41.5950584412
        median: 43.3534088135
        min: 1.27999556065
        var: 138.311660767
    dissonance:
        dmean: 0.00578602077439
        dmean2: 0.00979787204415
        dvar: 3.91866306018e-005
        dvar2: 0.000106498831883
        max: 0.500000059605
        mean: 0.489006668329
        median: 0.490694075823
        min: 0.318455755711
        var: 6.2286904722e-005
    hfc:
        dmean: 3.30252885818
        dmean2: 5.50889110565
        dvar: 17.3119087219
        dvar2: 44.2907142639
        max: 63.6640739441
        mean: 16.2862262726
        median: 16.1435432434
        min: 1.14583678959e-016
        var: 53.9376068115
    pitch:
        dmean: 219.31678772
        dmean2: 395.963409424
        dvar: 326607.125
        dvar2: 898668.6875
        max: 4862.80712891
        mean: 3743.70239258
        median: 3833.61303711
        min: 72.7275009155
        var: 355517.4375
    pitch_instantaneous_confidence:
        dmean: 0.0596729591489
        dmean2: 0.100634485483
        dvar: 0.00224580126815
        dvar2: 0.00634566508234
        max: 0.908742785454
        mean: 0.451003611088
        median: 0.453816711903
        min: 0.104764103889
        var: 0.00474002724513
    pitch_salience:
        dmean: 0.0403543673456
        dmean2: 0.0676883235574
        dvar: 0.00116933160461
        dvar2: 0.00314337247983
        max: 0.844593048096
        mean: 0.70375585556
        median: 0.709356248379
        min: 0.162476792932
        var: 0.00305167050101
    silence_rate_20dB:
        dmean: 0
        dmean2: 0
        dvar: 0
        dvar2: 0
        max: 1
        mean: 1
        median: 1
        min: 1
        var: 0
    silence_rate_30dB:
        dmean: 0
        dmean2: 0
        dvar: 0
        dvar2: 0
        max: 1
        mean: 1
        median: 1
        min: 1
        var: 0
    silence_rate_60dB:
        dmean: 0.0193961206824
        dmean2: 0.0387961193919
        dvar: 0.0190226677805
        dvar2: 0.0408859029412
        max: 1
        mean: 0.127261817455
        median: 0
        min: 0
        var: 0.111066304147
    spectral_centroid:
        dmean: 248.610855103
        dmean2: 399.823486328
        dvar: 65982.6171875
        dvar2: 144587.78125
        max: 11542.7246094
        mean: 2730.50463867
        median: 2751.7434082
        min: 201.042251587
        var: 265713.5
    spectral_complexity:
        dmean: 3.44671058655
        dmean2: 5.66943311691
        dvar: 8.79344654083
        dvar2: 21.9695930481
        max: 45
        mean: 23.7978610992
        median: 26
        min: 0
        var: 66.643951416
    spectral_crest:
        dmean: 1.22978651524
        dmean2: 2.08990311623
        dvar: 1.20934951305
        dvar2: 3.22067785263
        max: 22.6370487213
        mean: 6.21539497375
        median: 5.94727897644
        min: 2.98406744003
        var: 2.77646827698
    spectral_decrease:
        dmean: 2.28269167457e-010
        dmean2: 3.75626196814e-010
        dvar: 7.96247676559e-020
        dvar2: 2.10788096127e-019
        max: -8.06085820791e-029
        mean: -1.18242637903e-009
        median: -1.20858523189e-009
        min: -4.01491107027e-009
        var: 2.23248240811e-019
    spectral_energy:
        dmean: 0.00111602107063
        dmean2: 0.00184386887122
        dvar: 1.95110328605e-006
        dvar2: 5.11849839313e-006
        max: 0.0209277234972
        mean: 0.00593995163217
        median: 0.00607485603541
        min: 1.0697312939e-020
        var: 5.66729886486e-006
    spectral_energyband_high:
        dmean: 0.000432439002907
        dmean2: 0.000732461747248
        dvar: 3.33145663944e-007
        dvar2: 8.61670514496e-007
        max: 0.0085630165413
        mean: 0.0014687476214
        median: 0.00135327258613
        min: 7.80331816844e-021
        var: 7.36338392926e-007
    spectral_energyband_low:
        dmean: 0.00028997118352
        dmean2: 0.000486045057187
        dvar: 1.43608161807e-007
        dvar2: 4.06045472801e-007
        max: 0.00384620809928
        mean: 0.000605460256338
        median: 0.000534106104169
        min: 1.24056695095e-022
        var: 1.88715077343e-007
    spectral_energyband_middle_high:
        dmean: 0.000579496787395
        dmean2: 0.000964455946814
        dvar: 3.30054859887e-007
        dvar2: 8.64266212375e-007
        max: 0.00955194234848
        mean: 0.00282904529013
        median: 0.00285088410601
        min: 1.62586933626e-021
        var: 1.3784829207e-006
    spectral_energyband_middle_low:
        dmean: 0.000475223583635
        dmean2: 0.000766857585404
        dvar: 4.43517109261e-007
        dvar2: 1.18706782359e-006
        max: 0.0102209141478
        mean: 0.00117227795999
        median: 0.000992823857814
        min: 2.85504033947e-022
        var: 7.28200518552e-007
    spectral_flatness_db:
        dmean: 0.0115034263581
        dmean2: 0.0179047789425
        dvar: 9.73014248302e-005
        dvar2: 0.000221742346184
        max: 0.323779165745
        mean: 0.146226376295
        median: 0.139652311802
        min: 0.0337778516114
        var: 0.000935493269935
    spectral_flux:
        dmean: 0.00556567404419
        dmean2: 0.00858053937554
        dvar: 3.72135618818e-005
        dvar2: 7.04765698174e-005
        max: 0.104538656771
        mean: 0.0466842204332
        median: 0.0472262352705
        min: 1.03427814924e-010
        var: 0.000165927616763
    spectral_kurtosis:
        dmean: 0.584401905537
        dmean2: 0.989084005356
        dvar: 0.627850234509
        dvar2: 1.89300322533
        max: 21.917427063
        mean: 1.77898991108
        median: 1.59179294109
        min: -1.31783461571
        var: 1.17963516712
    spectral_rms:
        dmean: 0.000216804124648
        dmean2: 0.000353853043634
        dvar: 6.07915637829e-008
        dvar2: 1.55418689474e-007
        max: 0.00451854988933
        mean: 0.00234136544168
        median: 0.00243447930552
        min: 3.23054213588e-012
        var: 3.13103356575e-007
    spectral_rolloff:
        dmean: 213.323303223
        dmean2: 354.0262146
        dvar: 110130.359375
        dvar2: 201846.0625
        max: 18346.2890625
        mean: 4379.22851563
        median: 4371.24023438
        min: 129.19921875
        var: 257441.921875
    spectral_skewness:
        dmean: 0.10709104687
        dmean2: 0.178717017174
        dvar: 0.0130143249407
        dvar2: 0.0350998975337
        max: 3.54084777832
        mean: 0.857060194016
        median: 0.866028785706
        min: -0.0693852007389
        var: 0.0445394217968
    spectral_spread:
        dmean: 494867.875
        dmean2: 721067.9375
        dvar: 565171847168
        dvar2: 904520073216
        max: 49924836
        mean: 5502009
        median: 5535692
        min: 1841183.25
        var: 1.86678260531e+012
    spectral_strongpeak:
        dmean: 0.655434906483
        dmean2: 1.18289387226
        dvar: 0.944688200951
        dvar2: 2.57266569138
        max: 8.75804138184
        mean: 0.652993857861
        median: 0.208330094814
        min: 4.46049586156e-011
        var: 0.908680319786
    zerocrossingrate:
        dmean: 0.00700973067433
        dmean2: 0.00895999278873
        dvar: 6.16281613475e-005
        dvar2: 7.62059280532e-005
        max: 0.48583984375
        mean: 0.143976196647
        median: 0.14501953125
        min: 0.0107421875
        var: 0.000409344793297
    barkbands:
        dmean: [9.60224951996e-007, 9.76146693574e-005, 0.000193493717234, 0.000121344470244, 0.000238252381678, 0.000151964981342, 0.000116335038911, 6.21497965767e-005, 4.84603115183e-005, 2.08077090065e-005, 1.6569321815e-005, 1.89801085071e-005, 1.35328182296e-005, 2.21128684643e-005, 3.46873603121e-005, 7.45536017348e-005, 0.000105755301774, 0.000204657277209, 0.000322077888995, 0.000381898571504, 0.000222393195145, 0.00011200971494, 2.29339057114e-005, 9.33277806325e-006, 6.82827067067e-006, 3.38181479265e-007, 2.7050559015e-010]
        dmean2: [1.36031155762e-006, 0.000160400741152, 0.000321862113196, 0.000203391813557, 0.000399920972995, 0.00023252266692, 0.000189511105418, 0.000103879552626, 7.66032753745e-005, 3.35288277711e-005, 2.67264495051e-005, 3.16660371027e-005, 2.21482077905e-005, 3.65637024515e-005, 5.64136244066e-005, 0.000125346006826, 0.000180419301614, 0.000348976027453, 0.000547460513189, 0.00064953090623, 0.000375357660232, 0.00018751816242, 3.81224454031e-005, 1.47816117533e-005, 1.02889207483e-005, 4.94847881782e-007, 4.93363516707e-010]
        dvar: [4.75972299768e-012, 2.29706653698e-008, 6.28633927136e-008, 2.21308713577e-008, 1.46039397464e-007, 4.6500449713e-008, 6.4934702948e-008, 1.64923061874e-008, 7.40393568677e-009, 1.94262961273e-009, 1.06445507964e-009, 2.19427898074e-009, 8.17338474679e-010, 1.55458546036e-009, 4.18795176316e-009, 7.32805993664e-009, 1.08295790113e-008, 4.08584917011e-008, 9.68791695755e-008, 1.52510409634e-007, 7.88348657466e-008, 3.34888632381e-008, 1.86631576859e-009, 3.89591803263e-010, 1.07153286244e-010, 4.00712639069e-013, 1.33315652425e-019]
        dvar2: [9.69998647377e-012, 6.34020693724e-008, 1.77901753773e-007, 6.03625807116e-008, 4.04077326266e-007, 1.1304486236e-007, 1.66154109138e-007, 4.26893613792e-008, 1.69008824713e-008, 4.58246152135e-009, 2.33374586323e-009, 6.24987217535e-009, 1.97525196199e-009, 3.82851528258e-009, 1.0330490241e-008, 1.88571487314e-008, 2.97333038191e-008, 1.17204365324e-007, 2.72461875284e-007, 4.30246672067e-007, 2.01652611054e-007, 8.3566121134e-008, 4.87368145841e-009, 8.33899227448e-010, 2.30653329769e-010, 7.82326568978e-013, 4.02716448438e-019]
        max: [1.48742401507e-005, 0.00150600739289, 0.00266402494162, 0.00294327130541, 0.00760124577209, 0.00499229552224, 0.00422439957038, 0.00265247887, 0.00139238545671, 0.000995049136691, 0.000835812592413, 0.00130146532319, 0.000927439483348, 0.000959715165664, 0.00157329405192, 0.00249733147211, 0.00134192826226, 0.00288649252616, 0.00484517263249, 0.00708141364157, 0.00566394906491, 0.00306981080212, 0.00161364173982, 0.000823874725029, 0.000327868794557, 1.44981377161e-005, 5.36395461381e-009]
        mean: [9.46889429088e-007, 0.000140983203892, 0.000362624035915, 0.000182916250196, 0.000387299951399, 0.000276841805317, 0.000158167822519, 7.94104053057e-005, 7.97762113507e-005, 3.58174438588e-005, 2.87333659799e-005, 2.81116554106e-005, 2.23591978283e-005, 3.82014659408e-005, 6.91611858201e-005, 0.000179022492375, 0.0002551296202, 0.000534878985491, 0.000936176802497, 0.00116940203588, 0.000670361565426, 0.000218661443796, 4.77709909319e-005, 2.12745453609e-005, 1.52847442223e-005, 6.51326956813e-007, 2.40876957269e-010]
        median: [6.70151933946e-008, 9.33523115236e-005, 0.000288691575406, 0.000127709994558, 0.000273870537058, 0.000161025673151, 4.60844967165e-005, 3.34315845976e-005, 3.20455801557e-005, 1.59633527801e-005, 1.34572019306e-005, 1.34352994792e-005, 1.17243471323e-005, 2.47210882662e-005, 4.09760941693e-005, 0.00015530474775, 0.000233157770708, 0.000500939844642, 0.000897906837054, 0.00113499246072, 0.000613443087786, 0.000147019542055, 3.18289676215e-005, 1.50187161125e-005, 1.13839405458e-005, 3.11309463541e-007, 1.15746634499e-010]
        min: [4.51333577168e-023, 4.70924338215e-023, 4.50052277731e-023, 1.03020067183e-023, 3.96475180077e-023, 6.96378008137e-023, 7.37083861935e-023, 3.4015496062e-023, 3.57186625335e-023, 6.73338347212e-023, 9.39216089817e-023, 6.86472502631e-023, 1.1989830003e-022, 1.03385768899e-022, 1.25636272307e-022, 1.39890850025e-022, 2.56840034582e-022, 1.97862836932e-022, 2.08842228255e-022, 3.44274827718e-022, 4.30369895223e-022, 4.28746684538e-022, 6.28625509156e-022, 7.5766836053e-022, 1.30784141285e-021, 1.65297979713e-021, 2.29471029279e-021]
        var: [5.93549254885e-012, 2.45124596177e-008, 9.56386330131e-008, 3.55020866039e-008, 1.69296967556e-007, 1.14284141262e-007, 9.51386951442e-008, 1.98560883291e-008, 1.55535904156e-008, 5.57402124457e-009, 3.36539507373e-009, 3.1815956536e-009, 1.35924982381e-009, 2.5004509574e-009, 1.01129193908e-008, 1.99323952899e-008, 2.1891111146e-008, 8.64612133e-008, 2.16653319285e-007, 3.40648341535e-007, 1.69175010001e-007, 5.92007332045e-008, 2.88099544221e-009, 1.13904274901e-009, 2.78759987316e-010, 9.04288525571e-013, 1.22770056042e-019]
    frequency_bands:
        dmean: [9.60224951996e-007, 9.76146693574e-005, 0.000193493717234, 0.000121344470244, 0.000238252381678, 0.000151964981342, 0.000116335038911, 6.21497965767e-005, 4.84603115183e-005, 2.08077090065e-005, 1.6569321815e-005, 1.89801085071e-005, 1.35328182296e-005, 2.21128684643e-005, 3.46873603121e-005, 7.45536017348e-005, 0.000105755301774, 0.000204657277209, 0.000322077888995, 0.000381898571504, 0.000222393195145, 0.00011200971494, 2.29339057114e-005, 9.33277806325e-006, 6.82827067067e-006, 3.38181479265e-007, 2.7050559015e-010, 6.80428838273e-011]
        dmean2: [1.36031155762e-006, 0.000160400741152, 0.000321862113196, 0.000203391813557, 0.000399920972995, 0.00023252266692, 0.000189511105418, 0.000103879552626, 7.66032753745e-005, 3.35288277711e-005, 2.67264495051e-005, 3.16660371027e-005, 2.21482077905e-005, 3.65637024515e-005, 5.64136244066e-005, 0.000125346006826, 0.000180419301614, 0.000348976027453, 0.000547460513189, 0.00064953090623, 0.000375357660232, 0.00018751816242, 3.81224454031e-005, 1.47816117533e-005, 1.02889207483e-005, 4.94847881782e-007, 4.93363516707e-010, 1.26623267427e-010]
        dvar: [4.75972299768e-012, 2.29706653698e-008, 6.28633927136e-008, 2.21308713577e-008, 1.46039397464e-007, 4.6500449713e-008, 6.4934702948e-008, 1.64923061874e-008, 7.40393568677e-009, 1.94262961273e-009, 1.06445507964e-009, 2.19427898074e-009, 8.17338474679e-010, 1.55458546036e-009, 4.18795176316e-009, 7.32805993664e-009, 1.08295790113e-008, 4.08584917011e-008, 9.68791695755e-008, 1.52510409634e-007, 7.88348657466e-008, 3.34888632381e-008, 1.86631576859e-009, 3.89591803263e-010, 1.07153286244e-010, 4.00712639069e-013, 1.33315652425e-019, 9.07116471205e-021]
        dvar2: [9.69998647377e-012, 6.34020693724e-008, 1.77901753773e-007, 6.03625807116e-008, 4.04077326266e-007, 1.1304486236e-007, 1.66154109138e-007, 4.26893613792e-008, 1.69008824713e-008, 4.58246152135e-009, 2.33374586323e-009, 6.24987217535e-009, 1.97525196199e-009, 3.82851528258e-009, 1.0330490241e-008, 1.88571487314e-008, 2.97333038191e-008, 1.17204365324e-007, 2.72461875284e-007, 4.30246672067e-007, 2.01652611054e-007, 8.3566121134e-008, 4.87368145841e-009, 8.33899227448e-010, 2.30653329769e-010, 7.82326568978e-013, 4.02716448438e-019, 2.87683400406e-020]
        max: [1.48742401507e-005, 0.00150600739289, 0.00266402494162, 0.00294327130541, 0.00760124577209, 0.00499229552224, 0.00422439957038, 0.00265247887, 0.00139238545671, 0.000995049136691, 0.000835812592413, 0.00130146532319, 0.000927439483348, 0.000959715165664, 0.00157329405192, 0.00249733147211, 0.00134192826226, 0.00288649252616, 0.00484517263249, 0.00708141364157, 0.00566394906491, 0.00306981080212, 0.00161364173982, 0.000823874725029, 0.000327868794557, 1.44981377161e-005, 5.36395461381e-009, 1.38330502608e-009]
        mean: [9.46889429088e-007, 0.000140983203892, 0.000362624035915, 0.000182916250196, 0.000387299951399, 0.000276841805317, 0.000158167822519, 7.94104053057e-005, 7.97762113507e-005, 3.58174438588e-005, 2.87333659799e-005, 2.81116554106e-005, 2.23591978283e-005, 3.82014659408e-005, 6.91611858201e-005, 0.000179022492375, 0.0002551296202, 0.000534878985491, 0.000936176802497, 0.00116940203588, 0.000670361565426, 0.000218661443796, 4.77709909319e-005, 2.12745453609e-005, 1.52847442223e-005, 6.51326956813e-007, 2.40876957269e-010, 5.31555632843e-011]
        median: [6.70151933946e-008, 9.33523115236e-005, 0.000288691575406, 0.000127709994558, 0.000273870537058, 0.000161025673151, 4.60844967165e-005, 3.34315845976e-005, 3.20455801557e-005, 1.59633527801e-005, 1.34572019306e-005, 1.34352994792e-005, 1.17243471323e-005, 2.47210882662e-005, 4.09760941693e-005, 0.00015530474775, 0.000233157770708, 0.000500939844642, 0.000897906837054, 0.00113499246072, 0.000613443087786, 0.000147019542055, 3.18289676215e-005, 1.50187161125e-005, 1.13839405458e-005, 3.11309463541e-007, 1.15746634499e-010, 2.14880439831e-011]
        min: [4.51333577168e-023, 4.70924338215e-023, 4.50052277731e-023, 1.03020067183e-023, 3.96475180077e-023, 6.96378008137e-023, 7.37083861935e-023, 3.4015496062e-023, 3.57186625335e-023, 6.73338347212e-023, 9.39216089817e-023, 6.86472502631e-023, 1.1989830003e-022, 1.03385768899e-022, 1.25636272307e-022, 1.39890850025e-022, 2.56840034582e-022, 1.97862836932e-022, 2.08842228255e-022, 3.44274827718e-022, 4.30369895223e-022, 4.28746684538e-022, 6.28625509156e-022, 7.5766836053e-022, 1.30784141285e-021, 1.65297979713e-021, 2.29471029279e-021, 6.41597664099e-022]
        var: [5.93549254885e-012, 2.45124596177e-008, 9.56386330131e-008, 3.55020866039e-008, 1.69296967556e-007, 1.14284141262e-007, 9.51386951442e-008, 1.98560883291e-008, 1.55535904156e-008, 5.57402124457e-009, 3.36539507373e-009, 3.1815956536e-009, 1.35924982381e-009, 2.5004509574e-009, 1.01129193908e-008, 1.99323952899e-008, 2.1891111146e-008, 8.64612133e-008, 2.16653319285e-007, 3.40648341535e-007, 1.69175010001e-007, 5.92007332045e-008, 2.88099544221e-009, 1.13904274901e-009, 2.78759987316e-010, 9.04288525571e-013, 1.22770056042e-019, 7.05960605737e-021]
    mfcc:
        mean: [-679.461730957, 52.2406082153, -24.2225399017, 81.0057220459, -6.87938213348, -6.19402456284, 0.469927817583, -6.72855710983, -0.0710031911731, -5.0663690567, -4.49968338013, -5.62743854523, -2.77456951141]
        cov: [[3674.44921875, 60.9367141724, 421.320678711, -42.6376304626, -104.947174072, -162.610275269, -73.671836853, 87.2739944458, 102.872291565, 122.177139282, 86.0733108521, 22.5548362732, 29.4420394897], [60.9367141724, 350.089477539, -101.533340454, 50.9196472168, -32.6783981323, -25.1719818115, 13.085313797, -33.978717804, -3.70848202705, -19.5565128326, -3.7365937233, 2.9400742054, -12.3021793365], [421.320678711, -101.533340454, 439.283935547, -80.9163360596, 44.1511154175, -55.9516029358, -29.0123195648, 71.66771698, 35.0422744751, 72.3667755127, 48.0529251099, 16.1610183716, 9.79698467255], [-42.6376304626, 50.9196472168, -80.9163360596, 199.318695068, 41.701675415, 30.5638504028, -11.2824134827, -32.2534484863, -8.65344810486, -20.2767944336, -23.8846111298, -12.0470714569, -4.13021993637], [-104.947174072, -32.6783981323, 44.1511154175, 41.701675415, 100.900985718, 24.0956878662, 15.5609235764, -1.96821844578, 12.0006494522, 8.34580421448, -2.82934069633, -2.10617184639, -1.58403217793], [-162.610275269, -25.1719818115, -55.9516029358, 30.5638504028, 24.0956878662, 82.6135101318, 33.1644859314, 10.8955688477, -13.6563091278, -16.0914516449, -12.9037313461, -8.76309299469, -3.63678312302], [-73.671836853, 13.085313797, -29.0123195648, -11.2824134827, 15.5609235764, 33.1644859314, 91.9597167969, 38.4778022766, 17.5509548187, -13.0032615662, -9.18875598907, 2.68866848946, -2.21611857414], [87.2739944458, -33.978717804, 71.66771698, -32.2534484863, -1.96821844578, 10.8955688477, 38.4778022766, 82.8497085571, 34.5270729065, 24.230134964, 5.71687650681, 4.31675386429, 2.71859383583], [102.872291565, -3.70848202705, 35.0422744751, -8.65344810486, 12.0006494522, -13.6563091278, 17.5509548187, 34.5270729065, 72.0915527344, 40.0547676086, 16.8107128143, 1.16444146633, -1.50847089291], [122.177139282, -19.5565128326, 72.3667755127, -20.2767944336, 8.34580421448, -16.0914516449, -13.0032615662, 24.230134964, 40.0547676086, 75.8256530762, 36.9633216858, 10.4364728928, -1.51169598103], [86.0733108521, -3.7365937233, 48.0529251099, -23.8846111298, -2.82934069633, -12.9037313461, -9.18875598907, 5.71687650681, 16.8107128143, 36.9633216858, 53.8908348083, 23.1623191833, 5.45547914505], [22.5548362732, 2.9400742054, 16.1610183716, -12.0470714569, -2.10617184639, -8.76309299469, 2.68866848946, 4.31675386429, 1.16444146633, 10.4364728928, 23.1623191833, 44.529914856, 21.6957321167], [29.4420394897, -12.3021793365, 9.79698467255, -4.13021993637, -1.58403217793, -3.63678312302, -2.21611857414, 2.71859383583, -1.50847089291, -1.51169598103, 5.45547914505, 21.6957321167, 41.8379592896]]
        icov: [[0.000360286067007, -8.17313921289e-005, -0.000374669441953, -0.000267451134278, 0.000598186801653, 0.000287439412205, -3.01709387713e-005, -3.79396733479e-005, -0.000295304518659, -0.000112682573672, -0.000170597137185, 0.000237926113186, -0.000283592758933], [-8.17313921289e-005, 0.00374420452863, 0.000473466614494, -0.00131354958285, 0.0013325184118, 0.00199193088338, -0.00214520120062, 0.00146643607877, -5.86213400311e-006, 9.85165024758e-005, -0.000476793851703, -0.000738430593628, 0.00138106034137], [-0.000374669441953, 0.000473466614494, 0.00523584289476, 0.00132432451937, -0.00482747843489, 0.00371876778081, 0.00253317831084, -0.00611950783059, 0.00293459114619, -0.000597410835326, -0.00269579491578, 0.00110170221888, -0.000155696150614], [-0.000267451134278, -0.00131354958285, 0.00132432451937, 0.00767743261531, -0.00417269719765, -0.00286813359708, 0.00352047942579, 0.00038878901978, -0.00130220677238, 0.000877351907548, 0.00223898072727, -0.000510785030201, -3.86408210034e-005], [0.000598186801653, 0.0013325184118, -0.00482747843489, -0.00417269719765, 0.0180531013757, -0.00532399816439, -0.00572543311864, 0.00907176639885, -0.0050519364886, -0.00301465485245, 0.00364593043923, -0.00158987648319, 7.53070344217e-005], [0.000287439412205, 0.00199193088338, 0.00371876778081, -0.00286813359708, -0.00532399816439, 0.0230813622475, -0.00592997763306, -0.00787098892033, 0.00943926908076, -0.000838028325234, -0.00459776911885, 0.00576260127127, -0.000847083225381], [-3.01709387713e-005, -0.00214520120062, 0.00253317831084, 0.00352047942579, -0.00572543311864, -0.00592997763306, 0.0229929294437, -0.011689811945, -0.00583920814097, 0.00875472277403, 0.000326636160025, -0.00507495319471, 0.00308497739024], [-3.79396733479e-005, 0.00146643607877, -0.00611950783059, 0.00038878901978, 0.00907176639885, -0.00787098892033, -0.011689811945, 0.0304509587586, -0.00994277559221, -0.00625043874606, 0.00794774014503, -0.00300423451699, -0.00107213237789], [-0.000295304518659, -5.86213400311e-006, 0.00293459114619, -0.00130220677238, -0.0050519364886, 0.00943926908076, -0.00583920814097, -0.00994277559221, 0.0291899461299, -0.0123815620318, -0.00405156332999, 0.00694166496396, -0.0021099599544], [-0.000112682573672, 9.85165024758e-005, -0.000597410835326, 0.000877351907548, -0.00301465485245, -0.000838028325234, 0.00875472277403, -0.00625043874606, -0.0123815620318, 0.0320151858032, -0.0151470284909, -0.00111131090671, 0.00427941372618], [-0.000170597137185, -0.000476793851703, -0.00269579491578, 0.00223898072727, 0.00364593043923, -0.00459776911885, 0.000326636160025, 0.00794774014503, -0.00405156332999, -0.0151470284909, 0.0398288071156, -0.0187974721193, 0.00393224181607], [0.000237926113186, -0.000738430593628, 0.00110170221888, -0.000510785030201, -0.00158987648319, 0.00576260127127, -0.00507495319471, -0.00300423451699, 0.00694166496396, -0.00111131090671, -0.0187974721193, 0.0431154482067, -0.0200228095055], [-0.000283592758933, 0.00138106034137, -0.000155696150614, -3.86408210034e-005, 7.53070344217e-005, -0.000847083225381, 0.00308497739024, -0.00107213237789, -0.0021099599544, 0.00427941372618, 0.00393224181607, -0.0200228095055, 0.0346512831748]]
    sccoeffs:
        dmean: [0.0509310141206, 0.0477157272398, 0.0355003401637, 0.0289141051471, 0.0182005874813, 0.0179134830832]
        dmean2: [0.0842359215021, 0.0786937996745, 0.0592361949384, 0.0486821457744, 0.0311058610678, 0.0287290401757]
        dvar: [0.00160764111206, 0.00140603457112, 0.000778618559707, 0.000481996830786, 0.000202011549845, 0.000255932798609]
        dvar2: [0.0043754959479, 0.00367398979142, 0.00214317347854, 0.00136247451883, 0.000582418288104, 0.000622693391051]
        max: [-0.337027698755, -0.480299532413, -0.603900492191, -0.627299785614, -0.678421199322, -0.557704269886]
        mean: [-0.657558858395, -0.737062811852, -0.802200675011, -0.795215368271, -0.795862615108, -0.727926492691]
        median: [-0.658875465393, -0.740790903568, -0.808737814426, -0.797113180161, -0.795739352703, -0.732584476471]
        min: [-0.969241499901, -0.973968088627, -0.960023641586, -0.963289797306, -0.95984005928, -0.96125549078]
        var: [0.0040540988557, 0.00431722169742, 0.00252714497037, 0.00122164271306, 0.000447626196546, 0.00176397408359]
    scvalleys:
        dmean: [0.391071617603, 0.383310586214, 0.30073672533, 0.230468526483, 0.152052238584, 0.239032641053]
        dmean2: [0.646100580692, 0.621245265007, 0.492595076561, 0.381816774607, 0.248706176877, 0.363082200289]
        dvar: [0.123987980187, 0.13168720901, 0.0815568044782, 0.0584661625326, 0.0430485531688, 0.101981960237]
        dvar2: [0.286659389734, 0.289271622896, 0.170753404498, 0.110477842391, 0.0654505193233, 0.205729603767]
        max: [-5.15717887878, -4.80259656906, -5.9494843483, -6.27617263794, -5.53712654114, -6.85603046417]
        mean: [-6.72770452499, -6.90717458725, -7.54830121994, -7.42159461975, -6.28862714767, -8.7460308075]
        median: [-6.51765012741, -6.76798725128, -7.40998125076, -7.32312726974, -6.14934110641, -8.4634513855]
        min: [-27.6823635101, -27.7460422516, -27.1401100159, -27.3166351318, -27.4255237579, -27.3661766052]
        var: [1.26668167114, 1.10649633408, 0.878433823586, 0.741108417511, 0.774976491928, 1.25088942051]

rhythm:
    beats_loudness:
        dmean: 0.00224352930672
        dmean2: 0.00418098224327
        dvar: 3.2208436096e-006
        dvar2: 1.07271107481e-005
        max: 0.0142894238234
        mean: 0.0063884370029
        median: 0.00635272264481
        min: 6.72543754021e-009
        var: 5.96716245127e-006
    bpm: 99.921661377
    bpm_confidence: 0
    first_peak_bpm: 99
    first_peak_spread: 0.277922034264
    first_peak_weight: 0.722077965736
    onset_rate: 1.92482769489
    second_peak_bpm: 0
    second_peak_spread: 0
    second_peak_weight: 0
    beats_loudness_band_ratio:
        dmean: [0.07231836766, 0.0676591023803, 0.0444141887128, 0.0154914967716, 0.0530247986317, 0.0783064290881]
        dmean2: [0.128640443087, 0.12262032181, 0.0800627097487, 0.0272215139121, 0.0915777757764, 0.132310420275]
        dvar: [0.00406071357429, 0.00293209613301, 0.00174760783557, 0.000376878509996, 0.00178014440462, 0.0038236330729]
        dvar2: [0.0122597031295, 0.00816482771188, 0.00478371698409, 0.000936424417887, 0.00541819212958, 0.0112702241167]
        max: [0.491582274437, 0.398002773523, 0.270580410957, 0.123635053635, 0.447491407394, 0.927521824837]
        mean: [0.13080072403, 0.116385959089, 0.0629752725363, 0.0235763527453, 0.214424669743, 0.481337875128]
        median: [0.119670644403, 0.101852491498, 0.0488945767283, 0.0170641522855, 0.207920759916, 0.477373182774]
        min: [0.00062575598713, 0.000943312828895, 0.000730620813556, 0.00126527820248, 0.0804596692324, 0.238668620586]
        var: [0.00586767820641, 0.00507013266906, 0.00272689270787, 0.000448371691164, 0.00320437154733, 0.00833421386778]
    beats_position: [0.615328788757, 1.23065757751, 1.83437633514, 2.43809509277, 3.04181408882, 3.64553284645, 4.23764181137, 4.82975053787, 5.4334692955, 6.03718805313, 6.64090681076, 7.24462556839, 7.84834432602, 8.45206356049, 9.05578231812, 9.65950107574, 10.2632198334, 10.8553285599, 11.4474372864, 12.0395460129, 12.6432647705, 13.2469835281, 13.8390922546, 14.4428119659, 15.0465307236, 15.6502494812, 16.2539672852, 16.8576869965, 17.4497947693, 18.0535144806, 18.6456241608, 19.2493419647, 19.853061676, 20.45677948, 21.0604991913, 21.6642169952, 22.2563266754, 22.8484344482, 23.4521541595, 24.0558719635, 24.6595916748, 25.2633094788, 25.8670291901, 26.470746994, 27.0744667053, 27.6781845093, 28.2819042206, 28.8740139008, 29.4777317047, 30.0698413849, 30.6619491577, 31.2540588379, 31.8577766418, 32.4614944458, 33.0652160645, 33.6689338684, 34.2610435486, 34.8647613525, 35.4568710327, 36.0605888367, 36.6643066406, 37.2680282593, 37.8717460632, 38.4754638672, 39.0791816711, 39.6829032898, 40.2866210938, 40.8903388977, 41.4940567017, 42.0861663818, 42.678276062, 43.281993866, 43.8857116699, 44.4894332886, 45.0931510925, 45.6852607727, 46.2773704529, 46.8810882568, 47.4848060608, 48.0885238647, 48.6922454834, 49.2843513489, 49.8764610291, 50.480178833, 51.0839004517, 51.6876182556, 52.2797279358, 52.8834457397, 53.4871635437, 54.0908851624, 54.6946029663, 55.2867126465, 55.878818512, 56.4825401306, 57.0746459961, 57.6783676147, 58.2936935425, 58.8974151611, 59.5011329651, 60.0932426453, 60.6969604492, 61.2890701294, 61.8811798096, 62.4848976135, 63.0886154175, 63.6923332214, 64.2960510254, 64.8881607056, 65.4802703857, 66.0839920044, 66.6877059937, 67.2914276123, 67.895149231, 68.4988632202, 69.0909729004, 69.6830825806, 70.2868041992, 70.8905181885, 71.4942398071, 72.0979614258, 72.701675415, 73.3053970337, 73.9091110229, 74.5128326416, 75.1049423218, 75.697052002, 76.3007659912, 76.9044876099, 77.5082092285, 78.1003189087, 78.7040328979, 79.3077545166, 79.9114761353, 80.503578186, 81.1072998047, 81.7110214233, 82.3147354126, 82.9184570313, 83.5221786499, 84.1258926392, 84.7180023193, 85.3101119995, 85.9022216797, 86.5059356689, 87.1212692261, 87.7249908447, 88.3170928955, 88.9092025757, 89.5129241943, 90.1050338745, 90.7087478638, 91.3124694824, 91.9045791626, 92.5083007813, 93.1120147705, 93.7041244507, 94.3078460693, 94.9115600586, 95.5152816772, 96.1073913574, 96.7111129761, 97.3148269653, 97.918548584, 98.5222625732, 99.1143722534, 99.7064819336, 100.310203552, 100.913917542, 101.51763916, 102.121360779, 102.725074768, 103.328796387, 103.920906067, 104.524627686, 105.116729736, 105.720451355, 106.324172974, 106.927886963, 107.531608582, 108.1353302, 108.739044189, 109.342765808, 109.934875488, 110.526985168, 111.119087219, 111.722808838, 112.326530457, 112.930244446, 113.522354126, 114.126075745, 114.729797363, 115.333511353, 115.937232971, 116.54094696, 117.144668579, 117.736778259, 118.328887939, 118.932601929, 119.536323547, 120.140045166, 120.743759155, 121.347480774, 121.951202393, 122.543312073, 123.135414124, 123.739135742, 124.342857361, 124.94657135, 125.550292969, 126.142402649, 126.746116638, 127.338226318, 127.941947937, 128.545669556, 129.149383545, 129.753097534, 130.356826782, 130.948928833, 131.541046143, 132.144760132, 132.736862183, 133.340591431, 133.932693481, 134.536407471, 135.140136719, 135.743850708, 136.347564697, 136.951293945, 137.555007935, 138.158721924, 138.739227295, 139.342941284, 139.946670532, 140.550384521, 141.154098511, 141.757827759, 142.34992981, 142.94203186, 143.545761108, 144.149475098, 144.753189087, 145.356918335, 145.960632324, 146.564346313, 147.156463623, 147.760177612, 148.352294922, 148.956008911, 149.5597229, 150.16343689, 150.767166138, 151.370880127, 151.962997437, 152.566711426, 153.158813477, 153.762542725, 154.366256714, 154.969970703, 155.573699951, 156.165802002, 156.757904053, 157.361633301, 157.96534729, 158.569061279, 159.172790527, 159.776504517, 160.368606567, 160.972335815, 161.576049805, 162.168167114, 162.771881104, 163.363983154, 163.956100464, 164.559814453, 165.163528442, 165.76725769, 166.37097168, 166.974685669, 167.578414917, 168.182128906, 168.774230957, 169.377960205, 169.981674194, 170.573776245, 171.177505493, 171.781219482, 172.384933472, 172.98866272, 173.592376709, 174.196090698, 174.799819946, 175.391921997, 175.984039307, 176.587753296, 177.191467285, 177.795196533, 178.387298584, 178.991012573, 179.583129883, 180.186843872, 180.790557861, 181.394287109, 181.998001099, 182.601715088, 183.205444336, 183.809158325, 184.389663696, 184.993377686, 185.597091675, 186.200805664, 186.804534912, 187.396636963, 187.988754272, 188.592468262, 189.196182251, 189.799911499, 190.403625488, 191.007339478, 191.599456787, 192.191558838, 192.795272827, 193.399002075, 194.002716064, 194.606430054, 195.210159302, 195.813873291, 196.405975342, 196.998092651, 197.601806641, 198.19392395, 198.786026001, 199.38973999, 199.993469238, 200.597183228, 201.200897217, 201.804626465, 202.408340454, 203.012054443, 203.604171753, 204.196273804, 204.800003052, 205.403717041, 206.00743103, 206.59954834, 207.191650391, 207.79536438, 208.399093628, 209.002807617, 209.606521606, 210.210250854, 210.802352905, 211.406066895, 212.009796143, 212.601898193, 213.205612183, 213.809341431, 214.41305542, 215.016769409, 215.620498657, 216.224212646, 216.827926636, 217.431655884, 218.035369873, 218.627471924, 219.219589233, 219.823303223, 220.427032471, 221.019134521, 221.611236572, 222.21496582, 222.81867981, 223.422393799, 224.014511108, 224.606613159, 225.210342407, 225.814056396, 226.417770386, 227.021499634, 227.625213623, 228.228927612, 228.832641602, 229.424758911, 230.0284729, 230.62059021, 231.212692261, 231.81640625]
