
metadata:
    version:
        essentia: "2.1-beta2"
    audio_properties:
        analysis_sample_rate: 44100
        bitrate: 128
        channels: 2
        equal_loudness: 1
        length: 291.291442871
        replay_gain: -14.9376087189
        downmix: "mix"
    tags:
        album: "De Cercle en Cercle"
        artist: "Mass Hysteria"
        comment: ""
        date: "2001"
        genre: "Metal"
        title: "Coup2mass"
        tracknumber: "11"

configuration:
    average_loudness:
        compute: 1
        frameSize: 88200
        hopSize: 44100
        silentFrames: "noise"
        windowType: "hann"
    general:
        analysisSampleRate: 44100
        endTime: 2000
        equalLoudness: 1
        nequalLoudness: 0
        shortSound: 0
        startTime: 0
    lowlevel:
        compute: 1
        frameSize: 2048
        hopSize: 1024
        zeroPadding: 0
        silentFrames: "noise"
        windowType: "blackmanharris62"
        mfccStats: ["mean", "cov", "icov"]
        stats: ["mean", "var", "median", "min", "max", "dmean", "dmean2", "dvar", "dvar2"]
    panning:
        compute: 0
        frameSize: 8192
        hopSize: 2048
        zeroPadding: 8192
        silentFrames: "noise"
        windowType: "hann"
        stats: ["copy"]
    rhythm:
        compute: 1
        maxTempo: 208
        minTempo: 40
        method: "degara"
        stats: ["mean", "var", "median", "min", "max", "dmean", "dmean2", "dvar", "dvar2"]
    segmentation:
        compute: 0
        cpw: 5
        inc1: 300
        inc2: 50
        minimumSegmentsLength: 10
        size1: 1000
        size2: 600
    sfx:
        compute: 1
        stats: ["mean", "var", "median", "min", "max", "dmean", "dmean2", "dvar", "dvar2"]
    svm:
        compute: 0
    tonal:
        compute: 1
        frameSize: 4096
        hopSize: 2048
        zeroPadding: 0
        silentFrames: "noise"
        windowType: "blackmanharris62"
        stats: ["mean", "var", "median", "min", "max", "dmean", "dmean2", "dvar", "dvar2"]

lowlevel:
    average_loudness: 0.907227158546
    barkbands_kurtosis:
        dmean: 3.55557894707
        dmean2: 5.42121171951
        dvar: 71.4888000488
        dvar2: 168.531616211
        max: 222.105926514
        mean: 6.0729341507
        median: 0.513030946255
        min: -1.88493299484
        var: 271.004394531
    barkbands_skewness:
        dmean: 0.525984942913
        dmean2: 0.809609055519
        dvar: 0.367957085371
        dvar2: 0.827485918999
        max: 11.4919300079
        mean: 1.50901722908
        median: 1.20803570747
        min: -4.39967632294
        var: 2.62984037399
    barkbands_spread:
        dmean: 5.41199302673
        dmean2: 8.38605499268
        dvar: 32.2535934448
        dvar2: 72.2159423828
        max: 84.020324707
        mean: 27.1376228333
        median: 28.1282157898
        min: 0.408830106258
        var: 246.298965454
    dissonance:
        dmean: 0.0188955999911
        dmean2: 0.031250782311
        dvar: 0.000385040504625
        dvar2: 0.000977456453256
        max: 0.500000059605
        mean: 0.463131308556
        median: 0.471899867058
        min: 0.251121878624
        var: 0.000968164706137
    hfc:
        dmean: 1.50209748745
        dmean2: 2.34639620781
        dvar: 5.54042673111
        dvar2: 13.7577352524
        max: 35.5538253784
        mean: 5.10348129272
        median: 3.95154380798
        min: 1.10106309122e-016
        var: 21.9476623535
    pitch:
        dmean: 674.575622559
        dmean2: 1306.23339844
        dvar: 1706919
        dvar2: 4240432.5
        max: 5397.38085938
        mean: 1284.14282227
        median: 251.835968018
        min: 43.0243911743
        var: 2735897.75
    pitch_instantaneous_confidence:
        dmean: 0.0868055671453
        dmean2: 0.140963926911
        dvar: 0.00614849291742
        dvar2: 0.0151914628223
        max: 0.884665966034
        mean: 0.373848587275
        median: 0.352080911398
        min: 0.0833719372749
        var: 0.0164805985987
    pitch_salience:
        dmean: 0.0624647811055
        dmean2: 0.10346082598
        dvar: 0.00310728722252
        dvar2: 0.00861311051995
        max: 0.962229192257
        mean: 0.617500245571
        median: 0.632754385471
        min: 0.111694701016
        var: 0.0109110251069
    silence_rate_20dB:
        dmean: 0
        dmean2: 0
        dvar: 0
        dvar2: 0
        max: 1
        mean: 1
        median: 1
        min: 1
        var: 0
    silence_rate_30dB:
        dmean: 0
        dmean2: 0
        dvar: 0
        dvar2: 0
        max: 1
        mean: 1
        median: 1
        min: 1
        var: 0
    silence_rate_60dB:
        dmean: 0.0934236720204
        dmean2: 0.186862245202
        dvar: 0.0846846401691
        dvar2: 0.18238838017
        max: 1
        mean: 0.257452577353
        median: 0
        min: 0
        var: 0.191147521138
    spectral_centroid:
        dmean: 191.277786255
        dmean2: 301.223602295
        dvar: 50483.7265625
        dvar2: 119166.3125
        max: 11593.3759766
        mean: 1007.53881836
        median: 857.252685547
        min: 86.0527420044
        var: 694087.875
    spectral_complexity:
        dmean: 2.63738536835
        dmean2: 4.19052934647
        dvar: 9.12201118469
        dvar2: 21.6265716553
        max: 50
        mean: 11.1920928955
        median: 9
        min: 0
        var: 60.9218215942
    spectral_crest:
        dmean: 2.14175772667
        dmean2: 3.57971167564
        dvar: 4.19270896912
        dvar2: 11.309510231
        max: 24.6164264679
        mean: 8.41406917572
        median: 7.62047672272
        min: 2.12922382355
        var: 14.2281208038
    spectral_decrease:
        dmean: 3.64699798139e-010
        dmean2: 5.98265548213e-010
        dvar: 2.84481242083e-019
        dvar2: 7.45716557106e-019
        max: 9.27861829506e-029
        mean: -1.14290910069e-009
        median: -1.0393332861e-009
        min: -6.01099081621e-009
        var: 4.3800309449e-019
    spectral_energy:
        dmean: 0.00148091570009
        dmean2: 0.00241875741631
        dvar: 4.73540239909e-006
        dvar2: 1.23595145851e-005
        max: 0.0247162394226
        mean: 0.0047765057534
        median: 0.00435393955559
        min: 1.01764056418e-020
        var: 7.88752004155e-006
    spectral_energyband_high:
        dmean: 0.00011530113261
        dmean2: 0.000189656566363
        dvar: 4.79751065541e-008
        dvar2: 1.21510737472e-007
        max: 0.00430473499
        mean: 0.000287970091449
        median: 0.000165594159625
        min: 7.39137899222e-021
        var: 1.40983686947e-007
    spectral_energyband_low:
        dmean: 0.000545652641449
        dmean2: 0.000924187654164
        dvar: 5.64503011447e-007
        dvar2: 1.59489570706e-006
        max: 0.00882023014128
        mean: 0.00119869888294
        median: 0.00102710467763
        min: 2.64797760471e-023
        var: 7.31134150556e-007
    spectral_energyband_middle_high:
        dmean: 0.000387448380934
        dmean2: 0.000582573993597
        dvar: 3.23884250975e-007
        dvar2: 7.03006605818e-007
        max: 0.0114976940677
        mean: 0.00118603056762
        median: 0.000823721580673
        min: 1.3679542799e-021
        var: 1.71959038653e-006
    spectral_energyband_middle_low:
        dmean: 0.00105693354271
        dmean2: 0.00176068744622
        dvar: 3.18583533954e-006
        dvar2: 8.42231747811e-006
        max: 0.0197859387845
        mean: 0.00233155325986
        median: 0.00188216217794
        min: 1.62377803444e-022
        var: 3.78240133614e-006
    spectral_flatness_db:
        dmean: 0.0215839631855
        dmean2: 0.0317273251712
        dvar: 0.000614500080701
        dvar2: 0.00124645757023
        max: 0.550833702087
        mean: 0.170767948031
        median: 0.147338435054
        min: 0.0545995086432
        var: 0.00508084520698
    spectral_flux:
        dmean: 0.00929708685726
        dmean2: 0.0140592483804
        dvar: 0.000124375117593
        dvar2: 0.000247788382694
        max: 0.133400991559
        mean: 0.0372973941267
        median: 0.0355591624975
        min: 6.44581818476e-011
        var: 0.000364242820069
    spectral_kurtosis:
        dmean: 2.71536540985
        dmean2: 4.12461900711
        dvar: 40.5687522888
        dvar2: 87.4109420776
        max: 132.747161865
        mean: 5.31812000275
        median: 2.76928520203
        min: -1.25607573986
        var: 82.7029800415
    spectral_rms:
        dmean: 0.000307266018353
        dmean2: 0.000491502403747
        dvar: 1.407602781e-007
        dvar2: 3.57183921551e-007
        max: 0.00491054030135
        mean: 0.00206358544528
        median: 0.00206100614741
        min: 3.15090466739e-012
        var: 4.01628170721e-007
    spectral_rolloff:
        dmean: 412.308959961
        dmean2: 689.016601563
        dvar: 377535.40625
        dvar2: 894349.5
        max: 19121.484375
        mean: 2067.49072266
        median: 2153.3203125
        min: 107.666015625
        var: 3013679.5
    spectral_skewness:
        dmean: 0.328587561846
        dmean2: 0.485761016607
        dvar: 0.301115423441
        dvar2: 0.634721696377
        max: 9.90019226074
        mean: 1.65014576912
        median: 1.37462091446
        min: -0.0584054850042
        var: 0.924812078476
    spectral_spread:
        dmean: 816933
        dmean2: 1145693
        dvar: 1.29487536128e+012
        dvar2: 2.50161188045e+012
        max: 42400568
        mean: 5449434
        median: 4926494
        min: 722553.375
        var: 8.13510426624e+012
    spectral_strongpeak:
        dmean: 0.192515596747
        dmean2: 0.327646285295
        dvar: 0.120869852602
        dvar2: 0.311053395271
        max: 5.37748384476
        mean: 0.301526844501
        median: 0.178826808929
        min: 0
        var: 0.151552662253
    zerocrossingrate:
        dmean: 0.00797013565898
        dmean2: 0.00966169405729
        dvar: 5.89038572798e-005
        dvar2: 7.59824397392e-005
        max: 0.525390625
        mean: 0.0666519477963
        median: 0.06494140625
        min: 0.00244140625
        var: 0.00176774442662
    barkbands:
        dmean: [7.62738352478e-007, 0.000148817518493, 0.000373359624064, 0.000237482250668, 0.000547994161025, 0.000266437855316, 0.000186497112736, 0.000153076442075, 0.000167665450135, 0.000103008707811, 7.17635484762e-005, 5.14034363732e-005, 3.91360736103e-005, 3.50335430994e-005, 3.87626932934e-005, 4.08020605391e-005, 6.29413043498e-005, 9.80443364824e-005, 0.000112574904051, 9.42446713452e-005, 5.8010678913e-005, 2.55568138527e-005, 6.21968956693e-006, 2.43779368247e-006, 1.46636125464e-006, 4.62858409378e-008, 3.04626157632e-010]
        dmean2: [1.23420329601e-006, 0.000247167190537, 0.000627366476692, 0.000405911734561, 0.000918237317819, 0.000446349993581, 0.00031382474117, 0.000254822109127, 0.000275166617939, 0.000165290330187, 0.000117136900371, 8.20926652523e-005, 6.37836492388e-005, 5.67792340007e-005, 6.23203377472e-005, 6.77134157741e-005, 0.000103146012407, 0.000159225266543, 0.000186274148291, 0.000159031100338, 9.72975030891e-005, 4.16606162617e-005, 1.01847463156e-005, 3.68908899873e-006, 2.2028375497e-006, 6.79659137859e-008, 5.21152898614e-010]
        dvar: [1.48946718674e-012, 4.32102140735e-008, 2.77232715007e-007, 1.25014253172e-007, 1.02886235709e-006, 2.61788528633e-007, 1.58654785309e-007, 1.20947376558e-007, 1.6118151791e-007, 9.63669961607e-008, 3.93755499317e-008, 2.73852709398e-008, 1.48582408599e-008, 8.11426215108e-009, 1.31464608089e-008, 8.21317325261e-009, 1.12206306468e-008, 3.44421380305e-008, 3.21760396105e-008, 2.72386522226e-008, 1.38605109612e-008, 3.17905679559e-009, 1.21687521171e-010, 3.33841183864e-011, 1.39862314438e-011, 1.06424353515e-014, 2.13969432763e-019]
        dvar2: [3.67356405712e-012, 1.23227692939e-007, 7.8351558841e-007, 3.40905785379e-007, 2.7720768685e-006, 6.97698112617e-007, 4.08795955309e-007, 3.05096449438e-007, 3.91006949485e-007, 2.28536720215e-007, 9.6869968047e-008, 6.53950706919e-008, 3.53049749435e-008, 1.91691800211e-008, 3.06542595752e-008, 2.07546761999e-008, 2.85819172774e-008, 8.85581243892e-008, 8.32079010138e-008, 7.50462163523e-008, 3.55236942085e-008, 7.8051236585e-009, 3.01753483312e-010, 6.80481643256e-011, 2.86177609388e-011, 2.23875314175e-014, 5.4639125849e-019]
        max: [1.68806491274e-005, 0.00221746321768, 0.00693638902158, 0.00503793172538, 0.0123465210199, 0.00850202422589, 0.00673043401912, 0.00571829918772, 0.00803385395557, 0.00825598929077, 0.00495468406007, 0.0050010420382, 0.00558569096029, 0.00202893908136, 0.00391959352419, 0.00274659297429, 0.00209881365299, 0.00372537435032, 0.00352345802821, 0.00245346012525, 0.00379485171288, 0.00151033885777, 0.000210768383113, 0.000101533849374, 8.32285659271e-005, 1.88113847344e-006, 8.05086930455e-009]
        mean: [1.12086422632e-006, 0.00028461436159, 0.000712860317435, 0.000358336081263, 0.000870364485309, 0.000382383994292, 0.00024898556876, 0.000194547406863, 0.000228641234571, 0.000139363080962, 0.000103629063233, 7.37403606763e-005, 5.88273469475e-005, 5.10147110617e-005, 5.38450149179e-005, 6.95473863743e-005, 0.000116341594548, 0.000177972571691, 0.000244320282945, 0.000222141155973, 0.000120857534057, 4.45414370915e-005, 1.12200841613e-005, 4.57424584965e-006, 2.62840762844e-006, 8.69821406013e-008, 3.73891889671e-010]
        median: [6.33625631963e-007, 0.000220916423132, 0.000543417234439, 0.000234163191635, 0.000569319119677, 0.000212275364902, 0.000125534337712, 9.35869247769e-005, 0.000104503997136, 3.93673908547e-005, 3.47723253071e-005, 2.08454221138e-005, 1.88001395145e-005, 2.11586739169e-005, 2.3886510462e-005, 4.14316418755e-005, 7.09946179995e-005, 0.000107697094791, 0.000145979254739, 0.00011874937627, 6.58911812934e-005, 1.88809717656e-005, 5.6755661717e-006, 1.9153330868e-006, 9.37511799748e-007, 2.92148349956e-008, 1.79822004509e-010]
        min: [1.60286071208e-025, 6.52969359105e-024, 1.37426225703e-024, 9.26894997556e-025, 8.58646065252e-024, 1.17355200221e-023, 9.40443446945e-024, 9.13518283186e-024, 1.55219584927e-023, 1.14216866993e-023, 1.90801834477e-023, 2.62079519341e-023, 3.21291655545e-023, 5.37010434798e-023, 5.56757832066e-023, 6.55777672373e-023, 7.14066667769e-023, 7.22499212192e-023, 1.12780338663e-022, 2.11704543785e-022, 3.05677693783e-022, 3.79215458829e-022, 3.67469660738e-022, 6.802587147e-022, 9.10113445923e-022, 1.35931624037e-021, 1.95809907837e-021]
        var: [2.23133317379e-012, 5.53226833233e-008, 4.10259275441e-007, 1.6405023473e-007, 1.12342740977e-006, 3.13305207555e-007, 1.77918963118e-007, 1.33500904553e-007, 1.98180202915e-007, 1.31017927174e-007, 6.65019967983e-008, 4.31520454924e-008, 2.63179007476e-008, 1.17920206932e-008, 1.70619962603e-008, 1.30792345843e-008, 2.45008315858e-008, 6.86690029283e-008, 8.49538537295e-008, 7.39471346378e-008, 3.28930838123e-008, 7.22517201623e-009, 2.5085372668e-010, 8.11050948624e-011, 3.15253413652e-011, 2.47003277749e-014, 3.33971742475e-019]
    frequency_bands:
        dmean: [7.62738352478e-007, 0.000148817518493, 0.000373359624064, 0.000237482250668, 0.000547994161025, 0.000266437855316, 0.000186497112736, 0.000153076442075, 0.000167665450135, 0.000103008707811, 7.17635484762e-005, 5.14034363732e-005, 3.91360736103e-005, 3.50335430994e-005, 3.87626932934e-005, 4.08020605391e-005, 6.29413043498e-005, 9.80443364824e-005, 0.000112574904051, 9.42446713452e-005, 5.8010678913e-005, 2.55568138527e-005, 6.21968956693e-006, 2.43779368247e-006, 1.46636125464e-006, 4.62858409378e-008, 3.04626157632e-010, 5.2369324155e-011]
        dmean2: [1.23420329601e-006, 0.000247167190537, 0.000627366476692, 0.000405911734561, 0.000918237317819, 0.000446349993581, 0.00031382474117, 0.000254822109127, 0.000275166617939, 0.000165290330187, 0.000117136900371, 8.20926652523e-005, 6.37836492388e-005, 5.67792340007e-005, 6.23203377472e-005, 6.77134157741e-005, 0.000103146012407, 0.000159225266543, 0.000186274148291, 0.000159031100338, 9.72975030891e-005, 4.16606162617e-005, 1.01847463156e-005, 3.68908899873e-006, 2.2028375497e-006, 6.79659137859e-008, 5.21152898614e-010, 9.68616228891e-011]
        dvar: [1.48946718674e-012, 4.32102140735e-008, 2.77232715007e-007, 1.25014253172e-007, 1.02886235709e-006, 2.61788528633e-007, 1.58654785309e-007, 1.20947376558e-007, 1.6118151791e-007, 9.63669961607e-008, 3.93755499317e-008, 2.73852709398e-008, 1.48582408599e-008, 8.11426215108e-009, 1.31464608089e-008, 8.21317325261e-009, 1.12206306468e-008, 3.44421380305e-008, 3.21760396105e-008, 2.72386522226e-008, 1.38605109612e-008, 3.17905679559e-009, 1.21687521171e-010, 3.33841183864e-011, 1.39862314438e-011, 1.06424353515e-014, 2.13969432763e-019, 5.48976992773e-021]
        dvar2: [3.67356405712e-012, 1.23227692939e-007, 7.8351558841e-007, 3.40905785379e-007, 2.7720768685e-006, 6.97698112617e-007, 4.08795955309e-007, 3.05096449438e-007, 3.91006949485e-007, 2.28536720215e-007, 9.6869968047e-008, 6.53950706919e-008, 3.53049749435e-008, 1.91691800211e-008, 3.06542595752e-008, 2.07546761999e-008, 2.85819172774e-008, 8.85581243892e-008, 8.32079010138e-008, 7.50462163523e-008, 3.55236942085e-008, 7.8051236585e-009, 3.01753483312e-010, 6.80481643256e-011, 2.86177609388e-011, 2.23875314175e-014, 5.4639125849e-019, 1.7346353877e-020]
        max: [1.68806491274e-005, 0.00221746321768, 0.00693638902158, 0.00503793172538, 0.0123465210199, 0.00850202422589, 0.00673043401912, 0.00571829918772, 0.00803385395557, 0.00825598929077, 0.00495468406007, 0.0050010420382, 0.00558569096029, 0.00202893908136, 0.00391959352419, 0.00274659297429, 0.00209881365299, 0.00372537435032, 0.00352345802821, 0.00245346012525, 0.00379485171288, 0.00151033885777, 0.000210768383113, 0.000101533849374, 8.32285659271e-005, 1.88113847344e-006, 8.05086930455e-009, 1.30748567528e-009]
        mean: [1.12086422632e-006, 0.00028461436159, 0.000712860317435, 0.000358336081263, 0.000870364485309, 0.000382383994292, 0.00024898556876, 0.000194547406863, 0.000228641234571, 0.000139363080962, 0.000103629063233, 7.37403606763e-005, 5.88273469475e-005, 5.10147110617e-005, 5.38450149179e-005, 6.95473863743e-005, 0.000116341594548, 0.000177972571691, 0.000244320282945, 0.000222141155973, 0.000120857534057, 4.45414370915e-005, 1.12200841613e-005, 4.57424584965e-006, 2.62840762844e-006, 8.69821406013e-008, 3.73891889671e-010, 4.07184737317e-011]
        median: [6.33625631963e-007, 0.000220916423132, 0.000543417234439, 0.000234163191635, 0.000569319119677, 0.000212275364902, 0.000125534337712, 9.35869247769e-005, 0.000104503997136, 3.93673908547e-005, 3.47723253071e-005, 2.08454221138e-005, 1.88001395145e-005, 2.11586739169e-005, 2.3886510462e-005, 4.14316418755e-005, 7.09946179995e-005, 0.000107697094791, 0.000145979254739, 0.00011874937627, 6.58911812934e-005, 1.88809717656e-005, 5.6755661717e-006, 1.9153330868e-006, 9.37511799748e-007, 2.92148349956e-008, 1.79822004509e-010, 1.55152279913e-011]
        min: [1.60286071208e-025, 6.52969359105e-024, 1.37426225703e-024, 9.26894997556e-025, 8.58646065252e-024, 1.17355200221e-023, 9.40443446945e-024, 9.13518283186e-024, 1.55219584927e-023, 1.14216866993e-023, 1.90801834477e-023, 2.62079519341e-023, 3.21291655545e-023, 5.37010434798e-023, 5.56757832066e-023, 6.55777672373e-023, 7.14066667769e-023, 7.22499212192e-023, 1.12780338663e-022, 2.11704543785e-022, 3.05677693783e-022, 3.79215458829e-022, 3.67469660738e-022, 6.802587147e-022, 9.10113445923e-022, 1.35931624037e-021, 1.95809907837e-021, 4.96974140892e-022]
        var: [2.23133317379e-012, 5.53226833233e-008, 4.10259275441e-007, 1.6405023473e-007, 1.12342740977e-006, 3.13305207555e-007, 1.77918963118e-007, 1.33500904553e-007, 1.98180202915e-007, 1.31017927174e-007, 6.65019967983e-008, 4.31520454924e-008, 2.63179007476e-008, 1.17920206932e-008, 1.70619962603e-008, 1.30792345843e-008, 2.45008315858e-008, 6.86690029283e-008, 8.49538537295e-008, 7.39471346378e-008, 3.28930838123e-008, 7.22517201623e-009, 2.5085372668e-010, 8.11050948624e-011, 3.15253413652e-011, 2.47003277749e-014, 3.33971742475e-019, 4.45316923684e-021]
    mfcc:
        mean: [-734.514587402, 123.236686707, -7.96923923492, 61.0120506287, -10.9532279968, -4.53158760071, 2.48776459694, 0.957469105721, -0.204406142235, -2.35264325142, -1.58354663849, -3.95742511749, -4.21804428101]
        cov: [[8542.77539063, -657.840393066, -2020.10205078, -4.89204216003, -819.600158691, -27.7616329193, -174.669006348, -89.1491928101, -117.701164246, -76.9765167236, -123.931694031, -92.7645568848, 62.171836853], [-657.840393066, 1371.59204102, 77.7328643799, 67.7922058105, 106.995872498, -128.727935791, 20.0316371918, -22.410823822, -11.3156471252, -29.7628211975, 1.83832323551, -20.0407562256, -53.5885314941], [-2020.10205078, 77.7328643799, 1139.7076416, 47.1875762939, 271.810516357, 69.9365463257, 5.98469114304, 36.1143302917, 50.3108711243, 21.7873458862, 48.8216629028, 21.9629802704, -33.2949905396], [-4.89204216003, 67.7922058105, 47.1875762939, 287.476257324, 39.4361190796, 17.7531032562, 7.25440216064, -11.8711204529, 21.8034858704, 4.98866224289, -12.9813251495, 1.78319835663, 5.62229204178], [-819.600158691, 106.995872498, 271.810516357, 39.4361190796, 227.179733276, 4.08344078064, 8.18798542023, -1.12621712685, 10.24614048, 12.2153663635, 6.6153087616, 8.38510036469, -14.4111509323], [-27.7616329193, -128.727935791, 69.9365463257, 17.7531032562, 4.08344078064, 126.73828125, 22.4707698822, 18.2320423126, -0.124609306455, 0.354905217886, 6.28234100342, 3.65556812286, 7.59727334976], [-174.669006348, 20.0316371918, 5.98469114304, 7.25440216064, 8.18798542023, 22.4707698822, 134.91242981, 30.2980766296, 11.8860387802, 4.68025255203, -10.1981935501, 15.2586708069, -4.30952310562], [-89.1491928101, -22.410823822, 36.1143302917, -11.8711204529, -1.12621712685, 18.2320423126, 30.2980766296, 84.1355743408, 12.7605323792, 1.97453999519, 6.76217699051, 2.24064803123, -1.61651277542], [-117.701164246, -11.3156471252, 50.3108711243, 21.8034858704, 10.24614048, -0.124609306455, 11.8860387802, 12.7605323792, 60.8330574036, 24.2469615936, 0.00438342010602, 1.89369237423, -0.878593325615], [-76.9765167236, -29.7628211975, 21.7873458862, 4.98866224289, 12.2153663635, 0.354905217886, 4.68025255203, 1.97453999519, 24.2469615936, 59.3830451965, 9.25168609619, 5.93538188934, -0.481170326471], [-123.931694031, 1.83832323551, 48.8216629028, -12.9813251495, 6.6153087616, 6.28234100342, -10.1981935501, 6.76217699051, 0.00438342010602, 9.25168609619, 59.3571510315, 14.1288948059, -2.49805879593], [-92.7645568848, -20.0407562256, 21.9629802704, 1.78319835663, 8.38510036469, 3.65556812286, 15.2586708069, 2.24064803123, 1.89369237423, 5.93538188934, 14.1288948059, 49.3096733093, 19.1176109314], [62.171836853, -53.5885314941, -33.2949905396, 5.62229204178, -14.4111509323, 7.59727334976, -4.30952310562, -1.61651277542, -0.878593325615, -0.481170326471, -2.49805879593, 19.1176109314, 51.149356842]]
        icov: [[0.000262843066594, 6.42532468191e-005, 0.000335946708219, -0.00013942552323, 0.000525935029145, -0.00014231215755, 0.000315879879054, 1.89777601918e-005, 0.000124154146761, 3.68163564417e-005, 0.000237010754063, 5.47192721569e-005, 0.000171972424141], [6.42532468191e-005, 0.000929673202336, 6.2212406192e-005, -0.000295445992379, -0.000238083695876, 0.000973935588263, -0.000288979063043, 0.000119461568829, 0.000206516459002, 0.000547635951079, -0.000281095970422, 0.000300607236568, 0.00061918317806], [0.000335946708219, 6.2212406192e-005, 0.00183557067066, -0.000135982583743, -0.000898697180673, -0.0009387540631, 0.000743816664908, -0.000326956796926, -0.000874650024343, 0.000415742630139, -0.000403971760534, -0.000408364343457, 0.000926978478674], [-0.00013942552323, -0.000295445992379, -0.000135982583743, 0.00394898047671, -0.000854267505929, -0.000865829235408, -0.000130096377688, 0.000794773281086, -0.00168585311621, 0.000134333313326, 0.000752647581976, -0.000148211576743, -0.000696116243489], [0.000525935029145, -0.000238083695876, -0.000898697180673, -0.000854267505929, 0.00771468924358, -1.40822703543e-005, 0.000396922114305, 0.000536599021871, 0.00105717766564, -0.0012019808637, 0.00125302467495, -0.000869668438099, 0.0012393706711], [-0.00014231215755, 0.000973935588263, -0.0009387540631, -0.000865829235408, -1.40822703543e-005, 0.0101781599224, -0.00214650016278, -0.00122615532018, 0.00148525473196, 0.000338697282132, -0.00153946632054, 0.00153994956054, -0.0016799409641], [0.000315879879054, -0.000288979063043, 0.000743816664908, -0.000130096377688, 0.000396922114305, -0.00214650016278, 0.00986935943365, -0.00310539524071, -0.00101691938471, -0.000385152205126, 0.00356895802543, -0.00473168352619, 0.00289753708057], [1.89777601918e-005, 0.000119461568829, -0.000326956796926, 0.000794773281086, 0.000536599021871, -0.00122615532018, -0.00310539524071, 0.0141269294545, -0.00292673800141, 0.00120754935779, -0.00207496574149, 0.00118315638974, -0.000262436020421], [0.000124154146761, 0.000206516459002, -0.000874650024343, -0.00168585311621, 0.00105717766564, 0.00148525473196, -0.00101691938471, -0.00292673800141, 0.0221160743386, -0.00868852064013, 0.00163970224094, 0.000781777314842, -0.000333467265591], [3.68163564417e-005, 0.000547635951079, 0.000415742630139, 0.000134333313326, -0.0012019808637, 0.000338697282132, -0.000385152205126, 0.00120754935779, -0.00868852064013, 0.0214355736971, -0.0033761698287, -0.00122305424884, 0.000746256439015], [0.000237010754063, -0.000281095970422, -0.000403971760534, 0.000752647581976, 0.00125302467495, -0.00153946632054, 0.00356895802543, -0.00207496574149, 0.00163970224094, -0.0033761698287, 0.0212852824479, -0.00788065418601, 0.00386996264569], [5.47192721569e-005, 0.000300607236568, -0.000408364343457, -0.000148211576743, -0.000869668438099, 0.00153994956054, -0.00473168352619, 0.00118315638974, 0.000781777314842, -0.00122305424884, -0.00788065418601, 0.0292184464633, -0.0121397813782], [0.000171972424141, 0.00061918317806, 0.000926978478674, -0.000696116243489, 0.0012393706711, -0.0016799409641, 0.00289753708057, -0.000262436020421, -0.000333467265591, 0.000746256439015, 0.00386996264569, -0.0121397813782, 0.0262324009091]]
    sccoeffs:
        dmean: [0.0480590984225, 0.0473731532693, 0.0392686314881, 0.0290914159268, 0.0222682449967, 0.0223075039685]
        dmean2: [0.0814675912261, 0.0784696489573, 0.0637489035726, 0.0478594265878, 0.0363229252398, 0.0352511033416]
        dvar: [0.00157759047579, 0.0015227382537, 0.00104336277582, 0.000587138172705, 0.00038754826528, 0.000435482594185]
        dvar2: [0.00451291073114, 0.00412391591817, 0.00261836056598, 0.0014937852975, 0.000944281870034, 0.00103217642754]
        max: [-0.36885663867, -0.466550350189, -0.52834546566, -0.583828687668, -0.625930666924, -0.550433456898]
        mean: [-0.654067158699, -0.761767268181, -0.784330785275, -0.817147731781, -0.815491855145, -0.767070412636]
        median: [-0.654272437096, -0.766744852066, -0.79036283493, -0.822938680649, -0.816665232182, -0.768838882446]
        min: [-0.977109730244, -0.983435809612, -0.984519958496, -0.965826570988, -0.964493215084, -0.963012158871]
        var: [0.0040424624458, 0.00387655710801, 0.00326338340528, 0.0019261034904, 0.00112112483475, 0.00254078232683]
    scvalleys:
        dmean: [0.336832433939, 0.373451203108, 0.34640443325, 0.331952691078, 0.306258201599, 0.391480773687]
        dmean2: [0.567439973354, 0.609085142612, 0.547574937344, 0.501802206039, 0.456307560205, 0.552543818951]
        dvar: [0.0860760137439, 0.125719219446, 0.10804259032, 0.119895868003, 0.149317905307, 0.251658737659]
        dvar2: [0.214966386557, 0.305633962154, 0.233484715223, 0.248439744115, 0.312470078468, 0.512850046158]
        max: [-4.84194326401, -4.03198623657, -5.12665319443, -5.83382892609, -5.7121295929, -7.68968629837]
        mean: [-6.25125551224, -6.47655820847, -7.33945083618, -7.86325025558, -7.57626104355, -9.94722938538]
        median: [-6.06055545807, -6.24387359619, -7.03728532791, -7.438331604, -7.10586738586, -9.54851722717]
        min: [-27.9649066925, -28.028629303, -27.7710647583, -27.6595172882, -27.5142726898, -27.3447170258]
        var: [2.22766900063, 2.33942580223, 2.54380464554, 2.55327606201, 2.70555734634, 2.43466973305]

rhythm:
    beats_loudness:
        dmean: 0.00305858533829
        dmean2: 0.00575704872608
        dvar: 5.31683326699e-006
        dvar2: 1.84068030649e-005
        max: 0.0160994529724
        mean: 0.00582531373948
        median: 0.00555514637381
        min: 5.70240209219e-012
        var: 7.92273385741e-006
    bpm: 102.113876343
    bpm_confidence: 0
    first_peak_bpm: 101
    first_peak_spread: 0.465163916349
    first_peak_weight: 0.529411792755
    onset_rate: 3.87241053581
    second_peak_bpm: 94
    second_peak_spread: 0.399999976158
    second_peak_weight: 0.00608519278467
    beats_loudness_band_ratio:
        dmean: [0.204763710499, 0.15483532846, 0.0875838175416, 0.0620487965643, 0.0538513064384, 0.0556993670762]
        dmean2: [0.388702899218, 0.280958116055, 0.153077244759, 0.114495508373, 0.0930619165301, 0.0949805006385]
        dvar: [0.0242722295225, 0.0161920301616, 0.00627943547443, 0.0071900524199, 0.00267854053527, 0.0049320650287]
        dvar2: [0.0763659328222, 0.0546619296074, 0.0173942483962, 0.023875804618, 0.00783262588084, 0.0131587935612]
        max: [0.985210061073, 0.845877230167, 0.53674519062, 0.505182683468, 0.423001468182, 0.765439033508]
        mean: [0.333800971508, 0.255856990814, 0.135809004307, 0.0710064023733, 0.103387750685, 0.127046823502]
        median: [0.277310848236, 0.217019945383, 0.116605177522, 0.0416358783841, 0.0935961380601, 0.104627221823]
        min: [0, 0, 0, 0, 0, 0]
        var: [0.048221886158, 0.0269144251943, 0.00873646978289, 0.00741737149656, 0.00494915107265, 0.0106933955103]
    beats_position: [0.626938760281, 1.25387752056, 1.89242625237, 2.51936507225, 3.15791368484, 3.79646253586, 4.41179132462, 5.00390005112, 5.59600877762, 6.18811798096, 6.78022670746, 7.36072540283, 7.95283412933, 8.54494285583, 9.13705158234, 9.72916126251, 10.3096599579, 10.9017686844, 11.4938774109, 12.0743761063, 12.6664848328, 13.2469835281, 13.8390922546, 14.4195919037, 15.0000905991, 15.5921993256, 16.1843090057, 16.7648067474, 17.3569164276, 17.9258041382, 18.5179138184, 19.1100215912, 19.7021312714, 20.2710208893, 20.851518631, 21.43201828, 22.0241260529, 22.616235733, 23.1967334747, 23.7772331238, 24.3809528351, 24.9614505768, 25.5419502258, 26.1340579987, 26.7261676788, 27.3066654205, 27.8871650696, 28.4792747498, 29.0713825226, 29.6634922028, 30.2555999756, 30.8360996246, 31.4282073975, 32.0203170776, 32.6008148193, 33.1813163757, 33.7850341797, 34.3655319214, 34.9460296631, 35.5381393433, 36.1302490234, 36.7223587036, 37.3144645691, 37.8949661255, 38.4986839294, 39.0791816711, 39.6596832275, 40.251789093, 40.8438987732, 41.4243965149, 42.0165061951, 42.6086158752, 43.2007255554, 43.7928352356, 44.3733329773, 44.9654426575, 45.5575485229, 46.1380500793, 46.718547821, 47.2990455627, 47.8911552429, 48.4716529846, 49.0637626648, 49.6442604065, 50.2479820251, 50.8284797668, 51.4089775085, 52.0010871887, 52.5931968689, 53.1853065491, 53.7774124146, 54.3579139709, 54.9616317749, 55.5421295166, 56.122631073, 56.7147369385, 57.3068466187, 57.8873443604, 58.4794540405, 59.0715637207, 59.6636734009, 60.2441711426, 60.8362808228, 61.4167785645, 62.0088882446, 62.6009979248, 63.1814956665, 63.7619934082, 64.3541030884, 64.9462127686, 65.5267105103, 66.1188201904, 66.7109298706, 67.2914276123, 67.871925354, 68.4524230957, 69.0445327759, 69.6366424561, 70.2171401978, 70.8208618164, 71.4129714966, 72.0050811768, 72.5855789185, 73.1660766602, 73.7581863403, 74.3502960205, 74.9307937622, 75.5345077515, 76.1382293701, 76.7419509888, 77.3340606689, 77.9145584106, 78.5066680908, 79.0871658325, 79.6676635742, 80.2481613159, 80.8402709961, 81.4323806763, 82.0244903564, 82.6049880981, 83.1970977783, 83.77759552, 84.3697052002, 84.9385910034, 85.5190887451, 86.0995864868, 86.6800918579, 87.2605895996, 87.8526992798, 88.44480896, 89.0485229492, 89.6406326294, 90.2327423096, 90.8132400513, 91.393737793, 91.9742355347, 92.5547409058, 93.1352386475, 93.7157363892, 94.3078460693, 94.8999557495, 95.4920654297, 96.0841674805, 96.6762771606, 97.2683868408, 97.8488845825, 98.4293823242, 99.0214920044, 99.6136016846, 100.205711365, 100.797821045, 101.389930725, 101.982040405, 102.562538147, 103.143035889, 103.72353363, 104.304031372, 104.896141052, 105.488250732, 106.068748474, 106.660858154, 107.241355896, 107.833465576, 108.413963318, 109.006072998, 109.58657074, 110.17868042, 110.7707901, 111.36289978, 111.943397522, 112.523895264, 113.116004944, 113.708114624, 114.300224304, 114.892333984, 115.472831726, 116.064941406, 116.657051086, 117.237548828, 117.829658508, 118.421768188, 119.00226593, 119.582763672, 120.163261414, 120.743759155, 121.324264526, 121.916366577, 122.508476257, 123.112197876, 123.704307556, 124.296417236, 124.888526917, 125.480628967, 126.061134338, 126.64163208, 127.222129822, 127.814239502, 128.406341553, 128.986846924, 129.578948975, 130.171066284, 130.751556396, 131.343673706, 131.935775757, 132.539505005, 133.119995117, 133.700500488, 134.292602539, 134.884719849, 135.465209961, 136.045715332, 136.637817383, 137.229934692, 137.810424805, 138.390930176, 138.983032227, 139.575149536, 140.155639648, 140.73614502, 141.32824707, 141.92036438, 142.512466431, 143.10458374, 143.685073853, 144.277191162, 144.857681274, 145.449798584, 146.030288696, 146.622406006, 147.214508057, 147.795013428, 148.37550354, 148.96762085, 149.5597229, 150.140228271, 150.732330322, 151.324447632, 151.916549683, 152.497055054, 153.089157104, 153.681274414, 154.273376465, 154.853881836, 155.434371948, 156.038085938, 156.618591309, 157.19909668, 157.79119873, 158.383300781, 158.963806152, 159.544311523, 160.148025513, 160.751739502, 161.35546875, 161.947570801, 162.528076172, 163.120178223, 163.700683594, 164.281173706, 164.873291016, 165.465393066, 166.057495117, 166.649612427, 167.230117798, 167.822219849, 168.414321899, 169.006439209, 169.59854126, 170.179046631, 170.759536743, 171.340042114, 171.932144165, 172.524261475, 173.104751587, 173.696868896, 174.265762329, 174.846252441, 175.438369751, 176.030471802, 176.622589111, 177.203079224, 177.783584595, 178.364074707, 178.956192017, 179.548294067, 180.1171875, 180.697677612, 181.289794922, 181.881896973, 182.462402344, 183.042892456, 183.646621704, 184.238723755, 184.830841064, 185.411331177, 185.991836548, 186.57232666, 187.152832031, 187.733337402, 188.325439453, 188.917541504, 189.509658813, 190.101760864, 190.682266235, 191.274368286, 191.854873657, 192.446975708, 193.039093018, 193.631195068, 194.223312378, 194.80380249, 195.3959198, 195.988021851, 196.58013916, 197.160629272, 197.752746582, 198.344848633, 198.936950684, 199.529067993, 200.109558105, 200.701675415, 201.293777466, 201.874282837, 202.454788208, 203.046890259, 203.63899231, 204.219497681, 204.800003052, 205.392105103, 205.984207153, 206.564712524, 207.145217896, 207.748931885, 208.341033936, 208.933151245, 209.513641357, 210.105758667, 210.697860718, 211.278366089, 211.858856201, 212.439361572, 213.019866943, 213.611968994, 214.204071045, 214.796188354, 215.388290405, 215.968795776, 216.549285889, 217.12979126, 217.710296631, 218.290786743, 218.882904053, 219.475006104, 220.067123413, 220.659225464, 221.239730835, 221.831832886, 222.423934937, 223.004440308, 223.596542358, 224.188659668, 224.76914978, 225.349655151, 225.941757202, 226.533874512, 227.125976563, 227.718093872, 228.310195923, 228.890701294, 229.482803345, 230.063308716, 230.655410767, 231.247528076, 231.828018188, 232.40852356, 233.00062561, 233.59274292, 234.173233032, 234.753738403, 235.345840454, 235.937957764, 236.530059814, 237.122177124, 237.714279175, 238.306396484, 238.898498535, 239.490600586, 240.071105957, 240.663208008, 241.255325317, 241.835830688, 242.416320801, 242.996826172, 243.588928223, 244.181045532, 244.761535645, 245.353652954, 245.945755005, 246.526260376, 247.118362427, 247.710464478, 248.290969849, 248.87147522, 249.463577271, 250.05569458, 250.647796631, 251.239898682, 251.820404053, 252.400909424, 252.993011475, 253.585113525, 254.165618896, 254.746124268, 255.338226318, 255.930328369, 256.51083374, 257.091339111, 257.671844482, 258.263946533, 258.856048584, 259.436553955, 260.028656006, 260.620758057, 261.201263428, 261.781768799, 262.37387085, 262.9659729, 263.558105469, 264.15020752, 264.730712891, 265.322814941, 265.903320313, 266.495422363, 267.087524414, 267.679626465, 268.260131836, 268.863861084, 269.444335938, 270.024841309, 270.60534668, 271.19744873, 271.789550781, 272.370056152, 272.962158203, 273.554290771, 274.146392822, 274.738494873, 275.319000244, 275.899505615, 276.479980469, 277.06048584, 277.652587891, 278.244720459, 278.83682251, 279.428924561, 280.009429932, 280.589935303, 281.170440674, 281.762542725, 282.354644775, 282.958374023, 283.538848877, 284.130981445, 284.723083496, 285.326782227, 285.907287598, 286.487792969, 287.06829834, 287.648803711, 288.229278564, 288.809783936, 289.390289307, 289.982391357, 290.574493408]
