
metadata:
    version:
        essentia: "2.1-beta2"
    audio_properties:
        analysis_sample_rate: 44100
        bitrate: 128
        channels: 2
        equal_loudness: 1
        length: 325.720825195
        replay_gain: -13.8205738068
        downmix: "mix"
    tags:
        album: "De Cercle en Cercle"
        artist: "Mass Hysteria"
        comment: ""
        date: "2001"
        genre: "Metal"
        title: "L' Importance du Sort"
        tracknumber: "13"

configuration:
    average_loudness:
        compute: 1
        frameSize: 88200
        hopSize: 44100
        silentFrames: "noise"
        windowType: "hann"
    general:
        analysisSampleRate: 44100
        endTime: 2000
        equalLoudness: 1
        nequalLoudness: 0
        shortSound: 0
        startTime: 0
    lowlevel:
        compute: 1
        frameSize: 2048
        hopSize: 1024
        zeroPadding: 0
        silentFrames: "noise"
        windowType: "blackmanharris62"
        mfccStats: ["mean", "cov", "icov"]
        stats: ["mean", "var", "median", "min", "max", "dmean", "dmean2", "dvar", "dvar2"]
    panning:
        compute: 0
        frameSize: 8192
        hopSize: 2048
        zeroPadding: 8192
        silentFrames: "noise"
        windowType: "hann"
        stats: ["copy"]
    rhythm:
        compute: 1
        maxTempo: 208
        minTempo: 40
        method: "degara"
        stats: ["mean", "var", "median", "min", "max", "dmean", "dmean2", "dvar", "dvar2"]
    segmentation:
        compute: 0
        cpw: 5
        inc1: 300
        inc2: 50
        minimumSegmentsLength: 10
        size1: 1000
        size2: 600
    sfx:
        compute: 1
        stats: ["mean", "var", "median", "min", "max", "dmean", "dmean2", "dvar", "dvar2"]
    svm:
        compute: 0
    tonal:
        compute: 1
        frameSize: 4096
        hopSize: 2048
        zeroPadding: 0
        silentFrames: "noise"
        windowType: "blackmanharris62"
        stats: ["mean", "var", "median", "min", "max", "dmean", "dmean2", "dvar", "dvar2"]

lowlevel:
    average_loudness: 0.908722758293
    barkbands_kurtosis:
        dmean: 2.00858950615
        dmean2: 3.04401993752
        dvar: 21.1456012726
        dvar2: 44.6582679749
        max: 232.913574219
        mean: 5.06609344482
        median: 0.045558039099
        min: -1.87154865265
        var: 279.454223633
    barkbands_skewness:
        dmean: 0.358071267605
        dmean2: 0.560363054276
        dvar: 0.152900770307
        dvar2: 0.363167285919
        max: 12.8423852921
        mean: 1.42136645317
        median: 1.03037440777
        min: -2.30500793457
        var: 2.36703944206
    barkbands_spread:
        dmean: 4.38483047485
        dmean2: 6.80214309692
        dvar: 26.1347007751
        dvar2: 60.5830535889
        max: 72.6739425659
        mean: 26.5584487915
        median: 28.3358974457
        min: 0.12288697809
        var: 280.211730957
    dissonance:
        dmean: 0.0210210774094
        dmean2: 0.0352158397436
        dvar: 0.000473729189252
        dvar2: 0.00124557013623
        max: 0.500000059605
        mean: 0.445937782526
        median: 0.460714101791
        min: 0.117378041148
        var: 0.00225262949243
    hfc:
        dmean: 1.28264403343
        dmean2: 2.07070922852
        dvar: 5.70289039612
        dvar2: 14.6349821091
        max: 50.5632972717
        mean: 5.28776597977
        median: 5.33291721344
        min: 1.18051273026e-016
        var: 20.6686382294
    pitch:
        dmean: 504.992095947
        dmean2: 978.75189209
        dvar: 1317815.625
        dvar2: 3387658
        max: 5544.55957031
        mean: 1054.63769531
        median: 249.973602295
        min: 62.4636497498
        var: 2311007.5
    pitch_instantaneous_confidence:
        dmean: 0.0722586214542
        dmean2: 0.118195466697
        dvar: 0.00466287415475
        dvar2: 0.0121310604736
        max: 0.9828119874
        mean: 0.436033725739
        median: 0.407241165638
        min: 0.0310742855072
        var: 0.0229541566223
    pitch_salience:
        dmean: 0.0520909838378
        dmean2: 0.0846101045609
        dvar: 0.00238391640596
        dvar2: 0.00618312507868
        max: 0.994876623154
        mean: 0.578653991222
        median: 0.597321748734
        min: 0.0332424156368
        var: 0.016063446179
    silence_rate_20dB:
        dmean: 0
        dmean2: 0
        dvar: 0
        dvar2: 0
        max: 1
        mean: 1
        median: 1
        min: 1
        var: 0
    silence_rate_30dB:
        dmean: 0
        dmean2: 0
        dvar: 0
        dvar2: 0
        max: 1
        mean: 1
        median: 1
        min: 1
        var: 0
    silence_rate_60dB:
        dmean: 0.0587396621704
        dmean2: 0.117487698793
        dvar: 0.0553045906126
        dvar2: 0.125349104404
        max: 1
        mean: 0.310642242432
        median: 0
        min: 0
        var: 0.214132711291
    spectral_centroid:
        dmean: 161.437728882
        dmean2: 254.01361084
        dvar: 43235.8203125
        dvar2: 100680.007813
        max: 11396.6464844
        mean: 1019.168396
        median: 1005.78790283
        min: 90.1746444702
        var: 433154.34375
    spectral_complexity:
        dmean: 2.3745367527
        dmean2: 3.88308262825
        dvar: 9.57941150665
        dvar2: 22.8257598877
        max: 47
        mean: 11.1837625504
        median: 11
        min: 0
        var: 57.6069068909
    spectral_crest:
        dmean: 1.70461785793
        dmean2: 2.78600335121
        dvar: 2.96571469307
        dvar2: 8.20203971863
        max: 26.253068924
        mean: 8.63491725922
        median: 7.51996469498
        min: 2.39268279076
        var: 18.2503032684
    spectral_decrease:
        dmean: 2.66476035682e-010
        dmean2: 4.31775420973e-010
        dvar: 1.43088881835e-019
        dvar2: 3.77639020602e-019
        max: 1.09116498042e-028
        mean: -1.10426146005e-009
        median: -1.0768695935e-009
        min: -5.19305487501e-009
        var: 4.78471768586e-019
    spectral_energy:
        dmean: 0.00109438120853
        dmean2: 0.00177463586442
        dvar: 2.5663634915e-006
        dvar2: 6.75880619383e-006
        max: 0.022820584476
        mean: 0.00464734761044
        median: 0.0045750150457
        min: 1.03509609459e-020
        var: 8.62169963511e-006
    spectral_energyband_high:
        dmean: 0.000120727265312
        dmean2: 0.000200740149012
        dvar: 6.29210674674e-008
        dvar2: 1.6350522003e-007
        max: 0.00580412242562
        mean: 0.000322888343362
        median: 0.000264539645286
        min: 7.41970508144e-021
        var: 1.40956160521e-007
    spectral_energyband_low:
        dmean: 0.000343870458892
        dmean2: 0.000573302386329
        dvar: 2.7061312835e-007
        dvar2: 7.37717755328e-007
        max: 0.00720473239198
        mean: 0.00087094004266
        median: 0.000805723771919
        min: 2.48689899207e-023
        var: 4.56378558056e-007
    spectral_energyband_middle_high:
        dmean: 0.000297652091831
        dmean2: 0.000468432699563
        dvar: 2.22996106913e-007
        dvar2: 5.33272555003e-007
        max: 0.00883974228054
        mean: 0.00111459626351
        median: 0.00101901311427
        min: 1.16123152526e-021
        var: 1.16837281894e-006
    spectral_energyband_middle_low:
        dmean: 0.000809980614576
        dmean2: 0.00130068697035
        dvar: 1.36309836307e-006
        dvar2: 3.59693740393e-006
        max: 0.017480397597
        mean: 0.00255465856753
        median: 0.0021496093832
        min: 2.31912989231e-022
        var: 4.03003377869e-006
    spectral_flatness_db:
        dmean: 0.0175937172025
        dmean2: 0.02644549869
        dvar: 0.000365218176739
        dvar2: 0.00077882752521
        max: 0.638193428516
        mean: 0.19341608882
        median: 0.152230173349
        min: 0.0434178486466
        var: 0.00955651700497
    spectral_flux:
        dmean: 0.00697000371292
        dmean2: 0.0106359599158
        dvar: 7.52652267693e-005
        dvar2: 0.000146954786032
        max: 0.114859826863
        mean: 0.0307703968138
        median: 0.0319032482803
        min: 6.65197341654e-011
        var: 0.000328277703375
    spectral_kurtosis:
        dmean: 4.7720208168
        dmean2: 7.8192358017
        dvar: 142.043731689
        dvar2: 381.840209961
        max: 233.482391357
        mean: 12.8861722946
        median: 2.80421185493
        min: -1.22506392002
        var: 760.71862793
    spectral_rms:
        dmean: 0.000229368321015
        dmean2: 0.000367414439097
        dvar: 8.10707589949e-008
        dvar2: 2.09035292187e-007
        max: 0.00471847271547
        mean: 0.00197722692974
        median: 0.00211268290877
        min: 3.17781348111e-012
        var: 6.24565984708e-007
    spectral_rolloff:
        dmean: 339.038635254
        dmean2: 564.325317383
        dvar: 273737.625
        dvar2: 644798.125
        max: 19487.5488281
        mean: 2175.50976563
        median: 2583.984375
        min: 107.666015625
        var: 2443343
    spectral_skewness:
        dmean: 0.391143202782
        dmean2: 0.62170535326
        dvar: 0.443260937929
        dvar2: 1.1521499157
        max: 12.9368114471
        mean: 2.05011725426
        median: 1.33265149593
        min: -0.0424783751369
        var: 3.32040143013
    spectral_spread:
        dmean: 539981.6875
        dmean2: 784950.1875
        dvar: 599682252800
        dvar2: 1.15228042854e+012
        max: 41742920
        mean: 4572486.5
        median: 4673539
        min: 419463.625
        var: 5.19730888704e+012
    spectral_strongpeak:
        dmean: 0.195552274585
        dmean2: 0.328620493412
        dvar: 0.0950334444642
        dvar2: 0.236930549145
        max: 5.11620378494
        mean: 0.411033153534
        median: 0.243278488517
        min: 1.27467314481e-009
        var: 0.192585259676
    zerocrossingrate:
        dmean: 0.00665657361969
        dmean2: 0.00813296157867
        dvar: 4.75941887998e-005
        dvar2: 6.05731693213e-005
        max: 0.5263671875
        mean: 0.0659574344754
        median: 0.0703125
        min: 0.00341796875
        var: 0.00139907456469
    barkbands:
        dmean: [7.0414904485e-007, 0.000103617159766, 0.000211624996155, 0.000217726759729, 0.000336573284585, 0.000184634176549, 0.000182971474715, 0.00019416930445, 0.000146596867125, 8.09572738945e-005, 5.39402790309e-005, 3.17577323585e-005, 3.35397016897e-005, 4.18283852923e-005, 2.34162798733e-005, 2.6395493478e-005, 4.79297486891e-005, 7.6886943134e-005, 0.000105959508801, 9.83522986644e-005, 5.93152835791e-005, 2.61852837866e-005, 6.50187757856e-006, 1.87192199519e-006, 9.75166130956e-007, 2.88933446058e-008, 1.98889391068e-010]
        dmean2: [1.18045977615e-006, 0.000173031381564, 0.00035358639434, 0.000347265333403, 0.000571549113374, 0.00031860373565, 0.000280890933936, 0.000305338238832, 0.000221677561058, 0.000123115765746, 8.22039728519e-005, 5.05925745529e-005, 5.31417172169e-005, 6.59744910081e-005, 3.80081146432e-005, 4.41366864834e-005, 7.99299887149e-005, 0.000126180966618, 0.000177323498065, 0.00016717815015, 0.000100480472611, 4.2874700739e-005, 1.0881887647e-005, 2.8320750971e-006, 1.47973628373e-006, 4.27997051133e-008, 3.54570345307e-010]
        dvar: [1.72637978132e-012, 2.72665712231e-008, 1.04304881177e-007, 1.28596141735e-007, 3.20304877732e-007, 1.37168882475e-007, 1.51589858888e-007, 1.42096354239e-007, 1.30719953972e-007, 5.12344477954e-008, 1.67706115661e-008, 5.15793718847e-009, 8.12267053618e-009, 1.10631903638e-008, 5.55619639186e-009, 1.95283833548e-009, 5.47010836627e-009, 1.68363865072e-008, 2.76139395794e-008, 2.87194641402e-008, 1.57312189941e-008, 4.06383948715e-009, 1.89014276453e-010, 3.82996689918e-011, 1.44184325937e-011, 5.92494125594e-015, 9.86981244023e-020]
        dvar2: [4.30850494171e-012, 7.43745687259e-008, 2.86142380901e-007, 2.99327666653e-007, 9.12531447739e-007, 3.80425063895e-007, 3.41884714317e-007, 3.39276994055e-007, 2.99348755561e-007, 1.18941045457e-007, 3.49070354844e-008, 1.2444614228e-008, 1.98495584414e-008, 2.59778101253e-008, 1.31542163828e-008, 4.9091752885e-009, 1.45124250395e-008, 4.28059223623e-008, 7.3669426115e-008, 7.90599159473e-008, 4.20819148417e-008, 9.44707068129e-009, 4.79357553651e-010, 8.78251846248e-011, 3.33417425613e-011, 1.23214435413e-014, 3.00135557627e-019]
        max: [1.45641852214e-005, 0.00221734098159, 0.00418199598789, 0.00922739226371, 0.00876404251903, 0.009864712134, 0.0145777082071, 0.00650149816647, 0.00817879475653, 0.00705593265593, 0.0043241167441, 0.00185171351768, 0.00275667384267, 0.0021496063564, 0.00350919621997, 0.00117162289098, 0.00132323661819, 0.00261269789189, 0.00555611867458, 0.00432314816862, 0.00325866020285, 0.00236436328851, 0.000273643672699, 0.000212773971725, 0.000135329013574, 2.14490796679e-006, 6.51488063497e-009]
        mean: [9.25908580029e-007, 0.000286272581434, 0.000406798382755, 0.000435886817286, 0.000604100583587, 0.000323389889672, 0.000435145164374, 0.000368406937923, 0.00031035381835, 0.000146174919792, 0.000100243203633, 5.55424448976e-005, 5.37338528375e-005, 6.84126207489e-005, 4.18027193518e-005, 5.51062330487e-005, 9.71182089415e-005, 0.000150051419041, 0.000254487298662, 0.000255536986515, 0.0001337575668, 4.78407309856e-005, 1.05138506115e-005, 3.76529237656e-006, 1.93208006749e-006, 5.67385889383e-008, 1.97806521163e-010]
        median: [5.45253953987e-007, 0.000235629879171, 0.000306793430354, 0.000221703914576, 0.000376724172384, 0.000148804290802, 0.00016789563233, 0.000109854052425, 0.000105645594886, 4.86791541334e-005, 3.643625314e-005, 2.33657301578e-005, 1.9774561224e-005, 1.95122611331e-005, 2.00564445549e-005, 4.24503741669e-005, 7.44025237509e-005, 0.000117383133329, 0.000217404493014, 0.000219790468691, 0.000105246683233, 2.01390121219e-005, 3.86006558983e-006, 1.45484727909e-006, 6.20035791599e-007, 1.71508691693e-008, 8.29592158857e-011]
        min: [1.22050764597e-024, 4.35298180666e-024, 5.21375231378e-025, 5.69725127626e-024, 1.6672568921e-023, 2.16107135476e-023, 1.38952326428e-023, 1.57094896625e-023, 3.57593961552e-023, 2.26637292601e-023, 1.70103212953e-023, 4.76116021159e-023, 3.7400403543e-023, 4.66068962452e-023, 5.93358516822e-023, 5.47125840413e-023, 9.66478807157e-023, 1.13751003608e-022, 1.36327937658e-022, 2.45345132124e-022, 3.67404456651e-022, 3.92229619037e-022, 4.65467213043e-022, 6.04829223338e-022, 1.04996644325e-021, 1.37935921435e-021, 2.28473464808e-021]
        var: [1.86118178161e-012, 6.63047927674e-008, 1.59424118351e-007, 4.76465828569e-007, 5.14206931257e-007, 2.42756328817e-007, 6.3728805344e-007, 3.97640718575e-007, 3.73521118036e-007, 1.10137051479e-007, 4.65227536495e-008, 1.09724656028e-008, 1.58452753141e-008, 2.4327846404e-008, 1.48603245265e-008, 4.33405977773e-009, 1.1837493652e-008, 3.15110675331e-008, 7.66641292671e-008, 7.74561428329e-008, 2.73199862733e-008, 7.512617195e-009, 3.13765041726e-010, 8.21959236785e-011, 3.32241976986e-011, 1.76885602384e-014, 1.01988202977e-019]
    frequency_bands:
        dmean: [7.0414904485e-007, 0.000103617159766, 0.000211624996155, 0.000217726759729, 0.000336573284585, 0.000184634176549, 0.000182971474715, 0.00019416930445, 0.000146596867125, 8.09572738945e-005, 5.39402790309e-005, 3.17577323585e-005, 3.35397016897e-005, 4.18283852923e-005, 2.34162798733e-005, 2.6395493478e-005, 4.79297486891e-005, 7.6886943134e-005, 0.000105959508801, 9.83522986644e-005, 5.93152835791e-005, 2.61852837866e-005, 6.50187757856e-006, 1.87192199519e-006, 9.75166130956e-007, 2.88933446058e-008, 1.98889391068e-010, 4.62640689647e-011]
        dmean2: [1.18045977615e-006, 0.000173031381564, 0.00035358639434, 0.000347265333403, 0.000571549113374, 0.00031860373565, 0.000280890933936, 0.000305338238832, 0.000221677561058, 0.000123115765746, 8.22039728519e-005, 5.05925745529e-005, 5.31417172169e-005, 6.59744910081e-005, 3.80081146432e-005, 4.41366864834e-005, 7.99299887149e-005, 0.000126180966618, 0.000177323498065, 0.00016717815015, 0.000100480472611, 4.2874700739e-005, 1.0881887647e-005, 2.8320750971e-006, 1.47973628373e-006, 4.27997051133e-008, 3.54570345307e-010, 8.5479463785e-011]
        dvar: [1.72637978132e-012, 2.72665712231e-008, 1.04304881177e-007, 1.28596141735e-007, 3.20304877732e-007, 1.37168882475e-007, 1.51589858888e-007, 1.42096354239e-007, 1.30719953972e-007, 5.12344477954e-008, 1.67706115661e-008, 5.15793718847e-009, 8.12267053618e-009, 1.10631903638e-008, 5.55619639186e-009, 1.95283833548e-009, 5.47010836627e-009, 1.68363865072e-008, 2.76139395794e-008, 2.87194641402e-008, 1.57312189941e-008, 4.06383948715e-009, 1.89014276453e-010, 3.82996689918e-011, 1.44184325937e-011, 5.92494125594e-015, 9.86981244023e-020, 6.37268102626e-021]
        dvar2: [4.30850494171e-012, 7.43745687259e-008, 2.86142380901e-007, 2.99327666653e-007, 9.12531447739e-007, 3.80425063895e-007, 3.41884714317e-007, 3.39276994055e-007, 2.99348755561e-007, 1.18941045457e-007, 3.49070354844e-008, 1.2444614228e-008, 1.98495584414e-008, 2.59778101253e-008, 1.31542163828e-008, 4.9091752885e-009, 1.45124250395e-008, 4.28059223623e-008, 7.3669426115e-008, 7.90599159473e-008, 4.20819148417e-008, 9.44707068129e-009, 4.79357553651e-010, 8.78251846248e-011, 3.33417425613e-011, 1.23214435413e-014, 3.00135557627e-019, 2.04267405509e-020]
        max: [1.45641852214e-005, 0.00221734098159, 0.00418199598789, 0.00922739226371, 0.00876404251903, 0.009864712134, 0.0145777082071, 0.00650149816647, 0.00817879475653, 0.00705593265593, 0.0043241167441, 0.00185171351768, 0.00275667384267, 0.0021496063564, 0.00350919621997, 0.00117162289098, 0.00132323661819, 0.00261269789189, 0.00555611867458, 0.00432314816862, 0.00325866020285, 0.00236436328851, 0.000273643672699, 0.000212773971725, 0.000135329013574, 2.14490796679e-006, 6.51488063497e-009, 1.84391735214e-009]
        mean: [9.25908580029e-007, 0.000286272581434, 0.000406798382755, 0.000435886817286, 0.000604100583587, 0.000323389889672, 0.000435145164374, 0.000368406937923, 0.00031035381835, 0.000146174919792, 0.000100243203633, 5.55424448976e-005, 5.37338528375e-005, 6.84126207489e-005, 4.18027193518e-005, 5.51062330487e-005, 9.71182089415e-005, 0.000150051419041, 0.000254487298662, 0.000255536986515, 0.0001337575668, 4.78407309856e-005, 1.05138506115e-005, 3.76529237656e-006, 1.93208006749e-006, 5.67385889383e-008, 1.97806521163e-010, 3.61485910649e-011]
        median: [5.45253953987e-007, 0.000235629879171, 0.000306793430354, 0.000221703914576, 0.000376724172384, 0.000148804290802, 0.00016789563233, 0.000109854052425, 0.000105645594886, 4.86791541334e-005, 3.643625314e-005, 2.33657301578e-005, 1.9774561224e-005, 1.95122611331e-005, 2.00564445549e-005, 4.24503741669e-005, 7.44025237509e-005, 0.000117383133329, 0.000217404493014, 0.000219790468691, 0.000105246683233, 2.01390121219e-005, 3.86006558983e-006, 1.45484727909e-006, 6.20035791599e-007, 1.71508691693e-008, 8.29592158857e-011, 1.12354812953e-011]
        min: [1.22050764597e-024, 4.35298180666e-024, 5.21375231378e-025, 5.69725127626e-024, 1.6672568921e-023, 2.16107135476e-023, 1.38952326428e-023, 1.57094896625e-023, 3.57593961552e-023, 2.26637292601e-023, 1.70103212953e-023, 4.76116021159e-023, 3.7400403543e-023, 4.66068962452e-023, 5.93358516822e-023, 5.47125840413e-023, 9.66478807157e-023, 1.13751003608e-022, 1.36327937658e-022, 2.45345132124e-022, 3.67404456651e-022, 3.92229619037e-022, 4.65467213043e-022, 6.04829223338e-022, 1.04996644325e-021, 1.37935921435e-021, 2.28473464808e-021, 5.80737587997e-022]
        var: [1.86118178161e-012, 6.63047927674e-008, 1.59424118351e-007, 4.76465828569e-007, 5.14206931257e-007, 2.42756328817e-007, 6.3728805344e-007, 3.97640718575e-007, 3.73521118036e-007, 1.10137051479e-007, 4.65227536495e-008, 1.09724656028e-008, 1.58452753141e-008, 2.4327846404e-008, 1.48603245265e-008, 4.33405977773e-009, 1.1837493652e-008, 3.15110675331e-008, 7.66641292671e-008, 7.74561428329e-008, 2.73199862733e-008, 7.512617195e-009, 3.13765041726e-010, 8.21959236785e-011, 3.32241976986e-011, 1.76885602384e-014, 1.01988202977e-019, 4.7596267291e-021]
    mfcc:
        mean: [-752.730651855, 124.507499695, -16.2883644104, 47.5684738159, -19.3013153076, -8.28228569031, -1.17163944244, -2.43102812767, -2.31644964218, -3.16936588287, 0.00418133055791, -1.53807532787, -2.21749567986]
        cov: [[13854.2539063, -350.68850708, -1258.35327148, 3054.69311523, -575.182922363, 617.483276367, 702.054504395, 347.339324951, 349.009460449, 349.89541626, 229.488220215, 38.3616409302, -72.5503311157], [-350.68850708, 1427.64196777, -17.4082355499, -167.82723999, 54.5608787537, -213.199584961, -79.3597564697, -123.066917419, -117.048660278, -125.812332153, -82.2604522705, -46.1183853149, -47.9488601685], [-1258.35327148, -17.4082355499, 691.25201416, -36.8526954651, 194.778579712, 122.173698425, 39.469997406, 73.9953460693, 35.4443016052, -7.59118556976, 46.5404930115, 20.7924289703, 21.5413608551], [3054.69311523, -167.82723999, -36.8526954651, 1390.61694336, 71.3091201782, 402.763366699, 420.746643066, 251.173690796, 220.462432861, 167.180435181, 107.782470703, 56.6108131409, 31.1591625214], [-575.182922363, 54.5608787537, 194.778579712, 71.3091201782, 251.58140564, 76.4052810669, 76.2613983154, 40.553691864, 25.4066486359, 16.6765003204, 3.14309430122, 5.14796686172, -0.458424538374], [617.483276367, -213.199584961, 122.173698425, 402.763366699, 76.4052810669, 309.998718262, 195.834869385, 143.88369751, 101.484527588, 79.2780761719, 77.4434585571, 16.6334056854, 5.66923475266], [702.054504395, -79.3597564697, 39.469997406, 420.746643066, 76.2613983154, 195.834869385, 334.82043457, 160.563751221, 129.395782471, 87.7625198364, 41.4100608826, 39.3328895569, 1.80090534687], [347.339324951, -123.066917419, 73.9953460693, 251.173690796, 40.553691864, 143.88369751, 160.563751221, 173.718994141, 97.6158752441, 56.0780944824, 40.9619750977, 14.3592252731, 10.662273407], [349.009460449, -117.048660278, 35.4443016052, 220.462432861, 25.4066486359, 101.484527588, 129.395782471, 97.6158752441, 127.351066589, 76.7266769409, 31.1500720978, 14.9763317108, 6.89166545868], [349.89541626, -125.812332153, -7.59118556976, 167.180435181, 16.6765003204, 79.2780761719, 87.7625198364, 56.0780944824, 76.7266769409, 114.937797546, 43.1076202393, 17.8451347351, 0.205406814814], [229.488220215, -82.2604522705, 46.5404930115, 107.782470703, 3.14309430122, 77.4434585571, 41.4100608826, 40.9619750977, 31.1500720978, 43.1076202393, 99.4145812988, 38.1263237, 8.2259016037], [38.3616409302, -46.1183853149, 20.7924289703, 56.6108131409, 5.14796686172, 16.6334056854, 39.3328895569, 14.3592252731, 14.9763317108, 17.8451347351, 38.1263237, 79.6099700928, 36.9531021118], [-72.5503311157, -47.9488601685, 21.5413608551, 31.1591625214, -0.458424538374, 5.66923475266, 1.80090534687, 10.662273407, 6.89166545868, 0.205406814814, 8.2259016037, 36.9531021118, 74.8377761841]]
        icov: [[0.000248280208325, -4.05217497246e-006, 0.000257152598351, -0.000601143867243, 0.000509017612785, 2.24232935579e-005, 9.9853186839e-006, 5.81136519031e-005, 0.000149348037667, -3.15745965054e-005, -0.000205170537811, 9.0014655143e-005, 0.000371703645214], [-4.05217497246e-006, 0.000928593042772, -7.1999085776e-005, -0.000184527554666, -0.000367305678083, 0.000870216521434, -0.000452245702036, 0.000302407715935, 0.000363452796591, 0.000712610548362, -0.000194435269805, 0.000388221320463, 0.000382456346415], [0.000257152598351, -7.1999085776e-005, 0.00253343745135, -0.000181654031621, -0.0010934920283, -0.000923870422412, 0.000593428383581, -0.000574210076593, -0.000768721860368, 0.00113942369353, -0.00106943130959, -0.000207910561585, -3.17424455716e-005], [-0.000601143867243, -0.000184527554666, -0.000181654031621, 0.00300990301184, -0.00118762440979, -0.0014894529013, -0.000827493960969, -0.000200935988687, -0.00113707955461, -0.000155027795699, 0.000338213954819, -0.000273248093436, -0.00154491898138], [0.000509017612785, -0.000367305678083, -0.0010934920283, -0.00118762440979, 0.00687404628843, -0.000897122663446, -0.00101812498178, 0.000440338772023, 0.00111213931814, -0.00129762338474, 0.00122199428733, -0.000110969820525, 0.000960807374213], [2.24232935579e-005, 0.000870216521434, -0.000923870422412, -0.0014894529013, -0.000897122663446, 0.00930621102452, -0.00238369521685, -0.00195318926126, 0.000972972775344, -0.000108753942186, -0.00425910763443, 0.00342036643997, -0.00021952939278], [9.9853186839e-006, -0.000452245702036, 0.000593428383581, -0.000827493960969, -0.00101812498178, -0.00238369521685, 0.00887510273606, -0.00399006297812, -0.00287517346442, -0.000743663054891, 0.00294372509234, -0.00493885856122, 0.00280481716618], [5.81136519031e-005, 0.000302407715935, -0.000574210076593, -0.000200935988687, 0.000440338772023, -0.00195318926126, -0.00399006297812, 0.0147452158853, -0.00601763697341, 0.00194656243548, -0.00215940736234, 0.00275738025084, -0.00193043274339], [0.000149348037667, 0.000363452796591, -0.000768721860368, -0.00113707955461, 0.00111213931814, 0.000972972775344, -0.00287517346442, -0.00601763697341, 0.0216825976968, -0.00928726326674, 0.001307390281, 0.0010901655769, -0.000721232383512], [-3.15745965054e-005, 0.000712610548362, 0.00113942369353, -0.000155027795699, -0.00129762338474, -0.000108753942186, -0.000743663054891, 0.00194656243548, -0.00928726326674, 0.017833031714, -0.00495270267129, -0.000125619451865, 0.00131610338576], [-0.000205170537811, -0.000194435269805, -0.00106943130959, 0.000338213954819, 0.00122199428733, -0.00425910763443, 0.00294372509234, -0.00215940736234, 0.001307390281, -0.00495270267129, 0.0186606775969, -0.00971784349531, 0.00305100018159], [9.0014655143e-005, 0.000388221320463, -0.000207910561585, -0.000273248093436, -0.000110969820525, 0.00342036643997, -0.00493885856122, 0.00275738025084, 0.0010901655769, -0.000125619451865, -0.00971784349531, 0.0236969683319, -0.0107570644468], [0.000371703645214, 0.000382456346415, -3.17424455716e-005, -0.00154491898138, 0.000960807374213, -0.00021952939278, 0.00280481716618, -0.00193043274339, -0.000721232383512, 0.00131610338576, 0.00305100018159, -0.0107570644468, 0.019889075309]]
    sccoeffs:
        dmean: [0.0450425706804, 0.0435717217624, 0.035148486495, 0.0291084460914, 0.0202323161066, 0.0218687746674]
        dmean2: [0.0758217796683, 0.0722203701735, 0.0566955842078, 0.0471710115671, 0.0332792662084, 0.0348701514304]
        dvar: [0.00144734303467, 0.00140171439853, 0.000888778013177, 0.000619932718109, 0.000343276537023, 0.000470648548799]
        dvar2: [0.0040745199658, 0.00380428205244, 0.00225994642824, 0.00158322404604, 0.000859960447997, 0.00113729585428]
        max: [-0.281193345785, -0.325351893902, -0.501348316669, -0.518191158772, -0.599472165108, -0.55165630579]
        mean: [-0.63465154171, -0.707371234894, -0.747918069363, -0.78640806675, -0.805420160294, -0.760470449924]
        median: [-0.643634021282, -0.708677530289, -0.754620552063, -0.793021738529, -0.80974560976, -0.752106070518]
        min: [-0.976657986641, -0.985248267651, -0.982825875282, -0.983329713345, -0.973114490509, -0.964800953865]
        var: [0.00676922220737, 0.00636379187927, 0.00472241686657, 0.0029231084045, 0.00180104654282, 0.00490785809234]
    scvalleys:
        dmean: [0.365407347679, 0.338213354349, 0.291650950909, 0.296554148197, 0.292808294296, 0.346525013447]
        dmean2: [0.616062104702, 0.555456995964, 0.468847960234, 0.460440307856, 0.433442920446, 0.506158232689]
        dvar: [0.111845009029, 0.11079672724, 0.0789300203323, 0.108586393297, 0.146221652627, 0.18908675015]
        dvar2: [0.303068161011, 0.275041341782, 0.180083781481, 0.234493046999, 0.297313600779, 0.398705154657]
        max: [-4.88661050797, -4.18842124939, -5.27901411057, -5.78077983856, -5.64529705048, -7.44760894775]
        mean: [-7.01281261444, -6.79014444351, -7.58019542694, -8.18139266968, -8.01529407501, -10.6124944687]
        median: [-6.25836610794, -6.4820151329, -7.15717840195, -7.48409223557, -6.84898233414, -9.80284690857]
        min: [-27.4706859589, -27.5021419525, -27.5711708069, -27.5661144257, -27.377614975, -27.3032245636]
        var: [4.46019220352, 2.37361836433, 2.28124141693, 2.86074972153, 4.61067152023, 4.15421581268]

rhythm:
    beats_loudness:
        dmean: 0.00192851270549
        dmean2: 0.00329687353224
        dvar: 3.09157144329e-006
        dvar2: 9.30152691581e-006
        max: 0.0167091507465
        mean: 0.0054332553409
        median: 0.00541143864393
        min: 8.36796534842e-011
        var: 1.01672430901e-005
    bpm: 94.4845046997
    bpm_confidence: 0
    first_peak_bpm: 94
    first_peak_spread: 0.430588275194
    first_peak_weight: 0.449814140797
    onset_rate: 2.96265983582
    second_peak_bpm: 126
    second_peak_spread: 0.356164395809
    second_peak_weight: 0.0873605981469
    beats_loudness_band_ratio:
        dmean: [0.127689212561, 0.108548298478, 0.135992094874, 0.0474050417542, 0.0555939376354, 0.0600646212697]
        dmean2: [0.220167666674, 0.186492815614, 0.236383274198, 0.0806426778436, 0.0989637821913, 0.10364677757]
        dvar: [0.0171359498054, 0.00997831486166, 0.015530301258, 0.00319047481753, 0.00332346255891, 0.00314750988036]
        dvar2: [0.0457060523331, 0.0267484355718, 0.0441108420491, 0.00881661474705, 0.00957419443876, 0.00887489225715]
        max: [0.99484795332, 0.874812543392, 0.991661250591, 0.4694249928, 0.424980819225, 0.451723992825]
        mean: [0.281129866838, 0.203733339906, 0.251677513123, 0.0755129903555, 0.0948707163334, 0.129958346486]
        median: [0.210433840752, 0.175605818629, 0.211593002081, 0.0516734793782, 0.0884379893541, 0.134168758988]
        min: [0, 0, 0, 0, 0, 0]
        var: [0.0527704395354, 0.0220053792, 0.0334738045931, 0.00468936003745, 0.00566005520523, 0.0104741714895]
    beats_position: [0.754648506641, 1.48607707024, 2.21750569344, 2.96054410934, 3.62231278419, 4.29569149017, 4.96907043457, 5.64244890213, 6.32743740082, 6.96598625183, 7.60453510284, 8.24308395386, 8.88163280487, 9.52018165588, 10.1587295532, 10.7972784042, 11.4358272552, 12.0743761063, 12.7013149261, 13.328253746, 13.9551925659, 14.5937414169, 15.2206802368, 15.8592290878, 16.4861679077, 17.1247158051, 17.7632656097, 18.4018135071, 19.0287532806, 19.667301178, 20.2942390442, 20.9327888489, 21.5713367462, 22.2098865509, 22.8368244171, 23.4753742218, 24.1139221191, 24.7408618927, 25.37940979, 26.0063495636, 26.6448974609, 27.2834453583, 27.921995163, 28.5605430603, 29.199092865, 29.8376407623, 30.476190567, 31.1147384644, 31.6023578644, 32.1015853882, 32.6008148193, 33.1000442505, 33.5992736816, 34.0752830505, 34.5512924194, 35.0156898499, 35.4916992188, 35.9677085876, 36.455329895, 36.9429473877, 37.4189567566, 37.8949661255, 38.3825836182, 38.8469848633, 39.3229942322, 39.7989997864, 40.2750091553, 40.7510185242, 41.2270278931, 41.703037262, 42.1790466309, 42.6550559998, 43.1310653687, 43.6070747375, 44.0830841064, 44.5590934753, 45.0234909058, 45.4995002747, 45.9755096436, 46.4515190125, 46.9275283813, 47.3919258118, 47.8679351807, 48.3439445496, 48.8199539185, 49.2959632874, 49.78358078, 50.2595901489, 50.7355995178, 51.2000007629, 51.6760063171, 52.152015686, 52.6396369934, 53.1156463623, 53.5916557312, 54.0676651001, 54.5436706543, 55.0196800232, 55.4956893921, 55.971698761, 56.4477081299, 56.9237174988, 57.3997268677, 57.8757362366, 58.3517456055, 58.8277549744, 59.3037643433, 59.7913818359, 60.2673912048, 60.7434005737, 61.2310180664, 61.741859436, 62.4152374268, 63.0886154175, 63.7387733459, 64.3889312744, 65.0158691406, 65.6428070068, 66.29296875, 66.9315185547, 67.5700683594, 68.2086181641, 68.8471679688, 69.474105835, 70.1010437012, 70.7279815674, 71.3665313721, 72.0050811768, 72.6436233521, 73.2821731567, 73.9091110229, 74.5476608276, 75.1862106323, 75.824760437, 76.4516983032, 77.0902481079, 77.7171859741, 78.3441238403, 78.982673645, 79.6212234497, 80.2597732544, 80.8983230591, 81.5252609253, 82.1521987915, 82.7907485962, 83.4292984009, 84.0562362671, 84.6831741333, 85.3333282471, 85.9718780518, 86.6104278564, 87.2489776611, 87.8875274658, 88.514465332, 89.1530151367, 89.7915649414, 90.4185028076, 91.0454406738, 91.67237854, 92.3109283447, 92.9494781494, 93.5764160156, 94.2033538818, 94.8419036865, 95.4804534912, 96.1190032959, 96.7575454712, 97.3844909668, 98.0230331421, 98.6615829468, 99.288520813, 99.9154663086, 100.554008484, 101.180953979, 101.819496155, 102.458045959, 103.096595764, 103.735145569, 104.373695374, 105.00063324, 105.627571106, 106.266120911, 106.904670715, 107.531608582, 108.158546448, 108.785484314, 109.424034119, 110.074195862, 110.712738037, 111.339683533, 111.978225708, 112.616775513, 113.243713379, 113.882263184, 114.520812988, 115.147750854, 115.786300659, 116.424850464, 117.063400269, 117.701950073, 118.328887939, 118.967437744, 119.605987549, 120.232925415, 120.87147522, 121.510017395, 122.136962891, 122.763900757, 123.390838623, 124.029388428, 124.667930603, 125.306480408, 125.945030212, 126.571968079, 127.198905945, 127.82585144, 128.452789307, 129.091339111, 129.729888916, 130.368438721, 131.006988525, 131.645523071, 132.272476196, 132.911010742, 133.549560547, 134.188110352, 134.826660156, 135.465209961, 136.092147827, 136.730697632, 137.369247437, 137.996185303, 138.623123169, 139.250061035, 139.876998901, 140.527160645, 141.165710449, 141.804260254, 142.43119812, 143.058135986, 143.696685791, 144.335235596, 144.962173462, 145.600723267, 146.239273071, 146.866210938, 147.504760742, 148.143310547, 148.781860352, 149.420410156, 150.047348022, 150.674285889, 151.301223755, 151.93977356, 152.578323364, 153.20526123, 153.832199097, 154.459136963, 155.086074829, 155.736236572, 156.374786377, 157.013336182, 157.651885986, 158.290420532, 158.917373657, 159.555908203, 160.194458008, 160.821395874, 161.459945679, 162.098495483, 162.72543335, 163.363983154, 164.002532959, 164.641082764, 165.279632568, 165.906570435, 166.556732178, 167.183670044, 167.81060791, 168.437545776, 169.064483643, 169.691421509, 170.329971313, 170.968521118, 171.618682861, 172.257232666, 172.895782471, 173.522720337, 174.149658203, 174.776596069, 175.403533936, 176.030471802, 176.657409668, 177.295959473, 177.934509277, 178.573059082, 179.211608887, 179.86177063, 180.488708496, 181.115646362, 181.754196167, 182.381134033, 183.019683838, 183.646621704, 184.27355957, 184.900497437, 185.527435303, 186.177597046, 186.827758789, 187.466293335, 188.10484314, 188.731781006, 189.370330811, 190.020492554, 190.659042358, 191.297592163, 191.936141968, 192.563079834, 193.1900177, 193.816955566, 194.443893433, 195.082443237, 195.720993042, 196.347930908, 196.986480713, 197.625030518, 198.251968384, 198.890518188, 199.529067993, 200.156005859, 200.782943726, 201.42149353, 202.060043335, 202.69859314, 203.337142944, 203.964080811, 204.602630615, 205.24118042, 205.868118286, 206.506668091, 207.145217896, 207.7837677, 208.422302246, 209.049255371, 209.676193237, 210.314727783, 210.953277588, 211.591827393, 212.230377197, 212.857315063, 213.495864868, 214.134414673, 214.761352539, 215.388290405, 216.02684021, 216.665390015, 217.292327881, 217.930877686, 218.56942749, 219.196365356, 219.834915161, 220.473464966, 221.100402832, 221.738952637, 222.377502441, 223.004440308, 223.631378174, 224.25831604, 224.885253906, 225.523803711, 226.162353516, 226.80090332, 227.439453125, 228.07800293, 228.704940796, 229.343490601, 229.970428467, 230.597366333, 231.235916138, 231.874465942, 232.501403809, 233.139953613, 233.778503418, 234.417053223, 235.055603027, 235.694152832, 236.321090698, 236.959625244, 237.586578369, 238.213516235, 238.85206604, 239.490600586, 240.117553711, 240.756088257, 241.394638062, 242.021575928, 242.660125732, 243.298675537, 243.925613403, 244.55255127, 245.179489136, 245.806442261, 246.456588745, 247.106750488, 247.756912231, 248.395462036, 249.034011841, 249.672561646, 250.299499512, 250.926437378, 251.564987183, 252.191925049, 252.818862915, 253.445800781, 254.072738647, 254.722900391, 255.373062134, 256.01159668, 256.650146484, 257.277099609, 257.904022217, 258.542572021, 259.181121826, 259.808074951, 260.434997559, 261.061950684, 261.700500488, 262.339050293, 262.977600098, 263.616149902, 264.254699707, 264.881622314, 265.520172119, 266.158721924, 266.797271729, 267.424224854, 268.051147461, 268.678100586, 269.305023193, 269.943572998, 270.582122803, 271.232299805, 271.859222412, 272.486175537, 273.124725342, 273.763275146, 274.390197754, 275.017150879, 275.655700684, 276.294250488, 276.921173096, 277.5597229, 278.198272705, 278.83682251, 279.475372314, 280.102294922, 280.740844727, 281.379394531, 282.017944336, 282.656494141, 283.283447266, 283.910369873, 284.548919678, 285.187469482, 285.814422607, 286.452972412, 287.091522217, 287.718444824, 288.345397949, 288.983947754, 289.622497559, 290.261047363, 290.899597168, 291.526519775, 292.1534729, 292.792022705, 293.43057251, 294.069122314, 294.707672119, 295.334594727, 295.961547852, 296.600097656, 297.238647461, 297.877197266, 298.515716553, 299.142669678, 299.769622803, 300.39654541, 301.023498535, 301.66204834, 302.300598145, 302.927520752, 303.554473877, 304.193023682, 304.831573486, 305.470092773, 306.108642578, 306.735595703, 307.374145508, 307.884979248, 308.384216309, 308.895050049, 309.382659912, 309.870300293, 310.357910156, 310.741027832, 311.135772705, 311.530517578, 311.925262451, 312.320007324, 312.71472168, 313.109466553, 313.504211426, 313.898956299, 314.293701172, 314.688415527, 315.129608154, 315.570800781, 316.011962891, 316.44152832, 316.905944824, 317.370330811, 317.834747314, 318.31072998, 318.775146484, 319.227935791, 319.692321777, 320.156738281, 320.609527588, 321.073913574, 321.538330078, 322.002716064, 322.467102051, 322.873474121, 323.279815674, 323.686157227, 324.092498779, 324.49887085, 324.905212402]
