
metadata:
    version:
        essentia: "2.1-beta2"
    audio_properties:
        analysis_sample_rate: 44100
        bitrate: 128
        channels: 2
        equal_loudness: 1
        length: 281.443267822
        replay_gain: -15.0557918549
        downmix: "mix"
    tags:
        album: "De Cercle en Cercle"
        artist: "Mass Hysteria"
        comment: ""
        date: "2001"
        genre: "Metal"
        title: "Millenium Appauvri"
        tracknumber: "5"

configuration:
    average_loudness:
        compute: 1
        frameSize: 88200
        hopSize: 44100
        silentFrames: "noise"
        windowType: "hann"
    general:
        analysisSampleRate: 44100
        endTime: 2000
        equalLoudness: 1
        nequalLoudness: 0
        shortSound: 0
        startTime: 0
    lowlevel:
        compute: 1
        frameSize: 2048
        hopSize: 1024
        zeroPadding: 0
        silentFrames: "noise"
        windowType: "blackmanharris62"
        mfccStats: ["mean", "cov", "icov"]
        stats: ["mean", "var", "median", "min", "max", "dmean", "dmean2", "dvar", "dvar2"]
    panning:
        compute: 0
        frameSize: 8192
        hopSize: 2048
        zeroPadding: 8192
        silentFrames: "noise"
        windowType: "hann"
        stats: ["copy"]
    rhythm:
        compute: 1
        maxTempo: 208
        minTempo: 40
        method: "degara"
        stats: ["mean", "var", "median", "min", "max", "dmean", "dmean2", "dvar", "dvar2"]
    segmentation:
        compute: 0
        cpw: 5
        inc1: 300
        inc2: 50
        minimumSegmentsLength: 10
        size1: 1000
        size2: 600
    sfx:
        compute: 1
        stats: ["mean", "var", "median", "min", "max", "dmean", "dmean2", "dvar", "dvar2"]
    svm:
        compute: 0
    tonal:
        compute: 1
        frameSize: 4096
        hopSize: 2048
        zeroPadding: 0
        silentFrames: "noise"
        windowType: "blackmanharris62"
        stats: ["mean", "var", "median", "min", "max", "dmean", "dmean2", "dvar", "dvar2"]

lowlevel:
    average_loudness: 0.821474611759
    barkbands_kurtosis:
        dmean: 2.36495494843
        dmean2: 3.6360912323
        dvar: 28.1315994263
        dvar2: 64.2863845825
        max: 156.742645264
        mean: 3.55652809143
        median: 0.10828140378
        min: -1.90530896187
        var: 86.188621521
    barkbands_skewness:
        dmean: 0.443637400866
        dmean2: 0.692919850349
        dvar: 0.244630381465
        dvar2: 0.585703015327
        max: 10.9323682785
        mean: 1.21297705173
        median: 0.974723935127
        min: -8.63518047333
        var: 1.81365025043
    barkbands_spread:
        dmean: 5.01016569138
        dmean2: 7.77449464798
        dvar: 30.3359699249
        dvar2: 71.885635376
        max: 104.242103577
        mean: 28.3010692596
        median: 27.8153800964
        min: 0.5646007061
        var: 289.291442871
    dissonance:
        dmean: 0.0193490982056
        dmean2: 0.0321810767055
        dvar: 0.000422452634666
        dvar2: 0.00112041842658
        max: 0.500000178814
        mean: 0.45916134119
        median: 0.469309985638
        min: 0.192995503545
        var: 0.00125739409123
    hfc:
        dmean: 1.39877545834
        dmean2: 2.26306343079
        dvar: 8.45002365112
        dvar2: 22.268321991
        max: 52.2310523987
        mean: 4.97244310379
        median: 3.14315271378
        min: 1.09369734565e-016
        var: 25.4257907867
    pitch:
        dmean: 517.905944824
        dmean2: 1003.63513184
        dvar: 1338171.25
        dvar2: 3516649.25
        max: 6192.09521484
        mean: 1103.32958984
        median: 218.892303467
        min: 43.0243911743
        var: 2466028.75
    pitch_instantaneous_confidence:
        dmean: 0.0808086469769
        dmean2: 0.131361499429
        dvar: 0.00477506453171
        dvar2: 0.0123003618792
        max: 0.979049086571
        mean: 0.412582874298
        median: 0.391434669495
        min: 0.0903973579407
        var: 0.019243016839
    pitch_salience:
        dmean: 0.0614886507392
        dmean2: 0.0995183736086
        dvar: 0.00308535783552
        dvar2: 0.0079549504444
        max: 0.876454293728
        mean: 0.602098464966
        median: 0.611795544624
        min: 0.140226513147
        var: 0.00962659809738
    silence_rate_20dB:
        dmean: 0
        dmean2: 0
        dvar: 0
        dvar2: 0
        max: 1
        mean: 1
        median: 1
        min: 1
        var: 0
    silence_rate_30dB:
        dmean: 0
        dmean2: 0
        dvar: 0
        dvar2: 0
        max: 1
        mean: 1
        median: 1
        min: 1
        var: 0
    silence_rate_60dB:
        dmean: 0.0909165889025
        dmean2: 0.181848183274
        dvar: 0.0826376378536
        dvar2: 0.188025936484
        max: 1
        mean: 0.327091246843
        median: 0
        min: 0
        var: 0.220070660114
    spectral_centroid:
        dmean: 194.360305786
        dmean2: 302.207183838
        dvar: 67288.4140625
        dvar2: 162308.09375
        max: 11648.3144531
        mean: 1155.33544922
        median: 882.345092773
        min: 149.433517456
        var: 1407181.75
    spectral_complexity:
        dmean: 2.44336271286
        dmean2: 3.98415851593
        dvar: 10.9543266296
        dvar2: 26.6854133606
        max: 45
        mean: 10.7906284332
        median: 8
        min: 0
        var: 61.182723999
    spectral_crest:
        dmean: 1.96645092964
        dmean2: 3.21840310097
        dvar: 3.44433665276
        dvar2: 9.18900299072
        max: 26.3815155029
        mean: 7.93077850342
        median: 7.1154961586
        min: 2.56001830101
        var: 12.2223806381
    spectral_decrease:
        dmean: 2.94375218646e-010
        dmean2: 4.76434225405e-010
        dvar: 1.81050500741e-019
        dvar2: 4.82726372066e-019
        max: 1.56934931149e-028
        mean: -1.05126918282e-009
        median: -9.70473812423e-010
        min: -5.13815345826e-009
        var: 4.45913629483e-019
    spectral_energy:
        dmean: 0.00120740779676
        dmean2: 0.00195899954997
        dvar: 3.27118345922e-006
        dvar2: 8.70456733537e-006
        max: 0.0225272681564
        mean: 0.00441874144599
        median: 0.00404410436749
        min: 1.02497411808e-020
        var: 8.21105368232e-006
    spectral_energyband_high:
        dmean: 0.0001301500306
        dmean2: 0.000214383500861
        dvar: 9.60627701829e-008
        dvar2: 2.5627051059e-007
        max: 0.00554072437808
        mean: 0.000307820097078
        median: 9.794140351e-005
        min: 7.19612397798e-021
        var: 1.77145068392e-007
    spectral_energyband_low:
        dmean: 0.000530923716724
        dmean2: 0.000841561181005
        dvar: 6.09592461842e-007
        dvar2: 1.64905895872e-006
        max: 0.0103331618011
        mean: 0.00113433727529
        median: 0.000913958763704
        min: 1.58135893253e-023
        var: 1.1903620134e-006
    spectral_energyband_middle_high:
        dmean: 0.000329188012984
        dmean2: 0.000523158581927
        dvar: 3.10472131559e-007
        dvar2: 7.72619387135e-007
        max: 0.0128971757367
        mean: 0.00111869280227
        median: 0.000681473698933
        min: 1.20843665891e-021
        var: 1.62436219853e-006
    spectral_energyband_middle_low:
        dmean: 0.000833163852803
        dmean2: 0.00135225104168
        dvar: 1.51498909418e-006
        dvar2: 4.0653344513e-006
        max: 0.0168809462339
        mean: 0.00227823597379
        median: 0.00187804491725
        min: 1.75373157209e-022
        var: 3.05969660985e-006
    spectral_flatness_db:
        dmean: 0.0181795228273
        dmean2: 0.0275448616594
        dvar: 0.000385316001484
        dvar2: 0.000826082075946
        max: 0.4974809587
        mean: 0.179507866502
        median: 0.153356254101
        min: 0.0532896891236
        var: 0.00541624007747
    spectral_flux:
        dmean: 0.00719665037468
        dmean2: 0.0110753001645
        dvar: 7.90627818787e-005
        dvar2: 0.000154319233843
        max: 0.12098800391
        mean: 0.0324271507561
        median: 0.0320583842695
        min: 6.26885418575e-011
        var: 0.000307334441459
    spectral_kurtosis:
        dmean: 3.16929221153
        dmean2: 5.35951042175
        dvar: 43.5219459534
        dvar2: 127.808540344
        max: 162.008804321
        mean: 8.05121994019
        median: 2.72618079185
        min: -1.35946655273
        var: 249.610916138
    spectral_rms:
        dmean: 0.000257811916526
        dmean2: 0.000411034416175
        dvar: 9.94003670485e-008
        dvar2: 2.605340228e-007
        max: 0.00468805106357
        mean: 0.00193794956431
        median: 0.00198632013053
        min: 3.1622378327e-012
        var: 5.55336725938e-007
    spectral_rolloff:
        dmean: 380.780761719
        dmean2: 628.754577637
        dvar: 342824.625
        dvar2: 805858.6875
        max: 19681.3476563
        mean: 2346.35546875
        median: 2110.25390625
        min: 129.19921875
        var: 4933220.5
    spectral_skewness:
        dmean: 0.311630696058
        dmean2: 0.503861069679
        dvar: 0.197794407606
        dvar2: 0.543051481247
        max: 10.7048892975
        mean: 1.76193904877
        median: 1.3583136797
        min: -0.771040022373
        var: 1.74248552322
    spectral_spread:
        dmean: 505931.4375
        dmean2: 740551.5
        dvar: 557753106432
        dvar2: 1.03057509581e+012
        max: 44158708
        mean: 5003703.5
        median: 4842701.5
        min: 584489.0625
        var: 1.44949609759e+013
    spectral_strongpeak:
        dmean: 0.212457761168
        dmean2: 0.365592926741
        dvar: 0.16399076581
        dvar2: 0.439477533102
        max: 6.41525650024
        mean: 0.353891670704
        median: 0.188384458423
        min: 3.96237737066e-010
        var: 0.254569381475
    zerocrossingrate:
        dmean: 0.00775243667886
        dmean2: 0.00930796191096
        dvar: 6.35212782072e-005
        dvar2: 8.37603220134e-005
        max: 0.52197265625
        mean: 0.0730019509792
        median: 0.064453125
        min: 0.00634765625
        var: 0.00328143779188
    barkbands:
        dmean: [6.03282899192e-007, 0.000123196077766, 0.000307060341584, 0.00034699877142, 0.000345153268427, 0.000194547945284, 0.000179190814379, 0.000117259092804, 0.000111615416245, 9.96254893835e-005, 2.17018587136e-005, 3.52640490746e-005, 3.22919622704e-005, 4.58809518022e-005, 5.58648716833e-005, 3.83039259759e-005, 6.30964641459e-005, 7.50081599108e-005, 0.000104805920273, 9.73228816292e-005, 6.47225024295e-005, 2.71211192739e-005, 7.73031661083e-006, 2.03371655516e-006, 1.04874720819e-006, 2.87392794007e-008, 2.2602650307e-010]
        dmean2: [1.01124044249e-006, 0.000194337466382, 0.000498867535498, 0.000561904220376, 0.000559619977139, 0.000329671311192, 0.00028740306152, 0.000183055220987, 0.000168059472344, 0.000148803228512, 3.58269862772e-005, 5.65159680264e-005, 5.17494408996e-005, 7.37705413485e-005, 8.98726721061e-005, 6.33198360447e-005, 0.000104937324068, 0.00012421196152, 0.000175007298822, 0.000163082862855, 0.00010875294538, 4.43959725089e-005, 1.28453029902e-005, 3.05967432723e-006, 1.58504644787e-006, 4.48531096708e-008, 4.05347255761e-010]
        dvar: [1.59949007164e-012, 2.83375598542e-008, 2.11313434306e-007, 3.88966981291e-007, 3.14927149248e-007, 1.06414397294e-007, 1.27078379819e-007, 7.28151263729e-008, 5.59967077152e-008, 8.52796091522e-008, 2.34130470567e-009, 1.1780719511e-008, 7.88240583915e-009, 1.25750094782e-008, 2.0261159861e-008, 7.15799197692e-009, 1.31633148825e-008, 2.12029611646e-008, 3.58459288918e-008, 3.69959884949e-008, 2.49493652404e-008, 4.28740198899e-009, 2.71431349619e-010, 3.34001611091e-011, 2.42965300656e-011, 6.89213683819e-015, 1.12800810676e-019]
        dvar2: [4.11633574449e-012, 7.79322988365e-008, 5.96611300807e-007, 1.03550530639e-006, 8.30778446925e-007, 2.94062118655e-007, 3.30093115508e-007, 1.71586506781e-007, 1.22402639136e-007, 1.81521798481e-007, 5.96931748476e-009, 2.79202332365e-008, 1.968859209e-008, 3.00080778004e-008, 4.75738737293e-008, 1.79886807672e-008, 3.55883287284e-008, 5.71467921873e-008, 9.75878933218e-008, 1.01938056218e-007, 6.75509710391e-008, 1.11856017782e-008, 6.80635992012e-010, 6.2320953953e-011, 4.56812573879e-011, 1.42940282684e-014, 3.33951218056e-019]
        max: [1.45186359077e-005, 0.00166204269044, 0.00507739232853, 0.0102604897693, 0.00939463078976, 0.00554418936372, 0.00596156576648, 0.00800830777735, 0.00580431800336, 0.0117268748581, 0.00126358843409, 0.00498031266034, 0.00237446487881, 0.00254301005043, 0.00365621270612, 0.00372933736071, 0.00361364544369, 0.00392164848745, 0.00327100302093, 0.00373058672994, 0.00276300497353, 0.00141614826862, 0.00030463229632, 0.000321403029375, 0.000252006546361, 5.03829824083e-006, 7.1785839495e-009]
        mean: [6.53535778383e-007, 0.000228136254009, 0.000527691736352, 0.000552636862267, 0.000625038461294, 0.000321193336276, 0.000300037034322, 0.000193773157662, 0.000211841965211, 0.000175283144927, 3.70776942873e-005, 5.87890863244e-005, 5.06016003783e-005, 7.1017369919e-005, 8.7744971097e-005, 6.37866760371e-005, 0.000120731609059, 0.000147995859152, 0.000222733840928, 0.000227473312407, 0.000124537342344, 4.91040009365e-005, 1.41186510518e-005, 4.51580308436e-006, 2.18189802581e-006, 5.60281669948e-008, 2.5199051179e-010]
        median: [1.64188037388e-007, 0.000169311868376, 0.000372286012862, 0.000269415817456, 0.000399316195399, 0.000209368678043, 0.000133262044983, 8.22517322376e-005, 9.65223371168e-005, 4.23790224886e-005, 1.64449193107e-005, 2.2080299459e-005, 1.82717558346e-005, 1.99166697712e-005, 2.28627905017e-005, 3.38375575666e-005, 6.34282550891e-005, 6.32279261481e-005, 9.0009169071e-005, 6.64967956254e-005, 3.8948488509e-005, 1.49517381942e-005, 3.14455019179e-006, 1.22298138194e-006, 5.34579044142e-007, 1.39889699824e-008, 1.024421728e-010]
        min: [1.22822216328e-025, 3.71314185403e-024, 9.55751529469e-025, 1.95339748946e-024, 6.42146739688e-024, 1.16709927778e-023, 6.87187699705e-024, 7.28642971363e-024, 1.35958520407e-023, 8.44102862261e-024, 2.08060706911e-023, 1.79445487549e-023, 2.77419818944e-023, 3.21017763039e-023, 4.0351472236e-023, 5.89638879882e-023, 5.36623514301e-023, 7.5952127489e-023, 1.18730419859e-022, 1.69920815689e-022, 2.66501801e-022, 3.42262336264e-022, 4.01467445295e-022, 5.42042054708e-022, 9.24515698402e-022, 1.34527093167e-021, 2.05334339252e-021]
        var: [1.64849839508e-012, 4.71606327324e-008, 3.22264355646e-007, 7.17056479971e-007, 5.08012135469e-007, 1.64066761954e-007, 2.50028307391e-007, 1.4148535854e-007, 1.50698156176e-007, 2.20397055273e-007, 4.69039296291e-009, 2.75039457875e-008, 1.42916842805e-008, 2.54711078895e-008, 4.9696314619e-008, 1.19283667388e-008, 2.93562099074e-008, 5.42384377411e-008, 8.32723756616e-008, 9.26835355131e-008, 3.48970523589e-008, 6.53934817407e-009, 5.63041391288e-010, 1.02642470912e-010, 7.93153390188e-011, 1.83508095601e-014, 1.7751718583e-019]
    frequency_bands:
        dmean: [6.03282899192e-007, 0.000123196077766, 0.000307060341584, 0.00034699877142, 0.000345153268427, 0.000194547945284, 0.000179190814379, 0.000117259092804, 0.000111615416245, 9.96254893835e-005, 2.17018587136e-005, 3.52640490746e-005, 3.22919622704e-005, 4.58809518022e-005, 5.58648716833e-005, 3.83039259759e-005, 6.30964641459e-005, 7.50081599108e-005, 0.000104805920273, 9.73228816292e-005, 6.47225024295e-005, 2.71211192739e-005, 7.73031661083e-006, 2.03371655516e-006, 1.04874720819e-006, 2.87392794007e-008, 2.2602650307e-010, 5.10804974707e-011]
        dmean2: [1.01124044249e-006, 0.000194337466382, 0.000498867535498, 0.000561904220376, 0.000559619977139, 0.000329671311192, 0.00028740306152, 0.000183055220987, 0.000168059472344, 0.000148803228512, 3.58269862772e-005, 5.65159680264e-005, 5.17494408996e-005, 7.37705413485e-005, 8.98726721061e-005, 6.33198360447e-005, 0.000104937324068, 0.00012421196152, 0.000175007298822, 0.000163082862855, 0.00010875294538, 4.43959725089e-005, 1.28453029902e-005, 3.05967432723e-006, 1.58504644787e-006, 4.48531096708e-008, 4.05347255761e-010, 9.48497183573e-011]
        dvar: [1.59949007164e-012, 2.83375598542e-008, 2.11313434306e-007, 3.88966981291e-007, 3.14927149248e-007, 1.06414397294e-007, 1.27078379819e-007, 7.28151263729e-008, 5.59967077152e-008, 8.52796091522e-008, 2.34130470567e-009, 1.1780719511e-008, 7.88240583915e-009, 1.25750094782e-008, 2.0261159861e-008, 7.15799197692e-009, 1.31633148825e-008, 2.12029611646e-008, 3.58459288918e-008, 3.69959884949e-008, 2.49493652404e-008, 4.28740198899e-009, 2.71431349619e-010, 3.34001611091e-011, 2.42965300656e-011, 6.89213683819e-015, 1.12800810676e-019, 6.30415872525e-021]
        dvar2: [4.11633574449e-012, 7.79322988365e-008, 5.96611300807e-007, 1.03550530639e-006, 8.30778446925e-007, 2.94062118655e-007, 3.30093115508e-007, 1.71586506781e-007, 1.22402639136e-007, 1.81521798481e-007, 5.96931748476e-009, 2.79202332365e-008, 1.968859209e-008, 3.00080778004e-008, 4.75738737293e-008, 1.79886807672e-008, 3.55883287284e-008, 5.71467921873e-008, 9.75878933218e-008, 1.01938056218e-007, 6.75509710391e-008, 1.11856017782e-008, 6.80635992012e-010, 6.2320953953e-011, 4.56812573879e-011, 1.42940282684e-014, 3.33951218056e-019, 2.03551716564e-020]
        max: [1.45186359077e-005, 0.00166204269044, 0.00507739232853, 0.0102604897693, 0.00939463078976, 0.00554418936372, 0.00596156576648, 0.00800830777735, 0.00580431800336, 0.0117268748581, 0.00126358843409, 0.00498031266034, 0.00237446487881, 0.00254301005043, 0.00365621270612, 0.00372933736071, 0.00361364544369, 0.00392164848745, 0.00327100302093, 0.00373058672994, 0.00276300497353, 0.00141614826862, 0.00030463229632, 0.000321403029375, 0.000252006546361, 5.03829824083e-006, 7.1785839495e-009, 1.26930010946e-009]
        mean: [6.53535778383e-007, 0.000228136254009, 0.000527691736352, 0.000552636862267, 0.000625038461294, 0.000321193336276, 0.000300037034322, 0.000193773157662, 0.000211841965211, 0.000175283144927, 3.70776942873e-005, 5.87890863244e-005, 5.06016003783e-005, 7.1017369919e-005, 8.7744971097e-005, 6.37866760371e-005, 0.000120731609059, 0.000147995859152, 0.000222733840928, 0.000227473312407, 0.000124537342344, 4.91040009365e-005, 1.41186510518e-005, 4.51580308436e-006, 2.18189802581e-006, 5.60281669948e-008, 2.5199051179e-010, 3.94873612974e-011]
        median: [1.64188037388e-007, 0.000169311868376, 0.000372286012862, 0.000269415817456, 0.000399316195399, 0.000209368678043, 0.000133262044983, 8.22517322376e-005, 9.65223371168e-005, 4.23790224886e-005, 1.64449193107e-005, 2.2080299459e-005, 1.82717558346e-005, 1.99166697712e-005, 2.28627905017e-005, 3.38375575666e-005, 6.34282550891e-005, 6.32279261481e-005, 9.0009169071e-005, 6.64967956254e-005, 3.8948488509e-005, 1.49517381942e-005, 3.14455019179e-006, 1.22298138194e-006, 5.34579044142e-007, 1.39889699824e-008, 1.024421728e-010, 1.37139882783e-011]
        min: [1.22822216328e-025, 3.71314185403e-024, 9.55751529469e-025, 1.95339748946e-024, 6.42146739688e-024, 1.16709927778e-023, 6.87187699705e-024, 7.28642971363e-024, 1.35958520407e-023, 8.44102862261e-024, 2.08060706911e-023, 1.79445487549e-023, 2.77419818944e-023, 3.21017763039e-023, 4.0351472236e-023, 5.89638879882e-023, 5.36623514301e-023, 7.5952127489e-023, 1.18730419859e-022, 1.69920815689e-022, 2.66501801e-022, 3.42262336264e-022, 4.01467445295e-022, 5.42042054708e-022, 9.24515698402e-022, 1.34527093167e-021, 2.05334339252e-021, 4.90753928478e-022]
        var: [1.64849839508e-012, 4.71606327324e-008, 3.22264355646e-007, 7.17056479971e-007, 5.08012135469e-007, 1.64066761954e-007, 2.50028307391e-007, 1.4148535854e-007, 1.50698156176e-007, 2.20397055273e-007, 4.69039296291e-009, 2.75039457875e-008, 1.42916842805e-008, 2.54711078895e-008, 4.9696314619e-008, 1.19283667388e-008, 2.93562099074e-008, 5.42384377411e-008, 8.32723756616e-008, 9.26835355131e-008, 3.48970523589e-008, 6.53934817407e-009, 5.63041391288e-010, 1.02642470912e-010, 7.93153390188e-011, 1.83508095601e-014, 1.7751718583e-019, 4.7684030023e-021]
    mfcc:
        mean: [-749.996276855, 126.161254883, -15.0196771622, 55.8788032532, -9.21203994751, -4.21759319305, -0.296591639519, -2.29616689682, -0.484113812447, -1.75331878662, -0.0770894885063, -4.06455135345, -5.71093702316]
        cov: [[11721.8867188, -357.394866943, -1638.81616211, 879.702392578, -1012.62683105, 318.998626709, -106.387176514, 92.9624633789, 197.778671265, 276.411071777, -35.1797904968, -119.8098526, 103.866760254], [-357.394866943, 2278.83691406, -144.827697754, -73.3994445801, 189.432510376, -256.998748779, -81.5926055908, -115.004348755, -39.6153945923, -109.326210022, 22.8986701965, 58.0499076843, -26.4758338928], [-1638.81616211, -144.827697754, 744.112548828, -39.5742912292, 155.189743042, -18.3284053802, -4.04592037201, 10.0754117966, -61.1891136169, -68.7532730103, 17.2735614777, -0.86062091589, -45.0891723633], [879.702392578, -73.3994445801, -39.5742912292, 485.884857178, -82.2679519653, 33.3097610474, 34.6475524902, 8.08236789703, 13.318022728, 12.0240802765, -17.8015518188, -34.2177810669, -1.41994464397], [-1012.62683105, 189.432510376, 155.189743042, -82.2679519653, 263.259094238, -22.3283481598, -9.26590251923, -21.7054309845, -19.2306251526, -25.682264328, 7.18350696564, 7.58616304398, -13.4941396713], [318.998626709, -256.998748779, -18.3284053802, 33.3097610474, -22.3283481598, 162.52633667, 24.364988327, 14.0619392395, 29.831363678, 30.2802295685, 18.3064804077, -15.9000997543, 2.40556573868], [-106.387176514, -81.5926055908, -4.04592037201, 34.6475524902, -9.26590251923, 24.364988327, 135.346755981, 23.977142334, 4.77033185959, 2.05699014664, -9.54496002197, 1.88238096237, -15.8115034103], [92.9624633789, -115.004348755, 10.0754117966, 8.08236789703, -21.7054309845, 14.0619392395, 23.977142334, 100.346321106, 14.0243768692, 6.27515077591, 2.72666859627, -6.04356193542, 0.757378220558], [197.778671265, -39.6153945923, -61.1891136169, 13.318022728, -19.2306251526, 29.831363678, 4.77033185959, 14.0243768692, 93.9599685669, 40.7165603638, 1.53996646404, -11.6232357025, 4.50307846069], [276.411071777, -109.326210022, -68.7532730103, 12.0240802765, -25.682264328, 30.2802295685, 2.05699014664, 6.27515077591, 40.7165603638, 95.3161773682, 22.5730113983, -15.0775203705, -2.20058226585], [-35.1797904968, 22.8986701965, 17.2735614777, -17.8015518188, 7.18350696564, 18.3064804077, -9.54496002197, 2.72666859627, 1.53996646404, 22.5730113983, 86.7968063354, 12.062292099, -8.3129529953], [-119.8098526, 58.0499076843, -0.86062091589, -34.2177810669, 7.58616304398, -15.9000997543, 1.88238096237, -6.04356193542, -11.6232357025, -15.0775203705, 12.062292099, 64.6877670288, 20.3625545502], [103.866760254, -26.4758338928, -45.0891723633, -1.41994464397, -13.4941396713, 2.40556573868, -15.8115034103, 0.757378220558, 4.50307846069, -2.20058226585, -8.3129529953, 20.3625545502, 65.6574401855]]
        icov: [[0.000211917955312, -4.43636308773e-005, 0.000319868617225, -0.000263080786681, 0.000530406599864, -0.00034913077252, 0.000360264763003, -0.00018152341363, 9.83131685643e-005, -0.00019945227541, 0.000102309175418, 5.72772114538e-005, 5.32591766387e-005], [-4.43636308773e-005, 0.000695721071679, 0.000270470773103, -2.91586475214e-005, -0.000604130560532, 0.00102250883356, 0.000100387871498, 0.000511789054144, -0.000384506769478, 0.000872470496688, -0.000573484227061, -0.000252934376476, 0.000453928485513], [0.000319868617225, 0.000270470773103, 0.00238978257403, -0.000485487660626, -0.000335368589731, -0.000209736666875, 0.000797586282715, -0.000561961380299, 0.000600591883995, 0.00107434438542, -0.000520588597283, 9.19599333429e-005, 0.00127139221877], [-0.000263080786681, -2.91586475214e-005, -0.000485487660626, 0.00264893565327, 7.88383913459e-005, 9.21132523217e-005, -0.00105333526153, 0.000371345202439, -9.75335133262e-005, 0.000220587375225, 0.000127347826492, 0.0011633700924, -0.000447401951533], [0.000530406599864, -0.000604130560532, -0.000335368589731, 7.88383913459e-005, 0.00638723885641, -0.00125823926646, 0.000675507588312, 0.00024111296807, 0.000305485707941, -0.000554982631002, 0.00036474049557, 0.00032851335709, 0.000112173285743], [-0.00034913077252, 0.00102250883356, -0.000209736666875, 9.21132523217e-005, -0.00125823926646, 0.00922342482954, -0.0018425952876, 0.00083036837168, -0.00215660547838, 0.000561128661502, -0.00283602834679, 0.00158666667994, -0.00091168488143], [0.000360264763003, 0.000100387871498, 0.000797586282715, -0.00105333526153, 0.000675507588312, -0.0018425952876, 0.00938748009503, -0.00228655501269, 0.00019050751871, -0.000365641142707, 0.00195495481603, -0.00250146444887, 0.00348688801751], [-0.00018152341363, 0.000511789054144, -0.000561961380299, 0.000371345202439, 0.00024111296807, 0.00083036837168, -0.00228655501269, 0.0115386880934, -0.00187874119729, 0.00102465739474, -0.00130861799698, 0.00114444619976, -0.000906387344003], [9.83131685643e-005, -0.000384506769478, 0.000600591883995, -9.75335133262e-005, 0.000305485707941, -0.00215660547838, 0.00019050751871, -0.00187874119729, 0.0143294278532, -0.00573814520612, 0.00151595624629, 0.00100107048638, -0.000984515063465], [-0.00019945227541, 0.000872470496688, 0.00107434438542, 0.000220587375225, -0.000554982631002, 0.000561128661502, -0.000365641142707, 0.00102465739474, -0.00573814520612, 0.0165831036866, -0.00518574286252, 0.00291120447218, 0.000565321126487], [0.000102309175418, -0.000573484227061, -0.000520588597283, 0.000127347826492, 0.00036474049557, -0.00283602834679, 0.00195495481603, -0.00130861799698, 0.00151595624629, -0.00518574286252, 0.0149513641372, -0.00483282003552, 0.00303094903938], [5.72772114538e-005, -0.000252934376476, 9.19599333429e-005, 0.0011633700924, 0.00032851335709, 0.00158666667994, -0.00250146444887, 0.00114444619976, 0.00100107048638, 0.00291120447218, -0.00483282003552, 0.0211735479534, -0.00786010175943], [5.32591766387e-005, 0.000453928485513, 0.00127139221877, -0.000447401951533, 0.000112173285743, -0.00091168488143, 0.00348688801751, -0.000906387344003, -0.000984515063465, 0.000565321126487, 0.00303094903938, -0.00786010175943, 0.0200073067099]]
    sccoeffs:
        dmean: [0.046836014837, 0.0454290695488, 0.036172721535, 0.0298049449921, 0.0208300389349, 0.0224054772407]
        dmean2: [0.0779543220997, 0.0757181346416, 0.059251639992, 0.0494940280914, 0.03429210186, 0.0364539809525]
        dvar: [0.00151792785618, 0.00138108141255, 0.000873731216416, 0.000593018601649, 0.000347064837115, 0.00053701660363]
        dvar2: [0.00422505568713, 0.00385461444966, 0.00234749005176, 0.00162641995121, 0.000863819383085, 0.00132800277788]
        max: [-0.363676607609, -0.462850034237, -0.508306860924, -0.567177772522, -0.581820309162, -0.527671813965]
        mean: [-0.655912518501, -0.739623785019, -0.770337104797, -0.794364154339, -0.801443874836, -0.753246366978]
        median: [-0.659613788128, -0.742432355881, -0.773321211338, -0.799419283867, -0.805230855942, -0.750373959541]
        min: [-0.98136228323, -0.980315744877, -0.977182626724, -0.970475256443, -0.966138243675, -0.96519190073]
        var: [0.0056317015551, 0.00499254791066, 0.00390229048207, 0.00290577602573, 0.00174937164411, 0.00316258124076]
    scvalleys:
        dmean: [0.340508162975, 0.342225730419, 0.296928793192, 0.273227930069, 0.263385742903, 0.33855548501]
        dmean2: [0.567627310753, 0.563618957996, 0.483347266912, 0.431803107262, 0.389870792627, 0.484764546156]
        dvar: [0.0874773189425, 0.0993423461914, 0.0719481036067, 0.0713090822101, 0.103627853096, 0.222613602877]
        dvar2: [0.222937971354, 0.251649409533, 0.171421587467, 0.154931902885, 0.20567420125, 0.424411147833]
        max: [-4.95053482056, -4.15878200531, -5.42047357559, -5.6226606369, -5.52594709396, -7.59213495255]
        mean: [-6.60490179062, -6.77946043015, -7.67681455612, -8.09879302979, -7.96359539032, -10.5756444931]
        median: [-6.2200088501, -6.37732982635, -7.22970676422, -7.60676002502, -7.50668287277, -9.90304756165]
        min: [-28.0410957336, -28.085231781, -27.6708068848, -27.6846733093, -27.5447807312, -27.4672832489]
        var: [4.50591802597, 4.93744277954, 4.7342300415, 4.68226718903, 5.24848747253, 5.01124429703]

rhythm:
    beats_loudness:
        dmean: 0.00225381203927
        dmean2: 0.0042291986756
        dvar: 3.7270726807e-006
        dvar2: 1.11209428724e-005
        max: 0.0142044080421
        mean: 0.00521799409762
        median: 0.00538992183283
        min: 0
        var: 9.64423361438e-006
    bpm: 86.1288452148
    bpm_confidence: 0
    first_peak_bpm: 86
    first_peak_spread: 0.133514970541
    first_peak_weight: 0.766265034676
    onset_rate: 3.0130405426
    second_peak_bpm: 144
    second_peak_spread: 0.4375
    second_peak_weight: 0.0216867476702
    beats_loudness_band_ratio:
        dmean: [0.164095520973, 0.119980603456, 0.114302448928, 0.0488890893757, 0.0616560131311, 0.0799966454506]
        dmean2: [0.291260242462, 0.208445265889, 0.201539874077, 0.0832507833838, 0.108818389475, 0.145042493939]
        dvar: [0.018541848287, 0.0114286476746, 0.0112825967371, 0.00335816293955, 0.00471213832498, 0.00671750213951]
        dvar2: [0.0573228932917, 0.0362713113427, 0.0325856469572, 0.00834973808378, 0.0142057202756, 0.0200206916779]
        max: [0.904050171375, 0.833348751068, 0.801855623722, 0.444964766502, 0.675152778625, 0.948877990246]
        mean: [0.324957996607, 0.210944652557, 0.181297719479, 0.0673447921872, 0.104784853756, 0.139169320464]
        median: [0.284376561642, 0.181059122086, 0.157216519117, 0.0465993657708, 0.0967375189066, 0.128760516644]
        min: [0, 0, 0, 0, 0, 0]
        var: [0.0399954505265, 0.0205500386655, 0.0183966774493, 0.00500601576641, 0.00607424136251, 0.0213079936802]
    beats_position: [0.417959183455, 0.847528338432, 1.27709746361, 1.70666658878, 2.13623571396, 2.55419492722, 2.97215414047, 3.39011335373, 3.80807256699, 4.22603178024, 4.69043064117, 5.15482997894, 5.61922883987, 6.13006782532, 6.62929677963, 7.14013576508, 7.65097475052, 8.16181373596, 8.67265319824, 9.17188167572, 9.67111110687, 10.1703395844, 10.8088884354, 11.4590473175, 12.144036293, 12.8290243149, 13.5024032593, 14.1757822037, 14.8491611481, 15.4993190765, 16.1494789124, 16.8925170898, 17.6355552673, 18.3785934448, 19.1216316223, 19.8298416138, 20.5380496979, 21.2346477509, 21.9312477112, 22.6278457642, 23.3244438171, 24.009431839, 24.6944217682, 25.3910198212, 26.0876178741, 26.7842178345, 27.4808158875, 28.1890239716, 28.8856239319, 29.5822219849, 30.2788200378, 30.9754180908, 31.6720180511, 32.3686180115, 33.0652160645, 33.7618141174, 34.4584121704, 35.1434020996, 35.8400001526, 36.5365982056, 37.2331962585, 37.9297943115, 38.6263923645, 39.334602356, 40.0312004089, 40.7394104004, 41.4476165771, 42.1442184448, 42.8408164978, 43.5374145508, 44.2340126038, 44.9306106567, 45.6272087097, 46.3238105774, 47.0204086304, 47.7170066833, 48.4136047363, 49.1102027893, 49.8068008423, 50.5033988953, 51.2000007629, 51.8849868774, 52.5815849304, 53.2897949219, 53.9863929749, 54.6829910278, 55.3795890808, 56.0761909485, 56.7727890015, 57.4693870544, 58.1659851074, 58.8509750366, 59.5591812134, 60.2557830811, 60.952381134, 61.648979187, 62.3571853638, 63.0653953552, 63.7503852844, 64.4469833374, 65.1319732666, 65.8285675049, 66.5251693726, 67.2217712402, 67.9183654785, 68.6149673462, 69.3115615845, 70.0081634521, 70.7047576904, 71.4013595581, 72.0979614258, 72.7945556641, 73.4911575317, 74.1761474609, 74.8727416992, 75.5693435669, 76.2775497437, 76.9741516113, 77.6707458496, 78.3673477173, 79.0639419556, 79.7489318848, 80.4455337524, 81.1421279907, 81.8503417969, 82.5353240967, 83.2319259644, 83.928527832, 84.6367340088, 85.3333282471, 86.0299301147, 86.7265319824, 87.4347381592, 88.1429443359, 88.8395462036, 89.5361404419, 90.2327423096, 90.9177322388, 91.602722168, 92.2993164063, 92.9959182739, 93.6925125122, 94.3891143799, 95.0857162476, 95.7823104858, 96.4789123535, 97.1755065918, 97.8721084595, 98.5687026978, 99.2653045654, 99.9619064331, 100.67011261, 101.378318787, 102.074920654, 102.771514893, 103.46811676, 104.164710999, 104.849700928, 105.557914734, 106.254508972, 106.95111084, 107.647705078, 108.344306946, 109.040908813, 109.737503052, 110.434104919, 111.130699158, 111.827301025, 112.523895264, 113.220497131, 113.917098999, 114.613693237, 115.310295105, 116.006889343, 116.703491211, 117.400085449, 118.096687317, 118.793289185, 119.501495361, 120.209701538, 120.906303406, 121.614509583, 122.31111145, 122.99609375, 123.692695618, 124.389297485, 125.085891724, 125.782493591, 126.47908783, 127.175689697, 127.872291565, 128.568893433, 129.265487671, 129.962081909, 130.658676147, 131.343673706, 132.040267944, 132.736862183, 133.43347168, 134.118453979, 134.826660156, 135.523269653, 136.23147583, 136.928070068, 137.624664307, 138.321273804, 139.006256104, 139.691238403, 140.399459839, 141.107666016, 141.804260254, 142.500854492, 143.197463989, 143.894058228, 144.590652466, 145.264038086, 145.960632324, 146.657226563, 147.35383606, 148.050430298, 148.747024536, 149.443618774, 150.140228271, 150.83682251, 151.533416748, 152.218414307, 152.903396606, 153.599990845, 154.296600342, 155.004806519, 155.713012695, 156.409606934, 157.106216431, 157.802810669, 158.499404907, 159.195999146, 159.892608643, 160.589202881, 161.297409058, 161.982406616, 162.679000854, 163.375595093, 164.08380127, 164.780410767, 165.488616943, 166.185211182, 166.88180542, 167.578414917, 168.275009155, 168.971603394, 169.668212891, 170.364807129, 171.061401367, 171.757995605, 172.454605103, 173.151199341, 173.847793579, 174.544403076, 175.240997314, 175.937591553, 176.634185791, 177.330795288, 178.027389526, 178.723983765, 179.420593262, 180.1171875, 180.813781738, 181.510375977, 182.206985474, 182.903579712, 183.611785889, 184.296783447, 184.993377686, 185.678359985, 186.386566162, 187.094787598, 187.802993774, 188.499588013, 189.196182251, 189.892791748, 190.589385986, 191.285980225, 191.982574463, 192.67918396, 193.375778198, 194.060760498, 194.745758057, 195.442352295, 196.138946533, 196.847167969, 197.555374146, 198.263580322, 198.971786499, 199.668380737, 200.364990234, 201.061584473, 201.758178711, 202.454788208, 203.151382446, 203.847976685, 204.544570923, 205.24118042, 205.937774658, 206.634368896, 207.330978394, 208.027572632, 208.712554932, 209.39755249, 210.094146729, 210.790740967, 211.487350464, 212.183944702, 212.88053894, 213.577133179, 214.273742676, 214.970336914, 215.666931152, 216.363540649, 217.060134888, 217.756729126, 218.453323364, 219.149932861, 219.8465271, 220.543121338, 221.239730835, 221.936325073, 222.632919312, 223.31791687, 224.00289917, 224.699493408, 225.396102905, 226.104309082, 226.812515259, 227.509109497, 228.205703735, 228.902313232, 229.598907471, 230.283889771, 230.980499268, 231.677093506, 232.385299683, 233.081893921, 233.778503418, 234.486709595, 235.171691895, 235.868301392, 236.56489563, 237.261489868, 237.958084106, 238.654693604, 239.351287842, 240.024673462, 240.7212677, 241.417861938, 242.114456177, 242.822677612, 243.530883789, 244.239089966, 244.947296143, 245.632278442, 246.328887939, 247.013870239, 247.710464478, 248.407073975, 249.103668213, 249.800262451, 250.508468628, 251.193466187, 251.878448486, 252.563446045, 253.260040283, 253.96824646, 254.676452637, 255.384674072, 256.081268311, 256.766265869, 257.462860107, 258.147827148, 258.832824707, 259.552642822, 260.272460938, 260.969055176, 261.665649414, 262.36227417, 263.058868408, 263.743835449, 264.440460205, 265.137054443, 265.845245361, 266.5418396, 267.238464355, 267.935058594, 268.631652832, 269.32824707, 270.024841309, 270.721435547, 271.418029785, 271.95211792, 272.47454834, 272.98538208, 273.49621582, 274.018676758, 274.552734375, 275.086791992, 275.60925293, 276.13168335, 276.654144287, 277.188201904, 277.722259521, 278.128601074, 278.534973145, 278.941314697, 279.359283447, 279.77722168, 280.19519043, 280.61315918]
