
metadata:
    version:
        essentia: "2.1-beta2"
    audio_properties:
        analysis_sample_rate: 44100
        bitrate: 128
        channels: 2
        equal_loudness: 1
        length: 224.182861328
        replay_gain: -14.8156223297
        downmix: "mix"
    tags:
        album: "De Cercle en Cercle"
        artist: "Mass Hysteria"
        comment: ""
        date: "2001"
        genre: "Metal"
        title: "Montherlant"
        tracknumber: "12"

configuration:
    average_loudness:
        compute: 1
        frameSize: 88200
        hopSize: 44100
        silentFrames: "noise"
        windowType: "hann"
    general:
        analysisSampleRate: 44100
        endTime: 2000
        equalLoudness: 1
        nequalLoudness: 0
        shortSound: 0
        startTime: 0
    lowlevel:
        compute: 1
        frameSize: 2048
        hopSize: 1024
        zeroPadding: 0
        silentFrames: "noise"
        windowType: "blackmanharris62"
        mfccStats: ["mean", "cov", "icov"]
        stats: ["mean", "var", "median", "min", "max", "dmean", "dmean2", "dvar", "dvar2"]
    panning:
        compute: 0
        frameSize: 8192
        hopSize: 2048
        zeroPadding: 8192
        silentFrames: "noise"
        windowType: "hann"
        stats: ["copy"]
    rhythm:
        compute: 1
        maxTempo: 208
        minTempo: 40
        method: "degara"
        stats: ["mean", "var", "median", "min", "max", "dmean", "dmean2", "dvar", "dvar2"]
    segmentation:
        compute: 0
        cpw: 5
        inc1: 300
        inc2: 50
        minimumSegmentsLength: 10
        size1: 1000
        size2: 600
    sfx:
        compute: 1
        stats: ["mean", "var", "median", "min", "max", "dmean", "dmean2", "dvar", "dvar2"]
    svm:
        compute: 0
    tonal:
        compute: 1
        frameSize: 4096
        hopSize: 2048
        zeroPadding: 0
        silentFrames: "noise"
        windowType: "blackmanharris62"
        stats: ["mean", "var", "median", "min", "max", "dmean", "dmean2", "dvar", "dvar2"]

lowlevel:
    average_loudness: 0.909052729607
    barkbands_kurtosis:
        dmean: 1.11165904999
        dmean2: 1.68812274933
        dvar: 3.23327827454
        dvar2: 6.80148601532
        max: 73.5854873657
        mean: 1.53158771992
        median: 0.191077500582
        min: -1.84296834469
        var: 29.5287151337
    barkbands_skewness:
        dmean: 0.306671917439
        dmean2: 0.48251670599
        dvar: 0.0858582705259
        dvar2: 0.215716406703
        max: 6.73530244827
        mean: 1.00757348537
        median: 1.0162781477
        min: -2.78901767731
        var: 0.78887283802
    barkbands_spread:
        dmean: 4.42568445206
        dmean2: 6.91623306274
        dvar: 18.3183670044
        dvar2: 43.0296821594
        max: 70.9209899902
        mean: 26.7619190216
        median: 26.6559238434
        min: 0.251739174128
        var: 140.785079956
    dissonance:
        dmean: 0.017711950466
        dmean2: 0.029657702893
        dvar: 0.000294636236504
        dvar2: 0.000788549892604
        max: 0.499999850988
        mean: 0.458422124386
        median: 0.468002259731
        min: 0.167780280113
        var: 0.00125152419787
    hfc:
        dmean: 1.04487740993
        dmean2: 1.67586624622
        dvar: 3.98731708527
        dvar2: 10.6237268448
        max: 33.9734764099
        mean: 4.71283769608
        median: 4.35426425934
        min: 1.09894683234e-016
        var: 8.99123001099
    pitch:
        dmean: 490.588195801
        dmean2: 958.122558594
        dvar: 1306940.25
        dvar2: 3434352.5
        max: 4908.02099609
        mean: 812.911071777
        median: 245.919891357
        min: 60.9014511108
        var: 1733530.875
    pitch_instantaneous_confidence:
        dmean: 0.0730939209461
        dmean2: 0.113150395453
        dvar: 0.00443134829402
        dvar2: 0.0106998141855
        max: 0.887029707432
        mean: 0.442095637321
        median: 0.418772876263
        min: 0.0991864204407
        var: 0.0228956509382
    pitch_salience:
        dmean: 0.0533123612404
        dmean2: 0.0847515538335
        dvar: 0.00230360985734
        dvar2: 0.00588739896193
        max: 0.853798806667
        mean: 0.585299611092
        median: 0.586277008057
        min: 0.203505352139
        var: 0.0103613501415
    silence_rate_20dB:
        dmean: 0
        dmean2: 0
        dvar: 0
        dvar2: 0
        max: 1
        mean: 1
        median: 1
        min: 1
        var: 0
    silence_rate_30dB:
        dmean: 0
        dmean2: 0
        dvar: 0
        dvar2: 0
        max: 1
        mean: 1
        median: 1
        min: 1
        var: 0
    silence_rate_60dB:
        dmean: 0.0555152781308
        dmean2: 0.111042052507
        dvar: 0.0524337403476
        dvar2: 0.11673399061
        max: 1
        mean: 0.306648701429
        median: 0
        min: 0
        var: 0.212597504258
    spectral_centroid:
        dmean: 167.238998413
        dmean2: 266.706237793
        dvar: 46390.3046875
        dvar2: 102876.773438
        max: 11654.7607422
        mean: 1124.86706543
        median: 964.78125
        min: 133.402175903
        var: 815519.8125
    spectral_complexity:
        dmean: 2.16654586792
        dmean2: 3.57074785233
        dvar: 6.90692138672
        dvar2: 17.1386585236
        max: 40
        mean: 9.60698032379
        median: 9
        min: 0
        var: 26.2379894257
    spectral_crest:
        dmean: 2.1022567749
        dmean2: 3.3023993969
        dvar: 3.96843647957
        dvar2: 9.92171001434
        max: 25.1662216187
        mean: 9.38015174866
        median: 8.29583263397
        min: 2.52835798264
        var: 19.9011898041
    spectral_decrease:
        dmean: 2.81073386788e-010
        dmean2: 4.50627340998e-010
        dvar: 1.48669106871e-019
        dvar2: 3.97610055721e-019
        max: 1.86360251804e-028
        mean: -1.17964071844e-009
        median: -1.16796083915e-009
        min: -5.06320896321e-009
        var: 4.95331260433e-019
    spectral_energy:
        dmean: 0.00113346986473
        dmean2: 0.0018163791392
        dvar: 2.55495911006e-006
        dvar2: 6.84954011376e-006
        max: 0.0212875381112
        mean: 0.00487969303504
        median: 0.00482186907902
        min: 1.0226782072e-020
        var: 8.2469505287e-006
    spectral_energyband_high:
        dmean: 8.92760217539e-005
        dmean2: 0.000148291655933
        dvar: 3.71017740974e-008
        dvar2: 9.81480638984e-008
        max: 0.00333660608158
        mean: 0.000218177519855
        median: 0.000150622014189
        min: 7.2317202093e-021
        var: 5.39156488344e-008
    spectral_energyband_low:
        dmean: 0.000377923628548
        dmean2: 0.00065138906939
        dvar: 4.73959460123e-007
        dvar2: 1.3474533489e-006
        max: 0.00702545512468
        mean: 0.000737649563234
        median: 0.000510857906193
        min: 7.98732789475e-024
        var: 5.94697951328e-007
    spectral_energyband_middle_high:
        dmean: 0.000253649079241
        dmean2: 0.000396626011934
        dvar: 1.57466203632e-007
        dvar2: 3.91095198893e-007
        max: 0.00824735313654
        mean: 0.00105255376548
        median: 0.000832799938507
        min: 1.21852539471e-021
        var: 6.68960751682e-007
    spectral_energyband_middle_low:
        dmean: 0.000899224483874
        dmean2: 0.00140049273614
        dvar: 1.46201250573e-006
        dvar2: 3.8226498873e-006
        max: 0.0149091137573
        mean: 0.00306774815544
        median: 0.00274817482568
        min: 1.68177824364e-022
        var: 4.88870136905e-006
    spectral_flatness_db:
        dmean: 0.0154883284122
        dmean2: 0.0234019309282
        dvar: 0.000189722748473
        dvar2: 0.000409274827689
        max: 0.574037790298
        mean: 0.172663465142
        median: 0.163084119558
        min: 0.0454626455903
        var: 0.00398726202548
    spectral_flux:
        dmean: 0.00726201105863
        dmean2: 0.0113910268992
        dvar: 8.59365973156e-005
        dvar2: 0.000168820406543
        max: 0.11742156744
        mean: 0.0317164734006
        median: 0.0290803052485
        min: 6.42559686015e-011
        var: 0.000240759109147
    spectral_kurtosis:
        dmean: 1.79323542118
        dmean2: 3.03490447998
        dvar: 18.3689422607
        dvar2: 48.8260269165
        max: 227.883956909
        mean: 6.37608718872
        median: 3.35971832275
        min: -1.25447142124
        var: 338.804107666
    spectral_rms:
        dmean: 0.000235200481256
        dmean2: 0.000371844449546
        dvar: 8.27327184538e-008
        dvar2: 2.16291255128e-007
        max: 0.00455722818151
        mean: 0.00205960217863
        median: 0.00216893106699
        min: 3.15869422632e-012
        var: 5.18723311416e-007
    spectral_rolloff:
        dmean: 480.596008301
        dmean2: 806.026855469
        dvar: 392605.5625
        dvar2: 895213.8125
        max: 19573.6816406
        mean: 2255.47338867
        median: 2217.91992188
        min: 172.265625
        var: 3206529.5
    spectral_skewness:
        dmean: 0.197414532304
        dmean2: 0.325855106115
        dvar: 0.0611760765314
        dvar2: 0.159022554755
        max: 13.4341335297
        mean: 1.59873723984
        median: 1.41749846935
        min: -0.0631555169821
        var: 1.57465147972
    spectral_spread:
        dmean: 467777.40625
        dmean2: 652543.75
        dvar: 541277421568
        dvar2: 955725316096
        max: 42441080
        mean: 4822888
        median: 4414003
        min: 441910.4375
        var: 1.0136742527e+013
    spectral_strongpeak:
        dmean: 0.217347770929
        dmean2: 0.348981082439
        dvar: 0.0749382302165
        dvar2: 0.178883239627
        max: 3.30460071564
        mean: 0.584706902504
        median: 0.384271740913
        min: 0
        var: 0.256321251392
    zerocrossingrate:
        dmean: 0.00691204983741
        dmean2: 0.00862271059304
        dvar: 5.4446321883e-005
        dvar2: 7.06162973074e-005
        max: 0.5234375
        mean: 0.0713886842132
        median: 0.06591796875
        min: 0.00537109375
        var: 0.00181114382576
    barkbands:
        dmean: [3.56597382734e-007, 7.33546403353e-005, 0.000239077635342, 0.000189858794329, 0.00035748173832, 0.000164387456607, 0.000175537075847, 0.000376388867153, 0.000192723877262, 8.85101617314e-005, 3.40136684827e-005, 4.97631917824e-005, 2.78467960015e-005, 2.64679219981e-005, 2.73533096333e-005, 3.2897125493e-005, 4.43030257884e-005, 5.70401825826e-005, 7.92426653788e-005, 7.49937753426e-005, 4.19011994381e-005, 1.79695016413e-005, 4.50449942946e-006, 1.65543701769e-006, 9.83696395451e-007, 3.4212419564e-008, 2.30113247901e-010]
        dmean2: [6.01193562488e-007, 0.000130275278934, 0.000409192376537, 0.000321175757563, 0.000583813816775, 0.000267103780061, 0.000271920202067, 0.000547007424757, 0.000280954263872, 0.00013058433251, 5.06623364345e-005, 7.64848082326e-005, 4.54344663012e-005, 4.15789108956e-005, 4.2567429773e-005, 5.36132974958e-005, 7.35424546292e-005, 9.5930234238e-005, 0.000133259381982, 0.000125426464365, 7.08784427843e-005, 2.95544759865e-005, 7.42330348658e-006, 2.51119922723e-006, 1.40690849548e-006, 4.9527688617e-008, 4.15673689913e-010]
        dvar: [9.04623489832e-013, 2.19244906674e-008, 2.13557783013e-007, 7.98920041234e-008, 3.14430621984e-007, 1.69721417365e-007, 1.85119716889e-007, 4.44865605687e-007, 1.29612388378e-007, 4.81838426936e-008, 8.59430926425e-009, 9.45569400557e-009, 4.31390123623e-009, 2.08247641353e-009, 3.57436324983e-009, 2.58522847574e-009, 4.46249348585e-009, 6.01561200853e-009, 1.48826773128e-008, 1.51437475893e-008, 7.23826110161e-009, 2.52012855029e-009, 9.63814375532e-011, 3.13201686808e-011, 1.1821129145e-011, 8.09743677004e-015, 9.52635606391e-020]
        dvar2: [2.32566244908e-012, 6.32791028465e-008, 5.94281686972e-007, 2.28345356845e-007, 8.06008472409e-007, 4.17474950609e-007, 4.18623670839e-007, 9.40801271554e-007, 2.6969269129e-007, 1.02584451156e-007, 1.53122812208e-008, 2.07265404839e-008, 1.0797324812e-008, 4.78561057449e-009, 8.10285616382e-009, 6.1008118557e-009, 1.12322409151e-008, 1.59703361646e-008, 3.95470323156e-008, 4.08875138191e-008, 1.95825808902e-008, 6.39955510806e-009, 2.32662861199e-010, 6.81147083181e-011, 2.3512155764e-011, 1.723036793e-014, 2.87054626818e-019]
        max: [8.18054468255e-006, 0.00149547180627, 0.00539382267743, 0.00441281497478, 0.0111555708572, 0.00877019390464, 0.0108295017853, 0.0121028441936, 0.00717976037413, 0.00679634092376, 0.00270396796986, 0.00279326550663, 0.00139211036731, 0.00129632942844, 0.00157702586148, 0.00105581036769, 0.00255356472917, 0.00211276346818, 0.00233859987929, 0.00260989135131, 0.00134761887603, 0.00165279768407, 0.00029738311423, 0.000124975194922, 9.99018084258e-005, 1.56479393354e-006, 3.48041639953e-009]
        mean: [3.73151152644e-007, 0.000145201876876, 0.000412767345551, 0.000313138065394, 0.000762936484534, 0.000303022388835, 0.000299841369269, 0.000931235146709, 0.000428121304139, 0.000195035347133, 6.57122000121e-005, 9.5930234238e-005, 4.37440867245e-005, 4.66470664833e-005, 4.94658197567e-005, 6.57745695207e-005, 9.42589758779e-005, 0.000122152341646, 0.00018736331549, 0.000187643599929, 8.846851415e-005, 2.84621073661e-005, 7.28113946025e-006, 3.20015192301e-006, 1.86720706097e-006, 5.95599587427e-008, 2.15356357747e-010]
        median: [9.12874540404e-008, 0.000117974297609, 0.000172720916453, 0.00020454316109, 0.000444124394562, 0.000143698503962, 8.92171447049e-005, 0.000156609952683, 0.000164869765285, 5.46682567801e-005, 2.12179329537e-005, 3.9679260226e-005, 2.1700760044e-005, 2.43565791607e-005, 2.12512568396e-005, 4.6984940127e-005, 6.97368814144e-005, 9.96900344035e-005, 0.000142521574162, 0.000144827237818, 5.94431294303e-005, 1.2551270629e-005, 2.79866708297e-006, 8.69359496392e-007, 3.91233925257e-007, 1.21025305333e-008, 1.00247032897e-010]
        min: [8.89987548459e-025, 9.10948568787e-025, 1.09217062632e-024, 1.46876256728e-024, 1.3083150828e-023, 1.68863833584e-023, 1.01299569437e-023, 1.6086520999e-023, 2.0428305714e-023, 1.73431054236e-023, 2.59425586152e-023, 2.89419308391e-023, 1.75174405282e-023, 2.18495254095e-023, 4.27300456374e-023, 5.78286161714e-023, 7.8652764399e-023, 7.01356982626e-023, 1.29697063189e-022, 1.67483765607e-022, 2.76349561888e-022, 3.20220754778e-022, 4.41983442361e-022, 4.99235357035e-022, 8.24863658655e-022, 1.27132126763e-021, 2.05549757601e-021]
        var: [7.48021436459e-013, 2.26230607581e-008, 3.45881659314e-007, 1.25921047811e-007, 8.36411970795e-007, 4.14305816321e-007, 4.5468556209e-007, 2.08614210351e-006, 5.57562430004e-007, 2.05808206033e-007, 2.88588264397e-008, 2.91532362695e-008, 5.56242873984e-009, 4.62948834823e-009, 8.15688938616e-009, 6.01111649345e-009, 9.36620292435e-009, 9.89035164878e-009, 2.84676335838e-008, 2.67491717665e-008, 9.84780790247e-009, 3.38699002178e-009, 1.78144443641e-010, 8.4149839874e-011, 4.04245074914e-011, 1.69018275667e-014, 9.47386757663e-020]
    frequency_bands:
        dmean: [3.56597382734e-007, 7.33546403353e-005, 0.000239077635342, 0.000189858794329, 0.00035748173832, 0.000164387456607, 0.000175537075847, 0.000376388867153, 0.000192723877262, 8.85101617314e-005, 3.40136684827e-005, 4.97631917824e-005, 2.78467960015e-005, 2.64679219981e-005, 2.73533096333e-005, 3.2897125493e-005, 4.43030257884e-005, 5.70401825826e-005, 7.92426653788e-005, 7.49937753426e-005, 4.19011994381e-005, 1.79695016413e-005, 4.50449942946e-006, 1.65543701769e-006, 9.83696395451e-007, 3.4212419564e-008, 2.30113247901e-010, 5.79976032478e-011]
        dmean2: [6.01193562488e-007, 0.000130275278934, 0.000409192376537, 0.000321175757563, 0.000583813816775, 0.000267103780061, 0.000271920202067, 0.000547007424757, 0.000280954263872, 0.00013058433251, 5.06623364345e-005, 7.64848082326e-005, 4.54344663012e-005, 4.15789108956e-005, 4.2567429773e-005, 5.36132974958e-005, 7.35424546292e-005, 9.5930234238e-005, 0.000133259381982, 0.000125426464365, 7.08784427843e-005, 2.95544759865e-005, 7.42330348658e-006, 2.51119922723e-006, 1.40690849548e-006, 4.9527688617e-008, 4.15673689913e-010, 1.06923740695e-010]
        dvar: [9.04623489832e-013, 2.19244906674e-008, 2.13557783013e-007, 7.98920041234e-008, 3.14430621984e-007, 1.69721417365e-007, 1.85119716889e-007, 4.44865605687e-007, 1.29612388378e-007, 4.81838426936e-008, 8.59430926425e-009, 9.45569400557e-009, 4.31390123623e-009, 2.08247641353e-009, 3.57436324983e-009, 2.58522847574e-009, 4.46249348585e-009, 6.01561200853e-009, 1.48826773128e-008, 1.51437475893e-008, 7.23826110161e-009, 2.52012855029e-009, 9.63814375532e-011, 3.13201686808e-011, 1.1821129145e-011, 8.09743677004e-015, 9.52635606391e-020, 6.65561031918e-021]
        dvar2: [2.32566244908e-012, 6.32791028465e-008, 5.94281686972e-007, 2.28345356845e-007, 8.06008472409e-007, 4.17474950609e-007, 4.18623670839e-007, 9.40801271554e-007, 2.6969269129e-007, 1.02584451156e-007, 1.53122812208e-008, 2.07265404839e-008, 1.0797324812e-008, 4.78561057449e-009, 8.10285616382e-009, 6.1008118557e-009, 1.12322409151e-008, 1.59703361646e-008, 3.95470323156e-008, 4.08875138191e-008, 1.95825808902e-008, 6.39955510806e-009, 2.32662861199e-010, 6.81147083181e-011, 2.3512155764e-011, 1.723036793e-014, 2.87054626818e-019, 2.08944384858e-020]
        max: [8.18054468255e-006, 0.00149547180627, 0.00539382267743, 0.00441281497478, 0.0111555708572, 0.00877019390464, 0.0108295017853, 0.0121028441936, 0.00717976037413, 0.00679634092376, 0.00270396796986, 0.00279326550663, 0.00139211036731, 0.00129632942844, 0.00157702586148, 0.00105581036769, 0.00255356472917, 0.00211276346818, 0.00233859987929, 0.00260989135131, 0.00134761887603, 0.00165279768407, 0.00029738311423, 0.000124975194922, 9.99018084258e-005, 1.56479393354e-006, 3.48041639953e-009, 9.92550597267e-010]
        mean: [3.73151152644e-007, 0.000145201876876, 0.000412767345551, 0.000313138065394, 0.000762936484534, 0.000303022388835, 0.000299841369269, 0.000931235146709, 0.000428121304139, 0.000195035347133, 6.57122000121e-005, 9.5930234238e-005, 4.37440867245e-005, 4.66470664833e-005, 4.94658197567e-005, 6.57745695207e-005, 9.42589758779e-005, 0.000122152341646, 0.00018736331549, 0.000187643599929, 8.846851415e-005, 2.84621073661e-005, 7.28113946025e-006, 3.20015192301e-006, 1.86720706097e-006, 5.95599587427e-008, 2.15356357747e-010, 4.61590696221e-011]
        median: [9.12874540404e-008, 0.000117974297609, 0.000172720916453, 0.00020454316109, 0.000444124394562, 0.000143698503962, 8.92171447049e-005, 0.000156609952683, 0.000164869765285, 5.46682567801e-005, 2.12179329537e-005, 3.9679260226e-005, 2.1700760044e-005, 2.43565791607e-005, 2.12512568396e-005, 4.6984940127e-005, 6.97368814144e-005, 9.96900344035e-005, 0.000142521574162, 0.000144827237818, 5.94431294303e-005, 1.2551270629e-005, 2.79866708297e-006, 8.69359496392e-007, 3.91233925257e-007, 1.21025305333e-008, 1.00247032897e-010, 1.68257994343e-011]
        min: [8.89987548459e-025, 9.10948568787e-025, 1.09217062632e-024, 1.46876256728e-024, 1.3083150828e-023, 1.68863833584e-023, 1.01299569437e-023, 1.6086520999e-023, 2.0428305714e-023, 1.73431054236e-023, 2.59425586152e-023, 2.89419308391e-023, 1.75174405282e-023, 2.18495254095e-023, 4.27300456374e-023, 5.78286161714e-023, 7.8652764399e-023, 7.01356982626e-023, 1.29697063189e-022, 1.67483765607e-022, 2.76349561888e-022, 3.20220754778e-022, 4.41983442361e-022, 4.99235357035e-022, 8.24863658655e-022, 1.27132126763e-021, 2.05549757601e-021, 5.30254478544e-022]
        var: [7.48021436459e-013, 2.26230607581e-008, 3.45881659314e-007, 1.25921047811e-007, 8.36411970795e-007, 4.14305816321e-007, 4.5468556209e-007, 2.08614210351e-006, 5.57562430004e-007, 2.05808206033e-007, 2.88588264397e-008, 2.91532362695e-008, 5.56242873984e-009, 4.62948834823e-009, 8.15688938616e-009, 6.01111649345e-009, 9.36620292435e-009, 9.89035164878e-009, 2.84676335838e-008, 2.67491717665e-008, 9.84780790247e-009, 3.38699002178e-009, 1.78144443641e-010, 8.4149839874e-011, 4.04245074914e-011, 1.69018275667e-014, 9.47386757663e-020, 5.50694967741e-021]
    mfcc:
        mean: [-729.594177246, 126.943244934, -29.898065567, 57.2255325317, -22.4314479828, -11.5670976639, 1.76166450977, -2.48652434349, 2.08953309059, 0.31814467907, -2.27809691429, -3.73986911774, -4.3858294487]
        cov: [[6836.31640625, 542.511047363, -745.978881836, 356.658660889, -591.501464844, -60.6704826355, -129.237731934, 64.1192779541, 66.5918045044, 114.985435486, 140.05557251, 45.2191467285, 71.9948272705], [542.511047363, 1032.80456543, -236.725738525, 196.960800171, -81.8008422852, -68.3760681152, 57.5420837402, -6.95901346207, 35.3219413757, 24.7680034637, 12.3522882462, 12.4437503815, -7.63545465469], [-745.978881836, -236.725738525, 734.685424805, -106.417907715, 190.006912231, 94.3507461548, -46.3779907227, 57.0453186035, -49.8826637268, -31.3343467712, 13.746556282, -17.3495845795, 3.59598970413], [356.658660889, 196.960800171, -106.417907715, 213.482666016, -10.5310821533, -3.50537323952, -2.22720527649, -17.0542240143, -0.908640682697, -1.01622104645, -15.1871871948, 3.65648388863, -5.50077009201], [-591.501464844, -81.8008422852, 190.006912231, -10.5310821533, 182.705291748, 44.7560653687, 20.1025772095, -9.22701835632, -12.5868444443, -12.7852363586, -15.6418838501, -10.6022291183, -8.74895572662], [-60.6704826355, -68.3760681152, 94.3507461548, -3.50537323952, 44.7560653687, 111.830345154, 0.448889613152, 29.4561519623, -17.3953800201, -9.65737915039, 4.75754451752, -16.1453514099, 2.421189785], [-129.237731934, 57.5420837402, -46.3779907227, -2.22720527649, 20.1025772095, 0.448889613152, 96.6187362671, 14.2812547684, 19.050283432, -4.07715892792, -12.072259903, 7.88840961456, -1.39773607254], [64.1192779541, -6.95901346207, 57.0453186035, -17.0542240143, -9.22701835632, 29.4561519623, 14.2812547684, 78.0811538696, 20.2503490448, 9.7614440918, 11.209400177, 1.88314712048, 8.99639034271], [66.5918045044, 35.3219413757, -49.8826637268, -0.908640682697, -12.5868444443, -17.3953800201, 19.050283432, 20.2503490448, 69.4133071899, 39.5575256348, 12.4788675308, 7.66907548904, -0.976832568645], [114.985435486, 24.7680034637, -31.3343467712, -1.01622104645, -12.7852363586, -9.65737915039, -4.07715892792, 9.7614440918, 39.5575256348, 81.8369293213, 35.7277679443, 14.0421724319, -6.0922999382], [140.05557251, 12.3522882462, 13.746556282, -15.1871871948, -15.6418838501, 4.75754451752, -12.072259903, 11.209400177, 12.4788675308, 35.7277679443, 74.8599395752, 30.3072109222, 9.76382732391], [45.2191467285, 12.4437503815, -17.3495845795, 3.65648388863, -10.6022291183, -16.1453514099, 7.88840961456, 1.88314712048, 7.66907548904, 14.0421724319, 30.3072109222, 70.4789047241, 34.061164856], [71.9948272705, -7.63545465469, 3.59598970413, -5.50077009201, -8.74895572662, 2.421189785, -1.39773607254, 8.99639034271, -0.976832568645, -6.0922999382, 9.76382732391, 34.061164856, 63.2280044556]]
        icov: [[0.000246483657975, -1.38986058573e-006, 6.41028818791e-005, -0.000396370392991, 0.0006725199637, -0.000115265444038, 0.000158442810061, -0.000145760190208, -5.69436633668e-006, -0.000111213012133, -0.000372453505406, 0.000263715570327, -0.000292596698273], [-1.38986058573e-006, 0.00136665382888, 1.64732391568e-005, -0.00131064408924, 0.000391250068787, 0.000777592649683, -0.00106906716246, -9.93662324618e-005, 7.60691136747e-006, -7.70535698393e-005, -0.000817041262053, 0.000631671457086, -0.000154895402375], [6.41028818791e-005, 1.64732391568e-005, 0.00286779436283, 0.000883668311872, -0.00302804354578, 1.94552876565e-006, 0.00217178557068, -0.003077049274, 0.00153339270037, 0.000669952656608, -0.000893167103641, 2.47498610406e-005, 0.000122368772281], [-0.000396370392991, -0.00131064408924, 0.000883668311872, 0.00721975415945, -0.00201663700864, -0.00135117105674, 0.00175569090061, 0.000509497534949, 0.000129816151457, 0.000176380082848, 0.0028411266394, -0.00251096766442, 0.00154285610188], [0.0006725199637, 0.000391250068787, -0.00302804354578, -0.00201663700864, 0.0122969886288, -0.00355969043449, -0.00374857825227, 0.00519357481971, -0.0017087336164, -0.00122653495055, 0.00103497318923, 0.00022170561715, -0.000129558087792], [-0.000115265444038, 0.000777592649683, 1.94552876565e-006, -0.00135117105674, -0.00355969043449, 0.0140397707, -0.000853193982039, -0.00627986667678, 0.00470866030082, -2.88387054752e-005, -0.00353502901271, 0.00498930923641, -0.00211993115954], [0.000158442810061, -0.00106906716246, 0.00217178557068, 0.00175569090061, -0.00374857825227, -0.000853193982039, 0.0152790509164, -0.00438263919204, -0.00348814856261, 0.002900760388, 0.00290136341937, -0.00440006703138, 0.00234294333495], [-0.000145760190208, -9.93662324618e-005, -0.003077049274, 0.000509497534949, 0.00519357481971, -0.00627986667678, -0.00438263919204, 0.0213138237596, -0.00764640886337, -0.000177926340257, -2.72532724921e-005, 0.000543410424143, -0.00222090748139], [-5.69436633668e-006, 7.60691136747e-006, 0.00153339270037, 0.000129816151457, -0.0017087336164, 0.00470866030082, -0.00348814856261, -0.00764640886337, 0.0257732402533, -0.0113150831312, 0.000255127786659, 0.00166171859019, -0.00110105308704], [-0.000111213012133, -7.70535698393e-005, 0.000669952656608, 0.000176380082848, -0.00122653495055, -2.88387054752e-005, 0.002900760388, -0.000177926340257, -0.0113150831312, 0.0223291777074, -0.00811098981649, -0.00212006014772, 0.00438670720905], [-0.000372453505406, -0.000817041262053, -0.000893167103641, 0.0028411266394, 0.00103497318923, -0.00353502901271, 0.00290136341937, -2.72532724921e-005, 0.000255127786659, -0.00811098981649, 0.0236913692206, -0.0106624560431, 0.00227783154696], [0.000263715570327, 0.000631671457086, 2.47498610406e-005, -0.00251096766442, 0.00022170561715, 0.00498930923641, -0.00440006703138, 0.000543410424143, 0.00166171859019, -0.00212006014772, -0.0106624560431, 0.0272994432598, -0.0140172196552], [-0.000292596698273, -0.000154895402375, 0.000122368772281, 0.00154285610188, -0.000129558087792, -0.00211993115954, 0.00234294333495, -0.00222090748139, -0.00110105308704, 0.00438670720905, 0.00227783154696, -0.0140172196552, 0.0242936015129]]
    sccoeffs:
        dmean: [0.0470006875694, 0.0455828271806, 0.0370139032602, 0.0266278125346, 0.018094310537, 0.0221570599824]
        dmean2: [0.0792547538877, 0.0732287764549, 0.0591270849109, 0.0436969511211, 0.0299521591514, 0.0354936793447]
        dvar: [0.00154926069081, 0.00147893535905, 0.000905225577299, 0.000465354212793, 0.000233583035879, 0.000434803921962]
        dvar2: [0.00436554988846, 0.00383680383675, 0.00229438836686, 0.00119684485253, 0.000583846762311, 0.00104025064502]
        max: [-0.346114873886, -0.425856262445, -0.473108440638, -0.584766745567, -0.630703985691, -0.556028485298]
        mean: [-0.646340847015, -0.69850730896, -0.74337542057, -0.805511236191, -0.813723564148, -0.746925354004]
        median: [-0.647374510765, -0.705086946487, -0.752059698105, -0.811221241951, -0.81552618742, -0.744977712631]
        min: [-0.976317226887, -0.976932942867, -0.977578520775, -0.969066023827, -0.966918945313, -0.964484393597]
        var: [0.00513932481408, 0.00760863628238, 0.00504712248221, 0.00234167883173, 0.00126166990958, 0.00287818792276]
    scvalleys:
        dmean: [0.367011845112, 0.338106393814, 0.277695268393, 0.237782657146, 0.176869124174, 0.328417629004]
        dmean2: [0.61605155468, 0.557697415352, 0.454874962568, 0.38640871644, 0.28254121542, 0.45865419507]
        dvar: [0.123147629201, 0.112889513373, 0.0705566778779, 0.0629553049803, 0.0516441203654, 0.165974885225]
        dvar2: [0.309035629034, 0.275683045387, 0.15538045764, 0.129543572664, 0.0994682312012, 0.306080728769]
        max: [-4.97555541992, -4.16478204727, -5.37841367722, -6.01285266876, -5.76673364639, -7.64587640762]
        mean: [-6.75799274445, -6.72641849518, -7.35472011566, -7.85329389572, -7.47960472107, -10.413734436]
        median: [-6.36212444305, -6.43390989304, -7.02903652191, -7.52660942078, -7.11172008514, -10.0076389313]
        min: [-27.9644374847, -28.0104942322, -27.6601257324, -27.7995090485, -27.5108318329, -27.3784599304]
        var: [3.79704380035, 3.95240616798, 3.91371536255, 3.89223217964, 4.08422803879, 3.68345570564]

rhythm:
    beats_loudness:
        dmean: 0.00195208704099
        dmean2: 0.0032558448147
        dvar: 2.53491816693e-006
        dvar2: 6.8847248258e-006
        max: 0.0127394683659
        mean: 0.0051923529245
        median: 0.00523309689015
        min: 0
        var: 7.10688755134e-006
    bpm: 123.941055298
    bpm_confidence: 0
    first_peak_bpm: 123
    first_peak_spread: 0.392609655857
    first_peak_weight: 0.572984755039
    onset_rate: 2.78344225883
    second_peak_bpm: 117
    second_peak_spread: 0.0714285522699
    second_peak_weight: 0.0283224396408
    beats_loudness_band_ratio:
        dmean: [0.131720617414, 0.122749425471, 0.157048031688, 0.0520259290934, 0.0473474003375, 0.0713212564588]
        dmean2: [0.223359748721, 0.217639625072, 0.270790427923, 0.0881415382028, 0.0800123512745, 0.125362247229]
        dvar: [0.0126678170636, 0.0134796258062, 0.0207711551338, 0.00358840171248, 0.00178028678056, 0.0055714584887]
        dvar2: [0.0329178459942, 0.0381370969117, 0.0550354793668, 0.00892024487257, 0.00464126840234, 0.0152012277395]
        max: [0.909023582935, 0.876526594162, 0.807163357735, 0.636532723904, 0.429898828268, 0.631806969643]
        mean: [0.216494604945, 0.203496679664, 0.287754386663, 0.0786822810769, 0.100903265178, 0.139619231224]
        median: [0.179459512234, 0.148753479123, 0.233092486858, 0.0633023381233, 0.0904804319143, 0.11758941412]
        min: [0, 0, 0, 0, 0, 0]
        var: [0.0258690100163, 0.0273187216371, 0.0371791757643, 0.00461448356509, 0.00425120769069, 0.00995688792318]
    beats_position: [0.49922901392, 1.01006805897, 1.52090704441, 2.02013611794, 2.53097510338, 3.03020405769, 3.52943301201, 4.04027223587, 4.53950119019, 5.0387301445, 5.53795909882, 6.03718805313, 6.53641700745, 7.04725599289, 7.55809497833, 8.05732440948, 8.55655288696, 9.03256225586, 9.50857162476, 9.98458003998, 10.4605894089, 10.9365987778, 11.4242172241, 11.9118366241, 12.3994560242, 12.8870744705, 13.3746938705, 13.8507022858, 14.3267116547, 14.8143310547, 15.301949501, 15.7895689011, 16.2771873474, 16.7648067474, 17.2524261475, 17.7400455475, 18.2160549164, 18.6920623779, 19.179681778, 19.667301178, 20.154920578, 20.642539978, 21.1185474396, 21.5945568085, 22.0821762085, 22.5581855774, 23.0458049774, 23.5334243774, 24.0326519012, 24.5086612701, 24.9962806702, 25.4722900391, 25.9599094391, 26.4475269318, 26.9235363007, 27.4111557007, 27.8987751007, 28.3747844696, 28.8624038696, 29.3384113312, 29.8260307312, 30.3020401001, 30.7896595001, 31.2772789001, 31.7648983002, 32.2525177002, 32.7285270691, 33.204536438, 33.6805419922, 34.1565513611, 34.6441726685, 35.1317901611, 35.6194114685, 36.1070289612, 36.5946464539, 37.0822677612, 37.5582771301, 38.034286499, 38.5219039917, 39.0095214844, 39.4971427917, 39.9847602844, 40.4723815918, 40.9483909607, 41.4243965149, 41.9120178223, 42.3996353149, 42.8872566223, 43.374874115, 43.8624954224, 44.3385009766, 44.8145103455, 45.3021316528, 45.7897491455, 46.2773704529, 46.7533760071, 47.2409973145, 47.7170066833, 48.204624176, 48.6806335449, 49.1682548523, 49.6442604065, 50.1318817139, 50.6194992065, 51.1071205139, 51.5947380066, 52.0823554993, 52.5583648682, 53.0343742371, 53.5219955444, 54.0096130371, 54.485622406, 54.9732398987, 55.4492492676, 55.936870575, 56.4244880676, 56.912109375, 57.3997268677, 57.8873443604, 58.3749656677, 58.8625831604, 59.3385925293, 59.8262138367, 60.3022193909, 60.7782287598, 61.2542381287, 61.741859436, 62.2294769287, 62.7170982361, 63.2047157288, 63.6807250977, 64.1567306519, 64.6327438354, 65.1087493896, 65.5963668823, 66.0839920044, 66.5716094971, 67.0592269897, 67.5352401733, 68.0112457275, 68.4988632202, 68.9864807129, 69.474105835, 69.9617233276, 70.4493408203, 70.936958313, 71.4129714966, 71.8889770508, 72.3649902344, 72.8526077271, 73.3402252197, 73.8162307739, 74.303855896, 74.7914733887, 75.2790908813, 75.766708374, 76.2543258667, 76.7419509888, 77.2295684814, 77.7171859741, 78.2048034668, 78.6924285889, 79.1800460815, 79.6560516357, 80.1320648193, 80.6080703735, 81.0956878662, 81.5833053589, 82.070930481, 82.5469360352, 83.0229492188, 83.4989547729, 83.9865722656, 84.4741897583, 84.9618148804, 85.449432373, 85.9370498657, 86.4246673584, 86.9122848511, 87.3882980347, 87.8643035889, 88.3403167725, 88.8163223267, 89.3039474487, 89.7915649414, 90.2791824341, 90.7551879883, 91.2312011719, 91.7188186646, 92.2064361572, 92.6940536499, 93.181678772, 93.6576843262, 94.1336975098, 94.6213150024, 95.1089324951, 95.5965499878, 96.0841674805, 96.5717926025, 97.0594100952, 97.5586395264, 98.0346450806, 98.5106582642, 98.9866638184, 99.462677002, 99.9386825562, 100.426300049, 100.913917542, 101.389930725, 101.865936279, 102.353561401, 102.841178894, 103.317184448, 103.793197632, 104.280815125, 104.768432617, 105.25605011, 105.743675232, 106.219680786, 106.707298279, 107.194915771, 107.670928955, 108.158546448, 108.64616394, 109.145393372, 109.633010864, 110.120635986, 110.596641541, 111.072654724, 111.548660278, 112.036277771, 112.523895264, 113.011520386, 113.499137878, 113.986755371, 114.462760925, 114.938774109, 115.426391602, 115.902404785, 116.378410339, 116.866027832, 117.353645325, 117.841270447, 118.317276001, 118.804893494, 119.292518616, 119.76852417, 120.256141663, 120.743759155, 121.231384277, 121.707389832, 122.183395386, 122.671020508, 123.135414124, 123.623039246, 124.122268677, 124.621498108, 125.109115601, 125.573509216, 126.061134338, 126.56036377, 127.036369324, 127.523986816, 128, 128.487609863, 128.963623047, 129.451248169, 129.938858032, 130.426483154, 130.914108276, 131.40171814, 131.889343262, 132.365356445, 132.84135437, 133.328979492, 133.816589355, 134.292602539, 134.768615723, 135.256240845, 135.743850708, 136.219863892, 136.695877075, 137.183486938, 137.671112061, 138.158721924, 138.646347046, 139.122360229, 139.598358154, 140.085983276, 140.573608398, 141.061218262, 141.548843384, 142.024856567, 142.500854492, 142.976867676, 143.464492798, 143.952102661, 144.428115845, 144.915740967, 145.40335083, 145.902587891, 146.378585815, 146.854598999, 147.330612183, 147.818222046, 148.305847168, 148.79347229, 149.281082153, 149.757095337, 150.233108521, 150.720718384, 151.208343506, 151.695953369, 152.183578491, 152.671203613, 153.158813477, 153.63482666, 154.110839844, 154.586837769, 155.062850952, 155.550476074, 156.038085938, 156.52571106, 157.013336182, 157.500946045, 157.988571167, 158.47618103, 158.952194214, 159.439819336, 159.915817261, 160.403442383, 160.879455566, 161.36706543, 161.843078613, 162.330703735, 162.818313599, 163.305938721, 163.793563843, 164.281173706, 164.75718689, 165.244796753, 165.720809937, 166.19682312, 166.684448242, 167.172058105, 167.648071289, 168.135681152, 168.623306274, 169.110931396, 169.59854126, 170.074554443, 170.550567627, 171.03817749, 171.514190674, 172.001815796, 172.477813721, 172.965438843, 173.453063965, 173.940673828, 174.42829895, 174.915908813, 175.403533936, 175.891159058, 176.367156982, 176.843170166, 177.330795288, 177.818405151, 178.306030273, 178.793640137, 179.281265259, 179.757278442, 180.233291626, 180.720901489, 181.208526611, 181.684524536, 182.16053772, 182.648162842, 183.135772705, 183.623397827, 184.099411011, 184.587020874, 185.063034058, 185.55065918, 186.038269043, 186.525894165, 187.013504028, 187.50112915, 187.977142334, 188.464752197, 188.952377319, 189.428390503, 189.904388428, 190.39201355, 190.868026733, 191.355636597, 191.83164978, 192.319274902, 192.795272827, 193.282897949, 193.770523071, 194.258132935, 194.745758057, 195.22177124, 195.697769165, 196.185394287, 196.661407471, 197.149017334, 197.636642456, 198.124252319, 198.600265503, 199.076278687, 199.55229187, 200.039901733, 200.527526855, 201.015136719, 201.502761841, 201.990386963, 202.477996826, 202.95401001, 203.430023193, 203.906021118, 204.382034302, 204.869659424, 205.357269287, 205.844894409, 206.332519531, 206.820129395, 207.307754517, 207.79536438, 208.282989502, 208.782211304, 209.281448364, 209.780670166, 210.268295288, 210.75592041, 211.26675415, 211.777587891, 212.300048828, 212.810882568, 213.321716309, 213.832565308, 214.320175171, 214.807800293, 215.295410156, 215.77142334, 216.235824585, 216.711837769, 217.176239014, 217.640625, 218.116638184, 218.615875244, 219.126708984, 219.637542725, 220.194824219, 220.752105713, 221.309387207, 221.866668701, 222.423934937, 222.992828369, 223.550109863]
