
metadata:
    version:
        essentia: "2.1-beta2"
    audio_properties:
        analysis_sample_rate: 44100
        bitrate: 128
        channels: 2
        equal_loudness: 1
        length: 349.335510254
        replay_gain: -14.9136314392
        downmix: "mix"
    tags:
        album: "De Cercle en Cercle"
        artist: "Mass Hysteria"
        comment: ""
        date: "2001"
        genre: "Metal"
        title: "Ya-Vyemma"
        tracknumber: "4"

configuration:
    average_loudness:
        compute: 1
        frameSize: 88200
        hopSize: 44100
        silentFrames: "noise"
        windowType: "hann"
    general:
        analysisSampleRate: 44100
        endTime: 2000
        equalLoudness: 1
        nequalLoudness: 0
        shortSound: 0
        startTime: 0
    lowlevel:
        compute: 1
        frameSize: 2048
        hopSize: 1024
        zeroPadding: 0
        silentFrames: "noise"
        windowType: "blackmanharris62"
        mfccStats: ["mean", "cov", "icov"]
        stats: ["mean", "var", "median", "min", "max", "dmean", "dmean2", "dvar", "dvar2"]
    panning:
        compute: 0
        frameSize: 8192
        hopSize: 2048
        zeroPadding: 8192
        silentFrames: "noise"
        windowType: "hann"
        stats: ["copy"]
    rhythm:
        compute: 1
        maxTempo: 208
        minTempo: 40
        method: "degara"
        stats: ["mean", "var", "median", "min", "max", "dmean", "dmean2", "dvar", "dvar2"]
    segmentation:
        compute: 0
        cpw: 5
        inc1: 300
        inc2: 50
        minimumSegmentsLength: 10
        size1: 1000
        size2: 600
    sfx:
        compute: 1
        stats: ["mean", "var", "median", "min", "max", "dmean", "dmean2", "dvar", "dvar2"]
    svm:
        compute: 0
    tonal:
        compute: 1
        frameSize: 4096
        hopSize: 2048
        zeroPadding: 0
        silentFrames: "noise"
        windowType: "blackmanharris62"
        stats: ["mean", "var", "median", "min", "max", "dmean", "dmean2", "dvar", "dvar2"]

lowlevel:
    average_loudness: 0.852915763855
    barkbands_kurtosis:
        dmean: 1.51045882702
        dmean2: 2.35382795334
        dvar: 6.99228525162
        dvar2: 15.6094369888
        max: 47.5887298584
        mean: 2.66785311699
        median: 0.692516326904
        min: -1.93814015388
        var: 29.7065582275
    barkbands_skewness:
        dmean: 0.3666036129
        dmean2: 0.562192857265
        dvar: 0.218556895852
        dvar2: 0.442280888557
        max: 5.85345172882
        mean: 1.06372225285
        median: 0.997911691666
        min: -4.44304990768
        var: 1.38768494129
    barkbands_spread:
        dmean: 3.80348086357
        dmean2: 5.76897478104
        dvar: 24.0159492493
        dvar2: 49.749546051
        max: 67.9911270142
        mean: 21.5215759277
        median: 18.8725204468
        min: 0.480106621981
        var: 203.578140259
    dissonance:
        dmean: 0.0230571385473
        dmean2: 0.0380563884974
        dvar: 0.000665727769956
        dvar2: 0.00169498182368
        max: 0.500000059605
        mean: 0.434211939573
        median: 0.456500768661
        min: 0.0676899179816
        var: 0.0040741241537
    hfc:
        dmean: 1.35573983192
        dmean2: 2.02160453796
        dvar: 9.38614273071
        dvar2: 19.5605792999
        max: 70.8531799316
        mean: 5.04531049728
        median: 2.87920093536
        min: 1.08890571997e-016
        var: 30.3224983215
    pitch:
        dmean: 427.157714844
        dmean2: 826.159423828
        dvar: 1064121.375
        dvar2: 2703248.25
        max: 5292.42041016
        mean: 759.00769043
        median: 246.37487793
        min: 54.765953064
        var: 1516538.75
    pitch_instantaneous_confidence:
        dmean: 0.0670372918248
        dmean2: 0.107747256756
        dvar: 0.00406384188682
        dvar2: 0.00961600895971
        max: 0.982363581657
        mean: 0.45735129714
        median: 0.434302121401
        min: 0.0931319594383
        var: 0.0234965439886
    pitch_salience:
        dmean: 0.0469177104533
        dmean2: 0.0760708078742
        dvar: 0.00197666790336
        dvar2: 0.00494518317282
        max: 0.899478435516
        mean: 0.60361802578
        median: 0.612499773502
        min: 0.149635732174
        var: 0.00850681681186
    silence_rate_20dB:
        dmean: 0
        dmean2: 0
        dvar: 0
        dvar2: 0
        max: 1
        mean: 1
        median: 1
        min: 1
        var: 0
    silence_rate_30dB:
        dmean: 0
        dmean2: 0
        dvar: 0
        dvar2: 0
        max: 1
        mean: 1
        median: 1
        min: 1
        var: 0
    silence_rate_60dB:
        dmean: 0.0610169507563
        dmean2: 0.122042007744
        dvar: 0.0572943985462
        dvar2: 0.12323012948
        max: 1
        mean: 0.414329379797
        median: 0
        min: 0
        var: 0.242644548416
    spectral_centroid:
        dmean: 169.289794922
        dmean2: 256.923431396
        dvar: 71578.2578125
        dvar2: 137574.25
        max: 11563.9375
        mean: 1077.4888916
        median: 864.490234375
        min: 150.17616272
        var: 597599.125
    spectral_complexity:
        dmean: 2.25576615334
        dmean2: 3.54852437973
        dvar: 12.0305891037
        dvar2: 24.9703903198
        max: 48
        mean: 11.3406219482
        median: 9
        min: 0
        var: 70.5587844849
    spectral_crest:
        dmean: 1.67795014381
        dmean2: 2.71439862251
        dvar: 2.56438040733
        dvar2: 6.55305957794
        max: 23.6307830811
        mean: 8.68377685547
        median: 8.0143032074
        min: 2.33350038528
        var: 13.3162107468
    spectral_decrease:
        dmean: 2.23147528233e-010
        dmean2: 3.52314871721e-010
        dvar: 1.10530833205e-019
        dvar2: 2.69848236101e-019
        max: 2.57645467208e-028
        mean: -1.02347919029e-009
        median: -9.5189589544e-010
        min: -4.90386709018e-009
        var: 4.5343528619e-019
    spectral_energy:
        dmean: 0.000943896418903
        dmean2: 0.00147753325291
        dvar: 2.16646890294e-006
        dvar2: 5.14884777658e-006
        max: 0.0234896913171
        mean: 0.00432046502829
        median: 0.00391722237691
        min: 1.0225803834e-020
        var: 8.75093792274e-006
    spectral_energyband_high:
        dmean: 0.000124071419123
        dmean2: 0.000189103579032
        dvar: 1.19012781852e-007
        dvar2: 2.70816400416e-007
        max: 0.00516442256048
        mean: 0.000250322336797
        median: 5.31871482963e-005
        min: 7.44664580469e-021
        var: 1.9666396156e-007
    spectral_energyband_low:
        dmean: 0.000233071463299
        dmean2: 0.000407445477322
        dvar: 2.86414149286e-007
        dvar2: 8.12896985281e-007
        max: 0.00660624681041
        mean: 0.000436954229372
        median: 0.00018147737137
        min: 1.80739992517e-023
        var: 3.69906075548e-007
    spectral_energyband_middle_high:
        dmean: 0.000321597530274
        dmean2: 0.000477071036585
        dvar: 3.77751405267e-007
        dvar2: 8.33317301385e-007
        max: 0.0138839054853
        mean: 0.00119647954125
        median: 0.000678198586684
        min: 1.19422716617e-021
        var: 1.79252958787e-006
    spectral_energyband_middle_low:
        dmean: 0.000629576272331
        dmean2: 0.00101340818219
        dvar: 8.08958873222e-007
        dvar2: 2.03568652068e-006
        max: 0.0143320588395
        mean: 0.00258526392281
        median: 0.0023458302021
        min: 1.80857141517e-022
        var: 2.90278376269e-006
    spectral_flatness_db:
        dmean: 0.0211034659296
        dmean2: 0.0295287501067
        dvar: 0.000596410478465
        dvar2: 0.00108633120544
        max: 0.614059686661
        mean: 0.195163041353
        median: 0.169963479042
        min: 0.0579265132546
        var: 0.0079332832247
    spectral_flux:
        dmean: 0.00698680616915
        dmean2: 0.0105427075177
        dvar: 8.72110249475e-005
        dvar2: 0.000175898574525
        max: 0.113248027861
        mean: 0.0277187060565
        median: 0.0252108350396
        min: 6.28176677342e-011
        var: 0.000328708178131
    spectral_kurtosis:
        dmean: 6.16273832321
        dmean2: 9.6444272995
        dvar: 341.45489502
        dvar2: 847.497619629
        max: 508.140411377
        mean: 18.7710800171
        median: 4.0514421463
        min: -1.3491808176
        var: 2574.10253906
    spectral_rms:
        dmean: 0.000209137258935
        dmean2: 0.000320487393765
        dvar: 7.74932118475e-008
        dvar2: 1.70621447637e-007
        max: 0.00478714657947
        mean: 0.00190033111721
        median: 0.00195491174236
        min: 3.15854308854e-012
        var: 6.03833257173e-007
    spectral_rolloff:
        dmean: 324.602020264
        dmean2: 537.101135254
        dvar: 323547.25
        dvar2: 650314.375
        max: 19724.4140625
        mean: 2006.10974121
        median: 1335.05859375
        min: 172.265625
        var: 2398569.5
    spectral_skewness:
        dmean: 0.416095107794
        dmean2: 0.62912273407
        dvar: 0.604300439358
        dvar2: 1.21888136864
        max: 17.9860935211
        mean: 2.45757746696
        median: 1.64751291275
        min: -0.0653266310692
        var: 6.88966321945
    spectral_spread:
        dmean: 933624.375
        dmean2: 1287612.625
        dvar: 1.65472226509e+012
        dvar2: 3.22340388864e+012
        max: 42342116
        mean: 4694662.5
        median: 4570254
        min: 219399.3125
        var: 6.93030459802e+012
    spectral_strongpeak:
        dmean: 0.243257075548
        dmean2: 0.418614447117
        dvar: 0.237056329846
        dvar2: 0.62702524662
        max: 7.82059907913
        mean: 0.529673337936
        median: 0.384290516376
        min: 1.83437320889e-010
        var: 0.330909907818
    zerocrossingrate:
        dmean: 0.00734920892864
        dmean2: 0.00859130267054
        dvar: 7.78837493272e-005
        dvar2: 8.61930020619e-005
        max: 0.53173828125
        mean: 0.0657784193754
        median: 0.05908203125
        min: 0.0068359375
        var: 0.00153124565259
    barkbands:
        dmean: [3.53981448598e-007, 4.76558379887e-005, 0.000147725470015, 0.000120545155369, 0.000265760347247, 0.000201885792194, 0.000158688344527, 0.000116263836389, 0.000167721504113, 9.15246200748e-005, 5.53167301405e-005, 2.4177819796e-005, 2.65872713499e-005, 2.6318257369e-005, 2.64860263997e-005, 4.34115972894e-005, 6.71035959385e-005, 7.76444503572e-005, 9.98961331788e-005, 0.000114261711133, 4.61206655018e-005, 2.1398305762e-005, 6.32486217e-006, 2.8949807529e-006, 1.78536890871e-006, 7.38564693847e-008, 3.07936565136e-010]
        dmean2: [5.67947154195e-007, 8.23359878268e-005, 0.000256270519458, 0.000216070809984, 0.000445014535217, 0.000330977956764, 0.00023274004343, 0.000184370030183, 0.000232460777625, 0.000134972593514, 8.08185068308e-005, 3.73865950678e-005, 4.22841003456e-005, 4.17076043959e-005, 4.19863026764e-005, 6.9492343755e-005, 0.000108486528916, 0.00012386313756, 0.000161902382388, 0.000180332484888, 7.42963529774e-005, 3.29427784891e-005, 1.00118086266e-005, 4.42748478235e-006, 2.68433973361e-006, 1.11414614423e-007, 5.24603138707e-010]
        dvar: [7.36197994927e-013, 1.27778641001e-008, 1.26822371271e-007, 6.2842318016e-008, 2.25468909321e-007, 9.04090811105e-008, 8.72166552313e-008, 5.58399371187e-008, 1.00540034964e-007, 5.35902486831e-008, 1.28522090748e-008, 3.41586092745e-009, 4.34826530338e-009, 4.42995862215e-009, 4.61326443713e-009, 1.10731406266e-008, 1.86470785479e-008, 2.88190520337e-008, 4.53107027454e-008, 8.63275815277e-008, 1.43360443516e-008, 3.96352017873e-009, 2.73992356581e-010, 6.70212566001e-011, 2.66005897864e-011, 5.03539708031e-014, 4.14182748541e-019]
        dvar2: [1.83909354759e-012, 3.70218806722e-008, 3.59461068911e-007, 1.77535312673e-007, 6.11965504049e-007, 2.47192758707e-007, 2.14602820847e-007, 1.28151810941e-007, 1.97222902898e-007, 1.07313809394e-007, 2.50056437778e-008, 7.71497088436e-009, 9.84035697371e-009, 1.02542250247e-008, 1.11625473309e-008, 2.51014373731e-008, 4.36573870388e-008, 6.899881555e-008, 1.14112012284e-007, 1.99460657768e-007, 3.61245184877e-008, 9.05685126895e-009, 6.50538956037e-010, 1.35743569163e-010, 5.23820709031e-011, 1.05132726526e-013, 1.0141530027e-018]
        max: [1.22465726236e-005, 0.0017544250004, 0.00473649473861, 0.00340851768851, 0.00756244082004, 0.0055452408269, 0.00549285579473, 0.00717498036101, 0.0106577482074, 0.00624139746651, 0.00355583825149, 0.00209945067763, 0.00298242666759, 0.00220187008381, 0.00280403858051, 0.00263478257693, 0.00282554887235, 0.00319467950612, 0.00769950821996, 0.00517928460613, 0.00233730813488, 0.00146889116149, 0.000385638384614, 0.000369071902242, 0.000198797788471, 8.95511857379e-006, 2.46001778947e-008]
        mean: [5.56561928988e-007, 8.74082252267e-005, 0.000265121430857, 0.000153832443175, 0.000545230228454, 0.000615881057456, 0.000429089734098, 0.000246456154855, 0.000461040355731, 0.000237972388277, 0.000131038643303, 4.63590986328e-005, 4.82453833683e-005, 4.83381736558e-005, 4.81759307149e-005, 7.61702103773e-005, 0.000130963773699, 0.000149968414917, 0.000226084317546, 0.00022848835215, 9.29558227654e-005, 3.43898427673e-005, 9.56930762186e-006, 4.35278570876e-006, 2.66214146905e-006, 1.16871724742e-007, 3.59031804287e-010]
        median: [2.25589815273e-007, 2.46336530836e-005, 8.56442056829e-005, 6.80471712258e-005, 0.000367291358998, 0.000429751205957, 0.00027155916905, 9.95973095996e-005, 0.000217245979002, 6.72203386785e-005, 4.26011756645e-005, 1.22602341435e-005, 1.3763969946e-005, 1.31122760649e-005, 1.41703676491e-005, 2.53271173278e-005, 3.99073687731e-005, 5.21216716152e-005, 7.4716983363e-005, 4.09888925788e-005, 1.65129858942e-005, 7.23842413208e-006, 1.7547860125e-006, 9.35768923682e-007, 4.95869187489e-007, 2.01706438219e-008, 1.06491607199e-010]
        min: [4.58418904938e-025, 3.02276313308e-024, 3.46725272659e-024, 3.47825181419e-024, 2.01589223366e-023, 1.61506427688e-023, 6.84139146736e-024, 1.20666680529e-023, 2.53716410454e-023, 2.62483700114e-023, 1.5378187015e-023, 2.346871606e-023, 5.91817903029e-023, 4.52882395115e-023, 5.29366277963e-023, 6.16746728049e-023, 9.03133844447e-023, 1.13482917118e-022, 1.95483127571e-022, 1.68687958623e-022, 2.20717879161e-022, 3.24496936242e-022, 4.55592492045e-022, 6.49928792565e-022, 8.00326979546e-022, 1.44100739405e-021, 2.05899451436e-021]
        var: [8.28570231089e-013, 1.89773388115e-008, 1.79509399345e-007, 6.10679009583e-008, 3.92837961272e-007, 3.87317555806e-007, 2.66524637027e-007, 1.66797548218e-007, 4.20407587853e-007, 2.14426407297e-007, 5.50391661136e-008, 1.07198303567e-008, 1.04147490632e-008, 1.1742766759e-008, 1.35696147652e-008, 2.18878426494e-008, 5.38773967662e-008, 5.47595284672e-008, 1.15408418822e-007, 1.57388797106e-007, 2.55672869542e-008, 6.06215611043e-009, 4.58027227257e-010, 1.35486996622e-010, 7.58935345124e-011, 1.31630749594e-013, 7.9889248317e-019]
    frequency_bands:
        dmean: [3.53981448598e-007, 4.76558379887e-005, 0.000147725470015, 0.000120545155369, 0.000265760347247, 0.000201885792194, 0.000158688344527, 0.000116263836389, 0.000167721504113, 9.15246200748e-005, 5.53167301405e-005, 2.4177819796e-005, 2.65872713499e-005, 2.6318257369e-005, 2.64860263997e-005, 4.34115972894e-005, 6.71035959385e-005, 7.76444503572e-005, 9.98961331788e-005, 0.000114261711133, 4.61206655018e-005, 2.1398305762e-005, 6.32486217e-006, 2.8949807529e-006, 1.78536890871e-006, 7.38564693847e-008, 3.07936565136e-010, 5.07032575647e-011]
        dmean2: [5.67947154195e-007, 8.23359878268e-005, 0.000256270519458, 0.000216070809984, 0.000445014535217, 0.000330977956764, 0.00023274004343, 0.000184370030183, 0.000232460777625, 0.000134972593514, 8.08185068308e-005, 3.73865950678e-005, 4.22841003456e-005, 4.17076043959e-005, 4.19863026764e-005, 6.9492343755e-005, 0.000108486528916, 0.00012386313756, 0.000161902382388, 0.000180332484888, 7.42963529774e-005, 3.29427784891e-005, 1.00118086266e-005, 4.42748478235e-006, 2.68433973361e-006, 1.11414614423e-007, 5.24603138707e-010, 9.4107159565e-011]
        dvar: [7.36197994927e-013, 1.27778641001e-008, 1.26822371271e-007, 6.2842318016e-008, 2.25468909321e-007, 9.04090811105e-008, 8.72166552313e-008, 5.58399371187e-008, 1.00540034964e-007, 5.35902486831e-008, 1.28522090748e-008, 3.41586092745e-009, 4.34826530338e-009, 4.42995862215e-009, 4.61326443713e-009, 1.10731406266e-008, 1.86470785479e-008, 2.88190520337e-008, 4.53107027454e-008, 8.63275815277e-008, 1.43360443516e-008, 3.96352017873e-009, 2.73992356581e-010, 6.70212566001e-011, 2.66005897864e-011, 5.03539708031e-014, 4.14182748541e-019, 6.37860013362e-021]
        dvar2: [1.83909354759e-012, 3.70218806722e-008, 3.59461068911e-007, 1.77535312673e-007, 6.11965504049e-007, 2.47192758707e-007, 2.14602820847e-007, 1.28151810941e-007, 1.97222902898e-007, 1.07313809394e-007, 2.50056437778e-008, 7.71497088436e-009, 9.84035697371e-009, 1.02542250247e-008, 1.11625473309e-008, 2.51014373731e-008, 4.36573870388e-008, 6.899881555e-008, 1.14112012284e-007, 1.99460657768e-007, 3.61245184877e-008, 9.05685126895e-009, 6.50538956037e-010, 1.35743569163e-010, 5.23820709031e-011, 1.05132726526e-013, 1.0141530027e-018, 2.05036150334e-020]
        max: [1.22465726236e-005, 0.0017544250004, 0.00473649473861, 0.00340851768851, 0.00756244082004, 0.0055452408269, 0.00549285579473, 0.00717498036101, 0.0106577482074, 0.00624139746651, 0.00355583825149, 0.00209945067763, 0.00298242666759, 0.00220187008381, 0.00280403858051, 0.00263478257693, 0.00282554887235, 0.00319467950612, 0.00769950821996, 0.00517928460613, 0.00233730813488, 0.00146889116149, 0.000385638384614, 0.000369071902242, 0.000198797788471, 8.95511857379e-006, 2.46001778947e-008, 1.11556008875e-009]
        mean: [5.56561928988e-007, 8.74082252267e-005, 0.000265121430857, 0.000153832443175, 0.000545230228454, 0.000615881057456, 0.000429089734098, 0.000246456154855, 0.000461040355731, 0.000237972388277, 0.000131038643303, 4.63590986328e-005, 4.82453833683e-005, 4.83381736558e-005, 4.81759307149e-005, 7.61702103773e-005, 0.000130963773699, 0.000149968414917, 0.000226084317546, 0.00022848835215, 9.29558227654e-005, 3.43898427673e-005, 9.56930762186e-006, 4.35278570876e-006, 2.66214146905e-006, 1.16871724742e-007, 3.59031804287e-010, 3.94074495258e-011]
        median: [2.25589815273e-007, 2.46336530836e-005, 8.56442056829e-005, 6.80471712258e-005, 0.000367291358998, 0.000429751205957, 0.00027155916905, 9.95973095996e-005, 0.000217245979002, 6.72203386785e-005, 4.26011756645e-005, 1.22602341435e-005, 1.3763969946e-005, 1.31122760649e-005, 1.41703676491e-005, 2.53271173278e-005, 3.99073687731e-005, 5.21216716152e-005, 7.4716983363e-005, 4.09888925788e-005, 1.65129858942e-005, 7.23842413208e-006, 1.7547860125e-006, 9.35768923682e-007, 4.95869187489e-007, 2.01706438219e-008, 1.06491607199e-010, 1.27765402425e-011]
        min: [4.58418904938e-025, 3.02276313308e-024, 3.46725272659e-024, 3.47825181419e-024, 2.01589223366e-023, 1.61506427688e-023, 6.84139146736e-024, 1.20666680529e-023, 2.53716410454e-023, 2.62483700114e-023, 1.5378187015e-023, 2.346871606e-023, 5.91817903029e-023, 4.52882395115e-023, 5.29366277963e-023, 6.16746728049e-023, 9.03133844447e-023, 1.13482917118e-022, 1.95483127571e-022, 1.68687958623e-022, 2.20717879161e-022, 3.24496936242e-022, 4.55592492045e-022, 6.49928792565e-022, 8.00326979546e-022, 1.44100739405e-021, 2.05899451436e-021, 5.23891640078e-022]
        var: [8.28570231089e-013, 1.89773388115e-008, 1.79509399345e-007, 6.10679009583e-008, 3.92837961272e-007, 3.87317555806e-007, 2.66524637027e-007, 1.66797548218e-007, 4.20407587853e-007, 2.14426407297e-007, 5.50391661136e-008, 1.07198303567e-008, 1.04147490632e-008, 1.1742766759e-008, 1.35696147652e-008, 2.18878426494e-008, 5.38773967662e-008, 5.47595284672e-008, 1.15408418822e-007, 1.57388797106e-007, 2.55672869542e-008, 6.06215611043e-009, 4.58027227257e-010, 1.35486996622e-010, 7.58935345124e-011, 1.31630749594e-013, 7.9889248317e-019, 4.94735997354e-021]
    mfcc:
        mean: [-763.055480957, 130.325531006, -13.6160860062, 41.5444869995, -24.232334137, -21.9331531525, -6.25573158264, -3.81650447845, -3.7111017704, -5.88188838959, -6.5418176651, -7.09662818909, -3.59145903587]
        cov: [[11261.0800781, -1189.89978027, -2120.48461914, 1191.66003418, -261.975006104, 367.026916504, 237.13961792, 15.9949655533, 61.0603981018, 181.579650879, 240.179077148, 167.34185791, -6.79501342773], [-1189.89978027, 2071.02441406, 788.180541992, -468.608276367, -261.138122559, -193.390457153, -43.2165260315, -48.377155304, -49.3921737671, -47.2819709778, -33.8994750977, -63.1818504333, -66.1632232666], [-2120.48461914, 788.180541992, 1506.00292969, -490.294647217, -43.9625053406, -50.1180114746, -80.6430282593, 26.4473247528, -28.8814907074, -38.7453536987, -90.5117111206, -66.3219451904, -17.9099884033], [1191.66003418, -468.608276367, -490.294647217, 636.492492676, 133.13571167, 70.2968978882, 76.9421463013, 23.1113185883, 67.6673126221, 31.4975299835, 46.1730155945, 55.2563781738, 48.7564582825], [-261.975006104, -261.138122559, -43.9625053406, 133.13571167, 310.207550049, 110.87449646, 43.7568130493, -8.71118831635, 15.3011217117, 35.8664474487, 13.9549427032, 41.1400108337, 22.7520294189], [367.026916504, -193.390457153, -50.1180114746, 70.2968978882, 110.87449646, 235.382720947, 88.4030380249, 7.10502099991, 8.80786705017, 33.7693710327, 40.9140357971, 38.0125694275, 16.8945960999], [237.13961792, -43.2165260315, -80.6430282593, 76.9421463013, 43.7568130493, 88.4030380249, 158.984024048, 29.8247947693, 34.05519104, 26.3512248993, 25.0186653137, 37.5388336182, 15.6432361603], [15.9949655533, -48.377155304, 26.4473247528, 23.1113185883, -8.71118831635, 7.10502099991, 29.8247947693, 90.8509216309, 36.8183364868, 3.06939125061, -4.18148803711, -11.3439502716, 9.876080513], [61.0603981018, -49.3921737671, -28.8814907074, 67.6673126221, 15.3011217117, 8.80786705017, 34.05519104, 36.8183364868, 95.1504058838, 35.2927246094, 3.06859254837, 9.40425205231, 16.5460281372], [181.579650879, -47.2819709778, -38.7453536987, 31.4975299835, 35.8664474487, 33.7693710327, 26.3512248993, 3.06939125061, 35.2927246094, 79.4368972778, 29.5240764618, 20.6161384583, 3.49511933327], [240.179077148, -33.8994750977, -90.5117111206, 46.1730155945, 13.9549427032, 40.9140357971, 25.0186653137, -4.18148803711, 3.06859254837, 29.5240764618, 77.3843231201, 36.2951507568, 7.2955622673], [167.34185791, -63.1818504333, -66.3219451904, 55.2563781738, 41.1400108337, 38.0125694275, 37.5388336182, -11.3439502716, 9.40425205231, 20.6161384583, 36.2951507568, 81.5525817871, 30.782491684], [-6.79501342773, -66.1632232666, -17.9099884033, 48.7564582825, 22.7520294189, 16.8945960999, 15.6432361603, 9.876080513, 16.5460281372, 3.49511933327, 7.2955622673, 30.782491684, 68.580116272]]
        icov: [[0.000172405168996, 1.44561397519e-006, 0.000152825814439, -0.000273147597909, 0.000430914660683, -0.00033105383045, 5.95622404944e-005, -7.83196664997e-005, 0.00021207104146, -0.00036411776091, 8.54040190461e-005, -0.000205448115594, 0.000239389788476], [1.44561397519e-006, 0.000781765789725, -0.000377006217605, 0.000190805556485, 0.000401708355639, 0.000541643123142, -0.000602798885666, 0.000679047545418, -0.000111094494059, 0.000142837598105, -0.000503849005327, 0.000176119108801, 0.000287329312414], [0.000152825814439, -0.000377006217605, 0.00127917935606, 0.000426460028393, -3.0502811569e-005, -0.000662789156195, 0.000596025609411, -0.000856141676195, 0.000120191609312, -0.000334664393449, 0.000958656833973, -0.000213250037632, -0.000175175402546], [-0.000273147597909, 0.000190805556485, 0.000426460028393, 0.00308801280335, -0.00149604992475, 0.00068439648021, -0.000451356114354, -2.96081452689e-005, -0.00172063626815, 0.00130141573027, -0.000806742929853, 0.00027662733919, -0.00118160038255], [0.000430914660683, 0.000401708355639, -3.0502811569e-005, -0.00149604992475, 0.00578037137166, -0.00241079181433, 9.4098104455e-005, 0.000776007422246, 0.000838952953927, -0.00234259106219, 0.00155217282008, -0.00171491398942, 0.000550481723621], [-0.00033105383045, 0.000541643123142, -0.000662789156195, 0.00068439648021, -0.00241079181433, 0.00769752636552, -0.00358566362411, 0.000487002747832, 0.000727801350877, -3.3681448258e-005, -0.00272166053765, 0.000879697327036, -0.000797813991085], [5.95622404944e-005, -0.000602798885666, 0.000596025609411, -0.000451356114354, 9.4098104455e-005, -0.00358566362411, 0.0102323628962, -0.00335486396216, -0.00151818944141, -0.000509810051881, 0.000840142834932, -0.00375807262026, 0.000891823787242], [-7.83196664997e-005, 0.000679047545418, -0.000856141676195, -2.96081452689e-005, 0.000776007422246, 0.000487002747832, -0.00335486396216, 0.0157855842263, -0.00573933310807, 0.0020931144245, -0.0014930163743, 0.00473254919052, -0.00212796521373], [0.00021207104146, -0.000111094494059, 0.000120191609312, -0.00172063626815, 0.000838952953927, 0.000727801350877, -0.00151818944141, -0.00573933310807, 0.0175976771861, -0.00850312877446, 0.00314444722608, -0.0006556189619, -0.00196890928783], [-0.00036411776091, 0.000142837598105, -0.000334664393449, 0.00130141573027, -0.00234259106219, -3.3681448258e-005, -0.000509810051881, 0.0020931144245, -0.00850312877446, 0.020251205191, -0.00662756990641, -0.000356159725925, 0.00157376751304], [8.54040190461e-005, -0.000503849005327, 0.000958656833973, -0.000806742929853, 0.00155217282008, -0.00272166053765, 0.000840142834932, -0.0014930163743, 0.00314444722608, -0.00662756990641, 0.0207826476544, -0.00781333725899, 0.00140048342291], [-0.000205448115594, 0.000176119108801, -0.000213250037632, 0.00027662733919, -0.00171491398942, 0.000879697327036, -0.00375807262026, 0.00473254919052, -0.0006556189619, -0.000356159725925, -0.00781333725899, 0.0221588388085, -0.00851345807314], [0.000239389788476, 0.000287329312414, -0.000175175402546, -0.00118160038255, 0.000550481723621, -0.000797813991085, 0.000891823787242, -0.00212796521373, -0.00196890928783, 0.00157376751304, 0.00140048342291, -0.00851345807314, 0.0198607854545]]
    sccoeffs:
        dmean: [0.0449041351676, 0.0397276729345, 0.0345330014825, 0.0280395783484, 0.0203091911972, 0.0269501172006]
        dmean2: [0.0752678439021, 0.0651361197233, 0.0551331602037, 0.0463279932737, 0.0334603004158, 0.0395165681839]
        dvar: [0.00148762285244, 0.00119924417231, 0.000882323132828, 0.000509522971697, 0.000279455387499, 0.000834160775412]
        dvar2: [0.00403079669923, 0.00311242206953, 0.00208230805583, 0.00132978858892, 0.000729432271328, 0.00166428787634]
        max: [-0.361800283194, -0.375251501799, -0.44446477294, -0.579219222069, -0.626922726631, -0.551967799664]
        mean: [-0.648654699326, -0.679537057877, -0.703133702278, -0.787295758724, -0.805031895638, -0.780342876911]
        median: [-0.651462495327, -0.679059505463, -0.704766869545, -0.788458228111, -0.80320751667, -0.779058873653]
        min: [-0.976262152195, -0.973542273045, -0.97469162941, -0.968283116817, -0.966890752316, -0.962583005428]
        var: [0.00542116491124, 0.00708437431604, 0.00794718135148, 0.00205361307599, 0.0015848656185, 0.00354767055251]
    scvalleys:
        dmean: [0.365435749292, 0.329930901527, 0.317420601845, 0.316210716963, 0.285782247782, 0.589823544025]
        dmean2: [0.593821883202, 0.537641644478, 0.502594411373, 0.485512137413, 0.408265471458, 0.733570516109]
        dvar: [0.138413771987, 0.127262070775, 0.117376998067, 0.148961097002, 0.15109436214, 0.485789299011]
        dvar2: [0.287039130926, 0.283630818129, 0.238628476858, 0.268929749727, 0.254564017057, 0.821371018887]
        max: [-4.94418382645, -4.24553775787, -5.45457935333, -5.86993694305, -5.43532514572, -7.37321329117]
        mean: [-7.12087154388, -6.73522901535, -7.63286685944, -8.33896350861, -8.08561992645, -10.5011835098]
        median: [-6.81873893738, -6.46547317505, -7.34421825409, -8.03001976013, -7.84408664703, -10.0849895477]
        min: [-27.9374580383, -27.8860721588, -27.7250900269, -27.4318084717, -27.4791183472, -27.3532924652]
        var: [2.26063632965, 2.08184337616, 2.04178833961, 2.58796095848, 3.34833955765, 3.20096373558]

rhythm:
    beats_loudness:
        dmean: 0.00320681813173
        dmean2: 0.00620239088312
        dvar: 5.00176656715e-006
        dvar2: 1.678510489e-005
        max: 0.0157069042325
        mean: 0.00611557392403
        median: 0.00611291499808
        min: 3.89544776644e-012
        var: 1.0032416867e-005
    bpm: 90.080406189
    bpm_confidence: 0
    first_peak_bpm: 91
    first_peak_spread: 0.377907007933
    first_peak_weight: 0.614942491055
    onset_rate: 3.38642930984
    second_peak_bpm: 85
    second_peak_spread: 0.333333343267
    second_peak_weight: 0.00766283506528
    beats_loudness_band_ratio:
        dmean: [0.106765367091, 0.218268573284, 0.152461275458, 0.0610260404646, 0.108192637563, 0.19963273406]
        dmean2: [0.194276586175, 0.424135416746, 0.257557779551, 0.106093972921, 0.205204412341, 0.392103523016]
        dvar: [0.0135197360069, 0.0301725678146, 0.0174424815923, 0.00380414887331, 0.0100977681577, 0.0267138332129]
        dvar2: [0.0423574559391, 0.0982452407479, 0.0436445660889, 0.0107854241505, 0.0330801829696, 0.100893542171]
        max: [0.754222035408, 0.834724605083, 0.953974246979, 0.464258998632, 0.661283254623, 0.662493884563]
        mean: [0.119180947542, 0.271533370018, 0.250699788332, 0.079851962626, 0.127226248384, 0.186971247196]
        median: [0.0806370303035, 0.223100170493, 0.230455651879, 0.0635586678982, 0.10904712975, 0.168932154775]
        min: [0, 0, 0, 0, 0, 0]
        var: [0.0148248346522, 0.0349090993404, 0.0253274999559, 0.00428494112566, 0.0110030751675, 0.0244992729276]
    beats_position: [0.684988677502, 1.39319729805, 2.10140585899, 2.80961441994, 3.50621318817, 4.22603178024, 4.95746040344, 5.64244890213, 6.31582736969, 6.98920631409, 7.65097475052, 8.31274318695, 8.98612213135, 9.65950107574, 10.321269989, 10.9830379486, 11.6448068619, 12.3065757751, 12.9799547195, 13.6417226791, 14.3034915924, 14.9768705368, 15.6502494812, 16.3120174408, 16.9737873077, 17.6471652985, 18.3089332581, 18.970703125, 19.6440811157, 20.3058490753, 20.9676189423, 21.6293869019, 22.2911567688, 22.9645347595, 23.6379127502, 24.2996826172, 24.9614505768, 25.6348285675, 26.2965984344, 26.958366394, 27.6317462921, 28.3051242828, 28.9785022736, 29.6402721405, 30.3020401001, 30.9638080597, 31.6255779266, 32.2873458862, 32.9491157532, 33.6224937439, 34.2958717346, 34.9576416016, 35.6194114685, 36.2927894592, 36.9545555115, 37.6163253784, 38.2897033691, 38.9630813599, 39.6248512268, 40.2866210938, 40.9599990845, 41.6217689514, 42.2835350037, 42.9453048706, 43.6070747375, 44.2804527283, 44.953830719, 45.6156005859, 46.2773704529, 46.9507484436, 47.6125144958, 48.2742843628, 48.9476623535, 49.6094322205, 50.2712020874, 50.9445800781, 51.6063499451, 52.2681159973, 52.941493988, 53.603263855, 54.2650337219, 54.9384117126, 55.6117897034, 56.2735595703, 56.9353294373, 57.608707428, 58.2704734802, 58.9322433472, 59.5940132141, 60.2557830811, 60.9291610718, 61.590927124, 62.252696991, 62.9260749817, 63.5994529724, 64.2612228394, 64.9229888916, 65.5847625732, 66.258140564, 66.9199066162, 67.5932846069, 68.2550582886, 68.9168243408, 69.5785903931, 70.2403640747, 70.9137420654, 71.5871200562, 72.2488861084, 72.91065979, 73.5840377808, 74.2574157715, 74.9191818237, 75.580947876, 76.2427215576, 76.9160995483, 77.5778656006, 78.2512435913, 78.9130172729, 79.5747833252, 80.2365493774, 80.8983230591, 81.5717010498, 82.2450790405, 82.9068450928, 83.5686187744, 84.2419967651, 84.9037628174, 85.5771408081, 86.2389068604, 86.900680542, 87.5740585327, 88.235824585, 88.9092025757, 89.5709762573, 90.2327423096, 90.8945083618, 91.5562820435, 92.2180480957, 92.8914260864, 93.5531921387, 94.2265777588, 94.8999557495, 95.5617218018, 96.223487854, 96.8968658447, 97.5586395264, 98.2204055786, 98.8821716309, 99.5439453125, 100.217323303, 100.890701294, 101.552467346, 102.214241028, 102.887619019, 103.560997009, 104.222763062, 104.884536743, 105.557914734, 106.219680786, 106.881446838, 107.554824829, 108.216598511, 108.878364563, 109.540130615, 110.201904297, 110.875282288, 111.548660278, 112.210426331, 112.872200012, 113.545578003, 114.218955994, 114.880722046, 115.542495728, 116.215873718, 116.877639771, 117.539405823, 118.212783813, 118.874557495, 119.536323547, 120.1980896, 120.859863281, 121.533241272, 122.206619263, 122.868385315, 123.530158997, 124.203536987, 124.876914978, 125.53868103, 126.200454712, 126.873832703, 127.535598755, 128.197372437, 128.870742798, 129.532516479, 130.194290161, 130.856048584, 131.517822266, 132.191192627, 132.864578247, 133.526351929, 134.188110352, 134.861495972, 135.523269653, 136.185028076, 136.846801758, 137.520172119, 138.181945801, 138.855331421, 139.517089844, 140.178863525, 140.852249146, 141.514007568, 142.187393188, 142.849151611, 143.510925293, 144.172698975, 144.846069336, 145.507843018, 146.169616699, 146.831375122, 147.493148804, 148.166534424, 148.839904785, 149.501678467, 150.16343689, 150.83682251, 151.51020813, 152.171966553, 152.833740234, 153.495513916, 154.157272339, 154.830657959, 155.492416382, 156.154190063, 156.827575684, 157.500946045, 158.162719727, 158.824493408, 159.49786377, 160.159637451, 160.821395874, 161.494781494, 162.168167114, 162.829925537, 163.491699219, 164.1534729, 164.815231323, 165.488616943, 166.150375366, 166.812149048, 167.485534668, 168.158905029, 168.820678711, 169.482452393, 170.155822754, 170.817596436, 171.479354858, 172.14112854, 172.81451416, 173.476272583, 174.149658203, 174.811431885, 175.473190308, 176.146575928, 176.819946289, 177.481719971, 178.155105591, 178.816864014, 179.490249634, 180.152008057, 180.813781738, 181.47555542, 182.137313843, 182.810699463, 183.484085083, 184.145843506, 184.807617188, 185.469390869, 186.131149292, 186.792922974, 187.454696655, 188.128067017, 188.801452637, 189.46321106, 190.124984741, 190.798370361, 191.471740723, 192.133514404, 192.795272827, 193.468658447, 194.130432129, 194.792190552, 195.465576172, 196.127349854, 196.789108276, 197.450881958, 198.11265564, 198.786026001, 199.459411621, 200.121170044, 200.782943726, 201.456329346, 202.129699707, 202.791473389, 203.453231812, 204.115005493, 204.776779175, 205.450149536, 206.123535156, 206.785308838, 207.447067261, 208.108840942, 208.770614624, 209.420761108, 210.070922852, 210.732696533, 211.394470215, 212.067840576, 212.741226196, 213.414596558, 214.087982178, 214.749740601, 215.411514282, 216.073287964, 216.735046387, 217.408432007, 218.070205688, 218.731964111, 219.405349731, 220.067123413, 220.728881836, 221.390655518, 222.052429199, 222.725799561, 223.399185181, 224.072555542, 224.745941162, 225.407699585, 226.069473267, 226.742858887, 227.40461731, 228.066390991, 228.739776611, 229.401535034, 230.063308716, 230.725082397, 231.38684082, 232.048614502, 232.710388184, 233.383758545, 234.057144165, 234.718902588, 235.38067627, 236.042449951, 236.704208374, 237.377593994, 238.050964355, 238.712738037, 239.374511719, 240.04788208, 240.7212677, 241.383041382, 242.044799805, 242.718185425, 243.391555786, 244.053329468, 244.715103149, 245.376861572, 246.038635254, 246.712020874, 247.373779297, 248.035552979, 248.70892334, 249.370697021, 250.032470703, 250.705841064, 251.379226685, 252.041000366, 252.702758789, 253.364532471, 254.026306152, 254.699676514, 255.361450195, 256.023223877, 256.696594238, 257.3699646, 258.031738281, 258.693511963, 259.366882324, 260.040252686, 260.713653564, 261.375427246, 262.03717041, 262.698944092, 263.360717773, 264.010864258, 264.684265137, 265.357635498, 266.01940918, 266.681182861, 267.354553223, 268.016326904, 268.678100586, 269.351470947, 270.024841309, 270.68661499, 271.348388672, 272.021759033, 272.695129395, 273.356903076, 274.018676758, 274.680450439, 275.342224121, 276.015594482, 276.688964844, 277.362365723, 278.035736084, 278.697509766, 279.359283447, 280.021026611, 280.682800293, 281.344573975, 282.006347656, 282.668121338, 283.32989502, 284.003265381, 284.676635742, 285.338409424, 286.000183105, 286.661956787, 287.323699951, 287.985473633, 288.647247314, 289.320617676, 289.994018555, 290.644165039, 291.3175354, 291.979309082, 292.641082764, 293.314453125, 293.987854004, 294.661224365, 295.322998047, 295.984771729, 296.65814209, 297.319915771, 297.981658936, 298.643432617, 299.305206299, 299.96697998, 300.628753662, 301.302124023, 301.975494385, 302.637268066, 303.299041748, 303.96081543, 304.634185791, 305.295959473, 305.969329834, 306.631103516, 307.292877197, 307.966247559, 308.63961792, 309.313018799, 309.97479248, 310.636535645, 311.309936523, 311.960083008, 312.633453369, 313.295227051, 313.957000732, 314.630371094, 315.303771973, 315.965515137, 316.627288818, 317.2890625, 317.950836182, 318.624206543, 319.297576904, 319.959350586, 320.621124268, 321.282897949, 321.944671631, 322.606445313, 323.268188477, 323.941589355, 324.614959717, 325.288330078, 325.961730957, 326.635101318, 327.30847168, 327.981842041, 328.65524292, 329.316986084, 329.978759766, 330.640533447, 331.302307129, 331.964080811, 332.637451172, 333.310821533, 333.972595215, 334.634368896, 335.307739258, 335.969512939, 336.631286621, 337.293060303, 337.966430664, 338.639801025, 339.313201904, 339.974945068, 340.63671875, 341.310119629, 341.971862793, 342.633636475, 343.307037354, 343.968780518, 344.630554199, 345.292327881, 345.954101563, 346.627471924, 347.300842285, 347.974243164, 348.647613525]
