
metadata:
    version:
        essentia: "2.1-beta2"
    audio_properties:
        analysis_sample_rate: 44100
        bitrate: 320
        channels: 2
        equal_loudness: 1
        length: 213.028564453
        replay_gain: -15.4251461029
        downmix: "mix"
    tags:
        album: "Vultures"
        artist: "Axewound"
        comment: ""
        date: "2012"
        genre: "Metalcore"
        title: "Blood Money And Lies"
        tracknumber: "9"

configuration:
    average_loudness:
        compute: 1
        frameSize: 88200
        hopSize: 44100
        silentFrames: "noise"
        windowType: "hann"
    general:
        analysisSampleRate: 44100
        endTime: 2000
        equalLoudness: 1
        nequalLoudness: 0
        shortSound: 0
        startTime: 0
    lowlevel:
        compute: 1
        frameSize: 2048
        hopSize: 1024
        zeroPadding: 0
        silentFrames: "noise"
        windowType: "blackmanharris62"
        mfccStats: ["mean", "cov", "icov"]
        stats: ["mean", "var", "median", "min", "max", "dmean", "dmean2", "dvar", "dvar2"]
    panning:
        compute: 0
        frameSize: 8192
        hopSize: 2048
        zeroPadding: 8192
        silentFrames: "noise"
        windowType: "hann"
        stats: ["copy"]
    rhythm:
        compute: 1
        maxTempo: 208
        minTempo: 40
        method: "degara"
        stats: ["mean", "var", "median", "min", "max", "dmean", "dmean2", "dvar", "dvar2"]
    segmentation:
        compute: 0
        cpw: 5
        inc1: 300
        inc2: 50
        minimumSegmentsLength: 10
        size1: 1000
        size2: 600
    sfx:
        compute: 1
        stats: ["mean", "var", "median", "min", "max", "dmean", "dmean2", "dvar", "dvar2"]
    svm:
        compute: 0
    tonal:
        compute: 1
        frameSize: 4096
        hopSize: 2048
        zeroPadding: 0
        silentFrames: "noise"
        windowType: "blackmanharris62"
        stats: ["mean", "var", "median", "min", "max", "dmean", "dmean2", "dvar", "dvar2"]

lowlevel:
    average_loudness: 0.932479500771
    barkbands_kurtosis:
        dmean: 0.831605672836
        dmean2: 1.38136613369
        dvar: 1.57168292999
        dvar2: 3.92009043694
        max: 55.6904830933
        mean: -0.413476347923
        median: -0.968606352806
        min: -1.89260685444
        var: 6.60431098938
    barkbands_skewness:
        dmean: 0.441783875227
        dmean2: 0.695800423622
        dvar: 0.161522060633
        dvar2: 0.382632315159
        max: 7.36015272141
        mean: -0.395799160004
        median: -0.482209682465
        min: -3.48289179802
        var: 0.741504967213
    barkbands_spread:
        dmean: 8.45372867584
        dmean2: 13.9377059937
        dvar: 61.0665931702
        dvar2: 165.028717041
        max: 70.3455200195
        mean: 35.7146606445
        median: 35.6460189819
        min: 1.9602265358
        var: 146.376525879
    dissonance:
        dmean: 0.00855454523116
        dmean2: 0.0146223157644
        dvar: 8.13154620118e-005
        dvar2: 0.000220045330934
        max: 0.500000059605
        mean: 0.48682025075
        median: 0.489628374577
        min: 0.393028765917
        var: 0.000113376205263
    hfc:
        dmean: 3.59356808662
        dmean2: 6.11845779419
        dvar: 15.334400177
        dvar2: 41.1208190918
        max: 42.745716095
        mean: 10.9154691696
        median: 9.73938274384
        min: 1.22634727123e-016
        var: 42.3506813049
    pitch:
        dmean: 1006.2946167
        dmean2: 1910.21862793
        dvar: 1823597.25
        dvar2: 4396641.5
        max: 4739.20361328
        mean: 2364.67749023
        median: 3404.61816406
        min: 61.1357650757
        var: 2582705.75
    pitch_instantaneous_confidence:
        dmean: 0.0764835402369
        dmean2: 0.127774253488
        dvar: 0.00424807658419
        dvar2: 0.0112746348605
        max: 0.816503345966
        mean: 0.332852900028
        median: 0.319250702858
        min: 0.101889908314
        var: 0.0100961811841
    pitch_salience:
        dmean: 0.0664440914989
        dmean2: 0.111957706511
        dvar: 0.00369898439385
        dvar2: 0.010020933114
        max: 0.874794602394
        mean: 0.694876432419
        median: 0.714813113213
        min: 0.0668243467808
        var: 0.00751463416964
    silence_rate_20dB:
        dmean: 0
        dmean2: 0
        dvar: 0
        dvar2: 0
        max: 1
        mean: 1
        median: 1
        min: 1
        var: 0
    silence_rate_30dB:
        dmean: 0
        dmean2: 0
        dvar: 0
        dvar2: 0
        max: 1
        mean: 1
        median: 1
        min: 1
        var: 0
    silence_rate_60dB:
        dmean: 0.116185285151
        dmean2: 0.232395902276
        dvar: 0.102678842843
        dvar2: 0.221753567457
        max: 1
        mean: 0.245749786496
        median: 0
        min: 0
        var: 0.185349062085
    spectral_centroid:
        dmean: 317.690887451
        dmean2: 503.961303711
        dvar: 90199.5390625
        dvar2: 205299.078125
        max: 11319.0664063
        mean: 2126.69750977
        median: 2187.06152344
        min: 127.825874329
        var: 350509.5625
    spectral_complexity:
        dmean: 5.32555866241
        dmean2: 8.81796360016
        dvar: 24.6304397583
        dvar2: 63.4943504333
        max: 50
        mean: 19.5148220062
        median: 19
        min: 0
        var: 105.212852478
    spectral_crest:
        dmean: 1.94854581356
        dmean2: 3.29484272003
        dvar: 3.93639564514
        dvar2: 10.4951295853
        max: 25.3647556305
        mean: 6.3218832016
        median: 5.66018772125
        min: 2.23370599747
        var: 7.11825990677
    spectral_decrease:
        dmean: 3.53723966784e-010
        dmean2: 5.90115234456e-010
        dvar: 1.56036804587e-019
        dvar2: 4.06218498507e-019
        max: 5.82087408972e-029
        mean: -1.09889608524e-009
        median: -1.06338904349e-009
        min: -3.60650731501e-009
        var: 3.46438646776e-019
    spectral_energy:
        dmean: 0.00161799020134
        dmean2: 0.00271717249416
        dvar: 3.19378432323e-006
        dvar2: 8.35464925331e-006
        max: 0.01669533737
        mean: 0.00513755064458
        median: 0.00493237422779
        min: 1.09036323018e-020
        var: 7.45528450352e-006
    spectral_energyband_high:
        dmean: 0.000354839314241
        dmean2: 0.000628232490271
        dvar: 1.83624749184e-007
        dvar2: 5.05937975959e-007
        max: 0.00435942830518
        mean: 0.000688244705088
        median: 0.000588232418522
        min: 8.06092999929e-021
        var: 2.24082995715e-007
    spectral_energyband_low:
        dmean: 0.000389308755985
        dmean2: 0.000694472517353
        dvar: 2.58281772858e-007
        dvar2: 7.06715240995e-007
        max: 0.00414260197431
        mean: 0.00043028825894
        median: 0.000223844108405
        min: 5.75636725032e-023
        var: 2.64942002559e-007
    spectral_energyband_middle_high:
        dmean: 0.000807310454547
        dmean2: 0.00132254278287
        dvar: 7.35601531687e-007
        dvar2: 1.84002294645e-006
        max: 0.0123447552323
        mean: 0.00276857032441
        median: 0.00238535460085
        min: 1.30854964586e-021
        var: 3.4323836644e-006
    spectral_energyband_middle_low:
        dmean: 0.000734871835448
        dmean2: 0.00118321413174
        dvar: 1.20587310448e-006
        dvar2: 3.05292815028e-006
        max: 0.0100500555709
        mean: 0.00135733315255
        median: 0.0008991897339
        min: 4.25090005008e-022
        var: 1.77890774467e-006
    spectral_flatness_db:
        dmean: 0.0139113282785
        dmean2: 0.0223515070975
        dvar: 0.000163682503626
        dvar2: 0.000395432609366
        max: 0.364827036858
        mean: 0.130485296249
        median: 0.124803438783
        min: 0.0479009114206
        var: 0.0010227560997
    spectral_flux:
        dmean: 0.00875809881836
        dmean2: 0.013667919673
        dvar: 7.81216367614e-005
        dvar2: 0.000157793081598
        max: 0.110835537314
        mean: 0.0469024963677
        median: 0.0480018630624
        min: 1.04420458391e-010
        var: 0.000266337417997
    spectral_kurtosis:
        dmean: 0.879910409451
        dmean2: 1.47573673725
        dvar: 0.806877672672
        dvar2: 2.36269021034
        max: 14.8132381439
        mean: 2.84211993217
        median: 2.60818576813
        min: -1.16604316235
        var: 1.84890317917
    spectral_rms:
        dmean: 0.00034023297485
        dmean2: 0.000562324770726
        dvar: 1.19706271562e-007
        dvar2: 3.10106173629e-007
        max: 0.00403585610911
        mean: 0.00214334344491
        median: 0.00219364371151
        min: 3.26154706541e-012
        var: 4.18355512011e-007
    spectral_rolloff:
        dmean: 343.774414063
        dmean2: 562.279174805
        dvar: 179203.078125
        dvar2: 400168.8125
        max: 19272.2167969
        mean: 3796.46386719
        median: 3854.44335938
        min: 86.1328125
        var: 451348.65625
    spectral_skewness:
        dmean: 0.164369091392
        dmean2: 0.276023030281
        dvar: 0.0236963313073
        dvar2: 0.0657927691936
        max: 2.60253214836
        mean: 1.13553273678
        median: 1.12897133827
        min: -0.0228906664997
        var: 0.0720888599753
    spectral_spread:
        dmean: 466164.15625
        dmean2: 698860.5625
        dvar: 300063653888
        dvar2: 525256261632
        max: 39200568
        mean: 4762987.5
        median: 4639323
        min: 2148826.75
        var: 1.51012455219e+012
    spectral_strongpeak:
        dmean: 0.494070380926
        dmean2: 0.865655720234
        dvar: 0.427916646004
        dvar2: 1.16083145142
        max: 6.33237409592
        mean: 0.582481622696
        median: 0.277203440666
        min: 0
        var: 0.520908117294
    zerocrossingrate:
        dmean: 0.00880321860313
        dmean2: 0.0107758250087
        dvar: 8.0075871665e-005
        dvar2: 0.000108703527076
        max: 0.5078125
        mean: 0.115650236607
        median: 0.1181640625
        min: 0.01318359375
        var: 0.000595526827965
    barkbands:
        dmean: [1.51599465426e-006, 0.000162456155522, 0.000198427849682, 0.000155417714268, 0.000351448747097, 0.000158838753123, 0.000129759559059, 0.00017028010916, 0.00012754551426, 8.16461542854e-005, 7.95968953753e-005, 8.38646228658e-005, 6.60347941448e-005, 8.35333266878e-005, 9.11412280402e-005, 0.000116832168715, 0.000176430039573, 0.000259831926087, 0.000293780321954, 0.000258543877862, 0.000167004356626, 6.60978039377e-005, 7.39419419915e-006, 3.20593721881e-006, 1.45333262935e-006, 5.68026656822e-008, 5.5716020686e-010]
        dmean2: [2.3941577183e-006, 0.000294145283988, 0.000356426113285, 0.000265613751253, 0.000555040489417, 0.000277755752904, 0.00022942792566, 0.000280610285699, 0.000213671184611, 0.000137127528433, 0.000131117354613, 0.000137320152135, 0.000108193897177, 0.000139285912155, 0.000151510888827, 0.000196128326934, 0.000295073463349, 0.000435150694102, 0.000491376093123, 0.000444990175311, 0.000296774320304, 0.000120103934023, 1.23444169731e-005, 5.1010624702e-006, 2.23583310799e-006, 9.17091043107e-008, 9.45005740327e-010]
        dvar: [3.94912921808e-012, 5.55249002332e-008, 7.45118455825e-008, 5.4203670885e-008, 3.77281679675e-007, 9.89666730788e-008, 8.68699032708e-008, 2.59574960637e-007, 6.8081519089e-008, 2.59079406817e-008, 3.36226619879e-008, 3.10816190563e-008, 1.92598115234e-008, 2.24082867817e-008, 2.5134202275e-008, 2.39571367189e-008, 6.20880626911e-008, 1.15821571001e-007, 1.18728301857e-007, 8.49055794561e-008, 4.34683506967e-008, 1.18022533968e-008, 1.31741076381e-010, 5.30049233671e-011, 7.35078924813e-012, 3.14656985092e-014, 2.15048306341e-018]
        dvar2: [9.70332755118e-012, 1.52653029772e-007, 2.07809890185e-007, 1.43993958091e-007, 9.17595457395e-007, 2.7803216085e-007, 2.37129356151e-007, 6.09742755842e-007, 1.69778402892e-007, 6.75678535345e-008, 8.62024336357e-008, 8.0675633285e-008, 4.95333551953e-008, 5.79177061866e-008, 6.60473205016e-008, 6.31904981674e-008, 1.61862672599e-007, 2.98615020711e-007, 3.15671570661e-007, 2.36924137198e-007, 1.20308939699e-007, 3.29185105841e-008, 3.32319671781e-010, 1.2370954261e-010, 1.61906599239e-011, 8.15919665273e-014, 5.70519662009e-018]
        max: [1.44418781929e-005, 0.00149393570609, 0.00212101615034, 0.00495018437505, 0.00577775109559, 0.00423218263313, 0.00509382598102, 0.00818034820259, 0.00491762952879, 0.00300280330703, 0.00437204632908, 0.00304175727069, 0.00421894900501, 0.00259811501019, 0.00311109819449, 0.00236694607884, 0.00497191259637, 0.00576537242159, 0.00566324545071, 0.00508025800809, 0.00224187667482, 0.00146931002382, 0.000265100999968, 0.000124128433526, 8.61256849021e-005, 4.01223815061e-006, 4.41811707219e-008]
        mean: [1.83802899301e-006, 0.00015376045485, 0.000194370557438, 0.000186635370483, 0.000451245141448, 0.00018666232063, 0.000140826115967, 0.000173891763552, 0.000185136508662, 0.000112010420708, 0.000121164463053, 0.000134836460347, 0.000111510205898, 0.000139066571137, 0.000169079954503, 0.000219426205149, 0.000337852135999, 0.000495880376548, 0.000670793349855, 0.000543929461855, 0.000295033270959, 8.85639747139e-005, 1.39381409099e-005, 6.57753798805e-006, 3.42027601619e-006, 1.0541749873e-007, 8.10041589361e-010]
        median: [6.39957022486e-007, 6.42066879664e-005, 9.5260598755e-005, 9.50536414166e-005, 0.000190889957594, 0.000103562706499, 6.26721448498e-005, 3.9175083657e-005, 7.0796275395e-005, 4.40589064965e-005, 3.67850516341e-005, 4.55137851532e-005, 4.01619327022e-005, 7.15759088052e-005, 7.57495872676e-005, 0.000159623014042, 0.000217278051423, 0.000296841724776, 0.000513625447638, 0.000455803441582, 0.000245968141826, 6.26230466878e-005, 1.02933809103e-005, 4.66976553071e-006, 2.29504621529e-006, 5.45206972902e-008, 4.189912306e-010]
        min: [3.50782226522e-024, 3.78936656452e-023, 7.55260321596e-024, 2.20038944446e-023, 1.38995789509e-022, 2.86170432085e-023, 3.75052526236e-023, 2.18496579381e-023, 1.32350437865e-022, 1.19472820013e-022, 7.72981008981e-023, 7.64705100779e-023, 5.00179055558e-023, 9.1382196308e-023, 8.70373965666e-023, 1.35242212617e-022, 1.61148316392e-022, 1.90274777574e-022, 2.23638759725e-022, 3.02415040809e-022, 5.31826444825e-022, 6.98611431131e-022, 6.59596718409e-022, 8.04179549015e-022, 1.04397544226e-021, 1.91697814489e-021, 2.510203969e-021]
        var: [5.61502840751e-012, 4.65540601624e-008, 6.76219968909e-008, 8.16825576067e-008, 4.87459203669e-007, 8.0858292506e-008, 7.13945453867e-008, 2.69427687272e-007, 1.0848889076e-007, 3.70447850173e-008, 5.34655946183e-008, 6.0339559127e-008, 4.55886173256e-008, 3.75003068598e-008, 5.62045023855e-008, 4.55422473067e-008, 1.23674396946e-007, 2.97422303674e-007, 2.90949031978e-007, 1.38887202183e-007, 4.80281876492e-008, 9.46152844961e-009, 2.05084796367e-010, 8.0284452697e-011, 2.10383828414e-011, 4.7029928915e-014, 2.08794738192e-018]
    frequency_bands:
        dmean: [1.51599465426e-006, 0.000162456155522, 0.000198427849682, 0.000155417714268, 0.000351448747097, 0.000158838753123, 0.000129759559059, 0.00017028010916, 0.00012754551426, 8.16461542854e-005, 7.95968953753e-005, 8.38646228658e-005, 6.60347941448e-005, 8.35333266878e-005, 9.11412280402e-005, 0.000116832168715, 0.000176430039573, 0.000259831926087, 0.000293780321954, 0.000258543877862, 0.000167004356626, 6.60978039377e-005, 7.39419419915e-006, 3.20593721881e-006, 1.45333262935e-006, 5.68026656822e-008, 5.5716020686e-010, 6.07708119937e-011]
        dmean2: [2.3941577183e-006, 0.000294145283988, 0.000356426113285, 0.000265613751253, 0.000555040489417, 0.000277755752904, 0.00022942792566, 0.000280610285699, 0.000213671184611, 0.000137127528433, 0.000131117354613, 0.000137320152135, 0.000108193897177, 0.000139285912155, 0.000151510888827, 0.000196128326934, 0.000295073463349, 0.000435150694102, 0.000491376093123, 0.000444990175311, 0.000296774320304, 0.000120103934023, 1.23444169731e-005, 5.1010624702e-006, 2.23583310799e-006, 9.17091043107e-008, 9.45005740327e-010, 1.12482578807e-010]
        dvar: [3.94912921808e-012, 5.55249002332e-008, 7.45118455825e-008, 5.4203670885e-008, 3.77281679675e-007, 9.89666730788e-008, 8.68699032708e-008, 2.59574960637e-007, 6.8081519089e-008, 2.59079406817e-008, 3.36226619879e-008, 3.10816190563e-008, 1.92598115234e-008, 2.24082867817e-008, 2.5134202275e-008, 2.39571367189e-008, 6.20880626911e-008, 1.15821571001e-007, 1.18728301857e-007, 8.49055794561e-008, 4.34683506967e-008, 1.18022533968e-008, 1.31741076381e-010, 5.30049233671e-011, 7.35078924813e-012, 3.14656985092e-014, 2.15048306341e-018, 7.22051853591e-021]
        dvar2: [9.70332755118e-012, 1.52653029772e-007, 2.07809890185e-007, 1.43993958091e-007, 9.17595457395e-007, 2.7803216085e-007, 2.37129356151e-007, 6.09742755842e-007, 1.69778402892e-007, 6.75678535345e-008, 8.62024336357e-008, 8.0675633285e-008, 4.95333551953e-008, 5.79177061866e-008, 6.60473205016e-008, 6.31904981674e-008, 1.61862672599e-007, 2.98615020711e-007, 3.15671570661e-007, 2.36924137198e-007, 1.20308939699e-007, 3.29185105841e-008, 3.32319671781e-010, 1.2370954261e-010, 1.61906599239e-011, 8.15919665273e-014, 5.70519662009e-018, 2.28533427324e-020]
        max: [1.44418781929e-005, 0.00149393570609, 0.00212101615034, 0.00495018437505, 0.00577775109559, 0.00423218263313, 0.00509382598102, 0.00818034820259, 0.00491762952879, 0.00300280330703, 0.00437204632908, 0.00304175727069, 0.00421894900501, 0.00259811501019, 0.00311109819449, 0.00236694607884, 0.00497191259637, 0.00576537242159, 0.00566324545071, 0.00508025800809, 0.00224187667482, 0.00146931002382, 0.000265100999968, 0.000124128433526, 8.61256849021e-005, 4.01223815061e-006, 4.41811707219e-008, 9.5849417292e-010]
        mean: [1.83802899301e-006, 0.00015376045485, 0.000194370557438, 0.000186635370483, 0.000451245141448, 0.00018666232063, 0.000140826115967, 0.000173891763552, 0.000185136508662, 0.000112010420708, 0.000121164463053, 0.000134836460347, 0.000111510205898, 0.000139066571137, 0.000169079954503, 0.000219426205149, 0.000337852135999, 0.000495880376548, 0.000670793349855, 0.000543929461855, 0.000295033270959, 8.85639747139e-005, 1.39381409099e-005, 6.57753798805e-006, 3.42027601619e-006, 1.0541749873e-007, 8.10041589361e-010, 4.74099787207e-011]
        median: [6.39957022486e-007, 6.42066879664e-005, 9.5260598755e-005, 9.50536414166e-005, 0.000190889957594, 0.000103562706499, 6.26721448498e-005, 3.9175083657e-005, 7.0796275395e-005, 4.40589064965e-005, 3.67850516341e-005, 4.55137851532e-005, 4.01619327022e-005, 7.15759088052e-005, 7.57495872676e-005, 0.000159623014042, 0.000217278051423, 0.000296841724776, 0.000513625447638, 0.000455803441582, 0.000245968141826, 6.26230466878e-005, 1.02933809103e-005, 4.66976553071e-006, 2.29504621529e-006, 5.45206972902e-008, 4.189912306e-010, 1.82029651769e-011]
        min: [3.50782226522e-024, 3.78936656452e-023, 7.55260321596e-024, 2.20038944446e-023, 1.38995789509e-022, 2.86170432085e-023, 3.75052526236e-023, 2.18496579381e-023, 1.32350437865e-022, 1.19472820013e-022, 7.72981008981e-023, 7.64705100779e-023, 5.00179055558e-023, 9.1382196308e-023, 8.70373965666e-023, 1.35242212617e-022, 1.61148316392e-022, 1.90274777574e-022, 2.23638759725e-022, 3.02415040809e-022, 5.31826444825e-022, 6.98611431131e-022, 6.59596718409e-022, 8.04179549015e-022, 1.04397544226e-021, 1.91697814489e-021, 2.510203969e-021, 7.93592505552e-022]
        var: [5.61502840751e-012, 4.65540601624e-008, 6.76219968909e-008, 8.16825576067e-008, 4.87459203669e-007, 8.0858292506e-008, 7.13945453867e-008, 2.69427687272e-007, 1.0848889076e-007, 3.70447850173e-008, 5.34655946183e-008, 6.0339559127e-008, 4.55886173256e-008, 3.75003068598e-008, 5.62045023855e-008, 4.55422473067e-008, 1.23674396946e-007, 2.97422303674e-007, 2.90949031978e-007, 1.38887202183e-007, 4.80281876492e-008, 9.46152844961e-009, 2.05084796367e-010, 8.0284452697e-011, 2.10383828414e-011, 4.7029928915e-014, 2.08794738192e-018, 5.78917538214e-021]
    mfcc:
        mean: [-689.945373535, 83.06640625, -48.1917953491, 59.9384269714, -12.5527591705, -0.880111992359, 3.95623993874, -4.41834831238, 1.85638320446, -3.69295334816, -2.93932318687, -3.79284906387, -4.71203184128]
        cov: [[4738.95703125, 454.12487793, -349.909820557, 151.81262207, -242.310684204, -36.7801246643, -70.2283630371, -9.43359661102, -80.0839233398, -66.9647064209, -11.0487585068, -84.739364624, -85.1097564697], [454.12487793, 694.878356934, -191.710617065, 162.523468018, -48.1673774719, 16.1147632599, 41.5628585815, -6.10120296478, 5.85113668442, -36.3245010376, -9.81865310669, -16.1546669006, -36.5287208557], [-349.909820557, -191.710617065, 440.3230896, 18.4624519348, 93.3396148682, 35.1087608337, -21.6270980835, 13.5534210205, -21.6477603912, 2.3715877533, -24.3810806274, -8.01397418976, 28.6850204468], [151.81262207, 162.523468018, 18.4624519348, 330.162628174, 82.004234314, 20.8042011261, -26.9387130737, -17.2379875183, 65.2057189941, 29.8012561798, 12.0353059769, 6.50061893463, 8.33227539063], [-242.310684204, -48.1673774719, 93.3396148682, 82.004234314, 152.181777954, 51.2664642334, 14.5017404556, 7.91899442673, 23.1292915344, 20.7833385468, -5.7916302681, 0.137280598283, 5.25275611877], [-36.7801246643, 16.1147632599, 35.1087608337, 20.8042011261, 51.2664642334, 144.158416748, 85.0423126221, 42.5317802429, 2.924482584, -21.8573932648, -8.20290756226, -3.7600069046, 6.54659461975], [-70.2283630371, 41.5628585815, -21.6270980835, -26.9387130737, 14.5017404556, 85.0423126221, 134.774276733, 62.2708320618, 5.57764959335, -19.7488307953, -0.940383374691, 5.73890638351, 3.48335528374], [-9.43359661102, -6.10120296478, 13.5534210205, -17.2379875183, 7.91899442673, 42.5317802429, 62.2708320618, 96.5360870361, 31.7009811401, 10.8106422424, 10.6733169556, 1.66599500179, 0.121007442474], [-80.0839233398, 5.85113668442, -21.6477603912, 65.2057189941, 23.1292915344, 2.924482584, 5.57764959335, 31.7009811401, 98.1456298828, 53.9330329895, 25.8569316864, 13.0597801208, 7.5534119606], [-66.9647064209, -36.3245010376, 2.3715877533, 29.8012561798, 20.7833385468, -21.8573932648, -19.7488307953, 10.8106422424, 53.9330329895, 91.1587677002, 47.7023658752, 22.1756496429, 5.41184711456], [-11.0487585068, -9.81865310669, -24.3810806274, 12.0353059769, -5.7916302681, -8.20290756226, -0.940383374691, 10.6733169556, 25.8569316864, 47.7023658752, 74.5063934326, 40.6426048279, 12.2866477966], [-84.739364624, -16.1546669006, -8.01397418976, 6.50061893463, 0.137280598283, -3.7600069046, 5.73890638351, 1.66599500179, 13.0597801208, 22.1756496429, 40.6426048279, 76.1937026978, 43.6837730408], [-85.1097564697, -36.5287208557, 28.6850204468, 8.33227539063, 5.25275611877, 6.54659461975, 3.48335528374, 0.121007442474, 7.5534119606, 5.41184711456, 12.2866477966, 43.6837730408, 66.5539093018]]
        icov: [[0.000277420534985, -4.70227932965e-005, 0.000179778246093, -0.000305041263346, 0.000469399907161, -0.000194683263544, 0.000322337233229, -0.000367034168448, 0.000492160208523, -9.37756485655e-005, -4.32325541624e-005, 0.000255488354014, 4.7618879762e-005], [-4.70227932965e-005, 0.00225727679208, 0.000699292460922, -0.00163945450913, 0.00100591790397, 9.57537267823e-005, -0.00111367553473, 9.77274758043e-005, 0.000466585363029, 0.000460078677861, 0.000385758321499, -0.000329874776071, 0.00110688642599], [0.000179778246093, 0.000699292460922, 0.00351699232124, -0.000638436700683, -0.00126613432076, -0.000727963633835, 0.00161337479949, -0.00196764105931, 0.00236647063866, -0.000802663329523, 0.000933272356633, 0.001002690522, -0.001765258261], [-0.000305041263346, -0.00163945450913, -0.000638436700683, 0.00597614608705, -0.00333150080405, -0.000776785891503, 0.00174298603088, 0.00197998038493, -0.00448078475893, 0.00118261959869, -0.00115260027815, 0.000128251223941, -0.000977440737188], [0.000469399907161, 0.00100591790397, -0.00126613432076, -0.00333150080405, 0.0120395123959, -0.00380254443735, -0.000783213239629, 0.000762089912314, 0.00066928943852, -0.00405735336244, 0.00339235924184, -0.00114737998229, 0.00195940537378], [-0.000194683263544, 9.57537267823e-005, -0.000727963633835, -0.000776785891503, -0.00380254443735, 0.0140565326437, -0.0079726325348, -0.00096543476684, -9.76943192654e-005, 0.00341147067957, -0.0018765530549, 0.00216757971793, -0.00179153762292], [0.000322337233229, -0.00111367553473, 0.00161337479949, 0.00174298603088, -0.000783213239629, -0.0079726325348, 0.0179887972772, -0.00840843189508, 0.000524728791788, 0.00254960381426, 8.73806638992e-005, -0.00232841190882, 5.24769602634e-005], [-0.000367034168448, 9.77274758043e-005, -0.00196764105931, 0.00197998038493, 0.000762089912314, -0.00096543476684, -0.00840843189508, 0.0194791294634, -0.00765903992578, -0.000114553164167, -0.00206180522218, 0.00122062768787, 0.00108195457142], [0.000492160208523, 0.000466585363029, 0.00236647063866, -0.00448078475893, 0.00066928943852, -9.76943192654e-005, 0.000524728791788, -0.00765903992578, 0.0221897289157, -0.0116889104247, 0.0023544980213, 0.00108744052704, -0.00234659016132], [-9.37756485655e-005, 0.000460078677861, -0.000802663329523, 0.00118261959869, -0.00405735336244, 0.00341147067957, 0.00254960381426, -0.000114553164167, -0.0116889104247, 0.0271330531687, -0.0141874905676, 0.000588244874962, 0.00153526652139], [-4.32325541624e-005, 0.000385758321499, 0.000933272356633, -0.00115260027815, 0.00339235924184, -0.0018765530549, 8.73806638992e-005, -0.00206180522218, 0.0023544980213, -0.0141874905676, 0.0298786088824, -0.0148815475404, 0.00495276320726], [0.000255488354014, -0.000329874776071, 0.001002690522, 0.000128251223941, -0.00114737998229, 0.00216757971793, -0.00232841190882, 0.00122062768787, 0.00108744052704, 0.000588244874962, -0.0148815475404, 0.0320184715092, -0.0187453646213], [4.7618879762e-005, 0.00110688642599, -0.001765258261, -0.000977440737188, 0.00195940537378, -0.00179153762292, 5.24769602634e-005, 0.00108195457142, -0.00234659016132, 0.00153526652139, 0.00495276320726, -0.0187453646213, 0.0281248800457]]
    sccoeffs:
        dmean: [0.0656698420644, 0.0519427992404, 0.0379047878087, 0.0296181924641, 0.0199741981924, 0.0240164920688]
        dmean2: [0.107953675091, 0.0858094245195, 0.0635157972574, 0.0498952977359, 0.0335807017982, 0.0402780920267]
        dvar: [0.00285486713983, 0.00186984217726, 0.000939552322961, 0.000550183351152, 0.000259849039139, 0.000501466216519]
        dvar2: [0.00766098918393, 0.00479002669454, 0.00248692557216, 0.00149460334796, 0.000710981723387, 0.00132672756445]
        max: [-0.344294399023, -0.427065104246, -0.575542211533, -0.609237551689, -0.687061369419, -0.548305809498]
        mean: [-0.687487125397, -0.772551357746, -0.800366461277, -0.801174819469, -0.804477274418, -0.732746958733]
        median: [-0.693830251694, -0.779272913933, -0.808948516846, -0.805038869381, -0.806839883327, -0.736207604408]
        min: [-0.970608592033, -0.96273624897, -0.955436527729, -0.956080436707, -0.960908651352, -0.961588561535]
        var: [0.00654827198014, 0.00405137473717, 0.00287508754991, 0.00157265015878, 0.000789382727817, 0.00176064658444]
    scvalleys:
        dmean: [0.382348895073, 0.423421293497, 0.332097142935, 0.258979290724, 0.237697571516, 0.265467047691]
        dmean2: [0.637431919575, 0.708740651608, 0.538078725338, 0.422149389982, 0.383872956038, 0.406985521317]
        dvar: [0.107900932431, 0.170746520162, 0.093010134995, 0.0603343546391, 0.0595986507833, 0.125403910875]
        dvar2: [0.264569789171, 0.434511512518, 0.210361763835, 0.128795057535, 0.128631561995, 0.271920084953]
        max: [-5.228951931, -4.46920108795, -5.11576509476, -5.54580163956, -5.48197984695, -7.57061767578]
        mean: [-6.72659015656, -6.69851303101, -6.9022860527, -6.95369243622, -6.56696510315, -9.33249282837]
        median: [-6.52172899246, -6.58467102051, -6.78264141083, -6.83005332947, -6.43300437927, -9.0838060379]
        min: [-27.6146602631, -27.4579906464, -27.5342903137, -27.5348320007, -27.2452926636, -27.1754283905]
        var: [1.27865159512, 1.17395198345, 1.06896078587, 0.896331131458, 0.906614303589, 1.23946654797]

rhythm:
    beats_loudness:
        dmean: 0.00174960063305
        dmean2: 0.00307161710225
        dvar: 2.09632412407e-006
        dvar2: 5.93311051489e-006
        max: 0.011286678724
        mean: 0.00528149073943
        median: 0.00530334888026
        min: 1.88477367047e-009
        var: 5.56998384127e-006
    bpm: 98.1392059326
    bpm_confidence: 0
    first_peak_bpm: 98
    first_peak_spread: 0.28806579113
    first_peak_weight: 0.46256685257
    onset_rate: 3.21083712578
    second_peak_bpm: 129
    second_peak_spread: 0.315315306187
    second_peak_weight: 0.203208550811
    beats_loudness_band_ratio:
        dmean: [0.150141015649, 0.131399810314, 0.0728233009577, 0.061298314482, 0.104099586606, 0.0979043468833]
        dmean2: [0.273869931698, 0.239295184612, 0.128424942493, 0.103045970201, 0.181448802352, 0.173425093293]
        dvar: [0.0142839550972, 0.0104497047141, 0.00984737742692, 0.00575665850192, 0.00796004757285, 0.0075847543776]
        dvar2: [0.0373374037445, 0.0307945460081, 0.0269445795566, 0.0155190080404, 0.0216969568282, 0.0222257245332]
        max: [0.970535576344, 0.592478513718, 0.702797710896, 0.753701090813, 0.732525229454, 0.913493871689]
        mean: [0.227282434702, 0.170760512352, 0.0871998816729, 0.0904170423746, 0.240810468793, 0.285682678223]
        median: [0.215060159564, 0.147593408823, 0.052395131439, 0.0519310384989, 0.216638311744, 0.267477303743]
        min: [1.68591177498e-005, 4.29672909377e-005, 0.000826563860755, 0.00113757245708, 0.0118479439989, 0.0102436384186]
        var: [0.0246813278645, 0.0171611867845, 0.00901612732559, 0.00777918891981, 0.0127750951797, 0.0135369161144]
    beats_position: [0.46439909935, 0.952018141747, 1.42802715302, 1.90403628349, 2.38004541397, 2.85605430603, 3.33206343651, 3.80807256699, 4.27247142792, 4.73687076569, 5.20126962662, 5.66566896439, 6.13006782532, 6.59446716309, 7.05886602402, 7.5464849472, 8.04571437836, 8.53333282471, 9.03256225586, 9.49696159363, 9.97297000885, 10.4373693466, 10.9133787155, 11.3893871307, 11.8653964996, 12.3414058685, 12.8174142838, 13.2934236526, 13.7694330215, 14.2454423904, 14.7330608368, 15.2090702057, 15.6734695435, 16.1378688812, 16.602268219, 17.0666656494, 17.5310649872, 17.995464325, 18.4598636627, 18.9242630005, 19.3886623383, 19.853061676, 20.3174591064, 20.7818584442, 21.246257782, 21.6990470886, 22.1518363953, 22.6046257019, 23.0574150085, 23.5218143463, 23.9862117767, 24.4506111145, 24.9150104523, 25.37940979, 25.8438091278, 26.2965984344, 26.7493877411, 27.2137870789, 27.6781845093, 28.142583847, 28.6069831848, 29.0597724915, 29.5125617981, 29.9769611359, 30.4413604736, 30.9057598114, 31.3701572418, 31.8345565796, 32.2873458862, 32.7401351929, 33.204536438, 33.6689338684, 34.1333312988, 34.5977325439, 35.0621299744, 35.5265312195, 35.9909286499, 36.455329895, 36.9197273254, 37.3841247559, 37.848526001, 38.3129234314, 38.7773246765, 39.2301139832, 39.6829032898, 40.1356925964, 40.5884780884, 41.0528793335, 41.5172767639, 41.981678009, 42.4460754395, 42.9104766846, 43.374874115, 43.8392753601, 44.3036727905, 44.7680702209, 45.2324714661, 45.6968688965, 46.1496582031, 46.6024475098, 47.0668487549, 47.5312461853, 47.9956436157, 48.4600448608, 48.9244422913, 49.3772315979, 49.8300209045, 50.2944221497, 50.7588195801, 51.2232208252, 51.6876182556, 52.152015686, 52.6164169312, 53.0808143616, 53.5452156067, 54.0096130371, 54.4624023438, 54.9268035889, 55.5305213928, 56.1342391968, 56.7495689392, 57.3648986816, 57.9802246094, 58.5955543518, 59.2108840942, 59.8378219604, 60.4647598267, 61.0684814453, 61.683807373, 62.2991371155, 62.9144668579, 63.5297966003, 64.1451263428, 64.7604522705, 65.3757781982, 65.9911117554, 66.6064376831, 67.2217712402, 67.837097168, 68.4524230957, 69.0561447144, 69.6714706421, 70.2868041992, 70.902130127, 71.5174560547, 72.1327896118, 72.7481155396, 73.3750534058, 73.9903869629, 74.6057128906, 75.2210388184, 75.8363723755, 76.4516983032, 77.0670318604, 77.6823577881, 78.2976837158, 78.9014053345, 79.5051269531, 80.1204528809, 80.7357788086, 81.3627166748, 81.9896621704, 82.6049880981, 83.2203140259, 83.8240356445, 84.4277572632, 85.0546951294, 85.6816329956, 86.2853469849, 86.8890686035, 87.4695663452, 88.0500640869, 88.6305618286, 89.2342834473, 89.8380050659, 90.4417190552, 91.0686569214, 91.6839904785, 92.2993164063, 92.9262542725, 93.5415878296, 94.1453018188, 94.7490234375, 95.3643493652, 95.9796829224, 96.5950088501, 97.2219467163, 97.8488845825, 98.4642181396, 99.0795440674, 99.6948699951, 100.310203552, 100.92552948, 101.540863037, 102.156188965, 102.771514893, 103.398452759, 104.002174377, 104.617500305, 105.244445801, 105.894599915, 106.544761658, 107.20652771, 107.833465576, 108.460403442, 109.087341309, 109.714286804, 110.318000793, 110.921722412, 111.525436401, 112.140769958, 112.756095886, 113.371429443, 113.986755371, 114.602081299, 115.217414856, 115.821128845, 116.448066711, 117.05178833, 117.667114258, 118.282447815, 118.909385681, 119.524711609, 120.140045166, 120.743759155, 121.359092712, 121.97441864, 122.578140259, 123.205078125, 123.820404053, 124.447341919, 125.062675476, 125.678001404, 126.293327332, 126.89704895, 127.500770569, 128.116104126, 128.731430054, 129.35836792, 129.985305786, 130.600631714, 131.215957642, 131.81968689, 132.423400879, 133.050338745, 133.665664673, 134.280990601, 134.896316528, 135.511657715, 136.126983643, 136.74230957, 137.357635498, 137.984573364, 138.599899292, 139.226852417, 139.842178345, 140.457504272, 141.0728302, 141.688156128, 142.303482056, 142.918823242, 143.53414917, 144.149475098, 144.764801025, 145.380126953, 145.99546814, 146.610794067, 147.226119995, 147.841445923, 148.456771851, 149.072113037, 149.675827026, 150.291152954, 150.906478882, 151.533416748, 152.148742676, 152.764083862, 153.37940979, 153.994735718, 154.598449707, 155.225387573, 155.852325439, 156.456054688, 157.048156738, 157.640274048, 158.232376099, 158.824493408, 159.416595459, 160.00869751, 160.600814819, 161.19291687, 161.78503418, 162.37713623, 162.96925354, 163.561355591, 164.141860962, 164.733963013, 165.326080322, 165.906570435, 166.498687744, 167.090789795, 167.682891846, 168.275009155, 168.867111206, 169.459228516, 170.039718628, 170.631835938, 171.223937988, 171.816055298, 172.408157349, 173.000274658, 173.592376709, 174.184494019, 174.776596069, 175.380310059, 175.972427368, 176.564529419, 177.168243408, 177.771972656, 178.375686646, 178.967803955, 179.571517944, 180.163619995, 180.767349243, 181.371063232, 181.974777222, 182.57850647, 183.182220459, 183.785934448, 184.378051758, 184.970153809, 185.573867798, 186.177597046, 186.781311035, 187.385025024, 188.011962891, 188.638900757, 189.265853882, 189.88117981, 190.496505737, 191.123443604, 191.727157593, 192.342483521, 192.957824707, 193.573150635, 194.188476563, 194.80380249, 195.419128418, 196.034469604, 196.649795532, 197.26512146, 197.880447388, 198.495773315, 199.111114502, 199.72644043, 200.341766357, 200.968704224, 201.572418213, 202.187744141, 202.803085327, 203.418411255, 204.033737183, 204.64906311, 205.264389038, 205.891326904, 206.506668091, 207.121994019, 207.737319946, 208.352645874, 208.97958374, 209.641357422, 210.303131104, 210.964889526, 211.626663208, 212.300048828]
    bpm_estimates: [99.3841781616, 99.3841781616, 97.5086975098, 97.5086975098, 97.5093002319, 97.5086975098, 97.5086975098, 95.7032623291, 95.7032623291, 99.3835525513, 97.5093002319, 97.5086975098, 97.5086975098, 97.5086975098, 97.5086975098, 97.5093002319, 97.5093002319, 97.5080871582, 97.5093002319, 97.5080871582, 97.5093002319, 97.5093002319, 99.3835525513, 97.5093002319, 97.5080871582, 97.5093002319, 97.5093002319, 97.5080871582, 97.5093002319, 95.7032623291, 97.5080871582, 97.5093002319, 97.5093002319, 97.5080871582, 97.5093002319, 97.5080871582, 97.5093002319, 97.5093002319, 99.3835525513, 99.3835525513, 97.5093002319, 97.5093002319, 95.7032623291, 95.7021026611, 97.5093002319, 97.5093002319, 99.3835525513, 99.3835525513, 95.7032623291, 95.7032623291, 99.3848114014, 99.3835525513, 99.3835525513, 99.3835525513, 99.3848114014, 95.7032623291, 97.5080871582, 97.5093002319, 95.7032623291, 97.5080871582, 99.3848114014, 99.3835525513, 97.5093002319, 97.5080871582, 97.5093002319, 95.7032623291, 95.7032623291, 97.5080871582, 97.5093002319, 97.5093002319, 97.5080871582, 97.5093002319, 97.5080871582, 97.5093002319, 97.5093002319, 95.7032623291, 99.3835525513, 97.5093002319, 95.7021026611, 95.7032623291, 95.7032623291, 95.7032623291, 95.7021026611, 99.3848114014, 99.3835525513, 99.3848114014, 97.5080871582, 97.5093002319, 97.5080871582, 97.5093002319, 97.5093002319, 97.5080871582, 99.3848114014, 95.7032623291, 99.3835525513, 97.5093002319, 97.5080871582, 95.7032623291, 97.5093002319, 97.5080871582, 99.3848114014, 97.5080871582, 97.5093002319, 99.3835525513, 95.7032623291, 97.5093002319, 95.7032623291, 97.5080871582, 97.5093002319, 97.5093002319, 99.3835525513, 99.3835525513, 97.5080871582, 97.5093002319, 95.7032623291, 95.7032623291, 97.5093002319, 97.5093002319, 99.3823013306, 99.3848114014, 95.7032623291, 97.5093002319, 97.5093002319, 97.5093002319, 97.5068817139, 97.5093002319, 97.5093002319, 97.5093002319, 95.7032623291, 97.5093002319, 95.7009353638, 97.5093002319, 97.5093002319, 97.5093002319, 97.5093002319, 97.5093002319, 97.5068817139, 97.5093002319, 97.5093002319, 97.5093002319, 97.5093002319, 97.5068817139, 97.5093002319, 97.5093002319, 97.5093002319, 97.5093002319, 97.5068817139, 99.3848114014, 97.5093002319, 97.5093002319, 95.7032623291, 97.5093002319, 97.5068817139, 97.5093002319, 97.5093002319, 99.3848114014, 95.7032623291, 95.7032623291, 99.3823013306, 101.333885193, 101.331268311, 101.333885193, 101.331268311, 101.333885193, 101.333885193, 101.331268311, 101.333885193, 101.331268311, 101.333885193, 101.331268311, 101.333885193, 101.333885193, 101.331268311, 101.331268311, 101.333885193, 101.333885193, 101.331268311, 101.333885193, 101.331268311, 101.331268311, 101.333885193, 101.331268311, 101.333885193, 101.331268311, 101.333885193, 101.331268311, 101.333885193, 99.3848114014, 101.331268311, 101.333885193, 99.3848114014, 99.3823013306, 99.3848114014, 101.331268311, 99.3848114014, 101.333885193, 99.3823013306, 99.3848114014, 99.3848114014, 99.3823013306, 99.3848114014, 99.3848114014, 101.331268311, 101.333885193, 99.3848114014, 99.3823013306, 99.3848114014, 99.3848114014, 95.7032623291, 95.7032623291, 95.7009353638, 97.5093002319, 97.5093002319, 95.7032623291, 99.3848114014, 97.5093002319, 97.5068817139, 97.5093002319, 97.5093002319, 97.5093002319, 97.5093002319, 97.5068817139, 97.5093002319, 97.5093002319, 97.5093002319, 97.5093002319, 97.5068817139, 97.5093002319, 97.5093002319, 95.7032623291, 99.3848114014, 97.5093002319, 97.5068817139, 97.5093002319, 97.5093002319, 97.5093002319, 97.5093002319, 95.7032623291, 97.5068817139, 97.5093002319, 97.5093002319, 97.5093002319, 95.7032623291]
