
metadata:
    version:
        essentia: "2.1-beta2"
    audio_properties:
        analysis_sample_rate: 44100
        bitrate: 128
        channels: 2
        equal_loudness: 1
        length: 322.37713623
        replay_gain: -11.4177398682
        downmix: "mix"
    tags:
        album: "Le bien-être et la paix"
        artist: "Mass Hysteria"
        comment: ""
        date: "1997"
        genre: "Metal"
        title: "Gone"
        tracknumber: "8"

configuration:
    average_loudness:
        compute: 1
        frameSize: 88200
        hopSize: 44100
        silentFrames: "noise"
        windowType: "hann"
    general:
        analysisSampleRate: 44100
        endTime: 2000
        equalLoudness: 1
        nequalLoudness: 0
        shortSound: 0
        startTime: 0
    lowlevel:
        compute: 1
        frameSize: 2048
        hopSize: 1024
        zeroPadding: 0
        silentFrames: "noise"
        windowType: "blackmanharris62"
        mfccStats: ["mean", "cov", "icov"]
        stats: ["mean", "var", "median", "min", "max", "dmean", "dmean2", "dvar", "dvar2"]
    panning:
        compute: 0
        frameSize: 8192
        hopSize: 2048
        zeroPadding: 8192
        silentFrames: "noise"
        windowType: "hann"
        stats: ["copy"]
    rhythm:
        compute: 1
        maxTempo: 208
        minTempo: 40
        method: "degara"
        stats: ["mean", "var", "median", "min", "max", "dmean", "dmean2", "dvar", "dvar2"]
    segmentation:
        compute: 0
        cpw: 5
        inc1: 300
        inc2: 50
        minimumSegmentsLength: 10
        size1: 1000
        size2: 600
    sfx:
        compute: 1
        stats: ["mean", "var", "median", "min", "max", "dmean", "dmean2", "dvar", "dvar2"]
    svm:
        compute: 0
    tonal:
        compute: 1
        frameSize: 4096
        hopSize: 2048
        zeroPadding: 0
        silentFrames: "noise"
        windowType: "blackmanharris62"
        stats: ["mean", "var", "median", "min", "max", "dmean", "dmean2", "dvar", "dvar2"]

lowlevel:
    average_loudness: 0.863436579704
    barkbands_kurtosis:
        dmean: 1.16172719002
        dmean2: 1.91554534435
        dvar: 7.31653165817
        dvar2: 19.3138046265
        max: 101.874984741
        mean: 1.08014822006
        median: -0.964347541332
        min: -1.86976385117
        var: 62.5737457275
    barkbands_skewness:
        dmean: 0.40913438797
        dmean2: 0.658863723278
        dvar: 0.15916416049
        dvar2: 0.392519086599
        max: 8.34348869324
        mean: 0.136227816343
        median: -0.248864129186
        min: -4.27413320541
        var: 1.96411943436
    barkbands_spread:
        dmean: 4.85716676712
        dmean2: 7.79413795471
        dvar: 23.1880607605
        dvar2: 56.1090736389
        max: 76.6823730469
        mean: 30.7517433167
        median: 32.884513855
        min: 0.82204413414
        var: 162.898971558
    dissonance:
        dmean: 0.0113850329071
        dmean2: 0.0194921530783
        dvar: 0.000189619575394
        dvar2: 0.000552489014808
        max: 0.500000119209
        mean: 0.480401486158
        median: 0.486067891121
        min: 0.290065288544
        var: 0.000354590185452
    hfc:
        dmean: 2.1385974884
        dmean2: 3.38057303429
        dvar: 16.8782787323
        dvar2: 39.7045631409
        max: 59.3335952759
        mean: 7.74378728867
        median: 7.61831092834
        min: 1.14751219429e-016
        var: 50.0680770874
    pitch:
        dmean: 818.224304199
        dmean2: 1573.82470703
        dvar: 1671181
        dvar2: 4084155.75
        max: 5019.56982422
        mean: 1598.06384277
        median: 371.364074707
        min: 53.4484405518
        var: 2506327.75
    pitch_instantaneous_confidence:
        dmean: 0.0723125487566
        dmean2: 0.120471380651
        dvar: 0.00377217284404
        dvar2: 0.00989379175007
        max: 0.950534343719
        mean: 0.361189335585
        median: 0.341217696667
        min: 0.0964416861534
        var: 0.0138882761821
    pitch_salience:
        dmean: 0.0527496896684
        dmean2: 0.0873840004206
        dvar: 0.00226077926345
        dvar2: 0.005881737452
        max: 0.923766374588
        mean: 0.677055537701
        median: 0.697185575962
        min: 0.131752446294
        var: 0.00888589490205
    silence_rate_20dB:
        dmean: 0
        dmean2: 0
        dvar: 0
        dvar2: 0
        max: 1
        mean: 1
        median: 1
        min: 1
        var: 0
    silence_rate_30dB:
        dmean: 0
        dmean2: 0
        dvar: 0
        dvar2: 0
        max: 1
        mean: 1
        median: 1
        min: 1
        var: 0
    silence_rate_60dB:
        dmean: 0.0570440776646
        dmean2: 0.11409637332
        dvar: 0.0537869557738
        dvar2: 0.125869244337
        max: 1
        mean: 0.357652127743
        median: 0
        min: 0
        var: 0.229742452502
    spectral_centroid:
        dmean: 224.412078857
        dmean2: 357.011779785
        dvar: 57750.1015625
        dvar2: 131362.390625
        max: 11515.4023438
        mean: 1711.2052002
        median: 1884.73620605
        min: 145.026184082
        var: 628534.4375
    spectral_complexity:
        dmean: 3.25021600723
        dmean2: 5.12526130676
        dvar: 18.2111206055
        dvar2: 39.5427284241
        max: 54
        mean: 15.0509901047
        median: 17
        min: 0
        var: 121.39604187
    spectral_crest:
        dmean: 1.75859045982
        dmean2: 2.97763419151
        dvar: 3.21034884453
        dvar2: 8.62552070618
        max: 24.9310054779
        mean: 6.94853830338
        median: 5.78863191605
        min: 2.33279490471
        var: 11.9107627869
    spectral_decrease:
        dmean: 2.66640709512e-010
        dmean2: 4.44360132024e-010
        dvar: 2.49933785306e-019
        dvar2: 6.66421576021e-019
        max: 9.69252471424e-029
        mean: -8.52078962943e-010
        median: -8.1407408592e-010
        min: -5.47382805749e-009
        var: 5.08189059272e-019
    spectral_energy:
        dmean: 0.00117622979451
        dmean2: 0.00194422353525
        dvar: 4.88492969453e-006
        dvar2: 1.28085066535e-005
        max: 0.0252104345709
        mean: 0.00391832971945
        median: 0.00380201684311
        min: 1.03780923084e-020
        var: 1.06678817247e-005
    spectral_energyband_high:
        dmean: 0.000164090160979
        dmean2: 0.000268925912678
        dvar: 9.68895577103e-008
        dvar2: 2.40973150767e-007
        max: 0.00490984786302
        mean: 0.000424020225182
        median: 0.000353301002178
        min: 7.31109400519e-021
        var: 2.21522967081e-007
    spectral_energyband_low:
        dmean: 0.000320647610351
        dmean2: 0.000563761568628
        dvar: 6.57575640162e-007
        dvar2: 1.88003889434e-006
        max: 0.00754812685773
        mean: 0.000399124372052
        median: 0.000157239017426
        min: 1.89807506861e-023
        var: 6.30793806522e-007
    spectral_energyband_middle_high:
        dmean: 0.000571458425839
        dmean2: 0.000902516650967
        dvar: 9.85384531305e-007
        dvar2: 2.29122088058e-006
        max: 0.0172032993287
        mean: 0.00199769274332
        median: 0.00195422512479
        min: 1.48905919633e-021
        var: 3.3069784422e-006
    spectral_energyband_middle_low:
        dmean: 0.000549864838831
        dmean2: 0.000932863797061
        dvar: 8.84141059032e-007
        dvar2: 2.43256295107e-006
        max: 0.0105246994644
        mean: 0.00121993501671
        median: 0.000957788259257
        min: 2.00670979806e-022
        var: 1.4608458514e-006
    spectral_flatness_db:
        dmean: 0.0154263386503
        dmean2: 0.0242781564593
        dvar: 0.000234587176237
        dvar2: 0.000540308596101
        max: 0.407623648643
        mean: 0.170054078102
        median: 0.154099524021
        min: 0.0575763732195
        var: 0.00283144880086
    spectral_flux:
        dmean: 0.00610836828128
        dmean2: 0.00937979388982
        dvar: 8.9913206466e-005
        dvar2: 0.000168414524524
        max: 0.122624866664
        mean: 0.0341784842312
        median: 0.0357293114066
        min: 6.58794477304e-011
        var: 0.000450251973234
    spectral_kurtosis:
        dmean: 2.73016571999
        dmean2: 4.72456645966
        dvar: 34.8843841553
        dvar2: 100.533805847
        max: 145.106582642
        mean: 6.86025094986
        median: 3.66587305069
        min: -1.25132989883
        var: 152.234512329
    spectral_rms:
        dmean: 0.000237692336668
        dmean2: 0.000384929997381
        dvar: 1.33440764216e-007
        dvar2: 3.39462502552e-007
        max: 0.00495938956738
        mean: 0.00172392034438
        median: 0.00192595040426
        min: 3.18197551641e-012
        var: 8.50852188705e-007
    spectral_rolloff:
        dmean: 271.42199707
        dmean2: 452.57913208
        dvar: 147730.0625
        dvar2: 336059.28125
        max: 19422.9492188
        mean: 3044.07421875
        median: 3509.91210938
        min: 129.19921875
        var: 1657675
    spectral_skewness:
        dmean: 0.256379753351
        dmean2: 0.429712682962
        dvar: 0.136175751686
        dvar2: 0.380509823561
        max: 9.69608879089
        mean: 1.46364271641
        median: 1.22210049629
        min: -0.0369703918695
        var: 1.03289544582
    spectral_spread:
        dmean: 384491.09375
        dmean2: 560501.9375
        dvar: 288190332928
        dvar2: 529993465856
        max: 41909768
        mean: 3721942.75
        median: 3523568.25
        min: 587031.625
        var: 2.7256881152e+012
    spectral_strongpeak:
        dmean: 0.46902641654
        dmean2: 0.825286388397
        dvar: 0.587599873543
        dvar2: 1.53256642818
        max: 7.31332826614
        mean: 0.612505793571
        median: 0.188643857837
        min: 4.64836030778e-010
        var: 0.884057283401
    zerocrossingrate:
        dmean: 0.00655483454466
        dmean2: 0.00795322004706
        dvar: 4.65949124191e-005
        dvar2: 5.27855954715e-005
        max: 0.515625
        mean: 0.095720037818
        median: 0.10693359375
        min: 0.00634765625
        var: 0.00147721951362
    barkbands:
        dmean: [3.91026389934e-007, 8.42076624394e-005, 0.000177959256689, 0.000197283967282, 0.000237419488258, 0.000156824418809, 5.89331066294e-005, 7.66800294514e-005, 7.72504354245e-005, 4.46999292762e-005, 3.27275483869e-005, 3.57457902282e-005, 3.15475081152e-005, 3.24359716615e-005, 4.41865122411e-005, 0.000107565851067, 0.000171629930264, 0.000205924690817, 0.000194863794604, 0.000164999742992, 7.74221261963e-005, 1.89779620996e-005, 4.43307862952e-006, 1.71035969743e-006, 7.51542586386e-007, 5.30669908017e-008, 1.9681152541e-010]
        dmean2: [6.68649533964e-007, 0.000146464226418, 0.000310310453642, 0.000354045187123, 0.000401910278015, 0.000261337001575, 0.000100094293884, 0.000123707242892, 0.000125036938698, 7.42605989217e-005, 5.24589813722e-005, 5.85971283726e-005, 5.1825409173e-005, 5.28912241862e-005, 7.22203767509e-005, 0.000178489237442, 0.000285113404971, 0.000333014351781, 0.000322124338709, 0.000273844838375, 0.000128874758957, 2.96297093882e-005, 6.70473400533e-006, 2.40843314714e-006, 1.06227287233e-006, 7.56807949642e-008, 3.56188051276e-010]
        dvar: [7.21444822285e-013, 4.31500843945e-008, 1.82598810738e-007, 2.21988443627e-007, 1.72793022557e-007, 9.66789812651e-008, 2.20657838668e-008, 3.5185738767e-008, 4.32975326703e-008, 1.18626086731e-008, 6.81451650664e-009, 8.62087290443e-009, 6.60725252288e-009, 7.10028214002e-009, 7.67708474569e-009, 3.0134906126e-008, 6.16870678982e-008, 1.25078926771e-007, 9.7212073058e-008, 8.3339735113e-008, 2.22378275794e-008, 1.78148118479e-009, 1.13240326838e-010, 1.81561224388e-011, 2.46581726392e-012, 1.70874904124e-014, 1.00329964343e-019]
        dvar2: [1.94154761712e-012, 1.17748491846e-007, 5.12023063948e-007, 6.46605656129e-007, 4.8204765335e-007, 2.54169066238e-007, 5.73064227183e-008, 8.69170904139e-008, 1.01750849524e-007, 2.83926286926e-008, 1.46989833638e-008, 2.16882636295e-008, 1.67342033564e-008, 1.66167541948e-008, 1.94958289512e-008, 7.93615342332e-008, 1.72386165787e-007, 2.98627270467e-007, 2.41832225356e-007, 2.11839079611e-007, 5.67181217548e-008, 4.22367651964e-009, 2.56671128795e-010, 3.53390892938e-011, 4.87595077162e-012, 3.41602390634e-014, 3.10892602054e-019]
        max: [1.0451781236e-005, 0.00187670858577, 0.00666964566335, 0.00528424372897, 0.00731415953487, 0.0066333389841, 0.00529364077374, 0.00529847387224, 0.0059301359579, 0.00343833002262, 0.00331691349857, 0.0026328607928, 0.00209758593701, 0.00320392195135, 0.00272764754482, 0.00323754642159, 0.00442365650088, 0.00646236119792, 0.00496199820191, 0.00413226289675, 0.00223486451432, 0.000762442417908, 0.000224119983613, 0.000142850738484, 4.89591584483e-005, 2.08322080653e-006, 5.66409674718e-009]
        mean: [4.24043548719e-007, 9.08128495212e-005, 0.000210102691199, 0.000223238574108, 0.000412925495766, 0.000247302523348, 8.13042279333e-005, 0.000109476211946, 0.000120598648209, 6.34859679849e-005, 5.10680365551e-005, 5.22034679307e-005, 4.39758223365e-005, 5.07740951434e-005, 8.09039484011e-005, 0.000201754941372, 0.000380620738724, 0.000436500034994, 0.000454603956314, 0.00038322652108, 0.000172432453837, 3.64689694834e-005, 8.62655178935e-006, 3.84032637157e-006, 1.57771944487e-006, 9.03182026946e-008, 1.82719825381e-010]
        median: [1.47186682398e-007, 3.85172425013e-005, 5.73652032472e-005, 8.56189726619e-005, 0.000276860839222, 0.000135158159537, 3.95635979658e-005, 4.22295634053e-005, 5.88079055888e-005, 2.510358172e-005, 1.9567545678e-005, 1.84135005838e-005, 1.47926639329e-005, 2.75595830317e-005, 5.5033233366e-005, 0.000160190320457, 0.000330680573825, 0.000327212357661, 0.000416663096985, 0.000331100949552, 0.000137946015457, 1.08154054033e-005, 1.73883313437e-006, 5.42553095784e-007, 2.50707415717e-007, 1.24893206888e-008, 7.23592505358e-011]
        min: [1.35369931564e-024, 3.56105736012e-024, 2.07631049875e-024, 1.845420812e-023, 1.24501562159e-023, 1.23904796773e-023, 8.54484192888e-024, 3.3436532111e-023, 3.08774673344e-023, 3.25858623761e-023, 1.90221390623e-023, 3.55609597723e-023, 3.8795384147e-023, 3.61652808682e-023, 7.39098044707e-023, 6.34194564224e-023, 1.23105076408e-022, 1.65688860923e-022, 1.68161908306e-022, 1.84810710426e-022, 3.52435183575e-022, 3.7465899824e-022, 5.2860062219e-022, 6.79432392368e-022, 9.81176358672e-022, 1.32152927289e-021, 2.10472310234e-021]
        var: [6.76252836281e-013, 3.70304675812e-008, 2.38585670331e-007, 1.9111722338e-007, 2.493793545e-007, 1.46136557078e-007, 2.6798257835e-008, 5.58866695144e-008, 7.0402300878e-008, 1.76143757358e-008, 1.58555177876e-008, 1.55390917911e-008, 1.09711999485e-008, 1.23702328381e-008, 1.45108369765e-008, 5.47038574439e-008, 1.5656135588e-007, 2.93624111691e-007, 2.09559871678e-007, 1.74747725623e-007, 4.09681604197e-008, 4.19589074596e-009, 2.84753137736e-010, 7.82342246541e-011, 9.0726549537e-012, 3.46349874778e-014, 8.80735775078e-020]
    frequency_bands:
        dmean: [3.91026389934e-007, 8.42076624394e-005, 0.000177959256689, 0.000197283967282, 0.000237419488258, 0.000156824418809, 5.89331066294e-005, 7.66800294514e-005, 7.72504354245e-005, 4.46999292762e-005, 3.27275483869e-005, 3.57457902282e-005, 3.15475081152e-005, 3.24359716615e-005, 4.41865122411e-005, 0.000107565851067, 0.000171629930264, 0.000205924690817, 0.000194863794604, 0.000164999742992, 7.74221261963e-005, 1.89779620996e-005, 4.43307862952e-006, 1.71035969743e-006, 7.51542586386e-007, 5.30669908017e-008, 1.9681152541e-010, 4.75521982901e-011]
        dmean2: [6.68649533964e-007, 0.000146464226418, 0.000310310453642, 0.000354045187123, 0.000401910278015, 0.000261337001575, 0.000100094293884, 0.000123707242892, 0.000125036938698, 7.42605989217e-005, 5.24589813722e-005, 5.85971283726e-005, 5.1825409173e-005, 5.28912241862e-005, 7.22203767509e-005, 0.000178489237442, 0.000285113404971, 0.000333014351781, 0.000322124338709, 0.000273844838375, 0.000128874758957, 2.96297093882e-005, 6.70473400533e-006, 2.40843314714e-006, 1.06227287233e-006, 7.56807949642e-008, 3.56188051276e-010, 8.84955025926e-011]
        dvar: [7.21444822285e-013, 4.31500843945e-008, 1.82598810738e-007, 2.21988443627e-007, 1.72793022557e-007, 9.66789812651e-008, 2.20657838668e-008, 3.5185738767e-008, 4.32975326703e-008, 1.18626086731e-008, 6.81451650664e-009, 8.62087290443e-009, 6.60725252288e-009, 7.10028214002e-009, 7.67708474569e-009, 3.0134906126e-008, 6.16870678982e-008, 1.25078926771e-007, 9.7212073058e-008, 8.3339735113e-008, 2.22378275794e-008, 1.78148118479e-009, 1.13240326838e-010, 1.81561224388e-011, 2.46581726392e-012, 1.70874904124e-014, 1.00329964343e-019, 6.76815131114e-021]
        dvar2: [1.94154761712e-012, 1.17748491846e-007, 5.12023063948e-007, 6.46605656129e-007, 4.8204765335e-007, 2.54169066238e-007, 5.73064227183e-008, 8.69170904139e-008, 1.01750849524e-007, 2.83926286926e-008, 1.46989833638e-008, 2.16882636295e-008, 1.67342033564e-008, 1.66167541948e-008, 1.94958289512e-008, 7.93615342332e-008, 1.72386165787e-007, 2.98627270467e-007, 2.41832225356e-007, 2.11839079611e-007, 5.67181217548e-008, 4.22367651964e-009, 2.56671128795e-010, 3.53390892938e-011, 4.87595077162e-012, 3.41602390634e-014, 3.10892602054e-019, 2.20670187029e-020]
        max: [1.0451781236e-005, 0.00187670858577, 0.00666964566335, 0.00528424372897, 0.00731415953487, 0.0066333389841, 0.00529364077374, 0.00529847387224, 0.0059301359579, 0.00343833002262, 0.00331691349857, 0.0026328607928, 0.00209758593701, 0.00320392195135, 0.00272764754482, 0.00323754642159, 0.00442365650088, 0.00646236119792, 0.00496199820191, 0.00413226289675, 0.00223486451432, 0.000762442417908, 0.000224119983613, 0.000142850738484, 4.89591584483e-005, 2.08322080653e-006, 5.66409674718e-009, 1.61046198599e-009]
        mean: [4.24043548719e-007, 9.08128495212e-005, 0.000210102691199, 0.000223238574108, 0.000412925495766, 0.000247302523348, 8.13042279333e-005, 0.000109476211946, 0.000120598648209, 6.34859679849e-005, 5.10680365551e-005, 5.22034679307e-005, 4.39758223365e-005, 5.07740951434e-005, 8.09039484011e-005, 0.000201754941372, 0.000380620738724, 0.000436500034994, 0.000454603956314, 0.00038322652108, 0.000172432453837, 3.64689694834e-005, 8.62655178935e-006, 3.84032637157e-006, 1.57771944487e-006, 9.03182026946e-008, 1.82719825381e-010, 3.64020272259e-011]
        median: [1.47186682398e-007, 3.85172425013e-005, 5.73652032472e-005, 8.56189726619e-005, 0.000276860839222, 0.000135158159537, 3.95635979658e-005, 4.22295634053e-005, 5.88079055888e-005, 2.510358172e-005, 1.9567545678e-005, 1.84135005838e-005, 1.47926639329e-005, 2.75595830317e-005, 5.5033233366e-005, 0.000160190320457, 0.000330680573825, 0.000327212357661, 0.000416663096985, 0.000331100949552, 0.000137946015457, 1.08154054033e-005, 1.73883313437e-006, 5.42553095784e-007, 2.50707415717e-007, 1.24893206888e-008, 7.23592505358e-011, 8.78071400312e-012]
        min: [1.35369931564e-024, 3.56105736012e-024, 2.07631049875e-024, 1.845420812e-023, 1.24501562159e-023, 1.23904796773e-023, 8.54484192888e-024, 3.3436532111e-023, 3.08774673344e-023, 3.25858623761e-023, 1.90221390623e-023, 3.55609597723e-023, 3.8795384147e-023, 3.61652808682e-023, 7.39098044707e-023, 6.34194564224e-023, 1.23105076408e-022, 1.65688860923e-022, 1.68161908306e-022, 1.84810710426e-022, 3.52435183575e-022, 3.7465899824e-022, 5.2860062219e-022, 6.79432392368e-022, 9.81176358672e-022, 1.32152927289e-021, 2.10472310234e-021, 6.04818722022e-022]
        var: [6.76252836281e-013, 3.70304675812e-008, 2.38585670331e-007, 1.9111722338e-007, 2.493793545e-007, 1.46136557078e-007, 2.6798257835e-008, 5.58866695144e-008, 7.0402300878e-008, 1.76143757358e-008, 1.58555177876e-008, 1.55390917911e-008, 1.09711999485e-008, 1.23702328381e-008, 1.45108369765e-008, 5.47038574439e-008, 1.5656135588e-007, 2.93624111691e-007, 2.09559871678e-007, 1.74747725623e-007, 4.09681604197e-008, 4.19589074596e-009, 2.84753137736e-010, 7.82342246541e-011, 9.0726549537e-012, 3.46349874778e-014, 8.80735775078e-020, 4.97886836551e-021]
    mfcc:
        mean: [-758.291259766, 107.958496094, -44.694896698, 60.4577331543, -8.91738891602, -14.4054298401, -2.96180510521, -5.92335367203, -1.4953597784, -8.19460773468, -9.66355514526, -4.44161176682, -6.07289266586]
        cov: [[14292.7490234, -463.562469482, -2280.65649414, 2493.32519531, -212.935394287, 348.765411377, 142.391342163, 338.672973633, 584.027648926, 394.691986084, 159.36026001, 256.999542236, 44.9276046753], [-463.562469482, 1239.44799805, -260.306121826, -30.52693367, -30.1605606079, -124.124320984, 94.9579467773, -75.2881088257, -24.6701221466, -89.3640136719, -60.0326843262, -24.4798774719, -23.6962337494], [-2280.65649414, -260.306121826, 982.155212402, -500.256561279, 110.071807861, -8.63222694397, -63.6968574524, 30.3037757874, -133.6456604, -24.8399581909, -22.6939716339, -50.5480804443, 7.15701246262], [2493.32519531, -30.52693367, -500.256561279, 950.527099609, 57.36901474, 64.4502258301, 98.5736465454, 26.8037834167, 205.835525513, 120.128166199, 15.8106679916, 62.8031578064, -10.3384571075], [-212.935394287, -30.1605606079, 110.071807861, 57.36901474, 133.633590698, 5.68209314346, 10.8587188721, 3.61407923698, 6.94282245636, 19.3150157928, -10.6775636673, -2.54867625237, -4.97485113144], [348.765411377, -124.124320984, -8.63222694397, 64.4502258301, 5.68209314346, 116.652809143, 20.0348148346, 30.3589096069, 19.4956169128, 9.38373661041, 19.6908874512, 5.80879163742, 4.60505247116], [142.391342163, 94.9579467773, -63.6968574524, 98.5736465454, 10.8587188721, 20.0348148346, 124.98500824, 26.1642494202, 28.3835449219, 1.00634610653, -7.95926856995, 12.1409320831, -4.57410097122], [338.672973633, -75.2881088257, 30.3037757874, 26.8037834167, 3.61407923698, 30.3589096069, 26.1642494202, 94.6450119019, 24.1355800629, 22.5024795532, 5.46812534332, 7.67700529099, 8.06829738617], [584.027648926, -24.6701221466, -133.6456604, 205.835525513, 6.94282245636, 19.4956169128, 28.3835449219, 24.1355800629, 112.20526886, 50.1780662537, 10.1520767212, 18.144701004, -2.65459179878], [394.691986084, -89.3640136719, -24.8399581909, 120.128166199, 19.3150157928, 9.38373661041, 1.00634610653, 22.5024795532, 50.1780662537, 81.8018493652, 20.9963417053, 14.8869037628, -1.56136715412], [159.36026001, -60.0326843262, -22.6939716339, 15.8106679916, -10.6775636673, 19.6908874512, -7.95926856995, 5.46812534332, 10.1520767212, 20.9963417053, 55.2427940369, 20.7200832367, 2.63544178009], [256.999542236, -24.4798774719, -50.5480804443, 62.8031578064, -2.54867625237, 5.80879163742, 12.1409320831, 7.67700529099, 18.144701004, 14.8869037628, 20.7200832367, 50.5754585266, 15.8819198608], [44.9276046753, -23.6962337494, 7.15701246262, -10.3384571075, -4.97485113144, 4.60505247116, -4.57410097122, 8.06829738617, -2.65459179878, -1.56136715412, 2.63544178009, 15.8819198608, 43.52917099]]
        icov: [[0.000234321210883, 3.3604537748e-005, 0.000360097852536, -0.000463460397441, 0.00031402753666, -0.000283899717033, 0.000394802103983, -0.000820469518658, 0.000339872931363, -0.000317102210829, 7.85076190368e-005, -0.000204594834941, -5.41026238352e-005], [3.3604537748e-005, 0.00121003307868, 0.000421933771577, 6.07908332313e-005, -0.0001095246771, 0.00113927747589, -0.0010677712271, 0.000357184064342, 9.99994608719e-006, 0.000859693624079, 0.00026383443037, 0.000425092614023, 0.00011801574874], [0.000360097852536, 0.000421933771577, 0.00261691049673, 0.000327371701133, -0.00146527448669, -0.000397625437472, 0.000595958495978, -0.00202052784152, 0.00161327165551, -0.00123569183052, 0.00060163915623, 0.000349138659658, -0.000292503740638], [-0.000463460397441, 6.07908332313e-005, 0.000327371701133, 0.00350771052763, -0.00202537490986, -0.000243375252467, -0.0014873748878, 0.00215817149729, -0.00299047376029, -0.00108249718323, 0.00107986689545, -0.000921198399737, 0.00057819718495], [0.00031402753666, -0.0001095246771, -0.00146527448669, -0.00202537490986, 0.0105960564688, -0.000858279468957, -0.000140454270877, -3.19895480061e-005, 0.000881398038473, -0.00248937960714, 0.00229515414685, -0.000684563594405, 0.000744377670344], [-0.000283899717033, 0.00113927747589, -0.000397625437472, -0.000243375252467, -0.000858279468957, 0.0122408103198, -0.00259958556853, -0.00146598881111, -0.000993279274553, 0.00339166028425, -0.00500256102532, 0.00309260096401, -0.00123812421225], [0.000394802103983, -0.0010677712271, 0.000595958495978, -0.0014873748878, -0.000140454270877, -0.00259958556853, 0.0119499852881, -0.00466937525198, -0.000487092213007, 0.00117391697131, 0.00241817603819, -0.0037986615207, 0.00219213194214], [-0.000820469518658, 0.000357184064342, -0.00202052784152, 0.00215817149729, -3.19895480061e-005, -0.00146598881111, -0.00466937525198, 0.0170719698071, -0.0035390262492, -0.0020744423382, 0.000786702963524, 0.000577137689106, -0.0021659580525], [0.000339872931363, 9.99994608719e-006, 0.00161327165551, -0.00299047376029, 0.000881398038473, -0.000993279274553, -0.000487092213007, -0.0035390262492, 0.0190161745995, -0.00763872638345, 0.00101941556204, -0.000760927563533, 0.000591344432905], [-0.000317102210829, 0.000859693624079, -0.00123569183052, -0.00108249718323, -0.00248937960714, 0.00339166028425, 0.00117391697131, -0.0020744423382, -0.00763872638345, 0.0232033301145, -0.00717171002179, 6.98060175637e-005, 0.00138108781539], [7.85076190368e-005, 0.00026383443037, 0.00060163915623, 0.00107986689545, 0.00229515414685, -0.00500256102532, 0.00241817603819, 0.000786702963524, 0.00101941556204, -0.00717171002179, 0.0273042228073, -0.011556907557, 0.003488403745], [-0.000204594834941, 0.000425092614023, 0.000349138659658, -0.000921198399737, -0.000684563594405, 0.00309260096401, -0.0037986615207, 0.000577137689106, -0.000760927563533, 6.98060175637e-005, -0.011556907557, 0.0315786041319, -0.0116110397503], [-5.41026238352e-005, 0.00011801574874, -0.000292503740638, 0.00057819718495, 0.000744377670344, -0.00123812421225, 0.00219213194214, -0.0021659580525, 0.000591344432905, 0.00138108781539, 0.003488403745, -0.0116110397503, 0.0282372497022]]
    sccoeffs:
        dmean: [0.0528420098126, 0.0459185987711, 0.0346988849342, 0.0271889567375, 0.0185180995613, 0.0220988187939]
        dmean2: [0.0900899544358, 0.0769279897213, 0.0578516200185, 0.0457763969898, 0.0311050545424, 0.0346988737583]
        dvar: [0.00182996620424, 0.00134216540027, 0.000750001054257, 0.000464342097985, 0.00022448306845, 0.000458229071228]
        dvar2: [0.00536255119368, 0.0037437453866, 0.00202354369685, 0.00127462588716, 0.000611842086073, 0.000982193276286]
        max: [-0.385862231255, -0.445873081684, -0.57034778595, -0.492726534605, -0.626508176327, -0.483211576939]
        mean: [-0.677683949471, -0.770156383514, -0.809721529484, -0.808049917221, -0.80540728569, -0.723532617092]
        median: [-0.68308532238, -0.774511516094, -0.815480172634, -0.807882726192, -0.803587317467, -0.727433919907]
        min: [-0.970806181431, -0.974978625774, -0.967501103878, -0.965926468372, -0.961971580982, -0.961701095104]
        var: [0.0044604614377, 0.00412108702585, 0.0026359912008, 0.00198829104193, 0.0010820395546, 0.00352999474853]
    scvalleys:
        dmean: [0.389376044273, 0.351376950741, 0.309364974499, 0.258015841246, 0.196473166347, 0.364645093679]
        dmean2: [0.655778467655, 0.591856241226, 0.507981777191, 0.417011588812, 0.313070297241, 0.510721385479]
        dvar: [0.104910112917, 0.094165712595, 0.0770762860775, 0.0621621906757, 0.055254753679, 0.221380755305]
        dvar2: [0.271846681833, 0.243579059839, 0.183188423514, 0.140335857868, 0.119043633342, 0.41882699728]
        max: [-4.94395256042, -4.47638177872, -5.33823633194, -5.51858663559, -5.27513074875, -7.55594015121]
        mean: [-7.13857412338, -6.91897583008, -7.45913648605, -7.75876569748, -7.39216709137, -10.9927072525]
        median: [-6.6248793602, -6.6548166275, -7.19038391113, -7.29216384888, -6.50040388107, -10.4413690567]
        min: [-28.2254619598, -27.4664592743, -27.7781276703, -27.4699249268, -27.3407096863, -27.3272399902]
        var: [2.11295318604, 1.50727701187, 1.66308796406, 2.15339827538, 3.57623577118, 4.44820642471]

rhythm:
    beats_loudness:
        dmean: 0.00318908318877
        dmean2: 0.00559869082645
        dvar: 8.81417145138e-006
        dvar2: 2.53582766163e-005
        max: 0.0162033848464
        mean: 0.00563208898529
        median: 0.0052557089366
        min: 8.43811331919e-009
        var: 1.70841030922e-005
    bpm: 127.940895081
    bpm_confidence: 0
    first_peak_bpm: 129
    first_peak_spread: 0.440643906593
    first_peak_weight: 0.425727397203
    onset_rate: 2.72662043571
    second_peak_bpm: 103
    second_peak_spread: 0.524999976158
    second_peak_weight: 0.0581929571927
    beats_loudness_band_ratio:
        dmean: [0.111806884408, 0.0880970284343, 0.0625079497695, 0.0459294356406, 0.0973046049476, 0.0817940607667]
        dmean2: [0.196475401521, 0.148926347494, 0.110262989998, 0.0793004259467, 0.168371334672, 0.139210551977]
        dvar: [0.00892412755638, 0.00708760973066, 0.00472956709564, 0.00245817727409, 0.00732412748039, 0.00449842168018]
        dvar2: [0.0234197787941, 0.0202730987221, 0.013205894269, 0.00660356413573, 0.0224171504378, 0.013351297006]
        max: [0.936846673489, 0.89462518692, 0.657952964306, 0.394220203161, 0.778340339661, 0.547853648663]
        mean: [0.144764363766, 0.193525418639, 0.108055442572, 0.0717884227633, 0.283661663532, 0.241789892316]
        median: [0.106251999736, 0.129911959171, 0.072578176856, 0.0500364527106, 0.297064244747, 0.264535814524]
        min: [0.00140761490911, 0.0176089387387, 0.00194927176926, 0.000292075652396, 0.00106065592263, 0.000146788617712]
        var: [0.017125826329, 0.0263939425349, 0.00872376747429, 0.00415831292048, 0.0195477455854, 0.018005464226]
    beats_position: [0.66176867485, 1.3235373497, 1.98530614376, 2.65868473053, 3.25079369545, 3.84290242195, 4.42340135574, 5.05034017563, 5.67727899551, 6.24616765976, 6.81505680084, 7.39555549622, 7.97605419159, 8.56816291809, 9.14866161346, 9.72916126251, 10.3096599579, 10.8901586533, 11.4706573486, 12.051156044, 12.6200447083, 13.2005443573, 13.7810430527, 14.3731517792, 14.9536504745, 15.5341491699, 16.114648819, 16.6835365295, 17.2640361786, 17.8445339203, 18.4250335693, 19.0055332184, 19.5860309601, 20.154920578, 20.7238082886, 21.2810878754, 21.8383674622, 22.4072551727, 22.9761447906, 23.5450344086, 24.1139221191, 24.6828117371, 25.2516994476, 25.8438091278, 26.4475269318, 27.0512466431, 27.6433563232, 28.2354640961, 28.8275737762, 29.4196815491, 30.0117912292, 30.6038990021, 31.1843986511, 31.7648983002, 32.3337860107, 32.9026756287, 33.4831733704, 34.0636711121, 34.6441726685, 35.2246704102, 35.8167800903, 36.4088897705, 36.9893875122, 37.5698852539, 38.1503829956, 38.730884552, 39.3113822937, 39.8802719116, 40.4491615295, 41.0296592712, 41.6101570129, 42.1906585693, 42.771156311, 43.3516540527, 43.9321517944, 44.5126533508, 45.0699310303, 45.650428772, 46.2541503906, 46.8578681946, 47.4615859985, 48.0536956787, 48.6458053589, 49.2030830383, 49.7603607178, 50.3292503357, 50.8865280151, 51.4438095093, 52.0010871887, 52.5467567444, 53.0924263, 53.603263855, 54.1141014099, 54.6249427795, 55.1357803345, 55.6466217041, 56.157459259, 56.6334686279, 57.1094779968, 57.5854873657, 58.0614967346, 58.5375061035, 59.0135154724, 59.5011329651, 59.9887504578, 60.4647598267, 60.952381134, 61.4399986267, 61.9276161194, 62.4152374268, 62.9028549194, 63.3904762268, 63.8664855957, 64.3424911499, 64.8301086426, 65.3177337646, 65.8053512573, 66.29296875, 66.7805862427, 67.2565994263, 67.720993042, 68.1853942871, 68.6730117798, 69.1490249634, 69.6366424561, 70.1242599487, 70.6118774414, 71.0995025635, 71.5755081177, 72.0631256104, 72.5391387939, 73.0267562866, 73.5143737793, 74.001991272, 74.489616394, 74.9772338867, 75.4532394409, 75.9292526245, 76.4052581787, 76.8696594238, 77.345664978, 77.8100662231, 78.2744674683, 78.7504730225, 79.2148742676, 79.6908798218, 80.1552810669, 80.6312942505, 81.1072998047, 81.5717010498, 82.0360946655, 82.5121078491, 82.9765090942, 83.4525146484, 83.928527832, 84.3929214478, 84.8573226929, 85.321723938, 85.7977294922, 86.2621307373, 86.7265319824, 87.2025375366, 87.6785507202, 88.1429443359, 88.6073455811, 89.0717468262, 89.5477523804, 90.023765564, 90.4881591797, 90.9525604248, 91.4169616699, 91.8813552856, 92.3457565308, 92.8217697144, 93.2977752686, 93.7621765137, 94.2265777588, 94.6909713745, 95.1669845581, 95.6429901123, 96.1073913574, 96.5717926025, 97.0477981567, 97.5238113403, 97.9882049561, 98.4526062012, 98.9286117554, 99.404624939, 99.8690261841, 100.3334198, 100.809432983, 101.273826599, 101.749839783, 102.214241028, 102.678634644, 103.143035889, 103.607437134, 104.071838379, 104.547843933, 105.023849487, 105.488250732, 105.964263916, 106.44026947, 106.916282654, 107.392288208, 107.856689453, 108.332695007, 108.808708191, 109.273101807, 109.737503052, 110.201904297, 110.666305542, 111.130699158, 111.595100403, 112.071105957, 112.547119141, 113.011520386, 113.475914001, 113.951927185, 114.427932739, 114.892333984, 115.356735229, 115.832740784, 116.308753967, 116.773147583, 117.237548828, 117.701950073, 118.166343689, 118.630744934, 119.095146179, 119.547935486, 120.02394104, 120.499954224, 120.975959778, 121.440361023, 121.904762268, 122.380767822, 122.856781006, 123.33278656, 123.797187805, 124.261581421, 124.737594604, 125.213600159, 125.678001404, 126.142402649, 126.618408203, 127.082809448, 127.558815002, 128.034820557, 128.499221802, 128.963623047, 129.428024292, 129.892425537, 130.356826782, 130.832824707, 131.308837891, 131.773239136, 132.237640381, 132.713653564, 133.17805481, 133.654052734, 134.130065918, 134.606079102, 135.093688965, 135.55809021, 136.022491455, 136.4868927, 136.951293945, 137.41569519, 137.880081177, 138.344482422, 138.808883667, 139.273284912, 139.737686157, 140.213699341, 140.689697266, 141.165710449, 141.641723633, 142.117736816, 142.593734741, 143.058135986, 143.522537231, 143.986938477, 144.451339722, 144.915740967, 145.380126953, 145.856140137, 146.33215332, 146.796554565, 147.260955811, 147.736953735, 148.212966919, 148.677368164, 149.153381348, 149.606170654, 150.082168579, 150.558181763, 151.022583008, 151.498596191, 151.974594116, 152.438995361, 152.903396606, 153.37940979, 153.855422974, 154.31980896, 154.784210205, 155.24861145, 155.713012695, 156.17741394, 156.641815186, 157.11781311, 157.593826294, 158.058227539, 158.522628784, 158.998641968, 159.474639893, 159.939041138, 160.403442383, 160.879455566, 161.35546875, 161.819854736, 162.284255981, 162.748657227, 163.213058472, 163.677459717, 164.1534729, 164.606262207, 165.082260132, 165.558273315, 166.022674561, 166.498687744, 166.96307373, 167.439086914, 167.915100098, 168.391113281, 168.855514526, 169.319900513, 169.784301758, 170.260314941, 170.724716187, 171.189117432, 171.665115356, 172.129516602, 172.605529785, 173.081542969, 173.545944214, 174.021942139, 174.497955322, 174.962356567, 175.426757813, 175.891159058, 176.355545044, 176.819946289, 177.284347534, 177.748748779, 178.224761963, 178.700775146, 179.165161133, 179.629562378, 180.105575562, 180.581588745, 181.05758667, 181.533599854, 181.998001099, 182.462402344, 182.926803589, 183.402801514, 183.878814697, 184.343215942, 184.807617188, 185.283630371, 185.759628296, 186.224029541, 186.688430786, 187.152832031, 187.617233276, 188.081634521, 188.546035767, 189.022033691, 189.498046875, 189.96244812, 190.426849365, 190.90284729, 191.378860474, 191.843261719, 192.307662964, 192.772064209, 193.248062134, 193.724075317, 194.188476563, 194.664489746, 195.140487671, 195.604888916, 196.0809021, 196.545303345, 197.00970459, 197.474105835, 197.95010376, 198.414505005, 198.87890625, 199.343307495, 199.80770874, 200.283721924, 200.759719849, 201.224121094, 201.700134277, 202.187744141, 202.663757324, 203.139770508, 203.592559814, 204.05696106, 204.521362305, 204.985748291, 205.450149536, 205.914550781, 206.378952026, 206.843353271, 207.330978394, 207.79536438, 208.259765625, 208.735778809, 209.211791992, 209.687789917, 210.175415039, 210.651428223, 211.115829468, 211.580215454, 212.033004761, 212.485794067, 212.950195313, 213.426208496, 213.90222168, 214.366622925, 214.831008911, 215.295410156, 215.77142334, 216.247436523, 216.711837769, 217.187835693, 217.675460815, 218.151473999, 218.615875244, 219.08026123, 219.544662476, 220.009063721, 220.473464966, 220.937866211, 221.402267456, 221.866668701, 222.331054688, 222.807067871, 223.283081055, 223.7474823, 224.211883545, 224.676269531, 225.152282715, 225.628295898, 226.092697144, 226.557098389, 227.021499634, 227.48588562, 227.950286865, 228.426300049, 228.902313232, 229.366714478, 229.831100464, 230.295501709, 230.771514893, 231.247528076, 231.711929321, 232.176315308, 232.652328491, 233.128341675, 233.59274292, 234.057144165, 234.521530151, 234.985931396, 235.450332642, 235.914733887, 236.39074707, 236.866760254, 237.33114624, 237.795547485, 238.271560669, 238.747573853, 239.211975098, 239.687973022, 240.163986206, 240.628387451, 241.092788696, 241.557189941, 242.021575928, 242.485977173, 242.961990356, 243.426391602, 243.902404785, 244.366790771, 244.854415894, 245.318817139, 245.783218384, 246.247619629, 246.712020874, 247.17640686, 247.652420044, 248.128433228, 248.592834473, 249.057235718, 249.533233643, 250.009246826, 250.473648071, 250.949661255, 251.42565918, 251.890060425, 252.377685547, 252.842086792, 253.306488037, 253.770874023, 254.235275269, 254.699676514, 255.164077759, 255.651702881, 256.139312744, 256.603729248, 257.068115234, 257.532501221, 257.996917725, 258.461303711, 258.925720215, 259.390106201, 259.854522705, 260.318908691, 260.794921875, 261.270935059, 261.735321045, 262.199737549, 262.687347412, 263.163360596, 263.639373779, 264.115356445, 264.591369629, 265.055786133, 265.520172119, 265.996185303, 266.472198486, 266.936584473, 267.401000977, 267.865386963, 268.329803467, 268.794189453, 269.258575439, 269.734588623, 270.210601807, 270.675018311, 271.139404297, 271.61541748, 272.091430664, 272.55581665, 273.020233154, 273.49621582, 273.972229004, 274.436645508, 274.901031494, 275.377044678, 275.853057861, 276.317443848, 276.770233154, 277.223022461, 277.687438965, 278.163452148, 278.639465332, 279.115447998, 279.579864502, 280.055877686, 280.520263672, 280.996276855, 281.472290039, 281.936676025, 282.401092529, 282.877105713, 283.353088379, 283.817504883, 284.281890869, 284.757904053, 285.222320557, 285.686706543, 286.162719727, 286.63873291, 287.114746094, 287.57913208, 288.043518066, 288.50793457, 288.972320557, 289.436737061, 289.912750244, 290.37713623, 290.841522217, 291.305938721, 291.758728027, 292.246337891, 292.733947754, 293.209960938, 293.685974121, 294.161987305, 294.638000488, 295.102386475, 295.566802979, 296.031188965, 296.507202148, 296.971618652, 297.424407959, 297.900390625, 298.376403809, 298.840820313, 299.305206299, 299.781219482, 300.257232666, 300.721618652, 301.186035156, 301.66204834, 302.138031006, 302.60244751, 303.066833496, 303.54284668, 304.018859863, 304.48324585, 304.947662354, 305.423675537, 305.899688721, 306.364074707, 306.85168457, 307.316101074, 307.826934814, 308.326171875, 308.825378418, 309.417510986, 310.009613037, 310.659759521, 311.309936523, 311.960083008, 312.610229492, 313.260406494, 313.910552979, 314.56072998, 315.152832031, 315.744934082, 316.337036133, 316.998809814, 317.660583496, 318.31072998, 318.972503662, 319.634277344, 320.296051025, 320.957824707, 321.619598389]
