
metadata:
    version:
        essentia: "2.1-beta2"
    audio_properties:
        analysis_sample_rate: 44100
        bitrate: 128
        channels: 2
        equal_loudness: 1
        length: 233.142852783
        replay_gain: -11.7613868713
        downmix: "mix"
    tags:
        album: "Le bien-être et la paix"
        artist: "Mass Hysteria"
        comment: ""
        date: "1997"
        genre: "Metal"
        title: "Mass protect"
        tracknumber: "3"

configuration:
    average_loudness:
        compute: 1
        frameSize: 88200
        hopSize: 44100
        silentFrames: "noise"
        windowType: "hann"
    general:
        analysisSampleRate: 44100
        endTime: 2000
        equalLoudness: 1
        nequalLoudness: 0
        shortSound: 0
        startTime: 0
    lowlevel:
        compute: 1
        frameSize: 2048
        hopSize: 1024
        zeroPadding: 0
        silentFrames: "noise"
        windowType: "blackmanharris62"
        mfccStats: ["mean", "cov", "icov"]
        stats: ["mean", "var", "median", "min", "max", "dmean", "dmean2", "dvar", "dvar2"]
    panning:
        compute: 0
        frameSize: 8192
        hopSize: 2048
        zeroPadding: 8192
        silentFrames: "noise"
        windowType: "hann"
        stats: ["copy"]
    rhythm:
        compute: 1
        maxTempo: 208
        minTempo: 40
        method: "degara"
        stats: ["mean", "var", "median", "min", "max", "dmean", "dmean2", "dvar", "dvar2"]
    segmentation:
        compute: 0
        cpw: 5
        inc1: 300
        inc2: 50
        minimumSegmentsLength: 10
        size1: 1000
        size2: 600
    sfx:
        compute: 1
        stats: ["mean", "var", "median", "min", "max", "dmean", "dmean2", "dvar", "dvar2"]
    svm:
        compute: 0
    tonal:
        compute: 1
        frameSize: 4096
        hopSize: 2048
        zeroPadding: 0
        silentFrames: "noise"
        windowType: "blackmanharris62"
        stats: ["mean", "var", "median", "min", "max", "dmean", "dmean2", "dvar", "dvar2"]

lowlevel:
    average_loudness: 0.880030095577
    barkbands_kurtosis:
        dmean: 0.792010545731
        dmean2: 1.26937425137
        dvar: 0.998279213905
        dvar2: 2.41164278984
        max: 19.1582622528
        mean: -0.264760524035
        median: -0.890922904015
        min: -1.88130164146
        var: 3.12525415421
    barkbands_skewness:
        dmean: 0.39217120409
        dmean2: 0.595789134502
        dvar: 0.118942633271
        dvar2: 0.258711844683
        max: 3.08475995064
        mean: -0.586355149746
        median: -0.633643388748
        min: -4.00433969498
        var: 0.621271789074
    barkbands_spread:
        dmean: 5.92746686935
        dmean2: 9.08631324768
        dvar: 28.6378974915
        dvar2: 67.6781158447
        max: 68.5312576294
        mean: 32.881893158
        median: 32.9713439941
        min: 3.41831660271
        var: 115.212432861
    dissonance:
        dmean: 0.00926871411502
        dmean2: 0.0158859025687
        dvar: 0.000131762848468
        dvar2: 0.000368710403563
        max: 0.500000059605
        mean: 0.485540091991
        median: 0.488720536232
        min: 0.287201702595
        var: 0.000164522163686
    hfc:
        dmean: 3.1288163662
        dmean2: 4.92112922668
        dvar: 17.6212520599
        dvar2: 43.9707107544
        max: 47.1875762939
        mean: 9.0645904541
        median: 8.00521659851
        min: 1.12133225878e-016
        var: 40.0100326538
    pitch:
        dmean: 1141.65869141
        dmean2: 2163.77758789
        dvar: 1924876.5
        dvar2: 4441294.5
        max: 5108.88720703
        mean: 2031.94921875
        median: 2979.01855469
        min: 55.1857528687
        var: 2482736.5
    pitch_instantaneous_confidence:
        dmean: 0.0758841782808
        dmean2: 0.126811936498
        dvar: 0.00440358510241
        dvar2: 0.0108734853566
        max: 0.96570622921
        mean: 0.332738220692
        median: 0.309639811516
        min: 0.113754749298
        var: 0.0158137474209
    pitch_salience:
        dmean: 0.0531318038702
        dmean2: 0.0882358923554
        dvar: 0.00227569113486
        dvar2: 0.00575087266043
        max: 0.892851293087
        mean: 0.708153188229
        median: 0.7199229002
        min: 0.316212177277
        var: 0.00468151690438
    silence_rate_20dB:
        dmean: 0
        dmean2: 0
        dvar: 0
        dvar2: 0
        max: 1
        mean: 1
        median: 1
        min: 1
        var: 0
    silence_rate_30dB:
        dmean: 0
        dmean2: 0
        dvar: 0
        dvar2: 0
        max: 1
        mean: 1
        median: 1
        min: 1
        var: 0
    silence_rate_60dB:
        dmean: 0.121501840651
        dmean2: 0.243027895689
        dvar: 0.106741659343
        dvar2: 0.22261980176
        max: 1
        mean: 0.382294356823
        median: 0
        min: 0
        var: 0.236155122519
    spectral_centroid:
        dmean: 274.386871338
        dmean2: 424.675292969
        dvar: 73882.5546875
        dvar2: 166738.078125
        max: 11526.078125
        mean: 2154.91357422
        median: 2198.97705078
        min: 331.530792236
        var: 379017.1875
    spectral_complexity:
        dmean: 4.92182064056
        dmean2: 7.59322690964
        dvar: 27.8708953857
        dvar2: 60.9427719116
        max: 52
        mean: 17.0261898041
        median: 17
        min: 0
        var: 103.702796936
    spectral_crest:
        dmean: 1.57096600533
        dmean2: 2.63114547729
        dvar: 2.15058088303
        dvar2: 5.42486000061
        max: 21.4678630829
        mean: 5.86656856537
        median: 5.33182191849
        min: 2.4383893013
        var: 4.46164894104
    spectral_decrease:
        dmean: 3.06591613208e-010
        dmean2: 4.67664518222e-010
        dvar: 1.72912581552e-019
        dvar2: 3.9087959727e-019
        max: 8.59909784946e-029
        mean: -9.05075847601e-010
        median: -7.73794861519e-010
        min: -4.27997948194e-009
        var: 3.94162160133e-019
    spectral_energy:
        dmean: 0.00141940754838
        dmean2: 0.00217331480235
        dvar: 3.64865127267e-006
        dvar2: 8.38730829855e-006
        max: 0.0189581103623
        mean: 0.00423815427348
        median: 0.00367548828945
        min: 1.03385613146e-020
        var: 8.37118204799e-006
    spectral_energyband_high:
        dmean: 0.000267258292297
        dmean2: 0.000445802696049
        dvar: 1.90023783375e-007
        dvar2: 5.18953186202e-007
        max: 0.0040359897539
        mean: 0.000484970514663
        median: 0.000336414377671
        min: 7.21185656549e-021
        var: 2.27147069154e-007
    spectral_energyband_low:
        dmean: 0.00025611295132
        dmean2: 0.000416444061557
        dvar: 2.02235867164e-007
        dvar2: 4.93345851282e-007
        max: 0.00523339956999
        mean: 0.000327732297592
        median: 0.000165184377693
        min: 4.01322856557e-023
        var: 2.2362668517e-007
    spectral_energyband_middle_high:
        dmean: 0.000754414591938
        dmean2: 0.00115223659668
        dvar: 8.31464490147e-007
        dvar2: 1.93137157112e-006
        max: 0.0126575352624
        mean: 0.00241563585587
        median: 0.0021477015689
        min: 1.31274482077e-021
        var: 2.9473324048e-006
    spectral_energyband_middle_low:
        dmean: 0.000573813391384
        dmean2: 0.000907326233573
        dvar: 8.29110263112e-007
        dvar2: 1.98140742214e-006
        max: 0.0101911490783
        mean: 0.00110575987492
        median: 0.000742056872696
        min: 2.88043736921e-022
        var: 1.34753736347e-006
    spectral_flatness_db:
        dmean: 0.0134408976883
        dmean2: 0.0205359663814
        dvar: 0.000205585572985
        dvar2: 0.00042131653754
        max: 0.33008864522
        mean: 0.128567829728
        median: 0.123283788562
        min: 0.0306411907077
        var: 0.00107047171332
    spectral_flux:
        dmean: 0.00813604798168
        dmean2: 0.0119979185984
        dvar: 8.82669264683e-005
        dvar2: 0.000156382491696
        max: 0.112134836614
        mean: 0.0414337441325
        median: 0.0393612198532
        min: 6.69372959838e-011
        var: 0.000295889156405
    spectral_kurtosis:
        dmean: 0.984332799911
        dmean2: 1.63576745987
        dvar: 1.04724025726
        dvar2: 3.02099919319
        max: 20.1457309723
        mean: 3.61588478088
        median: 3.51958274841
        min: -1.21477663517
        var: 2.63954806328
    spectral_rms:
        dmean: 0.000318583770422
        dmean2: 0.000472691870527
        dvar: 1.33859558105e-007
        dvar2: 2.96241523756e-007
        max: 0.00430066464469
        mean: 0.00190243357792
        median: 0.00189363211393
        min: 3.17590962209e-012
        var: 5.15543490565e-007
    spectral_rolloff:
        dmean: 324.7684021
        dmean2: 521.861572266
        dvar: 172651.140625
        dvar2: 398875.65625
        max: 19444.4824219
        mean: 3684.74414063
        median: 3682.17773438
        min: 301.46484375
        var: 540931.25
    spectral_skewness:
        dmean: 0.170334711671
        dmean2: 0.273579329252
        dvar: 0.029455255717
        dvar2: 0.0758759006858
        max: 2.99003982544
        mean: 1.30224370956
        median: 1.32220292091
        min: -0.0635055303574
        var: 0.0838083177805
    spectral_spread:
        dmean: 572335.1875
        dmean2: 775597.4375
        dvar: 519599980544
        dvar2: 1.12682637722e+012
        max: 40795268
        mean: 4696693.5
        median: 4451427.5
        min: 1727618.625
        var: 2.58908802253e+012
    spectral_strongpeak:
        dmean: 0.469338983297
        dmean2: 0.817351579666
        dvar: 0.419489115477
        dvar2: 1.14594638348
        max: 9.28951454163
        mean: 0.628546535969
        median: 0.263647407293
        min: 9.52859013914e-010
        var: 0.6921261549
    zerocrossingrate:
        dmean: 0.00781162455678
        dmean2: 0.00927846226841
        dvar: 6.1949416704e-005
        dvar2: 8.05161616881e-005
        max: 0.5224609375
        mean: 0.115587770939
        median: 0.11669921875
        min: 0.0341796875
        var: 0.00064596219454
    barkbands:
        dmean: [1.1486455378e-006, 9.78085590759e-005, 0.000149024519487, 0.000141393611557, 0.000260324333794, 0.000135094669531, 6.59382349113e-005, 0.000111655244837, 0.000123758072732, 6.38465207885e-005, 4.57904316136e-005, 5.02935581608e-005, 5.16340660397e-005, 5.66666349187e-005, 8.32580990391e-005, 0.000116198934847, 0.000173152380739, 0.000214419298572, 0.000253498204984, 0.000248372933129, 0.000122291516163, 3.7497968151e-005, 8.53692199598e-006, 2.41341490437e-006, 1.63106597029e-006, 2.15308261886e-007, 1.42724776442e-009]
        dmean2: [1.81405573585e-006, 0.000165645978996, 0.00025608370197, 0.000249782344326, 0.000430429703556, 0.00022211727628, 0.000110985842184, 0.000187706536963, 0.000195082029677, 0.000104383536382, 7.41428011679e-005, 8.27272306196e-005, 8.40747889015e-005, 9.24379710341e-005, 0.000133871129947, 0.000190343998838, 0.000282722030533, 0.00034814295941, 0.000418343290221, 0.000425698613981, 0.000204066018341, 6.05408422416e-005, 1.31301922011e-005, 3.51172025148e-006, 2.30478826779e-006, 3.1021028235e-007, 2.37512121082e-009]
        dvar: [2.70999585619e-012, 2.91296942123e-008, 9.44666567193e-008, 8.50760315529e-008, 2.31838868103e-007, 5.80385801641e-008, 1.57000634715e-008, 4.63075338075e-008, 8.13792055965e-008, 1.42157041694e-008, 8.99569485568e-009, 1.04794706246e-008, 1.14688880615e-008, 1.06992334992e-008, 1.82326100884e-008, 1.96737310887e-008, 4.73290349134e-008, 9.64254169844e-008, 9.23112608575e-008, 1.47122491967e-007, 3.51473410376e-008, 3.56439633364e-009, 1.78036876908e-010, 1.93814582439e-011, 5.93997594167e-012, 1.77136219104e-013, 1.51860831344e-017]
        dvar2: [6.59309152412e-012, 7.78869946316e-008, 2.4733580517e-007, 2.35061023091e-007, 6.08088498666e-007, 1.41902987139e-007, 3.92401915406e-008, 1.18085871748e-007, 1.93095985423e-007, 3.33735954428e-008, 2.24896332668e-008, 2.59035228822e-008, 2.76200360361e-008, 2.67566289125e-008, 4.56062352328e-008, 4.85883937529e-008, 1.22297905136e-007, 2.3900878432e-007, 2.359510205e-007, 4.01089550905e-007, 9.3437293458e-008, 8.98658925053e-009, 4.1611811219e-010, 4.42683494029e-011, 1.27196603944e-011, 3.67390498449e-013, 4.08187956609e-017]
        max: [1.71208139363e-005, 0.00132377631962, 0.00395529810339, 0.00383905228227, 0.00589025812224, 0.00513537367806, 0.00290121650323, 0.00317291961983, 0.0048618814908, 0.00260094041005, 0.0017043442931, 0.00209941272624, 0.00234954268672, 0.00256086327136, 0.00347804487683, 0.00484155025333, 0.00390907889232, 0.00896711088717, 0.00517131201923, 0.00539561407641, 0.00186809920706, 0.00117455399595, 0.000207136792596, 0.000102525133116, 4.23917263106e-005, 4.69254200652e-006, 6.55927010484e-008]
        mean: [1.79871437922e-006, 0.000115173897939, 0.00014227781503, 0.000135939248139, 0.000362930004485, 0.0002060890547, 9.49908499024e-005, 0.000123771227663, 0.000156224836246, 8.66112604854e-005, 6.14481323282e-005, 6.65979168843e-005, 7.57546877139e-005, 0.000100700781331, 0.000173947351868, 0.000245594826993, 0.000363376340829, 0.000456229317933, 0.00054327736143, 0.00043250687304, 0.00020557580865, 6.35621472611e-005, 1.55404904945e-005, 5.13554459758e-006, 2.81565826299e-006, 2.9115955158e-007, 1.40317235608e-009]
        median: [1.34844913191e-006, 5.42407942703e-005, 5.37657251698e-005, 6.36977638351e-005, 0.000204586161999, 0.000104937047581, 4.40970543423e-005, 4.10302527598e-005, 4.38607639808e-005, 3.52044371539e-005, 2.47552306973e-005, 2.96495236398e-005, 4.03165759053e-005, 5.64787478652e-005, 0.00010331228259, 0.000195453438209, 0.000298079132335, 0.000324735883623, 0.000466844940092, 0.000328870781232, 0.000135572525323, 3.43223218806e-005, 7.88603119872e-006, 1.97605368157e-006, 1.23367749438e-006, 6.8699307576e-008, 2.27865282199e-010]
        min: [1.08143284889e-024, 1.94737161766e-023, 3.83987758466e-025, 4.18386501694e-024, 1.14703144521e-023, 4.55270592619e-023, 9.07781844455e-024, 2.17293534946e-023, 4.12635910799e-023, 2.74486928762e-023, 1.78477918095e-023, 3.42511130371e-023, 4.80710662615e-023, 5.78435477306e-023, 6.26256667142e-023, 6.82918274045e-023, 6.73089635146e-023, 1.28926554344e-022, 1.49614059241e-022, 2.11506079003e-022, 3.32269753136e-022, 4.38493824639e-022, 4.52411400978e-022, 6.79924742547e-022, 1.09316098281e-021, 1.37324007711e-021, 2.01724915646e-021]
        var: [3.82217348049e-012, 2.80248269036e-008, 7.77543931463e-008, 6.11965589314e-008, 2.53556180496e-007, 1.07661463744e-007, 3.37207737289e-008, 5.28099945996e-008, 1.17975858416e-007, 2.43099052e-008, 1.37152396107e-008, 1.5223733385e-008, 1.78836838671e-008, 1.74753509441e-008, 4.68548435606e-008, 5.01022299204e-008, 1.01764555893e-007, 3.06895998392e-007, 1.77587111239e-007, 1.7072225944e-007, 4.40391616507e-008, 6.4269847222e-009, 3.84333231906e-010, 7.18444678749e-011, 1.39865827253e-011, 2.78708859377e-013, 1.25280887828e-017]
    frequency_bands:
        dmean: [1.1486455378e-006, 9.78085590759e-005, 0.000149024519487, 0.000141393611557, 0.000260324333794, 0.000135094669531, 6.59382349113e-005, 0.000111655244837, 0.000123758072732, 6.38465207885e-005, 4.57904316136e-005, 5.02935581608e-005, 5.16340660397e-005, 5.66666349187e-005, 8.32580990391e-005, 0.000116198934847, 0.000173152380739, 0.000214419298572, 0.000253498204984, 0.000248372933129, 0.000122291516163, 3.7497968151e-005, 8.53692199598e-006, 2.41341490437e-006, 1.63106597029e-006, 2.15308261886e-007, 1.42724776442e-009, 5.06198485906e-011]
        dmean2: [1.81405573585e-006, 0.000165645978996, 0.00025608370197, 0.000249782344326, 0.000430429703556, 0.00022211727628, 0.000110985842184, 0.000187706536963, 0.000195082029677, 0.000104383536382, 7.41428011679e-005, 8.27272306196e-005, 8.40747889015e-005, 9.24379710341e-005, 0.000133871129947, 0.000190343998838, 0.000282722030533, 0.00034814295941, 0.000418343290221, 0.000425698613981, 0.000204066018341, 6.05408422416e-005, 1.31301922011e-005, 3.51172025148e-006, 2.30478826779e-006, 3.1021028235e-007, 2.37512121082e-009, 9.44230318933e-011]
        dvar: [2.70999585619e-012, 2.91296942123e-008, 9.44666567193e-008, 8.50760315529e-008, 2.31838868103e-007, 5.80385801641e-008, 1.57000634715e-008, 4.63075338075e-008, 8.13792055965e-008, 1.42157041694e-008, 8.99569485568e-009, 1.04794706246e-008, 1.14688880615e-008, 1.06992334992e-008, 1.82326100884e-008, 1.96737310887e-008, 4.73290349134e-008, 9.64254169844e-008, 9.23112608575e-008, 1.47122491967e-007, 3.51473410376e-008, 3.56439633364e-009, 1.78036876908e-010, 1.93814582439e-011, 5.93997594167e-012, 1.77136219104e-013, 1.51860831344e-017, 6.64773392801e-021]
        dvar2: [6.59309152412e-012, 7.78869946316e-008, 2.4733580517e-007, 2.35061023091e-007, 6.08088498666e-007, 1.41902987139e-007, 3.92401915406e-008, 1.18085871748e-007, 1.93095985423e-007, 3.33735954428e-008, 2.24896332668e-008, 2.59035228822e-008, 2.76200360361e-008, 2.67566289125e-008, 4.56062352328e-008, 4.85883937529e-008, 1.22297905136e-007, 2.3900878432e-007, 2.359510205e-007, 4.01089550905e-007, 9.3437293458e-008, 8.98658925053e-009, 4.1611811219e-010, 4.42683494029e-011, 1.27196603944e-011, 3.67390498449e-013, 4.08187956609e-017, 2.14396975279e-020]
        max: [1.71208139363e-005, 0.00132377631962, 0.00395529810339, 0.00383905228227, 0.00589025812224, 0.00513537367806, 0.00290121650323, 0.00317291961983, 0.0048618814908, 0.00260094041005, 0.0017043442931, 0.00209941272624, 0.00234954268672, 0.00256086327136, 0.00347804487683, 0.00484155025333, 0.00390907889232, 0.00896711088717, 0.00517131201923, 0.00539561407641, 0.00186809920706, 0.00117455399595, 0.000207136792596, 0.000102525133116, 4.23917263106e-005, 4.69254200652e-006, 6.55927010484e-008, 1.09202624721e-009]
        mean: [1.79871437922e-006, 0.000115173897939, 0.00014227781503, 0.000135939248139, 0.000362930004485, 0.0002060890547, 9.49908499024e-005, 0.000123771227663, 0.000156224836246, 8.66112604854e-005, 6.14481323282e-005, 6.65979168843e-005, 7.57546877139e-005, 0.000100700781331, 0.000173947351868, 0.000245594826993, 0.000363376340829, 0.000456229317933, 0.00054327736143, 0.00043250687304, 0.00020557580865, 6.35621472611e-005, 1.55404904945e-005, 5.13554459758e-006, 2.81565826299e-006, 2.9115955158e-007, 1.40317235608e-009, 3.84069581694e-011]
        median: [1.34844913191e-006, 5.42407942703e-005, 5.37657251698e-005, 6.36977638351e-005, 0.000204586161999, 0.000104937047581, 4.40970543423e-005, 4.10302527598e-005, 4.38607639808e-005, 3.52044371539e-005, 2.47552306973e-005, 2.96495236398e-005, 4.03165759053e-005, 5.64787478652e-005, 0.00010331228259, 0.000195453438209, 0.000298079132335, 0.000324735883623, 0.000466844940092, 0.000328870781232, 0.000135572525323, 3.43223218806e-005, 7.88603119872e-006, 1.97605368157e-006, 1.23367749438e-006, 6.8699307576e-008, 2.27865282199e-010, 1.27272307276e-011]
        min: [1.08143284889e-024, 1.94737161766e-023, 3.83987758466e-025, 4.18386501694e-024, 1.14703144521e-023, 4.55270592619e-023, 9.07781844455e-024, 2.17293534946e-023, 4.12635910799e-023, 2.74486928762e-023, 1.78477918095e-023, 3.42511130371e-023, 4.80710662615e-023, 5.78435477306e-023, 6.26256667142e-023, 6.82918274045e-023, 6.73089635146e-023, 1.28926554344e-022, 1.49614059241e-022, 2.11506079003e-022, 3.32269753136e-022, 4.38493824639e-022, 4.52411400978e-022, 6.79924742547e-022, 1.09316098281e-021, 1.37324007711e-021, 2.01724915646e-021, 6.6666178192e-022]
        var: [3.82217348049e-012, 2.80248269036e-008, 7.77543931463e-008, 6.11965589314e-008, 2.53556180496e-007, 1.07661463744e-007, 3.37207737289e-008, 5.28099945996e-008, 1.17975858416e-007, 2.43099052e-008, 1.37152396107e-008, 1.5223733385e-008, 1.78836838671e-008, 1.74753509441e-008, 4.68548435606e-008, 5.01022299204e-008, 1.01764555893e-007, 3.06895998392e-007, 1.77587111239e-007, 1.7072225944e-007, 4.40391616507e-008, 6.4269847222e-009, 3.84333231906e-010, 7.18444678749e-011, 1.39865827253e-011, 2.78708859377e-013, 1.25280887828e-017, 4.94223735063e-021]
    mfcc:
        mean: [-708.059082031, 85.5843582153, -54.2012786865, 60.8731994629, -8.5836019516, -2.77938055992, -4.20449495316, -2.01039266586, -0.236560642719, -2.63663935661, -3.36423611641, -4.81660366058, -3.08011770248]
        cov: [[5685.78955078, 507.638031006, -62.3111915588, 423.890045166, 15.9256420135, 175.137741089, 78.0771179199, 58.29271698, -18.4286575317, -73.655128479, -118.491386414, -101.43572998, -148.669845581], [507.638031006, 867.702209473, -22.1699771881, 220.128875732, 1.71394920349, 34.9263038635, 67.9052734375, 69.996887207, 8.22665596008, -30.1949253082, -37.3070983887, -36.4332237244, -33.6809806824], [-62.3111915588, -22.1699771881, 423.823425293, 27.2703227997, 26.8886260986, 43.2258834839, 45.5731010437, 39.03282547, 20.9624252319, -7.22690010071, -5.57023096085, 6.01488876343, 3.35771155357], [423.890045166, 220.128875732, 27.2703227997, 261.96105957, 69.3670501709, 39.3911552429, 29.0194835663, 5.90238380432, 13.4649562836, -16.091337204, -36.5382041931, -10.9925413132, -11.5342416763], [15.9256420135, 1.71394920349, 26.8886260986, 69.3670501709, 164.340255737, 59.7679710388, 10.2874088287, -2.35548138618, 4.3804769516, -0.90624910593, -14.1695814133, -13.2340202332, -9.54515171051], [175.137741089, 34.9263038635, 43.2258834839, 39.3911552429, 59.7679710388, 145.589889526, 33.0138664246, 13.090262413, -7.09265041351, -1.79395592213, -1.48054397106, -8.33677387238, -7.78013134003], [78.0771179199, 67.9052734375, 45.5731010437, 29.0194835663, 10.2874088287, 33.0138664246, 102.529373169, 42.2913818359, 11.7713460922, -4.50346565247, -6.970495224, 6.21347761154, -3.63894939423], [58.29271698, 69.996887207, 39.03282547, 5.90238380432, -2.35548138618, 13.090262413, 42.2913818359, 88.3968963623, 28.1843509674, 0.497548729181, 0.190747469664, -4.83715581894, -4.48491287231], [-18.4286575317, 8.22665596008, 20.9624252319, 13.4649562836, 4.3804769516, -7.09265041351, 11.7713460922, 28.1843509674, 65.848449707, 29.1938018799, 11.7695293427, 2.31520700455, 4.08106136322], [-73.655128479, -30.1949253082, -7.22690010071, -16.091337204, -0.90624910593, -1.79395592213, -4.50346565247, 0.497548729181, 29.1938018799, 62.9611282349, 35.5170516968, 9.3179473877, 4.76273918152], [-118.491386414, -37.3070983887, -5.57023096085, -36.5382041931, -14.1695814133, -1.48054397106, -6.970495224, 0.190747469664, 11.7695293427, 35.5170516968, 75.0665512085, 28.5681552887, 17.9231472015], [-101.43572998, -36.4332237244, 6.01488876343, -10.9925413132, -13.2340202332, -8.33677387238, 6.21347761154, -4.83715581894, 2.31520700455, 9.3179473877, 28.5681552887, 52.3965492249, 27.7557048798], [-148.669845581, -33.6809806824, 3.35771155357, -11.5342416763, -9.54515171051, -7.78013134003, -3.63894939423, -4.48491287231, 4.08106136322, 4.76273918152, 17.9231472015, 27.7557048798, 52.7573280334]]
        icov: [[0.000228833014262, 8.57576287672e-006, 7.28258310119e-005, -0.000378468452254, 0.000255374616245, -0.000260997068835, 1.417569365e-005, -0.000107267056592, 3.15279539791e-005, 0.000100355428003, 3.23996027873e-005, 6.88084328431e-005, 0.000503813789692], [8.57576287672e-006, 0.00174324715044, 0.000282414548565, -0.001617875183, 0.000691632507369, -3.89395499951e-005, -0.000503389863297, -0.00121845933609, 0.00047154200729, 0.000331264629494, -0.000483417592477, 0.000983168603852, 0.000327082467265], [7.28258310119e-005, 0.000282414548565, 0.00267390441149, -0.000356833712431, -1.6763813619e-005, -0.000670569366775, -0.000632897776086, -0.000816135492641, -0.000722426339053, 0.000700536882505, 0.000102464218799, -0.000333754491294, 5.5791100749e-005], [-0.000378468452254, -0.001617875183, -0.000356833712431, 0.00692031346262, -0.00260575045832, -0.000158391325385, -0.000417676288635, 0.00199906527996, -0.00236932467669, 0.00049788603792, 0.00235474877991, -0.00172656530049, -0.000670675071888], [0.000255374616245, 0.000691632507369, -1.6763813619e-005, -0.00260575045832, 0.00856505893171, -0.00325635448098, 0.000141928583616, 0.000455583678558, -0.000706373131834, -0.000240647874307, 0.000513514445629, 0.00144301785622, 0.000853247824125], [-0.000260997068835, -3.89395499951e-005, -0.000670569366775, -0.000158391325385, -0.00325635448098, 0.00958431046456, -0.00256233569235, -0.00060525216395, 0.00285296654329, -0.000946531887166, -0.0017509496538, 0.00179964175913, -0.000643437088002], [1.417569365e-005, -0.000503389863297, -0.000632897776086, -0.000417676288635, 0.000141928583616, -0.00256233569235, 0.0142766982317, -0.005839811638, -0.000350772636011, 9.80799086392e-006, 0.00244715693407, -0.00517326267436, 0.00172018783633], [-0.000107267056592, -0.00121845933609, -0.000816135492641, 0.00199906527996, 0.000455583678558, -0.00060525216395, -0.005839811638, 0.018225774169, -0.00824569631368, 0.00356649258174, -0.00174141209573, 0.0024404078722, 0.000172164422111], [3.15279539791e-005, 0.00047154200729, -0.000722426339053, -0.00236932467669, -0.000706373131834, 0.00285296654329, -0.000350772636011, -0.00824569631368, 0.0253303013742, -0.0126863215119, 0.0010788141517, 0.00135473813862, -0.00240776780993], [0.000100355428003, 0.000331264629494, 0.000700536882505, 0.00049788603792, -0.000240647874307, -0.000946531887166, 9.80799086392e-006, 0.00356649258174, -0.0126863215119, 0.0286412797868, -0.0121137369424, 0.00131321733352, 0.00249950750731], [3.23996027873e-005, -0.000483417592477, 0.000102464218799, 0.00235474877991, 0.000513514445629, -0.0017509496538, 0.00244715693407, -0.00174141209573, 0.0010788141517, -0.0121137369424, 0.0246609002352, -0.0109590943903, -0.00145584880374], [6.88084328431e-005, 0.000983168603852, -0.000333754491294, -0.00172656530049, 0.00144301785622, 0.00179964175913, -0.00517326267436, 0.0024404078722, 0.00135473813862, 0.00131321733352, -0.0109590943903, 0.0338957458735, -0.0134903956205], [0.000503813789692, 0.000327082467265, 5.5791100749e-005, -0.000670675071888, 0.000853247824125, -0.000643437088002, 0.00172018783633, 0.000172164422111, -0.00240776780993, 0.00249950750731, -0.00145584880374, -0.0134903956205, 0.0281783808023]]
    sccoeffs:
        dmean: [0.0521713756025, 0.0495674014091, 0.0380402244627, 0.0296214539558, 0.0207122508436, 0.0234546363354]
        dmean2: [0.0848866403103, 0.0821917876601, 0.0631259158254, 0.0500796921551, 0.034364130348, 0.037456355989]
        dvar: [0.00185884407256, 0.00171949213836, 0.000964891805779, 0.000577846076339, 0.000344114290783, 0.000477174296975]
        dvar2: [0.00476145464927, 0.00457236589864, 0.0025360698346, 0.00154002802446, 0.000816516170744, 0.001108969911]
        max: [-0.358808070421, -0.428898483515, -0.533461928368, -0.595086693764, -0.5631031394, -0.476464480162]
        mean: [-0.719610571861, -0.769335985184, -0.809583365917, -0.800463438034, -0.798027396202, -0.725271463394]
        median: [-0.725887537003, -0.776999950409, -0.818771600723, -0.803341686726, -0.799738824368, -0.726004123688]
        min: [-0.975864648819, -0.975856423378, -0.968344986439, -0.963594436646, -0.965379059315, -0.96423715353]
        var: [0.00503573799506, 0.00440013455227, 0.00274499575607, 0.00169178517535, 0.00104067311622, 0.00153173902072]
    scvalleys:
        dmean: [0.360627472401, 0.407781124115, 0.363797098398, 0.298081845045, 0.259159088135, 0.357949733734]
        dmean2: [0.595602452755, 0.659517228603, 0.579851090908, 0.463176876307, 0.390540122986, 0.491647362709]
        dvar: [0.101136893034, 0.15412889421, 0.136537268758, 0.104505829513, 0.101691521704, 0.156726419926]
        dvar2: [0.23992395401, 0.344205141068, 0.278668612242, 0.19599686563, 0.194950446486, 0.299018442631]
        max: [-4.90291500092, -4.6126074791, -5.10134506226, -5.66428947449, -5.47565460205, -7.80197429657]
        mean: [-6.83151388168, -6.81802749634, -7.15918588638, -7.07452392578, -6.76943540573, -9.75521469116]
        median: [-6.45711135864, -6.6537733078, -7.00600290298, -6.85782337189, -6.51923942566, -9.62282657623]
        min: [-28.3824424744, -27.6316165924, -27.4955310822, -27.4921779633, -27.4599647522, -27.3543453217]
        var: [2.0602812767, 1.43088042736, 1.39069390297, 1.4313313961, 1.40580260754, 1.40237617493]

rhythm:
    beats_loudness:
        dmean: 0.00270402547903
        dmean2: 0.00483280327171
        dvar: 4.18727086071e-006
        dvar2: 1.25099168145e-005
        max: 0.0153936166316
        mean: 0.00703926151618
        median: 0.00723841879517
        min: 3.53803916369e-005
        var: 1.01477444332e-005
    bpm: 102.965370178
    bpm_confidence: 0
    first_peak_bpm: 103
    first_peak_spread: 0.27083337307
    first_peak_weight: 0.699999988079
    onset_rate: 4.22058868408
    second_peak_bpm: 123
    second_peak_spread: 0.428571432829
    second_peak_weight: 0.019999999553
    beats_loudness_band_ratio:
        dmean: [0.111950568855, 0.0923385024071, 0.0583764500916, 0.0374612733722, 0.0814634039998, 0.0744645819068]
        dmean2: [0.20044067502, 0.165649011731, 0.104241624475, 0.0675345286727, 0.14342521131, 0.131749808788]
        dvar: [0.0100028384477, 0.00568620488048, 0.00444433046505, 0.00154111906886, 0.00540008116513, 0.00403215363622]
        dvar2: [0.0296366419643, 0.0177013576031, 0.0124990027398, 0.00448901718482, 0.0157010350376, 0.0115150045604]
        max: [0.752483606339, 0.502511799335, 0.470027297735, 0.398298531771, 0.725911736488, 0.72022485733]
        mean: [0.250569850206, 0.142015844584, 0.0886162370443, 0.0645242407918, 0.24960590899, 0.256993502378]
        median: [0.241766288877, 0.125587359071, 0.0680838823318, 0.0554547682405, 0.229988008738, 0.238370969892]
        min: [3.79639595849e-006, 7.32884655008e-005, 0.0102554243058, 0.00760124856606, 0.0848430842161, 0.0396227315068]
        var: [0.0199569854885, 0.00870653893799, 0.00453260866925, 0.00173036474735, 0.00900241080672, 0.0112413400784]
    beats_position: [0.603718817234, 1.18421769142, 1.77632653713, 2.35682535172, 2.94893407822, 3.52943301201, 4.1099319458, 4.69043064117, 5.28253936768, 5.87464857101, 6.45514726639, 7.03564596176, 7.61614513397, 8.20825386047, 8.80036258698, 9.38086128235, 9.96135997772, 10.5418596268, 11.1223583221, 11.7028570175, 12.2833557129, 12.8638544083, 13.4443531036, 14.0364627838, 14.6285715103, 15.2090702057, 15.7895689011, 16.3700675964, 16.9505672455, 17.5310649872, 18.1115646362, 18.6920623779, 19.272562027, 19.853061676, 20.4335594177, 21.0140590668, 21.6061668396, 22.1982765198, 22.7787742615, 23.3592739105, 23.9397735596, 24.5202713013, 25.1007709503, 25.681268692, 26.2849884033, 26.865486145, 27.4459857941, 28.0032653809, 28.5837631226, 29.1642627716, 29.7563705444, 30.3484802246, 30.9289798737, 31.5094776154, 32.0899772644, 32.6704750061, 33.2509727478, 33.8314743042, 34.4119720459, 35.0040817261, 35.5845794678, 36.1766891479, 36.7571868896, 37.3376846313, 37.9181861877, 38.4986839294, 39.0791816711, 39.6596832275, 40.2401809692, 40.8206787109, 41.4127883911, 42.0048980713, 42.585395813, 43.1658935547, 43.7463951111, 44.3268928528, 44.9073905945, 45.4878921509, 46.0683898926, 46.6488876343, 47.2409973145, 47.8331069946, 48.4019927979, 48.994102478, 49.5746040344, 50.1551017761, 50.7355995178, 51.3160972595, 51.8965988159, 52.4770965576, 53.0575942993, 53.6380958557, 54.2302017212, 54.8223114014, 55.3912010193, 55.9600906372, 56.5522003174, 57.1443061829, 57.7248077393, 58.305305481, 58.8858032227, 59.4663009644, 60.0468025208, 60.6389122009, 61.2194099426, 61.7999076843, 62.380405426, 62.9725151062, 63.5530128479, 64.1335144043, 64.714012146, 65.2945098877, 65.8866195679, 66.4671173096, 67.0360107422, 67.6165084839, 68.2086181641, 68.8007278442, 69.3812255859, 69.9617233276, 70.5422210693, 71.122718811, 71.7032165527, 72.2837142944, 72.8642196655, 73.4447174072, 74.0252151489, 74.6057128906, 75.1862106323, 75.766708374, 76.3472061157, 76.9277114868, 77.5082092285, 78.1003189087, 78.6924285889, 79.2729263306, 79.8534240723, 80.433921814, 81.0144195557, 81.5949172974, 82.1754150391, 82.7559204102, 83.3364181519, 83.928527832, 84.5206298828, 85.1011352539, 85.6816329956, 86.2621307373, 86.842628479, 87.4347381592, 88.0036239624, 88.5841217041, 89.1762313843, 89.7567367554, 90.3488388062, 90.9293441772, 91.5098419189, 92.0903396606, 92.6708374023, 93.2629470825, 93.8550567627, 94.4355545044, 95.0160522461, 95.5965499878, 96.1770477295, 96.7575454712, 97.3380508423, 97.918548584, 98.5106582642, 99.1027679443, 99.683265686, 100.263763428, 100.844261169, 101.424758911, 102.005256653, 102.585754395, 103.166259766, 103.746757507, 104.327255249, 104.907752991, 105.488250732, 106.080360413, 106.672470093, 107.241355896, 107.833465576, 108.413963318, 108.994468689, 109.574966431, 110.155464172, 110.735961914, 111.316459656, 111.908569336, 112.500679016, 113.081176758, 113.6616745, 114.242172241, 114.822669983, 115.403175354, 115.983673096, 116.564170837, 117.144668579, 117.725166321, 118.305664063, 118.886169434, 119.466667175, 120.058776855, 120.639274597, 121.231384277, 121.823486328, 122.403991699, 122.972877502, 123.553375244, 124.133872986, 124.714370728, 125.294876099, 125.87537384, 126.455871582, 127.059593201, 127.640090942, 128.220581055, 128.801086426, 129.381591797, 129.962081909, 130.54258728, 131.123077393, 131.703582764, 132.284072876, 132.864578247, 133.445083618, 134.02557373, 134.606079102, 135.186569214, 135.767074585, 136.347564697, 136.939682007, 137.531784058, 138.112289429, 138.692779541, 139.273284912, 139.853790283, 140.445892334, 141.037994385, 141.618499756, 142.199005127, 142.779495239, 143.36000061, 143.940490723, 144.520996094, 145.113098145, 145.705215454, 146.285705566, 146.866210938, 147.446716309, 148.027206421, 148.607711792, 149.188201904, 149.768707275, 150.349197388, 150.929702759, 151.498596191, 152.090698242, 152.671203613, 153.251693726, 153.832199097, 154.412689209, 154.99319458, 155.573699951, 156.154190063, 156.734695435, 157.315185547, 157.907302856, 158.499404907, 159.079910278, 159.648788452, 160.229293823, 160.809799194, 161.401901245, 161.982406616, 162.562896729, 163.155014038, 163.747116089, 164.32762146, 164.908111572, 165.488616943, 166.045898438, 166.62638855, 167.206893921, 167.787384033, 168.379501343, 168.983215332, 169.575332642, 170.155822754, 170.747940063, 171.340042114, 171.920547485, 172.501037598, 173.081542969, 173.650421143, 174.219314575, 174.799819946, 175.380310059, 175.96081543, 176.541305542, 177.121810913, 177.713912964, 178.306030273, 178.886520386, 179.467025757, 180.047531128, 180.62802124, 181.208526611, 181.789016724, 182.381134033, 182.973236084, 183.553741455, 184.134231567, 184.714736938, 185.306838989, 185.898956299, 186.479446411, 187.071563721, 187.663665771, 188.244171143, 188.824661255, 189.405166626, 189.985671997, 190.566162109, 191.14666748, 191.738769531, 192.330886841, 192.899765015, 193.491882324, 194.072372437, 194.652877808, 195.23336792, 195.813873291, 196.405975342, 196.998092651, 197.578598022, 198.159088135, 198.739593506, 199.320083618, 199.888977051, 200.457870483, 201.038360596, 201.618865967, 202.210968018, 202.803085327, 203.383575439, 203.964080811, 204.544570923, 205.125076294, 205.705581665, 206.286071777, 206.866577148, 207.447067261, 208.027572632, 208.608062744, 209.188568115, 209.769073486, 210.349563599, 210.93006897, 211.510559082, 212.102676392, 212.694778442, 213.275283813, 213.855773926, 214.436279297, 215.016769409, 215.59727478, 216.177780151, 216.758270264, 217.338775635, 217.919265747, 218.499771118, 219.08026123, 219.67237854, 220.264480591, 220.844985962, 221.425476074, 222.005981445, 222.598098755, 223.190200806, 223.770706177, 224.374420166, 224.966522217, 225.558639526, 226.04624939, 226.533874512, 227.021499634, 227.520721436, 228.019943237, 228.519180298, 229.0184021, 229.506027222, 229.993652344, 230.481262207, 230.968887329, 231.456497192, 231.955734253, 232.454956055]
