
metadata:
    version:
        essentia: "2.1-beta2"
    audio_properties:
        analysis_sample_rate: 44100
        bitrate: 320
        channels: 2
        equal_loudness: 1
        length: 258.246520996
        replay_gain: -14.7070007324
        downmix: "mix"
    tags:
        album: "Twilight Of The Thunder God"
        artist: "Amon Amarth"
        comment: ""
        date: "2008"
        genre: "Melodic Death Metal"
        title: "Varyags Of Miklagaard"
        tracknumber: "5"

configuration:
    average_loudness:
        compute: 1
        frameSize: 88200
        hopSize: 44100
        silentFrames: "noise"
        windowType: "hann"
    general:
        analysisSampleRate: 44100
        endTime: 2000
        equalLoudness: 1
        nequalLoudness: 0
        shortSound: 0
        startTime: 0
    lowlevel:
        compute: 1
        frameSize: 2048
        hopSize: 1024
        zeroPadding: 0
        silentFrames: "noise"
        windowType: "blackmanharris62"
        mfccStats: ["mean", "cov", "icov"]
        stats: ["mean", "var", "median", "min", "max", "dmean", "dmean2", "dvar", "dvar2"]
    panning:
        compute: 0
        frameSize: 8192
        hopSize: 2048
        zeroPadding: 8192
        silentFrames: "noise"
        windowType: "hann"
        stats: ["copy"]
    rhythm:
        compute: 1
        maxTempo: 208
        minTempo: 40
        method: "degara"
        stats: ["mean", "var", "median", "min", "max", "dmean", "dmean2", "dvar", "dvar2"]
    segmentation:
        compute: 0
        cpw: 5
        inc1: 300
        inc2: 50
        minimumSegmentsLength: 10
        size1: 1000
        size2: 600
    sfx:
        compute: 1
        stats: ["mean", "var", "median", "min", "max", "dmean", "dmean2", "dvar", "dvar2"]
    svm:
        compute: 0
    tonal:
        compute: 1
        frameSize: 4096
        hopSize: 2048
        zeroPadding: 0
        silentFrames: "noise"
        windowType: "blackmanharris62"
        stats: ["mean", "var", "median", "min", "max", "dmean", "dmean2", "dvar", "dvar2"]

lowlevel:
    average_loudness: 0.93559217453
    barkbands_kurtosis:
        dmean: 1.17006611824
        dmean2: 2.02206373215
        dvar: 24.2466983795
        dvar2: 76.4496688843
        max: 249.535369873
        mean: 1.10352361202
        median: -1.27869141102
        min: -1.86917388439
        var: 228.551315308
    barkbands_skewness:
        dmean: 0.378041625023
        dmean2: 0.623428583145
        dvar: 0.176782220602
        dvar2: 0.50351691246
        max: 11.5537099838
        mean: 0.45760974288
        median: 0.218367516994
        min: -2.12325119972
        var: 1.27130639553
    barkbands_spread:
        dmean: 4.85883378983
        dmean2: 8.03299999237
        dvar: 23.4575004578
        dvar2: 61.2557220459
        max: 65.5308151245
        mean: 34.7901382446
        median: 36.3440666199
        min: 0.281036257744
        var: 97.4487686157
    dissonance:
        dmean: 0.0110139362514
        dmean2: 0.0189733635634
        dvar: 0.000105464059743
        dvar2: 0.000303032487864
        max: 0.500000119209
        mean: 0.480905503035
        median: 0.484515875578
        min: 0.336399495602
        var: 0.000267662660917
    hfc:
        dmean: 1.77177608013
        dmean2: 2.96219420433
        dvar: 4.83476352692
        dvar2: 13.0517072678
        max: 27.4002571106
        mean: 7.4906744957
        median: 7.42605543137
        min: 1.05918796606e-016
        var: 15.8090105057
    pitch:
        dmean: 705.497741699
        dmean2: 1365.84875488
        dvar: 1542264.375
        dvar2: 4060821.75
        max: 4616.24951172
        mean: 685.387695313
        median: 199.10508728
        min: 43.1626358032
        var: 1276036.125
    pitch_instantaneous_confidence:
        dmean: 0.0649041235447
        dmean2: 0.10695296526
        dvar: 0.00303556467406
        dvar2: 0.00769605860114
        max: 0.828718900681
        mean: 0.26871946454
        median: 0.246593892574
        min: 0.0978913903236
        var: 0.00966570153832
    pitch_salience:
        dmean: 0.0601016618311
        dmean2: 0.103118821979
        dvar: 0.00324281165376
        dvar2: 0.009527169168
        max: 0.937317550182
        mean: 0.681171357632
        median: 0.702089309692
        min: 0.0485399439931
        var: 0.0098625998944
    silence_rate_20dB:
        dmean: 0
        dmean2: 0
        dvar: 0
        dvar2: 0
        max: 1
        mean: 1
        median: 1
        min: 1
        var: 0
    silence_rate_30dB:
        dmean: 0
        dmean2: 0
        dvar: 0
        dvar2: 0
        max: 1
        mean: 1
        median: 1
        min: 1
        var: 0
    silence_rate_60dB:
        dmean: 0.0579032562673
        dmean2: 0.115816920996
        dvar: 0.0545538663864
        dvar2: 0.12381529063
        max: 1
        mean: 0.195360958576
        median: 0
        min: 0
        var: 0.157204642892
    spectral_centroid:
        dmean: 240.578567505
        dmean2: 401.005889893
        dvar: 58423.453125
        dvar2: 153051.578125
        max: 11758.6953125
        mean: 1495.74938965
        median: 1503.609375
        min: 121.065956116
        var: 789179.5625
    spectral_complexity:
        dmean: 3.88095664978
        dmean2: 6.2605881691
        dvar: 13.3152446747
        dvar2: 32.990978241
        max: 47
        mean: 18.2308731079
        median: 19
        min: 0
        var: 84.7084655762
    spectral_crest:
        dmean: 1.76424157619
        dmean2: 3.00175762177
        dvar: 2.93811917305
        dvar2: 8.17240715027
        max: 22.9893608093
        mean: 5.74296522141
        median: 4.83981800079
        min: 2.10320711136
        var: 8.79496765137
    spectral_decrease:
        dmean: 3.13349873826e-010
        dmean2: 5.37946576173e-010
        dvar: 2.40122466813e-019
        dvar2: 6.67575389578e-019
        max: 1.89093856582e-028
        mean: -1.16939269379e-009
        median: -1.11628029043e-009
        min: -4.95715157811e-009
        var: 4.08254655283e-019
    spectral_energy:
        dmean: 0.00130127603188
        dmean2: 0.00222965050489
        dvar: 4.01520355808e-006
        dvar2: 1.11015951916e-005
        max: 0.0205053053796
        mean: 0.00509297801182
        median: 0.00491671217605
        min: 9.83330420997e-021
        var: 7.41148687666e-006
    spectral_energyband_high:
        dmean: 0.000160108189448
        dmean2: 0.000277972285403
        dvar: 4.31481943508e-008
        dvar2: 1.19451783576e-007
        max: 0.00223080464639
        mean: 0.00039117349661
        median: 0.000348000350641
        min: 6.89474912285e-021
        var: 7.06172826881e-008
    spectral_energyband_low:
        dmean: 0.000381404417567
        dmean2: 0.000653052586131
        dvar: 1.68163055037e-007
        dvar2: 4.71314194783e-007
        max: 0.00435380218551
        mean: 0.000638078025077
        median: 0.000510846381076
        min: 1.25217595425e-023
        var: 2.36772777384e-007
    spectral_energyband_middle_high:
        dmean: 0.000476249377243
        dmean2: 0.000773554842453
        dvar: 2.61066190888e-007
        dvar2: 6.65997902161e-007
        max: 0.00757071515545
        mean: 0.00214548246004
        median: 0.00205685547553
        min: 1.14545158085e-021
        var: 1.51749350152e-006
    spectral_energyband_middle_low:
        dmean: 0.000940363504924
        dmean2: 0.00162106694188
        dvar: 2.63425704361e-006
        dvar2: 7.48276943341e-006
        max: 0.0146548161283
        mean: 0.00215694541112
        median: 0.00183959736023
        min: 1.70737886261e-022
        var: 2.89812419396e-006
    spectral_flatness_db:
        dmean: 0.0130366729572
        dmean2: 0.0216727498919
        dvar: 0.000211818201933
        dvar2: 0.000582101987675
        max: 0.517079055309
        mean: 0.134515851736
        median: 0.124053992331
        min: 0.0461096800864
        var: 0.00248212390579
    spectral_flux:
        dmean: 0.00702110910788
        dmean2: 0.0108277844265
        dvar: 7.64225842431e-005
        dvar2: 0.000143071243656
        max: 0.115790136158
        mean: 0.0425615645945
        median: 0.0424537695944
        min: 6.3635791081e-011
        var: 0.000264585629338
    spectral_kurtosis:
        dmean: 1.33619534969
        dmean2: 2.32332658768
        dvar: 9.5499124527
        dvar2: 27.4259147644
        max: 153.869186401
        mean: 4.12768220901
        median: 2.85957384109
        min: -1.24957430363
        var: 78.18409729
    spectral_rms:
        dmean: 0.00026202108711
        dmean2: 0.000440754520241
        dvar: 1.08495896711e-007
        dvar2: 2.91052970169e-007
        max: 0.00447271484882
        mean: 0.00212634913623
        median: 0.00219015800394
        min: 3.09733228648e-012
        var: 4.47390817726e-007
    spectral_rolloff:
        dmean: 375.252197266
        dmean2: 635.377441406
        dvar: 219327.15625
        dvar2: 549704.375
        max: 19595.2148438
        mean: 3151.34863281
        median: 3337.64648438
        min: 107.666015625
        var: 2347347
    spectral_skewness:
        dmean: 0.17623065412
        dmean2: 0.298658102751
        dvar: 0.0567892082036
        dvar2: 0.150461286306
        max: 10.1353302002
        mean: 1.34446930885
        median: 1.23913788795
        min: -0.0830584987998
        var: 0.562908649445
    spectral_spread:
        dmean: 401072.1875
        dmean2: 640266.6875
        dvar: 361215852544
        dvar2: 792227086336
        max: 43070760
        mean: 4533652
        median: 4261279.5
        min: 689175.875
        var: 9.36252014592e+012
    spectral_strongpeak:
        dmean: 0.194183394313
        dmean2: 0.342136025429
        dvar: 0.0896461978555
        dvar2: 0.25129416585
        max: 6.42785930634
        mean: 0.258325815201
        median: 0.165804132819
        min: 7.07705422043e-011
        var: 0.0857649892569
    zerocrossingrate:
        dmean: 0.00690367864445
        dmean2: 0.00908951275051
        dvar: 4.77594076074e-005
        dvar2: 7.80560003477e-005
        max: 0.5185546875
        mean: 0.0896685048938
        median: 0.09130859375
        min: 0.00537109375
        var: 0.00158521521371
    barkbands:
        dmean: [5.07470929278e-007, 0.000102941710793, 0.000219530033064, 0.000396311836084, 0.000479149835883, 0.0001842573256, 0.00013981515076, 9.61440528044e-005, 0.000175071676495, 0.000135573907755, 0.00010586118151, 6.65520055918e-005, 6.64398394292e-005, 6.95732160239e-005, 6.65094994474e-005, 9.88713582046e-005, 0.000138702613185, 0.000103528735053, 0.000152752400027, 0.000113180089102, 7.91827478679e-005, 3.39001089742e-005, 5.81488939133e-006, 1.5307226704e-006, 5.4002714478e-007, 1.46228531506e-008, 2.63004812373e-010]
        dmean2: [7.64934497965e-007, 0.000180185917998, 0.000375605100999, 0.000703836500179, 0.000841801753268, 0.000306902307784, 0.000235088460613, 0.000161072268384, 0.000289268617053, 0.000226495030802, 0.000175587541889, 0.000109573295049, 0.000111118417408, 0.000116378258099, 0.000111119050416, 0.000166021389305, 0.000235278363107, 0.000175038367161, 0.000259826774709, 0.000192864608834, 0.000137065770105, 5.99774466536e-005, 1.02955145849e-005, 2.57362580669e-006, 8.70068504355e-007, 2.29178187539e-008, 4.60917248812e-010]
        dvar: [3.6106545271e-013, 2.11638973013e-008, 6.33510097714e-008, 4.60529122392e-007, 9.33613137022e-007, 7.54222426735e-008, 3.9187550982e-008, 2.24325429343e-008, 7.40249390674e-008, 4.96072445344e-008, 4.13800371746e-008, 1.351443224e-008, 1.15176224114e-008, 9.61938884103e-009, 8.25197776777e-009, 1.21911174489e-008, 2.48844482797e-008, 1.23968595389e-008, 2.72011586588e-008, 1.91491835722e-008, 9.15192366335e-009, 2.64440180864e-009, 8.6748851158e-011, 6.26255687933e-012, 8.23242190563e-013, 1.03749550522e-015, 9.94842626393e-020]
        dvar2: [8.11532319209e-013, 5.85582426993e-008, 1.77567969217e-007, 1.33227638344e-006, 2.67670588983e-006, 1.99049068783e-007, 1.05325476341e-007, 6.18804563146e-008, 2.02362258506e-007, 1.34080408998e-007, 1.1144398826e-007, 3.54046356676e-008, 3.05077172413e-008, 2.56493226658e-008, 2.23111289444e-008, 3.34899006305e-008, 6.87000820676e-008, 3.43681350046e-008, 7.50496269575e-008, 5.29372528035e-008, 2.53944492101e-008, 7.39646743853e-009, 2.34533975574e-010, 1.51549432725e-011, 1.8095743003e-012, 2.15802501499e-015, 2.87282566775e-019]
        max: [5.12986071044e-006, 0.00126225373242, 0.00296137994155, 0.00742860557511, 0.00864891242236, 0.00431564170867, 0.00267401430756, 0.00223130499944, 0.00393306231126, 0.00398624129593, 0.00328255747445, 0.00214988109656, 0.00218396424316, 0.00182005180977, 0.00226706010289, 0.00178185268305, 0.0032541861292, 0.00154303130694, 0.00182352529373, 0.00227798358537, 0.000999134266749, 0.000583972665481, 0.000104071972601, 4.68132093374e-005, 2.60847391473e-005, 9.75577449935e-007, 5.35358424258e-009]
        mean: [7.21381297808e-007, 0.000135282185511, 0.000300502346363, 0.00046345818555, 0.000622734369244, 0.000317769241519, 0.000219171750359, 0.000153440283611, 0.000311730866088, 0.000233720274991, 0.000169507693499, 0.000117487907119, 0.000117778981803, 0.000130874002934, 0.000133526104037, 0.000213752296986, 0.000305986119201, 0.00024159278837, 0.000367764412658, 0.000286100141238, 0.000178181493538, 5.93816876062e-005, 8.53926394484e-006, 2.85161036118e-006, 1.09824611627e-006, 2.99621305544e-008, 3.80874304318e-010]
        median: [4.15086020666e-007, 9.83339486993e-005, 0.000214329673327, 0.000258497602772, 0.000392099609599, 0.000203908362892, 0.000140096031828, 8.62698143465e-005, 0.000165341974935, 0.000114171227324, 6.36709228274e-005, 6.54091054457e-005, 7.44003045838e-005, 9.60990073509e-005, 0.000104975915747, 0.000186473465874, 0.000276568753179, 0.00021924196335, 0.000347878289176, 0.000261135806795, 0.00015813583741, 4.67585959996e-005, 5.44060412722e-006, 1.85287240129e-006, 6.69874623327e-007, 1.67470322054e-008, 2.5358631861e-010]
        min: [4.27454357959e-026, 1.82038291907e-024, 2.15418783339e-025, 4.50867533922e-025, 1.05879482861e-023, 8.77658244156e-024, 5.19496184423e-024, 9.51114920612e-024, 1.76899659859e-023, 1.48014302968e-023, 1.20462657433e-023, 2.1355209389e-023, 2.92768527805e-023, 3.37590373817e-023, 4.25407663518e-023, 6.6605697173e-023, 7.59742029725e-023, 8.52539713865e-023, 1.10964052693e-022, 1.29043204784e-022, 2.41833678732e-022, 3.87315533091e-022, 4.31288659432e-022, 5.9297298472e-022, 8.99395337954e-022, 1.3594968832e-021, 1.9000132683e-021]
        var: [6.22195058062e-013, 1.90029414426e-008, 8.5809674033e-008, 4.21494974034e-007, 7.24641381566e-007, 1.34046175049e-007, 6.45390514364e-008, 4.07216127485e-008, 1.57469244755e-007, 1.07966918961e-007, 8.09922582334e-008, 2.59924863855e-008, 2.15788524827e-008, 1.85577704315e-008, 1.60108832858e-008, 2.49273384156e-008, 4.65166039021e-008, 2.59160177762e-008, 5.52457386505e-008, 3.74904303158e-008, 1.53916843715e-008, 2.80932543895e-009, 9.44300748706e-011, 1.2111872269e-011, 2.03694006107e-012, 2.30142282252e-015, 1.70973088585e-019]
    frequency_bands:
        dmean: [5.07470929278e-007, 0.000102941710793, 0.000219530033064, 0.000396311836084, 0.000479149835883, 0.0001842573256, 0.00013981515076, 9.61440528044e-005, 0.000175071676495, 0.000135573907755, 0.00010586118151, 6.65520055918e-005, 6.64398394292e-005, 6.95732160239e-005, 6.65094994474e-005, 9.88713582046e-005, 0.000138702613185, 0.000103528735053, 0.000152752400027, 0.000113180089102, 7.91827478679e-005, 3.39001089742e-005, 5.81488939133e-006, 1.5307226704e-006, 5.4002714478e-007, 1.46228531506e-008, 2.63004812373e-010, 5.97960361781e-011]
        dmean2: [7.64934497965e-007, 0.000180185917998, 0.000375605100999, 0.000703836500179, 0.000841801753268, 0.000306902307784, 0.000235088460613, 0.000161072268384, 0.000289268617053, 0.000226495030802, 0.000175587541889, 0.000109573295049, 0.000111118417408, 0.000116378258099, 0.000111119050416, 0.000166021389305, 0.000235278363107, 0.000175038367161, 0.000259826774709, 0.000192864608834, 0.000137065770105, 5.99774466536e-005, 1.02955145849e-005, 2.57362580669e-006, 8.70068504355e-007, 2.29178187539e-008, 4.60917248812e-010, 1.11562800664e-010]
        dvar: [3.6106545271e-013, 2.11638973013e-008, 6.33510097714e-008, 4.60529122392e-007, 9.33613137022e-007, 7.54222426735e-008, 3.9187550982e-008, 2.24325429343e-008, 7.40249390674e-008, 4.96072445344e-008, 4.13800371746e-008, 1.351443224e-008, 1.15176224114e-008, 9.61938884103e-009, 8.25197776777e-009, 1.21911174489e-008, 2.48844482797e-008, 1.23968595389e-008, 2.72011586588e-008, 1.91491835722e-008, 9.15192366335e-009, 2.64440180864e-009, 8.6748851158e-011, 6.26255687933e-012, 8.23242190563e-013, 1.03749550522e-015, 9.94842626393e-020, 6.63943223352e-021]
        dvar2: [8.11532319209e-013, 5.85582426993e-008, 1.77567969217e-007, 1.33227638344e-006, 2.67670588983e-006, 1.99049068783e-007, 1.05325476341e-007, 6.18804563146e-008, 2.02362258506e-007, 1.34080408998e-007, 1.1144398826e-007, 3.54046356676e-008, 3.05077172413e-008, 2.56493226658e-008, 2.23111289444e-008, 3.34899006305e-008, 6.87000820676e-008, 3.43681350046e-008, 7.50496269575e-008, 5.29372528035e-008, 2.53944492101e-008, 7.39646743853e-009, 2.34533975574e-010, 1.51549432725e-011, 1.8095743003e-012, 2.15802501499e-015, 2.87282566775e-019, 2.10819079857e-020]
        max: [5.12986071044e-006, 0.00126225373242, 0.00296137994155, 0.00742860557511, 0.00864891242236, 0.00431564170867, 0.00267401430756, 0.00223130499944, 0.00393306231126, 0.00398624129593, 0.00328255747445, 0.00214988109656, 0.00218396424316, 0.00182005180977, 0.00226706010289, 0.00178185268305, 0.0032541861292, 0.00154303130694, 0.00182352529373, 0.00227798358537, 0.000999134266749, 0.000583972665481, 0.000104071972601, 4.68132093374e-005, 2.60847391473e-005, 9.75577449935e-007, 5.35358424258e-009, 1.07114994652e-009]
        mean: [7.21381297808e-007, 0.000135282185511, 0.000300502346363, 0.00046345818555, 0.000622734369244, 0.000317769241519, 0.000219171750359, 0.000153440283611, 0.000311730866088, 0.000233720274991, 0.000169507693499, 0.000117487907119, 0.000117778981803, 0.000130874002934, 0.000133526104037, 0.000213752296986, 0.000305986119201, 0.00024159278837, 0.000367764412658, 0.000286100141238, 0.000178181493538, 5.93816876062e-005, 8.53926394484e-006, 2.85161036118e-006, 1.09824611627e-006, 2.99621305544e-008, 3.80874304318e-010, 4.64240139386e-011]
        median: [4.15086020666e-007, 9.83339486993e-005, 0.000214329673327, 0.000258497602772, 0.000392099609599, 0.000203908362892, 0.000140096031828, 8.62698143465e-005, 0.000165341974935, 0.000114171227324, 6.36709228274e-005, 6.54091054457e-005, 7.44003045838e-005, 9.60990073509e-005, 0.000104975915747, 0.000186473465874, 0.000276568753179, 0.00021924196335, 0.000347878289176, 0.000261135806795, 0.00015813583741, 4.67585959996e-005, 5.44060412722e-006, 1.85287240129e-006, 6.69874623327e-007, 1.67470322054e-008, 2.5358631861e-010, 1.78955548297e-011]
        min: [4.27454357959e-026, 1.82038291907e-024, 2.15418783339e-025, 4.50867533922e-025, 1.05879482861e-023, 8.77658244156e-024, 5.19496184423e-024, 9.51114920612e-024, 1.76899659859e-023, 1.48014302968e-023, 1.20462657433e-023, 2.1355209389e-023, 2.92768527805e-023, 3.37590373817e-023, 4.25407663518e-023, 6.6605697173e-023, 7.59742029725e-023, 8.52539713865e-023, 1.10964052693e-022, 1.29043204784e-022, 2.41833678732e-022, 3.87315533091e-022, 4.31288659432e-022, 5.9297298472e-022, 8.99395337954e-022, 1.3594968832e-021, 1.9000132683e-021, 5.07594354378e-022]
        var: [6.22195058062e-013, 1.90029414426e-008, 8.5809674033e-008, 4.21494974034e-007, 7.24641381566e-007, 1.34046175049e-007, 6.45390514364e-008, 4.07216127485e-008, 1.57469244755e-007, 1.07966918961e-007, 8.09922582334e-008, 2.59924863855e-008, 2.15788524827e-008, 1.85577704315e-008, 1.60108832858e-008, 2.49273384156e-008, 4.65166039021e-008, 2.59160177762e-008, 5.52457386505e-008, 3.74904303158e-008, 1.53916843715e-008, 2.80932543895e-009, 9.44300748706e-011, 1.2111872269e-011, 2.03694006107e-012, 2.30142282252e-015, 1.70973088585e-019, 5.37064097534e-021]
    mfcc:
        mean: [-698.179748535, 113.741188049, -45.3013000488, 55.8933868408, -15.5463190079, 1.67334914207, -0.75074249506, -2.31551337242, 3.10247850418, -5.29494333267, -4.72917127609, -5.53120613098, -6.04910230637]
        cov: [[7989.06542969, 609.907043457, -1295.51196289, 409.431274414, -615.876220703, -61.1589851379, -183.564865112, -32.7223815918, 3.6321451664, -59.7956962585, -39.2019577026, -35.9634552002, -61.5962104797], [609.907043457, 584.990844727, -164.56652832, 154.178970337, -53.9921455383, -28.9125804901, 5.84320449829, -23.5617408752, 33.7596206665, -30.0961666107, -7.83006381989, -11.7016916275, -3.08655381203], [-1295.51196289, -164.56652832, 533.320800781, -95.960975647, 155.485473633, 18.1153411865, 32.8772659302, 28.281244278, -37.6490249634, 10.071434021, -22.8032779694, 5.88906908035, 6.29419660568], [409.431274414, 154.178970337, -95.960975647, 195.187042236, 14.9840011597, 18.3157958984, -22.737985611, -30.1407012939, 3.4182844162, -10.0881462097, 9.06603622437, -10.3990869522, -2.63737440109], [-615.876220703, -53.9921455383, 155.485473633, 14.9840011597, 147.573654175, 38.2843818665, 16.1895198822, -20.3683776855, -25.644985199, 7.78177070618, 4.96512985229, -0.315587043762, 2.62910032272], [-61.1589851379, -28.9125804901, 18.1153411865, 18.3157958984, 38.2843818665, 61.7184295654, 16.1175289154, -2.71424221992, -12.7549057007, 1.5064766407, 5.00433778763, -0.232982710004, 0.6492613554], [-183.564865112, 5.84320449829, 32.8772659302, -22.737985611, 16.1895198822, 16.1175289154, 67.3195800781, 30.2929039001, 6.74431848526, -2.92148327827, -6.03298425674, 1.06570756435, -0.27725097537], [-32.7223815918, -23.5617408752, 28.281244278, -30.1407012939, -20.3683776855, -2.71424221992, 30.2929039001, 67.4479675293, 26.6232910156, 8.09764099121, -9.08054065704, 2.59483385086, 1.22894275188], [3.6321451664, 33.7596206665, -37.6490249634, 3.4182844162, -25.644985199, -12.7549057007, 6.74431848526, 26.6232910156, 59.962562561, 19.4675121307, 8.79408359528, 0.242287814617, -0.788862228394], [-59.7956962585, -30.0961666107, 10.071434021, -10.0881462097, 7.78177070618, 1.5064766407, -2.92148327827, 8.09764099121, 19.4675121307, 47.3598098755, 21.4093894958, 7.71575403214, -0.865640819073], [-39.2019577026, -7.83006381989, -22.8032779694, 9.06603622437, 4.96512985229, 5.00433778763, -6.03298425674, -9.08054065704, 8.79408359528, 21.4093894958, 45.34815979, 16.2139263153, 5.66111803055], [-35.9634552002, -11.7016916275, 5.88906908035, -10.3990869522, -0.315587043762, -0.232982710004, 1.06570756435, 2.59483385086, 0.242287814617, 7.71575403214, 16.2139263153, 39.8918037415, 19.7709083557], [-61.5962104797, -3.08655381203, 6.29419660568, -2.63737440109, 2.62910032272, 0.6492613554, -0.27725097537, 1.22894275188, -0.788862228394, -0.865640819073, 5.66111803055, 19.7709083557, 39.1532821655]]
        icov: [[0.00031574795139, -8.78838764038e-005, 0.000473913387395, -0.000502256327309, 0.000967276107986, -0.000303146545775, 0.000452482374385, -0.000448954815511, 0.000940391677432, -0.000518285436556, 0.000601799518336, -0.000262458721409, 0.000390169152524], [-8.78838764038e-005, 0.00276667159051, -8.20697459858e-005, -0.0021604988724, 0.000632838578895, 0.00171165575739, -0.00234540668316, 0.00202219211496, -0.0019297900144, 0.00112148874905, 0.000572948309127, -0.000215843625483, -0.00019138836069], [0.000473913387395, -8.20697459858e-005, 0.00452972110361, 0.000799996952992, -0.00327489385381, 0.000807200267445, 0.00148010498378, -0.00367160583846, 0.00310333142988, -0.00126044848002, 0.00250695459545, -0.000943275575992, 0.000545538961887], [-0.000502256327309, -0.0021604988724, 0.000799996952992, 0.00976866483688, -0.00483499700204, -0.0029845230747, 0.00370298931375, 4.61023337266e-005, -0.00252092280425, 0.00283162319101, -0.00247256970033, 0.00198703096248, -0.000666183128487], [0.000967276107986, 0.000632838578895, -0.00327489385381, -0.00483499700204, 0.0186657588929, -0.00584112573415, -0.0038901604712, 0.00633475836366, 0.00363299879245, -0.00499301962554, 0.00104644475505, 0.000673402741086, -0.000139054405736], [-0.000303146545775, 0.00171165575739, 0.000807200267445, -0.0029845230747, -0.00584112573415, 0.0239156074822, -0.00707344291732, -0.000805283722002, 0.00415760697797, -0.00087183265714, -0.00285773584619, 0.00144381192513, -0.000953329959884], [0.000452482374385, -0.00234540668316, 0.00148010498378, 0.00370298931375, -0.0038901604712, -0.00707344291732, 0.0255592446774, -0.0131767690182, 0.000444386096206, 0.00431803520769, 6.13859738223e-005, -0.00145436462481, 0.0023414909374], [-0.000448954815511, 0.00202219211496, -0.00367160583846, 4.61023337266e-005, 0.00633475836366, -0.000805283722002, -0.0131767690182, 0.031407289207, -0.0134102897719, -0.00304267578758, 0.00710338028148, -0.00230475352146, -0.00164539366961], [0.000940391677432, -0.0019297900144, 0.00310333142988, -0.00252092280425, 0.00363299879245, 0.00415760697797, 0.000444386096206, -0.0134102897719, 0.0325339250267, -0.0124107217416, -0.00259238667786, 0.00344150769524, -0.000212115322938], [-0.000518285436556, 0.00112148874905, -0.00126044848002, 0.00283162319101, -0.00499301962554, -0.00087183265714, 0.00431803520769, -0.00304267578758, -0.0124107217416, 0.0360539406538, -0.0153177343309, -0.0017173779197, 0.00377126410604], [0.000601799518336, 0.000572948309127, 0.00250695459545, -0.00247256970033, 0.00104644475505, -0.00285773584619, 6.13859738223e-005, 0.00710338028148, -0.00259238667786, -0.0153177343309, 0.0386992320418, -0.0142019381747, 0.00136202748399], [-0.000262458721409, -0.000215843625483, -0.000943275575992, 0.00198703096248, 0.000673402741086, 0.00144381192513, -0.00145436462481, -0.00230475352146, 0.00344150769524, -0.0017173779197, -0.0142019381747, 0.0410186760128, -0.0187796000391], [0.000390169152524, -0.00019138836069, 0.000545538961887, -0.000666183128487, -0.000139054405736, -0.000953329959884, 0.0023414909374, -0.00164539366961, -0.000212115322938, 0.00377126410604, 0.00136202748399, -0.0187796000391, 0.0354653224349]]
    sccoeffs:
        dmean: [0.0592459142208, 0.0464030615985, 0.0380052961409, 0.0261901784688, 0.0173577684909, 0.0176239721477]
        dmean2: [0.100201234221, 0.0776084586978, 0.0637849345803, 0.0444392710924, 0.0292312223464, 0.0283737387508]
        dvar: [0.00242178421468, 0.00134988804348, 0.000890956900548, 0.000424193945946, 0.000181954659638, 0.000252045807429]
        dvar2: [0.00687099667266, 0.00378922070377, 0.00250835996121, 0.00120036571752, 0.000525831943378, 0.000622761552222]
        max: [-0.386069893837, -0.516790211201, -0.596505224705, -0.656809985638, -0.735488653183, -0.603377819061]
        mean: [-0.664750993252, -0.77037268877, -0.791865348816, -0.815182566643, -0.817514836788, -0.727476477623]
        median: [-0.667243599892, -0.772141158581, -0.793845772743, -0.814171075821, -0.81452524662, -0.722727179527]
        min: [-0.979001641273, -0.973865330219, -0.977052688599, -0.97211432457, -0.966472089291, -0.964978039265]
        var: [0.00496267061681, 0.0032649312634, 0.00261798151769, 0.00129109155387, 0.00082210788969, 0.00202103168704]
    scvalleys:
        dmean: [0.362713009119, 0.335374355316, 0.282115280628, 0.226030603051, 0.202958568931, 0.298930585384]
        dmean2: [0.607125163078, 0.560340166092, 0.461316674948, 0.367526352406, 0.324851989746, 0.477536171675]
        dvar: [0.0895276889205, 0.0842898860574, 0.0614534243941, 0.0503372661769, 0.0603034421802, 0.153374105692]
        dvar2: [0.236953169107, 0.209072887897, 0.142356619239, 0.109488248825, 0.132770970464, 0.351449519396]
        max: [-5.1745557785, -4.80578613281, -4.81301355362, -5.5931968689, -5.65452194214, -8.16201877594]
        mean: [-6.6076259613, -6.52178621292, -6.83777999878, -7.08454036713, -7.01636886597, -9.97100639343]
        median: [-6.30866718292, -6.19863319397, -6.51679897308, -6.68543386459, -6.58521842957, -9.5853767395]
        min: [-28.0816841125, -28.1711387634, -27.9169979095, -27.7938804626, -27.4690551758, -27.4612388611]
        var: [3.9469127655, 4.29795408249, 4.52494525909, 4.4250421524, 4.50047206879, 3.76263594627]

rhythm:
    beats_loudness:
        dmean: 0.00189363595564
        dmean2: 0.0035097009968
        dvar: 1.98039151655e-006
        dvar2: 6.60233035887e-006
        max: 0.0106776803732
        mean: 0.00572675745934
        median: 0.00616552727297
        min: 0
        var: 5.76064758206e-006
    bpm: 122.028793335
    bpm_confidence: 0
    first_peak_bpm: 123
    first_peak_spread: 0.355932176113
    first_peak_weight: 0.571428596973
    onset_rate: 2.96228599548
    second_peak_bpm: 152
    second_peak_spread: 0.388888865709
    second_peak_weight: 0.0206766910851
    beats_loudness_band_ratio:
        dmean: [0.135441452265, 0.0705573558807, 0.0723853781819, 0.0583603233099, 0.0563199520111, 0.0483923889697]
        dmean2: [0.2473295331, 0.12197881937, 0.126208394766, 0.103258743882, 0.100063100457, 0.0841191932559]
        dvar: [0.011457985267, 0.00403321860358, 0.00493485387415, 0.004193095956, 0.00231541926041, 0.00189396808855]
        dvar2: [0.0342073068023, 0.0117544308305, 0.0156561452895, 0.0129964221269, 0.00716935005039, 0.00547365890816]
        max: [0.991879224777, 0.49119156599, 0.493461757898, 0.460654199123, 0.413856953382, 0.420064002275]
        mean: [0.301074832678, 0.142410203815, 0.133682966232, 0.116045825183, 0.187091901898, 0.166927114129]
        median: [0.257147014141, 0.130319342017, 0.119070634246, 0.0948556885123, 0.18984799087, 0.172045484185]
        min: [0, 0, 0, 0, 0, 0]
        var: [0.0360051728785, 0.00596861727536, 0.00673340680078, 0.00574112916365, 0.00570322060958, 0.00450973259285]
    beats_position: [0.46439909935, 0.952018141747, 1.43963718414, 1.92725622654, 2.41487526894, 2.91410422325, 3.41333317757, 3.90095233917, 4.40018129349, 4.8994102478, 5.38702917099, 5.87464857101, 6.3622674942, 6.84988641739, 7.36072540283, 7.87156438828, 8.38240337372, 8.893242836, 9.41569137573, 9.93814086914, 10.4489793777, 10.9714279175, 11.4822673798, 11.9931058884, 12.4923353195, 12.9915647507, 13.4907932281, 13.9784126282, 14.4660310745, 14.9536504745, 15.4412698746, 15.9288883209, 16.4281177521, 16.9273471832, 17.4149665833, 17.9025840759, 18.390203476, 18.8894329071, 19.3886623383, 19.8762817383, 20.363899231, 20.851518631, 21.3507480621, 21.8383674622, 22.3375968933, 22.825214386, 23.312833786, 23.800453186, 24.2996826172, 24.7989120483, 25.286529541, 25.774148941, 26.2617683411, 26.7609977722, 27.2602272034, 27.747844696, 28.2354640961, 28.7346935272, 29.2339229584, 29.7215423584, 30.2091598511, 30.6967792511, 31.1843986511, 31.6836280823, 32.1828575134, 32.6704750061, 33.1580963135, 33.6457138062, 34.1449432373, 34.6441726685, 35.1317901611, 35.6194114685, 36.1070289612, 36.6062583923, 37.1054878235, 37.5931053162, 38.0807266235, 38.5683441162, 39.0559616089, 39.5435829163, 40.0428123474, 40.5420417786, 41.0296592712, 41.5172767639, 42.0048980713, 42.5041275024, 43.0033569336, 43.4909744263, 43.9785919189, 44.4662132263, 44.953830719, 45.4414520264, 45.929069519, 46.4282989502, 46.9275283813, 47.415145874, 47.9027671814, 48.4019927979, 48.901222229, 49.3888435364, 49.8764610291, 50.3640823364, 50.8516998291, 51.3393173218, 51.8385467529, 52.3377761841, 52.8253974915, 53.3246231079, 53.8238525391, 54.3114738464, 54.7990913391, 55.2867126465, 55.7743301392, 56.2735595703, 56.7727890015, 57.2604064941, 57.7480278015, 58.2356452942, 58.7232627869, 59.2108840942, 59.7101135254, 60.2093429565, 60.6969604492, 61.1845779419, 61.6721992493, 62.1714286804, 62.6706581116, 63.1582756042, 63.6458930969, 64.1451263428, 64.6443557739, 65.1319732666, 65.6195907593, 66.107208252, 66.5948257446, 67.0824508667, 67.5700683594, 68.0692977905, 68.5685272217, 69.0561447144, 69.543762207, 70.0313796997, 70.5306091309, 71.029838562, 71.5174560547, 72.0050811768, 72.4926986694, 72.9919281006, 73.4911575317, 73.9787750244, 74.4663925171, 74.9540100098, 75.4416275024, 75.9408569336, 76.4400863647, 76.9277114868, 77.4153289795, 77.9029464722, 78.3905639648, 78.889793396, 79.3890228271, 79.8766403198, 80.3642578125, 80.8518829346, 81.3511123657, 81.8503417969, 82.3379592896, 82.8255767822, 83.3131942749, 83.8008117676, 84.3000411987, 84.7992706299, 85.2868881226, 85.7745132446, 86.2621307373, 86.7613601685, 87.2605895996, 87.7482070923, 88.235824585, 88.7234420776, 89.2110671997, 89.7102966309, 90.2095184326, 90.6971435547, 91.1847610474, 91.67237854, 92.1599960327, 92.6708374023, 93.158454895, 93.6460723877, 94.1336975098, 94.6213150024, 95.1205444336, 95.6197738647, 96.1073913574, 96.5950088501, 97.0826263428, 97.5702438354, 98.0810852051, 98.5687026978, 99.0563278198, 99.5439453125, 100.031562805, 100.530792236, 101.030021667, 101.51763916, 102.005256653, 102.492874146, 102.980499268, 103.479728699, 103.97895813, 104.466575623, 104.954193115, 105.453422546, 105.952651978, 106.44026947, 106.927886963, 107.415504456, 107.903129578, 108.402359009, 108.90158844, 109.389205933, 109.876823425, 110.364440918, 110.852058411, 111.351287842, 111.850517273, 112.338134766, 112.825759888, 113.324989319, 113.812606812, 114.311836243, 114.799453735, 115.287071228, 115.774688721, 116.262313843, 116.761543274, 117.260765076, 117.748390198, 118.23600769, 118.723625183, 119.222854614, 119.722084045, 120.209701538, 120.697319031, 121.196548462, 121.695777893, 122.183395386, 122.671020508, 123.158638, 123.646255493, 124.133872986, 124.633102417, 125.132331848, 125.619949341, 126.107574463, 126.595191956, 127.094421387, 127.593650818, 128.081268311, 128.568893433, 129.056503296, 129.544128418, 130.031738281, 130.519363403, 131.006988525, 131.506210327, 132.005432129, 132.493057251, 132.992294312, 133.491516113, 133.979141235, 134.466751099, 134.954376221, 135.441986084, 135.941223145, 136.440444946, 136.928070068, 137.41569519, 137.914916992, 138.414154053, 138.901763916, 139.389389038, 139.876998901, 140.364624023, 140.852249146, 141.339859009, 141.839096069, 142.338317871, 142.825942993, 143.313552856, 143.801177979, 144.30039978, 144.799636841, 145.287246704, 145.774871826, 146.262496948, 146.76171875, 147.260955811, 147.748565674, 148.236190796, 148.723800659, 149.211425781, 149.710647583, 150.209884644, 150.697509766, 151.185119629, 151.684356689, 152.183578491, 152.671203613, 153.158813477, 153.646438599, 154.134063721, 154.633285522, 155.132507324, 155.620132446, 156.107757568, 156.595367432, 157.082992554, 157.582214355, 158.081451416, 158.569061279, 159.056686401, 159.544311523, 160.043533325, 160.542770386, 161.030380249, 161.518005371, 162.005615234, 162.493240356, 162.980865479, 163.468475342, 163.967712402, 164.466934204, 164.954559326, 165.442169189, 165.94140625, 166.440628052, 166.928253174, 167.415863037, 167.903488159, 168.391113281, 168.890335083, 169.389572144, 169.877182007, 170.364807129, 170.852416992, 171.340042114, 171.839263916, 172.338500977, 172.826126099, 173.313735962, 173.801361084, 174.300582886, 174.799819946, 175.28742981, 175.775054932, 176.262680054, 176.761901855, 177.261123657, 177.748748779, 178.236373901, 178.723983765, 179.223220825, 179.710830688, 180.210067749, 180.697677612, 181.185302734, 181.672927856, 182.16053772, 182.671386719, 183.158996582, 183.646621704, 184.134231567, 184.621856689, 185.121078491, 185.620315552, 186.107940674, 186.595550537, 187.083175659, 187.570785522, 188.070022583, 188.569244385, 189.056869507, 189.54447937, 190.032104492, 190.531341553, 191.018951416, 191.506576538, 192.00579834, 192.493423462, 192.992645264, 193.491882324, 193.979492188, 194.46711731, 194.954742432, 195.442352295, 195.929977417, 196.429199219, 196.928436279, 197.416046143, 197.903671265, 198.402893066, 198.902130127, 199.38973999, 199.877365112, 200.364990234, 200.852600098, 201.34022522, 201.839447021, 202.338684082, 202.826293945, 203.313919067, 203.801544189, 204.289154053, 204.788391113, 205.287612915, 205.775238037, 206.2628479, 206.762084961, 207.261306763, 207.748931885, 208.236557007, 208.72416687, 209.211791992, 209.711013794, 210.210250854, 210.697860718, 211.18548584, 211.673095703, 212.160720825, 212.659957886, 213.159179688, 213.64680481, 214.134414673, 214.622039795, 215.109649658, 215.608886719, 216.108108521, 216.595733643, 217.083358765, 217.570968628, 218.05859375, 218.557815552, 219.057052612, 219.544662476, 220.043899536, 220.543121338, 221.03074646, 221.518356323, 222.005981445, 222.505218506, 223.004440308, 223.49206543, 223.979675293, 224.467300415, 224.954910278, 225.4425354, 225.930160522, 226.429382324, 226.928619385, 227.416229248, 227.90385437, 228.391464233, 228.890701294, 229.389923096, 229.877548218, 230.36517334, 230.852783203, 231.352020264, 231.851242065, 232.338867188, 232.826477051, 233.314102173, 233.801712036, 234.289337158, 234.788574219, 235.287796021, 235.775421143, 236.263031006, 236.762268066, 237.261489868, 237.74911499, 238.248336792, 238.747573853, 239.246795654, 239.653152466, 240.059494019, 240.454238892, 240.848968506, 241.23210144, 241.626846313, 242.021575928, 242.451156616, 242.880722046, 243.310287476, 243.739852905, 244.169433594, 244.598999023, 245.028564453, 245.411697388, 245.806442261, 246.201171875, 246.58430481, 246.979049683, 247.362167358, 247.756912231, 248.151657104, 248.557998657, 248.941131592, 249.324264526, 249.718994141, 250.102127075, 250.496871948, 250.914825439, 251.321166992, 251.727523804, 252.133865356, 252.540222168, 252.888519287, 253.248428345, 253.608337402, 253.979858398, 254.351379395, 254.711288452, 255.07119751, 255.442718506, 255.814239502, 256.185760498, 256.557281494, 256.92880249, 257.288696289, 257.648620605]
