
metadata:
    version:
        essentia: "2.1-beta2"
    audio_properties:
        analysis_sample_rate: 44100
        bitrate: 320
        channels: 2
        equal_loudness: 1
        length: 287.399169922
        replay_gain: -15.0305690765
        downmix: "mix"
    tags:
        album: "Vultures"
        artist: "Axewound"
        comment: ""
        date: "2012"
        genre: "Metalcore"
        title: "Church of Nothing"
        tracknumber: "10"

configuration:
    average_loudness:
        compute: 1
        frameSize: 88200
        hopSize: 44100
        silentFrames: "noise"
        windowType: "hann"
    general:
        analysisSampleRate: 44100
        endTime: 2000
        equalLoudness: 1
        nequalLoudness: 0
        shortSound: 0
        startTime: 0
    lowlevel:
        compute: 1
        frameSize: 2048
        hopSize: 1024
        zeroPadding: 0
        silentFrames: "noise"
        windowType: "blackmanharris62"
        mfccStats: ["mean", "cov", "icov"]
        stats: ["mean", "var", "median", "min", "max", "dmean", "dmean2", "dvar", "dvar2"]
    panning:
        compute: 0
        frameSize: 8192
        hopSize: 2048
        zeroPadding: 8192
        silentFrames: "noise"
        windowType: "hann"
        stats: ["copy"]
    rhythm:
        compute: 1
        maxTempo: 208
        minTempo: 40
        method: "degara"
        stats: ["mean", "var", "median", "min", "max", "dmean", "dmean2", "dvar", "dvar2"]
    segmentation:
        compute: 0
        cpw: 5
        inc1: 300
        inc2: 50
        minimumSegmentsLength: 10
        size1: 1000
        size2: 600
    sfx:
        compute: 1
        stats: ["mean", "var", "median", "min", "max", "dmean", "dmean2", "dvar", "dvar2"]
    svm:
        compute: 0
    tonal:
        compute: 1
        frameSize: 4096
        hopSize: 2048
        zeroPadding: 0
        silentFrames: "noise"
        windowType: "blackmanharris62"
        stats: ["mean", "var", "median", "min", "max", "dmean", "dmean2", "dvar", "dvar2"]

lowlevel:
    average_loudness: 0.911094844341
    barkbands_kurtosis:
        dmean: 0.957756698132
        dmean2: 1.57718586922
        dvar: 6.30451536179
        dvar2: 14.0603704453
        max: 77.048789978
        mean: -0.34199243784
        median: -1.08377766609
        min: -1.9088177681
        var: 12.6208553314
    barkbands_skewness:
        dmean: 0.456737279892
        dmean2: 0.719369828701
        dvar: 0.229232683778
        dvar2: 0.532782614231
        max: 7.36972904205
        mean: -0.313155859709
        median: -0.426061302423
        min: -5.1184668541
        var: 0.848567664623
    barkbands_spread:
        dmean: 7.88595294952
        dmean2: 13.0880765915
        dvar: 58.2524642944
        dvar2: 152.744094849
        max: 72.2759628296
        mean: 35.4058151245
        median: 35.8076972961
        min: 0.923793375492
        var: 115.594596863
    dissonance:
        dmean: 0.00898407027125
        dmean2: 0.0151799907908
        dvar: 7.60500915931e-005
        dvar2: 0.00020540553669
        max: 0.500000059605
        mean: 0.485508233309
        median: 0.488177001476
        min: 0.346127688885
        var: 0.000130742890178
    hfc:
        dmean: 3.66514706612
        dmean2: 6.13778877258
        dvar: 21.8381824493
        dvar2: 58.1789855957
        max: 45.3421401978
        mean: 10.0880432129
        median: 9.47138500214
        min: 1.08290555033e-016
        var: 48.0253753662
    pitch:
        dmean: 1103.84265137
        dmean2: 2106.22338867
        dvar: 2055069.25
        dvar2: 4643487.5
        max: 4857.81787109
        mean: 2267.41699219
        median: 3442.64428711
        min: 43.0243911743
        var: 2726676.5
    pitch_instantaneous_confidence:
        dmean: 0.0812145620584
        dmean2: 0.134691670537
        dvar: 0.00475441198796
        dvar2: 0.0121373254806
        max: 0.871056199074
        mean: 0.336160808802
        median: 0.320876598358
        min: 0.0949754714966
        var: 0.011858060956
    pitch_salience:
        dmean: 0.0614268667996
        dmean2: 0.10235530138
        dvar: 0.00326627236791
        dvar2: 0.00842543225735
        max: 0.905765771866
        mean: 0.69128704071
        median: 0.709026217461
        min: 0.12351705879
        var: 0.00728778773919
    silence_rate_20dB:
        dmean: 0
        dmean2: 0
        dvar: 0
        dvar2: 0
        max: 1
        mean: 1
        median: 1
        min: 1
        var: 0
    silence_rate_30dB:
        dmean: 0
        dmean2: 0
        dvar: 0
        dvar2: 0
        max: 1
        mean: 1
        median: 1
        min: 1
        var: 0
    silence_rate_60dB:
        dmean: 0.086766846478
        dmean2: 0.173547714949
        dvar: 0.0792288556695
        dvar2: 0.172030746937
        max: 1
        mean: 0.298974066973
        median: 0
        min: 0
        var: 0.209571033716
    spectral_centroid:
        dmean: 326.914459229
        dmean2: 523.755249023
        dvar: 97000.0703125
        dvar2: 227659.140625
        max: 11808.7998047
        mean: 2159.05688477
        median: 2145.13500977
        min: 120.108894348
        var: 969167.5625
    spectral_complexity:
        dmean: 5.05445146561
        dmean2: 8.06350517273
        dvar: 25.3532829285
        dvar2: 62.0278244019
        max: 54
        mean: 18.5460853577
        median: 19
        min: 0
        var: 119.717514038
    spectral_crest:
        dmean: 1.8350379467
        dmean2: 3.10516738892
        dvar: 3.47935009003
        dvar2: 9.0767698288
        max: 22.9276447296
        mean: 6.23146486282
        median: 5.52375268936
        min: 2.41068649292
        var: 6.90685462952
    spectral_decrease:
        dmean: 3.36328992434e-010
        dmean2: 5.5763904605e-010
        dvar: 1.83207387113e-019
        dvar2: 4.79765996052e-019
        max: 1.70797028591e-028
        mean: -9.95178273122e-010
        median: -9.1622975873e-010
        min: -4.15305079215e-009
        var: 4.210344665e-019
    spectral_energy:
        dmean: 0.00156845385209
        dmean2: 0.0026040757075
        dvar: 3.93870413973e-006
        dvar2: 1.03568845589e-005
        max: 0.018568944186
        mean: 0.00467103207484
        median: 0.0043560876511
        min: 9.85858007068e-021
        var: 9.1630836323e-006
    spectral_energyband_high:
        dmean: 0.000339083722793
        dmean2: 0.000591119052842
        dvar: 2.38529025864e-007
        dvar2: 6.53344500279e-007
        max: 0.00423974636942
        mean: 0.000643540231977
        median: 0.000533962040208
        min: 7.23833684641e-021
        var: 2.94620889463e-007
    spectral_energyband_low:
        dmean: 0.000317702884786
        dmean2: 0.000573153374717
        dvar: 2.27409685749e-007
        dvar2: 6.27707890999e-007
        max: 0.00380984111689
        mean: 0.000345566892065
        median: 0.000184680407983
        min: 1.26430713614e-023
        var: 1.9296042808e-007
    spectral_energyband_middle_high:
        dmean: 0.000820443965495
        dmean2: 0.00133404531516
        dvar: 9.65563231148e-007
        dvar2: 2.42451710619e-006
        max: 0.014214660041
        mean: 0.00256130681373
        median: 0.00222664955072
        min: 1.22525683948e-021
        var: 3.39786674886e-006
    spectral_energyband_middle_low:
        dmean: 0.000651177135296
        dmean2: 0.00106364407111
        dvar: 1.06025925106e-006
        dvar2: 2.74397166322e-006
        max: 0.0101942392066
        mean: 0.00122468173504
        median: 0.000894846802112
        min: 1.46371184589e-022
        var: 1.47710045439e-006
    spectral_flatness_db:
        dmean: 0.0149903809652
        dmean2: 0.0231411866844
        dvar: 0.000213195118704
        dvar2: 0.000489997211844
        max: 0.346537947655
        mean: 0.131365433335
        median: 0.126685455441
        min: 0.0614715442061
        var: 0.000901886611246
    spectral_flux:
        dmean: 0.00894622597843
        dmean2: 0.0134496409446
        dvar: 9.18666846701e-005
        dvar2: 0.000170214902028
        max: 0.113048158586
        mean: 0.0429636500776
        median: 0.0432276800275
        min: 6.41811256918e-011
        var: 0.000403535901569
    spectral_kurtosis:
        dmean: 0.938858091831
        dmean2: 1.60697209835
        dvar: 1.11619400978
        dvar2: 3.27248907089
        max: 21.419927597
        mean: 2.700289011
        median: 2.47542738914
        min: -1.27483403683
        var: 1.78397810459
    spectral_rms:
        dmean: 0.000329502567183
        dmean2: 0.000533710990567
        dvar: 1.33611095521e-007
        dvar2: 3.44606291947e-007
        max: 0.00425629457459
        mean: 0.00197477499023
        median: 0.00206151441671
        min: 3.10131044109e-012
        var: 6.57378677715e-007
    spectral_rolloff:
        dmean: 348.170623779
        dmean2: 574.822265625
        dvar: 250659.234375
        dvar2: 583462.75
        max: 19616.7480469
        mean: 3860.3359375
        median: 3875.9765625
        min: 86.1328125
        var: 2358842
    spectral_skewness:
        dmean: 0.17153391242
        dmean2: 0.286884218454
        dvar: 0.031751152128
        dvar2: 0.0855403915048
        max: 3.47929525375
        mean: 1.08850204945
        median: 1.07875227928
        min: -0.111679144204
        var: 0.0807450115681
    spectral_spread:
        dmean: 534869.125
        dmean2: 779028.625
        dvar: 440127586304
        dvar2: 899200974848
        max: 43155068
        mean: 4894075.5
        median: 4579047
        min: 1894228.75
        var: 1.13423564145e+013
    spectral_strongpeak:
        dmean: 0.457018315792
        dmean2: 0.802823483944
        dvar: 0.473778367043
        dvar2: 1.26075911522
        max: 7.8778090477
        mean: 0.533250749111
        median: 0.230884835124
        min: 3.31923100116e-011
        var: 0.55725479126
    zerocrossingrate:
        dmean: 0.00903383456171
        dmean2: 0.0109281977639
        dvar: 7.23175835446e-005
        dvar2: 9.80204422376e-005
        max: 0.53076171875
        mean: 0.117028541863
        median: 0.1171875
        min: 0.009765625
        var: 0.00181364140008
    barkbands:
        dmean: [1.48607239225e-006, 0.000138255796628, 0.000156697831699, 0.000132808185299, 0.000284398207441, 0.000147543149069, 0.000113233894808, 0.000167480597156, 0.000112733592687, 8.84116234374e-005, 9.31428658077e-005, 6.81065430399e-005, 6.10690476606e-005, 8.14894010546e-005, 8.5918152763e-005, 0.000115747759992, 0.000143709068652, 0.00023083013366, 0.000297621096252, 0.000273341953289, 0.000159335060744, 6.44570463919e-005, 7.51611014493e-006, 2.64555296781e-006, 1.63402853559e-006, 8.75647501175e-008, 9.91023707542e-010]
        dmean2: [2.3502248041e-006, 0.000254899729043, 0.000285836489638, 0.00022546161199, 0.000467615784146, 0.000257104984485, 0.000193669169676, 0.000272488105111, 0.000183953568921, 0.000146372054587, 0.000150121530169, 0.000110746834252, 0.000100615754491, 0.000134824076667, 0.000142097691423, 0.000191922445083, 0.000239120214246, 0.000386835105019, 0.00049451214727, 0.000469675054774, 0.000279512198176, 0.000114403366752, 1.21765715448e-005, 4.05949640481e-006, 2.42837131736e-006, 1.51121682279e-007, 1.66332680962e-009]
        dvar: [4.34333038285e-012, 5.64990187968e-008, 5.94849005608e-008, 4.56045974317e-008, 2.66836025276e-007, 9.86933414993e-008, 9.31528845172e-008, 2.63682949253e-007, 7.70671704231e-008, 4.05523010727e-008, 4.63600677847e-008, 2.49478215864e-008, 1.83365589379e-008, 2.27108412076e-008, 3.38084191753e-008, 2.87905681517e-008, 5.04415709202e-008, 1.33260243729e-007, 1.43303665823e-007, 1.26254647626e-007, 5.47972724974e-008, 1.1364187813e-008, 1.44279990733e-010, 3.17304307829e-011, 1.04489151706e-011, 1.57385552074e-013, 1.63801911405e-017]
        dvar2: [1.01377942499e-011, 1.56173328492e-007, 1.67237828919e-007, 1.17545987166e-007, 6.90687897986e-007, 2.77682062233e-007, 2.51805005291e-007, 6.29397447938e-007, 1.93245313085e-007, 1.08740181304e-007, 1.14911543392e-007, 6.22385343263e-008, 4.78577497631e-008, 5.72066376492e-008, 8.87456650389e-008, 7.44857544532e-008, 1.30381877739e-007, 3.41177468499e-007, 3.71158733969e-007, 3.48590731392e-007, 1.52160055222e-007, 3.13801606922e-008, 3.34768684995e-010, 6.56817794598e-011, 2.41049732258e-011, 4.50617407971e-013, 4.53506436131e-017]
        max: [1.68000606209e-005, 0.00150402344298, 0.00199160678312, 0.00508659984916, 0.00653282180429, 0.00770688522607, 0.00639450410381, 0.00763904722407, 0.0073199053295, 0.00422218255699, 0.00476734293625, 0.00352540402673, 0.00241788406856, 0.00306806573644, 0.00451791612431, 0.00374126108363, 0.00776303047314, 0.00753962527961, 0.00737454043701, 0.00389702711254, 0.00263750134036, 0.00115788541734, 0.000230295307119, 0.000158089198521, 0.000158588765771, 1.04592363641e-005, 1.62669721249e-007]
        mean: [1.72159514022e-006, 0.000114275222586, 0.000155085566803, 0.000165995399584, 0.000361818994861, 0.000190074497368, 0.000137651004479, 0.000181934097782, 0.000154681518325, 0.000128151237732, 0.000146914855577, 0.000114932699944, 9.74405629677e-005, 0.000135796319228, 0.000143320765346, 0.000221717331442, 0.000272360543022, 0.000378496712074, 0.000638352998067, 0.000543210131582, 0.000276192527963, 8.89811708475e-005, 1.33729336085e-005, 5.2267009778e-006, 3.24207394442e-006, 9.43233544604e-008, 1.11292575156e-009]
        median: [5.51338757759e-007, 3.53612849722e-005, 7.76998058427e-005, 8.4947081632e-005, 0.00017401642981, 9.401726129e-005, 6.22914303676e-005, 4.80354465253e-005, 6.26860855846e-005, 5.07720433234e-005, 4.39165887656e-005, 4.54621585959e-005, 4.25129219366e-005, 7.69631733419e-005, 7.64019277995e-005, 0.000176296642167, 0.000223930139327, 0.000247346324613, 0.000548833108041, 0.000463201256935, 0.000221192589379, 5.25160576217e-005, 7.16065278539e-006, 3.03384445033e-006, 1.67575467458e-006, 2.93013773245e-008, 2.49050224888e-010]
        min: [1.49085589883e-025, 3.11528488157e-024, 9.13014694105e-025, 4.37327377434e-025, 1.9354073193e-024, 4.21641460118e-024, 7.91949532323e-024, 7.50604385648e-024, 1.22730167108e-023, 1.36954236419e-023, 1.02150868683e-023, 2.63040209928e-023, 2.54461063594e-023, 3.74538157371e-023, 4.46643357324e-023, 6.61136940928e-023, 5.94920903176e-023, 9.02172191449e-023, 1.20418014217e-022, 1.25412829033e-022, 2.08192522413e-022, 3.02190474198e-022, 3.73087915483e-022, 5.34555474417e-022, 8.05759896154e-022, 1.36088386476e-021, 1.87100964223e-021]
        var: [5.79185701136e-012, 3.99768858017e-008, 4.72921080075e-008, 6.82008831632e-008, 3.02282415987e-007, 9.10984638836e-008, 8.06519508956e-008, 2.79181847418e-007, 9.27908061499e-008, 6.29039433875e-008, 1.0266182926e-007, 5.17284561852e-008, 3.45524782119e-008, 4.08469809088e-008, 5.21567855571e-008, 4.95858536453e-008, 7.00012705579e-008, 2.04585418828e-007, 2.89123505581e-007, 1.95805611725e-007, 6.12233108654e-008, 1.08145101763e-008, 2.98773172869e-010, 6.61960070092e-011, 2.12372706226e-011, 9.7637359081e-014, 1.27682763901e-017]
    frequency_bands:
        dmean: [1.48607239225e-006, 0.000138255796628, 0.000156697831699, 0.000132808185299, 0.000284398207441, 0.000147543149069, 0.000113233894808, 0.000167480597156, 0.000112733592687, 8.84116234374e-005, 9.31428658077e-005, 6.81065430399e-005, 6.10690476606e-005, 8.14894010546e-005, 8.5918152763e-005, 0.000115747759992, 0.000143709068652, 0.00023083013366, 0.000297621096252, 0.000273341953289, 0.000159335060744, 6.44570463919e-005, 7.51611014493e-006, 2.64555296781e-006, 1.63402853559e-006, 8.75647501175e-008, 9.91023707542e-010, 5.56478717273e-011]
        dmean2: [2.3502248041e-006, 0.000254899729043, 0.000285836489638, 0.00022546161199, 0.000467615784146, 0.000257104984485, 0.000193669169676, 0.000272488105111, 0.000183953568921, 0.000146372054587, 0.000150121530169, 0.000110746834252, 0.000100615754491, 0.000134824076667, 0.000142097691423, 0.000191922445083, 0.000239120214246, 0.000386835105019, 0.00049451214727, 0.000469675054774, 0.000279512198176, 0.000114403366752, 1.21765715448e-005, 4.05949640481e-006, 2.42837131736e-006, 1.51121682279e-007, 1.66332680962e-009, 1.0335663575e-010]
        dvar: [4.34333038285e-012, 5.64990187968e-008, 5.94849005608e-008, 4.56045974317e-008, 2.66836025276e-007, 9.86933414993e-008, 9.31528845172e-008, 2.63682949253e-007, 7.70671704231e-008, 4.05523010727e-008, 4.63600677847e-008, 2.49478215864e-008, 1.83365589379e-008, 2.27108412076e-008, 3.38084191753e-008, 2.87905681517e-008, 5.04415709202e-008, 1.33260243729e-007, 1.43303665823e-007, 1.26254647626e-007, 5.47972724974e-008, 1.1364187813e-008, 1.44279990733e-010, 3.17304307829e-011, 1.04489151706e-011, 1.57385552074e-013, 1.63801911405e-017, 8.04226754451e-021]
        dvar2: [1.01377942499e-011, 1.56173328492e-007, 1.67237828919e-007, 1.17545987166e-007, 6.90687897986e-007, 2.77682062233e-007, 2.51805005291e-007, 6.29397447938e-007, 1.93245313085e-007, 1.08740181304e-007, 1.14911543392e-007, 6.22385343263e-008, 4.78577497631e-008, 5.72066376492e-008, 8.87456650389e-008, 7.44857544532e-008, 1.30381877739e-007, 3.41177468499e-007, 3.71158733969e-007, 3.48590731392e-007, 1.52160055222e-007, 3.13801606922e-008, 3.34768684995e-010, 6.56817794598e-011, 2.41049732258e-011, 4.50617407971e-013, 4.53506436131e-017, 2.59848562767e-020]
        max: [1.68000606209e-005, 0.00150402344298, 0.00199160678312, 0.00508659984916, 0.00653282180429, 0.00770688522607, 0.00639450410381, 0.00763904722407, 0.0073199053295, 0.00422218255699, 0.00476734293625, 0.00352540402673, 0.00241788406856, 0.00306806573644, 0.00451791612431, 0.00374126108363, 0.00776303047314, 0.00753962527961, 0.00737454043701, 0.00389702711254, 0.00263750134036, 0.00115788541734, 0.000230295307119, 0.000158089198521, 0.000158588765771, 1.04592363641e-005, 1.62669721249e-007, 1.87104531868e-009]
        mean: [1.72159514022e-006, 0.000114275222586, 0.000155085566803, 0.000165995399584, 0.000361818994861, 0.000190074497368, 0.000137651004479, 0.000181934097782, 0.000154681518325, 0.000128151237732, 0.000146914855577, 0.000114932699944, 9.74405629677e-005, 0.000135796319228, 0.000143320765346, 0.000221717331442, 0.000272360543022, 0.000378496712074, 0.000638352998067, 0.000543210131582, 0.000276192527963, 8.89811708475e-005, 1.33729336085e-005, 5.2267009778e-006, 3.24207394442e-006, 9.43233544604e-008, 1.11292575156e-009, 4.2667498007e-011]
        median: [5.51338757759e-007, 3.53612849722e-005, 7.76998058427e-005, 8.4947081632e-005, 0.00017401642981, 9.401726129e-005, 6.22914303676e-005, 4.80354465253e-005, 6.26860855846e-005, 5.07720433234e-005, 4.39165887656e-005, 4.54621585959e-005, 4.25129219366e-005, 7.69631733419e-005, 7.64019277995e-005, 0.000176296642167, 0.000223930139327, 0.000247346324613, 0.000548833108041, 0.000463201256935, 0.000221192589379, 5.25160576217e-005, 7.16065278539e-006, 3.03384445033e-006, 1.67575467458e-006, 2.93013773245e-008, 2.49050224888e-010, 1.36091589387e-011]
        min: [1.49085589883e-025, 3.11528488157e-024, 9.13014694105e-025, 4.37327377434e-025, 1.9354073193e-024, 4.21641460118e-024, 7.91949532323e-024, 7.50604385648e-024, 1.22730167108e-023, 1.36954236419e-023, 1.02150868683e-023, 2.63040209928e-023, 2.54461063594e-023, 3.74538157371e-023, 4.46643357324e-023, 6.61136940928e-023, 5.94920903176e-023, 9.02172191449e-023, 1.20418014217e-022, 1.25412829033e-022, 2.08192522413e-022, 3.02190474198e-022, 3.73087915483e-022, 5.34555474417e-022, 8.05759896154e-022, 1.36088386476e-021, 1.87100964223e-021, 4.21542831995e-022]
        var: [5.79185701136e-012, 3.99768858017e-008, 4.72921080075e-008, 6.82008831632e-008, 3.02282415987e-007, 9.10984638836e-008, 8.06519508956e-008, 2.79181847418e-007, 9.27908061499e-008, 6.29039433875e-008, 1.0266182926e-007, 5.17284561852e-008, 3.45524782119e-008, 4.08469809088e-008, 5.21567855571e-008, 4.95858536453e-008, 7.00012705579e-008, 2.04585418828e-007, 2.89123505581e-007, 1.95805611725e-007, 6.12233108654e-008, 1.08145101763e-008, 2.98773172869e-010, 6.61960070092e-011, 2.12372706226e-011, 9.7637359081e-014, 1.27682763901e-017, 6.01601714434e-021]
    mfcc:
        mean: [-711.322021484, 86.5156784058, -48.900062561, 58.6639175415, -14.9157342911, -1.09510672092, 3.51735711098, -6.0069642067, 1.59134566784, -5.27338695526, -3.32881522179, -6.0812458992, -3.55013036728]
        cov: [[9914.51269531, 480.933441162, -1215.2746582, 372.915527344, -595.230773926, -44.5100326538, -170.906661987, -84.4654083252, -55.5476570129, -82.8410568237, 43.1817016602, -51.460849762, 19.4403820038], [480.933441162, 765.224975586, -322.497192383, 221.541503906, -53.6810112, 26.9272041321, 39.5648994446, -31.523059845, 40.1952285767, -37.953163147, -1.60433185101, 1.07950663567, -13.3547010422], [-1215.2746582, -322.497192383, 606.665039063, -66.8438034058, 174.649627686, 36.2270622253, 11.6064100266, 47.9422950745, -29.2259483337, 27.3086490631, -11.9638156891, 5.08555316925, 7.57101583481], [372.915527344, 221.541503906, -66.8438034058, 301.938964844, 32.1614608765, 26.2031745911, -12.8150558472, -21.9428100586, 52.940448761, 14.6337747574, 21.0709152222, 11.1338510513, 11.3811359406], [-595.230773926, -53.6810112, 174.649627686, 32.1614608765, 176.185119629, 47.6052017212, 29.4807796478, 19.3980007172, 6.19499635696, 21.4052066803, 0.127720147371, 4.15767717361, 1.8866635561], [-44.5100326538, 26.9272041321, 36.2270622253, 26.2031745911, 47.6052017212, 113.556938171, 60.7109184265, 31.7818107605, 0.457580506802, -11.7053079605, -1.22225534916, -4.59783172607, 3.51979446411], [-170.906661987, 39.5648994446, 11.6064100266, -12.8150558472, 29.4807796478, 60.7109184265, 116.848983765, 53.6089935303, 9.66362762451, -11.8241586685, -2.5992770195, 1.68720734119, 3.88173985481], [-84.4654083252, -31.523059845, 47.9422950745, -21.9428100586, 19.3980007172, 31.7818107605, 53.6089935303, 87.5468444824, 26.4205780029, 11.3304891586, 5.29309606552, 2.22049069405, 4.21945953369], [-55.5476570129, 40.1952285767, -29.2259483337, 52.940448761, 6.19499635696, 0.457580506802, 9.66362762451, 26.4205780029, 89.0101776123, 41.3917999268, 23.1304550171, 10.43060112, 7.34587430954], [-82.8410568237, -37.953163147, 27.3086490631, 14.6337747574, 21.4052066803, -11.7053079605, -11.8241586685, 11.3304891586, 41.3917999268, 73.1106033325, 40.209980011, 18.2638454437, 4.72783946991], [43.1817016602, -1.60433185101, -11.9638156891, 21.0709152222, 0.127720147371, -1.22225534916, -2.5992770195, 5.29309606552, 23.1304550171, 40.209980011, 71.0771179199, 39.7054710388, 16.0556411743], [-51.460849762, 1.07950663567, 5.08555316925, 11.1338510513, 4.15767717361, -4.59783172607, 1.68720734119, 2.22049069405, 10.43060112, 18.2638454437, 39.7054710388, 69.2849578857, 37.7857780457], [19.4403820038, -13.3547010422, 7.57101583481, 11.3811359406, 1.8866635561, 3.51979446411, 3.88173985481, 4.21945953369, 7.34587430954, 4.72783946991, 16.0556411743, 37.7857780457, 60.6623840332]]
        icov: [[0.000175918248715, 8.3713013737e-005, 0.000300663872622, -0.000329254078679, 0.000422386277933, -0.00019058547332, 0.000265860639047, -0.000356315955287, 0.000488068588311, -0.000125732505694, -0.000110689790745, 0.000250685145147, -0.000184160351637], [8.3713013737e-005, 0.0023911097087, 0.00110737618525, -0.00168637547176, 0.000281041138805, -0.000115278191515, -0.00109940604307, 0.000457520742202, -0.00024004955776, 0.000993925728835, 0.000333240517648, -0.000802106806077, 0.00107725383714], [0.000300663872622, 0.00110737618525, 0.00368364132009, -0.00060394348111, -0.00196734583005, -0.000444149627583, 0.00108305702452, -0.00211088918149, 0.00218034163117, -0.000969041488133, 0.000881114974618, -0.000251915364061, -0.000299313629512], [-0.000329254078679, -0.00168637547176, -0.00060394348111, 0.00617282511666, -0.00227619591169, -0.00128005538136, 0.00149336631875, 0.00222084647976, -0.00412048026919, 0.00101515441202, -0.00105394993443, 0.000221837632125, -0.000892820360605], [0.000422386277933, 0.000281041138805, -0.00196734583005, -0.00227619591169, 0.0110440123826, -0.00322783295996, -0.00138235499617, 0.000535733997822, 0.00148503517266, -0.00403805822134, 0.00193976261653, -0.000567459093872, 0.000469037622679], [-0.00019058547332, -0.000115278191515, -0.000444149627583, -0.00128005538136, -0.00322783295996, 0.0148045206442, -0.00629207165912, -0.00162972544786, 0.000930889858864, 0.00305938674137, -0.00274072750472, 0.00280437502079, -0.00128391641192], [0.000265860639047, -0.00109940604307, 0.00108305702452, 0.00149336631875, -0.00138235499617, -0.00629207165912, 0.0173217561096, -0.0086315786466, -0.000314673408866, 0.00320817390457, -0.000357637240086, -0.000991339446045, -0.000342310813721], [-0.000356315955287, 0.000457520742202, -0.00211088918149, 0.00222084647976, 0.000535733997822, -0.00162972544786, -0.0086315786466, 0.0210567582399, -0.00747953727841, -0.000731702835765, 2.84004545392e-005, 0.000188410718692, 6.51741647744e-005], [0.000488068588311, -0.00024004955776, 0.00218034163117, -0.00412048026919, 0.00148503517266, 0.000930889858864, -0.000314673408866, -0.00747953727841, 0.0223793182522, -0.0122906649485, 0.00117650371976, 0.0015313468175, -0.00228548422456], [-0.000125732505694, 0.000993925728835, -0.000969041488133, 0.00101515441202, -0.00403805822134, 0.00305938674137, 0.00320817390457, -0.000731702835765, -0.0122906649485, 0.0312807001173, -0.0149771990255, 0.00112458190415, 0.00229723728262], [-0.000110689790745, 0.000333240517648, 0.000881114974618, -0.00105394993443, 0.00193976261653, -0.00274072750472, -0.000357637240086, 2.84004545392e-005, 0.00117650371976, -0.0149771990255, 0.030761687085, -0.0157839339226, 0.00303085520864], [0.000250685145147, -0.000802106806077, -0.000251915364061, 0.000221837632125, -0.000567459093872, 0.00280437502079, -0.000991339446045, 0.000188410718692, 0.0015313468175, 0.00112458190415, -0.0157839339226, 0.032469112426, -0.016681926325], [-0.000184160351637, 0.00107725383714, -0.000299313629512, -0.000892820360605, 0.000469037622679, -0.00128391641192, -0.000342310813721, 6.51741647744e-005, -0.00228548422456, 0.00229723728262, 0.00303085520864, -0.016681926325, 0.0267494767904]]
    sccoeffs:
        dmean: [0.0618762560189, 0.0498793460429, 0.0370966456831, 0.0282622855157, 0.019614610821, 0.024014852941]
        dmean2: [0.102598011494, 0.0827966853976, 0.0623215585947, 0.0474044233561, 0.0327388010919, 0.0383535027504]
        dvar: [0.00248748506419, 0.00172506668605, 0.000888492388185, 0.000538424297702, 0.000264407339273, 0.000499328656588]
        dvar2: [0.00659083295614, 0.00440202932805, 0.00242965039797, 0.00146288599353, 0.000703687896021, 0.00126331893262]
        max: [-0.354878634214, -0.43304297328, -0.573847353458, -0.587195456028, -0.651071369648, -0.551738917828]
        mean: [-0.696266591549, -0.770121395588, -0.80427634716, -0.806279063225, -0.809229493141, -0.730412840843]
        median: [-0.700241684914, -0.775488436222, -0.808726847172, -0.806620597839, -0.807251870632, -0.73297059536]
        min: [-0.979205846786, -0.978746235371, -0.974400639534, -0.97111672163, -0.965974926949, -0.965023159981]
        var: [0.00611644610763, 0.00458541885018, 0.00279933377169, 0.0019335814286, 0.00113031605724, 0.00243245367892]
    scvalleys:
        dmean: [0.404336690903, 0.401950806379, 0.328903436661, 0.274718821049, 0.271110802889, 0.350429594517]
        dmean2: [0.670656979084, 0.666817188263, 0.526376545429, 0.438774734735, 0.416438311338, 0.498985081911]
        dvar: [0.115428119898, 0.138359770179, 0.0915862619877, 0.0824893712997, 0.0921533703804, 0.186827972531]
        dvar2: [0.293259739876, 0.348234623671, 0.213369444013, 0.185465663671, 0.202399656177, 0.405295401812]
        max: [-5.15525341034, -4.46968364716, -5.18465662003, -5.62210178375, -5.45538854599, -7.54922389984]
        mean: [-7.00895500183, -6.95246219635, -7.14937543869, -7.25095844269, -6.90330266953, -9.735039711]
        median: [-6.61741828918, -6.58477544785, -6.8008928299, -6.84892129898, -6.44980621338, -9.26864337921]
        min: [-28.2107372284, -27.8752593994, -27.7665805817, -27.7150802612, -27.4338169098, -27.4166183472]
        var: [4.37199115753, 4.34127855301, 4.33360862732, 4.25128555298, 4.3475856781, 3.87446570396]

rhythm:
    beats_loudness:
        dmean: 0.00196600053459
        dmean2: 0.00353770027868
        dvar: 2.49242475547e-006
        dvar2: 7.60271450417e-006
        max: 0.0151447001845
        mean: 0.00486531900242
        median: 0.00487672071904
        min: 0
        var: 7.19258878235e-006
    bpm: 150.250762939
    bpm_confidence: 0
    first_peak_bpm: 152
    first_peak_spread: 0.439814776182
    first_peak_weight: 0.349206358194
    onset_rate: 4.6381483078
    second_peak_bpm: 140
    second_peak_spread: 0.547058820724
    second_peak_weight: 0.111111111939
    beats_loudness_band_ratio:
        dmean: [0.135124966502, 0.135757297277, 0.0803756117821, 0.0716984793544, 0.0944740325212, 0.113981127739]
        dmean2: [0.24894694984, 0.25281727314, 0.14550691843, 0.12951771915, 0.167388617992, 0.198968216777]
        dvar: [0.0132097611204, 0.00799657590687, 0.0107856588438, 0.0084139322862, 0.00589353311807, 0.00881986413151]
        dvar2: [0.0396591871977, 0.02515598014, 0.0320529267192, 0.0245324913412, 0.017265656963, 0.0256205182523]
        max: [0.878416478634, 0.527910709381, 0.646190106869, 0.551179230213, 0.588000655174, 0.849377274513]
        mean: [0.186206012964, 0.137837275863, 0.102319635451, 0.0925075635314, 0.233236059546, 0.311557233334]
        median: [0.159916549921, 0.117938622832, 0.0765071809292, 0.0603291839361, 0.222519040108, 0.308607518673]
        min: [0, 0, 0, 0, 0, 0]
        var: [0.0240019578487, 0.0111390743405, 0.0090859523043, 0.00813069753349, 0.00929055828601, 0.0147409113124]
