
metadata:
    version:
        essentia: "2.1-beta2"
    audio_properties:
        analysis_sample_rate: 44100
        bitrate: 128
        channels: 2
        equal_loudness: 1
        length: 203.88571167
        replay_gain: -11.8212985992
        downmix: "mix"
    tags:
        album: "Le bien-être et la paix"
        artist: "Mass Hysteria"
        comment: ""
        date: "1997"
        genre: "Metal"
        title: "Shine"
        tracknumber: "4"

configuration:
    average_loudness:
        compute: 1
        frameSize: 88200
        hopSize: 44100
        silentFrames: "noise"
        windowType: "hann"
    general:
        analysisSampleRate: 44100
        endTime: 2000
        equalLoudness: 1
        nequalLoudness: 0
        shortSound: 0
        startTime: 0
    lowlevel:
        compute: 1
        frameSize: 2048
        hopSize: 1024
        zeroPadding: 0
        silentFrames: "noise"
        windowType: "blackmanharris62"
        mfccStats: ["mean", "cov", "icov"]
        stats: ["mean", "var", "median", "min", "max", "dmean", "dmean2", "dvar", "dvar2"]
    panning:
        compute: 0
        frameSize: 8192
        hopSize: 2048
        zeroPadding: 8192
        silentFrames: "noise"
        windowType: "hann"
        stats: ["copy"]
    rhythm:
        compute: 1
        maxTempo: 208
        minTempo: 40
        method: "degara"
        stats: ["mean", "var", "median", "min", "max", "dmean", "dmean2", "dvar", "dvar2"]
    segmentation:
        compute: 0
        cpw: 5
        inc1: 300
        inc2: 50
        minimumSegmentsLength: 10
        size1: 1000
        size2: 600
    sfx:
        compute: 1
        stats: ["mean", "var", "median", "min", "max", "dmean", "dmean2", "dvar", "dvar2"]
    svm:
        compute: 0
    tonal:
        compute: 1
        frameSize: 4096
        hopSize: 2048
        zeroPadding: 0
        silentFrames: "noise"
        windowType: "blackmanharris62"
        stats: ["mean", "var", "median", "min", "max", "dmean", "dmean2", "dvar", "dvar2"]

lowlevel:
    average_loudness: 0.938050448895
    barkbands_kurtosis:
        dmean: 0.978095769882
        dmean2: 1.55273222923
        dvar: 3.41228675842
        dvar2: 7.2544465065
        max: 57.1914863586
        mean: -0.318153291941
        median: -1.08810162544
        min: -1.87495243549
        var: 7.2139134407
    barkbands_skewness:
        dmean: 0.472975820303
        dmean2: 0.717256426811
        dvar: 0.195622608066
        dvar2: 0.415011107922
        max: 7.45817422867
        mean: -0.274037599564
        median: -0.407865285873
        min: -6.68069410324
        var: 1.00362241268
    barkbands_spread:
        dmean: 6.28340387344
        dmean2: 9.91536045074
        dvar: 33.4689788818
        dvar2: 76.8752365112
        max: 82.2085494995
        mean: 35.924369812
        median: 36.6272468567
        min: 2.34267449379
        var: 103.905761719
    dissonance:
        dmean: 0.00790490675718
        dmean2: 0.0134438117966
        dvar: 8.74269389897e-005
        dvar2: 0.000246302544838
        max: 0.500000059605
        mean: 0.486779659986
        median: 0.48909586668
        min: 0.129444777966
        var: 0.00010961357475
    hfc:
        dmean: 2.87359261513
        dmean2: 4.37897253036
        dvar: 14.4219141006
        dvar2: 34.2638549805
        max: 68.017868042
        mean: 9.15219116211
        median: 8.07034683228
        min: 1.06741914108e-016
        var: 47.5531234741
    pitch:
        dmean: 989.467163086
        dmean2: 1896.03625488
        dvar: 1868065.875
        dvar2: 4239301
        max: 5890.93701172
        mean: 2189.82617188
        median: 3262.31347656
        min: 51.7403450012
        var: 2508808.75
    pitch_instantaneous_confidence:
        dmean: 0.0826354175806
        dmean2: 0.133952155709
        dvar: 0.00502421101555
        dvar2: 0.0118961855769
        max: 0.927629828453
        mean: 0.358835965395
        median: 0.332740992308
        min: 0.096856713295
        var: 0.0154564846307
    pitch_salience:
        dmean: 0.0547197647393
        dmean2: 0.089672267437
        dvar: 0.00223479256965
        dvar2: 0.00561364088207
        max: 0.913024842739
        mean: 0.694754302502
        median: 0.708134293556
        min: 0.0936381220818
        var: 0.00569599727169
    silence_rate_20dB:
        dmean: 0
        dmean2: 0
        dvar: 0
        dvar2: 0
        max: 1
        mean: 1
        median: 1
        min: 1
        var: 0
    silence_rate_30dB:
        dmean: 0
        dmean2: 0
        dvar: 0
        dvar2: 0
        max: 1
        mean: 1
        median: 1
        min: 1
        var: 0
    silence_rate_60dB:
        dmean: 0.123220592737
        dmean2: 0.246469244361
        dvar: 0.108045853674
        dvar2: 0.218533501029
        max: 1
        mean: 0.320769757032
        median: 0
        min: 0
        var: 0.217878937721
    spectral_centroid:
        dmean: 309.999755859
        dmean2: 473.00012207
        dvar: 101997.632813
        dvar2: 203239.171875
        max: 11676.3369141
        mean: 2026.34118652
        median: 2048.03637695
        min: 154.426147461
        var: 1199109.5
    spectral_complexity:
        dmean: 4.35713481903
        dmean2: 6.46378135681
        dvar: 20.1050033569
        dvar2: 41.0631141663
        max: 54
        mean: 16.7163524628
        median: 17
        min: 0
        var: 97.0692367554
    spectral_crest:
        dmean: 1.87733566761
        dmean2: 3.04095959663
        dvar: 3.53789615631
        dvar2: 8.17834091187
        max: 24.0609130859
        mean: 6.58732652664
        median: 5.6902794838
        min: 2.62058520317
        var: 8.41531944275
    spectral_decrease:
        dmean: 3.3275140976e-010
        dmean2: 5.42945910453e-010
        dvar: 2.20833674754e-019
        dvar2: 5.73839592756e-019
        max: 1.97849856333e-028
        mean: -9.57748103048e-010
        median: -8.42428626857e-010
        min: -4.2322594318e-009
        var: 3.65750884236e-019
    spectral_energy:
        dmean: 0.00148257578257
        dmean2: 0.00239428109489
        dvar: 4.22923949372e-006
        dvar2: 1.08567983261e-005
        max: 0.0189402289689
        mean: 0.00444490415975
        median: 0.00392949394882
        min: 1.01317322342e-020
        var: 7.91870388639e-006
    spectral_energyband_high:
        dmean: 0.000213097402593
        dmean2: 0.000336070661433
        dvar: 1.17725669213e-007
        dvar2: 2.6061948688e-007
        max: 0.00863570999354
        mean: 0.000508121855091
        median: 0.000386846368201
        min: 7.17393388869e-021
        var: 3.52486836164e-007
    spectral_energyband_low:
        dmean: 0.000356153526809
        dmean2: 0.000638452358544
        dvar: 5.03205910718e-007
        dvar2: 1.45972194332e-006
        max: 0.00590223586187
        mean: 0.000448294624221
        median: 0.000250866287388
        min: 9.88185151156e-024
        var: 4.03984131481e-007
    spectral_energyband_middle_high:
        dmean: 0.000731488398742
        dmean2: 0.00112074438948
        dvar: 8.32146611174e-007
        dvar2: 1.97360145648e-006
        max: 0.0129584539682
        mean: 0.00232751248404
        median: 0.00205797562376
        min: 1.23111061654e-021
        var: 2.97499241242e-006
    spectral_energyband_middle_low:
        dmean: 0.000699535303283
        dmean2: 0.00115382496733
        dvar: 9.7946178812e-007
        dvar2: 2.5920905955e-006
        max: 0.00931291095912
        mean: 0.00135742791463
        median: 0.00103818951175
        min: 2.03970160195e-022
        var: 1.29655654746e-006
    spectral_flatness_db:
        dmean: 0.0166910029948
        dmean2: 0.0251555331051
        dvar: 0.000217540058657
        dvar2: 0.000468249083497
        max: 0.370200634003
        mean: 0.149134919047
        median: 0.144940912724
        min: 0.0561966635287
        var: 0.00101392786019
    spectral_flux:
        dmean: 0.00826145894825
        dmean2: 0.0124554140493
        dvar: 9.39939636737e-005
        dvar2: 0.000172684158315
        max: 0.106906421483
        mean: 0.0410860739648
        median: 0.0393923483789
        min: 6.37101413292e-011
        var: 0.000286595342914
    spectral_kurtosis:
        dmean: 1.24345052242
        dmean2: 2.11016011238
        dvar: 1.79347348213
        dvar2: 5.09398412704
        max: 23.9817123413
        mean: 3.40190839767
        median: 3.28746652603
        min: -1.26325428486
        var: 3.37338542938
    spectral_rms:
        dmean: 0.000320010178257
        dmean2: 0.000500200956594
        dvar: 1.44853885331e-007
        dvar2: 3.5741567217e-007
        max: 0.00429863622412
        mean: 0.00196949136443
        median: 0.00195797160268
        min: 3.14398095232e-012
        var: 4.57592875591e-007
    spectral_rolloff:
        dmean: 378.382202148
        dmean2: 605.41229248
        dvar: 307453.4375
        dvar2: 593130.625
        max: 19530.6152344
        mean: 3633.96069336
        median: 3639.11132813
        min: 129.19921875
        var: 2862589.25
    spectral_skewness:
        dmean: 0.195188447833
        dmean2: 0.306650847197
        dvar: 0.0353662185371
        dvar2: 0.0812252759933
        max: 4.16124296188
        mean: 1.12015259266
        median: 1.14237046242
        min: -0.297787874937
        var: 0.156481727958
    spectral_spread:
        dmean: 526190
        dmean2: 745743.875
        dvar: 461075513344
        dvar2: 945114054656
        max: 43195364
        mean: 4623555
        median: 4009714
        min: 1888331.875
        var: 1.38203480719e+013
    spectral_strongpeak:
        dmean: 0.531552016735
        dmean2: 0.897202014923
        dvar: 0.679034054279
        dvar2: 1.68381631374
        max: 9.75522232056
        mean: 0.711341559887
        median: 0.207353919744
        min: 4.11541634104e-011
        var: 1.18330407143
    zerocrossingrate:
        dmean: 0.00928674079478
        dmean2: 0.0107843419537
        dvar: 9.80703480309e-005
        dvar2: 0.000106087194581
        max: 0.52392578125
        mean: 0.113007418811
        median: 0.11328125
        min: 0.0087890625
        var: 0.00212260498665
    barkbands:
        dmean: [5.66021128634e-007, 9.9055832834e-005, 0.000169024642673, 0.000293719262118, 0.000266075221589, 0.00017033124459, 6.50643341942e-005, 7.55225046305e-005, 0.00010893002036, 5.83476321481e-005, 3.46092019754e-005, 3.41255727108e-005, 2.95743338938e-005, 4.35374349763e-005, 6.37516059214e-005, 0.000118405820103, 0.00020831094298, 0.000203685063752, 0.000313499185722, 0.000201213610126, 9.17046345421e-005, 3.66047497664e-005, 1.21026405395e-005, 4.47731144959e-006, 1.76336209279e-006, 8.10539830809e-008, 2.2614876638e-010]
        dmean2: [9.45886654335e-007, 0.000168499464053, 0.000311200710712, 0.000500455906149, 0.000450799736427, 0.000284702284262, 0.000106472303742, 0.000122599987662, 0.000180633040145, 9.93270296021e-005, 5.81865497224e-005, 5.69740514038e-005, 4.83240364701e-005, 7.23142075003e-005, 0.000104919221485, 0.00019405092462, 0.000340144353686, 0.000329280650476, 0.000515012827236, 0.000331636838382, 0.000147499304148, 5.52513010916e-005, 1.82315252459e-005, 7.05626871422e-006, 2.75176944342e-006, 1.19911732099e-007, 4.07941375125e-010]
        dvar: [7.99576333962e-013, 3.0047516475e-008, 1.29063977283e-007, 2.43700611691e-007, 1.67325623579e-007, 8.63128164497e-008, 1.9507625737e-008, 3.19800967929e-008, 4.65830360952e-008, 2.04870200804e-008, 3.95002386355e-009, 4.48206805004e-009, 3.27026117297e-009, 5.44836753491e-009, 1.05560289398e-008, 2.25863701075e-008, 6.44693329832e-008, 6.64703136977e-008, 2.8236135563e-007, 6.98477506944e-008, 2.71063118618e-008, 1.53178394413e-008, 2.34972286073e-009, 4.73660555222e-010, 1.18173679176e-010, 1.03653217465e-013, 1.19979084032e-019]
        dvar2: [2.16146545107e-012, 7.97232075911e-008, 3.85260904068e-007, 6.65555489832e-007, 4.57151031696e-007, 2.20323030931e-007, 4.55113458031e-008, 7.23285822346e-008, 1.17308843528e-007, 5.6592039499e-008, 1.03438848598e-008, 1.12608038449e-008, 8.09104250266e-009, 1.44051544027e-008, 2.76041980385e-008, 5.61507746966e-008, 1.66613844499e-007, 1.6835399208e-007, 7.37100663173e-007, 1.80679734285e-007, 6.35967865037e-008, 3.2794567062e-008, 5.32455324276e-009, 1.11914932877e-009, 3.07539327338e-010, 2.43460389652e-013, 3.53527610475e-019]
        max: [8.49445677886e-006, 0.00183015258517, 0.003078751266, 0.00628914963454, 0.00482138013467, 0.00388771877624, 0.00237666908652, 0.00626134546474, 0.00414593843743, 0.00327216391452, 0.00152892014012, 0.00151618127711, 0.00104393518995, 0.00128128239885, 0.00153598701581, 0.00489046564326, 0.00380645832047, 0.00455886311829, 0.00880603957921, 0.00435901712626, 0.00463376939297, 0.00320270331576, 0.00115073961206, 0.000750383071136, 0.000625029497314, 1.13975038403e-005, 7.86439890987e-009]
        mean: [5.73868874199e-007, 0.000133050401928, 0.000154474444571, 0.000354748422978, 0.000412105815485, 0.00023093339405, 7.81949565862e-005, 9.40540194279e-005, 0.000160651528859, 8.11255522422e-005, 5.02674447489e-005, 5.08765806444e-005, 4.04608326789e-005, 6.55410040054e-005, 0.000107209772978, 0.000233380487771, 0.000432431465015, 0.000418141687987, 0.00062799139414, 0.000434890098404, 0.000194076739717, 6.16066827206e-005, 1.85642820725e-005, 6.7929031502e-006, 2.63217361862e-006, 1.23022573462e-007, 2.06541797554e-010]
        median: [2.54736619354e-007, 8.43895832077e-005, 6.1126644141e-005, 0.000169469072716, 0.000277140410617, 0.000133471679874, 3.49171677954e-005, 3.93323462049e-005, 6.99671218172e-005, 2.84135530819e-005, 2.88266928692e-005, 2.16725202336e-005, 1.79285998456e-005, 3.77785690944e-005, 6.6171909566e-005, 0.000192963751033, 0.000367433240172, 0.000328145892126, 0.000461485993583, 0.000363377388567, 0.000147786631715, 1.6992647943e-005, 3.41592090081e-006, 1.11137683234e-006, 6.07102322192e-007, 3.15573203125e-008, 9.60815316198e-011]
        min: [4.89128816244e-025, 2.42532977892e-024, 1.45872588998e-024, 1.03277975395e-024, 3.55963701606e-024, 7.7189795029e-024, 6.4592909107e-024, 9.81608496676e-024, 2.17046653037e-023, 1.30500107814e-023, 1.63572864607e-023, 2.78739425467e-023, 2.83337632574e-023, 4.49885480981e-023, 3.27387215314e-023, 5.44197525624e-023, 5.17108452346e-023, 9.67202350379e-023, 1.58471515703e-022, 1.45242861059e-022, 2.52184846473e-022, 2.57461379296e-022, 3.6250670328e-022, 4.52467744579e-022, 8.62367191561e-022, 1.35762583135e-021, 1.935944532e-021]
        var: [7.49591523835e-013, 2.93661059914e-008, 8.79760975181e-008, 2.93181955158e-007, 1.96657325091e-007, 1.02320043993e-007, 2.16788809126e-008, 4.77016079969e-008, 7.32467526632e-008, 2.98040738755e-008, 5.58780310911e-009, 7.83405518234e-009, 4.79015271893e-009, 7.93352938899e-009, 1.95001845782e-008, 5.17869302996e-008, 1.43097921068e-007, 1.44155805515e-007, 5.50712684344e-007, 1.39866116911e-007, 6.53118021887e-008, 4.01898390123e-008, 4.50038628586e-009, 8.20130630075e-010, 1.53477786036e-010, 1.73233118388e-013, 1.1433492052e-019]
    frequency_bands:
        dmean: [5.66021128634e-007, 9.9055832834e-005, 0.000169024642673, 0.000293719262118, 0.000266075221589, 0.00017033124459, 6.50643341942e-005, 7.55225046305e-005, 0.00010893002036, 5.83476321481e-005, 3.46092019754e-005, 3.41255727108e-005, 2.95743338938e-005, 4.35374349763e-005, 6.37516059214e-005, 0.000118405820103, 0.00020831094298, 0.000203685063752, 0.000313499185722, 0.000201213610126, 9.17046345421e-005, 3.66047497664e-005, 1.21026405395e-005, 4.47731144959e-006, 1.76336209279e-006, 8.10539830809e-008, 2.2614876638e-010, 5.16402441642e-011]
        dmean2: [9.45886654335e-007, 0.000168499464053, 0.000311200710712, 0.000500455906149, 0.000450799736427, 0.000284702284262, 0.000106472303742, 0.000122599987662, 0.000180633040145, 9.93270296021e-005, 5.81865497224e-005, 5.69740514038e-005, 4.83240364701e-005, 7.23142075003e-005, 0.000104919221485, 0.00019405092462, 0.000340144353686, 0.000329280650476, 0.000515012827236, 0.000331636838382, 0.000147499304148, 5.52513010916e-005, 1.82315252459e-005, 7.05626871422e-006, 2.75176944342e-006, 1.19911732099e-007, 4.07941375125e-010, 9.58332579959e-011]
        dvar: [7.99576333962e-013, 3.0047516475e-008, 1.29063977283e-007, 2.43700611691e-007, 1.67325623579e-007, 8.63128164497e-008, 1.9507625737e-008, 3.19800967929e-008, 4.65830360952e-008, 2.04870200804e-008, 3.95002386355e-009, 4.48206805004e-009, 3.27026117297e-009, 5.44836753491e-009, 1.05560289398e-008, 2.25863701075e-008, 6.44693329832e-008, 6.64703136977e-008, 2.8236135563e-007, 6.98477506944e-008, 2.71063118618e-008, 1.53178394413e-008, 2.34972286073e-009, 4.73660555222e-010, 1.18173679176e-010, 1.03653217465e-013, 1.19979084032e-019, 5.42448041658e-021]
        dvar2: [2.16146545107e-012, 7.97232075911e-008, 3.85260904068e-007, 6.65555489832e-007, 4.57151031696e-007, 2.20323030931e-007, 4.55113458031e-008, 7.23285822346e-008, 1.17308843528e-007, 5.6592039499e-008, 1.03438848598e-008, 1.12608038449e-008, 8.09104250266e-009, 1.44051544027e-008, 2.76041980385e-008, 5.61507746966e-008, 1.66613844499e-007, 1.6835399208e-007, 7.37100663173e-007, 1.80679734285e-007, 6.35967865037e-008, 3.2794567062e-008, 5.32455324276e-009, 1.11914932877e-009, 3.07539327338e-010, 2.43460389652e-013, 3.53527610475e-019, 1.72933044579e-020]
        max: [8.49445677886e-006, 0.00183015258517, 0.003078751266, 0.00628914963454, 0.00482138013467, 0.00388771877624, 0.00237666908652, 0.00626134546474, 0.00414593843743, 0.00327216391452, 0.00152892014012, 0.00151618127711, 0.00104393518995, 0.00128128239885, 0.00153598701581, 0.00489046564326, 0.00380645832047, 0.00455886311829, 0.00880603957921, 0.00435901712626, 0.00463376939297, 0.00320270331576, 0.00115073961206, 0.000750383071136, 0.000625029497314, 1.13975038403e-005, 7.86439890987e-009, 9.5538066347e-010]
        mean: [5.73868874199e-007, 0.000133050401928, 0.000154474444571, 0.000354748422978, 0.000412105815485, 0.00023093339405, 7.81949565862e-005, 9.40540194279e-005, 0.000160651528859, 8.11255522422e-005, 5.02674447489e-005, 5.08765806444e-005, 4.04608326789e-005, 6.55410040054e-005, 0.000107209772978, 0.000233380487771, 0.000432431465015, 0.000418141687987, 0.00062799139414, 0.000434890098404, 0.000194076739717, 6.16066827206e-005, 1.85642820725e-005, 6.7929031502e-006, 2.63217361862e-006, 1.23022573462e-007, 2.06541797554e-010, 4.03877868649e-011]
        median: [2.54736619354e-007, 8.43895832077e-005, 6.1126644141e-005, 0.000169469072716, 0.000277140410617, 0.000133471679874, 3.49171677954e-005, 3.93323462049e-005, 6.99671218172e-005, 2.84135530819e-005, 2.88266928692e-005, 2.16725202336e-005, 1.79285998456e-005, 3.77785690944e-005, 6.6171909566e-005, 0.000192963751033, 0.000367433240172, 0.000328145892126, 0.000461485993583, 0.000363377388567, 0.000147786631715, 1.6992647943e-005, 3.41592090081e-006, 1.11137683234e-006, 6.07102322192e-007, 3.15573203125e-008, 9.60815316198e-011, 1.58855897187e-011]
        min: [4.89128816244e-025, 2.42532977892e-024, 1.45872588998e-024, 1.03277975395e-024, 3.55963701606e-024, 7.7189795029e-024, 6.4592909107e-024, 9.81608496676e-024, 2.17046653037e-023, 1.30500107814e-023, 1.63572864607e-023, 2.78739425467e-023, 2.83337632574e-023, 4.49885480981e-023, 3.27387215314e-023, 5.44197525624e-023, 5.17108452346e-023, 9.67202350379e-023, 1.58471515703e-022, 1.45242861059e-022, 2.52184846473e-022, 2.57461379296e-022, 3.6250670328e-022, 4.52467744579e-022, 8.62367191561e-022, 1.35762583135e-021, 1.935944532e-021, 4.4572589947e-022]
        var: [7.49591523835e-013, 2.93661059914e-008, 8.79760975181e-008, 2.93181955158e-007, 1.96657325091e-007, 1.02320043993e-007, 2.16788809126e-008, 4.77016079969e-008, 7.32467526632e-008, 2.98040738755e-008, 5.58780310911e-009, 7.83405518234e-009, 4.79015271893e-009, 7.93352938899e-009, 1.95001845782e-008, 5.17869302996e-008, 1.43097921068e-007, 1.44155805515e-007, 5.50712684344e-007, 1.39866116911e-007, 6.53118021887e-008, 4.01898390123e-008, 4.50038628586e-009, 8.20130630075e-010, 1.53477786036e-010, 1.73233118388e-013, 1.1433492052e-019, 4.28253011597e-021]
    mfcc:
        mean: [-715.211303711, 101.473999023, -51.2335166931, 72.0877304077, -7.50314474106, -7.53467655182, 0.722972035408, -1.3248872757, 3.33961415291, -4.44884681702, -8.42212677002, -6.57245397568, -5.88919448853]
        cov: [[4766.28857422, 31.988445282, -523.558166504, 325.01385498, -223.682922363, -116.704139709, -190.926620483, -86.2847137451, -76.5437088013, 8.77904129028, -49.209651947, -13.0111265182, 7.24657964706], [31.988445282, 1019.12176514, -416.004730225, 290.900054932, -14.8525056839, -77.3231506348, 114.559234619, -91.5076065063, 107.715606689, -47.0437049866, -47.0944862366, 41.4850273132, -21.2240848541], [-523.558166504, -416.004730225, 754.599609375, -219.797058105, 100.632804871, 110.760002136, -14.1159210205, 136.034317017, -61.0337791443, 14.0014514923, 25.8033828735, -35.8989562988, 11.7842006683], [325.01385498, 290.900054932, -219.797058105, 361.072357178, 47.1374702454, -25.6558990479, 7.2404460907, -92.0929412842, 67.8592453003, -3.12128782272, -26.0358371735, 14.5315485001, 1.48984980583], [-223.682922363, -14.8525056839, 100.632804871, 47.1374702454, 144.807922363, 23.6282062531, 17.1580410004, -3.29709601402, 17.3867645264, 11.2898178101, -5.79615163803, 0.983121991158, 0.89159399271], [-116.704139709, -77.3231506348, 110.760002136, -25.6558990479, 23.6282062531, 95.4708404541, 24.555929184, 33.3423957825, -9.9334936142, 7.06507968903, 18.7812767029, -13.9880037308, -0.893483519554], [-190.926620483, 114.559234619, -14.1159210205, 7.2404460907, 17.1580410004, 24.555929184, 124.882583618, 28.965341568, 37.4892501831, -7.42312431335, 1.74929773808, -0.178637266159, -10.8376426697], [-86.2847137451, -91.5076065063, 136.034317017, -92.0929412842, -3.29709601402, 33.3423957825, 28.965341568, 121.052154541, -7.01636505127, 9.11704063416, 11.8705434799, -21.4843864441, -3.13179087639], [-76.5437088013, 107.715606689, -61.0337791443, 67.8592453003, 17.3867645264, -9.9334936142, 37.4892501831, -7.01636505127, 88.0210723877, 12.277472496, -8.20767021179, 9.5540599823, -7.4829158783], [8.77904129028, -47.0437049866, 14.0014514923, -3.12128782272, 11.2898178101, 7.06507968903, -7.42312431335, 9.11704063416, 12.277472496, 59.2371482849, 20.5841197968, -1.82204186916, 1.28087174892], [-49.209651947, -47.0944862366, 25.8033828735, -26.0358371735, -5.79615163803, 18.7812767029, 1.74929773808, 11.8705434799, -8.20767021179, 20.5841197968, 57.040473938, 1.73897135258, 7.81106567383], [-13.0111265182, 41.4850273132, -35.8989562988, 14.5315485001, 0.983121991158, -13.9880037308, -0.178637266159, -21.4843864441, 9.5540599823, -1.82204186916, 1.73897135258, 59.1823005676, 12.3911476135], [7.24657964706, -21.2240848541, 11.7842006683, 1.48984980583, 0.89159399271, -0.893483519554, -10.8376426697, -3.13179087639, -7.4829158783, 1.28087174892, 7.81106567383, 12.3911476135, 40.0038375854]]
        icov: [[0.000291873846436, 8.94648910617e-005, 0.000134312169394, -0.000440598174464, 0.000437258480815, 8.82016101968e-005, 0.000242959300522, -0.000260195549345, 0.000435621535871, -0.000233915066929, 0.000266892602667, 1.70854382304e-005, 4.06829858548e-005], [8.94648910617e-005, 0.00184609938879, 0.000455885659903, -0.00113974895794, 0.000409050524468, 0.000805422780104, -0.00146379019134, 1.99965688807e-005, -0.000342180283042, 0.000871303898748, 0.000275100930594, -0.0005653964472, 0.000514783663675], [0.000134312169394, 0.000455885659903, 0.00278728595003, 0.000760086579248, -0.0019091371214, -0.00159412482753, 0.000946913205553, -0.00196824246086, 0.000412712513935, 0.000556056271307, 0.00022044776415, 0.000221691574552, -0.000574763747863], [-0.000440598174464, -0.00113974895794, 0.000760086579248, 0.00602613855153, -0.00273722247221, -0.00147901778109, 0.00104857876431, 0.0025565684773, -0.00325260614045, 0.000372525071725, 0.000297601596685, 0.0011516911909, -0.00149620836601], [0.000437258480815, 0.000409050524468, -0.0019091371214, -0.00273722247221, 0.0104734813794, -0.000699602183886, -0.00154601014219, 0.00137714750599, -6.12983640167e-005, -0.00256418948993, 0.00231212796643, -0.00067215168383, 6.94360933267e-005], [8.82016101968e-005, 0.000805422780104, -0.00159412482753, -0.00147901778109, -0.000699602183886, 0.0155203612521, -0.00390779506415, -0.00119031930808, 0.00213810265996, -0.000182742674951, -0.00381046510302, 0.00168616219889, 0.000773917068727], [0.000242959300522, -0.00146379019134, 0.000946913205553, 0.00104857876431, -0.00154601014219, -0.00390779506415, 0.0133490851149, -0.00372429238632, -0.00467370543629, 0.00306599331088, -0.00143250846304, -0.000239445944317, 0.00151493062731], [-0.000260195549345, 1.99965688807e-005, -0.00196824246086, 0.0025565684773, 0.00137714750599, -0.00119031930808, -0.00372429238632, 0.0141080366448, -0.00145920016803, -0.00166747462936, -6.1324913986e-005, 0.00323064811528, -0.00062771467492], [0.000435621535871, -0.000342180283042, 0.000412712513935, -0.00325260614045, -6.12983640167e-005, 0.00213810265996, -0.00467370543629, -0.00145920016803, 0.0186652354896, -0.00618818914518, 0.00283743161708, -0.00242002331652, 0.00229294248857], [-0.000233915066929, 0.000871303898748, 0.000556056271307, 0.000372525071725, -0.00256418948993, -0.000182742674951, 0.00306599331088, -0.00166747462936, -0.00618818914518, 0.0230051614344, -0.00881818309426, 0.000816185143776, 0.000654999690596], [0.000266892602667, 0.000275100930594, 0.00022044776415, 0.000297601596685, 0.00231212796643, -0.00381046510302, -0.00143250846304, -6.1324913986e-005, 0.00283743161708, -0.00881818309426, 0.0237346235663, -0.00166782038286, -0.00381260644644], [1.70854382304e-005, -0.0005653964472, 0.000221691574552, 0.0011516911909, -0.00067215168383, 0.00168616219889, -0.000239445944317, 0.00323064811528, -0.00242002331652, 0.000816185143776, -0.00166782038286, 0.0205989740789, -0.00670424057171], [4.06829858548e-005, 0.000514783663675, -0.000574763747863, -0.00149620836601, 6.94360933267e-005, 0.000773917068727, 0.00151493062731, -0.00062771467492, 0.00229294248857, 0.000654999690596, -0.00381260644644, -0.00670424057171, 0.0290944073349]]
    sccoeffs:
        dmean: [0.0526398420334, 0.0484373234212, 0.0359559878707, 0.0299942232668, 0.0204641167074, 0.0260708201677]
        dmean2: [0.0887529700994, 0.0804707184434, 0.0601667687297, 0.0494472905993, 0.0335741005838, 0.0393283069134]
        dvar: [0.00186382350512, 0.00156115100253, 0.000827438663691, 0.000551541976165, 0.000275196594885, 0.000562553585041]
        dvar2: [0.0052645644173, 0.00419001746923, 0.00230674725026, 0.00151442515198, 0.000702986028045, 0.00115735107102]
        max: [-0.379599392414, -0.483082205057, -0.613527357578, -0.625764191151, -0.626538336277, -0.469163894653]
        mean: [-0.682214975357, -0.772227108479, -0.811072468758, -0.800585389137, -0.799491226673, -0.718524932861]
        median: [-0.684349775314, -0.776698350906, -0.81518214941, -0.802418649197, -0.801559925079, -0.723610281944]
        min: [-0.981308162212, -0.974243879318, -0.976082861423, -0.971449315548, -0.96578091383, -0.965776383877]
        var: [0.00417798338458, 0.00363523722626, 0.00215693935752, 0.00181290658657, 0.00111309404019, 0.0042051221244]
    scvalleys:
        dmean: [0.416227698326, 0.416711360216, 0.325119376183, 0.303753346205, 0.240570738912, 0.416461020708]
        dmean2: [0.680827558041, 0.66989338398, 0.524166166782, 0.454620152712, 0.3415556252, 0.554155826569]
        dvar: [0.129063501954, 0.154158338904, 0.08276283741, 0.0794882625341, 0.0690395534039, 0.217431426048]
        dvar2: [0.304591864347, 0.372036486864, 0.190623790026, 0.165441080928, 0.125323981047, 0.381282627583]
        max: [-4.97184896469, -4.57734775543, -5.35198974609, -5.59179592133, -5.48053359985, -6.94561481476]
        mean: [-6.77329587936, -6.90047359467, -7.22218322754, -7.42190504074, -6.86630535126, -10.2237014771]
        median: [-6.51013088226, -6.65994739532, -7.02837467194, -7.15487957001, -6.48176860809, -9.91444206238]
        min: [-28.1974239349, -27.8991832733, -27.8729362488, -27.8688964844, -27.4988994598, -27.4269142151]
        var: [4.32358884811, 4.33294963837, 4.14203310013, 4.07792949677, 4.36282300949, 3.91365551949]

rhythm:
    beats_loudness:
        dmean: 0.00323180784471
        dmean2: 0.00619230838493
        dvar: 4.92269691676e-006
        dvar2: 1.62690521393e-005
        max: 0.0143916159868
        mean: 0.00660103326663
        median: 0.00645632110536
        min: 0
        var: 8.31353190733e-006
    bpm: 107.378036499
    bpm_confidence: 0
    first_peak_bpm: 108
    first_peak_spread: 0.353773593903
    first_peak_weight: 0.33995038271
    onset_rate: 4.04148054123
    second_peak_bpm: 144
    second_peak_spread: 0.311258286238
    second_peak_weight: 0.258064508438
    beats_loudness_band_ratio:
        dmean: [0.147885248065, 0.0737204998732, 0.0788486674428, 0.0359060876071, 0.0814245119691, 0.0827366113663]
        dmean2: [0.273658841848, 0.128333643079, 0.14735236764, 0.0655468031764, 0.139256060123, 0.143043473363]
        dvar: [0.0148619674146, 0.0048292488791, 0.00578620843589, 0.00200289301574, 0.00443701446056, 0.00435464596376]
        dvar2: [0.044173348695, 0.0141002768651, 0.0177517198026, 0.00604303460568, 0.0135568287224, 0.0134115349501]
        max: [0.978992164135, 0.560660123825, 0.610042333603, 0.378047287464, 0.536011219025, 0.596098899841]
        mean: [0.184716463089, 0.145624965429, 0.0988477393985, 0.0584137365222, 0.276332557201, 0.273242890835]
        median: [0.119661942124, 0.13370090723, 0.0798252075911, 0.0490315370262, 0.275711923838, 0.277354687452]
        min: [0, 0, 0, 0, 0, 0]
        var: [0.0272713713348, 0.00596256321296, 0.00559544097632, 0.00160314980894, 0.00947455968708, 0.00757158827037]
    beats_position: [0.592108845711, 1.20743763447, 1.78793644905, 2.35682535172, 2.92571425438, 3.49460315704, 4.06349182129, 4.62077093124, 5.17804956436, 5.73532867432, 6.29260778427, 6.84988641739, 7.40716552734, 7.96444416046, 8.51011276245, 9.06739234924, 9.63628101349, 10.1935596466, 10.7508392334, 11.3081178665, 11.8653964996, 12.4226751328, 12.9799547195, 13.3746938705, 13.7694330215, 14.1525621414, 14.5589113235, 14.9768705368, 15.3948297501, 15.8127889633, 16.242357254, 16.6719264984, 17.0898857117, 17.5078449249, 17.9258041382, 18.3437633514, 18.7617225647, 19.179681778, 19.5976409912, 20.0156002045, 20.4335594177, 20.8631286621, 21.2926979065, 21.7106571198, 22.128616333, 22.5465755463, 22.9645347595, 23.3941040039, 23.8236732483, 24.2416324615, 24.6595916748, 25.0891609192, 25.5187301636, 25.9366893768, 26.3546485901, 26.7726078033, 27.1905670166, 27.6085262299, 28.0380954742, 28.4676647186, 28.8856239319, 29.3035831451, 29.7215423584, 30.1394996643, 30.5574588776, 30.9754180908, 31.3933773041, 31.8229465485, 32.2409057617, 32.6588668823, 33.2161445618, 33.7850341797, 34.3423118591, 34.9112014771, 35.480091095, 36.0373687744, 36.5946464539, 37.151927948, 37.7092056274, 38.2780952454, 38.8469848633, 39.4042625427, 39.9615402222, 40.5304298401, 41.099319458, 41.6565971375, 42.2138786316, 42.771156311, 43.3284339905, 43.8857116699, 44.4429931641, 45.0002708435, 45.5575485229, 46.1148300171, 46.6721076965, 47.229385376, 47.7982749939, 48.355556488, 48.9244422913, 49.4817237854, 50.0390014648, 50.5962791443, 51.1535606384, 51.7108383179, 52.2681159973, 52.8253974915, 53.3826751709, 53.9515647888, 54.5204544067, 55.0777320862, 55.6350097656, 56.1922874451, 56.7495689392, 57.3068466187, 57.8757362366, 58.4446258545, 59.0019035339, 59.5707931519, 60.162902832, 60.766620636, 61.2310180664, 61.6605873108, 62.0901565552, 62.5081176758, 62.9260749817, 63.3440361023, 63.7619934082, 64.1799545288, 64.5979156494, 65.0158691406, 65.4454421997, 65.8750076294, 66.29296875, 66.7109298706, 67.1288909912, 67.5468444824, 67.964805603, 68.3827667236, 68.8007278442, 69.2186813354, 69.6366424561, 70.0662155151, 70.4957809448, 70.9137420654, 71.3316955566, 71.7612686157, 72.1908340454, 72.608795166, 73.0267562866, 73.4331054688, 73.8394546509, 74.2341918945, 74.7566452026, 75.2790908813, 75.8131484985, 76.3704299927, 76.9277114868, 77.4849853516, 78.0422668457, 78.5879364014, 79.133605957, 79.6908798218, 80.2481613159, 80.7938308716, 81.3395004272, 81.8851699829, 82.4424438477, 82.9997253418, 83.5453948975, 84.1026763916, 84.6599502563, 85.2172317505, 85.7745132446, 86.3201828003, 86.865852356, 87.4231262207, 87.9804077148, 88.537689209, 89.0949630737, 89.6522445679, 90.2095184326, 90.6507034302, 91.0338287354, 91.4401779175, 91.8349151611, 92.2296600342, 92.6360092163, 93.0423583984, 93.4487075806, 93.8434448242, 94.2381820679, 94.64453125, 95.0624923706, 95.4804534912, 95.8984146118, 96.316368103, 96.7343292236, 97.1522903442, 97.5702438354, 97.9882049561, 98.4061660767, 98.8241271973, 99.2420806885, 99.6716537476, 100.101219177, 100.519180298, 100.937141418, 101.355102539, 101.77305603, 102.191017151, 102.608978271, 103.038543701, 103.46811676, 103.886077881, 104.304031372, 104.721992493, 105.139953613, 105.569519043, 105.987480164, 106.417053223, 106.997550964, 107.554824829, 108.112106323, 108.657775879, 109.203445435, 109.74911499, 110.294784546, 110.852058411, 111.409339905, 111.95500946, 112.500679016, 113.05796051, 113.615234375, 114.172515869, 114.729797363, 115.287071228, 115.832740784, 116.378410339, 116.912467957, 117.469749451, 118.027030945, 118.58430481, 119.141586304, 119.698867798, 120.256141663, 120.813423157, 121.370697021, 121.916366577, 122.462036133, 123.019317627, 123.576599121, 124.133872986, 124.69115448, 125.248435974, 125.805709839, 126.362991333, 126.920272827, 127.477546692, 128.023223877, 128.568893433, 129.126159668, 129.695053101, 130.263946533, 130.832824707, 131.40171814, 131.982223511, 132.551101685, 133.119995117, 133.700500488, 134.280990601, 134.838272095, 135.418777466, 135.98765564, 136.556549072, 137.125442505, 137.694335938, 138.251602173, 138.832107544, 139.412597656, 139.981491089, 140.550384521, 141.130874634, 141.699768066, 142.268661499, 142.837554932, 143.406433105, 143.9637146, 144.393280029, 144.822860718, 145.264038086, 145.728439331, 146.192825317, 146.657226563, 147.098403931, 147.527984619, 147.957550049, 148.387115479, 148.816680908, 149.234649658, 149.652603149, 150.082168579, 150.511749268, 150.929702759, 151.34765625, 151.765625, 152.183578491, 152.601531982, 153.019500732, 153.437454224, 153.867019653, 154.284988403, 154.714553833, 155.132507324, 155.550476074, 155.968429565, 156.386398315, 156.804351807, 157.222305298, 157.640274048, 158.069839478, 158.487792969, 158.917373657, 159.335327148, 159.75328064, 160.17124939, 160.589202881, 161.007156372, 161.436737061, 161.854690552, 162.284255981, 162.702224731, 163.120178223, 163.538131714, 163.956100464, 164.374053955, 164.792022705, 165.34928894, 165.918182373, 166.487075806, 167.0443573, 167.601623535, 168.158905029, 168.716186523, 169.285079956, 169.85395813, 170.411239624, 170.968521118, 171.525802612, 172.083084106, 172.640365601, 173.209243774, 173.778137207, 174.335418701, 174.892700195, 175.449981689, 176.007247925, 176.564529419, 177.121810913, 177.679092407, 178.24798584, 178.816864014, 179.374145508, 179.931427002, 180.477096558, 181.022766113, 181.568435669, 182.114105225, 182.671386719, 183.228652954, 183.785934448, 184.343215942, 184.888885498, 185.446166992, 185.991836548, 186.549118042, 187.106384277, 187.663665771, 188.220947266, 188.77822876, 189.335510254, 189.892791748, 190.450057983, 191.007339478, 191.564620972, 192.121902466, 192.667572021, 193.213241577, 193.770523071, 194.327789307, 194.885070801, 195.442352295, 195.999633789, 196.556915283, 197.125808716, 197.706298828, 198.298416138, 198.890518188, 199.482620239, 200.086349487, 200.701675415, 201.317001343, 201.943939209, 202.582489014, 203.20942688]
    bpm_estimates: [103.359382629, 105.46875, 105.46875, 105.46875, 105.468788147, 107.665977478, 107.666069031, 107.665977478, 107.665977478, 107.666069031, 107.665977478, 107.666069031, 109.956848145, 107.665885925, 105.468788147, 107.666069031, 107.665885925, 107.666069031, 107.666069031, 107.666069031, 107.665885925, 107.666252136, 105.468612671, 107.666252136, 105.468612671, 105.468612671, 107.666252136, 107.666252136, 107.665519714, 107.666252136, 105.468612671, 105.468612671, 107.666252136, 107.666252136, 105.468612671, 105.468612671, 107.666252136, 107.665519714, 107.666252136, 107.666252136, 107.666252136, 107.665519714, 107.666252136, 107.666252136, 107.665519714, 107.666252136, 107.666252136, 105.468612671, 107.665519714, 105.469322205, 107.665519714, 107.666252136, 107.666252136, 107.665519714, 107.666252136, 107.666252136, 107.665519714, 107.666252136, 105.468612671, 105.468612671, 107.666252136, 107.666252136, 107.666252136, 107.665519714, 107.666252136, 105.468612671, 105.468612671, 107.666252136, 105.468612671, 112.347427368, 107.665519714, 107.665519714, 107.666992188, 107.665519714, 109.95665741, 109.95665741, 107.666992188, 107.665519714, 109.95665741, 109.95665741, 109.95665741, 107.666992188, 107.665519714, 109.95665741, 107.665519714, 107.666992188, 107.665519714, 107.665519714, 109.95665741, 109.95665741, 107.666992188, 107.665519714, 107.665519714, 107.666992188, 107.665519714, 107.666992188, 103.359573364, 107.666992188, 107.665519714, 109.95665741, 109.95665741, 109.95665741, 109.95665741, 107.666992188, 107.665519714, 109.95665741, 109.95665741, 107.665519714, 107.666992188, 107.665519714, 107.665519714, 107.666992188, 109.95665741, 109.95665741, 112.347427368, 107.665519714, 107.665519714, 107.666992188, 107.665519714, 107.665519714, 107.666992188, 107.665519714, 107.666992188, 109.95665741, 109.95665741, 107.665519714, 107.665519714, 107.666992188, 107.665519714, 107.665519714, 107.666992188, 107.665519714, 107.665519714, 107.666992188, 109.955116272, 109.95665741, 107.668464661, 105.467910767, 105.467910767, 105.470733643, 105.467910767, 103.358215332, 105.470733643, 105.467910767, 103.358215332, 103.360931396, 107.665519714, 103.358215332, 105.470733643, 105.467910767, 105.467910767, 105.467910767, 107.668464661, 103.358215332, 103.360931396, 105.467910767, 105.467910767, 103.360931396, 105.467910767, 105.467910767, 105.467910767, 105.470733643, 107.665519714, 107.668464661, 105.467910767, 105.467910767, 107.665519714, 107.668464661, 107.665519714, 107.665519714, 105.467910767, 105.470733643, 107.665519714, 107.665519714, 107.665519714, 107.665519714, 107.665519714, 105.470733643, 105.467910767, 107.665519714, 107.665519714, 107.665519714, 107.668464661, 107.665519714, 107.665519714, 107.665519714, 105.467910767, 105.470733643, 107.665519714, 107.665519714, 109.95665741, 109.95665741, 109.95665741, 109.95665741, 107.665519714, 107.668464661, 107.665519714, 107.665519714, 109.95665741, 107.665519714, 109.95665741, 107.665519714, 107.668464661, 107.665519714, 107.665519714, 107.665519714, 107.665519714, 107.665519714, 107.668464661, 107.665519714, 107.665519714, 107.665519714, 109.95665741, 109.95665741, 107.665519714, 107.668464661, 107.665519714, 107.665519714, 107.665519714, 107.665519714, 105.467910767, 103.360931396]
