
metadata:
    version:
        essentia: "2.1-beta2"
    audio_properties:
        analysis_sample_rate: 44100
        bitrate: 320
        channels: 2
        equal_loudness: 1
        length: 331.624481201
        replay_gain: -10.8021450043
        downmix: "mix"
    tags:
        album: "Metallica"
        artist: "Metallica"
        comment: "Ripped with WMP"
        date: "1991"
        genre: "Metal"
        title: "Enter Sandman"
        tracknumber: "1"

configuration:
    average_loudness:
        compute: 1
        frameSize: 88200
        hopSize: 44100
        silentFrames: "noise"
        windowType: "hann"
    general:
        analysisSampleRate: 44100
        endTime: 2000
        equalLoudness: 1
        nequalLoudness: 0
        shortSound: 0
        startTime: 0
    lowlevel:
        compute: 1
        frameSize: 2048
        hopSize: 1024
        zeroPadding: 0
        silentFrames: "noise"
        windowType: "blackmanharris62"
        mfccStats: ["mean", "cov", "icov"]
        stats: ["mean", "var", "median", "min", "max", "dmean", "dmean2", "dvar", "dvar2"]
    panning:
        compute: 0
        frameSize: 8192
        hopSize: 2048
        zeroPadding: 8192
        silentFrames: "noise"
        windowType: "hann"
        stats: ["copy"]
    rhythm:
        compute: 1
        maxTempo: 208
        minTempo: 40
        method: "degara"
        stats: ["mean", "var", "median", "min", "max", "dmean", "dmean2", "dvar", "dvar2"]
    segmentation:
        compute: 0
        cpw: 5
        inc1: 300
        inc2: 50
        minimumSegmentsLength: 10
        size1: 1000
        size2: 600
    sfx:
        compute: 1
        stats: ["mean", "var", "median", "min", "max", "dmean", "dmean2", "dvar", "dvar2"]
    svm:
        compute: 0
    tonal:
        compute: 1
        frameSize: 4096
        hopSize: 2048
        zeroPadding: 0
        silentFrames: "noise"
        windowType: "blackmanharris62"
        stats: ["mean", "var", "median", "min", "max", "dmean", "dmean2", "dvar", "dvar2"]

lowlevel:
    average_loudness: 0.66015958786
    barkbands_kurtosis:
        dmean: 1.33661615849
        dmean2: 2.07459354401
        dvar: 9.1509771347
        dvar2: 18.8380889893
        max: 139.275543213
        mean: 0.601779878139
        median: -0.91707777977
        min: -1.9060844183
        var: 26.0206546783
    barkbands_skewness:
        dmean: 0.483565747738
        dmean2: 0.727402925491
        dvar: 0.323286741972
        dvar2: 0.671227693558
        max: 10.7406072617
        mean: 0.103469803929
        median: -0.21781013906
        min: -3.1757273674
        var: 1.86415445805
    barkbands_spread:
        dmean: 6.568754673
        dmean2: 10.3901996613
        dvar: 47.2474021912
        dvar2: 107.995819092
        max: 71.7441482544
        mean: 36.5436782837
        median: 37.3249397278
        min: 1.07799494267
        var: 175.996063232
    dissonance:
        dmean: 0.00873891171068
        dmean2: 0.0145341912284
        dvar: 8.56536207721e-005
        dvar2: 0.000229491095524
        max: 0.500000178814
        mean: 0.482228845358
        median: 0.486425608397
        min: 0.306417167187
        var: 0.000235408704611
    hfc:
        dmean: 3.32341885567
        dmean2: 5.50532960892
        dvar: 66.7354660034
        dvar2: 178.941711426
        max: 138.62348938
        mean: 8.34777927399
        median: 5.41984939575
        min: 1.08527366916e-016
        var: 93.5493927002
    pitch:
        dmean: 796.409912109
        dmean2: 1527.5994873
        dvar: 1730538.25
        dvar2: 4019479.25
        max: 5003.60351563
        mean: 2278.45922852
        median: 3437.30664063
        min: 43.0655784607
        var: 2802824.25
    pitch_instantaneous_confidence:
        dmean: 0.0786772072315
        dmean2: 0.128409773111
        dvar: 0.00437534879893
        dvar2: 0.0110125197098
        max: 0.93124628067
        mean: 0.408723503351
        median: 0.396764159203
        min: 0.106512725353
        var: 0.0145993344486
    pitch_salience:
        dmean: 0.0618886351585
        dmean2: 0.100107431412
        dvar: 0.00332020921633
        dvar2: 0.00801786780357
        max: 0.897807896137
        mean: 0.636663556099
        median: 0.656898915768
        min: 0.125949412584
        var: 0.0108021758497
    silence_rate_20dB:
        dmean: 0
        dmean2: 0
        dvar: 0
        dvar2: 0
        max: 1
        mean: 1
        median: 1
        min: 1
        var: 0
    silence_rate_30dB:
        dmean: 0
        dmean2: 0
        dvar: 0
        dvar2: 0
        max: 1
        mean: 1
        median: 1
        min: 1
        var: 0
    silence_rate_60dB:
        dmean: 0.0889231190085
        dmean2: 0.177858695388
        dvar: 0.0810312703252
        dvar2: 0.16443605721
        max: 1
        mean: 0.527900278568
        median: 1
        min: 0
        var: 0.249211445451
    spectral_centroid:
        dmean: 308.892486572
        dmean2: 482.202819824
        dvar: 140677.4375
        dvar2: 314870.78125
        max: 11555.7226563
        mean: 1865.84033203
        median: 1977.63037109
        min: 172.968902588
        var: 842427.375
    spectral_complexity:
        dmean: 3.51519393921
        dmean2: 5.5165605545
        dvar: 22.7936286926
        dvar2: 48.5817527771
        max: 54
        mean: 12.7364702225
        median: 10
        min: 0
        var: 106.416702271
    spectral_crest:
        dmean: 1.84045684338
        dmean2: 2.93991398811
        dvar: 3.26661205292
        dvar2: 7.53359079361
        max: 23.6904983521
        mean: 7.51831245422
        median: 6.42420959473
        min: 2.76872253418
        var: 12.1647195816
    spectral_decrease:
        dmean: 2.46510423185e-010
        dmean2: 4.01352118207e-010
        dvar: 2.53079527326e-019
        dvar2: 6.64183432079e-019
        max: 1.64185130536e-028
        mean: -7.9628759142e-010
        median: -6.43563313751e-010
        min: -1.07801039206e-008
        var: 4.51721988347e-019
    spectral_energy:
        dmean: 0.0012069309596
        dmean2: 0.0019739556592
        dvar: 6.83113012201e-006
        dvar2: 1.80449005711e-005
        max: 0.0532601587474
        mean: 0.0037625443656
        median: 0.00291695911437
        min: 1.00575897094e-020
        var: 1.13137120934e-005
    spectral_energyband_high:
        dmean: 0.000287850562017
        dmean2: 0.000489984173328
        dvar: 5.37338223694e-007
        dvar2: 1.45255842199e-006
        max: 0.0116255460307
        mean: 0.00054315442685
        median: 0.000283034372842
        min: 7.05352741078e-021
        var: 6.53925098959e-007
    spectral_energyband_low:
        dmean: 0.000235390965827
        dmean2: 0.000391286797822
        dvar: 1.12696071142e-007
        dvar2: 3.05537128042e-007
        max: 0.00717694545165
        mean: 0.000463607168058
        median: 0.000366301101167
        min: 2.79012844656e-023
        var: 1.83023587397e-007
    spectral_energyband_middle_high:
        dmean: 0.000750877719838
        dmean2: 0.00121833116282
        dvar: 2.92469621854e-006
        dvar2: 7.6149153756e-006
        max: 0.0418459251523
        mean: 0.00193940161262
        median: 0.00120860920288
        min: 1.28500559358e-021
        var: 5.11528605784e-006
    spectral_energyband_middle_low:
        dmean: 0.000356659904355
        dmean2: 0.000561901426408
        dvar: 2.959496328e-007
        dvar2: 7.26010284779e-007
        max: 0.0132502885535
        mean: 0.000998775474727
        median: 0.000758878421038
        min: 1.92224210643e-022
        var: 8.02149315859e-007
    spectral_flatness_db:
        dmean: 0.0152282426134
        dmean2: 0.0232781823725
        dvar: 0.000244886381552
        dvar2: 0.000503403192852
        max: 0.398491799831
        mean: 0.147769331932
        median: 0.137192547321
        min: 0.044566296041
        var: 0.00182806979865
    spectral_flux:
        dmean: 0.00742774270475
        dmean2: 0.011405909434
        dvar: 0.00014415741316
        dvar2: 0.000283099769149
        max: 0.189539343119
        mean: 0.0338021032512
        median: 0.0313622131944
        min: 6.51850240452e-011
        var: 0.000430248532211
    spectral_kurtosis:
        dmean: 1.04615819454
        dmean2: 1.74456679821
        dvar: 3.2006688118
        dvar2: 8.52596473694
        max: 66.017829895
        mean: 3.061627388
        median: 2.50973081589
        min: -1.24228167534
        var: 9.03136253357
    spectral_rms:
        dmean: 0.000257309497101
        dmean2: 0.000407674553571
        dvar: 1.69692185636e-007
        dvar2: 4.23607161792e-007
        max: 0.0072084069252
        mean: 0.00173156405799
        median: 0.0016869539395
        min: 3.1324563169e-012
        var: 6.72445764849e-007
    spectral_rolloff:
        dmean: 399.209136963
        dmean2: 646.101318359
        dvar: 439076.03125
        dvar2: 887529.5
        max: 19896.6796875
        mean: 3344.30004883
        median: 3725.24414063
        min: 172.265625
        var: 2038195.875
    spectral_skewness:
        dmean: 0.163406997919
        dmean2: 0.263388633728
        dvar: 0.0439697057009
        dvar2: 0.103155232966
        max: 6.33922386169
        mean: 1.23255193233
        median: 1.22279369831
        min: -0.0520399361849
        var: 0.194029733539
    spectral_spread:
        dmean: 475305.8125
        dmean2: 693476.5
        dvar: 423849951232
        dvar2: 838504677376
        max: 42186408
        mean: 5405341
        median: 5341085.5
        min: 1225253
        var: 4.83237403034e+012
    spectral_strongpeak:
        dmean: 0.445124089718
        dmean2: 0.773662090302
        dvar: 0.716715216637
        dvar2: 1.89132082462
        max: 11.8261060715
        mean: 0.620294749737
        median: 0.137898489833
        min: 5.13498299437e-010
        var: 1.25278127193
    zerocrossingrate:
        dmean: 0.00903217773885
        dmean2: 0.0102850198746
        dvar: 8.75893965713e-005
        dvar2: 9.78932584985e-005
        max: 0.52587890625
        mean: 0.105715982616
        median: 0.1123046875
        min: 0.00732421875
        var: 0.00161300948821
    barkbands:
        dmean: [2.78198456272e-007, 5.49816868443e-005, 0.000148842256749, 0.000169663748238, 0.000115066024591, 7.06102946424e-005, 6.5190528403e-005, 3.64294464816e-005, 8.59692736412e-005, 3.80494020646e-005, 2.93027860607e-005, 4.09692402172e-005, 3.51230992237e-005, 4.0215527406e-005, 5.85294546909e-005, 9.72634006757e-005, 0.000145467725815, 0.0001782032341, 0.000289354473352, 0.000268910778686, 0.000136068134452, 4.5360011427e-005, 1.22473165902e-005, 4.37773951489e-006, 2.80235303762e-006, 1.27820825924e-007, 4.17243961603e-010]
        dmean2: [4.34526327808e-007, 9.42541228142e-005, 0.000250316312304, 0.000264291244093, 0.000192035688087, 0.0001160629472, 0.000108176951471, 5.76382262807e-005, 0.000131963228341, 6.10692804912e-005, 4.89976737299e-005, 6.55663898215e-005, 5.73849138163e-005, 6.59785655444e-005, 9.56334915827e-005, 0.000159520815942, 0.000240300258156, 0.000297796621453, 0.000490550533868, 0.000458079681266, 0.000233981365454, 7.79320253059e-005, 2.04371208383e-005, 6.9944326242e-006, 4.41646534455e-006, 2.17433637317e-007, 6.85973833292e-010]
        dvar: [1.72270292649e-013, 1.03230144433e-008, 5.19935738907e-008, 6.90990304975e-008, 3.50654900672e-008, 1.77147843061e-008, 2.22118696769e-008, 1.58266040273e-008, 8.54467074873e-008, 3.45577042538e-008, 1.87208950564e-008, 2.71676654506e-008, 1.21601333447e-008, 1.09899360723e-008, 2.3072242783e-008, 5.48738796624e-008, 1.24838166471e-007, 1.84541562476e-007, 3.63029698747e-007, 3.6164178141e-007, 1.20257467984e-007, 1.61527911047e-008, 1.18265353066e-009, 1.8757218001e-010, 6.48638712186e-011, 9.85567828521e-014, 7.27574418322e-019]
        dvar2: [3.99234573352e-013, 2.84767462944e-008, 1.41585317692e-007, 1.53561344973e-007, 9.57003933877e-008, 4.5107189095e-008, 5.87020032583e-008, 3.75797206686e-008, 1.99302164106e-007, 8.30099295968e-008, 5.27395833672e-008, 6.91523140972e-008, 3.00521456609e-008, 2.83816437019e-008, 5.81044261594e-008, 1.40864003129e-007, 3.1214392493e-007, 4.86504291075e-007, 9.86304144135e-007, 9.87628595794e-007, 3.28334635924e-007, 4.39562874988e-008, 3.10756242961e-009, 3.96584209916e-010, 1.40561035034e-010, 2.70946405503e-013, 1.84742538687e-018]
        max: [7.57792895456e-006, 0.00127773883287, 0.00413266243413, 0.00668333470821, 0.00462373159826, 0.00360574014485, 0.00440929690376, 0.00573221966624, 0.0106797218323, 0.00842525344342, 0.00438016373664, 0.00462021678686, 0.00451671751216, 0.00232300907373, 0.00470302905887, 0.0080599989742, 0.0118625722826, 0.0119474930689, 0.00920523237437, 0.00972646754235, 0.00699128303677, 0.00203720782883, 0.000641326012556, 0.000633249466773, 0.000344149855664, 6.41434689896e-006, 2.71134297236e-008]
        mean: [4.09925689837e-007, 6.88045402057e-005, 0.000239574219449, 0.000332474912284, 0.000209780744626, 0.000129928521346, 0.000106788669655, 5.27090269316e-005, 0.00014886133431, 5.70399133721e-005, 3.90309760405e-005, 6.17449186393e-005, 5.15461033501e-005, 6.1082027969e-005, 8.97687204997e-005, 0.00017369465786, 0.00026127169258, 0.000306921050651, 0.000536433944944, 0.000505468633492, 0.000229378871154, 6.65991319693e-005, 1.85234584933e-005, 8.2942087829e-006, 6.18152898824e-006, 2.28075080599e-007, 6.11780515136e-010]
        median: [2.02783908776e-007, 3.83776459785e-005, 0.000175401073648, 0.000187466706848, 0.00014087530144, 7.27558144717e-005, 5.42804627912e-005, 1.45669910125e-005, 2.14881456486e-005, 1.16163646453e-005, 9.65924664342e-006, 1.63089734997e-005, 1.4738999198e-005, 2.29051111091e-005, 3.36588636856e-005, 7.44500139263e-005, 0.000137341907248, 0.000182221425348, 0.00034627885907, 0.000264597561909, 0.000112928166345, 2.52603695117e-005, 6.34347861705e-006, 3.5742482396e-006, 3.38446670867e-006, 1.20454416219e-007, 2.18326232093e-010]
        min: [1.74208768536e-024, 7.38370967388e-024, 3.41167905354e-024, 2.44048004982e-024, 6.56360001605e-024, 1.31197871062e-023, 1.45993162443e-023, 1.92687212041e-023, 1.52605899421e-023, 2.57826643983e-023, 1.85866831095e-023, 3.28848406592e-023, 4.89318302605e-023, 4.44372542322e-023, 5.29019904916e-023, 8.86587392297e-023, 6.86412612311e-023, 1.15511715905e-022, 1.6781695521e-022, 2.36911060466e-022, 3.01992766722e-022, 3.78121378173e-022, 4.29093328952e-022, 5.11512304639e-022, 9.39587106878e-022, 1.52058980263e-021, 1.99709531281e-021]
        var: [3.29146649172e-013, 1.01665298402e-008, 6.83542680235e-008, 2.28992163898e-007, 5.94582481028e-008, 3.17217825341e-008, 3.06969916153e-008, 2.87289800838e-008, 1.96734887936e-007, 5.91797544303e-008, 2.19988649519e-008, 5.03939077134e-008, 1.88822646408e-008, 1.7018850329e-008, 3.64894923166e-008, 1.00625520361e-007, 1.92679650013e-007, 2.2652085363e-007, 4.69188194074e-007, 5.48307809822e-007, 1.32603034331e-007, 1.61112563291e-008, 1.34496658255e-009, 3.54659163149e-010, 1.24175003613e-010, 1.18128461657e-013, 1.08085384876e-018]
    frequency_bands:
        dmean: [2.78198456272e-007, 5.49816868443e-005, 0.000148842256749, 0.000169663748238, 0.000115066024591, 7.06102946424e-005, 6.5190528403e-005, 3.64294464816e-005, 8.59692736412e-005, 3.80494020646e-005, 2.93027860607e-005, 4.09692402172e-005, 3.51230992237e-005, 4.0215527406e-005, 5.85294546909e-005, 9.72634006757e-005, 0.000145467725815, 0.0001782032341, 0.000289354473352, 0.000268910778686, 0.000136068134452, 4.5360011427e-005, 1.22473165902e-005, 4.37773951489e-006, 2.80235303762e-006, 1.27820825924e-007, 4.17243961603e-010, 4.65976250641e-011]
        dmean2: [4.34526327808e-007, 9.42541228142e-005, 0.000250316312304, 0.000264291244093, 0.000192035688087, 0.0001160629472, 0.000108176951471, 5.76382262807e-005, 0.000131963228341, 6.10692804912e-005, 4.89976737299e-005, 6.55663898215e-005, 5.73849138163e-005, 6.59785655444e-005, 9.56334915827e-005, 0.000159520815942, 0.000240300258156, 0.000297796621453, 0.000490550533868, 0.000458079681266, 0.000233981365454, 7.79320253059e-005, 2.04371208383e-005, 6.9944326242e-006, 4.41646534455e-006, 2.17433637317e-007, 6.85973833292e-010, 8.68551758293e-011]
        dvar: [1.72270292649e-013, 1.03230144433e-008, 5.19935738907e-008, 6.90990304975e-008, 3.50654900672e-008, 1.77147843061e-008, 2.22118696769e-008, 1.58266040273e-008, 8.54467074873e-008, 3.45577042538e-008, 1.87208950564e-008, 2.71676654506e-008, 1.21601333447e-008, 1.09899360723e-008, 2.3072242783e-008, 5.48738796624e-008, 1.24838166471e-007, 1.84541562476e-007, 3.63029698747e-007, 3.6164178141e-007, 1.20257467984e-007, 1.61527911047e-008, 1.18265353066e-009, 1.8757218001e-010, 6.48638712186e-011, 9.85567828521e-014, 7.27574418322e-019, 7.58151178745e-021]
        dvar2: [3.99234573352e-013, 2.84767462944e-008, 1.41585317692e-007, 1.53561344973e-007, 9.57003933877e-008, 4.5107189095e-008, 5.87020032583e-008, 3.75797206686e-008, 1.99302164106e-007, 8.30099295968e-008, 5.27395833672e-008, 6.91523140972e-008, 3.00521456609e-008, 2.83816437019e-008, 5.81044261594e-008, 1.40864003129e-007, 3.1214392493e-007, 4.86504291075e-007, 9.86304144135e-007, 9.87628595794e-007, 3.28334635924e-007, 4.39562874988e-008, 3.10756242961e-009, 3.96584209916e-010, 1.40561035034e-010, 2.70946405503e-013, 1.84742538687e-018, 2.48211569421e-020]
        max: [7.57792895456e-006, 0.00127773883287, 0.00413266243413, 0.00668333470821, 0.00462373159826, 0.00360574014485, 0.00440929690376, 0.00573221966624, 0.0106797218323, 0.00842525344342, 0.00438016373664, 0.00462021678686, 0.00451671751216, 0.00232300907373, 0.00470302905887, 0.0080599989742, 0.0118625722826, 0.0119474930689, 0.00920523237437, 0.00972646754235, 0.00699128303677, 0.00203720782883, 0.000641326012556, 0.000633249466773, 0.000344149855664, 6.41434689896e-006, 2.71134297236e-008, 1.81508363895e-009]
        mean: [4.09925689837e-007, 6.88045402057e-005, 0.000239574219449, 0.000332474912284, 0.000209780744626, 0.000129928521346, 0.000106788669655, 5.27090269316e-005, 0.00014886133431, 5.70399133721e-005, 3.90309760405e-005, 6.17449186393e-005, 5.15461033501e-005, 6.1082027969e-005, 8.97687204997e-005, 0.00017369465786, 0.00026127169258, 0.000306921050651, 0.000536433944944, 0.000505468633492, 0.000229378871154, 6.65991319693e-005, 1.85234584933e-005, 8.2942087829e-006, 6.18152898824e-006, 2.28075080599e-007, 6.11780515136e-010, 3.5325600084e-011]
        median: [2.02783908776e-007, 3.83776459785e-005, 0.000175401073648, 0.000187466706848, 0.00014087530144, 7.27558144717e-005, 5.42804627912e-005, 1.45669910125e-005, 2.14881456486e-005, 1.16163646453e-005, 9.65924664342e-006, 1.63089734997e-005, 1.4738999198e-005, 2.29051111091e-005, 3.36588636856e-005, 7.44500139263e-005, 0.000137341907248, 0.000182221425348, 0.00034627885907, 0.000264597561909, 0.000112928166345, 2.52603695117e-005, 6.34347861705e-006, 3.5742482396e-006, 3.38446670867e-006, 1.20454416219e-007, 2.18326232093e-010, 1.02847548186e-011]
        min: [1.74208768536e-024, 7.38370967388e-024, 3.41167905354e-024, 2.44048004982e-024, 6.56360001605e-024, 1.31197871062e-023, 1.45993162443e-023, 1.92687212041e-023, 1.52605899421e-023, 2.57826643983e-023, 1.85866831095e-023, 3.28848406592e-023, 4.89318302605e-023, 4.44372542322e-023, 5.29019904916e-023, 8.86587392297e-023, 6.86412612311e-023, 1.15511715905e-022, 1.6781695521e-022, 2.36911060466e-022, 3.01992766722e-022, 3.78121378173e-022, 4.29093328952e-022, 5.11512304639e-022, 9.39587106878e-022, 1.52058980263e-021, 1.99709531281e-021, 5.83077816448e-022]
        var: [3.29146649172e-013, 1.01665298402e-008, 6.83542680235e-008, 2.28992163898e-007, 5.94582481028e-008, 3.17217825341e-008, 3.06969916153e-008, 2.87289800838e-008, 1.96734887936e-007, 5.91797544303e-008, 2.19988649519e-008, 5.03939077134e-008, 1.88822646408e-008, 1.7018850329e-008, 3.64894923166e-008, 1.00625520361e-007, 1.92679650013e-007, 2.2652085363e-007, 4.69188194074e-007, 5.48307809822e-007, 1.32603034331e-007, 1.61112563291e-008, 1.34496658255e-009, 3.54659163149e-010, 1.24175003613e-010, 1.18128461657e-013, 1.08085384876e-018, 5.27519693423e-021]
    mfcc:
        mean: [-739.085388184, 84.2543411255, -31.7357387543, 66.060760498, -1.26707386971, -4.37429380417, 3.38310956955, -7.23049926758, -2.3407459259, -5.49359941483, -5.15049123764, -4.9658703804, -1.6113615036]
        cov: [[9974.20996094, -904.872436523, -1067.82775879, 362.234344482, -407.498138428, -113.33052063, -77.2728500366, 114.775398254, 136.782989502, 191.230026245, 288.430603027, 91.2624359131, 41.123966217], [-904.872436523, 1098.00134277, -112.081665039, 180.606292725, 36.7385635376, -16.6159191132, 82.4449462891, -18.7699775696, 12.5325365067, -58.0914421082, -47.5374908447, 4.53279542923, -9.97381877899], [-1067.82775879, -112.081665039, 545.514404297, -99.5715484619, 94.7713699341, 58.1232948303, -32.3934516907, -3.17589998245, -60.0129852295, -27.9056282043, -37.0453338623, -26.5998744965, -5.41178894043], [362.234344482, 180.606292725, -99.5715484619, 345.912414551, 4.58707952499, 35.0161514282, 10.5707387924, -34.5643920898, 18.5647029877, -2.02628946304, 15.113820076, 32.7095184326, 25.7406253815], [-407.498138428, 36.7385635376, 94.7713699341, 4.58707952499, 172.525238037, 14.8030328751, -8.63055515289, -12.6200590134, -10.4215984344, -5.74545955658, -16.8965759277, -6.22948789597, 3.31941699982], [-113.33052063, -16.6159191132, 58.1232948303, 35.0161514282, 14.8030328751, 150.213516235, 61.581741333, -8.06920528412, -36.782875061, -25.7899570465, 1.45211684704, 10.7211513519, 8.27093887329], [-77.2728500366, 82.4449462891, -32.3934516907, 10.5707387924, -8.63055515289, 61.581741333, 133.517791748, 27.4688854218, -9.44658279419, -25.1454086304, 0.525930166245, 12.802113533, 4.71932125092], [114.775398254, -18.7699775696, -3.17589998245, -34.5643920898, -12.6200590134, -8.06920528412, 27.4688854218, 104.732910156, 34.9502983093, 14.56432724, 4.42706489563, -4.88777589798, -7.07421112061], [136.782989502, 12.5325365067, -60.0129852295, 18.5647029877, -10.4215984344, -36.782875061, -9.44658279419, 34.9502983093, 97.0715866089, 47.1421737671, 6.67252874374, -2.25116848946, -5.03936624527], [191.230026245, -58.0914421082, -27.9056282043, -2.02628946304, -5.74545955658, -25.7899570465, -25.1454086304, 14.56432724, 47.1421737671, 80.5078659058, 33.6200561523, 7.20677804947, -6.06603002548], [288.430603027, -47.5374908447, -37.0453338623, 15.113820076, -16.8965759277, 1.45211684704, 0.525930166245, 4.42706489563, 6.67252874374, 33.6200561523, 84.1950454712, 37.3341331482, 8.29411411285], [91.2624359131, 4.53279542923, -26.5998744965, 32.7095184326, -6.22948789597, 10.7211513519, 12.802113533, -4.88777589798, -2.25116848946, 7.20677804947, 37.3341331482, 65.7838439941, 27.7454166412], [41.123966217, -9.97381877899, -5.41178894043, 25.7406253815, 3.31941699982, 8.27093887329, 4.71932125092, -7.07421112061, -5.03936624527, -6.06603002548, 8.29411411285, 27.7454166412, 53.5563735962]]
        icov: [[0.000176925139385, 0.000174439803232, 0.000311555952067, -0.00022726887255, 0.00018199205806, 2.03890904231e-005, 0.00013272362412, -0.000262386660324, 0.000145136786159, -4.27981030953e-005, -0.000350066082319, 0.000181358176633, -5.43687019672e-005], [0.000174439803232, 0.00137232779525, 0.000397019117372, -0.000855581660289, -0.000165541903698, 0.000739354756661, -0.000812741694972, 1.98865345737e-005, -0.0001879727497, 0.000754973560106, 0.000210170590435, -0.000229776356719, 0.000697593728546], [0.000311555952067, 0.000397019117372, 0.00310818827711, 0.000222736780415, -0.00085064774612, -0.00125220406335, 0.00146637007128, -0.00113708036952, 0.00142064073589, -0.00010051424033, 0.000105635175714, 0.0005010740133, -0.000145231155329], [-0.00022726887255, -0.000855581660289, 0.000222736780415, 0.004227461759, -0.000401565863285, -0.00169222499244, 0.000666468578856, 0.00152657250874, -0.00172571535222, 0.000476094079204, 3.11661824526e-005, -0.00107135693543, -0.00112326163799], [0.00018199205806, -0.000165541903698, -0.00085064774612, -0.000401565863285, 0.00688566360623, -0.000391472276533, 0.000441756041255, 0.000291262578685, 0.000186676581507, -0.000855284044519, 0.000595866353251, 0.000360749050742, -0.000788775098044], [2.03890904231e-005, 0.000739354756661, -0.00125220406335, -0.00169222499244, -0.000391472276533, 0.0106222359464, -0.00548467086628, 0.000889582617674, 0.00245388830081, 0.000281064072624, -0.000424061348895, -0.000174621032784, 0.000212331782677], [0.00013272362412, -0.000812741694972, 0.00146637007128, 0.000666468578856, 0.000441756041255, -0.00548467086628, 0.0124932071194, -0.00411681830883, -6.94665432093e-005, 0.00293981726281, -0.000462675583549, -0.00175357412081, 5.60996231798e-005], [-0.000262386660324, 1.98865345737e-005, -0.00113708036952, 0.00152657250874, 0.000291262578685, 0.000889582617674, -0.00411681830883, 0.0133959185332, -0.00557300215587, 0.000357575569069, -0.000549362099264, 0.000653401075397, 0.000596045632847], [0.000145136786159, -0.0001879727497, 0.00142064073589, -0.00172571535222, 0.000186676581507, 0.00245388830081, -6.94665432093e-005, -0.00557300215587, 0.0194258913398, -0.0110832275823, 0.00322525179945, 0.0007716579712, -0.000620732316747], [-4.27981030953e-005, 0.000754973560106, -0.00010051424033, 0.000476094079204, -0.000855284044519, 0.000281064072624, 0.00293981726281, 0.000357575569069, -0.0110832275823, 0.024330439046, -0.00879343692213, -0.000230926118093, 0.0029266118072], [-0.000350066082319, 0.000210170590435, 0.000105635175714, 3.11661824526e-005, 0.000595866353251, -0.000424061348895, -0.000462675583549, -0.000549362099264, 0.00322525179945, -0.00879343692213, 0.0214703399688, -0.0113504584879, 0.00216306885704], [0.000181358176633, -0.000229776356719, 0.0005010740133, -0.00107135693543, 0.000360749050742, -0.000174621032784, -0.00175357412081, 0.000653401075397, 0.0007716579712, -0.000230926118093, -0.0113504584879, 0.0276653189212, -0.0118990866467], [-5.43687019672e-005, 0.000697593728546, -0.000145231155329, -0.00112326163799, -0.000788775098044, 0.000212331782677, 5.60996231798e-005, 0.000596045632847, -0.000620732316747, 0.0029266118072, 0.00216306885704, -0.0118990866467, 0.0255611799657]]
    sccoeffs:
        dmean: [0.0482167638838, 0.0434863641858, 0.034119874239, 0.0282023753971, 0.0193711966276, 0.0179666131735]
        dmean2: [0.0803100913763, 0.0723761990666, 0.0559209249914, 0.0468691177666, 0.031969897449, 0.0287068001926]
        dvar: [0.00150831323117, 0.00123654282652, 0.000817376829218, 0.000534056336619, 0.000262179411948, 0.000321491330396]
        dvar2: [0.00413934653625, 0.00332673382945, 0.00208495510742, 0.00140021368861, 0.000667746469844, 0.000787390454207]
        max: [-0.370598524809, -0.503099143505, -0.506317555904, -0.584587752819, -0.626327157021, -0.531298339367]
        mean: [-0.656674027443, -0.746782541275, -0.801331996918, -0.803584218025, -0.80557590723, -0.762367248535]
        median: [-0.659491896629, -0.749031245708, -0.813605725765, -0.810206532478, -0.807692289352, -0.768608927727]
        min: [-0.981110751629, -0.974611461163, -0.975324213505, -0.967774927616, -0.96758389473, -0.962638199329]
        var: [0.00533043360338, 0.00412039645016, 0.00400326214731, 0.00229803868569, 0.00137668929528, 0.0022585822735]
    scvalleys:
        dmean: [0.348057568073, 0.344369590282, 0.305416435003, 0.288917094469, 0.251023501158, 0.289014399052]
        dmean2: [0.585551738739, 0.560953140259, 0.487339913845, 0.449014365673, 0.372549563646, 0.397858709097]
        dvar: [0.0893007516861, 0.0941681489348, 0.0774787962437, 0.0891449674964, 0.111564993858, 0.202279239893]
        dvar2: [0.230992585421, 0.224860802293, 0.172595739365, 0.184827536345, 0.223010569811, 0.381399333477]
        max: [-5.3496723175, -4.56844615936, -5.22161722183, -5.4295167923, -4.79124307632, -6.95739364624]
        mean: [-7.08098459244, -7.28744888306, -7.74784469604, -7.71103906631, -7.17036819458, -9.78782749176]
        median: [-6.75441980362, -7.02006959915, -7.48816108704, -7.38586807251, -6.71593093872, -9.12259197235]
        min: [-27.9211883545, -27.8103179932, -27.4925327301, -27.6719436646, -27.4337921143, -27.3864536285]
        var: [2.11010479927, 2.11954331398, 2.05215954781, 2.22095894814, 2.5325357914, 3.36720728874]

rhythm:
    beats_loudness:
        dmean: 0.00239602127112
        dmean2: 0.00436496036127
        dvar: 5.1255337894e-006
        dvar2: 1.43332244988e-005
        max: 0.022641537711
        mean: 0.00491947121918
        median: 0.00453309342265
        min: 8.09945209859e-013
        var: 1.10250248326e-005
    bpm: 123.678230286
    bpm_confidence: 0
    first_peak_bpm: 123
    first_peak_spread: 0.395488739014
    first_peak_weight: 0.590308368206
    onset_rate: 3.07576847076
    second_peak_bpm: 129
    second_peak_spread: 0
    second_peak_weight: 0.0117474300787
    beats_loudness_band_ratio:
        dmean: [0.133479207754, 0.0733890756965, 0.05960759148, 0.0443972423673, 0.0889407396317, 0.123629443347]
        dmean2: [0.235287770629, 0.129598736763, 0.107153363526, 0.0803110674024, 0.158143743873, 0.216381430626]
        dvar: [0.0135058658198, 0.00613048858941, 0.0048508439213, 0.0052146227099, 0.00773571711034, 0.0103617459536]
        dvar2: [0.0371192097664, 0.0161091033369, 0.0135735105723, 0.0154604353011, 0.0205365624279, 0.0304563269019]
        max: [0.837553620338, 0.848768234253, 0.456882834435, 0.558489024639, 0.841189980507, 0.720192074776]
        mean: [0.246714398265, 0.10945674032, 0.0737303122878, 0.0544839277864, 0.226762861013, 0.320408344269]
        median: [0.197512418032, 0.0811343565583, 0.053059335798, 0.0351651906967, 0.209720373154, 0.31711679697]
        min: [0, 0, 0, 0, 0, 0]
        var: [0.0297041777521, 0.0112760504708, 0.00448698550463, 0.00410405127332, 0.0141531769186, 0.0191488899291]
