
metadata:
    version:
        essentia: "2.1-beta2"
    audio_properties:
        analysis_sample_rate: 44100
        bitrate: 320
        channels: 2
        equal_loudness: 1
        length: 404.297149658
        replay_gain: -11.3763751984
        downmix: "mix"
    tags:
        album: "Metallica"
        artist: "Metallica"
        comment: "Ripped with WMP"
        date: "1991"
        genre: "Metal"
        title: "Wherever I May Roam"
        tracknumber: "5"

configuration:
    average_loudness:
        compute: 1
        frameSize: 88200
        hopSize: 44100
        silentFrames: "noise"
        windowType: "hann"
    general:
        analysisSampleRate: 44100
        endTime: 2000
        equalLoudness: 1
        nequalLoudness: 0
        shortSound: 0
        startTime: 0
    lowlevel:
        compute: 1
        frameSize: 2048
        hopSize: 1024
        zeroPadding: 0
        silentFrames: "noise"
        windowType: "blackmanharris62"
        mfccStats: ["mean", "cov", "icov"]
        stats: ["mean", "var", "median", "min", "max", "dmean", "dmean2", "dvar", "dvar2"]
    panning:
        compute: 0
        frameSize: 8192
        hopSize: 2048
        zeroPadding: 8192
        silentFrames: "noise"
        windowType: "hann"
        stats: ["copy"]
    rhythm:
        compute: 1
        maxTempo: 208
        minTempo: 40
        method: "degara"
        stats: ["mean", "var", "median", "min", "max", "dmean", "dmean2", "dvar", "dvar2"]
    segmentation:
        compute: 0
        cpw: 5
        inc1: 300
        inc2: 50
        minimumSegmentsLength: 10
        size1: 1000
        size2: 600
    sfx:
        compute: 1
        stats: ["mean", "var", "median", "min", "max", "dmean", "dmean2", "dvar", "dvar2"]
    svm:
        compute: 0
    tonal:
        compute: 1
        frameSize: 4096
        hopSize: 2048
        zeroPadding: 0
        silentFrames: "noise"
        windowType: "blackmanharris62"
        stats: ["mean", "var", "median", "min", "max", "dmean", "dmean2", "dvar", "dvar2"]

lowlevel:
    average_loudness: 0.852869153023
    barkbands_kurtosis:
        dmean: 1.10683000088
        dmean2: 1.80037939548
        dvar: 3.73084568977
        dvar2: 8.63503456116
        max: 93.5393600464
        mean: 0.414208620787
        median: -0.542225301266
        min: -1.92528164387
        var: 13.8992786407
    barkbands_skewness:
        dmean: 0.38899242878
        dmean2: 0.605940639973
        dvar: 0.148557782173
        dvar2: 0.332470744848
        max: 8.87347698212
        mean: -0.769014954567
        median: -0.876315653324
        min: -4.5571141243
        var: 1.08750391006
    barkbands_spread:
        dmean: 6.13729476929
        dmean2: 9.8603477478
        dvar: 32.5495605469
        dvar2: 82.7299880981
        max: 72.6798095703
        mean: 34.5067863464
        median: 34.1439590454
        min: 1.66956532001
        var: 139.353302002
    dissonance:
        dmean: 0.00794776249677
        dmean2: 0.0135196512565
        dvar: 7.46135847294e-005
        dvar2: 0.000209837628063
        max: 0.500000059605
        mean: 0.485586494207
        median: 0.489010840654
        min: 0.37913107872
        var: 0.000156834998052
    hfc:
        dmean: 3.37411117554
        dmean2: 5.43482542038
        dvar: 44.5206108093
        dvar2: 110.560317993
        max: 107.976295471
        mean: 10.532125473
        median: 8.81101512909
        min: 1.10946155524e-016
        var: 86.5794372559
    pitch:
        dmean: 792.771911621
        dmean2: 1516.17028809
        dvar: 1688451.875
        dvar2: 4136839.5
        max: 4889.07470703
        mean: 2389.18066406
        median: 3517.02026367
        min: 44.0130882263
        var: 2741946.75
    pitch_instantaneous_confidence:
        dmean: 0.075751028955
        dmean2: 0.123860776424
        dvar: 0.0039642881602
        dvar2: 0.0101357065141
        max: 0.986673414707
        mean: 0.450314134359
        median: 0.434059023857
        min: 0.088450729847
        var: 0.0190582741052
    pitch_salience:
        dmean: 0.0542806386948
        dmean2: 0.0883429646492
        dvar: 0.00235133920796
        dvar2: 0.00580409169197
        max: 0.880372464657
        mean: 0.657738387585
        median: 0.675239384174
        min: 0.0585946366191
        var: 0.00880935415626
    silence_rate_20dB:
        dmean: 0
        dmean2: 0
        dvar: 0
        dvar2: 0
        max: 1
        mean: 1
        median: 1
        min: 1
        var: 0
    silence_rate_30dB:
        dmean: 0
        dmean2: 0
        dvar: 0
        dvar2: 0
        max: 1
        mean: 1
        median: 1
        min: 1
        var: 0
    silence_rate_60dB:
        dmean: 0.0870663896203
        dmean2: 0.17414277792
        dvar: 0.0794773474336
        dvar2: 0.170553743839
        max: 1
        mean: 0.390225678682
        median: 0
        min: 0
        var: 0.237964048982
    spectral_centroid:
        dmean: 259.374053955
        dmean2: 410.620361328
        dvar: 79177.5859375
        dvar2: 183805.671875
        max: 11914.4580078
        mean: 2448.18554688
        median: 2521.67749023
        min: 135.760635376
        var: 673103.25
    spectral_complexity:
        dmean: 3.68148398399
        dmean2: 5.70179748535
        dvar: 20.030462265
        dvar2: 41.6405792236
        max: 60
        mean: 15.4519615173
        median: 15
        min: 0
        var: 104.26461792
    spectral_crest:
        dmean: 1.65500247478
        dmean2: 2.72279381752
        dvar: 2.49870920181
        dvar2: 6.15439271927
        max: 23.7651309967
        mean: 7.08511209488
        median: 6.35000038147
        min: 2.79456162453
        var: 8.27814674377
    spectral_decrease:
        dmean: 2.31901567393e-010
        dmean2: 3.61636109947e-010
        dvar: 1.61401355202e-019
        dvar2: 3.83102807042e-019
        max: 2.00522974874e-028
        mean: -8.43724978772e-010
        median: -7.63607788112e-010
        min: -7.23329751651e-009
        var: 3.90174968635e-019
    spectral_energy:
        dmean: 0.0011578865815
        dmean2: 0.0018164543435
        dvar: 4.36823984273e-006
        dvar2: 1.04934524643e-005
        max: 0.0370938740671
        mean: 0.00413970230147
        median: 0.00369939417578
        min: 1.02081866641e-020
        var: 9.92646346276e-006
    spectral_energyband_high:
        dmean: 0.000341203529388
        dmean2: 0.000576350605115
        dvar: 5.54359360194e-007
        dvar2: 1.45025353504e-006
        max: 0.0121893659234
        mean: 0.000739034207072
        median: 0.00049465871416
        min: 7.22725068749e-021
        var: 7.45716477013e-007
    spectral_energyband_low:
        dmean: 0.000169775550603
        dmean2: 0.000277634127997
        dvar: 6.9521433943e-008
        dvar2: 1.7824254428e-007
        max: 0.00545026361942
        mean: 0.000333705451339
        median: 0.000245964096393
        min: 1.16753149467e-023
        var: 1.2724548526e-007
    spectral_energyband_middle_high:
        dmean: 0.000725093530491
        dmean2: 0.00113567512017
        dvar: 1.5036342802e-006
        dvar2: 3.47206378137e-006
        max: 0.0327071323991
        mean: 0.00235037435777
        median: 0.00200082478113
        min: 1.29634388506e-021
        var: 4.02974455938e-006
    spectral_energyband_middle_low:
        dmean: 0.000343018647982
        dmean2: 0.000539087224752
        dvar: 3.08254868742e-007
        dvar2: 7.48348099933e-007
        max: 0.0108844619244
        mean: 0.0008664149791
        median: 0.000631307659205
        min: 1.80279758444e-022
        var: 7.64215201343e-007
    spectral_flatness_db:
        dmean: 0.0128385741264
        dmean2: 0.020141871646
        dvar: 0.000147528160596
        dvar2: 0.000330816605128
        max: 0.465899080038
        mean: 0.149137914181
        median: 0.139178574085
        min: 0.061630833894
        var: 0.00180694041774
    spectral_flux:
        dmean: 0.00668903812766
        dmean2: 0.0101333158091
        dvar: 9.17339493753e-005
        dvar2: 0.000175361623405
        max: 0.151396036148
        mean: 0.0367432236671
        median: 0.0361748151481
        min: 6.49794662522e-011
        var: 0.000383059348678
    spectral_kurtosis:
        dmean: 0.956275343895
        dmean2: 1.62350869179
        dvar: 3.75655293465
        dvar2: 11.0329723358
        max: 75.8871841431
        mean: 2.88737273216
        median: 2.30129551888
        min: -1.25460219383
        var: 9.93664550781
    spectral_rms:
        dmean: 0.000241173649556
        dmean2: 0.000370716967154
        dvar: 1.22240791711e-007
        dvar2: 2.8143043096e-007
        max: 0.00601574173197
        mean: 0.00183573749382
        median: 0.00189978023991
        min: 3.15582109056e-012
        var: 6.68820121064e-007
    spectral_rolloff:
        dmean: 268.831695557
        dmean2: 443.996002197
        dvar: 158900.5
        dvar2: 335593.34375
        max: 19552.1484375
        mean: 3972.59741211
        median: 4005.17578125
        min: 129.19921875
        var: 1286398.5
    spectral_skewness:
        dmean: 0.140078991652
        dmean2: 0.228544831276
        dvar: 0.0346922799945
        dvar2: 0.0979388952255
        max: 6.96338272095
        mean: 1.0828974247
        median: 1.06946086884
        min: -0.417008966208
        var: 0.144412025809
    spectral_spread:
        dmean: 420659.65625
        dmean2: 612956.5
        dvar: 427865866240
        dvar2: 815339864064
        max: 42788428
        mean: 5296530.5
        median: 5287720.5
        min: 1237952.5
        var: 6.50219408589e+012
    spectral_strongpeak:
        dmean: 0.615299344063
        dmean2: 1.07124483585
        dvar: 0.748407244682
        dvar2: 1.9765586853
        max: 9.61169433594
        mean: 0.880777239799
        median: 0.322195500135
        min: 1.10359901773e-010
        var: 1.31532645226
    zerocrossingrate:
        dmean: 0.0070697022602
        dmean2: 0.00844961311668
        dvar: 5.63590001548e-005
        dvar2: 6.59355864627e-005
        max: 0.525390625
        mean: 0.129860579967
        median: 0.1328125
        min: 0.0068359375
        var: 0.00121517840307
    barkbands:
        dmean: [1.52453111468e-007, 4.38747592852e-005, 9.41929029068e-005, 0.000147131140693, 0.00010864676733, 8.39223721414e-005, 4.68846264994e-005, 4.24438949267e-005, 9.1144698672e-005, 4.16632865381e-005, 4.62806347059e-005, 3.31856717821e-005, 3.48484500137e-005, 3.3832515328e-005, 5.50393669982e-005, 0.000108448155515, 0.000159919814905, 0.000186789984582, 0.000306700880174, 0.000280724547338, 0.000182551128091, 5.94148768869e-005, 1.39350568134e-005, 4.53106076748e-006, 2.91091328108e-006, 1.3065988469e-007, 4.01255723093e-010]
        dmean2: [2.60649670736e-007, 7.39916358725e-005, 0.000157425020006, 0.000232458623941, 0.000183630865649, 0.000138509596582, 7.50449762563e-005, 7.11799730198e-005, 0.000141645694384, 6.67899148539e-005, 7.426879165e-005, 5.31790465175e-005, 5.6354161643e-005, 5.47298841411e-005, 8.8755696197e-005, 0.000173397624167, 0.000259665743215, 0.000303845794406, 0.000506752170622, 0.000467885081889, 0.0003154015576, 9.94144575088e-005, 2.27528889809e-005, 6.96570850778e-006, 4.51925598099e-006, 2.12266087374e-007, 6.56766363516e-010]
        dvar: [8.34218626252e-014, 8.9453964236e-009, 2.62913193438e-008, 6.09560473208e-008, 4.68568899237e-008, 5.01507102513e-008, 1.24283863201e-008, 1.73753562649e-008, 6.85170533643e-008, 1.85720825385e-008, 3.02823508491e-008, 1.27585657594e-008, 9.36113320193e-009, 7.3509118792e-009, 1.41732812153e-008, 5.92571360869e-008, 7.65068435271e-008, 1.06329437699e-007, 2.29569835142e-007, 2.32786760535e-007, 1.55120247314e-007, 1.88033517645e-008, 9.0950419418e-010, 1.10799328046e-010, 3.80944824296e-011, 8.73361238472e-014, 5.63887472614e-019]
        dvar2: [2.26242446002e-013, 2.31957955066e-008, 7.09179275304e-008, 1.31879630771e-007, 1.28661795884e-007, 1.36265015271e-007, 3.11479873005e-008, 4.57273010568e-008, 1.64086728205e-007, 4.68554937072e-008, 7.70138939288e-008, 3.27350235807e-008, 2.35221033762e-008, 1.89169568898e-008, 3.48738247169e-008, 1.36696229447e-007, 1.84304667528e-007, 2.62643510496e-007, 5.90997956351e-007, 5.99423060521e-007, 4.17541940578e-007, 4.90220344318e-008, 2.22776486147e-009, 2.49569032107e-010, 8.37133209974e-011, 2.21715264963e-013, 1.40583274211e-018]
        max: [5.38446465725e-006, 0.00127211003564, 0.00392557075247, 0.0097665283829, 0.00497228326276, 0.00728737562895, 0.00297427503392, 0.00394933205098, 0.00723160244524, 0.00450670905411, 0.00947917066514, 0.00409863842651, 0.00263073900715, 0.00296536250971, 0.00238426378928, 0.00786467455328, 0.00672445492819, 0.00999775249511, 0.0132411634549, 0.00750978756696, 0.00692008342594, 0.00266881333664, 0.000458278955193, 0.000335767341312, 0.000232722653891, 6.87433339408e-006, 1.84946991055e-008]
        mean: [2.09173933285e-007, 5.45293150935e-005, 0.000158570968779, 0.000268654112006, 0.000172265601577, 0.000136012939038, 7.51754196244e-005, 5.40541805094e-005, 0.000142808814417, 6.31785151199e-005, 6.77760108374e-005, 4.93808875035e-005, 5.31112309545e-005, 5.23734452145e-005, 9.24877022044e-005, 0.000198272638954, 0.000320055289194, 0.000382286729291, 0.000704983132891, 0.000610164250247, 0.000330620736349, 0.000106878469524, 2.71095887001e-005, 1.1307341083e-005, 7.16623708286e-006, 2.74726147609e-007, 6.00000382711e-010]
        median: [1.06124893762e-007, 2.55880258919e-005, 0.000108831154648, 0.000138801406138, 8.99371443666e-005, 6.59865327179e-005, 3.23150597978e-005, 1.29514955916e-005, 2.74366866506e-005, 1.24468351714e-005, 1.59242499649e-005, 1.37617071232e-005, 1.52150114445e-005, 1.80306469701e-005, 3.65968990081e-005, 9.76078372332e-005, 0.000206783297472, 0.000268511386821, 0.000561747874599, 0.000444989127573, 0.000210216283449, 4.43251919933e-005, 1.1889189409e-005, 4.87145234729e-006, 3.95518054574e-006, 1.36944208862e-007, 2.1267311523e-010]
        min: [4.43391696339e-025, 4.43638964789e-024, 2.05627244568e-024, 1.57757961826e-024, 7.27481452566e-024, 7.76054537286e-024, 5.28051183725e-024, 8.13016141683e-024, 1.54594791313e-023, 1.13958672819e-023, 1.83940306547e-023, 1.69315551116e-023, 2.64051056292e-023, 2.73170635456e-023, 3.67101912716e-023, 5.67481733429e-023, 7.37908505571e-023, 9.30992561978e-023, 1.21772860733e-022, 2.00532190774e-022, 2.78558271448e-022, 3.16862302536e-022, 4.27525856022e-022, 6.12842737471e-022, 9.24331218546e-022, 1.38591132894e-021, 1.89247392899e-021]
        var: [1.07832796511e-013, 9.04283492531e-009, 3.65320254048e-008, 1.94848126966e-007, 6.79530671732e-008, 5.77119685374e-008, 1.68518798915e-008, 2.2157216506e-008, 1.23886039205e-007, 3.84650071794e-008, 4.31339799434e-008, 1.94309759394e-008, 1.46705900761e-008, 1.2062102428e-008, 2.71086832981e-008, 1.21968085409e-007, 1.72656044128e-007, 1.94814219867e-007, 4.4096327656e-007, 4.43925216587e-007, 1.76400661189e-007, 2.6831276756e-008, 1.60925439641e-009, 2.95052704491e-010, 1.00161219596e-010, 1.64630177438e-013, 1.11884842565e-018]
    frequency_bands:
        dmean: [1.52453111468e-007, 4.38747592852e-005, 9.41929029068e-005, 0.000147131140693, 0.00010864676733, 8.39223721414e-005, 4.68846264994e-005, 4.24438949267e-005, 9.1144698672e-005, 4.16632865381e-005, 4.62806347059e-005, 3.31856717821e-005, 3.48484500137e-005, 3.3832515328e-005, 5.50393669982e-005, 0.000108448155515, 0.000159919814905, 0.000186789984582, 0.000306700880174, 0.000280724547338, 0.000182551128091, 5.94148768869e-005, 1.39350568134e-005, 4.53106076748e-006, 2.91091328108e-006, 1.3065988469e-007, 4.01255723093e-010, 4.8036900846e-011]
        dmean2: [2.60649670736e-007, 7.39916358725e-005, 0.000157425020006, 0.000232458623941, 0.000183630865649, 0.000138509596582, 7.50449762563e-005, 7.11799730198e-005, 0.000141645694384, 6.67899148539e-005, 7.426879165e-005, 5.31790465175e-005, 5.6354161643e-005, 5.47298841411e-005, 8.8755696197e-005, 0.000173397624167, 0.000259665743215, 0.000303845794406, 0.000506752170622, 0.000467885081889, 0.0003154015576, 9.94144575088e-005, 2.27528889809e-005, 6.96570850778e-006, 4.51925598099e-006, 2.12266087374e-007, 6.56766363516e-010, 8.95962887215e-011]
        dvar: [8.34218626252e-014, 8.9453964236e-009, 2.62913193438e-008, 6.09560473208e-008, 4.68568899237e-008, 5.01507102513e-008, 1.24283863201e-008, 1.73753562649e-008, 6.85170533643e-008, 1.85720825385e-008, 3.02823508491e-008, 1.27585657594e-008, 9.36113320193e-009, 7.3509118792e-009, 1.41732812153e-008, 5.92571360869e-008, 7.65068435271e-008, 1.06329437699e-007, 2.29569835142e-007, 2.32786760535e-007, 1.55120247314e-007, 1.88033517645e-008, 9.0950419418e-010, 1.10799328046e-010, 3.80944824296e-011, 8.73361238472e-014, 5.63887472614e-019, 6.08779283393e-021]
        dvar2: [2.26242446002e-013, 2.31957955066e-008, 7.09179275304e-008, 1.31879630771e-007, 1.28661795884e-007, 1.36265015271e-007, 3.11479873005e-008, 4.57273010568e-008, 1.64086728205e-007, 4.68554937072e-008, 7.70138939288e-008, 3.27350235807e-008, 2.35221033762e-008, 1.89169568898e-008, 3.48738247169e-008, 1.36696229447e-007, 1.84304667528e-007, 2.62643510496e-007, 5.90997956351e-007, 5.99423060521e-007, 4.17541940578e-007, 4.90220344318e-008, 2.22776486147e-009, 2.49569032107e-010, 8.37133209974e-011, 2.21715264963e-013, 1.40583274211e-018, 1.95584529393e-020]
        max: [5.38446465725e-006, 0.00127211003564, 0.00392557075247, 0.0097665283829, 0.00497228326276, 0.00728737562895, 0.00297427503392, 0.00394933205098, 0.00723160244524, 0.00450670905411, 0.00947917066514, 0.00409863842651, 0.00263073900715, 0.00296536250971, 0.00238426378928, 0.00786467455328, 0.00672445492819, 0.00999775249511, 0.0132411634549, 0.00750978756696, 0.00692008342594, 0.00266881333664, 0.000458278955193, 0.000335767341312, 0.000232722653891, 6.87433339408e-006, 1.84946991055e-008, 1.42143818938e-009]
        mean: [2.09173933285e-007, 5.45293150935e-005, 0.000158570968779, 0.000268654112006, 0.000172265601577, 0.000136012939038, 7.51754196244e-005, 5.40541805094e-005, 0.000142808814417, 6.31785151199e-005, 6.77760108374e-005, 4.93808875035e-005, 5.31112309545e-005, 5.23734452145e-005, 9.24877022044e-005, 0.000198272638954, 0.000320055289194, 0.000382286729291, 0.000704983132891, 0.000610164250247, 0.000330620736349, 0.000106878469524, 2.71095887001e-005, 1.1307341083e-005, 7.16623708286e-006, 2.74726147609e-007, 6.00000382711e-010, 3.69135173817e-011]
        median: [1.06124893762e-007, 2.55880258919e-005, 0.000108831154648, 0.000138801406138, 8.99371443666e-005, 6.59865327179e-005, 3.23150597978e-005, 1.29514955916e-005, 2.74366866506e-005, 1.24468351714e-005, 1.59242499649e-005, 1.37617071232e-005, 1.52150114445e-005, 1.80306469701e-005, 3.65968990081e-005, 9.76078372332e-005, 0.000206783297472, 0.000268511386821, 0.000561747874599, 0.000444989127573, 0.000210216283449, 4.43251919933e-005, 1.1889189409e-005, 4.87145234729e-006, 3.95518054574e-006, 1.36944208862e-007, 2.1267311523e-010, 1.12549284129e-011]
        min: [4.43391696339e-025, 4.43638964789e-024, 2.05627244568e-024, 1.57757961826e-024, 7.27481452566e-024, 7.76054537286e-024, 5.28051183725e-024, 8.13016141683e-024, 1.54594791313e-023, 1.13958672819e-023, 1.83940306547e-023, 1.69315551116e-023, 2.64051056292e-023, 2.73170635456e-023, 3.67101912716e-023, 5.67481733429e-023, 7.37908505571e-023, 9.30992561978e-023, 1.21772860733e-022, 2.00532190774e-022, 2.78558271448e-022, 3.16862302536e-022, 4.27525856022e-022, 6.12842737471e-022, 9.24331218546e-022, 1.38591132894e-021, 1.89247392899e-021, 4.78991949273e-022]
        var: [1.07832796511e-013, 9.04283492531e-009, 3.65320254048e-008, 1.94848126966e-007, 6.79530671732e-008, 5.77119685374e-008, 1.68518798915e-008, 2.2157216506e-008, 1.23886039205e-007, 3.84650071794e-008, 4.31339799434e-008, 1.94309759394e-008, 1.46705900761e-008, 1.2062102428e-008, 2.71086832981e-008, 1.21968085409e-007, 1.72656044128e-007, 1.94814219867e-007, 4.4096327656e-007, 4.43925216587e-007, 1.76400661189e-007, 2.6831276756e-008, 1.60925439641e-009, 2.95052704491e-010, 1.00161219596e-010, 1.64630177438e-013, 1.11884842565e-018, 4.61359865482e-021]
    mfcc:
        mean: [-729.156188965, 65.4353179932, -37.6880569458, 67.0242919922, -5.54949855804, -6.72123384476, 3.51992702484, -0.855308771133, -0.238833710551, -4.67143106461, -6.51977968216, -5.59202289581, -1.83907997608]
        cov: [[10974.9033203, -63.3376998901, -534.657104492, 508.541748047, -551.712463379, 209.692398071, -190.103591919, -105.29485321, -101.917495728, -81.6344909668, 82.0466461182, -55.6194190979, -19.0509853363], [-63.3376998901, 917.323791504, -305.995880127, 187.07711792, 35.6941680908, -75.056427002, 61.1175842285, 36.0649604797, 13.7159099579, -0.972398340702, -32.4888381958, -0.696072161198, -3.47884249687], [-534.657104492, -305.995880127, 559.591247559, -114.859947205, 42.4349098206, 29.7806053162, -48.6577110291, -7.73117780685, -41.2414550781, -18.9296722412, 27.2340278625, -10.3521928787, -5.71269655228], [508.541748047, 187.07711792, -114.859947205, 387.335601807, 90.0090866089, -11.4769678116, -13.4771251678, -40.9032516479, 20.0077266693, -16.5089550018, -49.3260383606, -3.48746538162, 27.740240097], [-551.712463379, 35.6941680908, 42.4349098206, 90.0090866089, 228.036636353, -10.8770017624, 9.29621124268, -12.698884964, 18.3669681549, 1.942532897, -46.3804130554, -9.92371559143, 20.6340999603], [209.692398071, -75.056427002, 29.7806053162, -11.4769678116, -10.8770017624, 162.280502319, 38.4668426514, -21.1066398621, -33.9004745483, -13.5150642395, 26.4541873932, 10.3806209564, -4.17867612839], [-190.103591919, 61.1175842285, -48.6577110291, -13.4771251678, 9.29621124268, 38.4668426514, 137.629394531, 45.2987098694, -5.08543491364, -15.4103631973, -6.72625207901, 6.88437604904, 2.77513027191], [-105.29485321, 36.0649604797, -7.73117780685, -40.9032516479, -12.698884964, -21.1066398621, 45.2987098694, 111.643440247, 40.1048660278, 12.9197397232, -2.95978689194, -9.45674228668, -4.50824785233], [-101.917495728, 13.7159099579, -41.2414550781, 20.0077266693, 18.3669681549, -33.9004745483, -5.08543491364, 40.1048660278, 101.228523254, 45.2667121887, -6.86482572556, -11.9045591354, -8.5133600235], [-81.6344909668, -0.972398340702, -18.9296722412, -16.5089550018, 1.942532897, -13.5150642395, -15.4103631973, 12.9197397232, 45.2667121887, 84.3871765137, 31.0987815857, -0.889083623886, -13.7299928665], [82.0466461182, -32.4888381958, 27.2340278625, -49.3260383606, -46.3804130554, 26.4541873932, -6.72625207901, -2.95978689194, -6.86482572556, 31.0987815857, 82.0693283081, 28.4970836639, -10.1157026291], [-55.6194190979, -0.696072161198, -10.3521928787, -3.48746538162, -9.92371559143, 10.3806209564, 6.88437604904, -9.45674228668, -11.9045591354, -0.889083623886, 28.4970836639, 61.6557388306, 24.9380168915], [-19.0509853363, -3.47884249687, -5.71269655228, 27.740240097, 20.6340999603, -4.17867612839, 2.77513027191, -4.50824785233, -8.5133600235, -13.7299928665, -10.1157026291, 24.9380168915, 64.2337188721]]
        icov: [[0.000143310346175, 6.61886879243e-005, 0.000150375024532, -0.000291325297439, 0.000358775054337, -0.000204418596695, 0.000264511210844, -0.000134969668579, 0.000141696204082, 0.000143148048664, -0.000232707345276, 0.000353588024154, -8.87203059392e-005], [6.61886879243e-005, 0.0016199251404, 0.000807967153378, -0.000810888945125, -0.000127893115859, 0.000712054956239, -0.000369937974028, -0.000732728280127, 0.000873327371664, 6.18023332208e-005, -0.000444095087005, 8.5403000412e-005, 0.0006072424585], [0.000150375024532, 0.000807967153378, 0.00284557323903, 0.00015614554286, -0.000923461688217, -0.000292874086881, 0.00141540064942, -0.00112072716001, 0.00120929221157, 0.00128785066772, -0.00186274491716, 0.00129431660753, 5.14863459102e-005], [-0.000291325297439, -0.000810888945125, 0.00015614554286, 0.00436126813293, -0.0017613285454, -0.000154055422172, 0.000118052645121, 0.00183249206748, -0.0017795113381, 0.000646698055789, 0.00133972766344, -0.000538458698429, -0.000998202827759], [0.000358775054337, -0.000127893115859, -0.000923461688217, -0.0017613285454, 0.00711998110637, -0.000584893801715, -0.000722898810636, 0.00118008174468, -0.000629346468486, -0.00191989005543, 0.00332178268582, 0.0005421351525, -0.00161431520246], [-0.000204418596695, 0.000712054956239, -0.000292874086881, -0.000154055422172, -0.000584893801715, 0.00877266190946, -0.00389030505903, 0.00214041559957, 0.00117004045751, 0.000743067765143, -0.00309788598679, 0.000300229614368, 0.000804788374808], [0.000264511210844, -0.000369937974028, 0.00141540064942, 0.000118052645121, -0.000722898810636, -0.00389030505903, 0.0118029555306, -0.00602589128539, 0.0017512209015, 0.00190976588055, 0.000755987188313, -0.00140433281194, 0.000484180927742], [-0.000134969668579, -0.000732728280127, -0.00112072716001, 0.00183249206748, 0.00118008174468, 0.00214041559957, -0.00602589128539, 0.0151158422232, -0.0066889305599, 0.00031429194496, -0.000234671504586, 0.00205158442259, -0.00154218194075], [0.000141696204082, 0.000873327371664, 0.00120929221157, -0.0017795113381, -0.000629346468486, 0.00117004045751, 0.0017512209015, -0.0066889305599, 0.0184356383979, -0.0091449264437, 0.00309867202304, 4.53528482467e-005, 0.0016575983027], [0.000143148048664, 6.18023332208e-005, 0.00128785066772, 0.000646698055789, -0.00191989005543, 0.000743067765143, 0.00190976588055, 0.00031429194496, -0.0091449264437, 0.0222052969038, -0.0115196658298, 0.00328614469618, 0.000930072797928], [-0.000232707345276, -0.000444095087005, -0.00186274491716, 0.00133972766344, 0.00332178268582, -0.00309788598679, 0.000755987188313, -0.000234671504586, 0.00309867202304, -0.0115196658298, 0.0265264958143, -0.0134436329827, 0.00519010890275], [0.000353588024154, 8.5403000412e-005, 0.00129431660753, -0.000538458698429, 0.0005421351525, 0.000300229614368, -0.00140433281194, 0.00205158442259, 4.53528482467e-005, 0.00328614469618, -0.0134436329827, 0.0283147823066, -0.011894418858], [-8.87203059392e-005, 0.0006072424585, 5.14863459102e-005, -0.000998202827759, -0.00161431520246, 0.000804788374808, 0.000484180927742, -0.00154218194075, 0.0016575983027, 0.000930072797928, 0.00519010890275, -0.011894418858, 0.0223058853298]]
    sccoeffs:
        dmean: [0.0483147986233, 0.0450515635312, 0.0361563973129, 0.0297800600529, 0.0194263141602, 0.0176442041993]
        dmean2: [0.0810011103749, 0.0748897492886, 0.0588372796774, 0.048331502825, 0.0319332480431, 0.0284465886652]
        dvar: [0.00150412868243, 0.00134745182004, 0.000884782755747, 0.000580317224376, 0.000250076933298, 0.000281964399619]
        dvar2: [0.00416127685457, 0.00373382074758, 0.00230094767176, 0.00146854657214, 0.000654595729429, 0.000716010516044]
        max: [-0.359452575445, -0.472342431545, -0.508440375328, -0.420391172171, -0.497928977013, -0.47457575798]
        mean: [-0.667473733425, -0.75753313303, -0.789182066917, -0.787768244743, -0.791184425354, -0.750969588757]
        median: [-0.667450249195, -0.761357545853, -0.798134803772, -0.797311842442, -0.795561254025, -0.754520893097]
        min: [-0.975998878479, -0.972000539303, -0.977354347706, -0.971224784851, -0.967287003994, -0.963424682617]
        var: [0.00509101198986, 0.00453172111884, 0.00397844752297, 0.00316284736618, 0.00186766532715, 0.00220405915752]
    scvalleys:
        dmean: [0.365706533194, 0.361819148064, 0.307086676359, 0.266876637936, 0.202376157045, 0.235214173794]
        dmean2: [0.614956915379, 0.588543117046, 0.483798056841, 0.407487571239, 0.311528474092, 0.333949387074]
        dvar: [0.0965698733926, 0.119788452983, 0.0830598026514, 0.0750742331147, 0.0644836351275, 0.122431501746]
        dvar2: [0.254283815622, 0.276900440454, 0.17404051125, 0.14611248672, 0.125996038318, 0.231592729688]
        max: [-5.25037240982, -4.61706209183, -5.09635591507, -5.33581352234, -5.09810972214, -7.01435375214]
        mean: [-7.35681962967, -7.43124961853, -7.77649879456, -7.82538032532, -7.00015497208, -9.62077713013]
        median: [-7.00062417984, -7.12787675858, -7.48186731339, -7.46763801575, -6.53600692749, -8.95010757446]
        min: [-28.1819267273, -28.1378593445, -27.8664340973, -27.7375106812, -27.5999469757, -27.4278049469]
        var: [2.84867072105, 2.9160399437, 2.79249238968, 2.98808097839, 3.13255047798, 4.36604547501]

rhythm:
    beats_loudness:
        dmean: 0.00334281264804
        dmean2: 0.00616472447291
        dvar: 1.03585025499e-005
        dvar2: 2.96765047096e-005
        max: 0.0215268433094
        mean: 0.00620457995683
        median: 0.00589977018535
        min: 0
        var: 1.64898974617e-005
    bpm: 131.516281128
    bpm_confidence: 0
    first_peak_bpm: 133
    first_peak_spread: 0.41441437602
    first_peak_weight: 0.521789014339
    onset_rate: 2.65151524544
    second_peak_bpm: 123
    second_peak_spread: 0.511111140251
    second_peak_weight: 0.025229357183
    beats_loudness_band_ratio:
        dmean: [0.113189838827, 0.0514272153378, 0.0726187601686, 0.0522727034986, 0.107098676264, 0.121496483684]
        dmean2: [0.198043242097, 0.0930988937616, 0.129601806402, 0.0935981944203, 0.183570548892, 0.201446145773]
        dvar: [0.01227547694, 0.00257522938773, 0.00459842011333, 0.00457669608295, 0.00940353516489, 0.00967115256935]
        dvar2: [0.0329799838364, 0.00705802394077, 0.013597862795, 0.013299299404, 0.0268957205117, 0.026081930846]
        max: [0.945574879646, 0.454259395599, 0.582447230816, 0.478540837765, 0.722247064114, 0.814060389996]
        mean: [0.161948472261, 0.0666479244828, 0.0788650661707, 0.0607492141426, 0.256602108479, 0.399027496576]
        median: [0.119446083903, 0.0527861714363, 0.0525869578123, 0.0395459420979, 0.228661701083, 0.400449842215]
        min: [0, 0, 0, 0, 0, 0]
        var: [0.0187937896699, 0.00301626138389, 0.00603003893048, 0.00415565492585, 0.0147353820503, 0.0210333764553]
