
metadata:
    version:
        essentia: "2.1-beta2"
    audio_properties:
        analysis_sample_rate: 44100
        bitrate: 320
        channels: 2
        equal_loudness: 1
        length: 240.169799805
        replay_gain: -11.188867569
        downmix: "mix"
    tags:
        album: "Metallica"
        artist: "Metallica"
        comment: "Ripped with WMP"
        date: "1991"
        genre: "Metal"
        title: "Don't Tread on Me"
        tracknumber: "6"

configuration:
    average_loudness:
        compute: 1
        frameSize: 88200
        hopSize: 44100
        silentFrames: "noise"
        windowType: "hann"
    general:
        analysisSampleRate: 44100
        endTime: 2000
        equalLoudness: 1
        nequalLoudness: 0
        shortSound: 0
        startTime: 0
    lowlevel:
        compute: 1
        frameSize: 2048
        hopSize: 1024
        zeroPadding: 0
        silentFrames: "noise"
        windowType: "blackmanharris62"
        mfccStats: ["mean", "cov", "icov"]
        stats: ["mean", "var", "median", "min", "max", "dmean", "dmean2", "dvar", "dvar2"]
    panning:
        compute: 0
        frameSize: 8192
        hopSize: 2048
        zeroPadding: 8192
        silentFrames: "noise"
        windowType: "hann"
        stats: ["copy"]
    rhythm:
        compute: 1
        maxTempo: 208
        minTempo: 40
        method: "degara"
        stats: ["mean", "var", "median", "min", "max", "dmean", "dmean2", "dvar", "dvar2"]
    segmentation:
        compute: 0
        cpw: 5
        inc1: 300
        inc2: 50
        minimumSegmentsLength: 10
        size1: 1000
        size2: 600
    sfx:
        compute: 1
        stats: ["mean", "var", "median", "min", "max", "dmean", "dmean2", "dvar", "dvar2"]
    svm:
        compute: 0
    tonal:
        compute: 1
        frameSize: 4096
        hopSize: 2048
        zeroPadding: 0
        silentFrames: "noise"
        windowType: "blackmanharris62"
        stats: ["mean", "var", "median", "min", "max", "dmean", "dmean2", "dvar", "dvar2"]

lowlevel:
    average_loudness: 0.927738964558
    barkbands_kurtosis:
        dmean: 1.76049673557
        dmean2: 2.77668356895
        dvar: 33.5479278564
        dvar2: 87.2505722046
        max: 203.906051636
        mean: 0.777345597744
        median: -1.01099312305
        min: -1.91071033478
        var: 76.7101593018
    barkbands_skewness:
        dmean: 0.555398583412
        dmean2: 0.808120727539
        dvar: 0.379477053881
        dvar2: 0.771250367165
        max: 11.9103851318
        mean: -0.224078640342
        median: -0.475608408451
        min: -4.39178609848
        var: 2.00889515877
    barkbands_spread:
        dmean: 7.21875524521
        dmean2: 11.2210111618
        dvar: 45.1142272949
        dvar2: 100.798622131
        max: 85.7239151001
        mean: 37.9326667786
        median: 38.8754043579
        min: 0.726375102997
        var: 170.256469727
    dissonance:
        dmean: 0.00799776613712
        dmean2: 0.0134098809212
        dvar: 8.05886083981e-005
        dvar2: 0.000221169204451
        max: 0.500000119209
        mean: 0.486033499241
        median: 0.489085912704
        min: 0.301772415638
        var: 0.000127768653329
    hfc:
        dmean: 3.58764886856
        dmean2: 5.74272251129
        dvar: 52.6959152222
        dvar2: 137.073944092
        max: 123.198028564
        mean: 8.51914310455
        median: 6.37439107895
        min: 1.21137093463e-016
        var: 69.6960830688
    pitch:
        dmean: 769.932128906
        dmean2: 1465.46899414
        dvar: 1591085.75
        dvar2: 3806100.5
        max: 4797.54492188
        mean: 2656.62792969
        median: 3538.34692383
        min: 43.0243911743
        var: 2380957.25
    pitch_instantaneous_confidence:
        dmean: 0.0808924287558
        dmean2: 0.132719397545
        dvar: 0.00433469330892
        dvar2: 0.0111212013289
        max: 0.925360739231
        mean: 0.41408804059
        median: 0.406867563725
        min: 0.113019764423
        var: 0.0120517378673
    pitch_salience:
        dmean: 0.0672301799059
        dmean2: 0.105934925377
        dvar: 0.00400491571054
        dvar2: 0.00922416616231
        max: 0.941356241703
        mean: 0.64880746603
        median: 0.67486512661
        min: 0.0950042828918
        var: 0.0119779948145
    silence_rate_20dB:
        dmean: 0
        dmean2: 0
        dvar: 0
        dvar2: 0
        max: 1
        mean: 1
        median: 1
        min: 1
        var: 0
    silence_rate_30dB:
        dmean: 0
        dmean2: 0
        dvar: 0
        dvar2: 0
        max: 1
        mean: 1
        median: 1
        min: 1
        var: 0
    silence_rate_60dB:
        dmean: 0.127416864038
        dmean2: 0.254858344793
        dvar: 0.111182369292
        dvar2: 0.21908916533
        max: 1
        mean: 0.490768492222
        median: 0
        min: 0
        var: 0.249914288521
    spectral_centroid:
        dmean: 347.07321167
        dmean2: 529.561645508
        dvar: 123076.953125
        dvar2: 272437.96875
        max: 11270.7470703
        mean: 2117.09790039
        median: 2230.48144531
        min: 89.5719909668
        var: 582181.9375
    spectral_complexity:
        dmean: 4.2880897522
        dmean2: 6.56695365906
        dvar: 30.5556240082
        dvar2: 65.2746505737
        max: 55
        mean: 13.0459156036
        median: 11
        min: 0
        var: 91.5777206421
    spectral_crest:
        dmean: 2.007833004
        dmean2: 3.18530726433
        dvar: 4.07439613342
        dvar2: 8.50825786591
        max: 24.5909957886
        mean: 7.21272134781
        median: 6.15995979309
        min: 2.23148322105
        var: 11.7061491013
    spectral_decrease:
        dmean: 3.0100263948e-010
        dmean2: 4.68859506775e-010
        dvar: 2.62361889666e-019
        dvar2: 6.54735271724e-019
        max: 1.57352833873e-028
        mean: -8.08761446702e-010
        median: -6.73036237853e-010
        min: -6.99944235905e-009
        var: 3.94107643761e-019
    spectral_energy:
        dmean: 0.00142847409006
        dmean2: 0.00223891041242
        dvar: 6.53399229122e-006
        dvar2: 1.64729772223e-005
        max: 0.0360790416598
        mean: 0.00382515904494
        median: 0.00314824236557
        min: 1.0393593867e-020
        var: 9.41718280956e-006
    spectral_energyband_high:
        dmean: 0.000284804584226
        dmean2: 0.000475622189697
        dvar: 3.7942822928e-007
        dvar2: 1.02502906429e-006
        max: 0.0105388071388
        mean: 0.000548397598322
        median: 0.000339382997481
        min: 7.85168884723e-021
        var: 4.17860945845e-007
    spectral_energyband_low:
        dmean: 0.000256357627222
        dmean2: 0.000413598172599
        dvar: 1.31815482973e-007
        dvar2: 3.23738987618e-007
        max: 0.00539198843762
        mean: 0.000437823910033
        median: 0.000287784845568
        min: 7.2230622526e-023
        var: 2.28856336548e-007
    spectral_energyband_middle_high:
        dmean: 0.000839912856463
        dmean2: 0.00132790277712
        dvar: 2.45741330218e-006
        dvar2: 6.11159657637e-006
        max: 0.028578300029
        mean: 0.00197964254767
        median: 0.00142962008249
        min: 1.23150845487e-021
        var: 4.01719080401e-006
    spectral_energyband_middle_low:
        dmean: 0.000528546283022
        dmean2: 0.000809790741187
        dvar: 6.059090083e-007
        dvar2: 1.45049409639e-006
        max: 0.0120371207595
        mean: 0.00107226264663
        median: 0.000737070920877
        min: 2.46685640305e-022
        var: 1.12376869765e-006
    spectral_flatness_db:
        dmean: 0.0156338736415
        dmean2: 0.0231846850365
        dvar: 0.000274622201687
        dvar2: 0.000517981359735
        max: 0.41355496645
        mean: 0.14547047019
        median: 0.135193750262
        min: 0.0668369829655
        var: 0.00167315872386
    spectral_flux:
        dmean: 0.00831950642169
        dmean2: 0.0125645985827
        dvar: 0.000139505063999
        dvar2: 0.000269162846962
        max: 0.177808478475
        mean: 0.0371453985572
        median: 0.0340685248375
        min: 6.81044318163e-011
        var: 0.000336228695232
    spectral_kurtosis:
        dmean: 0.738439559937
        dmean2: 1.19365906715
        dvar: 0.933312237263
        dvar2: 2.59133315086
        max: 25.9548778534
        mean: 2.52136087418
        median: 2.24260997772
        min: -1.21625781059
        var: 2.57887983322
    spectral_rms:
        dmean: 0.000312038784614
        dmean2: 0.000470154656796
        dvar: 1.87742074331e-007
        dvar2: 4.45164403118e-007
        max: 0.00593288009986
        mean: 0.00180303573143
        median: 0.00175255700015
        min: 3.18435100337e-012
        var: 4.80925734792e-007
    spectral_rolloff:
        dmean: 393.907714844
        dmean2: 635.327392578
        dvar: 403862.1875
        dvar2: 779012.0625
        max: 18992.2851563
        mean: 3695.05200195
        median: 3875.9765625
        min: 86.1328125
        var: 1146991.125
    spectral_skewness:
        dmean: 0.128199532628
        dmean2: 0.202042222023
        dvar: 0.020423065871
        dvar2: 0.0491157136858
        max: 3.89509129524
        mean: 1.13444697857
        median: 1.14388775826
        min: -0.11221909523
        var: 0.127368092537
    spectral_spread:
        dmean: 494204.125
        dmean2: 680094.5625
        dvar: 355238707200
        dvar2: 666196901888
        max: 41254640
        mean: 5732319
        median: 5643258.5
        min: 2023720.25
        var: 2.85663349965e+012
    spectral_strongpeak:
        dmean: 0.447435975075
        dmean2: 0.774032235146
        dvar: 0.523164153099
        dvar2: 1.3984131813
        max: 8.98915672302
        mean: 0.576386272907
        median: 0.188305437565
        min: 2.01407757139e-009
        var: 0.74504339695
    zerocrossingrate:
        dmean: 0.010082507506
        dmean2: 0.0110804392025
        dvar: 0.000102075347968
        dvar2: 0.000102037847682
        max: 0.50439453125
        mean: 0.117632970214
        median: 0.1220703125
        min: 0.00390625
        var: 0.00105499301571
    barkbands:
        dmean: [1.12629244597e-007, 4.66037345177e-005, 0.000141256052302, 0.000259665510384, 0.000181359893759, 9.71478148131e-005, 6.96343922755e-005, 3.73789771402e-005, 7.30006358935e-005, 6.07229303569e-005, 2.81706543319e-005, 4.27728264185e-005, 4.0158356569e-005, 4.44503893959e-005, 6.01872488915e-005, 0.000100644218037, 0.0001534683106, 0.000199863410671, 0.000327146233758, 0.000235820756643, 0.000142609351315, 5.25847099198e-005, 1.24007210616e-005, 4.39364157501e-006, 2.96340681416e-006, 1.35750525487e-007, 4.82659245904e-010]
        dmean2: [1.69775276504e-007, 7.9392833868e-005, 0.000237836400629, 0.000393342110328, 0.000295407546218, 0.000160182258696, 0.000113330323074, 6.32664086879e-005, 0.000117439660244, 9.98270334094e-005, 4.66688652523e-005, 6.86163330101e-005, 6.43064631731e-005, 7.2102600825e-005, 9.77392701316e-005, 0.00016545674589, 0.000253344653174, 0.000323557353113, 0.000544265029021, 0.000398328003939, 0.00024461443536, 8.79469953361e-005, 1.97180743271e-005, 6.56557585899e-006, 4.36322352471e-006, 2.13268080529e-007, 7.69773855769e-010]
        dvar: [1.71661187869e-013, 5.7722071567e-009, 4.39797176455e-008, 1.84346674814e-007, 1.06965437396e-007, 5.24251326794e-008, 2.57047574337e-008, 9.02786556622e-009, 4.09197511431e-008, 5.08022175438e-008, 8.01133293038e-009, 2.14320525771e-008, 1.24029106985e-008, 1.27366988067e-008, 1.92353368789e-008, 4.22168930925e-008, 7.53047757485e-008, 1.47184522348e-007, 3.67917465383e-007, 2.00902618985e-007, 9.7084132733e-008, 1.35633468901e-008, 6.52397080803e-010, 9.37030106285e-011, 3.07691719326e-011, 8.19401716075e-014, 6.21675757773e-019]
        dvar2: [3.32952117483e-013, 1.58662381011e-008, 1.16488074298e-007, 3.89233036913e-007, 2.6758479521e-007, 1.34498137072e-007, 6.64504327119e-008, 2.37622579391e-008, 1.00638864353e-007, 1.30390347408e-007, 2.10295105774e-008, 5.34340856007e-008, 3.00816083154e-008, 3.06107565962e-008, 4.69513707912e-008, 1.05802762107e-007, 1.88310224303e-007, 3.69351766949e-007, 9.4835974096e-007, 5.45888042325e-007, 2.67488587724e-007, 3.58154821356e-008, 1.57647039867e-009, 2.05057970604e-010, 6.69324803915e-011, 2.21081047349e-013, 1.56002158644e-018]
        max: [1.06918878373e-005, 0.00152261578478, 0.0035196589306, 0.00782123953104, 0.00938219670206, 0.00608980841935, 0.00529285427183, 0.00235672481358, 0.00464314641431, 0.00469506531954, 0.00265693082474, 0.00555499223992, 0.00264748511836, 0.00298300688155, 0.00364532740787, 0.00522089190781, 0.00840803328902, 0.00719431834295, 0.0107240602374, 0.00933317560703, 0.00543492147699, 0.00138357805554, 0.00030045240419, 0.000261481938651, 9.41405887716e-005, 6.24812628303e-006, 1.6486076504e-008]
        mean: [1.7986246803e-007, 6.38963683741e-005, 0.000193656989723, 0.00038912834134, 0.000265374023002, 0.000134769725264, 9.91297565633e-005, 4.63230608148e-005, 0.000100980883872, 7.28846425773e-005, 3.81413337891e-005, 5.98889600951e-005, 5.8570291003e-005, 6.20029532001e-005, 8.70577059686e-005, 0.000164487748407, 0.00025903552887, 0.000343512336258, 0.000584294146392, 0.000436321221059, 0.000241272704443, 8.52246885188e-005, 2.19491284952e-005, 1.0185967767e-005, 6.59535817249e-006, 2.97640298186e-007, 8.02371780129e-010]
        median: [3.7575720313e-008, 3.91855355701e-005, 0.000122135301353, 0.000169455597643, 0.000140994219691, 6.01371575613e-005, 4.91656064696e-005, 1.47510854731e-005, 1.97535937332e-005, 1.00627457869e-005, 9.58121836447e-006, 1.44505502249e-005, 1.27714192786e-005, 1.66645222635e-005, 2.76090595435e-005, 7.27417209418e-005, 0.00014967257448, 0.000211217280594, 0.000388842512621, 0.000293079036055, 0.000146583857713, 3.32958115905e-005, 8.02503654995e-006, 4.13697807744e-006, 3.44700242749e-006, 1.79055859917e-007, 4.23355017709e-010]
        min: [8.26444132012e-024, 1.21719865058e-023, 4.37381010114e-024, 3.82238544211e-023, 2.97273996425e-023, 4.93273777402e-023, 3.27643216455e-023, 1.16441407414e-023, 2.74720904907e-023, 5.02912774139e-023, 1.53370952505e-023, 3.21743231082e-023, 1.0127530092e-022, 1.02383473787e-022, 4.46621553209e-023, 1.62784590614e-022, 1.04172515657e-022, 1.22636518274e-022, 2.53286348732e-022, 2.27792939117e-022, 4.4486317594e-022, 3.706073329e-022, 5.18152721169e-022, 8.66254900051e-022, 1.07393650565e-021, 1.66978402378e-021, 2.59137995234e-021]
        var: [3.097545278e-013, 6.92156598703e-009, 5.59796724531e-008, 4.07507315003e-007, 1.56142121455e-007, 5.97538658553e-008, 2.79593255215e-008, 1.19201581938e-008, 6.73059759038e-008, 6.55489671431e-008, 1.37366038544e-008, 3.00718454582e-008, 2.38194974855e-008, 2.22985221399e-008, 3.12577057571e-008, 7.32005531745e-008, 1.18255158554e-007, 2.04267536219e-007, 4.92332958402e-007, 2.42058604272e-007, 9.25562986254e-008, 1.70870784189e-008, 1.12232356742e-009, 2.64769067782e-010, 7.64808147369e-011, 1.41056450916e-013, 1.26203483725e-018]
    frequency_bands:
        dmean: [1.12629244597e-007, 4.66037345177e-005, 0.000141256052302, 0.000259665510384, 0.000181359893759, 9.71478148131e-005, 6.96343922755e-005, 3.73789771402e-005, 7.30006358935e-005, 6.07229303569e-005, 2.81706543319e-005, 4.27728264185e-005, 4.0158356569e-005, 4.44503893959e-005, 6.01872488915e-005, 0.000100644218037, 0.0001534683106, 0.000199863410671, 0.000327146233758, 0.000235820756643, 0.000142609351315, 5.25847099198e-005, 1.24007210616e-005, 4.39364157501e-006, 2.96340681416e-006, 1.35750525487e-007, 4.82659245904e-010, 4.73259868794e-011]
        dmean2: [1.69775276504e-007, 7.9392833868e-005, 0.000237836400629, 0.000393342110328, 0.000295407546218, 0.000160182258696, 0.000113330323074, 6.32664086879e-005, 0.000117439660244, 9.98270334094e-005, 4.66688652523e-005, 6.86163330101e-005, 6.43064631731e-005, 7.2102600825e-005, 9.77392701316e-005, 0.00016545674589, 0.000253344653174, 0.000323557353113, 0.000544265029021, 0.000398328003939, 0.00024461443536, 8.79469953361e-005, 1.97180743271e-005, 6.56557585899e-006, 4.36322352471e-006, 2.13268080529e-007, 7.69773855769e-010, 8.81910031114e-011]
        dvar: [1.71661187869e-013, 5.7722071567e-009, 4.39797176455e-008, 1.84346674814e-007, 1.06965437396e-007, 5.24251326794e-008, 2.57047574337e-008, 9.02786556622e-009, 4.09197511431e-008, 5.08022175438e-008, 8.01133293038e-009, 2.14320525771e-008, 1.24029106985e-008, 1.27366988067e-008, 1.92353368789e-008, 4.22168930925e-008, 7.53047757485e-008, 1.47184522348e-007, 3.67917465383e-007, 2.00902618985e-007, 9.7084132733e-008, 1.35633468901e-008, 6.52397080803e-010, 9.37030106285e-011, 3.07691719326e-011, 8.19401716075e-014, 6.21675757773e-019, 7.79195816751e-021]
        dvar2: [3.32952117483e-013, 1.58662381011e-008, 1.16488074298e-007, 3.89233036913e-007, 2.6758479521e-007, 1.34498137072e-007, 6.64504327119e-008, 2.37622579391e-008, 1.00638864353e-007, 1.30390347408e-007, 2.10295105774e-008, 5.34340856007e-008, 3.00816083154e-008, 3.06107565962e-008, 4.69513707912e-008, 1.05802762107e-007, 1.88310224303e-007, 3.69351766949e-007, 9.4835974096e-007, 5.45888042325e-007, 2.67488587724e-007, 3.58154821356e-008, 1.57647039867e-009, 2.05057970604e-010, 6.69324803915e-011, 2.21081047349e-013, 1.56002158644e-018, 2.56640103654e-020]
        max: [1.06918878373e-005, 0.00152261578478, 0.0035196589306, 0.00782123953104, 0.00938219670206, 0.00608980841935, 0.00529285427183, 0.00235672481358, 0.00464314641431, 0.00469506531954, 0.00265693082474, 0.00555499223992, 0.00264748511836, 0.00298300688155, 0.00364532740787, 0.00522089190781, 0.00840803328902, 0.00719431834295, 0.0107240602374, 0.00933317560703, 0.00543492147699, 0.00138357805554, 0.00030045240419, 0.000261481938651, 9.41405887716e-005, 6.24812628303e-006, 1.6486076504e-008, 2.39383712852e-009]
        mean: [1.7986246803e-007, 6.38963683741e-005, 0.000193656989723, 0.00038912834134, 0.000265374023002, 0.000134769725264, 9.91297565633e-005, 4.63230608148e-005, 0.000100980883872, 7.28846425773e-005, 3.81413337891e-005, 5.98889600951e-005, 5.8570291003e-005, 6.20029532001e-005, 8.70577059686e-005, 0.000164487748407, 0.00025903552887, 0.000343512336258, 0.000584294146392, 0.000436321221059, 0.000241272704443, 8.52246885188e-005, 2.19491284952e-005, 1.0185967767e-005, 6.59535817249e-006, 2.97640298186e-007, 8.02371780129e-010, 3.59088141166e-011]
        median: [3.7575720313e-008, 3.91855355701e-005, 0.000122135301353, 0.000169455597643, 0.000140994219691, 6.01371575613e-005, 4.91656064696e-005, 1.47510854731e-005, 1.97535937332e-005, 1.00627457869e-005, 9.58121836447e-006, 1.44505502249e-005, 1.27714192786e-005, 1.66645222635e-005, 2.76090595435e-005, 7.27417209418e-005, 0.00014967257448, 0.000211217280594, 0.000388842512621, 0.000293079036055, 0.000146583857713, 3.32958115905e-005, 8.02503654995e-006, 4.13697807744e-006, 3.44700242749e-006, 1.79055859917e-007, 4.23355017709e-010, 1.22338467481e-011]
        min: [8.26444132012e-024, 1.21719865058e-023, 4.37381010114e-024, 3.82238544211e-023, 2.97273996425e-023, 4.93273777402e-023, 3.27643216455e-023, 1.16441407414e-023, 2.74720904907e-023, 5.02912774139e-023, 1.53370952505e-023, 3.21743231082e-023, 1.0127530092e-022, 1.02383473787e-022, 4.46621553209e-023, 1.62784590614e-022, 1.04172515657e-022, 1.22636518274e-022, 2.53286348732e-022, 2.27792939117e-022, 4.4486317594e-022, 3.706073329e-022, 5.18152721169e-022, 8.66254900051e-022, 1.07393650565e-021, 1.66978402378e-021, 2.59137995234e-021, 6.56867840279e-022]
        var: [3.097545278e-013, 6.92156598703e-009, 5.59796724531e-008, 4.07507315003e-007, 1.56142121455e-007, 5.97538658553e-008, 2.79593255215e-008, 1.19201581938e-008, 6.73059759038e-008, 6.55489671431e-008, 1.37366038544e-008, 3.00718454582e-008, 2.38194974855e-008, 2.22985221399e-008, 3.12577057571e-008, 7.32005531745e-008, 1.18255158554e-007, 2.04267536219e-007, 4.92332958402e-007, 2.42058604272e-007, 9.25562986254e-008, 1.70870784189e-008, 1.12232356742e-009, 2.64769067782e-010, 7.64808147369e-011, 1.41056450916e-013, 1.26203483725e-018, 5.35718838517e-021]
    mfcc:
        mean: [-720.589050293, 71.3642425537, -31.7945804596, 69.8082885742, -3.27726531029, -4.347864151, 2.66098403931, -4.66579771042, -2.29458880424, -6.98871278763, -3.94845271111, -4.77808046341, -1.9280834198]
        cov: [[5757.28662109, -250.513412476, -583.825073242, -221.202102661, -316.356384277, -187.172058105, -241.459762573, 2.99186515808, -68.2076568604, -3.17694711685, -2.06832003593, -93.1451721191, -95.8973693848], [-250.513412476, 777.557617188, -213.230880737, 267.067779541, 21.3282299042, 16.6619548798, 111.318466187, 3.73049449921, 22.257818222, -59.9403839111, -3.83976078033, 16.8010692596, 12.9041309357], [-583.825073242, -213.230880737, 553.228088379, -10.2249565125, 83.2844009399, 60.973487854, 5.05681228638, 27.8408260345, -30.4846286774, -10.5999078751, 1.72836613655, 11.2554216385, -2.56895661354], [-221.202102661, 267.067779541, -10.2249565125, 381.125366211, 88.7069473267, 25.2476406097, 5.58875513077, -44.630065918, 12.2717189789, -27.9865684509, -13.345281601, 13.3134098053, 29.5979976654], [-316.356384277, 21.3282299042, 83.2844009399, 88.7069473267, 193.362960815, 65.8735046387, 4.63113880157, -38.0041656494, 9.65196609497, 13.9028587341, -4.94453430176, 3.5006737709, 7.88143634796], [-187.172058105, 16.6619548798, 60.973487854, 25.2476406097, 65.8735046387, 154.644897461, 69.7103424072, -6.71313524246, -12.4586410522, -8.73662662506, -2.02610087395, 12.9203901291, 3.30553722382], [-241.459762573, 111.318466187, 5.05681228638, 5.58875513077, 4.63113880157, 69.7103424072, 147.109008789, 60.2716903687, 9.14025211334, -22.2987308502, -1.53512263298, 12.1139326096, 5.62713050842], [2.99186515808, 3.73049449921, 27.8408260345, -44.630065918, -38.0041656494, -6.71313524246, 60.2716903687, 123.098617554, 29.5299720764, 6.42618083954, 4.05298757553, -2.44629859924, -3.2424428463], [-68.2076568604, 22.257818222, -30.4846286774, 12.2717189789, 9.65196609497, -12.4586410522, 9.14025211334, 29.5299720764, 76.1562728882, 33.8974952698, 2.16651439667, -7.41438341141, -3.3173251152], [-3.17694711685, -59.9403839111, -10.5999078751, -27.9865684509, 13.9028587341, -8.73662662506, -22.2987308502, 6.42618083954, 33.8974952698, 79.3476715088, 26.7655639648, -1.56811392307, -8.14690685272], [-2.06832003593, -3.83976078033, 1.72836613655, -13.345281601, -4.94453430176, -2.02610087395, -1.53512263298, 4.05298757553, 2.16651439667, 26.7655639648, 53.4368896484, 21.1148090363, -0.472314447165], [-93.1451721191, 16.8010692596, 11.2554216385, 13.3134098053, 3.5006737709, 12.9203901291, 12.1139326096, -2.44629859924, -7.41438341141, -1.56811392307, 21.1148090363, 49.9477348328, 23.5110683441], [-95.8973693848, 12.9041309357, -2.56895661354, 29.5979976654, 7.88143634796, 3.30553722382, 5.62713050842, -3.2424428463, -3.3173251152, -8.14690685272, -0.472314447165, 23.5110683441, 51.1816253662]]
        icov: [[0.000249488948612, 0.000102816251456, 0.000322138104821, -3.737935549e-005, 0.0001921907824, -0.000149615749251, 0.000515030580573, -0.00036405667197, 0.000311381474603, 0.000192077350221, -0.000133228255436, 0.000200399415917, 0.000337171717547], [0.000102816251456, 0.00254020350985, 0.0010574022308, -0.00165380584076, -0.0001505879045, 0.000617462268565, -0.00176533462945, -2.29512079386e-005, -0.000307415000862, 0.00165782077238, -0.00100271473639, -0.000267557508778, 0.00109521509148], [0.000322138104821, 0.0010574022308, 0.00300475372933, -0.000488622696139, -0.00108054338489, -0.000703383178916, 0.000969500746578, -0.00211191154085, 0.0014320203336, 0.00129922805354, -0.000579565472435, -0.000474655942526, 0.00125411816407], [-3.737935549e-005, -0.00165380584076, -0.000488622696139, 0.00447175931185, -0.00134999374859, -0.000294595462037, 0.0011164387688, 0.00102194375359, -0.00139943964314, 0.000946068263147, 0.000418054580223, -5.60231710551e-005, -0.00200519873761], [0.0001921907824, -0.0001505879045, -0.00108054338489, -0.00134999374859, 0.0083777634427, -0.00303793814965, 0.00039898333489, 0.00241313152947, -0.00144235242624, -0.0024387743324, 0.00114797020797, 0.000781530397944, -0.000690444547217], [-0.000149615749251, 0.000617462268565, -0.000703383178916, -0.000294595462037, -0.00303793814965, 0.0115599371493, -0.00748547492549, 0.00296399835497, 0.00192927522585, -0.00136555032805, 0.00104065251071, -0.00182042340748, 0.00118455395568], [0.000515030580573, -0.00176533462945, 0.000969500746578, 0.0011164387688, 0.00039898333489, -0.00748547492549, 0.0165768265724, -0.00818899739534, -0.000870501680765, 0.00418410915881, -0.000565972004551, -0.00127242924646, 8.26808609418e-005], [-0.00036405667197, -2.29512079386e-005, -0.00211191154085, 0.00102194375359, 0.00241313152947, 0.00296399835497, -0.00818899739534, 0.0152810541913, -0.00547766173258, -0.00120679906104, -0.000411071639974, 0.00120578298811, -0.00117274746299], [0.000311381474603, -0.000307415000862, 0.0014320203336, -0.00139943964314, -0.00144235242624, 0.00192927522585, -0.000870501680765, -0.00547766173258, 0.021639931947, -0.0102475713938, 0.00364720751531, 0.00136047787964, 0.000568406248931], [0.000192077350221, 0.00165782077238, 0.00129922805354, 0.000946068263147, -0.0024387743324, -0.00136555032805, 0.00418410915881, -0.00120679906104, -0.0102475713938, 0.0248212721199, -0.0128582427278, 0.0028028357774, 0.00126786890905], [-0.000133228255436, -0.00100271473639, -0.000579565472435, 0.000418054580223, 0.00114797020797, 0.00104065251071, -0.000565972004551, -0.000411071639974, 0.00364720751531, -0.0128582427278, 0.0314903371036, -0.0157696548849, 0.00524883065373], [0.000200399415917, -0.000267557508778, -0.000474655942526, -5.60231710551e-005, 0.000781530397944, -0.00182042340748, -0.00127242924646, 0.00120578298811, 0.00136047787964, 0.0028028357774, -0.0157696548849, 0.0355342030525, -0.015269363299], [0.000337171717547, 0.00109521509148, 0.00125411816407, -0.00200519873761, -0.000690444547217, 0.00118455395568, 8.26808609418e-005, -0.00117274746299, 0.000568406248931, 0.00126786890905, 0.00524883065373, -0.015269363299, 0.0283641628921]]
    sccoeffs:
        dmean: [0.0550015456975, 0.0489964447916, 0.0369038134813, 0.0290306229144, 0.0195702724159, 0.0175322182477]
        dmean2: [0.0906995460391, 0.0814896821976, 0.0608585067093, 0.0472713932395, 0.0322129204869, 0.0282656159252]
        dvar: [0.00187635177281, 0.00147892686073, 0.00090964359697, 0.000572805874981, 0.000249930628343, 0.0002970896021]
        dvar2: [0.00505696469918, 0.00410520099103, 0.00235628988594, 0.00144954794087, 0.000648990564514, 0.000750946521293]
        max: [-0.360556870699, -0.436934679747, -0.547522962093, -0.517945289612, -0.634732723236, -0.559792637825]
        mean: [-0.641789257526, -0.765569984913, -0.807568192482, -0.802709639072, -0.805612325668, -0.75730574131]
        median: [-0.643944323063, -0.769850611687, -0.822018325329, -0.812064945698, -0.807882845402, -0.765590071678]
        min: [-0.962095201015, -0.973280251026, -0.952900350094, -0.958105444908, -0.960054278374, -0.95915210247]
        var: [0.00524857314304, 0.00375845795497, 0.00394012220204, 0.0026390592102, 0.000995715497993, 0.00203455751762]
    scvalleys:
        dmean: [0.40294149518, 0.379724025726, 0.349281162024, 0.30967181921, 0.247090652585, 0.245954498649]
        dmean2: [0.672193944454, 0.613130033016, 0.542364895344, 0.460956424475, 0.356417953968, 0.33318322897]
        dvar: [0.111018761992, 0.126961231232, 0.10637807101, 0.102076590061, 0.0879658386111, 0.139982357621]
        dvar2: [0.29109737277, 0.284723460674, 0.220427498221, 0.196930274367, 0.167963936925, 0.251918375492]
        max: [-5.24980735779, -4.87052106857, -5.41612768173, -5.52478504181, -5.02268123627, -7.29753541946]
        mean: [-7.09751701355, -7.09143829346, -7.5990114212, -7.5674071312, -6.81941890717, -9.31613349915]
        median: [-6.98662424088, -7.0100736618, -7.51964187622, -7.48987531662, -6.65588283539, -9.04308509827]
        min: [-27.5846271515, -27.387670517, -27.4410953522, -27.6246757507, -27.2492599487, -27.3093643188]
        var: [0.814591407776, 0.928589940071, 0.996752083302, 0.927118957043, 0.879720807076, 1.69804763794]

rhythm:
    beats_loudness:
        dmean: 0.00374309555627
        dmean2: 0.00680123222992
        dvar: 5.78544404561e-006
        dvar2: 1.79103644768e-005
        max: 0.0191078595817
        mean: 0.0062421662733
        median: 0.00600181752816
        min: 5.91037974118e-009
        var: 1.01798150354e-005
    bpm: 108.061676025
    bpm_confidence: 0
    first_peak_bpm: 108
    first_peak_spread: 0.356968194246
    first_peak_weight: 0.611627936363
    onset_rate: 3.25186610222
    second_peak_bpm: 101
    second_peak_spread: 0.40000000596
    second_peak_weight: 0.0279069766402
    beats_loudness_band_ratio:
        dmean: [0.1456515342, 0.0771185085177, 0.064613699913, 0.0443952605128, 0.0890866145492, 0.105539292097]
        dmean2: [0.259594291449, 0.138590589166, 0.115190498531, 0.0777805373073, 0.152946904302, 0.18774805963]
        dvar: [0.0147194489837, 0.00486615719274, 0.00362624088302, 0.00335225299932, 0.00569282332435, 0.00670407526195]
        dvar2: [0.0428140684962, 0.0133529463783, 0.0106328129768, 0.00948931276798, 0.0154656572267, 0.0192997511476]
        max: [0.942049145699, 0.753155708313, 0.426170200109, 0.390110909939, 0.673691153526, 0.811948299408]
        mean: [0.233071044087, 0.104577794671, 0.0845624059439, 0.0617451407015, 0.230196624994, 0.343703299761]
        median: [0.203725427389, 0.0935237556696, 0.0676731094718, 0.0388491973281, 0.217047557235, 0.349535018206]
        min: [0.00204190332443, 0.00555238546804, 0.002705254592, 0.00227797124535, 0.00754504883662, 0.00440833903849]
        var: [0.0230878796428, 0.005647320766, 0.00455896835774, 0.00409636320546, 0.00898922327906, 0.0118269780651]
    beats_position: [0.557278871536, 1.1261677742, 1.69505667686, 2.27555561066, 2.86766433716, 3.45977306366, 4.05188179016, 4.6439909935, 5.20126962662, 5.75854873657, 6.31582736969, 6.87310647964, 7.4303855896, 7.98766422272, 8.54494285583, 9.10222244263, 9.64789104462, 10.1935596466, 10.7508392334, 11.3081178665, 11.8537864685, 12.3994560242, 12.9567346573, 13.5140132904, 14.0596818924, 14.6053514481, 15.1626300812, 15.7199087143, 16.2771873474, 16.8344669342, 17.4033565521, 17.9722442627, 18.5411338806, 19.1100215912, 19.667301178, 20.2245807648, 20.7702484131, 21.3159179688, 21.8615875244, 22.4072551727, 22.9645347595, 23.5218143463, 24.0790920258, 24.6247615814, 25.1820411682, 25.7277088165, 26.2849884033, 26.8422679901, 27.3879356384, 27.921995163, 28.4560546875, 28.9901123047, 29.5125617981, 30.0582313538, 30.6038990021, 31.1495685577, 31.6952381134, 32.2409057617, 32.7865753174, 33.3438529968, 33.901134491, 34.4468002319, 34.9924697876, 35.5497512817, 36.1070289612, 36.6643066406, 37.2215881348, 37.7788658142, 38.3245353699, 38.8702049255, 39.427482605, 39.9847602844, 40.5536499023, 41.099319458, 41.6565971375, 42.2138786316, 42.771156311, 43.3052139282, 43.8624954224, 44.4197731018, 44.9770507813, 45.5343284607, 46.0916099548, 46.6488876343, 47.2061653137, 47.7634468079, 48.3207244873, 48.8780021667, 49.4352836609, 49.9925613403, 50.5498390198, 51.1071205139, 51.6643981934, 52.210067749, 52.7557373047, 53.3014030457, 53.8470726013, 54.4043540955, 54.9616317749, 55.5189094543, 56.0761909485, 56.6334686279, 57.2023582458, 57.7596359253, 58.305305481, 58.8625831604, 59.4198646545, 59.977142334, 60.5228118896, 61.0684814453, 61.6257591248, 62.1830368042, 62.7403144836, 63.2975959778, 63.8548736572, 64.4121551514, 64.9462127686, 65.4802703857, 66.0375518799, 66.5948257446, 67.1637191772, 67.720993042, 68.2666625977, 68.8239440918, 69.3812255859, 69.9384994507, 70.4957809448, 71.053062439, 71.6103363037, 72.1676177979, 72.7132873535, 73.2821731567, 73.8278427124, 74.3735122681, 74.9307937622, 75.488067627, 76.0453491211, 76.5910186768, 77.1483001709, 77.7055740356, 78.2512435913, 78.8085250854, 79.3658065796, 79.9230804443, 80.4803619385, 81.0376434326, 81.6065292358, 82.1754150391, 82.7326965332, 83.2899780273, 83.8472518921, 84.4045333862, 84.9618148804, 85.507484436, 86.0531539917, 86.6104278564, 87.1677093506, 87.7249908447, 88.2822647095, 88.8279342651, 89.3736038208, 89.9308853149, 90.4881591797, 91.0454406738, 91.602722168, 92.1599960327, 92.7172775269, 93.274559021, 93.8318328857, 94.4007263184, 94.9696121216, 95.5384979248, 96.1073913574, 96.6530609131, 97.1987304688, 97.7560043335, 98.3132858276, 98.8473434448, 99.404624939, 99.9619064331, 100.519180298, 101.076461792, 101.633743286, 102.191017151, 102.759910583, 103.317184448, 103.886077881, 104.443351746, 105.00063324, 105.557914734, 106.115188599, 106.672470093, 107.218139648, 107.763809204, 108.30947876, 108.855148315, 109.41242218, 109.969703674, 110.526985168, 111.084259033, 111.641540527, 112.198822021, 112.756095886, 113.31337738, 113.870658875, 114.427932739, 114.985214233, 115.530883789, 116.076553345, 116.633827209, 117.191108704, 117.748390198, 118.305664063, 118.862945557, 119.420227051, 119.954284668, 120.488342285, 121.034011841, 121.579681396, 122.136962891, 122.694236755, 123.25151825, 123.808792114, 124.366073608, 124.923355103, 125.480628967, 126.037910461, 126.583580017, 127.129249573, 127.686531067, 128.243804932, 128.801086426, 129.346755981, 129.892425537, 130.449707031, 131.006988525, 131.564254761, 132.121536255, 132.678817749, 133.236099243, 133.781768799, 134.327438354, 134.884719849, 135.441986084, 135.999267578, 136.556549072, 137.125442505, 137.694335938, 138.251602173, 138.808883667, 139.366165161, 139.923446655, 140.480728149, 141.026397705, 141.572067261, 142.129333496, 142.68661499, 143.243896484, 143.801177979, 144.346847534, 144.89251709, 145.449798584, 146.007064819, 146.564346313, 147.110015869, 147.678909302, 148.236190796, 148.805084229, 149.350738525, 149.919631958, 150.476913452, 151.069015503, 151.649520874, 152.230026245, 152.810516357, 153.367797852, 153.925079346, 154.48236084, 155.039627075, 155.585296631, 156.130966187, 156.676635742, 157.233917236, 157.779586792, 158.336868286, 158.89414978, 159.451431274, 160.00869751, 160.565979004, 161.123260498, 161.680541992, 162.214599609, 162.760269165, 163.305938721, 163.863220215, 164.408889771, 164.954559326, 165.51184082, 166.069107056, 166.62638855, 167.183670044, 167.740951538, 168.298233032, 168.855514526, 169.412780762, 169.970062256, 170.52734375, 171.096237183, 171.665115356, 172.210784912, 172.756454468, 173.290512085, 173.847793579, 174.405075073, 174.962356567, 175.519638062, 176.076919556, 176.622589111, 177.191467285, 177.748748779, 178.306030273, 178.863311768, 179.420593262, 179.977859497, 180.523529053, 181.069198608, 181.626480103, 182.183761597, 182.729431152, 183.275100708, 183.820770264, 184.389663696, 184.946929932, 185.504211426, 186.06149292, 186.618774414, 187.176055908, 187.733337402, 188.290603638, 188.847885132, 189.405166626, 189.96244812, 190.519729614, 191.07699585, 191.634277344, 192.191558838, 192.748840332, 193.306121826, 193.86340332, 194.409072876, 194.954742432, 195.523620605, 196.092514038, 196.649795532, 197.207077026, 197.764343262, 198.321624756, 198.87890625, 199.424575806, 199.970245361, 200.527526855, 201.08480835, 201.653686523, 202.222579956, 202.77986145, 203.337142944, 203.906021118, 204.474914551, 205.032196045, 205.577865601, 206.135147095, 206.704025269, 207.261306763, 207.818588257, 208.364257813, 208.921539307, 209.478820801, 210.024490356, 210.570159912, 211.115829468, 211.673095703, 212.207168579, 212.741226196, 213.286895752, 213.832565308, 214.389831543, 214.947113037, 215.492782593, 216.050064087, 216.607345581, 217.164627075, 217.710296631, 218.267562866, 218.82484436, 219.382125854, 219.939407349, 220.508300781, 221.077178955, 221.634460449, 222.191741943, 222.749023438, 223.306304932, 223.863571167, 224.409240723, 224.954910278, 225.512191772, 226.069473267, 226.626754761, 227.184036255, 227.729705811, 228.275375366, 228.832641602, 229.389923096, 229.94720459, 230.504486084, 231.084991455, 231.64225769, 232.199539185, 232.756820679, 233.314102173, 233.882995605, 234.475097656, 235.055603027, 235.63609314, 236.216598511, 236.808700562, 237.400817871, 237.992919922, 238.585037231, 239.177139282, 239.769241333]
