
metadata:
    version:
        essentia: "2.1-beta2"
    audio_properties:
        analysis_sample_rate: 44100
        bitrate: 320
        channels: 2
        equal_loudness: 1
        length: 244.532241821
        replay_gain: -12.7181987762
        downmix: "mix"
    tags:
        album: "Metallica"
        artist: "Metallica"
        comment: "Ripped with WMP"
        date: "1991"
        genre: "Metal"
        title: "Through the Never"
        tracknumber: "7"

configuration:
    average_loudness:
        compute: 1
        frameSize: 88200
        hopSize: 44100
        silentFrames: "noise"
        windowType: "hann"
    general:
        analysisSampleRate: 44100
        endTime: 2000
        equalLoudness: 1
        nequalLoudness: 0
        shortSound: 0
        startTime: 0
    lowlevel:
        compute: 1
        frameSize: 2048
        hopSize: 1024
        zeroPadding: 0
        silentFrames: "noise"
        windowType: "blackmanharris62"
        mfccStats: ["mean", "cov", "icov"]
        stats: ["mean", "var", "median", "min", "max", "dmean", "dmean2", "dvar", "dvar2"]
    panning:
        compute: 0
        frameSize: 8192
        hopSize: 2048
        zeroPadding: 8192
        silentFrames: "noise"
        windowType: "hann"
        stats: ["copy"]
    rhythm:
        compute: 1
        maxTempo: 208
        minTempo: 40
        method: "degara"
        stats: ["mean", "var", "median", "min", "max", "dmean", "dmean2", "dvar", "dvar2"]
    segmentation:
        compute: 0
        cpw: 5
        inc1: 300
        inc2: 50
        minimumSegmentsLength: 10
        size1: 1000
        size2: 600
    sfx:
        compute: 1
        stats: ["mean", "var", "median", "min", "max", "dmean", "dmean2", "dvar", "dvar2"]
    svm:
        compute: 0
    tonal:
        compute: 1
        frameSize: 4096
        hopSize: 2048
        zeroPadding: 0
        silentFrames: "noise"
        windowType: "blackmanharris62"
        stats: ["mean", "var", "median", "min", "max", "dmean", "dmean2", "dvar", "dvar2"]

lowlevel:
    average_loudness: 0.901017308235
    barkbands_kurtosis:
        dmean: 1.60545349121
        dmean2: 2.63011240959
        dvar: 15.0143880844
        dvar2: 36.0430717468
        max: 166.002227783
        mean: 0.15556101501
        median: -0.829978942871
        min: -1.95217895508
        var: 16.0620117188
    barkbands_skewness:
        dmean: 0.643031477928
        dmean2: 0.939612805843
        dvar: 0.438998073339
        dvar2: 0.874947607517
        max: 11.9264478683
        mean: -0.483356893063
        median: -0.641982495785
        min: -5.68176984787
        var: 1.42968773842
    barkbands_spread:
        dmean: 8.78415966034
        dmean2: 14.2580308914
        dvar: 61.5686302185
        dvar2: 147.884307861
        max: 90.6115722656
        mean: 39.4325942993
        median: 40.5478057861
        min: 1.06251490116
        var: 158.25730896
    dissonance:
        dmean: 0.00682359142229
        dmean2: 0.0111059546471
        dvar: 4.27767554356e-005
        dvar2: 0.000113608432002
        max: 0.500000059605
        mean: 0.487662345171
        median: 0.489598363638
        min: 0.414319783449
        var: 7.5146825111e-005
    hfc:
        dmean: 4.53695344925
        dmean2: 7.01346969604
        dvar: 66.5321731567
        dvar2: 160.067062378
        max: 124.842689514
        mean: 10.2484130859
        median: 7.23306655884
        min: 1.07316566406e-016
        var: 105.891937256
    pitch:
        dmean: 624.270324707
        dmean2: 1181.7421875
        dvar: 1381905.75
        dvar2: 3311242.75
        max: 4996.45556641
        mean: 3220.22680664
        median: 3689.0234375
        min: 79.3867874146
        var: 1538121.25
    pitch_instantaneous_confidence:
        dmean: 0.0798751562834
        dmean2: 0.13022197783
        dvar: 0.00412552803755
        dvar2: 0.0105025954545
        max: 0.898485183716
        mean: 0.446419417858
        median: 0.442437827587
        min: 0.0969968438148
        var: 0.0135580226779
    pitch_salience:
        dmean: 0.0678361058235
        dmean2: 0.108431510627
        dvar: 0.00425520678982
        dvar2: 0.00980748236179
        max: 0.923901498318
        mean: 0.679606258869
        median: 0.703232765198
        min: 0.126289442182
        var: 0.00935296714306
    silence_rate_20dB:
        dmean: 0
        dmean2: 0
        dvar: 0
        dvar2: 0
        max: 1
        mean: 1
        median: 1
        min: 1
        var: 0
    silence_rate_30dB:
        dmean: 0
        dmean2: 0
        dvar: 0
        dvar2: 0
        max: 1
        mean: 1
        median: 1
        min: 1
        var: 0
    silence_rate_60dB:
        dmean: 0.144322067499
        dmean2: 0.288671553135
        dvar: 0.123498335481
        dvar2: 0.239716604352
        max: 1
        mean: 0.459128439426
        median: 0
        min: 0
        var: 0.248326137662
    spectral_centroid:
        dmean: 431.613952637
        dmean2: 650.593933105
        dvar: 197675.21875
        dvar2: 399581.34375
        max: 11866.5927734
        mean: 2396.63842773
        median: 2495.60107422
        min: 177.277435303
        var: 1138345.5
    spectral_complexity:
        dmean: 4.61127996445
        dmean2: 6.92887687683
        dvar: 28.7837848663
        dvar2: 58.916633606
        max: 55
        mean: 13.7778406143
        median: 13
        min: 0
        var: 88.8495788574
    spectral_crest:
        dmean: 2.04857873917
        dmean2: 3.26919817924
        dvar: 4.17866039276
        dvar2: 9.10793209076
        max: 24.1520881653
        mean: 7.41572999954
        median: 6.61026096344
        min: 2.45942592621
        var: 9.16574573517
    spectral_decrease:
        dmean: 2.92605883967e-010
        dmean2: 4.57577364887e-010
        dvar: 2.07578687049e-019
        dvar2: 4.92053505557e-019
        max: 2.06913294688e-028
        mean: -8.18793588486e-010
        median: -6.91427470834e-010
        min: -5.98449068079e-009
        var: 3.55791991553e-019
    spectral_energy:
        dmean: 0.00147029955406
        dmean2: 0.00229651993141
        dvar: 5.86761370869e-006
        dvar2: 1.39260982905e-005
        max: 0.0317150577903
        mean: 0.00401986390352
        median: 0.00327730039135
        min: 9.98001002305e-021
        var: 9.75070179265e-006
    spectral_energyband_high:
        dmean: 0.000480608927319
        dmean2: 0.000766402401496
        dvar: 8.86438328962e-007
        dvar2: 2.14132637666e-006
        max: 0.02276471816
        mean: 0.000861328502651
        median: 0.000470665254397
        min: 7.07964095342e-021
        var: 1.37555707624e-006
    spectral_energyband_low:
        dmean: 0.000264321279246
        dmean2: 0.000442958436906
        dvar: 1.30267039822e-007
        dvar2: 3.46595413703e-007
        max: 0.00614144280553
        mean: 0.000405518512707
        median: 0.000271490047453
        min: 1.20844631772e-023
        var: 1.94478928961e-007
    spectral_energyband_middle_high:
        dmean: 0.000814393162727
        dmean2: 0.00126314593945
        dvar: 1.97989766093e-006
        dvar2: 4.66715755465e-006
        max: 0.0260423701257
        mean: 0.0019246005686
        median: 0.00143189216033
        min: 1.00988130307e-021
        var: 3.50623690792e-006
    spectral_energyband_middle_low:
        dmean: 0.00051453296328
        dmean2: 0.000796919630375
        dvar: 4.40270156332e-007
        dvar2: 1.00203226339e-006
        max: 0.0114296581596
        mean: 0.0010473174043
        median: 0.000770030543208
        min: 1.89123078518e-022
        var: 8.73824546943e-007
    spectral_flatness_db:
        dmean: 0.0162943918258
        dmean2: 0.0248001739383
        dvar: 0.000280448817648
        dvar2: 0.000576521735638
        max: 0.402588844299
        mean: 0.145954921842
        median: 0.138980850577
        min: 0.0385787114501
        var: 0.00131439976394
    spectral_flux:
        dmean: 0.00874222442508
        dmean2: 0.0132118221372
        dvar: 0.000140561387525
        dvar2: 0.000282120861812
        max: 0.153478011489
        mean: 0.0391125157475
        median: 0.0361146889627
        min: 6.49076140058e-011
        var: 0.000336796598276
    spectral_kurtosis:
        dmean: 0.744486808777
        dmean2: 1.22101247311
        dvar: 0.846459746361
        dvar2: 2.39052963257
        max: 18.4777107239
        mean: 1.94014382362
        median: 1.71855604649
        min: -1.2921653986
        var: 1.86676383018
    spectral_rms:
        dmean: 0.000319100538036
        dmean2: 0.000484869960928
        dvar: 1.76114426154e-007
        dvar2: 4.00010435442e-007
        max: 0.00556251034141
        mean: 0.00185071723536
        median: 0.00178811803926
        min: 3.12035185017e-012
        var: 4.96656809901e-007
    spectral_rolloff:
        dmean: 475.573059082
        dmean2: 753.235229492
        dvar: 536553.1875
        dvar2: 1070617.75
        max: 19789.0136719
        mean: 4056.65771484
        median: 4069.77539063
        min: 172.265625
        var: 2375881.75
    spectral_skewness:
        dmean: 0.138390883803
        dmean2: 0.216552361846
        dvar: 0.0214280318469
        dvar2: 0.0492509379983
        max: 2.75565695763
        mean: 0.943756103516
        median: 0.952385783195
        min: -0.249456420541
        var: 0.0944214016199
    spectral_spread:
        dmean: 599278.4375
        dmean2: 858043.75
        dvar: 619556896768
        dvar2: 1.16856455168e+012
        max: 49677772
        mean: 5960554
        median: 5615893
        min: 1855159.5
        var: 1.10403770122e+013
    spectral_strongpeak:
        dmean: 0.539108335972
        dmean2: 0.92872428894
        dvar: 0.811033129692
        dvar2: 2.00076198578
        max: 13.547088623
        mean: 0.676498949528
        median: 0.185383215547
        min: 0
        var: 1.4026337862
    zerocrossingrate:
        dmean: 0.0122925685719
        dmean2: 0.0134100923315
        dvar: 0.000158618335263
        dvar2: 0.000172235028003
        max: 0.52587890625
        mean: 0.129480615258
        median: 0.1328125
        min: 0.0087890625
        var: 0.00190042820759
    barkbands:
        dmean: [2.70335902997e-007, 4.60842711618e-005, 0.000130285989144, 0.000307159527438, 0.000225546260481, 7.96012245701e-005, 4.94216801599e-005, 2.43328886427e-005, 4.34448702435e-005, 2.73128389381e-005, 2.20862166316e-005, 2.26328647841e-005, 2.08408055187e-005, 2.25846852118e-005, 3.26126464643e-005, 7.00856471667e-005, 0.000123051053379, 0.000201025904971, 0.000368974287994, 0.000341701699654, 0.000217129578232, 9.67469750321e-005, 2.8439468224e-005, 9.01965177036e-006, 5.43326405023e-006, 1.67488636293e-007, 4.0264164225e-010]
        dmean2: [4.32438952203e-007, 7.87550743553e-005, 0.000224893694394, 0.000486806151457, 0.000362022372428, 0.000128588668304, 8.29007549328e-005, 3.92474430555e-005, 7.03966215951e-005, 4.51503583463e-005, 3.55773845513e-005, 3.6970461224e-005, 3.37321580446e-005, 3.786859088e-005, 5.5463584431e-005, 0.000117815296107, 0.000200340233278, 0.000322609645082, 0.000592408410739, 0.000554240017664, 0.000357556011295, 0.000159071511007, 4.46228150395e-005, 1.39344601848e-005, 8.60068394104e-006, 2.88254142333e-007, 6.86337875422e-010]
        dvar: [1.44839760845e-013, 5.83339243576e-009, 4.13302920776e-008, 1.99187894623e-007, 1.17100768193e-007, 2.81981016315e-008, 8.4583620108e-009, 3.5582348179e-009, 1.25247234806e-008, 8.52370884985e-009, 5.3092659158e-009, 4.38296821059e-009, 2.62870369916e-009, 2.54703125258e-009, 4.97593655169e-009, 1.78794632433e-008, 3.77939102236e-008, 1.38832845664e-007, 3.67321547401e-007, 4.7500071787e-007, 1.59815613188e-007, 4.0915310251e-008, 3.8511136502e-009, 4.09808548207e-010, 1.2964034013e-010, 2.91978735027e-013, 5.47060085714e-019]
        dvar2: [3.77643418923e-013, 1.59307944614e-008, 1.1421261803e-007, 4.46349446293e-007, 3.02618616388e-007, 7.18584942661e-008, 2.21698339686e-008, 8.06832023414e-009, 3.16193151662e-008, 2.27756054016e-008, 1.18799992066e-008, 1.10703366474e-008, 6.39094999144e-009, 6.84148471208e-009, 1.2856043341e-008, 4.83298983056e-008, 9.32290831201e-008, 3.24154399323e-007, 9.06298282644e-007, 1.16422279461e-006, 3.9603119717e-007, 9.94114301989e-008, 8.37984437396e-009, 9.11234865342e-010, 3.13908593563e-010, 8.36857384605e-013, 1.46873517481e-018]
        max: [6.31156535746e-006, 0.000967716914602, 0.00444877892733, 0.0105531644076, 0.00547949597239, 0.00457267882302, 0.0017920860555, 0.00172391999513, 0.00257943966426, 0.00243248860352, 0.00260089384392, 0.00182240759023, 0.0011630631052, 0.00104873254895, 0.00182228244375, 0.00208183936775, 0.00389161449857, 0.0100587597117, 0.0100308600813, 0.0239967517555, 0.00567341502756, 0.00263091083616, 0.000733152788598, 0.000508617784362, 0.000319235725328, 1.08110361907e-005, 1.30853941016e-008]
        mean: [4.06823147614e-007, 5.53898171347e-005, 0.000163160962984, 0.000423825113103, 0.000328895810526, 0.00011298534082, 6.93776237313e-005, 3.34726282745e-005, 6.29733913229e-005, 3.85980129067e-005, 3.12125193886e-005, 3.3641277696e-005, 2.96920770779e-005, 2.99384537357e-005, 4.32023443864e-005, 0.000110193024739, 0.000218097789912, 0.000352498318534, 0.000693306035828, 0.000632969546132, 0.000358298362698, 0.000132219181978, 4.09792701248e-005, 1.4939157154e-005, 9.36096785153e-006, 2.42474328616e-007, 4.84486117891e-010]
        median: [2.63452307081e-007, 3.034231122e-005, 9.7993084637e-005, 0.000211615508306, 0.00019177426293, 5.92495780438e-005, 3.62455211871e-005, 1.237327524e-005, 1.93680461962e-005, 1.00554298115e-005, 8.75082059792e-006, 9.34833224164e-006, 1.00331462818e-005, 1.32125196615e-005, 2.24389168579e-005, 6.94470945746e-005, 0.00015083506878, 0.000217127584619, 0.000480875052745, 0.00039794127224, 0.000196807130123, 4.75513479614e-005, 1.38982713906e-005, 6.84800625095e-006, 4.64780669063e-006, 1.22743131215e-007, 2.31416968921e-010]
        min: [6.63666214372e-026, 2.12397643287e-024, 1.66208279286e-024, 3.77716560789e-025, 9.67898883004e-024, 5.54360326003e-024, 7.50031514858e-024, 5.76479591355e-024, 1.70572585191e-023, 1.8222525983e-023, 1.79422216153e-023, 1.78789786365e-023, 1.88813084581e-023, 3.41247816963e-023, 4.14794675998e-023, 6.15429772099e-023, 5.04796384654e-023, 8.07685082795e-023, 8.57372465097e-023, 1.51019241395e-022, 2.874899187e-022, 2.93582651192e-022, 4.08487474314e-022, 5.31180361433e-022, 7.56561632856e-022, 1.34937987462e-021, 1.99941569983e-021]
        var: [2.06072653516e-013, 5.6610627297e-009, 4.46588117597e-008, 3.71067415017e-007, 1.62407161497e-007, 3.55702702848e-008, 1.01968113952e-008, 6.75276901063e-009, 2.0352905139e-008, 1.2300201746e-008, 8.92998208712e-009, 7.6830852791e-009, 4.23952961626e-009, 2.90011126225e-009, 5.14428100118e-009, 1.99464409434e-008, 6.01111409537e-008, 2.26532918646e-007, 5.84424981298e-007, 8.17237548745e-007, 2.1299109676e-007, 4.83622173419e-008, 5.4676374539e-009, 6.11654504823e-010, 1.91505922231e-010, 2.07795532083e-013, 6.11733201906e-019]
    frequency_bands:
        dmean: [2.70335902997e-007, 4.60842711618e-005, 0.000130285989144, 0.000307159527438, 0.000225546260481, 7.96012245701e-005, 4.94216801599e-005, 2.43328886427e-005, 4.34448702435e-005, 2.73128389381e-005, 2.20862166316e-005, 2.26328647841e-005, 2.08408055187e-005, 2.25846852118e-005, 3.26126464643e-005, 7.00856471667e-005, 0.000123051053379, 0.000201025904971, 0.000368974287994, 0.000341701699654, 0.000217129578232, 9.67469750321e-005, 2.8439468224e-005, 9.01965177036e-006, 5.43326405023e-006, 1.67488636293e-007, 4.0264164225e-010, 5.03394444185e-011]
        dmean2: [4.32438952203e-007, 7.87550743553e-005, 0.000224893694394, 0.000486806151457, 0.000362022372428, 0.000128588668304, 8.29007549328e-005, 3.92474430555e-005, 7.03966215951e-005, 4.51503583463e-005, 3.55773845513e-005, 3.6970461224e-005, 3.37321580446e-005, 3.786859088e-005, 5.5463584431e-005, 0.000117815296107, 0.000200340233278, 0.000322609645082, 0.000592408410739, 0.000554240017664, 0.000357556011295, 0.000159071511007, 4.46228150395e-005, 1.39344601848e-005, 8.60068394104e-006, 2.88254142333e-007, 6.86337875422e-010, 9.36642985394e-011]
        dvar: [1.44839760845e-013, 5.83339243576e-009, 4.13302920776e-008, 1.99187894623e-007, 1.17100768193e-007, 2.81981016315e-008, 8.4583620108e-009, 3.5582348179e-009, 1.25247234806e-008, 8.52370884985e-009, 5.3092659158e-009, 4.38296821059e-009, 2.62870369916e-009, 2.54703125258e-009, 4.97593655169e-009, 1.78794632433e-008, 3.77939102236e-008, 1.38832845664e-007, 3.67321547401e-007, 4.7500071787e-007, 1.59815613188e-007, 4.0915310251e-008, 3.8511136502e-009, 4.09808548207e-010, 1.2964034013e-010, 2.91978735027e-013, 5.47060085714e-019, 6.57257156388e-021]
        dvar2: [3.77643418923e-013, 1.59307944614e-008, 1.1421261803e-007, 4.46349446293e-007, 3.02618616388e-007, 7.18584942661e-008, 2.21698339686e-008, 8.06832023414e-009, 3.16193151662e-008, 2.27756054016e-008, 1.18799992066e-008, 1.10703366474e-008, 6.39094999144e-009, 6.84148471208e-009, 1.2856043341e-008, 4.83298983056e-008, 9.32290831201e-008, 3.24154399323e-007, 9.06298282644e-007, 1.16422279461e-006, 3.9603119717e-007, 9.94114301989e-008, 8.37984437396e-009, 9.11234865342e-010, 3.13908593563e-010, 8.36857384605e-013, 1.46873517481e-018, 2.12817561141e-020]
        max: [6.31156535746e-006, 0.000967716914602, 0.00444877892733, 0.0105531644076, 0.00547949597239, 0.00457267882302, 0.0017920860555, 0.00172391999513, 0.00257943966426, 0.00243248860352, 0.00260089384392, 0.00182240759023, 0.0011630631052, 0.00104873254895, 0.00182228244375, 0.00208183936775, 0.00389161449857, 0.0100587597117, 0.0100308600813, 0.0239967517555, 0.00567341502756, 0.00263091083616, 0.000733152788598, 0.000508617784362, 0.000319235725328, 1.08110361907e-005, 1.30853941016e-008, 1.38234024227e-009]
        mean: [4.06823147614e-007, 5.53898171347e-005, 0.000163160962984, 0.000423825113103, 0.000328895810526, 0.00011298534082, 6.93776237313e-005, 3.34726282745e-005, 6.29733913229e-005, 3.85980129067e-005, 3.12125193886e-005, 3.3641277696e-005, 2.96920770779e-005, 2.99384537357e-005, 4.32023443864e-005, 0.000110193024739, 0.000218097789912, 0.000352498318534, 0.000693306035828, 0.000632969546132, 0.000358298362698, 0.000132219181978, 4.09792701248e-005, 1.4939157154e-005, 9.36096785153e-006, 2.42474328616e-007, 4.84486117891e-010, 3.89542113843e-011]
        median: [2.63452307081e-007, 3.034231122e-005, 9.7993084637e-005, 0.000211615508306, 0.00019177426293, 5.92495780438e-005, 3.62455211871e-005, 1.237327524e-005, 1.93680461962e-005, 1.00554298115e-005, 8.75082059792e-006, 9.34833224164e-006, 1.00331462818e-005, 1.32125196615e-005, 2.24389168579e-005, 6.94470945746e-005, 0.00015083506878, 0.000217127584619, 0.000480875052745, 0.00039794127224, 0.000196807130123, 4.75513479614e-005, 1.38982713906e-005, 6.84800625095e-006, 4.64780669063e-006, 1.22743131215e-007, 2.31416968921e-010, 1.41510414498e-011]
        min: [6.63666214372e-026, 2.12397643287e-024, 1.66208279286e-024, 3.77716560789e-025, 9.67898883004e-024, 5.54360326003e-024, 7.50031514858e-024, 5.76479591355e-024, 1.70572585191e-023, 1.8222525983e-023, 1.79422216153e-023, 1.78789786365e-023, 1.88813084581e-023, 3.41247816963e-023, 4.14794675998e-023, 6.15429772099e-023, 5.04796384654e-023, 8.07685082795e-023, 8.57372465097e-023, 1.51019241395e-022, 2.874899187e-022, 2.93582651192e-022, 4.08487474314e-022, 5.31180361433e-022, 7.56561632856e-022, 1.34937987462e-021, 1.99941569983e-021, 5.09483480609e-022]
        var: [2.06072653516e-013, 5.6610627297e-009, 4.46588117597e-008, 3.71067415017e-007, 1.62407161497e-007, 3.55702702848e-008, 1.01968113952e-008, 6.75276901063e-009, 2.0352905139e-008, 1.2300201746e-008, 8.92998208712e-009, 7.6830852791e-009, 4.23952961626e-009, 2.90011126225e-009, 5.14428100118e-009, 1.99464409434e-008, 6.01111409537e-008, 2.26532918646e-007, 5.84424981298e-007, 8.17237548745e-007, 2.1299109676e-007, 4.83622173419e-008, 5.4676374539e-009, 6.11654504823e-010, 1.91505922231e-010, 2.07795532083e-013, 6.11733201906e-019, 5.05562571804e-021]
    mfcc:
        mean: [-719.078979492, 60.9813575745, -25.5789356232, 74.1274108887, -5.13896131516, -6.25163602829, 2.05291819572, -3.29268693924, -3.81280589104, -6.9537191391, -7.40082359314, -6.46963119507, -3.99175429344]
        cov: [[6288.21435547, -424.462005615, -141.9034729, 166.019515991, -230.765670776, 38.6396522522, -174.06401062, 36.3947982788, -57.5752830505, 17.9411754608, 20.119468689, -70.1122741699, -45.9871444702], [-424.462005615, 796.269226074, -232.029388428, 288.852539063, -7.79351329803, -21.0456829071, 115.448867798, -25.4775390625, 35.7707901001, -37.2386436462, -43.4760322571, 7.70470428467, -8.88479137421], [-141.9034729, -232.029388428, 426.956787109, -72.0200653076, 129.181121826, 40.0633392334, -67.9544525146, -13.477930069, -41.0916976929, -14.2844772339, 7.62422943115, -28.3431949615, -9.10719299316], [166.019515991, 288.852539063, -72.0200653076, 413.40133667, 50.8558616638, 21.5183448792, -9.71790313721, -67.1764297485, 46.3187904358, 3.59512829781, -27.4900741577, 2.72084736824, 6.88373231888], [-230.765670776, -7.79351329803, 129.181121826, 50.8558616638, 163.197982788, 14.601436615, -15.3647842407, -25.2304916382, -7.82068109512, 3.97953104973, 1.42593801022, -11.7785177231, -2.61577391624], [38.6396522522, -21.0456829071, 40.0633392334, 21.5183448792, 14.601436615, 110.932693481, 23.5281963348, -4.66548109055, -4.73982334137, -10.4573335648, 3.15944123268, 5.59790563583, 1.38318097591], [-174.06401062, 115.448867798, -67.9544525146, -9.71790313721, -15.3647842407, 23.5281963348, 140.512405396, 58.9351615906, 7.49108886719, -14.0547895432, -9.09272575378, 8.2977848053, 1.50786650181], [36.3947982788, -25.4775390625, -13.477930069, -67.1764297485, -25.2304916382, -4.66548109055, 58.9351615906, 107.839515686, 17.2747268677, 6.99268579483, 4.99736881256, -6.98074674606, -4.15485477448], [-57.5752830505, 35.7707901001, -41.0916976929, 46.3187904358, -7.82068109512, -4.73982334137, 7.49108886719, 17.2747268677, 79.2665634155, 34.7963600159, 1.89827334881, 3.22955226898, 1.88255441189], [17.9411754608, -37.2386436462, -14.2844772339, 3.59512829781, 3.97953104973, -10.4573335648, -14.0547895432, 6.99268579483, 34.7963600159, 68.8794708252, 30.1045093536, 8.9566078186, -3.17268538475], [20.119468689, -43.4760322571, 7.62422943115, -27.4900741577, 1.42593801022, 3.15944123268, -9.09272575378, 4.99736881256, 1.89827334881, 30.1045093536, 56.6333084106, 20.7874336243, 2.44180440903], [-70.1122741699, 7.70470428467, -28.3431949615, 2.72084736824, -11.7785177231, 5.59790563583, 8.2977848053, -6.98074674606, 3.22955226898, 8.9566078186, 20.7874336243, 51.774433136, 25.2952098846], [-45.9871444702, -8.88479137421, -9.10719299316, 6.88373231888, -2.61577391624, 1.38318097591, 1.50786650181, -4.15485477448, 1.88255441189, -3.17268538475, 2.44180440903, 25.2952098846, 52.2991828918]]
        icov: [[0.00021753499459, 0.000192780949874, 0.000126182741951, -0.000347179331584, 0.00036264306982, -0.000142045755638, 0.000295706297038, -0.000340650993166, 0.000414409470977, -3.27029702021e-005, -0.000171151856193, 0.000359836354619, 9.50568792177e-005], [0.000192780949874, 0.00271219620481, 0.00086848688079, -0.00186706148088, 8.93812612048e-005, 0.00108882621862, -0.00201888522133, 0.000682821380906, -0.00019820338639, 0.00171071349178, -0.000426081416663, 3.65271262126e-005, 0.00122852192726], [0.000126182741951, 0.00086848688079, 0.00453903200105, 0.000325921690091, -0.00321877328679, -0.00150467758067, 0.00201765168458, -0.00109618122224, 0.000785162614193, 0.00153600855265, -0.000566037255339, 0.00127696618438, 0.000213280800381], [-0.000347179331584, -0.00186706148088, 0.000325921690091, 0.00507302489132, -0.00205651344731, -0.00137056445237, 0.000959373021033, 0.00214727479033, -0.00278705754317, -0.000601369130891, 0.00182019581553, -0.000447368249297, -0.00096187798772], [0.00036264306982, 8.93812612048e-005, -0.00321877328679, -0.00205651344731, 0.010223637335, 0.000213727951632, -0.00137305632234, 0.00145634368528, 0.00153678201605, -0.00230492837727, -0.000986882252619, 0.00257999077439, -0.000691704684868], [-0.000142045755638, 0.00108882621862, -0.00150467758067, -0.00137056445237, 0.000213727951632, 0.0114143621176, -0.00451296707615, 0.00231506722048, -0.000987651292235, 0.00254754419439, -0.00204892084002, -0.00124769622926, 0.000890515744686], [0.000295706297038, -0.00201888522133, 0.00201765168458, 0.000959373021033, -0.00137305632234, -0.00451296707615, 0.014980558306, -0.00901651661843, 0.00123860104941, 0.00131441361737, 0.00244985870086, -0.00323267653584, 0.00052887405036], [-0.000340650993166, 0.000682821380906, -0.00109618122224, 0.00214727479033, 0.00145634368528, 0.00231506722048, -0.00901651661843, 0.0173124875873, -0.00507030123845, -9.67072046478e-005, -0.00266141025349, 0.00439358735457, -0.000834221951663], [0.000414409470977, -0.00019820338639, 0.000785162614193, -0.00278705754317, 0.00153678201605, -0.000987651292235, 0.00123860104941, -0.00507030123845, 0.0214676950127, -0.0123894521967, 0.0047046286054, 0.000346865999745, -0.00141301075928], [-3.27029702021e-005, 0.00171071349178, 0.00153600855265, -0.000601369130891, -0.00230492837727, 0.00254754419439, 0.00131441361737, -9.67072046478e-005, -0.0123894521967, 0.0292685888708, -0.0139998774976, -0.000929516449105, 0.0037049963139], [-0.000171151856193, -0.000426081416663, -0.000566037255339, 0.00182019581553, -0.000986882252619, -0.00204892084002, 0.00244985870086, -0.00266141025349, 0.0047046286054, -0.0139998774976, 0.0311121121049, -0.0131917633116, 0.00307087693363], [0.000359836354619, 3.65271262126e-005, 0.00127696618438, -0.000447368249297, 0.00257999077439, -0.00124769622926, -0.00323267653584, 0.00439358735457, 0.000346865999745, -0.000929516449105, -0.0131917633116, 0.0352618508041, -0.015299687162], [9.50568792177e-005, 0.00122852192726, 0.000213280800381, -0.00096187798772, -0.000691704684868, 0.000890515744686, 0.00052887405036, -0.000834221951663, -0.00141301075928, 0.0037049963139, 0.00307087693363, -0.015299687162, 0.0269692707807]]
    sccoeffs:
        dmean: [0.0569699332118, 0.0484279841185, 0.0349897146225, 0.0278366580606, 0.0199475791305, 0.0200477000326]
        dmean2: [0.0927993506193, 0.0793407335877, 0.0580190718174, 0.0465113148093, 0.0327857621014, 0.0317230522633]
        dvar: [0.0020757119637, 0.00145063258242, 0.000818408734631, 0.000493918545544, 0.000267578230705, 0.000368819572031]
        dvar2: [0.00548167200759, 0.0038461566437, 0.00215622829273, 0.00133909285069, 0.00068606127752, 0.000886032241397]
        max: [-0.384341299534, -0.453245460987, -0.551483035088, -0.620459854603, -0.665228486061, -0.548074603081]
        mean: [-0.659504175186, -0.774092853069, -0.819427073002, -0.815026164055, -0.805334210396, -0.755833864212]
        median: [-0.659897148609, -0.777265250683, -0.83006131649, -0.818219482899, -0.808017492294, -0.75930005312]
        min: [-0.979889452457, -0.981847941875, -0.979015767574, -0.970699250698, -0.967553317547, -0.964437305927]
        var: [0.00611175131053, 0.00365205970593, 0.0030017036479, 0.00145952810999, 0.00116841588169, 0.00275569432415]
    scvalleys:
        dmean: [0.385249197483, 0.369778573513, 0.350231587887, 0.313019990921, 0.268478065729, 0.302498310804]
        dmean2: [0.640249669552, 0.59458220005, 0.54037630558, 0.479478925467, 0.379109501839, 0.428076684475]
        dvar: [0.114592447877, 0.120668753982, 0.115021541715, 0.116135530174, 0.101772032678, 0.195624276996]
        dvar2: [0.270633369684, 0.24773979187, 0.226811856031, 0.226542487741, 0.182621404529, 0.387445598841]
        max: [-5.27998781204, -5.21234416962, -5.29099941254, -5.67616128922, -5.09014177322, -6.7692360878]
        mean: [-7.04770040512, -7.27036523819, -7.74746847153, -7.77589178085, -6.84903717041, -9.25911521912]
        median: [-6.76778650284, -7.05914974213, -7.5628080368, -7.56016349792, -6.56590461731, -8.82164955139]
        min: [-28.1259078979, -27.9727478027, -27.658290863, -27.6343860626, -27.6464424133, -27.4263687134]
        var: [3.75075721741, 3.63858938217, 3.41512465477, 3.47493934631, 3.79119205475, 4.12545776367]

rhythm:
    beats_loudness:
        dmean: 0.00375516945496
        dmean2: 0.00695556961
        dvar: 1.3765431504e-005
        dvar2: 4.51761479781e-005
        max: 0.0220012050122
        mean: 0.00720802042633
        median: 0.00695785786957
        min: 0
        var: 1.81076684385e-005
    bpm: 95.6469116211
    bpm_confidence: 0
    first_peak_bpm: 96
    first_peak_spread: 0.756447017193
    first_peak_weight: 0.219072163105
    onset_rate: 4.08535146713
    second_peak_bpm: 91
    second_peak_spread: 0.380952358246
    second_peak_weight: 0.0335051529109
    beats_loudness_band_ratio:
        dmean: [0.102216474712, 0.0595649778843, 0.0346108675003, 0.0320891067386, 0.0712981149554, 0.127605840564]
        dmean2: [0.179613038898, 0.107998535037, 0.0618311502039, 0.0560101047158, 0.126445695758, 0.225253790617]
        dvar: [0.00803882535547, 0.00408401433378, 0.00107208127156, 0.00348647101782, 0.00401078211144, 0.0124226156622]
        dvar2: [0.0246096849442, 0.0112287458032, 0.00304272002541, 0.00951260887086, 0.0125159556046, 0.0410098098218]
        max: [0.632135570049, 0.433115571737, 0.236408948898, 0.660684585571, 0.583618819714, 0.81751281023]
        mean: [0.173721298575, 0.0856627896428, 0.0576455965638, 0.0386333204806, 0.191913738847, 0.467988669872]
        median: [0.147544115782, 0.06982139498, 0.0506577417254, 0.0237896703184, 0.177688583732, 0.479184478521]
        min: [0, 0, 0, 0, 0, 0]
        var: [0.012314078398, 0.0040968824178, 0.00148745556362, 0.00378792197444, 0.00529043469578, 0.016679899767]
    beats_position: [0.580498874187, 1.17260766029, 1.764716506, 2.36843538284, 2.97215414047, 3.5758728981, 4.17959165573, 4.79492044449, 5.39863920212, 6.01396799088, 6.6176867485, 7.22140598297, 7.8251247406, 8.42884349823, 9.03256225586, 9.63628101349, 10.2516098022, 10.866938591, 11.4822673798, 12.0975961685, 12.7013149261, 13.3050336838, 13.9087524414, 14.512471199, 15.15102005, 15.7895689011, 16.4165077209, 17.0434455872, 17.6587753296, 18.2741031647, 18.877822876, 19.4815406799, 20.0968704224, 20.7121982574, 21.3159179688, 21.9312477112, 22.5465755463, 23.1502952576, 23.7656230927, 24.3925609589, 25.0311107635, 25.6696586609, 26.3082084656, 26.9351463318, 27.5504760742, 28.1658039093, 28.7695236206, 29.3732414246, 29.9769611359, 30.5806789398, 31.1960086823, 31.8113365173, 32.4382743835, 33.0768241882, 33.7269821167, 34.3887519836, 35.0505218506, 35.7238998413, 36.3740577698, 37.0126075745, 37.6627655029, 38.2897033691, 38.91664505, 39.55519104, 40.1937408447, 40.8206787109, 41.4476165771, 42.0977783203, 42.7479362488, 43.374874115, 44.0018119812, 44.6403617859, 45.2789115906, 45.9058494568, 46.532787323, 47.1829452515, 47.8331069946, 48.4600448608, 49.0869827271, 49.7255325317, 50.3640823364, 50.9910202026, 51.6179580688, 52.2448959351, 52.8834457397, 53.5219955444, 54.1605415344, 54.7990913391, 55.4492492676, 56.0994110107, 56.7495689392, 57.3765068054, 58.0034446716, 58.6187744141, 59.2457122803, 59.8726501465, 60.4995918274, 61.1149177551, 61.741859436, 62.3687973022, 62.9957351685, 63.6226730347, 64.2612228394, 64.8765487671, 65.5034942627, 66.1188201904, 66.7341461182, 67.3610839844, 67.98802948, 68.6033554077, 69.2186813354, 69.8340148926, 70.4609527588, 71.0762786865, 71.7032165527, 72.3301544189, 72.9803161621, 73.6072540283, 74.2341918945, 74.8727416992, 75.5112915039, 76.1614532471, 76.8116073608, 77.4849853516, 78.1583633423, 78.7620849609, 79.3425827026, 79.9230804443, 80.526802063, 81.1421279907, 81.7574615479, 82.3843994141, 82.9997253418, 83.6150588989, 84.2303848267, 84.8457107544, 85.4610443115, 86.0763702393, 86.6800918579, 87.2838058472, 87.8991394043, 88.5260772705, 89.1646270752, 89.7799530029, 90.4068908691, 91.0222167969, 91.6491622925, 92.2761001587, 92.9030380249, 93.5299758911, 94.1569137573, 94.795463562, 95.4340133667, 96.0841674805, 96.7227172852, 97.3612670898, 97.9882049561, 98.6267547607, 99.253692627, 99.8806304932, 100.519180298, 101.169342041, 101.807891846, 102.44644165, 103.073379517, 103.711929321, 104.338867188, 104.965805054, 105.59274292, 106.231292725, 106.858230591, 107.496780396, 108.1353302, 108.785484314, 109.435646057, 110.085800171, 110.712738037, 111.339683533, 111.966621399, 112.593559265, 113.220497131, 113.847434998, 114.474372864, 115.10131073, 115.728248596, 116.355194092, 116.993736267, 117.609069824, 118.224395752, 118.839729309, 119.443443298, 120.058776855, 120.674102783, 121.277824402, 121.89315033, 122.508476257, 123.123809814, 123.750747681, 124.377685547, 125.02784729, 125.666389465, 126.30493927, 126.931877136, 127.570426941, 128.208984375, 128.847518921, 129.486068726, 130.136230469, 130.809616089, 131.471374512, 132.144760132, 132.748474121, 133.352203369, 133.94430542, 134.536407471, 135.140136719, 135.755462646, 136.370788574, 136.974502563, 137.578231812, 138.193557739, 138.808883667, 139.412597656, 140.016326904, 140.620040894, 141.235366821, 141.850692749, 142.454421997, 143.069747925, 143.685073853, 144.30039978, 144.915740967, 145.531066895, 146.146392822, 146.76171875, 147.377044678, 147.980773926, 148.584487915, 149.176589966, 149.768707275, 150.372421265, 150.976135254, 151.59147644, 152.218414307, 152.856964111, 153.507110596, 154.134063721, 154.73777771, 155.353103638, 155.968429565, 156.583755493, 157.19909668, 157.860855103, 158.522628784, 159.172790527, 159.822952271, 160.461486816, 161.100036621, 161.738586426, 162.37713623, 163.015686035, 163.665847778, 164.316009521, 164.977767944, 165.627929688, 166.278091431, 166.88180542, 167.485534668, 168.112472534, 168.7394104, 169.366348267, 169.993286133, 170.597000122, 171.223937988, 171.850875854, 172.477813721, 173.127975464, 173.778137207, 174.42829895, 175.078460693, 175.728607178, 176.378768921, 177.040542603, 177.702316284, 178.352462769, 179.002624512, 179.652786255, 180.302947998, 180.976318359, 181.614868164, 182.253417969, 182.903579712, 183.553741455, 184.203903198, 184.865661621, 185.527435303, 186.177597046, 186.827758789, 187.466293335, 188.10484314, 188.755004883, 189.405166626, 190.055328369, 190.705490112, 191.355636597, 191.994186401, 192.632736206, 193.271286011, 193.933059692, 194.583221436, 195.23336792, 195.895141602, 196.556915283, 197.195465088, 197.834014893, 198.484161377, 199.13432312, 199.784484863, 200.434646606, 201.08480835, 201.734954834, 202.385116577, 203.012054443, 203.662216187, 204.31237793, 204.962539673, 205.612701416, 206.2628479, 206.913009644, 207.551559448, 208.190109253, 208.840270996, 209.490432739, 210.140579224, 210.790740967, 211.417678833, 212.056228638, 212.694778442, 213.321716309, 213.948654175, 214.563980103, 215.179321289, 215.783035278, 216.386749268, 216.990478516, 217.605804443, 218.221130371, 218.82484436, 219.440170288, 220.055511475, 220.659225464, 221.262939453, 221.866668701, 222.458770752, 223.07409668, 223.701034546, 224.351196289, 224.978134155, 225.605072021, 226.243621826, 226.882171631, 227.509109497, 228.136047363, 228.762985229, 229.413146973, 230.086532593, 230.736679077, 231.363616943, 232.013778687, 232.66394043, 233.314102173, 233.987472534, 234.637634277, 235.229751587, 235.821853638, 236.413970947, 237.029296875, 237.656234741, 238.271560669, 238.886886597, 239.490600586, 240.105941772, 240.7212677, 241.220489502, 241.719726563, 242.230560303, 242.741394043, 243.252243042, 243.763076782]
