
metadata:
    version:
        essentia: "2.1-beta2"
    audio_properties:
        analysis_sample_rate: 44100
        bitrate: 128
        channels: 2
        equal_loudness: 1
        length: 153.756729126
        replay_gain: -9.1300239563
        downmix: "mix"
    tags:
        album: ""
        artist: ""
        comment: ""
        date: ""
        genre: ""
        title: ""
        tracknumber: ""

configuration:
    average_loudness:
        compute: 1
        frameSize: 88200
        hopSize: 44100
        silentFrames: "noise"
        windowType: "hann"
    general:
        analysisSampleRate: 44100
        endTime: 2000
        equalLoudness: 1
        nequalLoudness: 0
        shortSound: 0
        startTime: 0
    lowlevel:
        compute: 1
        frameSize: 2048
        hopSize: 1024
        zeroPadding: 0
        silentFrames: "noise"
        windowType: "blackmanharris62"
        mfccStats: ["mean", "cov", "icov"]
        stats: ["mean", "var", "median", "min", "max", "dmean", "dmean2", "dvar", "dvar2"]
    panning:
        compute: 0
        frameSize: 8192
        hopSize: 2048
        zeroPadding: 8192
        silentFrames: "noise"
        windowType: "hann"
        stats: ["copy"]
    rhythm:
        compute: 1
        maxTempo: 208
        minTempo: 40
        method: "degara"
        stats: ["mean", "var", "median", "min", "max", "dmean", "dmean2", "dvar", "dvar2"]
    segmentation:
        compute: 0
        cpw: 5
        inc1: 300
        inc2: 50
        minimumSegmentsLength: 10
        size1: 1000
        size2: 600
    sfx:
        compute: 1
        stats: ["mean", "var", "median", "min", "max", "dmean", "dmean2", "dvar", "dvar2"]
    svm:
        compute: 0
    tonal:
        compute: 1
        frameSize: 4096
        hopSize: 2048
        zeroPadding: 0
        silentFrames: "noise"
        windowType: "blackmanharris62"
        stats: ["mean", "var", "median", "min", "max", "dmean", "dmean2", "dvar", "dvar2"]

lowlevel:
    average_loudness: 0.423016786575
    barkbands_kurtosis:
        dmean: 2.89865255356
        dmean2: 4.58197641373
        dvar: 38.8337898254
        dvar2: 95.192024231
        max: 149.155944824
        mean: 5.48932123184
        median: 0.720372915268
        min: -1.92248558998
        var: 164.750335693
    barkbands_skewness:
        dmean: 0.493481606245
        dmean2: 0.74657446146
        dvar: 0.334133297205
        dvar2: 0.763955712318
        max: 10.2683019638
        mean: 1.25694489479
        median: 0.954282999039
        min: -2.42730569839
        var: 2.7556579113
    barkbands_spread:
        dmean: 4.21109580994
        dmean2: 6.28476524353
        dvar: 31.4752922058
        dvar2: 61.7925491333
        max: 79.0364990234
        mean: 19.8710632324
        median: 18.180103302
        min: 0.374525696039
        var: 183.769363403
    dissonance:
        dmean: 0.0261172428727
        dmean2: 0.0436691269279
        dvar: 0.000737646361813
        dvar2: 0.0020067114383
        max: 0.5
        mean: 0.4370239079
        median: 0.450196892023
        min: 0.16588178277
        var: 0.00223992904648
    hfc:
        dmean: 1.08786547184
        dmean2: 1.47760891914
        dvar: 6.3006362915
        dvar2: 11.1649713516
        max: 55.0622177124
        mean: 3.93275856972
        median: 0.884688198566
        min: 1.07072131226e-016
        var: 37.7485351563
    pitch:
        dmean: 289.278533936
        dmean2: 556.093444824
        dvar: 702652.0625
        dvar2: 1870468.75
        max: 6235.79150391
        mean: 516.105651855
        median: 264.210296631
        min: 51.511428833
        var: 758701.4375
    pitch_instantaneous_confidence:
        dmean: 0.082075573504
        dmean2: 0.129785731435
        dvar: 0.0073669902049
        dvar2: 0.0165292490274
        max: 0.979350268841
        mean: 0.569863975048
        median: 0.561146855354
        min: 0.0938284993172
        var: 0.0419961512089
    pitch_salience:
        dmean: 0.0627724230289
        dmean2: 0.100474156439
        dvar: 0.00354880071245
        dvar2: 0.00910855270922
        max: 0.998968958855
        mean: 0.55135768652
        median: 0.561308264732
        min: 0.112764343619
        var: 0.012634656392
    silence_rate_20dB:
        dmean: 0
        dmean2: 0
        dvar: 0
        dvar2: 0
        max: 1
        mean: 1
        median: 1
        min: 1
        var: 0
    silence_rate_30dB:
        dmean: 0
        dmean2: 0
        dvar: 0
        dvar2: 0
        max: 1
        mean: 1
        median: 1
        min: 1
        var: 0
    silence_rate_60dB:
        dmean: 0.0492298416793
        dmean2: 0.098474547267
        dvar: 0.0468044355512
        dvar2: 0.096635363996
        max: 1
        mean: 0.729729712009
        median: 1
        min: 0
        var: 0.19722057879
    spectral_centroid:
        dmean: 195.340316772
        dmean2: 287.02142334
        dvar: 99246.1953125
        dvar2: 197270.75
        max: 11680.7773438
        mean: 1259.67382813
        median: 1026.35290527
        min: 193.187713623
        var: 1813754.75
    spectral_complexity:
        dmean: 1.30353367329
        dmean2: 2.03775858879
        dvar: 4.34786081314
        dvar2: 8.51353645325
        max: 36
        mean: 5.88721132278
        median: 4
        min: 0
        var: 36.6304130554
    spectral_crest:
        dmean: 2.40543293953
        dmean2: 3.80606389046
        dvar: 5.25427389145
        dvar2: 12.7357378006
        max: 25.7774524689
        mean: 11.2613658905
        median: 10.3596572876
        min: 2.81008386612
        var: 23.1092338562
    spectral_decrease:
        dmean: 1.47144005314e-010
        dmean2: 1.99538732759e-010
        dvar: 8.37046033827e-020
        dvar2: 1.53371938846e-019
        max: 2.1048206695e-028
        mean: -5.63883439941e-010
        median: -2.46681147731e-010
        min: -6.68568755913e-009
        var: 5.26802380814e-019
    spectral_energy:
        dmean: 0.000641090038698
        dmean2: 0.000864404079039
        dvar: 1.61302023116e-006
        dvar2: 2.88560136141e-006
        max: 0.0302276723087
        mean: 0.00248493533581
        median: 0.00101229175925
        min: 1.007763026e-020
        var: 1.05973786049e-005
    spectral_energyband_high:
        dmean: 7.73839565227e-005
        dmean2: 0.000110804496217
        dvar: 4.99922130359e-008
        dvar2: 9.90846018567e-008
        max: 0.00498208217323
        mean: 0.000181347480975
        median: 1.73578191607e-005
        min: 6.8551631991e-021
        var: 1.66509821042e-007
    spectral_energyband_low:
        dmean: 1.6785794287e-005
        dmean2: 2.66828501481e-005
        dvar: 1.02083463904e-009
        dvar2: 2.40905095872e-009
        max: 0.000616787350737
        mean: 4.79814989376e-005
        median: 2.70513410214e-005
        min: 7.93348656025e-024
        var: 3.90581034182e-009
    spectral_energyband_middle_high:
        dmean: 0.000398036820116
        dmean2: 0.000534668390173
        dvar: 8.18334399355e-007
        dvar2: 1.47776609083e-006
        max: 0.0215323287994
        mean: 0.00149785238318
        median: 0.000202289738809
        min: 1.15547367369e-021
        var: 6.29766554994e-006
    spectral_energyband_middle_low:
        dmean: 0.000315167621011
        dmean2: 0.000459667877294
        dvar: 5.08418395384e-007
        dvar2: 1.04531841316e-006
        max: 0.0163024943322
        mean: 0.000791422848124
        median: 0.000528695352841
        min: 1.72653934736e-022
        var: 1.08933886622e-006
    spectral_flatness_db:
        dmean: 0.0207884106785
        dmean2: 0.0322261676192
        dvar: 0.000402605772251
        dvar2: 0.00089348241454
        max: 0.506560027599
        mean: 0.226405650377
        median: 0.214490860701
        min: 0.0580687150359
        var: 0.004522300791
    spectral_flux:
        dmean: 0.00662188837305
        dmean2: 0.0100830867887
        dvar: 9.14980773814e-005
        dvar2: 0.000198564026505
        max: 0.146646231413
        mean: 0.0211487561464
        median: 0.0143004935235
        min: 6.40780900563e-011
        var: 0.0004187032755
    spectral_kurtosis:
        dmean: 3.84306669235
        dmean2: 6.50467443466
        dvar: 67.9935302734
        dvar2: 209.271575928
        max: 195.293273926
        mean: 11.5276432037
        median: 5.58808898926
        min: -1.38260746002
        var: 395.179107666
    spectral_rms:
        dmean: 0.000172624815605
        dmean2: 0.000230243967962
        dvar: 6.3803142325e-008
        dvar2: 1.03476473612e-007
        max: 0.00543050747365
        mean: 0.00124453241006
        median: 0.000993781490251
        min: 3.13557556655e-012
        var: 8.75472323969e-007
    spectral_rolloff:
        dmean: 423.407104492
        dmean2: 695.65447998
        dvar: 546631.125
        dvar2: 1096992.25
        max: 19681.3476563
        mean: 2278.32275391
        median: 2002.58789063
        min: 215.33203125
        var: 6005406
    spectral_skewness:
        dmean: 0.344607144594
        dmean2: 0.557831943035
        dvar: 0.235028475523
        dvar2: 0.663864791393
        max: 12.1135606766
        mean: 2.16845560074
        median: 1.74117565155
        min: -0.278390437365
        var: 2.13889026642
    spectral_spread:
        dmean: 645983.9375
        dmean2: 881635.5625
        dvar: 1.2499559383e+012
        dvar2: 2.00563084493e+012
        max: 42410500
        mean: 4762519
        median: 3681909.25
        min: 474611.1875
        var: 2.37771214029e+013
    spectral_strongpeak:
        dmean: 0.316511780024
        dmean2: 0.518441796303
        dvar: 0.444926857948
        dvar2: 1.15128755569
        max: 7.59893417358
        mean: 0.698138833046
        median: 0.219052895904
        min: 2.03826278772e-011
        var: 1.14542889595
    zerocrossingrate:
        dmean: 0.00844102725387
        dmean2: 0.00962041690946
        dvar: 0.000130003623781
        dvar2: 0.000145779646118
        max: 0.52978515625
        mean: 0.071076951921
        median: 0.06201171875
        min: 0.0087890625
        var: 0.00395852932706
    barkbands:
        dmean: [6.57671250792e-010, 2.22245398618e-006, 1.07349642349e-005, 2.20162546611e-005, 0.000182953939657, 5.67915158172e-005, 6.25435641268e-005, 5.14886887686e-005, 4.61408417323e-005, 6.64976832923e-005, 0.000156726891873, 2.39918299485e-005, 2.44151051447e-005, 5.00653040945e-005, 6.91814057063e-005, 8.13829246908e-005, 4.65434786747e-005, 5.78946019232e-005, 0.000101189310953, 4.6092645789e-005, 5.42967500223e-005, 5.79141851631e-006, 2.41221073338e-006, 1.29093405121e-006, 9.73204578258e-007, 3.24346522973e-008, 9.89485715586e-011]
        dmean2: [1.19788867714e-009, 3.69948929801e-006, 1.63593485922e-005, 3.65813430108e-005, 0.000254217738984, 9.17712313822e-005, 0.00010028827819, 8.33199737826e-005, 7.08413281245e-005, 9.8269621958e-005, 0.000216394750169, 3.43215506291e-005, 3.80683341064e-005, 7.5737851148e-005, 9.68458116404e-005, 0.000122090888908, 7.0669921115e-005, 8.9707733423e-005, 0.000152741151396, 6.91632885719e-005, 8.12860525912e-005, 8.80439438333e-006, 3.46473780155e-006, 1.81664358934e-006, 1.38990719734e-006, 4.67325378395e-008, 1.83931897491e-010]
        dvar: [1.9643754906e-018, 2.99795605008e-011, 5.16782949767e-010, 2.68284328087e-009, 2.6742168302e-007, 1.11560636284e-008, 4.99821979361e-008, 7.53722559921e-008, 6.62663381945e-008, 6.55283542983e-008, 3.55582244538e-007, 1.27226913449e-008, 1.46269067969e-008, 2.52097454023e-008, 7.85751197441e-008, 8.59704556433e-008, 2.77926357484e-008, 4.45638441704e-008, 7.14951866598e-008, 1.70132814503e-008, 2.84373413706e-008, 5.23908527672e-010, 8.6811766109e-011, 2.22666989014e-011, 1.57232872555e-011, 1.54300959623e-014, 4.32507797639e-020]
        dvar2: [6.07724467523e-018, 8.84241846411e-011, 1.13068021612e-009, 7.28042381937e-009, 4.6235066975e-007, 2.36087824845e-008, 1.34610047553e-007, 1.8873797103e-007, 1.64702939287e-007, 1.41079823379e-007, 6.78032790802e-007, 2.48396041513e-008, 3.592362674e-008, 5.50921086528e-008, 1.48673137801e-007, 1.86626706977e-007, 5.91500182168e-008, 1.1165073488e-007, 1.51494347733e-007, 3.82794631548e-008, 6.05979195711e-008, 1.20425658334e-009, 1.75253492274e-010, 4.75873680739e-011, 3.62099343565e-011, 3.25795569993e-014, 1.38713225641e-019]
        max: [3.18194430804e-008, 0.000111249319161, 0.000464722048491, 0.000799303292297, 0.0136417942122, 0.00272617698647, 0.00691572902724, 0.0090288342908, 0.00881510786712, 0.00765567133203, 0.0137243838981, 0.00466248625889, 0.00454569747671, 0.00433592358604, 0.00721459416673, 0.00563209224492, 0.00391454203054, 0.00986099615693, 0.00484700035304, 0.00354426773265, 0.00414218800142, 0.000512588652782, 0.000249202072155, 0.000104231992736, 8.72833188623e-005, 3.93073332816e-006, 2.74258415978e-009]
        mean: [6.09288119957e-010, 5.20190542375e-006, 2.59584121522e-005, 4.6310655307e-005, 0.000350246409653, 0.000141766562592, 0.000104860293504, 6.13923475612e-005, 6.79961085552e-005, 0.000136900256621, 0.000463278411189, 4.35239526269e-005, 3.61709753633e-005, 9.60125980782e-005, 0.000121718163427, 0.000132751607453, 9.29006200749e-005, 0.00011276461737, 0.000212715400266, 9.94359797915e-005, 0.000117395778943, 8.77564980328e-006, 3.57176622856e-006, 1.96579185285e-006, 1.2823754787e-006, 4.16695797867e-008, 7.72582622877e-011]
        median: [2.00480909651e-010, 1.3197637827e-006, 1.06869174488e-005, 1.62984797498e-005, 0.000125385049614, 6.34249008726e-005, 3.77249743906e-005, 1.04627461042e-005, 8.08084678283e-006, 1.01648556665e-005, 7.30288138584e-006, 3.13703003485e-006, 2.58548425336e-006, 7.15802980267e-006, 7.06865466782e-006, 1.51404565258e-005, 8.63736204337e-006, 1.59352257469e-005, 2.99953426293e-005, 1.01067353171e-005, 7.15518990546e-006, 9.05549086383e-007, 3.09122270892e-007, 1.67778921423e-007, 1.04294855419e-007, 2.24233298596e-009, 1.37002726872e-011]
        min: [5.8595774527e-026, 1.6940093742e-024, 4.36459038792e-025, 1.52621668751e-024, 7.11958799876e-024, 8.42763770875e-024, 9.89544200724e-024, 9.36064243401e-024, 2.43945011302e-023, 1.43226816575e-023, 1.93962784347e-023, 3.37345921599e-023, 2.64033969565e-023, 4.67423562844e-023, 3.59231510574e-023, 5.59130851886e-023, 6.84809015863e-023, 9.23379738699e-023, 1.32322493256e-022, 1.95479593474e-022, 2.5633607237e-022, 2.30876640572e-022, 3.63865942174e-022, 5.80766264669e-022, 8.49223077563e-022, 1.2645674066e-021, 1.84011941428e-021]
        var: [1.8178865604e-018, 9.5261444566e-011, 1.64023417071e-009, 6.11823569585e-009, 6.0729382767e-007, 5.10502644602e-008, 5.390372948e-008, 6.67290862566e-008, 7.31996010472e-008, 1.81719840953e-007, 1.87581053979e-006, 3.54166758143e-008, 1.92860110104e-008, 6.68933566317e-008, 1.7046620826e-007, 1.56546832386e-007, 6.75103279946e-008, 8.65256097882e-008, 2.01395593535e-007, 5.35971196314e-008, 8.56166195717e-008, 8.50152448439e-010, 1.55346943642e-010, 4.13673574562e-011, 2.12410505851e-011, 2.46879068837e-014, 3.43923862618e-020]
    frequency_bands:
        dmean: [6.57671250792e-010, 2.22245398618e-006, 1.07349642349e-005, 2.20162546611e-005, 0.000182953939657, 5.67915158172e-005, 6.25435641268e-005, 5.14886887686e-005, 4.61408417323e-005, 6.64976832923e-005, 0.000156726891873, 2.39918299485e-005, 2.44151051447e-005, 5.00653040945e-005, 6.91814057063e-005, 8.13829246908e-005, 4.65434786747e-005, 5.78946019232e-005, 0.000101189310953, 4.6092645789e-005, 5.42967500223e-005, 5.79141851631e-006, 2.41221073338e-006, 1.29093405121e-006, 9.73204578258e-007, 3.24346522973e-008, 9.89485715586e-011, 2.81792280482e-011]
        dmean2: [1.19788867714e-009, 3.69948929801e-006, 1.63593485922e-005, 3.65813430108e-005, 0.000254217738984, 9.17712313822e-005, 0.00010028827819, 8.33199737826e-005, 7.08413281245e-005, 9.8269621958e-005, 0.000216394750169, 3.43215506291e-005, 3.80683341064e-005, 7.5737851148e-005, 9.68458116404e-005, 0.000122090888908, 7.0669921115e-005, 8.9707733423e-005, 0.000152741151396, 6.91632885719e-005, 8.12860525912e-005, 8.80439438333e-006, 3.46473780155e-006, 1.81664358934e-006, 1.38990719734e-006, 4.67325378395e-008, 1.83931897491e-010, 5.23781330808e-011]
        dvar: [1.9643754906e-018, 2.99795605008e-011, 5.16782949767e-010, 2.68284328087e-009, 2.6742168302e-007, 1.11560636284e-008, 4.99821979361e-008, 7.53722559921e-008, 6.62663381945e-008, 6.55283542983e-008, 3.55582244538e-007, 1.27226913449e-008, 1.46269067969e-008, 2.52097454023e-008, 7.85751197441e-008, 8.59704556433e-008, 2.77926357484e-008, 4.45638441704e-008, 7.14951866598e-008, 1.70132814503e-008, 2.84373413706e-008, 5.23908527672e-010, 8.6811766109e-011, 2.22666989014e-011, 1.57232872555e-011, 1.54300959623e-014, 4.32507797639e-020, 3.50515805475e-021]
        dvar2: [6.07724467523e-018, 8.84241846411e-011, 1.13068021612e-009, 7.28042381937e-009, 4.6235066975e-007, 2.36087824845e-008, 1.34610047553e-007, 1.8873797103e-007, 1.64702939287e-007, 1.41079823379e-007, 6.78032790802e-007, 2.48396041513e-008, 3.592362674e-008, 5.50921086528e-008, 1.48673137801e-007, 1.86626706977e-007, 5.91500182168e-008, 1.1165073488e-007, 1.51494347733e-007, 3.82794631548e-008, 6.05979195711e-008, 1.20425658334e-009, 1.75253492274e-010, 4.75873680739e-011, 3.62099343565e-011, 3.25795569993e-014, 1.38713225641e-019, 1.1245773267e-020]
        max: [3.18194430804e-008, 0.000111249319161, 0.000464722048491, 0.000799303292297, 0.0136417942122, 0.00272617698647, 0.00691572902724, 0.0090288342908, 0.00881510786712, 0.00765567133203, 0.0137243838981, 0.00466248625889, 0.00454569747671, 0.00433592358604, 0.00721459416673, 0.00563209224492, 0.00391454203054, 0.00986099615693, 0.00484700035304, 0.00354426773265, 0.00414218800142, 0.000512588652782, 0.000249202072155, 0.000104231992736, 8.72833188623e-005, 3.93073332816e-006, 2.74258415978e-009, 7.76798736446e-010]
        mean: [6.09288119957e-010, 5.20190542375e-006, 2.59584121522e-005, 4.6310655307e-005, 0.000350246409653, 0.000141766562592, 0.000104860293504, 6.13923475612e-005, 6.79961085552e-005, 0.000136900256621, 0.000463278411189, 4.35239526269e-005, 3.61709753633e-005, 9.60125980782e-005, 0.000121718163427, 0.000132751607453, 9.29006200749e-005, 0.00011276461737, 0.000212715400266, 9.94359797915e-005, 0.000117395778943, 8.77564980328e-006, 3.57176622856e-006, 1.96579185285e-006, 1.2823754787e-006, 4.16695797867e-008, 7.72582622877e-011, 2.19516037292e-011]
        median: [2.00480909651e-010, 1.3197637827e-006, 1.06869174488e-005, 1.62984797498e-005, 0.000125385049614, 6.34249008726e-005, 3.77249743906e-005, 1.04627461042e-005, 8.08084678283e-006, 1.01648556665e-005, 7.30288138584e-006, 3.13703003485e-006, 2.58548425336e-006, 7.15802980267e-006, 7.06865466782e-006, 1.51404565258e-005, 8.63736204337e-006, 1.59352257469e-005, 2.99953426293e-005, 1.01067353171e-005, 7.15518990546e-006, 9.05549086383e-007, 3.09122270892e-007, 1.67778921423e-007, 1.04294855419e-007, 2.24233298596e-009, 1.37002726872e-011, 3.80816342002e-012]
        min: [5.8595774527e-026, 1.6940093742e-024, 4.36459038792e-025, 1.52621668751e-024, 7.11958799876e-024, 8.42763770875e-024, 9.89544200724e-024, 9.36064243401e-024, 2.43945011302e-023, 1.43226816575e-023, 1.93962784347e-023, 3.37345921599e-023, 2.64033969565e-023, 4.67423562844e-023, 3.59231510574e-023, 5.59130851886e-023, 6.84809015863e-023, 9.23379738699e-023, 1.32322493256e-022, 1.95479593474e-022, 2.5633607237e-022, 2.30876640572e-022, 3.63865942174e-022, 5.80766264669e-022, 8.49223077563e-022, 1.2645674066e-021, 1.84011941428e-021, 4.71851306576e-022]
        var: [1.8178865604e-018, 9.5261444566e-011, 1.64023417071e-009, 6.11823569585e-009, 6.0729382767e-007, 5.10502644602e-008, 5.390372948e-008, 6.67290862566e-008, 7.31996010472e-008, 1.81719840953e-007, 1.87581053979e-006, 3.54166758143e-008, 1.92860110104e-008, 6.68933566317e-008, 1.7046620826e-007, 1.56546832386e-007, 6.75103279946e-008, 8.65256097882e-008, 2.01395593535e-007, 5.35971196314e-008, 8.56166195717e-008, 8.50152448439e-010, 1.55346943642e-010, 4.13673574562e-011, 2.12410505851e-011, 2.46879068837e-014, 3.43923862618e-020, 2.78256893766e-021]
    mfcc:
        mean: [-839.805175781, 110.317749023, -29.1188354492, 38.5081787109, -8.48266220093, -17.0412197113, -5.90594387054, -16.8119163513, -11.1636829376, -10.5113830566, -17.8959369659, -13.7776145935, -9.68336105347]
        cov: [[15905.9013672, 1181.4654541, -4224.36914063, 1220.68615723, -1173.64355469, -226.095199585, 543.622802734, -27.6445426941, 218.311355591, 62.3390312195, -687.433410645, -336.145355225, -387.166290283], [1181.4654541, 1591.01782227, -438.830718994, 32.3747787476, -87.5325698853, -266.983184814, -14.2675971985, -114.936309814, -6.21866035461, 5.21080112457, -71.1013183594, -78.4651031494, -56.8116874695], [-4224.36914063, -438.830718994, 1938.68786621, -204.023788452, 429.062316895, 100.421607971, -281.316436768, -4.31100273132, -123.227500916, -65.3872756958, 247.810897827, 72.34375, 128.057495117], [1220.68615723, 32.3747787476, -204.023788452, 495.295898438, 23.4684944153, -4.13605928421, 38.9359779358, 6.87254667282, 18.7371788025, -9.05077934265, -36.9205741882, 8.2705078125, -4.74633932114], [-1173.64355469, -87.5325698853, 429.062316895, 23.4684944153, 295.724487305, 71.8832473755, -33.2481651306, 25.233745575, -22.6348628998, -3.5395834446, 53.4050369263, 35.5207366943, 54.899684906], [-226.095199585, -266.983184814, 100.421607971, -4.13605928421, 71.8832473755, 363.426086426, 114.018432617, 30.362165451, 10.3651952744, 11.1096448898, 2.24932599068, -7.41166639328, 32.1988716125], [543.622802734, -14.2675971985, -281.316436768, 38.9359779358, -33.2481651306, 114.018432617, 231.457138062, 35.4388046265, 31.4339447021, 24.2326869965, -53.7572631836, 12.1806221008, -18.4337387085], [-27.6445426941, -114.936309814, -4.31100273132, 6.87254667282, 25.233745575, 30.362165451, 35.4388046265, 158.057571411, 44.3353347778, -10.6977796555, 2.69510197639, -3.24305558205, 22.0422000885], [218.311355591, -6.21866035461, -123.227500916, 18.7371788025, -22.6348628998, 10.3651952744, 31.4339447021, 44.3353347778, 121.404266357, 36.999584198, -15.1492242813, -8.41455936432, -5.61674690247], [62.3390312195, 5.21080112457, -65.3872756958, -9.05077934265, -3.5395834446, 11.1096448898, 24.2326869965, -10.6977796555, 36.999584198, 111.176872253, 26.2364768982, -6.08989286423, -9.26850414276], [-687.433410645, -71.1013183594, 247.810897827, -36.9205741882, 53.4050369263, 2.24932599068, -53.7572631836, 2.69510197639, -15.1492242813, 26.2364768982, 147.640335083, 33.0403709412, 19.0855884552], [-336.145355225, -78.4651031494, 72.34375, 8.2705078125, 35.5207366943, -7.41166639328, 12.1806221008, -3.24305558205, -8.41455936432, -6.08989286423, 33.0403709412, 117.044334412, 35.598613739], [-387.166290283, -56.8116874695, 128.057495117, -4.74633932114, 54.899684906, 32.1988716125, -18.4337387085, 22.0422000885, -5.61674690247, -9.26850414276, 19.0855884552, 35.598613739, 101.158470154]]
        icov: [[0.000231416677707, -4.4545136916e-005, 0.000336253404384, -0.000448175502243, 0.000415911636082, -0.000106560350105, 0.000104770406324, -0.000100845943962, 0.00015617068857, -5.75512531213e-005, 0.000230795558309, 0.000209576013731, 0.000149362153024], [-4.4545136916e-005, 0.000862026237883, 0.000125725622638, 0.000131028093165, -0.000409012136515, 0.000739459006581, -0.000347393477568, 0.00072822754737, -0.000134209636599, 0.000224175819312, -0.000151792206452, 0.000722517899703, -0.000287288450636], [0.000336253404384, 0.000125725622638, 0.00175584468525, -0.000245535717113, -0.00078370218398, -0.000405819067964, 0.00111191323958, 8.87367204996e-005, 0.000515339896083, 0.000644765503239, -0.000835819868371, 0.000397678260924, -3.3484728192e-005], [-0.000448175502243, 0.000131028093165, -0.000245535717113, 0.00312218326144, -0.00162782717962, 0.000303815759253, -0.00025799224386, 0.000368181383237, -0.000591303047258, 0.00059533060994, -0.000358411693014, -0.000555146310944, -0.000240216628299], [0.000415911636082, -0.000409012136515, -0.00078370218398, -0.00162782717962, 0.0066703162156, -0.00106540869456, 0.000217768261791, -0.00135440693703, 0.00088134908583, -0.00126806402113, 0.000911474344321, -0.000690028595272, -0.000664665945806], [-0.000106560350105, 0.000739459006581, -0.000405819067964, 0.000303815759253, -0.00106540869456, 0.00469803158194, -0.00323365232907, 0.000946712505538, -0.000464031094452, 0.000369572691852, -0.000616932229605, 0.00210854155011, -0.00179481471423], [0.000104770406324, -0.000347393477568, 0.00111191323958, -0.00025799224386, 0.000217768261791, -0.00323365232907, 0.00839523784816, -0.00221778918058, 0.000650362577289, -0.00186169985682, 0.00227549602278, -0.00318958726712, 0.0022690417245], [-0.000100845943962, 0.00072822754737, 8.87367204996e-005, 0.000368181383237, -0.00135440693703, 0.000946712505538, -0.00221778918058, 0.00905890204012, -0.00389860384166, 0.00295813591219, -0.00177592621185, 0.00217278930359, -0.00239138351753], [0.00015617068857, -0.000134209636599, 0.000515339896083, -0.000591303047258, 0.00088134908583, -0.000464031094452, 0.000650362577289, -0.00389860384166, 0.0115963630378, -0.00449730874971, 0.00165950425435, -0.000426318176324, 0.000548365642317], [-5.75512531213e-005, 0.000224175819312, 0.000644765503239, 0.00059533060994, -0.00126806402113, 0.000369572691852, -0.00186169985682, 0.00295813591219, -0.00449730874971, 0.0127000678331, -0.00448831217363, 0.00189419987146, -0.000201776041649], [0.000230795558309, -0.000151792206452, -0.000835819868371, -0.000358411693014, 0.000911474344321, -0.000616932229605, 0.00227549602278, -0.00177592621185, 0.00165950425435, -0.00448831217363, 0.0111534316093, -0.00306488852948, 0.000997817493044], [0.000209576013731, 0.000722517899703, 0.000397678260924, -0.000555146310944, -0.000690028595272, 0.00210854155011, -0.00318958726712, 0.00217278930359, -0.000426318176324, 0.00189419987146, -0.00306488852948, 0.0124022653326, -0.00430925982073], [0.000149362153024, -0.000287288450636, -3.3484728192e-005, -0.000240216628299, -0.000664665945806, -0.00179481471423, 0.0022690417245, -0.00239138351753, 0.000548365642317, -0.000201776041649, 0.000997817493044, -0.00430925982073, 0.0135336499661]]
    sccoeffs:
        dmean: [0.0444648712873, 0.0399312749505, 0.0353912524879, 0.0299790091813, 0.0229547079653, 0.0204125083983]
        dmean2: [0.0731874555349, 0.065308727324, 0.0548517368734, 0.0469590499997, 0.0360249653459, 0.0306192394346]
        dvar: [0.00141903641634, 0.00123462290503, 0.00118620926514, 0.00072448636638, 0.00047531913151, 0.00038803278585]
        dvar2: [0.00359934242442, 0.00313195050694, 0.00246741203591, 0.0016421721084, 0.00101003411692, 0.000797643966507]
        max: [-0.270674109459, -0.38951125741, -0.353896856308, -0.464546084404, -0.539250135422, -0.569551944733]
        mean: [-0.586611270905, -0.696669459343, -0.720655441284, -0.758310675621, -0.776103913784, -0.786510527134]
        median: [-0.586017847061, -0.696220397949, -0.738037228584, -0.765395820141, -0.780502080917, -0.784383177757]
        min: [-0.979040622711, -0.996554136276, -0.999020278454, -0.988204181194, -0.9888895154, -0.965901911259]
        var: [0.0111702317372, 0.0071399002336, 0.0152419218794, 0.00681291148067, 0.00426061777398, 0.00420024245977]
    scvalleys:
        dmean: [0.406913489103, 0.316217839718, 0.290574133396, 0.254337012768, 0.257361471653, 0.382867217064]
        dmean2: [0.68285125494, 0.518404960632, 0.474238365889, 0.405537337065, 0.376568704844, 0.481210678816]
        dvar: [0.12368195504, 0.0870345234871, 0.0802578553557, 0.0674224570394, 0.0973771139979, 0.207377001643]
        dvar2: [0.326295763254, 0.198898538947, 0.174728780985, 0.131016001105, 0.170579627156, 0.304887682199]
        max: [-6.3809428215, -5.33289813995, -5.63959980011, -6.19695901871, -5.92941713333, -7.59449148178]
        mean: [-9.02463722229, -8.19316101074, -9.07208251953, -9.18093681335, -9.33869552612, -11.8370771408]
        median: [-8.48492336273, -7.59319400787, -8.508228302, -8.72368431091, -8.66896820068, -11.2109251022]
        min: [-27.9897155762, -27.9574050903, -27.6196804047, -27.7556591034, -27.5058307648, -27.4258041382]
        var: [6.52967977524, 7.05598449707, 6.808822155, 6.85094451904, 8.31886768341, 7.68171977997]

rhythm:
    beats_loudness:
        dmean: 0.00312303821556
        dmean2: 0.00576522760093
        dvar: 1.35101445267e-005
        dvar2: 4.55643530586e-005
        max: 0.0192591771483
        mean: 0.00431413715705
        median: 0.00180120626464
        min: 0
        var: 2.44891180046e-005
    bpm: 87.042098999
    bpm_confidence: 0
    first_peak_bpm: 86
    first_peak_spread: 0.511494278908
    first_peak_weight: 0.349794238806
    onset_rate: 2.77711462975
    second_peak_bpm: 140
    second_peak_spread: 0.384615391493
    second_peak_weight: 0.0329218097031
    beats_loudness_band_ratio:
        dmean: [0.127482175827, 0.206830948591, 0.124889463186, 0.174018248916, 0.0851726904511, 0.101796112955]
        dmean2: [0.217739596963, 0.357953131199, 0.218349173665, 0.31526863575, 0.148432925344, 0.182972043753]
        dvar: [0.0148148564622, 0.0277050826699, 0.0202225130051, 0.0388746783137, 0.00868645310402, 0.0134994760156]
        dvar2: [0.0373990871012, 0.0727052986622, 0.0550341829658, 0.112611986697, 0.0231199953705, 0.0380979292095]
        max: [0.724558889866, 0.949108421803, 0.828740894794, 0.81140011549, 0.445574700832, 0.623014628887]
        mean: [0.166400790215, 0.376947283745, 0.145021498203, 0.157856732607, 0.119497843087, 0.122775711119]
        median: [0.105732470751, 0.353282213211, 0.0712471455336, 0.0586756467819, 0.0923036932945, 0.0671820864081]
        min: [0, 0, 0, 0, 0, 0]
        var: [0.027227750048, 0.0704544633627, 0.0301954820752, 0.0411689504981, 0.0131526859477, 0.0199255142361]
    beats_position: [0.66176867485, 1.30031740665, 1.93886613846, 2.57741498947, 3.11147379875, 3.64553284645, 4.19120168686, 4.73687076569, 5.27092981339, 5.80498838425, 6.30421733856, 6.81505680084, 7.31428575516, 7.72063493729, 8.12698364258, 8.52172279358, 8.92807197571, 9.33442115784, 9.75238037109, 10.1819496155, 10.5999088287, 11.0062580109, 11.412607193, 11.8189563751, 12.2485256195, 12.6664848328, 13.084444046, 13.572063446, 14.0480718613, 14.5240812302, 15.0117006302, 15.4993190765, 15.9753284454, 16.4397277832, 16.904127121, 17.3685264587, 17.8213157654, 18.3553733826, 18.8894329071, 19.574420929, 20.2594108582, 20.94439888, 21.6061668396, 22.2795467377, 22.9761447906, 23.6727428436, 24.369342804, 25.0659408569, 25.774148941, 26.470746994, 27.1673469543, 27.8639450073, 28.537322998, 29.2223129272, 29.9073009491, 30.5922889709, 31.2772789001, 31.962266922, 32.6472549438, 33.3438529968, 34.0404510498, 34.7486610413, 35.4452590942, 36.1302490234, 36.8152389526, 37.5002250671, 38.1619949341, 38.8469848633, 39.5435829163, 40.2401809692, 40.91355896, 41.6101570129, 42.2951469421, 42.9801368713, 43.6767349243, 44.3617210388, 45.046710968, 45.7317008972, 46.4166870117, 47.1132888794, 47.8098869324, 48.4948730469, 49.1798629761, 49.8764610291, 50.573059082, 51.2812690735, 51.9662590027, 52.6512451172, 53.3362350464, 54.0096130371, 54.6829910278, 55.3795890808, 56.0761909485, 56.7727890015, 57.457775116, 58.1543769836, 58.8625831604, 59.5475730896, 60.2325630188, 60.9291610718, 61.6257591248, 62.310749054, 62.9957351685, 63.6807250977, 64.3657150269, 65.0623092651, 65.7589111328, 66.4555053711, 67.1404953003, 67.837097168, 68.5220870972, 69.1954650879, 69.8804550171, 70.5654373169, 71.2620391846, 71.9586410522, 72.6436233521, 73.3286132813, 74.0252151489, 74.7218093872, 75.4067993164, 76.1034011841, 76.7999954224, 77.49659729, 78.1931991577, 78.8781814575, 79.5747833252, 80.2481613159, 80.9331512451, 81.6065292358, 82.291519165, 82.9881134033, 83.684715271, 84.3813171387, 85.077911377, 85.7629013062, 86.4595031738, 87.1444854736, 87.8294754028, 88.5260772705, 89.2110671997, 89.8844451904, 90.5578231812, 91.2544174194, 91.9394073486, 92.6243972778, 93.3209991455, 94.0175933838, 94.737411499, 95.4340133667, 96.130607605, 96.8272094727, 97.5005874634, 98.1739654541, 98.8473434448, 99.5207214355, 100.217323303, 100.902313232, 101.587303162, 102.2838974, 102.980499268, 103.677093506, 104.362083435, 105.058685303, 105.755279541, 106.451881409, 107.148475647, 107.856689453, 108.553283691, 109.238273621, 109.92326355, 110.608253479, 111.304847717, 111.978225708, 112.63999939, 113.336593628, 114.033195496, 114.729797363, 115.403175354, 116.088157654, 116.773147583, 117.469749451, 118.166343689, 118.851333618, 119.536323547, 120.221313477, 120.906303406, 121.602897644, 122.299499512, 122.99609375, 123.681083679, 124.377685547, 125.062675476, 125.759269714, 126.444259644, 127.129249573, 127.82585144, 128.499221802, 129.172607422, 129.86920166, 130.565795898, 131.262405396, 131.947387695, 132.632385254, 133.305755615, 133.990753174, 134.675735474, 135.372329712, 136.068939209, 136.765533447, 137.462127686, 138.158721924, 138.855331421, 139.551925659, 140.236907959, 140.921905518, 141.479187012, 142.048065186, 142.60534668, 143.11618042, 143.627029419, 144.137863159, 144.602264404, 145.055053711, 145.507843018, 145.937408447, 146.366973877, 146.796554565, 147.237731934, 147.667297363, 148.096862793, 148.526443481, 148.897949219, 149.269470215, 149.640991211, 150.012512207, 150.372421265, 150.732330322, 151.09223938, 151.452148438, 151.823669434, 152.19519043, 152.566711426, 152.938232422]
    bpm_estimates: [87.5927734375, 87.5925292969, 87.5927734375, 90.6662216187, 89.1027526855, 86.1328887939, 86.1328887939, 86.1326522827, 86.1328887939, 84.7208633423, 86.1328887939, 86.1326522827, 86.1328887939, 89.1030044556, 87.5925292969, 87.5927734375, 87.5927734375, 87.5925292969, 87.5927734375, 87.5927734375, 86.1328887939, 86.1328887939, 84.7206344604, 86.1328887939, 87.5925292969, 87.5925292969, 87.5930175781, 90.6659622192, 87.5925292969, 86.1328887939, 86.1328887939, 89.1030044556, 86.1328887939, 87.5925292969, 87.5925292969, 86.1328887939, 87.5930175781, 87.5925292969, 87.5925292969, 87.5930175781, 86.1324157715, 86.1328887939, 87.5930175781, 87.5925292969, 86.1328887939, 86.1328887939, 84.7206344604, 87.5925292969, 87.5930175781, 87.5925292969, 89.1030044556, 89.1030044556, 86.1328887939, 86.1324157715, 86.1328887939, 87.5930175781, 86.1324157715, 84.7210922241, 87.5925292969, 87.5925292969, 86.1328887939, 86.1328887939, 87.5925292969, 87.5930175781, 87.5925292969, 87.5925292969, 86.133354187, 86.1324157715, 86.133354187, 87.5925292969, 86.1324157715, 87.5925292969, 89.1030044556, 87.5925292969, 87.5935058594, 86.1324157715, 86.1324157715, 87.5935058594, 87.5925292969, 86.1324157715, 86.133354187, 87.5925292969, 86.1324157715, 86.133354187, 86.1324157715, 86.1324157715, 87.5935058594, 86.1324157715, 89.1030044556, 87.5925292969, 89.1030044556, 87.5925292969, 86.133354187, 86.1324157715, 86.1324157715, 86.133354187, 87.5925292969, 86.1324157715, 87.5935058594, 87.5925292969, 86.1324157715, 87.5925292969, 89.1030044556, 89.1030044556, 86.133354187, 87.5925292969, 87.5925292969, 86.1324157715, 86.133354187, 83.3543930054, 86.1324157715, 86.133354187, 86.1324157715, 89.1030044556, 89.1030044556, 89.1030044556, 89.1030044556, 86.1324157715, 87.5925292969, 87.5925292969, 86.133354187, 86.1324157715, 86.133354187, 87.5925292969, 86.1324157715, 86.133354187, 86.1324157715, 86.133354187, 84.7201766968, 86.133354187, 87.5925292969, 87.5925292969, 87.5925292969, 86.133354187, 89.1030044556, 90.665435791, 86.133354187, 86.1324157715, 86.1324157715, 89.1030044556, 87.5935058594, 87.5925292969, 86.1324157715, 86.133354187, 87.5925292969, 87.5925292969, 87.5925292969, 87.5925292969, 86.133354187, 86.1324157715, 86.133354187, 87.5925292969, 86.1324157715, 87.5925292969, 86.133354187, 87.5925292969, 87.5925292969, 86.1324157715, 89.1040115356, 89.1019897461, 86.133354187, 86.133354187, 86.1314697266, 87.5935058594, 87.5915527344, 89.1040115356, 87.5915527344, 87.5935058594, 86.133354187, 86.1314697266, 86.133354187, 86.133354187, 86.133354187, 86.1314697266, 86.133354187, 87.5935058594, 87.5915527344]
