
metadata:
    version:
        essentia: "2.1-beta2"
    audio_properties:
        analysis_sample_rate: 44100
        bitrate: 128
        channels: 2
        equal_loudness: 1
        length: 834.690612793
        replay_gain: -13.8933181763
        downmix: "mix"
    tags:
        album: ""
        artist: ""
        comment: ""
        date: "2012"
        genre: "Blues"
        title: ""
        tracknumber: "1"

configuration:
    average_loudness:
        compute: 1
        frameSize: 88200
        hopSize: 44100
        silentFrames: "noise"
        windowType: "hann"
    general:
        analysisSampleRate: 44100
        endTime: 2000
        equalLoudness: 1
        nequalLoudness: 0
        shortSound: 0
        startTime: 0
    lowlevel:
        compute: 1
        frameSize: 2048
        hopSize: 1024
        zeroPadding: 0
        silentFrames: "noise"
        windowType: "blackmanharris62"
        mfccStats: ["mean", "cov", "icov"]
        stats: ["mean", "var", "median", "min", "max", "dmean", "dmean2", "dvar", "dvar2"]
    panning:
        compute: 0
        frameSize: 8192
        hopSize: 2048
        zeroPadding: 8192
        silentFrames: "noise"
        windowType: "hann"
        stats: ["copy"]
    rhythm:
        compute: 1
        maxTempo: 208
        minTempo: 40
        method: "degara"
        stats: ["mean", "var", "median", "min", "max", "dmean", "dmean2", "dvar", "dvar2"]
    segmentation:
        compute: 0
        cpw: 5
        inc1: 300
        inc2: 50
        minimumSegmentsLength: 10
        size1: 1000
        size2: 600
    sfx:
        compute: 1
        stats: ["mean", "var", "median", "min", "max", "dmean", "dmean2", "dvar", "dvar2"]
    svm:
        compute: 0
    tonal:
        compute: 1
        frameSize: 4096
        hopSize: 2048
        zeroPadding: 0
        silentFrames: "noise"
        windowType: "blackmanharris62"
        stats: ["mean", "var", "median", "min", "max", "dmean", "dmean2", "dvar", "dvar2"]

lowlevel:
    average_loudness: 0.558624565601
    barkbands_kurtosis:
        dmean: 0.886391103268
        dmean2: 1.42008948326
        dvar: 3.14818525314
        dvar2: 7.84823989868
        max: 69.3402633667
        mean: 0.473831683397
        median: -0.594027876854
        min: -1.86561131477
        var: 13.0549058914
    barkbands_skewness:
        dmean: 0.322141975164
        dmean2: 0.503541767597
        dvar: 0.0921810418367
        dvar2: 0.22201487422
        max: 6.8803229332
        mean: 0.514270305634
        median: 0.415405422449
        min: -2.89537787437
        var: 0.883842110634
    barkbands_spread:
        dmean: 4.19746208191
        dmean2: 6.67736768723
        dvar: 17.2427577972
        dvar2: 41.6198158264
        max: 78.0956726074
        mean: 25.16938591
        median: 24.9391002655
        min: 0.374990433455
        var: 115.142913818
    dissonance:
        dmean: 0.0211862958968
        dmean2: 0.0361244380474
        dvar: 0.000475362612633
        dvar2: 0.00134866742883
        max: 0.5
        mean: 0.457947582006
        median: 0.467971235514
        min: 0.229139223695
        var: 0.00120377307758
    hfc:
        dmean: 1.33564436436
        dmean2: 2.11009454727
        dvar: 5.73772192001
        dvar2: 14.1902284622
        max: 72.4802398682
        mean: 5.75813770294
        median: 2.61827301979
        min: 1.07871095053e-016
        var: 46.5722579956
    pitch:
        dmean: 421.100463867
        dmean2: 809.682617188
        dvar: 961917.6875
        dvar2: 2519006.5
        max: 5595.82177734
        mean: 703.283813477
        median: 284.917236328
        min: 43.1303100586
        var: 1259482.625
    pitch_instantaneous_confidence:
        dmean: 0.0751205906272
        dmean2: 0.11979175359
        dvar: 0.00450085569173
        dvar2: 0.0105957863852
        max: 0.961358845234
        mean: 0.464408457279
        median: 0.432502865791
        min: 0.0926590561867
        var: 0.0331422798336
    pitch_salience:
        dmean: 0.0530679486692
        dmean2: 0.086868070066
        dvar: 0.00206665880978
        dvar2: 0.00544053968042
        max: 0.981525063515
        mean: 0.598148226738
        median: 0.610011935234
        min: 0.127360090613
        var: 0.011904197745
    silence_rate_20dB:
        dmean: 0
        dmean2: 0
        dvar: 0
        dvar2: 0
        max: 1
        mean: 1
        median: 1
        min: 1
        var: 0
    silence_rate_30dB:
        dmean: 0
        dmean2: 0
        dvar: 0
        dvar2: 0
        max: 1
        mean: 1
        median: 1
        min: 1
        var: 0
    silence_rate_60dB:
        dmean: 0.0392233207822
        dmean2: 0.0784488245845
        dvar: 0.0376888774335
        dvar2: 0.0843468233943
        max: 1
        mean: 0.577540397644
        median: 1
        min: 0
        var: 0.244029551744
    spectral_centroid:
        dmean: 177.909667969
        dmean2: 280.136535645
        dvar: 40680.0898438
        dvar2: 94296.4609375
        max: 11679.8574219
        mean: 1295.05249023
        median: 1160.8560791
        min: 86.6848831177
        var: 596994.875
    spectral_complexity:
        dmean: 2.37214875221
        dmean2: 3.81328058243
        dvar: 9.72508811951
        dvar2: 22.0568523407
        max: 59
        mean: 12.4146146774
        median: 8
        min: 0
        var: 125.949523926
    spectral_crest:
        dmean: 1.89661216736
        dmean2: 3.1105825901
        dvar: 3.30863046646
        dvar2: 8.54250049591
        max: 24.9119129181
        mean: 7.58245801926
        median: 6.55635118484
        min: 2.16774201393
        var: 13.0205335617
    spectral_decrease:
        dmean: 1.47987178067e-010
        dmean2: 2.35254760117e-010
        dvar: 4.16881386515e-020
        dvar2: 1.03063990138e-019
        max: 1.86949140996e-028
        mean: -7.80773889986e-010
        median: -5.78822378916e-010
        min: -5.72571456914e-009
        var: 4.32024362269e-019
    spectral_energy:
        dmean: 0.000656061107293
        dmean2: 0.00104050093796
        dvar: 8.91694583061e-007
        dvar2: 2.19204184759e-006
        max: 0.0280036330223
        mean: 0.00346911069937
        median: 0.00244136806577
        min: 1.00252141511e-020
        var: 9.38181892707e-006
    spectral_energyband_high:
        dmean: 0.000118934396596
        dmean2: 0.000194885840756
        dvar: 6.36724948322e-008
        dvar2: 1.6400782954e-007
        max: 0.00622748583555
        mean: 0.000303336797515
        median: 5.63946850889e-005
        min: 6.94645760465e-021
        var: 2.26033506578e-007
    spectral_energyband_low:
        dmean: 0.000159180926858
        dmean2: 0.000265221315203
        dvar: 6.64379697923e-008
        dvar2: 1.79211880891e-007
        max: 0.00439804419875
        mean: 0.000328248483129
        median: 0.000220224421355
        min: 1.09386719002e-023
        var: 1.40737967058e-007
    spectral_energyband_middle_high:
        dmean: 0.000413988076616
        dmean2: 0.000647516106255
        dvar: 4.03487177891e-007
        dvar2: 9.71064537225e-007
        max: 0.0197700392455
        mean: 0.00173732277472
        median: 0.000922106846701
        min: 1.12412976868e-021
        var: 3.75627269023e-006
    spectral_energyband_middle_low:
        dmean: 0.000374873721739
        dmean2: 0.000600930419751
        dvar: 2.51111401894e-007
        dvar2: 6.43494843189e-007
        max: 0.00881179329008
        mean: 0.00121701159514
        median: 0.000986184924841
        min: 1.28301183284e-022
        var: 9.60195393418e-007
    spectral_flatness_db:
        dmean: 0.0141658270732
        dmean2: 0.0218773353845
        dvar: 0.000184868680662
        dvar2: 0.000413765781559
        max: 0.547087728977
        mean: 0.161786079407
        median: 0.153604403138
        min: 0.0502274110913
        var: 0.00250010075979
    spectral_flux:
        dmean: 0.00476006790996
        dmean2: 0.00749698467553
        dvar: 2.97318110825e-005
        dvar2: 6.69053260935e-005
        max: 0.118538893759
        mean: 0.0295482818037
        median: 0.0255070757121
        min: 6.42010680729e-011
        var: 0.000381274905521
    spectral_kurtosis:
        dmean: 2.25334811211
        dmean2: 3.83659982681
        dvar: 15.1472826004
        dvar2: 42.9861907959
        max: 214.21043396
        mean: 7.306245327
        median: 5.10727596283
        min: -1.49641239643
        var: 81.548500061
    spectral_rms:
        dmean: 0.000159482675372
        dmean2: 0.000249493459705
        dvar: 3.2084560786e-008
        dvar2: 7.55472413516e-008
        max: 0.00522691290826
        mean: 0.00163470604457
        median: 0.00154331536032
        min: 3.12741043999e-012
        var: 7.12221947197e-007
    spectral_rolloff:
        dmean: 345.165344238
        dmean2: 578.663391113
        dvar: 220075.59375
        dvar2: 499662.59375
        max: 19552.1484375
        mean: 2436.17089844
        median: 2368.65234375
        min: 107.666015625
        var: 2124786.5
    spectral_skewness:
        dmean: 0.232674241066
        dmean2: 0.387151420116
        dvar: 0.0708562508225
        dvar2: 0.197014674544
        max: 12.2317657471
        mean: 1.87324643135
        median: 1.75652563572
        min: -0.15812972188
        var: 0.676654815674
    spectral_spread:
        dmean: 407420.03125
        dmean2: 584933.8125
        dvar: 368468492288
        dvar2: 637693657088
        max: 42783412
        mean: 4013634.25
        median: 3720761.75
        min: 459778.4375
        var: 5.27276598886e+012
    spectral_strongpeak:
        dmean: 0.373283326626
        dmean2: 0.638756275177
        dvar: 0.437133610249
        dvar2: 1.14870023727
        max: 13.291434288
        mean: 0.624239087105
        median: 0.281376779079
        min: 0
        var: 0.728638231754
    zerocrossingrate:
        dmean: 0.00643803738058
        dmean2: 0.00782673526555
        dvar: 4.23962555942e-005
        dvar2: 5.74707482883e-005
        max: 0.52880859375
        mean: 0.0761366933584
        median: 0.0712890625
        min: 0.00439453125
        var: 0.00139121944085
    barkbands:
        dmean: [6.85380484811e-007, 7.08556253812e-005, 9.12557516131e-005, 8.9357192337e-005, 0.00016350010992, 0.000100548058981, 8.19374326966e-005, 0.000103830003354, 0.000110454457172, 0.000104387399915, 8.67518901941e-005, 9.59838944254e-005, 6.67336280458e-005, 4.74943153677e-005, 5.56636550755e-005, 6.0716036387e-005, 8.40476641315e-005, 9.43683626247e-005, 0.000136336748255, 0.000114135007607, 5.79153420404e-005, 1.5455767425e-005, 2.98757095152e-006, 1.63630670613e-006, 7.74102204559e-007, 2.31551116059e-008, 1.69686278917e-010]
        dmean2: [1.15178204396e-006, 0.000120569988212, 0.000154049950652, 0.000149387677084, 0.000269717187621, 0.00016341850278, 0.000134592351969, 0.000165742181707, 0.000177652895218, 0.000168319253135, 0.000138504954521, 0.000158699171152, 0.000108698761323, 7.71211198298e-005, 9.09303780645e-005, 9.90004846244e-005, 0.000136828180985, 0.000155073925271, 0.000224417177378, 0.000185922981473, 9.76142182481e-005, 2.57057963609e-005, 4.8119618441e-006, 2.53250118476e-006, 1.15789919164e-006, 3.46576030097e-008, 3.03986225081e-010]
        dvar: [2.22332070289e-012, 1.77399304135e-008, 2.57393573122e-008, 2.61429438098e-008, 7.76608359843e-008, 3.04386276184e-008, 2.82078449487e-008, 4.01410282791e-008, 4.01744912892e-008, 4.37266152176e-008, 3.90285102014e-008, 4.45240111446e-008, 1.80130967919e-008, 1.02935615587e-008, 1.58521427096e-008, 1.93151272754e-008, 3.98436696969e-008, 3.80676183909e-008, 7.24310140754e-008, 5.11029298877e-008, 1.82670039095e-008, 1.50583956415e-009, 6.70348360154e-011, 2.8721438422e-011, 6.83845861882e-012, 8.79818543324e-015, 1.24893958587e-019]
        dvar2: [5.86542706765e-012, 4.8283350651e-008, 7.11657293095e-008, 6.91490029681e-008, 2.03027937573e-007, 8.03538142691e-008, 7.12736039077e-008, 9.97173614792e-008, 1.00035393302e-007, 1.10204553039e-007, 9.56996757395e-008, 1.17598716542e-007, 4.62830520576e-008, 2.58924153229e-008, 3.95540631359e-008, 4.88102926965e-008, 9.79062235729e-008, 9.7968225532e-008, 1.89363717595e-007, 1.31475687226e-007, 4.92441714073e-008, 3.94528454351e-009, 1.68084809959e-010, 6.12438641467e-011, 1.43614321824e-011, 2.023752124e-014, 3.66516078002e-019]
        max: [1.75408495124e-005, 0.00175851641688, 0.00276118400507, 0.00363452057354, 0.00506382714957, 0.00605288520455, 0.0055168652907, 0.00533993309364, 0.00475026993081, 0.00511793605983, 0.00428407685831, 0.00536206550896, 0.00347074656747, 0.00279262778349, 0.00349908182397, 0.00428577745333, 0.00704084150493, 0.00865168403834, 0.0112482011318, 0.00498602120206, 0.00294983340427, 0.00122990156524, 0.000456303736428, 0.000177237059688, 0.000122008801554, 6.68023903927e-006, 2.60422847731e-008]
        mean: [8.53978747273e-007, 0.000104504499177, 0.000146101985592, 0.000139934883919, 0.00029762959457, 0.000199169880943, 0.00014282821212, 0.000174238288309, 0.000197453409783, 0.000182994219358, 0.000154100067448, 0.000175484936335, 0.000126127095427, 8.45332178869e-005, 9.93525463855e-005, 0.000117713330837, 0.000166285783052, 0.000196343113203, 0.000329726375639, 0.000275862519629, 0.000116921444715, 3.03362685372e-005, 5.66462176721e-006, 3.34469655172e-006, 1.5435248315e-006, 4.00610069562e-008, 1.76259479234e-010]
        median: [2.59510755996e-007, 5.64555120945e-005, 7.71956620156e-005, 6.9849556894e-005, 0.000183340423973, 0.000114741196739, 5.8136844018e-005, 7.35615831218e-005, 8.67507333169e-005, 7.05985657987e-005, 4.31905136793e-005, 5.75296944589e-005, 4.59713301098e-005, 2.82324690488e-005, 3.54038202204e-005, 3.01443287754e-005, 4.47755810455e-005, 6.38873170828e-005, 7.39108363632e-005, 5.61165943509e-005, 1.64041630342e-005, 3.00578517454e-006, 6.61596175178e-007, 4.34207038325e-007, 1.97945055902e-007, 4.33441638137e-009, 5.62460772402e-011]
        min: [3.39868962057e-025, 3.04902786249e-024, 2.46384413768e-024, 2.76850951624e-024, 9.07918001848e-024, 8.10685609911e-024, 3.0621227563e-024, 3.10653128653e-024, 1.3919890857e-023, 1.55065709719e-023, 9.55159094929e-024, 2.77343362545e-023, 3.23960024889e-023, 3.84039608321e-023, 4.91706594773e-023, 5.12873310582e-023, 7.57210985288e-023, 7.84599036849e-023, 1.38135880635e-022, 1.81342032228e-022, 2.36791507018e-022, 3.09354340959e-022, 4.06353965286e-022, 5.88185747607e-022, 8.83330444366e-022, 1.28855049468e-021, 1.92789224378e-021]
        var: [2.34438119959e-012, 2.20137401641e-008, 4.10113045746e-008, 4.79131685438e-008, 1.34655039119e-007, 6.9492188004e-008, 6.92224304544e-008, 8.84724329353e-008, 9.58666248607e-008, 9.58878061397e-008, 9.59761834451e-008, 1.24764838461e-007, 4.97026491075e-008, 2.37200445952e-008, 3.4250934533e-008, 5.28083816675e-008, 1.08598214865e-007, 1.02932325774e-007, 2.64606484279e-007, 1.88912139265e-007, 4.09991578465e-008, 3.23151905235e-009, 1.48233633701e-010, 6.55812140704e-011, 1.55304085564e-011, 1.61871807869e-014, 1.28622785391e-019]
    frequency_bands:
        dmean: [6.85380484811e-007, 7.08556253812e-005, 9.12557516131e-005, 8.9357192337e-005, 0.00016350010992, 0.000100548058981, 8.19374326966e-005, 0.000103830003354, 0.000110454457172, 0.000104387399915, 8.67518901941e-005, 9.59838944254e-005, 6.67336280458e-005, 4.74943153677e-005, 5.56636550755e-005, 6.0716036387e-005, 8.40476641315e-005, 9.43683626247e-005, 0.000136336748255, 0.000114135007607, 5.79153420404e-005, 1.5455767425e-005, 2.98757095152e-006, 1.63630670613e-006, 7.74102204559e-007, 2.31551116059e-008, 1.69686278917e-010, 4.02894002882e-011]
        dmean2: [1.15178204396e-006, 0.000120569988212, 0.000154049950652, 0.000149387677084, 0.000269717187621, 0.00016341850278, 0.000134592351969, 0.000165742181707, 0.000177652895218, 0.000168319253135, 0.000138504954521, 0.000158699171152, 0.000108698761323, 7.71211198298e-005, 9.09303780645e-005, 9.90004846244e-005, 0.000136828180985, 0.000155073925271, 0.000224417177378, 0.000185922981473, 9.76142182481e-005, 2.57057963609e-005, 4.8119618441e-006, 2.53250118476e-006, 1.15789919164e-006, 3.46576030097e-008, 3.03986225081e-010, 7.45870379348e-011]
        dvar: [2.22332070289e-012, 1.77399304135e-008, 2.57393573122e-008, 2.61429438098e-008, 7.76608359843e-008, 3.04386276184e-008, 2.82078449487e-008, 4.01410282791e-008, 4.01744912892e-008, 4.37266152176e-008, 3.90285102014e-008, 4.45240111446e-008, 1.80130967919e-008, 1.02935615587e-008, 1.58521427096e-008, 1.93151272754e-008, 3.98436696969e-008, 3.80676183909e-008, 7.24310140754e-008, 5.11029298877e-008, 1.82670039095e-008, 1.50583956415e-009, 6.70348360154e-011, 2.8721438422e-011, 6.83845861882e-012, 8.79818543324e-015, 1.24893958587e-019, 5.15152495082e-021]
        dvar2: [5.86542706765e-012, 4.8283350651e-008, 7.11657293095e-008, 6.91490029681e-008, 2.03027937573e-007, 8.03538142691e-008, 7.12736039077e-008, 9.97173614792e-008, 1.00035393302e-007, 1.10204553039e-007, 9.56996757395e-008, 1.17598716542e-007, 4.62830520576e-008, 2.58924153229e-008, 3.95540631359e-008, 4.88102926965e-008, 9.79062235729e-008, 9.7968225532e-008, 1.89363717595e-007, 1.31475687226e-007, 4.92441714073e-008, 3.94528454351e-009, 1.68084809959e-010, 6.12438641467e-011, 1.43614321824e-011, 2.023752124e-014, 3.66516078002e-019, 1.65158435394e-020]
        max: [1.75408495124e-005, 0.00175851641688, 0.00276118400507, 0.00363452057354, 0.00506382714957, 0.00605288520455, 0.0055168652907, 0.00533993309364, 0.00475026993081, 0.00511793605983, 0.00428407685831, 0.00536206550896, 0.00347074656747, 0.00279262778349, 0.00349908182397, 0.00428577745333, 0.00704084150493, 0.00865168403834, 0.0112482011318, 0.00498602120206, 0.00294983340427, 0.00122990156524, 0.000456303736428, 0.000177237059688, 0.000122008801554, 6.68023903927e-006, 2.60422847731e-008, 1.13192633044e-009]
        mean: [8.53978747273e-007, 0.000104504499177, 0.000146101985592, 0.000139934883919, 0.00029762959457, 0.000199169880943, 0.00014282821212, 0.000174238288309, 0.000197453409783, 0.000182994219358, 0.000154100067448, 0.000175484936335, 0.000126127095427, 8.45332178869e-005, 9.93525463855e-005, 0.000117713330837, 0.000166285783052, 0.000196343113203, 0.000329726375639, 0.000275862519629, 0.000116921444715, 3.03362685372e-005, 5.66462176721e-006, 3.34469655172e-006, 1.5435248315e-006, 4.00610069562e-008, 1.76259479234e-010, 3.15122719585e-011]
        median: [2.59510755996e-007, 5.64555120945e-005, 7.71956620156e-005, 6.9849556894e-005, 0.000183340423973, 0.000114741196739, 5.8136844018e-005, 7.35615831218e-005, 8.67507333169e-005, 7.05985657987e-005, 4.31905136793e-005, 5.75296944589e-005, 4.59713301098e-005, 2.82324690488e-005, 3.54038202204e-005, 3.01443287754e-005, 4.47755810455e-005, 6.38873170828e-005, 7.39108363632e-005, 5.61165943509e-005, 1.64041630342e-005, 3.00578517454e-006, 6.61596175178e-007, 4.34207038325e-007, 1.97945055902e-007, 4.33441638137e-009, 5.62460772402e-011, 7.84993250957e-012]
        min: [3.39868962057e-025, 3.04902786249e-024, 2.46384413768e-024, 2.76850951624e-024, 9.07918001848e-024, 8.10685609911e-024, 3.0621227563e-024, 3.10653128653e-024, 1.3919890857e-023, 1.55065709719e-023, 9.55159094929e-024, 2.77343362545e-023, 3.23960024889e-023, 3.84039608321e-023, 4.91706594773e-023, 5.12873310582e-023, 7.57210985288e-023, 7.84599036849e-023, 1.38135880635e-022, 1.81342032228e-022, 2.36791507018e-022, 3.09354340959e-022, 4.06353965286e-022, 5.88185747607e-022, 8.83330444366e-022, 1.28855049468e-021, 1.92789224378e-021, 4.17084997952e-022]
        var: [2.34438119959e-012, 2.20137401641e-008, 4.10113045746e-008, 4.79131685438e-008, 1.34655039119e-007, 6.9492188004e-008, 6.92224304544e-008, 8.84724329353e-008, 9.58666248607e-008, 9.58878061397e-008, 9.59761834451e-008, 1.24764838461e-007, 4.97026491075e-008, 2.37200445952e-008, 3.4250934533e-008, 5.28083816675e-008, 1.08598214865e-007, 1.02932325774e-007, 2.64606484279e-007, 1.88912139265e-007, 4.09991578465e-008, 3.23151905235e-009, 1.48233633701e-010, 6.55812140704e-011, 1.55304085564e-011, 1.61871807869e-014, 1.28622785391e-019, 4.05893204884e-021]
    mfcc:
        mean: [-757.772277832, 132.38293457, -41.3992271423, 37.5949478149, -11.6452312469, -8.64127540588, 9.4367723465, -4.84527683258, -2.81655693054, -1.64899742603, -3.90442585945, -3.19641518593, -4.65627670288]
        cov: [[9990.97363281, -1418.4942627, -1237.75048828, 1007.12695313, -792.020141602, 314.832641602, 159.374282837, 119.271499634, 212.16557312, -74.6832046509, -29.8272743225, 132.361526489, 142.21862793], [-1418.4942627, 1150.55725098, -30.974401474, -106.498207092, 163.236083984, -134.565231323, 29.0617351532, -73.8514938354, -58.624080658, 13.9417419434, 1.66923093796, -17.7225475311, -28.0405578613], [-1237.75048828, -30.974401474, 565.28729248, -145.046127319, 119.476104736, 58.7269248962, -42.4948577881, 26.7813663483, -34.4449577332, -5.83970355988, 5.10248374939, -19.8897953033, -21.3250808716], [1007.12695313, -106.498207092, -145.046127319, 296.810821533, -42.4682617188, 26.6026668549, 9.69328594208, 1.24393892288, 49.4127807617, -13.4964637756, -10.1783809662, 32.4566383362, 29.7650642395], [-792.020141602, 163.236083984, 119.476104736, -42.4682617188, 214.36491394, -8.6355342865, -21.1244449615, -12.3052883148, 3.52215576172, 9.31618309021, -6.96791505814, -0.626841545105, -17.2035179138], [314.832641602, -134.565231323, 58.7269248962, 26.6026668549, -8.6355342865, 182.218475342, 32.1519088745, 31.5912952423, 8.53991889954, -11.9295740128, 18.0929946899, -11.995434761, -4.446144104], [159.374282837, 29.0617351532, -42.4948577881, 9.69328594208, -21.1244449615, 32.1519088745, 148.67250061, 14.4220838547, -3.23966479301, 10.910405159, -3.38672232628, 3.01848912239, 1.46403646469], [119.271499634, -73.8514938354, 26.7813663483, 1.24393892288, -12.3052883148, 31.5912952423, 14.4220838547, 94.8996353149, 28.5990161896, -2.07008004189, 9.93850803375, -2.73817753792, 5.79816532135], [212.16557312, -58.624080658, -34.4449577332, 49.4127807617, 3.52215576172, 8.53991889954, -3.23966479301, 28.5990161896, 95.21925354, 16.691619873, -5.57991600037, 13.9092464447, 5.45427322388], [-74.6832046509, 13.9417419434, -5.83970355988, -13.4964637756, 9.31618309021, -11.9295740128, 10.910405159, -2.07008004189, 16.691619873, 76.320640564, 20.6751861572, -5.32585287094, -5.76475286484], [-29.8272743225, 1.66923093796, 5.10248374939, -10.1783809662, -6.96791505814, 18.0929946899, -3.38672232628, 9.93850803375, -5.57991600037, 20.6751861572, 79.237159729, 16.011051178, -4.85240459442], [132.361526489, -17.7225475311, -19.8897953033, 32.4566383362, -0.626841545105, -11.995434761, 3.01848912239, -2.73817753792, 13.9092464447, -5.32585287094, 16.011051178, 90.3243026733, 33.4077568054], [142.21862793, -28.0405578613, -21.3250808716, 29.7650642395, -17.2035179138, -4.446144104, 1.46403646469, 5.79816532135, 5.45427322388, -5.76475286484, -4.85240459442, 33.4077568054, 78.6679000854]]
        icov: [[0.000313328433549, 0.000187761761481, 0.000453386601293, -0.000626669148915, 0.000627561763395, -0.000440308213001, 1.47262280734e-005, -0.000193142448552, 3.43470310327e-005, -4.27912127634e-005, 0.000255009159446, -0.000248739350354, 0.000102650235931], [0.000187761761481, 0.00132328330074, 0.000505309551954, -0.000139429786941, -0.000658647040837, 0.000564557034522, -0.000584899506066, 0.000400251679821, 0.000380596058676, 0.000253628240898, -0.000355323398253, 0.000246224750299, 5.69377116335e-005], [0.000453386601293, 0.000505309551954, 0.00327419815585, 0.00016576302005, -0.000525387353264, -0.00161339039914, 0.000792044796981, -0.0011957786046, 0.00109129282646, -0.000160256939125, 0.000729758408852, -0.000587344518863, 0.000259654712863], [-0.000626669148915, -0.000139429786941, 0.00016576302005, 0.00589037034661, -0.00117344327737, -6.37022603769e-005, -1.86329873486e-006, 0.0011271283729, -0.00204002275132, 0.00099890131969, -0.000109994049126, -0.000381810852559, -0.00107380736154], [0.000627561763395, -0.000658647040837, -0.000525387353264, -0.00117344327737, 0.00780745781958, -0.00129623769317, 0.000857839011587, 0.000202099923627, -0.00116260710638, -0.00100150995422, 0.00169902818743, -0.00154710002244, 0.00130454590544], [-0.000440308213001, 0.000564557034522, -0.00161339039914, -6.37022603769e-005, -0.00129623769317, 0.00830342620611, -0.00235594902188, -0.000381292687962, -0.000852223718539, 0.00236708740704, -0.00334484502673, 0.00252358452417, -0.000203699164558], [1.47262280734e-005, -0.000584899506066, 0.000792044796981, -1.86329873486e-006, 0.000857839011587, -0.00235594902188, 0.00818225089461, -0.00195333571173, 0.0017407835694, -0.00260202027857, 0.0023425782565, -0.0016438398743, 0.000557656458113], [-0.000193142448552, 0.000400251679821, -0.0011957786046, 0.0011271283729, 0.000202099923627, -0.000381292687962, -0.00195333571173, 0.0141021050513, -0.0054943934083, 0.00253235618584, -0.00325799151324, 0.0024116197601, -0.00189774984028], [3.43470310327e-005, 0.000380596058676, 0.00109129282646, -0.00204002275132, -0.00116260710638, -0.000852223718539, 0.0017407835694, -0.0054943934083, 0.0154610518366, -0.00520799215883, 0.00370247848332, -0.00318822031841, 0.00134012813214], [-4.27912127634e-005, 0.000253628240898, -0.000160256939125, 0.00099890131969, -0.00100150995422, 0.00236708740704, -0.00260202027857, 0.00253235618584, -0.00520799215883, 0.017205728218, -0.00653281249106, 0.00342792551965, -0.00071385508636], [0.000255009159446, -0.000355323398253, 0.000729758408852, -0.000109994049126, 0.00169902818743, -0.00334484502673, 0.0023425782565, -0.00325799151324, 0.00370247848332, -0.00653281249106, 0.0174351893365, -0.00597411068156, 0.00290784193203], [-0.000248739350354, 0.000246224750299, -0.000587344518863, -0.000381810852559, -0.00154710002244, 0.00252358452417, -0.0016438398743, 0.0024116197601, -0.00318822031841, 0.00342792551965, -0.00597411068156, 0.0161241330206, -0.00656381994486], [0.000102650235931, 5.69377116335e-005, 0.000259654712863, -0.00107380736154, 0.00130454590544, -0.000203699164558, 0.000557656458113, -0.00189774984028, 0.00134012813214, -0.00071385508636, 0.00290784193203, -0.00656381994486, 0.0162479095161]]
    sccoeffs:
        dmean: [0.0445226021111, 0.0430020689964, 0.0369021445513, 0.0294014122337, 0.0211279131472, 0.0162750519812]
        dmean2: [0.0750714763999, 0.0716825425625, 0.0609262995422, 0.0485385395586, 0.0344650000334, 0.0263565145433]
        dvar: [0.00132372695953, 0.00115773489233, 0.00085270171985, 0.000533799116965, 0.000298819097225, 0.000212092141737]
        dvar2: [0.0037473347038, 0.00319620617665, 0.00228385650553, 0.00141430960502, 0.000743911252357, 0.000529344310053]
        max: [-0.373886972666, -0.459040850401, -0.50718152523, -0.482093185186, -0.538312554359, -0.599173724651]
        mean: [-0.693021118641, -0.747056603432, -0.759293377399, -0.770241498947, -0.782924473286, -0.776670455933]
        median: [-0.69763481617, -0.751713931561, -0.764897704124, -0.777175486088, -0.788043260574, -0.778215527534]
        min: [-0.981609582901, -0.979705512524, -0.987645924091, -0.974348723888, -0.977804780006, -0.966017961502]
        var: [0.00406373664737, 0.00410577608272, 0.00385857000947, 0.00311044487171, 0.00186132162344, 0.00185418326873]
    scvalleys:
        dmean: [0.330238997936, 0.31634926796, 0.266692191362, 0.237313568592, 0.205774232745, 0.243933588266]
        dmean2: [0.555992484093, 0.534652888775, 0.444977194071, 0.386421084404, 0.320333272219, 0.348710745573]
        dvar: [0.0761369392276, 0.0661212280393, 0.0487731583416, 0.0431058816612, 0.0511063821614, 0.111038267612]
        dvar2: [0.202852636576, 0.175559848547, 0.12321960181, 0.0990540087223, 0.103194788098, 0.200521320105]
        max: [-5.07167816162, -4.77606582642, -5.09143686295, -5.298371315, -5.38554096222, -7.19717121124]
        mean: [-6.97341537476, -6.84881925583, -7.21821403503, -7.82350254059, -8.00619792938, -10.6956186295]
        median: [-6.68053627014, -6.66453170776, -7.02036428452, -7.6878528595, -7.84506654739, -10.5234422684]
        min: [-28.4196395874, -28.1139774323, -27.7824573517, -27.6459999084, -27.4717884064, -27.4006500244]
        var: [1.90954899788, 1.91737747192, 2.16549992561, 2.37838125229, 3.04780745506, 3.04538488388]

rhythm:
    beats_loudness:
        dmean: 0.00141633837484
        dmean2: 0.00252727326006
        dvar: 2.61456671069e-006
        dvar2: 7.59009844842e-006
        max: 0.0232250187546
        mean: 0.00418488308787
        median: 0.00345249613747
        min: 0
        var: 1.14668318929e-005
    bpm: 144.485046387
    bpm_confidence: 0
    first_peak_bpm: 144
    first_peak_spread: 0.389363080263
    first_peak_weight: 0.486910998821
    onset_rate: 2.0798125267
    second_peak_bpm: 108
    second_peak_spread: 0.37109375
    second_peak_weight: 0.0842931941152
    beats_loudness_band_ratio:
        dmean: [0.100170083344, 0.112449847162, 0.103613227606, 0.10333057493, 0.0749949589372, 0.0577700845897]
        dmean2: [0.171108335257, 0.197138145566, 0.180667474866, 0.180094301701, 0.126262024045, 0.10051587224]
        dvar: [0.0110959224403, 0.0105695324019, 0.00982949323952, 0.0108427852392, 0.00631751585752, 0.0042036655359]
        dvar2: [0.0298121254891, 0.0301704611629, 0.0288971103728, 0.0329087115824, 0.0174770038575, 0.0122136129066]
        max: [0.996804594994, 0.884805083275, 0.885643303394, 0.767605066299, 0.696948409081, 0.660277783871]
        mean: [0.186101838946, 0.188486769795, 0.197144344449, 0.184241995215, 0.163121193647, 0.143761530519]
        median: [0.138432845473, 0.144775733352, 0.151851117611, 0.149118632078, 0.149569526315, 0.09812618047]
        min: [0, 0, 0, 0, 0, 0]
        var: [0.0257976520807, 0.0219727773219, 0.0215649269521, 0.0171926710755, 0.0116544859484, 0.0154781267047]
