
metadata:
    version:
        essentia: "2.1-beta2"
    audio_properties:
        analysis_sample_rate: 44100
        bitrate: 128
        channels: 2
        equal_loudness: 1
        length: 254.589385986
        replay_gain: -13.1999855042
        downmix: "mix"
    tags:
        album: ""
        artist: ""
        comment: ""
        date: "2012"
        genre: "Blues"
        title: ""
        tracknumber: "1"

configuration:
    average_loudness:
        compute: 1
        frameSize: 88200
        hopSize: 44100
        silentFrames: "noise"
        windowType: "hann"
    general:
        analysisSampleRate: 44100
        endTime: 2000
        equalLoudness: 1
        nequalLoudness: 0
        shortSound: 0
        startTime: 0
    lowlevel:
        compute: 1
        frameSize: 2048
        hopSize: 1024
        zeroPadding: 0
        silentFrames: "noise"
        windowType: "blackmanharris62"
        mfccStats: ["mean", "cov", "icov"]
        stats: ["mean", "var", "median", "min", "max", "dmean", "dmean2", "dvar", "dvar2"]
    panning:
        compute: 0
        frameSize: 8192
        hopSize: 2048
        zeroPadding: 8192
        silentFrames: "noise"
        windowType: "hann"
        stats: ["copy"]
    rhythm:
        compute: 1
        maxTempo: 208
        minTempo: 40
        method: "degara"
        stats: ["mean", "var", "median", "min", "max", "dmean", "dmean2", "dvar", "dvar2"]
    segmentation:
        compute: 0
        cpw: 5
        inc1: 300
        inc2: 50
        minimumSegmentsLength: 10
        size1: 1000
        size2: 600
    sfx:
        compute: 1
        stats: ["mean", "var", "median", "min", "max", "dmean", "dmean2", "dvar", "dvar2"]
    svm:
        compute: 0
    tonal:
        compute: 1
        frameSize: 4096
        hopSize: 2048
        zeroPadding: 0
        silentFrames: "noise"
        windowType: "blackmanharris62"
        stats: ["mean", "var", "median", "min", "max", "dmean", "dmean2", "dvar", "dvar2"]

lowlevel:
    average_loudness: 0.92954158783
    barkbands_kurtosis:
        dmean: 0.507113158703
        dmean2: 0.81065171957
        dvar: 0.454743295908
        dvar2: 1.03518283367
        max: 17.6746559143
        mean: -0.697675406933
        median: -0.926734805107
        min: -1.86629211903
        var: 0.925861060619
    barkbands_skewness:
        dmean: 0.31998565793
        dmean2: 0.491524070501
        dvar: 0.0947802886367
        dvar2: 0.200756847858
        max: 3.97094321251
        mean: -0.159641638398
        median: -0.27112609148
        min: -3.14068675041
        var: 0.471037656069
    barkbands_spread:
        dmean: 5.60867881775
        dmean2: 8.88931560516
        dvar: 27.6752853394
        dvar2: 65.1752548218
        max: 94.7144393921
        mean: 33.2592926025
        median: 32.6559715271
        min: 5.20705604553
        var: 84.7175140381
    dissonance:
        dmean: 0.013667085208
        dmean2: 0.0233801659197
        dvar: 0.000200143054826
        dvar2: 0.000560477958061
        max: 0.500000178814
        mean: 0.479578793049
        median: 0.48492962122
        min: 0.331514656544
        var: 0.000325117754983
    hfc:
        dmean: 2.70042586327
        dmean2: 4.25675773621
        dvar: 12.8882293701
        dvar2: 33.7262077332
        max: 50.3911590576
        mean: 10.1302719116
        median: 10.5685691833
        min: 1.12689475061e-016
        var: 45.4065704346
    pitch:
        dmean: 746.811828613
        dmean2: 1424.10925293
        dvar: 1555652.75
        dvar2: 3740908
        max: 5099.99804688
        mean: 1442.69238281
        median: 434.798187256
        min: 65.5587539673
        var: 2449765.5
    pitch_instantaneous_confidence:
        dmean: 0.0844806730747
        dmean2: 0.13454669714
        dvar: 0.00584868201986
        dvar2: 0.0130641357973
        max: 0.9603266716
        mean: 0.393491059542
        median: 0.343804657459
        min: 0.111929178238
        var: 0.0327116250992
    pitch_salience:
        dmean: 0.0519893802702
        dmean2: 0.0850704312325
        dvar: 0.0020299970638
        dvar2: 0.00519288890064
        max: 0.9133669734
        mean: 0.666971683502
        median: 0.679861068726
        min: 0.250250309706
        var: 0.00650334311649
    silence_rate_20dB:
        dmean: 0
        dmean2: 0
        dvar: 0
        dvar2: 0
        max: 1
        mean: 1
        median: 1
        min: 1
        var: 0
    silence_rate_30dB:
        dmean: 0
        dmean2: 0
        dvar: 0
        dvar2: 0
        max: 1
        mean: 1
        median: 1
        min: 1
        var: 0
    silence_rate_60dB:
        dmean: 0.0450524389744
        dmean2: 0.0901130959392
        dvar: 0.0430305302143
        dvar2: 0.0907456502318
        max: 1
        mean: 0.257979214191
        median: 0
        min: 0
        var: 0.191402688622
    spectral_centroid:
        dmean: 261.181793213
        dmean2: 404.631835938
        dvar: 71767.4609375
        dvar2: 155726.21875
        max: 11123.0742188
        mean: 1857.53039551
        median: 1929.69848633
        min: 170.650863647
        var: 318860.4375
    spectral_complexity:
        dmean: 3.95221161842
        dmean2: 6.11583375931
        dvar: 18.9502925873
        dvar2: 40.8602638245
        max: 54
        mean: 18.9240379333
        median: 19
        min: 0
        var: 140.849868774
    spectral_crest:
        dmean: 1.64614748955
        dmean2: 2.74146747589
        dvar: 2.45401978493
        dvar2: 6.4029083252
        max: 20.3892917633
        mean: 6.1015291214
        median: 5.50776576996
        min: 2.04685020447
        var: 5.50697660446
    spectral_decrease:
        dmean: 2.2855176085e-010
        dmean2: 3.64327235047e-010
        dvar: 8.55802548088e-020
        dvar2: 2.13699965753e-019
        max: 1.25942509886e-029
        mean: -1.09519282532e-009
        median: -1.15372267295e-009
        min: -4.43996395205e-009
        var: 3.78317437951e-019
    spectral_energy:
        dmean: 0.00107244844548
        dmean2: 0.00170482869726
        dvar: 1.9332580905e-006
        dvar2: 4.84119982502e-006
        max: 0.0191812682897
        mean: 0.00505234487355
        median: 0.00536615168676
        min: 1.04566268068e-020
        var: 8.33745616546e-006
    spectral_energyband_high:
        dmean: 0.000269255135208
        dmean2: 0.000440008181613
        dvar: 1.55206123509e-007
        dvar2: 4.09364218967e-007
        max: 0.00504708429798
        mean: 0.000654082046822
        median: 0.000568263232708
        min: 7.51671301089e-021
        var: 3.52864873321e-007
    spectral_energyband_low:
        dmean: 0.000260105938651
        dmean2: 0.000429235078627
        dvar: 1.28948499878e-007
        dvar2: 3.43271864267e-007
        max: 0.00653724884614
        mean: 0.000522192858625
        median: 0.000411984859966
        min: 4.56107921138e-023
        var: 2.1826150487e-007
    spectral_energyband_middle_high:
        dmean: 0.000726630212739
        dmean2: 0.00113970087841
        dvar: 6.75335684264e-007
        dvar2: 1.68177950854e-006
        max: 0.0118739455938
        mean: 0.00292903697118
        median: 0.00300573557615
        min: 1.54581467137e-021
        var: 3.86863803215e-006
    spectral_energyband_middle_low:
        dmean: 0.000408007006627
        dmean2: 0.000668431981467
        dvar: 3.14224109843e-007
        dvar2: 8.24349399409e-007
        max: 0.00804628245533
        mean: 0.0011104332516
        median: 0.000984839396551
        min: 3.06112564401e-022
        var: 6.05707896284e-007
    spectral_flatness_db:
        dmean: 0.0124382786453
        dmean2: 0.0192166734487
        dvar: 0.000134524932946
        dvar2: 0.000290659605525
        max: 0.290789544582
        mean: 0.124355718493
        median: 0.117181524634
        min: 0.0498577915132
        var: 0.00084836629685
    spectral_flux:
        dmean: 0.00734921451658
        dmean2: 0.0113167399541
        dvar: 6.96624047123e-005
        dvar2: 0.000157713759108
        max: 0.10872862488
        mean: 0.0427419543266
        median: 0.0455680191517
        min: 6.70395822189e-011
        var: 0.000348640372977
    spectral_kurtosis:
        dmean: 0.938426613808
        dmean2: 1.52995443344
        dvar: 1.20062208176
        dvar2: 3.16626000404
        max: 29.4381256104
        mean: 3.27111458778
        median: 3.12268042564
        min: -1.3247615099
        var: 3.13187217712
    spectral_rms:
        dmean: 0.000226276752073
        dmean2: 0.000350994523615
        dvar: 6.84122838379e-008
        dvar2: 1.59445633585e-007
        max: 0.00432590255514
        mean: 0.00207765027881
        median: 0.00228807097301
        min: 3.19399237961e-012
        var: 6.12468738836e-007
    spectral_rolloff:
        dmean: 361.74887085
        dmean2: 572.66229248
        dvar: 239754.78125
        dvar2: 480912.84375
        max: 18884.6191406
        mean: 3470.77539063
        median: 3703.7109375
        min: 129.19921875
        var: 803770.125
    spectral_skewness:
        dmean: 0.163235142827
        dmean2: 0.254104524851
        dvar: 0.0303085576743
        dvar2: 0.0680147111416
        max: 3.67890620232
        mean: 1.34558069706
        median: 1.32191300392
        min: -0.00914924964309
        var: 0.118622496724
    spectral_spread:
        dmean: 501209.34375
        dmean2: 722367.625
        dvar: 627671433216
        dvar2: 982846013440
        max: 50323772
        mean: 4971906.5
        median: 4792915
        min: 1618065.125
        var: 2.45920930202e+012
    spectral_strongpeak:
        dmean: 0.548719227314
        dmean2: 0.941837370396
        dvar: 0.646636009216
        dvar2: 1.62781953812
        max: 9.0645980835
        mean: 0.799937665462
        median: 0.308254182339
        min: 0
        var: 1.23268961906
    zerocrossingrate:
        dmean: 0.00833337754011
        dmean2: 0.00957626197487
        dvar: 6.71202506055e-005
        dvar2: 7.13684639777e-005
        max: 0.49755859375
        mean: 0.104780584574
        median: 0.1083984375
        min: 0.01806640625
        var: 0.000622983439825
    barkbands:
        dmean: [1.51850088059e-006, 0.000149931525812, 0.000140229996759, 0.000118295691209, 0.000164678815054, 0.000100912417111, 8.71557203936e-005, 7.74932050263e-005, 0.000108090578578, 0.000176416549948, 0.000191457060282, 0.000116627910757, 7.96403255663e-005, 0.00010444840882, 9.09473819775e-005, 0.000104233942693, 0.000145602825796, 0.000189675425645, 0.00023696423159, 0.000228009739658, 0.000133545981953, 3.90881432395e-005, 7.38678227208e-006, 3.7744043766e-006, 1.75794286861e-006, 5.79257637412e-008, 2.94630403408e-010]
        dmean2: [2.52762401942e-006, 0.000250621582381, 0.000234723978792, 0.000195824308321, 0.000280065316474, 0.000167046979186, 0.000145337238791, 0.000127349005197, 0.000176064568223, 0.000291380827548, 0.000314617238473, 0.000191783517948, 0.000129172098241, 0.000167058242369, 0.000147788960021, 0.000167004822288, 0.000237963700783, 0.000307849724777, 0.000384409038816, 0.000367124506738, 0.000224991468713, 6.59952129354e-005, 1.20275572044e-005, 5.88939019508e-006, 2.77156777884e-006, 9.00529641967e-008, 5.10206932258e-010]
        dvar: [5.41171317828e-012, 6.2811508883e-008, 4.05534947845e-008, 3.3865376281e-008, 1.0115182647e-007, 2.20257998507e-008, 2.41923601152e-008, 1.72822485212e-008, 2.66547690586e-008, 1.2114558956e-007, 9.88159172266e-008, 4.14792680203e-008, 2.30831869175e-008, 3.3264264232e-008, 2.94374000731e-008, 3.27610010231e-008, 6.05887606753e-008, 6.78516514085e-008, 9.14157354259e-008, 9.70813118784e-008, 4.61545539565e-008, 6.24994456189e-009, 1.97935765001e-010, 4.66894821416e-011, 8.03423039902e-012, 1.28417911274e-014, 2.81437346676e-019]
        dvar2: [1.44476930419e-011, 1.63727335689e-007, 1.11651850432e-007, 9.14971209909e-008, 2.77365415968e-007, 5.80019907659e-008, 6.18731093027e-008, 4.35440838942e-008, 6.66917117087e-008, 3.18054247828e-007, 2.58901224015e-007, 1.07461460175e-007, 5.46740714924e-008, 7.79446267529e-008, 7.07997074301e-008, 7.84076590321e-008, 1.5434540046e-007, 1.65417944231e-007, 2.44387024395e-007, 2.40909969307e-007, 1.25318408095e-007, 1.7334452096e-008, 5.13708964256e-010, 1.04904848697e-010, 1.83855639047e-011, 2.69171824044e-014, 7.00133942271e-019]
        max: [2.52900317719e-005, 0.00209418963641, 0.00534180086106, 0.00364473229274, 0.00487984716892, 0.00323264510371, 0.00333184166811, 0.00267472770065, 0.00251511065289, 0.00501517858356, 0.005223645363, 0.0051670493558, 0.00355594954453, 0.00337588484399, 0.00293770991266, 0.00477683683857, 0.00415441859514, 0.00532224914059, 0.00617848150432, 0.00677699083462, 0.00288918032311, 0.00162799214013, 0.000230405741604, 0.000138002302265, 4.34475732618e-005, 2.60921342488e-006, 1.81802803922e-008]
        mean: [2.20296942643e-006, 0.00019951275317, 0.000225635740208, 0.000181387993507, 0.000241484696744, 0.000165690726135, 0.000126299244585, 0.000120017022709, 0.00018179336621, 0.000266351504251, 0.0003253488685, 0.000208899378777, 0.000135751921334, 0.000189368700376, 0.000157789720106, 0.000204420444788, 0.000287249218673, 0.000403351412388, 0.000544238544535, 0.000538781401701, 0.000257727690041, 6.54448886053e-005, 1.20927597891e-005, 7.70128917793e-006, 3.70234738511e-006, 1.11119497603e-007, 3.85677711989e-010]
        median: [1.59632963914e-006, 0.000111268862383, 0.000157724047313, 0.000108812680992, 0.00015781338152, 0.000108583160909, 7.38235539757e-005, 6.59308861941e-005, 0.000113147456432, 0.000115570495836, 0.000142849166878, 0.000115640097647, 7.88270117482e-005, 9.21580503928e-005, 8.27651383588e-005, 0.000131137276185, 0.000171172869159, 0.000303755630739, 0.000455188448541, 0.0004700050049, 0.000201816263143, 4.11094661104e-005, 4.75404567624e-006, 3.99269447371e-006, 2.41043312599e-006, 6.97350301948e-008, 2.22229290525e-010]
        min: [1.55896301366e-023, 2.21151743193e-023, 3.89665890515e-024, 8.31904153881e-024, 1.14574094765e-023, 3.99098016369e-023, 5.0301428476e-023, 3.1918362988e-023, 8.61550272452e-023, 8.43842112178e-023, 3.06638027805e-023, 5.37235417928e-023, 6.4166709648e-023, 7.94756283647e-023, 1.35668424698e-022, 1.2515489045e-022, 1.10008382416e-022, 2.06183565056e-022, 2.70373404105e-022, 2.47563585694e-022, 3.78979608351e-022, 4.47452406758e-022, 6.16868679634e-022, 7.18333458633e-022, 1.09408540157e-021, 1.56451620316e-021, 2.20619893802e-021]
        var: [6.30647313885e-012, 6.92517190259e-008, 6.25425329304e-008, 5.0738325541e-008, 9.79475984764e-008, 3.44410864273e-008, 3.05920231369e-008, 2.90297101913e-008, 4.65644447445e-008, 1.9973967369e-007, 2.28470980801e-007, 9.84422428019e-008, 4.9990809714e-008, 8.95628744502e-008, 6.39898800614e-008, 8.12553722085e-008, 1.64425259186e-007, 1.86471567076e-007, 2.43335790628e-007, 2.60010182274e-007, 7.84414879718e-008, 7.97802091057e-009, 3.56046442329e-010, 1.25726068445e-010, 1.94820982263e-011, 2.62877488332e-014, 3.89148928633e-019]
    frequency_bands:
        dmean: [1.51850088059e-006, 0.000149931525812, 0.000140229996759, 0.000118295691209, 0.000164678815054, 0.000100912417111, 8.71557203936e-005, 7.74932050263e-005, 0.000108090578578, 0.000176416549948, 0.000191457060282, 0.000116627910757, 7.96403255663e-005, 0.00010444840882, 9.09473819775e-005, 0.000104233942693, 0.000145602825796, 0.000189675425645, 0.00023696423159, 0.000228009739658, 0.000133545981953, 3.90881432395e-005, 7.38678227208e-006, 3.7744043766e-006, 1.75794286861e-006, 5.79257637412e-008, 2.94630403408e-010, 5.91093632374e-011]
        dmean2: [2.52762401942e-006, 0.000250621582381, 0.000234723978792, 0.000195824308321, 0.000280065316474, 0.000167046979186, 0.000145337238791, 0.000127349005197, 0.000176064568223, 0.000291380827548, 0.000314617238473, 0.000191783517948, 0.000129172098241, 0.000167058242369, 0.000147788960021, 0.000167004822288, 0.000237963700783, 0.000307849724777, 0.000384409038816, 0.000367124506738, 0.000224991468713, 6.59952129354e-005, 1.20275572044e-005, 5.88939019508e-006, 2.77156777884e-006, 9.00529641967e-008, 5.10206932258e-010, 1.10033523959e-010]
        dvar: [5.41171317828e-012, 6.2811508883e-008, 4.05534947845e-008, 3.3865376281e-008, 1.0115182647e-007, 2.20257998507e-008, 2.41923601152e-008, 1.72822485212e-008, 2.66547690586e-008, 1.2114558956e-007, 9.88159172266e-008, 4.14792680203e-008, 2.30831869175e-008, 3.3264264232e-008, 2.94374000731e-008, 3.27610010231e-008, 6.05887606753e-008, 6.78516514085e-008, 9.14157354259e-008, 9.70813118784e-008, 4.61545539565e-008, 6.24994456189e-009, 1.97935765001e-010, 4.66894821416e-011, 8.03423039902e-012, 1.28417911274e-014, 2.81437346676e-019, 8.47930325128e-021]
        dvar2: [1.44476930419e-011, 1.63727335689e-007, 1.11651850432e-007, 9.14971209909e-008, 2.77365415968e-007, 5.80019907659e-008, 6.18731093027e-008, 4.35440838942e-008, 6.66917117087e-008, 3.18054247828e-007, 2.58901224015e-007, 1.07461460175e-007, 5.46740714924e-008, 7.79446267529e-008, 7.07997074301e-008, 7.84076590321e-008, 1.5434540046e-007, 1.65417944231e-007, 2.44387024395e-007, 2.40909969307e-007, 1.25318408095e-007, 1.7334452096e-008, 5.13708964256e-010, 1.04904848697e-010, 1.83855639047e-011, 2.69171824044e-014, 7.00133942271e-019, 2.72093533863e-020]
        max: [2.52900317719e-005, 0.00209418963641, 0.00534180086106, 0.00364473229274, 0.00487984716892, 0.00323264510371, 0.00333184166811, 0.00267472770065, 0.00251511065289, 0.00501517858356, 0.005223645363, 0.0051670493558, 0.00355594954453, 0.00337588484399, 0.00293770991266, 0.00477683683857, 0.00415441859514, 0.00532224914059, 0.00617848150432, 0.00677699083462, 0.00288918032311, 0.00162799214013, 0.000230405741604, 0.000138002302265, 4.34475732618e-005, 2.60921342488e-006, 1.81802803922e-008, 1.29405042237e-009]
        mean: [2.20296942643e-006, 0.00019951275317, 0.000225635740208, 0.000181387993507, 0.000241484696744, 0.000165690726135, 0.000126299244585, 0.000120017022709, 0.00018179336621, 0.000266351504251, 0.0003253488685, 0.000208899378777, 0.000135751921334, 0.000189368700376, 0.000157789720106, 0.000204420444788, 0.000287249218673, 0.000403351412388, 0.000544238544535, 0.000538781401701, 0.000257727690041, 6.54448886053e-005, 1.20927597891e-005, 7.70128917793e-006, 3.70234738511e-006, 1.11119497603e-007, 3.85677711989e-010, 4.58318973051e-011]
        median: [1.59632963914e-006, 0.000111268862383, 0.000157724047313, 0.000108812680992, 0.00015781338152, 0.000108583160909, 7.38235539757e-005, 6.59308861941e-005, 0.000113147456432, 0.000115570495836, 0.000142849166878, 0.000115640097647, 7.88270117482e-005, 9.21580503928e-005, 8.27651383588e-005, 0.000131137276185, 0.000171172869159, 0.000303755630739, 0.000455188448541, 0.0004700050049, 0.000201816263143, 4.11094661104e-005, 4.75404567624e-006, 3.99269447371e-006, 2.41043312599e-006, 6.97350301948e-008, 2.22229290525e-010, 1.46036689685e-011]
        min: [1.55896301366e-023, 2.21151743193e-023, 3.89665890515e-024, 8.31904153881e-024, 1.14574094765e-023, 3.99098016369e-023, 5.0301428476e-023, 3.1918362988e-023, 8.61550272452e-023, 8.43842112178e-023, 3.06638027805e-023, 5.37235417928e-023, 6.4166709648e-023, 7.94756283647e-023, 1.35668424698e-022, 1.2515489045e-022, 1.10008382416e-022, 2.06183565056e-022, 2.70373404105e-022, 2.47563585694e-022, 3.78979608351e-022, 4.47452406758e-022, 6.16868679634e-022, 7.18333458633e-022, 1.09408540157e-021, 1.56451620316e-021, 2.20619893802e-021, 7.80952757662e-022]
        var: [6.30647313885e-012, 6.92517190259e-008, 6.25425329304e-008, 5.0738325541e-008, 9.79475984764e-008, 3.44410864273e-008, 3.05920231369e-008, 2.90297101913e-008, 4.65644447445e-008, 1.9973967369e-007, 2.28470980801e-007, 9.84422428019e-008, 4.9990809714e-008, 8.95628744502e-008, 6.39898800614e-008, 8.12553722085e-008, 1.64425259186e-007, 1.86471567076e-007, 2.43335790628e-007, 2.60010182274e-007, 7.84414879718e-008, 7.97802091057e-009, 3.56046442329e-010, 1.25726068445e-010, 1.94820982263e-011, 2.62877488332e-014, 3.89148928633e-019, 6.51220959349e-021]
    mfcc:
        mean: [-701.014038086, 100.259086609, -47.0014533997, 44.1187782288, -15.3663215637, -3.25680446625, 14.2639875412, -1.31836974621, 1.69207525253, -3.7265162468, -4.58656167984, -2.08792734146, -3.52019476891]
        cov: [[7987.15478516, 105.701766968, -645.067565918, 625.946166992, -59.9048614502, 310.270874023, 213.256835938, 90.9859695435, 236.788742065, 74.0865936279, 44.1659545898, 7.76749897003, 18.8430213928], [105.701766968, 704.174072266, -207.96887207, 129.735824585, -19.1743354797, -43.4509849548, 121.919387817, -40.7692871094, 16.6796894073, -17.9539451599, -13.4674100876, -12.518078804, -21.8688316345], [-645.067565918, -207.96887207, 403.18536377, -131.258758545, 57.7444763184, 26.6276569366, -76.4817123413, 43.6482315063, -49.3754730225, 18.5515327454, 14.8715314865, 4.55754995346, -2.98637080193], [625.946166992, 129.735824585, -131.258758545, 276.001403809, -21.4653453827, 27.2204818726, 45.0380897522, -19.4079551697, 47.814666748, 3.2304983139, -5.26438808441, 20.0688705444, 17.4181423187], [-59.9048614502, -19.1743354797, 57.7444763184, -21.4653453827, 169.284225464, 14.1258163452, 11.7417240143, 23.5345840454, 43.4223022461, 22.2856426239, -1.54884314537, 25.3587608337, 0.648773133755], [310.270874023, -43.4509849548, 26.6276569366, 27.2204818726, 14.1258163452, 164.620834351, 54.5368728638, 47.3348922729, 13.9569339752, 6.51272392273, 24.5317764282, -4.27884960175, 16.1346855164], [213.256835938, 121.919387817, -76.4817123413, 45.0380897522, 11.7417240143, 54.5368728638, 224.310287476, -9.0723991394, 27.879360199, 29.0246143341, 0.908280313015, 15.8967409134, -2.87151956558], [90.9859695435, -40.7692871094, 43.6482315063, -19.4079551697, 23.5345840454, 47.3348922729, -9.0723991394, 108.003669739, 26.0989532471, -10.8064413071, 15.5982761383, -3.23642086983, 10.047785759], [236.788742065, 16.6796894073, -49.3754730225, 47.814666748, 43.4223022461, 13.9569339752, 27.879360199, 26.0989532471, 97.8245010376, 27.2687034607, -1.37636160851, 10.0756101608, 0.213913559914], [74.0865936279, -17.9539451599, 18.5515327454, 3.2304983139, 22.2856426239, 6.51272392273, 29.0246143341, -10.8064413071, 27.2687034607, 75.3407821655, 11.5981788635, 9.26746940613, -4.49326229095], [44.1659545898, -13.4674100876, 14.8715314865, -5.26438808441, -1.54884314537, 24.5317764282, 0.908280313015, 15.5982761383, -1.37636160851, 11.5981788635, 62.293838501, 10.6707372665, 7.29738712311], [7.76749897003, -12.518078804, 4.55754995346, 20.0688705444, 25.3587608337, -4.27884960175, 15.8967409134, -3.23642086983, 10.0756101608, 9.26746940613, 10.6707372665, 61.2953720093, 20.8006515503], [18.8430213928, -21.8688316345, -2.98637080193, 17.4181423187, 0.648773133755, 16.1346855164, -2.87151956558, 10.047785759, 0.213913559914, -4.49326229095, 7.29738712311, 20.8006515503, 62.3558120728]]
        icov: [[0.000188145189895, 8.30205681268e-005, 0.000292796292342, -0.000322948413668, 1.77073816303e-005, -0.000278592633549, 3.22604792018e-005, -0.000209236037335, -2.52873051068e-005, -0.000225512761972, -3.16547339025e-005, 1.86950182979e-005, 0.000164902987308], [8.30205681268e-005, 0.00205406942405, 0.000725170481019, -0.000941960781347, -0.000409695872804, 0.000860893283971, -0.00113701389637, -0.000140271295095, 0.000433614390204, 0.000569416442886, -0.000482496194309, 0.000926699431147, 0.000531776924618], [0.000292796292342, 0.000725170481019, 0.00466628838331, 0.000377841060981, -0.00140745611861, -0.0011781953508, 0.00112342042848, -0.00205670716241, 0.00314862164669, -0.00252413051203, 0.000352286471752, -0.000803126138635, 0.00102042313665], [-0.000322948413668, -0.000941960781347, 0.000377841060981, 0.00595042575151, 0.00116355996579, -0.00133886781987, 0.000476048357086, 0.00183098122943, -0.00266328570433, 0.000623572443146, 0.000855646270793, -0.00214603473432, -0.00114580697846], [1.77073816303e-005, -0.000409695872804, -0.00140745611861, 0.00116355996579, 0.00828637648374, -0.0007582368562, 7.82233692007e-005, -0.000246367038926, -0.00426128087565, -0.000472593528684, 0.00143053045031, -0.00356183224358, 0.000613124691881], [-0.000278592633549, 0.000860893283971, -0.0011781953508, -0.00133886781987, -0.0007582368562, 0.0099370656535, -0.00326985958964, -0.00299958698452, 0.000646689208224, 0.000681543024257, -0.00302966125309, 0.00353417941369, -0.0023043891415], [3.22604792018e-005, -0.00113701389637, 0.00112342042848, 0.000476048357086, 7.82233692007e-005, -0.00326985958964, 0.00669855391607, 0.000553881749511, -0.000161336298333, -0.00260142050683, 0.00135917041916, -0.00263805547729, 0.00111084594391], [-0.000209236037335, -0.000140271295095, -0.00205670716241, 0.00183098122943, -0.000246367038926, -0.00299958698452, 0.000553881749511, 0.0147575503215, -0.00665958877653, 0.00539874332026, -0.00295276823454, 0.00152359169442, -0.00192049401812], [-2.52873051068e-005, 0.000433614390204, 0.00314862164669, -0.00266328570433, -0.00426128087565, 0.000646689208224, -0.000161336298333, -0.00665958877653, 0.0188220832497, -0.00720731681213, 0.00214701425284, -0.00061385409208, 0.00136672414374], [-0.000225512761972, 0.000569416442886, -0.00252413051203, 0.000623572443146, -0.000472593528684, 0.000681543024257, -0.00260142050683, 0.00539874332026, -0.00720731681213, 0.0194176733494, -0.00453644385561, 0.000123751669889, 0.000725153600797], [-3.16547339025e-005, -0.000482496194309, 0.000352286471752, 0.000855646270793, 0.00143053045031, -0.00302966125309, 0.00135917041916, -0.00295276823454, 0.00214701425284, -0.00453644385561, 0.0196282491088, -0.00475625367835, -0.000119076736155], [1.86950182979e-005, 0.000926699431147, -0.000803126138635, -0.00214603473432, -0.00356183224358, 0.00353417941369, -0.00263805547729, 0.00152359169442, -0.00061385409208, 0.000123751669889, -0.00475625367835, 0.023217998445, -0.00754147581756], [0.000164902987308, 0.000531776924618, 0.00102042313665, -0.00114580697846, 0.000613124691881, -0.0023043891415, 0.00111084594391, -0.00192049401812, 0.00136672414374, 0.000725153600797, -0.000119076736155, -0.00754147581756, 0.0200702883303]]
    sccoeffs:
        dmean: [0.0474734902382, 0.0438934154809, 0.0398325659335, 0.0299724694341, 0.023172236979, 0.0200956277549]
        dmean2: [0.0797275155783, 0.0733605250716, 0.0662856176496, 0.0490692481399, 0.0368273444474, 0.031355496496]
        dvar: [0.00147831172217, 0.00119635753799, 0.000985302962363, 0.000603910943028, 0.000438657181803, 0.000333961623255]
        dvar2: [0.00413591694087, 0.0033774364274, 0.00264937896281, 0.00150377198588, 0.000916123972274, 0.000747908372432]
        max: [-0.367603957653, -0.565353393555, -0.526429891586, -0.526226401329, -0.550462722778, -0.574568092823]
        mean: [-0.703030109406, -0.783400833607, -0.771983683109, -0.789823114872, -0.787630438805, -0.761240720749]
        median: [-0.707205533981, -0.786392688751, -0.779469966888, -0.799266219139, -0.799037098885, -0.760744273663]
        min: [-0.969763219357, -0.966735184193, -0.969158172607, -0.968644559383, -0.965162098408, -0.963350355625]
        var: [0.00424214918166, 0.00272606546059, 0.00353709538467, 0.00277131400071, 0.00266364356503, 0.00202553370036]
    scvalleys:
        dmean: [0.335208952427, 0.337571769953, 0.283349841833, 0.26872035861, 0.257590204477, 0.300713539124]
        dmean2: [0.559103727341, 0.560845255852, 0.463546395302, 0.414216637611, 0.368048548698, 0.429561436176]
        dvar: [0.0854301303625, 0.086877733469, 0.0638797059655, 0.0673767253757, 0.0912256017327, 0.145468994975]
        dvar2: [0.214872539043, 0.208237886429, 0.143668830395, 0.123885445297, 0.148551762104, 0.280363738537]
        max: [-4.94511604309, -4.69681882858, -5.14009094238, -5.64206838608, -5.48055505753, -7.56694793701]
        mean: [-6.70826005936, -6.60311985016, -6.67611551285, -7.16270875931, -7.01938438416, -9.56254482269]
        median: [-6.34498357773, -6.41750812531, -6.38547801971, -6.80830860138, -6.59740495682, -9.23467826843]
        min: [-27.2023181915, -27.449098587, -27.4912490845, -27.1179141998, -27.245634079, -27.2838439941]
        var: [1.56293118, 1.17630791664, 1.32891142368, 1.49442529678, 1.62739372253, 1.61970579624]

rhythm:
    beats_loudness:
        dmean: 0.00212468043901
        dmean2: 0.00400786241516
        dvar: 3.3072833503e-006
        dvar2: 1.01175855889e-005
        max: 0.016087885946
        mean: 0.00614237273112
        median: 0.0066499505192
        min: 3.36440958426e-010
        var: 8.56877613842e-006
    bpm: 147.865219116
    bpm_confidence: 0
    first_peak_bpm: 148
    first_peak_spread: 0.261712431908
    first_peak_weight: 0.731199979782
    onset_rate: 3.3190703392
    second_peak_bpm: 140
    second_peak_spread: 0.333333313465
    second_peak_weight: 0.00319999991916
    beats_loudness_band_ratio:
        dmean: [0.0934551656246, 0.0708567202091, 0.0649373307824, 0.0998019352555, 0.0931206941605, 0.0889302417636]
        dmean2: [0.167218968272, 0.128749936819, 0.111106336117, 0.171898841858, 0.160930365324, 0.157985776663]
        dvar: [0.0094161182642, 0.00412569427863, 0.00380413699895, 0.00935410708189, 0.00701711140573, 0.00560011900961]
        dvar2: [0.0304995588958, 0.0112189436331, 0.0102978441864, 0.0256852116436, 0.019974514842, 0.0162703208625]
        max: [0.764446377754, 0.692621529102, 0.534956872463, 0.687286615372, 0.632928609848, 0.582836270332]
        mean: [0.169232875109, 0.110904447734, 0.11229044199, 0.172860771418, 0.22547544539, 0.247732460499]
        median: [0.15551546216, 0.0870841294527, 0.0939777642488, 0.137620747089, 0.201362371445, 0.245380192995]
        min: [0.00552570587024, 0.0032923554536, 0.00307059264742, 0.013835484162, 0.0279781166464, 0.0203892998397]
        var: [0.0112625779584, 0.00685512740165, 0.006108016707, 0.011655994691, 0.0100912172347, 0.00812037754804]
    beats_position: [0.406349211931, 0.824308395386, 1.24226760864, 1.64861679077, 2.06657600403, 2.48453521729, 2.90249419212, 3.32045340538, 3.73841261864, 4.14476203918, 4.55111122131, 4.95746040344, 5.36380958557, 5.7701587677, 6.17650794983, 6.58285713196, 6.98920631409, 7.39555549622, 7.80190467834, 8.20825386047, 8.6146030426, 9.02095222473, 9.42730140686, 9.83365058899, 10.2399997711, 10.6463489532, 11.0526981354, 11.4474372864, 11.8537864685, 12.2601356506, 12.6664848328, 13.0728340149, 13.479183197, 13.8855323792, 14.2802715302, 14.6866207123, 15.0929698944, 15.4993190765, 15.9056682587, 16.3004074097, 16.7067565918, 17.1131057739, 17.5194549561, 17.9258041382, 18.3205432892, 18.7268924713, 19.1332416534, 19.5395908356, 19.9459400177, 20.3522891998, 20.758638382, 21.1649875641, 21.5713367462, 21.9776859283, 22.3840351105, 22.7903842926, 23.1967334747, 23.5914726257, 23.9978218079, 24.40417099, 24.8105201721, 25.2168693542, 25.6232185364, 26.0179595947, 26.4243087769, 26.8422679901, 27.2486171722, 27.6549663544, 28.0613155365, 28.4676647186, 28.8856239319, 29.291973114, 29.6983222961, 30.0930614471, 30.4994106293, 30.9057598114, 31.3004989624, 31.7068481445, 32.1131973267, 32.5195465088, 32.9258956909, 33.332244873, 33.7385940552, 34.1333312988, 34.539680481, 34.9460296631, 35.3523788452, 35.7587280273, 36.1650772095, 36.5714263916, 36.9893875122, 37.3841247559, 37.790473938, 38.1968231201, 38.6031723022, 39.0095214844, 39.4042625427, 39.8106117249, 40.216960907, 40.6233100891, 41.0296592712, 41.4243965149, 41.8423576355, 42.2487068176, 42.6550559998, 43.0614051819, 43.467754364, 43.8741035461, 44.2804527283, 44.6868019104, 45.0931510925, 45.4995002747, 45.9058494568, 46.3121986389, 46.718547821, 47.1132888794, 47.5196380615, 47.9259872437, 48.3323364258, 48.7386856079, 49.14503479, 49.5513839722, 49.9693412781, 50.3756904602, 50.7820396423, 51.1767807007, 51.5831298828, 51.9894790649, 52.3842163086, 52.7905654907, 53.1969146729, 53.603263855, 54.0096130371, 54.4043540955, 54.8107032776, 55.2170524597, 55.6234016418, 56.0181388855, 56.4244880676, 56.8424491882, 57.2487983704, 57.6551475525, 58.0614967346, 58.4678459167, 58.8858032227, 59.2921524048, 59.6985015869, 60.0932426453, 60.4879798889, 60.894329071, 61.3006782532, 61.7070274353, 62.1133766174, 62.5197257996, 62.9260749817, 63.3324241638, 63.7387733459, 64.1335144043, 64.5514755249, 64.957824707, 65.3641738892, 65.7589111328, 66.1768722534, 66.5716094971, 66.9895706177, 67.3843078613, 67.7906570435, 68.1970062256, 68.6033554077, 69.0097045898, 69.4044418335, 69.8107910156, 70.2171401978, 70.6234893799, 71.029838562, 71.4361877441, 71.8425369263, 72.2488861084, 72.6552352905, 73.0615844727, 73.4679336548, 73.8626708984, 74.280632019, 74.6753692627, 75.0933303833, 75.488067627, 75.8944168091, 76.3007659912, 76.7187271118, 77.1134643555, 77.5198135376, 77.9261627197, 78.3209075928, 78.7272567749, 79.133605957, 79.5399551392, 79.9463043213, 80.3526535034, 80.7590026855, 81.1653518677, 81.5717010498, 81.9780502319, 82.3843994141, 82.7907485962, 83.1970977783, 83.6034469604, 84.0097961426, 84.4161453247, 84.8224945068, 85.2172317505, 85.6235809326, 86.0299301147, 86.4362792969, 86.842628479, 87.2373657227, 87.6437149048, 88.0500640869, 88.456413269, 88.8627624512, 89.2691116333, 89.6754608154, 90.0818099976, 90.4881591797, 90.8945083618, 91.3008575439, 91.695602417, 92.1019515991, 92.5083007813, 92.9146499634, 93.3209991455, 93.7389526367, 94.1336975098, 94.5400466919, 94.946395874, 95.3643493652, 95.7590942383, 96.1654434204, 96.5717926025, 96.9781417847, 97.3844909668, 97.7792282104, 98.1855773926, 98.5919265747, 98.9982757568, 99.404624939, 99.8109741211, 100.217323303, 100.623672485, 101.030021667, 101.424758911, 101.842720032, 102.249069214, 102.655418396, 103.061767578, 103.46811676, 103.862854004, 104.280815125, 104.687164307, 105.093513489, 105.499862671, 105.906211853, 106.300949097, 106.718910217, 107.125259399, 107.531608582, 107.937957764, 108.344306946, 108.750656128, 109.15700531, 109.563354492, 109.969703674, 110.364440918, 110.7707901, 111.177139282, 111.583488464, 111.989837646, 112.38457489, 112.790924072, 113.197273254, 113.603622437, 114.009971619, 114.416320801, 114.822669983, 115.229019165, 115.635368347, 116.041717529, 116.448066711, 116.854415894, 117.260765076, 117.667114258, 118.061859131, 118.468208313, 118.862945557, 119.269294739, 119.675643921, 120.093605042, 120.499954224, 120.906303406, 121.312652588, 121.71900177, 122.125350952, 122.531700134, 122.938049316, 123.33278656, 123.739135742, 124.145484924, 124.551834106, 124.958183289, 125.364532471, 125.770881653, 126.177230835, 126.583580017, 126.989929199, 127.384666443, 127.791015625, 128.197372437, 128.603713989, 129.010070801, 129.428024292, 129.834381104, 130.229110718, 130.635467529, 131.030197144, 131.436553955, 131.842895508, 132.249252319, 132.655593872, 133.050338745, 133.456680298, 133.863037109, 134.257781982, 134.664123535, 135.070480347, 135.488433838, 135.894775391, 136.312744141, 136.719085693, 137.113830566, 137.520172119, 137.926528931, 138.332870483, 138.739227295, 139.133972168, 139.540313721, 139.946670532, 140.353012085, 140.759368896, 141.165710449, 141.572067261, 141.978408813, 142.384765625, 142.791107178, 143.197463989, 143.592193604, 144.010162354, 144.416503906, 144.822860718, 145.229202271, 145.635559082, 146.030288696, 146.436645508, 146.842987061, 147.249343872, 147.655685425, 148.062042236, 148.468383789, 148.886352539, 149.292694092, 149.687438965, 150.082168579, 150.488525391, 150.906478882, 151.301223755, 151.707565308, 152.113922119, 152.520263672, 152.926620483, 153.321365356, 153.727706909, 154.134063721, 154.552017212, 154.946762085, 155.364715576, 155.771057129, 156.189025879, 156.583755493, 156.990112305, 157.384857178, 157.779586792, 158.185943604, 158.592285156, 158.998641968, 159.404983521, 159.811340332, 160.217681885, 160.624038696, 161.030380249, 161.436737061, 161.843078613, 162.249435425, 162.655776978, 163.062133789, 163.468475342, 163.874832153, 164.281173706, 164.675918579, 165.082260132, 165.488616943, 165.894958496, 166.301315308, 166.70765686, 167.114013672, 167.520355225, 167.926712036, 168.333053589, 168.7394104, 169.134140015, 169.540496826, 169.946838379, 170.341583252, 170.759536743, 171.165893555, 171.572235107, 171.978591919, 172.384933472, 172.779678345, 173.197631836, 173.592376709, 174.0103302, 174.416687012, 174.823028564, 175.217773438, 175.624130249, 176.030471802, 176.436828613, 176.843170166, 177.249526978, 177.65586853, 178.050613403, 178.456954956, 178.863311768, 179.26965332, 179.676010132, 180.082351685, 180.488708496, 180.895050049, 181.30140686, 181.707748413, 182.114105225, 182.520446777, 182.926803589, 183.333145142, 183.739501953, 184.145843506, 184.552200317, 184.95854187, 185.364898682, 185.771240234, 186.177597046, 186.57232666, 186.978683472, 187.385025024, 187.791381836, 188.197723389, 188.592468262, 188.998809814, 189.405166626, 189.811508179, 190.21786499, 190.624221802, 191.030563354, 191.436920166, 191.843261719, 192.24961853, 192.655960083, 193.050704956, 193.468658447, 193.875015259, 194.281356812, 194.676101685, 195.070831299, 195.465576172, 195.883529663, 196.289886475, 196.696228027, 197.102584839, 197.508926392, 197.926895142, 198.344848633, 198.751205444, 199.157546997, 199.563903809, 199.970245361, 200.388198853, 200.794555664, 201.200897217, 201.607254028, 202.013595581, 202.408340454, 202.803085327, 203.186203003, 203.592559814, 203.998901367, 204.405258179, 204.811599731, 205.229568481, 205.647521973, 206.053878784, 206.460220337, 206.85496521, 207.261306763, 207.667663574, 208.074005127, 208.480361938, 208.886703491, 209.293060303, 209.699401855, 210.105758667, 210.51210022, 210.93006897, 211.301589966, 211.69631958, 212.11428833, 212.520629883, 212.926986694, 213.333328247, 213.739685059, 214.146026611, 214.552383423, 214.958724976, 215.365081787, 215.759811401, 216.166168213, 216.572509766, 216.990478516, 217.396820068, 217.80317688, 218.197906494, 218.592651367, 218.99899292, 219.405349731, 219.811691284, 220.218048096, 220.61277771, 221.03074646, 221.437088013, 221.843444824, 222.238174438, 222.656143188, 223.062484741, 223.468841553, 223.875183105, 224.281539917, 224.676269531, 225.094238281, 225.488967896, 225.895324707, 226.30166626, 226.708023071, 227.114364624, 227.532333374, 227.927078247, 228.321807861, 228.728164673, 229.134506226, 229.540863037, 229.94720459, 230.353561401, 230.759902954, 231.166259766, 231.572601318, 231.97895813, 232.385299683, 232.791656494, 233.197998047, 233.604354858, 234.010696411, 234.417053223, 234.823394775, 235.229751587, 235.63609314, 236.030838013, 236.437179565, 236.831924438, 237.238265991, 237.656234741, 238.074188232, 238.468933105, 238.86366272, 239.270019531, 239.676361084, 240.082717896, 240.489059448, 240.89541626, 241.301757813, 241.708114624, 242.114456177, 242.532424927, 242.950378418, 243.356735229, 243.739852905, 244.134597778, 244.55255127, 244.947296143, 245.353652954, 245.759994507, 246.15473938, 246.561080933, 246.967437744, 247.362167358, 247.76852417, 248.174865723, 248.592834473, 249.010787964, 249.428741455, 249.858322144, 250.287887573, 250.729064941, 251.147018433, 251.564987183, 251.982940674, 252.400909424, 252.818862915, 253.236816406, 253.654785156, 254.072738647]
