
metadata:
    version:
        essentia: "2.1-beta2"
    audio_properties:
        analysis_sample_rate: 44100
        bitrate: 128
        channels: 2
        equal_loudness: 1
        length: 265.769805908
        replay_gain: -14.1970367432
        downmix: "mix"
    tags:
        album: ""
        artist: ""
        comment: ""
        date: "2012"
        genre: "Blues"
        title: ""
        tracknumber: "1"

configuration:
    average_loudness:
        compute: 1
        frameSize: 88200
        hopSize: 44100
        silentFrames: "noise"
        windowType: "hann"
    general:
        analysisSampleRate: 44100
        endTime: 2000
        equalLoudness: 1
        nequalLoudness: 0
        shortSound: 0
        startTime: 0
    lowlevel:
        compute: 1
        frameSize: 2048
        hopSize: 1024
        zeroPadding: 0
        silentFrames: "noise"
        windowType: "blackmanharris62"
        mfccStats: ["mean", "cov", "icov"]
        stats: ["mean", "var", "median", "min", "max", "dmean", "dmean2", "dvar", "dvar2"]
    panning:
        compute: 0
        frameSize: 8192
        hopSize: 2048
        zeroPadding: 8192
        silentFrames: "noise"
        windowType: "hann"
        stats: ["copy"]
    rhythm:
        compute: 1
        maxTempo: 208
        minTempo: 40
        method: "degara"
        stats: ["mean", "var", "median", "min", "max", "dmean", "dmean2", "dvar", "dvar2"]
    segmentation:
        compute: 0
        cpw: 5
        inc1: 300
        inc2: 50
        minimumSegmentsLength: 10
        size1: 1000
        size2: 600
    sfx:
        compute: 1
        stats: ["mean", "var", "median", "min", "max", "dmean", "dmean2", "dvar", "dvar2"]
    svm:
        compute: 0
    tonal:
        compute: 1
        frameSize: 4096
        hopSize: 2048
        zeroPadding: 0
        silentFrames: "noise"
        windowType: "blackmanharris62"
        stats: ["mean", "var", "median", "min", "max", "dmean", "dmean2", "dvar", "dvar2"]

lowlevel:
    average_loudness: 0.325036644936
    barkbands_kurtosis:
        dmean: 1.3475972414
        dmean2: 2.07024908066
        dvar: 12.2535915375
        dvar2: 26.7641201019
        max: 169.571212769
        mean: 2.15176987648
        median: -0.143127381802
        min: -1.87028479576
        var: 49.6161651611
    barkbands_skewness:
        dmean: 0.321404278278
        dmean2: 0.480508595705
        dvar: 0.135600730777
        dvar2: 0.27856618166
        max: 12.173620224
        mean: 0.856095254421
        median: 0.677165865898
        min: -3.32605695724
        var: 1.63608074188
    barkbands_spread:
        dmean: 3.36343050003
        dmean2: 5.15841436386
        dvar: 15.1624994278
        dvar2: 31.508808136
        max: 70.8625717163
        mean: 22.2104568481
        median: 22.8147010803
        min: 0.606575071812
        var: 135.383987427
    dissonance:
        dmean: 0.0235448665917
        dmean2: 0.0398669838905
        dvar: 0.000527132535353
        dvar2: 0.00146493676584
        max: 0.499973058701
        mean: 0.446315169334
        median: 0.455309569836
        min: 0.200049310923
        var: 0.00147128093522
    hfc:
        dmean: 0.785822868347
        dmean2: 1.14023327827
        dvar: 2.09440898895
        dvar2: 4.34110450745
        max: 48.6374359131
        mean: 4.46486711502
        median: 1.97839152813
        min: 1.05063041867e-016
        var: 36.3530197144
    pitch:
        dmean: 169.68661499
        dmean2: 326.66003418
        dvar: 362530.71875
        dvar2: 1030837.9375
        max: 6229.88867188
        mean: 410.093292236
        median: 311.867675781
        min: 61.6302680969
        var: 393485
    pitch_instantaneous_confidence:
        dmean: 0.0690637230873
        dmean2: 0.105985507369
        dvar: 0.0048965937458
        dvar2: 0.01065527834
        max: 0.964451014996
        mean: 0.573664665222
        median: 0.564162373543
        min: 0.0941243767738
        var: 0.0385587587953
    pitch_salience:
        dmean: 0.0505428612232
        dmean2: 0.080264993012
        dvar: 0.00200764578767
        dvar2: 0.00480229174718
        max: 0.885648012161
        mean: 0.572888672352
        median: 0.582829713821
        min: 0.0838716104627
        var: 0.01105780527
    silence_rate_20dB:
        dmean: 0
        dmean2: 0
        dvar: 0
        dvar2: 0
        max: 1
        mean: 1
        median: 1
        min: 1
        var: 0
    silence_rate_30dB:
        dmean: 0
        dmean2: 0
        dvar: 0
        dvar2: 0
        max: 1
        mean: 1
        median: 1
        min: 1
        var: 0
    silence_rate_60dB:
        dmean: 0.0424602478743
        dmean2: 0.0849279165268
        dvar: 0.0406560562551
        dvar2: 0.0916903018951
        max: 1
        mean: 0.705075562
        median: 1
        min: 0
        var: 0.207949757576
    spectral_centroid:
        dmean: 148.253738403
        dmean2: 220.461593628
        dvar: 46998.9921875
        dvar2: 85339.078125
        max: 11820.5234375
        mean: 1295.93518066
        median: 1109.72119141
        min: 163.162521362
        var: 1368093.125
    spectral_complexity:
        dmean: 1.51493966579
        dmean2: 2.48475313187
        dvar: 3.33969426155
        dvar2: 8.28441619873
        max: 46
        mean: 8.88389968872
        median: 7
        min: 0
        var: 60.8162460327
    spectral_crest:
        dmean: 1.75326907635
        dmean2: 2.75511884689
        dvar: 2.77051329613
        dvar2: 6.66006374359
        max: 26.41015625
        mean: 9.12244224548
        median: 7.9565486908
        min: 2.59419035912
        var: 19.8435764313
    spectral_decrease:
        dmean: 9.64901006317e-011
        dmean2: 1.46980302929e-010
        dvar: 1.69767220811e-020
        dvar2: 3.95966544779e-020
        max: 2.56960438001e-028
        mean: -6.24626350643e-010
        median: -4.54825538343e-010
        min: -3.69281960566e-009
        var: 3.65106200346e-019
    spectral_energy:
        dmean: 0.000420243566623
        dmean2: 0.000633540912531
        dvar: 3.48203997191e-007
        dvar2: 7.86262376096e-007
        max: 0.0183491073549
        mean: 0.00276245432906
        median: 0.00191065191757
        min: 1.01096148463e-020
        var: 7.84081839811e-006
    spectral_energyband_high:
        dmean: 8.14480736153e-005
        dmean2: 0.000122172641568
        dvar: 3.24072644275e-008
        dvar2: 7.24329041191e-008
        max: 0.00630179978907
        mean: 0.000265185022727
        median: 6.35867036181e-005
        min: 7.01307391674e-021
        var: 2.13945980931e-007
    spectral_energyband_low:
        dmean: 6.48179047857e-005
        dmean2: 0.000104065227788
        dvar: 1.84890005528e-008
        dvar2: 4.73439207838e-008
        max: 0.0047237505205
        mean: 0.000168326092535
        median: 8.92430907697e-005
        min: 1.60445094227e-023
        var: 5.78296486253e-008
    spectral_energyband_middle_high:
        dmean: 0.000267425581114
        dmean2: 0.000405307073379
        dvar: 2.17831171767e-007
        dvar2: 4.98933388826e-007
        max: 0.0158901661634
        mean: 0.00131808733568
        median: 0.000616343109868
        min: 1.23462239809e-021
        var: 3.17121794069e-006
    spectral_energyband_middle_low:
        dmean: 0.00026436249027
        dmean2: 0.000414326234022
        dvar: 1.24077203623e-007
        dvar2: 3.13802644314e-007
        max: 0.00864969845861
        mean: 0.00106528436299
        median: 0.000835494312923
        min: 1.77323133014e-022
        var: 8.34990430576e-007
    spectral_flatness_db:
        dmean: 0.0137739432976
        dmean2: 0.0213098414242
        dvar: 0.000174856118974
        dvar2: 0.000384118815418
        max: 0.439923703671
        mean: 0.191349342465
        median: 0.178539961576
        min: 0.053372386843
        var: 0.00350403413177
    spectral_flux:
        dmean: 0.00474948761985
        dmean2: 0.00762868113816
        dvar: 3.25522996718e-005
        dvar2: 8.00837515271e-005
        max: 0.120364263654
        mean: 0.022992907092
        median: 0.0186446774751
        min: 6.39788083623e-011
        var: 0.000300973391859
    spectral_kurtosis:
        dmean: 3.32961702347
        dmean2: 5.77487516403
        dvar: 31.2114200592
        dvar2: 97.289352417
        max: 111.322723389
        mean: 9.0815782547
        median: 5.40886640549
        min: -1.5415507555
        var: 111.535820007
    spectral_rms:
        dmean: 0.000119351534522
        dmean2: 0.00017713237321
        dvar: 1.56260284712e-008
        dvar2: 3.28419744733e-008
        max: 0.00423102453351
        mean: 0.00144398887642
        median: 0.00136530236341
        min: 3.14054750088e-012
        var: 6.09971777976e-007
    spectral_rolloff:
        dmean: 318.034698486
        dmean2: 525.302307129
        dvar: 316052.84375
        dvar2: 633909.25
        max: 19832.0800781
        mean: 2427.05664063
        median: 2454.78515625
        min: 215.33203125
        var: 4687039
    spectral_skewness:
        dmean: 0.30397310853
        dmean2: 0.506667554379
        dvar: 0.144482955337
        dvar2: 0.42698803544
        max: 8.94048595428
        mean: 2.00516104698
        median: 1.74571061134
        min: -0.340144634247
        var: 1.00443577766
    spectral_spread:
        dmean: 372874.8125
        dmean2: 537486.1875
        dvar: 579037167616
        dvar2: 904418426880
        max: 42405640
        mean: 4067372
        median: 3561672.5
        min: 850848.625
        var: 1.64347951186e+013
    spectral_strongpeak:
        dmean: 0.368098080158
        dmean2: 0.621366500854
        dvar: 0.562315762043
        dvar2: 1.42980456352
        max: 11.0226678848
        mean: 0.796303093433
        median: 0.346525073051
        min: 0
        var: 1.39946377277
    zerocrossingrate:
        dmean: 0.00646961992607
        dmean2: 0.00757311610505
        dvar: 7.23165067029e-005
        dvar2: 7.83633367973e-005
        max: 0.53271484375
        mean: 0.0743078142405
        median: 0.06884765625
        min: 0.00927734375
        var: 0.00299546238966
    barkbands:
        dmean: [1.53988764851e-007, 2.17438227992e-005, 4.51188461739e-005, 2.91253054456e-005, 8.00457346486e-005, 0.000128754181787, 8.23059890536e-005, 6.13641459495e-005, 6.44842948532e-005, 6.00251842116e-005, 7.06096470822e-005, 7.22184558981e-005, 4.37582020822e-005, 3.81106983696e-005, 3.28251553583e-005, 3.99913915317e-005, 6.46818079986e-005, 7.28149025235e-005, 7.85859156167e-005, 7.98641485744e-005, 4.48279461125e-005, 5.12653969054e-006, 1.11820043003e-006, 6.59602108044e-007, 3.55019011522e-007, 1.3540591759e-008, 1.39888517436e-010]
        dmean2: [2.59489922882e-007, 3.46237902704e-005, 7.2220704169e-005, 4.84310367028e-005, 0.000127858525957, 0.000200950846192, 0.000127744147903, 9.66623993008e-005, 0.000101207893749, 9.31583999773e-005, 0.000112937632366, 0.000113230409625, 6.99640222592e-005, 6.05514978815e-005, 4.99887137266e-005, 6.31157818134e-005, 9.75151124294e-005, 0.000113711248559, 0.000125979131553, 0.000125102305901, 6.95815833751e-005, 8.0231056927e-006, 1.63774211615e-006, 9.49220066104e-007, 5.07402148742e-007, 1.88174897886e-008, 2.48620013465e-010]
        dvar: [2.82442689029e-013, 3.06704306396e-009, 1.04828732361e-008, 2.94938584666e-009, 2.21420268787e-008, 3.86467178259e-008, 2.96548154921e-008, 1.72235541385e-008, 1.77676984237e-008, 2.15851798657e-008, 2.96003861422e-008, 2.4640700147e-008, 1.60354716172e-008, 1.21022134536e-008, 1.1293589175e-008, 1.92920293074e-008, 3.86277285713e-008, 4.39229985716e-008, 3.66784114192e-008, 3.5852416147e-008, 1.30280701782e-008, 1.9856837008e-010, 1.48810321704e-011, 5.01244922305e-012, 1.88108968506e-012, 6.34365166462e-015, 9.81971954556e-020]
        dvar2: [7.77427818302e-013, 8.09612643593e-009, 2.62327102263e-008, 8.28706792078e-009, 5.95036766526e-008, 9.49221430346e-008, 7.02164726363e-008, 4.07462792396e-008, 4.32545412821e-008, 5.07390005566e-008, 7.51394608756e-008, 5.93994045062e-008, 4.21540491402e-008, 3.02106677452e-008, 2.5744657961e-008, 4.83456013001e-008, 8.32817690366e-008, 9.76541372211e-008, 9.10257540454e-008, 8.67003464577e-008, 3.01510709733e-008, 4.52917064964e-010, 3.03481059727e-011, 1.00298597552e-011, 3.48556947194e-012, 1.21939007082e-014, 2.51256989942e-019]
        max: [9.38966149988e-006, 0.00112194870599, 0.00396642740816, 0.0011813006131, 0.00354701234028, 0.00413321424276, 0.00811838544905, 0.00449215248227, 0.00339099974371, 0.00381860788912, 0.0056498683989, 0.00498761562631, 0.00436045369133, 0.00316675193608, 0.00340257771313, 0.00570332119241, 0.00769616803154, 0.00829763989896, 0.00824467744678, 0.00550596741959, 0.00252705416642, 0.000484043644974, 0.000116359457024, 6.39814606984e-005, 4.59881593997e-005, 2.69628799288e-006, 1.12001377062e-008]
        mean: [2.7709660344e-007, 4.71774583275e-005, 9.53856215347e-005, 5.74561345275e-005, 0.000191014056327, 0.000323201937135, 0.000186135788681, 0.000117999843496, 0.000139101073728, 0.000119097931019, 0.000143690544064, 0.000158054914209, 8.24822927825e-005, 7.2083028499e-005, 6.7797889642e-005, 7.30484171072e-005, 0.00016430040705, 0.000176003581146, 0.000209206584259, 0.000219527588342, 0.000102790298115, 1.21971306726e-005, 2.24495806833e-006, 1.42911994772e-006, 7.32011415039e-007, 2.17342961406e-008, 1.40520539649e-010]
        median: [6.82148098008e-008, 1.92294828594e-005, 4.06676263083e-005, 3.04196128127e-005, 0.000109532877104, 0.000178336107638, 7.63734569773e-005, 4.27663726441e-005, 4.64429977001e-005, 2.07006523851e-005, 2.75727998087e-005, 3.1265499274e-005, 1.46711245179e-005, 1.44229143189e-005, 1.35831724037e-005, 1.46714419316e-005, 2.58785603364e-005, 3.17206831824e-005, 3.80527599191e-005, 4.35707224824e-005, 1.7558952095e-005, 7.45704483052e-007, 3.473099639e-007, 1.87677272834e-007, 8.74050769539e-008, 1.28965371715e-009, 3.4898951784e-011]
        min: [4.39651854698e-025, 2.02213015127e-024, 5.28276728918e-025, 1.28429691092e-024, 8.51166559465e-024, 4.55566581119e-024, 5.53023640642e-024, 2.39958392277e-024, 1.00867194775e-023, 1.68966101512e-023, 1.40140319397e-023, 2.52773011698e-023, 2.88717316849e-023, 2.56813115492e-023, 4.47779348582e-023, 5.25407111297e-023, 7.040454837e-023, 9.45381763543e-023, 1.0812966915e-022, 1.64448254087e-022, 2.35942137326e-022, 2.35109832273e-022, 3.94411570436e-022, 5.83529171103e-022, 8.7634949236e-022, 1.379528851e-021, 1.90066434991e-021]
        var: [3.79723081321e-013, 5.44811973313e-009, 2.77949379068e-008, 7.12873138298e-009, 6.41377724264e-008, 1.48430842728e-007, 1.4252982794e-007, 4.73203414231e-008, 5.81394523635e-008, 6.73615261348e-008, 9.38565634101e-008, 9.68918101307e-008, 4.40068284036e-008, 3.28019069684e-008, 3.8479033293e-008, 3.63860586106e-008, 2.09049289879e-007, 2.18997129764e-007, 1.6954925286e-007, 1.70769695274e-007, 4.20091765818e-008, 6.22680074169e-010, 3.49889318907e-011, 1.26242419296e-011, 4.86326950933e-012, 1.43528292956e-014, 1.65196343531e-019]
    frequency_bands:
        dmean: [1.53988764851e-007, 2.17438227992e-005, 4.51188461739e-005, 2.91253054456e-005, 8.00457346486e-005, 0.000128754181787, 8.23059890536e-005, 6.13641459495e-005, 6.44842948532e-005, 6.00251842116e-005, 7.06096470822e-005, 7.22184558981e-005, 4.37582020822e-005, 3.81106983696e-005, 3.28251553583e-005, 3.99913915317e-005, 6.46818079986e-005, 7.28149025235e-005, 7.85859156167e-005, 7.98641485744e-005, 4.48279461125e-005, 5.12653969054e-006, 1.11820043003e-006, 6.59602108044e-007, 3.55019011522e-007, 1.3540591759e-008, 1.39888517436e-010, 3.34778385569e-011]
        dmean2: [2.59489922882e-007, 3.46237902704e-005, 7.2220704169e-005, 4.84310367028e-005, 0.000127858525957, 0.000200950846192, 0.000127744147903, 9.66623993008e-005, 0.000101207893749, 9.31583999773e-005, 0.000112937632366, 0.000113230409625, 6.99640222592e-005, 6.05514978815e-005, 4.99887137266e-005, 6.31157818134e-005, 9.75151124294e-005, 0.000113711248559, 0.000125979131553, 0.000125102305901, 6.95815833751e-005, 8.0231056927e-006, 1.63774211615e-006, 9.49220066104e-007, 5.07402148742e-007, 1.88174897886e-008, 2.48620013465e-010, 6.17172493667e-011]
        dvar: [2.82442689029e-013, 3.06704306396e-009, 1.04828732361e-008, 2.94938584666e-009, 2.21420268787e-008, 3.86467178259e-008, 2.96548154921e-008, 1.72235541385e-008, 1.77676984237e-008, 2.15851798657e-008, 2.96003861422e-008, 2.4640700147e-008, 1.60354716172e-008, 1.21022134536e-008, 1.1293589175e-008, 1.92920293074e-008, 3.86277285713e-008, 4.39229985716e-008, 3.66784114192e-008, 3.5852416147e-008, 1.30280701782e-008, 1.9856837008e-010, 1.48810321704e-011, 5.01244922305e-012, 1.88108968506e-012, 6.34365166462e-015, 9.81971954556e-020, 4.01877218776e-021]
        dvar2: [7.77427818302e-013, 8.09612643593e-009, 2.62327102263e-008, 8.28706792078e-009, 5.95036766526e-008, 9.49221430346e-008, 7.02164726363e-008, 4.07462792396e-008, 4.32545412821e-008, 5.07390005566e-008, 7.51394608756e-008, 5.93994045062e-008, 4.21540491402e-008, 3.02106677452e-008, 2.5744657961e-008, 4.83456013001e-008, 8.32817690366e-008, 9.76541372211e-008, 9.10257540454e-008, 8.67003464577e-008, 3.01510709733e-008, 4.52917064964e-010, 3.03481059727e-011, 1.00298597552e-011, 3.48556947194e-012, 1.21939007082e-014, 2.51256989942e-019, 1.2834981902e-020]
        max: [9.38966149988e-006, 0.00112194870599, 0.00396642740816, 0.0011813006131, 0.00354701234028, 0.00413321424276, 0.00811838544905, 0.00449215248227, 0.00339099974371, 0.00381860788912, 0.0056498683989, 0.00498761562631, 0.00436045369133, 0.00316675193608, 0.00340257771313, 0.00570332119241, 0.00769616803154, 0.00829763989896, 0.00824467744678, 0.00550596741959, 0.00252705416642, 0.000484043644974, 0.000116359457024, 6.39814606984e-005, 4.59881593997e-005, 2.69628799288e-006, 1.12001377062e-008, 1.01356967264e-009]
        mean: [2.7709660344e-007, 4.71774583275e-005, 9.53856215347e-005, 5.74561345275e-005, 0.000191014056327, 0.000323201937135, 0.000186135788681, 0.000117999843496, 0.000139101073728, 0.000119097931019, 0.000143690544064, 0.000158054914209, 8.24822927825e-005, 7.2083028499e-005, 6.7797889642e-005, 7.30484171072e-005, 0.00016430040705, 0.000176003581146, 0.000209206584259, 0.000219527588342, 0.000102790298115, 1.21971306726e-005, 2.24495806833e-006, 1.42911994772e-006, 7.32011415039e-007, 2.17342961406e-008, 1.40520539649e-010, 2.64228916524e-011]
        median: [6.82148098008e-008, 1.92294828594e-005, 4.06676263083e-005, 3.04196128127e-005, 0.000109532877104, 0.000178336107638, 7.63734569773e-005, 4.27663726441e-005, 4.64429977001e-005, 2.07006523851e-005, 2.75727998087e-005, 3.1265499274e-005, 1.46711245179e-005, 1.44229143189e-005, 1.35831724037e-005, 1.46714419316e-005, 2.58785603364e-005, 3.17206831824e-005, 3.80527599191e-005, 4.35707224824e-005, 1.7558952095e-005, 7.45704483052e-007, 3.473099639e-007, 1.87677272834e-007, 8.74050769539e-008, 1.28965371715e-009, 3.4898951784e-011, 6.27379571905e-012]
        min: [4.39651854698e-025, 2.02213015127e-024, 5.28276728918e-025, 1.28429691092e-024, 8.51166559465e-024, 4.55566581119e-024, 5.53023640642e-024, 2.39958392277e-024, 1.00867194775e-023, 1.68966101512e-023, 1.40140319397e-023, 2.52773011698e-023, 2.88717316849e-023, 2.56813115492e-023, 4.47779348582e-023, 5.25407111297e-023, 7.040454837e-023, 9.45381763543e-023, 1.0812966915e-022, 1.64448254087e-022, 2.35942137326e-022, 2.35109832273e-022, 3.94411570436e-022, 5.83529171103e-022, 8.7634949236e-022, 1.379528851e-021, 1.90066434991e-021, 4.51895675273e-022]
        var: [3.79723081321e-013, 5.44811973313e-009, 2.77949379068e-008, 7.12873138298e-009, 6.41377724264e-008, 1.48430842728e-007, 1.4252982794e-007, 4.73203414231e-008, 5.81394523635e-008, 6.73615261348e-008, 9.38565634101e-008, 9.68918101307e-008, 4.40068284036e-008, 3.28019069684e-008, 3.8479033293e-008, 3.63860586106e-008, 2.09049289879e-007, 2.18997129764e-007, 1.6954925286e-007, 1.70769695274e-007, 4.20091765818e-008, 6.22680074169e-010, 3.49889318907e-011, 1.26242419296e-011, 4.86326950933e-012, 1.43528292956e-014, 1.65196343531e-019, 3.23857385881e-021]
    mfcc:
        mean: [-790.874145508, 137.789489746, -38.6022987366, 36.6702919006, -14.0969944, -17.6448287964, 6.86422634125, -12.1279678345, -7.96661949158, -5.92285919189, -10.0412578583, 1.72272586823, -1.09715390205]
        cov: [[9898.57324219, -383.543060303, -2020.02307129, 1330.17834473, -902.430114746, 259.306732178, 525.521057129, 77.3071899414, 342.363616943, 74.2572479248, 94.808631897, 180.16545105, 60.4230079651], [-383.543060303, 1133.48144531, 74.9759292603, -97.1880264282, 156.089324951, -119.875152588, 13.8068065643, -44.057434082, -69.7416915894, -18.3027496338, -37.831325531, -30.7512512207, -2.6069111824], [-2020.02307129, 74.9759292603, 832.774353027, -333.23550415, 263.11428833, -3.44686770439, -164.195922852, 48.0819168091, -97.3588180542, -0.497975379229, 8.00011920929, -43.127986908, -15.2680740356], [1330.17834473, -97.1880264282, -333.23550415, 480.841522217, -149.50138855, 55.4353141785, 64.025894165, 23.8240604401, 121.895652771, -21.4353580475, 43.4612503052, 50.496181488, 24.8203907013], [-902.430114746, 156.089324951, 263.11428833, -149.50138855, 307.844909668, -56.2416992188, -72.1310653687, 25.3391990662, -31.5111503601, -13.5681066513, -21.0958175659, 18.1570186615, -12.333571434], [259.306732178, -119.875152588, -3.44686770439, 55.4353141785, -56.2416992188, 295.807617188, 8.28921508789, 68.3881759644, 35.1160812378, -8.1656703949, 82.7269287109, -49.2535858154, 57.8931846619], [525.521057129, 13.8068065643, -164.195922852, 64.025894165, -72.1310653687, 8.28921508789, 233.774993896, -11.7595081329, 21.7366313934, 69.4864654541, -9.42196083069, 18.0174121857, -8.0136051178], [77.3071899414, -44.057434082, 48.0819168091, 23.8240604401, 25.3391990662, 68.3881759644, -11.7595081329, 167.342315674, 39.3401374817, -22.9677619934, 46.1303939819, -2.12119960785, 22.9641609192], [342.363616943, -69.7416915894, -97.3588180542, 121.895652771, -31.5111503601, 35.1160812378, 21.7366313934, 39.3401374817, 150.304214478, 25.5387496948, 31.3162288666, 15.2032766342, 6.8485121727], [74.2572479248, -18.3027496338, -0.497975379229, -21.4353580475, -13.5681066513, -8.1656703949, 69.4864654541, -22.9677619934, 25.5387496948, 143.797775269, 11.401843071, 0.717615604401, -17.1991462708], [94.808631897, -37.831325531, 8.00011920929, 43.4612503052, -21.0958175659, 82.7269287109, -9.42196083069, 46.1303939819, 31.3162288666, 11.401843071, 125.996147156, 3.44433712959, 21.863451004], [180.16545105, -30.7512512207, -43.127986908, 50.496181488, 18.1570186615, -49.2535858154, 18.0174121857, -2.12119960785, 15.2032766342, 0.717615604401, 3.44433712959, 121.783119202, 10.5141944885], [60.4230079651, -2.6069111824, -15.2680740356, 24.8203907013, -12.333571434, 57.8931846619, -8.0136051178, 22.9641609192, 6.8485121727, -17.1991462708, 21.863451004, 10.5141944885, 97.7372589111]]
        icov: [[0.000274817575701, -3.40015321854e-005, 0.000452650885563, -0.000374085997464, 0.000274649792118, -0.000189088983461, -3.49991423718e-005, -0.00031264469726, 0.000177252004505, -0.000239348140894, 0.000122503421153, -0.000255223189015, 0.000157670452609], [-3.40015321854e-005, 0.00106966588646, 1.86250636034e-005, -5.87187923884e-006, -0.000717671005987, 0.000539153057616, -0.000384912389563, 0.000279417698039, 0.000257899373537, 0.000267625262495, -0.000289929186692, 0.000728512008209, -0.000437672570115], [0.000452650885563, 1.86250636034e-005, 0.00306940684095, 0.000290432100883, -0.000871052383445, -0.00056630524341, 0.000991631532088, -0.00110409932677, 0.00103048491292, -0.00105853483547, -0.000166792277014, -0.00012302264804, 0.000484703166876], [-0.000374085997464, -5.87187923884e-006, 0.000290432100883, 0.00432758033276, 0.000491172948387, -5.45737093489e-005, -0.000152958222316, 0.000405126746045, -0.00244362093508, 0.00150209432468, -0.000753937405534, -0.000875810568687, -0.000137507056934], [0.000274649792118, -0.000717671005987, -0.000871052383445, 0.000491172948387, 0.00584504427388, 5.63704888918e-005, 0.000702155230101, -0.00127580435947, -0.000492174003739, -5.63125176996e-005, 0.000998923787847, -0.00209602084942, 0.000638396188151], [-0.000189088983461, 0.000539153057616, -0.00056630524341, -5.45737093489e-005, 5.63704888918e-005, 0.00591641943902, -0.000853443343658, -0.000651654612739, -0.000427803373896, 0.000750103383325, -0.0028876082506, 0.00311701488681, -0.0028849740047], [-3.49991423718e-005, -0.000384912389563, 0.000991631532088, -0.000152958222316, 0.000702155230101, -0.000853443343658, 0.00645210174844, -0.000772284576669, 0.000662480306346, -0.00341541250236, 0.00140347192064, -0.00120953412261, 0.000678447075188], [-0.00031264469726, 0.000279417698039, -0.00110409932677, 0.000405126746045, -0.00127580435947, -0.000651654612739, -0.000772284576669, 0.00846366025507, -0.0023782455828, 0.00230412301607, -0.00216870917939, 0.000585419475101, -0.000907283218112], [0.000177252004505, 0.000257899373537, 0.00103048491292, -0.00244362093508, -0.000492174003739, -0.000427803373896, 0.000662480306346, -0.0023782455828, 0.0101504288614, -0.00290478952229, -0.000480788992718, -0.000329339178279, 0.000403801794164], [-0.000239348140894, 0.000267625262495, -0.00105853483547, 0.00150209432468, -5.63125176996e-005, 0.000750103383325, -0.00341541250236, 0.00230412301607, -0.00290478952229, 0.0101586543024, -0.00213322788477, 0.000580261345021, 0.000741431082133], [0.000122503421153, -0.000289929186692, -0.000166792277014, -0.000753937405534, 0.000998923787847, -0.0028876082506, 0.00140347192064, -0.00216870917939, -0.000480788992718, -0.00213322788477, 0.0113781662658, -0.00179932930041, -0.000150334977661], [-0.000255223189015, 0.000728512008209, -0.00012302264804, -0.000875810568687, -0.00209602084942, 0.00311701488681, -0.00120953412261, 0.000585419475101, -0.000329339178279, 0.000580261345021, -0.00179932930041, 0.0111713251099, -0.00264120381325], [0.000157670452609, -0.000437672570115, 0.000484703166876, -0.000137507056934, 0.000638396188151, -0.0028849740047, 0.000678447075188, -0.000907283218112, 0.000403801794164, 0.000741431082133, -0.000150334977661, -0.00264120381325, 0.0127111701295]]
    sccoeffs:
        dmean: [0.0387969389558, 0.041016343981, 0.0348178222775, 0.0280035845935, 0.0222231615335, 0.0177286937833]
        dmean2: [0.0651747658849, 0.0676617026329, 0.0563842877746, 0.0455577559769, 0.0345854125917, 0.0275392141193]
        dvar: [0.000976484094281, 0.00109645968769, 0.000799614179414, 0.000523866037838, 0.000402743462473, 0.000269670505077]
        dvar2: [0.00274851103313, 0.00290493876673, 0.00204710359685, 0.00130250048824, 0.00084837077884, 0.000589484407101]
        max: [-0.383264034986, -0.448491811752, -0.46439537406, -0.559621870518, -0.55021750927, -0.537055194378]
        mean: [-0.687246978283, -0.708551824093, -0.737130880356, -0.761180281639, -0.761495053768, -0.772038817406]
        median: [-0.689953505993, -0.71009761095, -0.742669403553, -0.765308618546, -0.769864559174, -0.780735492706]
        min: [-0.981506109238, -0.977619886398, -0.9754088521, -0.970509827137, -0.967976093292, -0.965260267258]
        var: [0.00481840362772, 0.00545635307208, 0.00580365583301, 0.0036965731997, 0.00427144952118, 0.00368214026093]
    scvalleys:
        dmean: [0.321396499872, 0.312403947115, 0.265368044376, 0.229940459132, 0.206617176533, 0.234384983778]
        dmean2: [0.537494182587, 0.52117228508, 0.442104309797, 0.37562379241, 0.324583619833, 0.33303809166]
        dvar: [0.0805730074644, 0.0767751559615, 0.0560468584299, 0.0508381724358, 0.0553820282221, 0.0894962996244]
        dvar2: [0.198747634888, 0.183443784714, 0.127842158079, 0.103722564876, 0.103384517133, 0.14420607686]
        max: [-5.28533411026, -4.93761348724, -5.23533153534, -5.79824781418, -5.61917686462, -7.99540996552]
        mean: [-7.60654449463, -7.1580748558, -7.87409591675, -8.51761817932, -8.66853237152, -11.5238323212]
        median: [-7.15316009521, -6.86422586441, -7.60682439804, -8.25279521942, -8.39660453796, -11.3168182373]
        min: [-28.234577179, -28.0800647736, -28.0004196167, -27.7000236511, -27.5533733368, -27.4360542297]
        var: [5.06453943253, 5.02256155014, 5.0860414505, 4.79740858078, 5.41264104843, 4.70542240143]

rhythm:
    beats_loudness:
        dmean: 0.001236623968
        dmean2: 0.00223251339048
        dvar: 2.15543263948e-006
        dvar2: 6.57362988932e-006
        max: 0.0178102850914
        mean: 0.00313584390096
        median: 0.00212563155219
        min: 0
        var: 9.82206802291e-006
    bpm: 103.623336792
    bpm_confidence: 0
    first_peak_bpm: 103
    first_peak_spread: 0.417417436838
    first_peak_weight: 0.415417551994
    onset_rate: 1.91142868996
    second_peak_bpm: 98
    second_peak_spread: 0.413793116808
    second_peak_weight: 0.0364025682211
    beats_loudness_band_ratio:
        dmean: [0.0946117118001, 0.139039382339, 0.118276387453, 0.107877939939, 0.0858618989587, 0.0820910334587]
        dmean2: [0.158581107855, 0.234714508057, 0.204961076379, 0.189680740237, 0.149153217673, 0.137548491359]
        dvar: [0.00917540397495, 0.0167983025312, 0.0128137841821, 0.0170166902244, 0.0100195910782, 0.00849684886634]
        dvar2: [0.0225959792733, 0.0444254241884, 0.0361334830523, 0.0458758696914, 0.0267971996218, 0.024368127808]
        max: [0.811440765858, 0.941248118877, 0.748005867004, 0.824411571026, 0.72404307127, 0.743232011795]
        mean: [0.129954487085, 0.282084792852, 0.195956662297, 0.160395994782, 0.129299283028, 0.135356366634]
        median: [0.0827655270696, 0.215036273003, 0.166598856449, 0.120259046555, 0.0908429026604, 0.10527536273]
        min: [0, 0, 0, 0, 0, 0]
        var: [0.0202194340527, 0.051152203232, 0.0186690911651, 0.0216290932149, 0.0154564986005, 0.0161098521203]
    beats_position: [0.592108845711, 1.19582760334, 1.79954648018, 2.39165520668, 2.97215414047, 3.55265307426, 4.13315200806, 4.7020406723, 5.27092981339, 5.85142850876, 6.43192720413, 7.01242637634, 7.59292507172, 8.17342376709, 8.75392246246, 9.32281208038, 9.90331077576, 10.47219944, 11.0526981354, 11.6331968307, 12.202085495, 12.7709751129, 13.3514738083, 13.9319725037, 14.512471199, 15.0929698944, 15.6734695435, 16.2539672852, 16.8344669342, 17.4149665833, 18.0186843872, 18.6224040985, 19.2261219025, 19.8878898621, 20.5612697601, 21.2230377197, 21.8731975555, 22.523355484, 23.1619052887, 23.8120632172, 24.4622211456, 25.1239910126, 25.7857589722, 26.435918808, 27.0164165497, 27.5969161987, 28.1890239716, 28.7695236206, 29.3500213623, 29.9305210114, 30.5110206604, 31.0915184021, 31.6720180511, 32.2525177002, 32.8330154419, 33.4135131836, 33.99401474, 34.5977325439, 35.2130622864, 35.8283882141, 36.4321098328, 37.0358276367, 37.6511573792, 38.2664833069, 38.8702049255, 39.4855308533, 40.1008605957, 40.7161903381, 41.3199081421, 41.9120178223, 42.5157356262, 43.1658935547, 43.8044433594, 44.4429931641, 45.1047592163, 45.7665290833, 46.439907074, 47.1132888794, 47.7053947449, 48.297504425, 48.8896141052, 49.4468917847, 49.9925613403, 50.5266189575, 51.0490684509, 51.5715179443, 52.0939674377, 52.6164169312, 53.1504745483, 53.7425842285, 54.3346939087, 54.9268035889, 55.5305213928, 56.1342391968, 56.6799087524, 57.2371864319, 57.794467926, 58.3517456055, 58.9090232849, 59.4895210266, 60.0816307068, 60.673740387, 61.2542381287, 61.8347396851, 62.4268455505, 63.0189552307, 63.6110649109, 64.2031707764, 64.7952804565, 65.4106140137, 66.0259399414, 66.6412658691, 67.2449874878, 67.8487091064, 68.4756469727, 69.0909729004, 69.7062988281, 70.3100204468, 70.9253463745, 71.5290679932, 72.1444015503, 72.7481155396, 73.2473449707, 73.7465744019, 74.245803833, 74.7334213257, 75.2210388184, 75.697052002, 76.1846694946, 76.6606826782, 77.1366882324, 77.6126937866, 78.0887069702, 78.5647125244, 79.0523376465, 79.5399551392, 80.0391845703, 80.526802063, 81.0144195557, 81.5020370483, 81.9780502319, 82.4540557861, 82.9416732788, 83.3712463379, 83.8008117676, 84.2303848267, 84.6599502563, 85.0895233154, 85.5307006836, 85.9602737427, 86.3782272339, 86.7961883545, 87.2141494751, 87.6437149048, 88.0732879639, 88.514465332, 88.9556427002, 89.3852157593, 89.814781189, 90.2559585571, 90.7667999268, 91.2660293579, 91.7768707275, 92.3689804077, 92.9494781494, 93.5299758911, 94.1104736328, 94.6909713745, 95.2714691162, 95.8519744873, 96.432472229, 97.0129699707, 97.5934677124, 98.1739654541, 98.7544631958, 99.3349609375, 99.9154663086, 100.49596405, 101.064849854, 101.633743286, 102.214241028, 102.79473877, 103.375236511, 103.955734253, 104.536231995, 105.116729736, 105.685623169, 106.254508972, 106.823402405, 107.392288208, 107.961174011, 108.553283691, 109.133781433, 109.725891113, 110.294784546, 110.863670349, 111.444168091, 112.013061523, 112.593559265, 113.174057007, 113.754554749, 114.33505249, 114.915550232, 115.484443665, 116.053329468, 116.633827209, 117.214332581, 117.794830322, 118.375328064, 118.955825806, 119.536323547, 120.116821289, 120.697319031, 121.277824402, 121.846710205, 122.415596008, 122.984489441, 123.553375244, 124.133872986, 124.714370728, 125.28326416, 125.852149963, 126.421043396, 127.001541138, 127.582038879, 128.162536621, 128.731430054, 129.311920166, 129.892425537, 130.472915649, 131.053421021, 131.633926392, 132.214416504, 132.794921875, 133.375411987, 133.94430542, 134.513198853, 135.093688965, 135.674194336, 136.254684448, 136.835189819, 137.41569519, 137.984573364, 138.565078735, 139.133972168, 139.71446228, 140.294967651, 140.875457764, 141.455963135, 142.036453247, 142.60534668, 143.174240112, 143.743133545, 144.323623657, 144.904129028, 145.496231079, 146.07673645, 146.657226563, 147.249343872, 147.818222046, 148.387115479, 148.956008911, 149.524902344, 150.105392456, 150.685897827, 151.254776001, 151.835281372, 152.404174805, 152.973052979, 153.55355835, 154.134063721, 154.714553833, 155.295059204, 155.863937378, 156.444442749, 157.024932861, 157.593826294, 158.174331665, 158.754821777, 159.335327148, 159.915817261, 160.496322632, 161.076828003, 161.645706177, 162.214599609, 162.79510498, 163.363983154, 163.932876587, 164.513381958, 165.09387207, 165.674377441, 166.254867554, 166.823760986, 167.392654419, 167.973144531, 168.553649902, 169.134140015, 169.714645386, 170.295150757, 170.875640869, 171.444534302, 172.013427734, 172.593917847, 173.174423218, 173.75491333, 174.335418701, 174.904312134, 175.473190308, 176.053695679, 176.634185791, 177.214691162, 177.783584595, 178.352462769, 178.93296814, 179.501861572, 180.070739746, 180.651245117, 181.231735229, 181.812240601, 182.392745972, 182.973236084, 183.553741455, 184.134231567, 184.714736938, 185.29524231, 185.875732422, 186.444625854, 187.013504028, 187.594009399, 188.174514771, 188.755004883, 189.335510254, 189.904388428, 190.47328186, 191.053787231, 191.634277344, 192.214782715, 192.795272827, 193.375778198, 193.944671631, 194.525161743, 195.094055176, 195.674560547, 196.255050659, 196.83555603, 197.416046143, 197.984939575, 198.553833008, 199.13432312, 199.714828491, 200.283721924, 200.864212036, 201.444717407, 202.013595581, 202.594100952, 203.174606323, 203.755096436, 204.323989868, 204.90447998, 205.473373413, 206.053878784, 206.634368896, 207.214874268, 207.79536438, 208.375869751, 208.956375122, 209.525253296, 210.094146729, 210.6746521, 211.255142212, 211.835647583, 212.416137695, 212.996643066, 213.565536499, 214.134414673, 214.714920044, 215.295410156, 215.875915527, 216.44480896, 217.013687134, 217.582580566, 218.151473999, 218.731964111, 219.324081421, 219.904571533, 220.485076904, 221.077178955, 221.669296265, 222.238174438, 222.81867981, 223.399185181, 223.979675293, 224.560180664, 225.140670776, 225.709564209, 226.278457642, 226.847335815, 227.416229248, 227.985122681, 228.554016113, 229.122894287, 229.703399658, 230.283889771, 230.864395142, 231.433288574, 232.013778687, 232.605895996, 233.197998047, 233.790115356, 234.382217407, 234.95111084, 235.519989014, 236.088882446, 236.634552002, 237.191833496, 237.74911499, 238.317993164, 238.886886597, 239.479003906, 240.071105957, 240.63999939, 241.278549194, 241.905487061, 242.520812988, 243.136138916, 243.716644287, 244.297134399, 244.877639771, 245.492965698, 246.119903564, 246.746841431, 247.385391235, 248.02394104, 248.650878906, 249.289428711, 249.951202393, 250.624572754, 251.297958374, 251.971328735, 252.633102417, 253.294876099, 253.956634521, 254.618408203, 255.280181885, 255.814239502, 256.348297119, 256.882354736, 257.277099609, 257.671844482, 258.066558838, 258.461303711, 258.832824707, 259.204345703, 259.575866699, 259.947387695, 260.318908691, 260.690429688, 261.061950684, 261.43347168, 261.828216553, 262.222930908, 262.617675781, 263.012420654, 263.407165527, 263.8019104, 264.196624756, 264.602996826, 265.009338379]
