
metadata:
    version:
        essentia: "2.1-beta2"
    audio_properties:
        analysis_sample_rate: 44100
        bitrate: 128
        channels: 2
        equal_loudness: 1
        length: 199.915100098
        replay_gain: -13.1123142242
        downmix: "mix"
    tags:
        album: ""
        artist: ""
        comment: ""
        date: ""
        genre: ""
        title: ""
        tracknumber: ""

configuration:
    average_loudness:
        compute: 1
        frameSize: 88200
        hopSize: 44100
        silentFrames: "noise"
        windowType: "hann"
    general:
        analysisSampleRate: 44100
        endTime: 2000
        equalLoudness: 1
        nequalLoudness: 0
        shortSound: 0
        startTime: 0
    lowlevel:
        compute: 1
        frameSize: 2048
        hopSize: 1024
        zeroPadding: 0
        silentFrames: "noise"
        windowType: "blackmanharris62"
        mfccStats: ["mean", "cov", "icov"]
        stats: ["mean", "var", "median", "min", "max", "dmean", "dmean2", "dvar", "dvar2"]
    panning:
        compute: 0
        frameSize: 8192
        hopSize: 2048
        zeroPadding: 8192
        silentFrames: "noise"
        windowType: "hann"
        stats: ["copy"]
    rhythm:
        compute: 1
        maxTempo: 208
        minTempo: 40
        method: "degara"
        stats: ["mean", "var", "median", "min", "max", "dmean", "dmean2", "dvar", "dvar2"]
    segmentation:
        compute: 0
        cpw: 5
        inc1: 300
        inc2: 50
        minimumSegmentsLength: 10
        size1: 1000
        size2: 600
    sfx:
        compute: 1
        stats: ["mean", "var", "median", "min", "max", "dmean", "dmean2", "dvar", "dvar2"]
    svm:
        compute: 0
    tonal:
        compute: 1
        frameSize: 4096
        hopSize: 2048
        zeroPadding: 0
        silentFrames: "noise"
        windowType: "blackmanharris62"
        stats: ["mean", "var", "median", "min", "max", "dmean", "dmean2", "dvar", "dvar2"]

lowlevel:
    average_loudness: 0.933077931404
    barkbands_kurtosis:
        dmean: 1.36904358864
        dmean2: 2.11267328262
        dvar: 5.07366657257
        dvar2: 11.0990810394
        max: 59.8097648621
        mean: 1.55298709869
        median: -0.227903544903
        min: -1.88979232311
        var: 30.2174320221
    barkbands_skewness:
        dmean: 0.409957587719
        dmean2: 0.611769855022
        dvar: 0.193764925003
        dvar2: 0.409650683403
        max: 5.68206882477
        mean: 1.0858232975
        median: 0.969981908798
        min: -4.00998306274
        var: 1.07184553146
    barkbands_spread:
        dmean: 5.1911687851
        dmean2: 7.76766300201
        dvar: 33.8132705688
        dvar2: 70.8961029053
        max: 91.8882446289
        mean: 27.5711841583
        median: 27.0574855804
        min: 0.825897216797
        var: 161.105728149
    dissonance:
        dmean: 0.0179297272116
        dmean2: 0.0299435574561
        dvar: 0.000313485652441
        dvar2: 0.000847041374072
        max: 0.5
        mean: 0.458749681711
        median: 0.466306358576
        min: 0.229666188359
        var: 0.000929187866859
    hfc:
        dmean: 1.36947798729
        dmean2: 1.96678459644
        dvar: 3.15809702873
        dvar2: 6.16538667679
        max: 25.2748031616
        mean: 5.75875902176
        median: 5.18999576569
        min: 1.0535333594e-016
        var: 14.6058893204
    pitch:
        dmean: 368.564453125
        dmean2: 712.887084961
        dvar: 962511.5
        dvar2: 2499091.25
        max: 5741.25341797
        mean: 557.789123535
        median: 233.716033936
        min: 44.7199134827
        var: 993566.25
    pitch_instantaneous_confidence:
        dmean: 0.0763583928347
        dmean2: 0.117956392467
        dvar: 0.00547474995255
        dvar2: 0.0119955958799
        max: 0.938830673695
        mean: 0.503050088882
        median: 0.491711080074
        min: 0.0849780440331
        var: 0.0324579328299
    pitch_salience:
        dmean: 0.0575858429074
        dmean2: 0.0922720581293
        dvar: 0.00301526277326
        dvar2: 0.00768004078418
        max: 0.947461664677
        mean: 0.556423306465
        median: 0.560686886311
        min: 0.150723069906
        var: 0.0104337409139
    silence_rate_20dB:
        dmean: 0
        dmean2: 0
        dvar: 0
        dvar2: 0
        max: 1
        mean: 1
        median: 1
        min: 1
        var: 0
    silence_rate_30dB:
        dmean: 0
        dmean2: 0
        dvar: 0
        dvar2: 0
        max: 1
        mean: 1
        median: 1
        min: 1
        var: 0
    silence_rate_60dB:
        dmean: 0.0541231110692
        dmean2: 0.108258798718
        dvar: 0.0511941835284
        dvar2: 0.111871369183
        max: 1
        mean: 0.21600279212
        median: 0
        min: 0
        var: 0.169328927994
    spectral_centroid:
        dmean: 217.903411865
        dmean2: 321.4480896
        dvar: 81229.8828125
        dvar2: 146751.421875
        max: 11607.2529297
        mean: 1194.52478027
        median: 1019.18658447
        min: 169.353561401
        var: 1091646.875
    spectral_complexity:
        dmean: 2.33449482918
        dmean2: 3.66198158264
        dvar: 7.47815990448
        dvar2: 15.5304365158
        max: 41
        mean: 10.9021015167
        median: 11
        min: 0
        var: 31.5986595154
    spectral_crest:
        dmean: 2.14959907532
        dmean2: 3.46463131905
        dvar: 5.01945066452
        dvar2: 12.7454299927
        max: 24.5119838715
        mean: 9.49466228485
        median: 8.62000656128
        min: 2.43038606644
        var: 15.9659099579
    spectral_decrease:
        dmean: 2.55778426217e-010
        dmean2: 4.09864531203e-010
        dvar: 1.15807754375e-019
        dvar2: 3.08404235976e-019
        max: 1.6211408177e-028
        mean: -1.24351118291e-009
        median: -1.23199050961e-009
        min: -4.55273285738e-009
        var: 4.11835520155e-019
    spectral_energy:
        dmean: 0.00104491028469
        dmean2: 0.00165719655342
        dvar: 1.84073644505e-006
        dvar2: 4.8466026783e-006
        max: 0.0187114626169
        mean: 0.00521563412622
        median: 0.0051779053174
        min: 1.00148194634e-020
        var: 7.01952285453e-006
    spectral_energyband_high:
        dmean: 0.000109796936158
        dmean2: 0.00016176290228
        dvar: 2.87579950964e-008
        dvar2: 5.87710147215e-008
        max: 0.00395954586565
        mean: 0.000277698971331
        median: 0.000187905781786
        min: 6.84172878429e-021
        var: 9.04695909298e-008
    spectral_energyband_low:
        dmean: 0.000181165727554
        dmean2: 0.000283981469693
        dvar: 7.96281227622e-008
        dvar2: 1.9596149059e-007
        max: 0.0050428439863
        mean: 0.000653536524624
        median: 0.000433891837019
        min: 2.12560401069e-023
        var: 4.70765172622e-007
    spectral_energyband_middle_high:
        dmean: 0.00042379333172
        dmean2: 0.000614767195657
        dvar: 2.65605279992e-007
        dvar2: 5.21758636296e-007
        max: 0.00764621654525
        mean: 0.00153062096797
        median: 0.00120410334785
        min: 1.21463556576e-021
        var: 1.47127934724e-006
    spectral_energyband_middle_low:
        dmean: 0.000894324388355
        dmean2: 0.00143773749005
        dvar: 1.62586195529e-006
        dvar2: 4.39107452621e-006
        max: 0.0148660363629
        mean: 0.00310031836852
        median: 0.00279920292087
        min: 1.82447421993e-022
        var: 4.17825913246e-006
    spectral_flatness_db:
        dmean: 0.0165646597743
        dmean2: 0.0259706247598
        dvar: 0.000238183536567
        dvar2: 0.00054463383276
        max: 0.472635090351
        mean: 0.172564744949
        median: 0.163759544492
        min: 0.0335377529263
        var: 0.00254053855315
    spectral_flux:
        dmean: 0.00816261023283
        dmean2: 0.0125597175211
        dvar: 7.81697090133e-005
        dvar2: 0.000170588551555
        max: 0.110521361232
        mean: 0.0343003198504
        median: 0.0331277512014
        min: 6.3699295838e-011
        var: 0.000279301370028
    spectral_kurtosis:
        dmean: 1.44453346729
        dmean2: 2.28965163231
        dvar: 12.7329902649
        dvar2: 34.0468597412
        max: 192.124206543
        mean: 5.51589679718
        median: 3.83398127556
        min: -1.45948266983
        var: 131.778579712
    spectral_rms:
        dmean: 0.000217069173232
        dmean2: 0.000337788980687
        dvar: 6.10832628922e-008
        dvar2: 1.4968483697e-007
        max: 0.0042725969106
        mean: 0.00215465039946
        median: 0.00224757986143
        min: 3.12578890722e-012
        var: 4.45923205916e-007
    spectral_rolloff:
        dmean: 561.943847656
        dmean2: 901.555541992
        dvar: 551171.0625
        dvar2: 1085577.75
        max: 19832.0800781
        mean: 2447.34472656
        median: 2347.11914063
        min: 172.265625
        var: 3970745.75
    spectral_skewness:
        dmean: 0.193942308426
        dmean2: 0.289847224951
        dvar: 0.0580499134958
        dvar2: 0.133952260017
        max: 11.3897657394
        mean: 1.73594152927
        median: 1.65556657314
        min: -0.167689934373
        var: 0.776818931103
    spectral_spread:
        dmean: 727164.4375
        dmean2: 990699.1875
        dvar: 1.11938410906e+012
        dvar2: 1.77916005581e+012
        max: 43831716
        mean: 6110386.5
        median: 5372556
        min: 450566.375
        var: 1.5506900779e+013
    spectral_strongpeak:
        dmean: 0.291146188974
        dmean2: 0.498381406069
        dvar: 0.425795555115
        dvar2: 1.14484393597
        max: 7.7202539444
        mean: 0.581942558289
        median: 0.361456632614
        min: 4.9637093047e-011
        var: 0.55071502924
    zerocrossingrate:
        dmean: 0.00950934831053
        dmean2: 0.0105979545042
        dvar: 0.000122304671095
        dvar2: 0.000132613946334
        max: 0.5244140625
        mean: 0.0750134587288
        median: 0.06787109375
        min: 0.0068359375
        var: 0.00243272725493
    barkbands:
        dmean: [2.4587001235e-007, 4.03893100156e-005, 9.38355879043e-005, 0.000206001277547, 0.000566196802538, 0.000256978324614, 0.000261000270257, 6.00589155511e-005, 9.91067645373e-005, 7.1647707955e-005, 0.000101649442513, 4.1391733248e-005, 3.68651708413e-005, 3.23445310642e-005, 7.85373631516e-005, 6.28866473562e-005, 7.13377230568e-005, 0.000107817730168, 0.000145565296407, 0.000106458872324, 5.29059361725e-005, 1.52533029905e-005, 5.684226835e-006, 4.08813275499e-006, 4.19280513597e-006, 2.56074912386e-007, 2.20405957374e-010]
        dmean2: [3.42157761679e-007, 6.57147029415e-005, 0.000150222142111, 0.000333509611664, 0.000969588872977, 0.000392580433981, 0.000389692228055, 9.55717114266e-005, 0.000146534832311, 0.000109875014459, 0.000149138955749, 6.38176206849e-005, 5.70447591599e-005, 5.0825674407e-005, 0.000122648634715, 9.79285905487e-005, 0.000110783483251, 0.000166920115589, 0.000226589530939, 0.000165325633134, 8.05171148386e-005, 2.27206837735e-005, 8.22281162982e-006, 5.76846832701e-006, 5.86770420341e-006, 3.65391713331e-007, 4.07825245796e-010]
        dvar: [6.34573665316e-013, 7.58349116836e-009, 2.91062534075e-008, 9.50976755121e-008, 1.32544403186e-006, 2.06098903277e-007, 2.17933461499e-007, 2.33114541004e-008, 3.44137696118e-008, 3.07175440639e-008, 5.57065540363e-008, 7.28993843069e-009, 8.88392470699e-009, 5.78131453821e-009, 1.68236411469e-008, 1.79878565376e-008, 1.84802129155e-008, 4.18205026165e-008, 5.67951161656e-008, 2.55000465188e-008, 8.76041106324e-009, 1.40607969712e-009, 2.74267719647e-010, 1.263561894e-010, 1.55442284044e-010, 5.57139946157e-013, 8.93131076557e-020]
        dvar2: [1.22931667016e-012, 2.0410466206e-008, 7.54543592052e-008, 2.36683149524e-007, 3.76068601327e-006, 4.30142534924e-007, 4.7562355121e-007, 5.30227630691e-008, 6.70903830269e-008, 6.90426205097e-008, 1.07758097556e-007, 1.46121221789e-008, 1.99062046846e-008, 1.33732731555e-008, 3.81310627517e-008, 3.75575233136e-008, 3.91337096062e-008, 8.97185330473e-008, 1.31152845029e-007, 5.67019249331e-008, 1.87168947008e-008, 2.85749934825e-009, 5.23162124733e-010, 2.27870333713e-010, 2.78607054094e-010, 1.0187508389e-012, 2.81888470302e-019]
        max: [1.41755535878e-005, 0.00130282202736, 0.00278254295699, 0.00627830252051, 0.0131165459752, 0.00749957421795, 0.00737221259624, 0.00464562047273, 0.00407533720136, 0.00385885126889, 0.00554511882365, 0.00280955154449, 0.00268063903786, 0.00219866842963, 0.00412478204817, 0.0057080979459, 0.00268314220011, 0.00480695720762, 0.00411037635058, 0.00332073355094, 0.00171814113855, 0.00105459848419, 0.000359730300261, 0.000257746840362, 0.000312972872052, 1.70006787812e-005, 3.56187634942e-009]
        mean: [4.31730541095e-007, 6.94424670655e-005, 0.000250563287409, 0.000607373483945, 0.00104905059561, 0.000570115749724, 0.000540117733181, 9.97164970613e-005, 0.000216290456592, 0.000130957530928, 0.000224674557103, 8.74530305737e-005, 6.35388423689e-005, 5.71607706661e-005, 0.000140422649565, 0.000114208669402, 0.000128563289763, 0.000197857254534, 0.000281221349724, 0.000223833296332, 0.00010709266644, 2.77604176517e-005, 1.07281284727e-005, 8.49757634569e-006, 8.14006853034e-006, 4.33660090948e-007, 1.78661502259e-010]
        median: [1.27994503885e-008, 3.10861651087e-005, 0.000141669472214, 0.000311064650305, 0.000672579510137, 0.000284720852505, 0.000215978361666, 3.51257585862e-005, 9.46332584135e-005, 3.44784057233e-005, 5.02319126099e-005, 4.13802554249e-005, 2.72747129202e-005, 2.43438971665e-005, 7.71056074882e-005, 5.72211174585e-005, 6.27908302704e-005, 0.000103944337752, 0.000161602831213, 0.000150866151671, 5.73764264118e-005, 1.22571900647e-005, 3.64992320101e-006, 2.36581809077e-006, 2.11942483475e-006, 7.67562013948e-008, 7.26381385596e-011]
        min: [2.30654596343e-025, 5.61662495858e-024, 1.46411440161e-024, 2.06990672314e-024, 7.1169618808e-024, 1.2578402911e-023, 7.62978615579e-024, 1.15232280862e-023, 9.66690979186e-024, 1.49020353058e-023, 1.35789972386e-023, 1.67214309654e-023, 2.30313368642e-023, 3.91449094814e-023, 6.72221257061e-023, 7.24696347586e-023, 7.52133624067e-023, 1.10672843112e-022, 1.29894884261e-022, 1.40838290904e-022, 2.26703856684e-022, 1.92082922499e-022, 4.15542036508e-022, 5.84222308471e-022, 8.53542652688e-022, 1.38242014612e-021, 1.78219334538e-021]
        var: [1.90040214468e-012, 1.25668080386e-008, 9.3687503977e-008, 6.04257252235e-007, 1.66820234426e-006, 6.51868901969e-007, 6.76150193613e-007, 4.50476136393e-008, 1.22434258287e-007, 8.59577724555e-008, 2.83785851707e-007, 2.85474470729e-008, 1.9350817837e-008, 1.19923022623e-008, 4.22727843841e-008, 5.59964163926e-008, 4.29812807567e-008, 1.02250751866e-007, 1.25028762454e-007, 6.63362698106e-008, 2.18206555047e-008, 2.84249512816e-009, 6.33696817243e-010, 4.61142818375e-010, 4.58095394951e-010, 1.5866954018e-012, 7.6243628128e-020]
    frequency_bands:
        dmean: [2.4587001235e-007, 4.03893100156e-005, 9.38355879043e-005, 0.000206001277547, 0.000566196802538, 0.000256978324614, 0.000261000270257, 6.00589155511e-005, 9.91067645373e-005, 7.1647707955e-005, 0.000101649442513, 4.1391733248e-005, 3.68651708413e-005, 3.23445310642e-005, 7.85373631516e-005, 6.28866473562e-005, 7.13377230568e-005, 0.000107817730168, 0.000145565296407, 0.000106458872324, 5.29059361725e-005, 1.52533029905e-005, 5.684226835e-006, 4.08813275499e-006, 4.19280513597e-006, 2.56074912386e-007, 2.20405957374e-010, 6.2797864131e-011]
        dmean2: [3.42157761679e-007, 6.57147029415e-005, 0.000150222142111, 0.000333509611664, 0.000969588872977, 0.000392580433981, 0.000389692228055, 9.55717114266e-005, 0.000146534832311, 0.000109875014459, 0.000149138955749, 6.38176206849e-005, 5.70447591599e-005, 5.0825674407e-005, 0.000122648634715, 9.79285905487e-005, 0.000110783483251, 0.000166920115589, 0.000226589530939, 0.000165325633134, 8.05171148386e-005, 2.27206837735e-005, 8.22281162982e-006, 5.76846832701e-006, 5.86770420341e-006, 3.65391713331e-007, 4.07825245796e-010, 1.1619711443e-010]
        dvar: [6.34573665316e-013, 7.58349116836e-009, 2.91062534075e-008, 9.50976755121e-008, 1.32544403186e-006, 2.06098903277e-007, 2.17933461499e-007, 2.33114541004e-008, 3.44137696118e-008, 3.07175440639e-008, 5.57065540363e-008, 7.28993843069e-009, 8.88392470699e-009, 5.78131453821e-009, 1.68236411469e-008, 1.79878565376e-008, 1.84802129155e-008, 4.18205026165e-008, 5.67951161656e-008, 2.55000465188e-008, 8.76041106324e-009, 1.40607969712e-009, 2.74267719647e-010, 1.263561894e-010, 1.55442284044e-010, 5.57139946157e-013, 8.93131076557e-020, 7.26914690084e-021]
        dvar2: [1.22931667016e-012, 2.0410466206e-008, 7.54543592052e-008, 2.36683149524e-007, 3.76068601327e-006, 4.30142534924e-007, 4.7562355121e-007, 5.30227630691e-008, 6.70903830269e-008, 6.90426205097e-008, 1.07758097556e-007, 1.46121221789e-008, 1.99062046846e-008, 1.33732731555e-008, 3.81310627517e-008, 3.75575233136e-008, 3.91337096062e-008, 8.97185330473e-008, 1.31152845029e-007, 5.67019249331e-008, 1.87168947008e-008, 2.85749934825e-009, 5.23162124733e-010, 2.27870333713e-010, 2.78607054094e-010, 1.0187508389e-012, 2.81888470302e-019, 2.2937206245e-020]
        max: [1.41755535878e-005, 0.00130282202736, 0.00278254295699, 0.00627830252051, 0.0131165459752, 0.00749957421795, 0.00737221259624, 0.00464562047273, 0.00407533720136, 0.00385885126889, 0.00554511882365, 0.00280955154449, 0.00268063903786, 0.00219866842963, 0.00412478204817, 0.0057080979459, 0.00268314220011, 0.00480695720762, 0.00411037635058, 0.00332073355094, 0.00171814113855, 0.00105459848419, 0.000359730300261, 0.000257746840362, 0.000312972872052, 1.70006787812e-005, 3.56187634942e-009, 1.02179331662e-009]
        mean: [4.31730541095e-007, 6.94424670655e-005, 0.000250563287409, 0.000607373483945, 0.00104905059561, 0.000570115749724, 0.000540117733181, 9.97164970613e-005, 0.000216290456592, 0.000130957530928, 0.000224674557103, 8.74530305737e-005, 6.35388423689e-005, 5.71607706661e-005, 0.000140422649565, 0.000114208669402, 0.000128563289763, 0.000197857254534, 0.000281221349724, 0.000223833296332, 0.00010709266644, 2.77604176517e-005, 1.07281284727e-005, 8.49757634569e-006, 8.14006853034e-006, 4.33660090948e-007, 1.78661502259e-010, 5.08032747815e-011]
        median: [1.27994503885e-008, 3.10861651087e-005, 0.000141669472214, 0.000311064650305, 0.000672579510137, 0.000284720852505, 0.000215978361666, 3.51257585862e-005, 9.46332584135e-005, 3.44784057233e-005, 5.02319126099e-005, 4.13802554249e-005, 2.72747129202e-005, 2.43438971665e-005, 7.71056074882e-005, 5.72211174585e-005, 6.27908302704e-005, 0.000103944337752, 0.000161602831213, 0.000150866151671, 5.73764264118e-005, 1.22571900647e-005, 3.64992320101e-006, 2.36581809077e-006, 2.11942483475e-006, 7.67562013948e-008, 7.26381385596e-011, 2.06728002772e-011]
        min: [2.30654596343e-025, 5.61662495858e-024, 1.46411440161e-024, 2.06990672314e-024, 7.1169618808e-024, 1.2578402911e-023, 7.62978615579e-024, 1.15232280862e-023, 9.66690979186e-024, 1.49020353058e-023, 1.35789972386e-023, 1.67214309654e-023, 2.30313368642e-023, 3.91449094814e-023, 6.72221257061e-023, 7.24696347586e-023, 7.52133624067e-023, 1.10672843112e-022, 1.29894884261e-022, 1.40838290904e-022, 2.26703856684e-022, 1.92082922499e-022, 4.15542036508e-022, 5.84222308471e-022, 8.53542652688e-022, 1.38242014612e-021, 1.78219334538e-021, 5.4202776686e-022]
        var: [1.90040214468e-012, 1.25668080386e-008, 9.3687503977e-008, 6.04257252235e-007, 1.66820234426e-006, 6.51868901969e-007, 6.76150193613e-007, 4.50476136393e-008, 1.22434258287e-007, 8.59577724555e-008, 2.83785851707e-007, 2.85474470729e-008, 1.9350817837e-008, 1.19923022623e-008, 4.22727843841e-008, 5.59964163926e-008, 4.29812807567e-008, 1.02250751866e-007, 1.25028762454e-007, 6.63362698106e-008, 2.18206555047e-008, 2.84249512816e-009, 6.33696817243e-010, 4.61142818375e-010, 4.58095394951e-010, 1.5866954018e-012, 7.6243628128e-020, 6.20064078744e-021]
    mfcc:
        mean: [-723.448730469, 113.902603149, -27.1092014313, 45.0464401245, -8.63623809814, -14.6884355545, 0.30604583025, -12.0864019394, -7.59847354889, -8.22245597839, -13.1782445908, -11.582734108, -4.61567974091]
        cov: [[6729.85107422, 69.4543380737, -482.015411377, 787.892333984, -153.543121338, 78.0537490845, 117.792053223, 28.6829929352, 100.570167542, 55.0981140137, -27.1041278839, -107.100273132, -67.7261123657], [69.4543380737, 1181.48461914, -257.328582764, 40.4269599915, -7.8169054985, -60.1065368652, 51.4641952515, -54.1882820129, -43.9391975403, 4.58094167709, -33.7261962891, -9.91810798645, 8.05353164673], [-482.015411377, -257.328582764, 691.569580078, 20.1063652039, 123.784843445, 139.709030151, -34.1401939392, 75.4253234863, 7.92812204361, -9.86895465851, 77.9404678345, 37.6873054504, 39.0559844971], [787.892333984, 40.4269599915, 20.1063652039, 351.26751709, 72.1953735352, 71.410194397, 42.8090171814, 56.5908546448, 53.7270965576, 12.3474340439, 2.02009057999, 17.2234363556, -4.48198699951], [-153.543121338, -7.8169054985, 123.784843445, 72.1953735352, 177.312942505, 38.1902618408, 5.62808513641, 41.4085617065, 28.5228462219, 8.76468467712, 2.21060872078, 15.9542140961, 4.60904359818], [78.0537490845, -60.1065368652, 139.709030151, 71.410194397, 38.1902618408, 247.973175049, 61.320224762, 55.3329086304, 34.7946166992, 18.4134044647, 18.0421104431, -14.4592924118, 0.504863798618], [117.792053223, 51.4641952515, -34.1401939392, 42.8090171814, 5.62808513641, 61.320224762, 161.410812378, 32.6586990356, 16.4189586639, 30.0878505707, -19.4485721588, -8.00866127014, -19.1727867126], [28.6829929352, -54.1882820129, 75.4253234863, 56.5908546448, 41.4085617065, 55.3329086304, 32.6586990356, 125.278846741, 44.2509880066, 12.1309576035, 5.88598203659, 0.147399604321, 8.15416431427], [100.570167542, -43.9391975403, 7.92812204361, 53.7270965576, 28.5228462219, 34.7946166992, 16.4189586639, 44.2509880066, 96.5700073242, 30.2677879333, -1.28141963482, 5.54232931137, -5.46574544907], [55.0981140137, 4.58094167709, -9.86895465851, 12.3474340439, 8.76468467712, 18.4134044647, 30.0878505707, 12.1309576035, 30.2677879333, 101.340454102, 21.8866386414, 0.437177836895, -10.8469963074], [-27.1041278839, -33.7261962891, 77.9404678345, 2.02009057999, 2.21060872078, 18.0421104431, -19.4485721588, 5.88598203659, -1.28141963482, 21.8866386414, 96.9830169678, 32.4803886414, 9.59842586517], [-107.100273132, -9.91810798645, 37.6873054504, 17.2234363556, 15.9542140961, -14.4592924118, -8.00866127014, 0.147399604321, 5.54232931137, 0.437177836895, 32.4803886414, 89.4931716919, 27.6289901733], [-67.7261123657, 8.05353164673, 39.0559844971, -4.48198699951, 4.60904359818, 0.504863798618, -19.1727867126, 8.15416431427, -5.46574544907, -10.8469963074, 9.59842586517, 27.6289901733, 84.5760650635]]
        icov: [[0.000250222394243, 4.34299254266e-005, 0.000127176754177, -0.000675342569593, 0.000354435294867, 2.69929387287e-005, -2.33620048675e-005, 9.62371486821e-005, -4.24710051448e-005, -4.74121261504e-005, -0.000142094650073, 0.000390254601371, -5.25186187588e-005], [4.34299254266e-005, 0.000993400812149, 0.000387750711525, -0.000299513951177, -0.000230460515013, 0.000103147198388, -0.000353672890924, 0.000308780174237, 0.000490106293, -0.000104114093119, -4.62322568637e-005, 0.000189709666301, -0.000391154637327], [0.000127176754177, 0.000387750711525, 0.00242239283398, -5.13870072609e-005, -0.00124558876269, -0.00111065164674, 0.000539005035535, -0.000729718070943, 0.000710561464075, 0.000427548831794, -0.00138838053681, -0.000112614885438, -0.000494272098877], [-0.000675342569593, -0.000299513951177, -5.13870072609e-005, 0.00542120635509, -0.00205935235135, -0.000800678273663, -0.000275666447124, -0.00100413069595, -0.00108178961091, 0.000572427175939, 0.000257761508692, -0.00183990679216, 0.000525373092387], [0.000354435294867, -0.000230460515013, -0.00124558876269, -0.00205935235135, 0.00806444976479, 5.79699444643e-005, 0.000401295517804, -0.000981435528956, -0.000945458479691, -0.00071866333019, 0.0013237852836, -0.000618099060375, 0.000416010676417], [2.69929387287e-005, 0.000103147198388, -0.00111065164674, -0.000800678273663, 5.79699444643e-005, 0.00594491465017, -0.00227740523405, -0.00046170593123, -0.0012421309948, 0.000190576669411, -0.00130242889281, 0.00215946277604, -0.000641624035779], [-2.33620048675e-005, -0.000353672890924, 0.000539005035535, -0.000275666447124, 0.000401295517804, -0.00227740523405, 0.00860501825809, -0.00214110827073, 0.00120905553922, -0.00252682389691, 0.00261518615298, -0.00148786220234, 0.00184362928849], [9.62371486821e-005, 0.000308780174237, -0.000729718070943, -0.00100413069595, -0.000981435528956, -0.00046170593123, -0.00214110827073, 0.0116888815537, -0.00429772119969, 0.000655418669339, -0.000877233978827, 0.0016993151512, -0.00187391508371], [-4.24710051448e-005, 0.000490106293, 0.000710561464075, -0.00108178961091, -0.000945458479691, -0.0012421309948, 0.00120905553922, -0.00429772119969, 0.0151777928695, -0.00418480625376, 0.00207805144601, -0.0020344578661, 0.00115417642519], [-4.74121261504e-005, -0.000104114093119, 0.000427548831794, 0.000572427175939, -0.00071866333019, 0.000190576669411, -0.00252682389691, 0.000655418669339, -0.00418480625376, 0.0128346020356, -0.0043736458756, 0.00113882636651, 0.000706813414581], [-0.000142094650073, -4.62322568637e-005, -0.00138838053681, 0.000257761508692, 0.0013237852836, -0.00130242889281, 0.00261518615298, -0.000877233978827, 0.00207805144601, -0.0043736458756, 0.0149808852002, -0.00566821917892, 0.000883344269823], [0.000390254601371, 0.000189709666301, -0.000112614885438, -0.00183990679216, -0.000618099060375, 0.00215946277604, -0.00148786220234, 0.0016993151512, -0.0020344578661, 0.00113882636651, -0.00566821917892, 0.0160516072065, -0.00481720967218], [-5.25186187588e-005, -0.000391154637327, -0.000494272098877, 0.000525373092387, 0.000416010676417, -0.000641624035779, 0.00184362928849, -0.00187391508371, 0.00115417642519, 0.000706813414581, 0.000883344269823, -0.00481720967218, 0.014293378219]]
    sccoeffs:
        dmean: [0.0487515032291, 0.0468322336674, 0.0374385304749, 0.0307036004961, 0.0253932643682, 0.020336901769]
        dmean2: [0.0820982009172, 0.0755610466003, 0.0597367584705, 0.0491443760693, 0.0401131100953, 0.0312314312905]
        dvar: [0.00172411254607, 0.00160143850371, 0.000972584995907, 0.000623978383373, 0.000444495322881, 0.000287984323222]
        dvar2: [0.00490429531783, 0.0039119659923, 0.00228694011457, 0.00152176653501, 0.00102224980947, 0.000635824690107]
        max: [-0.314455717802, -0.306019365788, -0.456138730049, -0.536765158176, -0.574618935585, -0.616815686226]
        mean: [-0.581972360611, -0.680259108543, -0.741981685162, -0.764154851437, -0.772453248501, -0.782526552677]
        median: [-0.582390964031, -0.684436798096, -0.752731382847, -0.768022835255, -0.776708781719, -0.783476531506]
        min: [-0.976269602776, -0.97758024931, -0.980036795139, -0.969655394554, -0.966180145741, -0.964003384113]
        var: [0.00670887669548, 0.00754859438166, 0.00624032597989, 0.00308074010536, 0.00258399033919, 0.00170488725416]
    scvalleys:
        dmean: [0.374436855316, 0.338454544544, 0.286722302437, 0.265899896622, 0.25978204608, 0.315662801266]
        dmean2: [0.630768239498, 0.553300440311, 0.467994093895, 0.419519811869, 0.378063410521, 0.400603592396]
        dvar: [0.116328947246, 0.107250034809, 0.0837282016873, 0.0781762525439, 0.0836049839854, 0.112645231187]
        dvar2: [0.283516645432, 0.236326038837, 0.169655889273, 0.142007499933, 0.143003746867, 0.158262103796]
        max: [-5.01353263855, -4.84429693222, -5.59828186035, -5.96245002747, -5.9460644722, -7.24402999878]
        mean: [-7.30792236328, -6.89131259918, -7.48119497299, -7.84216499329, -7.77471780777, -9.96902561188]
        median: [-6.7948718071, -6.56313610077, -7.15524625778, -7.48227405548, -7.40634727478, -9.57721614838]
        min: [-28.206987381, -28.0086727142, -27.6036872864, -27.8345127106, -27.4855060577, -27.3704738617]
        var: [5.06555318832, 4.23781061172, 3.92538118362, 3.92728042603, 4.20907449722, 4.25705528259]

rhythm:
    beats_loudness:
        dmean: 0.00174584821798
        dmean2: 0.00298187672161
        dvar: 2.05163632927e-006
        dvar2: 5.97644338995e-006
        max: 0.0133433677256
        mean: 0.00574776902795
        median: 0.00594072928652
        min: 0
        var: 5.52985466129e-006
    bpm: 94.7958679199
    bpm_confidence: 0
    first_peak_bpm: 96
    first_peak_spread: 0.510714292526
    first_peak_weight: 0.43217664957
    onset_rate: 3.29139757156
    second_peak_bpm: 91
    second_peak_spread: 0.285714298487
    second_peak_weight: 0.0315457396209
    beats_loudness_band_ratio:
        dmean: [0.129557535052, 0.183092623949, 0.140737965703, 0.0858859866858, 0.0866031274199, 0.100695043802]
        dmean2: [0.222461119294, 0.313965678215, 0.253898024559, 0.1499389112, 0.153118163347, 0.176465451717]
        dvar: [0.0124992178753, 0.0221255980432, 0.0200232937932, 0.0102617628872, 0.00582278426737, 0.00834560580552]
        dvar2: [0.0315762273967, 0.0691312849522, 0.0566919371486, 0.0262433551252, 0.0161204114556, 0.0252341385931]
        max: [0.81822091341, 0.943612158298, 0.907364428043, 0.722817063332, 0.540816128254, 0.523311793804]
        mean: [0.231785461307, 0.294970780611, 0.179684370756, 0.0993969663978, 0.136838883162, 0.137675493956]
        median: [0.210905253887, 0.272323608398, 0.12521263957, 0.0587513521314, 0.121363148093, 0.110228747129]
        min: [0, 0, 0, 0, 0, 0]
        var: [0.0276158507913, 0.0344758890569, 0.0248462501913, 0.0110518960282, 0.00733452616259, 0.00996626354754]
    beats_position: [0.650158703327, 1.30031740665, 1.95047616959, 2.61224484444, 3.28562355042, 3.92417216301, 4.5627207756, 5.20126962662, 5.8282084465, 6.45514726639, 7.0936961174, 7.73224496841, 8.35918331146, 8.98612213135, 9.61306095123, 10.2399997711, 10.8785486221, 11.505487442, 12.144036293, 12.7709751129, 13.3979139328, 14.0364627838, 14.6750106812, 15.301949501, 15.9288883209, 16.5674381256, 17.2059860229, 17.8329238892, 18.4598636627, 19.0984115601, 19.7369613647, 20.3755092621, 21.0140590668, 21.6526069641, 22.2911567688, 22.9297046661, 23.5682544708, 24.2184123993, 24.8801803589, 25.5419502258, 26.1921081543, 26.865486145, 27.527256012, 28.1890239716, 28.8507938385, 29.500951767, 30.1394996643, 30.778049469, 31.4165973663, 32.0435371399, 32.6704750061, 33.3090248108, 33.9475746155, 34.5745124817, 35.2014503479, 35.8400001526, 36.4785499573, 37.1054878235, 37.7324256897, 38.3593635559, 38.9863014221, 39.6248512268, 40.2634010315, 40.9019508362, 41.5404968262, 42.1209983826, 42.7014961243, 43.2703857422, 43.8392753601, 44.3965530396, 45.011882782, 45.6272087097, 46.2425384521, 46.8810882568, 47.508026123, 48.1349639893, 48.7735137939, 49.4120635986, 50.0390014648, 50.6659393311, 51.3044891357, 51.9430389404, 52.5699768066, 53.1969146729, 53.8354644775, 54.4740142822, 55.1009521484, 55.7278900146, 56.3664398193, 57.0049858093, 57.6319274902, 58.2588653564, 58.8974151611, 59.5359611511, 60.162902832, 60.7898406982, 61.4283905029, 62.0669364929, 62.6822662354, 63.3092041016, 63.9477539063, 64.5746917725, 65.2016296387, 65.8285675049, 66.4555053711, 67.0824508667, 67.720993042, 68.3479385376, 68.9864807129, 69.6134262085, 70.2519683838, 70.8905181885, 71.5174560547, 72.1444015503, 72.7829437256, 73.4098815918, 74.0484313965, 74.6753692627, 75.3023147583, 75.9292526245, 76.5678024292, 77.2063446045, 77.8332901001, 78.4718322754, 79.098777771, 79.7257156372, 80.3642578125, 81.0028076172, 81.6529693604, 82.3031311035, 82.9532852173, 83.591835022, 84.2419967651, 84.8921508789, 85.5423126221, 86.1924667358, 86.842628479, 87.4927902222, 88.1545562744, 88.8163223267, 89.4897003174, 90.1398620605, 90.7784118652, 91.4169616699, 92.0438995361, 92.6824493408, 93.3209991455, 93.9479370117, 94.5748748779, 95.2018127441, 95.8287506104, 96.467300415, 97.1058502197, 97.7444000244, 98.3248977661, 98.8937835693, 99.462677002, 100.031562805, 100.588844299, 101.215782166, 101.85433197, 102.469657898, 103.096595764, 103.72353363, 104.362083435, 105.00063324, 105.627571106, 106.254508972, 106.881446838, 107.519996643, 108.158546448, 108.785484314, 109.424034119, 110.050971985, 110.68952179, 111.316459656, 111.943397522, 112.570335388, 113.197273254, 113.82421875, 114.474372864, 115.10131073, 115.728248596, 116.355194092, 116.993736267, 117.632286072, 118.259223938, 118.886169434, 119.524711609, 120.163261414, 120.79019928, 121.405532837, 122.044082642, 122.671020508, 123.297958374, 123.92489624, 124.563446045, 125.20199585, 125.828933716, 126.455871582, 127.082809448, 127.721359253, 128.359909058, 128.986846924, 129.625396729, 130.263946533, 130.890884399, 131.517822266, 132.144760132, 132.783309937, 133.421859741, 134.048797607, 134.675735474, 135.30267334, 135.929611206, 136.556549072, 137.183486938, 137.822036743, 138.460586548, 139.087524414, 139.726074219, 140.364624023, 140.99156189, 141.618499756, 142.257049561, 142.895599365, 143.522537231, 144.161087036, 144.799636841, 145.426574707, 146.053512573, 146.668838501, 147.307388306, 147.94593811, 148.572875977, 149.199813843, 149.838363647, 150.488525391, 151.127075195, 151.765625, 152.404174805, 153.031112671, 153.658050537, 154.284988403, 154.91192627, 155.527252197, 156.154190063, 156.78112793, 157.408065796, 158.035003662, 158.661941528, 159.288879395, 159.927429199, 160.554367065, 161.181304932, 161.819854736, 162.458404541, 163.096954346, 163.73550415, 164.374053955, 165.000991821, 165.627929688, 166.254867554, 166.893417358, 167.531967163, 168.158905029, 168.785842896, 169.412780762, 170.039718628, 170.666656494, 171.293609619, 171.920547485, 172.55909729, 173.197631836, 173.836181641, 174.463119507, 175.090057373, 175.728607178, 176.355545044, 176.982498169, 177.609436035, 178.236373901, 178.874923706, 179.513473511, 180.140411377, 180.790557861, 181.417495728, 182.044433594, 182.671386719, 183.298324585, 183.93687439, 184.575408936, 185.21395874, 185.840896606, 186.467849731, 187.094787598, 187.721725464, 188.360275269, 188.987213135, 189.614151001, 190.264297485, 190.914459229, 191.587844849, 192.24961853, 192.911376953, 193.422225952, 193.909835815, 194.409072876, 194.896682739, 195.372695923, 195.860321045, 196.324707031, 196.800720215, 197.276733398, 197.752746582, 198.217132568, 198.693145752, 199.169158936]
    bpm_estimates: [92.28515625, 92.2851486206, 93.9630889893, 93.9630889893, 93.9630508423, 95.7031173706, 95.7031173706, 93.9630508423, 93.9630508423, 95.7031936646, 95.7031173706, 95.7031173706, 95.7031173706, 93.9630508423, 95.7031173706, 93.9630508423, 95.7031173706, 95.7031173706, 93.9630508423, 93.9631958008, 95.7031173706, 95.7031173706, 93.9629135132, 93.9631958008, 95.7032623291, 95.7029724121, 93.9631958008, 93.9629135132, 93.9631958008, 93.9629135132, 93.9631958008, 93.9629135132, 93.9631958008, 93.9629135132, 92.2852706909, 92.2852706909, 92.2852706909, 93.9631958008, 93.9629135132, 93.9631958008, 95.7029724121, 95.7032623291, 93.9629135132, 93.9629135132, 95.7032623291, 95.7032623291, 93.9629135132, 93.9629135132, 95.7032623291, 95.7032623291, 95.7032623291, 95.7032623291, 93.9629135132, 93.9629135132, 93.9629135132, 93.9634780884, 97.5086975098, 97.5093002319, 97.5086975098, 93.9629135132, 95.7032623291, 95.7032623291, 93.9629135132, 93.9629135132, 95.7032623291, 95.7032623291, 93.9629135132, 93.9629135132, 95.7032623291, 95.7032623291, 93.9629135132, 93.9629135132, 95.7032623291, 95.7032623291, 93.9629135132, 93.9634780884, 95.7026824951, 95.7032623291, 93.9629135132, 93.9634780884, 95.7026824951, 95.7032623291, 93.9629135132, 93.9634780884, 97.5086975098, 95.7032623291, 93.9629135132, 95.7032623291, 95.7032623291, 95.7032623291, 95.7032623291, 95.7021026611, 93.9640350342, 95.7021026611, 93.9640350342, 95.7021026611, 93.9640350342, 93.9629135132, 95.7032623291, 95.7021026611, 93.9640350342, 95.7032623291, 93.9629135132, 95.7032623291, 95.7021026611, 95.7032623291, 93.9629135132, 93.9640350342, 95.7021026611, 93.9640350342, 95.7021026611, 95.7032623291, 93.9640350342, 93.9629135132, 92.2847290039, 92.2847290039, 92.2858123779, 93.9629135132, 92.2847290039, 92.2858123779, 92.2847290039, 92.2858123779, 92.2847290039, 92.2847290039, 92.2847290039, 93.9629135132, 93.9629135132, 95.7032623291, 93.9629135132, 93.9629135132, 95.7032623291, 95.7032623291, 95.7032623291, 95.7032623291, 93.9629135132, 93.9629135132, 93.9629135132, 95.7032623291, 93.9629135132, 97.5093002319, 95.7032623291, 95.7032623291, 93.9629135132, 93.9629135132, 95.7032623291, 95.7032623291, 95.7032623291, 93.9629135132, 93.9629135132, 95.7032623291, 93.9629135132, 95.7032623291, 93.9629135132, 95.7032623291, 95.7032623291, 95.7032623291, 95.7032623291, 95.7021026611, 92.2858123779, 95.7032623291, 95.7032623291, 95.7021026611, 93.9640350342, 93.9629135132, 95.7032623291, 95.7021026611, 93.9640350342, 93.9629135132, 95.7032623291, 97.5080871582, 93.9629135132, 95.7032623291, 95.7032623291, 95.7032623291, 93.9629135132, 93.9629135132, 95.7032623291, 95.7032623291, 95.7032623291, 93.9629135132, 93.9629135132, 95.7032623291, 93.9629135132, 93.9629135132, 95.7032623291, 95.7032623291, 95.7032623291, 93.9629135132, 93.9629135132, 95.7032623291, 95.7032623291, 95.7032623291, 95.7032623291, 95.7032623291, 95.7032623291, 93.9629135132, 93.9629135132, 95.7032623291, 93.9629135132, 93.9629135132, 95.7032623291, 95.7032623291, 93.9629135132, 93.9629135132, 95.7032623291, 93.9629135132, 93.9629135132, 95.7032623291, 95.7032623291, 97.5093002319, 93.9629135132, 93.9629135132, 95.7032623291, 95.7032623291, 93.9629135132, 92.2847290039, 93.9629135132, 93.9629135132, 93.9629135132, 95.7032623291, 95.7032623291, 95.7032623291, 95.7032623291, 97.5093002319, 95.7032623291, 95.7032623291, 95.7032623291, 95.7032623291, 95.7032623291, 95.7032623291, 93.9629135132, 95.7032623291, 95.7032623291, 93.9629135132, 93.9629135132, 93.9629135132, 93.9629135132, 93.9629135132, 95.7032623291, 95.7032623291, 95.7032623291, 93.9629135132, 93.9629135132, 95.7032623291, 95.7032623291, 95.7032623291, 95.7032623291, 95.7032623291, 95.7009353638, 95.7032623291, 93.9629135132, 93.9651565552, 93.9629135132, 95.7032623291, 95.7032623291, 93.9629135132, 95.7032623291, 95.7009353638, 95.7032623291, 95.7032623291, 93.9629135132, 93.9629135132, 95.7032623291, 92.286895752, 95.7032623291, 95.7032623291, 95.7009353638, 95.7032623291, 93.9629135132, 93.9651565552, 93.9629135132, 95.7032623291, 95.7009353638, 95.7032623291, 95.7032623291, 93.9629135132, 95.7032623291, 95.7032623291, 92.286895752, 92.2847290039]
