
metadata:
    version:
        essentia: "2.1-beta2"
    audio_properties:
        analysis_sample_rate: 44100
        bitrate: 128
        channels: 2
        equal_loudness: 1
        length: 305.972259521
        replay_gain: -11.0148258209
        downmix: "mix"
    tags:
        album: ""
        artist: ""
        comment: ""
        date: "2012"
        genre: "Blues"
        title: ""
        tracknumber: "1"

configuration:
    average_loudness:
        compute: 1
        frameSize: 88200
        hopSize: 44100
        silentFrames: "noise"
        windowType: "hann"
    general:
        analysisSampleRate: 44100
        endTime: 2000
        equalLoudness: 1
        nequalLoudness: 0
        shortSound: 0
        startTime: 0
    lowlevel:
        compute: 1
        frameSize: 2048
        hopSize: 1024
        zeroPadding: 0
        silentFrames: "noise"
        windowType: "blackmanharris62"
        mfccStats: ["mean", "cov", "icov"]
        stats: ["mean", "var", "median", "min", "max", "dmean", "dmean2", "dvar", "dvar2"]
    panning:
        compute: 0
        frameSize: 8192
        hopSize: 2048
        zeroPadding: 8192
        silentFrames: "noise"
        windowType: "hann"
        stats: ["copy"]
    rhythm:
        compute: 1
        maxTempo: 208
        minTempo: 40
        method: "degara"
        stats: ["mean", "var", "median", "min", "max", "dmean", "dmean2", "dvar", "dvar2"]
    segmentation:
        compute: 0
        cpw: 5
        inc1: 300
        inc2: 50
        minimumSegmentsLength: 10
        size1: 1000
        size2: 600
    sfx:
        compute: 1
        stats: ["mean", "var", "median", "min", "max", "dmean", "dmean2", "dvar", "dvar2"]
    svm:
        compute: 0
    tonal:
        compute: 1
        frameSize: 4096
        hopSize: 2048
        zeroPadding: 0
        silentFrames: "noise"
        windowType: "blackmanharris62"
        stats: ["mean", "var", "median", "min", "max", "dmean", "dmean2", "dvar", "dvar2"]

lowlevel:
    average_loudness: 0.488469272852
    barkbands_kurtosis:
        dmean: 2.79480171204
        dmean2: 4.48654317856
        dvar: 46.1933670044
        dvar2: 114.071434021
        max: 344.724060059
        mean: 5.95487260818
        median: 1.67755734921
        min: -1.88854146004
        var: 365.72946167
    barkbands_skewness:
        dmean: 0.461191505194
        dmean2: 0.730429768562
        dvar: 0.237449601293
        dvar2: 0.594891428947
        max: 16.8576812744
        mean: 1.62498402596
        median: 1.41674971581
        min: -2.88280582428
        var: 2.41656947136
    barkbands_spread:
        dmean: 4.16836547852
        dmean2: 6.51904010773
        dvar: 20.4392681122
        dvar2: 46.5987739563
        max: 66.6267471313
        mean: 19.4615325928
        median: 17.9809741974
        min: 0.352213054895
        var: 129.820587158
    dissonance:
        dmean: 0.0255376547575
        dmean2: 0.0429487079382
        dvar: 0.000504261581227
        dvar2: 0.00139828922693
        max: 0.500000059605
        mean: 0.442830473185
        median: 0.451509326696
        min: 0.195063874125
        var: 0.00151156855281
    hfc:
        dmean: 0.76873421669
        dmean2: 1.0970338583
        dvar: 1.58756756783
        dvar2: 3.11945533752
        max: 46.0083580017
        mean: 3.483689785
        median: 2.13527011871
        min: 1.25209032303e-016
        var: 17.8487930298
    pitch:
        dmean: 183.799285889
        dmean2: 353.607116699
        dvar: 397156.09375
        dvar2: 1072977
        max: 5387.59472656
        mean: 343.144500732
        median: 220.031829834
        min: 43.0544891357
        var: 366688.6875
    pitch_instantaneous_confidence:
        dmean: 0.0817856565118
        dmean2: 0.130146607757
        dvar: 0.00551765179262
        dvar2: 0.0132824918255
        max: 0.972093164921
        mean: 0.497234374285
        median: 0.479960262775
        min: 0.0333817601204
        var: 0.0340739898384
    pitch_salience:
        dmean: 0.0657462105155
        dmean2: 0.10763374716
        dvar: 0.00311103183776
        dvar2: 0.00820972863585
        max: 0.870706558228
        mean: 0.577645480633
        median: 0.591921627522
        min: 0.0545000210404
        var: 0.015429164283
    silence_rate_20dB:
        dmean: 0
        dmean2: 0
        dvar: 0
        dvar2: 0
        max: 1
        mean: 1
        median: 1
        min: 1
        var: 0
    silence_rate_30dB:
        dmean: 0
        dmean2: 0
        dvar: 0
        dvar2: 0
        max: 1
        mean: 1
        median: 1
        min: 1
        var: 0
    silence_rate_60dB:
        dmean: 0.0796782523394
        dmean2: 0.15936858952
        dvar: 0.0733283013105
        dvar2: 0.15779478848
        max: 1
        mean: 0.51748996973
        median: 1
        min: 0
        var: 0.249721944332
    spectral_centroid:
        dmean: 152.445968628
        dmean2: 238.292770386
        dvar: 40031.1445313
        dvar2: 80268.0625
        max: 11155.6572266
        mean: 844.129699707
        median: 739.250854492
        min: 172.104568481
        var: 223936.171875
    spectral_complexity:
        dmean: 1.5533465147
        dmean2: 2.46990966797
        dvar: 2.9716231823
        dvar2: 6.31320238113
        max: 38
        mean: 8.17459583282
        median: 7
        min: 0
        var: 36.4974098206
    spectral_crest:
        dmean: 2.26777172089
        dmean2: 3.76851558685
        dvar: 4.0522813797
        dvar2: 10.4834852219
        max: 26.50938797
        mean: 9.60296344757
        median: 8.548787117
        min: 2.48550009727
        var: 19.3852500916
    spectral_decrease:
        dmean: 2.14809350862e-010
        dmean2: 3.35177413602e-010
        dvar: 7.44388751277e-020
        dvar2: 1.77332569457e-019
        max: 8.68429196241e-030
        mean: -8.75937600231e-010
        median: -7.50333406518e-010
        min: -5.54129542252e-009
        var: 4.704542688e-019
    spectral_energy:
        dmean: 0.000862962508108
        dmean2: 0.00133709423244
        dvar: 1.19846004054e-006
        dvar2: 2.8005463264e-006
        max: 0.0227176211774
        mean: 0.0036219668109
        median: 0.00305764866062
        min: 1.13240500793e-020
        var: 8.45717931952e-006
    spectral_energyband_high:
        dmean: 4.05702157877e-005
        dmean2: 6.01848623774e-005
        dvar: 1.27639951941e-008
        dvar2: 2.93014306152e-008
        max: 0.004343977198
        mean: 9.73350761342e-005
        median: 2.94085039059e-005
        min: 8.11212714777e-021
        var: 4.56424338324e-008
    spectral_energyband_low:
        dmean: 0.000244215712883
        dmean2: 0.000421339587774
        dvar: 1.67041051213e-007
        dvar2: 4.63997992028e-007
        max: 0.00829715747386
        mean: 0.000382874393836
        median: 0.000238845503191
        min: 2.03849256217e-022
        var: 2.28883777709e-007
    spectral_energyband_middle_high:
        dmean: 0.000310886127409
        dmean2: 0.000455122906715
        dvar: 3.29589738612e-007
        dvar2: 7.51970048896e-007
        max: 0.0166105460376
        mean: 0.00111530697905
        median: 0.000441693264293
        min: 1.7015826156e-021
        var: 2.88741307486e-006
    spectral_energyband_middle_low:
        dmean: 0.000656681426335
        dmean2: 0.00104749843013
        dvar: 7.23332618691e-007
        dvar2: 1.80210463441e-006
        max: 0.0153561430052
        mean: 0.00216491450556
        median: 0.00191963382531
        min: 2.53340041761e-022
        var: 2.83699091597e-006
    spectral_flatness_db:
        dmean: 0.0177458822727
        dmean2: 0.028054503724
        dvar: 0.000261979061179
        dvar2: 0.000626827008091
        max: 0.434393912554
        mean: 0.181828007102
        median: 0.172352686524
        min: 0.0669372230768
        var: 0.00239209318534
    spectral_flux:
        dmean: 0.00635114824399
        dmean2: 0.0100109865889
        dvar: 4.64656841359e-005
        dvar2: 0.000105474726297
        max: 0.118307456374
        mean: 0.0285271275789
        median: 0.025248169899
        min: 1.06414523027e-010
        var: 0.000285808579065
    spectral_kurtosis:
        dmean: 2.23259902
        dmean2: 3.68546938896
        dvar: 8.51819038391
        dvar2: 23.2399349213
        max: 59.8695793152
        mean: 7.07278013229
        median: 5.77851915359
        min: -1.22862756252
        var: 27.9962272644
    spectral_rms:
        dmean: 0.000213960869587
        dmean2: 0.000328906695358
        dvar: 4.90462745972e-008
        dvar2: 1.09534141757e-007
        max: 0.00470781605691
        mean: 0.00170396978501
        median: 0.00172715715598
        min: 3.32383122761e-012
        var: 6.30101737897e-007
    spectral_rolloff:
        dmean: 402.592926025
        dmean2: 685.065734863
        dvar: 387503.78125
        dvar2: 890719.375
        max: 18626.2207031
        mean: 1526.87670898
        median: 1033.59375
        min: 172.265625
        var: 1357376.25
    spectral_skewness:
        dmean: 0.257322311401
        dmean2: 0.406766891479
        dvar: 0.0703272596002
        dvar2: 0.175648912787
        max: 5.87987136841
        mean: 2.06220722198
        median: 1.95597970486
        min: -0.0455235689878
        var: 0.413248032331
    spectral_spread:
        dmean: 487471.8125
        dmean2: 685265.875
        dvar: 498562367488
        dvar2: 676622499840
        max: 43086564
        mean: 4291488
        median: 4048438
        min: 1260983.25
        var: 2.62222852915e+012
    spectral_strongpeak:
        dmean: 0.286274343729
        dmean2: 0.487546265125
        dvar: 0.301690518856
        dvar2: 0.79539000988
        max: 9.52390861511
        mean: 0.569657504559
        median: 0.294777333736
        min: 0
        var: 0.621474266052
    zerocrossingrate:
        dmean: 0.0066046542488
        dmean2: 0.00801515672356
        dvar: 7.07291837898e-005
        dvar2: 8.16878309706e-005
        max: 0.50732421875
        mean: 0.0554053783417
        median: 0.052734375
        min: 0.0078125
        var: 0.000718562107068
    barkbands:
        dmean: [3.26494244973e-007, 7.11489992682e-005, 0.000142286822665, 0.000199300397071, 0.000311940326355, 0.000173533946509, 0.000162514741533, 0.000108403582999, 0.000131476030219, 0.000109327222162, 0.000104983155325, 4.58777831227e-005, 5.18581655342e-005, 3.03972537949e-005, 3.6514349631e-005, 3.52407914761e-005, 4.85121745442e-005, 4.77580797451e-005, 5.59435757168e-005, 5.33291495231e-005, 2.12624199776e-005, 5.53940481041e-006, 1.48531353261e-006, 1.39351641337e-006, 6.35772096302e-007, 2.38890631721e-008, 1.89127005723e-010]
        dmean2: [5.35972731086e-007, 0.000123693389469, 0.000248269992881, 0.000336124299793, 0.000516003870871, 0.000278896361124, 0.000252216123044, 0.000166929647094, 0.000207451288588, 0.00017485684657, 0.000168047306943, 7.26091602701e-005, 8.29354903544e-005, 4.78933252452e-005, 5.86894057051e-005, 5.38222338946e-005, 7.36357105779e-005, 7.35942812753e-005, 8.7160289695e-005, 8.32947625895e-005, 3.29657668772e-005, 8.37153311295e-006, 2.11474889511e-006, 1.95478310161e-006, 8.9868183295e-007, 3.48018609486e-008, 3.40332817483e-010]
        dvar: [1.96260135964e-013, 1.45485010705e-008, 6.58699406131e-008, 1.1755469842e-007, 2.30845969895e-007, 8.09722209283e-008, 8.12898619529e-008, 5.93914109004e-008, 9.65896376215e-008, 1.19399658161e-007, 9.8826298256e-008, 1.53882702136e-008, 2.95645339321e-008, 7.0978667388e-009, 2.12105462083e-008, 1.48558765289e-008, 2.0298037029e-008, 1.80548838102e-008, 1.55949262393e-008, 1.84725461594e-008, 3.80991282967e-009, 2.19273765811e-010, 2.39691079484e-011, 2.62928030043e-011, 5.57523168257e-012, 8.85506200158e-015, 1.18135453543e-019]
        dvar2: [4.88408467315e-013, 3.95577046675e-008, 1.85196611824e-007, 3.13898112836e-007, 6.14324164872e-007, 1.96319803081e-007, 1.84462109587e-007, 1.41485486438e-007, 2.50687463677e-007, 3.08711264552e-007, 2.61519545575e-007, 3.85577791917e-008, 7.35455216727e-008, 1.74564362965e-008, 5.49832428476e-008, 3.42213617444e-008, 4.57778348562e-008, 3.99109261195e-008, 3.82864726589e-008, 4.40265601753e-008, 9.23107634776e-009, 5.01255759122e-010, 4.39310671174e-011, 4.91247910406e-011, 1.02029114324e-011, 1.76200657661e-014, 3.4391993351e-019]
        max: [7.4335307545e-006, 0.00224037817679, 0.00668245041743, 0.00540661392733, 0.0123705137521, 0.00839857850224, 0.00514876609668, 0.00674621760845, 0.006203670986, 0.00751563441008, 0.00919064320624, 0.0031427401118, 0.0053641195409, 0.00221863505431, 0.00568775786087, 0.00474503124133, 0.00647975690663, 0.00637401500717, 0.00347544206306, 0.00613205041736, 0.00186660699546, 0.000505148025695, 0.000185559882084, 0.00015029819042, 9.44794155657e-005, 2.77661888504e-006, 6.02445471287e-009]
        mean: [4.01481742074e-007, 8.52371013025e-005, 0.00018561037723, 0.000283370754914, 0.000611517461948, 0.000397877796786, 0.000343509513186, 0.000230083169299, 0.000242376918322, 0.000190034435946, 0.000190450271475, 8.43693196657e-005, 8.83022148628e-005, 5.15902102052e-005, 6.38702476863e-005, 6.74450129736e-005, 9.83341378742e-005, 0.000101622019429, 0.000133071211167, 0.000113798421808, 4.15724825871e-005, 1.06444376797e-005, 2.97424253404e-006, 2.68602070719e-006, 1.17267211408e-006, 3.94943739934e-008, 1.93265278781e-010]
        median: [2.122929601e-007, 4.66827696073e-005, 9.28989757085e-005, 0.000123884587083, 0.000397282739868, 0.000207423698157, 0.000147547587403, 6.05948152952e-005, 5.12565893587e-005, 1.87292080227e-005, 3.02352127619e-005, 2.15709260374e-005, 1.66099944181e-005, 1.35456575663e-005, 1.58033435582e-005, 1.43760462379e-005, 1.69512095454e-005, 2.68325784418e-005, 3.10032155539e-005, 3.65186278941e-005, 1.22032615764e-005, 3.12271777148e-006, 6.67656820497e-007, 5.17054331794e-007, 1.49931224769e-007, 6.40291464293e-009, 7.49137002432e-011]
        min: [1.52568412751e-023, 1.04110479636e-022, 8.32468378755e-023, 1.70020887428e-023, 2.65407013525e-023, 9.45568250261e-023, 4.61622469074e-023, 3.06451036216e-023, 2.44347283032e-023, 1.12196139831e-022, 9.36829438479e-023, 8.72568071834e-023, 1.71529662796e-022, 6.95918260001e-023, 1.66118278934e-022, 1.96893964279e-022, 1.07986866393e-022, 2.75149180647e-022, 2.06278064281e-022, 3.48482170024e-022, 4.70310238399e-022, 4.90432073229e-022, 6.25995686711e-022, 8.7828577354e-022, 1.2690784288e-021, 1.91512304697e-021, 2.56478779201e-021]
        var: [3.08506068998e-013, 1.59689168555e-008, 8.21005912144e-008, 2.02238609859e-007, 4.93265531532e-007, 4.13590896642e-007, 2.66886871714e-007, 2.24053692932e-007, 2.60242501327e-007, 2.88055304054e-007, 3.08680711214e-007, 3.73901087869e-008, 6.37058121811e-008, 1.67961005104e-008, 4.60133300351e-008, 4.66926195486e-008, 6.39258459501e-008, 6.59162751049e-008, 7.14374976951e-008, 5.78320289435e-008, 8.69934346781e-009, 4.55913667929e-010, 6.77979408725e-011, 7.52065076881e-011, 1.41254568806e-011, 1.87721542412e-014, 1.38376046144e-019]
    frequency_bands:
        dmean: [3.26494244973e-007, 7.11489992682e-005, 0.000142286822665, 0.000199300397071, 0.000311940326355, 0.000173533946509, 0.000162514741533, 0.000108403582999, 0.000131476030219, 0.000109327222162, 0.000104983155325, 4.58777831227e-005, 5.18581655342e-005, 3.03972537949e-005, 3.6514349631e-005, 3.52407914761e-005, 4.85121745442e-005, 4.77580797451e-005, 5.59435757168e-005, 5.33291495231e-005, 2.12624199776e-005, 5.53940481041e-006, 1.48531353261e-006, 1.39351641337e-006, 6.35772096302e-007, 2.38890631721e-008, 1.89127005723e-010, 4.40708303184e-011]
        dmean2: [5.35972731086e-007, 0.000123693389469, 0.000248269992881, 0.000336124299793, 0.000516003870871, 0.000278896361124, 0.000252216123044, 0.000166929647094, 0.000207451288588, 0.00017485684657, 0.000168047306943, 7.26091602701e-005, 8.29354903544e-005, 4.78933252452e-005, 5.86894057051e-005, 5.38222338946e-005, 7.36357105779e-005, 7.35942812753e-005, 8.7160289695e-005, 8.32947625895e-005, 3.29657668772e-005, 8.37153311295e-006, 2.11474889511e-006, 1.95478310161e-006, 8.9868183295e-007, 3.48018609486e-008, 3.40332817483e-010, 8.19408013664e-011]
        dvar: [1.96260135964e-013, 1.45485010705e-008, 6.58699406131e-008, 1.1755469842e-007, 2.30845969895e-007, 8.09722209283e-008, 8.12898619529e-008, 5.93914109004e-008, 9.65896376215e-008, 1.19399658161e-007, 9.8826298256e-008, 1.53882702136e-008, 2.95645339321e-008, 7.0978667388e-009, 2.12105462083e-008, 1.48558765289e-008, 2.0298037029e-008, 1.80548838102e-008, 1.55949262393e-008, 1.84725461594e-008, 3.80991282967e-009, 2.19273765811e-010, 2.39691079484e-011, 2.62928030043e-011, 5.57523168257e-012, 8.85506200158e-015, 1.18135453543e-019, 5.31762265626e-021]
        dvar2: [4.88408467315e-013, 3.95577046675e-008, 1.85196611824e-007, 3.13898112836e-007, 6.14324164872e-007, 1.96319803081e-007, 1.84462109587e-007, 1.41485486438e-007, 2.50687463677e-007, 3.08711264552e-007, 2.61519545575e-007, 3.85577791917e-008, 7.35455216727e-008, 1.74564362965e-008, 5.49832428476e-008, 3.42213617444e-008, 4.57778348562e-008, 3.99109261195e-008, 3.82864726589e-008, 4.40265601753e-008, 9.23107634776e-009, 5.01255759122e-010, 4.39310671174e-011, 4.91247910406e-011, 1.02029114324e-011, 1.76200657661e-014, 3.4391993351e-019, 1.70827902232e-020]
        max: [7.4335307545e-006, 0.00224037817679, 0.00668245041743, 0.00540661392733, 0.0123705137521, 0.00839857850224, 0.00514876609668, 0.00674621760845, 0.006203670986, 0.00751563441008, 0.00919064320624, 0.0031427401118, 0.0053641195409, 0.00221863505431, 0.00568775786087, 0.00474503124133, 0.00647975690663, 0.00637401500717, 0.00347544206306, 0.00613205041736, 0.00186660699546, 0.000505148025695, 0.000185559882084, 0.00015029819042, 9.44794155657e-005, 2.77661888504e-006, 6.02445471287e-009, 1.15961196201e-009]
        mean: [4.01481742074e-007, 8.52371013025e-005, 0.00018561037723, 0.000283370754914, 0.000611517461948, 0.000397877796786, 0.000343509513186, 0.000230083169299, 0.000242376918322, 0.000190034435946, 0.000190450271475, 8.43693196657e-005, 8.83022148628e-005, 5.15902102052e-005, 6.38702476863e-005, 6.74450129736e-005, 9.83341378742e-005, 0.000101622019429, 0.000133071211167, 0.000113798421808, 4.15724825871e-005, 1.06444376797e-005, 2.97424253404e-006, 2.68602070719e-006, 1.17267211408e-006, 3.94943739934e-008, 1.93265278781e-010, 3.43574543815e-011]
        median: [2.122929601e-007, 4.66827696073e-005, 9.28989757085e-005, 0.000123884587083, 0.000397282739868, 0.000207423698157, 0.000147547587403, 6.05948152952e-005, 5.12565893587e-005, 1.87292080227e-005, 3.02352127619e-005, 2.15709260374e-005, 1.66099944181e-005, 1.35456575663e-005, 1.58033435582e-005, 1.43760462379e-005, 1.69512095454e-005, 2.68325784418e-005, 3.10032155539e-005, 3.65186278941e-005, 1.22032615764e-005, 3.12271777148e-006, 6.67656820497e-007, 5.17054331794e-007, 1.49931224769e-007, 6.40291464293e-009, 7.49137002432e-011, 1.01201399691e-011]
        min: [1.52568412751e-023, 1.04110479636e-022, 8.32468378755e-023, 1.70020887428e-023, 2.65407013525e-023, 9.45568250261e-023, 4.61622469074e-023, 3.06451036216e-023, 2.44347283032e-023, 1.12196139831e-022, 9.36829438479e-023, 8.72568071834e-023, 1.71529662796e-022, 6.95918260001e-023, 1.66118278934e-022, 1.96893964279e-022, 1.07986866393e-022, 2.75149180647e-022, 2.06278064281e-022, 3.48482170024e-022, 4.70310238399e-022, 4.90432073229e-022, 6.25995686711e-022, 8.7828577354e-022, 1.2690784288e-021, 1.91512304697e-021, 2.56478779201e-021, 7.71822065026e-022]
        var: [3.08506068998e-013, 1.59689168555e-008, 8.21005912144e-008, 2.02238609859e-007, 4.93265531532e-007, 4.13590896642e-007, 2.66886871714e-007, 2.24053692932e-007, 2.60242501327e-007, 2.88055304054e-007, 3.08680711214e-007, 3.73901087869e-008, 6.37058121811e-008, 1.67961005104e-008, 4.60133300351e-008, 4.66926195486e-008, 6.39258459501e-008, 6.59162751049e-008, 7.14374976951e-008, 5.78320289435e-008, 8.69934346781e-009, 4.55913667929e-010, 6.77979408725e-011, 7.52065076881e-011, 1.41254568806e-011, 1.87721542412e-014, 1.38376046144e-019, 4.18483233081e-021]
    mfcc:
        mean: [-774.321350098, 142.756362915, -21.3892250061, 42.2568664551, -13.6563711166, -12.4233341217, 2.4964132309, -8.44297122955, -7.52807855606, -6.10464572906, -6.24213695526, -4.76647758484, -2.68496894836]
        cov: [[6979.24169922, -333.881622314, -1045.02355957, 150.320709229, -437.842803955, 88.986366272, 259.373168945, 165.937759399, 169.046112061, 62.5269584656, -24.6911373138, -91.7223510742, -87.270942688], [-333.881622314, 889.801269531, -40.6913414001, 3.9950606823, 20.5786418915, 9.57237529755, 49.0546188354, -25.3285121918, -27.5854911804, -4.93920373917, 51.654838562, 23.7397556305, 76.2109832764], [-1045.02355957, -40.6913414001, 513.553649902, 23.1467285156, 93.7863006592, 73.3507385254, -57.1375312805, -20.6122207642, -46.7262916565, -4.162586689, -20.5515613556, 33.923500061, 16.598690033], [150.320709229, 3.9950606823, 23.1467285156, 256.75680542, 79.7564849854, 47.5358161926, -6.71675682068, 12.155954361, 12.1294403076, 30.9794063568, -19.4839725494, 15.5811853409, 26.4720458984], [-437.842803955, 20.5786418915, 93.7863006592, 79.7564849854, 231.094894409, 31.4880905151, -50.4544639587, -36.4612121582, 1.73540067673, 16.6529541016, -22.6439800262, 27.2719497681, 16.9835777283], [88.986366272, 9.57237529755, 73.3507385254, 47.5358161926, 31.4880905151, 170.394073486, 42.3791275024, -0.0181490518153, -15.5613145828, -0.634692192078, 6.2725276947, -0.778176546097, -2.05912041664], [259.373168945, 49.0546188354, -57.1375312805, -6.71675682068, -50.4544639587, 42.3791275024, 164.393173218, 50.0519065857, 9.35966587067, 3.23954343796, 17.9749164581, -11.5519676208, -8.15656089783], [165.937759399, -25.3285121918, -20.6122207642, 12.155954361, -36.4612121582, -0.0181490518153, 50.0519065857, 139.475753784, 29.4116821289, 15.3923568726, -0.628611445427, -11.2908821106, -5.04114198685], [169.046112061, -27.5854911804, -46.7262916565, 12.1294403076, 1.73540067673, -15.5613145828, 9.35966587067, 29.4116821289, 102.456748962, 28.3032035828, -8.79455280304, -8.28549957275, -9.63633918762], [62.5269584656, -4.93920373917, -4.162586689, 30.9794063568, 16.6529541016, -0.634692192078, 3.23954343796, 15.3923568726, 28.3032035828, 118.965888977, 16.8745880127, 9.71073818207, 11.7478265762], [-24.6911373138, 51.654838562, -20.5515613556, -19.4839725494, -22.6439800262, 6.2725276947, 17.9749164581, -0.628611445427, -8.79455280304, 16.8745880127, 101.086334229, 14.2316207886, 1.21884703636], [-91.7223510742, 23.7397556305, 33.923500061, 15.5811853409, 27.2719497681, -0.778176546097, -11.5519676208, -11.2908821106, -8.28549957275, 9.71073818207, 14.2316207886, 88.7676086426, 26.9010181427], [-87.270942688, 76.2109832764, 16.598690033, 26.4720458984, 16.9835777283, -2.05912041664, -8.15656089783, -5.04114198685, -9.63633918762, 11.7478265762, 1.21884703636, 26.9010181427, 91.988822937]]
        icov: [[0.000278247636743, 0.000103522077552, 0.000554918311536, -0.000240063731326, 0.000459860195406, -0.000419453077484, -4.80780036014e-005, -3.24730644934e-005, -0.000157994552865, -0.00011506996816, 0.000241888221353, -0.000130627420731, 7.99702174845e-005], [0.000103522077552, 0.00134640827309, 0.000322045438224, -4.88511723233e-005, -9.27918154048e-005, -8.42780136736e-005, -0.000545274233446, 0.000262116751401, 0.000113890768262, 0.000172901534825, -0.000533756101504, 3.08017151838e-005, -0.00109213835094], [0.000554918311536, 0.000322045438224, 0.00358657282777, -0.000168041529832, 0.000225809315452, -0.00202443031594, 0.000798114982899, -0.000462307361886, 0.000670368841384, -0.000329282134771, 0.00094595522387, -0.000947864726186, -3.80090341423e-006], [-0.000240063731326, -4.88511723233e-005, -0.000168041529832, 0.00514440378174, -0.00181259470992, -0.00104015308898, 0.0003540944017, -0.000746562669519, -9.07817084226e-005, -0.000826676376164, 0.000693781708833, -0.000247687334195, -0.00117622700054], [0.000459860195406, -9.27918154048e-005, 0.000225809315452, -0.00181259470992, 0.00675782235339, -0.00153923849575, 0.00125514972024, 0.00114613748156, -0.000998872797936, -0.000789183366578, 0.0014845764963, -0.00137369625736, 0.000264198111836], [-0.000419453077484, -8.42780136736e-005, -0.00202443031594, -0.00104015308898, -0.00153923849575, 0.00837919674814, -0.00275346776471, 0.000661513884552, 0.00112014717888, 0.000447948696092, -0.00115650962107, 0.000936699332669, 0.000401889759814], [-4.80780036014e-005, -0.000545274233446, 0.000798114982899, 0.0003540944017, 0.00125514972024, -0.00275346776471, 0.00862387381494, -0.0026550933253, -0.000199980553589, -5.77826067456e-005, -0.000620942679234, 4.97462133353e-005, 0.000466132216388], [-3.24730644934e-005, 0.000262116751401, -0.000462307361886, -0.000746562669519, 0.00114613748156, 0.000661513884552, -0.0026550933253, 0.00904629845172, -0.00205534533598, -0.000617044337559, 0.000211649035919, 0.000562130357139, -0.000189875761862], [-0.000157994552865, 0.000113890768262, 0.000670368841384, -9.07817084226e-005, -0.000998872797936, 0.00112014717888, -0.000199980553589, -0.00205534533598, 0.0121500669047, -0.00266166776419, 0.0011724201031, 0.000468874641228, 0.00120009318925], [-0.00011506996816, 0.000172901534825, -0.000329282134771, -0.000826676376164, -0.000789183366578, 0.000447948696092, -5.77826067456e-005, -0.000617044337559, -0.00266166776419, 0.0099932840094, -0.0023819275666, -0.000308206886984, -0.00127167603932], [0.000241888221353, -0.000533756101504, 0.00094595522387, 0.000693781708833, 0.0014845764963, -0.00115650962107, -0.000620942679234, 0.000211649035919, 0.0011724201031, -0.0023819275666, 0.0118972389027, -0.00243260618299, 0.000938666402362], [-0.000130627420731, 3.08017151838e-005, -0.000947864726186, -0.000247687334195, -0.00137369625736, 0.000936699332669, 4.97462133353e-005, 0.000562130357139, 0.000468874641228, -0.000308206886984, -0.00243260618299, 0.0135454097763, -0.00343780964613], [7.99702174845e-005, -0.00109213835094, -3.80090341423e-006, -0.00117622700054, 0.000264198111836, 0.000401889759814, 0.000466132216388, -0.000189875761862, 0.00120009318925, -0.00127167603932, 0.000938666402362, -0.00343780964613, 0.0134629188105]]
    sccoeffs:
        dmean: [0.0541410148144, 0.0449908562005, 0.0375702828169, 0.0294090658426, 0.0228505469859, 0.0178745482117]
        dmean2: [0.0917428210378, 0.0749314501882, 0.0608013160527, 0.0479050800204, 0.0359735265374, 0.0272332318127]
        dvar: [0.00172683654819, 0.00125289580319, 0.00090884626843, 0.000583749322686, 0.000394827744458, 0.000241301255301]
        dvar2: [0.00493869790807, 0.00346184638329, 0.00233238586225, 0.00145667570177, 0.000918404490221, 0.000532872625627]
        max: [-0.320435643196, -0.382171392441, -0.482426315546, -0.546489596367, -0.530106186867, -0.563692748547]
        mean: [-0.663746714592, -0.713905394077, -0.752678632736, -0.773791015148, -0.77426046133, -0.775583744049]
        median: [-0.667382597923, -0.71501493454, -0.755182981491, -0.774825870991, -0.775165498257, -0.780114531517]
        min: [-0.985267341137, -0.976696193218, -0.983318328857, -0.978573799133, -0.974433898926, -0.961841762066]
        var: [0.00577849568799, 0.00658359052613, 0.00605675438419, 0.00397146539763, 0.004220277071, 0.00219847029075]
    scvalleys:
        dmean: [0.41224655509, 0.339690327644, 0.307409346104, 0.281637966633, 0.252698779106, 0.274547129869]
        dmean2: [0.69085085392, 0.560280025005, 0.487014681101, 0.436970323324, 0.375897586346, 0.370396405458]
        dvar: [0.12747913599, 0.0990308299661, 0.0916693210602, 0.0893607512116, 0.0890124365687, 0.0961405411363]
        dvar2: [0.304269134998, 0.207615926862, 0.171915635467, 0.160985901952, 0.153275385499, 0.139686957002]
        max: [-4.98862934113, -4.63692903519, -4.86037826538, -5.70727968216, -5.60349369049, -7.54219341278]
        mean: [-6.79937887192, -6.70316791534, -7.47156000137, -8.21144485474, -8.39105796814, -10.82310009]
        median: [-6.58693695068, -6.62225341797, -7.48444700241, -8.16926860809, -8.37887859344, -10.8611631393]
        min: [-27.4089679718, -26.8545608521, -27.2963256836, -27.2811698914, -27.4590816498, -27.3553581238]
        var: [0.83692741394, 0.548428714275, 0.737500369549, 0.666372001171, 0.779887080193, 1.1954190731]

rhythm:
    beats_loudness:
        dmean: 0.00181863224134
        dmean2: 0.00314826657996
        dvar: 3.7463209992e-006
        dvar2: 1.0695369383e-005
        max: 0.0171445515007
        mean: 0.00445182807744
        median: 0.00387742510065
        min: 7.05278080204e-006
        var: 1.04791970443e-005
    bpm: 166.167984009
    bpm_confidence: 0
    first_peak_bpm: 167
    first_peak_spread: 0
    first_peak_weight: 0.45113787055
    onset_rate: 2.60807967186
    second_peak_bpm: 172
    second_peak_spread: 0
    second_peak_weight: 0.157965198159
    beats_loudness_band_ratio:
        dmean: [0.154636457562, 0.145648434758, 0.127074271441, 0.0786702632904, 0.0603048838675, 0.0460200496018]
        dmean2: [0.269002169371, 0.248458817601, 0.218980133533, 0.134891360998, 0.106107085943, 0.0796868503094]
        dvar: [0.0187513977289, 0.0143393948674, 0.0142397424206, 0.0114008216187, 0.00794264115393, 0.00372680067085]
        dvar2: [0.051139883697, 0.0423998013139, 0.0391508452594, 0.0301639456302, 0.0219149291515, 0.0111506618559]
        max: [0.80217063427, 0.992002725601, 0.833068192005, 0.758402585983, 0.536851286888, 0.540477514267]
        mean: [0.267192602158, 0.319693118334, 0.220487773418, 0.110956773162, 0.0801802501082, 0.0705763027072]
        median: [0.217284277081, 0.269179224968, 0.177110642195, 0.0595171712339, 0.0441744439304, 0.0518604964018]
        min: [0.000929573201574, 0.0201125051826, 0.0116377444938, 0.00130524788983, 0.00115903653204, 0.000356846285285]
        var: [0.0358659811318, 0.0425852462649, 0.0244363564998, 0.0172599107027, 0.00937275309116, 0.00492545729503]
