
metadata:
    version:
        essentia: "2.1-beta2"
    audio_properties:
        analysis_sample_rate: 44100
        bitrate: 128
        channels: 2
        equal_loudness: 1
        length: 340.715087891
        replay_gain: -15.0166702271
        downmix: "mix"
    tags:
        album: ""
        artist: ""
        comment: ""
        date: "2012"
        genre: "Blues"
        title: ""
        tracknumber: "1"

configuration:
    average_loudness:
        compute: 1
        frameSize: 88200
        hopSize: 44100
        silentFrames: "noise"
        windowType: "hann"
    general:
        analysisSampleRate: 44100
        endTime: 2000
        equalLoudness: 1
        nequalLoudness: 0
        shortSound: 0
        startTime: 0
    lowlevel:
        compute: 1
        frameSize: 2048
        hopSize: 1024
        zeroPadding: 0
        silentFrames: "noise"
        windowType: "blackmanharris62"
        mfccStats: ["mean", "cov", "icov"]
        stats: ["mean", "var", "median", "min", "max", "dmean", "dmean2", "dvar", "dvar2"]
    panning:
        compute: 0
        frameSize: 8192
        hopSize: 2048
        zeroPadding: 8192
        silentFrames: "noise"
        windowType: "hann"
        stats: ["copy"]
    rhythm:
        compute: 1
        maxTempo: 208
        minTempo: 40
        method: "degara"
        stats: ["mean", "var", "median", "min", "max", "dmean", "dmean2", "dvar", "dvar2"]
    segmentation:
        compute: 0
        cpw: 5
        inc1: 300
        inc2: 50
        minimumSegmentsLength: 10
        size1: 1000
        size2: 600
    sfx:
        compute: 1
        stats: ["mean", "var", "median", "min", "max", "dmean", "dmean2", "dvar", "dvar2"]
    svm:
        compute: 0
    tonal:
        compute: 1
        frameSize: 4096
        hopSize: 2048
        zeroPadding: 0
        silentFrames: "noise"
        windowType: "blackmanharris62"
        stats: ["mean", "var", "median", "min", "max", "dmean", "dmean2", "dvar", "dvar2"]

lowlevel:
    average_loudness: 0.678786993027
    barkbands_kurtosis:
        dmean: 1.12175476551
        dmean2: 1.8558371067
        dvar: 35.4753913879
        dvar2: 101.892868042
        max: 294.026092529
        mean: 0.943446278572
        median: -0.97790569067
        min: -1.92269039154
        var: 114.66872406
    barkbands_skewness:
        dmean: 0.304407179356
        dmean2: 0.482807934284
        dvar: 0.116340011358
        dvar2: 0.291950643063
        max: 5.32281923294
        mean: 0.114770464599
        median: 0.067684546113
        min: -13.0873317719
        var: 1.33457815647
    barkbands_spread:
        dmean: 3.94222307205
        dmean2: 6.21070289612
        dvar: 17.1910190582
        dvar2: 41.1159553528
        max: 68.1377792358
        mean: 29.2320384979
        median: 31.2275085449
        min: 0.184111699462
        var: 128.416091919
    dissonance:
        dmean: 0.0200990736485
        dmean2: 0.0344792343676
        dvar: 0.000768309517298
        dvar2: 0.00218534399755
        max: 0.499999940395
        mean: 0.457942485809
        median: 0.471355170012
        min: 0.059146925807
        var: 0.00175476889126
    hfc:
        dmean: 1.4507522583
        dmean2: 2.38235163689
        dvar: 4.42414474487
        dvar2: 11.8022956848
        max: 43.4532585144
        mean: 7.69435405731
        median: 5.55640745163
        min: 2.29007893378e-013
        var: 55.2532310486
    pitch:
        dmean: 470.801177979
        dmean2: 918.446960449
        dvar: 1176234.75
        dvar2: 3162454.75
        max: 4379.00488281
        mean: 676.361755371
        median: 265.100646973
        min: 65.522102356
        var: 1075963.625
    pitch_instantaneous_confidence:
        dmean: 0.0685076639056
        dmean2: 0.107198216021
        dvar: 0.00474381167442
        dvar2: 0.0108156213537
        max: 0.99435377121
        mean: 0.551972270012
        median: 0.528684258461
        min: 0.134178042412
        var: 0.0404640883207
    pitch_salience:
        dmean: 0.0476974286139
        dmean2: 0.0765426680446
        dvar: 0.00191511644516
        dvar2: 0.00482737738639
        max: 0.981325268745
        mean: 0.547263324261
        median: 0.574966609478
        min: 0.0395360216498
        var: 0.0194851569831
    silence_rate_20dB:
        dmean: 0
        dmean2: 0
        dvar: 0
        dvar2: 0
        max: 1
        mean: 1
        median: 1
        min: 1
        var: 0
    silence_rate_30dB:
        dmean: 0
        dmean2: 0
        dvar: 0
        dvar2: 0
        max: 1
        mean: 1
        median: 1
        min: 1
        var: 0
    silence_rate_60dB:
        dmean: 0.0224887561053
        dmean2: 0.0449805781245
        dvar: 0.0219902545214
        dvar2: 0.0501744858921
        max: 1
        mean: 0.490698456764
        median: 0
        min: 0
        var: 0.249886482954
    spectral_centroid:
        dmean: 187.099151611
        dmean2: 300.448852539
        dvar: 38988.8359375
        dvar2: 98296.4921875
        max: 3677.96777344
        mean: 1643.44787598
        median: 1690.93017578
        min: 141.859664917
        var: 350058.6875
    spectral_complexity:
        dmean: 2.2269320488
        dmean2: 3.68786215782
        dvar: 7.99432373047
        dvar2: 19.8715820313
        max: 50
        mean: 13.2825899124
        median: 10
        min: 0
        var: 125.800056458
    spectral_crest:
        dmean: 1.65750038624
        dmean2: 2.64775657654
        dvar: 2.73408961296
        dvar2: 6.66990709305
        max: 26.8661136627
        mean: 8.8404302597
        median: 7.24344158173
        min: 2.3465282917
        var: 24.5457515717
    spectral_decrease:
        dmean: 1.32879277026e-010
        dmean2: 2.13925974157e-010
        dvar: 3.1307151211e-020
        dvar2: 8.05160159918e-020
        max: -1.31325666528e-023
        mean: -8.67834748508e-010
        median: -7.62552465616e-010
        min: -3.20937942888e-009
        var: 4.9985356024e-019
    spectral_energy:
        dmean: 0.000605752342381
        dmean2: 0.000980672542937
        dvar: 6.63995649575e-007
        dvar2: 1.7142924662e-006
        max: 0.0153835695237
        mean: 0.00397329730913
        median: 0.0033896220848
        min: 7.03369674304e-017
        var: 1.09508573587e-005
    spectral_energyband_high:
        dmean: 0.000132617133204
        dmean2: 0.000220357353101
        dvar: 4.3046544107e-008
        dvar2: 1.15400403899e-007
        max: 0.00362225621939
        mean: 0.000446011021268
        median: 0.000243301386945
        min: 1.7052993381e-017
        var: 2.51145877428e-007
    spectral_energyband_low:
        dmean: 0.000125182545162
        dmean2: 0.000204159878194
        dvar: 4.1318202193e-008
        dvar2: 1.09274111537e-007
        max: 0.00407504243776
        mean: 0.000285633490421
        median: 0.000207364821108
        min: 4.87687284393e-019
        var: 1.08259641252e-007
    spectral_energyband_middle_high:
        dmean: 0.000422335317126
        dmean2: 0.000676611962263
        dvar: 3.46456886291e-007
        dvar2: 8.83622703896e-007
        max: 0.012849134393
        mean: 0.00205712323077
        median: 0.00152476818766
        min: 5.0322028873e-017
        var: 3.8114480958e-006
    spectral_energyband_middle_low:
        dmean: 0.000345223583281
        dmean2: 0.00054635485867
        dvar: 2.58215123949e-007
        dvar2: 6.5295563445e-007
        max: 0.00836827419698
        mean: 0.00125707359985
        median: 0.000916603254154
        min: 2.69437520247e-018
        var: 1.49236916513e-006
    spectral_flatness_db:
        dmean: 0.0128470761701
        dmean2: 0.019226282835
        dvar: 0.000165487319464
        dvar2: 0.000347363791661
        max: 0.518071889877
        mean: 0.160110831261
        median: 0.141757726669
        min: 0.057294011116
        var: 0.00319891679101
    spectral_flux:
        dmean: 0.00481933169067
        dmean2: 0.0074208509177
        dvar: 3.39986618201e-005
        dvar2: 7.60357143008e-005
        max: 0.0855047628284
        mean: 0.0278697442263
        median: 0.028828535229
        min: 2.78381094176e-006
        var: 0.000392770802137
    spectral_kurtosis:
        dmean: 1.04829907417
        dmean2: 1.77640235424
        dvar: 1.53899431229
        dvar2: 4.06947612762
        max: 56.5522041321
        mean: 3.87868356705
        median: 3.13529801369
        min: -0.371375709772
        var: 13.0640459061
    spectral_rms:
        dmean: 0.000135730922921
        dmean2: 0.000216907501454
        dvar: 2.44813058714e-008
        dvar2: 6.08761396848e-008
        max: 0.0038740625605
        mean: 0.00171328708529
        median: 0.00181850173976
        min: 2.61956928371e-010
        var: 9.41046494063e-007
    spectral_rolloff:
        dmean: 303.222900391
        dmean2: 520.824157715
        dvar: 230368.15625
        dvar2: 540195.9375
        max: 6330.76171875
        mean: 3025.11938477
        median: 3531.4453125
        min: 150.732421875
        var: 1387187.375
    spectral_skewness:
        dmean: 0.148715049028
        dmean2: 0.244948863983
        dvar: 0.0226375628263
        dvar2: 0.0564892403781
        max: 6.54916715622
        mean: 1.44449579716
        median: 1.29362142086
        min: 0.590651154518
        var: 0.29930138588
    spectral_spread:
        dmean: 380772.5625
        dmean2: 557672.25
        dvar: 233653977088
        dvar2: 486111281152
        max: 12150638
        mean: 4721931
        median: 4492427
        min: 1672140.25
        var: 1.57493310259e+012
    spectral_strongpeak:
        dmean: 0.540555417538
        dmean2: 0.922386050224
        dvar: 0.940201282501
        dvar2: 2.41386914253
        max: 11.1440382004
        mean: 1.00853300095
        median: 0.533677518368
        min: 1.3009162636e-008
        var: 1.86720001698
    zerocrossingrate:
        dmean: 0.00639949925244
        dmean2: 0.00780597748235
        dvar: 3.78567565349e-005
        dvar2: 4.80663693452e-005
        max: 0.4208984375
        mean: 0.0949112921953
        median: 0.10107421875
        min: 0.01025390625
        var: 0.00086510105757
    barkbands:
        dmean: [4.02918459486e-007, 5.37342129974e-005, 8.46874390845e-005, 4.8457277444e-005, 0.000145186466398, 9.47985245148e-005, 0.00012440563296, 6.35295291431e-005, 9.69393367996e-005, 8.35215396364e-005, 5.2921986935e-005, 4.79381815239e-005, 5.2930394304e-005, 3.46036285919e-005, 6.0768918047e-005, 7.4782728916e-005, 0.00015099713346, 7.65335280448e-005, 0.000197351706447, 0.000139295894769, 7.53842105041e-005, 2.23901315621e-005, 3.52530469172e-006, 1.40643578561e-006, 5.36032473519e-007, 2.12942019573e-008, 2.36062475123e-010]
        dmean2: [6.7854767849e-007, 8.99091101019e-005, 0.000137774506584, 8.06129173725e-005, 0.000247059710091, 0.00014706987713, 0.000189456128282, 9.78604875854e-005, 0.000146772115841, 0.000127853083541, 8.30798744573e-005, 7.6010961493e-005, 8.16381652839e-005, 5.55511578568e-005, 9.70486726146e-005, 0.000122245692182, 0.000240944762481, 0.00012839709234, 0.000331538001774, 0.000232350590522, 0.000126472456031, 3.69944100385e-005, 5.45143348063e-006, 2.10756684282e-006, 7.82715744663e-007, 3.15198853684e-008, 4.15026235601e-010]
        dvar: [8.13771196696e-013, 1.25330128498e-008, 2.00233358782e-008, 7.84581111191e-009, 8.81000943309e-008, 3.35523040462e-008, 7.04990199552e-008, 2.04725090214e-008, 3.64104586481e-008, 2.19556941516e-008, 1.70353153806e-008, 1.09292335182e-008, 1.04992388117e-008, 6.06407057901e-009, 1.31932118563e-008, 1.92296898405e-008, 1.06994669125e-007, 1.69645879566e-008, 1.12271770547e-007, 5.04352257735e-008, 1.65412590292e-008, 1.41420053446e-009, 4.65994048904e-011, 7.06455900723e-012, 9.95539696687e-013, 2.11932196205e-015, 1.79505366131e-019]
        dvar2: [2.23472325714e-012, 3.34819709735e-008, 5.21434877498e-008, 2.05405541465e-008, 2.4279063382e-007, 7.34331848662e-008, 1.6036648276e-007, 4.63099389947e-008, 7.98813672986e-008, 4.89377427471e-008, 3.83708709251e-008, 2.48817659809e-008, 2.29446488476e-008, 1.34584405842e-008, 3.1458593952e-008, 4.75069512618e-008, 2.47514805096e-007, 4.59199291925e-008, 3.09610868499e-007, 1.37883489515e-007, 4.39925145201e-008, 3.79181752663e-009, 1.06398459487e-010, 1.48544926359e-011, 1.9272144644e-012, 4.66127101313e-015, 5.1410350405e-019]
        max: [1.25972810565e-005, 0.00105995067861, 0.00328668765724, 0.00259500090033, 0.00505608180538, 0.00524320174009, 0.00634081149474, 0.00340550672263, 0.00482466537505, 0.00358018721454, 0.00496462546289, 0.00287133571692, 0.00298449443653, 0.00346657866612, 0.00317342765629, 0.00434451783076, 0.00668965280056, 0.0037669017911, 0.00893077626824, 0.00495583284646, 0.00304757035337, 0.000683999620378, 0.000175322711584, 5.10278186994e-005, 1.67931339092e-005, 1.47798721173e-006, 9.56909929073e-009]
        mean: [6.31340981272e-007, 8.25749448268e-005, 0.000167379213963, 7.56029694458e-005, 0.000272055796813, 0.000206087133847, 0.000309390074108, 0.000133123598062, 0.00021246864344, 0.000184871489182, 0.000104359671241, 9.56552539719e-005, 0.000113326728751, 7.23531920812e-005, 0.000128050640342, 0.000169595659827, 0.00031777433469, 0.000173757376615, 0.000507508812007, 0.000384540762752, 0.000195828120923, 5.40463406651e-005, 7.56399867896e-006, 3.40203450833e-006, 1.30017576794e-006, 4.93217164887e-008, 3.00860197866e-010]
        median: [2.299921249e-007, 4.9462516472e-005, 8.6245003331e-005, 3.65995729226e-005, 0.000117374678666, 6.88048094162e-005, 6.80135490256e-005, 4.00657518185e-005, 7.18828014215e-005, 7.78246467235e-005, 3.29824943037e-005, 4.02802033932e-005, 4.19344796683e-005, 2.57480987784e-005, 5.79169318371e-005, 8.45951144584e-005, 0.000132611094159, 0.00010244405712, 0.000218232133193, 0.000209325327887, 0.000100571851362, 2.62987232418e-005, 3.38005429512e-006, 1.48704816638e-006, 5.22728157648e-007, 2.42429472053e-008, 1.24983065564e-010]
        min: [5.64235809356e-021, 1.33486129179e-019, 2.26197165544e-019, 2.3231561374e-019, 5.85455483303e-019, 7.23442237572e-019, 6.46443768361e-019, 3.7143382184e-019, 1.13983821124e-019, 2.32289893593e-019, 8.99854736618e-019, 1.80234735221e-018, 1.41158423231e-018, 8.34668458253e-019, 3.86441824982e-018, 7.63182558458e-018, 7.44891030855e-018, 9.30650567426e-018, 1.06725406891e-017, 8.50512482501e-018, 9.9368396349e-018, 1.62912994168e-018, 2.098840937e-018, 2.43400764526e-019, 5.0316310987e-019, 2.61725063992e-019, 1.40424119492e-020]
        var: [1.00473449005e-012, 1.47539047646e-008, 5.36192139577e-008, 1.41483802452e-008, 2.01838716407e-007, 1.30767020323e-007, 3.44957811649e-007, 7.78495348186e-008, 1.50235194951e-007, 7.76247759404e-008, 5.05129733597e-008, 3.09890175743e-008, 3.96535959624e-008, 2.92529040991e-008, 4.63730316369e-008, 6.0785296796e-008, 3.28014692741e-007, 6.99530033899e-008, 4.05752444976e-007, 2.10618694041e-007, 5.91424580421e-008, 4.50572690269e-009, 1.31063937481e-010, 2.47022870908e-011, 3.31058292759e-012, 4.64309580367e-015, 2.13914321854e-019]
    frequency_bands:
        dmean: [4.02918459486e-007, 5.37342129974e-005, 8.46874390845e-005, 4.8457277444e-005, 0.000145186466398, 9.47985245148e-005, 0.00012440563296, 6.35295291431e-005, 9.69393367996e-005, 8.35215396364e-005, 5.2921986935e-005, 4.79381815239e-005, 5.2930394304e-005, 3.46036285919e-005, 6.0768918047e-005, 7.4782728916e-005, 0.00015099713346, 7.65335280448e-005, 0.000197351706447, 0.000139295894769, 7.53842105041e-005, 2.23901315621e-005, 3.52530469172e-006, 1.40643578561e-006, 5.36032473519e-007, 2.12942019573e-008, 2.36062475123e-010, 4.58607422871e-011]
        dmean2: [6.7854767849e-007, 8.99091101019e-005, 0.000137774506584, 8.06129173725e-005, 0.000247059710091, 0.00014706987713, 0.000189456128282, 9.78604875854e-005, 0.000146772115841, 0.000127853083541, 8.30798744573e-005, 7.6010961493e-005, 8.16381652839e-005, 5.55511578568e-005, 9.70486726146e-005, 0.000122245692182, 0.000240944762481, 0.00012839709234, 0.000331538001774, 0.000232350590522, 0.000126472456031, 3.69944100385e-005, 5.45143348063e-006, 2.10756684282e-006, 7.82715744663e-007, 3.15198853684e-008, 4.15026235601e-010, 8.53565551573e-011]
        dvar: [8.13771196696e-013, 1.25330128498e-008, 2.00233358782e-008, 7.84581111191e-009, 8.81000943309e-008, 3.35523040462e-008, 7.04990199552e-008, 2.04725090214e-008, 3.64104586481e-008, 2.19556941516e-008, 1.70353153806e-008, 1.09292335182e-008, 1.04992388117e-008, 6.06407057901e-009, 1.31932118563e-008, 1.92296898405e-008, 1.06994669125e-007, 1.69645879566e-008, 1.12271770547e-007, 5.04352257735e-008, 1.65412590292e-008, 1.41420053446e-009, 4.65994048904e-011, 7.06455900723e-012, 9.95539696687e-013, 2.11932196205e-015, 1.79505366131e-019, 6.48668614405e-021]
        dvar2: [2.23472325714e-012, 3.34819709735e-008, 5.21434877498e-008, 2.05405541465e-008, 2.4279063382e-007, 7.34331848662e-008, 1.6036648276e-007, 4.63099389947e-008, 7.98813672986e-008, 4.89377427471e-008, 3.83708709251e-008, 2.48817659809e-008, 2.29446488476e-008, 1.34584405842e-008, 3.1458593952e-008, 4.75069512618e-008, 2.47514805096e-007, 4.59199291925e-008, 3.09610868499e-007, 1.37883489515e-007, 4.39925145201e-008, 3.79181752663e-009, 1.06398459487e-010, 1.48544926359e-011, 1.9272144644e-012, 4.66127101313e-015, 5.1410350405e-019, 2.08985485395e-020]
        max: [1.25972810565e-005, 0.00105995067861, 0.00328668765724, 0.00259500090033, 0.00505608180538, 0.00524320174009, 0.00634081149474, 0.00340550672263, 0.00482466537505, 0.00358018721454, 0.00496462546289, 0.00287133571692, 0.00298449443653, 0.00346657866612, 0.00317342765629, 0.00434451783076, 0.00668965280056, 0.0037669017911, 0.00893077626824, 0.00495583284646, 0.00304757035337, 0.000683999620378, 0.000175322711584, 5.10278186994e-005, 1.67931339092e-005, 1.47798721173e-006, 9.56909929073e-009, 8.76375139125e-010]
        mean: [6.31340981272e-007, 8.25749448268e-005, 0.000167379213963, 7.56029694458e-005, 0.000272055796813, 0.000206087133847, 0.000309390074108, 0.000133123598062, 0.00021246864344, 0.000184871489182, 0.000104359671241, 9.56552539719e-005, 0.000113326728751, 7.23531920812e-005, 0.000128050640342, 0.000169595659827, 0.00031777433469, 0.000173757376615, 0.000507508812007, 0.000384540762752, 0.000195828120923, 5.40463406651e-005, 7.56399867896e-006, 3.40203450833e-006, 1.30017576794e-006, 4.93217164887e-008, 3.00860197866e-010, 3.57273134688e-011]
        median: [2.299921249e-007, 4.9462516472e-005, 8.6245003331e-005, 3.65995729226e-005, 0.000117374678666, 6.88048094162e-005, 6.80135490256e-005, 4.00657518185e-005, 7.18828014215e-005, 7.78246467235e-005, 3.29824943037e-005, 4.02802033932e-005, 4.19344796683e-005, 2.57480987784e-005, 5.79169318371e-005, 8.45951144584e-005, 0.000132611094159, 0.00010244405712, 0.000218232133193, 0.000209325327887, 0.000100571851362, 2.62987232418e-005, 3.38005429512e-006, 1.48704816638e-006, 5.22728157648e-007, 2.42429472053e-008, 1.24983065564e-010, 7.30874735733e-012]
        min: [5.64235809356e-021, 1.33486129179e-019, 2.26197165544e-019, 2.3231561374e-019, 5.85455483303e-019, 7.23442237572e-019, 6.46443768361e-019, 3.7143382184e-019, 1.13983821124e-019, 2.32289893593e-019, 8.99854736618e-019, 1.80234735221e-018, 1.41158423231e-018, 8.34668458253e-019, 3.86441824982e-018, 7.63182558458e-018, 7.44891030855e-018, 9.30650567426e-018, 1.06725406891e-017, 8.50512482501e-018, 9.9368396349e-018, 1.62912994168e-018, 2.098840937e-018, 2.43400764526e-019, 5.0316310987e-019, 2.61725063992e-019, 1.40424119492e-020, 1.424373006e-021]
        var: [1.00473449005e-012, 1.47539047646e-008, 5.36192139577e-008, 1.41483802452e-008, 2.01838716407e-007, 1.30767020323e-007, 3.44957811649e-007, 7.78495348186e-008, 1.50235194951e-007, 7.76247759404e-008, 5.05129733597e-008, 3.09890175743e-008, 3.96535959624e-008, 2.92529040991e-008, 4.63730316369e-008, 6.0785296796e-008, 3.28014692741e-007, 6.99530033899e-008, 4.05752444976e-007, 2.10618694041e-007, 5.91424580421e-008, 4.50572690269e-009, 1.31063937481e-010, 2.47022870908e-011, 3.31058292759e-012, 4.64309580367e-015, 2.13914321854e-019, 5.13042093999e-021]
    mfcc:
        mean: [-756.057983398, 99.489616394, -38.7765235901, 43.3805656433, -22.1015529633, -7.73374414444, -0.557414710522, -5.11135053635, -2.62059378624, -5.36482095718, -7.82254743576, -4.497153759, -0.743360817432]
        cov: [[14814.5283203, 784.479919434, -1891.88220215, 1722.5098877, -153.73059082, 456.082794189, 378.906677246, -91.7134094238, 658.532226563, 527.370849609, 517.866210938, 401.138824463, 303.397644043], [784.479919434, 652.424560547, -75.9410705566, 153.86038208, -8.74605369568, 6.29939603806, 37.7400817871, -1.03676307201, 21.1534347534, 27.0812549591, 15.9684238434, -1.53196299076, 1.40935003757], [-1891.88220215, -75.9410705566, 574.578186035, -206.451400757, 95.0661849976, -3.80665707588, -36.5218963623, 70.253074646, -78.0261383057, -51.7015800476, -69.1601028442, -50.5376548767, -52.9991149902], [1722.5098877, 153.86038208, -206.451400757, 383.840087891, 56.7936553955, 63.7380981445, 55.0777626038, -4.94928407669, 123.184806824, 90.6204071045, 84.6290664673, 66.912979126, 38.3944168091], [-153.73059082, -8.74605369568, 95.0661849976, 56.7936553955, 204.299819946, 71.9562988281, 36.0527153015, 23.6096534729, 47.2794952393, 48.4073982239, 29.9029502869, 38.7911224365, 14.4482440948], [456.082794189, 6.29939603806, -3.80665707588, 63.7380981445, 71.9562988281, 190.744918823, 97.5219039917, 7.97597646713, 11.3041296005, 22.2425460815, 52.5922737122, 46.6296424866, 33.8530464172], [378.906677246, 37.7400817871, -36.5218963623, 55.0777626038, 36.0527153015, 97.5219039917, 166.686752319, 45.8710632324, 24.9655761719, 17.98179245, 31.2814979553, 43.856388092, 36.985660553], [-91.7134094238, -1.03676307201, 70.253074646, -4.94928407669, 23.6096534729, 7.97597646713, 45.8710632324, 188.212539673, 78.0523986816, -13.6776676178, -36.2923316956, -11.5450353622, -11.8626651764], [658.532226563, 21.1534347534, -78.0261383057, 123.184806824, 47.2794952393, 11.3041296005, 24.9655761719, 78.0523986816, 232.254837036, 88.534362793, 12.6298160553, 12.1785125732, 0.453942984343], [527.370849609, 27.0812549591, -51.7015800476, 90.6204071045, 48.4073982239, 22.2425460815, 17.98179245, -13.6776676178, 88.534362793, 156.064529419, 67.2214660645, 22.8117427826, 11.191028595], [517.866210938, 15.9684238434, -69.1601028442, 84.6290664673, 29.9029502869, 52.5922737122, 31.2814979553, -36.2923316956, 12.6298160553, 67.2214660645, 138.365905762, 66.9611358643, 24.0731296539], [401.138824463, -1.53196299076, -50.5376548767, 66.912979126, 38.7911224365, 46.6296424866, 43.856388092, -11.5450353622, 12.1785125732, 22.8117427826, 66.9611358643, 127.504150391, 48.4471359253], [303.397644043, 1.40935003757, -52.9991149902, 38.3944168091, 14.4482440948, 33.8530464172, 36.985660553, -11.8626651764, 0.453942984343, 11.191028595, 24.0731296539, 48.4471359253, 117.654685974]]
        icov: [[0.000243146714638, -5.3254650993e-005, 0.000413074390963, -0.000726180849597, 0.000468965154141, -0.000456881971331, 8.683121996e-005, -0.000111285196908, -9.43238192121e-005, -0.000271316705039, -4.88299292556e-006, -0.000145458849147, -8.08977565612e-005], [-5.3254650993e-005, 0.001777471276, -0.000167927515577, -0.000774169398937, 0.000121747420053, 0.000371594389435, -0.000519995810464, 2.93438642984e-005, 0.000352809613105, -9.04757835087e-005, 0.000138456482091, 0.000387313397368, 0.00015700973745], [0.000413074390963, -0.000167927515577, 0.00376331340522, 0.000126795232063, -0.00125476787798, -0.0011051716283, 0.000935818359721, -0.00157120160293, 0.00103053788189, -0.000738033209927, 0.000513283419423, -9.21608170756e-006, 0.000575147045311], [-0.000726180849597, -0.000774169398937, 0.000126795232063, 0.00711806863546, -0.00251289270818, 0.000742717238609, -0.000120234763017, 0.000499058805872, -0.00141143216752, 0.000526635500137, -0.00108351511881, -0.000251107965596, 7.96019085101e-005], [0.000468965154141, 0.000121747420053, -0.00125476787798, -0.00251289270818, 0.00863403640687, -0.00297366734594, 0.000265327136731, -0.000118573429063, -0.00116516288836, -0.00206734263338, 0.000399741635192, -0.00188573193736, -0.000360155827366], [-0.000456881971331, 0.000371594389435, -0.0011051716283, 0.000742717238609, -0.00297366734594, 0.00991688854992, -0.00482545886189, 0.000904955319129, 0.00035658563138, 0.00147186324466, -0.00210285000503, 0.000593446718995, -0.00040204852121], [8.683121996e-005, -0.000519995810464, 0.000935818359721, -0.000120234763017, 0.000265327136731, -0.00482545886189, 0.0104651153088, -0.00319365411997, 0.000713043205906, -0.00086735188961, 0.000191265760805, -0.0015579177998, -0.00133070722222], [-0.000111285196908, 2.93438642984e-005, -0.00157120160293, 0.000499058805872, -0.000118573429063, 0.000904955319129, -0.00319365411997, 0.00871796533465, -0.00407522404566, 0.00241052359343, 0.000974424532615, 0.000310343137244, 0.000512392143719], [-9.43238192121e-005, 0.000352809613105, 0.00103053788189, -0.00141143216752, -0.00116516288836, 0.00035658563138, 0.000713043205906, -0.00407522404566, 0.00879606697708, -0.00457507977262, 0.00201219366863, -0.000273496843874, 0.000671405752655], [-0.000271316705039, -9.04757835087e-005, -0.000738033209927, 0.000526635500137, -0.00206734263338, 0.00147186324466, -0.00086735188961, 0.00241052359343, -0.00457507977262, 0.0121749006212, -0.00541502563283, 0.00213344953954, -0.000368443725165], [-4.88299292556e-006, 0.000138456482091, 0.000513283419423, -0.00108351511881, 0.000399741635192, -0.00210285000503, 0.000191265760805, 0.000974424532615, 0.00201219366863, -0.00541502563283, 0.0140112088993, -0.00554596306756, 0.00111399742309], [-0.000145458849147, 0.000387313397368, -9.21608170756e-006, -0.000251107965596, -0.00188573193736, 0.000593446718995, -0.0015579177998, 0.000310343137244, -0.000273496843874, 0.00213344953954, -0.00554596306756, 0.0132359452546, -0.00348723842762], [-8.08977565612e-005, 0.00015700973745, 0.000575147045311, 7.96019085101e-005, -0.000360155827366, -0.00040204852121, -0.00133070722222, 0.000512392143719, 0.000671405752655, -0.000368443725165, 0.00111399742309, -0.00348723842762, 0.0108096525073]]
    sccoeffs:
        dmean: [0.0448548011482, 0.040223646909, 0.0343445315957, 0.0276140160859, 0.0215996317565, 0.0173412915319]
        dmean2: [0.0748399868608, 0.0659848898649, 0.0559174753726, 0.0450081750751, 0.0349406152964, 0.0271823145449]
        dvar: [0.00134529569186, 0.00114113697782, 0.000795028230641, 0.000488748308271, 0.000340828439221, 0.00025548969279]
        dvar2: [0.0036857938394, 0.00300402892753, 0.00204154406674, 0.00126194325276, 0.000816845044028, 0.00056638289243]
        max: [-0.339147567749, -0.449243336916, -0.482334405184, -0.482381612062, -0.530001282692, -0.587078988552]
        mean: [-0.67620998621, -0.733745038509, -0.740037560463, -0.760864913464, -0.766212284565, -0.734550058842]
        median: [-0.683074653149, -0.734740555286, -0.747918426991, -0.768345236778, -0.769549667835, -0.729392886162]
        min: [-0.959189832211, -0.977797091007, -0.948572516441, -0.963355660439, -0.965723633766, -0.92242616415]
        var: [0.0062352870591, 0.00507333641872, 0.00470864633098, 0.00360687705688, 0.00263497233391, 0.00254143355414]
    scvalleys:
        dmean: [0.346184194088, 0.305166035891, 0.274460852146, 0.239246025681, 0.207053571939, 0.253810286522]
        dmean2: [0.57439917326, 0.510491788387, 0.453152567148, 0.386180043221, 0.324467867613, 0.363786935806]
        dvar: [0.0890722870827, 0.0686201229692, 0.0536550283432, 0.0464102551341, 0.0551305152476, 0.106400847435]
        dvar2: [0.226199507713, 0.174776494503, 0.132307678461, 0.105225369334, 0.108541078866, 0.192060679197]
        max: [-5.27613210678, -4.98928403854, -5.48093795776, -5.62135887146, -5.7093000412, -8.02703380585]
        mean: [-7.55607414246, -7.12436580658, -7.61257123947, -8.16562652588, -8.02623271942, -10.5651407242]
        median: [-6.7596206665, -6.67656469345, -7.01367425919, -7.34474420547, -7.12827634811, -9.97101211548]
        min: [-22.6868228912, -22.1812896729, -22.8471984863, -21.9220142365, -21.7268772125, -23.9184379578]
        var: [2.79587650299, 1.94848060608, 2.42348051071, 3.21850991249, 3.7299413681, 2.67169570923]

rhythm:
    beats_loudness:
        dmean: 0.00145131314639
        dmean2: 0.00270855939016
        dvar: 2.08866435969e-006
        dvar2: 6.83764301357e-006
        max: 0.0120040196925
        mean: 0.00439461506903
        median: 0.00446826405823
        min: 1.52399493025e-009
        var: 1.17838571896e-005
    bpm: 138.098114014
    bpm_confidence: 0
    first_peak_bpm: 140
    first_peak_spread: 0.492937862873
    first_peak_weight: 0.462033450603
    onset_rate: 2.32452297211
    second_peak_bpm: 133
    second_peak_spread: 0.0769230723381
    second_peak_weight: 0.0308880303055
    beats_loudness_band_ratio:
        dmean: [0.0755900815129, 0.0943539962173, 0.100318945944, 0.0768345296383, 0.0802389532328, 0.0805055946112]
        dmean2: [0.13618658483, 0.162156462669, 0.171358212829, 0.13230279088, 0.139287933707, 0.139705821872]
        dvar: [0.00780037371442, 0.0084125045687, 0.0127769839019, 0.0105234263465, 0.00916303880513, 0.00550069892779]
        dvar2: [0.0232175234705, 0.0235295630991, 0.0342977717519, 0.0275464374572, 0.0247783362865, 0.0161660928279]
        max: [0.627093970776, 0.752759516239, 0.88716173172, 0.993189632893, 0.816589713097, 0.553323864937]
        mean: [0.117554448545, 0.15380243957, 0.177413746715, 0.181031256914, 0.189676374197, 0.225787892938]
        median: [0.0818319320679, 0.110875248909, 0.136249691248, 0.109212651849, 0.181520581245, 0.244532614946]
        min: [0.000124436672195, 0.000746519828681, 0.000344623462297, 0.00252688559704, 3.72651338694e-005, 5.41949157196e-005]
        var: [0.0128457462415, 0.0164677873254, 0.0219613891095, 0.0412810519338, 0.0166252814233, 0.0172877144068]
