
metadata:
    version:
        essentia: "2.1-beta2"
    audio_properties:
        analysis_sample_rate: 44100
        bitrate: 128
        channels: 2
        equal_loudness: 1
        length: 430.079986572
        replay_gain: -13.5494709015
        downmix: "mix"
    tags:
        album: ""
        artist: ""
        comment: ""
        date: "2012"
        genre: "Blues"
        title: ""
        tracknumber: "1"

configuration:
    average_loudness:
        compute: 1
        frameSize: 88200
        hopSize: 44100
        silentFrames: "noise"
        windowType: "hann"
    general:
        analysisSampleRate: 44100
        endTime: 2000
        equalLoudness: 1
        nequalLoudness: 0
        shortSound: 0
        startTime: 0
    lowlevel:
        compute: 1
        frameSize: 2048
        hopSize: 1024
        zeroPadding: 0
        silentFrames: "noise"
        windowType: "blackmanharris62"
        mfccStats: ["mean", "cov", "icov"]
        stats: ["mean", "var", "median", "min", "max", "dmean", "dmean2", "dvar", "dvar2"]
    panning:
        compute: 0
        frameSize: 8192
        hopSize: 2048
        zeroPadding: 8192
        silentFrames: "noise"
        windowType: "hann"
        stats: ["copy"]
    rhythm:
        compute: 1
        maxTempo: 208
        minTempo: 40
        method: "degara"
        stats: ["mean", "var", "median", "min", "max", "dmean", "dmean2", "dvar", "dvar2"]
    segmentation:
        compute: 0
        cpw: 5
        inc1: 300
        inc2: 50
        minimumSegmentsLength: 10
        size1: 1000
        size2: 600
    sfx:
        compute: 1
        stats: ["mean", "var", "median", "min", "max", "dmean", "dmean2", "dvar", "dvar2"]
    svm:
        compute: 0
    tonal:
        compute: 1
        frameSize: 4096
        hopSize: 2048
        zeroPadding: 0
        silentFrames: "noise"
        windowType: "blackmanharris62"
        stats: ["mean", "var", "median", "min", "max", "dmean", "dmean2", "dvar", "dvar2"]

lowlevel:
    average_loudness: 0.620354890823
    barkbands_kurtosis:
        dmean: 0.762529909611
        dmean2: 1.1603127718
        dvar: 2.30657076836
        dvar2: 4.49099445343
        max: 72.9648590088
        mean: 0.629851996899
        median: -0.597722649574
        min: -1.83191776276
        var: 16.5661430359
    barkbands_skewness:
        dmean: 0.262457251549
        dmean2: 0.405001491308
        dvar: 0.06582044065
        dvar2: 0.145661875606
        max: 6.81165266037
        mean: 0.590427100658
        median: 0.434929162264
        min: -3.6991250515
        var: 0.871501028538
    barkbands_spread:
        dmean: 3.52148556709
        dmean2: 5.53974580765
        dvar: 11.812376976
        dvar2: 28.1508102417
        max: 68.6909484863
        mean: 24.3268642426
        median: 24.8397445679
        min: 0.855333447456
        var: 102.019073486
    dissonance:
        dmean: 0.0208420846611
        dmean2: 0.0353834405541
        dvar: 0.000411872548284
        dvar2: 0.0011469257297
        max: 0.499999940395
        mean: 0.455812811852
        median: 0.463908940554
        min: 0.179980874062
        var: 0.00111825403292
    hfc:
        dmean: 1.03940725327
        dmean2: 1.66126775742
        dvar: 3.07446026802
        dvar2: 7.69211483002
        max: 36.9865608215
        mean: 5.90493011475
        median: 2.72626185417
        min: 1.13547916483e-016
        var: 41.3087654114
    pitch:
        dmean: 276.68838501
        dmean2: 532.707702637
        dvar: 597489.1875
        dvar2: 1688743.375
        max: 5085.68994141
        mean: 517.38482666
        median: 288.063568115
        min: 43.0243911743
        var: 717931.875
    pitch_instantaneous_confidence:
        dmean: 0.069915227592
        dmean2: 0.110336862504
        dvar: 0.0039084199816
        dvar2: 0.0094070257619
        max: 0.957167088985
        mean: 0.497150301933
        median: 0.478001534939
        min: 0.118900835514
        var: 0.0306123588234
    pitch_salience:
        dmean: 0.0482801869512
        dmean2: 0.0767815560102
        dvar: 0.0016919283662
        dvar2: 0.004169809632
        max: 0.998901128769
        mean: 0.582908511162
        median: 0.596225142479
        min: 0.095994964242
        var: 0.0108611658216
    silence_rate_20dB:
        dmean: 0
        dmean2: 0
        dvar: 0
        dvar2: 0
        max: 1
        mean: 1
        median: 1
        min: 1
        var: 0
    silence_rate_30dB:
        dmean: 0
        dmean2: 0
        dvar: 0
        dvar2: 0
        max: 1
        mean: 1
        median: 1
        min: 1
        var: 0
    silence_rate_60dB:
        dmean: 0.0201922040433
        dmean2: 0.0403865873814
        dvar: 0.0197826009244
        dvar2: 0.0453434884548
        max: 1
        mean: 0.545484006405
        median: 1
        min: 0
        var: 0.247928485274
    spectral_centroid:
        dmean: 145.10635376
        dmean2: 228.524276733
        dvar: 28179.4628906
        dvar2: 66069.8828125
        max: 11365.0117188
        mean: 1286.6192627
        median: 1239.16833496
        min: 108.295600891
        var: 310425.3125
    spectral_complexity:
        dmean: 1.96447467804
        dmean2: 3.26472663879
        dvar: 6.08499670029
        dvar2: 15.0618314743
        max: 52
        mean: 12.1403656006
        median: 8
        min: 0
        var: 115.404724121
    spectral_crest:
        dmean: 1.68630349636
        dmean2: 2.68149280548
        dvar: 2.60684299469
        dvar2: 6.34751176834
        max: 23.9488735199
        mean: 7.7778429985
        median: 6.68941831589
        min: 2.33521699905
        var: 14.2221717834
    spectral_decrease:
        dmean: 1.33203351127e-010
        dmean2: 2.13910583691e-010
        dvar: 3.31571277262e-020
        dvar2: 8.68222341868e-020
        max: -1.5645329519e-029
        mean: -8.30283952702e-010
        median: -5.87341231206e-010
        min: -3.42206507575e-009
        var: 5.28980037174e-019
    spectral_energy:
        dmean: 0.000575953104999
        dmean2: 0.000923426472582
        dvar: 6.52224287023e-007
        dvar2: 1.68874521478e-006
        max: 0.0157496426255
        mean: 0.0036692910362
        median: 0.00247284350917
        min: 1.03581906983e-020
        var: 1.08662934508e-005
    spectral_energyband_high:
        dmean: 9.2520203907e-005
        dmean2: 0.000149919695104
        dvar: 3.0893627212e-008
        dvar2: 7.75104496142e-008
        max: 0.00368301128037
        mean: 0.000311507465085
        median: 7.92827704572e-005
        min: 7.731749274e-021
        var: 1.8067265728e-007
    spectral_energyband_low:
        dmean: 0.000108219828689
        dmean2: 0.000176654648385
        dvar: 4.40053575801e-008
        dvar2: 1.1870292127e-007
        max: 0.00367536535487
        mean: 0.000264278816758
        median: 0.000158092560014
        min: 9.12690042344e-023
        var: 1.07867911936e-007
    spectral_energyband_middle_high:
        dmean: 0.000397413939936
        dmean2: 0.000636248674709
        dvar: 3.56362505727e-007
        dvar2: 9.16808630791e-007
        max: 0.010276556015
        mean: 0.00190262962133
        median: 0.000967287283856
        min: 1.043960801e-021
        var: 4.13242150898e-006
    spectral_energyband_middle_low:
        dmean: 0.000342981307767
        dmean2: 0.000552599434741
        dvar: 2.39172322836e-007
        dvar2: 6.41295400783e-007
        max: 0.00872830022126
        mean: 0.00127649423666
        median: 0.000958322896622
        min: 3.55721641215e-022
        var: 1.43015370213e-006
    spectral_flatness_db:
        dmean: 0.0119762104005
        dmean2: 0.0186222717166
        dvar: 0.000125586797367
        dvar2: 0.000277633720543
        max: 0.384521335363
        mean: 0.16887460649
        median: 0.159662425518
        min: 0.0453418381512
        var: 0.00230224686675
    spectral_flux:
        dmean: 0.00470497552305
        dmean2: 0.00756240542978
        dvar: 2.92857166642e-005
        dvar2: 7.12615656084e-005
        max: 0.0920663252473
        mean: 0.0281878765672
        median: 0.0239018648863
        min: 6.71764172067e-011
        var: 0.000404862279538
    spectral_kurtosis:
        dmean: 2.14600467682
        dmean2: 3.70315027237
        dvar: 11.0629901886
        dvar2: 33.2867965698
        max: 80.2631378174
        mean: 7.0479516983
        median: 4.91059112549
        min: -1.32687413692
        var: 56.6321411133
    spectral_rms:
        dmean: 0.000134960966534
        dmean2: 0.000211172853597
        dvar: 2.25766569883e-008
        dvar2: 5.50651257925e-008
        max: 0.00391988595948
        mean: 0.00164780125488
        median: 0.00155323219951
        min: 3.17892305361e-012
        var: 8.6452666892e-007
    spectral_rolloff:
        dmean: 331.740753174
        dmean2: 553.175292969
        dvar: 189187.75
        dvar2: 434786.875
        max: 18626.2207031
        mean: 2482.69897461
        median: 2777.78320313
        min: 86.1328125
        var: 1470319.875
    spectral_skewness:
        dmean: 0.218840643764
        dmean2: 0.367251932621
        dvar: 0.0601020976901
        dvar2: 0.171654507518
        max: 7.01596069336
        mean: 1.80874180794
        median: 1.64901840687
        min: -0.0134895285591
        var: 0.587837576866
    spectral_spread:
        dmean: 301794.3125
        dmean2: 440817.15625
        dvar: 279246274560
        dvar2: 460417859584
        max: 42036004
        mean: 3767459.25
        median: 3611471
        min: 1009334.6875
        var: 2.25455321907e+012
    spectral_strongpeak:
        dmean: 0.334782481194
        dmean2: 0.570928812027
        dvar: 0.359963744879
        dvar2: 0.996885001659
        max: 9.58513069153
        mean: 0.687449634075
        median: 0.408340811729
        min: 2.29732455281e-010
        var: 0.67993336916
    zerocrossingrate:
        dmean: 0.00572830205783
        dmean2: 0.007119926624
        dvar: 3.37540695909e-005
        dvar2: 4.3992557039e-005
        max: 0.50146484375
        mean: 0.0757075026631
        median: 0.07568359375
        min: 0.0048828125
        var: 0.000840722583234
    barkbands:
        dmean: [3.69189052662e-007, 4.3051866669e-005, 6.54536052025e-005, 5.85735833738e-005, 0.000123060250189, 0.000103445985587, 9.47274529608e-005, 9.87795792753e-005, 0.000122202240163, 0.000107096850115, 0.000130294312839, 0.000106473271444, 8.75498080859e-005, 6.55336261843e-005, 5.97008511249e-005, 5.32644698978e-005, 6.07496949669e-005, 7.71033664932e-005, 0.000128726154799, 0.00010390667012, 4.66334167868e-005, 1.06910429167e-005, 1.53574501383e-006, 7.14217094355e-007, 3.53515503093e-007, 1.07362376767e-008, 1.71878178357e-010]
        dmean2: [6.30313422789e-007, 7.18816008884e-005, 0.000105851140688, 9.88062893157e-005, 0.000205197677133, 0.000161269214004, 0.000153197732288, 0.000160474897712, 0.000195698070456, 0.00016761860752, 0.000206225537113, 0.000173218708369, 0.000144812831422, 0.000107127911178, 9.64138816926e-005, 8.70809453772e-005, 0.000100017510704, 0.000128514613607, 0.00021476096299, 0.000170811938005, 7.55411165301e-005, 1.76282410393e-005, 2.3422526283e-006, 1.05037395315e-006, 5.16316788435e-007, 1.5385021257e-008, 3.09090225636e-010]
        dvar: [1.30734583315e-012, 1.26008607992e-008, 1.66719082983e-008, 1.50397934107e-008, 5.58480088841e-008, 3.881433841e-008, 3.0572355314e-008, 3.6540981796e-008, 6.47093756356e-008, 4.45912604619e-008, 7.8276208626e-008, 5.2678412743e-008, 3.77941269392e-008, 2.5041122953e-008, 2.12901838381e-008, 1.57943169654e-008, 1.78435985987e-008, 2.09083079739e-008, 5.70866447447e-008, 3.83393903292e-008, 9.50425516066e-009, 6.400794339e-010, 1.66260893941e-011, 4.02334979568e-012, 1.19708312273e-012, 1.78691425805e-015, 9.7219254714e-020]
        dvar2: [3.67729891676e-012, 3.47358728447e-008, 4.31297060288e-008, 4.24222115214e-008, 1.56477170776e-007, 9.12440896172e-008, 7.87373579669e-008, 9.5367603592e-008, 1.63558013355e-007, 1.06199131267e-007, 1.89932450212e-007, 1.36566043807e-007, 1.0117376803e-007, 6.57576890717e-008, 5.42548512783e-008, 3.64138941222e-008, 4.33574101066e-008, 5.56989157019e-008, 1.55049264094e-007, 1.00947254111e-007, 2.36802879527e-008, 1.64213975751e-009, 3.59781059112e-011, 8.0350786788e-012, 2.30901690997e-012, 3.26582277253e-015, 2.9642862526e-019]
        max: [1.85741046153e-005, 0.00155736901797, 0.00251534767449, 0.00335086928681, 0.00618917029351, 0.00766625767574, 0.00438854889944, 0.0036041229032, 0.0055424743332, 0.00693580927327, 0.00650597643107, 0.00545839732513, 0.00506110908464, 0.00389038934372, 0.00501249590889, 0.00338330259547, 0.00446830596775, 0.00345817254856, 0.00488038314506, 0.00603972421959, 0.00202521891333, 0.000572424207348, 0.000110950328235, 8.37977349875e-005, 6.99813026586e-005, 2.0886789116e-006, 7.54295470529e-009]
        mean: [5.9793131868e-007, 8.18108746898e-005, 0.000139971525641, 0.000105835992144, 0.000263875961537, 0.000240172448684, 0.000183361102245, 0.000173576569068, 0.000232609760133, 0.000210902813706, 0.000250054261414, 0.00020498658705, 0.000159345523571, 0.000125300881336, 0.000120175362099, 0.00010473770817, 0.000128045357997, 0.000177813388291, 0.000327910820488, 0.000287064001895, 0.00011868065485, 2.57551364484e-005, 3.88265198126e-006, 1.90764808394e-006, 8.83403913576e-007, 2.36548647337e-008, 1.8107584876e-010]
        median: [1.08976443869e-007, 3.64404113498e-005, 5.81386666454e-005, 4.36696172983e-005, 0.000139008931001, 0.000104645529063, 7.94668594608e-005, 6.95328853908e-005, 7.61212213547e-005, 7.73673818912e-005, 6.18184130872e-005, 5.57925268367e-005, 3.44566215063e-005, 2.57432875514e-005, 3.14079334203e-005, 2.83913414023e-005, 4.14453643316e-005, 6.10025817878e-005, 8.03854782134e-005, 7.15056594345e-005, 2.67073373834e-005, 3.44563500221e-006, 6.39225447685e-007, 3.93171518454e-007, 1.79410974965e-007, 4.45990178122e-009, 4.8738534042e-011]
        min: [1.47589485594e-023, 3.56580685497e-023, 1.85720043802e-024, 2.55552310662e-023, 1.43676467291e-023, 2.21395643208e-023, 2.68981815603e-023, 2.34922162263e-023, 1.47054830382e-022, 8.74848510939e-023, 5.06339175704e-023, 3.58059515704e-023, 4.4151576144e-023, 8.14863149052e-023, 1.16624830196e-022, 1.16887022318e-022, 1.37323820908e-022, 1.7116707708e-022, 1.14452685917e-022, 3.25446901477e-022, 3.04275692317e-022, 4.57457687391e-022, 5.492414139e-022, 6.1539662732e-022, 1.11124909636e-021, 1.73841901199e-021, 2.25673773474e-021]
        var: [1.47602188718e-012, 1.68300502423e-008, 4.4384005804e-008, 3.23467652663e-008, 1.47488506741e-007, 1.68238088349e-007, 8.34553617324e-008, 8.05706505957e-008, 1.65814697084e-007, 1.28041421021e-007, 2.34304749824e-007, 1.49404314698e-007, 9.00359680145e-008, 7.43213774967e-008, 6.29750189773e-008, 3.74438826611e-008, 5.57120252154e-008, 6.56200214166e-008, 2.14732068571e-007, 1.64031931149e-007, 3.36385603816e-008, 2.20568074916e-009, 6.8836297773e-011, 1.63443633627e-011, 3.92696639095e-012, 5.00600029366e-015, 1.14009244003e-019]
    frequency_bands:
        dmean: [3.69189052662e-007, 4.3051866669e-005, 6.54536052025e-005, 5.85735833738e-005, 0.000123060250189, 0.000103445985587, 9.47274529608e-005, 9.87795792753e-005, 0.000122202240163, 0.000107096850115, 0.000130294312839, 0.000106473271444, 8.75498080859e-005, 6.55336261843e-005, 5.97008511249e-005, 5.32644698978e-005, 6.07496949669e-005, 7.71033664932e-005, 0.000128726154799, 0.00010390667012, 4.66334167868e-005, 1.06910429167e-005, 1.53574501383e-006, 7.14217094355e-007, 3.53515503093e-007, 1.07362376767e-008, 1.71878178357e-010, 4.28434683564e-011]
        dmean2: [6.30313422789e-007, 7.18816008884e-005, 0.000105851140688, 9.88062893157e-005, 0.000205197677133, 0.000161269214004, 0.000153197732288, 0.000160474897712, 0.000195698070456, 0.00016761860752, 0.000206225537113, 0.000173218708369, 0.000144812831422, 0.000107127911178, 9.64138816926e-005, 8.70809453772e-005, 0.000100017510704, 0.000128514613607, 0.00021476096299, 0.000170811938005, 7.55411165301e-005, 1.76282410393e-005, 2.3422526283e-006, 1.05037395315e-006, 5.16316788435e-007, 1.5385021257e-008, 3.09090225636e-010, 7.93092536089e-011]
        dvar: [1.30734583315e-012, 1.26008607992e-008, 1.66719082983e-008, 1.50397934107e-008, 5.58480088841e-008, 3.881433841e-008, 3.0572355314e-008, 3.6540981796e-008, 6.47093756356e-008, 4.45912604619e-008, 7.8276208626e-008, 5.2678412743e-008, 3.77941269392e-008, 2.5041122953e-008, 2.12901838381e-008, 1.57943169654e-008, 1.78435985987e-008, 2.09083079739e-008, 5.70866447447e-008, 3.83393903292e-008, 9.50425516066e-009, 6.400794339e-010, 1.66260893941e-011, 4.02334979568e-012, 1.19708312273e-012, 1.78691425805e-015, 9.7219254714e-020, 6.33800164064e-021]
        dvar2: [3.67729891676e-012, 3.47358728447e-008, 4.31297060288e-008, 4.24222115214e-008, 1.56477170776e-007, 9.12440896172e-008, 7.87373579669e-008, 9.5367603592e-008, 1.63558013355e-007, 1.06199131267e-007, 1.89932450212e-007, 1.36566043807e-007, 1.0117376803e-007, 6.57576890717e-008, 5.42548512783e-008, 3.64138941222e-008, 4.33574101066e-008, 5.56989157019e-008, 1.55049264094e-007, 1.00947254111e-007, 2.36802879527e-008, 1.64213975751e-009, 3.59781059112e-011, 8.0350786788e-012, 2.30901690997e-012, 3.26582277253e-015, 2.9642862526e-019, 2.03965629988e-020]
        max: [1.85741046153e-005, 0.00155736901797, 0.00251534767449, 0.00335086928681, 0.00618917029351, 0.00766625767574, 0.00438854889944, 0.0036041229032, 0.0055424743332, 0.00693580927327, 0.00650597643107, 0.00545839732513, 0.00506110908464, 0.00389038934372, 0.00501249590889, 0.00338330259547, 0.00446830596775, 0.00345817254856, 0.00488038314506, 0.00603972421959, 0.00202521891333, 0.000572424207348, 0.000110950328235, 8.37977349875e-005, 6.99813026586e-005, 2.0886789116e-006, 7.54295470529e-009, 1.33471611541e-009]
        mean: [5.9793131868e-007, 8.18108746898e-005, 0.000139971525641, 0.000105835992144, 0.000263875961537, 0.000240172448684, 0.000183361102245, 0.000173576569068, 0.000232609760133, 0.000210902813706, 0.000250054261414, 0.00020498658705, 0.000159345523571, 0.000125300881336, 0.000120175362099, 0.00010473770817, 0.000128045357997, 0.000177813388291, 0.000327910820488, 0.000287064001895, 0.00011868065485, 2.57551364484e-005, 3.88265198126e-006, 1.90764808394e-006, 8.83403913576e-007, 2.36548647337e-008, 1.8107584876e-010, 3.35752259328e-011]
        median: [1.08976443869e-007, 3.64404113498e-005, 5.81386666454e-005, 4.36696172983e-005, 0.000139008931001, 0.000104645529063, 7.94668594608e-005, 6.95328853908e-005, 7.61212213547e-005, 7.73673818912e-005, 6.18184130872e-005, 5.57925268367e-005, 3.44566215063e-005, 2.57432875514e-005, 3.14079334203e-005, 2.83913414023e-005, 4.14453643316e-005, 6.10025817878e-005, 8.03854782134e-005, 7.15056594345e-005, 2.67073373834e-005, 3.44563500221e-006, 6.39225447685e-007, 3.93171518454e-007, 1.79410974965e-007, 4.45990178122e-009, 4.8738534042e-011, 6.8996744082e-012]
        min: [1.47589485594e-023, 3.56580685497e-023, 1.85720043802e-024, 2.55552310662e-023, 1.43676467291e-023, 2.21395643208e-023, 2.68981815603e-023, 2.34922162263e-023, 1.47054830382e-022, 8.74848510939e-023, 5.06339175704e-023, 3.58059515704e-023, 4.4151576144e-023, 8.14863149052e-023, 1.16624830196e-022, 1.16887022318e-022, 1.37323820908e-022, 1.7116707708e-022, 1.14452685917e-022, 3.25446901477e-022, 3.04275692317e-022, 4.57457687391e-022, 5.492414139e-022, 6.1539662732e-022, 1.11124909636e-021, 1.73841901199e-021, 2.25673773474e-021, 5.82405782687e-022]
        var: [1.47602188718e-012, 1.68300502423e-008, 4.4384005804e-008, 3.23467652663e-008, 1.47488506741e-007, 1.68238088349e-007, 8.34553617324e-008, 8.05706505957e-008, 1.65814697084e-007, 1.28041421021e-007, 2.34304749824e-007, 1.49404314698e-007, 9.00359680145e-008, 7.43213774967e-008, 6.29750189773e-008, 3.74438826611e-008, 5.57120252154e-008, 6.56200214166e-008, 2.14732068571e-007, 1.64031931149e-007, 3.36385603816e-008, 2.20568074916e-009, 6.8836297773e-011, 1.63443633627e-011, 3.92696639095e-012, 5.00600029366e-015, 1.14009244003e-019, 4.93717854342e-021]
    mfcc:
        mean: [-762.978881836, 130.685195923, -46.7753562927, 37.6870346069, -18.0972690582, -11.9815254211, 8.37139415741, -8.03318691254, -3.23071217537, -3.33312010765, -6.47237205505, -3.24208259583, -3.70493149757]
        cov: [[10724.5429688, -603.971496582, -1575.84851074, 1072.96411133, -817.479187012, 642.312255859, 410.974212646, 151.12550354, 215.67036438, 70.6358795166, 236.753097534, 162.100708008, 98.2193908691], [-603.971496582, 782.68170166, -12.5254259109, -9.40226173401, 97.9216842651, -126.062980652, 34.4122276306, -26.1270980835, -21.5605659485, 8.36930847168, -4.57854747772, -1.44136071205, -10.9934301376], [-1575.84851074, -12.5254259109, 646.300048828, -157.0962677, 193.391433716, 11.4122028351, -118.254928589, 40.3897247314, -40.0715484619, -3.8313703537, 1.01585257053, -15.6756086349, -6.29157066345], [1072.96411133, -9.40226173401, -157.0962677, 330.598571777, -36.536781311, 87.2504196167, 43.1086463928, 29.3323574066, 60.4289283752, -0.418257027864, 39.1502609253, 48.1141433716, 34.0676040649], [-817.479187012, 97.9216842651, 193.391433716, -36.536781311, 219.304534912, -7.49542331696, -30.6143035889, 18.9398498535, -15.824180603, 5.74555540085, -2.05346775055, -3.47218394279, 5.57226371765], [642.312255859, -126.062980652, 11.4122028351, 87.2504196167, -7.49542331696, 274.745147705, 61.9667472839, 73.1892776489, 14.919137001, 12.8605461121, 67.1282272339, 6.36563825607, 38.8944473267], [410.974212646, 34.4122276306, -118.254928589, 43.1086463928, -30.6143035889, 61.9667472839, 161.467880249, 32.435508728, 25.2268543243, 19.9345836639, 16.6574249268, 12.9401264191, 2.94334387779], [151.12550354, -26.1270980835, 40.3897247314, 29.3323574066, 18.9398498535, 73.1892776489, 32.435508728, 141.89781189, 32.7674713135, 11.2540740967, 28.0492115021, 0.165860727429, 31.5569190979], [215.67036438, -21.5605659485, -40.0715484619, 60.4289283752, -15.824180603, 14.919137001, 25.2268543243, 32.7674713135, 109.24458313, 30.0074577332, 7.61919784546, 10.1313838959, 0.518484652042], [70.6358795166, 8.36930847168, -3.8313703537, -0.418257027864, 5.74555540085, 12.8605461121, 19.9345836639, 11.2540740967, 30.0074577332, 92.9348297119, 37.970249176, 1.91874110699, -5.91668796539], [236.753097534, -4.57854747772, 1.01585257053, 39.1502609253, -2.05346775055, 67.1282272339, 16.6574249268, 28.0492115021, 7.61919784546, 37.970249176, 110.71762085, 31.7985801697, 9.05359745026], [162.100708008, -1.44136071205, -15.6756086349, 48.1141433716, -3.47218394279, 6.36563825607, 12.9401264191, 0.165860727429, 10.1313838959, 1.91874110699, 31.7985801697, 85.8744506836, 26.330406189], [98.2193908691, -10.9934301376, -6.29157066345, 34.0676040649, 5.57226371765, 38.8944473267, 2.94334387779, 31.5569190979, 0.518484652042, -5.91668796539, 9.05359745026, 26.330406189, 102.598548889]]
        icov: [[0.000287731643766, 7.93495128164e-005, 0.00042803506949, -0.000564644520637, 0.000589872593991, -0.000429306091974, 4.49215076515e-005, -0.000232322592638, 0.000195341868675, -0.00021894882957, 3.56059081241e-006, -0.000171965977643, 0.000177872134373], [7.93495128164e-005, 0.0016303062439, 0.000208706711419, -0.000389047170756, -0.000739935552701, 0.000951150956098, -0.000843032321427, 8.6165353423e-005, 0.000403819954954, -3.22675805364e-005, -0.000561792287044, 0.000360726990039, -0.00012890335347], [0.00042803506949, 0.000208706711419, 0.00351265189238, 0.000350757822162, -0.00119790364988, -0.00141079316381, 0.00194704672322, -0.00133038347121, 0.00041160103865, -0.000273807760095, 7.65136137488e-005, -0.000935109623242, 0.000880113395397], [-0.000564644520637, -0.000389047170756, 0.000350757822162, 0.00574591429904, -0.00150866748299, -0.000631328730378, 0.000526385556441, 0.000387185049476, -0.00263655302115, 0.00158677296713, -0.000540659122635, -0.00151214038488, -0.000659861485474], [0.000589872593991, -0.000739935552701, -0.00119790364988, -0.00150866748299, 0.00809501018375, -0.000895372126251, 0.000245962437475, -0.0010448055109, 0.00100074824877, -0.00134364853147, 0.000705715385266, -0.000482860137708, -2.33061837207e-005], [-0.000429306091974, 0.000951150956098, -0.00141079316381, -0.000631328730378, -0.000895372126251, 0.00716264592484, -0.00272695696913, -0.00081207009498, 0.000349298497895, 0.00107593927532, -0.00353296007961, 0.0026254276745, -0.00200439896435], [4.49215076515e-005, -0.000843032321427, 0.00194704672322, 0.000526385556441, 0.000245962437475, -0.00272695696913, 0.00929899420589, -0.0020243502222, -0.000437356211478, -0.00159796804655, 0.00151162629481, -0.00216189562343, 0.00151905033272], [-0.000232322592638, 8.6165353423e-005, -0.00133038347121, 0.000387185049476, -0.0010448055109, -0.00081207009498, -0.0020243502222, 0.0103933922946, -0.00328671815805, 0.00112748960964, -0.0020648650825, 0.00235901889391, -0.00309416954406], [0.000195341868675, 0.000403819954954, 0.00041160103865, -0.00263655302115, 0.00100074824877, 0.000349298497895, -0.000437356211478, -0.00328671815805, 0.0129201980308, -0.00477950414643, 0.00227375212125, -0.00141628936399, 0.00141557096504], [-0.00021894882957, -3.22675805364e-005, -0.000273807760095, 0.00158677296713, -0.00134364853147, 0.00107593927532, -0.00159796804655, 0.00112748960964, -0.00477950414643, 0.0151281170547, -0.0062861898914, 0.00215488253161, -7.51221741666e-005], [3.56059081241e-006, -0.000561792287044, 7.65136137488e-005, -0.000540659122635, 0.000705715385266, -0.00353296007961, 0.00151162629481, -0.0020648650825, 0.00227375212125, -0.0062861898914, 0.0152010861784, -0.00594871398062, 0.00182460143697], [-0.000171965977643, 0.000360726990039, -0.000935109623242, -0.00151214038488, -0.000482860137708, 0.0026254276745, -0.00216189562343, 0.00235901889391, -0.00141628936399, 0.00215488253161, -0.00594871398062, 0.0164781566709, -0.00455709779635], [0.000177872134373, -0.00012890335347, 0.000880113395397, -0.000659861485474, -2.33061837207e-005, -0.00200439896435, 0.00151905033272, -0.00309416954406, 0.00141557096504, -7.51221741666e-005, 0.00182460143697, -0.00455709779635, 0.0125019643456]]
    sccoeffs:
        dmean: [0.0395203121006, 0.0410936065018, 0.0361271463335, 0.0288654770702, 0.0209521185607, 0.0161809101701]
        dmean2: [0.0655088126659, 0.0677774995565, 0.0591196715832, 0.0476572737098, 0.0341975204647, 0.0258616171777]
        dvar: [0.00105145538691, 0.0010606048163, 0.000844524474815, 0.000536800536793, 0.000307689682813, 0.000210032972973]
        dvar2: [0.00291049061343, 0.00288973841816, 0.00225911382586, 0.00142909144051, 0.000771977123804, 0.000488496269099]
        max: [-0.357308894396, -0.423819363117, -0.426746815443, -0.536195218563, -0.549878954887, -0.554399013519]
        mean: [-0.678429841995, -0.730113565922, -0.738022387028, -0.760411500931, -0.770187497139, -0.754541754723]
        median: [-0.682909250259, -0.733193457127, -0.743614137173, -0.764701008797, -0.776466071606, -0.752092957497]
        min: [-0.971650421619, -0.996608257294, -0.99892526865, -0.988438308239, -0.989139020443, -0.962508678436]
        var: [0.00468255858868, 0.0042977835983, 0.00496855238453, 0.00306282215752, 0.00246558547951, 0.00250108423643]
    scvalleys:
        dmean: [0.314921706915, 0.303198099136, 0.259393155575, 0.220865294337, 0.186728924513, 0.196488842368]
        dmean2: [0.526642262936, 0.508701145649, 0.432901531458, 0.36923122406, 0.299198895693, 0.288019150496]
        dvar: [0.0686593726277, 0.0583773292601, 0.0457554571331, 0.0359066687524, 0.0365192517638, 0.0630413517356]
        dvar2: [0.183199688792, 0.156788602471, 0.119296565652, 0.0885797217488, 0.0787475407124, 0.114440090954]
        max: [-5.19920444489, -4.84200239182, -5.16308832169, -5.75804948807, -5.62102651596, -7.86225271225]
        mean: [-7.32357740402, -6.9188451767, -7.2952580452, -7.92152643204, -8.10701942444, -11.002995491]
        median: [-6.93422555923, -6.73503303528, -7.11447811127, -7.81453752518, -7.98782539368, -10.6432332993]
        min: [-27.4392414093, -27.6146564484, -27.6169204712, -27.4020652771, -27.244304657, -27.2587718964]
        var: [1.64027535915, 1.242010355, 1.51480305195, 1.63411414623, 2.45629739761, 2.69320607185]

rhythm:
    beats_loudness:
        dmean: 0.00135172426235
        dmean2: 0.00234751380049
        dvar: 2.61537320512e-006
        dvar2: 7.76394881541e-006
        max: 0.0136731695384
        mean: 0.00397253548726
        median: 0.00276536447927
        min: 4.94561003261e-010
        var: 1.2499429431e-005
    bpm: 120.01600647
    bpm_confidence: 0
    first_peak_bpm: 120
    first_peak_spread: 0.292857140303
    first_peak_weight: 0.56701028347
    onset_rate: 1.48111987114
    second_peak_bpm: 115
    second_peak_spread: 0.384615361691
    second_peak_weight: 0.0366552136838
    beats_loudness_band_ratio:
        dmean: [0.0920476317406, 0.111672371626, 0.112370632589, 0.111624218524, 0.0649642646313, 0.0631324723363]
        dmean2: [0.157363891602, 0.190083995461, 0.194510176778, 0.192877501249, 0.112967096269, 0.110324762762]
        dvar: [0.00973360054195, 0.0121910199523, 0.0118207680061, 0.0134689835832, 0.00410632696003, 0.0064155953005]
        dvar2: [0.0262211710215, 0.0350372679532, 0.0319933630526, 0.0343765281141, 0.0114255724475, 0.0179806929082]
        max: [0.942628145218, 0.837578654289, 0.8151948452, 0.858525216579, 0.508170127869, 0.911082923412]
        mean: [0.151698082685, 0.196158468723, 0.222217321396, 0.211804986, 0.144426137209, 0.13916400075]
        median: [0.104448899627, 0.142452865839, 0.174705773592, 0.169463768601, 0.133066028357, 0.114178650081]
        min: [0.000188978388906, 0.00531020760536, 0.0121171223, 0.00521126296371, 0.00162700761575, 0.000117582698294]
        var: [0.0242349840701, 0.0270960833877, 0.024404220283, 0.0244669504464, 0.00836735870689, 0.0137013727799]
