
metadata:
    version:
        essentia: "2.1-beta2"
    audio_properties:
        analysis_sample_rate: 44100
        bitrate: 320
        channels: 2
        equal_loudness: 1
        length: 155.533065796
        replay_gain: -10.0003147125
        downmix: "mix"
    tags:
        album: "Imaginaerum"
        artist: "Nightwish"
        comment: "www.NewAlbumReleases.net"
        date: "2011"
        genre: "Metal"
        title: "Taikatalvi"
        tracknumber: "1"

configuration:
    average_loudness:
        compute: 1
        frameSize: 88200
        hopSize: 44100
        silentFrames: "noise"
        windowType: "hann"
    general:
        analysisSampleRate: 44100
        endTime: 2000
        equalLoudness: 1
        nequalLoudness: 0
        shortSound: 0
        startTime: 0
    lowlevel:
        compute: 1
        frameSize: 2048
        hopSize: 1024
        zeroPadding: 0
        silentFrames: "noise"
        windowType: "blackmanharris62"
        mfccStats: ["mean", "cov", "icov"]
        stats: ["mean", "var", "median", "min", "max", "dmean", "dmean2", "dvar", "dvar2"]
    panning:
        compute: 0
        frameSize: 8192
        hopSize: 2048
        zeroPadding: 8192
        silentFrames: "noise"
        windowType: "hann"
        stats: ["copy"]
    rhythm:
        compute: 1
        maxTempo: 208
        minTempo: 40
        method: "degara"
        stats: ["mean", "var", "median", "min", "max", "dmean", "dmean2", "dvar", "dvar2"]
    segmentation:
        compute: 0
        cpw: 5
        inc1: 300
        inc2: 50
        minimumSegmentsLength: 10
        size1: 1000
        size2: 600
    sfx:
        compute: 1
        stats: ["mean", "var", "median", "min", "max", "dmean", "dmean2", "dvar", "dvar2"]
    svm:
        compute: 0
    tonal:
        compute: 1
        frameSize: 4096
        hopSize: 2048
        zeroPadding: 0
        silentFrames: "noise"
        windowType: "blackmanharris62"
        stats: ["mean", "var", "median", "min", "max", "dmean", "dmean2", "dvar", "dvar2"]

lowlevel:
    average_loudness: 0.121209405363
    barkbands_kurtosis:
        dmean: 3.72625851631
        dmean2: 5.77782297134
        dvar: 290.474945068
        dvar2: 554.297363281
        max: 938.868591309
        mean: 7.54540205002
        median: 1.25955092907
        min: -1.90087771416
        var: 1078.50585938
    barkbands_skewness:
        dmean: 0.483243703842
        dmean2: 0.736910223961
        dvar: 0.392217725515
        dvar2: 0.931206524372
        max: 10.6590328217
        mean: 1.05471456051
        median: 0.849688053131
        min: -10.9545450211
        var: 2.59118580818
    barkbands_spread:
        dmean: 3.06450533867
        dmean2: 4.75194215775
        dvar: 16.1975288391
        dvar2: 35.4310302734
        max: 67.212928772
        mean: 14.2639474869
        median: 13.0076637268
        min: 0.0490070171654
        var: 99.8756866455
    dissonance:
        dmean: 0.0305171217769
        dmean2: 0.052278637886
        dvar: 0.00105741573498
        dvar2: 0.00286638783291
        max: 0.500000119209
        mean: 0.434460967779
        median: 0.445786476135
        min: 0.167013823986
        var: 0.00263784220442
    hfc:
        dmean: 0.382546424866
        dmean2: 0.587596893311
        dvar: 0.323027104139
        dvar2: 0.781860888004
        max: 10.6535396576
        mean: 1.83054828644
        median: 1.04402112961
        min: 1.12677854828e-016
        var: 4.02871990204
    pitch:
        dmean: 172.49029541
        dmean2: 320.524658203
        dvar: 285964.875
        dvar2: 680116.375
        max: 5827.17480469
        mean: 611.89630127
        median: 234.45904541
        min: 61.3002433777
        var: 1017782.25
    pitch_instantaneous_confidence:
        dmean: 0.0738318040967
        dmean2: 0.117186330259
        dvar: 0.00576169369742
        dvar2: 0.0139055168256
        max: 0.995954930782
        mean: 0.597332656384
        median: 0.590520381927
        min: 0.108770608902
        var: 0.0403582341969
    pitch_salience:
        dmean: 0.0585714653134
        dmean2: 0.0935588851571
        dvar: 0.00329424277879
        dvar2: 0.00805015582591
        max: 0.981835365295
        mean: 0.534330010414
        median: 0.547987937927
        min: 0.0493040941656
        var: 0.0250715445727
    silence_rate_20dB:
        dmean: 0
        dmean2: 0
        dvar: 0
        dvar2: 0
        max: 1
        mean: 1
        median: 1
        min: 1
        var: 0
    silence_rate_30dB:
        dmean: 0
        dmean2: 0
        dvar: 0
        dvar2: 0
        max: 1
        mean: 1
        median: 1
        min: 1
        var: 0
    silence_rate_60dB:
        dmean: 0.0247798170894
        dmean2: 0.0495670363307
        dvar: 0.0241646599025
        dvar2: 0.0563685558736
        max: 1
        mean: 0.741791069508
        median: 1
        min: 0
        var: 0.191534295678
    spectral_centroid:
        dmean: 143.580490112
        dmean2: 214.873809814
        dvar: 73096.0078125
        dvar2: 129435.851563
        max: 11701.2851563
        mean: 1129.58520508
        median: 867.094116211
        min: 217.594284058
        var: 909791.6875
    spectral_complexity:
        dmean: 1.07687711716
        dmean2: 1.80889821053
        dvar: 1.56608295441
        dvar2: 3.94583916664
        max: 22
        mean: 5.13343286514
        median: 4
        min: 0
        var: 19.4617519379
    spectral_crest:
        dmean: 2.12039232254
        dmean2: 3.3579916954
        dvar: 4.40755271912
        dvar2: 10.3168764114
        max: 26.9225292206
        mean: 11.3423423767
        median: 9.6199016571
        min: 2.59436011314
        var: 33.2930870056
    spectral_decrease:
        dmean: 1.15275705648e-010
        dmean2: 1.74948625031e-010
        dvar: 3.73905379349e-020
        dvar2: 8.66065920785e-020
        max: 1.22216577228e-028
        mean: -5.96783067408e-010
        median: -2.68139788151e-010
        min: -4.23841273189e-009
        var: 5.6567108081e-019
    spectral_energy:
        dmean: 0.000465285324026
        dmean2: 0.000706029881258
        dvar: 5.85107841289e-007
        dvar2: 1.35896664233e-006
        max: 0.0167294032872
        mean: 0.00241843145341
        median: 0.00111355155241
        min: 1.00554369396e-020
        var: 8.99697442946e-006
    spectral_energyband_high:
        dmean: 1.27328976305e-005
        dmean2: 2.00286849577e-005
        dvar: 2.94191160322e-009
        dvar2: 6.50068310293e-009
        max: 0.0020271781832
        mean: 2.78276511381e-005
        median: 7.11864186087e-006
        min: 7.32551069698e-021
        var: 8.90067752835e-009
    spectral_energyband_low:
        dmean: 6.31279835943e-005
        dmean2: 0.000106145591417
        dvar: 3.04788763117e-008
        dvar2: 8.54021422469e-008
        max: 0.00766271864995
        mean: 0.000128945859615
        median: 5.1704744692e-005
        min: 2.2503036716e-023
        var: 5.34970361343e-008
    spectral_energyband_middle_high:
        dmean: 0.000186006494914
        dmean2: 0.000289333984256
        dvar: 8.75890151519e-008
        dvar2: 2.25719205105e-007
        max: 0.00582952843979
        mean: 0.000618064659648
        median: 0.000316200661473
        min: 1.16524636026e-021
        var: 5.74892169425e-007
    spectral_energyband_middle_low:
        dmean: 0.000379902136046
        dmean2: 0.000572778575588
        dvar: 4.83581914068e-007
        dvar2: 1.0708542959e-006
        max: 0.0150556899607
        mean: 0.00170931557659
        median: 0.000554473313969
        min: 1.83879841936e-022
        var: 6.55556141282e-006
    spectral_flatness_db:
        dmean: 0.0185286328197
        dmean2: 0.0289201680571
        dvar: 0.000524274189956
        dvar2: 0.00119693158194
        max: 0.532655179501
        mean: 0.215973228216
        median: 0.19796821475
        min: 0.0541984699667
        var: 0.0058101862669
    spectral_flux:
        dmean: 0.00431545032188
        dmean2: 0.00704485317692
        dvar: 3.56778073183e-005
        dvar2: 8.76992635312e-005
        max: 0.0953766480088
        mean: 0.0173623319715
        median: 0.0156727898866
        min: 6.28880836295e-011
        var: 0.000161534117069
    spectral_kurtosis:
        dmean: 3.0449950695
        dmean2: 5.07689809799
        dvar: 13.3938264847
        dvar2: 35.2590141296
        max: 71.7446899414
        mean: 10.8241195679
        median: 9.13058853149
        min: -1.23330879211
        var: 64.3614578247
    spectral_rms:
        dmean: 0.000138273404445
        dmean2: 0.000208232697332
        dvar: 2.78988405711e-008
        dvar2: 6.24430853691e-008
        max: 0.00403997162357
        mean: 0.00124490016606
        median: 0.00104230106808
        min: 3.13212108159e-012
        var: 8.096707802e-007
    spectral_rolloff:
        dmean: 285.595367432
        dmean2: 483.480072021
        dvar: 257519.171875
        dvar2: 530419.875
        max: 19573.6816406
        mean: 1703.57580566
        median: 1356.59179688
        min: 172.265625
        var: 2181016.75
    spectral_skewness:
        dmean: 0.292884796858
        dmean2: 0.473788440228
        dvar: 0.0974029973149
        dvar2: 0.23546731472
        max: 7.34225559235
        mean: 2.41677188873
        median: 2.34635281563
        min: -0.221373274922
        var: 0.817315340042
    spectral_spread:
        dmean: 458556.9375
        dmean2: 722725.4375
        dvar: 671286427648
        dvar2: 1.41953558118e+012
        max: 41600216
        mean: 3751825
        median: 3041189.25
        min: 1279589.5
        var: 6.1587414057e+012
    spectral_strongpeak:
        dmean: 0.187897846103
        dmean2: 0.30435782671
        dvar: 0.0768666863441
        dvar2: 0.1944617033
        max: 4.31866836548
        mean: 0.538999021053
        median: 0.347742140293
        min: 5.13368680899e-010
        var: 0.277060121298
    zerocrossingrate:
        dmean: 0.00593372154981
        dmean2: 0.00689032068476
        dvar: 0.000125949838548
        dvar2: 0.000166922283825
        max: 0.529296875
        mean: 0.0611827336252
        median: 0.05126953125
        min: 0.00927734375
        var: 0.0019469546387
    barkbands:
        dmean: [1.10720600333e-006, 2.53134403465e-005, 3.33261559717e-005, 4.36683149019e-005, 7.65944132581e-005, 0.000143877856317, 0.000134902569698, 8.03835646366e-005, 9.28731678869e-005, 7.32059634174e-005, 7.26378129912e-005, 5.36016959813e-005, 4.72764804726e-005, 2.90895623039e-005, 1.2618483197e-005, 1.40649690366e-005, 1.80663300853e-005, 1.87008972716e-005, 1.6877291273e-005, 1.18499574455e-005, 6.30588101558e-006, 2.51949154517e-006, 5.7205346593e-007, 3.10766637313e-007, 1.01538191188e-007, 2.03374526109e-008, 1.0976063114e-010]
        dmean2: [1.91193589671e-006, 4.44161305495e-005, 5.60914668313e-005, 7.19776217011e-005, 0.000125213191495, 0.000206967131817, 0.000199364454602, 0.000115620445285, 0.000138870789669, 0.00011504766735, 0.000117643765407, 8.87439819053e-005, 7.75647931732e-005, 4.71017156087e-005, 1.98444195121e-005, 2.30750138144e-005, 2.96824218822e-005, 3.17681005981e-005, 2.77617327811e-005, 1.97488061531e-005, 1.01151053968e-005, 3.87262753065e-006, 8.7574801455e-007, 4.33943853295e-007, 1.54182018264e-007, 3.79441864595e-008, 1.93849575281e-010]
        dvar: [7.61854902082e-012, 5.22971310701e-009, 1.55797756918e-008, 1.00244115231e-008, 3.31130003417e-008, 1.63745667692e-007, 1.95200286157e-007, 5.90400688338e-008, 6.01525016464e-008, 2.88422477013e-008, 2.56743906135e-008, 2.04025845107e-008, 1.59075099759e-008, 7.63203722443e-009, 1.18413978623e-009, 1.52763257599e-009, 2.38352027004e-009, 2.47183495894e-009, 2.32931651745e-009, 1.31326183261e-009, 1.04525810229e-009, 1.75645623046e-010, 9.38015984331e-012, 2.80965767145e-012, 2.54591947567e-013, 3.26618411679e-014, 6.46368301054e-020]
        dvar2: [2.055603604e-011, 1.60635273971e-008, 4.32470059764e-008, 2.92174728855e-008, 9.2706329724e-008, 3.21647718238e-007, 3.6380089341e-007, 1.01094244087e-007, 1.31512734924e-007, 7.10879106691e-008, 6.35033359231e-008, 5.61893394035e-008, 4.53004034284e-008, 1.96467979663e-008, 2.62474553203e-009, 4.06305566969e-009, 6.56924159514e-009, 6.73319355826e-009, 6.03993344228e-009, 3.47230111331e-009, 2.72921307776e-009, 3.58478996487e-010, 1.89924968114e-011, 4.6630438226e-012, 5.33828677877e-013, 9.61019255168e-014, 1.71244209956e-019]
        max: [4.46941921837e-005, 0.0016664492432, 0.00625055283308, 0.00340949930251, 0.00500463787466, 0.0147017743438, 0.0131323123351, 0.0105228303, 0.00485713966191, 0.00301696639508, 0.00289159500971, 0.00478149950504, 0.00373101374134, 0.00222449144349, 0.000764807278756, 0.00124233972747, 0.00114180764649, 0.00133479677606, 0.00185092655011, 0.00106857565697, 0.00133593729697, 0.000505570496898, 0.000123874895507, 5.08289886056e-005, 1.92269017134e-005, 4.41133533968e-006, 1.16875273903e-008]
        mean: [1.26644602005e-006, 3.46098022419e-005, 5.22019436175e-005, 9.24328778638e-005, 0.00017077512166, 0.000521429465152, 0.00050530792214, 0.000198942303541, 0.000166299883858, 0.000130439831992, 0.000119933589303, 9.63562706602e-005, 8.40974316816e-005, 4.87476754643e-005, 2.40852441493e-005, 2.39309083554e-005, 3.46474989783e-005, 3.54893418262e-005, 3.5786684748e-005, 2.30295518122e-005, 1.12091429401e-005, 5.43810165254e-006, 1.17748675166e-006, 6.22403319994e-007, 1.60066932153e-007, 1.49269698824e-008, 1.68505376319e-010]
        median: [1.96335623315e-008, 4.73639101983e-006, 1.70579005498e-005, 2.72734960163e-005, 5.51788762095e-005, 3.91556641262e-005, 4.1193303332e-005, 3.27227608068e-005, 3.20959297824e-005, 3.29084141413e-005, 2.53935340879e-005, 2.10652433452e-005, 1.73845037352e-005, 8.35470927996e-006, 6.51717709843e-006, 5.50875438421e-006, 1.0410426512e-005, 9.2271475296e-006, 1.062627598e-005, 5.58509873372e-006, 2.21971367864e-006, 9.13945314096e-007, 1.53852056428e-007, 6.41347028818e-008, 3.04315079802e-008, 1.08523856568e-009, 6.58454540892e-011]
        min: [6.58598473309e-025, 2.9138036927e-024, 3.0725816714e-024, 1.01650229943e-024, 1.05200060629e-023, 1.07133416712e-023, 1.76748577218e-023, 1.27535505423e-023, 2.57722545898e-023, 1.56794687719e-023, 2.09304740559e-023, 3.36781822943e-023, 4.90957334685e-023, 3.38299654434e-023, 6.94591395958e-023, 6.65525595024e-023, 9.73680286806e-023, 1.2963034449e-022, 1.47570202678e-022, 1.92906013657e-022, 2.36306098815e-022, 3.55995735669e-022, 2.70956504843e-022, 6.0481266357e-022, 9.98145678133e-022, 1.37083143864e-021, 2.17479454946e-021]
        var: [9.49079009827e-012, 7.59496465719e-009, 1.60524091797e-008, 3.99448722987e-008, 1.10947894427e-007, 2.18818831854e-006, 2.46435115514e-006, 5.50007200673e-007, 1.56902515869e-007, 7.23793007751e-008, 5.42837383932e-008, 4.91167888583e-008, 3.78090412312e-008, 1.5242724416e-008, 3.49600393079e-009, 3.72602260157e-009, 5.51802870064e-009, 5.65285018794e-009, 6.40463548862e-009, 2.84323631305e-009, 2.28262164725e-009, 6.88789469905e-010, 3.86435120014e-011, 9.79241774474e-012, 4.56969531659e-013, 1.76089340592e-014, 8.74833195173e-020]
    frequency_bands:
        dmean: [1.10720600333e-006, 2.53134403465e-005, 3.33261559717e-005, 4.36683149019e-005, 7.65944132581e-005, 0.000143877856317, 0.000134902569698, 8.03835646366e-005, 9.28731678869e-005, 7.32059634174e-005, 7.26378129912e-005, 5.36016959813e-005, 4.72764804726e-005, 2.90895623039e-005, 1.2618483197e-005, 1.40649690366e-005, 1.80663300853e-005, 1.87008972716e-005, 1.6877291273e-005, 1.18499574455e-005, 6.30588101558e-006, 2.51949154517e-006, 5.7205346593e-007, 3.10766637313e-007, 1.01538191188e-007, 2.03374526109e-008, 1.0976063114e-010, 2.53145039653e-011]
        dmean2: [1.91193589671e-006, 4.44161305495e-005, 5.60914668313e-005, 7.19776217011e-005, 0.000125213191495, 0.000206967131817, 0.000199364454602, 0.000115620445285, 0.000138870789669, 0.00011504766735, 0.000117643765407, 8.87439819053e-005, 7.75647931732e-005, 4.71017156087e-005, 1.98444195121e-005, 2.30750138144e-005, 2.96824218822e-005, 3.17681005981e-005, 2.77617327811e-005, 1.97488061531e-005, 1.01151053968e-005, 3.87262753065e-006, 8.7574801455e-007, 4.33943853295e-007, 1.54182018264e-007, 3.79441864595e-008, 1.93849575281e-010, 4.56509552382e-011]
        dvar: [7.61854902082e-012, 5.22971310701e-009, 1.55797756918e-008, 1.00244115231e-008, 3.31130003417e-008, 1.63745667692e-007, 1.95200286157e-007, 5.90400688338e-008, 6.01525016464e-008, 2.88422477013e-008, 2.56743906135e-008, 2.04025845107e-008, 1.59075099759e-008, 7.63203722443e-009, 1.18413978623e-009, 1.52763257599e-009, 2.38352027004e-009, 2.47183495894e-009, 2.32931651745e-009, 1.31326183261e-009, 1.04525810229e-009, 1.75645623046e-010, 9.38015984331e-012, 2.80965767145e-012, 2.54591947567e-013, 3.26618411679e-014, 6.46368301054e-020, 2.37687582324e-021]
        dvar2: [2.055603604e-011, 1.60635273971e-008, 4.32470059764e-008, 2.92174728855e-008, 9.2706329724e-008, 3.21647718238e-007, 3.6380089341e-007, 1.01094244087e-007, 1.31512734924e-007, 7.10879106691e-008, 6.35033359231e-008, 5.61893394035e-008, 4.53004034284e-008, 1.96467979663e-008, 2.62474553203e-009, 4.06305566969e-009, 6.56924159514e-009, 6.73319355826e-009, 6.03993344228e-009, 3.47230111331e-009, 2.72921307776e-009, 3.58478996487e-010, 1.89924968114e-011, 4.6630438226e-012, 5.33828677877e-013, 9.61019255168e-014, 1.71244209956e-019, 7.34795685682e-021]
        max: [4.46941921837e-005, 0.0016664492432, 0.00625055283308, 0.00340949930251, 0.00500463787466, 0.0147017743438, 0.0131323123351, 0.0105228303, 0.00485713966191, 0.00301696639508, 0.00289159500971, 0.00478149950504, 0.00373101374134, 0.00222449144349, 0.000764807278756, 0.00124233972747, 0.00114180764649, 0.00133479677606, 0.00185092655011, 0.00106857565697, 0.00133593729697, 0.000505570496898, 0.000123874895507, 5.08289886056e-005, 1.92269017134e-005, 4.41133533968e-006, 1.16875273903e-008, 4.82098305721e-010]
        mean: [1.26644602005e-006, 3.46098022419e-005, 5.22019436175e-005, 9.24328778638e-005, 0.00017077512166, 0.000521429465152, 0.00050530792214, 0.000198942303541, 0.000166299883858, 0.000130439831992, 0.000119933589303, 9.63562706602e-005, 8.40974316816e-005, 4.87476754643e-005, 2.40852441493e-005, 2.39309083554e-005, 3.46474989783e-005, 3.54893418262e-005, 3.5786684748e-005, 2.30295518122e-005, 1.12091429401e-005, 5.43810165254e-006, 1.17748675166e-006, 6.22403319994e-007, 1.60066932153e-007, 1.49269698824e-008, 1.68505376319e-010, 2.09585265809e-011]
        median: [1.96335623315e-008, 4.73639101983e-006, 1.70579005498e-005, 2.72734960163e-005, 5.51788762095e-005, 3.91556641262e-005, 4.1193303332e-005, 3.27227608068e-005, 3.20959297824e-005, 3.29084141413e-005, 2.53935340879e-005, 2.10652433452e-005, 1.73845037352e-005, 8.35470927996e-006, 6.51717709843e-006, 5.50875438421e-006, 1.0410426512e-005, 9.2271475296e-006, 1.062627598e-005, 5.58509873372e-006, 2.21971367864e-006, 9.13945314096e-007, 1.53852056428e-007, 6.41347028818e-008, 3.04315079802e-008, 1.08523856568e-009, 6.58454540892e-011, 3.50937464852e-012]
        min: [6.58598473309e-025, 2.9138036927e-024, 3.0725816714e-024, 1.01650229943e-024, 1.05200060629e-023, 1.07133416712e-023, 1.76748577218e-023, 1.27535505423e-023, 2.57722545898e-023, 1.56794687719e-023, 2.09304740559e-023, 3.36781822943e-023, 4.90957334685e-023, 3.38299654434e-023, 6.94591395958e-023, 6.65525595024e-023, 9.73680286806e-023, 1.2963034449e-022, 1.47570202678e-022, 1.92906013657e-022, 2.36306098815e-022, 3.55995735669e-022, 2.70956504843e-022, 6.0481266357e-022, 9.98145678133e-022, 1.37083143864e-021, 2.17479454946e-021, 5.93646936991e-022]
        var: [9.49079009827e-012, 7.59496465719e-009, 1.60524091797e-008, 3.99448722987e-008, 1.10947894427e-007, 2.18818831854e-006, 2.46435115514e-006, 5.50007200673e-007, 1.56902515869e-007, 7.23793007751e-008, 5.42837383932e-008, 4.91167888583e-008, 3.78090412312e-008, 1.5242724416e-008, 3.49600393079e-009, 3.72602260157e-009, 5.51802870064e-009, 5.65285018794e-009, 6.40463548862e-009, 2.84323631305e-009, 2.28262164725e-009, 6.88789469905e-010, 3.86435120014e-011, 9.79241774474e-012, 4.56969531659e-013, 1.76089340592e-014, 8.74833195173e-020, 2.04513903716e-021]
    mfcc:
        mean: [-846.465881348, 133.792404175, -38.2587966919, 18.0485515594, -17.097694397, -8.72925376892, 1.74493265152, -5.06650924683, -8.56062221527, -9.62134361267, -0.0546134077013, -1.61943101883, -3.62212514877]
        cov: [[11607.0195313, 5034.67041016, -1170.8894043, 1448.26147461, -858.832946777, -814.846008301, -225.040756226, -10.4196281433, 245.836730957, 132.205245972, -224.752868652, -483.208435059, 138.534500122], [5034.67041016, 3780.41259766, -373.648010254, 400.898681641, -194.356719971, -604.832946777, -85.2097015381, 32.5934715271, 116.511802673, 23.4053421021, -157.53213501, -266.712524414, 113.323020935], [-1170.8894043, -373.648010254, 732.976501465, -95.5670318604, 50.8736877441, 42.3073005676, -128.370697021, 36.1886558533, 79.1328964233, 7.1932349205, -77.4028778076, -37.2199401855, -58.0523147583], [1448.26147461, 400.898681641, -95.5670318604, 500.655883789, -71.9320220947, -107.541679382, -82.1990585327, -23.9092731476, 80.6579971313, 40.3666915894, -37.4966125488, -60.0622291565, 54.5209655762], [-858.832946777, -194.356719971, 50.8736877441, -71.9320220947, 331.65536499, 81.551574707, -35.1879959106, -36.0850486755, -31.5098361969, -5.91512155533, 9.75442504883, 34.9713935852, -6.25064134598], [-814.846008301, -604.832946777, 42.3073005676, -107.541679382, 81.551574707, 307.197113037, 90.0581207275, -12.0951528549, -35.6761703491, -29.2693386078, 88.6558456421, 79.1944885254, -35.4407844543], [-225.040756226, -85.2097015381, -128.370697021, -82.1990585327, -35.1879959106, 90.0581207275, 260.6612854, 72.0871200562, -50.0962486267, -24.5626659393, 66.1042404175, 76.9895095825, 9.3140335083], [-10.4196281433, 32.5934715271, 36.1886558533, -23.9092731476, -36.0850486755, -12.0951528549, 72.0871200562, 173.264724731, 53.1324577332, -8.02407455444, 1.76498413086, 3.509349823, 16.800327301], [245.836730957, 116.511802673, 79.1328964233, 80.6579971313, -31.5098361969, -35.6761703491, -50.0962486267, 53.1324577332, 196.685165405, 79.6740951538, -43.4367256165, -70.2944564819, -10.6353673935], [132.205245972, 23.4053421021, 7.1932349205, 40.3666915894, -5.91512155533, -29.2693386078, -24.5626659393, -8.02407455444, 79.6740951538, 167.59085083, 27.2417087555, -48.7050247192, -18.0476989746], [-224.752868652, -157.53213501, -77.4028778076, -37.4966125488, 9.75442504883, 88.6558456421, 66.1042404175, 1.76498413086, -43.4367256165, 27.2417087555, 178.518280029, 80.861907959, -24.0424919128], [-483.208435059, -266.712524414, -37.2199401855, -60.0622291565, 34.9713935852, 79.1944885254, 76.9895095825, 3.509349823, -70.2944564819, -48.7050247192, 80.861907959, 221.349777222, 77.71875], [138.534500122, 113.323020935, -58.0523147583, 54.5209655762, -6.25064134598, -35.4407844543, 9.3140335083, 16.800327301, -10.6353673935, -18.0476989746, -24.0424919128, 77.71875, 179.725189209]]
        icov: [[0.000719446165022, -0.000834532547742, 0.000784629955888, -0.00125192466658, 0.00132716435473, -0.00100177596323, 0.000945867854171, -0.000596555299126, 0.000582457694691, -0.000614682445303, 0.000777582987212, -0.000278779800283, 0.000657538534142], [-0.000834532547742, 0.00142478512134, -0.000796552572865, 0.00133677432314, -0.00161419389769, 0.00203043641523, -0.00137217168231, 0.000853220641147, -0.000960478675552, 0.00110338861123, -0.00122149032541, 0.000875965459272, -0.00107054994442], [0.000784629955888, -0.000796552572865, 0.00280711846426, -0.00100310088601, 0.00145135738421, -0.00159672542941, 0.00234435149468, -0.00158943759743, 0.000319326878525, -0.000881669227965, 0.00190060713794, -0.00076983415056, 0.00138867308851], [-0.00125192466658, 0.00133677432314, -0.00100310088601, 0.00485404860228, -0.00191923242528, 0.00189766858239, -0.00103728380054, 0.00162090058438, -0.00211236416362, 0.00118329830002, -0.00167582568247, 0.000922554929275, -0.0020940026734], [0.00132716435473, -0.00161419389769, 0.00145135738421, -0.00191923242528, 0.0060429633595, -0.00311387190595, 0.00286973291077, -0.00106930197217, 0.00172353896778, -0.00173484254628, 0.00203092582524, -0.00118017208297, 0.00130299525335], [-0.00100177596323, 0.00203043641523, -0.00159672542941, 0.00189766858239, -0.00311387190595, 0.00836124643683, -0.00392603548244, 0.0028011475224, -0.00269015599042, 0.00313259987161, -0.00400017714128, 0.000941497622989, -0.000904265907593], [0.000945867854171, -0.00137217168231, 0.00234435149468, -0.00103728380054, 0.00286973291077, -0.00392603548244, 0.00857124850154, -0.0046355118975, 0.00277756922878, -0.00198851153255, 0.00161811034195, -0.0021528955549, 0.00163488124963], [-0.000596555299126, 0.000853220641147, -0.00158943759743, 0.00162090058438, -0.00106930197217, 0.0028011475224, -0.0046355118975, 0.00984389148653, -0.00474849762395, 0.00314166489989, -0.00264129741117, 0.00143803202081, -0.00218873890117], [0.000582457694691, -0.000960478675552, 0.000319326878525, -0.00211236416362, 0.00172353896778, -0.00269015599042, 0.00277756922878, -0.00474849762395, 0.010435666889, -0.00553198857233, 0.00354438414797, -0.000292934098979, 0.00139283400495], [-0.000614682445303, 0.00110338861123, -0.000881669227965, 0.00118329830002, -0.00173484254628, 0.00313259987161, -0.00198851153255, 0.00314166489989, -0.00553198857233, 0.0105939395726, -0.0053024594672, 0.00310383574106, -0.0018139538588], [0.000777582987212, -0.00122149032541, 0.00190060713794, -0.00167582568247, 0.00203092582524, -0.00400017714128, 0.00161811034195, -0.00264129741117, 0.00354438414797, -0.0053024594672, 0.0118715446442, -0.00518939038739, 0.00424740137532], [-0.000278779800283, 0.000875965459272, -0.00076983415056, 0.000922554929275, -0.00118017208297, 0.000941497622989, -0.0021528955549, 0.00143803202081, -0.000292934098979, 0.00310383574106, -0.00518939038739, 0.010078812018, -0.0055024526082], [0.000657538534142, -0.00107054994442, 0.00138867308851, -0.0020940026734, 0.00130299525335, -0.000904265907593, 0.00163488124963, -0.00218873890117, 0.00139283400495, -0.0018139538588, 0.00424740137532, -0.0055024526082, 0.0096507743001]]
    sccoeffs:
        dmean: [0.043787792325, 0.0388842634857, 0.0363086313009, 0.0306016262621, 0.0210968684405, 0.0154533889145]
        dmean2: [0.0735739693046, 0.0626099780202, 0.058518499136, 0.0500839836895, 0.0343534238636, 0.0249635148793]
        dvar: [0.00134842016269, 0.00109167373739, 0.000900137412827, 0.000692305213306, 0.000337699253578, 0.000218851695536]
        dvar2: [0.00360777252354, 0.00272520328872, 0.00231682532467, 0.0017376994947, 0.000824423972517, 0.000512884522323]
        max: [-0.339780122042, -0.339393615723, -0.469878256321, -0.492978960276, -0.576389610767, -0.628356039524]
        mean: [-0.690515875816, -0.714803755283, -0.7397326231, -0.738617956638, -0.786101996899, -0.783667504787]
        median: [-0.706634104252, -0.727378129959, -0.739802360535, -0.74157422781, -0.788159191608, -0.783172428608]
        min: [-0.97548520565, -0.98925536871, -0.977909147739, -0.970205724239, -0.964964270592, -0.963953137398]
        var: [0.0114097287878, 0.0126039190218, 0.0067501985468, 0.00555476127192, 0.00249208346941, 0.00169134803582]
    scvalleys:
        dmean: [0.36774417758, 0.324694752693, 0.307257115841, 0.279889076948, 0.252464681864, 0.254128456116]
        dmean2: [0.631047546864, 0.534670591354, 0.503065228462, 0.459224045277, 0.401662528515, 0.377251714468]
        dvar: [0.126264065504, 0.119589470327, 0.126056060195, 0.14613340795, 0.185117706656, 0.206089690328]
        dvar2: [0.293096989393, 0.25380179286, 0.269873648882, 0.308371841908, 0.380641341209, 0.415495187044]
        max: [-5.02341175079, -4.63415813446, -5.30037736893, -6.46112823486, -6.90486907959, -8.08967971802]
        mean: [-8.32736778259, -7.80901479721, -8.12839221954, -8.87174415588, -9.21587848663, -11.6892366409]
        median: [-7.8467874527, -7.28647422791, -7.66941547394, -8.39845275879, -8.82050323486, -11.4798870087]
        min: [-27.8861980438, -27.789434433, -27.8024158478, -27.5501823425, -27.5701503754, -27.3481121063]
        var: [4.60250043869, 3.96914696693, 3.45062589645, 2.76161241531, 2.26174473763, 1.99122428894]

rhythm:
    beats_loudness:
        dmean: 0.00122637290042
        dmean2: 0.00211795629002
        dvar: 2.41419706981e-006
        dvar2: 7.81898324931e-006
        max: 0.0149422837421
        mean: 0.00266325706616
        median: 0.00163350289222
        min: 3.20133208831e-009
        var: 8.35801256471e-006
    bpm: 120.02293396
    bpm_confidence: 0
    first_peak_bpm: 120
    first_peak_spread: 0.379182219505
    first_peak_weight: 0.535256385803
    onset_rate: 2.11530590057
    second_peak_bpm: 126
    second_peak_spread: 0
    second_peak_weight: 0.0256410259753
    beats_loudness_band_ratio:
        dmean: [0.11172170192, 0.146100655198, 0.168960109353, 0.169349700212, 0.0767062529922, 0.0706576853991]
        dmean2: [0.194037184119, 0.252048641443, 0.304030686617, 0.296801656485, 0.131743744016, 0.130675658584]
        dvar: [0.0178647302091, 0.0306820999831, 0.0264243464917, 0.0271000899374, 0.00818346440792, 0.0265638120472]
        dvar2: [0.0518661253154, 0.0876379609108, 0.0747426226735, 0.0789650529623, 0.0231131445616, 0.0800729095936]
        max: [0.722681581974, 0.878910601139, 0.958434998989, 0.968969643116, 0.874526441097, 0.950484514236]
        mean: [0.122050642967, 0.19885969162, 0.272839009762, 0.291158378124, 0.0997482612729, 0.0743777379394]
        median: [0.0685313642025, 0.117320716381, 0.21400539577, 0.227122291923, 0.0642397627234, 0.0202763993293]
        min: [1.79426922386e-006, 1.87041114259e-005, 1.8691052901e-005, 0.000554187223315, 0.00142625719309, 0.000522962247487]
        var: [0.0202367790043, 0.0507460683584, 0.0498047024012, 0.0642849579453, 0.0121009992436, 0.0302545037121]
    beats_position: [0.568888902664, 1.14938771725, 1.71827661991, 2.29877543449, 2.87927436829, 3.39011335373, 3.90095233917, 4.40018129349, 4.88780021667, 5.3754196167, 5.88625860214, 6.38548755646, 6.88471651077, 7.38394546509, 7.87156438828, 8.35918331146, 8.84680271149, 9.35764122009, 9.86848068237, 10.379319191, 10.8901586533, 11.3893871307, 11.8886165619, 12.387845993, 12.8870744705, 13.3863039017, 13.8855323792, 14.3847618103, 14.8839902878, 15.3832197189, 15.8824491501, 16.3816776276, 16.8809070587, 17.391746521, 17.9025840759, 18.4018135071, 18.9010429382, 19.4118824005, 19.9111099243, 20.4103393555, 20.9095687866, 21.4087982178, 21.8964176178, 22.3840351105, 22.8948745728, 23.3941040039, 23.8933334351, 24.40417099, 24.9034004211, 25.3910198212, 25.9018592834, 26.4010887146, 26.9003162384, 27.3995456696, 27.9103851318, 28.409614563, 28.9088420868, 29.4080715179, 29.9189109802, 30.4297504425, 30.9521980286, 31.4514274597, 31.9390468597, 32.4150543213, 32.9026756287, 33.4019050598, 33.901134491, 34.3887519836, 34.8879814148, 35.3872108459, 35.8748283386, 36.3740577698, 36.8732872009, 37.3725166321, 37.8717460632, 38.3825836182, 38.8934249878, 39.4042625427, 39.9151000977, 40.402721405, 40.9019508362, 41.4011802673, 41.9004058838, 42.3996353149, 42.8988647461, 43.3980941772, 43.9089317322, 44.4197731018, 44.9073905945, 45.3950119019, 45.894241333, 46.3934669495, 46.8926963806, 47.3919258118, 47.8911552429, 48.3903846741, 48.8896141052, 49.3888435364, 49.8880729675, 50.3873023987, 50.8865280151, 51.3857574463, 51.8849868774, 52.3842163086, 52.871837616, 53.3594551086, 53.8702926636, 54.3811340332, 54.8803634644, 55.4028091431, 55.9136505127, 56.4361000061, 56.9585494995, 57.4926071167, 57.9802246094, 58.4678459167, 58.9438552856, 59.4198646545, 59.8610420227, 60.2906112671, 60.7317886353, 61.1845779419, 61.6257591248, 62.0669364929, 62.5197257996, 62.9725151062, 63.4136962891, 63.9013137817, 64.3773193359, 64.8533325195, 65.3293380737, 65.8517913818, 66.351020813, 66.8502502441, 67.3610839844, 67.871925354, 68.3827667236, 68.8819961548, 69.3812255859, 69.8688430786, 70.3564605713, 70.8556900024, 71.3549194336, 71.8657608032, 72.3649902344, 72.8642196655, 73.3634490967, 73.8742828369, 74.3735122681, 74.8843536377, 75.3951950073, 75.9060287476, 76.4168701172, 76.9277114868, 77.426940918, 77.9261627197, 78.4137878418, 78.9014053345, 79.3890228271, 79.8766403198, 80.375869751, 80.8750991821, 81.3743286133, 81.8735580444, 82.3727874756, 82.8720169067, 83.3596343994, 83.8588638306, 84.3580932617, 84.8573226929, 85.356552124, 85.8557815552, 86.3550109863, 86.865852356, 87.3650741577, 87.8643035889, 88.36353302, 88.8627624512, 89.3619918823, 89.8612213135, 90.3604507446, 90.8596801758, 91.3472976685, 91.8465270996, 92.3457565308, 92.8565979004, 93.36743927, 93.8666687012, 94.3658905029, 94.8651199341, 95.3643493652, 95.8635787964, 96.3628082275, 96.8736495972, 97.3728790283, 97.8721084595, 98.3597259521, 98.8589553833, 99.3581848145, 99.8690261841, 100.379859924, 100.879089355, 101.378318787, 101.865936279, 102.36516571, 102.864395142, 103.363624573, 103.862854004, 104.362083435, 104.861312866, 105.348930359, 105.84815979, 106.347389221, 106.858230591, 107.357460022, 107.856689453, 108.355918884, 108.866752625, 109.365982056, 109.865211487, 110.352828979, 110.840454102, 111.339683533, 111.850517273, 112.349746704, 112.860588074, 113.371429443, 113.870658875, 114.381492615, 114.880722046, 115.379951477, 115.86756897, 116.366798401, 116.854415894, 117.353645325, 117.864486694, 118.375328064, 118.874557495, 119.362174988, 119.861404419, 120.36063385, 120.87147522, 121.370697021, 121.869926453, 122.369155884, 122.856781006, 123.344398499, 123.84362793, 124.342857361, 124.853691101, 125.364532471, 125.863761902, 126.362991333, 126.862220764, 127.361450195, 127.860679626, 128.359909058, 128.859130859, 129.35836792, 129.857589722, 130.356826782, 130.856048584, 131.355285645, 131.854507446, 132.353744507, 132.852966309, 133.352203369, 133.851425171, 134.350662231, 134.849884033, 135.349105835, 135.848342896, 136.347564697, 136.858413696, 137.357635498, 137.856872559, 138.367706299, 138.855331421, 139.342941284, 139.853790283, 140.353012085, 140.852249146, 141.351470947, 141.850692749, 142.338317871, 142.849151611, 143.36000061, 143.859222412, 144.358459473, 144.857681274, 145.356918335, 145.867752075, 146.378585815, 146.889434814, 147.377044678, 147.853057861, 148.329071045, 148.758636475, 149.188201904, 149.617782593, 150.047348022, 150.488525391, 150.929702759, 151.370880127, 151.765625, 152.160354614, 152.555099487, 152.94984436, 153.332962036, 153.716094971, 154.099227905, 154.493972778, 154.877090454]
    bpm_estimates: [117.453842163, 117.453842163, 120.185333252, 123.046905518, 123.046783447, 117.453842163, 120.185333252, 120.185333252, 120.185333252, 123.046905518, 123.046905518, 123.046783447, 117.453948975, 117.453727722, 117.453948975, 117.453727722, 120.185455322, 120.185218811, 120.185218811, 120.185455322, 120.185218811, 120.185455322, 120.185218811, 120.185455322, 120.185218811, 120.185218811, 120.185455322, 120.185218811, 117.453727722, 117.454170227, 120.185218811, 120.185218811, 117.453727722, 120.185684204, 120.185218811, 120.185218811, 120.185218811, 123.046783447, 123.047264099, 117.453727722, 120.185218811, 120.185218811, 117.454170227, 120.185218811, 123.046783447, 117.453727722, 120.185218811, 120.185684204, 120.185218811, 117.453727722, 120.185218811, 120.185684204, 120.185218811, 117.453727722, 117.453727722, 120.185218811, 123.046783447, 123.046302795, 120.185218811, 120.185218811, 123.047264099, 120.185218811, 120.185218811, 123.047264099, 120.185218811, 120.185218811, 120.185218811, 120.185218811, 117.454170227, 117.453292847, 117.454170227, 117.454170227, 123.046302795, 120.185218811, 120.185218811, 120.186141968, 120.185218811, 120.185218811, 120.185218811, 117.454170227, 117.453292847, 123.047264099, 123.046302795, 120.185218811, 120.186141968, 120.185218811, 120.185218811, 120.185218811, 120.185218811, 120.185218811, 120.185218811, 120.185218811, 120.185218811, 120.186141968, 120.185218811, 120.185218811, 120.185218811, 123.046302795, 123.047264099, 117.454170227, 117.453292847, 120.185218811, 117.453292847, 123.047264099, 123.046302795, 123.047264099, 120.185218811, 120.185218811, 117.455047607, 117.453292847, 117.453292847, 120.185218811, 120.185218811, 123.047264099, 123.047264099, 120.185218811, 120.185218811, 117.453292847, 120.185218811, 120.185218811, 120.185218811, 117.455047607, 120.185218811, 117.453292847, 117.453292847, 117.455047607, 117.453292847, 117.453292847, 120.185218811, 120.187057495, 123.045341492, 123.047264099, 123.047264099, 123.047264099, 120.185218811, 120.185218811, 120.185218811, 120.185218811, 120.185218811, 120.185218811, 123.047264099, 120.185218811, 120.185218811, 120.185218811, 120.185218811, 120.185218811, 120.185218811, 117.453292847, 120.187057495, 120.185218811, 120.185218811, 120.185218811, 120.185218811, 120.185218811, 120.185218811, 120.185218811, 123.047264099, 120.185218811, 120.185218811, 117.453292847, 117.453292847, 120.185218811, 120.187057495, 120.185218811, 120.185218811, 120.185218811, 120.185218811, 117.453292847, 120.185218811, 120.185218811, 123.047264099, 120.185218811, 120.185218811, 117.453292847, 117.455047607, 120.185218811, 120.185218811, 123.047264099, 120.185218811, 120.185218811, 120.185218811, 120.185218811, 120.185218811, 120.185218811, 123.047264099, 120.185218811, 120.185218811, 117.453292847, 120.185218811, 120.185218811, 120.185218811, 117.455047607, 120.185218811, 120.185218811, 123.047264099, 123.045341492, 120.185218811, 117.455047607, 120.185218811, 117.453292847, 117.453292847, 120.185218811, 117.455047607, 120.185218811, 120.185218811, 123.047264099, 120.185218811, 123.047264099, 120.185218811, 117.453292847, 117.453292847, 120.185218811, 123.047264099, 120.185218811, 120.185218811, 117.453292847, 120.187057495, 120.185218811, 120.185218811, 123.045341492, 123.047264099, 120.185218811, 120.185218811, 117.455047607, 117.453292847, 120.185218811, 120.185218811, 120.185218811, 120.185218811, 120.185218811, 120.185218811, 120.187057495, 120.183387756, 120.187057495, 120.183387756, 120.187057495, 120.183387756, 120.187057495, 120.183387756, 120.187057495, 120.183387756, 120.187057495, 120.183387756, 120.187057495, 120.187057495, 120.183387756, 120.187057495, 117.451538086, 120.187057495, 120.183387756, 117.455047607, 123.045341492, 123.049194336, 117.451538086, 120.187057495, 120.183387756, 120.187057495, 120.187057495, 123.045341492, 117.455047607, 117.451538086, 120.187057495, 120.183387756, 120.187057495, 120.183387756, 117.455047607, 117.455047607, 117.451538086, 123.049194336]
