
metadata:
    version:
        essentia: "2.1-beta2"
    audio_properties:
        analysis_sample_rate: 44100
        bitrate: 320
        channels: 2
        equal_loudness: 1
        length: 322.324890137
        replay_gain: -15.4931211472
        downmix: "mix"
    tags:
        album: "Imaginaerum"
        artist: "Nightwish"
        comment: "www.NewAlbumReleases.net"
        date: "2011"
        genre: "Metal"
        title: "Storytime"
        tracknumber: "2"

configuration:
    average_loudness:
        compute: 1
        frameSize: 88200
        hopSize: 44100
        silentFrames: "noise"
        windowType: "hann"
    general:
        analysisSampleRate: 44100
        endTime: 2000
        equalLoudness: 1
        nequalLoudness: 0
        shortSound: 0
        startTime: 0
    lowlevel:
        compute: 1
        frameSize: 2048
        hopSize: 1024
        zeroPadding: 0
        silentFrames: "noise"
        windowType: "blackmanharris62"
        mfccStats: ["mean", "cov", "icov"]
        stats: ["mean", "var", "median", "min", "max", "dmean", "dmean2", "dvar", "dvar2"]
    panning:
        compute: 0
        frameSize: 8192
        hopSize: 2048
        zeroPadding: 8192
        silentFrames: "noise"
        windowType: "hann"
        stats: ["copy"]
    rhythm:
        compute: 1
        maxTempo: 208
        minTempo: 40
        method: "degara"
        stats: ["mean", "var", "median", "min", "max", "dmean", "dmean2", "dvar", "dvar2"]
    segmentation:
        compute: 0
        cpw: 5
        inc1: 300
        inc2: 50
        minimumSegmentsLength: 10
        size1: 1000
        size2: 600
    sfx:
        compute: 1
        stats: ["mean", "var", "median", "min", "max", "dmean", "dmean2", "dvar", "dvar2"]
    svm:
        compute: 0
    tonal:
        compute: 1
        frameSize: 4096
        hopSize: 2048
        zeroPadding: 0
        silentFrames: "noise"
        windowType: "blackmanharris62"
        stats: ["mean", "var", "median", "min", "max", "dmean", "dmean2", "dvar", "dvar2"]

lowlevel:
    average_loudness: 0.902269721031
    barkbands_kurtosis:
        dmean: 0.571498155594
        dmean2: 0.922114312649
        dvar: 1.04924952984
        dvar2: 2.62282156944
        max: 26.9172725677
        mean: -0.65385556221
        median: -1.02072799206
        min: -1.87453246117
        var: 2.2190952301
    barkbands_skewness:
        dmean: 0.319920748472
        dmean2: 0.506252229214
        dvar: 0.0912940427661
        dvar2: 0.217088162899
        max: 4.75570058823
        mean: 0.0150684025139
        median: -0.0824785530567
        min: -2.64441108704
        var: 0.50542229414
    barkbands_spread:
        dmean: 5.55163812637
        dmean2: 8.8200044632
        dvar: 29.1957645416
        dvar2: 70.6850662231
        max: 70.0737686157
        mean: 32.0279121399
        median: 31.5359859467
        min: 3.0664293766
        var: 96.9039535522
    dissonance:
        dmean: 0.0145036932081
        dmean2: 0.0246844049543
        dvar: 0.000212418744923
        dvar2: 0.000593890203163
        max: 0.500000119209
        mean: 0.476186871529
        median: 0.481441885233
        min: 0.274837940931
        var: 0.000395670766011
    hfc:
        dmean: 2.16460466385
        dmean2: 3.43841123581
        dvar: 6.98054647446
        dvar2: 16.6899662018
        max: 49.2160377502
        mean: 9.28122901917
        median: 9.0861120224
        min: 1.18026232615e-016
        var: 41.681968689
    pitch:
        dmean: 746.659484863
        dmean2: 1434.4777832
        dvar: 1648166.75
        dvar2: 4021648.25
        max: 4746.35400391
        mean: 1273.07409668
        median: 409.741546631
        min: 57.5191192627
        var: 2397910.5
    pitch_instantaneous_confidence:
        dmean: 0.0798148587346
        dmean2: 0.129493415356
        dvar: 0.00466116378084
        dvar2: 0.0112542537972
        max: 0.92157882452
        mean: 0.37500667572
        median: 0.352714955807
        min: 0.0993145704269
        var: 0.0165207348764
    pitch_salience:
        dmean: 0.0552197620273
        dmean2: 0.0903979688883
        dvar: 0.00235360627994
        dvar2: 0.00610395660624
        max: 0.895115017891
        mean: 0.648735761642
        median: 0.660435855389
        min: 0.227636307478
        var: 0.0069966269657
    silence_rate_20dB:
        dmean: 0
        dmean2: 0
        dvar: 0
        dvar2: 0
        max: 1
        mean: 1
        median: 1
        min: 1
        var: 0
    silence_rate_30dB:
        dmean: 0
        dmean2: 0
        dvar: 0
        dvar2: 0
        max: 1
        mean: 1
        median: 1
        min: 1
        var: 0
    silence_rate_60dB:
        dmean: 0.0672813728452
        dmean2: 0.134572431445
        dvar: 0.0627463161945
        dvar2: 0.13387721777
        max: 1
        mean: 0.303824812174
        median: 0
        min: 0
        var: 0.211492225528
    spectral_centroid:
        dmean: 239.929443359
        dmean2: 383.362365723
        dvar: 60661.96875
        dvar2: 134465.609375
        max: 11361.3369141
        mean: 1767.34655762
        median: 1850.55859375
        min: 188.456558228
        var: 325932.46875
    spectral_complexity:
        dmean: 3.53954768181
        dmean2: 5.65218639374
        dvar: 12.5858163834
        dvar2: 28.6032047272
        max: 48
        mean: 18.197435379
        median: 19
        min: 0
        var: 105.348358154
    spectral_crest:
        dmean: 1.78303575516
        dmean2: 2.978910923
        dvar: 2.96617841721
        dvar2: 7.76815319061
        max: 21.229133606
        mean: 6.13985872269
        median: 5.43154096603
        min: 2.28572201729
        var: 6.35718584061
    spectral_decrease:
        dmean: 2.27950130993e-010
        dmean2: 3.68369723613e-010
        dvar: 6.77433133582e-020
        dvar2: 1.64930676382e-019
        max: -3.10199996771e-029
        mean: -1.04581587834e-009
        median: -1.00855179763e-009
        min: -3.68758823477e-009
        var: 3.56022464751e-019
    spectral_energy:
        dmean: 0.00102527369745
        dmean2: 0.00165067822672
        dvar: 1.38884990974e-006
        dvar2: 3.34069636665e-006
        max: 0.0173954274505
        mean: 0.00478899059817
        median: 0.00461764074862
        min: 1.08224102742e-020
        var: 7.81257494964e-006
    spectral_energyband_high:
        dmean: 0.00022065131634
        dmean2: 0.000373392394977
        dvar: 7.97503147965e-008
        dvar2: 2.17151523429e-007
        max: 0.00385343749076
        mean: 0.000623160158284
        median: 0.000627585395705
        min: 7.78635369574e-021
        var: 2.3098222357e-007
    spectral_energyband_low:
        dmean: 0.000213404709939
        dmean2: 0.000359628145816
        dvar: 9.63918509456e-008
        dvar2: 2.63775604026e-007
        max: 0.00418714713305
        mean: 0.000370875000954
        median: 0.000267008028459
        min: 8.45440723025e-023
        var: 1.37965727731e-007
    spectral_energyband_middle_high:
        dmean: 0.000705129757989
        dmean2: 0.00110527314246
        dvar: 7.16801480394e-007
        dvar2: 1.6912662204e-006
        max: 0.0135834217072
        mean: 0.00270580081269
        median: 0.00233399379067
        min: 1.67537526793e-021
        var: 4.21465847467e-006
    spectral_energyband_middle_low:
        dmean: 0.000437745125964
        dmean2: 0.000718737661373
        dvar: 3.28233142e-007
        dvar2: 8.58111263824e-007
        max: 0.00722798891366
        mean: 0.00121056835633
        median: 0.00106566492468
        min: 2.85029985341e-022
        var: 6.51639879834e-007
    spectral_flatness_db:
        dmean: 0.0133853070438
        dmean2: 0.0205358155072
        dvar: 0.000158202150487
        dvar2: 0.000335615943186
        max: 0.277015715837
        mean: 0.138672202826
        median: 0.136022374034
        min: 0.0539819225669
        var: 0.000655393290799
    spectral_flux:
        dmean: 0.00661264872178
        dmean2: 0.0103173069656
        dvar: 4.95752465213e-005
        dvar2: 0.000106710263935
        max: 0.094525590539
        mean: 0.0405493862927
        median: 0.0421696715057
        min: 1.04030811743e-010
        var: 0.000270208285656
    spectral_kurtosis:
        dmean: 1.08373582363
        dmean2: 1.83754432201
        dvar: 1.56569290161
        dvar2: 4.30874300003
        max: 22.9387760162
        mean: 3.64969158173
        median: 3.26138281822
        min: -1.22360253334
        var: 3.50561451912
    spectral_rms:
        dmean: 0.00022709571931
        dmean2: 0.000360862468369
        dvar: 5.86688173598e-008
        dvar2: 1.3734704396e-007
        max: 0.00411960529163
        mean: 0.00204051588662
        median: 0.00212250230834
        min: 3.24937667918e-012
        var: 5.08468303906e-007
    spectral_rolloff:
        dmean: 390.827362061
        dmean2: 647.383056641
        dvar: 265246.6875
        dvar2: 591695
        max: 18389.3554688
        mean: 3403.15087891
        median: 3746.77734375
        min: 129.19921875
        var: 964450.25
    spectral_skewness:
        dmean: 0.173255801201
        dmean2: 0.280466496944
        dvar: 0.0333513878286
        dvar2: 0.08172596246
        max: 3.83265662193
        mean: 1.27884161472
        median: 1.22701346874
        min: -0.00332167139277
        var: 0.125117242336
    spectral_spread:
        dmean: 382394.875
        dmean2: 571139.3125
        dvar: 341223243776
        dvar2: 555051122688
        max: 41739336
        mean: 4179340
        median: 3978388
        min: 1905391.875
        var: 1.14389981594e+012
    spectral_strongpeak:
        dmean: 0.504212737083
        dmean2: 0.849734902382
        dvar: 0.536597728729
        dvar2: 1.35495507717
        max: 9.9327173233
        mean: 0.775591790676
        median: 0.39475107193
        min: 1.13067422092e-009
        var: 0.997089803219
    zerocrossingrate:
        dmean: 0.00742228282616
        dmean2: 0.0090300552547
        dvar: 5.66328017158e-005
        dvar2: 6.61742451484e-005
        max: 0.5048828125
        mean: 0.100515879691
        median: 0.10546875
        min: 0.0146484375
        var: 0.000664295279421
    barkbands:
        dmean: [6.16027307387e-007, 6.97037103237e-005, 0.000138380608405, 9.4212089607e-005, 0.000175480061444, 0.00013803577167, 0.000114781192678, 8.72158489074e-005, 0.000101623722003, 0.000151693267981, 0.000258552725427, 0.00015240618086, 8.58242856339e-005, 8.12548896647e-005, 7.71002087276e-005, 9.67857777141e-005, 8.69687064551e-005, 0.000158684168127, 0.000235837971559, 0.000174418149982, 0.00012476334814, 3.04616623907e-005, 3.79416906071e-006, 1.05512128812e-006, 8.83366965354e-007, 2.87110140107e-008, 3.11538517206e-010]
        dmean2: [9.53856897468e-007, 0.000116779148811, 0.000236324151047, 0.00015951586829, 0.00029957856168, 0.000221601250814, 0.000188753765542, 0.000145241021528, 0.000168332247995, 0.000248768134043, 0.000421950710006, 0.000250090641202, 0.000142283621244, 0.000134207875817, 0.000128247920657, 0.000159122937475, 0.000142930060974, 0.000257140636677, 0.000389221939258, 0.000291344418656, 0.000213450141018, 5.35042272531e-005, 6.21436447545e-006, 1.56813666763e-006, 1.34928495754e-006, 4.60610962705e-008, 5.30135990662e-010]
        dvar: [1.50998994124e-012, 1.09575548635e-008, 4.56162219109e-008, 2.63124597666e-008, 7.84729508041e-008, 3.72992268183e-008, 3.60239162944e-008, 2.21712710413e-008, 3.51755033989e-008, 8.00123203248e-008, 2.91716531819e-007, 1.0164096409e-007, 2.62767212433e-008, 2.8536794261e-008, 2.92146271619e-008, 3.2001736372e-008, 2.28091661114e-008, 6.09271921803e-008, 1.36695817332e-007, 4.33696172308e-008, 2.58345327353e-008, 3.60809537803e-009, 4.68877471571e-011, 3.49128365107e-012, 2.82100883452e-012, 5.43282739556e-015, 2.29095864905e-019]
        dvar2: [3.42929872867e-012, 2.94802244838e-008, 1.27069966993e-007, 7.20344246474e-008, 2.14024908018e-007, 9.29452284026e-008, 9.13184194928e-008, 5.78147911767e-008, 9.35782082934e-008, 2.07366610994e-007, 7.48007437323e-007, 2.64858613264e-007, 7.02410716258e-008, 7.33524245788e-008, 7.72565798002e-008, 8.02316009185e-008, 5.90758943986e-008, 1.45138784546e-007, 3.52658162228e-007, 1.1571589198e-007, 7.09961653911e-008, 1.01077555215e-008, 1.16618825707e-010, 7.01634930711e-012, 5.89316789812e-012, 1.38310502239e-014, 6.00021823697e-019]
        max: [1.26596578411e-005, 0.00119560107123, 0.00353094353341, 0.00387754291296, 0.00401183124632, 0.00421124137938, 0.00291030551307, 0.00239875447005, 0.00427946960554, 0.00686535891145, 0.00807870924473, 0.00643423711881, 0.00340588483959, 0.00322899431922, 0.0048911543563, 0.00351765169762, 0.00354252383113, 0.00502930628136, 0.00840153545141, 0.00354793109, 0.0022034610156, 0.00101657689083, 0.000127241946757, 3.19623359246e-005, 2.88260271191e-005, 1.51271490267e-006, 1.19367173923e-008]
        mean: [6.6248622943e-007, 9.41118778428e-005, 0.000202794806683, 0.00014049213496, 0.00028302447754, 0.00024726963602, 0.000179053182364, 0.00012128475646, 0.000167193749803, 0.000241722053033, 0.000406304985518, 0.000244484370342, 0.000141841432196, 0.000131210821564, 0.000128039857373, 0.00018235227617, 0.000167995138327, 0.000327804591507, 0.000545127200894, 0.000481451075757, 0.000297308986774, 4.70322884212e-005, 6.46266562399e-006, 2.19549542635e-006, 1.71903388946e-006, 4.28105266792e-008, 4.37183178548e-010]
        median: [2.00173346343e-007, 5.32366429979e-005, 0.000124929880258, 8.91906092875e-005, 0.000192414285266, 0.000156999682076, 9.62180711213e-005, 6.45712498226e-005, 9.04968037503e-005, 0.000113035333925, 0.000120361990412, 9.79710603133e-005, 6.95246999385e-005, 6.65814077365e-005, 6.96582064847e-005, 0.000119882635772, 0.000113194313599, 0.000234525621636, 0.000454963796074, 0.000456609093817, 0.000289296731353, 3.18020865961e-005, 3.31675983034e-006, 1.09933262138e-006, 8.335400139e-007, 1.74417085219e-008, 2.46638959256e-010]
        min: [2.08558998791e-023, 1.91708314544e-023, 3.59048905052e-023, 2.36244845343e-023, 3.18796141403e-023, 2.7979899188e-023, 8.32215312177e-023, 5.4791236629e-023, 5.92739103239e-023, 3.10153602206e-023, 4.04216587684e-023, 1.58192511378e-022, 6.98317533113e-023, 8.94390173283e-023, 1.24836367349e-022, 1.65921202548e-022, 1.80172915123e-022, 2.80540672592e-022, 3.94764500494e-022, 3.03656139894e-022, 5.73004984078e-022, 4.36578091708e-022, 7.27441785484e-022, 8.68842262846e-022, 1.17856334208e-021, 1.50227601175e-021, 2.56240338735e-021]
        var: [1.72330606816e-012, 1.35405615609e-008, 6.33477910128e-008, 3.38436407787e-008, 9.76996901159e-008, 8.05727466968e-008, 5.81878047967e-008, 2.87548154176e-008, 6.4334855665e-008, 1.49669347138e-007, 5.85585098634e-007, 1.74485222715e-007, 4.74891344027e-008, 4.74880685886e-008, 4.57803643883e-008, 6.02983121212e-008, 4.94260454786e-008, 1.47206520751e-007, 3.53390106511e-007, 1.5273113263e-007, 5.84249590929e-008, 3.28112492731e-009, 7.27344920404e-011, 9.38695041836e-012, 6.92385862186e-012, 6.59413031855e-015, 3.44416086781e-019]
    frequency_bands:
        dmean: [6.16027307387e-007, 6.97037103237e-005, 0.000138380608405, 9.4212089607e-005, 0.000175480061444, 0.00013803577167, 0.000114781192678, 8.72158489074e-005, 0.000101623722003, 0.000151693267981, 0.000258552725427, 0.00015240618086, 8.58242856339e-005, 8.12548896647e-005, 7.71002087276e-005, 9.67857777141e-005, 8.69687064551e-005, 0.000158684168127, 0.000235837971559, 0.000174418149982, 0.00012476334814, 3.04616623907e-005, 3.79416906071e-006, 1.05512128812e-006, 8.83366965354e-007, 2.87110140107e-008, 3.11538517206e-010, 5.5444197844e-011]
        dmean2: [9.53856897468e-007, 0.000116779148811, 0.000236324151047, 0.00015951586829, 0.00029957856168, 0.000221601250814, 0.000188753765542, 0.000145241021528, 0.000168332247995, 0.000248768134043, 0.000421950710006, 0.000250090641202, 0.000142283621244, 0.000134207875817, 0.000128247920657, 0.000159122937475, 0.000142930060974, 0.000257140636677, 0.000389221939258, 0.000291344418656, 0.000213450141018, 5.35042272531e-005, 6.21436447545e-006, 1.56813666763e-006, 1.34928495754e-006, 4.60610962705e-008, 5.30135990662e-010, 1.02940177216e-010]
        dvar: [1.50998994124e-012, 1.09575548635e-008, 4.56162219109e-008, 2.63124597666e-008, 7.84729508041e-008, 3.72992268183e-008, 3.60239162944e-008, 2.21712710413e-008, 3.51755033989e-008, 8.00123203248e-008, 2.91716531819e-007, 1.0164096409e-007, 2.62767212433e-008, 2.8536794261e-008, 2.92146271619e-008, 3.2001736372e-008, 2.28091661114e-008, 6.09271921803e-008, 1.36695817332e-007, 4.33696172308e-008, 2.58345327353e-008, 3.60809537803e-009, 4.68877471571e-011, 3.49128365107e-012, 2.82100883452e-012, 5.43282739556e-015, 2.29095864905e-019, 6.25736203223e-021]
        dvar2: [3.42929872867e-012, 2.94802244838e-008, 1.27069966993e-007, 7.20344246474e-008, 2.14024908018e-007, 9.29452284026e-008, 9.13184194928e-008, 5.78147911767e-008, 9.35782082934e-008, 2.07366610994e-007, 7.48007437323e-007, 2.64858613264e-007, 7.02410716258e-008, 7.33524245788e-008, 7.72565798002e-008, 8.02316009185e-008, 5.90758943986e-008, 1.45138784546e-007, 3.52658162228e-007, 1.1571589198e-007, 7.09961653911e-008, 1.01077555215e-008, 1.16618825707e-010, 7.01634930711e-012, 5.89316789812e-012, 1.38310502239e-014, 6.00021823697e-019, 1.97986665123e-020]
        max: [1.26596578411e-005, 0.00119560107123, 0.00353094353341, 0.00387754291296, 0.00401183124632, 0.00421124137938, 0.00291030551307, 0.00239875447005, 0.00427946960554, 0.00686535891145, 0.00807870924473, 0.00643423711881, 0.00340588483959, 0.00322899431922, 0.0048911543563, 0.00351765169762, 0.00354252383113, 0.00502930628136, 0.00840153545141, 0.00354793109, 0.0022034610156, 0.00101657689083, 0.000127241946757, 3.19623359246e-005, 2.88260271191e-005, 1.51271490267e-006, 1.19367173923e-008, 8.58037474405e-010]
        mean: [6.6248622943e-007, 9.41118778428e-005, 0.000202794806683, 0.00014049213496, 0.00028302447754, 0.00024726963602, 0.000179053182364, 0.00012128475646, 0.000167193749803, 0.000241722053033, 0.000406304985518, 0.000244484370342, 0.000141841432196, 0.000131210821564, 0.000128039857373, 0.00018235227617, 0.000167995138327, 0.000327804591507, 0.000545127200894, 0.000481451075757, 0.000297308986774, 4.70322884212e-005, 6.46266562399e-006, 2.19549542635e-006, 1.71903388946e-006, 4.28105266792e-008, 4.37183178548e-010, 4.33697765201e-011]
        median: [2.00173346343e-007, 5.32366429979e-005, 0.000124929880258, 8.91906092875e-005, 0.000192414285266, 0.000156999682076, 9.62180711213e-005, 6.45712498226e-005, 9.04968037503e-005, 0.000113035333925, 0.000120361990412, 9.79710603133e-005, 6.95246999385e-005, 6.65814077365e-005, 6.96582064847e-005, 0.000119882635772, 0.000113194313599, 0.000234525621636, 0.000454963796074, 0.000456609093817, 0.000289296731353, 3.18020865961e-005, 3.31675983034e-006, 1.09933262138e-006, 8.335400139e-007, 1.74417085219e-008, 2.46638959256e-010, 1.48777830333e-011]
        min: [2.08558998791e-023, 1.91708314544e-023, 3.59048905052e-023, 2.36244845343e-023, 3.18796141403e-023, 2.7979899188e-023, 8.32215312177e-023, 5.4791236629e-023, 5.92739103239e-023, 3.10153602206e-023, 4.04216587684e-023, 1.58192511378e-022, 6.98317533113e-023, 8.94390173283e-023, 1.24836367349e-022, 1.65921202548e-022, 1.80172915123e-022, 2.80540672592e-022, 3.94764500494e-022, 3.03656139894e-022, 5.73004984078e-022, 4.36578091708e-022, 7.27441785484e-022, 8.68842262846e-022, 1.17856334208e-021, 1.50227601175e-021, 2.56240338735e-021, 7.7780115106e-022]
        var: [1.72330606816e-012, 1.35405615609e-008, 6.33477910128e-008, 3.38436407787e-008, 9.76996901159e-008, 8.05727466968e-008, 5.81878047967e-008, 2.87548154176e-008, 6.4334855665e-008, 1.49669347138e-007, 5.85585098634e-007, 1.74485222715e-007, 4.74891344027e-008, 4.74880685886e-008, 4.57803643883e-008, 6.02983121212e-008, 4.94260454786e-008, 1.47206520751e-007, 3.53390106511e-007, 1.5273113263e-007, 5.84249590929e-008, 3.28112492731e-009, 7.27344920404e-011, 9.38695041836e-012, 6.92385862186e-012, 6.59413031855e-015, 3.44416086781e-019, 5.15468261588e-021]
    mfcc:
        mean: [-705.557434082, 112.820022583, -54.7493057251, 52.8086433411, -23.6501235962, -1.68440449238, 11.1765098572, -6.66974067688, 0.644062697887, -7.94467020035, -4.74754524231, -5.48336315155, -2.51706290245]
        cov: [[4917.06494141, -581.875366211, -567.375427246, 316.447418213, -434.564544678, 74.6245651245, -3.09048104286, -95.7164382935, 34.8229484558, -96.6656494141, -177.287445068, 11.5227031708, 70.7809066772], [-581.875366211, 601.35736084, -88.6987075806, -7.9689245224, -5.03143119812, 3.41964411736, 34.7993202209, 5.58677959442, -7.10351324081, 6.50930309296, 38.7109031677, -13.625787735, -16.8621501923], [-567.375427246, -88.6987075806, 381.546417236, -2.49867653847, 155.846511841, 8.09254646301, -55.3496017456, 42.6822052002, -4.92986440659, 32.2943382263, 35.8621444702, 3.51530647278, -1.01305568218], [316.447418213, -7.9689245224, -2.49867653847, 270.787689209, 30.6537742615, 14.5397377014, -38.182636261, -14.1994228363, 41.1598205566, -3.19678425789, -5.77886724472, 14.4819879532, 6.71207761765], [-434.564544678, -5.03143119812, 155.846511841, 30.6537742615, 185.920349121, -10.2429094315, -32.3941841125, 20.2159118652, 9.19303512573, 26.3685131073, 21.6842517853, 3.39304351807, -4.60072994232], [74.6245651245, 3.41964411736, 8.09254646301, 14.5397377014, -10.2429094315, 122.894470215, 36.0571975708, 26.3734836578, 5.4670753479, 8.71056461334, 8.80627250671, 1.40790164471, 7.80924510956], [-3.09048104286, 34.7993202209, -55.3496017456, -38.182636261, -32.3941841125, 36.0571975708, 119.097236633, 16.8225841522, -1.17485916615, -7.42695903778, -13.0440702438, 2.08158111572, 2.10049319267], [-95.7164382935, 5.58677959442, 42.6822052002, -14.1994228363, 20.2159118652, 26.3734836578, 16.8225841522, 89.2831115723, 16.4773826599, 16.4045524597, 17.3400497437, -4.23416614532, -3.62770152092], [34.8229484558, -7.10351324081, -4.92986440659, 41.1598205566, 9.19303512573, 5.4670753479, -1.17485916615, 16.4773826599, 65.2915725708, 18.905380249, 0.970253348351, 0.249594926834, 1.47191727161], [-96.6656494141, 6.50930309296, 32.2943382263, -3.19678425789, 26.3685131073, 8.71056461334, -7.42695903778, 16.4045524597, 18.905380249, 59.0381507874, 26.487985611, 1.42138648033, -6.94866418839], [-177.287445068, 38.7109031677, 35.8621444702, -5.77886724472, 21.6842517853, 8.80627250671, -13.0440702438, 17.3400497437, 0.970253348351, 26.487985611, 75.5796661377, 14.2301340103, -8.61158466339], [11.5227031708, -13.625787735, 3.51530647278, 14.4819879532, 3.39304351807, 1.40790164471, 2.08158111572, -4.23416614532, 0.249594926834, 1.42138648033, 14.2301340103, 52.2772026062, 20.3082485199], [70.7809066772, -16.8621501923, -1.01305568218, 6.71207761765, -4.60072994232, 7.80924510956, 2.10049319267, -3.62770152092, 1.47191727161, -6.94866418839, -8.61158466339, 20.3082485199, 51.8616523743]]
        icov: [[0.000418390176492, 0.000433381588664, 0.00046984149958, -0.000525022100192, 0.000678947835695, -0.000239277185756, 0.000247825024417, -0.000111412904516, 0.000182430871064, -0.000121771387057, 0.000394648261135, 7.3875344242e-005, -0.000259444641415], [0.000433381588664, 0.00236290693283, 0.00116135901771, -0.000667231914122, 0.000243075424805, -0.000104002741864, -0.000366541673429, -0.000144245525007, 0.00057917740196, -7.62248237152e-005, -0.00108834984712, 0.00102114828769, -0.000279427709756], [0.00046984149958, 0.00116135901771, 0.00531022436917, -0.000161994670634, -0.00282940594479, -0.00101852149237, 0.00180832413025, -0.00164988590404, 0.00150141667109, -0.000586457608733, -0.000349844194716, 0.000272700912319, -0.000711294065695], [-0.000525022100192, -0.000667231914122, -0.000161994670634, 0.00553806917742, -0.00196901452728, -0.00122809433378, 0.0016601086827, 0.00120340939611, -0.00372511288151, 0.00179303262848, 0.000193787287571, -0.00182197988033, 0.000898485479411], [0.000678947835695, 0.000243075424805, -0.00282940594479, -0.00196901452728, 0.0101126758382, 0.000949685054366, 0.000498579291161, -0.000652631744742, -1.1018702935e-005, -0.00219240575098, 0.000685335311573, -0.000209885605727, -5.72142380406e-005], [-0.000239277185756, -0.000104002741864, -0.00101852149237, -0.00122809433378, 0.000949685054366, 0.0104317041114, -0.00371053745039, -0.00210306281224, 0.000764928467106, -0.00147141178604, -0.00176446407568, 0.00140722212382, -0.00211445894092], [0.000247825024417, -0.000366541673429, 0.00180832413025, 0.0016601086827, 0.000498579291161, -0.00371053745039, 0.011912050657, -0.00238310382701, -0.000338434096193, 0.00086957187159, 0.0032391839195, -0.00262739812024, 0.00100968661718], [-0.000111412904516, -0.000144245525007, -0.00164988590404, 0.00120340939611, -0.000652631744742, -0.00210306281224, -0.00238310382701, 0.0147832576185, -0.00419116392732, -0.000424588739406, -0.0028188736178, 0.00189273245633, 0.000159389019245], [0.000182430871064, 0.00057917740196, 0.00150141667109, -0.00372511288151, -1.1018702935e-005, 0.000764928467106, -0.000338434096193, -0.00419116392732, 0.0209284089506, -0.00757644092664, 0.00199719122611, 0.000864663161337, -0.00156091537792], [-0.000121771387057, -7.62248237152e-005, -0.000586457608733, 0.00179303262848, -0.00219240575098, -0.00147141178604, 0.00086957187159, -0.000424588739406, -0.00757644092664, 0.0244132913649, -0.00702081667259, 0.000116905444884, 0.00213450565934], [0.000394648261135, -0.00108834984712, -0.000349844194716, 0.000193787287571, 0.000685335311573, -0.00176446407568, 0.0032391839195, -0.0028188736178, 0.00199719122611, -0.00702081667259, 0.0205694381148, -0.00796384643763, 0.00461041787639], [7.3875344242e-005, 0.00102114828769, 0.000272700912319, -0.00182197988033, -0.000209885605727, 0.00140722212382, -0.00262739812024, 0.00189273245633, 0.000864663161337, 0.000116905444884, -0.00796384643763, 0.0266425162554, -0.0112834637985], [-0.000259444641415, -0.000279427709756, -0.000711294065695, 0.000898485479411, -5.72142380406e-005, -0.00211445894092, 0.00100968661718, 0.000159389019245, -0.00156091537792, 0.00213450565934, 0.00461041787639, -0.0112834637985, 0.0252129845321]]
    sccoeffs:
        dmean: [0.0502778366208, 0.047193121165, 0.0415927581489, 0.0308219622821, 0.0197388920933, 0.0190230943263]
        dmean2: [0.0849013477564, 0.0780424401164, 0.0684190765023, 0.0506491474807, 0.0328229665756, 0.0303996000439]
        dvar: [0.00161256932188, 0.00134463817813, 0.00108445400838, 0.000607502646744, 0.000244692811975, 0.00031740925624]
        dvar2: [0.00454073445871, 0.00365713844076, 0.00283233891241, 0.00161766528618, 0.000631794333458, 0.000761625822634]
        max: [-0.468570917845, -0.504189968109, -0.477284491062, -0.593671679497, -0.65319865942, -0.566247820854]
        mean: [-0.687243402004, -0.760241508484, -0.759377837181, -0.780769884586, -0.797606706619, -0.723401129246]
        median: [-0.688316047192, -0.763594567776, -0.766376376152, -0.785318672657, -0.799887835979, -0.719534695148]
        min: [-0.971045136452, -0.955579221249, -0.960681676865, -0.95598846674, -0.964936554432, -0.956007957458]
        var: [0.00366353197023, 0.00342136272229, 0.00419370178133, 0.00224228925072, 0.0008754436858, 0.00172620546073]
    scvalleys:
        dmean: [0.368331164122, 0.3522785604, 0.285705924034, 0.250566601753, 0.214583024383, 0.284246116877]
        dmean2: [0.611845850945, 0.583360254765, 0.469285428524, 0.395524978638, 0.32474938035, 0.399300485849]
        dvar: [0.111543767154, 0.124055400491, 0.0865764990449, 0.0766425952315, 0.0895012319088, 0.148106515408]
        dvar2: [0.255458086729, 0.272742986679, 0.166439250112, 0.133443415165, 0.1505305022, 0.285341531038]
        max: [-5.24858474731, -4.54075956345, -4.99049425125, -5.64401435852, -5.56545829773, -8.05564975739]
        mean: [-6.7641749382, -6.53678750992, -6.72029733658, -7.13828086853, -6.93046760559, -9.96956253052]
        median: [-6.65937328339, -6.42146730423, -6.57382249832, -6.91429710388, -6.53775596619, -9.73439121246]
        min: [-27.0208396912, -27.3452606201, -27.3966274261, -27.5717334747, -27.0528793335, -27.3087215424]
        var: [0.495950251818, 0.615942060947, 0.686006128788, 0.753321051598, 1.048858881, 1.15679073334]

rhythm:
    beats_loudness:
        dmean: 0.00204294896685
        dmean2: 0.00378325674683
        dvar: 3.1527633837e-006
        dvar2: 1.05433991848e-005
        max: 0.0148623194546
        mean: 0.00569756468758
        median: 0.00558050209656
        min: 2.18118501039e-008
        var: 8.35339869809e-006
    bpm: 155.986557007
    bpm_confidence: 0
    first_peak_bpm: 157
    first_peak_spread: 0.0679886564612
    first_peak_weight: 0.787081360817
    onset_rate: 2.9845662117
    second_peak_bpm: 152
    second_peak_spread: 0.113043442369
    second_peak_weight: 0.122009567916
    beats_loudness_band_ratio:
        dmean: [0.0784741714597, 0.0774199143052, 0.0675671771169, 0.106445275247, 0.074440523982, 0.0744039788842]
        dmean2: [0.136891663074, 0.136797785759, 0.118319839239, 0.18419072032, 0.128030225635, 0.127512782812]
        dvar: [0.00711368955672, 0.00475531397387, 0.00412172265351, 0.0105903036892, 0.0039739520289, 0.00415000785142]
        dvar2: [0.02177095972, 0.0138966375962, 0.0118096806109, 0.0280721187592, 0.0110084656626, 0.0115875154734]
        max: [0.843248426914, 0.568314254284, 0.511745512486, 0.732819139957, 0.6456335783, 0.624324142933]
        mean: [0.139859721065, 0.124429024756, 0.121087439358, 0.190784618258, 0.211947783828, 0.252883285284]
        median: [0.0991532728076, 0.10289118439, 0.0991520062089, 0.142089903355, 0.201137989759, 0.257019758224]
        min: [0.0016199228121, 0.00852079689503, 0.0145919695497, 0.0192636884749, 0.0126218888909, 0.0131627125666]
        var: [0.0157129652798, 0.00736983632669, 0.00592122459784, 0.0176842659712, 0.00742686633021, 0.0119771203026]
