
metadata:
    version:
        essentia: "2.1-beta2"
    audio_properties:
        analysis_sample_rate: 44100
        bitrate: 320
        channels: 2
        equal_loudness: 1
        length: 328.202453613
        replay_gain: -14.7161884308
        downmix: "mix"
    tags:
        album: "Imaginaerum"
        artist: "Nightwish"
        comment: "www.NewAlbumReleases.net"
        date: "2011"
        genre: "Metal"
        title: "Ghost River"
        tracknumber: "3"

configuration:
    average_loudness:
        compute: 1
        frameSize: 88200
        hopSize: 44100
        silentFrames: "noise"
        windowType: "hann"
    general:
        analysisSampleRate: 44100
        endTime: 2000
        equalLoudness: 1
        nequalLoudness: 0
        shortSound: 0
        startTime: 0
    lowlevel:
        compute: 1
        frameSize: 2048
        hopSize: 1024
        zeroPadding: 0
        silentFrames: "noise"
        windowType: "blackmanharris62"
        mfccStats: ["mean", "cov", "icov"]
        stats: ["mean", "var", "median", "min", "max", "dmean", "dmean2", "dvar", "dvar2"]
    panning:
        compute: 0
        frameSize: 8192
        hopSize: 2048
        zeroPadding: 8192
        silentFrames: "noise"
        windowType: "hann"
        stats: ["copy"]
    rhythm:
        compute: 1
        maxTempo: 208
        minTempo: 40
        method: "degara"
        stats: ["mean", "var", "median", "min", "max", "dmean", "dmean2", "dvar", "dvar2"]
    segmentation:
        compute: 0
        cpw: 5
        inc1: 300
        inc2: 50
        minimumSegmentsLength: 10
        size1: 1000
        size2: 600
    sfx:
        compute: 1
        stats: ["mean", "var", "median", "min", "max", "dmean", "dmean2", "dvar", "dvar2"]
    svm:
        compute: 0
    tonal:
        compute: 1
        frameSize: 4096
        hopSize: 2048
        zeroPadding: 0
        silentFrames: "noise"
        windowType: "blackmanharris62"
        stats: ["mean", "var", "median", "min", "max", "dmean", "dmean2", "dvar", "dvar2"]

lowlevel:
    average_loudness: 0.874868988991
    barkbands_kurtosis:
        dmean: 0.563754796982
        dmean2: 0.900007784367
        dvar: 1.00128591061
        dvar2: 2.33776092529
        max: 35.9102516174
        mean: -0.568598151207
        median: -1.02344369888
        min: -1.90806341171
        var: 3.24885249138
    barkbands_skewness:
        dmean: 0.316781848669
        dmean2: 0.493530243635
        dvar: 0.0974444374442
        dvar2: 0.208596110344
        max: 5.24056625366
        mean: -0.0861723721027
        median: -0.162936612964
        min: -3.22663855553
        var: 0.561817288399
    barkbands_spread:
        dmean: 5.22070932388
        dmean2: 8.2249288559
        dvar: 28.3829917908
        dvar2: 66.1138458252
        max: 78.7635192871
        mean: 31.9042243958
        median: 31.7482337952
        min: 2.7234249115
        var: 105.741363525
    dissonance:
        dmean: 0.0140072470531
        dmean2: 0.0239944607019
        dvar: 0.000249650940532
        dvar2: 0.000703434750903
        max: 0.500000119209
        mean: 0.476581454277
        median: 0.483418643475
        min: 0.281437575817
        var: 0.000513041042723
    hfc:
        dmean: 2.06781888008
        dmean2: 3.31258296967
        dvar: 6.05041694641
        dvar2: 15.1623888016
        max: 38.0104598999
        mean: 9.48085021973
        median: 9.77021503448
        min: 1.12341437164e-016
        var: 36.8919944763
    pitch:
        dmean: 741.024902344
        dmean2: 1415.28515625
        dvar: 1620124.375
        dvar2: 3934738
        max: 5031.60400391
        mean: 1284.74914551
        median: 386.54107666
        min: 69.1264038086
        var: 2428911
    pitch_instantaneous_confidence:
        dmean: 0.0758403539658
        dmean2: 0.123059332371
        dvar: 0.0047286269255
        dvar2: 0.0109240189195
        max: 0.948991537094
        mean: 0.384415537119
        median: 0.346897929907
        min: 0.118923425674
        var: 0.026081353426
    pitch_salience:
        dmean: 0.0514635629952
        dmean2: 0.0839496403933
        dvar: 0.00197277870029
        dvar2: 0.00510864937678
        max: 0.920849502087
        mean: 0.656839072704
        median: 0.674378633499
        min: 0.219148784876
        var: 0.00818380713463
    silence_rate_20dB:
        dmean: 0
        dmean2: 0
        dvar: 0
        dvar2: 0
        max: 1
        mean: 1
        median: 1
        min: 1
        var: 0
    silence_rate_30dB:
        dmean: 0
        dmean2: 0
        dvar: 0
        dvar2: 0
        max: 1
        mean: 1
        median: 1
        min: 1
        var: 0
    silence_rate_60dB:
        dmean: 0.0561726205051
        dmean2: 0.11235319078
        dvar: 0.0530204810202
        dvar2: 0.11768463254
        max: 1
        mean: 0.303126782179
        median: 0
        min: 0
        var: 0.21122457087
    spectral_centroid:
        dmean: 238.732528687
        dmean2: 373.584472656
        dvar: 68940.1171875
        dvar2: 149029.875
        max: 10705.2382813
        mean: 1852.18151855
        median: 1903.50170898
        min: 141.293746948
        var: 391381.78125
    spectral_complexity:
        dmean: 3.50166249275
        dmean2: 5.47205305099
        dvar: 12.7959709167
        dvar2: 27.0891361237
        max: 53
        mean: 19.146364212
        median: 20
        min: 0
        var: 122.021354675
    spectral_crest:
        dmean: 1.62742137909
        dmean2: 2.71673226357
        dvar: 2.48302388191
        dvar2: 6.47558259964
        max: 22.3191432953
        mean: 6.13154172897
        median: 5.34560823441
        min: 2.26492404938
        var: 7.79078292847
    spectral_decrease:
        dmean: 2.08353639897e-010
        dmean2: 3.35430877518e-010
        dvar: 5.57087789485e-020
        dvar2: 1.3784375542e-019
        max: 2.32296077858e-030
        mean: -1.05213382451e-009
        median: -1.03085628922e-009
        min: -3.39806205396e-009
        var: 3.42344800678e-019
    spectral_energy:
        dmean: 0.000940640748013
        dmean2: 0.00151127169374
        dvar: 1.14318288524e-006
        dvar2: 2.80807421404e-006
        max: 0.0159099828452
        mean: 0.00483093596995
        median: 0.00480439327657
        min: 1.01809357481e-020
        var: 7.36043830329e-006
    spectral_energyband_high:
        dmean: 0.000225723779295
        dmean2: 0.000380390934879
        dvar: 9.37088557862e-008
        dvar2: 2.60309690248e-007
        max: 0.00572071643546
        mean: 0.000646900385618
        median: 0.000627340050414
        min: 7.45213476198e-021
        var: 2.58421579247e-007
    spectral_energyband_low:
        dmean: 0.000186483099242
        dmean2: 0.000307926384266
        dvar: 7.56578657501e-008
        dvar2: 2.06303099048e-007
        max: 0.0039210668765
        mean: 0.000335361197358
        median: 0.000252250552876
        min: 4.35146403828e-023
        var: 1.04468107054e-007
    spectral_energyband_middle_high:
        dmean: 0.000612756877672
        dmean2: 0.000948374799918
        dvar: 4.28444138834e-007
        dvar2: 1.02455499018e-006
        max: 0.0114032085985
        mean: 0.0026398987975
        median: 0.00243936502375
        min: 1.57712878899e-021
        var: 3.08138896798e-006
    spectral_energyband_middle_low:
        dmean: 0.000460622861283
        dmean2: 0.000753281987272
        dvar: 3.605492509e-007
        dvar2: 9.75056764219e-007
        max: 0.00795927178115
        mean: 0.00132787786424
        median: 0.00113963300828
        min: 1.98909623799e-022
        var: 8.89149248451e-007
    spectral_flatness_db:
        dmean: 0.0119397658855
        dmean2: 0.0182896405458
        dvar: 0.000126450191601
        dvar2: 0.000271263852483
        max: 0.306032210588
        mean: 0.136329159141
        median: 0.130623847246
        min: 0.0471290461719
        var: 0.000898337340914
    spectral_flux:
        dmean: 0.00616643158719
        dmean2: 0.00934919435531
        dvar: 4.08953565056e-005
        dvar2: 8.50311189424e-005
        max: 0.0914934426546
        mean: 0.0405209958553
        median: 0.0427459217608
        min: 1.00900621192e-010
        var: 0.000254427985055
    spectral_kurtosis:
        dmean: 0.920290112495
        dmean2: 1.53282654285
        dvar: 1.19113278389
        dvar2: 3.30610728264
        max: 39.5187911987
        mean: 3.59212350845
        median: 3.07444119453
        min: -1.34485042095
        var: 6.75642347336
    spectral_rms:
        dmean: 0.000208354686038
        dmean2: 0.00032994596404
        dvar: 4.875593973e-008
        dvar2: 1.15778931331e-007
        max: 0.00393978878856
        mean: 0.00205556652509
        median: 0.00216499716043
        min: 3.15160592936e-012
        var: 4.87757120027e-007
    spectral_rolloff:
        dmean: 370.674102783
        dmean2: 600.717895508
        dvar: 259146.78125
        dvar2: 527683.75
        max: 18798.4863281
        mean: 3454.26171875
        median: 3768.31054688
        min: 129.19921875
        var: 1052516.25
    spectral_skewness:
        dmean: 0.157457306981
        dmean2: 0.248386353254
        dvar: 0.0264816675335
        dvar2: 0.063052341342
        max: 4.90323114395
        mean: 1.29088914394
        median: 1.22804450989
        min: -0.0402230210602
        var: 0.210871040821
    spectral_spread:
        dmean: 385446.78125
        dmean2: 561899.9375
        dvar: 308043448320
        dvar2: 516382883840
        max: 40816912
        mean: 4519773.5
        median: 4237342
        min: 1420800.5
        var: 1.8833660969e+012
    spectral_strongpeak:
        dmean: 0.532849729061
        dmean2: 0.923417508602
        dvar: 0.598304450512
        dvar2: 1.57180440426
        max: 9.67409801483
        mean: 0.769114613533
        median: 0.422314465046
        min: 7.38541228174e-009
        var: 0.913145303726
    zerocrossingrate:
        dmean: 0.00760312797502
        dmean2: 0.00899972766638
        dvar: 6.230303552e-005
        dvar2: 6.90850501996e-005
        max: 0.50537109375
        mean: 0.104462996125
        median: 0.1083984375
        min: 0.0087890625
        var: 0.000813026388641
    barkbands:
        dmean: [6.23444520897e-007, 5.71325253986e-005, 0.000118875250337, 0.000104484672192, 0.000215317661059, 0.000133898924105, 0.000121094744827, 9.48978631641e-005, 0.000113565045467, 0.000118458854558, 0.000187632904272, 0.000113438727567, 8.73577446328e-005, 8.69921277626e-005, 7.62362396927e-005, 0.000100222488982, 0.00011519916734, 0.00014314132568, 0.000227577620535, 0.000167870413861, 0.000134103174787, 3.55376650987e-005, 4.21631420977e-006, 1.32213210691e-006, 9.03713043954e-007, 2.54008192258e-008, 3.05954844793e-010]
        dmean2: [9.74334398052e-007, 9.18904261198e-005, 0.000201512113563, 0.000170619096025, 0.00036895883386, 0.000213600156712, 0.000199636910111, 0.000156676047482, 0.0001866598177, 0.000193296466023, 0.000304959656205, 0.000182185292942, 0.000141729397001, 0.000143269760883, 0.000124931073515, 0.000163135191542, 0.000185254291864, 0.000238773209276, 0.000379026838345, 0.000277970160823, 0.000228630553465, 6.23942542006e-005, 6.94521577316e-006, 1.984778919e-006, 1.35837387916e-006, 3.9397434648e-008, 5.17708265146e-010]
        dvar: [2.41156725665e-012, 9.13732023378e-009, 3.18550057443e-008, 3.19868540544e-008, 1.58768827418e-007, 3.40294405987e-008, 3.7948758802e-008, 2.90212334164e-008, 3.91809216183e-008, 4.81409010433e-008, 8.60854854068e-008, 3.68825290309e-008, 2.49959288823e-008, 2.14651691977e-008, 1.81450570125e-008, 2.63558508351e-008, 3.16714725557e-008, 4.97057932591e-008, 9.80700889386e-008, 4.21594386069e-008, 3.36022942804e-008, 5.00182117946e-009, 5.97322538654e-011, 7.10509342333e-012, 3.79246547361e-012, 3.16868948106e-015, 1.8993997814e-019]
        dvar2: [5.34881774289e-012, 2.27614940229e-008, 8.95629312936e-008, 8.60429381078e-008, 4.46969806944e-007, 8.59513065166e-008, 9.89059216749e-008, 7.4548331952e-008, 1.02399880575e-007, 1.23445047961e-007, 2.17841105155e-007, 9.30197217031e-008, 6.48900666533e-008, 5.64566775552e-008, 4.52184600874e-008, 6.50113918255e-008, 7.69090959807e-008, 1.31292225092e-007, 2.77951556882e-007, 1.16109077908e-007, 9.4408243001e-008, 1.42582488039e-008, 1.53327975316e-010, 1.49631886742e-011, 7.78646418176e-012, 7.20116833866e-015, 5.04325557125e-019]
        max: [1.40469965118e-005, 0.00117218808737, 0.00217308779247, 0.003735876875, 0.00500788539648, 0.00398998614401, 0.00537427281961, 0.00357392383739, 0.00362513540313, 0.00368186365813, 0.00555803952739, 0.0035275076516, 0.00262424489483, 0.00292556895874, 0.00233915471472, 0.00358022563159, 0.00469041243196, 0.00597502151504, 0.00880238600075, 0.00489234970883, 0.00298752915114, 0.000934609968681, 0.00012511695968, 5.58634528716e-005, 6.59007200738e-005, 2.38241364059e-006, 1.20459295871e-008]
        mean: [6.20042385435e-007, 8.33586891531e-005, 0.000174865272129, 0.000162800773978, 0.000314142700518, 0.000258049403783, 0.000208208322874, 0.000141257260111, 0.000184399061254, 0.000197090033907, 0.00032337900484, 0.000200141381356, 0.000150585590745, 0.000160362018505, 0.000135949987452, 0.00019637553487, 0.000228013392189, 0.000307664158754, 0.0005557279801, 0.000458079128293, 0.000315986108035, 6.12071744399e-005, 7.74140971771e-006, 2.94910705634e-006, 1.93283790395e-006, 4.90350409166e-008, 4.74430661423e-010]
        median: [1.41523344155e-007, 4.48545542895e-005, 0.000117362127639, 9.66276493273e-005, 0.000199601228815, 0.000161529926118, 0.000115897528303, 6.78657961544e-005, 0.00010350724915, 8.88361391844e-005, 0.0001557796204, 9.55262512434e-005, 6.85781415086e-005, 7.28438462829e-005, 7.52720807213e-005, 0.000133629495394, 0.000151033716975, 0.000242206966504, 0.000479254405946, 0.000432535744039, 0.000288546085358, 4.4235806854e-005, 4.27719851359e-006, 1.66760332831e-006, 1.070236749e-006, 2.63023132163e-008, 2.97071645061e-010]
        min: [1.0635057876e-024, 2.41164970809e-023, 1.0550517625e-023, 1.87392456531e-023, 3.47702024454e-023, 2.8053831232e-023, 4.78275322783e-023, 1.92560820747e-023, 4.43307327665e-023, 4.25185962049e-023, 6.83295160231e-023, 1.23487288983e-022, 7.5880991168e-023, 9.46668364125e-023, 1.83839830911e-022, 1.65712602481e-022, 1.14853616583e-022, 4.05034611199e-022, 1.65279637751e-022, 2.37727638788e-022, 5.30734762307e-022, 4.54612739422e-022, 6.72374800948e-022, 9.59608068486e-022, 1.07040059126e-021, 1.48205724169e-021, 2.37805277847e-021]
        var: [2.51479566338e-012, 1.32446418277e-008, 3.77627351611e-008, 4.71796930412e-008, 1.58826409802e-007, 8.8523620434e-008, 9.5263139599e-008, 4.91646652279e-008, 6.30594598761e-008, 9.43631093264e-008, 2.09867735634e-007, 7.8940701087e-008, 5.31788550973e-008, 5.47593508315e-008, 3.69864281424e-008, 5.94500164652e-008, 7.65095293787e-008, 1.03293515963e-007, 2.90248493684e-007, 1.37362533792e-007, 7.38874206263e-008, 4.96309571218e-009, 9.79023667691e-011, 1.66628950221e-011, 8.61727876555e-012, 6.4306186549e-015, 3.08876892148e-019]
    frequency_bands:
        dmean: [6.23444520897e-007, 5.71325253986e-005, 0.000118875250337, 0.000104484672192, 0.000215317661059, 0.000133898924105, 0.000121094744827, 9.48978631641e-005, 0.000113565045467, 0.000118458854558, 0.000187632904272, 0.000113438727567, 8.73577446328e-005, 8.69921277626e-005, 7.62362396927e-005, 0.000100222488982, 0.00011519916734, 0.00014314132568, 0.000227577620535, 0.000167870413861, 0.000134103174787, 3.55376650987e-005, 4.21631420977e-006, 1.32213210691e-006, 9.03713043954e-007, 2.54008192258e-008, 3.05954844793e-010, 5.53147180837e-011]
        dmean2: [9.74334398052e-007, 9.18904261198e-005, 0.000201512113563, 0.000170619096025, 0.00036895883386, 0.000213600156712, 0.000199636910111, 0.000156676047482, 0.0001866598177, 0.000193296466023, 0.000304959656205, 0.000182185292942, 0.000141729397001, 0.000143269760883, 0.000124931073515, 0.000163135191542, 0.000185254291864, 0.000238773209276, 0.000379026838345, 0.000277970160823, 0.000228630553465, 6.23942542006e-005, 6.94521577316e-006, 1.984778919e-006, 1.35837387916e-006, 3.9397434648e-008, 5.17708265146e-010, 1.02554742476e-010]
        dvar: [2.41156725665e-012, 9.13732023378e-009, 3.18550057443e-008, 3.19868540544e-008, 1.58768827418e-007, 3.40294405987e-008, 3.7948758802e-008, 2.90212334164e-008, 3.91809216183e-008, 4.81409010433e-008, 8.60854854068e-008, 3.68825290309e-008, 2.49959288823e-008, 2.14651691977e-008, 1.81450570125e-008, 2.63558508351e-008, 3.16714725557e-008, 4.97057932591e-008, 9.80700889386e-008, 4.21594386069e-008, 3.36022942804e-008, 5.00182117946e-009, 5.97322538654e-011, 7.10509342333e-012, 3.79246547361e-012, 3.16868948106e-015, 1.8993997814e-019, 6.50087099909e-021]
        dvar2: [5.34881774289e-012, 2.27614940229e-008, 8.95629312936e-008, 8.60429381078e-008, 4.46969806944e-007, 8.59513065166e-008, 9.89059216749e-008, 7.4548331952e-008, 1.02399880575e-007, 1.23445047961e-007, 2.17841105155e-007, 9.30197217031e-008, 6.48900666533e-008, 5.64566775552e-008, 4.52184600874e-008, 6.50113918255e-008, 7.69090959807e-008, 1.31292225092e-007, 2.77951556882e-007, 1.16109077908e-007, 9.4408243001e-008, 1.42582488039e-008, 1.53327975316e-010, 1.49631886742e-011, 7.78646418176e-012, 7.20116833866e-015, 5.04325557125e-019, 2.0529083149e-020]
        max: [1.40469965118e-005, 0.00117218808737, 0.00217308779247, 0.003735876875, 0.00500788539648, 0.00398998614401, 0.00537427281961, 0.00357392383739, 0.00362513540313, 0.00368186365813, 0.00555803952739, 0.0035275076516, 0.00262424489483, 0.00292556895874, 0.00233915471472, 0.00358022563159, 0.00469041243196, 0.00597502151504, 0.00880238600075, 0.00489234970883, 0.00298752915114, 0.000934609968681, 0.00012511695968, 5.58634528716e-005, 6.59007200738e-005, 2.38241364059e-006, 1.20459295871e-008, 1.05687059104e-009]
        mean: [6.20042385435e-007, 8.33586891531e-005, 0.000174865272129, 0.000162800773978, 0.000314142700518, 0.000258049403783, 0.000208208322874, 0.000141257260111, 0.000184399061254, 0.000197090033907, 0.00032337900484, 0.000200141381356, 0.000150585590745, 0.000160362018505, 0.000135949987452, 0.00019637553487, 0.000228013392189, 0.000307664158754, 0.0005557279801, 0.000458079128293, 0.000315986108035, 6.12071744399e-005, 7.74140971771e-006, 2.94910705634e-006, 1.93283790395e-006, 4.90350409166e-008, 4.74430661423e-010, 4.33304642167e-011]
        median: [1.41523344155e-007, 4.48545542895e-005, 0.000117362127639, 9.66276493273e-005, 0.000199601228815, 0.000161529926118, 0.000115897528303, 6.78657961544e-005, 0.00010350724915, 8.88361391844e-005, 0.0001557796204, 9.55262512434e-005, 6.85781415086e-005, 7.28438462829e-005, 7.52720807213e-005, 0.000133629495394, 0.000151033716975, 0.000242206966504, 0.000479254405946, 0.000432535744039, 0.000288546085358, 4.4235806854e-005, 4.27719851359e-006, 1.66760332831e-006, 1.070236749e-006, 2.63023132163e-008, 2.97071645061e-010, 1.54047174322e-011]
        min: [1.0635057876e-024, 2.41164970809e-023, 1.0550517625e-023, 1.87392456531e-023, 3.47702024454e-023, 2.8053831232e-023, 4.78275322783e-023, 1.92560820747e-023, 4.43307327665e-023, 4.25185962049e-023, 6.83295160231e-023, 1.23487288983e-022, 7.5880991168e-023, 9.46668364125e-023, 1.83839830911e-022, 1.65712602481e-022, 1.14853616583e-022, 4.05034611199e-022, 1.65279637751e-022, 2.37727638788e-022, 5.30734762307e-022, 4.54612739422e-022, 6.72374800948e-022, 9.59608068486e-022, 1.07040059126e-021, 1.48205724169e-021, 2.37805277847e-021, 7.27053135804e-022]
        var: [2.51479566338e-012, 1.32446418277e-008, 3.77627351611e-008, 4.71796930412e-008, 1.58826409802e-007, 8.8523620434e-008, 9.5263139599e-008, 4.91646652279e-008, 6.30594598761e-008, 9.43631093264e-008, 2.09867735634e-007, 7.8940701087e-008, 5.31788550973e-008, 5.47593508315e-008, 3.69864281424e-008, 5.94500164652e-008, 7.65095293787e-008, 1.03293515963e-007, 2.90248493684e-007, 1.37362533792e-007, 7.38874206263e-008, 4.96309571218e-009, 9.79023667691e-011, 1.66628950221e-011, 8.61727876555e-012, 6.4306186549e-015, 3.08876892148e-019, 5.29242636322e-021]
    mfcc:
        mean: [-704.192077637, 105.260658264, -51.7164764404, 50.2332115173, -22.8279705048, -1.8252723217, 8.7029504776, -7.23384428024, 0.082946613431, -9.24972343445, -4.89397621155, -5.34546279907, -2.4282605648]
        cov: [[6741.42822266, 228.606735229, -856.510986328, 541.489257813, -389.524597168, 27.4286804199, -119.531303406, -130.195999146, 43.5774612427, -95.8010635376, -51.9171638489, 9.65129184723, 22.9084205627], [228.606735229, 715.002929688, -178.524124146, -20.3204803467, -55.3137245178, -50.8332023621, 78.9093017578, -16.3754711151, -40.6683807373, -14.4394197464, 13.0331687927, -5.41148757935, -16.7149810791], [-856.510986328, -178.524124146, 472.479278564, -57.656879425, 162.239059448, 39.1105575562, -15.7984600067, 64.8566436768, 2.43678450584, 43.7092285156, 13.0396203995, -0.884918570518, 1.80098187923], [541.489257813, -20.3204803467, -57.656879425, 352.980682373, -15.0265674591, 16.4247875214, 2.92465901375, -15.8053102493, 57.1013412476, -25.5607757568, -14.307934761, 8.84628009796, 15.8965120316], [-389.524597168, -55.3137245178, 162.239059448, -15.0265674591, 163.824005127, 25.928861618, 0.488091945648, 29.8341960907, 18.0786685944, 28.088136673, 1.03192329407, 5.68939304352, 3.19111561775], [27.4286804199, -50.8332023621, 39.1105575562, 16.4247875214, 25.928861618, 121.476234436, 46.5164604187, 26.8446903229, 8.02720546722, 16.1123523712, 9.71751594543, -6.19410276413, 3.48828935623], [-119.531303406, 78.9093017578, -15.7984600067, 2.92465901375, 0.488091945648, 46.5164604187, 128.927398682, 30.0506763458, -0.932128846645, -1.95905661583, 2.78188848495, -2.0550596714, -2.85169100761], [-130.195999146, -16.3754711151, 64.8566436768, -15.8053102493, 29.8341960907, 26.8446903229, 30.0506763458, 94.8979034424, 20.6979446411, 7.47783660889, 4.77997875214, 2.36301040649, 1.66532540321], [43.5774612427, -40.6683807373, 2.43678450584, 57.1013412476, 18.0786685944, 8.02720546722, -0.932128846645, 20.6979446411, 88.1367263794, 22.3887691498, -4.54407596588, 0.477285444736, 3.25356984138], [-95.8010635376, -14.4394197464, 43.7092285156, -25.5607757568, 28.088136673, 16.1123523712, -1.95905661583, 7.47783660889, 22.3887691498, 67.7228927612, 20.5761489868, 2.71134161949, 0.797593057156], [-51.9171638489, 13.0331687927, 13.0396203995, -14.307934761, 1.03192329407, 9.71751594543, 2.78188848495, 4.77997875214, -4.54407596588, 20.5761489868, 59.1360054016, 22.1911487579, 0.485748916864], [9.65129184723, -5.41148757935, -0.884918570518, 8.84628009796, 5.68939304352, -6.19410276413, -2.0550596714, 2.36301040649, 0.477285444736, 2.71134161949, 22.1911487579, 56.1037788391, 19.322599411], [22.9084205627, -16.7149810791, 1.80098187923, 15.8965120316, 3.19111561775, 3.48828935623, -2.85169100761, 1.66532540321, 3.25356984138, 0.797593057156, 0.485748916864, 19.322599411, 49.9083099365]]
        icov: [[0.000242985974182, -5.9716290707e-005, 0.00035323164775, -0.000309809169266, 0.000268329487881, -0.000380767130991, 0.000468697515316, -0.000114795861009, 8.93279284355e-005, -9.64518330875e-005, 0.000208614743315, -0.000132599408971, 3.94919006794e-005], [-5.9716290707e-005, 0.0018810222391, 0.000633312913124, 6.42979557597e-006, -0.000379335251637, 0.00137761363294, -0.00156952405814, -0.000104784230643, 0.000882683962118, -0.000380040553864, -0.000761563889682, 0.000579330080654, 0.000205920820008], [0.00035323164775, 0.000633312913124, 0.00443165702745, -0.000386898987927, -0.00291440775618, -0.000426157115726, 0.00115677644499, -0.00209637731314, 0.00168881949503, -0.00127615313977, -0.000350512360455, 0.000692532106768, 1.10489563667e-005], [-0.000309809169266, 6.42979557597e-006, -0.000386898987927, 0.00411384971812, -0.000198681285838, -0.000523936352693, -0.000598321377765, 0.00149876473006, -0.00340470159426, 0.00259862025268, -0.00018087256467, -0.00046459105215, -0.000824814371299], [0.000268329487881, -0.000379335251637, -0.00291440775618, -0.000198681285838, 0.0103370659053, -0.00159447628539, 0.000628811074421, -0.000357126904419, -0.00136799225584, -0.00194006983656, 0.00241204351187, -0.00226692436263, 0.00039095984539], [-0.000380767130991, 0.00137761363294, -0.000426157115726, -0.000523936352693, -0.00159447628539, 0.0124407270923, -0.00533829629421, -0.00139388279058, 0.00106751418207, -0.00209534005262, -0.0027707812842, 0.00338708399795, -0.00152816518676], [0.000468697515316, -0.00156952405814, 0.00115677644499, -0.000598321377765, 0.000628811074421, -0.00533829629421, 0.0119687905535, -0.00320160738192, 0.000517857028171, 0.000584866851568, 0.00111077353358, -0.000964473059867, 0.000851147400681], [-0.000114795861009, -0.000104784230643, -0.00209637731314, 0.00149876473006, -0.000357126904419, -0.00139388279058, -0.00320160738192, 0.0144924093038, -0.00479670939967, 0.00244466494769, -0.0010120983934, -0.0006453646929, -0.000397040334065], [8.93279284355e-005, 0.000882683962118, 0.00168881949503, -0.00340470159426, -0.00136799225584, 0.00106751418207, 0.000517857028171, -0.00479670939967, 0.017305618152, -0.00782203674316, 0.00293628498912, 2.95649733744e-005, 0.000437436101492], [-9.64518330875e-005, -0.000380040553864, -0.00127615313977, 0.00259862025268, -0.00194006983656, -0.00209534005262, 0.000584866851568, 0.00244466494769, -0.00782203674316, 0.0223752297461, -0.00807398278266, 0.00202430854551, -0.00119511969388], [0.000208614743315, -0.000761563889682, -0.000350512360455, -0.00018087256467, 0.00241204351187, -0.0027707812842, 0.00111077353358, -0.0010120983934, 0.00293628498912, -0.00807398278266, 0.0250430554152, -0.0114679727703, 0.00398995541036], [-0.000132599408971, 0.000579330080654, 0.000692532106768, -0.00046459105215, -0.00226692436263, 0.00338708399795, -0.000964473059867, -0.0006453646929, 2.95649733744e-005, 0.00202430854551, -0.0114679727703, 0.0264314059168, -0.00990338437259], [3.94919006794e-005, 0.000205920820008, 1.10489563667e-005, -0.000824814371299, 0.00039095984539, -0.00152816518676, 0.000851147400681, -0.000397040334065, 0.000437436101492, -0.00119511969388, 0.00398995541036, -0.00990338437259, 0.0242795553058]]
    sccoeffs:
        dmean: [0.0510774664581, 0.0457622110844, 0.0397159233689, 0.0300133209676, 0.0199433956295, 0.0192397534847]
        dmean2: [0.0854017809033, 0.0755595043302, 0.0652997419238, 0.0497295930982, 0.0329051986337, 0.0308108851314]
        dvar: [0.00183492875658, 0.001304829726, 0.000987317296676, 0.000571292126551, 0.000263009365881, 0.000388329237467]
        dvar2: [0.00506814010441, 0.00358788832091, 0.00257667410187, 0.00150561379269, 0.000673186732456, 0.000960938166827]
        max: [-0.403574407101, -0.488140851259, -0.488061726093, -0.534123539925, -0.588648200035, -0.543172419071]
        mean: [-0.676829636097, -0.756841659546, -0.762120127678, -0.779599606991, -0.795547902584, -0.732715547085]
        median: [-0.676320910454, -0.761416196823, -0.76932322979, -0.785446345806, -0.797617554665, -0.728579282761]
        min: [-0.985169768333, -0.980029165745, -0.963514685631, -0.960616052151, -0.957555830479, -0.959096670151]
        var: [0.00437833508477, 0.00427942397073, 0.00455353083089, 0.00284486776218, 0.00129875959828, 0.00293766334653]
    scvalleys:
        dmean: [0.372796803713, 0.342204451561, 0.286379307508, 0.251210898161, 0.209713369608, 0.239086866379]
        dmean2: [0.615944504738, 0.564287662506, 0.459680497646, 0.392821997404, 0.308426827192, 0.331783294678]
        dvar: [0.109928391874, 0.0982606783509, 0.0703648328781, 0.0634155571461, 0.0700862780213, 0.101235426962]
        dvar2: [0.263371199369, 0.232585906982, 0.144332379103, 0.119025751948, 0.117351390421, 0.175871625543]
        max: [-5.09337377548, -4.63900470734, -5.12671041489, -5.50036764145, -5.73761463165, -7.8649559021]
        mean: [-6.96389102936, -6.65154457092, -6.84275007248, -7.24137830734, -7.00380134583, -9.81765460968]
        median: [-6.73588275909, -6.42294597626, -6.60481834412, -6.92355537415, -6.52272319794, -9.55881309509]
        min: [-27.4814052582, -27.1429710388, -27.2298355103, -27.1972427368, -27.2005882263, -27.3072223663]
        var: [1.57789826393, 1.73897254467, 1.7743242979, 1.77816653252, 1.86519753933, 1.52821016312]

rhythm:
    beats_loudness:
        dmean: 0.00186927686445
        dmean2: 0.00340814096853
        dvar: 2.02963474294e-006
        dvar2: 6.31386137684e-006
        max: 0.0138502400368
        mean: 0.00585978385061
        median: 0.00602876767516
        min: 2.8887104514e-011
        var: 7.56930921852e-006
    bpm: 143.857284546
    bpm_confidence: 0
    first_peak_bpm: 144
    first_peak_spread: 0.204755604267
    first_peak_weight: 0.769820988178
    onset_rate: 2.74830389023
    second_peak_bpm: 117
    second_peak_spread: 0
    second_peak_weight: 0.0102301789448
    beats_loudness_band_ratio:
        dmean: [0.0703645572066, 0.112761124969, 0.0657891407609, 0.0932480022311, 0.0776715651155, 0.0747294351459]
        dmean2: [0.124178908765, 0.213399514556, 0.115152724087, 0.161054104567, 0.131455630064, 0.13037315011]
        dvar: [0.00680321920663, 0.00895177852362, 0.00395548483357, 0.00997045449913, 0.00426521804184, 0.00470948079601]
        dvar2: [0.0220724251121, 0.0307722892612, 0.0106583973393, 0.027265958488, 0.0115689374506, 0.0141627844423]
        max: [0.88564914465, 0.571560025215, 0.577090442181, 0.86799800396, 0.560977101326, 0.704289019108]
        mean: [0.121479228139, 0.143385842443, 0.122432559729, 0.173312723637, 0.221299290657, 0.256941258907]
        median: [0.0954770818353, 0.115085706115, 0.103090398014, 0.136341735721, 0.210017755628, 0.242443725467]
        min: [0, 0, 0, 0, 0, 0]
        var: [0.011778739281, 0.0101488996297, 0.00656622555107, 0.0165557730943, 0.00900962296873, 0.0140548059717]
