
metadata:
    version:
        essentia: "2.1-beta2"
    audio_properties:
        analysis_sample_rate: 44100
        bitrate: 320
        channels: 2
        equal_loudness: 1
        length: 517.903686523
        replay_gain: -14.0523548126
        downmix: "mix"
    tags:
        album: "Stone's Reach"
        artist: "Be'lakor"
        comment: " "
        date: "2009"
        genre: "Death Metal"
        title: "Venator"
        tracknumber: "1"

configuration:
    average_loudness:
        compute: 1
        frameSize: 88200
        hopSize: 44100
        silentFrames: "noise"
        windowType: "hann"
    general:
        analysisSampleRate: 44100
        endTime: 2000
        equalLoudness: 1
        nequalLoudness: 0
        shortSound: 0
        startTime: 0
    lowlevel:
        compute: 1
        frameSize: 2048
        hopSize: 1024
        zeroPadding: 0
        silentFrames: "noise"
        windowType: "blackmanharris62"
        mfccStats: ["mean", "cov", "icov"]
        stats: ["mean", "var", "median", "min", "max", "dmean", "dmean2", "dvar", "dvar2"]
    panning:
        compute: 0
        frameSize: 8192
        hopSize: 2048
        zeroPadding: 8192
        silentFrames: "noise"
        windowType: "hann"
        stats: ["copy"]
    rhythm:
        compute: 1
        maxTempo: 208
        minTempo: 40
        method: "degara"
        stats: ["mean", "var", "median", "min", "max", "dmean", "dmean2", "dvar", "dvar2"]
    segmentation:
        compute: 0
        cpw: 5
        inc1: 300
        inc2: 50
        minimumSegmentsLength: 10
        size1: 1000
        size2: 600
    sfx:
        compute: 1
        stats: ["mean", "var", "median", "min", "max", "dmean", "dmean2", "dvar", "dvar2"]
    svm:
        compute: 0
    tonal:
        compute: 1
        frameSize: 4096
        hopSize: 2048
        zeroPadding: 0
        silentFrames: "noise"
        windowType: "blackmanharris62"
        stats: ["mean", "var", "median", "min", "max", "dmean", "dmean2", "dvar", "dvar2"]

lowlevel:
    average_loudness: 0.874440014362
    barkbands_kurtosis:
        dmean: 0.948131740093
        dmean2: 1.50811779499
        dvar: 4.96226835251
        dvar2: 10.9689426422
        max: 164.752120972
        mean: 0.10938937217
        median: -1.23508906364
        min: -1.94862890244
        var: 20.0487041473
    barkbands_skewness:
        dmean: 0.416400521994
        dmean2: 0.644652545452
        dvar: 0.163357421756
        dvar2: 0.361558407545
        max: 11.3605508804
        mean: 0.321916550398
        median: 0.10392601043
        min: -4.26405096054
        var: 1.26154363155
    barkbands_spread:
        dmean: 5.28858137131
        dmean2: 8.42470741272
        dvar: 27.7946453094
        dvar2: 67.3188018799
        max: 101.08505249
        mean: 33.4041442871
        median: 35.3549995422
        min: 1.02749490738
        var: 114.764221191
    dissonance:
        dmean: 0.0105709889904
        dmean2: 0.0178775005043
        dvar: 0.000126067738165
        dvar2: 0.000338175887009
        max: 0.500000178814
        mean: 0.477621972561
        median: 0.482560455799
        min: 0.276503056288
        var: 0.000398419739213
    hfc:
        dmean: 1.98389720917
        dmean2: 3.2418680191
        dvar: 6.02132844925
        dvar2: 15.4764528275
        max: 59.1229858398
        mean: 8.66398715973
        median: 8.81133651733
        min: 1.11657841871e-016
        var: 33.2986755371
    pitch:
        dmean: 845.087768555
        dmean2: 1634.5670166
        dvar: 1664085.375
        dvar2: 3942987
        max: 4663.03759766
        mean: 1345.86071777
        median: 348.558532715
        min: 52.1438026428
        var: 2133799
    pitch_instantaneous_confidence:
        dmean: 0.0742710232735
        dmean2: 0.119764745235
        dvar: 0.00432764738798
        dvar2: 0.0102309547365
        max: 0.950930595398
        mean: 0.399437516928
        median: 0.373012900352
        min: 0.0914485454559
        var: 0.0207455214113
    pitch_salience:
        dmean: 0.0581267811358
        dmean2: 0.095574632287
        dvar: 0.00282562756911
        dvar2: 0.00709511712193
        max: 0.881310045719
        mean: 0.647113323212
        median: 0.666490316391
        min: 0.0403632335365
        var: 0.00941393617541
    silence_rate_20dB:
        dmean: 0
        dmean2: 0
        dvar: 0
        dvar2: 0
        max: 1
        mean: 1
        median: 1
        min: 1
        var: 0
    silence_rate_30dB:
        dmean: 0
        dmean2: 0
        dvar: 0
        dvar2: 0
        max: 1
        mean: 1
        median: 1
        min: 1
        var: 0
    silence_rate_60dB:
        dmean: 0.0351490713656
        dmean2: 0.0703012943268
        dvar: 0.0339063592255
        dvar2: 0.0774408057332
        max: 1
        mean: 0.236214473844
        median: 0
        min: 0
        var: 0.180462524295
    spectral_centroid:
        dmean: 250.84487915
        dmean2: 401.419250488
        dvar: 69374.8671875
        dvar2: 164046.390625
        max: 11665.234375
        mean: 1569.00598145
        median: 1640.90039063
        min: 160.31086731
        var: 427236.125
    spectral_complexity:
        dmean: 3.21479487419
        dmean2: 5.1532459259
        dvar: 10.72539711
        dvar2: 25.5849056244
        max: 45
        mean: 16.7252750397
        median: 17
        min: 0
        var: 86.6746292114
    spectral_crest:
        dmean: 1.95842576027
        dmean2: 3.20222330093
        dvar: 3.96105623245
        dvar2: 9.76928806305
        max: 24.749420166
        mean: 7.38036775589
        median: 6.29571914673
        min: 2.34917283058
        var: 12.4640703201
    spectral_decrease:
        dmean: 2.7398558422e-010
        dmean2: 4.57142074195e-010
        dvar: 1.66284163584e-019
        dvar2: 4.61319868392e-019
        max: 5.52532509343e-029
        mean: -1.16185494559e-009
        median: -1.17527076959e-009
        min: -5.16401987838e-009
        var: 3.96749141649e-019
    spectral_energy:
        dmean: 0.00116239162162
        dmean2: 0.00193482951727
        dvar: 2.80038921119e-006
        dvar2: 7.72603380028e-006
        max: 0.0214542672038
        mean: 0.00517095113173
        median: 0.00529326312244
        min: 1.0340324728e-020
        var: 7.811740943e-006
    spectral_energyband_high:
        dmean: 0.000155600821017
        dmean2: 0.000265693030087
        dvar: 5.58981589904e-008
        dvar2: 1.45618841429e-007
        max: 0.00521972915158
        mean: 0.000389452645322
        median: 0.00032823937363
        min: 7.20321155873e-021
        var: 1.29251688463e-007
    spectral_energyband_low:
        dmean: 0.000377514399588
        dmean2: 0.000649188878015
        dvar: 3.26084773405e-007
        dvar2: 8.97090444596e-007
        max: 0.00686638616025
        mean: 0.000536526786163
        median: 0.000311526731821
        min: 4.33003699837e-023
        var: 4.07077408227e-007
    spectral_energyband_middle_high:
        dmean: 0.000524515635334
        dmean2: 0.000836084247567
        dvar: 3.50717044739e-007
        dvar2: 8.86621364771e-007
        max: 0.0186222158372
        mean: 0.00228414265439
        median: 0.00232257810421
        min: 1.66679205739e-021
        var: 2.47870889325e-006
    spectral_energyband_middle_low:
        dmean: 0.000794669613242
        dmean2: 0.00132754666265
        dvar: 1.89324214261e-006
        dvar2: 5.34366290594e-006
        max: 0.0166038312018
        mean: 0.0021623854991
        median: 0.0018338871887
        min: 1.64479101704e-022
        var: 2.58599220615e-006
    spectral_flatness_db:
        dmean: 0.0147175220773
        dmean2: 0.0231346562505
        dvar: 0.000200472481083
        dvar2: 0.00044956401689
        max: 0.439919412136
        mean: 0.155582159758
        median: 0.144809171557
        min: 0.0390189960599
        var: 0.00171225750819
    spectral_flux:
        dmean: 0.00773036852479
        dmean2: 0.011751582846
        dvar: 8.0353958765e-005
        dvar2: 0.000148553182953
        max: 0.133819639683
        mean: 0.0388824231923
        median: 0.0400225296617
        min: 6.55380472114e-011
        var: 0.000325414934196
    spectral_kurtosis:
        dmean: 1.22254824638
        dmean2: 2.114153862
        dvar: 2.69257497787
        dvar2: 7.62765836716
        max: 46.6682319641
        mean: 3.56598043442
        median: 2.84974241257
        min: -1.32384467125
        var: 8.25036525726
    spectral_rms:
        dmean: 0.000235132261878
        dmean2: 0.000383976846933
        dvar: 8.08185021128e-008
        dvar2: 2.17002707359e-007
        max: 0.00457504019141
        mean: 0.00213483418338
        median: 0.00227247877046
        min: 3.1761804558e-012
        var: 4.87352735945e-007
    spectral_rolloff:
        dmean: 350.764678955
        dmean2: 574.555297852
        dvar: 231413.875
        dvar2: 486177.5
        max: 19207.6171875
        mean: 2964.55151367
        median: 3294.58007813
        min: 129.19921875
        var: 1161956.25
    spectral_skewness:
        dmean: 0.164587005973
        dmean2: 0.274029791355
        dvar: 0.0321555957198
        dvar2: 0.085442699492
        max: 5.28307104111
        mean: 1.29469287395
        median: 1.17149734497
        min: -0.0778844431043
        var: 0.220595672727
    spectral_spread:
        dmean: 419696.0625
        dmean2: 661218.1875
        dvar: 329181921280
        dvar2: 753083154432
        max: 50324428
        mean: 4364208
        median: 4322005.5
        min: 1377390.5
        var: 1.66092079104e+012
    spectral_strongpeak:
        dmean: 0.485254615545
        dmean2: 0.843913555145
        dvar: 0.709799826145
        dvar2: 1.79852175713
        max: 9.1109418869
        mean: 0.674347817898
        median: 0.282957524061
        min: 7.59341686751e-011
        var: 1.0591943264
    zerocrossingrate:
        dmean: 0.00737115321681
        dmean2: 0.00905472319573
        dvar: 5.17725129612e-005
        dvar2: 6.42006561975e-005
        max: 0.513671875
        mean: 0.0911704227328
        median: 0.09716796875
        min: 0.0078125
        var: 0.000897082849406
    barkbands:
        dmean: [4.55055698012e-007, 0.000105469611299, 0.000221240217797, 0.000201546630706, 0.00048861943651, 0.000203925694223, 0.000148573468323, 7.91514612501e-005, 8.99255319382e-005, 5.7000106608e-005, 3.47298118868e-005, 3.25791079376e-005, 2.23391452892e-005, 1.97586650756e-005, 3.75786585209e-005, 0.000111681525595, 0.000241713234573, 0.000179345035576, 0.000232649996178, 0.000122339915833, 6.5214226197e-005, 3.59692276106e-005, 5.99700160819e-006, 2.31651711147e-006, 9.78672460406e-007, 2.16798028418e-008, 2.89633400596e-010]
        dmean2: [7.2397472195e-007, 0.000189838203369, 0.000385876715882, 0.000333788950229, 0.000821177614853, 0.000332204916049, 0.000238220221945, 0.000129110863782, 0.000146863283589, 9.284105181e-005, 5.74060322833e-005, 5.42422567378e-005, 3.71118585463e-005, 3.33481257258e-005, 6.25659740763e-005, 0.000184155127499, 0.000394309085095, 0.000296762620565, 0.000383115897421, 0.000206408600206, 0.000109046690341, 6.36695767753e-005, 9.88117790257e-006, 3.81824975193e-006, 1.65987535183e-006, 3.43930359747e-008, 5.02998587226e-010]
        dvar: [4.4010644738e-013, 3.97210655478e-008, 1.28124781895e-007, 1.28186684378e-007, 1.16188073207e-006, 7.01871272213e-008, 6.15853679165e-008, 2.40023787512e-008, 2.5693772443e-008, 1.16409877293e-008, 6.28521590329e-009, 5.60982282849e-009, 1.99573801929e-009, 1.03584041344e-009, 2.63636845688e-009, 2.10867874273e-008, 1.02856311912e-007, 5.39741478178e-008, 8.3909206694e-008, 2.69167781397e-008, 8.69977512252e-009, 6.64207533418e-009, 1.30021160505e-010, 2.2576942052e-011, 4.49445775735e-012, 4.94045307255e-015, 3.69168846226e-019]
        dvar2: [1.15527932273e-012, 1.09453900166e-007, 3.53402100473e-007, 3.44339980529e-007, 3.24776101479e-006, 1.91741008848e-007, 1.64102786471e-007, 6.47765645567e-008, 6.89312855684e-008, 3.26092788328e-008, 1.7211400305e-008, 1.54756918391e-008, 5.3143365264e-009, 2.79650502755e-009, 7.18639503461e-009, 5.58569475118e-008, 2.6291675681e-007, 1.39224511031e-007, 2.19336129703e-007, 7.22020914168e-008, 2.30771028953e-008, 1.69464993149e-008, 3.09308273438e-010, 5.40996691889e-011, 1.08784101518e-011, 1.07561291959e-014, 9.16358747597e-019]
        max: [1.10465507532e-005, 0.00160128506832, 0.00380455330014, 0.00636270456016, 0.0115251271054, 0.00479818088934, 0.00613465439528, 0.00332912476733, 0.00356448348612, 0.00324295461178, 0.001931794337, 0.00222446280532, 0.0012176866876, 0.00100709369872, 0.00268847984262, 0.00299515784718, 0.00676656188443, 0.00522496504709, 0.0103666968644, 0.00423339614645, 0.00261849467643, 0.00253145070747, 0.000346501852619, 0.000140277465107, 0.000107024563476, 4.50836932941e-006, 3.35693393083e-008]
        mean: [7.05309275872e-007, 0.000100927660242, 0.000260972767137, 0.000306757108774, 0.000762251962442, 0.000450358813396, 0.000295197998639, 0.000137734619784, 0.000174213695573, 0.000105507744593, 6.04083579674e-005, 5.58472966077e-005, 3.75491945306e-005, 3.32788113155e-005, 7.64362266636e-005, 0.000232615901041, 0.000538897817023, 0.000420556782046, 0.000582026550546, 0.000309174589347, 0.000160037452588, 5.00790702063e-005, 1.29630161609e-005, 4.83123994854e-006, 1.58862269473e-006, 3.7872151637e-008, 3.40976219482e-010]
        median: [3.72019570705e-007, 4.3426080083e-005, 0.000131464737933, 0.000158504757565, 0.000416345195845, 0.000317517260555, 0.000157364003826, 6.19884885964e-005, 8.29503915156e-005, 5.74841833441e-005, 2.80662879959e-005, 2.91101841867e-005, 2.29649194807e-005, 2.33975260926e-005, 6.22176012257e-005, 0.00019291244098, 0.000425049103796, 0.000348499976099, 0.000510789453983, 0.000264054571744, 0.000136897841003, 2.75451420748e-005, 6.82671043251e-006, 2.59893408838e-006, 8.6900865881e-007, 1.82889152711e-008, 1.80487652601e-010]
        min: [7.53604896987e-024, 4.65287714054e-024, 5.20810111147e-024, 8.94188666653e-024, 2.24844448422e-023, 1.33748747462e-023, 1.21976260629e-023, 9.36494803683e-024, 3.48504990192e-023, 1.83167885503e-023, 7.20870182869e-023, 5.85573911192e-023, 6.27870676554e-023, 3.09227037742e-023, 1.02262708649e-022, 1.15346989126e-022, 1.42302012848e-022, 2.2348010402e-022, 1.6536328225e-022, 2.43118524887e-022, 3.59175589802e-022, 3.79048220317e-022, 4.72934860672e-022, 5.69069312845e-022, 9.82150860636e-022, 1.56653053739e-021, 2.20722988456e-021]
        var: [7.44895302125e-013, 2.8778801564e-008, 1.25287641595e-007, 2.13715253494e-007, 1.18362083867e-006, 1.88564200698e-007, 1.46295391801e-007, 4.61297879895e-008, 6.18988593715e-008, 2.33687451612e-008, 1.26959633917e-008, 1.06757420681e-008, 3.49394513321e-009, 1.43271816633e-009, 4.68499150585e-009, 4.50288801801e-008, 2.82071312085e-007, 1.53496927169e-007, 2.60329898083e-007, 7.48927035943e-008, 2.12553423751e-008, 7.7277979571e-009, 3.15169668141e-010, 4.94681934304e-011, 6.79759677366e-012, 7.77407940133e-015, 4.44287805989e-019]
    frequency_bands:
        dmean: [4.55055698012e-007, 0.000105469611299, 0.000221240217797, 0.000201546630706, 0.00048861943651, 0.000203925694223, 0.000148573468323, 7.91514612501e-005, 8.99255319382e-005, 5.7000106608e-005, 3.47298118868e-005, 3.25791079376e-005, 2.23391452892e-005, 1.97586650756e-005, 3.75786585209e-005, 0.000111681525595, 0.000241713234573, 0.000179345035576, 0.000232649996178, 0.000122339915833, 6.5214226197e-005, 3.59692276106e-005, 5.99700160819e-006, 2.31651711147e-006, 9.78672460406e-007, 2.16798028418e-008, 2.89633400596e-010, 5.97926638757e-011]
        dmean2: [7.2397472195e-007, 0.000189838203369, 0.000385876715882, 0.000333788950229, 0.000821177614853, 0.000332204916049, 0.000238220221945, 0.000129110863782, 0.000146863283589, 9.284105181e-005, 5.74060322833e-005, 5.42422567378e-005, 3.71118585463e-005, 3.33481257258e-005, 6.25659740763e-005, 0.000184155127499, 0.000394309085095, 0.000296762620565, 0.000383115897421, 0.000206408600206, 0.000109046690341, 6.36695767753e-005, 9.88117790257e-006, 3.81824975193e-006, 1.65987535183e-006, 3.43930359747e-008, 5.02998587226e-010, 1.10618028626e-010]
        dvar: [4.4010644738e-013, 3.97210655478e-008, 1.28124781895e-007, 1.28186684378e-007, 1.16188073207e-006, 7.01871272213e-008, 6.15853679165e-008, 2.40023787512e-008, 2.5693772443e-008, 1.16409877293e-008, 6.28521590329e-009, 5.60982282849e-009, 1.99573801929e-009, 1.03584041344e-009, 2.63636845688e-009, 2.10867874273e-008, 1.02856311912e-007, 5.39741478178e-008, 8.3909206694e-008, 2.69167781397e-008, 8.69977512252e-009, 6.64207533418e-009, 1.30021160505e-010, 2.2576942052e-011, 4.49445775735e-012, 4.94045307255e-015, 3.69168846226e-019, 6.98820033723e-021]
        dvar2: [1.15527932273e-012, 1.09453900166e-007, 3.53402100473e-007, 3.44339980529e-007, 3.24776101479e-006, 1.91741008848e-007, 1.64102786471e-007, 6.47765645567e-008, 6.89312855684e-008, 3.26092788328e-008, 1.7211400305e-008, 1.54756918391e-008, 5.3143365264e-009, 2.79650502755e-009, 7.18639503461e-009, 5.58569475118e-008, 2.6291675681e-007, 1.39224511031e-007, 2.19336129703e-007, 7.22020914168e-008, 2.30771028953e-008, 1.69464993149e-008, 3.09308273438e-010, 5.40996691889e-011, 1.08784101518e-011, 1.07561291959e-014, 9.16358747597e-019, 2.19457171897e-020]
        max: [1.10465507532e-005, 0.00160128506832, 0.00380455330014, 0.00636270456016, 0.0115251271054, 0.00479818088934, 0.00613465439528, 0.00332912476733, 0.00356448348612, 0.00324295461178, 0.001931794337, 0.00222446280532, 0.0012176866876, 0.00100709369872, 0.00268847984262, 0.00299515784718, 0.00676656188443, 0.00522496504709, 0.0103666968644, 0.00423339614645, 0.00261849467643, 0.00253145070747, 0.000346501852619, 0.000140277465107, 0.000107024563476, 4.50836932941e-006, 3.35693393083e-008, 1.26439136938e-009]
        mean: [7.05309275872e-007, 0.000100927660242, 0.000260972767137, 0.000306757108774, 0.000762251962442, 0.000450358813396, 0.000295197998639, 0.000137734619784, 0.000174213695573, 0.000105507744593, 6.04083579674e-005, 5.58472966077e-005, 3.75491945306e-005, 3.32788113155e-005, 7.64362266636e-005, 0.000232615901041, 0.000538897817023, 0.000420556782046, 0.000582026550546, 0.000309174589347, 0.000160037452588, 5.00790702063e-005, 1.29630161609e-005, 4.83123994854e-006, 1.58862269473e-006, 3.7872151637e-008, 3.40976219482e-010, 4.67037623852e-011]
        median: [3.72019570705e-007, 4.3426080083e-005, 0.000131464737933, 0.000158504757565, 0.000416345195845, 0.000317517260555, 0.000157364003826, 6.19884885964e-005, 8.29503915156e-005, 5.74841833441e-005, 2.80662879959e-005, 2.91101841867e-005, 2.29649194807e-005, 2.33975260926e-005, 6.22176012257e-005, 0.00019291244098, 0.000425049103796, 0.000348499976099, 0.000510789453983, 0.000264054571744, 0.000136897841003, 2.75451420748e-005, 6.82671043251e-006, 2.59893408838e-006, 8.6900865881e-007, 1.82889152711e-008, 1.80487652601e-010, 1.75269035396e-011]
        min: [7.53604896987e-024, 4.65287714054e-024, 5.20810111147e-024, 8.94188666653e-024, 2.24844448422e-023, 1.33748747462e-023, 1.21976260629e-023, 9.36494803683e-024, 3.48504990192e-023, 1.83167885503e-023, 7.20870182869e-023, 5.85573911192e-023, 6.27870676554e-023, 3.09227037742e-023, 1.02262708649e-022, 1.15346989126e-022, 1.42302012848e-022, 2.2348010402e-022, 1.6536328225e-022, 2.43118524887e-022, 3.59175589802e-022, 3.79048220317e-022, 4.72934860672e-022, 5.69069312845e-022, 9.82150860636e-022, 1.56653053739e-021, 2.20722988456e-021, 6.225705915e-022]
        var: [7.44895302125e-013, 2.8778801564e-008, 1.25287641595e-007, 2.13715253494e-007, 1.18362083867e-006, 1.88564200698e-007, 1.46295391801e-007, 4.61297879895e-008, 6.18988593715e-008, 2.33687451612e-008, 1.26959633917e-008, 1.06757420681e-008, 3.49394513321e-009, 1.43271816633e-009, 4.68499150585e-009, 4.50288801801e-008, 2.82071312085e-007, 1.53496927169e-007, 2.60329898083e-007, 7.48927035943e-008, 2.12553423751e-008, 7.7277979571e-009, 3.15169668141e-010, 4.94681934304e-011, 6.79759677366e-012, 7.77407940133e-015, 4.44287805989e-019, 5.74446239263e-021]
    mfcc:
        mean: [-710.26385498, 107.297767639, -41.0763130188, 64.899810791, -9.87903881073, -14.6052207947, -9.56252288818, -1.31204521656, -3.38032507896, -9.1218957901, -10.3933811188, -4.07517576218, -4.48435592651]
        cov: [[6338.53662109, -618.621582031, -457.724456787, 547.881958008, -385.625793457, 86.6294631958, -24.8068065643, 349.813415527, 165.264053345, 45.9911003113, -19.6615619659, 76.2828140259, 89.204284668], [-618.621582031, 854.376037598, -64.0911636353, 22.1297111511, -13.9382619858, -111.497245789, -41.157913208, -155.404373169, -58.5493774414, -47.3494796753, -3.63561701775, -33.1330604553, -30.8965396881], [-457.724456787, -64.0911636353, 382.76171875, -166.700119019, 124.469421387, 48.6175727844, 25.6432971954, 6.78527593613, -43.6832504272, 41.9233818054, 8.27289104462, -1.78110659122, -0.842143535614], [547.881958008, 22.1297111511, -166.700119019, 271.334869385, -18.2466259003, -0.724541008472, -12.8117446899, 19.6241054535, 42.2764167786, -23.94190979, -7.80898952484, -8.23559856415, -10.8241262436], [-385.625793457, -13.9382619858, 124.469421387, -18.2466259003, 169.103012085, 27.6105251312, 23.8578929901, 8.19500827789, -14.0791978836, 14.5152654648, -7.66382837296, -4.40520954132, -10.8438673019], [86.6294631958, -111.497245789, 48.6175727844, -0.724541008472, 27.6105251312, 119.641471863, 58.0047912598, 39.9064826965, 13.5437965393, 5.27773189545, -0.150572881103, 1.049061656, 7.03143501282], [-24.8068065643, -41.157913208, 25.6432971954, -12.8117446899, 23.8578929901, 58.0047912598, 87.4309616089, 43.1020851135, 22.6006946564, 5.66111278534, 0.563198387623, 2.62406778336, 3.05103898048], [349.813415527, -155.404373169, 6.78527593613, 19.6241054535, 8.19500827789, 39.9064826965, 43.1020851135, 118.78855896, 53.4284858704, 30.1402244568, 2.30625677109, 12.1673784256, 12.5667505264], [165.264053345, -58.5493774414, -43.6832504272, 42.2764167786, -14.0791978836, 13.5437965393, 22.6006946564, 53.4284858704, 84.2939758301, 25.7508792877, 11.7600498199, 4.68652248383, 4.30803585052], [45.9911003113, -47.3494796753, 41.9233818054, -23.94190979, 14.5152654648, 5.27773189545, 5.66111278534, 30.1402244568, 25.7508792877, 68.5774688721, 28.8533477783, 16.1974029541, 8.03332328796], [-19.6615619659, -3.63561701775, 8.27289104462, -7.80898952484, -7.66382837296, -0.150572881103, 0.563198387623, 2.30625677109, 11.7600498199, 28.8533477783, 64.8688049316, 26.8614044189, 8.71956539154], [76.2828140259, -33.1330604553, -1.78110659122, -8.23559856415, -4.40520954132, 1.049061656, 2.62406778336, 12.1673784256, 4.68652248383, 16.1974029541, 26.8614044189, 55.8373680115, 31.0560379028], [89.204284668, -30.8965396881, -0.842143535614, -10.8241262436, -10.8438673019, 7.03143501282, 3.05103898048, 12.5667505264, 4.30803585052, 8.03332328796, 8.71956539154, 31.0560379028, 56.7878036499]]
        icov: [[0.000318468752084, 7.74801155785e-005, -3.95765455323e-005, -0.000652680755593, 0.000803080794867, -0.000213021485251, 0.000324367167195, -0.000912455783691, 0.000488540914375, -0.000405115220929, 0.000373569928342, -0.000282400695141, -0.000101553378045], [7.74801155785e-005, 0.0017730895197, 3.92645451939e-005, -0.000506699434482, 0.000104677237687, 0.00149889755994, -0.00130677164998, 0.00199075136334, 0.000242946931394, -5.61923479836e-005, -0.000268960604444, 0.000677287986036, -0.000128534200485], [-3.95765455323e-005, 3.92645451939e-005, 0.00557133695111, 0.00283382064663, -0.00331079144962, -0.00168654695153, 0.000656552787405, -0.000626924855169, 0.0021975110285, -0.00212861900218, -0.000786911929026, 0.00144291028846, -0.000147483835462], [-0.000652680755593, -0.000506699434482, 0.00283382064663, 0.00741801783442, -0.00339840888046, -0.0012500496814, 0.00201596762054, 0.000350008223904, -0.00325677776709, 0.00289308838546, -0.00130599550903, 0.000793874904048, 0.00112977612298], [0.000803080794867, 0.000104677237687, -0.00331079144962, -0.00339840888046, 0.0108359996229, -0.000597282603849, -0.00131216854788, -0.0019536151085, 0.00244967173785, -0.00282416399568, 0.00306351226754, -0.00204046745785, 0.00160371407401], [-0.000213021485251, 0.00149889755994, -0.00168654695153, -0.0012500496814, -0.000597282603849, 0.0150177953765, -0.00942908227444, 0.000791207537986, 0.000502273673192, 0.00118930556346, -0.0011372360168, 0.00212883809581, -0.00195113569498], [0.000324367167195, -0.00130677164998, 0.000656552787405, 0.00201596762054, -0.00131216854788, -0.00942908227444, 0.0216831397265, -0.00692160893232, -0.00318814814091, 0.00293620396405, -0.000220128378714, -0.00142590759788, 0.00109726039227], [-0.000912455783691, 0.00199075136334, -0.000626924855169, 0.000350008223904, -0.0019536151085, 0.000791207537986, -0.00692160893232, 0.0208238475025, -0.00836412701756, -0.00334328250028, 0.00258659780957, -0.00101008219644, -0.000870775431395], [0.000488540914375, 0.000242946931394, 0.0021975110285, -0.00325677776709, 0.00244967173785, 0.000502273673192, -0.00318814814091, -0.00836412701756, 0.0227915272117, -0.0076878098771, -0.00163356831763, 0.00269197579473, -0.000658447039314], [-0.000405115220929, -5.61923479836e-005, -0.00212861900218, 0.00289308838546, -0.00282416399568, 0.00118930556346, 0.00293620396405, -0.00334328250028, -0.0076878098771, 0.0259849689901, -0.00944269727916, -0.0011208888609, -8.57505528984e-006], [0.000373569928342, -0.000268960604444, -0.000786911929026, -0.00130599550903, 0.00306351226754, -0.0011372360168, -0.000220128378714, 0.00258659780957, -0.00163356831763, -0.00944269727916, 0.0247908569872, -0.0121603514999, 0.00347488047555], [-0.000282400695141, 0.000677287986036, 0.00144291028846, 0.000793874904048, -0.00204046745785, 0.00212883809581, -0.00142590759788, -0.00101008219644, 0.00269197579473, -0.0011208888609, -0.0121603514999, 0.033816691488, -0.0160403847694], [-0.000101553378045, -0.000128534200485, -0.000147483835462, 0.00112977612298, 0.00160371407401, -0.00195113569498, 0.00109726039227, -0.000870775431395, -0.000658447039314, -8.57505528984e-006, 0.00347488047555, -0.0160403847694, 0.0268834847957]]
    sccoeffs:
        dmean: [0.0533351562917, 0.044972345233, 0.034594450146, 0.0279305800796, 0.0202888529748, 0.0166420526803]
        dmean2: [0.0881681665778, 0.0735669955611, 0.0569002553821, 0.0464607514441, 0.0332809835672, 0.0265210773796]
        dvar: [0.00213206280023, 0.00136199267581, 0.000752027262934, 0.000481645110995, 0.000289226765744, 0.000236686697463]
        dvar2: [0.00581773975864, 0.00360959512182, 0.00201678532176, 0.0013054163428, 0.000723408826161, 0.000556632876396]
        max: [-0.293431818485, -0.415458828211, -0.551513850689, -0.605670154095, -0.55119907856, -0.605097651482]
        mean: [-0.642293572426, -0.721899688244, -0.78513199091, -0.793573558331, -0.782003879547, -0.744131147861]
        median: [-0.650404810905, -0.724692583084, -0.786728024483, -0.796959519386, -0.785499453545, -0.740223944187]
        min: [-0.963459670544, -0.974401712418, -0.974659025669, -0.966232180595, -0.964927434921, -0.960568964481]
        var: [0.00660581467673, 0.00495404843241, 0.00238779513165, 0.00149747508112, 0.00144198280759, 0.00179433997255]
    scvalleys:
        dmean: [0.344739764929, 0.329799175262, 0.28332555294, 0.241376265883, 0.207102522254, 0.287139862776]
        dmean2: [0.560401499271, 0.538473665714, 0.454961299896, 0.384352087975, 0.320118278265, 0.446649700403]
        dvar: [0.0993540585041, 0.0938587859273, 0.0634500831366, 0.056806601584, 0.0594902746379, 0.149703189731]
        dvar2: [0.236371710896, 0.231121718884, 0.146332964301, 0.123962432146, 0.122830353677, 0.341866374016]
        max: [-4.99281644821, -4.5397567749, -5.02941799164, -5.81180810928, -5.59901809692, -7.33980512619]
        mean: [-6.78356456757, -6.57252931595, -7.14056634903, -7.46681165695, -7.01488256454, -9.83777809143]
        median: [-6.51231622696, -6.44271039963, -6.96458339691, -7.19172048569, -6.60529232025, -9.4651927948]
        min: [-27.8273429871, -28.0637168884, -27.4557228088, -27.8073768616, -27.4511108398, -27.3428668976]
        var: [1.2910503149, 1.15421056747, 1.16083025932, 1.14996469021, 1.46602404118, 1.47161090374]

rhythm:
    beats_loudness:
        dmean: 0.00126248470042
        dmean2: 0.00219745561481
        dvar: 1.22759240639e-006
        dvar2: 3.5077694065e-006
        max: 0.0128159364685
        mean: 0.00549900764599
        median: 0.00590909924358
        min: 4.29333270324e-011
        var: 6.40449934508e-006
    bpm: 150.856185913
    bpm_confidence: 0
    first_peak_bpm: 152
    first_peak_spread: 0.322916686535
    first_peak_weight: 0.174574747682
    onset_rate: 3.1106171608
    second_peak_bpm: 105
    second_peak_spread: 0.388888895512
    second_peak_weight: 0.098478063941
    beats_loudness_band_ratio:
        dmean: [0.11367238313, 0.117693006992, 0.0691388174891, 0.0285963341594, 0.0904481485486, 0.0683980435133]
        dmean2: [0.2014541924, 0.205910980701, 0.118909157813, 0.0489011593163, 0.157987102866, 0.121282860637]
        dvar: [0.0117282932624, 0.011365596205, 0.00571384839714, 0.000945269712247, 0.00652903923765, 0.00445367535576]
        dvar2: [0.0337023846805, 0.0332093015313, 0.0154376681894, 0.00257998681627, 0.018846411258, 0.0122567201033]
        max: [0.980875253677, 0.874593019485, 0.839578866959, 0.29615816474, 0.839937865734, 0.649253249168]
        mean: [0.177623972297, 0.233262687922, 0.13922713697, 0.0525198951364, 0.261682420969, 0.181865572929]
        median: [0.147443681955, 0.184773728251, 0.105743989348, 0.0423273034394, 0.262442886829, 0.185438483953]
        min: [0, 0, 0, 0, 0, 0]
        var: [0.0174782853574, 0.0286540649831, 0.0135505627841, 0.00168105703779, 0.0163359697908, 0.00916336569935]
