
metadata:
    version:
        essentia: "2.1-beta2"
    audio_properties:
        analysis_sample_rate: 44100
        bitrate: 320
        channels: 2
        equal_loudness: 1
        length: 452.127349854
        replay_gain: -14.0394954681
        downmix: "mix"
    tags:
        album: "Imaginaerum"
        artist: "Nightwish"
        comment: "www.NewAlbumReleases.net"
        date: "2011"
        genre: "Metal"
        title: "Scaretale"
        tracknumber: "6"

configuration:
    average_loudness:
        compute: 1
        frameSize: 88200
        hopSize: 44100
        silentFrames: "noise"
        windowType: "hann"
    general:
        analysisSampleRate: 44100
        endTime: 2000
        equalLoudness: 1
        nequalLoudness: 0
        shortSound: 0
        startTime: 0
    lowlevel:
        compute: 1
        frameSize: 2048
        hopSize: 1024
        zeroPadding: 0
        silentFrames: "noise"
        windowType: "blackmanharris62"
        mfccStats: ["mean", "cov", "icov"]
        stats: ["mean", "var", "median", "min", "max", "dmean", "dmean2", "dvar", "dvar2"]
    panning:
        compute: 0
        frameSize: 8192
        hopSize: 2048
        zeroPadding: 8192
        silentFrames: "noise"
        windowType: "hann"
        stats: ["copy"]
    rhythm:
        compute: 1
        maxTempo: 208
        minTempo: 40
        method: "degara"
        stats: ["mean", "var", "median", "min", "max", "dmean", "dmean2", "dvar", "dvar2"]
    segmentation:
        compute: 0
        cpw: 5
        inc1: 300
        inc2: 50
        minimumSegmentsLength: 10
        size1: 1000
        size2: 600
    sfx:
        compute: 1
        stats: ["mean", "var", "median", "min", "max", "dmean", "dmean2", "dvar", "dvar2"]
    svm:
        compute: 0
    tonal:
        compute: 1
        frameSize: 4096
        hopSize: 2048
        zeroPadding: 0
        silentFrames: "noise"
        windowType: "blackmanharris62"
        stats: ["mean", "var", "median", "min", "max", "dmean", "dmean2", "dvar", "dvar2"]

lowlevel:
    average_loudness: 0.45873734355
    barkbands_kurtosis:
        dmean: 2.90806412697
        dmean2: 4.35108709335
        dvar: 1427.79821777
        dvar2: 3528.78100586
        max: 3914.07666016
        mean: 4.33220815659
        median: -0.662984549999
        min: -1.88294267654
        var: 5125.19140625
    barkbands_skewness:
        dmean: 0.404528081417
        dmean2: 0.630322158337
        dvar: 0.572981834412
        dvar2: 1.44948732853
        max: 30.5898265839
        mean: 0.435737997293
        median: 0.333227992058
        min: -8.20904445648
        var: 1.75357842445
    barkbands_spread:
        dmean: 4.8394536972
        dmean2: 7.58222818375
        dvar: 25.195148468
        dvar2: 58.0452461243
        max: 77.1341629028
        mean: 27.7650680542
        median: 26.8429317474
        min: 0.0164270084351
        var: 166.854690552
    dissonance:
        dmean: 0.0183252431452
        dmean2: 0.0312282387167
        dvar: 0.000439803290647
        dvar2: 0.00121943943668
        max: 0.500000119209
        mean: 0.465196490288
        median: 0.477077543736
        min: 0.0617625527084
        var: 0.00211137416773
    hfc:
        dmean: 1.87084197998
        dmean2: 2.93931627274
        dvar: 12.4102516174
        dvar2: 28.4198131561
        max: 65.5037155151
        mean: 6.26834583282
        median: 3.75249958038
        min: 1.20578726697e-016
        var: 59.2669219971
    pitch:
        dmean: 492.577972412
        dmean2: 942.307128906
        dvar: 1149717.25
        dvar2: 2951676.25
        max: 4955.61132813
        mean: 963.407165527
        median: 310.546600342
        min: 48.9842262268
        var: 1926251
    pitch_instantaneous_confidence:
        dmean: 0.0793561413884
        dmean2: 0.128015726805
        dvar: 0.00460393819958
        dvar2: 0.0112988939509
        max: 0.990477025509
        mean: 0.400308340788
        median: 0.365550160408
        min: 0.111601114273
        var: 0.0259502530098
    pitch_salience:
        dmean: 0.0566903054714
        dmean2: 0.0920719578862
        dvar: 0.00236509926617
        dvar2: 0.0060471566394
        max: 0.914334356785
        mean: 0.636876642704
        median: 0.65290081501
        min: 0.0148734357208
        var: 0.0109143098816
    silence_rate_20dB:
        dmean: 0
        dmean2: 0
        dvar: 0
        dvar2: 0
        max: 1
        mean: 1
        median: 1
        min: 1
        var: 0
    silence_rate_30dB:
        dmean: 0
        dmean2: 0
        dvar: 0
        dvar2: 0
        max: 1
        mean: 1
        median: 1
        min: 1
        var: 0
    silence_rate_60dB:
        dmean: 0.0740550532937
        dmean2: 0.14811770618
        dvar: 0.0685766115785
        dvar2: 0.14714486897
        max: 1
        mean: 0.537564814091
        median: 1
        min: 0
        var: 0.248617306352
    spectral_centroid:
        dmean: 218.869140625
        dmean2: 342.08972168
        dvar: 69779.2421875
        dvar2: 159989.65625
        max: 11328.9121094
        mean: 1429.12963867
        median: 1324.64306641
        min: 228.380310059
        var: 456153.59375
    spectral_complexity:
        dmean: 3.01756358147
        dmean2: 4.75856399536
        dvar: 14.8716278076
        dvar2: 32.0516395569
        max: 54
        mean: 12.150053978
        median: 10
        min: 0
        var: 98.7565765381
    spectral_crest:
        dmean: 1.91854393482
        dmean2: 3.17130827904
        dvar: 3.26784873009
        dvar2: 8.52234172821
        max: 26.9814777374
        mean: 7.14437294006
        median: 6.07109832764
        min: 2.23150205612
        var: 14.9542169571
    spectral_decrease:
        dmean: 1.91875043631e-010
        dmean2: 3.0698851794e-010
        dvar: 8.44413822016e-020
        dvar2: 2.04971711026e-019
        max: 6.54896648852e-029
        mean: -7.71531782906e-010
        median: -6.38082975346e-010
        min: -4.90713203405e-009
        var: 4.30875175754e-019
    spectral_energy:
        dmean: 0.000870874966495
        dmean2: 0.00138704560231
        dvar: 1.87122566331e-006
        dvar2: 4.46390049547e-006
        max: 0.0213902909309
        mean: 0.00348049867898
        median: 0.00280290399678
        min: 1.06933458648e-020
        var: 9.67626874626e-006
    spectral_energyband_high:
        dmean: 0.000188019679626
        dmean2: 0.000311691692332
        dvar: 1.60725321052e-007
        dvar2: 4.14204464505e-007
        max: 0.00907328166068
        mean: 0.000391976645915
        median: 0.000118621050206
        min: 7.68876819389e-021
        var: 3.75593884883e-007
    spectral_energyband_low:
        dmean: 0.000190366510651
        dmean2: 0.000310787901981
        dvar: 9.68393791823e-008
        dvar2: 2.55503721291e-007
        max: 0.00441441871226
        mean: 0.000342398008797
        median: 0.000206340453587
        min: 2.60521298172e-023
        var: 1.76753161441e-007
    spectral_energyband_middle_high:
        dmean: 0.000478007510537
        dmean2: 0.000732340035029
        dvar: 6.2321794303e-007
        dvar2: 1.34062293e-006
        max: 0.0188137963414
        mean: 0.00170840823557
        median: 0.00109941954724
        min: 1.35400227136e-021
        var: 4.01578608944e-006
    spectral_energyband_middle_low:
        dmean: 0.000423079647589
        dmean2: 0.000695305992849
        dvar: 4.31644252785e-007
        dvar2: 1.15559271308e-006
        max: 0.0115134175867
        mean: 0.00114779081196
        median: 0.000890386290848
        min: 2.45582572946e-022
        var: 1.04737421225e-006
    spectral_flatness_db:
        dmean: 0.0139058567584
        dmean2: 0.0213211961091
        dvar: 0.000180669449037
        dvar2: 0.000376056908863
        max: 0.632818281651
        mean: 0.155634865165
        median: 0.144790485501
        min: 0.0353704206645
        var: 0.00324154528789
    spectral_flux:
        dmean: 0.00591647066176
        dmean2: 0.00915704481304
        dvar: 6.22699808446e-005
        dvar2: 0.000129877691506
        max: 0.14489543438
        mean: 0.0320048481226
        median: 0.0307516139001
        min: 6.90894078059e-011
        var: 0.000393892114516
    spectral_kurtosis:
        dmean: 1.84868621826
        dmean2: 3.03082156181
        dvar: 16.5783519745
        dvar2: 37.9551315308
        max: 189.93649292
        mean: 6.73219013214
        median: 4.12656927109
        min: -1.20482409
        var: 139.055145264
    spectral_rms:
        dmean: 0.000207938195672
        dmean2: 0.000324867054587
        dvar: 7.05745364371e-008
        dvar2: 1.63860647717e-007
        max: 0.00456821359694
        mean: 0.00164004962426
        median: 0.00165364460554
        min: 3.22994300576e-012
        var: 7.05844911408e-007
    spectral_rolloff:
        dmean: 398.571075439
        dmean2: 649.20916748
        dvar: 264189.15625
        dvar2: 586784.6875
        max: 19422.9492188
        mean: 2706.73144531
        median: 2885.44921875
        min: 172.265625
        var: 1597572.5
    spectral_skewness:
        dmean: 0.214648157358
        dmean2: 0.346986740828
        dvar: 0.0809532031417
        dvar2: 0.18643450737
        max: 11.6434516907
        mean: 1.70486676693
        median: 1.49153101444
        min: -0.0391651727259
        var: 1.02173995972
    spectral_spread:
        dmean: 361503.75
        dmean2: 534793.5625
        dvar: 284163112960
        dvar2: 458119708672
        max: 41487932
        mean: 4030800.25
        median: 3891888.75
        min: 554473.9375
        var: 1.7320387543e+012
    spectral_strongpeak:
        dmean: 0.353161841631
        dmean2: 0.603672385216
        dvar: 0.464467316866
        dvar2: 1.2054605484
        max: 12.2447929382
        mean: 0.549083650112
        median: 0.198910653591
        min: 7.55748741366e-010
        var: 0.945981383324
    zerocrossingrate:
        dmean: 0.00738578056917
        dmean2: 0.00874041207135
        dvar: 6.55456533423e-005
        dvar2: 8.6721709522e-005
        max: 0.50830078125
        mean: 0.0833885744214
        median: 0.08154296875
        min: 0.01220703125
        var: 0.00104475370608
    barkbands:
        dmean: [7.16993156402e-007, 6.23740561423e-005, 0.000118582189316, 9.53124035732e-005, 0.000195277680177, 0.00011838402861, 0.000100847842987, 9.19797312235e-005, 9.20942693483e-005, 9.53268463491e-005, 7.62435083743e-005, 8.07846154203e-005, 6.74947150401e-005, 5.02410293848e-005, 5.31531077286e-005, 6.49086505291e-005, 8.51220829645e-005, 0.000120472410345, 0.000175735680386, 0.000125606515212, 0.000106931955088, 3.06340480165e-005, 3.30594116349e-006, 1.02705280369e-006, 7.38211326734e-007, 2.02190584275e-008, 2.22566409747e-010]
        dmean2: [1.14363444936e-006, 0.000103373502498, 0.00019637341029, 0.000157294736709, 0.000331899616867, 0.000197600777028, 0.000164545272128, 0.00015000316489, 0.000150266074343, 0.000155795118189, 0.000124682483147, 0.000131942113512, 0.00011076436931, 8.23191876407e-005, 8.82085223566e-005, 0.000105487808469, 0.000137043505674, 0.000193570813281, 0.000283216242678, 0.000203099232749, 0.000180491944775, 5.33716956852e-005, 5.46185447092e-006, 1.55987436301e-006, 1.12852251277e-006, 3.17548369821e-008, 3.76057712748e-010]
        dvar: [2.96164807088e-012, 1.31428592454e-008, 4.11328322514e-008, 3.51790170328e-008, 1.52387244157e-007, 3.55751339498e-008, 3.16861417105e-008, 3.09931067477e-008, 4.00646307241e-008, 6.38154205035e-008, 3.30919682767e-008, 3.9796219653e-008, 2.63077701845e-008, 2.26107772505e-008, 1.31766588751e-008, 2.03657339881e-008, 3.18909449959e-008, 8.23743917522e-008, 1.73774566292e-007, 7.19802386584e-008, 5.89847353183e-008, 5.7995803715e-009, 4.95523934385e-011, 9.13475458469e-012, 5.80138714845e-012, 3.54927959547e-015, 1.49944890794e-019]
        dvar2: [6.93719777803e-012, 3.47533095635e-008, 1.11284883531e-007, 9.29071148903e-008, 4.25157338668e-007, 9.67250315398e-008, 8.14058438436e-008, 7.87312686157e-008, 1.02141129332e-007, 1.68854356275e-007, 8.6738175753e-008, 1.01785651907e-007, 6.62837393861e-008, 6.20865208134e-008, 3.42691812705e-008, 5.05274897478e-008, 7.70668506789e-008, 1.91451306364e-007, 4.09909404198e-007, 1.69823309193e-007, 1.56372550464e-007, 1.63927307284e-008, 1.2822476414e-010, 1.96724182083e-011, 1.18711741826e-011, 8.14823757105e-015, 4.06772890463e-019]
        max: [1.55214402184e-005, 0.00157110253349, 0.00290843378752, 0.00465702544898, 0.00771976262331, 0.00454217428342, 0.00365832261741, 0.00592388957739, 0.00425622100011, 0.0110144224018, 0.00702752824873, 0.00497229862958, 0.00554265780374, 0.00625999178737, 0.00281814485788, 0.0044731926173, 0.00526406895369, 0.00915326364338, 0.0149871222675, 0.00849229283631, 0.00492646126077, 0.00116358289961, 0.000148888109834, 8.54009049363e-005, 8.52010489325e-005, 2.18722516365e-006, 6.68245725421e-009]
        mean: [7.00934947417e-007, 8.42154113343e-005, 0.000174436150701, 0.000142721488373, 0.000300145533402, 0.00020617483824, 0.000161396543263, 0.000143248616951, 0.000155716421432, 0.000150713603944, 0.000125973034301, 0.000132202228997, 0.000117980169307, 8.33392696222e-005, 9.19872909435e-005, 0.000122659868794, 0.000157595146447, 0.000230396632105, 0.000373256072635, 0.000281967833871, 0.000187949583051, 4.56713169115e-005, 6.31409375274e-006, 2.2245362743e-006, 1.4683533891e-006, 3.63763739131e-008, 3.40856842751e-010]
        median: [8.20013568159e-008, 3.48189059878e-005, 8.9626191766e-005, 6.8514040322e-005, 0.000178016693098, 0.000114433707495, 7.60875773267e-005, 6.27074987278e-005, 5.71483360545e-005, 5.3915548051e-005, 4.62147108919e-005, 4.65721095679e-005, 3.97277472075e-005, 3.1099512853e-005, 4.14927162637e-005, 6.078246588e-005, 7.61241753935e-005, 0.00010344076145, 0.000136312126415, 9.1943948064e-005, 5.00193309563e-005, 1.32424684125e-005, 1.72455202119e-006, 5.6738326748e-007, 3.07177060677e-007, 8.76057981714e-009, 1.498772495e-010]
        min: [8.00710305992e-024, 3.73616554841e-024, 6.43135261288e-024, 9.08223369904e-024, 2.74257464902e-023, 1.63977518697e-023, 1.67394785252e-023, 3.3432698247e-023, 1.81599977122e-023, 7.63713155522e-023, 6.47455063605e-023, 2.83354798188e-023, 3.18537836788e-023, 8.53263888176e-023, 1.33517055859e-022, 1.1123311106e-022, 9.01891230749e-023, 7.2164244614e-023, 2.42163283751e-022, 1.51496647393e-022, 2.82996592228e-022, 4.15788287329e-022, 6.79637319499e-022, 7.28643075492e-022, 8.79506753517e-022, 1.68506808391e-021, 2.35027699862e-021]
        var: [3.08469222388e-012, 1.72708993773e-008, 6.0345328734e-008, 5.42497140543e-008, 1.72523925812e-007, 7.25049034145e-008, 5.87108495154e-008, 5.90182516191e-008, 8.61643769667e-008, 1.3110232544e-007, 7.16592936101e-008, 7.75995090407e-008, 7.02161315758e-008, 4.05152391636e-008, 2.68050719399e-008, 4.852641311e-008, 7.57389528871e-008, 2.11964945152e-007, 5.32599813141e-007, 2.58681694731e-007, 1.03681372821e-007, 6.35642027902e-009, 1.11435936867e-010, 2.18127790136e-011, 1.48165715808e-011, 6.77464870972e-015, 2.53713897307e-019]
    frequency_bands:
        dmean: [7.16993156402e-007, 6.23740561423e-005, 0.000118582189316, 9.53124035732e-005, 0.000195277680177, 0.00011838402861, 0.000100847842987, 9.19797312235e-005, 9.20942693483e-005, 9.53268463491e-005, 7.62435083743e-005, 8.07846154203e-005, 6.74947150401e-005, 5.02410293848e-005, 5.31531077286e-005, 6.49086505291e-005, 8.51220829645e-005, 0.000120472410345, 0.000175735680386, 0.000125606515212, 0.000106931955088, 3.06340480165e-005, 3.30594116349e-006, 1.02705280369e-006, 7.38211326734e-007, 2.02190584275e-008, 2.22566409747e-010, 4.11113053322e-011]
        dmean2: [1.14363444936e-006, 0.000103373502498, 0.00019637341029, 0.000157294736709, 0.000331899616867, 0.000197600777028, 0.000164545272128, 0.00015000316489, 0.000150266074343, 0.000155795118189, 0.000124682483147, 0.000131942113512, 0.00011076436931, 8.23191876407e-005, 8.82085223566e-005, 0.000105487808469, 0.000137043505674, 0.000193570813281, 0.000283216242678, 0.000203099232749, 0.000180491944775, 5.33716956852e-005, 5.46185447092e-006, 1.55987436301e-006, 1.12852251277e-006, 3.17548369821e-008, 3.76057712748e-010, 7.64752844384e-011]
        dvar: [2.96164807088e-012, 1.31428592454e-008, 4.11328322514e-008, 3.51790170328e-008, 1.52387244157e-007, 3.55751339498e-008, 3.16861417105e-008, 3.09931067477e-008, 4.00646307241e-008, 6.38154205035e-008, 3.30919682767e-008, 3.9796219653e-008, 2.63077701845e-008, 2.26107772505e-008, 1.31766588751e-008, 2.03657339881e-008, 3.18909449959e-008, 8.23743917522e-008, 1.73774566292e-007, 7.19802386584e-008, 5.89847353183e-008, 5.7995803715e-009, 4.95523934385e-011, 9.13475458469e-012, 5.80138714845e-012, 3.54927959547e-015, 1.49944890794e-019, 6.33434112409e-021]
        dvar2: [6.93719777803e-012, 3.47533095635e-008, 1.11284883531e-007, 9.29071148903e-008, 4.25157338668e-007, 9.67250315398e-008, 8.14058438436e-008, 7.87312686157e-008, 1.02141129332e-007, 1.68854356275e-007, 8.6738175753e-008, 1.01785651907e-007, 6.62837393861e-008, 6.20865208134e-008, 3.42691812705e-008, 5.05274897478e-008, 7.70668506789e-008, 1.91451306364e-007, 4.09909404198e-007, 1.69823309193e-007, 1.56372550464e-007, 1.63927307284e-008, 1.2822476414e-010, 1.96724182083e-011, 1.18711741826e-011, 8.14823757105e-015, 4.06772890463e-019, 2.05274837178e-020]
        max: [1.55214402184e-005, 0.00157110253349, 0.00290843378752, 0.00465702544898, 0.00771976262331, 0.00454217428342, 0.00365832261741, 0.00592388957739, 0.00425622100011, 0.0110144224018, 0.00702752824873, 0.00497229862958, 0.00554265780374, 0.00625999178737, 0.00281814485788, 0.0044731926173, 0.00526406895369, 0.00915326364338, 0.0149871222675, 0.00849229283631, 0.00492646126077, 0.00116358289961, 0.000148888109834, 8.54009049363e-005, 8.52010489325e-005, 2.18722516365e-006, 6.68245725421e-009, 1.55337431806e-009]
        mean: [7.00934947417e-007, 8.42154113343e-005, 0.000174436150701, 0.000142721488373, 0.000300145533402, 0.00020617483824, 0.000161396543263, 0.000143248616951, 0.000155716421432, 0.000150713603944, 0.000125973034301, 0.000132202228997, 0.000117980169307, 8.33392696222e-005, 9.19872909435e-005, 0.000122659868794, 0.000157595146447, 0.000230396632105, 0.000373256072635, 0.000281967833871, 0.000187949583051, 4.56713169115e-005, 6.31409375274e-006, 2.2245362743e-006, 1.4683533891e-006, 3.63763739131e-008, 3.40856842751e-010, 3.15105407045e-011]
        median: [8.20013568159e-008, 3.48189059878e-005, 8.9626191766e-005, 6.8514040322e-005, 0.000178016693098, 0.000114433707495, 7.60875773267e-005, 6.27074987278e-005, 5.71483360545e-005, 5.3915548051e-005, 4.62147108919e-005, 4.65721095679e-005, 3.97277472075e-005, 3.1099512853e-005, 4.14927162637e-005, 6.078246588e-005, 7.61241753935e-005, 0.00010344076145, 0.000136312126415, 9.1943948064e-005, 5.00193309563e-005, 1.32424684125e-005, 1.72455202119e-006, 5.6738326748e-007, 3.07177060677e-007, 8.76057981714e-009, 1.498772495e-010, 7.79012011148e-012]
        min: [8.00710305992e-024, 3.73616554841e-024, 6.43135261288e-024, 9.08223369904e-024, 2.74257464902e-023, 1.63977518697e-023, 1.67394785252e-023, 3.3432698247e-023, 1.81599977122e-023, 7.63713155522e-023, 6.47455063605e-023, 2.83354798188e-023, 3.18537836788e-023, 8.53263888176e-023, 1.33517055859e-022, 1.1123311106e-022, 9.01891230749e-023, 7.2164244614e-023, 2.42163283751e-022, 1.51496647393e-022, 2.82996592228e-022, 4.15788287329e-022, 6.79637319499e-022, 7.28643075492e-022, 8.79506753517e-022, 1.68506808391e-021, 2.35027699862e-021, 7.62050842579e-022]
        var: [3.08469222388e-012, 1.72708993773e-008, 6.0345328734e-008, 5.42497140543e-008, 1.72523925812e-007, 7.25049034145e-008, 5.87108495154e-008, 5.90182516191e-008, 8.61643769667e-008, 1.3110232544e-007, 7.16592936101e-008, 7.75995090407e-008, 7.02161315758e-008, 4.05152391636e-008, 2.68050719399e-008, 4.852641311e-008, 7.57389528871e-008, 2.11964945152e-007, 5.32599813141e-007, 2.58681694731e-007, 1.03681372821e-007, 6.35642027902e-009, 1.11435936867e-010, 2.18127790136e-011, 1.48165715808e-011, 6.77464870972e-015, 2.53713897307e-019, 4.68321066935e-021]
    mfcc:
        mean: [-749.291687012, 120.492912292, -45.0177879333, 42.7832107544, -19.2543392181, -5.32530593872, 2.91724801064, -6.12651014328, -1.61804771423, -6.96752548218, -2.25199723244, -3.59026885033, -2.19155359268]
        cov: [[9442.78320313, -1019.66174316, -1028.38012695, 1675.55737305, -145.663253784, 662.47479248, 212.773834229, 112.91771698, 84.0356216431, -255.452087402, -149.636291504, -251.619216919, -20.4936084747], [-1019.66174316, 1036.50439453, -64.1688156128, -124.840736389, 120.941879272, -86.7220916748, 10.6180782318, -14.000418663, -44.7422599792, -28.334312439, -35.6258621216, 3.87251853943, -13.7520914078], [-1028.38012695, -64.1688156128, 532.917175293, -83.8406829834, 64.1394195557, -33.1254768372, -51.9116439819, 7.06558513641, 31.4025688171, 50.2992362976, 39.1586952209, 32.9368209839, -7.02706289291], [1675.55737305, -124.840736389, -83.8406829834, 706.056884766, 72.8600158691, 180.437026978, 81.0944366455, 2.8439078331, 69.9526672363, -50.1437683105, -41.847782135, -50.9192352295, -5.33882951736], [-145.663253784, 120.941879272, 64.1394195557, 72.8600158691, 164.923309326, 38.9346199036, 22.797164917, -2.72572588921, 8.46931934357, -2.44189620018, -16.5592269897, -4.89211511612, -3.41306638718], [662.47479248, -86.7220916748, -33.1254768372, 180.437026978, 38.9346199036, 181.045379639, 73.74609375, 24.3684978485, 23.2614707947, -18.2342758179, -9.75926971436, -12.669008255, -0.847306787968], [212.773834229, 10.6180782318, -51.9116439819, 81.0944366455, 22.797164917, 73.74609375, 159.32774353, 25.0005588531, 12.5677108765, -2.6540915966, -12.3858776093, -3.06001758575, -8.16129302979], [112.91771698, -14.000418663, 7.06558513641, 2.8439078331, -2.72572588921, 24.3684978485, 25.0005588531, 95.5319900513, 28.4384441376, 3.08109974861, 8.56116485596, 0.251970767975, 2.48166751862], [84.0356216431, -44.7422599792, 31.4025688171, 69.9526672363, 8.46931934357, 23.2614707947, 12.5677108765, 28.4384441376, 91.404510498, 31.9031200409, 5.48347806931, 0.896841943264, -3.10647773743], [-255.452087402, -28.334312439, 50.2992362976, -50.1437683105, -2.44189620018, -18.2342758179, -2.6540915966, 3.08109974861, 31.9031200409, 95.340927124, 42.8803672791, 7.53525972366, -1.81131720543], [-149.636291504, -35.6258621216, 39.1586952209, -41.847782135, -16.5592269897, -9.75926971436, -12.3858776093, 8.56116485596, 5.48347806931, 42.8803672791, 79.4497451782, 28.1191558838, 3.42487645149], [-251.619216919, 3.87251853943, 32.9368209839, -50.9192352295, -4.89211511612, -12.669008255, -3.06001758575, 0.251970767975, 0.896841943264, 7.53525972366, 28.1191558838, 72.4000244141, 22.4777545929], [-20.4936084747, -13.7520914078, -7.02706289291, -5.33882951736, -3.41306638718, -0.847306787968, -8.16129302979, 2.48166751862, -3.10647773743, -1.81131720543, 3.42487645149, 22.4777545929, 59.1593818665]]
        icov: [[0.000364500214346, 0.000231609141338, 0.000526096089743, -0.000649498775601, 0.00033019419061, -0.000582851527724, 0.000283826666418, -0.000403339130571, 0.000209602963878, 0.000260424159933, -4.39640243712e-005, 0.000447627535323, 0.000102208578028], [0.000231609141338, 0.00141368980985, 0.000670837645885, -0.000211316932109, -0.00109571649227, 0.00049309147289, -6.91799723427e-005, -0.000401865137974, 0.000367550150258, 0.000446566933533, 0.000199632966542, 2.31637714023e-005, 0.000433245731983], [0.000526096089743, 0.000670837645885, 0.00318397278897, -0.000665920844767, -0.00105011556298, -0.000514770392329, 0.0011735035805, -0.000829545373563, -0.000307256355882, -0.000127806284581, -0.000476182962302, -0.000313893862767, 0.000911807408556], [-0.000649498775601, -0.000211316932109, -0.000665920844767, 0.00356296589598, -0.00135112099815, -0.000542918976862, -0.000812272948679, 0.00178381928708, -0.00260896747932, 0.00121714582201, -0.000444254139438, 0.000602719432209, -0.000607306545135], [0.00033019419061, -0.00109571649227, -0.00105011556298, -0.00135112099815, 0.00891988538206, -0.00252371001989, -8.18691187305e-005, 0.000211147795198, 0.000498324807268, -0.000849528762046, 0.00176139653195, 0.000338041281793, -0.000158930226462], [-0.000582851527724, 0.00049309147289, -0.000514770392329, -0.000542918976862, -0.00252371001989, 0.0105940150097, -0.00361652392894, -0.000712406006642, -0.00074845564086, 0.00122371711768, -0.00114423246123, -0.00017623178428, -0.000528955890331], [0.000283826666418, -6.91799723427e-005, 0.0011735035805, -0.000812272948679, -8.18691187305e-005, -0.00361652392894, 0.0088573275134, -0.00223882053979, 0.000889127550181, -0.00171696324833, 0.00199520541355, -0.00156207173131, 0.00187975435983], [-0.000403339130571, -0.000401865137974, -0.000829545373563, 0.00178381928708, 0.000211147795198, -0.000712406006642, -0.00223882053979, 0.0134873464704, -0.00539968302473, 0.00248703639954, -0.00283729098737, 0.00141382182483, -0.00162366835866], [0.000209602963878, 0.000367550150258, -0.000307256355882, -0.00260896747932, 0.000498324807268, -0.00074845564086, 0.000889127550181, -0.00539968302473, 0.0172912422568, -0.00776974530891, 0.00386184547096, -0.00243746372871, 0.00162593333516], [0.000260424159933, 0.000446566933533, -0.000127806284581, 0.00121714582201, -0.000849528762046, 0.00122371711768, -0.00171696324833, 0.00248703639954, -0.00776974530891, 0.0190220717341, -0.0103840520605, 0.00431459816173, -0.000947760068811], [-4.39640243712e-005, 0.000199632966542, -0.000476182962302, -0.000444254139438, 0.00176139653195, -0.00114423246123, 0.00199520541355, -0.00283729098737, 0.00386184547096, -0.0103840520605, 0.0216147117317, -0.00829048920423, 0.00219754036516], [0.000447627535323, 2.31637714023e-005, -0.000313893862767, 0.000602719432209, 0.000338041281793, -0.00017623178428, -0.00156207173131, 0.00141382182483, -0.00243746372871, 0.00431459816173, -0.00829048920423, 0.021008213982, -0.00757832452655], [0.000102208578028, 0.000433245731983, 0.000911807408556, -0.000607306545135, -0.000158930226462, -0.000528955890331, 0.00187975435983, -0.00162366835866, 0.00162593333516, -0.000947760068811, 0.00219754036516, -0.00757832452655, 0.0202123373747]]
    sccoeffs:
        dmean: [0.0505266413093, 0.0453776679933, 0.0378522910178, 0.0290335603058, 0.0197661519051, 0.0184452757239]
        dmean2: [0.0841851755977, 0.0759517997503, 0.0629862472415, 0.0479221306741, 0.0323709845543, 0.0296752806753]
        dvar: [0.00160984683316, 0.0012751345057, 0.000866336631589, 0.000548119714949, 0.00026352511486, 0.000358450779459]
        dvar2: [0.0044892700389, 0.00359864369966, 0.00236584991217, 0.00141701102257, 0.0006597978645, 0.000884712149855]
        max: [-0.410313010216, -0.436223506927, -0.394947826862, -0.544562578201, -0.59417963028, -0.563701331615]
        mean: [-0.687315881252, -0.757624745369, -0.779744029045, -0.785495400429, -0.795488774776, -0.745272278786]
        median: [-0.689305365086, -0.763253629208, -0.787025392056, -0.791847109795, -0.800529301167, -0.745294749737]
        min: [-0.967008769512, -0.979672133923, -0.989464521408, -0.996789515018, -0.986699223518, -0.963685274124]
        var: [0.00444994447753, 0.00383642292581, 0.00345300557092, 0.00232252059504, 0.00132405105978, 0.00215484853834]
    scvalleys:
        dmean: [0.38870421052, 0.343610435724, 0.287055075169, 0.248640328646, 0.217175126076, 0.228243947029]
        dmean2: [0.643475592136, 0.571406722069, 0.467637330294, 0.38624933362, 0.322955697775, 0.324298977852]
        dvar: [0.119329534471, 0.107889831066, 0.0742337778211, 0.0644455701113, 0.0707311928272, 0.0983408167958]
        dvar2: [0.277595669031, 0.258732110262, 0.160511180758, 0.122308380902, 0.128548368812, 0.189903482795]
        max: [-5.002409935, -4.65473461151, -5.12092685699, -5.61627674103, -5.34458112717, -7.72337675095]
        mean: [-7.12368011475, -6.70885467529, -7.08207607269, -7.61281871796, -7.67395401001, -10.522313118]
        median: [-6.79926633835, -6.57270288467, -6.90153980255, -7.30989170074, -7.33395910263, -10.1819458008]
        min: [-27.4552631378, -27.5971221924, -27.4404258728, -27.5663661957, -27.4198951721, -27.3723773956]
        var: [1.46748828888, 0.829860150814, 1.01397001743, 1.34981536865, 2.0678627491, 2.22748494148]

rhythm:
    beats_loudness:
        dmean: 0.00157121417578
        dmean2: 0.00271914410405
        dvar: 3.51224889528e-006
        dvar2: 1.02060885183e-005
        max: 0.0195749867707
        mean: 0.0046266419813
        median: 0.00413005845621
        min: 3.61102138413e-006
        var: 1.35332129503e-005
    bpm: 165.377548218
    bpm_confidence: 0
    first_peak_bpm: 167
    first_peak_spread: 0
    first_peak_weight: 0.424408018589
    onset_rate: 2.54131937027
    second_peak_bpm: 161
    second_peak_spread: 0.255813926458
    second_peak_weight: 0.145719498396
    beats_loudness_band_ratio:
        dmean: [0.0784832313657, 0.091970577836, 0.0879817903042, 0.0906021073461, 0.0688304826617, 0.0727878212929]
        dmean2: [0.135405540466, 0.161349534988, 0.153085634112, 0.154609948397, 0.118688218296, 0.124874465168]
        dvar: [0.00726375356317, 0.00933811627328, 0.00929134711623, 0.0106541467831, 0.00553880957887, 0.00607533706352]
        dvar2: [0.0201384592801, 0.0264616627246, 0.0263358931988, 0.0292167104781, 0.0160004366189, 0.0178439468145]
        max: [0.73221218586, 0.885793507099, 0.998955011368, 0.836450695992, 0.732217609882, 0.756767570972]
        mean: [0.142495602369, 0.166680961847, 0.185136005282, 0.163191840053, 0.179262205958, 0.206623673439]
        median: [0.109518066049, 0.131338641047, 0.128143116832, 0.114485889673, 0.170757561922, 0.204257085919]
        min: [6.95564376656e-005, 0.000594877579715, 0.0055932328105, 7.23007105989e-005, 9.39626334002e-005, 1.44489586091e-005]
        var: [0.0145987942815, 0.0191161390394, 0.0308160372078, 0.0203654132783, 0.0111598102376, 0.024944851175]
