
metadata:
    version:
        essentia: "2.1-beta2"
    audio_properties:
        analysis_sample_rate: 44100
        bitrate: 320
        channels: 2
        equal_loudness: 1
        length: 177.110198975
        replay_gain: -12.3968105316
        downmix: "mix"
    tags:
        album: "Imaginaerum"
        artist: "Nightwish"
        comment: "www.NewAlbumReleases.net"
        date: "2011"
        genre: "Metal"
        title: "Arabesque"
        tracknumber: "7"

configuration:
    average_loudness:
        compute: 1
        frameSize: 88200
        hopSize: 44100
        silentFrames: "noise"
        windowType: "hann"
    general:
        analysisSampleRate: 44100
        endTime: 2000
        equalLoudness: 1
        nequalLoudness: 0
        shortSound: 0
        startTime: 0
    lowlevel:
        compute: 1
        frameSize: 2048
        hopSize: 1024
        zeroPadding: 0
        silentFrames: "noise"
        windowType: "blackmanharris62"
        mfccStats: ["mean", "cov", "icov"]
        stats: ["mean", "var", "median", "min", "max", "dmean", "dmean2", "dvar", "dvar2"]
    panning:
        compute: 0
        frameSize: 8192
        hopSize: 2048
        zeroPadding: 8192
        silentFrames: "noise"
        windowType: "hann"
        stats: ["copy"]
    rhythm:
        compute: 1
        maxTempo: 208
        minTempo: 40
        method: "degara"
        stats: ["mean", "var", "median", "min", "max", "dmean", "dmean2", "dvar", "dvar2"]
    segmentation:
        compute: 0
        cpw: 5
        inc1: 300
        inc2: 50
        minimumSegmentsLength: 10
        size1: 1000
        size2: 600
    sfx:
        compute: 1
        stats: ["mean", "var", "median", "min", "max", "dmean", "dmean2", "dvar", "dvar2"]
    svm:
        compute: 0
    tonal:
        compute: 1
        frameSize: 4096
        hopSize: 2048
        zeroPadding: 0
        silentFrames: "noise"
        windowType: "blackmanharris62"
        stats: ["mean", "var", "median", "min", "max", "dmean", "dmean2", "dvar", "dvar2"]

lowlevel:
    average_loudness: 0.733259916306
    barkbands_kurtosis:
        dmean: 0.851166129112
        dmean2: 1.42375576496
        dvar: 3.39665389061
        dvar2: 9.83596611023
        max: 73.0958328247
        mean: 0.0847234278917
        median: -0.645958960056
        min: -1.78945636749
        var: 6.75950574875
    barkbands_skewness:
        dmean: 0.338671565056
        dmean2: 0.55213111639
        dvar: 0.0999500900507
        dvar2: 0.262271016836
        max: 5.95939493179
        mean: 0.511622607708
        median: 0.500952005386
        min: -2.32947778702
        var: 0.67853063345
    barkbands_spread:
        dmean: 4.44072914124
        dmean2: 7.21583509445
        dvar: 15.322063446
        dvar2: 38.7404937744
        max: 61.1538848877
        mean: 26.027223587
        median: 26.3785400391
        min: 1.22284734249
        var: 61.4587898254
    dissonance:
        dmean: 0.0166886895895
        dmean2: 0.0286973267794
        dvar: 0.000227705735597
        dvar2: 0.000633891962934
        max: 0.500000119209
        mean: 0.472634971142
        median: 0.476665496826
        min: 0.271632343531
        var: 0.000384796090657
    hfc:
        dmean: 0.987052977085
        dmean2: 1.51484262943
        dvar: 2.12922644615
        dvar2: 4.78394508362
        max: 77.6521606445
        mean: 4.54181098938
        median: 3.43603682518
        min: 1.31975779995e-016
        var: 16.7628250122
    pitch:
        dmean: 208.708328247
        dmean2: 395.13861084
        dvar: 295340.21875
        dvar2: 833600.9375
        max: 4601.76513672
        mean: 431.112182617
        median: 232.461929321
        min: 43.0243911743
        var: 538920.1875
    pitch_instantaneous_confidence:
        dmean: 0.0789757743478
        dmean2: 0.128499776125
        dvar: 0.004241917748
        dvar2: 0.0105283558369
        max: 0.912430167198
        mean: 0.362748116255
        median: 0.340043485165
        min: 0.0750930905342
        var: 0.0183435641229
    pitch_salience:
        dmean: 0.0602127276361
        dmean2: 0.1016683653
        dvar: 0.00272018369287
        dvar2: 0.00778255006298
        max: 0.933815598488
        mean: 0.643042743206
        median: 0.646637678146
        min: 0.247807025909
        var: 0.0069026616402
    silence_rate_20dB:
        dmean: 0
        dmean2: 0
        dvar: 0
        dvar2: 0
        max: 1
        mean: 1
        median: 1
        min: 1
        var: 0
    silence_rate_30dB:
        dmean: 0
        dmean2: 0
        dvar: 0
        dvar2: 0
        max: 1
        mean: 1
        median: 1
        min: 1
        var: 0
    silence_rate_60dB:
        dmean: 0.0802307277918
        dmean2: 0.160482496023
        dvar: 0.073791526258
        dvar2: 0.157281562686
        max: 1
        mean: 0.489972472191
        median: 0
        min: 0
        var: 0.249910205603
    spectral_centroid:
        dmean: 192.545684814
        dmean2: 312.461669922
        dvar: 40844.15625
        dvar2: 86921.640625
        max: 10878.3769531
        mean: 1216.05273438
        median: 1139.88171387
        min: 123.733459473
        var: 380893.125
    spectral_complexity:
        dmean: 2.20686936378
        dmean2: 3.54870843887
        dvar: 4.82777833939
        dvar2: 11.5029125214
        max: 44
        mean: 11.7218503952
        median: 11
        min: 0
        var: 58.2289505005
    spectral_crest:
        dmean: 1.92401528358
        dmean2: 3.24152135849
        dvar: 3.06217908859
        dvar2: 8.43595027924
        max: 19.9832992554
        mean: 6.28362560272
        median: 5.65597677231
        min: 2.33218932152
        var: 6.06123924255
    spectral_decrease:
        dmean: 2.38068509351e-010
        dmean2: 3.75242975581e-010
        dvar: 8.78465939778e-020
        dvar2: 1.98939535183e-019
        max: 2.33751008093e-028
        mean: -9.26293264314e-010
        median: -7.79353914737e-010
        min: -4.90825113886e-009
        var: 4.82801076815e-019
    spectral_energy:
        dmean: 0.000961496552918
        dmean2: 0.0015080946032
        dvar: 1.4250501863e-006
        dvar2: 3.19593277709e-006
        max: 0.0255681890994
        mean: 0.00390800274909
        median: 0.00324789178558
        min: 1.10883593424e-020
        var: 8.68836923473e-006
    spectral_energyband_high:
        dmean: 4.95729764225e-005
        dmean2: 7.64470241847e-005
        dvar: 1.01117860751e-008
        dvar2: 2.32655619214e-008
        max: 0.00470467796549
        mean: 0.000125375925563
        median: 7.37607551855e-005
        min: 8.21106570385e-021
        var: 2.93208568536e-008
    spectral_energyband_low:
        dmean: 0.000451625091955
        dmean2: 0.000774398678914
        dvar: 4.92133835905e-007
        dvar2: 1.31566753225e-006
        max: 0.00863946322352
        mean: 0.0006063869223
        median: 0.000373434770154
        min: 5.30531299302e-023
        var: 5.70489589791e-007
    spectral_energyband_middle_high:
        dmean: 0.00039638087037
        dmean2: 0.000631987815723
        dvar: 3.02655649875e-007
        dvar2: 7.60847058245e-007
        max: 0.0189072173089
        mean: 0.00160428357776
        median: 0.00115818378981
        min: 1.25291993213e-021
        var: 2.21607319872e-006
    spectral_energyband_middle_low:
        dmean: 0.000608131231274
        dmean2: 0.000978004536591
        dvar: 6.25663744813e-007
        dvar2: 1.53441169459e-006
        max: 0.0103919291869
        mean: 0.00173459714279
        median: 0.0014465614222
        min: 3.14432106077e-022
        var: 2.03947638511e-006
    spectral_flatness_db:
        dmean: 0.0143816247582
        dmean2: 0.0235073994845
        dvar: 0.00020033189503
        dvar2: 0.00051002408145
        max: 0.392293065786
        mean: 0.139726370573
        median: 0.136398255825
        min: 0.0492537245154
        var: 0.00109068548772
    spectral_flux:
        dmean: 0.00579835055396
        dmean2: 0.00922796968371
        dvar: 3.87535474147e-005
        dvar2: 8.53200690472e-005
        max: 0.115232490003
        mean: 0.0339636467397
        median: 0.0343084298074
        min: 1.05301281583e-010
        var: 0.000274055026239
    spectral_kurtosis:
        dmean: 1.67877650261
        dmean2: 2.8472969532
        dvar: 6.30284976959
        dvar2: 18.1193466187
        max: 58.4627494812
        mean: 5.92592430115
        median: 4.91854381561
        min: -1.18452012539
        var: 23.9984493256
    spectral_rms:
        dmean: 0.000227985859965
        dmean2: 0.000353665556759
        dvar: 5.98446945332e-008
        dvar2: 1.2762457402e-007
        max: 0.00499445432797
        mean: 0.00176740414463
        median: 0.00178007723298
        min: 3.28905934606e-012
        var: 6.88943657678e-007
    spectral_rolloff:
        dmean: 424.123199463
        dmean2: 717.113525391
        dvar: 235116.4375
        dvar2: 545178.75
        max: 19186.0839844
        mean: 2389.66748047
        median: 2605.51757813
        min: 129.19921875
        var: 985208.125
    spectral_skewness:
        dmean: 0.195278733969
        dmean2: 0.324283897877
        dvar: 0.0479848943651
        dvar2: 0.129215940833
        max: 6.03972196579
        mean: 1.75795280933
        median: 1.69197273254
        min: -0.00747937941924
        var: 0.249163925648
    spectral_spread:
        dmean: 423573.71875
        dmean2: 613791.125
        dvar: 349943889920
        dvar2: 582972801024
        max: 39648468
        mean: 4157462.5
        median: 3827405.75
        min: 1106710.125
        var: 2.62525052518e+012
    spectral_strongpeak:
        dmean: 0.346876502037
        dmean2: 0.607288658619
        dvar: 0.352645009756
        dvar2: 0.940102458
        max: 10.4909362793
        mean: 0.478665173054
        median: 0.191509142518
        min: 3.37862271493e-009
        var: 0.512747943401
    zerocrossingrate:
        dmean: 0.00655108550563
        dmean2: 0.00839834753424
        dvar: 5.71959462832e-005
        dvar2: 7.31337422621e-005
        max: 0.5283203125
        mean: 0.0746984556317
        median: 0.07275390625
        min: 0.0087890625
        var: 0.000797717832029
    barkbands:
        dmean: [9.578617437e-007, 0.000117923875223, 0.000311630574288, 0.000180610601092, 0.000312740769004, 0.00017125433078, 0.000153604560182, 0.000138750692713, 0.000124475322082, 0.000126047816593, 0.000109760039777, 9.81269040494e-005, 9.49247259996e-005, 4.55159861303e-005, 5.11665311933e-005, 5.07477598148e-005, 9.20470265555e-005, 0.000106762199721, 9.58088421612e-005, 4.16866023443e-005, 2.69199099421e-005, 9.89993168332e-006, 1.83025065326e-006, 7.45169529637e-007, 4.29098378163e-007, 2.41895161679e-008, 3.28892801882e-010]
        dmean2: [1.62885919508e-006, 0.000204806492548, 0.000538050779141, 0.00030970107764, 0.000529761309735, 0.000280249747448, 0.000249395379797, 0.000225721785682, 0.000205299613299, 0.000206583339605, 0.000182665418833, 0.000163642936968, 0.000155614936375, 7.55787041271e-005, 8.42782246764e-005, 8.47506744321e-005, 0.000153599787154, 0.000176446323167, 0.000160182724358, 6.81984311086e-005, 4.35686670244e-005, 1.57301656145e-005, 2.858592552e-006, 1.09876123133e-006, 6.28416671589e-007, 3.53601130598e-008, 5.25782972716e-010]
        dvar: [2.09504245549e-012, 2.48309390827e-008, 2.73713226306e-007, 1.04366748133e-007, 2.2682345957e-007, 6.70976874062e-008, 5.5925958975e-008, 4.72030450283e-008, 5.29882910882e-008, 3.5754677441e-008, 3.84105049989e-008, 3.93516508268e-008, 5.56760859638e-008, 1.47014542762e-008, 6.68311361807e-009, 6.4397434052e-009, 3.19886375166e-008, 3.79509437209e-008, 2.94634787679e-008, 4.58151916405e-009, 5.72492808715e-009, 6.35379249214e-010, 1.06130087357e-011, 2.09327780804e-012, 6.707925773e-013, 2.27019949402e-015, 2.50191813958e-019]
        dvar2: [5.88739517207e-012, 6.98127848864e-008, 7.32674948267e-007, 2.81147549686e-007, 6.18453896095e-007, 1.69669490901e-007, 1.35705164439e-007, 1.15968703085e-007, 1.29817621541e-007, 9.16094649028e-008, 1.0388919236e-007, 1.05891771796e-007, 1.42691646943e-007, 3.94798789216e-008, 1.6153096638e-008, 1.73350453991e-008, 8.35748537042e-008, 9.72331690718e-008, 7.96017403104e-008, 1.21995480384e-008, 1.34549758002e-008, 1.78498993364e-009, 2.63884990248e-011, 4.93012965522e-012, 1.51842188996e-012, 5.14723456728e-015, 6.16210730562e-019]
        max: [2.4181777917e-005, 0.00165241223294, 0.00715803541243, 0.00585035001859, 0.00699426792562, 0.00517607294023, 0.00574254011735, 0.00398458959535, 0.00646347040311, 0.00310775428079, 0.00349595909938, 0.00342707126401, 0.00609060190618, 0.00540925608948, 0.00317310076207, 0.00188943406101, 0.00645210780203, 0.00885506719351, 0.0072383088991, 0.00170239899307, 0.00401637563482, 0.00140154082328, 7.5772361015e-005, 3.52892857336e-005, 2.04828811547e-005, 1.00835620742e-006, 9.30079657735e-009]
        mean: [1.09132645321e-006, 0.000139367912197, 0.000336952070938, 0.00020707337535, 0.000461694988189, 0.000286575144855, 0.000270464341156, 0.000229830737226, 0.000214419560507, 0.000206059019547, 0.000171715510078, 0.000165586272487, 0.000164733763086, 8.41755318106e-005, 9.12891337066e-005, 9.92956920527e-005, 0.000172038533492, 0.000227305616136, 0.000201555521926, 9.66166917351e-005, 5.52814162802e-005, 1.91612598428e-005, 3.5697507883e-006, 1.37550239288e-006, 7.40665427656e-007, 3.51323699022e-008, 4.49908388322e-010]
        median: [4.5345836952e-007, 8.00136476755e-005, 0.000157774979016, 0.000101759040263, 0.000309015624225, 0.000174480868736, 0.000135638169013, 0.000122492114315, 9.35477219173e-005, 0.000117015842989, 7.79787587817e-005, 6.88491054461e-005, 5.35565595783e-005, 3.65052765119e-005, 5.54055841349e-005, 6.43039238639e-005, 0.000101631834696, 0.000140371077578, 0.000123153236927, 5.80059240747e-005, 3.05896282953e-005, 1.03027487057e-005, 1.75993477569e-006, 5.41253655229e-007, 2.4952200306e-007, 1.06521742538e-008, 2.27298763145e-010]
        min: [2.2311599107e-023, 1.73852542617e-023, 8.11790567381e-024, 2.11603528568e-023, 2.49351453739e-023, 8.14941404054e-023, 3.69780063935e-023, 7.52234976916e-023, 6.28312186226e-023, 2.70634889407e-023, 6.45713574271e-023, 6.00469182804e-023, 1.43306743962e-022, 6.78047405054e-023, 1.43460893694e-022, 1.44812950798e-022, 1.54964921694e-022, 1.95527101833e-022, 1.61529203681e-022, 3.30112439441e-022, 4.05097770559e-022, 4.45428025592e-022, 6.67637949958e-022, 7.64704545421e-022, 1.2318656006e-021, 1.87706668034e-021, 2.99951462281e-021]
        var: [2.56651080596e-012, 3.01316447349e-008, 2.73995453881e-007, 1.11710335204e-007, 2.90951163606e-007, 1.42715663287e-007, 1.7405585595e-007, 1.00230927558e-007, 1.28490540874e-007, 7.08383822712e-008, 6.68631940925e-008, 7.66530448004e-008, 1.14414518748e-007, 6.05088388284e-008, 1.75140186798e-008, 1.57987258831e-008, 6.29938980978e-008, 8.49835544159e-008, 6.63338042273e-008, 1.38660167792e-008, 1.00251194013e-008, 1.0922796001e-009, 2.4040375593e-011, 5.24021060919e-012, 1.5076005765e-012, 3.83768097325e-015, 3.85282712299e-019]
    frequency_bands:
        dmean: [9.578617437e-007, 0.000117923875223, 0.000311630574288, 0.000180610601092, 0.000312740769004, 0.00017125433078, 0.000153604560182, 0.000138750692713, 0.000124475322082, 0.000126047816593, 0.000109760039777, 9.81269040494e-005, 9.49247259996e-005, 4.55159861303e-005, 5.11665311933e-005, 5.07477598148e-005, 9.20470265555e-005, 0.000106762199721, 9.58088421612e-005, 4.16866023443e-005, 2.69199099421e-005, 9.89993168332e-006, 1.83025065326e-006, 7.45169529637e-007, 4.29098378163e-007, 2.41895161679e-008, 3.28892801882e-010, 4.64382178544e-011]
        dmean2: [1.62885919508e-006, 0.000204806492548, 0.000538050779141, 0.00030970107764, 0.000529761309735, 0.000280249747448, 0.000249395379797, 0.000225721785682, 0.000205299613299, 0.000206583339605, 0.000182665418833, 0.000163642936968, 0.000155614936375, 7.55787041271e-005, 8.42782246764e-005, 8.47506744321e-005, 0.000153599787154, 0.000176446323167, 0.000160182724358, 6.81984311086e-005, 4.35686670244e-005, 1.57301656145e-005, 2.858592552e-006, 1.09876123133e-006, 6.28416671589e-007, 3.53601130598e-008, 5.25782972716e-010, 8.6085083506e-011]
        dvar: [2.09504245549e-012, 2.48309390827e-008, 2.73713226306e-007, 1.04366748133e-007, 2.2682345957e-007, 6.70976874062e-008, 5.5925958975e-008, 4.72030450283e-008, 5.29882910882e-008, 3.5754677441e-008, 3.84105049989e-008, 3.93516508268e-008, 5.56760859638e-008, 1.47014542762e-008, 6.68311361807e-009, 6.4397434052e-009, 3.19886375166e-008, 3.79509437209e-008, 2.94634787679e-008, 4.58151916405e-009, 5.72492808715e-009, 6.35379249214e-010, 1.06130087357e-011, 2.09327780804e-012, 6.707925773e-013, 2.27019949402e-015, 2.50191813958e-019, 5.64192955907e-021]
        dvar2: [5.88739517207e-012, 6.98127848864e-008, 7.32674948267e-007, 2.81147549686e-007, 6.18453896095e-007, 1.69669490901e-007, 1.35705164439e-007, 1.15968703085e-007, 1.29817621541e-007, 9.16094649028e-008, 1.0388919236e-007, 1.05891771796e-007, 1.42691646943e-007, 3.94798789216e-008, 1.6153096638e-008, 1.73350453991e-008, 8.35748537042e-008, 9.72331690718e-008, 7.96017403104e-008, 1.21995480384e-008, 1.34549758002e-008, 1.78498993364e-009, 2.63884990248e-011, 4.93012965522e-012, 1.51842188996e-012, 5.14723456728e-015, 6.16210730562e-019, 1.79155720763e-020]
        max: [2.4181777917e-005, 0.00165241223294, 0.00715803541243, 0.00585035001859, 0.00699426792562, 0.00517607294023, 0.00574254011735, 0.00398458959535, 0.00646347040311, 0.00310775428079, 0.00349595909938, 0.00342707126401, 0.00609060190618, 0.00540925608948, 0.00317310076207, 0.00188943406101, 0.00645210780203, 0.00885506719351, 0.0072383088991, 0.00170239899307, 0.00401637563482, 0.00140154082328, 7.5772361015e-005, 3.52892857336e-005, 2.04828811547e-005, 1.00835620742e-006, 9.30079657735e-009, 1.15269505052e-009]
        mean: [1.09132645321e-006, 0.000139367912197, 0.000336952070938, 0.00020707337535, 0.000461694988189, 0.000286575144855, 0.000270464341156, 0.000229830737226, 0.000214419560507, 0.000206059019547, 0.000171715510078, 0.000165586272487, 0.000164733763086, 8.41755318106e-005, 9.12891337066e-005, 9.92956920527e-005, 0.000172038533492, 0.000227305616136, 0.000201555521926, 9.66166917351e-005, 5.52814162802e-005, 1.91612598428e-005, 3.5697507883e-006, 1.37550239288e-006, 7.40665427656e-007, 3.51323699022e-008, 4.49908388322e-010, 3.61311536246e-011]
        median: [4.5345836952e-007, 8.00136476755e-005, 0.000157774979016, 0.000101759040263, 0.000309015624225, 0.000174480868736, 0.000135638169013, 0.000122492114315, 9.35477219173e-005, 0.000117015842989, 7.79787587817e-005, 6.88491054461e-005, 5.35565595783e-005, 3.65052765119e-005, 5.54055841349e-005, 6.43039238639e-005, 0.000101631834696, 0.000140371077578, 0.000123153236927, 5.80059240747e-005, 3.05896282953e-005, 1.03027487057e-005, 1.75993477569e-006, 5.41253655229e-007, 2.4952200306e-007, 1.06521742538e-008, 2.27298763145e-010, 1.10684846705e-011]
        min: [2.2311599107e-023, 1.73852542617e-023, 8.11790567381e-024, 2.11603528568e-023, 2.49351453739e-023, 8.14941404054e-023, 3.69780063935e-023, 7.52234976916e-023, 6.28312186226e-023, 2.70634889407e-023, 6.45713574271e-023, 6.00469182804e-023, 1.43306743962e-022, 6.78047405054e-023, 1.43460893694e-022, 1.44812950798e-022, 1.54964921694e-022, 1.95527101833e-022, 1.61529203681e-022, 3.30112439441e-022, 4.05097770559e-022, 4.45428025592e-022, 6.67637949958e-022, 7.64704545421e-022, 1.2318656006e-021, 1.87706668034e-021, 2.99951462281e-021, 8.53409568698e-022]
        var: [2.56651080596e-012, 3.01316447349e-008, 2.73995453881e-007, 1.11710335204e-007, 2.90951163606e-007, 1.42715663287e-007, 1.7405585595e-007, 1.00230927558e-007, 1.28490540874e-007, 7.08383822712e-008, 6.68631940925e-008, 7.66530448004e-008, 1.14414518748e-007, 6.05088388284e-008, 1.75140186798e-008, 1.57987258831e-008, 6.29938980978e-008, 8.49835544159e-008, 6.63338042273e-008, 1.38660167792e-008, 1.00251194013e-008, 1.0922796001e-009, 2.4040375593e-011, 5.24021060919e-012, 1.5076005765e-012, 3.83768097325e-015, 3.85282712299e-019, 4.44221434438e-021]
    mfcc:
        mean: [-746.063232422, 130.187454224, -44.095954895, 42.2615661621, -13.8442735672, -3.21858096123, 1.74388873577, 1.04693996906, -2.65076565742, -7.31443023682, -0.290139734745, -3.83022880554, -1.99852788448]
        cov: [[13035.0302734, 2553.40063477, -1248.63012695, 1275.30737305, -697.308349609, -112.357086182, -93.243598938, 10.559627533, -78.3854522705, -175.236206055, 55.3177337646, -50.8128738403, -42.0633506775], [2553.40063477, 1228.63146973, -325.67666626, 408.703979492, -91.5860748291, -46.6288337708, -9.77139282227, 4.70254230499, -5.00402116776, -41.4705352783, 3.10129570961, -43.6692008972, -7.9549241066], [-1248.63012695, -325.67666626, 612.476013184, -155.449432373, 83.921585083, 45.0831451416, -2.70360350609, -20.5363922119, 32.3976516724, 53.9456214905, -21.7679862976, 8.41445541382, 1.49615454674], [1275.30737305, 408.703979492, -155.449432373, 322.17868042, -40.6841888428, -3.47263145447, -26.7294883728, -4.4035654068, 10.5175123215, -20.6160545349, 9.03695774078, -25.3294353485, -7.72691202164], [-697.308349609, -91.5860748291, 83.921585083, -40.6841888428, 116.622627258, 27.7336387634, 12.8567810059, 0.285271078348, 9.62791061401, 11.0566644669, -3.9576292038, -2.27815079689, 0.471400052309], [-112.357086182, -46.6288337708, 45.0831451416, -3.47263145447, 27.7336387634, 68.0051879883, 21.5022888184, 0.747839093208, 5.65198898315, 2.95284819603, 0.838162124157, -0.870733261108, -4.13621520996], [-93.243598938, -9.77139282227, -2.70360350609, -26.7294883728, 12.8567810059, 21.5022888184, 68.8178482056, 18.3583145142, -2.9881169796, 2.92333865166, 1.19683289528, 7.24287462234, 1.22182524204], [10.559627533, 4.70254230499, -20.5363922119, -4.4035654068, 0.285271078348, 0.747839093208, 18.3583145142, 50.0460090637, 10.7441797256, -2.2412571907, 4.54280138016, 3.80580163002, 1.34159755707], [-78.3854522705, -5.00402116776, 32.3976516724, 10.5175123215, 9.62791061401, 5.65198898315, -2.9881169796, 10.7441797256, 46.3998947144, 17.9009361267, 0.0908181294799, -1.30547559261, 1.13880681992], [-175.236206055, -41.4705352783, 53.9456214905, -20.6160545349, 11.0566644669, 2.95284819603, 2.92333865166, -2.2412571907, 17.9009361267, 48.2105445862, 11.0220127106, 3.98471331596, 3.00735330582], [55.3177337646, 3.10129570961, -21.7679862976, 9.03695774078, -3.9576292038, 0.838162124157, 1.19683289528, 4.54280138016, 0.0908181294799, 11.0220127106, 40.9879570007, 17.1369628906, -0.0218790266663], [-50.8128738403, -43.6692008972, 8.41445541382, -25.3294353485, -2.27815079689, -0.870733261108, 7.24287462234, 3.80580163002, -1.30547559261, 3.98471331596, 17.1369628906, 45.4675559998, 15.4289169312], [-42.0633506775, -7.9549241066, 1.49615454674, -7.72691202164, 0.471400052309, -4.13621520996, 1.22182524204, 1.34159755707, 1.13880681992, 3.00735330582, -0.0218790266663, 15.4289169312, 38.8955459595]]
        icov: [[0.000231519079534, -0.000248911848757, 0.00010313725943, -0.000452186155599, 0.00100263522472, -0.000329319271259, 8.57597042341e-005, -9.75651928457e-005, 0.000241581583396, 1.25752660551e-006, 9.78179377853e-005, -0.000301128544379, 0.000171504085301], [-0.000248911848757, 0.00184072740376, 0.00011571538198, -0.00139446661342, -0.000799315923359, 0.00133784150239, -0.00100838614162, 0.000110354914796, -6.91358727636e-005, 7.58124515414e-005, 7.58402020438e-005, 0.000913598225452, -0.000360562728019], [0.00010313725943, 0.00011571538198, 0.00250460300595, 0.000438165385276, -0.000410587497754, -0.00135078688618, 0.000855253369082, 0.000693406153005, -0.0007503926754, -0.00210110307671, 0.0019477265887, -0.00097833678592, 0.000510057492647], [-0.000452186155599, -0.00139446661342, 0.000438165385276, 0.00733536109328, -0.00135845365003, -0.00152311369311, 0.00207015569322, 0.00110834103543, -0.00309267337434, 0.00167412916198, -0.00246110162698, 0.00254801404662, -0.000633614079561], [0.00100263522472, -0.000799315923359, -0.000410587497754, -0.00135845365003, 0.0149861974642, -0.00456481380388, -0.000654279312585, -0.000224628834985, -0.000209388192161, -0.000307655835059, 0.000286266993498, 0.000406585983001, -0.000103216327261], [-0.000329319271259, 0.00133784150239, -0.00135078688618, -0.00152311369311, -0.00456481380388, 0.0203100796789, -0.00740677351132, 0.00241740862839, -0.00261751422659, 0.00245605641976, -0.00226065190509, 0.00158004637342, 0.00128997373395], [8.57597042341e-005, -0.00100838614162, 0.000855253369082, 0.00207015569322, -0.000654279312585, -0.00740677351132, 0.0205542277545, -0.00794512592256, 0.00447390088812, -0.0036848327145, 0.00275860284455, -0.00346870580688, 0.000644941348583], [-9.75651928457e-005, 0.000110354914796, 0.000693406153005, 0.00110834103543, -0.000224628834985, 0.00241740862839, -0.00794512592256, 0.0259575489908, -0.00978215504438, 0.00561951845884, -0.00424057710916, 0.000674220733345, -0.000693314010277], [0.000241581583396, -6.91358727636e-005, -0.0007503926754, -0.00309267337434, -0.000209388192161, -0.00261751422659, 0.00447390088812, -0.00978215504438, 0.0309361610562, -0.0126725379378, 0.00478303525597, -0.00118242308963, 0.000128441039124], [1.25752660551e-006, 7.58124515414e-005, -0.00210110307671, 0.00167412916198, -0.000307655835059, 0.00245605641976, -0.0036848327145, 0.00561951845884, -0.0126725379378, 0.0316516309977, -0.012278733775, 0.00408088928089, -0.00308482907712], [9.78179377853e-005, 7.58402020438e-005, 0.0019477265887, -0.00246110162698, 0.000286266993498, -0.00226065190509, 0.00275860284455, -0.00424057710916, 0.00478303525597, -0.012278733775, 0.0364898405969, -0.0164913404733, 0.00674477173015], [-0.000301128544379, 0.000913598225452, -0.00097833678592, 0.00254801404662, 0.000406585983001, 0.00158004637342, -0.00346870580688, 0.000674220733345, -0.00118242308963, 0.00408088928089, -0.0164913404733, 0.0351084657013, -0.0135630443692], [0.000171504085301, -0.000360562728019, 0.000510057492647, -0.000633614079561, -0.000103216327261, 0.00128997373395, 0.000644941348583, -0.000693314010277, 0.000128441039124, -0.00308482907712, 0.00674477173015, -0.0135630443692, 0.0314368829131]]
    sccoeffs:
        dmean: [0.0550163090229, 0.0445962250233, 0.0368536226451, 0.028098737821, 0.0201438684016, 0.0149537818506]
        dmean2: [0.0927630066872, 0.0751746594906, 0.0621047616005, 0.0467125885189, 0.0332715660334, 0.0246781427413]
        dvar: [0.00191777490545, 0.00124029116705, 0.00085824157577, 0.000512862228788, 0.000289394083666, 0.00017058486992]
        dvar2: [0.00538038834929, 0.00344073469751, 0.00239015719853, 0.00140017911326, 0.000748533057049, 0.000440155854449]
        max: [-0.402904063463, -0.53095471859, -0.535160303116, -0.576558291912, -0.634914517403, -0.588523685932]
        mean: [-0.698909342289, -0.773793458939, -0.78895252943, -0.790473461151, -0.789785563946, -0.762937009335]
        median: [-0.695112586021, -0.774605512619, -0.79096275568, -0.791508197784, -0.789513528347, -0.758180618286]
        min: [-0.960749149323, -0.966723680496, -0.975939631462, -0.959637403488, -0.960007309914, -0.959741830826]
        var: [0.00586062436923, 0.00379359675571, 0.00349156581797, 0.00316947791725, 0.00248350272886, 0.00229207053781]
    scvalleys:
        dmean: [0.391881048679, 0.340331763029, 0.289169549942, 0.24212346971, 0.222388014197, 0.278392463923]
        dmean2: [0.66056406498, 0.568412065506, 0.474680572748, 0.388254702091, 0.33343988657, 0.381847530603]
        dvar: [0.131195962429, 0.11686989665, 0.0889136716723, 0.073848888278, 0.07608692348, 0.107333935797]
        dvar2: [0.291321843863, 0.236415430903, 0.165047317743, 0.124464482069, 0.121592603624, 0.194097295403]
        max: [-4.85244083405, -4.7316737175, -5.11878299713, -5.87374258041, -5.90610647202, -8.43417358398]
        mean: [-6.90994215012, -6.71121406555, -7.04245996475, -7.65089893341, -7.9221329689, -10.6800985336]
        median: [-6.41333341599, -6.19559383392, -6.58071756363, -7.21777486801, -7.43375778198, -10.1896514893]
        min: [-27.0841331482, -27.6647949219, -26.8363513947, -27.235452652, -27.2751026154, -27.2379589081]
        var: [4.02085494995, 4.01349210739, 3.50224065781, 3.06623387337, 3.27974677086, 3.22272777557]

rhythm:
    beats_loudness:
        dmean: 0.00206200801767
        dmean2: 0.00368830515072
        dvar: 5.39852817383e-006
        dvar2: 1.69714294316e-005
        max: 0.0202565584332
        mean: 0.00437893904746
        median: 0.00401919521391
        min: 4.98736295318e-011
        var: 1.01586801975e-005
    bpm: 114.851226807
    bpm_confidence: 0
    first_peak_bpm: 115
    first_peak_spread: 0.107382580638
    first_peak_weight: 0.764367818832
    onset_rate: 3.22962784767
    second_peak_bpm: 157
    second_peak_spread: 0
    second_peak_weight: 0.0287356320769
    beats_loudness_band_ratio:
        dmean: [0.123137146235, 0.111039295793, 0.0856609344482, 0.0738183408976, 0.0734220445156, 0.0421610400081]
        dmean2: [0.214291244745, 0.19565962255, 0.147881731391, 0.126685380936, 0.12642891705, 0.0734401419759]
        dvar: [0.0124415829778, 0.00938403233886, 0.00579767534509, 0.00430514290929, 0.00479835411534, 0.00162607512902]
        dvar2: [0.0354869551957, 0.0259000994265, 0.0164650287479, 0.0116927064955, 0.013280922547, 0.00453626411036]
        max: [0.797524094582, 0.680979251862, 0.516628324986, 0.735495746136, 0.514257192612, 0.368037253618]
        mean: [0.208912014961, 0.194343745708, 0.169792205095, 0.180171921849, 0.174431532621, 0.0847552716732]
        median: [0.163618147373, 0.175687029958, 0.151257142425, 0.151383846998, 0.152187794447, 0.0757888332009]
        min: [0, 0, 0, 0, 0, 0]
        var: [0.0249379239976, 0.0157688595355, 0.00932596251369, 0.0159932300448, 0.0111998319626, 0.00315821450204]
    beats_position: [0.53405892849, 1.09133780003, 1.62539684772, 2.14784574509, 2.67029476166, 3.19274377823, 3.7151927948, 4.23764181137, 4.76009082794, 5.28253936768, 5.80498838425, 6.32743740082, 6.84988641739, 7.37233543396, 7.89478445053, 8.4172334671, 8.93968200684, 9.46213150024, 9.98458003998, 10.5070295334, 11.0294780731, 11.5519275665, 12.0743761063, 12.5968255997, 13.1192741394, 13.6417226791, 14.1641721725, 14.6750106812, 15.1974601746, 15.7199087143, 16.242357254, 16.7648067474, 17.2872562408, 17.8097057343, 18.3321533203, 18.8546028137, 19.3770523071, 19.8994998932, 20.4219493866, 20.94439888, 21.4668483734, 21.9892959595, 22.5117454529, 23.0341949463, 23.5566444397, 24.0790920258, 24.6015415192, 25.1239910126, 25.6348285675, 26.1572780609, 26.6797275543, 27.2021770477, 27.7246246338, 28.2470741272, 28.7695236206, 29.291973114, 29.8144207001, 30.3252601624, 30.8477096558, 31.3701572418, 31.8926067352, 32.4150543213, 32.9375038147, 33.4599533081, 33.9824028015, 34.5048522949, 35.0273017883, 35.5497512817, 36.0722007751, 36.5946464539, 37.1170959473, 37.6395454407, 38.1619949341, 38.6844444275, 39.2068939209, 39.7293434143, 40.251789093, 40.7742385864, 41.2966880798, 41.8191375732, 42.3299751282, 42.8524246216, 43.374874115, 43.8973236084, 44.4197731018, 44.9422225952, 45.4646720886, 45.9871177673, 46.5095672607, 47.0320167542, 47.5544662476, 48.076915741, 48.5993652344, 49.1218147278, 49.6442604065, 50.1551017761, 50.6775512695, 51.2000007629, 51.7224464417, 52.2448959351, 52.7557373047, 53.2781867981, 53.8006324768, 54.3230819702, 54.8455314636, 55.367980957, 55.8904304504, 56.4128799438, 56.9353294373, 57.4693870544, 57.9918365479, 58.5142860413, 59.03673172, 59.5591812134, 60.0816307068, 60.6040802002, 61.1265296936, 61.648979187, 62.1714286804, 62.6822662354, 63.2047157288, 63.7271652222, 64.2496109009, 64.772064209, 65.2945098877, 65.8169631958, 66.3394088745, 66.8502502441, 67.3726959229, 67.895149231, 68.4175949097, 68.9400405884, 69.4624938965, 69.9849395752, 70.5073928833, 71.029838562, 71.5522918701, 72.0747375488, 72.5971832275, 73.1196365356, 73.6420822144, 74.1645355225, 74.6869812012, 75.2094345093, 75.731880188, 76.2543258667, 76.7767791748, 77.2992248535, 77.8216781616, 78.3441238403, 78.8665771484, 79.3890228271, 79.9114761353, 80.433921814, 80.9447631836, 81.4672088623, 81.9896621704, 82.5121078491, 83.0345535278, 83.5570068359, 84.0794525146, 84.6019058228, 85.1243515015, 85.6468048096, 86.1692504883, 86.7033081055, 87.2373657227, 87.7714233398, 88.3054885864, 88.8395462036, 89.3736038208, 89.9192733765, 90.4649429321, 90.9990005493, 91.5330581665, 92.0903396606, 92.6476211548, 93.181678772, 93.7157363892, 94.2381820679, 94.760635376, 95.2830810547, 95.8055343628, 96.3279800415, 96.8504257202, 97.3728790283, 97.895324707, 98.4177780151, 98.9402236938, 99.462677002, 99.9851226807, 100.507568359, 101.030021667, 101.552467346, 102.074920654, 102.597366333, 103.119819641, 103.64226532, 104.164710999, 104.675552368, 105.198005676, 105.720451355, 106.254508972, 106.77696228, 107.299407959, 107.821853638, 108.344306946, 108.866752625, 109.389205933, 109.911651611, 110.422492981, 110.94493866, 111.467391968, 111.989837646, 112.512290955, 113.034736633, 113.557182312, 114.07963562, 114.59047699, 115.10131073, 115.623764038, 116.146209717, 116.668663025, 117.191108704, 117.713554382, 118.23600769, 118.758453369, 119.280906677, 119.803352356, 120.325805664, 120.848251343, 121.370697021, 121.89315033, 122.415596008, 122.938049316, 123.460494995, 123.982948303, 124.505393982, 125.039451599, 125.561904907, 126.084350586, 126.606803894, 127.129249573, 127.651695251, 128.17414856, 128.696594238, 129.219039917, 129.741500854, 130.263946533, 130.786392212, 131.308837891, 131.831283569, 132.353744507, 132.864578247, 133.387023926, 133.909469604, 134.431930542, 134.954376221, 135.476821899, 135.98765564, 136.510116577, 137.032562256, 137.555007935, 138.077453613, 138.599899292, 139.122360229, 139.644805908, 140.167251587, 140.689697266, 141.200546265, 141.722991943, 142.245437622, 142.767883301, 143.290344238, 143.812789917, 144.335235596, 144.857681274, 145.380126953, 145.902587891, 146.425033569, 146.93586731, 147.458312988, 147.980773926, 148.503219604, 149.025665283, 149.548110962, 150.070556641, 150.593017578, 151.115463257, 151.637908936, 152.160354614, 152.682815552, 153.20526123, 153.727706909, 154.250152588, 154.772598267, 155.295059204, 155.817504883, 156.339950562, 156.850784302, 157.373245239, 157.895690918, 158.418136597, 158.940582275, 159.335327148, 159.730072021, 160.113189697, 160.496322632, 160.879455566, 161.274185181, 161.668930054, 162.052062988, 162.435195923, 162.818313599, 163.213058472, 163.619400024, 164.025756836, 164.443710327, 164.850067139, 165.233200073, 165.616317749, 165.999450684, 166.382583618, 166.719268799, 167.055953979, 167.392654419, 167.740951538, 168.147293091, 168.565261841, 168.983215332, 169.401168823, 169.749481201, 170.09777832, 170.446075439, 170.794372559, 171.142669678, 171.502578735, 171.850875854, 172.199172974, 172.628753662, 173.06993103, 173.49949646, 173.92906189, 174.358642578, 174.788208008, 175.217773438, 175.647338867, 176.065307617, 176.494873047]
    bpm_estimates: [112.347129822, 114.843765259, 114.843742371, 114.843742371, 114.843742371, 114.843742371, 114.843742371, 114.843849182, 114.843742371, 114.843742371, 114.843742371, 114.843742371, 114.843742371, 114.843742371, 114.843849182, 114.843635559, 114.843849182, 114.843635559, 114.843849182, 114.843635559, 114.843849182, 114.843635559, 114.843849182, 114.843849182, 114.843635559, 117.453948975, 114.843635559, 114.843849182, 114.843849182, 114.843635559, 114.843635559, 114.843635559, 114.844055176, 114.843635559, 114.843635559, 114.844055176, 114.843635559, 114.843635559, 114.843635559, 114.844055176, 114.843635559, 114.843635559, 114.843635559, 114.844055176, 114.843635559, 114.843635559, 117.454170227, 114.843635559, 114.843635559, 114.843635559, 114.844055176, 114.843635559, 114.843635559, 114.843635559, 114.844055176, 117.453727722, 114.843635559, 114.844055176, 114.843635559, 114.844055176, 114.843635559, 114.843635559, 114.843635559, 114.843635559, 114.843635559, 114.843635559, 114.843635559, 114.844474792, 114.843635559, 114.843635559, 114.843635559, 114.843635559, 114.843635559, 114.843635559, 114.844474792, 114.843635559, 114.843635559, 114.843635559, 117.454170227, 114.843635559, 114.843635559, 114.843635559, 114.843635559, 114.843635559, 114.843635559, 114.844474792, 114.843635559, 114.843635559, 114.843635559, 114.843635559, 114.843635559, 114.843635559, 114.844474792, 117.453292847, 114.843635559, 114.843635559, 114.844474792, 114.843635559, 117.453292847, 114.843635559, 114.844474792, 114.843635559, 114.843635559, 114.843635559, 114.843635559, 114.843635559, 114.843635559, 112.347427368, 114.843635559, 114.843635559, 114.844474792, 114.843635559, 114.843635559, 114.843635559, 114.843635559, 114.843635559, 114.843635559, 117.454170227, 114.843635559, 114.843635559, 114.844474792, 114.842796326, 114.844474792, 114.842796326, 114.844474792, 117.453292847, 114.844474792, 114.842796326, 114.844474792, 114.844474792, 114.842796326, 114.844474792, 114.842796326, 114.844474792, 114.842796326, 114.844474792, 114.844474792, 114.842796326, 114.844474792, 114.842796326, 114.844474792, 114.842796326, 114.844474792, 114.844474792, 114.842796326, 114.844474792, 114.842796326, 114.844474792, 114.842796326, 114.844474792, 114.842796326, 114.844474792, 117.453292847, 114.844474792, 114.842796326, 114.844474792, 114.844474792, 114.842796326, 114.844474792, 114.842796326, 114.844474792, 114.842796326, 114.844474792, 112.347427368, 112.347427368, 112.347427368, 112.345825195, 112.347427368, 112.347427368, 109.95665741, 109.95665741, 112.347427368, 112.347427368, 112.347427368, 112.347427368, 114.844474792, 114.842796326, 114.844474792, 114.842796326, 114.844474792, 114.844474792, 114.842796326, 114.844474792, 114.842796326, 114.844474792, 114.842796326, 114.844474792, 114.844474792, 114.842796326, 114.844474792, 114.842796326, 114.844474792, 114.842796326, 114.844474792, 114.844474792, 117.453292847, 114.842796326, 114.844474792, 112.347427368, 114.842796326, 114.844474792, 114.844474792, 114.842796326, 114.844474792, 114.842796326, 114.844474792, 117.453292847, 114.844474792, 114.842796326, 114.844474792, 114.842796326, 114.844474792, 114.844474792, 114.842796326, 117.453292847, 117.455047607, 114.842796326, 114.844474792, 114.842796326, 114.844474792, 114.844474792, 114.842796326, 114.844474792, 114.842796326, 114.844474792, 114.842796326, 114.844474792, 114.844474792, 114.842796326, 114.844474792, 114.842796326, 114.844474792, 114.842796326, 114.844474792, 112.347427368, 114.842796326, 114.844474792, 114.842796326, 114.844474792, 114.844474792, 114.842796326, 114.844474792, 114.844474792, 114.841117859, 114.844474792, 114.844474792, 114.844474792, 114.844474792, 114.841117859, 117.455047607, 114.844474792, 114.844474792, 114.841117859, 114.844474792, 114.844474792, 117.455047607, 114.841117859, 114.844474792, 114.844474792, 114.844474792, 114.844474792, 114.841117859, 114.844474792, 114.844474792, 114.844474792, 117.451538086, 114.844474792, 114.844474792, 114.844474792, 114.841117859, 114.844474792, 114.844474792, 114.844474792, 114.844474792, 114.841117859, 114.844474792, 117.455047607, 114.844474792, 114.841117859, 114.844474792, 114.844474792, 114.844474792, 114.844474792, 114.841117859, 114.844474792, 114.844474792, 114.844474792, 114.841117859, 114.844474792, 114.844474792, 114.844474792, 114.844474792, 114.841117859, 114.844474792, 114.844474792, 117.455047607, 114.841117859, 114.844474792, 114.844474792, 114.844474792]
