
metadata:
    version:
        essentia: "2.1-beta2"
    audio_properties:
        analysis_sample_rate: 44100
        bitrate: 320
        channels: 2
        equal_loudness: 1
        length: 272.509399414
        replay_gain: -15.1863651276
        downmix: "mix"
    tags:
        album: "Imaginaerum"
        artist: "Nightwish"
        comment: "www.NewAlbumReleases.net"
        date: "2011"
        genre: "Metal"
        title: "Last Ride Of The Day"
        tracknumber: "11"

configuration:
    average_loudness:
        compute: 1
        frameSize: 88200
        hopSize: 44100
        silentFrames: "noise"
        windowType: "hann"
    general:
        analysisSampleRate: 44100
        endTime: 2000
        equalLoudness: 1
        nequalLoudness: 0
        shortSound: 0
        startTime: 0
    lowlevel:
        compute: 1
        frameSize: 2048
        hopSize: 1024
        zeroPadding: 0
        silentFrames: "noise"
        windowType: "blackmanharris62"
        mfccStats: ["mean", "cov", "icov"]
        stats: ["mean", "var", "median", "min", "max", "dmean", "dmean2", "dvar", "dvar2"]
    panning:
        compute: 0
        frameSize: 8192
        hopSize: 2048
        zeroPadding: 8192
        silentFrames: "noise"
        windowType: "hann"
        stats: ["copy"]
    rhythm:
        compute: 1
        maxTempo: 208
        minTempo: 40
        method: "degara"
        stats: ["mean", "var", "median", "min", "max", "dmean", "dmean2", "dvar", "dvar2"]
    segmentation:
        compute: 0
        cpw: 5
        inc1: 300
        inc2: 50
        minimumSegmentsLength: 10
        size1: 1000
        size2: 600
    sfx:
        compute: 1
        stats: ["mean", "var", "median", "min", "max", "dmean", "dmean2", "dvar", "dvar2"]
    svm:
        compute: 0
    tonal:
        compute: 1
        frameSize: 4096
        hopSize: 2048
        zeroPadding: 0
        silentFrames: "noise"
        windowType: "blackmanharris62"
        stats: ["mean", "var", "median", "min", "max", "dmean", "dmean2", "dvar", "dvar2"]

lowlevel:
    average_loudness: 0.886449992657
    barkbands_kurtosis:
        dmean: 0.691215634346
        dmean2: 1.12370967865
        dvar: 3.40189576149
        dvar2: 8.20770645142
        max: 87.7848739624
        mean: -0.355258673429
        median: -0.914813518524
        min: -1.84855937958
        var: 7.16179132462
    barkbands_skewness:
        dmean: 0.324003726244
        dmean2: 0.509715914726
        dvar: 0.101672813296
        dvar2: 0.231300756335
        max: 8.51327514648
        mean: -0.0176403224468
        median: -0.178591445088
        min: -3.93309831619
        var: 0.727778017521
    barkbands_spread:
        dmean: 5.47694683075
        dmean2: 8.80716705322
        dvar: 27.5046520233
        dvar2: 66.1500244141
        max: 83.3077087402
        mean: 30.4258441925
        median: 29.6550254822
        min: 1.19700706005
        var: 105.082336426
    dissonance:
        dmean: 0.0142345791683
        dmean2: 0.0244269687682
        dvar: 0.000193108382518
        dvar2: 0.000529998738784
        max: 0.5
        mean: 0.47830876708
        median: 0.483113855124
        min: 0.320775061846
        var: 0.000314925215207
    hfc:
        dmean: 2.39241027832
        dmean2: 3.90230202675
        dvar: 8.02452373505
        dvar2: 20.8199462891
        max: 41.3906326294
        mean: 10.4328689575
        median: 10.8119735718
        min: 1.19559984289e-016
        var: 38.6500167847
    pitch:
        dmean: 673.450561523
        dmean2: 1285.89990234
        dvar: 1474344.25
        dvar2: 3602654.5
        max: 5470.09570313
        mean: 1237.39733887
        median: 395.268127441
        min: 49.9861831665
        var: 2330496.5
    pitch_instantaneous_confidence:
        dmean: 0.0819883421063
        dmean2: 0.134172484279
        dvar: 0.00458532385528
        dvar2: 0.0116271423176
        max: 0.932596027851
        mean: 0.359445393085
        median: 0.342330098152
        min: 0.111992776394
        var: 0.0139549942687
    pitch_salience:
        dmean: 0.0534288100898
        dmean2: 0.0875483378768
        dvar: 0.00215081404895
        dvar2: 0.00545130949467
        max: 0.881658136845
        mean: 0.664253592491
        median: 0.673947095871
        min: 0.166137620807
        var: 0.00619024783373
    silence_rate_20dB:
        dmean: 0
        dmean2: 0
        dvar: 0
        dvar2: 0
        max: 1
        mean: 1
        median: 1
        min: 1
        var: 0
    silence_rate_30dB:
        dmean: 0
        dmean2: 0
        dvar: 0
        dvar2: 0
        max: 1
        mean: 1
        median: 1
        min: 1
        var: 0
    silence_rate_60dB:
        dmean: 0.0386843904853
        dmean2: 0.0773753747344
        dvar: 0.0371870398521
        dvar2: 0.0828030481935
        max: 1
        mean: 0.209082394838
        median: 0
        min: 0
        var: 0.165360197425
    spectral_centroid:
        dmean: 230.304046631
        dmean2: 362.738525391
        dvar: 57867.8945313
        dvar2: 118370.367188
        max: 11178.0205078
        mean: 1836.04394531
        median: 1925.19873047
        min: 140.899002075
        var: 356483.90625
    spectral_complexity:
        dmean: 3.82140421867
        dmean2: 6.02334880829
        dvar: 13.7225093842
        dvar2: 31.4334583282
        max: 49
        mean: 20.0236854553
        median: 22
        min: 0
        var: 104.86340332
    spectral_crest:
        dmean: 1.81263661385
        dmean2: 3.03673696518
        dvar: 3.04015755653
        dvar2: 7.85338878632
        max: 25.8321075439
        mean: 6.13418722153
        median: 5.36656427383
        min: 2.28823900223
        var: 7.60249328613
    spectral_decrease:
        dmean: 2.38026459654e-010
        dmean2: 3.9011677222e-010
        dvar: 6.74453603166e-020
        dvar2: 1.7353816274e-019
        max: -1.21592563889e-029
        mean: -1.14109488525e-009
        median: -1.17212506368e-009
        min: -3.27726934479e-009
        var: 3.68603313181e-019
    spectral_energy:
        dmean: 0.00108233094215
        dmean2: 0.00177336146589
        dvar: 1.41971236189e-006
        dvar2: 3.64385982721e-006
        max: 0.0150601333007
        mean: 0.00525305746123
        median: 0.00543876364827
        min: 1.08903344041e-020
        var: 7.87518001744e-006
    spectral_energyband_high:
        dmean: 0.000264008034719
        dmean2: 0.000449890241725
        dvar: 1.27471153633e-007
        dvar2: 3.5274365473e-007
        max: 0.00407589646056
        mean: 0.000685355335008
        median: 0.000662041595206
        min: 7.7666322236e-021
        var: 2.59990031282e-007
    spectral_energyband_low:
        dmean: 0.000210832775338
        dmean2: 0.000358011864591
        dvar: 9.88185959727e-008
        dvar2: 2.65753811846e-007
        max: 0.00589902326465
        mean: 0.000342809827998
        median: 0.000241201356403
        min: 7.12752930372e-023
        var: 1.31216580712e-007
    spectral_energyband_middle_high:
        dmean: 0.000742125266697
        dmean2: 0.00116623751819
        dvar: 6.27206134141e-007
        dvar2: 1.56287774189e-006
        max: 0.0114715788513
        mean: 0.00304716825485
        median: 0.00289265997708
        min: 1.69646322387e-021
        var: 4.07661900681e-006
    spectral_energyband_middle_low:
        dmean: 0.00047889968846
        dmean2: 0.00079186988296
        dvar: 3.47005425283e-007
        dvar2: 9.3853901717e-007
        max: 0.00784093514085
        mean: 0.00133262295276
        median: 0.00115470669698
        min: 3.11260380367e-022
        var: 8.05735112408e-007
    spectral_flatness_db:
        dmean: 0.0128575423732
        dmean2: 0.0198420863599
        dvar: 0.000140413438203
        dvar2: 0.000313713331707
        max: 0.380499273539
        mean: 0.133790418506
        median: 0.12901251018
        min: 0.0532996803522
        var: 0.000871677591931
    spectral_flux:
        dmean: 0.00646562827751
        dmean2: 0.00996972993016
        dvar: 4.16532493546e-005
        dvar2: 8.69861905812e-005
        max: 0.0980407372117
        mean: 0.0433608926833
        median: 0.0461298339069
        min: 1.04356766284e-010
        var: 0.000297081947792
    spectral_kurtosis:
        dmean: 1.03225505352
        dmean2: 1.72143530846
        dvar: 1.80597496033
        dvar2: 5.00959825516
        max: 39.9326171875
        mean: 3.7401034832
        median: 3.10271787643
        min: -1.43986725807
        var: 9.04909801483
    spectral_rms:
        dmean: 0.000227415017434
        dmean2: 0.000364730978617
        dvar: 5.3018272439e-008
        dvar2: 1.28582229308e-007
        max: 0.00383312045597
        mean: 0.0021329515148
        median: 0.00230349972844
        min: 3.25955777127e-012
        var: 5.75462024699e-007
    spectral_rolloff:
        dmean: 367.23324585
        dmean2: 595.166015625
        dvar: 207191.078125
        dvar2: 404708.375
        max: 18798.4863281
        mean: 3440.47436523
        median: 3703.7109375
        min: 129.19921875
        var: 1084663.25
    spectral_skewness:
        dmean: 0.170094072819
        dmean2: 0.270101815462
        dvar: 0.0306610316038
        dvar2: 0.0722347795963
        max: 5.10626125336
        mean: 1.30233502388
        median: 1.23605060577
        min: -0.0854749977589
        var: 0.221154153347
    spectral_spread:
        dmean: 393518.1875
        dmean2: 576971.3125
        dvar: 320526286848
        dvar2: 478026891264
        max: 39618244
        mean: 4433621
        median: 4194009
        min: 1525147.125
        var: 2.08318522982e+012
    spectral_strongpeak:
        dmean: 0.547009825706
        dmean2: 0.92917072773
        dvar: 0.545511841774
        dvar2: 1.40539073944
        max: 11.0640010834
        mean: 0.826130926609
        median: 0.51085370779
        min: 3.68663488626e-010
        var: 0.892765939236
    zerocrossingrate:
        dmean: 0.00736586563289
        dmean2: 0.00881436094642
        dvar: 5.96181889705e-005
        dvar2: 6.59580036881e-005
        max: 0.51123046875
        mean: 0.103160098195
        median: 0.10791015625
        min: 0.0068359375
        var: 0.000782287796028
    barkbands:
        dmean: [8.53538494994e-007, 6.84505794197e-005, 0.000128313404275, 9.18115110835e-005, 0.000178155620233, 0.000136499773362, 0.000104896076664, 9.97705501504e-005, 0.000171040621353, 0.000207904478884, 0.000199947302463, 0.000150185340317, 0.000132808592753, 7.62166528148e-005, 0.000134549467475, 0.000123087695101, 0.000127129998873, 0.000171190797118, 0.000231857498875, 0.000172133499291, 0.000170511862962, 4.02190780733e-005, 5.17209991813e-006, 1.37139977596e-006, 1.0755521771e-006, 3.19438164809e-008, 3.36009053914e-010]
        dmean2: [1.34686547426e-006, 0.000118497497169, 0.000220210611587, 0.000148503531818, 0.000301302236039, 0.000226535150432, 0.000173282474861, 0.000165666569956, 0.000282453023829, 0.000345762964571, 0.000329627539031, 0.000241076937527, 0.000218919114559, 0.000125839884277, 0.00021929484501, 0.000201261937036, 0.000209148565773, 0.000283128058072, 0.000386224244721, 0.000286434486043, 0.000294973811833, 7.03601181158e-005, 8.63476361701e-006, 2.0418940494e-006, 1.67145606156e-006, 4.94853118482e-008, 5.69075231382e-010]
        dvar: [2.05342383722e-012, 1.33745494679e-008, 3.61844669783e-008, 2.06673647085e-008, 8.74325607469e-008, 4.01959816543e-008, 2.7439213568e-008, 2.51636560478e-008, 7.9924319607e-008, 1.57310395821e-007, 1.46645177779e-007, 9.47237950299e-008, 6.16944433318e-008, 2.23133067578e-008, 6.24673717198e-008, 4.83631055204e-008, 4.79160853217e-008, 5.89453037492e-008, 7.91554981561e-008, 4.44146870393e-008, 5.78723380329e-008, 5.13064035701e-009, 7.49977302483e-011, 6.53687997829e-012, 5.27086187196e-012, 6.53902362555e-015, 5.2651581443e-019]
        dvar2: [4.83164983717e-012, 3.6357427291e-008, 9.99594433893e-008, 5.13235569599e-008, 2.41522684519e-007, 1.03111695182e-007, 7.04583555944e-008, 6.54073630812e-008, 2.11164831398e-007, 4.30605666679e-007, 3.87516337241e-007, 2.42267105932e-007, 1.64362617738e-007, 5.78428860365e-008, 1.59578505077e-007, 1.23450334399e-007, 1.20025759998e-007, 1.48957028046e-007, 2.05133929398e-007, 1.12924382734e-007, 1.60846724384e-007, 1.43666722963e-008, 1.92920873721e-010, 1.32744457787e-011, 1.12201047064e-011, 1.37675092003e-014, 1.42588908023e-018]
        max: [1.40798019856e-005, 0.00106504745781, 0.0027992085088, 0.00311723677441, 0.00583760207519, 0.00476041110232, 0.00327411317267, 0.00423108786345, 0.00495199952275, 0.00701381778345, 0.0057873739861, 0.00745538342744, 0.00501897931099, 0.00291233370081, 0.00404283870012, 0.00430708518252, 0.00566932279617, 0.00577251845971, 0.0071984520182, 0.00678000412881, 0.00349294743501, 0.00115718867164, 0.00011613501556, 5.83851215197e-005, 5.25308751094e-005, 2.5361500775e-006, 3.74825575022e-008]
        mean: [9.55924974733e-007, 7.68106037867e-005, 0.000171688501723, 0.000152421256644, 0.000287021655822, 0.000232210775721, 0.00015982381592, 0.000145009806147, 0.000263706111582, 0.000315129465889, 0.000317960395478, 0.000246290350333, 0.000224827454076, 0.000127859209897, 0.000219050431042, 0.000236061474425, 0.000250128010521, 0.000360880017979, 0.000569874653593, 0.000462639582111, 0.000351742841303, 6.63077953504e-005, 9.29103134695e-006, 3.13513987749e-006, 2.17428555516e-006, 5.87217563464e-008, 5.20240683866e-010]
        median: [3.40586552738e-007, 4.0352671931e-005, 0.000108227264718, 9.14801494218e-005, 0.000195605767658, 0.000143965400639, 9.22877079574e-005, 8.04776209407e-005, 0.000140805641422, 0.00012447766494, 0.000108838285087, 0.00010036828462, 9.34869603952e-005, 5.9939800849e-005, 0.000102558245999, 0.000144621430081, 0.000161573581863, 0.000284375360934, 0.000521835230757, 0.000447040598374, 0.000321989675285, 4.55435947515e-005, 5.25683981323e-006, 1.72280658717e-006, 1.08528433884e-006, 2.72496816223e-008, 3.02142810771e-010]
        min: [9.00240807518e-024, 4.76722087215e-023, 1.18723850226e-023, 1.07440346713e-023, 4.66486396089e-023, 9.92332808247e-023, 5.50302046853e-023, 3.17292477854e-023, 4.32456829904e-023, 1.012727387e-022, 6.79027801387e-023, 1.76702293171e-022, 1.06245566385e-022, 1.39471567298e-022, 1.44072544885e-022, 2.00609057381e-022, 2.07785520673e-022, 2.39850848448e-022, 2.50738820258e-022, 3.06087926697e-022, 3.93067225236e-022, 4.03062458936e-022, 8.00111197689e-022, 9.51465711279e-022, 1.0351144517e-021, 1.62190781563e-021, 2.68153698455e-021]
        var: [2.3624945316e-012, 1.16473310996e-008, 4.08323508339e-008, 4.2288021973e-008, 1.09782860136e-007, 7.91451739701e-008, 4.86128328703e-008, 3.87670056057e-008, 1.32082519144e-007, 2.63545018697e-007, 3.09169422508e-007, 2.06945117043e-007, 1.4284191252e-007, 4.2001506273e-008, 1.08824650624e-007, 9.96635591832e-008, 1.13603896068e-007, 1.39148241374e-007, 2.06059226571e-007, 1.33731504093e-007, 8.61968487698e-008, 5.29325516752e-009, 1.23454788059e-010, 1.80904909108e-011, 1.20433975292e-011, 1.29094546603e-014, 8.48938306097e-019]
    frequency_bands:
        dmean: [8.53538494994e-007, 6.84505794197e-005, 0.000128313404275, 9.18115110835e-005, 0.000178155620233, 0.000136499773362, 0.000104896076664, 9.97705501504e-005, 0.000171040621353, 0.000207904478884, 0.000199947302463, 0.000150185340317, 0.000132808592753, 7.62166528148e-005, 0.000134549467475, 0.000123087695101, 0.000127129998873, 0.000171190797118, 0.000231857498875, 0.000172133499291, 0.000170511862962, 4.02190780733e-005, 5.17209991813e-006, 1.37139977596e-006, 1.0755521771e-006, 3.19438164809e-008, 3.36009053914e-010, 5.90028095826e-011]
        dmean2: [1.34686547426e-006, 0.000118497497169, 0.000220210611587, 0.000148503531818, 0.000301302236039, 0.000226535150432, 0.000173282474861, 0.000165666569956, 0.000282453023829, 0.000345762964571, 0.000329627539031, 0.000241076937527, 0.000218919114559, 0.000125839884277, 0.00021929484501, 0.000201261937036, 0.000209148565773, 0.000283128058072, 0.000386224244721, 0.000286434486043, 0.000294973811833, 7.03601181158e-005, 8.63476361701e-006, 2.0418940494e-006, 1.67145606156e-006, 4.94853118482e-008, 5.69075231382e-010, 1.0919602722e-010]
        dvar: [2.05342383722e-012, 1.33745494679e-008, 3.61844669783e-008, 2.06673647085e-008, 8.74325607469e-008, 4.01959816543e-008, 2.7439213568e-008, 2.51636560478e-008, 7.9924319607e-008, 1.57310395821e-007, 1.46645177779e-007, 9.47237950299e-008, 6.16944433318e-008, 2.23133067578e-008, 6.24673717198e-008, 4.83631055204e-008, 4.79160853217e-008, 5.89453037492e-008, 7.91554981561e-008, 4.44146870393e-008, 5.78723380329e-008, 5.13064035701e-009, 7.49977302483e-011, 6.53687997829e-012, 5.27086187196e-012, 6.53902362555e-015, 5.2651581443e-019, 7.06236709578e-021]
        dvar2: [4.83164983717e-012, 3.6357427291e-008, 9.99594433893e-008, 5.13235569599e-008, 2.41522684519e-007, 1.03111695182e-007, 7.04583555944e-008, 6.54073630812e-008, 2.11164831398e-007, 4.30605666679e-007, 3.87516337241e-007, 2.42267105932e-007, 1.64362617738e-007, 5.78428860365e-008, 1.59578505077e-007, 1.23450334399e-007, 1.20025759998e-007, 1.48957028046e-007, 2.05133929398e-007, 1.12924382734e-007, 1.60846724384e-007, 1.43666722963e-008, 1.92920873721e-010, 1.32744457787e-011, 1.12201047064e-011, 1.37675092003e-014, 1.42588908023e-018, 2.21086491522e-020]
        max: [1.40798019856e-005, 0.00106504745781, 0.0027992085088, 0.00311723677441, 0.00583760207519, 0.00476041110232, 0.00327411317267, 0.00423108786345, 0.00495199952275, 0.00701381778345, 0.0057873739861, 0.00745538342744, 0.00501897931099, 0.00291233370081, 0.00404283870012, 0.00430708518252, 0.00566932279617, 0.00577251845971, 0.0071984520182, 0.00678000412881, 0.00349294743501, 0.00115718867164, 0.00011613501556, 5.83851215197e-005, 5.25308751094e-005, 2.5361500775e-006, 3.74825575022e-008, 1.03969777232e-009]
        mean: [9.55924974733e-007, 7.68106037867e-005, 0.000171688501723, 0.000152421256644, 0.000287021655822, 0.000232210775721, 0.00015982381592, 0.000145009806147, 0.000263706111582, 0.000315129465889, 0.000317960395478, 0.000246290350333, 0.000224827454076, 0.000127859209897, 0.000219050431042, 0.000236061474425, 0.000250128010521, 0.000360880017979, 0.000569874653593, 0.000462639582111, 0.000351742841303, 6.63077953504e-005, 9.29103134695e-006, 3.13513987749e-006, 2.17428555516e-006, 5.87217563464e-008, 5.20240683866e-010, 4.67713437424e-011]
        median: [3.40586552738e-007, 4.0352671931e-005, 0.000108227264718, 9.14801494218e-005, 0.000195605767658, 0.000143965400639, 9.22877079574e-005, 8.04776209407e-005, 0.000140805641422, 0.00012447766494, 0.000108838285087, 0.00010036828462, 9.34869603952e-005, 5.9939800849e-005, 0.000102558245999, 0.000144621430081, 0.000161573581863, 0.000284375360934, 0.000521835230757, 0.000447040598374, 0.000321989675285, 4.55435947515e-005, 5.25683981323e-006, 1.72280658717e-006, 1.08528433884e-006, 2.72496816223e-008, 3.02142810771e-010, 1.64512795747e-011]
        min: [9.00240807518e-024, 4.76722087215e-023, 1.18723850226e-023, 1.07440346713e-023, 4.66486396089e-023, 9.92332808247e-023, 5.50302046853e-023, 3.17292477854e-023, 4.32456829904e-023, 1.012727387e-022, 6.79027801387e-023, 1.76702293171e-022, 1.06245566385e-022, 1.39471567298e-022, 1.44072544885e-022, 2.00609057381e-022, 2.07785520673e-022, 2.39850848448e-022, 2.50738820258e-022, 3.06087926697e-022, 3.93067225236e-022, 4.03062458936e-022, 8.00111197689e-022, 9.51465711279e-022, 1.0351144517e-021, 1.62190781563e-021, 2.68153698455e-021, 7.0815021098e-022]
        var: [2.3624945316e-012, 1.16473310996e-008, 4.08323508339e-008, 4.2288021973e-008, 1.09782860136e-007, 7.91451739701e-008, 4.86128328703e-008, 3.87670056057e-008, 1.32082519144e-007, 2.63545018697e-007, 3.09169422508e-007, 2.06945117043e-007, 1.4284191252e-007, 4.2001506273e-008, 1.08824650624e-007, 9.96635591832e-008, 1.13603896068e-007, 1.39148241374e-007, 2.06059226571e-007, 1.33731504093e-007, 8.61968487698e-008, 5.29325516752e-009, 1.23454788059e-010, 1.80904909108e-011, 1.20433975292e-011, 1.29094546603e-014, 8.48938306097e-019, 5.83000571188e-021]
    mfcc:
        mean: [-700.961364746, 105.082893372, -53.0618362427, 48.6714019775, -23.3312358856, -2.18265962601, 6.54832744598, -5.94106578827, 1.42359817028, -7.32846927643, -4.30157709122, -5.37719583511, -3.25405859947]
        cov: [[7645.4765625, -130.447143555, -1195.5213623, 608.01159668, -607.559997559, 311.369476318, 220.228271484, 81.039100647, 166.664794922, -75.7051544189, -18.4194736481, -45.0280799866, -16.8178596497], [-130.447143555, 654.299255371, -119.460571289, 6.64227724075, -9.07067298889, -82.2047042847, -11.3096857071, -39.544719696, -32.4194297791, -26.2496623993, -5.45200443268, -13.4001045227, -14.6948080063], [-1195.5213623, -119.460571289, 542.693054199, -114.793006897, 160.654006958, -50.4431037903, -78.8219451904, 2.04922747612, -40.2838020325, 21.9274635315, 17.5382919312, 11.0320892334, 10.851518631], [608.01159668, 6.64227724075, -114.793006897, 297.421112061, -46.0575904846, 36.714302063, 20.7221431732, -22.480298996, 41.7436714172, -12.3560571671, -9.37944126129, 6.21510744095, 9.43439388275], [-607.559997559, -9.07067298889, 160.654006958, -46.0575904846, 157.828659058, -30.8017978668, -40.1057243347, -2.96859478951, 0.388804018497, 12.5445175171, -6.20395231247, 4.56046581268, 1.74978744984], [311.369476318, -82.2047042847, -50.4431037903, 36.714302063, -30.8017978668, 133.388320923, 63.4293403625, 29.8019657135, 15.4640712738, 7.0304517746, 12.5127067566, 2.07352375984, 5.63734102249], [220.228271484, -11.3096857071, -78.8219451904, 20.7221431732, -40.1057243347, 63.4293403625, 119.961196899, 22.4112186432, 2.87925577164, -8.98434638977, 8.55077934265, 6.85584354401, -2.32970237732], [81.039100647, -39.544719696, 2.04922747612, -22.480298996, -2.96859478951, 29.8019657135, 22.4112186432, 87.2120895386, 29.1733341217, 7.94146347046, 0.95161241293, -1.38177907467, 1.6815738678], [166.664794922, -32.4194297791, -40.2838020325, 41.7436714172, 0.388804018497, 15.4640712738, 2.87925577164, 29.1733341217, 82.4143218994, 23.9461479187, -5.25389194489, -6.82711791992, 0.905031442642], [-75.7051544189, -26.2496623993, 21.9274635315, -12.3560571671, 12.5445175171, 7.0304517746, -8.98434638977, 7.94146347046, 23.9461479187, 56.9598846436, 20.0954551697, 2.75732254982, -1.07825934887], [-18.4194736481, -5.45200443268, 17.5382919312, -9.37944126129, -6.20395231247, 12.5127067566, 8.55077934265, 0.95161241293, -5.25389194489, 20.0954551697, 64.5326538086, 28.3312988281, 1.93914246559], [-45.0280799866, -13.4001045227, 11.0320892334, 6.21510744095, 4.56046581268, 2.07352375984, 6.85584354401, -1.38177907467, -6.82711791992, 2.75732254982, 28.3312988281, 56.9566993713, 19.1912708282], [-16.8178596497, -14.6948080063, 10.851518631, 9.43439388275, 1.74978744984, 5.63734102249, -2.32970237732, 1.6815738678, 0.905031442642, -1.07825934887, 1.93914246559, 19.1912708282, 48.6270294189]]
        icov: [[0.000273546407698, 0.000101554673165, 0.000385007966543, -0.000309474067762, 0.00054037902737, -0.000256344850641, 0.000197949804715, -0.000221283247811, -0.000127278122818, 0.000269875483355, -0.000149204424815, 0.000155194473336, 7.98841647338e-005], [0.000101554673165, 0.00192173174582, 0.000814129947685, -0.000249621574767, -0.000288085429929, 0.00129048328381, -0.000187168509001, 3.04754485114e-005, 0.000718051858712, 0.000453871354694, -0.000772092316765, 0.000839516578708, 2.95130539598e-005], [0.000385007966543, 0.000814129947685, 0.00389002449811, -0.00017017700884, -0.00220215669833, 0.000186369274161, 0.00132653291803, -0.00118502357509, 0.00190776679665, -0.000139891271829, -0.00150543253403, 0.000943642051425, -0.000644718005788], [-0.000309474067762, -0.000249621574767, -0.00017017700884, 0.00491393171251, 0.000179511946044, -0.00111774541438, -8.0730584159e-005, 0.00280842045322, -0.00332323811017, 0.00149324338418, 0.00074093072908, -0.00138546305243, -0.000463528151158], [0.00054037902737, -0.000288085429929, -0.00220215669833, 0.000179511946044, 0.0111699709669, -0.00043012725655, 0.00135907297954, 0.000413662521169, -0.00239662430249, -0.000576187158003, 0.00264041940682, -0.00219127256423, 0.00104651763104], [-0.000256344850641, 0.00129048328381, 0.000186369274161, -0.00111774541438, -0.00043012725655, 0.0126363681629, -0.00565107958391, -0.00240772566758, 0.000987962353975, -0.00187224522233, -0.00220769946463, 0.00238949339837, -0.00207525794394], [0.000197949804715, -0.000187168509001, 0.00132653291803, -8.0730584159e-005, 0.00135907297954, -0.00565107958391, 0.013072793372, -0.00220230664127, 0.000620364851784, 0.00254480377771, -0.000729343038984, -0.00199214159511, 0.00190042471513], [-0.000221283247811, 3.04754485114e-005, -0.00118502357509, 0.00280842045322, 0.000413662521169, -0.00240772566758, -0.00220230664127, 0.0160873420537, -0.00706798303872, 0.00119942380115, 0.000550931901671, -0.000586891954299, -0.000377539807232], [-0.000127278122818, 0.000718051858712, 0.00190776679665, -0.00332323811017, -0.00239662430249, 0.000987962353975, 0.000620364851784, -0.00706798303872, 0.0206696372479, -0.00945253111422, 0.00239786901511, 0.00199670600705, -0.000840103253722], [0.000269875483355, 0.000453871354694, -0.000139891271829, 0.00149324338418, -0.000576187158003, -0.00187224522233, 0.00254480377771, 0.00119942380115, -0.00945253111422, 0.0263765901327, -0.00965387746692, 0.00222553359345, 0.000557672174182], [-0.000149204424815, -0.000772092316765, -0.00150543253403, 0.00074093072908, 0.00264041940682, -0.00220769946463, -0.000729343038984, 0.000550931901671, 0.00239786901511, -0.00965387746692, 0.0256858151406, -0.0135095547885, 0.004062931519], [0.000155194473336, 0.000839516578708, 0.000943642051425, -0.00138546305243, -0.00219127256423, 0.00238949339837, -0.00199214159511, -0.000586891954299, 0.00199670600705, 0.00222553359345, -0.0135095547885, 0.0285974740982, -0.0106431543827], [7.98841647338e-005, 2.95130539598e-005, -0.000644718005788, -0.000463528151158, 0.00104651763104, -0.00207525794394, 0.00190042471513, -0.000377539807232, -0.000840103253722, 0.000557672174182, 0.004062931519, -0.0106431543827, 0.0252085141838]]
    sccoeffs:
        dmean: [0.0500620864332, 0.0462582781911, 0.0417422838509, 0.031355496496, 0.0191940646619, 0.0203101951629]
        dmean2: [0.0824242755771, 0.0772774070501, 0.0689336881042, 0.0516439564526, 0.0318815000355, 0.0326002985239]
        dvar: [0.00156544160563, 0.00134142104071, 0.00108546670526, 0.000624706328381, 0.000237222964643, 0.000395113544073]
        dvar2: [0.00432884367183, 0.00372806633823, 0.00295259291306, 0.00162437336985, 0.000628629699349, 0.000951627909672]
        max: [-0.389342099428, -0.536147356033, -0.50645083189, -0.580374419689, -0.653777241707, -0.581369996071]
        mean: [-0.695344388485, -0.769361078739, -0.761369764805, -0.780437290668, -0.800311088562, -0.7281036973]
        median: [-0.697653472424, -0.773798704147, -0.764167308807, -0.783061683178, -0.800480186939, -0.721984624863]
        min: [-0.955362856388, -0.976211071014, -0.971665203571, -0.95365023613, -0.956454396248, -0.962628781796]
        var: [0.00381555594504, 0.00337382289581, 0.00431047845632, 0.00270433770493, 0.001018769457, 0.00260437140241]
    scvalleys:
        dmean: [0.371563971043, 0.343493074179, 0.278282463551, 0.239269986749, 0.199140027165, 0.248682066798]
        dmean2: [0.608247578144, 0.57433706522, 0.454554855824, 0.377701461315, 0.297042995691, 0.352189958096]
        dvar: [0.107905216515, 0.100224196911, 0.0633044317365, 0.0529159866273, 0.0563642419875, 0.0967017561197]
        dvar2: [0.242839083076, 0.232802033424, 0.131277799606, 0.095603376627, 0.0874394401908, 0.174506515265]
        max: [-5.11860656738, -4.66739797592, -5.03581142426, -5.72671604156, -5.62134790421, -7.92932271957]
        mean: [-6.80761766434, -6.5023317337, -6.72667169571, -7.11700439453, -6.91025590897, -9.79732131958]
        median: [-6.6197886467, -6.35808610916, -6.49061441422, -6.82566452026, -6.4706530571, -9.54204750061]
        min: [-27.2830677032, -27.5822372437, -27.2773513794, -27.4997138977, -27.3475208282, -27.1442012787]
        var: [0.956027626991, 0.98578608036, 1.19516777992, 1.30719089508, 1.62481927872, 1.51233625412]

rhythm:
    beats_loudness:
        dmean: 0.00149504572619
        dmean2: 0.00258046993986
        dvar: 1.48138065015e-006
        dvar2: 4.2719020712e-006
        max: 0.0132472170517
        mean: 0.00613663857803
        median: 0.00660827569664
        min: 1.89041760024e-009
        var: 6.8120607466e-006
    bpm: 162.127227783
    bpm_confidence: 0
    first_peak_bpm: 161
    first_peak_spread: 0.018957355991
    first_peak_weight: 0.850684940815
    onset_rate: 2.93567848206
    second_peak_bpm: 167
    second_peak_spread: 0
    second_peak_weight: 0.116438359022
    beats_loudness_band_ratio:
        dmean: [0.06509745121, 0.0694187730551, 0.0747857019305, 0.109884425998, 0.0837801173329, 0.0765306726098]
        dmean2: [0.11365031451, 0.121455922723, 0.126015648246, 0.191387325525, 0.144542783499, 0.13231728971]
        dvar: [0.00556824123487, 0.00710386037827, 0.0044089788571, 0.00873029138893, 0.00530578941107, 0.00508111994714]
        dvar2: [0.0153454123065, 0.0217668823898, 0.0116383945569, 0.0248401910067, 0.016370581463, 0.0149946110323]
        max: [0.915516316891, 0.753750741482, 0.57913351059, 0.580442965031, 0.642322540283, 0.79917883873]
        mean: [0.0994960591197, 0.11455757916, 0.152430340648, 0.190159618855, 0.230820268393, 0.247293457389]
        median: [0.0695156902075, 0.0815905034542, 0.124404929578, 0.164016872644, 0.220216661692, 0.241650775075]
        min: [0.00478936498985, 0.00777759496123, 0.0124060669914, 0.00462640449405, 0.00451670307666, 0.000466912519187]
        var: [0.00971861369908, 0.0106691531837, 0.00990187749267, 0.0142630357295, 0.0104082692415, 0.0133413467556]
