
metadata:
    version:
        essentia: "2.1-beta2"
    audio_properties:
        analysis_sample_rate: 44100
        bitrate: 320
        channels: 2
        equal_loudness: 1
        length: 817.580383301
        replay_gain: -13.9352226257
        downmix: "mix"
    tags:
        album: "Imaginaerum"
        artist: "Nightwish"
        comment: "www.NewAlbumReleases.net"
        date: "2011"
        genre: "Metal"
        title: "Song Of Myself"
        tracknumber: "12"

configuration:
    average_loudness:
        compute: 1
        frameSize: 88200
        hopSize: 44100
        silentFrames: "noise"
        windowType: "hann"
    general:
        analysisSampleRate: 44100
        endTime: 2000
        equalLoudness: 1
        nequalLoudness: 0
        shortSound: 0
        startTime: 0
    lowlevel:
        compute: 1
        frameSize: 2048
        hopSize: 1024
        zeroPadding: 0
        silentFrames: "noise"
        windowType: "blackmanharris62"
        mfccStats: ["mean", "cov", "icov"]
        stats: ["mean", "var", "median", "min", "max", "dmean", "dmean2", "dvar", "dvar2"]
    panning:
        compute: 0
        frameSize: 8192
        hopSize: 2048
        zeroPadding: 8192
        silentFrames: "noise"
        windowType: "hann"
        stats: ["copy"]
    rhythm:
        compute: 1
        maxTempo: 208
        minTempo: 40
        method: "degara"
        stats: ["mean", "var", "median", "min", "max", "dmean", "dmean2", "dvar", "dvar2"]
    segmentation:
        compute: 0
        cpw: 5
        inc1: 300
        inc2: 50
        minimumSegmentsLength: 10
        size1: 1000
        size2: 600
    sfx:
        compute: 1
        stats: ["mean", "var", "median", "min", "max", "dmean", "dmean2", "dvar", "dvar2"]
    svm:
        compute: 0
    tonal:
        compute: 1
        frameSize: 4096
        hopSize: 2048
        zeroPadding: 0
        silentFrames: "noise"
        windowType: "blackmanharris62"
        stats: ["mean", "var", "median", "min", "max", "dmean", "dmean2", "dvar", "dvar2"]

lowlevel:
    average_loudness: 0.415110319853
    barkbands_kurtosis:
        dmean: 1.25294280052
        dmean2: 1.94143378735
        dvar: 9.25158500671
        dvar2: 21.3864135742
        max: 169.024414063
        mean: 1.25038290024
        median: -0.391056835651
        min: -1.91315829754
        var: 26.6431446075
    barkbands_skewness:
        dmean: 0.389671176672
        dmean2: 0.58288526535
        dvar: 0.191641509533
        dvar2: 0.382218688726
        max: 9.15481376648
        mean: 0.66527235508
        median: 0.593333363533
        min: -7.08547067642
        var: 1.2941545248
    barkbands_spread:
        dmean: 4.49467182159
        dmean2: 7.01946210861
        dvar: 25.7718334198
        dvar2: 60.0531234741
        max: 71.8900909424
        mean: 24.6499710083
        median: 23.7490787506
        min: 0.491989225149
        var: 153.851516724
    dissonance:
        dmean: 0.0185859706253
        dmean2: 0.0309991259128
        dvar: 0.000336658355081
        dvar2: 0.000891094037797
        max: 0.500000119209
        mean: 0.460211277008
        median: 0.470185786486
        min: 0.172312840819
        var: 0.00120411859825
    hfc:
        dmean: 1.35540854931
        dmean2: 2.09267783165
        dvar: 7.78959608078
        dvar2: 18.5549125671
        max: 52.3064575195
        mean: 4.87927818298
        median: 1.59658205509
        min: 1.17828781294e-016
        var: 43.8252830505
    pitch:
        dmean: 452.057312012
        dmean2: 865.031860352
        dvar: 1096645.125
        dvar2: 2759434.75
        max: 6074.47998047
        mean: 827.598388672
        median: 263.137878418
        min: 50.4018554688
        var: 1748088.5
    pitch_instantaneous_confidence:
        dmean: 0.0776737481356
        dmean2: 0.124437317252
        dvar: 0.0046820002608
        dvar2: 0.0114360041916
        max: 0.956419527531
        mean: 0.428687691689
        median: 0.407208383083
        min: 0.101977527142
        var: 0.0244461279362
    pitch_salience:
        dmean: 0.0546175800264
        dmean2: 0.0875195041299
        dvar: 0.00220683193766
        dvar2: 0.00560011528432
        max: 0.976197659969
        mean: 0.640402078629
        median: 0.650768876076
        min: 0.187914058566
        var: 0.00960478838533
    silence_rate_20dB:
        dmean: 0
        dmean2: 0
        dvar: 0
        dvar2: 0
        max: 1
        mean: 1
        median: 1
        min: 1
        var: 0
    silence_rate_30dB:
        dmean: 0
        dmean2: 0
        dvar: 0
        dvar2: 0
        max: 1
        mean: 1
        median: 1
        min: 1
        var: 0
    silence_rate_60dB:
        dmean: 0.0454971455038
        dmean2: 0.090996876359
        dvar: 0.043432276696
        dvar2: 0.0950541645288
        max: 1
        mean: 0.645490169525
        median: 1
        min: 0
        var: 0.228733152151
    spectral_centroid:
        dmean: 215.032028198
        dmean2: 324.331359863
        dvar: 88762.421875
        dvar2: 166768.640625
        max: 10997.2363281
        mean: 1328.84899902
        median: 1184.00048828
        min: 210.856567383
        var: 586884.75
    spectral_complexity:
        dmean: 2.35471868515
        dmean2: 3.6373758316
        dvar: 11.9476356506
        dvar2: 24.5977401733
        max: 58
        mean: 10.1039419174
        median: 6
        min: 0
        var: 110.801628113
    spectral_crest:
        dmean: 1.93164205551
        dmean2: 3.11708664894
        dvar: 3.2381837368
        dvar2: 8.10344696045
        max: 25.0438613892
        mean: 7.6984744072
        median: 6.82836294174
        min: 2.17510604858
        var: 12.6364593506
    spectral_decrease:
        dmean: 1.51832477147e-010
        dmean2: 2.3490964729e-010
        dvar: 6.34889489845e-020
        dvar2: 1.51895860892e-019
        max: 4.38513454312e-029
        mean: -6.48823661464e-010
        median: -3.8736949759e-010
        min: -4.65847938003e-009
        var: 4.67065826818e-019
    spectral_energy:
        dmean: 0.000676564348396
        dmean2: 0.00104450946674
        dvar: 1.34916831485e-006
        dvar2: 3.20561207445e-006
        max: 0.0217509325594
        mean: 0.00289137638174
        median: 0.0016404655762
        min: 1.05522041338e-020
        var: 9.86152645055e-006
    spectral_energyband_high:
        dmean: 0.00013448104437
        dmean2: 0.000218623434193
        dvar: 1.02693384463e-007
        dvar2: 2.70169010719e-007
        max: 0.00539746601135
        mean: 0.000295679754345
        median: 4.48248538305e-005
        min: 7.66995225833e-021
        var: 2.51969879628e-007
    spectral_energyband_low:
        dmean: 0.000133027933771
        dmean2: 0.000216899206862
        dvar: 8.1808657626e-008
        dvar2: 2.17872369035e-007
        max: 0.00637377612293
        mean: 0.000233100945479
        median: 8.11969075585e-005
        min: 7.50153898739e-023
        var: 1.46493434272e-007
    spectral_energyband_middle_high:
        dmean: 0.000379491917556
        dmean2: 0.0005797027261
        dvar: 4.83885571612e-007
        dvar2: 1.10636528916e-006
        max: 0.013790724799
        mean: 0.00137211813126
        median: 0.000423348159529
        min: 1.23816356314e-021
        var: 3.58406487067e-006
    spectral_energyband_middle_low:
        dmean: 0.000357068085577
        dmean2: 0.000560493674129
        dvar: 3.46735276935e-007
        dvar2: 8.87803537353e-007
        max: 0.0101314652711
        mean: 0.00107716582716
        median: 0.000762602197938
        min: 3.14228112958e-022
        var: 1.22364531308e-006
    spectral_flatness_db:
        dmean: 0.0146721247584
        dmean2: 0.0221953168511
        dvar: 0.000224128991249
        dvar2: 0.000467682315502
        max: 0.40768802166
        mean: 0.169519871473
        median: 0.161979943514
        min: 0.0576780922711
        var: 0.00255190464668
    spectral_flux:
        dmean: 0.004892969504
        dmean2: 0.00757914222777
        dvar: 4.38902316091e-005
        dvar2: 9.43690756685e-005
        max: 0.12194275111
        mean: 0.0262595973909
        median: 0.0203532613814
        min: 1.02723919648e-010
        var: 0.000424029451096
    spectral_kurtosis:
        dmean: 2.27226209641
        dmean2: 3.83717775345
        dvar: 11.110367775
        dvar2: 31.2169303894
        max: 87.6047439575
        mean: 6.67941761017
        median: 4.75760650635
        min: -1.34252429008
        var: 43.8022232056
    spectral_rms:
        dmean: 0.000171932435478
        dmean2: 0.000256023689872
        dvar: 5.16067757417e-008
        dvar2: 1.14461478518e-007
        max: 0.00460656266659
        mean: 0.00140668579843
        median: 0.0012650906574
        min: 3.20855625055e-012
        var: 8.42079714403e-007
    spectral_rolloff:
        dmean: 400.83392334
        dmean2: 647.757385254
        dvar: 321809.5625
        dvar2: 652053.875
        max: 19099.9511719
        mean: 2488.65722656
        median: 2670.1171875
        min: 172.265625
        var: 1943225.625
    spectral_skewness:
        dmean: 0.256102591753
        dmean2: 0.412146806717
        dvar: 0.0832073241472
        dvar2: 0.202322304249
        max: 7.42386865616
        mean: 1.74449145794
        median: 1.60988235474
        min: -0.615013122559
        var: 0.608201563358
    spectral_spread:
        dmean: 393206.46875
        dmean2: 567972.125
        dvar: 369349918720
        dvar2: 565089402880
        max: 40033508
        mean: 3912345.75
        median: 3610547
        min: 918978.25
        var: 2.69653927526e+012
    spectral_strongpeak:
        dmean: 0.285243183374
        dmean2: 0.484341561794
        dvar: 0.313056111336
        dvar2: 0.816574215889
        max: 13.5589618683
        mean: 0.467850863934
        median: 0.202740594745
        min: 1.2496450541e-009
        var: 0.589424669743
    zerocrossingrate:
        dmean: 0.00793984346092
        dmean2: 0.00909646786749
        dvar: 8.84942201083e-005
        dvar2: 8.5507374024e-005
        max: 0.50390625
        mean: 0.0779311656952
        median: 0.0751953125
        min: 0.009765625
        var: 0.00137665460352
    barkbands:
        dmean: [4.46258269449e-007, 3.81807549275e-005, 8.23322698125e-005, 6.79208460497e-005, 0.000147665981785, 0.000105475046439, 0.000103416634374, 0.000100634941191, 7.76056040195e-005, 9.42425249377e-005, 7.3418552347e-005, 7.24950368749e-005, 6.75531919114e-005, 3.10908071697e-005, 4.66881210741e-005, 4.35917972936e-005, 6.32026349194e-005, 9.62208869169e-005, 0.00011760131747, 9.61393598118e-005, 7.47785888962e-005, 2.00526428671e-005, 2.4858550205e-006, 8.15721193703e-007, 6.70915540013e-007, 1.6938216163e-008, 1.70839065117e-010]
        dmean2: [7.22166873857e-007, 6.30581198493e-005, 0.000136240705615, 0.000110387700261, 0.000241274668952, 0.000169728489709, 0.00016457743186, 0.000161304516951, 0.000124967409647, 0.000154638459207, 0.000120482058264, 0.000118710580864, 0.000110012675577, 5.06046999362e-005, 7.64995857025e-005, 7.06551072653e-005, 0.000103827536805, 0.00015743606491, 0.000189453203348, 0.000154047171236, 0.000124087571749, 3.43484243785e-005, 4.01448141929e-006, 1.1757157381e-006, 9.77389959189e-007, 2.58011940701e-008, 2.93876811774e-010]
        dvar: [1.87346058805e-012, 7.85325138253e-009, 3.30615463895e-008, 2.48362912458e-008, 8.8399836784e-008, 3.67452450689e-008, 4.6416943178e-008, 6.77296796425e-008, 3.81600564481e-008, 5.54231540661e-008, 4.33036717595e-008, 3.86637637462e-008, 3.83089115985e-008, 8.65534754979e-009, 1.91473201738e-008, 1.74927574648e-008, 3.51053941472e-008, 7.39055252552e-008, 6.96567425962e-008, 4.20954187064e-008, 3.48106610204e-008, 4.0580339089e-009, 4.9301770999e-011, 6.57038833063e-012, 6.35335534183e-012, 6.33243991301e-015, 2.89002301118e-019]
        dvar2: [4.62729290648e-012, 2.02719636633e-008, 8.95181102578e-008, 6.46367510626e-008, 2.38963139054e-007, 9.38722024557e-008, 1.17770738939e-007, 1.78292580699e-007, 9.91111122062e-008, 1.50334173554e-007, 1.13717213424e-007, 9.91534463424e-008, 9.69257030192e-008, 2.17782059053e-008, 4.78115822489e-008, 4.46975327861e-008, 9.12960871347e-008, 1.90779246623e-007, 1.76132871843e-007, 1.07194345844e-007, 9.4278739482e-008, 1.12709210853e-008, 1.2109921399e-010, 1.25188010999e-011, 1.17713668674e-011, 1.47314208358e-014, 8.19657404882e-019]
        max: [1.5481855371e-005, 0.0016788574867, 0.00320015102625, 0.00439895223826, 0.00663627916947, 0.00566775212064, 0.00722796330228, 0.00749730551615, 0.00595286022872, 0.00538458954543, 0.00547933392227, 0.00523428851739, 0.005572442431, 0.00428535230458, 0.00531956227496, 0.0051194652915, 0.00986216124147, 0.0117653785273, 0.00908130593598, 0.0052373399958, 0.00371981528588, 0.001980537083, 0.000266697607003, 8.93793549039e-005, 7.31800537324e-005, 6.62919501337e-006, 4.52202186807e-008]
        mean: [4.39379391537e-007, 5.15374013048e-005, 0.000118339179608, 0.000103879712697, 0.000264225964202, 0.000208306824788, 0.000175212233444, 0.000157116126502, 0.000131829699967, 0.000147881073644, 0.00011514723883, 0.000120272961794, 0.000116354349302, 5.1987637562e-005, 7.82509378041e-005, 7.94685329311e-005, 0.000119585594803, 0.00019800393784, 0.000258385000052, 0.000219331253902, 0.000137624447234, 3.03241286019e-005, 4.54879682366e-006, 1.83939789622e-006, 1.43196234603e-006, 3.17004520412e-008, 2.57118132341e-010]
        median: [1.46639456133e-008, 1.32433251565e-005, 3.37190213031e-005, 3.20017643389e-005, 0.000134102185257, 0.000100095072412, 6.91076202202e-005, 4.71743624075e-005, 3.87746622437e-005, 3.70163106709e-005, 2.5243325581e-005, 2.56943640125e-005, 1.97589361051e-005, 1.50961777763e-005, 1.87001824088e-005, 1.55852812895e-005, 3.02596945403e-005, 3.18303136737e-005, 5.54632933927e-005, 3.54353687726e-005, 1.79927519639e-005, 3.01331238006e-006, 3.64508366602e-007, 1.24760532572e-007, 6.48465245945e-008, 1.5616887783e-009, 6.74263006539e-011]
        min: [1.04584307361e-023, 1.60938416282e-023, 2.33674704959e-023, 2.61762854796e-023, 1.72721631624e-023, 2.85390658857e-023, 8.45405634492e-023, 2.49668702041e-023, 4.83276448486e-023, 6.29455340341e-023, 8.03270112298e-023, 3.28579783676e-023, 5.51700476357e-023, 6.69645152889e-023, 1.24540424602e-022, 1.21854397396e-022, 1.07207900959e-022, 1.61731328777e-022, 2.30382801024e-022, 3.22950036805e-022, 4.25074555956e-022, 5.56031575162e-022, 5.19586100367e-022, 6.21454018843e-022, 1.07024761536e-021, 1.29428704069e-021, 2.42850918025e-021]
        var: [1.94507496047e-012, 1.06995798888e-008, 4.95111329712e-008, 3.92590280285e-008, 1.434589052e-007, 1.03921010464e-007, 9.44076816722e-008, 1.09841906237e-007, 8.27630515232e-008, 1.03103772631e-007, 7.88698173437e-008, 7.68258914263e-008, 9.50697298663e-008, 1.55618877784e-008, 3.44064510216e-008, 3.38234471542e-008, 7.71087371731e-008, 2.0406338308e-007, 1.96363316718e-007, 1.40752121069e-007, 6.29254301998e-008, 4.72779504435e-009, 1.01612447623e-010, 2.10480018831e-011, 1.96132016878e-011, 1.25549637486e-014, 3.29824827571e-019]
    frequency_bands:
        dmean: [4.46258269449e-007, 3.81807549275e-005, 8.23322698125e-005, 6.79208460497e-005, 0.000147665981785, 0.000105475046439, 0.000103416634374, 0.000100634941191, 7.76056040195e-005, 9.42425249377e-005, 7.3418552347e-005, 7.24950368749e-005, 6.75531919114e-005, 3.10908071697e-005, 4.66881210741e-005, 4.35917972936e-005, 6.32026349194e-005, 9.62208869169e-005, 0.00011760131747, 9.61393598118e-005, 7.47785888962e-005, 2.00526428671e-005, 2.4858550205e-006, 8.15721193703e-007, 6.70915540013e-007, 1.6938216163e-008, 1.70839065117e-010, 3.35248044603e-011]
        dmean2: [7.22166873857e-007, 6.30581198493e-005, 0.000136240705615, 0.000110387700261, 0.000241274668952, 0.000169728489709, 0.00016457743186, 0.000161304516951, 0.000124967409647, 0.000154638459207, 0.000120482058264, 0.000118710580864, 0.000110012675577, 5.06046999362e-005, 7.64995857025e-005, 7.06551072653e-005, 0.000103827536805, 0.00015743606491, 0.000189453203348, 0.000154047171236, 0.000124087571749, 3.43484243785e-005, 4.01448141929e-006, 1.1757157381e-006, 9.77389959189e-007, 2.58011940701e-008, 2.93876811774e-010, 6.20965709408e-011]
        dvar: [1.87346058805e-012, 7.85325138253e-009, 3.30615463895e-008, 2.48362912458e-008, 8.8399836784e-008, 3.67452450689e-008, 4.6416943178e-008, 6.77296796425e-008, 3.81600564481e-008, 5.54231540661e-008, 4.33036717595e-008, 3.86637637462e-008, 3.83089115985e-008, 8.65534754979e-009, 1.91473201738e-008, 1.74927574648e-008, 3.51053941472e-008, 7.39055252552e-008, 6.96567425962e-008, 4.20954187064e-008, 3.48106610204e-008, 4.0580339089e-009, 4.9301770999e-011, 6.57038833063e-012, 6.35335534183e-012, 6.33243991301e-015, 2.89002301118e-019, 4.75258600037e-021]
        dvar2: [4.62729290648e-012, 2.02719636633e-008, 8.95181102578e-008, 6.46367510626e-008, 2.38963139054e-007, 9.38722024557e-008, 1.17770738939e-007, 1.78292580699e-007, 9.91111122062e-008, 1.50334173554e-007, 1.13717213424e-007, 9.91534463424e-008, 9.69257030192e-008, 2.17782059053e-008, 4.78115822489e-008, 4.46975327861e-008, 9.12960871347e-008, 1.90779246623e-007, 1.76132871843e-007, 1.07194345844e-007, 9.4278739482e-008, 1.12709210853e-008, 1.2109921399e-010, 1.25188010999e-011, 1.17713668674e-011, 1.47314208358e-014, 8.19657404882e-019, 1.52679155696e-020]
        max: [1.5481855371e-005, 0.0016788574867, 0.00320015102625, 0.00439895223826, 0.00663627916947, 0.00566775212064, 0.00722796330228, 0.00749730551615, 0.00595286022872, 0.00538458954543, 0.00547933392227, 0.00523428851739, 0.005572442431, 0.00428535230458, 0.00531956227496, 0.0051194652915, 0.00986216124147, 0.0117653785273, 0.00908130593598, 0.0052373399958, 0.00371981528588, 0.001980537083, 0.000266697607003, 8.93793549039e-005, 7.31800537324e-005, 6.62919501337e-006, 4.52202186807e-008, 1.51109891267e-009]
        mean: [4.39379391537e-007, 5.15374013048e-005, 0.000118339179608, 0.000103879712697, 0.000264225964202, 0.000208306824788, 0.000175212233444, 0.000157116126502, 0.000131829699967, 0.000147881073644, 0.00011514723883, 0.000120272961794, 0.000116354349302, 5.1987637562e-005, 7.82509378041e-005, 7.94685329311e-005, 0.000119585594803, 0.00019800393784, 0.000258385000052, 0.000219331253902, 0.000137624447234, 3.03241286019e-005, 4.54879682366e-006, 1.83939789622e-006, 1.43196234603e-006, 3.17004520412e-008, 2.57118132341e-010, 2.61427286069e-011]
        median: [1.46639456133e-008, 1.32433251565e-005, 3.37190213031e-005, 3.20017643389e-005, 0.000134102185257, 0.000100095072412, 6.91076202202e-005, 4.71743624075e-005, 3.87746622437e-005, 3.70163106709e-005, 2.5243325581e-005, 2.56943640125e-005, 1.97589361051e-005, 1.50961777763e-005, 1.87001824088e-005, 1.55852812895e-005, 3.02596945403e-005, 3.18303136737e-005, 5.54632933927e-005, 3.54353687726e-005, 1.79927519639e-005, 3.01331238006e-006, 3.64508366602e-007, 1.24760532572e-007, 6.48465245945e-008, 1.5616887783e-009, 6.74263006539e-011, 4.6666958492e-012]
        min: [1.04584307361e-023, 1.60938416282e-023, 2.33674704959e-023, 2.61762854796e-023, 1.72721631624e-023, 2.85390658857e-023, 8.45405634492e-023, 2.49668702041e-023, 4.83276448486e-023, 6.29455340341e-023, 8.03270112298e-023, 3.28579783676e-023, 5.51700476357e-023, 6.69645152889e-023, 1.24540424602e-022, 1.21854397396e-022, 1.07207900959e-022, 1.61731328777e-022, 2.30382801024e-022, 3.22950036805e-022, 4.25074555956e-022, 5.56031575162e-022, 5.19586100367e-022, 6.21454018843e-022, 1.07024761536e-021, 1.29428704069e-021, 2.42850918025e-021, 7.31186161102e-022]
        var: [1.94507496047e-012, 1.06995798888e-008, 4.95111329712e-008, 3.92590280285e-008, 1.434589052e-007, 1.03921010464e-007, 9.44076816722e-008, 1.09841906237e-007, 8.27630515232e-008, 1.03103772631e-007, 7.88698173437e-008, 7.68258914263e-008, 9.50697298663e-008, 1.55618877784e-008, 3.44064510216e-008, 3.38234471542e-008, 7.71087371731e-008, 2.0406338308e-007, 1.96363316718e-007, 1.40752121069e-007, 6.29254301998e-008, 4.72779504435e-009, 1.01612447623e-010, 2.10480018831e-011, 1.96132016878e-011, 1.25549637486e-014, 3.29824827571e-019, 3.67584160427e-021]
    mfcc:
        mean: [-788.672607422, 125.099822998, -38.5064086914, 39.0824966431, -17.3054084778, -12.1619319916, 2.58356785774, -9.85869026184, -4.9174156189, -7.44639778137, -4.31319522858, -4.49645805359, -3.16155052185]
        cov: [[13589.5449219, -27.2328338623, -1965.94519043, 1608.04150391, -962.677001953, 561.520690918, 506.753509521, 100.614356995, 341.442504883, -158.755661011, 141.489044189, 61.9761314392, 91.3291473389], [-27.2328338623, 1585.72277832, -101.678421021, -84.4158782959, 95.244934082, -204.123962402, -2.23036551476, -74.6551132202, -64.9953842163, -17.2314186096, -41.7576675415, -13.0596809387, -5.03918743134], [-1965.94519043, -101.678421021, 725.113037109, -242.590667725, 192.06968689, -25.3481121063, -119.039863586, 29.0378074646, -44.0327720642, 32.5675010681, -33.2045173645, -24.4117507935, -4.06499290466], [1608.04150391, -84.4158782959, -242.590667725, 512.479980469, -94.0470199585, 116.460258484, 61.7114906311, -9.42803573608, 80.801651001, -26.3524856567, 3.1523733139, 10.7882146835, 20.878288269], [-962.677001953, 95.244934082, 192.06968689, -94.0470199585, 278.22454834, -31.7934875488, -49.0143585205, -3.63656425476, -19.0557727814, 24.6366348267, -33.1923561096, -14.4828691483, 3.58090090752], [561.520690918, -204.123962402, -25.3481121063, 116.460258484, -31.7934875488, 210.520553589, 56.6250762939, 30.031627655, 48.2430686951, 2.22905421257, 23.9387664795, -1.40015029907, 11.3801288605], [506.753509521, -2.23036551476, -119.039863586, 61.7114906311, -49.0143585205, 56.6250762939, 167.145706177, 33.8830528259, 15.372294426, -8.67604255676, 4.11467647552, 15.3494167328, 2.31878805161], [100.614356995, -74.6551132202, 29.0378074646, -9.42803573608, -3.63656425476, 30.031627655, 33.8830528259, 114.333618164, 28.0796775818, 3.05550956726, 15.8441925049, 1.36464571953, 8.02232837677], [341.442504883, -64.9953842163, -44.0327720642, 80.801651001, -19.0557727814, 48.2430686951, 15.372294426, 28.0796775818, 105.524650574, 19.6245136261, 1.84879243374, 3.61478257179, 7.59231233597], [-158.755661011, -17.2314186096, 32.5675010681, -26.3524856567, 24.6366348267, 2.22905421257, -8.67604255676, 3.05550956726, 19.6245136261, 80.3936767578, 20.8279132843, -4.96574687958, 2.86924386024], [141.489044189, -41.7576675415, -33.2045173645, 3.1523733139, -33.1923561096, 23.9387664795, 4.11467647552, 15.8441925049, 1.84879243374, 20.8279132843, 88.2293319702, 27.0709209442, 0.488885909319], [61.9761314392, -13.0596809387, -24.4117507935, 10.7882146835, -14.4828691483, -1.40015029907, 15.3494167328, 1.36464571953, 3.61478257179, -4.96574687958, 27.0709209442, 71.5932388306, 18.7107505798], [91.3291473389, -5.03918743134, -4.06499290466, 20.878288269, 3.58090090752, 11.3801288605, 2.31878805161, 8.02232837677, 7.59231233597, 2.86924386024, 0.488885909319, 18.7107505798, 62.916305542]]
        icov: [[0.000201675939024, -5.89628834859e-005, 0.000321330240695, -0.000358600227628, 0.000331797637045, -0.000246878596954, -2.30028363148e-005, -0.000221032780246, -5.41585613973e-005, 8.25053284643e-005, -3.50628142769e-005, 0.00010573335021, -0.000131312350277], [-5.89628834859e-005, 0.000798204622697, 7.22791592125e-005, 0.000125800244859, -0.000443633820396, 0.000831488578115, -0.000321952160448, 0.000426188664278, 6.36518234387e-005, 0.000154755354743, -7.74195723352e-005, 0.000265283451881, -0.000148209117469], [0.000321330240695, 7.22791592125e-005, 0.00277786166407, 0.000143558325362, -0.000481821130961, -0.00103647436481, 0.00133929064032, -0.00135961326305, 0.000687449879479, -0.000489542086143, 0.000990814296529, -0.000158821349032, -1.10146738734e-005], [-0.000358600227628, 0.000125800244859, 0.000143558325362, 0.00362058519386, -0.00039928915794, -0.000767213234212, -4.73853178846e-005, 0.0012435169192, -0.0016520190984, 0.000886381196324, 0.000255213526543, -0.000101406229078, -0.000469777703984], [0.000331797637045, -0.000443633820396, -0.000481821130961, -0.00039928915794, 0.0054937498644, -0.000662388047203, 0.000611224677414, -0.000602293701377, 0.000416517897975, -0.00151990656741, 0.00182522495743, -0.000180459115654, -0.00049585942179], [-0.000246878596954, 0.000831488578115, -0.00103647436481, -0.000767213234212, -0.000662388047203, 0.00790683645755, -0.00255299196579, 0.000573762750719, -0.00217491225339, 0.000987530569546, -0.00281964382157, 0.00223893253133, -0.00118545314763], [-2.30028363148e-005, -0.000321952160448, 0.00133929064032, -4.73853178846e-005, 0.000611224677414, -0.00255299196579, 0.00869086850435, -0.00315457466058, 0.00145587674342, -0.000946453423239, 0.00249456916936, -0.00272030988708, 0.00127586943563], [-0.000221032780246, 0.000426188664278, -0.00135961326305, 0.0012435169192, -0.000602293701377, 0.000573762750719, -0.00315457466058, 0.0119015695527, -0.00387232960202, 0.00200192281045, -0.00338156637736, 0.00204629986547, -0.00182257790584], [-5.41585613973e-005, 6.36518234387e-005, 0.000687449879479, -0.0016520190984, 0.000416517897975, -0.00217491225339, 0.00145587674342, -0.00387232960202, 0.0140557121485, -0.0051432037726, 0.0033914395608, -0.00217188056558, 0.000644070794806], [8.25053284643e-005, 0.000154755354743, -0.000489542086143, 0.000886381196324, -0.00151990656741, 0.000987530569546, -0.000946453423239, 0.00200192281045, -0.0051432037726, 0.0166169274598, -0.00642960611731, 0.00389686599374, -0.00199171900749], [-3.50628142769e-005, -7.74195723352e-005, 0.000990814296529, 0.000255213526543, 0.00182522495743, -0.00281964382157, 0.00249456916936, -0.00338156637736, 0.0033914395608, -0.00642960611731, 0.0174883119762, -0.00781305041164, 0.00284098810516], [0.00010573335021, 0.000265283451881, -0.000158821349032, -0.000101406229078, -0.000180459115654, 0.00223893253133, -0.00272030988708, 0.00204629986547, -0.00217188056558, 0.00389686599374, -0.00781305041164, 0.0194162745029, -0.00629335083067], [-0.000131312350277, -0.000148209117469, -1.10146738734e-005, -0.000469777703984, -0.00049585942179, -0.00118545314763, 0.00127586943563, -0.00182257790584, 0.000644070794806, -0.00199171900749, 0.00284098810516, -0.00629335083067, 0.0185186881572]]
    sccoeffs:
        dmean: [0.0454367771745, 0.0417238138616, 0.0355397686362, 0.0281330589205, 0.0199211556464, 0.0179635286331]
        dmean2: [0.0750722438097, 0.0684204995632, 0.058284111321, 0.0461519509554, 0.0324619114399, 0.0280353855342]
        dvar: [0.00146125047468, 0.00116856384557, 0.000822858186439, 0.000520113331731, 0.000287119299173, 0.000335972203175]
        dvar2: [0.00390909612179, 0.00309874117374, 0.00218335515819, 0.00135791988578, 0.000707349099685, 0.000768888217863]
        max: [-0.354511201382, -0.436119765043, -0.5054859519, -0.562226295471, -0.551679611206, -0.51300239563]
        mean: [-0.6791664958, -0.745563745499, -0.772418379784, -0.7862611413, -0.798023402691, -0.758071899414]
        median: [-0.682490229607, -0.746963977814, -0.774745464325, -0.790335416794, -0.80200111866, -0.759170174599]
        min: [-0.959666550159, -0.979037702084, -0.97494238615, -0.96262216568, -0.961643278599, -0.961826443672]
        var: [0.00554490322247, 0.00509012350813, 0.00431527756155, 0.00292372563854, 0.00201534014195, 0.00280451332219]
    scvalleys:
        dmean: [0.368099212646, 0.327814131975, 0.28559666872, 0.252430260181, 0.236221536994, 0.253188490868]
        dmean2: [0.608116984367, 0.531821548939, 0.457371562719, 0.390003174543, 0.341187596321, 0.351822823286]
        dvar: [0.105001203716, 0.0876734554768, 0.0655298307538, 0.0604992620647, 0.0760481730103, 0.126324489713]
        dvar2: [0.253398984671, 0.202046468854, 0.141046598554, 0.116341859102, 0.128658160567, 0.212847664952]
        max: [-5.07962226868, -4.38738679886, -5.07633018494, -5.66336631775, -5.41558408737, -7.67158746719]
        mean: [-7.60046005249, -7.06380033493, -7.58873939514, -8.16058540344, -8.18372440338, -11.1000127792]
        median: [-7.26431560516, -6.79379558563, -7.29938316345, -8.00046730042, -8.04335021973, -11.0024738312]
        min: [-27.5360069275, -27.5072574615, -27.3093204498, -27.3499183655, -27.2684822083, -27.3261451721]
        var: [2.48877024651, 1.94852006435, 2.17673254013, 2.21755933762, 2.74323558807, 2.93550014496]

rhythm:
    beats_loudness:
        dmean: 0.00169586006086
        dmean2: 0.00293649360538
        dvar: 4.2273118197e-006
        dvar2: 1.15688071674e-005
        max: 0.0191231332719
        mean: 0.00401658890769
        median: 0.00280400551856
        min: 3.28797752913e-011
        var: 1.41273167173e-005
    bpm: 153.797317505
    bpm_confidence: 0
    first_peak_bpm: 152
    first_peak_spread: 0.076376542449
    first_peak_weight: 0.300404399633
    onset_rate: 2.7752623558
    second_peak_bpm: 157
    second_peak_spread: 0.0206421688199
    second_peak_weight: 0.246678218246
    beats_loudness_band_ratio:
        dmean: [0.0851812213659, 0.136336758733, 0.125862389803, 0.09120477736, 0.0779889374971, 0.103749483824]
        dmean2: [0.146731868386, 0.236179307103, 0.22120217979, 0.156754076481, 0.134698271751, 0.184434533119]
        dvar: [0.00767756206915, 0.0191116090864, 0.0163867436349, 0.00862857419997, 0.00769294518977, 0.0228506531566]
        dvar2: [0.020494800061, 0.0556902587414, 0.0475968904793, 0.0245961882174, 0.0217628870159, 0.0674181357026]
        max: [0.740605294704, 0.888069450855, 0.9328135252, 0.758497357368, 0.73930990696, 0.986585795879]
        mean: [0.131010875106, 0.220747679472, 0.206883698702, 0.144639149308, 0.15577955544, 0.179908499122]
        median: [0.0990893766284, 0.161146193743, 0.163064926863, 0.110914856195, 0.14128780365, 0.167890399694]
        min: [0, 0, 0, 0, 0, 0]
        var: [0.0123283825815, 0.0335912667215, 0.0241953209043, 0.0123216882348, 0.0136246308684, 0.0256176870316]
