
metadata:
    version:
        essentia: "2.1-beta2"
    audio_properties:
        analysis_sample_rate: 44100
        bitrate: 128
        channels: 2
        equal_loudness: 1
        length: 268.747741699
        replay_gain: -12.5534305573
        downmix: "mix"
    tags:
        album: "Once"
        artist: "Nightwish"
        comment: ""
        date: "2012"
        genre: "Blues"
        title: "Dark Chest of Wonders"
        tracknumber: "1"

configuration:
    average_loudness:
        compute: 1
        frameSize: 88200
        hopSize: 44100
        silentFrames: "noise"
        windowType: "hann"
    general:
        analysisSampleRate: 44100
        endTime: 2000
        equalLoudness: 1
        nequalLoudness: 0
        shortSound: 0
        startTime: 0
    lowlevel:
        compute: 1
        frameSize: 2048
        hopSize: 1024
        zeroPadding: 0
        silentFrames: "noise"
        windowType: "blackmanharris62"
        mfccStats: ["mean", "cov", "icov"]
        stats: ["mean", "var", "median", "min", "max", "dmean", "dmean2", "dvar", "dvar2"]
    panning:
        compute: 0
        frameSize: 8192
        hopSize: 2048
        zeroPadding: 8192
        silentFrames: "noise"
        windowType: "hann"
        stats: ["copy"]
    rhythm:
        compute: 1
        maxTempo: 208
        minTempo: 40
        method: "degara"
        stats: ["mean", "var", "median", "min", "max", "dmean", "dmean2", "dvar", "dvar2"]
    segmentation:
        compute: 0
        cpw: 5
        inc1: 300
        inc2: 50
        minimumSegmentsLength: 10
        size1: 1000
        size2: 600
    sfx:
        compute: 1
        stats: ["mean", "var", "median", "min", "max", "dmean", "dmean2", "dvar", "dvar2"]
    svm:
        compute: 0
    tonal:
        compute: 1
        frameSize: 4096
        hopSize: 2048
        zeroPadding: 0
        silentFrames: "noise"
        windowType: "blackmanharris62"
        stats: ["mean", "var", "median", "min", "max", "dmean", "dmean2", "dvar", "dvar2"]

lowlevel:
    average_loudness: 0.947471797466
    barkbands_kurtosis:
        dmean: 0.621014773846
        dmean2: 1.0212264061
        dvar: 2.46416687965
        dvar2: 5.11244916916
        max: 83.4757919312
        mean: -0.689910471439
        median: -1.06248319149
        min: -1.87685906887
        var: 3.85860109329
    barkbands_skewness:
        dmean: 0.355918377638
        dmean2: 0.547747969627
        dvar: 0.124477617443
        dvar2: 0.250025808811
        max: 8.27590370178
        mean: -0.329140126705
        median: -0.42330750823
        min: -3.08929085732
        var: 0.528501451015
    barkbands_spread:
        dmean: 5.88423156738
        dmean2: 9.52227687836
        dvar: 27.1498641968
        dvar2: 69.3800506592
        max: 71.699546814
        mean: 35.4373435974
        median: 35.406867981
        min: 1.66761362553
        var: 83.3733825684
    dissonance:
        dmean: 0.0104675143957
        dmean2: 0.0179318170995
        dvar: 0.000115684582852
        dvar2: 0.00032379743061
        max: 0.500000119209
        mean: 0.482790231705
        median: 0.486944109201
        min: 0.279327094555
        var: 0.000248358759563
    hfc:
        dmean: 2.79051113129
        dmean2: 4.25122499466
        dvar: 9.07019424438
        dvar2: 20.5152988434
        max: 44.3632125854
        mean: 11.4579467773
        median: 11.5712814331
        min: 1.11030031638e-016
        var: 35.8306846619
    pitch:
        dmean: 946.604553223
        dmean2: 1817.43933105
        dvar: 1879580.625
        dvar2: 4518976.5
        max: 4786.61572266
        mean: 1537.97949219
        median: 521.044128418
        min: 61.8608589172
        var: 2550671
    pitch_instantaneous_confidence:
        dmean: 0.0780845060945
        dmean2: 0.126761898398
        dvar: 0.00420973123983
        dvar2: 0.0101340590045
        max: 0.944241821766
        mean: 0.346982836723
        median: 0.320136606693
        min: 0.0875273346901
        var: 0.0173276364803
    pitch_salience:
        dmean: 0.0529005490243
        dmean2: 0.0855908319354
        dvar: 0.00223416578956
        dvar2: 0.00540192937478
        max: 0.945187211037
        mean: 0.659774303436
        median: 0.674804806709
        min: 0.115361265838
        var: 0.00693757412955
    silence_rate_20dB:
        dmean: 0
        dmean2: 0
        dvar: 0
        dvar2: 0
        max: 1
        mean: 1
        median: 1
        min: 1
        var: 0
    silence_rate_30dB:
        dmean: 0
        dmean2: 0
        dvar: 0
        dvar2: 0
        max: 1
        mean: 1
        median: 1
        min: 1
        var: 0
    silence_rate_60dB:
        dmean: 0.0501123219728
        dmean2: 0.10023330152
        dvar: 0.0475955307484
        dvar2: 0.104523420334
        max: 1
        mean: 0.132786184549
        median: 0
        min: 0
        var: 0.115143172443
    spectral_centroid:
        dmean: 266.071960449
        dmean2: 413.487426758
        dvar: 69636.8515625
        dvar2: 144430.453125
        max: 11815.9667969
        mean: 1992.91540527
        median: 2034.08435059
        min: 153.244338989
        var: 618558.875
    spectral_complexity:
        dmean: 4.61724567413
        dmean2: 7.03603219986
        dvar: 19.9095840454
        dvar2: 40.4982261658
        max: 49
        mean: 21.6820735931
        median: 23
        min: 0
        var: 94.0856552124
    spectral_crest:
        dmean: 1.61611115932
        dmean2: 2.67380452156
        dvar: 2.59661865234
        dvar2: 6.38614988327
        max: 23.7548809052
        mean: 5.83706140518
        median: 5.21597862244
        min: 2.21760845184
        var: 5.84404563904
    spectral_decrease:
        dmean: 2.40116343475e-010
        dmean2: 3.72859187969e-010
        dvar: 6.65835285912e-020
        dvar2: 1.48289495593e-019
        max: 2.09734204278e-028
        mean: -1.21500820516e-009
        median: -1.22327770136e-009
        min: -3.81060472066e-009
        var: 2.77720565689e-019
    spectral_energy:
        dmean: 0.0011159083806
        dmean2: 0.00171809084713
        dvar: 1.44865839502e-006
        dvar2: 3.20218418892e-006
        max: 0.0176747441292
        mean: 0.00562498532236
        median: 0.00567947048694
        min: 1.02090493876e-020
        var: 6.13715428699e-006
    spectral_energyband_high:
        dmean: 0.000238916720264
        dmean2: 0.000378533790354
        dvar: 8.4346282847e-008
        dvar2: 2.02389500714e-007
        max: 0.00454976782203
        mean: 0.000621873536147
        median: 0.000571799697354
        min: 7.3104768509e-021
        var: 1.89244943272e-007
    spectral_energyband_low:
        dmean: 0.000320030521834
        dmean2: 0.000524488335941
        dvar: 1.36046253374e-007
        dvar2: 3.50863501808e-007
        max: 0.00521721644327
        mean: 0.000620381324552
        median: 0.000511028105393
        min: 1.91312953235e-023
        var: 2.44477234901e-007
    spectral_energyband_middle_high:
        dmean: 0.000774297455791
        dmean2: 0.0011882224353
        dvar: 6.16152931343e-007
        dvar2: 1.39339761063e-006
        max: 0.0134081225842
        mean: 0.00324273551814
        median: 0.0031511336565
        min: 1.1932053073e-021
        var: 3.14188014272e-006
    spectral_energyband_middle_low:
        dmean: 0.000478826113977
        dmean2: 0.000773388892412
        dvar: 3.15501665682e-007
        dvar2: 7.84624262451e-007
        max: 0.00801625289023
        mean: 0.00133660587016
        median: 0.00116821483243
        min: 2.07880398552e-022
        var: 7.85644260759e-007
    spectral_flatness_db:
        dmean: 0.0122637236491
        dmean2: 0.0190761424601
        dvar: 0.000130664004246
        dvar2: 0.000289075484034
        max: 0.365032672882
        mean: 0.13543856144
        median: 0.132673248649
        min: 0.0497273728251
        var: 0.000722253927961
    spectral_flux:
        dmean: 0.00690092798322
        dmean2: 0.010454245843
        dvar: 5.06098658661e-005
        dvar2: 0.000108714586531
        max: 0.126315832138
        mean: 0.0456054359674
        median: 0.0464381575584
        min: 6.46555448069e-011
        var: 0.000219533787458
    spectral_kurtosis:
        dmean: 1.10133016109
        dmean2: 1.86481618881
        dvar: 2.03725981712
        dvar2: 5.39520359039
        max: 58.3988342285
        mean: 3.31306362152
        median: 2.97105002403
        min: -1.26110887527
        var: 5.45278835297
    spectral_rms:
        dmean: 0.000230357662076
        dmean2: 0.000348530593328
        dvar: 5.67133611185e-008
        dvar2: 1.15970081538e-007
        max: 0.00415254756808
        mean: 0.00225411355495
        median: 0.00235392153263
        min: 3.15595444743e-012
        var: 4.06755646054e-007
    spectral_rolloff:
        dmean: 297.92956543
        dmean2: 475.502319336
        dvar: 183166.171875
        dvar2: 370140.75
        max: 19702.8808594
        mean: 3637.73486328
        median: 3746.77734375
        min: 107.666015625
        var: 1472034.25
    spectral_skewness:
        dmean: 0.163972109556
        dmean2: 0.261007636786
        dvar: 0.027966434136
        dvar2: 0.0651158541441
        max: 5.2487206459
        mean: 1.1567261219
        median: 1.12064790726
        min: -0.111843086779
        var: 0.132189616561
    spectral_spread:
        dmean: 396771.78125
        dmean2: 591935.375
        dvar: 365927399424
        dvar2: 669246554112
        max: 42829148
        mean: 4230198
        median: 3914919.5
        min: 982105.5625
        var: 6.72672199475e+012
    spectral_strongpeak:
        dmean: 0.60772383213
        dmean2: 1.05485796928
        dvar: 0.89021140337
        dvar2: 2.24381566048
        max: 9.82330703735
        mean: 0.802632689476
        median: 0.237402170897
        min: 0
        var: 1.3894213438
    zerocrossingrate:
        dmean: 0.00810756161809
        dmean2: 0.00958036258817
        dvar: 7.29461535229e-005
        dvar2: 8.55967664393e-005
        max: 0.53125
        mean: 0.110894680023
        median: 0.11328125
        min: 0.00927734375
        var: 0.00114979059435
    barkbands:
        dmean: [5.74949808652e-007, 0.000132134082378, 0.000191395738511, 0.000198473891942, 0.000193749903701, 0.000101912759419, 0.000106788524135, 9.14254269446e-005, 0.000110019740532, 9.33273913688e-005, 0.000108724329039, 0.000109982524009, 9.21474711504e-005, 0.000115856950288, 0.000119343472761, 0.000134549918585, 0.000182163261343, 0.000213990308112, 0.000308390153805, 0.000235584215261, 0.000120260214317, 3.90656678064e-005, 5.5972645896e-006, 2.33078412748e-006, 1.03202648916e-006, 2.24276419658e-008, 2.72055794559e-010]
        dmean2: [9.64810396908e-007, 0.000222041868255, 0.000318634789437, 0.000328238820657, 0.000321174709825, 0.000167122023413, 0.000176109955646, 0.000149395913468, 0.000181468887604, 0.000151496395119, 0.0001778206788, 0.000182157731615, 0.000152655848069, 0.000187651079614, 0.000194661552086, 0.000222565271542, 0.000301249558106, 0.000344852684066, 0.000501375005115, 0.000380962330382, 0.000195498520043, 6.42115774099e-005, 8.98279449757e-006, 3.61150569006e-006, 1.55946872837e-006, 3.41990258335e-008, 4.85759654723e-010]
        dvar: [5.2478746175e-013, 2.7034509742e-008, 6.34682351119e-008, 8.06981361734e-008, 9.11632227485e-008, 2.4429581913e-008, 3.64174681522e-008, 3.09189758241e-008, 4.42772005727e-008, 2.70201105934e-008, 4.50830199838e-008, 5.06381994114e-008, 1.69019926943e-008, 3.9900150739e-008, 5.50652252684e-008, 3.20681081689e-008, 7.37575192034e-008, 9.25375474026e-008, 1.20105724477e-007, 6.28515977041e-008, 2.31139765106e-008, 3.95641386319e-009, 1.0509258741e-010, 2.9501324994e-011, 6.61433885094e-012, 2.6950938785e-015, 1.28061569195e-019]
        dvar2: [1.28632542985e-012, 7.09064735815e-008, 1.62993572417e-007, 2.02701755825e-007, 2.33163405028e-007, 6.59339107756e-008, 9.63655324426e-008, 7.54600506525e-008, 1.14435685816e-007, 6.62641710392e-008, 1.10883163984e-007, 1.28689947587e-007, 4.42704539694e-008, 8.98268623928e-008, 1.30146048605e-007, 8.23693468988e-008, 1.82424386708e-007, 2.16351693894e-007, 3.08580041519e-007, 1.57604048923e-007, 5.99086575903e-008, 9.59987289662e-009, 2.41502595699e-010, 6.05801311893e-011, 1.35979066548e-011, 5.92583318163e-015, 3.70398398508e-019]
        max: [6.93790343576e-006, 0.00139886001125, 0.00353452889249, 0.00469967769459, 0.00591473933309, 0.00258328556083, 0.00421375315636, 0.00419425498694, 0.00464307283983, 0.00373265496455, 0.00623781746253, 0.00662012444809, 0.00273881736211, 0.0053361733444, 0.00874997954816, 0.00351725611836, 0.00685447175056, 0.00676683150232, 0.00712186610326, 0.0043564918451, 0.00277982768603, 0.0014397026971, 0.000184338743566, 0.000150809573825, 5.89320407016e-005, 1.37705785619e-006, 7.08495706547e-009]
        mean: [5.95898029587e-007, 0.000176175351953, 0.000299833627651, 0.000284973939415, 0.000299103674479, 0.000184755219379, 0.000169385602931, 0.000151474028826, 0.000188043210073, 0.000151589119923, 0.000178033486009, 0.000196020046133, 0.000159064671607, 0.000202500072191, 0.000220589834498, 0.00026450122823, 0.000360860431101, 0.000436801172327, 0.00076462328434, 0.000578678445891, 0.000275990722002, 6.59086581436e-005, 9.28615554585e-006, 4.27779696111e-006, 1.88094281839e-006, 4.29585824691e-008, 3.20954512967e-010]
        median: [3.32784736656e-007, 0.000119096046546, 0.000206272379728, 0.000168738100911, 0.00018690462457, 0.000101928890217, 8.42151566758e-005, 6.47314809612e-005, 9.13217882044e-005, 7.92221471784e-005, 8.15970197436e-005, 9.51169713517e-005, 0.000109426051495, 0.000126604136312, 0.000145536439959, 0.000204663912882, 0.000266855029622, 0.000346534652635, 0.000669572269544, 0.000533756101504, 0.000249443721259, 4.49286599178e-005, 4.98004465044e-006, 2.0381523882e-006, 7.68583106492e-007, 2.03572501078e-008, 1.85828394339e-010]
        min: [8.19982454008e-025, 2.50717784493e-024, 1.78323072587e-024, 9.48932319981e-025, 1.43974593604e-023, 1.29307200242e-023, 9.4273982104e-024, 1.03085006213e-023, 1.9358290049e-023, 1.64059071137e-023, 1.24150282398e-023, 2.82949134356e-023, 4.51325215242e-023, 4.23369688701e-023, 4.1249871211e-023, 6.54169405868e-023, 7.59985440646e-023, 6.76071908021e-023, 1.10218800019e-022, 1.618340574e-022, 2.41180098006e-022, 3.02232908604e-022, 4.3714884835e-022, 5.63763219827e-022, 9.60005199998e-022, 1.20874160098e-021, 1.87078325808e-021]
        var: [5.59764908037e-013, 3.3251446041e-008, 1.04588117722e-007, 1.34243322236e-007, 1.25336143242e-007, 5.84832875461e-008, 6.91099870664e-008, 7.30414555505e-008, 9.65127142649e-008, 5.44498028887e-008, 1.04387765987e-007, 1.23570487176e-007, 3.18012425282e-008, 9.03973997879e-008, 1.21432293554e-007, 6.69102959705e-008, 1.41720036595e-007, 1.81776954378e-007, 3.66493225101e-007, 1.61243661978e-007, 4.19206251934e-008, 5.30297983303e-009, 1.75513562017e-010, 7.17529854977e-011, 1.85290966598e-011, 5.42800269589e-015, 1.66351708051e-019]
    frequency_bands:
        dmean: [5.74949808652e-007, 0.000132134082378, 0.000191395738511, 0.000198473891942, 0.000193749903701, 0.000101912759419, 0.000106788524135, 9.14254269446e-005, 0.000110019740532, 9.33273913688e-005, 0.000108724329039, 0.000109982524009, 9.21474711504e-005, 0.000115856950288, 0.000119343472761, 0.000134549918585, 0.000182163261343, 0.000213990308112, 0.000308390153805, 0.000235584215261, 0.000120260214317, 3.90656678064e-005, 5.5972645896e-006, 2.33078412748e-006, 1.03202648916e-006, 2.24276419658e-008, 2.72055794559e-010, 6.43976469372e-011]
        dmean2: [9.64810396908e-007, 0.000222041868255, 0.000318634789437, 0.000328238820657, 0.000321174709825, 0.000167122023413, 0.000176109955646, 0.000149395913468, 0.000181468887604, 0.000151496395119, 0.0001778206788, 0.000182157731615, 0.000152655848069, 0.000187651079614, 0.000194661552086, 0.000222565271542, 0.000301249558106, 0.000344852684066, 0.000501375005115, 0.000380962330382, 0.000195498520043, 6.42115774099e-005, 8.98279449757e-006, 3.61150569006e-006, 1.55946872837e-006, 3.41990258335e-008, 4.85759654723e-010, 1.19102588902e-010]
        dvar: [5.2478746175e-013, 2.7034509742e-008, 6.34682351119e-008, 8.06981361734e-008, 9.11632227485e-008, 2.4429581913e-008, 3.64174681522e-008, 3.09189758241e-008, 4.42772005727e-008, 2.70201105934e-008, 4.50830199838e-008, 5.06381994114e-008, 1.69019926943e-008, 3.9900150739e-008, 5.50652252684e-008, 3.20681081689e-008, 7.37575192034e-008, 9.25375474026e-008, 1.20105724477e-007, 6.28515977041e-008, 2.31139765106e-008, 3.95641386319e-009, 1.0509258741e-010, 2.9501324994e-011, 6.61433885094e-012, 2.6950938785e-015, 1.28061569195e-019, 7.39377086897e-021]
        dvar2: [1.28632542985e-012, 7.09064735815e-008, 1.62993572417e-007, 2.02701755825e-007, 2.33163405028e-007, 6.59339107756e-008, 9.63655324426e-008, 7.54600506525e-008, 1.14435685816e-007, 6.62641710392e-008, 1.10883163984e-007, 1.28689947587e-007, 4.42704539694e-008, 8.98268623928e-008, 1.30146048605e-007, 8.23693468988e-008, 1.82424386708e-007, 2.16351693894e-007, 3.08580041519e-007, 1.57604048923e-007, 5.99086575903e-008, 9.59987289662e-009, 2.41502595699e-010, 6.05801311893e-011, 1.35979066548e-011, 5.92583318163e-015, 3.70398398508e-019, 2.31353870875e-020]
        max: [6.93790343576e-006, 0.00139886001125, 0.00353452889249, 0.00469967769459, 0.00591473933309, 0.00258328556083, 0.00421375315636, 0.00419425498694, 0.00464307283983, 0.00373265496455, 0.00623781746253, 0.00662012444809, 0.00273881736211, 0.0053361733444, 0.00874997954816, 0.00351725611836, 0.00685447175056, 0.00676683150232, 0.00712186610326, 0.0043564918451, 0.00277982768603, 0.0014397026971, 0.000184338743566, 0.000150809573825, 5.89320407016e-005, 1.37705785619e-006, 7.08495706547e-009, 1.09363051948e-009]
        mean: [5.95898029587e-007, 0.000176175351953, 0.000299833627651, 0.000284973939415, 0.000299103674479, 0.000184755219379, 0.000169385602931, 0.000151474028826, 0.000188043210073, 0.000151589119923, 0.000178033486009, 0.000196020046133, 0.000159064671607, 0.000202500072191, 0.000220589834498, 0.00026450122823, 0.000360860431101, 0.000436801172327, 0.00076462328434, 0.000578678445891, 0.000275990722002, 6.59086581436e-005, 9.28615554585e-006, 4.27779696111e-006, 1.88094281839e-006, 4.29585824691e-008, 3.20954512967e-010, 5.02848908346e-011]
        median: [3.32784736656e-007, 0.000119096046546, 0.000206272379728, 0.000168738100911, 0.00018690462457, 0.000101928890217, 8.42151566758e-005, 6.47314809612e-005, 9.13217882044e-005, 7.92221471784e-005, 8.15970197436e-005, 9.51169713517e-005, 0.000109426051495, 0.000126604136312, 0.000145536439959, 0.000204663912882, 0.000266855029622, 0.000346534652635, 0.000669572269544, 0.000533756101504, 0.000249443721259, 4.49286599178e-005, 4.98004465044e-006, 2.0381523882e-006, 7.68583106492e-007, 2.03572501078e-008, 1.85828394339e-010, 1.97783820571e-011]
        min: [8.19982454008e-025, 2.50717784493e-024, 1.78323072587e-024, 9.48932319981e-025, 1.43974593604e-023, 1.29307200242e-023, 9.4273982104e-024, 1.03085006213e-023, 1.9358290049e-023, 1.64059071137e-023, 1.24150282398e-023, 2.82949134356e-023, 4.51325215242e-023, 4.23369688701e-023, 4.1249871211e-023, 6.54169405868e-023, 7.59985440646e-023, 6.76071908021e-023, 1.10218800019e-022, 1.618340574e-022, 2.41180098006e-022, 3.02232908604e-022, 4.3714884835e-022, 5.63763219827e-022, 9.60005199998e-022, 1.20874160098e-021, 1.87078325808e-021, 4.81671350047e-022]
        var: [5.59764908037e-013, 3.3251446041e-008, 1.04588117722e-007, 1.34243322236e-007, 1.25336143242e-007, 5.84832875461e-008, 6.91099870664e-008, 7.30414555505e-008, 9.65127142649e-008, 5.44498028887e-008, 1.04387765987e-007, 1.23570487176e-007, 3.18012425282e-008, 9.03973997879e-008, 1.21432293554e-007, 6.69102959705e-008, 1.41720036595e-007, 1.81776954378e-007, 3.66493225101e-007, 1.61243661978e-007, 4.19206251934e-008, 5.30297983303e-009, 1.75513562017e-010, 7.17529854977e-011, 1.85290966598e-011, 5.42800269589e-015, 1.66351708051e-019, 6.15226728138e-021]
    mfcc:
        mean: [-689.112548828, 103.242286682, -58.6810112, 58.3725547791, -13.6729927063, 4.35042905807, 8.17751312256, -3.15715026855, 1.06367659569, -1.72555744648, -1.69040298462, -1.65462374687, -3.65254116058]
        cov: [[5458.59326172, 171.709442139, -670.686706543, 439.953308105, -266.119873047, 110.642097473, 50.1728591919, -53.0157966614, -3.67855215073, 14.4567499161, -33.710357666, -41.2409744263, -16.7097930908], [171.709442139, 628.708374023, -192.179580688, 121.519485474, -27.8270149231, -12.2404432297, 39.7809677124, -3.19437789917, -22.8768196106, -20.4942073822, -17.0781269073, -4.71630620956, -10.0001764297], [-670.686706543, -192.179580688, 407.643951416, -161.358825684, 93.9797058105, -33.8641357422, -55.7407341003, 23.9904937744, -6.99212884903, -2.00699734688, 12.7826471329, 0.998126447201, 9.84411907196], [439.953308105, 121.519485474, -161.358825684, 268.856933594, 7.60205793381, 62.9253540039, 31.4364356995, -30.3300418854, 33.1445579529, -5.13057374954, -11.7686290741, -4.15208292007, -2.72363996506], [-266.119873047, -27.8270149231, 93.9797058105, 7.60205793381, 139.493713379, 22.8594474792, -1.98098397255, 0.906196832657, 11.6421995163, 4.13598775864, -2.49530148506, 5.15361785889, 0.0207273252308], [110.642097473, -12.2404432297, -33.8641357422, 62.9253540039, 22.8594474792, 104.673614502, 48.6649551392, 6.73649454117, 15.0017824173, 3.02682900429, 0.243142172694, -10.4674739838, 2.52989602089], [50.1728591919, 39.7809677124, -55.7407341003, 31.4364356995, -1.98098397255, 48.6649551392, 101.772216797, 26.3702983856, 10.5709533691, 1.33867824078, 1.21576869488, -6.5374751091, 2.99634552002], [-53.0157966614, -3.19437789917, 23.9904937744, -30.3300418854, 0.906196832657, 6.73649454117, 26.3702983856, 73.1710586548, 9.24637699127, 8.13881778717, 4.57196187973, 1.51929044724, 2.66867899895], [-3.67855215073, -22.8768196106, -6.99212884903, 33.1445579529, 11.6421995163, 15.0017824173, 10.5709533691, 9.24637699127, 66.6605682373, 22.3118896484, 8.05768966675, -1.01157975197, -1.3798224926], [14.4567499161, -20.4942073822, -2.00699734688, -5.13057374954, 4.13598775864, 3.02682900429, 1.33867824078, 8.13881778717, 22.3118896484, 61.5008583069, 23.0811538696, 5.5118265152, 2.37520432472], [-33.710357666, -17.0781269073, 12.7826471329, -11.7686290741, -2.49530148506, 0.243142172694, 1.21576869488, 4.57196187973, 8.05768966675, 23.0811538696, 56.8709831238, 19.4151325226, 2.04687952995], [-41.2409744263, -4.71630620956, 0.998126447201, -4.15208292007, 5.15361785889, -10.4674739838, -6.5374751091, 1.51929044724, -1.01157975197, 5.5118265152, 19.4151325226, 54.3212432861, 18.4495506287], [-16.7097930908, -10.0001764297, 9.84411907196, -2.72363996506, 0.0207273252308, 2.52989602089, 2.99634552002, 2.66867899895, -1.3798224926, 2.37520432472, 2.04687952995, 18.4495506287, 52.4552726746]]
        icov: [[0.000261417444563, 8.51393560879e-005, 0.000272959296126, -0.000343440566212, 0.000357589073246, -0.000145042664371, 0.000183553813258, -0.000114231312182, 0.000257369014435, -0.000187443132745, 6.11603172729e-005, 0.000141395255923, -4.23127585236e-006], [8.51393560879e-005, 0.00214182236232, 0.000900504121091, -0.00100190134253, -0.000307501235511, 0.00132137397304, -0.000661842699628, -0.000622478779405, 0.00121599726845, 0.000239488043007, -6.83553444105e-005, 0.000362155260518, 0.000116725270345], [0.000272959296126, 0.000900504121091, 0.00528702512383, 0.00186604564078, -0.00312353600748, 0.000368081819033, 0.00215648021549, -0.00154147075955, 1.34650854307e-005, 0.00138938589953, -0.00159372808412, 0.00189301779028, -0.0013641405385], [-0.000343440566212, -0.00100190134253, 0.00186604564078, 0.00740001676604, -0.00170739647001, -0.0031392138917, 0.00043432370876, 0.00261998549104, -0.00389303802513, 0.00165804906283, 0.000411891931435, -0.000579212850425, -0.000262230983935], [0.000357589073246, -0.000307501235511, -0.00312353600748, -0.00170739647001, 0.0107172261924, -0.00297575467266, 2.27916370932e-005, 0.000801132759079, -0.000645676802378, -0.00163760862779, 0.00251246010885, -0.00271301553585, 0.0015633929288], [-0.000145042664371, 0.00132137397304, 0.000368081819033, -0.0031392138917, -0.00297575467266, 0.0159489307553, -0.00657407939434, -0.000490936101414, 0.000264959089691, 0.000120351665828, -0.00164539413527, 0.0034391595982, -0.00153779727407], [0.000183553813258, -0.000661842699628, 0.00215648021549, 0.00043432370876, 2.27916370932e-005, -0.00657407939434, 0.0158213526011, -0.00546578038484, -0.000730492232833, 0.00117977499031, -0.00123874749988, 0.00163392547984, -0.00135745061561], [-0.000114231312182, -0.000622478779405, -0.00154147075955, 0.00261998549104, 0.000801132759079, -0.000490936101414, -0.00546578038484, 0.0176510419697, -0.00295641669072, -0.00138063263148, 0.000861300213728, -0.00152320542838, 0.000194716063561], [0.000257369014435, 0.00121599726845, 1.34650854307e-005, -0.00389303802513, -0.000645676802378, 0.000264959089691, -0.000730492232833, -0.00295641669072, 0.0203395523131, -0.00682988530025, -0.000592286523897, 0.00113684299868, 0.000756301917136], [-0.000187443132745, 0.000239488043007, 0.00138938589953, 0.00165804906283, -0.00163760862779, 0.000120351665828, 0.00117977499031, -0.00138063263148, -0.00682988530025, 0.0224629193544, -0.00861730147153, 0.00155527889729, -0.00159856793471], [6.11603172729e-005, -6.83553444105e-005, -0.00159372808412, 0.000411891931435, 0.00251246010885, -0.00164539413527, -0.00123874749988, 0.000861300213728, -0.000592286523897, -0.00861730147153, 0.0249206740409, -0.00978342629969, 0.00327543215826], [0.000141395255923, 0.000362155260518, 0.00189301779028, -0.000579212850425, -0.00271301553585, 0.0034391595982, 0.00163392547984, -0.00152320542838, 0.00113684299868, 0.00155527889729, -0.00978342629969, 0.0261494982988, -0.00930793303996], [-4.23127585236e-006, 0.000116725270345, -0.0013641405385, -0.000262230983935, 0.0015633929288, -0.00153779727407, -0.00135745061561, 0.000194716063561, 0.000756301917136, -0.00159856793471, 0.00327543215826, -0.00930793303996, 0.0227065868676]]
    sccoeffs:
        dmean: [0.0538244210184, 0.0456529408693, 0.0380605757236, 0.0292762238532, 0.0200593862683, 0.0207887422293]
        dmean2: [0.0902142226696, 0.0767625272274, 0.0638011544943, 0.04921368137, 0.0333387702703, 0.0315597839653]
        dvar: [0.00178503675852, 0.00125782890245, 0.000906142871827, 0.000528147618752, 0.000263001129497, 0.000333375879563]
        dvar2: [0.00498949782923, 0.00352879893035, 0.00247203139588, 0.00143827288412, 0.000695904367603, 0.000705583603121]
        max: [-0.369013011456, -0.474498063326, -0.531524181366, -0.476357549429, -0.565833806992, -0.544746339321]
        mean: [-0.670301616192, -0.766207039356, -0.783856451511, -0.795579373837, -0.795181035995, -0.709747850895]
        median: [-0.670911967754, -0.771789968014, -0.792483329773, -0.800358653069, -0.797449290752, -0.707565426826]
        min: [-0.980097830296, -0.976476073265, -0.977414488792, -0.971114873886, -0.966360569, -0.965696632862]
        var: [0.00434773694724, 0.00392093928531, 0.00362039147876, 0.0019075361779, 0.00111532653682, 0.00254369433969]
    scvalleys:
        dmean: [0.403762608767, 0.336397320032, 0.275868982077, 0.241333767772, 0.220893457532, 0.318024665117]
        dmean2: [0.676199138165, 0.563690781593, 0.457578003407, 0.38873681426, 0.323259264231, 0.458412855864]
        dvar: [0.111985765398, 0.0864865854383, 0.0616148225963, 0.0599230080843, 0.0697041600943, 0.152515217662]
        dvar2: [0.273492187262, 0.20805375278, 0.135535791516, 0.114882349968, 0.114908613265, 0.302684038877]
        max: [-4.9814414978, -5.01611089706, -5.39055156708, -5.55223703384, -5.46224308014, -7.68749475479]
        mean: [-6.72901344299, -6.6784362793, -6.81086540222, -6.86159896851, -6.73808050156, -9.89862155914]
        median: [-6.51043272018, -6.48826551437, -6.5779633522, -6.581366539, -6.38861656189, -9.63446712494]
        min: [-28.2348804474, -28.0961437225, -27.6383724213, -27.8458938599, -27.4212112427, -27.4208240509]
        var: [2.52022981644, 2.55979347229, 2.59062600136, 2.68320393562, 2.81206655502, 2.51872324944]

rhythm:
    beats_loudness:
        dmean: 0.00190084532369
        dmean2: 0.00331309600733
        dvar: 2.44991520049e-006
        dvar2: 6.95489552527e-006
        max: 0.0129975201562
        mean: 0.00726466393098
        median: 0.00750535493717
        min: 4.25759774658e-012
        var: 5.86302394368e-006
    bpm: 94.9214324951
    bpm_confidence: 0
    first_peak_bpm: 96
    first_peak_spread: 0.416430562735
    first_peak_weight: 0.470319628716
    onset_rate: 3.15537548065
    second_peak_bpm: 126
    second_peak_spread: 0.316666662693
    second_peak_weight: 0.0936073064804
    beats_loudness_band_ratio:
        dmean: [0.117533139884, 0.0630990192294, 0.0533897466958, 0.0610719062388, 0.084105566144, 0.0895757898688]
        dmean2: [0.200318604708, 0.107229456306, 0.0908847376704, 0.104049779475, 0.147207871079, 0.150020420551]
        dvar: [0.0105871260166, 0.00309270294383, 0.00334877124988, 0.00407766411081, 0.00697739142925, 0.00567234819755]
        dvar2: [0.0281258989125, 0.00865115039051, 0.00878300983459, 0.0112741319463, 0.0203418824822, 0.017263982445]
        max: [0.772353649139, 0.557459235191, 0.504718005657, 0.52453494072, 0.658330798149, 0.745448589325]
        mean: [0.225279077888, 0.104299947619, 0.0909419804811, 0.116119898856, 0.238694369793, 0.281725466251]
        median: [0.217061787844, 0.0940232425928, 0.0719031319022, 0.0976990386844, 0.227227911353, 0.278656303883]
        min: [0, 0, 0, 0, 0, 0]
        var: [0.0153929376975, 0.00469031650573, 0.00444024521858, 0.00551609136164, 0.00848161242902, 0.0102828098461]
    beats_position: [0.638548731804, 1.27709746361, 1.92725622654, 2.56580495834, 3.20435357094, 3.85451245308, 4.5046710968, 5.14321994781, 5.78176879883, 6.420317173, 7.04725599289, 7.6858048439, 8.31274318695, 8.93968200684, 9.57823085785, 10.2167797089, 10.8437185287, 11.4706573486, 12.0975961685, 12.7245349884, 13.3514738083, 13.9784126282, 14.6169614792, 15.2555103302, 15.8824491501, 16.50938797, 17.1363258362, 17.7632656097, 18.4018135071, 19.0403633118, 19.667301178, 20.2942390442, 20.9211788177, 21.5597267151, 22.1982765198, 22.825214386, 23.4637641907, 24.102312088, 24.7292518616, 25.3561897278, 25.9831295013, 26.6100673676, 27.2486171722, 27.8871650696, 28.5141029358, 29.1410427094, 29.7679805756, 30.3949203491, 31.0334682465, 31.6720180511, 32.2989578247, 32.9258956909, 33.5528335571, 34.1913833618, 34.8299331665, 35.4568710327, 36.0838088989, 36.7223587036, 37.3609046936, 37.9878463745, 38.6147842407, 39.2417221069, 39.8802719116, 40.5188217163, 41.1457595825, 41.7726974487, 42.3996353149, 43.0265769958, 43.6535148621, 44.2920608521, 44.9306106567, 45.5575485229, 46.1844902039, 46.8114280701, 47.4499778748, 48.0885238647, 48.7154655457, 49.3540115356, 49.9925613403, 50.6194992065, 51.2464370728, 51.8733787537, 52.5119247437, 53.1504745483, 53.7774124146, 54.4043540955, 55.0312919617, 55.6582298279, 56.2967796326, 56.9353294373, 57.5622673035, 58.1892051697, 58.8161430359, 59.4546928406, 60.0932426453, 60.7201805115, 61.3471183777, 61.9740562439, 62.6126060486, 63.2511558533, 63.8780937195, 64.5050354004, 65.1435852051, 65.7705230713, 66.409072876, 67.0360107422, 67.6629486084, 68.2898864746, 68.9400405884, 69.566986084, 70.1939239502, 70.8208618164, 71.4477996826, 72.0863494873, 72.724899292, 73.3518371582, 73.9787750244, 74.6173248291, 75.2558746338, 75.8828125, 76.5097503662, 77.1366882324, 77.7636260986, 78.3905639648, 79.0291137695, 79.6676635742, 80.2946014404, 80.9215393066, 81.5484771729, 82.1870269775, 82.8255767822, 83.4525146484, 84.0794525146, 84.7063903809, 85.356552124, 85.9834899902, 86.6104278564, 87.2373657227, 87.8643035889, 88.4912490845, 89.1297912598, 89.7683410645, 90.4068908691, 91.0454406738, 91.67237854, 92.2993164063, 92.9262542725, 93.5648040771, 94.2033538818, 94.830291748, 95.4572296143, 96.0841674805, 96.7111129761, 97.3496551514, 97.9882049561, 98.6267547607, 99.253692627, 99.8806304932, 100.519180298, 101.146118164, 101.77305603, 102.400001526, 103.038543701, 103.665489197, 104.304031372, 104.930976868, 105.557914734, 106.1848526, 106.823402405, 107.46194458, 108.100494385, 108.727432251, 109.354377747, 109.981315613, 110.619865417, 111.246803284, 111.87374115, 112.512290955, 113.15083313, 113.777778625, 114.404716492, 115.031654358, 115.658592224, 116.28553009, 116.912467957, 117.551017761, 118.189567566, 118.816505432, 119.443443298, 120.081993103, 120.720542908, 121.347480774, 121.97441864, 122.612968445, 123.239906311, 123.878456116, 124.505393982, 125.132331848, 125.770881653, 126.397819519, 127.024757385, 127.66330719, 128.290252686, 128.92880249, 129.567337036, 130.194290161, 130.821228027, 131.448165894, 132.086715698, 132.725265503, 133.352203369, 133.979141235, 134.606079102, 135.244628906, 135.883178711, 136.510116577, 137.137054443, 137.76399231, 138.239990234, 138.716003418, 139.192016602, 139.668029785, 140.155639648, 140.654876709, 141.154098511, 141.641723633, 142.140945435, 142.640182495, 143.127792358, 143.61541748, 144.091430664, 144.567428589, 145.031829834, 145.507843018, 145.983856201, 146.459854126, 146.93586731, 147.411880493, 147.887893677, 148.352294922, 148.816680908, 149.292694092, 149.768707275, 150.244720459, 150.720718384, 151.185119629, 151.661132813, 152.137145996, 152.613143921, 153.089157104, 153.55355835, 154.017959595, 154.493972778, 154.969970703, 155.445983887, 155.92199707, 156.397994995, 156.874008179, 157.350021362, 157.826034546, 158.290420532, 158.766433716, 159.242446899, 159.718460083, 160.206069946, 160.693695068, 161.19291687, 161.692153931, 162.202987671, 162.702224731, 163.178222656, 163.65423584, 164.141860962, 164.617858887, 165.09387207, 165.558273315, 166.034286499, 166.510284424, 166.974685669, 167.450698853, 167.926712036, 168.414321899, 168.878723145, 169.354736328, 169.819137573, 170.295150757, 170.933700562, 171.560638428, 172.199172974, 172.826126099, 173.453063965, 174.09161377, 174.730148315, 175.35710144, 175.984039307, 176.610977173, 177.237915039, 177.876464844, 178.515014648, 179.141952515, 179.768890381, 180.395828247, 181.034378052, 181.672927856, 182.299865723, 182.926803589, 183.553741455, 184.203903198, 184.830841064, 185.457778931, 186.084716797, 186.711654663, 187.338592529, 187.965530396, 188.6040802, 189.242630005, 189.869567871, 190.496505737, 191.123443604, 191.75038147, 192.388931274, 193.015869141, 193.654418945, 194.29296875, 194.931518555, 195.570068359, 196.197006226, 196.83555603, 197.462493896, 198.089431763, 198.716369629, 199.343307495, 199.9818573, 200.620407104, 201.247344971, 201.874282837, 202.512832642, 203.139770508, 203.778320313, 204.405258179, 205.032196045, 205.659133911, 206.297683716, 206.936233521, 207.563171387, 208.190109253, 208.828659058, 209.467208862, 210.105758667, 210.744308472, 211.394470215, 212.044616699, 212.706390381, 213.368164063, 214.018310547, 214.66847229, 215.330245972, 215.992019653, 216.653778076, 217.315551758, 217.965713501, 218.604263306, 219.24281311, 219.869750977, 220.508300781, 221.146850586, 221.773788452, 222.400726318, 223.027664185, 223.654602051, 224.293151855, 224.93170166, 225.558639526, 226.197189331, 226.824127197, 227.462677002, 228.089614868, 228.716552734, 229.343490601, 229.982040405, 230.62059021, 231.247528076, 231.874465942, 232.501403809, 233.128341675, 233.766891479, 234.405441284, 235.03237915, 235.659317017, 236.286254883, 236.924804688, 237.563354492, 238.190292358, 238.828842163, 239.467391968, 240.094329834, 240.7212677, 241.348205566, 241.975143433, 242.613693237, 243.252243042, 243.879180908, 244.506118774, 245.133056641, 245.759994507, 246.398544312, 247.037094116, 247.664031982, 248.290969849, 248.917907715, 249.55645752, 250.183395386, 250.82194519, 251.448883057, 252.0990448, 252.725982666, 253.352920532, 253.979858398, 254.606796265, 255.245346069, 255.883895874, 256.51083374, 257.137786865, 257.764709473, 258.391662598, 259.030212402, 259.668762207, 260.295684814, 260.957458496, 261.619232178, 262.292602539, 262.9659729, 263.639373779, 264.301116943, 265.032562256, 265.763977051, 266.483795166, 267.215240479, 267.946655273]
