
metadata:
    version:
        essentia: "2.1-beta2"
    audio_properties:
        analysis_sample_rate: 44100
        bitrate: 128
        channels: 2
        equal_loudness: 1
        length: 246.021224976
        replay_gain: -12.7008190155
        downmix: "mix"
    tags:
        album: "Once"
        artist: "Nightwish"
        comment: ""
        date: "2012"
        genre: "Blues"
        title: "Wish I Had an Angel"
        tracknumber: "1"

configuration:
    average_loudness:
        compute: 1
        frameSize: 88200
        hopSize: 44100
        silentFrames: "noise"
        windowType: "hann"
    general:
        analysisSampleRate: 44100
        endTime: 2000
        equalLoudness: 1
        nequalLoudness: 0
        shortSound: 0
        startTime: 0
    lowlevel:
        compute: 1
        frameSize: 2048
        hopSize: 1024
        zeroPadding: 0
        silentFrames: "noise"
        windowType: "blackmanharris62"
        mfccStats: ["mean", "cov", "icov"]
        stats: ["mean", "var", "median", "min", "max", "dmean", "dmean2", "dvar", "dvar2"]
    panning:
        compute: 0
        frameSize: 8192
        hopSize: 2048
        zeroPadding: 8192
        silentFrames: "noise"
        windowType: "hann"
        stats: ["copy"]
    rhythm:
        compute: 1
        maxTempo: 208
        minTempo: 40
        method: "degara"
        stats: ["mean", "var", "median", "min", "max", "dmean", "dmean2", "dvar", "dvar2"]
    segmentation:
        compute: 0
        cpw: 5
        inc1: 300
        inc2: 50
        minimumSegmentsLength: 10
        size1: 1000
        size2: 600
    sfx:
        compute: 1
        stats: ["mean", "var", "median", "min", "max", "dmean", "dmean2", "dvar", "dvar2"]
    svm:
        compute: 0
    tonal:
        compute: 1
        frameSize: 4096
        hopSize: 2048
        zeroPadding: 0
        silentFrames: "noise"
        windowType: "blackmanharris62"
        stats: ["mean", "var", "median", "min", "max", "dmean", "dmean2", "dvar", "dvar2"]

lowlevel:
    average_loudness: 0.920403420925
    barkbands_kurtosis:
        dmean: 0.529482424259
        dmean2: 0.857803463936
        dvar: 1.53476524353
        dvar2: 3.14478969574
        max: 82.6475982666
        mean: -0.758346617222
        median: -1.10406470299
        min: -1.89460134506
        var: 3.83956360817
    barkbands_skewness:
        dmean: 0.339540362358
        dmean2: 0.527776002884
        dvar: 0.101942844689
        dvar2: 0.224163338542
        max: 7.88590908051
        mean: -0.289358377457
        median: -0.326859354973
        min: -3.42386651039
        var: 0.447090864182
    barkbands_spread:
        dmean: 5.51391553879
        dmean2: 8.68773078918
        dvar: 25.9434242249
        dvar2: 61.8559303284
        max: 76.7443084717
        mean: 35.4980697632
        median: 35.2872390747
        min: 1.57822453976
        var: 100.170188904
    dissonance:
        dmean: 0.0103360041976
        dmean2: 0.0177123919129
        dvar: 0.000109406020783
        dvar2: 0.000299029954476
        max: 0.500000178814
        mean: 0.483600497246
        median: 0.487486094236
        min: 0.361318677664
        var: 0.000188109203009
    hfc:
        dmean: 2.51689887047
        dmean2: 3.81642198563
        dvar: 10.1148614883
        dvar2: 24.1151885986
        max: 42.6944618225
        mean: 9.48876094818
        median: 8.93464756012
        min: 1.026804573e-016
        var: 35.2529411316
    pitch:
        dmean: 889.645812988
        dmean2: 1696.31787109
        dvar: 1692161.5
        dvar2: 4181900.5
        max: 5624.33984375
        mean: 1546.40649414
        median: 457.914428711
        min: 63.8387756348
        var: 2474302
    pitch_instantaneous_confidence:
        dmean: 0.0760723054409
        dmean2: 0.123899802566
        dvar: 0.00399931054562
        dvar2: 0.00980935804546
        max: 0.881974816322
        mean: 0.331206917763
        median: 0.310995459557
        min: 0.0993410348892
        var: 0.0138080473989
    pitch_salience:
        dmean: 0.0542086325586
        dmean2: 0.088527187705
        dvar: 0.00230250880122
        dvar2: 0.00583907682449
        max: 0.994210064411
        mean: 0.661968767643
        median: 0.672495722771
        min: 0.215977057815
        var: 0.00629188632593
    silence_rate_20dB:
        dmean: 0
        dmean2: 0
        dvar: 0
        dvar2: 0
        max: 1
        mean: 1
        median: 1
        min: 1
        var: 0
    silence_rate_30dB:
        dmean: 0
        dmean2: 0
        dvar: 0
        dvar2: 0
        max: 1
        mean: 1
        median: 1
        min: 1
        var: 0
    silence_rate_60dB:
        dmean: 0.0711589306593
        dmean2: 0.142331287265
        dvar: 0.0660967603326
        dvar2: 0.143030807376
        max: 1
        mean: 0.264414459467
        median: 0
        min: 0
        var: 0.194512322545
    spectral_centroid:
        dmean: 268.387786865
        dmean2: 416.94128418
        dvar: 72335.4140625
        dvar2: 161942.671875
        max: 11655.1865234
        mean: 2007.1439209
        median: 1922.578125
        min: 200.445465088
        var: 1327957.5
    spectral_complexity:
        dmean: 4.37240457535
        dmean2: 6.69523382187
        dvar: 19.9683895111
        dvar2: 42.3824310303
        max: 50
        mean: 18.4431438446
        median: 19
        min: 0
        var: 103.034240723
    spectral_crest:
        dmean: 1.59053695202
        dmean2: 2.62332725525
        dvar: 2.21678256989
        dvar2: 5.514523983
        max: 25.1509304047
        mean: 5.89471292496
        median: 5.35428142548
        min: 2.25906944275
        var: 5.35333204269
    spectral_decrease:
        dmean: 2.31048263855e-010
        dmean2: 3.56862123185e-010
        dvar: 7.5103385503e-020
        dvar2: 1.59884564453e-019
        max: 2.41267334887e-028
        mean: -1.06047304271e-009
        median: -9.92003479361e-010
        min: -3.93631882645e-009
        var: 3.19649161868e-019
    spectral_energy:
        dmean: 0.00105828128289
        dmean2: 0.00162065285258
        dvar: 1.61375965035e-006
        dvar2: 3.48061166733e-006
        max: 0.0174459014088
        mean: 0.00486312201247
        median: 0.00457276124507
        min: 9.64301874176e-021
        var: 6.83761709297e-006
    spectral_energyband_high:
        dmean: 0.00021310338343
        dmean2: 0.000336749624694
        dvar: 1.10439103196e-007
        dvar2: 2.81014024495e-007
        max: 0.00406113406643
        mean: 0.000490087433718
        median: 0.000388419546653
        min: 6.99917986739e-021
        var: 2.16175919832e-007
    spectral_energyband_low:
        dmean: 0.000294215802569
        dmean2: 0.000472151790746
        dvar: 1.57793593303e-007
        dvar2: 3.93930321252e-007
        max: 0.00594300590456
        mean: 0.000595254881773
        median: 0.000425959529821
        min: 1.33011320288e-023
        var: 3.32271639536e-007
    spectral_energyband_middle_high:
        dmean: 0.00067749171285
        dmean2: 0.00103822234087
        dvar: 5.49081846657e-007
        dvar2: 1.27201656142e-006
        max: 0.0115821585059
        mean: 0.00277542718686
        median: 0.00255808606744
        min: 1.24255896989e-021
        var: 3.06477954837e-006
    spectral_energyband_middle_low:
        dmean: 0.000503507035319
        dmean2: 0.000785015989095
        dvar: 5.06695698732e-007
        dvar2: 1.13953797154e-006
        max: 0.00926161464304
        mean: 0.00119464599993
        median: 0.000909986963961
        min: 1.19659066917e-022
        var: 9.89019667941e-007
    spectral_flatness_db:
        dmean: 0.0122628789395
        dmean2: 0.018922155723
        dvar: 0.000122103476315
        dvar2: 0.000258368090726
        max: 0.317474812269
        mean: 0.1315433532
        median: 0.128795042634
        min: 0.0516471974552
        var: 0.00062198319938
    spectral_flux:
        dmean: 0.00663177855313
        dmean2: 0.0096482206136
        dvar: 5.04894051119e-005
        dvar2: 9.33030823944e-005
        max: 0.108158029616
        mean: 0.0424764938653
        median: 0.0421578735113
        min: 6.33645358405e-011
        var: 0.000259281892795
    spectral_kurtosis:
        dmean: 0.943256616592
        dmean2: 1.55213987827
        dvar: 0.914295136929
        dvar2: 2.44242048264
        max: 14.3916549683
        mean: 3.38379120827
        median: 3.20430898666
        min: -1.27945804596
        var: 2.82571101189
    spectral_rms:
        dmean: 0.000227015072596
        dmean2: 0.000343237566995
        dvar: 5.95378111257e-008
        dvar2: 1.23413727238e-007
        max: 0.00412557786331
        mean: 0.00208040699363
        median: 0.00211216253228
        min: 3.06721748694e-012
        var: 4.16428974859e-007
    spectral_rolloff:
        dmean: 323.384613037
        dmean2: 507.62878418
        dvar: 175699.296875
        dvar2: 358572.5
        max: 19853.6132813
        mean: 3716.70629883
        median: 3552.97851563
        min: 150.732421875
        var: 3447175.25
    spectral_skewness:
        dmean: 0.153027564287
        dmean2: 0.242046266794
        dvar: 0.0216749273241
        dvar2: 0.0503489561379
        max: 3.08840370178
        mean: 1.24706459045
        median: 1.24398005009
        min: -0.0984009057283
        var: 0.113178625703
    spectral_spread:
        dmean: 414471.9375
        dmean2: 585470.5
        dvar: 471469981696
        dvar2: 1.00256376422e+012
        max: 50938884
        mean: 4769667.5
        median: 4150097.5
        min: 1784389.5
        var: 1.807057997e+013
    spectral_strongpeak:
        dmean: 0.437774509192
        dmean2: 0.763545811176
        dvar: 0.45351421833
        dvar2: 1.16300189495
        max: 7.07752513885
        mean: 0.575691282749
        median: 0.230935826898
        min: 0
        var: 0.601692795753
    zerocrossingrate:
        dmean: 0.00805267784745
        dmean2: 0.00954012572765
        dvar: 6.2715029344e-005
        dvar2: 7.40795294405e-005
        max: 0.5439453125
        mean: 0.111486308277
        median: 0.10791015625
        min: 0.01123046875
        var: 0.00248012249358
    barkbands:
        dmean: [6.73656074923e-007, 0.000118505675346, 0.000186964971363, 0.000233869475778, 0.000214219864574, 8.50562792039e-005, 7.29877865524e-005, 6.16159668425e-005, 0.000124073121697, 0.000111447734525, 0.000114825583296, 8.5902705905e-005, 8.1610858615e-005, 8.99718361325e-005, 8.75228943187e-005, 0.000112816727778, 0.000159989387612, 0.000196255074115, 0.000249028962571, 0.000177801033715, 0.000109792665171, 3.75382624043e-005, 7.78681987867e-006, 2.55668714999e-006, 1.03040440536e-006, 3.62210670346e-008, 4.15649986651e-010]
        dmean2: [1.09005304694e-006, 0.000196551132831, 0.000309105787892, 0.000388139014831, 0.000353522453224, 0.000140282994835, 0.000121799974295, 0.00010199053213, 0.00020046827558, 0.000178312693606, 0.000187752215425, 0.000141988799442, 0.000135623427923, 0.000147469807416, 0.000144602032378, 0.000181508527021, 0.000258456013398, 0.000318569364026, 0.000402581208618, 0.000288112583803, 0.000178770002094, 6.048825162e-005, 1.19254364108e-005, 3.83210635846e-006, 1.54099734573e-006, 5.36458557576e-008, 6.94749369146e-010]
        dvar: [1.76642207805e-012, 2.8078412484e-008, 9.22904135336e-008, 1.75987977968e-007, 1.84124388625e-007, 2.23416432021e-008, 1.76851475686e-008, 1.22734089558e-008, 5.64788997792e-008, 4.43762182556e-008, 4.98571814944e-008, 2.10834638636e-008, 1.69690128615e-008, 1.88977811177e-008, 1.51774841584e-008, 3.35881864544e-008, 5.18875964417e-008, 6.72299265148e-008, 9.21315290725e-008, 5.30700674517e-008, 3.01335276731e-008, 5.25525223338e-009, 3.99491134617e-010, 3.69147455659e-011, 4.47546383633e-012, 4.70315340424e-015, 6.67737620376e-019]
        dvar2: [4.28465683072e-012, 7.28426456931e-008, 2.372738237e-007, 4.70930018537e-007, 4.62665838086e-007, 5.65913893524e-008, 4.68298786416e-008, 3.2039928044e-008, 1.40435659546e-007, 1.07831034768e-007, 1.31403709247e-007, 5.58524178018e-008, 4.51259616341e-008, 4.89221143596e-008, 3.95733579239e-008, 8.55952322354e-008, 1.26279928736e-007, 1.66822275105e-007, 2.34039077895e-007, 1.36729909173e-007, 7.93616905526e-008, 1.27239871972e-008, 8.67159899443e-010, 7.80357792274e-011, 9.61963841917e-012, 1.03158668809e-014, 1.65414926007e-018]
        max: [2.6169946068e-005, 0.00180935696699, 0.00426832446828, 0.00464276550338, 0.00555161107332, 0.00227675354108, 0.00206128740683, 0.00217106658965, 0.00450866669416, 0.00340776075609, 0.00389906694181, 0.00310835777782, 0.00218361197039, 0.00242420309223, 0.00226545915939, 0.00407933723181, 0.00411634054035, 0.004801038187, 0.00498356064782, 0.00340072880499, 0.0028196759522, 0.00163366727065, 0.000554488971829, 0.000123881560285, 4.59400725958e-005, 1.57496333486e-006, 1.72581859914e-008]
        mean: [8.14950681161e-007, 0.000183060401469, 0.000264302245341, 0.000320681778248, 0.000284644745989, 0.000138243631227, 0.000105300365249, 8.4844432422e-005, 0.000194288892089, 0.000185928845895, 0.000196497087018, 0.000148280611029, 0.000143257318996, 0.000164642304298, 0.000157728092745, 0.000220382557018, 0.000333330011927, 0.000431305525126, 0.000596392026637, 0.000401794415666, 0.000221235022764, 6.56280681142e-005, 1.38562854772e-005, 4.71370685773e-006, 1.92265338228e-006, 5.90882116569e-008, 4.8827175636e-010]
        median: [1.88715119975e-007, 0.000116955387057, 0.000154142020619, 0.000128248138935, 0.000140155709232, 7.41437033867e-005, 5.47686577193e-005, 4.63736141683e-005, 9.29660673137e-005, 7.92633290985e-005, 7.02256074874e-005, 7.74244545028e-005, 8.26182949822e-005, 9.8791650089e-005, 0.0001080031725, 0.000149811399751, 0.000220457179239, 0.000309675902827, 0.000508821336553, 0.000329997972585, 0.000170693805558, 3.56093223672e-005, 5.174911621e-006, 1.93037817553e-006, 8.46070918215e-007, 2.25572023282e-008, 1.85047019374e-010]
        min: [2.84382334876e-025, 1.95009334556e-024, 5.15749272617e-025, 6.95100102774e-025, 4.70907283042e-024, 8.03724543511e-024, 6.92008902013e-024, 7.94432472022e-024, 1.17321263425e-023, 1.16374078136e-023, 9.5846426435e-024, 1.57918877618e-023, 3.66873742588e-023, 2.11209445214e-023, 2.81231721056e-023, 5.08515485169e-023, 7.40876578949e-023, 8.98660182699e-023, 1.37949924032e-022, 1.23370562813e-022, 2.37982320953e-022, 2.41957321635e-022, 3.53153387786e-022, 5.62278141841e-022, 8.16774009978e-022, 1.30798085821e-021, 1.90893292486e-021]
        var: [3.08466837143e-012, 4.21935730799e-008, 1.2359649304e-007, 2.49190463819e-007, 1.95662437363e-007, 3.65715564499e-008, 2.50158258552e-008, 1.50122581033e-008, 8.99174423807e-008, 9.6779835701e-008, 1.1672578637e-007, 4.26296473677e-008, 3.46676891638e-008, 4.11447018678e-008, 2.87119430453e-008, 7.68930945583e-008, 1.4070141674e-007, 1.80746184242e-007, 2.47868257475e-007, 1.17367740415e-007, 4.79772737094e-008, 1.13153442172e-008, 1.12823106413e-009, 9.01179270096e-011, 1.0097998826e-011, 8.47434440871e-015, 8.37386728842e-019]
    frequency_bands:
        dmean: [6.73656074923e-007, 0.000118505675346, 0.000186964971363, 0.000233869475778, 0.000214219864574, 8.50562792039e-005, 7.29877865524e-005, 6.16159668425e-005, 0.000124073121697, 0.000111447734525, 0.000114825583296, 8.5902705905e-005, 8.1610858615e-005, 8.99718361325e-005, 8.75228943187e-005, 0.000112816727778, 0.000159989387612, 0.000196255074115, 0.000249028962571, 0.000177801033715, 0.000109792665171, 3.75382624043e-005, 7.78681987867e-006, 2.55668714999e-006, 1.03040440536e-006, 3.62210670346e-008, 4.15649986651e-010, 5.35399433121e-011]
        dmean2: [1.09005304694e-006, 0.000196551132831, 0.000309105787892, 0.000388139014831, 0.000353522453224, 0.000140282994835, 0.000121799974295, 0.00010199053213, 0.00020046827558, 0.000178312693606, 0.000187752215425, 0.000141988799442, 0.000135623427923, 0.000147469807416, 0.000144602032378, 0.000181508527021, 0.000258456013398, 0.000318569364026, 0.000402581208618, 0.000288112583803, 0.000178770002094, 6.048825162e-005, 1.19254364108e-005, 3.83210635846e-006, 1.54099734573e-006, 5.36458557576e-008, 6.94749369146e-010, 9.9166203027e-011]
        dvar: [1.76642207805e-012, 2.8078412484e-008, 9.22904135336e-008, 1.75987977968e-007, 1.84124388625e-007, 2.23416432021e-008, 1.76851475686e-008, 1.22734089558e-008, 5.64788997792e-008, 4.43762182556e-008, 4.98571814944e-008, 2.10834638636e-008, 1.69690128615e-008, 1.88977811177e-008, 1.51774841584e-008, 3.35881864544e-008, 5.18875964417e-008, 6.72299265148e-008, 9.21315290725e-008, 5.30700674517e-008, 3.01335276731e-008, 5.25525223338e-009, 3.99491134617e-010, 3.69147455659e-011, 4.47546383633e-012, 4.70315340424e-015, 6.67737620376e-019, 6.21086624231e-021]
        dvar2: [4.28465683072e-012, 7.28426456931e-008, 2.372738237e-007, 4.70930018537e-007, 4.62665838086e-007, 5.65913893524e-008, 4.68298786416e-008, 3.2039928044e-008, 1.40435659546e-007, 1.07831034768e-007, 1.31403709247e-007, 5.58524178018e-008, 4.51259616341e-008, 4.89221143596e-008, 3.95733579239e-008, 8.55952322354e-008, 1.26279928736e-007, 1.66822275105e-007, 2.34039077895e-007, 1.36729909173e-007, 7.93616905526e-008, 1.27239871972e-008, 8.67159899443e-010, 7.80357792274e-011, 9.61963841917e-012, 1.03158668809e-014, 1.65414926007e-018, 1.95634337944e-020]
        max: [2.6169946068e-005, 0.00180935696699, 0.00426832446828, 0.00464276550338, 0.00555161107332, 0.00227675354108, 0.00206128740683, 0.00217106658965, 0.00450866669416, 0.00340776075609, 0.00389906694181, 0.00310835777782, 0.00218361197039, 0.00242420309223, 0.00226545915939, 0.00407933723181, 0.00411634054035, 0.004801038187, 0.00498356064782, 0.00340072880499, 0.0028196759522, 0.00163366727065, 0.000554488971829, 0.000123881560285, 4.59400725958e-005, 1.57496333486e-006, 1.72581859914e-008, 1.15086817853e-009]
        mean: [8.14950681161e-007, 0.000183060401469, 0.000264302245341, 0.000320681778248, 0.000284644745989, 0.000138243631227, 0.000105300365249, 8.4844432422e-005, 0.000194288892089, 0.000185928845895, 0.000196497087018, 0.000148280611029, 0.000143257318996, 0.000164642304298, 0.000157728092745, 0.000220382557018, 0.000333330011927, 0.000431305525126, 0.000596392026637, 0.000401794415666, 0.000221235022764, 6.56280681142e-005, 1.38562854772e-005, 4.71370685773e-006, 1.92265338228e-006, 5.90882116569e-008, 4.8827175636e-010, 4.22788609677e-011]
        median: [1.88715119975e-007, 0.000116955387057, 0.000154142020619, 0.000128248138935, 0.000140155709232, 7.41437033867e-005, 5.47686577193e-005, 4.63736141683e-005, 9.29660673137e-005, 7.92633290985e-005, 7.02256074874e-005, 7.74244545028e-005, 8.26182949822e-005, 9.8791650089e-005, 0.0001080031725, 0.000149811399751, 0.000220457179239, 0.000309675902827, 0.000508821336553, 0.000329997972585, 0.000170693805558, 3.56093223672e-005, 5.174911621e-006, 1.93037817553e-006, 8.46070918215e-007, 2.25572023282e-008, 1.85047019374e-010, 1.59273289002e-011]
        min: [2.84382334876e-025, 1.95009334556e-024, 5.15749272617e-025, 6.95100102774e-025, 4.70907283042e-024, 8.03724543511e-024, 6.92008902013e-024, 7.94432472022e-024, 1.17321263425e-023, 1.16374078136e-023, 9.5846426435e-024, 1.57918877618e-023, 3.66873742588e-023, 2.11209445214e-023, 2.81231721056e-023, 5.08515485169e-023, 7.40876578949e-023, 8.98660182699e-023, 1.37949924032e-022, 1.23370562813e-022, 2.37982320953e-022, 2.41957321635e-022, 3.53153387786e-022, 5.62278141841e-022, 8.16774009978e-022, 1.30798085821e-021, 1.90893292486e-021, 4.48594576374e-022]
        var: [3.08466837143e-012, 4.21935730799e-008, 1.2359649304e-007, 2.49190463819e-007, 1.95662437363e-007, 3.65715564499e-008, 2.50158258552e-008, 1.50122581033e-008, 8.99174423807e-008, 9.6779835701e-008, 1.1672578637e-007, 4.26296473677e-008, 3.46676891638e-008, 4.11447018678e-008, 2.87119430453e-008, 7.68930945583e-008, 1.4070141674e-007, 1.80746184242e-007, 2.47868257475e-007, 1.17367740415e-007, 4.79772737094e-008, 1.13153442172e-008, 1.12823106413e-009, 9.01179270096e-011, 1.0097998826e-011, 8.47434440871e-015, 8.37386728842e-019, 4.9613659023e-021]
    mfcc:
        mean: [-696.686157227, 100.128540039, -56.1226119995, 53.2883605957, -11.3171081543, 4.03984975815, 9.17927265167, 2.17022705078, 1.48849332333, -1.71371376514, -1.30059504509, -3.1834769249, -5.20187807083]
        cov: [[5163.24951172, 371.503356934, -391.629943848, 484.648162842, -155.372268677, 63.8117637634, 32.3295822144, 1.65137088299, -0.0338828749955, -52.9624214172, -2.74481725693, -51.0609970093, -77.053237915], [371.503356934, 705.479492188, -263.30355835, 91.0737228394, 8.3486328125, -36.2988700867, 71.9001922607, 35.9628295898, 16.3317871094, 5.98107719421, -2.39128613472, 1.0142493248, -26.6847610474], [-391.629943848, -263.30355835, 370.203887939, -22.4954681396, 62.1934089661, 40.0561981201, -58.7762527466, -10.1768016815, -23.0719661713, 0.0163885690272, -11.3873920441, -0.464087218046, 14.8692102432], [484.648162842, 91.0737228394, -22.4954681396, 269.429229736, 35.2920074463, 38.2886772156, -7.57377624512, -43.0164375305, 31.5183563232, 3.51009702682, -7.73996591568, 12.9735479355, -7.71531248093], [-155.372268677, 8.3486328125, 62.1934089661, 35.2920074463, 152.07673645, 20.8304824829, -7.99084043503, 10.9949846268, 16.624671936, 13.3708190918, -10.6451206207, 5.1549372673, -1.98641049862], [63.8117637634, -36.2988700867, 40.0561981201, 38.2886772156, 20.8304824829, 126.22026825, 54.7616081238, 5.98443651199, 12.6280889511, -9.9952287674, 3.96391320229, -3.22656726837, -3.07097744942], [32.3295822144, 71.9001922607, -58.7762527466, -7.57377624512, -7.99084043503, 54.7616081238, 147.594604492, 48.2979164124, 26.4130802155, -8.6058216095, 2.76858329773, -4.33045578003, -13.2099895477], [1.65137088299, 35.9628295898, -10.1768016815, -43.0164375305, 10.9949846268, 5.98443651199, 48.2979164124, 106.496459961, 14.1996002197, 2.2203874588, 10.239777565, -7.28096675873, -2.38354277611], [-0.0338828749955, 16.3317871094, -23.0719661713, 31.5183563232, 16.624671936, 12.6280889511, 26.4130802155, 14.1996002197, 79.1936264038, 18.7817401886, 2.63318800926, 6.87934923172, -7.20639038086], [-52.9624214172, 5.98107719421, 0.0163885690272, 3.51009702682, 13.3708190918, -9.9952287674, -8.6058216095, 2.2203874588, 18.7817401886, 68.7812652588, 11.1089897156, 5.74677228928, 3.91152238846], [-2.74481725693, -2.39128613472, -11.3873920441, -7.73996591568, -10.6451206207, 3.96391320229, 2.76858329773, 10.239777565, 2.63318800926, 11.1089897156, 64.9607772827, 14.4612102509, 8.05762863159], [-51.0609970093, 1.0142493248, -0.464087218046, 12.9735479355, 5.1549372673, -3.22656726837, -4.33045578003, -7.28096675873, 6.87934923172, 5.74677228928, 14.4612102509, 57.9791069031, 17.8156814575], [-77.053237915, -26.6847610474, 14.8692102432, -7.71531248093, -1.98641049862, -3.07097744942, -13.2099895477, -2.38354277611, -7.20639038086, 3.91152238846, 8.05762863159, 17.8156814575, 53.0947113037]]
        icov: [[0.000287937931716, 1.38324294312e-005, 0.000264631584287, -0.000606550136581, 0.000346048356732, -0.000172116226167, 0.00019350083312, -0.000358826422598, 0.000253959762631, 9.42128463066e-005, -9.67827531895e-007, 0.000201860908419, 0.000257537903963], [1.38324294312e-005, 0.00224579847418, 0.00146728439722, -0.000898015568964, -0.000645598513074, 0.000827386102173, -0.000784395844676, -0.000728660728782, 0.000833672063891, -0.000246520619839, 0.000199602989596, -0.000156396519742, 0.000556711282115], [0.000264631584287, 0.00146728439722, 0.0047824406065, -0.000397757801693, -0.00134812144097, -0.00178127281833, 0.0017575097736, -0.00102476822212, 0.00143326702528, -0.000170747676748, 0.000797464046627, -9.90388707578e-006, 5.15718274983e-005], [-0.000606550136581, -0.000898015568964, -0.000397757801693, 0.00638595083728, -0.001479076338, -0.00176746596117, 0.000753005559091, 0.0029856050387, -0.00260061887093, 7.34289060347e-005, 0.000380120589398, -0.00124036846682, -0.000128291067085], [0.000346048356732, -0.000645598513074, -0.00134812144097, -0.001479076338, 0.00865398719907, -0.00148820632603, 0.0014265490463, -0.00200946466066, -0.000985394464806, -0.00123768718913, 0.00166958256159, -0.000787918397691, 0.000811195233837], [-0.000172116226167, 0.000827386102173, -0.00178127281833, -0.00176746596117, -0.00148820632603, 0.0124215744436, -0.00614072196186, 0.0013493335573, -0.000319054583088, 0.00149218004663, -0.00190340785775, 0.00133170222398, -0.000707614584826], [0.00019350083312, -0.000784395844676, 0.0017575097736, 0.000753005559091, 0.0014265490463, -0.00614072196186, 0.012260844931, -0.0044492483139, -0.00231644674204, 0.00111592956819, 0.00100831256714, -0.00070350128226, 0.00173919845838], [-0.000358826422598, -0.000728660728782, -0.00102476822212, 0.0029856050387, -0.00200946466066, 0.0013493335573, -0.0044492483139, 0.0135375345126, -0.0023098604288, 0.0001632283238, -0.00242105266079, 0.00188917934429, -0.00125452969223], [0.000253959762631, 0.000833672063891, 0.00143326702528, -0.00260061887093, -0.000985394464806, -0.000319054583088, -0.00231644674204, -0.0023098604288, 0.0167950578034, -0.00445750681683, 0.000530550489202, -0.00203730282374, 0.00248393602669], [9.42128463066e-005, -0.000246520619839, -0.000170747676748, 7.34289060347e-005, -0.00123768718913, 0.00149218004663, 0.00111592956819, 0.0001632283238, -0.00445750681683, 0.0169668011367, -0.00304713798687, 0.000311895157211, -0.00110089359805], [-9.67827531895e-007, 0.000199602989596, 0.000797464046627, 0.000380120589398, 0.00166958256159, -0.00190340785775, 0.00100831256714, -0.00242105266079, 0.000530550489202, -0.00304713798687, 0.0179316718131, -0.00452927127481, -0.000879659433849], [0.000201860908419, -0.000156396519742, -9.90388707578e-006, -0.00124036846682, -0.000787918397691, 0.00133170222398, -0.00070350128226, 0.00188917934429, -0.00203730282374, 0.000311895157211, -0.00452927127481, 0.0214713588357, -0.00682254461572], [0.000257537903963, 0.000556711282115, 5.15718274983e-005, -0.000128291067085, 0.000811195233837, -0.000707614584826, 0.00173919845838, -0.00125452969223, 0.00248393602669, -0.00110089359805, -0.000879659433849, -0.00682254461572, 0.0226615536958]]
    sccoeffs:
        dmean: [0.052435323596, 0.0442257262766, 0.0385689362884, 0.0287277977914, 0.0212934520096, 0.0190538819879]
        dmean2: [0.0872233211994, 0.073934212327, 0.0644459277391, 0.048605427146, 0.0346053801477, 0.0293217934668]
        dvar: [0.00177780247759, 0.00121510424651, 0.000922783394344, 0.000505334232002, 0.000303606095258, 0.000271198834525]
        dvar2: [0.00482306443155, 0.00334171182476, 0.00255549512804, 0.00143255328294, 0.000741371768527, 0.00059846881777]
        max: [-0.379440754652, -0.501385271549, -0.531164467335, -0.614139318466, -0.616307199001, -0.565599381924]
        mean: [-0.674221098423, -0.778529107571, -0.78148406744, -0.799899578094, -0.793227255344, -0.732966065407]
        median: [-0.676159858704, -0.783062934875, -0.787360310555, -0.802929461002, -0.798980534077, -0.730287313461]
        min: [-0.985226154327, -0.996101200581, -0.993388652802, -0.975395262241, -0.968635857105, -0.965883851051]
        var: [0.00553212407976, 0.00364068010822, 0.00373348640278, 0.00171354832128, 0.00174838257954, 0.00221683830023]
    scvalleys:
        dmean: [0.38415312767, 0.352722525597, 0.280359476805, 0.243101477623, 0.223863825202, 0.284375458956]
        dmean2: [0.637756824493, 0.585678696632, 0.462015718222, 0.382172256708, 0.322508603334, 0.381003826857]
        dvar: [0.100714698434, 0.0965753942728, 0.065574541688, 0.054898802191, 0.0649366900325, 0.124058276415]
        dvar2: [0.25427043438, 0.231124192476, 0.14426407218, 0.107823424041, 0.112170428038, 0.223991572857]
        max: [-5.0801281929, -4.84483289719, -5.23706102371, -5.59444332123, -5.5159201622, -7.66911745071]
        mean: [-6.95316410065, -6.95994377136, -6.95849084854, -7.06199502945, -6.99867534637, -9.84520721436]
        median: [-6.59080934525, -6.64425706863, -6.67256593704, -6.72004127502, -6.56660079956, -9.5972661972]
        min: [-28.2735595703, -27.9860286713, -27.9708862305, -27.7026824951, -27.4785194397, -27.4121398926]
        var: [6.04028654099, 5.91765499115, 5.8765873909, 5.830078125, 5.94247579575, 4.68963289261]

rhythm:
    beats_loudness:
        dmean: 0.00270392349921
        dmean2: 0.00513614760712
        dvar: 3.61396200788e-006
        dvar2: 1.25067235786e-005
        max: 0.0166843365878
        mean: 0.00682138418779
        median: 0.00733851548284
        min: 0
        var: 8.92962270882e-006
    bpm: 161.499420166
    bpm_confidence: 0
    first_peak_bpm: 157
    first_peak_spread: 0.474516689777
    first_peak_weight: 0.462848305702
    onset_rate: 3.58505654335
    second_peak_bpm: 162
    second_peak_spread: 0
    second_peak_weight: 0.0572755411267
    beats_loudness_band_ratio:
        dmean: [0.143127143383, 0.0989663600922, 0.0619209334254, 0.0828130990267, 0.0875356420875, 0.0726545751095]
        dmean2: [0.261976212263, 0.189825966954, 0.108971588314, 0.151410192251, 0.153758943081, 0.126737371087]
        dvar: [0.00973003543913, 0.00413502613083, 0.00431193737313, 0.00907136593014, 0.00529526406899, 0.00425896421075]
        dvar2: [0.0315124392509, 0.0139538738877, 0.0118117379025, 0.0268577132374, 0.0150583544746, 0.011534454301]
        max: [0.736484050751, 0.349590688944, 0.450410336256, 0.747289538383, 0.670685648918, 0.868537008762]
        mean: [0.266821593046, 0.108556754887, 0.0918315351009, 0.123111799359, 0.232511475682, 0.233461931348]
        median: [0.257958263159, 0.0964829400182, 0.0708409622312, 0.0899955481291, 0.221049800515, 0.230905681849]
        min: [0, 0, 0, 0, 0, 0]
        var: [0.0195838212967, 0.00573065271601, 0.0052547743544, 0.00996983703226, 0.00839218404144, 0.00691782962531]
    beats_position: [0.371519267559, 0.766258478165, 1.16099774837, 1.55573689938, 1.9620860815, 2.35682535172, 2.76317453384, 3.15791368484, 3.55265307426, 3.94739222527, 4.34213161469, 4.74848079681, 5.15482997894, 5.56117916107, 5.9675283432, 6.37387752533, 6.78022670746, 7.18657588959, 7.58131504059, 7.97605419159, 8.37079334259, 8.75392246246, 9.14866161346, 9.54340076447, 9.93814086914, 10.3096599579, 10.6811790466, 11.0526981354, 11.4358272552, 11.8189563751, 12.1904764175, 12.5736055374, 12.9567346573, 13.328253746, 13.7113828659, 14.0945119858, 14.4660310745, 14.8375511169, 15.2206802368, 15.6038093567, 15.9753284454, 16.3468475342, 16.7299766541, 17.1131057739, 17.4846248627, 17.8561439514, 18.2392749786, 18.6224040985, 18.9939231873, 19.365442276, 19.7485713959, 20.1317005157, 20.5032196045, 20.8747386932, 21.246257782, 21.6293869019, 22.0009059906, 22.3840351105, 22.7555541992, 23.1270751953, 23.5102043152, 23.8933334351, 24.2648525238, 24.6479816437, 25.0311107635, 25.4026298523, 25.774148941, 26.1572780609, 26.5404071808, 26.9119262695, 27.2950553894, 27.6781845093, 28.0497055054, 28.4212245941, 28.7927436829, 29.1758728027, 29.5590019226, 29.9305210114, 30.3020401001, 30.68516922, 31.0682983398, 31.4398174286, 31.8229465485, 32.2060775757, 32.5775947571, 32.9491157532, 33.3206329346, 33.7037620544, 34.0868911743, 34.4584121704, 34.8299331665, 35.2130622864, 35.5961914063, 35.9677085876, 36.3392295837, 36.7223587036, 37.1054878235, 37.4770050049, 37.848526001, 38.2316551208, 38.6147842407, 38.9863014221, 39.369430542, 39.7525634766, 40.124080658, 40.4956016541, 40.8787307739, 41.2618598938, 41.6333770752, 42.0048980713, 42.3880271912, 42.771156311, 43.1426734924, 43.5141944885, 43.8973236084, 44.2804527283, 44.6519737244, 45.0234909058, 45.4066200256, 45.7897491455, 46.1612701416, 46.532787323, 46.9043083191, 47.287437439, 47.6705665588, 48.0420837402, 48.4136047363, 48.7967338562, 49.1798629761, 49.5513839722, 49.934513092, 50.3176422119, 50.6891593933, 51.0606803894, 51.4438095093, 51.8269386292, 52.1984558105, 52.5699768066, 52.9531059265, 53.3362350464, 53.7077522278, 54.0792732239, 54.4624023438, 54.8455314636, 55.2170524597, 55.5885696411, 55.971698761, 56.3548278809, 56.726348877, 57.0978660583, 57.4809951782, 57.8641242981, 58.2356452942, 58.6071662903, 58.9902954102, 59.37342453, 59.7449417114, 60.1164627075, 60.4995918274, 60.8827209473, 61.2542381287, 61.6257591248, 62.0088882446, 62.3920173645, 62.7635345459, 63.135055542, 63.5181846619, 63.9013137817, 64.2728347778, 64.6443557739, 65.0274810791, 65.4106140137, 65.7821273804, 66.1536483765, 66.5251693726, 66.9082946777, 67.2914276123, 67.6629486084, 68.0460739136, 68.4292068481, 68.8007278442, 69.1722412109, 69.5553741455, 69.9384994507, 70.3100204468, 70.6815414429, 71.064666748, 71.4477996826, 71.8193206787, 72.1908340454, 72.57396698, 72.9570999146, 73.3286132813, 73.7001342773, 74.0832672119, 74.4663925171, 74.8379135132, 75.2210388184, 75.6041717529, 75.975692749, 76.3472061157, 76.7187271118, 77.0902481079, 77.4733810425, 77.8565063477, 78.2280273438, 78.6111526489, 78.9942855835, 79.3658065796, 79.7373199463, 80.1204528809, 80.503578186, 80.8750991821, 81.2466201782, 81.6297454834, 82.012878418, 82.3843994141, 82.7559204102, 83.1390457153, 83.5221786499, 83.8936920166, 84.2652130127, 84.6483459473, 85.0314712524, 85.4029922485, 85.7745132446, 86.1576385498, 86.5407714844, 86.9122848511, 87.2838058472, 87.6669387817, 88.0500640869, 88.421585083, 88.7931060791, 89.1762313843, 89.5593643188, 89.9308853149, 90.3023986816, 90.6739196777, 91.0570526123, 91.4401779175, 91.8116989136, 92.1948318481, 92.5779571533, 92.9494781494, 93.3209991455, 93.7041244507, 94.0872573853, 94.458770752, 94.830291748, 95.2134246826, 95.5965499878, 95.9680709839, 96.33959198, 96.7227172852, 97.1058502197, 97.4773712158, 97.8488845825, 98.2320175171, 98.6151428223, 98.9866638184, 99.3697967529, 99.7529220581, 100.124443054, 100.49596405, 100.867477417, 101.250610352, 101.633743286, 102.005256653, 102.376777649, 102.759910583, 103.143035889, 103.514556885, 103.886077881, 104.269203186, 104.652336121, 105.023849487, 105.395370483, 105.766891479, 106.150024414, 106.521537781, 106.904670715, 107.287796021, 107.670928955, 108.042449951, 108.413963318, 108.797096252, 109.180221558, 109.551742554, 109.934875488, 110.306388855, 110.68952179, 111.061042786, 111.432563782, 111.815689087, 112.198822021, 112.570335388, 112.941856384, 113.324989319, 113.708114624, 114.07963562, 114.451156616, 114.834281921, 115.217414856, 115.588935852, 115.960449219, 116.343582153, 116.726707458, 117.109840393, 117.481361389, 117.852874756, 118.23600769, 118.607528687, 118.979042053, 119.362174988, 119.745300293, 120.116821289, 120.488342285, 120.87147522, 121.254600525, 121.626121521, 121.997642517, 122.380767822, 122.763900757, 123.135414124, 123.518547058, 123.901672363, 124.273193359, 124.644714355, 125.016235352, 125.399360657, 125.782493591, 126.154014587, 126.537139893, 126.920272827, 127.291786194, 127.66330719, 128.046432495, 128.42956543, 128.801086426, 129.172607422, 129.544128418, 129.927261353, 130.310379028, 130.681900024, 131.053421021, 131.436553955, 131.808074951, 132.191192627, 132.562713623, 132.957458496, 133.328979492, 133.700500488, 134.072021484, 134.45513916, 134.838272095, 135.209793091, 135.581314087, 135.964447021, 136.347564697, 136.719085693, 137.102218628, 137.485351563, 137.856872559, 138.228393555, 138.599899292, 138.983032227, 139.366165161, 139.737686157, 140.120819092, 140.503936768, 140.875457764, 141.24697876, 141.618499756, 142.00163269, 142.384765625, 142.767883301, 143.151016235, 143.522537231, 143.894058228, 144.265579224, 144.648712158, 145.020217896, 145.40335083, 145.774871826, 146.158004761, 146.529525757, 146.912643433, 147.284164429, 147.667297363, 148.050430298, 148.421951294, 148.79347229, 149.164993286, 149.548110962, 149.931243896, 150.302764893, 150.674285889, 151.045806885, 151.440536499, 151.812057495, 152.19519043, 152.578323364, 152.96144104, 153.332962036, 153.704483032, 154.076004028, 154.447525024, 154.830657959, 155.213790894, 155.596908569, 155.968429565, 156.339950562, 156.711471558, 157.094604492, 157.477722168, 157.849243164, 158.232376099, 158.615509033, 158.987030029, 159.358551025, 159.730072021, 160.113189697, 160.496322632, 160.867843628, 161.250976563, 161.634094238, 162.005615234, 162.37713623, 162.748657227, 163.120178223, 163.503311157, 163.886444092, 164.257949829, 164.629470825, 165.01260376, 165.395736694, 165.778869629, 166.161987305, 166.533508301, 166.905029297, 167.276550293, 167.659683228, 168.042816162, 168.414321899, 168.797454834, 169.180587769, 169.552108765, 169.923629761, 170.306747437, 170.689880371, 171.061401367, 171.432922363, 171.816055298, 172.199172974, 172.57069397, 172.942214966, 173.313735962, 173.696868896, 174.080001831, 174.463119507, 174.846252441, 175.217773438, 175.589294434, 175.96081543, 176.343948364, 176.72706604, 177.098587036, 177.470108032, 177.853240967, 178.236373901, 178.607894897, 178.979400635, 179.362533569, 179.745666504, 180.1171875, 180.500320435, 180.88343811, 181.254959106, 181.626480103, 181.998001099, 182.381134033, 182.764266968, 183.147384644, 183.530517578, 183.913650513, 184.285171509, 184.668289185, 185.051422119, 185.434555054, 185.80607605, 186.177597046, 186.549118042, 186.920639038, 187.292144775, 187.663665771, 188.046798706, 188.429931641, 188.813064575, 189.196182251, 189.579315186, 189.96244812, 190.333969116, 190.705490112, 191.07699585, 191.460128784, 191.83164978, 192.214782715, 192.586303711, 192.957824707, 193.329345703, 193.712463379, 194.083984375, 194.455505371, 194.838638306, 195.210159302, 195.581680298, 195.964797974, 196.347930908, 196.719451904, 197.102584839, 197.485717773, 197.857223511, 198.228744507, 198.611877441, 198.995010376, 199.366531372, 199.738052368, 200.109558105, 200.49269104, 200.875823975, 201.247344971, 201.630477905, 202.001998901, 202.385116577, 202.756637573, 203.139770508, 203.522903442, 203.894424438, 204.265930176, 204.637451172, 205.008972168, 205.392105103, 205.775238037, 206.169967651, 206.541488647, 206.913009644, 207.28453064, 207.656051636, 208.03918457, 208.422302246, 208.793823242, 209.165344238, 209.548477173, 209.931610107, 210.303131104, 210.686248779, 211.069381714, 211.44090271, 211.812423706, 212.183944702, 212.578674316, 212.950195313, 213.321716309, 213.693237305, 214.064758301, 214.447891235, 214.831008911, 215.214141846, 215.585662842, 215.968795776, 216.340316772, 216.723449707, 217.106567383, 217.478088379, 217.849609375, 218.23274231, 218.615875244, 218.987380981, 219.370513916, 219.753646851, 220.125167847, 220.496688843, 220.868209839, 221.251327515, 221.634460449, 222.005981445, 222.377502441, 222.760635376, 223.143753052, 223.515274048, 223.886795044, 224.269927979, 224.653060913, 225.024581909, 225.396102905, 225.779220581, 226.162353516, 226.533874512, 226.917007446, 227.300125122, 227.671646118, 228.043167114, 228.41468811, 228.797821045, 229.180953979, 229.552474976, 229.923980713, 230.295501709, 230.678634644, 231.061767578, 231.433288574, 231.81640625, 232.199539185, 232.582672119, 232.965805054, 233.33732605, 233.708831787, 234.080352783, 234.451873779, 234.835006714, 235.218139648, 235.589660645, 235.961181641, 236.332687378, 236.715820313, 237.098953247, 237.470474243, 237.841995239, 238.225112915, 238.60824585, 238.991378784, 239.36289978, 239.746032715, 240.140762329, 240.535507202, 240.941848755, 241.348205566, 241.754547119, 242.230560303, 242.694961548, 243.170974731, 243.635375977, 244.099761963, 244.564163208, 245.028564453, 245.492965698]
