
metadata:
    version:
        essentia: "2.1-beta2"
    audio_properties:
        analysis_sample_rate: 44100
        bitrate: 128
        channels: 2
        equal_loudness: 1
        length: 276.244903564
        replay_gain: -12.5390300751
        downmix: "mix"
    tags:
        album: "Once"
        artist: "Nightwish"
        comment: ""
        date: "2012"
        genre: "Blues"
        title: "Nemo"
        tracknumber: "1"

configuration:
    average_loudness:
        compute: 1
        frameSize: 88200
        hopSize: 44100
        silentFrames: "noise"
        windowType: "hann"
    general:
        analysisSampleRate: 44100
        endTime: 2000
        equalLoudness: 1
        nequalLoudness: 0
        shortSound: 0
        startTime: 0
    lowlevel:
        compute: 1
        frameSize: 2048
        hopSize: 1024
        zeroPadding: 0
        silentFrames: "noise"
        windowType: "blackmanharris62"
        mfccStats: ["mean", "cov", "icov"]
        stats: ["mean", "var", "median", "min", "max", "dmean", "dmean2", "dvar", "dvar2"]
    panning:
        compute: 0
        frameSize: 8192
        hopSize: 2048
        zeroPadding: 8192
        silentFrames: "noise"
        windowType: "hann"
        stats: ["copy"]
    rhythm:
        compute: 1
        maxTempo: 208
        minTempo: 40
        method: "degara"
        stats: ["mean", "var", "median", "min", "max", "dmean", "dmean2", "dvar", "dvar2"]
    segmentation:
        compute: 0
        cpw: 5
        inc1: 300
        inc2: 50
        minimumSegmentsLength: 10
        size1: 1000
        size2: 600
    sfx:
        compute: 1
        stats: ["mean", "var", "median", "min", "max", "dmean", "dmean2", "dvar", "dvar2"]
    svm:
        compute: 0
    tonal:
        compute: 1
        frameSize: 4096
        hopSize: 2048
        zeroPadding: 0
        silentFrames: "noise"
        windowType: "blackmanharris62"
        stats: ["mean", "var", "median", "min", "max", "dmean", "dmean2", "dvar", "dvar2"]

lowlevel:
    average_loudness: 0.906843960285
    barkbands_kurtosis:
        dmean: 0.529370605946
        dmean2: 0.826734364033
        dvar: 1.14563345909
        dvar2: 2.35891962051
        max: 34.9917640686
        mean: -0.626679122448
        median: -1.13922929764
        min: -1.85847854614
        var: 3.23969173431
    barkbands_skewness:
        dmean: 0.303116708994
        dmean2: 0.468379974365
        dvar: 0.0838407352567
        dvar2: 0.18251721561
        max: 5.02511501312
        mean: 0.0754056498408
        median: -0.000893319025636
        min: -2.43508481979
        var: 0.525100409985
    barkbands_spread:
        dmean: 4.82247829437
        dmean2: 7.42912912369
        dvar: 21.9454956055
        dvar2: 48.3344573975
        max: 83.3086624146
        mean: 32.6929244995
        median: 33.0972061157
        min: 1.4110096693
        var: 122.112747192
    dissonance:
        dmean: 0.0158307552338
        dmean2: 0.0267022959888
        dvar: 0.000320552178891
        dvar2: 0.000877246027812
        max: 0.500000119209
        mean: 0.471151560545
        median: 0.478073775768
        min: 0.210539206862
        var: 0.000638998404611
    hfc:
        dmean: 1.89536213875
        dmean2: 2.99513220787
        dvar: 6.49293756485
        dvar2: 15.7985906601
        max: 44.6719436646
        mean: 8.54097652435
        median: 8.6135559082
        min: 1.09379290155e-016
        var: 39.3906936646
    pitch:
        dmean: 637.52331543
        dmean2: 1227.13818359
        dvar: 1479455.125
        dvar2: 3896406.5
        max: 6168.77734375
        mean: 893.421081543
        median: 334.388122559
        min: 66.2991409302
        var: 1673440.75
    pitch_instantaneous_confidence:
        dmean: 0.078565210104
        dmean2: 0.123937241733
        dvar: 0.00496854539961
        dvar2: 0.0109642390162
        max: 0.983658432961
        mean: 0.414590418339
        median: 0.373140275478
        min: 0.0832962393761
        var: 0.0319987908006
    pitch_salience:
        dmean: 0.0512192286551
        dmean2: 0.0824064016342
        dvar: 0.00199056835845
        dvar2: 0.00500800507143
        max: 0.99893540144
        mean: 0.617362678051
        median: 0.627853274345
        min: 0.121705807745
        var: 0.00852879788727
    silence_rate_20dB:
        dmean: 0
        dmean2: 0
        dvar: 0
        dvar2: 0
        max: 1
        mean: 1
        median: 1
        min: 1
        var: 0
    silence_rate_30dB:
        dmean: 0
        dmean2: 0
        dvar: 0
        dvar2: 0
        max: 1
        mean: 1
        median: 1
        min: 1
        var: 0
    silence_rate_60dB:
        dmean: 0.0265613179654
        dmean2: 0.0531271025538
        dvar: 0.0258526857942
        dvar2: 0.0566812641919
        max: 1
        mean: 0.319129258394
        median: 0
        min: 0
        var: 0.217270046473
    spectral_centroid:
        dmean: 228.227996826
        dmean2: 354.564361572
        dvar: 61833.3867188
        dvar2: 134966.203125
        max: 11746.3818359
        mean: 1756.70715332
        median: 1707.43188477
        min: 207.627685547
        var: 1181809.125
    spectral_complexity:
        dmean: 3.27880978584
        dmean2: 5.29926013947
        dvar: 13.6111965179
        dvar2: 31.8072910309
        max: 50
        mean: 16.3645153046
        median: 18
        min: 0
        var: 112.421226501
    spectral_crest:
        dmean: 1.64201998711
        dmean2: 2.68097066879
        dvar: 2.61425852776
        dvar2: 6.43100214005
        max: 24.8163700104
        mean: 6.42158985138
        median: 5.57507324219
        min: 2.22525882721
        var: 9.31053161621
    spectral_decrease:
        dmean: 1.99259109213e-010
        dmean2: 3.19079401789e-010
        dvar: 5.85147500697e-020
        dvar2: 1.46075624232e-019
        max: 2.3532800768e-028
        mean: -1.04935027334e-009
        median: -1.10917719454e-009
        min: -4.03514333058e-009
        var: 4.28544775324e-019
    spectral_energy:
        dmean: 0.000890405382961
        dmean2: 0.00142141338438
        dvar: 1.205408239e-006
        dvar2: 2.97358337775e-006
        max: 0.0192814413458
        mean: 0.00473515782505
        median: 0.00502242706716
        min: 9.91929948973e-021
        var: 8.95456196304e-006
    spectral_energyband_high:
        dmean: 0.000173876906047
        dmean2: 0.000278876250377
        dvar: 6.93420290077e-008
        dvar2: 1.66038134353e-007
        max: 0.00403190357611
        mean: 0.000485071970616
        median: 0.000415553193307
        min: 7.13141163533e-021
        var: 2.22438004016e-007
    spectral_energyband_low:
        dmean: 0.000230250341701
        dmean2: 0.000373008428141
        dvar: 8.8089720407e-008
        dvar2: 2.3173356567e-007
        max: 0.0048913047649
        mean: 0.000497955887113
        median: 0.00039211451076
        min: 1.51766440978e-023
        var: 2.02798830173e-007
    spectral_energyband_middle_high:
        dmean: 0.000559179636184
        dmean2: 0.000892426643986
        dvar: 4.58673554249e-007
        dvar2: 1.15009549972e-006
        max: 0.012363976799
        mean: 0.0024047922343
        median: 0.00231974385679
        min: 1.09461995896e-021
        var: 3.25447285832e-006
    spectral_energyband_middle_low:
        dmean: 0.000490544189233
        dmean2: 0.000789423240349
        dvar: 3.88517577221e-007
        dvar2: 9.98455334411e-007
        max: 0.00920813158154
        mean: 0.00153506500646
        median: 0.0013569383882
        min: 1.26034981541e-022
        var: 1.36040478083e-006
    spectral_flatness_db:
        dmean: 0.0125775244087
        dmean2: 0.0192109700292
        dvar: 0.000141284588608
        dvar2: 0.00029095984064
        max: 0.408520847559
        mean: 0.144652321935
        median: 0.135209709406
        min: 0.058250438422
        var: 0.00173806899693
    spectral_flux:
        dmean: 0.00583336362615
        dmean2: 0.00905661191791
        dvar: 3.975547952e-005
        dvar2: 8.71278243721e-005
        max: 0.100431554019
        mean: 0.0370785072446
        median: 0.0401685684919
        min: 6.43727918193e-011
        var: 0.000311800977215
    spectral_kurtosis:
        dmean: 1.31053841114
        dmean2: 2.20819354057
        dvar: 5.23315906525
        dvar2: 14.9220533371
        max: 72.2353668213
        mean: 4.03217220306
        median: 3.10884523392
        min: -1.26053488255
        var: 17.3731384277
    spectral_rms:
        dmean: 0.000191252227523
        dmean2: 0.000300124753267
        dvar: 4.22157171442e-008
        dvar2: 1.00590234808e-007
        max: 0.00433718366548
        mean: 0.00198445678689
        median: 0.00221357820556
        min: 3.11084643288e-012
        var: 6.81620804244e-007
    spectral_rolloff:
        dmean: 348.519470215
        dmean2: 556.659667969
        dvar: 233120.28125
        dvar2: 457453.0625
        max: 19422.9492188
        mean: 3385.65698242
        median: 3509.91210938
        min: 172.265625
        var: 3427047.5
    spectral_skewness:
        dmean: 0.170313149691
        dmean2: 0.272702366114
        dvar: 0.0408860631287
        dvar2: 0.101578757167
        max: 6.40472793579
        mean: 1.34627330303
        median: 1.23621582985
        min: -0.0831551104784
        var: 0.270412474871
    spectral_spread:
        dmean: 370791.34375
        dmean2: 535038.0625
        dvar: 380568272896
        dvar2: 651360862208
        max: 42746080
        mean: 4672422.5
        median: 4070691
        min: 894958.6875
        var: 1.52803307684e+013
    spectral_strongpeak:
        dmean: 0.456338524818
        dmean2: 0.787780404091
        dvar: 0.546895205975
        dvar2: 1.42427074909
        max: 8.60905361176
        mean: 0.70405125618
        median: 0.305137306452
        min: 0
        var: 0.897273778915
    zerocrossingrate:
        dmean: 0.00763527909294
        dmean2: 0.00912629533559
        dvar: 6.56358679407e-005
        dvar2: 7.47206577216e-005
        max: 0.53076171875
        mean: 0.100459821522
        median: 0.1005859375
        min: 0.0146484375
        var: 0.00238500582054
    barkbands:
        dmean: [3.07889024498e-007, 9.57059091888e-005, 0.00012332724873, 0.000175462701009, 0.00015986271319, 9.83302015811e-005, 9.98281029752e-005, 0.000124221507576, 0.000170312268892, 0.000118025876873, 0.000114870439575, 9.62366830208e-005, 6.84685073793e-005, 9.61321347859e-005, 8.74698889675e-005, 9.97080132947e-005, 0.000112870518933, 0.000141799173434, 0.000199113797862, 0.000169469261891, 8.44751702971e-005, 2.83045610558e-005, 5.32534158992e-006, 1.91612321032e-006, 9.18918601656e-007, 3.13280743569e-008, 3.82699816281e-010]
        dmean2: [5.03290891629e-007, 0.000153534478159, 0.000202339128009, 0.000299499195535, 0.000268338801106, 0.000156068403157, 0.000161934789503, 0.00019189233717, 0.000265629932983, 0.000187916535651, 0.000185945493286, 0.000154457316967, 0.000112640940642, 0.000159865943715, 0.000143172437674, 0.000164142620633, 0.000186868652236, 0.00023431685986, 0.000327985966578, 0.000279190338915, 0.000138906616485, 4.45678961114e-005, 8.38686446514e-006, 2.82855421574e-006, 1.37591814564e-006, 4.62844838012e-008, 6.5014660322e-010]
        dvar: [3.01753522343e-013, 2.59770089883e-008, 2.90918329426e-008, 8.32272775142e-008, 6.40861088641e-008, 2.12424229318e-008, 3.57538816331e-008, 6.37573904783e-008, 1.0610915524e-007, 4.80350834664e-008, 6.31640233451e-008, 5.19223206652e-008, 1.5966708844e-008, 3.56354199482e-008, 3.20102273577e-008, 3.06225871327e-008, 2.95043456333e-008, 4.35910791907e-008, 7.89515510746e-008, 5.38137285844e-008, 1.72010086175e-008, 2.87286483491e-009, 1.65773450522e-010, 2.60260060031e-011, 5.97651268752e-012, 5.88083582686e-015, 9.24297303333e-019]
        dvar2: [7.52650437634e-013, 6.41476773922e-008, 7.70839960751e-008, 2.41499947151e-007, 1.77768171739e-007, 5.1408985513e-008, 8.68502922913e-008, 1.44321447237e-007, 2.46076893973e-007, 1.15705027781e-007, 1.60021102147e-007, 1.22010092696e-007, 4.11135019363e-008, 9.33735790909e-008, 7.72583206299e-008, 7.87132989899e-008, 7.64484227034e-008, 1.14067297829e-007, 2.04519139402e-007, 1.4171696705e-007, 4.33291695856e-008, 6.19967188698e-009, 3.53068935199e-010, 4.67961433492e-011, 1.26174288032e-011, 1.2616339756e-014, 2.35972646437e-018]
        max: [6.11283530816e-006, 0.00236175628379, 0.00251030456275, 0.00504110846668, 0.00388867734, 0.00274527049623, 0.00442442251369, 0.00512680690736, 0.0074002565816, 0.00473224045709, 0.00446202326566, 0.00527537195012, 0.00299607682973, 0.00644066557288, 0.00477785989642, 0.00577912665904, 0.00333774043247, 0.00432618847117, 0.00630439072847, 0.00356872519478, 0.00227731256746, 0.00112229562365, 0.000337124831276, 0.000152401276864, 6.6169333877e-005, 1.29186764752e-006, 2.23257572429e-008]
        mean: [3.33437327527e-007, 0.000148004692164, 0.000211161284824, 0.000259159860434, 0.00028910159017, 0.000206443815841, 0.000173415668542, 0.000221738635446, 0.000308199145366, 0.000208679775824, 0.000188696139958, 0.00016254784714, 0.000116719289508, 0.000168985803612, 0.000155214554979, 0.000188533173059, 0.000229760611546, 0.000305017310893, 0.000496516702697, 0.000418722222093, 0.000204338066396, 5.69323565287e-005, 1.07489522634e-005, 4.18923400503e-006, 1.94940457732e-006, 5.9365184768e-008, 4.46145287381e-010]
        median: [8.21486167979e-008, 9.58112359513e-005, 0.000139547308208, 0.000133895227918, 0.00018511005328, 0.000132499117171, 7.84059811849e-005, 8.52766752359e-005, 0.000121978519019, 8.32341465866e-005, 6.4284518885e-005, 6.8623572588e-005, 6.57166237943e-005, 9.29487869143e-005, 9.1417634394e-005, 0.000122808822198, 0.000157336704433, 0.000237042666413, 0.000405249302275, 0.000358345801942, 0.000172299201949, 3.2081916288e-005, 4.7716039262e-006, 1.57670160661e-006, 6.02308148245e-007, 1.67219091907e-008, 1.56502547033e-010]
        min: [5.17639531257e-025, 1.6684985986e-024, 1.21580149903e-024, 4.66280298288e-025, 5.44654733627e-024, 6.03223041004e-024, 8.06059887335e-024, 8.65126794246e-024, 1.24551962482e-023, 1.15060948162e-023, 1.27577409714e-023, 3.02917665113e-023, 1.45972178743e-023, 3.32893843086e-023, 5.29303137536e-023, 5.28458141289e-023, 6.2125434237e-023, 9.50251307248e-023, 1.23121421606e-022, 1.55990958364e-022, 2.30488142354e-022, 3.20753747071e-022, 3.25250481423e-022, 4.73858118232e-022, 8.87297417599e-022, 1.3037191413e-021, 1.97204260508e-021]
        var: [3.47011265209e-013, 3.33888259263e-008, 5.51389405246e-008, 1.24514343725e-007, 1.15334167106e-007, 6.28193319585e-008, 8.54025685726e-008, 1.60469923571e-007, 2.85559252688e-007, 1.32662933083e-007, 1.34369699367e-007, 1.16245011839e-007, 3.26697424669e-008, 7.23390485291e-008, 6.31488319414e-008, 6.67247235242e-008, 7.50724282739e-008, 1.04306707271e-007, 2.63876898998e-007, 1.58074982437e-007, 4.53213679918e-008, 6.67796529186e-009, 3.93692523026e-010, 8.58868878795e-011, 1.66327663448e-011, 1.23754071633e-014, 9.71197099897e-019]
    frequency_bands:
        dmean: [3.07889024498e-007, 9.57059091888e-005, 0.00012332724873, 0.000175462701009, 0.00015986271319, 9.83302015811e-005, 9.98281029752e-005, 0.000124221507576, 0.000170312268892, 0.000118025876873, 0.000114870439575, 9.62366830208e-005, 6.84685073793e-005, 9.61321347859e-005, 8.74698889675e-005, 9.97080132947e-005, 0.000112870518933, 0.000141799173434, 0.000199113797862, 0.000169469261891, 8.44751702971e-005, 2.83045610558e-005, 5.32534158992e-006, 1.91612321032e-006, 9.18918601656e-007, 3.13280743569e-008, 3.82699816281e-010, 5.29133854787e-011]
        dmean2: [5.03290891629e-007, 0.000153534478159, 0.000202339128009, 0.000299499195535, 0.000268338801106, 0.000156068403157, 0.000161934789503, 0.00019189233717, 0.000265629932983, 0.000187916535651, 0.000185945493286, 0.000154457316967, 0.000112640940642, 0.000159865943715, 0.000143172437674, 0.000164142620633, 0.000186868652236, 0.00023431685986, 0.000327985966578, 0.000279190338915, 0.000138906616485, 4.45678961114e-005, 8.38686446514e-006, 2.82855421574e-006, 1.37591814564e-006, 4.62844838012e-008, 6.5014660322e-010, 9.76346226089e-011]
        dvar: [3.01753522343e-013, 2.59770089883e-008, 2.90918329426e-008, 8.32272775142e-008, 6.40861088641e-008, 2.12424229318e-008, 3.57538816331e-008, 6.37573904783e-008, 1.0610915524e-007, 4.80350834664e-008, 6.31640233451e-008, 5.19223206652e-008, 1.5966708844e-008, 3.56354199482e-008, 3.20102273577e-008, 3.06225871327e-008, 2.95043456333e-008, 4.35910791907e-008, 7.89515510746e-008, 5.38137285844e-008, 1.72010086175e-008, 2.87286483491e-009, 1.65773450522e-010, 2.60260060031e-011, 5.97651268752e-012, 5.88083582686e-015, 9.24297303333e-019, 6.02091479673e-021]
        dvar2: [7.52650437634e-013, 6.41476773922e-008, 7.70839960751e-008, 2.41499947151e-007, 1.77768171739e-007, 5.1408985513e-008, 8.68502922913e-008, 1.44321447237e-007, 2.46076893973e-007, 1.15705027781e-007, 1.60021102147e-007, 1.22010092696e-007, 4.11135019363e-008, 9.33735790909e-008, 7.72583206299e-008, 7.87132989899e-008, 7.64484227034e-008, 1.14067297829e-007, 2.04519139402e-007, 1.4171696705e-007, 4.33291695856e-008, 6.19967188698e-009, 3.53068935199e-010, 4.67961433492e-011, 1.26174288032e-011, 1.2616339756e-014, 2.35972646437e-018, 1.87067735634e-020]
        max: [6.11283530816e-006, 0.00236175628379, 0.00251030456275, 0.00504110846668, 0.00388867734, 0.00274527049623, 0.00442442251369, 0.00512680690736, 0.0074002565816, 0.00473224045709, 0.00446202326566, 0.00527537195012, 0.00299607682973, 0.00644066557288, 0.00477785989642, 0.00577912665904, 0.00333774043247, 0.00432618847117, 0.00630439072847, 0.00356872519478, 0.00227731256746, 0.00112229562365, 0.000337124831276, 0.000152401276864, 6.6169333877e-005, 1.29186764752e-006, 2.23257572429e-008, 9.00990948516e-010]
        mean: [3.33437327527e-007, 0.000148004692164, 0.000211161284824, 0.000259159860434, 0.00028910159017, 0.000206443815841, 0.000173415668542, 0.000221738635446, 0.000308199145366, 0.000208679775824, 0.000188696139958, 0.00016254784714, 0.000116719289508, 0.000168985803612, 0.000155214554979, 0.000188533173059, 0.000229760611546, 0.000305017310893, 0.000496516702697, 0.000418722222093, 0.000204338066396, 5.69323565287e-005, 1.07489522634e-005, 4.18923400503e-006, 1.94940457732e-006, 5.9365184768e-008, 4.46145287381e-010, 4.16634504674e-011]
        median: [8.21486167979e-008, 9.58112359513e-005, 0.000139547308208, 0.000133895227918, 0.00018511005328, 0.000132499117171, 7.84059811849e-005, 8.52766752359e-005, 0.000121978519019, 8.32341465866e-005, 6.4284518885e-005, 6.8623572588e-005, 6.57166237943e-005, 9.29487869143e-005, 9.1417634394e-005, 0.000122808822198, 0.000157336704433, 0.000237042666413, 0.000405249302275, 0.000358345801942, 0.000172299201949, 3.2081916288e-005, 4.7716039262e-006, 1.57670160661e-006, 6.02308148245e-007, 1.67219091907e-008, 1.56502547033e-010, 1.27527684593e-011]
        min: [5.17639531257e-025, 1.6684985986e-024, 1.21580149903e-024, 4.66280298288e-025, 5.44654733627e-024, 6.03223041004e-024, 8.06059887335e-024, 8.65126794246e-024, 1.24551962482e-023, 1.15060948162e-023, 1.27577409714e-023, 3.02917665113e-023, 1.45972178743e-023, 3.32893843086e-023, 5.29303137536e-023, 5.28458141289e-023, 6.2125434237e-023, 9.50251307248e-023, 1.23121421606e-022, 1.55990958364e-022, 2.30488142354e-022, 3.20753747071e-022, 3.25250481423e-022, 4.73858118232e-022, 8.87297417599e-022, 1.3037191413e-021, 1.97204260508e-021, 4.77548371681e-022]
        var: [3.47011265209e-013, 3.33888259263e-008, 5.51389405246e-008, 1.24514343725e-007, 1.15334167106e-007, 6.28193319585e-008, 8.54025685726e-008, 1.60469923571e-007, 2.85559252688e-007, 1.32662933083e-007, 1.34369699367e-007, 1.16245011839e-007, 3.26697424669e-008, 7.23390485291e-008, 6.31488319414e-008, 6.67247235242e-008, 7.50724282739e-008, 1.04306707271e-007, 2.63876898998e-007, 1.58074982437e-007, 4.53213679918e-008, 6.67796529186e-009, 3.93692523026e-010, 8.58868878795e-011, 1.66327663448e-011, 1.23754071633e-014, 9.71197099897e-019, 4.97145241667e-021]
    mfcc:
        mean: [-717.340637207, 108.225318909, -50.5652885437, 47.2611885071, -17.1697311401, -2.01305603981, 3.33183431625, -3.35264062881, -1.15948069096, -0.482432633638, -2.83324694633, -3.9239397049, -4.23320865631]
        cov: [[9518.33691406, 140.679473877, -476.169616699, 1497.70080566, -215.32850647, 578.003723145, 198.869140625, 69.243850708, 234.651702881, 176.36315918, 215.664474487, 75.3106994629, -75.1357192993], [140.679473877, 828.81842041, -236.110153198, 62.3892936707, -48.7493019104, -47.8767929077, 77.0262908936, 43.7454566956, -32.7146110535, 20.1342353821, -13.9382162094, -8.19893169403, -9.59032249451], [-476.169616699, -236.110153198, 468.745849609, -68.2071456909, 138.0909729, 90.0108642578, 12.6367692947, 33.3344039917, 10.2093906403, -4.78749990463, 28.3721389771, 13.1200275421, 20.7495880127], [1497.70080566, 62.3892936707, -68.2071456909, 490.123901367, 43.198638916, 147.111572266, 39.8369560242, 1.74974286556, 66.8116836548, 37.0896568298, 31.6374549866, 31.5766124725, -15.491402626], [-215.32850647, -48.7493019104, 138.0909729, 43.198638916, 182.125579834, 46.6135635376, -9.70930290222, 6.96918678284, 4.38152980804, 7.57189893723, -2.93494653702, 13.9181032181, 14.1965551376], [578.003723145, -47.8767929077, 90.0108642578, 147.111572266, 46.6135635376, 196.140274048, 80.8781890869, 31.0644226074, 40.6389884949, 15.1436347961, 43.0520439148, 14.8429689407, 3.7066257], [198.869140625, 77.0262908936, 12.6367692947, 39.8369560242, -9.70930290222, 80.8781890869, 141.331008911, 62.5733375549, 11.2943754196, 21.3499031067, 29.375333786, 3.02218127251, 8.82526111603], [69.243850708, 43.7454566956, 33.3344039917, 1.74974286556, 6.96918678284, 31.0644226074, 62.5733375549, 98.4228973389, 22.4411773682, 22.5966663361, 17.0928821564, 8.52810096741, 15.4696416855], [234.651702881, -32.7146110535, 10.2093906403, 66.8116836548, 4.38152980804, 40.6389884949, 11.2943754196, 22.4411773682, 91.1691360474, 22.8114261627, 15.4345159531, 12.2490186691, -7.47239303589], [176.36315918, 20.1342353821, -4.78749990463, 37.0896568298, 7.57189893723, 15.1436347961, 21.3499031067, 22.5966663361, 22.8114261627, 87.4877243042, 33.6884002686, 0.0171166360378, -1.54004335403], [215.664474487, -13.9382162094, 28.3721389771, 31.6374549866, -2.93494653702, 43.0520439148, 29.375333786, 17.0928821564, 15.4345159531, 33.6884002686, 78.5820770264, 24.3717269897, -1.3746329546], [75.3106994629, -8.19893169403, 13.1200275421, 31.5766124725, 13.9181032181, 14.8429689407, 3.02218127251, 8.52810096741, 12.2490186691, 0.0171166360378, 24.3717269897, 75.8177871704, 32.6435585022], [-75.1357192993, -9.59032249451, 20.7495880127, -15.491402626, 14.1965551376, 3.7066257, 8.82526111603, 15.4696416855, -7.47239303589, -1.54004335403, -1.3746329546, 32.6435585022, 74.6262130737]]
        icov: [[0.000265577109531, 4.90879174322e-005, 0.000141602155054, -0.00072714954149, 0.000522422196809, -0.000446937774541, 0.000262806861429, -0.000268169038463, 0.000119933742099, -0.000127410661662, -0.000252846832154, 9.58609234658e-005, -6.50335414321e-006], [4.90879174322e-005, 0.00166656961665, 0.000816421350464, -0.000410307868151, -0.000228308781516, 0.000612697040197, -0.00106413394678, -0.000776177737862, 0.000803292205092, -0.000181806404726, 0.000232440783293, -0.000165953155374, 0.000404717080528], [0.000141602155054, 0.000816421350464, 0.00400391919538, 0.00073786341818, -0.00235754135065, -0.00181925646029, 0.000425312668085, -0.0013272074284, 0.000149696250446, 0.000677533331327, -0.00136921787634, 0.000321482919389, -8.58185740071e-005], [-0.00072714954149, -0.000410307868151, 0.00073786341818, 0.00549127720296, -0.0023070210591, -0.00179877446499, -0.000215839012526, 0.00148773135152, -0.00156015926041, -0.000583726388868, 0.00119518709835, -0.0016744324239, 0.000981450313702], [0.000522422196809, -0.000228308781516, -0.00235754135065, -0.0023070210591, 0.00938245654106, -0.00240060896613, 0.00249016843736, -0.000953147304244, 0.00134689663537, -0.00213625002652, 0.00225387513638, -0.00116903299931, -0.00044562947005], [-0.000446937774541, 0.000612697040197, -0.00181925646029, -0.00179877446499, -0.00240060896613, 0.0128118144348, -0.00675962213427, 0.00171057891566, -0.00263651763089, 0.00255423714407, -0.00327639235184, 0.00143891281914, -0.000874747755006], [0.000262806861429, -0.00106413394678, 0.000425312668085, -0.000215839012526, 0.00249016843736, -0.00675962213427, 0.0149341970682, -0.00738427881151, 0.00218376563862, -0.000925780099351, -0.0015849750489, 0.00123344443273, -0.000777755398303], [-0.000268169038463, -0.000776177737862, -0.0013272074284, 0.00148773135152, -0.000953147304244, 0.00171057891566, -0.00738427881151, 0.0171425659209, -0.00431482121348, -0.00181709160097, 0.000187749858014, -0.000226191768888, -0.00264298124239], [0.000119933742099, 0.000803292205092, 0.000149696250446, -0.00156015926041, 0.00134689663537, -0.00263651763089, 0.00218376563862, -0.00431482121348, 0.0152277871966, -0.00329654337838, 0.00142017484177, -0.00302424584515, 0.00317520112731], [-0.000127410661662, -0.000181806404726, 0.000677533331327, -0.000583726388868, -0.00213625002652, 0.00255423714407, -0.000925780099351, -0.00181709160097, -0.00329654337838, 0.0164277907461, -0.00817412231117, 0.00425362400711, -0.00169781572185], [-0.000252846832154, 0.000232440783293, -0.00136921787634, 0.00119518709835, 0.00225387513638, -0.00327639235184, -0.0015849750489, 0.000187749858014, 0.00142017484177, -0.00817412231117, 0.0220002382994, -0.00899495277554, 0.00460000289604], [9.58609234658e-005, -0.000165953155374, 0.000321482919389, -0.0016744324239, -0.00116903299931, 0.00143891281914, 0.00123344443273, -0.000226191768888, -0.00302424584515, 0.00425362400711, -0.00899495277554, 0.0213187485933, -0.0100159803405], [-6.50335414321e-006, 0.000404717080528, -8.58185740071e-005, 0.000981450313702, -0.00044562947005, -0.000874747755006, -0.000777755398303, -0.00264298124239, 0.00317520112731, -0.00169781572185, 0.00460000289604, -0.0100159803405, 0.0191901512444]]
    sccoeffs:
        dmean: [0.0490240715444, 0.0441182404757, 0.0396732799709, 0.0296596903354, 0.020948426798, 0.0169153213501]
        dmean2: [0.0827345773578, 0.0730190947652, 0.0651661232114, 0.0490322932601, 0.0340635515749, 0.0268396660686]
        dvar: [0.00155231112149, 0.00122449989431, 0.000971287372522, 0.00054204359185, 0.000303912471281, 0.000215848078369]
        dvar2: [0.00447826646268, 0.00326509377919, 0.00256929034367, 0.00145188404713, 0.000756701047067, 0.000490793318022]
        max: [-0.326532930136, -0.444020569324, -0.507349848747, -0.55162525177, -0.547999799252, -0.530860304832]
        mean: [-0.667490124702, -0.740125060081, -0.75296497345, -0.783109247684, -0.78889644146, -0.73466783762]
        median: [-0.670169711113, -0.743964910507, -0.757880270481, -0.78661096096, -0.79535639286, -0.727671742439]
        min: [-0.981419503689, -0.996673762798, -0.99890935421, -0.988384306431, -0.989093720913, -0.964683592319]
        var: [0.00543457316235, 0.00467887427658, 0.00463375449181, 0.00244277413003, 0.00200996920466, 0.00274575385265]
    scvalleys:
        dmean: [0.371365904808, 0.321394562721, 0.282878190279, 0.245721593499, 0.215011447668, 0.236531347036]
        dmean2: [0.622861027718, 0.535300374031, 0.469461739063, 0.390417009592, 0.325635403395, 0.338628381491]
        dvar: [0.0946306139231, 0.0699082762003, 0.0561575256288, 0.0527718923986, 0.0662921741605, 0.107479460537]
        dvar2: [0.249684110284, 0.176152557135, 0.135583370924, 0.107989743352, 0.12066385895, 0.198587939143]
        max: [-5.17243385315, -4.82720851898, -5.24193143845, -5.74038791656, -5.4694018364, -7.56825494766]
        mean: [-7.21562242508, -6.92493104935, -7.22324991226, -7.3905711174, -7.4168138504, -10.2332391739]
        median: [-6.62267494202, -6.50275421143, -6.80514144897, -6.81784963608, -6.63236427307, -9.70370864868]
        min: [-28.6131057739, -28.2406902313, -27.8934497833, -27.7022762299, -27.6355667114, -27.4141845703]
        var: [5.88753938675, 5.19713544846, 4.97446870804, 5.27212285995, 5.89052009583, 5.1733956337]

rhythm:
    beats_loudness:
        dmean: 0.00241956789978
        dmean2: 0.00456962548196
        dvar: 3.62602941095e-006
        dvar2: 1.21895263874e-005
        max: 0.0158561263233
        mean: 0.00596595928073
        median: 0.00601430842653
        min: 0
        var: 1.16331839308e-005
    bpm: 124.95274353
    bpm_confidence: 0
    first_peak_bpm: 126
    first_peak_spread: 0.389328062534
    first_peak_weight: 0.546902656555
    onset_rate: 2.541223526
    second_peak_bpm: 120
    second_peak_spread: 0.380952388048
    second_peak_weight: 0.0230088494718
    beats_loudness_band_ratio:
        dmean: [0.119036570191, 0.0747750625014, 0.0920614227653, 0.0803036168218, 0.0811127722263, 0.112961500883]
        dmean2: [0.222347140312, 0.132425233722, 0.159887194633, 0.141582503915, 0.137842074037, 0.209749430418]
        dvar: [0.0120242452249, 0.00542037840933, 0.00892590358853, 0.00879485998303, 0.00501239765435, 0.0110286260024]
        dvar2: [0.0392491072416, 0.0148439696059, 0.0244620647281, 0.0233515501022, 0.0148110808805, 0.0392725467682]
        max: [0.634561955929, 0.597335875034, 0.903126060963, 0.966409862041, 0.612079679966, 0.801303267479]
        mean: [0.177634373307, 0.112617440522, 0.156629011035, 0.141867741942, 0.211151331663, 0.232983082533]
        median: [0.153368681669, 0.0905008167028, 0.120235309005, 0.0998158752918, 0.205040603876, 0.231686204672]
        min: [0, 0, 0, 0, 0, 0]
        var: [0.0153843052685, 0.00853599235415, 0.0152773791924, 0.0165613107383, 0.00844461191446, 0.0137840770185]
    beats_position: [0.49922901392, 0.99845802784, 1.49768710136, 2.00852608681, 2.53097510338, 3.01859402657, 3.50621318817, 3.99383211136, 4.46984100342, 4.94585037231, 5.42185926437, 5.89786815643, 6.38548755646, 6.87310647964, 7.3491153717, 7.8251247406, 8.31274318695, 8.78875255585, 9.26476192474, 9.75238037109, 10.2399997711, 10.71600914, 11.1920175552, 11.6680269241, 12.144036293, 12.6316547394, 13.1192741394, 13.5952835083, 14.0712919235, 14.5473012924, 15.0233106613, 15.4993190765, 15.9869384766, 16.4629478455, 16.9505672455, 17.426574707, 17.9025840759, 18.390203476, 18.8662128448, 19.3422222137, 19.8298416138, 20.3058490753, 20.7818584442, 21.2694778442, 21.7454872131, 22.221496582, 22.7091159821, 23.1851234436, 23.6611328125, 24.1487522125, 24.6247615814, 25.1007709503, 25.5883903503, 26.0643978119, 26.5404071808, 27.0280265808, 27.5156459808, 27.9916553497, 28.4676647186, 28.9436721802, 29.4196815491, 29.9073009491, 30.3949203491, 30.870929718, 31.3469390869, 31.8229465485, 32.2989578247, 32.7865753174, 33.2741928101, 33.750202179, 34.2262115479, 34.7022209167, 35.1782302856, 35.6658477783, 36.1534690857, 36.6294784546, 37.1054878235, 37.5814971924, 38.0575065613, 38.545124054, 39.0327415466, 39.5087509155, 39.9847602844, 40.4723815918, 40.9483909607, 41.4243965149, 41.9120178223, 42.3996353149, 42.8756446838, 43.3516540527, 43.8276634216, 44.3036727905, 44.7912902832, 45.2672996521, 45.743309021, 46.2309303284, 46.718547821, 47.1945571899, 47.6705665588, 48.1465759277, 48.6225852966, 49.1102027893, 49.5862121582, 50.0622215271, 50.5498390198, 51.0258483887, 51.5018577576, 51.9894790649, 52.4770965576, 52.9531059265, 53.4291152954, 53.9167327881, 54.392742157, 54.8687515259, 55.3447608948, 55.8207702637, 56.3083877563, 56.7843971252, 57.2604064941, 57.7480278015, 58.2356452942, 58.7116546631, 59.187664032, 59.6636734009, 60.1396827698, 60.6156921387, 61.1033096313, 61.5793190002, 62.0669364929, 62.4616775513, 62.8564147949, 63.2627639771, 63.6691131592, 64.0754623413, 64.4818115234, 64.8881607056, 65.3873901367, 65.8750076294, 66.3742370605, 66.8618545532, 67.3494796753, 67.837097168, 68.3131027222, 68.7891159058, 69.26512146, 69.7527389526, 70.2287521362, 70.7047576904, 71.1923828125, 71.6683883667, 72.1444015503, 72.632019043, 73.1080245972, 73.5840377808, 74.0716552734, 74.5476608276, 75.0236740112, 75.5112915039, 75.9872970581, 76.4633102417, 76.9509277344, 77.426940918, 77.9029464722, 78.3905639648, 78.8665771484, 79.3425827026, 79.8302001953, 80.3178253174, 80.7938308716, 81.2698364258, 81.7574615479, 82.2334671021, 82.7094802856, 83.1970977783, 83.6731033325, 84.1491165161, 84.6251220703, 85.112739563, 85.5887527466, 86.0763702393, 86.5523757935, 87.0283889771, 87.5160064697, 87.9920196533, 88.479637146, 88.9556427002, 89.4316558838, 89.907661438, 90.3836746216, 90.8596801758, 91.3472976685, 91.8349151611, 92.3109283447, 92.7869338989, 93.2629470825, 93.7389526367, 94.2265777588, 94.702583313, 95.1785888672, 95.6662139893, 96.1422195435, 96.6298370361, 97.1058502197, 97.5934677124, 98.0810852051, 98.5570983887, 99.0331039429, 99.5091171265, 99.9851226807, 100.472740173, 100.948753357, 101.424758911, 101.900772095, 102.376777649, 102.864395142, 103.352012634, 103.839637756, 104.315643311, 104.791656494, 105.279273987, 105.743675232, 106.231292725, 106.707298279, 107.183311462, 107.659317017, 108.146934509, 108.622947693, 109.110565186, 109.598182678, 110.074195862, 110.550201416, 111.0262146, 111.502220154, 111.989837646, 112.477455139, 112.965080261, 113.441085815, 113.917098999, 114.393104553, 114.880722046, 115.368339539, 115.855964661, 116.448066711, 117.040176392, 117.64389801, 118.259223938, 118.874557495, 119.455055237, 120.035552979, 120.627662659, 121.2081604, 121.788658142, 122.369155884, 122.949661255, 123.599815369, 124.249977112, 124.900131226, 125.550292969, 126.200454712, 126.89704895, 127.593650818, 128.278640747, 128.963623047, 129.578948975, 130.182678223, 130.79800415, 131.40171814, 132.005432129, 132.504669189, 133.01550293, 133.537963867, 134.02557373, 134.513198853, 134.989196777, 135.476821899, 135.952835083, 136.440444946, 136.928070068, 137.41569519, 137.903305054, 138.390930176, 138.878540039, 139.354553223, 139.830566406, 140.30657959, 140.782577515, 141.270202637, 141.74621582, 142.222213745, 142.709838867, 143.197463989, 143.673461914, 144.149475098, 144.625488281, 145.101501465, 145.589111328, 146.065124512, 146.541137695, 147.028747559, 147.504760742, 147.980773926, 148.468383789, 148.944396973, 149.420410156, 149.896408081, 150.372421265, 150.860046387, 151.34765625, 151.823669434, 152.299682617, 152.78729248, 153.263305664, 153.739318848, 154.226928711, 154.702941895, 155.178955078, 155.6665802, 156.154190063, 156.630203247, 157.106216431, 157.582214355, 158.069839478, 158.545852661, 159.033462524, 159.509475708, 159.985488892, 160.461486816, 160.949111938, 161.425125122, 161.912734985, 162.388748169, 162.864761353, 163.340774536, 163.828384399, 164.304397583, 164.792022705, 165.26802063, 165.744033813, 166.220046997, 166.70765686, 167.183670044, 167.671295166, 168.147293091, 168.623306274, 169.099319458, 169.575332642, 170.062942505, 170.550567627, 171.026565552, 171.502578735, 171.990203857, 172.466217041, 172.942214966, 173.429840088, 173.905853271, 174.393463135, 174.869476318, 175.345489502, 175.821487427, 176.309112549, 176.785125732, 177.261123657, 177.748748779, 178.224761963, 178.700775146, 179.18838501, 179.664398193, 180.140411377, 180.62802124, 181.104034424, 181.580047607, 182.067657471, 182.543670654, 183.019683838, 183.495681763, 183.983306885, 184.470932007, 184.946929932, 185.434555054, 185.922180176, 186.398178101, 186.874191284, 187.361816406, 187.837814331, 188.325439453, 188.813064575, 189.2890625, 189.776687622, 190.252700806, 190.72869873, 191.204711914, 191.680725098, 192.156738281, 192.632736206, 193.10874939, 193.584762573, 194.060760498, 194.536773682, 195.024398804, 195.512008667, 195.988021851, 196.464035034, 196.951644897, 197.43927002, 197.915283203, 198.391296387, 198.855682373, 199.343307495, 199.830932617, 200.306930542, 200.782943726, 201.270568848, 201.746566772, 202.222579956, 202.710205078, 203.197814941, 203.673828125, 204.149841309, 204.625839233, 205.101852417, 205.589477539, 206.077087402, 206.553100586, 207.02911377, 207.505126953, 207.992736816, 208.46875, 208.956375122, 209.420761108, 209.90838623, 210.384399414, 210.860397339, 211.336410522, 211.824035645, 212.300048828, 212.787658691, 213.263671875, 213.751281738, 214.227294922, 214.703308105, 215.179321289, 215.666931152, 216.142944336, 216.630569458, 217.118179321, 217.617416382, 218.081817627, 218.546203613, 219.022216797, 219.509841919, 219.985839844, 220.473464966, 220.949478149, 221.425476074, 221.901489258, 222.38911438, 222.865127563, 223.352737427, 223.817138672, 224.304763794, 224.792373657, 225.268386841, 225.744400024, 226.232009888, 226.708023071, 227.184036255, 227.671646118, 228.147659302, 228.623672485, 229.111282349, 229.587295532, 230.063308716, 230.539321899, 231.026931763, 231.502944946, 231.990570068, 232.466567993, 232.942581177, 233.430206299, 233.906204224, 234.382217407, 234.869842529, 235.345840454, 235.821853638, 236.30947876, 236.797088623, 237.273101807, 237.74911499, 238.225112915, 238.701126099, 239.188751221, 239.676361084, 240.152374268, 240.628387451, 241.104400635, 241.58039856, 242.068023682, 242.544036865, 243.02003479, 243.507659912, 243.983673096, 244.459671021, 244.947296143, 245.434921265, 245.910919189, 246.386932373, 246.862945557, 247.33895874, 247.826568604, 248.314193726, 248.790206909, 249.266204834, 249.742218018, 250.218231201, 250.694229126, 251.181854248, 251.657867432, 252.145477295, 252.621490479, 253.109115601, 253.585113525, 254.072738647, 254.548751831, 255.024749756, 255.500762939, 255.976776123, 256.452789307, 256.94039917, 257.416412354, 257.904022217, 258.3800354, 258.867645264, 259.343658447, 259.831298828, 260.307312012, 260.783294678, 261.259307861, 261.735321045, 262.211334229, 262.687347412, 263.174957275, 263.662567139, 264.15020752, 264.626220703, 265.102203369, 265.58984375, 266.089050293, 266.588287354, 267.087524414, 267.575134277, 268.074371338, 268.573608398, 269.072814941, 269.583679199, 270.094512939, 270.547302246, 271.000091553, 271.452880859, 271.95211792, 272.439727783, 272.927337646, 273.41494751, 273.925811768, 274.436645508, 274.947479248, 275.458312988]
