
metadata:
    version:
        essentia: "2.1-beta2"
    audio_properties:
        analysis_sample_rate: 44100
        bitrate: 128
        channels: 2
        equal_loudness: 1
        length: 278.804901123
        replay_gain: -12.8186225891
        downmix: "mix"
    tags:
        album: "Once"
        artist: "Nightwish"
        comment: ""
        date: "2012"
        genre: "Blues"
        title: "Planet Hell"
        tracknumber: "1"

configuration:
    average_loudness:
        compute: 1
        frameSize: 88200
        hopSize: 44100
        silentFrames: "noise"
        windowType: "hann"
    general:
        analysisSampleRate: 44100
        endTime: 2000
        equalLoudness: 1
        nequalLoudness: 0
        shortSound: 0
        startTime: 0
    lowlevel:
        compute: 1
        frameSize: 2048
        hopSize: 1024
        zeroPadding: 0
        silentFrames: "noise"
        windowType: "blackmanharris62"
        mfccStats: ["mean", "cov", "icov"]
        stats: ["mean", "var", "median", "min", "max", "dmean", "dmean2", "dvar", "dvar2"]
    panning:
        compute: 0
        frameSize: 8192
        hopSize: 2048
        zeroPadding: 8192
        silentFrames: "noise"
        windowType: "hann"
        stats: ["copy"]
    rhythm:
        compute: 1
        maxTempo: 208
        minTempo: 40
        method: "degara"
        stats: ["mean", "var", "median", "min", "max", "dmean", "dmean2", "dvar", "dvar2"]
    segmentation:
        compute: 0
        cpw: 5
        inc1: 300
        inc2: 50
        minimumSegmentsLength: 10
        size1: 1000
        size2: 600
    sfx:
        compute: 1
        stats: ["mean", "var", "median", "min", "max", "dmean", "dmean2", "dvar", "dvar2"]
    svm:
        compute: 0
    tonal:
        compute: 1
        frameSize: 4096
        hopSize: 2048
        zeroPadding: 0
        silentFrames: "noise"
        windowType: "blackmanharris62"
        stats: ["mean", "var", "median", "min", "max", "dmean", "dmean2", "dvar", "dvar2"]

lowlevel:
    average_loudness: 0.939967811108
    barkbands_kurtosis:
        dmean: 0.612666249275
        dmean2: 0.984380125999
        dvar: 1.6465870142
        dvar2: 3.41120862961
        max: 55.0011329651
        mean: -0.650637686253
        median: -1.16969752312
        min: -1.86099839211
        var: 5.5118727684
    barkbands_skewness:
        dmean: 0.360487997532
        dmean2: 0.572189390659
        dvar: 0.105573698878
        dvar2: 0.2451248914
        max: 6.56527614594
        mean: -0.0253543686122
        median: -0.128319010139
        min: -3.02212333679
        var: 0.59200155735
    barkbands_spread:
        dmean: 5.78058767319
        dmean2: 9.1578540802
        dvar: 25.1458072662
        dvar2: 60.7130279541
        max: 108.825813293
        mean: 35.9715538025
        median: 36.6630249023
        min: 0.871923387051
        var: 135.669586182
    dissonance:
        dmean: 0.0133188962936
        dmean2: 0.0227845553309
        dvar: 0.00022068808903
        dvar2: 0.000613596988842
        max: 0.500000119209
        mean: 0.477683484554
        median: 0.483895301819
        min: 0.251698076725
        var: 0.00047168546007
    hfc:
        dmean: 2.57667255402
        dmean2: 4.11027860641
        dvar: 8.92880058289
        dvar2: 21.4532718658
        max: 44.944858551
        mean: 9.23908519745
        median: 8.61106777191
        min: 1.12814981521e-016
        var: 37.7724952698
    pitch:
        dmean: 822.369995117
        dmean2: 1583.93847656
        dvar: 1723784.75
        dvar2: 4245337.5
        max: 5313.73681641
        mean: 1312.5222168
        median: 407.381195068
        min: 67.1166000366
        var: 2339925.75
    pitch_instantaneous_confidence:
        dmean: 0.0807370468974
        dmean2: 0.130127564073
        dvar: 0.0046855295077
        dvar2: 0.0112258316949
        max: 0.94374102354
        mean: 0.376782357693
        median: 0.334490060806
        min: 0.11234587431
        var: 0.0253385603428
    pitch_salience:
        dmean: 0.0567993670702
        dmean2: 0.0934086069465
        dvar: 0.00231379712932
        dvar2: 0.00615983596072
        max: 0.880333065987
        mean: 0.63702583313
        median: 0.650868177414
        min: 0.184124335647
        var: 0.00771289179102
    silence_rate_20dB:
        dmean: 0
        dmean2: 0
        dvar: 0
        dvar2: 0
        max: 1
        mean: 1
        median: 1
        min: 1
        var: 0
    silence_rate_30dB:
        dmean: 0
        dmean2: 0
        dvar: 0
        dvar2: 0
        max: 1
        mean: 1
        median: 1
        min: 1
        var: 0
    silence_rate_60dB:
        dmean: 0.0756162554026
        dmean2: 0.151245102286
        dvar: 0.0699004605412
        dvar2: 0.15850572288
        max: 1
        mean: 0.236572563648
        median: 0
        min: 0
        var: 0.180560171604
    spectral_centroid:
        dmean: 264.723693848
        dmean2: 424.741851807
        dvar: 63931.5664063
        dvar2: 150078.25
        max: 11226.8740234
        mean: 1734.75195313
        median: 1797.81005859
        min: 155.618331909
        var: 344173.71875
    spectral_complexity:
        dmean: 4.3272819519
        dmean2: 6.80836200714
        dvar: 19.5938911438
        dvar2: 43.6045913696
        max: 52
        mean: 17.2527275085
        median: 17
        min: 0
        var: 94.5035324097
    spectral_crest:
        dmean: 1.73570775986
        dmean2: 2.8847990036
        dvar: 2.66626882553
        dvar2: 6.9770565033
        max: 24.3168964386
        mean: 6.1889424324
        median: 5.39585447311
        min: 2.03015708923
        var: 7.86425876617
    spectral_decrease:
        dmean: 2.53002174766e-010
        dmean2: 3.98256649881e-010
        dvar: 8.37190725811e-020
        dvar2: 1.94905401185e-019
        max: 3.72339073183e-029
        mean: -1.08733744231e-009
        median: -1.06178710269e-009
        min: -4.30531432727e-009
        var: 3.30550316667e-019
    spectral_energy:
        dmean: 0.00114880234469
        dmean2: 0.00180794438347
        dvar: 1.72650084096e-006
        dvar2: 3.99628106607e-006
        max: 0.0200496912003
        mean: 0.00494188070297
        median: 0.00478579336777
        min: 1.01470100339e-020
        var: 7.14894349585e-006
    spectral_energyband_high:
        dmean: 0.000215403575567
        dmean2: 0.000353466981323
        dvar: 7.66620615877e-008
        dvar2: 1.89671339967e-007
        max: 0.00412055011839
        mean: 0.000500181980897
        median: 0.000421330187237
        min: 7.46879711988e-021
        var: 1.89713318832e-007
    spectral_energyband_low:
        dmean: 0.000358311837772
        dmean2: 0.000592315976974
        dvar: 1.60336924182e-007
        dvar2: 4.19215552938e-007
        max: 0.00558463623747
        mean: 0.000643440231215
        median: 0.000532982056029
        min: 4.19368333754e-023
        var: 2.73999717137e-007
    spectral_energyband_middle_high:
        dmean: 0.000679900869727
        dmean2: 0.00106749718543
        dvar: 5.30438171609e-007
        dvar2: 1.27179498577e-006
        max: 0.0114744780585
        mean: 0.00255143432878
        median: 0.00227702222764
        min: 1.23642448457e-021
        var: 2.98437976198e-006
    spectral_energyband_middle_low:
        dmean: 0.000555445323698
        dmean2: 0.000889564631507
        dvar: 5.16349359714e-007
        dvar2: 1.26638849451e-006
        max: 0.00932442396879
        mean: 0.00143932877108
        median: 0.00121023552492
        min: 3.92927552679e-022
        var: 1.0920010709e-006
    spectral_flatness_db:
        dmean: 0.0128158871084
        dmean2: 0.0199255701154
        dvar: 0.000138948467793
        dvar2: 0.000318107602652
        max: 0.434816211462
        mean: 0.140098005533
        median: 0.130964949727
        min: 0.0405062548816
        var: 0.00142702495214
    spectral_flux:
        dmean: 0.00701298424974
        dmean2: 0.0108619648963
        dvar: 5.17177577422e-005
        dvar2: 0.000113180249173
        max: 0.10496712476
        mean: 0.0423865392804
        median: 0.0427112914622
        min: 6.62570345811e-011
        var: 0.000265357783064
    spectral_kurtosis:
        dmean: 1.32259559631
        dmean2: 2.23063182831
        dvar: 5.96654653549
        dvar2: 17.2524681091
        max: 93.1871032715
        mean: 3.98023271561
        median: 2.96731734276
        min: -1.27479767799
        var: 21.8049163818
    spectral_rms:
        dmean: 0.00024713910534
        dmean2: 0.000382930418709
        dvar: 6.20110114369e-008
        dvar2: 1.39632518881e-007
        max: 0.00442274520174
        mean: 0.00208894698881
        median: 0.00216080225073
        min: 3.14635058458e-012
        var: 4.57629340644e-007
    spectral_rolloff:
        dmean: 343.926177979
        dmean2: 560.822814941
        dvar: 191848.359375
        dvar2: 409235.1875
        max: 18561.6210938
        mean: 3314.83032227
        median: 3552.97851563
        min: 150.732421875
        var: 927211
    spectral_skewness:
        dmean: 0.179900631309
        dmean2: 0.290571272373
        dvar: 0.0400662980974
        dvar2: 0.107935726643
        max: 8.07761192322
        mean: 1.30927836895
        median: 1.20994305611
        min: -0.028256546706
        var: 0.279058516026
    spectral_spread:
        dmean: 346814.8125
        dmean2: 510468.21875
        dvar: 300886720512
        dvar2: 431637692416
        max: 45825976
        mean: 4247696
        median: 4214948.5
        min: 879614.3125
        var: 1.72192274842e+012
    spectral_strongpeak:
        dmean: 0.503809630871
        dmean2: 0.873033881187
        dvar: 0.661875903606
        dvar2: 1.74638736248
        max: 9.68579483032
        mean: 0.67067861557
        median: 0.227177858353
        min: 0
        var: 1.12510919571
    zerocrossingrate:
        dmean: 0.00771494954824
        dmean2: 0.00954744964838
        dvar: 5.81173189858e-005
        dvar2: 7.63253556215e-005
        max: 0.51708984375
        mean: 0.100226506591
        median: 0.10498046875
        min: 0.00634765625
        var: 0.000759406539146
    barkbands:
        dmean: [6.96705853898e-007, 0.000160891373525, 0.00019733022782, 0.000258616521023, 0.000199567017262, 0.000111506742542, 9.90136613837e-005, 8.67983835633e-005, 0.00015028231428, 0.00010207152809, 8.55626640259e-005, 7.87207027315e-005, 8.3780301793e-005, 7.25919235265e-005, 7.59757895139e-005, 0.000111882611236, 0.000134185553179, 0.000222059563384, 0.000245948700467, 0.000197695102543, 0.000108797190478, 3.61603488273e-005, 5.56089662496e-006, 2.29301940635e-006, 9.39858125548e-007, 2.3985432307e-008, 2.55378801439e-010]
        dmean2: [1.2593708334e-006, 0.000271527824225, 0.000329722970491, 0.0004226314486, 0.000332691706717, 0.000178496004082, 0.000160188865266, 0.000141332668136, 0.000245094968705, 0.000164074401255, 0.00013860569743, 0.000129074673168, 0.000139444149681, 0.000117775271065, 0.000123763820739, 0.000184221207746, 0.000219228095375, 0.000369339511963, 0.000399070442654, 0.000329700036673, 0.000180708797416, 6.03789922025e-005, 8.65373567649e-006, 3.49143601852e-006, 1.45912565586e-006, 3.6132728809e-008, 4.42402975365e-010]
        dvar: [9.38166102964e-013, 3.47091386743e-008, 6.10810957369e-008, 2.03312083613e-007, 7.40130374766e-008, 2.70775544209e-008, 2.81750693887e-008, 2.35979271679e-008, 8.30703186239e-008, 3.97878139324e-008, 2.4509036578e-008, 1.92735285509e-008, 3.5245385277e-008, 1.45552849773e-008, 2.28067040808e-008, 3.74367630229e-008, 3.82192162363e-008, 8.81811388354e-008, 1.15300686332e-007, 6.18960527277e-008, 2.04563690431e-008, 3.08089420642e-009, 1.35684477542e-010, 3.50377435399e-011, 4.1309139269e-012, 2.92404434304e-015, 1.24851914548e-019]
        dvar2: [2.66501903011e-012, 9.27230914272e-008, 1.60468943022e-007, 5.0801929774e-007, 1.97964439508e-007, 6.33644674508e-008, 6.89863881576e-008, 5.86672967984e-008, 2.13704311136e-007, 1.00419740079e-007, 6.02000653771e-008, 4.7961346894e-008, 1.01472011238e-007, 3.4878265609e-008, 5.71542742023e-008, 1.04435549986e-007, 9.69949525143e-008, 2.22823615559e-007, 2.82281860109e-007, 1.61708499036e-007, 5.16398479533e-008, 7.52423456873e-009, 2.84724493982e-010, 6.45026532187e-011, 9.31810271304e-012, 6.5036727055e-015, 3.37893638404e-019]
        max: [8.62834440341e-006, 0.00189035059884, 0.00330799794756, 0.00590811669827, 0.00383818498813, 0.00434002559632, 0.00351916346699, 0.00343664246611, 0.00459587806836, 0.0038570787292, 0.00287665589713, 0.00336932507344, 0.00577039644122, 0.00258837966248, 0.00373005098663, 0.00628336286172, 0.00403734389693, 0.00746097182855, 0.00767099484801, 0.00793091766536, 0.00206317938864, 0.0012320948299, 0.000355462223524, 0.000157667294843, 4.06588915212e-005, 1.84190014352e-006, 9.76490266424e-009]
        mean: [6.32486035101e-007, 0.000199326124857, 0.000287826173007, 0.000329935166519, 0.000319234881317, 0.000211614809814, 0.000159527684445, 0.000136038739583, 0.000234511331655, 0.000164045704878, 0.000144263030961, 0.000134376721689, 0.00013863730419, 0.000129202424432, 0.000132694913191, 0.00021602473862, 0.000269367359579, 0.000417504110374, 0.00057672301773, 0.000434406741988, 0.00022697809618, 6.15704047959e-005, 1.08069907583e-005, 4.74733269584e-006, 1.83301256129e-006, 4.94750729274e-008, 3.32484234589e-010]
        median: [2.69874533387e-007, 0.000131601642352, 0.000190932682017, 0.000167553473148, 0.000212406055653, 0.000112889305456, 7.89716214058e-005, 5.99893719482e-005, 9.31666363613e-005, 6.53254246572e-005, 6.21003928245e-005, 7.26072757971e-005, 7.7433847764e-005, 7.75266598794e-005, 7.72756538936e-005, 0.000140185380587, 0.000179936978384, 0.000291552772978, 0.000414551846916, 0.000372328009689, 0.000186367222341, 3.67699067283e-005, 5.72143699173e-006, 2.3171801331e-006, 9.4787475291e-007, 2.51387444195e-008, 1.81566400803e-010]
        min: [1.32328860941e-023, 1.33961361253e-023, 8.00112586084e-024, 2.66843600231e-024, 2.34726871858e-023, 4.35083074075e-023, 3.45558152949e-023, 2.54825738214e-023, 7.71103267591e-023, 2.31929476424e-023, 1.9228358347e-023, 9.43396484634e-023, 6.66847662793e-023, 1.02346384703e-022, 4.98557189092e-023, 8.46096992189e-023, 8.09888844619e-023, 1.37360815329e-022, 1.73129927095e-022, 1.83344514615e-022, 3.70041751186e-022, 3.63053730986e-022, 5.37056201352e-022, 8.341406629e-022, 1.12103056768e-021, 1.52651991618e-021, 2.18968581997e-021]
        var: [8.27530481206e-013, 4.25999076015e-008, 9.77606404717e-008, 2.40220572323e-007, 1.18950651995e-007, 1.02329700269e-007, 5.73896699052e-008, 5.21791321262e-008, 1.55361746579e-007, 8.18023551119e-008, 5.77721515072e-008, 4.1934725914e-008, 6.54720793136e-008, 3.39214381029e-008, 4.45495231816e-008, 8.40913187972e-008, 9.25778493865e-008, 1.84604729725e-007, 4.17069571768e-007, 1.47855004684e-007, 4.44202434835e-008, 5.41323297298e-009, 3.49371975794e-010, 1.17808304778e-010, 9.13255408796e-012, 6.74837671231e-015, 2.09611845296e-019]
    frequency_bands:
        dmean: [6.96705853898e-007, 0.000160891373525, 0.00019733022782, 0.000258616521023, 0.000199567017262, 0.000111506742542, 9.90136613837e-005, 8.67983835633e-005, 0.00015028231428, 0.00010207152809, 8.55626640259e-005, 7.87207027315e-005, 8.3780301793e-005, 7.25919235265e-005, 7.59757895139e-005, 0.000111882611236, 0.000134185553179, 0.000222059563384, 0.000245948700467, 0.000197695102543, 0.000108797190478, 3.61603488273e-005, 5.56089662496e-006, 2.29301940635e-006, 9.39858125548e-007, 2.3985432307e-008, 2.55378801439e-010, 5.4412349626e-011]
        dmean2: [1.2593708334e-006, 0.000271527824225, 0.000329722970491, 0.0004226314486, 0.000332691706717, 0.000178496004082, 0.000160188865266, 0.000141332668136, 0.000245094968705, 0.000164074401255, 0.00013860569743, 0.000129074673168, 0.000139444149681, 0.000117775271065, 0.000123763820739, 0.000184221207746, 0.000219228095375, 0.000369339511963, 0.000399070442654, 0.000329700036673, 0.000180708797416, 6.03789922025e-005, 8.65373567649e-006, 3.49143601852e-006, 1.45912565586e-006, 3.6132728809e-008, 4.42402975365e-010, 1.0102346043e-010]
        dvar: [9.38166102964e-013, 3.47091386743e-008, 6.10810957369e-008, 2.03312083613e-007, 7.40130374766e-008, 2.70775544209e-008, 2.81750693887e-008, 2.35979271679e-008, 8.30703186239e-008, 3.97878139324e-008, 2.4509036578e-008, 1.92735285509e-008, 3.5245385277e-008, 1.45552849773e-008, 2.28067040808e-008, 3.74367630229e-008, 3.82192162363e-008, 8.81811388354e-008, 1.15300686332e-007, 6.18960527277e-008, 2.04563690431e-008, 3.08089420642e-009, 1.35684477542e-010, 3.50377435399e-011, 4.1309139269e-012, 2.92404434304e-015, 1.24851914548e-019, 6.20389579162e-021]
        dvar2: [2.66501903011e-012, 9.27230914272e-008, 1.60468943022e-007, 5.0801929774e-007, 1.97964439508e-007, 6.33644674508e-008, 6.89863881576e-008, 5.86672967984e-008, 2.13704311136e-007, 1.00419740079e-007, 6.02000653771e-008, 4.7961346894e-008, 1.01472011238e-007, 3.4878265609e-008, 5.71542742023e-008, 1.04435549986e-007, 9.69949525143e-008, 2.22823615559e-007, 2.82281860109e-007, 1.61708499036e-007, 5.16398479533e-008, 7.52423456873e-009, 2.84724493982e-010, 6.45026532187e-011, 9.31810271304e-012, 6.5036727055e-015, 3.37893638404e-019, 1.95635064958e-020]
        max: [8.62834440341e-006, 0.00189035059884, 0.00330799794756, 0.00590811669827, 0.00383818498813, 0.00434002559632, 0.00351916346699, 0.00343664246611, 0.00459587806836, 0.0038570787292, 0.00287665589713, 0.00336932507344, 0.00577039644122, 0.00258837966248, 0.00373005098663, 0.00628336286172, 0.00403734389693, 0.00746097182855, 0.00767099484801, 0.00793091766536, 0.00206317938864, 0.0012320948299, 0.000355462223524, 0.000157667294843, 4.06588915212e-005, 1.84190014352e-006, 9.76490266424e-009, 1.1951873935e-009]
        mean: [6.32486035101e-007, 0.000199326124857, 0.000287826173007, 0.000329935166519, 0.000319234881317, 0.000211614809814, 0.000159527684445, 0.000136038739583, 0.000234511331655, 0.000164045704878, 0.000144263030961, 0.000134376721689, 0.00013863730419, 0.000129202424432, 0.000132694913191, 0.00021602473862, 0.000269367359579, 0.000417504110374, 0.00057672301773, 0.000434406741988, 0.00022697809618, 6.15704047959e-005, 1.08069907583e-005, 4.74733269584e-006, 1.83301256129e-006, 4.94750729274e-008, 3.32484234589e-010, 4.28670050845e-011]
        median: [2.69874533387e-007, 0.000131601642352, 0.000190932682017, 0.000167553473148, 0.000212406055653, 0.000112889305456, 7.89716214058e-005, 5.99893719482e-005, 9.31666363613e-005, 6.53254246572e-005, 6.21003928245e-005, 7.26072757971e-005, 7.7433847764e-005, 7.75266598794e-005, 7.72756538936e-005, 0.000140185380587, 0.000179936978384, 0.000291552772978, 0.000414551846916, 0.000372328009689, 0.000186367222341, 3.67699067283e-005, 5.72143699173e-006, 2.3171801331e-006, 9.4787475291e-007, 2.51387444195e-008, 1.81566400803e-010, 1.56916684507e-011]
        min: [1.32328860941e-023, 1.33961361253e-023, 8.00112586084e-024, 2.66843600231e-024, 2.34726871858e-023, 4.35083074075e-023, 3.45558152949e-023, 2.54825738214e-023, 7.71103267591e-023, 2.31929476424e-023, 1.9228358347e-023, 9.43396484634e-023, 6.66847662793e-023, 1.02346384703e-022, 4.98557189092e-023, 8.46096992189e-023, 8.09888844619e-023, 1.37360815329e-022, 1.73129927095e-022, 1.83344514615e-022, 3.70041751186e-022, 3.63053730986e-022, 5.37056201352e-022, 8.341406629e-022, 1.12103056768e-021, 1.52651991618e-021, 2.18968581997e-021, 5.45507590085e-022]
        var: [8.27530481206e-013, 4.25999076015e-008, 9.77606404717e-008, 2.40220572323e-007, 1.18950651995e-007, 1.02329700269e-007, 5.73896699052e-008, 5.21791321262e-008, 1.55361746579e-007, 8.18023551119e-008, 5.77721515072e-008, 4.1934725914e-008, 6.54720793136e-008, 3.39214381029e-008, 4.45495231816e-008, 8.40913187972e-008, 9.25778493865e-008, 1.84604729725e-007, 4.17069571768e-007, 1.47855004684e-007, 4.44202434835e-008, 5.41323297298e-009, 3.49371975794e-010, 1.17808304778e-010, 9.13255408796e-012, 6.74837671231e-015, 2.09611845296e-019, 4.98541634017e-021]
    mfcc:
        mean: [-701.386962891, 107.801055908, -48.4793815613, 55.6821594238, -12.8551073074, 1.17321705818, 6.88438034058, 0.253105252981, -0.178115740418, -3.2399623394, -1.06388425827, -2.27285027504, -4.6969871521]
        cov: [[5868.29736328, -607.301696777, -471.663604736, 719.092041016, -181.607009888, 246.282958984, -45.3569869995, -80.9923477173, 108.746147156, 19.0842514038, -57.4185714722, -33.812828064, 19.9895172119], [-607.301696777, 844.451477051, -108.427894592, -51.1800918579, -25.0117206573, -113.898651123, 50.2220726013, 37.7504844666, -74.8292388916, -49.7392349243, 21.5082626343, 3.31996178627, -9.85457897186], [-471.663604736, -108.427894592, 352.47177124, -74.2605209351, 92.9127120972, 30.2106647491, -20.8230285645, 5.28543424606, -15.6375789642, -6.22491884232, -17.6308879852, -2.9432914257, 11.4567489624], [719.092041016, -51.1800918579, -74.2605209351, 336.170959473, 30.5128135681, 77.8411026001, -2.63632583618, -51.3088760376, 45.3594474792, -0.123152323067, -33.613243103, -4.37298631668, 26.2002067566], [-181.607009888, -25.0117206573, 92.9127120972, 30.5128135681, 146.602310181, 30.0272789001, -12.0897474289, -10.5009593964, 26.2685832977, 5.11106920242, -18.2646808624, 1.20471131802, 10.127617836], [246.282958984, -113.898651123, 30.2106647491, 77.8411026001, 30.0272789001, 122.583702087, 28.8574752808, -11.3992824554, 22.2714443207, -6.39866781235, -17.789150238, -0.73867470026, 6.15156507492], [-45.3569869995, 50.2220726013, -20.8230285645, -2.63632583618, -12.0897474289, 28.8574752808, 116.849227905, 31.2331485748, -7.85325717926, -6.91508245468, 14.7396278381, 3.43550610542, -2.21674847603], [-80.9923477173, 37.7504844666, 5.28543424606, -51.3088760376, -10.5009593964, -11.3992824554, 31.2331485748, 88.2626495361, -2.37412548065, 3.44748687744, 11.9039325714, -2.50417637825, -2.24807476997], [108.746147156, -74.8292388916, -15.6375789642, 45.3594474792, 26.2685832977, 22.2714443207, -7.85325717926, -2.37412548065, 99.1173629761, 20.7678966522, -4.8544921875, -0.618960678577, -4.26394081116], [19.0842514038, -49.7392349243, -6.22491884232, -0.123152323067, 5.11106920242, -6.39866781235, -6.91508245468, 3.44748687744, 20.7678966522, 78.3408584595, 22.6145324707, 4.8546128273, -0.940949201584], [-57.4185714722, 21.5082626343, -17.6308879852, -33.613243103, -18.2646808624, -17.789150238, 14.7396278381, 11.9039325714, -4.8544921875, 22.6145324707, 66.5650024414, 17.0483016968, -5.16789770126], [-33.812828064, 3.31996178627, -2.9432914257, -4.37298631668, 1.20471131802, -0.73867470026, 3.43550610542, -2.50417637825, -0.618960678577, 4.8546128273, 17.0483016968, 56.4136962891, 17.2618770599], [19.9895172119, -9.85457897186, 11.4567489624, 26.2002067566, 10.127617836, 6.15156507492, -2.21674847603, -2.24807476997, -4.26394081116, -0.940949201584, -5.16789770126, 17.2618770599, 58.8174591064]]
        icov: [[0.000309534720145, 0.00019629416056, 0.000302925560391, -0.000574792094994, 0.00039400201058, -0.000361197628081, 0.000283346307697, -0.000241451401962, 0.000108917556645, 2.89508807327e-005, -3.35196236847e-005, 8.99528095033e-005, 7.51255065552e-005], [0.00019629416056, 0.00179789611138, 0.000688189873472, -0.000579089217354, -0.000440651230747, 0.0015167563688, -0.000690172892064, -0.000555484439246, 0.000999802723527, 0.00107470038347, -0.000238724518567, -5.57878993277e-005, 0.000313491473207], [0.000302925560391, 0.000688189873472, 0.00458564702421, 0.000832499470562, -0.00244379206561, -0.00150045019109, 0.00100995274261, -0.000667934131343, 0.00149253488053, 0.000361417158274, 0.000309946510242, 0.000480142742163, -0.000661144906189], [-0.000574792094994, -0.000579089217354, 0.000832499470562, 0.00578370457515, -0.00139490282163, -0.00208461191505, -0.000324510241626, 0.00248846341856, -0.00139808934182, -0.000417329312768, 0.00120848545339, 0.000672684167512, -0.00229836208746], [0.00039400201058, -0.000440651230747, -0.00244379206561, -0.00139490282163, 0.0102380486205, -0.00176066777203, 0.000871550291777, 0.000316114223097, -0.00248549692333, -0.00106573360972, 0.00147309119347, -0.00045831213356, -0.000577446073294], [-0.000361197628081, 0.0015167563688, -0.00150045019109, -0.00208461191505, -0.00176066777203, 0.0142408395186, -0.00524828350171, 0.00106036919169, -0.00108858314343, 0.00155531067867, 0.00168189662509, -0.000785989803262, 0.000578631530516], [0.000283346307697, -0.000690172892064, 0.00100995274261, -0.000324510241626, 0.000871550291777, -0.00524828350171, 0.0121110845357, -0.00419348757714, 0.000982252182439, 0.000868652248755, -0.00269268546253, -0.000119511467346, 0.000314491946483], [-0.000241451401962, -0.000555484439246, -0.000667934131343, 0.00248846341856, 0.000316114223097, 0.00106036919169, -0.00419348757714, 0.0145739149302, -0.00161925749853, -0.000794731487986, -0.000633050163742, 0.00163202488329, -0.00142043048982], [0.000108917556645, 0.000999802723527, 0.00149253488053, -0.00139808934182, -0.00248549692333, -0.00108858314343, 0.000982252182439, -0.00161925749853, 0.0132366027683, -0.00271175126545, 0.000774077838287, -0.000629693618976, 0.00214851903729], [2.89508807327e-005, 0.00107470038347, 0.000361417158274, -0.000417329312768, -0.00106573360972, 0.00155531067867, 0.000868652248755, -0.000794731487986, -0.00271175126545, 0.0162605158985, -0.00622253026813, 0.000439801631728, -0.000303336069919], [-3.35196236847e-005, -0.000238724518567, 0.000309946510242, 0.00120848545339, 0.00147309119347, 0.00168189662509, -0.00269268546253, -0.000633050163742, 0.000774077838287, -0.00622253026813, 0.0213480293751, -0.00645574182272, 0.00254439422861], [8.99528095033e-005, -5.57878993277e-005, 0.000480142742163, 0.000672684167512, -0.00045831213356, -0.000785989803262, -0.000119511467346, 0.00163202488329, -0.000629693618976, 0.000439801631728, -0.00645574182272, 0.0220796652138, -0.00729992054403], [7.51255065552e-005, 0.000313491473207, -0.000661144906189, -0.00229836208746, -0.000577446073294, 0.000578631530516, 0.000314491946483, -0.00142043048982, 0.00214851903729, -0.000303336069919, 0.00254439422861, -0.00729992054403, 0.0206946637481]]
    sccoeffs:
        dmean: [0.0547139160335, 0.0462747588754, 0.0395197160542, 0.0306541603059, 0.0218593217432, 0.0186617877334]
        dmean2: [0.092689819634, 0.0771334245801, 0.0654419660568, 0.0507191121578, 0.0355584844947, 0.0295239500701]
        dvar: [0.00182133086491, 0.00129435537383, 0.000950577959884, 0.000575784011744, 0.000348836096236, 0.000251129677054]
        dvar2: [0.00518130837008, 0.00355091760866, 0.00257616769522, 0.00153346615843, 0.00081533548655, 0.000575651763938]
        max: [-0.315878778696, -0.411944806576, -0.492247462273, -0.508139252663, -0.543692171574, -0.539907813072]
        mean: [-0.677401840687, -0.761069417, -0.775123894215, -0.783875465393, -0.786131620407, -0.726130545139]
        median: [-0.679436564445, -0.767847120762, -0.782479763031, -0.789915084839, -0.793728709221, -0.723736345768]
        min: [-0.968661487103, -0.972205519676, -0.963050842285, -0.963141202927, -0.964736998081, -0.962188005447]
        var: [0.00404410203919, 0.0042317379266, 0.00376912835054, 0.00222686701454, 0.00185083318502, 0.00186370674055]
    scvalleys:
        dmean: [0.39722725749, 0.344867706299, 0.283228248358, 0.252324819565, 0.250664681196, 0.294062405825]
        dmean2: [0.66085100174, 0.570622563362, 0.462991714478, 0.394983500242, 0.371811062098, 0.425505399704]
        dvar: [0.111099541187, 0.0912379994988, 0.0681751072407, 0.0614640600979, 0.0764825046062, 0.120640873909]
        dvar2: [0.271834552288, 0.203348845243, 0.140006691217, 0.108257010579, 0.132413581014, 0.227285847068]
        max: [-5.07609367371, -4.9375128746, -5.37758493423, -5.49786663055, -5.55094575882, -7.55329990387]
        mean: [-6.58791637421, -6.63719701767, -6.86032533646, -7.10144758224, -7.00248336792, -9.92364406586]
        median: [-6.4210562706, -6.51964998245, -6.72846126556, -6.85208463669, -6.60926008224, -9.5521478653]
        min: [-27.3381061554, -27.1480197906, -27.3525447845, -27.3025016785, -27.242357254, -27.2991008759]
        var: [0.904764533043, 0.857752680779, 0.875974357128, 1.09549701214, 1.476308465, 1.76819097996]

rhythm:
    beats_loudness:
        dmean: 0.00266811950132
        dmean2: 0.00499293813482
        dvar: 4.26724864155e-006
        dvar2: 1.44725026985e-005
        max: 0.015344042331
        mean: 0.00667361728847
        median: 0.00677325204015
        min: 1.58239499282e-009
        var: 9.54906317929e-006
    bpm: 146.029815674
    bpm_confidence: 0
    first_peak_bpm: 148
    first_peak_spread: 0.421613425016
    first_peak_weight: 0.565476179123
    onset_rate: 3.06307387352
    second_peak_bpm: 105
    second_peak_spread: 0.444444477558
    second_peak_weight: 0.00744047621265
    beats_loudness_band_ratio:
        dmean: [0.14386831224, 0.0686434134841, 0.0734370350838, 0.0801946744323, 0.0908728390932, 0.0758448690176]
        dmean2: [0.255560398102, 0.120280042291, 0.126989036798, 0.141323536634, 0.162560224533, 0.13152526319]
        dvar: [0.013381193392, 0.00573058519512, 0.0052347285673, 0.00704084476456, 0.00681889336556, 0.0058014895767]
        dvar2: [0.0392127782106, 0.0153666306287, 0.0142430206761, 0.0207737237215, 0.0192669015378, 0.0153643256053]
        max: [0.929163813591, 0.643479526043, 0.8466360569, 0.631702721119, 0.733749270439, 0.783963799477]
        mean: [0.243643462658, 0.108893036842, 0.120816424489, 0.119541808963, 0.211625501513, 0.228270351887]
        median: [0.230583935976, 0.0847626402974, 0.0901986733079, 0.0841360762715, 0.201309531927, 0.226712852716]
        min: [0.000724833051208, 0.00301920808852, 0.00618306128308, 0.00213800091296, 0.000707990839146, 6.27700501354e-005]
        var: [0.0202995669097, 0.00794941838831, 0.0104277394712, 0.00913149211556, 0.0100344428793, 0.0139227453619]
