
metadata:
    version:
        essentia: "2.1-beta2"
    audio_properties:
        analysis_sample_rate: 44100
        bitrate: 128
        channels: 2
        equal_loudness: 1
        length: 285.257141113
        replay_gain: -13.4208145142
        downmix: "mix"
    tags:
        album: "Once"
        artist: "Nightwish"
        comment: ""
        date: "2012"
        genre: "Blues"
        title: "The Siren"
        tracknumber: "1"

configuration:
    average_loudness:
        compute: 1
        frameSize: 88200
        hopSize: 44100
        silentFrames: "noise"
        windowType: "hann"
    general:
        analysisSampleRate: 44100
        endTime: 2000
        equalLoudness: 1
        nequalLoudness: 0
        shortSound: 0
        startTime: 0
    lowlevel:
        compute: 1
        frameSize: 2048
        hopSize: 1024
        zeroPadding: 0
        silentFrames: "noise"
        windowType: "blackmanharris62"
        mfccStats: ["mean", "cov", "icov"]
        stats: ["mean", "var", "median", "min", "max", "dmean", "dmean2", "dvar", "dvar2"]
    panning:
        compute: 0
        frameSize: 8192
        hopSize: 2048
        zeroPadding: 8192
        silentFrames: "noise"
        windowType: "hann"
        stats: ["copy"]
    rhythm:
        compute: 1
        maxTempo: 208
        minTempo: 40
        method: "degara"
        stats: ["mean", "var", "median", "min", "max", "dmean", "dmean2", "dvar", "dvar2"]
    segmentation:
        compute: 0
        cpw: 5
        inc1: 300
        inc2: 50
        minimumSegmentsLength: 10
        size1: 1000
        size2: 600
    sfx:
        compute: 1
        stats: ["mean", "var", "median", "min", "max", "dmean", "dmean2", "dvar", "dvar2"]
    svm:
        compute: 0
    tonal:
        compute: 1
        frameSize: 4096
        hopSize: 2048
        zeroPadding: 0
        silentFrames: "noise"
        windowType: "blackmanharris62"
        stats: ["mean", "var", "median", "min", "max", "dmean", "dmean2", "dvar", "dvar2"]

lowlevel:
    average_loudness: 0.781886696815
    barkbands_kurtosis:
        dmean: 0.68567186594
        dmean2: 1.07846951485
        dvar: 1.40791630745
        dvar2: 2.96142840385
        max: 35.269744873
        mean: -0.364127725363
        median: -0.94709444046
        min: -1.8877222538
        var: 4.27712726593
    barkbands_skewness:
        dmean: 0.331808626652
        dmean2: 0.5146484375
        dvar: 0.0940419957042
        dvar2: 0.206197917461
        max: 5.15647029877
        mean: 0.127716198564
        median: 0.0600560083985
        min: -3.2702934742
        var: 0.721089422703
    barkbands_spread:
        dmean: 5.18634700775
        dmean2: 8.19083213806
        dvar: 24.0775737762
        dvar2: 56.6328468323
        max: 74.8965911865
        mean: 31.7353515625
        median: 31.5799045563
        min: 2.12820649147
        var: 117.548538208
    dissonance:
        dmean: 0.0164957288653
        dmean2: 0.0279537271708
        dvar: 0.000315597426379
        dvar2: 0.00087578361854
        max: 0.500000119209
        mean: 0.468975454569
        median: 0.47681927681
        min: 0.225773185492
        var: 0.000720879761502
    hfc:
        dmean: 1.70902264118
        dmean2: 2.68557167053
        dvar: 6.30539226532
        dvar2: 15.3454265594
        max: 50.4579277039
        mean: 7.64767694473
        median: 6.57240438461
        min: 1.12793408651e-016
        var: 45.1605377197
    pitch:
        dmean: 471.050292969
        dmean2: 908.126586914
        dvar: 990807.0625
        dvar2: 2590694.75
        max: 5194.71044922
        mean: 628.081970215
        median: 311.563293457
        min: 71.5026779175
        var: 883006.1875
    pitch_instantaneous_confidence:
        dmean: 0.0896245315671
        dmean2: 0.141364634037
        dvar: 0.0063715944998
        dvar2: 0.0142755601555
        max: 0.957846581936
        mean: 0.462579011917
        median: 0.44153380394
        min: 0.101280450821
        var: 0.0278843101114
    pitch_salience:
        dmean: 0.0575932189822
        dmean2: 0.0931778475642
        dvar: 0.00232184119523
        dvar2: 0.00581683404744
        max: 0.916509628296
        mean: 0.584998071194
        median: 0.593305408955
        min: 0.210937097669
        var: 0.00792593415827
    silence_rate_20dB:
        dmean: 0
        dmean2: 0
        dvar: 0
        dvar2: 0
        max: 1
        mean: 1
        median: 1
        min: 1
        var: 0
    silence_rate_30dB:
        dmean: 0
        dmean2: 0
        dvar: 0
        dvar2: 0
        max: 1
        mean: 1
        median: 1
        min: 1
        var: 0
    silence_rate_60dB:
        dmean: 0.0411884412169
        dmean2: 0.0823835879564
        dvar: 0.0395010076463
        dvar2: 0.0884686782956
        max: 1
        mean: 0.412420630455
        median: 0
        min: 0
        var: 0.242316618562
    spectral_centroid:
        dmean: 217.355133057
        dmean2: 340.74041748
        dvar: 56979.25
        dvar2: 117600.5625
        max: 11205.9257813
        mean: 1559.18493652
        median: 1582.26977539
        min: 193.485107422
        var: 424374.78125
    spectral_complexity:
        dmean: 2.88042330742
        dmean2: 4.59915351868
        dvar: 11.5306978226
        dvar2: 25.8318157196
        max: 46
        mean: 13.3333873749
        median: 13
        min: 0
        var: 86.7190628052
    spectral_crest:
        dmean: 1.81178200245
        dmean2: 2.96931672096
        dvar: 2.81383252144
        dvar2: 7.11579465866
        max: 23.8872413635
        mean: 6.9193944931
        median: 6.24330043793
        min: 2.39604640007
        var: 8.05808734894
    spectral_decrease:
        dmean: 1.74581085699e-010
        dmean2: 2.73894518177e-010
        dvar: 4.5463998428e-020
        dvar2: 1.11036835095e-019
        max: 1.95330535336e-028
        mean: -9.25239107552e-010
        median: -9.01526520103e-010
        min: -3.44449269107e-009
        var: 4.14725559968e-019
    spectral_energy:
        dmean: 0.000781450828072
        dmean2: 0.00122450955678
        dvar: 9.6869268873e-007
        dvar2: 2.34570256907e-006
        max: 0.0170568469912
        mean: 0.00418573012576
        median: 0.00403940118849
        min: 1.03297612115e-020
        var: 8.97181325854e-006
    spectral_energyband_high:
        dmean: 0.000137361785164
        dmean2: 0.000222213435336
        dvar: 6.31419609931e-008
        dvar2: 1.6049185092e-007
        max: 0.00539539614692
        mean: 0.00036417573574
        median: 0.000259552383795
        min: 7.0268031762e-021
        var: 1.83044903679e-007
    spectral_energyband_low:
        dmean: 0.00019848656666
        dmean2: 0.000323304760968
        dvar: 9.20121010495e-008
        dvar2: 2.32799166611e-007
        max: 0.00591883528978
        mean: 0.000431634573033
        median: 0.000322127976688
        min: 2.20402404219e-023
        var: 2.01334685812e-007
    spectral_energyband_middle_high:
        dmean: 0.000556183047593
        dmean2: 0.000878421997186
        dvar: 5.52509050067e-007
        dvar2: 1.37867857575e-006
        max: 0.0134813878685
        mean: 0.00232114596292
        median: 0.00190402986482
        min: 1.5190454023e-021
        var: 4.37509379481e-006
    spectral_energyband_middle_low:
        dmean: 0.000405542814406
        dmean2: 0.000635856937151
        dvar: 2.62446519628e-007
        dvar2: 6.5422955231e-007
        max: 0.00780658842996
        mean: 0.00120767066255
        median: 0.00101219513454
        min: 1.97833466063e-022
        var: 9.05291472009e-007
    spectral_flatness_db:
        dmean: 0.0129285501316
        dmean2: 0.0195860937238
        dvar: 0.000143692974234
        dvar2: 0.000298315455439
        max: 0.342340916395
        mean: 0.149071663618
        median: 0.143554508686
        min: 0.0554334186018
        var: 0.00108388834633
    spectral_flux:
        dmean: 0.00565192382783
        dmean2: 0.00883878394961
        dvar: 3.82740872737e-005
        dvar2: 8.63932582433e-005
        max: 0.107572771609
        mean: 0.0342207252979
        median: 0.035256549716
        min: 6.50615325504e-011
        var: 0.000334466603817
    spectral_kurtosis:
        dmean: 1.20879030228
        dmean2: 2.02316236496
        dvar: 2.27846717834
        dvar2: 6.17860841751
        max: 43.4408340454
        mean: 4.3352894783
        median: 3.79775834084
        min: -1.2440636158
        var: 7.69398355484
    spectral_rms:
        dmean: 0.00017758688773
        dmean2: 0.000275022699498
        dvar: 3.48446533849e-008
        dvar2: 8.08166475963e-008
        max: 0.00407931674272
        mean: 0.00184570939746
        median: 0.00198516482487
        min: 3.17455762198e-012
        var: 6.76982836012e-007
    spectral_rolloff:
        dmean: 353.156280518
        dmean2: 587.222961426
        dvar: 244593.875
        dvar2: 514558.71875
        max: 19315.2832031
        mean: 2966.13671875
        median: 3273.046875
        min: 150.732421875
        var: 1248865.25
    spectral_skewness:
        dmean: 0.164811432362
        dmean2: 0.264024764299
        dvar: 0.0277104172856
        dvar2: 0.0674936845899
        max: 4.86097002029
        mean: 1.45679187775
        median: 1.37388861179
        min: -0.0192067753524
        var: 0.194212019444
    spectral_spread:
        dmean: 319933.84375
        dmean2: 474652.71875
        dvar: 292860362752
        dvar2: 465907417088
        max: 41776636
        mean: 4165781.75
        median: 4041862.75
        min: 1462758.375
        var: 1.99132944794e+012
    spectral_strongpeak:
        dmean: 0.552553236485
        dmean2: 0.952553391457
        dvar: 0.923712551594
        dvar2: 2.41621732712
        max: 11.2451400757
        mean: 0.84698587656
        median: 0.320152282715
        min: 7.59608820289e-010
        var: 1.62098503113
    zerocrossingrate:
        dmean: 0.00720676872879
        dmean2: 0.00868472084403
        dvar: 5.83009423281e-005
        dvar2: 6.65232873871e-005
        max: 0.5185546875
        mean: 0.0906916260719
        median: 0.09375
        min: 0.009765625
        var: 0.000910087546799
    barkbands:
        dmean: [3.66174191413e-007, 7.68615282141e-005, 0.00010559985094, 0.000181982992217, 0.000127580482513, 8.48561976454e-005, 6.05347086093e-005, 6.84941769578e-005, 0.000145650090417, 6.52076778351e-005, 0.000126385639305, 9.35226489673e-005, 8.68381757755e-005, 5.79538900638e-005, 6.04833003308e-005, 0.000120950724522, 0.000112495094072, 0.00016285435413, 0.000216302767512, 0.00013916863827, 6.86230123392e-005, 2.33197315538e-005, 3.05442540594e-006, 1.05040248854e-006, 4.62283622937e-007, 1.33589184159e-008, 2.49481213466e-010]
        dmean2: [5.54229814043e-007, 0.000129568448756, 0.000175544177182, 0.000284014648059, 0.00020688213408, 0.000136328773806, 9.86095546978e-005, 0.000112121306302, 0.000231913058087, 0.000105251077912, 0.000204997762921, 0.000154067936819, 0.000143992510857, 9.39233941608e-005, 0.000100145698525, 0.00020116927044, 0.000182289441, 0.0002658200101, 0.000353774783434, 0.000227046664804, 0.000112533067295, 3.77965079679e-005, 4.76861168863e-006, 1.61323816883e-006, 7.20436844404e-007, 1.95745997189e-008, 4.24056761927e-010]
        dvar: [3.71718199841e-013, 2.14943529642e-008, 3.48214044266e-008, 1.01997208901e-007, 4.24594830406e-008, 1.90701463509e-008, 1.37711317905e-008, 2.15035935724e-008, 6.35422523487e-008, 2.57296406403e-008, 8.97716816439e-008, 5.29788444226e-008, 3.05371585796e-008, 1.57046695648e-008, 1.57149528945e-008, 5.55210952768e-008, 5.39596918259e-008, 9.86023493965e-008, 1.38989832976e-007, 6.20608346935e-008, 1.64024598348e-008, 2.09631312309e-009, 5.43918625417e-011, 6.77226417306e-012, 1.14460448498e-012, 8.76543892774e-016, 2.48011805303e-019]
        dvar2: [8.54032339639e-013, 5.73249749891e-008, 8.82135395841e-008, 2.47024843247e-007, 1.11323849694e-007, 4.69939109848e-008, 3.50212374656e-008, 5.69028877351e-008, 1.59589561122e-007, 6.45622506568e-008, 2.31672800055e-007, 1.33798721436e-007, 8.08286699794e-008, 3.95133561426e-008, 4.38519656143e-008, 1.54226256655e-007, 1.36072486612e-007, 2.37146025484e-007, 3.55032653943e-007, 1.53473479259e-007, 4.18861745288e-008, 5.04453190331e-009, 1.17977475012e-010, 1.42066775011e-011, 2.53819274626e-012, 1.72626902837e-015, 5.67517503033e-019]
        max: [7.52946743887e-006, 0.00142243597656, 0.00429702736437, 0.00554176792502, 0.00327276717871, 0.003565157298, 0.00247460324317, 0.00369682488963, 0.00547444727272, 0.0050080739893, 0.00887480005622, 0.00731004728004, 0.00391130615026, 0.00664184242487, 0.00389534211718, 0.00528188748285, 0.00628720410168, 0.010619896464, 0.00837719999254, 0.0056071691215, 0.00205501238815, 0.000816222687718, 0.000319854385452, 8.05348099675e-005, 2.85190362774e-005, 5.74165994749e-007, 2.09391135542e-008]
        mean: [5.49435128505e-007, 0.000123262318084, 0.00018675053434, 0.000316039571771, 0.000238136111875, 0.000156341600814, 9.79573305813e-005, 0.000109810171125, 0.000269719399512, 0.000116606519441, 0.000220273810555, 0.000156908339704, 0.00015183002688, 0.00010506567196, 0.000111665445729, 0.000236420164583, 0.000220300295041, 0.000340118509484, 0.000500248977914, 0.000317354191793, 0.000153500557644, 4.65400808025e-005, 6.80114771967e-006, 2.41219527197e-006, 1.08595543225e-006, 3.2362688529e-008, 3.69232644459e-010]
        median: [1.92335960492e-007, 7.07757135388e-005, 0.000103221042082, 0.000137921961141, 0.000138317787787, 7.24856436136e-005, 3.99305536121e-005, 4.56437119283e-005, 0.000104280567029, 3.60799967893e-005, 6.38800920569e-005, 6.15725148236e-005, 7.45700599509e-005, 5.32106860192e-005, 5.78494145884e-005, 0.000110705572297, 0.000120718090329, 0.0001999058004, 0.00032681520679, 0.00020307462546, 0.000103744256194, 2.11210572161e-005, 2.58230693362e-006, 9.27128269268e-007, 4.28137354902e-007, 1.39534819255e-008, 1.47643730575e-010]
        min: [2.48982310223e-024, 2.90602039658e-024, 4.90917804865e-024, 9.16640279104e-024, 1.43497269648e-023, 9.28036400399e-024, 5.36181341986e-024, 2.05653292755e-023, 4.01201308869e-023, 3.80769211889e-023, 4.70846966737e-023, 2.03924109651e-023, 5.69766590155e-023, 5.30023651532e-023, 7.17238014825e-023, 5.45289813988e-023, 8.80107562604e-023, 1.3051732707e-022, 2.47773914944e-022, 2.58195663648e-022, 3.42192563094e-022, 3.48902677063e-022, 4.59432136817e-022, 6.1530650785e-022, 9.20704730302e-022, 1.47922986323e-021, 2.23042850411e-021]
        var: [6.97973796815e-013, 2.46098075252e-008, 6.85223540131e-008, 2.15818971583e-007, 8.31459416872e-008, 5.33158406313e-008, 2.64893227353e-008, 3.86548499876e-008, 1.72781227548e-007, 7.369353483e-008, 2.09246735494e-007, 1.05654990534e-007, 6.00491887326e-008, 3.87094374332e-008, 3.24530056162e-008, 1.48029727143e-007, 1.18861834153e-007, 2.55722397924e-007, 4.15047651359e-007, 1.83052890179e-007, 3.61394150161e-008, 4.56960158601e-009, 1.58089250024e-010, 2.16392147256e-011, 3.26686052342e-012, 2.64161645337e-015, 7.70878305666e-019]
    frequency_bands:
        dmean: [3.66174191413e-007, 7.68615282141e-005, 0.00010559985094, 0.000181982992217, 0.000127580482513, 8.48561976454e-005, 6.05347086093e-005, 6.84941769578e-005, 0.000145650090417, 6.52076778351e-005, 0.000126385639305, 9.35226489673e-005, 8.68381757755e-005, 5.79538900638e-005, 6.04833003308e-005, 0.000120950724522, 0.000112495094072, 0.00016285435413, 0.000216302767512, 0.00013916863827, 6.86230123392e-005, 2.33197315538e-005, 3.05442540594e-006, 1.05040248854e-006, 4.62283622937e-007, 1.33589184159e-008, 2.49481213466e-010, 4.637137202e-011]
        dmean2: [5.54229814043e-007, 0.000129568448756, 0.000175544177182, 0.000284014648059, 0.00020688213408, 0.000136328773806, 9.86095546978e-005, 0.000112121306302, 0.000231913058087, 0.000105251077912, 0.000204997762921, 0.000154067936819, 0.000143992510857, 9.39233941608e-005, 0.000100145698525, 0.00020116927044, 0.000182289441, 0.0002658200101, 0.000353774783434, 0.000227046664804, 0.000112533067295, 3.77965079679e-005, 4.76861168863e-006, 1.61323816883e-006, 7.20436844404e-007, 1.95745997189e-008, 4.24056761927e-010, 8.58056056763e-011]
        dvar: [3.71718199841e-013, 2.14943529642e-008, 3.48214044266e-008, 1.01997208901e-007, 4.24594830406e-008, 1.90701463509e-008, 1.37711317905e-008, 2.15035935724e-008, 6.35422523487e-008, 2.57296406403e-008, 8.97716816439e-008, 5.29788444226e-008, 3.05371585796e-008, 1.57046695648e-008, 1.57149528945e-008, 5.55210952768e-008, 5.39596918259e-008, 9.86023493965e-008, 1.38989832976e-007, 6.20608346935e-008, 1.64024598348e-008, 2.09631312309e-009, 5.43918625417e-011, 6.77226417306e-012, 1.14460448498e-012, 8.76543892774e-016, 2.48011805303e-019, 5.58268436328e-021]
        dvar2: [8.54032339639e-013, 5.73249749891e-008, 8.82135395841e-008, 2.47024843247e-007, 1.11323849694e-007, 4.69939109848e-008, 3.50212374656e-008, 5.69028877351e-008, 1.59589561122e-007, 6.45622506568e-008, 2.31672800055e-007, 1.33798721436e-007, 8.08286699794e-008, 3.95133561426e-008, 4.38519656143e-008, 1.54226256655e-007, 1.36072486612e-007, 2.37146025484e-007, 3.55032653943e-007, 1.53473479259e-007, 4.18861745288e-008, 5.04453190331e-009, 1.17977475012e-010, 1.42066775011e-011, 2.53819274626e-012, 1.72626902837e-015, 5.67517503033e-019, 1.75819807982e-020]
        max: [7.52946743887e-006, 0.00142243597656, 0.00429702736437, 0.00554176792502, 0.00327276717871, 0.003565157298, 0.00247460324317, 0.00369682488963, 0.00547444727272, 0.0050080739893, 0.00887480005622, 0.00731004728004, 0.00391130615026, 0.00664184242487, 0.00389534211718, 0.00528188748285, 0.00628720410168, 0.010619896464, 0.00837719999254, 0.0056071691215, 0.00205501238815, 0.000816222687718, 0.000319854385452, 8.05348099675e-005, 2.85190362774e-005, 5.74165994749e-007, 2.09391135542e-008, 1.05484898594e-009]
        mean: [5.49435128505e-007, 0.000123262318084, 0.00018675053434, 0.000316039571771, 0.000238136111875, 0.000156341600814, 9.79573305813e-005, 0.000109810171125, 0.000269719399512, 0.000116606519441, 0.000220273810555, 0.000156908339704, 0.00015183002688, 0.00010506567196, 0.000111665445729, 0.000236420164583, 0.000220300295041, 0.000340118509484, 0.000500248977914, 0.000317354191793, 0.000153500557644, 4.65400808025e-005, 6.80114771967e-006, 2.41219527197e-006, 1.08595543225e-006, 3.2362688529e-008, 3.69232644459e-010, 3.67195648887e-011]
        median: [1.92335960492e-007, 7.07757135388e-005, 0.000103221042082, 0.000137921961141, 0.000138317787787, 7.24856436136e-005, 3.99305536121e-005, 4.56437119283e-005, 0.000104280567029, 3.60799967893e-005, 6.38800920569e-005, 6.15725148236e-005, 7.45700599509e-005, 5.32106860192e-005, 5.78494145884e-005, 0.000110705572297, 0.000120718090329, 0.0001999058004, 0.00032681520679, 0.00020307462546, 0.000103744256194, 2.11210572161e-005, 2.58230693362e-006, 9.27128269268e-007, 4.28137354902e-007, 1.39534819255e-008, 1.47643730575e-010, 9.61007662337e-012]
        min: [2.48982310223e-024, 2.90602039658e-024, 4.90917804865e-024, 9.16640279104e-024, 1.43497269648e-023, 9.28036400399e-024, 5.36181341986e-024, 2.05653292755e-023, 4.01201308869e-023, 3.80769211889e-023, 4.70846966737e-023, 2.03924109651e-023, 5.69766590155e-023, 5.30023651532e-023, 7.17238014825e-023, 5.45289813988e-023, 8.80107562604e-023, 1.3051732707e-022, 2.47773914944e-022, 2.58195663648e-022, 3.42192563094e-022, 3.48902677063e-022, 4.59432136817e-022, 6.1530650785e-022, 9.20704730302e-022, 1.47922986323e-021, 2.23042850411e-021, 6.65490026864e-022]
        var: [6.97973796815e-013, 2.46098075252e-008, 6.85223540131e-008, 2.15818971583e-007, 8.31459416872e-008, 5.33158406313e-008, 2.64893227353e-008, 3.86548499876e-008, 1.72781227548e-007, 7.369353483e-008, 2.09246735494e-007, 1.05654990534e-007, 6.00491887326e-008, 3.87094374332e-008, 3.24530056162e-008, 1.48029727143e-007, 1.18861834153e-007, 2.55722397924e-007, 4.15047651359e-007, 1.83052890179e-007, 3.61394150161e-008, 4.56960158601e-009, 1.58089250024e-010, 2.16392147256e-011, 3.26686052342e-012, 2.64161645337e-015, 7.70878305666e-019, 4.58997675144e-021]
    mfcc:
        mean: [-733.671569824, 113.978485107, -49.8302536011, 50.3217010498, -13.1127567291, -0.536508023739, 7.94098854065, 1.32443761826, -0.812694132328, -4.91859436035, -2.39366984367, -3.25454330444, -4.79251480103]
        cov: [[8646.49511719, -374.621490479, -1313.50964355, 598.982788086, -564.524536133, 176.60874939, -79.5331192017, -94.5720901489, 96.8269195557, -33.5684089661, -60.1592407227, -189.743301392, -10.4479408264], [-374.621490479, 842.03326416, -38.3027763367, -8.86386966705, 21.3211078644, -70.5924758911, 94.5484542847, 50.6053924561, -26.8737354279, 28.2909603119, 30.4042377472, 37.1649360657, 15.1129961014], [-1313.50964355, -38.3027763367, 535.881347656, -128.253356934, 127.073226929, 27.3560085297, -16.0130996704, 39.5112380981, -3.60215973854, 5.18856573105, 9.39743614197, 45.0961112976, 30.363494873], [598.982788086, -8.86386966705, -128.253356934, 406.964477539, 95.1194763184, 69.7320785522, 20.0674247742, -38.0150375366, 121.686103821, 8.27634906769, -10.7068824768, 21.1495075226, -16.5371494293], [-564.524536133, 21.3211078644, 127.073226929, 95.1194763184, 231.310150146, 52.3445510864, -11.0559864044, -12.0480632782, 46.2510681152, 10.3149204254, -11.8676700592, 15.5310106277, -9.90921974182], [176.60874939, -70.5924758911, 27.3560085297, 69.7320785522, 52.3445510864, 115.562515259, 28.2490444183, 4.94763422012, 41.1218681335, 5.98931837082, 2.69854021072, 10.4489908218, 4.8114027977], [-79.5331192017, 94.5484542847, -16.0130996704, 20.0674247742, -11.0559864044, 28.2490444183, 114.150535583, 50.8172683716, 13.6803941727, 20.8674945831, 27.2803440094, 20.728635788, 13.0729827881], [-94.5720901489, 50.6053924561, 39.5112380981, -38.0150375366, -12.0480632782, 4.94763422012, 50.8172683716, 98.4366836548, 13.0309371948, 22.1262836456, 14.356086731, 12.3773174286, 19.6511383057], [96.8269195557, -26.8737354279, -3.60215973854, 121.686103821, 46.2510681152, 41.1218681335, 13.6803941727, 13.0309371948, 132.352966309, 32.3513145447, -1.6077028513, 21.2427406311, -4.00639820099], [-33.5684089661, 28.2909603119, 5.18856573105, 8.27634906769, 10.3149204254, 5.98931837082, 20.8674945831, 22.1262836456, 32.3513145447, 84.4571609497, 27.5643920898, 11.6715812683, 5.30473089218], [-60.1592407227, 30.4042377472, 9.39743614197, -10.7068824768, -11.8676700592, 2.69854021072, 27.2803440094, 14.356086731, -1.6077028513, 27.5643920898, 84.8201751709, 34.243927002, 4.33051252365], [-189.743301392, 37.1649360657, 45.0961112976, 21.1495075226, 15.5310106277, 10.4489908218, 20.728635788, 12.3773174286, 21.2427406311, 11.6715812683, 34.243927002, 92.7589569092, 36.773273468], [-10.4479408264, 15.1129961014, 30.363494873, -16.5371494293, -9.90921974182, 4.8114027977, 13.0729827881, 19.6511383057, -4.00639820099, 5.30473089218, 4.33051252365, 36.773273468, 86.7595214844]]
        icov: [[0.000317550438922, -2.45839473791e-005, 0.000547032104805, -0.000465501769213, 0.000846088398248, -0.000981140881777, 0.00085637049051, -0.000349668756826, 8.38002888486e-005, -4.86779244966e-005, -0.000112589230412, 0.000482468516566, -0.000328473426634], [-2.45839473791e-005, 0.00157808698714, 0.000168248268892, -9.98613450065e-006, -0.000787300174125, 0.00162468978669, -0.00162517896388, -0.000203701827559, 0.000461808289401, -0.000248371128691, 0.00010178690718, -0.000549568969291, 3.672807361e-005], [0.000547032104805, 0.000168248268892, 0.0039238431491, 0.000682077836245, -0.00064188655233, -0.00212903949432, 0.00211260840297, -0.00170116091613, -6.79206932546e-005, 0.000245152594289, -0.000282786873868, -0.00046229804866, -0.000902983127162], [-0.000465501769213, -9.98613450065e-006, 0.000682077836245, 0.00558551819995, -0.00300997192971, 0.000421529781306, -0.00234107044525, 0.00256927101873, -0.00384620670229, 0.00099798629526, 0.000375448202249, -0.00152329972479, 0.000563558598515], [0.000846088398248, -0.000787300174125, -0.00064188655233, -0.00300997192971, 0.00940169114619, -0.0050486610271, 0.00375544303097, -0.000287472183118, 6.19467100478e-005, -0.00117139343638, 0.000895425328054, 0.000882827967871, 0.00039858193486], [-0.000981140881777, 0.00162468978669, -0.00212903949432, 0.000421529781306, -0.0050486610271, 0.016246676445, -0.00746517535299, 0.00188876420725, -0.00222504371777, 0.000997662195005, -0.000180023926077, -0.000762661104091, -0.000187786936294], [0.00085637049051, -0.00162517896388, 0.00211260840297, -0.00234107044525, 0.00375544303097, -0.00746517535299, 0.0178448557854, -0.00794046744704, 0.00130647036713, -0.000873288081493, -0.00275062350556, 0.000307523150695, -0.000726112804841], [-0.000349668756826, -0.000203701827559, -0.00170116091613, 0.00256927101873, -0.000287472183118, 0.00188876420725, -0.00794046744704, 0.016620170325, -0.0032883156091, -0.00149385642726, 0.000248039781582, 0.000628736277577, -0.00196651276201], [8.38002888486e-005, 0.000461808289401, -6.79206932546e-005, -0.00384620670229, 6.19467100478e-005, -0.00222504371777, 0.00130647036713, -0.0032883156091, 0.0137397442013, -0.00486695673317, 0.00257709645666, -0.00298140058294, 0.00196581124328], [-4.86779244966e-005, -0.000248371128691, 0.000245152594289, 0.00099798629526, -0.00117139343638, 0.000997662195005, -0.000873288081493, -0.00149385642726, -0.00486695673317, 0.0159416999668, -0.00541734369472, 0.0017318141181, -0.00124044110999], [-0.000112589230412, 0.00010178690718, -0.000282786873868, 0.000375448202249, 0.000895425328054, -0.000180023926077, -0.00275062350556, 0.000248039781582, 0.00257709645666, -0.00541734369472, 0.0173538010567, -0.00740313576534, 0.00333166238852], [0.000482468516566, -0.000549568969291, -0.00046229804866, -0.00152329972479, 0.000882827967871, -0.000762661104091, 0.000307523150695, 0.000628736277577, -0.00298140058294, 0.0017318141181, -0.00740313576534, 0.0186320915818, -0.00779166072607], [-0.000328473426634, 3.672807361e-005, -0.000902983127162, 0.000563558598515, 0.00039858193486, -0.000187786936294, -0.000726112804841, -0.00196651276201, 0.00196581124328, -0.00124044110999, 0.00333166238852, -0.00779166072607, 0.0158172082156]]
    sccoeffs:
        dmean: [0.0472794622183, 0.045079536736, 0.0397908464074, 0.0310697294772, 0.0236873440444, 0.0168158132583]
        dmean2: [0.078146211803, 0.0754634588957, 0.0657661408186, 0.0516938604414, 0.0380534119904, 0.0262486319989]
        dvar: [0.00152375327889, 0.00127324310597, 0.000967591593508, 0.000594723504037, 0.000396985997213, 0.000207483783015]
        dvar2: [0.00411244900897, 0.00354114617221, 0.00261178379878, 0.00160992960446, 0.000962065998465, 0.000467073608888]
        max: [-0.313027530909, -0.487768441439, -0.493181288242, -0.551839470863, -0.546619772911, -0.586440682411]
        mean: [-0.665160357952, -0.753152906895, -0.746394693851, -0.773845732212, -0.774928510189, -0.743580162525]
        median: [-0.667724132538, -0.756043076515, -0.749248862267, -0.77949154377, -0.779737353325, -0.738650918007]
        min: [-0.979812502861, -0.981359601021, -0.976719796658, -0.964818358421, -0.962582528591, -0.963569164276]
        var: [0.00697660120204, 0.00409084558487, 0.00549919065088, 0.00288935098797, 0.00197116471827, 0.0020574205555]
    scvalleys:
        dmean: [0.358729749918, 0.329620420933, 0.273451447487, 0.247921273112, 0.23650854826, 0.228220552206]
        dmean2: [0.598716914654, 0.55070745945, 0.448700010777, 0.392981976271, 0.349794924259, 0.331754714251]
        dvar: [0.115029774606, 0.0902276188135, 0.0696927681565, 0.0662630423903, 0.077701292932, 0.107600651681]
        dvar2: [0.266139388084, 0.204628363252, 0.145961716771, 0.122759751976, 0.134597033262, 0.198280185461]
        max: [-5.26104354858, -5.12414693832, -5.25087022781, -5.62061166763, -5.55928468704, -7.82161998749]
        mean: [-7.01381731033, -7.0300488472, -7.22009086609, -7.49335002899, -7.54200792313, -10.3062982559]
        median: [-6.77502250671, -6.83201599121, -6.93648433685, -7.07416915894, -7.04498100281, -10.0219249725]
        min: [-27.8772506714, -27.5883541107, -27.8948860168, -27.5382328033, -27.3618354797, -27.3085517883]
        var: [1.44459199905, 1.48318099976, 1.69234025478, 1.88674795628, 2.25815558434, 2.11344480515]

rhythm:
    beats_loudness:
        dmean: 0.0021113390103
        dmean2: 0.00387097569183
        dvar: 2.99693238048e-006
        dvar2: 1.03320553535e-005
        max: 0.0140587091446
        mean: 0.00527810072526
        median: 0.00547533947974
        min: 1.19164877618e-011
        var: 1.18893667604e-005
    bpm: 121.850471497
    bpm_confidence: 0
    first_peak_bpm: 123
    first_peak_spread: 0.422310739756
    first_peak_weight: 0.505226492882
    onset_rate: 2.52053308487
    second_peak_bpm: 117
    second_peak_spread: 0.112676039338
    second_peak_weight: 0.109756097198
    beats_loudness_band_ratio:
        dmean: [0.132381886244, 0.0696536451578, 0.0825898647308, 0.0893879681826, 0.088578492403, 0.0886155366898]
        dmean2: [0.229531303048, 0.118668198586, 0.146539092064, 0.154362469912, 0.152730897069, 0.15890699625]
        dvar: [0.0154071403667, 0.00411105994135, 0.00915966834873, 0.00912626832724, 0.00597730092704, 0.00576003547758]
        dvar2: [0.0424516089261, 0.0110781360418, 0.0276478081942, 0.0258798692375, 0.0177697371691, 0.0176592115313]
        max: [0.86624109745, 0.574293315411, 0.816600501537, 0.730954408646, 0.669357597828, 0.70002835989]
        mean: [0.226174667478, 0.108750760555, 0.122468262911, 0.161299541593, 0.209248825908, 0.202158987522]
        median: [0.193203225732, 0.0890794917941, 0.0894001573324, 0.118509061635, 0.195770218968, 0.212425261736]
        min: [0, 0, 0, 0, 0, 0]
        var: [0.0258095860481, 0.00757801625878, 0.0120215769857, 0.016738479957, 0.0128776887432, 0.014542568475]
    beats_position: [0.522448956966, 1.05650794506, 1.57895684242, 2.07818579674, 2.57741498947, 3.07664394379, 3.5758728981, 4.06349182129, 4.55111122131, 5.05034017563, 5.54956912994, 6.03718805313, 6.52480697632, 7.01242637634, 7.50004529953, 7.98766422272, 8.47528362274, 8.96290206909, 9.45052146912, 9.93814086914, 10.4257593155, 10.9249887466, 11.4242172241, 11.9118366241, 12.3994560242, 12.8870744705, 13.3746938705, 13.873922348, 14.3731517792, 14.8607711792, 15.3483896255, 15.8360090256, 16.3236274719, 16.8228569031, 17.3220863342, 17.8097057343, 18.2973232269, 18.784942627, 19.2841720581, 19.7717914581, 20.2710208893, 20.758638382, 21.246257782, 21.7454872131, 22.2447166443, 22.7323360443, 23.219953537, 23.707572937, 24.195192337, 24.6944217682, 25.1936511993, 25.681268692, 26.168888092, 26.6565074921, 27.1557369232, 27.6433563232, 28.142583847, 28.6302032471, 29.1178226471, 29.6170520782, 30.1162815094, 30.6038990021, 31.0915184021, 31.5791378021, 32.0667572021, 32.5543746948, 33.053604126, 33.5528335571, 34.0404510498, 34.5280723572, 35.0273017883, 35.5265312195, 36.0141487122, 36.5017662048, 36.9893875122, 37.4770050049, 37.9646263123, 38.4638557434, 38.9514732361, 39.4390907288, 39.9383201599, 40.4259414673, 40.9251708984, 41.4243965149, 41.9120178223, 42.3996353149, 42.8988647461, 43.3980941772, 43.8857116699, 44.3733329773, 44.86095047, 45.3485717773, 45.8478012085, 46.3354187012, 46.8346481323, 47.322265625, 47.8098869324, 48.297504425, 48.7851219177, 49.2843513489, 49.78358078, 50.2712020874, 50.7704315186, 51.2580490112, 51.7572784424, 52.2448959351, 52.7325172424, 53.2201347351, 53.7077522278, 54.1953735352, 54.6829910278, 55.182220459, 55.6814498901, 56.1690673828, 56.668296814, 57.1675262451, 57.6551475525, 58.1427650452, 58.6419944763, 59.1412239075, 59.6288414001, 60.1164627075, 60.6040802002, 61.0916976929, 61.590927124, 62.0785484314, 62.5777778625, 63.0770072937, 63.5762329102, 64.0638504028, 64.5514755249, 65.0390930176, 65.5267105103, 66.0143280029, 66.5019454956, 66.9895706177, 67.4771881104, 67.9764175415, 68.4756469727, 68.9632644653, 69.450881958, 69.9384994507, 70.4261245728, 70.9137420654, 71.4129714966, 71.9122009277, 72.3998184204, 72.8874359131, 73.3866653442, 73.8858947754, 74.3735122681, 74.8611297607, 75.3487548828, 75.8363723755, 76.3356018066, 76.8348312378, 77.3224487305, 77.8100662231, 78.2976837158, 78.7853012085, 79.2845306396, 79.7721557617, 80.2713851929, 80.7590026855, 81.2466201782, 81.7342376709, 82.2334671021, 82.7210845947, 83.2087097168, 83.7079315186, 84.2071609497, 84.6947860718, 85.1940155029, 85.6816329956, 86.1692504883, 86.656867981, 87.1560974121, 87.6553268433, 88.1429443359, 88.6305618286, 89.1297912598, 89.6290206909, 90.116645813, 90.6042633057, 91.0918807983, 91.579498291, 92.0671157837, 92.5663452148, 93.0539703369, 93.5531921387, 94.0408172607, 94.5284347534, 95.0160522461, 95.5036697388, 95.9912872314, 96.4905166626, 96.9897460938, 97.4889755249, 97.9882049561, 98.4758224487, 98.9634475708, 99.4510650635, 99.9386825562, 100.426300049, 100.913917542, 101.413146973, 101.912376404, 102.400001526, 102.887619019, 103.38684845, 103.874465942, 104.373695374, 104.861312866, 105.348930359, 105.836547852, 106.335777283, 106.835006714, 107.322631836, 107.810249329, 108.297866821, 108.785484314, 109.284713745, 109.772331238, 110.271560669, 110.759178162, 111.246803284, 111.746032715, 112.245262146, 112.732879639, 113.220497131, 113.708114624, 114.195732117, 114.694961548, 115.194190979, 115.681808472, 116.169433594, 116.657051086, 117.156280518, 117.655509949, 118.143127441, 118.630744934, 119.129974365, 119.629203796, 120.116821289, 120.604438782, 121.092063904, 121.579681396, 122.078910828, 122.56652832, 123.065757751, 123.553375244, 124.040992737, 124.528617859, 125.016235352, 125.503852844, 126.003082275, 126.502311707, 126.989929199, 127.477546692, 127.965164185, 128.464401245, 128.963623047, 129.451248169, 129.938858032, 130.438095093, 130.937316895, 131.424942017, 131.912567139, 132.400177002, 132.887802124, 133.375411987, 133.874649048, 134.37387085, 134.861495972, 135.349105835, 135.836730957, 136.335968018, 136.835189819, 137.322814941, 137.810424805, 138.298049927, 138.78565979, 139.284896851, 139.772521973, 140.271743774, 140.770965576, 141.258590698, 141.757827759, 142.245437622, 142.733062744, 143.220672607, 143.708297729, 144.195922852, 144.683532715, 145.171157837, 145.6587677, 146.158004761, 146.657226563, 147.156463623, 147.644073486, 148.131698608, 148.63092041, 149.118545532, 149.606170654, 150.105392456, 150.604629517, 151.09223938, 151.579864502, 152.079086304, 152.566711426, 153.065933228, 153.55355835, 154.041183472, 154.528793335, 155.028030396, 155.515640259, 156.014877319, 156.502487183, 156.990112305, 157.477722168, 157.96534729, 158.464584351, 158.963806152, 159.451431274, 159.939041138, 160.42666626, 160.925888062, 161.413513184, 161.901138306, 162.400360107, 162.887985229, 163.375595093, 163.874832153, 164.374053955, 164.861679077, 165.34928894, 165.836914063, 166.324539185, 166.823760986, 167.311386108, 167.798995972, 168.298233032, 168.797454834, 169.285079956, 169.772689819, 170.27192688, 170.759536743, 171.247161865, 171.734786987, 172.222396851, 172.710021973, 173.209243774, 173.696868896, 174.196090698, 174.68371582, 175.182937622, 175.670562744, 176.169799805, 176.669021606, 177.168243408, 177.65586853, 178.143493652, 178.642715454, 179.130340576, 179.617950439, 180.105575562, 180.604797363, 181.092422485, 181.580047607, 182.067657471, 182.566894531, 183.066116333, 183.553741455, 184.041351318, 184.52897644, 185.028198242, 185.527435303, 186.015060425, 186.502670288, 186.99029541, 187.489517212, 187.988754272, 188.476364136, 188.963989258, 189.451599121, 189.939224243, 190.438461304, 190.937683105, 191.425308228, 191.912918091, 192.400543213, 192.888153076, 193.387390137, 193.886611938, 194.374237061, 194.861862183, 195.349472046, 195.837097168, 196.33631897, 196.83555603, 197.323165894, 197.822402954, 198.321624756, 198.820861816, 199.296859741, 199.784484863, 200.272109985, 200.759719849, 201.247344971, 201.734954834, 202.234191895, 202.733413696, 203.221038818, 203.70866394, 204.196273804, 204.683898926, 205.183120728, 205.67074585, 206.169967651, 206.657592773, 207.145217896, 207.644439697, 208.143676758, 208.631286621, 209.118911743, 209.618133545, 210.117370605, 210.604980469, 211.092605591, 211.580215454, 212.067840576, 212.567077637, 213.066299438, 213.553924561, 214.041534424, 214.529159546, 215.016769409, 215.51600647, 216.015228271, 216.514465332, 217.002075195, 217.501312256, 217.988937378, 218.476547241, 218.964172363, 219.463394165, 219.951019287, 220.43862915, 220.926254272, 221.425476074, 221.913101196, 222.412338257, 222.911560059, 223.399185181, 223.886795044, 224.374420166, 224.873641968, 225.372879028, 225.87210083, 226.371337891, 226.882171631, 227.381408691, 227.892242432, 228.391464233, 228.890701294, 229.389923096, 229.900772095, 230.411605835, 230.922439575, 231.433288574, 231.944122314, 232.443344116, 232.954193115, 233.453414917, 233.952651978, 234.463485718, 234.974319458, 235.485168457, 235.996002197, 236.506851196, 237.017684937, 237.528518677, 238.039367676, 238.550201416, 239.049423218, 239.571884155, 240.094329834, 240.605163574, 241.104400635, 241.603622437, 242.102859497, 242.602081299, 243.101318359, 243.600540161, 244.088165283, 244.587387085, 245.086624146, 245.585845947, 246.085067749, 246.595916748, 247.106750488, 247.617584229, 248.116821289, 248.627655029, 249.12689209, 249.63772583, 250.14855957, 250.659408569, 251.17024231, 251.681091309, 252.191925049, 252.702758789, 253.213607788, 253.724441528, 254.235275269, 254.746124268, 255.256958008, 255.767791748, 256.278625488, 256.789459229, 257.311920166, 257.822753906, 258.321990967, 258.821228027, 259.32043457, 259.819671631, 260.307312012, 260.806518555, 261.294158936, 261.793365479, 262.292602539, 262.803436279, 263.31427002, 263.825134277, 264.335968018, 264.846801758, 265.357635498, 265.868469238, 266.379302979, 266.890167236, 267.401000977, 267.90020752, 268.39944458, 268.91027832, 269.421142578, 269.931976318, 270.442810059, 270.942047119, 271.441253662, 271.940490723, 272.439727783, 272.938964844, 273.438171387, 273.937408447, 274.436645508, 274.935882568, 275.446716309, 275.957550049, 276.468383789, 276.979217529, 277.49005127, 277.98928833, 278.488525391, 278.987762451, 279.486968994, 279.997802734, 280.508666992, 281.019500732, 281.530334473, 282.041168213, 282.552001953, 283.074462891, 283.596923828, 284.119354248, 284.641815186]
