
metadata:
    version:
        essentia: "2.1-beta2"
    audio_properties:
        analysis_sample_rate: 44100
        bitrate: 128
        channels: 2
        equal_loudness: 1
        length: 298.187744141
        replay_gain: -14.6399307251
        downmix: "mix"
    tags:
        album: "Once"
        artist: "Nightwish"
        comment: ""
        date: "2012"
        genre: "Blues"
        title: "Romanticide"
        tracknumber: "1"

configuration:
    average_loudness:
        compute: 1
        frameSize: 88200
        hopSize: 44100
        silentFrames: "noise"
        windowType: "hann"
    general:
        analysisSampleRate: 44100
        endTime: 2000
        equalLoudness: 1
        nequalLoudness: 0
        shortSound: 0
        startTime: 0
    lowlevel:
        compute: 1
        frameSize: 2048
        hopSize: 1024
        zeroPadding: 0
        silentFrames: "noise"
        windowType: "blackmanharris62"
        mfccStats: ["mean", "cov", "icov"]
        stats: ["mean", "var", "median", "min", "max", "dmean", "dmean2", "dvar", "dvar2"]
    panning:
        compute: 0
        frameSize: 8192
        hopSize: 2048
        zeroPadding: 8192
        silentFrames: "noise"
        windowType: "hann"
        stats: ["copy"]
    rhythm:
        compute: 1
        maxTempo: 208
        minTempo: 40
        method: "degara"
        stats: ["mean", "var", "median", "min", "max", "dmean", "dmean2", "dvar", "dvar2"]
    segmentation:
        compute: 0
        cpw: 5
        inc1: 300
        inc2: 50
        minimumSegmentsLength: 10
        size1: 1000
        size2: 600
    sfx:
        compute: 1
        stats: ["mean", "var", "median", "min", "max", "dmean", "dmean2", "dvar", "dvar2"]
    svm:
        compute: 0
    tonal:
        compute: 1
        frameSize: 4096
        hopSize: 2048
        zeroPadding: 0
        silentFrames: "noise"
        windowType: "blackmanharris62"
        stats: ["mean", "var", "median", "min", "max", "dmean", "dmean2", "dvar", "dvar2"]

lowlevel:
    average_loudness: 0.815182805061
    barkbands_kurtosis:
        dmean: 0.88660377264
        dmean2: 1.40639233589
        dvar: 18.4533023834
        dvar2: 43.4268264771
        max: 327.252563477
        mean: -0.329204112291
        median: -1.16835486889
        min: -1.89038431644
        var: 36.4277572632
    barkbands_skewness:
        dmean: 0.416391998529
        dmean2: 0.619911670685
        dvar: 0.183729246259
        dvar2: 0.379343569279
        max: 14.3590784073
        mean: -0.246317327023
        median: -0.327908962965
        min: -4.48121213913
        var: 0.951443314552
    barkbands_spread:
        dmean: 6.45530176163
        dmean2: 10.2704792023
        dvar: 35.3394927979
        dvar2: 84.6256942749
        max: 74.5355224609
        mean: 37.6068382263
        median: 38.1784324646
        min: 0.230287820101
        var: 119.188743591
    dissonance:
        dmean: 0.0100537147373
        dmean2: 0.0169832706451
        dvar: 0.000115649330837
        dvar2: 0.000312174874125
        max: 0.5
        mean: 0.482306092978
        median: 0.487285077572
        min: 0.321859270334
        var: 0.000297539489111
    hfc:
        dmean: 2.5676317215
        dmean2: 3.9793753624
        dvar: 9.1154794693
        dvar2: 22.3326473236
        max: 59.8572998047
        mean: 9.85758304596
        median: 8.31887054443
        min: 1.07134441087e-016
        var: 55.7244300842
    pitch:
        dmean: 856.633728027
        dmean2: 1649.70812988
        dvar: 1855510.375
        dvar2: 4507317
        max: 5723.08007813
        mean: 2308.14160156
        median: 3555.50952148
        min: 53.0613136292
        var: 2930841.5
    pitch_instantaneous_confidence:
        dmean: 0.0811199992895
        dmean2: 0.130812764168
        dvar: 0.00469414703548
        dvar2: 0.0112879900262
        max: 0.961222827435
        mean: 0.390174090862
        median: 0.367506086826
        min: 0.0959025025368
        var: 0.0204783361405
    pitch_salience:
        dmean: 0.0562250986695
        dmean2: 0.0910712480545
        dvar: 0.0025784263853
        dvar2: 0.00626386888325
        max: 0.873454511166
        mean: 0.662214517593
        median: 0.682388365269
        min: 0.106614544988
        var: 0.00823153555393
    silence_rate_20dB:
        dmean: 0
        dmean2: 0
        dvar: 0
        dvar2: 0
        max: 1
        mean: 1
        median: 1
        min: 1
        var: 0
    silence_rate_30dB:
        dmean: 0
        dmean2: 0
        dvar: 0
        dvar2: 0
        max: 1
        mean: 1
        median: 1
        min: 1
        var: 0
    silence_rate_60dB:
        dmean: 0.0981155559421
        dmean2: 0.196246400476
        dvar: 0.088494323194
        dvar2: 0.187780514359
        max: 1
        mean: 0.308027714491
        median: 0
        min: 0
        var: 0.213160738349
    spectral_centroid:
        dmean: 305.606781006
        dmean2: 463.7237854
        dvar: 88482.7890625
        dvar2: 190653.46875
        max: 11752.5302734
        mean: 2043.24816895
        median: 2060.28417969
        min: 64.5547561646
        var: 877795.1875
    spectral_complexity:
        dmean: 4.07755804062
        dmean2: 6.33190584183
        dvar: 17.0235481262
        dvar2: 37.2188262939
        max: 47
        mean: 16.7845516205
        median: 16
        min: 0
        var: 97.4274291992
    spectral_crest:
        dmean: 1.75236046314
        dmean2: 2.86904716492
        dvar: 2.63508749008
        dvar2: 6.35191774368
        max: 25.1213245392
        mean: 6.5380153656
        median: 5.87588071823
        min: 2.16868233681
        var: 6.93312883377
    spectral_decrease:
        dmean: 2.13516274106e-010
        dmean2: 3.36550148861e-010
        dvar: 5.87395040894e-020
        dvar2: 1.36025806304e-019
        max: 1.37123937036e-028
        mean: -9.92177673353e-010
        median: -8.98622676271e-010
        min: -3.67221097974e-009
        var: 2.86215167743e-019
    spectral_energy:
        dmean: 0.000992344459519
        dmean2: 0.00155789323617
        dvar: 1.29080785882e-006
        dvar2: 2.99785870084e-006
        max: 0.0173600278795
        mean: 0.0046388222836
        median: 0.00414048973471
        min: 1.01253264312e-020
        var: 6.92893036103e-006
    spectral_energyband_high:
        dmean: 0.00024522075546
        dmean2: 0.00039868944441
        dvar: 1.06766449903e-007
        dvar2: 2.79001199033e-007
        max: 0.00678116362542
        mean: 0.000630044436548
        median: 0.000517824373674
        min: 6.97804637209e-021
        var: 3.53976588485e-007
    spectral_energyband_low:
        dmean: 0.000303953449475
        dmean2: 0.000488584162667
        dvar: 1.35843620797e-007
        dvar2: 3.29342213945e-007
        max: 0.00592600693926
        mean: 0.00058290141169
        median: 0.000447907514172
        min: 1.10688410493e-023
        var: 2.77205572274e-007
    spectral_energyband_middle_high:
        dmean: 0.000623660744168
        dmean2: 0.000958493619692
        dvar: 5.29156693574e-007
        dvar2: 1.26826728319e-006
        max: 0.0149124115705
        mean: 0.00239913328551
        median: 0.0019640030805
        min: 1.11231215269e-021
        var: 3.38569248015e-006
    spectral_energyband_middle_low:
        dmean: 0.000467614532681
        dmean2: 0.000749740400352
        dvar: 3.38074130468e-007
        dvar2: 8.26991538361e-007
        max: 0.0105572119355
        mean: 0.00123327877373
        median: 0.00103418296203
        min: 1.11612546844e-022
        var: 7.52385460601e-007
    spectral_flatness_db:
        dmean: 0.0141834747046
        dmean2: 0.0216306298971
        dvar: 0.000196128617972
        dvar2: 0.000394073897041
        max: 0.554777741432
        mean: 0.141631454229
        median: 0.134740263224
        min: 0.0523924157023
        var: 0.00122663623188
    spectral_flux:
        dmean: 0.00668296776712
        dmean2: 0.0102618271485
        dvar: 5.02329130541e-005
        dvar2: 0.000107578256575
        max: 0.115790039301
        mean: 0.0409195460379
        median: 0.0403794497252
        min: 6.40004160779e-011
        var: 0.00026572207571
    spectral_kurtosis:
        dmean: 1.1138355732
        dmean2: 1.89916133881
        dvar: 2.68950629234
        dvar2: 7.27477407455
        max: 74.781578064
        mean: 3.03263998032
        median: 2.69173526764
        min: -1.46622216702
        var: 4.60851192474
    spectral_rms:
        dmean: 0.000223060080316
        dmean2: 0.000344617059454
        dvar: 5.26363770348e-008
        dvar2: 1.14483476921e-007
        max: 0.00411541154608
        mean: 0.00202056393027
        median: 0.00200985115953
        min: 3.14298695576e-012
        var: 4.43002647899e-007
    spectral_rolloff:
        dmean: 355.274932861
        dmean2: 563.14642334
        dvar: 279772.46875
        dvar2: 582068.4375
        max: 19509.0820313
        mean: 3722.04589844
        median: 3875.9765625
        min: 64.599609375
        var: 1965265.875
    spectral_skewness:
        dmean: 0.177061423659
        dmean2: 0.28067445755
        dvar: 0.0372041016817
        dvar2: 0.0886318013072
        max: 7.53243923187
        mean: 1.07076358795
        median: 1.03271627426
        min: -0.113667152822
        var: 0.15144367516
    spectral_spread:
        dmean: 431002.1875
        dmean2: 634660.5
        dvar: 388331667456
        dvar2: 686586003456
        max: 42618356
        mean: 4494079
        median: 4105204.75
        min: 1415111.5
        var: 8.50918794854e+012
    spectral_strongpeak:
        dmean: 0.593104660511
        dmean2: 1.03017950058
        dvar: 1.01752495766
        dvar2: 2.62428975105
        max: 13.5527029037
        mean: 0.782881319523
        median: 0.204507932067
        min: 0
        var: 1.79045832157
    zerocrossingrate:
        dmean: 0.00923057645559
        dmean2: 0.0107089914382
        dvar: 8.80514780874e-005
        dvar2: 0.000111356683192
        max: 0.51953125
        mean: 0.114240966737
        median: 0.1162109375
        min: 0.001953125
        var: 0.00158698449377
    barkbands:
        dmean: [7.98646624389e-007, 0.000118190378998, 0.000173861146322, 0.000209243778954, 0.000207792487345, 9.5705545391e-005, 9.22666513361e-005, 6.68514840072e-005, 0.00010514522728, 6.69800501782e-005, 5.50858785573e-005, 6.75217233947e-005, 4.56967500213e-005, 4.41035881522e-005, 6.58275530441e-005, 8.04558294476e-005, 0.000121070384921, 0.000163447853993, 0.000315343262628, 0.000255913997535, 0.000130818036268, 3.3490039641e-005, 4.39954146714e-006, 2.06981667361e-006, 8.53011613344e-007, 2.51078109414e-008, 2.93229079906e-010]
        dmean2: [1.36304186071e-006, 0.000199149610125, 0.00028475781437, 0.000340942380717, 0.000343364459695, 0.000158365131938, 0.00015370172332, 0.000107260500954, 0.000173437758349, 0.000107758933154, 9.118932212e-005, 0.000111562563688, 7.58927126299e-005, 7.2178307164e-005, 0.000106866726128, 0.000130511674797, 0.000194479725906, 0.000268366886303, 0.000507998163812, 0.00041295227129, 0.00021426184685, 5.65529517189e-005, 7.25676818547e-006, 3.25956398228e-006, 1.33369132982e-006, 3.80154290269e-008, 5.04049524341e-010]
        dvar: [1.3031888936e-012, 2.64971227182e-008, 5.41471614213e-008, 9.03639048033e-008, 1.17114701936e-007, 1.93742053511e-008, 3.07157428381e-008, 1.25655823524e-008, 3.04722007627e-008, 1.27121326798e-008, 1.25551480323e-008, 1.85591524371e-008, 4.65120741922e-009, 6.11071815371e-009, 1.30958639488e-008, 1.30419879341e-008, 4.51000907731e-008, 5.69436515718e-008, 2.35488997191e-007, 1.52442623857e-007, 3.45282735736e-008, 2.62358867964e-009, 8.51806264413e-011, 2.91248483664e-011, 3.47268546384e-012, 2.99035156446e-015, 2.57391309666e-019]
        dvar2: [3.39564097326e-012, 7.04859601797e-008, 1.40107431434e-007, 2.18142119479e-007, 2.96849492543e-007, 5.10041431312e-008, 8.00238098009e-008, 2.99323055231e-008, 8.02032502634e-008, 3.01814040427e-008, 3.28879288247e-008, 4.82294275628e-008, 1.17818075296e-008, 1.56820707531e-008, 3.12004502234e-008, 3.14132577728e-008, 1.0519926974e-007, 1.44564850757e-007, 6.09067399182e-007, 3.83167133577e-007, 9.00706709217e-008, 7.00299152001e-009, 2.09429820708e-010, 5.96834040523e-011, 7.08621746351e-012, 6.44364729217e-015, 6.88689174713e-019]
        max: [1.20470476759e-005, 0.0020042010583, 0.0032287070062, 0.00556243071333, 0.00569431157783, 0.00240669585764, 0.00285648228601, 0.00262320390902, 0.00372536992654, 0.00232077622786, 0.00300104520284, 0.00350683019497, 0.00186510942876, 0.00215336191468, 0.00349185615778, 0.00324519746937, 0.00728303380311, 0.00563295278698, 0.010999687016, 0.0120729394257, 0.00391278555617, 0.000824201211799, 0.000198124966118, 0.000105469043774, 4.70806626254e-005, 1.69977340647e-006, 1.89407174389e-008]
        mean: [8.33856518057e-007, 0.000149216750287, 0.000262722256593, 0.000294088211376, 0.000311258656438, 0.000167992460774, 0.000137947514304, 0.000115030743473, 0.000170001017977, 0.000114383146865, 9.11819224712e-005, 0.000118663381727, 7.91440834291e-005, 7.59415052016e-005, 0.00012008480553, 0.000156010442879, 0.000243397167651, 0.000330164155457, 0.000740640854929, 0.00059578276705, 0.000294555386063, 5.69202165934e-005, 7.44269527786e-006, 3.75047511625e-006, 1.62011167504e-006, 4.93760197173e-008, 3.71184361025e-010]
        median: [3.35304946475e-007, 9.24207706703e-005, 0.000180214716238, 0.000159639952471, 0.000189305472304, 9.5859002613e-005, 5.94086195633e-005, 5.10541758558e-005, 8.17131076474e-005, 5.65044683754e-005, 4.0634535253e-005, 5.68577343074e-005, 5.04115923832e-005, 4.46204830951e-005, 7.41226103855e-005, 0.000112008900032, 0.000161830466823, 0.000239860601141, 0.000515693565831, 0.000434896850493, 0.000235919418628, 3.95281786041e-005, 4.20780179411e-006, 1.66164909388e-006, 6.90636056788e-007, 2.03179233438e-008, 1.77587500261e-010]
        min: [1.20550301852e-024, 3.07601282191e-024, 7.76238193965e-025, 7.40377464682e-025, 5.60408207019e-024, 8.96240572754e-024, 1.00987480286e-023, 9.23214488116e-024, 1.64971783205e-023, 1.85684541117e-023, 7.58680270279e-024, 2.65493346463e-023, 2.29241953538e-023, 2.98951398699e-023, 4.67457546972e-023, 5.17822213693e-023, 7.75268579389e-023, 1.28259392589e-022, 9.76846017173e-023, 1.88213023334e-022, 2.37535989764e-022, 3.07974553816e-022, 4.13958836848e-022, 5.8383976773e-022, 9.42723668324e-022, 1.38587305972e-021, 2.03270042986e-021]
        var: [1.51923753525e-012, 2.93599384804e-008, 8.16048029151e-008, 1.6321027374e-007, 1.57506008236e-007, 4.48923849206e-008, 5.25918899541e-008, 3.43156649762e-008, 5.46200453755e-008, 3.26662643602e-008, 2.96580253689e-008, 4.3194535948e-008, 8.91082585497e-009, 1.23813501673e-008, 2.66987854047e-008, 2.91945880804e-008, 1.1113050391e-007, 1.31487965405e-007, 6.84310407451e-007, 4.7532876124e-007, 8.961258402e-008, 3.78246323152e-009, 1.22763604837e-010, 6.98399393873e-011, 8.93004073466e-012, 6.71473806936e-015, 3.47909968441e-019]
    frequency_bands:
        dmean: [7.98646624389e-007, 0.000118190378998, 0.000173861146322, 0.000209243778954, 0.000207792487345, 9.5705545391e-005, 9.22666513361e-005, 6.68514840072e-005, 0.00010514522728, 6.69800501782e-005, 5.50858785573e-005, 6.75217233947e-005, 4.56967500213e-005, 4.41035881522e-005, 6.58275530441e-005, 8.04558294476e-005, 0.000121070384921, 0.000163447853993, 0.000315343262628, 0.000255913997535, 0.000130818036268, 3.3490039641e-005, 4.39954146714e-006, 2.06981667361e-006, 8.53011613344e-007, 2.51078109414e-008, 2.93229079906e-010, 5.33432950589e-011]
        dmean2: [1.36304186071e-006, 0.000199149610125, 0.00028475781437, 0.000340942380717, 0.000343364459695, 0.000158365131938, 0.00015370172332, 0.000107260500954, 0.000173437758349, 0.000107758933154, 9.118932212e-005, 0.000111562563688, 7.58927126299e-005, 7.2178307164e-005, 0.000106866726128, 0.000130511674797, 0.000194479725906, 0.000268366886303, 0.000507998163812, 0.00041295227129, 0.00021426184685, 5.65529517189e-005, 7.25676818547e-006, 3.25956398228e-006, 1.33369132982e-006, 3.80154290269e-008, 5.04049524341e-010, 9.87574119704e-011]
        dvar: [1.3031888936e-012, 2.64971227182e-008, 5.41471614213e-008, 9.03639048033e-008, 1.17114701936e-007, 1.93742053511e-008, 3.07157428381e-008, 1.25655823524e-008, 3.04722007627e-008, 1.27121326798e-008, 1.25551480323e-008, 1.85591524371e-008, 4.65120741922e-009, 6.11071815371e-009, 1.30958639488e-008, 1.30419879341e-008, 4.51000907731e-008, 5.69436515718e-008, 2.35488997191e-007, 1.52442623857e-007, 3.45282735736e-008, 2.62358867964e-009, 8.51806264413e-011, 2.91248483664e-011, 3.47268546384e-012, 2.99035156446e-015, 2.57391309666e-019, 6.09447934518e-021]
        dvar2: [3.39564097326e-012, 7.04859601797e-008, 1.40107431434e-007, 2.18142119479e-007, 2.96849492543e-007, 5.10041431312e-008, 8.00238098009e-008, 2.99323055231e-008, 8.02032502634e-008, 3.01814040427e-008, 3.28879288247e-008, 4.82294275628e-008, 1.17818075296e-008, 1.56820707531e-008, 3.12004502234e-008, 3.14132577728e-008, 1.0519926974e-007, 1.44564850757e-007, 6.09067399182e-007, 3.83167133577e-007, 9.00706709217e-008, 7.00299152001e-009, 2.09429820708e-010, 5.96834040523e-011, 7.08621746351e-012, 6.44364729217e-015, 6.88689174713e-019, 1.92309911987e-020]
        max: [1.20470476759e-005, 0.0020042010583, 0.0032287070062, 0.00556243071333, 0.00569431157783, 0.00240669585764, 0.00285648228601, 0.00262320390902, 0.00372536992654, 0.00232077622786, 0.00300104520284, 0.00350683019497, 0.00186510942876, 0.00215336191468, 0.00349185615778, 0.00324519746937, 0.00728303380311, 0.00563295278698, 0.010999687016, 0.0120729394257, 0.00391278555617, 0.000824201211799, 0.000198124966118, 0.000105469043774, 4.70806626254e-005, 1.69977340647e-006, 1.89407174389e-008, 1.14017584263e-009]
        mean: [8.33856518057e-007, 0.000149216750287, 0.000262722256593, 0.000294088211376, 0.000311258656438, 0.000167992460774, 0.000137947514304, 0.000115030743473, 0.000170001017977, 0.000114383146865, 9.11819224712e-005, 0.000118663381727, 7.91440834291e-005, 7.59415052016e-005, 0.00012008480553, 0.000156010442879, 0.000243397167651, 0.000330164155457, 0.000740640854929, 0.00059578276705, 0.000294555386063, 5.69202165934e-005, 7.44269527786e-006, 3.75047511625e-006, 1.62011167504e-006, 4.93760197173e-008, 3.71184361025e-010, 4.14542011828e-011]
        median: [3.35304946475e-007, 9.24207706703e-005, 0.000180214716238, 0.000159639952471, 0.000189305472304, 9.5859002613e-005, 5.94086195633e-005, 5.10541758558e-005, 8.17131076474e-005, 5.65044683754e-005, 4.0634535253e-005, 5.68577343074e-005, 5.04115923832e-005, 4.46204830951e-005, 7.41226103855e-005, 0.000112008900032, 0.000161830466823, 0.000239860601141, 0.000515693565831, 0.000434896850493, 0.000235919418628, 3.95281786041e-005, 4.20780179411e-006, 1.66164909388e-006, 6.90636056788e-007, 2.03179233438e-008, 1.77587500261e-010, 1.49440355923e-011]
        min: [1.20550301852e-024, 3.07601282191e-024, 7.76238193965e-025, 7.40377464682e-025, 5.60408207019e-024, 8.96240572754e-024, 1.00987480286e-023, 9.23214488116e-024, 1.64971783205e-023, 1.85684541117e-023, 7.58680270279e-024, 2.65493346463e-023, 2.29241953538e-023, 2.98951398699e-023, 4.67457546972e-023, 5.17822213693e-023, 7.75268579389e-023, 1.28259392589e-022, 9.76846017173e-023, 1.88213023334e-022, 2.37535989764e-022, 3.07974553816e-022, 4.13958836848e-022, 5.8383976773e-022, 9.42723668324e-022, 1.38587305972e-021, 2.03270042986e-021, 5.00771124067e-022]
        var: [1.51923753525e-012, 2.93599384804e-008, 8.16048029151e-008, 1.6321027374e-007, 1.57506008236e-007, 4.48923849206e-008, 5.25918899541e-008, 3.43156649762e-008, 5.46200453755e-008, 3.26662643602e-008, 2.96580253689e-008, 4.3194535948e-008, 8.91082585497e-009, 1.23813501673e-008, 2.66987854047e-008, 2.91945880804e-008, 1.1113050391e-007, 1.31487965405e-007, 6.84310407451e-007, 4.7532876124e-007, 8.961258402e-008, 3.78246323152e-009, 1.22763604837e-010, 6.98399393873e-011, 8.93004073466e-012, 6.71473806936e-015, 3.47909968441e-019, 4.90099585397e-021]
    mfcc:
        mean: [-709.497253418, 101.132904053, -50.604347229, 64.2535171509, -16.3707008362, -0.933624327183, 9.49778938293, -4.08931112289, 2.88695454597, -2.44160962105, -3.64714503288, -2.62318754196, -5.58883237839]
        cov: [[6385.64501953, 496.85345459, -584.90234375, 576.566894531, -254.99697876, 137.848968506, 38.0104904175, 2.19140100479, 13.9383707047, -37.5164413452, -41.8726043701, -21.6327972412, -10.5271863937], [496.85345459, 871.86932373, -225.514404297, 198.981216431, -5.53615474701, -44.3158149719, 42.3524513245, -9.51020145416, 12.0018491745, 3.92030358315, 5.44099664688, -3.55259847641, -31.7982845306], [-584.90234375, -225.514404297, 457.986206055, -171.451416016, 117.874610901, 26.8725585938, -23.2149944305, 57.6779823303, -7.76400852203, 13.093914032, 7.57878255844, -8.2447013855, 10.1302804947], [576.566894531, 198.981216431, -171.451416016, 363.917114258, -9.02063083649, 47.1012992859, 20.2585067749, -65.5099563599, 49.3160820007, -16.4228172302, -8.89448356628, 0.229187861085, -8.96721553802], [-254.99697876, -5.53615474701, 117.874610901, -9.02063083649, 162.777496338, 59.4983596802, 24.8693981171, 10.8454360962, 1.00723779202, -6.48678207397, 0.248845741153, 3.03188514709, 3.1440372467], [137.848968506, -44.3158149719, 26.8725585938, 47.1012992859, 59.4983596802, 163.513900757, 76.5082168579, 3.08003401756, 19.3276309967, -34.3925971985, -0.620261490345, -10.6831760406, -2.94570159912], [38.0104904175, 42.3524513245, -23.2149944305, 20.2585067749, 24.8693981171, 76.5082168579, 126.778160095, 28.4660243988, 13.6292610168, -21.7126502991, 1.05996334553, -7.77585697174, -11.0906410217], [2.19140100479, -9.51020145416, 57.6779823303, -65.5099563599, 10.8454360962, 3.08003401756, 28.4660243988, 99.0610656738, 0.23213852942, 19.257730484, 6.62535095215, -6.1368098259, 2.47024154663], [13.9383707047, 12.0018491745, -7.76400852203, 49.3160820007, 1.00723779202, 19.3276309967, 13.6292610168, 0.23213852942, 85.9728622437, 12.8968791962, 4.41643714905, 0.844330012798, -11.3081235886], [-37.5164413452, 3.92030358315, 13.093914032, -16.4228172302, -6.48678207397, -34.3925971985, -21.7126502991, 19.257730484, 12.8968791962, 76.3102340698, 24.3246765137, 6.50088262558, 3.79697680473], [-41.8726043701, 5.44099664688, 7.57878255844, -8.89448356628, 0.248845741153, -0.620261490345, 1.05996334553, 6.62535095215, 4.41643714905, 24.3246765137, 54.9516296387, 13.8636131287, 5.40917491913], [-21.6327972412, -3.55259847641, -8.2447013855, 0.229187861085, 3.03188514709, -10.6831760406, -7.77585697174, -6.1368098259, 0.844330012798, 6.50088262558, 13.8636131287, 54.4160385132, 19.4010696411], [-10.5271863937, -31.7982845306, 10.1302804947, -8.96721553802, 3.1440372467, -2.94570159912, -11.0906410217, 2.47024154663, -11.3081235886, 3.79697680473, 5.40917491913, 19.4010696411, 49.4482650757]]
        icov: [[0.000224739487749, -6.42029845039e-005, 0.000135422233143, -0.000306074274704, 0.000376303505618, -0.000434325018432, 0.000273586832918, -0.000404850085033, 0.000210855083424, -4.17480514443e-005, 0.000159046758199, -4.73950458399e-005, 7.72022758611e-006], [-6.42029845039e-005, 0.00163086235989, 0.000596073281486, -0.000750435749069, -0.000868792529218, 0.00130361085758, -0.000742131902371, -0.000413780362578, 0.000217893495574, 0.000100926175946, -0.000511445279699, 0.000155295667355, 0.000801087182481], [0.000135422233143, 0.000596073281486, 0.00405752426013, 0.0010266690515, -0.00257604126818, -0.000624340726063, 0.00174365553539, -0.00177118321881, -0.00044195400551, 0.000134849309688, -0.000407582672779, 0.000882337393705, -3.97892654291e-005], [-0.000306074274704, -0.000750435749069, 0.0010266690515, 0.00508754653856, -0.000738449743949, -0.00114239193499, 0.00011570276547, 0.00282878638245, -0.00252724811435, -0.000153810411575, 0.000431292981375, 0.000316513556754, -0.00070942932507], [0.000376303505618, -0.000868792529218, -0.00257604126818, -0.000738449743949, 0.00997357442975, -0.00389710161835, -0.000175386332558, -3.27782217937e-005, 0.00111090112478, -0.00087825168157, 0.00130323134363, -0.00185960973613, -8.02001304692e-005], [-0.000434325018432, 0.00130361085758, -0.000624340726063, -0.00114239193499, -0.00389710161835, 0.0129342488945, -0.00664108013734, 0.00128143734764, -0.0019702333957, 0.0038364327047, -0.00244753155857, 0.00243434705772, -0.00130118790548], [0.000273586832918, -0.000742131902371, 0.00174365553539, 0.00011570276547, -0.000175386332558, -0.00664108013734, 0.0143230585381, -0.00544475577772, -0.000663619022816, 0.00265317386948, -0.000869224662893, -0.000425188598456, 0.00225121178664], [-0.000404850085033, -0.000413780362578, -0.00177118321881, 0.00282878638245, -3.27782217937e-005, 0.00128143734764, -0.00544475577772, 0.0154536180198, -0.000803595932666, -0.00416649924591, 0.000319907412631, 0.00190508749802, -0.0020375023596], [0.000210855083424, 0.000217893495574, -0.00044195400551, -0.00252724811435, 0.00111090112478, -0.0019702333957, -0.000663619022816, -0.000803595932666, 0.0145807694644, -0.0038035819307, 0.000475263746921, -0.00184722512495, 0.00381979811937], [-4.17480514443e-005, 0.000100926175946, 0.000134849309688, -0.000153810411575, -0.00087825168157, 0.0038364327047, 0.00265317386948, -0.00416649924591, -0.0038035819307, 0.0196835696697, -0.00811369065195, 0.000746034784243, -0.000698316842318], [0.000159046758199, -0.000511445279699, -0.000407582672779, 0.000431292981375, 0.00130323134363, -0.00244753155857, -0.000869224662893, 0.000319907412631, 0.000475263746921, -0.00811369065195, 0.023428959772, -0.00560961989686, -0.000203178933589], [-4.73950458399e-005, 0.000155295667355, 0.000882337393705, 0.000316513556754, -0.00185960973613, 0.00243434705772, -0.000425188598456, 0.00190508749802, -0.00184722512495, 0.000746034784243, -0.00560961989686, 0.0238842796534, -0.00919796619564], [7.72022758611e-006, 0.000801087182481, -3.97892654291e-005, -0.00070942932507, -8.02001304692e-005, -0.00130118790548, 0.00225121178664, -0.0020375023596, 0.00381979811937, -0.000698316842318, -0.000203178933589, -0.00919796619564, 0.0257119499147]]
    sccoeffs:
        dmean: [0.0532812289894, 0.0448346138, 0.0372300036252, 0.027786815539, 0.0208324883133, 0.0219980962574]
        dmean2: [0.0888313800097, 0.0748822763562, 0.062150709331, 0.0465755648911, 0.034155793488, 0.0323490835726]
        dvar: [0.0017578243278, 0.00120078457985, 0.000872764212545, 0.00048964493908, 0.000294606288662, 0.000375166622689]
        dvar2: [0.00490195630118, 0.0033416019287, 0.00236403266899, 0.00134249241091, 0.000734398607165, 0.000730363477487]
        max: [-0.412920862436, -0.484877437353, -0.480207741261, -0.607850849628, -0.548797130585, -0.512237131596]
        mean: [-0.680646240711, -0.768953382969, -0.79446876049, -0.807182490826, -0.797534763813, -0.712423801422]
        median: [-0.681487977505, -0.776044845581, -0.801156461239, -0.811478674412, -0.803322255611, -0.710944712162]
        min: [-0.981105387211, -0.977938890457, -0.974188804626, -0.970481336117, -0.965371608734, -0.963951528072]
        var: [0.00473192287609, 0.00427776202559, 0.00325161265209, 0.0016386883799, 0.0015714954352, 0.00321000884287]
    scvalleys:
        dmean: [0.405054420233, 0.342176020145, 0.286996155977, 0.261357784271, 0.24296656251, 0.317737609148]
        dmean2: [0.666174709797, 0.567266702652, 0.4692530334, 0.406812131405, 0.351191371679, 0.461395889521]
        dvar: [0.124039195478, 0.0945082232356, 0.0719774886966, 0.0691607668996, 0.0794763863087, 0.17831607163]
        dvar2: [0.283527523279, 0.218678221107, 0.148963913321, 0.125257119536, 0.131496548653, 0.35853022337]
        max: [-5.11024856567, -5.00173664093, -5.27324724197, -5.78064155579, -5.54734706879, -7.61157226563]
        mean: [-6.78742265701, -6.83832073212, -7.03949451447, -7.25170516968, -6.90684843063, -10.0047092438]
        median: [-6.48567199707, -6.59287834167, -6.76375102997, -6.95457458496, -6.5310049057, -9.69373893738]
        min: [-28.3091983795, -28.2209472656, -27.6973457336, -27.7993717194, -27.5639762878, -27.4603977203]
        var: [3.32335853577, 3.20894479752, 3.16939735413, 3.07255935669, 3.19899582863, 2.95958352089]

rhythm:
    beats_loudness:
        dmean: 0.00243973173201
        dmean2: 0.00460780644789
        dvar: 3.79355310542e-006
        dvar2: 1.19101787277e-005
        max: 0.015447457321
        mean: 0.00594771141186
        median: 0.00609001144767
        min: 0
        var: 7.89989917394e-006
    bpm: 161.561828613
    bpm_confidence: 0
    first_peak_bpm: 161
    first_peak_spread: 0.313929319382
    first_peak_weight: 0.463483124971
    onset_rate: 3.28652000427
    second_peak_bpm: 115
    second_peak_spread: 0.308988749981
    second_peak_weight: 0.172752812505
    beats_loudness_band_ratio:
        dmean: [0.148027598858, 0.096384614706, 0.0617423765361, 0.0478251501918, 0.0790743157268, 0.112850554287]
        dmean2: [0.271121501923, 0.180179715157, 0.1079717502, 0.0858307257295, 0.140998452902, 0.191251307726]
        dvar: [0.0118415169418, 0.00565053708851, 0.00475335819647, 0.00309097697027, 0.00595819624141, 0.00896627921611]
        dvar2: [0.0340459682047, 0.017637308687, 0.0143745839596, 0.00920605380088, 0.0179414525628, 0.0259885378182]
        max: [0.998278915882, 0.478075921535, 0.607444345951, 0.409609049559, 0.676306903362, 0.884340822697]
        mean: [0.230992749333, 0.13056525588, 0.101143546402, 0.0799365341663, 0.201221525669, 0.314468175173]
        median: [0.220762237906, 0.10794749856, 0.0792393386364, 0.0630026683211, 0.187827408314, 0.305828005075]
        min: [0, 0, 0, 0, 0, 0]
        var: [0.0215980410576, 0.00853482726961, 0.00644656829536, 0.00355487759225, 0.00750589650124, 0.0198680460453]
