
metadata:
    version:
        essentia: "2.1-beta2"
    audio_properties:
        analysis_sample_rate: 44100
        bitrate: 128
        channels: 2
        equal_loudness: 1
        length: 337.162445068
        replay_gain: -13.278345108
        downmix: "mix"
    tags:
        album: "Once"
        artist: "Nightwish"
        comment: ""
        date: "2012"
        genre: "Blues"
        title: "Higher Than Hope"
        tracknumber: "1"

configuration:
    average_loudness:
        compute: 1
        frameSize: 88200
        hopSize: 44100
        silentFrames: "noise"
        windowType: "hann"
    general:
        analysisSampleRate: 44100
        endTime: 2000
        equalLoudness: 1
        nequalLoudness: 0
        shortSound: 0
        startTime: 0
    lowlevel:
        compute: 1
        frameSize: 2048
        hopSize: 1024
        zeroPadding: 0
        silentFrames: "noise"
        windowType: "blackmanharris62"
        mfccStats: ["mean", "cov", "icov"]
        stats: ["mean", "var", "median", "min", "max", "dmean", "dmean2", "dvar", "dvar2"]
    panning:
        compute: 0
        frameSize: 8192
        hopSize: 2048
        zeroPadding: 8192
        silentFrames: "noise"
        windowType: "hann"
        stats: ["copy"]
    rhythm:
        compute: 1
        maxTempo: 208
        minTempo: 40
        method: "degara"
        stats: ["mean", "var", "median", "min", "max", "dmean", "dmean2", "dvar", "dvar2"]
    segmentation:
        compute: 0
        cpw: 5
        inc1: 300
        inc2: 50
        minimumSegmentsLength: 10
        size1: 1000
        size2: 600
    sfx:
        compute: 1
        stats: ["mean", "var", "median", "min", "max", "dmean", "dmean2", "dvar", "dvar2"]
    svm:
        compute: 0
    tonal:
        compute: 1
        frameSize: 4096
        hopSize: 2048
        zeroPadding: 0
        silentFrames: "noise"
        windowType: "blackmanharris62"
        stats: ["mean", "var", "median", "min", "max", "dmean", "dmean2", "dvar", "dvar2"]

lowlevel:
    average_loudness: 0.622815847397
    barkbands_kurtosis:
        dmean: 1.22549462318
        dmean2: 1.96737205982
        dvar: 14.1474790573
        dvar2: 30.167514801
        max: 253.251861572
        mean: 1.30461299419
        median: -0.674796879292
        min: -1.86295771599
        var: 51.2168502808
    barkbands_skewness:
        dmean: 0.363585829735
        dmean2: 0.572243154049
        dvar: 0.130491197109
        dvar2: 0.29593244195
        max: 13.1589622498
        mean: 0.577061057091
        median: 0.338575124741
        min: -3.4354186058
        var: 1.49971711636
    barkbands_spread:
        dmean: 4.02124404907
        dmean2: 6.27592849731
        dvar: 18.3601551056
        dvar2: 41.7777671814
        max: 82.9323348999
        mean: 24.7409343719
        median: 25.5444641113
        min: 0.298399537802
        var: 145.67565918
    dissonance:
        dmean: 0.0207129362971
        dmean2: 0.0352791920304
        dvar: 0.000419575953856
        dvar2: 0.00118263589684
        max: 0.499993830919
        mean: 0.457138419151
        median: 0.467045068741
        min: 0.192432880402
        var: 0.00127539166715
    hfc:
        dmean: 1.45896244049
        dmean2: 2.38730311394
        dvar: 5.78025865555
        dvar2: 15.6371221542
        max: 45.1751976013
        mean: 7.0519657135
        median: 3.89579343796
        min: 1.0553853837e-016
        var: 53.8356552124
    pitch:
        dmean: 565.172363281
        dmean2: 1093.02050781
        dvar: 1304102.25
        dvar2: 3375326.75
        max: 5932.83642578
        mean: 923.424865723
        median: 303.957641602
        min: 48.7498779297
        var: 1768616.25
    pitch_instantaneous_confidence:
        dmean: 0.0787927657366
        dmean2: 0.127894774079
        dvar: 0.00460926955566
        dvar2: 0.0114206150174
        max: 0.958992004395
        mean: 0.442711591721
        median: 0.419349372387
        min: 0.0966064333916
        var: 0.0264297891408
    pitch_salience:
        dmean: 0.0540262907743
        dmean2: 0.0883070230484
        dvar: 0.00218638963997
        dvar2: 0.00566927529871
        max: 0.856844186783
        mean: 0.619213402271
        median: 0.630680680275
        min: 0.0671827271581
        var: 0.00994146894664
    silence_rate_20dB:
        dmean: 0
        dmean2: 0
        dvar: 0
        dvar2: 0
        max: 1
        mean: 1
        median: 1
        min: 1
        var: 0
    silence_rate_30dB:
        dmean: 0
        dmean2: 0
        dvar: 0
        dvar2: 0
        max: 1
        mean: 1
        median: 1
        min: 1
        var: 0
    silence_rate_60dB:
        dmean: 0.0300254803151
        dmean2: 0.0600550957024
        dvar: 0.0291301980615
        dvar2: 0.0651215687394
        max: 1
        mean: 0.514391958714
        median: 1
        min: 0
        var: 0.249821126461
    spectral_centroid:
        dmean: 188.336593628
        dmean2: 296.700073242
        dvar: 49239.484375
        dvar2: 109998.773438
        max: 11839.4042969
        mean: 1471.74194336
        median: 1470.2487793
        min: 198.550720215
        var: 1164437
    spectral_complexity:
        dmean: 2.22532892227
        dmean2: 3.66225886345
        dvar: 8.1349401474
        dvar2: 20.3233528137
        max: 49
        mean: 12.805811882
        median: 9
        min: 0
        var: 118.960037231
    spectral_crest:
        dmean: 2.00739574432
        dmean2: 3.30863285065
        dvar: 3.37311959267
        dvar2: 8.75596141815
        max: 26.3542118073
        mean: 8.14420127869
        median: 7.20555782318
        min: 2.21874094009
        var: 15.0987997055
    spectral_decrease:
        dmean: 1.52210619109e-010
        dmean2: 2.47633080708e-010
        dvar: 4.01018324188e-020
        dvar2: 1.0451164022e-019
        max: 2.18527807811e-028
        mean: -8.29729396301e-010
        median: -6.9685290871e-010
        min: -3.57812557361e-009
        var: 4.82566364317e-019
    spectral_energy:
        dmean: 0.000679637712892
        dmean2: 0.00110552005935
        dvar: 8.60346062836e-007
        dvar2: 2.26462429964e-006
        max: 0.0172210074961
        mean: 0.00377123127691
        median: 0.00302256504074
        min: 9.95114351993e-021
        var: 1.06153802335e-005
    spectral_energyband_high:
        dmean: 9.99175972538e-005
        dmean2: 0.000166433062986
        dvar: 4.07255207335e-008
        dvar2: 1.09552793504e-007
        max: 0.00358636141755
        mean: 0.0002966534812
        median: 0.000159939940204
        min: 6.98168063535e-021
        var: 1.32224201366e-007
    spectral_energyband_low:
        dmean: 0.00011977176473
        dmean2: 0.000196401626454
        dvar: 5.44565033067e-008
        dvar2: 1.45678740182e-007
        max: 0.00458079064265
        mean: 0.000220583417104
        median: 0.000126998158521
        min: 1.55046982161e-023
        var: 9.46239424593e-008
    spectral_energyband_middle_high:
        dmean: 0.000451347848866
        dmean2: 0.000733572815079
        dvar: 4.79608445403e-007
        dvar2: 1.30218938921e-006
        max: 0.013497245498
        mean: 0.0020607849583
        median: 0.00114223174751
        min: 1.17296412097e-021
        var: 5.02528200741e-006
    spectral_energyband_middle_low:
        dmean: 0.000410003500292
        dmean2: 0.000658160075545
        dvar: 2.93650913363e-007
        dvar2: 7.49985133552e-007
        max: 0.0079347640276
        mean: 0.00128702865914
        median: 0.00113852508366
        min: 1.49292860324e-022
        var: 1.12626401005e-006
    spectral_flatness_db:
        dmean: 0.0147435497493
        dmean2: 0.0232327040285
        dvar: 0.000206632073969
        dvar2: 0.000463362637674
        max: 0.485362589359
        mean: 0.168350353837
        median: 0.155416056514
        min: 0.0593272857368
        var: 0.00291448598728
    spectral_flux:
        dmean: 0.0047909701243
        dmean2: 0.00756479846314
        dvar: 2.98020459013e-005
        dvar2: 6.93815964041e-005
        max: 0.109733700752
        mean: 0.0312076956034
        median: 0.0305320452899
        min: 6.34747532313e-011
        var: 0.000450253515737
    spectral_kurtosis:
        dmean: 2.13078260422
        dmean2: 3.56543397903
        dvar: 14.8327436447
        dvar2: 38.7624816895
        max: 91.5879974365
        mean: 7.01794195175
        median: 4.06672668457
        min: -1.26648962498
        var: 76.4415740967
    spectral_rms:
        dmean: 0.000156800699187
        dmean2: 0.000250725861406
        dvar: 3.10616989907e-008
        dvar2: 7.76594006879e-008
        max: 0.00409890012816
        mean: 0.00165593938436
        median: 0.0017172198277
        min: 3.11583593128e-012
        var: 9.3708985105e-007
    spectral_rolloff:
        dmean: 302.325836182
        dmean2: 497.595489502
        dvar: 221698.71875
        dvar2: 478829.03125
        max: 19595.2148438
        mean: 2665.51708984
        median: 3229.98046875
        min: 215.33203125
        var: 3632005.75
    spectral_skewness:
        dmean: 0.220231249928
        dmean2: 0.358081281185
        dvar: 0.0830751508474
        dvar2: 0.202360972762
        max: 7.85231637955
        mean: 1.77763390541
        median: 1.43464636803
        min: -0.0744188502431
        var: 0.90411823988
    spectral_spread:
        dmean: 362826.03125
        dmean2: 539263.875
        dvar: 324719706112
        dvar2: 608736837632
        max: 42422584
        mean: 4265809
        median: 3839738.5
        min: 973305
        var: 1.12231815578e+013
    spectral_strongpeak:
        dmean: 0.464514017105
        dmean2: 0.802144944668
        dvar: 0.721325397491
        dvar2: 2.00164723396
        max: 11.8357200623
        mean: 0.749654591084
        median: 0.306450664997
        min: 2.9354987191e-011
        var: 1.34120643139
    zerocrossingrate:
        dmean: 0.00659019965678
        dmean2: 0.00809346325696
        dvar: 4.98803929077e-005
        dvar2: 6.10735223745e-005
        max: 0.533203125
        mean: 0.0841215252876
        median: 0.0888671875
        min: 0.0087890625
        var: 0.0025585629046
    barkbands:
        dmean: [2.09411524565e-007, 4.42436066805e-005, 7.23533376004e-005, 6.12999574514e-005, 0.00012190756388, 0.000106175692054, 0.000123445512145, 0.000140861840919, 0.00014066627773, 0.000114294765808, 8.63005989231e-005, 7.42025877116e-005, 4.39490650024e-005, 5.65630871279e-005, 6.50391448289e-005, 5.22656373505e-005, 9.22956314753e-005, 0.000149966130266, 0.000231352940318, 0.000105476072349, 5.16308755323e-005, 1.72594754986e-005, 2.59756825471e-006, 1.20185802643e-006, 5.8878862319e-007, 1.69829359464e-008, 2.25260948783e-010]
        dmean2: [3.42748478488e-007, 7.29403400328e-005, 0.000120127668197, 0.00010237051174, 0.000203787654755, 0.000171835461515, 0.000198047608137, 0.000224015719141, 0.000224430405069, 0.000185619108379, 0.000140357849887, 0.000122033925436, 7.36106594559e-005, 9.26740831346e-005, 0.000105541024823, 8.63786553964e-005, 0.000154262554133, 0.000247974618105, 0.000384321872843, 0.000175884721102, 8.67385970196e-005, 2.91481901513e-005, 4.23105348091e-006, 1.85268811492e-006, 8.78353660028e-007, 2.65748543171e-008, 3.95191240843e-010]
        dvar: [3.68623805525e-013, 1.07342845723e-008, 2.13447588493e-008, 1.4031614981e-008, 4.0864684081e-008, 2.62426684827e-008, 5.88800084245e-008, 9.45186897638e-008, 9.47156877373e-008, 5.20943359561e-008, 3.33731691171e-008, 2.59783785594e-008, 8.54837800546e-009, 2.2534994315e-008, 3.09471097637e-008, 1.04848254523e-008, 2.93345419067e-008, 9.45742399949e-008, 2.05423617672e-007, 3.11417984733e-008, 1.12266036467e-008, 1.79754211516e-009, 4.0287977815e-011, 1.11127279254e-011, 3.68139459889e-012, 2.81026727768e-015, 2.26244340688e-019]
        dvar2: [8.8253883368e-013, 2.80606169412e-008, 5.78974557186e-008, 3.69589727711e-008, 1.15916073185e-007, 6.90301433792e-008, 1.49521611092e-007, 2.33886794376e-007, 2.44137453365e-007, 1.35404562229e-007, 8.72220624615e-008, 6.80223593008e-008, 2.32406325296e-008, 5.74099416895e-008, 7.61456533382e-008, 2.83789418631e-008, 8.05758020306e-008, 2.53376697401e-007, 5.62251045721e-007, 8.58658495417e-008, 3.06468272981e-008, 4.72611860758e-009, 1.01828802335e-010, 2.27230647493e-011, 7.50660384546e-012, 6.33817813771e-015, 6.21364944658e-019]
        max: [8.1430798673e-006, 0.00153965759091, 0.00283622485586, 0.00253826985136, 0.0035760384053, 0.00279704923742, 0.00525394221768, 0.00579732796177, 0.00625988654792, 0.00342352990992, 0.00337850605138, 0.00285450555384, 0.00230056536384, 0.00400779396296, 0.00559275085106, 0.00304074562155, 0.00375345069915, 0.00893456861377, 0.00959259364754, 0.00347666884772, 0.00236184243113, 0.000722637050785, 0.000171732855961, 9.28806548472e-005, 5.96533864154e-005, 2.28053136198e-006, 1.37389299937e-008]
        mean: [2.1247485904e-007, 6.40585640213e-005, 0.000110845190648, 9.12559844437e-005, 0.000225800220505, 0.000218743211008, 0.000201356495381, 0.000230612960877, 0.000240617562667, 0.000188360689208, 0.000147834070958, 0.000126641331008, 7.42419724702e-005, 9.56170697464e-005, 0.00011473835184, 0.000107318286609, 0.000186546865734, 0.000325757922838, 0.000574453209992, 0.000267280323897, 0.000131568434881, 3.66701169696e-005, 6.23926734988e-006, 3.01580871565e-006, 1.40088820899e-006, 3.59577150277e-008, 2.56980575708e-010]
        median: [3.36705880954e-008, 2.41261404881e-005, 4.4986474677e-005, 3.87803665944e-005, 0.000143968936754, 0.000118867683341, 8.59648353071e-005, 7.36808724469e-005, 7.31541804271e-005, 6.19585407549e-005, 4.60737937829e-005, 3.53643335984e-005, 2.41089383053e-005, 3.30727780238e-005, 4.16888651671e-005, 4.59037182736e-005, 7.67652527429e-005, 0.000108867287054, 0.000167639125721, 0.000150152132846, 5.24340102857e-005, 1.45356116263e-005, 2.5343310881e-006, 1.0153725043e-006, 4.01136958317e-007, 1.25061054845e-008, 7.68878224977e-011]
        min: [3.99488283608e-025, 2.65452167923e-024, 5.12532692276e-025, 1.22405397017e-024, 8.37687056519e-024, 1.36678024661e-023, 4.87719407768e-024, 9.05724652987e-024, 1.31494679977e-023, 8.06543537956e-024, 1.12319751179e-023, 2.36689810225e-023, 2.14211818265e-023, 2.62672143207e-023, 1.86338538362e-023, 6.33055196641e-023, 6.90210756688e-023, 8.27410770611e-023, 1.13027725443e-022, 1.66704156462e-022, 2.57179535072e-022, 2.64233819587e-022, 4.74733413049e-022, 6.01616880758e-022, 9.50282495652e-022, 1.32877598898e-021, 1.72681929832e-021]
        var: [3.55302430272e-013, 1.22413004178e-008, 3.38354944063e-008, 2.28985861384e-008, 7.39112522297e-008, 7.91468650618e-008, 1.09034786533e-007, 2.03111454766e-007, 2.07009804853e-007, 1.07042311015e-007, 7.63367111745e-008, 5.5664084897e-008, 1.75406675851e-008, 4.01392838967e-008, 6.13774346903e-008, 2.69136908315e-008, 7.29090103846e-008, 2.5564236239e-007, 7.59496003866e-007, 9.80000791628e-008, 2.99088469546e-008, 3.61710950081e-009, 9.7326507964e-011, 3.88699454568e-011, 1.13060810714e-011, 6.26772405474e-015, 2.73680279536e-019]
    frequency_bands:
        dmean: [2.09411524565e-007, 4.42436066805e-005, 7.23533376004e-005, 6.12999574514e-005, 0.00012190756388, 0.000106175692054, 0.000123445512145, 0.000140861840919, 0.00014066627773, 0.000114294765808, 8.63005989231e-005, 7.42025877116e-005, 4.39490650024e-005, 5.65630871279e-005, 6.50391448289e-005, 5.22656373505e-005, 9.22956314753e-005, 0.000149966130266, 0.000231352940318, 0.000105476072349, 5.16308755323e-005, 1.72594754986e-005, 2.59756825471e-006, 1.20185802643e-006, 5.8878862319e-007, 1.69829359464e-008, 2.25260948783e-010, 4.35614981587e-011]
        dmean2: [3.42748478488e-007, 7.29403400328e-005, 0.000120127668197, 0.00010237051174, 0.000203787654755, 0.000171835461515, 0.000198047608137, 0.000224015719141, 0.000224430405069, 0.000185619108379, 0.000140357849887, 0.000122033925436, 7.36106594559e-005, 9.26740831346e-005, 0.000105541024823, 8.63786553964e-005, 0.000154262554133, 0.000247974618105, 0.000384321872843, 0.000175884721102, 8.67385970196e-005, 2.91481901513e-005, 4.23105348091e-006, 1.85268811492e-006, 8.78353660028e-007, 2.65748543171e-008, 3.95191240843e-010, 8.06854721924e-011]
        dvar: [3.68623805525e-013, 1.07342845723e-008, 2.13447588493e-008, 1.4031614981e-008, 4.0864684081e-008, 2.62426684827e-008, 5.88800084245e-008, 9.45186897638e-008, 9.47156877373e-008, 5.20943359561e-008, 3.33731691171e-008, 2.59783785594e-008, 8.54837800546e-009, 2.2534994315e-008, 3.09471097637e-008, 1.04848254523e-008, 2.93345419067e-008, 9.45742399949e-008, 2.05423617672e-007, 3.11417984733e-008, 1.12266036467e-008, 1.79754211516e-009, 4.0287977815e-011, 1.11127279254e-011, 3.68139459889e-012, 2.81026727768e-015, 2.26244340688e-019, 5.8663301691e-021]
        dvar2: [8.8253883368e-013, 2.80606169412e-008, 5.78974557186e-008, 3.69589727711e-008, 1.15916073185e-007, 6.90301433792e-008, 1.49521611092e-007, 2.33886794376e-007, 2.44137453365e-007, 1.35404562229e-007, 8.72220624615e-008, 6.80223593008e-008, 2.32406325296e-008, 5.74099416895e-008, 7.61456533382e-008, 2.83789418631e-008, 8.05758020306e-008, 2.53376697401e-007, 5.62251045721e-007, 8.58658495417e-008, 3.06468272981e-008, 4.72611860758e-009, 1.01828802335e-010, 2.27230647493e-011, 7.50660384546e-012, 6.33817813771e-015, 6.21364944658e-019, 1.87763843663e-020]
        max: [8.1430798673e-006, 0.00153965759091, 0.00283622485586, 0.00253826985136, 0.0035760384053, 0.00279704923742, 0.00525394221768, 0.00579732796177, 0.00625988654792, 0.00342352990992, 0.00337850605138, 0.00285450555384, 0.00230056536384, 0.00400779396296, 0.00559275085106, 0.00304074562155, 0.00375345069915, 0.00893456861377, 0.00959259364754, 0.00347666884772, 0.00236184243113, 0.000722637050785, 0.000171732855961, 9.28806548472e-005, 5.96533864154e-005, 2.28053136198e-006, 1.37389299937e-008, 1.33708655259e-009]
        mean: [2.1247485904e-007, 6.40585640213e-005, 0.000110845190648, 9.12559844437e-005, 0.000225800220505, 0.000218743211008, 0.000201356495381, 0.000230612960877, 0.000240617562667, 0.000188360689208, 0.000147834070958, 0.000126641331008, 7.42419724702e-005, 9.56170697464e-005, 0.00011473835184, 0.000107318286609, 0.000186546865734, 0.000325757922838, 0.000574453209992, 0.000267280323897, 0.000131568434881, 3.66701169696e-005, 6.23926734988e-006, 3.01580871565e-006, 1.40088820899e-006, 3.59577150277e-008, 2.56980575708e-010, 3.4242185476e-011]
        median: [3.36705880954e-008, 2.41261404881e-005, 4.4986474677e-005, 3.87803665944e-005, 0.000143968936754, 0.000118867683341, 8.59648353071e-005, 7.36808724469e-005, 7.31541804271e-005, 6.19585407549e-005, 4.60737937829e-005, 3.53643335984e-005, 2.41089383053e-005, 3.30727780238e-005, 4.16888651671e-005, 4.59037182736e-005, 7.67652527429e-005, 0.000108867287054, 0.000167639125721, 0.000150152132846, 5.24340102857e-005, 1.45356116263e-005, 2.5343310881e-006, 1.0153725043e-006, 4.01136958317e-007, 1.25061054845e-008, 7.68878224977e-011, 6.86184095655e-012]
        min: [3.99488283608e-025, 2.65452167923e-024, 5.12532692276e-025, 1.22405397017e-024, 8.37687056519e-024, 1.36678024661e-023, 4.87719407768e-024, 9.05724652987e-024, 1.31494679977e-023, 8.06543537956e-024, 1.12319751179e-023, 2.36689810225e-023, 2.14211818265e-023, 2.62672143207e-023, 1.86338538362e-023, 6.33055196641e-023, 6.90210756688e-023, 8.27410770611e-023, 1.13027725443e-022, 1.66704156462e-022, 2.57179535072e-022, 2.64233819587e-022, 4.74733413049e-022, 6.01616880758e-022, 9.50282495652e-022, 1.32877598898e-021, 1.72681929832e-021, 4.43447871124e-022]
        var: [3.55302430272e-013, 1.22413004178e-008, 3.38354944063e-008, 2.28985861384e-008, 7.39112522297e-008, 7.91468650618e-008, 1.09034786533e-007, 2.03111454766e-007, 2.07009804853e-007, 1.07042311015e-007, 7.63367111745e-008, 5.5664084897e-008, 1.75406675851e-008, 4.01392838967e-008, 6.13774346903e-008, 2.69136908315e-008, 7.29090103846e-008, 2.5564236239e-007, 7.59496003866e-007, 9.80000791628e-008, 2.99088469546e-008, 3.61710950081e-009, 9.7326507964e-011, 3.88699454568e-011, 1.13060810714e-011, 6.26772405474e-015, 2.73680279536e-019, 4.72931791057e-021]
    mfcc:
        mean: [-769.578857422, 113.84223938, -36.7057495117, 38.5598182678, -17.2629356384, -13.1294660568, -1.5921652317, -5.53793764114, -5.43298244476, -4.27220392227, -5.29397058487, -4.48584890366, -3.1324634552]
        cov: [[17824.9726563, -64.9639587402, -3302.59301758, 2103.93237305, -1228.84960938, 150.174209595, 575.620422363, 415.248809814, 371.378326416, 320.538360596, 400.260803223, 31.3665504456, -90.7096099854], [-64.9639587402, 1307.78808594, 1.59620547295, -5.5146317482, 104.680740356, -140.284500122, 3.56304168701, -21.3253383636, -72.6815643311, -16.0480384827, -93.8962783813, -32.6061286926, 1.44722676277], [-3302.59301758, 1.59620547295, 1025.2088623, -416.653594971, 272.343994141, 72.6602325439, -123.88848114, -71.1915130615, -33.9892234802, -87.5771789551, -68.9131546021, 3.61627554893, 24.3462734222], [2103.93237305, -5.5146317482, -416.653594971, 474.188842773, -99.2529144287, 35.8420181274, 80.5344696045, 29.5562534332, 83.5056228638, 55.2933731079, 42.5927391052, 17.7632751465, -0.0158613678068], [-1228.84960938, 104.680740356, 272.343994141, -99.2529144287, 222.362106323, 11.3783960342, -44.2938575745, -24.7120456696, -7.8065071106, -2.24067664146, -41.9428367615, 3.17578458786, 8.64937019348], [150.174209595, -140.284500122, 72.6602325439, 35.8420181274, 11.3783960342, 162.105880737, 55.6598625183, 20.886341095, 42.0758209229, 0.407617896795, 35.9544715881, 8.74932003021, 0.0973451584578], [575.620422363, 3.56304168701, -123.88848114, 80.5344696045, -44.2938575745, 55.6598625183, 155.251861572, 78.110748291, 13.0118026733, 15.8560285568, 42.7075691223, -0.221164643764, 8.3490858078], [415.248809814, -21.3253383636, -71.1915130615, 29.5562534332, -24.7120456696, 20.886341095, 78.110748291, 131.14251709, 32.7355422974, 29.0904445648, 36.821182251, 5.99597740173, 7.31557655334], [371.378326416, -72.6815643311, -33.9892234802, 83.5056228638, -7.8065071106, 42.0758209229, 13.0118026733, 32.7355422974, 122.111274719, 38.9524917603, 25.211309433, 13.9391040802, -7.27201557159], [320.538360596, -16.0480384827, -87.5771789551, 55.2933731079, -2.24067664146, 0.407617896795, 15.8560285568, 29.0904445648, 38.9524917603, 117.217536926, 53.3371505737, 4.8514289856, -1.51425278187], [400.260803223, -93.8962783813, -68.9131546021, 42.5927391052, -41.9428367615, 35.9544715881, 42.7075691223, 36.821182251, 25.211309433, 53.3371505737, 116.1484375, 30.7278366089, 2.72162699699], [31.3665504456, -32.6061286926, 3.61627554893, 17.7632751465, 3.17578458786, 8.74932003021, -0.221164643764, 5.99597740173, 13.9391040802, 4.8514289856, 30.7278366089, 70.8513946533, 25.7407894135], [-90.7096099854, 1.44722676277, 24.3462734222, -0.0158613678068, 8.64937019348, 0.0973451584578, 8.3490858078, 7.31557655334, -7.27201557159, -1.51425278187, 2.72162699699, 25.7407894135, 68.5905227661]]
        icov: [[0.000275670958217, -0.000118540068797, 0.000468293612357, -0.000638868368696, 0.000736697111279, -0.000506780517753, 0.000324809720041, -0.000445385026978, -1.69049089891e-005, 1.71052179212e-005, -0.000105655264633, 3.77325122827e-005, 0.000105105355033], [-0.000118540068797, 0.00102068623528, -0.000240861074417, 7.62580020819e-005, -0.000890436291229, 0.00118950719479, -0.000818041618913, 0.000312175281579, 0.00029801853816, -8.05793170002e-005, 0.000525879557244, 7.46156947571e-005, 6.50342262816e-005], [0.000468293612357, -0.000240861074417, 0.00337548181415, 0.000668245425913, -0.000817607447971, -0.00247136736289, 0.00162860623095, -0.000505180796608, -0.000686406507157, 0.00121816364117, -0.000481509254314, 0.000259327731328, -0.0007354306872], [-0.000638868368696, 7.62580020819e-005, 0.000668245425913, 0.00569055043161, -0.001825615298, -2.78095703834e-005, -0.00162007822655, 0.00227800081484, -0.00225755479187, -0.000339843478287, 0.000661748810671, -0.000752143270802, -0.000888728129212], [0.000736697111279, -0.000890436291229, -0.000817607447971, -0.001825615298, 0.00993388611823, -0.00231990823522, 0.00136637303513, -0.00128087622579, 0.000435176945757, -0.00288669578731, 0.00276068877429, -0.00153190142009, 0.000451512460131], [-0.000506780517753, 0.00118950719479, -0.00247136736289, -2.78095703834e-005, -0.00231990823522, 0.0117155984044, -0.00546989031136, 0.00231248652562, -0.00276095117442, 0.00174420385156, -0.00230465875939, 0.000594146258663, 0.000491257524118], [0.000324809720041, -0.000818041618913, 0.00162860623095, -0.00162007822655, 0.00136637303513, -0.00546989031136, 0.0137917175889, -0.00715797627345, 0.00228560413234, 0.00115852884483, -0.00240267091431, 0.0021849386394, -0.00166824588086], [-0.000445385026978, 0.000312175281579, -0.000505180796608, 0.00227800081484, -0.00128087622579, 0.00231248652562, -0.00715797627345, 0.013342410326, -0.00339665450156, -0.00105996569619, -0.000858031737152, -5.81228596275e-005, -0.00113692821469], [-1.69049089891e-005, 0.00029801853816, -0.000686406507157, -0.00225755479187, 0.000435176945757, -0.00276095117442, 0.00228560413234, -0.00339665450156, 0.0126591678709, -0.00352865387686, 0.00140651222318, -0.00234606163576, 0.00233643501997], [1.71052179212e-005, -8.05793170002e-005, 0.00121816364117, -0.000339843478287, -0.00288669578731, 0.00174420385156, 0.00115852884483, -0.00105996569619, -0.00352865387686, 0.0140127651393, -0.00748297013342, 0.00336762657389, -0.00110621796921], [-0.000105655264633, 0.000525879557244, -0.000481509254314, 0.000661748810671, 0.00276068877429, -0.00230465875939, -0.00240267091431, -0.000858031737152, 0.00140651222318, -0.00748297013342, 0.0167910940945, -0.00746450293809, 0.00217831600457], [3.77325122827e-005, 7.46156947571e-005, 0.000259327731328, -0.000752143270802, -0.00153190142009, 0.000594146258663, 0.0021849386394, -5.81228596275e-005, -0.00234606163576, 0.00336762657389, -0.00746450293809, 0.0205851513892, -0.00771475955844], [0.000105105355033, 6.50342262816e-005, -0.0007354306872, -0.000888728129212, 0.000451512460131, 0.000491257524118, -0.00166824588086, -0.00113692821469, 0.00233643501997, -0.00110621796921, 0.00217831600457, -0.00771475955844, 0.0182764939964]]
    sccoeffs:
        dmean: [0.0468781553209, 0.0441379882395, 0.0364111214876, 0.028287710622, 0.0204172953963, 0.015767948702]
        dmean2: [0.0783735215664, 0.0731109529734, 0.0600518621504, 0.0466627441347, 0.0333397649229, 0.0249480828643]
        dvar: [0.001457233564, 0.0012561075855, 0.00085516681429, 0.000523862778209, 0.000293464923743, 0.000204614872928]
        dvar2: [0.00407414976507, 0.0034801135771, 0.00225678039715, 0.00139709876385, 0.000730988977011, 0.000456684705568]
        max: [-0.369997769594, -0.451327055693, -0.39944922924, -0.557700395584, -0.560498833656, -0.567318856716]
        mean: [-0.681881964207, -0.738553285599, -0.758996665478, -0.786664187908, -0.790225565434, -0.764078021049]
        median: [-0.685663461685, -0.74026030302, -0.762729644775, -0.787973403931, -0.790119349957, -0.755774855614]
        min: [-0.980683267117, -0.976041674614, -0.975818097591, -0.971564650536, -0.967218279839, -0.963433742523]
        var: [0.00651168590412, 0.00516581395641, 0.00529754627496, 0.00327419233508, 0.0028091899585, 0.00290377950296]
    scvalleys:
        dmean: [0.378140568733, 0.31297314167, 0.271279484034, 0.230213284492, 0.198540791869, 0.205784574151]
        dmean2: [0.633296787739, 0.528997659683, 0.456107884645, 0.376257300377, 0.306457966566, 0.301609277725]
        dvar: [0.100934319198, 0.0676662772894, 0.050618454814, 0.043617438525, 0.0539922714233, 0.0923970416188]
        dvar2: [0.262929618359, 0.179604113102, 0.128543764353, 0.101538226008, 0.109325580299, 0.171416193247]
        max: [-5.14707612991, -4.68598604202, -5.23517656326, -5.72720098495, -5.56218719482, -7.83873462677]
        mean: [-7.63649940491, -7.06875610352, -7.67439746857, -8.12929534912, -8.16549396515, -10.853105545]
        median: [-7.0349445343, -6.59726810455, -7.13166904449, -7.43647575378, -7.27373123169, -9.93563652039]
        min: [-28.3222370148, -27.9680671692, -28.0031661987, -27.7390727997, -27.4952735901, -27.4260387421]
        var: [5.06949043274, 4.64892148972, 4.95540428162, 5.14025259018, 6.49938201904, 5.67293691635]

rhythm:
    beats_loudness:
        dmean: 0.00148884637747
        dmean2: 0.0024771168828
        dvar: 2.63104857368e-006
        dvar2: 7.08610059519e-006
        max: 0.0138838924468
        mean: 0.0040886644274
        median: 0.00356516661122
        min: 0
        var: 1.18169491543e-005
    bpm: 117.99823761
    bpm_confidence: 0
    first_peak_bpm: 117
    first_peak_spread: 0.261999964714
    first_peak_weight: 0.547477722168
    onset_rate: 1.87743330002
    second_peak_bpm: 157
    second_peak_spread: 0.270270287991
    second_peak_weight: 0.0400593467057
    beats_loudness_band_ratio:
        dmean: [0.104262590408, 0.127730295062, 0.130813136697, 0.0782541632652, 0.0701532438397, 0.0765695869923]
        dmean2: [0.183437332511, 0.218793779612, 0.227605611086, 0.13768877089, 0.123057290912, 0.134501755238]
        dvar: [0.0119232526049, 0.0154423881322, 0.0146294729784, 0.00807200279087, 0.00456494186074, 0.00755479140207]
        dvar2: [0.0306703299284, 0.0440330095589, 0.0415853299201, 0.022603103891, 0.013099020347, 0.0217978619039]
        max: [0.710758566856, 0.969276428223, 0.896291673183, 0.621320307255, 0.53528046608, 0.84102165699]
        mean: [0.139525786042, 0.238914161921, 0.219668313861, 0.12440636754, 0.15813216567, 0.168512746692]
        median: [0.103274218738, 0.165335685015, 0.178589433432, 0.100563921034, 0.152219280601, 0.171753615141]
        min: [0, 0, 0, 0, 0, 0]
        var: [0.0166135486215, 0.0453567318618, 0.0230255443603, 0.00936871021986, 0.0115818232298, 0.0181077439338]
