
metadata:
    version:
        essentia: "2.1-beta2"
    audio_properties:
        analysis_sample_rate: 44100
        bitrate: 128
        channels: 2
        equal_loudness: 1
        length: 244.218780518
        replay_gain: -11.1459522247
        downmix: "mix"
    tags:
        album: ""
        artist: ""
        comment: ""
        date: "2012"
        genre: "Blues"
        title: ""
        tracknumber: "1"

configuration:
    average_loudness:
        compute: 1
        frameSize: 88200
        hopSize: 44100
        silentFrames: "noise"
        windowType: "hann"
    general:
        analysisSampleRate: 44100
        endTime: 2000
        equalLoudness: 1
        nequalLoudness: 0
        shortSound: 0
        startTime: 0
    lowlevel:
        compute: 1
        frameSize: 2048
        hopSize: 1024
        zeroPadding: 0
        silentFrames: "noise"
        windowType: "blackmanharris62"
        mfccStats: ["mean", "cov", "icov"]
        stats: ["mean", "var", "median", "min", "max", "dmean", "dmean2", "dvar", "dvar2"]
    panning:
        compute: 0
        frameSize: 8192
        hopSize: 2048
        zeroPadding: 8192
        silentFrames: "noise"
        windowType: "hann"
        stats: ["copy"]
    rhythm:
        compute: 1
        maxTempo: 208
        minTempo: 40
        method: "degara"
        stats: ["mean", "var", "median", "min", "max", "dmean", "dmean2", "dvar", "dvar2"]
    segmentation:
        compute: 0
        cpw: 5
        inc1: 300
        inc2: 50
        minimumSegmentsLength: 10
        size1: 1000
        size2: 600
    sfx:
        compute: 1
        stats: ["mean", "var", "median", "min", "max", "dmean", "dmean2", "dvar", "dvar2"]
    svm:
        compute: 0
    tonal:
        compute: 1
        frameSize: 4096
        hopSize: 2048
        zeroPadding: 0
        silentFrames: "noise"
        windowType: "blackmanharris62"
        stats: ["mean", "var", "median", "min", "max", "dmean", "dmean2", "dvar", "dvar2"]

lowlevel:
    average_loudness: 0.613951385021
    barkbands_kurtosis:
        dmean: 1.86644792557
        dmean2: 2.85189628601
        dvar: 9.69152164459
        dvar2: 21.5253582001
        max: 143.451705933
        mean: 3.26339244843
        median: 1.0770368576
        min: -1.89413690567
        var: 48.6294250488
    barkbands_skewness:
        dmean: 0.399251073599
        dmean2: 0.605399727821
        dvar: 0.164661467075
        dvar2: 0.368408411741
        max: 11.224902153
        mean: 1.36753177643
        median: 1.28960609436
        min: -2.25188136101
        var: 1.46193397045
    barkbands_spread:
        dmean: 4.85861349106
        dmean2: 7.29942274094
        dvar: 36.6971702576
        dvar2: 75.8002548218
        max: 83.1176223755
        mean: 24.4514427185
        median: 22.1091022491
        min: 0.916677594185
        var: 214.548202515
    dissonance:
        dmean: 0.0205223597586
        dmean2: 0.034077282995
        dvar: 0.000407306564739
        dvar2: 0.00110051967204
        max: 0.499983906746
        mean: 0.452695816755
        median: 0.460383623838
        min: 0.242954730988
        var: 0.00112900801469
    hfc:
        dmean: 1.19586861134
        dmean2: 1.7993928194
        dvar: 6.26060390472
        dvar2: 14.446182251
        max: 46.0309944153
        mean: 4.34152364731
        median: 1.710080266
        min: 1.0284232662e-016
        var: 27.4042320251
    pitch:
        dmean: 452.506744385
        dmean2: 878.161621094
        dvar: 1235713
        dvar2: 3222490
        max: 7120.70507813
        mean: 713.149414063
        median: 248.409988403
        min: 48.9861526489
        var: 1524325.125
    pitch_instantaneous_confidence:
        dmean: 0.0765381678939
        dmean2: 0.120354756713
        dvar: 0.00489522330463
        dvar2: 0.0110396547243
        max: 0.957605600357
        mean: 0.448898136616
        median: 0.423067510128
        min: 0.0885391235352
        var: 0.0323211401701
    pitch_salience:
        dmean: 0.058291297406
        dmean2: 0.0931369811296
        dvar: 0.00273793912493
        dvar2: 0.00690427329391
        max: 0.982254266739
        mean: 0.569239377975
        median: 0.578735589981
        min: 0.106407657266
        var: 0.0124131822959
    silence_rate_20dB:
        dmean: 0
        dmean2: 0
        dvar: 0
        dvar2: 0
        max: 1
        mean: 1
        median: 1
        min: 1
        var: 0
    silence_rate_30dB:
        dmean: 0
        dmean2: 0
        dvar: 0
        dvar2: 0
        max: 1
        mean: 1
        median: 1
        min: 1
        var: 0
    silence_rate_60dB:
        dmean: 0.0633200258017
        dmean2: 0.126652091742
        dvar: 0.0593134276569
        dvar2: 0.126193612814
        max: 1
        mean: 0.551478266716
        median: 1
        min: 0
        var: 0.247347056866
    spectral_centroid:
        dmean: 173.723388672
        dmean2: 266.648529053
        dvar: 63584.5546875
        dvar2: 135634.421875
        max: 11825.9619141
        mean: 1053.4609375
        median: 787.113647461
        min: 162.857666016
        var: 1592114.875
    spectral_complexity:
        dmean: 2.25727319717
        dmean2: 3.60007596016
        dvar: 12.6985092163
        dvar2: 27.9012527466
        max: 54
        mean: 9.32274913788
        median: 6
        min: 0
        var: 69.1835708618
    spectral_crest:
        dmean: 2.00134944916
        dmean2: 3.14390683174
        dvar: 3.56935310364
        dvar2: 8.51215934753
        max: 25.9328460693
        mean: 9.45534133911
        median: 8.50775909424
        min: 2.34232258797
        var: 18.0741920471
    spectral_decrease:
        dmean: 2.07111106043e-010
        dmean2: 3.23931326207e-010
        dvar: 9.42166924881e-020
        dvar2: 2.18189230034e-019
        max: 1.88299061405e-028
        mean: -8.8477414284e-010
        median: -6.89518941943e-010
        min: -5.69915581394e-009
        var: 4.55323946324e-019
    spectral_energy:
        dmean: 0.000864311004989
        dmean2: 0.0013459189795
        dvar: 1.78009815954e-006
        dvar2: 4.07363677368e-006
        max: 0.0256850719452
        mean: 0.00373313762248
        median: 0.00276227388531
        min: 9.95669144615e-021
        var: 8.80209245224e-006
    spectral_energyband_high:
        dmean: 0.000106718442112
        dmean2: 0.000165187841048
        dvar: 6.62183978761e-008
        dvar2: 1.51055985498e-007
        max: 0.00458163488656
        mean: 0.000242394162342
        median: 4.09153071814e-005
        min: 7.07034082608e-021
        var: 1.62195007647e-007
    spectral_energyband_low:
        dmean: 0.000261520646745
        dmean2: 0.00042711419519
        dvar: 2.06804500635e-007
        dvar2: 5.47922411442e-007
        max: 0.00782611314207
        mean: 0.000661164871417
        median: 0.000591534480918
        min: 1.56283221863e-023
        var: 4.35571223534e-007
    spectral_energyband_middle_high:
        dmean: 0.000314632925438
        dmean2: 0.000476627232274
        dvar: 3.3443464531e-007
        dvar2: 7.76498836785e-007
        max: 0.0109335286543
        mean: 0.00112626247574
        median: 0.000340527039953
        min: 1.10211103261e-021
        var: 2.32274010159e-006
    spectral_energyband_middle_low:
        dmean: 0.000599947758019
        dmean2: 0.00093424791703
        dvar: 7.4739386946e-007
        dvar2: 1.74969625277e-006
        max: 0.0150961400941
        mean: 0.00184512708802
        median: 0.00140750710852
        min: 1.63297867695e-022
        var: 2.29399574891e-006
    spectral_flatness_db:
        dmean: 0.017248429358
        dmean2: 0.0255074631423
        dvar: 0.000326138571836
        dvar2: 0.000618096790276
        max: 0.385442197323
        mean: 0.178726166487
        median: 0.174313768744
        min: 0.0600041300058
        var: 0.00247396854684
    spectral_flux:
        dmean: 0.00613383809105
        dmean2: 0.00949657335877
        dvar: 6.64671097184e-005
        dvar2: 0.00013807551295
        max: 0.133167624474
        mean: 0.0276538170874
        median: 0.0225699059665
        min: 6.41103697907e-011
        var: 0.000303025386529
    spectral_kurtosis:
        dmean: 2.08159518242
        dmean2: 3.44407820702
        dvar: 8.87366580963
        dvar2: 21.7767791748
        max: 59.0254402161
        mean: 5.5137925148
        median: 3.81484699249
        min: -1.50354123116
        var: 33.2882270813
    spectral_rms:
        dmean: 0.000201996663236
        dmean2: 0.000311436015181
        dvar: 6.25169533919e-008
        dvar2: 1.39289284107e-007
        max: 0.00500585744157
        mean: 0.0017482858384
        median: 0.00164161541034
        min: 3.11670416038e-012
        var: 5.85608688652e-007
    spectral_rolloff:
        dmean: 415.482788086
        dmean2: 681.06842041
        dvar: 467344.5625
        dvar2: 974685.3125
        max: 19379.8828125
        mean: 2062.48901367
        median: 1335.05859375
        min: 129.19921875
        var: 5607851.5
    spectral_skewness:
        dmean: 0.25158560276
        dmean2: 0.395234823227
        dvar: 0.0950382053852
        dvar2: 0.19970549643
        max: 6.21368360519
        mean: 1.67641735077
        median: 1.54713261127
        min: -0.178747981787
        var: 0.659653961658
    spectral_spread:
        dmean: 456631.1875
        dmean2: 650845.875
        dvar: 545233502208
        dvar2: 1.00032806912e+012
        max: 42325228
        mean: 4836804.5
        median: 3934548.5
        min: 1478042.625
        var: 1.88658262999e+013
    spectral_strongpeak:
        dmean: 0.185025557876
        dmean2: 0.308487862349
        dvar: 0.149085432291
        dvar2: 0.395040273666
        max: 6.86300563812
        mean: 0.428997755051
        median: 0.259853154421
        min: 0
        var: 0.316304326057
    zerocrossingrate:
        dmean: 0.00767165143043
        dmean2: 0.00884909369051
        dvar: 7.42411357351e-005
        dvar2: 7.81566050136e-005
        max: 0.53271484375
        mean: 0.0661813020706
        median: 0.05517578125
        min: 0.0078125
        var: 0.00341687910259
    barkbands:
        dmean: [3.82749760774e-007, 0.000109386004624, 0.000156949594384, 0.000161215924891, 0.00029174570227, 0.000167361780768, 0.000155416040798, 9.831837815e-005, 4.79435002489e-005, 6.18780613877e-005, 8.0716337834e-005, 4.43922835984e-005, 2.38823686232e-005, 3.57531898771e-005, 2.82109158434e-005, 4.20820397267e-005, 5.52535566385e-005, 5.73618526687e-005, 9.93520588963e-005, 8.71949378052e-005, 4.94241867273e-005, 2.38711436396e-005, 4.93988909511e-006, 1.77957383585e-006, 7.81116114013e-007, 2.22849969589e-008, 3.80286718782e-010]
        dmean2: [6.2884731733e-007, 0.00017956654483, 0.000252764351899, 0.000265586597379, 0.000468158774311, 0.000254919257713, 0.000250238197623, 0.000145783487824, 7.45359284338e-005, 9.30337992031e-005, 0.000122500016005, 7.09336163709e-005, 3.8250349462e-005, 5.7859964727e-005, 4.60237388324e-005, 6.80752273183e-005, 8.97464487934e-005, 9.22783583519e-005, 0.000161582836881, 0.000140350923175, 7.76605593273e-005, 3.77627220587e-005, 7.46677551433e-006, 2.63670608547e-006, 1.15577176985e-006, 3.39370771485e-008, 6.32275343193e-010]
        dvar: [1.54058590971e-012, 3.8231689814e-008, 8.56769375446e-008, 1.07451029407e-007, 2.23425246304e-007, 8.84100188614e-008, 1.53055253804e-007, 4.87425033668e-008, 1.2305378938e-008, 3.00117477536e-008, 7.47059942796e-008, 1.07395266014e-008, 3.83724962916e-009, 1.5668918607e-008, 4.91043294915e-009, 7.91661936006e-009, 1.34950068897e-008, 1.70503930974e-008, 4.63052600708e-008, 3.5696917422e-008, 1.56351429581e-008, 4.7081445409e-009, 2.53150861385e-010, 3.42209975634e-011, 5.10101292803e-012, 4.66195965092e-015, 9.99666381834e-019]
        dvar2: [3.82799261039e-012, 1.06478310613e-007, 2.15649592405e-007, 2.75336788036e-007, 5.75816613946e-007, 1.96299140498e-007, 3.68686102092e-007, 9.61050403703e-008, 2.7277019754e-008, 5.85095918382e-008, 1.60926532544e-007, 2.45082532047e-008, 8.24795343135e-009, 3.87611116537e-008, 1.20411014493e-008, 2.05177084212e-008, 3.49605855376e-008, 4.11389038391e-008, 1.21806920106e-007, 9.03750745351e-008, 3.62986760649e-008, 1.10019939825e-008, 5.59489621299e-010, 7.07706809822e-011, 1.0847249314e-011, 1.03007549661e-014, 2.43137746941e-018]
        max: [1.70523981069e-005, 0.00262608123012, 0.00718720071018, 0.00503342645243, 0.0103596877307, 0.00682296231389, 0.0126781221479, 0.01014656201, 0.00222390540875, 0.00458168145269, 0.00695126038045, 0.0035892650485, 0.00279664061964, 0.00450580008328, 0.00274103856646, 0.00173575850204, 0.00367125775665, 0.00343192741275, 0.00451101874933, 0.00431394390762, 0.00211571203545, 0.00126551964786, 0.000433736393461, 0.000170697807334, 6.28913330729e-005, 2.06460435948e-006, 2.50385223666e-008]
        mean: [3.85492683108e-007, 0.000231182799325, 0.000324373133481, 0.000243622809649, 0.000602158368565, 0.000372498092474, 0.000278240884654, 0.00020708188822, 8.2015809312e-005, 0.000125342499814, 0.000168827740708, 8.25409515528e-005, 4.01395227527e-005, 6.61173471599e-005, 4.99832349306e-005, 7.65580334701e-005, 0.000112576723041, 0.000112352267024, 0.000216779517359, 0.000185698634596, 9.96335147647e-005, 4.04243364756e-005, 9.52587834036e-006, 3.6420547076e-006, 1.40309384733e-006, 3.225978773e-008, 4.26082974458e-010]
        median: [9.88541870584e-008, 0.00016872069682, 0.000236600186327, 0.00011003693362, 0.000370809255401, 0.000199410802452, 9.35591888265e-005, 6.23410815024e-005, 2.45341580012e-005, 2.98973100143e-005, 2.30262721743e-005, 2.28194894589e-005, 1.44572177305e-005, 1.23256759252e-005, 1.86811448657e-005, 1.59176925081e-005, 2.70897780865e-005, 2.38207303482e-005, 3.34980140906e-005, 3.48745379597e-005, 1.32952009153e-005, 5.33359343535e-006, 1.25318842947e-006, 3.87481378539e-007, 8.78921468939e-008, 2.36700614664e-009, 9.21192358505e-011]
        min: [6.95561734315e-025, 3.36324259952e-024, 1.98170990456e-024, 6.0513293242e-025, 7.53268447811e-024, 5.90732690747e-024, 5.62552883162e-024, 8.54526002516e-024, 1.23197070212e-023, 1.47146066879e-023, 1.26318001168e-023, 2.18257743853e-023, 2.24573458924e-023, 3.13069263667e-023, 3.36514462205e-023, 4.45589186719e-023, 6.56977308929e-023, 7.35676407862e-023, 1.2797680368e-022, 1.43971065818e-022, 2.39833556617e-022, 2.73754171644e-022, 3.56595951533e-022, 5.89049884775e-022, 8.17684342841e-022, 1.23836510764e-021, 1.94649148871e-021]
        var: [1.34066781114e-012, 5.9172201361e-008, 1.85833116007e-007, 1.56744462743e-007, 5.02333307395e-007, 2.78956719058e-007, 3.36265287615e-007, 2.05544594678e-007, 3.13844452648e-008, 1.19336021953e-007, 3.11561080935e-007, 3.49741746675e-008, 8.45709546837e-009, 5.18085769841e-008, 1.07316457942e-008, 1.66527147627e-008, 4.22342552042e-008, 4.14983425401e-008, 1.40457814268e-007, 9.31404500193e-008, 3.17725046273e-008, 8.54572412834e-009, 6.88303136709e-010, 1.24484103581e-010, 1.61672550347e-011, 8.15241852568e-015, 1.2751009822e-018]
    frequency_bands:
        dmean: [3.82749760774e-007, 0.000109386004624, 0.000156949594384, 0.000161215924891, 0.00029174570227, 0.000167361780768, 0.000155416040798, 9.831837815e-005, 4.79435002489e-005, 6.18780613877e-005, 8.0716337834e-005, 4.43922835984e-005, 2.38823686232e-005, 3.57531898771e-005, 2.82109158434e-005, 4.20820397267e-005, 5.52535566385e-005, 5.73618526687e-005, 9.93520588963e-005, 8.71949378052e-005, 4.94241867273e-005, 2.38711436396e-005, 4.93988909511e-006, 1.77957383585e-006, 7.81116114013e-007, 2.22849969589e-008, 3.80286718782e-010, 4.35432731538e-011]
        dmean2: [6.2884731733e-007, 0.00017956654483, 0.000252764351899, 0.000265586597379, 0.000468158774311, 0.000254919257713, 0.000250238197623, 0.000145783487824, 7.45359284338e-005, 9.30337992031e-005, 0.000122500016005, 7.09336163709e-005, 3.8250349462e-005, 5.7859964727e-005, 4.60237388324e-005, 6.80752273183e-005, 8.97464487934e-005, 9.22783583519e-005, 0.000161582836881, 0.000140350923175, 7.76605593273e-005, 3.77627220587e-005, 7.46677551433e-006, 2.63670608547e-006, 1.15577176985e-006, 3.39370771485e-008, 6.32275343193e-010, 8.09387418199e-011]
        dvar: [1.54058590971e-012, 3.8231689814e-008, 8.56769375446e-008, 1.07451029407e-007, 2.23425246304e-007, 8.84100188614e-008, 1.53055253804e-007, 4.87425033668e-008, 1.2305378938e-008, 3.00117477536e-008, 7.47059942796e-008, 1.07395266014e-008, 3.83724962916e-009, 1.5668918607e-008, 4.91043294915e-009, 7.91661936006e-009, 1.34950068897e-008, 1.70503930974e-008, 4.63052600708e-008, 3.5696917422e-008, 1.56351429581e-008, 4.7081445409e-009, 2.53150861385e-010, 3.42209975634e-011, 5.10101292803e-012, 4.66195965092e-015, 9.99666381834e-019, 5.08528789782e-021]
        dvar2: [3.82799261039e-012, 1.06478310613e-007, 2.15649592405e-007, 2.75336788036e-007, 5.75816613946e-007, 1.96299140498e-007, 3.68686102092e-007, 9.61050403703e-008, 2.7277019754e-008, 5.85095918382e-008, 1.60926532544e-007, 2.45082532047e-008, 8.24795343135e-009, 3.87611116537e-008, 1.20411014493e-008, 2.05177084212e-008, 3.49605855376e-008, 4.11389038391e-008, 1.21806920106e-007, 9.03750745351e-008, 3.62986760649e-008, 1.10019939825e-008, 5.59489621299e-010, 7.07706809822e-011, 1.0847249314e-011, 1.03007549661e-014, 2.43137746941e-018, 1.65609975842e-020]
        max: [1.70523981069e-005, 0.00262608123012, 0.00718720071018, 0.00503342645243, 0.0103596877307, 0.00682296231389, 0.0126781221479, 0.01014656201, 0.00222390540875, 0.00458168145269, 0.00695126038045, 0.0035892650485, 0.00279664061964, 0.00450580008328, 0.00274103856646, 0.00173575850204, 0.00367125775665, 0.00343192741275, 0.00451101874933, 0.00431394390762, 0.00211571203545, 0.00126551964786, 0.000433736393461, 0.000170697807334, 6.28913330729e-005, 2.06460435948e-006, 2.50385223666e-008, 1.03382147287e-009]
        mean: [3.85492683108e-007, 0.000231182799325, 0.000324373133481, 0.000243622809649, 0.000602158368565, 0.000372498092474, 0.000278240884654, 0.00020708188822, 8.2015809312e-005, 0.000125342499814, 0.000168827740708, 8.25409515528e-005, 4.01395227527e-005, 6.61173471599e-005, 4.99832349306e-005, 7.65580334701e-005, 0.000112576723041, 0.000112352267024, 0.000216779517359, 0.000185698634596, 9.96335147647e-005, 4.04243364756e-005, 9.52587834036e-006, 3.6420547076e-006, 1.40309384733e-006, 3.225978773e-008, 4.26082974458e-010, 3.37795069694e-011]
        median: [9.88541870584e-008, 0.00016872069682, 0.000236600186327, 0.00011003693362, 0.000370809255401, 0.000199410802452, 9.35591888265e-005, 6.23410815024e-005, 2.45341580012e-005, 2.98973100143e-005, 2.30262721743e-005, 2.28194894589e-005, 1.44572177305e-005, 1.23256759252e-005, 1.86811448657e-005, 1.59176925081e-005, 2.70897780865e-005, 2.38207303482e-005, 3.34980140906e-005, 3.48745379597e-005, 1.32952009153e-005, 5.33359343535e-006, 1.25318842947e-006, 3.87481378539e-007, 8.78921468939e-008, 2.36700614664e-009, 9.21192358505e-011, 1.0970520499e-011]
        min: [6.95561734315e-025, 3.36324259952e-024, 1.98170990456e-024, 6.0513293242e-025, 7.53268447811e-024, 5.90732690747e-024, 5.62552883162e-024, 8.54526002516e-024, 1.23197070212e-023, 1.47146066879e-023, 1.26318001168e-023, 2.18257743853e-023, 2.24573458924e-023, 3.13069263667e-023, 3.36514462205e-023, 4.45589186719e-023, 6.56977308929e-023, 7.35676407862e-023, 1.2797680368e-022, 1.43971065818e-022, 2.39833556617e-022, 2.73754171644e-022, 3.56595951533e-022, 5.89049884775e-022, 8.17684342841e-022, 1.23836510764e-021, 1.94649148871e-021, 5.05499139814e-022]
        var: [1.34066781114e-012, 5.9172201361e-008, 1.85833116007e-007, 1.56744462743e-007, 5.02333307395e-007, 2.78956719058e-007, 3.36265287615e-007, 2.05544594678e-007, 3.13844452648e-008, 1.19336021953e-007, 3.11561080935e-007, 3.49741746675e-008, 8.45709546837e-009, 5.18085769841e-008, 1.07316457942e-008, 1.66527147627e-008, 4.22342552042e-008, 4.14983425401e-008, 1.40457814268e-007, 9.31404500193e-008, 3.17725046273e-008, 8.54572412834e-009, 6.88303136709e-010, 1.24484103581e-010, 1.61672550347e-011, 8.15241852568e-015, 1.2751009822e-018, 3.99671578832e-021]
    mfcc:
        mean: [-762.77166748, 132.419662476, -21.6011486053, 52.9418144226, -11.3906297684, -1.56207406521, 0.672733902931, -4.43608093262, -4.8202419281, -5.63099336624, -4.38693618774, -1.85329782963, 0.59871917963]
        cov: [[9089.75488281, -387.646240234, -954.907592773, 952.6796875, -565.027404785, 282.814910889, 77.7031173706, 136.078842163, 169.019638062, 206.248672485, -29.5684127808, 43.4164276123, -76.0765457153], [-387.646240234, 1495.16992188, -105.429573059, 24.5289287567, 94.9499435425, -101.790962219, 104.999847412, -25.7575645447, -58.2117042542, -40.5446929932, -9.52760219574, -13.4112024307, 23.2358341217], [-954.907592773, -105.429573059, 691.462158203, -160.169570923, 84.7388687134, 42.1430740356, 22.5041675568, 51.9158401489, -43.4172706604, -38.7752304077, 8.2597990036, -1.40504169464, 12.7345142365], [952.6796875, 24.5289287567, -160.169570923, 330.948791504, -46.447719574, 30.4889621735, -15.8430757523, -22.5346450806, 56.0140075684, -1.90014851093, -5.54992485046, 14.8179597855, -18.5120620728], [-565.027404785, 94.9499435425, 84.7388687134, -46.447719574, 190.448867798, -16.2465782166, 7.00485992432, -11.3944559097, -10.8542470932, -7.18231010437, 1.12237071991, 2.73415780067, -0.378682732582], [282.814910889, -101.790962219, 42.1430740356, 30.4889621735, -16.2465782166, 171.703643799, 35.1945152283, 5.86563873291, 36.296672821, 1.62921130657, 8.3414182663, -14.0094738007, -12.6383371353], [77.7031173706, 104.999847412, 22.5041675568, -15.8430757523, 7.00485992432, 35.1945152283, 154.987930298, 60.6821098328, -11.0641031265, 23.9051189423, -2.34385442734, -8.94420909882, 3.20182561874], [136.078842163, -25.7575645447, 51.9158401489, -22.5346450806, -11.3944559097, 5.86563873291, 60.6821098328, 137.255432129, -15.9112415314, 33.3071594238, -2.15228009224, 3.19868588448, 11.4782400131], [169.019638062, -58.2117042542, -43.4172706604, 56.0140075684, -10.8542470932, 36.296672821, -11.0641031265, -15.9112415314, 111.161476135, 6.86325073242, 16.8367557526, 13.2622003555, -11.0799150467], [206.248672485, -40.5446929932, -38.7752304077, -1.90014851093, -7.18231010437, 1.62921130657, 23.9051189423, 33.3071594238, 6.86325073242, 93.6641616821, 19.3749294281, 7.44281244278, 1.15345442295], [-29.5684127808, -9.52760219574, 8.2597990036, -5.54992485046, 1.12237071991, 8.3414182663, -2.34385442734, -2.15228009224, 16.8367557526, 19.3749294281, 71.606552124, 23.9868297577, 3.34795928001], [43.4164276123, -13.4112024307, -1.40504169464, 14.8179597855, 2.73415780067, -14.0094738007, -8.94420909882, 3.19868588448, 13.2622003555, 7.44281244278, 23.9868297577, 72.93019104, 19.5641498566], [-76.0765457153, 23.2358341217, 12.7345142365, -18.5120620728, -0.378682732582, -12.6383371353, 3.20182561874, 11.4782400131, -11.0799150467, 1.15345442295, 3.34795928001, 19.5641498566, 72.5638809204]]
        icov: [[0.000230248988373, 2.31938247452e-005, 0.000167882390087, -0.000516926811542, 0.000428273284342, -0.000298153056065, -2.10770085687e-005, -0.000219062916585, 0.000120576951304, -0.000350137910573, 0.000176235902472, -0.00016703599249, 0.000119398762763], [2.31938247452e-005, 0.000850317243021, 0.000176319270395, -0.000246896554017, -0.000362433289411, 0.000553871970624, -0.000905334134586, 0.000304381013848, 0.000293924618745, 0.000487818062538, -0.000268157076789, 0.000250036944635, -0.000273434794508], [0.000167882390087, 0.000176319270395, 0.00207696855068, 0.000369464309188, -0.000488366058562, -0.000908839108888, 3.95224851673e-005, -0.00104193703737, 0.000596887955908, 0.000962186546531, -0.000331690534949, -0.000313225929858, 2.71398384939e-005], [-0.000516926811542, -0.000246896554017, 0.000369464309188, 0.00508262263611, -0.000375598290702, -0.000148981431266, 0.000418436393375, 0.000486713863211, -0.00161466316786, 0.00105535273906, 0.000522275688127, -0.000894425727893, 0.00059928878909], [0.000428273284342, -0.000362433289411, -0.000488366058562, -0.000375598290702, 0.00684564234689, -8.00791021902e-005, -0.000356647011358, 0.000565021240618, 4.99110283272e-005, -0.000953857495915, 0.00057459436357, -0.000894624972716, 0.000740558898542], [-0.000298153056065, 0.000553871970624, -0.000908839108888, -0.000148981431266, -8.00791021902e-005, 0.00813998747617, -0.00251122331247, 0.000868376053404, -0.00243964954279, 0.000991810229607, -0.00142945186235, 0.00230414094403, 7.87480603321e-005], [-2.10770085687e-005, -0.000905334134586, 3.95224851673e-005, 0.000418436393375, -0.000356647011358, -0.00251122331247, 0.00949518289417, -0.00378274405375, 0.000513502571266, -0.00156977388542, 0.000527072115801, 0.000502920593135, 5.12173392053e-005], [-0.000219062916585, 0.000304381013848, -0.00104193703737, 0.000486713863211, 0.000565021240618, 0.000868376053404, -0.00378274405375, 0.010600076057, 0.000731162726879, -0.00278791086748, 0.00103006779682, -0.000606950721703, -0.00110366742592], [0.000120576951304, 0.000293924618745, 0.000596887955908, -0.00161466316786, 4.99110283272e-005, -0.00243964954279, 0.000513502571266, 0.000731162726879, 0.0116430688649, -0.000618819321971, -0.00176149106119, -0.00195426540449, 0.00134846393485], [-0.000350137910573, 0.000487818062538, 0.000962186546531, 0.00105535273906, -0.000953857495915, 0.000991810229607, -0.00156977388542, -0.00278791086748, -0.000618819321971, 0.0142619060352, -0.00414956780151, 0.000265730748652, 5.37261075806e-005], [0.000176235902472, -0.000268157076789, -0.000331690534949, 0.000522275688127, 0.00057459436357, -0.00142945186235, 0.000527072115801, 0.00103006779682, -0.00176149106119, -0.00414956780151, 0.0177350472659, -0.00578515883535, 0.000568409450352], [-0.00016703599249, 0.000250036944635, -0.000313225929858, -0.000894425727893, -0.000894624972716, 0.00230414094403, 0.000502920593135, -0.000606950721703, -0.00195426540449, 0.000265730748652, -0.00578515883535, 0.0181384924799, -0.00488401856273], [0.000119398762763, -0.000273434794508, 2.71398384939e-005, 0.00059928878909, 0.000740558898542, 7.87480603321e-005, 5.12173392053e-005, -0.00110366742592, 0.00134846393485, 5.37261075806e-005, 0.000568409450352, -0.00488401856273, 0.0158273335546]]
    sccoeffs:
        dmean: [0.0447485521436, 0.042918164283, 0.0346083529294, 0.0275056622922, 0.0201610177755, 0.0178983733058]
        dmean2: [0.074048101902, 0.0704120323062, 0.0566008426249, 0.0459527596831, 0.0330810174346, 0.0281942784786]
        dvar: [0.0013422248885, 0.0012159725884, 0.000790518650319, 0.000473582942504, 0.000294286059216, 0.000333400705131]
        dvar2: [0.00368931679986, 0.00322920666076, 0.00205518887378, 0.00125661597122, 0.000720716547221, 0.000741977302823]
        max: [-0.339522480965, -0.450010478497, -0.495482295752, -0.569272994995, -0.558704316616, -0.569823026657]
        mean: [-0.651358008385, -0.713678836823, -0.780780434608, -0.804310679436, -0.803545892239, -0.746350049973]
        median: [-0.649829447269, -0.715215265751, -0.793667674065, -0.808090865612, -0.805556595325, -0.740506768227]
        min: [-0.979860067368, -0.985785007477, -0.993419229984, -0.995939493179, -0.989130496979, -0.964642763138]
        var: [0.00545179005712, 0.00557048991323, 0.00511464430019, 0.00219944771379, 0.00180994661059, 0.00362612633035]
    scvalleys:
        dmean: [0.357012212276, 0.319135338068, 0.278284966946, 0.272572904825, 0.243984550238, 0.279458880424]
        dmean2: [0.586983323097, 0.529587686062, 0.458792120218, 0.423785507679, 0.356227844954, 0.379874020815]
        dvar: [0.0906617566943, 0.0782787278295, 0.0624979585409, 0.0838701799512, 0.112151458859, 0.169385746121]
        dvar2: [0.226148709655, 0.191894307733, 0.143390223384, 0.156743824482, 0.19725227356, 0.294946223497]
        max: [-4.94356203079, -4.64785051346, -5.6066608429, -5.75764894485, -5.6516957283, -7.58296060562]
        mean: [-6.98295545578, -7.00585985184, -7.67760562897, -8.11390972137, -8.18608283997, -10.875702858]
        median: [-6.52658557892, -6.66813468933, -7.33896541595, -7.90191459656, -8.15324783325, -10.6188764572]
        min: [-28.4884395599, -28.2472877502, -27.9683361053, -27.7070236206, -27.5099163055, -27.4016742706]
        var: [6.21004867554, 6.06082868576, 5.70405673981, 5.75464725494, 6.16351222992, 5.4226436615]

rhythm:
    beats_loudness:
        dmean: 0.00419248221442
        dmean2: 0.00812889635563
        dvar: 1.23589570649e-005
        dvar2: 4.41146366938e-005
        max: 0.0185150429606
        mean: 0.00555480597541
        median: 0.00432688929141
        min: 0
        var: 1.98633679247e-005
    bpm: 111.673629761
    bpm_confidence: 0
    first_peak_bpm: 112
    first_peak_spread: 0.252032548189
    first_peak_weight: 0.585987269878
    onset_rate: 2.14971184731
    second_peak_bpm: 152
    second_peak_spread: 0.375
    second_peak_weight: 0.0318471342325
    beats_loudness_band_ratio:
        dmean: [0.161367610097, 0.150475084782, 0.121484205127, 0.0798068717122, 0.0540393926203, 0.082999445498]
        dmean2: [0.289466261864, 0.258355021477, 0.218472838402, 0.147821947932, 0.0956944748759, 0.155537799001]
        dvar: [0.0160877872258, 0.0139373932034, 0.0189797841012, 0.0167494490743, 0.00330711505376, 0.00827160105109]
        dvar2: [0.0500229485333, 0.0388431064785, 0.0523823127151, 0.0529541037977, 0.00977914780378, 0.0264206789434]
        max: [0.816466450691, 0.962657213211, 0.775723576546, 0.787728667259, 0.516269803047, 0.608167111874]
        mean: [0.301184594631, 0.315512418747, 0.168818056583, 0.0892409607768, 0.0978087037802, 0.130447715521]
        median: [0.290072888136, 0.255136311054, 0.109120607376, 0.0530293285847, 0.0909930467606, 0.124691799283]
        min: [0, 0, 0, 0, 0, 0]
        var: [0.0307483505458, 0.0450467057526, 0.0264395624399, 0.0132831027731, 0.00455773063004, 0.0102197863162]
    beats_position: [0.53405892849, 1.07972788811, 1.62539684772, 2.15945577621, 2.70512461662, 3.23918366432, 3.7732424736, 4.31891155243, 4.85297060013, 5.39863920212, 5.93269824982, 6.33904743195, 6.74539661407, 7.1517457962, 7.5464849472, 7.95283412933, 8.35918331146, 8.75392246246, 9.16027164459, 9.56662082672, 9.97297000885, 10.379319191, 10.7972784042, 11.2152376175, 11.6331968307, 12.0047159195, 12.3762359619, 12.7361450195, 13.0960540771, 13.5604534149, 14.0364627838, 14.5008611679, 14.9768705368, 15.4528799057, 15.9288883209, 16.4048976898, 16.8692970276, 17.3336963654, 17.8097057343, 18.2508831024, 18.6920623779, 19.1332416534, 19.5860309601, 20.0388202667, 20.4916095734, 20.94439888, 21.3855781555, 21.826757431, 22.2679367065, 22.7323360443, 23.1967334747, 23.6611328125, 24.1603622437, 24.6595916748, 25.158821106, 25.6464385986, 26.1340579987, 26.6100673676, 27.1441268921, 27.6781845093, 28.2122440338, 28.7927436829, 29.3732414246, 29.9537410736, 30.5342407227, 31.1147384644, 31.6720180511, 32.2176856995, 32.7749671936, 33.332244873, 33.8895225525, 34.4468002319, 34.9924697876, 35.5265312195, 36.0605888367, 36.5946464539, 37.1403160095, 37.6859855652, 38.2200431824, 38.7541046143, 39.2881622314, 39.8222198486, 40.3562812805, 40.8903388977, 41.4243965149, 41.9584579468, 42.492515564, 43.0265769958, 43.560634613, 44.0946922302, 44.6287536621, 45.1628112793, 45.6968688965, 46.2425384521, 46.7882080078, 47.322265625, 47.8563270569, 48.3903846741, 48.9244422913, 49.4585037231, 49.9925613403, 50.5150108337, 51.0606803894, 51.5947380066, 52.1287956238, 52.6628570557, 53.2085266113, 53.7541923523, 54.2882537842, 54.8223114014, 55.3563690186, 55.8904304504, 56.4244880676, 56.9585494995, 57.4926071167, 58.0266647339, 58.5607261658, 59.1063919067, 59.6404533386, 60.1861228943, 60.7201805115, 61.2542381287, 61.7882995605, 62.3223571777, 62.8564147949, 63.3904762268, 63.924533844, 64.4585952759, 64.9926528931, 65.5267105103, 66.0607681274, 66.5948257446, 67.1288909912, 67.6745529175, 68.2202224731, 68.7542877197, 69.2883453369, 69.8224029541, 70.3564605713, 70.8905181885, 71.4245758057, 71.9586410522, 72.4926986694, 73.0267562866, 73.5608139038, 74.094871521, 74.6405410767, 75.1745986938, 75.7202682495, 76.2543258667, 76.7883911133, 77.3224487305, 77.8565063477, 78.3905639648, 78.924621582, 79.4586868286, 79.9927444458, 80.526802063, 81.0608596802, 81.6065292358, 82.1521987915, 82.6862564087, 83.2203140259, 83.7543716431, 84.2884368896, 84.8224945068, 85.356552124, 85.8906097412, 86.4246673584, 86.9587249756, 87.4927902222, 88.0268478394, 88.5609054565, 89.0949630737, 89.6290206909, 90.1630859375, 90.6971435547, 91.2428131104, 91.788482666, 92.3225402832, 92.8565979004, 93.3906555176, 93.9247131348, 94.458770752, 94.9928359985, 95.5268936157, 96.0609512329, 96.5950088501, 97.1290664673, 97.6747360229, 98.2204055786, 98.7544631958, 99.288520813, 99.8225860596, 100.356643677, 100.890701294, 101.424758911, 101.958816528, 102.492874146, 103.026939392, 103.560997009, 104.095054626, 104.640724182, 105.174781799, 105.720451355, 106.254508972, 106.788566589, 107.322631836, 107.856689453, 108.39074707, 108.924804688, 109.458862305, 109.992919922, 110.526985168, 111.061042786, 111.595100403, 112.12915802, 112.663215637, 113.197273254, 113.74294281, 114.288612366, 114.822669983, 115.356735229, 115.890792847, 116.424850464, 116.958908081, 117.492965698, 118.027030945, 118.561088562, 119.095146179, 119.629203796, 120.174873352, 120.720542908, 121.254600525, 121.788658142, 122.322715759, 122.856781006, 123.390838623, 123.92489624, 124.458953857, 124.993011475, 125.527069092, 126.061134338, 126.595191956, 127.129249573, 127.66330719, 128.197372437, 128.743041992, 129.288711548, 129.822769165, 130.356826782, 130.890884399, 131.424942017, 131.947387695, 132.493057251, 133.027114868, 133.561172485, 134.106842041, 134.640899658, 135.186569214, 135.720626831, 136.254684448, 136.788757324, 137.322814941, 137.856872559, 138.390930176, 138.924987793, 139.45904541, 139.993103027, 140.527160645, 141.061218262, 141.606887817, 142.152557373, 142.68661499, 143.220672607, 143.754730225, 144.288803101, 144.822860718, 145.356918335, 145.890975952, 146.425033569, 146.959091187, 147.493148804, 148.027206421, 148.561264038, 149.095321655, 149.629379272, 150.175048828, 150.720718384, 151.254776001, 151.788833618, 152.322906494, 152.856964111, 153.391021729, 153.925079346, 154.459136963, 154.99319458, 155.527252197, 156.061309814, 156.595367432, 157.11781311, 157.651885986, 158.185943604, 158.720001221, 159.254058838, 159.799728394, 160.345397949, 160.891067505, 161.425125122, 161.959182739, 162.504852295, 163.038909912, 163.572967529, 164.095413208, 164.629470825, 165.163528442, 165.69758606, 166.231658936, 166.765716553, 167.311386108, 167.857055664, 168.391113281, 168.925170898, 169.459228516, 169.993286133, 170.52734375, 171.061401367, 171.595458984, 172.129516602, 172.675186157, 173.220855713, 173.75491333, 174.288970947, 174.823028564, 175.35710144, 175.891159058, 176.425216675, 176.959274292, 177.493331909, 178.027389526, 178.561447144, 179.095504761, 179.629562378, 180.163619995, 180.697677612, 181.231735229, 181.765808105, 182.311477661, 182.857131958, 183.391204834, 183.925262451, 184.459320068, 184.993377686, 185.527435303, 186.06149292, 186.595550537, 187.129608154, 187.67527771, 188.220947266, 188.755004883, 189.2890625, 189.823120117, 190.357177734, 190.89125061, 191.425308228, 191.959365845, 192.493423462, 193.027481079, 193.561538696, 194.095596313, 194.629653931, 195.175323486, 195.720993042, 196.255050659, 196.789108276, 197.323165894, 197.857223511, 198.391296387, 198.925354004, 199.459411621, 199.993469238, 200.527526855, 201.073196411, 201.618865967, 202.152923584, 202.686981201, 203.221038818, 203.755096436, 204.289154053, 204.82321167, 205.357269287, 205.891326904, 206.42539978, 206.959457397, 207.505126953, 208.03918457, 208.584854126, 209.130523682, 209.676193237, 210.221862793, 210.76751709, 211.313186646, 211.858856201, 212.416137695, 212.973419189, 213.530700684, 214.076370239, 214.622039795, 215.167709351, 215.724990845, 216.28225708, 216.839538574, 217.396820068, 217.965713501, 218.522994995, 219.08026123, 219.637542725, 220.067123413, 220.496688843, 220.926254272, 221.355819702, 221.773788452, 222.191741943, 222.609695435, 223.027664185, 223.445617676, 223.863571167, 224.281539917, 224.664672852, 225.047790527, 225.430923462, 225.918548584, 226.406158447, 226.905395508, 227.462677002, 228.019943237, 228.577224731, 229.134506226, 229.69178772, 230.237457275, 230.725082397, 231.224304199, 231.711929321, 232.187927246, 232.66394043, 233.139953613, 233.615966797, 234.10357666, 234.579589844, 234.962722778, 235.357452393, 235.752197266, 236.14692688, 236.530059814, 236.913192749, 237.296325684, 237.679458618, 238.074188232, 238.457321167, 238.85206604, 239.246795654, 239.641540527, 240.036270142, 240.419403076, 240.802536011, 241.185668945, 241.568786621, 241.963531494, 242.358276367, 242.753005981, 243.147750854, 243.542495728]
