
metadata:
    version:
        essentia: "2.1-beta2"
    audio_properties:
        analysis_sample_rate: 44100
        bitrate: 128
        channels: 2
        equal_loudness: 1
        length: 298.762451172
        replay_gain: -12.1262626648
        downmix: "mix"
    tags:
        album: ""
        artist: ""
        comment: ""
        date: "2012"
        genre: "Blues"
        title: ""
        tracknumber: "1"

configuration:
    average_loudness:
        compute: 1
        frameSize: 88200
        hopSize: 44100
        silentFrames: "noise"
        windowType: "hann"
    general:
        analysisSampleRate: 44100
        endTime: 2000
        equalLoudness: 1
        nequalLoudness: 0
        shortSound: 0
        startTime: 0
    lowlevel:
        compute: 1
        frameSize: 2048
        hopSize: 1024
        zeroPadding: 0
        silentFrames: "noise"
        windowType: "blackmanharris62"
        mfccStats: ["mean", "cov", "icov"]
        stats: ["mean", "var", "median", "min", "max", "dmean", "dmean2", "dvar", "dvar2"]
    panning:
        compute: 0
        frameSize: 8192
        hopSize: 2048
        zeroPadding: 8192
        silentFrames: "noise"
        windowType: "hann"
        stats: ["copy"]
    rhythm:
        compute: 1
        maxTempo: 208
        minTempo: 40
        method: "degara"
        stats: ["mean", "var", "median", "min", "max", "dmean", "dmean2", "dvar", "dvar2"]
    segmentation:
        compute: 0
        cpw: 5
        inc1: 300
        inc2: 50
        minimumSegmentsLength: 10
        size1: 1000
        size2: 600
    sfx:
        compute: 1
        stats: ["mean", "var", "median", "min", "max", "dmean", "dmean2", "dvar", "dvar2"]
    svm:
        compute: 0
    tonal:
        compute: 1
        frameSize: 4096
        hopSize: 2048
        zeroPadding: 0
        silentFrames: "noise"
        windowType: "blackmanharris62"
        stats: ["mean", "var", "median", "min", "max", "dmean", "dmean2", "dvar", "dvar2"]

lowlevel:
    average_loudness: 0.928798794746
    barkbands_kurtosis:
        dmean: 0.521016418934
        dmean2: 0.832139968872
        dvar: 1.08775901794
        dvar2: 2.676841259
        max: 28.9294528961
        mean: -0.791032612324
        median: -1.14159917831
        min: -1.86964476109
        var: 1.98906505108
    barkbands_skewness:
        dmean: 0.318868339062
        dmean2: 0.487507104874
        dvar: 0.102824345231
        dvar2: 0.225193172693
        max: 5.41305351257
        mean: -0.0523057729006
        median: -0.161932498217
        min: -4.45835161209
        var: 0.501995444298
    barkbands_spread:
        dmean: 5.46732234955
        dmean2: 8.62627792358
        dvar: 26.9447574615
        dvar2: 66.9165878296
        max: 74.7838439941
        mean: 36.2482872009
        median: 36.6998443604
        min: 3.03872227669
        var: 108.663360596
    dissonance:
        dmean: 0.0120400618762
        dmean2: 0.0205501262099
        dvar: 0.000200134454644
        dvar2: 0.000554175523575
        max: 0.500000119209
        mean: 0.478741019964
        median: 0.484939366579
        min: 0.299299657345
        var: 0.000447631580755
    hfc:
        dmean: 2.43265008926
        dmean2: 3.81654691696
        dvar: 11.8931436539
        dvar2: 29.2767219543
        max: 44.3965415955
        mean: 9.12322425842
        median: 8.65786838531
        min: 1.16997789033e-016
        var: 35.9472808838
    pitch:
        dmean: 799.352294922
        dmean2: 1536.68725586
        dvar: 1812963.125
        dvar2: 4516769.5
        max: 4800.36328125
        mean: 1300.24865723
        median: 390.162658691
        min: 59.267742157
        var: 2539883.75
    pitch_instantaneous_confidence:
        dmean: 0.0735115781426
        dmean2: 0.117926448584
        dvar: 0.00373831461184
        dvar2: 0.00897295773029
        max: 0.943009734154
        mean: 0.35967028141
        median: 0.327058017254
        min: 0.109678030014
        var: 0.0210973080248
    pitch_salience:
        dmean: 0.0526241734624
        dmean2: 0.0853289887309
        dvar: 0.00220382865518
        dvar2: 0.00561336893588
        max: 0.932872951031
        mean: 0.629097104073
        median: 0.643342733383
        min: 0.121577806771
        var: 0.00854287482798
    silence_rate_20dB:
        dmean: 0
        dmean2: 0
        dvar: 0
        dvar2: 0
        max: 1
        mean: 1
        median: 1
        min: 1
        var: 0
    silence_rate_30dB:
        dmean: 0
        dmean2: 0
        dvar: 0
        dvar2: 0
        max: 1
        mean: 1
        median: 1
        min: 1
        var: 0
    silence_rate_60dB:
        dmean: 0.0575114637613
        dmean2: 0.115031868219
        dvar: 0.0541961751878
        dvar2: 0.118270471692
        max: 1
        mean: 0.25147652626
        median: 0
        min: 0
        var: 0.188232406974
    spectral_centroid:
        dmean: 255.45552063
        dmean2: 397.06552124
        dvar: 68094.6875
        dvar2: 153316.890625
        max: 11218.9277344
        mean: 1798.44946289
        median: 1851.42712402
        min: 165.930267334
        var: 300555.90625
    spectral_complexity:
        dmean: 4.10025644302
        dmean2: 6.3340587616
        dvar: 19.9380111694
        dvar2: 42.652053833
        max: 57
        mean: 17.4246196747
        median: 18
        min: 0
        var: 98.5048294067
    spectral_crest:
        dmean: 1.58356964588
        dmean2: 2.56854915619
        dvar: 2.4751727581
        dvar2: 6.18831443787
        max: 24.4258823395
        mean: 6.2080488205
        median: 5.30801868439
        min: 2.35773634911
        var: 9.24045276642
    spectral_decrease:
        dmean: 2.3415722139e-010
        dmean2: 3.65717844897e-010
        dvar: 9.202731989e-020
        dvar2: 2.18914512335e-019
        max: -2.6001989207e-029
        mean: -1.06846653747e-009
        median: -1.01781516548e-009
        min: -5.76463277113e-009
        var: 3.40620077402e-019
    spectral_energy:
        dmean: 0.00106519041583
        dmean2: 0.00166279880796
        dvar: 1.96514429263e-006
        dvar2: 4.65633092972e-006
        max: 0.0248754080385
        mean: 0.00486013712361
        median: 0.00462421216071
        min: 1.07101665503e-020
        var: 7.23206358089e-006
    spectral_energyband_high:
        dmean: 0.000251000892604
        dmean2: 0.000404652673751
        dvar: 1.69392407656e-007
        dvar2: 4.24755626227e-007
        max: 0.00457242922857
        mean: 0.000573604542296
        median: 0.000462936150143
        min: 7.81033708675e-021
        var: 2.90192701868e-007
    spectral_energyband_low:
        dmean: 0.000343797437381
        dmean2: 0.000557576538995
        dvar: 2.27485088544e-007
        dvar2: 5.84191184316e-007
        max: 0.00852928683162
        mean: 0.000692679721396
        median: 0.000546017254237
        min: 5.43715500056e-023
        var: 4.11669589084e-007
    spectral_energyband_middle_high:
        dmean: 0.000620248087216
        dmean2: 0.00096584163839
        dvar: 4.96446489251e-007
        dvar2: 1.19252797504e-006
        max: 0.0123194493353
        mean: 0.00260567758232
        median: 0.00233442755416
        min: 1.6832779124e-021
        var: 3.09480969918e-006
    spectral_energyband_middle_low:
        dmean: 0.000461577699753
        dmean2: 0.000737482274417
        dvar: 5.08613368311e-007
        dvar2: 1.26155987346e-006
        max: 0.0124072087929
        mean: 0.00125566578936
        median: 0.00104862067383
        min: 2.88779384425e-022
        var: 9.70683800006e-007
    spectral_flatness_db:
        dmean: 0.0113916611299
        dmean2: 0.0178039073944
        dvar: 0.000111672910862
        dvar2: 0.000264478934696
        max: 0.329493910074
        mean: 0.135203585029
        median: 0.128862410784
        min: 0.0584552101791
        var: 0.000928336521611
    spectral_flux:
        dmean: 0.00679238606244
        dmean2: 0.0100545752794
        dvar: 5.6395874708e-005
        dvar2: 0.000108714331873
        max: 0.116378933191
        mean: 0.0398453474045
        median: 0.0399087108672
        min: 7.10390704595e-011
        var: 0.000264931906713
    spectral_kurtosis:
        dmean: 0.831929683685
        dmean2: 1.413002491
        dvar: 0.740647733212
        dvar2: 2.14030146599
        max: 16.8935775757
        mean: 2.82740688324
        median: 2.61723899841
        min: -1.31127309799
        var: 1.87105202675
    spectral_rms:
        dmean: 0.000224193063332
        dmean2: 0.000341919629136
        dvar: 6.68330599751e-008
        dvar2: 1.49743343059e-007
        max: 0.00492632621899
        mean: 0.00207301555201
        median: 0.00212401198223
        min: 3.23248242409e-012
        var: 4.44193688054e-007
    spectral_rolloff:
        dmean: 350.497253418
        dmean2: 555.522399902
        dvar: 215945.578125
        dvar2: 454168.0625
        max: 18733.8867188
        mean: 3498.36523438
        median: 3703.7109375
        min: 86.1328125
        var: 792881
    spectral_skewness:
        dmean: 0.142399430275
        dmean2: 0.228384673595
        dvar: 0.0186022799462
        dvar2: 0.0446255430579
        max: 2.84501862526
        mean: 1.19915258884
        median: 1.18100309372
        min: -0.0174958519638
        var: 0.0982000231743
    spectral_spread:
        dmean: 350952.9375
        dmean2: 508180.21875
        dvar: 238215659520
        dvar2: 445078044672
        max: 41168624
        mean: 4665865.5
        median: 4523057
        min: 2020860.5
        var: 1.43424539853e+012
    spectral_strongpeak:
        dmean: 0.421688705683
        dmean2: 0.736133754253
        dvar: 0.537386238575
        dvar2: 1.43052649498
        max: 9.49698448181
        mean: 0.640645802021
        median: 0.200703144073
        min: 3.91042392911e-010
        var: 0.821244299412
    zerocrossingrate:
        dmean: 0.00793719850481
        dmean2: 0.00928075890988
        dvar: 6.96178540238e-005
        dvar2: 9.84107973636e-005
        max: 0.51171875
        mean: 0.103732787073
        median: 0.107177734375
        min: 0.01611328125
        var: 0.000599638558924
    barkbands:
        dmean: [4.08755170156e-007, 0.00010754300456, 0.000194121981622, 0.000250997080002, 0.000166400597664, 7.94054576545e-005, 8.28569900477e-005, 6.3912521e-005, 6.90797824063e-005, 0.000112169356726, 0.00011683631601, 0.000132943110657, 8.28931224532e-005, 9.36425640248e-005, 0.000106385865365, 8.27587646199e-005, 0.000103280246549, 0.000150451131049, 0.000203658695682, 0.000219715584535, 0.000123910693219, 4.04466554755e-005, 5.81873564443e-006, 2.39998803409e-006, 1.01906596228e-006, 2.63650985488e-008, 2.4064986115e-010]
        dmean2: [6.70524798352e-007, 0.000178746791789, 0.000321549945511, 0.00040478509618, 0.000278761290247, 0.000129874475533, 0.00014053065388, 0.000102845740912, 0.000110377230158, 0.000178324276931, 0.000185547207366, 0.000218049171963, 0.000136011833092, 0.000149534695083, 0.000172512984136, 0.000134443907882, 0.000168349928572, 0.000247302668868, 0.000330861279508, 0.000360291043762, 0.000207169403438, 6.85211271048e-005, 9.12783252716e-006, 3.72984254682e-006, 1.55463430929e-006, 3.87019838399e-008, 4.1870315548e-010]
        dvar: [6.99930510686e-013, 3.76067212926e-008, 8.31299118431e-008, 2.17128231839e-007, 6.60177548184e-008, 1.24383507938e-008, 2.81374692435e-008, 1.48680801004e-008, 1.59335211691e-008, 4.53963657776e-008, 4.9929724355e-008, 7.45830632809e-008, 1.56126223061e-008, 3.14443511229e-008, 4.5151399064e-008, 1.5395047015e-008, 1.90444886528e-008, 4.49425172633e-008, 6.4972994096e-008, 8.98857450693e-008, 4.01154025553e-008, 5.98612048819e-009, 1.40794279013e-010, 3.32946656356e-011, 5.01075092876e-012, 2.48225143951e-015, 1.13248522183e-019]
        dvar2: [1.77194608812e-012, 9.70133058331e-008, 2.24916789193e-007, 5.42138309356e-007, 1.79190024596e-007, 3.27621592078e-008, 7.75137962705e-008, 3.62529029019e-008, 3.97470003577e-008, 1.0953918661e-007, 1.11067258501e-007, 1.94201206227e-007, 3.91289951551e-008, 7.26761939518e-008, 1.0914513382e-007, 3.70559227747e-008, 4.52059403244e-008, 1.15325292427e-007, 1.73610374077e-007, 2.29597631574e-007, 1.06184899096e-007, 1.57478901031e-008, 3.03125441414e-010, 7.52277337646e-011, 1.11444473441e-011, 5.40289536878e-015, 3.15084133013e-019]
        max: [7.42252996133e-006, 0.00180440803524, 0.00587073760107, 0.00832041073591, 0.00293468288146, 0.0016167005524, 0.00308515946381, 0.0028594059404, 0.00255611981265, 0.00400816882029, 0.00491070374846, 0.00670047756284, 0.00233332347125, 0.00416859053075, 0.00495069846511, 0.00367230921984, 0.00430537154898, 0.00477577233687, 0.00645985081792, 0.00382058043033, 0.00277284183539, 0.000916064193007, 0.000279041298199, 0.000144847668707, 6.77742136759e-005, 1.35267487167e-006, 7.92355603352e-009]
        mean: [4.0457069872e-007, 0.000158514842042, 0.000322369596688, 0.000380554323783, 0.000287282338832, 0.000155188070494, 0.000126123035443, 0.000108523330709, 0.000119226140669, 0.000202184295631, 0.000214795800275, 0.000257558363955, 0.000142189863254, 0.000166051948327, 0.000213493578485, 0.000160645417054, 0.000208985889913, 0.000309847324388, 0.000499204441439, 0.000484245218104, 0.000254281389061, 6.98452349752e-005, 1.14464910439e-005, 4.98164172313e-006, 2.14583587876e-006, 5.59064581296e-008, 2.79992834473e-010]
        median: [9.00425050077e-008, 9.56680305535e-005, 0.000230448174989, 0.0001809518144, 0.000195824395632, 9.78285243036e-005, 6.47128326818e-005, 5.06881369802e-005, 6.35326287011e-005, 8.50656797411e-005, 8.06430034572e-005, 0.000101276891655, 9.7166543128e-005, 9.54867282417e-005, 0.000121214383398, 0.000123925419757, 0.000163452263223, 0.00022954439919, 0.000418927287683, 0.000410995126003, 0.000204647280043, 3.95218812628e-005, 6.03111629971e-006, 2.58879435933e-006, 1.06905145003e-006, 3.02933571561e-008, 1.39711117675e-010]
        min: [1.50598536352e-024, 2.27538061314e-023, 2.25536752752e-023, 1.12330282472e-024, 4.44143961987e-023, 1.32363886366e-023, 3.06873329236e-023, 1.26613784564e-023, 9.53516244762e-023, 6.55720621952e-023, 8.63057880305e-023, 7.96997216597e-023, 1.58081578602e-022, 1.11217447438e-022, 9.86786484994e-023, 1.12492423365e-022, 1.17753317809e-022, 2.56075710406e-022, 2.0417027843e-022, 3.93162115736e-022, 4.48051183739e-022, 4.53446235024e-022, 4.61009959601e-022, 8.86806985929e-022, 1.13324359862e-021, 1.5937120841e-021, 2.34382939231e-021]
        var: [7.01281589223e-013, 4.18025649651e-008, 1.24060079543e-007, 3.48405194472e-007, 9.87110269079e-008, 3.01920621837e-008, 3.71793191789e-008, 2.92374959798e-008, 3.27722169402e-008, 1.15724745342e-007, 1.44762793752e-007, 2.53207474543e-007, 2.63845940651e-008, 7.51332649429e-008, 1.46043745985e-007, 2.98663103138e-008, 4.62920262123e-008, 1.04008208268e-007, 1.86940440017e-007, 1.7298692967e-007, 6.0188973805e-008, 7.74249553359e-009, 2.51060644496e-010, 6.96432356229e-011, 1.20725530267e-011, 5.43810356379e-015, 1.58421643841e-019]
    frequency_bands:
        dmean: [4.08755170156e-007, 0.00010754300456, 0.000194121981622, 0.000250997080002, 0.000166400597664, 7.94054576545e-005, 8.28569900477e-005, 6.3912521e-005, 6.90797824063e-005, 0.000112169356726, 0.00011683631601, 0.000132943110657, 8.28931224532e-005, 9.36425640248e-005, 0.000106385865365, 8.27587646199e-005, 0.000103280246549, 0.000150451131049, 0.000203658695682, 0.000219715584535, 0.000123910693219, 4.04466554755e-005, 5.81873564443e-006, 2.39998803409e-006, 1.01906596228e-006, 2.63650985488e-008, 2.4064986115e-010, 5.45832927468e-011]
        dmean2: [6.70524798352e-007, 0.000178746791789, 0.000321549945511, 0.00040478509618, 0.000278761290247, 0.000129874475533, 0.00014053065388, 0.000102845740912, 0.000110377230158, 0.000178324276931, 0.000185547207366, 0.000218049171963, 0.000136011833092, 0.000149534695083, 0.000172512984136, 0.000134443907882, 0.000168349928572, 0.000247302668868, 0.000330861279508, 0.000360291043762, 0.000207169403438, 6.85211271048e-005, 9.12783252716e-006, 3.72984254682e-006, 1.55463430929e-006, 3.87019838399e-008, 4.1870315548e-010, 1.0107176901e-010]
        dvar: [6.99930510686e-013, 3.76067212926e-008, 8.31299118431e-008, 2.17128231839e-007, 6.60177548184e-008, 1.24383507938e-008, 2.81374692435e-008, 1.48680801004e-008, 1.59335211691e-008, 4.53963657776e-008, 4.9929724355e-008, 7.45830632809e-008, 1.56126223061e-008, 3.14443511229e-008, 4.5151399064e-008, 1.5395047015e-008, 1.90444886528e-008, 4.49425172633e-008, 6.4972994096e-008, 8.98857450693e-008, 4.01154025553e-008, 5.98612048819e-009, 1.40794279013e-010, 3.32946656356e-011, 5.01075092876e-012, 2.48225143951e-015, 1.13248522183e-019, 6.20773321496e-021]
        dvar2: [1.77194608812e-012, 9.70133058331e-008, 2.24916789193e-007, 5.42138309356e-007, 1.79190024596e-007, 3.27621592078e-008, 7.75137962705e-008, 3.62529029019e-008, 3.97470003577e-008, 1.0953918661e-007, 1.11067258501e-007, 1.94201206227e-007, 3.91289951551e-008, 7.26761939518e-008, 1.0914513382e-007, 3.70559227747e-008, 4.52059403244e-008, 1.15325292427e-007, 1.73610374077e-007, 2.29597631574e-007, 1.06184899096e-007, 1.57478901031e-008, 3.03125441414e-010, 7.52277337646e-011, 1.11444473441e-011, 5.40289536878e-015, 3.15084133013e-019, 1.95655970656e-020]
        max: [7.42252996133e-006, 0.00180440803524, 0.00587073760107, 0.00832041073591, 0.00293468288146, 0.0016167005524, 0.00308515946381, 0.0028594059404, 0.00255611981265, 0.00400816882029, 0.00491070374846, 0.00670047756284, 0.00233332347125, 0.00416859053075, 0.00495069846511, 0.00367230921984, 0.00430537154898, 0.00477577233687, 0.00645985081792, 0.00382058043033, 0.00277284183539, 0.000916064193007, 0.000279041298199, 0.000144847668707, 6.77742136759e-005, 1.35267487167e-006, 7.92355603352e-009, 9.50101108899e-010]
        mean: [4.0457069872e-007, 0.000158514842042, 0.000322369596688, 0.000380554323783, 0.000287282338832, 0.000155188070494, 0.000126123035443, 0.000108523330709, 0.000119226140669, 0.000202184295631, 0.000214795800275, 0.000257558363955, 0.000142189863254, 0.000166051948327, 0.000213493578485, 0.000160645417054, 0.000208985889913, 0.000309847324388, 0.000499204441439, 0.000484245218104, 0.000254281389061, 6.98452349752e-005, 1.14464910439e-005, 4.98164172313e-006, 2.14583587876e-006, 5.59064581296e-008, 2.79992834473e-010, 4.23141313655e-011]
        median: [9.00425050077e-008, 9.56680305535e-005, 0.000230448174989, 0.0001809518144, 0.000195824395632, 9.78285243036e-005, 6.47128326818e-005, 5.06881369802e-005, 6.35326287011e-005, 8.50656797411e-005, 8.06430034572e-005, 0.000101276891655, 9.7166543128e-005, 9.54867282417e-005, 0.000121214383398, 0.000123925419757, 0.000163452263223, 0.00022954439919, 0.000418927287683, 0.000410995126003, 0.000204647280043, 3.95218812628e-005, 6.03111629971e-006, 2.58879435933e-006, 1.06905145003e-006, 3.02933571561e-008, 1.39711117675e-010, 1.58656768279e-011]
        min: [1.50598536352e-024, 2.27538061314e-023, 2.25536752752e-023, 1.12330282472e-024, 4.44143961987e-023, 1.32363886366e-023, 3.06873329236e-023, 1.26613784564e-023, 9.53516244762e-023, 6.55720621952e-023, 8.63057880305e-023, 7.96997216597e-023, 1.58081578602e-022, 1.11217447438e-022, 9.86786484994e-023, 1.12492423365e-022, 1.17753317809e-022, 2.56075710406e-022, 2.0417027843e-022, 3.93162115736e-022, 4.48051183739e-022, 4.53446235024e-022, 4.61009959601e-022, 8.86806985929e-022, 1.13324359862e-021, 1.5937120841e-021, 2.34382939231e-021, 5.53787524633e-022]
        var: [7.01281589223e-013, 4.18025649651e-008, 1.24060079543e-007, 3.48405194472e-007, 9.87110269079e-008, 3.01920621837e-008, 3.71793191789e-008, 2.92374959798e-008, 3.27722169402e-008, 1.15724745342e-007, 1.44762793752e-007, 2.53207474543e-007, 2.63845940651e-008, 7.51332649429e-008, 1.46043745985e-007, 2.98663103138e-008, 4.62920262123e-008, 1.04008208268e-007, 1.86940440017e-007, 1.7298692967e-007, 6.0188973805e-008, 7.74249553359e-009, 2.51060644496e-010, 6.96432356229e-011, 1.20725530267e-011, 5.43810356379e-015, 1.58421643841e-019, 4.85404891134e-021]
    mfcc:
        mean: [-694.399047852, 99.0906600952, -51.0144309998, 50.1339836121, -16.0885410309, 6.87656641006, 9.47817611694, -2.81028437614, -2.04630088806, -3.37972617149, -4.35795116425, -4.16886043549, -4.18806838989]
        cov: [[4262.91894531, 60.2201271057, -263.997894287, 416.259735107, -18.7405929565, 182.771896362, 47.5456733704, -7.22174453735, 117.296318054, 23.8404560089, -6.73941516876, 31.2556419373, -24.2576885223], [60.2201271057, 567.042297363, -163.067886353, 129.932312012, 6.96299409866, 14.4313554764, 75.4864730835, 39.1398162842, 3.549243927, 13.39498806, -4.48757457733, -1.43859696388, -4.59788990021], [-263.997894287, -163.067886353, 329.600402832, -34.7759208679, 101.178535461, 39.9175758362, -18.0407905579, 11.8795347214, 16.0445270538, -2.01437306404, 5.89206504822, 6.13503551483, 5.98037385941], [416.259735107, 129.932312012, -34.7759208679, 363.114013672, 110.21206665, 116.776618958, 69.1479644775, -14.042801857, 124.863349915, 24.788766861, 19.1714382172, 44.3817062378, -0.00170907983556], [-18.7405929565, 6.96299409866, 101.178535461, 110.21206665, 190.342193604, 92.9302368164, 26.949798584, 10.2966442108, 69.3414459229, 33.9784927368, 17.6026000977, 38.6305122375, 1.47940027714], [182.771896362, 14.4313554764, 39.9175758362, 116.776618958, 92.9302368164, 140.355957031, 58.0319862366, 14.5332612991, 63.1256904602, 16.1808834076, 20.2088012695, 25.9186000824, -0.450019985437], [47.5456733704, 75.4864730835, -18.0407905579, 69.1479644775, 26.949798584, 58.0319862366, 112.367607117, 41.7116394043, 40.9521141052, 12.3720083237, 13.4763069153, 8.97965145111, 5.88932561874], [-7.22174453735, 39.1398162842, 11.8795347214, -14.042801857, 10.2966442108, 14.5332612991, 41.7116394043, 88.1506118774, 16.4504680634, 24.6942825317, 6.99459075928, 1.50652801991, 7.3977060318], [117.296318054, 3.549243927, 16.0445270538, 124.863349915, 69.3414459229, 63.1256904602, 40.9521141052, 16.4504680634, 120.575874329, 34.1392936707, 21.3500766754, 28.395866394, 4.38666248322], [23.8404560089, 13.39498806, -2.01437306404, 24.788766861, 33.9784927368, 16.1808834076, 12.3720083237, 24.6942825317, 34.1392936707, 69.9235458374, 32.0107917786, 20.9136257172, 3.82899904251], [-6.73941516876, -4.48757457733, 5.89206504822, 19.1714382172, 17.6026000977, 20.2088012695, 13.4763069153, 6.99459075928, 21.3500766754, 32.0107917786, 61.2734909058, 32.2595291138, 9.96793556213], [31.2556419373, -1.43859696388, 6.13503551483, 44.3817062378, 38.6305122375, 25.9186000824, 8.97965145111, 1.50652801991, 28.395866394, 20.9136257172, 32.2595291138, 65.5003814697, 25.2738647461], [-24.2576885223, -4.59788990021, 5.98037385941, -0.00170907983556, 1.47940027714, -0.450019985437, 5.88932561874, 7.3977060318, 4.38666248322, 3.82899904251, 9.96793556213, 25.2738647461, 48.8467330933]]
        icov: [[0.000305779336486, 0.000116154245916, 0.000232785547269, -0.000397667346988, 0.000336715835147, -0.00051269918913, 0.000292332464596, -0.000222257280257, 9.81523262453e-005, -0.000135466892971, 0.000242729045567, -9.02827305254e-005, 0.000116750037705], [0.000116154245916, 0.00267681549303, 0.00131276878528, -0.00141347129829, -0.000700557720847, 0.000589807750657, -0.0010235356167, -0.00141361914575, 0.00164453219622, -0.000142709352076, 0.000202369090402, 0.000367798493244, 0.000144920893945], [0.000232785547269, 0.00131276878528, 0.00515583716333, 0.000444800592959, -0.0032512426842, -0.000817071064375, 0.00121776107699, -0.00164063367993, 3.54866933776e-005, 0.00183726928663, -0.000996248447336, 0.0014856311027, -0.000912048970349], [-0.000397667346988, -0.00141347129829, 0.000444800592959, 0.00700533250347, -0.00146171799861, -0.00172470393591, -0.00134412071202, 0.00346122751944, -0.00514643546194, 0.000685384671669, 0.00062576768687, -0.00138367828913, 0.000278179941233], [0.000336715835147, -0.000700557720847, -0.0032512426842, -0.00146171799861, 0.0121924160048, -0.00534414779395, 0.0011768322438, 0.00054153543897, -0.00143887288868, -0.0042877253145, 0.00356890750118, -0.00467195361853, 0.00201122835279], [-0.00051269918913, 0.000589807750657, -0.000817071064375, -0.00172470393591, -0.00534414779395, 0.016060365364, -0.00577989639714, -0.000151434971485, -0.00113480549771, 0.0024896285031, -0.00279580312781, -0.000467087491415, 0.00164945959114], [0.000292332464596, -0.0010235356167, 0.00121776107699, -0.00134412071202, 0.0011768322438, -0.00577989639714, 0.0164073631167, -0.00685902591795, -0.00200401782058, 0.00243724184111, -0.002377218334, 0.00206179125234, -0.00172138016205], [-0.000222257280257, -0.00141361914575, -0.00164063367993, 0.00346122751944, 0.00054153543897, -0.000151434971485, -0.00685902591795, 0.0181440953165, -0.00218594074249, -0.00648908410221, 0.00233163801022, 0.000867347524036, -0.00220075505786], [9.81523262453e-005, 0.00164453219622, 3.54866933776e-005, -0.00514643546194, -0.00143887288868, -0.00113480549771, -0.00200401782058, -0.00218594074249, 0.0174287874252, -0.00469254842028, 0.000143965342431, -0.00108682166319, 0.000140423915582], [-0.000135466892971, -0.000142709352076, 0.00183726928663, 0.000685384671669, -0.0042877253145, 0.0024896285031, 0.00243724184111, -0.00648908410221, -0.00469254842028, 0.025018889457, -0.0114206578583, -7.16953800293e-005, 0.00136396707967], [0.000242729045567, 0.000202369090402, -0.000996248447336, 0.00062576768687, 0.00356890750118, -0.00279580312781, -0.002377218334, 0.00233163801022, 0.000143965342431, -0.0114206578583, 0.0285099949688, -0.0121757360175, 0.00142550398596], [-9.02827305254e-005, 0.000367798493244, 0.0014856311027, -0.00138367828913, -0.00467195361853, -0.000467087491415, 0.00206179125234, 0.000867347524036, -0.00108682166319, -7.16953800293e-005, -0.0121757360175, 0.0305043626577, -0.0136303398758], [0.000116750037705, 0.000144920893945, -0.000912048970349, 0.000278179941233, 0.00201122835279, 0.00164945959114, -0.00172138016205, -0.00220075505786, 0.000140423915582, 0.00136396707967, 0.00142550398596, -0.0136303398758, 0.0277926847339]]
    sccoeffs:
        dmean: [0.0506156682968, 0.0430662482977, 0.0367273911834, 0.0284901224077, 0.0199076030403, 0.0179587043822]
        dmean2: [0.0838400870562, 0.0717662274837, 0.0608659535646, 0.0478034205735, 0.0327748171985, 0.0285513717681]
        dvar: [0.00166355166584, 0.00114537740592, 0.000823347712867, 0.000486733420985, 0.000259778113104, 0.000258776184637]
        dvar2: [0.00453455327079, 0.0031503054779, 0.00222217501141, 0.00134319264907, 0.000662973907311, 0.000582246051636]
        max: [-0.349974840879, -0.52322781086, -0.5270190835, -0.530223667622, -0.615245103836, -0.547762513161]
        mean: [-0.641701340675, -0.76557379961, -0.771841287613, -0.788808405399, -0.796510338783, -0.728076517582]
        median: [-0.645142674446, -0.769099354744, -0.781866312027, -0.796048700809, -0.800992846489, -0.728163599968]
        min: [-0.960918784142, -0.986127912998, -0.9753729105, -0.963491082191, -0.963106632233, -0.960036158562]
        var: [0.00468092784286, 0.00355510925874, 0.0043694479391, 0.00210335245356, 0.00113987457007, 0.00210570497438]
    scvalleys:
        dmean: [0.379012972116, 0.333378314972, 0.266094923019, 0.234105244279, 0.215383931994, 0.233343660831]
        dmean2: [0.628591537476, 0.556568562984, 0.442108422518, 0.372034043074, 0.308532834053, 0.338324934244]
        dvar: [0.109516777098, 0.0935910791159, 0.0620641596615, 0.0542593374848, 0.0630136057734, 0.113392584026]
        dvar2: [0.27682352066, 0.226555258036, 0.141186386347, 0.11133658886, 0.108946561813, 0.214055657387]
        max: [-5.15833091736, -4.91047239304, -5.26110172272, -5.51253461838, -5.60785913467, -7.73979568481]
        mean: [-6.92554569244, -6.72437238693, -6.79061508179, -6.9608168602, -6.88695669174, -9.61502170563]
        median: [-6.63536071777, -6.59124660492, -6.62030506134, -6.7062754631, -6.57946586609, -9.48573875427]
        min: [-27.5279884338, -27.7005882263, -27.3671607971, -27.1678657532, -27.3129253387, -27.3016929626]
        var: [1.35215508938, 0.863023281097, 0.855228602886, 0.932678282261, 0.936033666134, 0.977900862694]

rhythm:
    beats_loudness:
        dmean: 0.00289041828364
        dmean2: 0.00548123754561
        dvar: 4.04642742069e-006
        dvar2: 1.2660536413e-005
        max: 0.0156220952049
        mean: 0.00646861502901
        median: 0.00640188902617
        min: 7.0782701922e-010
        var: 9.41666257859e-006
    bpm: 150.005966187
    bpm_confidence: 0
    first_peak_bpm: 152
    first_peak_spread: 0.461200594902
    first_peak_weight: 0.497297286987
    onset_rate: 3.08606386185
    second_peak_bpm: 144
    second_peak_spread: 0.291666686535
    second_peak_weight: 0.0459459461272
    beats_loudness_band_ratio:
        dmean: [0.102035045624, 0.0573576502502, 0.0508162155747, 0.0753893703222, 0.0743444561958, 0.0687623247504]
        dmean2: [0.175834581256, 0.101853922009, 0.0875858739018, 0.130334660411, 0.129212588072, 0.120286211371]
        dvar: [0.00882138125598, 0.0026980494149, 0.00325919222087, 0.00743027357385, 0.00470869336277, 0.00331839127466]
        dvar2: [0.024131514132, 0.00743963802233, 0.0089205019176, 0.0205439310521, 0.0135370120406, 0.00948735233396]
        max: [0.895941376686, 0.589484989643, 0.680674016476, 0.810558319092, 0.700392484665, 0.658619821072]
        mean: [0.23281390965, 0.0863412618637, 0.0929847657681, 0.160501077771, 0.199982970953, 0.262803554535]
        median: [0.221355050802, 0.0702183097601, 0.0730110183358, 0.121132217348, 0.187157273293, 0.263354837894]
        min: [5.27178453922e-005, 0.00326685770415, 0.000794774328824, 0.00952589605004, 0.00873321481049, 0.00800283718854]
        var: [0.020058484748, 0.00443376041949, 0.0050552948378, 0.0153259681538, 0.00756013719365, 0.00826824083924]
