
metadata:
    version:
        essentia: "2.1-beta2"
    audio_properties:
        analysis_sample_rate: 44100
        bitrate: 192
        channels: 2
        equal_loudness: 1
        length: 238.994293213
        replay_gain: -13.4517822266
        downmix: "mix"
    tags:
        album: "Wishmaster"
        artist: "Nightwish"
        comment: "880C910B"
        date: "2000"
        genre: "Rock"
        title: "The Kinslayer"
        tracknumber: "2"

configuration:
    average_loudness:
        compute: 1
        frameSize: 88200
        hopSize: 44100
        silentFrames: "noise"
        windowType: "hann"
    general:
        analysisSampleRate: 44100
        endTime: 2000
        equalLoudness: 1
        nequalLoudness: 0
        shortSound: 0
        startTime: 0
    lowlevel:
        compute: 1
        frameSize: 2048
        hopSize: 1024
        zeroPadding: 0
        silentFrames: "noise"
        windowType: "blackmanharris62"
        mfccStats: ["mean", "cov", "icov"]
        stats: ["mean", "var", "median", "min", "max", "dmean", "dmean2", "dvar", "dvar2"]
    panning:
        compute: 0
        frameSize: 8192
        hopSize: 2048
        zeroPadding: 8192
        silentFrames: "noise"
        windowType: "hann"
        stats: ["copy"]
    rhythm:
        compute: 1
        maxTempo: 208
        minTempo: 40
        method: "degara"
        stats: ["mean", "var", "median", "min", "max", "dmean", "dmean2", "dvar", "dvar2"]
    segmentation:
        compute: 0
        cpw: 5
        inc1: 300
        inc2: 50
        minimumSegmentsLength: 10
        size1: 1000
        size2: 600
    sfx:
        compute: 1
        stats: ["mean", "var", "median", "min", "max", "dmean", "dmean2", "dvar", "dvar2"]
    svm:
        compute: 0
    tonal:
        compute: 1
        frameSize: 4096
        hopSize: 2048
        zeroPadding: 0
        silentFrames: "noise"
        windowType: "blackmanharris62"
        stats: ["mean", "var", "median", "min", "max", "dmean", "dmean2", "dvar", "dvar2"]

lowlevel:
    average_loudness: 0.935155272484
    barkbands_kurtosis:
        dmean: 0.807684659958
        dmean2: 1.30864620209
        dvar: 1.50168800354
        dvar2: 3.58542013168
        max: 29.3364543915
        mean: -0.484259784222
        median: -1.15440988541
        min: -1.89321327209
        var: 3.60393834114
    barkbands_skewness:
        dmean: 0.436852991581
        dmean2: 0.672597825527
        dvar: 0.146545484662
        dvar2: 0.337551981211
        max: 5.27211236954
        mean: -0.341890543699
        median: -0.392241179943
        min: -3.36498141289
        var: 0.762399256229
    barkbands_spread:
        dmean: 6.31747055054
        dmean2: 10.1355037689
        dvar: 32.4443893433
        dvar2: 81.0884552002
        max: 68.8489227295
        mean: 37.5390663147
        median: 39.0889129639
        min: 1.15203237534
        var: 145.477645874
    dissonance:
        dmean: 0.0108499247581
        dmean2: 0.0183403845876
        dvar: 0.000194398118765
        dvar2: 0.000562298868317
        max: 0.500000119209
        mean: 0.481597483158
        median: 0.48568457365
        min: 0.174523279071
        var: 0.000332223629812
    hfc:
        dmean: 3.2502644062
        dmean2: 5.02837276459
        dvar: 14.2755241394
        dvar2: 34.8183555603
        max: 48.0951499939
        mean: 10.1490421295
        median: 8.70066070557
        min: 1.15771761782e-016
        var: 50.7516593933
    pitch:
        dmean: 981.721069336
        dmean2: 1882.58105469
        dvar: 1918735
        dvar2: 4388045.5
        max: 5008.43798828
        mean: 2253.79125977
        median: 3270.05859375
        min: 56.6828422546
        var: 2520271.5
    pitch_instantaneous_confidence:
        dmean: 0.084997728467
        dmean2: 0.136721417308
        dvar: 0.00476718181744
        dvar2: 0.011640092358
        max: 0.905874311924
        mean: 0.409373819828
        median: 0.397971212864
        min: 0.111630439758
        var: 0.0179368983954
    pitch_salience:
        dmean: 0.0620117075741
        dmean2: 0.101317182183
        dvar: 0.00281168334186
        dvar2: 0.00708946119994
        max: 0.982494711876
        mean: 0.65680128336
        median: 0.669048726559
        min: 0.187729939818
        var: 0.00672991992906
    silence_rate_20dB:
        dmean: 0
        dmean2: 0
        dvar: 0
        dvar2: 0
        max: 1
        mean: 1
        median: 1
        min: 1
        var: 0
    silence_rate_30dB:
        dmean: 0
        dmean2: 0
        dvar: 0
        dvar2: 0
        max: 1
        mean: 1
        median: 1
        min: 1
        var: 0
    silence_rate_60dB:
        dmean: 0.121053144336
        dmean2: 0.242129802704
        dvar: 0.106394067407
        dvar2: 0.213026076555
        max: 1
        mean: 0.34087818861
        median: 0
        min: 0
        var: 0.224686071277
    spectral_centroid:
        dmean: 307.787078857
        dmean2: 479.968078613
        dvar: 84378.28125
        dvar2: 198846.4375
        max: 11106.1318359
        mean: 2041.72973633
        median: 2116.84887695
        min: 179.233062744
        var: 481335.59375
    spectral_complexity:
        dmean: 4.51452445984
        dmean2: 6.92324113846
        dvar: 21.9647464752
        dvar2: 48.8069801331
        max: 48
        mean: 16.4695930481
        median: 16
        min: 0
        var: 86.83959198
    spectral_crest:
        dmean: 1.7793289423
        dmean2: 2.9549176693
        dvar: 2.55784678459
        dvar2: 6.42582130432
        max: 20.9324798584
        mean: 6.44799995422
        median: 5.92925357819
        min: 2.47793030739
        var: 5.38109731674
    spectral_decrease:
        dmean: 2.73040534626e-010
        dmean2: 4.29072055663e-010
        dvar: 1.0170102267e-019
        dvar2: 2.46793575056e-019
        max: 2.52201985711e-029
        mean: -9.88876314167e-010
        median: -8.99573637803e-010
        min: -3.63084229349e-009
        var: 3.05608132861e-019
    spectral_energy:
        dmean: 0.00129010772798
        dmean2: 0.00200996664353
        dvar: 2.25380836127e-006
        dvar2: 5.46394448975e-006
        max: 0.017481084913
        mean: 0.00465279538184
        median: 0.00419053388759
        min: 1.05942934099e-020
        var: 7.14146472092e-006
    spectral_energyband_high:
        dmean: 0.0002898433886
        dmean2: 0.000479562382679
        dvar: 1.6369327227e-007
        dvar2: 4.15532468878e-007
        max: 0.0063453684561
        mean: 0.000606878194958
        median: 0.000432725239079
        min: 7.32782502555e-021
        var: 3.4944147842e-007
    spectral_energyband_low:
        dmean: 0.00033605156932
        dmean2: 0.000559645704925
        dvar: 1.84775970524e-007
        dvar2: 5.06566323111e-007
        max: 0.00746145006269
        mean: 0.000591325515416
        median: 0.000441195035819
        min: 5.21610765522e-023
        var: 3.1444236015e-007
    spectral_energyband_middle_high:
        dmean: 0.000759346410632
        dmean2: 0.0011515582446
        dvar: 6.47991271308e-007
        dvar2: 1.501480142e-006
        max: 0.0118189305067
        mean: 0.00246067810804
        median: 0.00215362710878
        min: 1.50636809201e-021
        var: 2.97969836538e-006
    spectral_energyband_middle_low:
        dmean: 0.00051898433594
        dmean2: 0.000839476997498
        dvar: 4.85806708639e-007
        dvar2: 1.23849133615e-006
        max: 0.00926875416189
        mean: 0.00121411203872
        median: 0.000959812430665
        min: 2.49299130173e-022
        var: 8.78712626218e-007
    spectral_flatness_db:
        dmean: 0.0128605812788
        dmean2: 0.0200815256685
        dvar: 0.000131174616399
        dvar2: 0.000306056288537
        max: 0.439285546541
        mean: 0.133914425969
        median: 0.125147342682
        min: 0.0563047938049
        var: 0.00201459391974
    spectral_flux:
        dmean: 0.00780132832006
        dmean2: 0.0115795992315
        dvar: 6.57862619846e-005
        dvar2: 0.000138084695209
        max: 0.100670650601
        mean: 0.041804254055
        median: 0.041547819972
        min: 6.47855866176e-011
        var: 0.00023341155611
    spectral_kurtosis:
        dmean: 1.6237629652
        dmean2: 2.70782327652
        dvar: 50.7877311707
        dvar2: 145.187652588
        max: 303.026794434
        mean: 5.83352231979
        median: 2.59480714798
        min: -1.23683488369
        var: 469.169128418
    spectral_rms:
        dmean: 0.000288588664262
        dmean2: 0.000437618466094
        dvar: 9.07992685484e-008
        dvar2: 2.09815681274e-007
        max: 0.00412973575294
        mean: 0.00203327857889
        median: 0.00202196091413
        min: 3.2149489234e-012
        var: 4.05099456202e-007
    spectral_rolloff:
        dmean: 317.015441895
        dmean2: 519.09375
        dvar: 188859.515625
        dvar2: 404257.15625
        max: 19207.6171875
        mean: 3605.34326172
        median: 3746.77734375
        min: 150.732421875
        var: 849953.625
    spectral_skewness:
        dmean: 0.163598567247
        dmean2: 0.266528815031
        dvar: 0.0885164141655
        dvar2: 0.246698528528
        max: 13.9826784134
        mean: 1.35917401314
        median: 1.16270434856
        min: -0.036514069885
        var: 1.5142635107
    spectral_spread:
        dmean: 488476.25
        dmean2: 676536.1875
        dvar: 366387724288
        dvar2: 622647050240
        max: 41620388
        mean: 5182699.5
        median: 5040512
        min: 345192
        var: 2.98862719795e+012
    spectral_strongpeak:
        dmean: 0.652497708797
        dmean2: 1.14668011665
        dvar: 1.02781748772
        dvar2: 2.69418430328
        max: 11.8299255371
        mean: 0.774808764458
        median: 0.208789691329
        min: 0
        var: 1.35136580467
    zerocrossingrate:
        dmean: 0.00846866518259
        dmean2: 0.00993974041194
        dvar: 6.24902604613e-005
        dvar2: 7.30890969862e-005
        max: 0.51171875
        mean: 0.11416759342
        median: 0.11865234375
        min: 0.00439453125
        var: 0.000916909135412
    barkbands:
        dmean: [5.05534501372e-007, 0.000102434947621, 0.000189651895198, 0.000243469592533, 0.000158071372425, 9.73923888523e-005, 0.0001403541537, 8.94109762157e-005, 8.9908571681e-005, 5.58557730983e-005, 4.07905354223e-005, 4.10008069593e-005, 3.51588460035e-005, 4.84745978611e-005, 5.30934921699e-005, 9.08650399651e-005, 0.000172002284671, 0.000237410175032, 0.00034468783997, 0.00027066891198, 0.000134204528877, 4.24324425694e-005, 1.11093668238e-005, 3.82588177672e-006, 2.20149377128e-006, 7.31872944471e-008, 7.7449646696e-010]
        dmean2: [8.07219237231e-007, 0.000174103159225, 0.000316496531013, 0.000407808664022, 0.000261820561718, 0.000158596696565, 0.000231672733207, 0.000146321501234, 0.000145250291098, 9.16307253647e-005, 6.57554919599e-005, 6.64797626087e-005, 5.73792858631e-005, 7.97837856226e-005, 8.67352500791e-005, 0.000144627541886, 0.000279668456642, 0.000384748040233, 0.000550301221665, 0.000447081547463, 0.000226503558224, 6.95420749253e-005, 1.83576521522e-005, 5.65966911381e-006, 3.17566673402e-006, 1.02382493594e-007, 1.08004594157e-009]
        dvar: [9.18761919842e-013, 2.84254628724e-008, 7.58443832183e-008, 1.18055361042e-007, 7.03763163301e-008, 3.12941565994e-008, 6.42042863319e-008, 3.63184717855e-008, 2.73256919314e-008, 8.3649194238e-009, 5.27397725492e-009, 7.00563385081e-009, 4.17531165198e-009, 5.69640867809e-009, 8.75387140553e-009, 1.7113686468e-008, 4.27848974027e-008, 8.09783458067e-008, 1.5915991014e-007, 1.38799990168e-007, 3.87205965069e-008, 4.43453451737e-009, 4.12737372057e-010, 8.67007993177e-011, 3.44332132252e-011, 3.30213422795e-014, 1.443733434e-018]
        dvar2: [2.08522088485e-012, 7.77122650675e-008, 2.08972224414e-007, 3.08628500534e-007, 1.89396487826e-007, 8.0112513956e-008, 1.64619279985e-007, 8.99852068414e-008, 6.66253896497e-008, 2.16729461044e-008, 1.27244250692e-008, 1.63081246285e-008, 1.00297743444e-008, 1.434265684e-008, 2.05149213173e-008, 4.08205522717e-008, 1.12862721835e-007, 2.07746040815e-007, 4.00365820497e-007, 3.54238522959e-007, 1.02219594567e-007, 1.03464588008e-008, 1.03735564583e-009, 1.57465693262e-010, 6.23715940007e-011, 5.61279402947e-014, 2.52235182716e-018]
        max: [1.0170438145e-005, 0.00158871919848, 0.00537380389869, 0.00531797157601, 0.0038247902412, 0.00415991432965, 0.0046419268474, 0.00378816993907, 0.00491073168814, 0.00210074288771, 0.0016693280777, 0.0026373823639, 0.00198668101802, 0.00131891842466, 0.00237938342616, 0.00242587388493, 0.00394858559594, 0.00388647499494, 0.00935189798474, 0.00535280350596, 0.0028306490276, 0.00197352538817, 0.000427412101999, 0.00042561601731, 0.000216602522414, 7.1340177783e-006, 2.71931757112e-008]
        mean: [4.94656831052e-007, 0.000132972301799, 0.000286926835543, 0.000335935706971, 0.000241577843553, 0.000158037175424, 0.000195475600776, 0.00012421264546, 0.000138329269248, 9.0187517344e-005, 6.26538676443e-005, 6.72401292832e-005, 5.71763957851e-005, 7.45097640902e-005, 7.90387857705e-005, 0.000162589305546, 0.000325297034578, 0.000479054113384, 0.000743312994018, 0.000532746082172, 0.000243954200414, 8.60218133312e-005, 2.10051530303e-005, 9.20012917049e-006, 4.70529585073e-006, 1.49234196556e-007, 1.3375077712e-009]
        median: [8.36513436298e-008, 7.63035714044e-005, 0.000179608556209, 0.000171310806763, 0.000150218140334, 8.54473473737e-005, 9.11466631806e-005, 4.45299192506e-005, 7.97983811935e-005, 5.16962754773e-005, 3.45631269738e-005, 3.7471527321e-005, 3.38862155331e-005, 4.8425521527e-005, 4.10579996242e-005, 0.000104572216514, 0.00025309988996, 0.00037349620834, 0.000589622883126, 0.000356394739356, 0.000156411610078, 5.68486284465e-005, 1.30798489408e-005, 5.3949715948e-006, 2.40984127231e-006, 7.13894721116e-008, 5.07513919779e-010]
        min: [8.42154252566e-026, 1.40666710502e-023, 6.27950280508e-024, 5.89477613047e-024, 1.84622560789e-023, 6.15158151512e-024, 1.08362493557e-023, 2.58194710704e-023, 6.66330738019e-023, 6.42336366072e-023, 5.82314779693e-023, 4.73427425421e-023, 7.04915818159e-023, 5.11308178991e-023, 9.53518769117e-023, 8.6683545119e-023, 9.01799722884e-023, 2.43168077974e-022, 1.60727973436e-022, 3.01709963243e-022, 3.42976829674e-022, 4.06804108251e-022, 3.82298302003e-022, 6.00295683892e-022, 1.05145581263e-021, 1.52219014266e-021, 2.28455673155e-021]
        var: [1.06173674453e-012, 2.99150073602e-008, 1.27917573423e-007, 1.96294365651e-007, 8.14219021095e-008, 5.32984216761e-008, 8.96157459351e-008, 5.73235716672e-008, 4.44718786241e-008, 1.52007810783e-008, 8.44289438362e-009, 1.35781128563e-008, 7.64833441025e-009, 8.60303650541e-009, 1.55196193674e-008, 3.63939030024e-008, 8.53668069567e-008, 1.89143463558e-007, 4.24422267997e-007, 3.17580514775e-007, 6.59949748183e-008, 1.09567945827e-008, 7.2708811194e-010, 3.19131221449e-010, 1.04999169082e-010, 9.70370295618e-014, 4.24736813185e-018]
    frequency_bands:
        dmean: [5.05534501372e-007, 0.000102434947621, 0.000189651895198, 0.000243469592533, 0.000158071372425, 9.73923888523e-005, 0.0001403541537, 8.94109762157e-005, 8.9908571681e-005, 5.58557730983e-005, 4.07905354223e-005, 4.10008069593e-005, 3.51588460035e-005, 4.84745978611e-005, 5.30934921699e-005, 9.08650399651e-005, 0.000172002284671, 0.000237410175032, 0.00034468783997, 0.00027066891198, 0.000134204528877, 4.24324425694e-005, 1.11093668238e-005, 3.82588177672e-006, 2.20149377128e-006, 7.31872944471e-008, 7.7449646696e-010, 5.64573214568e-011]
        dmean2: [8.07219237231e-007, 0.000174103159225, 0.000316496531013, 0.000407808664022, 0.000261820561718, 0.000158596696565, 0.000231672733207, 0.000146321501234, 0.000145250291098, 9.16307253647e-005, 6.57554919599e-005, 6.64797626087e-005, 5.73792858631e-005, 7.97837856226e-005, 8.67352500791e-005, 0.000144627541886, 0.000279668456642, 0.000384748040233, 0.000550301221665, 0.000447081547463, 0.000226503558224, 6.95420749253e-005, 1.83576521522e-005, 5.65966911381e-006, 3.17566673402e-006, 1.02382493594e-007, 1.08004594157e-009, 1.05192798916e-010]
        dvar: [9.18761919842e-013, 2.84254628724e-008, 7.58443832183e-008, 1.18055361042e-007, 7.03763163301e-008, 3.12941565994e-008, 6.42042863319e-008, 3.63184717855e-008, 2.73256919314e-008, 8.3649194238e-009, 5.27397725492e-009, 7.00563385081e-009, 4.17531165198e-009, 5.69640867809e-009, 8.75387140553e-009, 1.7113686468e-008, 4.27848974027e-008, 8.09783458067e-008, 1.5915991014e-007, 1.38799990168e-007, 3.87205965069e-008, 4.43453451737e-009, 4.12737372057e-010, 8.67007993177e-011, 3.44332132252e-011, 3.30213422795e-014, 1.443733434e-018, 6.49867016551e-021]
        dvar2: [2.08522088485e-012, 7.77122650675e-008, 2.08972224414e-007, 3.08628500534e-007, 1.89396487826e-007, 8.0112513956e-008, 1.64619279985e-007, 8.99852068414e-008, 6.66253896497e-008, 2.16729461044e-008, 1.27244250692e-008, 1.63081246285e-008, 1.00297743444e-008, 1.434265684e-008, 2.05149213173e-008, 4.08205522717e-008, 1.12862721835e-007, 2.07746040815e-007, 4.00365820497e-007, 3.54238522959e-007, 1.02219594567e-007, 1.03464588008e-008, 1.03735564583e-009, 1.57465693262e-010, 6.23715940007e-011, 5.61279402947e-014, 2.52235182716e-018, 2.06610152256e-020]
        max: [1.0170438145e-005, 0.00158871919848, 0.00537380389869, 0.00531797157601, 0.0038247902412, 0.00415991432965, 0.0046419268474, 0.00378816993907, 0.00491073168814, 0.00210074288771, 0.0016693280777, 0.0026373823639, 0.00198668101802, 0.00131891842466, 0.00237938342616, 0.00242587388493, 0.00394858559594, 0.00388647499494, 0.00935189798474, 0.00535280350596, 0.0028306490276, 0.00197352538817, 0.000427412101999, 0.00042561601731, 0.000216602522414, 7.1340177783e-006, 2.71931757112e-008, 7.66670171792e-010]
        mean: [4.94656831052e-007, 0.000132972301799, 0.000286926835543, 0.000335935706971, 0.000241577843553, 0.000158037175424, 0.000195475600776, 0.00012421264546, 0.000138329269248, 9.0187517344e-005, 6.26538676443e-005, 6.72401292832e-005, 5.71763957851e-005, 7.45097640902e-005, 7.90387857705e-005, 0.000162589305546, 0.000325297034578, 0.000479054113384, 0.000743312994018, 0.000532746082172, 0.000243954200414, 8.60218133312e-005, 2.10051530303e-005, 9.20012917049e-006, 4.70529585073e-006, 1.49234196556e-007, 1.3375077712e-009, 4.28543762976e-011]
        median: [8.36513436298e-008, 7.63035714044e-005, 0.000179608556209, 0.000171310806763, 0.000150218140334, 8.54473473737e-005, 9.11466631806e-005, 4.45299192506e-005, 7.97983811935e-005, 5.16962754773e-005, 3.45631269738e-005, 3.7471527321e-005, 3.38862155331e-005, 4.8425521527e-005, 4.10579996242e-005, 0.000104572216514, 0.00025309988996, 0.00037349620834, 0.000589622883126, 0.000356394739356, 0.000156411610078, 5.68486284465e-005, 1.30798489408e-005, 5.3949715948e-006, 2.40984127231e-006, 7.13894721116e-008, 5.07513919779e-010, 1.54314061529e-011]
        min: [8.42154252566e-026, 1.40666710502e-023, 6.27950280508e-024, 5.89477613047e-024, 1.84622560789e-023, 6.15158151512e-024, 1.08362493557e-023, 2.58194710704e-023, 6.66330738019e-023, 6.42336366072e-023, 5.82314779693e-023, 4.73427425421e-023, 7.04915818159e-023, 5.11308178991e-023, 9.53518769117e-023, 8.6683545119e-023, 9.01799722884e-023, 2.43168077974e-022, 1.60727973436e-022, 3.01709963243e-022, 3.42976829674e-022, 4.06804108251e-022, 3.82298302003e-022, 6.00295683892e-022, 1.05145581263e-021, 1.52219014266e-021, 2.28455673155e-021, 7.20484562415e-022]
        var: [1.06173674453e-012, 2.99150073602e-008, 1.27917573423e-007, 1.96294365651e-007, 8.14219021095e-008, 5.32984216761e-008, 8.96157459351e-008, 5.73235716672e-008, 4.44718786241e-008, 1.52007810783e-008, 8.44289438362e-009, 1.35781128563e-008, 7.64833441025e-009, 8.60303650541e-009, 1.55196193674e-008, 3.63939030024e-008, 8.53668069567e-008, 1.89143463558e-007, 4.24422267997e-007, 3.17580514775e-007, 6.59949748183e-008, 1.09567945827e-008, 7.2708811194e-010, 3.19131221449e-010, 1.04999169082e-010, 9.70370295618e-014, 4.24736813185e-018, 5.06027133884e-021]
    mfcc:
        mean: [-694.56842041, 85.2184371948, -35.8124465942, 58.6203079224, -11.660654068, -6.8488483429, 2.87082028389, 2.99274969101, -1.48085808754, -3.36650443077, -0.0452188849449, -2.83579802513, -3.94699573517]
        cov: [[3695.71777344, -848.189147949, -673.962646484, 384.60345459, -31.1161308289, 23.6210784912, -42.3256721497, 10.15736866, 11.6263036728, 52.3014411926, 9.73135185242, -15.5401077271, 27.0025920868], [-848.189147949, 738.898254395, 192.077377319, -109.736061096, 65.375038147, -30.4760093689, 55.0996246338, 20.8230781555, -17.3734588623, -23.7906761169, 9.75946140289, -5.88570165634, -23.0842781067], [-673.962646484, 192.077377319, 616.922546387, -184.636428833, 40.3020057678, 25.3314781189, 12.6438379288, -17.4223175049, -10.3517799377, -25.4107036591, -11.1026611328, -11.463347435, -25.3012542725], [384.60345459, -109.736061096, -184.636428833, 240.770065308, 25.2446403503, 32.6978645325, 4.9890294075, 14.9809036255, 28.7095317841, 12.4800081253, -4.63262367249, 2.24087357521, 8.54882907867], [-31.1161308289, 65.375038147, 40.3020057678, 25.2446403503, 122.747886658, 19.4062099457, 14.7569818497, 4.76884555817, 7.67118644714, 3.39285492897, 5.71798086166, -6.39196395874, -11.2226858139], [23.6210784912, -30.4760093689, 25.3314781189, 32.6978645325, 19.4062099457, 93.5765533447, 30.2154598236, 5.14145612717, 16.556060791, -4.92108726501, 0.88539236784, 0.312763482332, -11.7277946472], [-42.3256721497, 55.0996246338, 12.6438379288, 4.9890294075, 14.7569818497, 30.2154598236, 104.257919312, 49.6115455627, 15.8109741211, -10.4059333801, 12.8715162277, 3.46740150452, -13.2001447678], [10.15736866, 20.8230781555, -17.4223175049, 14.9809036255, 4.76884555817, 5.14145612717, 49.6115455627, 76.8360137939, 23.1771507263, -0.311909168959, 14.0605201721, 3.282579422, -3.92204356194], [11.6263036728, -17.3734588623, -10.3517799377, 28.7095317841, 7.67118644714, 16.556060791, 15.8109741211, 23.1771507263, 67.5706939697, 14.2460384369, 9.86479568481, 6.3585600853, -9.84343910217], [52.3014411926, -23.7906761169, -25.4107036591, 12.4800081253, 3.39285492897, -4.92108726501, -10.4059333801, -0.311909168959, 14.2460384369, 66.5365142822, 23.4789543152, 10.3223543167, 12.6884002686], [9.73135185242, 9.75946140289, -11.1026611328, -4.63262367249, 5.71798086166, 0.88539236784, 12.8715162277, 14.0605201721, 9.86479568481, 23.4789543152, 66.8051986694, 26.001745224, -2.57993459702], [-15.5401077271, -5.88570165634, -11.463347435, 2.24087357521, -6.39196395874, 0.312763482332, 3.46740150452, 3.282579422, 6.3585600853, 10.3223543167, 26.001745224, 49.493888855, 22.5120220184], [27.0025920868, -23.0842781067, -25.3012542725, 8.54882907867, -11.2226858139, -11.7277946472, -13.2001447678, -3.92204356194, -9.84343910217, 12.6884002686, -2.57993459702, 22.5120220184, 65.3061141968]]
        icov: [[0.000455071567558, 0.000430733227404, 0.000264401634922, -0.000358651916031, -0.000113496171252, 7.8676843259e-005, -6.78070791764e-005, -5.53996651433e-005, 0.000269854179351, -6.85678896843e-005, -0.000232858481468, 0.000361734942999, 1.11719373308e-005], [0.000430733227404, 0.00214513135143, -9.17957586353e-005, 0.000111931600259, -0.00105748604983, 0.00109277653974, -0.00106275756843, -0.00010798042058, 0.000567156937905, 0.000248706288403, -0.000329850445269, 0.000228573961067, 0.000268502655672], [0.000264401634922, -9.17957586353e-005, 0.00262065744027, 0.00180905370507, -0.000938731071074, -0.00122274027672, 0.000128209358081, 0.000287050934276, -0.000257691339357, 0.000235292041907, 0.000470331142424, 0.000102709607745, 0.000197597328224], [-0.000358651916031, 0.000111931600259, 0.00180905370507, 0.00701902341098, -0.00188906514086, -0.00232809199952, 0.000525256735273, -0.000724586076103, -0.00195949012414, -0.000224028568482, 0.00155575317331, -0.000385853723856, -0.000767498509958], [-0.000113496171252, -0.00105748604983, -0.000938731071074, -0.00188906514086, 0.00983174424618, -0.00127965689171, -0.000397243711632, 0.000423065299401, -0.000174654807779, -0.000814155675471, -0.00124898552895, 0.00161027465947, 0.000489028170705], [7.8676843259e-005, 0.00109277653974, -0.00122274027672, -0.00232809199952, -0.00127965689171, 0.0145344706252, -0.00514698773623, 0.00302949617617, -0.00209460523911, 0.000901505351067, 8.11913050711e-005, -0.000760355556849, 0.001491037081], [-6.78070791764e-005, -0.00106275756843, 0.000128209358081, 0.000525256735273, -0.000397243711632, -0.00514698773623, 0.016975896433, -0.0101665137336, 0.00042184672202, 0.0020487185102, -0.00101164774969, -0.00132822396699, 0.00154487544205], [-5.53996651433e-005, -0.00010798042058, 0.000287050934276, -0.000724586076103, 0.000423065299401, 0.00302949617617, -0.0101665137336, 0.0217854492366, -0.00591181404889, 0.00143808312714, -0.0034057602752, 0.00259314989671, -0.00213795574382], [0.000269854179351, 0.000567156937905, -0.000257691339357, -0.00195949012414, -0.000174654807779, -0.00209460523911, 0.00042184672202, -0.00591181404889, 0.0201095398515, -0.00500119058415, 0.00147061713506, -0.00406772317365, 0.00503268092871], [-6.85678896843e-005, 0.000248706288403, 0.000235292041907, -0.000224028568482, -0.000814155675471, 0.000901505351067, 0.0020487185102, 0.00143808312714, -0.00500119058415, 0.0203256420791, -0.00839786138386, 0.00294456863776, -0.00529050873592], [-0.000232858481468, -0.000329850445269, 0.000470331142424, 0.00155575317331, -0.00124898552895, 8.11913050711e-005, -0.00101164774969, -0.0034057602752, 0.00147061713506, -0.00839786138386, 0.0250592157245, -0.01487004105, 0.0073183728382], [0.000361734942999, 0.000228573961067, 0.000102709607745, -0.000385853723856, 0.00161027465947, -0.000760355556849, -0.00132822396699, 0.00259314989671, -0.00406772317365, 0.00294456863776, -0.01487004105, 0.0344219505787, -0.0135894734412], [1.11719373308e-005, 0.000268502655672, 0.000197597328224, -0.000767498509958, 0.000489028170705, 0.001491037081, 0.00154487544205, -0.00213795574382, 0.00503268092871, -0.00529050873592, 0.0073183728382, -0.0135894734412, 0.0228755585849]]
    sccoeffs:
        dmean: [0.0558740049601, 0.0476447865367, 0.0376590043306, 0.0287712030113, 0.0224001295865, 0.0172497350723]
        dmean2: [0.0936370864511, 0.0789797529578, 0.0620870105922, 0.0480013936758, 0.0362455546856, 0.0275940578431]
        dvar: [0.00192864669953, 0.00137925718445, 0.000861035485286, 0.000525272218511, 0.000326623063302, 0.000219356094021]
        dvar2: [0.00540423998609, 0.00366838998161, 0.00226185005158, 0.00138720357791, 0.000804221373983, 0.000537913292646]
        max: [-0.336605012417, -0.507115006447, -0.500426054001, -0.595176637173, -0.613842487335, -0.584750473499]
        mean: [-0.659910082817, -0.761913061142, -0.792819678783, -0.801974773407, -0.783233761787, -0.755510747433]
        median: [-0.659692645073, -0.768269658089, -0.799328565598, -0.807897925377, -0.784932613373, -0.756164431572]
        min: [-0.981667339802, -0.975000441074, -0.979086816311, -0.980985820293, -0.968302965164, -0.960600674152]
        var: [0.00510120205581, 0.00381107605062, 0.00251073995605, 0.00171555636916, 0.00141857122071, 0.00154660397675]
    scvalleys:
        dmean: [0.40127363801, 0.354364663363, 0.293886721134, 0.28729262948, 0.260476797819, 0.230552643538]
        dmean2: [0.655868828297, 0.583943903446, 0.478216081858, 0.444831132889, 0.375490784645, 0.343987435102]
        dvar: [0.1201929003, 0.0952593833208, 0.0671025887132, 0.0742259398103, 0.0747813284397, 0.0905238315463]
        dvar2: [0.279553860426, 0.225087121129, 0.145584985614, 0.155025005341, 0.142442688346, 0.184279128909]
        max: [-5.04925918579, -4.80408525467, -5.38797283173, -5.72658061981, -5.48607158661, -7.26893901825]
        mean: [-6.79865026474, -6.61870908737, -7.00154304504, -7.28746795654, -6.82657814026, -9.26143455505]
        median: [-6.70988178253, -6.56627559662, -6.90786457062, -7.16313648224, -6.65585327148, -9.05320549011]
        min: [-27.867773056, -27.3614063263, -27.4334106445, -27.6930580139, -27.2948722839, -27.3588542938]
        var: [0.607903420925, 0.543201506138, 0.558706104755, 0.70501512289, 1.1617565155, 1.40888953209]

rhythm:
    beats_loudness:
        dmean: 0.00172727683093
        dmean2: 0.00310160499066
        dvar: 2.21890491048e-006
        dvar2: 5.93422691963e-006
        max: 0.0127870375291
        mean: 0.00608394434676
        median: 0.00618267757818
        min: 6.06610701652e-005
        var: 5.23729386259e-006
    bpm: 88.6475524902
    bpm_confidence: 0
    first_peak_bpm: 89
    first_peak_spread: 0.143835663795
    first_peak_weight: 0.683060109615
    onset_rate: 3.53146529198
    second_peak_bpm: 117
    second_peak_spread: 0.357142835855
    second_peak_weight: 0.098360657692
    beats_loudness_band_ratio:
        dmean: [0.113399319351, 0.0466891936958, 0.0487163886428, 0.0250138957053, 0.0687333717942, 0.0789576619864]
        dmean2: [0.195882067084, 0.0816420987248, 0.0846217796206, 0.0428088270128, 0.119317784905, 0.135927379131]
        dvar: [0.00806392822415, 0.00270466622896, 0.00230668275617, 0.000707826984581, 0.00341964815743, 0.00454547908157]
        dvar2: [0.0246329791844, 0.00803532078862, 0.00658775027841, 0.00211143726483, 0.0098380651325, 0.0128982691094]
        max: [0.707851648331, 0.761709749699, 0.352206915617, 0.305691748857, 0.556775450706, 0.647097885609]
        mean: [0.243840694427, 0.0858214050531, 0.0936833545566, 0.0563548356295, 0.234281435609, 0.316532939672]
        median: [0.235532894731, 0.0670142099261, 0.0807883217931, 0.0504903420806, 0.228828191757, 0.308572530746]
        min: [0.00050256063696, 0.00188584858552, 0.015694797039, 0.00313842389733, 0.000154105306137, 1.88786270883e-005]
        var: [0.0152580197901, 0.00669837370515, 0.00306143518537, 0.000804565905128, 0.00709669385105, 0.0113790649921]
    beats_position: [0.684988677502, 1.369977355, 2.06657600403, 2.75156450272, 3.43655323982, 4.12154197693, 4.81814050674, 5.52634906769, 6.23455762863, 6.94276618958, 7.63936471939, 8.32435321808, 9.0093421936, 9.70594120026, 10.4025392532, 11.110748291, 11.807346344, 12.5039453506, 13.1889343262, 13.8855323792, 14.5821313858, 15.2090702057, 15.8127889633, 16.4281177521, 17.0434455872, 17.6587753296, 18.3321533203, 19.0171432495, 19.7253513336, 20.4335594177, 21.1301574707, 21.8035373688, 22.4885253906, 23.1735134125, 23.8468933105, 24.5202713013, 25.1936511993, 25.8670291901, 26.5404071808, 27.2137870789, 27.8871650696, 28.5721530914, 29.2455329895, 29.9305210114, 30.6038990021, 31.2772789001, 31.9506568909, 32.6240348816, 33.2974128723, 33.9707946777, 34.6441726685, 35.3175506592, 35.9909286499, 36.6759185791, 37.3609046936, 38.034286499, 38.7076644897, 39.3810424805, 40.0660324097, 40.7394104004, 41.4243965149, 42.0977783203, 42.771156311, 43.4445343018, 44.1179122925, 44.7912902832, 45.4646720886, 46.1380500793, 46.8114280701, 47.4848060608, 48.1581840515, 48.8431739807, 49.5281639099, 50.2015419006, 50.8749198914, 51.5482978821, 52.2216758728, 52.8950538635, 53.5684356689, 54.2418136597, 54.9151916504, 55.5885696411, 56.2619476318, 56.946937561, 57.6319274902, 58.305305481, 58.9786834717, 59.6520614624, 60.3254394531, 60.9988212585, 61.6721992493, 62.3339653015, 63.0189552307, 63.6923332214, 64.3889312744, 65.0623092651, 65.7356872559, 66.409072876, 67.0824508667, 67.7558288574, 68.4292068481, 69.1025848389, 69.7875747681, 70.4725646973, 71.145942688, 71.8193206787, 72.4926986694, 73.1776885986, 73.8626708984, 74.5360565186, 75.2094345093, 75.8828125, 76.5561904907, 77.2295684814, 77.9029464722, 78.5531082153, 79.2380905151, 79.9230804443, 80.5964584351, 81.2698364258, 81.954826355, 82.6282043457, 83.3131942749, 83.9981842041, 84.6831741333, 85.356552124, 86.0299301147, 86.7033081055, 87.3766860962, 88.0384597778, 88.7002258301, 89.3736038208, 90.0469818115, 90.7203598022, 91.4053497314, 92.0903396606, 92.7753295898, 93.460319519, 94.1336975098, 94.795463562, 95.2946929932, 95.8055343628, 96.316368103, 96.8272094727, 97.3380508423, 97.8488845825, 98.3481140137, 98.8473434448, 99.346572876, 99.8458023071, 100.356643677, 100.867477417, 101.378318787, 101.889160156, 102.400001526, 102.910835266, 103.410064697, 103.909294128, 104.420135498, 104.930976868, 105.430198669, 105.929428101, 106.44026947, 106.95111084, 107.450340271, 107.961174011, 108.460403442, 108.971244812, 109.482086182, 109.992919922, 110.503761292, 111.014602661, 111.525436401, 112.024665833, 112.523895264, 113.023124695, 113.522354126, 114.033195496, 114.544036865, 115.054870605, 115.554100037, 116.064941406, 116.575782776, 117.086616516, 117.585845947, 118.096687317, 118.607528687, 119.118362427, 119.629203796, 120.128433228, 120.639274597, 121.150108337, 121.649337769, 122.160179138, 122.671020508, 123.193466187, 123.727523804, 124.261581421, 124.94657135, 125.631561279, 126.316551208, 127.013153076, 127.709747314, 128.406341553, 129.10295105, 129.78793335, 130.472915649, 131.157913208, 131.842895508, 132.539505005, 133.247711182, 133.955917358, 134.652511597, 135.337509155, 136.022491455, 136.695877075, 137.369247437, 138.054244995, 138.739227295, 139.412597656, 140.085983276, 140.759368896, 141.432739258, 142.106124878, 142.779495239, 143.452880859, 144.137863159, 144.822860718, 145.496231079, 146.169616699, 146.842987061, 147.516372681, 148.189743042, 148.863128662, 149.536499023, 150.221496582, 150.906478882, 151.579864502, 152.253234863, 152.926620483, 153.599990845, 154.273376465, 154.935150146, 155.596908569, 156.281906128, 156.966888428, 157.640274048, 158.313644409, 158.987030029, 159.672012329, 160.357009888, 161.030380249, 161.703765869, 162.37713623, 163.050521851, 163.73550415, 164.420501709, 165.09387207, 165.76725769, 166.440628052, 167.114013672, 167.787384033, 168.460769653, 169.134140015, 169.807525635, 170.480911255, 171.154281616, 171.827667236, 172.512649536, 173.197631836, 173.871017456, 174.544403076, 175.217773438, 175.914367676, 176.587753296, 177.261123657, 177.934509277, 178.607894897, 179.281265259, 179.954650879, 180.62802124, 181.30140686, 181.974777222, 182.648162842, 183.34475708, 184.029754639, 184.691513062, 185.353286743, 186.038269043, 186.711654663, 187.385025024, 188.058410645, 188.731781006, 189.405166626, 190.078552246, 190.751922607, 191.425308228, 192.098678589, 192.772064209, 193.44543457, 194.130432129, 194.815414429, 195.488800049, 196.16217041, 196.847167969, 197.52053833, 198.19392395, 198.87890625, 199.55229187, 200.202438354, 200.875823975, 201.560806274, 202.245803833, 202.930786133, 203.615783691, 204.289154053, 204.962539673, 205.635910034, 206.309295654, 206.982666016, 207.656051636, 208.329421997, 209.002807617, 209.676193237, 210.349563599, 211.034561157, 211.719543457, 212.392913818, 213.066299438, 213.739685059, 214.41305542, 215.08644104, 215.77142334, 216.45640564, 217.12979126, 217.80317688, 218.476547241, 219.149932861, 219.823303223, 220.485076904, 221.146850586, 221.831832886, 222.516815186, 223.190200806, 223.863571167, 224.536956787, 225.221939087, 225.906936646, 226.580307007, 227.253692627, 227.927078247, 228.600448608, 229.26222229, 229.923980713, 230.608978271, 231.30557251, 231.932510376, 232.571060181, 233.209609985, 233.813323975, 234.428665161, 235.055603027, 235.694152832, 236.332687378, 236.959625244, 237.586578369, 238.213516235]
    bpm_estimates: [87.5926895142, 86.1328125, 87.5927124023, 87.5926818848, 87.5926818848, 86.1328277588, 86.1328277588, 87.5927124023, 87.5926513672, 86.1327667236, 86.1328887939, 86.1328887939, 86.1327667236, 87.5926513672, 86.1328887939, 86.1327667236, 89.1030044556, 87.5925292969, 86.1328887939, 89.1027526855, 87.5927734375, 87.5927734375, 89.1027526855, 89.1030044556, 89.1027526855, 89.1030044556, 89.1030044556, 89.1027526855, 89.1030044556, 87.5927734375, 89.1027526855, 87.5927734375, 89.1030044556, 89.1027526855, 89.1030044556, 89.1030044556, 89.1030044556, 89.1024932861, 89.1030044556, 89.1030044556, 89.1030044556, 87.5925292969, 87.5930175781, 89.1024932861, 89.1030044556, 89.1030044556, 87.5925292969, 89.1030044556, 87.5930175781, 89.1024932861, 89.1030044556, 89.1030044556, 89.1030044556, 89.1030044556, 89.1024932861, 89.1030044556, 89.1030044556, 89.1030044556, 89.1030044556, 87.5925292969, 87.5925292969, 89.1030044556, 89.1030044556, 89.1030044556, 89.1030044556, 89.1030044556, 89.1024932861, 89.1030044556, 89.1030044556, 89.1030044556, 89.1030044556, 87.5925292969, 87.5925292969, 89.1030044556, 89.1030044556, 89.1030044556, 89.1030044556, 89.1024932861, 89.1030044556, 90.6664810181, 87.5925292969, 89.1030044556, 86.1328887939, 89.1030044556, 89.1030044556, 89.1019897461, 89.1030044556, 89.1030044556, 89.1030044556, 89.1030044556, 87.5925292969, 87.5925292969, 89.1030044556, 89.1030044556, 89.1030044556, 87.5925292969, 87.5935058594, 89.1019897461, 89.1030044556, 89.1030044556, 89.1030044556, 89.1030044556, 89.1030044556, 92.2847290039, 87.5935058594, 87.5925292969, 89.1030044556, 89.1030044556, 87.5925292969, 89.1030044556, 87.5925292969, 87.5925292969, 87.5925292969, 89.1030044556, 89.1030044556, 89.1030044556, 89.1030044556, 90.665435791, 90.6664810181, 89.1030044556, 89.1030044556, 89.1030044556, 87.5925292969, 87.5925292969, 87.5925292969, 87.5925292969, 89.1030044556, 90.6664810181, 87.5925292969, 87.5925292969, 87.5925292969, 86.1324157715, 86.133354187, 86.133354187, 86.1314697266, 87.5935058594, 87.5935058594, 87.5915527344, 87.5935058594, 86.1314697266, 86.133354187, 87.5915527344, 87.5935058594, 89.1019897461, 89.1040115356, 87.5915527344, 87.5935058594, 89.1040115356, 89.1019897461, 89.1019897461, 89.1040115356, 89.1019897461, 89.1040115356, 89.1019897461, 87.5935058594, 87.5915527344, 89.1040115356, 89.1019897461, 89.1040115356, 89.1019897461, 89.1040115356, 89.1019897461, 89.1040115356, 87.5915527344, 87.5935058594, 89.1019897461, 89.1040115356, 89.1019897461, 89.1040115356, 89.1019897461, 90.665435791, 90.6675262451, 87.5915527344, 87.5935058594, 89.1019897461, 89.1040115356, 89.1019897461, 87.5935058594, 87.5915527344, 89.1040115356, 89.1019897461, 89.1040115356, 89.1019897461, 87.5935058594, 87.5915527344, 89.1040115356, 89.1019897461, 89.1040115356, 89.1019897461, 89.1040115356, 89.1019897461, 89.1040115356, 89.1019897461, 89.1019897461, 89.1040115356, 89.1019897461, 87.5935058594, 87.5935058594, 89.1019897461, 89.1019897461, 89.1040115356, 86.133354187, 89.1019897461, 89.1040115356, 89.1019897461, 89.1019897461, 89.1040115356, 89.1019897461, 89.1040115356, 89.1019897461, 89.1040115356, 89.1019897461, 86.133354187, 87.5915527344, 90.6675262451, 90.665435791, 87.5935058594, 89.1019897461, 89.1040115356, 89.1019897461, 89.1040115356, 89.1019897461, 89.1019897461, 89.1040115356, 89.1019897461, 89.1040115356, 89.1019897461, 89.1040115356, 87.5915527344, 87.5935058594, 89.1019897461, 89.1040115356, 87.5915527344, 89.1040115356, 89.1019897461, 87.5935058594, 89.1019897461, 92.286895752, 89.1019897461, 87.5935058594, 87.5915527344, 87.5935058594, 87.5915527344, 89.1040115356, 89.1019897461, 89.1040115356, 89.1019897461, 89.1040115356, 89.1019897461, 89.1040115356, 89.1019897461, 89.1019897461, 89.1040115356, 87.5915527344, 87.5935058594, 89.1040115356, 89.1019897461, 89.1019897461, 89.1040115356, 89.1019897461, 87.5935058594, 87.5935058594, 89.1019897461, 89.1019897461, 89.1040115356, 89.1019897461, 89.1040115356, 90.665435791, 90.665435791, 87.5935058594, 87.5935058594, 89.1019897461, 89.1040115356, 89.1019897461, 87.5935058594, 87.5915527344, 89.1040115356, 89.1019897461, 89.1019897461, 89.1040115356, 90.665435791, 90.6675262451, 87.5915527344, 86.133354187, 93.9629135132, 93.9629135132, 93.9629135132, 93.9651565552]
