
metadata:
    version:
        essentia: "2.1-beta2"
    audio_properties:
        analysis_sample_rate: 44100
        bitrate: 192
        channels: 2
        equal_loudness: 1
        length: 290.429382324
        replay_gain: -13.6216316223
        downmix: "mix"
    tags:
        album: "Wishmaster"
        artist: "Nightwish"
        comment: "880C910B"
        date: "2000"
        genre: "Rock"
        title: "Wanderlust"
        tracknumber: "4"

configuration:
    average_loudness:
        compute: 1
        frameSize: 88200
        hopSize: 44100
        silentFrames: "noise"
        windowType: "hann"
    general:
        analysisSampleRate: 44100
        endTime: 2000
        equalLoudness: 1
        nequalLoudness: 0
        shortSound: 0
        startTime: 0
    lowlevel:
        compute: 1
        frameSize: 2048
        hopSize: 1024
        zeroPadding: 0
        silentFrames: "noise"
        windowType: "blackmanharris62"
        mfccStats: ["mean", "cov", "icov"]
        stats: ["mean", "var", "median", "min", "max", "dmean", "dmean2", "dvar", "dvar2"]
    panning:
        compute: 0
        frameSize: 8192
        hopSize: 2048
        zeroPadding: 8192
        silentFrames: "noise"
        windowType: "hann"
        stats: ["copy"]
    rhythm:
        compute: 1
        maxTempo: 208
        minTempo: 40
        method: "degara"
        stats: ["mean", "var", "median", "min", "max", "dmean", "dmean2", "dvar", "dvar2"]
    segmentation:
        compute: 0
        cpw: 5
        inc1: 300
        inc2: 50
        minimumSegmentsLength: 10
        size1: 1000
        size2: 600
    sfx:
        compute: 1
        stats: ["mean", "var", "median", "min", "max", "dmean", "dmean2", "dvar", "dvar2"]
    svm:
        compute: 0
    tonal:
        compute: 1
        frameSize: 4096
        hopSize: 2048
        zeroPadding: 0
        silentFrames: "noise"
        windowType: "blackmanharris62"
        stats: ["mean", "var", "median", "min", "max", "dmean", "dmean2", "dvar", "dvar2"]

lowlevel:
    average_loudness: 0.841304957867
    barkbands_kurtosis:
        dmean: 0.616476714611
        dmean2: 1.01667964458
        dvar: 0.736987173557
        dvar2: 1.76140999794
        max: 24.4855976105
        mean: -0.808383584023
        median: -1.17891979218
        min: -1.90725874901
        var: 1.64895582199
    barkbands_skewness:
        dmean: 0.390620559454
        dmean2: 0.619342803955
        dvar: 0.114113345742
        dvar2: 0.278071731329
        max: 4.08752346039
        mean: -0.38877877593
        median: -0.412860184908
        min: -4.21529960632
        var: 0.481161803007
    barkbands_spread:
        dmean: 5.63418865204
        dmean2: 9.08821964264
        dvar: 26.271446228
        dvar2: 66.4438323975
        max: 83.4463806152
        mean: 33.5674552917
        median: 33.0235214233
        min: 4.97232437134
        var: 97.9617004395
    dissonance:
        dmean: 0.013370309025
        dmean2: 0.0226591266692
        dvar: 0.000207868710277
        dvar2: 0.000579561106861
        max: 0.500000119209
        mean: 0.473507851362
        median: 0.482360303402
        min: 0.307765483856
        var: 0.000696034578141
    hfc:
        dmean: 3.02570509911
        dmean2: 4.94843959808
        dvar: 13.7845544815
        dvar2: 36.222869873
        max: 46.3660125732
        mean: 9.73276996613
        median: 8.32663059235
        min: 1.04537358661e-016
        var: 49.0555992126
    pitch:
        dmean: 945.432983398
        dmean2: 1827.48071289
        dvar: 1743547.125
        dvar2: 4134786.5
        max: 4651.90283203
        mean: 1821.13916016
        median: 798.805114746
        min: 68.8451538086
        var: 2235329
    pitch_instantaneous_confidence:
        dmean: 0.0912214145064
        dmean2: 0.148132488132
        dvar: 0.0055734179914
        dvar2: 0.0135197620839
        max: 0.959782481194
        mean: 0.474390774965
        median: 0.462812423706
        min: 0.103699564934
        var: 0.0234726667404
    pitch_salience:
        dmean: 0.0588379688561
        dmean2: 0.0955239012837
        dvar: 0.00253218389116
        dvar2: 0.00617015920579
        max: 0.943633854389
        mean: 0.613299369812
        median: 0.624114990234
        min: 0.173502117395
        var: 0.00909436028451
    silence_rate_20dB:
        dmean: 0
        dmean2: 0
        dvar: 0
        dvar2: 0
        max: 1
        mean: 1
        median: 1
        min: 1
        var: 0
    silence_rate_30dB:
        dmean: 0
        dmean2: 0
        dvar: 0
        dvar2: 0
        max: 1
        mean: 1
        median: 1
        min: 1
        var: 0
    silence_rate_60dB:
        dmean: 0.086504638195
        dmean2: 0.173023104668
        dvar: 0.0790294185281
        dvar2: 0.170265570283
        max: 1
        mean: 0.324966013432
        median: 0
        min: 0
        var: 0.219346538186
    spectral_centroid:
        dmean: 280.506378174
        dmean2: 453.776489258
        dvar: 67630.1328125
        dvar2: 163638.578125
        max: 11612.6015625
        mean: 2048.92822266
        median: 2040.29577637
        min: 292.273620605
        var: 492306.96875
    spectral_complexity:
        dmean: 3.94483542442
        dmean2: 6.31790208817
        dvar: 18.2397499084
        dvar2: 43.487323761
        max: 46
        mean: 15.2946681976
        median: 15
        min: 0
        var: 73.6108856201
    spectral_crest:
        dmean: 1.92222881317
        dmean2: 3.18288755417
        dvar: 3.06212115288
        dvar2: 8.02767181396
        max: 22.3283157349
        mean: 7.14972734451
        median: 6.53760385513
        min: 2.49789905548
        var: 7.39821195602
    spectral_decrease:
        dmean: 2.47065368164e-010
        dmean2: 3.94905774748e-010
        dvar: 8.19090204551e-020
        dvar2: 2.04393550552e-019
        max: 1.84049821984e-028
        mean: -9.7437602431e-010
        median: -9.09123720749e-010
        min: -3.49945050715e-009
        var: 3.2758957876e-019
    spectral_energy:
        dmean: 0.00118035881314
        dmean2: 0.00188945943955
        dvar: 1.90804667e-006
        dvar2: 4.82073755848e-006
        max: 0.0174132566899
        mean: 0.0045603220351
        median: 0.00419144006446
        min: 9.94648174326e-021
        var: 7.62624267736e-006
    spectral_energyband_high:
        dmean: 0.000220282177906
        dmean2: 0.000376814889023
        dvar: 1.40044519981e-007
        dvar2: 3.75742445158e-007
        max: 0.00535747874528
        mean: 0.000392369081965
        median: 0.000251753110206
        min: 6.90023080999e-021
        var: 1.96920126427e-007
    spectral_energyband_low:
        dmean: 0.000223783863476
        dmean2: 0.000379420787795
        dvar: 1.06212560524e-007
        dvar2: 2.91963061727e-007
        max: 0.0041637327522
        mean: 0.000409833504818
        median: 0.000324164982885
        min: 1.23006844293e-023
        var: 1.71141465444e-007
    spectral_energyband_middle_high:
        dmean: 0.000765244127251
        dmean2: 0.00122362945694
        dvar: 6.81391043145e-007
        dvar2: 1.74521767349e-006
        max: 0.0129437567666
        mean: 0.00274010375142
        median: 0.00236609973945
        min: 1.17595548153e-021
        var: 3.69405620404e-006
    spectral_energyband_middle_low:
        dmean: 0.00045373319881
        dmean2: 0.000722072902136
        dvar: 3.41523161751e-007
        dvar2: 8.33337708173e-007
        max: 0.00763698620722
        mean: 0.00113013468217
        median: 0.000953145499807
        min: 1.72739472502e-022
        var: 7.24115750472e-007
    spectral_flatness_db:
        dmean: 0.0142986513674
        dmean2: 0.022355215624
        dvar: 0.000155814792379
        dvar2: 0.000360812497092
        max: 0.376765698195
        mean: 0.156327858567
        median: 0.136253640056
        min: 0.0615400634706
        var: 0.00376647524536
    spectral_flux:
        dmean: 0.00819273199886
        dmean2: 0.0128541635349
        dvar: 6.82905811118e-005
        dvar2: 0.000154583933181
        max: 0.103273898363
        mean: 0.0401776917279
        median: 0.0392940454185
        min: 6.40184155687e-011
        var: 0.000301440799376
    spectral_kurtosis:
        dmean: 1.05525171757
        dmean2: 1.81314265728
        dvar: 1.41796970367
        dvar2: 4.3655834198
        max: 17.0313911438
        mean: 3.83941841125
        median: 3.34169602394
        min: -1.24723231792
        var: 4.61582422256
    spectral_rms:
        dmean: 0.000258329935605
        dmean2: 0.000406597595429
        dvar: 7.06924865312e-008
        dvar2: 1.70906588437e-007
        max: 0.00412171613425
        mean: 0.00198505097069
        median: 0.00202217930928
        min: 3.11510582954e-012
        var: 5.08657137743e-007
    spectral_rolloff:
        dmean: 262.112518311
        dmean2: 440.889892578
        dvar: 155509.828125
        dvar2: 357340.5625
        max: 19789.0136719
        mean: 3562.12109375
        median: 3466.84570313
        min: 150.732421875
        var: 1021384.8125
    spectral_skewness:
        dmean: 0.15328116715
        dmean2: 0.258953630924
        dvar: 0.0211111325771
        dvar2: 0.0603931806982
        max: 2.8073861599
        mean: 1.3310046196
        median: 1.29168450832
        min: -0.0515937246382
        var: 0.0915226489305
    spectral_spread:
        dmean: 421917.09375
        dmean2: 629785.1875
        dvar: 363308777472
        dvar2: 640120717312
        max: 42770612
        mean: 4684550
        median: 4504506.5
        min: 1957460.5
        var: 6.02866922291e+012
    spectral_strongpeak:
        dmean: 0.795302271843
        dmean2: 1.37289190292
        dvar: 1.12403345108
        dvar2: 2.95227050781
        max: 10.3060350418
        mean: 1.11588954926
        median: 0.507570981979
        min: 2.76579231739e-010
        var: 1.9645563364
    zerocrossingrate:
        dmean: 0.0076208258979
        dmean2: 0.00962066743523
        dvar: 5.7233577536e-005
        dvar2: 8.33420417621e-005
        max: 0.5244140625
        mean: 0.112301528454
        median: 0.1123046875
        min: 0.01806640625
        var: 0.000902123982087
    barkbands:
        dmean: [5.10029792622e-007, 0.000100456054497, 0.000115888280561, 0.00012756716751, 0.000135652167955, 8.77101119841e-005, 0.000143224839121, 0.00011035251373, 9.61895420915e-005, 7.58457754273e-005, 5.62926070415e-005, 8.12351427157e-005, 4.47683451057e-005, 5.47547715541e-005, 5.8476216509e-005, 7.85564843682e-005, 0.000167004473042, 0.000267407129286, 0.000394963251892, 0.000195425978745, 0.000107846630272, 3.17124286084e-005, 8.94386812433e-006, 2.868313004e-006, 1.60401873472e-006, 4.8945448583e-008, 5.09173869734e-010]
        dmean2: [8.32520527183e-007, 0.000174255517777, 0.000196216336917, 0.00021128768276, 0.000227633034228, 0.000139633106301, 0.000229180892347, 0.000176761066541, 0.000154182489496, 0.000119813448691, 9.10095550353e-005, 0.000133689754875, 7.08107327227e-005, 8.90578958206e-005, 9.51071924646e-005, 0.00012631235586, 0.000273732061032, 0.000438861519797, 0.00065299263224, 0.00033094844548, 0.000186798264622, 5.36171792191e-005, 1.53053715621e-005, 4.40707026428e-006, 2.4958535505e-006, 7.57480478342e-008, 8.13988154658e-010]
        dvar: [7.05385131815e-013, 2.68636544121e-008, 3.19653850056e-008, 4.89368154888e-008, 7.67418271153e-008, 2.94574178383e-008, 8.36938056636e-008, 6.06341856724e-008, 2.60885197889e-008, 2.05292529643e-008, 1.16479368373e-008, 2.66270525628e-008, 1.23524221962e-008, 1.31887354371e-008, 2.0457010308e-008, 2.64471591294e-008, 5.41481846028e-008, 1.26686742874e-007, 2.65666642463e-007, 9.08926409693e-008, 3.59880338863e-008, 2.804297905e-009, 2.91491025761e-010, 3.74524682101e-011, 1.55473481311e-011, 1.0767059309e-014, 5.27318696612e-019]
        dvar2: [1.62129044998e-012, 7.38797041322e-008, 8.87672371164e-008, 1.29488029188e-007, 2.03753728556e-007, 7.10489942435e-008, 1.98662363005e-007, 1.46057445249e-007, 6.25753528993e-008, 4.63281288887e-008, 2.8096726723e-008, 6.84730423473e-008, 2.6721297175e-008, 3.34072396413e-008, 4.63229525849e-008, 6.29528287277e-008, 1.38381679449e-007, 3.20866661241e-007, 7.08598577148e-007, 2.40106857063e-007, 9.8141157423e-008, 7.25247417677e-009, 7.49414696966e-010, 7.16027168113e-011, 2.96690207124e-011, 2.41003878909e-014, 1.18099895116e-018]
        max: [7.98484143161e-006, 0.00156778562814, 0.00282561476342, 0.00364659330808, 0.00301998411305, 0.00446218857542, 0.00607150793076, 0.00645950296894, 0.00330639397725, 0.00309872021899, 0.00258079869673, 0.00302349287085, 0.00336969457567, 0.00280817877501, 0.00393325416371, 0.00354927754961, 0.00416913116351, 0.00669088959694, 0.00815126951784, 0.00504602119327, 0.00245297676884, 0.000623279483989, 0.000367910804925, 0.000185358905583, 0.000135920548928, 2.70318332696e-006, 9.38421695906e-009]
        mean: [4.45370858415e-007, 0.000136581467814, 0.000190089005628, 0.000165541438037, 0.000186343648238, 0.000160670664627, 0.000233962957282, 0.000183857337106, 0.000162821408594, 0.000132238201331, 9.06495697564e-005, 0.000139306983328, 7.96700987848e-005, 9.46767904679e-005, 8.84218825377e-005, 0.000140033545904, 0.000353250448825, 0.000544593203813, 0.000880334351677, 0.000339093239745, 0.000177799360245, 5.6348140788e-005, 1.4227975953e-005, 6.31576040178e-006, 2.96106009046e-006, 9.07767017111e-008, 8.02356292517e-010]
        median: [7.52283071392e-008, 8.25682654977e-005, 0.000130494969198, 6.76921190461e-005, 9.39434685279e-005, 7.01097669662e-005, 8.65824549692e-005, 5.50446020497e-005, 7.79492111178e-005, 5.16284308105e-005, 3.92082692997e-005, 5.55690239707e-005, 3.97672956751e-005, 5.28177370143e-005, 4.17310002376e-005, 8.9479588496e-005, 0.000267033756245, 0.000400638382416, 0.000596998608671, 0.000208434998058, 0.000113923742902, 3.25670662278e-005, 7.32822309146e-006, 3.10963173433e-006, 1.28178703562e-006, 4.34678639749e-008, 3.66802338503e-010]
        min: [3.78815567289e-026, 3.92278913378e-024, 2.04869839491e-024, 8.87069847794e-025, 3.72506430333e-024, 9.40904536144e-024, 6.46620409324e-024, 6.85260591399e-024, 1.81822483229e-023, 1.56880957548e-023, 2.04611444158e-023, 1.71462593842e-023, 4.07421035344e-023, 3.80249037008e-023, 4.95521746992e-023, 5.13969858794e-023, 6.12931670494e-023, 6.51725830328e-023, 1.30300194683e-022, 1.80561173527e-022, 2.37918328557e-022, 3.3494524116e-022, 3.54440935001e-022, 6.50048547961e-022, 9.75572694698e-022, 1.34697658779e-021, 1.94356545846e-021]
        var: [6.8315931254e-013, 2.90288539873e-008, 5.20019689532e-008, 7.12377854484e-008, 8.19471708269e-008, 6.8621893945e-008, 1.70806700339e-007, 1.36538147899e-007, 5.91576281295e-008, 5.48729346406e-008, 2.40004016661e-008, 5.87103237137e-008, 2.83639547405e-008, 2.36315838009e-008, 3.61423140305e-008, 4.99991799074e-008, 1.33247041845e-007, 2.86014767426e-007, 8.23250729809e-007, 1.59547283829e-007, 4.46169963197e-008, 4.48469261727e-009, 4.04867389614e-010, 1.23658402962e-010, 4.4093260293e-011, 2.17764970959e-014, 1.26984342223e-018]
    frequency_bands:
        dmean: [5.10029792622e-007, 0.000100456054497, 0.000115888280561, 0.00012756716751, 0.000135652167955, 8.77101119841e-005, 0.000143224839121, 0.00011035251373, 9.61895420915e-005, 7.58457754273e-005, 5.62926070415e-005, 8.12351427157e-005, 4.47683451057e-005, 5.47547715541e-005, 5.8476216509e-005, 7.85564843682e-005, 0.000167004473042, 0.000267407129286, 0.000394963251892, 0.000195425978745, 0.000107846630272, 3.17124286084e-005, 8.94386812433e-006, 2.868313004e-006, 1.60401873472e-006, 4.8945448583e-008, 5.09173869734e-010, 5.38067056188e-011]
        dmean2: [8.32520527183e-007, 0.000174255517777, 0.000196216336917, 0.00021128768276, 0.000227633034228, 0.000139633106301, 0.000229180892347, 0.000176761066541, 0.000154182489496, 0.000119813448691, 9.10095550353e-005, 0.000133689754875, 7.08107327227e-005, 8.90578958206e-005, 9.51071924646e-005, 0.00012631235586, 0.000273732061032, 0.000438861519797, 0.00065299263224, 0.00033094844548, 0.000186798264622, 5.36171792191e-005, 1.53053715621e-005, 4.40707026428e-006, 2.4958535505e-006, 7.57480478342e-008, 8.13988154658e-010, 1.00349444032e-010]
        dvar: [7.05385131815e-013, 2.68636544121e-008, 3.19653850056e-008, 4.89368154888e-008, 7.67418271153e-008, 2.94574178383e-008, 8.36938056636e-008, 6.06341856724e-008, 2.60885197889e-008, 2.05292529643e-008, 1.16479368373e-008, 2.66270525628e-008, 1.23524221962e-008, 1.31887354371e-008, 2.0457010308e-008, 2.64471591294e-008, 5.41481846028e-008, 1.26686742874e-007, 2.65666642463e-007, 9.08926409693e-008, 3.59880338863e-008, 2.804297905e-009, 2.91491025761e-010, 3.74524682101e-011, 1.55473481311e-011, 1.0767059309e-014, 5.27318696612e-019, 6.71466770297e-021]
        dvar2: [1.62129044998e-012, 7.38797041322e-008, 8.87672371164e-008, 1.29488029188e-007, 2.03753728556e-007, 7.10489942435e-008, 1.98662363005e-007, 1.46057445249e-007, 6.25753528993e-008, 4.63281288887e-008, 2.8096726723e-008, 6.84730423473e-008, 2.6721297175e-008, 3.34072396413e-008, 4.63229525849e-008, 6.29528287277e-008, 1.38381679449e-007, 3.20866661241e-007, 7.08598577148e-007, 2.40106857063e-007, 9.8141157423e-008, 7.25247417677e-009, 7.49414696966e-010, 7.16027168113e-011, 2.96690207124e-011, 2.41003878909e-014, 1.18099895116e-018, 2.15803117697e-020]
        max: [7.98484143161e-006, 0.00156778562814, 0.00282561476342, 0.00364659330808, 0.00301998411305, 0.00446218857542, 0.00607150793076, 0.00645950296894, 0.00330639397725, 0.00309872021899, 0.00258079869673, 0.00302349287085, 0.00336969457567, 0.00280817877501, 0.00393325416371, 0.00354927754961, 0.00416913116351, 0.00669088959694, 0.00815126951784, 0.00504602119327, 0.00245297676884, 0.000623279483989, 0.000367910804925, 0.000185358905583, 0.000135920548928, 2.70318332696e-006, 9.38421695906e-009, 1.16085496771e-009]
        mean: [4.45370858415e-007, 0.000136581467814, 0.000190089005628, 0.000165541438037, 0.000186343648238, 0.000160670664627, 0.000233962957282, 0.000183857337106, 0.000162821408594, 0.000132238201331, 9.06495697564e-005, 0.000139306983328, 7.96700987848e-005, 9.46767904679e-005, 8.84218825377e-005, 0.000140033545904, 0.000353250448825, 0.000544593203813, 0.000880334351677, 0.000339093239745, 0.000177799360245, 5.6348140788e-005, 1.4227975953e-005, 6.31576040178e-006, 2.96106009046e-006, 9.07767017111e-008, 8.02356292517e-010, 4.10666327333e-011]
        median: [7.52283071392e-008, 8.25682654977e-005, 0.000130494969198, 6.76921190461e-005, 9.39434685279e-005, 7.01097669662e-005, 8.65824549692e-005, 5.50446020497e-005, 7.79492111178e-005, 5.16284308105e-005, 3.92082692997e-005, 5.55690239707e-005, 3.97672956751e-005, 5.28177370143e-005, 4.17310002376e-005, 8.9479588496e-005, 0.000267033756245, 0.000400638382416, 0.000596998608671, 0.000208434998058, 0.000113923742902, 3.25670662278e-005, 7.32822309146e-006, 3.10963173433e-006, 1.28178703562e-006, 4.34678639749e-008, 3.66802338503e-010, 1.42274655598e-011]
        min: [3.78815567289e-026, 3.92278913378e-024, 2.04869839491e-024, 8.87069847794e-025, 3.72506430333e-024, 9.40904536144e-024, 6.46620409324e-024, 6.85260591399e-024, 1.81822483229e-023, 1.56880957548e-023, 2.04611444158e-023, 1.71462593842e-023, 4.07421035344e-023, 3.80249037008e-023, 4.95521746992e-023, 5.13969858794e-023, 6.12931670494e-023, 6.51725830328e-023, 1.30300194683e-022, 1.80561173527e-022, 2.37918328557e-022, 3.3494524116e-022, 3.54440935001e-022, 6.50048547961e-022, 9.75572694698e-022, 1.34697658779e-021, 1.94356545846e-021, 5.03004067434e-022]
        var: [6.8315931254e-013, 2.90288539873e-008, 5.20019689532e-008, 7.12377854484e-008, 8.19471708269e-008, 6.8621893945e-008, 1.70806700339e-007, 1.36538147899e-007, 5.91576281295e-008, 5.48729346406e-008, 2.40004016661e-008, 5.87103237137e-008, 2.83639547405e-008, 2.36315838009e-008, 3.61423140305e-008, 4.99991799074e-008, 1.33247041845e-007, 2.86014767426e-007, 8.23250729809e-007, 1.59547283829e-007, 4.46169963197e-008, 4.48469261727e-009, 4.04867389614e-010, 1.23658402962e-010, 4.4093260293e-011, 2.17764970959e-014, 1.26984342223e-018, 5.09772549537e-021]
    mfcc:
        mean: [-717.823425293, 90.9583969116, -50.9552078247, 48.1041717529, -18.38123703, -16.0776844025, 4.57917165756, 4.47310113907, -8.32433223724, -4.4268989563, 5.18951463699, -0.487830102444, -3.42970848083]
        cov: [[8507.03125, 159.035644531, 334.079803467, 1671.65686035, 992.115112305, 1279.6685791, -36.7598190308, 130.327438354, 814.24230957, 150.903259277, -119.055892944, 123.680015564, -154.540435791], [159.035644531, 619.505493164, -272.124053955, 31.1294193268, -123.495010376, -142.959274292, 58.2480163574, 37.2925109863, -90.1401519775, -42.4643363953, 51.3730659485, 4.03179740906, -7.68524217606], [334.079803467, -272.124053955, 478.140991211, 167.248077393, 282.938446045, 296.351654053, -8.73406887054, 19.3182220459, 191.536178589, 42.7408943176, -34.8170700073, 25.8093166351, -11.8026123047], [1671.65686035, 31.1294193268, 167.248077393, 600.598266602, 429.928161621, 451.231292725, -11.6878108978, 35.3911132813, 310.871063232, 43.7676124573, -53.123714447, 39.6516494751, -56.6586303711], [992.115112305, -123.495010376, 282.938446045, 429.928161621, 562.684814453, 471.679443359, -14.8937005997, 25.0981941223, 331.073303223, 51.776058197, -57.523815155, 37.5443191528, -60.8305282593], [1279.6685791, -142.959274292, 296.351654053, 451.231292725, 471.679443359, 564.670349121, 27.1333312988, 46.0895576477, 352.979766846, 58.2653656006, -48.0525245667, 42.693447113, -66.5914154053], [-36.7598190308, 58.2480163574, -8.73406887054, -11.6878108978, -14.8937005997, 27.1333312988, 102.745040894, 55.2642822266, 6.32237291336, -0.971843659878, 22.0469341278, 4.71406936646, -1.1394957304], [130.327438354, 37.2925109863, 19.3182220459, 35.3911132813, 25.0981941223, 46.0895576477, 55.2642822266, 94.0163269043, 46.0043907166, 19.4201145172, 15.50760746, 3.91589474678, 2.85156846046], [814.24230957, -90.1401519775, 191.536178589, 310.871063232, 331.073303223, 352.979766846, 6.32237291336, 46.0043907166, 309.461883545, 60.1954956055, -30.7461776733, 26.6120586395, -58.2305335999], [150.903259277, -42.4643363953, 42.7408943176, 43.7676124573, 51.776058197, 58.2653656006, -0.971843659878, 19.4201145172, 60.1954956055, 91.2900619507, 36.3574981689, 21.3148403168, 8.42807674408], [-119.055892944, 51.3730659485, -34.8170700073, -53.123714447, -57.523815155, -48.0525245667, 22.0469341278, 15.50760746, -30.7461776733, 36.3574981689, 89.686050415, 35.0220108032, 12.334403038], [123.680015564, 4.03179740906, 25.8093166351, 39.6516494751, 37.5443191528, 42.693447113, 4.71406936646, 3.91589474678, 26.6120586395, 21.3148403168, 35.0220108032, 69.5027313232, 25.3742752075], [-154.540435791, -7.68524217606, -11.8026123047, -56.6586303711, -60.8305282593, -66.5914154053, -1.1394957304, 2.85156846046, -58.2305335999, 8.42807674408, 12.334403038, 25.3742752075, 88.3698730469]]
        icov: [[0.000292950455332, -3.09392344207e-005, 8.94755430636e-005, -0.000805863935966, 0.000395666371332, -0.000476903835079, 0.000328747351887, -0.000250120036071, 0.000197550456505, -0.000164757890161, 9.72418274614e-005, -0.000132832996314, 0.000100642108009], [-3.09392344207e-005, 0.00298834871501, 0.00121404032689, -0.00161678914446, -0.000307180860545, 0.00148913275916, -0.00144646503031, -0.000746994628571, 0.000251430494245, 0.00151049403939, -0.00169165607076, -0.000164058888913, 0.000552301062271], [8.94755430636e-005, 0.00121404032689, 0.00422935700044, 0.000532141013537, -0.000945161737036, -0.00178068969399, 0.000596496625803, -0.000869336596224, -6.58328353893e-005, 0.000253879436059, -0.000116210489068, -0.000199179266929, -0.000782787334174], [-0.000805863935966, -0.00161678914446, 0.000532141013537, 0.00854329764843, -0.00229924544692, -0.00274438364431, 0.00190892745741, -0.000135753260111, -0.00163471489213, 3.08923954435e-005, 0.00149796355981, -0.000606725981925, -0.000738012953661], [0.000395666371332, -0.000307180860545, -0.000945161737036, -0.00229924544692, 0.00811276305467, -0.00389376166277, 0.0020249907393, 0.000129209816805, -0.00219468702562, -0.000223646493396, 0.00125430221669, -0.00104110885877, 0.000436158035882], [-0.000476903835079, 0.00148913275916, -0.00178068969399, -0.00274438364431, -0.00389376166277, 0.0134057421237, -0.00649365596473, 0.0022546518594, -0.00538067286834, 0.000312548916554, 0.000575069338083, -0.00165952101815, 0.00138412520755], [0.000328747351887, -0.00144646503031, 0.000596496625803, 0.00190892745741, 0.0020249907393, -0.00649365596473, 0.0190647058189, -0.0103744128719, 0.00201960117556, 0.00279068574309, -0.00298000406474, 0.000147941362229, 0.000272013276117], [-0.000250120036071, -0.000746994628571, -0.000869336596224, -0.000135753260111, 0.000129209816805, 0.0022546518594, -0.0103744128719, 0.0196746811271, -0.00530346529558, -0.00150520983152, -0.00212198938243, 0.00401191692799, -0.00389312626794], [0.000197550456505, 0.000251430494245, -6.58328353893e-005, -0.00163471489213, -0.00219468702562, -0.00538067286834, 0.00201960117556, -0.00530346529558, 0.0166023913771, -0.00577860837802, 0.00381081807427, -0.0034082615748, 0.00588011136279], [-0.000164757890161, 0.00151049403939, 0.000253879436059, 3.08923954435e-005, -0.000223646493396, 0.000312548916554, 0.00279068574309, -0.00150520983152, -0.00577860837802, 0.020385466516, -0.012487356551, 0.00403471570462, -0.00510447006673], [9.72418274614e-005, -0.00169165607076, -0.000116210489068, 0.00149796355981, 0.00125430221669, 0.000575069338083, -0.00298000406474, -0.00212198938243, 0.00381081807427, -0.012487356551, 0.0266443621367, -0.0150614148006, 0.00660245819017], [-0.000132832996314, -0.000164058888913, -0.000199179266929, -0.000606725981925, -0.00104110885877, -0.00165952101815, 0.000147941362229, 0.00401191692799, -0.0034082615748, 0.00403471570462, -0.0150614148006, 0.028213666752, -0.0113865314052], [0.000100642108009, 0.000552301062271, -0.000782787334174, -0.000738012953661, 0.000436158035882, 0.00138412520755, 0.000272013276117, -0.00389312626794, 0.00588011136279, -0.00510447006673, 0.00660245819017, -0.0113865314052, 0.0191441792995]]
    sccoeffs:
        dmean: [0.0497255697846, 0.0476070903242, 0.0380143858492, 0.0298182740808, 0.0234916787595, 0.0157317016274]
        dmean2: [0.082872711122, 0.077612362802, 0.0628805160522, 0.0495053380728, 0.038148958236, 0.0260312054306]
        dvar: [0.001648280886, 0.00146581453737, 0.000877097190823, 0.000566527363844, 0.000357298005838, 0.000199634276214]
        dvar2: [0.00458995904773, 0.00377406016923, 0.00235469150357, 0.00147743569687, 0.000901149818674, 0.000518122047652]
        max: [-0.336878508329, -0.421743154526, -0.468857347965, -0.5423822999, -0.572062671185, -0.638047456741]
        mean: [-0.667081356049, -0.734368681908, -0.763279020786, -0.783151984215, -0.757900953293, -0.762017726898]
        median: [-0.670415580273, -0.736963510513, -0.773728728294, -0.790346503258, -0.76191753149, -0.757095873356]
        min: [-0.981275439262, -0.974974930286, -0.975499212742, -0.971754193306, -0.967992901802, -0.965731322765]
        var: [0.00595440622419, 0.00572575489059, 0.0048990631476, 0.00248411530629, 0.00215230067261, 0.00164339272305]
    scvalleys:
        dmean: [0.403304815292, 0.336997836828, 0.279538720846, 0.266507357359, 0.247882798314, 0.255749821663]
        dmean2: [0.649441957474, 0.562450289726, 0.45680129528, 0.425622165203, 0.385557770729, 0.391639083624]
        dvar: [0.12235737592, 0.0945815742016, 0.0699642673135, 0.0667827799916, 0.075971648097, 0.112100951374]
        dvar2: [0.282523870468, 0.22145332396, 0.145524665713, 0.134885981679, 0.145976573229, 0.227954313159]
        max: [-5.19821834564, -4.9008641243, -5.6568479538, -5.85577344894, -5.54256725311, -7.43237495422]
        mean: [-7.57707118988, -6.89331865311, -7.20505905151, -7.59795570374, -7.16949558258, -9.72899246216]
        median: [-6.83789396286, -6.65774774551, -6.95720767975, -7.14195203781, -6.78724718094, -9.34356307983]
        min: [-28.1818580627, -27.8563957214, -27.6522598267, -27.583782196, -27.5456829071, -27.4301872253]
        var: [5.40147304535, 2.42879104614, 2.33648324013, 2.98800945282, 2.8209438324, 2.82131481171]

rhythm:
    beats_loudness:
        dmean: 0.00156952394173
        dmean2: 0.00272885011509
        dvar: 1.56755845637e-006
        dvar2: 5.10645759277e-006
        max: 0.0129094170406
        mean: 0.0054425848648
        median: 0.00576133839786
        min: 7.25844961935e-014
        var: 7.49198761696e-006
    bpm: 129.072433472
    bpm_confidence: 0
    first_peak_bpm: 129
    first_peak_spread: 0.224586248398
    first_peak_weight: 0.538587868214
    onset_rate: 3.33643937111
    second_peak_bpm: 120
    second_peak_spread: 0.555555582047
    second_peak_weight: 0.0656814426184
    beats_loudness_band_ratio:
        dmean: [0.083348505199, 0.0676418840885, 0.0773179456592, 0.0583879500628, 0.099578410387, 0.0963497832417]
        dmean2: [0.147814840078, 0.121506616473, 0.131692171097, 0.0989802777767, 0.17247480154, 0.161451712251]
        dvar: [0.00683885160834, 0.00432711467147, 0.00785197410733, 0.00449739815667, 0.00723310234025, 0.006185318809]
        dvar2: [0.0206711981446, 0.0128790978342, 0.0219974871725, 0.0115985888988, 0.0202382672578, 0.0175525285304]
        max: [0.600436508656, 0.581222832203, 0.768489956856, 0.64510601759, 0.639398813248, 0.620474219322]
        mean: [0.148262068629, 0.0922642722726, 0.144138991833, 0.10823559016, 0.252442985773, 0.282915085554]
        median: [0.138496130705, 0.0666649788618, 0.0910031348467, 0.0757862478495, 0.236122876406, 0.27473166585]
        min: [0, 0, 0, 0, 0, 0]
        var: [0.0126286111772, 0.0062808599323, 0.0171698406339, 0.0079705119133, 0.0137288402766, 0.0113741401583]
    beats_position: [0.49922901392, 0.99845802784, 1.49768710136, 2.00852608681, 2.49614500999, 2.96054410934, 3.42494320869, 3.87773227692, 4.34213161469, 4.80653047562, 5.27092981339, 5.73532867432, 6.19972801208, 6.66412687302, 7.12852573395, 7.59292507172, 8.05732440948, 8.52172279358, 8.98612213135, 9.45052146912, 9.91492080688, 10.379319191, 10.8437185287, 11.3081178665, 11.7609071732, 12.2253055573, 12.689704895, 13.1541042328, 13.6301136017, 14.0945119858, 14.5589113235, 15.0233106613, 15.4877090454, 15.9521083832, 16.4165077209, 16.8809070587, 17.3453063965, 17.8213157654, 18.2741031647, 18.7385025024, 19.2145118713, 19.6905212402, 20.1781406403, 20.6773700714, 21.1765975952, 21.6758270264, 22.1866664886, 22.6742858887, 23.1502952576, 23.614692688, 24.0790920258, 24.5434913635, 25.0078907013, 25.4722900391, 25.9366893768, 26.4010887146, 26.865486145, 27.3298854828, 27.7942848206, 28.2586841583, 28.7230834961, 29.1874828339, 29.6518821716, 30.1162815094, 30.5806789398, 31.0450782776, 31.5094776154, 31.9854869843, 32.4614944458, 32.9258956909, 33.3902931213, 33.8546943665, 34.3307037354, 34.818321228, 35.3059387207, 35.8051681519, 36.304397583, 36.8152389526, 37.3144645691, 37.8020858765, 38.2664833069, 38.730884552, 39.1952819824, 39.6596832275, 40.124080658, 40.5884780884, 41.0528793335, 41.5404968262, 41.9932861328, 42.4460754395, 42.9104766846, 43.374874115, 43.8392753601, 44.3152809143, 44.8029022217, 45.2905197144, 45.7897491455, 46.2773704529, 46.7765960693, 47.2758255005, 47.7634468079, 48.2394561768, 48.7154655457, 49.1914749146, 49.6674804688, 50.1434898376, 50.5962791443, 51.0606803894, 51.5250778198, 51.9894790649, 52.4538764954, 52.9182739258, 53.3826751709, 53.8470726013, 54.3114738464, 54.7758712769, 55.240272522, 55.7046699524, 56.157459259, 56.6334686279, 57.0978660583, 57.5738754272, 58.0382766724, 58.491065979, 58.9554634094, 59.4198646545, 59.884262085, 60.3486595154, 60.8130607605, 61.2774581909, 61.741859436, 62.2062568665, 62.6706581116, 63.135055542, 63.5994529724, 64.0638504028, 64.5398635864, 65.0042648315, 65.4686584473, 65.9446716309, 66.409072876, 66.8734664917, 67.3378677368, 67.8022689819, 68.2666625977, 68.7310638428, 69.1954650879, 69.6482543945, 70.1242599487, 70.5886611938, 71.053062439, 71.5406799316, 72.0399093628, 72.5391387939, 73.0267562866, 73.5143737793, 74.0136032104, 74.5128326416, 75.0004501343, 75.488067627, 75.9524688721, 76.4168701172, 76.8928756714, 77.345664978, 77.8100662231, 78.2744674683, 78.738861084, 79.2032623291, 79.6676635742, 80.1320648193, 80.5964584351, 81.0608596802, 81.5252609253, 81.9896621704, 82.4540557861, 82.9184570313, 83.3828582764, 83.8472518921, 84.3116531372, 84.7760543823, 85.2404556274, 85.7048492432, 86.1692504883, 86.6336517334, 87.0980453491, 87.5624465942, 88.0268478394, 88.4912490845, 88.9556427002, 89.4200439453, 89.8844451904, 90.3488388062, 90.8132400513, 91.2892532349, 91.7652587891, 92.2180480957, 92.6708374023, 93.1352386475, 93.6228561401, 94.0988616943, 94.5864868164, 95.0973205566, 95.5965499878, 96.0957794189, 96.5950088501, 97.0826263428, 97.5586395264, 98.0346450806, 98.4990463257, 98.9518356323, 99.4162368774, 99.8806304932, 100.356643677, 100.821044922, 101.285438538, 101.749839783, 102.214241028, 102.678634644, 103.143035889, 103.607437134, 104.071838379, 104.536231995, 105.00063324, 105.465034485, 105.929428101, 106.393829346, 106.858230591, 107.322631836, 107.787025452, 108.251426697, 108.715827942, 109.180221558, 109.644622803, 110.097412109, 110.550201416, 110.979774475, 111.409339905, 111.838912964, 112.268478394, 112.709655762, 113.15083313, 113.603622437, 114.068023682, 114.532424927, 114.985214233, 115.449615479, 115.925621033, 116.390022278, 116.854415894, 117.318817139, 117.794830322, 118.259223938, 118.735237122, 119.199638367, 119.675643921, 120.140045166, 120.604438782, 121.068840027, 121.54485321, 122.032470703, 122.520088196, 123.019317627, 123.518547058, 124.017776489, 124.528617859, 124.993011475, 125.45741272, 125.921813965, 126.386207581, 126.873832703, 127.338226318, 127.791015625, 128.243804932, 128.708206177, 129.172607422, 129.637008667, 130.101409912, 130.565795898, 131.030197144, 131.506210327, 131.982223511, 132.446624756, 132.899414063, 133.363800049, 133.816589355, 134.280990601, 134.768615723, 135.233016968, 135.697418213, 136.15020752, 136.614593506, 137.078994751, 137.543395996, 138.007797241, 138.483810425, 138.94821167, 139.412597656, 139.876998901, 140.341400146, 140.805801392, 141.270202637, 141.734603882, 142.199005127, 142.663391113, 143.127792358, 143.592193604, 144.056594849, 144.520996094, 144.985397339, 145.449798584, 145.914199829, 146.378585815, 146.842987061, 147.307388306, 147.771789551, 148.259414673, 148.770248413, 149.269470215, 149.780319214, 150.279541016, 150.778778076, 151.266387939, 151.754013062, 152.230026245, 152.694412231, 153.158813477, 153.623214722, 154.087615967, 154.552017212, 155.016418457, 155.480819702, 155.945205688, 156.409606934, 156.874008179, 157.338409424, 157.802810669, 158.267211914, 158.731613159, 159.184402466, 159.637191772, 160.101577759, 160.565979004, 161.030380249, 161.494781494, 161.959182739, 162.423583984, 162.876373291, 163.329162598, 163.805160522, 164.281173706, 164.745574951, 165.221588135, 165.68598938, 166.150375366, 166.614776611, 167.067565918, 167.531967163, 168.007980347, 168.472381592, 168.936782837, 169.401168823, 169.865570068, 170.329971313, 170.805984497, 171.270385742, 171.734786987, 172.210784912, 172.663574219, 173.127975464, 173.592376709, 174.056777954, 174.509567261, 174.973968506, 175.449981689, 175.914367676, 176.378768921, 176.843170166, 177.307571411, 177.760360718, 178.224761963, 178.700775146, 179.165161133, 179.641174316, 180.105575562, 180.581588745, 181.04598999, 181.510375977, 181.974777222, 182.439178467, 182.903579712, 183.367980957, 183.832382202, 184.296783447, 184.772781372, 185.272018433, 185.771240234, 186.258865356, 186.758087158, 187.257324219, 187.756546021, 188.244171143, 188.708572388, 189.172973633, 189.637359619, 190.101760864, 190.566162109, 191.030563354, 191.4949646, 191.982574463, 192.446975708, 192.911376953, 193.36416626, 193.840179443, 194.304580688, 194.768981934, 195.23336792, 195.697769165, 196.16217041, 196.626571655, 197.0909729, 197.555374146, 198.019775391, 198.484161377, 198.948562622, 199.412963867, 199.877365112, 200.341766357, 200.806167603, 201.270568848, 201.734954834, 202.199356079, 202.663757324, 203.128158569, 203.592559814, 204.05696106, 204.521362305, 204.985748291, 205.450149536, 205.914550781, 206.378952026, 206.843353271, 207.307754517, 207.772155762, 208.236557007, 208.700942993, 209.165344238, 209.629745483, 210.105758667, 210.581771851, 211.046157837, 211.510559082, 211.974960327, 212.439361572, 212.903762817, 213.368164063, 213.832565308, 214.308563232, 214.807800293, 215.318634033, 215.817871094, 216.317092896, 216.827926636, 217.303939819, 217.779953003, 218.244354248, 218.708755493, 219.173141479, 219.649154663, 220.10194397, 220.566345215, 221.03074646, 221.506759644, 221.95954895, 222.423934937, 222.876724243, 223.352737427, 223.817138672, 224.281539917, 224.745941162, 225.210342407, 225.674728394, 226.139129639, 226.603530884, 227.067932129, 227.532333374, 227.996734619, 228.461135864, 228.925521851, 229.389923096, 229.854324341, 230.330337524, 230.79473877, 231.270736694, 231.828018188, 232.373687744, 232.9193573, 233.557907104, 234.196456909, 234.962722778, 235.728973389, 236.518447876, 237.307937622, 238.109024048, 238.910110474, 239.629928589, 240.326522827, 241.023132324, 241.719726563, 242.416320801, 243.101318359, 243.809524536, 244.506118774, 245.202713013, 245.887710571, 246.58430481, 247.164810181, 247.733688354, 248.314193726, 248.894683838, 249.475189209, 250.05569458, 250.624572754, 251.147018433, 251.657867432, 252.168701172, 252.702758789, 253.236816406, 253.759277344, 254.293334961, 254.827392578, 255.361450195, 255.860671997, 256.359893799, 256.859130859, 257.35836792, 257.85760498, 258.356811523, 258.902496338, 259.448150635, 259.993835449, 260.539489746, 261.085174561, 261.630828857, 262.176513672, 262.733795166, 263.221405029, 263.709014893, 264.196624756, 264.695861816, 265.195098877, 265.68270874, 266.170349121, 266.657958984, 267.145568848, 267.633178711, 268.120819092, 268.608428955, 269.061218262, 269.514007568, 269.966796875, 270.419586182, 270.883972168, 271.348388672, 271.812774658, 272.230743408, 272.648712158, 273.066650391, 273.484619141, 273.890960693, 274.308929443, 274.726898193, 275.110015869, 275.493133545, 275.876281738, 276.259399414, 276.654144287, 277.04888916, 277.443634033, 277.838348389, 278.233093262, 278.616241455, 278.999359131, 279.382476807, 279.765625, 280.148742676, 280.520263672, 280.903381348, 281.298126221, 281.692871094, 282.087615967, 282.459136963, 282.819030762, 283.190551758, 283.562072754, 283.956817627, 284.339935303, 284.723083496, 285.117828369, 285.489349365, 285.860870361, 286.23236084, 286.603881836, 286.963806152, 287.323699951, 287.683624268, 288.055145264, 288.42666626, 288.798187256, 289.169708252, 289.541229248]
