
metadata:
    version:
        essentia: "2.1-beta2"
    audio_properties:
        analysis_sample_rate: 44100
        bitrate: 320
        channels: 2
        equal_loudness: 1
        length: 549.903686523
        replay_gain: -14.0778369904
        downmix: "mix"
    tags:
        album: "Stone's Reach"
        artist: "Be'lakor"
        comment: " "
        date: "2009"
        genre: "Death Metal"
        title: "Sun's Delusion"
        tracknumber: "4"

configuration:
    average_loudness:
        compute: 1
        frameSize: 88200
        hopSize: 44100
        silentFrames: "noise"
        windowType: "hann"
    general:
        analysisSampleRate: 44100
        endTime: 2000
        equalLoudness: 1
        nequalLoudness: 0
        shortSound: 0
        startTime: 0
    lowlevel:
        compute: 1
        frameSize: 2048
        hopSize: 1024
        zeroPadding: 0
        silentFrames: "noise"
        windowType: "blackmanharris62"
        mfccStats: ["mean", "cov", "icov"]
        stats: ["mean", "var", "median", "min", "max", "dmean", "dmean2", "dvar", "dvar2"]
    panning:
        compute: 0
        frameSize: 8192
        hopSize: 2048
        zeroPadding: 8192
        silentFrames: "noise"
        windowType: "hann"
        stats: ["copy"]
    rhythm:
        compute: 1
        maxTempo: 208
        minTempo: 40
        method: "degara"
        stats: ["mean", "var", "median", "min", "max", "dmean", "dmean2", "dvar", "dvar2"]
    segmentation:
        compute: 0
        cpw: 5
        inc1: 300
        inc2: 50
        minimumSegmentsLength: 10
        size1: 1000
        size2: 600
    sfx:
        compute: 1
        stats: ["mean", "var", "median", "min", "max", "dmean", "dmean2", "dvar", "dvar2"]
    svm:
        compute: 0
    tonal:
        compute: 1
        frameSize: 4096
        hopSize: 2048
        zeroPadding: 0
        silentFrames: "noise"
        windowType: "blackmanharris62"
        stats: ["mean", "var", "median", "min", "max", "dmean", "dmean2", "dvar", "dvar2"]

lowlevel:
    average_loudness: 0.895942747593
    barkbands_kurtosis:
        dmean: 1.44128978252
        dmean2: 2.10324501991
        dvar: 31.1873950958
        dvar2: 52.4185562134
        max: 864.766418457
        mean: 2.21894359589
        median: -1.16926193237
        min: -1.85563910007
        var: 299.738342285
    barkbands_skewness:
        dmean: 0.427159547806
        dmean2: 0.651620030403
        dvar: 0.201564416289
        dvar2: 0.438594162464
        max: 13.2342596054
        mean: 0.407392859459
        median: 0.0601012259722
        min: -3.4801940918
        var: 1.75608956814
    barkbands_spread:
        dmean: 4.84190225601
        dmean2: 7.68213605881
        dvar: 30.20611763
        dvar2: 71.8837814331
        max: 100.476013184
        mean: 30.8416233063
        median: 35.3029708862
        min: 0.0493410490453
        var: 205.72644043
    dissonance:
        dmean: 0.0132218608633
        dmean2: 0.022196425125
        dvar: 0.000336396042258
        dvar2: 0.000893781834748
        max: 0.500000178814
        mean: 0.463538259268
        median: 0.482667267323
        min: 0.117786340415
        var: 0.002736807568
    hfc:
        dmean: 1.88783931732
        dmean2: 3.079246521
        dvar: 5.04439592361
        dvar2: 12.8209056854
        max: 42.8535919189
        mean: 8.41315555573
        median: 8.44184494019
        min: 1.11173246381e-016
        var: 36.2192306519
    pitch:
        dmean: 800.210021973
        dmean2: 1551.95031738
        dvar: 1650039.625
        dvar2: 4001218.5
        max: 4613.24365234
        mean: 1285.47265625
        median: 261.571624756
        min: 43.0243911743
        var: 2187460.75
    pitch_instantaneous_confidence:
        dmean: 0.0741978362203
        dmean2: 0.117379292846
        dvar: 0.00452123722062
        dvar2: 0.0103997774422
        max: 0.948389708996
        mean: 0.408059149981
        median: 0.380372524261
        min: 0.0693875551224
        var: 0.0219308324158
    pitch_salience:
        dmean: 0.0566737316549
        dmean2: 0.0919494628906
        dvar: 0.00285701523535
        dvar2: 0.00717487186193
        max: 0.898258447647
        mean: 0.650032699108
        median: 0.672748208046
        min: 0.0297992844135
        var: 0.0108270896599
    silence_rate_20dB:
        dmean: 0
        dmean2: 0
        dvar: 0
        dvar2: 0
        max: 1
        mean: 1
        median: 1
        min: 1
        var: 0
    silence_rate_30dB:
        dmean: 0
        dmean2: 0
        dvar: 0
        dvar2: 0
        max: 1
        mean: 1
        median: 1
        min: 1
        var: 0
    silence_rate_60dB:
        dmean: 0.0494025237858
        dmean2: 0.0988092198968
        dvar: 0.0469624809921
        dvar2: 0.105263359845
        max: 1
        mean: 0.257768958807
        median: 0
        min: 0
        var: 0.191330075264
    spectral_centroid:
        dmean: 235.983215332
        dmean2: 380.472137451
        dvar: 75229.5
        dvar2: 182331.5625
        max: 11024.7138672
        mean: 1475.94445801
        median: 1633.83398438
        min: 89.7111206055
        var: 525827.9375
    spectral_complexity:
        dmean: 3.07545495033
        dmean2: 4.98598098755
        dvar: 10.7184000015
        dvar2: 25.7503528595
        max: 47
        mean: 16.7543067932
        median: 18
        min: 0
        var: 101.87171936
    spectral_crest:
        dmean: 1.9529684782
        dmean2: 3.17237019539
        dvar: 4.78914117813
        dvar2: 11.8640241623
        max: 26.5335788727
        mean: 7.88651037216
        median: 6.28151512146
        min: 2.30151724815
        var: 19.0764217377
    spectral_decrease:
        dmean: 2.8485072634e-010
        dmean2: 4.77465067483e-010
        dvar: 2.09244499556e-019
        dvar2: 5.83861299467e-019
        max: -9.42739397585e-029
        mean: -1.11847153761e-009
        median: -1.13556575254e-009
        min: -4.92063279012e-009
        var: 4.28986308825e-019
    spectral_energy:
        dmean: 0.00119947525673
        dmean2: 0.00200624810532
        dvar: 3.42875250681e-006
        dvar2: 9.51091715251e-006
        max: 0.0208679195493
        mean: 0.00498444586992
        median: 0.00511311553419
        min: 1.04395500508e-020
        var: 8.4983985289e-006
    spectral_energyband_high:
        dmean: 0.000142565433634
        dmean2: 0.000239694534685
        dvar: 4.24827355516e-008
        dvar2: 1.07832704543e-007
        max: 0.00435978034511
        mean: 0.000378283264581
        median: 0.000344093306921
        min: 7.43842812073e-021
        var: 1.22667472624e-007
    spectral_energyband_low:
        dmean: 0.000344778934959
        dmean2: 0.000587093876675
        dvar: 2.56152503653e-007
        dvar2: 6.87377394115e-007
        max: 0.00617077527568
        mean: 0.000520048139151
        median: 0.000337361881975
        min: 2.92063412374e-023
        var: 3.23361263099e-007
    spectral_energyband_middle_high:
        dmean: 0.000503716466483
        dmean2: 0.000808016397059
        dvar: 3.15955560382e-007
        dvar2: 8.02525562449e-007
        max: 0.010333744809
        mean: 0.00225091632456
        median: 0.00222366210073
        min: 1.7643162679e-021
        var: 2.80815561382e-006
    spectral_energyband_middle_low:
        dmean: 0.000823763664812
        dmean2: 0.00137607881334
        dvar: 2.44527495852e-006
        dvar2: 6.8801573434e-006
        max: 0.0163304619491
        mean: 0.00200077937916
        median: 0.0016391268
        min: 3.67058064672e-022
        var: 2.67865743808e-006
    spectral_flatness_db:
        dmean: 0.0150577230379
        dmean2: 0.0236110519618
        dvar: 0.000259384309174
        dvar2: 0.000582060485613
        max: 0.588083863258
        mean: 0.177447110415
        median: 0.141600295901
        min: 0.0617854967713
        var: 0.00777243310586
    spectral_flux:
        dmean: 0.00748716155067
        dmean2: 0.0115048084408
        dvar: 9.08595466171e-005
        dvar2: 0.000169049832039
        max: 0.114522218704
        mean: 0.0374305993319
        median: 0.0397202447057
        min: 1.0217411639e-010
        var: 0.000380977347959
    spectral_kurtosis:
        dmean: 3.64172911644
        dmean2: 6.10785961151
        dvar: 81.9157333374
        dvar2: 221.80871582
        max: 208.410812378
        mean: 12.2970790863
        median: 3.12859368324
        min: -1.28871834278
        var: 665.785522461
    spectral_rms:
        dmean: 0.000244317518082
        dmean2: 0.000397630850784
        dvar: 1.02388355572e-007
        dvar2: 2.7616002285e-007
        max: 0.00451208883896
        mean: 0.00207788147964
        median: 0.00223347358406
        min: 3.1913833555e-012
        var: 5.45299428723e-007
    spectral_rolloff:
        dmean: 309.582702637
        dmean2: 509.425079346
        dvar: 247751.125
        dvar2: 526570.5625
        max: 18389.3554688
        mean: 2751.98803711
        median: 3316.11328125
        min: 107.666015625
        var: 1623662.25
    spectral_skewness:
        dmean: 0.277414858341
        dmean2: 0.458624094725
        dvar: 0.226174235344
        dvar2: 0.609022021294
        max: 11.9531497955
        mean: 1.95105278492
        median: 1.23866772652
        min: -0.0449605211616
        var: 3.58589935303
    spectral_spread:
        dmean: 409714.9375
        dmean2: 646206.625
        dvar: 337455448064
        dvar2: 628694777856
        max: 50108400
        mean: 3992514.5
        median: 4179808.5
        min: 465928.59375
        var: 2.18564368794e+012
    spectral_strongpeak:
        dmean: 0.48664945364
        dmean2: 0.857304930687
        dvar: 0.710522592068
        dvar2: 1.84952247143
        max: 12.4681186676
        mean: 0.597629547119
        median: 0.248570203781
        min: 0
        var: 0.816222131252
    zerocrossingrate:
        dmean: 0.0070269163698
        dmean2: 0.00855071563274
        dvar: 6.40119615127e-005
        dvar2: 7.66963712522e-005
        max: 0.48583984375
        mean: 0.085083194077
        median: 0.09716796875
        min: 0.00341796875
        var: 0.00139310536906
    barkbands:
        dmean: [3.79765225489e-007, 9.00689556147e-005, 0.000221255264478, 0.000172537256731, 0.000549311051145, 0.000172141822986, 0.000121725533972, 7.51752450014e-005, 8.5820138338e-005, 5.51681041543e-005, 3.9992875827e-005, 3.62511818821e-005, 2.94276615023e-005, 2.15612908505e-005, 4.04155725846e-005, 0.000108905194793, 0.000220145419007, 0.000169427818037, 0.000228580465773, 0.000116661874927, 6.30850190646e-005, 3.15230427077e-005, 5.33690263183e-006, 2.11741507883e-006, 9.18721184462e-007, 2.1489100277e-008, 2.79853529239e-010]
        dmean2: [6.07133983976e-007, 0.00016102239897, 0.000377921620384, 0.000285353278741, 0.00093401025515, 0.000272961333394, 0.000187280922546, 0.000124785365188, 0.000137322742376, 8.99720034795e-005, 6.55079929857e-005, 5.96837853664e-005, 4.89319500048e-005, 3.61754391633e-005, 6.72317619319e-005, 0.000181179741048, 0.000361165439244, 0.000282174791209, 0.000378980475944, 0.000196992623387, 0.000105013561551, 5.56133527425e-005, 8.82352196641e-006, 3.47583045368e-006, 1.53446501372e-006, 3.33580061351e-008, 4.78263650905e-010]
        dvar: [3.02996695659e-013, 2.94749877838e-008, 1.1389580834e-007, 6.84897116798e-008, 1.55805696522e-006, 6.2186522598e-008, 4.3960689311e-008, 2.33694432694e-008, 2.21655032107e-008, 9.6599626076e-009, 8.82094575161e-009, 7.41936867499e-009, 3.23643889466e-009, 1.37330002925e-009, 2.56471577309e-009, 1.87908639759e-008, 8.67517684355e-008, 4.76129180527e-008, 8.33447089121e-008, 2.26082637056e-008, 7.66565033672e-009, 4.44698233792e-009, 1.22784962753e-010, 2.75251488269e-011, 4.07358044865e-012, 4.31285586874e-015, 2.6030735397e-019]
        dvar2: [7.94207690065e-013, 8.14348837253e-008, 3.04329148548e-007, 1.76891020942e-007, 4.33103696196e-006, 1.68926078459e-007, 1.08664060861e-007, 6.39909742972e-008, 5.80879948586e-008, 2.65335948768e-008, 2.35072903365e-008, 2.02647232328e-008, 8.74503669479e-009, 3.6607363807e-009, 6.87889389894e-009, 5.04664612322e-008, 2.24321880182e-007, 1.30245851437e-007, 2.23366726004e-007, 6.12943722444e-008, 1.97361398335e-008, 1.09902096312e-008, 3.0525168504e-010, 6.74266684153e-011, 9.45236423855e-012, 9.40739524583e-015, 6.06608714614e-019]
        max: [6.39213294562e-006, 0.00175331300125, 0.00459906086326, 0.00401278724894, 0.0129928616807, 0.00561494985595, 0.00651421397924, 0.00293943076394, 0.00473067024723, 0.00196955539286, 0.00227684830315, 0.00311774620786, 0.00147249619476, 0.000865284877364, 0.000913432217203, 0.00205089501105, 0.00610873382539, 0.00378187955357, 0.00461924728006, 0.00273575657047, 0.00232693273574, 0.00179418118205, 0.000455884146504, 0.000303890410578, 6.45870677545e-005, 3.61174852515e-006, 3.49516433573e-008]
        mean: [5.91511081893e-007, 9.12722680368e-005, 0.000285215268377, 0.000283283152385, 0.000814087863546, 0.000355233001756, 0.000238378488575, 0.000123014950077, 0.000158127848408, 9.88159226836e-005, 6.67044369038e-005, 6.40213911538e-005, 4.91677456012e-005, 3.63878825738e-005, 8.36487379274e-005, 0.000233051963733, 0.000501552189235, 0.000393625115976, 0.000583464920055, 0.00029864301905, 0.000163561824593, 4.50795450888e-005, 1.1381234799e-005, 4.43969793196e-006, 1.64007826697e-006, 4.04355411376e-008, 3.90611959444e-010]
        median: [3.29301968804e-007, 3.945849312e-005, 0.000154825655045, 0.000173444219399, 0.000438949064119, 0.000242166308453, 0.000129615800688, 6.26965193078e-005, 8.14519808046e-005, 5.74156510993e-005, 2.96576581604e-005, 3.43411193171e-005, 2.86248105112e-005, 2.55262948485e-005, 7.02163524693e-005, 0.000195762288058, 0.000400459190132, 0.000318730366416, 0.000509502657223, 0.000263518770225, 0.000148130246089, 2.75839720416e-005, 6.31818238617e-006, 2.54263682109e-006, 8.72731561685e-007, 1.79718959714e-008, 1.9271316487e-010]
        min: [1.19936353103e-023, 1.13663686172e-023, 5.77755889413e-024, 1.86695983071e-024, 5.98678026787e-023, 5.71871712812e-023, 3.16608819439e-023, 8.64223501178e-023, 9.07613627756e-023, 1.03490270881e-022, 5.16517027549e-023, 1.25670994808e-022, 6.61532633558e-023, 1.60348512408e-022, 1.34863874927e-022, 1.2300700522e-022, 1.58649167179e-022, 1.67090168191e-022, 2.39715972166e-022, 3.84054722896e-022, 4.39385931659e-022, 5.52143058879e-022, 5.65472056631e-022, 7.99878502655e-022, 1.21981705663e-021, 1.48456271441e-021, 2.29710358318e-021]
        var: [5.20657410415e-013, 2.15416768867e-008, 1.37545455914e-007, 1.21441857459e-007, 1.49242168845e-006, 1.49139708583e-007, 1.05663517047e-007, 3.6179581997e-008, 4.59416504839e-008, 1.85902155891e-008, 1.65675615449e-008, 1.33370798849e-008, 6.17680528947e-009, 1.8979775529e-009, 5.75906033973e-009, 4.58517703805e-008, 2.44027489771e-007, 1.37658815902e-007, 2.71606495517e-007, 7.35004306307e-008, 2.27779626272e-008, 6.37799679737e-009, 2.90138801873e-010, 5.06500050235e-011, 8.09405840962e-012, 8.08185559898e-015, 4.44024452361e-019]
    frequency_bands:
        dmean: [3.79765225489e-007, 9.00689556147e-005, 0.000221255264478, 0.000172537256731, 0.000549311051145, 0.000172141822986, 0.000121725533972, 7.51752450014e-005, 8.5820138338e-005, 5.51681041543e-005, 3.9992875827e-005, 3.62511818821e-005, 2.94276615023e-005, 2.15612908505e-005, 4.04155725846e-005, 0.000108905194793, 0.000220145419007, 0.000169427818037, 0.000228580465773, 0.000116661874927, 6.30850190646e-005, 3.15230427077e-005, 5.33690263183e-006, 2.11741507883e-006, 9.18721184462e-007, 2.1489100277e-008, 2.79853529239e-010, 5.63911001228e-011]
        dmean2: [6.07133983976e-007, 0.00016102239897, 0.000377921620384, 0.000285353278741, 0.00093401025515, 0.000272961333394, 0.000187280922546, 0.000124785365188, 0.000137322742376, 8.99720034795e-005, 6.55079929857e-005, 5.96837853664e-005, 4.89319500048e-005, 3.61754391633e-005, 6.72317619319e-005, 0.000181179741048, 0.000361165439244, 0.000282174791209, 0.000378980475944, 0.000196992623387, 0.000105013561551, 5.56133527425e-005, 8.82352196641e-006, 3.47583045368e-006, 1.53446501372e-006, 3.33580061351e-008, 4.78263650905e-010, 1.04411104762e-010]
        dvar: [3.02996695659e-013, 2.94749877838e-008, 1.1389580834e-007, 6.84897116798e-008, 1.55805696522e-006, 6.2186522598e-008, 4.3960689311e-008, 2.33694432694e-008, 2.21655032107e-008, 9.6599626076e-009, 8.82094575161e-009, 7.41936867499e-009, 3.23643889466e-009, 1.37330002925e-009, 2.56471577309e-009, 1.87908639759e-008, 8.67517684355e-008, 4.76129180527e-008, 8.33447089121e-008, 2.26082637056e-008, 7.66565033672e-009, 4.44698233792e-009, 1.22784962753e-010, 2.75251488269e-011, 4.07358044865e-012, 4.31285586874e-015, 2.6030735397e-019, 6.75692782732e-021]
        dvar2: [7.94207690065e-013, 8.14348837253e-008, 3.04329148548e-007, 1.76891020942e-007, 4.33103696196e-006, 1.68926078459e-007, 1.08664060861e-007, 6.39909742972e-008, 5.80879948586e-008, 2.65335948768e-008, 2.35072903365e-008, 2.02647232328e-008, 8.74503669479e-009, 3.6607363807e-009, 6.87889389894e-009, 5.04664612322e-008, 2.24321880182e-007, 1.30245851437e-007, 2.23366726004e-007, 6.12943722444e-008, 1.97361398335e-008, 1.09902096312e-008, 3.0525168504e-010, 6.74266684153e-011, 9.45236423855e-012, 9.40739524583e-015, 6.06608714614e-019, 2.12489936227e-020]
        max: [6.39213294562e-006, 0.00175331300125, 0.00459906086326, 0.00401278724894, 0.0129928616807, 0.00561494985595, 0.00651421397924, 0.00293943076394, 0.00473067024723, 0.00196955539286, 0.00227684830315, 0.00311774620786, 0.00147249619476, 0.000865284877364, 0.000913432217203, 0.00205089501105, 0.00610873382539, 0.00378187955357, 0.00461924728006, 0.00273575657047, 0.00232693273574, 0.00179418118205, 0.000455884146504, 0.000303890410578, 6.45870677545e-005, 3.61174852515e-006, 3.49516433573e-008, 1.35602340467e-009]
        mean: [5.91511081893e-007, 9.12722680368e-005, 0.000285215268377, 0.000283283152385, 0.000814087863546, 0.000355233001756, 0.000238378488575, 0.000123014950077, 0.000158127848408, 9.88159226836e-005, 6.67044369038e-005, 6.40213911538e-005, 4.91677456012e-005, 3.63878825738e-005, 8.36487379274e-005, 0.000233051963733, 0.000501552189235, 0.000393625115976, 0.000583464920055, 0.00029864301905, 0.000163561824593, 4.50795450888e-005, 1.1381234799e-005, 4.43969793196e-006, 1.64007826697e-006, 4.04355411376e-008, 3.90611959444e-010, 4.4277269351e-011]
        median: [3.29301968804e-007, 3.945849312e-005, 0.000154825655045, 0.000173444219399, 0.000438949064119, 0.000242166308453, 0.000129615800688, 6.26965193078e-005, 8.14519808046e-005, 5.74156510993e-005, 2.96576581604e-005, 3.43411193171e-005, 2.86248105112e-005, 2.55262948485e-005, 7.02163524693e-005, 0.000195762288058, 0.000400459190132, 0.000318730366416, 0.000509502657223, 0.000263518770225, 0.000148130246089, 2.75839720416e-005, 6.31818238617e-006, 2.54263682109e-006, 8.72731561685e-007, 1.79718959714e-008, 1.9271316487e-010, 1.53238637057e-011]
        min: [1.19936353103e-023, 1.13663686172e-023, 5.77755889413e-024, 1.86695983071e-024, 5.98678026787e-023, 5.71871712812e-023, 3.16608819439e-023, 8.64223501178e-023, 9.07613627756e-023, 1.03490270881e-022, 5.16517027549e-023, 1.25670994808e-022, 6.61532633558e-023, 1.60348512408e-022, 1.34863874927e-022, 1.2300700522e-022, 1.58649167179e-022, 1.67090168191e-022, 2.39715972166e-022, 3.84054722896e-022, 4.39385931659e-022, 5.52143058879e-022, 5.65472056631e-022, 7.99878502655e-022, 1.21981705663e-021, 1.48456271441e-021, 2.29710358318e-021, 6.7940992561e-022]
        var: [5.20657410415e-013, 2.15416768867e-008, 1.37545455914e-007, 1.21441857459e-007, 1.49242168845e-006, 1.49139708583e-007, 1.05663517047e-007, 3.6179581997e-008, 4.59416504839e-008, 1.85902155891e-008, 1.65675615449e-008, 1.33370798849e-008, 6.17680528947e-009, 1.8979775529e-009, 5.75906033973e-009, 4.58517703805e-008, 2.44027489771e-007, 1.37658815902e-007, 2.71606495517e-007, 7.35004306307e-008, 2.27779626272e-008, 6.37799679737e-009, 2.90138801873e-010, 5.06500050235e-011, 8.09405840962e-012, 8.08185559898e-015, 4.44024452361e-019, 5.56635481633e-021]
    mfcc:
        mean: [-726.45880127, 114.250465393, -32.0169563293, 57.5058937073, -7.65069389343, -12.1581277847, -6.16127109528, -1.51504182816, -4.80033540726, -9.21386623383, -10.1629123688, -4.04672908783, -5.26909542084]
        cov: [[11295.765625, -2311.81665039, -3147.23706055, 1601.54174805, -639.57598877, -34.8918457031, -55.7839736938, 386.430480957, 474.23651123, 90.7814178467, -71.7767868042, 99.9632720947, 86.2629852295], [-2311.81665039, 1400.70544434, 509.533660889, -505.409454346, 36.3802108765, -144.84866333, -21.2450942993, -180.062805176, -172.380966187, -62.4436607361, 29.5209884644, -18.4390335083, -29.2711906433], [-3147.23706055, 509.533660889, 1364.45910645, -489.878448486, 204.636383057, 68.0382003784, 15.4750785828, -58.5288543701, -125.729942322, -9.303565979, 27.9631004333, -33.377281189, -22.3690776825], [1601.54174805, -505.409454346, -489.878448486, 605.817749023, -23.520072937, 73.4948730469, 18.3063926697, 84.5661849976, 141.187591553, 27.6761398315, -14.7696418762, 14.746547699, 11.1339168549], [-639.57598877, 36.3802108765, 204.636383057, -23.520072937, 173.584274292, 63.3418121338, 38.1635093689, -1.16269600391, -16.7500705719, 8.93056678772, -4.60491371155, -0.466789990664, -3.43310117722], [-34.8918457031, -144.84866333, 68.0382003784, 73.4948730469, 63.3418121338, 152.411483765, 58.7172012329, 35.8188476563, 28.7333908081, 7.16325139999, -1.04063796997, -0.933534383774, 0.729812383652], [-55.7839736938, -21.2450942993, 15.4750785828, 18.3063926697, 38.1635093689, 58.7172012329, 83.1325302124, 33.4457321167, 19.9289779663, 9.04151153564, 3.05550599098, 5.6708984375, 5.99016046524], [386.430480957, -180.062805176, -58.5288543701, 84.5661849976, -1.16269600391, 35.8188476563, 33.4457321167, 99.5337600708, 63.9208297729, 22.5200252533, -2.47737264633, 7.80458402634, 12.7689523697], [474.23651123, -172.380966187, -125.729942322, 141.187591553, -16.7500705719, 28.7333908081, 19.9289779663, 63.9208297729, 105.91519928, 31.4568386078, 3.0373506546, 9.62080192566, 10.430513382], [90.7814178467, -62.4436607361, -9.303565979, 27.6761398315, 8.93056678772, 7.16325139999, 9.04151153564, 22.5200252533, 31.4568386078, 57.2766113281, 20.7138881683, 3.28235602379, 4.39332056046], [-71.7767868042, 29.5209884644, 27.9631004333, -14.7696418762, -4.60491371155, -1.04063796997, 3.05550599098, -2.47737264633, 3.0373506546, 20.7138881683, 57.6059951782, 19.8921165466, 7.58953332901], [99.9632720947, -18.4390335083, -33.377281189, 14.746547699, -0.466789990664, -0.933534383774, 5.6708984375, 7.80458402634, 9.62080192566, 3.28235602379, 19.8921165466, 58.8329620361, 31.2281780243], [86.2629852295, -29.2711906433, -22.3690776825, 11.1339168549, -3.43310117722, 0.729812383652, 5.99016046524, 12.7689523697, 10.430513382, 4.39332056046, 7.58953332901, 31.2281780243, 49.439365387]]
        icov: [[0.000424659927376, 0.000263199908659, 0.000659854034893, -0.00028853843105, 0.000696204428095, -8.0391051597e-005, 0.000279413332464, -0.000715329195373, 0.000273911980912, -0.000191938350326, 0.000135640162625, -0.000234996259678, 6.57164273434e-005], [0.000263199908659, 0.0015586722875, 0.000147572078276, 0.000405005586799, 0.000239154076553, 0.00130108522717, -0.00115515803918, 0.00132519868203, -0.000174373417394, 0.000872140284628, -0.000628206355032, 3.00064439216e-005, 0.000271022348898], [0.000659854034893, 0.000147572078276, 0.00250079133548, 0.000589550298173, -0.000297932012472, -0.00125104072504, 0.0014895707136, -0.00174129591323, 0.000587805116083, -0.00023615937971, -0.000597854901571, 0.000420212687459, -7.48725578887e-005], [-0.00028853843105, 0.000405005586799, 0.000589550298173, 0.00391506450251, -0.00144782394636, -0.00111820863094, 0.000699574186001, 0.00105021346826, -0.00358508829959, 0.000970109424088, -0.000244059454417, 0.000208932469832, 0.000263914669631], [0.000696204428095, 0.000239154076553, -0.000297932012472, -0.00144782394636, 0.0104508483782, -0.00254948111251, -0.00229606893845, -0.00029892398743, 0.00297056813724, -0.0038114504423, 0.0033861186821, -0.00259594270028, 0.00106872804463], [-8.0391051597e-005, 0.00130108522717, -0.00125104072504, -0.00111820863094, -0.00254948111251, 0.0127294613048, -0.00743574323133, 0.000894192024134, -0.00142129359301, 0.00267909187824, -0.00135052879341, 0.0012231337605, 0.000397932104534], [0.000279413332464, -0.00115515803918, 0.0014895707136, 0.000699574186001, -0.00229606893845, -0.00743574323133, 0.0207930225879, -0.0069317878224, 1.22199628549e-006, -0.000699986645486, -0.000734394125175, -0.00065066863317, -0.00084804778453], [-0.000715329195373, 0.00132519868203, -0.00174129591323, 0.00105021346826, -0.00029892398743, 0.000894192024134, -0.0069317878224, 0.022364763543, -0.0101821925491, -0.000921344966628, 0.00190639507491, 0.000360005156836, -0.00225197477266], [0.000273911980912, -0.000174373417394, 0.000587805116083, -0.00358508829959, 0.00297056813724, -0.00142129359301, 1.22199628549e-006, -0.0101821925491, 0.0228981506079, -0.00801940634847, 0.00125532434322, -0.00172588531859, 0.000128188956296], [-0.000191938350326, 0.000872140284628, -0.00023615937971, 0.000970109424088, -0.0038114504423, 0.00267909187824, -0.000699986645486, -0.000921344966628, -0.00801940634847, 0.0273303966969, -0.0114776790142, 0.00490193162113, -0.00152658810839], [0.000135640162625, -0.000628206355032, -0.000597854901571, -0.000244059454417, 0.0033861186821, -0.00135052879341, -0.000734394125175, 0.00190639507491, 0.00125532434322, -0.0114776790142, 0.0257975216955, -0.0104583781213, 0.00242839264683], [-0.000234996259678, 3.00064439216e-005, 0.000420212687459, 0.000208932469832, -0.00259594270028, 0.0012231337605, -0.00065066863317, 0.000360005156836, -0.00172588531859, 0.00490193162113, -0.0104583781213, 0.0303074084222, -0.017251143232], [6.57164273434e-005, 0.000271022348898, -7.48725578887e-005, 0.000263914669631, 0.00106872804463, 0.000397932104534, -0.00084804778453, -0.00225197477266, 0.000128188956296, -0.00152658810839, 0.00242839264683, -0.017251143232, 0.0315644443035]]
    sccoeffs:
        dmean: [0.0516609176993, 0.0429578982294, 0.0337118394673, 0.0268941838294, 0.0198644436896, 0.0163415782154]
        dmean2: [0.0857483148575, 0.0707243084908, 0.0554967075586, 0.0445501059294, 0.0327278263867, 0.025972597301]
        dvar: [0.002199040493, 0.00124727911316, 0.000730108295102, 0.000460872252006, 0.000293086864986, 0.000229193305131]
        dvar2: [0.0060653872788, 0.00345166446641, 0.00196764245629, 0.00123142590746, 0.000728431739844, 0.000524304341525]
        max: [-0.293759047985, -0.372373223305, -0.518766820431, -0.588300704956, -0.50721269846, -0.572590112686]
        mean: [-0.631096541882, -0.737930119038, -0.790436804295, -0.799263119698, -0.790994524956, -0.758593022823]
        median: [-0.638557672501, -0.743561983109, -0.793671131134, -0.799672842026, -0.7883913517, -0.747987985611]
        min: [-0.957395613194, -0.966070890427, -0.968435943127, -0.987425804138, -0.978858828545, -0.961832106113]
        var: [0.00616756919771, 0.00445016799495, 0.00239294511266, 0.00190439284779, 0.0019316514954, 0.00277959974483]
    scvalleys:
        dmean: [0.346235603094, 0.333874434233, 0.279136478901, 0.242701888084, 0.215069770813, 0.283023059368]
        dmean2: [0.565522551537, 0.547307729721, 0.448733180761, 0.384093314409, 0.325157433748, 0.438784897327]
        dvar: [0.0976341888309, 0.106515109539, 0.0661226585507, 0.0613418705761, 0.0680985450745, 0.141207888722]
        dvar2: [0.230855584145, 0.256835699081, 0.141420722008, 0.118350304663, 0.122068352997, 0.306199550629]
        max: [-5.10604763031, -4.60748434067, -4.83802366257, -5.67539167404, -5.52604103088, -7.38349151611]
        mean: [-6.8043346405, -6.59739255905, -7.18042135239, -7.60107898712, -7.34629535675, -10.1518278122]
        median: [-6.55068778992, -6.44849395752, -6.90505456924, -7.10458230972, -6.5834236145, -9.45258903503]
        min: [-27.1022834778, -26.9662876129, -27.1834545135, -27.3825511932, -27.1698646545, -27.2956542969]
        var: [0.976151049137, 0.859851181507, 1.28437590599, 1.90006804466, 3.11052036285, 2.93934631348]

rhythm:
    beats_loudness:
        dmean: 0.00133971381001
        dmean2: 0.00236760405824
        dvar: 1.26966540392e-006
        dvar2: 3.75596664526e-006
        max: 0.0137284295633
        mean: 0.00544875580817
        median: 0.00577243603766
        min: 5.36805885076e-007
        var: 6.00654811933e-006
    bpm: 150.929199219
    bpm_confidence: 0
    first_peak_bpm: 152
    first_peak_spread: 0.270341187716
    first_peak_weight: 0.229752063751
    onset_rate: 2.77684998512
    second_peak_bpm: 115
    second_peak_spread: 0.461832046509
    second_peak_weight: 0.11652892828
    beats_loudness_band_ratio:
        dmean: [0.110988624394, 0.140115708113, 0.0664801448584, 0.0358467772603, 0.0851734504104, 0.0646639689803]
        dmean2: [0.198109269142, 0.251234173775, 0.115303792059, 0.0639126300812, 0.151608899236, 0.113191336393]
        dvar: [0.0125197637826, 0.0160309001803, 0.00502835260704, 0.00193062459584, 0.00593169266358, 0.00405947491527]
        dvar2: [0.0384122356772, 0.0485518798232, 0.0137176895514, 0.00560780288652, 0.0188035536557, 0.0121186533943]
        max: [0.987806260586, 0.971146225929, 0.939875245094, 0.563812792301, 0.637477993965, 0.628596067429]
        mean: [0.179401516914, 0.249620124698, 0.123474791646, 0.0630309656262, 0.245602548122, 0.182299569249]
        median: [0.139425054193, 0.190934732556, 0.0953626483679, 0.0520765148103, 0.25790822506, 0.192200273275]
        min: [0.0035907139536, 0.00301754800603, 0.000959729484748, 4.74472617498e-005, 1.81497434824e-005, 1.38184313982e-005]
        var: [0.0215953476727, 0.0357929654419, 0.0104685006663, 0.00253134453669, 0.0179368238896, 0.0107987085357]
